rep,year,week,sero,rate,im_sero,barrier,total_pop,n_infected,n_symptomatic,actual_sero
1.0,1.0,1.0,0.1,0.1,0.4,3.0,5043.0,53.0,5.0,0.09934562760261749
1.0,1.0,2.0,0.1,0.1,0.4,3.0,5014.0,59.0,25.0,0.10111687275628241
1.0,1.0,3.0,0.1,0.1,0.4,3.0,4917.0,81.0,36.0,0.09863738051657515
1.0,1.0,4.0,0.1,0.1,0.4,3.0,4812.0,100.0,36.0,0.09850374064837905
1.0,1.0,5.0,0.1,0.1,0.4,3.0,4727.0,104.0,38.0,0.09964036386714618
1.0,1.0,6.0,0.1,0.1,0.4,3.0,4479.0,125.0,44.0,0.10113864701942397
1.0,1.0,7.0,0.1,0.1,0.4,3.0,4320.0,156.0,64.0,0.10069444444444445
1.0,1.0,8.0,0.1,0.1,0.4,3.0,4168.0,186.0,65.0,0.1005278310940499
1.0,1.0,9.0,0.1,0.1,0.4,3.0,3957.0,208.0,78.0,0.10108668182966894
1.0,1.0,10.0,0.1,0.1,0.4,3.0,3734.0,215.0,69.0,0.10257096946973755
1.0,1.0,11.0,0.1,0.1,0.4,3.0,3544.0,229.0,83.0,0.1012979683972912
1.0,1.0,12.0,0.1,0.1,0.4,3.0,3401.0,233.0,95.0,0.1023228462216995
1.0,1.0,13.0,0.1,0.1,0.4,3.0,3251.0,242.0,101.0,0.10366041218086743
1.0,1.0,14.0,0.1,0.1,0.4,3.0,3120.0,251.0,116.0,0.10512820512820513
1.0,1.0,15.0,0.1,0.1,0.4,3.0,3004.0,252.0,119.0,0.10719041278295606
1.0,1.0,16.0,0.1,0.1,0.4,3.0,2900.0,265.0,132.0,0.10793103448275862
1.0,1.0,17.0,0.1,0.1,0.4,3.0,2820.0,258.0,121.0,0.11028368794326242
1.0,1.0,18.0,0.1,0.1,0.4,3.0,2706.0,251.0,118.0,0.11123429416112343
1.0,1.0,19.0,0.1,0.1,0.4,3.0,2616.0,247.0,123.0,0.11353211009174312
1.0,1.0,20.0,0.1,0.1,0.4,3.0,7225.0,241.0,125.0,0.04069204152249135
1.0,1.0,21.0,0.1,0.1,0.4,3.0,6639.0,352.0,119.0,0.040970025606266
1.0,1.0,22.0,0.1,0.1,0.4,3.0,5984.0,444.0,119.0,0.0427807486631016
1.0,1.0,23.0,0.1,0.1,0.4,3.0,5491.0,470.0,160.0,0.04461846658167911
1.0,1.0,24.0,0.1,0.1,0.4,3.0,5091.0,514.0,183.0,0.045570614810449814
1.0,1.0,25.0,0.1,0.1,0.4,3.0,4627.0,544.0,214.0,0.04754700669980549
1.0,1.0,26.0,0.1,0.1,0.4,3.0,4234.0,524.0,213.0,0.05101558809636278
1.0,1.0,27.0,0.1,0.1,0.4,3.0,3875.0,482.0,207.0,0.05316129032258064
1.0,1.0,28.0,0.1,0.1,0.4,3.0,3506.0,471.0,208.0,0.056759840273816316
1.0,1.0,29.0,0.1,0.1,0.4,3.0,3254.0,455.0,211.0,0.05838967424708052
1.0,1.0,30.0,0.1,0.1,0.4,3.0,3007.0,445.0,202.0,0.06285334220152976
1.0,1.0,31.0,0.1,0.1,0.4,3.0,2794.0,398.0,179.0,0.0662133142448103
1.0,1.0,32.0,0.1,0.1,0.4,3.0,2517.0,359.0,173.0,0.0723083035359555
1.0,1.0,33.0,0.1,0.1,0.4,3.0,2363.0,320.0,164.0,0.07490478205670757
1.0,1.0,34.0,0.1,0.1,0.4,3.0,2188.0,304.0,163.0,0.07952468007312614
1.0,1.0,35.0,0.1,0.1,0.4,3.0,2040.0,285.0,141.0,0.08235294117647059
1.0,1.0,36.0,0.1,0.1,0.4,3.0,1902.0,242.0,121.0,0.08780231335436382
1.0,1.0,37.0,0.1,0.1,0.4,3.0,1754.0,208.0,108.0,0.09293044469783353
1.0,1.0,38.0,0.1,0.1,0.4,3.0,1653.0,213.0,96.0,0.09800362976406533
1.0,1.0,39.0,0.1,0.1,0.4,3.0,1572.0,198.0,93.0,0.10178117048346055
1.0,1.0,40.0,0.1,0.1,0.4,3.0,1490.0,181.0,89.0,0.10469798657718121
1.0,1.0,41.0,0.1,0.1,0.4,3.0,1408.0,180.0,88.0,0.10724431818181818
1.0,1.0,42.0,0.1,0.1,0.4,3.0,1327.0,160.0,87.0,0.11379050489826677
1.0,1.0,43.0,0.1,0.1,0.4,3.0,1248.0,144.0,66.0,0.11778846153846154
1.0,1.0,44.0,0.1,0.1,0.4,3.0,1210.0,141.0,76.0,0.1231404958677686
1.0,1.0,45.0,0.1,0.1,0.4,3.0,1144.0,139.0,65.0,0.19055944055944055
1.0,1.0,46.0,0.1,0.1,0.4,3.0,1086.0,145.0,66.0,0.19705340699815838
1.0,1.0,47.0,0.1,0.1,0.4,3.0,995.0,121.0,54.0,0.2100502512562814
1.0,1.0,48.0,0.1,0.1,0.4,3.0,950.0,107.0,54.0,0.21368421052631578
1.0,1.0,49.0,0.1,0.1,0.4,3.0,925.0,106.0,62.0,0.2172972972972973
1.0,1.0,50.0,0.1,0.1,0.4,3.0,897.0,94.0,56.0,0.2229654403567447
1.0,1.0,51.0,0.1,0.1,0.4,3.0,860.0,86.0,52.0,0.22790697674418606
1.0,1.0,52.0,0.1,0.1,0.4,3.0,836.0,72.0,42.0,0.2332535885167464
1.0,2.0,1.0,0.1,0.1,0.4,3.0,816.0,65.0,38.0,0.23284313725490197
1.0,2.0,2.0,0.1,0.1,0.4,3.0,784.0,51.0,30.0,0.23596938775510204
1.0,2.0,3.0,0.1,0.1,0.4,3.0,763.0,45.0,24.0,0.2398427260812582
1.0,2.0,4.0,0.1,0.1,0.4,3.0,749.0,39.0,21.0,0.24432576769025366
1.0,2.0,5.0,0.1,0.1,0.4,3.0,730.0,34.0,21.0,0.2452054794520548
1.0,2.0,6.0,0.1,0.1,0.4,3.0,723.0,33.0,18.0,0.24896265560165975
1.0,2.0,7.0,0.1,0.1,0.4,3.0,709.0,28.0,17.0,0.24964739069111425
1.0,2.0,8.0,0.1,0.1,0.4,3.0,698.0,22.0,12.0,0.25358166189111747
1.0,2.0,9.0,0.1,0.1,0.4,3.0,688.0,23.0,16.0,0.2558139534883721
1.0,2.0,10.0,0.1,0.1,0.4,3.0,679.0,20.0,9.0,0.25625920471281294
1.0,2.0,11.0,0.1,0.1,0.4,3.0,674.0,18.0,8.0,0.25667655786350146
1.0,2.0,12.0,0.1,0.1,0.4,3.0,663.0,13.0,6.0,0.2594268476621418
1.0,2.0,13.0,0.1,0.1,0.4,3.0,653.0,16.0,9.0,0.2557427258805513
1.0,2.0,14.0,0.1,0.1,0.4,3.0,646.0,17.0,11.0,0.26006191950464397
1.0,2.0,15.0,0.1,0.1,0.4,3.0,642.0,17.0,9.0,0.2601246105919003
1.0,2.0,16.0,0.1,0.1,0.4,3.0,637.0,15.0,8.0,0.26373626373626374
1.0,2.0,17.0,0.1,0.1,0.4,3.0,634.0,12.0,7.0,0.2634069400630915
1.0,2.0,18.0,0.1,0.1,0.4,3.0,625.0,12.0,5.0,0.2656
1.0,2.0,19.0,0.1,0.1,0.4,3.0,622.0,14.0,5.0,0.26366559485530544
1.0,2.0,20.0,0.1,0.1,0.4,3.0,1099.0,13.0,5.0,0.15013648771610555
1.0,2.0,21.0,0.1,0.1,0.4,3.0,1090.0,21.0,8.0,0.14770642201834863
1.0,2.0,22.0,0.1,0.1,0.4,3.0,1077.0,30.0,11.0,0.14763231197771587
1.0,2.0,23.0,0.1,0.1,0.4,3.0,997.0,30.0,11.0,0.14844533600802406
1.0,2.0,24.0,0.1,0.1,0.4,3.0,998.0,39.0,13.0,0.1523046092184369
1.0,2.0,25.0,0.1,0.1,0.4,3.0,941.0,37.0,16.0,0.15090329436769395
1.0,2.0,26.0,0.1,0.1,0.4,3.0,890.0,28.0,13.0,0.15730337078651685
1.0,2.0,27.0,0.1,0.1,0.4,3.0,849.0,30.0,15.0,0.16136631330977622
1.0,2.0,28.0,0.1,0.1,0.4,3.0,838.0,25.0,15.0,0.1658711217183771
1.0,2.0,29.0,0.1,0.1,0.4,3.0,795.0,29.0,17.0,0.16477987421383647
1.0,2.0,30.0,0.1,0.1,0.4,3.0,758.0,25.0,12.0,0.17282321899736147
1.0,2.0,31.0,0.1,0.1,0.4,3.0,747.0,25.0,8.0,0.17001338688085676
1.0,2.0,32.0,0.1,0.1,0.4,3.0,734.0,25.0,9.0,0.17302452316076294
1.0,2.0,33.0,0.1,0.1,0.4,3.0,724.0,20.0,10.0,0.1712707182320442
1.0,2.0,34.0,0.1,0.1,0.4,3.0,698.0,26.0,12.0,0.17765042979942694
1.0,2.0,35.0,0.1,0.1,0.4,3.0,678.0,18.0,10.0,0.17699115044247787
1.0,2.0,36.0,0.1,0.1,0.4,3.0,655.0,16.0,8.0,0.183206106870229
1.0,2.0,37.0,0.1,0.1,0.4,3.0,645.0,13.0,8.0,0.1813953488372093
1.0,2.0,38.0,0.1,0.1,0.4,3.0,627.0,10.0,7.0,0.18660287081339713
1.0,2.0,39.0,0.1,0.1,0.4,3.0,619.0,11.0,8.0,0.18578352180936994
1.0,2.0,40.0,0.1,0.1,0.4,3.0,615.0,8.0,6.0,0.1886178861788618
1.0,2.0,41.0,0.1,0.1,0.4,3.0,585.0,4.0,3.0,0.19487179487179487
1.0,2.0,42.0,0.1,0.1,0.4,3.0,562.0,3.0,1.0,0.19572953736654805
1.0,2.0,43.0,0.1,0.1,0.4,3.0,552.0,3.0,3.0,0.19384057971014493
1.0,2.0,44.0,0.1,0.1,0.4,3.0,552.0,3.0,2.0,0.19746376811594202
1.0,2.0,45.0,0.1,0.1,0.4,3.0,551.0,3.0,3.0,0.24682395644283123
1.0,2.0,46.0,0.1,0.1,0.4,3.0,540.0,2.0,1.0,0.2518518518518518
1.0,2.0,47.0,0.1,0.1,0.4,3.0,531.0,3.0,1.0,0.2504708097928437
1.0,2.0,48.0,0.1,0.1,0.4,3.0,528.0,2.0,0.0,0.2556818181818182
1.0,2.0,49.0,0.1,0.1,0.4,3.0,525.0,2.0,0.0,0.25142857142857145
1.0,2.0,50.0,0.1,0.1,0.4,3.0,525.0,2.0,1.0,0.25333333333333335
1.0,2.0,51.0,0.1,0.1,0.4,3.0,521.0,2.0,2.0,0.2476007677543186
1.0,2.0,52.0,0.1,0.1,0.4,3.0,519.0,2.0,2.0,0.2466281310211946
1.0,3.0,1.0,0.1,0.1,0.4,3.0,511.0,1.0,1.0,0.24266144814090018
1.0,3.0,2.0,0.1,0.1,0.4,3.0,511.0,0.0,0.0,0.2465753424657534
1.0,3.0,3.0,0.1,0.1,0.4,3.0,509.0,0.0,0.0,0.24361493123772102
1.0,3.0,4.0,0.1,0.1,0.4,3.0,503.0,0.0,0.0,0.2504970178926441
1.0,3.0,5.0,0.1,0.1,0.4,3.0,492.0,0.0,0.0,0.25
1.0,3.0,6.0,0.1,0.1,0.4,3.0,491.0,0.0,0.0,0.2545824847250509
1.0,3.0,7.0,0.1,0.1,0.4,3.0,487.0,0.0,0.0,0.24845995893223818
1.0,3.0,8.0,0.1,0.1,0.4,3.0,486.0,0.0,0.0,0.2551440329218107
1.0,3.0,9.0,0.1,0.1,0.4,3.0,486.0,0.0,0.0,0.24897119341563786
1.0,3.0,10.0,0.1,0.1,0.4,3.0,485.0,0.0,0.0,0.2536082474226804
1.0,3.0,11.0,0.1,0.1,0.4,3.0,483.0,0.0,0.0,0.2505175983436853
1.0,3.0,12.0,0.1,0.1,0.4,3.0,482.0,0.0,0.0,0.25311203319502074
1.0,3.0,13.0,0.1,0.1,0.4,3.0,473.0,0.0,0.0,0.25158562367864695
1.0,3.0,14.0,0.1,0.1,0.4,3.0,467.0,0.0,0.0,0.2569593147751606
1.0,3.0,15.0,0.1,0.1,0.4,3.0,468.0,0.0,0.0,0.25427350427350426
1.0,3.0,16.0,0.1,0.1,0.4,3.0,467.0,0.0,0.0,0.2569593147751606
1.0,3.0,17.0,0.1,0.1,0.4,3.0,456.0,0.0,0.0,0.24780701754385964
1.0,3.0,18.0,0.1,0.1,0.4,3.0,450.0,0.0,0.0,0.24888888888888888
1.0,3.0,19.0,0.1,0.1,0.4,3.0,450.0,0.0,0.0,0.24444444444444444
1.0,3.0,20.0,0.1,0.1,0.4,3.0,816.0,0.0,0.0,0.13480392156862744
1.0,3.0,21.0,0.1,0.1,0.4,3.0,796.0,0.0,0.0,0.13442211055276382
1.0,3.0,22.0,0.1,0.1,0.4,3.0,748.0,0.0,0.0,0.14037433155080214
1.0,3.0,23.0,0.1,0.1,0.4,3.0,669.0,0.0,0.0,0.14349775784753363
1.0,3.0,24.0,0.1,0.1,0.4,3.0,654.0,0.0,0.0,0.1452599388379205
1.0,3.0,25.0,0.1,0.1,0.4,3.0,628.0,0.0,0.0,0.14968152866242038
1.0,3.0,26.0,0.1,0.1,0.4,3.0,582.0,0.0,0.0,0.15979381443298968
1.0,3.0,27.0,0.1,0.1,0.4,3.0,553.0,0.0,0.0,0.15732368896925858
1.0,3.0,28.0,0.1,0.1,0.4,3.0,554.0,0.0,0.0,0.1552346570397112
1.0,3.0,29.0,0.1,0.1,0.4,3.0,548.0,0.0,0.0,0.15145985401459855
1.0,3.0,30.0,0.1,0.1,0.4,3.0,538.0,0.0,0.0,0.15427509293680297
1.0,3.0,31.0,0.1,0.1,0.4,3.0,534.0,0.0,0.0,0.15355805243445692
1.0,3.0,32.0,0.1,0.1,0.4,3.0,511.0,0.0,0.0,0.16046966731898238
1.0,3.0,33.0,0.1,0.1,0.4,3.0,493.0,0.0,0.0,0.15415821501014199
1.0,3.0,34.0,0.1,0.1,0.4,3.0,491.0,0.0,0.0,0.15478615071283094
1.0,3.0,35.0,0.1,0.1,0.4,3.0,490.0,0.0,0.0,0.15306122448979592
1.0,3.0,36.0,0.1,0.1,0.4,3.0,489.0,0.0,0.0,0.1554192229038855
1.0,3.0,37.0,0.1,0.1,0.4,3.0,479.0,0.0,0.0,0.1544885177453027
1.0,3.0,38.0,0.1,0.1,0.4,3.0,445.0,0.0,0.0,0.1550561797752809
1.0,3.0,39.0,0.1,0.1,0.4,3.0,430.0,0.0,0.0,0.15813953488372093
1.0,3.0,40.0,0.1,0.1,0.4,3.0,421.0,0.0,0.0,0.16389548693586697
1.0,3.0,41.0,0.1,0.1,0.4,3.0,416.0,0.0,0.0,0.16346153846153846
1.0,3.0,42.0,0.1,0.1,0.4,3.0,416.0,0.0,0.0,0.16105769230769232
1.0,3.0,43.0,0.1,0.1,0.4,3.0,411.0,0.0,0.0,0.16058394160583941
1.0,3.0,44.0,0.1,0.1,0.4,3.0,407.0,0.0,0.0,0.16216216216216217
1.0,3.0,45.0,0.1,0.1,0.4,3.0,403.0,0.0,0.0,0.21339950372208435
1.0,3.0,46.0,0.1,0.1,0.4,3.0,391.0,0.0,0.0,0.21227621483375958
1.0,3.0,47.0,0.1,0.1,0.4,3.0,390.0,0.0,0.0,0.2076923076923077
1.0,3.0,48.0,0.1,0.1,0.4,3.0,386.0,0.0,0.0,0.20984455958549222
1.0,3.0,49.0,0.1,0.1,0.4,3.0,372.0,0.0,0.0,0.21236559139784947
1.0,3.0,50.0,0.1,0.1,0.4,3.0,371.0,0.0,0.0,0.21024258760107817
1.0,3.0,51.0,0.1,0.1,0.4,3.0,367.0,0.0,0.0,0.2098092643051771
1.0,3.0,52.0,0.1,0.1,0.4,3.0,369.0,0.0,0.0,0.2086720867208672
1.0,4.0,1.0,0.1,0.1,0.4,3.0,364.0,0.0,0.0,0.20604395604395603
1.0,4.0,2.0,0.1,0.1,0.4,3.0,362.0,0.0,0.0,0.20718232044198895
1.0,4.0,3.0,0.1,0.1,0.4,3.0,359.0,0.0,0.0,0.20891364902506965
1.0,4.0,4.0,0.1,0.1,0.4,3.0,360.0,0.0,0.0,0.20833333333333334
1.0,4.0,5.0,0.1,0.1,0.4,3.0,359.0,0.0,0.0,0.20891364902506965
1.0,4.0,6.0,0.1,0.1,0.4,3.0,361.0,0.0,0.0,0.2077562326869806
1.0,4.0,7.0,0.1,0.1,0.4,3.0,358.0,0.0,0.0,0.20949720670391062
1.0,4.0,8.0,0.1,0.1,0.4,3.0,359.0,0.0,0.0,0.20891364902506965
1.0,4.0,9.0,0.1,0.1,0.4,3.0,358.0,0.0,0.0,0.2122905027932961
1.0,4.0,10.0,0.1,0.1,0.4,3.0,357.0,0.0,0.0,0.21288515406162464
1.0,4.0,11.0,0.1,0.1,0.4,3.0,354.0,0.0,0.0,0.211864406779661
1.0,4.0,12.0,0.1,0.1,0.4,3.0,355.0,0.0,0.0,0.2112676056338028
1.0,4.0,13.0,0.1,0.1,0.4,3.0,353.0,0.0,0.0,0.2096317280453258
1.0,4.0,14.0,0.1,0.1,0.4,3.0,355.0,0.0,0.0,0.2084507042253521
1.0,4.0,15.0,0.1,0.1,0.4,3.0,353.0,0.0,0.0,0.2096317280453258
1.0,4.0,16.0,0.1,0.1,0.4,3.0,353.0,0.0,0.0,0.20679886685552407
1.0,4.0,17.0,0.1,0.1,0.4,3.0,351.0,0.0,0.0,0.20797720797720798
1.0,4.0,18.0,0.1,0.1,0.4,3.0,353.0,0.0,0.0,0.20679886685552407
1.0,4.0,19.0,0.1,0.1,0.4,3.0,350.0,0.0,0.0,0.2057142857142857
1.0,4.0,20.0,0.1,0.1,0.4,3.0,644.0,0.0,0.0,0.11180124223602485
1.0,4.0,21.0,0.1,0.1,0.4,3.0,600.0,0.0,0.0,0.115
1.0,4.0,22.0,0.1,0.1,0.4,3.0,609.0,0.0,0.0,0.11330049261083744
1.0,4.0,23.0,0.1,0.1,0.4,3.0,563.0,0.0,0.0,0.1172291296625222
1.0,4.0,24.0,0.1,0.1,0.4,3.0,570.0,0.0,0.0,0.11052631578947368
1.0,4.0,25.0,0.1,0.1,0.4,3.0,543.0,0.0,0.0,0.1141804788213628
1.0,4.0,26.0,0.1,0.1,0.4,3.0,526.0,0.0,0.0,0.11787072243346007
1.0,4.0,27.0,0.1,0.1,0.4,3.0,513.0,0.0,0.0,0.1189083820662768
1.0,4.0,28.0,0.1,0.1,0.4,3.0,484.0,0.0,0.0,0.11983471074380166
1.0,4.0,29.0,0.1,0.1,0.4,3.0,464.0,0.0,0.0,0.12284482758620689
1.0,4.0,30.0,0.1,0.1,0.4,3.0,445.0,0.0,0.0,0.12808988764044943
1.0,4.0,31.0,0.1,0.1,0.4,3.0,420.0,0.0,0.0,0.12857142857142856
1.0,4.0,32.0,0.1,0.1,0.4,3.0,419.0,0.0,0.0,0.12649164677804295
1.0,4.0,33.0,0.1,0.1,0.4,3.0,402.0,0.0,0.0,0.12686567164179105
1.0,4.0,34.0,0.1,0.1,0.4,3.0,401.0,0.0,0.0,0.12718204488778054
1.0,4.0,35.0,0.1,0.1,0.4,3.0,400.0,0.0,0.0,0.125
1.0,4.0,36.0,0.1,0.1,0.4,3.0,390.0,0.0,0.0,0.12564102564102564
1.0,4.0,37.0,0.1,0.1,0.4,3.0,390.0,0.0,0.0,0.12564102564102564
1.0,4.0,38.0,0.1,0.1,0.4,3.0,377.0,0.0,0.0,0.1273209549071618
1.0,4.0,39.0,0.1,0.1,0.4,3.0,377.0,0.0,0.0,0.1273209549071618
1.0,4.0,40.0,0.1,0.1,0.4,3.0,374.0,0.0,0.0,0.12834224598930483
1.0,4.0,41.0,0.1,0.1,0.4,3.0,358.0,0.0,0.0,0.1340782122905028
1.0,4.0,42.0,0.1,0.1,0.4,3.0,354.0,0.0,0.0,0.1327683615819209
1.0,4.0,43.0,0.1,0.1,0.4,3.0,356.0,0.0,0.0,0.13202247191011235
1.0,4.0,44.0,0.1,0.1,0.4,3.0,344.0,0.0,0.0,0.1308139534883721
1.0,4.0,45.0,0.1,0.1,0.4,3.0,332.0,0.0,0.0,0.2289156626506024
1.0,4.0,46.0,0.1,0.1,0.4,3.0,326.0,0.0,0.0,0.22392638036809817
1.0,4.0,47.0,0.1,0.1,0.4,3.0,316.0,0.0,0.0,0.2310126582278481
1.0,4.0,48.0,0.1,0.1,0.4,3.0,315.0,0.0,0.0,0.22857142857142856
1.0,4.0,49.0,0.1,0.1,0.4,3.0,307.0,0.0,0.0,0.23127035830618892
1.0,4.0,50.0,0.1,0.1,0.4,3.0,304.0,0.0,0.0,0.23026315789473684
1.0,4.0,51.0,0.1,0.1,0.4,3.0,302.0,0.0,0.0,0.23509933774834438
1.0,4.0,52.0,0.1,0.1,0.4,3.0,301.0,0.0,0.0,0.23255813953488372
1.0,5.0,1.0,0.1,0.1,0.4,3.0,301.0,0.0,0.0,0.23588039867109634
1.0,5.0,2.0,0.1,0.1,0.4,3.0,299.0,0.0,0.0,0.23076923076923078
1.0,5.0,3.0,0.1,0.1,0.4,3.0,299.0,0.0,0.0,0.23411371237458195
1.0,5.0,4.0,0.1,0.1,0.4,3.0,296.0,0.0,0.0,0.23310810810810811
1.0,5.0,5.0,0.1,0.1,0.4,3.0,295.0,0.0,0.0,0.23728813559322035
1.0,5.0,6.0,0.1,0.1,0.4,3.0,294.0,0.0,0.0,0.23469387755102042
1.0,5.0,7.0,0.1,0.1,0.4,3.0,295.0,0.0,0.0,0.23728813559322035
1.0,5.0,8.0,0.1,0.1,0.4,3.0,294.0,0.0,0.0,0.23469387755102042
1.0,5.0,9.0,0.1,0.1,0.4,3.0,295.0,0.0,0.0,0.23728813559322035
1.0,5.0,10.0,0.1,0.1,0.4,3.0,293.0,0.0,0.0,0.23208191126279865
1.0,5.0,11.0,0.1,0.1,0.4,3.0,294.0,0.0,0.0,0.23469387755102042
1.0,5.0,12.0,0.1,0.1,0.4,3.0,293.0,0.0,0.0,0.23208191126279865
1.0,5.0,13.0,0.1,0.1,0.4,3.0,292.0,0.0,0.0,0.22945205479452055
1.0,5.0,14.0,0.1,0.1,0.4,3.0,289.0,0.0,0.0,0.22837370242214533
1.0,5.0,15.0,0.1,0.1,0.4,3.0,290.0,0.0,0.0,0.23103448275862068
1.0,5.0,16.0,0.1,0.1,0.4,3.0,288.0,0.0,0.0,0.22569444444444445
1.0,5.0,17.0,0.1,0.1,0.4,3.0,281.0,0.0,0.0,0.23487544483985764
1.0,5.0,18.0,0.1,0.1,0.4,3.0,280.0,0.0,0.0,0.23214285714285715
1.0,5.0,19.0,0.1,0.1,0.4,3.0,280.0,0.0,0.0,0.23214285714285715
1.0,5.0,20.0,0.1,0.1,0.4,3.0,494.0,0.0,0.0,0.13157894736842105
1.0,5.0,21.0,0.1,0.1,0.4,3.0,470.0,0.0,0.0,0.13617021276595745
1.0,5.0,22.0,0.1,0.1,0.4,3.0,469.0,0.0,0.0,0.13646055437100213
1.0,5.0,23.0,0.1,0.1,0.4,3.0,444.0,0.0,0.0,0.14189189189189189
1.0,5.0,24.0,0.1,0.1,0.4,3.0,444.0,0.0,0.0,0.14189189189189189
1.0,5.0,25.0,0.1,0.1,0.4,3.0,436.0,0.0,0.0,0.13761467889908258
1.0,5.0,26.0,0.1,0.1,0.4,3.0,426.0,0.0,0.0,0.13849765258215962
1.0,5.0,27.0,0.1,0.1,0.4,3.0,418.0,0.0,0.0,0.13875598086124402
1.0,5.0,28.0,0.1,0.1,0.4,3.0,387.0,0.0,0.0,0.14728682170542637
1.0,5.0,29.0,0.1,0.1,0.4,3.0,386.0,0.0,0.0,0.14507772020725387
1.0,5.0,30.0,0.1,0.1,0.4,3.0,386.0,0.0,0.0,0.14507772020725387
1.0,5.0,31.0,0.1,0.1,0.4,3.0,375.0,0.0,0.0,0.144
1.0,5.0,32.0,0.1,0.1,0.4,3.0,366.0,0.0,0.0,0.1448087431693989
1.0,5.0,33.0,0.1,0.1,0.4,3.0,366.0,0.0,0.0,0.1448087431693989
1.0,5.0,34.0,0.1,0.1,0.4,3.0,366.0,0.0,0.0,0.1448087431693989
1.0,5.0,35.0,0.1,0.1,0.4,3.0,351.0,0.0,0.0,0.150997150997151
1.0,5.0,36.0,0.1,0.1,0.4,3.0,331.0,0.0,0.0,0.1540785498489426
1.0,5.0,37.0,0.1,0.1,0.4,3.0,331.0,0.0,0.0,0.1540785498489426
1.0,5.0,38.0,0.1,0.1,0.4,3.0,331.0,0.0,0.0,0.1540785498489426
1.0,5.0,39.0,0.1,0.1,0.4,3.0,331.0,0.0,0.0,0.1540785498489426
1.0,5.0,40.0,0.1,0.1,0.4,3.0,330.0,0.0,0.0,0.15454545454545454
1.0,5.0,41.0,0.1,0.1,0.4,3.0,329.0,0.0,0.0,0.15501519756838905
1.0,5.0,42.0,0.1,0.1,0.4,3.0,328.0,0.0,0.0,0.1524390243902439
1.0,5.0,43.0,0.1,0.1,0.4,3.0,327.0,0.0,0.0,0.1529051987767584
1.0,5.0,44.0,0.1,0.1,0.4,3.0,319.0,0.0,0.0,0.15673981191222572
1.0,5.0,45.0,0.1,0.1,0.4,3.0,319.0,0.0,0.0,0.21630094043887146
1.0,5.0,46.0,0.1,0.1,0.4,3.0,318.0,0.0,0.0,0.2169811320754717
1.0,5.0,47.0,0.1,0.1,0.4,3.0,318.0,0.0,0.0,0.2169811320754717
1.0,5.0,48.0,0.1,0.1,0.4,3.0,318.0,0.0,0.0,0.2169811320754717
1.0,5.0,49.0,0.1,0.1,0.4,3.0,318.0,0.0,0.0,0.2169811320754717
1.0,5.0,50.0,0.1,0.1,0.4,3.0,317.0,0.0,0.0,0.21451104100946372
1.0,5.0,51.0,0.1,0.1,0.4,3.0,316.0,0.0,0.0,0.21518987341772153
1.0,5.0,52.0,0.1,0.1,0.4,3.0,316.0,0.0,0.0,0.21518987341772153
1.0,6.0,1.0,0.1,0.1,0.4,3.0,316.0,0.0,0.0,0.21518987341772153
1.0,6.0,2.0,0.1,0.1,0.4,3.0,314.0,0.0,0.0,0.21337579617834396
1.0,6.0,3.0,0.1,0.1,0.4,3.0,305.0,0.0,0.0,0.2098360655737705
1.0,6.0,4.0,0.1,0.1,0.4,3.0,305.0,0.0,0.0,0.2098360655737705
1.0,6.0,5.0,0.1,0.1,0.4,3.0,305.0,0.0,0.0,0.2098360655737705
1.0,6.0,6.0,0.1,0.1,0.4,3.0,305.0,0.0,0.0,0.2098360655737705
1.0,6.0,7.0,0.1,0.1,0.4,3.0,304.0,0.0,0.0,0.20723684210526316
1.0,6.0,8.0,0.1,0.1,0.4,3.0,304.0,0.0,0.0,0.20723684210526316
1.0,6.0,9.0,0.1,0.1,0.4,3.0,296.0,0.0,0.0,0.20945945945945946
1.0,6.0,10.0,0.1,0.1,0.4,3.0,296.0,0.0,0.0,0.20945945945945946
1.0,6.0,11.0,0.1,0.1,0.4,3.0,296.0,0.0,0.0,0.20945945945945946
1.0,6.0,12.0,0.1,0.1,0.4,3.0,295.0,0.0,0.0,0.20677966101694914
1.0,6.0,13.0,0.1,0.1,0.4,3.0,295.0,0.0,0.0,0.20677966101694914
1.0,6.0,14.0,0.1,0.1,0.4,3.0,294.0,0.0,0.0,0.20408163265306123
1.0,6.0,15.0,0.1,0.1,0.4,3.0,294.0,0.0,0.0,0.20408163265306123
1.0,6.0,16.0,0.1,0.1,0.4,3.0,294.0,0.0,0.0,0.20408163265306123
1.0,6.0,17.0,0.1,0.1,0.4,3.0,294.0,0.0,0.0,0.20408163265306123
1.0,6.0,18.0,0.1,0.1,0.4,3.0,294.0,0.0,0.0,0.20408163265306123
1.0,6.0,19.0,0.1,0.1,0.4,3.0,294.0,0.0,0.0,0.20408163265306123
1.0,6.0,20.0,0.1,0.1,0.4,3.0,576.0,0.0,0.0,0.10416666666666667
1.0,6.0,21.0,0.1,0.1,0.4,3.0,562.0,0.0,0.0,0.10676156583629894
1.0,6.0,22.0,0.1,0.1,0.4,3.0,560.0,0.0,0.0,0.10357142857142858
1.0,6.0,23.0,0.1,0.1,0.4,3.0,551.0,0.0,0.0,0.10344827586206896
1.0,6.0,24.0,0.1,0.1,0.4,3.0,539.0,0.0,0.0,0.1038961038961039
1.0,6.0,25.0,0.1,0.1,0.4,3.0,507.0,0.0,0.0,0.10453648915187377
1.0,6.0,26.0,0.1,0.1,0.4,3.0,503.0,0.0,0.0,0.10337972166998012
1.0,6.0,27.0,0.1,0.1,0.4,3.0,476.0,0.0,0.0,0.10294117647058823
1.0,6.0,28.0,0.1,0.1,0.4,3.0,471.0,0.0,0.0,0.10191082802547771
1.0,6.0,29.0,0.1,0.1,0.4,3.0,466.0,0.0,0.0,0.10300429184549356
1.0,6.0,30.0,0.1,0.1,0.4,3.0,447.0,0.0,0.0,0.10738255033557047
1.0,6.0,31.0,0.1,0.1,0.4,3.0,411.0,0.0,0.0,0.1070559610705596
1.0,6.0,32.0,0.1,0.1,0.4,3.0,407.0,0.0,0.0,0.10810810810810811
1.0,6.0,33.0,0.1,0.1,0.4,3.0,392.0,0.0,0.0,0.10714285714285714
1.0,6.0,34.0,0.1,0.1,0.4,3.0,384.0,0.0,0.0,0.10677083333333333
1.0,6.0,35.0,0.1,0.1,0.4,3.0,388.0,0.0,0.0,0.1056701030927835
1.0,6.0,36.0,0.1,0.1,0.4,3.0,351.0,0.0,0.0,0.11396011396011396
1.0,6.0,37.0,0.1,0.1,0.4,3.0,356.0,0.0,0.0,0.11235955056179775
1.0,6.0,38.0,0.1,0.1,0.4,3.0,349.0,0.0,0.0,0.11461318051575932
1.0,6.0,39.0,0.1,0.1,0.4,3.0,354.0,0.0,0.0,0.11299435028248588
1.0,6.0,40.0,0.1,0.1,0.4,3.0,337.0,0.0,0.0,0.11572700296735905
1.0,6.0,41.0,0.1,0.1,0.4,3.0,322.0,0.0,0.0,0.12111801242236025
1.0,6.0,42.0,0.1,0.1,0.4,3.0,315.0,0.0,0.0,0.12380952380952381
1.0,6.0,43.0,0.1,0.1,0.4,3.0,320.0,0.0,0.0,0.121875
1.0,6.0,44.0,0.1,0.1,0.4,3.0,315.0,0.0,0.0,0.12380952380952381
1.0,6.0,45.0,0.1,0.1,0.4,3.0,319.0,0.0,0.0,0.16927899686520376
1.0,6.0,46.0,0.1,0.1,0.4,3.0,295.0,0.0,0.0,0.17288135593220338
1.0,6.0,47.0,0.1,0.1,0.4,3.0,290.0,0.0,0.0,0.1724137931034483
1.0,6.0,48.0,0.1,0.1,0.4,3.0,285.0,0.0,0.0,0.17543859649122806
1.0,6.0,49.0,0.1,0.1,0.4,3.0,274.0,0.0,0.0,0.17883211678832117
1.0,6.0,50.0,0.1,0.1,0.4,3.0,272.0,0.0,0.0,0.17647058823529413
1.0,6.0,51.0,0.1,0.1,0.4,3.0,273.0,0.0,0.0,0.17582417582417584
1.0,6.0,52.0,0.1,0.1,0.4,3.0,272.0,0.0,0.0,0.17647058823529413
1.0,7.0,1.0,0.1,0.1,0.4,3.0,273.0,0.0,0.0,0.17582417582417584
1.0,7.0,2.0,0.1,0.1,0.4,3.0,271.0,0.0,0.0,0.17343173431734318
1.0,7.0,3.0,0.1,0.1,0.4,3.0,272.0,0.0,0.0,0.17279411764705882
1.0,7.0,4.0,0.1,0.1,0.4,3.0,271.0,0.0,0.0,0.17343173431734318
1.0,7.0,5.0,0.1,0.1,0.4,3.0,272.0,0.0,0.0,0.17279411764705882
1.0,7.0,6.0,0.1,0.1,0.4,3.0,269.0,0.0,0.0,0.17472118959107807
1.0,7.0,7.0,0.1,0.1,0.4,3.0,270.0,0.0,0.0,0.17407407407407408
1.0,7.0,8.0,0.1,0.1,0.4,3.0,265.0,0.0,0.0,0.17358490566037735
1.0,7.0,9.0,0.1,0.1,0.4,3.0,265.0,0.0,0.0,0.17358490566037735
1.0,7.0,10.0,0.1,0.1,0.4,3.0,263.0,0.0,0.0,0.17490494296577946
1.0,7.0,11.0,0.1,0.1,0.4,3.0,265.0,0.0,0.0,0.17358490566037735
1.0,7.0,12.0,0.1,0.1,0.4,3.0,261.0,0.0,0.0,0.17624521072796934
1.0,7.0,13.0,0.1,0.1,0.4,3.0,262.0,0.0,0.0,0.17557251908396945
1.0,7.0,14.0,0.1,0.1,0.4,3.0,260.0,0.0,0.0,0.17692307692307693
1.0,7.0,15.0,0.1,0.1,0.4,3.0,262.0,0.0,0.0,0.17557251908396945
1.0,7.0,16.0,0.1,0.1,0.4,3.0,258.0,0.0,0.0,0.17829457364341086
1.0,7.0,17.0,0.1,0.1,0.4,3.0,260.0,0.0,0.0,0.17692307692307693
1.0,7.0,18.0,0.1,0.1,0.4,3.0,258.0,0.0,0.0,0.17829457364341086
1.0,7.0,19.0,0.1,0.1,0.4,3.0,260.0,0.0,0.0,0.17692307692307693
1.0,7.0,20.0,0.1,0.1,0.4,3.0,436.0,0.0,0.0,0.10091743119266056
1.0,7.0,21.0,0.1,0.1,0.4,3.0,422.0,0.0,0.0,0.1018957345971564
1.0,7.0,22.0,0.1,0.1,0.4,3.0,421.0,0.0,0.0,0.0997624703087886
1.0,7.0,23.0,0.1,0.1,0.4,3.0,410.0,0.0,0.0,0.1
1.0,7.0,24.0,0.1,0.1,0.4,3.0,370.0,0.0,0.0,0.10810810810810811
1.0,7.0,25.0,0.1,0.1,0.4,3.0,357.0,0.0,0.0,0.11204481792717087
1.0,7.0,26.0,0.1,0.1,0.4,3.0,357.0,0.0,0.0,0.11204481792717087
1.0,7.0,27.0,0.1,0.1,0.4,3.0,328.0,0.0,0.0,0.11585365853658537
1.0,7.0,28.0,0.1,0.1,0.4,3.0,310.0,0.0,0.0,0.11935483870967742
1.0,7.0,29.0,0.1,0.1,0.4,3.0,309.0,0.0,0.0,0.11974110032362459
1.0,7.0,30.0,0.1,0.1,0.4,3.0,298.0,0.0,0.0,0.12416107382550336
1.0,7.0,31.0,0.1,0.1,0.4,3.0,298.0,0.0,0.0,0.12416107382550336
1.0,7.0,32.0,0.1,0.1,0.4,3.0,288.0,0.0,0.0,0.125
1.0,7.0,33.0,0.1,0.1,0.4,3.0,278.0,0.0,0.0,0.12949640287769784
1.0,7.0,34.0,0.1,0.1,0.4,3.0,270.0,0.0,0.0,0.13333333333333333
1.0,7.0,35.0,0.1,0.1,0.4,3.0,258.0,0.0,0.0,0.13565891472868216
1.0,7.0,36.0,0.1,0.1,0.4,3.0,258.0,0.0,0.0,0.13565891472868216
1.0,7.0,37.0,0.1,0.1,0.4,3.0,258.0,0.0,0.0,0.13565891472868216
1.0,7.0,38.0,0.1,0.1,0.4,3.0,258.0,0.0,0.0,0.13565891472868216
1.0,7.0,39.0,0.1,0.1,0.4,3.0,258.0,0.0,0.0,0.13565891472868216
1.0,7.0,40.0,0.1,0.1,0.4,3.0,257.0,0.0,0.0,0.13229571984435798
1.0,7.0,41.0,0.1,0.1,0.4,3.0,257.0,0.0,0.0,0.13229571984435798
1.0,7.0,42.0,0.1,0.1,0.4,3.0,255.0,0.0,0.0,0.13333333333333333
1.0,7.0,43.0,0.1,0.1,0.4,3.0,244.0,0.0,0.0,0.13934426229508196
1.0,7.0,44.0,0.1,0.1,0.4,3.0,243.0,0.0,0.0,0.13991769547325103
1.0,7.0,45.0,0.1,0.1,0.4,3.0,243.0,0.0,0.0,0.2222222222222222
1.0,7.0,46.0,0.1,0.1,0.4,3.0,242.0,0.0,0.0,0.2231404958677686
1.0,7.0,47.0,0.1,0.1,0.4,3.0,241.0,0.0,0.0,0.22406639004149378
1.0,7.0,48.0,0.1,0.1,0.4,3.0,240.0,0.0,0.0,0.225
1.0,7.0,49.0,0.1,0.1,0.4,3.0,239.0,0.0,0.0,0.22594142259414227
1.0,7.0,50.0,0.1,0.1,0.4,3.0,237.0,0.0,0.0,0.22362869198312235
1.0,7.0,51.0,0.1,0.1,0.4,3.0,237.0,0.0,0.0,0.22362869198312235
1.0,7.0,52.0,0.1,0.1,0.4,3.0,237.0,0.0,0.0,0.22362869198312235
1.0,8.0,1.0,0.1,0.1,0.4,3.0,231.0,0.0,0.0,0.22510822510822512
1.0,8.0,2.0,0.1,0.1,0.4,3.0,231.0,0.0,0.0,0.22510822510822512
1.0,8.0,3.0,0.1,0.1,0.4,3.0,230.0,0.0,0.0,0.22608695652173913
1.0,8.0,4.0,0.1,0.1,0.4,3.0,224.0,0.0,0.0,0.23214285714285715
1.0,8.0,5.0,0.1,0.1,0.4,3.0,224.0,0.0,0.0,0.23214285714285715
1.0,8.0,6.0,0.1,0.1,0.4,3.0,224.0,0.0,0.0,0.23214285714285715
1.0,8.0,7.0,0.1,0.1,0.4,3.0,224.0,0.0,0.0,0.23214285714285715
1.0,8.0,8.0,0.1,0.1,0.4,3.0,224.0,0.0,0.0,0.23214285714285715
1.0,8.0,9.0,0.1,0.1,0.4,3.0,225.0,0.0,0.0,0.2311111111111111
1.0,8.0,10.0,0.1,0.1,0.4,3.0,225.0,0.0,0.0,0.2311111111111111
1.0,8.0,11.0,0.1,0.1,0.4,3.0,225.0,0.0,0.0,0.2311111111111111
1.0,8.0,12.0,0.1,0.1,0.4,3.0,225.0,0.0,0.0,0.2311111111111111
1.0,8.0,13.0,0.1,0.1,0.4,3.0,225.0,0.0,0.0,0.2311111111111111
1.0,8.0,14.0,0.1,0.1,0.4,3.0,224.0,0.0,0.0,0.23214285714285715
1.0,8.0,15.0,0.1,0.1,0.4,3.0,225.0,0.0,0.0,0.2311111111111111
1.0,8.0,16.0,0.1,0.1,0.4,3.0,224.0,0.0,0.0,0.23214285714285715
1.0,8.0,17.0,0.1,0.1,0.4,3.0,225.0,0.0,0.0,0.2311111111111111
1.0,8.0,18.0,0.1,0.1,0.4,3.0,225.0,0.0,0.0,0.2311111111111111
1.0,8.0,19.0,0.1,0.1,0.4,3.0,225.0,0.0,0.0,0.2311111111111111
1.0,8.0,20.0,0.1,0.1,0.4,3.0,418.0,0.0,0.0,0.12440191387559808
1.0,8.0,21.0,0.1,0.1,0.4,3.0,418.0,0.0,0.0,0.12440191387559808
1.0,8.0,22.0,0.1,0.1,0.4,3.0,418.0,0.0,0.0,0.12440191387559808
1.0,8.0,23.0,0.1,0.1,0.4,3.0,400.0,0.0,0.0,0.125
1.0,8.0,24.0,0.1,0.1,0.4,3.0,382.0,0.0,0.0,0.13089005235602094
1.0,8.0,25.0,0.1,0.1,0.4,3.0,382.0,0.0,0.0,0.13089005235602094
1.0,8.0,26.0,0.1,0.1,0.4,3.0,373.0,0.0,0.0,0.13404825737265416
1.0,8.0,27.0,0.1,0.1,0.4,3.0,366.0,0.0,0.0,0.13387978142076504
1.0,8.0,28.0,0.1,0.1,0.4,3.0,353.0,0.0,0.0,0.1274787535410765
1.0,8.0,29.0,0.1,0.1,0.4,3.0,314.0,0.0,0.0,0.14012738853503184
1.0,8.0,30.0,0.1,0.1,0.4,3.0,314.0,0.0,0.0,0.14012738853503184
1.0,8.0,31.0,0.1,0.1,0.4,3.0,306.0,0.0,0.0,0.1437908496732026
1.0,8.0,32.0,0.1,0.1,0.4,3.0,288.0,0.0,0.0,0.14930555555555555
1.0,8.0,33.0,0.1,0.1,0.4,3.0,288.0,0.0,0.0,0.14930555555555555
1.0,8.0,34.0,0.1,0.1,0.4,3.0,288.0,0.0,0.0,0.14930555555555555
1.0,8.0,35.0,0.1,0.1,0.4,3.0,288.0,0.0,0.0,0.14930555555555555
1.0,8.0,36.0,0.1,0.1,0.4,3.0,288.0,0.0,0.0,0.14930555555555555
1.0,8.0,37.0,0.1,0.1,0.4,3.0,288.0,0.0,0.0,0.14930555555555555
1.0,8.0,38.0,0.1,0.1,0.4,3.0,288.0,0.0,0.0,0.14930555555555555
1.0,8.0,39.0,0.1,0.1,0.4,3.0,287.0,0.0,0.0,0.14982578397212543
1.0,8.0,40.0,0.1,0.1,0.4,3.0,278.0,0.0,0.0,0.15467625899280577
1.0,8.0,41.0,0.1,0.1,0.4,3.0,278.0,0.0,0.0,0.15467625899280577
1.0,8.0,42.0,0.1,0.1,0.4,3.0,256.0,0.0,0.0,0.16796875
1.0,8.0,43.0,0.1,0.1,0.4,3.0,254.0,0.0,0.0,0.16535433070866143
1.0,8.0,44.0,0.1,0.1,0.4,3.0,255.0,0.0,0.0,0.16470588235294117
1.0,8.0,45.0,0.1,0.1,0.4,3.0,254.0,0.0,0.0,0.22440944881889763
1.0,8.0,46.0,0.1,0.1,0.4,3.0,241.0,0.0,0.0,0.22821576763485477
1.0,8.0,47.0,0.1,0.1,0.4,3.0,240.0,0.0,0.0,0.22916666666666666
1.0,8.0,48.0,0.1,0.1,0.4,3.0,240.0,0.0,0.0,0.22916666666666666
1.0,8.0,49.0,0.1,0.1,0.4,3.0,240.0,0.0,0.0,0.22916666666666666
1.0,8.0,50.0,0.1,0.1,0.4,3.0,240.0,0.0,0.0,0.22916666666666666
1.0,8.0,51.0,0.1,0.1,0.4,3.0,241.0,0.0,0.0,0.22821576763485477
1.0,8.0,52.0,0.1,0.1,0.4,3.0,241.0,0.0,0.0,0.22821576763485477
1.0,9.0,1.0,0.1,0.1,0.4,3.0,241.0,0.0,0.0,0.22821576763485477
1.0,9.0,2.0,0.1,0.1,0.4,3.0,241.0,0.0,0.0,0.22821576763485477
1.0,9.0,3.0,0.1,0.1,0.4,3.0,240.0,0.0,0.0,0.225
1.0,9.0,4.0,0.1,0.1,0.4,3.0,230.0,0.0,0.0,0.23478260869565218
1.0,9.0,5.0,0.1,0.1,0.4,3.0,228.0,0.0,0.0,0.2324561403508772
1.0,9.0,6.0,0.1,0.1,0.4,3.0,229.0,0.0,0.0,0.23580786026200873
1.0,9.0,7.0,0.1,0.1,0.4,3.0,227.0,0.0,0.0,0.23348017621145375
1.0,9.0,8.0,0.1,0.1,0.4,3.0,228.0,0.0,0.0,0.23684210526315788
1.0,9.0,9.0,0.1,0.1,0.4,3.0,227.0,0.0,0.0,0.23348017621145375
1.0,9.0,10.0,0.1,0.1,0.4,3.0,228.0,0.0,0.0,0.23684210526315788
1.0,9.0,11.0,0.1,0.1,0.4,3.0,227.0,0.0,0.0,0.23348017621145375
1.0,9.0,12.0,0.1,0.1,0.4,3.0,228.0,0.0,0.0,0.23684210526315788
1.0,9.0,13.0,0.1,0.1,0.4,3.0,227.0,0.0,0.0,0.23348017621145375
1.0,9.0,14.0,0.1,0.1,0.4,3.0,228.0,0.0,0.0,0.23684210526315788
1.0,9.0,15.0,0.1,0.1,0.4,3.0,227.0,0.0,0.0,0.23348017621145375
1.0,9.0,16.0,0.1,0.1,0.4,3.0,226.0,0.0,0.0,0.23893805309734514
1.0,9.0,17.0,0.1,0.1,0.4,3.0,225.0,0.0,0.0,0.23555555555555555
1.0,9.0,18.0,0.1,0.1,0.4,3.0,224.0,0.0,0.0,0.24107142857142858
1.0,9.0,19.0,0.1,0.1,0.4,3.0,223.0,0.0,0.0,0.23766816143497757
1.0,9.0,20.0,0.1,0.1,0.4,3.0,356.0,0.0,0.0,0.12921348314606743
1.0,9.0,21.0,0.1,0.1,0.4,3.0,355.0,0.0,0.0,0.1267605633802817
1.0,9.0,22.0,0.1,0.1,0.4,3.0,347.0,0.0,0.0,0.13256484149855907
1.0,9.0,23.0,0.1,0.1,0.4,3.0,332.0,0.0,0.0,0.13253012048192772
1.0,9.0,24.0,0.1,0.1,0.4,3.0,333.0,0.0,0.0,0.13513513513513514
1.0,9.0,25.0,0.1,0.1,0.4,3.0,323.0,0.0,0.0,0.13312693498452013
1.0,9.0,26.0,0.1,0.1,0.4,3.0,296.0,0.0,0.0,0.13851351351351351
1.0,9.0,27.0,0.1,0.1,0.4,3.0,295.0,0.0,0.0,0.13559322033898305
1.0,9.0,28.0,0.1,0.1,0.4,3.0,296.0,0.0,0.0,0.13851351351351351
1.0,9.0,29.0,0.1,0.1,0.4,3.0,296.0,0.0,0.0,0.13851351351351351
1.0,9.0,30.0,0.1,0.1,0.4,3.0,296.0,0.0,0.0,0.13851351351351351
1.0,9.0,31.0,0.1,0.1,0.4,3.0,295.0,0.0,0.0,0.13898305084745763
1.0,9.0,32.0,0.1,0.1,0.4,3.0,296.0,0.0,0.0,0.13851351351351351
1.0,9.0,33.0,0.1,0.1,0.4,3.0,295.0,0.0,0.0,0.13898305084745763
1.0,9.0,34.0,0.1,0.1,0.4,3.0,296.0,0.0,0.0,0.13851351351351351
1.0,9.0,35.0,0.1,0.1,0.4,3.0,295.0,0.0,0.0,0.13898305084745763
1.0,9.0,36.0,0.1,0.1,0.4,3.0,287.0,0.0,0.0,0.13937282229965156
1.0,9.0,37.0,0.1,0.1,0.4,3.0,287.0,0.0,0.0,0.13937282229965156
1.0,9.0,38.0,0.1,0.1,0.4,3.0,279.0,0.0,0.0,0.14336917562724014
1.0,9.0,39.0,0.1,0.1,0.4,3.0,279.0,0.0,0.0,0.14336917562724014
1.0,9.0,40.0,0.1,0.1,0.4,3.0,269.0,0.0,0.0,0.1449814126394052
1.0,9.0,41.0,0.1,0.1,0.4,3.0,268.0,0.0,0.0,0.1455223880597015
1.0,9.0,42.0,0.1,0.1,0.4,3.0,269.0,0.0,0.0,0.1449814126394052
1.0,9.0,43.0,0.1,0.1,0.4,3.0,269.0,0.0,0.0,0.1449814126394052
1.0,9.0,44.0,0.1,0.1,0.4,3.0,269.0,0.0,0.0,0.1449814126394052
1.0,9.0,45.0,0.1,0.1,0.4,3.0,269.0,0.0,0.0,0.21933085501858737
1.0,9.0,46.0,0.1,0.1,0.4,3.0,260.0,0.0,0.0,0.21923076923076923
1.0,9.0,47.0,0.1,0.1,0.4,3.0,260.0,0.0,0.0,0.21923076923076923
1.0,9.0,48.0,0.1,0.1,0.4,3.0,244.0,0.0,0.0,0.22540983606557377
1.0,9.0,49.0,0.1,0.1,0.4,3.0,244.0,0.0,0.0,0.22540983606557377
1.0,9.0,50.0,0.1,0.1,0.4,3.0,244.0,0.0,0.0,0.22540983606557377
1.0,9.0,51.0,0.1,0.1,0.4,3.0,244.0,0.0,0.0,0.22540983606557377
1.0,9.0,52.0,0.1,0.1,0.4,3.0,244.0,0.0,0.0,0.22540983606557377
1.0,10.0,1.0,0.1,0.1,0.4,3.0,243.0,0.0,0.0,0.22633744855967078
1.0,10.0,2.0,0.1,0.1,0.4,3.0,243.0,0.0,0.0,0.22633744855967078
1.0,10.0,3.0,0.1,0.1,0.4,3.0,240.0,0.0,0.0,0.22916666666666666
1.0,10.0,4.0,0.1,0.1,0.4,3.0,241.0,0.0,0.0,0.22821576763485477
1.0,10.0,5.0,0.1,0.1,0.4,3.0,240.0,0.0,0.0,0.22916666666666666
1.0,10.0,6.0,0.1,0.1,0.4,3.0,237.0,0.0,0.0,0.22784810126582278
1.0,10.0,7.0,0.1,0.1,0.4,3.0,236.0,0.0,0.0,0.2288135593220339
1.0,10.0,8.0,0.1,0.1,0.4,3.0,237.0,0.0,0.0,0.22784810126582278
1.0,10.0,9.0,0.1,0.1,0.4,3.0,235.0,0.0,0.0,0.2297872340425532
1.0,10.0,10.0,0.1,0.1,0.4,3.0,236.0,0.0,0.0,0.2288135593220339
1.0,10.0,11.0,0.1,0.1,0.4,3.0,233.0,0.0,0.0,0.22746781115879827
1.0,10.0,12.0,0.1,0.1,0.4,3.0,235.0,0.0,0.0,0.225531914893617
1.0,10.0,13.0,0.1,0.1,0.4,3.0,234.0,0.0,0.0,0.2264957264957265
1.0,10.0,14.0,0.1,0.1,0.4,3.0,235.0,0.0,0.0,0.225531914893617
1.0,10.0,15.0,0.1,0.1,0.4,3.0,234.0,0.0,0.0,0.2264957264957265
1.0,10.0,16.0,0.1,0.1,0.4,3.0,235.0,0.0,0.0,0.225531914893617
1.0,10.0,17.0,0.1,0.1,0.4,3.0,233.0,0.0,0.0,0.22746781115879827
1.0,10.0,18.0,0.1,0.1,0.4,3.0,235.0,0.0,0.0,0.225531914893617
1.0,10.0,19.0,0.1,0.1,0.4,3.0,234.0,0.0,0.0,0.2264957264957265
1.0,10.0,20.0,0.1,0.1,0.4,3.0,423.0,0.0,0.0,0.1016548463356974
1.0,10.0,21.0,0.1,0.1,0.4,3.0,386.0,0.0,0.0,0.10362694300518134
1.0,10.0,22.0,0.1,0.1,0.4,3.0,378.0,0.0,0.0,0.10052910052910052
1.0,10.0,23.0,0.1,0.1,0.4,3.0,367.0,0.0,0.0,0.10354223433242507
1.0,10.0,24.0,0.1,0.1,0.4,3.0,347.0,0.0,0.0,0.10086455331412104
1.0,10.0,25.0,0.1,0.1,0.4,3.0,345.0,0.0,0.0,0.10144927536231885
1.0,10.0,26.0,0.1,0.1,0.4,3.0,335.0,0.0,0.0,0.1044776119402985
1.0,10.0,27.0,0.1,0.1,0.4,3.0,323.0,0.0,0.0,0.10835913312693499
1.0,10.0,28.0,0.1,0.1,0.4,3.0,305.0,0.0,0.0,0.11147540983606558
1.0,10.0,29.0,0.1,0.1,0.4,3.0,304.0,0.0,0.0,0.1118421052631579
1.0,10.0,30.0,0.1,0.1,0.4,3.0,286.0,0.0,0.0,0.11538461538461539
1.0,10.0,31.0,0.1,0.1,0.4,3.0,277.0,0.0,0.0,0.11913357400722022
1.0,10.0,32.0,0.1,0.1,0.4,3.0,278.0,0.0,0.0,0.11870503597122302
1.0,10.0,33.0,0.1,0.1,0.4,3.0,269.0,0.0,0.0,0.12267657992565056
1.0,10.0,34.0,0.1,0.1,0.4,3.0,270.0,0.0,0.0,0.12222222222222222
1.0,10.0,35.0,0.1,0.1,0.4,3.0,269.0,0.0,0.0,0.12267657992565056
1.0,10.0,36.0,0.1,0.1,0.4,3.0,270.0,0.0,0.0,0.12222222222222222
1.0,10.0,37.0,0.1,0.1,0.4,3.0,260.0,0.0,0.0,0.12692307692307692
1.0,10.0,38.0,0.1,0.1,0.4,3.0,261.0,0.0,0.0,0.12643678160919541
1.0,10.0,39.0,0.1,0.1,0.4,3.0,260.0,0.0,0.0,0.12692307692307692
1.0,10.0,40.0,0.1,0.1,0.4,3.0,258.0,0.0,0.0,0.12790697674418605
1.0,10.0,41.0,0.1,0.1,0.4,3.0,257.0,0.0,0.0,0.12840466926070038
1.0,10.0,42.0,0.1,0.1,0.4,3.0,256.0,0.0,0.0,0.12890625
1.0,10.0,43.0,0.1,0.1,0.4,3.0,255.0,0.0,0.0,0.12941176470588237
1.0,10.0,44.0,0.1,0.1,0.4,3.0,254.0,0.0,0.0,0.12992125984251968
1.0,10.0,45.0,0.1,0.1,0.4,3.0,253.0,0.0,0.0,0.15810276679841898
1.0,10.0,46.0,0.1,0.1,0.4,3.0,254.0,0.0,0.0,0.16141732283464566
1.0,10.0,47.0,0.1,0.1,0.4,3.0,233.0,0.0,0.0,0.1630901287553648
1.0,10.0,48.0,0.1,0.1,0.4,3.0,234.0,0.0,0.0,0.16666666666666666
1.0,10.0,49.0,0.1,0.1,0.4,3.0,233.0,0.0,0.0,0.1630901287553648
1.0,10.0,50.0,0.1,0.1,0.4,3.0,233.0,0.0,0.0,0.16738197424892703
1.0,10.0,51.0,0.1,0.1,0.4,3.0,232.0,0.0,0.0,0.16379310344827586
1.0,10.0,52.0,0.1,0.1,0.4,3.0,233.0,0.0,0.0,0.16738197424892703
2.0,1.0,1.0,0.1,0.1,0.4,3.0,5137.0,47.0,12.0,0.0912984232042048
2.0,1.0,2.0,0.1,0.1,0.4,3.0,5067.0,53.0,19.0,0.09137556739688178
2.0,1.0,3.0,0.1,0.1,0.4,3.0,4932.0,68.0,28.0,0.09326845093268452
2.0,1.0,4.0,0.1,0.1,0.4,3.0,4833.0,79.0,27.0,0.0941444237533623
2.0,1.0,5.0,0.1,0.1,0.4,3.0,4694.0,91.0,35.0,0.09544098849595228
2.0,1.0,6.0,0.1,0.1,0.4,3.0,4542.0,122.0,39.0,0.095112285336856
2.0,1.0,7.0,0.1,0.1,0.4,3.0,4418.0,140.0,48.0,0.0961973743775464
2.0,1.0,8.0,0.1,0.1,0.4,3.0,4198.0,179.0,64.0,0.09647451167222487
2.0,1.0,9.0,0.1,0.1,0.4,3.0,3987.0,202.0,76.0,0.09556057185854025
2.0,1.0,10.0,0.1,0.1,0.4,3.0,3859.0,224.0,101.0,0.09562062710546773
2.0,1.0,11.0,0.1,0.1,0.4,3.0,3615.0,220.0,99.0,0.09820193637621023
2.0,1.0,12.0,0.1,0.1,0.4,3.0,3433.0,242.0,108.0,0.09874745120885522
2.0,1.0,13.0,0.1,0.1,0.4,3.0,3257.0,250.0,103.0,0.09947804728277557
2.0,1.0,14.0,0.1,0.1,0.4,3.0,3123.0,248.0,112.0,0.10118475824527698
2.0,1.0,15.0,0.1,0.1,0.4,3.0,3007.0,245.0,104.0,0.1000997672098437
2.0,1.0,16.0,0.1,0.1,0.4,3.0,2875.0,242.0,114.0,0.10086956521739131
2.0,1.0,17.0,0.1,0.1,0.4,3.0,2806.0,248.0,119.0,0.10263720598717035
2.0,1.0,18.0,0.1,0.1,0.4,3.0,2656.0,260.0,134.0,0.10278614457831325
2.0,1.0,19.0,0.1,0.1,0.4,3.0,2538.0,258.0,128.0,0.10401891252955082
2.0,1.0,20.0,0.1,0.1,0.4,3.0,6723.0,240.0,119.0,0.0382269820020824
2.0,1.0,21.0,0.1,0.1,0.4,3.0,6019.0,315.0,114.0,0.03954145206844991
2.0,1.0,22.0,0.1,0.1,0.4,3.0,5562.0,426.0,141.0,0.04135203164329378
2.0,1.0,23.0,0.1,0.1,0.4,3.0,5156.0,477.0,176.0,0.04266873545384019
2.0,1.0,24.0,0.1,0.1,0.4,3.0,4775.0,520.0,185.0,0.045445026178010474
2.0,1.0,25.0,0.1,0.1,0.4,3.0,4365.0,544.0,204.0,0.048109965635738834
2.0,1.0,26.0,0.1,0.1,0.4,3.0,4037.0,592.0,235.0,0.050284864998761454
2.0,1.0,27.0,0.1,0.1,0.4,3.0,3713.0,623.0,256.0,0.05278750336654996
2.0,1.0,28.0,0.1,0.1,0.4,3.0,3387.0,639.0,267.0,0.05284912902273398
2.0,1.0,29.0,0.1,0.1,0.4,3.0,3058.0,623.0,270.0,0.05689993459777633
2.0,1.0,30.0,0.1,0.1,0.4,3.0,2835.0,604.0,278.0,0.05855379188712522
2.0,1.0,31.0,0.1,0.1,0.4,3.0,2579.0,557.0,273.0,0.06436603334625823
2.0,1.0,32.0,0.1,0.1,0.4,3.0,2381.0,523.0,257.0,0.06845863082738345
2.0,1.0,33.0,0.1,0.1,0.4,3.0,2177.0,498.0,253.0,0.07303628847037207
2.0,1.0,34.0,0.1,0.1,0.4,3.0,2045.0,477.0,237.0,0.07530562347188265
2.0,1.0,35.0,0.1,0.1,0.4,3.0,1900.0,451.0,224.0,0.08157894736842106
2.0,1.0,36.0,0.1,0.1,0.4,3.0,1724.0,409.0,208.0,0.08874709976798144
2.0,1.0,37.0,0.1,0.1,0.4,3.0,1600.0,366.0,182.0,0.095
2.0,1.0,38.0,0.1,0.1,0.4,3.0,1484.0,336.0,175.0,0.10040431266846361
2.0,1.0,39.0,0.1,0.1,0.4,3.0,1378.0,312.0,156.0,0.1081277213352685
2.0,1.0,40.0,0.1,0.1,0.4,3.0,1305.0,285.0,147.0,0.11264367816091954
2.0,1.0,41.0,0.1,0.1,0.4,3.0,1195.0,248.0,120.0,0.12217573221757322
2.0,1.0,42.0,0.1,0.1,0.4,3.0,1114.0,218.0,120.0,0.12746858168761221
2.0,1.0,43.0,0.1,0.1,0.4,3.0,1066.0,203.0,102.0,0.13414634146341464
2.0,1.0,44.0,0.1,0.1,0.4,3.0,1014.0,193.0,93.0,0.1390532544378698
2.0,1.0,45.0,0.1,0.1,0.4,3.0,943.0,162.0,81.0,0.2205726405090138
2.0,1.0,46.0,0.1,0.1,0.4,3.0,914.0,153.0,81.0,0.22538293216630198
2.0,1.0,47.0,0.1,0.1,0.4,3.0,874.0,134.0,67.0,0.2322654462242563
2.0,1.0,48.0,0.1,0.1,0.4,3.0,827.0,113.0,50.0,0.23821039903264812
2.0,1.0,49.0,0.1,0.1,0.4,3.0,783.0,99.0,49.0,0.2515964240102171
2.0,1.0,50.0,0.1,0.1,0.4,3.0,771.0,93.0,57.0,0.25551232166018156
2.0,1.0,51.0,0.1,0.1,0.4,3.0,754.0,92.0,55.0,0.25862068965517243
2.0,1.0,52.0,0.1,0.1,0.4,3.0,738.0,84.0,56.0,0.2601626016260163
2.0,2.0,1.0,0.1,0.1,0.4,3.0,705.0,76.0,42.0,0.27375886524822696
2.0,2.0,2.0,0.1,0.1,0.4,3.0,684.0,66.0,35.0,0.27631578947368424
2.0,2.0,3.0,0.1,0.1,0.4,3.0,657.0,50.0,27.0,0.2831050228310502
2.0,2.0,4.0,0.1,0.1,0.4,3.0,642.0,49.0,30.0,0.2881619937694704
2.0,2.0,5.0,0.1,0.1,0.4,3.0,634.0,48.0,29.0,0.2886435331230284
2.0,2.0,6.0,0.1,0.1,0.4,3.0,606.0,38.0,19.0,0.2953795379537954
2.0,2.0,7.0,0.1,0.1,0.4,3.0,595.0,31.0,18.0,0.2991596638655462
2.0,2.0,8.0,0.1,0.1,0.4,3.0,580.0,27.0,16.0,0.3017241379310345
2.0,2.0,9.0,0.1,0.1,0.4,3.0,575.0,24.0,14.0,0.3026086956521739
2.0,2.0,10.0,0.1,0.1,0.4,3.0,564.0,17.0,7.0,0.3067375886524823
2.0,2.0,11.0,0.1,0.1,0.4,3.0,559.0,16.0,7.0,0.3094812164579606
2.0,2.0,12.0,0.1,0.1,0.4,3.0,552.0,16.0,9.0,0.3115942028985507
2.0,2.0,13.0,0.1,0.1,0.4,3.0,553.0,17.0,9.0,0.3092224231464738
2.0,2.0,14.0,0.1,0.1,0.4,3.0,540.0,15.0,8.0,0.30925925925925923
2.0,2.0,15.0,0.1,0.1,0.4,3.0,537.0,12.0,7.0,0.3128491620111732
2.0,2.0,16.0,0.1,0.1,0.4,3.0,529.0,12.0,9.0,0.31758034026465026
2.0,2.0,17.0,0.1,0.1,0.4,3.0,518.0,9.0,8.0,0.3204633204633205
2.0,2.0,18.0,0.1,0.1,0.4,3.0,508.0,8.0,5.0,0.328740157480315
2.0,2.0,19.0,0.1,0.1,0.4,3.0,508.0,5.0,3.0,0.32677165354330706
2.0,2.0,20.0,0.1,0.1,0.4,3.0,893.0,3.0,1.0,0.18477043673012317
2.0,2.0,21.0,0.1,0.1,0.4,3.0,877.0,3.0,2.0,0.18358038768529075
2.0,2.0,22.0,0.1,0.1,0.4,3.0,831.0,2.0,0.0,0.1865222623345367
2.0,2.0,23.0,0.1,0.1,0.4,3.0,816.0,2.0,2.0,0.18627450980392157
2.0,2.0,24.0,0.1,0.1,0.4,3.0,787.0,5.0,2.0,0.18932655654383734
2.0,2.0,25.0,0.1,0.1,0.4,3.0,779.0,8.0,3.0,0.18998716302952504
2.0,2.0,26.0,0.1,0.1,0.4,3.0,754.0,8.0,1.0,0.19496021220159152
2.0,2.0,27.0,0.1,0.1,0.4,3.0,724.0,8.0,2.0,0.19613259668508287
2.0,2.0,28.0,0.1,0.1,0.4,3.0,709.0,4.0,2.0,0.2002820874471086
2.0,2.0,29.0,0.1,0.1,0.4,3.0,687.0,4.0,4.0,0.20232896652110627
2.0,2.0,30.0,0.1,0.1,0.4,3.0,666.0,5.0,4.0,0.2012012012012012
2.0,2.0,31.0,0.1,0.1,0.4,3.0,646.0,2.0,1.0,0.20588235294117646
2.0,2.0,32.0,0.1,0.1,0.4,3.0,627.0,1.0,1.0,0.20414673046251994
2.0,2.0,33.0,0.1,0.1,0.4,3.0,635.0,2.0,1.0,0.2047244094488189
2.0,2.0,34.0,0.1,0.1,0.4,3.0,623.0,2.0,1.0,0.20545746388443017
2.0,2.0,35.0,0.1,0.1,0.4,3.0,611.0,2.0,0.0,0.2078559738134206
2.0,2.0,36.0,0.1,0.1,0.4,3.0,613.0,2.0,0.0,0.20554649265905384
2.0,2.0,37.0,0.1,0.1,0.4,3.0,600.0,2.0,1.0,0.205
2.0,2.0,38.0,0.1,0.1,0.4,3.0,593.0,2.0,1.0,0.20404721753794267
2.0,2.0,39.0,0.1,0.1,0.4,3.0,599.0,2.0,2.0,0.2003338898163606
2.0,2.0,40.0,0.1,0.1,0.4,3.0,581.0,2.0,1.0,0.20481927710843373
2.0,2.0,41.0,0.1,0.1,0.4,3.0,566.0,2.0,1.0,0.2049469964664311
2.0,2.0,42.0,0.1,0.1,0.4,3.0,552.0,1.0,0.0,0.20471014492753623
2.0,2.0,43.0,0.1,0.1,0.4,3.0,552.0,1.0,1.0,0.20652173913043478
2.0,2.0,44.0,0.1,0.1,0.4,3.0,543.0,1.0,1.0,0.20257826887661143
2.0,2.0,45.0,0.1,0.1,0.4,3.0,542.0,1.0,1.0,0.26014760147601473
2.0,2.0,46.0,0.1,0.1,0.4,3.0,536.0,0.0,0.0,0.2593283582089552
2.0,2.0,47.0,0.1,0.1,0.4,3.0,532.0,0.0,0.0,0.2593984962406015
2.0,2.0,48.0,0.1,0.1,0.4,3.0,501.0,0.0,0.0,0.2634730538922156
2.0,2.0,49.0,0.1,0.1,0.4,3.0,500.0,0.0,0.0,0.258
2.0,2.0,50.0,0.1,0.1,0.4,3.0,482.0,0.0,0.0,0.26348547717842324
2.0,2.0,51.0,0.1,0.1,0.4,3.0,490.0,0.0,0.0,0.26326530612244897
2.0,2.0,52.0,0.1,0.1,0.4,3.0,481.0,0.0,0.0,0.25571725571725573
2.0,3.0,1.0,0.1,0.1,0.4,3.0,480.0,0.0,0.0,0.25416666666666665
2.0,3.0,2.0,0.1,0.1,0.4,3.0,462.0,0.0,0.0,0.2532467532467532
2.0,3.0,3.0,0.1,0.1,0.4,3.0,471.0,0.0,0.0,0.2505307855626327
2.0,3.0,4.0,0.1,0.1,0.4,3.0,462.0,0.0,0.0,0.2510822510822511
2.0,3.0,5.0,0.1,0.1,0.4,3.0,471.0,0.0,0.0,0.24416135881104034
2.0,3.0,6.0,0.1,0.1,0.4,3.0,455.0,0.0,0.0,0.24175824175824176
2.0,3.0,7.0,0.1,0.1,0.4,3.0,468.0,0.0,0.0,0.24358974358974358
2.0,3.0,8.0,0.1,0.1,0.4,3.0,450.0,0.0,0.0,0.24
2.0,3.0,9.0,0.1,0.1,0.4,3.0,457.0,0.0,0.0,0.24507658643326038
2.0,3.0,10.0,0.1,0.1,0.4,3.0,445.0,0.0,0.0,0.23595505617977527
2.0,3.0,11.0,0.1,0.1,0.4,3.0,437.0,0.0,0.0,0.2379862700228833
2.0,3.0,12.0,0.1,0.1,0.4,3.0,439.0,0.0,0.0,0.23462414578587698
2.0,3.0,13.0,0.1,0.1,0.4,3.0,427.0,0.0,0.0,0.234192037470726
2.0,3.0,14.0,0.1,0.1,0.4,3.0,435.0,0.0,0.0,0.23448275862068965
2.0,3.0,15.0,0.1,0.1,0.4,3.0,423.0,0.0,0.0,0.2364066193853428
2.0,3.0,16.0,0.1,0.1,0.4,3.0,431.0,0.0,0.0,0.23897911832946636
2.0,3.0,17.0,0.1,0.1,0.4,3.0,421.0,0.0,0.0,0.23990498812351543
2.0,3.0,18.0,0.1,0.1,0.4,3.0,418.0,0.0,0.0,0.23684210526315788
2.0,3.0,19.0,0.1,0.1,0.4,3.0,404.0,0.0,0.0,0.23514851485148514
2.0,3.0,20.0,0.1,0.1,0.4,3.0,753.0,0.0,0.0,0.12749003984063745
2.0,3.0,21.0,0.1,0.1,0.4,3.0,729.0,0.0,0.0,0.12757201646090535
2.0,3.0,22.0,0.1,0.1,0.4,3.0,725.0,0.0,0.0,0.12827586206896552
2.0,3.0,23.0,0.1,0.1,0.4,3.0,655.0,0.0,0.0,0.13435114503816795
2.0,3.0,24.0,0.1,0.1,0.4,3.0,653.0,0.0,0.0,0.1332312404287902
2.0,3.0,25.0,0.1,0.1,0.4,3.0,619.0,0.0,0.0,0.13570274636510501
2.0,3.0,26.0,0.1,0.1,0.4,3.0,636.0,0.0,0.0,0.1320754716981132
2.0,3.0,27.0,0.1,0.1,0.4,3.0,604.0,0.0,0.0,0.13410596026490065
2.0,3.0,28.0,0.1,0.1,0.4,3.0,613.0,0.0,0.0,0.13050570962479607
2.0,3.0,29.0,0.1,0.1,0.4,3.0,574.0,0.0,0.0,0.1289198606271777
2.0,3.0,30.0,0.1,0.1,0.4,3.0,576.0,0.0,0.0,0.13194444444444445
2.0,3.0,31.0,0.1,0.1,0.4,3.0,539.0,0.0,0.0,0.13358070500927643
2.0,3.0,32.0,0.1,0.1,0.4,3.0,545.0,0.0,0.0,0.13211009174311927
2.0,3.0,33.0,0.1,0.1,0.4,3.0,527.0,0.0,0.0,0.13282732447817835
2.0,3.0,34.0,0.1,0.1,0.4,3.0,527.0,0.0,0.0,0.127134724857685
2.0,3.0,35.0,0.1,0.1,0.4,3.0,524.0,0.0,0.0,0.12786259541984732
2.0,3.0,36.0,0.1,0.1,0.4,3.0,520.0,0.0,0.0,0.12692307692307692
2.0,3.0,37.0,0.1,0.1,0.4,3.0,507.0,0.0,0.0,0.1301775147928994
2.0,3.0,38.0,0.1,0.1,0.4,3.0,503.0,0.0,0.0,0.1312127236580517
2.0,3.0,39.0,0.1,0.1,0.4,3.0,504.0,0.0,0.0,0.13095238095238096
2.0,3.0,40.0,0.1,0.1,0.4,3.0,472.0,0.0,0.0,0.13771186440677965
2.0,3.0,41.0,0.1,0.1,0.4,3.0,467.0,0.0,0.0,0.13704496788008566
2.0,3.0,42.0,0.1,0.1,0.4,3.0,465.0,0.0,0.0,0.13978494623655913
2.0,3.0,43.0,0.1,0.1,0.4,3.0,467.0,0.0,0.0,0.13704496788008566
2.0,3.0,44.0,0.1,0.1,0.4,3.0,455.0,0.0,0.0,0.13846153846153847
2.0,3.0,45.0,0.1,0.1,0.4,3.0,452.0,0.0,0.0,0.1902654867256637
2.0,3.0,46.0,0.1,0.1,0.4,3.0,444.0,0.0,0.0,0.19594594594594594
2.0,3.0,47.0,0.1,0.1,0.4,3.0,451.0,0.0,0.0,0.19068736141906872
2.0,3.0,48.0,0.1,0.1,0.4,3.0,436.0,0.0,0.0,0.19495412844036697
2.0,3.0,49.0,0.1,0.1,0.4,3.0,413.0,0.0,0.0,0.19128329297820823
2.0,3.0,50.0,0.1,0.1,0.4,3.0,409.0,0.0,0.0,0.19559902200489
2.0,3.0,51.0,0.1,0.1,0.4,3.0,401.0,0.0,0.0,0.19201995012468828
2.0,3.0,52.0,0.1,0.1,0.4,3.0,409.0,0.0,0.0,0.19315403422982885
2.0,4.0,1.0,0.1,0.1,0.4,3.0,407.0,0.0,0.0,0.1891891891891892
2.0,4.0,2.0,0.1,0.1,0.4,3.0,404.0,0.0,0.0,0.19554455445544555
2.0,4.0,3.0,0.1,0.1,0.4,3.0,399.0,0.0,0.0,0.19047619047619047
2.0,4.0,4.0,0.1,0.1,0.4,3.0,403.0,0.0,0.0,0.19602977667493796
2.0,4.0,5.0,0.1,0.1,0.4,3.0,402.0,0.0,0.0,0.19402985074626866
2.0,4.0,6.0,0.1,0.1,0.4,3.0,396.0,0.0,0.0,0.19696969696969696
2.0,4.0,7.0,0.1,0.1,0.4,3.0,397.0,0.0,0.0,0.1964735516372796
2.0,4.0,8.0,0.1,0.1,0.4,3.0,390.0,0.0,0.0,0.19487179487179487
2.0,4.0,9.0,0.1,0.1,0.4,3.0,388.0,0.0,0.0,0.1958762886597938
2.0,4.0,10.0,0.1,0.1,0.4,3.0,387.0,0.0,0.0,0.1937984496124031
2.0,4.0,11.0,0.1,0.1,0.4,3.0,385.0,0.0,0.0,0.19480519480519481
2.0,4.0,12.0,0.1,0.1,0.4,3.0,385.0,0.0,0.0,0.19480519480519481
2.0,4.0,13.0,0.1,0.1,0.4,3.0,385.0,0.0,0.0,0.19480519480519481
2.0,4.0,14.0,0.1,0.1,0.4,3.0,385.0,0.0,0.0,0.19480519480519481
2.0,4.0,15.0,0.1,0.1,0.4,3.0,383.0,0.0,0.0,0.195822454308094
2.0,4.0,16.0,0.1,0.1,0.4,3.0,380.0,0.0,0.0,0.19736842105263158
2.0,4.0,17.0,0.1,0.1,0.4,3.0,378.0,0.0,0.0,0.1984126984126984
2.0,4.0,18.0,0.1,0.1,0.4,3.0,368.0,0.0,0.0,0.20108695652173914
2.0,4.0,19.0,0.1,0.1,0.4,3.0,363.0,0.0,0.0,0.19834710743801653
2.0,4.0,20.0,0.1,0.1,0.4,3.0,723.0,0.0,0.0,0.0995850622406639
2.0,4.0,21.0,0.1,0.1,0.4,3.0,702.0,0.0,0.0,0.10113960113960115
2.0,4.0,22.0,0.1,0.1,0.4,3.0,695.0,0.0,0.0,0.10215827338129496
2.0,4.0,23.0,0.1,0.1,0.4,3.0,692.0,0.0,0.0,0.10260115606936417
2.0,4.0,24.0,0.1,0.1,0.4,3.0,674.0,0.0,0.0,0.10534124629080119
2.0,4.0,25.0,0.1,0.1,0.4,3.0,660.0,0.0,0.0,0.10454545454545454
2.0,4.0,26.0,0.1,0.1,0.4,3.0,622.0,0.0,0.0,0.10771704180064309
2.0,4.0,27.0,0.1,0.1,0.4,3.0,615.0,0.0,0.0,0.1040650406504065
2.0,4.0,28.0,0.1,0.1,0.4,3.0,577.0,0.0,0.0,0.10918544194107452
2.0,4.0,29.0,0.1,0.1,0.4,3.0,583.0,0.0,0.0,0.10634648370497427
2.0,4.0,30.0,0.1,0.1,0.4,3.0,573.0,0.0,0.0,0.1099476439790576
2.0,4.0,31.0,0.1,0.1,0.4,3.0,561.0,0.0,0.0,0.1051693404634581
2.0,4.0,32.0,0.1,0.1,0.4,3.0,554.0,0.0,0.0,0.10830324909747292
2.0,4.0,33.0,0.1,0.1,0.4,3.0,545.0,0.0,0.0,0.10825688073394496
2.0,4.0,34.0,0.1,0.1,0.4,3.0,539.0,0.0,0.0,0.11131725417439703
2.0,4.0,35.0,0.1,0.1,0.4,3.0,516.0,0.0,0.0,0.10852713178294573
2.0,4.0,36.0,0.1,0.1,0.4,3.0,485.0,0.0,0.0,0.12164948453608247
2.0,4.0,37.0,0.1,0.1,0.4,3.0,479.0,0.0,0.0,0.11691022964509394
2.0,4.0,38.0,0.1,0.1,0.4,3.0,482.0,0.0,0.0,0.12240663900414937
2.0,4.0,39.0,0.1,0.1,0.4,3.0,474.0,0.0,0.0,0.1160337552742616
2.0,4.0,40.0,0.1,0.1,0.4,3.0,466.0,0.0,0.0,0.11802575107296137
2.0,4.0,41.0,0.1,0.1,0.4,3.0,447.0,0.0,0.0,0.11185682326621924
2.0,4.0,42.0,0.1,0.1,0.4,3.0,413.0,0.0,0.0,0.11864406779661017
2.0,4.0,43.0,0.1,0.1,0.4,3.0,393.0,0.0,0.0,0.11195928753180662
2.0,4.0,44.0,0.1,0.1,0.4,3.0,394.0,0.0,0.0,0.1218274111675127
2.0,4.0,45.0,0.1,0.1,0.4,3.0,372.0,0.0,0.0,0.18010752688172044
2.0,4.0,46.0,0.1,0.1,0.4,3.0,371.0,0.0,0.0,0.18867924528301888
2.0,4.0,47.0,0.1,0.1,0.4,3.0,351.0,0.0,0.0,0.18803418803418803
2.0,4.0,48.0,0.1,0.1,0.4,3.0,353.0,0.0,0.0,0.20113314447592068
2.0,4.0,49.0,0.1,0.1,0.4,3.0,342.0,0.0,0.0,0.195906432748538
2.0,4.0,50.0,0.1,0.1,0.4,3.0,354.0,0.0,0.0,0.20056497175141244
2.0,4.0,51.0,0.1,0.1,0.4,3.0,335.0,0.0,0.0,0.2
2.0,4.0,52.0,0.1,0.1,0.4,3.0,341.0,0.0,0.0,0.20527859237536658
2.0,5.0,1.0,0.1,0.1,0.4,3.0,326.0,0.0,0.0,0.20245398773006135
2.0,5.0,2.0,0.1,0.1,0.4,3.0,338.0,0.0,0.0,0.20710059171597633
2.0,5.0,3.0,0.1,0.1,0.4,3.0,326.0,0.0,0.0,0.20552147239263804
2.0,5.0,4.0,0.1,0.1,0.4,3.0,335.0,0.0,0.0,0.20597014925373133
2.0,5.0,5.0,0.1,0.1,0.4,3.0,306.0,0.0,0.0,0.20915032679738563
2.0,5.0,6.0,0.1,0.1,0.4,3.0,312.0,0.0,0.0,0.20833333333333334
2.0,5.0,7.0,0.1,0.1,0.4,3.0,303.0,0.0,0.0,0.2079207920792079
2.0,5.0,8.0,0.1,0.1,0.4,3.0,311.0,0.0,0.0,0.2057877813504823
2.0,5.0,9.0,0.1,0.1,0.4,3.0,300.0,0.0,0.0,0.21
2.0,5.0,10.0,0.1,0.1,0.4,3.0,304.0,0.0,0.0,0.20723684210526316
2.0,5.0,11.0,0.1,0.1,0.4,3.0,294.0,0.0,0.0,0.2108843537414966
2.0,5.0,12.0,0.1,0.1,0.4,3.0,304.0,0.0,0.0,0.20723684210526316
2.0,5.0,13.0,0.1,0.1,0.4,3.0,292.0,0.0,0.0,0.21232876712328766
2.0,5.0,14.0,0.1,0.1,0.4,3.0,300.0,0.0,0.0,0.20666666666666667
2.0,5.0,15.0,0.1,0.1,0.4,3.0,289.0,0.0,0.0,0.21107266435986158
2.0,5.0,16.0,0.1,0.1,0.4,3.0,297.0,0.0,0.0,0.2053872053872054
2.0,5.0,17.0,0.1,0.1,0.4,3.0,288.0,0.0,0.0,0.20833333333333334
2.0,5.0,18.0,0.1,0.1,0.4,3.0,297.0,0.0,0.0,0.2053872053872054
2.0,5.0,19.0,0.1,0.1,0.4,3.0,287.0,0.0,0.0,0.20905923344947736
2.0,5.0,20.0,0.1,0.1,0.4,3.0,513.0,0.0,0.0,0.11695906432748537
2.0,5.0,21.0,0.1,0.1,0.4,3.0,439.0,0.0,0.0,0.1275626423690205
2.0,5.0,22.0,0.1,0.1,0.4,3.0,462.0,0.0,0.0,0.12554112554112554
2.0,5.0,23.0,0.1,0.1,0.4,3.0,428.0,0.0,0.0,0.1261682242990654
2.0,5.0,24.0,0.1,0.1,0.4,3.0,454.0,0.0,0.0,0.1211453744493392
2.0,5.0,25.0,0.1,0.1,0.4,3.0,416.0,0.0,0.0,0.12740384615384615
2.0,5.0,26.0,0.1,0.1,0.4,3.0,444.0,0.0,0.0,0.12612612612612611
2.0,5.0,27.0,0.1,0.1,0.4,3.0,419.0,0.0,0.0,0.12649164677804295
2.0,5.0,28.0,0.1,0.1,0.4,3.0,411.0,0.0,0.0,0.13138686131386862
2.0,5.0,29.0,0.1,0.1,0.4,3.0,382.0,0.0,0.0,0.13350785340314136
2.0,5.0,30.0,0.1,0.1,0.4,3.0,389.0,0.0,0.0,0.12853470437017994
2.0,5.0,31.0,0.1,0.1,0.4,3.0,375.0,0.0,0.0,0.13333333333333333
2.0,5.0,32.0,0.1,0.1,0.4,3.0,378.0,0.0,0.0,0.12962962962962962
2.0,5.0,33.0,0.1,0.1,0.4,3.0,358.0,0.0,0.0,0.13687150837988826
2.0,5.0,34.0,0.1,0.1,0.4,3.0,357.0,0.0,0.0,0.1400560224089636
2.0,5.0,35.0,0.1,0.1,0.4,3.0,347.0,0.0,0.0,0.14121037463976946
2.0,5.0,36.0,0.1,0.1,0.4,3.0,355.0,0.0,0.0,0.13802816901408452
2.0,5.0,37.0,0.1,0.1,0.4,3.0,345.0,0.0,0.0,0.1391304347826087
2.0,5.0,38.0,0.1,0.1,0.4,3.0,360.0,0.0,0.0,0.1388888888888889
2.0,5.0,39.0,0.1,0.1,0.4,3.0,345.0,0.0,0.0,0.1391304347826087
2.0,5.0,40.0,0.1,0.1,0.4,3.0,360.0,0.0,0.0,0.1388888888888889
2.0,5.0,41.0,0.1,0.1,0.4,3.0,349.0,0.0,0.0,0.14040114613180515
2.0,5.0,42.0,0.1,0.1,0.4,3.0,357.0,0.0,0.0,0.1400560224089636
2.0,5.0,43.0,0.1,0.1,0.4,3.0,344.0,0.0,0.0,0.13953488372093023
2.0,5.0,44.0,0.1,0.1,0.4,3.0,358.0,0.0,0.0,0.13687150837988826
2.0,5.0,45.0,0.1,0.1,0.4,3.0,347.0,0.0,0.0,0.1873198847262248
2.0,5.0,46.0,0.1,0.1,0.4,3.0,352.0,0.0,0.0,0.1903409090909091
2.0,5.0,47.0,0.1,0.1,0.4,3.0,328.0,0.0,0.0,0.19207317073170732
2.0,5.0,48.0,0.1,0.1,0.4,3.0,343.0,0.0,0.0,0.1924198250728863
2.0,5.0,49.0,0.1,0.1,0.4,3.0,320.0,0.0,0.0,0.190625
2.0,5.0,50.0,0.1,0.1,0.4,3.0,330.0,0.0,0.0,0.19090909090909092
2.0,5.0,51.0,0.1,0.1,0.4,3.0,322.0,0.0,0.0,0.1956521739130435
2.0,5.0,52.0,0.1,0.1,0.4,3.0,326.0,0.0,0.0,0.1901840490797546
2.0,6.0,1.0,0.1,0.1,0.4,3.0,320.0,0.0,0.0,0.19375
2.0,6.0,2.0,0.1,0.1,0.4,3.0,319.0,0.0,0.0,0.19122257053291536
2.0,6.0,3.0,0.1,0.1,0.4,3.0,321.0,0.0,0.0,0.19003115264797507
2.0,6.0,4.0,0.1,0.1,0.4,3.0,310.0,0.0,0.0,0.1935483870967742
2.0,6.0,5.0,0.1,0.1,0.4,3.0,313.0,0.0,0.0,0.19488817891373802
2.0,6.0,6.0,0.1,0.1,0.4,3.0,311.0,0.0,0.0,0.19614147909967847
2.0,6.0,7.0,0.1,0.1,0.4,3.0,312.0,0.0,0.0,0.1891025641025641
2.0,6.0,8.0,0.1,0.1,0.4,3.0,310.0,0.0,0.0,0.1967741935483871
2.0,6.0,9.0,0.1,0.1,0.4,3.0,311.0,0.0,0.0,0.18971061093247588
2.0,6.0,10.0,0.1,0.1,0.4,3.0,312.0,0.0,0.0,0.1955128205128205
2.0,6.0,11.0,0.1,0.1,0.4,3.0,307.0,0.0,0.0,0.19218241042345277
2.0,6.0,12.0,0.1,0.1,0.4,3.0,301.0,0.0,0.0,0.19933554817275748
2.0,6.0,13.0,0.1,0.1,0.4,3.0,297.0,0.0,0.0,0.19865319865319866
2.0,6.0,14.0,0.1,0.1,0.4,3.0,295.0,0.0,0.0,0.19661016949152543
2.0,6.0,15.0,0.1,0.1,0.4,3.0,295.0,0.0,0.0,0.2
2.0,6.0,16.0,0.1,0.1,0.4,3.0,293.0,0.0,0.0,0.19795221843003413
2.0,6.0,17.0,0.1,0.1,0.4,3.0,291.0,0.0,0.0,0.19931271477663232
2.0,6.0,18.0,0.1,0.1,0.4,3.0,292.0,0.0,0.0,0.20205479452054795
2.0,6.0,19.0,0.1,0.1,0.4,3.0,294.0,0.0,0.0,0.20068027210884354
2.0,6.0,20.0,0.1,0.1,0.4,3.0,492.0,0.0,0.0,0.11991869918699187
2.0,6.0,21.0,0.1,0.1,0.4,3.0,487.0,0.0,0.0,0.12114989733059549
2.0,6.0,22.0,0.1,0.1,0.4,3.0,489.0,0.0,0.0,0.11860940695296524
2.0,6.0,23.0,0.1,0.1,0.4,3.0,467.0,0.0,0.0,0.11991434689507495
2.0,6.0,24.0,0.1,0.1,0.4,3.0,473.0,0.0,0.0,0.11627906976744186
2.0,6.0,25.0,0.1,0.1,0.4,3.0,465.0,0.0,0.0,0.11827956989247312
2.0,6.0,26.0,0.1,0.1,0.4,3.0,465.0,0.0,0.0,0.11827956989247312
2.0,6.0,27.0,0.1,0.1,0.4,3.0,454.0,0.0,0.0,0.1211453744493392
2.0,6.0,28.0,0.1,0.1,0.4,3.0,428.0,0.0,0.0,0.12383177570093458
2.0,6.0,29.0,0.1,0.1,0.4,3.0,423.0,0.0,0.0,0.12529550827423167
2.0,6.0,30.0,0.1,0.1,0.4,3.0,413.0,0.0,0.0,0.12106537530266344
2.0,6.0,31.0,0.1,0.1,0.4,3.0,390.0,0.0,0.0,0.13076923076923078
2.0,6.0,32.0,0.1,0.1,0.4,3.0,381.0,0.0,0.0,0.12860892388451445
2.0,6.0,33.0,0.1,0.1,0.4,3.0,373.0,0.0,0.0,0.13404825737265416
2.0,6.0,34.0,0.1,0.1,0.4,3.0,370.0,0.0,0.0,0.12972972972972974
2.0,6.0,35.0,0.1,0.1,0.4,3.0,368.0,0.0,0.0,0.1331521739130435
2.0,6.0,36.0,0.1,0.1,0.4,3.0,362.0,0.0,0.0,0.13259668508287292
2.0,6.0,37.0,0.1,0.1,0.4,3.0,350.0,0.0,0.0,0.13714285714285715
2.0,6.0,38.0,0.1,0.1,0.4,3.0,343.0,0.0,0.0,0.13702623906705538
2.0,6.0,39.0,0.1,0.1,0.4,3.0,344.0,0.0,0.0,0.13662790697674418
2.0,6.0,40.0,0.1,0.1,0.4,3.0,341.0,0.0,0.0,0.1348973607038123
2.0,6.0,41.0,0.1,0.1,0.4,3.0,341.0,0.0,0.0,0.1348973607038123
2.0,6.0,42.0,0.1,0.1,0.4,3.0,329.0,0.0,0.0,0.13677811550151975
2.0,6.0,43.0,0.1,0.1,0.4,3.0,337.0,0.0,0.0,0.13649851632047477
2.0,6.0,44.0,0.1,0.1,0.4,3.0,321.0,0.0,0.0,0.13707165109034267
2.0,6.0,45.0,0.1,0.1,0.4,3.0,315.0,0.0,0.0,0.2
2.0,6.0,46.0,0.1,0.1,0.4,3.0,296.0,0.0,0.0,0.20608108108108109
2.0,6.0,47.0,0.1,0.1,0.4,3.0,293.0,0.0,0.0,0.21160409556313994
2.0,6.0,48.0,0.1,0.1,0.4,3.0,273.0,0.0,0.0,0.2087912087912088
2.0,6.0,49.0,0.1,0.1,0.4,3.0,267.0,0.0,0.0,0.21348314606741572
2.0,6.0,50.0,0.1,0.1,0.4,3.0,268.0,0.0,0.0,0.21641791044776118
2.0,6.0,51.0,0.1,0.1,0.4,3.0,263.0,0.0,0.0,0.21292775665399238
2.0,6.0,52.0,0.1,0.1,0.4,3.0,267.0,0.0,0.0,0.21722846441947566
2.0,7.0,1.0,0.1,0.1,0.4,3.0,258.0,0.0,0.0,0.2131782945736434
2.0,7.0,2.0,0.1,0.1,0.4,3.0,260.0,0.0,0.0,0.2153846153846154
2.0,7.0,3.0,0.1,0.1,0.4,3.0,242.0,0.0,0.0,0.2066115702479339
2.0,7.0,4.0,0.1,0.1,0.4,3.0,243.0,0.0,0.0,0.205761316872428
2.0,7.0,5.0,0.1,0.1,0.4,3.0,235.0,0.0,0.0,0.20851063829787234
2.0,7.0,6.0,0.1,0.1,0.4,3.0,237.0,0.0,0.0,0.20253164556962025
2.0,7.0,7.0,0.1,0.1,0.4,3.0,233.0,0.0,0.0,0.20600858369098712
2.0,7.0,8.0,0.1,0.1,0.4,3.0,234.0,0.0,0.0,0.20085470085470086
2.0,7.0,9.0,0.1,0.1,0.4,3.0,233.0,0.0,0.0,0.2017167381974249
2.0,7.0,10.0,0.1,0.1,0.4,3.0,232.0,0.0,0.0,0.19827586206896552
2.0,7.0,11.0,0.1,0.1,0.4,3.0,230.0,0.0,0.0,0.20434782608695654
2.0,7.0,12.0,0.1,0.1,0.4,3.0,225.0,0.0,0.0,0.20444444444444446
2.0,7.0,13.0,0.1,0.1,0.4,3.0,229.0,0.0,0.0,0.2052401746724891
2.0,7.0,14.0,0.1,0.1,0.4,3.0,223.0,0.0,0.0,0.20179372197309417
2.0,7.0,15.0,0.1,0.1,0.4,3.0,228.0,0.0,0.0,0.20175438596491227
2.0,7.0,16.0,0.1,0.1,0.4,3.0,221.0,0.0,0.0,0.20361990950226244
2.0,7.0,17.0,0.1,0.1,0.4,3.0,227.0,0.0,0.0,0.2026431718061674
2.0,7.0,18.0,0.1,0.1,0.4,3.0,221.0,0.0,0.0,0.20361990950226244
2.0,7.0,19.0,0.1,0.1,0.4,3.0,227.0,0.0,0.0,0.2026431718061674
2.0,7.0,20.0,0.1,0.1,0.4,3.0,407.0,0.0,0.0,0.11056511056511056
2.0,7.0,21.0,0.1,0.1,0.4,3.0,400.0,0.0,0.0,0.11
2.0,7.0,22.0,0.1,0.1,0.4,3.0,379.0,0.0,0.0,0.11081794195250659
2.0,7.0,23.0,0.1,0.1,0.4,3.0,383.0,0.0,0.0,0.11488250652741515
2.0,7.0,24.0,0.1,0.1,0.4,3.0,362.0,0.0,0.0,0.11049723756906077
2.0,7.0,25.0,0.1,0.1,0.4,3.0,357.0,0.0,0.0,0.11484593837535013
2.0,7.0,26.0,0.1,0.1,0.4,3.0,324.0,0.0,0.0,0.12037037037037036
2.0,7.0,27.0,0.1,0.1,0.4,3.0,327.0,0.0,0.0,0.11314984709480122
2.0,7.0,28.0,0.1,0.1,0.4,3.0,306.0,0.0,0.0,0.12745098039215685
2.0,7.0,29.0,0.1,0.1,0.4,3.0,297.0,0.0,0.0,0.12457912457912458
2.0,7.0,30.0,0.1,0.1,0.4,3.0,294.0,0.0,0.0,0.1326530612244898
2.0,7.0,31.0,0.1,0.1,0.4,3.0,271.0,0.0,0.0,0.12915129151291513
2.0,7.0,32.0,0.1,0.1,0.4,3.0,254.0,0.0,0.0,0.1377952755905512
2.0,7.0,33.0,0.1,0.1,0.4,3.0,253.0,0.0,0.0,0.13043478260869565
2.0,7.0,34.0,0.1,0.1,0.4,3.0,226.0,0.0,0.0,0.1415929203539823
2.0,7.0,35.0,0.1,0.1,0.4,3.0,234.0,0.0,0.0,0.1282051282051282
2.0,7.0,36.0,0.1,0.1,0.4,3.0,221.0,0.0,0.0,0.13574660633484162
2.0,7.0,37.0,0.1,0.1,0.4,3.0,232.0,0.0,0.0,0.12931034482758622
2.0,7.0,38.0,0.1,0.1,0.4,3.0,217.0,0.0,0.0,0.1382488479262673
2.0,7.0,39.0,0.1,0.1,0.4,3.0,231.0,0.0,0.0,0.12554112554112554
2.0,7.0,40.0,0.1,0.1,0.4,3.0,214.0,0.0,0.0,0.14018691588785046
2.0,7.0,41.0,0.1,0.1,0.4,3.0,232.0,0.0,0.0,0.125
2.0,7.0,42.0,0.1,0.1,0.4,3.0,214.0,0.0,0.0,0.13551401869158877
2.0,7.0,43.0,0.1,0.1,0.4,3.0,231.0,0.0,0.0,0.12987012987012986
2.0,7.0,44.0,0.1,0.1,0.4,3.0,214.0,0.0,0.0,0.14018691588785046
2.0,7.0,45.0,0.1,0.1,0.4,3.0,228.0,0.0,0.0,0.18421052631578946
2.0,7.0,46.0,0.1,0.1,0.4,3.0,218.0,0.0,0.0,0.18807339449541285
2.0,7.0,47.0,0.1,0.1,0.4,3.0,223.0,0.0,0.0,0.18834080717488788
2.0,7.0,48.0,0.1,0.1,0.4,3.0,217.0,0.0,0.0,0.1889400921658986
2.0,7.0,49.0,0.1,0.1,0.4,3.0,222.0,0.0,0.0,0.1891891891891892
2.0,7.0,50.0,0.1,0.1,0.4,3.0,219.0,0.0,0.0,0.1872146118721461
2.0,7.0,51.0,0.1,0.1,0.4,3.0,226.0,0.0,0.0,0.18584070796460178
2.0,7.0,52.0,0.1,0.1,0.4,3.0,219.0,0.0,0.0,0.1872146118721461
2.0,8.0,1.0,0.1,0.1,0.4,3.0,226.0,0.0,0.0,0.18584070796460178
2.0,8.0,2.0,0.1,0.1,0.4,3.0,220.0,0.0,0.0,0.18636363636363637
2.0,8.0,3.0,0.1,0.1,0.4,3.0,225.0,0.0,0.0,0.18666666666666668
2.0,8.0,4.0,0.1,0.1,0.4,3.0,216.0,0.0,0.0,0.18981481481481483
2.0,8.0,5.0,0.1,0.1,0.4,3.0,221.0,0.0,0.0,0.19004524886877827
2.0,8.0,6.0,0.1,0.1,0.4,3.0,217.0,0.0,0.0,0.1889400921658986
2.0,8.0,7.0,0.1,0.1,0.4,3.0,218.0,0.0,0.0,0.1926605504587156
2.0,8.0,8.0,0.1,0.1,0.4,3.0,217.0,0.0,0.0,0.1889400921658986
2.0,8.0,9.0,0.1,0.1,0.4,3.0,217.0,0.0,0.0,0.1935483870967742
2.0,8.0,10.0,0.1,0.1,0.4,3.0,216.0,0.0,0.0,0.18981481481481483
2.0,8.0,11.0,0.1,0.1,0.4,3.0,217.0,0.0,0.0,0.1935483870967742
2.0,8.0,12.0,0.1,0.1,0.4,3.0,217.0,0.0,0.0,0.1889400921658986
2.0,8.0,13.0,0.1,0.1,0.4,3.0,218.0,0.0,0.0,0.1926605504587156
2.0,8.0,14.0,0.1,0.1,0.4,3.0,217.0,0.0,0.0,0.1889400921658986
2.0,8.0,15.0,0.1,0.1,0.4,3.0,217.0,0.0,0.0,0.1889400921658986
2.0,8.0,16.0,0.1,0.1,0.4,3.0,216.0,0.0,0.0,0.18981481481481483
2.0,8.0,17.0,0.1,0.1,0.4,3.0,216.0,0.0,0.0,0.18981481481481483
2.0,8.0,18.0,0.1,0.1,0.4,3.0,215.0,0.0,0.0,0.19069767441860466
2.0,8.0,19.0,0.1,0.1,0.4,3.0,218.0,0.0,0.0,0.1926605504587156
2.0,8.0,20.0,0.1,0.1,0.4,3.0,444.0,0.0,0.0,0.09234234234234234
2.0,8.0,21.0,0.1,0.1,0.4,3.0,432.0,0.0,0.0,0.09722222222222222
2.0,8.0,22.0,0.1,0.1,0.4,3.0,410.0,0.0,0.0,0.0975609756097561
2.0,8.0,23.0,0.1,0.1,0.4,3.0,392.0,0.0,0.0,0.10204081632653061
2.0,8.0,24.0,0.1,0.1,0.4,3.0,363.0,0.0,0.0,0.1046831955922865
2.0,8.0,25.0,0.1,0.1,0.4,3.0,347.0,0.0,0.0,0.10662824207492795
2.0,8.0,26.0,0.1,0.1,0.4,3.0,324.0,0.0,0.0,0.11419753086419752
2.0,8.0,27.0,0.1,0.1,0.4,3.0,328.0,0.0,0.0,0.11280487804878049
2.0,8.0,28.0,0.1,0.1,0.4,3.0,314.0,0.0,0.0,0.11464968152866242
2.0,8.0,29.0,0.1,0.1,0.4,3.0,319.0,0.0,0.0,0.11285266457680251
2.0,8.0,30.0,0.1,0.1,0.4,3.0,299.0,0.0,0.0,0.11371237458193979
2.0,8.0,31.0,0.1,0.1,0.4,3.0,286.0,0.0,0.0,0.11538461538461539
2.0,8.0,32.0,0.1,0.1,0.4,3.0,269.0,0.0,0.0,0.12267657992565056
2.0,8.0,33.0,0.1,0.1,0.4,3.0,264.0,0.0,0.0,0.12121212121212122
2.0,8.0,34.0,0.1,0.1,0.4,3.0,261.0,0.0,0.0,0.11877394636015326
2.0,8.0,35.0,0.1,0.1,0.4,3.0,256.0,0.0,0.0,0.12109375
2.0,8.0,36.0,0.1,0.1,0.4,3.0,251.0,0.0,0.0,0.11952191235059761
2.0,8.0,37.0,0.1,0.1,0.4,3.0,256.0,0.0,0.0,0.12109375
2.0,8.0,38.0,0.1,0.1,0.4,3.0,244.0,0.0,0.0,0.11885245901639344
2.0,8.0,39.0,0.1,0.1,0.4,3.0,248.0,0.0,0.0,0.12096774193548387
2.0,8.0,40.0,0.1,0.1,0.4,3.0,229.0,0.0,0.0,0.12663755458515283
2.0,8.0,41.0,0.1,0.1,0.4,3.0,226.0,0.0,0.0,0.13274336283185842
2.0,8.0,42.0,0.1,0.1,0.4,3.0,228.0,0.0,0.0,0.12719298245614036
2.0,8.0,43.0,0.1,0.1,0.4,3.0,225.0,0.0,0.0,0.13333333333333333
2.0,8.0,44.0,0.1,0.1,0.4,3.0,229.0,0.0,0.0,0.12663755458515283
2.0,8.0,45.0,0.1,0.1,0.4,3.0,226.0,0.0,0.0,0.24336283185840707
2.0,8.0,46.0,0.1,0.1,0.4,3.0,230.0,0.0,0.0,0.23043478260869565
2.0,8.0,47.0,0.1,0.1,0.4,3.0,226.0,0.0,0.0,0.23893805309734514
2.0,8.0,48.0,0.1,0.1,0.4,3.0,229.0,0.0,0.0,0.2314410480349345
2.0,8.0,49.0,0.1,0.1,0.4,3.0,230.0,0.0,0.0,0.2391304347826087
2.0,8.0,50.0,0.1,0.1,0.4,3.0,228.0,0.0,0.0,0.2324561403508772
2.0,8.0,51.0,0.1,0.1,0.4,3.0,225.0,0.0,0.0,0.23555555555555555
2.0,8.0,52.0,0.1,0.1,0.4,3.0,218.0,0.0,0.0,0.23853211009174313
2.0,9.0,1.0,0.1,0.1,0.4,3.0,226.0,0.0,0.0,0.23893805309734514
2.0,9.0,2.0,0.1,0.1,0.4,3.0,217.0,0.0,0.0,0.23963133640552994
2.0,9.0,3.0,0.1,0.1,0.4,3.0,226.0,0.0,0.0,0.23893805309734514
2.0,9.0,4.0,0.1,0.1,0.4,3.0,217.0,0.0,0.0,0.23963133640552994
2.0,9.0,5.0,0.1,0.1,0.4,3.0,226.0,0.0,0.0,0.23893805309734514
2.0,9.0,6.0,0.1,0.1,0.4,3.0,216.0,0.0,0.0,0.24074074074074073
2.0,9.0,7.0,0.1,0.1,0.4,3.0,226.0,0.0,0.0,0.23893805309734514
2.0,9.0,8.0,0.1,0.1,0.4,3.0,216.0,0.0,0.0,0.24074074074074073
2.0,9.0,9.0,0.1,0.1,0.4,3.0,225.0,0.0,0.0,0.24
2.0,9.0,10.0,0.1,0.1,0.4,3.0,215.0,0.0,0.0,0.2372093023255814
2.0,9.0,11.0,0.1,0.1,0.4,3.0,225.0,0.0,0.0,0.24
2.0,9.0,12.0,0.1,0.1,0.4,3.0,218.0,0.0,0.0,0.23853211009174313
2.0,9.0,13.0,0.1,0.1,0.4,3.0,225.0,0.0,0.0,0.24
2.0,9.0,14.0,0.1,0.1,0.4,3.0,206.0,0.0,0.0,0.2524271844660194
2.0,9.0,15.0,0.1,0.1,0.4,3.0,212.0,0.0,0.0,0.25
2.0,9.0,16.0,0.1,0.1,0.4,3.0,204.0,0.0,0.0,0.25
2.0,9.0,17.0,0.1,0.1,0.4,3.0,213.0,0.0,0.0,0.24882629107981222
2.0,9.0,18.0,0.1,0.1,0.4,3.0,203.0,0.0,0.0,0.2512315270935961
2.0,9.0,19.0,0.1,0.1,0.4,3.0,212.0,0.0,0.0,0.25
2.0,9.0,20.0,0.1,0.1,0.4,3.0,341.0,0.0,0.0,0.1348973607038123
2.0,9.0,21.0,0.1,0.1,0.4,3.0,345.0,0.0,0.0,0.13623188405797101
2.0,9.0,22.0,0.1,0.1,0.4,3.0,332.0,0.0,0.0,0.1355421686746988
2.0,9.0,23.0,0.1,0.1,0.4,3.0,345.0,0.0,0.0,0.13623188405797101
2.0,9.0,24.0,0.1,0.1,0.4,3.0,315.0,0.0,0.0,0.13968253968253969
2.0,9.0,25.0,0.1,0.1,0.4,3.0,302.0,0.0,0.0,0.152317880794702
2.0,9.0,26.0,0.1,0.1,0.4,3.0,287.0,0.0,0.0,0.14982578397212543
2.0,9.0,27.0,0.1,0.1,0.4,3.0,294.0,0.0,0.0,0.15306122448979592
2.0,9.0,28.0,0.1,0.1,0.4,3.0,288.0,0.0,0.0,0.14930555555555555
2.0,9.0,29.0,0.1,0.1,0.4,3.0,282.0,0.0,0.0,0.15602836879432624
2.0,9.0,30.0,0.1,0.1,0.4,3.0,264.0,0.0,0.0,0.1553030303030303
2.0,9.0,31.0,0.1,0.1,0.4,3.0,272.0,0.0,0.0,0.16176470588235295
2.0,9.0,32.0,0.1,0.1,0.4,3.0,270.0,0.0,0.0,0.15185185185185185
2.0,9.0,33.0,0.1,0.1,0.4,3.0,272.0,0.0,0.0,0.16176470588235295
2.0,9.0,34.0,0.1,0.1,0.4,3.0,266.0,0.0,0.0,0.15789473684210525
2.0,9.0,35.0,0.1,0.1,0.4,3.0,272.0,0.0,0.0,0.16176470588235295
2.0,9.0,36.0,0.1,0.1,0.4,3.0,256.0,0.0,0.0,0.16015625
2.0,9.0,37.0,0.1,0.1,0.4,3.0,262.0,0.0,0.0,0.16412213740458015
2.0,9.0,38.0,0.1,0.1,0.4,3.0,257.0,0.0,0.0,0.15953307392996108
2.0,9.0,39.0,0.1,0.1,0.4,3.0,263.0,0.0,0.0,0.1634980988593156
2.0,9.0,40.0,0.1,0.1,0.4,3.0,255.0,0.0,0.0,0.1607843137254902
2.0,9.0,41.0,0.1,0.1,0.4,3.0,260.0,0.0,0.0,0.16538461538461538
2.0,9.0,42.0,0.1,0.1,0.4,3.0,258.0,0.0,0.0,0.15891472868217055
2.0,9.0,43.0,0.1,0.1,0.4,3.0,253.0,0.0,0.0,0.16600790513833993
2.0,9.0,44.0,0.1,0.1,0.4,3.0,252.0,0.0,0.0,0.15873015873015872
2.0,9.0,45.0,0.1,0.1,0.4,3.0,230.0,0.0,0.0,0.22608695652173913
2.0,9.0,46.0,0.1,0.1,0.4,3.0,234.0,0.0,0.0,0.2222222222222222
2.0,9.0,47.0,0.1,0.1,0.4,3.0,229.0,0.0,0.0,0.22707423580786026
2.0,9.0,48.0,0.1,0.1,0.4,3.0,225.0,0.0,0.0,0.22666666666666666
2.0,9.0,49.0,0.1,0.1,0.4,3.0,221.0,0.0,0.0,0.23076923076923078
2.0,9.0,50.0,0.1,0.1,0.4,3.0,224.0,0.0,0.0,0.22767857142857142
2.0,9.0,51.0,0.1,0.1,0.4,3.0,223.0,0.0,0.0,0.23318385650224216
2.0,9.0,52.0,0.1,0.1,0.4,3.0,224.0,0.0,0.0,0.22767857142857142
2.0,10.0,1.0,0.1,0.1,0.4,3.0,224.0,0.0,0.0,0.23214285714285715
2.0,10.0,2.0,0.1,0.1,0.4,3.0,223.0,0.0,0.0,0.22869955156950672
2.0,10.0,3.0,0.1,0.1,0.4,3.0,223.0,0.0,0.0,0.23318385650224216
2.0,10.0,4.0,0.1,0.1,0.4,3.0,223.0,0.0,0.0,0.22869955156950672
2.0,10.0,5.0,0.1,0.1,0.4,3.0,223.0,0.0,0.0,0.23318385650224216
2.0,10.0,6.0,0.1,0.1,0.4,3.0,221.0,0.0,0.0,0.23076923076923078
2.0,10.0,7.0,0.1,0.1,0.4,3.0,221.0,0.0,0.0,0.23529411764705882
2.0,10.0,8.0,0.1,0.1,0.4,3.0,219.0,0.0,0.0,0.2328767123287671
2.0,10.0,9.0,0.1,0.1,0.4,3.0,219.0,0.0,0.0,0.2374429223744292
2.0,10.0,10.0,0.1,0.1,0.4,3.0,217.0,0.0,0.0,0.2350230414746544
2.0,10.0,11.0,0.1,0.1,0.4,3.0,219.0,0.0,0.0,0.2374429223744292
2.0,10.0,12.0,0.1,0.1,0.4,3.0,217.0,0.0,0.0,0.2304147465437788
2.0,10.0,13.0,0.1,0.1,0.4,3.0,216.0,0.0,0.0,0.24074074074074073
2.0,10.0,14.0,0.1,0.1,0.4,3.0,215.0,0.0,0.0,0.2372093023255814
2.0,10.0,15.0,0.1,0.1,0.4,3.0,214.0,0.0,0.0,0.24299065420560748
2.0,10.0,16.0,0.1,0.1,0.4,3.0,214.0,0.0,0.0,0.2383177570093458
2.0,10.0,17.0,0.1,0.1,0.4,3.0,214.0,0.0,0.0,0.24299065420560748
2.0,10.0,18.0,0.1,0.1,0.4,3.0,214.0,0.0,0.0,0.2383177570093458
2.0,10.0,19.0,0.1,0.1,0.4,3.0,213.0,0.0,0.0,0.24413145539906103
2.0,10.0,20.0,0.1,0.1,0.4,3.0,372.0,0.0,0.0,0.10215053763440861
2.0,10.0,21.0,0.1,0.1,0.4,3.0,339.0,0.0,0.0,0.11209439528023599
2.0,10.0,22.0,0.1,0.1,0.4,3.0,314.0,0.0,0.0,0.11464968152866242
2.0,10.0,23.0,0.1,0.1,0.4,3.0,304.0,0.0,0.0,0.12171052631578948
2.0,10.0,24.0,0.1,0.1,0.4,3.0,300.0,0.0,0.0,0.11333333333333333
2.0,10.0,25.0,0.1,0.1,0.4,3.0,293.0,0.0,0.0,0.12627986348122866
2.0,10.0,26.0,0.1,0.1,0.4,3.0,291.0,0.0,0.0,0.11683848797250859
2.0,10.0,27.0,0.1,0.1,0.4,3.0,283.0,0.0,0.0,0.13074204946996468
2.0,10.0,28.0,0.1,0.1,0.4,3.0,281.0,0.0,0.0,0.12099644128113879
2.0,10.0,29.0,0.1,0.1,0.4,3.0,282.0,0.0,0.0,0.13120567375886524
2.0,10.0,30.0,0.1,0.1,0.4,3.0,273.0,0.0,0.0,0.1282051282051282
2.0,10.0,31.0,0.1,0.1,0.4,3.0,255.0,0.0,0.0,0.1411764705882353
2.0,10.0,32.0,0.1,0.1,0.4,3.0,260.0,0.0,0.0,0.1346153846153846
2.0,10.0,33.0,0.1,0.1,0.4,3.0,254.0,0.0,0.0,0.14173228346456693
2.0,10.0,34.0,0.1,0.1,0.4,3.0,259.0,0.0,0.0,0.13513513513513514
2.0,10.0,35.0,0.1,0.1,0.4,3.0,254.0,0.0,0.0,0.14173228346456693
2.0,10.0,36.0,0.1,0.1,0.4,3.0,259.0,0.0,0.0,0.13513513513513514
2.0,10.0,37.0,0.1,0.1,0.4,3.0,252.0,0.0,0.0,0.14285714285714285
2.0,10.0,38.0,0.1,0.1,0.4,3.0,258.0,0.0,0.0,0.13565891472868216
2.0,10.0,39.0,0.1,0.1,0.4,3.0,243.0,0.0,0.0,0.1440329218106996
2.0,10.0,40.0,0.1,0.1,0.4,3.0,240.0,0.0,0.0,0.1375
2.0,10.0,41.0,0.1,0.1,0.4,3.0,221.0,0.0,0.0,0.1493212669683258
2.0,10.0,42.0,0.1,0.1,0.4,3.0,226.0,0.0,0.0,0.1415929203539823
2.0,10.0,43.0,0.1,0.1,0.4,3.0,220.0,0.0,0.0,0.15
2.0,10.0,44.0,0.1,0.1,0.4,3.0,222.0,0.0,0.0,0.14414414414414414
2.0,10.0,45.0,0.1,0.1,0.4,3.0,218.0,0.0,0.0,0.22477064220183487
2.0,10.0,46.0,0.1,0.1,0.4,3.0,221.0,0.0,0.0,0.2171945701357466
2.0,10.0,47.0,0.1,0.1,0.4,3.0,218.0,0.0,0.0,0.22477064220183487
2.0,10.0,48.0,0.1,0.1,0.4,3.0,221.0,0.0,0.0,0.2171945701357466
2.0,10.0,49.0,0.1,0.1,0.4,3.0,218.0,0.0,0.0,0.22477064220183487
2.0,10.0,50.0,0.1,0.1,0.4,3.0,221.0,0.0,0.0,0.2171945701357466
2.0,10.0,51.0,0.1,0.1,0.4,3.0,222.0,0.0,0.0,0.22072072072072071
2.0,10.0,52.0,0.1,0.1,0.4,3.0,224.0,0.0,0.0,0.21428571428571427
3.0,1.0,1.0,0.1,0.1,0.4,3.0,4933.0,49.0,9.0,0.1035880802756943
3.0,1.0,2.0,0.1,0.1,0.4,3.0,4878.0,59.0,23.0,0.1057810578105781
3.0,1.0,3.0,0.1,0.1,0.4,3.0,4712.0,83.0,35.0,0.10653650254668931
3.0,1.0,4.0,0.1,0.1,0.4,3.0,4575.0,97.0,39.0,0.10775956284153006
3.0,1.0,5.0,0.1,0.1,0.4,3.0,4592.0,132.0,47.0,0.1093205574912892
3.0,1.0,6.0,0.1,0.1,0.4,3.0,4446.0,158.0,59.0,0.11088618983355826
3.0,1.0,7.0,0.1,0.1,0.4,3.0,4239.0,197.0,64.0,0.11229063458362822
3.0,1.0,8.0,0.1,0.1,0.4,3.0,4023.0,221.0,78.0,0.1153368133233905
3.0,1.0,9.0,0.1,0.1,0.4,3.0,3872.0,243.0,96.0,0.11415289256198347
3.0,1.0,10.0,0.1,0.1,0.4,3.0,3686.0,268.0,113.0,0.1166576234400434
3.0,1.0,11.0,0.1,0.1,0.4,3.0,3509.0,291.0,118.0,0.11940723852949559
3.0,1.0,12.0,0.1,0.1,0.4,3.0,3357.0,314.0,136.0,0.12451593684837653
3.0,1.0,13.0,0.1,0.1,0.4,3.0,3219.0,324.0,143.0,0.12364088226157191
3.0,1.0,14.0,0.1,0.1,0.4,3.0,3085.0,327.0,147.0,0.12576985413290112
3.0,1.0,15.0,0.1,0.1,0.4,3.0,2921.0,319.0,166.0,0.12598425196850394
3.0,1.0,16.0,0.1,0.1,0.4,3.0,2801.0,301.0,149.0,0.12852552659764369
3.0,1.0,17.0,0.1,0.1,0.4,3.0,2626.0,284.0,142.0,0.12985529322162986
3.0,1.0,18.0,0.1,0.1,0.4,3.0,2499.0,253.0,122.0,0.13485394157663066
3.0,1.0,19.0,0.1,0.1,0.4,3.0,2400.0,241.0,128.0,0.13791666666666666
3.0,1.0,20.0,0.1,0.1,0.4,3.0,6484.0,217.0,122.0,0.05012338062924121
3.0,1.0,21.0,0.1,0.1,0.4,3.0,5904.0,309.0,109.0,0.051659891598915986
3.0,1.0,22.0,0.1,0.1,0.4,3.0,5430.0,367.0,127.0,0.05267034990791897
3.0,1.0,23.0,0.1,0.1,0.4,3.0,5093.0,393.0,141.0,0.05399568034557235
3.0,1.0,24.0,0.1,0.1,0.4,3.0,4606.0,396.0,144.0,0.055145462440295265
3.0,1.0,25.0,0.1,0.1,0.4,3.0,4252.0,390.0,146.0,0.05691439322671684
3.0,1.0,26.0,0.1,0.1,0.4,3.0,3791.0,394.0,158.0,0.05908731205486679
3.0,1.0,27.0,0.1,0.1,0.4,3.0,3579.0,396.0,154.0,0.062307907236658286
3.0,1.0,28.0,0.1,0.1,0.4,3.0,3316.0,382.0,159.0,0.06423401688781664
3.0,1.0,29.0,0.1,0.1,0.4,3.0,3013.0,352.0,164.0,0.06837039495519416
3.0,1.0,30.0,0.1,0.1,0.4,3.0,2720.0,359.0,156.0,0.07058823529411765
3.0,1.0,31.0,0.1,0.1,0.4,3.0,2496.0,337.0,155.0,0.07451923076923077
3.0,1.0,32.0,0.1,0.1,0.4,3.0,2306.0,281.0,144.0,0.07805724197745013
3.0,1.0,33.0,0.1,0.1,0.4,3.0,2145.0,261.0,123.0,0.08344988344988345
3.0,1.0,34.0,0.1,0.1,0.4,3.0,1988.0,235.0,113.0,0.0875251509054326
3.0,1.0,35.0,0.1,0.1,0.4,3.0,1851.0,217.0,105.0,0.09346299297676931
3.0,1.0,36.0,0.1,0.1,0.4,3.0,1755.0,216.0,103.0,0.0962962962962963
3.0,1.0,37.0,0.1,0.1,0.4,3.0,1712.0,207.0,100.0,0.09871495327102804
3.0,1.0,38.0,0.1,0.1,0.4,3.0,1591.0,196.0,85.0,0.1005656819610308
3.0,1.0,39.0,0.1,0.1,0.4,3.0,1532.0,189.0,80.0,0.10117493472584857
3.0,1.0,40.0,0.1,0.1,0.4,3.0,1408.0,179.0,83.0,0.10724431818181818
3.0,1.0,41.0,0.1,0.1,0.4,3.0,1365.0,179.0,80.0,0.10989010989010989
3.0,1.0,42.0,0.1,0.1,0.4,3.0,1275.0,172.0,82.0,0.11294117647058824
3.0,1.0,43.0,0.1,0.1,0.4,3.0,1180.0,147.0,60.0,0.12033898305084746
3.0,1.0,44.0,0.1,0.1,0.4,3.0,1105.0,147.0,70.0,0.1248868778280543
3.0,1.0,45.0,0.1,0.1,0.4,3.0,1015.0,130.0,65.0,0.20492610837438424
3.0,1.0,46.0,0.1,0.1,0.4,3.0,979.0,127.0,64.0,0.2093973442288049
3.0,1.0,47.0,0.1,0.1,0.4,3.0,912.0,115.0,60.0,0.21710526315789475
3.0,1.0,48.0,0.1,0.1,0.4,3.0,857.0,95.0,46.0,0.22287047841306884
3.0,1.0,49.0,0.1,0.1,0.4,3.0,827.0,81.0,36.0,0.2309552599758162
3.0,1.0,50.0,0.1,0.1,0.4,3.0,788.0,75.0,38.0,0.23730964467005075
3.0,1.0,51.0,0.1,0.1,0.4,3.0,765.0,67.0,36.0,0.23529411764705882
3.0,1.0,52.0,0.1,0.1,0.4,3.0,753.0,66.0,43.0,0.24169986719787517
3.0,2.0,1.0,0.1,0.1,0.4,3.0,727.0,55.0,33.0,0.24621733149931224
3.0,2.0,2.0,0.1,0.1,0.4,3.0,716.0,48.0,31.0,0.25139664804469275
3.0,2.0,3.0,0.1,0.1,0.4,3.0,685.0,36.0,19.0,0.2569343065693431
3.0,2.0,4.0,0.1,0.1,0.4,3.0,664.0,28.0,19.0,0.26656626506024095
3.0,2.0,5.0,0.1,0.1,0.4,3.0,649.0,22.0,13.0,0.2665639445300462
3.0,2.0,6.0,0.1,0.1,0.4,3.0,640.0,19.0,11.0,0.271875
3.0,2.0,7.0,0.1,0.1,0.4,3.0,625.0,12.0,6.0,0.2704
3.0,2.0,8.0,0.1,0.1,0.4,3.0,616.0,12.0,6.0,0.2792207792207792
3.0,2.0,9.0,0.1,0.1,0.4,3.0,608.0,11.0,9.0,0.27960526315789475
3.0,2.0,10.0,0.1,0.1,0.4,3.0,600.0,10.0,7.0,0.285
3.0,2.0,11.0,0.1,0.1,0.4,3.0,589.0,11.0,7.0,0.28522920203735147
3.0,2.0,12.0,0.1,0.1,0.4,3.0,582.0,7.0,3.0,0.29037800687285226
3.0,2.0,13.0,0.1,0.1,0.4,3.0,574.0,7.0,5.0,0.2857142857142857
3.0,2.0,14.0,0.1,0.1,0.4,3.0,567.0,7.0,4.0,0.2927689594356261
3.0,2.0,15.0,0.1,0.1,0.4,3.0,563.0,8.0,3.0,0.29307282415630553
3.0,2.0,16.0,0.1,0.1,0.4,3.0,557.0,6.0,2.0,0.296229802513465
3.0,2.0,17.0,0.1,0.1,0.4,3.0,555.0,5.0,4.0,0.2954954954954955
3.0,2.0,18.0,0.1,0.1,0.4,3.0,552.0,4.0,3.0,0.29891304347826086
3.0,2.0,19.0,0.1,0.1,0.4,3.0,550.0,6.0,4.0,0.29818181818181816
3.0,2.0,20.0,0.1,0.1,0.4,3.0,1074.0,3.0,2.0,0.1527001862197393
3.0,2.0,21.0,0.1,0.1,0.4,3.0,1022.0,4.0,2.0,0.15557729941291584
3.0,2.0,22.0,0.1,0.1,0.4,3.0,992.0,2.0,1.0,0.15826612903225806
3.0,2.0,23.0,0.1,0.1,0.4,3.0,928.0,3.0,2.0,0.15517241379310345
3.0,2.0,24.0,0.1,0.1,0.4,3.0,919.0,3.0,2.0,0.15778019586507072
3.0,2.0,25.0,0.1,0.1,0.4,3.0,891.0,2.0,1.0,0.15937149270482603
3.0,2.0,26.0,0.1,0.1,0.4,3.0,871.0,1.0,1.0,0.15614236509758897
3.0,2.0,27.0,0.1,0.1,0.4,3.0,813.0,1.0,1.0,0.15990159901599016
3.0,2.0,28.0,0.1,0.1,0.4,3.0,798.0,4.0,1.0,0.16040100250626566
3.0,2.0,29.0,0.1,0.1,0.4,3.0,793.0,4.0,0.0,0.1601513240857503
3.0,2.0,30.0,0.1,0.1,0.4,3.0,771.0,3.0,1.0,0.16342412451361868
3.0,2.0,31.0,0.1,0.1,0.4,3.0,756.0,3.0,3.0,0.16005291005291006
3.0,2.0,32.0,0.1,0.1,0.4,3.0,743.0,3.0,3.0,0.1601615074024226
3.0,2.0,33.0,0.1,0.1,0.4,3.0,724.0,4.0,2.0,0.15883977900552487
3.0,2.0,34.0,0.1,0.1,0.4,3.0,697.0,3.0,0.0,0.16355810616929697
3.0,2.0,35.0,0.1,0.1,0.4,3.0,671.0,3.0,1.0,0.16393442622950818
3.0,2.0,36.0,0.1,0.1,0.4,3.0,658.0,3.0,3.0,0.16869300911854104
3.0,2.0,37.0,0.1,0.1,0.4,3.0,657.0,3.0,3.0,0.1659056316590563
3.0,2.0,38.0,0.1,0.1,0.4,3.0,630.0,2.0,2.0,0.16666666666666666
3.0,2.0,39.0,0.1,0.1,0.4,3.0,619.0,0.0,0.0,0.16639741518578352
3.0,2.0,40.0,0.1,0.1,0.4,3.0,605.0,0.0,0.0,0.1669421487603306
3.0,2.0,41.0,0.1,0.1,0.4,3.0,599.0,0.0,0.0,0.1636060100166945
3.0,2.0,42.0,0.1,0.1,0.4,3.0,583.0,0.0,0.0,0.16981132075471697
3.0,2.0,43.0,0.1,0.1,0.4,3.0,546.0,0.0,0.0,0.17216117216117216
3.0,2.0,44.0,0.1,0.1,0.4,3.0,535.0,0.0,0.0,0.17196261682242991
3.0,2.0,45.0,0.1,0.1,0.4,3.0,527.0,0.0,0.0,0.22580645161290322
3.0,2.0,46.0,0.1,0.1,0.4,3.0,517.0,0.0,0.0,0.22437137330754353
3.0,2.0,47.0,0.1,0.1,0.4,3.0,508.0,0.0,0.0,0.22244094488188976
3.0,2.0,48.0,0.1,0.1,0.4,3.0,475.0,0.0,0.0,0.22526315789473683
3.0,2.0,49.0,0.1,0.1,0.4,3.0,477.0,0.0,0.0,0.22431865828092243
3.0,2.0,50.0,0.1,0.1,0.4,3.0,466.0,0.0,0.0,0.22532188841201717
3.0,2.0,51.0,0.1,0.1,0.4,3.0,462.0,0.0,0.0,0.21861471861471862
3.0,2.0,52.0,0.1,0.1,0.4,3.0,459.0,0.0,0.0,0.2222222222222222
3.0,3.0,1.0,0.1,0.1,0.4,3.0,454.0,0.0,0.0,0.21585903083700442
3.0,3.0,2.0,0.1,0.1,0.4,3.0,453.0,0.0,0.0,0.22075055187637968
3.0,3.0,3.0,0.1,0.1,0.4,3.0,451.0,0.0,0.0,0.21729490022172948
3.0,3.0,4.0,0.1,0.1,0.4,3.0,447.0,0.0,0.0,0.21923937360178972
3.0,3.0,5.0,0.1,0.1,0.4,3.0,441.0,0.0,0.0,0.21315192743764172
3.0,3.0,6.0,0.1,0.1,0.4,3.0,438.0,0.0,0.0,0.2191780821917808
3.0,3.0,7.0,0.1,0.1,0.4,3.0,435.0,0.0,0.0,0.21149425287356322
3.0,3.0,8.0,0.1,0.1,0.4,3.0,434.0,0.0,0.0,0.21889400921658986
3.0,3.0,9.0,0.1,0.1,0.4,3.0,431.0,0.0,0.0,0.21345707656612528
3.0,3.0,10.0,0.1,0.1,0.4,3.0,421.0,0.0,0.0,0.22327790973871733
3.0,3.0,11.0,0.1,0.1,0.4,3.0,419.0,0.0,0.0,0.2171837708830549
3.0,3.0,12.0,0.1,0.1,0.4,3.0,416.0,0.0,0.0,0.22355769230769232
3.0,3.0,13.0,0.1,0.1,0.4,3.0,415.0,0.0,0.0,0.21445783132530122
3.0,3.0,14.0,0.1,0.1,0.4,3.0,411.0,0.0,0.0,0.21897810218978103
3.0,3.0,15.0,0.1,0.1,0.4,3.0,411.0,0.0,0.0,0.2116788321167883
3.0,3.0,16.0,0.1,0.1,0.4,3.0,410.0,0.0,0.0,0.21707317073170732
3.0,3.0,17.0,0.1,0.1,0.4,3.0,410.0,0.0,0.0,0.2097560975609756
3.0,3.0,18.0,0.1,0.1,0.4,3.0,408.0,0.0,0.0,0.21568627450980393
3.0,3.0,19.0,0.1,0.1,0.4,3.0,410.0,0.0,0.0,0.2097560975609756
3.0,3.0,20.0,0.1,0.1,0.4,3.0,760.0,0.0,0.0,0.11447368421052631
3.0,3.0,21.0,0.1,0.1,0.4,3.0,724.0,0.0,0.0,0.11464088397790055
3.0,3.0,22.0,0.1,0.1,0.4,3.0,666.0,0.0,0.0,0.12012012012012012
3.0,3.0,23.0,0.1,0.1,0.4,3.0,650.0,0.0,0.0,0.12153846153846154
3.0,3.0,24.0,0.1,0.1,0.4,3.0,617.0,0.0,0.0,0.12479740680713128
3.0,3.0,25.0,0.1,0.1,0.4,3.0,577.0,0.0,0.0,0.1317157712305026
3.0,3.0,26.0,0.1,0.1,0.4,3.0,564.0,0.0,0.0,0.13120567375886524
3.0,3.0,27.0,0.1,0.1,0.4,3.0,564.0,0.0,0.0,0.12943262411347517
3.0,3.0,28.0,0.1,0.1,0.4,3.0,559.0,0.0,0.0,0.13237924865831843
3.0,3.0,29.0,0.1,0.1,0.4,3.0,539.0,0.0,0.0,0.13172541743970315
3.0,3.0,30.0,0.1,0.1,0.4,3.0,539.0,0.0,0.0,0.13543599257884972
3.0,3.0,31.0,0.1,0.1,0.4,3.0,520.0,0.0,0.0,0.1346153846153846
3.0,3.0,32.0,0.1,0.1,0.4,3.0,498.0,0.0,0.0,0.14056224899598393
3.0,3.0,33.0,0.1,0.1,0.4,3.0,465.0,0.0,0.0,0.14408602150537633
3.0,3.0,34.0,0.1,0.1,0.4,3.0,458.0,0.0,0.0,0.1462882096069869
3.0,3.0,35.0,0.1,0.1,0.4,3.0,426.0,0.0,0.0,0.14084507042253522
3.0,3.0,36.0,0.1,0.1,0.4,3.0,427.0,0.0,0.0,0.14285714285714285
3.0,3.0,37.0,0.1,0.1,0.4,3.0,410.0,0.0,0.0,0.13902439024390245
3.0,3.0,38.0,0.1,0.1,0.4,3.0,402.0,0.0,0.0,0.13681592039800994
3.0,3.0,39.0,0.1,0.1,0.4,3.0,400.0,0.0,0.0,0.1325
3.0,3.0,40.0,0.1,0.1,0.4,3.0,400.0,0.0,0.0,0.1375
3.0,3.0,41.0,0.1,0.1,0.4,3.0,397.0,0.0,0.0,0.13350125944584382
3.0,3.0,42.0,0.1,0.1,0.4,3.0,398.0,0.0,0.0,0.13819095477386933
3.0,3.0,43.0,0.1,0.1,0.4,3.0,379.0,0.0,0.0,0.13720316622691292
3.0,3.0,44.0,0.1,0.1,0.4,3.0,355.0,0.0,0.0,0.14366197183098592
3.0,3.0,45.0,0.1,0.1,0.4,3.0,349.0,0.0,0.0,0.20057306590257878
3.0,3.0,46.0,0.1,0.1,0.4,3.0,350.0,0.0,0.0,0.20285714285714285
3.0,3.0,47.0,0.1,0.1,0.4,3.0,346.0,0.0,0.0,0.2023121387283237
3.0,3.0,48.0,0.1,0.1,0.4,3.0,346.0,0.0,0.0,0.2023121387283237
3.0,3.0,49.0,0.1,0.1,0.4,3.0,341.0,0.0,0.0,0.19648093841642228
3.0,3.0,50.0,0.1,0.1,0.4,3.0,345.0,0.0,0.0,0.2
3.0,3.0,51.0,0.1,0.1,0.4,3.0,336.0,0.0,0.0,0.19940476190476192
3.0,3.0,52.0,0.1,0.1,0.4,3.0,340.0,0.0,0.0,0.20294117647058824
3.0,4.0,1.0,0.1,0.1,0.4,3.0,333.0,0.0,0.0,0.1981981981981982
3.0,4.0,2.0,0.1,0.1,0.4,3.0,336.0,0.0,0.0,0.20238095238095238
3.0,4.0,3.0,0.1,0.1,0.4,3.0,319.0,0.0,0.0,0.20689655172413793
3.0,4.0,4.0,0.1,0.1,0.4,3.0,324.0,0.0,0.0,0.20987654320987653
3.0,4.0,5.0,0.1,0.1,0.4,3.0,318.0,0.0,0.0,0.20754716981132076
3.0,4.0,6.0,0.1,0.1,0.4,3.0,319.0,0.0,0.0,0.20689655172413793
3.0,4.0,7.0,0.1,0.1,0.4,3.0,315.0,0.0,0.0,0.20317460317460317
3.0,4.0,8.0,0.1,0.1,0.4,3.0,315.0,0.0,0.0,0.20952380952380953
3.0,4.0,9.0,0.1,0.1,0.4,3.0,310.0,0.0,0.0,0.2032258064516129
3.0,4.0,10.0,0.1,0.1,0.4,3.0,311.0,0.0,0.0,0.2057877813504823
3.0,4.0,11.0,0.1,0.1,0.4,3.0,311.0,0.0,0.0,0.2057877813504823
3.0,4.0,12.0,0.1,0.1,0.4,3.0,311.0,0.0,0.0,0.2057877813504823
3.0,4.0,13.0,0.1,0.1,0.4,3.0,308.0,0.0,0.0,0.2077922077922078
3.0,4.0,14.0,0.1,0.1,0.4,3.0,306.0,0.0,0.0,0.20915032679738563
3.0,4.0,15.0,0.1,0.1,0.4,3.0,306.0,0.0,0.0,0.20915032679738563
3.0,4.0,16.0,0.1,0.1,0.4,3.0,305.0,0.0,0.0,0.2098360655737705
3.0,4.0,17.0,0.1,0.1,0.4,3.0,305.0,0.0,0.0,0.2098360655737705
3.0,4.0,18.0,0.1,0.1,0.4,3.0,304.0,0.0,0.0,0.21052631578947367
3.0,4.0,19.0,0.1,0.1,0.4,3.0,304.0,0.0,0.0,0.21052631578947367
3.0,4.0,20.0,0.1,0.1,0.4,3.0,583.0,0.0,0.0,0.1097770154373928
3.0,4.0,21.0,0.1,0.1,0.4,3.0,561.0,0.0,0.0,0.11051693404634581
3.0,4.0,22.0,0.1,0.1,0.4,3.0,538.0,0.0,0.0,0.11524163568773234
3.0,4.0,23.0,0.1,0.1,0.4,3.0,502.0,0.0,0.0,0.12151394422310757
3.0,4.0,24.0,0.1,0.1,0.4,3.0,496.0,0.0,0.0,0.11895161290322581
3.0,4.0,25.0,0.1,0.1,0.4,3.0,483.0,0.0,0.0,0.12008281573498965
3.0,4.0,26.0,0.1,0.1,0.4,3.0,460.0,0.0,0.0,0.12608695652173912
3.0,4.0,27.0,0.1,0.1,0.4,3.0,437.0,0.0,0.0,0.12585812356979406
3.0,4.0,28.0,0.1,0.1,0.4,3.0,430.0,0.0,0.0,0.12325581395348838
3.0,4.0,29.0,0.1,0.1,0.4,3.0,427.0,0.0,0.0,0.12412177985948478
3.0,4.0,30.0,0.1,0.1,0.4,3.0,421.0,0.0,0.0,0.12589073634204276
3.0,4.0,31.0,0.1,0.1,0.4,3.0,406.0,0.0,0.0,0.13054187192118227
3.0,4.0,32.0,0.1,0.1,0.4,3.0,408.0,0.0,0.0,0.12745098039215685
3.0,4.0,33.0,0.1,0.1,0.4,3.0,403.0,0.0,0.0,0.12655086848635236
3.0,4.0,34.0,0.1,0.1,0.4,3.0,402.0,0.0,0.0,0.12686567164179105
3.0,4.0,35.0,0.1,0.1,0.4,3.0,401.0,0.0,0.0,0.12718204488778054
3.0,4.0,36.0,0.1,0.1,0.4,3.0,404.0,0.0,0.0,0.12623762376237624
3.0,4.0,37.0,0.1,0.1,0.4,3.0,401.0,0.0,0.0,0.12468827930174564
3.0,4.0,38.0,0.1,0.1,0.4,3.0,395.0,0.0,0.0,0.12658227848101267
3.0,4.0,39.0,0.1,0.1,0.4,3.0,392.0,0.0,0.0,0.12755102040816327
3.0,4.0,40.0,0.1,0.1,0.4,3.0,383.0,0.0,0.0,0.13054830287206268
3.0,4.0,41.0,0.1,0.1,0.4,3.0,381.0,0.0,0.0,0.13123359580052493
3.0,4.0,42.0,0.1,0.1,0.4,3.0,382.0,0.0,0.0,0.13089005235602094
3.0,4.0,43.0,0.1,0.1,0.4,3.0,380.0,0.0,0.0,0.13157894736842105
3.0,4.0,44.0,0.1,0.1,0.4,3.0,382.0,0.0,0.0,0.13089005235602094
3.0,4.0,45.0,0.1,0.1,0.4,3.0,381.0,0.0,0.0,0.2204724409448819
3.0,4.0,46.0,0.1,0.1,0.4,3.0,383.0,0.0,0.0,0.2193211488250653
3.0,4.0,47.0,0.1,0.1,0.4,3.0,378.0,0.0,0.0,0.2222222222222222
3.0,4.0,48.0,0.1,0.1,0.4,3.0,378.0,0.0,0.0,0.2222222222222222
3.0,4.0,49.0,0.1,0.1,0.4,3.0,374.0,0.0,0.0,0.22192513368983957
3.0,4.0,50.0,0.1,0.1,0.4,3.0,375.0,0.0,0.0,0.22133333333333333
3.0,4.0,51.0,0.1,0.1,0.4,3.0,375.0,0.0,0.0,0.22133333333333333
3.0,4.0,52.0,0.1,0.1,0.4,3.0,375.0,0.0,0.0,0.22133333333333333
3.0,5.0,1.0,0.1,0.1,0.4,3.0,370.0,0.0,0.0,0.22432432432432434
3.0,5.0,2.0,0.1,0.1,0.4,3.0,373.0,0.0,0.0,0.2225201072386059
3.0,5.0,3.0,0.1,0.1,0.4,3.0,370.0,0.0,0.0,0.22162162162162163
3.0,5.0,4.0,0.1,0.1,0.4,3.0,367.0,0.0,0.0,0.22343324250681199
3.0,5.0,5.0,0.1,0.1,0.4,3.0,363.0,0.0,0.0,0.2231404958677686
3.0,5.0,6.0,0.1,0.1,0.4,3.0,363.0,0.0,0.0,0.2231404958677686
3.0,5.0,7.0,0.1,0.1,0.4,3.0,360.0,0.0,0.0,0.225
3.0,5.0,8.0,0.1,0.1,0.4,3.0,362.0,0.0,0.0,0.22375690607734808
3.0,5.0,9.0,0.1,0.1,0.4,3.0,360.0,0.0,0.0,0.225
3.0,5.0,10.0,0.1,0.1,0.4,3.0,362.0,0.0,0.0,0.22099447513812154
3.0,5.0,11.0,0.1,0.1,0.4,3.0,350.0,0.0,0.0,0.22
3.0,5.0,12.0,0.1,0.1,0.4,3.0,354.0,0.0,0.0,0.2175141242937853
3.0,5.0,13.0,0.1,0.1,0.4,3.0,348.0,0.0,0.0,0.21839080459770116
3.0,5.0,14.0,0.1,0.1,0.4,3.0,352.0,0.0,0.0,0.2159090909090909
3.0,5.0,15.0,0.1,0.1,0.4,3.0,347.0,0.0,0.0,0.21902017291066284
3.0,5.0,16.0,0.1,0.1,0.4,3.0,350.0,0.0,0.0,0.21714285714285714
3.0,5.0,17.0,0.1,0.1,0.4,3.0,346.0,0.0,0.0,0.21676300578034682
3.0,5.0,18.0,0.1,0.1,0.4,3.0,349.0,0.0,0.0,0.2148997134670487
3.0,5.0,19.0,0.1,0.1,0.4,3.0,344.0,0.0,0.0,0.21220930232558138
3.0,5.0,20.0,0.1,0.1,0.4,3.0,641.0,0.0,0.0,0.11544461778471139
3.0,5.0,21.0,0.1,0.1,0.4,3.0,584.0,0.0,0.0,0.11472602739726027
3.0,5.0,22.0,0.1,0.1,0.4,3.0,574.0,0.0,0.0,0.11672473867595819
3.0,5.0,23.0,0.1,0.1,0.4,3.0,568.0,0.0,0.0,0.11619718309859155
3.0,5.0,24.0,0.1,0.1,0.4,3.0,545.0,0.0,0.0,0.11559633027522936
3.0,5.0,25.0,0.1,0.1,0.4,3.0,489.0,0.0,0.0,0.11451942740286299
3.0,5.0,26.0,0.1,0.1,0.4,3.0,463.0,0.0,0.0,0.11663066954643629
3.0,5.0,27.0,0.1,0.1,0.4,3.0,436.0,0.0,0.0,0.11697247706422019
3.0,5.0,28.0,0.1,0.1,0.4,3.0,432.0,0.0,0.0,0.11805555555555555
3.0,5.0,29.0,0.1,0.1,0.4,3.0,417.0,0.0,0.0,0.1223021582733813
3.0,5.0,30.0,0.1,0.1,0.4,3.0,379.0,0.0,0.0,0.1266490765171504
3.0,5.0,31.0,0.1,0.1,0.4,3.0,373.0,0.0,0.0,0.128686327077748
3.0,5.0,32.0,0.1,0.1,0.4,3.0,378.0,0.0,0.0,0.12698412698412698
3.0,5.0,33.0,0.1,0.1,0.4,3.0,372.0,0.0,0.0,0.12903225806451613
3.0,5.0,34.0,0.1,0.1,0.4,3.0,360.0,0.0,0.0,0.13333333333333333
3.0,5.0,35.0,0.1,0.1,0.4,3.0,353.0,0.0,0.0,0.1359773371104816
3.0,5.0,36.0,0.1,0.1,0.4,3.0,351.0,0.0,0.0,0.13675213675213677
3.0,5.0,37.0,0.1,0.1,0.4,3.0,334.0,0.0,0.0,0.1377245508982036
3.0,5.0,38.0,0.1,0.1,0.4,3.0,339.0,0.0,0.0,0.13569321533923304
3.0,5.0,39.0,0.1,0.1,0.4,3.0,324.0,0.0,0.0,0.1419753086419753
3.0,5.0,40.0,0.1,0.1,0.4,3.0,329.0,0.0,0.0,0.13677811550151975
3.0,5.0,41.0,0.1,0.1,0.4,3.0,306.0,0.0,0.0,0.14705882352941177
3.0,5.0,42.0,0.1,0.1,0.4,3.0,304.0,0.0,0.0,0.14802631578947367
3.0,5.0,43.0,0.1,0.1,0.4,3.0,298.0,0.0,0.0,0.15100671140939598
3.0,5.0,44.0,0.1,0.1,0.4,3.0,302.0,0.0,0.0,0.1490066225165563
3.0,5.0,45.0,0.1,0.1,0.4,3.0,296.0,0.0,0.0,0.19932432432432431
3.0,5.0,46.0,0.1,0.1,0.4,3.0,301.0,0.0,0.0,0.19601328903654486
3.0,5.0,47.0,0.1,0.1,0.4,3.0,286.0,0.0,0.0,0.1993006993006993
3.0,5.0,48.0,0.1,0.1,0.4,3.0,284.0,0.0,0.0,0.2007042253521127
3.0,5.0,49.0,0.1,0.1,0.4,3.0,279.0,0.0,0.0,0.20430107526881722
3.0,5.0,50.0,0.1,0.1,0.4,3.0,284.0,0.0,0.0,0.19718309859154928
3.0,5.0,51.0,0.1,0.1,0.4,3.0,280.0,0.0,0.0,0.2
3.0,5.0,52.0,0.1,0.1,0.4,3.0,285.0,0.0,0.0,0.19649122807017544
3.0,6.0,1.0,0.1,0.1,0.4,3.0,279.0,0.0,0.0,0.2007168458781362
3.0,6.0,2.0,0.1,0.1,0.4,3.0,275.0,0.0,0.0,0.19272727272727272
3.0,6.0,3.0,0.1,0.1,0.4,3.0,256.0,0.0,0.0,0.203125
3.0,6.0,4.0,0.1,0.1,0.4,3.0,260.0,0.0,0.0,0.2
3.0,6.0,5.0,0.1,0.1,0.4,3.0,255.0,0.0,0.0,0.20392156862745098
3.0,6.0,6.0,0.1,0.1,0.4,3.0,257.0,0.0,0.0,0.20233463035019456
3.0,6.0,7.0,0.1,0.1,0.4,3.0,244.0,0.0,0.0,0.20901639344262296
3.0,6.0,8.0,0.1,0.1,0.4,3.0,248.0,0.0,0.0,0.20161290322580644
3.0,6.0,9.0,0.1,0.1,0.4,3.0,242.0,0.0,0.0,0.2066115702479339
3.0,6.0,10.0,0.1,0.1,0.4,3.0,245.0,0.0,0.0,0.20408163265306123
3.0,6.0,11.0,0.1,0.1,0.4,3.0,242.0,0.0,0.0,0.2066115702479339
3.0,6.0,12.0,0.1,0.1,0.4,3.0,243.0,0.0,0.0,0.205761316872428
3.0,6.0,13.0,0.1,0.1,0.4,3.0,240.0,0.0,0.0,0.20833333333333334
3.0,6.0,14.0,0.1,0.1,0.4,3.0,242.0,0.0,0.0,0.2066115702479339
3.0,6.0,15.0,0.1,0.1,0.4,3.0,239.0,0.0,0.0,0.20502092050209206
3.0,6.0,16.0,0.1,0.1,0.4,3.0,239.0,0.0,0.0,0.19665271966527198
3.0,6.0,17.0,0.1,0.1,0.4,3.0,238.0,0.0,0.0,0.19747899159663865
3.0,6.0,18.0,0.1,0.1,0.4,3.0,239.0,0.0,0.0,0.19665271966527198
3.0,6.0,19.0,0.1,0.1,0.4,3.0,237.0,0.0,0.0,0.19831223628691982
3.0,6.0,20.0,0.1,0.1,0.4,3.0,487.0,0.0,0.0,0.09650924024640657
3.0,6.0,21.0,0.1,0.1,0.4,3.0,452.0,0.0,0.0,0.10398230088495575
3.0,6.0,22.0,0.1,0.1,0.4,3.0,427.0,0.0,0.0,0.10772833723653395
3.0,6.0,23.0,0.1,0.1,0.4,3.0,424.0,0.0,0.0,0.10849056603773585
3.0,6.0,24.0,0.1,0.1,0.4,3.0,391.0,0.0,0.0,0.11508951406649616
3.0,6.0,25.0,0.1,0.1,0.4,3.0,387.0,0.0,0.0,0.11627906976744186
3.0,6.0,26.0,0.1,0.1,0.4,3.0,389.0,0.0,0.0,0.11568123393316196
3.0,6.0,27.0,0.1,0.1,0.4,3.0,375.0,0.0,0.0,0.12
3.0,6.0,28.0,0.1,0.1,0.4,3.0,370.0,0.0,0.0,0.11351351351351352
3.0,6.0,29.0,0.1,0.1,0.4,3.0,367.0,0.0,0.0,0.11716621253405994
3.0,6.0,30.0,0.1,0.1,0.4,3.0,360.0,0.0,0.0,0.11388888888888889
3.0,6.0,31.0,0.1,0.1,0.4,3.0,354.0,0.0,0.0,0.11299435028248588
3.0,6.0,32.0,0.1,0.1,0.4,3.0,335.0,0.0,0.0,0.12238805970149254
3.0,6.0,33.0,0.1,0.1,0.4,3.0,332.0,0.0,0.0,0.12048192771084337
3.0,6.0,34.0,0.1,0.1,0.4,3.0,325.0,0.0,0.0,0.12615384615384614
3.0,6.0,35.0,0.1,0.1,0.4,3.0,322.0,0.0,0.0,0.12422360248447205
3.0,6.0,36.0,0.1,0.1,0.4,3.0,324.0,0.0,0.0,0.12654320987654322
3.0,6.0,37.0,0.1,0.1,0.4,3.0,319.0,0.0,0.0,0.12539184952978055
3.0,6.0,38.0,0.1,0.1,0.4,3.0,321.0,0.0,0.0,0.1277258566978193
3.0,6.0,39.0,0.1,0.1,0.4,3.0,318.0,0.0,0.0,0.12578616352201258
3.0,6.0,40.0,0.1,0.1,0.4,3.0,305.0,0.0,0.0,0.12786885245901639
3.0,6.0,41.0,0.1,0.1,0.4,3.0,298.0,0.0,0.0,0.12751677852348994
3.0,6.0,42.0,0.1,0.1,0.4,3.0,269.0,0.0,0.0,0.137546468401487
3.0,6.0,43.0,0.1,0.1,0.4,3.0,256.0,0.0,0.0,0.13671875
3.0,6.0,44.0,0.1,0.1,0.4,3.0,258.0,0.0,0.0,0.13953488372093023
3.0,6.0,45.0,0.1,0.1,0.4,3.0,254.0,0.0,0.0,0.21653543307086615
3.0,6.0,46.0,0.1,0.1,0.4,3.0,255.0,0.0,0.0,0.21568627450980393
3.0,6.0,47.0,0.1,0.1,0.4,3.0,254.0,0.0,0.0,0.2125984251968504
3.0,6.0,48.0,0.1,0.1,0.4,3.0,254.0,0.0,0.0,0.21653543307086615
3.0,6.0,49.0,0.1,0.1,0.4,3.0,252.0,0.0,0.0,0.21031746031746032
3.0,6.0,50.0,0.1,0.1,0.4,3.0,252.0,0.0,0.0,0.21428571428571427
3.0,6.0,51.0,0.1,0.1,0.4,3.0,250.0,0.0,0.0,0.212
3.0,6.0,52.0,0.1,0.1,0.4,3.0,248.0,0.0,0.0,0.21370967741935484
3.0,7.0,1.0,0.1,0.1,0.4,3.0,244.0,0.0,0.0,0.21311475409836064
3.0,7.0,2.0,0.1,0.1,0.4,3.0,246.0,0.0,0.0,0.21544715447154472
3.0,7.0,3.0,0.1,0.1,0.4,3.0,238.0,0.0,0.0,0.21428571428571427
3.0,7.0,4.0,0.1,0.1,0.4,3.0,237.0,0.0,0.0,0.21940928270042195
3.0,7.0,5.0,0.1,0.1,0.4,3.0,232.0,0.0,0.0,0.21982758620689655
3.0,7.0,6.0,0.1,0.1,0.4,3.0,236.0,0.0,0.0,0.22033898305084745
3.0,7.0,7.0,0.1,0.1,0.4,3.0,231.0,0.0,0.0,0.22077922077922077
3.0,7.0,8.0,0.1,0.1,0.4,3.0,235.0,0.0,0.0,0.22127659574468084
3.0,7.0,9.0,0.1,0.1,0.4,3.0,230.0,0.0,0.0,0.2217391304347826
3.0,7.0,10.0,0.1,0.1,0.4,3.0,232.0,0.0,0.0,0.21982758620689655
3.0,7.0,11.0,0.1,0.1,0.4,3.0,228.0,0.0,0.0,0.2149122807017544
3.0,7.0,12.0,0.1,0.1,0.4,3.0,231.0,0.0,0.0,0.21645021645021645
3.0,7.0,13.0,0.1,0.1,0.4,3.0,227.0,0.0,0.0,0.21585903083700442
3.0,7.0,14.0,0.1,0.1,0.4,3.0,230.0,0.0,0.0,0.21739130434782608
3.0,7.0,15.0,0.1,0.1,0.4,3.0,227.0,0.0,0.0,0.21585903083700442
3.0,7.0,16.0,0.1,0.1,0.4,3.0,230.0,0.0,0.0,0.21739130434782608
3.0,7.0,17.0,0.1,0.1,0.4,3.0,226.0,0.0,0.0,0.2168141592920354
3.0,7.0,18.0,0.1,0.1,0.4,3.0,227.0,0.0,0.0,0.21585903083700442
3.0,7.0,19.0,0.1,0.1,0.4,3.0,224.0,0.0,0.0,0.21428571428571427
3.0,7.0,20.0,0.1,0.1,0.4,3.0,400.0,0.0,0.0,0.1225
3.0,7.0,21.0,0.1,0.1,0.4,3.0,374.0,0.0,0.0,0.12299465240641712
3.0,7.0,22.0,0.1,0.1,0.4,3.0,357.0,0.0,0.0,0.12324929971988796
3.0,7.0,23.0,0.1,0.1,0.4,3.0,343.0,0.0,0.0,0.12536443148688048
3.0,7.0,24.0,0.1,0.1,0.4,3.0,326.0,0.0,0.0,0.12576687116564417
3.0,7.0,25.0,0.1,0.1,0.4,3.0,320.0,0.0,0.0,0.125
3.0,7.0,26.0,0.1,0.1,0.4,3.0,302.0,0.0,0.0,0.13245033112582782
3.0,7.0,27.0,0.1,0.1,0.4,3.0,288.0,0.0,0.0,0.13541666666666666
3.0,7.0,28.0,0.1,0.1,0.4,3.0,285.0,0.0,0.0,0.1368421052631579
3.0,7.0,29.0,0.1,0.1,0.4,3.0,278.0,0.0,0.0,0.1366906474820144
3.0,7.0,30.0,0.1,0.1,0.4,3.0,284.0,0.0,0.0,0.13732394366197184
3.0,7.0,31.0,0.1,0.1,0.4,3.0,278.0,0.0,0.0,0.1366906474820144
3.0,7.0,32.0,0.1,0.1,0.4,3.0,283.0,0.0,0.0,0.13780918727915195
3.0,7.0,33.0,0.1,0.1,0.4,3.0,278.0,0.0,0.0,0.1366906474820144
3.0,7.0,34.0,0.1,0.1,0.4,3.0,283.0,0.0,0.0,0.13780918727915195
3.0,7.0,35.0,0.1,0.1,0.4,3.0,278.0,0.0,0.0,0.1366906474820144
3.0,7.0,36.0,0.1,0.1,0.4,3.0,283.0,0.0,0.0,0.13780918727915195
3.0,7.0,37.0,0.1,0.1,0.4,3.0,268.0,0.0,0.0,0.13805970149253732
3.0,7.0,38.0,0.1,0.1,0.4,3.0,273.0,0.0,0.0,0.1391941391941392
3.0,7.0,39.0,0.1,0.1,0.4,3.0,268.0,0.0,0.0,0.13805970149253732
3.0,7.0,40.0,0.1,0.1,0.4,3.0,273.0,0.0,0.0,0.1391941391941392
3.0,7.0,41.0,0.1,0.1,0.4,3.0,268.0,0.0,0.0,0.13805970149253732
3.0,7.0,42.0,0.1,0.1,0.4,3.0,273.0,0.0,0.0,0.1391941391941392
3.0,7.0,43.0,0.1,0.1,0.4,3.0,267.0,0.0,0.0,0.13857677902621723
3.0,7.0,44.0,0.1,0.1,0.4,3.0,261.0,0.0,0.0,0.14559386973180077
3.0,7.0,45.0,0.1,0.1,0.4,3.0,254.0,0.0,0.0,0.24803149606299213
3.0,7.0,46.0,0.1,0.1,0.4,3.0,257.0,0.0,0.0,0.245136186770428
3.0,7.0,47.0,0.1,0.1,0.4,3.0,251.0,0.0,0.0,0.24701195219123506
3.0,7.0,48.0,0.1,0.1,0.4,3.0,256.0,0.0,0.0,0.24609375
3.0,7.0,49.0,0.1,0.1,0.4,3.0,251.0,0.0,0.0,0.24701195219123506
3.0,7.0,50.0,0.1,0.1,0.4,3.0,254.0,0.0,0.0,0.24803149606299213
3.0,7.0,51.0,0.1,0.1,0.4,3.0,251.0,0.0,0.0,0.24701195219123506
3.0,7.0,52.0,0.1,0.1,0.4,3.0,249.0,0.0,0.0,0.25301204819277107
3.0,8.0,1.0,0.1,0.1,0.4,3.0,248.0,0.0,0.0,0.25
3.0,8.0,2.0,0.1,0.1,0.4,3.0,249.0,0.0,0.0,0.25301204819277107
3.0,8.0,3.0,0.1,0.1,0.4,3.0,246.0,0.0,0.0,0.25203252032520324
3.0,8.0,4.0,0.1,0.1,0.4,3.0,244.0,0.0,0.0,0.2581967213114754
3.0,8.0,5.0,0.1,0.1,0.4,3.0,244.0,0.0,0.0,0.2540983606557377
3.0,8.0,6.0,0.1,0.1,0.4,3.0,243.0,0.0,0.0,0.2551440329218107
3.0,8.0,7.0,0.1,0.1,0.4,3.0,243.0,0.0,0.0,0.25102880658436216
3.0,8.0,8.0,0.1,0.1,0.4,3.0,241.0,0.0,0.0,0.2572614107883817
3.0,8.0,9.0,0.1,0.1,0.4,3.0,244.0,0.0,0.0,0.25
3.0,8.0,10.0,0.1,0.1,0.4,3.0,241.0,0.0,0.0,0.2572614107883817
3.0,8.0,11.0,0.1,0.1,0.4,3.0,244.0,0.0,0.0,0.25
3.0,8.0,12.0,0.1,0.1,0.4,3.0,240.0,0.0,0.0,0.25833333333333336
3.0,8.0,13.0,0.1,0.1,0.4,3.0,242.0,0.0,0.0,0.25206611570247933
3.0,8.0,14.0,0.1,0.1,0.4,3.0,241.0,0.0,0.0,0.2572614107883817
3.0,8.0,15.0,0.1,0.1,0.4,3.0,242.0,0.0,0.0,0.25206611570247933
3.0,8.0,16.0,0.1,0.1,0.4,3.0,240.0,0.0,0.0,0.25833333333333336
3.0,8.0,17.0,0.1,0.1,0.4,3.0,242.0,0.0,0.0,0.25206611570247933
3.0,8.0,18.0,0.1,0.1,0.4,3.0,241.0,0.0,0.0,0.2572614107883817
3.0,8.0,19.0,0.1,0.1,0.4,3.0,240.0,0.0,0.0,0.25416666666666665
3.0,8.0,20.0,0.1,0.1,0.4,3.0,510.0,0.0,0.0,0.12156862745098039
3.0,8.0,21.0,0.1,0.1,0.4,3.0,484.0,0.0,0.0,0.12396694214876033
3.0,8.0,22.0,0.1,0.1,0.4,3.0,454.0,0.0,0.0,0.1299559471365639
3.0,8.0,23.0,0.1,0.1,0.4,3.0,392.0,0.0,0.0,0.14285714285714285
3.0,8.0,24.0,0.1,0.1,0.4,3.0,374.0,0.0,0.0,0.1497326203208556
3.0,8.0,25.0,0.1,0.1,0.4,3.0,372.0,0.0,0.0,0.1478494623655914
3.0,8.0,26.0,0.1,0.1,0.4,3.0,341.0,0.0,0.0,0.15835777126099707
3.0,8.0,27.0,0.1,0.1,0.4,3.0,339.0,0.0,0.0,0.15634218289085547
3.0,8.0,28.0,0.1,0.1,0.4,3.0,341.0,0.0,0.0,0.15835777126099707
3.0,8.0,29.0,0.1,0.1,0.4,3.0,326.0,0.0,0.0,0.16257668711656442
3.0,8.0,30.0,0.1,0.1,0.4,3.0,328.0,0.0,0.0,0.16463414634146342
3.0,8.0,31.0,0.1,0.1,0.4,3.0,325.0,0.0,0.0,0.16307692307692306
3.0,8.0,32.0,0.1,0.1,0.4,3.0,319.0,0.0,0.0,0.16614420062695925
3.0,8.0,33.0,0.1,0.1,0.4,3.0,286.0,0.0,0.0,0.17132867132867133
3.0,8.0,34.0,0.1,0.1,0.4,3.0,271.0,0.0,0.0,0.17343173431734318
3.0,8.0,35.0,0.1,0.1,0.4,3.0,278.0,0.0,0.0,0.16906474820143885
3.0,8.0,36.0,0.1,0.1,0.4,3.0,270.0,0.0,0.0,0.17407407407407408
3.0,8.0,37.0,0.1,0.1,0.4,3.0,278.0,0.0,0.0,0.16906474820143885
3.0,8.0,38.0,0.1,0.1,0.4,3.0,270.0,0.0,0.0,0.17407407407407408
3.0,8.0,39.0,0.1,0.1,0.4,3.0,267.0,0.0,0.0,0.17228464419475656
3.0,8.0,40.0,0.1,0.1,0.4,3.0,246.0,0.0,0.0,0.18292682926829268
3.0,8.0,41.0,0.1,0.1,0.4,3.0,247.0,0.0,0.0,0.18218623481781376
3.0,8.0,42.0,0.1,0.1,0.4,3.0,236.0,0.0,0.0,0.1906779661016949
3.0,8.0,43.0,0.1,0.1,0.4,3.0,244.0,0.0,0.0,0.18442622950819673
3.0,8.0,44.0,0.1,0.1,0.4,3.0,234.0,0.0,0.0,0.19230769230769232
3.0,8.0,45.0,0.1,0.1,0.4,3.0,241.0,0.0,0.0,0.24481327800829875
3.0,8.0,46.0,0.1,0.1,0.4,3.0,225.0,0.0,0.0,0.2577777777777778
3.0,8.0,47.0,0.1,0.1,0.4,3.0,233.0,0.0,0.0,0.24892703862660945
3.0,8.0,48.0,0.1,0.1,0.4,3.0,224.0,0.0,0.0,0.2544642857142857
3.0,8.0,49.0,0.1,0.1,0.4,3.0,233.0,0.0,0.0,0.2446351931330472
3.0,8.0,50.0,0.1,0.1,0.4,3.0,224.0,0.0,0.0,0.2544642857142857
3.0,8.0,51.0,0.1,0.1,0.4,3.0,233.0,0.0,0.0,0.2446351931330472
3.0,8.0,52.0,0.1,0.1,0.4,3.0,224.0,0.0,0.0,0.2544642857142857
3.0,9.0,1.0,0.1,0.1,0.4,3.0,231.0,0.0,0.0,0.24242424242424243
3.0,9.0,2.0,0.1,0.1,0.4,3.0,223.0,0.0,0.0,0.25112107623318386
3.0,9.0,3.0,0.1,0.1,0.4,3.0,230.0,0.0,0.0,0.24347826086956523
3.0,9.0,4.0,0.1,0.1,0.4,3.0,221.0,0.0,0.0,0.25339366515837103
3.0,9.0,5.0,0.1,0.1,0.4,3.0,229.0,0.0,0.0,0.2445414847161572
3.0,9.0,6.0,0.1,0.1,0.4,3.0,221.0,0.0,0.0,0.25339366515837103
3.0,9.0,7.0,0.1,0.1,0.4,3.0,229.0,0.0,0.0,0.2445414847161572
3.0,9.0,8.0,0.1,0.1,0.4,3.0,220.0,0.0,0.0,0.2545454545454545
3.0,9.0,9.0,0.1,0.1,0.4,3.0,230.0,0.0,0.0,0.24347826086956523
3.0,9.0,10.0,0.1,0.1,0.4,3.0,219.0,0.0,0.0,0.2557077625570776
3.0,9.0,11.0,0.1,0.1,0.4,3.0,228.0,0.0,0.0,0.24561403508771928
3.0,9.0,12.0,0.1,0.1,0.4,3.0,219.0,0.0,0.0,0.2557077625570776
3.0,9.0,13.0,0.1,0.1,0.4,3.0,226.0,0.0,0.0,0.24778761061946902
3.0,9.0,14.0,0.1,0.1,0.4,3.0,218.0,0.0,0.0,0.25688073394495414
3.0,9.0,15.0,0.1,0.1,0.4,3.0,216.0,0.0,0.0,0.25462962962962965
3.0,9.0,16.0,0.1,0.1,0.4,3.0,206.0,0.0,0.0,0.2669902912621359
3.0,9.0,17.0,0.1,0.1,0.4,3.0,214.0,0.0,0.0,0.2570093457943925
3.0,9.0,18.0,0.1,0.1,0.4,3.0,206.0,0.0,0.0,0.2669902912621359
3.0,9.0,19.0,0.1,0.1,0.4,3.0,214.0,0.0,0.0,0.2570093457943925
3.0,9.0,20.0,0.1,0.1,0.4,3.0,338.0,0.0,0.0,0.1242603550295858
3.0,9.0,21.0,0.1,0.1,0.4,3.0,329.0,0.0,0.0,0.12462006079027356
3.0,9.0,22.0,0.1,0.1,0.4,3.0,309.0,0.0,0.0,0.1262135922330097
3.0,9.0,23.0,0.1,0.1,0.4,3.0,321.0,0.0,0.0,0.12149532710280374
3.0,9.0,24.0,0.1,0.1,0.4,3.0,301.0,0.0,0.0,0.12624584717607973
3.0,9.0,25.0,0.1,0.1,0.4,3.0,301.0,0.0,0.0,0.12292358803986711
3.0,9.0,26.0,0.1,0.1,0.4,3.0,281.0,0.0,0.0,0.12811387900355872
3.0,9.0,27.0,0.1,0.1,0.4,3.0,292.0,0.0,0.0,0.1232876712328767
3.0,9.0,28.0,0.1,0.1,0.4,3.0,280.0,0.0,0.0,0.12857142857142856
3.0,9.0,29.0,0.1,0.1,0.4,3.0,270.0,0.0,0.0,0.12962962962962962
3.0,9.0,30.0,0.1,0.1,0.4,3.0,247.0,0.0,0.0,0.13765182186234817
3.0,9.0,31.0,0.1,0.1,0.4,3.0,250.0,0.0,0.0,0.132
3.0,9.0,32.0,0.1,0.1,0.4,3.0,238.0,0.0,0.0,0.13865546218487396
3.0,9.0,33.0,0.1,0.1,0.4,3.0,241.0,0.0,0.0,0.13692946058091288
3.0,9.0,34.0,0.1,0.1,0.4,3.0,229.0,0.0,0.0,0.14410480349344978
3.0,9.0,35.0,0.1,0.1,0.4,3.0,241.0,0.0,0.0,0.13692946058091288
3.0,9.0,36.0,0.1,0.1,0.4,3.0,229.0,0.0,0.0,0.14410480349344978
3.0,9.0,37.0,0.1,0.1,0.4,3.0,240.0,0.0,0.0,0.13333333333333333
3.0,9.0,38.0,0.1,0.1,0.4,3.0,229.0,0.0,0.0,0.14410480349344978
3.0,9.0,39.0,0.1,0.1,0.4,3.0,241.0,0.0,0.0,0.13692946058091288
3.0,9.0,40.0,0.1,0.1,0.4,3.0,226.0,0.0,0.0,0.14601769911504425
3.0,9.0,41.0,0.1,0.1,0.4,3.0,237.0,0.0,0.0,0.13924050632911392
3.0,9.0,42.0,0.1,0.1,0.4,3.0,226.0,0.0,0.0,0.14601769911504425
3.0,9.0,43.0,0.1,0.1,0.4,3.0,235.0,0.0,0.0,0.14042553191489363
3.0,9.0,44.0,0.1,0.1,0.4,3.0,223.0,0.0,0.0,0.14798206278026907
3.0,9.0,45.0,0.1,0.1,0.4,3.0,226.0,0.0,0.0,0.21238938053097345
3.0,9.0,46.0,0.1,0.1,0.4,3.0,205.0,0.0,0.0,0.23414634146341465
3.0,9.0,47.0,0.1,0.1,0.4,3.0,210.0,0.0,0.0,0.22380952380952382
3.0,9.0,48.0,0.1,0.1,0.4,3.0,205.0,0.0,0.0,0.23414634146341465
3.0,9.0,49.0,0.1,0.1,0.4,3.0,210.0,0.0,0.0,0.22380952380952382
3.0,9.0,50.0,0.1,0.1,0.4,3.0,206.0,0.0,0.0,0.23300970873786409
3.0,9.0,51.0,0.1,0.1,0.4,3.0,209.0,0.0,0.0,0.22488038277511962
3.0,9.0,52.0,0.1,0.1,0.4,3.0,206.0,0.0,0.0,0.23300970873786409
3.0,10.0,1.0,0.1,0.1,0.4,3.0,211.0,0.0,0.0,0.22748815165876776
3.0,10.0,2.0,0.1,0.1,0.4,3.0,205.0,0.0,0.0,0.23414634146341465
3.0,10.0,3.0,0.1,0.1,0.4,3.0,209.0,0.0,0.0,0.22966507177033493
3.0,10.0,4.0,0.1,0.1,0.4,3.0,204.0,0.0,0.0,0.23529411764705882
3.0,10.0,5.0,0.1,0.1,0.4,3.0,208.0,0.0,0.0,0.22596153846153846
3.0,10.0,6.0,0.1,0.1,0.4,3.0,200.0,0.0,0.0,0.24
3.0,10.0,7.0,0.1,0.1,0.4,3.0,203.0,0.0,0.0,0.2315270935960591
3.0,10.0,8.0,0.1,0.1,0.4,3.0,196.0,0.0,0.0,0.24489795918367346
3.0,10.0,9.0,0.1,0.1,0.4,3.0,202.0,0.0,0.0,0.23267326732673269
3.0,10.0,10.0,0.1,0.1,0.4,3.0,195.0,0.0,0.0,0.24615384615384617
3.0,10.0,11.0,0.1,0.1,0.4,3.0,200.0,0.0,0.0,0.235
3.0,10.0,12.0,0.1,0.1,0.4,3.0,196.0,0.0,0.0,0.24489795918367346
3.0,10.0,13.0,0.1,0.1,0.4,3.0,200.0,0.0,0.0,0.24
3.0,10.0,14.0,0.1,0.1,0.4,3.0,196.0,0.0,0.0,0.24489795918367346
3.0,10.0,15.0,0.1,0.1,0.4,3.0,198.0,0.0,0.0,0.23737373737373738
3.0,10.0,16.0,0.1,0.1,0.4,3.0,196.0,0.0,0.0,0.24489795918367346
3.0,10.0,17.0,0.1,0.1,0.4,3.0,199.0,0.0,0.0,0.23618090452261306
3.0,10.0,18.0,0.1,0.1,0.4,3.0,196.0,0.0,0.0,0.24489795918367346
3.0,10.0,19.0,0.1,0.1,0.4,3.0,198.0,0.0,0.0,0.23737373737373738
3.0,10.0,20.0,0.1,0.1,0.4,3.0,357.0,0.0,0.0,0.10364145658263306
3.0,10.0,21.0,0.1,0.1,0.4,3.0,361.0,0.0,0.0,0.09695290858725762
3.0,10.0,22.0,0.1,0.1,0.4,3.0,325.0,0.0,0.0,0.1076923076923077
3.0,10.0,23.0,0.1,0.1,0.4,3.0,340.0,0.0,0.0,0.10294117647058823
3.0,10.0,24.0,0.1,0.1,0.4,3.0,311.0,0.0,0.0,0.11254019292604502
3.0,10.0,25.0,0.1,0.1,0.4,3.0,306.0,0.0,0.0,0.10784313725490197
3.0,10.0,26.0,0.1,0.1,0.4,3.0,274.0,0.0,0.0,0.12408759124087591
3.0,10.0,27.0,0.1,0.1,0.4,3.0,298.0,0.0,0.0,0.11073825503355705
3.0,10.0,28.0,0.1,0.1,0.4,3.0,274.0,0.0,0.0,0.12408759124087591
3.0,10.0,29.0,0.1,0.1,0.4,3.0,298.0,0.0,0.0,0.11073825503355705
3.0,10.0,30.0,0.1,0.1,0.4,3.0,274.0,0.0,0.0,0.12408759124087591
3.0,10.0,31.0,0.1,0.1,0.4,3.0,298.0,0.0,0.0,0.11073825503355705
3.0,10.0,32.0,0.1,0.1,0.4,3.0,274.0,0.0,0.0,0.12408759124087591
3.0,10.0,33.0,0.1,0.1,0.4,3.0,298.0,0.0,0.0,0.11073825503355705
3.0,10.0,34.0,0.1,0.1,0.4,3.0,261.0,0.0,0.0,0.12643678160919541
3.0,10.0,35.0,0.1,0.1,0.4,3.0,277.0,0.0,0.0,0.11191335740072202
3.0,10.0,36.0,0.1,0.1,0.4,3.0,255.0,0.0,0.0,0.12156862745098039
3.0,10.0,37.0,0.1,0.1,0.4,3.0,256.0,0.0,0.0,0.12109375
3.0,10.0,38.0,0.1,0.1,0.4,3.0,247.0,0.0,0.0,0.12550607287449392
3.0,10.0,39.0,0.1,0.1,0.4,3.0,248.0,0.0,0.0,0.125
3.0,10.0,40.0,0.1,0.1,0.4,3.0,247.0,0.0,0.0,0.12550607287449392
3.0,10.0,41.0,0.1,0.1,0.4,3.0,244.0,0.0,0.0,0.12295081967213115
3.0,10.0,42.0,0.1,0.1,0.4,3.0,247.0,0.0,0.0,0.12550607287449392
3.0,10.0,43.0,0.1,0.1,0.4,3.0,247.0,0.0,0.0,0.1214574898785425
3.0,10.0,44.0,0.1,0.1,0.4,3.0,245.0,0.0,0.0,0.12653061224489795
3.0,10.0,45.0,0.1,0.1,0.4,3.0,243.0,0.0,0.0,0.21810699588477367
3.0,10.0,46.0,0.1,0.1,0.4,3.0,245.0,0.0,0.0,0.22040816326530613
3.0,10.0,47.0,0.1,0.1,0.4,3.0,248.0,0.0,0.0,0.21774193548387097
3.0,10.0,48.0,0.1,0.1,0.4,3.0,243.0,0.0,0.0,0.2222222222222222
3.0,10.0,49.0,0.1,0.1,0.4,3.0,249.0,0.0,0.0,0.22088353413654618
3.0,10.0,50.0,0.1,0.1,0.4,3.0,241.0,0.0,0.0,0.2157676348547718
3.0,10.0,51.0,0.1,0.1,0.4,3.0,242.0,0.0,0.0,0.2190082644628099
3.0,10.0,52.0,0.1,0.1,0.4,3.0,231.0,0.0,0.0,0.2077922077922078
4.0,1.0,1.0,0.1,0.1,0.4,3.0,5151.0,56.0,5.0,0.09881576392933411
4.0,1.0,2.0,0.1,0.1,0.4,3.0,5050.0,63.0,17.0,0.1005940594059406
4.0,1.0,3.0,0.1,0.1,0.4,3.0,4874.0,73.0,33.0,0.09909725071809602
4.0,1.0,4.0,0.1,0.1,0.4,3.0,4682.0,97.0,46.0,0.10187953865869287
4.0,1.0,5.0,0.1,0.1,0.4,3.0,4597.0,131.0,42.0,0.10332825755927778
4.0,1.0,6.0,0.1,0.1,0.4,3.0,4410.0,144.0,51.0,0.10408163265306122
4.0,1.0,7.0,0.1,0.1,0.4,3.0,4156.0,142.0,54.0,0.10418671799807508
4.0,1.0,8.0,0.1,0.1,0.4,3.0,3937.0,182.0,75.0,0.10439420878841758
4.0,1.0,9.0,0.1,0.1,0.4,3.0,3698.0,202.0,81.0,0.10302866414277988
4.0,1.0,10.0,0.1,0.1,0.4,3.0,3556.0,209.0,83.0,0.10601799775028121
4.0,1.0,11.0,0.1,0.1,0.4,3.0,3382.0,219.0,91.0,0.10615020697811946
4.0,1.0,12.0,0.1,0.1,0.4,3.0,3204.0,227.0,96.0,0.10892634207240949
4.0,1.0,13.0,0.1,0.1,0.4,3.0,3126.0,248.0,107.0,0.10844529750479846
4.0,1.0,14.0,0.1,0.1,0.4,3.0,2989.0,246.0,107.0,0.10873201739712278
4.0,1.0,15.0,0.1,0.1,0.4,3.0,2826.0,265.0,116.0,0.10828025477707007
4.0,1.0,16.0,0.1,0.1,0.4,3.0,2702.0,255.0,117.0,0.10843819393042191
4.0,1.0,17.0,0.1,0.1,0.4,3.0,2608.0,265.0,127.0,0.11004601226993865
4.0,1.0,18.0,0.1,0.1,0.4,3.0,2483.0,256.0,124.0,0.11276681433749497
4.0,1.0,19.0,0.1,0.1,0.4,3.0,2360.0,233.0,126.0,0.11398305084745762
4.0,1.0,20.0,0.1,0.1,0.4,3.0,6193.0,234.0,120.0,0.04295171968351365
4.0,1.0,21.0,0.1,0.1,0.4,3.0,5590.0,287.0,103.0,0.044186046511627906
4.0,1.0,22.0,0.1,0.1,0.4,3.0,5142.0,330.0,107.0,0.04647996888370284
4.0,1.0,23.0,0.1,0.1,0.4,3.0,4759.0,365.0,120.0,0.048329480983399876
4.0,1.0,24.0,0.1,0.1,0.4,3.0,4460.0,416.0,151.0,0.05044843049327354
4.0,1.0,25.0,0.1,0.1,0.4,3.0,4204.0,467.0,184.0,0.05066603235014272
4.0,1.0,26.0,0.1,0.1,0.4,3.0,3814.0,464.0,191.0,0.054535920293654956
4.0,1.0,27.0,0.1,0.1,0.4,3.0,3497.0,494.0,198.0,0.05690591935945096
4.0,1.0,28.0,0.1,0.1,0.4,3.0,3199.0,486.0,195.0,0.05970615817442951
4.0,1.0,29.0,0.1,0.1,0.4,3.0,2947.0,468.0,198.0,0.06209704784526637
4.0,1.0,30.0,0.1,0.1,0.4,3.0,2757.0,433.0,189.0,0.06565107000362713
4.0,1.0,31.0,0.1,0.1,0.4,3.0,2564.0,444.0,211.0,0.06669266770670827
4.0,1.0,32.0,0.1,0.1,0.4,3.0,2366.0,449.0,206.0,0.07058326289095519
4.0,1.0,33.0,0.1,0.1,0.4,3.0,2240.0,434.0,214.0,0.07366071428571429
4.0,1.0,34.0,0.1,0.1,0.4,3.0,2052.0,398.0,187.0,0.07748538011695906
4.0,1.0,35.0,0.1,0.1,0.4,3.0,1901.0,374.0,183.0,0.0825881115202525
4.0,1.0,36.0,0.1,0.1,0.4,3.0,1764.0,343.0,179.0,0.08673469387755102
4.0,1.0,37.0,0.1,0.1,0.4,3.0,1660.0,318.0,160.0,0.09216867469879518
4.0,1.0,38.0,0.1,0.1,0.4,3.0,1480.0,275.0,148.0,0.1
4.0,1.0,39.0,0.1,0.1,0.4,3.0,1398.0,250.0,127.0,0.10371959942775394
4.0,1.0,40.0,0.1,0.1,0.4,3.0,1291.0,233.0,118.0,0.11463981409759876
4.0,1.0,41.0,0.1,0.1,0.4,3.0,1217.0,205.0,102.0,0.11750205423171733
4.0,1.0,42.0,0.1,0.1,0.4,3.0,1143.0,188.0,96.0,0.12073490813648294
4.0,1.0,43.0,0.1,0.1,0.4,3.0,1085.0,164.0,77.0,0.12442396313364056
4.0,1.0,44.0,0.1,0.1,0.4,3.0,1035.0,157.0,83.0,0.13043478260869565
4.0,1.0,45.0,0.1,0.1,0.4,3.0,968.0,136.0,64.0,0.21177685950413222
4.0,1.0,46.0,0.1,0.1,0.4,3.0,944.0,132.0,73.0,0.21610169491525424
4.0,1.0,47.0,0.1,0.1,0.4,3.0,886.0,104.0,56.0,0.22234762979683972
4.0,1.0,48.0,0.1,0.1,0.4,3.0,836.0,94.0,52.0,0.23205741626794257
4.0,1.0,49.0,0.1,0.1,0.4,3.0,779.0,81.0,45.0,0.2374839537869063
4.0,1.0,50.0,0.1,0.1,0.4,3.0,751.0,74.0,45.0,0.24766977363515313
4.0,1.0,51.0,0.1,0.1,0.4,3.0,737.0,77.0,41.0,0.24694708276797828
4.0,1.0,52.0,0.1,0.1,0.4,3.0,713.0,70.0,35.0,0.25105189340813466
4.0,2.0,1.0,0.1,0.1,0.4,3.0,686.0,59.0,23.0,0.2565597667638484
4.0,2.0,2.0,0.1,0.1,0.4,3.0,662.0,56.0,31.0,0.2583081570996979
4.0,2.0,3.0,0.1,0.1,0.4,3.0,640.0,57.0,31.0,0.2625
4.0,2.0,4.0,0.1,0.1,0.4,3.0,625.0,60.0,34.0,0.2592
4.0,2.0,5.0,0.1,0.1,0.4,3.0,601.0,46.0,26.0,0.26788685524126454
4.0,2.0,6.0,0.1,0.1,0.4,3.0,586.0,42.0,21.0,0.27474402730375425
4.0,2.0,7.0,0.1,0.1,0.4,3.0,576.0,36.0,20.0,0.2760416666666667
4.0,2.0,8.0,0.1,0.1,0.4,3.0,545.0,29.0,18.0,0.28623853211009176
4.0,2.0,9.0,0.1,0.1,0.4,3.0,541.0,30.0,18.0,0.2902033271719039
4.0,2.0,10.0,0.1,0.1,0.4,3.0,531.0,29.0,16.0,0.2937853107344633
4.0,2.0,11.0,0.1,0.1,0.4,3.0,524.0,26.0,13.0,0.29770992366412213
4.0,2.0,12.0,0.1,0.1,0.4,3.0,511.0,24.0,12.0,0.2974559686888454
4.0,2.0,13.0,0.1,0.1,0.4,3.0,508.0,22.0,12.0,0.297244094488189
4.0,2.0,14.0,0.1,0.1,0.4,3.0,495.0,18.0,10.0,0.301010101010101
4.0,2.0,15.0,0.1,0.1,0.4,3.0,494.0,16.0,8.0,0.30364372469635625
4.0,2.0,16.0,0.1,0.1,0.4,3.0,480.0,15.0,7.0,0.30833333333333335
4.0,2.0,17.0,0.1,0.1,0.4,3.0,483.0,16.0,6.0,0.3084886128364389
4.0,2.0,18.0,0.1,0.1,0.4,3.0,475.0,16.0,8.0,0.31157894736842107
4.0,2.0,19.0,0.1,0.1,0.4,3.0,474.0,13.0,7.0,0.3143459915611814
4.0,2.0,20.0,0.1,0.1,0.4,3.0,887.0,15.0,6.0,0.16459977452085683
4.0,2.0,21.0,0.1,0.1,0.4,3.0,861.0,17.0,7.0,0.16608594657375145
4.0,2.0,22.0,0.1,0.1,0.4,3.0,835.0,23.0,7.0,0.1688622754491018
4.0,2.0,23.0,0.1,0.1,0.4,3.0,824.0,25.0,12.0,0.16868932038834952
4.0,2.0,24.0,0.1,0.1,0.4,3.0,758.0,20.0,6.0,0.17546174142480211
4.0,2.0,25.0,0.1,0.1,0.4,3.0,753.0,20.0,8.0,0.1752988047808765
4.0,2.0,26.0,0.1,0.1,0.4,3.0,714.0,15.0,5.0,0.17507002801120447
4.0,2.0,27.0,0.1,0.1,0.4,3.0,698.0,20.0,10.0,0.17621776504297995
4.0,2.0,28.0,0.1,0.1,0.4,3.0,666.0,23.0,8.0,0.1831831831831832
4.0,2.0,29.0,0.1,0.1,0.4,3.0,650.0,26.0,13.0,0.18461538461538463
4.0,2.0,30.0,0.1,0.1,0.4,3.0,635.0,30.0,13.0,0.1858267716535433
4.0,2.0,31.0,0.1,0.1,0.4,3.0,606.0,33.0,17.0,0.18646864686468648
4.0,2.0,32.0,0.1,0.1,0.4,3.0,591.0,25.0,11.0,0.19289340101522842
4.0,2.0,33.0,0.1,0.1,0.4,3.0,573.0,24.0,12.0,0.193717277486911
4.0,2.0,34.0,0.1,0.1,0.4,3.0,560.0,26.0,12.0,0.1982142857142857
4.0,2.0,35.0,0.1,0.1,0.4,3.0,552.0,30.0,12.0,0.19202898550724637
4.0,2.0,36.0,0.1,0.1,0.4,3.0,531.0,26.0,10.0,0.1977401129943503
4.0,2.0,37.0,0.1,0.1,0.4,3.0,527.0,26.0,12.0,0.1954459203036053
4.0,2.0,38.0,0.1,0.1,0.4,3.0,524.0,27.0,14.0,0.20038167938931298
4.0,2.0,39.0,0.1,0.1,0.4,3.0,516.0,26.0,14.0,0.19767441860465115
4.0,2.0,40.0,0.1,0.1,0.4,3.0,509.0,24.0,11.0,0.2043222003929273
4.0,2.0,41.0,0.1,0.1,0.4,3.0,485.0,20.0,11.0,0.20618556701030927
4.0,2.0,42.0,0.1,0.1,0.4,3.0,480.0,19.0,14.0,0.21041666666666667
4.0,2.0,43.0,0.1,0.1,0.4,3.0,471.0,23.0,14.0,0.2059447983014862
4.0,2.0,44.0,0.1,0.1,0.4,3.0,464.0,24.0,13.0,0.21120689655172414
4.0,2.0,45.0,0.1,0.1,0.4,3.0,453.0,21.0,13.0,0.26269315673289184
4.0,2.0,46.0,0.1,0.1,0.4,3.0,450.0,21.0,12.0,0.2688888888888889
4.0,2.0,47.0,0.1,0.1,0.4,3.0,445.0,19.0,13.0,0.26741573033707866
4.0,2.0,48.0,0.1,0.1,0.4,3.0,438.0,18.0,10.0,0.273972602739726
4.0,2.0,49.0,0.1,0.1,0.4,3.0,432.0,17.0,10.0,0.2662037037037037
4.0,2.0,50.0,0.1,0.1,0.4,3.0,417.0,15.0,6.0,0.27817745803357313
4.0,2.0,51.0,0.1,0.1,0.4,3.0,415.0,14.0,7.0,0.27228915662650605
4.0,2.0,52.0,0.1,0.1,0.4,3.0,410.0,12.0,8.0,0.2804878048780488
4.0,3.0,1.0,0.1,0.1,0.4,3.0,410.0,12.0,8.0,0.275609756097561
4.0,3.0,2.0,0.1,0.1,0.4,3.0,405.0,9.0,5.0,0.2814814814814815
4.0,3.0,3.0,0.1,0.1,0.4,3.0,401.0,6.0,4.0,0.2793017456359102
4.0,3.0,4.0,0.1,0.1,0.4,3.0,397.0,5.0,3.0,0.28463476070528965
4.0,3.0,5.0,0.1,0.1,0.4,3.0,397.0,4.0,3.0,0.2770780856423174
4.0,3.0,6.0,0.1,0.1,0.4,3.0,394.0,2.0,2.0,0.28426395939086296
4.0,3.0,7.0,0.1,0.1,0.4,3.0,392.0,3.0,2.0,0.28061224489795916
4.0,3.0,8.0,0.1,0.1,0.4,3.0,389.0,2.0,1.0,0.2879177377892031
4.0,3.0,9.0,0.1,0.1,0.4,3.0,386.0,1.0,0.0,0.2823834196891192
4.0,3.0,10.0,0.1,0.1,0.4,3.0,379.0,1.0,0.0,0.2770448548812665
4.0,3.0,11.0,0.1,0.1,0.4,3.0,375.0,1.0,0.0,0.2693333333333333
4.0,3.0,12.0,0.1,0.1,0.4,3.0,373.0,1.0,0.0,0.2707774798927614
4.0,3.0,13.0,0.1,0.1,0.4,3.0,374.0,1.0,1.0,0.2647058823529412
4.0,3.0,14.0,0.1,0.1,0.4,3.0,375.0,1.0,1.0,0.2693333333333333
4.0,3.0,15.0,0.1,0.1,0.4,3.0,372.0,1.0,1.0,0.2661290322580645
4.0,3.0,16.0,0.1,0.1,0.4,3.0,373.0,0.0,0.0,0.2680965147453083
4.0,3.0,17.0,0.1,0.1,0.4,3.0,370.0,0.0,0.0,0.2648648648648649
4.0,3.0,18.0,0.1,0.1,0.4,3.0,371.0,0.0,0.0,0.2695417789757412
4.0,3.0,19.0,0.1,0.1,0.4,3.0,367.0,0.0,0.0,0.2670299727520436
4.0,3.0,20.0,0.1,0.1,0.4,3.0,718.0,0.0,0.0,0.13788300835654596
4.0,3.0,21.0,0.1,0.1,0.4,3.0,690.0,0.0,0.0,0.1391304347826087
4.0,3.0,22.0,0.1,0.1,0.4,3.0,672.0,0.0,0.0,0.14285714285714285
4.0,3.0,23.0,0.1,0.1,0.4,3.0,610.0,0.0,0.0,0.14918032786885246
4.0,3.0,24.0,0.1,0.1,0.4,3.0,595.0,0.0,0.0,0.15126050420168066
4.0,3.0,25.0,0.1,0.1,0.4,3.0,595.0,0.0,0.0,0.14789915966386555
4.0,3.0,26.0,0.1,0.1,0.4,3.0,585.0,0.0,0.0,0.15042735042735042
4.0,3.0,27.0,0.1,0.1,0.4,3.0,559.0,0.0,0.0,0.148479427549195
4.0,3.0,28.0,0.1,0.1,0.4,3.0,555.0,0.0,0.0,0.14954954954954955
4.0,3.0,29.0,0.1,0.1,0.4,3.0,535.0,0.0,0.0,0.15327102803738318
4.0,3.0,30.0,0.1,0.1,0.4,3.0,513.0,0.0,0.0,0.15789473684210525
4.0,3.0,31.0,0.1,0.1,0.4,3.0,502.0,0.0,0.0,0.16135458167330677
4.0,3.0,32.0,0.1,0.1,0.4,3.0,495.0,0.0,0.0,0.16363636363636364
4.0,3.0,33.0,0.1,0.1,0.4,3.0,497.0,0.0,0.0,0.16297786720321933
4.0,3.0,34.0,0.1,0.1,0.4,3.0,488.0,0.0,0.0,0.16393442622950818
4.0,3.0,35.0,0.1,0.1,0.4,3.0,483.0,0.0,0.0,0.16356107660455488
4.0,3.0,36.0,0.1,0.1,0.4,3.0,485.0,0.0,0.0,0.16494845360824742
4.0,3.0,37.0,0.1,0.1,0.4,3.0,475.0,0.0,0.0,0.16631578947368422
4.0,3.0,38.0,0.1,0.1,0.4,3.0,481.0,0.0,0.0,0.16424116424116425
4.0,3.0,39.0,0.1,0.1,0.4,3.0,478.0,0.0,0.0,0.16108786610878661
4.0,3.0,40.0,0.1,0.1,0.4,3.0,480.0,0.0,0.0,0.1625
4.0,3.0,41.0,0.1,0.1,0.4,3.0,460.0,0.0,0.0,0.16304347826086957
4.0,3.0,42.0,0.1,0.1,0.4,3.0,461.0,0.0,0.0,0.1648590021691974
4.0,3.0,43.0,0.1,0.1,0.4,3.0,454.0,0.0,0.0,0.16299559471365638
4.0,3.0,44.0,0.1,0.1,0.4,3.0,460.0,0.0,0.0,0.16521739130434782
4.0,3.0,45.0,0.1,0.1,0.4,3.0,447.0,0.0,0.0,0.24161073825503357
4.0,3.0,46.0,0.1,0.1,0.4,3.0,444.0,0.0,0.0,0.24324324324324326
4.0,3.0,47.0,0.1,0.1,0.4,3.0,426.0,0.0,0.0,0.24178403755868544
4.0,3.0,48.0,0.1,0.1,0.4,3.0,431.0,0.0,0.0,0.24129930394431554
4.0,3.0,49.0,0.1,0.1,0.4,3.0,413.0,0.0,0.0,0.2397094430992736
4.0,3.0,50.0,0.1,0.1,0.4,3.0,417.0,0.0,0.0,0.23980815347721823
4.0,3.0,51.0,0.1,0.1,0.4,3.0,406.0,0.0,0.0,0.23645320197044334
4.0,3.0,52.0,0.1,0.1,0.4,3.0,409.0,0.0,0.0,0.2371638141809291
4.0,4.0,1.0,0.1,0.1,0.4,3.0,400.0,0.0,0.0,0.235
4.0,4.0,2.0,0.1,0.1,0.4,3.0,402.0,0.0,0.0,0.236318407960199
4.0,4.0,3.0,0.1,0.1,0.4,3.0,398.0,0.0,0.0,0.23618090452261306
4.0,4.0,4.0,0.1,0.1,0.4,3.0,391.0,0.0,0.0,0.24040920716112532
4.0,4.0,5.0,0.1,0.1,0.4,3.0,386.0,0.0,0.0,0.24093264248704663
4.0,4.0,6.0,0.1,0.1,0.4,3.0,386.0,0.0,0.0,0.23834196891191708
4.0,4.0,7.0,0.1,0.1,0.4,3.0,384.0,0.0,0.0,0.23958333333333334
4.0,4.0,8.0,0.1,0.1,0.4,3.0,385.0,0.0,0.0,0.24155844155844156
4.0,4.0,9.0,0.1,0.1,0.4,3.0,382.0,0.0,0.0,0.24083769633507854
4.0,4.0,10.0,0.1,0.1,0.4,3.0,382.0,0.0,0.0,0.23821989528795812
4.0,4.0,11.0,0.1,0.1,0.4,3.0,377.0,0.0,0.0,0.23872679045092837
4.0,4.0,12.0,0.1,0.1,0.4,3.0,378.0,0.0,0.0,0.23809523809523808
4.0,4.0,13.0,0.1,0.1,0.4,3.0,375.0,0.0,0.0,0.23733333333333334
4.0,4.0,14.0,0.1,0.1,0.4,3.0,376.0,0.0,0.0,0.23670212765957446
4.0,4.0,15.0,0.1,0.1,0.4,3.0,373.0,0.0,0.0,0.2386058981233244
4.0,4.0,16.0,0.1,0.1,0.4,3.0,375.0,0.0,0.0,0.23733333333333334
4.0,4.0,17.0,0.1,0.1,0.4,3.0,374.0,0.0,0.0,0.23796791443850268
4.0,4.0,18.0,0.1,0.1,0.4,3.0,374.0,0.0,0.0,0.23796791443850268
4.0,4.0,19.0,0.1,0.1,0.4,3.0,373.0,0.0,0.0,0.2359249329758713
4.0,4.0,20.0,0.1,0.1,0.4,3.0,776.0,0.0,0.0,0.11469072164948453
4.0,4.0,21.0,0.1,0.1,0.4,3.0,707.0,0.0,0.0,0.1188118811881188
4.0,4.0,22.0,0.1,0.1,0.4,3.0,623.0,0.0,0.0,0.12359550561797752
4.0,4.0,23.0,0.1,0.1,0.4,3.0,613.0,0.0,0.0,0.1272430668841762
4.0,4.0,24.0,0.1,0.1,0.4,3.0,593.0,0.0,0.0,0.12647554806070826
4.0,4.0,25.0,0.1,0.1,0.4,3.0,585.0,0.0,0.0,0.1282051282051282
4.0,4.0,26.0,0.1,0.1,0.4,3.0,578.0,0.0,0.0,0.12802768166089964
4.0,4.0,27.0,0.1,0.1,0.4,3.0,558.0,0.0,0.0,0.13440860215053763
4.0,4.0,28.0,0.1,0.1,0.4,3.0,541.0,0.0,0.0,0.13493530499075784
4.0,4.0,29.0,0.1,0.1,0.4,3.0,537.0,0.0,0.0,0.1378026070763501
4.0,4.0,30.0,0.1,0.1,0.4,3.0,531.0,0.0,0.0,0.1393596986817326
4.0,4.0,31.0,0.1,0.1,0.4,3.0,518.0,0.0,0.0,0.14285714285714285
4.0,4.0,32.0,0.1,0.1,0.4,3.0,470.0,0.0,0.0,0.14893617021276595
4.0,4.0,33.0,0.1,0.1,0.4,3.0,463.0,0.0,0.0,0.1490280777537797
4.0,4.0,34.0,0.1,0.1,0.4,3.0,457.0,0.0,0.0,0.1487964989059081
4.0,4.0,35.0,0.1,0.1,0.4,3.0,399.0,0.0,0.0,0.16040100250626566
4.0,4.0,36.0,0.1,0.1,0.4,3.0,397.0,0.0,0.0,0.15365239294710328
4.0,4.0,37.0,0.1,0.1,0.4,3.0,387.0,0.0,0.0,0.15503875968992248
4.0,4.0,38.0,0.1,0.1,0.4,3.0,380.0,0.0,0.0,0.15526315789473685
4.0,4.0,39.0,0.1,0.1,0.4,3.0,374.0,0.0,0.0,0.15775401069518716
4.0,4.0,40.0,0.1,0.1,0.4,3.0,365.0,0.0,0.0,0.15342465753424658
4.0,4.0,41.0,0.1,0.1,0.4,3.0,339.0,0.0,0.0,0.1592920353982301
4.0,4.0,42.0,0.1,0.1,0.4,3.0,342.0,0.0,0.0,0.1608187134502924
4.0,4.0,43.0,0.1,0.1,0.4,3.0,338.0,0.0,0.0,0.16272189349112426
4.0,4.0,44.0,0.1,0.1,0.4,3.0,331.0,0.0,0.0,0.16314199395770393
4.0,4.0,45.0,0.1,0.1,0.4,3.0,327.0,0.0,0.0,0.2415902140672783
4.0,4.0,46.0,0.1,0.1,0.4,3.0,333.0,0.0,0.0,0.24324324324324326
4.0,4.0,47.0,0.1,0.1,0.4,3.0,326.0,0.0,0.0,0.24233128834355827
4.0,4.0,48.0,0.1,0.1,0.4,3.0,328.0,0.0,0.0,0.24390243902439024
4.0,4.0,49.0,0.1,0.1,0.4,3.0,325.0,0.0,0.0,0.23692307692307693
4.0,4.0,50.0,0.1,0.1,0.4,3.0,316.0,0.0,0.0,0.24367088607594936
4.0,4.0,51.0,0.1,0.1,0.4,3.0,315.0,0.0,0.0,0.23809523809523808
4.0,4.0,52.0,0.1,0.1,0.4,3.0,314.0,0.0,0.0,0.23885350318471338
4.0,5.0,1.0,0.1,0.1,0.4,3.0,310.0,0.0,0.0,0.23870967741935484
4.0,5.0,2.0,0.1,0.1,0.4,3.0,313.0,0.0,0.0,0.23961661341853036
4.0,5.0,3.0,0.1,0.1,0.4,3.0,306.0,0.0,0.0,0.22875816993464052
4.0,5.0,4.0,0.1,0.1,0.4,3.0,308.0,0.0,0.0,0.2305194805194805
4.0,5.0,5.0,0.1,0.1,0.4,3.0,306.0,0.0,0.0,0.23202614379084968
4.0,5.0,6.0,0.1,0.1,0.4,3.0,308.0,0.0,0.0,0.23376623376623376
4.0,5.0,7.0,0.1,0.1,0.4,3.0,303.0,0.0,0.0,0.23432343234323433
4.0,5.0,8.0,0.1,0.1,0.4,3.0,305.0,0.0,0.0,0.23278688524590163
4.0,5.0,9.0,0.1,0.1,0.4,3.0,301.0,0.0,0.0,0.23255813953488372
4.0,5.0,10.0,0.1,0.1,0.4,3.0,302.0,0.0,0.0,0.23509933774834438
4.0,5.0,11.0,0.1,0.1,0.4,3.0,301.0,0.0,0.0,0.2292358803986711
4.0,5.0,12.0,0.1,0.1,0.4,3.0,302.0,0.0,0.0,0.23509933774834438
4.0,5.0,13.0,0.1,0.1,0.4,3.0,301.0,0.0,0.0,0.2292358803986711
4.0,5.0,14.0,0.1,0.1,0.4,3.0,283.0,0.0,0.0,0.24028268551236748
4.0,5.0,15.0,0.1,0.1,0.4,3.0,282.0,0.0,0.0,0.24113475177304963
4.0,5.0,16.0,0.1,0.1,0.4,3.0,283.0,0.0,0.0,0.23674911660777384
4.0,5.0,17.0,0.1,0.1,0.4,3.0,280.0,0.0,0.0,0.2357142857142857
4.0,5.0,18.0,0.1,0.1,0.4,3.0,274.0,0.0,0.0,0.24087591240875914
4.0,5.0,19.0,0.1,0.1,0.4,3.0,273.0,0.0,0.0,0.23443223443223443
4.0,5.0,20.0,0.1,0.1,0.4,3.0,547.0,0.0,0.0,0.11882998171846434
4.0,5.0,21.0,0.1,0.1,0.4,3.0,524.0,0.0,0.0,0.1183206106870229
4.0,5.0,22.0,0.1,0.1,0.4,3.0,525.0,0.0,0.0,0.11619047619047619
4.0,5.0,23.0,0.1,0.1,0.4,3.0,478.0,0.0,0.0,0.11297071129707113
4.0,5.0,24.0,0.1,0.1,0.4,3.0,483.0,0.0,0.0,0.11180124223602485
4.0,5.0,25.0,0.1,0.1,0.4,3.0,461.0,0.0,0.0,0.11496746203904555
4.0,5.0,26.0,0.1,0.1,0.4,3.0,463.0,0.0,0.0,0.11447084233261338
4.0,5.0,27.0,0.1,0.1,0.4,3.0,446.0,0.0,0.0,0.11434977578475336
4.0,5.0,28.0,0.1,0.1,0.4,3.0,442.0,0.0,0.0,0.11764705882352941
4.0,5.0,29.0,0.1,0.1,0.4,3.0,400.0,0.0,0.0,0.1275
4.0,5.0,30.0,0.1,0.1,0.4,3.0,407.0,0.0,0.0,0.12776412776412777
4.0,5.0,31.0,0.1,0.1,0.4,3.0,400.0,0.0,0.0,0.125
4.0,5.0,32.0,0.1,0.1,0.4,3.0,403.0,0.0,0.0,0.12655086848635236
4.0,5.0,33.0,0.1,0.1,0.4,3.0,382.0,0.0,0.0,0.13089005235602094
4.0,5.0,34.0,0.1,0.1,0.4,3.0,378.0,0.0,0.0,0.1349206349206349
4.0,5.0,35.0,0.1,0.1,0.4,3.0,365.0,0.0,0.0,0.13150684931506848
4.0,5.0,36.0,0.1,0.1,0.4,3.0,362.0,0.0,0.0,0.13259668508287292
4.0,5.0,37.0,0.1,0.1,0.4,3.0,357.0,0.0,0.0,0.13165266106442577
4.0,5.0,38.0,0.1,0.1,0.4,3.0,353.0,0.0,0.0,0.1359773371104816
4.0,5.0,39.0,0.1,0.1,0.4,3.0,339.0,0.0,0.0,0.13569321533923304
4.0,5.0,40.0,0.1,0.1,0.4,3.0,341.0,0.0,0.0,0.1378299120234604
4.0,5.0,41.0,0.1,0.1,0.4,3.0,335.0,0.0,0.0,0.13432835820895522
4.0,5.0,42.0,0.1,0.1,0.4,3.0,313.0,0.0,0.0,0.14696485623003194
4.0,5.0,43.0,0.1,0.1,0.4,3.0,307.0,0.0,0.0,0.14332247557003258
4.0,5.0,44.0,0.1,0.1,0.4,3.0,302.0,0.0,0.0,0.1456953642384106
4.0,5.0,45.0,0.1,0.1,0.4,3.0,294.0,0.0,0.0,0.2108843537414966
4.0,5.0,46.0,0.1,0.1,0.4,3.0,302.0,0.0,0.0,0.2119205298013245
4.0,5.0,47.0,0.1,0.1,0.4,3.0,287.0,0.0,0.0,0.21602787456445993
4.0,5.0,48.0,0.1,0.1,0.4,3.0,295.0,0.0,0.0,0.21694915254237288
4.0,5.0,49.0,0.1,0.1,0.4,3.0,291.0,0.0,0.0,0.21649484536082475
4.0,5.0,50.0,0.1,0.1,0.4,3.0,295.0,0.0,0.0,0.21694915254237288
4.0,5.0,51.0,0.1,0.1,0.4,3.0,292.0,0.0,0.0,0.21575342465753425
4.0,5.0,52.0,0.1,0.1,0.4,3.0,293.0,0.0,0.0,0.21843003412969283
4.0,6.0,1.0,0.1,0.1,0.4,3.0,290.0,0.0,0.0,0.21724137931034482
4.0,6.0,2.0,0.1,0.1,0.4,3.0,290.0,0.0,0.0,0.2206896551724138
4.0,6.0,3.0,0.1,0.1,0.4,3.0,279.0,0.0,0.0,0.22580645161290322
4.0,6.0,4.0,0.1,0.1,0.4,3.0,283.0,0.0,0.0,0.22614840989399293
4.0,6.0,5.0,0.1,0.1,0.4,3.0,280.0,0.0,0.0,0.225
4.0,6.0,6.0,0.1,0.1,0.4,3.0,281.0,0.0,0.0,0.22419928825622776
4.0,6.0,7.0,0.1,0.1,0.4,3.0,280.0,0.0,0.0,0.22857142857142856
4.0,6.0,8.0,0.1,0.1,0.4,3.0,282.0,0.0,0.0,0.22340425531914893
4.0,6.0,9.0,0.1,0.1,0.4,3.0,280.0,0.0,0.0,0.22857142857142856
4.0,6.0,10.0,0.1,0.1,0.4,3.0,282.0,0.0,0.0,0.22340425531914893
4.0,6.0,11.0,0.1,0.1,0.4,3.0,282.0,0.0,0.0,0.22695035460992907
4.0,6.0,12.0,0.1,0.1,0.4,3.0,282.0,0.0,0.0,0.22340425531914893
4.0,6.0,13.0,0.1,0.1,0.4,3.0,279.0,0.0,0.0,0.22939068100358423
4.0,6.0,14.0,0.1,0.1,0.4,3.0,282.0,0.0,0.0,0.22340425531914893
4.0,6.0,15.0,0.1,0.1,0.4,3.0,280.0,0.0,0.0,0.22857142857142856
4.0,6.0,16.0,0.1,0.1,0.4,3.0,283.0,0.0,0.0,0.2226148409893993
4.0,6.0,17.0,0.1,0.1,0.4,3.0,280.0,0.0,0.0,0.22857142857142856
4.0,6.0,18.0,0.1,0.1,0.4,3.0,283.0,0.0,0.0,0.2226148409893993
4.0,6.0,19.0,0.1,0.1,0.4,3.0,278.0,0.0,0.0,0.2302158273381295
4.0,6.0,20.0,0.1,0.1,0.4,3.0,483.0,0.0,0.0,0.13043478260869565
4.0,6.0,21.0,0.1,0.1,0.4,3.0,435.0,0.0,0.0,0.13793103448275862
4.0,6.0,22.0,0.1,0.1,0.4,3.0,435.0,0.0,0.0,0.135632183908046
4.0,6.0,23.0,0.1,0.1,0.4,3.0,406.0,0.0,0.0,0.1477832512315271
4.0,6.0,24.0,0.1,0.1,0.4,3.0,389.0,0.0,0.0,0.14138817480719795
4.0,6.0,25.0,0.1,0.1,0.4,3.0,378.0,0.0,0.0,0.14285714285714285
4.0,6.0,26.0,0.1,0.1,0.4,3.0,375.0,0.0,0.0,0.14133333333333334
4.0,6.0,27.0,0.1,0.1,0.4,3.0,361.0,0.0,0.0,0.14681440443213298
4.0,6.0,28.0,0.1,0.1,0.4,3.0,349.0,0.0,0.0,0.1489971346704871
4.0,6.0,29.0,0.1,0.1,0.4,3.0,335.0,0.0,0.0,0.1582089552238806
4.0,6.0,30.0,0.1,0.1,0.4,3.0,320.0,0.0,0.0,0.15625
4.0,6.0,31.0,0.1,0.1,0.4,3.0,316.0,0.0,0.0,0.16455696202531644
4.0,6.0,32.0,0.1,0.1,0.4,3.0,319.0,0.0,0.0,0.16300940438871472
4.0,6.0,33.0,0.1,0.1,0.4,3.0,313.0,0.0,0.0,0.16613418530351437
4.0,6.0,34.0,0.1,0.1,0.4,3.0,297.0,0.0,0.0,0.16498316498316498
4.0,6.0,35.0,0.1,0.1,0.4,3.0,285.0,0.0,0.0,0.1649122807017544
4.0,6.0,36.0,0.1,0.1,0.4,3.0,284.0,0.0,0.0,0.16549295774647887
4.0,6.0,37.0,0.1,0.1,0.4,3.0,283.0,0.0,0.0,0.16607773851590105
4.0,6.0,38.0,0.1,0.1,0.4,3.0,275.0,0.0,0.0,0.1709090909090909
4.0,6.0,39.0,0.1,0.1,0.4,3.0,275.0,0.0,0.0,0.1709090909090909
4.0,6.0,40.0,0.1,0.1,0.4,3.0,275.0,0.0,0.0,0.1709090909090909
4.0,6.0,41.0,0.1,0.1,0.4,3.0,261.0,0.0,0.0,0.18007662835249041
4.0,6.0,42.0,0.1,0.1,0.4,3.0,259.0,0.0,0.0,0.18146718146718147
4.0,6.0,43.0,0.1,0.1,0.4,3.0,257.0,0.0,0.0,0.17898832684824903
4.0,6.0,44.0,0.1,0.1,0.4,3.0,257.0,0.0,0.0,0.1828793774319066
4.0,6.0,45.0,0.1,0.1,0.4,3.0,257.0,0.0,0.0,0.2178988326848249
4.0,6.0,46.0,0.1,0.1,0.4,3.0,257.0,0.0,0.0,0.2178988326848249
4.0,6.0,47.0,0.1,0.1,0.4,3.0,253.0,0.0,0.0,0.22134387351778656
4.0,6.0,48.0,0.1,0.1,0.4,3.0,244.0,0.0,0.0,0.22131147540983606
4.0,6.0,49.0,0.1,0.1,0.4,3.0,241.0,0.0,0.0,0.21991701244813278
4.0,6.0,50.0,0.1,0.1,0.4,3.0,241.0,0.0,0.0,0.22406639004149378
4.0,6.0,51.0,0.1,0.1,0.4,3.0,241.0,0.0,0.0,0.22406639004149378
4.0,6.0,52.0,0.1,0.1,0.4,3.0,238.0,0.0,0.0,0.22268907563025211
4.0,7.0,1.0,0.1,0.1,0.4,3.0,239.0,0.0,0.0,0.2217573221757322
4.0,7.0,2.0,0.1,0.1,0.4,3.0,241.0,0.0,0.0,0.22406639004149378
4.0,7.0,3.0,0.1,0.1,0.4,3.0,238.0,0.0,0.0,0.2184873949579832
4.0,7.0,4.0,0.1,0.1,0.4,3.0,241.0,0.0,0.0,0.22406639004149378
4.0,7.0,5.0,0.1,0.1,0.4,3.0,231.0,0.0,0.0,0.22510822510822512
4.0,7.0,6.0,0.1,0.1,0.4,3.0,230.0,0.0,0.0,0.23043478260869565
4.0,7.0,7.0,0.1,0.1,0.4,3.0,229.0,0.0,0.0,0.2314410480349345
4.0,7.0,8.0,0.1,0.1,0.4,3.0,229.0,0.0,0.0,0.2314410480349345
4.0,7.0,9.0,0.1,0.1,0.4,3.0,228.0,0.0,0.0,0.22807017543859648
4.0,7.0,10.0,0.1,0.1,0.4,3.0,228.0,0.0,0.0,0.22807017543859648
4.0,7.0,11.0,0.1,0.1,0.4,3.0,229.0,0.0,0.0,0.2314410480349345
4.0,7.0,12.0,0.1,0.1,0.4,3.0,227.0,0.0,0.0,0.22466960352422907
4.0,7.0,13.0,0.1,0.1,0.4,3.0,228.0,0.0,0.0,0.2324561403508772
4.0,7.0,14.0,0.1,0.1,0.4,3.0,228.0,0.0,0.0,0.22807017543859648
4.0,7.0,15.0,0.1,0.1,0.4,3.0,228.0,0.0,0.0,0.22807017543859648
4.0,7.0,16.0,0.1,0.1,0.4,3.0,230.0,0.0,0.0,0.23043478260869565
4.0,7.0,17.0,0.1,0.1,0.4,3.0,227.0,0.0,0.0,0.22466960352422907
4.0,7.0,18.0,0.1,0.1,0.4,3.0,227.0,0.0,0.0,0.22466960352422907
4.0,7.0,19.0,0.1,0.1,0.4,3.0,225.0,0.0,0.0,0.22666666666666666
4.0,7.0,20.0,0.1,0.1,0.4,3.0,389.0,0.0,0.0,0.12853470437017994
4.0,7.0,21.0,0.1,0.1,0.4,3.0,387.0,0.0,0.0,0.12919896640826872
4.0,7.0,22.0,0.1,0.1,0.4,3.0,388.0,0.0,0.0,0.12628865979381443
4.0,7.0,23.0,0.1,0.1,0.4,3.0,388.0,0.0,0.0,0.12886597938144329
4.0,7.0,24.0,0.1,0.1,0.4,3.0,380.0,0.0,0.0,0.12894736842105264
4.0,7.0,25.0,0.1,0.1,0.4,3.0,378.0,0.0,0.0,0.12962962962962962
4.0,7.0,26.0,0.1,0.1,0.4,3.0,368.0,0.0,0.0,0.13043478260869565
4.0,7.0,27.0,0.1,0.1,0.4,3.0,356.0,0.0,0.0,0.13202247191011235
4.0,7.0,28.0,0.1,0.1,0.4,3.0,348.0,0.0,0.0,0.1235632183908046
4.0,7.0,29.0,0.1,0.1,0.4,3.0,341.0,0.0,0.0,0.12903225806451613
4.0,7.0,30.0,0.1,0.1,0.4,3.0,317.0,0.0,0.0,0.13249211356466878
4.0,7.0,31.0,0.1,0.1,0.4,3.0,318.0,0.0,0.0,0.13836477987421383
4.0,7.0,32.0,0.1,0.1,0.4,3.0,318.0,0.0,0.0,0.13522012578616352
4.0,7.0,33.0,0.1,0.1,0.4,3.0,307.0,0.0,0.0,0.13680781758957655
4.0,7.0,34.0,0.1,0.1,0.4,3.0,306.0,0.0,0.0,0.13398692810457516
4.0,7.0,35.0,0.1,0.1,0.4,3.0,299.0,0.0,0.0,0.14046822742474915
4.0,7.0,36.0,0.1,0.1,0.4,3.0,280.0,0.0,0.0,0.14642857142857144
4.0,7.0,37.0,0.1,0.1,0.4,3.0,280.0,0.0,0.0,0.14642857142857144
4.0,7.0,38.0,0.1,0.1,0.4,3.0,266.0,0.0,0.0,0.15037593984962405
4.0,7.0,39.0,0.1,0.1,0.4,3.0,255.0,0.0,0.0,0.1568627450980392
4.0,7.0,40.0,0.1,0.1,0.4,3.0,258.0,0.0,0.0,0.15503875968992248
4.0,7.0,41.0,0.1,0.1,0.4,3.0,261.0,0.0,0.0,0.15708812260536398
4.0,7.0,42.0,0.1,0.1,0.4,3.0,250.0,0.0,0.0,0.156
4.0,7.0,43.0,0.1,0.1,0.4,3.0,250.0,0.0,0.0,0.152
4.0,7.0,44.0,0.1,0.1,0.4,3.0,251.0,0.0,0.0,0.1593625498007968
4.0,7.0,45.0,0.1,0.1,0.4,3.0,249.0,0.0,0.0,0.24899598393574296
4.0,7.0,46.0,0.1,0.1,0.4,3.0,248.0,0.0,0.0,0.2540322580645161
4.0,7.0,47.0,0.1,0.1,0.4,3.0,246.0,0.0,0.0,0.25203252032520324
4.0,7.0,48.0,0.1,0.1,0.4,3.0,246.0,0.0,0.0,0.25203252032520324
4.0,7.0,49.0,0.1,0.1,0.4,3.0,240.0,0.0,0.0,0.25416666666666665
4.0,7.0,50.0,0.1,0.1,0.4,3.0,229.0,0.0,0.0,0.26200873362445415
4.0,7.0,51.0,0.1,0.1,0.4,3.0,234.0,0.0,0.0,0.2606837606837607
4.0,7.0,52.0,0.1,0.1,0.4,3.0,227.0,0.0,0.0,0.2599118942731278
4.0,8.0,1.0,0.1,0.1,0.4,3.0,234.0,0.0,0.0,0.2564102564102564
4.0,8.0,2.0,0.1,0.1,0.4,3.0,229.0,0.0,0.0,0.26200873362445415
4.0,8.0,3.0,0.1,0.1,0.4,3.0,233.0,0.0,0.0,0.2575107296137339
4.0,8.0,4.0,0.1,0.1,0.4,3.0,229.0,0.0,0.0,0.26200873362445415
4.0,8.0,5.0,0.1,0.1,0.4,3.0,233.0,0.0,0.0,0.2575107296137339
4.0,8.0,6.0,0.1,0.1,0.4,3.0,231.0,0.0,0.0,0.26406926406926406
4.0,8.0,7.0,0.1,0.1,0.4,3.0,230.0,0.0,0.0,0.2565217391304348
4.0,8.0,8.0,0.1,0.1,0.4,3.0,226.0,0.0,0.0,0.2610619469026549
4.0,8.0,9.0,0.1,0.1,0.4,3.0,226.0,0.0,0.0,0.2610619469026549
4.0,8.0,10.0,0.1,0.1,0.4,3.0,226.0,0.0,0.0,0.2610619469026549
4.0,8.0,11.0,0.1,0.1,0.4,3.0,226.0,0.0,0.0,0.2610619469026549
4.0,8.0,12.0,0.1,0.1,0.4,3.0,225.0,0.0,0.0,0.2577777777777778
4.0,8.0,13.0,0.1,0.1,0.4,3.0,225.0,0.0,0.0,0.2577777777777778
4.0,8.0,14.0,0.1,0.1,0.4,3.0,225.0,0.0,0.0,0.2577777777777778
4.0,8.0,15.0,0.1,0.1,0.4,3.0,225.0,0.0,0.0,0.2577777777777778
4.0,8.0,16.0,0.1,0.1,0.4,3.0,225.0,0.0,0.0,0.2577777777777778
4.0,8.0,17.0,0.1,0.1,0.4,3.0,225.0,0.0,0.0,0.2577777777777778
4.0,8.0,18.0,0.1,0.1,0.4,3.0,225.0,0.0,0.0,0.2577777777777778
4.0,8.0,19.0,0.1,0.1,0.4,3.0,225.0,0.0,0.0,0.2577777777777778
4.0,8.0,20.0,0.1,0.1,0.4,3.0,393.0,0.0,0.0,0.1475826972010178
4.0,8.0,21.0,0.1,0.1,0.4,3.0,383.0,0.0,0.0,0.14882506527415143
4.0,8.0,22.0,0.1,0.1,0.4,3.0,383.0,0.0,0.0,0.14882506527415143
4.0,8.0,23.0,0.1,0.1,0.4,3.0,354.0,0.0,0.0,0.1553672316384181
4.0,8.0,24.0,0.1,0.1,0.4,3.0,345.0,0.0,0.0,0.1565217391304348
4.0,8.0,25.0,0.1,0.1,0.4,3.0,326.0,0.0,0.0,0.15950920245398773
4.0,8.0,26.0,0.1,0.1,0.4,3.0,313.0,0.0,0.0,0.16293929712460065
4.0,8.0,27.0,0.1,0.1,0.4,3.0,313.0,0.0,0.0,0.16293929712460065
4.0,8.0,28.0,0.1,0.1,0.4,3.0,302.0,0.0,0.0,0.16556291390728478
4.0,8.0,29.0,0.1,0.1,0.4,3.0,302.0,0.0,0.0,0.16556291390728478
4.0,8.0,30.0,0.1,0.1,0.4,3.0,302.0,0.0,0.0,0.16556291390728478
4.0,8.0,31.0,0.1,0.1,0.4,3.0,302.0,0.0,0.0,0.16556291390728478
4.0,8.0,32.0,0.1,0.1,0.4,3.0,302.0,0.0,0.0,0.16556291390728478
4.0,8.0,33.0,0.1,0.1,0.4,3.0,302.0,0.0,0.0,0.16556291390728478
4.0,8.0,34.0,0.1,0.1,0.4,3.0,302.0,0.0,0.0,0.16556291390728478
4.0,8.0,35.0,0.1,0.1,0.4,3.0,287.0,0.0,0.0,0.16376306620209058
4.0,8.0,36.0,0.1,0.1,0.4,3.0,273.0,0.0,0.0,0.17216117216117216
4.0,8.0,37.0,0.1,0.1,0.4,3.0,273.0,0.0,0.0,0.17216117216117216
4.0,8.0,38.0,0.1,0.1,0.4,3.0,273.0,0.0,0.0,0.17216117216117216
4.0,8.0,39.0,0.1,0.1,0.4,3.0,265.0,0.0,0.0,0.17358490566037735
4.0,8.0,40.0,0.1,0.1,0.4,3.0,265.0,0.0,0.0,0.17358490566037735
4.0,8.0,41.0,0.1,0.1,0.4,3.0,265.0,0.0,0.0,0.17358490566037735
4.0,8.0,42.0,0.1,0.1,0.4,3.0,265.0,0.0,0.0,0.17358490566037735
4.0,8.0,43.0,0.1,0.1,0.4,3.0,265.0,0.0,0.0,0.17358490566037735
4.0,8.0,44.0,0.1,0.1,0.4,3.0,265.0,0.0,0.0,0.17358490566037735
4.0,8.0,45.0,0.1,0.1,0.4,3.0,265.0,0.0,0.0,0.24528301886792453
4.0,8.0,46.0,0.1,0.1,0.4,3.0,256.0,0.0,0.0,0.2421875
4.0,8.0,47.0,0.1,0.1,0.4,3.0,247.0,0.0,0.0,0.24696356275303644
4.0,8.0,48.0,0.1,0.1,0.4,3.0,247.0,0.0,0.0,0.24696356275303644
4.0,8.0,49.0,0.1,0.1,0.4,3.0,247.0,0.0,0.0,0.24696356275303644
4.0,8.0,50.0,0.1,0.1,0.4,3.0,236.0,0.0,0.0,0.2542372881355932
4.0,8.0,51.0,0.1,0.1,0.4,3.0,235.0,0.0,0.0,0.2553191489361702
4.0,8.0,52.0,0.1,0.1,0.4,3.0,235.0,0.0,0.0,0.2553191489361702
4.0,9.0,1.0,0.1,0.1,0.4,3.0,235.0,0.0,0.0,0.2553191489361702
4.0,9.0,2.0,0.1,0.1,0.4,3.0,235.0,0.0,0.0,0.2553191489361702
4.0,9.0,3.0,0.1,0.1,0.4,3.0,235.0,0.0,0.0,0.2553191489361702
4.0,9.0,4.0,0.1,0.1,0.4,3.0,235.0,0.0,0.0,0.2553191489361702
4.0,9.0,5.0,0.1,0.1,0.4,3.0,235.0,0.0,0.0,0.2553191489361702
4.0,9.0,6.0,0.1,0.1,0.4,3.0,235.0,0.0,0.0,0.2553191489361702
4.0,9.0,7.0,0.1,0.1,0.4,3.0,235.0,0.0,0.0,0.2553191489361702
4.0,9.0,8.0,0.1,0.1,0.4,3.0,235.0,0.0,0.0,0.2553191489361702
4.0,9.0,9.0,0.1,0.1,0.4,3.0,235.0,0.0,0.0,0.2553191489361702
4.0,9.0,10.0,0.1,0.1,0.4,3.0,235.0,0.0,0.0,0.2553191489361702
4.0,9.0,11.0,0.1,0.1,0.4,3.0,235.0,0.0,0.0,0.2553191489361702
4.0,9.0,12.0,0.1,0.1,0.4,3.0,235.0,0.0,0.0,0.2553191489361702
4.0,9.0,13.0,0.1,0.1,0.4,3.0,235.0,0.0,0.0,0.2553191489361702
4.0,9.0,14.0,0.1,0.1,0.4,3.0,235.0,0.0,0.0,0.2553191489361702
4.0,9.0,15.0,0.1,0.1,0.4,3.0,235.0,0.0,0.0,0.2553191489361702
4.0,9.0,16.0,0.1,0.1,0.4,3.0,235.0,0.0,0.0,0.2553191489361702
4.0,9.0,17.0,0.1,0.1,0.4,3.0,235.0,0.0,0.0,0.2553191489361702
4.0,9.0,18.0,0.1,0.1,0.4,3.0,235.0,0.0,0.0,0.2553191489361702
4.0,9.0,19.0,0.1,0.1,0.4,3.0,235.0,0.0,0.0,0.2553191489361702
4.0,9.0,20.0,0.1,0.1,0.4,3.0,366.0,0.0,0.0,0.1448087431693989
4.0,9.0,21.0,0.1,0.1,0.4,3.0,348.0,0.0,0.0,0.14942528735632185
4.0,9.0,22.0,0.1,0.1,0.4,3.0,348.0,0.0,0.0,0.14942528735632185
4.0,9.0,23.0,0.1,0.1,0.4,3.0,348.0,0.0,0.0,0.14942528735632185
4.0,9.0,24.0,0.1,0.1,0.4,3.0,338.0,0.0,0.0,0.15384615384615385
4.0,9.0,25.0,0.1,0.1,0.4,3.0,338.0,0.0,0.0,0.15384615384615385
4.0,9.0,26.0,0.1,0.1,0.4,3.0,338.0,0.0,0.0,0.15384615384615385
4.0,9.0,27.0,0.1,0.1,0.4,3.0,338.0,0.0,0.0,0.15384615384615385
4.0,9.0,28.0,0.1,0.1,0.4,3.0,328.0,0.0,0.0,0.15548780487804878
4.0,9.0,29.0,0.1,0.1,0.4,3.0,320.0,0.0,0.0,0.15625
4.0,9.0,30.0,0.1,0.1,0.4,3.0,320.0,0.0,0.0,0.15625
4.0,9.0,31.0,0.1,0.1,0.4,3.0,307.0,0.0,0.0,0.15960912052117263
4.0,9.0,32.0,0.1,0.1,0.4,3.0,312.0,0.0,0.0,0.16025641025641027
4.0,9.0,33.0,0.1,0.1,0.4,3.0,311.0,0.0,0.0,0.15755627009646303
4.0,9.0,34.0,0.1,0.1,0.4,3.0,312.0,0.0,0.0,0.16025641025641027
4.0,9.0,35.0,0.1,0.1,0.4,3.0,301.0,0.0,0.0,0.16279069767441862
4.0,9.0,36.0,0.1,0.1,0.4,3.0,302.0,0.0,0.0,0.16556291390728478
4.0,9.0,37.0,0.1,0.1,0.4,3.0,297.0,0.0,0.0,0.16498316498316498
4.0,9.0,38.0,0.1,0.1,0.4,3.0,302.0,0.0,0.0,0.16556291390728478
4.0,9.0,39.0,0.1,0.1,0.4,3.0,301.0,0.0,0.0,0.16279069767441862
4.0,9.0,40.0,0.1,0.1,0.4,3.0,301.0,0.0,0.0,0.16279069767441862
4.0,9.0,41.0,0.1,0.1,0.4,3.0,297.0,0.0,0.0,0.16498316498316498
4.0,9.0,42.0,0.1,0.1,0.4,3.0,298.0,0.0,0.0,0.1644295302013423
4.0,9.0,43.0,0.1,0.1,0.4,3.0,288.0,0.0,0.0,0.16666666666666666
4.0,9.0,44.0,0.1,0.1,0.4,3.0,279.0,0.0,0.0,0.16845878136200718
4.0,9.0,45.0,0.1,0.1,0.4,3.0,279.0,0.0,0.0,0.25089605734767023
4.0,9.0,46.0,0.1,0.1,0.4,3.0,279.0,0.0,0.0,0.25089605734767023
4.0,9.0,47.0,0.1,0.1,0.4,3.0,279.0,0.0,0.0,0.25089605734767023
4.0,9.0,48.0,0.1,0.1,0.4,3.0,279.0,0.0,0.0,0.25089605734767023
4.0,9.0,49.0,0.1,0.1,0.4,3.0,279.0,0.0,0.0,0.25089605734767023
4.0,9.0,50.0,0.1,0.1,0.4,3.0,273.0,0.0,0.0,0.25274725274725274
4.0,9.0,51.0,0.1,0.1,0.4,3.0,276.0,0.0,0.0,0.25
4.0,9.0,52.0,0.1,0.1,0.4,3.0,273.0,0.0,0.0,0.25274725274725274
4.0,10.0,1.0,0.1,0.1,0.4,3.0,276.0,0.0,0.0,0.25
4.0,10.0,2.0,0.1,0.1,0.4,3.0,272.0,0.0,0.0,0.2536764705882353
4.0,10.0,3.0,0.1,0.1,0.4,3.0,275.0,0.0,0.0,0.2509090909090909
4.0,10.0,4.0,0.1,0.1,0.4,3.0,273.0,0.0,0.0,0.25274725274725274
4.0,10.0,5.0,0.1,0.1,0.4,3.0,267.0,0.0,0.0,0.2546816479400749
4.0,10.0,6.0,0.1,0.1,0.4,3.0,264.0,0.0,0.0,0.25757575757575757
4.0,10.0,7.0,0.1,0.1,0.4,3.0,267.0,0.0,0.0,0.2546816479400749
4.0,10.0,8.0,0.1,0.1,0.4,3.0,262.0,0.0,0.0,0.2595419847328244
4.0,10.0,9.0,0.1,0.1,0.4,3.0,267.0,0.0,0.0,0.2546816479400749
4.0,10.0,10.0,0.1,0.1,0.4,3.0,264.0,0.0,0.0,0.25757575757575757
4.0,10.0,11.0,0.1,0.1,0.4,3.0,267.0,0.0,0.0,0.2546816479400749
4.0,10.0,12.0,0.1,0.1,0.4,3.0,263.0,0.0,0.0,0.2585551330798479
4.0,10.0,13.0,0.1,0.1,0.4,3.0,259.0,0.0,0.0,0.25868725868725867
4.0,10.0,14.0,0.1,0.1,0.4,3.0,255.0,0.0,0.0,0.2627450980392157
4.0,10.0,15.0,0.1,0.1,0.4,3.0,259.0,0.0,0.0,0.25868725868725867
4.0,10.0,16.0,0.1,0.1,0.4,3.0,256.0,0.0,0.0,0.26171875
4.0,10.0,17.0,0.1,0.1,0.4,3.0,258.0,0.0,0.0,0.2596899224806202
4.0,10.0,18.0,0.1,0.1,0.4,3.0,256.0,0.0,0.0,0.26171875
4.0,10.0,19.0,0.1,0.1,0.4,3.0,257.0,0.0,0.0,0.2607003891050584
4.0,10.0,20.0,0.1,0.1,0.4,3.0,432.0,0.0,0.0,0.13425925925925927
4.0,10.0,21.0,0.1,0.1,0.4,3.0,435.0,0.0,0.0,0.13333333333333333
4.0,10.0,22.0,0.1,0.1,0.4,3.0,422.0,0.0,0.0,0.13744075829383887
4.0,10.0,23.0,0.1,0.1,0.4,3.0,425.0,0.0,0.0,0.13647058823529412
4.0,10.0,24.0,0.1,0.1,0.4,3.0,422.0,0.0,0.0,0.13744075829383887
4.0,10.0,25.0,0.1,0.1,0.4,3.0,425.0,0.0,0.0,0.13647058823529412
4.0,10.0,26.0,0.1,0.1,0.4,3.0,390.0,0.0,0.0,0.14102564102564102
4.0,10.0,27.0,0.1,0.1,0.4,3.0,393.0,0.0,0.0,0.13994910941475827
4.0,10.0,28.0,0.1,0.1,0.4,3.0,389.0,0.0,0.0,0.14138817480719795
4.0,10.0,29.0,0.1,0.1,0.4,3.0,374.0,0.0,0.0,0.14171122994652408
4.0,10.0,30.0,0.1,0.1,0.4,3.0,362.0,0.0,0.0,0.1464088397790055
4.0,10.0,31.0,0.1,0.1,0.4,3.0,354.0,0.0,0.0,0.14689265536723164
4.0,10.0,32.0,0.1,0.1,0.4,3.0,354.0,0.0,0.0,0.14689265536723164
4.0,10.0,33.0,0.1,0.1,0.4,3.0,354.0,0.0,0.0,0.14689265536723164
4.0,10.0,34.0,0.1,0.1,0.4,3.0,354.0,0.0,0.0,0.14689265536723164
4.0,10.0,35.0,0.1,0.1,0.4,3.0,325.0,0.0,0.0,0.15692307692307692
4.0,10.0,36.0,0.1,0.1,0.4,3.0,325.0,0.0,0.0,0.15692307692307692
4.0,10.0,37.0,0.1,0.1,0.4,3.0,325.0,0.0,0.0,0.15692307692307692
4.0,10.0,38.0,0.1,0.1,0.4,3.0,325.0,0.0,0.0,0.15692307692307692
4.0,10.0,39.0,0.1,0.1,0.4,3.0,306.0,0.0,0.0,0.16339869281045752
4.0,10.0,40.0,0.1,0.1,0.4,3.0,287.0,0.0,0.0,0.17421602787456447
4.0,10.0,41.0,0.1,0.1,0.4,3.0,287.0,0.0,0.0,0.17421602787456447
4.0,10.0,42.0,0.1,0.1,0.4,3.0,287.0,0.0,0.0,0.17421602787456447
4.0,10.0,43.0,0.1,0.1,0.4,3.0,287.0,0.0,0.0,0.17421602787456447
4.0,10.0,44.0,0.1,0.1,0.4,3.0,287.0,0.0,0.0,0.17421602787456447
4.0,10.0,45.0,0.1,0.1,0.4,3.0,287.0,0.0,0.0,0.22996515679442509
4.0,10.0,46.0,0.1,0.1,0.4,3.0,287.0,0.0,0.0,0.22996515679442509
4.0,10.0,47.0,0.1,0.1,0.4,3.0,286.0,0.0,0.0,0.23076923076923078
4.0,10.0,48.0,0.1,0.1,0.4,3.0,286.0,0.0,0.0,0.23076923076923078
4.0,10.0,49.0,0.1,0.1,0.4,3.0,287.0,0.0,0.0,0.22996515679442509
4.0,10.0,50.0,0.1,0.1,0.4,3.0,282.0,0.0,0.0,0.23404255319148937
4.0,10.0,51.0,0.1,0.1,0.4,3.0,283.0,0.0,0.0,0.2332155477031802
4.0,10.0,52.0,0.1,0.1,0.4,3.0,284.0,0.0,0.0,0.2323943661971831
5.0,1.0,1.0,0.1,0.1,0.4,3.0,4989.0,50.0,7.0,0.08598917618761275
5.0,1.0,2.0,0.1,0.1,0.4,3.0,4874.0,58.0,24.0,0.08576118178087813
5.0,1.0,3.0,0.1,0.1,0.4,3.0,4697.0,72.0,35.0,0.08665105386416862
5.0,1.0,4.0,0.1,0.1,0.4,3.0,4465.0,81.0,30.0,0.08734602463605823
5.0,1.0,5.0,0.1,0.1,0.4,3.0,4439.0,83.0,23.0,0.09078621311106105
5.0,1.0,6.0,0.1,0.1,0.4,3.0,4358.0,93.0,26.0,0.08972005507113355
5.0,1.0,7.0,0.1,0.1,0.4,3.0,4180.0,115.0,39.0,0.09043062200956938
5.0,1.0,8.0,0.1,0.1,0.4,3.0,4019.0,145.0,55.0,0.0915650659368002
5.0,1.0,9.0,0.1,0.1,0.4,3.0,3858.0,176.0,62.0,0.08942457231726283
5.0,1.0,10.0,0.1,0.1,0.4,3.0,3746.0,190.0,74.0,0.08916177255739455
5.0,1.0,11.0,0.1,0.1,0.4,3.0,3536.0,194.0,80.0,0.09106334841628959
5.0,1.0,12.0,0.1,0.1,0.4,3.0,3430.0,210.0,100.0,0.09300291545189504
5.0,1.0,13.0,0.1,0.1,0.4,3.0,3276.0,227.0,106.0,0.09188034188034189
5.0,1.0,14.0,0.1,0.1,0.4,3.0,3087.0,203.0,95.0,0.09556203433754454
5.0,1.0,15.0,0.1,0.1,0.4,3.0,2970.0,193.0,88.0,0.09696969696969697
5.0,1.0,16.0,0.1,0.1,0.4,3.0,2835.0,181.0,81.0,0.09876543209876543
5.0,1.0,17.0,0.1,0.1,0.4,3.0,2670.0,173.0,88.0,0.099625468164794
5.0,1.0,18.0,0.1,0.1,0.4,3.0,2569.0,179.0,93.0,0.09964966913195795
5.0,1.0,19.0,0.1,0.1,0.4,3.0,2476.0,173.0,95.0,0.10137318255250403
5.0,1.0,20.0,0.1,0.1,0.4,3.0,6409.0,170.0,80.0,0.03822749258854736
5.0,1.0,21.0,0.1,0.1,0.4,3.0,5940.0,236.0,78.0,0.03939393939393939
5.0,1.0,22.0,0.1,0.1,0.4,3.0,5519.0,257.0,77.0,0.04040587062873709
5.0,1.0,23.0,0.1,0.1,0.4,3.0,5206.0,298.0,99.0,0.040914329619669614
5.0,1.0,24.0,0.1,0.1,0.4,3.0,4695.0,314.0,106.0,0.042598509052183174
5.0,1.0,25.0,0.1,0.1,0.4,3.0,4287.0,389.0,140.0,0.04292045719617448
5.0,1.0,26.0,0.1,0.1,0.4,3.0,3986.0,389.0,148.0,0.04315102860010035
5.0,1.0,27.0,0.1,0.1,0.4,3.0,3717.0,417.0,174.0,0.044121603443637344
5.0,1.0,28.0,0.1,0.1,0.4,3.0,3350.0,418.0,176.0,0.04537313432835821
5.0,1.0,29.0,0.1,0.1,0.4,3.0,3100.0,422.0,186.0,0.046129032258064515
5.0,1.0,30.0,0.1,0.1,0.4,3.0,2847.0,409.0,184.0,0.04741833508956796
5.0,1.0,31.0,0.1,0.1,0.4,3.0,2683.0,425.0,201.0,0.051062243756988444
5.0,1.0,32.0,0.1,0.1,0.4,3.0,2481.0,400.0,189.0,0.051189036678758564
5.0,1.0,33.0,0.1,0.1,0.4,3.0,2308.0,368.0,188.0,0.05459272097053726
5.0,1.0,34.0,0.1,0.1,0.4,3.0,2126.0,341.0,170.0,0.057855126999059266
5.0,1.0,35.0,0.1,0.1,0.4,3.0,2020.0,306.0,158.0,0.06188118811881188
5.0,1.0,36.0,0.1,0.1,0.4,3.0,1866.0,266.0,142.0,0.06538049303322616
5.0,1.0,37.0,0.1,0.1,0.4,3.0,1754.0,231.0,126.0,0.06898517673888255
5.0,1.0,38.0,0.1,0.1,0.4,3.0,1673.0,216.0,116.0,0.07053197848176927
5.0,1.0,39.0,0.1,0.1,0.4,3.0,1563.0,201.0,100.0,0.07357645553422905
5.0,1.0,40.0,0.1,0.1,0.4,3.0,1452.0,179.0,97.0,0.07851239669421488
5.0,1.0,41.0,0.1,0.1,0.4,3.0,1366.0,155.0,87.0,0.08052708638360176
5.0,1.0,42.0,0.1,0.1,0.4,3.0,1294.0,151.0,82.0,0.08346213292117466
5.0,1.0,43.0,0.1,0.1,0.4,3.0,1210.0,137.0,71.0,0.08760330578512397
5.0,1.0,44.0,0.1,0.1,0.4,3.0,1115.0,116.0,60.0,0.09327354260089686
5.0,1.0,45.0,0.1,0.1,0.4,3.0,1072.0,107.0,56.0,0.166044776119403
5.0,1.0,46.0,0.1,0.1,0.4,3.0,1007.0,95.0,50.0,0.1708043694141013
5.0,1.0,47.0,0.1,0.1,0.4,3.0,940.0,86.0,44.0,0.17340425531914894
5.0,1.0,48.0,0.1,0.1,0.4,3.0,902.0,71.0,38.0,0.1762749445676275
5.0,1.0,49.0,0.1,0.1,0.4,3.0,845.0,53.0,34.0,0.1834319526627219
5.0,1.0,50.0,0.1,0.1,0.4,3.0,834.0,45.0,30.0,0.18345323741007194
5.0,1.0,51.0,0.1,0.1,0.4,3.0,791.0,39.0,24.0,0.18836915297092288
5.0,1.0,52.0,0.1,0.1,0.4,3.0,772.0,31.0,17.0,0.19300518134715025
5.0,2.0,1.0,0.1,0.1,0.4,3.0,753.0,30.0,19.0,0.19256308100929614
5.0,2.0,2.0,0.1,0.1,0.4,3.0,730.0,31.0,17.0,0.19452054794520549
5.0,2.0,3.0,0.1,0.1,0.4,3.0,710.0,26.0,12.0,0.19718309859154928
5.0,2.0,4.0,0.1,0.1,0.4,3.0,702.0,22.0,11.0,0.19658119658119658
5.0,2.0,5.0,0.1,0.1,0.4,3.0,688.0,21.0,15.0,0.19912790697674418
5.0,2.0,6.0,0.1,0.1,0.4,3.0,687.0,24.0,15.0,0.19796215429403202
5.0,2.0,7.0,0.1,0.1,0.4,3.0,669.0,19.0,13.0,0.19880418535127056
5.0,2.0,8.0,0.1,0.1,0.4,3.0,647.0,15.0,10.0,0.19938176197836166
5.0,2.0,9.0,0.1,0.1,0.4,3.0,635.0,17.0,7.0,0.2
5.0,2.0,10.0,0.1,0.1,0.4,3.0,634.0,17.0,8.0,0.20189274447949526
5.0,2.0,11.0,0.1,0.1,0.4,3.0,620.0,14.0,4.0,0.20483870967741935
5.0,2.0,12.0,0.1,0.1,0.4,3.0,621.0,15.0,10.0,0.20128824476650564
5.0,2.0,13.0,0.1,0.1,0.4,3.0,613.0,11.0,8.0,0.2039151712887439
5.0,2.0,14.0,0.1,0.1,0.4,3.0,615.0,11.0,10.0,0.2016260162601626
5.0,2.0,15.0,0.1,0.1,0.4,3.0,605.0,7.0,4.0,0.2066115702479339
5.0,2.0,16.0,0.1,0.1,0.4,3.0,601.0,5.0,3.0,0.20299500831946754
5.0,2.0,17.0,0.1,0.1,0.4,3.0,596.0,4.0,2.0,0.2080536912751678
5.0,2.0,18.0,0.1,0.1,0.4,3.0,599.0,5.0,3.0,0.2036727879799666
5.0,2.0,19.0,0.1,0.1,0.4,3.0,587.0,4.0,3.0,0.20783645655877342
5.0,2.0,20.0,0.1,0.1,0.4,3.0,1106.0,3.0,2.0,0.10849909584086799
5.0,2.0,21.0,0.1,0.1,0.4,3.0,1051.0,3.0,1.0,0.11037107516650808
5.0,2.0,22.0,0.1,0.1,0.4,3.0,997.0,4.0,1.0,0.11033099297893681
5.0,2.0,23.0,0.1,0.1,0.4,3.0,975.0,5.0,1.0,0.11487179487179487
5.0,2.0,24.0,0.1,0.1,0.4,3.0,938.0,6.0,1.0,0.11513859275053305
5.0,2.0,25.0,0.1,0.1,0.4,3.0,890.0,5.0,2.0,0.11910112359550562
5.0,2.0,26.0,0.1,0.1,0.4,3.0,894.0,8.0,3.0,0.1174496644295302
5.0,2.0,27.0,0.1,0.1,0.4,3.0,862.0,9.0,4.0,0.12296983758700696
5.0,2.0,28.0,0.1,0.1,0.4,3.0,830.0,8.0,3.0,0.1216867469879518
5.0,2.0,29.0,0.1,0.1,0.4,3.0,798.0,8.0,2.0,0.12531328320802004
5.0,2.0,30.0,0.1,0.1,0.4,3.0,792.0,7.0,3.0,0.12373737373737374
5.0,2.0,31.0,0.1,0.1,0.4,3.0,784.0,7.0,6.0,0.12627551020408162
5.0,2.0,32.0,0.1,0.1,0.4,3.0,770.0,11.0,7.0,0.12207792207792208
5.0,2.0,33.0,0.1,0.1,0.4,3.0,728.0,11.0,5.0,0.125
5.0,2.0,34.0,0.1,0.1,0.4,3.0,690.0,7.0,2.0,0.12318840579710146
5.0,2.0,35.0,0.1,0.1,0.4,3.0,684.0,7.0,6.0,0.12426900584795321
5.0,2.0,36.0,0.1,0.1,0.4,3.0,659.0,11.0,6.0,0.1244309559939302
5.0,2.0,37.0,0.1,0.1,0.4,3.0,648.0,13.0,6.0,0.12345679012345678
5.0,2.0,38.0,0.1,0.1,0.4,3.0,634.0,11.0,2.0,0.12460567823343849
5.0,2.0,39.0,0.1,0.1,0.4,3.0,610.0,12.0,4.0,0.12786885245901639
5.0,2.0,40.0,0.1,0.1,0.4,3.0,588.0,10.0,6.0,0.12585034013605442
5.0,2.0,41.0,0.1,0.1,0.4,3.0,592.0,9.0,6.0,0.1266891891891892
5.0,2.0,42.0,0.1,0.1,0.4,3.0,568.0,7.0,5.0,0.13028169014084506
5.0,2.0,43.0,0.1,0.1,0.4,3.0,572.0,5.0,2.0,0.13111888111888112
5.0,2.0,44.0,0.1,0.1,0.4,3.0,557.0,5.0,2.0,0.1310592459605027
5.0,2.0,45.0,0.1,0.1,0.4,3.0,555.0,4.0,2.0,0.2018018018018018
5.0,2.0,46.0,0.1,0.1,0.4,3.0,538.0,4.0,3.0,0.20446096654275092
5.0,2.0,47.0,0.1,0.1,0.4,3.0,530.0,2.0,2.0,0.20943396226415095
5.0,2.0,48.0,0.1,0.1,0.4,3.0,522.0,1.0,1.0,0.20881226053639848
5.0,2.0,49.0,0.1,0.1,0.4,3.0,520.0,2.0,1.0,0.2076923076923077
5.0,2.0,50.0,0.1,0.1,0.4,3.0,513.0,1.0,0.0,0.20662768031189083
5.0,2.0,51.0,0.1,0.1,0.4,3.0,513.0,1.0,0.0,0.20857699805068225
5.0,2.0,52.0,0.1,0.1,0.4,3.0,500.0,1.0,0.0,0.206
5.0,3.0,1.0,0.1,0.1,0.4,3.0,500.0,1.0,1.0,0.206
5.0,3.0,2.0,0.1,0.1,0.4,3.0,492.0,1.0,1.0,0.20528455284552846
5.0,3.0,3.0,0.1,0.1,0.4,3.0,494.0,1.0,1.0,0.20850202429149797
5.0,3.0,4.0,0.1,0.1,0.4,3.0,481.0,0.0,0.0,0.20997920997921
5.0,3.0,5.0,0.1,0.1,0.4,3.0,483.0,0.0,0.0,0.2111801242236025
5.0,3.0,6.0,0.1,0.1,0.4,3.0,472.0,0.0,0.0,0.211864406779661
5.0,3.0,7.0,0.1,0.1,0.4,3.0,480.0,0.0,0.0,0.2125
5.0,3.0,8.0,0.1,0.1,0.4,3.0,466.0,0.0,0.0,0.21244635193133046
5.0,3.0,9.0,0.1,0.1,0.4,3.0,475.0,0.0,0.0,0.21473684210526317
5.0,3.0,10.0,0.1,0.1,0.4,3.0,465.0,0.0,0.0,0.21505376344086022
5.0,3.0,11.0,0.1,0.1,0.4,3.0,474.0,0.0,0.0,0.21308016877637131
5.0,3.0,12.0,0.1,0.1,0.4,3.0,463.0,0.0,0.0,0.20950323974082075
5.0,3.0,13.0,0.1,0.1,0.4,3.0,472.0,0.0,0.0,0.2097457627118644
5.0,3.0,14.0,0.1,0.1,0.4,3.0,457.0,0.0,0.0,0.20787746170678337
5.0,3.0,15.0,0.1,0.1,0.4,3.0,466.0,0.0,0.0,0.20600858369098712
5.0,3.0,16.0,0.1,0.1,0.4,3.0,455.0,0.0,0.0,0.2043956043956044
5.0,3.0,17.0,0.1,0.1,0.4,3.0,463.0,0.0,0.0,0.20518358531317496
5.0,3.0,18.0,0.1,0.1,0.4,3.0,452.0,0.0,0.0,0.20353982300884957
5.0,3.0,19.0,0.1,0.1,0.4,3.0,460.0,0.0,0.0,0.20652173913043478
5.0,3.0,20.0,0.1,0.1,0.4,3.0,852.0,0.0,0.0,0.107981220657277
5.0,3.0,21.0,0.1,0.1,0.4,3.0,832.0,0.0,0.0,0.11057692307692307
5.0,3.0,22.0,0.1,0.1,0.4,3.0,758.0,0.0,0.0,0.10817941952506596
5.0,3.0,23.0,0.1,0.1,0.4,3.0,767.0,0.0,0.0,0.11082138200782268
5.0,3.0,24.0,0.1,0.1,0.4,3.0,739.0,0.0,0.0,0.11096075778078485
5.0,3.0,25.0,0.1,0.1,0.4,3.0,708.0,0.0,0.0,0.1115819209039548
5.0,3.0,26.0,0.1,0.1,0.4,3.0,691.0,0.0,0.0,0.11143270622286541
5.0,3.0,27.0,0.1,0.1,0.4,3.0,669.0,0.0,0.0,0.11210762331838565
5.0,3.0,28.0,0.1,0.1,0.4,3.0,666.0,0.0,0.0,0.1111111111111111
5.0,3.0,29.0,0.1,0.1,0.4,3.0,639.0,0.0,0.0,0.11737089201877934
5.0,3.0,30.0,0.1,0.1,0.4,3.0,615.0,0.0,0.0,0.11544715447154472
5.0,3.0,31.0,0.1,0.1,0.4,3.0,609.0,0.0,0.0,0.11822660098522167
5.0,3.0,32.0,0.1,0.1,0.4,3.0,605.0,0.0,0.0,0.11570247933884298
5.0,3.0,33.0,0.1,0.1,0.4,3.0,589.0,0.0,0.0,0.12054329371816638
5.0,3.0,34.0,0.1,0.1,0.4,3.0,578.0,0.0,0.0,0.11937716262975778
5.0,3.0,35.0,0.1,0.1,0.4,3.0,572.0,0.0,0.0,0.11888111888111888
5.0,3.0,36.0,0.1,0.1,0.4,3.0,552.0,0.0,0.0,0.1213768115942029
5.0,3.0,37.0,0.1,0.1,0.4,3.0,542.0,0.0,0.0,0.12361623616236163
5.0,3.0,38.0,0.1,0.1,0.4,3.0,535.0,0.0,0.0,0.12149532710280374
5.0,3.0,39.0,0.1,0.1,0.4,3.0,514.0,0.0,0.0,0.1264591439688716
5.0,3.0,40.0,0.1,0.1,0.4,3.0,517.0,0.0,0.0,0.12379110251450677
5.0,3.0,41.0,0.1,0.1,0.4,3.0,499.0,0.0,0.0,0.12625250501002003
5.0,3.0,42.0,0.1,0.1,0.4,3.0,484.0,0.0,0.0,0.12603305785123967
5.0,3.0,43.0,0.1,0.1,0.4,3.0,470.0,0.0,0.0,0.12978723404255318
5.0,3.0,44.0,0.1,0.1,0.4,3.0,469.0,0.0,0.0,0.1279317697228145
5.0,3.0,45.0,0.1,0.1,0.4,3.0,467.0,0.0,0.0,0.19700214132762311
5.0,3.0,46.0,0.1,0.1,0.4,3.0,463.0,0.0,0.0,0.19654427645788336
5.0,3.0,47.0,0.1,0.1,0.4,3.0,446.0,0.0,0.0,0.20179372197309417
5.0,3.0,48.0,0.1,0.1,0.4,3.0,445.0,0.0,0.0,0.2
5.0,3.0,49.0,0.1,0.1,0.4,3.0,443.0,0.0,0.0,0.20090293453724606
5.0,3.0,50.0,0.1,0.1,0.4,3.0,443.0,0.0,0.0,0.1963882618510158
5.0,3.0,51.0,0.1,0.1,0.4,3.0,426.0,0.0,0.0,0.19953051643192488
5.0,3.0,52.0,0.1,0.1,0.4,3.0,415.0,0.0,0.0,0.2
5.0,4.0,1.0,0.1,0.1,0.4,3.0,404.0,0.0,0.0,0.2004950495049505
5.0,4.0,2.0,0.1,0.1,0.4,3.0,404.0,0.0,0.0,0.19554455445544555
5.0,4.0,3.0,0.1,0.1,0.4,3.0,399.0,0.0,0.0,0.20300751879699247
5.0,4.0,4.0,0.1,0.1,0.4,3.0,399.0,0.0,0.0,0.20050125313283207
5.0,4.0,5.0,0.1,0.1,0.4,3.0,396.0,0.0,0.0,0.20454545454545456
5.0,4.0,6.0,0.1,0.1,0.4,3.0,400.0,0.0,0.0,0.2
5.0,4.0,7.0,0.1,0.1,0.4,3.0,393.0,0.0,0.0,0.2035623409669211
5.0,4.0,8.0,0.1,0.1,0.4,3.0,392.0,0.0,0.0,0.1989795918367347
5.0,4.0,9.0,0.1,0.1,0.4,3.0,387.0,0.0,0.0,0.2041343669250646
5.0,4.0,10.0,0.1,0.1,0.4,3.0,389.0,0.0,0.0,0.20051413881748073
5.0,4.0,11.0,0.1,0.1,0.4,3.0,380.0,0.0,0.0,0.20526315789473684
5.0,4.0,12.0,0.1,0.1,0.4,3.0,383.0,0.0,0.0,0.2010443864229765
5.0,4.0,13.0,0.1,0.1,0.4,3.0,369.0,0.0,0.0,0.21138211382113822
5.0,4.0,14.0,0.1,0.1,0.4,3.0,373.0,0.0,0.0,0.2064343163538874
5.0,4.0,15.0,0.1,0.1,0.4,3.0,367.0,0.0,0.0,0.2125340599455041
5.0,4.0,16.0,0.1,0.1,0.4,3.0,370.0,0.0,0.0,0.20540540540540542
5.0,4.0,17.0,0.1,0.1,0.4,3.0,364.0,0.0,0.0,0.2087912087912088
5.0,4.0,18.0,0.1,0.1,0.4,3.0,361.0,0.0,0.0,0.20221606648199447
5.0,4.0,19.0,0.1,0.1,0.4,3.0,356.0,0.0,0.0,0.20786516853932585
5.0,4.0,20.0,0.1,0.1,0.4,3.0,689.0,0.0,0.0,0.10304789550072568
5.0,4.0,21.0,0.1,0.1,0.4,3.0,659.0,0.0,0.0,0.1047040971168437
5.0,4.0,22.0,0.1,0.1,0.4,3.0,656.0,0.0,0.0,0.10213414634146341
5.0,4.0,23.0,0.1,0.1,0.4,3.0,646.0,0.0,0.0,0.10526315789473684
5.0,4.0,24.0,0.1,0.1,0.4,3.0,635.0,0.0,0.0,0.10236220472440945
5.0,4.0,25.0,0.1,0.1,0.4,3.0,624.0,0.0,0.0,0.10576923076923077
5.0,4.0,26.0,0.1,0.1,0.4,3.0,615.0,0.0,0.0,0.10569105691056911
5.0,4.0,27.0,0.1,0.1,0.4,3.0,608.0,0.0,0.0,0.1069078947368421
5.0,4.0,28.0,0.1,0.1,0.4,3.0,595.0,0.0,0.0,0.10420168067226891
5.0,4.0,29.0,0.1,0.1,0.4,3.0,573.0,0.0,0.0,0.1082024432809773
5.0,4.0,30.0,0.1,0.1,0.4,3.0,566.0,0.0,0.0,0.10777385159010601
5.0,4.0,31.0,0.1,0.1,0.4,3.0,551.0,0.0,0.0,0.11252268602540835
5.0,4.0,32.0,0.1,0.1,0.4,3.0,547.0,0.0,0.0,0.10968921389396709
5.0,4.0,33.0,0.1,0.1,0.4,3.0,515.0,0.0,0.0,0.11844660194174757
5.0,4.0,34.0,0.1,0.1,0.4,3.0,521.0,0.0,0.0,0.11516314779270634
5.0,4.0,35.0,0.1,0.1,0.4,3.0,508.0,0.0,0.0,0.11811023622047244
5.0,4.0,36.0,0.1,0.1,0.4,3.0,505.0,0.0,0.0,0.11485148514851486
5.0,4.0,37.0,0.1,0.1,0.4,3.0,487.0,0.0,0.0,0.12114989733059549
5.0,4.0,38.0,0.1,0.1,0.4,3.0,480.0,0.0,0.0,0.11666666666666667
5.0,4.0,39.0,0.1,0.1,0.4,3.0,471.0,0.0,0.0,0.12101910828025478
5.0,4.0,40.0,0.1,0.1,0.4,3.0,466.0,0.0,0.0,0.11802575107296137
5.0,4.0,41.0,0.1,0.1,0.4,3.0,466.0,0.0,0.0,0.12017167381974249
5.0,4.0,42.0,0.1,0.1,0.4,3.0,461.0,0.0,0.0,0.11713665943600868
5.0,4.0,43.0,0.1,0.1,0.4,3.0,459.0,0.0,0.0,0.11982570806100218
5.0,4.0,44.0,0.1,0.1,0.4,3.0,456.0,0.0,0.0,0.1162280701754386
5.0,4.0,45.0,0.1,0.1,0.4,3.0,451.0,0.0,0.0,0.17738359201773837
5.0,4.0,46.0,0.1,0.1,0.4,3.0,442.0,0.0,0.0,0.17420814479638008
5.0,4.0,47.0,0.1,0.1,0.4,3.0,409.0,0.0,0.0,0.18337408312958436
5.0,4.0,48.0,0.1,0.1,0.4,3.0,405.0,0.0,0.0,0.18271604938271604
5.0,4.0,49.0,0.1,0.1,0.4,3.0,379.0,0.0,0.0,0.18733509234828497
5.0,4.0,50.0,0.1,0.1,0.4,3.0,374.0,0.0,0.0,0.18449197860962566
5.0,4.0,51.0,0.1,0.1,0.4,3.0,368.0,0.0,0.0,0.1875
5.0,4.0,52.0,0.1,0.1,0.4,3.0,373.0,0.0,0.0,0.18230563002680966
5.0,5.0,1.0,0.1,0.1,0.4,3.0,368.0,0.0,0.0,0.1875
5.0,5.0,2.0,0.1,0.1,0.4,3.0,372.0,0.0,0.0,0.1827956989247312
5.0,5.0,3.0,0.1,0.1,0.4,3.0,366.0,0.0,0.0,0.1885245901639344
5.0,5.0,4.0,0.1,0.1,0.4,3.0,370.0,0.0,0.0,0.1837837837837838
5.0,5.0,5.0,0.1,0.1,0.4,3.0,365.0,0.0,0.0,0.18904109589041096
5.0,5.0,6.0,0.1,0.1,0.4,3.0,368.0,0.0,0.0,0.1793478260869565
5.0,5.0,7.0,0.1,0.1,0.4,3.0,363.0,0.0,0.0,0.18457300275482094
5.0,5.0,8.0,0.1,0.1,0.4,3.0,366.0,0.0,0.0,0.18032786885245902
5.0,5.0,9.0,0.1,0.1,0.4,3.0,358.0,0.0,0.0,0.1871508379888268
5.0,5.0,10.0,0.1,0.1,0.4,3.0,354.0,0.0,0.0,0.17796610169491525
5.0,5.0,11.0,0.1,0.1,0.4,3.0,345.0,0.0,0.0,0.1855072463768116
5.0,5.0,12.0,0.1,0.1,0.4,3.0,343.0,0.0,0.0,0.18075801749271136
5.0,5.0,13.0,0.1,0.1,0.4,3.0,342.0,0.0,0.0,0.18421052631578946
5.0,5.0,14.0,0.1,0.1,0.4,3.0,331.0,0.0,0.0,0.18731117824773413
5.0,5.0,15.0,0.1,0.1,0.4,3.0,331.0,0.0,0.0,0.1903323262839879
5.0,5.0,16.0,0.1,0.1,0.4,3.0,328.0,0.0,0.0,0.18902439024390244
5.0,5.0,17.0,0.1,0.1,0.4,3.0,326.0,0.0,0.0,0.1901840490797546
5.0,5.0,18.0,0.1,0.1,0.4,3.0,322.0,0.0,0.0,0.18012422360248448
5.0,5.0,19.0,0.1,0.1,0.4,3.0,322.0,0.0,0.0,0.18322981366459629
5.0,5.0,20.0,0.1,0.1,0.4,3.0,585.0,0.0,0.0,0.09914529914529914
5.0,5.0,21.0,0.1,0.1,0.4,3.0,574.0,0.0,0.0,0.10104529616724739
5.0,5.0,22.0,0.1,0.1,0.4,3.0,541.0,0.0,0.0,0.10351201478743069
5.0,5.0,23.0,0.1,0.1,0.4,3.0,540.0,0.0,0.0,0.10555555555555556
5.0,5.0,24.0,0.1,0.1,0.4,3.0,511.0,0.0,0.0,0.1095890410958904
5.0,5.0,25.0,0.1,0.1,0.4,3.0,497.0,0.0,0.0,0.11468812877263582
5.0,5.0,26.0,0.1,0.1,0.4,3.0,477.0,0.0,0.0,0.11530398322851153
5.0,5.0,27.0,0.1,0.1,0.4,3.0,473.0,0.0,0.0,0.11627906976744186
5.0,5.0,28.0,0.1,0.1,0.4,3.0,464.0,0.0,0.0,0.11422413793103449
5.0,5.0,29.0,0.1,0.1,0.4,3.0,464.0,0.0,0.0,0.11637931034482758
5.0,5.0,30.0,0.1,0.1,0.4,3.0,456.0,0.0,0.0,0.1162280701754386
5.0,5.0,31.0,0.1,0.1,0.4,3.0,464.0,0.0,0.0,0.11637931034482758
5.0,5.0,32.0,0.1,0.1,0.4,3.0,445.0,0.0,0.0,0.11910112359550562
5.0,5.0,33.0,0.1,0.1,0.4,3.0,434.0,0.0,0.0,0.12442396313364056
5.0,5.0,34.0,0.1,0.1,0.4,3.0,406.0,0.0,0.0,0.12807881773399016
5.0,5.0,35.0,0.1,0.1,0.4,3.0,414.0,0.0,0.0,0.1280193236714976
5.0,5.0,36.0,0.1,0.1,0.4,3.0,406.0,0.0,0.0,0.12807881773399016
5.0,5.0,37.0,0.1,0.1,0.4,3.0,414.0,0.0,0.0,0.1280193236714976
5.0,5.0,38.0,0.1,0.1,0.4,3.0,406.0,0.0,0.0,0.12807881773399016
5.0,5.0,39.0,0.1,0.1,0.4,3.0,413.0,0.0,0.0,0.12832929782082325
5.0,5.0,40.0,0.1,0.1,0.4,3.0,394.0,0.0,0.0,0.12944162436548223
5.0,5.0,41.0,0.1,0.1,0.4,3.0,401.0,0.0,0.0,0.12718204488778054
5.0,5.0,42.0,0.1,0.1,0.4,3.0,391.0,0.0,0.0,0.1278772378516624
5.0,5.0,43.0,0.1,0.1,0.4,3.0,396.0,0.0,0.0,0.12878787878787878
5.0,5.0,44.0,0.1,0.1,0.4,3.0,386.0,0.0,0.0,0.12953367875647667
5.0,5.0,45.0,0.1,0.1,0.4,3.0,385.0,0.0,0.0,0.2025974025974026
5.0,5.0,46.0,0.1,0.1,0.4,3.0,362.0,0.0,0.0,0.20718232044198895
5.0,5.0,47.0,0.1,0.1,0.4,3.0,369.0,0.0,0.0,0.2086720867208672
5.0,5.0,48.0,0.1,0.1,0.4,3.0,361.0,0.0,0.0,0.2077562326869806
5.0,5.0,49.0,0.1,0.1,0.4,3.0,366.0,0.0,0.0,0.20765027322404372
5.0,5.0,50.0,0.1,0.1,0.4,3.0,364.0,0.0,0.0,0.2032967032967033
5.0,5.0,51.0,0.1,0.1,0.4,3.0,363.0,0.0,0.0,0.209366391184573
5.0,5.0,52.0,0.1,0.1,0.4,3.0,357.0,0.0,0.0,0.20448179271708683
5.0,6.0,1.0,0.1,0.1,0.4,3.0,356.0,0.0,0.0,0.20786516853932585
5.0,6.0,2.0,0.1,0.1,0.4,3.0,352.0,0.0,0.0,0.20454545454545456
5.0,6.0,3.0,0.1,0.1,0.4,3.0,353.0,0.0,0.0,0.2096317280453258
5.0,6.0,4.0,0.1,0.1,0.4,3.0,351.0,0.0,0.0,0.20512820512820512
5.0,6.0,5.0,0.1,0.1,0.4,3.0,353.0,0.0,0.0,0.2096317280453258
5.0,6.0,6.0,0.1,0.1,0.4,3.0,351.0,0.0,0.0,0.20512820512820512
5.0,6.0,7.0,0.1,0.1,0.4,3.0,353.0,0.0,0.0,0.2096317280453258
5.0,6.0,8.0,0.1,0.1,0.4,3.0,350.0,0.0,0.0,0.2057142857142857
5.0,6.0,9.0,0.1,0.1,0.4,3.0,350.0,0.0,0.0,0.21142857142857144
5.0,6.0,10.0,0.1,0.1,0.4,3.0,347.0,0.0,0.0,0.207492795389049
5.0,6.0,11.0,0.1,0.1,0.4,3.0,348.0,0.0,0.0,0.20977011494252873
5.0,6.0,12.0,0.1,0.1,0.4,3.0,345.0,0.0,0.0,0.20579710144927535
5.0,6.0,13.0,0.1,0.1,0.4,3.0,346.0,0.0,0.0,0.21098265895953758
5.0,6.0,14.0,0.1,0.1,0.4,3.0,344.0,0.0,0.0,0.2063953488372093
5.0,6.0,15.0,0.1,0.1,0.4,3.0,344.0,0.0,0.0,0.21220930232558138
5.0,6.0,16.0,0.1,0.1,0.4,3.0,340.0,0.0,0.0,0.2088235294117647
5.0,6.0,17.0,0.1,0.1,0.4,3.0,340.0,0.0,0.0,0.21470588235294116
5.0,6.0,18.0,0.1,0.1,0.4,3.0,337.0,0.0,0.0,0.21068249258160238
5.0,6.0,19.0,0.1,0.1,0.4,3.0,335.0,0.0,0.0,0.21194029850746268
5.0,6.0,20.0,0.1,0.1,0.4,3.0,652.0,0.0,0.0,0.10736196319018405
5.0,6.0,21.0,0.1,0.1,0.4,3.0,637.0,0.0,0.0,0.10832025117739404
5.0,6.0,22.0,0.1,0.1,0.4,3.0,599.0,0.0,0.0,0.11018363939899833
5.0,6.0,23.0,0.1,0.1,0.4,3.0,571.0,0.0,0.0,0.11033274956217162
5.0,6.0,24.0,0.1,0.1,0.4,3.0,533.0,0.0,0.0,0.11444652908067542
5.0,6.0,25.0,0.1,0.1,0.4,3.0,520.0,0.0,0.0,0.11346153846153846
5.0,6.0,26.0,0.1,0.1,0.4,3.0,499.0,0.0,0.0,0.11422845691382766
5.0,6.0,27.0,0.1,0.1,0.4,3.0,506.0,0.0,0.0,0.11462450592885376
5.0,6.0,28.0,0.1,0.1,0.4,3.0,499.0,0.0,0.0,0.11422845691382766
5.0,6.0,29.0,0.1,0.1,0.4,3.0,504.0,0.0,0.0,0.1130952380952381
5.0,6.0,30.0,0.1,0.1,0.4,3.0,488.0,0.0,0.0,0.11270491803278689
5.0,6.0,31.0,0.1,0.1,0.4,3.0,473.0,0.0,0.0,0.11627906976744186
5.0,6.0,32.0,0.1,0.1,0.4,3.0,456.0,0.0,0.0,0.1162280701754386
5.0,6.0,33.0,0.1,0.1,0.4,3.0,453.0,0.0,0.0,0.11699779249448124
5.0,6.0,34.0,0.1,0.1,0.4,3.0,435.0,0.0,0.0,0.11724137931034483
5.0,6.0,35.0,0.1,0.1,0.4,3.0,427.0,0.0,0.0,0.11475409836065574
5.0,6.0,36.0,0.1,0.1,0.4,3.0,411.0,0.0,0.0,0.11678832116788321
5.0,6.0,37.0,0.1,0.1,0.4,3.0,419.0,0.0,0.0,0.11694510739856802
5.0,6.0,38.0,0.1,0.1,0.4,3.0,409.0,0.0,0.0,0.11735941320293398
5.0,6.0,39.0,0.1,0.1,0.4,3.0,418.0,0.0,0.0,0.11722488038277512
5.0,6.0,40.0,0.1,0.1,0.4,3.0,403.0,0.0,0.0,0.11910669975186104
5.0,6.0,41.0,0.1,0.1,0.4,3.0,389.0,0.0,0.0,0.11568123393316196
5.0,6.0,42.0,0.1,0.1,0.4,3.0,384.0,0.0,0.0,0.11979166666666667
5.0,6.0,43.0,0.1,0.1,0.4,3.0,373.0,0.0,0.0,0.12064343163538874
5.0,6.0,44.0,0.1,0.1,0.4,3.0,361.0,0.0,0.0,0.11911357340720222
5.0,6.0,45.0,0.1,0.1,0.4,3.0,334.0,0.0,0.0,0.17065868263473055
5.0,6.0,46.0,0.1,0.1,0.4,3.0,321.0,0.0,0.0,0.17133956386292834
5.0,6.0,47.0,0.1,0.1,0.4,3.0,320.0,0.0,0.0,0.171875
5.0,6.0,48.0,0.1,0.1,0.4,3.0,310.0,0.0,0.0,0.17419354838709677
5.0,6.0,49.0,0.1,0.1,0.4,3.0,310.0,0.0,0.0,0.17419354838709677
5.0,6.0,50.0,0.1,0.1,0.4,3.0,303.0,0.0,0.0,0.17491749174917492
5.0,6.0,51.0,0.1,0.1,0.4,3.0,304.0,0.0,0.0,0.17434210526315788
5.0,6.0,52.0,0.1,0.1,0.4,3.0,285.0,0.0,0.0,0.17543859649122806
5.0,7.0,1.0,0.1,0.1,0.4,3.0,282.0,0.0,0.0,0.17375886524822695
5.0,7.0,2.0,0.1,0.1,0.4,3.0,276.0,0.0,0.0,0.17391304347826086
5.0,7.0,3.0,0.1,0.1,0.4,3.0,274.0,0.0,0.0,0.17518248175182483
5.0,7.0,4.0,0.1,0.1,0.4,3.0,272.0,0.0,0.0,0.17647058823529413
5.0,7.0,5.0,0.1,0.1,0.4,3.0,270.0,0.0,0.0,0.17777777777777778
5.0,7.0,6.0,0.1,0.1,0.4,3.0,268.0,0.0,0.0,0.17537313432835822
5.0,7.0,7.0,0.1,0.1,0.4,3.0,268.0,0.0,0.0,0.1791044776119403
5.0,7.0,8.0,0.1,0.1,0.4,3.0,253.0,0.0,0.0,0.18972332015810275
5.0,7.0,9.0,0.1,0.1,0.4,3.0,251.0,0.0,0.0,0.18725099601593626
5.0,7.0,10.0,0.1,0.1,0.4,3.0,250.0,0.0,0.0,0.188
5.0,7.0,11.0,0.1,0.1,0.4,3.0,250.0,0.0,0.0,0.188
5.0,7.0,12.0,0.1,0.1,0.4,3.0,246.0,0.0,0.0,0.1910569105691057
5.0,7.0,13.0,0.1,0.1,0.4,3.0,246.0,0.0,0.0,0.1910569105691057
5.0,7.0,14.0,0.1,0.1,0.4,3.0,246.0,0.0,0.0,0.1910569105691057
5.0,7.0,15.0,0.1,0.1,0.4,3.0,246.0,0.0,0.0,0.1910569105691057
5.0,7.0,16.0,0.1,0.1,0.4,3.0,243.0,0.0,0.0,0.18930041152263374
5.0,7.0,17.0,0.1,0.1,0.4,3.0,242.0,0.0,0.0,0.1859504132231405
5.0,7.0,18.0,0.1,0.1,0.4,3.0,241.0,0.0,0.0,0.18672199170124482
5.0,7.0,19.0,0.1,0.1,0.4,3.0,239.0,0.0,0.0,0.18410041841004185
5.0,7.0,20.0,0.1,0.1,0.4,3.0,442.0,0.0,0.0,0.09954751131221719
5.0,7.0,21.0,0.1,0.1,0.4,3.0,427.0,0.0,0.0,0.10304449648711944
5.0,7.0,22.0,0.1,0.1,0.4,3.0,422.0,0.0,0.0,0.0995260663507109
5.0,7.0,23.0,0.1,0.1,0.4,3.0,411.0,0.0,0.0,0.10218978102189781
5.0,7.0,24.0,0.1,0.1,0.4,3.0,401.0,0.0,0.0,0.10473815461346633
5.0,7.0,25.0,0.1,0.1,0.4,3.0,389.0,0.0,0.0,0.10796915167095116
5.0,7.0,26.0,0.1,0.1,0.4,3.0,359.0,0.0,0.0,0.11142061281337047
5.0,7.0,27.0,0.1,0.1,0.4,3.0,357.0,0.0,0.0,0.11204481792717087
5.0,7.0,28.0,0.1,0.1,0.4,3.0,335.0,0.0,0.0,0.11641791044776119
5.0,7.0,29.0,0.1,0.1,0.4,3.0,335.0,0.0,0.0,0.11641791044776119
5.0,7.0,30.0,0.1,0.1,0.4,3.0,325.0,0.0,0.0,0.12
5.0,7.0,31.0,0.1,0.1,0.4,3.0,325.0,0.0,0.0,0.12
5.0,7.0,32.0,0.1,0.1,0.4,3.0,310.0,0.0,0.0,0.12258064516129032
5.0,7.0,33.0,0.1,0.1,0.4,3.0,299.0,0.0,0.0,0.12374581939799331
5.0,7.0,34.0,0.1,0.1,0.4,3.0,299.0,0.0,0.0,0.12374581939799331
5.0,7.0,35.0,0.1,0.1,0.4,3.0,289.0,0.0,0.0,0.12802768166089964
5.0,7.0,36.0,0.1,0.1,0.4,3.0,281.0,0.0,0.0,0.13167259786476868
5.0,7.0,37.0,0.1,0.1,0.4,3.0,283.0,0.0,0.0,0.13074204946996468
5.0,7.0,38.0,0.1,0.1,0.4,3.0,281.0,0.0,0.0,0.13167259786476868
5.0,7.0,39.0,0.1,0.1,0.4,3.0,276.0,0.0,0.0,0.13043478260869565
5.0,7.0,40.0,0.1,0.1,0.4,3.0,265.0,0.0,0.0,0.1320754716981132
5.0,7.0,41.0,0.1,0.1,0.4,3.0,261.0,0.0,0.0,0.13026819923371646
5.0,7.0,42.0,0.1,0.1,0.4,3.0,263.0,0.0,0.0,0.13307984790874525
5.0,7.0,43.0,0.1,0.1,0.4,3.0,264.0,0.0,0.0,0.13257575757575757
5.0,7.0,44.0,0.1,0.1,0.4,3.0,260.0,0.0,0.0,0.1346153846153846
5.0,7.0,45.0,0.1,0.1,0.4,3.0,255.0,0.0,0.0,0.19215686274509805
5.0,7.0,46.0,0.1,0.1,0.4,3.0,243.0,0.0,0.0,0.18930041152263374
5.0,7.0,47.0,0.1,0.1,0.4,3.0,242.0,0.0,0.0,0.19008264462809918
5.0,7.0,48.0,0.1,0.1,0.4,3.0,239.0,0.0,0.0,0.18410041841004185
5.0,7.0,49.0,0.1,0.1,0.4,3.0,241.0,0.0,0.0,0.18672199170124482
5.0,7.0,50.0,0.1,0.1,0.4,3.0,232.0,0.0,0.0,0.1896551724137931
5.0,7.0,51.0,0.1,0.1,0.4,3.0,232.0,0.0,0.0,0.1896551724137931
5.0,7.0,52.0,0.1,0.1,0.4,3.0,225.0,0.0,0.0,0.19111111111111112
5.0,8.0,1.0,0.1,0.1,0.4,3.0,224.0,0.0,0.0,0.19642857142857142
5.0,8.0,2.0,0.1,0.1,0.4,3.0,220.0,0.0,0.0,0.19545454545454546
5.0,8.0,3.0,0.1,0.1,0.4,3.0,221.0,0.0,0.0,0.19909502262443438
5.0,8.0,4.0,0.1,0.1,0.4,3.0,220.0,0.0,0.0,0.19545454545454546
5.0,8.0,5.0,0.1,0.1,0.4,3.0,221.0,0.0,0.0,0.19909502262443438
5.0,8.0,6.0,0.1,0.1,0.4,3.0,217.0,0.0,0.0,0.19815668202764977
5.0,8.0,7.0,0.1,0.1,0.4,3.0,218.0,0.0,0.0,0.2018348623853211
5.0,8.0,8.0,0.1,0.1,0.4,3.0,217.0,0.0,0.0,0.19815668202764977
5.0,8.0,9.0,0.1,0.1,0.4,3.0,214.0,0.0,0.0,0.205607476635514
5.0,8.0,10.0,0.1,0.1,0.4,3.0,213.0,0.0,0.0,0.20187793427230047
5.0,8.0,11.0,0.1,0.1,0.4,3.0,214.0,0.0,0.0,0.205607476635514
5.0,8.0,12.0,0.1,0.1,0.4,3.0,213.0,0.0,0.0,0.20187793427230047
5.0,8.0,13.0,0.1,0.1,0.4,3.0,215.0,0.0,0.0,0.20465116279069767
5.0,8.0,14.0,0.1,0.1,0.4,3.0,213.0,0.0,0.0,0.20187793427230047
5.0,8.0,15.0,0.1,0.1,0.4,3.0,215.0,0.0,0.0,0.20465116279069767
5.0,8.0,16.0,0.1,0.1,0.4,3.0,213.0,0.0,0.0,0.20187793427230047
5.0,8.0,17.0,0.1,0.1,0.4,3.0,212.0,0.0,0.0,0.20754716981132076
5.0,8.0,18.0,0.1,0.1,0.4,3.0,210.0,0.0,0.0,0.20476190476190476
5.0,8.0,19.0,0.1,0.1,0.4,3.0,211.0,0.0,0.0,0.20853080568720378
5.0,8.0,20.0,0.1,0.1,0.4,3.0,409.0,0.0,0.0,0.10513447432762836
5.0,8.0,21.0,0.1,0.1,0.4,3.0,405.0,0.0,0.0,0.10864197530864197
5.0,8.0,22.0,0.1,0.1,0.4,3.0,380.0,0.0,0.0,0.10526315789473684
5.0,8.0,23.0,0.1,0.1,0.4,3.0,374.0,0.0,0.0,0.10962566844919786
5.0,8.0,24.0,0.1,0.1,0.4,3.0,348.0,0.0,0.0,0.11206896551724138
5.0,8.0,25.0,0.1,0.1,0.4,3.0,346.0,0.0,0.0,0.11560693641618497
5.0,8.0,26.0,0.1,0.1,0.4,3.0,339.0,0.0,0.0,0.11504424778761062
5.0,8.0,27.0,0.1,0.1,0.4,3.0,346.0,0.0,0.0,0.11560693641618497
5.0,8.0,28.0,0.1,0.1,0.4,3.0,339.0,0.0,0.0,0.11504424778761062
5.0,8.0,29.0,0.1,0.1,0.4,3.0,338.0,0.0,0.0,0.11834319526627218
5.0,8.0,30.0,0.1,0.1,0.4,3.0,314.0,0.0,0.0,0.12101910828025478
5.0,8.0,31.0,0.1,0.1,0.4,3.0,321.0,0.0,0.0,0.12149532710280374
5.0,8.0,32.0,0.1,0.1,0.4,3.0,306.0,0.0,0.0,0.12418300653594772
5.0,8.0,33.0,0.1,0.1,0.4,3.0,313.0,0.0,0.0,0.12460063897763578
5.0,8.0,34.0,0.1,0.1,0.4,3.0,296.0,0.0,0.0,0.12837837837837837
5.0,8.0,35.0,0.1,0.1,0.4,3.0,302.0,0.0,0.0,0.1291390728476821
5.0,8.0,36.0,0.1,0.1,0.4,3.0,295.0,0.0,0.0,0.1288135593220339
5.0,8.0,37.0,0.1,0.1,0.4,3.0,285.0,0.0,0.0,0.13333333333333333
5.0,8.0,38.0,0.1,0.1,0.4,3.0,278.0,0.0,0.0,0.13309352517985612
5.0,8.0,39.0,0.1,0.1,0.4,3.0,284.0,0.0,0.0,0.13380281690140844
5.0,8.0,40.0,0.1,0.1,0.4,3.0,278.0,0.0,0.0,0.13309352517985612
5.0,8.0,41.0,0.1,0.1,0.4,3.0,269.0,0.0,0.0,0.1412639405204461
5.0,8.0,42.0,0.1,0.1,0.4,3.0,262.0,0.0,0.0,0.14122137404580154
5.0,8.0,43.0,0.1,0.1,0.4,3.0,267.0,0.0,0.0,0.14232209737827714
5.0,8.0,44.0,0.1,0.1,0.4,3.0,260.0,0.0,0.0,0.1423076923076923
5.0,8.0,45.0,0.1,0.1,0.4,3.0,265.0,0.0,0.0,0.18867924528301888
5.0,8.0,46.0,0.1,0.1,0.4,3.0,239.0,0.0,0.0,0.19665271966527198
5.0,8.0,47.0,0.1,0.1,0.4,3.0,243.0,0.0,0.0,0.19753086419753085
5.0,8.0,48.0,0.1,0.1,0.4,3.0,234.0,0.0,0.0,0.19658119658119658
5.0,8.0,49.0,0.1,0.1,0.4,3.0,240.0,0.0,0.0,0.19583333333333333
5.0,8.0,50.0,0.1,0.1,0.4,3.0,233.0,0.0,0.0,0.19742489270386265
5.0,8.0,51.0,0.1,0.1,0.4,3.0,233.0,0.0,0.0,0.2017167381974249
5.0,8.0,52.0,0.1,0.1,0.4,3.0,227.0,0.0,0.0,0.2026431718061674
5.0,9.0,1.0,0.1,0.1,0.4,3.0,227.0,0.0,0.0,0.20704845814977973
5.0,9.0,2.0,0.1,0.1,0.4,3.0,226.0,0.0,0.0,0.20353982300884957
5.0,9.0,3.0,0.1,0.1,0.4,3.0,227.0,0.0,0.0,0.20704845814977973
5.0,9.0,4.0,0.1,0.1,0.4,3.0,224.0,0.0,0.0,0.20535714285714285
5.0,9.0,5.0,0.1,0.1,0.4,3.0,226.0,0.0,0.0,0.2079646017699115
5.0,9.0,6.0,0.1,0.1,0.4,3.0,222.0,0.0,0.0,0.2072072072072072
5.0,9.0,7.0,0.1,0.1,0.4,3.0,224.0,0.0,0.0,0.20982142857142858
5.0,9.0,8.0,0.1,0.1,0.4,3.0,221.0,0.0,0.0,0.2081447963800905
5.0,9.0,9.0,0.1,0.1,0.4,3.0,225.0,0.0,0.0,0.2088888888888889
5.0,9.0,10.0,0.1,0.1,0.4,3.0,221.0,0.0,0.0,0.2081447963800905
5.0,9.0,11.0,0.1,0.1,0.4,3.0,224.0,0.0,0.0,0.20982142857142858
5.0,9.0,12.0,0.1,0.1,0.4,3.0,220.0,0.0,0.0,0.20909090909090908
5.0,9.0,13.0,0.1,0.1,0.4,3.0,223.0,0.0,0.0,0.21076233183856502
5.0,9.0,14.0,0.1,0.1,0.4,3.0,217.0,0.0,0.0,0.2119815668202765
5.0,9.0,15.0,0.1,0.1,0.4,3.0,222.0,0.0,0.0,0.21171171171171171
5.0,9.0,16.0,0.1,0.1,0.4,3.0,217.0,0.0,0.0,0.2119815668202765
5.0,9.0,17.0,0.1,0.1,0.4,3.0,222.0,0.0,0.0,0.21171171171171171
5.0,9.0,18.0,0.1,0.1,0.4,3.0,214.0,0.0,0.0,0.21495327102803738
5.0,9.0,19.0,0.1,0.1,0.4,3.0,218.0,0.0,0.0,0.21559633027522937
5.0,9.0,20.0,0.1,0.1,0.4,3.0,372.0,0.0,0.0,0.10483870967741936
5.0,9.0,21.0,0.1,0.1,0.4,3.0,359.0,0.0,0.0,0.10584958217270195
5.0,9.0,22.0,0.1,0.1,0.4,3.0,334.0,0.0,0.0,0.10778443113772455
5.0,9.0,23.0,0.1,0.1,0.4,3.0,334.0,0.0,0.0,0.11077844311377245
5.0,9.0,24.0,0.1,0.1,0.4,3.0,326.0,0.0,0.0,0.11042944785276074
5.0,9.0,25.0,0.1,0.1,0.4,3.0,334.0,0.0,0.0,0.11077844311377245
5.0,9.0,26.0,0.1,0.1,0.4,3.0,316.0,0.0,0.0,0.11392405063291139
5.0,9.0,27.0,0.1,0.1,0.4,3.0,324.0,0.0,0.0,0.11419753086419752
5.0,9.0,28.0,0.1,0.1,0.4,3.0,306.0,0.0,0.0,0.11764705882352941
5.0,9.0,29.0,0.1,0.1,0.4,3.0,314.0,0.0,0.0,0.1178343949044586
5.0,9.0,30.0,0.1,0.1,0.4,3.0,298.0,0.0,0.0,0.1174496644295302
5.0,9.0,31.0,0.1,0.1,0.4,3.0,306.0,0.0,0.0,0.11764705882352941
5.0,9.0,32.0,0.1,0.1,0.4,3.0,298.0,0.0,0.0,0.1174496644295302
5.0,9.0,33.0,0.1,0.1,0.4,3.0,306.0,0.0,0.0,0.11764705882352941
5.0,9.0,34.0,0.1,0.1,0.4,3.0,289.0,0.0,0.0,0.11764705882352941
5.0,9.0,35.0,0.1,0.1,0.4,3.0,281.0,0.0,0.0,0.11743772241992882
5.0,9.0,36.0,0.1,0.1,0.4,3.0,255.0,0.0,0.0,0.10980392156862745
5.0,9.0,37.0,0.1,0.1,0.4,3.0,263.0,0.0,0.0,0.11026615969581749
5.0,9.0,38.0,0.1,0.1,0.4,3.0,255.0,0.0,0.0,0.10980392156862745
5.0,9.0,39.0,0.1,0.1,0.4,3.0,263.0,0.0,0.0,0.11026615969581749
5.0,9.0,40.0,0.1,0.1,0.4,3.0,245.0,0.0,0.0,0.11020408163265306
5.0,9.0,41.0,0.1,0.1,0.4,3.0,252.0,0.0,0.0,0.1111111111111111
5.0,9.0,42.0,0.1,0.1,0.4,3.0,244.0,0.0,0.0,0.11065573770491803
5.0,9.0,43.0,0.1,0.1,0.4,3.0,251.0,0.0,0.0,0.11155378486055777
5.0,9.0,44.0,0.1,0.1,0.4,3.0,235.0,0.0,0.0,0.1148936170212766
5.0,9.0,45.0,0.1,0.1,0.4,3.0,242.0,0.0,0.0,0.1859504132231405
5.0,9.0,46.0,0.1,0.1,0.4,3.0,235.0,0.0,0.0,0.18723404255319148
5.0,9.0,47.0,0.1,0.1,0.4,3.0,242.0,0.0,0.0,0.1859504132231405
5.0,9.0,48.0,0.1,0.1,0.4,3.0,234.0,0.0,0.0,0.18803418803418803
5.0,9.0,49.0,0.1,0.1,0.4,3.0,241.0,0.0,0.0,0.18672199170124482
5.0,9.0,50.0,0.1,0.1,0.4,3.0,236.0,0.0,0.0,0.1864406779661017
5.0,9.0,51.0,0.1,0.1,0.4,3.0,241.0,0.0,0.0,0.18672199170124482
5.0,9.0,52.0,0.1,0.1,0.4,3.0,233.0,0.0,0.0,0.1888412017167382
5.0,10.0,1.0,0.1,0.1,0.4,3.0,236.0,0.0,0.0,0.1906779661016949
5.0,10.0,2.0,0.1,0.1,0.4,3.0,220.0,0.0,0.0,0.19545454545454546
5.0,10.0,3.0,0.1,0.1,0.4,3.0,223.0,0.0,0.0,0.19730941704035873
5.0,10.0,4.0,0.1,0.1,0.4,3.0,218.0,0.0,0.0,0.19724770642201836
5.0,10.0,5.0,0.1,0.1,0.4,3.0,222.0,0.0,0.0,0.1981981981981982
5.0,10.0,6.0,0.1,0.1,0.4,3.0,217.0,0.0,0.0,0.19815668202764977
5.0,10.0,7.0,0.1,0.1,0.4,3.0,222.0,0.0,0.0,0.1981981981981982
5.0,10.0,8.0,0.1,0.1,0.4,3.0,217.0,0.0,0.0,0.19815668202764977
5.0,10.0,9.0,0.1,0.1,0.4,3.0,222.0,0.0,0.0,0.1981981981981982
5.0,10.0,10.0,0.1,0.1,0.4,3.0,217.0,0.0,0.0,0.19815668202764977
5.0,10.0,11.0,0.1,0.1,0.4,3.0,222.0,0.0,0.0,0.1981981981981982
5.0,10.0,12.0,0.1,0.1,0.4,3.0,217.0,0.0,0.0,0.19815668202764977
5.0,10.0,13.0,0.1,0.1,0.4,3.0,222.0,0.0,0.0,0.1981981981981982
5.0,10.0,14.0,0.1,0.1,0.4,3.0,217.0,0.0,0.0,0.19815668202764977
5.0,10.0,15.0,0.1,0.1,0.4,3.0,222.0,0.0,0.0,0.1981981981981982
5.0,10.0,16.0,0.1,0.1,0.4,3.0,209.0,0.0,0.0,0.20574162679425836
5.0,10.0,17.0,0.1,0.1,0.4,3.0,211.0,0.0,0.0,0.20853080568720378
5.0,10.0,18.0,0.1,0.1,0.4,3.0,205.0,0.0,0.0,0.2097560975609756
5.0,10.0,19.0,0.1,0.1,0.4,3.0,210.0,0.0,0.0,0.20952380952380953
5.0,10.0,20.0,0.1,0.1,0.4,3.0,335.0,0.0,0.0,0.11343283582089553
5.0,10.0,21.0,0.1,0.1,0.4,3.0,326.0,0.0,0.0,0.1165644171779141
5.0,10.0,22.0,0.1,0.1,0.4,3.0,306.0,0.0,0.0,0.12091503267973856
5.0,10.0,23.0,0.1,0.1,0.4,3.0,299.0,0.0,0.0,0.12374581939799331
5.0,10.0,24.0,0.1,0.1,0.4,3.0,281.0,0.0,0.0,0.12811387900355872
5.0,10.0,25.0,0.1,0.1,0.4,3.0,291.0,0.0,0.0,0.12714776632302405
5.0,10.0,26.0,0.1,0.1,0.4,3.0,271.0,0.0,0.0,0.12546125461254612
5.0,10.0,27.0,0.1,0.1,0.4,3.0,271.0,0.0,0.0,0.12915129151291513
5.0,10.0,28.0,0.1,0.1,0.4,3.0,271.0,0.0,0.0,0.12546125461254612
5.0,10.0,29.0,0.1,0.1,0.4,3.0,271.0,0.0,0.0,0.12915129151291513
5.0,10.0,30.0,0.1,0.1,0.4,3.0,261.0,0.0,0.0,0.13026819923371646
5.0,10.0,31.0,0.1,0.1,0.4,3.0,261.0,0.0,0.0,0.13409961685823754
5.0,10.0,32.0,0.1,0.1,0.4,3.0,253.0,0.0,0.0,0.13438735177865613
5.0,10.0,33.0,0.1,0.1,0.4,3.0,253.0,0.0,0.0,0.1383399209486166
5.0,10.0,34.0,0.1,0.1,0.4,3.0,234.0,0.0,0.0,0.1452991452991453
5.0,10.0,35.0,0.1,0.1,0.4,3.0,234.0,0.0,0.0,0.14957264957264957
5.0,10.0,36.0,0.1,0.1,0.4,3.0,234.0,0.0,0.0,0.1452991452991453
5.0,10.0,37.0,0.1,0.1,0.4,3.0,225.0,0.0,0.0,0.15555555555555556
5.0,10.0,38.0,0.1,0.1,0.4,3.0,225.0,0.0,0.0,0.1511111111111111
5.0,10.0,39.0,0.1,0.1,0.4,3.0,225.0,0.0,0.0,0.15555555555555556
5.0,10.0,40.0,0.1,0.1,0.4,3.0,225.0,0.0,0.0,0.1511111111111111
5.0,10.0,41.0,0.1,0.1,0.4,3.0,224.0,0.0,0.0,0.15625
5.0,10.0,42.0,0.1,0.1,0.4,3.0,201.0,0.0,0.0,0.16417910447761194
5.0,10.0,43.0,0.1,0.1,0.4,3.0,200.0,0.0,0.0,0.17
5.0,10.0,44.0,0.1,0.1,0.4,3.0,197.0,0.0,0.0,0.16751269035532995
5.0,10.0,45.0,0.1,0.1,0.4,3.0,189.0,0.0,0.0,0.2751322751322751
5.0,10.0,46.0,0.1,0.1,0.4,3.0,188.0,0.0,0.0,0.26595744680851063
5.0,10.0,47.0,0.1,0.1,0.4,3.0,166.0,0.0,0.0,0.30120481927710846
5.0,10.0,48.0,0.1,0.1,0.4,3.0,165.0,0.0,0.0,0.2909090909090909
5.0,10.0,49.0,0.1,0.1,0.4,3.0,166.0,0.0,0.0,0.30120481927710846
5.0,10.0,50.0,0.1,0.1,0.4,3.0,165.0,0.0,0.0,0.2909090909090909
5.0,10.0,51.0,0.1,0.1,0.4,3.0,166.0,0.0,0.0,0.30120481927710846
5.0,10.0,52.0,0.1,0.1,0.4,3.0,165.0,0.0,0.0,0.2909090909090909
6.0,1.0,1.0,0.1,0.1,0.4,3.0,5098.0,55.0,12.0,0.09690074539034915
6.0,1.0,2.0,0.1,0.1,0.4,3.0,5038.0,64.0,22.0,0.09984120682810639
6.0,1.0,3.0,0.1,0.1,0.4,3.0,4925.0,81.0,29.0,0.1001015228426396
6.0,1.0,4.0,0.1,0.1,0.4,3.0,4770.0,98.0,38.0,0.10062893081761007
6.0,1.0,5.0,0.1,0.1,0.4,3.0,4790.0,145.0,53.0,0.10271398747390396
6.0,1.0,6.0,0.1,0.1,0.4,3.0,4665.0,190.0,64.0,0.1037513397642015
6.0,1.0,7.0,0.1,0.1,0.4,3.0,4394.0,211.0,73.0,0.10263996358670915
6.0,1.0,8.0,0.1,0.1,0.4,3.0,4180.0,236.0,97.0,0.10574162679425837
6.0,1.0,9.0,0.1,0.1,0.4,3.0,4052.0,291.0,114.0,0.10735439289239881
6.0,1.0,10.0,0.1,0.1,0.4,3.0,3864.0,280.0,112.0,0.10998964803312629
6.0,1.0,11.0,0.1,0.1,0.4,3.0,3597.0,284.0,117.0,0.10870169585765917
6.0,1.0,12.0,0.1,0.1,0.4,3.0,3399.0,314.0,124.0,0.11032656663724624
6.0,1.0,13.0,0.1,0.1,0.4,3.0,3291.0,324.0,132.0,0.11121239744758432
6.0,1.0,14.0,0.1,0.1,0.4,3.0,3218.0,333.0,144.0,0.11373523927905531
6.0,1.0,15.0,0.1,0.1,0.4,3.0,3053.0,360.0,157.0,0.11496888306583689
6.0,1.0,16.0,0.1,0.1,0.4,3.0,2894.0,376.0,166.0,0.1161022805805114
6.0,1.0,17.0,0.1,0.1,0.4,3.0,2771.0,359.0,161.0,0.11800793937206784
6.0,1.0,18.0,0.1,0.1,0.4,3.0,2665.0,341.0,168.0,0.12195121951219512
6.0,1.0,19.0,0.1,0.1,0.4,3.0,2574.0,324.0,152.0,0.12354312354312354
6.0,1.0,20.0,0.1,0.1,0.4,3.0,6887.0,307.0,153.0,0.04573834761144185
6.0,1.0,21.0,0.1,0.1,0.4,3.0,6278.0,397.0,142.0,0.047785919082510356
6.0,1.0,22.0,0.1,0.1,0.4,3.0,5772.0,445.0,148.0,0.04902979902979903
6.0,1.0,23.0,0.1,0.1,0.4,3.0,5263.0,465.0,154.0,0.05054151624548736
6.0,1.0,24.0,0.1,0.1,0.4,3.0,4694.0,464.0,187.0,0.0524073285044738
6.0,1.0,25.0,0.1,0.1,0.4,3.0,4231.0,453.0,193.0,0.05672417868116285
6.0,1.0,26.0,0.1,0.1,0.4,3.0,3875.0,460.0,191.0,0.05832258064516129
6.0,1.0,27.0,0.1,0.1,0.4,3.0,3567.0,469.0,185.0,0.06111578357162882
6.0,1.0,28.0,0.1,0.1,0.4,3.0,3235.0,417.0,186.0,0.06738794435857805
6.0,1.0,29.0,0.1,0.1,0.4,3.0,2973.0,407.0,206.0,0.07029936091490077
6.0,1.0,30.0,0.1,0.1,0.4,3.0,2746.0,393.0,191.0,0.0721048798252003
6.0,1.0,31.0,0.1,0.1,0.4,3.0,2591.0,383.0,179.0,0.0760324199150907
6.0,1.0,32.0,0.1,0.1,0.4,3.0,2424.0,348.0,162.0,0.07797029702970297
6.0,1.0,33.0,0.1,0.1,0.4,3.0,2211.0,363.0,173.0,0.08095884215287201
6.0,1.0,34.0,0.1,0.1,0.4,3.0,2071.0,364.0,170.0,0.08401738290680831
6.0,1.0,35.0,0.1,0.1,0.4,3.0,1898.0,325.0,168.0,0.0916754478398314
6.0,1.0,36.0,0.1,0.1,0.4,3.0,1778.0,303.0,150.0,0.09561304836895389
6.0,1.0,37.0,0.1,0.1,0.4,3.0,1654.0,280.0,134.0,0.09975816203143893
6.0,1.0,38.0,0.1,0.1,0.4,3.0,1514.0,243.0,111.0,0.10501981505944517
6.0,1.0,39.0,0.1,0.1,0.4,3.0,1446.0,232.0,112.0,0.10995850622406639
6.0,1.0,40.0,0.1,0.1,0.4,3.0,1334.0,205.0,111.0,0.1184407796101949
6.0,1.0,41.0,0.1,0.1,0.4,3.0,1231.0,189.0,100.0,0.12510154346060115
6.0,1.0,42.0,0.1,0.1,0.4,3.0,1141.0,175.0,97.0,0.13234005258545137
6.0,1.0,43.0,0.1,0.1,0.4,3.0,1067.0,154.0,83.0,0.13964386129334583
6.0,1.0,44.0,0.1,0.1,0.4,3.0,1016.0,127.0,64.0,0.14763779527559054
6.0,1.0,45.0,0.1,0.1,0.4,3.0,969.0,107.0,56.0,0.21981424148606812
6.0,1.0,46.0,0.1,0.1,0.4,3.0,910.0,96.0,53.0,0.2230769230769231
6.0,1.0,47.0,0.1,0.1,0.4,3.0,863.0,87.0,50.0,0.22827346465816917
6.0,1.0,48.0,0.1,0.1,0.4,3.0,810.0,71.0,44.0,0.23333333333333334
6.0,1.0,49.0,0.1,0.1,0.4,3.0,783.0,63.0,32.0,0.23627075351213284
6.0,1.0,50.0,0.1,0.1,0.4,3.0,737.0,44.0,26.0,0.23609226594301222
6.0,1.0,51.0,0.1,0.1,0.4,3.0,727.0,44.0,22.0,0.23796423658872076
6.0,1.0,52.0,0.1,0.1,0.4,3.0,714.0,36.0,20.0,0.242296918767507
6.0,2.0,1.0,0.1,0.1,0.4,3.0,692.0,38.0,20.0,0.24710982658959538
6.0,2.0,2.0,0.1,0.1,0.4,3.0,683.0,29.0,17.0,0.24597364568081992
6.0,2.0,3.0,0.1,0.1,0.4,3.0,668.0,28.0,19.0,0.24850299401197604
6.0,2.0,4.0,0.1,0.1,0.4,3.0,652.0,21.0,10.0,0.254601226993865
6.0,2.0,5.0,0.1,0.1,0.4,3.0,648.0,19.0,13.0,0.25771604938271603
6.0,2.0,6.0,0.1,0.1,0.4,3.0,634.0,13.0,9.0,0.2634069400630915
6.0,2.0,7.0,0.1,0.1,0.4,3.0,628.0,14.0,12.0,0.25796178343949044
6.0,2.0,8.0,0.1,0.1,0.4,3.0,623.0,8.0,4.0,0.26324237560192615
6.0,2.0,9.0,0.1,0.1,0.4,3.0,612.0,7.0,3.0,0.2630718954248366
6.0,2.0,10.0,0.1,0.1,0.4,3.0,603.0,5.0,3.0,0.26533996683250416
6.0,2.0,11.0,0.1,0.1,0.4,3.0,596.0,5.0,3.0,0.2651006711409396
6.0,2.0,12.0,0.1,0.1,0.4,3.0,589.0,5.0,3.0,0.2631578947368421
6.0,2.0,13.0,0.1,0.1,0.4,3.0,576.0,4.0,3.0,0.2638888888888889
6.0,2.0,14.0,0.1,0.1,0.4,3.0,563.0,4.0,2.0,0.25932504440497334
6.0,2.0,15.0,0.1,0.1,0.4,3.0,565.0,4.0,2.0,0.26548672566371684
6.0,2.0,16.0,0.1,0.1,0.4,3.0,557.0,3.0,2.0,0.2621184919210054
6.0,2.0,17.0,0.1,0.1,0.4,3.0,557.0,3.0,2.0,0.2639138240574506
6.0,2.0,18.0,0.1,0.1,0.4,3.0,553.0,3.0,1.0,0.2603978300180832
6.0,2.0,19.0,0.1,0.1,0.4,3.0,545.0,2.0,0.0,0.26422018348623855
6.0,2.0,20.0,0.1,0.1,0.4,3.0,947.0,2.0,0.0,0.14994720168954592
6.0,2.0,21.0,0.1,0.1,0.4,3.0,918.0,2.0,0.0,0.1503267973856209
6.0,2.0,22.0,0.1,0.1,0.4,3.0,868.0,2.0,1.0,0.1532258064516129
6.0,2.0,23.0,0.1,0.1,0.4,3.0,811.0,1.0,1.0,0.15782983970406905
6.0,2.0,24.0,0.1,0.1,0.4,3.0,790.0,3.0,1.0,0.15316455696202533
6.0,2.0,25.0,0.1,0.1,0.4,3.0,767.0,2.0,0.0,0.15514993481095177
6.0,2.0,26.0,0.1,0.1,0.4,3.0,769.0,2.0,0.0,0.15604681404421328
6.0,2.0,27.0,0.1,0.1,0.4,3.0,744.0,2.0,0.0,0.15994623655913978
6.0,2.0,28.0,0.1,0.1,0.4,3.0,727.0,2.0,2.0,0.15818431911966988
6.0,2.0,29.0,0.1,0.1,0.4,3.0,701.0,2.0,2.0,0.16262482168330955
6.0,2.0,30.0,0.1,0.1,0.4,3.0,677.0,2.0,2.0,0.16838995568685378
6.0,2.0,31.0,0.1,0.1,0.4,3.0,679.0,0.0,0.0,0.16789396170839468
6.0,2.0,32.0,0.1,0.1,0.4,3.0,657.0,0.0,0.0,0.1689497716894977
6.0,2.0,33.0,0.1,0.1,0.4,3.0,666.0,0.0,0.0,0.16366366366366367
6.0,2.0,34.0,0.1,0.1,0.4,3.0,633.0,0.0,0.0,0.16429699842022116
6.0,2.0,35.0,0.1,0.1,0.4,3.0,627.0,0.0,0.0,0.16586921850079744
6.0,2.0,36.0,0.1,0.1,0.4,3.0,607.0,0.0,0.0,0.16803953871499178
6.0,2.0,37.0,0.1,0.1,0.4,3.0,601.0,0.0,0.0,0.16971713810316139
6.0,2.0,38.0,0.1,0.1,0.4,3.0,577.0,0.0,0.0,0.16984402079722705
6.0,2.0,39.0,0.1,0.1,0.4,3.0,585.0,0.0,0.0,0.1675213675213675
6.0,2.0,40.0,0.1,0.1,0.4,3.0,556.0,0.0,0.0,0.17266187050359713
6.0,2.0,41.0,0.1,0.1,0.4,3.0,560.0,0.0,0.0,0.16607142857142856
6.0,2.0,42.0,0.1,0.1,0.4,3.0,511.0,0.0,0.0,0.1761252446183953
6.0,2.0,43.0,0.1,0.1,0.4,3.0,507.0,0.0,0.0,0.16962524654832348
6.0,2.0,44.0,0.1,0.1,0.4,3.0,488.0,0.0,0.0,0.1762295081967213
6.0,2.0,45.0,0.1,0.1,0.4,3.0,487.0,0.0,0.0,0.23408624229979466
6.0,2.0,46.0,0.1,0.1,0.4,3.0,478.0,0.0,0.0,0.23640167364016737
6.0,2.0,47.0,0.1,0.1,0.4,3.0,484.0,0.0,0.0,0.23553719008264462
6.0,2.0,48.0,0.1,0.1,0.4,3.0,469.0,0.0,0.0,0.24093816631130063
6.0,2.0,49.0,0.1,0.1,0.4,3.0,472.0,0.0,0.0,0.2330508474576271
6.0,2.0,50.0,0.1,0.1,0.4,3.0,464.0,0.0,0.0,0.23922413793103448
6.0,2.0,51.0,0.1,0.1,0.4,3.0,470.0,0.0,0.0,0.23404255319148937
6.0,2.0,52.0,0.1,0.1,0.4,3.0,467.0,0.0,0.0,0.23768736616702354
6.0,3.0,1.0,0.1,0.1,0.4,3.0,472.0,0.0,0.0,0.2330508474576271
6.0,3.0,2.0,0.1,0.1,0.4,3.0,454.0,0.0,0.0,0.23788546255506607
6.0,3.0,3.0,0.1,0.1,0.4,3.0,454.0,0.0,0.0,0.2356828193832599
6.0,3.0,4.0,0.1,0.1,0.4,3.0,444.0,0.0,0.0,0.23873873873873874
6.0,3.0,5.0,0.1,0.1,0.4,3.0,451.0,0.0,0.0,0.23725055432372505
6.0,3.0,6.0,0.1,0.1,0.4,3.0,443.0,0.0,0.0,0.24153498871331827
6.0,3.0,7.0,0.1,0.1,0.4,3.0,437.0,0.0,0.0,0.2402745995423341
6.0,3.0,8.0,0.1,0.1,0.4,3.0,420.0,0.0,0.0,0.24285714285714285
6.0,3.0,9.0,0.1,0.1,0.4,3.0,424.0,0.0,0.0,0.23820754716981132
6.0,3.0,10.0,0.1,0.1,0.4,3.0,418.0,0.0,0.0,0.24162679425837322
6.0,3.0,11.0,0.1,0.1,0.4,3.0,423.0,0.0,0.0,0.24113475177304963
6.0,3.0,12.0,0.1,0.1,0.4,3.0,414.0,0.0,0.0,0.24154589371980675
6.0,3.0,13.0,0.1,0.1,0.4,3.0,417.0,0.0,0.0,0.23980815347721823
6.0,3.0,14.0,0.1,0.1,0.4,3.0,411.0,0.0,0.0,0.24330900243309003
6.0,3.0,15.0,0.1,0.1,0.4,3.0,414.0,0.0,0.0,0.24154589371980675
6.0,3.0,16.0,0.1,0.1,0.4,3.0,405.0,0.0,0.0,0.24444444444444444
6.0,3.0,17.0,0.1,0.1,0.4,3.0,412.0,0.0,0.0,0.2354368932038835
6.0,3.0,18.0,0.1,0.1,0.4,3.0,408.0,0.0,0.0,0.2426470588235294
6.0,3.0,19.0,0.1,0.1,0.4,3.0,413.0,0.0,0.0,0.23486682808716708
6.0,3.0,20.0,0.1,0.1,0.4,3.0,778.0,0.0,0.0,0.12596401028277635
6.0,3.0,21.0,0.1,0.1,0.4,3.0,759.0,0.0,0.0,0.12648221343873517
6.0,3.0,22.0,0.1,0.1,0.4,3.0,720.0,0.0,0.0,0.13055555555555556
6.0,3.0,23.0,0.1,0.1,0.4,3.0,716.0,0.0,0.0,0.12569832402234637
6.0,3.0,24.0,0.1,0.1,0.4,3.0,703.0,0.0,0.0,0.13229018492176386
6.0,3.0,25.0,0.1,0.1,0.4,3.0,679.0,0.0,0.0,0.13107511045655376
6.0,3.0,26.0,0.1,0.1,0.4,3.0,626.0,0.0,0.0,0.14217252396166133
6.0,3.0,27.0,0.1,0.1,0.4,3.0,607.0,0.0,0.0,0.1400329489291598
6.0,3.0,28.0,0.1,0.1,0.4,3.0,609.0,0.0,0.0,0.1412151067323481
6.0,3.0,29.0,0.1,0.1,0.4,3.0,572.0,0.0,0.0,0.14160839160839161
6.0,3.0,30.0,0.1,0.1,0.4,3.0,565.0,0.0,0.0,0.14513274336283186
6.0,3.0,31.0,0.1,0.1,0.4,3.0,542.0,0.0,0.0,0.14944649446494465
6.0,3.0,32.0,0.1,0.1,0.4,3.0,537.0,0.0,0.0,0.15083798882681565
6.0,3.0,33.0,0.1,0.1,0.4,3.0,516.0,0.0,0.0,0.14922480620155038
6.0,3.0,34.0,0.1,0.1,0.4,3.0,506.0,0.0,0.0,0.15217391304347827
6.0,3.0,35.0,0.1,0.1,0.4,3.0,488.0,0.0,0.0,0.14959016393442623
6.0,3.0,36.0,0.1,0.1,0.4,3.0,470.0,0.0,0.0,0.15319148936170213
6.0,3.0,37.0,0.1,0.1,0.4,3.0,452.0,0.0,0.0,0.14823008849557523
6.0,3.0,38.0,0.1,0.1,0.4,3.0,441.0,0.0,0.0,0.14965986394557823
6.0,3.0,39.0,0.1,0.1,0.4,3.0,430.0,0.0,0.0,0.1511627906976744
6.0,3.0,40.0,0.1,0.1,0.4,3.0,419.0,0.0,0.0,0.15035799522673032
6.0,3.0,41.0,0.1,0.1,0.4,3.0,412.0,0.0,0.0,0.15048543689320387
6.0,3.0,42.0,0.1,0.1,0.4,3.0,398.0,0.0,0.0,0.1507537688442211
6.0,3.0,43.0,0.1,0.1,0.4,3.0,393.0,0.0,0.0,0.15012722646310434
6.0,3.0,44.0,0.1,0.1,0.4,3.0,383.0,0.0,0.0,0.1514360313315927
6.0,3.0,45.0,0.1,0.1,0.4,3.0,382.0,0.0,0.0,0.22774869109947643
6.0,3.0,46.0,0.1,0.1,0.4,3.0,381.0,0.0,0.0,0.2283464566929134
6.0,3.0,47.0,0.1,0.1,0.4,3.0,375.0,0.0,0.0,0.22933333333333333
6.0,3.0,48.0,0.1,0.1,0.4,3.0,378.0,0.0,0.0,0.23015873015873015
6.0,3.0,49.0,0.1,0.1,0.4,3.0,371.0,0.0,0.0,0.23180592991913745
6.0,3.0,50.0,0.1,0.1,0.4,3.0,364.0,0.0,0.0,0.22527472527472528
6.0,3.0,51.0,0.1,0.1,0.4,3.0,355.0,0.0,0.0,0.22816901408450704
6.0,3.0,52.0,0.1,0.1,0.4,3.0,347.0,0.0,0.0,0.23054755043227665
6.0,4.0,1.0,0.1,0.1,0.4,3.0,342.0,0.0,0.0,0.2309941520467836
6.0,4.0,2.0,0.1,0.1,0.4,3.0,335.0,0.0,0.0,0.23880597014925373
6.0,4.0,3.0,0.1,0.1,0.4,3.0,332.0,0.0,0.0,0.23493975903614459
6.0,4.0,4.0,0.1,0.1,0.4,3.0,330.0,0.0,0.0,0.23636363636363636
6.0,4.0,5.0,0.1,0.1,0.4,3.0,334.0,0.0,0.0,0.23353293413173654
6.0,4.0,6.0,0.1,0.1,0.4,3.0,331.0,0.0,0.0,0.23867069486404835
6.0,4.0,7.0,0.1,0.1,0.4,3.0,329.0,0.0,0.0,0.23708206686930092
6.0,4.0,8.0,0.1,0.1,0.4,3.0,329.0,0.0,0.0,0.24012158054711247
6.0,4.0,9.0,0.1,0.1,0.4,3.0,326.0,0.0,0.0,0.2361963190184049
6.0,4.0,10.0,0.1,0.1,0.4,3.0,328.0,0.0,0.0,0.23780487804878048
6.0,4.0,11.0,0.1,0.1,0.4,3.0,325.0,0.0,0.0,0.24
6.0,4.0,12.0,0.1,0.1,0.4,3.0,321.0,0.0,0.0,0.2367601246105919
6.0,4.0,13.0,0.1,0.1,0.4,3.0,320.0,0.0,0.0,0.240625
6.0,4.0,14.0,0.1,0.1,0.4,3.0,318.0,0.0,0.0,0.2358490566037736
6.0,4.0,15.0,0.1,0.1,0.4,3.0,319.0,0.0,0.0,0.23197492163009403
6.0,4.0,16.0,0.1,0.1,0.4,3.0,317.0,0.0,0.0,0.2334384858044164
6.0,4.0,17.0,0.1,0.1,0.4,3.0,319.0,0.0,0.0,0.23197492163009403
6.0,4.0,18.0,0.1,0.1,0.4,3.0,317.0,0.0,0.0,0.2334384858044164
6.0,4.0,19.0,0.1,0.1,0.4,3.0,316.0,0.0,0.0,0.23417721518987342
6.0,4.0,20.0,0.1,0.1,0.4,3.0,622.0,0.0,0.0,0.1189710610932476
6.0,4.0,21.0,0.1,0.1,0.4,3.0,599.0,0.0,0.0,0.11853088480801335
6.0,4.0,22.0,0.1,0.1,0.4,3.0,590.0,0.0,0.0,0.11864406779661017
6.0,4.0,23.0,0.1,0.1,0.4,3.0,571.0,0.0,0.0,0.11733800350262696
6.0,4.0,24.0,0.1,0.1,0.4,3.0,524.0,0.0,0.0,0.12595419847328243
6.0,4.0,25.0,0.1,0.1,0.4,3.0,498.0,0.0,0.0,0.12449799196787148
6.0,4.0,26.0,0.1,0.1,0.4,3.0,463.0,0.0,0.0,0.13174946004319654
6.0,4.0,27.0,0.1,0.1,0.4,3.0,453.0,0.0,0.0,0.13245033112582782
6.0,4.0,28.0,0.1,0.1,0.4,3.0,441.0,0.0,0.0,0.13151927437641722
6.0,4.0,29.0,0.1,0.1,0.4,3.0,418.0,0.0,0.0,0.1291866028708134
6.0,4.0,30.0,0.1,0.1,0.4,3.0,417.0,0.0,0.0,0.1342925659472422
6.0,4.0,31.0,0.1,0.1,0.4,3.0,392.0,0.0,0.0,0.13520408163265307
6.0,4.0,32.0,0.1,0.1,0.4,3.0,378.0,0.0,0.0,0.14285714285714285
6.0,4.0,33.0,0.1,0.1,0.4,3.0,373.0,0.0,0.0,0.13941018766756033
6.0,4.0,34.0,0.1,0.1,0.4,3.0,370.0,0.0,0.0,0.14594594594594595
6.0,4.0,35.0,0.1,0.1,0.4,3.0,379.0,0.0,0.0,0.1345646437994723
6.0,4.0,36.0,0.1,0.1,0.4,3.0,361.0,0.0,0.0,0.1440443213296399
6.0,4.0,37.0,0.1,0.1,0.4,3.0,353.0,0.0,0.0,0.1359773371104816
6.0,4.0,38.0,0.1,0.1,0.4,3.0,337.0,0.0,0.0,0.14540059347181009
6.0,4.0,39.0,0.1,0.1,0.4,3.0,347.0,0.0,0.0,0.13544668587896252
6.0,4.0,40.0,0.1,0.1,0.4,3.0,311.0,0.0,0.0,0.14790996784565916
6.0,4.0,41.0,0.1,0.1,0.4,3.0,325.0,0.0,0.0,0.14153846153846153
6.0,4.0,42.0,0.1,0.1,0.4,3.0,291.0,0.0,0.0,0.14776632302405499
6.0,4.0,43.0,0.1,0.1,0.4,3.0,301.0,0.0,0.0,0.13953488372093023
6.0,4.0,44.0,0.1,0.1,0.4,3.0,278.0,0.0,0.0,0.1474820143884892
6.0,4.0,45.0,0.1,0.1,0.4,3.0,289.0,0.0,0.0,0.23183391003460208
6.0,4.0,46.0,0.1,0.1,0.4,3.0,273.0,0.0,0.0,0.23809523809523808
6.0,4.0,47.0,0.1,0.1,0.4,3.0,284.0,0.0,0.0,0.22535211267605634
6.0,4.0,48.0,0.1,0.1,0.4,3.0,270.0,0.0,0.0,0.24074074074074073
6.0,4.0,49.0,0.1,0.1,0.4,3.0,279.0,0.0,0.0,0.23297491039426524
6.0,4.0,50.0,0.1,0.1,0.4,3.0,268.0,0.0,0.0,0.23880597014925373
6.0,4.0,51.0,0.1,0.1,0.4,3.0,274.0,0.0,0.0,0.23357664233576642
6.0,4.0,52.0,0.1,0.1,0.4,3.0,265.0,0.0,0.0,0.23773584905660378
6.0,5.0,1.0,0.1,0.1,0.4,3.0,259.0,0.0,0.0,0.2277992277992278
6.0,5.0,2.0,0.1,0.1,0.4,3.0,240.0,0.0,0.0,0.22916666666666666
6.0,5.0,3.0,0.1,0.1,0.4,3.0,251.0,0.0,0.0,0.22709163346613545
6.0,5.0,4.0,0.1,0.1,0.4,3.0,240.0,0.0,0.0,0.23333333333333334
6.0,5.0,5.0,0.1,0.1,0.4,3.0,247.0,0.0,0.0,0.23076923076923078
6.0,5.0,6.0,0.1,0.1,0.4,3.0,242.0,0.0,0.0,0.23140495867768596
6.0,5.0,7.0,0.1,0.1,0.4,3.0,247.0,0.0,0.0,0.22672064777327935
6.0,5.0,8.0,0.1,0.1,0.4,3.0,241.0,0.0,0.0,0.21991701244813278
6.0,5.0,9.0,0.1,0.1,0.4,3.0,245.0,0.0,0.0,0.22448979591836735
6.0,5.0,10.0,0.1,0.1,0.4,3.0,240.0,0.0,0.0,0.22083333333333333
6.0,5.0,11.0,0.1,0.1,0.4,3.0,244.0,0.0,0.0,0.22540983606557377
6.0,5.0,12.0,0.1,0.1,0.4,3.0,240.0,0.0,0.0,0.22083333333333333
6.0,5.0,13.0,0.1,0.1,0.4,3.0,245.0,0.0,0.0,0.22448979591836735
6.0,5.0,14.0,0.1,0.1,0.4,3.0,239.0,0.0,0.0,0.2217573221757322
6.0,5.0,15.0,0.1,0.1,0.4,3.0,245.0,0.0,0.0,0.22448979591836735
6.0,5.0,16.0,0.1,0.1,0.4,3.0,238.0,0.0,0.0,0.22268907563025211
6.0,5.0,17.0,0.1,0.1,0.4,3.0,244.0,0.0,0.0,0.22540983606557377
6.0,5.0,18.0,0.1,0.1,0.4,3.0,238.0,0.0,0.0,0.2184873949579832
6.0,5.0,19.0,0.1,0.1,0.4,3.0,244.0,0.0,0.0,0.22131147540983606
6.0,5.0,20.0,0.1,0.1,0.4,3.0,409.0,0.0,0.0,0.1271393643031785
6.0,5.0,21.0,0.1,0.1,0.4,3.0,365.0,0.0,0.0,0.136986301369863
6.0,5.0,22.0,0.1,0.1,0.4,3.0,351.0,0.0,0.0,0.1396011396011396
6.0,5.0,23.0,0.1,0.1,0.4,3.0,334.0,0.0,0.0,0.1437125748502994
6.0,5.0,24.0,0.1,0.1,0.4,3.0,315.0,0.0,0.0,0.1492063492063492
6.0,5.0,25.0,0.1,0.1,0.4,3.0,314.0,0.0,0.0,0.15286624203821655
6.0,5.0,26.0,0.1,0.1,0.4,3.0,299.0,0.0,0.0,0.15384615384615385
6.0,5.0,27.0,0.1,0.1,0.4,3.0,296.0,0.0,0.0,0.1554054054054054
6.0,5.0,28.0,0.1,0.1,0.4,3.0,263.0,0.0,0.0,0.17110266159695817
6.0,5.0,29.0,0.1,0.1,0.4,3.0,255.0,0.0,0.0,0.17647058823529413
6.0,5.0,30.0,0.1,0.1,0.4,3.0,245.0,0.0,0.0,0.17959183673469387
6.0,5.0,31.0,0.1,0.1,0.4,3.0,246.0,0.0,0.0,0.17886178861788618
6.0,5.0,32.0,0.1,0.1,0.4,3.0,238.0,0.0,0.0,0.18067226890756302
6.0,5.0,33.0,0.1,0.1,0.4,3.0,245.0,0.0,0.0,0.17959183673469387
6.0,5.0,34.0,0.1,0.1,0.4,3.0,238.0,0.0,0.0,0.18067226890756302
6.0,5.0,35.0,0.1,0.1,0.4,3.0,246.0,0.0,0.0,0.18292682926829268
6.0,5.0,36.0,0.1,0.1,0.4,3.0,237.0,0.0,0.0,0.17721518987341772
6.0,5.0,37.0,0.1,0.1,0.4,3.0,246.0,0.0,0.0,0.18292682926829268
6.0,5.0,38.0,0.1,0.1,0.4,3.0,237.0,0.0,0.0,0.17721518987341772
6.0,5.0,39.0,0.1,0.1,0.4,3.0,236.0,0.0,0.0,0.1864406779661017
6.0,5.0,40.0,0.1,0.1,0.4,3.0,226.0,0.0,0.0,0.17699115044247787
6.0,5.0,41.0,0.1,0.1,0.4,3.0,225.0,0.0,0.0,0.18666666666666668
6.0,5.0,42.0,0.1,0.1,0.4,3.0,209.0,0.0,0.0,0.18181818181818182
6.0,5.0,43.0,0.1,0.1,0.4,3.0,217.0,0.0,0.0,0.18433179723502305
6.0,5.0,44.0,0.1,0.1,0.4,3.0,207.0,0.0,0.0,0.18357487922705315
6.0,5.0,45.0,0.1,0.1,0.4,3.0,216.0,0.0,0.0,0.25462962962962965
6.0,5.0,46.0,0.1,0.1,0.4,3.0,206.0,0.0,0.0,0.24757281553398058
6.0,5.0,47.0,0.1,0.1,0.4,3.0,214.0,0.0,0.0,0.2523364485981308
6.0,5.0,48.0,0.1,0.1,0.4,3.0,204.0,0.0,0.0,0.24019607843137256
6.0,5.0,49.0,0.1,0.1,0.4,3.0,213.0,0.0,0.0,0.24882629107981222
6.0,5.0,50.0,0.1,0.1,0.4,3.0,202.0,0.0,0.0,0.24257425742574257
6.0,5.0,51.0,0.1,0.1,0.4,3.0,211.0,0.0,0.0,0.24644549763033174
6.0,5.0,52.0,0.1,0.1,0.4,3.0,190.0,0.0,0.0,0.24210526315789474
6.0,6.0,1.0,0.1,0.1,0.4,3.0,198.0,0.0,0.0,0.2474747474747475
6.0,6.0,2.0,0.1,0.1,0.4,3.0,190.0,0.0,0.0,0.24210526315789474
6.0,6.0,3.0,0.1,0.1,0.4,3.0,197.0,0.0,0.0,0.24873096446700507
6.0,6.0,4.0,0.1,0.1,0.4,3.0,188.0,0.0,0.0,0.24468085106382978
6.0,6.0,5.0,0.1,0.1,0.4,3.0,195.0,0.0,0.0,0.2512820512820513
6.0,6.0,6.0,0.1,0.1,0.4,3.0,187.0,0.0,0.0,0.24598930481283424
6.0,6.0,7.0,0.1,0.1,0.4,3.0,194.0,0.0,0.0,0.25257731958762886
6.0,6.0,8.0,0.1,0.1,0.4,3.0,187.0,0.0,0.0,0.25133689839572193
6.0,6.0,9.0,0.1,0.1,0.4,3.0,192.0,0.0,0.0,0.25
6.0,6.0,10.0,0.1,0.1,0.4,3.0,186.0,0.0,0.0,0.25268817204301075
6.0,6.0,11.0,0.1,0.1,0.4,3.0,190.0,0.0,0.0,0.25263157894736843
6.0,6.0,12.0,0.1,0.1,0.4,3.0,184.0,0.0,0.0,0.2554347826086957
6.0,6.0,13.0,0.1,0.1,0.4,3.0,191.0,0.0,0.0,0.2513089005235602
6.0,6.0,14.0,0.1,0.1,0.4,3.0,184.0,0.0,0.0,0.2554347826086957
6.0,6.0,15.0,0.1,0.1,0.4,3.0,190.0,0.0,0.0,0.25263157894736843
6.0,6.0,16.0,0.1,0.1,0.4,3.0,184.0,0.0,0.0,0.2554347826086957
6.0,6.0,17.0,0.1,0.1,0.4,3.0,189.0,0.0,0.0,0.25396825396825395
6.0,6.0,18.0,0.1,0.1,0.4,3.0,182.0,0.0,0.0,0.25824175824175827
6.0,6.0,19.0,0.1,0.1,0.4,3.0,184.0,0.0,0.0,0.2608695652173913
6.0,6.0,20.0,0.1,0.1,0.4,3.0,339.0,0.0,0.0,0.13864306784660768
6.0,6.0,21.0,0.1,0.1,0.4,3.0,326.0,0.0,0.0,0.1411042944785276
6.0,6.0,22.0,0.1,0.1,0.4,3.0,305.0,0.0,0.0,0.14426229508196722
6.0,6.0,23.0,0.1,0.1,0.4,3.0,308.0,0.0,0.0,0.1461038961038961
6.0,6.0,24.0,0.1,0.1,0.4,3.0,301.0,0.0,0.0,0.1461794019933555
6.0,6.0,25.0,0.1,0.1,0.4,3.0,308.0,0.0,0.0,0.1461038961038961
6.0,6.0,26.0,0.1,0.1,0.4,3.0,290.0,0.0,0.0,0.15172413793103448
6.0,6.0,27.0,0.1,0.1,0.4,3.0,294.0,0.0,0.0,0.15306122448979592
6.0,6.0,28.0,0.1,0.1,0.4,3.0,281.0,0.0,0.0,0.15658362989323843
6.0,6.0,29.0,0.1,0.1,0.4,3.0,284.0,0.0,0.0,0.15492957746478872
6.0,6.0,30.0,0.1,0.1,0.4,3.0,271.0,0.0,0.0,0.15498154981549817
6.0,6.0,31.0,0.1,0.1,0.4,3.0,266.0,0.0,0.0,0.16541353383458646
6.0,6.0,32.0,0.1,0.1,0.4,3.0,257.0,0.0,0.0,0.15953307392996108
6.0,6.0,33.0,0.1,0.1,0.4,3.0,256.0,0.0,0.0,0.16796875
6.0,6.0,34.0,0.1,0.1,0.4,3.0,245.0,0.0,0.0,0.1673469387755102
6.0,6.0,35.0,0.1,0.1,0.4,3.0,248.0,0.0,0.0,0.17338709677419356
6.0,6.0,36.0,0.1,0.1,0.4,3.0,245.0,0.0,0.0,0.1673469387755102
6.0,6.0,37.0,0.1,0.1,0.4,3.0,251.0,0.0,0.0,0.16733067729083664
6.0,6.0,38.0,0.1,0.1,0.4,3.0,245.0,0.0,0.0,0.1673469387755102
6.0,6.0,39.0,0.1,0.1,0.4,3.0,241.0,0.0,0.0,0.17012448132780084
6.0,6.0,40.0,0.1,0.1,0.4,3.0,235.0,0.0,0.0,0.1702127659574468
6.0,6.0,41.0,0.1,0.1,0.4,3.0,224.0,0.0,0.0,0.17857142857142858
6.0,6.0,42.0,0.1,0.1,0.4,3.0,213.0,0.0,0.0,0.1784037558685446
6.0,6.0,43.0,0.1,0.1,0.4,3.0,201.0,0.0,0.0,0.18407960199004975
6.0,6.0,44.0,0.1,0.1,0.4,3.0,193.0,0.0,0.0,0.18652849740932642
6.0,6.0,45.0,0.1,0.1,0.4,3.0,194.0,0.0,0.0,0.2422680412371134
6.0,6.0,46.0,0.1,0.1,0.4,3.0,193.0,0.0,0.0,0.23316062176165803
6.0,6.0,47.0,0.1,0.1,0.4,3.0,198.0,0.0,0.0,0.24242424242424243
6.0,6.0,48.0,0.1,0.1,0.4,3.0,193.0,0.0,0.0,0.23316062176165803
6.0,6.0,49.0,0.1,0.1,0.4,3.0,198.0,0.0,0.0,0.24242424242424243
6.0,6.0,50.0,0.1,0.1,0.4,3.0,196.0,0.0,0.0,0.23469387755102042
6.0,6.0,51.0,0.1,0.1,0.4,3.0,196.0,0.0,0.0,0.24489795918367346
6.0,6.0,52.0,0.1,0.1,0.4,3.0,196.0,0.0,0.0,0.23469387755102042
6.0,7.0,1.0,0.1,0.1,0.4,3.0,195.0,0.0,0.0,0.24615384615384617
6.0,7.0,2.0,0.1,0.1,0.4,3.0,197.0,0.0,0.0,0.233502538071066
6.0,7.0,3.0,0.1,0.1,0.4,3.0,195.0,0.0,0.0,0.24615384615384617
6.0,7.0,4.0,0.1,0.1,0.4,3.0,195.0,0.0,0.0,0.2358974358974359
6.0,7.0,5.0,0.1,0.1,0.4,3.0,193.0,0.0,0.0,0.24870466321243523
6.0,7.0,6.0,0.1,0.1,0.4,3.0,194.0,0.0,0.0,0.23195876288659795
6.0,7.0,7.0,0.1,0.1,0.4,3.0,184.0,0.0,0.0,0.25
6.0,7.0,8.0,0.1,0.1,0.4,3.0,184.0,0.0,0.0,0.23369565217391305
6.0,7.0,9.0,0.1,0.1,0.4,3.0,183.0,0.0,0.0,0.2459016393442623
6.0,7.0,10.0,0.1,0.1,0.4,3.0,184.0,0.0,0.0,0.23369565217391305
6.0,7.0,11.0,0.1,0.1,0.4,3.0,181.0,0.0,0.0,0.23756906077348067
6.0,7.0,12.0,0.1,0.1,0.4,3.0,183.0,0.0,0.0,0.22950819672131148
6.0,7.0,13.0,0.1,0.1,0.4,3.0,182.0,0.0,0.0,0.24175824175824176
6.0,7.0,14.0,0.1,0.1,0.4,3.0,182.0,0.0,0.0,0.22527472527472528
6.0,7.0,15.0,0.1,0.1,0.4,3.0,180.0,0.0,0.0,0.2388888888888889
6.0,7.0,16.0,0.1,0.1,0.4,3.0,181.0,0.0,0.0,0.2265193370165746
6.0,7.0,17.0,0.1,0.1,0.4,3.0,180.0,0.0,0.0,0.2388888888888889
6.0,7.0,18.0,0.1,0.1,0.4,3.0,182.0,0.0,0.0,0.22527472527472528
6.0,7.0,19.0,0.1,0.1,0.4,3.0,180.0,0.0,0.0,0.2388888888888889
6.0,7.0,20.0,0.1,0.1,0.4,3.0,293.0,0.0,0.0,0.13993174061433447
6.0,7.0,21.0,0.1,0.1,0.4,3.0,293.0,0.0,0.0,0.13993174061433447
6.0,7.0,22.0,0.1,0.1,0.4,3.0,271.0,0.0,0.0,0.14022140221402213
6.0,7.0,23.0,0.1,0.1,0.4,3.0,281.0,0.0,0.0,0.1423487544483986
6.0,7.0,24.0,0.1,0.1,0.4,3.0,271.0,0.0,0.0,0.14022140221402213
6.0,7.0,25.0,0.1,0.1,0.4,3.0,280.0,0.0,0.0,0.1392857142857143
6.0,7.0,26.0,0.1,0.1,0.4,3.0,270.0,0.0,0.0,0.13703703703703704
6.0,7.0,27.0,0.1,0.1,0.4,3.0,264.0,0.0,0.0,0.14393939393939395
6.0,7.0,28.0,0.1,0.1,0.4,3.0,260.0,0.0,0.0,0.13846153846153847
6.0,7.0,29.0,0.1,0.1,0.4,3.0,249.0,0.0,0.0,0.14859437751004015
6.0,7.0,30.0,0.1,0.1,0.4,3.0,239.0,0.0,0.0,0.14644351464435146
6.0,7.0,31.0,0.1,0.1,0.4,3.0,249.0,0.0,0.0,0.14859437751004015
6.0,7.0,32.0,0.1,0.1,0.4,3.0,238.0,0.0,0.0,0.14285714285714285
6.0,7.0,33.0,0.1,0.1,0.4,3.0,241.0,0.0,0.0,0.14937759336099585
6.0,7.0,34.0,0.1,0.1,0.4,3.0,238.0,0.0,0.0,0.14285714285714285
6.0,7.0,35.0,0.1,0.1,0.4,3.0,241.0,0.0,0.0,0.14937759336099585
6.0,7.0,36.0,0.1,0.1,0.4,3.0,243.0,0.0,0.0,0.13991769547325103
6.0,7.0,37.0,0.1,0.1,0.4,3.0,240.0,0.0,0.0,0.15
6.0,7.0,38.0,0.1,0.1,0.4,3.0,243.0,0.0,0.0,0.13991769547325103
6.0,7.0,39.0,0.1,0.1,0.4,3.0,240.0,0.0,0.0,0.15
6.0,7.0,40.0,0.1,0.1,0.4,3.0,234.0,0.0,0.0,0.14102564102564102
6.0,7.0,41.0,0.1,0.1,0.4,3.0,229.0,0.0,0.0,0.15283842794759825
6.0,7.0,42.0,0.1,0.1,0.4,3.0,227.0,0.0,0.0,0.14977973568281938
6.0,7.0,43.0,0.1,0.1,0.4,3.0,227.0,0.0,0.0,0.14977973568281938
6.0,7.0,44.0,0.1,0.1,0.4,3.0,216.0,0.0,0.0,0.1527777777777778
6.0,7.0,45.0,0.1,0.1,0.4,3.0,210.0,0.0,0.0,0.24285714285714285
6.0,7.0,46.0,0.1,0.1,0.4,3.0,197.0,0.0,0.0,0.25380710659898476
6.0,7.0,47.0,0.1,0.1,0.4,3.0,198.0,0.0,0.0,0.2474747474747475
6.0,7.0,48.0,0.1,0.1,0.4,3.0,194.0,0.0,0.0,0.2422680412371134
6.0,7.0,49.0,0.1,0.1,0.4,3.0,197.0,0.0,0.0,0.23857868020304568
6.0,7.0,50.0,0.1,0.1,0.4,3.0,194.0,0.0,0.0,0.24742268041237114
6.0,7.0,51.0,0.1,0.1,0.4,3.0,194.0,0.0,0.0,0.23711340206185566
6.0,7.0,52.0,0.1,0.1,0.4,3.0,197.0,0.0,0.0,0.23857868020304568
6.0,8.0,1.0,0.1,0.1,0.4,3.0,193.0,0.0,0.0,0.23834196891191708
6.0,8.0,2.0,0.1,0.1,0.4,3.0,196.0,0.0,0.0,0.23979591836734693
6.0,8.0,3.0,0.1,0.1,0.4,3.0,193.0,0.0,0.0,0.23834196891191708
6.0,8.0,4.0,0.1,0.1,0.4,3.0,197.0,0.0,0.0,0.23857868020304568
6.0,8.0,5.0,0.1,0.1,0.4,3.0,191.0,0.0,0.0,0.24083769633507854
6.0,8.0,6.0,0.1,0.1,0.4,3.0,198.0,0.0,0.0,0.24242424242424243
6.0,8.0,7.0,0.1,0.1,0.4,3.0,193.0,0.0,0.0,0.23834196891191708
6.0,8.0,8.0,0.1,0.1,0.4,3.0,198.0,0.0,0.0,0.24242424242424243
6.0,8.0,9.0,0.1,0.1,0.4,3.0,193.0,0.0,0.0,0.23834196891191708
6.0,8.0,10.0,0.1,0.1,0.4,3.0,194.0,0.0,0.0,0.24742268041237114
6.0,8.0,11.0,0.1,0.1,0.4,3.0,190.0,0.0,0.0,0.24736842105263157
6.0,8.0,12.0,0.1,0.1,0.4,3.0,195.0,0.0,0.0,0.24615384615384617
6.0,8.0,13.0,0.1,0.1,0.4,3.0,193.0,0.0,0.0,0.24352331606217617
6.0,8.0,14.0,0.1,0.1,0.4,3.0,195.0,0.0,0.0,0.24615384615384617
6.0,8.0,15.0,0.1,0.1,0.4,3.0,194.0,0.0,0.0,0.2422680412371134
6.0,8.0,16.0,0.1,0.1,0.4,3.0,193.0,0.0,0.0,0.24352331606217617
6.0,8.0,17.0,0.1,0.1,0.4,3.0,193.0,0.0,0.0,0.24352331606217617
6.0,8.0,18.0,0.1,0.1,0.4,3.0,194.0,0.0,0.0,0.2422680412371134
6.0,8.0,19.0,0.1,0.1,0.4,3.0,193.0,0.0,0.0,0.24352331606217617
6.0,8.0,20.0,0.1,0.1,0.4,3.0,351.0,0.0,0.0,0.1339031339031339
6.0,8.0,21.0,0.1,0.1,0.4,3.0,359.0,0.0,0.0,0.1309192200557103
6.0,8.0,22.0,0.1,0.1,0.4,3.0,332.0,0.0,0.0,0.14156626506024098
6.0,8.0,23.0,0.1,0.1,0.4,3.0,326.0,0.0,0.0,0.1441717791411043
6.0,8.0,24.0,0.1,0.1,0.4,3.0,299.0,0.0,0.0,0.1505016722408027
6.0,8.0,25.0,0.1,0.1,0.4,3.0,289.0,0.0,0.0,0.1453287197231834
6.0,8.0,26.0,0.1,0.1,0.4,3.0,265.0,0.0,0.0,0.15849056603773584
6.0,8.0,27.0,0.1,0.1,0.4,3.0,258.0,0.0,0.0,0.15891472868217055
6.0,8.0,28.0,0.1,0.1,0.4,3.0,265.0,0.0,0.0,0.15849056603773584
6.0,8.0,29.0,0.1,0.1,0.4,3.0,258.0,0.0,0.0,0.15891472868217055
6.0,8.0,30.0,0.1,0.1,0.4,3.0,265.0,0.0,0.0,0.15849056603773584
6.0,8.0,31.0,0.1,0.1,0.4,3.0,258.0,0.0,0.0,0.15891472868217055
6.0,8.0,32.0,0.1,0.1,0.4,3.0,243.0,0.0,0.0,0.16872427983539096
6.0,8.0,33.0,0.1,0.1,0.4,3.0,238.0,0.0,0.0,0.16806722689075632
6.0,8.0,34.0,0.1,0.1,0.4,3.0,235.0,0.0,0.0,0.17446808510638298
6.0,8.0,35.0,0.1,0.1,0.4,3.0,230.0,0.0,0.0,0.17391304347826086
6.0,8.0,36.0,0.1,0.1,0.4,3.0,232.0,0.0,0.0,0.17672413793103448
6.0,8.0,37.0,0.1,0.1,0.4,3.0,230.0,0.0,0.0,0.17391304347826086
6.0,8.0,38.0,0.1,0.1,0.4,3.0,236.0,0.0,0.0,0.17372881355932204
6.0,8.0,39.0,0.1,0.1,0.4,3.0,231.0,0.0,0.0,0.17316017316017315
6.0,8.0,40.0,0.1,0.1,0.4,3.0,236.0,0.0,0.0,0.17372881355932204
6.0,8.0,41.0,0.1,0.1,0.4,3.0,228.0,0.0,0.0,0.17105263157894737
6.0,8.0,42.0,0.1,0.1,0.4,3.0,236.0,0.0,0.0,0.17372881355932204
6.0,8.0,43.0,0.1,0.1,0.4,3.0,229.0,0.0,0.0,0.17467248908296942
6.0,8.0,44.0,0.1,0.1,0.4,3.0,232.0,0.0,0.0,0.1724137931034483
6.0,8.0,45.0,0.1,0.1,0.4,3.0,218.0,0.0,0.0,0.26605504587155965
6.0,8.0,46.0,0.1,0.1,0.4,3.0,222.0,0.0,0.0,0.26576576576576577
6.0,8.0,47.0,0.1,0.1,0.4,3.0,218.0,0.0,0.0,0.26605504587155965
6.0,8.0,48.0,0.1,0.1,0.4,3.0,224.0,0.0,0.0,0.25892857142857145
6.0,8.0,49.0,0.1,0.1,0.4,3.0,217.0,0.0,0.0,0.2672811059907834
6.0,8.0,50.0,0.1,0.1,0.4,3.0,223.0,0.0,0.0,0.2645739910313901
6.0,8.0,51.0,0.1,0.1,0.4,3.0,219.0,0.0,0.0,0.2602739726027397
6.0,8.0,52.0,0.1,0.1,0.4,3.0,219.0,0.0,0.0,0.2694063926940639
6.0,9.0,1.0,0.1,0.1,0.4,3.0,218.0,0.0,0.0,0.26605504587155965
6.0,9.0,2.0,0.1,0.1,0.4,3.0,215.0,0.0,0.0,0.2651162790697674
6.0,9.0,3.0,0.1,0.1,0.4,3.0,215.0,0.0,0.0,0.2744186046511628
6.0,9.0,4.0,0.1,0.1,0.4,3.0,213.0,0.0,0.0,0.26291079812206575
6.0,9.0,5.0,0.1,0.1,0.4,3.0,214.0,0.0,0.0,0.27102803738317754
6.0,9.0,6.0,0.1,0.1,0.4,3.0,213.0,0.0,0.0,0.2676056338028169
6.0,9.0,7.0,0.1,0.1,0.4,3.0,214.0,0.0,0.0,0.26635514018691586
6.0,9.0,8.0,0.1,0.1,0.4,3.0,212.0,0.0,0.0,0.2688679245283019
6.0,9.0,9.0,0.1,0.1,0.4,3.0,213.0,0.0,0.0,0.2676056338028169
6.0,9.0,10.0,0.1,0.1,0.4,3.0,212.0,0.0,0.0,0.2688679245283019
6.0,9.0,11.0,0.1,0.1,0.4,3.0,212.0,0.0,0.0,0.2688679245283019
6.0,9.0,12.0,0.1,0.1,0.4,3.0,201.0,0.0,0.0,0.2885572139303483
6.0,9.0,13.0,0.1,0.1,0.4,3.0,200.0,0.0,0.0,0.28
6.0,9.0,14.0,0.1,0.1,0.4,3.0,199.0,0.0,0.0,0.2914572864321608
6.0,9.0,15.0,0.1,0.1,0.4,3.0,198.0,0.0,0.0,0.2828282828282828
6.0,9.0,16.0,0.1,0.1,0.4,3.0,199.0,0.0,0.0,0.2914572864321608
6.0,9.0,17.0,0.1,0.1,0.4,3.0,198.0,0.0,0.0,0.2828282828282828
6.0,9.0,18.0,0.1,0.1,0.4,3.0,199.0,0.0,0.0,0.2914572864321608
6.0,9.0,19.0,0.1,0.1,0.4,3.0,198.0,0.0,0.0,0.2828282828282828
6.0,9.0,20.0,0.1,0.1,0.4,3.0,305.0,0.0,0.0,0.14754098360655737
6.0,9.0,21.0,0.1,0.1,0.4,3.0,259.0,0.0,0.0,0.1583011583011583
6.0,9.0,22.0,0.1,0.1,0.4,3.0,257.0,0.0,0.0,0.16731517509727625
6.0,9.0,23.0,0.1,0.1,0.4,3.0,224.0,0.0,0.0,0.16964285714285715
6.0,9.0,24.0,0.1,0.1,0.4,3.0,230.0,0.0,0.0,0.17391304347826086
6.0,9.0,25.0,0.1,0.1,0.4,3.0,216.0,0.0,0.0,0.17592592592592593
6.0,9.0,26.0,0.1,0.1,0.4,3.0,214.0,0.0,0.0,0.18691588785046728
6.0,9.0,27.0,0.1,0.1,0.4,3.0,209.0,0.0,0.0,0.18660287081339713
6.0,9.0,28.0,0.1,0.1,0.4,3.0,204.0,0.0,0.0,0.18627450980392157
6.0,9.0,29.0,0.1,0.1,0.4,3.0,198.0,0.0,0.0,0.18181818181818182
6.0,9.0,30.0,0.1,0.1,0.4,3.0,205.0,0.0,0.0,0.18536585365853658
6.0,9.0,31.0,0.1,0.1,0.4,3.0,197.0,0.0,0.0,0.18274111675126903
6.0,9.0,32.0,0.1,0.1,0.4,3.0,205.0,0.0,0.0,0.18536585365853658
6.0,9.0,33.0,0.1,0.1,0.4,3.0,197.0,0.0,0.0,0.18274111675126903
6.0,9.0,34.0,0.1,0.1,0.4,3.0,205.0,0.0,0.0,0.18536585365853658
6.0,9.0,35.0,0.1,0.1,0.4,3.0,188.0,0.0,0.0,0.19148936170212766
6.0,9.0,36.0,0.1,0.1,0.4,3.0,196.0,0.0,0.0,0.19387755102040816
6.0,9.0,37.0,0.1,0.1,0.4,3.0,188.0,0.0,0.0,0.19148936170212766
6.0,9.0,38.0,0.1,0.1,0.4,3.0,196.0,0.0,0.0,0.19387755102040816
6.0,9.0,39.0,0.1,0.1,0.4,3.0,188.0,0.0,0.0,0.19148936170212766
6.0,9.0,40.0,0.1,0.1,0.4,3.0,186.0,0.0,0.0,0.1935483870967742
6.0,9.0,41.0,0.1,0.1,0.4,3.0,177.0,0.0,0.0,0.1977401129943503
6.0,9.0,42.0,0.1,0.1,0.4,3.0,184.0,0.0,0.0,0.1956521739130435
6.0,9.0,43.0,0.1,0.1,0.4,3.0,177.0,0.0,0.0,0.192090395480226
6.0,9.0,44.0,0.1,0.1,0.4,3.0,175.0,0.0,0.0,0.2057142857142857
6.0,9.0,45.0,0.1,0.1,0.4,3.0,169.0,0.0,0.0,0.27218934911242604
6.0,9.0,46.0,0.1,0.1,0.4,3.0,173.0,0.0,0.0,0.2832369942196532
6.0,9.0,47.0,0.1,0.1,0.4,3.0,168.0,0.0,0.0,0.27976190476190477
6.0,9.0,48.0,0.1,0.1,0.4,3.0,173.0,0.0,0.0,0.2774566473988439
6.0,9.0,49.0,0.1,0.1,0.4,3.0,168.0,0.0,0.0,0.27976190476190477
6.0,9.0,50.0,0.1,0.1,0.4,3.0,173.0,0.0,0.0,0.2774566473988439
6.0,9.0,51.0,0.1,0.1,0.4,3.0,167.0,0.0,0.0,0.2874251497005988
6.0,9.0,52.0,0.1,0.1,0.4,3.0,170.0,0.0,0.0,0.2823529411764706
6.0,10.0,1.0,0.1,0.1,0.4,3.0,163.0,0.0,0.0,0.2883435582822086
6.0,10.0,2.0,0.1,0.1,0.4,3.0,168.0,0.0,0.0,0.2916666666666667
6.0,10.0,3.0,0.1,0.1,0.4,3.0,162.0,0.0,0.0,0.29012345679012347
6.0,10.0,4.0,0.1,0.1,0.4,3.0,168.0,0.0,0.0,0.2857142857142857
6.0,10.0,5.0,0.1,0.1,0.4,3.0,162.0,0.0,0.0,0.29012345679012347
6.0,10.0,6.0,0.1,0.1,0.4,3.0,169.0,0.0,0.0,0.28994082840236685
6.0,10.0,7.0,0.1,0.1,0.4,3.0,162.0,0.0,0.0,0.29012345679012347
6.0,10.0,8.0,0.1,0.1,0.4,3.0,168.0,0.0,0.0,0.2857142857142857
6.0,10.0,9.0,0.1,0.1,0.4,3.0,162.0,0.0,0.0,0.29012345679012347
6.0,10.0,10.0,0.1,0.1,0.4,3.0,168.0,0.0,0.0,0.2857142857142857
6.0,10.0,11.0,0.1,0.1,0.4,3.0,163.0,0.0,0.0,0.2883435582822086
6.0,10.0,12.0,0.1,0.1,0.4,3.0,166.0,0.0,0.0,0.2891566265060241
6.0,10.0,13.0,0.1,0.1,0.4,3.0,162.0,0.0,0.0,0.29012345679012347
6.0,10.0,14.0,0.1,0.1,0.4,3.0,167.0,0.0,0.0,0.2874251497005988
6.0,10.0,15.0,0.1,0.1,0.4,3.0,162.0,0.0,0.0,0.29012345679012347
6.0,10.0,16.0,0.1,0.1,0.4,3.0,168.0,0.0,0.0,0.2857142857142857
6.0,10.0,17.0,0.1,0.1,0.4,3.0,162.0,0.0,0.0,0.29012345679012347
6.0,10.0,18.0,0.1,0.1,0.4,3.0,168.0,0.0,0.0,0.2857142857142857
6.0,10.0,19.0,0.1,0.1,0.4,3.0,162.0,0.0,0.0,0.29012345679012347
6.0,10.0,20.0,0.1,0.1,0.4,3.0,284.0,0.0,0.0,0.14788732394366197
6.0,10.0,21.0,0.1,0.1,0.4,3.0,273.0,0.0,0.0,0.14652014652014653
6.0,10.0,22.0,0.1,0.1,0.4,3.0,274.0,0.0,0.0,0.15328467153284672
6.0,10.0,23.0,0.1,0.1,0.4,3.0,251.0,0.0,0.0,0.1553784860557769
6.0,10.0,24.0,0.1,0.1,0.4,3.0,252.0,0.0,0.0,0.15873015873015872
6.0,10.0,25.0,0.1,0.1,0.4,3.0,234.0,0.0,0.0,0.1581196581196581
6.0,10.0,26.0,0.1,0.1,0.4,3.0,243.0,0.0,0.0,0.1646090534979424
6.0,10.0,27.0,0.1,0.1,0.4,3.0,223.0,0.0,0.0,0.16143497757847533
6.0,10.0,28.0,0.1,0.1,0.4,3.0,215.0,0.0,0.0,0.1813953488372093
6.0,10.0,29.0,0.1,0.1,0.4,3.0,205.0,0.0,0.0,0.17073170731707318
6.0,10.0,30.0,0.1,0.1,0.4,3.0,209.0,0.0,0.0,0.18660287081339713
6.0,10.0,31.0,0.1,0.1,0.4,3.0,205.0,0.0,0.0,0.17073170731707318
6.0,10.0,32.0,0.1,0.1,0.4,3.0,216.0,0.0,0.0,0.18055555555555555
6.0,10.0,33.0,0.1,0.1,0.4,3.0,204.0,0.0,0.0,0.1715686274509804
6.0,10.0,34.0,0.1,0.1,0.4,3.0,217.0,0.0,0.0,0.17972350230414746
6.0,10.0,35.0,0.1,0.1,0.4,3.0,205.0,0.0,0.0,0.17560975609756097
6.0,10.0,36.0,0.1,0.1,0.4,3.0,206.0,0.0,0.0,0.18446601941747573
6.0,10.0,37.0,0.1,0.1,0.4,3.0,191.0,0.0,0.0,0.18324607329842932
6.0,10.0,38.0,0.1,0.1,0.4,3.0,194.0,0.0,0.0,0.19072164948453607
6.0,10.0,39.0,0.1,0.1,0.4,3.0,191.0,0.0,0.0,0.18324607329842932
6.0,10.0,40.0,0.1,0.1,0.4,3.0,196.0,0.0,0.0,0.19387755102040816
6.0,10.0,41.0,0.1,0.1,0.4,3.0,189.0,0.0,0.0,0.17989417989417988
6.0,10.0,42.0,0.1,0.1,0.4,3.0,196.0,0.0,0.0,0.19387755102040816
6.0,10.0,43.0,0.1,0.1,0.4,3.0,189.0,0.0,0.0,0.17989417989417988
6.0,10.0,44.0,0.1,0.1,0.4,3.0,196.0,0.0,0.0,0.19387755102040816
6.0,10.0,45.0,0.1,0.1,0.4,3.0,191.0,0.0,0.0,0.25654450261780104
6.0,10.0,46.0,0.1,0.1,0.4,3.0,194.0,0.0,0.0,0.26288659793814434
6.0,10.0,47.0,0.1,0.1,0.4,3.0,181.0,0.0,0.0,0.27071823204419887
6.0,10.0,48.0,0.1,0.1,0.4,3.0,175.0,0.0,0.0,0.2742857142857143
6.0,10.0,49.0,0.1,0.1,0.4,3.0,169.0,0.0,0.0,0.2603550295857988
6.0,10.0,50.0,0.1,0.1,0.4,3.0,175.0,0.0,0.0,0.2742857142857143
6.0,10.0,51.0,0.1,0.1,0.4,3.0,168.0,0.0,0.0,0.2619047619047619
6.0,10.0,52.0,0.1,0.1,0.4,3.0,175.0,0.0,0.0,0.2742857142857143
7.0,1.0,1.0,0.1,0.1,0.4,3.0,5151.0,50.0,11.0,0.1052222869345758
7.0,1.0,2.0,0.1,0.1,0.4,3.0,5025.0,57.0,23.0,0.103681592039801
7.0,1.0,3.0,0.1,0.1,0.4,3.0,4891.0,73.0,34.0,0.1052954406051932
7.0,1.0,4.0,0.1,0.1,0.4,3.0,4765.0,77.0,30.0,0.10724029380902414
7.0,1.0,5.0,0.1,0.1,0.4,3.0,4664.0,91.0,37.0,0.10591766723842196
7.0,1.0,6.0,0.1,0.1,0.4,3.0,4507.0,101.0,44.0,0.10494785888617705
7.0,1.0,7.0,0.1,0.1,0.4,3.0,4310.0,124.0,48.0,0.10533642691415314
7.0,1.0,8.0,0.1,0.1,0.4,3.0,4105.0,153.0,59.0,0.1079171741778319
7.0,1.0,9.0,0.1,0.1,0.4,3.0,3876.0,161.0,47.0,0.10810113519091848
7.0,1.0,10.0,0.1,0.1,0.4,3.0,3724.0,192.0,68.0,0.10821697099892588
7.0,1.0,11.0,0.1,0.1,0.4,3.0,3581.0,199.0,74.0,0.10807037140463557
7.0,1.0,12.0,0.1,0.1,0.4,3.0,3424.0,217.0,97.0,0.1080607476635514
7.0,1.0,13.0,0.1,0.1,0.4,3.0,3187.0,230.0,103.0,0.10825227486664575
7.0,1.0,14.0,0.1,0.1,0.4,3.0,3094.0,251.0,111.0,0.11247575953458307
7.0,1.0,15.0,0.1,0.1,0.4,3.0,2921.0,249.0,99.0,0.11126326600479287
7.0,1.0,16.0,0.1,0.1,0.4,3.0,2864.0,246.0,122.0,0.1162709497206704
7.0,1.0,17.0,0.1,0.1,0.4,3.0,2760.0,260.0,125.0,0.11521739130434783
7.0,1.0,18.0,0.1,0.1,0.4,3.0,2692.0,261.0,130.0,0.11924219910846955
7.0,1.0,19.0,0.1,0.1,0.4,3.0,2593.0,239.0,113.0,0.11916698804473583
7.0,1.0,20.0,0.1,0.1,0.4,3.0,6949.0,232.0,119.0,0.04461073535760541
7.0,1.0,21.0,0.1,0.1,0.4,3.0,6288.0,313.0,107.0,0.044370229007633585
7.0,1.0,22.0,0.1,0.1,0.4,3.0,5753.0,340.0,102.0,0.046410568399096123
7.0,1.0,23.0,0.1,0.1,0.4,3.0,5262.0,353.0,114.0,0.048840744963892055
7.0,1.0,24.0,0.1,0.1,0.4,3.0,4743.0,334.0,123.0,0.05102255956145899
7.0,1.0,25.0,0.1,0.1,0.4,3.0,4343.0,322.0,133.0,0.05226801749942436
7.0,1.0,26.0,0.1,0.1,0.4,3.0,4052.0,321.0,136.0,0.05478775913129319
7.0,1.0,27.0,0.1,0.1,0.4,3.0,3854.0,319.0,129.0,0.05552672548002076
7.0,1.0,28.0,0.1,0.1,0.4,3.0,3527.0,329.0,126.0,0.05727246952083924
7.0,1.0,29.0,0.1,0.1,0.4,3.0,3300.0,336.0,139.0,0.0596969696969697
7.0,1.0,30.0,0.1,0.1,0.4,3.0,3077.0,363.0,140.0,0.05947351316217095
7.0,1.0,31.0,0.1,0.1,0.4,3.0,2799.0,380.0,163.0,0.06145051804215791
7.0,1.0,32.0,0.1,0.1,0.4,3.0,2625.0,375.0,166.0,0.06361904761904762
7.0,1.0,33.0,0.1,0.1,0.4,3.0,2466.0,361.0,179.0,0.06366585563665855
7.0,1.0,34.0,0.1,0.1,0.4,3.0,2241.0,335.0,153.0,0.06827309236947791
7.0,1.0,35.0,0.1,0.1,0.4,3.0,2128.0,324.0,156.0,0.0700187969924812
7.0,1.0,36.0,0.1,0.1,0.4,3.0,2023.0,335.0,150.0,0.07414730598121602
7.0,1.0,37.0,0.1,0.1,0.4,3.0,1843.0,348.0,149.0,0.07433532284319046
7.0,1.0,38.0,0.1,0.1,0.4,3.0,1741.0,333.0,141.0,0.08213670304422746
7.0,1.0,39.0,0.1,0.1,0.4,3.0,1574.0,310.0,138.0,0.08703939008894536
7.0,1.0,40.0,0.1,0.1,0.4,3.0,1454.0,296.0,143.0,0.09422283356258597
7.0,1.0,41.0,0.1,0.1,0.4,3.0,1345.0,268.0,149.0,0.09814126394052045
7.0,1.0,42.0,0.1,0.1,0.4,3.0,1230.0,238.0,136.0,0.1073170731707317
7.0,1.0,43.0,0.1,0.1,0.4,3.0,1099.0,189.0,105.0,0.11282984531392175
7.0,1.0,44.0,0.1,0.1,0.4,3.0,970.0,157.0,71.0,0.1268041237113402
7.0,1.0,45.0,0.1,0.1,0.4,3.0,917.0,136.0,68.0,0.2093784078516903
7.0,1.0,46.0,0.1,0.1,0.4,3.0,856.0,120.0,64.0,0.2161214953271028
7.0,1.0,47.0,0.1,0.1,0.4,3.0,821.0,111.0,64.0,0.21680876979293545
7.0,1.0,48.0,0.1,0.1,0.4,3.0,786.0,90.0,51.0,0.22391857506361323
7.0,1.0,49.0,0.1,0.1,0.4,3.0,760.0,81.0,51.0,0.22763157894736843
7.0,1.0,50.0,0.1,0.1,0.4,3.0,739.0,73.0,46.0,0.2327469553450609
7.0,1.0,51.0,0.1,0.1,0.4,3.0,716.0,64.0,36.0,0.23044692737430167
7.0,1.0,52.0,0.1,0.1,0.4,3.0,688.0,50.0,24.0,0.23401162790697674
7.0,2.0,1.0,0.1,0.1,0.4,3.0,669.0,43.0,18.0,0.23318385650224216
7.0,2.0,2.0,0.1,0.1,0.4,3.0,658.0,39.0,20.0,0.23556231003039513
7.0,2.0,3.0,0.1,0.1,0.4,3.0,646.0,39.0,22.0,0.23529411764705882
7.0,2.0,4.0,0.1,0.1,0.4,3.0,637.0,42.0,23.0,0.24175824175824176
7.0,2.0,5.0,0.1,0.1,0.4,3.0,623.0,40.0,20.0,0.2375601926163724
7.0,2.0,6.0,0.1,0.1,0.4,3.0,615.0,33.0,13.0,0.24227642276422764
7.0,2.0,7.0,0.1,0.1,0.4,3.0,596.0,27.0,12.0,0.24328859060402686
7.0,2.0,8.0,0.1,0.1,0.4,3.0,593.0,26.0,12.0,0.25126475548060706
7.0,2.0,9.0,0.1,0.1,0.4,3.0,582.0,24.0,15.0,0.24570446735395188
7.0,2.0,10.0,0.1,0.1,0.4,3.0,576.0,21.0,16.0,0.2534722222222222
7.0,2.0,11.0,0.1,0.1,0.4,3.0,564.0,17.0,13.0,0.24822695035460993
7.0,2.0,12.0,0.1,0.1,0.4,3.0,561.0,18.0,10.0,0.2549019607843137
7.0,2.0,13.0,0.1,0.1,0.4,3.0,539.0,9.0,5.0,0.2541743970315399
7.0,2.0,14.0,0.1,0.1,0.4,3.0,536.0,10.0,6.0,0.2630597014925373
7.0,2.0,15.0,0.1,0.1,0.4,3.0,525.0,8.0,6.0,0.2571428571428571
7.0,2.0,16.0,0.1,0.1,0.4,3.0,529.0,10.0,7.0,0.2608695652173913
7.0,2.0,17.0,0.1,0.1,0.4,3.0,516.0,8.0,3.0,0.25387596899224807
7.0,2.0,18.0,0.1,0.1,0.4,3.0,516.0,6.0,3.0,0.2596899224806202
7.0,2.0,19.0,0.1,0.1,0.4,3.0,511.0,8.0,4.0,0.25048923679060664
7.0,2.0,20.0,0.1,0.1,0.4,3.0,884.0,8.0,3.0,0.1504524886877828
7.0,2.0,21.0,0.1,0.1,0.4,3.0,854.0,7.0,3.0,0.148711943793911
7.0,2.0,22.0,0.1,0.1,0.4,3.0,833.0,6.0,3.0,0.15486194477791115
7.0,2.0,23.0,0.1,0.1,0.4,3.0,805.0,10.0,3.0,0.15527950310559005
7.0,2.0,24.0,0.1,0.1,0.4,3.0,776.0,6.0,2.0,0.15850515463917525
7.0,2.0,25.0,0.1,0.1,0.4,3.0,751.0,4.0,1.0,0.15579227696404793
7.0,2.0,26.0,0.1,0.1,0.4,3.0,753.0,4.0,2.0,0.15803452855245684
7.0,2.0,27.0,0.1,0.1,0.4,3.0,735.0,4.0,4.0,0.15510204081632653
7.0,2.0,28.0,0.1,0.1,0.4,3.0,705.0,3.0,3.0,0.15886524822695036
7.0,2.0,29.0,0.1,0.1,0.4,3.0,680.0,5.0,2.0,0.16029411764705884
7.0,2.0,30.0,0.1,0.1,0.4,3.0,657.0,4.0,0.0,0.167427701674277
7.0,2.0,31.0,0.1,0.1,0.4,3.0,645.0,4.0,1.0,0.16434108527131783
7.0,2.0,32.0,0.1,0.1,0.4,3.0,632.0,4.0,1.0,0.17088607594936708
7.0,2.0,33.0,0.1,0.1,0.4,3.0,604.0,6.0,1.0,0.16887417218543047
7.0,2.0,34.0,0.1,0.1,0.4,3.0,578.0,4.0,0.0,0.17647058823529413
7.0,2.0,35.0,0.1,0.1,0.4,3.0,569.0,4.0,1.0,0.17223198594024605
7.0,2.0,36.0,0.1,0.1,0.4,3.0,558.0,3.0,1.0,0.1774193548387097
7.0,2.0,37.0,0.1,0.1,0.4,3.0,546.0,3.0,1.0,0.17582417582417584
7.0,2.0,38.0,0.1,0.1,0.4,3.0,549.0,2.0,1.0,0.17486338797814208
7.0,2.0,39.0,0.1,0.1,0.4,3.0,529.0,2.0,2.0,0.17391304347826086
7.0,2.0,40.0,0.1,0.1,0.4,3.0,517.0,1.0,1.0,0.172147001934236
7.0,2.0,41.0,0.1,0.1,0.4,3.0,497.0,0.0,0.0,0.17706237424547283
7.0,2.0,42.0,0.1,0.1,0.4,3.0,501.0,0.0,0.0,0.17365269461077845
7.0,2.0,43.0,0.1,0.1,0.4,3.0,479.0,0.0,0.0,0.17536534446764093
7.0,2.0,44.0,0.1,0.1,0.4,3.0,479.0,0.0,0.0,0.17536534446764093
7.0,2.0,45.0,0.1,0.1,0.4,3.0,481.0,0.0,0.0,0.25571725571725573
7.0,2.0,46.0,0.1,0.1,0.4,3.0,473.0,0.0,0.0,0.24947145877378435
7.0,2.0,47.0,0.1,0.1,0.4,3.0,479.0,0.0,0.0,0.25260960334029225
7.0,2.0,48.0,0.1,0.1,0.4,3.0,468.0,0.0,0.0,0.25
7.0,2.0,49.0,0.1,0.1,0.4,3.0,474.0,0.0,0.0,0.25316455696202533
7.0,2.0,50.0,0.1,0.1,0.4,3.0,460.0,0.0,0.0,0.24565217391304348
7.0,2.0,51.0,0.1,0.1,0.4,3.0,457.0,0.0,0.0,0.24945295404814005
7.0,2.0,52.0,0.1,0.1,0.4,3.0,449.0,0.0,0.0,0.24053452115812918
7.0,3.0,1.0,0.1,0.1,0.4,3.0,447.0,0.0,0.0,0.2483221476510067
7.0,3.0,2.0,0.1,0.1,0.4,3.0,442.0,0.0,0.0,0.24434389140271492
7.0,3.0,3.0,0.1,0.1,0.4,3.0,441.0,0.0,0.0,0.2494331065759637
7.0,3.0,4.0,0.1,0.1,0.4,3.0,432.0,0.0,0.0,0.24537037037037038
7.0,3.0,5.0,0.1,0.1,0.4,3.0,436.0,0.0,0.0,0.25
7.0,3.0,6.0,0.1,0.1,0.4,3.0,429.0,0.0,0.0,0.24708624708624707
7.0,3.0,7.0,0.1,0.1,0.4,3.0,431.0,0.0,0.0,0.2529002320185615
7.0,3.0,8.0,0.1,0.1,0.4,3.0,424.0,0.0,0.0,0.24528301886792453
7.0,3.0,9.0,0.1,0.1,0.4,3.0,430.0,0.0,0.0,0.24883720930232558
7.0,3.0,10.0,0.1,0.1,0.4,3.0,421.0,0.0,0.0,0.24465558194774348
7.0,3.0,11.0,0.1,0.1,0.4,3.0,425.0,0.0,0.0,0.24941176470588236
7.0,3.0,12.0,0.1,0.1,0.4,3.0,417.0,0.0,0.0,0.2422062350119904
7.0,3.0,13.0,0.1,0.1,0.4,3.0,421.0,0.0,0.0,0.24465558194774348
7.0,3.0,14.0,0.1,0.1,0.4,3.0,414.0,0.0,0.0,0.2391304347826087
7.0,3.0,15.0,0.1,0.1,0.4,3.0,419.0,0.0,0.0,0.24343675417661098
7.0,3.0,16.0,0.1,0.1,0.4,3.0,410.0,0.0,0.0,0.23658536585365852
7.0,3.0,17.0,0.1,0.1,0.4,3.0,417.0,0.0,0.0,0.2422062350119904
7.0,3.0,18.0,0.1,0.1,0.4,3.0,407.0,0.0,0.0,0.23587223587223588
7.0,3.0,19.0,0.1,0.1,0.4,3.0,411.0,0.0,0.0,0.24087591240875914
7.0,3.0,20.0,0.1,0.1,0.4,3.0,838.0,0.0,0.0,0.11217183770883055
7.0,3.0,21.0,0.1,0.1,0.4,3.0,814.0,0.0,0.0,0.11793611793611794
7.0,3.0,22.0,0.1,0.1,0.4,3.0,783.0,0.0,0.0,0.1136653895274585
7.0,3.0,23.0,0.1,0.1,0.4,3.0,748.0,0.0,0.0,0.12032085561497326
7.0,3.0,24.0,0.1,0.1,0.4,3.0,731.0,0.0,0.0,0.11764705882352941
7.0,3.0,25.0,0.1,0.1,0.4,3.0,690.0,0.0,0.0,0.12028985507246377
7.0,3.0,26.0,0.1,0.1,0.4,3.0,688.0,0.0,0.0,0.12063953488372094
7.0,3.0,27.0,0.1,0.1,0.4,3.0,657.0,0.0,0.0,0.1248097412480974
7.0,3.0,28.0,0.1,0.1,0.4,3.0,647.0,0.0,0.0,0.125193199381762
7.0,3.0,29.0,0.1,0.1,0.4,3.0,639.0,0.0,0.0,0.12519561815336464
7.0,3.0,30.0,0.1,0.1,0.4,3.0,636.0,0.0,0.0,0.12735849056603774
7.0,3.0,31.0,0.1,0.1,0.4,3.0,607.0,0.0,0.0,0.128500823723229
7.0,3.0,32.0,0.1,0.1,0.4,3.0,613.0,0.0,0.0,0.13050570962479607
7.0,3.0,33.0,0.1,0.1,0.4,3.0,588.0,0.0,0.0,0.12755102040816327
7.0,3.0,34.0,0.1,0.1,0.4,3.0,581.0,0.0,0.0,0.13080895008605853
7.0,3.0,35.0,0.1,0.1,0.4,3.0,552.0,0.0,0.0,0.1322463768115942
7.0,3.0,36.0,0.1,0.1,0.4,3.0,535.0,0.0,0.0,0.13457943925233645
7.0,3.0,37.0,0.1,0.1,0.4,3.0,525.0,0.0,0.0,0.13523809523809524
7.0,3.0,38.0,0.1,0.1,0.4,3.0,518.0,0.0,0.0,0.138996138996139
7.0,3.0,39.0,0.1,0.1,0.4,3.0,508.0,0.0,0.0,0.13188976377952755
7.0,3.0,40.0,0.1,0.1,0.4,3.0,506.0,0.0,0.0,0.13636363636363635
7.0,3.0,41.0,0.1,0.1,0.4,3.0,494.0,0.0,0.0,0.13157894736842105
7.0,3.0,42.0,0.1,0.1,0.4,3.0,501.0,0.0,0.0,0.13373253493013973
7.0,3.0,43.0,0.1,0.1,0.4,3.0,483.0,0.0,0.0,0.13250517598343686
7.0,3.0,44.0,0.1,0.1,0.4,3.0,486.0,0.0,0.0,0.13580246913580246
7.0,3.0,45.0,0.1,0.1,0.4,3.0,467.0,0.0,0.0,0.21841541755888652
7.0,3.0,46.0,0.1,0.1,0.4,3.0,473.0,0.0,0.0,0.21775898520084566
7.0,3.0,47.0,0.1,0.1,0.4,3.0,456.0,0.0,0.0,0.21929824561403508
7.0,3.0,48.0,0.1,0.1,0.4,3.0,455.0,0.0,0.0,0.21978021978021978
7.0,3.0,49.0,0.1,0.1,0.4,3.0,450.0,0.0,0.0,0.21555555555555556
7.0,3.0,50.0,0.1,0.1,0.4,3.0,454.0,0.0,0.0,0.21806167400881057
7.0,3.0,51.0,0.1,0.1,0.4,3.0,446.0,0.0,0.0,0.21300448430493274
7.0,3.0,52.0,0.1,0.1,0.4,3.0,440.0,0.0,0.0,0.2159090909090909
7.0,4.0,1.0,0.1,0.1,0.4,3.0,435.0,0.0,0.0,0.21379310344827587
7.0,4.0,2.0,0.1,0.1,0.4,3.0,439.0,0.0,0.0,0.2164009111617312
7.0,4.0,3.0,0.1,0.1,0.4,3.0,432.0,0.0,0.0,0.21296296296296297
7.0,4.0,4.0,0.1,0.1,0.4,3.0,430.0,0.0,0.0,0.2186046511627907
7.0,4.0,5.0,0.1,0.1,0.4,3.0,417.0,0.0,0.0,0.22062350119904076
7.0,4.0,6.0,0.1,0.1,0.4,3.0,425.0,0.0,0.0,0.2211764705882353
7.0,4.0,7.0,0.1,0.1,0.4,3.0,413.0,0.0,0.0,0.21549636803874092
7.0,4.0,8.0,0.1,0.1,0.4,3.0,416.0,0.0,0.0,0.21634615384615385
7.0,4.0,9.0,0.1,0.1,0.4,3.0,407.0,0.0,0.0,0.21621621621621623
7.0,4.0,10.0,0.1,0.1,0.4,3.0,412.0,0.0,0.0,0.21844660194174756
7.0,4.0,11.0,0.1,0.1,0.4,3.0,406.0,0.0,0.0,0.21921182266009853
7.0,4.0,12.0,0.1,0.1,0.4,3.0,413.0,0.0,0.0,0.22033898305084745
7.0,4.0,13.0,0.1,0.1,0.4,3.0,405.0,0.0,0.0,0.21481481481481482
7.0,4.0,14.0,0.1,0.1,0.4,3.0,407.0,0.0,0.0,0.22358722358722358
7.0,4.0,15.0,0.1,0.1,0.4,3.0,401.0,0.0,0.0,0.2144638403990025
7.0,4.0,16.0,0.1,0.1,0.4,3.0,405.0,0.0,0.0,0.2222222222222222
7.0,4.0,17.0,0.1,0.1,0.4,3.0,399.0,0.0,0.0,0.21553884711779447
7.0,4.0,18.0,0.1,0.1,0.4,3.0,404.0,0.0,0.0,0.22277227722772278
7.0,4.0,19.0,0.1,0.1,0.4,3.0,399.0,0.0,0.0,0.21553884711779447
7.0,4.0,20.0,0.1,0.1,0.4,3.0,753.0,0.0,0.0,0.11819389110225764
7.0,4.0,21.0,0.1,0.1,0.4,3.0,695.0,0.0,0.0,0.11942446043165468
7.0,4.0,22.0,0.1,0.1,0.4,3.0,698.0,0.0,0.0,0.11891117478510028
7.0,4.0,23.0,0.1,0.1,0.4,3.0,628.0,0.0,0.0,0.12261146496815287
7.0,4.0,24.0,0.1,0.1,0.4,3.0,626.0,0.0,0.0,0.12460063897763578
7.0,4.0,25.0,0.1,0.1,0.4,3.0,609.0,0.0,0.0,0.12315270935960591
7.0,4.0,26.0,0.1,0.1,0.4,3.0,606.0,0.0,0.0,0.12706270627062707
7.0,4.0,27.0,0.1,0.1,0.4,3.0,578.0,0.0,0.0,0.12629757785467127
7.0,4.0,28.0,0.1,0.1,0.4,3.0,583.0,0.0,0.0,0.13036020583190394
7.0,4.0,29.0,0.1,0.1,0.4,3.0,562.0,0.0,0.0,0.12811387900355872
7.0,4.0,30.0,0.1,0.1,0.4,3.0,579.0,0.0,0.0,0.12780656303972365
7.0,4.0,31.0,0.1,0.1,0.4,3.0,535.0,0.0,0.0,0.1308411214953271
7.0,4.0,32.0,0.1,0.1,0.4,3.0,540.0,0.0,0.0,0.12962962962962962
7.0,4.0,33.0,0.1,0.1,0.4,3.0,523.0,0.0,0.0,0.13193116634799235
7.0,4.0,34.0,0.1,0.1,0.4,3.0,521.0,0.0,0.0,0.1324376199616123
7.0,4.0,35.0,0.1,0.1,0.4,3.0,521.0,0.0,0.0,0.1324376199616123
7.0,4.0,36.0,0.1,0.1,0.4,3.0,507.0,0.0,0.0,0.13609467455621302
7.0,4.0,37.0,0.1,0.1,0.4,3.0,511.0,0.0,0.0,0.1350293542074364
7.0,4.0,38.0,0.1,0.1,0.4,3.0,477.0,0.0,0.0,0.13836477987421383
7.0,4.0,39.0,0.1,0.1,0.4,3.0,469.0,0.0,0.0,0.13859275053304904
7.0,4.0,40.0,0.1,0.1,0.4,3.0,448.0,0.0,0.0,0.14508928571428573
7.0,4.0,41.0,0.1,0.1,0.4,3.0,451.0,0.0,0.0,0.13968957871396895
7.0,4.0,42.0,0.1,0.1,0.4,3.0,444.0,0.0,0.0,0.14414414414414414
7.0,4.0,43.0,0.1,0.1,0.4,3.0,449.0,0.0,0.0,0.1403118040089087
7.0,4.0,44.0,0.1,0.1,0.4,3.0,436.0,0.0,0.0,0.14678899082568808
7.0,4.0,45.0,0.1,0.1,0.4,3.0,435.0,0.0,0.0,0.22298850574712645
7.0,4.0,46.0,0.1,0.1,0.4,3.0,434.0,0.0,0.0,0.22811059907834103
7.0,4.0,47.0,0.1,0.1,0.4,3.0,426.0,0.0,0.0,0.22535211267605634
7.0,4.0,48.0,0.1,0.1,0.4,3.0,419.0,0.0,0.0,0.22911694510739858
7.0,4.0,49.0,0.1,0.1,0.4,3.0,396.0,0.0,0.0,0.23484848484848486
7.0,4.0,50.0,0.1,0.1,0.4,3.0,389.0,0.0,0.0,0.2390745501285347
7.0,4.0,51.0,0.1,0.1,0.4,3.0,377.0,0.0,0.0,0.2413793103448276
7.0,4.0,52.0,0.1,0.1,0.4,3.0,377.0,0.0,0.0,0.2440318302387268
7.0,5.0,1.0,0.1,0.1,0.4,3.0,371.0,0.0,0.0,0.2371967654986523
7.0,5.0,2.0,0.1,0.1,0.4,3.0,357.0,0.0,0.0,0.23809523809523808
7.0,5.0,3.0,0.1,0.1,0.4,3.0,354.0,0.0,0.0,0.2344632768361582
7.0,5.0,4.0,0.1,0.1,0.4,3.0,359.0,0.0,0.0,0.2395543175487465
7.0,5.0,5.0,0.1,0.1,0.4,3.0,355.0,0.0,0.0,0.23380281690140844
7.0,5.0,6.0,0.1,0.1,0.4,3.0,345.0,0.0,0.0,0.23768115942028986
7.0,5.0,7.0,0.1,0.1,0.4,3.0,349.0,0.0,0.0,0.23209169054441262
7.0,5.0,8.0,0.1,0.1,0.4,3.0,342.0,0.0,0.0,0.23684210526315788
7.0,5.0,9.0,0.1,0.1,0.4,3.0,350.0,0.0,0.0,0.23142857142857143
7.0,5.0,10.0,0.1,0.1,0.4,3.0,341.0,0.0,0.0,0.2375366568914956
7.0,5.0,11.0,0.1,0.1,0.4,3.0,348.0,0.0,0.0,0.22988505747126436
7.0,5.0,12.0,0.1,0.1,0.4,3.0,337.0,0.0,0.0,0.23738872403560832
7.0,5.0,13.0,0.1,0.1,0.4,3.0,347.0,0.0,0.0,0.23054755043227665
7.0,5.0,14.0,0.1,0.1,0.4,3.0,339.0,0.0,0.0,0.23303834808259588
7.0,5.0,15.0,0.1,0.1,0.4,3.0,345.0,0.0,0.0,0.2289855072463768
7.0,5.0,16.0,0.1,0.1,0.4,3.0,339.0,0.0,0.0,0.23303834808259588
7.0,5.0,17.0,0.1,0.1,0.4,3.0,342.0,0.0,0.0,0.2309941520467836
7.0,5.0,18.0,0.1,0.1,0.4,3.0,335.0,0.0,0.0,0.23582089552238805
7.0,5.0,19.0,0.1,0.1,0.4,3.0,341.0,0.0,0.0,0.2316715542521994
7.0,5.0,20.0,0.1,0.1,0.4,3.0,682.0,0.0,0.0,0.1158357771260997
7.0,5.0,21.0,0.1,0.1,0.4,3.0,659.0,0.0,0.0,0.11380880121396054
7.0,5.0,22.0,0.1,0.1,0.4,3.0,643.0,0.0,0.0,0.1150855365474339
7.0,5.0,23.0,0.1,0.1,0.4,3.0,621.0,0.0,0.0,0.1143317230273752
7.0,5.0,24.0,0.1,0.1,0.4,3.0,591.0,0.0,0.0,0.1218274111675127
7.0,5.0,25.0,0.1,0.1,0.4,3.0,580.0,0.0,0.0,0.1206896551724138
7.0,5.0,26.0,0.1,0.1,0.4,3.0,562.0,0.0,0.0,0.12811387900355872
7.0,5.0,27.0,0.1,0.1,0.4,3.0,544.0,0.0,0.0,0.125
7.0,5.0,28.0,0.1,0.1,0.4,3.0,525.0,0.0,0.0,0.13142857142857142
7.0,5.0,29.0,0.1,0.1,0.4,3.0,505.0,0.0,0.0,0.1306930693069307
7.0,5.0,30.0,0.1,0.1,0.4,3.0,508.0,0.0,0.0,0.13385826771653545
7.0,5.0,31.0,0.1,0.1,0.4,3.0,483.0,0.0,0.0,0.13043478260869565
7.0,5.0,32.0,0.1,0.1,0.4,3.0,468.0,0.0,0.0,0.1346153846153846
7.0,5.0,33.0,0.1,0.1,0.4,3.0,471.0,0.0,0.0,0.1316348195329087
7.0,5.0,34.0,0.1,0.1,0.4,3.0,460.0,0.0,0.0,0.13695652173913042
7.0,5.0,35.0,0.1,0.1,0.4,3.0,432.0,0.0,0.0,0.13425925925925927
7.0,5.0,36.0,0.1,0.1,0.4,3.0,426.0,0.0,0.0,0.13380281690140844
7.0,5.0,37.0,0.1,0.1,0.4,3.0,406.0,0.0,0.0,0.13793103448275862
7.0,5.0,38.0,0.1,0.1,0.4,3.0,403.0,0.0,0.0,0.141439205955335
7.0,5.0,39.0,0.1,0.1,0.4,3.0,381.0,0.0,0.0,0.13910761154855644
7.0,5.0,40.0,0.1,0.1,0.4,3.0,369.0,0.0,0.0,0.14634146341463414
7.0,5.0,41.0,0.1,0.1,0.4,3.0,373.0,0.0,0.0,0.13941018766756033
7.0,5.0,42.0,0.1,0.1,0.4,3.0,358.0,0.0,0.0,0.14804469273743018
7.0,5.0,43.0,0.1,0.1,0.4,3.0,352.0,0.0,0.0,0.14772727272727273
7.0,5.0,44.0,0.1,0.1,0.4,3.0,348.0,0.0,0.0,0.15229885057471265
7.0,5.0,45.0,0.1,0.1,0.4,3.0,349.0,0.0,0.0,0.22349570200573066
7.0,5.0,46.0,0.1,0.1,0.4,3.0,343.0,0.0,0.0,0.22448979591836735
7.0,5.0,47.0,0.1,0.1,0.4,3.0,344.0,0.0,0.0,0.22093023255813954
7.0,5.0,48.0,0.1,0.1,0.4,3.0,341.0,0.0,0.0,0.21994134897360704
7.0,5.0,49.0,0.1,0.1,0.4,3.0,324.0,0.0,0.0,0.2191358024691358
7.0,5.0,50.0,0.1,0.1,0.4,3.0,321.0,0.0,0.0,0.21495327102803738
7.0,5.0,51.0,0.1,0.1,0.4,3.0,324.0,0.0,0.0,0.21604938271604937
7.0,5.0,52.0,0.1,0.1,0.4,3.0,315.0,0.0,0.0,0.20952380952380953
7.0,6.0,1.0,0.1,0.1,0.4,3.0,318.0,0.0,0.0,0.20754716981132076
7.0,6.0,2.0,0.1,0.1,0.4,3.0,313.0,0.0,0.0,0.20447284345047922
7.0,6.0,3.0,0.1,0.1,0.4,3.0,317.0,0.0,0.0,0.20504731861198738
7.0,6.0,4.0,0.1,0.1,0.4,3.0,312.0,0.0,0.0,0.20512820512820512
7.0,6.0,5.0,0.1,0.1,0.4,3.0,316.0,0.0,0.0,0.20569620253164558
7.0,6.0,6.0,0.1,0.1,0.4,3.0,312.0,0.0,0.0,0.20512820512820512
7.0,6.0,7.0,0.1,0.1,0.4,3.0,315.0,0.0,0.0,0.20634920634920634
7.0,6.0,8.0,0.1,0.1,0.4,3.0,307.0,0.0,0.0,0.20846905537459284
7.0,6.0,9.0,0.1,0.1,0.4,3.0,310.0,0.0,0.0,0.20967741935483872
7.0,6.0,10.0,0.1,0.1,0.4,3.0,305.0,0.0,0.0,0.20655737704918034
7.0,6.0,11.0,0.1,0.1,0.4,3.0,308.0,0.0,0.0,0.2077922077922078
7.0,6.0,12.0,0.1,0.1,0.4,3.0,303.0,0.0,0.0,0.20462046204620463
7.0,6.0,13.0,0.1,0.1,0.4,3.0,307.0,0.0,0.0,0.20521172638436483
7.0,6.0,14.0,0.1,0.1,0.4,3.0,302.0,0.0,0.0,0.2052980132450331
7.0,6.0,15.0,0.1,0.1,0.4,3.0,308.0,0.0,0.0,0.20454545454545456
7.0,6.0,16.0,0.1,0.1,0.4,3.0,303.0,0.0,0.0,0.20462046204620463
7.0,6.0,17.0,0.1,0.1,0.4,3.0,302.0,0.0,0.0,0.2052980132450331
7.0,6.0,18.0,0.1,0.1,0.4,3.0,297.0,0.0,0.0,0.20202020202020202
7.0,6.0,19.0,0.1,0.1,0.4,3.0,299.0,0.0,0.0,0.20066889632107024
7.0,6.0,20.0,0.1,0.1,0.4,3.0,501.0,0.0,0.0,0.11976047904191617
7.0,6.0,21.0,0.1,0.1,0.4,3.0,472.0,0.0,0.0,0.1228813559322034
7.0,6.0,22.0,0.1,0.1,0.4,3.0,453.0,0.0,0.0,0.12582781456953643
7.0,6.0,23.0,0.1,0.1,0.4,3.0,445.0,0.0,0.0,0.1258426966292135
7.0,6.0,24.0,0.1,0.1,0.4,3.0,446.0,0.0,0.0,0.12556053811659193
7.0,6.0,25.0,0.1,0.1,0.4,3.0,444.0,0.0,0.0,0.12612612612612611
7.0,6.0,26.0,0.1,0.1,0.4,3.0,427.0,0.0,0.0,0.1288056206088993
7.0,6.0,27.0,0.1,0.1,0.4,3.0,415.0,0.0,0.0,0.13253012048192772
7.0,6.0,28.0,0.1,0.1,0.4,3.0,415.0,0.0,0.0,0.13012048192771083
7.0,6.0,29.0,0.1,0.1,0.4,3.0,404.0,0.0,0.0,0.12871287128712872
7.0,6.0,30.0,0.1,0.1,0.4,3.0,405.0,0.0,0.0,0.12839506172839507
7.0,6.0,31.0,0.1,0.1,0.4,3.0,404.0,0.0,0.0,0.12871287128712872
7.0,6.0,32.0,0.1,0.1,0.4,3.0,403.0,0.0,0.0,0.12903225806451613
7.0,6.0,33.0,0.1,0.1,0.4,3.0,403.0,0.0,0.0,0.12903225806451613
7.0,6.0,34.0,0.1,0.1,0.4,3.0,390.0,0.0,0.0,0.13076923076923078
7.0,6.0,35.0,0.1,0.1,0.4,3.0,392.0,0.0,0.0,0.1326530612244898
7.0,6.0,36.0,0.1,0.1,0.4,3.0,390.0,0.0,0.0,0.1282051282051282
7.0,6.0,37.0,0.1,0.1,0.4,3.0,391.0,0.0,0.0,0.13043478260869565
7.0,6.0,38.0,0.1,0.1,0.4,3.0,379.0,0.0,0.0,0.13192612137203166
7.0,6.0,39.0,0.1,0.1,0.4,3.0,381.0,0.0,0.0,0.13385826771653545
7.0,6.0,40.0,0.1,0.1,0.4,3.0,372.0,0.0,0.0,0.13440860215053763
7.0,6.0,41.0,0.1,0.1,0.4,3.0,371.0,0.0,0.0,0.13746630727762804
7.0,6.0,42.0,0.1,0.1,0.4,3.0,362.0,0.0,0.0,0.13812154696132597
7.0,6.0,43.0,0.1,0.1,0.4,3.0,362.0,0.0,0.0,0.13812154696132597
7.0,6.0,44.0,0.1,0.1,0.4,3.0,362.0,0.0,0.0,0.13812154696132597
7.0,6.0,45.0,0.1,0.1,0.4,3.0,362.0,0.0,0.0,0.21823204419889503
7.0,6.0,46.0,0.1,0.1,0.4,3.0,351.0,0.0,0.0,0.21652421652421652
7.0,6.0,47.0,0.1,0.1,0.4,3.0,354.0,0.0,0.0,0.22033898305084745
7.0,6.0,48.0,0.1,0.1,0.4,3.0,344.0,0.0,0.0,0.2180232558139535
7.0,6.0,49.0,0.1,0.1,0.4,3.0,346.0,0.0,0.0,0.22254335260115607
7.0,6.0,50.0,0.1,0.1,0.4,3.0,347.0,0.0,0.0,0.21613832853025935
7.0,6.0,51.0,0.1,0.1,0.4,3.0,343.0,0.0,0.0,0.22157434402332363
7.0,6.0,52.0,0.1,0.1,0.4,3.0,346.0,0.0,0.0,0.21676300578034682
7.0,7.0,1.0,0.1,0.1,0.4,3.0,341.0,0.0,0.0,0.22287390029325513
7.0,7.0,2.0,0.1,0.1,0.4,3.0,346.0,0.0,0.0,0.21676300578034682
7.0,7.0,3.0,0.1,0.1,0.4,3.0,340.0,0.0,0.0,0.2235294117647059
7.0,7.0,4.0,0.1,0.1,0.4,3.0,336.0,0.0,0.0,0.22023809523809523
7.0,7.0,5.0,0.1,0.1,0.4,3.0,330.0,0.0,0.0,0.22727272727272727
7.0,7.0,6.0,0.1,0.1,0.4,3.0,333.0,0.0,0.0,0.21921921921921922
7.0,7.0,7.0,0.1,0.1,0.4,3.0,328.0,0.0,0.0,0.2225609756097561
7.0,7.0,8.0,0.1,0.1,0.4,3.0,329.0,0.0,0.0,0.21580547112462006
7.0,7.0,9.0,0.1,0.1,0.4,3.0,323.0,0.0,0.0,0.21981424148606812
7.0,7.0,10.0,0.1,0.1,0.4,3.0,326.0,0.0,0.0,0.21779141104294478
7.0,7.0,11.0,0.1,0.1,0.4,3.0,319.0,0.0,0.0,0.219435736677116
7.0,7.0,12.0,0.1,0.1,0.4,3.0,325.0,0.0,0.0,0.21846153846153846
7.0,7.0,13.0,0.1,0.1,0.4,3.0,317.0,0.0,0.0,0.22082018927444794
7.0,7.0,14.0,0.1,0.1,0.4,3.0,324.0,0.0,0.0,0.2191358024691358
7.0,7.0,15.0,0.1,0.1,0.4,3.0,318.0,0.0,0.0,0.22012578616352202
7.0,7.0,16.0,0.1,0.1,0.4,3.0,320.0,0.0,0.0,0.21875
7.0,7.0,17.0,0.1,0.1,0.4,3.0,314.0,0.0,0.0,0.2197452229299363
7.0,7.0,18.0,0.1,0.1,0.4,3.0,319.0,0.0,0.0,0.219435736677116
7.0,7.0,19.0,0.1,0.1,0.4,3.0,313.0,0.0,0.0,0.22044728434504793
7.0,7.0,20.0,0.1,0.1,0.4,3.0,610.0,0.0,0.0,0.11475409836065574
7.0,7.0,21.0,0.1,0.1,0.4,3.0,585.0,0.0,0.0,0.11794871794871795
7.0,7.0,22.0,0.1,0.1,0.4,3.0,532.0,0.0,0.0,0.12030075187969924
7.0,7.0,23.0,0.1,0.1,0.4,3.0,504.0,0.0,0.0,0.12301587301587301
7.0,7.0,24.0,0.1,0.1,0.4,3.0,465.0,0.0,0.0,0.12688172043010754
7.0,7.0,25.0,0.1,0.1,0.4,3.0,457.0,0.0,0.0,0.12472647702407003
7.0,7.0,26.0,0.1,0.1,0.4,3.0,452.0,0.0,0.0,0.1261061946902655
7.0,7.0,27.0,0.1,0.1,0.4,3.0,422.0,0.0,0.0,0.12796208530805686
7.0,7.0,28.0,0.1,0.1,0.4,3.0,417.0,0.0,0.0,0.12949640287769784
7.0,7.0,29.0,0.1,0.1,0.4,3.0,422.0,0.0,0.0,0.12796208530805686
7.0,7.0,30.0,0.1,0.1,0.4,3.0,417.0,0.0,0.0,0.12949640287769784
7.0,7.0,31.0,0.1,0.1,0.4,3.0,402.0,0.0,0.0,0.1318407960199005
7.0,7.0,32.0,0.1,0.1,0.4,3.0,375.0,0.0,0.0,0.136
7.0,7.0,33.0,0.1,0.1,0.4,3.0,379.0,0.0,0.0,0.13192612137203166
7.0,7.0,34.0,0.1,0.1,0.4,3.0,351.0,0.0,0.0,0.1339031339031339
7.0,7.0,35.0,0.1,0.1,0.4,3.0,349.0,0.0,0.0,0.1346704871060172
7.0,7.0,36.0,0.1,0.1,0.4,3.0,344.0,0.0,0.0,0.13662790697674418
7.0,7.0,37.0,0.1,0.1,0.4,3.0,346.0,0.0,0.0,0.13005780346820808
7.0,7.0,38.0,0.1,0.1,0.4,3.0,341.0,0.0,0.0,0.1348973607038123
7.0,7.0,39.0,0.1,0.1,0.4,3.0,344.0,0.0,0.0,0.1308139534883721
7.0,7.0,40.0,0.1,0.1,0.4,3.0,340.0,0.0,0.0,0.13529411764705881
7.0,7.0,41.0,0.1,0.1,0.4,3.0,343.0,0.0,0.0,0.13119533527696792
7.0,7.0,42.0,0.1,0.1,0.4,3.0,324.0,0.0,0.0,0.13580246913580246
7.0,7.0,43.0,0.1,0.1,0.4,3.0,327.0,0.0,0.0,0.1345565749235474
7.0,7.0,44.0,0.1,0.1,0.4,3.0,321.0,0.0,0.0,0.13707165109034267
7.0,7.0,45.0,0.1,0.1,0.4,3.0,314.0,0.0,0.0,0.2197452229299363
7.0,7.0,46.0,0.1,0.1,0.4,3.0,280.0,0.0,0.0,0.22142857142857142
7.0,7.0,47.0,0.1,0.1,0.4,3.0,283.0,0.0,0.0,0.21908127208480566
7.0,7.0,48.0,0.1,0.1,0.4,3.0,279.0,0.0,0.0,0.21863799283154123
7.0,7.0,49.0,0.1,0.1,0.4,3.0,273.0,0.0,0.0,0.22344322344322345
7.0,7.0,50.0,0.1,0.1,0.4,3.0,271.0,0.0,0.0,0.22509225092250923
7.0,7.0,51.0,0.1,0.1,0.4,3.0,273.0,0.0,0.0,0.22344322344322345
7.0,7.0,52.0,0.1,0.1,0.4,3.0,269.0,0.0,0.0,0.22676579925650558
7.0,8.0,1.0,0.1,0.1,0.4,3.0,268.0,0.0,0.0,0.22014925373134328
7.0,8.0,2.0,0.1,0.1,0.4,3.0,263.0,0.0,0.0,0.22433460076045628
7.0,8.0,3.0,0.1,0.1,0.4,3.0,264.0,0.0,0.0,0.22348484848484848
7.0,8.0,4.0,0.1,0.1,0.4,3.0,263.0,0.0,0.0,0.22433460076045628
7.0,8.0,5.0,0.1,0.1,0.4,3.0,264.0,0.0,0.0,0.22348484848484848
7.0,8.0,6.0,0.1,0.1,0.4,3.0,263.0,0.0,0.0,0.22433460076045628
7.0,8.0,7.0,0.1,0.1,0.4,3.0,262.0,0.0,0.0,0.22137404580152673
7.0,8.0,8.0,0.1,0.1,0.4,3.0,261.0,0.0,0.0,0.22988505747126436
7.0,8.0,9.0,0.1,0.1,0.4,3.0,262.0,0.0,0.0,0.22137404580152673
7.0,8.0,10.0,0.1,0.1,0.4,3.0,261.0,0.0,0.0,0.22988505747126436
7.0,8.0,11.0,0.1,0.1,0.4,3.0,262.0,0.0,0.0,0.22137404580152673
7.0,8.0,12.0,0.1,0.1,0.4,3.0,259.0,0.0,0.0,0.2277992277992278
7.0,8.0,13.0,0.1,0.1,0.4,3.0,261.0,0.0,0.0,0.21839080459770116
7.0,8.0,14.0,0.1,0.1,0.4,3.0,259.0,0.0,0.0,0.22393822393822393
7.0,8.0,15.0,0.1,0.1,0.4,3.0,259.0,0.0,0.0,0.21235521235521235
7.0,8.0,16.0,0.1,0.1,0.4,3.0,256.0,0.0,0.0,0.21875
7.0,8.0,17.0,0.1,0.1,0.4,3.0,259.0,0.0,0.0,0.21235521235521235
7.0,8.0,18.0,0.1,0.1,0.4,3.0,255.0,0.0,0.0,0.2196078431372549
7.0,8.0,19.0,0.1,0.1,0.4,3.0,259.0,0.0,0.0,0.21235521235521235
7.0,8.0,20.0,0.1,0.1,0.4,3.0,498.0,0.0,0.0,0.11244979919678715
7.0,8.0,21.0,0.1,0.1,0.4,3.0,481.0,0.0,0.0,0.11434511434511435
7.0,8.0,22.0,0.1,0.1,0.4,3.0,452.0,0.0,0.0,0.12389380530973451
7.0,8.0,23.0,0.1,0.1,0.4,3.0,442.0,0.0,0.0,0.11990950226244344
7.0,8.0,24.0,0.1,0.1,0.4,3.0,429.0,0.0,0.0,0.1258741258741259
7.0,8.0,25.0,0.1,0.1,0.4,3.0,407.0,0.0,0.0,0.12776412776412777
7.0,8.0,26.0,0.1,0.1,0.4,3.0,405.0,0.0,0.0,0.1308641975308642
7.0,8.0,27.0,0.1,0.1,0.4,3.0,387.0,0.0,0.0,0.1343669250645995
7.0,8.0,28.0,0.1,0.1,0.4,3.0,386.0,0.0,0.0,0.13730569948186527
7.0,8.0,29.0,0.1,0.1,0.4,3.0,387.0,0.0,0.0,0.1343669250645995
7.0,8.0,30.0,0.1,0.1,0.4,3.0,374.0,0.0,0.0,0.13903743315508021
7.0,8.0,31.0,0.1,0.1,0.4,3.0,338.0,0.0,0.0,0.14792899408284024
7.0,8.0,32.0,0.1,0.1,0.4,3.0,337.0,0.0,0.0,0.14836795252225518
7.0,8.0,33.0,0.1,0.1,0.4,3.0,338.0,0.0,0.0,0.14792899408284024
7.0,8.0,34.0,0.1,0.1,0.4,3.0,329.0,0.0,0.0,0.1519756838905775
7.0,8.0,35.0,0.1,0.1,0.4,3.0,335.0,0.0,0.0,0.14925373134328357
7.0,8.0,36.0,0.1,0.1,0.4,3.0,327.0,0.0,0.0,0.14984709480122324
7.0,8.0,37.0,0.1,0.1,0.4,3.0,325.0,0.0,0.0,0.1476923076923077
7.0,8.0,38.0,0.1,0.1,0.4,3.0,326.0,0.0,0.0,0.15030674846625766
7.0,8.0,39.0,0.1,0.1,0.4,3.0,305.0,0.0,0.0,0.15737704918032788
7.0,8.0,40.0,0.1,0.1,0.4,3.0,307.0,0.0,0.0,0.15960912052117263
7.0,8.0,41.0,0.1,0.1,0.4,3.0,307.0,0.0,0.0,0.1563517915309446
7.0,8.0,42.0,0.1,0.1,0.4,3.0,298.0,0.0,0.0,0.1610738255033557
7.0,8.0,43.0,0.1,0.1,0.4,3.0,307.0,0.0,0.0,0.1563517915309446
7.0,8.0,44.0,0.1,0.1,0.4,3.0,300.0,0.0,0.0,0.16
7.0,8.0,45.0,0.1,0.1,0.4,3.0,307.0,0.0,0.0,0.2280130293159609
7.0,8.0,46.0,0.1,0.1,0.4,3.0,300.0,0.0,0.0,0.22
7.0,8.0,47.0,0.1,0.1,0.4,3.0,307.0,0.0,0.0,0.2280130293159609
7.0,8.0,48.0,0.1,0.1,0.4,3.0,291.0,0.0,0.0,0.22336769759450173
7.0,8.0,49.0,0.1,0.1,0.4,3.0,299.0,0.0,0.0,0.23076923076923078
7.0,8.0,50.0,0.1,0.1,0.4,3.0,291.0,0.0,0.0,0.22336769759450173
7.0,8.0,51.0,0.1,0.1,0.4,3.0,296.0,0.0,0.0,0.22972972972972974
7.0,8.0,52.0,0.1,0.1,0.4,3.0,291.0,0.0,0.0,0.2268041237113402
7.0,9.0,1.0,0.1,0.1,0.4,3.0,292.0,0.0,0.0,0.2328767123287671
7.0,9.0,2.0,0.1,0.1,0.4,3.0,290.0,0.0,0.0,0.22758620689655173
7.0,9.0,3.0,0.1,0.1,0.4,3.0,291.0,0.0,0.0,0.23367697594501718
7.0,9.0,4.0,0.1,0.1,0.4,3.0,289.0,0.0,0.0,0.22837370242214533
7.0,9.0,5.0,0.1,0.1,0.4,3.0,282.0,0.0,0.0,0.2375886524822695
7.0,9.0,6.0,0.1,0.1,0.4,3.0,284.0,0.0,0.0,0.22887323943661972
7.0,9.0,7.0,0.1,0.1,0.4,3.0,282.0,0.0,0.0,0.2375886524822695
7.0,9.0,8.0,0.1,0.1,0.4,3.0,283.0,0.0,0.0,0.22968197879858657
7.0,9.0,9.0,0.1,0.1,0.4,3.0,280.0,0.0,0.0,0.2392857142857143
7.0,9.0,10.0,0.1,0.1,0.4,3.0,282.0,0.0,0.0,0.23049645390070922
7.0,9.0,11.0,0.1,0.1,0.4,3.0,280.0,0.0,0.0,0.2392857142857143
7.0,9.0,12.0,0.1,0.1,0.4,3.0,281.0,0.0,0.0,0.2313167259786477
7.0,9.0,13.0,0.1,0.1,0.4,3.0,280.0,0.0,0.0,0.2392857142857143
7.0,9.0,14.0,0.1,0.1,0.4,3.0,280.0,0.0,0.0,0.23214285714285715
7.0,9.0,15.0,0.1,0.1,0.4,3.0,280.0,0.0,0.0,0.2392857142857143
7.0,9.0,16.0,0.1,0.1,0.4,3.0,279.0,0.0,0.0,0.23297491039426524
7.0,9.0,17.0,0.1,0.1,0.4,3.0,279.0,0.0,0.0,0.24014336917562723
7.0,9.0,18.0,0.1,0.1,0.4,3.0,279.0,0.0,0.0,0.23297491039426524
7.0,9.0,19.0,0.1,0.1,0.4,3.0,279.0,0.0,0.0,0.24014336917562723
7.0,9.0,20.0,0.1,0.1,0.4,3.0,513.0,0.0,0.0,0.11306042884990253
7.0,9.0,21.0,0.1,0.1,0.4,3.0,495.0,0.0,0.0,0.12121212121212122
7.0,9.0,22.0,0.1,0.1,0.4,3.0,486.0,0.0,0.0,0.11934156378600823
7.0,9.0,23.0,0.1,0.1,0.4,3.0,448.0,0.0,0.0,0.13392857142857142
7.0,9.0,24.0,0.1,0.1,0.4,3.0,426.0,0.0,0.0,0.13380281690140844
7.0,9.0,25.0,0.1,0.1,0.4,3.0,392.0,0.0,0.0,0.14285714285714285
7.0,9.0,26.0,0.1,0.1,0.4,3.0,389.0,0.0,0.0,0.13624678663239073
7.0,9.0,27.0,0.1,0.1,0.4,3.0,385.0,0.0,0.0,0.14545454545454545
7.0,9.0,28.0,0.1,0.1,0.4,3.0,371.0,0.0,0.0,0.14285714285714285
7.0,9.0,29.0,0.1,0.1,0.4,3.0,340.0,0.0,0.0,0.15588235294117647
7.0,9.0,30.0,0.1,0.1,0.4,3.0,335.0,0.0,0.0,0.14925373134328357
7.0,9.0,31.0,0.1,0.1,0.4,3.0,341.0,0.0,0.0,0.15542521994134897
7.0,9.0,32.0,0.1,0.1,0.4,3.0,332.0,0.0,0.0,0.14759036144578314
7.0,9.0,33.0,0.1,0.1,0.4,3.0,331.0,0.0,0.0,0.1540785498489426
7.0,9.0,34.0,0.1,0.1,0.4,3.0,332.0,0.0,0.0,0.14759036144578314
7.0,9.0,35.0,0.1,0.1,0.4,3.0,331.0,0.0,0.0,0.1540785498489426
7.0,9.0,36.0,0.1,0.1,0.4,3.0,321.0,0.0,0.0,0.14018691588785046
7.0,9.0,37.0,0.1,0.1,0.4,3.0,312.0,0.0,0.0,0.14743589743589744
7.0,9.0,38.0,0.1,0.1,0.4,3.0,294.0,0.0,0.0,0.14625850340136054
7.0,9.0,39.0,0.1,0.1,0.4,3.0,302.0,0.0,0.0,0.152317880794702
7.0,9.0,40.0,0.1,0.1,0.4,3.0,303.0,0.0,0.0,0.14521452145214522
7.0,9.0,41.0,0.1,0.1,0.4,3.0,294.0,0.0,0.0,0.15306122448979592
7.0,9.0,42.0,0.1,0.1,0.4,3.0,295.0,0.0,0.0,0.14576271186440679
7.0,9.0,43.0,0.1,0.1,0.4,3.0,294.0,0.0,0.0,0.15306122448979592
7.0,9.0,44.0,0.1,0.1,0.4,3.0,295.0,0.0,0.0,0.14576271186440679
7.0,9.0,45.0,0.1,0.1,0.4,3.0,299.0,0.0,0.0,0.22408026755852842
7.0,9.0,46.0,0.1,0.1,0.4,3.0,301.0,0.0,0.0,0.21262458471760798
7.0,9.0,47.0,0.1,0.1,0.4,3.0,299.0,0.0,0.0,0.22408026755852842
7.0,9.0,48.0,0.1,0.1,0.4,3.0,301.0,0.0,0.0,0.21262458471760798
7.0,9.0,49.0,0.1,0.1,0.4,3.0,297.0,0.0,0.0,0.2255892255892256
7.0,9.0,50.0,0.1,0.1,0.4,3.0,300.0,0.0,0.0,0.21333333333333335
7.0,9.0,51.0,0.1,0.1,0.4,3.0,298.0,0.0,0.0,0.22483221476510068
7.0,9.0,52.0,0.1,0.1,0.4,3.0,300.0,0.0,0.0,0.21333333333333335
7.0,10.0,1.0,0.1,0.1,0.4,3.0,295.0,0.0,0.0,0.2271186440677966
7.0,10.0,2.0,0.1,0.1,0.4,3.0,300.0,0.0,0.0,0.21333333333333335
7.0,10.0,3.0,0.1,0.1,0.4,3.0,296.0,0.0,0.0,0.22635135135135134
7.0,10.0,4.0,0.1,0.1,0.4,3.0,299.0,0.0,0.0,0.2140468227424749
7.0,10.0,5.0,0.1,0.1,0.4,3.0,295.0,0.0,0.0,0.2271186440677966
7.0,10.0,6.0,0.1,0.1,0.4,3.0,299.0,0.0,0.0,0.2140468227424749
7.0,10.0,7.0,0.1,0.1,0.4,3.0,296.0,0.0,0.0,0.22635135135135134
7.0,10.0,8.0,0.1,0.1,0.4,3.0,299.0,0.0,0.0,0.2140468227424749
7.0,10.0,9.0,0.1,0.1,0.4,3.0,296.0,0.0,0.0,0.22635135135135134
7.0,10.0,10.0,0.1,0.1,0.4,3.0,299.0,0.0,0.0,0.2140468227424749
7.0,10.0,11.0,0.1,0.1,0.4,3.0,296.0,0.0,0.0,0.22635135135135134
7.0,10.0,12.0,0.1,0.1,0.4,3.0,298.0,0.0,0.0,0.21476510067114093
7.0,10.0,13.0,0.1,0.1,0.4,3.0,296.0,0.0,0.0,0.22635135135135134
7.0,10.0,14.0,0.1,0.1,0.4,3.0,298.0,0.0,0.0,0.21476510067114093
7.0,10.0,15.0,0.1,0.1,0.4,3.0,297.0,0.0,0.0,0.2255892255892256
7.0,10.0,16.0,0.1,0.1,0.4,3.0,298.0,0.0,0.0,0.21476510067114093
7.0,10.0,17.0,0.1,0.1,0.4,3.0,296.0,0.0,0.0,0.22635135135135134
7.0,10.0,18.0,0.1,0.1,0.4,3.0,297.0,0.0,0.0,0.21548821548821548
7.0,10.0,19.0,0.1,0.1,0.4,3.0,296.0,0.0,0.0,0.22635135135135134
7.0,10.0,20.0,0.1,0.1,0.4,3.0,509.0,0.0,0.0,0.11198428290766209
7.0,10.0,21.0,0.1,0.1,0.4,3.0,499.0,0.0,0.0,0.11823647294589178
7.0,10.0,22.0,0.1,0.1,0.4,3.0,509.0,0.0,0.0,0.11198428290766209
7.0,10.0,23.0,0.1,0.1,0.4,3.0,497.0,0.0,0.0,0.11871227364185111
7.0,10.0,24.0,0.1,0.1,0.4,3.0,509.0,0.0,0.0,0.11198428290766209
7.0,10.0,25.0,0.1,0.1,0.4,3.0,486.0,0.0,0.0,0.12139917695473251
7.0,10.0,26.0,0.1,0.1,0.4,3.0,469.0,0.0,0.0,0.12153518123667377
7.0,10.0,27.0,0.1,0.1,0.4,3.0,459.0,0.0,0.0,0.12636165577342048
7.0,10.0,28.0,0.1,0.1,0.4,3.0,452.0,0.0,0.0,0.12168141592920353
7.0,10.0,29.0,0.1,0.1,0.4,3.0,450.0,0.0,0.0,0.12666666666666668
7.0,10.0,30.0,0.1,0.1,0.4,3.0,448.0,0.0,0.0,0.12053571428571429
7.0,10.0,31.0,0.1,0.1,0.4,3.0,442.0,0.0,0.0,0.12669683257918551
7.0,10.0,32.0,0.1,0.1,0.4,3.0,430.0,0.0,0.0,0.12325581395348838
7.0,10.0,33.0,0.1,0.1,0.4,3.0,423.0,0.0,0.0,0.13238770685579196
7.0,10.0,34.0,0.1,0.1,0.4,3.0,404.0,0.0,0.0,0.12871287128712872
7.0,10.0,35.0,0.1,0.1,0.4,3.0,393.0,0.0,0.0,0.13994910941475827
7.0,10.0,36.0,0.1,0.1,0.4,3.0,392.0,0.0,0.0,0.1326530612244898
7.0,10.0,37.0,0.1,0.1,0.4,3.0,393.0,0.0,0.0,0.13994910941475827
7.0,10.0,38.0,0.1,0.1,0.4,3.0,391.0,0.0,0.0,0.1329923273657289
7.0,10.0,39.0,0.1,0.1,0.4,3.0,385.0,0.0,0.0,0.14025974025974025
7.0,10.0,40.0,0.1,0.1,0.4,3.0,382.0,0.0,0.0,0.13350785340314136
7.0,10.0,41.0,0.1,0.1,0.4,3.0,374.0,0.0,0.0,0.1443850267379679
7.0,10.0,42.0,0.1,0.1,0.4,3.0,371.0,0.0,0.0,0.13746630727762804
7.0,10.0,43.0,0.1,0.1,0.4,3.0,374.0,0.0,0.0,0.1443850267379679
7.0,10.0,44.0,0.1,0.1,0.4,3.0,370.0,0.0,0.0,0.13783783783783785
7.0,10.0,45.0,0.1,0.1,0.4,3.0,372.0,0.0,0.0,0.21774193548387097
7.0,10.0,46.0,0.1,0.1,0.4,3.0,353.0,0.0,0.0,0.21529745042492918
7.0,10.0,47.0,0.1,0.1,0.4,3.0,352.0,0.0,0.0,0.2215909090909091
7.0,10.0,48.0,0.1,0.1,0.4,3.0,353.0,0.0,0.0,0.21529745042492918
7.0,10.0,49.0,0.1,0.1,0.4,3.0,341.0,0.0,0.0,0.22580645161290322
7.0,10.0,50.0,0.1,0.1,0.4,3.0,344.0,0.0,0.0,0.2180232558139535
7.0,10.0,51.0,0.1,0.1,0.4,3.0,346.0,0.0,0.0,0.22254335260115607
7.0,10.0,52.0,0.1,0.1,0.4,3.0,345.0,0.0,0.0,0.21739130434782608
8.0,1.0,1.0,0.1,0.1,0.4,3.0,5151.0,54.0,8.0,0.0972626674432149
8.0,1.0,2.0,0.1,0.1,0.4,3.0,5018.0,57.0,15.0,0.09665205261060184
8.0,1.0,3.0,0.1,0.1,0.4,3.0,4973.0,68.0,29.0,0.09913533078624573
8.0,1.0,4.0,0.1,0.1,0.4,3.0,4853.0,79.0,37.0,0.09890789202555121
8.0,1.0,5.0,0.1,0.1,0.4,3.0,4767.0,94.0,44.0,0.09943360604153556
8.0,1.0,6.0,0.1,0.1,0.4,3.0,4569.0,130.0,44.0,0.1022105493543445
8.0,1.0,7.0,0.1,0.1,0.4,3.0,4368.0,137.0,43.0,0.10096153846153846
8.0,1.0,8.0,0.1,0.1,0.4,3.0,4152.0,143.0,54.0,0.1035645472061657
8.0,1.0,9.0,0.1,0.1,0.4,3.0,4020.0,162.0,71.0,0.10298507462686567
8.0,1.0,10.0,0.1,0.1,0.4,3.0,3813.0,192.0,79.0,0.10306845003933911
8.0,1.0,11.0,0.1,0.1,0.4,3.0,3676.0,186.0,74.0,0.10282916213275299
8.0,1.0,12.0,0.1,0.1,0.4,3.0,3580.0,213.0,84.0,0.10279329608938548
8.0,1.0,13.0,0.1,0.1,0.4,3.0,3381.0,217.0,94.0,0.1044069801833777
8.0,1.0,14.0,0.1,0.1,0.4,3.0,3254.0,226.0,102.0,0.10694529809465274
8.0,1.0,15.0,0.1,0.1,0.4,3.0,3135.0,218.0,102.0,0.10622009569377991
8.0,1.0,16.0,0.1,0.1,0.4,3.0,2990.0,207.0,102.0,0.11003344481605351
8.0,1.0,17.0,0.1,0.1,0.4,3.0,2902.0,200.0,108.0,0.10957960027567196
8.0,1.0,18.0,0.1,0.1,0.4,3.0,2803.0,208.0,108.0,0.11344987513378522
8.0,1.0,19.0,0.1,0.1,0.4,3.0,2699.0,195.0,98.0,0.11559836976658021
8.0,1.0,20.0,0.1,0.1,0.4,3.0,7195.0,180.0,86.0,0.043085476025017375
8.0,1.0,21.0,0.1,0.1,0.4,3.0,6555.0,267.0,77.0,0.042410373760488174
8.0,1.0,22.0,0.1,0.1,0.4,3.0,6038.0,311.0,81.0,0.043226233852268967
8.0,1.0,23.0,0.1,0.1,0.4,3.0,5605.0,338.0,112.0,0.043889384478144514
8.0,1.0,24.0,0.1,0.1,0.4,3.0,4998.0,359.0,143.0,0.0468187274909964
8.0,1.0,25.0,0.1,0.1,0.4,3.0,4708.0,412.0,166.0,0.046941376380628716
8.0,1.0,26.0,0.1,0.1,0.4,3.0,4280.0,423.0,165.0,0.04813084112149533
8.0,1.0,27.0,0.1,0.1,0.4,3.0,3864.0,447.0,181.0,0.049689440993788817
8.0,1.0,28.0,0.1,0.1,0.4,3.0,3595.0,457.0,175.0,0.05201668984700974
8.0,1.0,29.0,0.1,0.1,0.4,3.0,3356.0,455.0,198.0,0.0533373063170441
8.0,1.0,30.0,0.1,0.1,0.4,3.0,3098.0,443.0,200.0,0.056488056810845705
8.0,1.0,31.0,0.1,0.1,0.4,3.0,2921.0,444.0,204.0,0.05819924683327628
8.0,1.0,32.0,0.1,0.1,0.4,3.0,2730.0,414.0,181.0,0.06043956043956044
8.0,1.0,33.0,0.1,0.1,0.4,3.0,2459.0,390.0,171.0,0.06588043920292802
8.0,1.0,34.0,0.1,0.1,0.4,3.0,2260.0,379.0,181.0,0.07079646017699115
8.0,1.0,35.0,0.1,0.1,0.4,3.0,2067.0,369.0,189.0,0.07547169811320754
8.0,1.0,36.0,0.1,0.1,0.4,3.0,1944.0,356.0,181.0,0.07921810699588477
8.0,1.0,37.0,0.1,0.1,0.4,3.0,1788.0,309.0,156.0,0.08445190156599552
8.0,1.0,38.0,0.1,0.1,0.4,3.0,1678.0,283.0,147.0,0.08760429082240763
8.0,1.0,39.0,0.1,0.1,0.4,3.0,1554.0,256.0,132.0,0.0933075933075933
8.0,1.0,40.0,0.1,0.1,0.4,3.0,1460.0,229.0,135.0,0.0958904109589041
8.0,1.0,41.0,0.1,0.1,0.4,3.0,1385.0,201.0,109.0,0.09963898916967509
8.0,1.0,42.0,0.1,0.1,0.4,3.0,1319.0,181.0,95.0,0.1023502653525398
8.0,1.0,43.0,0.1,0.1,0.4,3.0,1240.0,159.0,71.0,0.10806451612903226
8.0,1.0,44.0,0.1,0.1,0.4,3.0,1194.0,151.0,75.0,0.10887772194304858
8.0,1.0,45.0,0.1,0.1,0.4,3.0,1108.0,132.0,73.0,0.17779783393501805
8.0,1.0,46.0,0.1,0.1,0.4,3.0,1061.0,118.0,68.0,0.18190386427898209
8.0,1.0,47.0,0.1,0.1,0.4,3.0,1031.0,105.0,49.0,0.18622696411251213
8.0,1.0,48.0,0.1,0.1,0.4,3.0,977.0,94.0,33.0,0.18935516888433981
8.0,1.0,49.0,0.1,0.1,0.4,3.0,958.0,92.0,42.0,0.1931106471816284
8.0,1.0,50.0,0.1,0.1,0.4,3.0,905.0,97.0,50.0,0.19889502762430938
8.0,1.0,51.0,0.1,0.1,0.4,3.0,896.0,100.0,57.0,0.19866071428571427
8.0,1.0,52.0,0.1,0.1,0.4,3.0,873.0,94.0,54.0,0.20504009163802978
8.0,2.0,1.0,0.1,0.1,0.4,3.0,853.0,89.0,50.0,0.2063305978898007
8.0,2.0,2.0,0.1,0.1,0.4,3.0,828.0,86.0,45.0,0.2113526570048309
8.0,2.0,3.0,0.1,0.1,0.4,3.0,805.0,76.0,34.0,0.21490683229813665
8.0,2.0,4.0,0.1,0.1,0.4,3.0,778.0,68.0,35.0,0.2210796915167095
8.0,2.0,5.0,0.1,0.1,0.4,3.0,768.0,65.0,34.0,0.22265625
8.0,2.0,6.0,0.1,0.1,0.4,3.0,752.0,62.0,35.0,0.22340425531914893
8.0,2.0,7.0,0.1,0.1,0.4,3.0,737.0,53.0,26.0,0.22523744911804613
8.0,2.0,8.0,0.1,0.1,0.4,3.0,721.0,47.0,28.0,0.2302357836338419
8.0,2.0,9.0,0.1,0.1,0.4,3.0,709.0,43.0,21.0,0.22849083215796898
8.0,2.0,10.0,0.1,0.1,0.4,3.0,696.0,38.0,21.0,0.23132183908045978
8.0,2.0,11.0,0.1,0.1,0.4,3.0,681.0,31.0,16.0,0.23348017621145375
8.0,2.0,12.0,0.1,0.1,0.4,3.0,670.0,33.0,19.0,0.23582089552238805
8.0,2.0,13.0,0.1,0.1,0.4,3.0,662.0,30.0,15.0,0.23564954682779457
8.0,2.0,14.0,0.1,0.1,0.4,3.0,646.0,26.0,11.0,0.23993808049535603
8.0,2.0,15.0,0.1,0.1,0.4,3.0,640.0,25.0,10.0,0.2390625
8.0,2.0,16.0,0.1,0.1,0.4,3.0,630.0,24.0,11.0,0.24126984126984127
8.0,2.0,17.0,0.1,0.1,0.4,3.0,629.0,25.0,14.0,0.24165341812400637
8.0,2.0,18.0,0.1,0.1,0.4,3.0,608.0,20.0,14.0,0.24671052631578946
8.0,2.0,19.0,0.1,0.1,0.4,3.0,608.0,20.0,12.0,0.24671052631578946
8.0,2.0,20.0,0.1,0.1,0.4,3.0,1091.0,18.0,10.0,0.13290559120073328
8.0,2.0,21.0,0.1,0.1,0.4,3.0,1066.0,14.0,8.0,0.13320825515947468
8.0,2.0,22.0,0.1,0.1,0.4,3.0,988.0,12.0,8.0,0.13562753036437247
8.0,2.0,23.0,0.1,0.1,0.4,3.0,967.0,10.0,8.0,0.13857290589451912
8.0,2.0,24.0,0.1,0.1,0.4,3.0,887.0,6.0,5.0,0.14317925591882752
8.0,2.0,25.0,0.1,0.1,0.4,3.0,853.0,6.0,3.0,0.1395076201641266
8.0,2.0,26.0,0.1,0.1,0.4,3.0,828.0,5.0,2.0,0.14130434782608695
8.0,2.0,27.0,0.1,0.1,0.4,3.0,816.0,5.0,1.0,0.1409313725490196
8.0,2.0,28.0,0.1,0.1,0.4,3.0,769.0,5.0,2.0,0.1469440832249675
8.0,2.0,29.0,0.1,0.1,0.4,3.0,748.0,5.0,2.0,0.1443850267379679
8.0,2.0,30.0,0.1,0.1,0.4,3.0,745.0,5.0,4.0,0.14630872483221477
8.0,2.0,31.0,0.1,0.1,0.4,3.0,694.0,5.0,3.0,0.14697406340057637
8.0,2.0,32.0,0.1,0.1,0.4,3.0,659.0,2.0,2.0,0.15326251896813353
8.0,2.0,33.0,0.1,0.1,0.4,3.0,635.0,1.0,1.0,0.15433070866141732
8.0,2.0,34.0,0.1,0.1,0.4,3.0,623.0,1.0,1.0,0.15569823434991975
8.0,2.0,35.0,0.1,0.1,0.4,3.0,620.0,0.0,0.0,0.15645161290322582
8.0,2.0,36.0,0.1,0.1,0.4,3.0,617.0,0.0,0.0,0.15721231766612642
8.0,2.0,37.0,0.1,0.1,0.4,3.0,599.0,0.0,0.0,0.15692821368948248
8.0,2.0,38.0,0.1,0.1,0.4,3.0,604.0,0.0,0.0,0.15728476821192053
8.0,2.0,39.0,0.1,0.1,0.4,3.0,593.0,0.0,0.0,0.15851602023608768
8.0,2.0,40.0,0.1,0.1,0.4,3.0,591.0,0.0,0.0,0.16074450084602368
8.0,2.0,41.0,0.1,0.1,0.4,3.0,584.0,0.0,0.0,0.15924657534246575
8.0,2.0,42.0,0.1,0.1,0.4,3.0,569.0,0.0,0.0,0.15992970123022848
8.0,2.0,43.0,0.1,0.1,0.4,3.0,564.0,0.0,0.0,0.15780141843971632
8.0,2.0,44.0,0.1,0.1,0.4,3.0,547.0,0.0,0.0,0.16270566727605118
8.0,2.0,45.0,0.1,0.1,0.4,3.0,532.0,0.0,0.0,0.2274436090225564
8.0,2.0,46.0,0.1,0.1,0.4,3.0,518.0,0.0,0.0,0.2277992277992278
8.0,2.0,47.0,0.1,0.1,0.4,3.0,495.0,0.0,0.0,0.22626262626262628
8.0,2.0,48.0,0.1,0.1,0.4,3.0,468.0,0.0,0.0,0.22008547008547008
8.0,2.0,49.0,0.1,0.1,0.4,3.0,451.0,0.0,0.0,0.22394678492239467
8.0,2.0,50.0,0.1,0.1,0.4,3.0,456.0,0.0,0.0,0.21710526315789475
8.0,2.0,51.0,0.1,0.1,0.4,3.0,454.0,0.0,0.0,0.22026431718061673
8.0,2.0,52.0,0.1,0.1,0.4,3.0,453.0,0.0,0.0,0.2141280353200883
8.0,3.0,1.0,0.1,0.1,0.4,3.0,450.0,0.0,0.0,0.22
8.0,3.0,2.0,0.1,0.1,0.4,3.0,449.0,0.0,0.0,0.21603563474387527
8.0,3.0,3.0,0.1,0.1,0.4,3.0,446.0,0.0,0.0,0.2219730941704036
8.0,3.0,4.0,0.1,0.1,0.4,3.0,444.0,0.0,0.0,0.21846846846846846
8.0,3.0,5.0,0.1,0.1,0.4,3.0,441.0,0.0,0.0,0.2199546485260771
8.0,3.0,6.0,0.1,0.1,0.4,3.0,434.0,0.0,0.0,0.21658986175115208
8.0,3.0,7.0,0.1,0.1,0.4,3.0,429.0,0.0,0.0,0.2191142191142191
8.0,3.0,8.0,0.1,0.1,0.4,3.0,427.0,0.0,0.0,0.20843091334894615
8.0,3.0,9.0,0.1,0.1,0.4,3.0,421.0,0.0,0.0,0.21140142517814728
8.0,3.0,10.0,0.1,0.1,0.4,3.0,422.0,0.0,0.0,0.20616113744075829
8.0,3.0,11.0,0.1,0.1,0.4,3.0,414.0,0.0,0.0,0.21014492753623187
8.0,3.0,12.0,0.1,0.1,0.4,3.0,413.0,0.0,0.0,0.20823244552058112
8.0,3.0,13.0,0.1,0.1,0.4,3.0,404.0,0.0,0.0,0.21534653465346534
8.0,3.0,14.0,0.1,0.1,0.4,3.0,400.0,0.0,0.0,0.21
8.0,3.0,15.0,0.1,0.1,0.4,3.0,387.0,0.0,0.0,0.2144702842377261
8.0,3.0,16.0,0.1,0.1,0.4,3.0,374.0,0.0,0.0,0.20320855614973263
8.0,3.0,17.0,0.1,0.1,0.4,3.0,373.0,0.0,0.0,0.20911528150134048
8.0,3.0,18.0,0.1,0.1,0.4,3.0,373.0,0.0,0.0,0.2037533512064343
8.0,3.0,19.0,0.1,0.1,0.4,3.0,371.0,0.0,0.0,0.21024258760107817
8.0,3.0,20.0,0.1,0.1,0.4,3.0,707.0,0.0,0.0,0.10466760961810467
8.0,3.0,21.0,0.1,0.1,0.4,3.0,696.0,0.0,0.0,0.10919540229885058
8.0,3.0,22.0,0.1,0.1,0.4,3.0,682.0,0.0,0.0,0.10850439882697947
8.0,3.0,23.0,0.1,0.1,0.4,3.0,670.0,0.0,0.0,0.11194029850746269
8.0,3.0,24.0,0.1,0.1,0.4,3.0,654.0,0.0,0.0,0.11162079510703364
8.0,3.0,25.0,0.1,0.1,0.4,3.0,648.0,0.0,0.0,0.11265432098765432
8.0,3.0,26.0,0.1,0.1,0.4,3.0,610.0,0.0,0.0,0.10983606557377049
8.0,3.0,27.0,0.1,0.1,0.4,3.0,599.0,0.0,0.0,0.11686143572621036
8.0,3.0,28.0,0.1,0.1,0.4,3.0,556.0,0.0,0.0,0.11330935251798561
8.0,3.0,29.0,0.1,0.1,0.4,3.0,571.0,0.0,0.0,0.1138353765323993
8.0,3.0,30.0,0.1,0.1,0.4,3.0,550.0,0.0,0.0,0.11090909090909092
8.0,3.0,31.0,0.1,0.1,0.4,3.0,552.0,0.0,0.0,0.11413043478260869
8.0,3.0,32.0,0.1,0.1,0.4,3.0,521.0,0.0,0.0,0.11516314779270634
8.0,3.0,33.0,0.1,0.1,0.4,3.0,530.0,0.0,0.0,0.11509433962264151
8.0,3.0,34.0,0.1,0.1,0.4,3.0,477.0,0.0,0.0,0.11949685534591195
8.0,3.0,35.0,0.1,0.1,0.4,3.0,484.0,0.0,0.0,0.11983471074380166
8.0,3.0,36.0,0.1,0.1,0.4,3.0,463.0,0.0,0.0,0.11879049676025918
8.0,3.0,37.0,0.1,0.1,0.4,3.0,476.0,0.0,0.0,0.11974789915966387
8.0,3.0,38.0,0.1,0.1,0.4,3.0,452.0,0.0,0.0,0.12168141592920353
8.0,3.0,39.0,0.1,0.1,0.4,3.0,447.0,0.0,0.0,0.12080536912751678
8.0,3.0,40.0,0.1,0.1,0.4,3.0,416.0,0.0,0.0,0.11538461538461539
8.0,3.0,41.0,0.1,0.1,0.4,3.0,420.0,0.0,0.0,0.11428571428571428
8.0,3.0,42.0,0.1,0.1,0.4,3.0,404.0,0.0,0.0,0.11633663366336634
8.0,3.0,43.0,0.1,0.1,0.4,3.0,406.0,0.0,0.0,0.11576354679802955
8.0,3.0,44.0,0.1,0.1,0.4,3.0,395.0,0.0,0.0,0.11645569620253164
8.0,3.0,45.0,0.1,0.1,0.4,3.0,400.0,0.0,0.0,0.2
8.0,3.0,46.0,0.1,0.1,0.4,3.0,395.0,0.0,0.0,0.20253164556962025
8.0,3.0,47.0,0.1,0.1,0.4,3.0,393.0,0.0,0.0,0.19592875318066158
8.0,3.0,48.0,0.1,0.1,0.4,3.0,377.0,0.0,0.0,0.1962864721485411
8.0,3.0,49.0,0.1,0.1,0.4,3.0,363.0,0.0,0.0,0.19559228650137742
8.0,3.0,50.0,0.1,0.1,0.4,3.0,358.0,0.0,0.0,0.19553072625698323
8.0,3.0,51.0,0.1,0.1,0.4,3.0,359.0,0.0,0.0,0.19220055710306408
8.0,3.0,52.0,0.1,0.1,0.4,3.0,352.0,0.0,0.0,0.1903409090909091
8.0,4.0,1.0,0.1,0.1,0.4,3.0,345.0,0.0,0.0,0.1855072463768116
8.0,4.0,2.0,0.1,0.1,0.4,3.0,339.0,0.0,0.0,0.1887905604719764
8.0,4.0,3.0,0.1,0.1,0.4,3.0,331.0,0.0,0.0,0.18126888217522658
8.0,4.0,4.0,0.1,0.1,0.4,3.0,325.0,0.0,0.0,0.1753846153846154
8.0,4.0,5.0,0.1,0.1,0.4,3.0,325.0,0.0,0.0,0.1753846153846154
8.0,4.0,6.0,0.1,0.1,0.4,3.0,319.0,0.0,0.0,0.1786833855799373
8.0,4.0,7.0,0.1,0.1,0.4,3.0,315.0,0.0,0.0,0.17142857142857143
8.0,4.0,8.0,0.1,0.1,0.4,3.0,300.0,0.0,0.0,0.17
8.0,4.0,9.0,0.1,0.1,0.4,3.0,303.0,0.0,0.0,0.16831683168316833
8.0,4.0,10.0,0.1,0.1,0.4,3.0,299.0,0.0,0.0,0.1705685618729097
8.0,4.0,11.0,0.1,0.1,0.4,3.0,302.0,0.0,0.0,0.16887417218543047
8.0,4.0,12.0,0.1,0.1,0.4,3.0,297.0,0.0,0.0,0.1717171717171717
8.0,4.0,13.0,0.1,0.1,0.4,3.0,299.0,0.0,0.0,0.16722408026755853
8.0,4.0,14.0,0.1,0.1,0.4,3.0,291.0,0.0,0.0,0.1718213058419244
8.0,4.0,15.0,0.1,0.1,0.4,3.0,294.0,0.0,0.0,0.17006802721088435
8.0,4.0,16.0,0.1,0.1,0.4,3.0,290.0,0.0,0.0,0.1724137931034483
8.0,4.0,17.0,0.1,0.1,0.4,3.0,293.0,0.0,0.0,0.17064846416382254
8.0,4.0,18.0,0.1,0.1,0.4,3.0,290.0,0.0,0.0,0.1724137931034483
8.0,4.0,19.0,0.1,0.1,0.4,3.0,292.0,0.0,0.0,0.1678082191780822
8.0,4.0,20.0,0.1,0.1,0.4,3.0,565.0,0.0,0.0,0.08672566371681416
8.0,4.0,21.0,0.1,0.1,0.4,3.0,535.0,0.0,0.0,0.08785046728971962
8.0,4.0,22.0,0.1,0.1,0.4,3.0,506.0,0.0,0.0,0.09288537549407115
8.0,4.0,23.0,0.1,0.1,0.4,3.0,516.0,0.0,0.0,0.09108527131782945
8.0,4.0,24.0,0.1,0.1,0.4,3.0,506.0,0.0,0.0,0.09288537549407115
8.0,4.0,25.0,0.1,0.1,0.4,3.0,507.0,0.0,0.0,0.09270216962524655
8.0,4.0,26.0,0.1,0.1,0.4,3.0,452.0,0.0,0.0,0.09734513274336283
8.0,4.0,27.0,0.1,0.1,0.4,3.0,463.0,0.0,0.0,0.09503239740820735
8.0,4.0,28.0,0.1,0.1,0.4,3.0,444.0,0.0,0.0,0.0990990990990991
8.0,4.0,29.0,0.1,0.1,0.4,3.0,436.0,0.0,0.0,0.09862385321100918
8.0,4.0,30.0,0.1,0.1,0.4,3.0,423.0,0.0,0.0,0.1016548463356974
8.0,4.0,31.0,0.1,0.1,0.4,3.0,428.0,0.0,0.0,0.09813084112149532
8.0,4.0,32.0,0.1,0.1,0.4,3.0,412.0,0.0,0.0,0.09951456310679611
8.0,4.0,33.0,0.1,0.1,0.4,3.0,417.0,0.0,0.0,0.09832134292565947
8.0,4.0,34.0,0.1,0.1,0.4,3.0,396.0,0.0,0.0,0.10101010101010101
8.0,4.0,35.0,0.1,0.1,0.4,3.0,379.0,0.0,0.0,0.10026385224274406
8.0,4.0,36.0,0.1,0.1,0.4,3.0,363.0,0.0,0.0,0.1046831955922865
8.0,4.0,37.0,0.1,0.1,0.4,3.0,346.0,0.0,0.0,0.09826589595375723
8.0,4.0,38.0,0.1,0.1,0.4,3.0,332.0,0.0,0.0,0.10240963855421686
8.0,4.0,39.0,0.1,0.1,0.4,3.0,337.0,0.0,0.0,0.09792284866468842
8.0,4.0,40.0,0.1,0.1,0.4,3.0,330.0,0.0,0.0,0.1
8.0,4.0,41.0,0.1,0.1,0.4,3.0,333.0,0.0,0.0,0.0990990990990991
8.0,4.0,42.0,0.1,0.1,0.4,3.0,327.0,0.0,0.0,0.10091743119266056
8.0,4.0,43.0,0.1,0.1,0.4,3.0,330.0,0.0,0.0,0.1
8.0,4.0,44.0,0.1,0.1,0.4,3.0,317.0,0.0,0.0,0.10094637223974763
8.0,4.0,45.0,0.1,0.1,0.4,3.0,317.0,0.0,0.0,0.14826498422712933
8.0,4.0,46.0,0.1,0.1,0.4,3.0,309.0,0.0,0.0,0.14563106796116504
8.0,4.0,47.0,0.1,0.1,0.4,3.0,293.0,0.0,0.0,0.14334470989761092
8.0,4.0,48.0,0.1,0.1,0.4,3.0,284.0,0.0,0.0,0.14788732394366197
8.0,4.0,49.0,0.1,0.1,0.4,3.0,281.0,0.0,0.0,0.1423487544483986
8.0,4.0,50.0,0.1,0.1,0.4,3.0,269.0,0.0,0.0,0.1524163568773234
8.0,4.0,51.0,0.1,0.1,0.4,3.0,267.0,0.0,0.0,0.14606741573033707
8.0,4.0,52.0,0.1,0.1,0.4,3.0,265.0,0.0,0.0,0.1509433962264151
8.0,5.0,1.0,0.1,0.1,0.4,3.0,264.0,0.0,0.0,0.14393939393939395
8.0,5.0,2.0,0.1,0.1,0.4,3.0,255.0,0.0,0.0,0.15294117647058825
8.0,5.0,3.0,0.1,0.1,0.4,3.0,254.0,0.0,0.0,0.14960629921259844
8.0,5.0,4.0,0.1,0.1,0.4,3.0,232.0,0.0,0.0,0.16379310344827586
8.0,5.0,5.0,0.1,0.1,0.4,3.0,231.0,0.0,0.0,0.15584415584415584
8.0,5.0,6.0,0.1,0.1,0.4,3.0,226.0,0.0,0.0,0.16371681415929204
8.0,5.0,7.0,0.1,0.1,0.4,3.0,227.0,0.0,0.0,0.15859030837004406
8.0,5.0,8.0,0.1,0.1,0.4,3.0,225.0,0.0,0.0,0.16444444444444445
8.0,5.0,9.0,0.1,0.1,0.4,3.0,225.0,0.0,0.0,0.15555555555555556
8.0,5.0,10.0,0.1,0.1,0.4,3.0,224.0,0.0,0.0,0.16071428571428573
8.0,5.0,11.0,0.1,0.1,0.4,3.0,224.0,0.0,0.0,0.15625
8.0,5.0,12.0,0.1,0.1,0.4,3.0,223.0,0.0,0.0,0.15695067264573992
8.0,5.0,13.0,0.1,0.1,0.4,3.0,223.0,0.0,0.0,0.15246636771300448
8.0,5.0,14.0,0.1,0.1,0.4,3.0,212.0,0.0,0.0,0.16037735849056603
8.0,5.0,15.0,0.1,0.1,0.4,3.0,212.0,0.0,0.0,0.15566037735849056
8.0,5.0,16.0,0.1,0.1,0.4,3.0,210.0,0.0,0.0,0.1619047619047619
8.0,5.0,17.0,0.1,0.1,0.4,3.0,209.0,0.0,0.0,0.15789473684210525
8.0,5.0,18.0,0.1,0.1,0.4,3.0,208.0,0.0,0.0,0.16346153846153846
8.0,5.0,19.0,0.1,0.1,0.4,3.0,208.0,0.0,0.0,0.15865384615384615
8.0,5.0,20.0,0.1,0.1,0.4,3.0,436.0,0.0,0.0,0.0779816513761468
8.0,5.0,21.0,0.1,0.1,0.4,3.0,395.0,0.0,0.0,0.08354430379746836
8.0,5.0,22.0,0.1,0.1,0.4,3.0,386.0,0.0,0.0,0.08808290155440414
8.0,5.0,23.0,0.1,0.1,0.4,3.0,345.0,0.0,0.0,0.08405797101449275
8.0,5.0,24.0,0.1,0.1,0.4,3.0,339.0,0.0,0.0,0.0855457227138643
8.0,5.0,25.0,0.1,0.1,0.4,3.0,339.0,0.0,0.0,0.08259587020648967
8.0,5.0,26.0,0.1,0.1,0.4,3.0,338.0,0.0,0.0,0.08284023668639054
8.0,5.0,27.0,0.1,0.1,0.4,3.0,328.0,0.0,0.0,0.08231707317073171
8.0,5.0,28.0,0.1,0.1,0.4,3.0,328.0,0.0,0.0,0.08536585365853659
8.0,5.0,29.0,0.1,0.1,0.4,3.0,319.0,0.0,0.0,0.08150470219435736
8.0,5.0,30.0,0.1,0.1,0.4,3.0,307.0,0.0,0.0,0.08794788273615635
8.0,5.0,31.0,0.1,0.1,0.4,3.0,278.0,0.0,0.0,0.08633093525179857
8.0,5.0,32.0,0.1,0.1,0.4,3.0,279.0,0.0,0.0,0.08960573476702509
8.0,5.0,33.0,0.1,0.1,0.4,3.0,267.0,0.0,0.0,0.0898876404494382
8.0,5.0,34.0,0.1,0.1,0.4,3.0,266.0,0.0,0.0,0.09398496240601503
8.0,5.0,35.0,0.1,0.1,0.4,3.0,265.0,0.0,0.0,0.09056603773584905
8.0,5.0,36.0,0.1,0.1,0.4,3.0,256.0,0.0,0.0,0.09375
8.0,5.0,37.0,0.1,0.1,0.4,3.0,254.0,0.0,0.0,0.08661417322834646
8.0,5.0,38.0,0.1,0.1,0.4,3.0,255.0,0.0,0.0,0.09019607843137255
8.0,5.0,39.0,0.1,0.1,0.4,3.0,234.0,0.0,0.0,0.08974358974358974
8.0,5.0,40.0,0.1,0.1,0.4,3.0,235.0,0.0,0.0,0.09361702127659574
8.0,5.0,41.0,0.1,0.1,0.4,3.0,226.0,0.0,0.0,0.09292035398230089
8.0,5.0,42.0,0.1,0.1,0.4,3.0,222.0,0.0,0.0,0.0990990990990991
8.0,5.0,43.0,0.1,0.1,0.4,3.0,211.0,0.0,0.0,0.0947867298578199
8.0,5.0,44.0,0.1,0.1,0.4,3.0,212.0,0.0,0.0,0.09905660377358491
8.0,5.0,45.0,0.1,0.1,0.4,3.0,209.0,0.0,0.0,0.16267942583732056
8.0,5.0,46.0,0.1,0.1,0.4,3.0,210.0,0.0,0.0,0.1619047619047619
8.0,5.0,47.0,0.1,0.1,0.4,3.0,207.0,0.0,0.0,0.15942028985507245
8.0,5.0,48.0,0.1,0.1,0.4,3.0,210.0,0.0,0.0,0.1619047619047619
8.0,5.0,49.0,0.1,0.1,0.4,3.0,207.0,0.0,0.0,0.15458937198067632
8.0,5.0,50.0,0.1,0.1,0.4,3.0,208.0,0.0,0.0,0.15865384615384615
8.0,5.0,51.0,0.1,0.1,0.4,3.0,204.0,0.0,0.0,0.1568627450980392
8.0,5.0,52.0,0.1,0.1,0.4,3.0,198.0,0.0,0.0,0.15656565656565657
8.0,6.0,1.0,0.1,0.1,0.4,3.0,196.0,0.0,0.0,0.15306122448979592
8.0,6.0,2.0,0.1,0.1,0.4,3.0,198.0,0.0,0.0,0.15656565656565657
8.0,6.0,3.0,0.1,0.1,0.4,3.0,195.0,0.0,0.0,0.15384615384615385
8.0,6.0,4.0,0.1,0.1,0.4,3.0,196.0,0.0,0.0,0.15306122448979592
8.0,6.0,5.0,0.1,0.1,0.4,3.0,193.0,0.0,0.0,0.15025906735751296
8.0,6.0,6.0,0.1,0.1,0.4,3.0,194.0,0.0,0.0,0.15463917525773196
8.0,6.0,7.0,0.1,0.1,0.4,3.0,192.0,0.0,0.0,0.15104166666666666
8.0,6.0,8.0,0.1,0.1,0.4,3.0,193.0,0.0,0.0,0.15025906735751296
8.0,6.0,9.0,0.1,0.1,0.4,3.0,191.0,0.0,0.0,0.14659685863874344
8.0,6.0,10.0,0.1,0.1,0.4,3.0,192.0,0.0,0.0,0.15104166666666666
8.0,6.0,11.0,0.1,0.1,0.4,3.0,191.0,0.0,0.0,0.14659685863874344
8.0,6.0,12.0,0.1,0.1,0.4,3.0,192.0,0.0,0.0,0.15104166666666666
8.0,6.0,13.0,0.1,0.1,0.4,3.0,191.0,0.0,0.0,0.14659685863874344
8.0,6.0,14.0,0.1,0.1,0.4,3.0,192.0,0.0,0.0,0.15104166666666666
8.0,6.0,15.0,0.1,0.1,0.4,3.0,191.0,0.0,0.0,0.14659685863874344
8.0,6.0,16.0,0.1,0.1,0.4,3.0,192.0,0.0,0.0,0.15104166666666666
8.0,6.0,17.0,0.1,0.1,0.4,3.0,191.0,0.0,0.0,0.14659685863874344
8.0,6.0,18.0,0.1,0.1,0.4,3.0,192.0,0.0,0.0,0.15104166666666666
8.0,6.0,19.0,0.1,0.1,0.4,3.0,190.0,0.0,0.0,0.14210526315789473
8.0,6.0,20.0,0.1,0.1,0.4,3.0,382.0,0.0,0.0,0.07068062827225131
8.0,6.0,21.0,0.1,0.1,0.4,3.0,365.0,0.0,0.0,0.0684931506849315
8.0,6.0,22.0,0.1,0.1,0.4,3.0,355.0,0.0,0.0,0.07042253521126761
8.0,6.0,23.0,0.1,0.1,0.4,3.0,342.0,0.0,0.0,0.06725146198830409
8.0,6.0,24.0,0.1,0.1,0.4,3.0,335.0,0.0,0.0,0.07164179104477612
8.0,6.0,25.0,0.1,0.1,0.4,3.0,325.0,0.0,0.0,0.07076923076923076
8.0,6.0,26.0,0.1,0.1,0.4,3.0,326.0,0.0,0.0,0.0736196319018405
8.0,6.0,27.0,0.1,0.1,0.4,3.0,317.0,0.0,0.0,0.07255520504731862
8.0,6.0,28.0,0.1,0.1,0.4,3.0,317.0,0.0,0.0,0.07255520504731862
8.0,6.0,29.0,0.1,0.1,0.4,3.0,295.0,0.0,0.0,0.0711864406779661
8.0,6.0,30.0,0.1,0.1,0.4,3.0,286.0,0.0,0.0,0.07692307692307693
8.0,6.0,31.0,0.1,0.1,0.4,3.0,274.0,0.0,0.0,0.06934306569343066
8.0,6.0,32.0,0.1,0.1,0.4,3.0,275.0,0.0,0.0,0.07272727272727272
8.0,6.0,33.0,0.1,0.1,0.4,3.0,274.0,0.0,0.0,0.06934306569343066
8.0,6.0,34.0,0.1,0.1,0.4,3.0,274.0,0.0,0.0,0.072992700729927
8.0,6.0,35.0,0.1,0.1,0.4,3.0,273.0,0.0,0.0,0.0695970695970696
8.0,6.0,36.0,0.1,0.1,0.4,3.0,274.0,0.0,0.0,0.072992700729927
8.0,6.0,37.0,0.1,0.1,0.4,3.0,265.0,0.0,0.0,0.07169811320754717
8.0,6.0,38.0,0.1,0.1,0.4,3.0,258.0,0.0,0.0,0.07751937984496124
8.0,6.0,39.0,0.1,0.1,0.4,3.0,257.0,0.0,0.0,0.07392996108949416
8.0,6.0,40.0,0.1,0.1,0.4,3.0,258.0,0.0,0.0,0.07751937984496124
8.0,6.0,41.0,0.1,0.1,0.4,3.0,247.0,0.0,0.0,0.0728744939271255
8.0,6.0,42.0,0.1,0.1,0.4,3.0,248.0,0.0,0.0,0.07661290322580645
8.0,6.0,43.0,0.1,0.1,0.4,3.0,237.0,0.0,0.0,0.0759493670886076
8.0,6.0,44.0,0.1,0.1,0.4,3.0,238.0,0.0,0.0,0.07983193277310924
8.0,6.0,45.0,0.1,0.1,0.4,3.0,237.0,0.0,0.0,0.14767932489451477
8.0,6.0,46.0,0.1,0.1,0.4,3.0,238.0,0.0,0.0,0.15126050420168066
8.0,6.0,47.0,0.1,0.1,0.4,3.0,229.0,0.0,0.0,0.14847161572052403
8.0,6.0,48.0,0.1,0.1,0.4,3.0,230.0,0.0,0.0,0.15217391304347827
8.0,6.0,49.0,0.1,0.1,0.4,3.0,228.0,0.0,0.0,0.14912280701754385
8.0,6.0,50.0,0.1,0.1,0.4,3.0,228.0,0.0,0.0,0.15350877192982457
8.0,6.0,51.0,0.1,0.1,0.4,3.0,227.0,0.0,0.0,0.14977973568281938
8.0,6.0,52.0,0.1,0.1,0.4,3.0,212.0,0.0,0.0,0.16037735849056603
8.0,7.0,1.0,0.1,0.1,0.4,3.0,210.0,0.0,0.0,0.15714285714285714
8.0,7.0,2.0,0.1,0.1,0.4,3.0,203.0,0.0,0.0,0.16748768472906403
8.0,7.0,3.0,0.1,0.1,0.4,3.0,202.0,0.0,0.0,0.16336633663366337
8.0,7.0,4.0,0.1,0.1,0.4,3.0,203.0,0.0,0.0,0.16748768472906403
8.0,7.0,5.0,0.1,0.1,0.4,3.0,202.0,0.0,0.0,0.16336633663366337
8.0,7.0,6.0,0.1,0.1,0.4,3.0,202.0,0.0,0.0,0.16336633663366337
8.0,7.0,7.0,0.1,0.1,0.4,3.0,202.0,0.0,0.0,0.16336633663366337
8.0,7.0,8.0,0.1,0.1,0.4,3.0,200.0,0.0,0.0,0.165
8.0,7.0,9.0,0.1,0.1,0.4,3.0,200.0,0.0,0.0,0.165
8.0,7.0,10.0,0.1,0.1,0.4,3.0,200.0,0.0,0.0,0.165
8.0,7.0,11.0,0.1,0.1,0.4,3.0,199.0,0.0,0.0,0.1658291457286432
8.0,7.0,12.0,0.1,0.1,0.4,3.0,199.0,0.0,0.0,0.1658291457286432
8.0,7.0,13.0,0.1,0.1,0.4,3.0,196.0,0.0,0.0,0.16326530612244897
8.0,7.0,14.0,0.1,0.1,0.4,3.0,196.0,0.0,0.0,0.16326530612244897
8.0,7.0,15.0,0.1,0.1,0.4,3.0,196.0,0.0,0.0,0.16326530612244897
8.0,7.0,16.0,0.1,0.1,0.4,3.0,196.0,0.0,0.0,0.16326530612244897
8.0,7.0,17.0,0.1,0.1,0.4,3.0,196.0,0.0,0.0,0.16326530612244897
8.0,7.0,18.0,0.1,0.1,0.4,3.0,196.0,0.0,0.0,0.16326530612244897
8.0,7.0,19.0,0.1,0.1,0.4,3.0,196.0,0.0,0.0,0.16326530612244897
8.0,7.0,20.0,0.1,0.1,0.4,3.0,421.0,0.0,0.0,0.07600950118764846
8.0,7.0,21.0,0.1,0.1,0.4,3.0,412.0,0.0,0.0,0.07524271844660194
8.0,7.0,22.0,0.1,0.1,0.4,3.0,412.0,0.0,0.0,0.07524271844660194
8.0,7.0,23.0,0.1,0.1,0.4,3.0,378.0,0.0,0.0,0.07671957671957672
8.0,7.0,24.0,0.1,0.1,0.4,3.0,334.0,0.0,0.0,0.07784431137724551
8.0,7.0,25.0,0.1,0.1,0.4,3.0,324.0,0.0,0.0,0.07716049382716049
8.0,7.0,26.0,0.1,0.1,0.4,3.0,308.0,0.0,0.0,0.08116883116883117
8.0,7.0,27.0,0.1,0.1,0.4,3.0,287.0,0.0,0.0,0.08710801393728224
8.0,7.0,28.0,0.1,0.1,0.4,3.0,250.0,0.0,0.0,0.096
8.0,7.0,29.0,0.1,0.1,0.4,3.0,241.0,0.0,0.0,0.0995850622406639
8.0,7.0,30.0,0.1,0.1,0.4,3.0,233.0,0.0,0.0,0.09871244635193133
8.0,7.0,31.0,0.1,0.1,0.4,3.0,225.0,0.0,0.0,0.10222222222222223
8.0,7.0,32.0,0.1,0.1,0.4,3.0,225.0,0.0,0.0,0.10222222222222223
8.0,7.0,33.0,0.1,0.1,0.4,3.0,215.0,0.0,0.0,0.10232558139534884
8.0,7.0,34.0,0.1,0.1,0.4,3.0,207.0,0.0,0.0,0.10628019323671498
8.0,7.0,35.0,0.1,0.1,0.4,3.0,207.0,0.0,0.0,0.10628019323671498
8.0,7.0,36.0,0.1,0.1,0.4,3.0,199.0,0.0,0.0,0.11055276381909548
8.0,7.0,37.0,0.1,0.1,0.4,3.0,199.0,0.0,0.0,0.11055276381909548
8.0,7.0,38.0,0.1,0.1,0.4,3.0,199.0,0.0,0.0,0.11055276381909548
8.0,7.0,39.0,0.1,0.1,0.4,3.0,199.0,0.0,0.0,0.11055276381909548
8.0,7.0,40.0,0.1,0.1,0.4,3.0,198.0,0.0,0.0,0.1111111111111111
8.0,7.0,41.0,0.1,0.1,0.4,3.0,197.0,0.0,0.0,0.1116751269035533
8.0,7.0,42.0,0.1,0.1,0.4,3.0,189.0,0.0,0.0,0.1164021164021164
8.0,7.0,43.0,0.1,0.1,0.4,3.0,189.0,0.0,0.0,0.1164021164021164
8.0,7.0,44.0,0.1,0.1,0.4,3.0,189.0,0.0,0.0,0.1164021164021164
8.0,7.0,45.0,0.1,0.1,0.4,3.0,189.0,0.0,0.0,0.19047619047619047
8.0,7.0,46.0,0.1,0.1,0.4,3.0,189.0,0.0,0.0,0.19047619047619047
8.0,7.0,47.0,0.1,0.1,0.4,3.0,181.0,0.0,0.0,0.19889502762430938
8.0,7.0,48.0,0.1,0.1,0.4,3.0,181.0,0.0,0.0,0.19889502762430938
8.0,7.0,49.0,0.1,0.1,0.4,3.0,181.0,0.0,0.0,0.19889502762430938
8.0,7.0,50.0,0.1,0.1,0.4,3.0,181.0,0.0,0.0,0.19889502762430938
8.0,7.0,51.0,0.1,0.1,0.4,3.0,181.0,0.0,0.0,0.19889502762430938
8.0,7.0,52.0,0.1,0.1,0.4,3.0,181.0,0.0,0.0,0.19889502762430938
8.0,8.0,1.0,0.1,0.1,0.4,3.0,181.0,0.0,0.0,0.19889502762430938
8.0,8.0,2.0,0.1,0.1,0.4,3.0,181.0,0.0,0.0,0.19889502762430938
8.0,8.0,3.0,0.1,0.1,0.4,3.0,181.0,0.0,0.0,0.19889502762430938
8.0,8.0,4.0,0.1,0.1,0.4,3.0,181.0,0.0,0.0,0.19889502762430938
8.0,8.0,5.0,0.1,0.1,0.4,3.0,181.0,0.0,0.0,0.19889502762430938
8.0,8.0,6.0,0.1,0.1,0.4,3.0,173.0,0.0,0.0,0.1907514450867052
8.0,8.0,7.0,0.1,0.1,0.4,3.0,173.0,0.0,0.0,0.1907514450867052
8.0,8.0,8.0,0.1,0.1,0.4,3.0,169.0,0.0,0.0,0.1952662721893491
8.0,8.0,9.0,0.1,0.1,0.4,3.0,169.0,0.0,0.0,0.1952662721893491
8.0,8.0,10.0,0.1,0.1,0.4,3.0,168.0,0.0,0.0,0.19642857142857142
8.0,8.0,11.0,0.1,0.1,0.4,3.0,167.0,0.0,0.0,0.19760479041916168
8.0,8.0,12.0,0.1,0.1,0.4,3.0,159.0,0.0,0.0,0.20754716981132076
8.0,8.0,13.0,0.1,0.1,0.4,3.0,151.0,0.0,0.0,0.2119205298013245
8.0,8.0,14.0,0.1,0.1,0.4,3.0,151.0,0.0,0.0,0.2119205298013245
8.0,8.0,15.0,0.1,0.1,0.4,3.0,151.0,0.0,0.0,0.2119205298013245
8.0,8.0,16.0,0.1,0.1,0.4,3.0,151.0,0.0,0.0,0.2119205298013245
8.0,8.0,17.0,0.1,0.1,0.4,3.0,151.0,0.0,0.0,0.2119205298013245
8.0,8.0,18.0,0.1,0.1,0.4,3.0,151.0,0.0,0.0,0.2119205298013245
8.0,8.0,19.0,0.1,0.1,0.4,3.0,151.0,0.0,0.0,0.2119205298013245
8.0,8.0,20.0,0.1,0.1,0.4,3.0,315.0,0.0,0.0,0.09841269841269841
8.0,8.0,21.0,0.1,0.1,0.4,3.0,292.0,0.0,0.0,0.0958904109589041
8.0,8.0,22.0,0.1,0.1,0.4,3.0,293.0,0.0,0.0,0.09556313993174062
8.0,8.0,23.0,0.1,0.1,0.4,3.0,292.0,0.0,0.0,0.0958904109589041
8.0,8.0,24.0,0.1,0.1,0.4,3.0,293.0,0.0,0.0,0.09556313993174062
8.0,8.0,25.0,0.1,0.1,0.4,3.0,276.0,0.0,0.0,0.10144927536231885
8.0,8.0,26.0,0.1,0.1,0.4,3.0,277.0,0.0,0.0,0.10108303249097472
8.0,8.0,27.0,0.1,0.1,0.4,3.0,276.0,0.0,0.0,0.10144927536231885
8.0,8.0,28.0,0.1,0.1,0.4,3.0,277.0,0.0,0.0,0.10108303249097472
8.0,8.0,29.0,0.1,0.1,0.4,3.0,265.0,0.0,0.0,0.10566037735849057
8.0,8.0,30.0,0.1,0.1,0.4,3.0,266.0,0.0,0.0,0.10526315789473684
8.0,8.0,31.0,0.1,0.1,0.4,3.0,265.0,0.0,0.0,0.10566037735849057
8.0,8.0,32.0,0.1,0.1,0.4,3.0,266.0,0.0,0.0,0.10526315789473684
8.0,8.0,33.0,0.1,0.1,0.4,3.0,257.0,0.0,0.0,0.10505836575875487
8.0,8.0,34.0,0.1,0.1,0.4,3.0,258.0,0.0,0.0,0.10465116279069768
8.0,8.0,35.0,0.1,0.1,0.4,3.0,257.0,0.0,0.0,0.10505836575875487
8.0,8.0,36.0,0.1,0.1,0.4,3.0,258.0,0.0,0.0,0.10465116279069768
8.0,8.0,37.0,0.1,0.1,0.4,3.0,245.0,0.0,0.0,0.10612244897959183
8.0,8.0,38.0,0.1,0.1,0.4,3.0,246.0,0.0,0.0,0.10569105691056911
8.0,8.0,39.0,0.1,0.1,0.4,3.0,245.0,0.0,0.0,0.10612244897959183
8.0,8.0,40.0,0.1,0.1,0.4,3.0,246.0,0.0,0.0,0.10569105691056911
8.0,8.0,41.0,0.1,0.1,0.4,3.0,237.0,0.0,0.0,0.10126582278481013
8.0,8.0,42.0,0.1,0.1,0.4,3.0,230.0,0.0,0.0,0.10434782608695652
8.0,8.0,43.0,0.1,0.1,0.4,3.0,227.0,0.0,0.0,0.10572687224669604
8.0,8.0,44.0,0.1,0.1,0.4,3.0,228.0,0.0,0.0,0.10526315789473684
8.0,8.0,45.0,0.1,0.1,0.4,3.0,227.0,0.0,0.0,0.16299559471365638
8.0,8.0,46.0,0.1,0.1,0.4,3.0,228.0,0.0,0.0,0.16228070175438597
8.0,8.0,47.0,0.1,0.1,0.4,3.0,216.0,0.0,0.0,0.16203703703703703
8.0,8.0,48.0,0.1,0.1,0.4,3.0,209.0,0.0,0.0,0.16267942583732056
8.0,8.0,49.0,0.1,0.1,0.4,3.0,208.0,0.0,0.0,0.16346153846153846
8.0,8.0,50.0,0.1,0.1,0.4,3.0,209.0,0.0,0.0,0.16267942583732056
8.0,8.0,51.0,0.1,0.1,0.4,3.0,208.0,0.0,0.0,0.16346153846153846
8.0,8.0,52.0,0.1,0.1,0.4,3.0,209.0,0.0,0.0,0.16267942583732056
8.0,9.0,1.0,0.1,0.1,0.4,3.0,208.0,0.0,0.0,0.16346153846153846
8.0,9.0,2.0,0.1,0.1,0.4,3.0,209.0,0.0,0.0,0.16267942583732056
8.0,9.0,3.0,0.1,0.1,0.4,3.0,208.0,0.0,0.0,0.16346153846153846
8.0,9.0,4.0,0.1,0.1,0.4,3.0,209.0,0.0,0.0,0.16267942583732056
8.0,9.0,5.0,0.1,0.1,0.4,3.0,207.0,0.0,0.0,0.1642512077294686
8.0,9.0,6.0,0.1,0.1,0.4,3.0,208.0,0.0,0.0,0.16346153846153846
8.0,9.0,7.0,0.1,0.1,0.4,3.0,205.0,0.0,0.0,0.16585365853658537
8.0,9.0,8.0,0.1,0.1,0.4,3.0,206.0,0.0,0.0,0.1650485436893204
8.0,9.0,9.0,0.1,0.1,0.4,3.0,205.0,0.0,0.0,0.16585365853658537
8.0,9.0,10.0,0.1,0.1,0.4,3.0,206.0,0.0,0.0,0.1650485436893204
8.0,9.0,11.0,0.1,0.1,0.4,3.0,202.0,0.0,0.0,0.16831683168316833
8.0,9.0,12.0,0.1,0.1,0.4,3.0,203.0,0.0,0.0,0.16748768472906403
8.0,9.0,13.0,0.1,0.1,0.4,3.0,202.0,0.0,0.0,0.16831683168316833
8.0,9.0,14.0,0.1,0.1,0.4,3.0,203.0,0.0,0.0,0.16748768472906403
8.0,9.0,15.0,0.1,0.1,0.4,3.0,202.0,0.0,0.0,0.16831683168316833
8.0,9.0,16.0,0.1,0.1,0.4,3.0,203.0,0.0,0.0,0.16748768472906403
8.0,9.0,17.0,0.1,0.1,0.4,3.0,201.0,0.0,0.0,0.1691542288557214
8.0,9.0,18.0,0.1,0.1,0.4,3.0,202.0,0.0,0.0,0.16831683168316833
8.0,9.0,19.0,0.1,0.1,0.4,3.0,201.0,0.0,0.0,0.1691542288557214
8.0,9.0,20.0,0.1,0.1,0.4,3.0,347.0,0.0,0.0,0.09221902017291066
8.0,9.0,21.0,0.1,0.1,0.4,3.0,345.0,0.0,0.0,0.0927536231884058
8.0,9.0,22.0,0.1,0.1,0.4,3.0,314.0,0.0,0.0,0.09554140127388536
8.0,9.0,23.0,0.1,0.1,0.4,3.0,313.0,0.0,0.0,0.09584664536741214
8.0,9.0,24.0,0.1,0.1,0.4,3.0,303.0,0.0,0.0,0.09570957095709572
8.0,9.0,25.0,0.1,0.1,0.4,3.0,292.0,0.0,0.0,0.09246575342465753
8.0,9.0,26.0,0.1,0.1,0.4,3.0,290.0,0.0,0.0,0.09310344827586207
8.0,9.0,27.0,0.1,0.1,0.4,3.0,289.0,0.0,0.0,0.09342560553633218
8.0,9.0,28.0,0.1,0.1,0.4,3.0,281.0,0.0,0.0,0.09608540925266904
8.0,9.0,29.0,0.1,0.1,0.4,3.0,267.0,0.0,0.0,0.09737827715355805
8.0,9.0,30.0,0.1,0.1,0.4,3.0,257.0,0.0,0.0,0.10116731517509728
8.0,9.0,31.0,0.1,0.1,0.4,3.0,244.0,0.0,0.0,0.10245901639344263
8.0,9.0,32.0,0.1,0.1,0.4,3.0,245.0,0.0,0.0,0.10204081632653061
8.0,9.0,33.0,0.1,0.1,0.4,3.0,244.0,0.0,0.0,0.10245901639344263
8.0,9.0,34.0,0.1,0.1,0.4,3.0,245.0,0.0,0.0,0.10204081632653061
8.0,9.0,35.0,0.1,0.1,0.4,3.0,244.0,0.0,0.0,0.10245901639344263
8.0,9.0,36.0,0.1,0.1,0.4,3.0,245.0,0.0,0.0,0.10204081632653061
8.0,9.0,37.0,0.1,0.1,0.4,3.0,244.0,0.0,0.0,0.10245901639344263
8.0,9.0,38.0,0.1,0.1,0.4,3.0,245.0,0.0,0.0,0.10204081632653061
8.0,9.0,39.0,0.1,0.1,0.4,3.0,236.0,0.0,0.0,0.1059322033898305
8.0,9.0,40.0,0.1,0.1,0.4,3.0,236.0,0.0,0.0,0.1059322033898305
8.0,9.0,41.0,0.1,0.1,0.4,3.0,235.0,0.0,0.0,0.10638297872340426
8.0,9.0,42.0,0.1,0.1,0.4,3.0,228.0,0.0,0.0,0.10526315789473684
8.0,9.0,43.0,0.1,0.1,0.4,3.0,225.0,0.0,0.0,0.10666666666666667
8.0,9.0,44.0,0.1,0.1,0.4,3.0,217.0,0.0,0.0,0.10599078341013825
8.0,9.0,45.0,0.1,0.1,0.4,3.0,207.0,0.0,0.0,0.178743961352657
8.0,9.0,46.0,0.1,0.1,0.4,3.0,208.0,0.0,0.0,0.1778846153846154
8.0,9.0,47.0,0.1,0.1,0.4,3.0,207.0,0.0,0.0,0.178743961352657
8.0,9.0,48.0,0.1,0.1,0.4,3.0,208.0,0.0,0.0,0.1778846153846154
8.0,9.0,49.0,0.1,0.1,0.4,3.0,199.0,0.0,0.0,0.17587939698492464
8.0,9.0,50.0,0.1,0.1,0.4,3.0,200.0,0.0,0.0,0.175
8.0,9.0,51.0,0.1,0.1,0.4,3.0,199.0,0.0,0.0,0.17587939698492464
8.0,9.0,52.0,0.1,0.1,0.4,3.0,200.0,0.0,0.0,0.175
8.0,10.0,1.0,0.1,0.1,0.4,3.0,199.0,0.0,0.0,0.17587939698492464
8.0,10.0,2.0,0.1,0.1,0.4,3.0,199.0,0.0,0.0,0.17587939698492464
8.0,10.0,3.0,0.1,0.1,0.4,3.0,198.0,0.0,0.0,0.17676767676767677
8.0,10.0,4.0,0.1,0.1,0.4,3.0,199.0,0.0,0.0,0.17587939698492464
8.0,10.0,5.0,0.1,0.1,0.4,3.0,198.0,0.0,0.0,0.17676767676767677
8.0,10.0,6.0,0.1,0.1,0.4,3.0,199.0,0.0,0.0,0.17587939698492464
8.0,10.0,7.0,0.1,0.1,0.4,3.0,198.0,0.0,0.0,0.17676767676767677
8.0,10.0,8.0,0.1,0.1,0.4,3.0,199.0,0.0,0.0,0.17587939698492464
8.0,10.0,9.0,0.1,0.1,0.4,3.0,198.0,0.0,0.0,0.17676767676767677
8.0,10.0,10.0,0.1,0.1,0.4,3.0,199.0,0.0,0.0,0.17587939698492464
8.0,10.0,11.0,0.1,0.1,0.4,3.0,198.0,0.0,0.0,0.17676767676767677
8.0,10.0,12.0,0.1,0.1,0.4,3.0,199.0,0.0,0.0,0.17587939698492464
8.0,10.0,13.0,0.1,0.1,0.4,3.0,198.0,0.0,0.0,0.17676767676767677
8.0,10.0,14.0,0.1,0.1,0.4,3.0,199.0,0.0,0.0,0.17587939698492464
8.0,10.0,15.0,0.1,0.1,0.4,3.0,196.0,0.0,0.0,0.17857142857142858
8.0,10.0,16.0,0.1,0.1,0.4,3.0,195.0,0.0,0.0,0.1794871794871795
8.0,10.0,17.0,0.1,0.1,0.4,3.0,194.0,0.0,0.0,0.18041237113402062
8.0,10.0,18.0,0.1,0.1,0.4,3.0,194.0,0.0,0.0,0.18041237113402062
8.0,10.0,19.0,0.1,0.1,0.4,3.0,193.0,0.0,0.0,0.18134715025906736
8.0,10.0,20.0,0.1,0.1,0.4,3.0,399.0,0.0,0.0,0.08270676691729323
8.0,10.0,21.0,0.1,0.1,0.4,3.0,370.0,0.0,0.0,0.08648648648648649
8.0,10.0,22.0,0.1,0.1,0.4,3.0,370.0,0.0,0.0,0.08648648648648649
8.0,10.0,23.0,0.1,0.1,0.4,3.0,354.0,0.0,0.0,0.0847457627118644
8.0,10.0,24.0,0.1,0.1,0.4,3.0,299.0,0.0,0.0,0.09698996655518395
8.0,10.0,25.0,0.1,0.1,0.4,3.0,291.0,0.0,0.0,0.09965635738831616
8.0,10.0,26.0,0.1,0.1,0.4,3.0,283.0,0.0,0.0,0.10247349823321555
8.0,10.0,27.0,0.1,0.1,0.4,3.0,283.0,0.0,0.0,0.10247349823321555
8.0,10.0,28.0,0.1,0.1,0.4,3.0,270.0,0.0,0.0,0.10740740740740741
8.0,10.0,29.0,0.1,0.1,0.4,3.0,270.0,0.0,0.0,0.10740740740740741
8.0,10.0,30.0,0.1,0.1,0.4,3.0,270.0,0.0,0.0,0.10740740740740741
8.0,10.0,31.0,0.1,0.1,0.4,3.0,261.0,0.0,0.0,0.1111111111111111
8.0,10.0,32.0,0.1,0.1,0.4,3.0,250.0,0.0,0.0,0.116
8.0,10.0,33.0,0.1,0.1,0.4,3.0,240.0,0.0,0.0,0.11666666666666667
8.0,10.0,34.0,0.1,0.1,0.4,3.0,224.0,0.0,0.0,0.125
8.0,10.0,35.0,0.1,0.1,0.4,3.0,224.0,0.0,0.0,0.125
8.0,10.0,36.0,0.1,0.1,0.4,3.0,224.0,0.0,0.0,0.125
8.0,10.0,37.0,0.1,0.1,0.4,3.0,206.0,0.0,0.0,0.13106796116504854
8.0,10.0,38.0,0.1,0.1,0.4,3.0,206.0,0.0,0.0,0.13106796116504854
8.0,10.0,39.0,0.1,0.1,0.4,3.0,206.0,0.0,0.0,0.13106796116504854
8.0,10.0,40.0,0.1,0.1,0.4,3.0,206.0,0.0,0.0,0.13106796116504854
8.0,10.0,41.0,0.1,0.1,0.4,3.0,206.0,0.0,0.0,0.13106796116504854
8.0,10.0,42.0,0.1,0.1,0.4,3.0,205.0,0.0,0.0,0.13170731707317074
8.0,10.0,43.0,0.1,0.1,0.4,3.0,205.0,0.0,0.0,0.13170731707317074
8.0,10.0,44.0,0.1,0.1,0.4,3.0,194.0,0.0,0.0,0.13402061855670103
8.0,10.0,45.0,0.1,0.1,0.4,3.0,194.0,0.0,0.0,0.19072164948453607
8.0,10.0,46.0,0.1,0.1,0.4,3.0,194.0,0.0,0.0,0.19072164948453607
8.0,10.0,47.0,0.1,0.1,0.4,3.0,194.0,0.0,0.0,0.19072164948453607
8.0,10.0,48.0,0.1,0.1,0.4,3.0,185.0,0.0,0.0,0.1945945945945946
8.0,10.0,49.0,0.1,0.1,0.4,3.0,185.0,0.0,0.0,0.1945945945945946
8.0,10.0,50.0,0.1,0.1,0.4,3.0,185.0,0.0,0.0,0.1945945945945946
8.0,10.0,51.0,0.1,0.1,0.4,3.0,185.0,0.0,0.0,0.1945945945945946
8.0,10.0,52.0,0.1,0.1,0.4,3.0,185.0,0.0,0.0,0.1945945945945946
9.0,1.0,1.0,0.1,0.1,0.4,3.0,5220.0,59.0,8.0,0.09980842911877395
9.0,1.0,2.0,0.1,0.1,0.4,3.0,5137.0,62.0,30.0,0.10142106287716567
9.0,1.0,3.0,0.1,0.1,0.4,3.0,4982.0,83.0,43.0,0.1011641910879165
9.0,1.0,4.0,0.1,0.1,0.4,3.0,4919.0,114.0,44.0,0.10266314291522667
9.0,1.0,5.0,0.1,0.1,0.4,3.0,4811.0,125.0,36.0,0.10309706921637914
9.0,1.0,6.0,0.1,0.1,0.4,3.0,4668.0,151.0,40.0,0.10304198800342759
9.0,1.0,7.0,0.1,0.1,0.4,3.0,4451.0,163.0,56.0,0.10447090541451359
9.0,1.0,8.0,0.1,0.1,0.4,3.0,4275.0,189.0,81.0,0.10409356725146199
9.0,1.0,9.0,0.1,0.1,0.4,3.0,4084.0,230.0,97.0,0.10430950048971596
9.0,1.0,10.0,0.1,0.1,0.4,3.0,3868.0,240.0,102.0,0.10341261633919338
9.0,1.0,11.0,0.1,0.1,0.4,3.0,3726.0,263.0,116.0,0.10628019323671498
9.0,1.0,12.0,0.1,0.1,0.4,3.0,3524.0,251.0,116.0,0.10698070374574348
9.0,1.0,13.0,0.1,0.1,0.4,3.0,3361.0,255.0,117.0,0.10740850937221065
9.0,1.0,14.0,0.1,0.1,0.4,3.0,3226.0,265.0,118.0,0.10818350898946064
9.0,1.0,15.0,0.1,0.1,0.4,3.0,3085.0,278.0,133.0,0.10956239870340356
9.0,1.0,16.0,0.1,0.1,0.4,3.0,2900.0,266.0,126.0,0.11241379310344828
9.0,1.0,17.0,0.1,0.1,0.4,3.0,2799.0,265.0,131.0,0.11468381564844587
9.0,1.0,18.0,0.1,0.1,0.4,3.0,2682.0,244.0,123.0,0.116331096196868
9.0,1.0,19.0,0.1,0.1,0.4,3.0,2579.0,231.0,115.0,0.11865063978286157
9.0,1.0,20.0,0.1,0.1,0.4,3.0,6963.0,217.0,112.0,0.04337210972282062
9.0,1.0,21.0,0.1,0.1,0.4,3.0,6263.0,300.0,87.0,0.04390866996646974
9.0,1.0,22.0,0.1,0.1,0.4,3.0,5605.0,330.0,112.0,0.04406779661016949
9.0,1.0,23.0,0.1,0.1,0.4,3.0,5235.0,422.0,130.0,0.04527220630372493
9.0,1.0,24.0,0.1,0.1,0.4,3.0,4794.0,451.0,156.0,0.046725073007926575
9.0,1.0,25.0,0.1,0.1,0.4,3.0,4428.0,454.0,157.0,0.04832881662149955
9.0,1.0,26.0,0.1,0.1,0.4,3.0,4080.0,492.0,169.0,0.05073529411764706
9.0,1.0,27.0,0.1,0.1,0.4,3.0,3782.0,501.0,191.0,0.05314648334214701
9.0,1.0,28.0,0.1,0.1,0.4,3.0,3496.0,509.0,199.0,0.05348970251716247
9.0,1.0,29.0,0.1,0.1,0.4,3.0,3314.0,542.0,225.0,0.05431502715751358
9.0,1.0,30.0,0.1,0.1,0.4,3.0,3072.0,529.0,230.0,0.056640625
9.0,1.0,31.0,0.1,0.1,0.4,3.0,2867.0,530.0,232.0,0.05929543076386467
9.0,1.0,32.0,0.1,0.1,0.4,3.0,2570.0,496.0,221.0,0.06381322957198443
9.0,1.0,33.0,0.1,0.1,0.4,3.0,2372.0,469.0,215.0,0.06661045531197302
9.0,1.0,34.0,0.1,0.1,0.4,3.0,2226.0,449.0,221.0,0.06918238993710692
9.0,1.0,35.0,0.1,0.1,0.4,3.0,2080.0,421.0,201.0,0.07211538461538461
9.0,1.0,36.0,0.1,0.1,0.4,3.0,1946.0,376.0,173.0,0.07605344295991778
9.0,1.0,37.0,0.1,0.1,0.4,3.0,1741.0,313.0,165.0,0.08213670304422746
9.0,1.0,38.0,0.1,0.1,0.4,3.0,1644.0,264.0,151.0,0.08698296836982969
9.0,1.0,39.0,0.1,0.1,0.4,3.0,1494.0,239.0,133.0,0.09170013386880857
9.0,1.0,40.0,0.1,0.1,0.4,3.0,1381.0,206.0,104.0,0.09847936278059377
9.0,1.0,41.0,0.1,0.1,0.4,3.0,1283.0,175.0,83.0,0.10366328916601715
9.0,1.0,42.0,0.1,0.1,0.4,3.0,1228.0,155.0,82.0,0.10586319218241043
9.0,1.0,43.0,0.1,0.1,0.4,3.0,1166.0,127.0,67.0,0.11063464837049743
9.0,1.0,44.0,0.1,0.1,0.4,3.0,1113.0,110.0,60.0,0.11230907457322552
9.0,1.0,45.0,0.1,0.1,0.4,3.0,1042.0,91.0,48.0,0.19769673704414586
9.0,1.0,46.0,0.1,0.1,0.4,3.0,991.0,83.0,41.0,0.1987891019172553
9.0,1.0,47.0,0.1,0.1,0.4,3.0,952.0,78.0,37.0,0.2027310924369748
9.0,1.0,48.0,0.1,0.1,0.4,3.0,923.0,68.0,30.0,0.20368364030335862
9.0,1.0,49.0,0.1,0.1,0.4,3.0,896.0,68.0,38.0,0.2109375
9.0,1.0,50.0,0.1,0.1,0.4,3.0,887.0,62.0,36.0,0.21082299887260428
9.0,1.0,51.0,0.1,0.1,0.4,3.0,843.0,60.0,34.0,0.21352313167259787
9.0,1.0,52.0,0.1,0.1,0.4,3.0,828.0,45.0,22.0,0.21497584541062803
9.0,2.0,1.0,0.1,0.1,0.4,3.0,802.0,38.0,17.0,0.21820448877805487
9.0,2.0,2.0,0.1,0.1,0.4,3.0,787.0,39.0,17.0,0.21982210927573062
9.0,2.0,3.0,0.1,0.1,0.4,3.0,775.0,37.0,17.0,0.22193548387096773
9.0,2.0,4.0,0.1,0.1,0.4,3.0,773.0,35.0,20.0,0.222509702457956
9.0,2.0,5.0,0.1,0.1,0.4,3.0,759.0,32.0,23.0,0.22529644268774704
9.0,2.0,6.0,0.1,0.1,0.4,3.0,757.0,31.0,22.0,0.22324966974900926
9.0,2.0,7.0,0.1,0.1,0.4,3.0,743.0,23.0,18.0,0.22611036339165544
9.0,2.0,8.0,0.1,0.1,0.4,3.0,728.0,18.0,9.0,0.22802197802197802
9.0,2.0,9.0,0.1,0.1,0.4,3.0,713.0,15.0,8.0,0.2314165497896213
9.0,2.0,10.0,0.1,0.1,0.4,3.0,709.0,13.0,4.0,0.22849083215796898
9.0,2.0,11.0,0.1,0.1,0.4,3.0,681.0,13.0,6.0,0.2305433186490455
9.0,2.0,12.0,0.1,0.1,0.4,3.0,667.0,10.0,6.0,0.23238380809595202
9.0,2.0,13.0,0.1,0.1,0.4,3.0,659.0,10.0,5.0,0.2321699544764795
9.0,2.0,14.0,0.1,0.1,0.4,3.0,657.0,9.0,5.0,0.2328767123287671
9.0,2.0,15.0,0.1,0.1,0.4,3.0,645.0,6.0,5.0,0.23410852713178296
9.0,2.0,16.0,0.1,0.1,0.4,3.0,643.0,7.0,6.0,0.2301710730948678
9.0,2.0,17.0,0.1,0.1,0.4,3.0,639.0,5.0,4.0,0.23161189358372458
9.0,2.0,18.0,0.1,0.1,0.4,3.0,636.0,2.0,2.0,0.22955974842767296
9.0,2.0,19.0,0.1,0.1,0.4,3.0,633.0,1.0,1.0,0.23064770932069512
9.0,2.0,20.0,0.1,0.1,0.4,3.0,1080.0,1.0,1.0,0.13333333333333333
9.0,2.0,21.0,0.1,0.1,0.4,3.0,1041.0,0.0,0.0,0.1344860710854947
9.0,2.0,22.0,0.1,0.1,0.4,3.0,1017.0,0.0,0.0,0.13274336283185842
9.0,2.0,23.0,0.1,0.1,0.4,3.0,968.0,0.0,0.0,0.13119834710743802
9.0,2.0,24.0,0.1,0.1,0.4,3.0,958.0,0.0,0.0,0.12839248434237996
9.0,2.0,25.0,0.1,0.1,0.4,3.0,941.0,0.0,0.0,0.12964930924548354
9.0,2.0,26.0,0.1,0.1,0.4,3.0,932.0,0.0,0.0,0.1276824034334764
9.0,2.0,27.0,0.1,0.1,0.4,3.0,886.0,0.0,0.0,0.13318284424379231
9.0,2.0,28.0,0.1,0.1,0.4,3.0,843.0,0.0,0.0,0.132858837485172
9.0,2.0,29.0,0.1,0.1,0.4,3.0,831.0,0.0,0.0,0.13477737665463296
9.0,2.0,30.0,0.1,0.1,0.4,3.0,808.0,0.0,0.0,0.13366336633663367
9.0,2.0,31.0,0.1,0.1,0.4,3.0,788.0,0.0,0.0,0.13578680203045684
9.0,2.0,32.0,0.1,0.1,0.4,3.0,782.0,0.0,0.0,0.13554987212276215
9.0,2.0,33.0,0.1,0.1,0.4,3.0,775.0,0.0,0.0,0.13548387096774195
9.0,2.0,34.0,0.1,0.1,0.4,3.0,745.0,0.0,0.0,0.13691275167785236
9.0,2.0,35.0,0.1,0.1,0.4,3.0,732.0,0.0,0.0,0.1366120218579235
9.0,2.0,36.0,0.1,0.1,0.4,3.0,729.0,0.0,0.0,0.13443072702331962
9.0,2.0,37.0,0.1,0.1,0.4,3.0,702.0,0.0,0.0,0.13532763532763534
9.0,2.0,38.0,0.1,0.1,0.4,3.0,683.0,0.0,0.0,0.13177159590043924
9.0,2.0,39.0,0.1,0.1,0.4,3.0,645.0,0.0,0.0,0.13643410852713178
9.0,2.0,40.0,0.1,0.1,0.4,3.0,639.0,0.0,0.0,0.13615023474178403
9.0,2.0,41.0,0.1,0.1,0.4,3.0,621.0,0.0,0.0,0.13526570048309178
9.0,2.0,42.0,0.1,0.1,0.4,3.0,614.0,0.0,0.0,0.13517915309446255
9.0,2.0,43.0,0.1,0.1,0.4,3.0,604.0,0.0,0.0,0.1357615894039735
9.0,2.0,44.0,0.1,0.1,0.4,3.0,594.0,0.0,0.0,0.132996632996633
9.0,2.0,45.0,0.1,0.1,0.4,3.0,584.0,0.0,0.0,0.2054794520547945
9.0,2.0,46.0,0.1,0.1,0.4,3.0,594.0,0.0,0.0,0.20875420875420875
9.0,2.0,47.0,0.1,0.1,0.4,3.0,567.0,0.0,0.0,0.20811287477954143
9.0,2.0,48.0,0.1,0.1,0.4,3.0,560.0,0.0,0.0,0.20892857142857144
9.0,2.0,49.0,0.1,0.1,0.4,3.0,538.0,0.0,0.0,0.20446096654275092
9.0,2.0,50.0,0.1,0.1,0.4,3.0,538.0,0.0,0.0,0.20260223048327136
9.0,2.0,51.0,0.1,0.1,0.4,3.0,521.0,0.0,0.0,0.2034548944337812
9.0,2.0,52.0,0.1,0.1,0.4,3.0,521.0,0.0,0.0,0.20153550863723607
9.0,3.0,1.0,0.1,0.1,0.4,3.0,497.0,0.0,0.0,0.2012072434607646
9.0,3.0,2.0,0.1,0.1,0.4,3.0,498.0,0.0,0.0,0.20281124497991967
9.0,3.0,3.0,0.1,0.1,0.4,3.0,486.0,0.0,0.0,0.19547325102880658
9.0,3.0,4.0,0.1,0.1,0.4,3.0,488.0,0.0,0.0,0.19672131147540983
9.0,3.0,5.0,0.1,0.1,0.4,3.0,480.0,0.0,0.0,0.19375
9.0,3.0,6.0,0.1,0.1,0.4,3.0,486.0,0.0,0.0,0.19753086419753085
9.0,3.0,7.0,0.1,0.1,0.4,3.0,475.0,0.0,0.0,0.1936842105263158
9.0,3.0,8.0,0.1,0.1,0.4,3.0,478.0,0.0,0.0,0.19874476987447698
9.0,3.0,9.0,0.1,0.1,0.4,3.0,459.0,0.0,0.0,0.19825708061002179
9.0,3.0,10.0,0.1,0.1,0.4,3.0,463.0,0.0,0.0,0.20086393088552915
9.0,3.0,11.0,0.1,0.1,0.4,3.0,453.0,0.0,0.0,0.19646799116997793
9.0,3.0,12.0,0.1,0.1,0.4,3.0,458.0,0.0,0.0,0.19868995633187772
9.0,3.0,13.0,0.1,0.1,0.4,3.0,449.0,0.0,0.0,0.19376391982182628
9.0,3.0,14.0,0.1,0.1,0.4,3.0,453.0,0.0,0.0,0.1986754966887417
9.0,3.0,15.0,0.1,0.1,0.4,3.0,444.0,0.0,0.0,0.19594594594594594
9.0,3.0,16.0,0.1,0.1,0.4,3.0,451.0,0.0,0.0,0.19955654101995565
9.0,3.0,17.0,0.1,0.1,0.4,3.0,432.0,0.0,0.0,0.2013888888888889
9.0,3.0,18.0,0.1,0.1,0.4,3.0,442.0,0.0,0.0,0.19683257918552036
9.0,3.0,19.0,0.1,0.1,0.4,3.0,428.0,0.0,0.0,0.19626168224299065
9.0,3.0,20.0,0.1,0.1,0.4,3.0,839.0,0.0,0.0,0.10250297973778308
9.0,3.0,21.0,0.1,0.1,0.4,3.0,772.0,0.0,0.0,0.10103626943005181
9.0,3.0,22.0,0.1,0.1,0.4,3.0,739.0,0.0,0.0,0.10419485791610285
9.0,3.0,23.0,0.1,0.1,0.4,3.0,706.0,0.0,0.0,0.10198300283286119
9.0,3.0,24.0,0.1,0.1,0.4,3.0,686.0,0.0,0.0,0.10787172011661808
9.0,3.0,25.0,0.1,0.1,0.4,3.0,660.0,0.0,0.0,0.10909090909090909
9.0,3.0,26.0,0.1,0.1,0.4,3.0,647.0,0.0,0.0,0.11282843894899536
9.0,3.0,27.0,0.1,0.1,0.4,3.0,620.0,0.0,0.0,0.11290322580645161
9.0,3.0,28.0,0.1,0.1,0.4,3.0,612.0,0.0,0.0,0.11764705882352941
9.0,3.0,29.0,0.1,0.1,0.4,3.0,588.0,0.0,0.0,0.11564625850340136
9.0,3.0,30.0,0.1,0.1,0.4,3.0,584.0,0.0,0.0,0.1113013698630137
9.0,3.0,31.0,0.1,0.1,0.4,3.0,557.0,0.0,0.0,0.10951526032315978
9.0,3.0,32.0,0.1,0.1,0.4,3.0,550.0,0.0,0.0,0.11090909090909092
9.0,3.0,33.0,0.1,0.1,0.4,3.0,529.0,0.0,0.0,0.11153119092627599
9.0,3.0,34.0,0.1,0.1,0.4,3.0,534.0,0.0,0.0,0.11235955056179775
9.0,3.0,35.0,0.1,0.1,0.4,3.0,526.0,0.0,0.0,0.11026615969581749
9.0,3.0,36.0,0.1,0.1,0.4,3.0,523.0,0.0,0.0,0.11281070745697896
9.0,3.0,37.0,0.1,0.1,0.4,3.0,504.0,0.0,0.0,0.11507936507936507
9.0,3.0,38.0,0.1,0.1,0.4,3.0,489.0,0.0,0.0,0.12065439672801637
9.0,3.0,39.0,0.1,0.1,0.4,3.0,465.0,0.0,0.0,0.11612903225806452
9.0,3.0,40.0,0.1,0.1,0.4,3.0,470.0,0.0,0.0,0.11914893617021277
9.0,3.0,41.0,0.1,0.1,0.4,3.0,458.0,0.0,0.0,0.11790393013100436
9.0,3.0,42.0,0.1,0.1,0.4,3.0,464.0,0.0,0.0,0.1206896551724138
9.0,3.0,43.0,0.1,0.1,0.4,3.0,449.0,0.0,0.0,0.12026726057906459
9.0,3.0,44.0,0.1,0.1,0.4,3.0,449.0,0.0,0.0,0.12249443207126949
9.0,3.0,45.0,0.1,0.1,0.4,3.0,444.0,0.0,0.0,0.19144144144144143
9.0,3.0,46.0,0.1,0.1,0.4,3.0,446.0,0.0,0.0,0.19282511210762332
9.0,3.0,47.0,0.1,0.1,0.4,3.0,441.0,0.0,0.0,0.1927437641723356
9.0,3.0,48.0,0.1,0.1,0.4,3.0,418.0,0.0,0.0,0.20334928229665072
9.0,3.0,49.0,0.1,0.1,0.4,3.0,416.0,0.0,0.0,0.20432692307692307
9.0,3.0,50.0,0.1,0.1,0.4,3.0,412.0,0.0,0.0,0.20388349514563106
9.0,3.0,51.0,0.1,0.1,0.4,3.0,411.0,0.0,0.0,0.20437956204379562
9.0,3.0,52.0,0.1,0.1,0.4,3.0,403.0,0.0,0.0,0.20595533498759305
9.0,4.0,1.0,0.1,0.1,0.4,3.0,400.0,0.0,0.0,0.205
9.0,4.0,2.0,0.1,0.1,0.4,3.0,393.0,0.0,0.0,0.2010178117048346
9.0,4.0,3.0,0.1,0.1,0.4,3.0,395.0,0.0,0.0,0.20759493670886076
9.0,4.0,4.0,0.1,0.1,0.4,3.0,380.0,0.0,0.0,0.2
9.0,4.0,5.0,0.1,0.1,0.4,3.0,388.0,0.0,0.0,0.20103092783505155
9.0,4.0,6.0,0.1,0.1,0.4,3.0,374.0,0.0,0.0,0.19518716577540107
9.0,4.0,7.0,0.1,0.1,0.4,3.0,376.0,0.0,0.0,0.2074468085106383
9.0,4.0,8.0,0.1,0.1,0.4,3.0,363.0,0.0,0.0,0.19834710743801653
9.0,4.0,9.0,0.1,0.1,0.4,3.0,373.0,0.0,0.0,0.21179624664879357
9.0,4.0,10.0,0.1,0.1,0.4,3.0,359.0,0.0,0.0,0.1977715877437326
9.0,4.0,11.0,0.1,0.1,0.4,3.0,365.0,0.0,0.0,0.21095890410958903
9.0,4.0,12.0,0.1,0.1,0.4,3.0,353.0,0.0,0.0,0.19830028328611898
9.0,4.0,13.0,0.1,0.1,0.4,3.0,363.0,0.0,0.0,0.21212121212121213
9.0,4.0,14.0,0.1,0.1,0.4,3.0,340.0,0.0,0.0,0.19705882352941176
9.0,4.0,15.0,0.1,0.1,0.4,3.0,352.0,0.0,0.0,0.21306818181818182
9.0,4.0,16.0,0.1,0.1,0.4,3.0,336.0,0.0,0.0,0.19940476190476192
9.0,4.0,17.0,0.1,0.1,0.4,3.0,349.0,0.0,0.0,0.2148997134670487
9.0,4.0,18.0,0.1,0.1,0.4,3.0,336.0,0.0,0.0,0.19940476190476192
9.0,4.0,19.0,0.1,0.1,0.4,3.0,347.0,0.0,0.0,0.21037463976945245
9.0,4.0,20.0,0.1,0.1,0.4,3.0,594.0,0.0,0.0,0.1111111111111111
9.0,4.0,21.0,0.1,0.1,0.4,3.0,596.0,0.0,0.0,0.12248322147651007
9.0,4.0,22.0,0.1,0.1,0.4,3.0,566.0,0.0,0.0,0.11307420494699646
9.0,4.0,23.0,0.1,0.1,0.4,3.0,546.0,0.0,0.0,0.1282051282051282
9.0,4.0,24.0,0.1,0.1,0.4,3.0,506.0,0.0,0.0,0.1225296442687747
9.0,4.0,25.0,0.1,0.1,0.4,3.0,505.0,0.0,0.0,0.13465346534653466
9.0,4.0,26.0,0.1,0.1,0.4,3.0,462.0,0.0,0.0,0.1277056277056277
9.0,4.0,27.0,0.1,0.1,0.4,3.0,463.0,0.0,0.0,0.13390928725701945
9.0,4.0,28.0,0.1,0.1,0.4,3.0,415.0,0.0,0.0,0.13012048192771083
9.0,4.0,29.0,0.1,0.1,0.4,3.0,427.0,0.0,0.0,0.13817330210772832
9.0,4.0,30.0,0.1,0.1,0.4,3.0,392.0,0.0,0.0,0.125
9.0,4.0,31.0,0.1,0.1,0.4,3.0,396.0,0.0,0.0,0.1414141414141414
9.0,4.0,32.0,0.1,0.1,0.4,3.0,372.0,0.0,0.0,0.13440860215053763
9.0,4.0,33.0,0.1,0.1,0.4,3.0,388.0,0.0,0.0,0.14432989690721648
9.0,4.0,34.0,0.1,0.1,0.4,3.0,363.0,0.0,0.0,0.13774104683195593
9.0,4.0,35.0,0.1,0.1,0.4,3.0,377.0,0.0,0.0,0.14588859416445624
9.0,4.0,36.0,0.1,0.1,0.4,3.0,346.0,0.0,0.0,0.14450867052023122
9.0,4.0,37.0,0.1,0.1,0.4,3.0,358.0,0.0,0.0,0.14804469273743018
9.0,4.0,38.0,0.1,0.1,0.4,3.0,322.0,0.0,0.0,0.14906832298136646
9.0,4.0,39.0,0.1,0.1,0.4,3.0,323.0,0.0,0.0,0.15789473684210525
9.0,4.0,40.0,0.1,0.1,0.4,3.0,309.0,0.0,0.0,0.1488673139158576
9.0,4.0,41.0,0.1,0.1,0.4,3.0,313.0,0.0,0.0,0.1501597444089457
9.0,4.0,42.0,0.1,0.1,0.4,3.0,304.0,0.0,0.0,0.14802631578947367
9.0,4.0,43.0,0.1,0.1,0.4,3.0,313.0,0.0,0.0,0.14376996805111822
9.0,4.0,44.0,0.1,0.1,0.4,3.0,300.0,0.0,0.0,0.14666666666666667
9.0,4.0,45.0,0.1,0.1,0.4,3.0,301.0,0.0,0.0,0.21262458471760798
9.0,4.0,46.0,0.1,0.1,0.4,3.0,288.0,0.0,0.0,0.21180555555555555
9.0,4.0,47.0,0.1,0.1,0.4,3.0,299.0,0.0,0.0,0.21070234113712374
9.0,4.0,48.0,0.1,0.1,0.4,3.0,284.0,0.0,0.0,0.20422535211267606
9.0,4.0,49.0,0.1,0.1,0.4,3.0,296.0,0.0,0.0,0.20608108108108109
9.0,4.0,50.0,0.1,0.1,0.4,3.0,279.0,0.0,0.0,0.1971326164874552
9.0,4.0,51.0,0.1,0.1,0.4,3.0,292.0,0.0,0.0,0.20205479452054795
9.0,4.0,52.0,0.1,0.1,0.4,3.0,278.0,0.0,0.0,0.19784172661870503
9.0,5.0,1.0,0.1,0.1,0.4,3.0,281.0,0.0,0.0,0.19572953736654805
9.0,5.0,2.0,0.1,0.1,0.4,3.0,275.0,0.0,0.0,0.19272727272727272
9.0,5.0,3.0,0.1,0.1,0.4,3.0,278.0,0.0,0.0,0.19424460431654678
9.0,5.0,4.0,0.1,0.1,0.4,3.0,270.0,0.0,0.0,0.1962962962962963
9.0,5.0,5.0,0.1,0.1,0.4,3.0,277.0,0.0,0.0,0.19494584837545126
9.0,5.0,6.0,0.1,0.1,0.4,3.0,260.0,0.0,0.0,0.19230769230769232
9.0,5.0,7.0,0.1,0.1,0.4,3.0,265.0,0.0,0.0,0.19245283018867926
9.0,5.0,8.0,0.1,0.1,0.4,3.0,257.0,0.0,0.0,0.19455252918287938
9.0,5.0,9.0,0.1,0.1,0.4,3.0,264.0,0.0,0.0,0.19318181818181818
9.0,5.0,10.0,0.1,0.1,0.4,3.0,258.0,0.0,0.0,0.1937984496124031
9.0,5.0,11.0,0.1,0.1,0.4,3.0,249.0,0.0,0.0,0.19678714859437751
9.0,5.0,12.0,0.1,0.1,0.4,3.0,243.0,0.0,0.0,0.19753086419753085
9.0,5.0,13.0,0.1,0.1,0.4,3.0,248.0,0.0,0.0,0.1935483870967742
9.0,5.0,14.0,0.1,0.1,0.4,3.0,241.0,0.0,0.0,0.1908713692946058
9.0,5.0,15.0,0.1,0.1,0.4,3.0,247.0,0.0,0.0,0.1902834008097166
9.0,5.0,16.0,0.1,0.1,0.4,3.0,241.0,0.0,0.0,0.1908713692946058
9.0,5.0,17.0,0.1,0.1,0.4,3.0,246.0,0.0,0.0,0.1910569105691057
9.0,5.0,18.0,0.1,0.1,0.4,3.0,240.0,0.0,0.0,0.19166666666666668
9.0,5.0,19.0,0.1,0.1,0.4,3.0,245.0,0.0,0.0,0.18775510204081633
9.0,5.0,20.0,0.1,0.1,0.4,3.0,510.0,0.0,0.0,0.08823529411764706
9.0,5.0,21.0,0.1,0.1,0.4,3.0,491.0,0.0,0.0,0.08961303462321792
9.0,5.0,22.0,0.1,0.1,0.4,3.0,475.0,0.0,0.0,0.09052631578947369
9.0,5.0,23.0,0.1,0.1,0.4,3.0,442.0,0.0,0.0,0.09954751131221719
9.0,5.0,24.0,0.1,0.1,0.4,3.0,420.0,0.0,0.0,0.09761904761904762
9.0,5.0,25.0,0.1,0.1,0.4,3.0,405.0,0.0,0.0,0.10123456790123457
9.0,5.0,26.0,0.1,0.1,0.4,3.0,394.0,0.0,0.0,0.09898477157360407
9.0,5.0,27.0,0.1,0.1,0.4,3.0,361.0,0.0,0.0,0.0997229916897507
9.0,5.0,28.0,0.1,0.1,0.4,3.0,361.0,0.0,0.0,0.0997229916897507
9.0,5.0,29.0,0.1,0.1,0.4,3.0,348.0,0.0,0.0,0.10057471264367816
9.0,5.0,30.0,0.1,0.1,0.4,3.0,338.0,0.0,0.0,0.09763313609467456
9.0,5.0,31.0,0.1,0.1,0.4,3.0,346.0,0.0,0.0,0.10115606936416185
9.0,5.0,32.0,0.1,0.1,0.4,3.0,322.0,0.0,0.0,0.09937888198757763
9.0,5.0,33.0,0.1,0.1,0.4,3.0,328.0,0.0,0.0,0.10365853658536585
9.0,5.0,34.0,0.1,0.1,0.4,3.0,311.0,0.0,0.0,0.09646302250803858
9.0,5.0,35.0,0.1,0.1,0.4,3.0,309.0,0.0,0.0,0.10355987055016182
9.0,5.0,36.0,0.1,0.1,0.4,3.0,286.0,0.0,0.0,0.1048951048951049
9.0,5.0,37.0,0.1,0.1,0.4,3.0,282.0,0.0,0.0,0.1099290780141844
9.0,5.0,38.0,0.1,0.1,0.4,3.0,275.0,0.0,0.0,0.10545454545454545
9.0,5.0,39.0,0.1,0.1,0.4,3.0,270.0,0.0,0.0,0.11481481481481481
9.0,5.0,40.0,0.1,0.1,0.4,3.0,261.0,0.0,0.0,0.1111111111111111
9.0,5.0,41.0,0.1,0.1,0.4,3.0,266.0,0.0,0.0,0.11654135338345864
9.0,5.0,42.0,0.1,0.1,0.4,3.0,260.0,0.0,0.0,0.11153846153846154
9.0,5.0,43.0,0.1,0.1,0.4,3.0,266.0,0.0,0.0,0.11654135338345864
9.0,5.0,44.0,0.1,0.1,0.4,3.0,260.0,0.0,0.0,0.11153846153846154
9.0,5.0,45.0,0.1,0.1,0.4,3.0,265.0,0.0,0.0,0.20754716981132076
9.0,5.0,46.0,0.1,0.1,0.4,3.0,259.0,0.0,0.0,0.20463320463320464
9.0,5.0,47.0,0.1,0.1,0.4,3.0,257.0,0.0,0.0,0.20233463035019456
9.0,5.0,48.0,0.1,0.1,0.4,3.0,234.0,0.0,0.0,0.20085470085470086
9.0,5.0,49.0,0.1,0.1,0.4,3.0,232.0,0.0,0.0,0.21120689655172414
9.0,5.0,50.0,0.1,0.1,0.4,3.0,225.0,0.0,0.0,0.20444444444444446
9.0,5.0,51.0,0.1,0.1,0.4,3.0,230.0,0.0,0.0,0.20869565217391303
9.0,5.0,52.0,0.1,0.1,0.4,3.0,225.0,0.0,0.0,0.20444444444444446
9.0,6.0,1.0,0.1,0.1,0.4,3.0,221.0,0.0,0.0,0.21266968325791855
9.0,6.0,2.0,0.1,0.1,0.4,3.0,215.0,0.0,0.0,0.20465116279069767
9.0,6.0,3.0,0.1,0.1,0.4,3.0,218.0,0.0,0.0,0.21100917431192662
9.0,6.0,4.0,0.1,0.1,0.4,3.0,211.0,0.0,0.0,0.20853080568720378
9.0,6.0,5.0,0.1,0.1,0.4,3.0,215.0,0.0,0.0,0.20930232558139536
9.0,6.0,6.0,0.1,0.1,0.4,3.0,210.0,0.0,0.0,0.20952380952380953
9.0,6.0,7.0,0.1,0.1,0.4,3.0,214.0,0.0,0.0,0.2102803738317757
9.0,6.0,8.0,0.1,0.1,0.4,3.0,210.0,0.0,0.0,0.20952380952380953
9.0,6.0,9.0,0.1,0.1,0.4,3.0,214.0,0.0,0.0,0.2102803738317757
9.0,6.0,10.0,0.1,0.1,0.4,3.0,209.0,0.0,0.0,0.20574162679425836
9.0,6.0,11.0,0.1,0.1,0.4,3.0,212.0,0.0,0.0,0.20754716981132076
9.0,6.0,12.0,0.1,0.1,0.4,3.0,208.0,0.0,0.0,0.20192307692307693
9.0,6.0,13.0,0.1,0.1,0.4,3.0,212.0,0.0,0.0,0.20754716981132076
9.0,6.0,14.0,0.1,0.1,0.4,3.0,207.0,0.0,0.0,0.2028985507246377
9.0,6.0,15.0,0.1,0.1,0.4,3.0,210.0,0.0,0.0,0.20952380952380953
9.0,6.0,16.0,0.1,0.1,0.4,3.0,207.0,0.0,0.0,0.2028985507246377
9.0,6.0,17.0,0.1,0.1,0.4,3.0,210.0,0.0,0.0,0.20952380952380953
9.0,6.0,18.0,0.1,0.1,0.4,3.0,207.0,0.0,0.0,0.2028985507246377
9.0,6.0,19.0,0.1,0.1,0.4,3.0,209.0,0.0,0.0,0.21052631578947367
9.0,6.0,20.0,0.1,0.1,0.4,3.0,373.0,0.0,0.0,0.1126005361930295
9.0,6.0,21.0,0.1,0.1,0.4,3.0,364.0,0.0,0.0,0.11813186813186813
9.0,6.0,22.0,0.1,0.1,0.4,3.0,351.0,0.0,0.0,0.1168091168091168
9.0,6.0,23.0,0.1,0.1,0.4,3.0,353.0,0.0,0.0,0.12181303116147309
9.0,6.0,24.0,0.1,0.1,0.4,3.0,340.0,0.0,0.0,0.11764705882352941
9.0,6.0,25.0,0.1,0.1,0.4,3.0,324.0,0.0,0.0,0.12345679012345678
9.0,6.0,26.0,0.1,0.1,0.4,3.0,310.0,0.0,0.0,0.12580645161290321
9.0,6.0,27.0,0.1,0.1,0.4,3.0,311.0,0.0,0.0,0.12540192926045016
9.0,6.0,28.0,0.1,0.1,0.4,3.0,310.0,0.0,0.0,0.12580645161290321
9.0,6.0,29.0,0.1,0.1,0.4,3.0,311.0,0.0,0.0,0.12540192926045016
9.0,6.0,30.0,0.1,0.1,0.4,3.0,310.0,0.0,0.0,0.12580645161290321
9.0,6.0,31.0,0.1,0.1,0.4,3.0,311.0,0.0,0.0,0.12540192926045016
9.0,6.0,32.0,0.1,0.1,0.4,3.0,301.0,0.0,0.0,0.12624584717607973
9.0,6.0,33.0,0.1,0.1,0.4,3.0,302.0,0.0,0.0,0.12582781456953643
9.0,6.0,34.0,0.1,0.1,0.4,3.0,300.0,0.0,0.0,0.12666666666666668
9.0,6.0,35.0,0.1,0.1,0.4,3.0,292.0,0.0,0.0,0.13013698630136986
9.0,6.0,36.0,0.1,0.1,0.4,3.0,275.0,0.0,0.0,0.13818181818181818
9.0,6.0,37.0,0.1,0.1,0.4,3.0,274.0,0.0,0.0,0.1386861313868613
9.0,6.0,38.0,0.1,0.1,0.4,3.0,265.0,0.0,0.0,0.14339622641509434
9.0,6.0,39.0,0.1,0.1,0.4,3.0,264.0,0.0,0.0,0.14393939393939395
9.0,6.0,40.0,0.1,0.1,0.4,3.0,244.0,0.0,0.0,0.15163934426229508
9.0,6.0,41.0,0.1,0.1,0.4,3.0,243.0,0.0,0.0,0.1522633744855967
9.0,6.0,42.0,0.1,0.1,0.4,3.0,242.0,0.0,0.0,0.15289256198347106
9.0,6.0,43.0,0.1,0.1,0.4,3.0,241.0,0.0,0.0,0.15352697095435686
9.0,6.0,44.0,0.1,0.1,0.4,3.0,242.0,0.0,0.0,0.15289256198347106
9.0,6.0,45.0,0.1,0.1,0.4,3.0,241.0,0.0,0.0,0.22406639004149378
9.0,6.0,46.0,0.1,0.1,0.4,3.0,231.0,0.0,0.0,0.22077922077922077
9.0,6.0,47.0,0.1,0.1,0.4,3.0,230.0,0.0,0.0,0.22608695652173913
9.0,6.0,48.0,0.1,0.1,0.4,3.0,223.0,0.0,0.0,0.21076233183856502
9.0,6.0,49.0,0.1,0.1,0.4,3.0,222.0,0.0,0.0,0.21621621621621623
9.0,6.0,50.0,0.1,0.1,0.4,3.0,223.0,0.0,0.0,0.21076233183856502
9.0,6.0,51.0,0.1,0.1,0.4,3.0,221.0,0.0,0.0,0.2171945701357466
9.0,6.0,52.0,0.1,0.1,0.4,3.0,222.0,0.0,0.0,0.2072072072072072
9.0,7.0,1.0,0.1,0.1,0.4,3.0,210.0,0.0,0.0,0.21904761904761905
9.0,7.0,2.0,0.1,0.1,0.4,3.0,212.0,0.0,0.0,0.21226415094339623
9.0,7.0,3.0,0.1,0.1,0.4,3.0,210.0,0.0,0.0,0.21904761904761905
9.0,7.0,4.0,0.1,0.1,0.4,3.0,212.0,0.0,0.0,0.21226415094339623
9.0,7.0,5.0,0.1,0.1,0.4,3.0,209.0,0.0,0.0,0.22009569377990432
9.0,7.0,6.0,0.1,0.1,0.4,3.0,210.0,0.0,0.0,0.21428571428571427
9.0,7.0,7.0,0.1,0.1,0.4,3.0,207.0,0.0,0.0,0.2222222222222222
9.0,7.0,8.0,0.1,0.1,0.4,3.0,210.0,0.0,0.0,0.21428571428571427
9.0,7.0,9.0,0.1,0.1,0.4,3.0,207.0,0.0,0.0,0.2222222222222222
9.0,7.0,10.0,0.1,0.1,0.4,3.0,209.0,0.0,0.0,0.215311004784689
9.0,7.0,11.0,0.1,0.1,0.4,3.0,207.0,0.0,0.0,0.2222222222222222
9.0,7.0,12.0,0.1,0.1,0.4,3.0,210.0,0.0,0.0,0.21428571428571427
9.0,7.0,13.0,0.1,0.1,0.4,3.0,207.0,0.0,0.0,0.2222222222222222
9.0,7.0,14.0,0.1,0.1,0.4,3.0,210.0,0.0,0.0,0.21428571428571427
9.0,7.0,15.0,0.1,0.1,0.4,3.0,207.0,0.0,0.0,0.2222222222222222
9.0,7.0,16.0,0.1,0.1,0.4,3.0,205.0,0.0,0.0,0.2146341463414634
9.0,7.0,17.0,0.1,0.1,0.4,3.0,203.0,0.0,0.0,0.22167487684729065
9.0,7.0,18.0,0.1,0.1,0.4,3.0,205.0,0.0,0.0,0.2146341463414634
9.0,7.0,19.0,0.1,0.1,0.4,3.0,203.0,0.0,0.0,0.22167487684729065
9.0,7.0,20.0,0.1,0.1,0.4,3.0,372.0,0.0,0.0,0.11827956989247312
9.0,7.0,21.0,0.1,0.1,0.4,3.0,370.0,0.0,0.0,0.12162162162162163
9.0,7.0,22.0,0.1,0.1,0.4,3.0,371.0,0.0,0.0,0.11590296495956873
9.0,7.0,23.0,0.1,0.1,0.4,3.0,361.0,0.0,0.0,0.12188365650969529
9.0,7.0,24.0,0.1,0.1,0.4,3.0,335.0,0.0,0.0,0.12238805970149254
9.0,7.0,25.0,0.1,0.1,0.4,3.0,324.0,0.0,0.0,0.12345679012345678
9.0,7.0,26.0,0.1,0.1,0.4,3.0,315.0,0.0,0.0,0.11746031746031746
9.0,7.0,27.0,0.1,0.1,0.4,3.0,314.0,0.0,0.0,0.12420382165605096
9.0,7.0,28.0,0.1,0.1,0.4,3.0,307.0,0.0,0.0,0.11726384364820847
9.0,7.0,29.0,0.1,0.1,0.4,3.0,298.0,0.0,0.0,0.12080536912751678
9.0,7.0,30.0,0.1,0.1,0.4,3.0,264.0,0.0,0.0,0.12121212121212122
9.0,7.0,31.0,0.1,0.1,0.4,3.0,263.0,0.0,0.0,0.12927756653992395
9.0,7.0,32.0,0.1,0.1,0.4,3.0,264.0,0.0,0.0,0.12121212121212122
9.0,7.0,33.0,0.1,0.1,0.4,3.0,237.0,0.0,0.0,0.14345991561181434
9.0,7.0,34.0,0.1,0.1,0.4,3.0,238.0,0.0,0.0,0.13445378151260504
9.0,7.0,35.0,0.1,0.1,0.4,3.0,237.0,0.0,0.0,0.14345991561181434
9.0,7.0,36.0,0.1,0.1,0.4,3.0,238.0,0.0,0.0,0.13445378151260504
9.0,7.0,37.0,0.1,0.1,0.4,3.0,229.0,0.0,0.0,0.14847161572052403
9.0,7.0,38.0,0.1,0.1,0.4,3.0,230.0,0.0,0.0,0.1391304347826087
9.0,7.0,39.0,0.1,0.1,0.4,3.0,217.0,0.0,0.0,0.15207373271889402
9.0,7.0,40.0,0.1,0.1,0.4,3.0,217.0,0.0,0.0,0.1382488479262673
9.0,7.0,41.0,0.1,0.1,0.4,3.0,214.0,0.0,0.0,0.14953271028037382
9.0,7.0,42.0,0.1,0.1,0.4,3.0,216.0,0.0,0.0,0.1388888888888889
9.0,7.0,43.0,0.1,0.1,0.4,3.0,214.0,0.0,0.0,0.14953271028037382
9.0,7.0,44.0,0.1,0.1,0.4,3.0,215.0,0.0,0.0,0.13953488372093023
9.0,7.0,45.0,0.1,0.1,0.4,3.0,214.0,0.0,0.0,0.21495327102803738
9.0,7.0,46.0,0.1,0.1,0.4,3.0,214.0,0.0,0.0,0.2102803738317757
9.0,7.0,47.0,0.1,0.1,0.4,3.0,205.0,0.0,0.0,0.21951219512195122
9.0,7.0,48.0,0.1,0.1,0.4,3.0,205.0,0.0,0.0,0.2146341463414634
9.0,7.0,49.0,0.1,0.1,0.4,3.0,205.0,0.0,0.0,0.21951219512195122
9.0,7.0,50.0,0.1,0.1,0.4,3.0,204.0,0.0,0.0,0.21568627450980393
9.0,7.0,51.0,0.1,0.1,0.4,3.0,205.0,0.0,0.0,0.21951219512195122
9.0,7.0,52.0,0.1,0.1,0.4,3.0,205.0,0.0,0.0,0.2146341463414634
9.0,8.0,1.0,0.1,0.1,0.4,3.0,205.0,0.0,0.0,0.21951219512195122
9.0,8.0,2.0,0.1,0.1,0.4,3.0,202.0,0.0,0.0,0.21782178217821782
9.0,8.0,3.0,0.1,0.1,0.4,3.0,200.0,0.0,0.0,0.225
9.0,8.0,4.0,0.1,0.1,0.4,3.0,201.0,0.0,0.0,0.21890547263681592
9.0,8.0,5.0,0.1,0.1,0.4,3.0,198.0,0.0,0.0,0.22727272727272727
9.0,8.0,6.0,0.1,0.1,0.4,3.0,200.0,0.0,0.0,0.22
9.0,8.0,7.0,0.1,0.1,0.4,3.0,198.0,0.0,0.0,0.22727272727272727
9.0,8.0,8.0,0.1,0.1,0.4,3.0,199.0,0.0,0.0,0.22110552763819097
9.0,8.0,9.0,0.1,0.1,0.4,3.0,197.0,0.0,0.0,0.22842639593908629
9.0,8.0,10.0,0.1,0.1,0.4,3.0,198.0,0.0,0.0,0.2222222222222222
9.0,8.0,11.0,0.1,0.1,0.4,3.0,187.0,0.0,0.0,0.24064171122994651
9.0,8.0,12.0,0.1,0.1,0.4,3.0,190.0,0.0,0.0,0.23157894736842105
9.0,8.0,13.0,0.1,0.1,0.4,3.0,187.0,0.0,0.0,0.24064171122994651
9.0,8.0,14.0,0.1,0.1,0.4,3.0,189.0,0.0,0.0,0.2275132275132275
9.0,8.0,15.0,0.1,0.1,0.4,3.0,186.0,0.0,0.0,0.24193548387096775
9.0,8.0,16.0,0.1,0.1,0.4,3.0,186.0,0.0,0.0,0.23118279569892472
9.0,8.0,17.0,0.1,0.1,0.4,3.0,186.0,0.0,0.0,0.24193548387096775
9.0,8.0,18.0,0.1,0.1,0.4,3.0,186.0,0.0,0.0,0.23118279569892472
9.0,8.0,19.0,0.1,0.1,0.4,3.0,185.0,0.0,0.0,0.24324324324324326
9.0,8.0,20.0,0.1,0.1,0.4,3.0,339.0,0.0,0.0,0.12684365781710916
9.0,8.0,21.0,0.1,0.1,0.4,3.0,314.0,0.0,0.0,0.13694267515923567
9.0,8.0,22.0,0.1,0.1,0.4,3.0,305.0,0.0,0.0,0.1377049180327869
9.0,8.0,23.0,0.1,0.1,0.4,3.0,305.0,0.0,0.0,0.14098360655737704
9.0,8.0,24.0,0.1,0.1,0.4,3.0,304.0,0.0,0.0,0.13486842105263158
9.0,8.0,25.0,0.1,0.1,0.4,3.0,296.0,0.0,0.0,0.13851351351351351
9.0,8.0,26.0,0.1,0.1,0.4,3.0,296.0,0.0,0.0,0.13513513513513514
9.0,8.0,27.0,0.1,0.1,0.4,3.0,297.0,0.0,0.0,0.1414141414141414
9.0,8.0,28.0,0.1,0.1,0.4,3.0,284.0,0.0,0.0,0.14084507042253522
9.0,8.0,29.0,0.1,0.1,0.4,3.0,275.0,0.0,0.0,0.14909090909090908
9.0,8.0,30.0,0.1,0.1,0.4,3.0,275.0,0.0,0.0,0.14545454545454545
9.0,8.0,31.0,0.1,0.1,0.4,3.0,275.0,0.0,0.0,0.14909090909090908
9.0,8.0,32.0,0.1,0.1,0.4,3.0,275.0,0.0,0.0,0.14545454545454545
9.0,8.0,33.0,0.1,0.1,0.4,3.0,268.0,0.0,0.0,0.15671641791044777
9.0,8.0,34.0,0.1,0.1,0.4,3.0,258.0,0.0,0.0,0.15503875968992248
9.0,8.0,35.0,0.1,0.1,0.4,3.0,258.0,0.0,0.0,0.15891472868217055
9.0,8.0,36.0,0.1,0.1,0.4,3.0,250.0,0.0,0.0,0.16
9.0,8.0,37.0,0.1,0.1,0.4,3.0,250.0,0.0,0.0,0.164
9.0,8.0,38.0,0.1,0.1,0.4,3.0,242.0,0.0,0.0,0.1652892561983471
9.0,8.0,39.0,0.1,0.1,0.4,3.0,242.0,0.0,0.0,0.16942148760330578
9.0,8.0,40.0,0.1,0.1,0.4,3.0,233.0,0.0,0.0,0.17167381974248927
9.0,8.0,41.0,0.1,0.1,0.4,3.0,232.0,0.0,0.0,0.17672413793103448
9.0,8.0,42.0,0.1,0.1,0.4,3.0,233.0,0.0,0.0,0.17167381974248927
9.0,8.0,43.0,0.1,0.1,0.4,3.0,215.0,0.0,0.0,0.17674418604651163
9.0,8.0,44.0,0.1,0.1,0.4,3.0,206.0,0.0,0.0,0.17475728155339806
9.0,8.0,45.0,0.1,0.1,0.4,3.0,206.0,0.0,0.0,0.22815533980582525
9.0,8.0,46.0,0.1,0.1,0.4,3.0,205.0,0.0,0.0,0.22926829268292684
9.0,8.0,47.0,0.1,0.1,0.4,3.0,207.0,0.0,0.0,0.22705314009661837
9.0,8.0,48.0,0.1,0.1,0.4,3.0,197.0,0.0,0.0,0.23857868020304568
9.0,8.0,49.0,0.1,0.1,0.4,3.0,199.0,0.0,0.0,0.23618090452261306
9.0,8.0,50.0,0.1,0.1,0.4,3.0,196.0,0.0,0.0,0.23979591836734693
9.0,8.0,51.0,0.1,0.1,0.4,3.0,198.0,0.0,0.0,0.23737373737373738
9.0,8.0,52.0,0.1,0.1,0.4,3.0,186.0,0.0,0.0,0.24731182795698925
9.0,9.0,1.0,0.1,0.1,0.4,3.0,188.0,0.0,0.0,0.24468085106382978
9.0,9.0,2.0,0.1,0.1,0.4,3.0,186.0,0.0,0.0,0.24731182795698925
9.0,9.0,3.0,0.1,0.1,0.4,3.0,188.0,0.0,0.0,0.24468085106382978
9.0,9.0,4.0,0.1,0.1,0.4,3.0,185.0,0.0,0.0,0.24864864864864866
9.0,9.0,5.0,0.1,0.1,0.4,3.0,187.0,0.0,0.0,0.24598930481283424
9.0,9.0,6.0,0.1,0.1,0.4,3.0,186.0,0.0,0.0,0.24731182795698925
9.0,9.0,7.0,0.1,0.1,0.4,3.0,187.0,0.0,0.0,0.24598930481283424
9.0,9.0,8.0,0.1,0.1,0.4,3.0,185.0,0.0,0.0,0.24864864864864866
9.0,9.0,9.0,0.1,0.1,0.4,3.0,187.0,0.0,0.0,0.24598930481283424
9.0,9.0,10.0,0.1,0.1,0.4,3.0,185.0,0.0,0.0,0.24864864864864866
9.0,9.0,11.0,0.1,0.1,0.4,3.0,187.0,0.0,0.0,0.24598930481283424
9.0,9.0,12.0,0.1,0.1,0.4,3.0,185.0,0.0,0.0,0.24864864864864866
9.0,9.0,13.0,0.1,0.1,0.4,3.0,187.0,0.0,0.0,0.24598930481283424
9.0,9.0,14.0,0.1,0.1,0.4,3.0,185.0,0.0,0.0,0.24864864864864866
9.0,9.0,15.0,0.1,0.1,0.4,3.0,187.0,0.0,0.0,0.24598930481283424
9.0,9.0,16.0,0.1,0.1,0.4,3.0,186.0,0.0,0.0,0.24731182795698925
9.0,9.0,17.0,0.1,0.1,0.4,3.0,187.0,0.0,0.0,0.24598930481283424
9.0,9.0,18.0,0.1,0.1,0.4,3.0,185.0,0.0,0.0,0.24324324324324326
9.0,9.0,19.0,0.1,0.1,0.4,3.0,186.0,0.0,0.0,0.24731182795698925
9.0,9.0,20.0,0.1,0.1,0.4,3.0,295.0,0.0,0.0,0.13898305084745763
9.0,9.0,21.0,0.1,0.1,0.4,3.0,276.0,0.0,0.0,0.14492753623188406
9.0,9.0,22.0,0.1,0.1,0.4,3.0,287.0,0.0,0.0,0.14285714285714285
9.0,9.0,23.0,0.1,0.1,0.4,3.0,247.0,0.0,0.0,0.14979757085020243
9.0,9.0,24.0,0.1,0.1,0.4,3.0,251.0,0.0,0.0,0.14741035856573706
9.0,9.0,25.0,0.1,0.1,0.4,3.0,238.0,0.0,0.0,0.15546218487394958
9.0,9.0,26.0,0.1,0.1,0.4,3.0,230.0,0.0,0.0,0.1608695652173913
9.0,9.0,27.0,0.1,0.1,0.4,3.0,226.0,0.0,0.0,0.16371681415929204
9.0,9.0,28.0,0.1,0.1,0.4,3.0,228.0,0.0,0.0,0.16228070175438597
9.0,9.0,29.0,0.1,0.1,0.4,3.0,217.0,0.0,0.0,0.16589861751152074
9.0,9.0,30.0,0.1,0.1,0.4,3.0,213.0,0.0,0.0,0.16901408450704225
9.0,9.0,31.0,0.1,0.1,0.4,3.0,202.0,0.0,0.0,0.17326732673267325
9.0,9.0,32.0,0.1,0.1,0.4,3.0,206.0,0.0,0.0,0.16990291262135923
9.0,9.0,33.0,0.1,0.1,0.4,3.0,195.0,0.0,0.0,0.17435897435897435
9.0,9.0,34.0,0.1,0.1,0.4,3.0,206.0,0.0,0.0,0.16990291262135923
9.0,9.0,35.0,0.1,0.1,0.4,3.0,177.0,0.0,0.0,0.1807909604519774
9.0,9.0,36.0,0.1,0.1,0.4,3.0,188.0,0.0,0.0,0.17553191489361702
9.0,9.0,37.0,0.1,0.1,0.4,3.0,177.0,0.0,0.0,0.1807909604519774
9.0,9.0,38.0,0.1,0.1,0.4,3.0,188.0,0.0,0.0,0.17553191489361702
9.0,9.0,39.0,0.1,0.1,0.4,3.0,177.0,0.0,0.0,0.1807909604519774
9.0,9.0,40.0,0.1,0.1,0.4,3.0,188.0,0.0,0.0,0.17553191489361702
9.0,9.0,41.0,0.1,0.1,0.4,3.0,177.0,0.0,0.0,0.1807909604519774
9.0,9.0,42.0,0.1,0.1,0.4,3.0,188.0,0.0,0.0,0.17553191489361702
9.0,9.0,43.0,0.1,0.1,0.4,3.0,177.0,0.0,0.0,0.1807909604519774
9.0,9.0,44.0,0.1,0.1,0.4,3.0,188.0,0.0,0.0,0.17553191489361702
9.0,9.0,45.0,0.1,0.1,0.4,3.0,177.0,0.0,0.0,0.24858757062146894
9.0,9.0,46.0,0.1,0.1,0.4,3.0,181.0,0.0,0.0,0.23756906077348067
9.0,9.0,47.0,0.1,0.1,0.4,3.0,176.0,0.0,0.0,0.25
9.0,9.0,48.0,0.1,0.1,0.4,3.0,169.0,0.0,0.0,0.2603550295857988
9.0,9.0,49.0,0.1,0.1,0.4,3.0,168.0,0.0,0.0,0.2619047619047619
9.0,9.0,50.0,0.1,0.1,0.4,3.0,169.0,0.0,0.0,0.2603550295857988
9.0,9.0,51.0,0.1,0.1,0.4,3.0,168.0,0.0,0.0,0.2619047619047619
9.0,9.0,52.0,0.1,0.1,0.4,3.0,168.0,0.0,0.0,0.2619047619047619
9.0,10.0,1.0,0.1,0.1,0.4,3.0,168.0,0.0,0.0,0.2619047619047619
9.0,10.0,2.0,0.1,0.1,0.4,3.0,168.0,0.0,0.0,0.2619047619047619
9.0,10.0,3.0,0.1,0.1,0.4,3.0,167.0,0.0,0.0,0.2634730538922156
9.0,10.0,4.0,0.1,0.1,0.4,3.0,168.0,0.0,0.0,0.2619047619047619
9.0,10.0,5.0,0.1,0.1,0.4,3.0,163.0,0.0,0.0,0.26993865030674846
9.0,10.0,6.0,0.1,0.1,0.4,3.0,164.0,0.0,0.0,0.2682926829268293
9.0,10.0,7.0,0.1,0.1,0.4,3.0,163.0,0.0,0.0,0.26993865030674846
9.0,10.0,8.0,0.1,0.1,0.4,3.0,164.0,0.0,0.0,0.2682926829268293
9.0,10.0,9.0,0.1,0.1,0.4,3.0,163.0,0.0,0.0,0.26993865030674846
9.0,10.0,10.0,0.1,0.1,0.4,3.0,164.0,0.0,0.0,0.2682926829268293
9.0,10.0,11.0,0.1,0.1,0.4,3.0,163.0,0.0,0.0,0.26993865030674846
9.0,10.0,12.0,0.1,0.1,0.4,3.0,164.0,0.0,0.0,0.2682926829268293
9.0,10.0,13.0,0.1,0.1,0.4,3.0,163.0,0.0,0.0,0.26993865030674846
9.0,10.0,14.0,0.1,0.1,0.4,3.0,164.0,0.0,0.0,0.2682926829268293
9.0,10.0,15.0,0.1,0.1,0.4,3.0,163.0,0.0,0.0,0.26993865030674846
9.0,10.0,16.0,0.1,0.1,0.4,3.0,164.0,0.0,0.0,0.2682926829268293
9.0,10.0,17.0,0.1,0.1,0.4,3.0,163.0,0.0,0.0,0.26993865030674846
9.0,10.0,18.0,0.1,0.1,0.4,3.0,164.0,0.0,0.0,0.2682926829268293
9.0,10.0,19.0,0.1,0.1,0.4,3.0,163.0,0.0,0.0,0.26993865030674846
9.0,10.0,20.0,0.1,0.1,0.4,3.0,287.0,0.0,0.0,0.13937282229965156
9.0,10.0,21.0,0.1,0.1,0.4,3.0,275.0,0.0,0.0,0.14181818181818182
9.0,10.0,22.0,0.1,0.1,0.4,3.0,270.0,0.0,0.0,0.14444444444444443
9.0,10.0,23.0,0.1,0.1,0.4,3.0,256.0,0.0,0.0,0.14453125
9.0,10.0,24.0,0.1,0.1,0.4,3.0,253.0,0.0,0.0,0.14624505928853754
9.0,10.0,25.0,0.1,0.1,0.4,3.0,248.0,0.0,0.0,0.14516129032258066
9.0,10.0,26.0,0.1,0.1,0.4,3.0,250.0,0.0,0.0,0.144
9.0,10.0,27.0,0.1,0.1,0.4,3.0,240.0,0.0,0.0,0.15
9.0,10.0,28.0,0.1,0.1,0.4,3.0,245.0,0.0,0.0,0.1510204081632653
9.0,10.0,29.0,0.1,0.1,0.4,3.0,228.0,0.0,0.0,0.15350877192982457
9.0,10.0,30.0,0.1,0.1,0.4,3.0,233.0,0.0,0.0,0.15450643776824036
9.0,10.0,31.0,0.1,0.1,0.4,3.0,218.0,0.0,0.0,0.15137614678899083
9.0,10.0,32.0,0.1,0.1,0.4,3.0,223.0,0.0,0.0,0.15246636771300448
9.0,10.0,33.0,0.1,0.1,0.4,3.0,218.0,0.0,0.0,0.15137614678899083
9.0,10.0,34.0,0.1,0.1,0.4,3.0,214.0,0.0,0.0,0.1542056074766355
9.0,10.0,35.0,0.1,0.1,0.4,3.0,209.0,0.0,0.0,0.15311004784688995
9.0,10.0,36.0,0.1,0.1,0.4,3.0,214.0,0.0,0.0,0.1542056074766355
9.0,10.0,37.0,0.1,0.1,0.4,3.0,199.0,0.0,0.0,0.16080402010050251
9.0,10.0,38.0,0.1,0.1,0.4,3.0,204.0,0.0,0.0,0.16176470588235295
9.0,10.0,39.0,0.1,0.1,0.4,3.0,199.0,0.0,0.0,0.16080402010050251
9.0,10.0,40.0,0.1,0.1,0.4,3.0,203.0,0.0,0.0,0.1625615763546798
9.0,10.0,41.0,0.1,0.1,0.4,3.0,199.0,0.0,0.0,0.16080402010050251
9.0,10.0,42.0,0.1,0.1,0.4,3.0,202.0,0.0,0.0,0.16336633663366337
9.0,10.0,43.0,0.1,0.1,0.4,3.0,198.0,0.0,0.0,0.16161616161616163
9.0,10.0,44.0,0.1,0.1,0.4,3.0,202.0,0.0,0.0,0.16336633663366337
9.0,10.0,45.0,0.1,0.1,0.4,3.0,198.0,0.0,0.0,0.2222222222222222
9.0,10.0,46.0,0.1,0.1,0.4,3.0,201.0,0.0,0.0,0.22388059701492538
9.0,10.0,47.0,0.1,0.1,0.4,3.0,199.0,0.0,0.0,0.22110552763819097
9.0,10.0,48.0,0.1,0.1,0.4,3.0,197.0,0.0,0.0,0.2233502538071066
9.0,10.0,49.0,0.1,0.1,0.4,3.0,191.0,0.0,0.0,0.23036649214659685
9.0,10.0,50.0,0.1,0.1,0.4,3.0,191.0,0.0,0.0,0.2356020942408377
9.0,10.0,51.0,0.1,0.1,0.4,3.0,183.0,0.0,0.0,0.24043715846994534
9.0,10.0,52.0,0.1,0.1,0.4,3.0,182.0,0.0,0.0,0.24175824175824176
10.0,1.0,1.0,0.1,0.1,0.4,3.0,5019.0,47.0,8.0,0.10181311018131102
10.0,1.0,2.0,0.1,0.1,0.4,3.0,4965.0,55.0,20.0,0.10292044310171199
10.0,1.0,3.0,0.1,0.1,0.4,3.0,4813.0,68.0,35.0,0.1026386868896738
10.0,1.0,4.0,0.1,0.1,0.4,3.0,4736.0,85.0,43.0,0.10494087837837837
10.0,1.0,5.0,0.1,0.1,0.4,3.0,4719.0,117.0,44.0,0.10383555838101292
10.0,1.0,6.0,0.1,0.1,0.4,3.0,4603.0,143.0,45.0,0.10753856180751684
10.0,1.0,7.0,0.1,0.1,0.4,3.0,4392.0,159.0,55.0,0.10610200364298725
10.0,1.0,8.0,0.1,0.1,0.4,3.0,4235.0,170.0,76.0,0.10672963400236128
10.0,1.0,9.0,0.1,0.1,0.4,3.0,3978.0,206.0,90.0,0.10558069381598793
10.0,1.0,10.0,0.1,0.1,0.4,3.0,3828.0,222.0,97.0,0.10815047021943573
10.0,1.0,11.0,0.1,0.1,0.4,3.0,3644.0,253.0,96.0,0.10675082327113063
10.0,1.0,12.0,0.1,0.1,0.4,3.0,3426.0,261.0,103.0,0.10974897840046702
10.0,1.0,13.0,0.1,0.1,0.4,3.0,3332.0,263.0,120.0,0.10864345738295318
10.0,1.0,14.0,0.1,0.1,0.4,3.0,3224.0,281.0,126.0,0.11104218362282878
10.0,1.0,15.0,0.1,0.1,0.4,3.0,3153.0,304.0,129.0,0.11195686647637171
10.0,1.0,16.0,0.1,0.1,0.4,3.0,3013.0,314.0,137.0,0.11549950215731829
10.0,1.0,17.0,0.1,0.1,0.4,3.0,2922.0,316.0,145.0,0.11772758384668036
10.0,1.0,18.0,0.1,0.1,0.4,3.0,2811.0,316.0,157.0,0.11988616150836001
10.0,1.0,19.0,0.1,0.1,0.4,3.0,2646.0,291.0,147.0,0.1235827664399093
10.0,1.0,20.0,0.1,0.1,0.4,3.0,6878.0,260.0,138.0,0.04536202384414074
10.0,1.0,21.0,0.1,0.1,0.4,3.0,6104.0,350.0,122.0,0.04554390563564875
10.0,1.0,22.0,0.1,0.1,0.4,3.0,5685.0,390.0,129.0,0.04661389621811785
10.0,1.0,23.0,0.1,0.1,0.4,3.0,5150.0,445.0,146.0,0.04854368932038835
10.0,1.0,24.0,0.1,0.1,0.4,3.0,4736.0,459.0,156.0,0.05025337837837838
10.0,1.0,25.0,0.1,0.1,0.4,3.0,4313.0,467.0,180.0,0.05193600741942963
10.0,1.0,26.0,0.1,0.1,0.4,3.0,4058.0,460.0,195.0,0.0527353376047314
10.0,1.0,27.0,0.1,0.1,0.4,3.0,3770.0,485.0,210.0,0.053315649867374006
10.0,1.0,28.0,0.1,0.1,0.4,3.0,3383.0,479.0,219.0,0.057936742536210464
10.0,1.0,29.0,0.1,0.1,0.4,3.0,3084.0,470.0,187.0,0.05901426718547341
10.0,1.0,30.0,0.1,0.1,0.4,3.0,2858.0,429.0,183.0,0.06263121063680896
10.0,1.0,31.0,0.1,0.1,0.4,3.0,2621.0,376.0,166.0,0.06562380770698206
10.0,1.0,32.0,0.1,0.1,0.4,3.0,2457.0,365.0,189.0,0.06715506715506715
10.0,1.0,33.0,0.1,0.1,0.4,3.0,2294.0,334.0,161.0,0.06931124673060157
10.0,1.0,34.0,0.1,0.1,0.4,3.0,2123.0,296.0,148.0,0.07489401789919925
10.0,1.0,35.0,0.1,0.1,0.4,3.0,1973.0,265.0,141.0,0.07754688291941206
10.0,1.0,36.0,0.1,0.1,0.4,3.0,1814.0,252.0,135.0,0.07993384785005513
10.0,1.0,37.0,0.1,0.1,0.4,3.0,1720.0,226.0,127.0,0.08081395348837209
10.0,1.0,38.0,0.1,0.1,0.4,3.0,1620.0,201.0,101.0,0.08395061728395062
10.0,1.0,39.0,0.1,0.1,0.4,3.0,1452.0,186.0,91.0,0.087465564738292
10.0,1.0,40.0,0.1,0.1,0.4,3.0,1365.0,152.0,77.0,0.09377289377289377
10.0,1.0,41.0,0.1,0.1,0.4,3.0,1296.0,147.0,81.0,0.09567901234567901
10.0,1.0,42.0,0.1,0.1,0.4,3.0,1194.0,127.0,64.0,0.10050251256281408
10.0,1.0,43.0,0.1,0.1,0.4,3.0,1125.0,118.0,58.0,0.104
10.0,1.0,44.0,0.1,0.1,0.4,3.0,1096.0,94.0,51.0,0.10766423357664233
10.0,1.0,45.0,0.1,0.1,0.4,3.0,1022.0,89.0,46.0,0.17025440313111545
10.0,1.0,46.0,0.1,0.1,0.4,3.0,1002.0,83.0,41.0,0.17265469061876249
10.0,1.0,47.0,0.1,0.1,0.4,3.0,966.0,76.0,34.0,0.17598343685300208
10.0,1.0,48.0,0.1,0.1,0.4,3.0,947.0,74.0,34.0,0.17845828933474128
10.0,1.0,49.0,0.1,0.1,0.4,3.0,900.0,72.0,35.0,0.17888888888888888
10.0,1.0,50.0,0.1,0.1,0.4,3.0,882.0,66.0,35.0,0.18253968253968253
10.0,1.0,51.0,0.1,0.1,0.4,3.0,858.0,62.0,27.0,0.18414918414918416
10.0,1.0,52.0,0.1,0.1,0.4,3.0,851.0,57.0,27.0,0.18566392479435959
10.0,2.0,1.0,0.1,0.1,0.4,3.0,822.0,48.0,24.0,0.1873479318734793
10.0,2.0,2.0,0.1,0.1,0.4,3.0,816.0,41.0,21.0,0.18995098039215685
10.0,2.0,3.0,0.1,0.1,0.4,3.0,799.0,37.0,19.0,0.19148936170212766
10.0,2.0,4.0,0.1,0.1,0.4,3.0,795.0,32.0,17.0,0.1949685534591195
10.0,2.0,5.0,0.1,0.1,0.4,3.0,784.0,29.0,18.0,0.19642857142857142
10.0,2.0,6.0,0.1,0.1,0.4,3.0,773.0,22.0,14.0,0.1979301423027167
10.0,2.0,7.0,0.1,0.1,0.4,3.0,763.0,21.0,12.0,0.20052424639580602
10.0,2.0,8.0,0.1,0.1,0.4,3.0,752.0,16.0,9.0,0.1981382978723404
10.0,2.0,9.0,0.1,0.1,0.4,3.0,743.0,15.0,9.0,0.20053835800807537
10.0,2.0,10.0,0.1,0.1,0.4,3.0,742.0,15.0,8.0,0.19946091644204852
10.0,2.0,11.0,0.1,0.1,0.4,3.0,727.0,15.0,7.0,0.19944979367262725
10.0,2.0,12.0,0.1,0.1,0.4,3.0,728.0,15.0,5.0,0.20054945054945056
10.0,2.0,13.0,0.1,0.1,0.4,3.0,714.0,14.0,3.0,0.19887955182072828
10.0,2.0,14.0,0.1,0.1,0.4,3.0,717.0,12.0,8.0,0.19804741980474197
10.0,2.0,15.0,0.1,0.1,0.4,3.0,700.0,10.0,9.0,0.19714285714285715
10.0,2.0,16.0,0.1,0.1,0.4,3.0,696.0,9.0,9.0,0.1968390804597701
10.0,2.0,17.0,0.1,0.1,0.4,3.0,669.0,2.0,2.0,0.19880418535127056
10.0,2.0,18.0,0.1,0.1,0.4,3.0,667.0,1.0,1.0,0.19940029985007496
10.0,2.0,19.0,0.1,0.1,0.4,3.0,662.0,0.0,0.0,0.20090634441087613
10.0,2.0,20.0,0.1,0.1,0.4,3.0,1187.0,0.0,0.0,0.11204717775905644
10.0,2.0,21.0,0.1,0.1,0.4,3.0,1149.0,0.0,0.0,0.11314186248912098
10.0,2.0,22.0,0.1,0.1,0.4,3.0,1104.0,0.0,0.0,0.11503623188405797
10.0,2.0,23.0,0.1,0.1,0.4,3.0,1053.0,0.0,0.0,0.11396011396011396
10.0,2.0,24.0,0.1,0.1,0.4,3.0,1042.0,0.0,0.0,0.11228406909788867
10.0,2.0,25.0,0.1,0.1,0.4,3.0,1019.0,0.0,0.0,0.11383709519136408
10.0,2.0,26.0,0.1,0.1,0.4,3.0,991.0,0.0,0.0,0.11503531786074672
10.0,2.0,27.0,0.1,0.1,0.4,3.0,967.0,0.0,0.0,0.11685625646328852
10.0,2.0,28.0,0.1,0.1,0.4,3.0,953.0,0.0,0.0,0.11542497376705142
10.0,2.0,29.0,0.1,0.1,0.4,3.0,917.0,0.0,0.0,0.11668484187568157
10.0,2.0,30.0,0.1,0.1,0.4,3.0,900.0,0.0,0.0,0.11888888888888889
10.0,2.0,31.0,0.1,0.1,0.4,3.0,852.0,0.0,0.0,0.12089201877934272
10.0,2.0,32.0,0.1,0.1,0.4,3.0,846.0,0.0,0.0,0.12293144208037825
10.0,2.0,33.0,0.1,0.1,0.4,3.0,812.0,0.0,0.0,0.1268472906403941
10.0,2.0,34.0,0.1,0.1,0.4,3.0,798.0,0.0,0.0,0.12656641604010024
10.0,2.0,35.0,0.1,0.1,0.4,3.0,786.0,0.0,0.0,0.12595419847328243
10.0,2.0,36.0,0.1,0.1,0.4,3.0,791.0,0.0,0.0,0.1264222503160556
10.0,2.0,37.0,0.1,0.1,0.4,3.0,769.0,0.0,0.0,0.12743823146944083
10.0,2.0,38.0,0.1,0.1,0.4,3.0,754.0,0.0,0.0,0.1312997347480106
10.0,2.0,39.0,0.1,0.1,0.4,3.0,746.0,0.0,0.0,0.13136729222520108
10.0,2.0,40.0,0.1,0.1,0.4,3.0,742.0,0.0,0.0,0.1320754716981132
10.0,2.0,41.0,0.1,0.1,0.4,3.0,725.0,0.0,0.0,0.13241379310344828
10.0,2.0,42.0,0.1,0.1,0.4,3.0,720.0,0.0,0.0,0.13472222222222222
10.0,2.0,43.0,0.1,0.1,0.4,3.0,703.0,0.0,0.0,0.13655761024182078
10.0,2.0,44.0,0.1,0.1,0.4,3.0,674.0,0.0,0.0,0.142433234421365
10.0,2.0,45.0,0.1,0.1,0.4,3.0,662.0,0.0,0.0,0.2190332326283988
10.0,2.0,46.0,0.1,0.1,0.4,3.0,657.0,0.0,0.0,0.2207001522070015
10.0,2.0,47.0,0.1,0.1,0.4,3.0,651.0,0.0,0.0,0.22119815668202766
10.0,2.0,48.0,0.1,0.1,0.4,3.0,634.0,0.0,0.0,0.22712933753943218
10.0,2.0,49.0,0.1,0.1,0.4,3.0,602.0,0.0,0.0,0.22591362126245848
10.0,2.0,50.0,0.1,0.1,0.4,3.0,591.0,0.0,0.0,0.22504230118443316
10.0,2.0,51.0,0.1,0.1,0.4,3.0,590.0,0.0,0.0,0.22372881355932203
10.0,2.0,52.0,0.1,0.1,0.4,3.0,586.0,0.0,0.0,0.22525597269624573
10.0,3.0,1.0,0.1,0.1,0.4,3.0,576.0,0.0,0.0,0.2222222222222222
10.0,3.0,2.0,0.1,0.1,0.4,3.0,573.0,0.0,0.0,0.225130890052356
10.0,3.0,3.0,0.1,0.1,0.4,3.0,574.0,0.0,0.0,0.2229965156794425
10.0,3.0,4.0,0.1,0.1,0.4,3.0,575.0,0.0,0.0,0.22434782608695653
10.0,3.0,5.0,0.1,0.1,0.4,3.0,566.0,0.0,0.0,0.22614840989399293
10.0,3.0,6.0,0.1,0.1,0.4,3.0,568.0,0.0,0.0,0.22711267605633803
10.0,3.0,7.0,0.1,0.1,0.4,3.0,562.0,0.0,0.0,0.22597864768683273
10.0,3.0,8.0,0.1,0.1,0.4,3.0,562.0,0.0,0.0,0.22241992882562278
10.0,3.0,9.0,0.1,0.1,0.4,3.0,556.0,0.0,0.0,0.21942446043165467
10.0,3.0,10.0,0.1,0.1,0.4,3.0,547.0,0.0,0.0,0.21937842778793418
10.0,3.0,11.0,0.1,0.1,0.4,3.0,544.0,0.0,0.0,0.21507352941176472
10.0,3.0,12.0,0.1,0.1,0.4,3.0,546.0,0.0,0.0,0.21978021978021978
10.0,3.0,13.0,0.1,0.1,0.4,3.0,539.0,0.0,0.0,0.21706864564007422
10.0,3.0,14.0,0.1,0.1,0.4,3.0,537.0,0.0,0.0,0.21787709497206703
10.0,3.0,15.0,0.1,0.1,0.4,3.0,534.0,0.0,0.0,0.21161048689138576
10.0,3.0,16.0,0.1,0.1,0.4,3.0,535.0,0.0,0.0,0.21682242990654205
10.0,3.0,17.0,0.1,0.1,0.4,3.0,532.0,0.0,0.0,0.21052631578947367
10.0,3.0,18.0,0.1,0.1,0.4,3.0,532.0,0.0,0.0,0.2161654135338346
10.0,3.0,19.0,0.1,0.1,0.4,3.0,530.0,0.0,0.0,0.21132075471698114
10.0,3.0,20.0,0.1,0.1,0.4,3.0,1055.0,0.0,0.0,0.10710900473933649
10.0,3.0,21.0,0.1,0.1,0.4,3.0,980.0,0.0,0.0,0.10918367346938776
10.0,3.0,22.0,0.1,0.1,0.4,3.0,921.0,0.0,0.0,0.11400651465798045
10.0,3.0,23.0,0.1,0.1,0.4,3.0,893.0,0.0,0.0,0.11198208286674133
10.0,3.0,24.0,0.1,0.1,0.4,3.0,841.0,0.0,0.0,0.11533888228299644
10.0,3.0,25.0,0.1,0.1,0.4,3.0,825.0,0.0,0.0,0.11757575757575757
10.0,3.0,26.0,0.1,0.1,0.4,3.0,813.0,0.0,0.0,0.11931119311193111
10.0,3.0,27.0,0.1,0.1,0.4,3.0,817.0,0.0,0.0,0.11995104039167687
10.0,3.0,28.0,0.1,0.1,0.4,3.0,767.0,0.0,0.0,0.12255541069100391
10.0,3.0,29.0,0.1,0.1,0.4,3.0,783.0,0.0,0.0,0.12132822477650064
10.0,3.0,30.0,0.1,0.1,0.4,3.0,751.0,0.0,0.0,0.12250332889480692
10.0,3.0,31.0,0.1,0.1,0.4,3.0,727.0,0.0,0.0,0.12517193947730398
10.0,3.0,32.0,0.1,0.1,0.4,3.0,680.0,0.0,0.0,0.12941176470588237
10.0,3.0,33.0,0.1,0.1,0.4,3.0,679.0,0.0,0.0,0.13107511045655376
10.0,3.0,34.0,0.1,0.1,0.4,3.0,662.0,0.0,0.0,0.13293051359516617
10.0,3.0,35.0,0.1,0.1,0.4,3.0,654.0,0.0,0.0,0.13302752293577982
10.0,3.0,36.0,0.1,0.1,0.4,3.0,625.0,0.0,0.0,0.136
10.0,3.0,37.0,0.1,0.1,0.4,3.0,621.0,0.0,0.0,0.13526570048309178
10.0,3.0,38.0,0.1,0.1,0.4,3.0,621.0,0.0,0.0,0.13365539452495975
10.0,3.0,39.0,0.1,0.1,0.4,3.0,609.0,0.0,0.0,0.13464696223316913
10.0,3.0,40.0,0.1,0.1,0.4,3.0,608.0,0.0,0.0,0.13157894736842105
10.0,3.0,41.0,0.1,0.1,0.4,3.0,608.0,0.0,0.0,0.13322368421052633
10.0,3.0,42.0,0.1,0.1,0.4,3.0,606.0,0.0,0.0,0.132013201320132
10.0,3.0,43.0,0.1,0.1,0.4,3.0,598.0,0.0,0.0,0.13210702341137123
10.0,3.0,44.0,0.1,0.1,0.4,3.0,579.0,0.0,0.0,0.13644214162348878
10.0,3.0,45.0,0.1,0.1,0.4,3.0,583.0,0.0,0.0,0.19897084048027444
10.0,3.0,46.0,0.1,0.1,0.4,3.0,543.0,0.0,0.0,0.20257826887661143
10.0,3.0,47.0,0.1,0.1,0.4,3.0,533.0,0.0,0.0,0.2045028142589118
10.0,3.0,48.0,0.1,0.1,0.4,3.0,526.0,0.0,0.0,0.20342205323193915
10.0,3.0,49.0,0.1,0.1,0.4,3.0,535.0,0.0,0.0,0.2
10.0,3.0,50.0,0.1,0.1,0.4,3.0,522.0,0.0,0.0,0.20306513409961685
10.0,3.0,51.0,0.1,0.1,0.4,3.0,534.0,0.0,0.0,0.20224719101123595
10.0,3.0,52.0,0.1,0.1,0.4,3.0,526.0,0.0,0.0,0.20342205323193915
10.0,4.0,1.0,0.1,0.1,0.4,3.0,530.0,0.0,0.0,0.2037735849056604
10.0,4.0,2.0,0.1,0.1,0.4,3.0,523.0,0.0,0.0,0.20076481835564053
10.0,4.0,3.0,0.1,0.1,0.4,3.0,525.0,0.0,0.0,0.2
10.0,4.0,4.0,0.1,0.1,0.4,3.0,521.0,0.0,0.0,0.19961612284069097
10.0,4.0,5.0,0.1,0.1,0.4,3.0,521.0,0.0,0.0,0.19961612284069097
10.0,4.0,6.0,0.1,0.1,0.4,3.0,509.0,0.0,0.0,0.20039292730844793
10.0,4.0,7.0,0.1,0.1,0.4,3.0,509.0,0.0,0.0,0.19842829076620824
10.0,4.0,8.0,0.1,0.1,0.4,3.0,505.0,0.0,0.0,0.2
10.0,4.0,9.0,0.1,0.1,0.4,3.0,507.0,0.0,0.0,0.19723865877712032
10.0,4.0,10.0,0.1,0.1,0.4,3.0,499.0,0.0,0.0,0.20040080160320642
10.0,4.0,11.0,0.1,0.1,0.4,3.0,492.0,0.0,0.0,0.20121951219512196
10.0,4.0,12.0,0.1,0.1,0.4,3.0,471.0,0.0,0.0,0.21019108280254778
10.0,4.0,13.0,0.1,0.1,0.4,3.0,472.0,0.0,0.0,0.2055084745762712
10.0,4.0,14.0,0.1,0.1,0.4,3.0,471.0,0.0,0.0,0.21019108280254778
10.0,4.0,15.0,0.1,0.1,0.4,3.0,453.0,0.0,0.0,0.2119205298013245
10.0,4.0,16.0,0.1,0.1,0.4,3.0,450.0,0.0,0.0,0.2111111111111111
10.0,4.0,17.0,0.1,0.1,0.4,3.0,450.0,0.0,0.0,0.2111111111111111
10.0,4.0,18.0,0.1,0.1,0.4,3.0,449.0,0.0,0.0,0.21158129175946547
10.0,4.0,19.0,0.1,0.1,0.4,3.0,450.0,0.0,0.0,0.2111111111111111
10.0,4.0,20.0,0.1,0.1,0.4,3.0,847.0,0.0,0.0,0.11216056670602124
10.0,4.0,21.0,0.1,0.1,0.4,3.0,798.0,0.0,0.0,0.11403508771929824
10.0,4.0,22.0,0.1,0.1,0.4,3.0,781.0,0.0,0.0,0.11139564660691421
10.0,4.0,23.0,0.1,0.1,0.4,3.0,773.0,0.0,0.0,0.11254851228978008
10.0,4.0,24.0,0.1,0.1,0.4,3.0,733.0,0.0,0.0,0.11732605729877217
10.0,4.0,25.0,0.1,0.1,0.4,3.0,692.0,0.0,0.0,0.12138728323699421
10.0,4.0,26.0,0.1,0.1,0.4,3.0,677.0,0.0,0.0,0.12259970457902511
10.0,4.0,27.0,0.1,0.1,0.4,3.0,634.0,0.0,0.0,0.1309148264984227
10.0,4.0,28.0,0.1,0.1,0.4,3.0,608.0,0.0,0.0,0.13651315789473684
10.0,4.0,29.0,0.1,0.1,0.4,3.0,580.0,0.0,0.0,0.13793103448275862
10.0,4.0,30.0,0.1,0.1,0.4,3.0,571.0,0.0,0.0,0.14185639229422067
10.0,4.0,31.0,0.1,0.1,0.4,3.0,562.0,0.0,0.0,0.14056939501779359
10.0,4.0,32.0,0.1,0.1,0.4,3.0,548.0,0.0,0.0,0.14416058394160583
10.0,4.0,33.0,0.1,0.1,0.4,3.0,537.0,0.0,0.0,0.14338919925512103
10.0,4.0,34.0,0.1,0.1,0.4,3.0,521.0,0.0,0.0,0.14395393474088292
10.0,4.0,35.0,0.1,0.1,0.4,3.0,512.0,0.0,0.0,0.142578125
10.0,4.0,36.0,0.1,0.1,0.4,3.0,508.0,0.0,0.0,0.13976377952755906
10.0,4.0,37.0,0.1,0.1,0.4,3.0,494.0,0.0,0.0,0.1396761133603239
10.0,4.0,38.0,0.1,0.1,0.4,3.0,486.0,0.0,0.0,0.13991769547325103
10.0,4.0,39.0,0.1,0.1,0.4,3.0,482.0,0.0,0.0,0.13900414937759337
10.0,4.0,40.0,0.1,0.1,0.4,3.0,475.0,0.0,0.0,0.14105263157894737
10.0,4.0,41.0,0.1,0.1,0.4,3.0,450.0,0.0,0.0,0.14666666666666667
10.0,4.0,42.0,0.1,0.1,0.4,3.0,447.0,0.0,0.0,0.1476510067114094
10.0,4.0,43.0,0.1,0.1,0.4,3.0,441.0,0.0,0.0,0.14512471655328799
10.0,4.0,44.0,0.1,0.1,0.4,3.0,433.0,0.0,0.0,0.14549653579676675
10.0,4.0,45.0,0.1,0.1,0.4,3.0,421.0,0.0,0.0,0.21377672209026127
10.0,4.0,46.0,0.1,0.1,0.4,3.0,406.0,0.0,0.0,0.22167487684729065
10.0,4.0,47.0,0.1,0.1,0.4,3.0,406.0,0.0,0.0,0.21921182266009853
10.0,4.0,48.0,0.1,0.1,0.4,3.0,378.0,0.0,0.0,0.22486772486772486
10.0,4.0,49.0,0.1,0.1,0.4,3.0,369.0,0.0,0.0,0.22493224932249323
10.0,4.0,50.0,0.1,0.1,0.4,3.0,357.0,0.0,0.0,0.22128851540616246
10.0,4.0,51.0,0.1,0.1,0.4,3.0,359.0,0.0,0.0,0.21727019498607242
10.0,4.0,52.0,0.1,0.1,0.4,3.0,358.0,0.0,0.0,0.2206703910614525
10.0,5.0,1.0,0.1,0.1,0.4,3.0,357.0,0.0,0.0,0.2184873949579832
10.0,5.0,2.0,0.1,0.1,0.4,3.0,358.0,0.0,0.0,0.2206703910614525
10.0,5.0,3.0,0.1,0.1,0.4,3.0,358.0,0.0,0.0,0.21787709497206703
10.0,5.0,4.0,0.1,0.1,0.4,3.0,358.0,0.0,0.0,0.2206703910614525
10.0,5.0,5.0,0.1,0.1,0.4,3.0,357.0,0.0,0.0,0.2184873949579832
10.0,5.0,6.0,0.1,0.1,0.4,3.0,347.0,0.0,0.0,0.21613832853025935
10.0,5.0,7.0,0.1,0.1,0.4,3.0,345.0,0.0,0.0,0.2144927536231884
10.0,5.0,8.0,0.1,0.1,0.4,3.0,345.0,0.0,0.0,0.2144927536231884
10.0,5.0,9.0,0.1,0.1,0.4,3.0,343.0,0.0,0.0,0.21574344023323616
10.0,5.0,10.0,0.1,0.1,0.4,3.0,341.0,0.0,0.0,0.21700879765395895
10.0,5.0,11.0,0.1,0.1,0.4,3.0,341.0,0.0,0.0,0.21700879765395895
10.0,5.0,12.0,0.1,0.1,0.4,3.0,341.0,0.0,0.0,0.21700879765395895
10.0,5.0,13.0,0.1,0.1,0.4,3.0,341.0,0.0,0.0,0.21700879765395895
10.0,5.0,14.0,0.1,0.1,0.4,3.0,341.0,0.0,0.0,0.21700879765395895
10.0,5.0,15.0,0.1,0.1,0.4,3.0,341.0,0.0,0.0,0.21700879765395895
10.0,5.0,16.0,0.1,0.1,0.4,3.0,341.0,0.0,0.0,0.21700879765395895
10.0,5.0,17.0,0.1,0.1,0.4,3.0,341.0,0.0,0.0,0.21700879765395895
10.0,5.0,18.0,0.1,0.1,0.4,3.0,340.0,0.0,0.0,0.21764705882352942
10.0,5.0,19.0,0.1,0.1,0.4,3.0,339.0,0.0,0.0,0.2182890855457227
10.0,5.0,20.0,0.1,0.1,0.4,3.0,628.0,0.0,0.0,0.1178343949044586
10.0,5.0,21.0,0.1,0.1,0.4,3.0,618.0,0.0,0.0,0.11812297734627832
10.0,5.0,22.0,0.1,0.1,0.4,3.0,590.0,0.0,0.0,0.11864406779661017
10.0,5.0,23.0,0.1,0.1,0.4,3.0,589.0,0.0,0.0,0.11884550084889643
10.0,5.0,24.0,0.1,0.1,0.4,3.0,565.0,0.0,0.0,0.12035398230088495
10.0,5.0,25.0,0.1,0.1,0.4,3.0,555.0,0.0,0.0,0.11891891891891893
10.0,5.0,26.0,0.1,0.1,0.4,3.0,531.0,0.0,0.0,0.1224105461393597
10.0,5.0,27.0,0.1,0.1,0.4,3.0,517.0,0.0,0.0,0.1218568665377176
10.0,5.0,28.0,0.1,0.1,0.4,3.0,514.0,0.0,0.0,0.122568093385214
10.0,5.0,29.0,0.1,0.1,0.4,3.0,507.0,0.0,0.0,0.1242603550295858
10.0,5.0,30.0,0.1,0.1,0.4,3.0,506.0,0.0,0.0,0.12450592885375494
10.0,5.0,31.0,0.1,0.1,0.4,3.0,488.0,0.0,0.0,0.125
10.0,5.0,32.0,0.1,0.1,0.4,3.0,478.0,0.0,0.0,0.12552301255230125
10.0,5.0,33.0,0.1,0.1,0.4,3.0,479.0,0.0,0.0,0.12526096033402923
10.0,5.0,34.0,0.1,0.1,0.4,3.0,428.0,0.0,0.0,0.13317757009345793
10.0,5.0,35.0,0.1,0.1,0.4,3.0,435.0,0.0,0.0,0.1310344827586207
10.0,5.0,36.0,0.1,0.1,0.4,3.0,416.0,0.0,0.0,0.1346153846153846
10.0,5.0,37.0,0.1,0.1,0.4,3.0,422.0,0.0,0.0,0.13270142180094788
10.0,5.0,38.0,0.1,0.1,0.4,3.0,415.0,0.0,0.0,0.13493975903614458
10.0,5.0,39.0,0.1,0.1,0.4,3.0,422.0,0.0,0.0,0.13270142180094788
10.0,5.0,40.0,0.1,0.1,0.4,3.0,400.0,0.0,0.0,0.1375
10.0,5.0,41.0,0.1,0.1,0.4,3.0,406.0,0.0,0.0,0.1354679802955665
10.0,5.0,42.0,0.1,0.1,0.4,3.0,391.0,0.0,0.0,0.13810741687979539
10.0,5.0,43.0,0.1,0.1,0.4,3.0,398.0,0.0,0.0,0.135678391959799
10.0,5.0,44.0,0.1,0.1,0.4,3.0,390.0,0.0,0.0,0.1358974358974359
10.0,5.0,45.0,0.1,0.1,0.4,3.0,388.0,0.0,0.0,0.18814432989690721
10.0,5.0,46.0,0.1,0.1,0.4,3.0,382.0,0.0,0.0,0.19109947643979058
10.0,5.0,47.0,0.1,0.1,0.4,3.0,379.0,0.0,0.0,0.18997361477572558
10.0,5.0,48.0,0.1,0.1,0.4,3.0,344.0,0.0,0.0,0.20348837209302326
10.0,5.0,49.0,0.1,0.1,0.4,3.0,344.0,0.0,0.0,0.20348837209302326
10.0,5.0,50.0,0.1,0.1,0.4,3.0,340.0,0.0,0.0,0.2
10.0,5.0,51.0,0.1,0.1,0.4,3.0,342.0,0.0,0.0,0.19883040935672514
10.0,5.0,52.0,0.1,0.1,0.4,3.0,329.0,0.0,0.0,0.2006079027355623
10.0,6.0,1.0,0.1,0.1,0.4,3.0,331.0,0.0,0.0,0.19939577039274925
10.0,6.0,2.0,0.1,0.1,0.4,3.0,327.0,0.0,0.0,0.2018348623853211
10.0,6.0,3.0,0.1,0.1,0.4,3.0,327.0,0.0,0.0,0.19877675840978593
10.0,6.0,4.0,0.1,0.1,0.4,3.0,326.0,0.0,0.0,0.20245398773006135
10.0,6.0,5.0,0.1,0.1,0.4,3.0,327.0,0.0,0.0,0.19877675840978593
10.0,6.0,6.0,0.1,0.1,0.4,3.0,325.0,0.0,0.0,0.20307692307692307
10.0,6.0,7.0,0.1,0.1,0.4,3.0,325.0,0.0,0.0,0.19384615384615383
10.0,6.0,8.0,0.1,0.1,0.4,3.0,322.0,0.0,0.0,0.19875776397515527
10.0,6.0,9.0,0.1,0.1,0.4,3.0,322.0,0.0,0.0,0.1956521739130435
10.0,6.0,10.0,0.1,0.1,0.4,3.0,320.0,0.0,0.0,0.2
10.0,6.0,11.0,0.1,0.1,0.4,3.0,321.0,0.0,0.0,0.19626168224299065
10.0,6.0,12.0,0.1,0.1,0.4,3.0,319.0,0.0,0.0,0.2006269592476489
10.0,6.0,13.0,0.1,0.1,0.4,3.0,320.0,0.0,0.0,0.196875
10.0,6.0,14.0,0.1,0.1,0.4,3.0,318.0,0.0,0.0,0.20125786163522014
10.0,6.0,15.0,0.1,0.1,0.4,3.0,319.0,0.0,0.0,0.1974921630094044
10.0,6.0,16.0,0.1,0.1,0.4,3.0,317.0,0.0,0.0,0.20189274447949526
10.0,6.0,17.0,0.1,0.1,0.4,3.0,318.0,0.0,0.0,0.19811320754716982
10.0,6.0,18.0,0.1,0.1,0.4,3.0,317.0,0.0,0.0,0.20189274447949526
10.0,6.0,19.0,0.1,0.1,0.4,3.0,318.0,0.0,0.0,0.19811320754716982
10.0,6.0,20.0,0.1,0.1,0.4,3.0,581.0,0.0,0.0,0.11015490533562823
10.0,6.0,21.0,0.1,0.1,0.4,3.0,564.0,0.0,0.0,0.1099290780141844
10.0,6.0,22.0,0.1,0.1,0.4,3.0,563.0,0.0,0.0,0.11190053285968028
10.0,6.0,23.0,0.1,0.1,0.4,3.0,531.0,0.0,0.0,0.1167608286252354
10.0,6.0,24.0,0.1,0.1,0.4,3.0,512.0,0.0,0.0,0.12109375
10.0,6.0,25.0,0.1,0.1,0.4,3.0,500.0,0.0,0.0,0.12
10.0,6.0,26.0,0.1,0.1,0.4,3.0,489.0,0.0,0.0,0.12065439672801637
10.0,6.0,27.0,0.1,0.1,0.4,3.0,478.0,0.0,0.0,0.12133891213389121
10.0,6.0,28.0,0.1,0.1,0.4,3.0,479.0,0.0,0.0,0.12317327766179541
10.0,6.0,29.0,0.1,0.1,0.4,3.0,450.0,0.0,0.0,0.12222222222222222
10.0,6.0,30.0,0.1,0.1,0.4,3.0,442.0,0.0,0.0,0.12669683257918551
10.0,6.0,31.0,0.1,0.1,0.4,3.0,430.0,0.0,0.0,0.12558139534883722
10.0,6.0,32.0,0.1,0.1,0.4,3.0,398.0,0.0,0.0,0.13316582914572864
10.0,6.0,33.0,0.1,0.1,0.4,3.0,389.0,0.0,0.0,0.13110539845758354
10.0,6.0,34.0,0.1,0.1,0.4,3.0,390.0,0.0,0.0,0.13333333333333333
10.0,6.0,35.0,0.1,0.1,0.4,3.0,388.0,0.0,0.0,0.13144329896907217
10.0,6.0,36.0,0.1,0.1,0.4,3.0,390.0,0.0,0.0,0.13333333333333333
10.0,6.0,37.0,0.1,0.1,0.4,3.0,381.0,0.0,0.0,0.13123359580052493
10.0,6.0,38.0,0.1,0.1,0.4,3.0,363.0,0.0,0.0,0.14049586776859505
10.0,6.0,39.0,0.1,0.1,0.4,3.0,353.0,0.0,0.0,0.13031161473087818
10.0,6.0,40.0,0.1,0.1,0.4,3.0,346.0,0.0,0.0,0.12716763005780346
10.0,6.0,41.0,0.1,0.1,0.4,3.0,347.0,0.0,0.0,0.12680115273775217
10.0,6.0,42.0,0.1,0.1,0.4,3.0,346.0,0.0,0.0,0.12716763005780346
10.0,6.0,43.0,0.1,0.1,0.4,3.0,343.0,0.0,0.0,0.12536443148688048
10.0,6.0,44.0,0.1,0.1,0.4,3.0,324.0,0.0,0.0,0.12654320987654322
10.0,6.0,45.0,0.1,0.1,0.4,3.0,321.0,0.0,0.0,0.18691588785046728
10.0,6.0,46.0,0.1,0.1,0.4,3.0,322.0,0.0,0.0,0.18944099378881987
10.0,6.0,47.0,0.1,0.1,0.4,3.0,321.0,0.0,0.0,0.18691588785046728
10.0,6.0,48.0,0.1,0.1,0.4,3.0,322.0,0.0,0.0,0.18944099378881987
10.0,6.0,49.0,0.1,0.1,0.4,3.0,311.0,0.0,0.0,0.19292604501607716
10.0,6.0,50.0,0.1,0.1,0.4,3.0,311.0,0.0,0.0,0.19292604501607716
10.0,6.0,51.0,0.1,0.1,0.4,3.0,311.0,0.0,0.0,0.19292604501607716
10.0,6.0,52.0,0.1,0.1,0.4,3.0,310.0,0.0,0.0,0.19032258064516128
10.0,7.0,1.0,0.1,0.1,0.4,3.0,311.0,0.0,0.0,0.19292604501607716
10.0,7.0,2.0,0.1,0.1,0.4,3.0,309.0,0.0,0.0,0.19093851132686085
10.0,7.0,3.0,0.1,0.1,0.4,3.0,310.0,0.0,0.0,0.1935483870967742
10.0,7.0,4.0,0.1,0.1,0.4,3.0,310.0,0.0,0.0,0.1935483870967742
10.0,7.0,5.0,0.1,0.1,0.4,3.0,307.0,0.0,0.0,0.19218241042345277
10.0,7.0,6.0,0.1,0.1,0.4,3.0,308.0,0.0,0.0,0.19480519480519481
10.0,7.0,7.0,0.1,0.1,0.4,3.0,307.0,0.0,0.0,0.19218241042345277
10.0,7.0,8.0,0.1,0.1,0.4,3.0,308.0,0.0,0.0,0.19480519480519481
10.0,7.0,9.0,0.1,0.1,0.4,3.0,307.0,0.0,0.0,0.19218241042345277
10.0,7.0,10.0,0.1,0.1,0.4,3.0,308.0,0.0,0.0,0.19480519480519481
10.0,7.0,11.0,0.1,0.1,0.4,3.0,306.0,0.0,0.0,0.1895424836601307
10.0,7.0,12.0,0.1,0.1,0.4,3.0,306.0,0.0,0.0,0.19281045751633988
10.0,7.0,13.0,0.1,0.1,0.4,3.0,303.0,0.0,0.0,0.18811881188118812
10.0,7.0,14.0,0.1,0.1,0.4,3.0,304.0,0.0,0.0,0.1875
10.0,7.0,15.0,0.1,0.1,0.4,3.0,302.0,0.0,0.0,0.18543046357615894
10.0,7.0,16.0,0.1,0.1,0.4,3.0,304.0,0.0,0.0,0.19078947368421054
10.0,7.0,17.0,0.1,0.1,0.4,3.0,303.0,0.0,0.0,0.18811881188118812
10.0,7.0,18.0,0.1,0.1,0.4,3.0,304.0,0.0,0.0,0.19078947368421054
10.0,7.0,19.0,0.1,0.1,0.4,3.0,303.0,0.0,0.0,0.18811881188118812
10.0,7.0,20.0,0.1,0.1,0.4,3.0,582.0,0.0,0.0,0.09965635738831616
10.0,7.0,21.0,0.1,0.1,0.4,3.0,532.0,0.0,0.0,0.10526315789473684
10.0,7.0,22.0,0.1,0.1,0.4,3.0,526.0,0.0,0.0,0.10836501901140684
10.0,7.0,23.0,0.1,0.1,0.4,3.0,516.0,0.0,0.0,0.1065891472868217
10.0,7.0,24.0,0.1,0.1,0.4,3.0,495.0,0.0,0.0,0.1111111111111111
10.0,7.0,25.0,0.1,0.1,0.4,3.0,493.0,0.0,0.0,0.10953346855983773
10.0,7.0,26.0,0.1,0.1,0.4,3.0,478.0,0.0,0.0,0.11506276150627615
10.0,7.0,27.0,0.1,0.1,0.4,3.0,475.0,0.0,0.0,0.11368421052631579
10.0,7.0,28.0,0.1,0.1,0.4,3.0,474.0,0.0,0.0,0.1160337552742616
10.0,7.0,29.0,0.1,0.1,0.4,3.0,470.0,0.0,0.0,0.1127659574468085
10.0,7.0,30.0,0.1,0.1,0.4,3.0,473.0,0.0,0.0,0.11416490486257928
10.0,7.0,31.0,0.1,0.1,0.4,3.0,470.0,0.0,0.0,0.1127659574468085
10.0,7.0,32.0,0.1,0.1,0.4,3.0,454.0,0.0,0.0,0.11894273127753303
10.0,7.0,33.0,0.1,0.1,0.4,3.0,441.0,0.0,0.0,0.11791383219954649
10.0,7.0,34.0,0.1,0.1,0.4,3.0,444.0,0.0,0.0,0.11936936936936937
10.0,7.0,35.0,0.1,0.1,0.4,3.0,440.0,0.0,0.0,0.1159090909090909
10.0,7.0,36.0,0.1,0.1,0.4,3.0,425.0,0.0,0.0,0.1223529411764706
10.0,7.0,37.0,0.1,0.1,0.4,3.0,400.0,0.0,0.0,0.11
10.0,7.0,38.0,0.1,0.1,0.4,3.0,384.0,0.0,0.0,0.11458333333333333
10.0,7.0,39.0,0.1,0.1,0.4,3.0,371.0,0.0,0.0,0.11590296495956873
10.0,7.0,40.0,0.1,0.1,0.4,3.0,365.0,0.0,0.0,0.11506849315068493
10.0,7.0,41.0,0.1,0.1,0.4,3.0,361.0,0.0,0.0,0.11357340720221606
10.0,7.0,42.0,0.1,0.1,0.4,3.0,365.0,0.0,0.0,0.11506849315068493
10.0,7.0,43.0,0.1,0.1,0.4,3.0,351.0,0.0,0.0,0.11396011396011396
10.0,7.0,44.0,0.1,0.1,0.4,3.0,354.0,0.0,0.0,0.11581920903954802
10.0,7.0,45.0,0.1,0.1,0.4,3.0,350.0,0.0,0.0,0.17714285714285713
10.0,7.0,46.0,0.1,0.1,0.4,3.0,353.0,0.0,0.0,0.17847025495750707
10.0,7.0,47.0,0.1,0.1,0.4,3.0,350.0,0.0,0.0,0.17714285714285713
10.0,7.0,48.0,0.1,0.1,0.4,3.0,353.0,0.0,0.0,0.17847025495750707
10.0,7.0,49.0,0.1,0.1,0.4,3.0,328.0,0.0,0.0,0.1798780487804878
10.0,7.0,50.0,0.1,0.1,0.4,3.0,330.0,0.0,0.0,0.1787878787878788
10.0,7.0,51.0,0.1,0.1,0.4,3.0,326.0,0.0,0.0,0.17791411042944785
10.0,7.0,52.0,0.1,0.1,0.4,3.0,327.0,0.0,0.0,0.17737003058103976
10.0,8.0,1.0,0.1,0.1,0.4,3.0,325.0,0.0,0.0,0.17846153846153845
10.0,8.0,2.0,0.1,0.1,0.4,3.0,326.0,0.0,0.0,0.17791411042944785
10.0,8.0,3.0,0.1,0.1,0.4,3.0,326.0,0.0,0.0,0.17791411042944785
10.0,8.0,4.0,0.1,0.1,0.4,3.0,325.0,0.0,0.0,0.17846153846153845
10.0,8.0,5.0,0.1,0.1,0.4,3.0,325.0,0.0,0.0,0.17846153846153845
10.0,8.0,6.0,0.1,0.1,0.4,3.0,324.0,0.0,0.0,0.17592592592592593
10.0,8.0,7.0,0.1,0.1,0.4,3.0,325.0,0.0,0.0,0.17846153846153845
10.0,8.0,8.0,0.1,0.1,0.4,3.0,324.0,0.0,0.0,0.17592592592592593
10.0,8.0,9.0,0.1,0.1,0.4,3.0,315.0,0.0,0.0,0.17777777777777778
10.0,8.0,10.0,0.1,0.1,0.4,3.0,314.0,0.0,0.0,0.17834394904458598
10.0,8.0,11.0,0.1,0.1,0.4,3.0,313.0,0.0,0.0,0.17252396166134185
10.0,8.0,12.0,0.1,0.1,0.4,3.0,313.0,0.0,0.0,0.17891373801916932
10.0,8.0,13.0,0.1,0.1,0.4,3.0,313.0,0.0,0.0,0.1757188498402556
10.0,8.0,14.0,0.1,0.1,0.4,3.0,313.0,0.0,0.0,0.17891373801916932
10.0,8.0,15.0,0.1,0.1,0.4,3.0,312.0,0.0,0.0,0.1762820512820513
10.0,8.0,16.0,0.1,0.1,0.4,3.0,313.0,0.0,0.0,0.17891373801916932
10.0,8.0,17.0,0.1,0.1,0.4,3.0,312.0,0.0,0.0,0.1762820512820513
10.0,8.0,18.0,0.1,0.1,0.4,3.0,303.0,0.0,0.0,0.18151815181518152
10.0,8.0,19.0,0.1,0.1,0.4,3.0,303.0,0.0,0.0,0.18151815181518152
10.0,8.0,20.0,0.1,0.1,0.4,3.0,533.0,0.0,0.0,0.10318949343339587
10.0,8.0,21.0,0.1,0.1,0.4,3.0,511.0,0.0,0.0,0.10567514677103718
10.0,8.0,22.0,0.1,0.1,0.4,3.0,502.0,0.0,0.0,0.10756972111553785
10.0,8.0,23.0,0.1,0.1,0.4,3.0,452.0,0.0,0.0,0.11504424778761062
10.0,8.0,24.0,0.1,0.1,0.4,3.0,440.0,0.0,0.0,0.11818181818181818
10.0,8.0,25.0,0.1,0.1,0.4,3.0,405.0,0.0,0.0,0.12345679012345678
10.0,8.0,26.0,0.1,0.1,0.4,3.0,386.0,0.0,0.0,0.12435233160621761
10.0,8.0,27.0,0.1,0.1,0.4,3.0,377.0,0.0,0.0,0.1246684350132626
10.0,8.0,28.0,0.1,0.1,0.4,3.0,378.0,0.0,0.0,0.12433862433862433
10.0,8.0,29.0,0.1,0.1,0.4,3.0,377.0,0.0,0.0,0.1246684350132626
10.0,8.0,30.0,0.1,0.1,0.4,3.0,351.0,0.0,0.0,0.13105413105413105
10.0,8.0,31.0,0.1,0.1,0.4,3.0,350.0,0.0,0.0,0.13142857142857142
10.0,8.0,32.0,0.1,0.1,0.4,3.0,343.0,0.0,0.0,0.13119533527696792
10.0,8.0,33.0,0.1,0.1,0.4,3.0,341.0,0.0,0.0,0.12903225806451613
10.0,8.0,34.0,0.1,0.1,0.4,3.0,343.0,0.0,0.0,0.13119533527696792
10.0,8.0,35.0,0.1,0.1,0.4,3.0,342.0,0.0,0.0,0.13157894736842105
10.0,8.0,36.0,0.1,0.1,0.4,3.0,335.0,0.0,0.0,0.13432835820895522
10.0,8.0,37.0,0.1,0.1,0.4,3.0,324.0,0.0,0.0,0.13580246913580246
10.0,8.0,38.0,0.1,0.1,0.4,3.0,325.0,0.0,0.0,0.13538461538461538
10.0,8.0,39.0,0.1,0.1,0.4,3.0,324.0,0.0,0.0,0.13580246913580246
10.0,8.0,40.0,0.1,0.1,0.4,3.0,324.0,0.0,0.0,0.13580246913580246
10.0,8.0,41.0,0.1,0.1,0.4,3.0,309.0,0.0,0.0,0.1423948220064725
10.0,8.0,42.0,0.1,0.1,0.4,3.0,310.0,0.0,0.0,0.14193548387096774
10.0,8.0,43.0,0.1,0.1,0.4,3.0,309.0,0.0,0.0,0.1423948220064725
10.0,8.0,44.0,0.1,0.1,0.4,3.0,310.0,0.0,0.0,0.14193548387096774
10.0,8.0,45.0,0.1,0.1,0.4,3.0,309.0,0.0,0.0,0.1941747572815534
10.0,8.0,46.0,0.1,0.1,0.4,3.0,309.0,0.0,0.0,0.1941747572815534
10.0,8.0,47.0,0.1,0.1,0.4,3.0,309.0,0.0,0.0,0.1941747572815534
10.0,8.0,48.0,0.1,0.1,0.4,3.0,309.0,0.0,0.0,0.1941747572815534
10.0,8.0,49.0,0.1,0.1,0.4,3.0,309.0,0.0,0.0,0.1941747572815534
10.0,8.0,50.0,0.1,0.1,0.4,3.0,310.0,0.0,0.0,0.1935483870967742
10.0,8.0,51.0,0.1,0.1,0.4,3.0,307.0,0.0,0.0,0.19218241042345277
10.0,8.0,52.0,0.1,0.1,0.4,3.0,308.0,0.0,0.0,0.19480519480519481
10.0,9.0,1.0,0.1,0.1,0.4,3.0,296.0,0.0,0.0,0.19932432432432431
10.0,9.0,2.0,0.1,0.1,0.4,3.0,298.0,0.0,0.0,0.20134228187919462
10.0,9.0,3.0,0.1,0.1,0.4,3.0,297.0,0.0,0.0,0.20202020202020202
10.0,9.0,4.0,0.1,0.1,0.4,3.0,289.0,0.0,0.0,0.20069204152249134
10.0,9.0,5.0,0.1,0.1,0.4,3.0,287.0,0.0,0.0,0.20209059233449478
10.0,9.0,6.0,0.1,0.1,0.4,3.0,288.0,0.0,0.0,0.2013888888888889
10.0,9.0,7.0,0.1,0.1,0.4,3.0,287.0,0.0,0.0,0.20209059233449478
10.0,9.0,8.0,0.1,0.1,0.4,3.0,287.0,0.0,0.0,0.20209059233449478
10.0,9.0,9.0,0.1,0.1,0.4,3.0,286.0,0.0,0.0,0.20279720279720279
10.0,9.0,10.0,0.1,0.1,0.4,3.0,286.0,0.0,0.0,0.20279720279720279
10.0,9.0,11.0,0.1,0.1,0.4,3.0,285.0,0.0,0.0,0.20350877192982456
10.0,9.0,12.0,0.1,0.1,0.4,3.0,285.0,0.0,0.0,0.20350877192982456
10.0,9.0,13.0,0.1,0.1,0.4,3.0,285.0,0.0,0.0,0.20350877192982456
10.0,9.0,14.0,0.1,0.1,0.4,3.0,285.0,0.0,0.0,0.20350877192982456
10.0,9.0,15.0,0.1,0.1,0.4,3.0,284.0,0.0,0.0,0.20422535211267606
10.0,9.0,16.0,0.1,0.1,0.4,3.0,284.0,0.0,0.0,0.20422535211267606
10.0,9.0,17.0,0.1,0.1,0.4,3.0,284.0,0.0,0.0,0.20422535211267606
10.0,9.0,18.0,0.1,0.1,0.4,3.0,284.0,0.0,0.0,0.20422535211267606
10.0,9.0,19.0,0.1,0.1,0.4,3.0,275.0,0.0,0.0,0.20363636363636364
10.0,9.0,20.0,0.1,0.1,0.4,3.0,484.0,0.0,0.0,0.09504132231404959
10.0,9.0,21.0,0.1,0.1,0.4,3.0,474.0,0.0,0.0,0.0949367088607595
10.0,9.0,22.0,0.1,0.1,0.4,3.0,436.0,0.0,0.0,0.10091743119266056
10.0,9.0,23.0,0.1,0.1,0.4,3.0,409.0,0.0,0.0,0.10513447432762836
10.0,9.0,24.0,0.1,0.1,0.4,3.0,410.0,0.0,0.0,0.1048780487804878
10.0,9.0,25.0,0.1,0.1,0.4,3.0,410.0,0.0,0.0,0.1048780487804878
10.0,9.0,26.0,0.1,0.1,0.4,3.0,409.0,0.0,0.0,0.10513447432762836
10.0,9.0,27.0,0.1,0.1,0.4,3.0,410.0,0.0,0.0,0.1048780487804878
10.0,9.0,28.0,0.1,0.1,0.4,3.0,392.0,0.0,0.0,0.10714285714285714
10.0,9.0,29.0,0.1,0.1,0.4,3.0,392.0,0.0,0.0,0.10714285714285714
10.0,9.0,30.0,0.1,0.1,0.4,3.0,380.0,0.0,0.0,0.10789473684210527
10.0,9.0,31.0,0.1,0.1,0.4,3.0,370.0,0.0,0.0,0.11081081081081082
10.0,9.0,32.0,0.1,0.1,0.4,3.0,361.0,0.0,0.0,0.11357340720221606
10.0,9.0,33.0,0.1,0.1,0.4,3.0,350.0,0.0,0.0,0.11714285714285715
10.0,9.0,34.0,0.1,0.1,0.4,3.0,341.0,0.0,0.0,0.11436950146627566
10.0,9.0,35.0,0.1,0.1,0.4,3.0,341.0,0.0,0.0,0.11436950146627566
10.0,9.0,36.0,0.1,0.1,0.4,3.0,331.0,0.0,0.0,0.11782477341389729
10.0,9.0,37.0,0.1,0.1,0.4,3.0,331.0,0.0,0.0,0.11782477341389729
10.0,9.0,38.0,0.1,0.1,0.4,3.0,331.0,0.0,0.0,0.11782477341389729
10.0,9.0,39.0,0.1,0.1,0.4,3.0,312.0,0.0,0.0,0.11858974358974358
10.0,9.0,40.0,0.1,0.1,0.4,3.0,311.0,0.0,0.0,0.1189710610932476
10.0,9.0,41.0,0.1,0.1,0.4,3.0,303.0,0.0,0.0,0.1188118811881188
10.0,9.0,42.0,0.1,0.1,0.4,3.0,302.0,0.0,0.0,0.11920529801324503
10.0,9.0,43.0,0.1,0.1,0.4,3.0,303.0,0.0,0.0,0.1188118811881188
10.0,9.0,44.0,0.1,0.1,0.4,3.0,294.0,0.0,0.0,0.12244897959183673
10.0,9.0,45.0,0.1,0.1,0.4,3.0,294.0,0.0,0.0,0.20748299319727892
10.0,9.0,46.0,0.1,0.1,0.4,3.0,294.0,0.0,0.0,0.20748299319727892
10.0,9.0,47.0,0.1,0.1,0.4,3.0,286.0,0.0,0.0,0.21328671328671328
10.0,9.0,48.0,0.1,0.1,0.4,3.0,286.0,0.0,0.0,0.21328671328671328
10.0,9.0,49.0,0.1,0.1,0.4,3.0,285.0,0.0,0.0,0.21403508771929824
10.0,9.0,50.0,0.1,0.1,0.4,3.0,289.0,0.0,0.0,0.21453287197231835
10.0,9.0,51.0,0.1,0.1,0.4,3.0,290.0,0.0,0.0,0.21379310344827587
10.0,9.0,52.0,0.1,0.1,0.4,3.0,288.0,0.0,0.0,0.21180555555555555
10.0,10.0,1.0,0.1,0.1,0.4,3.0,288.0,0.0,0.0,0.21180555555555555
10.0,10.0,2.0,0.1,0.1,0.4,3.0,288.0,0.0,0.0,0.21180555555555555
10.0,10.0,3.0,0.1,0.1,0.4,3.0,288.0,0.0,0.0,0.21180555555555555
10.0,10.0,4.0,0.1,0.1,0.4,3.0,287.0,0.0,0.0,0.21254355400696864
10.0,10.0,5.0,0.1,0.1,0.4,3.0,287.0,0.0,0.0,0.21254355400696864
10.0,10.0,6.0,0.1,0.1,0.4,3.0,287.0,0.0,0.0,0.21254355400696864
10.0,10.0,7.0,0.1,0.1,0.4,3.0,286.0,0.0,0.0,0.2097902097902098
10.0,10.0,8.0,0.1,0.1,0.4,3.0,286.0,0.0,0.0,0.2097902097902098
10.0,10.0,9.0,0.1,0.1,0.4,3.0,286.0,0.0,0.0,0.2097902097902098
10.0,10.0,10.0,0.1,0.1,0.4,3.0,286.0,0.0,0.0,0.2097902097902098
10.0,10.0,11.0,0.1,0.1,0.4,3.0,286.0,0.0,0.0,0.2097902097902098
10.0,10.0,12.0,0.1,0.1,0.4,3.0,286.0,0.0,0.0,0.2097902097902098
10.0,10.0,13.0,0.1,0.1,0.4,3.0,286.0,0.0,0.0,0.2097902097902098
10.0,10.0,14.0,0.1,0.1,0.4,3.0,270.0,0.0,0.0,0.2111111111111111
10.0,10.0,15.0,0.1,0.1,0.4,3.0,270.0,0.0,0.0,0.2111111111111111
10.0,10.0,16.0,0.1,0.1,0.4,3.0,270.0,0.0,0.0,0.2111111111111111
10.0,10.0,17.0,0.1,0.1,0.4,3.0,269.0,0.0,0.0,0.21189591078066913
10.0,10.0,18.0,0.1,0.1,0.4,3.0,269.0,0.0,0.0,0.21189591078066913
10.0,10.0,19.0,0.1,0.1,0.4,3.0,269.0,0.0,0.0,0.21189591078066913
10.0,10.0,20.0,0.1,0.1,0.4,3.0,457.0,0.0,0.0,0.11159737417943107
10.0,10.0,21.0,0.1,0.1,0.4,3.0,441.0,0.0,0.0,0.11564625850340136
10.0,10.0,22.0,0.1,0.1,0.4,3.0,430.0,0.0,0.0,0.11627906976744186
10.0,10.0,23.0,0.1,0.1,0.4,3.0,415.0,0.0,0.0,0.1180722891566265
10.0,10.0,24.0,0.1,0.1,0.4,3.0,399.0,0.0,0.0,0.11278195488721804
10.0,10.0,25.0,0.1,0.1,0.4,3.0,369.0,0.0,0.0,0.11653116531165311
10.0,10.0,26.0,0.1,0.1,0.4,3.0,369.0,0.0,0.0,0.11653116531165311
10.0,10.0,27.0,0.1,0.1,0.4,3.0,369.0,0.0,0.0,0.11653116531165311
10.0,10.0,28.0,0.1,0.1,0.4,3.0,361.0,0.0,0.0,0.11911357340720222
10.0,10.0,29.0,0.1,0.1,0.4,3.0,344.0,0.0,0.0,0.125
10.0,10.0,30.0,0.1,0.1,0.4,3.0,344.0,0.0,0.0,0.125
10.0,10.0,31.0,0.1,0.1,0.4,3.0,332.0,0.0,0.0,0.12951807228915663
10.0,10.0,32.0,0.1,0.1,0.4,3.0,322.0,0.0,0.0,0.13354037267080746
10.0,10.0,33.0,0.1,0.1,0.4,3.0,322.0,0.0,0.0,0.13354037267080746
10.0,10.0,34.0,0.1,0.1,0.4,3.0,322.0,0.0,0.0,0.13354037267080746
10.0,10.0,35.0,0.1,0.1,0.4,3.0,322.0,0.0,0.0,0.13354037267080746
10.0,10.0,36.0,0.1,0.1,0.4,3.0,322.0,0.0,0.0,0.13354037267080746
10.0,10.0,37.0,0.1,0.1,0.4,3.0,321.0,0.0,0.0,0.13395638629283488
10.0,10.0,38.0,0.1,0.1,0.4,3.0,321.0,0.0,0.0,0.13395638629283488
10.0,10.0,39.0,0.1,0.1,0.4,3.0,321.0,0.0,0.0,0.13395638629283488
10.0,10.0,40.0,0.1,0.1,0.4,3.0,312.0,0.0,0.0,0.13782051282051283
10.0,10.0,41.0,0.1,0.1,0.4,3.0,304.0,0.0,0.0,0.14144736842105263
10.0,10.0,42.0,0.1,0.1,0.4,3.0,304.0,0.0,0.0,0.14144736842105263
10.0,10.0,43.0,0.1,0.1,0.4,3.0,304.0,0.0,0.0,0.14144736842105263
10.0,10.0,44.0,0.1,0.1,0.4,3.0,304.0,0.0,0.0,0.14144736842105263
10.0,10.0,45.0,0.1,0.1,0.4,3.0,304.0,0.0,0.0,0.20723684210526316
10.0,10.0,46.0,0.1,0.1,0.4,3.0,304.0,0.0,0.0,0.20723684210526316
10.0,10.0,47.0,0.1,0.1,0.4,3.0,304.0,0.0,0.0,0.20723684210526316
10.0,10.0,48.0,0.1,0.1,0.4,3.0,303.0,0.0,0.0,0.2079207920792079
10.0,10.0,49.0,0.1,0.1,0.4,3.0,303.0,0.0,0.0,0.2079207920792079
10.0,10.0,50.0,0.1,0.1,0.4,3.0,303.0,0.0,0.0,0.2079207920792079
10.0,10.0,51.0,0.1,0.1,0.4,3.0,295.0,0.0,0.0,0.21016949152542372
10.0,10.0,52.0,0.1,0.1,0.4,3.0,287.0,0.0,0.0,0.21602787456445993
11.0,1.0,1.0,0.1,0.1,0.4,3.0,5067.0,51.0,11.0,0.09867771857114664
11.0,1.0,2.0,0.1,0.1,0.4,3.0,5009.0,55.0,28.0,0.09942104212417648
11.0,1.0,3.0,0.1,0.1,0.4,3.0,4868.0,78.0,39.0,0.10024650780608052
11.0,1.0,4.0,0.1,0.1,0.4,3.0,4755.0,100.0,33.0,0.10262881177707676
11.0,1.0,5.0,0.1,0.1,0.4,3.0,4730.0,106.0,35.0,0.10232558139534884
11.0,1.0,6.0,0.1,0.1,0.4,3.0,4538.0,131.0,46.0,0.10577346848832085
11.0,1.0,7.0,0.1,0.1,0.4,3.0,4333.0,154.0,57.0,0.10731594738056774
11.0,1.0,8.0,0.1,0.1,0.4,3.0,4147.0,183.0,68.0,0.10923559199421268
11.0,1.0,9.0,0.1,0.1,0.4,3.0,3842.0,198.0,74.0,0.10983862571577303
11.0,1.0,10.0,0.1,0.1,0.4,3.0,3709.0,212.0,83.0,0.10946346724184416
11.0,1.0,11.0,0.1,0.1,0.4,3.0,3517.0,223.0,89.0,0.10889963036678987
11.0,1.0,12.0,0.1,0.1,0.4,3.0,3365.0,233.0,95.0,0.1087667161961367
11.0,1.0,13.0,0.1,0.1,0.4,3.0,3182.0,256.0,111.0,0.11125078566939033
11.0,1.0,14.0,0.1,0.1,0.4,3.0,3090.0,256.0,120.0,0.11100323624595469
11.0,1.0,15.0,0.1,0.1,0.4,3.0,2971.0,266.0,136.0,0.1124200605856614
11.0,1.0,16.0,0.1,0.1,0.4,3.0,2859.0,270.0,133.0,0.11437565582371459
11.0,1.0,17.0,0.1,0.1,0.4,3.0,2758.0,257.0,127.0,0.11747643219724438
11.0,1.0,18.0,0.1,0.1,0.4,3.0,2676.0,244.0,125.0,0.1210762331838565
11.0,1.0,19.0,0.1,0.1,0.4,3.0,2570.0,228.0,117.0,0.12373540856031129
11.0,1.0,20.0,0.1,0.1,0.4,3.0,7025.0,219.0,116.0,0.04526690391459075
11.0,1.0,21.0,0.1,0.1,0.4,3.0,6111.0,271.0,98.0,0.046637211585665195
11.0,1.0,22.0,0.1,0.1,0.4,3.0,5626.0,289.0,101.0,0.04870245289726271
11.0,1.0,23.0,0.1,0.1,0.4,3.0,5132.0,322.0,119.0,0.04890880748246298
11.0,1.0,24.0,0.1,0.1,0.4,3.0,4625.0,329.0,121.0,0.051243243243243246
11.0,1.0,25.0,0.1,0.1,0.4,3.0,4269.0,358.0,144.0,0.053174045443897866
11.0,1.0,26.0,0.1,0.1,0.4,3.0,4054.0,411.0,146.0,0.05500740009866798
11.0,1.0,27.0,0.1,0.1,0.4,3.0,3629.0,403.0,154.0,0.05704050702672912
11.0,1.0,28.0,0.1,0.1,0.4,3.0,3314.0,380.0,159.0,0.05974652987326494
11.0,1.0,29.0,0.1,0.1,0.4,3.0,3050.0,374.0,161.0,0.06327868852459016
11.0,1.0,30.0,0.1,0.1,0.4,3.0,2766.0,370.0,162.0,0.06543745480838756
11.0,1.0,31.0,0.1,0.1,0.4,3.0,2517.0,359.0,164.0,0.06833531982518871
11.0,1.0,32.0,0.1,0.1,0.4,3.0,2376.0,353.0,154.0,0.07154882154882154
11.0,1.0,33.0,0.1,0.1,0.4,3.0,2210.0,360.0,165.0,0.0760180995475113
11.0,1.0,34.0,0.1,0.1,0.4,3.0,2067.0,353.0,159.0,0.07982583454281568
11.0,1.0,35.0,0.1,0.1,0.4,3.0,1977.0,349.0,157.0,0.08447142134547293
11.0,1.0,36.0,0.1,0.1,0.4,3.0,1863.0,317.0,154.0,0.0880300590445518
11.0,1.0,37.0,0.1,0.1,0.4,3.0,1715.0,301.0,151.0,0.09387755102040816
11.0,1.0,38.0,0.1,0.1,0.4,3.0,1561.0,291.0,143.0,0.09481101857783472
11.0,1.0,39.0,0.1,0.1,0.4,3.0,1435.0,259.0,132.0,0.10034843205574913
11.0,1.0,40.0,0.1,0.1,0.4,3.0,1321.0,221.0,115.0,0.10598031794095382
11.0,1.0,41.0,0.1,0.1,0.4,3.0,1237.0,196.0,102.0,0.11236863379143087
11.0,1.0,42.0,0.1,0.1,0.4,3.0,1159.0,160.0,87.0,0.11993097497842968
11.0,1.0,43.0,0.1,0.1,0.4,3.0,1113.0,152.0,90.0,0.12309074573225516
11.0,1.0,44.0,0.1,0.1,0.4,3.0,1053.0,145.0,86.0,0.1282051282051282
11.0,1.0,45.0,0.1,0.1,0.4,3.0,996.0,141.0,69.0,0.20682730923694778
11.0,1.0,46.0,0.1,0.1,0.4,3.0,953.0,114.0,57.0,0.21406086044071354
11.0,1.0,47.0,0.1,0.1,0.4,3.0,915.0,96.0,53.0,0.21639344262295082
11.0,1.0,48.0,0.1,0.1,0.4,3.0,887.0,88.0,54.0,0.20856820744081173
11.0,1.0,49.0,0.1,0.1,0.4,3.0,859.0,77.0,46.0,0.21303841676367868
11.0,1.0,50.0,0.1,0.1,0.4,3.0,824.0,66.0,37.0,0.21723300970873785
11.0,1.0,51.0,0.1,0.1,0.4,3.0,808.0,55.0,29.0,0.22524752475247525
11.0,1.0,52.0,0.1,0.1,0.4,3.0,786.0,57.0,30.0,0.22646310432569974
11.0,2.0,1.0,0.1,0.1,0.4,3.0,777.0,51.0,28.0,0.23166023166023167
11.0,2.0,2.0,0.1,0.1,0.4,3.0,748.0,49.0,25.0,0.232620320855615
11.0,2.0,3.0,0.1,0.1,0.4,3.0,743.0,40.0,18.0,0.23687752355316286
11.0,2.0,4.0,0.1,0.1,0.4,3.0,727.0,34.0,16.0,0.2393397524071527
11.0,2.0,5.0,0.1,0.1,0.4,3.0,729.0,30.0,15.0,0.24142661179698216
11.0,2.0,6.0,0.1,0.1,0.4,3.0,709.0,29.0,17.0,0.2454160789844852
11.0,2.0,7.0,0.1,0.1,0.4,3.0,708.0,24.0,16.0,0.24717514124293785
11.0,2.0,8.0,0.1,0.1,0.4,3.0,686.0,18.0,13.0,0.25072886297376096
11.0,2.0,9.0,0.1,0.1,0.4,3.0,688.0,16.0,12.0,0.25
11.0,2.0,10.0,0.1,0.1,0.4,3.0,670.0,17.0,8.0,0.2507462686567164
11.0,2.0,11.0,0.1,0.1,0.4,3.0,675.0,14.0,9.0,0.2518518518518518
11.0,2.0,12.0,0.1,0.1,0.4,3.0,646.0,10.0,6.0,0.25232198142414863
11.0,2.0,13.0,0.1,0.1,0.4,3.0,653.0,10.0,8.0,0.25267993874425726
11.0,2.0,14.0,0.1,0.1,0.4,3.0,636.0,7.0,3.0,0.25471698113207547
11.0,2.0,15.0,0.1,0.1,0.4,3.0,641.0,6.0,3.0,0.2542901716068643
11.0,2.0,16.0,0.1,0.1,0.4,3.0,626.0,4.0,2.0,0.2571884984025559
11.0,2.0,17.0,0.1,0.1,0.4,3.0,631.0,4.0,3.0,0.2551505546751189
11.0,2.0,18.0,0.1,0.1,0.4,3.0,623.0,3.0,2.0,0.2568218298555377
11.0,2.0,19.0,0.1,0.1,0.4,3.0,620.0,3.0,2.0,0.2532258064516129
11.0,2.0,20.0,0.1,0.1,0.4,3.0,1049.0,2.0,1.0,0.14775977121067682
11.0,2.0,21.0,0.1,0.1,0.4,3.0,989.0,2.0,1.0,0.1486349848331648
11.0,2.0,22.0,0.1,0.1,0.4,3.0,940.0,2.0,0.0,0.15
11.0,2.0,23.0,0.1,0.1,0.4,3.0,905.0,2.0,0.0,0.15469613259668508
11.0,2.0,24.0,0.1,0.1,0.4,3.0,830.0,2.0,1.0,0.1614457831325301
11.0,2.0,25.0,0.1,0.1,0.4,3.0,820.0,2.0,2.0,0.16341463414634147
11.0,2.0,26.0,0.1,0.1,0.4,3.0,785.0,3.0,2.0,0.16560509554140126
11.0,2.0,27.0,0.1,0.1,0.4,3.0,794.0,3.0,1.0,0.163727959697733
11.0,2.0,28.0,0.1,0.1,0.4,3.0,770.0,2.0,2.0,0.16623376623376623
11.0,2.0,29.0,0.1,0.1,0.4,3.0,778.0,2.0,2.0,0.16580976863753213
11.0,2.0,30.0,0.1,0.1,0.4,3.0,762.0,2.0,2.0,0.16404199475065617
11.0,2.0,31.0,0.1,0.1,0.4,3.0,747.0,0.0,0.0,0.16599732262382866
11.0,2.0,32.0,0.1,0.1,0.4,3.0,720.0,0.0,0.0,0.16527777777777777
11.0,2.0,33.0,0.1,0.1,0.4,3.0,722.0,0.0,0.0,0.16897506925207756
11.0,2.0,34.0,0.1,0.1,0.4,3.0,695.0,0.0,0.0,0.1697841726618705
11.0,2.0,35.0,0.1,0.1,0.4,3.0,689.0,0.0,0.0,0.17271407837445574
11.0,2.0,36.0,0.1,0.1,0.4,3.0,666.0,0.0,0.0,0.17567567567567569
11.0,2.0,37.0,0.1,0.1,0.4,3.0,653.0,0.0,0.0,0.18376722817764166
11.0,2.0,38.0,0.1,0.1,0.4,3.0,631.0,0.0,0.0,0.18541996830427893
11.0,2.0,39.0,0.1,0.1,0.4,3.0,642.0,0.0,0.0,0.1853582554517134
11.0,2.0,40.0,0.1,0.1,0.4,3.0,598.0,0.0,0.0,0.18729096989966554
11.0,2.0,41.0,0.1,0.1,0.4,3.0,607.0,0.0,0.0,0.18780889621087316
11.0,2.0,42.0,0.1,0.1,0.4,3.0,590.0,0.0,0.0,0.188135593220339
11.0,2.0,43.0,0.1,0.1,0.4,3.0,597.0,0.0,0.0,0.18927973199329984
11.0,2.0,44.0,0.1,0.1,0.4,3.0,575.0,0.0,0.0,0.19130434782608696
11.0,2.0,45.0,0.1,0.1,0.4,3.0,576.0,0.0,0.0,0.2743055555555556
11.0,2.0,46.0,0.1,0.1,0.4,3.0,556.0,0.0,0.0,0.2787769784172662
11.0,2.0,47.0,0.1,0.1,0.4,3.0,552.0,0.0,0.0,0.27717391304347827
11.0,2.0,48.0,0.1,0.1,0.4,3.0,541.0,0.0,0.0,0.2809611829944547
11.0,2.0,49.0,0.1,0.1,0.4,3.0,530.0,0.0,0.0,0.2811320754716981
11.0,2.0,50.0,0.1,0.1,0.4,3.0,521.0,0.0,0.0,0.2840690978886756
11.0,2.0,51.0,0.1,0.1,0.4,3.0,527.0,0.0,0.0,0.2827324478178368
11.0,2.0,52.0,0.1,0.1,0.4,3.0,517.0,0.0,0.0,0.2862669245647969
11.0,3.0,1.0,0.1,0.1,0.4,3.0,518.0,0.0,0.0,0.2857142857142857
11.0,3.0,2.0,0.1,0.1,0.4,3.0,500.0,0.0,0.0,0.29
11.0,3.0,3.0,0.1,0.1,0.4,3.0,506.0,0.0,0.0,0.2924901185770751
11.0,3.0,4.0,0.1,0.1,0.4,3.0,498.0,0.0,0.0,0.29116465863453816
11.0,3.0,5.0,0.1,0.1,0.4,3.0,503.0,0.0,0.0,0.2922465208747515
11.0,3.0,6.0,0.1,0.1,0.4,3.0,489.0,0.0,0.0,0.28629856850715746
11.0,3.0,7.0,0.1,0.1,0.4,3.0,491.0,0.0,0.0,0.2892057026476578
11.0,3.0,8.0,0.1,0.1,0.4,3.0,482.0,0.0,0.0,0.2883817427385892
11.0,3.0,9.0,0.1,0.1,0.4,3.0,487.0,0.0,0.0,0.2915811088295688
11.0,3.0,10.0,0.1,0.1,0.4,3.0,479.0,0.0,0.0,0.2881002087682672
11.0,3.0,11.0,0.1,0.1,0.4,3.0,485.0,0.0,0.0,0.2907216494845361
11.0,3.0,12.0,0.1,0.1,0.4,3.0,475.0,0.0,0.0,0.2905263157894737
11.0,3.0,13.0,0.1,0.1,0.4,3.0,483.0,0.0,0.0,0.2898550724637681
11.0,3.0,14.0,0.1,0.1,0.4,3.0,472.0,0.0,0.0,0.2902542372881356
11.0,3.0,15.0,0.1,0.1,0.4,3.0,482.0,0.0,0.0,0.29045643153526973
11.0,3.0,16.0,0.1,0.1,0.4,3.0,470.0,0.0,0.0,0.29148936170212764
11.0,3.0,17.0,0.1,0.1,0.4,3.0,480.0,0.0,0.0,0.2916666666666667
11.0,3.0,18.0,0.1,0.1,0.4,3.0,467.0,0.0,0.0,0.291220556745182
11.0,3.0,19.0,0.1,0.1,0.4,3.0,476.0,0.0,0.0,0.2920168067226891
11.0,3.0,20.0,0.1,0.1,0.4,3.0,922.0,0.0,0.0,0.1475054229934924
11.0,3.0,21.0,0.1,0.1,0.4,3.0,934.0,0.0,0.0,0.14668094218415417
11.0,3.0,22.0,0.1,0.1,0.4,3.0,850.0,0.0,0.0,0.15058823529411763
11.0,3.0,23.0,0.1,0.1,0.4,3.0,797.0,0.0,0.0,0.15307402760351319
11.0,3.0,24.0,0.1,0.1,0.4,3.0,736.0,0.0,0.0,0.15760869565217392
11.0,3.0,25.0,0.1,0.1,0.4,3.0,717.0,0.0,0.0,0.16178521617852162
11.0,3.0,26.0,0.1,0.1,0.4,3.0,684.0,0.0,0.0,0.16374269005847952
11.0,3.0,27.0,0.1,0.1,0.4,3.0,639.0,0.0,0.0,0.17214397496087636
11.0,3.0,28.0,0.1,0.1,0.4,3.0,607.0,0.0,0.0,0.1812191103789127
11.0,3.0,29.0,0.1,0.1,0.4,3.0,614.0,0.0,0.0,0.1775244299674267
11.0,3.0,30.0,0.1,0.1,0.4,3.0,569.0,0.0,0.0,0.18629173989455183
11.0,3.0,31.0,0.1,0.1,0.4,3.0,576.0,0.0,0.0,0.18229166666666666
11.0,3.0,32.0,0.1,0.1,0.4,3.0,537.0,0.0,0.0,0.19366852886405958
11.0,3.0,33.0,0.1,0.1,0.4,3.0,530.0,0.0,0.0,0.19056603773584907
11.0,3.0,34.0,0.1,0.1,0.4,3.0,524.0,0.0,0.0,0.1946564885496183
11.0,3.0,35.0,0.1,0.1,0.4,3.0,518.0,0.0,0.0,0.19498069498069498
11.0,3.0,36.0,0.1,0.1,0.4,3.0,507.0,0.0,0.0,0.20118343195266272
11.0,3.0,37.0,0.1,0.1,0.4,3.0,491.0,0.0,0.0,0.1975560081466395
11.0,3.0,38.0,0.1,0.1,0.4,3.0,468.0,0.0,0.0,0.20512820512820512
11.0,3.0,39.0,0.1,0.1,0.4,3.0,475.0,0.0,0.0,0.2
11.0,3.0,40.0,0.1,0.1,0.4,3.0,456.0,0.0,0.0,0.20614035087719298
11.0,3.0,41.0,0.1,0.1,0.4,3.0,461.0,0.0,0.0,0.19956616052060738
11.0,3.0,42.0,0.1,0.1,0.4,3.0,450.0,0.0,0.0,0.20444444444444446
11.0,3.0,43.0,0.1,0.1,0.4,3.0,457.0,0.0,0.0,0.2013129102844639
11.0,3.0,44.0,0.1,0.1,0.4,3.0,445.0,0.0,0.0,0.20449438202247192
11.0,3.0,45.0,0.1,0.1,0.4,3.0,456.0,0.0,0.0,0.23684210526315788
11.0,3.0,46.0,0.1,0.1,0.4,3.0,444.0,0.0,0.0,0.24324324324324326
11.0,3.0,47.0,0.1,0.1,0.4,3.0,455.0,0.0,0.0,0.23736263736263735
11.0,3.0,48.0,0.1,0.1,0.4,3.0,443.0,0.0,0.0,0.24153498871331827
11.0,3.0,49.0,0.1,0.1,0.4,3.0,447.0,0.0,0.0,0.2371364653243848
11.0,3.0,50.0,0.1,0.1,0.4,3.0,433.0,0.0,0.0,0.24249422632794457
11.0,3.0,51.0,0.1,0.1,0.4,3.0,441.0,0.0,0.0,0.23809523809523808
11.0,3.0,52.0,0.1,0.1,0.4,3.0,432.0,0.0,0.0,0.24074074074074073
11.0,4.0,1.0,0.1,0.1,0.4,3.0,437.0,0.0,0.0,0.2402745995423341
11.0,4.0,2.0,0.1,0.1,0.4,3.0,427.0,0.0,0.0,0.24121779859484777
11.0,4.0,3.0,0.1,0.1,0.4,3.0,432.0,0.0,0.0,0.24074074074074073
11.0,4.0,4.0,0.1,0.1,0.4,3.0,427.0,0.0,0.0,0.24121779859484777
11.0,4.0,5.0,0.1,0.1,0.4,3.0,430.0,0.0,0.0,0.23953488372093024
11.0,4.0,6.0,0.1,0.1,0.4,3.0,417.0,0.0,0.0,0.2446043165467626
11.0,4.0,7.0,0.1,0.1,0.4,3.0,425.0,0.0,0.0,0.24235294117647058
11.0,4.0,8.0,0.1,0.1,0.4,3.0,417.0,0.0,0.0,0.2446043165467626
11.0,4.0,9.0,0.1,0.1,0.4,3.0,420.0,0.0,0.0,0.24285714285714285
11.0,4.0,10.0,0.1,0.1,0.4,3.0,403.0,0.0,0.0,0.24069478908188585
11.0,4.0,11.0,0.1,0.1,0.4,3.0,400.0,0.0,0.0,0.25
11.0,4.0,12.0,0.1,0.1,0.4,3.0,391.0,0.0,0.0,0.24808184143222506
11.0,4.0,13.0,0.1,0.1,0.4,3.0,385.0,0.0,0.0,0.24415584415584415
11.0,4.0,14.0,0.1,0.1,0.4,3.0,374.0,0.0,0.0,0.24598930481283424
11.0,4.0,15.0,0.1,0.1,0.4,3.0,381.0,0.0,0.0,0.2440944881889764
11.0,4.0,16.0,0.1,0.1,0.4,3.0,376.0,0.0,0.0,0.24468085106382978
11.0,4.0,17.0,0.1,0.1,0.4,3.0,380.0,0.0,0.0,0.24210526315789474
11.0,4.0,18.0,0.1,0.1,0.4,3.0,373.0,0.0,0.0,0.24128686327077747
11.0,4.0,19.0,0.1,0.1,0.4,3.0,376.0,0.0,0.0,0.2393617021276596
11.0,4.0,20.0,0.1,0.1,0.4,3.0,727.0,0.0,0.0,0.12104539202200826
11.0,4.0,21.0,0.1,0.1,0.4,3.0,721.0,0.0,0.0,0.12066574202496533
11.0,4.0,22.0,0.1,0.1,0.4,3.0,652.0,0.0,0.0,0.12576687116564417
11.0,4.0,23.0,0.1,0.1,0.4,3.0,620.0,0.0,0.0,0.13064516129032258
11.0,4.0,24.0,0.1,0.1,0.4,3.0,596.0,0.0,0.0,0.12919463087248323
11.0,4.0,25.0,0.1,0.1,0.4,3.0,569.0,0.0,0.0,0.13181019332161686
11.0,4.0,26.0,0.1,0.1,0.4,3.0,530.0,0.0,0.0,0.13584905660377358
11.0,4.0,27.0,0.1,0.1,0.4,3.0,530.0,0.0,0.0,0.13773584905660377
11.0,4.0,28.0,0.1,0.1,0.4,3.0,509.0,0.0,0.0,0.13948919449901767
11.0,4.0,29.0,0.1,0.1,0.4,3.0,513.0,0.0,0.0,0.13840155945419103
11.0,4.0,30.0,0.1,0.1,0.4,3.0,489.0,0.0,0.0,0.13701431492842536
11.0,4.0,31.0,0.1,0.1,0.4,3.0,486.0,0.0,0.0,0.13786008230452676
11.0,4.0,32.0,0.1,0.1,0.4,3.0,475.0,0.0,0.0,0.13894736842105262
11.0,4.0,33.0,0.1,0.1,0.4,3.0,473.0,0.0,0.0,0.13742071881606766
11.0,4.0,34.0,0.1,0.1,0.4,3.0,447.0,0.0,0.0,0.14093959731543623
11.0,4.0,35.0,0.1,0.1,0.4,3.0,445.0,0.0,0.0,0.14157303370786517
11.0,4.0,36.0,0.1,0.1,0.4,3.0,435.0,0.0,0.0,0.14022988505747128
11.0,4.0,37.0,0.1,0.1,0.4,3.0,434.0,0.0,0.0,0.1359447004608295
11.0,4.0,38.0,0.1,0.1,0.4,3.0,425.0,0.0,0.0,0.13647058823529412
11.0,4.0,39.0,0.1,0.1,0.4,3.0,427.0,0.0,0.0,0.1358313817330211
11.0,4.0,40.0,0.1,0.1,0.4,3.0,384.0,0.0,0.0,0.14583333333333334
11.0,4.0,41.0,0.1,0.1,0.4,3.0,389.0,0.0,0.0,0.14395886889460155
11.0,4.0,42.0,0.1,0.1,0.4,3.0,375.0,0.0,0.0,0.14666666666666667
11.0,4.0,43.0,0.1,0.1,0.4,3.0,378.0,0.0,0.0,0.14285714285714285
11.0,4.0,44.0,0.1,0.1,0.4,3.0,366.0,0.0,0.0,0.1448087431693989
11.0,4.0,45.0,0.1,0.1,0.4,3.0,375.0,0.0,0.0,0.24
11.0,4.0,46.0,0.1,0.1,0.4,3.0,363.0,0.0,0.0,0.24242424242424243
11.0,4.0,47.0,0.1,0.1,0.4,3.0,375.0,0.0,0.0,0.24
11.0,4.0,48.0,0.1,0.1,0.4,3.0,353.0,0.0,0.0,0.24362606232294617
11.0,4.0,49.0,0.1,0.1,0.4,3.0,364.0,0.0,0.0,0.24175824175824176
11.0,4.0,50.0,0.1,0.1,0.4,3.0,347.0,0.0,0.0,0.23919308357348704
11.0,4.0,51.0,0.1,0.1,0.4,3.0,352.0,0.0,0.0,0.24147727272727273
11.0,4.0,52.0,0.1,0.1,0.4,3.0,340.0,0.0,0.0,0.23529411764705882
11.0,5.0,1.0,0.1,0.1,0.4,3.0,348.0,0.0,0.0,0.23850574712643677
11.0,5.0,2.0,0.1,0.1,0.4,3.0,335.0,0.0,0.0,0.23582089552238805
11.0,5.0,3.0,0.1,0.1,0.4,3.0,343.0,0.0,0.0,0.239067055393586
11.0,5.0,4.0,0.1,0.1,0.4,3.0,332.0,0.0,0.0,0.23795180722891565
11.0,5.0,5.0,0.1,0.1,0.4,3.0,341.0,0.0,0.0,0.2404692082111437
11.0,5.0,6.0,0.1,0.1,0.4,3.0,329.0,0.0,0.0,0.24012158054711247
11.0,5.0,7.0,0.1,0.1,0.4,3.0,339.0,0.0,0.0,0.24188790560471976
11.0,5.0,8.0,0.1,0.1,0.4,3.0,330.0,0.0,0.0,0.23939393939393938
11.0,5.0,9.0,0.1,0.1,0.4,3.0,337.0,0.0,0.0,0.2403560830860534
11.0,5.0,10.0,0.1,0.1,0.4,3.0,328.0,0.0,0.0,0.23780487804878048
11.0,5.0,11.0,0.1,0.1,0.4,3.0,337.0,0.0,0.0,0.2403560830860534
11.0,5.0,12.0,0.1,0.1,0.4,3.0,326.0,0.0,0.0,0.2361963190184049
11.0,5.0,13.0,0.1,0.1,0.4,3.0,332.0,0.0,0.0,0.24096385542168675
11.0,5.0,14.0,0.1,0.1,0.4,3.0,325.0,0.0,0.0,0.23692307692307693
11.0,5.0,15.0,0.1,0.1,0.4,3.0,332.0,0.0,0.0,0.24096385542168675
11.0,5.0,16.0,0.1,0.1,0.4,3.0,322.0,0.0,0.0,0.2391304347826087
11.0,5.0,17.0,0.1,0.1,0.4,3.0,331.0,0.0,0.0,0.24169184290030213
11.0,5.0,18.0,0.1,0.1,0.4,3.0,322.0,0.0,0.0,0.2391304347826087
11.0,5.0,19.0,0.1,0.1,0.4,3.0,330.0,0.0,0.0,0.24242424242424243
11.0,5.0,20.0,0.1,0.1,0.4,3.0,625.0,0.0,0.0,0.1232
11.0,5.0,21.0,0.1,0.1,0.4,3.0,580.0,0.0,0.0,0.12931034482758622
11.0,5.0,22.0,0.1,0.1,0.4,3.0,577.0,0.0,0.0,0.12305025996533796
11.0,5.0,23.0,0.1,0.1,0.4,3.0,576.0,0.0,0.0,0.1267361111111111
11.0,5.0,24.0,0.1,0.1,0.4,3.0,548.0,0.0,0.0,0.12408759124087591
11.0,5.0,25.0,0.1,0.1,0.4,3.0,495.0,0.0,0.0,0.1393939393939394
11.0,5.0,26.0,0.1,0.1,0.4,3.0,504.0,0.0,0.0,0.1349206349206349
11.0,5.0,27.0,0.1,0.1,0.4,3.0,494.0,0.0,0.0,0.1396761133603239
11.0,5.0,28.0,0.1,0.1,0.4,3.0,502.0,0.0,0.0,0.13545816733067728
11.0,5.0,29.0,0.1,0.1,0.4,3.0,492.0,0.0,0.0,0.13821138211382114
11.0,5.0,30.0,0.1,0.1,0.4,3.0,490.0,0.0,0.0,0.1326530612244898
11.0,5.0,31.0,0.1,0.1,0.4,3.0,480.0,0.0,0.0,0.13541666666666666
11.0,5.0,32.0,0.1,0.1,0.4,3.0,489.0,0.0,0.0,0.130879345603272
11.0,5.0,33.0,0.1,0.1,0.4,3.0,472.0,0.0,0.0,0.13559322033898305
11.0,5.0,34.0,0.1,0.1,0.4,3.0,442.0,0.0,0.0,0.13574660633484162
11.0,5.0,35.0,0.1,0.1,0.4,3.0,445.0,0.0,0.0,0.1393258426966292
11.0,5.0,36.0,0.1,0.1,0.4,3.0,420.0,0.0,0.0,0.14047619047619048
11.0,5.0,37.0,0.1,0.1,0.4,3.0,424.0,0.0,0.0,0.14622641509433962
11.0,5.0,38.0,0.1,0.1,0.4,3.0,420.0,0.0,0.0,0.1380952380952381
11.0,5.0,39.0,0.1,0.1,0.4,3.0,422.0,0.0,0.0,0.14218009478672985
11.0,5.0,40.0,0.1,0.1,0.4,3.0,419.0,0.0,0.0,0.13842482100238662
11.0,5.0,41.0,0.1,0.1,0.4,3.0,406.0,0.0,0.0,0.14532019704433496
11.0,5.0,42.0,0.1,0.1,0.4,3.0,403.0,0.0,0.0,0.13647642679900746
11.0,5.0,43.0,0.1,0.1,0.4,3.0,393.0,0.0,0.0,0.1450381679389313
11.0,5.0,44.0,0.1,0.1,0.4,3.0,383.0,0.0,0.0,0.13577023498694518
11.0,5.0,45.0,0.1,0.1,0.4,3.0,370.0,0.0,0.0,0.20270270270270271
11.0,5.0,46.0,0.1,0.1,0.4,3.0,366.0,0.0,0.0,0.19672131147540983
11.0,5.0,47.0,0.1,0.1,0.4,3.0,370.0,0.0,0.0,0.2
11.0,5.0,48.0,0.1,0.1,0.4,3.0,368.0,0.0,0.0,0.1956521739130435
11.0,5.0,49.0,0.1,0.1,0.4,3.0,370.0,0.0,0.0,0.2
11.0,5.0,50.0,0.1,0.1,0.4,3.0,365.0,0.0,0.0,0.19452054794520549
11.0,5.0,51.0,0.1,0.1,0.4,3.0,370.0,0.0,0.0,0.2
11.0,5.0,52.0,0.1,0.1,0.4,3.0,366.0,0.0,0.0,0.19398907103825136
11.0,6.0,1.0,0.1,0.1,0.4,3.0,370.0,0.0,0.0,0.1972972972972973
11.0,6.0,2.0,0.1,0.1,0.4,3.0,362.0,0.0,0.0,0.19337016574585636
11.0,6.0,3.0,0.1,0.1,0.4,3.0,370.0,0.0,0.0,0.2
11.0,6.0,4.0,0.1,0.1,0.4,3.0,365.0,0.0,0.0,0.19452054794520549
11.0,6.0,5.0,0.1,0.1,0.4,3.0,372.0,0.0,0.0,0.1989247311827957
11.0,6.0,6.0,0.1,0.1,0.4,3.0,363.0,0.0,0.0,0.19559228650137742
11.0,6.0,7.0,0.1,0.1,0.4,3.0,369.0,0.0,0.0,0.2005420054200542
11.0,6.0,8.0,0.1,0.1,0.4,3.0,364.0,0.0,0.0,0.19505494505494506
11.0,6.0,9.0,0.1,0.1,0.4,3.0,369.0,0.0,0.0,0.1978319783197832
11.0,6.0,10.0,0.1,0.1,0.4,3.0,358.0,0.0,0.0,0.19553072625698323
11.0,6.0,11.0,0.1,0.1,0.4,3.0,363.0,0.0,0.0,0.20110192837465565
11.0,6.0,12.0,0.1,0.1,0.4,3.0,357.0,0.0,0.0,0.19607843137254902
11.0,6.0,13.0,0.1,0.1,0.4,3.0,362.0,0.0,0.0,0.19889502762430938
11.0,6.0,14.0,0.1,0.1,0.4,3.0,353.0,0.0,0.0,0.1954674220963173
11.0,6.0,15.0,0.1,0.1,0.4,3.0,360.0,0.0,0.0,0.2
11.0,6.0,16.0,0.1,0.1,0.4,3.0,354.0,0.0,0.0,0.19491525423728814
11.0,6.0,17.0,0.1,0.1,0.4,3.0,357.0,0.0,0.0,0.20168067226890757
11.0,6.0,18.0,0.1,0.1,0.4,3.0,355.0,0.0,0.0,0.19436619718309858
11.0,6.0,19.0,0.1,0.1,0.4,3.0,356.0,0.0,0.0,0.199438202247191
11.0,6.0,20.0,0.1,0.1,0.4,3.0,644.0,0.0,0.0,0.10714285714285714
11.0,6.0,21.0,0.1,0.1,0.4,3.0,644.0,0.0,0.0,0.11180124223602485
11.0,6.0,22.0,0.1,0.1,0.4,3.0,634.0,0.0,0.0,0.10883280757097792
11.0,6.0,23.0,0.1,0.1,0.4,3.0,608.0,0.0,0.0,0.11513157894736842
11.0,6.0,24.0,0.1,0.1,0.4,3.0,571.0,0.0,0.0,0.11033274956217162
11.0,6.0,25.0,0.1,0.1,0.4,3.0,549.0,0.0,0.0,0.11475409836065574
11.0,6.0,26.0,0.1,0.1,0.4,3.0,531.0,0.0,0.0,0.11299435028248588
11.0,6.0,27.0,0.1,0.1,0.4,3.0,496.0,0.0,0.0,0.11895161290322581
11.0,6.0,28.0,0.1,0.1,0.4,3.0,499.0,0.0,0.0,0.11222444889779559
11.0,6.0,29.0,0.1,0.1,0.4,3.0,491.0,0.0,0.0,0.11812627291242363
11.0,6.0,30.0,0.1,0.1,0.4,3.0,479.0,0.0,0.0,0.1127348643006263
11.0,6.0,31.0,0.1,0.1,0.4,3.0,449.0,0.0,0.0,0.11804008908685969
11.0,6.0,32.0,0.1,0.1,0.4,3.0,456.0,0.0,0.0,0.1118421052631579
11.0,6.0,33.0,0.1,0.1,0.4,3.0,449.0,0.0,0.0,0.11804008908685969
11.0,6.0,34.0,0.1,0.1,0.4,3.0,443.0,0.0,0.0,0.11286681715575621
11.0,6.0,35.0,0.1,0.1,0.4,3.0,419.0,0.0,0.0,0.12171837708830549
11.0,6.0,36.0,0.1,0.1,0.4,3.0,425.0,0.0,0.0,0.11529411764705882
11.0,6.0,37.0,0.1,0.1,0.4,3.0,403.0,0.0,0.0,0.12406947890818859
11.0,6.0,38.0,0.1,0.1,0.4,3.0,409.0,0.0,0.0,0.11735941320293398
11.0,6.0,39.0,0.1,0.1,0.4,3.0,402.0,0.0,0.0,0.12437810945273632
11.0,6.0,40.0,0.1,0.1,0.4,3.0,399.0,0.0,0.0,0.12030075187969924
11.0,6.0,41.0,0.1,0.1,0.4,3.0,398.0,0.0,0.0,0.12562814070351758
11.0,6.0,42.0,0.1,0.1,0.4,3.0,377.0,0.0,0.0,0.1273209549071618
11.0,6.0,43.0,0.1,0.1,0.4,3.0,346.0,0.0,0.0,0.13872832369942195
11.0,6.0,44.0,0.1,0.1,0.4,3.0,348.0,0.0,0.0,0.13218390804597702
11.0,6.0,45.0,0.1,0.1,0.4,3.0,343.0,0.0,0.0,0.21282798833819241
11.0,6.0,46.0,0.1,0.1,0.4,3.0,337.0,0.0,0.0,0.20771513353115728
11.0,6.0,47.0,0.1,0.1,0.4,3.0,332.0,0.0,0.0,0.21686746987951808
11.0,6.0,48.0,0.1,0.1,0.4,3.0,336.0,0.0,0.0,0.20535714285714285
11.0,6.0,49.0,0.1,0.1,0.4,3.0,330.0,0.0,0.0,0.21212121212121213
11.0,6.0,50.0,0.1,0.1,0.4,3.0,336.0,0.0,0.0,0.20535714285714285
11.0,6.0,51.0,0.1,0.1,0.4,3.0,327.0,0.0,0.0,0.21406727828746178
11.0,6.0,52.0,0.1,0.1,0.4,3.0,335.0,0.0,0.0,0.20597014925373133
11.0,7.0,1.0,0.1,0.1,0.4,3.0,327.0,0.0,0.0,0.21406727828746178
11.0,7.0,2.0,0.1,0.1,0.4,3.0,335.0,0.0,0.0,0.20597014925373133
11.0,7.0,3.0,0.1,0.1,0.4,3.0,327.0,0.0,0.0,0.21406727828746178
11.0,7.0,4.0,0.1,0.1,0.4,3.0,335.0,0.0,0.0,0.20597014925373133
11.0,7.0,5.0,0.1,0.1,0.4,3.0,320.0,0.0,0.0,0.21875
11.0,7.0,6.0,0.1,0.1,0.4,3.0,324.0,0.0,0.0,0.21296296296296297
11.0,7.0,7.0,0.1,0.1,0.4,3.0,315.0,0.0,0.0,0.2222222222222222
11.0,7.0,8.0,0.1,0.1,0.4,3.0,322.0,0.0,0.0,0.21428571428571427
11.0,7.0,9.0,0.1,0.1,0.4,3.0,313.0,0.0,0.0,0.22364217252396165
11.0,7.0,10.0,0.1,0.1,0.4,3.0,321.0,0.0,0.0,0.21495327102803738
11.0,7.0,11.0,0.1,0.1,0.4,3.0,312.0,0.0,0.0,0.22435897435897437
11.0,7.0,12.0,0.1,0.1,0.4,3.0,319.0,0.0,0.0,0.21630094043887146
11.0,7.0,13.0,0.1,0.1,0.4,3.0,312.0,0.0,0.0,0.22435897435897437
11.0,7.0,14.0,0.1,0.1,0.4,3.0,318.0,0.0,0.0,0.2169811320754717
11.0,7.0,15.0,0.1,0.1,0.4,3.0,310.0,0.0,0.0,0.22580645161290322
11.0,7.0,16.0,0.1,0.1,0.4,3.0,316.0,0.0,0.0,0.21835443037974683
11.0,7.0,17.0,0.1,0.1,0.4,3.0,309.0,0.0,0.0,0.22653721682847897
11.0,7.0,18.0,0.1,0.1,0.4,3.0,316.0,0.0,0.0,0.21835443037974683
11.0,7.0,19.0,0.1,0.1,0.4,3.0,308.0,0.0,0.0,0.22402597402597402
11.0,7.0,20.0,0.1,0.1,0.4,3.0,586.0,0.0,0.0,0.11433447098976109
11.0,7.0,21.0,0.1,0.1,0.4,3.0,564.0,0.0,0.0,0.11702127659574468
11.0,7.0,22.0,0.1,0.1,0.4,3.0,530.0,0.0,0.0,0.11132075471698114
11.0,7.0,23.0,0.1,0.1,0.4,3.0,514.0,0.0,0.0,0.11673151750972763
11.0,7.0,24.0,0.1,0.1,0.4,3.0,476.0,0.0,0.0,0.11974789915966387
11.0,7.0,25.0,0.1,0.1,0.4,3.0,442.0,0.0,0.0,0.12895927601809956
11.0,7.0,26.0,0.1,0.1,0.4,3.0,441.0,0.0,0.0,0.12698412698412698
11.0,7.0,27.0,0.1,0.1,0.4,3.0,425.0,0.0,0.0,0.13176470588235295
11.0,7.0,28.0,0.1,0.1,0.4,3.0,412.0,0.0,0.0,0.13106796116504854
11.0,7.0,29.0,0.1,0.1,0.4,3.0,405.0,0.0,0.0,0.13580246913580246
11.0,7.0,30.0,0.1,0.1,0.4,3.0,395.0,0.0,0.0,0.13164556962025317
11.0,7.0,31.0,0.1,0.1,0.4,3.0,368.0,0.0,0.0,0.14130434782608695
11.0,7.0,32.0,0.1,0.1,0.4,3.0,374.0,0.0,0.0,0.13636363636363635
11.0,7.0,33.0,0.1,0.1,0.4,3.0,368.0,0.0,0.0,0.14130434782608695
11.0,7.0,34.0,0.1,0.1,0.4,3.0,374.0,0.0,0.0,0.13636363636363635
11.0,7.0,35.0,0.1,0.1,0.4,3.0,352.0,0.0,0.0,0.14204545454545456
11.0,7.0,36.0,0.1,0.1,0.4,3.0,358.0,0.0,0.0,0.13687150837988826
11.0,7.0,37.0,0.1,0.1,0.4,3.0,343.0,0.0,0.0,0.1457725947521866
11.0,7.0,38.0,0.1,0.1,0.4,3.0,341.0,0.0,0.0,0.14076246334310852
11.0,7.0,39.0,0.1,0.1,0.4,3.0,328.0,0.0,0.0,0.14939024390243902
11.0,7.0,40.0,0.1,0.1,0.4,3.0,327.0,0.0,0.0,0.1437308868501529
11.0,7.0,41.0,0.1,0.1,0.4,3.0,312.0,0.0,0.0,0.14423076923076922
11.0,7.0,42.0,0.1,0.1,0.4,3.0,307.0,0.0,0.0,0.1465798045602606
11.0,7.0,43.0,0.1,0.1,0.4,3.0,306.0,0.0,0.0,0.13398692810457516
11.0,7.0,44.0,0.1,0.1,0.4,3.0,301.0,0.0,0.0,0.1362126245847176
11.0,7.0,45.0,0.1,0.1,0.4,3.0,292.0,0.0,0.0,0.2226027397260274
11.0,7.0,46.0,0.1,0.1,0.4,3.0,301.0,0.0,0.0,0.22259136212624583
11.0,7.0,47.0,0.1,0.1,0.4,3.0,289.0,0.0,0.0,0.22837370242214533
11.0,7.0,48.0,0.1,0.1,0.4,3.0,289.0,0.0,0.0,0.22145328719723184
11.0,7.0,49.0,0.1,0.1,0.4,3.0,278.0,0.0,0.0,0.22661870503597123
11.0,7.0,50.0,0.1,0.1,0.4,3.0,280.0,0.0,0.0,0.22142857142857142
11.0,7.0,51.0,0.1,0.1,0.4,3.0,277.0,0.0,0.0,0.22382671480144403
11.0,7.0,52.0,0.1,0.1,0.4,3.0,276.0,0.0,0.0,0.2210144927536232
11.0,8.0,1.0,0.1,0.1,0.4,3.0,277.0,0.0,0.0,0.22021660649819494
11.0,8.0,2.0,0.1,0.1,0.4,3.0,269.0,0.0,0.0,0.22304832713754646
11.0,8.0,3.0,0.1,0.1,0.4,3.0,268.0,0.0,0.0,0.22388059701492538
11.0,8.0,4.0,0.1,0.1,0.4,3.0,268.0,0.0,0.0,0.22388059701492538
11.0,8.0,5.0,0.1,0.1,0.4,3.0,267.0,0.0,0.0,0.2209737827715356
11.0,8.0,6.0,0.1,0.1,0.4,3.0,266.0,0.0,0.0,0.22556390977443608
11.0,8.0,7.0,0.1,0.1,0.4,3.0,269.0,0.0,0.0,0.21933085501858737
11.0,8.0,8.0,0.1,0.1,0.4,3.0,267.0,0.0,0.0,0.2209737827715356
11.0,8.0,9.0,0.1,0.1,0.4,3.0,267.0,0.0,0.0,0.2209737827715356
11.0,8.0,10.0,0.1,0.1,0.4,3.0,265.0,0.0,0.0,0.22264150943396227
11.0,8.0,11.0,0.1,0.1,0.4,3.0,265.0,0.0,0.0,0.22264150943396227
11.0,8.0,12.0,0.1,0.1,0.4,3.0,257.0,0.0,0.0,0.22568093385214008
11.0,8.0,13.0,0.1,0.1,0.4,3.0,256.0,0.0,0.0,0.2265625
11.0,8.0,14.0,0.1,0.1,0.4,3.0,256.0,0.0,0.0,0.2265625
11.0,8.0,15.0,0.1,0.1,0.4,3.0,256.0,0.0,0.0,0.2265625
11.0,8.0,16.0,0.1,0.1,0.4,3.0,258.0,0.0,0.0,0.2248062015503876
11.0,8.0,17.0,0.1,0.1,0.4,3.0,256.0,0.0,0.0,0.2265625
11.0,8.0,18.0,0.1,0.1,0.4,3.0,257.0,0.0,0.0,0.22568093385214008
11.0,8.0,19.0,0.1,0.1,0.4,3.0,256.0,0.0,0.0,0.2265625
11.0,8.0,20.0,0.1,0.1,0.4,3.0,483.0,0.0,0.0,0.12008281573498965
11.0,8.0,21.0,0.1,0.1,0.4,3.0,459.0,0.0,0.0,0.12418300653594772
11.0,8.0,22.0,0.1,0.1,0.4,3.0,434.0,0.0,0.0,0.12442396313364056
11.0,8.0,23.0,0.1,0.1,0.4,3.0,426.0,0.0,0.0,0.1267605633802817
11.0,8.0,24.0,0.1,0.1,0.4,3.0,414.0,0.0,0.0,0.12318840579710146
11.0,8.0,25.0,0.1,0.1,0.4,3.0,407.0,0.0,0.0,0.12776412776412777
11.0,8.0,26.0,0.1,0.1,0.4,3.0,391.0,0.0,0.0,0.1278772378516624
11.0,8.0,27.0,0.1,0.1,0.4,3.0,395.0,0.0,0.0,0.13164556962025317
11.0,8.0,28.0,0.1,0.1,0.4,3.0,388.0,0.0,0.0,0.12886597938144329
11.0,8.0,29.0,0.1,0.1,0.4,3.0,384.0,0.0,0.0,0.1328125
11.0,8.0,30.0,0.1,0.1,0.4,3.0,359.0,0.0,0.0,0.13649025069637882
11.0,8.0,31.0,0.1,0.1,0.4,3.0,367.0,0.0,0.0,0.13896457765667575
11.0,8.0,32.0,0.1,0.1,0.4,3.0,357.0,0.0,0.0,0.13725490196078433
11.0,8.0,33.0,0.1,0.1,0.4,3.0,362.0,0.0,0.0,0.13812154696132597
11.0,8.0,34.0,0.1,0.1,0.4,3.0,347.0,0.0,0.0,0.14121037463976946
11.0,8.0,35.0,0.1,0.1,0.4,3.0,334.0,0.0,0.0,0.1377245508982036
11.0,8.0,36.0,0.1,0.1,0.4,3.0,315.0,0.0,0.0,0.14285714285714285
11.0,8.0,37.0,0.1,0.1,0.4,3.0,320.0,0.0,0.0,0.14375
11.0,8.0,38.0,0.1,0.1,0.4,3.0,316.0,0.0,0.0,0.14240506329113925
11.0,8.0,39.0,0.1,0.1,0.4,3.0,321.0,0.0,0.0,0.14330218068535824
11.0,8.0,40.0,0.1,0.1,0.4,3.0,307.0,0.0,0.0,0.14332247557003258
11.0,8.0,41.0,0.1,0.1,0.4,3.0,310.0,0.0,0.0,0.14516129032258066
11.0,8.0,42.0,0.1,0.1,0.4,3.0,297.0,0.0,0.0,0.1447811447811448
11.0,8.0,43.0,0.1,0.1,0.4,3.0,299.0,0.0,0.0,0.14715719063545152
11.0,8.0,44.0,0.1,0.1,0.4,3.0,295.0,0.0,0.0,0.14576271186440679
11.0,8.0,45.0,0.1,0.1,0.4,3.0,299.0,0.0,0.0,0.22742474916387959
11.0,8.0,46.0,0.1,0.1,0.4,3.0,283.0,0.0,0.0,0.23674911660777384
11.0,8.0,47.0,0.1,0.1,0.4,3.0,279.0,0.0,0.0,0.24372759856630824
11.0,8.0,48.0,0.1,0.1,0.4,3.0,274.0,0.0,0.0,0.24452554744525548
11.0,8.0,49.0,0.1,0.1,0.4,3.0,271.0,0.0,0.0,0.24723247232472326
11.0,8.0,50.0,0.1,0.1,0.4,3.0,269.0,0.0,0.0,0.24535315985130113
11.0,8.0,51.0,0.1,0.1,0.4,3.0,269.0,0.0,0.0,0.24907063197026022
11.0,8.0,52.0,0.1,0.1,0.4,3.0,262.0,0.0,0.0,0.24045801526717558
11.0,9.0,1.0,0.1,0.1,0.4,3.0,262.0,0.0,0.0,0.24427480916030533
11.0,9.0,2.0,0.1,0.1,0.4,3.0,261.0,0.0,0.0,0.2413793103448276
11.0,9.0,3.0,0.1,0.1,0.4,3.0,260.0,0.0,0.0,0.2423076923076923
11.0,9.0,4.0,0.1,0.1,0.4,3.0,259.0,0.0,0.0,0.23938223938223938
11.0,9.0,5.0,0.1,0.1,0.4,3.0,257.0,0.0,0.0,0.245136186770428
11.0,9.0,6.0,0.1,0.1,0.4,3.0,259.0,0.0,0.0,0.23938223938223938
11.0,9.0,7.0,0.1,0.1,0.4,3.0,257.0,0.0,0.0,0.245136186770428
11.0,9.0,8.0,0.1,0.1,0.4,3.0,258.0,0.0,0.0,0.24031007751937986
11.0,9.0,9.0,0.1,0.1,0.4,3.0,258.0,0.0,0.0,0.2441860465116279
11.0,9.0,10.0,0.1,0.1,0.4,3.0,258.0,0.0,0.0,0.24031007751937986
11.0,9.0,11.0,0.1,0.1,0.4,3.0,256.0,0.0,0.0,0.24609375
11.0,9.0,12.0,0.1,0.1,0.4,3.0,256.0,0.0,0.0,0.2421875
11.0,9.0,13.0,0.1,0.1,0.4,3.0,256.0,0.0,0.0,0.24609375
11.0,9.0,14.0,0.1,0.1,0.4,3.0,257.0,0.0,0.0,0.24124513618677043
11.0,9.0,15.0,0.1,0.1,0.4,3.0,256.0,0.0,0.0,0.24609375
11.0,9.0,16.0,0.1,0.1,0.4,3.0,260.0,0.0,0.0,0.23846153846153847
11.0,9.0,17.0,0.1,0.1,0.4,3.0,254.0,0.0,0.0,0.24803149606299213
11.0,9.0,18.0,0.1,0.1,0.4,3.0,256.0,0.0,0.0,0.2421875
11.0,9.0,19.0,0.1,0.1,0.4,3.0,254.0,0.0,0.0,0.24803149606299213
11.0,9.0,20.0,0.1,0.1,0.4,3.0,402.0,0.0,0.0,0.1318407960199005
11.0,9.0,21.0,0.1,0.1,0.4,3.0,375.0,0.0,0.0,0.13866666666666666
11.0,9.0,22.0,0.1,0.1,0.4,3.0,379.0,0.0,0.0,0.13720316622691292
11.0,9.0,23.0,0.1,0.1,0.4,3.0,367.0,0.0,0.0,0.13896457765667575
11.0,9.0,24.0,0.1,0.1,0.4,3.0,371.0,0.0,0.0,0.13746630727762804
11.0,9.0,25.0,0.1,0.1,0.4,3.0,366.0,0.0,0.0,0.13934426229508196
11.0,9.0,26.0,0.1,0.1,0.4,3.0,354.0,0.0,0.0,0.14124293785310735
11.0,9.0,27.0,0.1,0.1,0.4,3.0,356.0,0.0,0.0,0.1404494382022472
11.0,9.0,28.0,0.1,0.1,0.4,3.0,361.0,0.0,0.0,0.13850415512465375
11.0,9.0,29.0,0.1,0.1,0.4,3.0,325.0,0.0,0.0,0.15076923076923077
11.0,9.0,30.0,0.1,0.1,0.4,3.0,313.0,0.0,0.0,0.15654952076677317
11.0,9.0,31.0,0.1,0.1,0.4,3.0,315.0,0.0,0.0,0.15555555555555556
11.0,9.0,32.0,0.1,0.1,0.4,3.0,318.0,0.0,0.0,0.1540880503144654
11.0,9.0,33.0,0.1,0.1,0.4,3.0,307.0,0.0,0.0,0.15960912052117263
11.0,9.0,34.0,0.1,0.1,0.4,3.0,309.0,0.0,0.0,0.15857605177993528
11.0,9.0,35.0,0.1,0.1,0.4,3.0,294.0,0.0,0.0,0.16326530612244897
11.0,9.0,36.0,0.1,0.1,0.4,3.0,288.0,0.0,0.0,0.16666666666666666
11.0,9.0,37.0,0.1,0.1,0.4,3.0,285.0,0.0,0.0,0.16842105263157894
11.0,9.0,38.0,0.1,0.1,0.4,3.0,290.0,0.0,0.0,0.16551724137931034
11.0,9.0,39.0,0.1,0.1,0.4,3.0,286.0,0.0,0.0,0.16783216783216784
11.0,9.0,40.0,0.1,0.1,0.4,3.0,288.0,0.0,0.0,0.16666666666666666
11.0,9.0,41.0,0.1,0.1,0.4,3.0,285.0,0.0,0.0,0.16842105263157894
11.0,9.0,42.0,0.1,0.1,0.4,3.0,290.0,0.0,0.0,0.16551724137931034
11.0,9.0,43.0,0.1,0.1,0.4,3.0,271.0,0.0,0.0,0.17343173431734318
11.0,9.0,44.0,0.1,0.1,0.4,3.0,263.0,0.0,0.0,0.17490494296577946
11.0,9.0,45.0,0.1,0.1,0.4,3.0,248.0,0.0,0.0,0.24596774193548387
11.0,9.0,46.0,0.1,0.1,0.4,3.0,250.0,0.0,0.0,0.244
11.0,9.0,47.0,0.1,0.1,0.4,3.0,238.0,0.0,0.0,0.25210084033613445
11.0,9.0,48.0,0.1,0.1,0.4,3.0,246.0,0.0,0.0,0.24390243902439024
11.0,9.0,49.0,0.1,0.1,0.4,3.0,239.0,0.0,0.0,0.2510460251046025
11.0,9.0,50.0,0.1,0.1,0.4,3.0,247.0,0.0,0.0,0.24696356275303644
11.0,9.0,51.0,0.1,0.1,0.4,3.0,242.0,0.0,0.0,0.24793388429752067
11.0,9.0,52.0,0.1,0.1,0.4,3.0,248.0,0.0,0.0,0.24193548387096775
11.0,10.0,1.0,0.1,0.1,0.4,3.0,241.0,0.0,0.0,0.25311203319502074
11.0,10.0,2.0,0.1,0.1,0.4,3.0,248.0,0.0,0.0,0.24193548387096775
11.0,10.0,3.0,0.1,0.1,0.4,3.0,241.0,0.0,0.0,0.25311203319502074
11.0,10.0,4.0,0.1,0.1,0.4,3.0,249.0,0.0,0.0,0.24096385542168675
11.0,10.0,5.0,0.1,0.1,0.4,3.0,242.0,0.0,0.0,0.25206611570247933
11.0,10.0,6.0,0.1,0.1,0.4,3.0,248.0,0.0,0.0,0.24193548387096775
11.0,10.0,7.0,0.1,0.1,0.4,3.0,240.0,0.0,0.0,0.25
11.0,10.0,8.0,0.1,0.1,0.4,3.0,246.0,0.0,0.0,0.24390243902439024
11.0,10.0,9.0,0.1,0.1,0.4,3.0,240.0,0.0,0.0,0.25
11.0,10.0,10.0,0.1,0.1,0.4,3.0,243.0,0.0,0.0,0.24691358024691357
11.0,10.0,11.0,0.1,0.1,0.4,3.0,240.0,0.0,0.0,0.25416666666666665
11.0,10.0,12.0,0.1,0.1,0.4,3.0,244.0,0.0,0.0,0.2459016393442623
11.0,10.0,13.0,0.1,0.1,0.4,3.0,238.0,0.0,0.0,0.25210084033613445
11.0,10.0,14.0,0.1,0.1,0.4,3.0,244.0,0.0,0.0,0.2459016393442623
11.0,10.0,15.0,0.1,0.1,0.4,3.0,239.0,0.0,0.0,0.2510460251046025
11.0,10.0,16.0,0.1,0.1,0.4,3.0,244.0,0.0,0.0,0.2459016393442623
11.0,10.0,17.0,0.1,0.1,0.4,3.0,238.0,0.0,0.0,0.25210084033613445
11.0,10.0,18.0,0.1,0.1,0.4,3.0,243.0,0.0,0.0,0.24279835390946503
11.0,10.0,19.0,0.1,0.1,0.4,3.0,240.0,0.0,0.0,0.25
11.0,10.0,20.0,0.1,0.1,0.4,3.0,382.0,0.0,0.0,0.14397905759162305
11.0,10.0,21.0,0.1,0.1,0.4,3.0,402.0,0.0,0.0,0.13930348258706468
11.0,10.0,22.0,0.1,0.1,0.4,3.0,378.0,0.0,0.0,0.1455026455026455
11.0,10.0,23.0,0.1,0.1,0.4,3.0,344.0,0.0,0.0,0.14825581395348839
11.0,10.0,24.0,0.1,0.1,0.4,3.0,329.0,0.0,0.0,0.1519756838905775
11.0,10.0,25.0,0.1,0.1,0.4,3.0,337.0,0.0,0.0,0.1513353115727003
11.0,10.0,26.0,0.1,0.1,0.4,3.0,328.0,0.0,0.0,0.14939024390243902
11.0,10.0,27.0,0.1,0.1,0.4,3.0,326.0,0.0,0.0,0.15337423312883436
11.0,10.0,28.0,0.1,0.1,0.4,3.0,326.0,0.0,0.0,0.15030674846625766
11.0,10.0,29.0,0.1,0.1,0.4,3.0,317.0,0.0,0.0,0.15772870662460567
11.0,10.0,30.0,0.1,0.1,0.4,3.0,315.0,0.0,0.0,0.1492063492063492
11.0,10.0,31.0,0.1,0.1,0.4,3.0,313.0,0.0,0.0,0.15335463258785942
11.0,10.0,32.0,0.1,0.1,0.4,3.0,315.0,0.0,0.0,0.1492063492063492
11.0,10.0,33.0,0.1,0.1,0.4,3.0,301.0,0.0,0.0,0.15614617940199335
11.0,10.0,34.0,0.1,0.1,0.4,3.0,292.0,0.0,0.0,0.15753424657534246
11.0,10.0,35.0,0.1,0.1,0.4,3.0,283.0,0.0,0.0,0.16607773851590105
11.0,10.0,36.0,0.1,0.1,0.4,3.0,285.0,0.0,0.0,0.16140350877192983
11.0,10.0,37.0,0.1,0.1,0.4,3.0,300.0,0.0,0.0,0.15666666666666668
11.0,10.0,38.0,0.1,0.1,0.4,3.0,293.0,0.0,0.0,0.15699658703071673
11.0,10.0,39.0,0.1,0.1,0.4,3.0,293.0,0.0,0.0,0.16040955631399317
11.0,10.0,40.0,0.1,0.1,0.4,3.0,290.0,0.0,0.0,0.15517241379310345
11.0,10.0,41.0,0.1,0.1,0.4,3.0,288.0,0.0,0.0,0.1597222222222222
11.0,10.0,42.0,0.1,0.1,0.4,3.0,290.0,0.0,0.0,0.15517241379310345
11.0,10.0,43.0,0.1,0.1,0.4,3.0,282.0,0.0,0.0,0.16312056737588654
11.0,10.0,44.0,0.1,0.1,0.4,3.0,282.0,0.0,0.0,0.1595744680851064
11.0,10.0,45.0,0.1,0.1,0.4,3.0,287.0,0.0,0.0,0.2264808362369338
11.0,10.0,46.0,0.1,0.1,0.4,3.0,283.0,0.0,0.0,0.22614840989399293
11.0,10.0,47.0,0.1,0.1,0.4,3.0,278.0,0.0,0.0,0.2302158273381295
11.0,10.0,48.0,0.1,0.1,0.4,3.0,281.0,0.0,0.0,0.22419928825622776
11.0,10.0,49.0,0.1,0.1,0.4,3.0,280.0,0.0,0.0,0.22857142857142856
11.0,10.0,50.0,0.1,0.1,0.4,3.0,266.0,0.0,0.0,0.22932330827067668
11.0,10.0,51.0,0.1,0.1,0.4,3.0,270.0,0.0,0.0,0.22962962962962963
11.0,10.0,52.0,0.1,0.1,0.4,3.0,264.0,0.0,0.0,0.23106060606060605
12.0,1.0,1.0,0.1,0.1,0.4,3.0,5171.0,53.0,4.0,0.10230129568748791
12.0,1.0,2.0,0.1,0.1,0.4,3.0,5070.0,58.0,16.0,0.10295857988165681
12.0,1.0,3.0,0.1,0.1,0.4,3.0,5065.0,74.0,29.0,0.10306021717670286
12.0,1.0,4.0,0.1,0.1,0.4,3.0,4900.0,95.0,36.0,0.10244897959183673
12.0,1.0,5.0,0.1,0.1,0.4,3.0,4865.0,111.0,38.0,0.10195272353545735
12.0,1.0,6.0,0.1,0.1,0.4,3.0,4666.0,137.0,45.0,0.10094299185597942
12.0,1.0,7.0,0.1,0.1,0.4,3.0,4486.0,172.0,61.0,0.1012037449843959
12.0,1.0,8.0,0.1,0.1,0.4,3.0,4212.0,185.0,70.0,0.10398860398860399
12.0,1.0,9.0,0.1,0.1,0.4,3.0,4069.0,231.0,87.0,0.10371098550012288
12.0,1.0,10.0,0.1,0.1,0.4,3.0,3756.0,234.0,81.0,0.10543130990415335
12.0,1.0,11.0,0.1,0.1,0.4,3.0,3573.0,230.0,98.0,0.10495382031905962
12.0,1.0,12.0,0.1,0.1,0.4,3.0,3412.0,252.0,104.0,0.10697538100820633
12.0,1.0,13.0,0.1,0.1,0.4,3.0,3255.0,265.0,114.0,0.10783410138248847
12.0,1.0,14.0,0.1,0.1,0.4,3.0,3087.0,271.0,112.0,0.10949141561386459
12.0,1.0,15.0,0.1,0.1,0.4,3.0,2971.0,280.0,118.0,0.11040053853921239
12.0,1.0,16.0,0.1,0.1,0.4,3.0,2854.0,286.0,122.0,0.11282410651716888
12.0,1.0,17.0,0.1,0.1,0.4,3.0,2728.0,271.0,130.0,0.11290322580645161
12.0,1.0,18.0,0.1,0.1,0.4,3.0,2644.0,261.0,127.0,0.11422087745839637
12.0,1.0,19.0,0.1,0.1,0.4,3.0,2547.0,257.0,131.0,0.11621515508441303
12.0,1.0,20.0,0.1,0.1,0.4,3.0,6937.0,245.0,114.0,0.041660660227764164
12.0,1.0,21.0,0.1,0.1,0.4,3.0,6471.0,317.0,116.0,0.043115438108484005
12.0,1.0,22.0,0.1,0.1,0.4,3.0,5931.0,374.0,121.0,0.04468049232844377
12.0,1.0,23.0,0.1,0.1,0.4,3.0,5410.0,425.0,132.0,0.04621072088724584
12.0,1.0,24.0,0.1,0.1,0.4,3.0,5062.0,460.0,144.0,0.047214539707625444
12.0,1.0,25.0,0.1,0.1,0.4,3.0,4610.0,453.0,163.0,0.05032537960954447
12.0,1.0,26.0,0.1,0.1,0.4,3.0,4200.0,464.0,182.0,0.05119047619047619
12.0,1.0,27.0,0.1,0.1,0.4,3.0,4020.0,496.0,219.0,0.05323383084577114
12.0,1.0,28.0,0.1,0.1,0.4,3.0,3577.0,464.0,209.0,0.0561923399496785
12.0,1.0,29.0,0.1,0.1,0.4,3.0,3353.0,436.0,191.0,0.058753355204294665
12.0,1.0,30.0,0.1,0.1,0.4,3.0,3032.0,375.0,168.0,0.061675461741424804
12.0,1.0,31.0,0.1,0.1,0.4,3.0,2765.0,352.0,182.0,0.0647377938517179
12.0,1.0,32.0,0.1,0.1,0.4,3.0,2521.0,350.0,174.0,0.06783022610075366
12.0,1.0,33.0,0.1,0.1,0.4,3.0,2313.0,324.0,156.0,0.07220060527453523
12.0,1.0,34.0,0.1,0.1,0.4,3.0,2143.0,304.0,136.0,0.07652823145123658
12.0,1.0,35.0,0.1,0.1,0.4,3.0,2028.0,289.0,148.0,0.07840236686390532
12.0,1.0,36.0,0.1,0.1,0.4,3.0,1889.0,266.0,144.0,0.07834833245103229
12.0,1.0,37.0,0.1,0.1,0.4,3.0,1820.0,256.0,133.0,0.08241758241758242
12.0,1.0,38.0,0.1,0.1,0.4,3.0,1624.0,222.0,108.0,0.08866995073891626
12.0,1.0,39.0,0.1,0.1,0.4,3.0,1561.0,189.0,89.0,0.09096732863549008
12.0,1.0,40.0,0.1,0.1,0.4,3.0,1478.0,180.0,90.0,0.09336941813261164
12.0,1.0,41.0,0.1,0.1,0.4,3.0,1379.0,141.0,73.0,0.09644670050761421
12.0,1.0,42.0,0.1,0.1,0.4,3.0,1315.0,126.0,73.0,0.09657794676806084
12.0,1.0,43.0,0.1,0.1,0.4,3.0,1230.0,110.0,53.0,0.1040650406504065
12.0,1.0,44.0,0.1,0.1,0.4,3.0,1184.0,103.0,46.0,0.10472972972972973
12.0,1.0,45.0,0.1,0.1,0.4,3.0,1110.0,94.0,41.0,0.16216216216216217
12.0,1.0,46.0,0.1,0.1,0.4,3.0,1054.0,82.0,37.0,0.16129032258064516
12.0,1.0,47.0,0.1,0.1,0.4,3.0,1028.0,76.0,42.0,0.16731517509727625
12.0,1.0,48.0,0.1,0.1,0.4,3.0,994.0,65.0,44.0,0.1659959758551308
12.0,1.0,49.0,0.1,0.1,0.4,3.0,958.0,56.0,37.0,0.16805845511482254
12.0,1.0,50.0,0.1,0.1,0.4,3.0,927.0,50.0,30.0,0.16612729234088458
12.0,1.0,51.0,0.1,0.1,0.4,3.0,912.0,41.0,24.0,0.17214912280701755
12.0,1.0,52.0,0.1,0.1,0.4,3.0,880.0,39.0,15.0,0.17386363636363636
12.0,2.0,1.0,0.1,0.1,0.4,3.0,872.0,36.0,15.0,0.17660550458715596
12.0,2.0,2.0,0.1,0.1,0.4,3.0,854.0,30.0,13.0,0.1756440281030445
12.0,2.0,3.0,0.1,0.1,0.4,3.0,845.0,33.0,17.0,0.17751479289940827
12.0,2.0,4.0,0.1,0.1,0.4,3.0,828.0,31.0,14.0,0.17391304347826086
12.0,2.0,5.0,0.1,0.1,0.4,3.0,801.0,28.0,11.0,0.18102372034956304
12.0,2.0,6.0,0.1,0.1,0.4,3.0,780.0,25.0,16.0,0.1794871794871795
12.0,2.0,7.0,0.1,0.1,0.4,3.0,780.0,26.0,17.0,0.18205128205128204
12.0,2.0,8.0,0.1,0.1,0.4,3.0,764.0,25.0,16.0,0.18193717277486912
12.0,2.0,9.0,0.1,0.1,0.4,3.0,745.0,23.0,10.0,0.18523489932885906
12.0,2.0,10.0,0.1,0.1,0.4,3.0,727.0,22.0,9.0,0.1843191196698762
12.0,2.0,11.0,0.1,0.1,0.4,3.0,709.0,19.0,9.0,0.19040902679830748
12.0,2.0,12.0,0.1,0.1,0.4,3.0,699.0,19.0,9.0,0.1859799713876967
12.0,2.0,13.0,0.1,0.1,0.4,3.0,690.0,17.0,10.0,0.18985507246376812
12.0,2.0,14.0,0.1,0.1,0.4,3.0,679.0,14.0,10.0,0.18409425625920472
12.0,2.0,15.0,0.1,0.1,0.4,3.0,668.0,13.0,9.0,0.19311377245508982
12.0,2.0,16.0,0.1,0.1,0.4,3.0,659.0,9.0,5.0,0.18968133535660092
12.0,2.0,17.0,0.1,0.1,0.4,3.0,653.0,10.0,5.0,0.19601837672281777
12.0,2.0,18.0,0.1,0.1,0.4,3.0,639.0,8.0,3.0,0.19248826291079812
12.0,2.0,19.0,0.1,0.1,0.4,3.0,644.0,10.0,5.0,0.1956521739130435
12.0,2.0,20.0,0.1,0.1,0.4,3.0,1149.0,7.0,3.0,0.1061792863359443
12.0,2.0,21.0,0.1,0.1,0.4,3.0,1105.0,6.0,4.0,0.11131221719457013
12.0,2.0,22.0,0.1,0.1,0.4,3.0,1083.0,8.0,5.0,0.11172668513388735
12.0,2.0,23.0,0.1,0.1,0.4,3.0,1066.0,8.0,5.0,0.11538461538461539
12.0,2.0,24.0,0.1,0.1,0.4,3.0,1003.0,6.0,3.0,0.11465603190428714
12.0,2.0,25.0,0.1,0.1,0.4,3.0,925.0,2.0,0.0,0.12
12.0,2.0,26.0,0.1,0.1,0.4,3.0,902.0,2.0,1.0,0.1197339246119734
12.0,2.0,27.0,0.1,0.1,0.4,3.0,872.0,1.0,1.0,0.12041284403669725
12.0,2.0,28.0,0.1,0.1,0.4,3.0,863.0,1.0,1.0,0.1205098493626883
12.0,2.0,29.0,0.1,0.1,0.4,3.0,839.0,1.0,1.0,0.12157330154946365
12.0,2.0,30.0,0.1,0.1,0.4,3.0,824.0,0.0,0.0,0.12378640776699029
12.0,2.0,31.0,0.1,0.1,0.4,3.0,816.0,0.0,0.0,0.12377450980392157
12.0,2.0,32.0,0.1,0.1,0.4,3.0,792.0,0.0,0.0,0.1275252525252525
12.0,2.0,33.0,0.1,0.1,0.4,3.0,761.0,0.0,0.0,0.12746386333771353
12.0,2.0,34.0,0.1,0.1,0.4,3.0,753.0,0.0,0.0,0.12616201859229748
12.0,2.0,35.0,0.1,0.1,0.4,3.0,730.0,0.0,0.0,0.12465753424657534
12.0,2.0,36.0,0.1,0.1,0.4,3.0,684.0,0.0,0.0,0.13157894736842105
12.0,2.0,37.0,0.1,0.1,0.4,3.0,668.0,0.0,0.0,0.12874251497005987
12.0,2.0,38.0,0.1,0.1,0.4,3.0,671.0,0.0,0.0,0.12965722801788376
12.0,2.0,39.0,0.1,0.1,0.4,3.0,625.0,0.0,0.0,0.1312
12.0,2.0,40.0,0.1,0.1,0.4,3.0,635.0,0.0,0.0,0.13070866141732285
12.0,2.0,41.0,0.1,0.1,0.4,3.0,624.0,0.0,0.0,0.12980769230769232
12.0,2.0,42.0,0.1,0.1,0.4,3.0,624.0,0.0,0.0,0.13141025641025642
12.0,2.0,43.0,0.1,0.1,0.4,3.0,607.0,0.0,0.0,0.128500823723229
12.0,2.0,44.0,0.1,0.1,0.4,3.0,577.0,0.0,0.0,0.12998266897746968
12.0,2.0,45.0,0.1,0.1,0.4,3.0,572.0,0.0,0.0,0.2202797202797203
12.0,2.0,46.0,0.1,0.1,0.4,3.0,568.0,0.0,0.0,0.22007042253521128
12.0,2.0,47.0,0.1,0.1,0.4,3.0,562.0,0.0,0.0,0.2206405693950178
12.0,2.0,48.0,0.1,0.1,0.4,3.0,543.0,0.0,0.0,0.21915285451197053
12.0,2.0,49.0,0.1,0.1,0.4,3.0,529.0,0.0,0.0,0.21928166351606806
12.0,2.0,50.0,0.1,0.1,0.4,3.0,508.0,0.0,0.0,0.22440944881889763
12.0,2.0,51.0,0.1,0.1,0.4,3.0,508.0,0.0,0.0,0.2263779527559055
12.0,2.0,52.0,0.1,0.1,0.4,3.0,510.0,0.0,0.0,0.2235294117647059
12.0,3.0,1.0,0.1,0.1,0.4,3.0,503.0,0.0,0.0,0.22664015904572565
12.0,3.0,2.0,0.1,0.1,0.4,3.0,498.0,0.0,0.0,0.2248995983935743
12.0,3.0,3.0,0.1,0.1,0.4,3.0,492.0,0.0,0.0,0.22764227642276422
12.0,3.0,4.0,0.1,0.1,0.4,3.0,486.0,0.0,0.0,0.21810699588477367
12.0,3.0,5.0,0.1,0.1,0.4,3.0,485.0,0.0,0.0,0.22474226804123712
12.0,3.0,6.0,0.1,0.1,0.4,3.0,467.0,0.0,0.0,0.22055674518201285
12.0,3.0,7.0,0.1,0.1,0.4,3.0,469.0,0.0,0.0,0.22388059701492538
12.0,3.0,8.0,0.1,0.1,0.4,3.0,463.0,0.0,0.0,0.2203023758099352
12.0,3.0,9.0,0.1,0.1,0.4,3.0,453.0,0.0,0.0,0.22075055187637968
12.0,3.0,10.0,0.1,0.1,0.4,3.0,449.0,0.0,0.0,0.21603563474387527
12.0,3.0,11.0,0.1,0.1,0.4,3.0,449.0,0.0,0.0,0.22271714922049
12.0,3.0,12.0,0.1,0.1,0.4,3.0,445.0,0.0,0.0,0.2157303370786517
12.0,3.0,13.0,0.1,0.1,0.4,3.0,446.0,0.0,0.0,0.21973094170403587
12.0,3.0,14.0,0.1,0.1,0.4,3.0,431.0,0.0,0.0,0.21577726218097448
12.0,3.0,15.0,0.1,0.1,0.4,3.0,434.0,0.0,0.0,0.22350230414746544
12.0,3.0,16.0,0.1,0.1,0.4,3.0,425.0,0.0,0.0,0.2188235294117647
12.0,3.0,17.0,0.1,0.1,0.4,3.0,416.0,0.0,0.0,0.2283653846153846
12.0,3.0,18.0,0.1,0.1,0.4,3.0,411.0,0.0,0.0,0.21897810218978103
12.0,3.0,19.0,0.1,0.1,0.4,3.0,412.0,0.0,0.0,0.22572815533980584
12.0,3.0,20.0,0.1,0.1,0.4,3.0,759.0,0.0,0.0,0.11725955204216074
12.0,3.0,21.0,0.1,0.1,0.4,3.0,746.0,0.0,0.0,0.12332439678284182
12.0,3.0,22.0,0.1,0.1,0.4,3.0,714.0,0.0,0.0,0.12324929971988796
12.0,3.0,23.0,0.1,0.1,0.4,3.0,732.0,0.0,0.0,0.12021857923497267
12.0,3.0,24.0,0.1,0.1,0.4,3.0,686.0,0.0,0.0,0.1239067055393586
12.0,3.0,25.0,0.1,0.1,0.4,3.0,682.0,0.0,0.0,0.12023460410557185
12.0,3.0,26.0,0.1,0.1,0.4,3.0,656.0,0.0,0.0,0.1173780487804878
12.0,3.0,27.0,0.1,0.1,0.4,3.0,656.0,0.0,0.0,0.11890243902439024
12.0,3.0,28.0,0.1,0.1,0.4,3.0,626.0,0.0,0.0,0.11980830670926518
12.0,3.0,29.0,0.1,0.1,0.4,3.0,589.0,0.0,0.0,0.12903225806451613
12.0,3.0,30.0,0.1,0.1,0.4,3.0,580.0,0.0,0.0,0.1310344827586207
12.0,3.0,31.0,0.1,0.1,0.4,3.0,566.0,0.0,0.0,0.13074204946996468
12.0,3.0,32.0,0.1,0.1,0.4,3.0,564.0,0.0,0.0,0.12943262411347517
12.0,3.0,33.0,0.1,0.1,0.4,3.0,544.0,0.0,0.0,0.12867647058823528
12.0,3.0,34.0,0.1,0.1,0.4,3.0,535.0,0.0,0.0,0.12897196261682242
12.0,3.0,35.0,0.1,0.1,0.4,3.0,490.0,0.0,0.0,0.1326530612244898
12.0,3.0,36.0,0.1,0.1,0.4,3.0,506.0,0.0,0.0,0.12845849802371542
12.0,3.0,37.0,0.1,0.1,0.4,3.0,493.0,0.0,0.0,0.12981744421906694
12.0,3.0,38.0,0.1,0.1,0.4,3.0,503.0,0.0,0.0,0.12922465208747516
12.0,3.0,39.0,0.1,0.1,0.4,3.0,486.0,0.0,0.0,0.12962962962962962
12.0,3.0,40.0,0.1,0.1,0.4,3.0,489.0,0.0,0.0,0.12678936605316973
12.0,3.0,41.0,0.1,0.1,0.4,3.0,484.0,0.0,0.0,0.1322314049586777
12.0,3.0,42.0,0.1,0.1,0.4,3.0,481.0,0.0,0.0,0.12681912681912683
12.0,3.0,43.0,0.1,0.1,0.4,3.0,477.0,0.0,0.0,0.1320754716981132
12.0,3.0,44.0,0.1,0.1,0.4,3.0,475.0,0.0,0.0,0.12631578947368421
12.0,3.0,45.0,0.1,0.1,0.4,3.0,473.0,0.0,0.0,0.20507399577167018
12.0,3.0,46.0,0.1,0.1,0.4,3.0,470.0,0.0,0.0,0.19787234042553192
12.0,3.0,47.0,0.1,0.1,0.4,3.0,453.0,0.0,0.0,0.2052980132450331
12.0,3.0,48.0,0.1,0.1,0.4,3.0,444.0,0.0,0.0,0.20045045045045046
12.0,3.0,49.0,0.1,0.1,0.4,3.0,422.0,0.0,0.0,0.2037914691943128
12.0,3.0,50.0,0.1,0.1,0.4,3.0,427.0,0.0,0.0,0.20140515222482436
12.0,3.0,51.0,0.1,0.1,0.4,3.0,416.0,0.0,0.0,0.20192307692307693
12.0,3.0,52.0,0.1,0.1,0.4,3.0,411.0,0.0,0.0,0.20194647201946472
12.0,4.0,1.0,0.1,0.1,0.4,3.0,394.0,0.0,0.0,0.20050761421319796
12.0,4.0,2.0,0.1,0.1,0.4,3.0,399.0,0.0,0.0,0.20300751879699247
12.0,4.0,3.0,0.1,0.1,0.4,3.0,392.0,0.0,0.0,0.20408163265306123
12.0,4.0,4.0,0.1,0.1,0.4,3.0,396.0,0.0,0.0,0.20454545454545456
12.0,4.0,5.0,0.1,0.1,0.4,3.0,387.0,0.0,0.0,0.20671834625322996
12.0,4.0,6.0,0.1,0.1,0.4,3.0,391.0,0.0,0.0,0.2071611253196931
12.0,4.0,7.0,0.1,0.1,0.4,3.0,388.0,0.0,0.0,0.20618556701030927
12.0,4.0,8.0,0.1,0.1,0.4,3.0,390.0,0.0,0.0,0.20512820512820512
12.0,4.0,9.0,0.1,0.1,0.4,3.0,386.0,0.0,0.0,0.20466321243523317
12.0,4.0,10.0,0.1,0.1,0.4,3.0,390.0,0.0,0.0,0.20256410256410257
12.0,4.0,11.0,0.1,0.1,0.4,3.0,385.0,0.0,0.0,0.2025974025974026
12.0,4.0,12.0,0.1,0.1,0.4,3.0,388.0,0.0,0.0,0.20103092783505155
12.0,4.0,13.0,0.1,0.1,0.4,3.0,383.0,0.0,0.0,0.2010443864229765
12.0,4.0,14.0,0.1,0.1,0.4,3.0,388.0,0.0,0.0,0.20103092783505155
12.0,4.0,15.0,0.1,0.1,0.4,3.0,381.0,0.0,0.0,0.2047244094488189
12.0,4.0,16.0,0.1,0.1,0.4,3.0,363.0,0.0,0.0,0.20110192837465565
12.0,4.0,17.0,0.1,0.1,0.4,3.0,365.0,0.0,0.0,0.2054794520547945
12.0,4.0,18.0,0.1,0.1,0.4,3.0,357.0,0.0,0.0,0.20448179271708683
12.0,4.0,19.0,0.1,0.1,0.4,3.0,361.0,0.0,0.0,0.2077562326869806
12.0,4.0,20.0,0.1,0.1,0.4,3.0,669.0,0.0,0.0,0.10911808669656203
12.0,4.0,21.0,0.1,0.1,0.4,3.0,645.0,0.0,0.0,0.11472868217054263
12.0,4.0,22.0,0.1,0.1,0.4,3.0,610.0,0.0,0.0,0.11639344262295082
12.0,4.0,23.0,0.1,0.1,0.4,3.0,614.0,0.0,0.0,0.11889250814332247
12.0,4.0,24.0,0.1,0.1,0.4,3.0,586.0,0.0,0.0,0.11945392491467577
12.0,4.0,25.0,0.1,0.1,0.4,3.0,553.0,0.0,0.0,0.12477396021699819
12.0,4.0,26.0,0.1,0.1,0.4,3.0,501.0,0.0,0.0,0.1317365269461078
12.0,4.0,27.0,0.1,0.1,0.4,3.0,516.0,0.0,0.0,0.12596899224806202
12.0,4.0,28.0,0.1,0.1,0.4,3.0,496.0,0.0,0.0,0.12903225806451613
12.0,4.0,29.0,0.1,0.1,0.4,3.0,486.0,0.0,0.0,0.12757201646090535
12.0,4.0,30.0,0.1,0.1,0.4,3.0,473.0,0.0,0.0,0.1331923890063425
12.0,4.0,31.0,0.1,0.1,0.4,3.0,475.0,0.0,0.0,0.12421052631578948
12.0,4.0,32.0,0.1,0.1,0.4,3.0,460.0,0.0,0.0,0.13478260869565217
12.0,4.0,33.0,0.1,0.1,0.4,3.0,454.0,0.0,0.0,0.1277533039647577
12.0,4.0,34.0,0.1,0.1,0.4,3.0,426.0,0.0,0.0,0.13849765258215962
12.0,4.0,35.0,0.1,0.1,0.4,3.0,429.0,0.0,0.0,0.13286713286713286
12.0,4.0,36.0,0.1,0.1,0.4,3.0,397.0,0.0,0.0,0.14357682619647355
12.0,4.0,37.0,0.1,0.1,0.4,3.0,389.0,0.0,0.0,0.13624678663239073
12.0,4.0,38.0,0.1,0.1,0.4,3.0,373.0,0.0,0.0,0.14745308310991956
12.0,4.0,39.0,0.1,0.1,0.4,3.0,368.0,0.0,0.0,0.13858695652173914
12.0,4.0,40.0,0.1,0.1,0.4,3.0,356.0,0.0,0.0,0.14887640449438203
12.0,4.0,41.0,0.1,0.1,0.4,3.0,363.0,0.0,0.0,0.1349862258953168
12.0,4.0,42.0,0.1,0.1,0.4,3.0,352.0,0.0,0.0,0.14772727272727273
12.0,4.0,43.0,0.1,0.1,0.4,3.0,353.0,0.0,0.0,0.1388101983002833
12.0,4.0,44.0,0.1,0.1,0.4,3.0,346.0,0.0,0.0,0.15028901734104047
12.0,4.0,45.0,0.1,0.1,0.4,3.0,344.0,0.0,0.0,0.21511627906976744
12.0,4.0,46.0,0.1,0.1,0.4,3.0,339.0,0.0,0.0,0.2182890855457227
12.0,4.0,47.0,0.1,0.1,0.4,3.0,341.0,0.0,0.0,0.21700879765395895
12.0,4.0,48.0,0.1,0.1,0.4,3.0,339.0,0.0,0.0,0.2182890855457227
12.0,4.0,49.0,0.1,0.1,0.4,3.0,331.0,0.0,0.0,0.21450151057401812
12.0,4.0,50.0,0.1,0.1,0.4,3.0,328.0,0.0,0.0,0.21951219512195122
12.0,4.0,51.0,0.1,0.1,0.4,3.0,330.0,0.0,0.0,0.21212121212121213
12.0,4.0,52.0,0.1,0.1,0.4,3.0,322.0,0.0,0.0,0.21739130434782608
12.0,5.0,1.0,0.1,0.1,0.4,3.0,330.0,0.0,0.0,0.21515151515151515
12.0,5.0,2.0,0.1,0.1,0.4,3.0,321.0,0.0,0.0,0.21495327102803738
12.0,5.0,3.0,0.1,0.1,0.4,3.0,324.0,0.0,0.0,0.20679012345679013
12.0,5.0,4.0,0.1,0.1,0.4,3.0,313.0,0.0,0.0,0.21725239616613418
12.0,5.0,5.0,0.1,0.1,0.4,3.0,315.0,0.0,0.0,0.2126984126984127
12.0,5.0,6.0,0.1,0.1,0.4,3.0,305.0,0.0,0.0,0.22295081967213115
12.0,5.0,7.0,0.1,0.1,0.4,3.0,311.0,0.0,0.0,0.21543408360128619
12.0,5.0,8.0,0.1,0.1,0.4,3.0,298.0,0.0,0.0,0.22483221476510068
12.0,5.0,9.0,0.1,0.1,0.4,3.0,306.0,0.0,0.0,0.21568627450980393
12.0,5.0,10.0,0.1,0.1,0.4,3.0,300.0,0.0,0.0,0.22333333333333333
12.0,5.0,11.0,0.1,0.1,0.4,3.0,299.0,0.0,0.0,0.2140468227424749
12.0,5.0,12.0,0.1,0.1,0.4,3.0,294.0,0.0,0.0,0.22448979591836735
12.0,5.0,13.0,0.1,0.1,0.4,3.0,289.0,0.0,0.0,0.21453287197231835
12.0,5.0,14.0,0.1,0.1,0.4,3.0,290.0,0.0,0.0,0.22758620689655173
12.0,5.0,15.0,0.1,0.1,0.4,3.0,288.0,0.0,0.0,0.2152777777777778
12.0,5.0,16.0,0.1,0.1,0.4,3.0,289.0,0.0,0.0,0.22837370242214533
12.0,5.0,17.0,0.1,0.1,0.4,3.0,287.0,0.0,0.0,0.21602787456445993
12.0,5.0,18.0,0.1,0.1,0.4,3.0,292.0,0.0,0.0,0.22602739726027396
12.0,5.0,19.0,0.1,0.1,0.4,3.0,285.0,0.0,0.0,0.21403508771929824
12.0,5.0,20.0,0.1,0.1,0.4,3.0,572.0,0.0,0.0,0.11363636363636363
12.0,5.0,21.0,0.1,0.1,0.4,3.0,548.0,0.0,0.0,0.10948905109489052
12.0,5.0,22.0,0.1,0.1,0.4,3.0,507.0,0.0,0.0,0.1203155818540434
12.0,5.0,23.0,0.1,0.1,0.4,3.0,481.0,0.0,0.0,0.11850311850311851
12.0,5.0,24.0,0.1,0.1,0.4,3.0,475.0,0.0,0.0,0.12421052631578948
12.0,5.0,25.0,0.1,0.1,0.4,3.0,471.0,0.0,0.0,0.12101910828025478
12.0,5.0,26.0,0.1,0.1,0.4,3.0,463.0,0.0,0.0,0.12742980561555076
12.0,5.0,27.0,0.1,0.1,0.4,3.0,468.0,0.0,0.0,0.12393162393162394
12.0,5.0,28.0,0.1,0.1,0.4,3.0,467.0,0.0,0.0,0.12419700214132762
12.0,5.0,29.0,0.1,0.1,0.4,3.0,464.0,0.0,0.0,0.125
12.0,5.0,30.0,0.1,0.1,0.4,3.0,462.0,0.0,0.0,0.1277056277056277
12.0,5.0,31.0,0.1,0.1,0.4,3.0,454.0,0.0,0.0,0.12334801762114538
12.0,5.0,32.0,0.1,0.1,0.4,3.0,421.0,0.0,0.0,0.1330166270783848
12.0,5.0,33.0,0.1,0.1,0.4,3.0,413.0,0.0,0.0,0.12832929782082325
12.0,5.0,34.0,0.1,0.1,0.4,3.0,393.0,0.0,0.0,0.13740458015267176
12.0,5.0,35.0,0.1,0.1,0.4,3.0,381.0,0.0,0.0,0.13123359580052493
12.0,5.0,36.0,0.1,0.1,0.4,3.0,363.0,0.0,0.0,0.14325068870523416
12.0,5.0,37.0,0.1,0.1,0.4,3.0,353.0,0.0,0.0,0.1359773371104816
12.0,5.0,38.0,0.1,0.1,0.4,3.0,351.0,0.0,0.0,0.1452991452991453
12.0,5.0,39.0,0.1,0.1,0.4,3.0,352.0,0.0,0.0,0.13636363636363635
12.0,5.0,40.0,0.1,0.1,0.4,3.0,350.0,0.0,0.0,0.1457142857142857
12.0,5.0,41.0,0.1,0.1,0.4,3.0,344.0,0.0,0.0,0.13953488372093023
12.0,5.0,42.0,0.1,0.1,0.4,3.0,340.0,0.0,0.0,0.15
12.0,5.0,43.0,0.1,0.1,0.4,3.0,342.0,0.0,0.0,0.14035087719298245
12.0,5.0,44.0,0.1,0.1,0.4,3.0,338.0,0.0,0.0,0.14792899408284024
12.0,5.0,45.0,0.1,0.1,0.4,3.0,313.0,0.0,0.0,0.2108626198083067
12.0,5.0,46.0,0.1,0.1,0.4,3.0,323.0,0.0,0.0,0.21981424148606812
12.0,5.0,47.0,0.1,0.1,0.4,3.0,311.0,0.0,0.0,0.21221864951768488
12.0,5.0,48.0,0.1,0.1,0.4,3.0,307.0,0.0,0.0,0.22149837133550487
12.0,5.0,49.0,0.1,0.1,0.4,3.0,302.0,0.0,0.0,0.2152317880794702
12.0,5.0,50.0,0.1,0.1,0.4,3.0,305.0,0.0,0.0,0.22950819672131148
12.0,5.0,51.0,0.1,0.1,0.4,3.0,299.0,0.0,0.0,0.21739130434782608
12.0,5.0,52.0,0.1,0.1,0.4,3.0,300.0,0.0,0.0,0.22666666666666666
12.0,6.0,1.0,0.1,0.1,0.4,3.0,295.0,0.0,0.0,0.22033898305084745
12.0,6.0,2.0,0.1,0.1,0.4,3.0,288.0,0.0,0.0,0.23958333333333334
12.0,6.0,3.0,0.1,0.1,0.4,3.0,291.0,0.0,0.0,0.21993127147766323
12.0,6.0,4.0,0.1,0.1,0.4,3.0,282.0,0.0,0.0,0.23404255319148937
12.0,6.0,5.0,0.1,0.1,0.4,3.0,293.0,0.0,0.0,0.22525597269624573
12.0,6.0,6.0,0.1,0.1,0.4,3.0,285.0,0.0,0.0,0.23508771929824562
12.0,6.0,7.0,0.1,0.1,0.4,3.0,288.0,0.0,0.0,0.22569444444444445
12.0,6.0,8.0,0.1,0.1,0.4,3.0,284.0,0.0,0.0,0.23943661971830985
12.0,6.0,9.0,0.1,0.1,0.4,3.0,288.0,0.0,0.0,0.22916666666666666
12.0,6.0,10.0,0.1,0.1,0.4,3.0,283.0,0.0,0.0,0.23674911660777384
12.0,6.0,11.0,0.1,0.1,0.4,3.0,287.0,0.0,0.0,0.22996515679442509
12.0,6.0,12.0,0.1,0.1,0.4,3.0,279.0,0.0,0.0,0.23655913978494625
12.0,6.0,13.0,0.1,0.1,0.4,3.0,288.0,0.0,0.0,0.2326388888888889
12.0,6.0,14.0,0.1,0.1,0.4,3.0,278.0,0.0,0.0,0.23741007194244604
12.0,6.0,15.0,0.1,0.1,0.4,3.0,287.0,0.0,0.0,0.23344947735191637
12.0,6.0,16.0,0.1,0.1,0.4,3.0,280.0,0.0,0.0,0.24285714285714285
12.0,6.0,17.0,0.1,0.1,0.4,3.0,277.0,0.0,0.0,0.23104693140794225
12.0,6.0,18.0,0.1,0.1,0.4,3.0,271.0,0.0,0.0,0.23985239852398524
12.0,6.0,19.0,0.1,0.1,0.4,3.0,277.0,0.0,0.0,0.22743682310469315
12.0,6.0,20.0,0.1,0.1,0.4,3.0,537.0,0.0,0.0,0.12104283054003724
12.0,6.0,21.0,0.1,0.1,0.4,3.0,524.0,0.0,0.0,0.12213740458015267
12.0,6.0,22.0,0.1,0.1,0.4,3.0,523.0,0.0,0.0,0.11854684512428298
12.0,6.0,23.0,0.1,0.1,0.4,3.0,505.0,0.0,0.0,0.12079207920792079
12.0,6.0,24.0,0.1,0.1,0.4,3.0,477.0,0.0,0.0,0.12578616352201258
12.0,6.0,25.0,0.1,0.1,0.4,3.0,456.0,0.0,0.0,0.12938596491228072
12.0,6.0,26.0,0.1,0.1,0.4,3.0,445.0,0.0,0.0,0.12808988764044943
12.0,6.0,27.0,0.1,0.1,0.4,3.0,410.0,0.0,0.0,0.13658536585365855
12.0,6.0,28.0,0.1,0.1,0.4,3.0,420.0,0.0,0.0,0.13095238095238096
12.0,6.0,29.0,0.1,0.1,0.4,3.0,408.0,0.0,0.0,0.13480392156862744
12.0,6.0,30.0,0.1,0.1,0.4,3.0,406.0,0.0,0.0,0.1330049261083744
12.0,6.0,31.0,0.1,0.1,0.4,3.0,394.0,0.0,0.0,0.13705583756345177
12.0,6.0,32.0,0.1,0.1,0.4,3.0,388.0,0.0,0.0,0.13402061855670103
12.0,6.0,33.0,0.1,0.1,0.4,3.0,386.0,0.0,0.0,0.13471502590673576
12.0,6.0,34.0,0.1,0.1,0.4,3.0,387.0,0.0,0.0,0.13178294573643412
12.0,6.0,35.0,0.1,0.1,0.4,3.0,371.0,0.0,0.0,0.1347708894878706
12.0,6.0,36.0,0.1,0.1,0.4,3.0,355.0,0.0,0.0,0.13802816901408452
12.0,6.0,37.0,0.1,0.1,0.4,3.0,344.0,0.0,0.0,0.14244186046511628
12.0,6.0,38.0,0.1,0.1,0.4,3.0,331.0,0.0,0.0,0.14501510574018128
12.0,6.0,39.0,0.1,0.1,0.4,3.0,332.0,0.0,0.0,0.14457831325301204
12.0,6.0,40.0,0.1,0.1,0.4,3.0,334.0,0.0,0.0,0.1407185628742515
12.0,6.0,41.0,0.1,0.1,0.4,3.0,335.0,0.0,0.0,0.1373134328358209
12.0,6.0,42.0,0.1,0.1,0.4,3.0,331.0,0.0,0.0,0.13595166163141995
12.0,6.0,43.0,0.1,0.1,0.4,3.0,323.0,0.0,0.0,0.13312693498452013
12.0,6.0,44.0,0.1,0.1,0.4,3.0,326.0,0.0,0.0,0.13190184049079753
12.0,6.0,45.0,0.1,0.1,0.4,3.0,322.0,0.0,0.0,0.18012422360248448
12.0,6.0,46.0,0.1,0.1,0.4,3.0,324.0,0.0,0.0,0.18209876543209877
12.0,6.0,47.0,0.1,0.1,0.4,3.0,320.0,0.0,0.0,0.175
12.0,6.0,48.0,0.1,0.1,0.4,3.0,313.0,0.0,0.0,0.18210862619808307
12.0,6.0,49.0,0.1,0.1,0.4,3.0,309.0,0.0,0.0,0.1779935275080906
12.0,6.0,50.0,0.1,0.1,0.4,3.0,301.0,0.0,0.0,0.17940199335548174
12.0,6.0,51.0,0.1,0.1,0.4,3.0,299.0,0.0,0.0,0.1806020066889632
12.0,6.0,52.0,0.1,0.1,0.4,3.0,295.0,0.0,0.0,0.17288135593220338
12.0,7.0,1.0,0.1,0.1,0.4,3.0,294.0,0.0,0.0,0.17687074829931973
12.0,7.0,2.0,0.1,0.1,0.4,3.0,293.0,0.0,0.0,0.17747440273037543
12.0,7.0,3.0,0.1,0.1,0.4,3.0,294.0,0.0,0.0,0.18027210884353742
12.0,7.0,4.0,0.1,0.1,0.4,3.0,291.0,0.0,0.0,0.17869415807560138
12.0,7.0,5.0,0.1,0.1,0.4,3.0,294.0,0.0,0.0,0.18027210884353742
12.0,7.0,6.0,0.1,0.1,0.4,3.0,280.0,0.0,0.0,0.18214285714285713
12.0,7.0,7.0,0.1,0.1,0.4,3.0,274.0,0.0,0.0,0.1897810218978102
12.0,7.0,8.0,0.1,0.1,0.4,3.0,271.0,0.0,0.0,0.18450184501845018
12.0,7.0,9.0,0.1,0.1,0.4,3.0,268.0,0.0,0.0,0.1865671641791045
12.0,7.0,10.0,0.1,0.1,0.4,3.0,267.0,0.0,0.0,0.18352059925093633
12.0,7.0,11.0,0.1,0.1,0.4,3.0,267.0,0.0,0.0,0.19101123595505617
12.0,7.0,12.0,0.1,0.1,0.4,3.0,266.0,0.0,0.0,0.18796992481203006
12.0,7.0,13.0,0.1,0.1,0.4,3.0,267.0,0.0,0.0,0.18726591760299627
12.0,7.0,14.0,0.1,0.1,0.4,3.0,263.0,0.0,0.0,0.18631178707224336
12.0,7.0,15.0,0.1,0.1,0.4,3.0,263.0,0.0,0.0,0.19011406844106463
12.0,7.0,16.0,0.1,0.1,0.4,3.0,254.0,0.0,0.0,0.1889763779527559
12.0,7.0,17.0,0.1,0.1,0.4,3.0,259.0,0.0,0.0,0.1891891891891892
12.0,7.0,18.0,0.1,0.1,0.4,3.0,255.0,0.0,0.0,0.19215686274509805
12.0,7.0,19.0,0.1,0.1,0.4,3.0,260.0,0.0,0.0,0.18846153846153846
12.0,7.0,20.0,0.1,0.1,0.4,3.0,466.0,0.0,0.0,0.10300429184549356
12.0,7.0,21.0,0.1,0.1,0.4,3.0,482.0,0.0,0.0,0.1016597510373444
12.0,7.0,22.0,0.1,0.1,0.4,3.0,465.0,0.0,0.0,0.1032258064516129
12.0,7.0,23.0,0.1,0.1,0.4,3.0,463.0,0.0,0.0,0.10151187904967603
12.0,7.0,24.0,0.1,0.1,0.4,3.0,447.0,0.0,0.0,0.1029082774049217
12.0,7.0,25.0,0.1,0.1,0.4,3.0,431.0,0.0,0.0,0.10440835266821345
12.0,7.0,26.0,0.1,0.1,0.4,3.0,434.0,0.0,0.0,0.10368663594470046
12.0,7.0,27.0,0.1,0.1,0.4,3.0,418.0,0.0,0.0,0.1076555023923445
12.0,7.0,28.0,0.1,0.1,0.4,3.0,414.0,0.0,0.0,0.10869565217391304
12.0,7.0,29.0,0.1,0.1,0.4,3.0,400.0,0.0,0.0,0.11
12.0,7.0,30.0,0.1,0.1,0.4,3.0,401.0,0.0,0.0,0.10972568578553615
12.0,7.0,31.0,0.1,0.1,0.4,3.0,400.0,0.0,0.0,0.1075
12.0,7.0,32.0,0.1,0.1,0.4,3.0,401.0,0.0,0.0,0.10723192019950124
12.0,7.0,33.0,0.1,0.1,0.4,3.0,388.0,0.0,0.0,0.10824742268041238
12.0,7.0,34.0,0.1,0.1,0.4,3.0,389.0,0.0,0.0,0.10796915167095116
12.0,7.0,35.0,0.1,0.1,0.4,3.0,378.0,0.0,0.0,0.1111111111111111
12.0,7.0,36.0,0.1,0.1,0.4,3.0,368.0,0.0,0.0,0.11141304347826086
12.0,7.0,37.0,0.1,0.1,0.4,3.0,366.0,0.0,0.0,0.11202185792349727
12.0,7.0,38.0,0.1,0.1,0.4,3.0,368.0,0.0,0.0,0.10869565217391304
12.0,7.0,39.0,0.1,0.1,0.4,3.0,361.0,0.0,0.0,0.11080332409972299
12.0,7.0,40.0,0.1,0.1,0.4,3.0,353.0,0.0,0.0,0.11048158640226628
12.0,7.0,41.0,0.1,0.1,0.4,3.0,342.0,0.0,0.0,0.1111111111111111
12.0,7.0,42.0,0.1,0.1,0.4,3.0,344.0,0.0,0.0,0.10755813953488372
12.0,7.0,43.0,0.1,0.1,0.4,3.0,341.0,0.0,0.0,0.10850439882697947
12.0,7.0,44.0,0.1,0.1,0.4,3.0,334.0,0.0,0.0,0.11077844311377245
12.0,7.0,45.0,0.1,0.1,0.4,3.0,334.0,0.0,0.0,0.17065868263473055
12.0,7.0,46.0,0.1,0.1,0.4,3.0,332.0,0.0,0.0,0.17771084337349397
12.0,7.0,47.0,0.1,0.1,0.4,3.0,325.0,0.0,0.0,0.1723076923076923
12.0,7.0,48.0,0.1,0.1,0.4,3.0,317.0,0.0,0.0,0.17981072555205047
12.0,7.0,49.0,0.1,0.1,0.4,3.0,316.0,0.0,0.0,0.17405063291139242
12.0,7.0,50.0,0.1,0.1,0.4,3.0,314.0,0.0,0.0,0.18152866242038215
12.0,7.0,51.0,0.1,0.1,0.4,3.0,316.0,0.0,0.0,0.17721518987341772
12.0,7.0,52.0,0.1,0.1,0.4,3.0,312.0,0.0,0.0,0.18269230769230768
12.0,8.0,1.0,0.1,0.1,0.4,3.0,314.0,0.0,0.0,0.17834394904458598
12.0,8.0,2.0,0.1,0.1,0.4,3.0,312.0,0.0,0.0,0.18269230769230768
12.0,8.0,3.0,0.1,0.1,0.4,3.0,297.0,0.0,0.0,0.17845117845117844
12.0,8.0,4.0,0.1,0.1,0.4,3.0,296.0,0.0,0.0,0.18243243243243243
12.0,8.0,5.0,0.1,0.1,0.4,3.0,294.0,0.0,0.0,0.18027210884353742
12.0,8.0,6.0,0.1,0.1,0.4,3.0,296.0,0.0,0.0,0.18243243243243243
12.0,8.0,7.0,0.1,0.1,0.4,3.0,295.0,0.0,0.0,0.17966101694915254
12.0,8.0,8.0,0.1,0.1,0.4,3.0,294.0,0.0,0.0,0.1836734693877551
12.0,8.0,9.0,0.1,0.1,0.4,3.0,294.0,0.0,0.0,0.18027210884353742
12.0,8.0,10.0,0.1,0.1,0.4,3.0,293.0,0.0,0.0,0.18430034129692832
12.0,8.0,11.0,0.1,0.1,0.4,3.0,293.0,0.0,0.0,0.18088737201365188
12.0,8.0,12.0,0.1,0.1,0.4,3.0,291.0,0.0,0.0,0.18556701030927836
12.0,8.0,13.0,0.1,0.1,0.4,3.0,292.0,0.0,0.0,0.1815068493150685
12.0,8.0,14.0,0.1,0.1,0.4,3.0,290.0,0.0,0.0,0.18620689655172415
12.0,8.0,15.0,0.1,0.1,0.4,3.0,293.0,0.0,0.0,0.18088737201365188
12.0,8.0,16.0,0.1,0.1,0.4,3.0,290.0,0.0,0.0,0.18620689655172415
12.0,8.0,17.0,0.1,0.1,0.4,3.0,292.0,0.0,0.0,0.1815068493150685
12.0,8.0,18.0,0.1,0.1,0.4,3.0,289.0,0.0,0.0,0.18685121107266436
12.0,8.0,19.0,0.1,0.1,0.4,3.0,279.0,0.0,0.0,0.1863799283154122
12.0,8.0,20.0,0.1,0.1,0.4,3.0,479.0,0.0,0.0,0.11064718162839249
12.0,8.0,21.0,0.1,0.1,0.4,3.0,469.0,0.0,0.0,0.11087420042643924
12.0,8.0,22.0,0.1,0.1,0.4,3.0,469.0,0.0,0.0,0.11300639658848614
12.0,8.0,23.0,0.1,0.1,0.4,3.0,450.0,0.0,0.0,0.11333333333333333
12.0,8.0,24.0,0.1,0.1,0.4,3.0,420.0,0.0,0.0,0.11666666666666667
12.0,8.0,25.0,0.1,0.1,0.4,3.0,369.0,0.0,0.0,0.13008130081300814
12.0,8.0,26.0,0.1,0.1,0.4,3.0,372.0,0.0,0.0,0.13172043010752688
12.0,8.0,27.0,0.1,0.1,0.4,3.0,361.0,0.0,0.0,0.1329639889196676
12.0,8.0,28.0,0.1,0.1,0.4,3.0,363.0,0.0,0.0,0.1349862258953168
12.0,8.0,29.0,0.1,0.1,0.4,3.0,354.0,0.0,0.0,0.13559322033898305
12.0,8.0,30.0,0.1,0.1,0.4,3.0,369.0,0.0,0.0,0.13279132791327913
12.0,8.0,31.0,0.1,0.1,0.4,3.0,334.0,0.0,0.0,0.1407185628742515
12.0,8.0,32.0,0.1,0.1,0.4,3.0,334.0,0.0,0.0,0.1407185628742515
12.0,8.0,33.0,0.1,0.1,0.4,3.0,314.0,0.0,0.0,0.14331210191082802
12.0,8.0,34.0,0.1,0.1,0.4,3.0,318.0,0.0,0.0,0.14465408805031446
12.0,8.0,35.0,0.1,0.1,0.4,3.0,301.0,0.0,0.0,0.14950166112956811
12.0,8.0,36.0,0.1,0.1,0.4,3.0,314.0,0.0,0.0,0.14331210191082802
12.0,8.0,37.0,0.1,0.1,0.4,3.0,306.0,0.0,0.0,0.14705882352941177
12.0,8.0,38.0,0.1,0.1,0.4,3.0,311.0,0.0,0.0,0.14469453376205788
12.0,8.0,39.0,0.1,0.1,0.4,3.0,306.0,0.0,0.0,0.14705882352941177
12.0,8.0,40.0,0.1,0.1,0.4,3.0,303.0,0.0,0.0,0.1485148514851485
12.0,8.0,41.0,0.1,0.1,0.4,3.0,298.0,0.0,0.0,0.1476510067114094
12.0,8.0,42.0,0.1,0.1,0.4,3.0,292.0,0.0,0.0,0.1541095890410959
12.0,8.0,43.0,0.1,0.1,0.4,3.0,286.0,0.0,0.0,0.15384615384615385
12.0,8.0,44.0,0.1,0.1,0.4,3.0,290.0,0.0,0.0,0.15172413793103448
12.0,8.0,45.0,0.1,0.1,0.4,3.0,286.0,0.0,0.0,0.1958041958041958
12.0,8.0,46.0,0.1,0.1,0.4,3.0,284.0,0.0,0.0,0.20422535211267606
12.0,8.0,47.0,0.1,0.1,0.4,3.0,277.0,0.0,0.0,0.20216606498194944
12.0,8.0,48.0,0.1,0.1,0.4,3.0,282.0,0.0,0.0,0.20567375886524822
12.0,8.0,49.0,0.1,0.1,0.4,3.0,275.0,0.0,0.0,0.20363636363636364
12.0,8.0,50.0,0.1,0.1,0.4,3.0,285.0,0.0,0.0,0.20350877192982456
12.0,8.0,51.0,0.1,0.1,0.4,3.0,283.0,0.0,0.0,0.1978798586572438
12.0,8.0,52.0,0.1,0.1,0.4,3.0,282.0,0.0,0.0,0.20212765957446807
12.0,9.0,1.0,0.1,0.1,0.4,3.0,282.0,0.0,0.0,0.19858156028368795
12.0,9.0,2.0,0.1,0.1,0.4,3.0,280.0,0.0,0.0,0.20357142857142857
12.0,9.0,3.0,0.1,0.1,0.4,3.0,279.0,0.0,0.0,0.2007168458781362
12.0,9.0,4.0,0.1,0.1,0.4,3.0,278.0,0.0,0.0,0.20863309352517986
12.0,9.0,5.0,0.1,0.1,0.4,3.0,282.0,0.0,0.0,0.19858156028368795
12.0,9.0,6.0,0.1,0.1,0.4,3.0,277.0,0.0,0.0,0.20938628158844766
12.0,9.0,7.0,0.1,0.1,0.4,3.0,281.0,0.0,0.0,0.199288256227758
12.0,9.0,8.0,0.1,0.1,0.4,3.0,276.0,0.0,0.0,0.21014492753623187
12.0,9.0,9.0,0.1,0.1,0.4,3.0,281.0,0.0,0.0,0.199288256227758
12.0,9.0,10.0,0.1,0.1,0.4,3.0,276.0,0.0,0.0,0.21014492753623187
12.0,9.0,11.0,0.1,0.1,0.4,3.0,279.0,0.0,0.0,0.2007168458781362
12.0,9.0,12.0,0.1,0.1,0.4,3.0,269.0,0.0,0.0,0.21189591078066913
12.0,9.0,13.0,0.1,0.1,0.4,3.0,272.0,0.0,0.0,0.20955882352941177
12.0,9.0,14.0,0.1,0.1,0.4,3.0,273.0,0.0,0.0,0.21245421245421245
12.0,9.0,15.0,0.1,0.1,0.4,3.0,272.0,0.0,0.0,0.20955882352941177
12.0,9.0,16.0,0.1,0.1,0.4,3.0,272.0,0.0,0.0,0.20955882352941177
12.0,9.0,17.0,0.1,0.1,0.4,3.0,272.0,0.0,0.0,0.20588235294117646
12.0,9.0,18.0,0.1,0.1,0.4,3.0,271.0,0.0,0.0,0.21033210332103322
12.0,9.0,19.0,0.1,0.1,0.4,3.0,272.0,0.0,0.0,0.20588235294117646
12.0,9.0,20.0,0.1,0.1,0.4,3.0,507.0,0.0,0.0,0.09072978303747535
12.0,9.0,21.0,0.1,0.1,0.4,3.0,498.0,0.0,0.0,0.08835341365461848
12.0,9.0,22.0,0.1,0.1,0.4,3.0,496.0,0.0,0.0,0.09274193548387097
12.0,9.0,23.0,0.1,0.1,0.4,3.0,500.0,0.0,0.0,0.09
12.0,9.0,24.0,0.1,0.1,0.4,3.0,471.0,0.0,0.0,0.09341825902335456
12.0,9.0,25.0,0.1,0.1,0.4,3.0,463.0,0.0,0.0,0.09287257019438445
12.0,9.0,26.0,0.1,0.1,0.4,3.0,431.0,0.0,0.0,0.09976798143851508
12.0,9.0,27.0,0.1,0.1,0.4,3.0,442.0,0.0,0.0,0.09502262443438914
12.0,9.0,28.0,0.1,0.1,0.4,3.0,432.0,0.0,0.0,0.09722222222222222
12.0,9.0,29.0,0.1,0.1,0.4,3.0,441.0,0.0,0.0,0.09523809523809523
12.0,9.0,30.0,0.1,0.1,0.4,3.0,431.0,0.0,0.0,0.09744779582366589
12.0,9.0,31.0,0.1,0.1,0.4,3.0,420.0,0.0,0.0,0.1
12.0,9.0,32.0,0.1,0.1,0.4,3.0,413.0,0.0,0.0,0.1016949152542373
12.0,9.0,33.0,0.1,0.1,0.4,3.0,414.0,0.0,0.0,0.10144927536231885
12.0,9.0,34.0,0.1,0.1,0.4,3.0,405.0,0.0,0.0,0.10123456790123457
12.0,9.0,35.0,0.1,0.1,0.4,3.0,334.0,0.0,0.0,0.11377245508982035
12.0,9.0,36.0,0.1,0.1,0.4,3.0,329.0,0.0,0.0,0.12158054711246201
12.0,9.0,37.0,0.1,0.1,0.4,3.0,325.0,0.0,0.0,0.11692307692307692
12.0,9.0,38.0,0.1,0.1,0.4,3.0,323.0,0.0,0.0,0.12074303405572756
12.0,9.0,39.0,0.1,0.1,0.4,3.0,319.0,0.0,0.0,0.11598746081504702
12.0,9.0,40.0,0.1,0.1,0.4,3.0,322.0,0.0,0.0,0.12111801242236025
12.0,9.0,41.0,0.1,0.1,0.4,3.0,324.0,0.0,0.0,0.11728395061728394
12.0,9.0,42.0,0.1,0.1,0.4,3.0,307.0,0.0,0.0,0.12052117263843648
12.0,9.0,43.0,0.1,0.1,0.4,3.0,297.0,0.0,0.0,0.12121212121212122
12.0,9.0,44.0,0.1,0.1,0.4,3.0,299.0,0.0,0.0,0.12709030100334448
12.0,9.0,45.0,0.1,0.1,0.4,3.0,297.0,0.0,0.0,0.1919191919191919
12.0,9.0,46.0,0.1,0.1,0.4,3.0,289.0,0.0,0.0,0.1972318339100346
12.0,9.0,47.0,0.1,0.1,0.4,3.0,287.0,0.0,0.0,0.18815331010452963
12.0,9.0,48.0,0.1,0.1,0.4,3.0,289.0,0.0,0.0,0.1972318339100346
12.0,9.0,49.0,0.1,0.1,0.4,3.0,277.0,0.0,0.0,0.19133574007220217
12.0,9.0,50.0,0.1,0.1,0.4,3.0,276.0,0.0,0.0,0.19927536231884058
12.0,9.0,51.0,0.1,0.1,0.4,3.0,280.0,0.0,0.0,0.18571428571428572
12.0,9.0,52.0,0.1,0.1,0.4,3.0,279.0,0.0,0.0,0.1971326164874552
12.0,10.0,1.0,0.1,0.1,0.4,3.0,279.0,0.0,0.0,0.1863799283154122
12.0,10.0,2.0,0.1,0.1,0.4,3.0,274.0,0.0,0.0,0.20072992700729927
12.0,10.0,3.0,0.1,0.1,0.4,3.0,271.0,0.0,0.0,0.1918819188191882
12.0,10.0,4.0,0.1,0.1,0.4,3.0,269.0,0.0,0.0,0.20446096654275092
12.0,10.0,5.0,0.1,0.1,0.4,3.0,269.0,0.0,0.0,0.19330855018587362
12.0,10.0,6.0,0.1,0.1,0.4,3.0,267.0,0.0,0.0,0.20599250936329588
12.0,10.0,7.0,0.1,0.1,0.4,3.0,267.0,0.0,0.0,0.1947565543071161
12.0,10.0,8.0,0.1,0.1,0.4,3.0,259.0,0.0,0.0,0.2084942084942085
12.0,10.0,9.0,0.1,0.1,0.4,3.0,265.0,0.0,0.0,0.2
12.0,10.0,10.0,0.1,0.1,0.4,3.0,258.0,0.0,0.0,0.20930232558139536
12.0,10.0,11.0,0.1,0.1,0.4,3.0,264.0,0.0,0.0,0.20075757575757575
12.0,10.0,12.0,0.1,0.1,0.4,3.0,258.0,0.0,0.0,0.20930232558139536
12.0,10.0,13.0,0.1,0.1,0.4,3.0,266.0,0.0,0.0,0.20300751879699247
12.0,10.0,14.0,0.1,0.1,0.4,3.0,259.0,0.0,0.0,0.2084942084942085
12.0,10.0,15.0,0.1,0.1,0.4,3.0,255.0,0.0,0.0,0.20392156862745098
12.0,10.0,16.0,0.1,0.1,0.4,3.0,246.0,0.0,0.0,0.21544715447154472
12.0,10.0,17.0,0.1,0.1,0.4,3.0,253.0,0.0,0.0,0.20948616600790515
12.0,10.0,18.0,0.1,0.1,0.4,3.0,247.0,0.0,0.0,0.21862348178137653
12.0,10.0,19.0,0.1,0.1,0.4,3.0,249.0,0.0,0.0,0.21285140562248997
12.0,10.0,20.0,0.1,0.1,0.4,3.0,456.0,0.0,0.0,0.10087719298245613
12.0,10.0,21.0,0.1,0.1,0.4,3.0,419.0,0.0,0.0,0.10739856801909307
12.0,10.0,22.0,0.1,0.1,0.4,3.0,403.0,0.0,0.0,0.10918114143920596
12.0,10.0,23.0,0.1,0.1,0.4,3.0,385.0,0.0,0.0,0.11168831168831168
12.0,10.0,24.0,0.1,0.1,0.4,3.0,388.0,0.0,0.0,0.1134020618556701
12.0,10.0,25.0,0.1,0.1,0.4,3.0,373.0,0.0,0.0,0.1126005361930295
12.0,10.0,26.0,0.1,0.1,0.4,3.0,366.0,0.0,0.0,0.11475409836065574
12.0,10.0,27.0,0.1,0.1,0.4,3.0,361.0,0.0,0.0,0.11357340720221606
12.0,10.0,28.0,0.1,0.1,0.4,3.0,364.0,0.0,0.0,0.11538461538461539
12.0,10.0,29.0,0.1,0.1,0.4,3.0,344.0,0.0,0.0,0.11337209302325581
12.0,10.0,30.0,0.1,0.1,0.4,3.0,329.0,0.0,0.0,0.12158054711246201
12.0,10.0,31.0,0.1,0.1,0.4,3.0,323.0,0.0,0.0,0.12074303405572756
12.0,10.0,32.0,0.1,0.1,0.4,3.0,329.0,0.0,0.0,0.12158054711246201
12.0,10.0,33.0,0.1,0.1,0.4,3.0,305.0,0.0,0.0,0.12786885245901639
12.0,10.0,34.0,0.1,0.1,0.4,3.0,304.0,0.0,0.0,0.13157894736842105
12.0,10.0,35.0,0.1,0.1,0.4,3.0,304.0,0.0,0.0,0.12828947368421054
12.0,10.0,36.0,0.1,0.1,0.4,3.0,296.0,0.0,0.0,0.13513513513513514
12.0,10.0,37.0,0.1,0.1,0.4,3.0,282.0,0.0,0.0,0.13829787234042554
12.0,10.0,38.0,0.1,0.1,0.4,3.0,281.0,0.0,0.0,0.1423487544483986
12.0,10.0,39.0,0.1,0.1,0.4,3.0,282.0,0.0,0.0,0.13829787234042554
12.0,10.0,40.0,0.1,0.1,0.4,3.0,272.0,0.0,0.0,0.14705882352941177
12.0,10.0,41.0,0.1,0.1,0.4,3.0,268.0,0.0,0.0,0.1455223880597015
12.0,10.0,42.0,0.1,0.1,0.4,3.0,274.0,0.0,0.0,0.14233576642335766
12.0,10.0,43.0,0.1,0.1,0.4,3.0,272.0,0.0,0.0,0.13970588235294118
12.0,10.0,44.0,0.1,0.1,0.4,3.0,272.0,0.0,0.0,0.14705882352941177
12.0,10.0,45.0,0.1,0.1,0.4,3.0,272.0,0.0,0.0,0.18382352941176472
12.0,10.0,46.0,0.1,0.1,0.4,3.0,276.0,0.0,0.0,0.19927536231884058
12.0,10.0,47.0,0.1,0.1,0.4,3.0,272.0,0.0,0.0,0.18382352941176472
12.0,10.0,48.0,0.1,0.1,0.4,3.0,274.0,0.0,0.0,0.19708029197080293
12.0,10.0,49.0,0.1,0.1,0.4,3.0,271.0,0.0,0.0,0.18450184501845018
12.0,10.0,50.0,0.1,0.1,0.4,3.0,265.0,0.0,0.0,0.19622641509433963
12.0,10.0,51.0,0.1,0.1,0.4,3.0,268.0,0.0,0.0,0.1828358208955224
12.0,10.0,52.0,0.1,0.1,0.4,3.0,265.0,0.0,0.0,0.2
13.0,1.0,1.0,0.1,0.1,0.4,3.0,5200.0,44.0,8.0,0.0998076923076923
13.0,1.0,2.0,0.1,0.1,0.4,3.0,5069.0,52.0,24.0,0.10120339317419609
13.0,1.0,3.0,0.1,0.1,0.4,3.0,4881.0,66.0,33.0,0.09997951239500102
13.0,1.0,4.0,0.1,0.1,0.4,3.0,4799.0,76.0,31.0,0.10168785163575746
13.0,1.0,5.0,0.1,0.1,0.4,3.0,4779.0,90.0,28.0,0.10357815442561205
13.0,1.0,6.0,0.1,0.1,0.4,3.0,4634.0,116.0,34.0,0.1037980146741476
13.0,1.0,7.0,0.1,0.1,0.4,3.0,4460.0,151.0,47.0,0.10426008968609865
13.0,1.0,8.0,0.1,0.1,0.4,3.0,4303.0,188.0,70.0,0.1027190332326284
13.0,1.0,9.0,0.1,0.1,0.4,3.0,4163.0,197.0,80.0,0.10233005044439106
13.0,1.0,10.0,0.1,0.1,0.4,3.0,3980.0,225.0,96.0,0.10251256281407035
13.0,1.0,11.0,0.1,0.1,0.4,3.0,3827.0,243.0,97.0,0.10112359550561797
13.0,1.0,12.0,0.1,0.1,0.4,3.0,3650.0,260.0,105.0,0.1010958904109589
13.0,1.0,13.0,0.1,0.1,0.4,3.0,3420.0,263.0,102.0,0.10146198830409357
13.0,1.0,14.0,0.1,0.1,0.4,3.0,3299.0,257.0,112.0,0.10306153379812064
13.0,1.0,15.0,0.1,0.1,0.4,3.0,3188.0,267.0,126.0,0.10414052697616061
13.0,1.0,16.0,0.1,0.1,0.4,3.0,3004.0,275.0,127.0,0.10685752330226365
13.0,1.0,17.0,0.1,0.1,0.4,3.0,2859.0,256.0,118.0,0.10703043022035677
13.0,1.0,18.0,0.1,0.1,0.4,3.0,2757.0,251.0,123.0,0.10700036271309395
13.0,1.0,19.0,0.1,0.1,0.4,3.0,2651.0,240.0,121.0,0.1093926820067899
13.0,1.0,20.0,0.1,0.1,0.4,3.0,7277.0,224.0,121.0,0.03943932939398104
13.0,1.0,21.0,0.1,0.1,0.4,3.0,6545.0,298.0,111.0,0.04094728800611153
13.0,1.0,22.0,0.1,0.1,0.4,3.0,5913.0,345.0,112.0,0.04126500930153898
13.0,1.0,23.0,0.1,0.1,0.4,3.0,5224.0,385.0,128.0,0.04326186830015314
13.0,1.0,24.0,0.1,0.1,0.4,3.0,4672.0,386.0,141.0,0.04452054794520548
13.0,1.0,25.0,0.1,0.1,0.4,3.0,4232.0,388.0,160.0,0.046313799621928164
13.0,1.0,26.0,0.1,0.1,0.4,3.0,3808.0,365.0,156.0,0.0467436974789916
13.0,1.0,27.0,0.1,0.1,0.4,3.0,3489.0,349.0,172.0,0.049011177987962166
13.0,1.0,28.0,0.1,0.1,0.4,3.0,3199.0,333.0,164.0,0.05001562988433886
13.0,1.0,29.0,0.1,0.1,0.4,3.0,2961.0,315.0,154.0,0.05167173252279635
13.0,1.0,30.0,0.1,0.1,0.4,3.0,2824.0,320.0,139.0,0.05276203966005666
13.0,1.0,31.0,0.1,0.1,0.4,3.0,2666.0,313.0,126.0,0.05588897224306077
13.0,1.0,32.0,0.1,0.1,0.4,3.0,2460.0,299.0,147.0,0.05609756097560976
13.0,1.0,33.0,0.1,0.1,0.4,3.0,2320.0,276.0,143.0,0.059051724137931035
13.0,1.0,34.0,0.1,0.1,0.4,3.0,2193.0,283.0,140.0,0.05973552211582307
13.0,1.0,35.0,0.1,0.1,0.4,3.0,2037.0,262.0,118.0,0.06332842415316642
13.0,1.0,36.0,0.1,0.1,0.4,3.0,1926.0,265.0,105.0,0.06542056074766354
13.0,1.0,37.0,0.1,0.1,0.4,3.0,1821.0,251.0,118.0,0.0686436024162548
13.0,1.0,38.0,0.1,0.1,0.4,3.0,1733.0,249.0,107.0,0.07039815349105598
13.0,1.0,39.0,0.1,0.1,0.4,3.0,1646.0,249.0,110.0,0.07351154313487242
13.0,1.0,40.0,0.1,0.1,0.4,3.0,1508.0,208.0,86.0,0.07692307692307693
13.0,1.0,41.0,0.1,0.1,0.4,3.0,1443.0,204.0,105.0,0.07969507969507969
13.0,1.0,42.0,0.1,0.1,0.4,3.0,1370.0,204.0,103.0,0.08321167883211679
13.0,1.0,43.0,0.1,0.1,0.4,3.0,1321.0,202.0,106.0,0.08705526116578349
13.0,1.0,44.0,0.1,0.1,0.4,3.0,1224.0,162.0,82.0,0.0915032679738562
13.0,1.0,45.0,0.1,0.1,0.4,3.0,1151.0,150.0,81.0,0.15638575152041703
13.0,1.0,46.0,0.1,0.1,0.4,3.0,1052.0,119.0,70.0,0.1634980988593156
13.0,1.0,47.0,0.1,0.1,0.4,3.0,986.0,111.0,59.0,0.17342799188640973
13.0,1.0,48.0,0.1,0.1,0.4,3.0,935.0,97.0,50.0,0.17754010695187167
13.0,1.0,49.0,0.1,0.1,0.4,3.0,896.0,84.0,41.0,0.18526785714285715
13.0,1.0,50.0,0.1,0.1,0.4,3.0,886.0,83.0,43.0,0.1873589164785553
13.0,1.0,51.0,0.1,0.1,0.4,3.0,860.0,78.0,37.0,0.1883720930232558
13.0,1.0,52.0,0.1,0.1,0.4,3.0,851.0,77.0,39.0,0.19153936545240893
13.0,2.0,1.0,0.1,0.1,0.4,3.0,828.0,73.0,34.0,0.19685990338164253
13.0,2.0,2.0,0.1,0.1,0.4,3.0,812.0,68.0,38.0,0.19827586206896552
13.0,2.0,3.0,0.1,0.1,0.4,3.0,777.0,57.0,31.0,0.1969111969111969
13.0,2.0,4.0,0.1,0.1,0.4,3.0,756.0,50.0,35.0,0.20238095238095238
13.0,2.0,5.0,0.1,0.1,0.4,3.0,734.0,45.0,30.0,0.20708446866485014
13.0,2.0,6.0,0.1,0.1,0.4,3.0,718.0,46.0,25.0,0.20891364902506965
13.0,2.0,7.0,0.1,0.1,0.4,3.0,699.0,33.0,13.0,0.21316165951359084
13.0,2.0,8.0,0.1,0.1,0.4,3.0,692.0,25.0,12.0,0.21676300578034682
13.0,2.0,9.0,0.1,0.1,0.4,3.0,676.0,27.0,14.0,0.21745562130177515
13.0,2.0,10.0,0.1,0.1,0.4,3.0,668.0,28.0,17.0,0.22005988023952097
13.0,2.0,11.0,0.1,0.1,0.4,3.0,657.0,21.0,14.0,0.2237442922374429
13.0,2.0,12.0,0.1,0.1,0.4,3.0,653.0,21.0,13.0,0.225114854517611
13.0,2.0,13.0,0.1,0.1,0.4,3.0,642.0,17.0,10.0,0.22897196261682243
13.0,2.0,14.0,0.1,0.1,0.4,3.0,632.0,15.0,7.0,0.22626582278481014
13.0,2.0,15.0,0.1,0.1,0.4,3.0,627.0,13.0,9.0,0.22807017543859648
13.0,2.0,16.0,0.1,0.1,0.4,3.0,620.0,10.0,7.0,0.22903225806451613
13.0,2.0,17.0,0.1,0.1,0.4,3.0,617.0,9.0,8.0,0.22852512155591573
13.0,2.0,18.0,0.1,0.1,0.4,3.0,610.0,8.0,4.0,0.23114754098360657
13.0,2.0,19.0,0.1,0.1,0.4,3.0,606.0,7.0,4.0,0.23102310231023102
13.0,2.0,20.0,0.1,0.1,0.4,3.0,1162.0,4.0,2.0,0.11876075731497418
13.0,2.0,21.0,0.1,0.1,0.4,3.0,1122.0,6.0,4.0,0.11853832442067737
13.0,2.0,22.0,0.1,0.1,0.4,3.0,1105.0,12.0,5.0,0.12036199095022625
13.0,2.0,23.0,0.1,0.1,0.4,3.0,1046.0,14.0,5.0,0.121414913957935
13.0,2.0,24.0,0.1,0.1,0.4,3.0,1007.0,10.0,4.0,0.12313803376365443
13.0,2.0,25.0,0.1,0.1,0.4,3.0,982.0,10.0,4.0,0.12627291242362526
13.0,2.0,26.0,0.1,0.1,0.4,3.0,950.0,15.0,6.0,0.12947368421052632
13.0,2.0,27.0,0.1,0.1,0.4,3.0,896.0,15.0,6.0,0.13616071428571427
13.0,2.0,28.0,0.1,0.1,0.4,3.0,871.0,17.0,6.0,0.13662456946039037
13.0,2.0,29.0,0.1,0.1,0.4,3.0,839.0,18.0,8.0,0.14183551847437426
13.0,2.0,30.0,0.1,0.1,0.4,3.0,835.0,18.0,8.0,0.14131736526946106
13.0,2.0,31.0,0.1,0.1,0.4,3.0,800.0,20.0,9.0,0.1475
13.0,2.0,32.0,0.1,0.1,0.4,3.0,768.0,22.0,7.0,0.1484375
13.0,2.0,33.0,0.1,0.1,0.4,3.0,759.0,19.0,10.0,0.14888010540184454
13.0,2.0,34.0,0.1,0.1,0.4,3.0,746.0,18.0,10.0,0.15013404825737264
13.0,2.0,35.0,0.1,0.1,0.4,3.0,704.0,17.0,8.0,0.1534090909090909
13.0,2.0,36.0,0.1,0.1,0.4,3.0,671.0,14.0,6.0,0.15797317436661698
13.0,2.0,37.0,0.1,0.1,0.4,3.0,653.0,16.0,3.0,0.16079632465543645
13.0,2.0,38.0,0.1,0.1,0.4,3.0,638.0,17.0,4.0,0.16300940438871472
13.0,2.0,39.0,0.1,0.1,0.4,3.0,619.0,14.0,6.0,0.16155088852988692
13.0,2.0,40.0,0.1,0.1,0.4,3.0,599.0,14.0,12.0,0.1669449081803005
13.0,2.0,41.0,0.1,0.1,0.4,3.0,584.0,14.0,12.0,0.1660958904109589
13.0,2.0,42.0,0.1,0.1,0.4,3.0,571.0,11.0,8.0,0.17162872154115585
13.0,2.0,43.0,0.1,0.1,0.4,3.0,552.0,7.0,3.0,0.17391304347826086
13.0,2.0,44.0,0.1,0.1,0.4,3.0,546.0,8.0,3.0,0.17399267399267399
13.0,2.0,45.0,0.1,0.1,0.4,3.0,520.0,6.0,4.0,0.25
13.0,2.0,46.0,0.1,0.1,0.4,3.0,510.0,6.0,3.0,0.2568627450980392
13.0,2.0,47.0,0.1,0.1,0.4,3.0,505.0,5.0,3.0,0.25742574257425743
13.0,2.0,48.0,0.1,0.1,0.4,3.0,500.0,4.0,2.0,0.262
13.0,2.0,49.0,0.1,0.1,0.4,3.0,496.0,5.0,2.0,0.2600806451612903
13.0,2.0,50.0,0.1,0.1,0.4,3.0,497.0,4.0,1.0,0.2595573440643863
13.0,2.0,51.0,0.1,0.1,0.4,3.0,487.0,3.0,1.0,0.2587268993839836
13.0,2.0,52.0,0.1,0.1,0.4,3.0,480.0,3.0,3.0,0.25625
13.0,3.0,1.0,0.1,0.1,0.4,3.0,472.0,5.0,3.0,0.2563559322033898
13.0,3.0,2.0,0.1,0.1,0.4,3.0,473.0,5.0,2.0,0.25792811839323465
13.0,3.0,3.0,0.1,0.1,0.4,3.0,469.0,3.0,1.0,0.255863539445629
13.0,3.0,4.0,0.1,0.1,0.4,3.0,469.0,3.0,2.0,0.255863539445629
13.0,3.0,5.0,0.1,0.1,0.4,3.0,463.0,4.0,2.0,0.2526997840172786
13.0,3.0,6.0,0.1,0.1,0.4,3.0,463.0,5.0,1.0,0.2548596112311015
13.0,3.0,7.0,0.1,0.1,0.4,3.0,459.0,4.0,1.0,0.2549019607843137
13.0,3.0,8.0,0.1,0.1,0.4,3.0,460.0,4.0,3.0,0.2565217391304348
13.0,3.0,9.0,0.1,0.1,0.4,3.0,457.0,5.0,3.0,0.25601750547045954
13.0,3.0,10.0,0.1,0.1,0.4,3.0,456.0,4.0,2.0,0.25877192982456143
13.0,3.0,11.0,0.1,0.1,0.4,3.0,451.0,3.0,1.0,0.25942350332594233
13.0,3.0,12.0,0.1,0.1,0.4,3.0,452.0,3.0,2.0,0.2610619469026549
13.0,3.0,13.0,0.1,0.1,0.4,3.0,449.0,3.0,3.0,0.2583518930957684
13.0,3.0,14.0,0.1,0.1,0.4,3.0,443.0,3.0,2.0,0.2618510158013544
13.0,3.0,15.0,0.1,0.1,0.4,3.0,439.0,3.0,2.0,0.25968109339407747
13.0,3.0,16.0,0.1,0.1,0.4,3.0,421.0,2.0,1.0,0.26365795724465557
13.0,3.0,17.0,0.1,0.1,0.4,3.0,420.0,2.0,2.0,0.2619047619047619
13.0,3.0,18.0,0.1,0.1,0.4,3.0,417.0,1.0,1.0,0.26139088729016785
13.0,3.0,19.0,0.1,0.1,0.4,3.0,414.0,2.0,1.0,0.2608695652173913
13.0,3.0,20.0,0.1,0.1,0.4,3.0,869.0,1.0,0.0,0.12543153049482164
13.0,3.0,21.0,0.1,0.1,0.4,3.0,817.0,1.0,1.0,0.12729498164014688
13.0,3.0,22.0,0.1,0.1,0.4,3.0,809.0,1.0,1.0,0.1273176761433869
13.0,3.0,23.0,0.1,0.1,0.4,3.0,777.0,1.0,1.0,0.1274131274131274
13.0,3.0,24.0,0.1,0.1,0.4,3.0,778.0,0.0,0.0,0.12724935732647816
13.0,3.0,25.0,0.1,0.1,0.4,3.0,761.0,0.0,0.0,0.1287779237844941
13.0,3.0,26.0,0.1,0.1,0.4,3.0,743.0,0.0,0.0,0.13055181695827725
13.0,3.0,27.0,0.1,0.1,0.4,3.0,713.0,0.0,0.0,0.1332398316970547
13.0,3.0,28.0,0.1,0.1,0.4,3.0,679.0,0.0,0.0,0.13549337260677466
13.0,3.0,29.0,0.1,0.1,0.4,3.0,650.0,0.0,0.0,0.13692307692307693
13.0,3.0,30.0,0.1,0.1,0.4,3.0,658.0,0.0,0.0,0.13677811550151975
13.0,3.0,31.0,0.1,0.1,0.4,3.0,638.0,0.0,0.0,0.13793103448275862
13.0,3.0,32.0,0.1,0.1,0.4,3.0,627.0,0.0,0.0,0.13556618819776714
13.0,3.0,33.0,0.1,0.1,0.4,3.0,605.0,0.0,0.0,0.13884297520661157
13.0,3.0,34.0,0.1,0.1,0.4,3.0,606.0,0.0,0.0,0.14026402640264027
13.0,3.0,35.0,0.1,0.1,0.4,3.0,585.0,0.0,0.0,0.14358974358974358
13.0,3.0,36.0,0.1,0.1,0.4,3.0,575.0,0.0,0.0,0.1443478260869565
13.0,3.0,37.0,0.1,0.1,0.4,3.0,566.0,0.0,0.0,0.14840989399293286
13.0,3.0,38.0,0.1,0.1,0.4,3.0,568.0,0.0,0.0,0.1443661971830986
13.0,3.0,39.0,0.1,0.1,0.4,3.0,548.0,0.0,0.0,0.1478102189781022
13.0,3.0,40.0,0.1,0.1,0.4,3.0,534.0,0.0,0.0,0.14606741573033707
13.0,3.0,41.0,0.1,0.1,0.4,3.0,521.0,0.0,0.0,0.14971209213051823
13.0,3.0,42.0,0.1,0.1,0.4,3.0,514.0,0.0,0.0,0.14591439688715954
13.0,3.0,43.0,0.1,0.1,0.4,3.0,489.0,0.0,0.0,0.15337423312883436
13.0,3.0,44.0,0.1,0.1,0.4,3.0,485.0,0.0,0.0,0.15051546391752577
13.0,3.0,45.0,0.1,0.1,0.4,3.0,458.0,0.0,0.0,0.21397379912663755
13.0,3.0,46.0,0.1,0.1,0.4,3.0,449.0,0.0,0.0,0.2071269487750557
13.0,3.0,47.0,0.1,0.1,0.4,3.0,433.0,0.0,0.0,0.21709006928406466
13.0,3.0,48.0,0.1,0.1,0.4,3.0,421.0,0.0,0.0,0.2161520190023753
13.0,3.0,49.0,0.1,0.1,0.4,3.0,423.0,0.0,0.0,0.2198581560283688
13.0,3.0,50.0,0.1,0.1,0.4,3.0,419.0,0.0,0.0,0.2171837708830549
13.0,3.0,51.0,0.1,0.1,0.4,3.0,418.0,0.0,0.0,0.22009569377990432
13.0,3.0,52.0,0.1,0.1,0.4,3.0,408.0,0.0,0.0,0.2181372549019608
13.0,4.0,1.0,0.1,0.1,0.4,3.0,408.0,0.0,0.0,0.22058823529411764
13.0,4.0,2.0,0.1,0.1,0.4,3.0,405.0,0.0,0.0,0.21728395061728395
13.0,4.0,3.0,0.1,0.1,0.4,3.0,404.0,0.0,0.0,0.2202970297029703
13.0,4.0,4.0,0.1,0.1,0.4,3.0,400.0,0.0,0.0,0.2175
13.0,4.0,5.0,0.1,0.1,0.4,3.0,403.0,0.0,0.0,0.22084367245657568
13.0,4.0,6.0,0.1,0.1,0.4,3.0,399.0,0.0,0.0,0.21553884711779447
13.0,4.0,7.0,0.1,0.1,0.4,3.0,400.0,0.0,0.0,0.2175
13.0,4.0,8.0,0.1,0.1,0.4,3.0,392.0,0.0,0.0,0.21683673469387754
13.0,4.0,9.0,0.1,0.1,0.4,3.0,394.0,0.0,0.0,0.22081218274111675
13.0,4.0,10.0,0.1,0.1,0.4,3.0,389.0,0.0,0.0,0.2185089974293059
13.0,4.0,11.0,0.1,0.1,0.4,3.0,392.0,0.0,0.0,0.22193877551020408
13.0,4.0,12.0,0.1,0.1,0.4,3.0,387.0,0.0,0.0,0.21963824289405684
13.0,4.0,13.0,0.1,0.1,0.4,3.0,387.0,0.0,0.0,0.21963824289405684
13.0,4.0,14.0,0.1,0.1,0.4,3.0,383.0,0.0,0.0,0.21671018276762402
13.0,4.0,15.0,0.1,0.1,0.4,3.0,386.0,0.0,0.0,0.22020725388601037
13.0,4.0,16.0,0.1,0.1,0.4,3.0,383.0,0.0,0.0,0.21671018276762402
13.0,4.0,17.0,0.1,0.1,0.4,3.0,384.0,0.0,0.0,0.22135416666666666
13.0,4.0,18.0,0.1,0.1,0.4,3.0,380.0,0.0,0.0,0.21578947368421053
13.0,4.0,19.0,0.1,0.1,0.4,3.0,382.0,0.0,0.0,0.21727748691099477
13.0,4.0,20.0,0.1,0.1,0.4,3.0,696.0,0.0,0.0,0.11637931034482758
13.0,4.0,21.0,0.1,0.1,0.4,3.0,680.0,0.0,0.0,0.12058823529411765
13.0,4.0,22.0,0.1,0.1,0.4,3.0,647.0,0.0,0.0,0.1205564142194745
13.0,4.0,23.0,0.1,0.1,0.4,3.0,639.0,0.0,0.0,0.12206572769953052
13.0,4.0,24.0,0.1,0.1,0.4,3.0,611.0,0.0,0.0,0.12274959083469722
13.0,4.0,25.0,0.1,0.1,0.4,3.0,594.0,0.0,0.0,0.12794612794612795
13.0,4.0,26.0,0.1,0.1,0.4,3.0,581.0,0.0,0.0,0.12564543889845095
13.0,4.0,27.0,0.1,0.1,0.4,3.0,574.0,0.0,0.0,0.12717770034843207
13.0,4.0,28.0,0.1,0.1,0.4,3.0,563.0,0.0,0.0,0.1261101243339254
13.0,4.0,29.0,0.1,0.1,0.4,3.0,554.0,0.0,0.0,0.12815884476534295
13.0,4.0,30.0,0.1,0.1,0.4,3.0,531.0,0.0,0.0,0.12994350282485875
13.0,4.0,31.0,0.1,0.1,0.4,3.0,526.0,0.0,0.0,0.12927756653992395
13.0,4.0,32.0,0.1,0.1,0.4,3.0,503.0,0.0,0.0,0.12922465208747516
13.0,4.0,33.0,0.1,0.1,0.4,3.0,489.0,0.0,0.0,0.13496932515337423
13.0,4.0,34.0,0.1,0.1,0.4,3.0,471.0,0.0,0.0,0.1337579617834395
13.0,4.0,35.0,0.1,0.1,0.4,3.0,475.0,0.0,0.0,0.1368421052631579
13.0,4.0,36.0,0.1,0.1,0.4,3.0,450.0,0.0,0.0,0.13333333333333333
13.0,4.0,37.0,0.1,0.1,0.4,3.0,448.0,0.0,0.0,0.13616071428571427
13.0,4.0,38.0,0.1,0.1,0.4,3.0,442.0,0.0,0.0,0.13122171945701358
13.0,4.0,39.0,0.1,0.1,0.4,3.0,445.0,0.0,0.0,0.1348314606741573
13.0,4.0,40.0,0.1,0.1,0.4,3.0,432.0,0.0,0.0,0.13194444444444445
13.0,4.0,41.0,0.1,0.1,0.4,3.0,431.0,0.0,0.0,0.1345707656612529
13.0,4.0,42.0,0.1,0.1,0.4,3.0,402.0,0.0,0.0,0.13681592039800994
13.0,4.0,43.0,0.1,0.1,0.4,3.0,392.0,0.0,0.0,0.14285714285714285
13.0,4.0,44.0,0.1,0.1,0.4,3.0,388.0,0.0,0.0,0.13917525773195877
13.0,4.0,45.0,0.1,0.1,0.4,3.0,390.0,0.0,0.0,0.2128205128205128
13.0,4.0,46.0,0.1,0.1,0.4,3.0,387.0,0.0,0.0,0.20930232558139536
13.0,4.0,47.0,0.1,0.1,0.4,3.0,388.0,0.0,0.0,0.21391752577319587
13.0,4.0,48.0,0.1,0.1,0.4,3.0,383.0,0.0,0.0,0.20887728459530025
13.0,4.0,49.0,0.1,0.1,0.4,3.0,376.0,0.0,0.0,0.2074468085106383
13.0,4.0,50.0,0.1,0.1,0.4,3.0,373.0,0.0,0.0,0.2037533512064343
13.0,4.0,51.0,0.1,0.1,0.4,3.0,374.0,0.0,0.0,0.20855614973262032
13.0,4.0,52.0,0.1,0.1,0.4,3.0,370.0,0.0,0.0,0.20270270270270271
13.0,5.0,1.0,0.1,0.1,0.4,3.0,364.0,0.0,0.0,0.20604395604395603
13.0,5.0,2.0,0.1,0.1,0.4,3.0,362.0,0.0,0.0,0.20165745856353592
13.0,5.0,3.0,0.1,0.1,0.4,3.0,364.0,0.0,0.0,0.20604395604395603
13.0,5.0,4.0,0.1,0.1,0.4,3.0,362.0,0.0,0.0,0.20165745856353592
13.0,5.0,5.0,0.1,0.1,0.4,3.0,363.0,0.0,0.0,0.2066115702479339
13.0,5.0,6.0,0.1,0.1,0.4,3.0,360.0,0.0,0.0,0.2
13.0,5.0,7.0,0.1,0.1,0.4,3.0,362.0,0.0,0.0,0.20441988950276244
13.0,5.0,8.0,0.1,0.1,0.4,3.0,358.0,0.0,0.0,0.2011173184357542
13.0,5.0,9.0,0.1,0.1,0.4,3.0,350.0,0.0,0.0,0.2
13.0,5.0,10.0,0.1,0.1,0.4,3.0,347.0,0.0,0.0,0.19596541786743515
13.0,5.0,11.0,0.1,0.1,0.4,3.0,348.0,0.0,0.0,0.19827586206896552
13.0,5.0,12.0,0.1,0.1,0.4,3.0,345.0,0.0,0.0,0.19420289855072465
13.0,5.0,13.0,0.1,0.1,0.4,3.0,344.0,0.0,0.0,0.19767441860465115
13.0,5.0,14.0,0.1,0.1,0.4,3.0,341.0,0.0,0.0,0.1935483870967742
13.0,5.0,15.0,0.1,0.1,0.4,3.0,343.0,0.0,0.0,0.19825072886297376
13.0,5.0,16.0,0.1,0.1,0.4,3.0,341.0,0.0,0.0,0.1935483870967742
13.0,5.0,17.0,0.1,0.1,0.4,3.0,341.0,0.0,0.0,0.19941348973607037
13.0,5.0,18.0,0.1,0.1,0.4,3.0,339.0,0.0,0.0,0.19469026548672566
13.0,5.0,19.0,0.1,0.1,0.4,3.0,339.0,0.0,0.0,0.20058997050147492
13.0,5.0,20.0,0.1,0.1,0.4,3.0,636.0,0.0,0.0,0.10377358490566038
13.0,5.0,21.0,0.1,0.1,0.4,3.0,580.0,0.0,0.0,0.11206896551724138
13.0,5.0,22.0,0.1,0.1,0.4,3.0,546.0,0.0,0.0,0.10989010989010989
13.0,5.0,23.0,0.1,0.1,0.4,3.0,535.0,0.0,0.0,0.11401869158878504
13.0,5.0,24.0,0.1,0.1,0.4,3.0,492.0,0.0,0.0,0.11178861788617886
13.0,5.0,25.0,0.1,0.1,0.4,3.0,474.0,0.0,0.0,0.11814345991561181
13.0,5.0,26.0,0.1,0.1,0.4,3.0,461.0,0.0,0.0,0.11713665943600868
13.0,5.0,27.0,0.1,0.1,0.4,3.0,438.0,0.0,0.0,0.12100456621004566
13.0,5.0,28.0,0.1,0.1,0.4,3.0,436.0,0.0,0.0,0.11697247706422019
13.0,5.0,29.0,0.1,0.1,0.4,3.0,428.0,0.0,0.0,0.12383177570093458
13.0,5.0,30.0,0.1,0.1,0.4,3.0,424.0,0.0,0.0,0.1179245283018868
13.0,5.0,31.0,0.1,0.1,0.4,3.0,426.0,0.0,0.0,0.12206572769953052
13.0,5.0,32.0,0.1,0.1,0.4,3.0,408.0,0.0,0.0,0.11764705882352941
13.0,5.0,33.0,0.1,0.1,0.4,3.0,410.0,0.0,0.0,0.12195121951219512
13.0,5.0,34.0,0.1,0.1,0.4,3.0,397.0,0.0,0.0,0.11586901763224182
13.0,5.0,35.0,0.1,0.1,0.4,3.0,399.0,0.0,0.0,0.12030075187969924
13.0,5.0,36.0,0.1,0.1,0.4,3.0,388.0,0.0,0.0,0.11597938144329897
13.0,5.0,37.0,0.1,0.1,0.4,3.0,382.0,0.0,0.0,0.12041884816753927
13.0,5.0,38.0,0.1,0.1,0.4,3.0,364.0,0.0,0.0,0.12087912087912088
13.0,5.0,39.0,0.1,0.1,0.4,3.0,366.0,0.0,0.0,0.12568306010928962
13.0,5.0,40.0,0.1,0.1,0.4,3.0,349.0,0.0,0.0,0.12034383954154727
13.0,5.0,41.0,0.1,0.1,0.4,3.0,351.0,0.0,0.0,0.12535612535612536
13.0,5.0,42.0,0.1,0.1,0.4,3.0,340.0,0.0,0.0,0.12352941176470589
13.0,5.0,43.0,0.1,0.1,0.4,3.0,342.0,0.0,0.0,0.1286549707602339
13.0,5.0,44.0,0.1,0.1,0.4,3.0,331.0,0.0,0.0,0.1268882175226586
13.0,5.0,45.0,0.1,0.1,0.4,3.0,324.0,0.0,0.0,0.18518518518518517
13.0,5.0,46.0,0.1,0.1,0.4,3.0,322.0,0.0,0.0,0.18012422360248448
13.0,5.0,47.0,0.1,0.1,0.4,3.0,324.0,0.0,0.0,0.18518518518518517
13.0,5.0,48.0,0.1,0.1,0.4,3.0,322.0,0.0,0.0,0.18012422360248448
13.0,5.0,49.0,0.1,0.1,0.4,3.0,324.0,0.0,0.0,0.18518518518518517
13.0,5.0,50.0,0.1,0.1,0.4,3.0,322.0,0.0,0.0,0.18012422360248448
13.0,5.0,51.0,0.1,0.1,0.4,3.0,323.0,0.0,0.0,0.18575851393188855
13.0,5.0,52.0,0.1,0.1,0.4,3.0,319.0,0.0,0.0,0.18181818181818182
13.0,6.0,1.0,0.1,0.1,0.4,3.0,319.0,0.0,0.0,0.18808777429467086
13.0,6.0,2.0,0.1,0.1,0.4,3.0,316.0,0.0,0.0,0.18354430379746836
13.0,6.0,3.0,0.1,0.1,0.4,3.0,317.0,0.0,0.0,0.1892744479495268
13.0,6.0,4.0,0.1,0.1,0.4,3.0,304.0,0.0,0.0,0.19078947368421054
13.0,6.0,5.0,0.1,0.1,0.4,3.0,305.0,0.0,0.0,0.19344262295081968
13.0,6.0,6.0,0.1,0.1,0.4,3.0,301.0,0.0,0.0,0.1893687707641196
13.0,6.0,7.0,0.1,0.1,0.4,3.0,294.0,0.0,0.0,0.19387755102040816
13.0,6.0,8.0,0.1,0.1,0.4,3.0,288.0,0.0,0.0,0.1909722222222222
13.0,6.0,9.0,0.1,0.1,0.4,3.0,289.0,0.0,0.0,0.1972318339100346
13.0,6.0,10.0,0.1,0.1,0.4,3.0,286.0,0.0,0.0,0.1888111888111888
13.0,6.0,11.0,0.1,0.1,0.4,3.0,288.0,0.0,0.0,0.19444444444444445
13.0,6.0,12.0,0.1,0.1,0.4,3.0,285.0,0.0,0.0,0.18596491228070175
13.0,6.0,13.0,0.1,0.1,0.4,3.0,287.0,0.0,0.0,0.1916376306620209
13.0,6.0,14.0,0.1,0.1,0.4,3.0,285.0,0.0,0.0,0.18596491228070175
13.0,6.0,15.0,0.1,0.1,0.4,3.0,287.0,0.0,0.0,0.1916376306620209
13.0,6.0,16.0,0.1,0.1,0.4,3.0,285.0,0.0,0.0,0.18596491228070175
13.0,6.0,17.0,0.1,0.1,0.4,3.0,287.0,0.0,0.0,0.1916376306620209
13.0,6.0,18.0,0.1,0.1,0.4,3.0,285.0,0.0,0.0,0.18596491228070175
13.0,6.0,19.0,0.1,0.1,0.4,3.0,287.0,0.0,0.0,0.1916376306620209
13.0,6.0,20.0,0.1,0.1,0.4,3.0,512.0,0.0,0.0,0.1015625
13.0,6.0,21.0,0.1,0.1,0.4,3.0,482.0,0.0,0.0,0.10995850622406639
13.0,6.0,22.0,0.1,0.1,0.4,3.0,471.0,0.0,0.0,0.10828025477707007
13.0,6.0,23.0,0.1,0.1,0.4,3.0,456.0,0.0,0.0,0.1118421052631579
13.0,6.0,24.0,0.1,0.1,0.4,3.0,416.0,0.0,0.0,0.10817307692307693
13.0,6.0,25.0,0.1,0.1,0.4,3.0,398.0,0.0,0.0,0.11557788944723618
13.0,6.0,26.0,0.1,0.1,0.4,3.0,371.0,0.0,0.0,0.11590296495956873
13.0,6.0,27.0,0.1,0.1,0.4,3.0,373.0,0.0,0.0,0.12064343163538874
13.0,6.0,28.0,0.1,0.1,0.4,3.0,371.0,0.0,0.0,0.11590296495956873
13.0,6.0,29.0,0.1,0.1,0.4,3.0,360.0,0.0,0.0,0.12222222222222222
13.0,6.0,30.0,0.1,0.1,0.4,3.0,358.0,0.0,0.0,0.11731843575418995
13.0,6.0,31.0,0.1,0.1,0.4,3.0,344.0,0.0,0.0,0.12790697674418605
13.0,6.0,32.0,0.1,0.1,0.4,3.0,342.0,0.0,0.0,0.12280701754385964
13.0,6.0,33.0,0.1,0.1,0.4,3.0,344.0,0.0,0.0,0.12790697674418605
13.0,6.0,34.0,0.1,0.1,0.4,3.0,333.0,0.0,0.0,0.12312312312312312
13.0,6.0,35.0,0.1,0.1,0.4,3.0,334.0,0.0,0.0,0.12574850299401197
13.0,6.0,36.0,0.1,0.1,0.4,3.0,329.0,0.0,0.0,0.1276595744680851
13.0,6.0,37.0,0.1,0.1,0.4,3.0,320.0,0.0,0.0,0.128125
13.0,6.0,38.0,0.1,0.1,0.4,3.0,317.0,0.0,0.0,0.12618296529968454
13.0,6.0,39.0,0.1,0.1,0.4,3.0,311.0,0.0,0.0,0.12861736334405144
13.0,6.0,40.0,0.1,0.1,0.4,3.0,302.0,0.0,0.0,0.1291390728476821
13.0,6.0,41.0,0.1,0.1,0.4,3.0,303.0,0.0,0.0,0.12871287128712872
13.0,6.0,42.0,0.1,0.1,0.4,3.0,300.0,0.0,0.0,0.13
13.0,6.0,43.0,0.1,0.1,0.4,3.0,299.0,0.0,0.0,0.13043478260869565
13.0,6.0,44.0,0.1,0.1,0.4,3.0,290.0,0.0,0.0,0.13448275862068965
13.0,6.0,45.0,0.1,0.1,0.4,3.0,282.0,0.0,0.0,0.20921985815602837
13.0,6.0,46.0,0.1,0.1,0.4,3.0,280.0,0.0,0.0,0.21071428571428572
13.0,6.0,47.0,0.1,0.1,0.4,3.0,282.0,0.0,0.0,0.20921985815602837
13.0,6.0,48.0,0.1,0.1,0.4,3.0,278.0,0.0,0.0,0.20503597122302158
13.0,6.0,49.0,0.1,0.1,0.4,3.0,273.0,0.0,0.0,0.2087912087912088
13.0,6.0,50.0,0.1,0.1,0.4,3.0,270.0,0.0,0.0,0.2074074074074074
13.0,6.0,51.0,0.1,0.1,0.4,3.0,272.0,0.0,0.0,0.20955882352941177
13.0,6.0,52.0,0.1,0.1,0.4,3.0,268.0,0.0,0.0,0.20522388059701493
13.0,7.0,1.0,0.1,0.1,0.4,3.0,270.0,0.0,0.0,0.2074074074074074
13.0,7.0,2.0,0.1,0.1,0.4,3.0,268.0,0.0,0.0,0.20522388059701493
13.0,7.0,3.0,0.1,0.1,0.4,3.0,270.0,0.0,0.0,0.2074074074074074
13.0,7.0,4.0,0.1,0.1,0.4,3.0,268.0,0.0,0.0,0.20522388059701493
13.0,7.0,5.0,0.1,0.1,0.4,3.0,270.0,0.0,0.0,0.2074074074074074
13.0,7.0,6.0,0.1,0.1,0.4,3.0,268.0,0.0,0.0,0.20522388059701493
13.0,7.0,7.0,0.1,0.1,0.4,3.0,270.0,0.0,0.0,0.2074074074074074
13.0,7.0,8.0,0.1,0.1,0.4,3.0,267.0,0.0,0.0,0.20224719101123595
13.0,7.0,9.0,0.1,0.1,0.4,3.0,269.0,0.0,0.0,0.20446096654275092
13.0,7.0,10.0,0.1,0.1,0.4,3.0,266.0,0.0,0.0,0.19924812030075187
13.0,7.0,11.0,0.1,0.1,0.4,3.0,268.0,0.0,0.0,0.20522388059701493
13.0,7.0,12.0,0.1,0.1,0.4,3.0,266.0,0.0,0.0,0.20300751879699247
13.0,7.0,13.0,0.1,0.1,0.4,3.0,267.0,0.0,0.0,0.20599250936329588
13.0,7.0,14.0,0.1,0.1,0.4,3.0,265.0,0.0,0.0,0.2037735849056604
13.0,7.0,15.0,0.1,0.1,0.4,3.0,267.0,0.0,0.0,0.20599250936329588
13.0,7.0,16.0,0.1,0.1,0.4,3.0,265.0,0.0,0.0,0.2037735849056604
13.0,7.0,17.0,0.1,0.1,0.4,3.0,259.0,0.0,0.0,0.2084942084942085
13.0,7.0,18.0,0.1,0.1,0.4,3.0,257.0,0.0,0.0,0.20622568093385213
13.0,7.0,19.0,0.1,0.1,0.4,3.0,259.0,0.0,0.0,0.2084942084942085
13.0,7.0,20.0,0.1,0.1,0.4,3.0,425.0,0.0,0.0,0.12470588235294118
13.0,7.0,21.0,0.1,0.1,0.4,3.0,414.0,0.0,0.0,0.12560386473429952
13.0,7.0,22.0,0.1,0.1,0.4,3.0,399.0,0.0,0.0,0.12781954887218044
13.0,7.0,23.0,0.1,0.1,0.4,3.0,392.0,0.0,0.0,0.13010204081632654
13.0,7.0,24.0,0.1,0.1,0.4,3.0,390.0,0.0,0.0,0.1282051282051282
13.0,7.0,25.0,0.1,0.1,0.4,3.0,391.0,0.0,0.0,0.13043478260869565
13.0,7.0,26.0,0.1,0.1,0.4,3.0,373.0,0.0,0.0,0.13404825737265416
13.0,7.0,27.0,0.1,0.1,0.4,3.0,374.0,0.0,0.0,0.13636363636363635
13.0,7.0,28.0,0.1,0.1,0.4,3.0,372.0,0.0,0.0,0.13440860215053763
13.0,7.0,29.0,0.1,0.1,0.4,3.0,373.0,0.0,0.0,0.13404825737265416
13.0,7.0,30.0,0.1,0.1,0.4,3.0,371.0,0.0,0.0,0.1320754716981132
13.0,7.0,31.0,0.1,0.1,0.4,3.0,348.0,0.0,0.0,0.13793103448275862
13.0,7.0,32.0,0.1,0.1,0.4,3.0,346.0,0.0,0.0,0.13583815028901733
13.0,7.0,33.0,0.1,0.1,0.4,3.0,329.0,0.0,0.0,0.14285714285714285
13.0,7.0,34.0,0.1,0.1,0.4,3.0,308.0,0.0,0.0,0.1396103896103896
13.0,7.0,35.0,0.1,0.1,0.4,3.0,310.0,0.0,0.0,0.14193548387096774
13.0,7.0,36.0,0.1,0.1,0.4,3.0,293.0,0.0,0.0,0.13651877133105803
13.0,7.0,37.0,0.1,0.1,0.4,3.0,275.0,0.0,0.0,0.14181818181818182
13.0,7.0,38.0,0.1,0.1,0.4,3.0,271.0,0.0,0.0,0.13653136531365315
13.0,7.0,39.0,0.1,0.1,0.4,3.0,272.0,0.0,0.0,0.13970588235294118
13.0,7.0,40.0,0.1,0.1,0.4,3.0,262.0,0.0,0.0,0.13740458015267176
13.0,7.0,41.0,0.1,0.1,0.4,3.0,264.0,0.0,0.0,0.14015151515151514
13.0,7.0,42.0,0.1,0.1,0.4,3.0,263.0,0.0,0.0,0.13688212927756654
13.0,7.0,43.0,0.1,0.1,0.4,3.0,264.0,0.0,0.0,0.14015151515151514
13.0,7.0,44.0,0.1,0.1,0.4,3.0,244.0,0.0,0.0,0.13934426229508196
13.0,7.0,45.0,0.1,0.1,0.4,3.0,246.0,0.0,0.0,0.21138211382113822
13.0,7.0,46.0,0.1,0.1,0.4,3.0,245.0,0.0,0.0,0.20816326530612245
13.0,7.0,47.0,0.1,0.1,0.4,3.0,246.0,0.0,0.0,0.21138211382113822
13.0,7.0,48.0,0.1,0.1,0.4,3.0,243.0,0.0,0.0,0.205761316872428
13.0,7.0,49.0,0.1,0.1,0.4,3.0,243.0,0.0,0.0,0.205761316872428
13.0,7.0,50.0,0.1,0.1,0.4,3.0,242.0,0.0,0.0,0.2024793388429752
13.0,7.0,51.0,0.1,0.1,0.4,3.0,243.0,0.0,0.0,0.205761316872428
13.0,7.0,52.0,0.1,0.1,0.4,3.0,242.0,0.0,0.0,0.2024793388429752
13.0,8.0,1.0,0.1,0.1,0.4,3.0,243.0,0.0,0.0,0.205761316872428
13.0,8.0,2.0,0.1,0.1,0.4,3.0,241.0,0.0,0.0,0.2033195020746888
13.0,8.0,3.0,0.1,0.1,0.4,3.0,241.0,0.0,0.0,0.2074688796680498
13.0,8.0,4.0,0.1,0.1,0.4,3.0,240.0,0.0,0.0,0.20416666666666666
13.0,8.0,5.0,0.1,0.1,0.4,3.0,241.0,0.0,0.0,0.2074688796680498
13.0,8.0,6.0,0.1,0.1,0.4,3.0,240.0,0.0,0.0,0.20416666666666666
13.0,8.0,7.0,0.1,0.1,0.4,3.0,241.0,0.0,0.0,0.2074688796680498
13.0,8.0,8.0,0.1,0.1,0.4,3.0,240.0,0.0,0.0,0.20416666666666666
13.0,8.0,9.0,0.1,0.1,0.4,3.0,241.0,0.0,0.0,0.2074688796680498
13.0,8.0,10.0,0.1,0.1,0.4,3.0,240.0,0.0,0.0,0.20416666666666666
13.0,8.0,11.0,0.1,0.1,0.4,3.0,241.0,0.0,0.0,0.2074688796680498
13.0,8.0,12.0,0.1,0.1,0.4,3.0,240.0,0.0,0.0,0.20416666666666666
13.0,8.0,13.0,0.1,0.1,0.4,3.0,241.0,0.0,0.0,0.2074688796680498
13.0,8.0,14.0,0.1,0.1,0.4,3.0,240.0,0.0,0.0,0.20416666666666666
13.0,8.0,15.0,0.1,0.1,0.4,3.0,232.0,0.0,0.0,0.2025862068965517
13.0,8.0,16.0,0.1,0.1,0.4,3.0,231.0,0.0,0.0,0.19913419913419914
13.0,8.0,17.0,0.1,0.1,0.4,3.0,232.0,0.0,0.0,0.2025862068965517
13.0,8.0,18.0,0.1,0.1,0.4,3.0,231.0,0.0,0.0,0.19913419913419914
13.0,8.0,19.0,0.1,0.1,0.4,3.0,232.0,0.0,0.0,0.2025862068965517
13.0,8.0,20.0,0.1,0.1,0.4,3.0,377.0,0.0,0.0,0.1220159151193634
13.0,8.0,21.0,0.1,0.1,0.4,3.0,367.0,0.0,0.0,0.12806539509536785
13.0,8.0,22.0,0.1,0.1,0.4,3.0,358.0,0.0,0.0,0.12569832402234637
13.0,8.0,23.0,0.1,0.1,0.4,3.0,340.0,0.0,0.0,0.1264705882352941
13.0,8.0,24.0,0.1,0.1,0.4,3.0,328.0,0.0,0.0,0.12804878048780488
13.0,8.0,25.0,0.1,0.1,0.4,3.0,312.0,0.0,0.0,0.1346153846153846
13.0,8.0,26.0,0.1,0.1,0.4,3.0,311.0,0.0,0.0,0.13183279742765272
13.0,8.0,27.0,0.1,0.1,0.4,3.0,303.0,0.0,0.0,0.1353135313531353
13.0,8.0,28.0,0.1,0.1,0.4,3.0,302.0,0.0,0.0,0.13245033112582782
13.0,8.0,29.0,0.1,0.1,0.4,3.0,303.0,0.0,0.0,0.1353135313531353
13.0,8.0,30.0,0.1,0.1,0.4,3.0,302.0,0.0,0.0,0.13245033112582782
13.0,8.0,31.0,0.1,0.1,0.4,3.0,303.0,0.0,0.0,0.1353135313531353
13.0,8.0,32.0,0.1,0.1,0.4,3.0,302.0,0.0,0.0,0.13245033112582782
13.0,8.0,33.0,0.1,0.1,0.4,3.0,287.0,0.0,0.0,0.13937282229965156
13.0,8.0,34.0,0.1,0.1,0.4,3.0,286.0,0.0,0.0,0.13636363636363635
13.0,8.0,35.0,0.1,0.1,0.4,3.0,277.0,0.0,0.0,0.1444043321299639
13.0,8.0,36.0,0.1,0.1,0.4,3.0,276.0,0.0,0.0,0.14130434782608695
13.0,8.0,37.0,0.1,0.1,0.4,3.0,277.0,0.0,0.0,0.1444043321299639
13.0,8.0,38.0,0.1,0.1,0.4,3.0,276.0,0.0,0.0,0.14130434782608695
13.0,8.0,39.0,0.1,0.1,0.4,3.0,277.0,0.0,0.0,0.1444043321299639
13.0,8.0,40.0,0.1,0.1,0.4,3.0,276.0,0.0,0.0,0.14130434782608695
13.0,8.0,41.0,0.1,0.1,0.4,3.0,277.0,0.0,0.0,0.1444043321299639
13.0,8.0,42.0,0.1,0.1,0.4,3.0,276.0,0.0,0.0,0.14130434782608695
13.0,8.0,43.0,0.1,0.1,0.4,3.0,269.0,0.0,0.0,0.1412639405204461
13.0,8.0,44.0,0.1,0.1,0.4,3.0,268.0,0.0,0.0,0.13805970149253732
13.0,8.0,45.0,0.1,0.1,0.4,3.0,269.0,0.0,0.0,0.241635687732342
13.0,8.0,46.0,0.1,0.1,0.4,3.0,268.0,0.0,0.0,0.23880597014925373
13.0,8.0,47.0,0.1,0.1,0.4,3.0,269.0,0.0,0.0,0.241635687732342
13.0,8.0,48.0,0.1,0.1,0.4,3.0,268.0,0.0,0.0,0.23880597014925373
13.0,8.0,49.0,0.1,0.1,0.4,3.0,256.0,0.0,0.0,0.25390625
13.0,8.0,50.0,0.1,0.1,0.4,3.0,255.0,0.0,0.0,0.25098039215686274
13.0,8.0,51.0,0.1,0.1,0.4,3.0,256.0,0.0,0.0,0.25390625
13.0,8.0,52.0,0.1,0.1,0.4,3.0,255.0,0.0,0.0,0.25098039215686274
13.0,9.0,1.0,0.1,0.1,0.4,3.0,255.0,0.0,0.0,0.2549019607843137
13.0,9.0,2.0,0.1,0.1,0.4,3.0,254.0,0.0,0.0,0.25196850393700787
13.0,9.0,3.0,0.1,0.1,0.4,3.0,244.0,0.0,0.0,0.26229508196721313
13.0,9.0,4.0,0.1,0.1,0.4,3.0,234.0,0.0,0.0,0.2692307692307692
13.0,9.0,5.0,0.1,0.1,0.4,3.0,235.0,0.0,0.0,0.2723404255319149
13.0,9.0,6.0,0.1,0.1,0.4,3.0,234.0,0.0,0.0,0.2692307692307692
13.0,9.0,7.0,0.1,0.1,0.4,3.0,235.0,0.0,0.0,0.2723404255319149
13.0,9.0,8.0,0.1,0.1,0.4,3.0,233.0,0.0,0.0,0.26609442060085836
13.0,9.0,9.0,0.1,0.1,0.4,3.0,226.0,0.0,0.0,0.26991150442477874
13.0,9.0,10.0,0.1,0.1,0.4,3.0,225.0,0.0,0.0,0.26666666666666666
13.0,9.0,11.0,0.1,0.1,0.4,3.0,226.0,0.0,0.0,0.26991150442477874
13.0,9.0,12.0,0.1,0.1,0.4,3.0,225.0,0.0,0.0,0.26666666666666666
13.0,9.0,13.0,0.1,0.1,0.4,3.0,226.0,0.0,0.0,0.26991150442477874
13.0,9.0,14.0,0.1,0.1,0.4,3.0,225.0,0.0,0.0,0.26666666666666666
13.0,9.0,15.0,0.1,0.1,0.4,3.0,226.0,0.0,0.0,0.26991150442477874
13.0,9.0,16.0,0.1,0.1,0.4,3.0,225.0,0.0,0.0,0.26666666666666666
13.0,9.0,17.0,0.1,0.1,0.4,3.0,226.0,0.0,0.0,0.26991150442477874
13.0,9.0,18.0,0.1,0.1,0.4,3.0,225.0,0.0,0.0,0.26666666666666666
13.0,9.0,19.0,0.1,0.1,0.4,3.0,226.0,0.0,0.0,0.26991150442477874
13.0,9.0,20.0,0.1,0.1,0.4,3.0,355.0,0.0,0.0,0.1352112676056338
13.0,9.0,21.0,0.1,0.1,0.4,3.0,346.0,0.0,0.0,0.13583815028901733
13.0,9.0,22.0,0.1,0.1,0.4,3.0,346.0,0.0,0.0,0.13583815028901733
13.0,9.0,23.0,0.1,0.1,0.4,3.0,324.0,0.0,0.0,0.14506172839506173
13.0,9.0,24.0,0.1,0.1,0.4,3.0,309.0,0.0,0.0,0.15210355987055016
13.0,9.0,25.0,0.1,0.1,0.4,3.0,300.0,0.0,0.0,0.15666666666666668
13.0,9.0,26.0,0.1,0.1,0.4,3.0,300.0,0.0,0.0,0.15666666666666668
13.0,9.0,27.0,0.1,0.1,0.4,3.0,300.0,0.0,0.0,0.15666666666666668
13.0,9.0,28.0,0.1,0.1,0.4,3.0,291.0,0.0,0.0,0.16151202749140894
13.0,9.0,29.0,0.1,0.1,0.4,3.0,282.0,0.0,0.0,0.16312056737588654
13.0,9.0,30.0,0.1,0.1,0.4,3.0,282.0,0.0,0.0,0.16312056737588654
13.0,9.0,31.0,0.1,0.1,0.4,3.0,282.0,0.0,0.0,0.16312056737588654
13.0,9.0,32.0,0.1,0.1,0.4,3.0,282.0,0.0,0.0,0.16312056737588654
13.0,9.0,33.0,0.1,0.1,0.4,3.0,282.0,0.0,0.0,0.16312056737588654
13.0,9.0,34.0,0.1,0.1,0.4,3.0,282.0,0.0,0.0,0.16312056737588654
13.0,9.0,35.0,0.1,0.1,0.4,3.0,282.0,0.0,0.0,0.16312056737588654
13.0,9.0,36.0,0.1,0.1,0.4,3.0,282.0,0.0,0.0,0.16312056737588654
13.0,9.0,37.0,0.1,0.1,0.4,3.0,265.0,0.0,0.0,0.16981132075471697
13.0,9.0,38.0,0.1,0.1,0.4,3.0,265.0,0.0,0.0,0.16981132075471697
13.0,9.0,39.0,0.1,0.1,0.4,3.0,257.0,0.0,0.0,0.17509727626459143
13.0,9.0,40.0,0.1,0.1,0.4,3.0,257.0,0.0,0.0,0.17509727626459143
13.0,9.0,41.0,0.1,0.1,0.4,3.0,256.0,0.0,0.0,0.17578125
13.0,9.0,42.0,0.1,0.1,0.4,3.0,255.0,0.0,0.0,0.17647058823529413
13.0,9.0,43.0,0.1,0.1,0.4,3.0,255.0,0.0,0.0,0.17647058823529413
13.0,9.0,44.0,0.1,0.1,0.4,3.0,254.0,0.0,0.0,0.17716535433070865
13.0,9.0,45.0,0.1,0.1,0.4,3.0,254.0,0.0,0.0,0.2283464566929134
13.0,9.0,46.0,0.1,0.1,0.4,3.0,245.0,0.0,0.0,0.23673469387755103
13.0,9.0,47.0,0.1,0.1,0.4,3.0,233.0,0.0,0.0,0.24034334763948498
13.0,9.0,48.0,0.1,0.1,0.4,3.0,233.0,0.0,0.0,0.24034334763948498
13.0,9.0,49.0,0.1,0.1,0.4,3.0,219.0,0.0,0.0,0.2511415525114155
13.0,9.0,50.0,0.1,0.1,0.4,3.0,217.0,0.0,0.0,0.2534562211981567
13.0,9.0,51.0,0.1,0.1,0.4,3.0,217.0,0.0,0.0,0.2534562211981567
13.0,9.0,52.0,0.1,0.1,0.4,3.0,217.0,0.0,0.0,0.2534562211981567
13.0,10.0,1.0,0.1,0.1,0.4,3.0,217.0,0.0,0.0,0.2534562211981567
13.0,10.0,2.0,0.1,0.1,0.4,3.0,217.0,0.0,0.0,0.2534562211981567
13.0,10.0,3.0,0.1,0.1,0.4,3.0,217.0,0.0,0.0,0.2534562211981567
13.0,10.0,4.0,0.1,0.1,0.4,3.0,217.0,0.0,0.0,0.2534562211981567
13.0,10.0,5.0,0.1,0.1,0.4,3.0,217.0,0.0,0.0,0.2534562211981567
13.0,10.0,6.0,0.1,0.1,0.4,3.0,217.0,0.0,0.0,0.2534562211981567
13.0,10.0,7.0,0.1,0.1,0.4,3.0,215.0,0.0,0.0,0.2558139534883721
13.0,10.0,8.0,0.1,0.1,0.4,3.0,215.0,0.0,0.0,0.2558139534883721
13.0,10.0,9.0,0.1,0.1,0.4,3.0,215.0,0.0,0.0,0.2558139534883721
13.0,10.0,10.0,0.1,0.1,0.4,3.0,215.0,0.0,0.0,0.2558139534883721
13.0,10.0,11.0,0.1,0.1,0.4,3.0,215.0,0.0,0.0,0.2558139534883721
13.0,10.0,12.0,0.1,0.1,0.4,3.0,207.0,0.0,0.0,0.26570048309178745
13.0,10.0,13.0,0.1,0.1,0.4,3.0,207.0,0.0,0.0,0.26570048309178745
13.0,10.0,14.0,0.1,0.1,0.4,3.0,207.0,0.0,0.0,0.26570048309178745
13.0,10.0,15.0,0.1,0.1,0.4,3.0,207.0,0.0,0.0,0.26570048309178745
13.0,10.0,16.0,0.1,0.1,0.4,3.0,207.0,0.0,0.0,0.26570048309178745
13.0,10.0,17.0,0.1,0.1,0.4,3.0,207.0,0.0,0.0,0.26570048309178745
13.0,10.0,18.0,0.1,0.1,0.4,3.0,207.0,0.0,0.0,0.26570048309178745
13.0,10.0,19.0,0.1,0.1,0.4,3.0,207.0,0.0,0.0,0.26570048309178745
13.0,10.0,20.0,0.1,0.1,0.4,3.0,320.0,0.0,0.0,0.134375
13.0,10.0,21.0,0.1,0.1,0.4,3.0,320.0,0.0,0.0,0.134375
13.0,10.0,22.0,0.1,0.1,0.4,3.0,308.0,0.0,0.0,0.13636363636363635
13.0,10.0,23.0,0.1,0.1,0.4,3.0,308.0,0.0,0.0,0.13636363636363635
13.0,10.0,24.0,0.1,0.1,0.4,3.0,297.0,0.0,0.0,0.1414141414141414
13.0,10.0,25.0,0.1,0.1,0.4,3.0,289.0,0.0,0.0,0.1384083044982699
13.0,10.0,26.0,0.1,0.1,0.4,3.0,289.0,0.0,0.0,0.1384083044982699
13.0,10.0,27.0,0.1,0.1,0.4,3.0,281.0,0.0,0.0,0.1387900355871886
13.0,10.0,28.0,0.1,0.1,0.4,3.0,273.0,0.0,0.0,0.14285714285714285
13.0,10.0,29.0,0.1,0.1,0.4,3.0,264.0,0.0,0.0,0.14015151515151514
13.0,10.0,30.0,0.1,0.1,0.4,3.0,263.0,0.0,0.0,0.14068441064638784
13.0,10.0,31.0,0.1,0.1,0.4,3.0,263.0,0.0,0.0,0.14068441064638784
13.0,10.0,32.0,0.1,0.1,0.4,3.0,263.0,0.0,0.0,0.14068441064638784
13.0,10.0,33.0,0.1,0.1,0.4,3.0,254.0,0.0,0.0,0.14566929133858267
13.0,10.0,34.0,0.1,0.1,0.4,3.0,254.0,0.0,0.0,0.14566929133858267
13.0,10.0,35.0,0.1,0.1,0.4,3.0,246.0,0.0,0.0,0.15040650406504066
13.0,10.0,36.0,0.1,0.1,0.4,3.0,246.0,0.0,0.0,0.15040650406504066
13.0,10.0,37.0,0.1,0.1,0.4,3.0,246.0,0.0,0.0,0.15040650406504066
13.0,10.0,38.0,0.1,0.1,0.4,3.0,246.0,0.0,0.0,0.15040650406504066
13.0,10.0,39.0,0.1,0.1,0.4,3.0,246.0,0.0,0.0,0.15040650406504066
13.0,10.0,40.0,0.1,0.1,0.4,3.0,236.0,0.0,0.0,0.15254237288135594
13.0,10.0,41.0,0.1,0.1,0.4,3.0,228.0,0.0,0.0,0.15350877192982457
13.0,10.0,42.0,0.1,0.1,0.4,3.0,227.0,0.0,0.0,0.15418502202643172
13.0,10.0,43.0,0.1,0.1,0.4,3.0,227.0,0.0,0.0,0.15418502202643172
13.0,10.0,44.0,0.1,0.1,0.4,3.0,225.0,0.0,0.0,0.15555555555555556
13.0,10.0,45.0,0.1,0.1,0.4,3.0,225.0,0.0,0.0,0.24
13.0,10.0,46.0,0.1,0.1,0.4,3.0,204.0,0.0,0.0,0.2549019607843137
13.0,10.0,47.0,0.1,0.1,0.4,3.0,204.0,0.0,0.0,0.2549019607843137
13.0,10.0,48.0,0.1,0.1,0.4,3.0,194.0,0.0,0.0,0.26804123711340205
13.0,10.0,49.0,0.1,0.1,0.4,3.0,194.0,0.0,0.0,0.26804123711340205
13.0,10.0,50.0,0.1,0.1,0.4,3.0,186.0,0.0,0.0,0.26881720430107525
13.0,10.0,51.0,0.1,0.1,0.4,3.0,186.0,0.0,0.0,0.26881720430107525
13.0,10.0,52.0,0.1,0.1,0.4,3.0,186.0,0.0,0.0,0.26881720430107525
14.0,1.0,1.0,0.1,0.1,0.4,3.0,5068.0,54.0,9.0,0.09984214680347277
14.0,1.0,2.0,0.1,0.1,0.4,3.0,4926.0,59.0,22.0,0.0996751928542428
14.0,1.0,3.0,0.1,0.1,0.4,3.0,4803.0,86.0,35.0,0.09952113262544243
14.0,1.0,4.0,0.1,0.1,0.4,3.0,4678.0,100.0,41.0,0.10175288584865327
14.0,1.0,5.0,0.1,0.1,0.4,3.0,4668.0,134.0,50.0,0.10304198800342759
14.0,1.0,6.0,0.1,0.1,0.4,3.0,4440.0,144.0,56.0,0.10292792792792793
14.0,1.0,7.0,0.1,0.1,0.4,3.0,4246.0,184.0,60.0,0.10409797456429581
14.0,1.0,8.0,0.1,0.1,0.4,3.0,4014.0,201.0,78.0,0.10413552566018934
14.0,1.0,9.0,0.1,0.1,0.4,3.0,3877.0,230.0,90.0,0.1065256641733299
14.0,1.0,10.0,0.1,0.1,0.4,3.0,3709.0,255.0,111.0,0.10757616608250202
14.0,1.0,11.0,0.1,0.1,0.4,3.0,3564.0,287.0,115.0,0.10886644219977554
14.0,1.0,12.0,0.1,0.1,0.4,3.0,3405.0,280.0,126.0,0.10866372980910426
14.0,1.0,13.0,0.1,0.1,0.4,3.0,3270.0,301.0,136.0,0.11192660550458716
14.0,1.0,14.0,0.1,0.1,0.4,3.0,3167.0,317.0,143.0,0.11209346384591096
14.0,1.0,15.0,0.1,0.1,0.4,3.0,3041.0,324.0,148.0,0.11509371917132523
14.0,1.0,16.0,0.1,0.1,0.4,3.0,2909.0,313.0,150.0,0.11412856651770367
14.0,1.0,17.0,0.1,0.1,0.4,3.0,2790.0,330.0,161.0,0.11863799283154122
14.0,1.0,18.0,0.1,0.1,0.4,3.0,2682.0,317.0,148.0,0.12005965697240865
14.0,1.0,19.0,0.1,0.1,0.4,3.0,2577.0,319.0,149.0,0.1237873496313543
14.0,1.0,20.0,0.1,0.1,0.4,3.0,7117.0,307.0,152.0,0.04355767879724603
14.0,1.0,21.0,0.1,0.1,0.4,3.0,6498.0,425.0,155.0,0.04493690366266544
14.0,1.0,22.0,0.1,0.1,0.4,3.0,5709.0,486.0,160.0,0.047293746715712036
14.0,1.0,23.0,0.1,0.1,0.4,3.0,5256.0,560.0,180.0,0.048515981735159815
14.0,1.0,24.0,0.1,0.1,0.4,3.0,4753.0,595.0,204.0,0.05133599831685252
14.0,1.0,25.0,0.1,0.1,0.4,3.0,4255.0,614.0,234.0,0.05593419506462985
14.0,1.0,26.0,0.1,0.1,0.4,3.0,3818.0,634.0,250.0,0.058669460450497646
14.0,1.0,27.0,0.1,0.1,0.4,3.0,3506.0,614.0,267.0,0.061038220193953226
14.0,1.0,28.0,0.1,0.1,0.4,3.0,3186.0,589.0,262.0,0.06497175141242938
14.0,1.0,29.0,0.1,0.1,0.4,3.0,2935.0,552.0,256.0,0.06984667802385008
14.0,1.0,30.0,0.1,0.1,0.4,3.0,2628.0,505.0,231.0,0.07534246575342465
14.0,1.0,31.0,0.1,0.1,0.4,3.0,2410.0,480.0,234.0,0.07925311203319502
14.0,1.0,32.0,0.1,0.1,0.4,3.0,2188.0,415.0,208.0,0.08363802559414991
14.0,1.0,33.0,0.1,0.1,0.4,3.0,2038.0,408.0,201.0,0.08783120706575073
14.0,1.0,34.0,0.1,0.1,0.4,3.0,1863.0,363.0,172.0,0.09286097691894793
14.0,1.0,35.0,0.1,0.1,0.4,3.0,1727.0,317.0,142.0,0.10017371163867979
14.0,1.0,36.0,0.1,0.1,0.4,3.0,1609.0,293.0,138.0,0.10565568676196395
14.0,1.0,37.0,0.1,0.1,0.4,3.0,1545.0,278.0,145.0,0.10614886731391586
14.0,1.0,38.0,0.1,0.1,0.4,3.0,1442.0,276.0,140.0,0.10957004160887657
14.0,1.0,39.0,0.1,0.1,0.4,3.0,1345.0,235.0,119.0,0.11449814126394052
14.0,1.0,40.0,0.1,0.1,0.4,3.0,1255.0,206.0,107.0,0.11952191235059761
14.0,1.0,41.0,0.1,0.1,0.4,3.0,1178.0,189.0,102.0,0.12818336162988114
14.0,1.0,42.0,0.1,0.1,0.4,3.0,1085.0,174.0,94.0,0.13640552995391705
14.0,1.0,43.0,0.1,0.1,0.4,3.0,1006.0,138.0,77.0,0.1411530815109344
14.0,1.0,44.0,0.1,0.1,0.4,3.0,950.0,122.0,65.0,0.15052631578947367
14.0,1.0,45.0,0.1,0.1,0.4,3.0,883.0,107.0,59.0,0.21064552661381652
14.0,1.0,46.0,0.1,0.1,0.4,3.0,847.0,98.0,57.0,0.21841794569067297
14.0,1.0,47.0,0.1,0.1,0.4,3.0,799.0,86.0,49.0,0.22528160200250313
14.0,1.0,48.0,0.1,0.1,0.4,3.0,768.0,70.0,35.0,0.22916666666666666
14.0,1.0,49.0,0.1,0.1,0.4,3.0,704.0,55.0,29.0,0.24147727272727273
14.0,1.0,50.0,0.1,0.1,0.4,3.0,673.0,48.0,28.0,0.24814264487369986
14.0,1.0,51.0,0.1,0.1,0.4,3.0,659.0,45.0,25.0,0.2503793626707132
14.0,1.0,52.0,0.1,0.1,0.4,3.0,646.0,39.0,23.0,0.25232198142414863
14.0,2.0,1.0,0.1,0.1,0.4,3.0,633.0,32.0,21.0,0.2559241706161137
14.0,2.0,2.0,0.1,0.1,0.4,3.0,616.0,31.0,20.0,0.26136363636363635
14.0,2.0,3.0,0.1,0.1,0.4,3.0,602.0,24.0,13.0,0.26578073089701
14.0,2.0,4.0,0.1,0.1,0.4,3.0,592.0,18.0,7.0,0.2702702702702703
14.0,2.0,5.0,0.1,0.1,0.4,3.0,584.0,17.0,8.0,0.2722602739726027
14.0,2.0,6.0,0.1,0.1,0.4,3.0,577.0,16.0,9.0,0.2720970537261698
14.0,2.0,7.0,0.1,0.1,0.4,3.0,575.0,14.0,10.0,0.2747826086956522
14.0,2.0,8.0,0.1,0.1,0.4,3.0,563.0,9.0,8.0,0.27708703374777977
14.0,2.0,9.0,0.1,0.1,0.4,3.0,564.0,9.0,6.0,0.2765957446808511
14.0,2.0,10.0,0.1,0.1,0.4,3.0,555.0,6.0,3.0,0.2756756756756757
14.0,2.0,11.0,0.1,0.1,0.4,3.0,555.0,3.0,0.0,0.2774774774774775
14.0,2.0,12.0,0.1,0.1,0.4,3.0,550.0,3.0,0.0,0.2781818181818182
14.0,2.0,13.0,0.1,0.1,0.4,3.0,554.0,3.0,1.0,0.2779783393501805
14.0,2.0,14.0,0.1,0.1,0.4,3.0,549.0,3.0,3.0,0.2786885245901639
14.0,2.0,15.0,0.1,0.1,0.4,3.0,552.0,3.0,3.0,0.27898550724637683
14.0,2.0,16.0,0.1,0.1,0.4,3.0,547.0,2.0,2.0,0.27787934186471663
14.0,2.0,17.0,0.1,0.1,0.4,3.0,549.0,0.0,0.0,0.28051001821493626
14.0,2.0,18.0,0.1,0.1,0.4,3.0,541.0,0.0,0.0,0.27911275415896486
14.0,2.0,19.0,0.1,0.1,0.4,3.0,540.0,0.0,0.0,0.2796296296296296
14.0,2.0,20.0,0.1,0.1,0.4,3.0,1057.0,0.0,0.0,0.14191106906338694
14.0,2.0,21.0,0.1,0.1,0.4,3.0,1007.0,0.0,0.0,0.14796425024826215
14.0,2.0,22.0,0.1,0.1,0.4,3.0,958.0,0.0,0.0,0.151356993736952
14.0,2.0,23.0,0.1,0.1,0.4,3.0,941.0,0.0,0.0,0.15409139213602552
14.0,2.0,24.0,0.1,0.1,0.4,3.0,897.0,0.0,0.0,0.15607580824972128
14.0,2.0,25.0,0.1,0.1,0.4,3.0,885.0,0.0,0.0,0.15819209039548024
14.0,2.0,26.0,0.1,0.1,0.4,3.0,852.0,0.0,0.0,0.1596244131455399
14.0,2.0,27.0,0.1,0.1,0.4,3.0,831.0,0.0,0.0,0.16125150421179302
14.0,2.0,28.0,0.1,0.1,0.4,3.0,820.0,0.0,0.0,0.1597560975609756
14.0,2.0,29.0,0.1,0.1,0.4,3.0,812.0,0.0,0.0,0.16009852216748768
14.0,2.0,30.0,0.1,0.1,0.4,3.0,791.0,0.0,0.0,0.16055625790139064
14.0,2.0,31.0,0.1,0.1,0.4,3.0,773.0,0.0,0.0,0.16041397153945666
14.0,2.0,32.0,0.1,0.1,0.4,3.0,750.0,0.0,0.0,0.16133333333333333
14.0,2.0,33.0,0.1,0.1,0.4,3.0,712.0,0.0,0.0,0.16573033707865167
14.0,2.0,34.0,0.1,0.1,0.4,3.0,678.0,0.0,0.0,0.168141592920354
14.0,2.0,35.0,0.1,0.1,0.4,3.0,660.0,0.0,0.0,0.1696969696969697
14.0,2.0,36.0,0.1,0.1,0.4,3.0,636.0,0.0,0.0,0.17138364779874213
14.0,2.0,37.0,0.1,0.1,0.4,3.0,628.0,0.0,0.0,0.1735668789808917
14.0,2.0,38.0,0.1,0.1,0.4,3.0,613.0,0.0,0.0,0.17455138662316477
14.0,2.0,39.0,0.1,0.1,0.4,3.0,601.0,0.0,0.0,0.17470881863560733
14.0,2.0,40.0,0.1,0.1,0.4,3.0,599.0,0.0,0.0,0.17362270450751252
14.0,2.0,41.0,0.1,0.1,0.4,3.0,561.0,0.0,0.0,0.17825311942959002
14.0,2.0,42.0,0.1,0.1,0.4,3.0,558.0,0.0,0.0,0.17562724014336917
14.0,2.0,43.0,0.1,0.1,0.4,3.0,558.0,0.0,0.0,0.17562724014336917
14.0,2.0,44.0,0.1,0.1,0.4,3.0,554.0,0.0,0.0,0.17509025270758122
14.0,2.0,45.0,0.1,0.1,0.4,3.0,543.0,0.0,0.0,0.23572744014732966
14.0,2.0,46.0,0.1,0.1,0.4,3.0,541.0,0.0,0.0,0.23475046210720887
14.0,2.0,47.0,0.1,0.1,0.4,3.0,542.0,0.0,0.0,0.23431734317343172
14.0,2.0,48.0,0.1,0.1,0.4,3.0,531.0,0.0,0.0,0.23163841807909605
14.0,2.0,49.0,0.1,0.1,0.4,3.0,531.0,0.0,0.0,0.23163841807909605
14.0,2.0,50.0,0.1,0.1,0.4,3.0,528.0,0.0,0.0,0.23295454545454544
14.0,2.0,51.0,0.1,0.1,0.4,3.0,522.0,0.0,0.0,0.23180076628352492
14.0,2.0,52.0,0.1,0.1,0.4,3.0,521.0,0.0,0.0,0.23224568138195778
14.0,3.0,1.0,0.1,0.1,0.4,3.0,518.0,0.0,0.0,0.23166023166023167
14.0,3.0,2.0,0.1,0.1,0.4,3.0,516.0,0.0,0.0,0.23255813953488372
14.0,3.0,3.0,0.1,0.1,0.4,3.0,517.0,0.0,0.0,0.23210831721470018
14.0,3.0,4.0,0.1,0.1,0.4,3.0,502.0,0.0,0.0,0.23705179282868527
14.0,3.0,5.0,0.1,0.1,0.4,3.0,501.0,0.0,0.0,0.23552894211576847
14.0,3.0,6.0,0.1,0.1,0.4,3.0,496.0,0.0,0.0,0.23588709677419356
14.0,3.0,7.0,0.1,0.1,0.4,3.0,497.0,0.0,0.0,0.23541247484909456
14.0,3.0,8.0,0.1,0.1,0.4,3.0,492.0,0.0,0.0,0.23373983739837398
14.0,3.0,9.0,0.1,0.1,0.4,3.0,490.0,0.0,0.0,0.23469387755102042
14.0,3.0,10.0,0.1,0.1,0.4,3.0,488.0,0.0,0.0,0.2336065573770492
14.0,3.0,11.0,0.1,0.1,0.4,3.0,488.0,0.0,0.0,0.2336065573770492
14.0,3.0,12.0,0.1,0.1,0.4,3.0,477.0,0.0,0.0,0.23270440251572327
14.0,3.0,13.0,0.1,0.1,0.4,3.0,477.0,0.0,0.0,0.23060796645702306
14.0,3.0,14.0,0.1,0.1,0.4,3.0,475.0,0.0,0.0,0.22736842105263158
14.0,3.0,15.0,0.1,0.1,0.4,3.0,476.0,0.0,0.0,0.22899159663865545
14.0,3.0,16.0,0.1,0.1,0.4,3.0,470.0,0.0,0.0,0.2276595744680851
14.0,3.0,17.0,0.1,0.1,0.4,3.0,469.0,0.0,0.0,0.2281449893390192
14.0,3.0,18.0,0.1,0.1,0.4,3.0,466.0,0.0,0.0,0.22746781115879827
14.0,3.0,19.0,0.1,0.1,0.4,3.0,467.0,0.0,0.0,0.2291220556745182
14.0,3.0,20.0,0.1,0.1,0.4,3.0,855.0,0.0,0.0,0.12280701754385964
14.0,3.0,21.0,0.1,0.1,0.4,3.0,835.0,0.0,0.0,0.12455089820359282
14.0,3.0,22.0,0.1,0.1,0.4,3.0,791.0,0.0,0.0,0.12515802781289506
14.0,3.0,23.0,0.1,0.1,0.4,3.0,789.0,0.0,0.0,0.1267427122940431
14.0,3.0,24.0,0.1,0.1,0.4,3.0,767.0,0.0,0.0,0.12646675358539766
14.0,3.0,25.0,0.1,0.1,0.4,3.0,747.0,0.0,0.0,0.1285140562248996
14.0,3.0,26.0,0.1,0.1,0.4,3.0,722.0,0.0,0.0,0.12465373961218837
14.0,3.0,27.0,0.1,0.1,0.4,3.0,686.0,0.0,0.0,0.13119533527696792
14.0,3.0,28.0,0.1,0.1,0.4,3.0,670.0,0.0,0.0,0.12985074626865672
14.0,3.0,29.0,0.1,0.1,0.4,3.0,664.0,0.0,0.0,0.13253012048192772
14.0,3.0,30.0,0.1,0.1,0.4,3.0,634.0,0.0,0.0,0.13406940063091483
14.0,3.0,31.0,0.1,0.1,0.4,3.0,611.0,0.0,0.0,0.1407528641571195
14.0,3.0,32.0,0.1,0.1,0.4,3.0,599.0,0.0,0.0,0.14023372287145242
14.0,3.0,33.0,0.1,0.1,0.4,3.0,590.0,0.0,0.0,0.1440677966101695
14.0,3.0,34.0,0.1,0.1,0.4,3.0,557.0,0.0,0.0,0.14721723518850988
14.0,3.0,35.0,0.1,0.1,0.4,3.0,553.0,0.0,0.0,0.15009041591320071
14.0,3.0,36.0,0.1,0.1,0.4,3.0,531.0,0.0,0.0,0.15065913370998116
14.0,3.0,37.0,0.1,0.1,0.4,3.0,519.0,0.0,0.0,0.15414258188824662
14.0,3.0,38.0,0.1,0.1,0.4,3.0,518.0,0.0,0.0,0.14864864864864866
14.0,3.0,39.0,0.1,0.1,0.4,3.0,509.0,0.0,0.0,0.15520628683693516
14.0,3.0,40.0,0.1,0.1,0.4,3.0,499.0,0.0,0.0,0.1523046092184369
14.0,3.0,41.0,0.1,0.1,0.4,3.0,495.0,0.0,0.0,0.15757575757575756
14.0,3.0,42.0,0.1,0.1,0.4,3.0,489.0,0.0,0.0,0.15337423312883436
14.0,3.0,43.0,0.1,0.1,0.4,3.0,473.0,0.0,0.0,0.16279069767441862
14.0,3.0,44.0,0.1,0.1,0.4,3.0,470.0,0.0,0.0,0.1574468085106383
14.0,3.0,45.0,0.1,0.1,0.4,3.0,464.0,0.0,0.0,0.21551724137931033
14.0,3.0,46.0,0.1,0.1,0.4,3.0,458.0,0.0,0.0,0.2096069868995633
14.0,3.0,47.0,0.1,0.1,0.4,3.0,436.0,0.0,0.0,0.21559633027522937
14.0,3.0,48.0,0.1,0.1,0.4,3.0,440.0,0.0,0.0,0.20909090909090908
14.0,3.0,49.0,0.1,0.1,0.4,3.0,433.0,0.0,0.0,0.21478060046189376
14.0,3.0,50.0,0.1,0.1,0.4,3.0,437.0,0.0,0.0,0.21052631578947367
14.0,3.0,51.0,0.1,0.1,0.4,3.0,431.0,0.0,0.0,0.21577726218097448
14.0,3.0,52.0,0.1,0.1,0.4,3.0,434.0,0.0,0.0,0.2119815668202765
14.0,4.0,1.0,0.1,0.1,0.4,3.0,428.0,0.0,0.0,0.21728971962616822
14.0,4.0,2.0,0.1,0.1,0.4,3.0,435.0,0.0,0.0,0.21149425287356322
14.0,4.0,3.0,0.1,0.1,0.4,3.0,428.0,0.0,0.0,0.21495327102803738
14.0,4.0,4.0,0.1,0.1,0.4,3.0,433.0,0.0,0.0,0.21016166281755197
14.0,4.0,5.0,0.1,0.1,0.4,3.0,429.0,0.0,0.0,0.21445221445221446
14.0,4.0,6.0,0.1,0.1,0.4,3.0,431.0,0.0,0.0,0.2088167053364269
14.0,4.0,7.0,0.1,0.1,0.4,3.0,427.0,0.0,0.0,0.2107728337236534
14.0,4.0,8.0,0.1,0.1,0.4,3.0,422.0,0.0,0.0,0.20853080568720378
14.0,4.0,9.0,0.1,0.1,0.4,3.0,419.0,0.0,0.0,0.2100238663484487
14.0,4.0,10.0,0.1,0.1,0.4,3.0,419.0,0.0,0.0,0.20763723150357996
14.0,4.0,11.0,0.1,0.1,0.4,3.0,416.0,0.0,0.0,0.2091346153846154
14.0,4.0,12.0,0.1,0.1,0.4,3.0,418.0,0.0,0.0,0.20813397129186603
14.0,4.0,13.0,0.1,0.1,0.4,3.0,416.0,0.0,0.0,0.21153846153846154
14.0,4.0,14.0,0.1,0.1,0.4,3.0,416.0,0.0,0.0,0.20673076923076922
14.0,4.0,15.0,0.1,0.1,0.4,3.0,415.0,0.0,0.0,0.20722891566265061
14.0,4.0,16.0,0.1,0.1,0.4,3.0,416.0,0.0,0.0,0.20432692307692307
14.0,4.0,17.0,0.1,0.1,0.4,3.0,411.0,0.0,0.0,0.20924574209245742
14.0,4.0,18.0,0.1,0.1,0.4,3.0,412.0,0.0,0.0,0.20388349514563106
14.0,4.0,19.0,0.1,0.1,0.4,3.0,409.0,0.0,0.0,0.2078239608801956
14.0,4.0,20.0,0.1,0.1,0.4,3.0,756.0,0.0,0.0,0.1111111111111111
14.0,4.0,21.0,0.1,0.1,0.4,3.0,700.0,0.0,0.0,0.12
14.0,4.0,22.0,0.1,0.1,0.4,3.0,675.0,0.0,0.0,0.12
14.0,4.0,23.0,0.1,0.1,0.4,3.0,658.0,0.0,0.0,0.12158054711246201
14.0,4.0,24.0,0.1,0.1,0.4,3.0,628.0,0.0,0.0,0.12101910828025478
14.0,4.0,25.0,0.1,0.1,0.4,3.0,576.0,0.0,0.0,0.12152777777777778
14.0,4.0,26.0,0.1,0.1,0.4,3.0,562.0,0.0,0.0,0.12277580071174377
14.0,4.0,27.0,0.1,0.1,0.4,3.0,568.0,0.0,0.0,0.12323943661971831
14.0,4.0,28.0,0.1,0.1,0.4,3.0,562.0,0.0,0.0,0.12277580071174377
14.0,4.0,29.0,0.1,0.1,0.4,3.0,558.0,0.0,0.0,0.12544802867383512
14.0,4.0,30.0,0.1,0.1,0.4,3.0,527.0,0.0,0.0,0.12333965844402277
14.0,4.0,31.0,0.1,0.1,0.4,3.0,523.0,0.0,0.0,0.124282982791587
14.0,4.0,32.0,0.1,0.1,0.4,3.0,518.0,0.0,0.0,0.12355212355212356
14.0,4.0,33.0,0.1,0.1,0.4,3.0,522.0,0.0,0.0,0.12452107279693486
14.0,4.0,34.0,0.1,0.1,0.4,3.0,498.0,0.0,0.0,0.12650602409638553
14.0,4.0,35.0,0.1,0.1,0.4,3.0,503.0,0.0,0.0,0.1272365805168986
14.0,4.0,36.0,0.1,0.1,0.4,3.0,498.0,0.0,0.0,0.12650602409638553
14.0,4.0,37.0,0.1,0.1,0.4,3.0,483.0,0.0,0.0,0.13043478260869565
14.0,4.0,38.0,0.1,0.1,0.4,3.0,476.0,0.0,0.0,0.12815126050420167
14.0,4.0,39.0,0.1,0.1,0.4,3.0,459.0,0.0,0.0,0.12636165577342048
14.0,4.0,40.0,0.1,0.1,0.4,3.0,453.0,0.0,0.0,0.12582781456953643
14.0,4.0,41.0,0.1,0.1,0.4,3.0,447.0,0.0,0.0,0.12751677852348994
14.0,4.0,42.0,0.1,0.1,0.4,3.0,439.0,0.0,0.0,0.1275626423690205
14.0,4.0,43.0,0.1,0.1,0.4,3.0,440.0,0.0,0.0,0.12954545454545455
14.0,4.0,44.0,0.1,0.1,0.4,3.0,438.0,0.0,0.0,0.1278538812785388
14.0,4.0,45.0,0.1,0.1,0.4,3.0,437.0,0.0,0.0,0.2242562929061785
14.0,4.0,46.0,0.1,0.1,0.4,3.0,433.0,0.0,0.0,0.22401847575057737
14.0,4.0,47.0,0.1,0.1,0.4,3.0,436.0,0.0,0.0,0.22477064220183487
14.0,4.0,48.0,0.1,0.1,0.4,3.0,433.0,0.0,0.0,0.22401847575057737
14.0,4.0,49.0,0.1,0.1,0.4,3.0,435.0,0.0,0.0,0.22528735632183908
14.0,4.0,50.0,0.1,0.1,0.4,3.0,432.0,0.0,0.0,0.22453703703703703
14.0,4.0,51.0,0.1,0.1,0.4,3.0,433.0,0.0,0.0,0.22632794457274827
14.0,4.0,52.0,0.1,0.1,0.4,3.0,430.0,0.0,0.0,0.2255813953488372
14.0,5.0,1.0,0.1,0.1,0.4,3.0,426.0,0.0,0.0,0.22535211267605634
14.0,5.0,2.0,0.1,0.1,0.4,3.0,422.0,0.0,0.0,0.22511848341232227
14.0,5.0,3.0,0.1,0.1,0.4,3.0,424.0,0.0,0.0,0.22641509433962265
14.0,5.0,4.0,0.1,0.1,0.4,3.0,420.0,0.0,0.0,0.22380952380952382
14.0,5.0,5.0,0.1,0.1,0.4,3.0,423.0,0.0,0.0,0.22458628841607564
14.0,5.0,6.0,0.1,0.1,0.4,3.0,420.0,0.0,0.0,0.22380952380952382
14.0,5.0,7.0,0.1,0.1,0.4,3.0,415.0,0.0,0.0,0.22650602409638554
14.0,5.0,8.0,0.1,0.1,0.4,3.0,412.0,0.0,0.0,0.22572815533980584
14.0,5.0,9.0,0.1,0.1,0.4,3.0,415.0,0.0,0.0,0.22650602409638554
14.0,5.0,10.0,0.1,0.1,0.4,3.0,412.0,0.0,0.0,0.22572815533980584
14.0,5.0,11.0,0.1,0.1,0.4,3.0,415.0,0.0,0.0,0.22650602409638554
14.0,5.0,12.0,0.1,0.1,0.4,3.0,410.0,0.0,0.0,0.22682926829268293
14.0,5.0,13.0,0.1,0.1,0.4,3.0,412.0,0.0,0.0,0.22815533980582525
14.0,5.0,14.0,0.1,0.1,0.4,3.0,400.0,0.0,0.0,0.2275
14.0,5.0,15.0,0.1,0.1,0.4,3.0,402.0,0.0,0.0,0.22885572139303484
14.0,5.0,16.0,0.1,0.1,0.4,3.0,387.0,0.0,0.0,0.22997416020671835
14.0,5.0,17.0,0.1,0.1,0.4,3.0,391.0,0.0,0.0,0.23017902813299232
14.0,5.0,18.0,0.1,0.1,0.4,3.0,386.0,0.0,0.0,0.22797927461139897
14.0,5.0,19.0,0.1,0.1,0.4,3.0,389.0,0.0,0.0,0.22879177377892032
14.0,5.0,20.0,0.1,0.1,0.4,3.0,792.0,0.0,0.0,0.1111111111111111
14.0,5.0,21.0,0.1,0.1,0.4,3.0,784.0,0.0,0.0,0.11352040816326531
14.0,5.0,22.0,0.1,0.1,0.4,3.0,748.0,0.0,0.0,0.11363636363636363
14.0,5.0,23.0,0.1,0.1,0.4,3.0,748.0,0.0,0.0,0.11497326203208556
14.0,5.0,24.0,0.1,0.1,0.4,3.0,709.0,0.0,0.0,0.11706629055007052
14.0,5.0,25.0,0.1,0.1,0.4,3.0,688.0,0.0,0.0,0.11773255813953488
14.0,5.0,26.0,0.1,0.1,0.4,3.0,686.0,0.0,0.0,0.11807580174927114
14.0,5.0,27.0,0.1,0.1,0.4,3.0,680.0,0.0,0.0,0.11911764705882352
14.0,5.0,28.0,0.1,0.1,0.4,3.0,669.0,0.0,0.0,0.11958146487294469
14.0,5.0,29.0,0.1,0.1,0.4,3.0,657.0,0.0,0.0,0.1232876712328767
14.0,5.0,30.0,0.1,0.1,0.4,3.0,636.0,0.0,0.0,0.12578616352201258
14.0,5.0,31.0,0.1,0.1,0.4,3.0,637.0,0.0,0.0,0.1271585557299843
14.0,5.0,32.0,0.1,0.1,0.4,3.0,600.0,0.0,0.0,0.13166666666666665
14.0,5.0,33.0,0.1,0.1,0.4,3.0,582.0,0.0,0.0,0.1323024054982818
14.0,5.0,34.0,0.1,0.1,0.4,3.0,549.0,0.0,0.0,0.12932604735883424
14.0,5.0,35.0,0.1,0.1,0.4,3.0,549.0,0.0,0.0,0.12932604735883424
14.0,5.0,36.0,0.1,0.1,0.4,3.0,547.0,0.0,0.0,0.12797074954296161
14.0,5.0,37.0,0.1,0.1,0.4,3.0,533.0,0.0,0.0,0.1294559099437148
14.0,5.0,38.0,0.1,0.1,0.4,3.0,531.0,0.0,0.0,0.128060263653484
14.0,5.0,39.0,0.1,0.1,0.4,3.0,522.0,0.0,0.0,0.13026819923371646
14.0,5.0,40.0,0.1,0.1,0.4,3.0,519.0,0.0,0.0,0.12909441233140656
14.0,5.0,41.0,0.1,0.1,0.4,3.0,518.0,0.0,0.0,0.1274131274131274
14.0,5.0,42.0,0.1,0.1,0.4,3.0,505.0,0.0,0.0,0.12475247524752475
14.0,5.0,43.0,0.1,0.1,0.4,3.0,482.0,0.0,0.0,0.12655601659751037
14.0,5.0,44.0,0.1,0.1,0.4,3.0,480.0,0.0,0.0,0.125
14.0,5.0,45.0,0.1,0.1,0.4,3.0,471.0,0.0,0.0,0.22505307855626328
14.0,5.0,46.0,0.1,0.1,0.4,3.0,459.0,0.0,0.0,0.22657952069716775
14.0,5.0,47.0,0.1,0.1,0.4,3.0,460.0,0.0,0.0,0.22826086956521738
14.0,5.0,48.0,0.1,0.1,0.4,3.0,443.0,0.0,0.0,0.23024830699774265
14.0,5.0,49.0,0.1,0.1,0.4,3.0,424.0,0.0,0.0,0.23349056603773585
14.0,5.0,50.0,0.1,0.1,0.4,3.0,424.0,0.0,0.0,0.23113207547169812
14.0,5.0,51.0,0.1,0.1,0.4,3.0,425.0,0.0,0.0,0.23294117647058823
14.0,5.0,52.0,0.1,0.1,0.4,3.0,407.0,0.0,0.0,0.2285012285012285
14.0,6.0,1.0,0.1,0.1,0.4,3.0,406.0,0.0,0.0,0.2315270935960591
14.0,6.0,2.0,0.1,0.1,0.4,3.0,405.0,0.0,0.0,0.22962962962962963
14.0,6.0,3.0,0.1,0.1,0.4,3.0,405.0,0.0,0.0,0.22962962962962963
14.0,6.0,4.0,0.1,0.1,0.4,3.0,403.0,0.0,0.0,0.22580645161290322
14.0,6.0,5.0,0.1,0.1,0.4,3.0,403.0,0.0,0.0,0.228287841191067
14.0,6.0,6.0,0.1,0.1,0.4,3.0,401.0,0.0,0.0,0.22693266832917705
14.0,6.0,7.0,0.1,0.1,0.4,3.0,401.0,0.0,0.0,0.22693266832917705
14.0,6.0,8.0,0.1,0.1,0.4,3.0,400.0,0.0,0.0,0.225
14.0,6.0,9.0,0.1,0.1,0.4,3.0,400.0,0.0,0.0,0.2275
14.0,6.0,10.0,0.1,0.1,0.4,3.0,400.0,0.0,0.0,0.225
14.0,6.0,11.0,0.1,0.1,0.4,3.0,399.0,0.0,0.0,0.22556390977443608
14.0,6.0,12.0,0.1,0.1,0.4,3.0,395.0,0.0,0.0,0.22531645569620254
14.0,6.0,13.0,0.1,0.1,0.4,3.0,394.0,0.0,0.0,0.2233502538071066
14.0,6.0,14.0,0.1,0.1,0.4,3.0,393.0,0.0,0.0,0.22391857506361323
14.0,6.0,15.0,0.1,0.1,0.4,3.0,385.0,0.0,0.0,0.22337662337662337
14.0,6.0,16.0,0.1,0.1,0.4,3.0,385.0,0.0,0.0,0.22337662337662337
14.0,6.0,17.0,0.1,0.1,0.4,3.0,384.0,0.0,0.0,0.22395833333333334
14.0,6.0,18.0,0.1,0.1,0.4,3.0,384.0,0.0,0.0,0.22395833333333334
14.0,6.0,19.0,0.1,0.1,0.4,3.0,383.0,0.0,0.0,0.22193211488250653
14.0,6.0,20.0,0.1,0.1,0.4,3.0,717.0,0.0,0.0,0.11854951185495119
14.0,6.0,21.0,0.1,0.1,0.4,3.0,668.0,0.0,0.0,0.12125748502994012
14.0,6.0,22.0,0.1,0.1,0.4,3.0,668.0,0.0,0.0,0.12125748502994012
14.0,6.0,23.0,0.1,0.1,0.4,3.0,643.0,0.0,0.0,0.12441679626749612
14.0,6.0,24.0,0.1,0.1,0.4,3.0,618.0,0.0,0.0,0.127831715210356
14.0,6.0,25.0,0.1,0.1,0.4,3.0,608.0,0.0,0.0,0.12828947368421054
14.0,6.0,26.0,0.1,0.1,0.4,3.0,578.0,0.0,0.0,0.1314878892733564
14.0,6.0,27.0,0.1,0.1,0.4,3.0,557.0,0.0,0.0,0.1310592459605027
14.0,6.0,28.0,0.1,0.1,0.4,3.0,531.0,0.0,0.0,0.13559322033898305
14.0,6.0,29.0,0.1,0.1,0.4,3.0,505.0,0.0,0.0,0.13267326732673268
14.0,6.0,30.0,0.1,0.1,0.4,3.0,505.0,0.0,0.0,0.13267326732673268
14.0,6.0,31.0,0.1,0.1,0.4,3.0,479.0,0.0,0.0,0.13778705636743216
14.0,6.0,32.0,0.1,0.1,0.4,3.0,468.0,0.0,0.0,0.13675213675213677
14.0,6.0,33.0,0.1,0.1,0.4,3.0,461.0,0.0,0.0,0.13882863340563992
14.0,6.0,34.0,0.1,0.1,0.4,3.0,445.0,0.0,0.0,0.1393258426966292
14.0,6.0,35.0,0.1,0.1,0.4,3.0,435.0,0.0,0.0,0.14022988505747128
14.0,6.0,36.0,0.1,0.1,0.4,3.0,435.0,0.0,0.0,0.14022988505747128
14.0,6.0,37.0,0.1,0.1,0.4,3.0,425.0,0.0,0.0,0.1411764705882353
14.0,6.0,38.0,0.1,0.1,0.4,3.0,425.0,0.0,0.0,0.1411764705882353
14.0,6.0,39.0,0.1,0.1,0.4,3.0,425.0,0.0,0.0,0.1411764705882353
14.0,6.0,40.0,0.1,0.1,0.4,3.0,424.0,0.0,0.0,0.14150943396226415
14.0,6.0,41.0,0.1,0.1,0.4,3.0,413.0,0.0,0.0,0.14043583535108958
14.0,6.0,42.0,0.1,0.1,0.4,3.0,413.0,0.0,0.0,0.14043583535108958
14.0,6.0,43.0,0.1,0.1,0.4,3.0,413.0,0.0,0.0,0.14043583535108958
14.0,6.0,44.0,0.1,0.1,0.4,3.0,400.0,0.0,0.0,0.145
14.0,6.0,45.0,0.1,0.1,0.4,3.0,400.0,0.0,0.0,0.19
14.0,6.0,46.0,0.1,0.1,0.4,3.0,400.0,0.0,0.0,0.1875
14.0,6.0,47.0,0.1,0.1,0.4,3.0,389.0,0.0,0.0,0.18766066838046272
14.0,6.0,48.0,0.1,0.1,0.4,3.0,381.0,0.0,0.0,0.18635170603674542
14.0,6.0,49.0,0.1,0.1,0.4,3.0,381.0,0.0,0.0,0.1889763779527559
14.0,6.0,50.0,0.1,0.1,0.4,3.0,384.0,0.0,0.0,0.18489583333333334
14.0,6.0,51.0,0.1,0.1,0.4,3.0,383.0,0.0,0.0,0.185378590078329
14.0,6.0,52.0,0.1,0.1,0.4,3.0,383.0,0.0,0.0,0.18276762402088773
14.0,7.0,1.0,0.1,0.1,0.4,3.0,383.0,0.0,0.0,0.185378590078329
14.0,7.0,2.0,0.1,0.1,0.4,3.0,381.0,0.0,0.0,0.1784776902887139
14.0,7.0,3.0,0.1,0.1,0.4,3.0,381.0,0.0,0.0,0.18110236220472442
14.0,7.0,4.0,0.1,0.1,0.4,3.0,380.0,0.0,0.0,0.17894736842105263
14.0,7.0,5.0,0.1,0.1,0.4,3.0,380.0,0.0,0.0,0.18157894736842106
14.0,7.0,6.0,0.1,0.1,0.4,3.0,379.0,0.0,0.0,0.17678100263852242
14.0,7.0,7.0,0.1,0.1,0.4,3.0,375.0,0.0,0.0,0.17866666666666667
14.0,7.0,8.0,0.1,0.1,0.4,3.0,376.0,0.0,0.0,0.17553191489361702
14.0,7.0,9.0,0.1,0.1,0.4,3.0,376.0,0.0,0.0,0.17819148936170212
14.0,7.0,10.0,0.1,0.1,0.4,3.0,375.0,0.0,0.0,0.176
14.0,7.0,11.0,0.1,0.1,0.4,3.0,374.0,0.0,0.0,0.17914438502673796
14.0,7.0,12.0,0.1,0.1,0.4,3.0,372.0,0.0,0.0,0.1774193548387097
14.0,7.0,13.0,0.1,0.1,0.4,3.0,371.0,0.0,0.0,0.18059299191374664
14.0,7.0,14.0,0.1,0.1,0.4,3.0,371.0,0.0,0.0,0.1752021563342318
14.0,7.0,15.0,0.1,0.1,0.4,3.0,371.0,0.0,0.0,0.1778975741239892
14.0,7.0,16.0,0.1,0.1,0.4,3.0,363.0,0.0,0.0,0.17355371900826447
14.0,7.0,17.0,0.1,0.1,0.4,3.0,361.0,0.0,0.0,0.1772853185595568
14.0,7.0,18.0,0.1,0.1,0.4,3.0,361.0,0.0,0.0,0.1745152354570637
14.0,7.0,19.0,0.1,0.1,0.4,3.0,360.0,0.0,0.0,0.17777777777777778
14.0,7.0,20.0,0.1,0.1,0.4,3.0,624.0,0.0,0.0,0.10096153846153846
14.0,7.0,21.0,0.1,0.1,0.4,3.0,596.0,0.0,0.0,0.10570469798657718
14.0,7.0,22.0,0.1,0.1,0.4,3.0,577.0,0.0,0.0,0.10398613518197573
14.0,7.0,23.0,0.1,0.1,0.4,3.0,556.0,0.0,0.0,0.1079136690647482
14.0,7.0,24.0,0.1,0.1,0.4,3.0,527.0,0.0,0.0,0.11195445920303605
14.0,7.0,25.0,0.1,0.1,0.4,3.0,526.0,0.0,0.0,0.11406844106463879
14.0,7.0,26.0,0.1,0.1,0.4,3.0,502.0,0.0,0.0,0.11155378486055777
14.0,7.0,27.0,0.1,0.1,0.4,3.0,495.0,0.0,0.0,0.11313131313131314
14.0,7.0,28.0,0.1,0.1,0.4,3.0,480.0,0.0,0.0,0.1125
14.0,7.0,29.0,0.1,0.1,0.4,3.0,471.0,0.0,0.0,0.11464968152866242
14.0,7.0,30.0,0.1,0.1,0.4,3.0,450.0,0.0,0.0,0.11777777777777777
14.0,7.0,31.0,0.1,0.1,0.4,3.0,439.0,0.0,0.0,0.12072892938496584
14.0,7.0,32.0,0.1,0.1,0.4,3.0,438.0,0.0,0.0,0.11643835616438356
14.0,7.0,33.0,0.1,0.1,0.4,3.0,437.0,0.0,0.0,0.11670480549199085
14.0,7.0,34.0,0.1,0.1,0.4,3.0,420.0,0.0,0.0,0.11666666666666667
14.0,7.0,35.0,0.1,0.1,0.4,3.0,411.0,0.0,0.0,0.11192214111922141
14.0,7.0,36.0,0.1,0.1,0.4,3.0,411.0,0.0,0.0,0.10948905109489052
14.0,7.0,37.0,0.1,0.1,0.4,3.0,401.0,0.0,0.0,0.11221945137157108
14.0,7.0,38.0,0.1,0.1,0.4,3.0,402.0,0.0,0.0,0.11194029850746269
14.0,7.0,39.0,0.1,0.1,0.4,3.0,400.0,0.0,0.0,0.1125
14.0,7.0,40.0,0.1,0.1,0.4,3.0,394.0,0.0,0.0,0.11421319796954314
14.0,7.0,41.0,0.1,0.1,0.4,3.0,392.0,0.0,0.0,0.11479591836734694
14.0,7.0,42.0,0.1,0.1,0.4,3.0,378.0,0.0,0.0,0.1164021164021164
14.0,7.0,43.0,0.1,0.1,0.4,3.0,376.0,0.0,0.0,0.11702127659574468
14.0,7.0,44.0,0.1,0.1,0.4,3.0,370.0,0.0,0.0,0.11891891891891893
14.0,7.0,45.0,0.1,0.1,0.4,3.0,370.0,0.0,0.0,0.1891891891891892
14.0,7.0,46.0,0.1,0.1,0.4,3.0,359.0,0.0,0.0,0.19220055710306408
14.0,7.0,47.0,0.1,0.1,0.4,3.0,359.0,0.0,0.0,0.1894150417827298
14.0,7.0,48.0,0.1,0.1,0.4,3.0,360.0,0.0,0.0,0.18888888888888888
14.0,7.0,49.0,0.1,0.1,0.4,3.0,359.0,0.0,0.0,0.1894150417827298
14.0,7.0,50.0,0.1,0.1,0.4,3.0,362.0,0.0,0.0,0.1878453038674033
14.0,7.0,51.0,0.1,0.1,0.4,3.0,360.0,0.0,0.0,0.18611111111111112
14.0,7.0,52.0,0.1,0.1,0.4,3.0,361.0,0.0,0.0,0.18559556786703602
14.0,8.0,1.0,0.1,0.1,0.4,3.0,361.0,0.0,0.0,0.18559556786703602
14.0,8.0,2.0,0.1,0.1,0.4,3.0,359.0,0.0,0.0,0.18662952646239556
14.0,8.0,3.0,0.1,0.1,0.4,3.0,359.0,0.0,0.0,0.18662952646239556
14.0,8.0,4.0,0.1,0.1,0.4,3.0,358.0,0.0,0.0,0.1871508379888268
14.0,8.0,5.0,0.1,0.1,0.4,3.0,358.0,0.0,0.0,0.1871508379888268
14.0,8.0,6.0,0.1,0.1,0.4,3.0,357.0,0.0,0.0,0.1876750700280112
14.0,8.0,7.0,0.1,0.1,0.4,3.0,358.0,0.0,0.0,0.1871508379888268
14.0,8.0,8.0,0.1,0.1,0.4,3.0,357.0,0.0,0.0,0.1876750700280112
14.0,8.0,9.0,0.1,0.1,0.4,3.0,347.0,0.0,0.0,0.19020172910662825
14.0,8.0,10.0,0.1,0.1,0.4,3.0,346.0,0.0,0.0,0.1907514450867052
14.0,8.0,11.0,0.1,0.1,0.4,3.0,347.0,0.0,0.0,0.19020172910662825
14.0,8.0,12.0,0.1,0.1,0.4,3.0,343.0,0.0,0.0,0.1924198250728863
14.0,8.0,13.0,0.1,0.1,0.4,3.0,342.0,0.0,0.0,0.19298245614035087
14.0,8.0,14.0,0.1,0.1,0.4,3.0,341.0,0.0,0.0,0.1935483870967742
14.0,8.0,15.0,0.1,0.1,0.4,3.0,343.0,0.0,0.0,0.1924198250728863
14.0,8.0,16.0,0.1,0.1,0.4,3.0,343.0,0.0,0.0,0.1924198250728863
14.0,8.0,17.0,0.1,0.1,0.4,3.0,342.0,0.0,0.0,0.19298245614035087
14.0,8.0,18.0,0.1,0.1,0.4,3.0,342.0,0.0,0.0,0.19298245614035087
14.0,8.0,19.0,0.1,0.1,0.4,3.0,341.0,0.0,0.0,0.1935483870967742
14.0,8.0,20.0,0.1,0.1,0.4,3.0,630.0,0.0,0.0,0.10476190476190476
14.0,8.0,21.0,0.1,0.1,0.4,3.0,632.0,0.0,0.0,0.10443037974683544
14.0,8.0,22.0,0.1,0.1,0.4,3.0,612.0,0.0,0.0,0.10784313725490197
14.0,8.0,23.0,0.1,0.1,0.4,3.0,591.0,0.0,0.0,0.10490693739424704
14.0,8.0,24.0,0.1,0.1,0.4,3.0,564.0,0.0,0.0,0.1099290780141844
14.0,8.0,25.0,0.1,0.1,0.4,3.0,546.0,0.0,0.0,0.10989010989010989
14.0,8.0,26.0,0.1,0.1,0.4,3.0,512.0,0.0,0.0,0.11328125
14.0,8.0,27.0,0.1,0.1,0.4,3.0,497.0,0.0,0.0,0.11267605633802817
14.0,8.0,28.0,0.1,0.1,0.4,3.0,482.0,0.0,0.0,0.11410788381742738
14.0,8.0,29.0,0.1,0.1,0.4,3.0,466.0,0.0,0.0,0.11587982832618025
14.0,8.0,30.0,0.1,0.1,0.4,3.0,443.0,0.0,0.0,0.11963882618510158
14.0,8.0,31.0,0.1,0.1,0.4,3.0,449.0,0.0,0.0,0.11804008908685969
14.0,8.0,32.0,0.1,0.1,0.4,3.0,434.0,0.0,0.0,0.11981566820276497
14.0,8.0,33.0,0.1,0.1,0.4,3.0,437.0,0.0,0.0,0.11899313501144165
14.0,8.0,34.0,0.1,0.1,0.4,3.0,433.0,0.0,0.0,0.12009237875288684
14.0,8.0,35.0,0.1,0.1,0.4,3.0,441.0,0.0,0.0,0.11791383219954649
14.0,8.0,36.0,0.1,0.1,0.4,3.0,413.0,0.0,0.0,0.12106537530266344
14.0,8.0,37.0,0.1,0.1,0.4,3.0,397.0,0.0,0.0,0.12090680100755667
14.0,8.0,38.0,0.1,0.1,0.4,3.0,395.0,0.0,0.0,0.12151898734177215
14.0,8.0,39.0,0.1,0.1,0.4,3.0,400.0,0.0,0.0,0.12
14.0,8.0,40.0,0.1,0.1,0.4,3.0,395.0,0.0,0.0,0.12151898734177215
14.0,8.0,41.0,0.1,0.1,0.4,3.0,399.0,0.0,0.0,0.11779448621553884
14.0,8.0,42.0,0.1,0.1,0.4,3.0,388.0,0.0,0.0,0.12371134020618557
14.0,8.0,43.0,0.1,0.1,0.4,3.0,394.0,0.0,0.0,0.1218274111675127
14.0,8.0,44.0,0.1,0.1,0.4,3.0,374.0,0.0,0.0,0.12566844919786097
14.0,8.0,45.0,0.1,0.1,0.4,3.0,372.0,0.0,0.0,0.20430107526881722
14.0,8.0,46.0,0.1,0.1,0.4,3.0,366.0,0.0,0.0,0.20491803278688525
14.0,8.0,47.0,0.1,0.1,0.4,3.0,371.0,0.0,0.0,0.20215633423180593
14.0,8.0,48.0,0.1,0.1,0.4,3.0,366.0,0.0,0.0,0.20491803278688525
14.0,8.0,49.0,0.1,0.1,0.4,3.0,372.0,0.0,0.0,0.20430107526881722
14.0,8.0,50.0,0.1,0.1,0.4,3.0,367.0,0.0,0.0,0.20435967302452315
14.0,8.0,51.0,0.1,0.1,0.4,3.0,363.0,0.0,0.0,0.20385674931129477
14.0,8.0,52.0,0.1,0.1,0.4,3.0,361.0,0.0,0.0,0.20498614958448755
14.0,9.0,1.0,0.1,0.1,0.4,3.0,360.0,0.0,0.0,0.20555555555555555
14.0,9.0,2.0,0.1,0.1,0.4,3.0,361.0,0.0,0.0,0.20498614958448755
14.0,9.0,3.0,0.1,0.1,0.4,3.0,359.0,0.0,0.0,0.20612813370473537
14.0,9.0,4.0,0.1,0.1,0.4,3.0,359.0,0.0,0.0,0.20334261838440112
14.0,9.0,5.0,0.1,0.1,0.4,3.0,359.0,0.0,0.0,0.20612813370473537
14.0,9.0,6.0,0.1,0.1,0.4,3.0,359.0,0.0,0.0,0.20612813370473537
14.0,9.0,7.0,0.1,0.1,0.4,3.0,359.0,0.0,0.0,0.20612813370473537
14.0,9.0,8.0,0.1,0.1,0.4,3.0,359.0,0.0,0.0,0.20612813370473537
14.0,9.0,9.0,0.1,0.1,0.4,3.0,359.0,0.0,0.0,0.20612813370473537
14.0,9.0,10.0,0.1,0.1,0.4,3.0,360.0,0.0,0.0,0.20555555555555555
14.0,9.0,11.0,0.1,0.1,0.4,3.0,355.0,0.0,0.0,0.2056338028169014
14.0,9.0,12.0,0.1,0.1,0.4,3.0,353.0,0.0,0.0,0.20679886685552407
14.0,9.0,13.0,0.1,0.1,0.4,3.0,352.0,0.0,0.0,0.20738636363636365
14.0,9.0,14.0,0.1,0.1,0.4,3.0,353.0,0.0,0.0,0.20679886685552407
14.0,9.0,15.0,0.1,0.1,0.4,3.0,352.0,0.0,0.0,0.20738636363636365
14.0,9.0,16.0,0.1,0.1,0.4,3.0,351.0,0.0,0.0,0.20797720797720798
14.0,9.0,17.0,0.1,0.1,0.4,3.0,351.0,0.0,0.0,0.20797720797720798
14.0,9.0,18.0,0.1,0.1,0.4,3.0,352.0,0.0,0.0,0.20738636363636365
14.0,9.0,19.0,0.1,0.1,0.4,3.0,351.0,0.0,0.0,0.20797720797720798
14.0,9.0,20.0,0.1,0.1,0.4,3.0,601.0,0.0,0.0,0.1064891846921797
14.0,9.0,21.0,0.1,0.1,0.4,3.0,580.0,0.0,0.0,0.10862068965517241
14.0,9.0,22.0,0.1,0.1,0.4,3.0,558.0,0.0,0.0,0.11290322580645161
14.0,9.0,23.0,0.1,0.1,0.4,3.0,547.0,0.0,0.0,0.11517367458866545
14.0,9.0,24.0,0.1,0.1,0.4,3.0,531.0,0.0,0.0,0.11864406779661017
14.0,9.0,25.0,0.1,0.1,0.4,3.0,522.0,0.0,0.0,0.1206896551724138
14.0,9.0,26.0,0.1,0.1,0.4,3.0,523.0,0.0,0.0,0.12045889101338432
14.0,9.0,27.0,0.1,0.1,0.4,3.0,478.0,0.0,0.0,0.1297071129707113
14.0,9.0,28.0,0.1,0.1,0.4,3.0,469.0,0.0,0.0,0.13219616204690832
14.0,9.0,29.0,0.1,0.1,0.4,3.0,468.0,0.0,0.0,0.13247863247863248
14.0,9.0,30.0,0.1,0.1,0.4,3.0,456.0,0.0,0.0,0.1337719298245614
14.0,9.0,31.0,0.1,0.1,0.4,3.0,456.0,0.0,0.0,0.1337719298245614
14.0,9.0,32.0,0.1,0.1,0.4,3.0,457.0,0.0,0.0,0.13347921225382933
14.0,9.0,33.0,0.1,0.1,0.4,3.0,448.0,0.0,0.0,0.13392857142857142
14.0,9.0,34.0,0.1,0.1,0.4,3.0,449.0,0.0,0.0,0.133630289532294
14.0,9.0,35.0,0.1,0.1,0.4,3.0,448.0,0.0,0.0,0.13392857142857142
14.0,9.0,36.0,0.1,0.1,0.4,3.0,449.0,0.0,0.0,0.133630289532294
14.0,9.0,37.0,0.1,0.1,0.4,3.0,440.0,0.0,0.0,0.13636363636363635
14.0,9.0,38.0,0.1,0.1,0.4,3.0,419.0,0.0,0.0,0.1431980906921241
14.0,9.0,39.0,0.1,0.1,0.4,3.0,418.0,0.0,0.0,0.14354066985645933
14.0,9.0,40.0,0.1,0.1,0.4,3.0,417.0,0.0,0.0,0.14388489208633093
14.0,9.0,41.0,0.1,0.1,0.4,3.0,407.0,0.0,0.0,0.14496314496314497
14.0,9.0,42.0,0.1,0.1,0.4,3.0,391.0,0.0,0.0,0.1483375959079284
14.0,9.0,43.0,0.1,0.1,0.4,3.0,390.0,0.0,0.0,0.14871794871794872
14.0,9.0,44.0,0.1,0.1,0.4,3.0,380.0,0.0,0.0,0.15
14.0,9.0,45.0,0.1,0.1,0.4,3.0,379.0,0.0,0.0,0.22955145118733508
14.0,9.0,46.0,0.1,0.1,0.4,3.0,380.0,0.0,0.0,0.22894736842105262
14.0,9.0,47.0,0.1,0.1,0.4,3.0,379.0,0.0,0.0,0.22955145118733508
14.0,9.0,48.0,0.1,0.1,0.4,3.0,380.0,0.0,0.0,0.22894736842105262
14.0,9.0,49.0,0.1,0.1,0.4,3.0,369.0,0.0,0.0,0.23035230352303523
14.0,9.0,50.0,0.1,0.1,0.4,3.0,369.0,0.0,0.0,0.22764227642276422
14.0,9.0,51.0,0.1,0.1,0.4,3.0,371.0,0.0,0.0,0.22911051212938005
14.0,9.0,52.0,0.1,0.1,0.4,3.0,368.0,0.0,0.0,0.22826086956521738
14.0,10.0,1.0,0.1,0.1,0.4,3.0,369.0,0.0,0.0,0.23035230352303523
14.0,10.0,2.0,0.1,0.1,0.4,3.0,368.0,0.0,0.0,0.22826086956521738
14.0,10.0,3.0,0.1,0.1,0.4,3.0,369.0,0.0,0.0,0.23035230352303523
14.0,10.0,4.0,0.1,0.1,0.4,3.0,368.0,0.0,0.0,0.22826086956521738
14.0,10.0,5.0,0.1,0.1,0.4,3.0,369.0,0.0,0.0,0.23035230352303523
14.0,10.0,6.0,0.1,0.1,0.4,3.0,367.0,0.0,0.0,0.22888283378746593
14.0,10.0,7.0,0.1,0.1,0.4,3.0,368.0,0.0,0.0,0.23097826086956522
14.0,10.0,8.0,0.1,0.1,0.4,3.0,367.0,0.0,0.0,0.22888283378746593
14.0,10.0,9.0,0.1,0.1,0.4,3.0,369.0,0.0,0.0,0.23035230352303523
14.0,10.0,10.0,0.1,0.1,0.4,3.0,367.0,0.0,0.0,0.22888283378746593
14.0,10.0,11.0,0.1,0.1,0.4,3.0,369.0,0.0,0.0,0.23035230352303523
14.0,10.0,12.0,0.1,0.1,0.4,3.0,367.0,0.0,0.0,0.22888283378746593
14.0,10.0,13.0,0.1,0.1,0.4,3.0,369.0,0.0,0.0,0.23035230352303523
14.0,10.0,14.0,0.1,0.1,0.4,3.0,366.0,0.0,0.0,0.22950819672131148
14.0,10.0,15.0,0.1,0.1,0.4,3.0,367.0,0.0,0.0,0.23160762942779292
14.0,10.0,16.0,0.1,0.1,0.4,3.0,364.0,0.0,0.0,0.23076923076923078
14.0,10.0,17.0,0.1,0.1,0.4,3.0,367.0,0.0,0.0,0.23160762942779292
14.0,10.0,18.0,0.1,0.1,0.4,3.0,364.0,0.0,0.0,0.23076923076923078
14.0,10.0,19.0,0.1,0.1,0.4,3.0,349.0,0.0,0.0,0.23782234957020057
14.0,10.0,20.0,0.1,0.1,0.4,3.0,620.0,0.0,0.0,0.10483870967741936
14.0,10.0,21.0,0.1,0.1,0.4,3.0,579.0,0.0,0.0,0.10535405872193437
14.0,10.0,22.0,0.1,0.1,0.4,3.0,580.0,0.0,0.0,0.10517241379310345
14.0,10.0,23.0,0.1,0.1,0.4,3.0,558.0,0.0,0.0,0.10931899641577061
14.0,10.0,24.0,0.1,0.1,0.4,3.0,549.0,0.0,0.0,0.1111111111111111
14.0,10.0,25.0,0.1,0.1,0.4,3.0,532.0,0.0,0.0,0.11090225563909774
14.0,10.0,26.0,0.1,0.1,0.4,3.0,503.0,0.0,0.0,0.1172962226640159
14.0,10.0,27.0,0.1,0.1,0.4,3.0,451.0,0.0,0.0,0.12195121951219512
14.0,10.0,28.0,0.1,0.1,0.4,3.0,431.0,0.0,0.0,0.11600928074245939
14.0,10.0,29.0,0.1,0.1,0.4,3.0,404.0,0.0,0.0,0.12128712871287128
14.0,10.0,30.0,0.1,0.1,0.4,3.0,397.0,0.0,0.0,0.12090680100755667
14.0,10.0,31.0,0.1,0.1,0.4,3.0,395.0,0.0,0.0,0.12151898734177215
14.0,10.0,32.0,0.1,0.1,0.4,3.0,397.0,0.0,0.0,0.12090680100755667
14.0,10.0,33.0,0.1,0.1,0.4,3.0,395.0,0.0,0.0,0.12151898734177215
14.0,10.0,34.0,0.1,0.1,0.4,3.0,397.0,0.0,0.0,0.12090680100755667
14.0,10.0,35.0,0.1,0.1,0.4,3.0,395.0,0.0,0.0,0.12151898734177215
14.0,10.0,36.0,0.1,0.1,0.4,3.0,381.0,0.0,0.0,0.12598425196850394
14.0,10.0,37.0,0.1,0.1,0.4,3.0,379.0,0.0,0.0,0.1266490765171504
14.0,10.0,38.0,0.1,0.1,0.4,3.0,373.0,0.0,0.0,0.128686327077748
14.0,10.0,39.0,0.1,0.1,0.4,3.0,371.0,0.0,0.0,0.1293800539083558
14.0,10.0,40.0,0.1,0.1,0.4,3.0,361.0,0.0,0.0,0.1329639889196676
14.0,10.0,41.0,0.1,0.1,0.4,3.0,352.0,0.0,0.0,0.13352272727272727
14.0,10.0,42.0,0.1,0.1,0.4,3.0,344.0,0.0,0.0,0.13372093023255813
14.0,10.0,43.0,0.1,0.1,0.4,3.0,343.0,0.0,0.0,0.13411078717201166
14.0,10.0,44.0,0.1,0.1,0.4,3.0,344.0,0.0,0.0,0.13372093023255813
14.0,10.0,45.0,0.1,0.1,0.4,3.0,342.0,0.0,0.0,0.20760233918128654
14.0,10.0,46.0,0.1,0.1,0.4,3.0,343.0,0.0,0.0,0.20699708454810495
14.0,10.0,47.0,0.1,0.1,0.4,3.0,342.0,0.0,0.0,0.20760233918128654
14.0,10.0,48.0,0.1,0.1,0.4,3.0,342.0,0.0,0.0,0.20760233918128654
14.0,10.0,49.0,0.1,0.1,0.4,3.0,341.0,0.0,0.0,0.20821114369501467
14.0,10.0,50.0,0.1,0.1,0.4,3.0,336.0,0.0,0.0,0.20833333333333334
14.0,10.0,51.0,0.1,0.1,0.4,3.0,336.0,0.0,0.0,0.20833333333333334
14.0,10.0,52.0,0.1,0.1,0.4,3.0,336.0,0.0,0.0,0.20833333333333334
15.0,1.0,1.0,0.1,0.1,0.4,3.0,5049.0,50.0,3.0,0.09843533372945137
15.0,1.0,2.0,0.1,0.1,0.4,3.0,4981.0,46.0,17.0,0.0977715318209195
15.0,1.0,3.0,0.1,0.1,0.4,3.0,4865.0,69.0,29.0,0.0986639260020555
15.0,1.0,4.0,0.1,0.1,0.4,3.0,4782.0,79.0,36.0,0.10016729401923881
15.0,1.0,5.0,0.1,0.1,0.4,3.0,4723.0,101.0,37.0,0.1020537793775143
15.0,1.0,6.0,0.1,0.1,0.4,3.0,4548.0,104.0,44.0,0.10224274406332454
15.0,1.0,7.0,0.1,0.1,0.4,3.0,4339.0,115.0,48.0,0.10394100023046784
15.0,1.0,8.0,0.1,0.1,0.4,3.0,4162.0,128.0,61.0,0.10403652090341182
15.0,1.0,9.0,0.1,0.1,0.4,3.0,4029.0,149.0,59.0,0.10498883097542815
15.0,1.0,10.0,0.1,0.1,0.4,3.0,3889.0,149.0,59.0,0.10465415273849318
15.0,1.0,11.0,0.1,0.1,0.4,3.0,3697.0,165.0,63.0,0.10684338652961861
15.0,1.0,12.0,0.1,0.1,0.4,3.0,3511.0,178.0,80.0,0.10851609228140131
15.0,1.0,13.0,0.1,0.1,0.4,3.0,3398.0,190.0,85.0,0.10653325485579752
15.0,1.0,14.0,0.1,0.1,0.4,3.0,3210.0,193.0,87.0,0.1102803738317757
15.0,1.0,15.0,0.1,0.1,0.4,3.0,3107.0,190.0,85.0,0.1107177341486965
15.0,1.0,16.0,0.1,0.1,0.4,3.0,3017.0,206.0,88.0,0.1136890951276102
15.0,1.0,17.0,0.1,0.1,0.4,3.0,2941.0,211.0,92.0,0.1125467528051683
15.0,1.0,18.0,0.1,0.1,0.4,3.0,2851.0,194.0,91.0,0.11539810592774465
15.0,1.0,19.0,0.1,0.1,0.4,3.0,2746.0,196.0,93.0,0.11580480699198835
15.0,1.0,20.0,0.1,0.1,0.4,3.0,7177.0,187.0,89.0,0.04389020482095583
15.0,1.0,21.0,0.1,0.1,0.4,3.0,6533.0,255.0,89.0,0.044236950864840044
15.0,1.0,22.0,0.1,0.1,0.4,3.0,5883.0,278.0,88.0,0.04555498895121537
15.0,1.0,23.0,0.1,0.1,0.4,3.0,5415.0,304.0,107.0,0.04653739612188366
15.0,1.0,24.0,0.1,0.1,0.4,3.0,5053.0,365.0,123.0,0.047892341183455374
15.0,1.0,25.0,0.1,0.1,0.4,3.0,4625.0,376.0,133.0,0.049945945945945945
15.0,1.0,26.0,0.1,0.1,0.4,3.0,4127.0,386.0,134.0,0.0518536467167434
15.0,1.0,27.0,0.1,0.1,0.4,3.0,3780.0,409.0,157.0,0.05317460317460317
15.0,1.0,28.0,0.1,0.1,0.4,3.0,3484.0,414.0,173.0,0.05568312284730195
15.0,1.0,29.0,0.1,0.1,0.4,3.0,3291.0,428.0,177.0,0.05712549377089031
15.0,1.0,30.0,0.1,0.1,0.4,3.0,3065.0,433.0,181.0,0.0600326264274062
15.0,1.0,31.0,0.1,0.1,0.4,3.0,2850.0,398.0,179.0,0.06385964912280702
15.0,1.0,32.0,0.1,0.1,0.4,3.0,2607.0,381.0,175.0,0.06444188722669736
15.0,1.0,33.0,0.1,0.1,0.4,3.0,2460.0,384.0,182.0,0.06747967479674796
15.0,1.0,34.0,0.1,0.1,0.4,3.0,2294.0,348.0,175.0,0.06931124673060157
15.0,1.0,35.0,0.1,0.1,0.4,3.0,2074.0,343.0,158.0,0.07232401157184185
15.0,1.0,36.0,0.1,0.1,0.4,3.0,1908.0,348.0,165.0,0.07651991614255765
15.0,1.0,37.0,0.1,0.1,0.4,3.0,1789.0,345.0,134.0,0.08049189491335942
15.0,1.0,38.0,0.1,0.1,0.4,3.0,1578.0,290.0,140.0,0.08745247148288973
15.0,1.0,39.0,0.1,0.1,0.4,3.0,1468.0,265.0,126.0,0.09332425068119891
15.0,1.0,40.0,0.1,0.1,0.4,3.0,1378.0,264.0,135.0,0.09506531204644413
15.0,1.0,41.0,0.1,0.1,0.4,3.0,1293.0,232.0,122.0,0.10131477184841454
15.0,1.0,42.0,0.1,0.1,0.4,3.0,1192.0,204.0,117.0,0.10654362416107382
15.0,1.0,43.0,0.1,0.1,0.4,3.0,1115.0,194.0,99.0,0.11390134529147983
15.0,1.0,44.0,0.1,0.1,0.4,3.0,1059.0,177.0,77.0,0.11992445703493862
15.0,1.0,45.0,0.1,0.1,0.4,3.0,983.0,159.0,69.0,0.19328585961342828
15.0,1.0,46.0,0.1,0.1,0.4,3.0,915.0,151.0,76.0,0.19344262295081968
15.0,1.0,47.0,0.1,0.1,0.4,3.0,884.0,144.0,79.0,0.19457013574660634
15.0,1.0,48.0,0.1,0.1,0.4,3.0,827.0,126.0,67.0,0.20435308343409916
15.0,1.0,49.0,0.1,0.1,0.4,3.0,762.0,110.0,58.0,0.21391076115485563
15.0,1.0,50.0,0.1,0.1,0.4,3.0,721.0,97.0,56.0,0.21914008321775313
15.0,1.0,51.0,0.1,0.1,0.4,3.0,703.0,92.0,52.0,0.22475106685633
15.0,1.0,52.0,0.1,0.1,0.4,3.0,677.0,77.0,48.0,0.23042836041358936
15.0,2.0,1.0,0.1,0.1,0.4,3.0,656.0,63.0,39.0,0.2347560975609756
15.0,2.0,2.0,0.1,0.1,0.4,3.0,641.0,59.0,36.0,0.24024960998439937
15.0,2.0,3.0,0.1,0.1,0.4,3.0,615.0,46.0,25.0,0.24552845528455283
15.0,2.0,4.0,0.1,0.1,0.4,3.0,601.0,37.0,20.0,0.24792013311148087
15.0,2.0,5.0,0.1,0.1,0.4,3.0,589.0,33.0,21.0,0.24787775891341257
15.0,2.0,6.0,0.1,0.1,0.4,3.0,581.0,32.0,19.0,0.2495697074010327
15.0,2.0,7.0,0.1,0.1,0.4,3.0,571.0,29.0,19.0,0.2521891418563923
15.0,2.0,8.0,0.1,0.1,0.4,3.0,557.0,20.0,13.0,0.25673249551166966
15.0,2.0,9.0,0.1,0.1,0.4,3.0,552.0,20.0,11.0,0.25905797101449274
15.0,2.0,10.0,0.1,0.1,0.4,3.0,544.0,16.0,10.0,0.2610294117647059
15.0,2.0,11.0,0.1,0.1,0.4,3.0,540.0,12.0,8.0,0.2611111111111111
15.0,2.0,12.0,0.1,0.1,0.4,3.0,534.0,10.0,9.0,0.26217228464419473
15.0,2.0,13.0,0.1,0.1,0.4,3.0,530.0,7.0,5.0,0.2660377358490566
15.0,2.0,14.0,0.1,0.1,0.4,3.0,525.0,6.0,4.0,0.26857142857142857
15.0,2.0,15.0,0.1,0.1,0.4,3.0,517.0,4.0,1.0,0.27079303675048355
15.0,2.0,16.0,0.1,0.1,0.4,3.0,493.0,3.0,1.0,0.2697768762677485
15.0,2.0,17.0,0.1,0.1,0.4,3.0,488.0,2.0,1.0,0.26639344262295084
15.0,2.0,18.0,0.1,0.1,0.4,3.0,483.0,3.0,2.0,0.2650103519668737
15.0,2.0,19.0,0.1,0.1,0.4,3.0,485.0,3.0,0.0,0.2639175257731959
15.0,2.0,20.0,0.1,0.1,0.4,3.0,835.0,3.0,1.0,0.15089820359281436
15.0,2.0,21.0,0.1,0.1,0.4,3.0,787.0,2.0,1.0,0.15120711562897077
15.0,2.0,22.0,0.1,0.1,0.4,3.0,724.0,3.0,2.0,0.14502762430939226
15.0,2.0,23.0,0.1,0.1,0.4,3.0,713.0,3.0,2.0,0.14866760168302945
15.0,2.0,24.0,0.1,0.1,0.4,3.0,688.0,2.0,1.0,0.14680232558139536
15.0,2.0,25.0,0.1,0.1,0.4,3.0,660.0,2.0,0.0,0.15303030303030302
15.0,2.0,26.0,0.1,0.1,0.4,3.0,639.0,2.0,0.0,0.15336463223787167
15.0,2.0,27.0,0.1,0.1,0.4,3.0,620.0,2.0,1.0,0.15161290322580645
15.0,2.0,28.0,0.1,0.1,0.4,3.0,599.0,5.0,1.0,0.15025041736227046
15.0,2.0,29.0,0.1,0.1,0.4,3.0,574.0,2.0,1.0,0.14982578397212543
15.0,2.0,30.0,0.1,0.1,0.4,3.0,568.0,1.0,1.0,0.14612676056338028
15.0,2.0,31.0,0.1,0.1,0.4,3.0,560.0,2.0,1.0,0.14285714285714285
15.0,2.0,32.0,0.1,0.1,0.4,3.0,551.0,2.0,1.0,0.147005444646098
15.0,2.0,33.0,0.1,0.1,0.4,3.0,542.0,1.0,0.0,0.14575645756457564
15.0,2.0,34.0,0.1,0.1,0.4,3.0,542.0,1.0,0.0,0.14575645756457564
15.0,2.0,35.0,0.1,0.1,0.4,3.0,541.0,1.0,1.0,0.1478743068391867
15.0,2.0,36.0,0.1,0.1,0.4,3.0,510.0,2.0,1.0,0.15098039215686274
15.0,2.0,37.0,0.1,0.1,0.4,3.0,503.0,2.0,1.0,0.14910536779324055
15.0,2.0,38.0,0.1,0.1,0.4,3.0,487.0,1.0,1.0,0.1457905544147844
15.0,2.0,39.0,0.1,0.1,0.4,3.0,486.0,1.0,1.0,0.14814814814814814
15.0,2.0,40.0,0.1,0.1,0.4,3.0,471.0,1.0,1.0,0.14437367303609341
15.0,2.0,41.0,0.1,0.1,0.4,3.0,469.0,0.0,0.0,0.14498933901918976
15.0,2.0,42.0,0.1,0.1,0.4,3.0,467.0,0.0,0.0,0.14775160599571735
15.0,2.0,43.0,0.1,0.1,0.4,3.0,461.0,0.0,0.0,0.14533622559652928
15.0,2.0,44.0,0.1,0.1,0.4,3.0,458.0,0.0,0.0,0.14847161572052403
15.0,2.0,45.0,0.1,0.1,0.4,3.0,452.0,0.0,0.0,0.2345132743362832
15.0,2.0,46.0,0.1,0.1,0.4,3.0,452.0,0.0,0.0,0.23893805309734514
15.0,2.0,47.0,0.1,0.1,0.4,3.0,446.0,0.0,0.0,0.23766816143497757
15.0,2.0,48.0,0.1,0.1,0.4,3.0,449.0,0.0,0.0,0.24053452115812918
15.0,2.0,49.0,0.1,0.1,0.4,3.0,429.0,0.0,0.0,0.24242424242424243
15.0,2.0,50.0,0.1,0.1,0.4,3.0,421.0,0.0,0.0,0.24465558194774348
15.0,2.0,51.0,0.1,0.1,0.4,3.0,417.0,0.0,0.0,0.2422062350119904
15.0,2.0,52.0,0.1,0.1,0.4,3.0,396.0,0.0,0.0,0.24494949494949494
15.0,3.0,1.0,0.1,0.1,0.4,3.0,398.0,0.0,0.0,0.24120603015075376
15.0,3.0,2.0,0.1,0.1,0.4,3.0,389.0,0.0,0.0,0.2416452442159383
15.0,3.0,3.0,0.1,0.1,0.4,3.0,390.0,0.0,0.0,0.24102564102564103
15.0,3.0,4.0,0.1,0.1,0.4,3.0,374.0,0.0,0.0,0.25133689839572193
15.0,3.0,5.0,0.1,0.1,0.4,3.0,374.0,0.0,0.0,0.24866310160427807
15.0,3.0,6.0,0.1,0.1,0.4,3.0,365.0,0.0,0.0,0.2493150684931507
15.0,3.0,7.0,0.1,0.1,0.4,3.0,370.0,0.0,0.0,0.24594594594594596
15.0,3.0,8.0,0.1,0.1,0.4,3.0,362.0,0.0,0.0,0.24861878453038674
15.0,3.0,9.0,0.1,0.1,0.4,3.0,369.0,0.0,0.0,0.24119241192411925
15.0,3.0,10.0,0.1,0.1,0.4,3.0,361.0,0.0,0.0,0.2409972299168975
15.0,3.0,11.0,0.1,0.1,0.4,3.0,363.0,0.0,0.0,0.2369146005509642
15.0,3.0,12.0,0.1,0.1,0.4,3.0,356.0,0.0,0.0,0.23876404494382023
15.0,3.0,13.0,0.1,0.1,0.4,3.0,359.0,0.0,0.0,0.23676880222841226
15.0,3.0,14.0,0.1,0.1,0.4,3.0,355.0,0.0,0.0,0.23661971830985915
15.0,3.0,15.0,0.1,0.1,0.4,3.0,347.0,0.0,0.0,0.23919308357348704
15.0,3.0,16.0,0.1,0.1,0.4,3.0,349.0,0.0,0.0,0.24068767908309455
15.0,3.0,17.0,0.1,0.1,0.4,3.0,337.0,0.0,0.0,0.228486646884273
15.0,3.0,18.0,0.1,0.1,0.4,3.0,338.0,0.0,0.0,0.23076923076923078
15.0,3.0,19.0,0.1,0.1,0.4,3.0,326.0,0.0,0.0,0.22699386503067484
15.0,3.0,20.0,0.1,0.1,0.4,3.0,585.0,0.0,0.0,0.13162393162393163
15.0,3.0,21.0,0.1,0.1,0.4,3.0,540.0,0.0,0.0,0.12962962962962962
15.0,3.0,22.0,0.1,0.1,0.4,3.0,525.0,0.0,0.0,0.13142857142857142
15.0,3.0,23.0,0.1,0.1,0.4,3.0,487.0,0.0,0.0,0.13141683778234087
15.0,3.0,24.0,0.1,0.1,0.4,3.0,485.0,0.0,0.0,0.12989690721649486
15.0,3.0,25.0,0.1,0.1,0.4,3.0,455.0,0.0,0.0,0.13186813186813187
15.0,3.0,26.0,0.1,0.1,0.4,3.0,467.0,0.0,0.0,0.13062098501070663
15.0,3.0,27.0,0.1,0.1,0.4,3.0,455.0,0.0,0.0,0.13186813186813187
15.0,3.0,28.0,0.1,0.1,0.4,3.0,451.0,0.0,0.0,0.1352549889135255
15.0,3.0,29.0,0.1,0.1,0.4,3.0,402.0,0.0,0.0,0.13930348258706468
15.0,3.0,30.0,0.1,0.1,0.4,3.0,404.0,0.0,0.0,0.13861386138613863
15.0,3.0,31.0,0.1,0.1,0.4,3.0,397.0,0.0,0.0,0.14105793450881612
15.0,3.0,32.0,0.1,0.1,0.4,3.0,386.0,0.0,0.0,0.13730569948186527
15.0,3.0,33.0,0.1,0.1,0.4,3.0,371.0,0.0,0.0,0.14285714285714285
15.0,3.0,34.0,0.1,0.1,0.4,3.0,376.0,0.0,0.0,0.13297872340425532
15.0,3.0,35.0,0.1,0.1,0.4,3.0,354.0,0.0,0.0,0.1384180790960452
15.0,3.0,36.0,0.1,0.1,0.4,3.0,350.0,0.0,0.0,0.13714285714285715
15.0,3.0,37.0,0.1,0.1,0.4,3.0,348.0,0.0,0.0,0.13793103448275862
15.0,3.0,38.0,0.1,0.1,0.4,3.0,332.0,0.0,0.0,0.14457831325301204
15.0,3.0,39.0,0.1,0.1,0.4,3.0,316.0,0.0,0.0,0.14873417721518986
15.0,3.0,40.0,0.1,0.1,0.4,3.0,311.0,0.0,0.0,0.14790996784565916
15.0,3.0,41.0,0.1,0.1,0.4,3.0,308.0,0.0,0.0,0.14935064935064934
15.0,3.0,42.0,0.1,0.1,0.4,3.0,298.0,0.0,0.0,0.15100671140939598
15.0,3.0,43.0,0.1,0.1,0.4,3.0,295.0,0.0,0.0,0.14576271186440679
15.0,3.0,44.0,0.1,0.1,0.4,3.0,294.0,0.0,0.0,0.14965986394557823
15.0,3.0,45.0,0.1,0.1,0.4,3.0,281.0,0.0,0.0,0.2206405693950178
15.0,3.0,46.0,0.1,0.1,0.4,3.0,279.0,0.0,0.0,0.22580645161290322
15.0,3.0,47.0,0.1,0.1,0.4,3.0,279.0,0.0,0.0,0.21863799283154123
15.0,3.0,48.0,0.1,0.1,0.4,3.0,279.0,0.0,0.0,0.2222222222222222
15.0,3.0,49.0,0.1,0.1,0.4,3.0,276.0,0.0,0.0,0.21739130434782608
15.0,3.0,50.0,0.1,0.1,0.4,3.0,271.0,0.0,0.0,0.22509225092250923
15.0,3.0,51.0,0.1,0.1,0.4,3.0,267.0,0.0,0.0,0.2247191011235955
15.0,3.0,52.0,0.1,0.1,0.4,3.0,268.0,0.0,0.0,0.22761194029850745
15.0,4.0,1.0,0.1,0.1,0.4,3.0,259.0,0.0,0.0,0.2277992277992278
15.0,4.0,2.0,0.1,0.1,0.4,3.0,257.0,0.0,0.0,0.22178988326848248
15.0,4.0,3.0,0.1,0.1,0.4,3.0,251.0,0.0,0.0,0.22310756972111553
15.0,4.0,4.0,0.1,0.1,0.4,3.0,253.0,0.0,0.0,0.21739130434782608
15.0,4.0,5.0,0.1,0.1,0.4,3.0,250.0,0.0,0.0,0.216
15.0,4.0,6.0,0.1,0.1,0.4,3.0,251.0,0.0,0.0,0.21912350597609562
15.0,4.0,7.0,0.1,0.1,0.4,3.0,244.0,0.0,0.0,0.21721311475409835
15.0,4.0,8.0,0.1,0.1,0.4,3.0,246.0,0.0,0.0,0.21544715447154472
15.0,4.0,9.0,0.1,0.1,0.4,3.0,244.0,0.0,0.0,0.21721311475409835
15.0,4.0,10.0,0.1,0.1,0.4,3.0,244.0,0.0,0.0,0.21721311475409835
15.0,4.0,11.0,0.1,0.1,0.4,3.0,240.0,0.0,0.0,0.2125
15.0,4.0,12.0,0.1,0.1,0.4,3.0,239.0,0.0,0.0,0.21338912133891214
15.0,4.0,13.0,0.1,0.1,0.4,3.0,239.0,0.0,0.0,0.21338912133891214
15.0,4.0,14.0,0.1,0.1,0.4,3.0,235.0,0.0,0.0,0.2170212765957447
15.0,4.0,15.0,0.1,0.1,0.4,3.0,231.0,0.0,0.0,0.21645021645021645
15.0,4.0,16.0,0.1,0.1,0.4,3.0,231.0,0.0,0.0,0.21645021645021645
15.0,4.0,17.0,0.1,0.1,0.4,3.0,229.0,0.0,0.0,0.21397379912663755
15.0,4.0,18.0,0.1,0.1,0.4,3.0,220.0,0.0,0.0,0.21818181818181817
15.0,4.0,19.0,0.1,0.1,0.4,3.0,227.0,0.0,0.0,0.21145374449339208
15.0,4.0,20.0,0.1,0.1,0.4,3.0,370.0,0.0,0.0,0.12702702702702703
15.0,4.0,21.0,0.1,0.1,0.4,3.0,387.0,0.0,0.0,0.12144702842377261
15.0,4.0,22.0,0.1,0.1,0.4,3.0,358.0,0.0,0.0,0.12849162011173185
15.0,4.0,23.0,0.1,0.1,0.4,3.0,355.0,0.0,0.0,0.1323943661971831
15.0,4.0,24.0,0.1,0.1,0.4,3.0,332.0,0.0,0.0,0.1355421686746988
15.0,4.0,25.0,0.1,0.1,0.4,3.0,324.0,0.0,0.0,0.13580246913580246
15.0,4.0,26.0,0.1,0.1,0.4,3.0,317.0,0.0,0.0,0.138801261829653
15.0,4.0,27.0,0.1,0.1,0.4,3.0,323.0,0.0,0.0,0.13622291021671826
15.0,4.0,28.0,0.1,0.1,0.4,3.0,316.0,0.0,0.0,0.13924050632911392
15.0,4.0,29.0,0.1,0.1,0.4,3.0,312.0,0.0,0.0,0.13141025641025642
15.0,4.0,30.0,0.1,0.1,0.4,3.0,303.0,0.0,0.0,0.1353135313531353
15.0,4.0,31.0,0.1,0.1,0.4,3.0,309.0,0.0,0.0,0.13268608414239483
15.0,4.0,32.0,0.1,0.1,0.4,3.0,278.0,0.0,0.0,0.14388489208633093
15.0,4.0,33.0,0.1,0.1,0.4,3.0,275.0,0.0,0.0,0.14181818181818182
15.0,4.0,34.0,0.1,0.1,0.4,3.0,275.0,0.0,0.0,0.14181818181818182
15.0,4.0,35.0,0.1,0.1,0.4,3.0,264.0,0.0,0.0,0.14015151515151514
15.0,4.0,36.0,0.1,0.1,0.4,3.0,254.0,0.0,0.0,0.1377952755905512
15.0,4.0,37.0,0.1,0.1,0.4,3.0,257.0,0.0,0.0,0.14007782101167315
15.0,4.0,38.0,0.1,0.1,0.4,3.0,245.0,0.0,0.0,0.14285714285714285
15.0,4.0,39.0,0.1,0.1,0.4,3.0,237.0,0.0,0.0,0.14345991561181434
15.0,4.0,40.0,0.1,0.1,0.4,3.0,233.0,0.0,0.0,0.1459227467811159
15.0,4.0,41.0,0.1,0.1,0.4,3.0,231.0,0.0,0.0,0.1471861471861472
15.0,4.0,42.0,0.1,0.1,0.4,3.0,227.0,0.0,0.0,0.14977973568281938
15.0,4.0,43.0,0.1,0.1,0.4,3.0,227.0,0.0,0.0,0.14977973568281938
15.0,4.0,44.0,0.1,0.1,0.4,3.0,225.0,0.0,0.0,0.1511111111111111
15.0,4.0,45.0,0.1,0.1,0.4,3.0,224.0,0.0,0.0,0.22321428571428573
15.0,4.0,46.0,0.1,0.1,0.4,3.0,222.0,0.0,0.0,0.22072072072072071
15.0,4.0,47.0,0.1,0.1,0.4,3.0,220.0,0.0,0.0,0.22727272727272727
15.0,4.0,48.0,0.1,0.1,0.4,3.0,222.0,0.0,0.0,0.22072072072072071
15.0,4.0,49.0,0.1,0.1,0.4,3.0,218.0,0.0,0.0,0.22477064220183487
15.0,4.0,50.0,0.1,0.1,0.4,3.0,221.0,0.0,0.0,0.2171945701357466
15.0,4.0,51.0,0.1,0.1,0.4,3.0,214.0,0.0,0.0,0.22897196261682243
15.0,4.0,52.0,0.1,0.1,0.4,3.0,216.0,0.0,0.0,0.2175925925925926
15.0,5.0,1.0,0.1,0.1,0.4,3.0,213.0,0.0,0.0,0.2300469483568075
15.0,5.0,2.0,0.1,0.1,0.4,3.0,213.0,0.0,0.0,0.22065727699530516
15.0,5.0,3.0,0.1,0.1,0.4,3.0,210.0,0.0,0.0,0.22857142857142856
15.0,5.0,4.0,0.1,0.1,0.4,3.0,212.0,0.0,0.0,0.22169811320754718
15.0,5.0,5.0,0.1,0.1,0.4,3.0,209.0,0.0,0.0,0.22966507177033493
15.0,5.0,6.0,0.1,0.1,0.4,3.0,212.0,0.0,0.0,0.22169811320754718
15.0,5.0,7.0,0.1,0.1,0.4,3.0,209.0,0.0,0.0,0.22966507177033493
15.0,5.0,8.0,0.1,0.1,0.4,3.0,212.0,0.0,0.0,0.22169811320754718
15.0,5.0,9.0,0.1,0.1,0.4,3.0,208.0,0.0,0.0,0.23076923076923078
15.0,5.0,10.0,0.1,0.1,0.4,3.0,211.0,0.0,0.0,0.22274881516587677
15.0,5.0,11.0,0.1,0.1,0.4,3.0,208.0,0.0,0.0,0.23076923076923078
15.0,5.0,12.0,0.1,0.1,0.4,3.0,210.0,0.0,0.0,0.22380952380952382
15.0,5.0,13.0,0.1,0.1,0.4,3.0,207.0,0.0,0.0,0.2318840579710145
15.0,5.0,14.0,0.1,0.1,0.4,3.0,210.0,0.0,0.0,0.22857142857142856
15.0,5.0,15.0,0.1,0.1,0.4,3.0,207.0,0.0,0.0,0.2318840579710145
15.0,5.0,16.0,0.1,0.1,0.4,3.0,209.0,0.0,0.0,0.22488038277511962
15.0,5.0,17.0,0.1,0.1,0.4,3.0,207.0,0.0,0.0,0.2318840579710145
15.0,5.0,18.0,0.1,0.1,0.4,3.0,209.0,0.0,0.0,0.22488038277511962
15.0,5.0,19.0,0.1,0.1,0.4,3.0,205.0,0.0,0.0,0.22926829268292684
15.0,5.0,20.0,0.1,0.1,0.4,3.0,365.0,0.0,0.0,0.12602739726027398
15.0,5.0,21.0,0.1,0.1,0.4,3.0,353.0,0.0,0.0,0.1274787535410765
15.0,5.0,22.0,0.1,0.1,0.4,3.0,346.0,0.0,0.0,0.12138728323699421
15.0,5.0,23.0,0.1,0.1,0.4,3.0,343.0,0.0,0.0,0.12536443148688048
15.0,5.0,24.0,0.1,0.1,0.4,3.0,323.0,0.0,0.0,0.12693498452012383
15.0,5.0,25.0,0.1,0.1,0.4,3.0,319.0,0.0,0.0,0.13166144200626959
15.0,5.0,26.0,0.1,0.1,0.4,3.0,320.0,0.0,0.0,0.128125
15.0,5.0,27.0,0.1,0.1,0.4,3.0,308.0,0.0,0.0,0.12987012987012986
15.0,5.0,28.0,0.1,0.1,0.4,3.0,311.0,0.0,0.0,0.12540192926045016
15.0,5.0,29.0,0.1,0.1,0.4,3.0,308.0,0.0,0.0,0.12987012987012986
15.0,5.0,30.0,0.1,0.1,0.4,3.0,311.0,0.0,0.0,0.12540192926045016
15.0,5.0,31.0,0.1,0.1,0.4,3.0,299.0,0.0,0.0,0.13043478260869565
15.0,5.0,32.0,0.1,0.1,0.4,3.0,301.0,0.0,0.0,0.12624584717607973
15.0,5.0,33.0,0.1,0.1,0.4,3.0,296.0,0.0,0.0,0.125
15.0,5.0,34.0,0.1,0.1,0.4,3.0,299.0,0.0,0.0,0.12040133779264214
15.0,5.0,35.0,0.1,0.1,0.4,3.0,294.0,0.0,0.0,0.12244897959183673
15.0,5.0,36.0,0.1,0.1,0.4,3.0,277.0,0.0,0.0,0.1263537906137184
15.0,5.0,37.0,0.1,0.1,0.4,3.0,286.0,0.0,0.0,0.1258741258741259
15.0,5.0,38.0,0.1,0.1,0.4,3.0,277.0,0.0,0.0,0.1263537906137184
15.0,5.0,39.0,0.1,0.1,0.4,3.0,275.0,0.0,0.0,0.12363636363636364
15.0,5.0,40.0,0.1,0.1,0.4,3.0,266.0,0.0,0.0,0.12406015037593984
15.0,5.0,41.0,0.1,0.1,0.4,3.0,269.0,0.0,0.0,0.12639405204460966
15.0,5.0,42.0,0.1,0.1,0.4,3.0,260.0,0.0,0.0,0.12692307692307692
15.0,5.0,43.0,0.1,0.1,0.4,3.0,267.0,0.0,0.0,0.12734082397003746
15.0,5.0,44.0,0.1,0.1,0.4,3.0,259.0,0.0,0.0,0.1274131274131274
15.0,5.0,45.0,0.1,0.1,0.4,3.0,265.0,0.0,0.0,0.18490566037735848
15.0,5.0,46.0,0.1,0.1,0.4,3.0,258.0,0.0,0.0,0.1821705426356589
15.0,5.0,47.0,0.1,0.1,0.4,3.0,263.0,0.0,0.0,0.18250950570342206
15.0,5.0,48.0,0.1,0.1,0.4,3.0,256.0,0.0,0.0,0.1796875
15.0,5.0,49.0,0.1,0.1,0.4,3.0,246.0,0.0,0.0,0.18292682926829268
15.0,5.0,50.0,0.1,0.1,0.4,3.0,239.0,0.0,0.0,0.1799163179916318
15.0,5.0,51.0,0.1,0.1,0.4,3.0,245.0,0.0,0.0,0.1836734693877551
15.0,5.0,52.0,0.1,0.1,0.4,3.0,238.0,0.0,0.0,0.18067226890756302
15.0,6.0,1.0,0.1,0.1,0.4,3.0,240.0,0.0,0.0,0.18333333333333332
15.0,6.0,2.0,0.1,0.1,0.4,3.0,233.0,0.0,0.0,0.18025751072961374
15.0,6.0,3.0,0.1,0.1,0.4,3.0,239.0,0.0,0.0,0.18410041841004185
15.0,6.0,4.0,0.1,0.1,0.4,3.0,232.0,0.0,0.0,0.1810344827586207
15.0,6.0,5.0,0.1,0.1,0.4,3.0,238.0,0.0,0.0,0.18067226890756302
15.0,6.0,6.0,0.1,0.1,0.4,3.0,230.0,0.0,0.0,0.1782608695652174
15.0,6.0,7.0,0.1,0.1,0.4,3.0,236.0,0.0,0.0,0.17796610169491525
15.0,6.0,8.0,0.1,0.1,0.4,3.0,228.0,0.0,0.0,0.17982456140350878
15.0,6.0,9.0,0.1,0.1,0.4,3.0,236.0,0.0,0.0,0.17796610169491525
15.0,6.0,10.0,0.1,0.1,0.4,3.0,228.0,0.0,0.0,0.17982456140350878
15.0,6.0,11.0,0.1,0.1,0.4,3.0,233.0,0.0,0.0,0.1759656652360515
15.0,6.0,12.0,0.1,0.1,0.4,3.0,213.0,0.0,0.0,0.1784037558685446
15.0,6.0,13.0,0.1,0.1,0.4,3.0,219.0,0.0,0.0,0.1780821917808219
15.0,6.0,14.0,0.1,0.1,0.4,3.0,212.0,0.0,0.0,0.1792452830188679
15.0,6.0,15.0,0.1,0.1,0.4,3.0,221.0,0.0,0.0,0.17647058823529413
15.0,6.0,16.0,0.1,0.1,0.4,3.0,209.0,0.0,0.0,0.1722488038277512
15.0,6.0,17.0,0.1,0.1,0.4,3.0,218.0,0.0,0.0,0.16972477064220184
15.0,6.0,18.0,0.1,0.1,0.4,3.0,206.0,0.0,0.0,0.17475728155339806
15.0,6.0,19.0,0.1,0.1,0.4,3.0,215.0,0.0,0.0,0.17674418604651163
15.0,6.0,20.0,0.1,0.1,0.4,3.0,377.0,0.0,0.0,0.09549071618037135
15.0,6.0,21.0,0.1,0.1,0.4,3.0,378.0,0.0,0.0,0.09788359788359788
15.0,6.0,22.0,0.1,0.1,0.4,3.0,359.0,0.0,0.0,0.09749303621169916
15.0,6.0,23.0,0.1,0.1,0.4,3.0,384.0,0.0,0.0,0.09635416666666667
15.0,6.0,24.0,0.1,0.1,0.4,3.0,349.0,0.0,0.0,0.09455587392550144
15.0,6.0,25.0,0.1,0.1,0.4,3.0,347.0,0.0,0.0,0.09221902017291066
15.0,6.0,26.0,0.1,0.1,0.4,3.0,309.0,0.0,0.0,0.0970873786407767
15.0,6.0,27.0,0.1,0.1,0.4,3.0,322.0,0.0,0.0,0.09627329192546584
15.0,6.0,28.0,0.1,0.1,0.4,3.0,296.0,0.0,0.0,0.09797297297297297
15.0,6.0,29.0,0.1,0.1,0.4,3.0,321.0,0.0,0.0,0.09657320872274143
15.0,6.0,30.0,0.1,0.1,0.4,3.0,295.0,0.0,0.0,0.09830508474576272
15.0,6.0,31.0,0.1,0.1,0.4,3.0,301.0,0.0,0.0,0.09634551495016612
15.0,6.0,32.0,0.1,0.1,0.4,3.0,258.0,0.0,0.0,0.10077519379844961
15.0,6.0,33.0,0.1,0.1,0.4,3.0,284.0,0.0,0.0,0.09859154929577464
15.0,6.0,34.0,0.1,0.1,0.4,3.0,259.0,0.0,0.0,0.10038610038610038
15.0,6.0,35.0,0.1,0.1,0.4,3.0,274.0,0.0,0.0,0.10218978102189781
15.0,6.0,36.0,0.1,0.1,0.4,3.0,248.0,0.0,0.0,0.10483870967741936
15.0,6.0,37.0,0.1,0.1,0.4,3.0,250.0,0.0,0.0,0.108
15.0,6.0,38.0,0.1,0.1,0.4,3.0,225.0,0.0,0.0,0.10666666666666667
15.0,6.0,39.0,0.1,0.1,0.4,3.0,239.0,0.0,0.0,0.1087866108786611
15.0,6.0,40.0,0.1,0.1,0.4,3.0,223.0,0.0,0.0,0.10762331838565023
15.0,6.0,41.0,0.1,0.1,0.4,3.0,234.0,0.0,0.0,0.10683760683760683
15.0,6.0,42.0,0.1,0.1,0.4,3.0,220.0,0.0,0.0,0.10454545454545454
15.0,6.0,43.0,0.1,0.1,0.4,3.0,231.0,0.0,0.0,0.10822510822510822
15.0,6.0,44.0,0.1,0.1,0.4,3.0,212.0,0.0,0.0,0.09905660377358491
15.0,6.0,45.0,0.1,0.1,0.4,3.0,223.0,0.0,0.0,0.16591928251121077
15.0,6.0,46.0,0.1,0.1,0.4,3.0,212.0,0.0,0.0,0.16037735849056603
15.0,6.0,47.0,0.1,0.1,0.4,3.0,212.0,0.0,0.0,0.1650943396226415
15.0,6.0,48.0,0.1,0.1,0.4,3.0,201.0,0.0,0.0,0.15920398009950248
15.0,6.0,49.0,0.1,0.1,0.4,3.0,212.0,0.0,0.0,0.1650943396226415
15.0,6.0,50.0,0.1,0.1,0.4,3.0,191.0,0.0,0.0,0.16230366492146597
15.0,6.0,51.0,0.1,0.1,0.4,3.0,196.0,0.0,0.0,0.17346938775510204
15.0,6.0,52.0,0.1,0.1,0.4,3.0,190.0,0.0,0.0,0.1631578947368421
15.0,7.0,1.0,0.1,0.1,0.4,3.0,192.0,0.0,0.0,0.17708333333333334
15.0,7.0,2.0,0.1,0.1,0.4,3.0,190.0,0.0,0.0,0.1631578947368421
15.0,7.0,3.0,0.1,0.1,0.4,3.0,191.0,0.0,0.0,0.17801047120418848
15.0,7.0,4.0,0.1,0.1,0.4,3.0,190.0,0.0,0.0,0.1631578947368421
15.0,7.0,5.0,0.1,0.1,0.4,3.0,193.0,0.0,0.0,0.17616580310880828
15.0,7.0,6.0,0.1,0.1,0.4,3.0,188.0,0.0,0.0,0.1595744680851064
15.0,7.0,7.0,0.1,0.1,0.4,3.0,184.0,0.0,0.0,0.15760869565217392
15.0,7.0,8.0,0.1,0.1,0.4,3.0,188.0,0.0,0.0,0.1595744680851064
15.0,7.0,9.0,0.1,0.1,0.4,3.0,184.0,0.0,0.0,0.15760869565217392
15.0,7.0,10.0,0.1,0.1,0.4,3.0,187.0,0.0,0.0,0.16042780748663102
15.0,7.0,11.0,0.1,0.1,0.4,3.0,184.0,0.0,0.0,0.15760869565217392
15.0,7.0,12.0,0.1,0.1,0.4,3.0,185.0,0.0,0.0,0.16216216216216217
15.0,7.0,13.0,0.1,0.1,0.4,3.0,181.0,0.0,0.0,0.16022099447513813
15.0,7.0,14.0,0.1,0.1,0.4,3.0,182.0,0.0,0.0,0.15934065934065933
15.0,7.0,15.0,0.1,0.1,0.4,3.0,179.0,0.0,0.0,0.1564245810055866
15.0,7.0,16.0,0.1,0.1,0.4,3.0,180.0,0.0,0.0,0.16111111111111112
15.0,7.0,17.0,0.1,0.1,0.4,3.0,178.0,0.0,0.0,0.15730337078651685
15.0,7.0,18.0,0.1,0.1,0.4,3.0,180.0,0.0,0.0,0.16111111111111112
15.0,7.0,19.0,0.1,0.1,0.4,3.0,176.0,0.0,0.0,0.1590909090909091
15.0,7.0,20.0,0.1,0.1,0.4,3.0,325.0,0.0,0.0,0.08923076923076922
15.0,7.0,21.0,0.1,0.1,0.4,3.0,297.0,0.0,0.0,0.09090909090909091
15.0,7.0,22.0,0.1,0.1,0.4,3.0,274.0,0.0,0.0,0.09854014598540146
15.0,7.0,23.0,0.1,0.1,0.4,3.0,273.0,0.0,0.0,0.09157509157509157
15.0,7.0,24.0,0.1,0.1,0.4,3.0,272.0,0.0,0.0,0.09926470588235294
15.0,7.0,25.0,0.1,0.1,0.4,3.0,262.0,0.0,0.0,0.09541984732824428
15.0,7.0,26.0,0.1,0.1,0.4,3.0,231.0,0.0,0.0,0.11255411255411256
15.0,7.0,27.0,0.1,0.1,0.4,3.0,220.0,0.0,0.0,0.10909090909090909
15.0,7.0,28.0,0.1,0.1,0.4,3.0,221.0,0.0,0.0,0.11764705882352941
15.0,7.0,29.0,0.1,0.1,0.4,3.0,212.0,0.0,0.0,0.11320754716981132
15.0,7.0,30.0,0.1,0.1,0.4,3.0,213.0,0.0,0.0,0.12206572769953052
15.0,7.0,31.0,0.1,0.1,0.4,3.0,212.0,0.0,0.0,0.11320754716981132
15.0,7.0,32.0,0.1,0.1,0.4,3.0,213.0,0.0,0.0,0.12206572769953052
15.0,7.0,33.0,0.1,0.1,0.4,3.0,212.0,0.0,0.0,0.11320754716981132
15.0,7.0,34.0,0.1,0.1,0.4,3.0,213.0,0.0,0.0,0.12206572769953052
15.0,7.0,35.0,0.1,0.1,0.4,3.0,212.0,0.0,0.0,0.11320754716981132
15.0,7.0,36.0,0.1,0.1,0.4,3.0,207.0,0.0,0.0,0.12560386473429952
15.0,7.0,37.0,0.1,0.1,0.4,3.0,202.0,0.0,0.0,0.12376237623762376
15.0,7.0,38.0,0.1,0.1,0.4,3.0,203.0,0.0,0.0,0.12315270935960591
15.0,7.0,39.0,0.1,0.1,0.4,3.0,194.0,0.0,0.0,0.11855670103092783
15.0,7.0,40.0,0.1,0.1,0.4,3.0,194.0,0.0,0.0,0.11855670103092783
15.0,7.0,41.0,0.1,0.1,0.4,3.0,183.0,0.0,0.0,0.12568306010928962
15.0,7.0,42.0,0.1,0.1,0.4,3.0,174.0,0.0,0.0,0.12643678160919541
15.0,7.0,43.0,0.1,0.1,0.4,3.0,178.0,0.0,0.0,0.12359550561797752
15.0,7.0,44.0,0.1,0.1,0.4,3.0,168.0,0.0,0.0,0.125
15.0,7.0,45.0,0.1,0.1,0.4,3.0,173.0,0.0,0.0,0.16184971098265896
15.0,7.0,46.0,0.1,0.1,0.4,3.0,169.0,0.0,0.0,0.16568047337278108
15.0,7.0,47.0,0.1,0.1,0.4,3.0,172.0,0.0,0.0,0.16279069767441862
15.0,7.0,48.0,0.1,0.1,0.4,3.0,167.0,0.0,0.0,0.16167664670658682
15.0,7.0,49.0,0.1,0.1,0.4,3.0,170.0,0.0,0.0,0.1588235294117647
15.0,7.0,50.0,0.1,0.1,0.4,3.0,167.0,0.0,0.0,0.16167664670658682
15.0,7.0,51.0,0.1,0.1,0.4,3.0,169.0,0.0,0.0,0.15384615384615385
15.0,7.0,52.0,0.1,0.1,0.4,3.0,161.0,0.0,0.0,0.14906832298136646
15.0,8.0,1.0,0.1,0.1,0.4,3.0,163.0,0.0,0.0,0.147239263803681
15.0,8.0,2.0,0.1,0.1,0.4,3.0,158.0,0.0,0.0,0.14556962025316456
15.0,8.0,3.0,0.1,0.1,0.4,3.0,162.0,0.0,0.0,0.14814814814814814
15.0,8.0,4.0,0.1,0.1,0.4,3.0,147.0,0.0,0.0,0.14965986394557823
15.0,8.0,5.0,0.1,0.1,0.4,3.0,153.0,0.0,0.0,0.1568627450980392
15.0,8.0,6.0,0.1,0.1,0.4,3.0,147.0,0.0,0.0,0.14965986394557823
15.0,8.0,7.0,0.1,0.1,0.4,3.0,151.0,0.0,0.0,0.152317880794702
15.0,8.0,8.0,0.1,0.1,0.4,3.0,147.0,0.0,0.0,0.14965986394557823
15.0,8.0,9.0,0.1,0.1,0.4,3.0,150.0,0.0,0.0,0.15333333333333332
15.0,8.0,10.0,0.1,0.1,0.4,3.0,146.0,0.0,0.0,0.1506849315068493
15.0,8.0,11.0,0.1,0.1,0.4,3.0,150.0,0.0,0.0,0.15333333333333332
15.0,8.0,12.0,0.1,0.1,0.4,3.0,145.0,0.0,0.0,0.14482758620689656
15.0,8.0,13.0,0.1,0.1,0.4,3.0,148.0,0.0,0.0,0.14864864864864866
15.0,8.0,14.0,0.1,0.1,0.4,3.0,145.0,0.0,0.0,0.14482758620689656
15.0,8.0,15.0,0.1,0.1,0.4,3.0,148.0,0.0,0.0,0.14864864864864866
15.0,8.0,16.0,0.1,0.1,0.4,3.0,145.0,0.0,0.0,0.14482758620689656
15.0,8.0,17.0,0.1,0.1,0.4,3.0,147.0,0.0,0.0,0.14965986394557823
15.0,8.0,18.0,0.1,0.1,0.4,3.0,145.0,0.0,0.0,0.14482758620689656
15.0,8.0,19.0,0.1,0.1,0.4,3.0,146.0,0.0,0.0,0.1506849315068493
15.0,8.0,20.0,0.1,0.1,0.4,3.0,293.0,0.0,0.0,0.07167235494880546
15.0,8.0,21.0,0.1,0.1,0.4,3.0,272.0,0.0,0.0,0.07720588235294118
15.0,8.0,22.0,0.1,0.1,0.4,3.0,264.0,0.0,0.0,0.07196969696969698
15.0,8.0,23.0,0.1,0.1,0.4,3.0,240.0,0.0,0.0,0.08333333333333333
15.0,8.0,24.0,0.1,0.1,0.4,3.0,241.0,0.0,0.0,0.07883817427385892
15.0,8.0,25.0,0.1,0.1,0.4,3.0,211.0,0.0,0.0,0.09004739336492891
15.0,8.0,26.0,0.1,0.1,0.4,3.0,212.0,0.0,0.0,0.08490566037735849
15.0,8.0,27.0,0.1,0.1,0.4,3.0,211.0,0.0,0.0,0.09004739336492891
15.0,8.0,28.0,0.1,0.1,0.4,3.0,212.0,0.0,0.0,0.08490566037735849
15.0,8.0,29.0,0.1,0.1,0.4,3.0,211.0,0.0,0.0,0.09004739336492891
15.0,8.0,30.0,0.1,0.1,0.4,3.0,212.0,0.0,0.0,0.08490566037735849
15.0,8.0,31.0,0.1,0.1,0.4,3.0,211.0,0.0,0.0,0.09004739336492891
15.0,8.0,32.0,0.1,0.1,0.4,3.0,212.0,0.0,0.0,0.08490566037735849
15.0,8.0,33.0,0.1,0.1,0.4,3.0,211.0,0.0,0.0,0.09004739336492891
15.0,8.0,34.0,0.1,0.1,0.4,3.0,200.0,0.0,0.0,0.09
15.0,8.0,35.0,0.1,0.1,0.4,3.0,198.0,0.0,0.0,0.09595959595959595
15.0,8.0,36.0,0.1,0.1,0.4,3.0,199.0,0.0,0.0,0.09045226130653267
15.0,8.0,37.0,0.1,0.1,0.4,3.0,185.0,0.0,0.0,0.10270270270270271
15.0,8.0,38.0,0.1,0.1,0.4,3.0,186.0,0.0,0.0,0.0967741935483871
15.0,8.0,39.0,0.1,0.1,0.4,3.0,185.0,0.0,0.0,0.10270270270270271
15.0,8.0,40.0,0.1,0.1,0.4,3.0,186.0,0.0,0.0,0.0967741935483871
15.0,8.0,41.0,0.1,0.1,0.4,3.0,185.0,0.0,0.0,0.10270270270270271
15.0,8.0,42.0,0.1,0.1,0.4,3.0,177.0,0.0,0.0,0.1016949152542373
15.0,8.0,43.0,0.1,0.1,0.4,3.0,176.0,0.0,0.0,0.10795454545454546
15.0,8.0,44.0,0.1,0.1,0.4,3.0,177.0,0.0,0.0,0.1016949152542373
15.0,8.0,45.0,0.1,0.1,0.4,3.0,176.0,0.0,0.0,0.1534090909090909
15.0,8.0,46.0,0.1,0.1,0.4,3.0,177.0,0.0,0.0,0.14689265536723164
15.0,8.0,47.0,0.1,0.1,0.4,3.0,176.0,0.0,0.0,0.1534090909090909
15.0,8.0,48.0,0.1,0.1,0.4,3.0,177.0,0.0,0.0,0.14689265536723164
15.0,8.0,49.0,0.1,0.1,0.4,3.0,175.0,0.0,0.0,0.15428571428571428
15.0,8.0,50.0,0.1,0.1,0.4,3.0,175.0,0.0,0.0,0.14857142857142858
15.0,8.0,51.0,0.1,0.1,0.4,3.0,176.0,0.0,0.0,0.1534090909090909
15.0,8.0,52.0,0.1,0.1,0.4,3.0,176.0,0.0,0.0,0.14772727272727273
15.0,9.0,1.0,0.1,0.1,0.4,3.0,173.0,0.0,0.0,0.15606936416184972
15.0,9.0,2.0,0.1,0.1,0.4,3.0,177.0,0.0,0.0,0.14689265536723164
15.0,9.0,3.0,0.1,0.1,0.4,3.0,173.0,0.0,0.0,0.15606936416184972
15.0,9.0,4.0,0.1,0.1,0.4,3.0,174.0,0.0,0.0,0.14942528735632185
15.0,9.0,5.0,0.1,0.1,0.4,3.0,173.0,0.0,0.0,0.15606936416184972
15.0,9.0,6.0,0.1,0.1,0.4,3.0,173.0,0.0,0.0,0.15028901734104047
15.0,9.0,7.0,0.1,0.1,0.4,3.0,172.0,0.0,0.0,0.1569767441860465
15.0,9.0,8.0,0.1,0.1,0.4,3.0,173.0,0.0,0.0,0.15028901734104047
15.0,9.0,9.0,0.1,0.1,0.4,3.0,171.0,0.0,0.0,0.15204678362573099
15.0,9.0,10.0,0.1,0.1,0.4,3.0,173.0,0.0,0.0,0.15606936416184972
15.0,9.0,11.0,0.1,0.1,0.4,3.0,171.0,0.0,0.0,0.15204678362573099
15.0,9.0,12.0,0.1,0.1,0.4,3.0,172.0,0.0,0.0,0.1569767441860465
15.0,9.0,13.0,0.1,0.1,0.4,3.0,171.0,0.0,0.0,0.15204678362573099
15.0,9.0,14.0,0.1,0.1,0.4,3.0,172.0,0.0,0.0,0.1569767441860465
15.0,9.0,15.0,0.1,0.1,0.4,3.0,168.0,0.0,0.0,0.15476190476190477
15.0,9.0,16.0,0.1,0.1,0.4,3.0,171.0,0.0,0.0,0.15789473684210525
15.0,9.0,17.0,0.1,0.1,0.4,3.0,167.0,0.0,0.0,0.15568862275449102
15.0,9.0,18.0,0.1,0.1,0.4,3.0,169.0,0.0,0.0,0.15976331360946747
15.0,9.0,19.0,0.1,0.1,0.4,3.0,166.0,0.0,0.0,0.1566265060240964
15.0,9.0,20.0,0.1,0.1,0.4,3.0,255.0,0.0,0.0,0.08235294117647059
15.0,9.0,21.0,0.1,0.1,0.4,3.0,264.0,0.0,0.0,0.07575757575757576
15.0,9.0,22.0,0.1,0.1,0.4,3.0,242.0,0.0,0.0,0.08677685950413223
15.0,9.0,23.0,0.1,0.1,0.4,3.0,254.0,0.0,0.0,0.07874015748031496
15.0,9.0,24.0,0.1,0.1,0.4,3.0,242.0,0.0,0.0,0.08677685950413223
15.0,9.0,25.0,0.1,0.1,0.4,3.0,219.0,0.0,0.0,0.0776255707762557
15.0,9.0,26.0,0.1,0.1,0.4,3.0,199.0,0.0,0.0,0.09045226130653267
15.0,9.0,27.0,0.1,0.1,0.4,3.0,212.0,0.0,0.0,0.08018867924528301
15.0,9.0,28.0,0.1,0.1,0.4,3.0,199.0,0.0,0.0,0.09045226130653267
15.0,9.0,29.0,0.1,0.1,0.4,3.0,215.0,0.0,0.0,0.07906976744186046
15.0,9.0,30.0,0.1,0.1,0.4,3.0,199.0,0.0,0.0,0.09045226130653267
15.0,9.0,31.0,0.1,0.1,0.4,3.0,204.0,0.0,0.0,0.08333333333333333
15.0,9.0,32.0,0.1,0.1,0.4,3.0,188.0,0.0,0.0,0.09574468085106383
15.0,9.0,33.0,0.1,0.1,0.4,3.0,196.0,0.0,0.0,0.08673469387755102
15.0,9.0,34.0,0.1,0.1,0.4,3.0,188.0,0.0,0.0,0.09574468085106383
15.0,9.0,35.0,0.1,0.1,0.4,3.0,186.0,0.0,0.0,0.08602150537634409
15.0,9.0,36.0,0.1,0.1,0.4,3.0,188.0,0.0,0.0,0.09574468085106383
15.0,9.0,37.0,0.1,0.1,0.4,3.0,186.0,0.0,0.0,0.08602150537634409
15.0,9.0,38.0,0.1,0.1,0.4,3.0,187.0,0.0,0.0,0.0962566844919786
15.0,9.0,39.0,0.1,0.1,0.4,3.0,188.0,0.0,0.0,0.0851063829787234
15.0,9.0,40.0,0.1,0.1,0.4,3.0,176.0,0.0,0.0,0.09659090909090909
15.0,9.0,41.0,0.1,0.1,0.4,3.0,176.0,0.0,0.0,0.08522727272727272
15.0,9.0,42.0,0.1,0.1,0.4,3.0,151.0,0.0,0.0,0.11258278145695365
15.0,9.0,43.0,0.1,0.1,0.4,3.0,152.0,0.0,0.0,0.09868421052631579
15.0,9.0,44.0,0.1,0.1,0.4,3.0,150.0,0.0,0.0,0.10666666666666667
15.0,9.0,45.0,0.1,0.1,0.4,3.0,150.0,0.0,0.0,0.15333333333333332
15.0,9.0,46.0,0.1,0.1,0.4,3.0,151.0,0.0,0.0,0.16556291390728478
15.0,9.0,47.0,0.1,0.1,0.4,3.0,148.0,0.0,0.0,0.1554054054054054
15.0,9.0,48.0,0.1,0.1,0.4,3.0,148.0,0.0,0.0,0.16216216216216217
15.0,9.0,49.0,0.1,0.1,0.4,3.0,146.0,0.0,0.0,0.1506849315068493
15.0,9.0,50.0,0.1,0.1,0.4,3.0,140.0,0.0,0.0,0.17142857142857143
15.0,9.0,51.0,0.1,0.1,0.4,3.0,137.0,0.0,0.0,0.16058394160583941
15.0,9.0,52.0,0.1,0.1,0.4,3.0,140.0,0.0,0.0,0.17142857142857143
15.0,10.0,1.0,0.1,0.1,0.4,3.0,129.0,0.0,0.0,0.17054263565891473
15.0,10.0,2.0,0.1,0.1,0.4,3.0,137.0,0.0,0.0,0.17518248175182483
15.0,10.0,3.0,0.1,0.1,0.4,3.0,129.0,0.0,0.0,0.17054263565891473
15.0,10.0,4.0,0.1,0.1,0.4,3.0,137.0,0.0,0.0,0.17518248175182483
15.0,10.0,5.0,0.1,0.1,0.4,3.0,129.0,0.0,0.0,0.17054263565891473
15.0,10.0,6.0,0.1,0.1,0.4,3.0,136.0,0.0,0.0,0.17647058823529413
15.0,10.0,7.0,0.1,0.1,0.4,3.0,129.0,0.0,0.0,0.17054263565891473
15.0,10.0,8.0,0.1,0.1,0.4,3.0,136.0,0.0,0.0,0.17647058823529413
15.0,10.0,9.0,0.1,0.1,0.4,3.0,129.0,0.0,0.0,0.17054263565891473
15.0,10.0,10.0,0.1,0.1,0.4,3.0,136.0,0.0,0.0,0.17647058823529413
15.0,10.0,11.0,0.1,0.1,0.4,3.0,129.0,0.0,0.0,0.17054263565891473
15.0,10.0,12.0,0.1,0.1,0.4,3.0,136.0,0.0,0.0,0.17647058823529413
15.0,10.0,13.0,0.1,0.1,0.4,3.0,129.0,0.0,0.0,0.17054263565891473
15.0,10.0,14.0,0.1,0.1,0.4,3.0,135.0,0.0,0.0,0.17777777777777778
15.0,10.0,15.0,0.1,0.1,0.4,3.0,128.0,0.0,0.0,0.171875
15.0,10.0,16.0,0.1,0.1,0.4,3.0,131.0,0.0,0.0,0.17557251908396945
15.0,10.0,17.0,0.1,0.1,0.4,3.0,128.0,0.0,0.0,0.171875
15.0,10.0,18.0,0.1,0.1,0.4,3.0,131.0,0.0,0.0,0.17557251908396945
15.0,10.0,19.0,0.1,0.1,0.4,3.0,128.0,0.0,0.0,0.171875
15.0,10.0,20.0,0.1,0.1,0.4,3.0,225.0,0.0,0.0,0.09333333333333334
15.0,10.0,21.0,0.1,0.1,0.4,3.0,208.0,0.0,0.0,0.09615384615384616
15.0,10.0,22.0,0.1,0.1,0.4,3.0,214.0,0.0,0.0,0.09813084112149532
15.0,10.0,23.0,0.1,0.1,0.4,3.0,208.0,0.0,0.0,0.09615384615384616
15.0,10.0,24.0,0.1,0.1,0.4,3.0,214.0,0.0,0.0,0.09813084112149532
15.0,10.0,25.0,0.1,0.1,0.4,3.0,208.0,0.0,0.0,0.09615384615384616
15.0,10.0,26.0,0.1,0.1,0.4,3.0,214.0,0.0,0.0,0.09813084112149532
15.0,10.0,27.0,0.1,0.1,0.4,3.0,208.0,0.0,0.0,0.09615384615384616
15.0,10.0,28.0,0.1,0.1,0.4,3.0,214.0,0.0,0.0,0.09813084112149532
15.0,10.0,29.0,0.1,0.1,0.4,3.0,190.0,0.0,0.0,0.10526315789473684
15.0,10.0,30.0,0.1,0.1,0.4,3.0,183.0,0.0,0.0,0.11475409836065574
15.0,10.0,31.0,0.1,0.1,0.4,3.0,190.0,0.0,0.0,0.10526315789473684
15.0,10.0,32.0,0.1,0.1,0.4,3.0,189.0,0.0,0.0,0.1111111111111111
15.0,10.0,33.0,0.1,0.1,0.4,3.0,189.0,0.0,0.0,0.10052910052910052
15.0,10.0,34.0,0.1,0.1,0.4,3.0,189.0,0.0,0.0,0.1111111111111111
15.0,10.0,35.0,0.1,0.1,0.4,3.0,183.0,0.0,0.0,0.10382513661202186
15.0,10.0,36.0,0.1,0.1,0.4,3.0,182.0,0.0,0.0,0.10989010989010989
15.0,10.0,37.0,0.1,0.1,0.4,3.0,183.0,0.0,0.0,0.10382513661202186
15.0,10.0,38.0,0.1,0.1,0.4,3.0,189.0,0.0,0.0,0.1111111111111111
15.0,10.0,39.0,0.1,0.1,0.4,3.0,183.0,0.0,0.0,0.10382513661202186
15.0,10.0,40.0,0.1,0.1,0.4,3.0,188.0,0.0,0.0,0.11170212765957446
15.0,10.0,41.0,0.1,0.1,0.4,3.0,181.0,0.0,0.0,0.10497237569060773
15.0,10.0,42.0,0.1,0.1,0.4,3.0,184.0,0.0,0.0,0.11413043478260869
15.0,10.0,43.0,0.1,0.1,0.4,3.0,179.0,0.0,0.0,0.10614525139664804
15.0,10.0,44.0,0.1,0.1,0.4,3.0,183.0,0.0,0.0,0.11475409836065574
15.0,10.0,45.0,0.1,0.1,0.4,3.0,178.0,0.0,0.0,0.1797752808988764
15.0,10.0,46.0,0.1,0.1,0.4,3.0,174.0,0.0,0.0,0.20114942528735633
15.0,10.0,47.0,0.1,0.1,0.4,3.0,167.0,0.0,0.0,0.19161676646706588
15.0,10.0,48.0,0.1,0.1,0.4,3.0,169.0,0.0,0.0,0.20710059171597633
15.0,10.0,49.0,0.1,0.1,0.4,3.0,170.0,0.0,0.0,0.19411764705882353
15.0,10.0,50.0,0.1,0.1,0.4,3.0,165.0,0.0,0.0,0.20606060606060606
15.0,10.0,51.0,0.1,0.1,0.4,3.0,151.0,0.0,0.0,0.1986754966887417
15.0,10.0,52.0,0.1,0.1,0.4,3.0,153.0,0.0,0.0,0.20915032679738563
16.0,1.0,1.0,0.1,0.1,0.4,3.0,5100.0,50.0,9.0,0.1011764705882353
16.0,1.0,2.0,0.1,0.1,0.4,3.0,5049.0,56.0,20.0,0.10279263220439691
16.0,1.0,3.0,0.1,0.1,0.4,3.0,4898.0,76.0,33.0,0.10330747243772968
16.0,1.0,4.0,0.1,0.1,0.4,3.0,4704.0,105.0,37.0,0.10374149659863946
16.0,1.0,5.0,0.1,0.1,0.4,3.0,4617.0,113.0,38.0,0.10591293047433398
16.0,1.0,6.0,0.1,0.1,0.4,3.0,4476.0,127.0,46.0,0.10612153708668454
16.0,1.0,7.0,0.1,0.1,0.4,3.0,4279.0,151.0,52.0,0.10680065435849498
16.0,1.0,8.0,0.1,0.1,0.4,3.0,4104.0,171.0,58.0,0.10623781676413255
16.0,1.0,9.0,0.1,0.1,0.4,3.0,3883.0,173.0,58.0,0.10739119237702807
16.0,1.0,10.0,0.1,0.1,0.4,3.0,3675.0,172.0,60.0,0.10775510204081633
16.0,1.0,11.0,0.1,0.1,0.4,3.0,3573.0,178.0,76.0,0.10775258886090121
16.0,1.0,12.0,0.1,0.1,0.4,3.0,3428.0,200.0,97.0,0.10793465577596266
16.0,1.0,13.0,0.1,0.1,0.4,3.0,3297.0,217.0,103.0,0.11040339702760085
16.0,1.0,14.0,0.1,0.1,0.4,3.0,3147.0,222.0,92.0,0.11089926914521767
16.0,1.0,15.0,0.1,0.1,0.4,3.0,2941.0,192.0,81.0,0.11492689561373683
16.0,1.0,16.0,0.1,0.1,0.4,3.0,2831.0,198.0,83.0,0.11515365595196043
16.0,1.0,17.0,0.1,0.1,0.4,3.0,2732.0,207.0,89.0,0.11603221083455344
16.0,1.0,18.0,0.1,0.1,0.4,3.0,2670.0,213.0,99.0,0.11835205992509364
16.0,1.0,19.0,0.1,0.1,0.4,3.0,2567.0,215.0,104.0,0.11920529801324503
16.0,1.0,20.0,0.1,0.1,0.4,3.0,7005.0,214.0,106.0,0.042112776588151324
16.0,1.0,21.0,0.1,0.1,0.4,3.0,6479.0,302.0,100.0,0.0430622009569378
16.0,1.0,22.0,0.1,0.1,0.4,3.0,5957.0,347.0,115.0,0.04532482793352358
16.0,1.0,23.0,0.1,0.1,0.4,3.0,5641.0,412.0,132.0,0.04662293919517816
16.0,1.0,24.0,0.1,0.1,0.4,3.0,5112.0,464.0,170.0,0.046948356807511735
16.0,1.0,25.0,0.1,0.1,0.4,3.0,4659.0,475.0,187.0,0.049581455247907275
16.0,1.0,26.0,0.1,0.1,0.4,3.0,4247.0,546.0,194.0,0.05133035083588415
16.0,1.0,27.0,0.1,0.1,0.4,3.0,3985.0,539.0,211.0,0.053199498117942286
16.0,1.0,28.0,0.1,0.1,0.4,3.0,3664.0,523.0,209.0,0.05458515283842795
16.0,1.0,29.0,0.1,0.1,0.4,3.0,3379.0,540.0,238.0,0.05682154483575022
16.0,1.0,30.0,0.1,0.1,0.4,3.0,3074.0,508.0,221.0,0.05855562784645413
16.0,1.0,31.0,0.1,0.1,0.4,3.0,2793.0,482.0,211.0,0.06158252774794128
16.0,1.0,32.0,0.1,0.1,0.4,3.0,2552.0,416.0,188.0,0.06269592476489028
16.0,1.0,33.0,0.1,0.1,0.4,3.0,2385.0,391.0,190.0,0.06624737945492662
16.0,1.0,34.0,0.1,0.1,0.4,3.0,2194.0,360.0,173.0,0.06791248860528715
16.0,1.0,35.0,0.1,0.1,0.4,3.0,2042.0,332.0,174.0,0.07345739471106758
16.0,1.0,36.0,0.1,0.1,0.4,3.0,1851.0,274.0,131.0,0.07671528903295516
16.0,1.0,37.0,0.1,0.1,0.4,3.0,1732.0,250.0,124.0,0.08198614318706697
16.0,1.0,38.0,0.1,0.1,0.4,3.0,1641.0,218.0,97.0,0.08592321755027423
16.0,1.0,39.0,0.1,0.1,0.4,3.0,1561.0,191.0,101.0,0.09096732863549008
16.0,1.0,40.0,0.1,0.1,0.4,3.0,1469.0,172.0,93.0,0.09394145677331518
16.0,1.0,41.0,0.1,0.1,0.4,3.0,1349.0,145.0,76.0,0.09636767976278725
16.0,1.0,42.0,0.1,0.1,0.4,3.0,1308.0,129.0,68.0,0.09862385321100918
16.0,1.0,43.0,0.1,0.1,0.4,3.0,1230.0,118.0,60.0,0.10569105691056911
16.0,1.0,44.0,0.1,0.1,0.4,3.0,1201.0,112.0,59.0,0.10574521232306411
16.0,1.0,45.0,0.1,0.1,0.4,3.0,1146.0,91.0,49.0,0.18150087260034903
16.0,1.0,46.0,0.1,0.1,0.4,3.0,1115.0,82.0,49.0,0.18116591928251122
16.0,1.0,47.0,0.1,0.1,0.4,3.0,1074.0,71.0,40.0,0.186219739292365
16.0,1.0,48.0,0.1,0.1,0.4,3.0,1040.0,64.0,32.0,0.1875
16.0,1.0,49.0,0.1,0.1,0.4,3.0,987.0,47.0,23.0,0.19250253292806485
16.0,1.0,50.0,0.1,0.1,0.4,3.0,955.0,42.0,23.0,0.19267015706806281
16.0,1.0,51.0,0.1,0.1,0.4,3.0,949.0,39.0,21.0,0.19388830347734456
16.0,1.0,52.0,0.1,0.1,0.4,3.0,922.0,35.0,18.0,0.19522776572668113
16.0,2.0,1.0,0.1,0.1,0.4,3.0,894.0,29.0,17.0,0.19798657718120805
16.0,2.0,2.0,0.1,0.1,0.4,3.0,879.0,26.0,18.0,0.19681456200227532
16.0,2.0,3.0,0.1,0.1,0.4,3.0,872.0,23.0,15.0,0.19954128440366972
16.0,2.0,4.0,0.1,0.1,0.4,3.0,859.0,20.0,8.0,0.1979045401629802
16.0,2.0,5.0,0.1,0.1,0.4,3.0,854.0,15.0,8.0,0.20140515222482436
16.0,2.0,6.0,0.1,0.1,0.4,3.0,847.0,14.0,9.0,0.19952774498229045
16.0,2.0,7.0,0.1,0.1,0.4,3.0,834.0,13.0,8.0,0.2026378896882494
16.0,2.0,8.0,0.1,0.1,0.4,3.0,819.0,9.0,5.0,0.19658119658119658
16.0,2.0,9.0,0.1,0.1,0.4,3.0,813.0,6.0,4.0,0.1992619926199262
16.0,2.0,10.0,0.1,0.1,0.4,3.0,806.0,6.0,5.0,0.19727047146401985
16.0,2.0,11.0,0.1,0.1,0.4,3.0,802.0,5.0,3.0,0.19950124688279303
16.0,2.0,12.0,0.1,0.1,0.4,3.0,790.0,4.0,2.0,0.1962025316455696
16.0,2.0,13.0,0.1,0.1,0.4,3.0,778.0,3.0,1.0,0.19665809768637532
16.0,2.0,14.0,0.1,0.1,0.4,3.0,770.0,3.0,2.0,0.19350649350649352
16.0,2.0,15.0,0.1,0.1,0.4,3.0,762.0,2.0,1.0,0.19291338582677164
16.0,2.0,16.0,0.1,0.1,0.4,3.0,754.0,2.0,2.0,0.1896551724137931
16.0,2.0,17.0,0.1,0.1,0.4,3.0,751.0,3.0,1.0,0.19174434087882822
16.0,2.0,18.0,0.1,0.1,0.4,3.0,742.0,3.0,1.0,0.19002695417789758
16.0,2.0,19.0,0.1,0.1,0.4,3.0,738.0,4.0,2.0,0.18699186991869918
16.0,2.0,20.0,0.1,0.1,0.4,3.0,1286.0,4.0,2.0,0.1057542768273717
16.0,2.0,21.0,0.1,0.1,0.4,3.0,1226.0,7.0,3.0,0.10848287112561175
16.0,2.0,22.0,0.1,0.1,0.4,3.0,1179.0,5.0,3.0,0.1085665818490246
16.0,2.0,23.0,0.1,0.1,0.4,3.0,1140.0,6.0,3.0,0.11403508771929824
16.0,2.0,24.0,0.1,0.1,0.4,3.0,1108.0,5.0,2.0,0.11191335740072202
16.0,2.0,25.0,0.1,0.1,0.4,3.0,1069.0,4.0,1.0,0.11786716557530402
16.0,2.0,26.0,0.1,0.1,0.4,3.0,1040.0,5.0,3.0,0.11730769230769231
16.0,2.0,27.0,0.1,0.1,0.4,3.0,1021.0,9.0,2.0,0.11949069539666993
16.0,2.0,28.0,0.1,0.1,0.4,3.0,995.0,11.0,2.0,0.1185929648241206
16.0,2.0,29.0,0.1,0.1,0.4,3.0,979.0,9.0,3.0,0.12155260469867211
16.0,2.0,30.0,0.1,0.1,0.4,3.0,948.0,6.0,4.0,0.12236286919831224
16.0,2.0,31.0,0.1,0.1,0.4,3.0,940.0,9.0,4.0,0.12446808510638298
16.0,2.0,32.0,0.1,0.1,0.4,3.0,916.0,11.0,2.0,0.12445414847161572
16.0,2.0,33.0,0.1,0.1,0.4,3.0,883.0,9.0,2.0,0.12570781426953567
16.0,2.0,34.0,0.1,0.1,0.4,3.0,886.0,9.0,6.0,0.12302483069977427
16.0,2.0,35.0,0.1,0.1,0.4,3.0,871.0,10.0,8.0,0.1251435132032147
16.0,2.0,36.0,0.1,0.1,0.4,3.0,855.0,9.0,5.0,0.12280701754385964
16.0,2.0,37.0,0.1,0.1,0.4,3.0,822.0,9.0,2.0,0.12773722627737227
16.0,2.0,38.0,0.1,0.1,0.4,3.0,801.0,8.0,1.0,0.12484394506866417
16.0,2.0,39.0,0.1,0.1,0.4,3.0,775.0,9.0,3.0,0.12903225806451613
16.0,2.0,40.0,0.1,0.1,0.4,3.0,753.0,10.0,7.0,0.12616201859229748
16.0,2.0,41.0,0.1,0.1,0.4,3.0,721.0,11.0,9.0,0.1289875173370319
16.0,2.0,42.0,0.1,0.1,0.4,3.0,717.0,12.0,7.0,0.12691771269177127
16.0,2.0,43.0,0.1,0.1,0.4,3.0,702.0,11.0,5.0,0.13247863247863248
16.0,2.0,44.0,0.1,0.1,0.4,3.0,677.0,7.0,3.0,0.1344165435745938
16.0,2.0,45.0,0.1,0.1,0.4,3.0,671.0,10.0,4.0,0.19225037257824143
16.0,2.0,46.0,0.1,0.1,0.4,3.0,647.0,8.0,3.0,0.19165378670788252
16.0,2.0,47.0,0.1,0.1,0.4,3.0,642.0,8.0,4.0,0.19314641744548286
16.0,2.0,48.0,0.1,0.1,0.4,3.0,632.0,8.0,4.0,0.189873417721519
16.0,2.0,49.0,0.1,0.1,0.4,3.0,611.0,8.0,5.0,0.19476268412438624
16.0,2.0,50.0,0.1,0.1,0.4,3.0,594.0,7.0,3.0,0.19528619528619529
16.0,2.0,51.0,0.1,0.1,0.4,3.0,592.0,7.0,3.0,0.19932432432432431
16.0,2.0,52.0,0.1,0.1,0.4,3.0,580.0,5.0,1.0,0.19827586206896552
16.0,3.0,1.0,0.1,0.1,0.4,3.0,575.0,7.0,4.0,0.20173913043478262
16.0,3.0,2.0,0.1,0.1,0.4,3.0,571.0,6.0,4.0,0.1978984238178634
16.0,3.0,3.0,0.1,0.1,0.4,3.0,565.0,7.0,4.0,0.2
16.0,3.0,4.0,0.1,0.1,0.4,3.0,545.0,5.0,1.0,0.2
16.0,3.0,5.0,0.1,0.1,0.4,3.0,541.0,4.0,1.0,0.19963031423290203
16.0,3.0,6.0,0.1,0.1,0.4,3.0,538.0,4.0,2.0,0.19516728624535315
16.0,3.0,7.0,0.1,0.1,0.4,3.0,533.0,5.0,3.0,0.19699812382739212
16.0,3.0,8.0,0.1,0.1,0.4,3.0,531.0,5.0,2.0,0.1958568738229755
16.0,3.0,9.0,0.1,0.1,0.4,3.0,529.0,4.0,2.0,0.19848771266540643
16.0,3.0,10.0,0.1,0.1,0.4,3.0,524.0,3.0,2.0,0.1965648854961832
16.0,3.0,11.0,0.1,0.1,0.4,3.0,521.0,3.0,3.0,0.19769673704414586
16.0,3.0,12.0,0.1,0.1,0.4,3.0,516.0,2.0,2.0,0.1937984496124031
16.0,3.0,13.0,0.1,0.1,0.4,3.0,514.0,1.0,1.0,0.19649805447470817
16.0,3.0,14.0,0.1,0.1,0.4,3.0,511.0,0.0,0.0,0.19373776908023482
16.0,3.0,15.0,0.1,0.1,0.4,3.0,507.0,0.0,0.0,0.1952662721893491
16.0,3.0,16.0,0.1,0.1,0.4,3.0,506.0,0.0,0.0,0.19367588932806323
16.0,3.0,17.0,0.1,0.1,0.4,3.0,505.0,0.0,0.0,0.19603960396039605
16.0,3.0,18.0,0.1,0.1,0.4,3.0,504.0,0.0,0.0,0.19444444444444445
16.0,3.0,19.0,0.1,0.1,0.4,3.0,504.0,0.0,0.0,0.19642857142857142
16.0,3.0,20.0,0.1,0.1,0.4,3.0,1057.0,0.0,0.0,0.09271523178807947
16.0,3.0,21.0,0.1,0.1,0.4,3.0,1022.0,0.0,0.0,0.0949119373776908
16.0,3.0,22.0,0.1,0.1,0.4,3.0,981.0,0.0,0.0,0.09276248725790011
16.0,3.0,23.0,0.1,0.1,0.4,3.0,929.0,0.0,0.0,0.0968783638320775
16.0,3.0,24.0,0.1,0.1,0.4,3.0,900.0,0.0,0.0,0.09777777777777778
16.0,3.0,25.0,0.1,0.1,0.4,3.0,881.0,0.0,0.0,0.10102156640181612
16.0,3.0,26.0,0.1,0.1,0.4,3.0,851.0,0.0,0.0,0.099882491186839
16.0,3.0,27.0,0.1,0.1,0.4,3.0,823.0,0.0,0.0,0.09842041312272175
16.0,3.0,28.0,0.1,0.1,0.4,3.0,831.0,0.0,0.0,0.09626955475330927
16.0,3.0,29.0,0.1,0.1,0.4,3.0,781.0,0.0,0.0,0.10115236875800256
16.0,3.0,30.0,0.1,0.1,0.4,3.0,770.0,0.0,0.0,0.1
16.0,3.0,31.0,0.1,0.1,0.4,3.0,747.0,0.0,0.0,0.10441767068273092
16.0,3.0,32.0,0.1,0.1,0.4,3.0,735.0,0.0,0.0,0.10340136054421768
16.0,3.0,33.0,0.1,0.1,0.4,3.0,705.0,0.0,0.0,0.1049645390070922
16.0,3.0,34.0,0.1,0.1,0.4,3.0,689.0,0.0,0.0,0.10449927431059507
16.0,3.0,35.0,0.1,0.1,0.4,3.0,662.0,0.0,0.0,0.10725075528700906
16.0,3.0,36.0,0.1,0.1,0.4,3.0,655.0,0.0,0.0,0.10534351145038168
16.0,3.0,37.0,0.1,0.1,0.4,3.0,635.0,0.0,0.0,0.11023622047244094
16.0,3.0,38.0,0.1,0.1,0.4,3.0,619.0,0.0,0.0,0.1098546042003231
16.0,3.0,39.0,0.1,0.1,0.4,3.0,582.0,0.0,0.0,0.11512027491408934
16.0,3.0,40.0,0.1,0.1,0.4,3.0,577.0,0.0,0.0,0.11265164644714037
16.0,3.0,41.0,0.1,0.1,0.4,3.0,568.0,0.0,0.0,0.11619718309859155
16.0,3.0,42.0,0.1,0.1,0.4,3.0,549.0,0.0,0.0,0.11657559198542805
16.0,3.0,43.0,0.1,0.1,0.4,3.0,540.0,0.0,0.0,0.11851851851851852
16.0,3.0,44.0,0.1,0.1,0.4,3.0,530.0,0.0,0.0,0.10943396226415095
16.0,3.0,45.0,0.1,0.1,0.4,3.0,497.0,0.0,0.0,0.18108651911468812
16.0,3.0,46.0,0.1,0.1,0.4,3.0,500.0,0.0,0.0,0.17
16.0,3.0,47.0,0.1,0.1,0.4,3.0,480.0,0.0,0.0,0.17708333333333334
16.0,3.0,48.0,0.1,0.1,0.4,3.0,475.0,0.0,0.0,0.17473684210526316
16.0,3.0,49.0,0.1,0.1,0.4,3.0,465.0,0.0,0.0,0.17849462365591398
16.0,3.0,50.0,0.1,0.1,0.4,3.0,464.0,0.0,0.0,0.1724137931034483
16.0,3.0,51.0,0.1,0.1,0.4,3.0,459.0,0.0,0.0,0.17429193899782136
16.0,3.0,52.0,0.1,0.1,0.4,3.0,459.0,0.0,0.0,0.16775599128540306
16.0,4.0,1.0,0.1,0.1,0.4,3.0,451.0,0.0,0.0,0.1729490022172949
16.0,4.0,2.0,0.1,0.1,0.4,3.0,455.0,0.0,0.0,0.16923076923076924
16.0,4.0,3.0,0.1,0.1,0.4,3.0,450.0,0.0,0.0,0.17333333333333334
16.0,4.0,4.0,0.1,0.1,0.4,3.0,441.0,0.0,0.0,0.17006802721088435
16.0,4.0,5.0,0.1,0.1,0.4,3.0,429.0,0.0,0.0,0.17482517482517482
16.0,4.0,6.0,0.1,0.1,0.4,3.0,438.0,0.0,0.0,0.1689497716894977
16.0,4.0,7.0,0.1,0.1,0.4,3.0,427.0,0.0,0.0,0.1756440281030445
16.0,4.0,8.0,0.1,0.1,0.4,3.0,437.0,0.0,0.0,0.16933638443935928
16.0,4.0,9.0,0.1,0.1,0.4,3.0,426.0,0.0,0.0,0.176056338028169
16.0,4.0,10.0,0.1,0.1,0.4,3.0,436.0,0.0,0.0,0.16972477064220184
16.0,4.0,11.0,0.1,0.1,0.4,3.0,425.0,0.0,0.0,0.17647058823529413
16.0,4.0,12.0,0.1,0.1,0.4,3.0,425.0,0.0,0.0,0.16941176470588235
16.0,4.0,13.0,0.1,0.1,0.4,3.0,422.0,0.0,0.0,0.17535545023696683
16.0,4.0,14.0,0.1,0.1,0.4,3.0,422.0,0.0,0.0,0.17061611374407584
16.0,4.0,15.0,0.1,0.1,0.4,3.0,419.0,0.0,0.0,0.1766109785202864
16.0,4.0,16.0,0.1,0.1,0.4,3.0,420.0,0.0,0.0,0.17142857142857143
16.0,4.0,17.0,0.1,0.1,0.4,3.0,415.0,0.0,0.0,0.17590361445783131
16.0,4.0,18.0,0.1,0.1,0.4,3.0,416.0,0.0,0.0,0.17067307692307693
16.0,4.0,19.0,0.1,0.1,0.4,3.0,415.0,0.0,0.0,0.17590361445783131
16.0,4.0,20.0,0.1,0.1,0.4,3.0,707.0,0.0,0.0,0.10042432814710042
16.0,4.0,21.0,0.1,0.1,0.4,3.0,652.0,0.0,0.0,0.11042944785276074
16.0,4.0,22.0,0.1,0.1,0.4,3.0,613.0,0.0,0.0,0.10929853181076672
16.0,4.0,23.0,0.1,0.1,0.4,3.0,567.0,0.0,0.0,0.1164021164021164
16.0,4.0,24.0,0.1,0.1,0.4,3.0,568.0,0.0,0.0,0.11267605633802817
16.0,4.0,25.0,0.1,0.1,0.4,3.0,526.0,0.0,0.0,0.12167300380228137
16.0,4.0,26.0,0.1,0.1,0.4,3.0,529.0,0.0,0.0,0.11720226843100189
16.0,4.0,27.0,0.1,0.1,0.4,3.0,490.0,0.0,0.0,0.12653061224489795
16.0,4.0,28.0,0.1,0.1,0.4,3.0,497.0,0.0,0.0,0.12072434607645875
16.0,4.0,29.0,0.1,0.1,0.4,3.0,460.0,0.0,0.0,0.13043478260869565
16.0,4.0,30.0,0.1,0.1,0.4,3.0,463.0,0.0,0.0,0.12526997840172785
16.0,4.0,31.0,0.1,0.1,0.4,3.0,440.0,0.0,0.0,0.1318181818181818
16.0,4.0,32.0,0.1,0.1,0.4,3.0,447.0,0.0,0.0,0.12527964205816555
16.0,4.0,33.0,0.1,0.1,0.4,3.0,421.0,0.0,0.0,0.1377672209026128
16.0,4.0,34.0,0.1,0.1,0.4,3.0,430.0,0.0,0.0,0.13023255813953488
16.0,4.0,35.0,0.1,0.1,0.4,3.0,409.0,0.0,0.0,0.1393643031784841
16.0,4.0,36.0,0.1,0.1,0.4,3.0,410.0,0.0,0.0,0.13414634146341464
16.0,4.0,37.0,0.1,0.1,0.4,3.0,398.0,0.0,0.0,0.1407035175879397
16.0,4.0,38.0,0.1,0.1,0.4,3.0,402.0,0.0,0.0,0.13930348258706468
16.0,4.0,39.0,0.1,0.1,0.4,3.0,391.0,0.0,0.0,0.1432225063938619
16.0,4.0,40.0,0.1,0.1,0.4,3.0,378.0,0.0,0.0,0.1402116402116402
16.0,4.0,41.0,0.1,0.1,0.4,3.0,375.0,0.0,0.0,0.144
16.0,4.0,42.0,0.1,0.1,0.4,3.0,353.0,0.0,0.0,0.141643059490085
16.0,4.0,43.0,0.1,0.1,0.4,3.0,340.0,0.0,0.0,0.15
16.0,4.0,44.0,0.1,0.1,0.4,3.0,343.0,0.0,0.0,0.14285714285714285
16.0,4.0,45.0,0.1,0.1,0.4,3.0,324.0,0.0,0.0,0.21296296296296297
16.0,4.0,46.0,0.1,0.1,0.4,3.0,331.0,0.0,0.0,0.2054380664652568
16.0,4.0,47.0,0.1,0.1,0.4,3.0,314.0,0.0,0.0,0.21656050955414013
16.0,4.0,48.0,0.1,0.1,0.4,3.0,318.0,0.0,0.0,0.21069182389937108
16.0,4.0,49.0,0.1,0.1,0.4,3.0,298.0,0.0,0.0,0.22818791946308725
16.0,4.0,50.0,0.1,0.1,0.4,3.0,300.0,0.0,0.0,0.22333333333333333
16.0,4.0,51.0,0.1,0.1,0.4,3.0,297.0,0.0,0.0,0.2255892255892256
16.0,4.0,52.0,0.1,0.1,0.4,3.0,295.0,0.0,0.0,0.22372881355932203
16.0,5.0,1.0,0.1,0.1,0.4,3.0,295.0,0.0,0.0,0.2271186440677966
16.0,5.0,2.0,0.1,0.1,0.4,3.0,292.0,0.0,0.0,0.22602739726027396
16.0,5.0,3.0,0.1,0.1,0.4,3.0,293.0,0.0,0.0,0.22866894197952217
16.0,5.0,4.0,0.1,0.1,0.4,3.0,288.0,0.0,0.0,0.22916666666666666
16.0,5.0,5.0,0.1,0.1,0.4,3.0,291.0,0.0,0.0,0.23024054982817868
16.0,5.0,6.0,0.1,0.1,0.4,3.0,281.0,0.0,0.0,0.2277580071174377
16.0,5.0,7.0,0.1,0.1,0.4,3.0,283.0,0.0,0.0,0.22968197879858657
16.0,5.0,8.0,0.1,0.1,0.4,3.0,278.0,0.0,0.0,0.2302158273381295
16.0,5.0,9.0,0.1,0.1,0.4,3.0,282.0,0.0,0.0,0.23049645390070922
16.0,5.0,10.0,0.1,0.1,0.4,3.0,277.0,0.0,0.0,0.22743682310469315
16.0,5.0,11.0,0.1,0.1,0.4,3.0,282.0,0.0,0.0,0.23049645390070922
16.0,5.0,12.0,0.1,0.1,0.4,3.0,271.0,0.0,0.0,0.23247232472324722
16.0,5.0,13.0,0.1,0.1,0.4,3.0,277.0,0.0,0.0,0.23465703971119134
16.0,5.0,14.0,0.1,0.1,0.4,3.0,271.0,0.0,0.0,0.23247232472324722
16.0,5.0,15.0,0.1,0.1,0.4,3.0,276.0,0.0,0.0,0.2318840579710145
16.0,5.0,16.0,0.1,0.1,0.4,3.0,269.0,0.0,0.0,0.23048327137546468
16.0,5.0,17.0,0.1,0.1,0.4,3.0,274.0,0.0,0.0,0.23357664233576642
16.0,5.0,18.0,0.1,0.1,0.4,3.0,268.0,0.0,0.0,0.23134328358208955
16.0,5.0,19.0,0.1,0.1,0.4,3.0,271.0,0.0,0.0,0.23247232472324722
16.0,5.0,20.0,0.1,0.1,0.4,3.0,511.0,0.0,0.0,0.12133072407045009
16.0,5.0,21.0,0.1,0.1,0.4,3.0,493.0,0.0,0.0,0.1257606490872211
16.0,5.0,22.0,0.1,0.1,0.4,3.0,484.0,0.0,0.0,0.12603305785123967
16.0,5.0,23.0,0.1,0.1,0.4,3.0,472.0,0.0,0.0,0.1292372881355932
16.0,5.0,24.0,0.1,0.1,0.4,3.0,451.0,0.0,0.0,0.13303769401330376
16.0,5.0,25.0,0.1,0.1,0.4,3.0,431.0,0.0,0.0,0.1368909512761021
16.0,5.0,26.0,0.1,0.1,0.4,3.0,426.0,0.0,0.0,0.13615023474178403
16.0,5.0,27.0,0.1,0.1,0.4,3.0,410.0,0.0,0.0,0.13414634146341464
16.0,5.0,28.0,0.1,0.1,0.4,3.0,406.0,0.0,0.0,0.13054187192118227
16.0,5.0,29.0,0.1,0.1,0.4,3.0,402.0,0.0,0.0,0.1318407960199005
16.0,5.0,30.0,0.1,0.1,0.4,3.0,406.0,0.0,0.0,0.13054187192118227
16.0,5.0,31.0,0.1,0.1,0.4,3.0,401.0,0.0,0.0,0.13216957605985039
16.0,5.0,32.0,0.1,0.1,0.4,3.0,394.0,0.0,0.0,0.13451776649746192
16.0,5.0,33.0,0.1,0.1,0.4,3.0,388.0,0.0,0.0,0.13402061855670103
16.0,5.0,34.0,0.1,0.1,0.4,3.0,394.0,0.0,0.0,0.13451776649746192
16.0,5.0,35.0,0.1,0.1,0.4,3.0,377.0,0.0,0.0,0.13527851458885942
16.0,5.0,36.0,0.1,0.1,0.4,3.0,375.0,0.0,0.0,0.136
16.0,5.0,37.0,0.1,0.1,0.4,3.0,369.0,0.0,0.0,0.13550135501355012
16.0,5.0,38.0,0.1,0.1,0.4,3.0,374.0,0.0,0.0,0.13368983957219252
16.0,5.0,39.0,0.1,0.1,0.4,3.0,367.0,0.0,0.0,0.1335149863760218
16.0,5.0,40.0,0.1,0.1,0.4,3.0,373.0,0.0,0.0,0.13404825737265416
16.0,5.0,41.0,0.1,0.1,0.4,3.0,358.0,0.0,0.0,0.13687150837988826
16.0,5.0,42.0,0.1,0.1,0.4,3.0,370.0,0.0,0.0,0.13513513513513514
16.0,5.0,43.0,0.1,0.1,0.4,3.0,366.0,0.0,0.0,0.13387978142076504
16.0,5.0,44.0,0.1,0.1,0.4,3.0,369.0,0.0,0.0,0.13550135501355012
16.0,5.0,45.0,0.1,0.1,0.4,3.0,365.0,0.0,0.0,0.2
16.0,5.0,46.0,0.1,0.1,0.4,3.0,357.0,0.0,0.0,0.20448179271708683
16.0,5.0,47.0,0.1,0.1,0.4,3.0,345.0,0.0,0.0,0.20869565217391303
16.0,5.0,48.0,0.1,0.1,0.4,3.0,321.0,0.0,0.0,0.2118380062305296
16.0,5.0,49.0,0.1,0.1,0.4,3.0,308.0,0.0,0.0,0.21428571428571427
16.0,5.0,50.0,0.1,0.1,0.4,3.0,308.0,0.0,0.0,0.21428571428571427
16.0,5.0,51.0,0.1,0.1,0.4,3.0,310.0,0.0,0.0,0.2129032258064516
16.0,5.0,52.0,0.1,0.1,0.4,3.0,306.0,0.0,0.0,0.21568627450980393
16.0,6.0,1.0,0.1,0.1,0.4,3.0,304.0,0.0,0.0,0.21710526315789475
16.0,6.0,2.0,0.1,0.1,0.4,3.0,295.0,0.0,0.0,0.22033898305084745
16.0,6.0,3.0,0.1,0.1,0.4,3.0,294.0,0.0,0.0,0.21768707482993196
16.0,6.0,4.0,0.1,0.1,0.4,3.0,295.0,0.0,0.0,0.22033898305084745
16.0,6.0,5.0,0.1,0.1,0.4,3.0,291.0,0.0,0.0,0.21649484536082475
16.0,6.0,6.0,0.1,0.1,0.4,3.0,293.0,0.0,0.0,0.22184300341296928
16.0,6.0,7.0,0.1,0.1,0.4,3.0,289.0,0.0,0.0,0.21453287197231835
16.0,6.0,8.0,0.1,0.1,0.4,3.0,290.0,0.0,0.0,0.2206896551724138
16.0,6.0,9.0,0.1,0.1,0.4,3.0,287.0,0.0,0.0,0.21602787456445993
16.0,6.0,10.0,0.1,0.1,0.4,3.0,273.0,0.0,0.0,0.21611721611721613
16.0,6.0,11.0,0.1,0.1,0.4,3.0,272.0,0.0,0.0,0.20955882352941177
16.0,6.0,12.0,0.1,0.1,0.4,3.0,262.0,0.0,0.0,0.21755725190839695
16.0,6.0,13.0,0.1,0.1,0.4,3.0,260.0,0.0,0.0,0.21153846153846154
16.0,6.0,14.0,0.1,0.1,0.4,3.0,261.0,0.0,0.0,0.21839080459770116
16.0,6.0,15.0,0.1,0.1,0.4,3.0,257.0,0.0,0.0,0.2140077821011673
16.0,6.0,16.0,0.1,0.1,0.4,3.0,257.0,0.0,0.0,0.22178988326848248
16.0,6.0,17.0,0.1,0.1,0.4,3.0,253.0,0.0,0.0,0.2134387351778656
16.0,6.0,18.0,0.1,0.1,0.4,3.0,255.0,0.0,0.0,0.2235294117647059
16.0,6.0,19.0,0.1,0.1,0.4,3.0,249.0,0.0,0.0,0.20883534136546184
16.0,6.0,20.0,0.1,0.1,0.4,3.0,444.0,0.0,0.0,0.12612612612612611
16.0,6.0,21.0,0.1,0.1,0.4,3.0,437.0,0.0,0.0,0.11899313501144165
16.0,6.0,22.0,0.1,0.1,0.4,3.0,424.0,0.0,0.0,0.12971698113207547
16.0,6.0,23.0,0.1,0.1,0.4,3.0,389.0,0.0,0.0,0.13110539845758354
16.0,6.0,24.0,0.1,0.1,0.4,3.0,382.0,0.0,0.0,0.14136125654450263
16.0,6.0,25.0,0.1,0.1,0.4,3.0,345.0,0.0,0.0,0.13333333333333333
16.0,6.0,26.0,0.1,0.1,0.4,3.0,347.0,0.0,0.0,0.138328530259366
16.0,6.0,27.0,0.1,0.1,0.4,3.0,337.0,0.0,0.0,0.13649851632047477
16.0,6.0,28.0,0.1,0.1,0.4,3.0,340.0,0.0,0.0,0.14411764705882352
16.0,6.0,29.0,0.1,0.1,0.4,3.0,337.0,0.0,0.0,0.13649851632047477
16.0,6.0,30.0,0.1,0.1,0.4,3.0,340.0,0.0,0.0,0.14411764705882352
16.0,6.0,31.0,0.1,0.1,0.4,3.0,335.0,0.0,0.0,0.1373134328358209
16.0,6.0,32.0,0.1,0.1,0.4,3.0,330.0,0.0,0.0,0.14545454545454545
16.0,6.0,33.0,0.1,0.1,0.4,3.0,325.0,0.0,0.0,0.13846153846153847
16.0,6.0,34.0,0.1,0.1,0.4,3.0,327.0,0.0,0.0,0.14678899082568808
16.0,6.0,35.0,0.1,0.1,0.4,3.0,323.0,0.0,0.0,0.1393188854489164
16.0,6.0,36.0,0.1,0.1,0.4,3.0,328.0,0.0,0.0,0.14634146341463414
16.0,6.0,37.0,0.1,0.1,0.4,3.0,324.0,0.0,0.0,0.1388888888888889
16.0,6.0,38.0,0.1,0.1,0.4,3.0,324.0,0.0,0.0,0.14506172839506173
16.0,6.0,39.0,0.1,0.1,0.4,3.0,322.0,0.0,0.0,0.13975155279503104
16.0,6.0,40.0,0.1,0.1,0.4,3.0,316.0,0.0,0.0,0.14556962025316456
16.0,6.0,41.0,0.1,0.1,0.4,3.0,305.0,0.0,0.0,0.1377049180327869
16.0,6.0,42.0,0.1,0.1,0.4,3.0,307.0,0.0,0.0,0.14006514657980457
16.0,6.0,43.0,0.1,0.1,0.4,3.0,295.0,0.0,0.0,0.13898305084745763
16.0,6.0,44.0,0.1,0.1,0.4,3.0,291.0,0.0,0.0,0.14776632302405499
16.0,6.0,45.0,0.1,0.1,0.4,3.0,260.0,0.0,0.0,0.21923076923076923
16.0,6.0,46.0,0.1,0.1,0.4,3.0,255.0,0.0,0.0,0.22745098039215686
16.0,6.0,47.0,0.1,0.1,0.4,3.0,251.0,0.0,0.0,0.21912350597609562
16.0,6.0,48.0,0.1,0.1,0.4,3.0,247.0,0.0,0.0,0.22672064777327935
16.0,6.0,49.0,0.1,0.1,0.4,3.0,251.0,0.0,0.0,0.21912350597609562
16.0,6.0,50.0,0.1,0.1,0.4,3.0,249.0,0.0,0.0,0.2248995983935743
16.0,6.0,51.0,0.1,0.1,0.4,3.0,247.0,0.0,0.0,0.21862348178137653
16.0,6.0,52.0,0.1,0.1,0.4,3.0,244.0,0.0,0.0,0.22540983606557377
16.0,7.0,1.0,0.1,0.1,0.4,3.0,247.0,0.0,0.0,0.21862348178137653
16.0,7.0,2.0,0.1,0.1,0.4,3.0,244.0,0.0,0.0,0.22540983606557377
16.0,7.0,3.0,0.1,0.1,0.4,3.0,247.0,0.0,0.0,0.21862348178137653
16.0,7.0,4.0,0.1,0.1,0.4,3.0,243.0,0.0,0.0,0.22633744855967078
16.0,7.0,5.0,0.1,0.1,0.4,3.0,247.0,0.0,0.0,0.21862348178137653
16.0,7.0,6.0,0.1,0.1,0.4,3.0,238.0,0.0,0.0,0.23109243697478993
16.0,7.0,7.0,0.1,0.1,0.4,3.0,244.0,0.0,0.0,0.22131147540983606
16.0,7.0,8.0,0.1,0.1,0.4,3.0,235.0,0.0,0.0,0.23404255319148937
16.0,7.0,9.0,0.1,0.1,0.4,3.0,239.0,0.0,0.0,0.22594142259414227
16.0,7.0,10.0,0.1,0.1,0.4,3.0,233.0,0.0,0.0,0.23605150214592274
16.0,7.0,11.0,0.1,0.1,0.4,3.0,238.0,0.0,0.0,0.226890756302521
16.0,7.0,12.0,0.1,0.1,0.4,3.0,231.0,0.0,0.0,0.23376623376623376
16.0,7.0,13.0,0.1,0.1,0.4,3.0,236.0,0.0,0.0,0.2245762711864407
16.0,7.0,14.0,0.1,0.1,0.4,3.0,230.0,0.0,0.0,0.23478260869565218
16.0,7.0,15.0,0.1,0.1,0.4,3.0,235.0,0.0,0.0,0.225531914893617
16.0,7.0,16.0,0.1,0.1,0.4,3.0,230.0,0.0,0.0,0.23478260869565218
16.0,7.0,17.0,0.1,0.1,0.4,3.0,230.0,0.0,0.0,0.21739130434782608
16.0,7.0,18.0,0.1,0.1,0.4,3.0,226.0,0.0,0.0,0.22566371681415928
16.0,7.0,19.0,0.1,0.1,0.4,3.0,230.0,0.0,0.0,0.21739130434782608
16.0,7.0,20.0,0.1,0.1,0.4,3.0,443.0,0.0,0.0,0.11286681715575621
16.0,7.0,21.0,0.1,0.1,0.4,3.0,421.0,0.0,0.0,0.11401425178147269
16.0,7.0,22.0,0.1,0.1,0.4,3.0,412.0,0.0,0.0,0.11893203883495146
16.0,7.0,23.0,0.1,0.1,0.4,3.0,400.0,0.0,0.0,0.1175
16.0,7.0,24.0,0.1,0.1,0.4,3.0,363.0,0.0,0.0,0.1322314049586777
16.0,7.0,25.0,0.1,0.1,0.4,3.0,342.0,0.0,0.0,0.1286549707602339
16.0,7.0,26.0,0.1,0.1,0.4,3.0,318.0,0.0,0.0,0.14150943396226415
16.0,7.0,27.0,0.1,0.1,0.4,3.0,325.0,0.0,0.0,0.13538461538461538
16.0,7.0,28.0,0.1,0.1,0.4,3.0,321.0,0.0,0.0,0.14330218068535824
16.0,7.0,29.0,0.1,0.1,0.4,3.0,316.0,0.0,0.0,0.13924050632911392
16.0,7.0,30.0,0.1,0.1,0.4,3.0,312.0,0.0,0.0,0.14743589743589744
16.0,7.0,31.0,0.1,0.1,0.4,3.0,305.0,0.0,0.0,0.14098360655737704
16.0,7.0,32.0,0.1,0.1,0.4,3.0,300.0,0.0,0.0,0.14666666666666667
16.0,7.0,33.0,0.1,0.1,0.4,3.0,303.0,0.0,0.0,0.13861386138613863
16.0,7.0,34.0,0.1,0.1,0.4,3.0,282.0,0.0,0.0,0.1524822695035461
16.0,7.0,35.0,0.1,0.1,0.4,3.0,275.0,0.0,0.0,0.14909090909090908
16.0,7.0,36.0,0.1,0.1,0.4,3.0,253.0,0.0,0.0,0.16600790513833993
16.0,7.0,37.0,0.1,0.1,0.4,3.0,247.0,0.0,0.0,0.16194331983805668
16.0,7.0,38.0,0.1,0.1,0.4,3.0,244.0,0.0,0.0,0.1721311475409836
16.0,7.0,39.0,0.1,0.1,0.4,3.0,247.0,0.0,0.0,0.16194331983805668
16.0,7.0,40.0,0.1,0.1,0.4,3.0,230.0,0.0,0.0,0.16956521739130434
16.0,7.0,41.0,0.1,0.1,0.4,3.0,229.0,0.0,0.0,0.1615720524017467
16.0,7.0,42.0,0.1,0.1,0.4,3.0,228.0,0.0,0.0,0.17105263157894737
16.0,7.0,43.0,0.1,0.1,0.4,3.0,228.0,0.0,0.0,0.16228070175438597
16.0,7.0,44.0,0.1,0.1,0.4,3.0,227.0,0.0,0.0,0.17180616740088106
16.0,7.0,45.0,0.1,0.1,0.4,3.0,226.0,0.0,0.0,0.23008849557522124
16.0,7.0,46.0,0.1,0.1,0.4,3.0,210.0,0.0,0.0,0.23333333333333334
16.0,7.0,47.0,0.1,0.1,0.4,3.0,211.0,0.0,0.0,0.23222748815165878
16.0,7.0,48.0,0.1,0.1,0.4,3.0,210.0,0.0,0.0,0.23333333333333334
16.0,7.0,49.0,0.1,0.1,0.4,3.0,211.0,0.0,0.0,0.23222748815165878
16.0,7.0,50.0,0.1,0.1,0.4,3.0,211.0,0.0,0.0,0.23222748815165878
16.0,7.0,51.0,0.1,0.1,0.4,3.0,211.0,0.0,0.0,0.23222748815165878
16.0,7.0,52.0,0.1,0.1,0.4,3.0,211.0,0.0,0.0,0.23222748815165878
16.0,8.0,1.0,0.1,0.1,0.4,3.0,210.0,0.0,0.0,0.23333333333333334
16.0,8.0,2.0,0.1,0.1,0.4,3.0,209.0,0.0,0.0,0.23444976076555024
16.0,8.0,3.0,0.1,0.1,0.4,3.0,207.0,0.0,0.0,0.22705314009661837
16.0,8.0,4.0,0.1,0.1,0.4,3.0,206.0,0.0,0.0,0.22330097087378642
16.0,8.0,5.0,0.1,0.1,0.4,3.0,205.0,0.0,0.0,0.22439024390243903
16.0,8.0,6.0,0.1,0.1,0.4,3.0,205.0,0.0,0.0,0.22439024390243903
16.0,8.0,7.0,0.1,0.1,0.4,3.0,204.0,0.0,0.0,0.22058823529411764
16.0,8.0,8.0,0.1,0.1,0.4,3.0,203.0,0.0,0.0,0.22167487684729065
16.0,8.0,9.0,0.1,0.1,0.4,3.0,204.0,0.0,0.0,0.22058823529411764
16.0,8.0,10.0,0.1,0.1,0.4,3.0,202.0,0.0,0.0,0.22277227722772278
16.0,8.0,11.0,0.1,0.1,0.4,3.0,204.0,0.0,0.0,0.22058823529411764
16.0,8.0,12.0,0.1,0.1,0.4,3.0,203.0,0.0,0.0,0.22167487684729065
16.0,8.0,13.0,0.1,0.1,0.4,3.0,204.0,0.0,0.0,0.22058823529411764
16.0,8.0,14.0,0.1,0.1,0.4,3.0,202.0,0.0,0.0,0.22277227722772278
16.0,8.0,15.0,0.1,0.1,0.4,3.0,203.0,0.0,0.0,0.22167487684729065
16.0,8.0,16.0,0.1,0.1,0.4,3.0,202.0,0.0,0.0,0.22277227722772278
16.0,8.0,17.0,0.1,0.1,0.4,3.0,203.0,0.0,0.0,0.22167487684729065
16.0,8.0,18.0,0.1,0.1,0.4,3.0,201.0,0.0,0.0,0.22388059701492538
16.0,8.0,19.0,0.1,0.1,0.4,3.0,203.0,0.0,0.0,0.22167487684729065
16.0,8.0,20.0,0.1,0.1,0.4,3.0,336.0,0.0,0.0,0.13392857142857142
16.0,8.0,21.0,0.1,0.1,0.4,3.0,325.0,0.0,0.0,0.13538461538461538
16.0,8.0,22.0,0.1,0.1,0.4,3.0,324.0,0.0,0.0,0.13580246913580246
16.0,8.0,23.0,0.1,0.1,0.4,3.0,325.0,0.0,0.0,0.13538461538461538
16.0,8.0,24.0,0.1,0.1,0.4,3.0,315.0,0.0,0.0,0.13968253968253969
16.0,8.0,25.0,0.1,0.1,0.4,3.0,316.0,0.0,0.0,0.13924050632911392
16.0,8.0,26.0,0.1,0.1,0.4,3.0,315.0,0.0,0.0,0.13968253968253969
16.0,8.0,27.0,0.1,0.1,0.4,3.0,308.0,0.0,0.0,0.14285714285714285
16.0,8.0,28.0,0.1,0.1,0.4,3.0,274.0,0.0,0.0,0.14963503649635038
16.0,8.0,29.0,0.1,0.1,0.4,3.0,275.0,0.0,0.0,0.14909090909090908
16.0,8.0,30.0,0.1,0.1,0.4,3.0,273.0,0.0,0.0,0.15018315018315018
16.0,8.0,31.0,0.1,0.1,0.4,3.0,274.0,0.0,0.0,0.14963503649635038
16.0,8.0,32.0,0.1,0.1,0.4,3.0,262.0,0.0,0.0,0.15648854961832062
16.0,8.0,33.0,0.1,0.1,0.4,3.0,254.0,0.0,0.0,0.16141732283464566
16.0,8.0,34.0,0.1,0.1,0.4,3.0,253.0,0.0,0.0,0.16205533596837945
16.0,8.0,35.0,0.1,0.1,0.4,3.0,254.0,0.0,0.0,0.16141732283464566
16.0,8.0,36.0,0.1,0.1,0.4,3.0,253.0,0.0,0.0,0.16205533596837945
16.0,8.0,37.0,0.1,0.1,0.4,3.0,254.0,0.0,0.0,0.16141732283464566
16.0,8.0,38.0,0.1,0.1,0.4,3.0,254.0,0.0,0.0,0.16141732283464566
16.0,8.0,39.0,0.1,0.1,0.4,3.0,254.0,0.0,0.0,0.16141732283464566
16.0,8.0,40.0,0.1,0.1,0.4,3.0,254.0,0.0,0.0,0.16141732283464566
16.0,8.0,41.0,0.1,0.1,0.4,3.0,253.0,0.0,0.0,0.16205533596837945
16.0,8.0,42.0,0.1,0.1,0.4,3.0,253.0,0.0,0.0,0.16205533596837945
16.0,8.0,43.0,0.1,0.1,0.4,3.0,252.0,0.0,0.0,0.1626984126984127
16.0,8.0,44.0,0.1,0.1,0.4,3.0,254.0,0.0,0.0,0.16141732283464566
16.0,8.0,45.0,0.1,0.1,0.4,3.0,252.0,0.0,0.0,0.23412698412698413
16.0,8.0,46.0,0.1,0.1,0.4,3.0,221.0,0.0,0.0,0.24434389140271492
16.0,8.0,47.0,0.1,0.1,0.4,3.0,226.0,0.0,0.0,0.24778761061946902
16.0,8.0,48.0,0.1,0.1,0.4,3.0,222.0,0.0,0.0,0.24774774774774774
16.0,8.0,49.0,0.1,0.1,0.4,3.0,226.0,0.0,0.0,0.24778761061946902
16.0,8.0,50.0,0.1,0.1,0.4,3.0,227.0,0.0,0.0,0.2511013215859031
16.0,8.0,51.0,0.1,0.1,0.4,3.0,226.0,0.0,0.0,0.24778761061946902
16.0,8.0,52.0,0.1,0.1,0.4,3.0,227.0,0.0,0.0,0.2511013215859031
16.0,9.0,1.0,0.1,0.1,0.4,3.0,223.0,0.0,0.0,0.25112107623318386
16.0,9.0,2.0,0.1,0.1,0.4,3.0,224.0,0.0,0.0,0.2544642857142857
16.0,9.0,3.0,0.1,0.1,0.4,3.0,222.0,0.0,0.0,0.24774774774774774
16.0,9.0,4.0,0.1,0.1,0.4,3.0,223.0,0.0,0.0,0.25112107623318386
16.0,9.0,5.0,0.1,0.1,0.4,3.0,221.0,0.0,0.0,0.248868778280543
16.0,9.0,6.0,0.1,0.1,0.4,3.0,222.0,0.0,0.0,0.25225225225225223
16.0,9.0,7.0,0.1,0.1,0.4,3.0,221.0,0.0,0.0,0.248868778280543
16.0,9.0,8.0,0.1,0.1,0.4,3.0,221.0,0.0,0.0,0.25339366515837103
16.0,9.0,9.0,0.1,0.1,0.4,3.0,220.0,0.0,0.0,0.25
16.0,9.0,10.0,0.1,0.1,0.4,3.0,221.0,0.0,0.0,0.25339366515837103
16.0,9.0,11.0,0.1,0.1,0.4,3.0,219.0,0.0,0.0,0.2511415525114155
16.0,9.0,12.0,0.1,0.1,0.4,3.0,220.0,0.0,0.0,0.2545454545454545
16.0,9.0,13.0,0.1,0.1,0.4,3.0,219.0,0.0,0.0,0.2511415525114155
16.0,9.0,14.0,0.1,0.1,0.4,3.0,220.0,0.0,0.0,0.2545454545454545
16.0,9.0,15.0,0.1,0.1,0.4,3.0,212.0,0.0,0.0,0.24528301886792453
16.0,9.0,16.0,0.1,0.1,0.4,3.0,212.0,0.0,0.0,0.25
16.0,9.0,17.0,0.1,0.1,0.4,3.0,212.0,0.0,0.0,0.24528301886792453
16.0,9.0,18.0,0.1,0.1,0.4,3.0,212.0,0.0,0.0,0.25
16.0,9.0,19.0,0.1,0.1,0.4,3.0,212.0,0.0,0.0,0.24528301886792453
16.0,9.0,20.0,0.1,0.1,0.4,3.0,370.0,0.0,0.0,0.11621621621621622
16.0,9.0,21.0,0.1,0.1,0.4,3.0,352.0,0.0,0.0,0.11647727272727272
16.0,9.0,22.0,0.1,0.1,0.4,3.0,345.0,0.0,0.0,0.12173913043478261
16.0,9.0,23.0,0.1,0.1,0.4,3.0,335.0,0.0,0.0,0.11940298507462686
16.0,9.0,24.0,0.1,0.1,0.4,3.0,315.0,0.0,0.0,0.12380952380952381
16.0,9.0,25.0,0.1,0.1,0.4,3.0,312.0,0.0,0.0,0.11858974358974358
16.0,9.0,26.0,0.1,0.1,0.4,3.0,285.0,0.0,0.0,0.12982456140350876
16.0,9.0,27.0,0.1,0.1,0.4,3.0,264.0,0.0,0.0,0.13257575757575757
16.0,9.0,28.0,0.1,0.1,0.4,3.0,255.0,0.0,0.0,0.1411764705882353
16.0,9.0,29.0,0.1,0.1,0.4,3.0,245.0,0.0,0.0,0.13877551020408163
16.0,9.0,30.0,0.1,0.1,0.4,3.0,246.0,0.0,0.0,0.14227642276422764
16.0,9.0,31.0,0.1,0.1,0.4,3.0,236.0,0.0,0.0,0.1440677966101695
16.0,9.0,32.0,0.1,0.1,0.4,3.0,236.0,0.0,0.0,0.1440677966101695
16.0,9.0,33.0,0.1,0.1,0.4,3.0,236.0,0.0,0.0,0.1440677966101695
16.0,9.0,34.0,0.1,0.1,0.4,3.0,207.0,0.0,0.0,0.1642512077294686
16.0,9.0,35.0,0.1,0.1,0.4,3.0,206.0,0.0,0.0,0.16019417475728157
16.0,9.0,36.0,0.1,0.1,0.4,3.0,196.0,0.0,0.0,0.17346938775510204
16.0,9.0,37.0,0.1,0.1,0.4,3.0,195.0,0.0,0.0,0.16923076923076924
16.0,9.0,38.0,0.1,0.1,0.4,3.0,196.0,0.0,0.0,0.17346938775510204
16.0,9.0,39.0,0.1,0.1,0.4,3.0,195.0,0.0,0.0,0.16923076923076924
16.0,9.0,40.0,0.1,0.1,0.4,3.0,195.0,0.0,0.0,0.17435897435897435
16.0,9.0,41.0,0.1,0.1,0.4,3.0,193.0,0.0,0.0,0.17098445595854922
16.0,9.0,42.0,0.1,0.1,0.4,3.0,195.0,0.0,0.0,0.17435897435897435
16.0,9.0,43.0,0.1,0.1,0.4,3.0,193.0,0.0,0.0,0.17098445595854922
16.0,9.0,44.0,0.1,0.1,0.4,3.0,195.0,0.0,0.0,0.17435897435897435
16.0,9.0,45.0,0.1,0.1,0.4,3.0,193.0,0.0,0.0,0.26424870466321243
16.0,9.0,46.0,0.1,0.1,0.4,3.0,185.0,0.0,0.0,0.2702702702702703
16.0,9.0,47.0,0.1,0.1,0.4,3.0,183.0,0.0,0.0,0.2677595628415301
16.0,9.0,48.0,0.1,0.1,0.4,3.0,185.0,0.0,0.0,0.2702702702702703
16.0,9.0,49.0,0.1,0.1,0.4,3.0,183.0,0.0,0.0,0.2677595628415301
16.0,9.0,50.0,0.1,0.1,0.4,3.0,182.0,0.0,0.0,0.2692307692307692
16.0,9.0,51.0,0.1,0.1,0.4,3.0,180.0,0.0,0.0,0.26666666666666666
16.0,9.0,52.0,0.1,0.1,0.4,3.0,179.0,0.0,0.0,0.2737430167597765
16.0,10.0,1.0,0.1,0.1,0.4,3.0,178.0,0.0,0.0,0.2696629213483146
16.0,10.0,2.0,0.1,0.1,0.4,3.0,179.0,0.0,0.0,0.2737430167597765
16.0,10.0,3.0,0.1,0.1,0.4,3.0,173.0,0.0,0.0,0.27167630057803466
16.0,10.0,4.0,0.1,0.1,0.4,3.0,174.0,0.0,0.0,0.27586206896551724
16.0,10.0,5.0,0.1,0.1,0.4,3.0,172.0,0.0,0.0,0.27325581395348836
16.0,10.0,6.0,0.1,0.1,0.4,3.0,173.0,0.0,0.0,0.2774566473988439
16.0,10.0,7.0,0.1,0.1,0.4,3.0,171.0,0.0,0.0,0.26900584795321636
16.0,10.0,8.0,0.1,0.1,0.4,3.0,172.0,0.0,0.0,0.27325581395348836
16.0,10.0,9.0,0.1,0.1,0.4,3.0,171.0,0.0,0.0,0.26900584795321636
16.0,10.0,10.0,0.1,0.1,0.4,3.0,172.0,0.0,0.0,0.27325581395348836
16.0,10.0,11.0,0.1,0.1,0.4,3.0,171.0,0.0,0.0,0.26900584795321636
16.0,10.0,12.0,0.1,0.1,0.4,3.0,172.0,0.0,0.0,0.27325581395348836
16.0,10.0,13.0,0.1,0.1,0.4,3.0,171.0,0.0,0.0,0.26900584795321636
16.0,10.0,14.0,0.1,0.1,0.4,3.0,172.0,0.0,0.0,0.27325581395348836
16.0,10.0,15.0,0.1,0.1,0.4,3.0,171.0,0.0,0.0,0.26900584795321636
16.0,10.0,16.0,0.1,0.1,0.4,3.0,172.0,0.0,0.0,0.27325581395348836
16.0,10.0,17.0,0.1,0.1,0.4,3.0,170.0,0.0,0.0,0.27058823529411763
16.0,10.0,18.0,0.1,0.1,0.4,3.0,172.0,0.0,0.0,0.27325581395348836
16.0,10.0,19.0,0.1,0.1,0.4,3.0,162.0,0.0,0.0,0.2654320987654321
16.0,10.0,20.0,0.1,0.1,0.4,3.0,271.0,0.0,0.0,0.15498154981549817
16.0,10.0,21.0,0.1,0.1,0.4,3.0,260.0,0.0,0.0,0.15
16.0,10.0,22.0,0.1,0.1,0.4,3.0,261.0,0.0,0.0,0.1532567049808429
16.0,10.0,23.0,0.1,0.1,0.4,3.0,250.0,0.0,0.0,0.148
16.0,10.0,24.0,0.1,0.1,0.4,3.0,252.0,0.0,0.0,0.15079365079365079
16.0,10.0,25.0,0.1,0.1,0.4,3.0,250.0,0.0,0.0,0.148
16.0,10.0,26.0,0.1,0.1,0.4,3.0,252.0,0.0,0.0,0.15079365079365079
16.0,10.0,27.0,0.1,0.1,0.4,3.0,241.0,0.0,0.0,0.15352697095435686
16.0,10.0,28.0,0.1,0.1,0.4,3.0,243.0,0.0,0.0,0.15637860082304528
16.0,10.0,29.0,0.1,0.1,0.4,3.0,241.0,0.0,0.0,0.15352697095435686
16.0,10.0,30.0,0.1,0.1,0.4,3.0,243.0,0.0,0.0,0.15637860082304528
16.0,10.0,31.0,0.1,0.1,0.4,3.0,241.0,0.0,0.0,0.15352697095435686
16.0,10.0,32.0,0.1,0.1,0.4,3.0,243.0,0.0,0.0,0.15637860082304528
16.0,10.0,33.0,0.1,0.1,0.4,3.0,217.0,0.0,0.0,0.16589861751152074
16.0,10.0,34.0,0.1,0.1,0.4,3.0,210.0,0.0,0.0,0.1761904761904762
16.0,10.0,35.0,0.1,0.1,0.4,3.0,199.0,0.0,0.0,0.18090452261306533
16.0,10.0,36.0,0.1,0.1,0.4,3.0,192.0,0.0,0.0,0.19270833333333334
16.0,10.0,37.0,0.1,0.1,0.4,3.0,190.0,0.0,0.0,0.18947368421052632
16.0,10.0,38.0,0.1,0.1,0.4,3.0,181.0,0.0,0.0,0.19889502762430938
16.0,10.0,39.0,0.1,0.1,0.4,3.0,179.0,0.0,0.0,0.19553072625698323
16.0,10.0,40.0,0.1,0.1,0.4,3.0,181.0,0.0,0.0,0.19889502762430938
16.0,10.0,41.0,0.1,0.1,0.4,3.0,179.0,0.0,0.0,0.19553072625698323
16.0,10.0,42.0,0.1,0.1,0.4,3.0,181.0,0.0,0.0,0.19889502762430938
16.0,10.0,43.0,0.1,0.1,0.4,3.0,179.0,0.0,0.0,0.19553072625698323
16.0,10.0,44.0,0.1,0.1,0.4,3.0,181.0,0.0,0.0,0.19889502762430938
16.0,10.0,45.0,0.1,0.1,0.4,3.0,179.0,0.0,0.0,0.25139664804469275
16.0,10.0,46.0,0.1,0.1,0.4,3.0,181.0,0.0,0.0,0.2541436464088398
16.0,10.0,47.0,0.1,0.1,0.4,3.0,179.0,0.0,0.0,0.25139664804469275
16.0,10.0,48.0,0.1,0.1,0.4,3.0,181.0,0.0,0.0,0.2541436464088398
16.0,10.0,49.0,0.1,0.1,0.4,3.0,179.0,0.0,0.0,0.25139664804469275
16.0,10.0,50.0,0.1,0.1,0.4,3.0,181.0,0.0,0.0,0.2541436464088398
16.0,10.0,51.0,0.1,0.1,0.4,3.0,179.0,0.0,0.0,0.25139664804469275
16.0,10.0,52.0,0.1,0.1,0.4,3.0,181.0,0.0,0.0,0.2541436464088398
17.0,1.0,1.0,0.1,0.1,0.4,3.0,5034.0,47.0,7.0,0.0975367500993246
17.0,1.0,2.0,0.1,0.1,0.4,3.0,4947.0,45.0,11.0,0.09884778653729533
17.0,1.0,3.0,0.1,0.1,0.4,3.0,4821.0,66.0,26.0,0.09894212818917238
17.0,1.0,4.0,0.1,0.1,0.4,3.0,4726.0,84.0,32.0,0.09733389758781211
17.0,1.0,5.0,0.1,0.1,0.4,3.0,4627.0,119.0,41.0,0.09682299546142209
17.0,1.0,6.0,0.1,0.1,0.4,3.0,4489.0,127.0,46.0,0.0971263087547338
17.0,1.0,7.0,0.1,0.1,0.4,3.0,4284.0,150.0,48.0,0.09943977591036414
17.0,1.0,8.0,0.1,0.1,0.4,3.0,4126.0,168.0,62.0,0.09743092583616093
17.0,1.0,9.0,0.1,0.1,0.4,3.0,3897.0,184.0,67.0,0.10007698229407236
17.0,1.0,10.0,0.1,0.1,0.4,3.0,3736.0,216.0,86.0,0.09930406852248394
17.0,1.0,11.0,0.1,0.1,0.4,3.0,3581.0,252.0,106.0,0.10025132644512706
17.0,1.0,12.0,0.1,0.1,0.4,3.0,3444.0,283.0,115.0,0.09901277584204414
17.0,1.0,13.0,0.1,0.1,0.4,3.0,3323.0,303.0,133.0,0.10261811616009629
17.0,1.0,14.0,0.1,0.1,0.4,3.0,3164.0,297.0,158.0,0.10145385587863463
17.0,1.0,15.0,0.1,0.1,0.4,3.0,3057.0,305.0,164.0,0.1023879620543016
17.0,1.0,16.0,0.1,0.1,0.4,3.0,2897.0,282.0,146.0,0.10390058681394546
17.0,1.0,17.0,0.1,0.1,0.4,3.0,2778.0,262.0,125.0,0.10763138948884089
17.0,1.0,18.0,0.1,0.1,0.4,3.0,2660.0,269.0,130.0,0.10827067669172932
17.0,1.0,19.0,0.1,0.1,0.4,3.0,2549.0,265.0,121.0,0.1118085523734798
17.0,1.0,20.0,0.1,0.1,0.4,3.0,6696.0,246.0,129.0,0.04091995221027479
17.0,1.0,21.0,0.1,0.1,0.4,3.0,6169.0,360.0,109.0,0.04328092073269574
17.0,1.0,22.0,0.1,0.1,0.4,3.0,5635.0,383.0,130.0,0.04365572315882875
17.0,1.0,23.0,0.1,0.1,0.4,3.0,5175.0,459.0,145.0,0.044057971014492756
17.0,1.0,24.0,0.1,0.1,0.4,3.0,4642.0,484.0,167.0,0.04566996984058595
17.0,1.0,25.0,0.1,0.1,0.4,3.0,4314.0,561.0,203.0,0.048446917014371815
17.0,1.0,26.0,0.1,0.1,0.4,3.0,3958.0,589.0,230.0,0.04850934815563416
17.0,1.0,27.0,0.1,0.1,0.4,3.0,3665.0,601.0,263.0,0.05184174624829468
17.0,1.0,28.0,0.1,0.1,0.4,3.0,3316.0,580.0,244.0,0.05337756332931243
17.0,1.0,29.0,0.1,0.1,0.4,3.0,3085.0,563.0,254.0,0.05737439222042139
17.0,1.0,30.0,0.1,0.1,0.4,3.0,2769.0,518.0,245.0,0.05994944023113037
17.0,1.0,31.0,0.1,0.1,0.4,3.0,2630.0,532.0,239.0,0.06311787072243347
17.0,1.0,32.0,0.1,0.1,0.4,3.0,2389.0,479.0,211.0,0.06446211804102135
17.0,1.0,33.0,0.1,0.1,0.4,3.0,2187.0,442.0,197.0,0.06858710562414266
17.0,1.0,34.0,0.1,0.1,0.4,3.0,1933.0,429.0,207.0,0.07397827211588205
17.0,1.0,35.0,0.1,0.1,0.4,3.0,1785.0,359.0,189.0,0.07955182072829131
17.0,1.0,36.0,0.1,0.1,0.4,3.0,1606.0,314.0,173.0,0.08904109589041095
17.0,1.0,37.0,0.1,0.1,0.4,3.0,1508.0,265.0,155.0,0.09416445623342175
17.0,1.0,38.0,0.1,0.1,0.4,3.0,1381.0,232.0,135.0,0.0999275887038378
17.0,1.0,39.0,0.1,0.1,0.4,3.0,1306.0,197.0,106.0,0.10566615620214395
17.0,1.0,40.0,0.1,0.1,0.4,3.0,1239.0,169.0,81.0,0.1089588377723971
17.0,1.0,41.0,0.1,0.1,0.4,3.0,1205.0,158.0,76.0,0.11369294605809128
17.0,1.0,42.0,0.1,0.1,0.4,3.0,1121.0,138.0,68.0,0.11953612845673506
17.0,1.0,43.0,0.1,0.1,0.4,3.0,1091.0,126.0,70.0,0.12557286892758937
17.0,1.0,44.0,0.1,0.1,0.4,3.0,1043.0,110.0,64.0,0.12847555129434324
17.0,1.0,45.0,0.1,0.1,0.4,3.0,981.0,94.0,59.0,0.199796126401631
17.0,1.0,46.0,0.1,0.1,0.4,3.0,926.0,74.0,43.0,0.20302375809935205
17.0,1.0,47.0,0.1,0.1,0.4,3.0,880.0,58.0,29.0,0.2125
17.0,1.0,48.0,0.1,0.1,0.4,3.0,841.0,49.0,23.0,0.2140309155766944
17.0,1.0,49.0,0.1,0.1,0.4,3.0,822.0,43.0,23.0,0.21897810218978103
17.0,1.0,50.0,0.1,0.1,0.4,3.0,801.0,38.0,18.0,0.2222222222222222
17.0,1.0,51.0,0.1,0.1,0.4,3.0,774.0,37.0,19.0,0.22739018087855298
17.0,1.0,52.0,0.1,0.1,0.4,3.0,756.0,29.0,15.0,0.22883597883597884
17.0,2.0,1.0,0.1,0.1,0.4,3.0,747.0,27.0,19.0,0.23159303882195448
17.0,2.0,2.0,0.1,0.1,0.4,3.0,714.0,23.0,16.0,0.23109243697478993
17.0,2.0,3.0,0.1,0.1,0.4,3.0,693.0,23.0,14.0,0.2352092352092352
17.0,2.0,4.0,0.1,0.1,0.4,3.0,691.0,18.0,12.0,0.23444283646888567
17.0,2.0,5.0,0.1,0.1,0.4,3.0,669.0,15.0,9.0,0.2406576980568012
17.0,2.0,6.0,0.1,0.1,0.4,3.0,674.0,13.0,6.0,0.2403560830860534
17.0,2.0,7.0,0.1,0.1,0.4,3.0,643.0,10.0,3.0,0.24572317262830481
17.0,2.0,8.0,0.1,0.1,0.4,3.0,655.0,11.0,6.0,0.24427480916030533
17.0,2.0,9.0,0.1,0.1,0.4,3.0,639.0,9.0,6.0,0.24882629107981222
17.0,2.0,10.0,0.1,0.1,0.4,3.0,643.0,9.0,6.0,0.24572317262830481
17.0,2.0,11.0,0.1,0.1,0.4,3.0,632.0,6.0,4.0,0.25
17.0,2.0,12.0,0.1,0.1,0.4,3.0,635.0,4.0,2.0,0.24881889763779527
17.0,2.0,13.0,0.1,0.1,0.4,3.0,621.0,4.0,2.0,0.249597423510467
17.0,2.0,14.0,0.1,0.1,0.4,3.0,624.0,3.0,2.0,0.2483974358974359
17.0,2.0,15.0,0.1,0.1,0.4,3.0,615.0,3.0,2.0,0.24878048780487805
17.0,2.0,16.0,0.1,0.1,0.4,3.0,615.0,2.0,2.0,0.24878048780487805
17.0,2.0,17.0,0.1,0.1,0.4,3.0,605.0,1.0,1.0,0.24793388429752067
17.0,2.0,18.0,0.1,0.1,0.4,3.0,612.0,1.0,1.0,0.24673202614379086
17.0,2.0,19.0,0.1,0.1,0.4,3.0,601.0,0.0,0.0,0.24792013311148087
17.0,2.0,20.0,0.1,0.1,0.4,3.0,1084.0,0.0,0.0,0.13468634686346864
17.0,2.0,21.0,0.1,0.1,0.4,3.0,1030.0,0.0,0.0,0.13689320388349516
17.0,2.0,22.0,0.1,0.1,0.4,3.0,1000.0,0.0,0.0,0.138
17.0,2.0,23.0,0.1,0.1,0.4,3.0,954.0,0.0,0.0,0.14255765199161424
17.0,2.0,24.0,0.1,0.1,0.4,3.0,902.0,0.0,0.0,0.14523281596452328
17.0,2.0,25.0,0.1,0.1,0.4,3.0,879.0,0.0,0.0,0.14675767918088736
17.0,2.0,26.0,0.1,0.1,0.4,3.0,846.0,0.0,0.0,0.14893617021276595
17.0,2.0,27.0,0.1,0.1,0.4,3.0,814.0,0.0,0.0,0.14987714987714987
17.0,2.0,28.0,0.1,0.1,0.4,3.0,798.0,0.0,0.0,0.15037593984962405
17.0,2.0,29.0,0.1,0.1,0.4,3.0,775.0,0.0,0.0,0.15225806451612903
17.0,2.0,30.0,0.1,0.1,0.4,3.0,765.0,0.0,0.0,0.15294117647058825
17.0,2.0,31.0,0.1,0.1,0.4,3.0,751.0,0.0,0.0,0.15446071904127828
17.0,2.0,32.0,0.1,0.1,0.4,3.0,743.0,0.0,0.0,0.15343203230148048
17.0,2.0,33.0,0.1,0.1,0.4,3.0,729.0,0.0,0.0,0.15363511659807957
17.0,2.0,34.0,0.1,0.1,0.4,3.0,720.0,0.0,0.0,0.15416666666666667
17.0,2.0,35.0,0.1,0.1,0.4,3.0,689.0,0.0,0.0,0.1509433962264151
17.0,2.0,36.0,0.1,0.1,0.4,3.0,684.0,0.0,0.0,0.15350877192982457
17.0,2.0,37.0,0.1,0.1,0.4,3.0,677.0,0.0,0.0,0.15066469719350073
17.0,2.0,38.0,0.1,0.1,0.4,3.0,655.0,0.0,0.0,0.15267175572519084
17.0,2.0,39.0,0.1,0.1,0.4,3.0,653.0,0.0,0.0,0.15160796324655437
17.0,2.0,40.0,0.1,0.1,0.4,3.0,611.0,0.0,0.0,0.15548281505728315
17.0,2.0,41.0,0.1,0.1,0.4,3.0,613.0,0.0,0.0,0.1533442088091354
17.0,2.0,42.0,0.1,0.1,0.4,3.0,589.0,0.0,0.0,0.15619694397283532
17.0,2.0,43.0,0.1,0.1,0.4,3.0,592.0,0.0,0.0,0.14864864864864866
17.0,2.0,44.0,0.1,0.1,0.4,3.0,577.0,0.0,0.0,0.15251299826689774
17.0,2.0,45.0,0.1,0.1,0.4,3.0,558.0,0.0,0.0,0.23118279569892472
17.0,2.0,46.0,0.1,0.1,0.4,3.0,543.0,0.0,0.0,0.23388581952117865
17.0,2.0,47.0,0.1,0.1,0.4,3.0,536.0,0.0,0.0,0.2332089552238806
17.0,2.0,48.0,0.1,0.1,0.4,3.0,522.0,0.0,0.0,0.23563218390804597
17.0,2.0,49.0,0.1,0.1,0.4,3.0,517.0,0.0,0.0,0.23404255319148937
17.0,2.0,50.0,0.1,0.1,0.4,3.0,504.0,0.0,0.0,0.2400793650793651
17.0,2.0,51.0,0.1,0.1,0.4,3.0,511.0,0.0,0.0,0.23874755381604695
17.0,2.0,52.0,0.1,0.1,0.4,3.0,492.0,0.0,0.0,0.241869918699187
17.0,3.0,1.0,0.1,0.1,0.4,3.0,492.0,0.0,0.0,0.24390243902439024
17.0,3.0,2.0,0.1,0.1,0.4,3.0,478.0,0.0,0.0,0.24476987447698745
17.0,3.0,3.0,0.1,0.1,0.4,3.0,489.0,0.0,0.0,0.24335378323108384
17.0,3.0,4.0,0.1,0.1,0.4,3.0,472.0,0.0,0.0,0.23940677966101695
17.0,3.0,5.0,0.1,0.1,0.4,3.0,466.0,0.0,0.0,0.24034334763948498
17.0,3.0,6.0,0.1,0.1,0.4,3.0,460.0,0.0,0.0,0.24130434782608695
17.0,3.0,7.0,0.1,0.1,0.4,3.0,460.0,0.0,0.0,0.24347826086956523
17.0,3.0,8.0,0.1,0.1,0.4,3.0,445.0,0.0,0.0,0.23820224719101124
17.0,3.0,9.0,0.1,0.1,0.4,3.0,448.0,0.0,0.0,0.23660714285714285
17.0,3.0,10.0,0.1,0.1,0.4,3.0,442.0,0.0,0.0,0.2398190045248869
17.0,3.0,11.0,0.1,0.1,0.4,3.0,447.0,0.0,0.0,0.23937360178970918
17.0,3.0,12.0,0.1,0.1,0.4,3.0,437.0,0.0,0.0,0.2379862700228833
17.0,3.0,13.0,0.1,0.1,0.4,3.0,441.0,0.0,0.0,0.23809523809523808
17.0,3.0,14.0,0.1,0.1,0.4,3.0,434.0,0.0,0.0,0.23732718894009217
17.0,3.0,15.0,0.1,0.1,0.4,3.0,440.0,0.0,0.0,0.23863636363636365
17.0,3.0,16.0,0.1,0.1,0.4,3.0,429.0,0.0,0.0,0.23776223776223776
17.0,3.0,17.0,0.1,0.1,0.4,3.0,435.0,0.0,0.0,0.23908045977011494
17.0,3.0,18.0,0.1,0.1,0.4,3.0,424.0,0.0,0.0,0.2358490566037736
17.0,3.0,19.0,0.1,0.1,0.4,3.0,433.0,0.0,0.0,0.23556581986143188
17.0,3.0,20.0,0.1,0.1,0.4,3.0,786.0,0.0,0.0,0.1272264631043257
17.0,3.0,21.0,0.1,0.1,0.4,3.0,751.0,0.0,0.0,0.12916111850865514
17.0,3.0,22.0,0.1,0.1,0.4,3.0,710.0,0.0,0.0,0.1323943661971831
17.0,3.0,23.0,0.1,0.1,0.4,3.0,701.0,0.0,0.0,0.1312410841654779
17.0,3.0,24.0,0.1,0.1,0.4,3.0,677.0,0.0,0.0,0.13146233382570163
17.0,3.0,25.0,0.1,0.1,0.4,3.0,650.0,0.0,0.0,0.13692307692307693
17.0,3.0,26.0,0.1,0.1,0.4,3.0,636.0,0.0,0.0,0.13522012578616352
17.0,3.0,27.0,0.1,0.1,0.4,3.0,620.0,0.0,0.0,0.13548387096774195
17.0,3.0,28.0,0.1,0.1,0.4,3.0,575.0,0.0,0.0,0.1356521739130435
17.0,3.0,29.0,0.1,0.1,0.4,3.0,580.0,0.0,0.0,0.13793103448275862
17.0,3.0,30.0,0.1,0.1,0.4,3.0,570.0,0.0,0.0,0.1368421052631579
17.0,3.0,31.0,0.1,0.1,0.4,3.0,578.0,0.0,0.0,0.13494809688581316
17.0,3.0,32.0,0.1,0.1,0.4,3.0,556.0,0.0,0.0,0.1366906474820144
17.0,3.0,33.0,0.1,0.1,0.4,3.0,556.0,0.0,0.0,0.13848920863309352
17.0,3.0,34.0,0.1,0.1,0.4,3.0,495.0,0.0,0.0,0.14545454545454545
17.0,3.0,35.0,0.1,0.1,0.4,3.0,485.0,0.0,0.0,0.1463917525773196
17.0,3.0,36.0,0.1,0.1,0.4,3.0,466.0,0.0,0.0,0.14377682403433475
17.0,3.0,37.0,0.1,0.1,0.4,3.0,474.0,0.0,0.0,0.14345991561181434
17.0,3.0,38.0,0.1,0.1,0.4,3.0,451.0,0.0,0.0,0.14634146341463414
17.0,3.0,39.0,0.1,0.1,0.4,3.0,454.0,0.0,0.0,0.14757709251101322
17.0,3.0,40.0,0.1,0.1,0.4,3.0,451.0,0.0,0.0,0.14634146341463414
17.0,3.0,41.0,0.1,0.1,0.4,3.0,453.0,0.0,0.0,0.1456953642384106
17.0,3.0,42.0,0.1,0.1,0.4,3.0,453.0,0.0,0.0,0.141280353200883
17.0,3.0,43.0,0.1,0.1,0.4,3.0,450.0,0.0,0.0,0.14444444444444443
17.0,3.0,44.0,0.1,0.1,0.4,3.0,449.0,0.0,0.0,0.1403118040089087
17.0,3.0,45.0,0.1,0.1,0.4,3.0,435.0,0.0,0.0,0.23448275862068965
17.0,3.0,46.0,0.1,0.1,0.4,3.0,425.0,0.0,0.0,0.23529411764705882
17.0,3.0,47.0,0.1,0.1,0.4,3.0,418.0,0.0,0.0,0.24162679425837322
17.0,3.0,48.0,0.1,0.1,0.4,3.0,415.0,0.0,0.0,0.2385542168674699
17.0,3.0,49.0,0.1,0.1,0.4,3.0,409.0,0.0,0.0,0.2396088019559902
17.0,3.0,50.0,0.1,0.1,0.4,3.0,391.0,0.0,0.0,0.23529411764705882
17.0,3.0,51.0,0.1,0.1,0.4,3.0,392.0,0.0,0.0,0.23979591836734693
17.0,3.0,52.0,0.1,0.1,0.4,3.0,387.0,0.0,0.0,0.24031007751937986
17.0,4.0,1.0,0.1,0.1,0.4,3.0,376.0,0.0,0.0,0.2393617021276596
17.0,4.0,2.0,0.1,0.1,0.4,3.0,359.0,0.0,0.0,0.2395543175487465
17.0,4.0,3.0,0.1,0.1,0.4,3.0,360.0,0.0,0.0,0.2388888888888889
17.0,4.0,4.0,0.1,0.1,0.4,3.0,352.0,0.0,0.0,0.23863636363636365
17.0,4.0,5.0,0.1,0.1,0.4,3.0,356.0,0.0,0.0,0.24157303370786518
17.0,4.0,6.0,0.1,0.1,0.4,3.0,353.0,0.0,0.0,0.24079320113314448
17.0,4.0,7.0,0.1,0.1,0.4,3.0,354.0,0.0,0.0,0.2401129943502825
17.0,4.0,8.0,0.1,0.1,0.4,3.0,346.0,0.0,0.0,0.23699421965317918
17.0,4.0,9.0,0.1,0.1,0.4,3.0,352.0,0.0,0.0,0.24147727272727273
17.0,4.0,10.0,0.1,0.1,0.4,3.0,340.0,0.0,0.0,0.23529411764705882
17.0,4.0,11.0,0.1,0.1,0.4,3.0,343.0,0.0,0.0,0.24198250728862974
17.0,4.0,12.0,0.1,0.1,0.4,3.0,338.0,0.0,0.0,0.23372781065088757
17.0,4.0,13.0,0.1,0.1,0.4,3.0,341.0,0.0,0.0,0.2404692082111437
17.0,4.0,14.0,0.1,0.1,0.4,3.0,336.0,0.0,0.0,0.23511904761904762
17.0,4.0,15.0,0.1,0.1,0.4,3.0,332.0,0.0,0.0,0.2469879518072289
17.0,4.0,16.0,0.1,0.1,0.4,3.0,325.0,0.0,0.0,0.24307692307692308
17.0,4.0,17.0,0.1,0.1,0.4,3.0,332.0,0.0,0.0,0.2469879518072289
17.0,4.0,18.0,0.1,0.1,0.4,3.0,323.0,0.0,0.0,0.23839009287925697
17.0,4.0,19.0,0.1,0.1,0.4,3.0,328.0,0.0,0.0,0.24085365853658536
17.0,4.0,20.0,0.1,0.1,0.4,3.0,629.0,0.0,0.0,0.12559618441971382
17.0,4.0,21.0,0.1,0.1,0.4,3.0,591.0,0.0,0.0,0.13367174280879865
17.0,4.0,22.0,0.1,0.1,0.4,3.0,558.0,0.0,0.0,0.13082437275985664
17.0,4.0,23.0,0.1,0.1,0.4,3.0,562.0,0.0,0.0,0.13523131672597866
17.0,4.0,24.0,0.1,0.1,0.4,3.0,533.0,0.0,0.0,0.13133208255159476
17.0,4.0,25.0,0.1,0.1,0.4,3.0,528.0,0.0,0.0,0.13636363636363635
17.0,4.0,26.0,0.1,0.1,0.4,3.0,494.0,0.0,0.0,0.13360323886639677
17.0,4.0,27.0,0.1,0.1,0.4,3.0,494.0,0.0,0.0,0.13765182186234817
17.0,4.0,28.0,0.1,0.1,0.4,3.0,466.0,0.0,0.0,0.1351931330472103
17.0,4.0,29.0,0.1,0.1,0.4,3.0,481.0,0.0,0.0,0.13721413721413722
17.0,4.0,30.0,0.1,0.1,0.4,3.0,470.0,0.0,0.0,0.13617021276595745
17.0,4.0,31.0,0.1,0.1,0.4,3.0,487.0,0.0,0.0,0.1375770020533881
17.0,4.0,32.0,0.1,0.1,0.4,3.0,473.0,0.0,0.0,0.13530655391120508
17.0,4.0,33.0,0.1,0.1,0.4,3.0,446.0,0.0,0.0,0.1412556053811659
17.0,4.0,34.0,0.1,0.1,0.4,3.0,443.0,0.0,0.0,0.13544018058690746
17.0,4.0,35.0,0.1,0.1,0.4,3.0,439.0,0.0,0.0,0.1366742596810934
17.0,4.0,36.0,0.1,0.1,0.4,3.0,439.0,0.0,0.0,0.13439635535307518
17.0,4.0,37.0,0.1,0.1,0.4,3.0,435.0,0.0,0.0,0.13793103448275862
17.0,4.0,38.0,0.1,0.1,0.4,3.0,425.0,0.0,0.0,0.13176470588235295
17.0,4.0,39.0,0.1,0.1,0.4,3.0,423.0,0.0,0.0,0.1347517730496454
17.0,4.0,40.0,0.1,0.1,0.4,3.0,421.0,0.0,0.0,0.12826603325415678
17.0,4.0,41.0,0.1,0.1,0.4,3.0,393.0,0.0,0.0,0.13740458015267176
17.0,4.0,42.0,0.1,0.1,0.4,3.0,401.0,0.0,0.0,0.13216957605985039
17.0,4.0,43.0,0.1,0.1,0.4,3.0,391.0,0.0,0.0,0.13810741687979539
17.0,4.0,44.0,0.1,0.1,0.4,3.0,386.0,0.0,0.0,0.13212435233160622
17.0,4.0,45.0,0.1,0.1,0.4,3.0,386.0,0.0,0.0,0.20984455958549222
17.0,4.0,46.0,0.1,0.1,0.4,3.0,377.0,0.0,0.0,0.1989389920424403
17.0,4.0,47.0,0.1,0.1,0.4,3.0,368.0,0.0,0.0,0.21195652173913043
17.0,4.0,48.0,0.1,0.1,0.4,3.0,362.0,0.0,0.0,0.20441988950276244
17.0,4.0,49.0,0.1,0.1,0.4,3.0,347.0,0.0,0.0,0.207492795389049
17.0,4.0,50.0,0.1,0.1,0.4,3.0,337.0,0.0,0.0,0.21068249258160238
17.0,4.0,51.0,0.1,0.1,0.4,3.0,338.0,0.0,0.0,0.21301775147928995
17.0,4.0,52.0,0.1,0.1,0.4,3.0,324.0,0.0,0.0,0.20679012345679013
17.0,5.0,1.0,0.1,0.1,0.4,3.0,321.0,0.0,0.0,0.2118380062305296
17.0,5.0,2.0,0.1,0.1,0.4,3.0,315.0,0.0,0.0,0.20952380952380953
17.0,5.0,3.0,0.1,0.1,0.4,3.0,319.0,0.0,0.0,0.21316614420062696
17.0,5.0,4.0,0.1,0.1,0.4,3.0,308.0,0.0,0.0,0.21103896103896103
17.0,5.0,5.0,0.1,0.1,0.4,3.0,309.0,0.0,0.0,0.21035598705501618
17.0,5.0,6.0,0.1,0.1,0.4,3.0,308.0,0.0,0.0,0.2077922077922078
17.0,5.0,7.0,0.1,0.1,0.4,3.0,309.0,0.0,0.0,0.20711974110032363
17.0,5.0,8.0,0.1,0.1,0.4,3.0,307.0,0.0,0.0,0.20846905537459284
17.0,5.0,9.0,0.1,0.1,0.4,3.0,307.0,0.0,0.0,0.20195439739413681
17.0,5.0,10.0,0.1,0.1,0.4,3.0,302.0,0.0,0.0,0.20860927152317882
17.0,5.0,11.0,0.1,0.1,0.4,3.0,307.0,0.0,0.0,0.20521172638436483
17.0,5.0,12.0,0.1,0.1,0.4,3.0,300.0,0.0,0.0,0.20666666666666667
17.0,5.0,13.0,0.1,0.1,0.4,3.0,306.0,0.0,0.0,0.20915032679738563
17.0,5.0,14.0,0.1,0.1,0.4,3.0,299.0,0.0,0.0,0.20735785953177258
17.0,5.0,15.0,0.1,0.1,0.4,3.0,306.0,0.0,0.0,0.20588235294117646
17.0,5.0,16.0,0.1,0.1,0.4,3.0,297.0,0.0,0.0,0.20202020202020202
17.0,5.0,17.0,0.1,0.1,0.4,3.0,305.0,0.0,0.0,0.20655737704918034
17.0,5.0,18.0,0.1,0.1,0.4,3.0,297.0,0.0,0.0,0.20202020202020202
17.0,5.0,19.0,0.1,0.1,0.4,3.0,293.0,0.0,0.0,0.1945392491467577
17.0,5.0,20.0,0.1,0.1,0.4,3.0,563.0,0.0,0.0,0.10124333925399645
17.0,5.0,21.0,0.1,0.1,0.4,3.0,525.0,0.0,0.0,0.10476190476190476
17.0,5.0,22.0,0.1,0.1,0.4,3.0,456.0,0.0,0.0,0.10964912280701754
17.0,5.0,23.0,0.1,0.1,0.4,3.0,454.0,0.0,0.0,0.11013215859030837
17.0,5.0,24.0,0.1,0.1,0.4,3.0,430.0,0.0,0.0,0.11162790697674418
17.0,5.0,25.0,0.1,0.1,0.4,3.0,409.0,0.0,0.0,0.11246943765281174
17.0,5.0,26.0,0.1,0.1,0.4,3.0,408.0,0.0,0.0,0.10784313725490197
17.0,5.0,27.0,0.1,0.1,0.4,3.0,397.0,0.0,0.0,0.11838790931989925
17.0,5.0,28.0,0.1,0.1,0.4,3.0,392.0,0.0,0.0,0.10714285714285714
17.0,5.0,29.0,0.1,0.1,0.4,3.0,368.0,0.0,0.0,0.11413043478260869
17.0,5.0,30.0,0.1,0.1,0.4,3.0,372.0,0.0,0.0,0.10483870967741936
17.0,5.0,31.0,0.1,0.1,0.4,3.0,349.0,0.0,0.0,0.11461318051575932
17.0,5.0,32.0,0.1,0.1,0.4,3.0,321.0,0.0,0.0,0.11526479750778816
17.0,5.0,33.0,0.1,0.1,0.4,3.0,291.0,0.0,0.0,0.12714776632302405
17.0,5.0,34.0,0.1,0.1,0.4,3.0,297.0,0.0,0.0,0.12121212121212122
17.0,5.0,35.0,0.1,0.1,0.4,3.0,280.0,0.0,0.0,0.125
17.0,5.0,36.0,0.1,0.1,0.4,3.0,286.0,0.0,0.0,0.11888111888111888
17.0,5.0,37.0,0.1,0.1,0.4,3.0,280.0,0.0,0.0,0.125
17.0,5.0,38.0,0.1,0.1,0.4,3.0,272.0,0.0,0.0,0.1213235294117647
17.0,5.0,39.0,0.1,0.1,0.4,3.0,267.0,0.0,0.0,0.13108614232209737
17.0,5.0,40.0,0.1,0.1,0.4,3.0,272.0,0.0,0.0,0.125
17.0,5.0,41.0,0.1,0.1,0.4,3.0,260.0,0.0,0.0,0.13076923076923078
17.0,5.0,42.0,0.1,0.1,0.4,3.0,265.0,0.0,0.0,0.12452830188679245
17.0,5.0,43.0,0.1,0.1,0.4,3.0,256.0,0.0,0.0,0.125
17.0,5.0,44.0,0.1,0.1,0.4,3.0,259.0,0.0,0.0,0.11583011583011583
17.0,5.0,45.0,0.1,0.1,0.4,3.0,257.0,0.0,0.0,0.21011673151750973
17.0,5.0,46.0,0.1,0.1,0.4,3.0,260.0,0.0,0.0,0.2076923076923077
17.0,5.0,47.0,0.1,0.1,0.4,3.0,227.0,0.0,0.0,0.21585903083700442
17.0,5.0,48.0,0.1,0.1,0.4,3.0,232.0,0.0,0.0,0.20689655172413793
17.0,5.0,49.0,0.1,0.1,0.4,3.0,228.0,0.0,0.0,0.21929824561403508
17.0,5.0,50.0,0.1,0.1,0.4,3.0,222.0,0.0,0.0,0.2072072072072072
17.0,5.0,51.0,0.1,0.1,0.4,3.0,217.0,0.0,0.0,0.21658986175115208
17.0,5.0,52.0,0.1,0.1,0.4,3.0,223.0,0.0,0.0,0.21076233183856502
17.0,6.0,1.0,0.1,0.1,0.4,3.0,217.0,0.0,0.0,0.22119815668202766
17.0,6.0,2.0,0.1,0.1,0.4,3.0,221.0,0.0,0.0,0.2081447963800905
17.0,6.0,3.0,0.1,0.1,0.4,3.0,217.0,0.0,0.0,0.22119815668202766
17.0,6.0,4.0,0.1,0.1,0.4,3.0,220.0,0.0,0.0,0.20909090909090908
17.0,6.0,5.0,0.1,0.1,0.4,3.0,216.0,0.0,0.0,0.2175925925925926
17.0,6.0,6.0,0.1,0.1,0.4,3.0,221.0,0.0,0.0,0.21266968325791855
17.0,6.0,7.0,0.1,0.1,0.4,3.0,217.0,0.0,0.0,0.21658986175115208
17.0,6.0,8.0,0.1,0.1,0.4,3.0,221.0,0.0,0.0,0.2081447963800905
17.0,6.0,9.0,0.1,0.1,0.4,3.0,218.0,0.0,0.0,0.22018348623853212
17.0,6.0,10.0,0.1,0.1,0.4,3.0,210.0,0.0,0.0,0.20476190476190476
17.0,6.0,11.0,0.1,0.1,0.4,3.0,206.0,0.0,0.0,0.21359223300970873
17.0,6.0,12.0,0.1,0.1,0.4,3.0,211.0,0.0,0.0,0.2037914691943128
17.0,6.0,13.0,0.1,0.1,0.4,3.0,207.0,0.0,0.0,0.21256038647342995
17.0,6.0,14.0,0.1,0.1,0.4,3.0,210.0,0.0,0.0,0.20476190476190476
17.0,6.0,15.0,0.1,0.1,0.4,3.0,207.0,0.0,0.0,0.21739130434782608
17.0,6.0,16.0,0.1,0.1,0.4,3.0,211.0,0.0,0.0,0.2037914691943128
17.0,6.0,17.0,0.1,0.1,0.4,3.0,207.0,0.0,0.0,0.21739130434782608
17.0,6.0,18.0,0.1,0.1,0.4,3.0,210.0,0.0,0.0,0.20476190476190476
17.0,6.0,19.0,0.1,0.1,0.4,3.0,208.0,0.0,0.0,0.21634615384615385
17.0,6.0,20.0,0.1,0.1,0.4,3.0,371.0,0.0,0.0,0.11590296495956873
17.0,6.0,21.0,0.1,0.1,0.4,3.0,370.0,0.0,0.0,0.11621621621621622
17.0,6.0,22.0,0.1,0.1,0.4,3.0,370.0,0.0,0.0,0.11621621621621622
17.0,6.0,23.0,0.1,0.1,0.4,3.0,355.0,0.0,0.0,0.11830985915492957
17.0,6.0,24.0,0.1,0.1,0.4,3.0,340.0,0.0,0.0,0.11470588235294117
17.0,6.0,25.0,0.1,0.1,0.4,3.0,320.0,0.0,0.0,0.125
17.0,6.0,26.0,0.1,0.1,0.4,3.0,327.0,0.0,0.0,0.1162079510703364
17.0,6.0,27.0,0.1,0.1,0.4,3.0,305.0,0.0,0.0,0.12786885245901639
17.0,6.0,28.0,0.1,0.1,0.4,3.0,307.0,0.0,0.0,0.12052117263843648
17.0,6.0,29.0,0.1,0.1,0.4,3.0,304.0,0.0,0.0,0.12828947368421054
17.0,6.0,30.0,0.1,0.1,0.4,3.0,294.0,0.0,0.0,0.12244897959183673
17.0,6.0,31.0,0.1,0.1,0.4,3.0,289.0,0.0,0.0,0.1314878892733564
17.0,6.0,32.0,0.1,0.1,0.4,3.0,295.0,0.0,0.0,0.12542372881355932
17.0,6.0,33.0,0.1,0.1,0.4,3.0,288.0,0.0,0.0,0.1284722222222222
17.0,6.0,34.0,0.1,0.1,0.4,3.0,288.0,0.0,0.0,0.125
17.0,6.0,35.0,0.1,0.1,0.4,3.0,288.0,0.0,0.0,0.13194444444444445
17.0,6.0,36.0,0.1,0.1,0.4,3.0,294.0,0.0,0.0,0.12244897959183673
17.0,6.0,37.0,0.1,0.1,0.4,3.0,286.0,0.0,0.0,0.13286713286713286
17.0,6.0,38.0,0.1,0.1,0.4,3.0,292.0,0.0,0.0,0.1232876712328767
17.0,6.0,39.0,0.1,0.1,0.4,3.0,277.0,0.0,0.0,0.1371841155234657
17.0,6.0,40.0,0.1,0.1,0.4,3.0,280.0,0.0,0.0,0.12857142857142856
17.0,6.0,41.0,0.1,0.1,0.4,3.0,282.0,0.0,0.0,0.13120567375886524
17.0,6.0,42.0,0.1,0.1,0.4,3.0,279.0,0.0,0.0,0.13261648745519714
17.0,6.0,43.0,0.1,0.1,0.4,3.0,269.0,0.0,0.0,0.137546468401487
17.0,6.0,44.0,0.1,0.1,0.4,3.0,276.0,0.0,0.0,0.13043478260869565
17.0,6.0,45.0,0.1,0.1,0.4,3.0,260.0,0.0,0.0,0.21153846153846154
17.0,6.0,46.0,0.1,0.1,0.4,3.0,259.0,0.0,0.0,0.20077220077220076
17.0,6.0,47.0,0.1,0.1,0.4,3.0,259.0,0.0,0.0,0.2084942084942085
17.0,6.0,48.0,0.1,0.1,0.4,3.0,264.0,0.0,0.0,0.19696969696969696
17.0,6.0,49.0,0.1,0.1,0.4,3.0,265.0,0.0,0.0,0.20754716981132076
17.0,6.0,50.0,0.1,0.1,0.4,3.0,263.0,0.0,0.0,0.19391634980988592
17.0,6.0,51.0,0.1,0.1,0.4,3.0,259.0,0.0,0.0,0.2084942084942085
17.0,6.0,52.0,0.1,0.1,0.4,3.0,260.0,0.0,0.0,0.2
17.0,7.0,1.0,0.1,0.1,0.4,3.0,256.0,0.0,0.0,0.2109375
17.0,7.0,2.0,0.1,0.1,0.4,3.0,257.0,0.0,0.0,0.19455252918287938
17.0,7.0,3.0,0.1,0.1,0.4,3.0,255.0,0.0,0.0,0.20784313725490197
17.0,7.0,4.0,0.1,0.1,0.4,3.0,259.0,0.0,0.0,0.1969111969111969
17.0,7.0,5.0,0.1,0.1,0.4,3.0,254.0,0.0,0.0,0.20866141732283464
17.0,7.0,6.0,0.1,0.1,0.4,3.0,257.0,0.0,0.0,0.19455252918287938
17.0,7.0,7.0,0.1,0.1,0.4,3.0,252.0,0.0,0.0,0.20238095238095238
17.0,7.0,8.0,0.1,0.1,0.4,3.0,257.0,0.0,0.0,0.19455252918287938
17.0,7.0,9.0,0.1,0.1,0.4,3.0,251.0,0.0,0.0,0.199203187250996
17.0,7.0,10.0,0.1,0.1,0.4,3.0,257.0,0.0,0.0,0.19066147859922178
17.0,7.0,11.0,0.1,0.1,0.4,3.0,251.0,0.0,0.0,0.1952191235059761
17.0,7.0,12.0,0.1,0.1,0.4,3.0,257.0,0.0,0.0,0.1867704280155642
17.0,7.0,13.0,0.1,0.1,0.4,3.0,249.0,0.0,0.0,0.19678714859437751
17.0,7.0,14.0,0.1,0.1,0.4,3.0,259.0,0.0,0.0,0.1891891891891892
17.0,7.0,15.0,0.1,0.1,0.4,3.0,249.0,0.0,0.0,0.19678714859437751
17.0,7.0,16.0,0.1,0.1,0.4,3.0,257.0,0.0,0.0,0.19066147859922178
17.0,7.0,17.0,0.1,0.1,0.4,3.0,249.0,0.0,0.0,0.19678714859437751
17.0,7.0,18.0,0.1,0.1,0.4,3.0,259.0,0.0,0.0,0.1891891891891892
17.0,7.0,19.0,0.1,0.1,0.4,3.0,250.0,0.0,0.0,0.2
17.0,7.0,20.0,0.1,0.1,0.4,3.0,461.0,0.0,0.0,0.10412147505422993
17.0,7.0,21.0,0.1,0.1,0.4,3.0,415.0,0.0,0.0,0.11566265060240964
17.0,7.0,22.0,0.1,0.1,0.4,3.0,386.0,0.0,0.0,0.11139896373056994
17.0,7.0,23.0,0.1,0.1,0.4,3.0,360.0,0.0,0.0,0.12222222222222222
17.0,7.0,24.0,0.1,0.1,0.4,3.0,364.0,0.0,0.0,0.11538461538461539
17.0,7.0,25.0,0.1,0.1,0.4,3.0,351.0,0.0,0.0,0.1225071225071225
17.0,7.0,26.0,0.1,0.1,0.4,3.0,345.0,0.0,0.0,0.11884057971014493
17.0,7.0,27.0,0.1,0.1,0.4,3.0,341.0,0.0,0.0,0.12316715542521994
17.0,7.0,28.0,0.1,0.1,0.4,3.0,346.0,0.0,0.0,0.12138728323699421
17.0,7.0,29.0,0.1,0.1,0.4,3.0,331.0,0.0,0.0,0.12386706948640483
17.0,7.0,30.0,0.1,0.1,0.4,3.0,329.0,0.0,0.0,0.12462006079027356
17.0,7.0,31.0,0.1,0.1,0.4,3.0,310.0,0.0,0.0,0.12580645161290321
17.0,7.0,32.0,0.1,0.1,0.4,3.0,307.0,0.0,0.0,0.1237785016286645
17.0,7.0,33.0,0.1,0.1,0.4,3.0,301.0,0.0,0.0,0.132890365448505
17.0,7.0,34.0,0.1,0.1,0.4,3.0,294.0,0.0,0.0,0.12585034013605442
17.0,7.0,35.0,0.1,0.1,0.4,3.0,277.0,0.0,0.0,0.1299638989169675
17.0,7.0,36.0,0.1,0.1,0.4,3.0,282.0,0.0,0.0,0.12056737588652482
17.0,7.0,37.0,0.1,0.1,0.4,3.0,268.0,0.0,0.0,0.12313432835820895
17.0,7.0,38.0,0.1,0.1,0.4,3.0,273.0,0.0,0.0,0.12087912087912088
17.0,7.0,39.0,0.1,0.1,0.4,3.0,266.0,0.0,0.0,0.12406015037593984
17.0,7.0,40.0,0.1,0.1,0.4,3.0,272.0,0.0,0.0,0.11764705882352941
17.0,7.0,41.0,0.1,0.1,0.4,3.0,264.0,0.0,0.0,0.125
17.0,7.0,42.0,0.1,0.1,0.4,3.0,269.0,0.0,0.0,0.12267657992565056
17.0,7.0,43.0,0.1,0.1,0.4,3.0,254.0,0.0,0.0,0.12992125984251968
17.0,7.0,44.0,0.1,0.1,0.4,3.0,258.0,0.0,0.0,0.12403100775193798
17.0,7.0,45.0,0.1,0.1,0.4,3.0,241.0,0.0,0.0,0.22406639004149378
17.0,7.0,46.0,0.1,0.1,0.4,3.0,248.0,0.0,0.0,0.2217741935483871
17.0,7.0,47.0,0.1,0.1,0.4,3.0,230.0,0.0,0.0,0.2391304347826087
17.0,7.0,48.0,0.1,0.1,0.4,3.0,236.0,0.0,0.0,0.2330508474576271
17.0,7.0,49.0,0.1,0.1,0.4,3.0,230.0,0.0,0.0,0.2391304347826087
17.0,7.0,50.0,0.1,0.1,0.4,3.0,226.0,0.0,0.0,0.23893805309734514
17.0,7.0,51.0,0.1,0.1,0.4,3.0,224.0,0.0,0.0,0.24553571428571427
17.0,7.0,52.0,0.1,0.1,0.4,3.0,224.0,0.0,0.0,0.24107142857142858
17.0,8.0,1.0,0.1,0.1,0.4,3.0,220.0,0.0,0.0,0.25
17.0,8.0,2.0,0.1,0.1,0.4,3.0,224.0,0.0,0.0,0.23660714285714285
17.0,8.0,3.0,0.1,0.1,0.4,3.0,220.0,0.0,0.0,0.24545454545454545
17.0,8.0,4.0,0.1,0.1,0.4,3.0,225.0,0.0,0.0,0.24444444444444444
17.0,8.0,5.0,0.1,0.1,0.4,3.0,218.0,0.0,0.0,0.24770642201834864
17.0,8.0,6.0,0.1,0.1,0.4,3.0,225.0,0.0,0.0,0.24444444444444444
17.0,8.0,7.0,0.1,0.1,0.4,3.0,218.0,0.0,0.0,0.24770642201834864
17.0,8.0,8.0,0.1,0.1,0.4,3.0,222.0,0.0,0.0,0.24774774774774774
17.0,8.0,9.0,0.1,0.1,0.4,3.0,218.0,0.0,0.0,0.24770642201834864
17.0,8.0,10.0,0.1,0.1,0.4,3.0,226.0,0.0,0.0,0.24336283185840707
17.0,8.0,11.0,0.1,0.1,0.4,3.0,217.0,0.0,0.0,0.24423963133640553
17.0,8.0,12.0,0.1,0.1,0.4,3.0,226.0,0.0,0.0,0.24336283185840707
17.0,8.0,13.0,0.1,0.1,0.4,3.0,219.0,0.0,0.0,0.2420091324200913
17.0,8.0,14.0,0.1,0.1,0.4,3.0,224.0,0.0,0.0,0.24553571428571427
17.0,8.0,15.0,0.1,0.1,0.4,3.0,218.0,0.0,0.0,0.24311926605504589
17.0,8.0,16.0,0.1,0.1,0.4,3.0,224.0,0.0,0.0,0.24107142857142858
17.0,8.0,17.0,0.1,0.1,0.4,3.0,218.0,0.0,0.0,0.24770642201834864
17.0,8.0,18.0,0.1,0.1,0.4,3.0,222.0,0.0,0.0,0.24774774774774774
17.0,8.0,19.0,0.1,0.1,0.4,3.0,219.0,0.0,0.0,0.2465753424657534
17.0,8.0,20.0,0.1,0.1,0.4,3.0,377.0,0.0,0.0,0.14588859416445624
17.0,8.0,21.0,0.1,0.1,0.4,3.0,383.0,0.0,0.0,0.1409921671018277
17.0,8.0,22.0,0.1,0.1,0.4,3.0,351.0,0.0,0.0,0.14245014245014245
17.0,8.0,23.0,0.1,0.1,0.4,3.0,347.0,0.0,0.0,0.1440922190201729
17.0,8.0,24.0,0.1,0.1,0.4,3.0,337.0,0.0,0.0,0.14836795252225518
17.0,8.0,25.0,0.1,0.1,0.4,3.0,336.0,0.0,0.0,0.1488095238095238
17.0,8.0,26.0,0.1,0.1,0.4,3.0,326.0,0.0,0.0,0.147239263803681
17.0,8.0,27.0,0.1,0.1,0.4,3.0,325.0,0.0,0.0,0.1476923076923077
17.0,8.0,28.0,0.1,0.1,0.4,3.0,325.0,0.0,0.0,0.1476923076923077
17.0,8.0,29.0,0.1,0.1,0.4,3.0,324.0,0.0,0.0,0.14814814814814814
17.0,8.0,30.0,0.1,0.1,0.4,3.0,307.0,0.0,0.0,0.15309446254071662
17.0,8.0,31.0,0.1,0.1,0.4,3.0,292.0,0.0,0.0,0.16095890410958905
17.0,8.0,32.0,0.1,0.1,0.4,3.0,287.0,0.0,0.0,0.1602787456445993
17.0,8.0,33.0,0.1,0.1,0.4,3.0,292.0,0.0,0.0,0.16095890410958905
17.0,8.0,34.0,0.1,0.1,0.4,3.0,289.0,0.0,0.0,0.15916955017301038
17.0,8.0,35.0,0.1,0.1,0.4,3.0,281.0,0.0,0.0,0.1601423487544484
17.0,8.0,36.0,0.1,0.1,0.4,3.0,277.0,0.0,0.0,0.1624548736462094
17.0,8.0,37.0,0.1,0.1,0.4,3.0,281.0,0.0,0.0,0.16370106761565836
17.0,8.0,38.0,0.1,0.1,0.4,3.0,279.0,0.0,0.0,0.16129032258064516
17.0,8.0,39.0,0.1,0.1,0.4,3.0,283.0,0.0,0.0,0.1625441696113074
17.0,8.0,40.0,0.1,0.1,0.4,3.0,267.0,0.0,0.0,0.15730337078651685
17.0,8.0,41.0,0.1,0.1,0.4,3.0,272.0,0.0,0.0,0.15808823529411764
17.0,8.0,42.0,0.1,0.1,0.4,3.0,265.0,0.0,0.0,0.15849056603773584
17.0,8.0,43.0,0.1,0.1,0.4,3.0,269.0,0.0,0.0,0.1524163568773234
17.0,8.0,44.0,0.1,0.1,0.4,3.0,264.0,0.0,0.0,0.1553030303030303
17.0,8.0,45.0,0.1,0.1,0.4,3.0,268.0,0.0,0.0,0.23134328358208955
17.0,8.0,46.0,0.1,0.1,0.4,3.0,262.0,0.0,0.0,0.22900763358778625
17.0,8.0,47.0,0.1,0.1,0.4,3.0,260.0,0.0,0.0,0.23076923076923078
17.0,8.0,48.0,0.1,0.1,0.4,3.0,246.0,0.0,0.0,0.23577235772357724
17.0,8.0,49.0,0.1,0.1,0.4,3.0,252.0,0.0,0.0,0.23412698412698413
17.0,8.0,50.0,0.1,0.1,0.4,3.0,247.0,0.0,0.0,0.23481781376518218
17.0,8.0,51.0,0.1,0.1,0.4,3.0,253.0,0.0,0.0,0.233201581027668
17.0,8.0,52.0,0.1,0.1,0.4,3.0,246.0,0.0,0.0,0.23170731707317074
17.0,9.0,1.0,0.1,0.1,0.4,3.0,249.0,0.0,0.0,0.23293172690763053
17.0,9.0,2.0,0.1,0.1,0.4,3.0,247.0,0.0,0.0,0.23481781376518218
17.0,9.0,3.0,0.1,0.1,0.4,3.0,248.0,0.0,0.0,0.23790322580645162
17.0,9.0,4.0,0.1,0.1,0.4,3.0,245.0,0.0,0.0,0.23265306122448978
17.0,9.0,5.0,0.1,0.1,0.4,3.0,250.0,0.0,0.0,0.24
17.0,9.0,6.0,0.1,0.1,0.4,3.0,243.0,0.0,0.0,0.2345679012345679
17.0,9.0,7.0,0.1,0.1,0.4,3.0,251.0,0.0,0.0,0.23904382470119523
17.0,9.0,8.0,0.1,0.1,0.4,3.0,246.0,0.0,0.0,0.23577235772357724
17.0,9.0,9.0,0.1,0.1,0.4,3.0,250.0,0.0,0.0,0.24
17.0,9.0,10.0,0.1,0.1,0.4,3.0,246.0,0.0,0.0,0.23577235772357724
17.0,9.0,11.0,0.1,0.1,0.4,3.0,250.0,0.0,0.0,0.236
17.0,9.0,12.0,0.1,0.1,0.4,3.0,245.0,0.0,0.0,0.23673469387755103
17.0,9.0,13.0,0.1,0.1,0.4,3.0,249.0,0.0,0.0,0.23293172690763053
17.0,9.0,14.0,0.1,0.1,0.4,3.0,242.0,0.0,0.0,0.23553719008264462
17.0,9.0,15.0,0.1,0.1,0.4,3.0,251.0,0.0,0.0,0.2350597609561753
17.0,9.0,16.0,0.1,0.1,0.4,3.0,244.0,0.0,0.0,0.23770491803278687
17.0,9.0,17.0,0.1,0.1,0.4,3.0,250.0,0.0,0.0,0.232
17.0,9.0,18.0,0.1,0.1,0.4,3.0,236.0,0.0,0.0,0.23728813559322035
17.0,9.0,19.0,0.1,0.1,0.4,3.0,241.0,0.0,0.0,0.22821576763485477
17.0,9.0,20.0,0.1,0.1,0.4,3.0,391.0,0.0,0.0,0.11508951406649616
17.0,9.0,21.0,0.1,0.1,0.4,3.0,366.0,0.0,0.0,0.10655737704918032
17.0,9.0,22.0,0.1,0.1,0.4,3.0,349.0,0.0,0.0,0.11174785100286533
17.0,9.0,23.0,0.1,0.1,0.4,3.0,347.0,0.0,0.0,0.11239193083573487
17.0,9.0,24.0,0.1,0.1,0.4,3.0,331.0,0.0,0.0,0.11178247734138973
17.0,9.0,25.0,0.1,0.1,0.4,3.0,324.0,0.0,0.0,0.10802469135802469
17.0,9.0,26.0,0.1,0.1,0.4,3.0,295.0,0.0,0.0,0.11864406779661017
17.0,9.0,27.0,0.1,0.1,0.4,3.0,275.0,0.0,0.0,0.10909090909090909
17.0,9.0,28.0,0.1,0.1,0.4,3.0,275.0,0.0,0.0,0.11636363636363636
17.0,9.0,29.0,0.1,0.1,0.4,3.0,279.0,0.0,0.0,0.11469534050179211
17.0,9.0,30.0,0.1,0.1,0.4,3.0,275.0,0.0,0.0,0.12
17.0,9.0,31.0,0.1,0.1,0.4,3.0,230.0,0.0,0.0,0.12608695652173912
17.0,9.0,32.0,0.1,0.1,0.4,3.0,214.0,0.0,0.0,0.14485981308411214
17.0,9.0,33.0,0.1,0.1,0.4,3.0,209.0,0.0,0.0,0.13875598086124402
17.0,9.0,34.0,0.1,0.1,0.4,3.0,209.0,0.0,0.0,0.14832535885167464
17.0,9.0,35.0,0.1,0.1,0.4,3.0,209.0,0.0,0.0,0.13875598086124402
17.0,9.0,36.0,0.1,0.1,0.4,3.0,210.0,0.0,0.0,0.14761904761904762
17.0,9.0,37.0,0.1,0.1,0.4,3.0,205.0,0.0,0.0,0.13658536585365855
17.0,9.0,38.0,0.1,0.1,0.4,3.0,205.0,0.0,0.0,0.14634146341463414
17.0,9.0,39.0,0.1,0.1,0.4,3.0,209.0,0.0,0.0,0.14354066985645933
17.0,9.0,40.0,0.1,0.1,0.4,3.0,206.0,0.0,0.0,0.14563106796116504
17.0,9.0,41.0,0.1,0.1,0.4,3.0,205.0,0.0,0.0,0.14146341463414633
17.0,9.0,42.0,0.1,0.1,0.4,3.0,204.0,0.0,0.0,0.14215686274509803
17.0,9.0,43.0,0.1,0.1,0.4,3.0,201.0,0.0,0.0,0.13930348258706468
17.0,9.0,44.0,0.1,0.1,0.4,3.0,200.0,0.0,0.0,0.14
17.0,9.0,45.0,0.1,0.1,0.4,3.0,204.0,0.0,0.0,0.20098039215686275
17.0,9.0,46.0,0.1,0.1,0.4,3.0,202.0,0.0,0.0,0.20297029702970298
17.0,9.0,47.0,0.1,0.1,0.4,3.0,204.0,0.0,0.0,0.20588235294117646
17.0,9.0,48.0,0.1,0.1,0.4,3.0,202.0,0.0,0.0,0.20297029702970298
17.0,9.0,49.0,0.1,0.1,0.4,3.0,206.0,0.0,0.0,0.20388349514563106
17.0,9.0,50.0,0.1,0.1,0.4,3.0,204.0,0.0,0.0,0.2107843137254902
17.0,9.0,51.0,0.1,0.1,0.4,3.0,205.0,0.0,0.0,0.2048780487804878
17.0,9.0,52.0,0.1,0.1,0.4,3.0,206.0,0.0,0.0,0.20388349514563106
17.0,10.0,1.0,0.1,0.1,0.4,3.0,203.0,0.0,0.0,0.2019704433497537
17.0,10.0,2.0,0.1,0.1,0.4,3.0,200.0,0.0,0.0,0.2
17.0,10.0,3.0,0.1,0.1,0.4,3.0,204.0,0.0,0.0,0.20098039215686275
17.0,10.0,4.0,0.1,0.1,0.4,3.0,204.0,0.0,0.0,0.20098039215686275
17.0,10.0,5.0,0.1,0.1,0.4,3.0,205.0,0.0,0.0,0.2048780487804878
17.0,10.0,6.0,0.1,0.1,0.4,3.0,202.0,0.0,0.0,0.20297029702970298
17.0,10.0,7.0,0.1,0.1,0.4,3.0,198.0,0.0,0.0,0.20707070707070707
17.0,10.0,8.0,0.1,0.1,0.4,3.0,194.0,0.0,0.0,0.20103092783505155
17.0,10.0,9.0,0.1,0.1,0.4,3.0,197.0,0.0,0.0,0.20812182741116753
17.0,10.0,10.0,0.1,0.1,0.4,3.0,194.0,0.0,0.0,0.20103092783505155
17.0,10.0,11.0,0.1,0.1,0.4,3.0,198.0,0.0,0.0,0.20707070707070707
17.0,10.0,12.0,0.1,0.1,0.4,3.0,194.0,0.0,0.0,0.20103092783505155
17.0,10.0,13.0,0.1,0.1,0.4,3.0,196.0,0.0,0.0,0.20918367346938777
17.0,10.0,14.0,0.1,0.1,0.4,3.0,193.0,0.0,0.0,0.20207253886010362
17.0,10.0,15.0,0.1,0.1,0.4,3.0,195.0,0.0,0.0,0.20512820512820512
17.0,10.0,16.0,0.1,0.1,0.4,3.0,194.0,0.0,0.0,0.1958762886597938
17.0,10.0,17.0,0.1,0.1,0.4,3.0,196.0,0.0,0.0,0.20918367346938777
17.0,10.0,18.0,0.1,0.1,0.4,3.0,193.0,0.0,0.0,0.20207253886010362
17.0,10.0,19.0,0.1,0.1,0.4,3.0,195.0,0.0,0.0,0.20512820512820512
17.0,10.0,20.0,0.1,0.1,0.4,3.0,324.0,0.0,0.0,0.10185185185185185
17.0,10.0,21.0,0.1,0.1,0.4,3.0,314.0,0.0,0.0,0.11146496815286625
17.0,10.0,22.0,0.1,0.1,0.4,3.0,312.0,0.0,0.0,0.10897435897435898
17.0,10.0,23.0,0.1,0.1,0.4,3.0,286.0,0.0,0.0,0.11888111888111888
17.0,10.0,24.0,0.1,0.1,0.4,3.0,284.0,0.0,0.0,0.11619718309859155
17.0,10.0,25.0,0.1,0.1,0.4,3.0,274.0,0.0,0.0,0.12043795620437957
17.0,10.0,26.0,0.1,0.1,0.4,3.0,259.0,0.0,0.0,0.11583011583011583
17.0,10.0,27.0,0.1,0.1,0.4,3.0,258.0,0.0,0.0,0.12015503875968993
17.0,10.0,28.0,0.1,0.1,0.4,3.0,265.0,0.0,0.0,0.12075471698113208
17.0,10.0,29.0,0.1,0.1,0.4,3.0,243.0,0.0,0.0,0.12757201646090535
17.0,10.0,30.0,0.1,0.1,0.4,3.0,255.0,0.0,0.0,0.12549019607843137
17.0,10.0,31.0,0.1,0.1,0.4,3.0,238.0,0.0,0.0,0.13025210084033614
17.0,10.0,32.0,0.1,0.1,0.4,3.0,237.0,0.0,0.0,0.12658227848101267
17.0,10.0,33.0,0.1,0.1,0.4,3.0,229.0,0.0,0.0,0.13537117903930132
17.0,10.0,34.0,0.1,0.1,0.4,3.0,230.0,0.0,0.0,0.13478260869565217
17.0,10.0,35.0,0.1,0.1,0.4,3.0,226.0,0.0,0.0,0.13274336283185842
17.0,10.0,36.0,0.1,0.1,0.4,3.0,229.0,0.0,0.0,0.13100436681222707
17.0,10.0,37.0,0.1,0.1,0.4,3.0,212.0,0.0,0.0,0.14150943396226415
17.0,10.0,38.0,0.1,0.1,0.4,3.0,214.0,0.0,0.0,0.14018691588785046
17.0,10.0,39.0,0.1,0.1,0.4,3.0,203.0,0.0,0.0,0.1477832512315271
17.0,10.0,40.0,0.1,0.1,0.4,3.0,204.0,0.0,0.0,0.14215686274509803
17.0,10.0,41.0,0.1,0.1,0.4,3.0,192.0,0.0,0.0,0.15625
17.0,10.0,42.0,0.1,0.1,0.4,3.0,195.0,0.0,0.0,0.14871794871794872
17.0,10.0,43.0,0.1,0.1,0.4,3.0,199.0,0.0,0.0,0.15577889447236182
17.0,10.0,44.0,0.1,0.1,0.4,3.0,196.0,0.0,0.0,0.15306122448979592
17.0,10.0,45.0,0.1,0.1,0.4,3.0,200.0,0.0,0.0,0.23
17.0,10.0,46.0,0.1,0.1,0.4,3.0,198.0,0.0,0.0,0.23232323232323232
17.0,10.0,47.0,0.1,0.1,0.4,3.0,194.0,0.0,0.0,0.2422680412371134
17.0,10.0,48.0,0.1,0.1,0.4,3.0,198.0,0.0,0.0,0.23232323232323232
17.0,10.0,49.0,0.1,0.1,0.4,3.0,193.0,0.0,0.0,0.23834196891191708
17.0,10.0,50.0,0.1,0.1,0.4,3.0,191.0,0.0,0.0,0.24083769633507854
17.0,10.0,51.0,0.1,0.1,0.4,3.0,191.0,0.0,0.0,0.24083769633507854
17.0,10.0,52.0,0.1,0.1,0.4,3.0,193.0,0.0,0.0,0.24352331606217617
18.0,1.0,1.0,0.1,0.1,0.4,3.0,5161.0,56.0,8.0,0.09610540592908351
18.0,1.0,2.0,0.1,0.1,0.4,3.0,5071.0,61.0,21.0,0.09564188522973772
18.0,1.0,3.0,0.1,0.1,0.4,3.0,4917.0,79.0,33.0,0.09599349196664633
18.0,1.0,4.0,0.1,0.1,0.4,3.0,4798.0,104.0,37.0,0.09879116298457691
18.0,1.0,5.0,0.1,0.1,0.4,3.0,4779.0,121.0,41.0,0.09792843691148775
18.0,1.0,6.0,0.1,0.1,0.4,3.0,4583.0,141.0,49.0,0.09906174994545058
18.0,1.0,7.0,0.1,0.1,0.4,3.0,4374.0,157.0,60.0,0.09990855052583447
18.0,1.0,8.0,0.1,0.1,0.4,3.0,4212.0,172.0,72.0,0.100664767331434
18.0,1.0,9.0,0.1,0.1,0.4,3.0,4027.0,191.0,72.0,0.10131611621554507
18.0,1.0,10.0,0.1,0.1,0.4,3.0,3892.0,217.0,77.0,0.10251798561151079
18.0,1.0,11.0,0.1,0.1,0.4,3.0,3695.0,232.0,84.0,0.10311231393775372
18.0,1.0,12.0,0.1,0.1,0.4,3.0,3527.0,257.0,95.0,0.10292032889140913
18.0,1.0,13.0,0.1,0.1,0.4,3.0,3327.0,254.0,103.0,0.10339645326119627
18.0,1.0,14.0,0.1,0.1,0.4,3.0,3159.0,254.0,115.0,0.10667932890155113
18.0,1.0,15.0,0.1,0.1,0.4,3.0,3036.0,258.0,131.0,0.10902503293807642
18.0,1.0,16.0,0.1,0.1,0.4,3.0,2929.0,267.0,133.0,0.11164219870262888
18.0,1.0,17.0,0.1,0.1,0.4,3.0,2821.0,233.0,110.0,0.1109535625664658
18.0,1.0,18.0,0.1,0.1,0.4,3.0,2713.0,220.0,112.0,0.11426465167711021
18.0,1.0,19.0,0.1,0.1,0.4,3.0,2621.0,210.0,107.0,0.1163677985501717
18.0,1.0,20.0,0.1,0.1,0.4,3.0,7155.0,211.0,112.0,0.042208245981830886
18.0,1.0,21.0,0.1,0.1,0.4,3.0,6413.0,295.0,97.0,0.04350537969748947
18.0,1.0,22.0,0.1,0.1,0.4,3.0,5793.0,328.0,99.0,0.045917486621784916
18.0,1.0,23.0,0.1,0.1,0.4,3.0,5286.0,344.0,109.0,0.04786227771471813
18.0,1.0,24.0,0.1,0.1,0.4,3.0,4907.0,407.0,139.0,0.0503362543305482
18.0,1.0,25.0,0.1,0.1,0.4,3.0,4409.0,441.0,169.0,0.05216602404173282
18.0,1.0,26.0,0.1,0.1,0.4,3.0,4178.0,471.0,187.0,0.0533748204882719
18.0,1.0,27.0,0.1,0.1,0.4,3.0,3865.0,489.0,203.0,0.05536869340232859
18.0,1.0,28.0,0.1,0.1,0.4,3.0,3534.0,444.0,195.0,0.05913978494623656
18.0,1.0,29.0,0.1,0.1,0.4,3.0,3275.0,478.0,209.0,0.0616793893129771
18.0,1.0,30.0,0.1,0.1,0.4,3.0,3037.0,464.0,208.0,0.06552518933157721
18.0,1.0,31.0,0.1,0.1,0.4,3.0,2774.0,468.0,207.0,0.06993511175198269
18.0,1.0,32.0,0.1,0.1,0.4,3.0,2612.0,473.0,221.0,0.07312404287901991
18.0,1.0,33.0,0.1,0.1,0.4,3.0,2411.0,424.0,207.0,0.07797594359187059
18.0,1.0,34.0,0.1,0.1,0.4,3.0,2197.0,399.0,200.0,0.08192990441511151
18.0,1.0,35.0,0.1,0.1,0.4,3.0,2067.0,390.0,176.0,0.08708272859216255
18.0,1.0,36.0,0.1,0.1,0.4,3.0,1927.0,379.0,165.0,0.08873897249610795
18.0,1.0,37.0,0.1,0.1,0.4,3.0,1809.0,342.0,164.0,0.09508015478164732
18.0,1.0,38.0,0.1,0.1,0.4,3.0,1704.0,326.0,175.0,0.09976525821596244
18.0,1.0,39.0,0.1,0.1,0.4,3.0,1602.0,300.0,165.0,0.10549313358302122
18.0,1.0,40.0,0.1,0.1,0.4,3.0,1477.0,259.0,149.0,0.11171293161814488
18.0,1.0,41.0,0.1,0.1,0.4,3.0,1362.0,242.0,122.0,0.11674008810572688
18.0,1.0,42.0,0.1,0.1,0.4,3.0,1275.0,227.0,105.0,0.1223529411764706
18.0,1.0,43.0,0.1,0.1,0.4,3.0,1193.0,198.0,97.0,0.12824811399832356
18.0,1.0,44.0,0.1,0.1,0.4,3.0,1136.0,181.0,96.0,0.13204225352112675
18.0,1.0,45.0,0.1,0.1,0.4,3.0,1091.0,178.0,95.0,0.20989917506874428
18.0,1.0,46.0,0.1,0.1,0.4,3.0,1026.0,159.0,88.0,0.21734892787524365
18.0,1.0,47.0,0.1,0.1,0.4,3.0,965.0,140.0,72.0,0.23108808290155441
18.0,1.0,48.0,0.1,0.1,0.4,3.0,925.0,121.0,58.0,0.23135135135135135
18.0,1.0,49.0,0.1,0.1,0.4,3.0,882.0,105.0,57.0,0.24149659863945577
18.0,1.0,50.0,0.1,0.1,0.4,3.0,844.0,98.0,56.0,0.2476303317535545
18.0,1.0,51.0,0.1,0.1,0.4,3.0,824.0,96.0,54.0,0.24635922330097088
18.0,1.0,52.0,0.1,0.1,0.4,3.0,788.0,77.0,46.0,0.25380710659898476
18.0,2.0,1.0,0.1,0.1,0.4,3.0,762.0,64.0,41.0,0.25984251968503935
18.0,2.0,2.0,0.1,0.1,0.4,3.0,743.0,60.0,32.0,0.26379542395693134
18.0,2.0,3.0,0.1,0.1,0.4,3.0,719.0,56.0,25.0,0.2698191933240612
18.0,2.0,4.0,0.1,0.1,0.4,3.0,707.0,51.0,22.0,0.2743988684582744
18.0,2.0,5.0,0.1,0.1,0.4,3.0,698.0,51.0,29.0,0.27363896848137537
18.0,2.0,6.0,0.1,0.1,0.4,3.0,686.0,45.0,26.0,0.27696793002915454
18.0,2.0,7.0,0.1,0.1,0.4,3.0,674.0,40.0,24.0,0.28041543026706234
18.0,2.0,8.0,0.1,0.1,0.4,3.0,659.0,30.0,19.0,0.2867981790591806
18.0,2.0,9.0,0.1,0.1,0.4,3.0,654.0,30.0,14.0,0.2874617737003058
18.0,2.0,10.0,0.1,0.1,0.4,3.0,635.0,23.0,14.0,0.2929133858267717
18.0,2.0,11.0,0.1,0.1,0.4,3.0,622.0,17.0,14.0,0.2958199356913183
18.0,2.0,12.0,0.1,0.1,0.4,3.0,622.0,18.0,15.0,0.2942122186495177
18.0,2.0,13.0,0.1,0.1,0.4,3.0,609.0,11.0,9.0,0.29720853858784896
18.0,2.0,14.0,0.1,0.1,0.4,3.0,605.0,4.0,3.0,0.30082644628099175
18.0,2.0,15.0,0.1,0.1,0.4,3.0,599.0,3.0,2.0,0.2988313856427379
18.0,2.0,16.0,0.1,0.1,0.4,3.0,597.0,2.0,1.0,0.2998324958123953
18.0,2.0,17.0,0.1,0.1,0.4,3.0,593.0,1.0,1.0,0.2984822934232715
18.0,2.0,18.0,0.1,0.1,0.4,3.0,592.0,1.0,1.0,0.2989864864864865
18.0,2.0,19.0,0.1,0.1,0.4,3.0,590.0,1.0,1.0,0.2966101694915254
18.0,2.0,20.0,0.1,0.1,0.4,3.0,1010.0,1.0,0.0,0.17326732673267325
18.0,2.0,21.0,0.1,0.1,0.4,3.0,991.0,1.0,0.0,0.1715438950554995
18.0,2.0,22.0,0.1,0.1,0.4,3.0,938.0,1.0,0.0,0.1791044776119403
18.0,2.0,23.0,0.1,0.1,0.4,3.0,923.0,1.0,0.0,0.17768147345612134
18.0,2.0,24.0,0.1,0.1,0.4,3.0,901.0,1.0,1.0,0.18091009988901222
18.0,2.0,25.0,0.1,0.1,0.4,3.0,890.0,1.0,1.0,0.17752808988764046
18.0,2.0,26.0,0.1,0.1,0.4,3.0,841.0,2.0,1.0,0.1807372175980975
18.0,2.0,27.0,0.1,0.1,0.4,3.0,828.0,1.0,0.0,0.178743961352657
18.0,2.0,28.0,0.1,0.1,0.4,3.0,821.0,1.0,0.0,0.1814859926918392
18.0,2.0,29.0,0.1,0.1,0.4,3.0,807.0,1.0,1.0,0.18339529120198264
18.0,2.0,30.0,0.1,0.1,0.4,3.0,744.0,1.0,1.0,0.18951612903225806
18.0,2.0,31.0,0.1,0.1,0.4,3.0,742.0,1.0,1.0,0.18733153638814015
18.0,2.0,32.0,0.1,0.1,0.4,3.0,728.0,0.0,0.0,0.18818681318681318
18.0,2.0,33.0,0.1,0.1,0.4,3.0,719.0,0.0,0.0,0.18915159944367177
18.0,2.0,34.0,0.1,0.1,0.4,3.0,691.0,0.0,0.0,0.19536903039073805
18.0,2.0,35.0,0.1,0.1,0.4,3.0,680.0,0.0,0.0,0.19411764705882353
18.0,2.0,36.0,0.1,0.1,0.4,3.0,663.0,0.0,0.0,0.19607843137254902
18.0,2.0,37.0,0.1,0.1,0.4,3.0,645.0,0.0,0.0,0.1937984496124031
18.0,2.0,38.0,0.1,0.1,0.4,3.0,636.0,0.0,0.0,0.19339622641509435
18.0,2.0,39.0,0.1,0.1,0.4,3.0,642.0,0.0,0.0,0.19314641744548286
18.0,2.0,40.0,0.1,0.1,0.4,3.0,631.0,0.0,0.0,0.19334389857369255
18.0,2.0,41.0,0.1,0.1,0.4,3.0,633.0,0.0,0.0,0.19273301737756715
18.0,2.0,42.0,0.1,0.1,0.4,3.0,610.0,0.0,0.0,0.19508196721311474
18.0,2.0,43.0,0.1,0.1,0.4,3.0,614.0,0.0,0.0,0.19218241042345277
18.0,2.0,44.0,0.1,0.1,0.4,3.0,584.0,0.0,0.0,0.1952054794520548
18.0,2.0,45.0,0.1,0.1,0.4,3.0,585.0,0.0,0.0,0.24102564102564103
18.0,2.0,46.0,0.1,0.1,0.4,3.0,580.0,0.0,0.0,0.23793103448275862
18.0,2.0,47.0,0.1,0.1,0.4,3.0,578.0,0.0,0.0,0.23529411764705882
18.0,2.0,48.0,0.1,0.1,0.4,3.0,574.0,0.0,0.0,0.23519163763066203
18.0,2.0,49.0,0.1,0.1,0.4,3.0,555.0,0.0,0.0,0.23783783783783785
18.0,2.0,50.0,0.1,0.1,0.4,3.0,544.0,0.0,0.0,0.23529411764705882
18.0,2.0,51.0,0.1,0.1,0.4,3.0,539.0,0.0,0.0,0.23747680890538034
18.0,2.0,52.0,0.1,0.1,0.4,3.0,532.0,0.0,0.0,0.23684210526315788
18.0,3.0,1.0,0.1,0.1,0.4,3.0,529.0,0.0,0.0,0.23629489603024575
18.0,3.0,2.0,0.1,0.1,0.4,3.0,527.0,0.0,0.0,0.23529411764705882
18.0,3.0,3.0,0.1,0.1,0.4,3.0,514.0,0.0,0.0,0.24124513618677043
18.0,3.0,4.0,0.1,0.1,0.4,3.0,511.0,0.0,0.0,0.23679060665362034
18.0,3.0,5.0,0.1,0.1,0.4,3.0,507.0,0.0,0.0,0.23865877712031558
18.0,3.0,6.0,0.1,0.1,0.4,3.0,507.0,0.0,0.0,0.23668639053254437
18.0,3.0,7.0,0.1,0.1,0.4,3.0,502.0,0.0,0.0,0.24302788844621515
18.0,3.0,8.0,0.1,0.1,0.4,3.0,504.0,0.0,0.0,0.23809523809523808
18.0,3.0,9.0,0.1,0.1,0.4,3.0,497.0,0.0,0.0,0.2454728370221328
18.0,3.0,10.0,0.1,0.1,0.4,3.0,487.0,0.0,0.0,0.24229979466119098
18.0,3.0,11.0,0.1,0.1,0.4,3.0,479.0,0.0,0.0,0.24843423799582465
18.0,3.0,12.0,0.1,0.1,0.4,3.0,475.0,0.0,0.0,0.24210526315789474
18.0,3.0,13.0,0.1,0.1,0.4,3.0,475.0,0.0,0.0,0.24842105263157896
18.0,3.0,14.0,0.1,0.1,0.4,3.0,475.0,0.0,0.0,0.24210526315789474
18.0,3.0,15.0,0.1,0.1,0.4,3.0,472.0,0.0,0.0,0.2457627118644068
18.0,3.0,16.0,0.1,0.1,0.4,3.0,468.0,0.0,0.0,0.24358974358974358
18.0,3.0,17.0,0.1,0.1,0.4,3.0,469.0,0.0,0.0,0.24520255863539445
18.0,3.0,18.0,0.1,0.1,0.4,3.0,459.0,0.0,0.0,0.2440087145969499
18.0,3.0,19.0,0.1,0.1,0.4,3.0,460.0,0.0,0.0,0.24565217391304348
18.0,3.0,20.0,0.1,0.1,0.4,3.0,916.0,0.0,0.0,0.11899563318777293
18.0,3.0,21.0,0.1,0.1,0.4,3.0,882.0,0.0,0.0,0.12244897959183673
18.0,3.0,22.0,0.1,0.1,0.4,3.0,873.0,0.0,0.0,0.12142038946162657
18.0,3.0,23.0,0.1,0.1,0.4,3.0,844.0,0.0,0.0,0.12677725118483413
18.0,3.0,24.0,0.1,0.1,0.4,3.0,839.0,0.0,0.0,0.12157330154946365
18.0,3.0,25.0,0.1,0.1,0.4,3.0,801.0,0.0,0.0,0.12484394506866417
18.0,3.0,26.0,0.1,0.1,0.4,3.0,793.0,0.0,0.0,0.1223203026481715
18.0,3.0,27.0,0.1,0.1,0.4,3.0,745.0,0.0,0.0,0.12885906040268458
18.0,3.0,28.0,0.1,0.1,0.4,3.0,728.0,0.0,0.0,0.12637362637362637
18.0,3.0,29.0,0.1,0.1,0.4,3.0,709.0,0.0,0.0,0.12976022566995768
18.0,3.0,30.0,0.1,0.1,0.4,3.0,677.0,0.0,0.0,0.12998522895125553
18.0,3.0,31.0,0.1,0.1,0.4,3.0,651.0,0.0,0.0,0.1336405529953917
18.0,3.0,32.0,0.1,0.1,0.4,3.0,645.0,0.0,0.0,0.13023255813953488
18.0,3.0,33.0,0.1,0.1,0.4,3.0,633.0,0.0,0.0,0.13112164296998421
18.0,3.0,34.0,0.1,0.1,0.4,3.0,612.0,0.0,0.0,0.1323529411764706
18.0,3.0,35.0,0.1,0.1,0.4,3.0,595.0,0.0,0.0,0.13109243697478992
18.0,3.0,36.0,0.1,0.1,0.4,3.0,568.0,0.0,0.0,0.13028169014084506
18.0,3.0,37.0,0.1,0.1,0.4,3.0,562.0,0.0,0.0,0.12811387900355872
18.0,3.0,38.0,0.1,0.1,0.4,3.0,532.0,0.0,0.0,0.13345864661654136
18.0,3.0,39.0,0.1,0.1,0.4,3.0,523.0,0.0,0.0,0.13766730401529637
18.0,3.0,40.0,0.1,0.1,0.4,3.0,512.0,0.0,0.0,0.13671875
18.0,3.0,41.0,0.1,0.1,0.4,3.0,512.0,0.0,0.0,0.140625
18.0,3.0,42.0,0.1,0.1,0.4,3.0,506.0,0.0,0.0,0.13636363636363635
18.0,3.0,43.0,0.1,0.1,0.4,3.0,509.0,0.0,0.0,0.13948919449901767
18.0,3.0,44.0,0.1,0.1,0.4,3.0,504.0,0.0,0.0,0.13690476190476192
18.0,3.0,45.0,0.1,0.1,0.4,3.0,505.0,0.0,0.0,0.19207920792079208
18.0,3.0,46.0,0.1,0.1,0.4,3.0,474.0,0.0,0.0,0.1940928270042194
18.0,3.0,47.0,0.1,0.1,0.4,3.0,476.0,0.0,0.0,0.19747899159663865
18.0,3.0,48.0,0.1,0.1,0.4,3.0,472.0,0.0,0.0,0.19491525423728814
18.0,3.0,49.0,0.1,0.1,0.4,3.0,467.0,0.0,0.0,0.19914346895074947
18.0,3.0,50.0,0.1,0.1,0.4,3.0,463.0,0.0,0.0,0.19438444924406048
18.0,3.0,51.0,0.1,0.1,0.4,3.0,462.0,0.0,0.0,0.19913419913419914
18.0,3.0,52.0,0.1,0.1,0.4,3.0,462.0,0.0,0.0,0.19480519480519481
18.0,4.0,1.0,0.1,0.1,0.4,3.0,457.0,0.0,0.0,0.19912472647702406
18.0,4.0,2.0,0.1,0.1,0.4,3.0,456.0,0.0,0.0,0.19298245614035087
18.0,4.0,3.0,0.1,0.1,0.4,3.0,447.0,0.0,0.0,0.19910514541387025
18.0,4.0,4.0,0.1,0.1,0.4,3.0,446.0,0.0,0.0,0.19282511210762332
18.0,4.0,5.0,0.1,0.1,0.4,3.0,445.0,0.0,0.0,0.2
18.0,4.0,6.0,0.1,0.1,0.4,3.0,436.0,0.0,0.0,0.1926605504587156
18.0,4.0,7.0,0.1,0.1,0.4,3.0,433.0,0.0,0.0,0.19630484988452657
18.0,4.0,8.0,0.1,0.1,0.4,3.0,432.0,0.0,0.0,0.19212962962962962
18.0,4.0,9.0,0.1,0.1,0.4,3.0,430.0,0.0,0.0,0.19534883720930232
18.0,4.0,10.0,0.1,0.1,0.4,3.0,428.0,0.0,0.0,0.18925233644859812
18.0,4.0,11.0,0.1,0.1,0.4,3.0,426.0,0.0,0.0,0.19483568075117372
18.0,4.0,12.0,0.1,0.1,0.4,3.0,426.0,0.0,0.0,0.19014084507042253
18.0,4.0,13.0,0.1,0.1,0.4,3.0,422.0,0.0,0.0,0.1966824644549763
18.0,4.0,14.0,0.1,0.1,0.4,3.0,422.0,0.0,0.0,0.19194312796208532
18.0,4.0,15.0,0.1,0.1,0.4,3.0,422.0,0.0,0.0,0.1966824644549763
18.0,4.0,16.0,0.1,0.1,0.4,3.0,421.0,0.0,0.0,0.19239904988123516
18.0,4.0,17.0,0.1,0.1,0.4,3.0,420.0,0.0,0.0,0.1976190476190476
18.0,4.0,18.0,0.1,0.1,0.4,3.0,419.0,0.0,0.0,0.19331742243436753
18.0,4.0,19.0,0.1,0.1,0.4,3.0,418.0,0.0,0.0,0.19617224880382775
18.0,4.0,20.0,0.1,0.1,0.4,3.0,767.0,0.0,0.0,0.10430247718383312
18.0,4.0,21.0,0.1,0.1,0.4,3.0,754.0,0.0,0.0,0.10610079575596817
18.0,4.0,22.0,0.1,0.1,0.4,3.0,738.0,0.0,0.0,0.1043360433604336
18.0,4.0,23.0,0.1,0.1,0.4,3.0,703.0,0.0,0.0,0.10953058321479374
18.0,4.0,24.0,0.1,0.1,0.4,3.0,614.0,0.0,0.0,0.11563517915309446
18.0,4.0,25.0,0.1,0.1,0.4,3.0,618.0,0.0,0.0,0.11812297734627832
18.0,4.0,26.0,0.1,0.1,0.4,3.0,598.0,0.0,0.0,0.11538461538461539
18.0,4.0,27.0,0.1,0.1,0.4,3.0,603.0,0.0,0.0,0.11774461028192372
18.0,4.0,28.0,0.1,0.1,0.4,3.0,580.0,0.0,0.0,0.11724137931034483
18.0,4.0,29.0,0.1,0.1,0.4,3.0,576.0,0.0,0.0,0.11805555555555555
18.0,4.0,30.0,0.1,0.1,0.4,3.0,569.0,0.0,0.0,0.11599297012302284
18.0,4.0,31.0,0.1,0.1,0.4,3.0,554.0,0.0,0.0,0.11732851985559567
18.0,4.0,32.0,0.1,0.1,0.4,3.0,541.0,0.0,0.0,0.11829944547134935
18.0,4.0,33.0,0.1,0.1,0.4,3.0,536.0,0.0,0.0,0.11940298507462686
18.0,4.0,34.0,0.1,0.1,0.4,3.0,531.0,0.0,0.0,0.1167608286252354
18.0,4.0,35.0,0.1,0.1,0.4,3.0,526.0,0.0,0.0,0.11787072243346007
18.0,4.0,36.0,0.1,0.1,0.4,3.0,490.0,0.0,0.0,0.12040816326530612
18.0,4.0,37.0,0.1,0.1,0.4,3.0,484.0,0.0,0.0,0.11983471074380166
18.0,4.0,38.0,0.1,0.1,0.4,3.0,501.0,0.0,0.0,0.11776447105788423
18.0,4.0,39.0,0.1,0.1,0.4,3.0,495.0,0.0,0.0,0.11717171717171718
18.0,4.0,40.0,0.1,0.1,0.4,3.0,499.0,0.0,0.0,0.11823647294589178
18.0,4.0,41.0,0.1,0.1,0.4,3.0,486.0,0.0,0.0,0.11934156378600823
18.0,4.0,42.0,0.1,0.1,0.4,3.0,484.0,0.0,0.0,0.11983471074380166
18.0,4.0,43.0,0.1,0.1,0.4,3.0,470.0,0.0,0.0,0.12127659574468085
18.0,4.0,44.0,0.1,0.1,0.4,3.0,468.0,0.0,0.0,0.12393162393162394
18.0,4.0,45.0,0.1,0.1,0.4,3.0,454.0,0.0,0.0,0.19162995594713655
18.0,4.0,46.0,0.1,0.1,0.4,3.0,450.0,0.0,0.0,0.19555555555555557
18.0,4.0,47.0,0.1,0.1,0.4,3.0,444.0,0.0,0.0,0.19369369369369369
18.0,4.0,48.0,0.1,0.1,0.4,3.0,441.0,0.0,0.0,0.1927437641723356
18.0,4.0,49.0,0.1,0.1,0.4,3.0,442.0,0.0,0.0,0.19230769230769232
18.0,4.0,50.0,0.1,0.1,0.4,3.0,442.0,0.0,0.0,0.19230769230769232
18.0,4.0,51.0,0.1,0.1,0.4,3.0,432.0,0.0,0.0,0.19675925925925927
18.0,4.0,52.0,0.1,0.1,0.4,3.0,420.0,0.0,0.0,0.1976190476190476
18.0,5.0,1.0,0.1,0.1,0.4,3.0,423.0,0.0,0.0,0.19621749408983452
18.0,5.0,2.0,0.1,0.1,0.4,3.0,416.0,0.0,0.0,0.1971153846153846
18.0,5.0,3.0,0.1,0.1,0.4,3.0,421.0,0.0,0.0,0.19477434679334918
18.0,5.0,4.0,0.1,0.1,0.4,3.0,408.0,0.0,0.0,0.19852941176470587
18.0,5.0,5.0,0.1,0.1,0.4,3.0,412.0,0.0,0.0,0.1966019417475728
18.0,5.0,6.0,0.1,0.1,0.4,3.0,407.0,0.0,0.0,0.19901719901719903
18.0,5.0,7.0,0.1,0.1,0.4,3.0,411.0,0.0,0.0,0.19464720194647203
18.0,5.0,8.0,0.1,0.1,0.4,3.0,405.0,0.0,0.0,0.2
18.0,5.0,9.0,0.1,0.1,0.4,3.0,408.0,0.0,0.0,0.19607843137254902
18.0,5.0,10.0,0.1,0.1,0.4,3.0,402.0,0.0,0.0,0.20149253731343283
18.0,5.0,11.0,0.1,0.1,0.4,3.0,405.0,0.0,0.0,0.19753086419753085
18.0,5.0,12.0,0.1,0.1,0.4,3.0,398.0,0.0,0.0,0.20351758793969849
18.0,5.0,13.0,0.1,0.1,0.4,3.0,397.0,0.0,0.0,0.1964735516372796
18.0,5.0,14.0,0.1,0.1,0.4,3.0,396.0,0.0,0.0,0.20202020202020202
18.0,5.0,15.0,0.1,0.1,0.4,3.0,397.0,0.0,0.0,0.1964735516372796
18.0,5.0,16.0,0.1,0.1,0.4,3.0,395.0,0.0,0.0,0.20253164556962025
18.0,5.0,17.0,0.1,0.1,0.4,3.0,396.0,0.0,0.0,0.19696969696969696
18.0,5.0,18.0,0.1,0.1,0.4,3.0,395.0,0.0,0.0,0.20253164556962025
18.0,5.0,19.0,0.1,0.1,0.4,3.0,397.0,0.0,0.0,0.1964735516372796
18.0,5.0,20.0,0.1,0.1,0.4,3.0,768.0,0.0,0.0,0.10416666666666667
18.0,5.0,21.0,0.1,0.1,0.4,3.0,724.0,0.0,0.0,0.10220994475138122
18.0,5.0,22.0,0.1,0.1,0.4,3.0,694.0,0.0,0.0,0.10662824207492795
18.0,5.0,23.0,0.1,0.1,0.4,3.0,691.0,0.0,0.0,0.10419681620839363
18.0,5.0,24.0,0.1,0.1,0.4,3.0,644.0,0.0,0.0,0.11180124223602485
18.0,5.0,25.0,0.1,0.1,0.4,3.0,630.0,0.0,0.0,0.10793650793650794
18.0,5.0,26.0,0.1,0.1,0.4,3.0,605.0,0.0,0.0,0.10909090909090909
18.0,5.0,27.0,0.1,0.1,0.4,3.0,574.0,0.0,0.0,0.10975609756097561
18.0,5.0,28.0,0.1,0.1,0.4,3.0,564.0,0.0,0.0,0.11524822695035461
18.0,5.0,29.0,0.1,0.1,0.4,3.0,550.0,0.0,0.0,0.11272727272727273
18.0,5.0,30.0,0.1,0.1,0.4,3.0,554.0,0.0,0.0,0.11552346570397112
18.0,5.0,31.0,0.1,0.1,0.4,3.0,514.0,0.0,0.0,0.11284046692607004
18.0,5.0,32.0,0.1,0.1,0.4,3.0,524.0,0.0,0.0,0.11450381679389313
18.0,5.0,33.0,0.1,0.1,0.4,3.0,489.0,0.0,0.0,0.11247443762781185
18.0,5.0,34.0,0.1,0.1,0.4,3.0,489.0,0.0,0.0,0.1165644171779141
18.0,5.0,35.0,0.1,0.1,0.4,3.0,489.0,0.0,0.0,0.11247443762781185
18.0,5.0,36.0,0.1,0.1,0.4,3.0,493.0,0.0,0.0,0.11359026369168357
18.0,5.0,37.0,0.1,0.1,0.4,3.0,474.0,0.0,0.0,0.11392405063291139
18.0,5.0,38.0,0.1,0.1,0.4,3.0,458.0,0.0,0.0,0.11572052401746726
18.0,5.0,39.0,0.1,0.1,0.4,3.0,439.0,0.0,0.0,0.11617312072892938
18.0,5.0,40.0,0.1,0.1,0.4,3.0,443.0,0.0,0.0,0.11963882618510158
18.0,5.0,41.0,0.1,0.1,0.4,3.0,436.0,0.0,0.0,0.11697247706422019
18.0,5.0,42.0,0.1,0.1,0.4,3.0,442.0,0.0,0.0,0.11990950226244344
18.0,5.0,43.0,0.1,0.1,0.4,3.0,437.0,0.0,0.0,0.11670480549199085
18.0,5.0,44.0,0.1,0.1,0.4,3.0,441.0,0.0,0.0,0.12018140589569161
18.0,5.0,45.0,0.1,0.1,0.4,3.0,419.0,0.0,0.0,0.1909307875894988
18.0,5.0,46.0,0.1,0.1,0.4,3.0,416.0,0.0,0.0,0.19471153846153846
18.0,5.0,47.0,0.1,0.1,0.4,3.0,410.0,0.0,0.0,0.1926829268292683
18.0,5.0,48.0,0.1,0.1,0.4,3.0,416.0,0.0,0.0,0.19471153846153846
18.0,5.0,49.0,0.1,0.1,0.4,3.0,399.0,0.0,0.0,0.19047619047619047
18.0,5.0,50.0,0.1,0.1,0.4,3.0,404.0,0.0,0.0,0.19306930693069307
18.0,5.0,51.0,0.1,0.1,0.4,3.0,396.0,0.0,0.0,0.1893939393939394
18.0,5.0,52.0,0.1,0.1,0.4,3.0,402.0,0.0,0.0,0.19154228855721392
18.0,6.0,1.0,0.1,0.1,0.4,3.0,395.0,0.0,0.0,0.189873417721519
18.0,6.0,2.0,0.1,0.1,0.4,3.0,400.0,0.0,0.0,0.19
18.0,6.0,3.0,0.1,0.1,0.4,3.0,395.0,0.0,0.0,0.18734177215189873
18.0,6.0,4.0,0.1,0.1,0.4,3.0,391.0,0.0,0.0,0.1918158567774936
18.0,6.0,5.0,0.1,0.1,0.4,3.0,383.0,0.0,0.0,0.1906005221932115
18.0,6.0,6.0,0.1,0.1,0.4,3.0,386.0,0.0,0.0,0.19170984455958548
18.0,6.0,7.0,0.1,0.1,0.4,3.0,370.0,0.0,0.0,0.1810810810810811
18.0,6.0,8.0,0.1,0.1,0.4,3.0,373.0,0.0,0.0,0.18498659517426275
18.0,6.0,9.0,0.1,0.1,0.4,3.0,368.0,0.0,0.0,0.18206521739130435
18.0,6.0,10.0,0.1,0.1,0.4,3.0,371.0,0.0,0.0,0.18598382749326145
18.0,6.0,11.0,0.1,0.1,0.4,3.0,366.0,0.0,0.0,0.18032786885245902
18.0,6.0,12.0,0.1,0.1,0.4,3.0,372.0,0.0,0.0,0.1827956989247312
18.0,6.0,13.0,0.1,0.1,0.4,3.0,365.0,0.0,0.0,0.18082191780821918
18.0,6.0,14.0,0.1,0.1,0.4,3.0,370.0,0.0,0.0,0.1837837837837838
18.0,6.0,15.0,0.1,0.1,0.4,3.0,364.0,0.0,0.0,0.17857142857142858
18.0,6.0,16.0,0.1,0.1,0.4,3.0,366.0,0.0,0.0,0.1830601092896175
18.0,6.0,17.0,0.1,0.1,0.4,3.0,362.0,0.0,0.0,0.17679558011049723
18.0,6.0,18.0,0.1,0.1,0.4,3.0,364.0,0.0,0.0,0.1813186813186813
18.0,6.0,19.0,0.1,0.1,0.4,3.0,361.0,0.0,0.0,0.1772853185595568
18.0,6.0,20.0,0.1,0.1,0.4,3.0,655.0,0.0,0.0,0.09770992366412214
18.0,6.0,21.0,0.1,0.1,0.4,3.0,606.0,0.0,0.0,0.10231023102310231
18.0,6.0,22.0,0.1,0.1,0.4,3.0,583.0,0.0,0.0,0.10634648370497427
18.0,6.0,23.0,0.1,0.1,0.4,3.0,543.0,0.0,0.0,0.10865561694290976
18.0,6.0,24.0,0.1,0.1,0.4,3.0,526.0,0.0,0.0,0.11216730038022814
18.0,6.0,25.0,0.1,0.1,0.4,3.0,503.0,0.0,0.0,0.11332007952286283
18.0,6.0,26.0,0.1,0.1,0.4,3.0,495.0,0.0,0.0,0.1191919191919192
18.0,6.0,27.0,0.1,0.1,0.4,3.0,492.0,0.0,0.0,0.11382113821138211
18.0,6.0,28.0,0.1,0.1,0.4,3.0,484.0,0.0,0.0,0.11570247933884298
18.0,6.0,29.0,0.1,0.1,0.4,3.0,467.0,0.0,0.0,0.11563169164882227
18.0,6.0,30.0,0.1,0.1,0.4,3.0,458.0,0.0,0.0,0.11572052401746726
18.0,6.0,31.0,0.1,0.1,0.4,3.0,444.0,0.0,0.0,0.11261261261261261
18.0,6.0,32.0,0.1,0.1,0.4,3.0,430.0,0.0,0.0,0.12093023255813953
18.0,6.0,33.0,0.1,0.1,0.4,3.0,422.0,0.0,0.0,0.11848341232227488
18.0,6.0,34.0,0.1,0.1,0.4,3.0,422.0,0.0,0.0,0.12085308056872038
18.0,6.0,35.0,0.1,0.1,0.4,3.0,421.0,0.0,0.0,0.1163895486935867
18.0,6.0,36.0,0.1,0.1,0.4,3.0,423.0,0.0,0.0,0.12056737588652482
18.0,6.0,37.0,0.1,0.1,0.4,3.0,409.0,0.0,0.0,0.11491442542787286
18.0,6.0,38.0,0.1,0.1,0.4,3.0,395.0,0.0,0.0,0.1189873417721519
18.0,6.0,39.0,0.1,0.1,0.4,3.0,391.0,0.0,0.0,0.11508951406649616
18.0,6.0,40.0,0.1,0.1,0.4,3.0,384.0,0.0,0.0,0.12239583333333333
18.0,6.0,41.0,0.1,0.1,0.4,3.0,382.0,0.0,0.0,0.11780104712041885
18.0,6.0,42.0,0.1,0.1,0.4,3.0,383.0,0.0,0.0,0.1227154046997389
18.0,6.0,43.0,0.1,0.1,0.4,3.0,381.0,0.0,0.0,0.12073490813648294
18.0,6.0,44.0,0.1,0.1,0.4,3.0,375.0,0.0,0.0,0.12266666666666666
18.0,6.0,45.0,0.1,0.1,0.4,3.0,374.0,0.0,0.0,0.2192513368983957
18.0,6.0,46.0,0.1,0.1,0.4,3.0,374.0,0.0,0.0,0.22192513368983957
18.0,6.0,47.0,0.1,0.1,0.4,3.0,374.0,0.0,0.0,0.2192513368983957
18.0,6.0,48.0,0.1,0.1,0.4,3.0,373.0,0.0,0.0,0.2225201072386059
18.0,6.0,49.0,0.1,0.1,0.4,3.0,365.0,0.0,0.0,0.22465753424657534
18.0,6.0,50.0,0.1,0.1,0.4,3.0,356.0,0.0,0.0,0.2247191011235955
18.0,6.0,51.0,0.1,0.1,0.4,3.0,352.0,0.0,0.0,0.22443181818181818
18.0,6.0,52.0,0.1,0.1,0.4,3.0,350.0,0.0,0.0,0.22857142857142856
18.0,7.0,1.0,0.1,0.1,0.4,3.0,351.0,0.0,0.0,0.22507122507122507
18.0,7.0,2.0,0.1,0.1,0.4,3.0,349.0,0.0,0.0,0.22636103151862463
18.0,7.0,3.0,0.1,0.1,0.4,3.0,344.0,0.0,0.0,0.22674418604651161
18.0,7.0,4.0,0.1,0.1,0.4,3.0,341.0,0.0,0.0,0.2316715542521994
18.0,7.0,5.0,0.1,0.1,0.4,3.0,341.0,0.0,0.0,0.2287390029325513
18.0,7.0,6.0,0.1,0.1,0.4,3.0,340.0,0.0,0.0,0.2323529411764706
18.0,7.0,7.0,0.1,0.1,0.4,3.0,341.0,0.0,0.0,0.2287390029325513
18.0,7.0,8.0,0.1,0.1,0.4,3.0,338.0,0.0,0.0,0.23076923076923078
18.0,7.0,9.0,0.1,0.1,0.4,3.0,339.0,0.0,0.0,0.22713864306784662
18.0,7.0,10.0,0.1,0.1,0.4,3.0,336.0,0.0,0.0,0.23214285714285715
18.0,7.0,11.0,0.1,0.1,0.4,3.0,338.0,0.0,0.0,0.22781065088757396
18.0,7.0,12.0,0.1,0.1,0.4,3.0,337.0,0.0,0.0,0.2314540059347181
18.0,7.0,13.0,0.1,0.1,0.4,3.0,338.0,0.0,0.0,0.22781065088757396
18.0,7.0,14.0,0.1,0.1,0.4,3.0,336.0,0.0,0.0,0.23214285714285715
18.0,7.0,15.0,0.1,0.1,0.4,3.0,337.0,0.0,0.0,0.228486646884273
18.0,7.0,16.0,0.1,0.1,0.4,3.0,337.0,0.0,0.0,0.2314540059347181
18.0,7.0,17.0,0.1,0.1,0.4,3.0,328.0,0.0,0.0,0.22865853658536586
18.0,7.0,18.0,0.1,0.1,0.4,3.0,327.0,0.0,0.0,0.2324159021406728
18.0,7.0,19.0,0.1,0.1,0.4,3.0,326.0,0.0,0.0,0.23006134969325154
18.0,7.0,20.0,0.1,0.1,0.4,3.0,639.0,0.0,0.0,0.11580594679186229
18.0,7.0,21.0,0.1,0.1,0.4,3.0,622.0,0.0,0.0,0.11736334405144695
18.0,7.0,22.0,0.1,0.1,0.4,3.0,559.0,0.0,0.0,0.12701252236135957
18.0,7.0,23.0,0.1,0.1,0.4,3.0,539.0,0.0,0.0,0.12987012987012986
18.0,7.0,24.0,0.1,0.1,0.4,3.0,527.0,0.0,0.0,0.13282732447817835
18.0,7.0,25.0,0.1,0.1,0.4,3.0,500.0,0.0,0.0,0.128
18.0,7.0,26.0,0.1,0.1,0.4,3.0,483.0,0.0,0.0,0.13250517598343686
18.0,7.0,27.0,0.1,0.1,0.4,3.0,459.0,0.0,0.0,0.1328976034858388
18.0,7.0,28.0,0.1,0.1,0.4,3.0,455.0,0.0,0.0,0.13626373626373625
18.0,7.0,29.0,0.1,0.1,0.4,3.0,458.0,0.0,0.0,0.1331877729257642
18.0,7.0,30.0,0.1,0.1,0.4,3.0,447.0,0.0,0.0,0.13870246085011187
18.0,7.0,31.0,0.1,0.1,0.4,3.0,434.0,0.0,0.0,0.1359447004608295
18.0,7.0,32.0,0.1,0.1,0.4,3.0,437.0,0.0,0.0,0.13729977116704806
18.0,7.0,33.0,0.1,0.1,0.4,3.0,413.0,0.0,0.0,0.13801452784503632
18.0,7.0,34.0,0.1,0.1,0.4,3.0,413.0,0.0,0.0,0.14043583535108958
18.0,7.0,35.0,0.1,0.1,0.4,3.0,404.0,0.0,0.0,0.14108910891089108
18.0,7.0,36.0,0.1,0.1,0.4,3.0,382.0,0.0,0.0,0.14921465968586387
18.0,7.0,37.0,0.1,0.1,0.4,3.0,366.0,0.0,0.0,0.14754098360655737
18.0,7.0,38.0,0.1,0.1,0.4,3.0,366.0,0.0,0.0,0.15027322404371585
18.0,7.0,39.0,0.1,0.1,0.4,3.0,366.0,0.0,0.0,0.14754098360655737
18.0,7.0,40.0,0.1,0.1,0.4,3.0,356.0,0.0,0.0,0.1544943820224719
18.0,7.0,41.0,0.1,0.1,0.4,3.0,355.0,0.0,0.0,0.15211267605633802
18.0,7.0,42.0,0.1,0.1,0.4,3.0,352.0,0.0,0.0,0.15625
18.0,7.0,43.0,0.1,0.1,0.4,3.0,351.0,0.0,0.0,0.15384615384615385
18.0,7.0,44.0,0.1,0.1,0.4,3.0,346.0,0.0,0.0,0.15895953757225434
18.0,7.0,45.0,0.1,0.1,0.4,3.0,351.0,0.0,0.0,0.21937321937321938
18.0,7.0,46.0,0.1,0.1,0.4,3.0,324.0,0.0,0.0,0.22839506172839505
18.0,7.0,47.0,0.1,0.1,0.4,3.0,321.0,0.0,0.0,0.23052959501557632
18.0,7.0,48.0,0.1,0.1,0.4,3.0,306.0,0.0,0.0,0.23202614379084968
18.0,7.0,49.0,0.1,0.1,0.4,3.0,302.0,0.0,0.0,0.23178807947019867
18.0,7.0,50.0,0.1,0.1,0.4,3.0,298.0,0.0,0.0,0.23154362416107382
18.0,7.0,51.0,0.1,0.1,0.4,3.0,302.0,0.0,0.0,0.23178807947019867
18.0,7.0,52.0,0.1,0.1,0.4,3.0,299.0,0.0,0.0,0.23411371237458195
18.0,8.0,1.0,0.1,0.1,0.4,3.0,302.0,0.0,0.0,0.23178807947019867
18.0,8.0,2.0,0.1,0.1,0.4,3.0,299.0,0.0,0.0,0.23411371237458195
18.0,8.0,3.0,0.1,0.1,0.4,3.0,297.0,0.0,0.0,0.22895622895622897
18.0,8.0,4.0,0.1,0.1,0.4,3.0,293.0,0.0,0.0,0.2354948805460751
18.0,8.0,5.0,0.1,0.1,0.4,3.0,296.0,0.0,0.0,0.23310810810810811
18.0,8.0,6.0,0.1,0.1,0.4,3.0,280.0,0.0,0.0,0.24642857142857144
18.0,8.0,7.0,0.1,0.1,0.4,3.0,283.0,0.0,0.0,0.24381625441696114
18.0,8.0,8.0,0.1,0.1,0.4,3.0,279.0,0.0,0.0,0.24731182795698925
18.0,8.0,9.0,0.1,0.1,0.4,3.0,283.0,0.0,0.0,0.24381625441696114
18.0,8.0,10.0,0.1,0.1,0.4,3.0,279.0,0.0,0.0,0.24731182795698925
18.0,8.0,11.0,0.1,0.1,0.4,3.0,281.0,0.0,0.0,0.24555160142348753
18.0,8.0,12.0,0.1,0.1,0.4,3.0,279.0,0.0,0.0,0.24731182795698925
18.0,8.0,13.0,0.1,0.1,0.4,3.0,279.0,0.0,0.0,0.24731182795698925
18.0,8.0,14.0,0.1,0.1,0.4,3.0,278.0,0.0,0.0,0.2446043165467626
18.0,8.0,15.0,0.1,0.1,0.4,3.0,282.0,0.0,0.0,0.24468085106382978
18.0,8.0,16.0,0.1,0.1,0.4,3.0,278.0,0.0,0.0,0.2446043165467626
18.0,8.0,17.0,0.1,0.1,0.4,3.0,284.0,0.0,0.0,0.24295774647887325
18.0,8.0,18.0,0.1,0.1,0.4,3.0,279.0,0.0,0.0,0.24372759856630824
18.0,8.0,19.0,0.1,0.1,0.4,3.0,282.0,0.0,0.0,0.24113475177304963
18.0,8.0,20.0,0.1,0.1,0.4,3.0,538.0,0.0,0.0,0.12453531598513011
18.0,8.0,21.0,0.1,0.1,0.4,3.0,505.0,0.0,0.0,0.12871287128712872
18.0,8.0,22.0,0.1,0.1,0.4,3.0,496.0,0.0,0.0,0.12701612903225806
18.0,8.0,23.0,0.1,0.1,0.4,3.0,474.0,0.0,0.0,0.1308016877637131
18.0,8.0,24.0,0.1,0.1,0.4,3.0,469.0,0.0,0.0,0.1300639658848614
18.0,8.0,25.0,0.1,0.1,0.4,3.0,467.0,0.0,0.0,0.13276231263383298
18.0,8.0,26.0,0.1,0.1,0.4,3.0,456.0,0.0,0.0,0.12938596491228072
18.0,8.0,27.0,0.1,0.1,0.4,3.0,454.0,0.0,0.0,0.13215859030837004
18.0,8.0,28.0,0.1,0.1,0.4,3.0,443.0,0.0,0.0,0.13318284424379231
18.0,8.0,29.0,0.1,0.1,0.4,3.0,437.0,0.0,0.0,0.13272311212814644
18.0,8.0,30.0,0.1,0.1,0.4,3.0,405.0,0.0,0.0,0.14074074074074075
18.0,8.0,31.0,0.1,0.1,0.4,3.0,409.0,0.0,0.0,0.13691931540342298
18.0,8.0,32.0,0.1,0.1,0.4,3.0,404.0,0.0,0.0,0.14108910891089108
18.0,8.0,33.0,0.1,0.1,0.4,3.0,409.0,0.0,0.0,0.13691931540342298
18.0,8.0,34.0,0.1,0.1,0.4,3.0,404.0,0.0,0.0,0.14108910891089108
18.0,8.0,35.0,0.1,0.1,0.4,3.0,375.0,0.0,0.0,0.14666666666666667
18.0,8.0,36.0,0.1,0.1,0.4,3.0,369.0,0.0,0.0,0.15176151761517614
18.0,8.0,37.0,0.1,0.1,0.4,3.0,374.0,0.0,0.0,0.14705882352941177
18.0,8.0,38.0,0.1,0.1,0.4,3.0,369.0,0.0,0.0,0.15176151761517614
18.0,8.0,39.0,0.1,0.1,0.4,3.0,359.0,0.0,0.0,0.15041782729805014
18.0,8.0,40.0,0.1,0.1,0.4,3.0,351.0,0.0,0.0,0.150997150997151
18.0,8.0,41.0,0.1,0.1,0.4,3.0,350.0,0.0,0.0,0.15142857142857144
18.0,8.0,42.0,0.1,0.1,0.4,3.0,351.0,0.0,0.0,0.150997150997151
18.0,8.0,43.0,0.1,0.1,0.4,3.0,334.0,0.0,0.0,0.15269461077844312
18.0,8.0,44.0,0.1,0.1,0.4,3.0,334.0,0.0,0.0,0.15269461077844312
18.0,8.0,45.0,0.1,0.1,0.4,3.0,332.0,0.0,0.0,0.20180722891566266
18.0,8.0,46.0,0.1,0.1,0.4,3.0,326.0,0.0,0.0,0.20245398773006135
18.0,8.0,47.0,0.1,0.1,0.4,3.0,325.0,0.0,0.0,0.20307692307692307
18.0,8.0,48.0,0.1,0.1,0.4,3.0,325.0,0.0,0.0,0.20307692307692307
18.0,8.0,49.0,0.1,0.1,0.4,3.0,308.0,0.0,0.0,0.21103896103896103
18.0,8.0,50.0,0.1,0.1,0.4,3.0,311.0,0.0,0.0,0.2090032154340836
18.0,8.0,51.0,0.1,0.1,0.4,3.0,315.0,0.0,0.0,0.20634920634920634
18.0,8.0,52.0,0.1,0.1,0.4,3.0,309.0,0.0,0.0,0.21035598705501618
18.0,9.0,1.0,0.1,0.1,0.4,3.0,312.0,0.0,0.0,0.20512820512820512
18.0,9.0,2.0,0.1,0.1,0.4,3.0,305.0,0.0,0.0,0.2098360655737705
18.0,9.0,3.0,0.1,0.1,0.4,3.0,301.0,0.0,0.0,0.2026578073089701
18.0,9.0,4.0,0.1,0.1,0.4,3.0,297.0,0.0,0.0,0.2053872053872054
18.0,9.0,5.0,0.1,0.1,0.4,3.0,299.0,0.0,0.0,0.2040133779264214
18.0,9.0,6.0,0.1,0.1,0.4,3.0,296.0,0.0,0.0,0.20608108108108109
18.0,9.0,7.0,0.1,0.1,0.4,3.0,298.0,0.0,0.0,0.20469798657718122
18.0,9.0,8.0,0.1,0.1,0.4,3.0,296.0,0.0,0.0,0.20608108108108109
18.0,9.0,9.0,0.1,0.1,0.4,3.0,298.0,0.0,0.0,0.20469798657718122
18.0,9.0,10.0,0.1,0.1,0.4,3.0,292.0,0.0,0.0,0.2089041095890411
18.0,9.0,11.0,0.1,0.1,0.4,3.0,298.0,0.0,0.0,0.20469798657718122
18.0,9.0,12.0,0.1,0.1,0.4,3.0,291.0,0.0,0.0,0.20962199312714777
18.0,9.0,13.0,0.1,0.1,0.4,3.0,297.0,0.0,0.0,0.2053872053872054
18.0,9.0,14.0,0.1,0.1,0.4,3.0,290.0,0.0,0.0,0.2103448275862069
18.0,9.0,15.0,0.1,0.1,0.4,3.0,297.0,0.0,0.0,0.2053872053872054
18.0,9.0,16.0,0.1,0.1,0.4,3.0,290.0,0.0,0.0,0.2103448275862069
18.0,9.0,17.0,0.1,0.1,0.4,3.0,295.0,0.0,0.0,0.2033898305084746
18.0,9.0,18.0,0.1,0.1,0.4,3.0,289.0,0.0,0.0,0.21107266435986158
18.0,9.0,19.0,0.1,0.1,0.4,3.0,296.0,0.0,0.0,0.20270270270270271
18.0,9.0,20.0,0.1,0.1,0.4,3.0,451.0,0.0,0.0,0.11529933481152993
18.0,9.0,21.0,0.1,0.1,0.4,3.0,432.0,0.0,0.0,0.11805555555555555
18.0,9.0,22.0,0.1,0.1,0.4,3.0,415.0,0.0,0.0,0.12289156626506025
18.0,9.0,23.0,0.1,0.1,0.4,3.0,409.0,0.0,0.0,0.12224938875305623
18.0,9.0,24.0,0.1,0.1,0.4,3.0,404.0,0.0,0.0,0.12376237623762376
18.0,9.0,25.0,0.1,0.1,0.4,3.0,382.0,0.0,0.0,0.12827225130890052
18.0,9.0,26.0,0.1,0.1,0.4,3.0,384.0,0.0,0.0,0.12760416666666666
18.0,9.0,27.0,0.1,0.1,0.4,3.0,381.0,0.0,0.0,0.12860892388451445
18.0,9.0,28.0,0.1,0.1,0.4,3.0,369.0,0.0,0.0,0.12737127371273713
18.0,9.0,29.0,0.1,0.1,0.4,3.0,363.0,0.0,0.0,0.12947658402203857
18.0,9.0,30.0,0.1,0.1,0.4,3.0,348.0,0.0,0.0,0.13505747126436782
18.0,9.0,31.0,0.1,0.1,0.4,3.0,353.0,0.0,0.0,0.13314447592067988
18.0,9.0,32.0,0.1,0.1,0.4,3.0,339.0,0.0,0.0,0.13569321533923304
18.0,9.0,33.0,0.1,0.1,0.4,3.0,344.0,0.0,0.0,0.13372093023255813
18.0,9.0,34.0,0.1,0.1,0.4,3.0,339.0,0.0,0.0,0.13569321533923304
18.0,9.0,35.0,0.1,0.1,0.4,3.0,342.0,0.0,0.0,0.13157894736842105
18.0,9.0,36.0,0.1,0.1,0.4,3.0,339.0,0.0,0.0,0.13569321533923304
18.0,9.0,37.0,0.1,0.1,0.4,3.0,334.0,0.0,0.0,0.1317365269461078
18.0,9.0,38.0,0.1,0.1,0.4,3.0,331.0,0.0,0.0,0.13595166163141995
18.0,9.0,39.0,0.1,0.1,0.4,3.0,316.0,0.0,0.0,0.13924050632911392
18.0,9.0,40.0,0.1,0.1,0.4,3.0,311.0,0.0,0.0,0.1414790996784566
18.0,9.0,41.0,0.1,0.1,0.4,3.0,297.0,0.0,0.0,0.13804713804713806
18.0,9.0,42.0,0.1,0.1,0.4,3.0,292.0,0.0,0.0,0.1404109589041096
18.0,9.0,43.0,0.1,0.1,0.4,3.0,294.0,0.0,0.0,0.13945578231292516
18.0,9.0,44.0,0.1,0.1,0.4,3.0,285.0,0.0,0.0,0.14385964912280702
18.0,9.0,45.0,0.1,0.1,0.4,3.0,291.0,0.0,0.0,0.20618556701030927
18.0,9.0,46.0,0.1,0.1,0.4,3.0,289.0,0.0,0.0,0.2041522491349481
18.0,9.0,47.0,0.1,0.1,0.4,3.0,292.0,0.0,0.0,0.2089041095890411
18.0,9.0,48.0,0.1,0.1,0.4,3.0,289.0,0.0,0.0,0.20761245674740483
18.0,9.0,49.0,0.1,0.1,0.4,3.0,274.0,0.0,0.0,0.20802919708029197
18.0,9.0,50.0,0.1,0.1,0.4,3.0,271.0,0.0,0.0,0.2066420664206642
18.0,9.0,51.0,0.1,0.1,0.4,3.0,274.0,0.0,0.0,0.20802919708029197
18.0,9.0,52.0,0.1,0.1,0.4,3.0,270.0,0.0,0.0,0.2074074074074074
18.0,10.0,1.0,0.1,0.1,0.4,3.0,273.0,0.0,0.0,0.20512820512820512
18.0,10.0,2.0,0.1,0.1,0.4,3.0,271.0,0.0,0.0,0.2066420664206642
18.0,10.0,3.0,0.1,0.1,0.4,3.0,272.0,0.0,0.0,0.20588235294117646
18.0,10.0,4.0,0.1,0.1,0.4,3.0,269.0,0.0,0.0,0.20817843866171004
18.0,10.0,5.0,0.1,0.1,0.4,3.0,270.0,0.0,0.0,0.2074074074074074
18.0,10.0,6.0,0.1,0.1,0.4,3.0,268.0,0.0,0.0,0.208955223880597
18.0,10.0,7.0,0.1,0.1,0.4,3.0,268.0,0.0,0.0,0.208955223880597
18.0,10.0,8.0,0.1,0.1,0.4,3.0,266.0,0.0,0.0,0.21052631578947367
18.0,10.0,9.0,0.1,0.1,0.4,3.0,270.0,0.0,0.0,0.2074074074074074
18.0,10.0,10.0,0.1,0.1,0.4,3.0,266.0,0.0,0.0,0.20676691729323307
18.0,10.0,11.0,0.1,0.1,0.4,3.0,270.0,0.0,0.0,0.2074074074074074
18.0,10.0,12.0,0.1,0.1,0.4,3.0,265.0,0.0,0.0,0.20754716981132076
18.0,10.0,13.0,0.1,0.1,0.4,3.0,269.0,0.0,0.0,0.20817843866171004
18.0,10.0,14.0,0.1,0.1,0.4,3.0,262.0,0.0,0.0,0.2099236641221374
18.0,10.0,15.0,0.1,0.1,0.4,3.0,270.0,0.0,0.0,0.2074074074074074
18.0,10.0,16.0,0.1,0.1,0.4,3.0,264.0,0.0,0.0,0.20833333333333334
18.0,10.0,17.0,0.1,0.1,0.4,3.0,268.0,0.0,0.0,0.208955223880597
18.0,10.0,18.0,0.1,0.1,0.4,3.0,265.0,0.0,0.0,0.20754716981132076
18.0,10.0,19.0,0.1,0.1,0.4,3.0,266.0,0.0,0.0,0.21052631578947367
18.0,10.0,20.0,0.1,0.1,0.4,3.0,438.0,0.0,0.0,0.1095890410958904
18.0,10.0,21.0,0.1,0.1,0.4,3.0,424.0,0.0,0.0,0.11556603773584906
18.0,10.0,22.0,0.1,0.1,0.4,3.0,416.0,0.0,0.0,0.11538461538461539
18.0,10.0,23.0,0.1,0.1,0.4,3.0,413.0,0.0,0.0,0.1162227602905569
18.0,10.0,24.0,0.1,0.1,0.4,3.0,386.0,0.0,0.0,0.11917098445595854
18.0,10.0,25.0,0.1,0.1,0.4,3.0,394.0,0.0,0.0,0.11928934010152284
18.0,10.0,26.0,0.1,0.1,0.4,3.0,385.0,0.0,0.0,0.11948051948051948
18.0,10.0,27.0,0.1,0.1,0.4,3.0,378.0,0.0,0.0,0.11904761904761904
18.0,10.0,28.0,0.1,0.1,0.4,3.0,362.0,0.0,0.0,0.11602209944751381
18.0,10.0,29.0,0.1,0.1,0.4,3.0,369.0,0.0,0.0,0.11653116531165311
18.0,10.0,30.0,0.1,0.1,0.4,3.0,327.0,0.0,0.0,0.1162079510703364
18.0,10.0,31.0,0.1,0.1,0.4,3.0,315.0,0.0,0.0,0.12063492063492064
18.0,10.0,32.0,0.1,0.1,0.4,3.0,309.0,0.0,0.0,0.11974110032362459
18.0,10.0,33.0,0.1,0.1,0.4,3.0,315.0,0.0,0.0,0.12063492063492064
18.0,10.0,34.0,0.1,0.1,0.4,3.0,311.0,0.0,0.0,0.1189710610932476
18.0,10.0,35.0,0.1,0.1,0.4,3.0,316.0,0.0,0.0,0.12025316455696203
18.0,10.0,36.0,0.1,0.1,0.4,3.0,309.0,0.0,0.0,0.11974110032362459
18.0,10.0,37.0,0.1,0.1,0.4,3.0,307.0,0.0,0.0,0.1237785016286645
18.0,10.0,38.0,0.1,0.1,0.4,3.0,302.0,0.0,0.0,0.12251655629139073
18.0,10.0,39.0,0.1,0.1,0.4,3.0,306.0,0.0,0.0,0.12418300653594772
18.0,10.0,40.0,0.1,0.1,0.4,3.0,301.0,0.0,0.0,0.12292358803986711
18.0,10.0,41.0,0.1,0.1,0.4,3.0,284.0,0.0,0.0,0.13380281690140844
18.0,10.0,42.0,0.1,0.1,0.4,3.0,261.0,0.0,0.0,0.1417624521072797
18.0,10.0,43.0,0.1,0.1,0.4,3.0,265.0,0.0,0.0,0.14339622641509434
18.0,10.0,44.0,0.1,0.1,0.4,3.0,260.0,0.0,0.0,0.1423076923076923
18.0,10.0,45.0,0.1,0.1,0.4,3.0,265.0,0.0,0.0,0.21509433962264152
18.0,10.0,46.0,0.1,0.1,0.4,3.0,267.0,0.0,0.0,0.21348314606741572
18.0,10.0,47.0,0.1,0.1,0.4,3.0,266.0,0.0,0.0,0.21428571428571427
18.0,10.0,48.0,0.1,0.1,0.4,3.0,266.0,0.0,0.0,0.21428571428571427
18.0,10.0,49.0,0.1,0.1,0.4,3.0,264.0,0.0,0.0,0.2159090909090909
18.0,10.0,50.0,0.1,0.1,0.4,3.0,265.0,0.0,0.0,0.21509433962264152
18.0,10.0,51.0,0.1,0.1,0.4,3.0,266.0,0.0,0.0,0.21428571428571427
18.0,10.0,52.0,0.1,0.1,0.4,3.0,263.0,0.0,0.0,0.21673003802281368
19.0,1.0,1.0,0.1,0.1,0.4,3.0,5095.0,50.0,8.0,0.10009813542688911
19.0,1.0,2.0,0.1,0.1,0.4,3.0,5006.0,55.0,18.0,0.10167798641630044
19.0,1.0,3.0,0.1,0.1,0.4,3.0,4832.0,64.0,32.0,0.10326986754966887
19.0,1.0,4.0,0.1,0.1,0.4,3.0,4752.0,76.0,36.0,0.10458754208754209
19.0,1.0,5.0,0.1,0.1,0.4,3.0,4743.0,103.0,39.0,0.10710520767446764
19.0,1.0,6.0,0.1,0.1,0.4,3.0,4552.0,116.0,38.0,0.10830404217926186
19.0,1.0,7.0,0.1,0.1,0.4,3.0,4293.0,135.0,44.0,0.11041229909154437
19.0,1.0,8.0,0.1,0.1,0.4,3.0,4171.0,152.0,52.0,0.11124430592184129
19.0,1.0,9.0,0.1,0.1,0.4,3.0,3970.0,163.0,62.0,0.11234256926952141
19.0,1.0,10.0,0.1,0.1,0.4,3.0,3817.0,187.0,82.0,0.11239193083573487
19.0,1.0,11.0,0.1,0.1,0.4,3.0,3662.0,211.0,93.0,0.11387220098306935
19.0,1.0,12.0,0.1,0.1,0.4,3.0,3495.0,215.0,99.0,0.11330472103004292
19.0,1.0,13.0,0.1,0.1,0.4,3.0,3393.0,214.0,94.0,0.11671087533156499
19.0,1.0,14.0,0.1,0.1,0.4,3.0,3241.0,226.0,97.0,0.11786485652576366
19.0,1.0,15.0,0.1,0.1,0.4,3.0,3119.0,225.0,107.0,0.11991022763706316
19.0,1.0,16.0,0.1,0.1,0.4,3.0,2964.0,220.0,105.0,0.12078272604588394
19.0,1.0,17.0,0.1,0.1,0.4,3.0,2908.0,239.0,106.0,0.12414030261348005
19.0,1.0,18.0,0.1,0.1,0.4,3.0,2778.0,226.0,107.0,0.12491000719942405
19.0,1.0,19.0,0.1,0.1,0.4,3.0,2731.0,220.0,121.0,0.12815818381545221
19.0,1.0,20.0,0.1,0.1,0.4,3.0,7308.0,213.0,119.0,0.046661193212917354
19.0,1.0,21.0,0.1,0.1,0.4,3.0,6463.0,267.0,91.0,0.04842952189385734
19.0,1.0,22.0,0.1,0.1,0.4,3.0,5737.0,255.0,85.0,0.04828307477775841
19.0,1.0,23.0,0.1,0.1,0.4,3.0,5262.0,296.0,95.0,0.049410870391486124
19.0,1.0,24.0,0.1,0.1,0.4,3.0,4823.0,330.0,114.0,0.04934687953555878
19.0,1.0,25.0,0.1,0.1,0.4,3.0,4401.0,352.0,130.0,0.051806407634628494
19.0,1.0,26.0,0.1,0.1,0.4,3.0,4068.0,345.0,145.0,0.05260570304818092
19.0,1.0,27.0,0.1,0.1,0.4,3.0,3768.0,353.0,156.0,0.055201698513800426
19.0,1.0,28.0,0.1,0.1,0.4,3.0,3550.0,353.0,159.0,0.056338028169014086
19.0,1.0,29.0,0.1,0.1,0.4,3.0,3246.0,335.0,152.0,0.058841651263093035
19.0,1.0,30.0,0.1,0.1,0.4,3.0,2971.0,309.0,124.0,0.06226859643217772
19.0,1.0,31.0,0.1,0.1,0.4,3.0,2738.0,301.0,127.0,0.06318480642804968
19.0,1.0,32.0,0.1,0.1,0.4,3.0,2576.0,275.0,123.0,0.06677018633540373
19.0,1.0,33.0,0.1,0.1,0.4,3.0,2418.0,262.0,124.0,0.06823821339950373
19.0,1.0,34.0,0.1,0.1,0.4,3.0,2196.0,249.0,123.0,0.07285974499089254
19.0,1.0,35.0,0.1,0.1,0.4,3.0,2056.0,236.0,119.0,0.07587548638132295
19.0,1.0,36.0,0.1,0.1,0.4,3.0,1921.0,216.0,104.0,0.08068714211348256
19.0,1.0,37.0,0.1,0.1,0.4,3.0,1784.0,204.0,100.0,0.08408071748878924
19.0,1.0,38.0,0.1,0.1,0.4,3.0,1675.0,189.0,93.0,0.08835820895522388
19.0,1.0,39.0,0.1,0.1,0.4,3.0,1578.0,190.0,92.0,0.08998732572877059
19.0,1.0,40.0,0.1,0.1,0.4,3.0,1493.0,156.0,75.0,0.09310113864701942
19.0,1.0,41.0,0.1,0.1,0.4,3.0,1411.0,144.0,68.0,0.0956768249468462
19.0,1.0,42.0,0.1,0.1,0.4,3.0,1348.0,136.0,66.0,0.09866468842729971
19.0,1.0,43.0,0.1,0.1,0.4,3.0,1265.0,131.0,69.0,0.10197628458498023
19.0,1.0,44.0,0.1,0.1,0.4,3.0,1216.0,125.0,64.0,0.10773026315789473
19.0,1.0,45.0,0.1,0.1,0.4,3.0,1160.0,117.0,62.0,0.1810344827586207
19.0,1.0,46.0,0.1,0.1,0.4,3.0,1093.0,109.0,52.0,0.18847209515096067
19.0,1.0,47.0,0.1,0.1,0.4,3.0,1058.0,105.0,52.0,0.1880907372400756
19.0,1.0,48.0,0.1,0.1,0.4,3.0,980.0,87.0,44.0,0.19285714285714287
19.0,1.0,49.0,0.1,0.1,0.4,3.0,942.0,82.0,40.0,0.1932059447983015
19.0,1.0,50.0,0.1,0.1,0.4,3.0,884.0,67.0,34.0,0.19909502262443438
19.0,1.0,51.0,0.1,0.1,0.4,3.0,876.0,72.0,30.0,0.1997716894977169
19.0,1.0,52.0,0.1,0.1,0.4,3.0,842.0,70.0,32.0,0.20665083135391923
19.0,2.0,1.0,0.1,0.1,0.4,3.0,830.0,68.0,31.0,0.2036144578313253
19.0,2.0,2.0,0.1,0.1,0.4,3.0,790.0,62.0,37.0,0.21139240506329113
19.0,2.0,3.0,0.1,0.1,0.4,3.0,774.0,61.0,36.0,0.2131782945736434
19.0,2.0,4.0,0.1,0.1,0.4,3.0,733.0,54.0,32.0,0.21691678035470668
19.0,2.0,5.0,0.1,0.1,0.4,3.0,716.0,45.0,25.0,0.21787709497206703
19.0,2.0,6.0,0.1,0.1,0.4,3.0,687.0,38.0,18.0,0.22416302765647744
19.0,2.0,7.0,0.1,0.1,0.4,3.0,681.0,34.0,15.0,0.22466960352422907
19.0,2.0,8.0,0.1,0.1,0.4,3.0,652.0,30.0,16.0,0.23006134969325154
19.0,2.0,9.0,0.1,0.1,0.4,3.0,649.0,30.0,20.0,0.22650231124807396
19.0,2.0,10.0,0.1,0.1,0.4,3.0,625.0,26.0,19.0,0.2352
19.0,2.0,11.0,0.1,0.1,0.4,3.0,629.0,23.0,14.0,0.23211446740858505
19.0,2.0,12.0,0.1,0.1,0.4,3.0,600.0,15.0,8.0,0.24333333333333335
19.0,2.0,13.0,0.1,0.1,0.4,3.0,607.0,12.0,5.0,0.23887973640856672
19.0,2.0,14.0,0.1,0.1,0.4,3.0,588.0,13.0,6.0,0.24489795918367346
19.0,2.0,15.0,0.1,0.1,0.4,3.0,597.0,13.0,4.0,0.24120603015075376
19.0,2.0,16.0,0.1,0.1,0.4,3.0,584.0,13.0,6.0,0.24486301369863014
19.0,2.0,17.0,0.1,0.1,0.4,3.0,591.0,13.0,4.0,0.24196277495769883
19.0,2.0,18.0,0.1,0.1,0.4,3.0,580.0,13.0,6.0,0.24482758620689654
19.0,2.0,19.0,0.1,0.1,0.4,3.0,585.0,11.0,6.0,0.24273504273504273
19.0,2.0,20.0,0.1,0.1,0.4,3.0,944.0,12.0,6.0,0.149364406779661
19.0,2.0,21.0,0.1,0.1,0.4,3.0,915.0,11.0,5.0,0.14754098360655737
19.0,2.0,22.0,0.1,0.1,0.4,3.0,884.0,8.0,6.0,0.14705882352941177
19.0,2.0,23.0,0.1,0.1,0.4,3.0,833.0,9.0,5.0,0.15006002400960383
19.0,2.0,24.0,0.1,0.1,0.4,3.0,836.0,8.0,5.0,0.14952153110047847
19.0,2.0,25.0,0.1,0.1,0.4,3.0,762.0,4.0,2.0,0.15485564304461943
19.0,2.0,26.0,0.1,0.1,0.4,3.0,755.0,7.0,3.0,0.1562913907284768
19.0,2.0,27.0,0.1,0.1,0.4,3.0,731.0,7.0,3.0,0.15868673050615595
19.0,2.0,28.0,0.1,0.1,0.4,3.0,711.0,6.0,3.0,0.16033755274261605
19.0,2.0,29.0,0.1,0.1,0.4,3.0,715.0,5.0,3.0,0.15804195804195803
19.0,2.0,30.0,0.1,0.1,0.4,3.0,687.0,5.0,3.0,0.1615720524017467
19.0,2.0,31.0,0.1,0.1,0.4,3.0,677.0,6.0,2.0,0.16100443131462333
19.0,2.0,32.0,0.1,0.1,0.4,3.0,657.0,6.0,3.0,0.1598173515981735
19.0,2.0,33.0,0.1,0.1,0.4,3.0,663.0,5.0,3.0,0.1568627450980392
19.0,2.0,34.0,0.1,0.1,0.4,3.0,647.0,6.0,4.0,0.160741885625966
19.0,2.0,35.0,0.1,0.1,0.4,3.0,643.0,4.0,2.0,0.16018662519440124
19.0,2.0,36.0,0.1,0.1,0.4,3.0,630.0,3.0,1.0,0.1619047619047619
19.0,2.0,37.0,0.1,0.1,0.4,3.0,616.0,3.0,2.0,0.16233766233766234
19.0,2.0,38.0,0.1,0.1,0.4,3.0,611.0,3.0,2.0,0.16202945990180032
19.0,2.0,39.0,0.1,0.1,0.4,3.0,600.0,5.0,2.0,0.16166666666666665
19.0,2.0,40.0,0.1,0.1,0.4,3.0,594.0,5.0,0.0,0.16161616161616163
19.0,2.0,41.0,0.1,0.1,0.4,3.0,589.0,5.0,0.0,0.16129032258064516
19.0,2.0,42.0,0.1,0.1,0.4,3.0,570.0,5.0,3.0,0.1649122807017544
19.0,2.0,43.0,0.1,0.1,0.4,3.0,552.0,11.0,4.0,0.161231884057971
19.0,2.0,44.0,0.1,0.1,0.4,3.0,550.0,14.0,4.0,0.16
19.0,2.0,45.0,0.1,0.1,0.4,3.0,535.0,12.0,6.0,0.2130841121495327
19.0,2.0,46.0,0.1,0.1,0.4,3.0,531.0,14.0,6.0,0.21657250470809794
19.0,2.0,47.0,0.1,0.1,0.4,3.0,529.0,15.0,8.0,0.21550094517958412
19.0,2.0,48.0,0.1,0.1,0.4,3.0,521.0,12.0,4.0,0.21497120921305182
19.0,2.0,49.0,0.1,0.1,0.4,3.0,512.0,13.0,8.0,0.2109375
19.0,2.0,50.0,0.1,0.1,0.4,3.0,504.0,12.0,6.0,0.21031746031746032
19.0,2.0,51.0,0.1,0.1,0.4,3.0,488.0,13.0,8.0,0.21311475409836064
19.0,2.0,52.0,0.1,0.1,0.4,3.0,477.0,10.0,4.0,0.22012578616352202
19.0,3.0,1.0,0.1,0.1,0.4,3.0,475.0,10.0,6.0,0.21263157894736842
19.0,3.0,2.0,0.1,0.1,0.4,3.0,471.0,9.0,4.0,0.2208067940552017
19.0,3.0,3.0,0.1,0.1,0.4,3.0,472.0,9.0,6.0,0.21610169491525424
19.0,3.0,4.0,0.1,0.1,0.4,3.0,463.0,9.0,5.0,0.2203023758099352
19.0,3.0,5.0,0.1,0.1,0.4,3.0,458.0,8.0,6.0,0.21615720524017468
19.0,3.0,6.0,0.1,0.1,0.4,3.0,451.0,5.0,3.0,0.22394678492239467
19.0,3.0,7.0,0.1,0.1,0.4,3.0,444.0,5.0,3.0,0.22297297297297297
19.0,3.0,8.0,0.1,0.1,0.4,3.0,439.0,3.0,1.0,0.2255125284738041
19.0,3.0,9.0,0.1,0.1,0.4,3.0,440.0,3.0,2.0,0.22045454545454546
19.0,3.0,10.0,0.1,0.1,0.4,3.0,431.0,3.0,1.0,0.2296983758700696
19.0,3.0,11.0,0.1,0.1,0.4,3.0,430.0,3.0,2.0,0.22325581395348837
19.0,3.0,12.0,0.1,0.1,0.4,3.0,428.0,2.0,1.0,0.22897196261682243
19.0,3.0,13.0,0.1,0.1,0.4,3.0,428.0,2.0,1.0,0.22429906542056074
19.0,3.0,14.0,0.1,0.1,0.4,3.0,425.0,1.0,1.0,0.23058823529411765
19.0,3.0,15.0,0.1,0.1,0.4,3.0,423.0,2.0,1.0,0.2222222222222222
19.0,3.0,16.0,0.1,0.1,0.4,3.0,419.0,2.0,1.0,0.22911694510739858
19.0,3.0,17.0,0.1,0.1,0.4,3.0,417.0,1.0,0.0,0.22062350119904076
19.0,3.0,18.0,0.1,0.1,0.4,3.0,414.0,1.0,0.0,0.22705314009661837
19.0,3.0,19.0,0.1,0.1,0.4,3.0,415.0,1.0,1.0,0.2216867469879518
19.0,3.0,20.0,0.1,0.1,0.4,3.0,752.0,1.0,1.0,0.125
19.0,3.0,21.0,0.1,0.1,0.4,3.0,719.0,1.0,1.0,0.12239221140472879
19.0,3.0,22.0,0.1,0.1,0.4,3.0,696.0,0.0,0.0,0.1235632183908046
19.0,3.0,23.0,0.1,0.1,0.4,3.0,664.0,0.0,0.0,0.12349397590361445
19.0,3.0,24.0,0.1,0.1,0.4,3.0,655.0,0.0,0.0,0.1282442748091603
19.0,3.0,25.0,0.1,0.1,0.4,3.0,639.0,0.0,0.0,0.12519561815336464
19.0,3.0,26.0,0.1,0.1,0.4,3.0,613.0,0.0,0.0,0.13050570962479607
19.0,3.0,27.0,0.1,0.1,0.4,3.0,581.0,0.0,0.0,0.12908777969018934
19.0,3.0,28.0,0.1,0.1,0.4,3.0,581.0,0.0,0.0,0.13080895008605853
19.0,3.0,29.0,0.1,0.1,0.4,3.0,580.0,0.0,0.0,0.12758620689655173
19.0,3.0,30.0,0.1,0.1,0.4,3.0,581.0,0.0,0.0,0.13080895008605853
19.0,3.0,31.0,0.1,0.1,0.4,3.0,569.0,0.0,0.0,0.13005272407732865
19.0,3.0,32.0,0.1,0.1,0.4,3.0,556.0,0.0,0.0,0.13489208633093525
19.0,3.0,33.0,0.1,0.1,0.4,3.0,552.0,0.0,0.0,0.1322463768115942
19.0,3.0,34.0,0.1,0.1,0.4,3.0,538.0,0.0,0.0,0.13568773234200743
19.0,3.0,35.0,0.1,0.1,0.4,3.0,527.0,0.0,0.0,0.13282732447817835
19.0,3.0,36.0,0.1,0.1,0.4,3.0,523.0,0.0,0.0,0.13766730401529637
19.0,3.0,37.0,0.1,0.1,0.4,3.0,516.0,0.0,0.0,0.13565891472868216
19.0,3.0,38.0,0.1,0.1,0.4,3.0,501.0,0.0,0.0,0.14171656686626746
19.0,3.0,39.0,0.1,0.1,0.4,3.0,488.0,0.0,0.0,0.1413934426229508
19.0,3.0,40.0,0.1,0.1,0.4,3.0,484.0,0.0,0.0,0.14049586776859505
19.0,3.0,41.0,0.1,0.1,0.4,3.0,469.0,0.0,0.0,0.13859275053304904
19.0,3.0,42.0,0.1,0.1,0.4,3.0,469.0,0.0,0.0,0.13646055437100213
19.0,3.0,43.0,0.1,0.1,0.4,3.0,464.0,0.0,0.0,0.13577586206896552
19.0,3.0,44.0,0.1,0.1,0.4,3.0,461.0,0.0,0.0,0.13665943600867678
19.0,3.0,45.0,0.1,0.1,0.4,3.0,462.0,0.0,0.0,0.19480519480519481
19.0,3.0,46.0,0.1,0.1,0.4,3.0,446.0,0.0,0.0,0.19506726457399104
19.0,3.0,47.0,0.1,0.1,0.4,3.0,435.0,0.0,0.0,0.19770114942528735
19.0,3.0,48.0,0.1,0.1,0.4,3.0,429.0,0.0,0.0,0.19813519813519814
19.0,3.0,49.0,0.1,0.1,0.4,3.0,405.0,0.0,0.0,0.20493827160493827
19.0,3.0,50.0,0.1,0.1,0.4,3.0,401.0,0.0,0.0,0.20448877805486285
19.0,3.0,51.0,0.1,0.1,0.4,3.0,396.0,0.0,0.0,0.20707070707070707
19.0,3.0,52.0,0.1,0.1,0.4,3.0,388.0,0.0,0.0,0.20618556701030927
19.0,4.0,1.0,0.1,0.1,0.4,3.0,386.0,0.0,0.0,0.20725388601036268
19.0,4.0,2.0,0.1,0.1,0.4,3.0,385.0,0.0,0.0,0.2051948051948052
19.0,4.0,3.0,0.1,0.1,0.4,3.0,385.0,0.0,0.0,0.2051948051948052
19.0,4.0,4.0,0.1,0.1,0.4,3.0,386.0,0.0,0.0,0.20466321243523317
19.0,4.0,5.0,0.1,0.1,0.4,3.0,379.0,0.0,0.0,0.20844327176781002
19.0,4.0,6.0,0.1,0.1,0.4,3.0,380.0,0.0,0.0,0.20789473684210527
19.0,4.0,7.0,0.1,0.1,0.4,3.0,369.0,0.0,0.0,0.20596205962059622
19.0,4.0,8.0,0.1,0.1,0.4,3.0,359.0,0.0,0.0,0.20891364902506965
19.0,4.0,9.0,0.1,0.1,0.4,3.0,352.0,0.0,0.0,0.21306818181818182
19.0,4.0,10.0,0.1,0.1,0.4,3.0,352.0,0.0,0.0,0.21306818181818182
19.0,4.0,11.0,0.1,0.1,0.4,3.0,349.0,0.0,0.0,0.21203438395415472
19.0,4.0,12.0,0.1,0.1,0.4,3.0,348.0,0.0,0.0,0.20977011494252873
19.0,4.0,13.0,0.1,0.1,0.4,3.0,346.0,0.0,0.0,0.20809248554913296
19.0,4.0,14.0,0.1,0.1,0.4,3.0,346.0,0.0,0.0,0.20520231213872833
19.0,4.0,15.0,0.1,0.1,0.4,3.0,343.0,0.0,0.0,0.20699708454810495
19.0,4.0,16.0,0.1,0.1,0.4,3.0,345.0,0.0,0.0,0.20579710144927535
19.0,4.0,17.0,0.1,0.1,0.4,3.0,344.0,0.0,0.0,0.2063953488372093
19.0,4.0,18.0,0.1,0.1,0.4,3.0,344.0,0.0,0.0,0.2063953488372093
19.0,4.0,19.0,0.1,0.1,0.4,3.0,341.0,0.0,0.0,0.20527859237536658
19.0,4.0,20.0,0.1,0.1,0.4,3.0,689.0,0.0,0.0,0.10159651669085631
19.0,4.0,21.0,0.1,0.1,0.4,3.0,679.0,0.0,0.0,0.10309278350515463
19.0,4.0,22.0,0.1,0.1,0.4,3.0,653.0,0.0,0.0,0.10566615620214395
19.0,4.0,23.0,0.1,0.1,0.4,3.0,608.0,0.0,0.0,0.1118421052631579
19.0,4.0,24.0,0.1,0.1,0.4,3.0,576.0,0.0,0.0,0.109375
19.0,4.0,25.0,0.1,0.1,0.4,3.0,574.0,0.0,0.0,0.10801393728222997
19.0,4.0,26.0,0.1,0.1,0.4,3.0,557.0,0.0,0.0,0.11131059245960502
19.0,4.0,27.0,0.1,0.1,0.4,3.0,541.0,0.0,0.0,0.11460258780036968
19.0,4.0,28.0,0.1,0.1,0.4,3.0,531.0,0.0,0.0,0.1167608286252354
19.0,4.0,29.0,0.1,0.1,0.4,3.0,529.0,0.0,0.0,0.11720226843100189
19.0,4.0,30.0,0.1,0.1,0.4,3.0,524.0,0.0,0.0,0.1183206106870229
19.0,4.0,31.0,0.1,0.1,0.4,3.0,510.0,0.0,0.0,0.12156862745098039
19.0,4.0,32.0,0.1,0.1,0.4,3.0,503.0,0.0,0.0,0.12127236580516898
19.0,4.0,33.0,0.1,0.1,0.4,3.0,487.0,0.0,0.0,0.12320328542094455
19.0,4.0,34.0,0.1,0.1,0.4,3.0,469.0,0.0,0.0,0.12153518123667377
19.0,4.0,35.0,0.1,0.1,0.4,3.0,436.0,0.0,0.0,0.12844036697247707
19.0,4.0,36.0,0.1,0.1,0.4,3.0,420.0,0.0,0.0,0.13095238095238096
19.0,4.0,37.0,0.1,0.1,0.4,3.0,417.0,0.0,0.0,0.13189448441247004
19.0,4.0,38.0,0.1,0.1,0.4,3.0,384.0,0.0,0.0,0.140625
19.0,4.0,39.0,0.1,0.1,0.4,3.0,380.0,0.0,0.0,0.14210526315789473
19.0,4.0,40.0,0.1,0.1,0.4,3.0,374.0,0.0,0.0,0.1443850267379679
19.0,4.0,41.0,0.1,0.1,0.4,3.0,355.0,0.0,0.0,0.14084507042253522
19.0,4.0,42.0,0.1,0.1,0.4,3.0,354.0,0.0,0.0,0.14124293785310735
19.0,4.0,43.0,0.1,0.1,0.4,3.0,351.0,0.0,0.0,0.1396011396011396
19.0,4.0,44.0,0.1,0.1,0.4,3.0,350.0,0.0,0.0,0.13714285714285715
19.0,4.0,45.0,0.1,0.1,0.4,3.0,349.0,0.0,0.0,0.22063037249283668
19.0,4.0,46.0,0.1,0.1,0.4,3.0,340.0,0.0,0.0,0.22058823529411764
19.0,4.0,47.0,0.1,0.1,0.4,3.0,330.0,0.0,0.0,0.22424242424242424
19.0,4.0,48.0,0.1,0.1,0.4,3.0,317.0,0.0,0.0,0.2302839116719243
19.0,4.0,49.0,0.1,0.1,0.4,3.0,316.0,0.0,0.0,0.2310126582278481
19.0,4.0,50.0,0.1,0.1,0.4,3.0,315.0,0.0,0.0,0.23174603174603176
19.0,4.0,51.0,0.1,0.1,0.4,3.0,310.0,0.0,0.0,0.23548387096774193
19.0,4.0,52.0,0.1,0.1,0.4,3.0,308.0,0.0,0.0,0.23376623376623376
19.0,5.0,1.0,0.1,0.1,0.4,3.0,306.0,0.0,0.0,0.23202614379084968
19.0,5.0,2.0,0.1,0.1,0.4,3.0,305.0,0.0,0.0,0.22950819672131148
19.0,5.0,3.0,0.1,0.1,0.4,3.0,305.0,0.0,0.0,0.22950819672131148
19.0,5.0,4.0,0.1,0.1,0.4,3.0,304.0,0.0,0.0,0.23026315789473684
19.0,5.0,5.0,0.1,0.1,0.4,3.0,298.0,0.0,0.0,0.23154362416107382
19.0,5.0,6.0,0.1,0.1,0.4,3.0,297.0,0.0,0.0,0.22895622895622897
19.0,5.0,7.0,0.1,0.1,0.4,3.0,297.0,0.0,0.0,0.22895622895622897
19.0,5.0,8.0,0.1,0.1,0.4,3.0,289.0,0.0,0.0,0.22837370242214533
19.0,5.0,9.0,0.1,0.1,0.4,3.0,286.0,0.0,0.0,0.22377622377622378
19.0,5.0,10.0,0.1,0.1,0.4,3.0,287.0,0.0,0.0,0.2229965156794425
19.0,5.0,11.0,0.1,0.1,0.4,3.0,286.0,0.0,0.0,0.22377622377622378
19.0,5.0,12.0,0.1,0.1,0.4,3.0,285.0,0.0,0.0,0.22456140350877193
19.0,5.0,13.0,0.1,0.1,0.4,3.0,286.0,0.0,0.0,0.22377622377622378
19.0,5.0,14.0,0.1,0.1,0.4,3.0,284.0,0.0,0.0,0.22535211267605634
19.0,5.0,15.0,0.1,0.1,0.4,3.0,285.0,0.0,0.0,0.22456140350877193
19.0,5.0,16.0,0.1,0.1,0.4,3.0,284.0,0.0,0.0,0.22535211267605634
19.0,5.0,17.0,0.1,0.1,0.4,3.0,285.0,0.0,0.0,0.22456140350877193
19.0,5.0,18.0,0.1,0.1,0.4,3.0,282.0,0.0,0.0,0.22340425531914893
19.0,5.0,19.0,0.1,0.1,0.4,3.0,282.0,0.0,0.0,0.22340425531914893
19.0,5.0,20.0,0.1,0.1,0.4,3.0,493.0,0.0,0.0,0.1257606490872211
19.0,5.0,21.0,0.1,0.1,0.4,3.0,494.0,0.0,0.0,0.12550607287449392
19.0,5.0,22.0,0.1,0.1,0.4,3.0,445.0,0.0,0.0,0.12808988764044943
19.0,5.0,23.0,0.1,0.1,0.4,3.0,437.0,0.0,0.0,0.12585812356979406
19.0,5.0,24.0,0.1,0.1,0.4,3.0,397.0,0.0,0.0,0.13350125944584382
19.0,5.0,25.0,0.1,0.1,0.4,3.0,383.0,0.0,0.0,0.13315926892950392
19.0,5.0,26.0,0.1,0.1,0.4,3.0,383.0,0.0,0.0,0.13315926892950392
19.0,5.0,27.0,0.1,0.1,0.4,3.0,382.0,0.0,0.0,0.13089005235602094
19.0,5.0,28.0,0.1,0.1,0.4,3.0,380.0,0.0,0.0,0.13157894736842105
19.0,5.0,29.0,0.1,0.1,0.4,3.0,378.0,0.0,0.0,0.12962962962962962
19.0,5.0,30.0,0.1,0.1,0.4,3.0,379.0,0.0,0.0,0.12928759894459102
19.0,5.0,31.0,0.1,0.1,0.4,3.0,368.0,0.0,0.0,0.13043478260869565
19.0,5.0,32.0,0.1,0.1,0.4,3.0,366.0,0.0,0.0,0.13114754098360656
19.0,5.0,33.0,0.1,0.1,0.4,3.0,363.0,0.0,0.0,0.1322314049586777
19.0,5.0,34.0,0.1,0.1,0.4,3.0,367.0,0.0,0.0,0.1307901907356948
19.0,5.0,35.0,0.1,0.1,0.4,3.0,363.0,0.0,0.0,0.1322314049586777
19.0,5.0,36.0,0.1,0.1,0.4,3.0,365.0,0.0,0.0,0.13150684931506848
19.0,5.0,37.0,0.1,0.1,0.4,3.0,354.0,0.0,0.0,0.13559322033898305
19.0,5.0,38.0,0.1,0.1,0.4,3.0,354.0,0.0,0.0,0.13559322033898305
19.0,5.0,39.0,0.1,0.1,0.4,3.0,351.0,0.0,0.0,0.13675213675213677
19.0,5.0,40.0,0.1,0.1,0.4,3.0,352.0,0.0,0.0,0.13636363636363635
19.0,5.0,41.0,0.1,0.1,0.4,3.0,349.0,0.0,0.0,0.1346704871060172
19.0,5.0,42.0,0.1,0.1,0.4,3.0,350.0,0.0,0.0,0.13428571428571429
19.0,5.0,43.0,0.1,0.1,0.4,3.0,343.0,0.0,0.0,0.13411078717201166
19.0,5.0,44.0,0.1,0.1,0.4,3.0,334.0,0.0,0.0,0.1407185628742515
19.0,5.0,45.0,0.1,0.1,0.4,3.0,322.0,0.0,0.0,0.20496894409937888
19.0,5.0,46.0,0.1,0.1,0.4,3.0,323.0,0.0,0.0,0.2043343653250774
19.0,5.0,47.0,0.1,0.1,0.4,3.0,317.0,0.0,0.0,0.20504731861198738
19.0,5.0,48.0,0.1,0.1,0.4,3.0,309.0,0.0,0.0,0.21359223300970873
19.0,5.0,49.0,0.1,0.1,0.4,3.0,305.0,0.0,0.0,0.21311475409836064
19.0,5.0,50.0,0.1,0.1,0.4,3.0,301.0,0.0,0.0,0.2159468438538206
19.0,5.0,51.0,0.1,0.1,0.4,3.0,297.0,0.0,0.0,0.21548821548821548
19.0,5.0,52.0,0.1,0.1,0.4,3.0,299.0,0.0,0.0,0.21739130434782608
19.0,6.0,1.0,0.1,0.1,0.4,3.0,296.0,0.0,0.0,0.21621621621621623
19.0,6.0,2.0,0.1,0.1,0.4,3.0,295.0,0.0,0.0,0.22033898305084745
19.0,6.0,3.0,0.1,0.1,0.4,3.0,278.0,0.0,0.0,0.22302158273381295
19.0,6.0,4.0,0.1,0.1,0.4,3.0,281.0,0.0,0.0,0.22419928825622776
19.0,6.0,5.0,0.1,0.1,0.4,3.0,274.0,0.0,0.0,0.22627737226277372
19.0,6.0,6.0,0.1,0.1,0.4,3.0,275.0,0.0,0.0,0.22181818181818183
19.0,6.0,7.0,0.1,0.1,0.4,3.0,271.0,0.0,0.0,0.22509225092250923
19.0,6.0,8.0,0.1,0.1,0.4,3.0,273.0,0.0,0.0,0.21978021978021978
19.0,6.0,9.0,0.1,0.1,0.4,3.0,268.0,0.0,0.0,0.22388059701492538
19.0,6.0,10.0,0.1,0.1,0.4,3.0,270.0,0.0,0.0,0.2222222222222222
19.0,6.0,11.0,0.1,0.1,0.4,3.0,266.0,0.0,0.0,0.22180451127819548
19.0,6.0,12.0,0.1,0.1,0.4,3.0,268.0,0.0,0.0,0.21641791044776118
19.0,6.0,13.0,0.1,0.1,0.4,3.0,265.0,0.0,0.0,0.2188679245283019
19.0,6.0,14.0,0.1,0.1,0.4,3.0,260.0,0.0,0.0,0.21153846153846154
19.0,6.0,15.0,0.1,0.1,0.4,3.0,257.0,0.0,0.0,0.2140077821011673
19.0,6.0,16.0,0.1,0.1,0.4,3.0,260.0,0.0,0.0,0.21153846153846154
19.0,6.0,17.0,0.1,0.1,0.4,3.0,257.0,0.0,0.0,0.2140077821011673
19.0,6.0,18.0,0.1,0.1,0.4,3.0,260.0,0.0,0.0,0.21153846153846154
19.0,6.0,19.0,0.1,0.1,0.4,3.0,257.0,0.0,0.0,0.2140077821011673
19.0,6.0,20.0,0.1,0.1,0.4,3.0,463.0,0.0,0.0,0.11879049676025918
19.0,6.0,21.0,0.1,0.1,0.4,3.0,440.0,0.0,0.0,0.11818181818181818
19.0,6.0,22.0,0.1,0.1,0.4,3.0,434.0,0.0,0.0,0.1175115207373272
19.0,6.0,23.0,0.1,0.1,0.4,3.0,419.0,0.0,0.0,0.11694510739856802
19.0,6.0,24.0,0.1,0.1,0.4,3.0,404.0,0.0,0.0,0.1188118811881188
19.0,6.0,25.0,0.1,0.1,0.4,3.0,402.0,0.0,0.0,0.11940298507462686
19.0,6.0,26.0,0.1,0.1,0.4,3.0,388.0,0.0,0.0,0.1211340206185567
19.0,6.0,27.0,0.1,0.1,0.4,3.0,357.0,0.0,0.0,0.12605042016806722
19.0,6.0,28.0,0.1,0.1,0.4,3.0,359.0,0.0,0.0,0.12534818941504178
19.0,6.0,29.0,0.1,0.1,0.4,3.0,356.0,0.0,0.0,0.12359550561797752
19.0,6.0,30.0,0.1,0.1,0.4,3.0,348.0,0.0,0.0,0.12643678160919541
19.0,6.0,31.0,0.1,0.1,0.4,3.0,338.0,0.0,0.0,0.12721893491124261
19.0,6.0,32.0,0.1,0.1,0.4,3.0,330.0,0.0,0.0,0.12727272727272726
19.0,6.0,33.0,0.1,0.1,0.4,3.0,318.0,0.0,0.0,0.1289308176100629
19.0,6.0,34.0,0.1,0.1,0.4,3.0,311.0,0.0,0.0,0.13183279742765272
19.0,6.0,35.0,0.1,0.1,0.4,3.0,306.0,0.0,0.0,0.13398692810457516
19.0,6.0,36.0,0.1,0.1,0.4,3.0,295.0,0.0,0.0,0.13559322033898305
19.0,6.0,37.0,0.1,0.1,0.4,3.0,293.0,0.0,0.0,0.13651877133105803
19.0,6.0,38.0,0.1,0.1,0.4,3.0,295.0,0.0,0.0,0.13559322033898305
19.0,6.0,39.0,0.1,0.1,0.4,3.0,291.0,0.0,0.0,0.13745704467353953
19.0,6.0,40.0,0.1,0.1,0.4,3.0,289.0,0.0,0.0,0.1384083044982699
19.0,6.0,41.0,0.1,0.1,0.4,3.0,282.0,0.0,0.0,0.1347517730496454
19.0,6.0,42.0,0.1,0.1,0.4,3.0,288.0,0.0,0.0,0.13541666666666666
19.0,6.0,43.0,0.1,0.1,0.4,3.0,282.0,0.0,0.0,0.1347517730496454
19.0,6.0,44.0,0.1,0.1,0.4,3.0,286.0,0.0,0.0,0.13636363636363635
19.0,6.0,45.0,0.1,0.1,0.4,3.0,280.0,0.0,0.0,0.21785714285714286
19.0,6.0,46.0,0.1,0.1,0.4,3.0,285.0,0.0,0.0,0.21403508771929824
19.0,6.0,47.0,0.1,0.1,0.4,3.0,279.0,0.0,0.0,0.21505376344086022
19.0,6.0,48.0,0.1,0.1,0.4,3.0,285.0,0.0,0.0,0.21403508771929824
19.0,6.0,49.0,0.1,0.1,0.4,3.0,279.0,0.0,0.0,0.21505376344086022
19.0,6.0,50.0,0.1,0.1,0.4,3.0,284.0,0.0,0.0,0.2147887323943662
19.0,6.0,51.0,0.1,0.1,0.4,3.0,279.0,0.0,0.0,0.21505376344086022
19.0,6.0,52.0,0.1,0.1,0.4,3.0,284.0,0.0,0.0,0.2147887323943662
19.0,7.0,1.0,0.1,0.1,0.4,3.0,274.0,0.0,0.0,0.21532846715328466
19.0,7.0,2.0,0.1,0.1,0.4,3.0,278.0,0.0,0.0,0.2158273381294964
19.0,7.0,3.0,0.1,0.1,0.4,3.0,271.0,0.0,0.0,0.2177121771217712
19.0,7.0,4.0,0.1,0.1,0.4,3.0,277.0,0.0,0.0,0.21660649819494585
19.0,7.0,5.0,0.1,0.1,0.4,3.0,270.0,0.0,0.0,0.21851851851851853
19.0,7.0,6.0,0.1,0.1,0.4,3.0,276.0,0.0,0.0,0.21739130434782608
19.0,7.0,7.0,0.1,0.1,0.4,3.0,269.0,0.0,0.0,0.21561338289962825
19.0,7.0,8.0,0.1,0.1,0.4,3.0,275.0,0.0,0.0,0.21454545454545454
19.0,7.0,9.0,0.1,0.1,0.4,3.0,268.0,0.0,0.0,0.2126865671641791
19.0,7.0,10.0,0.1,0.1,0.4,3.0,273.0,0.0,0.0,0.21245421245421245
19.0,7.0,11.0,0.1,0.1,0.4,3.0,249.0,0.0,0.0,0.2289156626506024
19.0,7.0,12.0,0.1,0.1,0.4,3.0,254.0,0.0,0.0,0.2283464566929134
19.0,7.0,13.0,0.1,0.1,0.4,3.0,249.0,0.0,0.0,0.2289156626506024
19.0,7.0,14.0,0.1,0.1,0.4,3.0,255.0,0.0,0.0,0.22745098039215686
19.0,7.0,15.0,0.1,0.1,0.4,3.0,248.0,0.0,0.0,0.22580645161290322
19.0,7.0,16.0,0.1,0.1,0.4,3.0,254.0,0.0,0.0,0.22440944881889763
19.0,7.0,17.0,0.1,0.1,0.4,3.0,247.0,0.0,0.0,0.22672064777327935
19.0,7.0,18.0,0.1,0.1,0.4,3.0,251.0,0.0,0.0,0.21912350597609562
19.0,7.0,19.0,0.1,0.1,0.4,3.0,244.0,0.0,0.0,0.22131147540983606
19.0,7.0,20.0,0.1,0.1,0.4,3.0,456.0,0.0,0.0,0.1206140350877193
19.0,7.0,21.0,0.1,0.1,0.4,3.0,447.0,0.0,0.0,0.12080536912751678
19.0,7.0,22.0,0.1,0.1,0.4,3.0,443.0,0.0,0.0,0.12415349887133183
19.0,7.0,23.0,0.1,0.1,0.4,3.0,434.0,0.0,0.0,0.12442396313364056
19.0,7.0,24.0,0.1,0.1,0.4,3.0,443.0,0.0,0.0,0.12415349887133183
19.0,7.0,25.0,0.1,0.1,0.4,3.0,411.0,0.0,0.0,0.13138686131386862
19.0,7.0,26.0,0.1,0.1,0.4,3.0,403.0,0.0,0.0,0.12903225806451613
19.0,7.0,27.0,0.1,0.1,0.4,3.0,394.0,0.0,0.0,0.12944162436548223
19.0,7.0,28.0,0.1,0.1,0.4,3.0,403.0,0.0,0.0,0.12903225806451613
19.0,7.0,29.0,0.1,0.1,0.4,3.0,372.0,0.0,0.0,0.13440860215053763
19.0,7.0,30.0,0.1,0.1,0.4,3.0,380.0,0.0,0.0,0.13157894736842105
19.0,7.0,31.0,0.1,0.1,0.4,3.0,371.0,0.0,0.0,0.1320754716981132
19.0,7.0,32.0,0.1,0.1,0.4,3.0,380.0,0.0,0.0,0.13157894736842105
19.0,7.0,33.0,0.1,0.1,0.4,3.0,345.0,0.0,0.0,0.1391304347826087
19.0,7.0,34.0,0.1,0.1,0.4,3.0,336.0,0.0,0.0,0.14285714285714285
19.0,7.0,35.0,0.1,0.1,0.4,3.0,327.0,0.0,0.0,0.1437308868501529
19.0,7.0,36.0,0.1,0.1,0.4,3.0,336.0,0.0,0.0,0.14285714285714285
19.0,7.0,37.0,0.1,0.1,0.4,3.0,315.0,0.0,0.0,0.14603174603174604
19.0,7.0,38.0,0.1,0.1,0.4,3.0,324.0,0.0,0.0,0.14506172839506173
19.0,7.0,39.0,0.1,0.1,0.4,3.0,315.0,0.0,0.0,0.14603174603174604
19.0,7.0,40.0,0.1,0.1,0.4,3.0,324.0,0.0,0.0,0.14506172839506173
19.0,7.0,41.0,0.1,0.1,0.4,3.0,315.0,0.0,0.0,0.14603174603174604
19.0,7.0,42.0,0.1,0.1,0.4,3.0,304.0,0.0,0.0,0.14473684210526316
19.0,7.0,43.0,0.1,0.1,0.4,3.0,293.0,0.0,0.0,0.14675767918088736
19.0,7.0,44.0,0.1,0.1,0.4,3.0,303.0,0.0,0.0,0.14521452145214522
19.0,7.0,45.0,0.1,0.1,0.4,3.0,292.0,0.0,0.0,0.2089041095890411
19.0,7.0,46.0,0.1,0.1,0.4,3.0,303.0,0.0,0.0,0.20462046204620463
19.0,7.0,47.0,0.1,0.1,0.4,3.0,292.0,0.0,0.0,0.2089041095890411
19.0,7.0,48.0,0.1,0.1,0.4,3.0,301.0,0.0,0.0,0.2059800664451827
19.0,7.0,49.0,0.1,0.1,0.4,3.0,290.0,0.0,0.0,0.2103448275862069
19.0,7.0,50.0,0.1,0.1,0.4,3.0,290.0,0.0,0.0,0.21379310344827587
19.0,7.0,51.0,0.1,0.1,0.4,3.0,285.0,0.0,0.0,0.21403508771929824
19.0,7.0,52.0,0.1,0.1,0.4,3.0,282.0,0.0,0.0,0.2198581560283688
19.0,8.0,1.0,0.1,0.1,0.4,3.0,274.0,0.0,0.0,0.21897810218978103
19.0,8.0,2.0,0.1,0.1,0.4,3.0,276.0,0.0,0.0,0.2210144927536232
19.0,8.0,3.0,0.1,0.1,0.4,3.0,269.0,0.0,0.0,0.22304832713754646
19.0,8.0,4.0,0.1,0.1,0.4,3.0,275.0,0.0,0.0,0.22181818181818183
19.0,8.0,5.0,0.1,0.1,0.4,3.0,269.0,0.0,0.0,0.22304832713754646
19.0,8.0,6.0,0.1,0.1,0.4,3.0,275.0,0.0,0.0,0.22181818181818183
19.0,8.0,7.0,0.1,0.1,0.4,3.0,266.0,0.0,0.0,0.22556390977443608
19.0,8.0,8.0,0.1,0.1,0.4,3.0,272.0,0.0,0.0,0.22426470588235295
19.0,8.0,9.0,0.1,0.1,0.4,3.0,265.0,0.0,0.0,0.22641509433962265
19.0,8.0,10.0,0.1,0.1,0.4,3.0,269.0,0.0,0.0,0.22304832713754646
19.0,8.0,11.0,0.1,0.1,0.4,3.0,261.0,0.0,0.0,0.2260536398467433
19.0,8.0,12.0,0.1,0.1,0.4,3.0,265.0,0.0,0.0,0.22641509433962265
19.0,8.0,13.0,0.1,0.1,0.4,3.0,250.0,0.0,0.0,0.232
19.0,8.0,14.0,0.1,0.1,0.4,3.0,257.0,0.0,0.0,0.22957198443579765
19.0,8.0,15.0,0.1,0.1,0.4,3.0,250.0,0.0,0.0,0.232
19.0,8.0,16.0,0.1,0.1,0.4,3.0,257.0,0.0,0.0,0.22957198443579765
19.0,8.0,17.0,0.1,0.1,0.4,3.0,250.0,0.0,0.0,0.232
19.0,8.0,18.0,0.1,0.1,0.4,3.0,257.0,0.0,0.0,0.22957198443579765
19.0,8.0,19.0,0.1,0.1,0.4,3.0,250.0,0.0,0.0,0.232
19.0,8.0,20.0,0.1,0.1,0.4,3.0,438.0,0.0,0.0,0.13470319634703196
19.0,8.0,21.0,0.1,0.1,0.4,3.0,417.0,0.0,0.0,0.1366906474820144
19.0,8.0,22.0,0.1,0.1,0.4,3.0,402.0,0.0,0.0,0.14427860696517414
19.0,8.0,23.0,0.1,0.1,0.4,3.0,390.0,0.0,0.0,0.14615384615384616
19.0,8.0,24.0,0.1,0.1,0.4,3.0,383.0,0.0,0.0,0.14882506527415143
19.0,8.0,25.0,0.1,0.1,0.4,3.0,355.0,0.0,0.0,0.15211267605633802
19.0,8.0,26.0,0.1,0.1,0.4,3.0,323.0,0.0,0.0,0.1609907120743034
19.0,8.0,27.0,0.1,0.1,0.4,3.0,312.0,0.0,0.0,0.16346153846153846
19.0,8.0,28.0,0.1,0.1,0.4,3.0,312.0,0.0,0.0,0.16346153846153846
19.0,8.0,29.0,0.1,0.1,0.4,3.0,303.0,0.0,0.0,0.16831683168316833
19.0,8.0,30.0,0.1,0.1,0.4,3.0,285.0,0.0,0.0,0.17192982456140352
19.0,8.0,31.0,0.1,0.1,0.4,3.0,283.0,0.0,0.0,0.17314487632508835
19.0,8.0,32.0,0.1,0.1,0.4,3.0,284.0,0.0,0.0,0.17253521126760563
19.0,8.0,33.0,0.1,0.1,0.4,3.0,283.0,0.0,0.0,0.17314487632508835
19.0,8.0,34.0,0.1,0.1,0.4,3.0,284.0,0.0,0.0,0.17253521126760563
19.0,8.0,35.0,0.1,0.1,0.4,3.0,275.0,0.0,0.0,0.1781818181818182
19.0,8.0,36.0,0.1,0.1,0.4,3.0,267.0,0.0,0.0,0.18352059925093633
19.0,8.0,37.0,0.1,0.1,0.4,3.0,266.0,0.0,0.0,0.18421052631578946
19.0,8.0,38.0,0.1,0.1,0.4,3.0,267.0,0.0,0.0,0.18352059925093633
19.0,8.0,39.0,0.1,0.1,0.4,3.0,266.0,0.0,0.0,0.18421052631578946
19.0,8.0,40.0,0.1,0.1,0.4,3.0,264.0,0.0,0.0,0.1856060606060606
19.0,8.0,41.0,0.1,0.1,0.4,3.0,262.0,0.0,0.0,0.18702290076335878
19.0,8.0,42.0,0.1,0.1,0.4,3.0,252.0,0.0,0.0,0.1865079365079365
19.0,8.0,43.0,0.1,0.1,0.4,3.0,240.0,0.0,0.0,0.19583333333333333
19.0,8.0,44.0,0.1,0.1,0.4,3.0,240.0,0.0,0.0,0.19583333333333333
19.0,8.0,45.0,0.1,0.1,0.4,3.0,238.0,0.0,0.0,0.2815126050420168
19.0,8.0,46.0,0.1,0.1,0.4,3.0,239.0,0.0,0.0,0.2803347280334728
19.0,8.0,47.0,0.1,0.1,0.4,3.0,239.0,0.0,0.0,0.2803347280334728
19.0,8.0,48.0,0.1,0.1,0.4,3.0,240.0,0.0,0.0,0.2791666666666667
19.0,8.0,49.0,0.1,0.1,0.4,3.0,238.0,0.0,0.0,0.2815126050420168
19.0,8.0,50.0,0.1,0.1,0.4,3.0,239.0,0.0,0.0,0.2803347280334728
19.0,8.0,51.0,0.1,0.1,0.4,3.0,238.0,0.0,0.0,0.2815126050420168
19.0,8.0,52.0,0.1,0.1,0.4,3.0,238.0,0.0,0.0,0.2815126050420168
19.0,9.0,1.0,0.1,0.1,0.4,3.0,237.0,0.0,0.0,0.28270042194092826
19.0,9.0,2.0,0.1,0.1,0.4,3.0,238.0,0.0,0.0,0.2815126050420168
19.0,9.0,3.0,0.1,0.1,0.4,3.0,237.0,0.0,0.0,0.28270042194092826
19.0,9.0,4.0,0.1,0.1,0.4,3.0,236.0,0.0,0.0,0.2838983050847458
19.0,9.0,5.0,0.1,0.1,0.4,3.0,236.0,0.0,0.0,0.2838983050847458
19.0,9.0,6.0,0.1,0.1,0.4,3.0,234.0,0.0,0.0,0.2863247863247863
19.0,9.0,7.0,0.1,0.1,0.4,3.0,236.0,0.0,0.0,0.2838983050847458
19.0,9.0,8.0,0.1,0.1,0.4,3.0,233.0,0.0,0.0,0.2832618025751073
19.0,9.0,9.0,0.1,0.1,0.4,3.0,233.0,0.0,0.0,0.2832618025751073
19.0,9.0,10.0,0.1,0.1,0.4,3.0,232.0,0.0,0.0,0.28448275862068967
19.0,9.0,11.0,0.1,0.1,0.4,3.0,233.0,0.0,0.0,0.2832618025751073
19.0,9.0,12.0,0.1,0.1,0.4,3.0,232.0,0.0,0.0,0.28448275862068967
19.0,9.0,13.0,0.1,0.1,0.4,3.0,233.0,0.0,0.0,0.2832618025751073
19.0,9.0,14.0,0.1,0.1,0.4,3.0,232.0,0.0,0.0,0.28448275862068967
19.0,9.0,15.0,0.1,0.1,0.4,3.0,232.0,0.0,0.0,0.28448275862068967
19.0,9.0,16.0,0.1,0.1,0.4,3.0,231.0,0.0,0.0,0.2857142857142857
19.0,9.0,17.0,0.1,0.1,0.4,3.0,232.0,0.0,0.0,0.28448275862068967
19.0,9.0,18.0,0.1,0.1,0.4,3.0,231.0,0.0,0.0,0.2857142857142857
19.0,9.0,19.0,0.1,0.1,0.4,3.0,232.0,0.0,0.0,0.28448275862068967
19.0,9.0,20.0,0.1,0.1,0.4,3.0,379.0,0.0,0.0,0.14511873350923482
19.0,9.0,21.0,0.1,0.1,0.4,3.0,377.0,0.0,0.0,0.14588859416445624
19.0,9.0,22.0,0.1,0.1,0.4,3.0,370.0,0.0,0.0,0.14864864864864866
19.0,9.0,23.0,0.1,0.1,0.4,3.0,365.0,0.0,0.0,0.1506849315068493
19.0,9.0,24.0,0.1,0.1,0.4,3.0,367.0,0.0,0.0,0.14986376021798364
19.0,9.0,25.0,0.1,0.1,0.4,3.0,365.0,0.0,0.0,0.1506849315068493
19.0,9.0,26.0,0.1,0.1,0.4,3.0,359.0,0.0,0.0,0.15041782729805014
19.0,9.0,27.0,0.1,0.1,0.4,3.0,332.0,0.0,0.0,0.15060240963855423
19.0,9.0,28.0,0.1,0.1,0.4,3.0,334.0,0.0,0.0,0.1497005988023952
19.0,9.0,29.0,0.1,0.1,0.4,3.0,332.0,0.0,0.0,0.15060240963855423
19.0,9.0,30.0,0.1,0.1,0.4,3.0,333.0,0.0,0.0,0.15015015015015015
19.0,9.0,31.0,0.1,0.1,0.4,3.0,331.0,0.0,0.0,0.1510574018126888
19.0,9.0,32.0,0.1,0.1,0.4,3.0,315.0,0.0,0.0,0.1492063492063492
19.0,9.0,33.0,0.1,0.1,0.4,3.0,303.0,0.0,0.0,0.14521452145214522
19.0,9.0,34.0,0.1,0.1,0.4,3.0,305.0,0.0,0.0,0.14426229508196722
19.0,9.0,35.0,0.1,0.1,0.4,3.0,285.0,0.0,0.0,0.14736842105263157
19.0,9.0,36.0,0.1,0.1,0.4,3.0,286.0,0.0,0.0,0.14685314685314685
19.0,9.0,37.0,0.1,0.1,0.4,3.0,285.0,0.0,0.0,0.14736842105263157
19.0,9.0,38.0,0.1,0.1,0.4,3.0,286.0,0.0,0.0,0.14685314685314685
19.0,9.0,39.0,0.1,0.1,0.4,3.0,285.0,0.0,0.0,0.14736842105263157
19.0,9.0,40.0,0.1,0.1,0.4,3.0,275.0,0.0,0.0,0.15272727272727274
19.0,9.0,41.0,0.1,0.1,0.4,3.0,273.0,0.0,0.0,0.15384615384615385
19.0,9.0,42.0,0.1,0.1,0.4,3.0,275.0,0.0,0.0,0.15272727272727274
19.0,9.0,43.0,0.1,0.1,0.4,3.0,273.0,0.0,0.0,0.15384615384615385
19.0,9.0,44.0,0.1,0.1,0.4,3.0,265.0,0.0,0.0,0.15849056603773584
19.0,9.0,45.0,0.1,0.1,0.4,3.0,263.0,0.0,0.0,0.20912547528517111
19.0,9.0,46.0,0.1,0.1,0.4,3.0,264.0,0.0,0.0,0.20833333333333334
19.0,9.0,47.0,0.1,0.1,0.4,3.0,263.0,0.0,0.0,0.20912547528517111
19.0,9.0,48.0,0.1,0.1,0.4,3.0,265.0,0.0,0.0,0.20754716981132076
19.0,9.0,49.0,0.1,0.1,0.4,3.0,257.0,0.0,0.0,0.2140077821011673
19.0,9.0,50.0,0.1,0.1,0.4,3.0,254.0,0.0,0.0,0.21653543307086615
19.0,9.0,51.0,0.1,0.1,0.4,3.0,254.0,0.0,0.0,0.21653543307086615
19.0,9.0,52.0,0.1,0.1,0.4,3.0,253.0,0.0,0.0,0.21739130434782608
19.0,10.0,1.0,0.1,0.1,0.4,3.0,251.0,0.0,0.0,0.21912350597609562
19.0,10.0,2.0,0.1,0.1,0.4,3.0,251.0,0.0,0.0,0.21912350597609562
19.0,10.0,3.0,0.1,0.1,0.4,3.0,246.0,0.0,0.0,0.22357723577235772
19.0,10.0,4.0,0.1,0.1,0.4,3.0,247.0,0.0,0.0,0.22267206477732793
19.0,10.0,5.0,0.1,0.1,0.4,3.0,243.0,0.0,0.0,0.22633744855967078
19.0,10.0,6.0,0.1,0.1,0.4,3.0,245.0,0.0,0.0,0.22448979591836735
19.0,10.0,7.0,0.1,0.1,0.4,3.0,243.0,0.0,0.0,0.22633744855967078
19.0,10.0,8.0,0.1,0.1,0.4,3.0,243.0,0.0,0.0,0.22633744855967078
19.0,10.0,9.0,0.1,0.1,0.4,3.0,242.0,0.0,0.0,0.22727272727272727
19.0,10.0,10.0,0.1,0.1,0.4,3.0,242.0,0.0,0.0,0.2231404958677686
19.0,10.0,11.0,0.1,0.1,0.4,3.0,241.0,0.0,0.0,0.22406639004149378
19.0,10.0,12.0,0.1,0.1,0.4,3.0,242.0,0.0,0.0,0.2231404958677686
19.0,10.0,13.0,0.1,0.1,0.4,3.0,241.0,0.0,0.0,0.22406639004149378
19.0,10.0,14.0,0.1,0.1,0.4,3.0,242.0,0.0,0.0,0.2231404958677686
19.0,10.0,15.0,0.1,0.1,0.4,3.0,241.0,0.0,0.0,0.22406639004149378
19.0,10.0,16.0,0.1,0.1,0.4,3.0,242.0,0.0,0.0,0.2231404958677686
19.0,10.0,17.0,0.1,0.1,0.4,3.0,241.0,0.0,0.0,0.22406639004149378
19.0,10.0,18.0,0.1,0.1,0.4,3.0,240.0,0.0,0.0,0.225
19.0,10.0,19.0,0.1,0.1,0.4,3.0,239.0,0.0,0.0,0.22594142259414227
19.0,10.0,20.0,0.1,0.1,0.4,3.0,446.0,0.0,0.0,0.10986547085201794
19.0,10.0,21.0,0.1,0.1,0.4,3.0,432.0,0.0,0.0,0.11342592592592593
19.0,10.0,22.0,0.1,0.1,0.4,3.0,424.0,0.0,0.0,0.11320754716981132
19.0,10.0,23.0,0.1,0.1,0.4,3.0,405.0,0.0,0.0,0.11358024691358025
19.0,10.0,24.0,0.1,0.1,0.4,3.0,387.0,0.0,0.0,0.11369509043927649
19.0,10.0,25.0,0.1,0.1,0.4,3.0,374.0,0.0,0.0,0.11764705882352941
19.0,10.0,26.0,0.1,0.1,0.4,3.0,340.0,0.0,0.0,0.12352941176470589
19.0,10.0,27.0,0.1,0.1,0.4,3.0,312.0,0.0,0.0,0.12179487179487179
19.0,10.0,28.0,0.1,0.1,0.4,3.0,308.0,0.0,0.0,0.12337662337662338
19.0,10.0,29.0,0.1,0.1,0.4,3.0,302.0,0.0,0.0,0.12251655629139073
19.0,10.0,30.0,0.1,0.1,0.4,3.0,286.0,0.0,0.0,0.12237762237762238
19.0,10.0,31.0,0.1,0.1,0.4,3.0,281.0,0.0,0.0,0.12099644128113879
19.0,10.0,32.0,0.1,0.1,0.4,3.0,260.0,0.0,0.0,0.12692307692307692
19.0,10.0,33.0,0.1,0.1,0.4,3.0,264.0,0.0,0.0,0.125
19.0,10.0,34.0,0.1,0.1,0.4,3.0,260.0,0.0,0.0,0.12692307692307692
19.0,10.0,35.0,0.1,0.1,0.4,3.0,264.0,0.0,0.0,0.125
19.0,10.0,36.0,0.1,0.1,0.4,3.0,250.0,0.0,0.0,0.132
19.0,10.0,37.0,0.1,0.1,0.4,3.0,254.0,0.0,0.0,0.12992125984251968
19.0,10.0,38.0,0.1,0.1,0.4,3.0,249.0,0.0,0.0,0.13253012048192772
19.0,10.0,39.0,0.1,0.1,0.4,3.0,253.0,0.0,0.0,0.13043478260869565
19.0,10.0,40.0,0.1,0.1,0.4,3.0,249.0,0.0,0.0,0.13253012048192772
19.0,10.0,41.0,0.1,0.1,0.4,3.0,253.0,0.0,0.0,0.13043478260869565
19.0,10.0,42.0,0.1,0.1,0.4,3.0,248.0,0.0,0.0,0.13306451612903225
19.0,10.0,43.0,0.1,0.1,0.4,3.0,236.0,0.0,0.0,0.13983050847457626
19.0,10.0,44.0,0.1,0.1,0.4,3.0,224.0,0.0,0.0,0.14732142857142858
19.0,10.0,45.0,0.1,0.1,0.4,3.0,228.0,0.0,0.0,0.21052631578947367
19.0,10.0,46.0,0.1,0.1,0.4,3.0,224.0,0.0,0.0,0.20982142857142858
19.0,10.0,47.0,0.1,0.1,0.4,3.0,228.0,0.0,0.0,0.21052631578947367
19.0,10.0,48.0,0.1,0.1,0.4,3.0,224.0,0.0,0.0,0.20982142857142858
19.0,10.0,49.0,0.1,0.1,0.4,3.0,219.0,0.0,0.0,0.2100456621004566
19.0,10.0,50.0,0.1,0.1,0.4,3.0,215.0,0.0,0.0,0.20930232558139536
19.0,10.0,51.0,0.1,0.1,0.4,3.0,218.0,0.0,0.0,0.21100917431192662
19.0,10.0,52.0,0.1,0.1,0.4,3.0,214.0,0.0,0.0,0.2102803738317757
20.0,1.0,1.0,0.1,0.1,0.4,3.0,5155.0,49.0,6.0,0.0962172647914646
20.0,1.0,2.0,0.1,0.1,0.4,3.0,5084.0,50.0,16.0,0.0967741935483871
20.0,1.0,3.0,0.1,0.1,0.4,3.0,4936.0,59.0,28.0,0.09501620745542949
20.0,1.0,4.0,0.1,0.1,0.4,3.0,4843.0,72.0,33.0,0.09456948172620276
20.0,1.0,5.0,0.1,0.1,0.4,3.0,4693.0,96.0,32.0,0.09482207543149371
20.0,1.0,6.0,0.1,0.1,0.4,3.0,4497.0,92.0,32.0,0.09695352457193684
20.0,1.0,7.0,0.1,0.1,0.4,3.0,4267.0,101.0,39.0,0.09561752988047809
20.0,1.0,8.0,0.1,0.1,0.4,3.0,4067.0,133.0,50.0,0.09687730513892304
20.0,1.0,9.0,0.1,0.1,0.4,3.0,3872.0,162.0,53.0,0.09478305785123967
20.0,1.0,10.0,0.1,0.1,0.4,3.0,3680.0,161.0,65.0,0.0953804347826087
20.0,1.0,11.0,0.1,0.1,0.4,3.0,3530.0,204.0,77.0,0.09461756373937677
20.0,1.0,12.0,0.1,0.1,0.4,3.0,3420.0,219.0,83.0,0.09707602339181287
20.0,1.0,13.0,0.1,0.1,0.4,3.0,3302.0,229.0,97.0,0.09479103573591763
20.0,1.0,14.0,0.1,0.1,0.4,3.0,3183.0,228.0,104.0,0.097392397109645
20.0,1.0,15.0,0.1,0.1,0.4,3.0,3097.0,234.0,114.0,0.09912818856958347
20.0,1.0,16.0,0.1,0.1,0.4,3.0,3011.0,222.0,110.0,0.10162736632348057
20.0,1.0,17.0,0.1,0.1,0.4,3.0,2911.0,216.0,107.0,0.1016832703538303
20.0,1.0,18.0,0.1,0.1,0.4,3.0,2748.0,213.0,103.0,0.1037117903930131
20.0,1.0,19.0,0.1,0.1,0.4,3.0,2641.0,214.0,97.0,0.10299129117758425
20.0,1.0,20.0,0.1,0.1,0.4,3.0,7113.0,202.0,93.0,0.03838043019822859
20.0,1.0,21.0,0.1,0.1,0.4,3.0,6373.0,246.0,91.0,0.037501961399654796
20.0,1.0,22.0,0.1,0.1,0.4,3.0,5806.0,324.0,108.0,0.04013089906992766
20.0,1.0,23.0,0.1,0.1,0.4,3.0,5432.0,374.0,122.0,0.04086892488954345
20.0,1.0,24.0,0.1,0.1,0.4,3.0,4879.0,405.0,133.0,0.043041606886657105
20.0,1.0,25.0,0.1,0.1,0.4,3.0,4444.0,434.0,162.0,0.04477947794779478
20.0,1.0,26.0,0.1,0.1,0.4,3.0,4069.0,438.0,170.0,0.04890636520029491
20.0,1.0,27.0,0.1,0.1,0.4,3.0,3828.0,434.0,182.0,0.04963427377220481
20.0,1.0,28.0,0.1,0.1,0.4,3.0,3584.0,439.0,186.0,0.05189732142857143
20.0,1.0,29.0,0.1,0.1,0.4,3.0,3274.0,403.0,179.0,0.05284056200366524
20.0,1.0,30.0,0.1,0.1,0.4,3.0,3028.0,391.0,193.0,0.05548216644649934
20.0,1.0,31.0,0.1,0.1,0.4,3.0,2794.0,384.0,185.0,0.05905511811023622
20.0,1.0,32.0,0.1,0.1,0.4,3.0,2605.0,348.0,157.0,0.06333973128598848
20.0,1.0,33.0,0.1,0.1,0.4,3.0,2415.0,337.0,153.0,0.0650103519668737
20.0,1.0,34.0,0.1,0.1,0.4,3.0,2330.0,358.0,165.0,0.06824034334763948
20.0,1.0,35.0,0.1,0.1,0.4,3.0,2125.0,358.0,167.0,0.06964705882352941
20.0,1.0,36.0,0.1,0.1,0.4,3.0,1950.0,342.0,141.0,0.07282051282051281
20.0,1.0,37.0,0.1,0.1,0.4,3.0,1822.0,314.0,138.0,0.07738748627881449
20.0,1.0,38.0,0.1,0.1,0.4,3.0,1670.0,270.0,135.0,0.08383233532934131
20.0,1.0,39.0,0.1,0.1,0.4,3.0,1534.0,276.0,121.0,0.08670143415906127
20.0,1.0,40.0,0.1,0.1,0.4,3.0,1454.0,255.0,118.0,0.09147180192572214
20.0,1.0,41.0,0.1,0.1,0.4,3.0,1354.0,232.0,109.0,0.09453471196454949
20.0,1.0,42.0,0.1,0.1,0.4,3.0,1319.0,238.0,121.0,0.09704321455648218
20.0,1.0,43.0,0.1,0.1,0.4,3.0,1236.0,212.0,106.0,0.10032362459546926
20.0,1.0,44.0,0.1,0.1,0.4,3.0,1158.0,189.0,95.0,0.10621761658031088
20.0,1.0,45.0,0.1,0.1,0.4,3.0,1104.0,181.0,106.0,0.19202898550724637
20.0,1.0,46.0,0.1,0.1,0.4,3.0,1030.0,161.0,86.0,0.1970873786407767
20.0,1.0,47.0,0.1,0.1,0.4,3.0,958.0,127.0,71.0,0.19832985386221294
20.0,1.0,48.0,0.1,0.1,0.4,3.0,922.0,118.0,59.0,0.20281995661605207
20.0,1.0,49.0,0.1,0.1,0.4,3.0,876.0,113.0,56.0,0.20319634703196346
20.0,1.0,50.0,0.1,0.1,0.4,3.0,851.0,103.0,53.0,0.20799059929494712
20.0,1.0,51.0,0.1,0.1,0.4,3.0,816.0,92.0,52.0,0.2107843137254902
20.0,1.0,52.0,0.1,0.1,0.4,3.0,794.0,86.0,51.0,0.2141057934508816
20.0,2.0,1.0,0.1,0.1,0.4,3.0,766.0,68.0,45.0,0.21671018276762402
20.0,2.0,2.0,0.1,0.1,0.4,3.0,725.0,55.0,33.0,0.2289655172413793
20.0,2.0,3.0,0.1,0.1,0.4,3.0,698.0,48.0,24.0,0.22492836676217765
20.0,2.0,4.0,0.1,0.1,0.4,3.0,684.0,41.0,19.0,0.2324561403508772
20.0,2.0,5.0,0.1,0.1,0.4,3.0,673.0,41.0,19.0,0.2288261515601783
20.0,2.0,6.0,0.1,0.1,0.4,3.0,667.0,36.0,23.0,0.2368815592203898
20.0,2.0,7.0,0.1,0.1,0.4,3.0,657.0,35.0,20.0,0.2343987823439878
20.0,2.0,8.0,0.1,0.1,0.4,3.0,641.0,30.0,19.0,0.23868954758190328
20.0,2.0,9.0,0.1,0.1,0.4,3.0,623.0,25.0,12.0,0.23595505617977527
20.0,2.0,10.0,0.1,0.1,0.4,3.0,599.0,23.0,12.0,0.24207011686143573
20.0,2.0,11.0,0.1,0.1,0.4,3.0,588.0,20.0,10.0,0.24149659863945577
20.0,2.0,12.0,0.1,0.1,0.4,3.0,582.0,21.0,13.0,0.2422680412371134
20.0,2.0,13.0,0.1,0.1,0.4,3.0,578.0,21.0,10.0,0.2422145328719723
20.0,2.0,14.0,0.1,0.1,0.4,3.0,557.0,17.0,10.0,0.2495511669658887
20.0,2.0,15.0,0.1,0.1,0.4,3.0,554.0,13.0,8.0,0.2509025270758123
20.0,2.0,16.0,0.1,0.1,0.4,3.0,544.0,14.0,9.0,0.25183823529411764
20.0,2.0,17.0,0.1,0.1,0.4,3.0,539.0,12.0,6.0,0.2504638218923933
20.0,2.0,18.0,0.1,0.1,0.4,3.0,531.0,10.0,5.0,0.2523540489642185
20.0,2.0,19.0,0.1,0.1,0.4,3.0,530.0,8.0,5.0,0.2509433962264151
20.0,2.0,20.0,0.1,0.1,0.4,3.0,961.0,8.0,4.0,0.13735691987513007
20.0,2.0,21.0,0.1,0.1,0.4,3.0,934.0,7.0,3.0,0.1381156316916488
20.0,2.0,22.0,0.1,0.1,0.4,3.0,897.0,7.0,3.0,0.13823857302118173
20.0,2.0,23.0,0.1,0.1,0.4,3.0,839.0,12.0,4.0,0.14183551847437426
20.0,2.0,24.0,0.1,0.1,0.4,3.0,820.0,11.0,3.0,0.14512195121951219
20.0,2.0,25.0,0.1,0.1,0.4,3.0,796.0,11.0,4.0,0.1444723618090452
20.0,2.0,26.0,0.1,0.1,0.4,3.0,745.0,4.0,3.0,0.15167785234899328
20.0,2.0,27.0,0.1,0.1,0.4,3.0,725.0,4.0,4.0,0.15172413793103448
20.0,2.0,28.0,0.1,0.1,0.4,3.0,725.0,3.0,2.0,0.15586206896551724
20.0,2.0,29.0,0.1,0.1,0.4,3.0,675.0,1.0,0.0,0.15259259259259259
20.0,2.0,30.0,0.1,0.1,0.4,3.0,667.0,1.0,0.0,0.15892053973013492
20.0,2.0,31.0,0.1,0.1,0.4,3.0,643.0,1.0,0.0,0.15552099533437014
20.0,2.0,32.0,0.1,0.1,0.4,3.0,625.0,1.0,1.0,0.1552
20.0,2.0,33.0,0.1,0.1,0.4,3.0,590.0,2.0,1.0,0.15593220338983052
20.0,2.0,34.0,0.1,0.1,0.4,3.0,591.0,3.0,1.0,0.15736040609137056
20.0,2.0,35.0,0.1,0.1,0.4,3.0,555.0,3.0,0.0,0.15315315315315314
20.0,2.0,36.0,0.1,0.1,0.4,3.0,552.0,3.0,1.0,0.15942028985507245
20.0,2.0,37.0,0.1,0.1,0.4,3.0,534.0,4.0,1.0,0.15730337078651685
20.0,2.0,38.0,0.1,0.1,0.4,3.0,544.0,4.0,2.0,0.15625
20.0,2.0,39.0,0.1,0.1,0.4,3.0,521.0,4.0,3.0,0.15547024952015356
20.0,2.0,40.0,0.1,0.1,0.4,3.0,536.0,3.0,2.0,0.15671641791044777
20.0,2.0,41.0,0.1,0.1,0.4,3.0,504.0,3.0,1.0,0.16071428571428573
20.0,2.0,42.0,0.1,0.1,0.4,3.0,491.0,2.0,1.0,0.1629327902240326
20.0,2.0,43.0,0.1,0.1,0.4,3.0,469.0,4.0,1.0,0.16417910447761194
20.0,2.0,44.0,0.1,0.1,0.4,3.0,464.0,4.0,2.0,0.16810344827586207
20.0,2.0,45.0,0.1,0.1,0.4,3.0,438.0,3.0,1.0,0.2237442922374429
20.0,2.0,46.0,0.1,0.1,0.4,3.0,448.0,5.0,1.0,0.22991071428571427
20.0,2.0,47.0,0.1,0.1,0.4,3.0,415.0,2.0,2.0,0.23132530120481928
20.0,2.0,48.0,0.1,0.1,0.4,3.0,431.0,2.0,2.0,0.23433874709976799
20.0,2.0,49.0,0.1,0.1,0.4,3.0,420.0,2.0,2.0,0.23333333333333334
20.0,2.0,50.0,0.1,0.1,0.4,3.0,415.0,0.0,0.0,0.236144578313253
20.0,2.0,51.0,0.1,0.1,0.4,3.0,401.0,0.0,0.0,0.22942643391521197
20.0,2.0,52.0,0.1,0.1,0.4,3.0,409.0,0.0,0.0,0.23227383863080683
20.0,3.0,1.0,0.1,0.1,0.4,3.0,394.0,0.0,0.0,0.23096446700507614
20.0,3.0,2.0,0.1,0.1,0.4,3.0,404.0,0.0,0.0,0.23267326732673269
20.0,3.0,3.0,0.1,0.1,0.4,3.0,388.0,0.0,0.0,0.2268041237113402
20.0,3.0,4.0,0.1,0.1,0.4,3.0,395.0,0.0,0.0,0.23037974683544304
20.0,3.0,5.0,0.1,0.1,0.4,3.0,380.0,0.0,0.0,0.22631578947368422
20.0,3.0,6.0,0.1,0.1,0.4,3.0,390.0,0.0,0.0,0.2282051282051282
20.0,3.0,7.0,0.1,0.1,0.4,3.0,372.0,0.0,0.0,0.22311827956989247
20.0,3.0,8.0,0.1,0.1,0.4,3.0,384.0,0.0,0.0,0.22395833333333334
20.0,3.0,9.0,0.1,0.1,0.4,3.0,366.0,0.0,0.0,0.2185792349726776
20.0,3.0,10.0,0.1,0.1,0.4,3.0,381.0,0.0,0.0,0.22572178477690288
20.0,3.0,11.0,0.1,0.1,0.4,3.0,365.0,0.0,0.0,0.21643835616438356
20.0,3.0,12.0,0.1,0.1,0.4,3.0,375.0,0.0,0.0,0.22133333333333333
20.0,3.0,13.0,0.1,0.1,0.4,3.0,360.0,0.0,0.0,0.21388888888888888
20.0,3.0,14.0,0.1,0.1,0.4,3.0,369.0,0.0,0.0,0.21680216802168023
20.0,3.0,15.0,0.1,0.1,0.4,3.0,355.0,0.0,0.0,0.2140845070422535
20.0,3.0,16.0,0.1,0.1,0.4,3.0,367.0,0.0,0.0,0.21798365122615804
20.0,3.0,17.0,0.1,0.1,0.4,3.0,353.0,0.0,0.0,0.21246458923512748
20.0,3.0,18.0,0.1,0.1,0.4,3.0,362.0,0.0,0.0,0.21823204419889503
20.0,3.0,19.0,0.1,0.1,0.4,3.0,352.0,0.0,0.0,0.21022727272727273
20.0,3.0,20.0,0.1,0.1,0.4,3.0,680.0,0.0,0.0,0.11470588235294117
20.0,3.0,21.0,0.1,0.1,0.4,3.0,627.0,0.0,0.0,0.11323763955342903
20.0,3.0,22.0,0.1,0.1,0.4,3.0,615.0,0.0,0.0,0.11707317073170732
20.0,3.0,23.0,0.1,0.1,0.4,3.0,548.0,0.0,0.0,0.11861313868613138
20.0,3.0,24.0,0.1,0.1,0.4,3.0,551.0,0.0,0.0,0.12159709618874773
20.0,3.0,25.0,0.1,0.1,0.4,3.0,506.0,0.0,0.0,0.12450592885375494
20.0,3.0,26.0,0.1,0.1,0.4,3.0,525.0,0.0,0.0,0.12571428571428572
20.0,3.0,27.0,0.1,0.1,0.4,3.0,501.0,0.0,0.0,0.12375249500998003
20.0,3.0,28.0,0.1,0.1,0.4,3.0,519.0,0.0,0.0,0.12716763005780346
20.0,3.0,29.0,0.1,0.1,0.4,3.0,503.0,0.0,0.0,0.1272365805168986
20.0,3.0,30.0,0.1,0.1,0.4,3.0,489.0,0.0,0.0,0.12474437627811862
20.0,3.0,31.0,0.1,0.1,0.4,3.0,459.0,0.0,0.0,0.12854030501089325
20.0,3.0,32.0,0.1,0.1,0.4,3.0,464.0,0.0,0.0,0.1271551724137931
20.0,3.0,33.0,0.1,0.1,0.4,3.0,450.0,0.0,0.0,0.13111111111111112
20.0,3.0,34.0,0.1,0.1,0.4,3.0,451.0,0.0,0.0,0.1286031042128603
20.0,3.0,35.0,0.1,0.1,0.4,3.0,412.0,0.0,0.0,0.12864077669902912
20.0,3.0,36.0,0.1,0.1,0.4,3.0,424.0,0.0,0.0,0.125
20.0,3.0,37.0,0.1,0.1,0.4,3.0,406.0,0.0,0.0,0.12561576354679804
20.0,3.0,38.0,0.1,0.1,0.4,3.0,398.0,0.0,0.0,0.12060301507537688
20.0,3.0,39.0,0.1,0.1,0.4,3.0,384.0,0.0,0.0,0.12760416666666666
20.0,3.0,40.0,0.1,0.1,0.4,3.0,375.0,0.0,0.0,0.12266666666666666
20.0,3.0,41.0,0.1,0.1,0.4,3.0,365.0,0.0,0.0,0.12602739726027398
20.0,3.0,42.0,0.1,0.1,0.4,3.0,376.0,0.0,0.0,0.12234042553191489
20.0,3.0,43.0,0.1,0.1,0.4,3.0,360.0,0.0,0.0,0.125
20.0,3.0,44.0,0.1,0.1,0.4,3.0,364.0,0.0,0.0,0.12362637362637363
20.0,3.0,45.0,0.1,0.1,0.4,3.0,331.0,0.0,0.0,0.20241691842900303
20.0,3.0,46.0,0.1,0.1,0.4,3.0,329.0,0.0,0.0,0.20364741641337386
20.0,3.0,47.0,0.1,0.1,0.4,3.0,329.0,0.0,0.0,0.2066869300911854
20.0,3.0,48.0,0.1,0.1,0.4,3.0,325.0,0.0,0.0,0.20923076923076922
20.0,3.0,49.0,0.1,0.1,0.4,3.0,313.0,0.0,0.0,0.2108626198083067
20.0,3.0,50.0,0.1,0.1,0.4,3.0,303.0,0.0,0.0,0.20132013201320131
20.0,3.0,51.0,0.1,0.1,0.4,3.0,301.0,0.0,0.0,0.2026578073089701
20.0,3.0,52.0,0.1,0.1,0.4,3.0,297.0,0.0,0.0,0.20202020202020202
20.0,4.0,1.0,0.1,0.1,0.4,3.0,282.0,0.0,0.0,0.20212765957446807
20.0,4.0,2.0,0.1,0.1,0.4,3.0,280.0,0.0,0.0,0.20357142857142857
20.0,4.0,3.0,0.1,0.1,0.4,3.0,283.0,0.0,0.0,0.2049469964664311
20.0,4.0,4.0,0.1,0.1,0.4,3.0,277.0,0.0,0.0,0.20577617328519857
20.0,4.0,5.0,0.1,0.1,0.4,3.0,277.0,0.0,0.0,0.20577617328519857
20.0,4.0,6.0,0.1,0.1,0.4,3.0,271.0,0.0,0.0,0.21033210332103322
20.0,4.0,7.0,0.1,0.1,0.4,3.0,271.0,0.0,0.0,0.21033210332103322
20.0,4.0,8.0,0.1,0.1,0.4,3.0,269.0,0.0,0.0,0.21189591078066913
20.0,4.0,9.0,0.1,0.1,0.4,3.0,273.0,0.0,0.0,0.20512820512820512
20.0,4.0,10.0,0.1,0.1,0.4,3.0,269.0,0.0,0.0,0.20817843866171004
20.0,4.0,11.0,0.1,0.1,0.4,3.0,271.0,0.0,0.0,0.2029520295202952
20.0,4.0,12.0,0.1,0.1,0.4,3.0,269.0,0.0,0.0,0.20446096654275092
20.0,4.0,13.0,0.1,0.1,0.4,3.0,271.0,0.0,0.0,0.2029520295202952
20.0,4.0,14.0,0.1,0.1,0.4,3.0,269.0,0.0,0.0,0.20446096654275092
20.0,4.0,15.0,0.1,0.1,0.4,3.0,270.0,0.0,0.0,0.2037037037037037
20.0,4.0,16.0,0.1,0.1,0.4,3.0,266.0,0.0,0.0,0.20676691729323307
20.0,4.0,17.0,0.1,0.1,0.4,3.0,268.0,0.0,0.0,0.20149253731343283
20.0,4.0,18.0,0.1,0.1,0.4,3.0,266.0,0.0,0.0,0.20676691729323307
20.0,4.0,19.0,0.1,0.1,0.4,3.0,261.0,0.0,0.0,0.20689655172413793
20.0,4.0,20.0,0.1,0.1,0.4,3.0,519.0,0.0,0.0,0.10211946050096339
20.0,4.0,21.0,0.1,0.1,0.4,3.0,510.0,0.0,0.0,0.10588235294117647
20.0,4.0,22.0,0.1,0.1,0.4,3.0,456.0,0.0,0.0,0.10964912280701754
20.0,4.0,23.0,0.1,0.1,0.4,3.0,434.0,0.0,0.0,0.1175115207373272
20.0,4.0,24.0,0.1,0.1,0.4,3.0,431.0,0.0,0.0,0.1136890951276102
20.0,4.0,25.0,0.1,0.1,0.4,3.0,432.0,0.0,0.0,0.11574074074074074
20.0,4.0,26.0,0.1,0.1,0.4,3.0,421.0,0.0,0.0,0.11401425178147269
20.0,4.0,27.0,0.1,0.1,0.4,3.0,388.0,0.0,0.0,0.11855670103092783
20.0,4.0,28.0,0.1,0.1,0.4,3.0,377.0,0.0,0.0,0.11936339522546419
20.0,4.0,29.0,0.1,0.1,0.4,3.0,386.0,0.0,0.0,0.12176165803108809
20.0,4.0,30.0,0.1,0.1,0.4,3.0,376.0,0.0,0.0,0.12234042553191489
20.0,4.0,31.0,0.1,0.1,0.4,3.0,368.0,0.0,0.0,0.125
20.0,4.0,32.0,0.1,0.1,0.4,3.0,368.0,0.0,0.0,0.12228260869565218
20.0,4.0,33.0,0.1,0.1,0.4,3.0,348.0,0.0,0.0,0.13218390804597702
20.0,4.0,34.0,0.1,0.1,0.4,3.0,333.0,0.0,0.0,0.13513513513513514
20.0,4.0,35.0,0.1,0.1,0.4,3.0,328.0,0.0,0.0,0.125
20.0,4.0,36.0,0.1,0.1,0.4,3.0,322.0,0.0,0.0,0.12422360248447205
20.0,4.0,37.0,0.1,0.1,0.4,3.0,328.0,0.0,0.0,0.125
20.0,4.0,38.0,0.1,0.1,0.4,3.0,323.0,0.0,0.0,0.1238390092879257
20.0,4.0,39.0,0.1,0.1,0.4,3.0,308.0,0.0,0.0,0.1266233766233766
20.0,4.0,40.0,0.1,0.1,0.4,3.0,299.0,0.0,0.0,0.12374581939799331
20.0,4.0,41.0,0.1,0.1,0.4,3.0,299.0,0.0,0.0,0.12040133779264214
20.0,4.0,42.0,0.1,0.1,0.4,3.0,298.0,0.0,0.0,0.12080536912751678
20.0,4.0,43.0,0.1,0.1,0.4,3.0,289.0,0.0,0.0,0.1245674740484429
20.0,4.0,44.0,0.1,0.1,0.4,3.0,285.0,0.0,0.0,0.12631578947368421
20.0,4.0,45.0,0.1,0.1,0.4,3.0,284.0,0.0,0.0,0.2112676056338028
20.0,4.0,46.0,0.1,0.1,0.4,3.0,284.0,0.0,0.0,0.20774647887323944
20.0,4.0,47.0,0.1,0.1,0.4,3.0,280.0,0.0,0.0,0.20714285714285716
20.0,4.0,48.0,0.1,0.1,0.4,3.0,277.0,0.0,0.0,0.20577617328519857
20.0,4.0,49.0,0.1,0.1,0.4,3.0,271.0,0.0,0.0,0.2066420664206642
20.0,4.0,50.0,0.1,0.1,0.4,3.0,252.0,0.0,0.0,0.21031746031746032
20.0,4.0,51.0,0.1,0.1,0.4,3.0,252.0,0.0,0.0,0.21031746031746032
20.0,4.0,52.0,0.1,0.1,0.4,3.0,247.0,0.0,0.0,0.21052631578947367
20.0,5.0,1.0,0.1,0.1,0.4,3.0,252.0,0.0,0.0,0.21031746031746032
20.0,5.0,2.0,0.1,0.1,0.4,3.0,246.0,0.0,0.0,0.22357723577235772
20.0,5.0,3.0,0.1,0.1,0.4,3.0,251.0,0.0,0.0,0.2151394422310757
20.0,5.0,4.0,0.1,0.1,0.4,3.0,244.0,0.0,0.0,0.22131147540983606
20.0,5.0,5.0,0.1,0.1,0.4,3.0,249.0,0.0,0.0,0.21686746987951808
20.0,5.0,6.0,0.1,0.1,0.4,3.0,242.0,0.0,0.0,0.2231404958677686
20.0,5.0,7.0,0.1,0.1,0.4,3.0,243.0,0.0,0.0,0.23045267489711935
20.0,5.0,8.0,0.1,0.1,0.4,3.0,235.0,0.0,0.0,0.23829787234042554
20.0,5.0,9.0,0.1,0.1,0.4,3.0,239.0,0.0,0.0,0.2301255230125523
20.0,5.0,10.0,0.1,0.1,0.4,3.0,234.0,0.0,0.0,0.23504273504273504
20.0,5.0,11.0,0.1,0.1,0.4,3.0,239.0,0.0,0.0,0.2301255230125523
20.0,5.0,12.0,0.1,0.1,0.4,3.0,235.0,0.0,0.0,0.23404255319148937
20.0,5.0,13.0,0.1,0.1,0.4,3.0,239.0,0.0,0.0,0.2301255230125523
20.0,5.0,14.0,0.1,0.1,0.4,3.0,233.0,0.0,0.0,0.23605150214592274
20.0,5.0,15.0,0.1,0.1,0.4,3.0,236.0,0.0,0.0,0.2330508474576271
20.0,5.0,16.0,0.1,0.1,0.4,3.0,230.0,0.0,0.0,0.2391304347826087
20.0,5.0,17.0,0.1,0.1,0.4,3.0,234.0,0.0,0.0,0.23504273504273504
20.0,5.0,18.0,0.1,0.1,0.4,3.0,229.0,0.0,0.0,0.23580786026200873
20.0,5.0,19.0,0.1,0.1,0.4,3.0,235.0,0.0,0.0,0.23404255319148937
20.0,5.0,20.0,0.1,0.1,0.4,3.0,416.0,0.0,0.0,0.12980769230769232
20.0,5.0,21.0,0.1,0.1,0.4,3.0,422.0,0.0,0.0,0.12796208530805686
20.0,5.0,22.0,0.1,0.1,0.4,3.0,394.0,0.0,0.0,0.12944162436548223
20.0,5.0,23.0,0.1,0.1,0.4,3.0,365.0,0.0,0.0,0.13150684931506848
20.0,5.0,24.0,0.1,0.1,0.4,3.0,351.0,0.0,0.0,0.1339031339031339
20.0,5.0,25.0,0.1,0.1,0.4,3.0,351.0,0.0,0.0,0.1282051282051282
20.0,5.0,26.0,0.1,0.1,0.4,3.0,316.0,0.0,0.0,0.1360759493670886
20.0,5.0,27.0,0.1,0.1,0.4,3.0,318.0,0.0,0.0,0.1320754716981132
20.0,5.0,28.0,0.1,0.1,0.4,3.0,314.0,0.0,0.0,0.1337579617834395
20.0,5.0,29.0,0.1,0.1,0.4,3.0,315.0,0.0,0.0,0.13333333333333333
20.0,5.0,30.0,0.1,0.1,0.4,3.0,305.0,0.0,0.0,0.13442622950819672
20.0,5.0,31.0,0.1,0.1,0.4,3.0,295.0,0.0,0.0,0.13559322033898305
20.0,5.0,32.0,0.1,0.1,0.4,3.0,293.0,0.0,0.0,0.13993174061433447
20.0,5.0,33.0,0.1,0.1,0.4,3.0,287.0,0.0,0.0,0.13240418118466898
20.0,5.0,34.0,0.1,0.1,0.4,3.0,285.0,0.0,0.0,0.13333333333333333
20.0,5.0,35.0,0.1,0.1,0.4,3.0,276.0,0.0,0.0,0.13768115942028986
20.0,5.0,36.0,0.1,0.1,0.4,3.0,266.0,0.0,0.0,0.13909774436090225
20.0,5.0,37.0,0.1,0.1,0.4,3.0,268.0,0.0,0.0,0.13805970149253732
20.0,5.0,38.0,0.1,0.1,0.4,3.0,268.0,0.0,0.0,0.1417910447761194
20.0,5.0,39.0,0.1,0.1,0.4,3.0,267.0,0.0,0.0,0.14232209737827714
20.0,5.0,40.0,0.1,0.1,0.4,3.0,267.0,0.0,0.0,0.13857677902621723
20.0,5.0,41.0,0.1,0.1,0.4,3.0,268.0,0.0,0.0,0.1417910447761194
20.0,5.0,42.0,0.1,0.1,0.4,3.0,267.0,0.0,0.0,0.14232209737827714
20.0,5.0,43.0,0.1,0.1,0.4,3.0,268.0,0.0,0.0,0.1417910447761194
20.0,5.0,44.0,0.1,0.1,0.4,3.0,265.0,0.0,0.0,0.14339622641509434
20.0,5.0,45.0,0.1,0.1,0.4,3.0,268.0,0.0,0.0,0.20149253731343283
20.0,5.0,46.0,0.1,0.1,0.4,3.0,265.0,0.0,0.0,0.2
20.0,5.0,47.0,0.1,0.1,0.4,3.0,266.0,0.0,0.0,0.19924812030075187
20.0,5.0,48.0,0.1,0.1,0.4,3.0,256.0,0.0,0.0,0.19921875
20.0,5.0,49.0,0.1,0.1,0.4,3.0,257.0,0.0,0.0,0.20233463035019456
20.0,5.0,50.0,0.1,0.1,0.4,3.0,242.0,0.0,0.0,0.2024793388429752
20.0,5.0,51.0,0.1,0.1,0.4,3.0,248.0,0.0,0.0,0.20161290322580644
20.0,5.0,52.0,0.1,0.1,0.4,3.0,243.0,0.0,0.0,0.20164609053497942
20.0,6.0,1.0,0.1,0.1,0.4,3.0,248.0,0.0,0.0,0.20161290322580644
20.0,6.0,2.0,0.1,0.1,0.4,3.0,244.0,0.0,0.0,0.20081967213114754
20.0,6.0,3.0,0.1,0.1,0.4,3.0,248.0,0.0,0.0,0.20161290322580644
20.0,6.0,4.0,0.1,0.1,0.4,3.0,241.0,0.0,0.0,0.1991701244813278
20.0,6.0,5.0,0.1,0.1,0.4,3.0,246.0,0.0,0.0,0.1991869918699187
20.0,6.0,6.0,0.1,0.1,0.4,3.0,239.0,0.0,0.0,0.200836820083682
20.0,6.0,7.0,0.1,0.1,0.4,3.0,237.0,0.0,0.0,0.20253164556962025
20.0,6.0,8.0,0.1,0.1,0.4,3.0,231.0,0.0,0.0,0.20346320346320346
20.0,6.0,9.0,0.1,0.1,0.4,3.0,235.0,0.0,0.0,0.20425531914893616
20.0,6.0,10.0,0.1,0.1,0.4,3.0,231.0,0.0,0.0,0.20346320346320346
20.0,6.0,11.0,0.1,0.1,0.4,3.0,233.0,0.0,0.0,0.20600858369098712
20.0,6.0,12.0,0.1,0.1,0.4,3.0,229.0,0.0,0.0,0.2052401746724891
20.0,6.0,13.0,0.1,0.1,0.4,3.0,233.0,0.0,0.0,0.2017167381974249
20.0,6.0,14.0,0.1,0.1,0.4,3.0,229.0,0.0,0.0,0.20087336244541484
20.0,6.0,15.0,0.1,0.1,0.4,3.0,232.0,0.0,0.0,0.2025862068965517
20.0,6.0,16.0,0.1,0.1,0.4,3.0,230.0,0.0,0.0,0.2
20.0,6.0,17.0,0.1,0.1,0.4,3.0,235.0,0.0,0.0,0.2
20.0,6.0,18.0,0.1,0.1,0.4,3.0,231.0,0.0,0.0,0.19913419913419914
20.0,6.0,19.0,0.1,0.1,0.4,3.0,231.0,0.0,0.0,0.19913419913419914
20.0,6.0,20.0,0.1,0.1,0.4,3.0,406.0,0.0,0.0,0.11330049261083744
20.0,6.0,21.0,0.1,0.1,0.4,3.0,385.0,0.0,0.0,0.11948051948051948
20.0,6.0,22.0,0.1,0.1,0.4,3.0,367.0,0.0,0.0,0.1226158038147139
20.0,6.0,23.0,0.1,0.1,0.4,3.0,353.0,0.0,0.0,0.1274787535410765
20.0,6.0,24.0,0.1,0.1,0.4,3.0,342.0,0.0,0.0,0.1286549707602339
20.0,6.0,25.0,0.1,0.1,0.4,3.0,342.0,0.0,0.0,0.1286549707602339
20.0,6.0,26.0,0.1,0.1,0.4,3.0,330.0,0.0,0.0,0.1303030303030303
20.0,6.0,27.0,0.1,0.1,0.4,3.0,331.0,0.0,0.0,0.1299093655589124
20.0,6.0,28.0,0.1,0.1,0.4,3.0,328.0,0.0,0.0,0.12804878048780488
20.0,6.0,29.0,0.1,0.1,0.4,3.0,336.0,0.0,0.0,0.125
20.0,6.0,30.0,0.1,0.1,0.4,3.0,323.0,0.0,0.0,0.12693498452012383
20.0,6.0,31.0,0.1,0.1,0.4,3.0,318.0,0.0,0.0,0.12578616352201258
20.0,6.0,32.0,0.1,0.1,0.4,3.0,308.0,0.0,0.0,0.1266233766233766
20.0,6.0,33.0,0.1,0.1,0.4,3.0,311.0,0.0,0.0,0.12861736334405144
20.0,6.0,34.0,0.1,0.1,0.4,3.0,301.0,0.0,0.0,0.132890365448505
20.0,6.0,35.0,0.1,0.1,0.4,3.0,303.0,0.0,0.0,0.132013201320132
20.0,6.0,36.0,0.1,0.1,0.4,3.0,301.0,0.0,0.0,0.132890365448505
20.0,6.0,37.0,0.1,0.1,0.4,3.0,289.0,0.0,0.0,0.1314878892733564
20.0,6.0,38.0,0.1,0.1,0.4,3.0,288.0,0.0,0.0,0.13194444444444445
20.0,6.0,39.0,0.1,0.1,0.4,3.0,290.0,0.0,0.0,0.1310344827586207
20.0,6.0,40.0,0.1,0.1,0.4,3.0,278.0,0.0,0.0,0.12949640287769784
20.0,6.0,41.0,0.1,0.1,0.4,3.0,269.0,0.0,0.0,0.12639405204460966
20.0,6.0,42.0,0.1,0.1,0.4,3.0,268.0,0.0,0.0,0.12686567164179105
20.0,6.0,43.0,0.1,0.1,0.4,3.0,269.0,0.0,0.0,0.13011152416356878
20.0,6.0,44.0,0.1,0.1,0.4,3.0,259.0,0.0,0.0,0.13127413127413126
20.0,6.0,45.0,0.1,0.1,0.4,3.0,249.0,0.0,0.0,0.20883534136546184
20.0,6.0,46.0,0.1,0.1,0.4,3.0,249.0,0.0,0.0,0.21285140562248997
20.0,6.0,47.0,0.1,0.1,0.4,3.0,248.0,0.0,0.0,0.20967741935483872
20.0,6.0,48.0,0.1,0.1,0.4,3.0,247.0,0.0,0.0,0.21052631578947367
20.0,6.0,49.0,0.1,0.1,0.4,3.0,243.0,0.0,0.0,0.21810699588477367
20.0,6.0,50.0,0.1,0.1,0.4,3.0,246.0,0.0,0.0,0.21138211382113822
20.0,6.0,51.0,0.1,0.1,0.4,3.0,248.0,0.0,0.0,0.21370967741935484
20.0,6.0,52.0,0.1,0.1,0.4,3.0,243.0,0.0,0.0,0.205761316872428
20.0,7.0,1.0,0.1,0.1,0.4,3.0,244.0,0.0,0.0,0.20901639344262296
20.0,7.0,2.0,0.1,0.1,0.4,3.0,243.0,0.0,0.0,0.205761316872428
20.0,7.0,3.0,0.1,0.1,0.4,3.0,245.0,0.0,0.0,0.20816326530612245
20.0,7.0,4.0,0.1,0.1,0.4,3.0,243.0,0.0,0.0,0.205761316872428
20.0,7.0,5.0,0.1,0.1,0.4,3.0,244.0,0.0,0.0,0.20901639344262296
20.0,7.0,6.0,0.1,0.1,0.4,3.0,242.0,0.0,0.0,0.2024793388429752
20.0,7.0,7.0,0.1,0.1,0.4,3.0,245.0,0.0,0.0,0.20816326530612245
20.0,7.0,8.0,0.1,0.1,0.4,3.0,243.0,0.0,0.0,0.205761316872428
20.0,7.0,9.0,0.1,0.1,0.4,3.0,237.0,0.0,0.0,0.21518987341772153
20.0,7.0,10.0,0.1,0.1,0.4,3.0,234.0,0.0,0.0,0.2094017094017094
20.0,7.0,11.0,0.1,0.1,0.4,3.0,237.0,0.0,0.0,0.21518987341772153
20.0,7.0,12.0,0.1,0.1,0.4,3.0,234.0,0.0,0.0,0.2094017094017094
20.0,7.0,13.0,0.1,0.1,0.4,3.0,235.0,0.0,0.0,0.2127659574468085
20.0,7.0,14.0,0.1,0.1,0.4,3.0,233.0,0.0,0.0,0.20600858369098712
20.0,7.0,15.0,0.1,0.1,0.4,3.0,235.0,0.0,0.0,0.20851063829787234
20.0,7.0,16.0,0.1,0.1,0.4,3.0,232.0,0.0,0.0,0.20689655172413793
20.0,7.0,17.0,0.1,0.1,0.4,3.0,231.0,0.0,0.0,0.19913419913419914
20.0,7.0,18.0,0.1,0.1,0.4,3.0,228.0,0.0,0.0,0.19736842105263158
20.0,7.0,19.0,0.1,0.1,0.4,3.0,226.0,0.0,0.0,0.20353982300884957
20.0,7.0,20.0,0.1,0.1,0.4,3.0,423.0,0.0,0.0,0.10638297872340426
20.0,7.0,21.0,0.1,0.1,0.4,3.0,415.0,0.0,0.0,0.1108433734939759
20.0,7.0,22.0,0.1,0.1,0.4,3.0,401.0,0.0,0.0,0.10972568578553615
20.0,7.0,23.0,0.1,0.1,0.4,3.0,396.0,0.0,0.0,0.1111111111111111
20.0,7.0,24.0,0.1,0.1,0.4,3.0,381.0,0.0,0.0,0.10761154855643044
20.0,7.0,25.0,0.1,0.1,0.4,3.0,365.0,0.0,0.0,0.11506849315068493
20.0,7.0,26.0,0.1,0.1,0.4,3.0,357.0,0.0,0.0,0.11484593837535013
20.0,7.0,27.0,0.1,0.1,0.4,3.0,352.0,0.0,0.0,0.11931818181818182
20.0,7.0,28.0,0.1,0.1,0.4,3.0,346.0,0.0,0.0,0.11560693641618497
20.0,7.0,29.0,0.1,0.1,0.4,3.0,353.0,0.0,0.0,0.11898016997167139
20.0,7.0,30.0,0.1,0.1,0.4,3.0,336.0,0.0,0.0,0.12202380952380952
20.0,7.0,31.0,0.1,0.1,0.4,3.0,344.0,0.0,0.0,0.12209302325581395
20.0,7.0,32.0,0.1,0.1,0.4,3.0,336.0,0.0,0.0,0.12202380952380952
20.0,7.0,33.0,0.1,0.1,0.4,3.0,343.0,0.0,0.0,0.12244897959183673
20.0,7.0,34.0,0.1,0.1,0.4,3.0,328.0,0.0,0.0,0.125
20.0,7.0,35.0,0.1,0.1,0.4,3.0,335.0,0.0,0.0,0.1253731343283582
20.0,7.0,36.0,0.1,0.1,0.4,3.0,328.0,0.0,0.0,0.12195121951219512
20.0,7.0,37.0,0.1,0.1,0.4,3.0,335.0,0.0,0.0,0.1253731343283582
20.0,7.0,38.0,0.1,0.1,0.4,3.0,327.0,0.0,0.0,0.12232415902140673
20.0,7.0,39.0,0.1,0.1,0.4,3.0,324.0,0.0,0.0,0.12345679012345678
20.0,7.0,40.0,0.1,0.1,0.4,3.0,290.0,0.0,0.0,0.13448275862068965
20.0,7.0,41.0,0.1,0.1,0.4,3.0,294.0,0.0,0.0,0.1326530612244898
20.0,7.0,42.0,0.1,0.1,0.4,3.0,277.0,0.0,0.0,0.1299638989169675
20.0,7.0,43.0,0.1,0.1,0.4,3.0,284.0,0.0,0.0,0.13028169014084506
20.0,7.0,44.0,0.1,0.1,0.4,3.0,276.0,0.0,0.0,0.13043478260869565
20.0,7.0,45.0,0.1,0.1,0.4,3.0,281.0,0.0,0.0,0.17437722419928825
20.0,7.0,46.0,0.1,0.1,0.4,3.0,278.0,0.0,0.0,0.17266187050359713
20.0,7.0,47.0,0.1,0.1,0.4,3.0,280.0,0.0,0.0,0.175
20.0,7.0,48.0,0.1,0.1,0.4,3.0,275.0,0.0,0.0,0.17454545454545456
20.0,7.0,49.0,0.1,0.1,0.4,3.0,282.0,0.0,0.0,0.1773049645390071
20.0,7.0,50.0,0.1,0.1,0.4,3.0,279.0,0.0,0.0,0.17562724014336917
20.0,7.0,51.0,0.1,0.1,0.4,3.0,278.0,0.0,0.0,0.18345323741007194
20.0,7.0,52.0,0.1,0.1,0.4,3.0,272.0,0.0,0.0,0.17279411764705882
20.0,8.0,1.0,0.1,0.1,0.4,3.0,272.0,0.0,0.0,0.1801470588235294
20.0,8.0,2.0,0.1,0.1,0.4,3.0,269.0,0.0,0.0,0.17472118959107807
20.0,8.0,3.0,0.1,0.1,0.4,3.0,266.0,0.0,0.0,0.17293233082706766
20.0,8.0,4.0,0.1,0.1,0.4,3.0,265.0,0.0,0.0,0.17358490566037735
20.0,8.0,5.0,0.1,0.1,0.4,3.0,259.0,0.0,0.0,0.17374517374517376
20.0,8.0,6.0,0.1,0.1,0.4,3.0,258.0,0.0,0.0,0.17829457364341086
20.0,8.0,7.0,0.1,0.1,0.4,3.0,262.0,0.0,0.0,0.17557251908396945
20.0,8.0,8.0,0.1,0.1,0.4,3.0,257.0,0.0,0.0,0.1828793774319066
20.0,8.0,9.0,0.1,0.1,0.4,3.0,260.0,0.0,0.0,0.17307692307692307
20.0,8.0,10.0,0.1,0.1,0.4,3.0,255.0,0.0,0.0,0.17647058823529413
20.0,8.0,11.0,0.1,0.1,0.4,3.0,256.0,0.0,0.0,0.17578125
20.0,8.0,12.0,0.1,0.1,0.4,3.0,256.0,0.0,0.0,0.17578125
20.0,8.0,13.0,0.1,0.1,0.4,3.0,258.0,0.0,0.0,0.17829457364341086
20.0,8.0,14.0,0.1,0.1,0.4,3.0,258.0,0.0,0.0,0.17829457364341086
20.0,8.0,15.0,0.1,0.1,0.4,3.0,261.0,0.0,0.0,0.17624521072796934
20.0,8.0,16.0,0.1,0.1,0.4,3.0,254.0,0.0,0.0,0.18110236220472442
20.0,8.0,17.0,0.1,0.1,0.4,3.0,257.0,0.0,0.0,0.17898832684824903
20.0,8.0,18.0,0.1,0.1,0.4,3.0,253.0,0.0,0.0,0.18181818181818182
20.0,8.0,19.0,0.1,0.1,0.4,3.0,256.0,0.0,0.0,0.18359375
20.0,8.0,20.0,0.1,0.1,0.4,3.0,481.0,0.0,0.0,0.09771309771309772
20.0,8.0,21.0,0.1,0.1,0.4,3.0,451.0,0.0,0.0,0.10199556541019955
20.0,8.0,22.0,0.1,0.1,0.4,3.0,448.0,0.0,0.0,0.10044642857142858
20.0,8.0,23.0,0.1,0.1,0.4,3.0,453.0,0.0,0.0,0.10154525386313466
20.0,8.0,24.0,0.1,0.1,0.4,3.0,452.0,0.0,0.0,0.10176991150442478
20.0,8.0,25.0,0.1,0.1,0.4,3.0,419.0,0.0,0.0,0.10978520286396182
20.0,8.0,26.0,0.1,0.1,0.4,3.0,411.0,0.0,0.0,0.10948905109489052
20.0,8.0,27.0,0.1,0.1,0.4,3.0,387.0,0.0,0.0,0.11369509043927649
20.0,8.0,28.0,0.1,0.1,0.4,3.0,368.0,0.0,0.0,0.11684782608695653
20.0,8.0,29.0,0.1,0.1,0.4,3.0,371.0,0.0,0.0,0.11320754716981132
20.0,8.0,30.0,0.1,0.1,0.4,3.0,371.0,0.0,0.0,0.11320754716981132
20.0,8.0,31.0,0.1,0.1,0.4,3.0,370.0,0.0,0.0,0.11081081081081082
20.0,8.0,32.0,0.1,0.1,0.4,3.0,367.0,0.0,0.0,0.11444141689373297
20.0,8.0,33.0,0.1,0.1,0.4,3.0,371.0,0.0,0.0,0.11320754716981132
20.0,8.0,34.0,0.1,0.1,0.4,3.0,359.0,0.0,0.0,0.11420612813370473
20.0,8.0,35.0,0.1,0.1,0.4,3.0,359.0,0.0,0.0,0.11420612813370473
20.0,8.0,36.0,0.1,0.1,0.4,3.0,348.0,0.0,0.0,0.11781609195402298
20.0,8.0,37.0,0.1,0.1,0.4,3.0,353.0,0.0,0.0,0.11614730878186968
20.0,8.0,38.0,0.1,0.1,0.4,3.0,348.0,0.0,0.0,0.11494252873563218
20.0,8.0,39.0,0.1,0.1,0.4,3.0,341.0,0.0,0.0,0.11730205278592376
20.0,8.0,40.0,0.1,0.1,0.4,3.0,341.0,0.0,0.0,0.12023460410557185
20.0,8.0,41.0,0.1,0.1,0.4,3.0,344.0,0.0,0.0,0.12209302325581395
20.0,8.0,42.0,0.1,0.1,0.4,3.0,318.0,0.0,0.0,0.11635220125786164
20.0,8.0,43.0,0.1,0.1,0.4,3.0,316.0,0.0,0.0,0.12341772151898735
20.0,8.0,44.0,0.1,0.1,0.4,3.0,302.0,0.0,0.0,0.11920529801324503
20.0,8.0,45.0,0.1,0.1,0.4,3.0,301.0,0.0,0.0,0.17940199335548174
20.0,8.0,46.0,0.1,0.1,0.4,3.0,298.0,0.0,0.0,0.17785234899328858
20.0,8.0,47.0,0.1,0.1,0.4,3.0,299.0,0.0,0.0,0.17725752508361203
20.0,8.0,48.0,0.1,0.1,0.4,3.0,301.0,0.0,0.0,0.17940199335548174
20.0,8.0,49.0,0.1,0.1,0.4,3.0,277.0,0.0,0.0,0.18772563176895307
20.0,8.0,50.0,0.1,0.1,0.4,3.0,277.0,0.0,0.0,0.18411552346570398
20.0,8.0,51.0,0.1,0.1,0.4,3.0,279.0,0.0,0.0,0.1863799283154122
20.0,8.0,52.0,0.1,0.1,0.4,3.0,277.0,0.0,0.0,0.18772563176895307
20.0,9.0,1.0,0.1,0.1,0.4,3.0,276.0,0.0,0.0,0.18840579710144928
20.0,9.0,2.0,0.1,0.1,0.4,3.0,275.0,0.0,0.0,0.18545454545454546
20.0,9.0,3.0,0.1,0.1,0.4,3.0,274.0,0.0,0.0,0.1897810218978102
20.0,9.0,4.0,0.1,0.1,0.4,3.0,272.0,0.0,0.0,0.1875
20.0,9.0,5.0,0.1,0.1,0.4,3.0,271.0,0.0,0.0,0.1918819188191882
20.0,9.0,6.0,0.1,0.1,0.4,3.0,270.0,0.0,0.0,0.18888888888888888
20.0,9.0,7.0,0.1,0.1,0.4,3.0,271.0,0.0,0.0,0.1918819188191882
20.0,9.0,8.0,0.1,0.1,0.4,3.0,272.0,0.0,0.0,0.19117647058823528
20.0,9.0,9.0,0.1,0.1,0.4,3.0,272.0,0.0,0.0,0.19117647058823528
20.0,9.0,10.0,0.1,0.1,0.4,3.0,272.0,0.0,0.0,0.1875
20.0,9.0,11.0,0.1,0.1,0.4,3.0,273.0,0.0,0.0,0.19047619047619047
20.0,9.0,12.0,0.1,0.1,0.4,3.0,272.0,0.0,0.0,0.1875
20.0,9.0,13.0,0.1,0.1,0.4,3.0,275.0,0.0,0.0,0.19272727272727272
20.0,9.0,14.0,0.1,0.1,0.4,3.0,272.0,0.0,0.0,0.1875
20.0,9.0,15.0,0.1,0.1,0.4,3.0,274.0,0.0,0.0,0.1897810218978102
20.0,9.0,16.0,0.1,0.1,0.4,3.0,262.0,0.0,0.0,0.19083969465648856
20.0,9.0,17.0,0.1,0.1,0.4,3.0,261.0,0.0,0.0,0.19540229885057472
20.0,9.0,18.0,0.1,0.1,0.4,3.0,260.0,0.0,0.0,0.19230769230769232
20.0,9.0,19.0,0.1,0.1,0.4,3.0,262.0,0.0,0.0,0.1984732824427481
20.0,9.0,20.0,0.1,0.1,0.4,3.0,471.0,0.0,0.0,0.08917197452229299
20.0,9.0,21.0,0.1,0.1,0.4,3.0,437.0,0.0,0.0,0.09153318077803203
20.0,9.0,22.0,0.1,0.1,0.4,3.0,435.0,0.0,0.0,0.0896551724137931
20.0,9.0,23.0,0.1,0.1,0.4,3.0,418.0,0.0,0.0,0.09330143540669857
20.0,9.0,24.0,0.1,0.1,0.4,3.0,394.0,0.0,0.0,0.09644670050761421
20.0,9.0,25.0,0.1,0.1,0.4,3.0,397.0,0.0,0.0,0.10075566750629723
20.0,9.0,26.0,0.1,0.1,0.4,3.0,389.0,0.0,0.0,0.10025706940874037
20.0,9.0,27.0,0.1,0.1,0.4,3.0,373.0,0.0,0.0,0.10187667560321716
20.0,9.0,28.0,0.1,0.1,0.4,3.0,358.0,0.0,0.0,0.10335195530726257
20.0,9.0,29.0,0.1,0.1,0.4,3.0,306.0,0.0,0.0,0.12418300653594772
20.0,9.0,30.0,0.1,0.1,0.4,3.0,264.0,0.0,0.0,0.13636363636363635
20.0,9.0,31.0,0.1,0.1,0.4,3.0,266.0,0.0,0.0,0.13909774436090225
20.0,9.0,32.0,0.1,0.1,0.4,3.0,252.0,0.0,0.0,0.1388888888888889
20.0,9.0,33.0,0.1,0.1,0.4,3.0,254.0,0.0,0.0,0.14173228346456693
20.0,9.0,34.0,0.1,0.1,0.4,3.0,254.0,0.0,0.0,0.14173228346456693
20.0,9.0,35.0,0.1,0.1,0.4,3.0,255.0,0.0,0.0,0.1450980392156863
20.0,9.0,36.0,0.1,0.1,0.4,3.0,253.0,0.0,0.0,0.1422924901185771
20.0,9.0,37.0,0.1,0.1,0.4,3.0,248.0,0.0,0.0,0.14516129032258066
20.0,9.0,38.0,0.1,0.1,0.4,3.0,244.0,0.0,0.0,0.14344262295081966
20.0,9.0,39.0,0.1,0.1,0.4,3.0,248.0,0.0,0.0,0.14516129032258066
20.0,9.0,40.0,0.1,0.1,0.4,3.0,245.0,0.0,0.0,0.14285714285714285
20.0,9.0,41.0,0.1,0.1,0.4,3.0,233.0,0.0,0.0,0.15450643776824036
20.0,9.0,42.0,0.1,0.1,0.4,3.0,234.0,0.0,0.0,0.14957264957264957
20.0,9.0,43.0,0.1,0.1,0.4,3.0,237.0,0.0,0.0,0.1518987341772152
20.0,9.0,44.0,0.1,0.1,0.4,3.0,233.0,0.0,0.0,0.15021459227467812
20.0,9.0,45.0,0.1,0.1,0.4,3.0,237.0,0.0,0.0,0.2320675105485232
20.0,9.0,46.0,0.1,0.1,0.4,3.0,233.0,0.0,0.0,0.22746781115879827
20.0,9.0,47.0,0.1,0.1,0.4,3.0,233.0,0.0,0.0,0.2317596566523605
20.0,9.0,48.0,0.1,0.1,0.4,3.0,229.0,0.0,0.0,0.2314410480349345
20.0,9.0,49.0,0.1,0.1,0.4,3.0,232.0,0.0,0.0,0.23275862068965517
20.0,9.0,50.0,0.1,0.1,0.4,3.0,229.0,0.0,0.0,0.23580786026200873
20.0,9.0,51.0,0.1,0.1,0.4,3.0,232.0,0.0,0.0,0.23706896551724138
20.0,9.0,52.0,0.1,0.1,0.4,3.0,228.0,0.0,0.0,0.23684210526315788
20.0,10.0,1.0,0.1,0.1,0.4,3.0,232.0,0.0,0.0,0.23706896551724138
20.0,10.0,2.0,0.1,0.1,0.4,3.0,229.0,0.0,0.0,0.23580786026200873
20.0,10.0,3.0,0.1,0.1,0.4,3.0,231.0,0.0,0.0,0.23809523809523808
20.0,10.0,4.0,0.1,0.1,0.4,3.0,228.0,0.0,0.0,0.23684210526315788
20.0,10.0,5.0,0.1,0.1,0.4,3.0,230.0,0.0,0.0,0.2391304347826087
20.0,10.0,6.0,0.1,0.1,0.4,3.0,227.0,0.0,0.0,0.23788546255506607
20.0,10.0,7.0,0.1,0.1,0.4,3.0,231.0,0.0,0.0,0.23376623376623376
20.0,10.0,8.0,0.1,0.1,0.4,3.0,229.0,0.0,0.0,0.23580786026200873
20.0,10.0,9.0,0.1,0.1,0.4,3.0,229.0,0.0,0.0,0.23580786026200873
20.0,10.0,10.0,0.1,0.1,0.4,3.0,227.0,0.0,0.0,0.23348017621145375
20.0,10.0,11.0,0.1,0.1,0.4,3.0,226.0,0.0,0.0,0.2345132743362832
20.0,10.0,12.0,0.1,0.1,0.4,3.0,227.0,0.0,0.0,0.23348017621145375
20.0,10.0,13.0,0.1,0.1,0.4,3.0,225.0,0.0,0.0,0.23555555555555555
20.0,10.0,14.0,0.1,0.1,0.4,3.0,224.0,0.0,0.0,0.23660714285714285
20.0,10.0,15.0,0.1,0.1,0.4,3.0,227.0,0.0,0.0,0.23788546255506607
20.0,10.0,16.0,0.1,0.1,0.4,3.0,220.0,0.0,0.0,0.23636363636363636
20.0,10.0,17.0,0.1,0.1,0.4,3.0,224.0,0.0,0.0,0.23660714285714285
20.0,10.0,18.0,0.1,0.1,0.4,3.0,214.0,0.0,0.0,0.24766355140186916
20.0,10.0,19.0,0.1,0.1,0.4,3.0,218.0,0.0,0.0,0.23853211009174313
20.0,10.0,20.0,0.1,0.1,0.4,3.0,368.0,0.0,0.0,0.11684782608695653
20.0,10.0,21.0,0.1,0.1,0.4,3.0,371.0,0.0,0.0,0.11859838274932614
20.0,10.0,22.0,0.1,0.1,0.4,3.0,360.0,0.0,0.0,0.12222222222222222
20.0,10.0,23.0,0.1,0.1,0.4,3.0,353.0,0.0,0.0,0.12464589235127478
20.0,10.0,24.0,0.1,0.1,0.4,3.0,335.0,0.0,0.0,0.12835820895522387
20.0,10.0,25.0,0.1,0.1,0.4,3.0,318.0,0.0,0.0,0.1289308176100629
20.0,10.0,26.0,0.1,0.1,0.4,3.0,318.0,0.0,0.0,0.1289308176100629
20.0,10.0,27.0,0.1,0.1,0.4,3.0,311.0,0.0,0.0,0.12861736334405144
20.0,10.0,28.0,0.1,0.1,0.4,3.0,302.0,0.0,0.0,0.1291390728476821
20.0,10.0,29.0,0.1,0.1,0.4,3.0,303.0,0.0,0.0,0.12871287128712872
20.0,10.0,30.0,0.1,0.1,0.4,3.0,295.0,0.0,0.0,0.1288135593220339
20.0,10.0,31.0,0.1,0.1,0.4,3.0,301.0,0.0,0.0,0.12624584717607973
20.0,10.0,32.0,0.1,0.1,0.4,3.0,275.0,0.0,0.0,0.13818181818181818
20.0,10.0,33.0,0.1,0.1,0.4,3.0,281.0,0.0,0.0,0.1387900355871886
20.0,10.0,34.0,0.1,0.1,0.4,3.0,274.0,0.0,0.0,0.1386861313868613
20.0,10.0,35.0,0.1,0.1,0.4,3.0,267.0,0.0,0.0,0.14232209737827714
20.0,10.0,36.0,0.1,0.1,0.4,3.0,265.0,0.0,0.0,0.13962264150943396
20.0,10.0,37.0,0.1,0.1,0.4,3.0,259.0,0.0,0.0,0.15057915057915058
20.0,10.0,38.0,0.1,0.1,0.4,3.0,259.0,0.0,0.0,0.15057915057915058
20.0,10.0,39.0,0.1,0.1,0.4,3.0,266.0,0.0,0.0,0.14661654135338345
20.0,10.0,40.0,0.1,0.1,0.4,3.0,264.0,0.0,0.0,0.14772727272727273
20.0,10.0,41.0,0.1,0.1,0.4,3.0,255.0,0.0,0.0,0.15294117647058825
20.0,10.0,42.0,0.1,0.1,0.4,3.0,250.0,0.0,0.0,0.156
20.0,10.0,43.0,0.1,0.1,0.4,3.0,256.0,0.0,0.0,0.15625
20.0,10.0,44.0,0.1,0.1,0.4,3.0,252.0,0.0,0.0,0.15873015873015872
20.0,10.0,45.0,0.1,0.1,0.4,3.0,255.0,0.0,0.0,0.23137254901960785
20.0,10.0,46.0,0.1,0.1,0.4,3.0,252.0,0.0,0.0,0.2222222222222222
20.0,10.0,47.0,0.1,0.1,0.4,3.0,250.0,0.0,0.0,0.228
20.0,10.0,48.0,0.1,0.1,0.4,3.0,246.0,0.0,0.0,0.22764227642276422
20.0,10.0,49.0,0.1,0.1,0.4,3.0,248.0,0.0,0.0,0.22983870967741934
20.0,10.0,50.0,0.1,0.1,0.4,3.0,244.0,0.0,0.0,0.22540983606557377
20.0,10.0,51.0,0.1,0.1,0.4,3.0,244.0,0.0,0.0,0.2336065573770492
20.0,10.0,52.0,0.1,0.1,0.4,3.0,241.0,0.0,0.0,0.22821576763485477
21.0,1.0,1.0,0.1,0.1,0.4,3.0,5038.0,49.0,6.0,0.09686383485510124
21.0,1.0,2.0,0.1,0.1,0.4,3.0,4946.0,55.0,16.0,0.09826122118883947
21.0,1.0,3.0,0.1,0.1,0.4,3.0,4817.0,70.0,28.0,0.09798629852605356
21.0,1.0,4.0,0.1,0.1,0.4,3.0,4767.0,87.0,32.0,0.09712607509964338
21.0,1.0,5.0,0.1,0.1,0.4,3.0,4793.0,103.0,41.0,0.09805967035259754
21.0,1.0,6.0,0.1,0.1,0.4,3.0,4630.0,127.0,46.0,0.10064794816414686
21.0,1.0,7.0,0.1,0.1,0.4,3.0,4425.0,147.0,55.0,0.09853107344632768
21.0,1.0,8.0,0.1,0.1,0.4,3.0,4256.0,167.0,61.0,0.1012687969924812
21.0,1.0,9.0,0.1,0.1,0.4,3.0,4113.0,203.0,75.0,0.10187211281303185
21.0,1.0,10.0,0.1,0.1,0.4,3.0,3969.0,237.0,81.0,0.10456034265558076
21.0,1.0,11.0,0.1,0.1,0.4,3.0,3837.0,253.0,103.0,0.10450873077925463
21.0,1.0,12.0,0.1,0.1,0.4,3.0,3677.0,286.0,118.0,0.10579276584171879
21.0,1.0,13.0,0.1,0.1,0.4,3.0,3524.0,305.0,136.0,0.1061293984108967
21.0,1.0,14.0,0.1,0.1,0.4,3.0,3374.0,285.0,123.0,0.10966212211025489
21.0,1.0,15.0,0.1,0.1,0.4,3.0,3206.0,276.0,128.0,0.11104179663131628
21.0,1.0,16.0,0.1,0.1,0.4,3.0,3092.0,252.0,133.0,0.11351875808538163
21.0,1.0,17.0,0.1,0.1,0.4,3.0,2976.0,250.0,144.0,0.11525537634408602
21.0,1.0,18.0,0.1,0.1,0.4,3.0,2849.0,241.0,114.0,0.11793611793611794
21.0,1.0,19.0,0.1,0.1,0.4,3.0,2690.0,220.0,97.0,0.120817843866171
21.0,1.0,20.0,0.1,0.1,0.4,3.0,7178.0,202.0,82.0,0.04513792142658122
21.0,1.0,21.0,0.1,0.1,0.4,3.0,6580.0,294.0,113.0,0.044832826747720364
21.0,1.0,22.0,0.1,0.1,0.4,3.0,5867.0,322.0,113.0,0.0477245611044827
21.0,1.0,23.0,0.1,0.1,0.4,3.0,5324.0,336.0,122.0,0.04789631855747558
21.0,1.0,24.0,0.1,0.1,0.4,3.0,4878.0,308.0,121.0,0.04858548585485855
21.0,1.0,25.0,0.1,0.1,0.4,3.0,4489.0,345.0,134.0,0.051013588772555137
21.0,1.0,26.0,0.1,0.1,0.4,3.0,4175.0,344.0,143.0,0.05221556886227545
21.0,1.0,27.0,0.1,0.1,0.4,3.0,3837.0,351.0,148.0,0.054730258014073496
21.0,1.0,28.0,0.1,0.1,0.4,3.0,3532.0,350.0,146.0,0.056908267270668174
21.0,1.0,29.0,0.1,0.1,0.4,3.0,3233.0,342.0,142.0,0.060315496442932263
21.0,1.0,30.0,0.1,0.1,0.4,3.0,3067.0,346.0,138.0,0.06129768503423541
21.0,1.0,31.0,0.1,0.1,0.4,3.0,2916.0,353.0,143.0,0.06378600823045268
21.0,1.0,32.0,0.1,0.1,0.4,3.0,2675.0,365.0,159.0,0.06355140186915888
21.0,1.0,33.0,0.1,0.1,0.4,3.0,2497.0,335.0,139.0,0.06647977573087706
21.0,1.0,34.0,0.1,0.1,0.4,3.0,2349.0,318.0,133.0,0.06641123882503193
21.0,1.0,35.0,0.1,0.1,0.4,3.0,2199.0,320.0,146.0,0.06957708049113233
21.0,1.0,36.0,0.1,0.1,0.4,3.0,2113.0,329.0,167.0,0.07098911500236631
21.0,1.0,37.0,0.1,0.1,0.4,3.0,1959.0,305.0,147.0,0.07401735579377233
21.0,1.0,38.0,0.1,0.1,0.4,3.0,1808.0,285.0,138.0,0.07688053097345132
21.0,1.0,39.0,0.1,0.1,0.4,3.0,1656.0,246.0,131.0,0.08152173913043478
21.0,1.0,40.0,0.1,0.1,0.4,3.0,1547.0,231.0,118.0,0.08338720103425985
21.0,1.0,41.0,0.1,0.1,0.4,3.0,1427.0,212.0,108.0,0.08969866853538892
21.0,1.0,42.0,0.1,0.1,0.4,3.0,1349.0,193.0,94.0,0.09340252038547071
21.0,1.0,43.0,0.1,0.1,0.4,3.0,1290.0,185.0,96.0,0.09844961240310078
21.0,1.0,44.0,0.1,0.1,0.4,3.0,1227.0,165.0,91.0,0.09942950285248574
21.0,1.0,45.0,0.1,0.1,0.4,3.0,1175.0,157.0,79.0,0.17191489361702128
21.0,1.0,46.0,0.1,0.1,0.4,3.0,1099.0,148.0,81.0,0.17652411282984531
21.0,1.0,47.0,0.1,0.1,0.4,3.0,1041.0,127.0,62.0,0.17963496637848222
21.0,1.0,48.0,0.1,0.1,0.4,3.0,1021.0,138.0,65.0,0.1811949069539667
21.0,1.0,49.0,0.1,0.1,0.4,3.0,955.0,118.0,58.0,0.18952879581151832
21.0,1.0,50.0,0.1,0.1,0.4,3.0,923.0,115.0,61.0,0.18851570964247022
21.0,1.0,51.0,0.1,0.1,0.4,3.0,892.0,108.0,57.0,0.19394618834080718
21.0,1.0,52.0,0.1,0.1,0.4,3.0,868.0,91.0,50.0,0.19700460829493088
21.0,2.0,1.0,0.1,0.1,0.4,3.0,830.0,76.0,42.0,0.20240963855421687
21.0,2.0,2.0,0.1,0.1,0.4,3.0,817.0,69.0,45.0,0.200734394124847
21.0,2.0,3.0,0.1,0.1,0.4,3.0,780.0,59.0,35.0,0.20897435897435898
21.0,2.0,4.0,0.1,0.1,0.4,3.0,764.0,53.0,32.0,0.2081151832460733
21.0,2.0,5.0,0.1,0.1,0.4,3.0,743.0,45.0,22.0,0.21668909825033647
21.0,2.0,6.0,0.1,0.1,0.4,3.0,736.0,41.0,24.0,0.21739130434782608
21.0,2.0,7.0,0.1,0.1,0.4,3.0,727.0,40.0,21.0,0.2200825309491059
21.0,2.0,8.0,0.1,0.1,0.4,3.0,716.0,40.0,19.0,0.21927374301675978
21.0,2.0,9.0,0.1,0.1,0.4,3.0,691.0,28.0,15.0,0.22431259044862517
21.0,2.0,10.0,0.1,0.1,0.4,3.0,676.0,25.0,15.0,0.22781065088757396
21.0,2.0,11.0,0.1,0.1,0.4,3.0,670.0,23.0,15.0,0.22686567164179106
21.0,2.0,12.0,0.1,0.1,0.4,3.0,654.0,18.0,7.0,0.22782874617737003
21.0,2.0,13.0,0.1,0.1,0.4,3.0,651.0,15.0,8.0,0.2304147465437788
21.0,2.0,14.0,0.1,0.1,0.4,3.0,639.0,12.0,10.0,0.23161189358372458
21.0,2.0,15.0,0.1,0.1,0.4,3.0,635.0,13.0,11.0,0.2346456692913386
21.0,2.0,16.0,0.1,0.1,0.4,3.0,625.0,9.0,6.0,0.2352
21.0,2.0,17.0,0.1,0.1,0.4,3.0,620.0,4.0,2.0,0.2403225806451613
21.0,2.0,18.0,0.1,0.1,0.4,3.0,613.0,4.0,1.0,0.23817292006525284
21.0,2.0,19.0,0.1,0.1,0.4,3.0,616.0,5.0,2.0,0.24025974025974026
21.0,2.0,20.0,0.1,0.1,0.4,3.0,1102.0,4.0,2.0,0.1306715063520871
21.0,2.0,21.0,0.1,0.1,0.4,3.0,1081.0,6.0,2.0,0.13506012950971322
21.0,2.0,22.0,0.1,0.1,0.4,3.0,1023.0,6.0,1.0,0.13685239491691104
21.0,2.0,23.0,0.1,0.1,0.4,3.0,977.0,3.0,1.0,0.13817809621289662
21.0,2.0,24.0,0.1,0.1,0.4,3.0,958.0,3.0,2.0,0.13987473903966596
21.0,2.0,25.0,0.1,0.1,0.4,3.0,878.0,3.0,2.0,0.14350797266514806
21.0,2.0,26.0,0.1,0.1,0.4,3.0,839.0,4.0,2.0,0.14421930870083433
21.0,2.0,27.0,0.1,0.1,0.4,3.0,822.0,8.0,1.0,0.1435523114355231
21.0,2.0,28.0,0.1,0.1,0.4,3.0,809.0,8.0,3.0,0.1433868974042027
21.0,2.0,29.0,0.1,0.1,0.4,3.0,792.0,9.0,4.0,0.1452020202020202
21.0,2.0,30.0,0.1,0.1,0.4,3.0,801.0,10.0,5.0,0.14232209737827714
21.0,2.0,31.0,0.1,0.1,0.4,3.0,763.0,10.0,5.0,0.14285714285714285
21.0,2.0,32.0,0.1,0.1,0.4,3.0,741.0,9.0,4.0,0.14709851551956815
21.0,2.0,33.0,0.1,0.1,0.4,3.0,706.0,10.0,4.0,0.14872521246458922
21.0,2.0,34.0,0.1,0.1,0.4,3.0,688.0,6.0,3.0,0.14970930232558138
21.0,2.0,35.0,0.1,0.1,0.4,3.0,669.0,3.0,0.0,0.15097159940209268
21.0,2.0,36.0,0.1,0.1,0.4,3.0,648.0,3.0,1.0,0.1574074074074074
21.0,2.0,37.0,0.1,0.1,0.4,3.0,623.0,3.0,3.0,0.15890850722311398
21.0,2.0,38.0,0.1,0.1,0.4,3.0,629.0,4.0,3.0,0.15421303656597773
21.0,2.0,39.0,0.1,0.1,0.4,3.0,602.0,3.0,2.0,0.15780730897009967
21.0,2.0,40.0,0.1,0.1,0.4,3.0,585.0,1.0,0.0,0.15897435897435896
21.0,2.0,41.0,0.1,0.1,0.4,3.0,569.0,1.0,0.0,0.15992970123022848
21.0,2.0,42.0,0.1,0.1,0.4,3.0,561.0,1.0,1.0,0.16042780748663102
21.0,2.0,43.0,0.1,0.1,0.4,3.0,535.0,1.0,1.0,0.16448598130841122
21.0,2.0,44.0,0.1,0.1,0.4,3.0,538.0,1.0,1.0,0.1579925650557621
21.0,2.0,45.0,0.1,0.1,0.4,3.0,511.0,1.0,0.0,0.23483365949119372
21.0,2.0,46.0,0.1,0.1,0.4,3.0,513.0,1.0,0.0,0.22807017543859648
21.0,2.0,47.0,0.1,0.1,0.4,3.0,494.0,1.0,0.0,0.23481781376518218
21.0,2.0,48.0,0.1,0.1,0.4,3.0,508.0,1.0,0.0,0.22244094488188976
21.0,2.0,49.0,0.1,0.1,0.4,3.0,491.0,1.0,1.0,0.23217922606924643
21.0,2.0,50.0,0.1,0.1,0.4,3.0,490.0,1.0,1.0,0.22244897959183674
21.0,2.0,51.0,0.1,0.1,0.4,3.0,483.0,1.0,1.0,0.23395445134575568
21.0,2.0,52.0,0.1,0.1,0.4,3.0,482.0,0.0,0.0,0.22406639004149378
21.0,3.0,1.0,0.1,0.1,0.4,3.0,478.0,0.0,0.0,0.23221757322175732
21.0,3.0,2.0,0.1,0.1,0.4,3.0,474.0,0.0,0.0,0.22573839662447256
21.0,3.0,3.0,0.1,0.1,0.4,3.0,467.0,0.0,0.0,0.2334047109207709
21.0,3.0,4.0,0.1,0.1,0.4,3.0,469.0,0.0,0.0,0.22388059701492538
21.0,3.0,5.0,0.1,0.1,0.4,3.0,458.0,0.0,0.0,0.2314410480349345
21.0,3.0,6.0,0.1,0.1,0.4,3.0,445.0,0.0,0.0,0.22247191011235956
21.0,3.0,7.0,0.1,0.1,0.4,3.0,439.0,0.0,0.0,0.23234624145785876
21.0,3.0,8.0,0.1,0.1,0.4,3.0,438.0,0.0,0.0,0.22146118721461186
21.0,3.0,9.0,0.1,0.1,0.4,3.0,435.0,0.0,0.0,0.22758620689655173
21.0,3.0,10.0,0.1,0.1,0.4,3.0,437.0,0.0,0.0,0.21967963386727687
21.0,3.0,11.0,0.1,0.1,0.4,3.0,434.0,0.0,0.0,0.22580645161290322
21.0,3.0,12.0,0.1,0.1,0.4,3.0,435.0,0.0,0.0,0.21839080459770116
21.0,3.0,13.0,0.1,0.1,0.4,3.0,427.0,0.0,0.0,0.22716627634660422
21.0,3.0,14.0,0.1,0.1,0.4,3.0,416.0,0.0,0.0,0.21875
21.0,3.0,15.0,0.1,0.1,0.4,3.0,412.0,0.0,0.0,0.22815533980582525
21.0,3.0,16.0,0.1,0.1,0.4,3.0,411.0,0.0,0.0,0.21897810218978103
21.0,3.0,17.0,0.1,0.1,0.4,3.0,407.0,0.0,0.0,0.2285012285012285
21.0,3.0,18.0,0.1,0.1,0.4,3.0,409.0,0.0,0.0,0.2200488997555012
21.0,3.0,19.0,0.1,0.1,0.4,3.0,406.0,0.0,0.0,0.229064039408867
21.0,3.0,20.0,0.1,0.1,0.4,3.0,847.0,0.0,0.0,0.10625737898465171
21.0,3.0,21.0,0.1,0.1,0.4,3.0,798.0,0.0,0.0,0.10776942355889724
21.0,3.0,22.0,0.1,0.1,0.4,3.0,759.0,0.0,0.0,0.10408432147562582
21.0,3.0,23.0,0.1,0.1,0.4,3.0,728.0,0.0,0.0,0.1043956043956044
21.0,3.0,24.0,0.1,0.1,0.4,3.0,659.0,0.0,0.0,0.1062215477996965
21.0,3.0,25.0,0.1,0.1,0.4,3.0,644.0,0.0,0.0,0.11024844720496894
21.0,3.0,26.0,0.1,0.1,0.4,3.0,611.0,0.0,0.0,0.10965630114566285
21.0,3.0,27.0,0.1,0.1,0.4,3.0,580.0,0.0,0.0,0.11896551724137931
21.0,3.0,28.0,0.1,0.1,0.4,3.0,551.0,0.0,0.0,0.11433756805807622
21.0,3.0,29.0,0.1,0.1,0.4,3.0,549.0,0.0,0.0,0.12021857923497267
21.0,3.0,30.0,0.1,0.1,0.4,3.0,532.0,0.0,0.0,0.11466165413533834
21.0,3.0,31.0,0.1,0.1,0.4,3.0,516.0,0.0,0.0,0.12403100775193798
21.0,3.0,32.0,0.1,0.1,0.4,3.0,493.0,0.0,0.0,0.11967545638945233
21.0,3.0,33.0,0.1,0.1,0.4,3.0,494.0,0.0,0.0,0.12550607287449392
21.0,3.0,34.0,0.1,0.1,0.4,3.0,485.0,0.0,0.0,0.1154639175257732
21.0,3.0,35.0,0.1,0.1,0.4,3.0,486.0,0.0,0.0,0.12139917695473251
21.0,3.0,36.0,0.1,0.1,0.4,3.0,474.0,0.0,0.0,0.1160337552742616
21.0,3.0,37.0,0.1,0.1,0.4,3.0,477.0,0.0,0.0,0.12368972746331237
21.0,3.0,38.0,0.1,0.1,0.4,3.0,468.0,0.0,0.0,0.11965811965811966
21.0,3.0,39.0,0.1,0.1,0.4,3.0,472.0,0.0,0.0,0.1228813559322034
21.0,3.0,40.0,0.1,0.1,0.4,3.0,424.0,0.0,0.0,0.12028301886792453
21.0,3.0,41.0,0.1,0.1,0.4,3.0,421.0,0.0,0.0,0.12351543942992874
21.0,3.0,42.0,0.1,0.1,0.4,3.0,402.0,0.0,0.0,0.12189054726368159
21.0,3.0,43.0,0.1,0.1,0.4,3.0,414.0,0.0,0.0,0.11835748792270531
21.0,3.0,44.0,0.1,0.1,0.4,3.0,406.0,0.0,0.0,0.1206896551724138
21.0,3.0,45.0,0.1,0.1,0.4,3.0,402.0,0.0,0.0,0.15920398009950248
21.0,3.0,46.0,0.1,0.1,0.4,3.0,389.0,0.0,0.0,0.16452442159383032
21.0,3.0,47.0,0.1,0.1,0.4,3.0,393.0,0.0,0.0,0.1628498727735369
21.0,3.0,48.0,0.1,0.1,0.4,3.0,390.0,0.0,0.0,0.16153846153846155
21.0,3.0,49.0,0.1,0.1,0.4,3.0,392.0,0.0,0.0,0.16326530612244897
21.0,3.0,50.0,0.1,0.1,0.4,3.0,380.0,0.0,0.0,0.16578947368421051
21.0,3.0,51.0,0.1,0.1,0.4,3.0,384.0,0.0,0.0,0.16666666666666666
21.0,3.0,52.0,0.1,0.1,0.4,3.0,365.0,0.0,0.0,0.16712328767123288
21.0,4.0,1.0,0.1,0.1,0.4,3.0,369.0,0.0,0.0,0.16531165311653118
21.0,4.0,2.0,0.1,0.1,0.4,3.0,355.0,0.0,0.0,0.16901408450704225
21.0,4.0,3.0,0.1,0.1,0.4,3.0,366.0,0.0,0.0,0.16666666666666666
21.0,4.0,4.0,0.1,0.1,0.4,3.0,355.0,0.0,0.0,0.16901408450704225
21.0,4.0,5.0,0.1,0.1,0.4,3.0,364.0,0.0,0.0,0.16758241758241757
21.0,4.0,6.0,0.1,0.1,0.4,3.0,353.0,0.0,0.0,0.16997167138810199
21.0,4.0,7.0,0.1,0.1,0.4,3.0,340.0,0.0,0.0,0.16470588235294117
21.0,4.0,8.0,0.1,0.1,0.4,3.0,332.0,0.0,0.0,0.16566265060240964
21.0,4.0,9.0,0.1,0.1,0.4,3.0,337.0,0.0,0.0,0.1661721068249258
21.0,4.0,10.0,0.1,0.1,0.4,3.0,328.0,0.0,0.0,0.1676829268292683
21.0,4.0,11.0,0.1,0.1,0.4,3.0,334.0,0.0,0.0,0.16766467065868262
21.0,4.0,12.0,0.1,0.1,0.4,3.0,317.0,0.0,0.0,0.17034700315457413
21.0,4.0,13.0,0.1,0.1,0.4,3.0,318.0,0.0,0.0,0.16981132075471697
21.0,4.0,14.0,0.1,0.1,0.4,3.0,309.0,0.0,0.0,0.1715210355987055
21.0,4.0,15.0,0.1,0.1,0.4,3.0,314.0,0.0,0.0,0.17197452229299362
21.0,4.0,16.0,0.1,0.1,0.4,3.0,311.0,0.0,0.0,0.17041800643086816
21.0,4.0,17.0,0.1,0.1,0.4,3.0,312.0,0.0,0.0,0.17307692307692307
21.0,4.0,18.0,0.1,0.1,0.4,3.0,307.0,0.0,0.0,0.17263843648208468
21.0,4.0,19.0,0.1,0.1,0.4,3.0,312.0,0.0,0.0,0.17307692307692307
21.0,4.0,20.0,0.1,0.1,0.4,3.0,607.0,0.0,0.0,0.08731466227347612
21.0,4.0,21.0,0.1,0.1,0.4,3.0,610.0,0.0,0.0,0.08852459016393442
21.0,4.0,22.0,0.1,0.1,0.4,3.0,596.0,0.0,0.0,0.08892617449664429
21.0,4.0,23.0,0.1,0.1,0.4,3.0,567.0,0.0,0.0,0.09347442680776014
21.0,4.0,24.0,0.1,0.1,0.4,3.0,542.0,0.0,0.0,0.0959409594095941
21.0,4.0,25.0,0.1,0.1,0.4,3.0,521.0,0.0,0.0,0.09788867562380038
21.0,4.0,26.0,0.1,0.1,0.4,3.0,509.0,0.0,0.0,0.09823182711198428
21.0,4.0,27.0,0.1,0.1,0.4,3.0,493.0,0.0,0.0,0.0973630831643002
21.0,4.0,28.0,0.1,0.1,0.4,3.0,481.0,0.0,0.0,0.0997920997920998
21.0,4.0,29.0,0.1,0.1,0.4,3.0,483.0,0.0,0.0,0.09730848861283643
21.0,4.0,30.0,0.1,0.1,0.4,3.0,485.0,0.0,0.0,0.09896907216494845
21.0,4.0,31.0,0.1,0.1,0.4,3.0,456.0,0.0,0.0,0.10307017543859649
21.0,4.0,32.0,0.1,0.1,0.4,3.0,453.0,0.0,0.0,0.10375275938189846
21.0,4.0,33.0,0.1,0.1,0.4,3.0,443.0,0.0,0.0,0.10609480812641084
21.0,4.0,34.0,0.1,0.1,0.4,3.0,445.0,0.0,0.0,0.10337078651685393
21.0,4.0,35.0,0.1,0.1,0.4,3.0,440.0,0.0,0.0,0.10454545454545454
21.0,4.0,36.0,0.1,0.1,0.4,3.0,426.0,0.0,0.0,0.1056338028169014
21.0,4.0,37.0,0.1,0.1,0.4,3.0,394.0,0.0,0.0,0.10913705583756345
21.0,4.0,38.0,0.1,0.1,0.4,3.0,392.0,0.0,0.0,0.1096938775510204
21.0,4.0,39.0,0.1,0.1,0.4,3.0,386.0,0.0,0.0,0.11139896373056994
21.0,4.0,40.0,0.1,0.1,0.4,3.0,391.0,0.0,0.0,0.10997442455242967
21.0,4.0,41.0,0.1,0.1,0.4,3.0,372.0,0.0,0.0,0.11559139784946236
21.0,4.0,42.0,0.1,0.1,0.4,3.0,376.0,0.0,0.0,0.11436170212765957
21.0,4.0,43.0,0.1,0.1,0.4,3.0,369.0,0.0,0.0,0.11653116531165311
21.0,4.0,44.0,0.1,0.1,0.4,3.0,371.0,0.0,0.0,0.11590296495956873
21.0,4.0,45.0,0.1,0.1,0.4,3.0,364.0,0.0,0.0,0.21428571428571427
21.0,4.0,46.0,0.1,0.1,0.4,3.0,355.0,0.0,0.0,0.2028169014084507
21.0,4.0,47.0,0.1,0.1,0.4,3.0,338.0,0.0,0.0,0.21301775147928995
21.0,4.0,48.0,0.1,0.1,0.4,3.0,337.0,0.0,0.0,0.2195845697329377
21.0,4.0,49.0,0.1,0.1,0.4,3.0,333.0,0.0,0.0,0.2222222222222222
21.0,4.0,50.0,0.1,0.1,0.4,3.0,336.0,0.0,0.0,0.21726190476190477
21.0,4.0,51.0,0.1,0.1,0.4,3.0,328.0,0.0,0.0,0.22560975609756098
21.0,4.0,52.0,0.1,0.1,0.4,3.0,329.0,0.0,0.0,0.2188449848024316
21.0,5.0,1.0,0.1,0.1,0.4,3.0,324.0,0.0,0.0,0.2222222222222222
21.0,5.0,2.0,0.1,0.1,0.4,3.0,314.0,0.0,0.0,0.2197452229299363
21.0,5.0,3.0,0.1,0.1,0.4,3.0,310.0,0.0,0.0,0.21935483870967742
21.0,5.0,4.0,0.1,0.1,0.4,3.0,307.0,0.0,0.0,0.22149837133550487
21.0,5.0,5.0,0.1,0.1,0.4,3.0,306.0,0.0,0.0,0.21895424836601307
21.0,5.0,6.0,0.1,0.1,0.4,3.0,304.0,0.0,0.0,0.2138157894736842
21.0,5.0,7.0,0.1,0.1,0.4,3.0,303.0,0.0,0.0,0.2145214521452145
21.0,5.0,8.0,0.1,0.1,0.4,3.0,301.0,0.0,0.0,0.2159468438538206
21.0,5.0,9.0,0.1,0.1,0.4,3.0,300.0,0.0,0.0,0.21333333333333335
21.0,5.0,10.0,0.1,0.1,0.4,3.0,297.0,0.0,0.0,0.2222222222222222
21.0,5.0,11.0,0.1,0.1,0.4,3.0,299.0,0.0,0.0,0.2140468227424749
21.0,5.0,12.0,0.1,0.1,0.4,3.0,293.0,0.0,0.0,0.22184300341296928
21.0,5.0,13.0,0.1,0.1,0.4,3.0,298.0,0.0,0.0,0.2181208053691275
21.0,5.0,14.0,0.1,0.1,0.4,3.0,293.0,0.0,0.0,0.2150170648464164
21.0,5.0,15.0,0.1,0.1,0.4,3.0,283.0,0.0,0.0,0.21554770318021202
21.0,5.0,16.0,0.1,0.1,0.4,3.0,286.0,0.0,0.0,0.21678321678321677
21.0,5.0,17.0,0.1,0.1,0.4,3.0,280.0,0.0,0.0,0.21785714285714286
21.0,5.0,18.0,0.1,0.1,0.4,3.0,283.0,0.0,0.0,0.21908127208480566
21.0,5.0,19.0,0.1,0.1,0.4,3.0,279.0,0.0,0.0,0.2222222222222222
21.0,5.0,20.0,0.1,0.1,0.4,3.0,515.0,0.0,0.0,0.11844660194174757
21.0,5.0,21.0,0.1,0.1,0.4,3.0,501.0,0.0,0.0,0.11776447105788423
21.0,5.0,22.0,0.1,0.1,0.4,3.0,494.0,0.0,0.0,0.1194331983805668
21.0,5.0,23.0,0.1,0.1,0.4,3.0,480.0,0.0,0.0,0.12083333333333333
21.0,5.0,24.0,0.1,0.1,0.4,3.0,492.0,0.0,0.0,0.11991869918699187
21.0,5.0,25.0,0.1,0.1,0.4,3.0,480.0,0.0,0.0,0.12083333333333333
21.0,5.0,26.0,0.1,0.1,0.4,3.0,472.0,0.0,0.0,0.1228813559322034
21.0,5.0,27.0,0.1,0.1,0.4,3.0,433.0,0.0,0.0,0.12702078521939955
21.0,5.0,28.0,0.1,0.1,0.4,3.0,439.0,0.0,0.0,0.1275626423690205
21.0,5.0,29.0,0.1,0.1,0.4,3.0,408.0,0.0,0.0,0.12745098039215685
21.0,5.0,30.0,0.1,0.1,0.4,3.0,422.0,0.0,0.0,0.13033175355450238
21.0,5.0,31.0,0.1,0.1,0.4,3.0,407.0,0.0,0.0,0.12776412776412777
21.0,5.0,32.0,0.1,0.1,0.4,3.0,422.0,0.0,0.0,0.13033175355450238
21.0,5.0,33.0,0.1,0.1,0.4,3.0,406.0,0.0,0.0,0.12807881773399016
21.0,5.0,34.0,0.1,0.1,0.4,3.0,416.0,0.0,0.0,0.12980769230769232
21.0,5.0,35.0,0.1,0.1,0.4,3.0,405.0,0.0,0.0,0.12839506172839507
21.0,5.0,36.0,0.1,0.1,0.4,3.0,404.0,0.0,0.0,0.13613861386138615
21.0,5.0,37.0,0.1,0.1,0.4,3.0,381.0,0.0,0.0,0.13123359580052493
21.0,5.0,38.0,0.1,0.1,0.4,3.0,402.0,0.0,0.0,0.1318407960199005
21.0,5.0,39.0,0.1,0.1,0.4,3.0,369.0,0.0,0.0,0.13008130081300814
21.0,5.0,40.0,0.1,0.1,0.4,3.0,379.0,0.0,0.0,0.12928759894459102
21.0,5.0,41.0,0.1,0.1,0.4,3.0,356.0,0.0,0.0,0.1348314606741573
21.0,5.0,42.0,0.1,0.1,0.4,3.0,377.0,0.0,0.0,0.129973474801061
21.0,5.0,43.0,0.1,0.1,0.4,3.0,358.0,0.0,0.0,0.1340782122905028
21.0,5.0,44.0,0.1,0.1,0.4,3.0,376.0,0.0,0.0,0.13031914893617022
21.0,5.0,45.0,0.1,0.1,0.4,3.0,348.0,0.0,0.0,0.1839080459770115
21.0,5.0,46.0,0.1,0.1,0.4,3.0,333.0,0.0,0.0,0.19519519519519518
21.0,5.0,47.0,0.1,0.1,0.4,3.0,325.0,0.0,0.0,0.19076923076923077
21.0,5.0,48.0,0.1,0.1,0.4,3.0,333.0,0.0,0.0,0.19519519519519518
21.0,5.0,49.0,0.1,0.1,0.4,3.0,324.0,0.0,0.0,0.1882716049382716
21.0,5.0,50.0,0.1,0.1,0.4,3.0,328.0,0.0,0.0,0.20121951219512196
21.0,5.0,51.0,0.1,0.1,0.4,3.0,314.0,0.0,0.0,0.1942675159235669
21.0,5.0,52.0,0.1,0.1,0.4,3.0,319.0,0.0,0.0,0.20376175548589343
21.0,6.0,1.0,0.1,0.1,0.4,3.0,315.0,0.0,0.0,0.19365079365079366
21.0,6.0,2.0,0.1,0.1,0.4,3.0,319.0,0.0,0.0,0.20376175548589343
21.0,6.0,3.0,0.1,0.1,0.4,3.0,316.0,0.0,0.0,0.1930379746835443
21.0,6.0,4.0,0.1,0.1,0.4,3.0,318.0,0.0,0.0,0.20125786163522014
21.0,6.0,5.0,0.1,0.1,0.4,3.0,306.0,0.0,0.0,0.19281045751633988
21.0,6.0,6.0,0.1,0.1,0.4,3.0,307.0,0.0,0.0,0.20521172638436483
21.0,6.0,7.0,0.1,0.1,0.4,3.0,301.0,0.0,0.0,0.1893687707641196
21.0,6.0,8.0,0.1,0.1,0.4,3.0,308.0,0.0,0.0,0.20454545454545456
21.0,6.0,9.0,0.1,0.1,0.4,3.0,294.0,0.0,0.0,0.19387755102040816
21.0,6.0,10.0,0.1,0.1,0.4,3.0,292.0,0.0,0.0,0.20205479452054795
21.0,6.0,11.0,0.1,0.1,0.4,3.0,289.0,0.0,0.0,0.19377162629757785
21.0,6.0,12.0,0.1,0.1,0.4,3.0,288.0,0.0,0.0,0.2013888888888889
21.0,6.0,13.0,0.1,0.1,0.4,3.0,282.0,0.0,0.0,0.1950354609929078
21.0,6.0,14.0,0.1,0.1,0.4,3.0,284.0,0.0,0.0,0.2007042253521127
21.0,6.0,15.0,0.1,0.1,0.4,3.0,284.0,0.0,0.0,0.19718309859154928
21.0,6.0,16.0,0.1,0.1,0.4,3.0,284.0,0.0,0.0,0.19718309859154928
21.0,6.0,17.0,0.1,0.1,0.4,3.0,281.0,0.0,0.0,0.19572953736654805
21.0,6.0,18.0,0.1,0.1,0.4,3.0,282.0,0.0,0.0,0.19858156028368795
21.0,6.0,19.0,0.1,0.1,0.4,3.0,280.0,0.0,0.0,0.19642857142857142
21.0,6.0,20.0,0.1,0.1,0.4,3.0,538.0,0.0,0.0,0.10408921933085502
21.0,6.0,21.0,0.1,0.1,0.4,3.0,533.0,0.0,0.0,0.10131332082551595
21.0,6.0,22.0,0.1,0.1,0.4,3.0,512.0,0.0,0.0,0.10546875
21.0,6.0,23.0,0.1,0.1,0.4,3.0,509.0,0.0,0.0,0.10412573673870335
21.0,6.0,24.0,0.1,0.1,0.4,3.0,483.0,0.0,0.0,0.10973084886128365
21.0,6.0,25.0,0.1,0.1,0.4,3.0,477.0,0.0,0.0,0.1090146750524109
21.0,6.0,26.0,0.1,0.1,0.4,3.0,448.0,0.0,0.0,0.12276785714285714
21.0,6.0,27.0,0.1,0.1,0.4,3.0,447.0,0.0,0.0,0.116331096196868
21.0,6.0,28.0,0.1,0.1,0.4,3.0,427.0,0.0,0.0,0.12646370023419204
21.0,6.0,29.0,0.1,0.1,0.4,3.0,424.0,0.0,0.0,0.11556603773584906
21.0,6.0,30.0,0.1,0.1,0.4,3.0,421.0,0.0,0.0,0.1187648456057007
21.0,6.0,31.0,0.1,0.1,0.4,3.0,414.0,0.0,0.0,0.11835748792270531
21.0,6.0,32.0,0.1,0.1,0.4,3.0,408.0,0.0,0.0,0.12009803921568628
21.0,6.0,33.0,0.1,0.1,0.4,3.0,405.0,0.0,0.0,0.11851851851851852
21.0,6.0,34.0,0.1,0.1,0.4,3.0,371.0,0.0,0.0,0.12398921832884097
21.0,6.0,35.0,0.1,0.1,0.4,3.0,367.0,0.0,0.0,0.12534059945504086
21.0,6.0,36.0,0.1,0.1,0.4,3.0,364.0,0.0,0.0,0.12637362637362637
21.0,6.0,37.0,0.1,0.1,0.4,3.0,355.0,0.0,0.0,0.1267605633802817
21.0,6.0,38.0,0.1,0.1,0.4,3.0,345.0,0.0,0.0,0.12753623188405797
21.0,6.0,39.0,0.1,0.1,0.4,3.0,345.0,0.0,0.0,0.1246376811594203
21.0,6.0,40.0,0.1,0.1,0.4,3.0,329.0,0.0,0.0,0.1276595744680851
21.0,6.0,41.0,0.1,0.1,0.4,3.0,330.0,0.0,0.0,0.1303030303030303
21.0,6.0,42.0,0.1,0.1,0.4,3.0,322.0,0.0,0.0,0.12732919254658384
21.0,6.0,43.0,0.1,0.1,0.4,3.0,328.0,0.0,0.0,0.13109756097560976
21.0,6.0,44.0,0.1,0.1,0.4,3.0,323.0,0.0,0.0,0.12693498452012383
21.0,6.0,45.0,0.1,0.1,0.4,3.0,325.0,0.0,0.0,0.18461538461538463
21.0,6.0,46.0,0.1,0.1,0.4,3.0,320.0,0.0,0.0,0.184375
21.0,6.0,47.0,0.1,0.1,0.4,3.0,320.0,0.0,0.0,0.1875
21.0,6.0,48.0,0.1,0.1,0.4,3.0,312.0,0.0,0.0,0.1891025641025641
21.0,6.0,49.0,0.1,0.1,0.4,3.0,320.0,0.0,0.0,0.184375
21.0,6.0,50.0,0.1,0.1,0.4,3.0,308.0,0.0,0.0,0.18831168831168832
21.0,6.0,51.0,0.1,0.1,0.4,3.0,314.0,0.0,0.0,0.18152866242038215
21.0,6.0,52.0,0.1,0.1,0.4,3.0,306.0,0.0,0.0,0.1830065359477124
21.0,7.0,1.0,0.1,0.1,0.4,3.0,312.0,0.0,0.0,0.18269230769230768
21.0,7.0,2.0,0.1,0.1,0.4,3.0,305.0,0.0,0.0,0.18360655737704917
21.0,7.0,3.0,0.1,0.1,0.4,3.0,315.0,0.0,0.0,0.18095238095238095
21.0,7.0,4.0,0.1,0.1,0.4,3.0,297.0,0.0,0.0,0.18181818181818182
21.0,7.0,5.0,0.1,0.1,0.4,3.0,293.0,0.0,0.0,0.18430034129692832
21.0,7.0,6.0,0.1,0.1,0.4,3.0,290.0,0.0,0.0,0.18275862068965518
21.0,7.0,7.0,0.1,0.1,0.4,3.0,295.0,0.0,0.0,0.18305084745762712
21.0,7.0,8.0,0.1,0.1,0.4,3.0,290.0,0.0,0.0,0.18275862068965518
21.0,7.0,9.0,0.1,0.1,0.4,3.0,295.0,0.0,0.0,0.1864406779661017
21.0,7.0,10.0,0.1,0.1,0.4,3.0,283.0,0.0,0.0,0.18021201413427562
21.0,7.0,11.0,0.1,0.1,0.4,3.0,285.0,0.0,0.0,0.18596491228070175
21.0,7.0,12.0,0.1,0.1,0.4,3.0,282.0,0.0,0.0,0.18085106382978725
21.0,7.0,13.0,0.1,0.1,0.4,3.0,276.0,0.0,0.0,0.18478260869565216
21.0,7.0,14.0,0.1,0.1,0.4,3.0,272.0,0.0,0.0,0.1801470588235294
21.0,7.0,15.0,0.1,0.1,0.4,3.0,266.0,0.0,0.0,0.18421052631578946
21.0,7.0,16.0,0.1,0.1,0.4,3.0,257.0,0.0,0.0,0.17898832684824903
21.0,7.0,17.0,0.1,0.1,0.4,3.0,255.0,0.0,0.0,0.18823529411764706
21.0,7.0,18.0,0.1,0.1,0.4,3.0,249.0,0.0,0.0,0.18473895582329317
21.0,7.0,19.0,0.1,0.1,0.4,3.0,257.0,0.0,0.0,0.1867704280155642
21.0,7.0,20.0,0.1,0.1,0.4,3.0,495.0,0.0,0.0,0.09494949494949495
21.0,7.0,21.0,0.1,0.1,0.4,3.0,513.0,0.0,0.0,0.0935672514619883
21.0,7.0,22.0,0.1,0.1,0.4,3.0,471.0,0.0,0.0,0.09554140127388536
21.0,7.0,23.0,0.1,0.1,0.4,3.0,472.0,0.0,0.0,0.09533898305084745
21.0,7.0,24.0,0.1,0.1,0.4,3.0,437.0,0.0,0.0,0.09839816933638444
21.0,7.0,25.0,0.1,0.1,0.4,3.0,442.0,0.0,0.0,0.09502262443438914
21.0,7.0,26.0,0.1,0.1,0.4,3.0,419.0,0.0,0.0,0.09307875894988067
21.0,7.0,27.0,0.1,0.1,0.4,3.0,429.0,0.0,0.0,0.09090909090909091
21.0,7.0,28.0,0.1,0.1,0.4,3.0,407.0,0.0,0.0,0.09582309582309582
21.0,7.0,29.0,0.1,0.1,0.4,3.0,426.0,0.0,0.0,0.09154929577464789
21.0,7.0,30.0,0.1,0.1,0.4,3.0,385.0,0.0,0.0,0.0987012987012987
21.0,7.0,31.0,0.1,0.1,0.4,3.0,381.0,0.0,0.0,0.09711286089238845
21.0,7.0,32.0,0.1,0.1,0.4,3.0,357.0,0.0,0.0,0.10364145658263306
21.0,7.0,33.0,0.1,0.1,0.4,3.0,370.0,0.0,0.0,0.1
21.0,7.0,34.0,0.1,0.1,0.4,3.0,340.0,0.0,0.0,0.10882352941176471
21.0,7.0,35.0,0.1,0.1,0.4,3.0,352.0,0.0,0.0,0.10511363636363637
21.0,7.0,36.0,0.1,0.1,0.4,3.0,336.0,0.0,0.0,0.11011904761904762
21.0,7.0,37.0,0.1,0.1,0.4,3.0,352.0,0.0,0.0,0.10511363636363637
21.0,7.0,38.0,0.1,0.1,0.4,3.0,334.0,0.0,0.0,0.11077844311377245
21.0,7.0,39.0,0.1,0.1,0.4,3.0,353.0,0.0,0.0,0.1048158640226629
21.0,7.0,40.0,0.1,0.1,0.4,3.0,335.0,0.0,0.0,0.11044776119402985
21.0,7.0,41.0,0.1,0.1,0.4,3.0,331.0,0.0,0.0,0.10876132930513595
21.0,7.0,42.0,0.1,0.1,0.4,3.0,295.0,0.0,0.0,0.11864406779661017
21.0,7.0,43.0,0.1,0.1,0.4,3.0,307.0,0.0,0.0,0.11726384364820847
21.0,7.0,44.0,0.1,0.1,0.4,3.0,282.0,0.0,0.0,0.12056737588652482
21.0,7.0,45.0,0.1,0.1,0.4,3.0,285.0,0.0,0.0,0.18947368421052632
21.0,7.0,46.0,0.1,0.1,0.4,3.0,278.0,0.0,0.0,0.2014388489208633
21.0,7.0,47.0,0.1,0.1,0.4,3.0,283.0,0.0,0.0,0.19081272084805653
21.0,7.0,48.0,0.1,0.1,0.4,3.0,274.0,0.0,0.0,0.19708029197080293
21.0,7.0,49.0,0.1,0.1,0.4,3.0,280.0,0.0,0.0,0.18571428571428572
21.0,7.0,50.0,0.1,0.1,0.4,3.0,273.0,0.0,0.0,0.20146520146520147
21.0,7.0,51.0,0.1,0.1,0.4,3.0,270.0,0.0,0.0,0.18888888888888888
21.0,7.0,52.0,0.1,0.1,0.4,3.0,271.0,0.0,0.0,0.1992619926199262
21.0,8.0,1.0,0.1,0.1,0.4,3.0,267.0,0.0,0.0,0.1947565543071161
21.0,8.0,2.0,0.1,0.1,0.4,3.0,270.0,0.0,0.0,0.1962962962962963
21.0,8.0,3.0,0.1,0.1,0.4,3.0,267.0,0.0,0.0,0.19850187265917604
21.0,8.0,4.0,0.1,0.1,0.4,3.0,265.0,0.0,0.0,0.2
21.0,8.0,5.0,0.1,0.1,0.4,3.0,265.0,0.0,0.0,0.2037735849056604
21.0,8.0,6.0,0.1,0.1,0.4,3.0,261.0,0.0,0.0,0.19540229885057472
21.0,8.0,7.0,0.1,0.1,0.4,3.0,262.0,0.0,0.0,0.20229007633587787
21.0,8.0,8.0,0.1,0.1,0.4,3.0,261.0,0.0,0.0,0.19540229885057472
21.0,8.0,9.0,0.1,0.1,0.4,3.0,263.0,0.0,0.0,0.20152091254752852
21.0,8.0,10.0,0.1,0.1,0.4,3.0,261.0,0.0,0.0,0.20306513409961685
21.0,8.0,11.0,0.1,0.1,0.4,3.0,262.0,0.0,0.0,0.20229007633587787
21.0,8.0,12.0,0.1,0.1,0.4,3.0,259.0,0.0,0.0,0.19305019305019305
21.0,8.0,13.0,0.1,0.1,0.4,3.0,263.0,0.0,0.0,0.20532319391634982
21.0,8.0,14.0,0.1,0.1,0.4,3.0,261.0,0.0,0.0,0.19923371647509577
21.0,8.0,15.0,0.1,0.1,0.4,3.0,262.0,0.0,0.0,0.1984732824427481
21.0,8.0,16.0,0.1,0.1,0.4,3.0,260.0,0.0,0.0,0.2
21.0,8.0,17.0,0.1,0.1,0.4,3.0,260.0,0.0,0.0,0.19230769230769232
21.0,8.0,18.0,0.1,0.1,0.4,3.0,260.0,0.0,0.0,0.19615384615384615
21.0,8.0,19.0,0.1,0.1,0.4,3.0,261.0,0.0,0.0,0.19923371647509577
21.0,8.0,20.0,0.1,0.1,0.4,3.0,475.0,0.0,0.0,0.10947368421052632
21.0,8.0,21.0,0.1,0.1,0.4,3.0,461.0,0.0,0.0,0.10629067245119306
21.0,8.0,22.0,0.1,0.1,0.4,3.0,431.0,0.0,0.0,0.11136890951276102
21.0,8.0,23.0,0.1,0.1,0.4,3.0,420.0,0.0,0.0,0.11428571428571428
21.0,8.0,24.0,0.1,0.1,0.4,3.0,402.0,0.0,0.0,0.11194029850746269
21.0,8.0,25.0,0.1,0.1,0.4,3.0,391.0,0.0,0.0,0.11253196930946291
21.0,8.0,26.0,0.1,0.1,0.4,3.0,375.0,0.0,0.0,0.11733333333333333
21.0,8.0,27.0,0.1,0.1,0.4,3.0,352.0,0.0,0.0,0.11931818181818182
21.0,8.0,28.0,0.1,0.1,0.4,3.0,351.0,0.0,0.0,0.12535612535612536
21.0,8.0,29.0,0.1,0.1,0.4,3.0,325.0,0.0,0.0,0.12923076923076923
21.0,8.0,30.0,0.1,0.1,0.4,3.0,322.0,0.0,0.0,0.13043478260869565
21.0,8.0,31.0,0.1,0.1,0.4,3.0,306.0,0.0,0.0,0.13071895424836602
21.0,8.0,32.0,0.1,0.1,0.4,3.0,321.0,0.0,0.0,0.1277258566978193
21.0,8.0,33.0,0.1,0.1,0.4,3.0,305.0,0.0,0.0,0.12786885245901639
21.0,8.0,34.0,0.1,0.1,0.4,3.0,313.0,0.0,0.0,0.13099041533546327
21.0,8.0,35.0,0.1,0.1,0.4,3.0,289.0,0.0,0.0,0.1314878892733564
21.0,8.0,36.0,0.1,0.1,0.4,3.0,305.0,0.0,0.0,0.12786885245901639
21.0,8.0,37.0,0.1,0.1,0.4,3.0,290.0,0.0,0.0,0.13448275862068965
21.0,8.0,38.0,0.1,0.1,0.4,3.0,296.0,0.0,0.0,0.12837837837837837
21.0,8.0,39.0,0.1,0.1,0.4,3.0,288.0,0.0,0.0,0.13194444444444445
21.0,8.0,40.0,0.1,0.1,0.4,3.0,298.0,0.0,0.0,0.13087248322147652
21.0,8.0,41.0,0.1,0.1,0.4,3.0,287.0,0.0,0.0,0.1289198606271777
21.0,8.0,42.0,0.1,0.1,0.4,3.0,295.0,0.0,0.0,0.13220338983050847
21.0,8.0,43.0,0.1,0.1,0.4,3.0,283.0,0.0,0.0,0.13074204946996468
21.0,8.0,44.0,0.1,0.1,0.4,3.0,291.0,0.0,0.0,0.12714776632302405
21.0,8.0,45.0,0.1,0.1,0.4,3.0,277.0,0.0,0.0,0.19133574007220217
21.0,8.0,46.0,0.1,0.1,0.4,3.0,282.0,0.0,0.0,0.19148936170212766
21.0,8.0,47.0,0.1,0.1,0.4,3.0,280.0,0.0,0.0,0.19285714285714287
21.0,8.0,48.0,0.1,0.1,0.4,3.0,280.0,0.0,0.0,0.18928571428571428
21.0,8.0,49.0,0.1,0.1,0.4,3.0,280.0,0.0,0.0,0.19285714285714287
21.0,8.0,50.0,0.1,0.1,0.4,3.0,272.0,0.0,0.0,0.19852941176470587
21.0,8.0,51.0,0.1,0.1,0.4,3.0,273.0,0.0,0.0,0.1978021978021978
21.0,8.0,52.0,0.1,0.1,0.4,3.0,273.0,0.0,0.0,0.20146520146520147
21.0,9.0,1.0,0.1,0.1,0.4,3.0,267.0,0.0,0.0,0.20224719101123595
21.0,9.0,2.0,0.1,0.1,0.4,3.0,268.0,0.0,0.0,0.20522388059701493
21.0,9.0,3.0,0.1,0.1,0.4,3.0,269.0,0.0,0.0,0.20074349442379183
21.0,9.0,4.0,0.1,0.1,0.4,3.0,268.0,0.0,0.0,0.20522388059701493
21.0,9.0,5.0,0.1,0.1,0.4,3.0,268.0,0.0,0.0,0.20522388059701493
21.0,9.0,6.0,0.1,0.1,0.4,3.0,261.0,0.0,0.0,0.20689655172413793
21.0,9.0,7.0,0.1,0.1,0.4,3.0,261.0,0.0,0.0,0.210727969348659
21.0,9.0,8.0,0.1,0.1,0.4,3.0,261.0,0.0,0.0,0.20689655172413793
21.0,9.0,9.0,0.1,0.1,0.4,3.0,258.0,0.0,0.0,0.2054263565891473
21.0,9.0,10.0,0.1,0.1,0.4,3.0,261.0,0.0,0.0,0.20689655172413793
21.0,9.0,11.0,0.1,0.1,0.4,3.0,250.0,0.0,0.0,0.204
21.0,9.0,12.0,0.1,0.1,0.4,3.0,252.0,0.0,0.0,0.20238095238095238
21.0,9.0,13.0,0.1,0.1,0.4,3.0,254.0,0.0,0.0,0.2047244094488189
21.0,9.0,14.0,0.1,0.1,0.4,3.0,251.0,0.0,0.0,0.199203187250996
21.0,9.0,15.0,0.1,0.1,0.4,3.0,250.0,0.0,0.0,0.204
21.0,9.0,16.0,0.1,0.1,0.4,3.0,254.0,0.0,0.0,0.2047244094488189
21.0,9.0,17.0,0.1,0.1,0.4,3.0,253.0,0.0,0.0,0.20553359683794467
21.0,9.0,18.0,0.1,0.1,0.4,3.0,255.0,0.0,0.0,0.2
21.0,9.0,19.0,0.1,0.1,0.4,3.0,250.0,0.0,0.0,0.2
21.0,9.0,20.0,0.1,0.1,0.4,3.0,504.0,0.0,0.0,0.09126984126984126
21.0,9.0,21.0,0.1,0.1,0.4,3.0,469.0,0.0,0.0,0.09168443496801706
21.0,9.0,22.0,0.1,0.1,0.4,3.0,442.0,0.0,0.0,0.09728506787330317
21.0,9.0,23.0,0.1,0.1,0.4,3.0,425.0,0.0,0.0,0.1011764705882353
21.0,9.0,24.0,0.1,0.1,0.4,3.0,405.0,0.0,0.0,0.09876543209876543
21.0,9.0,25.0,0.1,0.1,0.4,3.0,385.0,0.0,0.0,0.1038961038961039
21.0,9.0,26.0,0.1,0.1,0.4,3.0,350.0,0.0,0.0,0.11428571428571428
21.0,9.0,27.0,0.1,0.1,0.4,3.0,330.0,0.0,0.0,0.11818181818181818
21.0,9.0,28.0,0.1,0.1,0.4,3.0,322.0,0.0,0.0,0.12422360248447205
21.0,9.0,29.0,0.1,0.1,0.4,3.0,291.0,0.0,0.0,0.13058419243986255
21.0,9.0,30.0,0.1,0.1,0.4,3.0,308.0,0.0,0.0,0.12337662337662338
21.0,9.0,31.0,0.1,0.1,0.4,3.0,296.0,0.0,0.0,0.125
21.0,9.0,32.0,0.1,0.1,0.4,3.0,310.0,0.0,0.0,0.12580645161290321
21.0,9.0,33.0,0.1,0.1,0.4,3.0,292.0,0.0,0.0,0.1267123287671233
21.0,9.0,34.0,0.1,0.1,0.4,3.0,303.0,0.0,0.0,0.12211221122112212
21.0,9.0,35.0,0.1,0.1,0.4,3.0,275.0,0.0,0.0,0.13090909090909092
21.0,9.0,36.0,0.1,0.1,0.4,3.0,293.0,0.0,0.0,0.1296928327645051
21.0,9.0,37.0,0.1,0.1,0.4,3.0,281.0,0.0,0.0,0.12811387900355872
21.0,9.0,38.0,0.1,0.1,0.4,3.0,287.0,0.0,0.0,0.1289198606271777
21.0,9.0,39.0,0.1,0.1,0.4,3.0,281.0,0.0,0.0,0.12811387900355872
21.0,9.0,40.0,0.1,0.1,0.4,3.0,291.0,0.0,0.0,0.12371134020618557
21.0,9.0,41.0,0.1,0.1,0.4,3.0,279.0,0.0,0.0,0.13261648745519714
21.0,9.0,42.0,0.1,0.1,0.4,3.0,290.0,0.0,0.0,0.12758620689655173
21.0,9.0,43.0,0.1,0.1,0.4,3.0,273.0,0.0,0.0,0.13553113553113552
21.0,9.0,44.0,0.1,0.1,0.4,3.0,289.0,0.0,0.0,0.12802768166089964
21.0,9.0,45.0,0.1,0.1,0.4,3.0,270.0,0.0,0.0,0.2037037037037037
21.0,9.0,46.0,0.1,0.1,0.4,3.0,289.0,0.0,0.0,0.1972318339100346
21.0,9.0,47.0,0.1,0.1,0.4,3.0,275.0,0.0,0.0,0.20363636363636364
21.0,9.0,48.0,0.1,0.1,0.4,3.0,287.0,0.0,0.0,0.1951219512195122
21.0,9.0,49.0,0.1,0.1,0.4,3.0,273.0,0.0,0.0,0.20512820512820512
21.0,9.0,50.0,0.1,0.1,0.4,3.0,286.0,0.0,0.0,0.1958041958041958
21.0,9.0,51.0,0.1,0.1,0.4,3.0,274.0,0.0,0.0,0.20072992700729927
21.0,9.0,52.0,0.1,0.1,0.4,3.0,277.0,0.0,0.0,0.19494584837545126
21.0,10.0,1.0,0.1,0.1,0.4,3.0,267.0,0.0,0.0,0.19850187265917604
21.0,10.0,2.0,0.1,0.1,0.4,3.0,276.0,0.0,0.0,0.1956521739130435
21.0,10.0,3.0,0.1,0.1,0.4,3.0,263.0,0.0,0.0,0.20152091254752852
21.0,10.0,4.0,0.1,0.1,0.4,3.0,276.0,0.0,0.0,0.1956521739130435
21.0,10.0,5.0,0.1,0.1,0.4,3.0,262.0,0.0,0.0,0.20229007633587787
21.0,10.0,6.0,0.1,0.1,0.4,3.0,275.0,0.0,0.0,0.19636363636363635
21.0,10.0,7.0,0.1,0.1,0.4,3.0,263.0,0.0,0.0,0.20152091254752852
21.0,10.0,8.0,0.1,0.1,0.4,3.0,276.0,0.0,0.0,0.1956521739130435
21.0,10.0,9.0,0.1,0.1,0.4,3.0,260.0,0.0,0.0,0.20384615384615384
21.0,10.0,10.0,0.1,0.1,0.4,3.0,275.0,0.0,0.0,0.19636363636363635
21.0,10.0,11.0,0.1,0.1,0.4,3.0,259.0,0.0,0.0,0.20463320463320464
21.0,10.0,12.0,0.1,0.1,0.4,3.0,264.0,0.0,0.0,0.20075757575757575
21.0,10.0,13.0,0.1,0.1,0.4,3.0,260.0,0.0,0.0,0.20384615384615384
21.0,10.0,14.0,0.1,0.1,0.4,3.0,263.0,0.0,0.0,0.20152091254752852
21.0,10.0,15.0,0.1,0.1,0.4,3.0,258.0,0.0,0.0,0.2054263565891473
21.0,10.0,16.0,0.1,0.1,0.4,3.0,263.0,0.0,0.0,0.20152091254752852
21.0,10.0,17.0,0.1,0.1,0.4,3.0,258.0,0.0,0.0,0.2054263565891473
21.0,10.0,18.0,0.1,0.1,0.4,3.0,260.0,0.0,0.0,0.20384615384615384
21.0,10.0,19.0,0.1,0.1,0.4,3.0,259.0,0.0,0.0,0.20463320463320464
21.0,10.0,20.0,0.1,0.1,0.4,3.0,479.0,0.0,0.0,0.10438413361169102
21.0,10.0,21.0,0.1,0.1,0.4,3.0,473.0,0.0,0.0,0.10359408033826638
21.0,10.0,22.0,0.1,0.1,0.4,3.0,473.0,0.0,0.0,0.10570824524312897
21.0,10.0,23.0,0.1,0.1,0.4,3.0,463.0,0.0,0.0,0.1079913606911447
21.0,10.0,24.0,0.1,0.1,0.4,3.0,453.0,0.0,0.0,0.10816777041942605
21.0,10.0,25.0,0.1,0.1,0.4,3.0,434.0,0.0,0.0,0.11290322580645161
21.0,10.0,26.0,0.1,0.1,0.4,3.0,421.0,0.0,0.0,0.1163895486935867
21.0,10.0,27.0,0.1,0.1,0.4,3.0,421.0,0.0,0.0,0.1163895486935867
21.0,10.0,28.0,0.1,0.1,0.4,3.0,398.0,0.0,0.0,0.11306532663316583
21.0,10.0,29.0,0.1,0.1,0.4,3.0,398.0,0.0,0.0,0.11306532663316583
21.0,10.0,30.0,0.1,0.1,0.4,3.0,401.0,0.0,0.0,0.11221945137157108
21.0,10.0,31.0,0.1,0.1,0.4,3.0,386.0,0.0,0.0,0.11139896373056994
21.0,10.0,32.0,0.1,0.1,0.4,3.0,366.0,0.0,0.0,0.11748633879781421
21.0,10.0,33.0,0.1,0.1,0.4,3.0,363.0,0.0,0.0,0.1184573002754821
21.0,10.0,34.0,0.1,0.1,0.4,3.0,355.0,0.0,0.0,0.12112676056338029
21.0,10.0,35.0,0.1,0.1,0.4,3.0,350.0,0.0,0.0,0.12285714285714286
21.0,10.0,36.0,0.1,0.1,0.4,3.0,338.0,0.0,0.0,0.12130177514792899
21.0,10.0,37.0,0.1,0.1,0.4,3.0,327.0,0.0,0.0,0.12538226299694188
21.0,10.0,38.0,0.1,0.1,0.4,3.0,330.0,0.0,0.0,0.12424242424242424
21.0,10.0,39.0,0.1,0.1,0.4,3.0,326.0,0.0,0.0,0.12576687116564417
21.0,10.0,40.0,0.1,0.1,0.4,3.0,317.0,0.0,0.0,0.12302839116719243
21.0,10.0,41.0,0.1,0.1,0.4,3.0,315.0,0.0,0.0,0.12380952380952381
21.0,10.0,42.0,0.1,0.1,0.4,3.0,316.0,0.0,0.0,0.12341772151898735
21.0,10.0,43.0,0.1,0.1,0.4,3.0,313.0,0.0,0.0,0.12460063897763578
21.0,10.0,44.0,0.1,0.1,0.4,3.0,309.0,0.0,0.0,0.12297734627831715
21.0,10.0,45.0,0.1,0.1,0.4,3.0,293.0,0.0,0.0,0.21160409556313994
21.0,10.0,46.0,0.1,0.1,0.4,3.0,288.0,0.0,0.0,0.2048611111111111
21.0,10.0,47.0,0.1,0.1,0.4,3.0,283.0,0.0,0.0,0.21201413427561838
21.0,10.0,48.0,0.1,0.1,0.4,3.0,287.0,0.0,0.0,0.20557491289198607
21.0,10.0,49.0,0.1,0.1,0.4,3.0,284.0,0.0,0.0,0.2112676056338028
21.0,10.0,50.0,0.1,0.1,0.4,3.0,276.0,0.0,0.0,0.2028985507246377
21.0,10.0,51.0,0.1,0.1,0.4,3.0,266.0,0.0,0.0,0.21428571428571427
21.0,10.0,52.0,0.1,0.1,0.4,3.0,268.0,0.0,0.0,0.208955223880597
22.0,1.0,1.0,0.1,0.1,0.4,3.0,5252.0,54.0,17.0,0.10376999238385377
22.0,1.0,2.0,0.1,0.1,0.4,3.0,5199.0,63.0,25.0,0.10251971532987113
22.0,1.0,3.0,0.1,0.1,0.4,3.0,5052.0,81.0,36.0,0.10391923990498812
22.0,1.0,4.0,0.1,0.1,0.4,3.0,4964.0,89.0,34.0,0.10495568090249799
22.0,1.0,5.0,0.1,0.1,0.4,3.0,4917.0,114.0,34.0,0.10616229408175717
22.0,1.0,6.0,0.1,0.1,0.4,3.0,4756.0,132.0,46.0,0.1063919259882254
22.0,1.0,7.0,0.1,0.1,0.4,3.0,4552.0,155.0,59.0,0.10720562390158173
22.0,1.0,8.0,0.1,0.1,0.4,3.0,4401.0,177.0,72.0,0.10633946830265849
22.0,1.0,9.0,0.1,0.1,0.4,3.0,4269.0,204.0,76.0,0.10634809088779573
22.0,1.0,10.0,0.1,0.1,0.4,3.0,4065.0,228.0,82.0,0.10627306273062731
22.0,1.0,11.0,0.1,0.1,0.4,3.0,3879.0,229.0,81.0,0.10724413508636246
22.0,1.0,12.0,0.1,0.1,0.4,3.0,3617.0,256.0,101.0,0.11114183024606027
22.0,1.0,13.0,0.1,0.1,0.4,3.0,3472.0,264.0,112.0,0.11117511520737328
22.0,1.0,14.0,0.1,0.1,0.4,3.0,3321.0,274.0,132.0,0.11291779584462511
22.0,1.0,15.0,0.1,0.1,0.4,3.0,3163.0,249.0,118.0,0.11508061966487512
22.0,1.0,16.0,0.1,0.1,0.4,3.0,2988.0,242.0,120.0,0.11847389558232932
22.0,1.0,17.0,0.1,0.1,0.4,3.0,2873.0,229.0,114.0,0.11938739993038636
22.0,1.0,18.0,0.1,0.1,0.4,3.0,2787.0,220.0,108.0,0.12450663796196627
22.0,1.0,19.0,0.1,0.1,0.4,3.0,2743.0,204.0,100.0,0.12358731316077287
22.0,1.0,20.0,0.1,0.1,0.4,3.0,7390.0,185.0,98.0,0.045872801082543976
22.0,1.0,21.0,0.1,0.1,0.4,3.0,6835.0,239.0,88.0,0.04637893196781273
22.0,1.0,22.0,0.1,0.1,0.4,3.0,6346.0,260.0,87.0,0.04932240781594705
22.0,1.0,23.0,0.1,0.1,0.4,3.0,5761.0,278.0,93.0,0.051553549730949486
22.0,1.0,24.0,0.1,0.1,0.4,3.0,5295.0,282.0,103.0,0.05231350330500472
22.0,1.0,25.0,0.1,0.1,0.4,3.0,4910.0,304.0,123.0,0.05356415478615071
22.0,1.0,26.0,0.1,0.1,0.4,3.0,4648.0,348.0,137.0,0.054432013769363165
22.0,1.0,27.0,0.1,0.1,0.4,3.0,4288.0,381.0,140.0,0.05573694029850746
22.0,1.0,28.0,0.1,0.1,0.4,3.0,3927.0,410.0,157.0,0.05856888209829386
22.0,1.0,29.0,0.1,0.1,0.4,3.0,3598.0,420.0,168.0,0.06031128404669261
22.0,1.0,30.0,0.1,0.1,0.4,3.0,3385.0,445.0,182.0,0.06292466765140325
22.0,1.0,31.0,0.1,0.1,0.4,3.0,3096.0,443.0,183.0,0.06492248062015504
22.0,1.0,32.0,0.1,0.1,0.4,3.0,2894.0,462.0,200.0,0.0663441603317208
22.0,1.0,33.0,0.1,0.1,0.4,3.0,2676.0,448.0,201.0,0.07025411061285501
22.0,1.0,34.0,0.1,0.1,0.4,3.0,2533.0,454.0,207.0,0.07145677062771418
22.0,1.0,35.0,0.1,0.1,0.4,3.0,2392.0,465.0,196.0,0.07692307692307693
22.0,1.0,36.0,0.1,0.1,0.4,3.0,2274.0,441.0,199.0,0.07871591908531222
22.0,1.0,37.0,0.1,0.1,0.4,3.0,2117.0,411.0,202.0,0.08408124704770903
22.0,1.0,38.0,0.1,0.1,0.4,3.0,1976.0,379.0,189.0,0.08856275303643725
22.0,1.0,39.0,0.1,0.1,0.4,3.0,1797.0,338.0,174.0,0.09237618252643294
22.0,1.0,40.0,0.1,0.1,0.4,3.0,1658.0,306.0,146.0,0.097708082026538
22.0,1.0,41.0,0.1,0.1,0.4,3.0,1566.0,289.0,149.0,0.10280970625798212
22.0,1.0,42.0,0.1,0.1,0.4,3.0,1420.0,263.0,133.0,0.10985915492957747
22.0,1.0,43.0,0.1,0.1,0.4,3.0,1327.0,237.0,133.0,0.11605124340617935
22.0,1.0,44.0,0.1,0.1,0.4,3.0,1244.0,215.0,115.0,0.1229903536977492
22.0,1.0,45.0,0.1,0.1,0.4,3.0,1151.0,183.0,90.0,0.19548218940052128
22.0,1.0,46.0,0.1,0.1,0.4,3.0,1052.0,142.0,72.0,0.20817490494296578
22.0,1.0,47.0,0.1,0.1,0.4,3.0,989.0,124.0,73.0,0.21334681496461072
22.0,1.0,48.0,0.1,0.1,0.4,3.0,948.0,107.0,62.0,0.21518987341772153
22.0,1.0,49.0,0.1,0.1,0.4,3.0,905.0,100.0,55.0,0.21878453038674034
22.0,1.0,50.0,0.1,0.1,0.4,3.0,852.0,86.0,41.0,0.22417840375586853
22.0,1.0,51.0,0.1,0.1,0.4,3.0,840.0,82.0,45.0,0.22738095238095238
22.0,1.0,52.0,0.1,0.1,0.4,3.0,815.0,75.0,42.0,0.2294478527607362
22.0,2.0,1.0,0.1,0.1,0.4,3.0,797.0,67.0,42.0,0.23212045169385195
22.0,2.0,2.0,0.1,0.1,0.4,3.0,774.0,61.0,37.0,0.23385012919896642
22.0,2.0,3.0,0.1,0.1,0.4,3.0,760.0,57.0,31.0,0.24078947368421053
22.0,2.0,4.0,0.1,0.1,0.4,3.0,735.0,50.0,25.0,0.24353741496598638
22.0,2.0,5.0,0.1,0.1,0.4,3.0,724.0,44.0,23.0,0.25
22.0,2.0,6.0,0.1,0.1,0.4,3.0,694.0,40.0,18.0,0.24351585014409222
22.0,2.0,7.0,0.1,0.1,0.4,3.0,685.0,32.0,16.0,0.24817518248175183
22.0,2.0,8.0,0.1,0.1,0.4,3.0,677.0,32.0,16.0,0.2466765140324963
22.0,2.0,9.0,0.1,0.1,0.4,3.0,672.0,31.0,18.0,0.25148809523809523
22.0,2.0,10.0,0.1,0.1,0.4,3.0,659.0,26.0,15.0,0.2503793626707132
22.0,2.0,11.0,0.1,0.1,0.4,3.0,656.0,25.0,12.0,0.2576219512195122
22.0,2.0,12.0,0.1,0.1,0.4,3.0,641.0,19.0,7.0,0.25585023400936036
22.0,2.0,13.0,0.1,0.1,0.4,3.0,634.0,18.0,7.0,0.2618296529968454
22.0,2.0,14.0,0.1,0.1,0.4,3.0,628.0,19.0,9.0,0.25796178343949044
22.0,2.0,15.0,0.1,0.1,0.4,3.0,623.0,17.0,8.0,0.26163723916532905
22.0,2.0,16.0,0.1,0.1,0.4,3.0,615.0,16.0,8.0,0.2601626016260163
22.0,2.0,17.0,0.1,0.1,0.4,3.0,613.0,14.0,7.0,0.2642740619902121
22.0,2.0,18.0,0.1,0.1,0.4,3.0,607.0,12.0,7.0,0.26194398682042835
22.0,2.0,19.0,0.1,0.1,0.4,3.0,603.0,9.0,6.0,0.2669983416252073
22.0,2.0,20.0,0.1,0.1,0.4,3.0,1104.0,8.0,5.0,0.14221014492753623
22.0,2.0,21.0,0.1,0.1,0.4,3.0,1028.0,7.0,3.0,0.14785992217898833
22.0,2.0,22.0,0.1,0.1,0.4,3.0,1022.0,5.0,4.0,0.14579256360078277
22.0,2.0,23.0,0.1,0.1,0.4,3.0,962.0,5.0,4.0,0.15280665280665282
22.0,2.0,24.0,0.1,0.1,0.4,3.0,906.0,7.0,4.0,0.1534216335540839
22.0,2.0,25.0,0.1,0.1,0.4,3.0,904.0,6.0,2.0,0.15597345132743362
22.0,2.0,26.0,0.1,0.1,0.4,3.0,857.0,5.0,3.0,0.15869311551925322
22.0,2.0,27.0,0.1,0.1,0.4,3.0,854.0,4.0,2.0,0.1592505854800937
22.0,2.0,28.0,0.1,0.1,0.4,3.0,839.0,4.0,1.0,0.15852205005959474
22.0,2.0,29.0,0.1,0.1,0.4,3.0,840.0,3.0,2.0,0.1619047619047619
22.0,2.0,30.0,0.1,0.1,0.4,3.0,824.0,3.0,2.0,0.16140776699029127
22.0,2.0,31.0,0.1,0.1,0.4,3.0,818.0,5.0,3.0,0.16381418092909536
22.0,2.0,32.0,0.1,0.1,0.4,3.0,805.0,7.0,1.0,0.16024844720496895
22.0,2.0,33.0,0.1,0.1,0.4,3.0,798.0,7.0,2.0,0.16290726817042606
22.0,2.0,34.0,0.1,0.1,0.4,3.0,777.0,6.0,2.0,0.16344916344916344
22.0,2.0,35.0,0.1,0.1,0.4,3.0,778.0,10.0,4.0,0.16323907455012854
22.0,2.0,36.0,0.1,0.1,0.4,3.0,768.0,9.0,4.0,0.1640625
22.0,2.0,37.0,0.1,0.1,0.4,3.0,751.0,9.0,4.0,0.1677762982689747
22.0,2.0,38.0,0.1,0.1,0.4,3.0,738.0,7.0,5.0,0.16531165311653118
22.0,2.0,39.0,0.1,0.1,0.4,3.0,734.0,6.0,4.0,0.167574931880109
22.0,2.0,40.0,0.1,0.1,0.4,3.0,709.0,6.0,4.0,0.16784203102961917
22.0,2.0,41.0,0.1,0.1,0.4,3.0,711.0,4.0,2.0,0.170182841068917
22.0,2.0,42.0,0.1,0.1,0.4,3.0,701.0,4.0,2.0,0.16690442225392296
22.0,2.0,43.0,0.1,0.1,0.4,3.0,692.0,3.0,1.0,0.17196531791907516
22.0,2.0,44.0,0.1,0.1,0.4,3.0,670.0,3.0,1.0,0.17313432835820897
22.0,2.0,45.0,0.1,0.1,0.4,3.0,652.0,3.0,1.0,0.23773006134969324
22.0,2.0,46.0,0.1,0.1,0.4,3.0,640.0,3.0,1.0,0.2390625
22.0,2.0,47.0,0.1,0.1,0.4,3.0,629.0,3.0,1.0,0.2384737678855326
22.0,2.0,48.0,0.1,0.1,0.4,3.0,624.0,3.0,2.0,0.2403846153846154
22.0,2.0,49.0,0.1,0.1,0.4,3.0,620.0,3.0,2.0,0.23709677419354838
22.0,2.0,50.0,0.1,0.1,0.4,3.0,622.0,2.0,2.0,0.2395498392282958
22.0,2.0,51.0,0.1,0.1,0.4,3.0,613.0,1.0,1.0,0.233278955954323
22.0,2.0,52.0,0.1,0.1,0.4,3.0,597.0,2.0,1.0,0.24120603015075376
22.0,3.0,1.0,0.1,0.1,0.4,3.0,589.0,2.0,0.0,0.23769100169779286
22.0,3.0,2.0,0.1,0.1,0.4,3.0,590.0,2.0,0.0,0.23898305084745763
22.0,3.0,3.0,0.1,0.1,0.4,3.0,582.0,2.0,1.0,0.23711340206185566
22.0,3.0,4.0,0.1,0.1,0.4,3.0,583.0,2.0,1.0,0.24013722126929674
22.0,3.0,5.0,0.1,0.1,0.4,3.0,570.0,2.0,1.0,0.23508771929824562
22.0,3.0,6.0,0.1,0.1,0.4,3.0,572.0,1.0,0.0,0.2395104895104895
22.0,3.0,7.0,0.1,0.1,0.4,3.0,566.0,1.0,0.0,0.23674911660777384
22.0,3.0,8.0,0.1,0.1,0.4,3.0,570.0,1.0,1.0,0.24210526315789474
22.0,3.0,9.0,0.1,0.1,0.4,3.0,545.0,1.0,1.0,0.23669724770642203
22.0,3.0,10.0,0.1,0.1,0.4,3.0,547.0,1.0,1.0,0.2413162705667276
22.0,3.0,11.0,0.1,0.1,0.4,3.0,536.0,0.0,0.0,0.23694029850746268
22.0,3.0,12.0,0.1,0.1,0.4,3.0,532.0,0.0,0.0,0.24060150375939848
22.0,3.0,13.0,0.1,0.1,0.4,3.0,524.0,0.0,0.0,0.23473282442748092
22.0,3.0,14.0,0.1,0.1,0.4,3.0,521.0,0.0,0.0,0.2399232245681382
22.0,3.0,15.0,0.1,0.1,0.4,3.0,504.0,0.0,0.0,0.2361111111111111
22.0,3.0,16.0,0.1,0.1,0.4,3.0,507.0,0.0,0.0,0.23865877712031558
22.0,3.0,17.0,0.1,0.1,0.4,3.0,501.0,0.0,0.0,0.23552894211576847
22.0,3.0,18.0,0.1,0.1,0.4,3.0,495.0,0.0,0.0,0.2404040404040404
22.0,3.0,19.0,0.1,0.1,0.4,3.0,492.0,0.0,0.0,0.23373983739837398
22.0,3.0,20.0,0.1,0.1,0.4,3.0,977.0,0.0,0.0,0.1218014329580348
22.0,3.0,21.0,0.1,0.1,0.4,3.0,930.0,0.0,0.0,0.11720430107526882
22.0,3.0,22.0,0.1,0.1,0.4,3.0,861.0,0.0,0.0,0.12427409988385599
22.0,3.0,23.0,0.1,0.1,0.4,3.0,832.0,0.0,0.0,0.12379807692307693
22.0,3.0,24.0,0.1,0.1,0.4,3.0,787.0,0.0,0.0,0.1207115628970775
22.0,3.0,25.0,0.1,0.1,0.4,3.0,768.0,0.0,0.0,0.11848958333333333
22.0,3.0,26.0,0.1,0.1,0.4,3.0,748.0,0.0,0.0,0.12165775401069519
22.0,3.0,27.0,0.1,0.1,0.4,3.0,730.0,0.0,0.0,0.12191780821917808
22.0,3.0,28.0,0.1,0.1,0.4,3.0,722.0,0.0,0.0,0.12049861495844875
22.0,3.0,29.0,0.1,0.1,0.4,3.0,725.0,0.0,0.0,0.12
22.0,3.0,30.0,0.1,0.1,0.4,3.0,681.0,0.0,0.0,0.12334801762114538
22.0,3.0,31.0,0.1,0.1,0.4,3.0,641.0,0.0,0.0,0.12792511700468018
22.0,3.0,32.0,0.1,0.1,0.4,3.0,626.0,0.0,0.0,0.13099041533546327
22.0,3.0,33.0,0.1,0.1,0.4,3.0,604.0,0.0,0.0,0.13079470198675497
22.0,3.0,34.0,0.1,0.1,0.4,3.0,585.0,0.0,0.0,0.13504273504273503
22.0,3.0,35.0,0.1,0.1,0.4,3.0,577.0,0.0,0.0,0.12998266897746968
22.0,3.0,36.0,0.1,0.1,0.4,3.0,574.0,0.0,0.0,0.13414634146341464
22.0,3.0,37.0,0.1,0.1,0.4,3.0,562.0,0.0,0.0,0.1298932384341637
22.0,3.0,38.0,0.1,0.1,0.4,3.0,549.0,0.0,0.0,0.13114754098360656
22.0,3.0,39.0,0.1,0.1,0.4,3.0,552.0,0.0,0.0,0.12681159420289856
22.0,3.0,40.0,0.1,0.1,0.4,3.0,534.0,0.0,0.0,0.12734082397003746
22.0,3.0,41.0,0.1,0.1,0.4,3.0,521.0,0.0,0.0,0.12667946257197696
22.0,3.0,42.0,0.1,0.1,0.4,3.0,516.0,0.0,0.0,0.1298449612403101
22.0,3.0,43.0,0.1,0.1,0.4,3.0,511.0,0.0,0.0,0.12915851272015655
22.0,3.0,44.0,0.1,0.1,0.4,3.0,503.0,0.0,0.0,0.12922465208747516
22.0,3.0,45.0,0.1,0.1,0.4,3.0,496.0,0.0,0.0,0.20362903225806453
22.0,3.0,46.0,0.1,0.1,0.4,3.0,484.0,0.0,0.0,0.20041322314049587
22.0,3.0,47.0,0.1,0.1,0.4,3.0,468.0,0.0,0.0,0.19658119658119658
22.0,3.0,48.0,0.1,0.1,0.4,3.0,471.0,0.0,0.0,0.19745222929936307
22.0,3.0,49.0,0.1,0.1,0.4,3.0,452.0,0.0,0.0,0.19469026548672566
22.0,3.0,50.0,0.1,0.1,0.4,3.0,467.0,0.0,0.0,0.1948608137044968
22.0,3.0,51.0,0.1,0.1,0.4,3.0,458.0,0.0,0.0,0.19213973799126638
22.0,3.0,52.0,0.1,0.1,0.4,3.0,467.0,0.0,0.0,0.1948608137044968
22.0,4.0,1.0,0.1,0.1,0.4,3.0,457.0,0.0,0.0,0.19037199124726478
22.0,4.0,2.0,0.1,0.1,0.4,3.0,456.0,0.0,0.0,0.19298245614035087
22.0,4.0,3.0,0.1,0.1,0.4,3.0,445.0,0.0,0.0,0.18876404494382024
22.0,4.0,4.0,0.1,0.1,0.4,3.0,454.0,0.0,0.0,0.19162995594713655
22.0,4.0,5.0,0.1,0.1,0.4,3.0,444.0,0.0,0.0,0.1891891891891892
22.0,4.0,6.0,0.1,0.1,0.4,3.0,450.0,0.0,0.0,0.18888888888888888
22.0,4.0,7.0,0.1,0.1,0.4,3.0,441.0,0.0,0.0,0.18820861678004536
22.0,4.0,8.0,0.1,0.1,0.4,3.0,447.0,0.0,0.0,0.18791946308724833
22.0,4.0,9.0,0.1,0.1,0.4,3.0,439.0,0.0,0.0,0.1845102505694761
22.0,4.0,10.0,0.1,0.1,0.4,3.0,445.0,0.0,0.0,0.18651685393258427
22.0,4.0,11.0,0.1,0.1,0.4,3.0,438.0,0.0,0.0,0.182648401826484
22.0,4.0,12.0,0.1,0.1,0.4,3.0,443.0,0.0,0.0,0.18284424379232506
22.0,4.0,13.0,0.1,0.1,0.4,3.0,438.0,0.0,0.0,0.182648401826484
22.0,4.0,14.0,0.1,0.1,0.4,3.0,443.0,0.0,0.0,0.18284424379232506
22.0,4.0,15.0,0.1,0.1,0.4,3.0,429.0,0.0,0.0,0.18414918414918416
22.0,4.0,16.0,0.1,0.1,0.4,3.0,434.0,0.0,0.0,0.18433179723502305
22.0,4.0,17.0,0.1,0.1,0.4,3.0,429.0,0.0,0.0,0.18414918414918416
22.0,4.0,18.0,0.1,0.1,0.4,3.0,434.0,0.0,0.0,0.18433179723502305
22.0,4.0,19.0,0.1,0.1,0.4,3.0,427.0,0.0,0.0,0.18501170960187355
22.0,4.0,20.0,0.1,0.1,0.4,3.0,797.0,0.0,0.0,0.10037641154328733
22.0,4.0,21.0,0.1,0.1,0.4,3.0,770.0,0.0,0.0,0.1012987012987013
22.0,4.0,22.0,0.1,0.1,0.4,3.0,770.0,0.0,0.0,0.1012987012987013
22.0,4.0,23.0,0.1,0.1,0.4,3.0,727.0,0.0,0.0,0.10591471801925723
22.0,4.0,24.0,0.1,0.1,0.4,3.0,715.0,0.0,0.0,0.1062937062937063
22.0,4.0,25.0,0.1,0.1,0.4,3.0,702.0,0.0,0.0,0.10541310541310542
22.0,4.0,26.0,0.1,0.1,0.4,3.0,692.0,0.0,0.0,0.10404624277456648
22.0,4.0,27.0,0.1,0.1,0.4,3.0,677.0,0.0,0.0,0.10635155096011817
22.0,4.0,28.0,0.1,0.1,0.4,3.0,636.0,0.0,0.0,0.11163522012578617
22.0,4.0,29.0,0.1,0.1,0.4,3.0,630.0,0.0,0.0,0.10952380952380952
22.0,4.0,30.0,0.1,0.1,0.4,3.0,608.0,0.0,0.0,0.11348684210526316
22.0,4.0,31.0,0.1,0.1,0.4,3.0,604.0,0.0,0.0,0.11423841059602649
22.0,4.0,32.0,0.1,0.1,0.4,3.0,598.0,0.0,0.0,0.11371237458193979
22.0,4.0,33.0,0.1,0.1,0.4,3.0,583.0,0.0,0.0,0.1183533447684391
22.0,4.0,34.0,0.1,0.1,0.4,3.0,579.0,0.0,0.0,0.11744386873920552
22.0,4.0,35.0,0.1,0.1,0.4,3.0,577.0,0.0,0.0,0.11785095320623917
22.0,4.0,36.0,0.1,0.1,0.4,3.0,565.0,0.0,0.0,0.12035398230088495
22.0,4.0,37.0,0.1,0.1,0.4,3.0,565.0,0.0,0.0,0.12035398230088495
22.0,4.0,38.0,0.1,0.1,0.4,3.0,565.0,0.0,0.0,0.12035398230088495
22.0,4.0,39.0,0.1,0.1,0.4,3.0,538.0,0.0,0.0,0.12267657992565056
22.0,4.0,40.0,0.1,0.1,0.4,3.0,538.0,0.0,0.0,0.12267657992565056
22.0,4.0,41.0,0.1,0.1,0.4,3.0,538.0,0.0,0.0,0.12267657992565056
22.0,4.0,42.0,0.1,0.1,0.4,3.0,535.0,0.0,0.0,0.1233644859813084
22.0,4.0,43.0,0.1,0.1,0.4,3.0,517.0,0.0,0.0,0.1276595744680851
22.0,4.0,44.0,0.1,0.1,0.4,3.0,515.0,0.0,0.0,0.12815533980582525
22.0,4.0,45.0,0.1,0.1,0.4,3.0,506.0,0.0,0.0,0.18774703557312253
22.0,4.0,46.0,0.1,0.1,0.4,3.0,499.0,0.0,0.0,0.1903807615230461
22.0,4.0,47.0,0.1,0.1,0.4,3.0,476.0,0.0,0.0,0.19327731092436976
22.0,4.0,48.0,0.1,0.1,0.4,3.0,479.0,0.0,0.0,0.1941544885177453
22.0,4.0,49.0,0.1,0.1,0.4,3.0,466.0,0.0,0.0,0.19313304721030042
22.0,4.0,50.0,0.1,0.1,0.4,3.0,468.0,0.0,0.0,0.19444444444444445
22.0,4.0,51.0,0.1,0.1,0.4,3.0,445.0,0.0,0.0,0.19325842696629214
22.0,4.0,52.0,0.1,0.1,0.4,3.0,448.0,0.0,0.0,0.19419642857142858
22.0,5.0,1.0,0.1,0.1,0.4,3.0,444.0,0.0,0.0,0.19369369369369369
22.0,5.0,2.0,0.1,0.1,0.4,3.0,448.0,0.0,0.0,0.19419642857142858
22.0,5.0,3.0,0.1,0.1,0.4,3.0,444.0,0.0,0.0,0.19369369369369369
22.0,5.0,4.0,0.1,0.1,0.4,3.0,448.0,0.0,0.0,0.19419642857142858
22.0,5.0,5.0,0.1,0.1,0.4,3.0,436.0,0.0,0.0,0.19495412844036697
22.0,5.0,6.0,0.1,0.1,0.4,3.0,440.0,0.0,0.0,0.19545454545454546
22.0,5.0,7.0,0.1,0.1,0.4,3.0,436.0,0.0,0.0,0.19495412844036697
22.0,5.0,8.0,0.1,0.1,0.4,3.0,440.0,0.0,0.0,0.19545454545454546
22.0,5.0,9.0,0.1,0.1,0.4,3.0,436.0,0.0,0.0,0.19495412844036697
22.0,5.0,10.0,0.1,0.1,0.4,3.0,438.0,0.0,0.0,0.1963470319634703
22.0,5.0,11.0,0.1,0.1,0.4,3.0,433.0,0.0,0.0,0.19630484988452657
22.0,5.0,12.0,0.1,0.1,0.4,3.0,427.0,0.0,0.0,0.19672131147540983
22.0,5.0,13.0,0.1,0.1,0.4,3.0,423.0,0.0,0.0,0.1938534278959811
22.0,5.0,14.0,0.1,0.1,0.4,3.0,426.0,0.0,0.0,0.19483568075117372
22.0,5.0,15.0,0.1,0.1,0.4,3.0,422.0,0.0,0.0,0.19194312796208532
22.0,5.0,16.0,0.1,0.1,0.4,3.0,423.0,0.0,0.0,0.19148936170212766
22.0,5.0,17.0,0.1,0.1,0.4,3.0,418.0,0.0,0.0,0.19138755980861244
22.0,5.0,18.0,0.1,0.1,0.4,3.0,421.0,0.0,0.0,0.19002375296912113
22.0,5.0,19.0,0.1,0.1,0.4,3.0,417.0,0.0,0.0,0.18944844124700239
22.0,5.0,20.0,0.1,0.1,0.4,3.0,776.0,0.0,0.0,0.10309278350515463
22.0,5.0,21.0,0.1,0.1,0.4,3.0,700.0,0.0,0.0,0.10571428571428572
22.0,5.0,22.0,0.1,0.1,0.4,3.0,697.0,0.0,0.0,0.10616929698708752
22.0,5.0,23.0,0.1,0.1,0.4,3.0,672.0,0.0,0.0,0.10863095238095238
22.0,5.0,24.0,0.1,0.1,0.4,3.0,678.0,0.0,0.0,0.10766961651917405
22.0,5.0,25.0,0.1,0.1,0.4,3.0,646.0,0.0,0.0,0.10835913312693499
22.0,5.0,26.0,0.1,0.1,0.4,3.0,582.0,0.0,0.0,0.11512027491408934
22.0,5.0,27.0,0.1,0.1,0.4,3.0,564.0,0.0,0.0,0.12056737588652482
22.0,5.0,28.0,0.1,0.1,0.4,3.0,533.0,0.0,0.0,0.12382739212007504
22.0,5.0,29.0,0.1,0.1,0.4,3.0,515.0,0.0,0.0,0.13009708737864079
22.0,5.0,30.0,0.1,0.1,0.4,3.0,505.0,0.0,0.0,0.12871287128712872
22.0,5.0,31.0,0.1,0.1,0.4,3.0,499.0,0.0,0.0,0.13226452905811623
22.0,5.0,32.0,0.1,0.1,0.4,3.0,487.0,0.0,0.0,0.1293634496919918
22.0,5.0,33.0,0.1,0.1,0.4,3.0,489.0,0.0,0.0,0.130879345603272
22.0,5.0,34.0,0.1,0.1,0.4,3.0,487.0,0.0,0.0,0.1293634496919918
22.0,5.0,35.0,0.1,0.1,0.4,3.0,488.0,0.0,0.0,0.13114754098360656
22.0,5.0,36.0,0.1,0.1,0.4,3.0,485.0,0.0,0.0,0.12989690721649486
22.0,5.0,37.0,0.1,0.1,0.4,3.0,487.0,0.0,0.0,0.13141683778234087
22.0,5.0,38.0,0.1,0.1,0.4,3.0,485.0,0.0,0.0,0.12989690721649486
22.0,5.0,39.0,0.1,0.1,0.4,3.0,476.0,0.0,0.0,0.1323529411764706
22.0,5.0,40.0,0.1,0.1,0.4,3.0,465.0,0.0,0.0,0.13333333333333333
22.0,5.0,41.0,0.1,0.1,0.4,3.0,456.0,0.0,0.0,0.1337719298245614
22.0,5.0,42.0,0.1,0.1,0.4,3.0,431.0,0.0,0.0,0.13225058004640372
22.0,5.0,43.0,0.1,0.1,0.4,3.0,412.0,0.0,0.0,0.1407766990291262
22.0,5.0,44.0,0.1,0.1,0.4,3.0,410.0,0.0,0.0,0.14146341463414633
22.0,5.0,45.0,0.1,0.1,0.4,3.0,403.0,0.0,0.0,0.20099255583126552
22.0,5.0,46.0,0.1,0.1,0.4,3.0,402.0,0.0,0.0,0.20149253731343283
22.0,5.0,47.0,0.1,0.1,0.4,3.0,404.0,0.0,0.0,0.2004950495049505
22.0,5.0,48.0,0.1,0.1,0.4,3.0,393.0,0.0,0.0,0.20610687022900764
22.0,5.0,49.0,0.1,0.1,0.4,3.0,393.0,0.0,0.0,0.20610687022900764
22.0,5.0,50.0,0.1,0.1,0.4,3.0,392.0,0.0,0.0,0.2066326530612245
22.0,5.0,51.0,0.1,0.1,0.4,3.0,392.0,0.0,0.0,0.20408163265306123
22.0,5.0,52.0,0.1,0.1,0.4,3.0,390.0,0.0,0.0,0.2076923076923077
22.0,6.0,1.0,0.1,0.1,0.4,3.0,391.0,0.0,0.0,0.2071611253196931
22.0,6.0,2.0,0.1,0.1,0.4,3.0,382.0,0.0,0.0,0.20680628272251309
22.0,6.0,3.0,0.1,0.1,0.4,3.0,381.0,0.0,0.0,0.2073490813648294
22.0,6.0,4.0,0.1,0.1,0.4,3.0,370.0,0.0,0.0,0.20810810810810812
22.0,6.0,5.0,0.1,0.1,0.4,3.0,369.0,0.0,0.0,0.20596205962059622
22.0,6.0,6.0,0.1,0.1,0.4,3.0,368.0,0.0,0.0,0.20652173913043478
22.0,6.0,7.0,0.1,0.1,0.4,3.0,365.0,0.0,0.0,0.20273972602739726
22.0,6.0,8.0,0.1,0.1,0.4,3.0,365.0,0.0,0.0,0.20273972602739726
22.0,6.0,9.0,0.1,0.1,0.4,3.0,366.0,0.0,0.0,0.20218579234972678
22.0,6.0,10.0,0.1,0.1,0.4,3.0,362.0,0.0,0.0,0.20441988950276244
22.0,6.0,11.0,0.1,0.1,0.4,3.0,361.0,0.0,0.0,0.20498614958448755
22.0,6.0,12.0,0.1,0.1,0.4,3.0,360.0,0.0,0.0,0.20555555555555555
22.0,6.0,13.0,0.1,0.1,0.4,3.0,360.0,0.0,0.0,0.20555555555555555
22.0,6.0,14.0,0.1,0.1,0.4,3.0,359.0,0.0,0.0,0.20334261838440112
22.0,6.0,15.0,0.1,0.1,0.4,3.0,358.0,0.0,0.0,0.20391061452513967
22.0,6.0,16.0,0.1,0.1,0.4,3.0,357.0,0.0,0.0,0.20448179271708683
22.0,6.0,17.0,0.1,0.1,0.4,3.0,357.0,0.0,0.0,0.20448179271708683
22.0,6.0,18.0,0.1,0.1,0.4,3.0,356.0,0.0,0.0,0.2050561797752809
22.0,6.0,19.0,0.1,0.1,0.4,3.0,357.0,0.0,0.0,0.20448179271708683
22.0,6.0,20.0,0.1,0.1,0.4,3.0,678.0,0.0,0.0,0.10619469026548672
22.0,6.0,21.0,0.1,0.1,0.4,3.0,649.0,0.0,0.0,0.10939907550077041
22.0,6.0,22.0,0.1,0.1,0.4,3.0,619.0,0.0,0.0,0.10339256865912763
22.0,6.0,23.0,0.1,0.1,0.4,3.0,606.0,0.0,0.0,0.10561056105610561
22.0,6.0,24.0,0.1,0.1,0.4,3.0,588.0,0.0,0.0,0.1054421768707483
22.0,6.0,25.0,0.1,0.1,0.4,3.0,578.0,0.0,0.0,0.10899653979238755
22.0,6.0,26.0,0.1,0.1,0.4,3.0,515.0,0.0,0.0,0.11650485436893204
22.0,6.0,27.0,0.1,0.1,0.4,3.0,483.0,0.0,0.0,0.11801242236024845
22.0,6.0,28.0,0.1,0.1,0.4,3.0,453.0,0.0,0.0,0.12362030905077263
22.0,6.0,29.0,0.1,0.1,0.4,3.0,429.0,0.0,0.0,0.12354312354312354
22.0,6.0,30.0,0.1,0.1,0.4,3.0,414.0,0.0,0.0,0.12077294685990338
22.0,6.0,31.0,0.1,0.1,0.4,3.0,404.0,0.0,0.0,0.12623762376237624
22.0,6.0,32.0,0.1,0.1,0.4,3.0,405.0,0.0,0.0,0.1259259259259259
22.0,6.0,33.0,0.1,0.1,0.4,3.0,392.0,0.0,0.0,0.13010204081632654
22.0,6.0,34.0,0.1,0.1,0.4,3.0,390.0,0.0,0.0,0.1282051282051282
22.0,6.0,35.0,0.1,0.1,0.4,3.0,381.0,0.0,0.0,0.13123359580052493
22.0,6.0,36.0,0.1,0.1,0.4,3.0,381.0,0.0,0.0,0.13123359580052493
22.0,6.0,37.0,0.1,0.1,0.4,3.0,380.0,0.0,0.0,0.13157894736842105
22.0,6.0,38.0,0.1,0.1,0.4,3.0,372.0,0.0,0.0,0.12903225806451613
22.0,6.0,39.0,0.1,0.1,0.4,3.0,371.0,0.0,0.0,0.1293800539083558
22.0,6.0,40.0,0.1,0.1,0.4,3.0,360.0,0.0,0.0,0.13333333333333333
22.0,6.0,41.0,0.1,0.1,0.4,3.0,357.0,0.0,0.0,0.13445378151260504
22.0,6.0,42.0,0.1,0.1,0.4,3.0,351.0,0.0,0.0,0.1339031339031339
22.0,6.0,43.0,0.1,0.1,0.4,3.0,351.0,0.0,0.0,0.1339031339031339
22.0,6.0,44.0,0.1,0.1,0.4,3.0,351.0,0.0,0.0,0.1339031339031339
22.0,6.0,45.0,0.1,0.1,0.4,3.0,346.0,0.0,0.0,0.20809248554913296
22.0,6.0,46.0,0.1,0.1,0.4,3.0,325.0,0.0,0.0,0.19692307692307692
22.0,6.0,47.0,0.1,0.1,0.4,3.0,318.0,0.0,0.0,0.20125786163522014
22.0,6.0,48.0,0.1,0.1,0.4,3.0,324.0,0.0,0.0,0.19753086419753085
22.0,6.0,49.0,0.1,0.1,0.4,3.0,318.0,0.0,0.0,0.20125786163522014
22.0,6.0,50.0,0.1,0.1,0.4,3.0,320.0,0.0,0.0,0.2
22.0,6.0,51.0,0.1,0.1,0.4,3.0,322.0,0.0,0.0,0.19875776397515527
22.0,6.0,52.0,0.1,0.1,0.4,3.0,312.0,0.0,0.0,0.1987179487179487
22.0,7.0,1.0,0.1,0.1,0.4,3.0,313.0,0.0,0.0,0.19808306709265175
22.0,7.0,2.0,0.1,0.1,0.4,3.0,309.0,0.0,0.0,0.20064724919093851
22.0,7.0,3.0,0.1,0.1,0.4,3.0,309.0,0.0,0.0,0.20388349514563106
22.0,7.0,4.0,0.1,0.1,0.4,3.0,306.0,0.0,0.0,0.20261437908496732
22.0,7.0,5.0,0.1,0.1,0.4,3.0,307.0,0.0,0.0,0.20521172638436483
22.0,7.0,6.0,0.1,0.1,0.4,3.0,307.0,0.0,0.0,0.20195439739413681
22.0,7.0,7.0,0.1,0.1,0.4,3.0,306.0,0.0,0.0,0.19934640522875818
22.0,7.0,8.0,0.1,0.1,0.4,3.0,304.0,0.0,0.0,0.19736842105263158
22.0,7.0,9.0,0.1,0.1,0.4,3.0,292.0,0.0,0.0,0.20205479452054795
22.0,7.0,10.0,0.1,0.1,0.4,3.0,292.0,0.0,0.0,0.20205479452054795
22.0,7.0,11.0,0.1,0.1,0.4,3.0,292.0,0.0,0.0,0.20205479452054795
22.0,7.0,12.0,0.1,0.1,0.4,3.0,291.0,0.0,0.0,0.2027491408934708
22.0,7.0,13.0,0.1,0.1,0.4,3.0,291.0,0.0,0.0,0.19931271477663232
22.0,7.0,14.0,0.1,0.1,0.4,3.0,289.0,0.0,0.0,0.1972318339100346
22.0,7.0,15.0,0.1,0.1,0.4,3.0,291.0,0.0,0.0,0.19931271477663232
22.0,7.0,16.0,0.1,0.1,0.4,3.0,285.0,0.0,0.0,0.19649122807017544
22.0,7.0,17.0,0.1,0.1,0.4,3.0,289.0,0.0,0.0,0.20069204152249134
22.0,7.0,18.0,0.1,0.1,0.4,3.0,284.0,0.0,0.0,0.2007042253521127
22.0,7.0,19.0,0.1,0.1,0.4,3.0,286.0,0.0,0.0,0.1958041958041958
22.0,7.0,20.0,0.1,0.1,0.4,3.0,535.0,0.0,0.0,0.10654205607476636
22.0,7.0,21.0,0.1,0.1,0.4,3.0,519.0,0.0,0.0,0.10211946050096339
22.0,7.0,22.0,0.1,0.1,0.4,3.0,489.0,0.0,0.0,0.10224948875255624
22.0,7.0,23.0,0.1,0.1,0.4,3.0,473.0,0.0,0.0,0.10570824524312897
22.0,7.0,24.0,0.1,0.1,0.4,3.0,450.0,0.0,0.0,0.1111111111111111
22.0,7.0,25.0,0.1,0.1,0.4,3.0,450.0,0.0,0.0,0.1111111111111111
22.0,7.0,26.0,0.1,0.1,0.4,3.0,450.0,0.0,0.0,0.1111111111111111
22.0,7.0,27.0,0.1,0.1,0.4,3.0,456.0,0.0,0.0,0.10964912280701754
22.0,7.0,28.0,0.1,0.1,0.4,3.0,429.0,0.0,0.0,0.11188811188811189
22.0,7.0,29.0,0.1,0.1,0.4,3.0,421.0,0.0,0.0,0.11163895486935867
22.0,7.0,30.0,0.1,0.1,0.4,3.0,411.0,0.0,0.0,0.11435523114355231
22.0,7.0,31.0,0.1,0.1,0.4,3.0,410.0,0.0,0.0,0.11463414634146342
22.0,7.0,32.0,0.1,0.1,0.4,3.0,405.0,0.0,0.0,0.11358024691358025
22.0,7.0,33.0,0.1,0.1,0.4,3.0,401.0,0.0,0.0,0.1172069825436409
22.0,7.0,34.0,0.1,0.1,0.4,3.0,396.0,0.0,0.0,0.11616161616161616
22.0,7.0,35.0,0.1,0.1,0.4,3.0,400.0,0.0,0.0,0.115
22.0,7.0,36.0,0.1,0.1,0.4,3.0,395.0,0.0,0.0,0.11645569620253164
22.0,7.0,37.0,0.1,0.1,0.4,3.0,392.0,0.0,0.0,0.11479591836734694
22.0,7.0,38.0,0.1,0.1,0.4,3.0,395.0,0.0,0.0,0.11645569620253164
22.0,7.0,39.0,0.1,0.1,0.4,3.0,399.0,0.0,0.0,0.11528822055137844
22.0,7.0,40.0,0.1,0.1,0.4,3.0,385.0,0.0,0.0,0.11428571428571428
22.0,7.0,41.0,0.1,0.1,0.4,3.0,380.0,0.0,0.0,0.11315789473684211
22.0,7.0,42.0,0.1,0.1,0.4,3.0,374.0,0.0,0.0,0.11229946524064172
22.0,7.0,43.0,0.1,0.1,0.4,3.0,373.0,0.0,0.0,0.10991957104557641
22.0,7.0,44.0,0.1,0.1,0.4,3.0,362.0,0.0,0.0,0.11602209944751381
22.0,7.0,45.0,0.1,0.1,0.4,3.0,354.0,0.0,0.0,0.17796610169491525
22.0,7.0,46.0,0.1,0.1,0.4,3.0,343.0,0.0,0.0,0.18075801749271136
22.0,7.0,47.0,0.1,0.1,0.4,3.0,340.0,0.0,0.0,0.18235294117647058
22.0,7.0,48.0,0.1,0.1,0.4,3.0,342.0,0.0,0.0,0.18128654970760233
22.0,7.0,49.0,0.1,0.1,0.4,3.0,322.0,0.0,0.0,0.18633540372670807
22.0,7.0,50.0,0.1,0.1,0.4,3.0,327.0,0.0,0.0,0.18654434250764526
22.0,7.0,51.0,0.1,0.1,0.4,3.0,324.0,0.0,0.0,0.18518518518518517
22.0,7.0,52.0,0.1,0.1,0.4,3.0,326.0,0.0,0.0,0.18404907975460122
22.0,8.0,1.0,0.1,0.1,0.4,3.0,323.0,0.0,0.0,0.18575851393188855
22.0,8.0,2.0,0.1,0.1,0.4,3.0,326.0,0.0,0.0,0.18711656441717792
22.0,8.0,3.0,0.1,0.1,0.4,3.0,322.0,0.0,0.0,0.18633540372670807
22.0,8.0,4.0,0.1,0.1,0.4,3.0,315.0,0.0,0.0,0.1873015873015873
22.0,8.0,5.0,0.1,0.1,0.4,3.0,311.0,0.0,0.0,0.1864951768488746
22.0,8.0,6.0,0.1,0.1,0.4,3.0,315.0,0.0,0.0,0.1873015873015873
22.0,8.0,7.0,0.1,0.1,0.4,3.0,312.0,0.0,0.0,0.1858974358974359
22.0,8.0,8.0,0.1,0.1,0.4,3.0,313.0,0.0,0.0,0.1853035143769968
22.0,8.0,9.0,0.1,0.1,0.4,3.0,309.0,0.0,0.0,0.18770226537216828
22.0,8.0,10.0,0.1,0.1,0.4,3.0,313.0,0.0,0.0,0.1853035143769968
22.0,8.0,11.0,0.1,0.1,0.4,3.0,309.0,0.0,0.0,0.18770226537216828
22.0,8.0,12.0,0.1,0.1,0.4,3.0,312.0,0.0,0.0,0.1858974358974359
22.0,8.0,13.0,0.1,0.1,0.4,3.0,308.0,0.0,0.0,0.18831168831168832
22.0,8.0,14.0,0.1,0.1,0.4,3.0,311.0,0.0,0.0,0.1864951768488746
22.0,8.0,15.0,0.1,0.1,0.4,3.0,309.0,0.0,0.0,0.18770226537216828
22.0,8.0,16.0,0.1,0.1,0.4,3.0,309.0,0.0,0.0,0.18770226537216828
22.0,8.0,17.0,0.1,0.1,0.4,3.0,307.0,0.0,0.0,0.18566775244299674
22.0,8.0,18.0,0.1,0.1,0.4,3.0,310.0,0.0,0.0,0.1870967741935484
22.0,8.0,19.0,0.1,0.1,0.4,3.0,307.0,0.0,0.0,0.18566775244299674
22.0,8.0,20.0,0.1,0.1,0.4,3.0,569.0,0.0,0.0,0.10017574692442882
22.0,8.0,21.0,0.1,0.1,0.4,3.0,527.0,0.0,0.0,0.10246679316888045
22.0,8.0,22.0,0.1,0.1,0.4,3.0,510.0,0.0,0.0,0.10588235294117647
22.0,8.0,23.0,0.1,0.1,0.4,3.0,484.0,0.0,0.0,0.10537190082644628
22.0,8.0,24.0,0.1,0.1,0.4,3.0,475.0,0.0,0.0,0.10736842105263159
22.0,8.0,25.0,0.1,0.1,0.4,3.0,444.0,0.0,0.0,0.11486486486486487
22.0,8.0,26.0,0.1,0.1,0.4,3.0,421.0,0.0,0.0,0.1187648456057007
22.0,8.0,27.0,0.1,0.1,0.4,3.0,413.0,0.0,0.0,0.12106537530266344
22.0,8.0,28.0,0.1,0.1,0.4,3.0,413.0,0.0,0.0,0.12106537530266344
22.0,8.0,29.0,0.1,0.1,0.4,3.0,408.0,0.0,0.0,0.12254901960784313
22.0,8.0,30.0,0.1,0.1,0.4,3.0,405.0,0.0,0.0,0.12345679012345678
22.0,8.0,31.0,0.1,0.1,0.4,3.0,400.0,0.0,0.0,0.125
22.0,8.0,32.0,0.1,0.1,0.4,3.0,397.0,0.0,0.0,0.12594458438287154
22.0,8.0,33.0,0.1,0.1,0.4,3.0,370.0,0.0,0.0,0.12702702702702703
22.0,8.0,34.0,0.1,0.1,0.4,3.0,351.0,0.0,0.0,0.1282051282051282
22.0,8.0,35.0,0.1,0.1,0.4,3.0,344.0,0.0,0.0,0.12790697674418605
22.0,8.0,36.0,0.1,0.1,0.4,3.0,351.0,0.0,0.0,0.1282051282051282
22.0,8.0,37.0,0.1,0.1,0.4,3.0,340.0,0.0,0.0,0.12941176470588237
22.0,8.0,38.0,0.1,0.1,0.4,3.0,343.0,0.0,0.0,0.13119533527696792
22.0,8.0,39.0,0.1,0.1,0.4,3.0,332.0,0.0,0.0,0.13253012048192772
22.0,8.0,40.0,0.1,0.1,0.4,3.0,334.0,0.0,0.0,0.1347305389221557
22.0,8.0,41.0,0.1,0.1,0.4,3.0,323.0,0.0,0.0,0.13622291021671826
22.0,8.0,42.0,0.1,0.1,0.4,3.0,320.0,0.0,0.0,0.1375
22.0,8.0,43.0,0.1,0.1,0.4,3.0,310.0,0.0,0.0,0.13870967741935483
22.0,8.0,44.0,0.1,0.1,0.4,3.0,318.0,0.0,0.0,0.13836477987421383
22.0,8.0,45.0,0.1,0.1,0.4,3.0,315.0,0.0,0.0,0.1746031746031746
22.0,8.0,46.0,0.1,0.1,0.4,3.0,318.0,0.0,0.0,0.1761006289308176
22.0,8.0,47.0,0.1,0.1,0.4,3.0,309.0,0.0,0.0,0.1779935275080906
22.0,8.0,48.0,0.1,0.1,0.4,3.0,307.0,0.0,0.0,0.18241042345276873
22.0,8.0,49.0,0.1,0.1,0.4,3.0,290.0,0.0,0.0,0.18275862068965518
22.0,8.0,50.0,0.1,0.1,0.4,3.0,297.0,0.0,0.0,0.18181818181818182
22.0,8.0,51.0,0.1,0.1,0.4,3.0,294.0,0.0,0.0,0.18027210884353742
22.0,8.0,52.0,0.1,0.1,0.4,3.0,297.0,0.0,0.0,0.18181818181818182
22.0,9.0,1.0,0.1,0.1,0.4,3.0,292.0,0.0,0.0,0.1815068493150685
22.0,9.0,2.0,0.1,0.1,0.4,3.0,290.0,0.0,0.0,0.18620689655172415
22.0,9.0,3.0,0.1,0.1,0.4,3.0,287.0,0.0,0.0,0.18466898954703834
22.0,9.0,4.0,0.1,0.1,0.4,3.0,289.0,0.0,0.0,0.18685121107266436
22.0,9.0,5.0,0.1,0.1,0.4,3.0,287.0,0.0,0.0,0.18466898954703834
22.0,9.0,6.0,0.1,0.1,0.4,3.0,289.0,0.0,0.0,0.18685121107266436
22.0,9.0,7.0,0.1,0.1,0.4,3.0,287.0,0.0,0.0,0.18466898954703834
22.0,9.0,8.0,0.1,0.1,0.4,3.0,290.0,0.0,0.0,0.18620689655172415
22.0,9.0,9.0,0.1,0.1,0.4,3.0,286.0,0.0,0.0,0.1853146853146853
22.0,9.0,10.0,0.1,0.1,0.4,3.0,289.0,0.0,0.0,0.18685121107266436
22.0,9.0,11.0,0.1,0.1,0.4,3.0,286.0,0.0,0.0,0.1853146853146853
22.0,9.0,12.0,0.1,0.1,0.4,3.0,289.0,0.0,0.0,0.18685121107266436
22.0,9.0,13.0,0.1,0.1,0.4,3.0,284.0,0.0,0.0,0.18661971830985916
22.0,9.0,14.0,0.1,0.1,0.4,3.0,286.0,0.0,0.0,0.1888111888111888
22.0,9.0,15.0,0.1,0.1,0.4,3.0,285.0,0.0,0.0,0.18596491228070175
22.0,9.0,16.0,0.1,0.1,0.4,3.0,289.0,0.0,0.0,0.18685121107266436
22.0,9.0,17.0,0.1,0.1,0.4,3.0,286.0,0.0,0.0,0.1853146853146853
22.0,9.0,18.0,0.1,0.1,0.4,3.0,289.0,0.0,0.0,0.18685121107266436
22.0,9.0,19.0,0.1,0.1,0.4,3.0,286.0,0.0,0.0,0.1853146853146853
22.0,9.0,20.0,0.1,0.1,0.4,3.0,513.0,0.0,0.0,0.0935672514619883
22.0,9.0,21.0,0.1,0.1,0.4,3.0,475.0,0.0,0.0,0.09473684210526316
22.0,9.0,22.0,0.1,0.1,0.4,3.0,467.0,0.0,0.0,0.09635974304068523
22.0,9.0,23.0,0.1,0.1,0.4,3.0,460.0,0.0,0.0,0.09565217391304348
22.0,9.0,24.0,0.1,0.1,0.4,3.0,448.0,0.0,0.0,0.09821428571428571
22.0,9.0,25.0,0.1,0.1,0.4,3.0,432.0,0.0,0.0,0.09953703703703703
22.0,9.0,26.0,0.1,0.1,0.4,3.0,431.0,0.0,0.0,0.10208816705336426
22.0,9.0,27.0,0.1,0.1,0.4,3.0,379.0,0.0,0.0,0.11081794195250659
22.0,9.0,28.0,0.1,0.1,0.4,3.0,393.0,0.0,0.0,0.10941475826972011
22.0,9.0,29.0,0.1,0.1,0.4,3.0,386.0,0.0,0.0,0.10880829015544041
22.0,9.0,30.0,0.1,0.1,0.4,3.0,383.0,0.0,0.0,0.10966057441253264
22.0,9.0,31.0,0.1,0.1,0.4,3.0,365.0,0.0,0.0,0.1095890410958904
22.0,9.0,32.0,0.1,0.1,0.4,3.0,372.0,0.0,0.0,0.11021505376344086
22.0,9.0,33.0,0.1,0.1,0.4,3.0,357.0,0.0,0.0,0.11204481792717087
22.0,9.0,34.0,0.1,0.1,0.4,3.0,365.0,0.0,0.0,0.11232876712328767
22.0,9.0,35.0,0.1,0.1,0.4,3.0,357.0,0.0,0.0,0.11204481792717087
22.0,9.0,36.0,0.1,0.1,0.4,3.0,361.0,0.0,0.0,0.11357340720221606
22.0,9.0,37.0,0.1,0.1,0.4,3.0,357.0,0.0,0.0,0.11204481792717087
22.0,9.0,38.0,0.1,0.1,0.4,3.0,338.0,0.0,0.0,0.11242603550295859
22.0,9.0,39.0,0.1,0.1,0.4,3.0,333.0,0.0,0.0,0.1111111111111111
22.0,9.0,40.0,0.1,0.1,0.4,3.0,339.0,0.0,0.0,0.11209439528023599
22.0,9.0,41.0,0.1,0.1,0.4,3.0,333.0,0.0,0.0,0.1111111111111111
22.0,9.0,42.0,0.1,0.1,0.4,3.0,340.0,0.0,0.0,0.11176470588235295
22.0,9.0,43.0,0.1,0.1,0.4,3.0,330.0,0.0,0.0,0.11212121212121212
22.0,9.0,44.0,0.1,0.1,0.4,3.0,337.0,0.0,0.0,0.11275964391691394
22.0,9.0,45.0,0.1,0.1,0.4,3.0,322.0,0.0,0.0,0.19875776397515527
22.0,9.0,46.0,0.1,0.1,0.4,3.0,319.0,0.0,0.0,0.20376175548589343
22.0,9.0,47.0,0.1,0.1,0.4,3.0,313.0,0.0,0.0,0.20447284345047922
22.0,9.0,48.0,0.1,0.1,0.4,3.0,311.0,0.0,0.0,0.2090032154340836
22.0,9.0,49.0,0.1,0.1,0.4,3.0,304.0,0.0,0.0,0.21052631578947367
22.0,9.0,50.0,0.1,0.1,0.4,3.0,311.0,0.0,0.0,0.2090032154340836
22.0,9.0,51.0,0.1,0.1,0.4,3.0,294.0,0.0,0.0,0.21768707482993196
22.0,9.0,52.0,0.1,0.1,0.4,3.0,290.0,0.0,0.0,0.2206896551724138
22.0,10.0,1.0,0.1,0.1,0.4,3.0,276.0,0.0,0.0,0.2210144927536232
22.0,10.0,2.0,0.1,0.1,0.4,3.0,280.0,0.0,0.0,0.21785714285714286
22.0,10.0,3.0,0.1,0.1,0.4,3.0,276.0,0.0,0.0,0.2210144927536232
22.0,10.0,4.0,0.1,0.1,0.4,3.0,280.0,0.0,0.0,0.21785714285714286
22.0,10.0,5.0,0.1,0.1,0.4,3.0,267.0,0.0,0.0,0.2247191011235955
22.0,10.0,6.0,0.1,0.1,0.4,3.0,272.0,0.0,0.0,0.22058823529411764
22.0,10.0,7.0,0.1,0.1,0.4,3.0,267.0,0.0,0.0,0.2247191011235955
22.0,10.0,8.0,0.1,0.1,0.4,3.0,272.0,0.0,0.0,0.22058823529411764
22.0,10.0,9.0,0.1,0.1,0.4,3.0,266.0,0.0,0.0,0.22556390977443608
22.0,10.0,10.0,0.1,0.1,0.4,3.0,271.0,0.0,0.0,0.22140221402214022
22.0,10.0,11.0,0.1,0.1,0.4,3.0,267.0,0.0,0.0,0.2247191011235955
22.0,10.0,12.0,0.1,0.1,0.4,3.0,270.0,0.0,0.0,0.2222222222222222
22.0,10.0,13.0,0.1,0.1,0.4,3.0,267.0,0.0,0.0,0.2247191011235955
22.0,10.0,14.0,0.1,0.1,0.4,3.0,271.0,0.0,0.0,0.22140221402214022
22.0,10.0,15.0,0.1,0.1,0.4,3.0,267.0,0.0,0.0,0.2247191011235955
22.0,10.0,16.0,0.1,0.1,0.4,3.0,271.0,0.0,0.0,0.22140221402214022
22.0,10.0,17.0,0.1,0.1,0.4,3.0,266.0,0.0,0.0,0.22180451127819548
22.0,10.0,18.0,0.1,0.1,0.4,3.0,272.0,0.0,0.0,0.22058823529411764
22.0,10.0,19.0,0.1,0.1,0.4,3.0,267.0,0.0,0.0,0.2247191011235955
22.0,10.0,20.0,0.1,0.1,0.4,3.0,458.0,0.0,0.0,0.11135371179039301
22.0,10.0,21.0,0.1,0.1,0.4,3.0,432.0,0.0,0.0,0.11805555555555555
22.0,10.0,22.0,0.1,0.1,0.4,3.0,443.0,0.0,0.0,0.11512415349887133
22.0,10.0,23.0,0.1,0.1,0.4,3.0,396.0,0.0,0.0,0.12878787878787878
22.0,10.0,24.0,0.1,0.1,0.4,3.0,407.0,0.0,0.0,0.12530712530712532
22.0,10.0,25.0,0.1,0.1,0.4,3.0,365.0,0.0,0.0,0.13424657534246576
22.0,10.0,26.0,0.1,0.1,0.4,3.0,368.0,0.0,0.0,0.1331521739130435
22.0,10.0,27.0,0.1,0.1,0.4,3.0,357.0,0.0,0.0,0.13725490196078433
22.0,10.0,28.0,0.1,0.1,0.4,3.0,368.0,0.0,0.0,0.1331521739130435
22.0,10.0,29.0,0.1,0.1,0.4,3.0,357.0,0.0,0.0,0.13725490196078433
22.0,10.0,30.0,0.1,0.1,0.4,3.0,355.0,0.0,0.0,0.1323943661971831
22.0,10.0,31.0,0.1,0.1,0.4,3.0,337.0,0.0,0.0,0.142433234421365
22.0,10.0,32.0,0.1,0.1,0.4,3.0,348.0,0.0,0.0,0.13793103448275862
22.0,10.0,33.0,0.1,0.1,0.4,3.0,328.0,0.0,0.0,0.14329268292682926
22.0,10.0,34.0,0.1,0.1,0.4,3.0,321.0,0.0,0.0,0.14330218068535824
22.0,10.0,35.0,0.1,0.1,0.4,3.0,320.0,0.0,0.0,0.146875
22.0,10.0,36.0,0.1,0.1,0.4,3.0,320.0,0.0,0.0,0.14375
22.0,10.0,37.0,0.1,0.1,0.4,3.0,320.0,0.0,0.0,0.146875
22.0,10.0,38.0,0.1,0.1,0.4,3.0,313.0,0.0,0.0,0.14376996805111822
22.0,10.0,39.0,0.1,0.1,0.4,3.0,312.0,0.0,0.0,0.14743589743589744
22.0,10.0,40.0,0.1,0.1,0.4,3.0,311.0,0.0,0.0,0.14469453376205788
22.0,10.0,41.0,0.1,0.1,0.4,3.0,310.0,0.0,0.0,0.14838709677419354
22.0,10.0,42.0,0.1,0.1,0.4,3.0,310.0,0.0,0.0,0.14516129032258066
22.0,10.0,43.0,0.1,0.1,0.4,3.0,309.0,0.0,0.0,0.1488673139158576
22.0,10.0,44.0,0.1,0.1,0.4,3.0,302.0,0.0,0.0,0.1490066225165563
22.0,10.0,45.0,0.1,0.1,0.4,3.0,301.0,0.0,0.0,0.2425249169435216
22.0,10.0,46.0,0.1,0.1,0.4,3.0,302.0,0.0,0.0,0.23841059602649006
22.0,10.0,47.0,0.1,0.1,0.4,3.0,300.0,0.0,0.0,0.24333333333333335
22.0,10.0,48.0,0.1,0.1,0.4,3.0,302.0,0.0,0.0,0.23841059602649006
22.0,10.0,49.0,0.1,0.1,0.4,3.0,301.0,0.0,0.0,0.2425249169435216
22.0,10.0,50.0,0.1,0.1,0.4,3.0,301.0,0.0,0.0,0.23920265780730898
22.0,10.0,51.0,0.1,0.1,0.4,3.0,301.0,0.0,0.0,0.2425249169435216
22.0,10.0,52.0,0.1,0.1,0.4,3.0,298.0,0.0,0.0,0.24161073825503357
23.0,1.0,1.0,0.1,0.1,0.4,3.0,5158.0,46.0,5.0,0.09596742923613803
23.0,1.0,2.0,0.1,0.1,0.4,3.0,5056.0,48.0,18.0,0.09612341772151899
23.0,1.0,3.0,0.1,0.1,0.4,3.0,4900.0,63.0,26.0,0.09673469387755101
23.0,1.0,4.0,0.1,0.1,0.4,3.0,4841.0,85.0,34.0,0.09502168973352614
23.0,1.0,5.0,0.1,0.1,0.4,3.0,4803.0,101.0,35.0,0.09743910056214866
23.0,1.0,6.0,0.1,0.1,0.4,3.0,4650.0,122.0,43.0,0.0967741935483871
23.0,1.0,7.0,0.1,0.1,0.4,3.0,4501.0,148.0,52.0,0.09953343701399689
23.0,1.0,8.0,0.1,0.1,0.4,3.0,4202.0,157.0,51.0,0.09757258448357925
23.0,1.0,9.0,0.1,0.1,0.4,3.0,4051.0,154.0,62.0,0.09898790422117995
23.0,1.0,10.0,0.1,0.1,0.4,3.0,3890.0,161.0,66.0,0.09845758354755783
23.0,1.0,11.0,0.1,0.1,0.4,3.0,3695.0,206.0,87.0,0.0993234100135318
23.0,1.0,12.0,0.1,0.1,0.4,3.0,3573.0,216.0,91.0,0.0996361600895606
23.0,1.0,13.0,0.1,0.1,0.4,3.0,3434.0,231.0,109.0,0.10163075131042516
23.0,1.0,14.0,0.1,0.1,0.4,3.0,3319.0,239.0,110.0,0.10274178969569148
23.0,1.0,15.0,0.1,0.1,0.4,3.0,3177.0,245.0,114.0,0.10418633931381807
23.0,1.0,16.0,0.1,0.1,0.4,3.0,3051.0,228.0,118.0,0.10455588331694526
23.0,1.0,17.0,0.1,0.1,0.4,3.0,2962.0,226.0,112.0,0.10735989196488858
23.0,1.0,18.0,0.1,0.1,0.4,3.0,2852.0,237.0,121.0,0.10799438990182328
23.0,1.0,19.0,0.1,0.1,0.4,3.0,2735.0,229.0,112.0,0.11115173674588666
23.0,1.0,20.0,0.1,0.1,0.4,3.0,7259.0,228.0,113.0,0.04105248656839785
23.0,1.0,21.0,0.1,0.1,0.4,3.0,6512.0,291.0,91.0,0.04176904176904177
23.0,1.0,22.0,0.1,0.1,0.4,3.0,6016.0,335.0,93.0,0.04188829787234043
23.0,1.0,23.0,0.1,0.1,0.4,3.0,5360.0,334.0,107.0,0.04272388059701492
23.0,1.0,24.0,0.1,0.1,0.4,3.0,4798.0,352.0,136.0,0.04376823676531888
23.0,1.0,25.0,0.1,0.1,0.4,3.0,4450.0,399.0,141.0,0.04584269662921348
23.0,1.0,26.0,0.1,0.1,0.4,3.0,4037.0,426.0,153.0,0.04879861283131038
23.0,1.0,27.0,0.1,0.1,0.4,3.0,3728.0,420.0,150.0,0.050965665236051505
23.0,1.0,28.0,0.1,0.1,0.4,3.0,3526.0,447.0,180.0,0.051900170164492346
23.0,1.0,29.0,0.1,0.1,0.4,3.0,3182.0,401.0,179.0,0.053739786297925835
23.0,1.0,30.0,0.1,0.1,0.4,3.0,2958.0,415.0,179.0,0.05442866801893171
23.0,1.0,31.0,0.1,0.1,0.4,3.0,2730.0,410.0,195.0,0.05347985347985348
23.0,1.0,32.0,0.1,0.1,0.4,3.0,2519.0,390.0,187.0,0.05716554188169909
23.0,1.0,33.0,0.1,0.1,0.4,3.0,2301.0,396.0,175.0,0.05910473707083876
23.0,1.0,34.0,0.1,0.1,0.4,3.0,2156.0,371.0,162.0,0.06215213358070501
23.0,1.0,35.0,0.1,0.1,0.4,3.0,2020.0,355.0,166.0,0.06435643564356436
23.0,1.0,36.0,0.1,0.1,0.4,3.0,1886.0,332.0,171.0,0.06839872746553552
23.0,1.0,37.0,0.1,0.1,0.4,3.0,1740.0,296.0,163.0,0.07183908045977011
23.0,1.0,38.0,0.1,0.1,0.4,3.0,1599.0,251.0,138.0,0.07692307692307693
23.0,1.0,39.0,0.1,0.1,0.4,3.0,1513.0,242.0,123.0,0.0806345009914078
23.0,1.0,40.0,0.1,0.1,0.4,3.0,1395.0,200.0,96.0,0.08673835125448029
23.0,1.0,41.0,0.1,0.1,0.4,3.0,1297.0,181.0,88.0,0.09175019275250579
23.0,1.0,42.0,0.1,0.1,0.4,3.0,1216.0,164.0,88.0,0.09457236842105263
23.0,1.0,43.0,0.1,0.1,0.4,3.0,1139.0,147.0,78.0,0.09920983318700614
23.0,1.0,44.0,0.1,0.1,0.4,3.0,1089.0,143.0,71.0,0.10376492194674013
23.0,1.0,45.0,0.1,0.1,0.4,3.0,1025.0,121.0,50.0,0.17365853658536584
23.0,1.0,46.0,0.1,0.1,0.4,3.0,971.0,102.0,49.0,0.17713697219361482
23.0,1.0,47.0,0.1,0.1,0.4,3.0,915.0,96.0,50.0,0.17814207650273223
23.0,1.0,48.0,0.1,0.1,0.4,3.0,905.0,97.0,50.0,0.18232044198895028
23.0,1.0,49.0,0.1,0.1,0.4,3.0,872.0,86.0,45.0,0.18463302752293578
23.0,1.0,50.0,0.1,0.1,0.4,3.0,839.0,82.0,44.0,0.18593563766388557
23.0,1.0,51.0,0.1,0.1,0.4,3.0,805.0,72.0,40.0,0.18633540372670807
23.0,1.0,52.0,0.1,0.1,0.4,3.0,776.0,60.0,34.0,0.19201030927835053
23.0,2.0,1.0,0.1,0.1,0.4,3.0,751.0,56.0,28.0,0.19174434087882822
23.0,2.0,2.0,0.1,0.1,0.4,3.0,737.0,51.0,24.0,0.19674355495251017
23.0,2.0,3.0,0.1,0.1,0.4,3.0,713.0,46.0,25.0,0.19775596072931276
23.0,2.0,4.0,0.1,0.1,0.4,3.0,700.0,41.0,22.0,0.2042857142857143
23.0,2.0,5.0,0.1,0.1,0.4,3.0,682.0,39.0,26.0,0.20087976539589442
23.0,2.0,6.0,0.1,0.1,0.4,3.0,669.0,31.0,16.0,0.2062780269058296
23.0,2.0,7.0,0.1,0.1,0.4,3.0,659.0,28.0,15.0,0.20333839150227617
23.0,2.0,8.0,0.1,0.1,0.4,3.0,645.0,20.0,12.0,0.20775193798449612
23.0,2.0,9.0,0.1,0.1,0.4,3.0,637.0,23.0,15.0,0.20408163265306123
23.0,2.0,10.0,0.1,0.1,0.4,3.0,633.0,21.0,12.0,0.21169036334913113
23.0,2.0,11.0,0.1,0.1,0.4,3.0,622.0,16.0,9.0,0.2090032154340836
23.0,2.0,12.0,0.1,0.1,0.4,3.0,603.0,11.0,6.0,0.21724709784411278
23.0,2.0,13.0,0.1,0.1,0.4,3.0,595.0,10.0,5.0,0.21176470588235294
23.0,2.0,14.0,0.1,0.1,0.4,3.0,592.0,12.0,3.0,0.21621621621621623
23.0,2.0,15.0,0.1,0.1,0.4,3.0,583.0,12.0,6.0,0.21269296740994853
23.0,2.0,16.0,0.1,0.1,0.4,3.0,581.0,11.0,5.0,0.21686746987951808
23.0,2.0,17.0,0.1,0.1,0.4,3.0,575.0,12.0,8.0,0.21391304347826087
23.0,2.0,18.0,0.1,0.1,0.4,3.0,568.0,8.0,4.0,0.21830985915492956
23.0,2.0,19.0,0.1,0.1,0.4,3.0,565.0,9.0,5.0,0.21415929203539824
23.0,2.0,20.0,0.1,0.1,0.4,3.0,1049.0,7.0,3.0,0.11725452812202097
23.0,2.0,21.0,0.1,0.1,0.4,3.0,1012.0,7.0,4.0,0.11462450592885376
23.0,2.0,22.0,0.1,0.1,0.4,3.0,938.0,8.0,5.0,0.12046908315565032
23.0,2.0,23.0,0.1,0.1,0.4,3.0,854.0,8.0,3.0,0.11943793911007025
23.0,2.0,24.0,0.1,0.1,0.4,3.0,826.0,9.0,4.0,0.12469733656174334
23.0,2.0,25.0,0.1,0.1,0.4,3.0,812.0,8.0,2.0,0.12192118226600986
23.0,2.0,26.0,0.1,0.1,0.4,3.0,806.0,9.0,3.0,0.12779156327543426
23.0,2.0,27.0,0.1,0.1,0.4,3.0,782.0,8.0,4.0,0.12404092071611253
23.0,2.0,28.0,0.1,0.1,0.4,3.0,753.0,10.0,4.0,0.12749003984063745
23.0,2.0,29.0,0.1,0.1,0.4,3.0,725.0,11.0,8.0,0.12827586206896552
23.0,2.0,30.0,0.1,0.1,0.4,3.0,713.0,12.0,5.0,0.13043478260869565
23.0,2.0,31.0,0.1,0.1,0.4,3.0,707.0,14.0,5.0,0.13012729844413012
23.0,2.0,32.0,0.1,0.1,0.4,3.0,683.0,10.0,3.0,0.13323572474377746
23.0,2.0,33.0,0.1,0.1,0.4,3.0,678.0,14.0,5.0,0.13274336283185842
23.0,2.0,34.0,0.1,0.1,0.4,3.0,661.0,17.0,7.0,0.13313161875945537
23.0,2.0,35.0,0.1,0.1,0.4,3.0,648.0,18.0,9.0,0.13425925925925927
23.0,2.0,36.0,0.1,0.1,0.4,3.0,634.0,17.0,5.0,0.13722397476340695
23.0,2.0,37.0,0.1,0.1,0.4,3.0,619.0,20.0,10.0,0.13570274636510501
23.0,2.0,38.0,0.1,0.1,0.4,3.0,608.0,18.0,9.0,0.13815789473684212
23.0,2.0,39.0,0.1,0.1,0.4,3.0,600.0,17.0,11.0,0.13833333333333334
23.0,2.0,40.0,0.1,0.1,0.4,3.0,589.0,15.0,5.0,0.13752122241086587
23.0,2.0,41.0,0.1,0.1,0.4,3.0,576.0,13.0,6.0,0.140625
23.0,2.0,42.0,0.1,0.1,0.4,3.0,566.0,11.0,7.0,0.1413427561837456
23.0,2.0,43.0,0.1,0.1,0.4,3.0,557.0,12.0,9.0,0.14183123877917414
23.0,2.0,44.0,0.1,0.1,0.4,3.0,534.0,8.0,6.0,0.1441947565543071
23.0,2.0,45.0,0.1,0.1,0.4,3.0,525.0,6.0,4.0,0.22285714285714286
23.0,2.0,46.0,0.1,0.1,0.4,3.0,509.0,5.0,2.0,0.22593320235756384
23.0,2.0,47.0,0.1,0.1,0.4,3.0,498.0,6.0,2.0,0.22690763052208834
23.0,2.0,48.0,0.1,0.1,0.4,3.0,478.0,6.0,1.0,0.2280334728033473
23.0,2.0,49.0,0.1,0.1,0.4,3.0,474.0,7.0,3.0,0.22784810126582278
23.0,2.0,50.0,0.1,0.1,0.4,3.0,464.0,6.0,3.0,0.23275862068965517
23.0,2.0,51.0,0.1,0.1,0.4,3.0,463.0,7.0,5.0,0.23542116630669546
23.0,2.0,52.0,0.1,0.1,0.4,3.0,459.0,5.0,3.0,0.23311546840958605
23.0,3.0,1.0,0.1,0.1,0.4,3.0,455.0,5.0,2.0,0.23296703296703297
23.0,3.0,2.0,0.1,0.1,0.4,3.0,447.0,3.0,2.0,0.23042505592841164
23.0,3.0,3.0,0.1,0.1,0.4,3.0,447.0,3.0,3.0,0.232662192393736
23.0,3.0,4.0,0.1,0.1,0.4,3.0,446.0,5.0,3.0,0.23094170403587444
23.0,3.0,5.0,0.1,0.1,0.4,3.0,442.0,3.0,1.0,0.2330316742081448
23.0,3.0,6.0,0.1,0.1,0.4,3.0,436.0,2.0,0.0,0.231651376146789
23.0,3.0,7.0,0.1,0.1,0.4,3.0,432.0,2.0,1.0,0.2337962962962963
23.0,3.0,8.0,0.1,0.1,0.4,3.0,430.0,2.0,1.0,0.2302325581395349
23.0,3.0,9.0,0.1,0.1,0.4,3.0,431.0,2.0,1.0,0.23433874709976799
23.0,3.0,10.0,0.1,0.1,0.4,3.0,426.0,1.0,1.0,0.2323943661971831
23.0,3.0,11.0,0.1,0.1,0.4,3.0,422.0,1.0,1.0,0.23696682464454977
23.0,3.0,12.0,0.1,0.1,0.4,3.0,419.0,1.0,1.0,0.23389021479713604
23.0,3.0,13.0,0.1,0.1,0.4,3.0,416.0,0.0,0.0,0.23798076923076922
23.0,3.0,14.0,0.1,0.1,0.4,3.0,404.0,0.0,0.0,0.23267326732673269
23.0,3.0,15.0,0.1,0.1,0.4,3.0,402.0,0.0,0.0,0.236318407960199
23.0,3.0,16.0,0.1,0.1,0.4,3.0,401.0,0.0,0.0,0.2344139650872818
23.0,3.0,17.0,0.1,0.1,0.4,3.0,399.0,0.0,0.0,0.23558897243107768
23.0,3.0,18.0,0.1,0.1,0.4,3.0,397.0,0.0,0.0,0.23425692695214106
23.0,3.0,19.0,0.1,0.1,0.4,3.0,395.0,0.0,0.0,0.23544303797468355
23.0,3.0,20.0,0.1,0.1,0.4,3.0,776.0,0.0,0.0,0.1172680412371134
23.0,3.0,21.0,0.1,0.1,0.4,3.0,765.0,0.0,0.0,0.11895424836601307
23.0,3.0,22.0,0.1,0.1,0.4,3.0,732.0,0.0,0.0,0.11612021857923498
23.0,3.0,23.0,0.1,0.1,0.4,3.0,716.0,0.0,0.0,0.11871508379888268
23.0,3.0,24.0,0.1,0.1,0.4,3.0,681.0,0.0,0.0,0.11894273127753303
23.0,3.0,25.0,0.1,0.1,0.4,3.0,677.0,0.0,0.0,0.12112259970457903
23.0,3.0,26.0,0.1,0.1,0.4,3.0,614.0,0.0,0.0,0.1254071661237785
23.0,3.0,27.0,0.1,0.1,0.4,3.0,596.0,0.0,0.0,0.12919463087248323
23.0,3.0,28.0,0.1,0.1,0.4,3.0,591.0,0.0,0.0,0.12351945854483926
23.0,3.0,29.0,0.1,0.1,0.4,3.0,575.0,0.0,0.0,0.12521739130434784
23.0,3.0,30.0,0.1,0.1,0.4,3.0,580.0,0.0,0.0,0.12413793103448276
23.0,3.0,31.0,0.1,0.1,0.4,3.0,537.0,0.0,0.0,0.1340782122905028
23.0,3.0,32.0,0.1,0.1,0.4,3.0,534.0,0.0,0.0,0.13108614232209737
23.0,3.0,33.0,0.1,0.1,0.4,3.0,515.0,0.0,0.0,0.13398058252427184
23.0,3.0,34.0,0.1,0.1,0.4,3.0,511.0,0.0,0.0,0.13307240704500978
23.0,3.0,35.0,0.1,0.1,0.4,3.0,494.0,0.0,0.0,0.13562753036437247
23.0,3.0,36.0,0.1,0.1,0.4,3.0,462.0,0.0,0.0,0.12987012987012986
23.0,3.0,37.0,0.1,0.1,0.4,3.0,455.0,0.0,0.0,0.13186813186813187
23.0,3.0,38.0,0.1,0.1,0.4,3.0,450.0,0.0,0.0,0.13111111111111112
23.0,3.0,39.0,0.1,0.1,0.4,3.0,442.0,0.0,0.0,0.13122171945701358
23.0,3.0,40.0,0.1,0.1,0.4,3.0,448.0,0.0,0.0,0.12946428571428573
23.0,3.0,41.0,0.1,0.1,0.4,3.0,439.0,0.0,0.0,0.13211845102505695
23.0,3.0,42.0,0.1,0.1,0.4,3.0,416.0,0.0,0.0,0.13942307692307693
23.0,3.0,43.0,0.1,0.1,0.4,3.0,410.0,0.0,0.0,0.14146341463414633
23.0,3.0,44.0,0.1,0.1,0.4,3.0,412.0,0.0,0.0,0.1407766990291262
23.0,3.0,45.0,0.1,0.1,0.4,3.0,404.0,0.0,0.0,0.2079207920792079
23.0,3.0,46.0,0.1,0.1,0.4,3.0,406.0,0.0,0.0,0.2044334975369458
23.0,3.0,47.0,0.1,0.1,0.4,3.0,384.0,0.0,0.0,0.21614583333333334
23.0,3.0,48.0,0.1,0.1,0.4,3.0,387.0,0.0,0.0,0.21188630490956073
23.0,3.0,49.0,0.1,0.1,0.4,3.0,379.0,0.0,0.0,0.21899736147757257
23.0,3.0,50.0,0.1,0.1,0.4,3.0,380.0,0.0,0.0,0.21578947368421053
23.0,3.0,51.0,0.1,0.1,0.4,3.0,377.0,0.0,0.0,0.22015915119363394
23.0,3.0,52.0,0.1,0.1,0.4,3.0,373.0,0.0,0.0,0.21447721179624665
23.0,4.0,1.0,0.1,0.1,0.4,3.0,373.0,0.0,0.0,0.21715817694369974
23.0,4.0,2.0,0.1,0.1,0.4,3.0,368.0,0.0,0.0,0.21195652173913043
23.0,4.0,3.0,0.1,0.1,0.4,3.0,367.0,0.0,0.0,0.2125340599455041
23.0,4.0,4.0,0.1,0.1,0.4,3.0,365.0,0.0,0.0,0.21095890410958903
23.0,4.0,5.0,0.1,0.1,0.4,3.0,361.0,0.0,0.0,0.21329639889196675
23.0,4.0,6.0,0.1,0.1,0.4,3.0,362.0,0.0,0.0,0.20994475138121546
23.0,4.0,7.0,0.1,0.1,0.4,3.0,354.0,0.0,0.0,0.21468926553672316
23.0,4.0,8.0,0.1,0.1,0.4,3.0,354.0,0.0,0.0,0.211864406779661
23.0,4.0,9.0,0.1,0.1,0.4,3.0,352.0,0.0,0.0,0.21306818181818182
23.0,4.0,10.0,0.1,0.1,0.4,3.0,354.0,0.0,0.0,0.21468926553672316
23.0,4.0,11.0,0.1,0.1,0.4,3.0,351.0,0.0,0.0,0.21652421652421652
23.0,4.0,12.0,0.1,0.1,0.4,3.0,348.0,0.0,0.0,0.20977011494252873
23.0,4.0,13.0,0.1,0.1,0.4,3.0,344.0,0.0,0.0,0.20930232558139536
23.0,4.0,14.0,0.1,0.1,0.4,3.0,342.0,0.0,0.0,0.2046783625730994
23.0,4.0,15.0,0.1,0.1,0.4,3.0,339.0,0.0,0.0,0.20648967551622419
23.0,4.0,16.0,0.1,0.1,0.4,3.0,341.0,0.0,0.0,0.20527859237536658
23.0,4.0,17.0,0.1,0.1,0.4,3.0,337.0,0.0,0.0,0.20474777448071216
23.0,4.0,18.0,0.1,0.1,0.4,3.0,337.0,0.0,0.0,0.20474777448071216
23.0,4.0,19.0,0.1,0.1,0.4,3.0,335.0,0.0,0.0,0.20298507462686566
23.0,4.0,20.0,0.1,0.1,0.4,3.0,620.0,0.0,0.0,0.11129032258064517
23.0,4.0,21.0,0.1,0.1,0.4,3.0,595.0,0.0,0.0,0.11260504201680673
23.0,4.0,22.0,0.1,0.1,0.4,3.0,603.0,0.0,0.0,0.1111111111111111
23.0,4.0,23.0,0.1,0.1,0.4,3.0,561.0,0.0,0.0,0.10695187165775401
23.0,4.0,24.0,0.1,0.1,0.4,3.0,558.0,0.0,0.0,0.1057347670250896
23.0,4.0,25.0,0.1,0.1,0.4,3.0,536.0,0.0,0.0,0.10820895522388059
23.0,4.0,26.0,0.1,0.1,0.4,3.0,548.0,0.0,0.0,0.10401459854014598
23.0,4.0,27.0,0.1,0.1,0.4,3.0,525.0,0.0,0.0,0.10666666666666667
23.0,4.0,28.0,0.1,0.1,0.4,3.0,534.0,0.0,0.0,0.10486891385767791
23.0,4.0,29.0,0.1,0.1,0.4,3.0,510.0,0.0,0.0,0.10784313725490197
23.0,4.0,30.0,0.1,0.1,0.4,3.0,488.0,0.0,0.0,0.10860655737704918
23.0,4.0,31.0,0.1,0.1,0.4,3.0,470.0,0.0,0.0,0.1127659574468085
23.0,4.0,32.0,0.1,0.1,0.4,3.0,440.0,0.0,0.0,0.11363636363636363
23.0,4.0,33.0,0.1,0.1,0.4,3.0,434.0,0.0,0.0,0.1152073732718894
23.0,4.0,34.0,0.1,0.1,0.4,3.0,428.0,0.0,0.0,0.11448598130841121
23.0,4.0,35.0,0.1,0.1,0.4,3.0,409.0,0.0,0.0,0.11246943765281174
23.0,4.0,36.0,0.1,0.1,0.4,3.0,406.0,0.0,0.0,0.11576354679802955
23.0,4.0,37.0,0.1,0.1,0.4,3.0,388.0,0.0,0.0,0.11855670103092783
23.0,4.0,38.0,0.1,0.1,0.4,3.0,368.0,0.0,0.0,0.11413043478260869
23.0,4.0,39.0,0.1,0.1,0.4,3.0,362.0,0.0,0.0,0.11602209944751381
23.0,4.0,40.0,0.1,0.1,0.4,3.0,358.0,0.0,0.0,0.11173184357541899
23.0,4.0,41.0,0.1,0.1,0.4,3.0,357.0,0.0,0.0,0.1092436974789916
23.0,4.0,42.0,0.1,0.1,0.4,3.0,361.0,0.0,0.0,0.10526315789473684
23.0,4.0,43.0,0.1,0.1,0.4,3.0,338.0,0.0,0.0,0.10946745562130178
23.0,4.0,44.0,0.1,0.1,0.4,3.0,328.0,0.0,0.0,0.10670731707317073
23.0,4.0,45.0,0.1,0.1,0.4,3.0,320.0,0.0,0.0,0.165625
23.0,4.0,46.0,0.1,0.1,0.4,3.0,325.0,0.0,0.0,0.16
23.0,4.0,47.0,0.1,0.1,0.4,3.0,317.0,0.0,0.0,0.1640378548895899
23.0,4.0,48.0,0.1,0.1,0.4,3.0,316.0,0.0,0.0,0.16455696202531644
23.0,4.0,49.0,0.1,0.1,0.4,3.0,309.0,0.0,0.0,0.16828478964401294
23.0,4.0,50.0,0.1,0.1,0.4,3.0,309.0,0.0,0.0,0.16828478964401294
23.0,4.0,51.0,0.1,0.1,0.4,3.0,293.0,0.0,0.0,0.16382252559726962
23.0,4.0,52.0,0.1,0.1,0.4,3.0,293.0,0.0,0.0,0.16382252559726962
23.0,5.0,1.0,0.1,0.1,0.4,3.0,293.0,0.0,0.0,0.16382252559726962
23.0,5.0,2.0,0.1,0.1,0.4,3.0,282.0,0.0,0.0,0.1702127659574468
23.0,5.0,3.0,0.1,0.1,0.4,3.0,280.0,0.0,0.0,0.16785714285714284
23.0,5.0,4.0,0.1,0.1,0.4,3.0,282.0,0.0,0.0,0.1702127659574468
23.0,5.0,5.0,0.1,0.1,0.4,3.0,279.0,0.0,0.0,0.16845878136200718
23.0,5.0,6.0,0.1,0.1,0.4,3.0,281.0,0.0,0.0,0.1708185053380783
23.0,5.0,7.0,0.1,0.1,0.4,3.0,277.0,0.0,0.0,0.16606498194945848
23.0,5.0,8.0,0.1,0.1,0.4,3.0,272.0,0.0,0.0,0.16544117647058823
23.0,5.0,9.0,0.1,0.1,0.4,3.0,271.0,0.0,0.0,0.16605166051660517
23.0,5.0,10.0,0.1,0.1,0.4,3.0,272.0,0.0,0.0,0.16544117647058823
23.0,5.0,11.0,0.1,0.1,0.4,3.0,271.0,0.0,0.0,0.16605166051660517
23.0,5.0,12.0,0.1,0.1,0.4,3.0,270.0,0.0,0.0,0.16296296296296298
23.0,5.0,13.0,0.1,0.1,0.4,3.0,268.0,0.0,0.0,0.16417910447761194
23.0,5.0,14.0,0.1,0.1,0.4,3.0,268.0,0.0,0.0,0.16417910447761194
23.0,5.0,15.0,0.1,0.1,0.4,3.0,267.0,0.0,0.0,0.1647940074906367
23.0,5.0,16.0,0.1,0.1,0.4,3.0,266.0,0.0,0.0,0.16541353383458646
23.0,5.0,17.0,0.1,0.1,0.4,3.0,266.0,0.0,0.0,0.16541353383458646
23.0,5.0,18.0,0.1,0.1,0.4,3.0,265.0,0.0,0.0,0.1660377358490566
23.0,5.0,19.0,0.1,0.1,0.4,3.0,264.0,0.0,0.0,0.16666666666666666
23.0,5.0,20.0,0.1,0.1,0.4,3.0,570.0,0.0,0.0,0.07719298245614035
23.0,5.0,21.0,0.1,0.1,0.4,3.0,515.0,0.0,0.0,0.08155339805825243
23.0,5.0,22.0,0.1,0.1,0.4,3.0,525.0,0.0,0.0,0.08
23.0,5.0,23.0,0.1,0.1,0.4,3.0,515.0,0.0,0.0,0.08155339805825243
23.0,5.0,24.0,0.1,0.1,0.4,3.0,505.0,0.0,0.0,0.08316831683168317
23.0,5.0,25.0,0.1,0.1,0.4,3.0,470.0,0.0,0.0,0.0851063829787234
23.0,5.0,26.0,0.1,0.1,0.4,3.0,482.0,0.0,0.0,0.08298755186721991
23.0,5.0,27.0,0.1,0.1,0.4,3.0,470.0,0.0,0.0,0.0851063829787234
23.0,5.0,28.0,0.1,0.1,0.4,3.0,481.0,0.0,0.0,0.08316008316008316
23.0,5.0,29.0,0.1,0.1,0.4,3.0,459.0,0.0,0.0,0.08714596949891068
23.0,5.0,30.0,0.1,0.1,0.4,3.0,451.0,0.0,0.0,0.08425720620842572
23.0,5.0,31.0,0.1,0.1,0.4,3.0,420.0,0.0,0.0,0.09047619047619047
23.0,5.0,32.0,0.1,0.1,0.4,3.0,431.0,0.0,0.0,0.08816705336426914
23.0,5.0,33.0,0.1,0.1,0.4,3.0,409.0,0.0,0.0,0.09290953545232274
23.0,5.0,34.0,0.1,0.1,0.4,3.0,420.0,0.0,0.0,0.09047619047619047
23.0,5.0,35.0,0.1,0.1,0.4,3.0,409.0,0.0,0.0,0.09290953545232274
23.0,5.0,36.0,0.1,0.1,0.4,3.0,392.0,0.0,0.0,0.09183673469387756
23.0,5.0,37.0,0.1,0.1,0.4,3.0,372.0,0.0,0.0,0.0967741935483871
23.0,5.0,38.0,0.1,0.1,0.4,3.0,382.0,0.0,0.0,0.09162303664921466
23.0,5.0,39.0,0.1,0.1,0.4,3.0,368.0,0.0,0.0,0.08967391304347826
23.0,5.0,40.0,0.1,0.1,0.4,3.0,371.0,0.0,0.0,0.0889487870619946
23.0,5.0,41.0,0.1,0.1,0.4,3.0,349.0,0.0,0.0,0.09169054441260745
23.0,5.0,42.0,0.1,0.1,0.4,3.0,359.0,0.0,0.0,0.08913649025069638
23.0,5.0,43.0,0.1,0.1,0.4,3.0,346.0,0.0,0.0,0.09248554913294797
23.0,5.0,44.0,0.1,0.1,0.4,3.0,356.0,0.0,0.0,0.0898876404494382
23.0,5.0,45.0,0.1,0.1,0.4,3.0,337.0,0.0,0.0,0.1543026706231454
23.0,5.0,46.0,0.1,0.1,0.4,3.0,347.0,0.0,0.0,0.14985590778097982
23.0,5.0,47.0,0.1,0.1,0.4,3.0,322.0,0.0,0.0,0.16149068322981366
23.0,5.0,48.0,0.1,0.1,0.4,3.0,332.0,0.0,0.0,0.1566265060240964
23.0,5.0,49.0,0.1,0.1,0.4,3.0,321.0,0.0,0.0,0.16199376947040497
23.0,5.0,50.0,0.1,0.1,0.4,3.0,331.0,0.0,0.0,0.1540785498489426
23.0,5.0,51.0,0.1,0.1,0.4,3.0,321.0,0.0,0.0,0.1588785046728972
23.0,5.0,52.0,0.1,0.1,0.4,3.0,328.0,0.0,0.0,0.1524390243902439
23.0,6.0,1.0,0.1,0.1,0.4,3.0,319.0,0.0,0.0,0.15987460815047022
23.0,6.0,2.0,0.1,0.1,0.4,3.0,328.0,0.0,0.0,0.1524390243902439
23.0,6.0,3.0,0.1,0.1,0.4,3.0,319.0,0.0,0.0,0.15987460815047022
23.0,6.0,4.0,0.1,0.1,0.4,3.0,328.0,0.0,0.0,0.1524390243902439
23.0,6.0,5.0,0.1,0.1,0.4,3.0,319.0,0.0,0.0,0.15987460815047022
23.0,6.0,6.0,0.1,0.1,0.4,3.0,320.0,0.0,0.0,0.15625
23.0,6.0,7.0,0.1,0.1,0.4,3.0,311.0,0.0,0.0,0.1639871382636656
23.0,6.0,8.0,0.1,0.1,0.4,3.0,320.0,0.0,0.0,0.15625
23.0,6.0,9.0,0.1,0.1,0.4,3.0,302.0,0.0,0.0,0.16225165562913907
23.0,6.0,10.0,0.1,0.1,0.4,3.0,311.0,0.0,0.0,0.15434083601286175
23.0,6.0,11.0,0.1,0.1,0.4,3.0,301.0,0.0,0.0,0.16279069767441862
23.0,6.0,12.0,0.1,0.1,0.4,3.0,310.0,0.0,0.0,0.15483870967741936
23.0,6.0,13.0,0.1,0.1,0.4,3.0,299.0,0.0,0.0,0.16387959866220736
23.0,6.0,14.0,0.1,0.1,0.4,3.0,308.0,0.0,0.0,0.15584415584415584
23.0,6.0,15.0,0.1,0.1,0.4,3.0,295.0,0.0,0.0,0.16610169491525423
23.0,6.0,16.0,0.1,0.1,0.4,3.0,304.0,0.0,0.0,0.15460526315789475
23.0,6.0,17.0,0.1,0.1,0.4,3.0,294.0,0.0,0.0,0.16326530612244897
23.0,6.0,18.0,0.1,0.1,0.4,3.0,303.0,0.0,0.0,0.15181518151815182
23.0,6.0,19.0,0.1,0.1,0.4,3.0,293.0,0.0,0.0,0.16040955631399317
23.0,6.0,20.0,0.1,0.1,0.4,3.0,564.0,0.0,0.0,0.08156028368794327
23.0,6.0,21.0,0.1,0.1,0.4,3.0,532.0,0.0,0.0,0.08458646616541353
23.0,6.0,22.0,0.1,0.1,0.4,3.0,517.0,0.0,0.0,0.08123791102514506
23.0,6.0,23.0,0.1,0.1,0.4,3.0,457.0,0.0,0.0,0.08533916849015317
23.0,6.0,24.0,0.1,0.1,0.4,3.0,442.0,0.0,0.0,0.07918552036199095
23.0,6.0,25.0,0.1,0.1,0.4,3.0,384.0,0.0,0.0,0.09114583333333333
23.0,6.0,26.0,0.1,0.1,0.4,3.0,389.0,0.0,0.0,0.08483290488431877
23.0,6.0,27.0,0.1,0.1,0.4,3.0,375.0,0.0,0.0,0.09066666666666667
23.0,6.0,28.0,0.1,0.1,0.4,3.0,381.0,0.0,0.0,0.08661417322834646
23.0,6.0,29.0,0.1,0.1,0.4,3.0,334.0,0.0,0.0,0.10179640718562874
23.0,6.0,30.0,0.1,0.1,0.4,3.0,338.0,0.0,0.0,0.09763313609467456
23.0,6.0,31.0,0.1,0.1,0.4,3.0,313.0,0.0,0.0,0.10862619808306709
23.0,6.0,32.0,0.1,0.1,0.4,3.0,317.0,0.0,0.0,0.10094637223974763
23.0,6.0,33.0,0.1,0.1,0.4,3.0,293.0,0.0,0.0,0.10921501706484642
23.0,6.0,34.0,0.1,0.1,0.4,3.0,306.0,0.0,0.0,0.10130718954248366
23.0,6.0,35.0,0.1,0.1,0.4,3.0,292.0,0.0,0.0,0.1095890410958904
23.0,6.0,36.0,0.1,0.1,0.4,3.0,276.0,0.0,0.0,0.11231884057971014
23.0,6.0,37.0,0.1,0.1,0.4,3.0,262.0,0.0,0.0,0.12213740458015267
23.0,6.0,38.0,0.1,0.1,0.4,3.0,266.0,0.0,0.0,0.11654135338345864
23.0,6.0,39.0,0.1,0.1,0.4,3.0,239.0,0.0,0.0,0.12133891213389121
23.0,6.0,40.0,0.1,0.1,0.4,3.0,231.0,0.0,0.0,0.12121212121212122
23.0,6.0,41.0,0.1,0.1,0.4,3.0,225.0,0.0,0.0,0.1288888888888889
23.0,6.0,42.0,0.1,0.1,0.4,3.0,222.0,0.0,0.0,0.12612612612612611
23.0,6.0,43.0,0.1,0.1,0.4,3.0,219.0,0.0,0.0,0.1278538812785388
23.0,6.0,44.0,0.1,0.1,0.4,3.0,219.0,0.0,0.0,0.1232876712328767
23.0,6.0,45.0,0.1,0.1,0.4,3.0,216.0,0.0,0.0,0.18055555555555555
23.0,6.0,46.0,0.1,0.1,0.4,3.0,215.0,0.0,0.0,0.17209302325581396
23.0,6.0,47.0,0.1,0.1,0.4,3.0,214.0,0.0,0.0,0.17757009345794392
23.0,6.0,48.0,0.1,0.1,0.4,3.0,214.0,0.0,0.0,0.17289719626168223
23.0,6.0,49.0,0.1,0.1,0.4,3.0,213.0,0.0,0.0,0.1784037558685446
23.0,6.0,50.0,0.1,0.1,0.4,3.0,214.0,0.0,0.0,0.17289719626168223
23.0,6.0,51.0,0.1,0.1,0.4,3.0,212.0,0.0,0.0,0.1792452830188679
23.0,6.0,52.0,0.1,0.1,0.4,3.0,213.0,0.0,0.0,0.17370892018779344
23.0,7.0,1.0,0.1,0.1,0.4,3.0,212.0,0.0,0.0,0.1792452830188679
23.0,7.0,2.0,0.1,0.1,0.4,3.0,212.0,0.0,0.0,0.17452830188679244
23.0,7.0,3.0,0.1,0.1,0.4,3.0,208.0,0.0,0.0,0.18269230769230768
23.0,7.0,4.0,0.1,0.1,0.4,3.0,207.0,0.0,0.0,0.178743961352657
23.0,7.0,5.0,0.1,0.1,0.4,3.0,205.0,0.0,0.0,0.18048780487804877
23.0,7.0,6.0,0.1,0.1,0.4,3.0,199.0,0.0,0.0,0.18090452261306533
23.0,7.0,7.0,0.1,0.1,0.4,3.0,197.0,0.0,0.0,0.18274111675126903
23.0,7.0,8.0,0.1,0.1,0.4,3.0,198.0,0.0,0.0,0.17676767676767677
23.0,7.0,9.0,0.1,0.1,0.4,3.0,197.0,0.0,0.0,0.18274111675126903
23.0,7.0,10.0,0.1,0.1,0.4,3.0,197.0,0.0,0.0,0.17766497461928935
23.0,7.0,11.0,0.1,0.1,0.4,3.0,195.0,0.0,0.0,0.18461538461538463
23.0,7.0,12.0,0.1,0.1,0.4,3.0,186.0,0.0,0.0,0.1881720430107527
23.0,7.0,13.0,0.1,0.1,0.4,3.0,185.0,0.0,0.0,0.1945945945945946
23.0,7.0,14.0,0.1,0.1,0.4,3.0,185.0,0.0,0.0,0.1837837837837838
23.0,7.0,15.0,0.1,0.1,0.4,3.0,184.0,0.0,0.0,0.19021739130434784
23.0,7.0,16.0,0.1,0.1,0.4,3.0,185.0,0.0,0.0,0.1837837837837838
23.0,7.0,17.0,0.1,0.1,0.4,3.0,183.0,0.0,0.0,0.1912568306010929
23.0,7.0,18.0,0.1,0.1,0.4,3.0,184.0,0.0,0.0,0.18478260869565216
23.0,7.0,19.0,0.1,0.1,0.4,3.0,183.0,0.0,0.0,0.1912568306010929
23.0,7.0,20.0,0.1,0.1,0.4,3.0,356.0,0.0,0.0,0.09550561797752809
23.0,7.0,21.0,0.1,0.1,0.4,3.0,341.0,0.0,0.0,0.09970674486803519
23.0,7.0,22.0,0.1,0.1,0.4,3.0,334.0,0.0,0.0,0.09880239520958084
23.0,7.0,23.0,0.1,0.1,0.4,3.0,330.0,0.0,0.0,0.10303030303030303
23.0,7.0,24.0,0.1,0.1,0.4,3.0,312.0,0.0,0.0,0.10256410256410256
23.0,7.0,25.0,0.1,0.1,0.4,3.0,285.0,0.0,0.0,0.11578947368421053
23.0,7.0,26.0,0.1,0.1,0.4,3.0,289.0,0.0,0.0,0.11072664359861592
23.0,7.0,27.0,0.1,0.1,0.4,3.0,277.0,0.0,0.0,0.11191335740072202
23.0,7.0,28.0,0.1,0.1,0.4,3.0,265.0,0.0,0.0,0.10943396226415095
23.0,7.0,29.0,0.1,0.1,0.4,3.0,238.0,0.0,0.0,0.12184873949579832
23.0,7.0,30.0,0.1,0.1,0.4,3.0,230.0,0.0,0.0,0.12173913043478261
23.0,7.0,31.0,0.1,0.1,0.4,3.0,226.0,0.0,0.0,0.12389380530973451
23.0,7.0,32.0,0.1,0.1,0.4,3.0,211.0,0.0,0.0,0.12796208530805686
23.0,7.0,33.0,0.1,0.1,0.4,3.0,194.0,0.0,0.0,0.13402061855670103
23.0,7.0,34.0,0.1,0.1,0.4,3.0,198.0,0.0,0.0,0.13131313131313133
23.0,7.0,35.0,0.1,0.1,0.4,3.0,194.0,0.0,0.0,0.13402061855670103
23.0,7.0,36.0,0.1,0.1,0.4,3.0,198.0,0.0,0.0,0.13131313131313133
23.0,7.0,37.0,0.1,0.1,0.4,3.0,193.0,0.0,0.0,0.12953367875647667
23.0,7.0,38.0,0.1,0.1,0.4,3.0,197.0,0.0,0.0,0.12690355329949238
23.0,7.0,39.0,0.1,0.1,0.4,3.0,193.0,0.0,0.0,0.12953367875647667
23.0,7.0,40.0,0.1,0.1,0.4,3.0,189.0,0.0,0.0,0.12698412698412698
23.0,7.0,41.0,0.1,0.1,0.4,3.0,176.0,0.0,0.0,0.13636363636363635
23.0,7.0,42.0,0.1,0.1,0.4,3.0,180.0,0.0,0.0,0.13333333333333333
23.0,7.0,43.0,0.1,0.1,0.4,3.0,174.0,0.0,0.0,0.13793103448275862
23.0,7.0,44.0,0.1,0.1,0.4,3.0,177.0,0.0,0.0,0.13559322033898305
23.0,7.0,45.0,0.1,0.1,0.4,3.0,173.0,0.0,0.0,0.20809248554913296
23.0,7.0,46.0,0.1,0.1,0.4,3.0,177.0,0.0,0.0,0.2033898305084746
23.0,7.0,47.0,0.1,0.1,0.4,3.0,171.0,0.0,0.0,0.21052631578947367
23.0,7.0,48.0,0.1,0.1,0.4,3.0,175.0,0.0,0.0,0.2057142857142857
23.0,7.0,49.0,0.1,0.1,0.4,3.0,171.0,0.0,0.0,0.21052631578947367
23.0,7.0,50.0,0.1,0.1,0.4,3.0,172.0,0.0,0.0,0.20930232558139536
23.0,7.0,51.0,0.1,0.1,0.4,3.0,171.0,0.0,0.0,0.21052631578947367
23.0,7.0,52.0,0.1,0.1,0.4,3.0,172.0,0.0,0.0,0.20930232558139536
23.0,8.0,1.0,0.1,0.1,0.4,3.0,171.0,0.0,0.0,0.21052631578947367
23.0,8.0,2.0,0.1,0.1,0.4,3.0,172.0,0.0,0.0,0.20930232558139536
23.0,8.0,3.0,0.1,0.1,0.4,3.0,170.0,0.0,0.0,0.20588235294117646
23.0,8.0,4.0,0.1,0.1,0.4,3.0,171.0,0.0,0.0,0.2046783625730994
23.0,8.0,5.0,0.1,0.1,0.4,3.0,170.0,0.0,0.0,0.20588235294117646
23.0,8.0,6.0,0.1,0.1,0.4,3.0,171.0,0.0,0.0,0.2046783625730994
23.0,8.0,7.0,0.1,0.1,0.4,3.0,170.0,0.0,0.0,0.20588235294117646
23.0,8.0,8.0,0.1,0.1,0.4,3.0,171.0,0.0,0.0,0.2046783625730994
23.0,8.0,9.0,0.1,0.1,0.4,3.0,171.0,0.0,0.0,0.21052631578947367
23.0,8.0,10.0,0.1,0.1,0.4,3.0,171.0,0.0,0.0,0.2046783625730994
23.0,8.0,11.0,0.1,0.1,0.4,3.0,171.0,0.0,0.0,0.21052631578947367
23.0,8.0,12.0,0.1,0.1,0.4,3.0,171.0,0.0,0.0,0.2046783625730994
23.0,8.0,13.0,0.1,0.1,0.4,3.0,170.0,0.0,0.0,0.21176470588235294
23.0,8.0,14.0,0.1,0.1,0.4,3.0,170.0,0.0,0.0,0.20588235294117646
23.0,8.0,15.0,0.1,0.1,0.4,3.0,170.0,0.0,0.0,0.21176470588235294
23.0,8.0,16.0,0.1,0.1,0.4,3.0,169.0,0.0,0.0,0.20710059171597633
23.0,8.0,17.0,0.1,0.1,0.4,3.0,169.0,0.0,0.0,0.21301775147928995
23.0,8.0,18.0,0.1,0.1,0.4,3.0,169.0,0.0,0.0,0.20710059171597633
23.0,8.0,19.0,0.1,0.1,0.4,3.0,168.0,0.0,0.0,0.20833333333333334
23.0,8.0,20.0,0.1,0.1,0.4,3.0,276.0,0.0,0.0,0.12681159420289856
23.0,8.0,21.0,0.1,0.1,0.4,3.0,262.0,0.0,0.0,0.13740458015267176
23.0,8.0,22.0,0.1,0.1,0.4,3.0,254.0,0.0,0.0,0.13385826771653545
23.0,8.0,23.0,0.1,0.1,0.4,3.0,244.0,0.0,0.0,0.14344262295081966
23.0,8.0,24.0,0.1,0.1,0.4,3.0,246.0,0.0,0.0,0.13821138211382114
23.0,8.0,25.0,0.1,0.1,0.4,3.0,235.0,0.0,0.0,0.14893617021276595
23.0,8.0,26.0,0.1,0.1,0.4,3.0,226.0,0.0,0.0,0.1504424778761062
23.0,8.0,27.0,0.1,0.1,0.4,3.0,224.0,0.0,0.0,0.15625
23.0,8.0,28.0,0.1,0.1,0.4,3.0,226.0,0.0,0.0,0.1504424778761062
23.0,8.0,29.0,0.1,0.1,0.4,3.0,224.0,0.0,0.0,0.15625
23.0,8.0,30.0,0.1,0.1,0.4,3.0,215.0,0.0,0.0,0.14883720930232558
23.0,8.0,31.0,0.1,0.1,0.4,3.0,212.0,0.0,0.0,0.1509433962264151
23.0,8.0,32.0,0.1,0.1,0.4,3.0,215.0,0.0,0.0,0.14883720930232558
23.0,8.0,33.0,0.1,0.1,0.4,3.0,203.0,0.0,0.0,0.1477832512315271
23.0,8.0,34.0,0.1,0.1,0.4,3.0,206.0,0.0,0.0,0.14563106796116504
23.0,8.0,35.0,0.1,0.1,0.4,3.0,203.0,0.0,0.0,0.1477832512315271
23.0,8.0,36.0,0.1,0.1,0.4,3.0,198.0,0.0,0.0,0.1414141414141414
23.0,8.0,37.0,0.1,0.1,0.4,3.0,183.0,0.0,0.0,0.14754098360655737
23.0,8.0,38.0,0.1,0.1,0.4,3.0,186.0,0.0,0.0,0.14516129032258066
23.0,8.0,39.0,0.1,0.1,0.4,3.0,183.0,0.0,0.0,0.14754098360655737
23.0,8.0,40.0,0.1,0.1,0.4,3.0,186.0,0.0,0.0,0.14516129032258066
23.0,8.0,41.0,0.1,0.1,0.4,3.0,183.0,0.0,0.0,0.14754098360655737
23.0,8.0,42.0,0.1,0.1,0.4,3.0,175.0,0.0,0.0,0.15428571428571428
23.0,8.0,43.0,0.1,0.1,0.4,3.0,172.0,0.0,0.0,0.1569767441860465
23.0,8.0,44.0,0.1,0.1,0.4,3.0,175.0,0.0,0.0,0.15428571428571428
23.0,8.0,45.0,0.1,0.1,0.4,3.0,172.0,0.0,0.0,0.20930232558139536
23.0,8.0,46.0,0.1,0.1,0.4,3.0,175.0,0.0,0.0,0.2057142857142857
23.0,8.0,47.0,0.1,0.1,0.4,3.0,172.0,0.0,0.0,0.20930232558139536
23.0,8.0,48.0,0.1,0.1,0.4,3.0,175.0,0.0,0.0,0.2057142857142857
23.0,8.0,49.0,0.1,0.1,0.4,3.0,171.0,0.0,0.0,0.21052631578947367
23.0,8.0,50.0,0.1,0.1,0.4,3.0,174.0,0.0,0.0,0.20689655172413793
23.0,8.0,51.0,0.1,0.1,0.4,3.0,171.0,0.0,0.0,0.21052631578947367
23.0,8.0,52.0,0.1,0.1,0.4,3.0,174.0,0.0,0.0,0.20689655172413793
23.0,9.0,1.0,0.1,0.1,0.4,3.0,171.0,0.0,0.0,0.21052631578947367
23.0,9.0,2.0,0.1,0.1,0.4,3.0,174.0,0.0,0.0,0.20689655172413793
23.0,9.0,3.0,0.1,0.1,0.4,3.0,161.0,0.0,0.0,0.2111801242236025
23.0,9.0,4.0,0.1,0.1,0.4,3.0,164.0,0.0,0.0,0.2073170731707317
23.0,9.0,5.0,0.1,0.1,0.4,3.0,161.0,0.0,0.0,0.2111801242236025
23.0,9.0,6.0,0.1,0.1,0.4,3.0,164.0,0.0,0.0,0.2073170731707317
23.0,9.0,7.0,0.1,0.1,0.4,3.0,161.0,0.0,0.0,0.2111801242236025
23.0,9.0,8.0,0.1,0.1,0.4,3.0,164.0,0.0,0.0,0.2073170731707317
23.0,9.0,9.0,0.1,0.1,0.4,3.0,159.0,0.0,0.0,0.2138364779874214
23.0,9.0,10.0,0.1,0.1,0.4,3.0,162.0,0.0,0.0,0.20987654320987653
23.0,9.0,11.0,0.1,0.1,0.4,3.0,158.0,0.0,0.0,0.21518987341772153
23.0,9.0,12.0,0.1,0.1,0.4,3.0,160.0,0.0,0.0,0.2125
23.0,9.0,13.0,0.1,0.1,0.4,3.0,156.0,0.0,0.0,0.21794871794871795
23.0,9.0,14.0,0.1,0.1,0.4,3.0,159.0,0.0,0.0,0.2138364779874214
23.0,9.0,15.0,0.1,0.1,0.4,3.0,156.0,0.0,0.0,0.21794871794871795
23.0,9.0,16.0,0.1,0.1,0.4,3.0,159.0,0.0,0.0,0.2138364779874214
23.0,9.0,17.0,0.1,0.1,0.4,3.0,156.0,0.0,0.0,0.21794871794871795
23.0,9.0,18.0,0.1,0.1,0.4,3.0,159.0,0.0,0.0,0.2138364779874214
23.0,9.0,19.0,0.1,0.1,0.4,3.0,156.0,0.0,0.0,0.21794871794871795
23.0,9.0,20.0,0.1,0.1,0.4,3.0,281.0,0.0,0.0,0.099644128113879
23.0,9.0,21.0,0.1,0.1,0.4,3.0,259.0,0.0,0.0,0.10038610038610038
23.0,9.0,22.0,0.1,0.1,0.4,3.0,246.0,0.0,0.0,0.10569105691056911
23.0,9.0,23.0,0.1,0.1,0.4,3.0,230.0,0.0,0.0,0.10869565217391304
23.0,9.0,24.0,0.1,0.1,0.4,3.0,220.0,0.0,0.0,0.10909090909090909
23.0,9.0,25.0,0.1,0.1,0.4,3.0,216.0,0.0,0.0,0.1111111111111111
23.0,9.0,26.0,0.1,0.1,0.4,3.0,219.0,0.0,0.0,0.1095890410958904
23.0,9.0,27.0,0.1,0.1,0.4,3.0,206.0,0.0,0.0,0.11650485436893204
23.0,9.0,28.0,0.1,0.1,0.4,3.0,209.0,0.0,0.0,0.11483253588516747
23.0,9.0,29.0,0.1,0.1,0.4,3.0,196.0,0.0,0.0,0.12244897959183673
23.0,9.0,30.0,0.1,0.1,0.4,3.0,188.0,0.0,0.0,0.1276595744680851
23.0,9.0,31.0,0.1,0.1,0.4,3.0,185.0,0.0,0.0,0.12972972972972974
23.0,9.0,32.0,0.1,0.1,0.4,3.0,188.0,0.0,0.0,0.1276595744680851
23.0,9.0,33.0,0.1,0.1,0.4,3.0,185.0,0.0,0.0,0.12972972972972974
23.0,9.0,34.0,0.1,0.1,0.4,3.0,188.0,0.0,0.0,0.1276595744680851
23.0,9.0,35.0,0.1,0.1,0.4,3.0,177.0,0.0,0.0,0.13559322033898305
23.0,9.0,36.0,0.1,0.1,0.4,3.0,180.0,0.0,0.0,0.13333333333333333
23.0,9.0,37.0,0.1,0.1,0.4,3.0,169.0,0.0,0.0,0.14201183431952663
23.0,9.0,38.0,0.1,0.1,0.4,3.0,172.0,0.0,0.0,0.13953488372093023
23.0,9.0,39.0,0.1,0.1,0.4,3.0,169.0,0.0,0.0,0.14201183431952663
23.0,9.0,40.0,0.1,0.1,0.4,3.0,172.0,0.0,0.0,0.13953488372093023
23.0,9.0,41.0,0.1,0.1,0.4,3.0,169.0,0.0,0.0,0.14201183431952663
23.0,9.0,42.0,0.1,0.1,0.4,3.0,170.0,0.0,0.0,0.1411764705882353
23.0,9.0,43.0,0.1,0.1,0.4,3.0,168.0,0.0,0.0,0.14285714285714285
23.0,9.0,44.0,0.1,0.1,0.4,3.0,170.0,0.0,0.0,0.1411764705882353
23.0,9.0,45.0,0.1,0.1,0.4,3.0,168.0,0.0,0.0,0.21428571428571427
23.0,9.0,46.0,0.1,0.1,0.4,3.0,170.0,0.0,0.0,0.21176470588235294
23.0,9.0,47.0,0.1,0.1,0.4,3.0,158.0,0.0,0.0,0.22784810126582278
23.0,9.0,48.0,0.1,0.1,0.4,3.0,160.0,0.0,0.0,0.225
23.0,9.0,49.0,0.1,0.1,0.4,3.0,159.0,0.0,0.0,0.22641509433962265
23.0,9.0,50.0,0.1,0.1,0.4,3.0,159.0,0.0,0.0,0.22641509433962265
23.0,9.0,51.0,0.1,0.1,0.4,3.0,159.0,0.0,0.0,0.22641509433962265
23.0,9.0,52.0,0.1,0.1,0.4,3.0,159.0,0.0,0.0,0.22641509433962265
23.0,10.0,1.0,0.1,0.1,0.4,3.0,159.0,0.0,0.0,0.22641509433962265
23.0,10.0,2.0,0.1,0.1,0.4,3.0,159.0,0.0,0.0,0.22641509433962265
23.0,10.0,3.0,0.1,0.1,0.4,3.0,159.0,0.0,0.0,0.22641509433962265
23.0,10.0,4.0,0.1,0.1,0.4,3.0,159.0,0.0,0.0,0.22641509433962265
23.0,10.0,5.0,0.1,0.1,0.4,3.0,159.0,0.0,0.0,0.22641509433962265
23.0,10.0,6.0,0.1,0.1,0.4,3.0,158.0,0.0,0.0,0.22784810126582278
23.0,10.0,7.0,0.1,0.1,0.4,3.0,158.0,0.0,0.0,0.22784810126582278
23.0,10.0,8.0,0.1,0.1,0.4,3.0,159.0,0.0,0.0,0.22641509433962265
23.0,10.0,9.0,0.1,0.1,0.4,3.0,158.0,0.0,0.0,0.22784810126582278
23.0,10.0,10.0,0.1,0.1,0.4,3.0,159.0,0.0,0.0,0.22641509433962265
23.0,10.0,11.0,0.1,0.1,0.4,3.0,158.0,0.0,0.0,0.22784810126582278
23.0,10.0,12.0,0.1,0.1,0.4,3.0,159.0,0.0,0.0,0.22641509433962265
23.0,10.0,13.0,0.1,0.1,0.4,3.0,157.0,0.0,0.0,0.22929936305732485
23.0,10.0,14.0,0.1,0.1,0.4,3.0,157.0,0.0,0.0,0.2229299363057325
23.0,10.0,15.0,0.1,0.1,0.4,3.0,156.0,0.0,0.0,0.22435897435897437
23.0,10.0,16.0,0.1,0.1,0.4,3.0,157.0,0.0,0.0,0.2229299363057325
23.0,10.0,17.0,0.1,0.1,0.4,3.0,156.0,0.0,0.0,0.22435897435897437
23.0,10.0,18.0,0.1,0.1,0.4,3.0,157.0,0.0,0.0,0.2229299363057325
23.0,10.0,19.0,0.1,0.1,0.4,3.0,156.0,0.0,0.0,0.22435897435897437
23.0,10.0,20.0,0.1,0.1,0.4,3.0,258.0,0.0,0.0,0.10852713178294573
23.0,10.0,21.0,0.1,0.1,0.4,3.0,239.0,0.0,0.0,0.11715481171548117
23.0,10.0,22.0,0.1,0.1,0.4,3.0,244.0,0.0,0.0,0.11475409836065574
23.0,10.0,23.0,0.1,0.1,0.4,3.0,219.0,0.0,0.0,0.1187214611872146
23.0,10.0,24.0,0.1,0.1,0.4,3.0,224.0,0.0,0.0,0.11607142857142858
23.0,10.0,25.0,0.1,0.1,0.4,3.0,209.0,0.0,0.0,0.11961722488038277
23.0,10.0,26.0,0.1,0.1,0.4,3.0,214.0,0.0,0.0,0.11682242990654206
23.0,10.0,27.0,0.1,0.1,0.4,3.0,209.0,0.0,0.0,0.11961722488038277
23.0,10.0,28.0,0.1,0.1,0.4,3.0,190.0,0.0,0.0,0.12631578947368421
23.0,10.0,29.0,0.1,0.1,0.4,3.0,176.0,0.0,0.0,0.13636363636363635
23.0,10.0,30.0,0.1,0.1,0.4,3.0,181.0,0.0,0.0,0.13259668508287292
23.0,10.0,31.0,0.1,0.1,0.4,3.0,176.0,0.0,0.0,0.13636363636363635
23.0,10.0,32.0,0.1,0.1,0.4,3.0,171.0,0.0,0.0,0.14035087719298245
23.0,10.0,33.0,0.1,0.1,0.4,3.0,158.0,0.0,0.0,0.1518987341772152
23.0,10.0,34.0,0.1,0.1,0.4,3.0,155.0,0.0,0.0,0.15483870967741936
23.0,10.0,35.0,0.1,0.1,0.4,3.0,150.0,0.0,0.0,0.16
23.0,10.0,36.0,0.1,0.1,0.4,3.0,155.0,0.0,0.0,0.15483870967741936
23.0,10.0,37.0,0.1,0.1,0.4,3.0,150.0,0.0,0.0,0.16
23.0,10.0,38.0,0.1,0.1,0.4,3.0,155.0,0.0,0.0,0.15483870967741936
23.0,10.0,39.0,0.1,0.1,0.4,3.0,150.0,0.0,0.0,0.16
23.0,10.0,40.0,0.1,0.1,0.4,3.0,155.0,0.0,0.0,0.15483870967741936
23.0,10.0,41.0,0.1,0.1,0.4,3.0,149.0,0.0,0.0,0.1610738255033557
23.0,10.0,42.0,0.1,0.1,0.4,3.0,155.0,0.0,0.0,0.15483870967741936
23.0,10.0,43.0,0.1,0.1,0.4,3.0,149.0,0.0,0.0,0.1610738255033557
23.0,10.0,44.0,0.1,0.1,0.4,3.0,147.0,0.0,0.0,0.16326530612244897
23.0,10.0,45.0,0.1,0.1,0.4,3.0,141.0,0.0,0.0,0.2553191489361702
23.0,10.0,46.0,0.1,0.1,0.4,3.0,147.0,0.0,0.0,0.24489795918367346
23.0,10.0,47.0,0.1,0.1,0.4,3.0,141.0,0.0,0.0,0.2553191489361702
23.0,10.0,48.0,0.1,0.1,0.4,3.0,147.0,0.0,0.0,0.24489795918367346
23.0,10.0,49.0,0.1,0.1,0.4,3.0,141.0,0.0,0.0,0.2553191489361702
23.0,10.0,50.0,0.1,0.1,0.4,3.0,143.0,0.0,0.0,0.2517482517482518
23.0,10.0,51.0,0.1,0.1,0.4,3.0,141.0,0.0,0.0,0.2553191489361702
23.0,10.0,52.0,0.1,0.1,0.4,3.0,143.0,0.0,0.0,0.2517482517482518
24.0,1.0,1.0,0.1,0.1,0.4,3.0,5124.0,56.0,9.0,0.0940671350507416
24.0,1.0,2.0,0.1,0.1,0.4,3.0,4988.0,63.0,23.0,0.09262229350441059
24.0,1.0,3.0,0.1,0.1,0.4,3.0,4874.0,85.0,35.0,0.09355765285186705
24.0,1.0,4.0,0.1,0.1,0.4,3.0,4764.0,120.0,34.0,0.09319899244332494
24.0,1.0,5.0,0.1,0.1,0.4,3.0,4671.0,133.0,47.0,0.09719546135731107
24.0,1.0,6.0,0.1,0.1,0.4,3.0,4489.0,171.0,59.0,0.09801737580752952
24.0,1.0,7.0,0.1,0.1,0.4,3.0,4291.0,203.0,93.0,0.09904451176881846
24.0,1.0,8.0,0.1,0.1,0.4,3.0,4103.0,246.0,95.0,0.09919571045576407
24.0,1.0,9.0,0.1,0.1,0.4,3.0,3920.0,284.0,106.0,0.09923469387755102
24.0,1.0,10.0,0.1,0.1,0.4,3.0,3737.0,303.0,119.0,0.10008027829810008
24.0,1.0,11.0,0.1,0.1,0.4,3.0,3593.0,328.0,148.0,0.09935986640690231
24.0,1.0,12.0,0.1,0.1,0.4,3.0,3437.0,332.0,156.0,0.10154204247890602
24.0,1.0,13.0,0.1,0.1,0.4,3.0,3273.0,345.0,159.0,0.10388023220287199
24.0,1.0,14.0,0.1,0.1,0.4,3.0,3163.0,359.0,169.0,0.10527979766044894
24.0,1.0,15.0,0.1,0.1,0.4,3.0,3053.0,357.0,168.0,0.10645266950540452
24.0,1.0,16.0,0.1,0.1,0.4,3.0,2939.0,330.0,165.0,0.10854031983667914
24.0,1.0,17.0,0.1,0.1,0.4,3.0,2775.0,294.0,164.0,0.110990990990991
24.0,1.0,18.0,0.1,0.1,0.4,3.0,2615.0,272.0,155.0,0.1135755258126195
24.0,1.0,19.0,0.1,0.1,0.4,3.0,2518.0,255.0,140.0,0.11556791104050834
24.0,1.0,20.0,0.1,0.1,0.4,3.0,6492.0,234.0,115.0,0.04374614910659273
24.0,1.0,21.0,0.1,0.1,0.4,3.0,5860.0,307.0,93.0,0.04573378839590444
24.0,1.0,22.0,0.1,0.1,0.4,3.0,5382.0,333.0,106.0,0.04552211073950204
24.0,1.0,23.0,0.1,0.1,0.4,3.0,4957.0,360.0,117.0,0.04881985071615897
24.0,1.0,24.0,0.1,0.1,0.4,3.0,4570.0,407.0,133.0,0.04967177242888403
24.0,1.0,25.0,0.1,0.1,0.4,3.0,4212.0,416.0,116.0,0.051756885090218425
24.0,1.0,26.0,0.1,0.1,0.4,3.0,3875.0,424.0,152.0,0.05367741935483871
24.0,1.0,27.0,0.1,0.1,0.4,3.0,3494.0,392.0,152.0,0.05552375500858615
24.0,1.0,28.0,0.1,0.1,0.4,3.0,3211.0,418.0,178.0,0.05886016817190906
24.0,1.0,29.0,0.1,0.1,0.4,3.0,2907.0,392.0,162.0,0.06019951840385277
24.0,1.0,30.0,0.1,0.1,0.4,3.0,2708.0,394.0,183.0,0.06277695716395865
24.0,1.0,31.0,0.1,0.1,0.4,3.0,2539.0,385.0,178.0,0.06538007089405277
24.0,1.0,32.0,0.1,0.1,0.4,3.0,2354.0,396.0,171.0,0.06839422259983008
24.0,1.0,33.0,0.1,0.1,0.4,3.0,2158.0,353.0,168.0,0.07043558850787766
24.0,1.0,34.0,0.1,0.1,0.4,3.0,1993.0,317.0,156.0,0.07626693426994481
24.0,1.0,35.0,0.1,0.1,0.4,3.0,1829.0,301.0,152.0,0.07927829414980864
24.0,1.0,36.0,0.1,0.1,0.4,3.0,1736.0,271.0,141.0,0.08237327188940093
24.0,1.0,37.0,0.1,0.1,0.4,3.0,1615.0,244.0,132.0,0.08668730650154799
24.0,1.0,38.0,0.1,0.1,0.4,3.0,1511.0,230.0,112.0,0.09066843150231635
24.0,1.0,39.0,0.1,0.1,0.4,3.0,1390.0,210.0,101.0,0.09568345323741007
24.0,1.0,40.0,0.1,0.1,0.4,3.0,1327.0,200.0,84.0,0.10022607385079126
24.0,1.0,41.0,0.1,0.1,0.4,3.0,1250.0,173.0,92.0,0.1016
24.0,1.0,42.0,0.1,0.1,0.4,3.0,1147.0,150.0,80.0,0.11159546643417612
24.0,1.0,43.0,0.1,0.1,0.4,3.0,1056.0,140.0,79.0,0.11931818181818182
24.0,1.0,44.0,0.1,0.1,0.4,3.0,1010.0,124.0,64.0,0.12772277227722773
24.0,1.0,45.0,0.1,0.1,0.4,3.0,931.0,95.0,53.0,0.20730397422126745
24.0,1.0,46.0,0.1,0.1,0.4,3.0,887.0,74.0,45.0,0.21307779030439683
24.0,1.0,47.0,0.1,0.1,0.4,3.0,852.0,69.0,42.0,0.21244131455399062
24.0,1.0,48.0,0.1,0.1,0.4,3.0,811.0,57.0,28.0,0.218249075215783
24.0,1.0,49.0,0.1,0.1,0.4,3.0,777.0,39.0,20.0,0.22393822393822393
24.0,1.0,50.0,0.1,0.1,0.4,3.0,759.0,37.0,21.0,0.22924901185770752
24.0,1.0,51.0,0.1,0.1,0.4,3.0,743.0,33.0,18.0,0.23418573351278602
24.0,1.0,52.0,0.1,0.1,0.4,3.0,732.0,31.0,16.0,0.23224043715846995
24.0,2.0,1.0,0.1,0.1,0.4,3.0,719.0,26.0,13.0,0.23922114047287898
24.0,2.0,2.0,0.1,0.1,0.4,3.0,712.0,26.0,15.0,0.23735955056179775
24.0,2.0,3.0,0.1,0.1,0.4,3.0,695.0,24.0,15.0,0.2446043165467626
24.0,2.0,4.0,0.1,0.1,0.4,3.0,693.0,22.0,12.0,0.24242424242424243
24.0,2.0,5.0,0.1,0.1,0.4,3.0,677.0,17.0,10.0,0.2466765140324963
24.0,2.0,6.0,0.1,0.1,0.4,3.0,668.0,15.0,8.0,0.24850299401197604
24.0,2.0,7.0,0.1,0.1,0.4,3.0,661.0,15.0,7.0,0.2481089258698941
24.0,2.0,8.0,0.1,0.1,0.4,3.0,653.0,12.0,5.0,0.24961715160796324
24.0,2.0,9.0,0.1,0.1,0.4,3.0,637.0,10.0,3.0,0.24960753532182103
24.0,2.0,10.0,0.1,0.1,0.4,3.0,630.0,9.0,2.0,0.24603174603174602
24.0,2.0,11.0,0.1,0.1,0.4,3.0,620.0,7.0,3.0,0.2467741935483871
24.0,2.0,12.0,0.1,0.1,0.4,3.0,617.0,7.0,5.0,0.24473257698541329
24.0,2.0,13.0,0.1,0.1,0.4,3.0,609.0,8.0,7.0,0.24302134646962234
24.0,2.0,14.0,0.1,0.1,0.4,3.0,606.0,5.0,4.0,0.24587458745874588
24.0,2.0,15.0,0.1,0.1,0.4,3.0,598.0,4.0,2.0,0.24581939799331104
24.0,2.0,16.0,0.1,0.1,0.4,3.0,592.0,2.0,1.0,0.24493243243243243
24.0,2.0,17.0,0.1,0.1,0.4,3.0,588.0,2.0,1.0,0.2465986394557823
24.0,2.0,18.0,0.1,0.1,0.4,3.0,588.0,2.0,2.0,0.24489795918367346
24.0,2.0,19.0,0.1,0.1,0.4,3.0,577.0,3.0,1.0,0.24610051993067592
24.0,2.0,20.0,0.1,0.1,0.4,3.0,1065.0,3.0,1.0,0.13333333333333333
24.0,2.0,21.0,0.1,0.1,0.4,3.0,1026.0,2.0,2.0,0.13255360623781676
24.0,2.0,22.0,0.1,0.1,0.4,3.0,1005.0,3.0,2.0,0.13333333333333333
24.0,2.0,23.0,0.1,0.1,0.4,3.0,980.0,3.0,2.0,0.13163265306122449
24.0,2.0,24.0,0.1,0.1,0.4,3.0,924.0,1.0,0.0,0.13203463203463203
24.0,2.0,25.0,0.1,0.1,0.4,3.0,909.0,1.0,1.0,0.1353135313531353
24.0,2.0,26.0,0.1,0.1,0.4,3.0,906.0,1.0,1.0,0.13024282560706402
24.0,2.0,27.0,0.1,0.1,0.4,3.0,886.0,2.0,1.0,0.13544018058690746
24.0,2.0,28.0,0.1,0.1,0.4,3.0,863.0,1.0,0.0,0.1320973348783314
24.0,2.0,29.0,0.1,0.1,0.4,3.0,840.0,1.0,0.0,0.1392857142857143
24.0,2.0,30.0,0.1,0.1,0.4,3.0,818.0,1.0,1.0,0.13447432762836187
24.0,2.0,31.0,0.1,0.1,0.4,3.0,802.0,1.0,1.0,0.1396508728179551
24.0,2.0,32.0,0.1,0.1,0.4,3.0,786.0,1.0,1.0,0.13358778625954199
24.0,2.0,33.0,0.1,0.1,0.4,3.0,775.0,1.0,0.0,0.13806451612903226
24.0,2.0,34.0,0.1,0.1,0.4,3.0,762.0,1.0,0.0,0.1325459317585302
24.0,2.0,35.0,0.1,0.1,0.4,3.0,737.0,1.0,1.0,0.13975576662143827
24.0,2.0,36.0,0.1,0.1,0.4,3.0,736.0,1.0,1.0,0.13179347826086957
24.0,2.0,37.0,0.1,0.1,0.4,3.0,722.0,1.0,1.0,0.13573407202216067
24.0,2.0,38.0,0.1,0.1,0.4,3.0,708.0,0.0,0.0,0.13135593220338984
24.0,2.0,39.0,0.1,0.1,0.4,3.0,693.0,0.0,0.0,0.13997113997113997
24.0,2.0,40.0,0.1,0.1,0.4,3.0,677.0,0.0,0.0,0.1344165435745938
24.0,2.0,41.0,0.1,0.1,0.4,3.0,665.0,0.0,0.0,0.14135338345864662
24.0,2.0,42.0,0.1,0.1,0.4,3.0,648.0,0.0,0.0,0.1388888888888889
24.0,2.0,43.0,0.1,0.1,0.4,3.0,650.0,0.0,0.0,0.14307692307692307
24.0,2.0,44.0,0.1,0.1,0.4,3.0,646.0,0.0,0.0,0.1393188854489164
24.0,2.0,45.0,0.1,0.1,0.4,3.0,646.0,0.0,0.0,0.21207430340557276
24.0,2.0,46.0,0.1,0.1,0.4,3.0,628.0,0.0,0.0,0.21019108280254778
24.0,2.0,47.0,0.1,0.1,0.4,3.0,603.0,0.0,0.0,0.22056384742951907
24.0,2.0,48.0,0.1,0.1,0.4,3.0,594.0,0.0,0.0,0.2138047138047138
24.0,2.0,49.0,0.1,0.1,0.4,3.0,574.0,0.0,0.0,0.21951219512195122
24.0,2.0,50.0,0.1,0.1,0.4,3.0,564.0,0.0,0.0,0.2127659574468085
24.0,2.0,51.0,0.1,0.1,0.4,3.0,569.0,0.0,0.0,0.2179261862917399
24.0,2.0,52.0,0.1,0.1,0.4,3.0,554.0,0.0,0.0,0.2148014440433213
24.0,3.0,1.0,0.1,0.1,0.4,3.0,548.0,0.0,0.0,0.22262773722627738
24.0,3.0,2.0,0.1,0.1,0.4,3.0,541.0,0.0,0.0,0.21256931608133087
24.0,3.0,3.0,0.1,0.1,0.4,3.0,542.0,0.0,0.0,0.22140221402214022
24.0,3.0,4.0,0.1,0.1,0.4,3.0,535.0,0.0,0.0,0.20934579439252338
24.0,3.0,5.0,0.1,0.1,0.4,3.0,527.0,0.0,0.0,0.22011385199240988
24.0,3.0,6.0,0.1,0.1,0.4,3.0,515.0,0.0,0.0,0.21165048543689322
24.0,3.0,7.0,0.1,0.1,0.4,3.0,519.0,0.0,0.0,0.21579961464354527
24.0,3.0,8.0,0.1,0.1,0.4,3.0,511.0,0.0,0.0,0.20939334637964774
24.0,3.0,9.0,0.1,0.1,0.4,3.0,512.0,0.0,0.0,0.216796875
24.0,3.0,10.0,0.1,0.1,0.4,3.0,507.0,0.0,0.0,0.20907297830374755
24.0,3.0,11.0,0.1,0.1,0.4,3.0,508.0,0.0,0.0,0.2125984251968504
24.0,3.0,12.0,0.1,0.1,0.4,3.0,502.0,0.0,0.0,0.20717131474103587
24.0,3.0,13.0,0.1,0.1,0.4,3.0,504.0,0.0,0.0,0.21428571428571427
24.0,3.0,14.0,0.1,0.1,0.4,3.0,497.0,0.0,0.0,0.2052313883299799
24.0,3.0,15.0,0.1,0.1,0.4,3.0,495.0,0.0,0.0,0.21212121212121213
24.0,3.0,16.0,0.1,0.1,0.4,3.0,489.0,0.0,0.0,0.20449897750511248
24.0,3.0,17.0,0.1,0.1,0.4,3.0,491.0,0.0,0.0,0.21181262729124237
24.0,3.0,18.0,0.1,0.1,0.4,3.0,487.0,0.0,0.0,0.2053388090349076
24.0,3.0,19.0,0.1,0.1,0.4,3.0,489.0,0.0,0.0,0.21267893660531698
24.0,3.0,20.0,0.1,0.1,0.4,3.0,900.0,0.0,0.0,0.10888888888888888
24.0,3.0,21.0,0.1,0.1,0.4,3.0,872.0,0.0,0.0,0.11467889908256881
24.0,3.0,22.0,0.1,0.1,0.4,3.0,830.0,0.0,0.0,0.11686746987951807
24.0,3.0,23.0,0.1,0.1,0.4,3.0,792.0,0.0,0.0,0.125
24.0,3.0,24.0,0.1,0.1,0.4,3.0,764.0,0.0,0.0,0.12303664921465969
24.0,3.0,25.0,0.1,0.1,0.4,3.0,761.0,0.0,0.0,0.12483574244415244
24.0,3.0,26.0,0.1,0.1,0.4,3.0,738.0,0.0,0.0,0.12330623306233063
24.0,3.0,27.0,0.1,0.1,0.4,3.0,742.0,0.0,0.0,0.12533692722371967
24.0,3.0,28.0,0.1,0.1,0.4,3.0,729.0,0.0,0.0,0.12208504801097393
24.0,3.0,29.0,0.1,0.1,0.4,3.0,730.0,0.0,0.0,0.1273972602739726
24.0,3.0,30.0,0.1,0.1,0.4,3.0,716.0,0.0,0.0,0.12430167597765363
24.0,3.0,31.0,0.1,0.1,0.4,3.0,711.0,0.0,0.0,0.1279887482419128
24.0,3.0,32.0,0.1,0.1,0.4,3.0,688.0,0.0,0.0,0.12354651162790697
24.0,3.0,33.0,0.1,0.1,0.4,3.0,652.0,0.0,0.0,0.13496932515337423
24.0,3.0,34.0,0.1,0.1,0.4,3.0,606.0,0.0,0.0,0.13366336633663367
24.0,3.0,35.0,0.1,0.1,0.4,3.0,616.0,0.0,0.0,0.13636363636363635
24.0,3.0,36.0,0.1,0.1,0.4,3.0,592.0,0.0,0.0,0.13682432432432431
24.0,3.0,37.0,0.1,0.1,0.4,3.0,588.0,0.0,0.0,0.13945578231292516
24.0,3.0,38.0,0.1,0.1,0.4,3.0,570.0,0.0,0.0,0.14210526315789473
24.0,3.0,39.0,0.1,0.1,0.4,3.0,584.0,0.0,0.0,0.1404109589041096
24.0,3.0,40.0,0.1,0.1,0.4,3.0,567.0,0.0,0.0,0.14109347442680775
24.0,3.0,41.0,0.1,0.1,0.4,3.0,563.0,0.0,0.0,0.14209591474245115
24.0,3.0,42.0,0.1,0.1,0.4,3.0,538.0,0.0,0.0,0.14684014869888476
24.0,3.0,43.0,0.1,0.1,0.4,3.0,540.0,0.0,0.0,0.14444444444444443
24.0,3.0,44.0,0.1,0.1,0.4,3.0,531.0,0.0,0.0,0.1431261770244821
24.0,3.0,45.0,0.1,0.1,0.4,3.0,537.0,0.0,0.0,0.21601489757914338
24.0,3.0,46.0,0.1,0.1,0.4,3.0,510.0,0.0,0.0,0.2196078431372549
24.0,3.0,47.0,0.1,0.1,0.4,3.0,507.0,0.0,0.0,0.22090729783037474
24.0,3.0,48.0,0.1,0.1,0.4,3.0,490.0,0.0,0.0,0.22244897959183674
24.0,3.0,49.0,0.1,0.1,0.4,3.0,496.0,0.0,0.0,0.21774193548387097
24.0,3.0,50.0,0.1,0.1,0.4,3.0,472.0,0.0,0.0,0.22245762711864406
24.0,3.0,51.0,0.1,0.1,0.4,3.0,471.0,0.0,0.0,0.2208067940552017
24.0,3.0,52.0,0.1,0.1,0.4,3.0,465.0,0.0,0.0,0.22365591397849463
24.0,4.0,1.0,0.1,0.1,0.4,3.0,452.0,0.0,0.0,0.2168141592920354
24.0,4.0,2.0,0.1,0.1,0.4,3.0,450.0,0.0,0.0,0.22
24.0,4.0,3.0,0.1,0.1,0.4,3.0,449.0,0.0,0.0,0.22048997772828507
24.0,4.0,4.0,0.1,0.1,0.4,3.0,442.0,0.0,0.0,0.22171945701357465
24.0,4.0,5.0,0.1,0.1,0.4,3.0,446.0,0.0,0.0,0.21748878923766815
24.0,4.0,6.0,0.1,0.1,0.4,3.0,439.0,0.0,0.0,0.22095671981776766
24.0,4.0,7.0,0.1,0.1,0.4,3.0,445.0,0.0,0.0,0.21797752808988763
24.0,4.0,8.0,0.1,0.1,0.4,3.0,434.0,0.0,0.0,0.22350230414746544
24.0,4.0,9.0,0.1,0.1,0.4,3.0,434.0,0.0,0.0,0.21889400921658986
24.0,4.0,10.0,0.1,0.1,0.4,3.0,431.0,0.0,0.0,0.22041763341067286
24.0,4.0,11.0,0.1,0.1,0.4,3.0,434.0,0.0,0.0,0.21889400921658986
24.0,4.0,12.0,0.1,0.1,0.4,3.0,431.0,0.0,0.0,0.22041763341067286
24.0,4.0,13.0,0.1,0.1,0.4,3.0,431.0,0.0,0.0,0.21345707656612528
24.0,4.0,14.0,0.1,0.1,0.4,3.0,429.0,0.0,0.0,0.21678321678321677
24.0,4.0,15.0,0.1,0.1,0.4,3.0,431.0,0.0,0.0,0.21577726218097448
24.0,4.0,16.0,0.1,0.1,0.4,3.0,424.0,0.0,0.0,0.21226415094339623
24.0,4.0,17.0,0.1,0.1,0.4,3.0,427.0,0.0,0.0,0.21311475409836064
24.0,4.0,18.0,0.1,0.1,0.4,3.0,420.0,0.0,0.0,0.20952380952380953
24.0,4.0,19.0,0.1,0.1,0.4,3.0,427.0,0.0,0.0,0.20843091334894615
24.0,4.0,20.0,0.1,0.1,0.4,3.0,772.0,0.0,0.0,0.11139896373056994
24.0,4.0,21.0,0.1,0.1,0.4,3.0,762.0,0.0,0.0,0.11286089238845144
24.0,4.0,22.0,0.1,0.1,0.4,3.0,747.0,0.0,0.0,0.11378848728246319
24.0,4.0,23.0,0.1,0.1,0.4,3.0,668.0,0.0,0.0,0.1122754491017964
24.0,4.0,24.0,0.1,0.1,0.4,3.0,610.0,0.0,0.0,0.1180327868852459
24.0,4.0,25.0,0.1,0.1,0.4,3.0,618.0,0.0,0.0,0.11488673139158576
24.0,4.0,26.0,0.1,0.1,0.4,3.0,582.0,0.0,0.0,0.12027491408934708
24.0,4.0,27.0,0.1,0.1,0.4,3.0,590.0,0.0,0.0,0.11694915254237288
24.0,4.0,28.0,0.1,0.1,0.4,3.0,582.0,0.0,0.0,0.12027491408934708
24.0,4.0,29.0,0.1,0.1,0.4,3.0,573.0,0.0,0.0,0.11867364746945899
24.0,4.0,30.0,0.1,0.1,0.4,3.0,557.0,0.0,0.0,0.12028725314183124
24.0,4.0,31.0,0.1,0.1,0.4,3.0,546.0,0.0,0.0,0.11721611721611722
24.0,4.0,32.0,0.1,0.1,0.4,3.0,514.0,0.0,0.0,0.122568093385214
24.0,4.0,33.0,0.1,0.1,0.4,3.0,518.0,0.0,0.0,0.1138996138996139
24.0,4.0,34.0,0.1,0.1,0.4,3.0,503.0,0.0,0.0,0.1172962226640159
24.0,4.0,35.0,0.1,0.1,0.4,3.0,501.0,0.0,0.0,0.1157684630738523
24.0,4.0,36.0,0.1,0.1,0.4,3.0,492.0,0.0,0.0,0.11991869918699187
24.0,4.0,37.0,0.1,0.1,0.4,3.0,502.0,0.0,0.0,0.11553784860557768
24.0,4.0,38.0,0.1,0.1,0.4,3.0,482.0,0.0,0.0,0.12240663900414937
24.0,4.0,39.0,0.1,0.1,0.4,3.0,491.0,0.0,0.0,0.11812627291242363
24.0,4.0,40.0,0.1,0.1,0.4,3.0,461.0,0.0,0.0,0.12581344902386118
24.0,4.0,41.0,0.1,0.1,0.4,3.0,444.0,0.0,0.0,0.12612612612612611
24.0,4.0,42.0,0.1,0.1,0.4,3.0,422.0,0.0,0.0,0.13270142180094788
24.0,4.0,43.0,0.1,0.1,0.4,3.0,415.0,0.0,0.0,0.13493975903614458
24.0,4.0,44.0,0.1,0.1,0.4,3.0,402.0,0.0,0.0,0.13681592039800994
24.0,4.0,45.0,0.1,0.1,0.4,3.0,413.0,0.0,0.0,0.17433414043583534
24.0,4.0,46.0,0.1,0.1,0.4,3.0,400.0,0.0,0.0,0.1775
24.0,4.0,47.0,0.1,0.1,0.4,3.0,400.0,0.0,0.0,0.1775
24.0,4.0,48.0,0.1,0.1,0.4,3.0,386.0,0.0,0.0,0.17875647668393782
24.0,4.0,49.0,0.1,0.1,0.4,3.0,380.0,0.0,0.0,0.1763157894736842
24.0,4.0,50.0,0.1,0.1,0.4,3.0,361.0,0.0,0.0,0.18282548476454294
24.0,4.0,51.0,0.1,0.1,0.4,3.0,369.0,0.0,0.0,0.18157181571815717
24.0,4.0,52.0,0.1,0.1,0.4,3.0,359.0,0.0,0.0,0.18384401114206128
24.0,5.0,1.0,0.1,0.1,0.4,3.0,367.0,0.0,0.0,0.18256130790190736
24.0,5.0,2.0,0.1,0.1,0.4,3.0,354.0,0.0,0.0,0.18361581920903955
24.0,5.0,3.0,0.1,0.1,0.4,3.0,364.0,0.0,0.0,0.1813186813186813
24.0,5.0,4.0,0.1,0.1,0.4,3.0,352.0,0.0,0.0,0.18181818181818182
24.0,5.0,5.0,0.1,0.1,0.4,3.0,360.0,0.0,0.0,0.17777777777777778
24.0,5.0,6.0,0.1,0.1,0.4,3.0,350.0,0.0,0.0,0.18
24.0,5.0,7.0,0.1,0.1,0.4,3.0,358.0,0.0,0.0,0.1787709497206704
24.0,5.0,8.0,0.1,0.1,0.4,3.0,350.0,0.0,0.0,0.18
24.0,5.0,9.0,0.1,0.1,0.4,3.0,358.0,0.0,0.0,0.1787709497206704
24.0,5.0,10.0,0.1,0.1,0.4,3.0,349.0,0.0,0.0,0.18051575931232092
24.0,5.0,11.0,0.1,0.1,0.4,3.0,356.0,0.0,0.0,0.1797752808988764
24.0,5.0,12.0,0.1,0.1,0.4,3.0,347.0,0.0,0.0,0.18155619596541786
24.0,5.0,13.0,0.1,0.1,0.4,3.0,356.0,0.0,0.0,0.1797752808988764
24.0,5.0,14.0,0.1,0.1,0.4,3.0,344.0,0.0,0.0,0.18023255813953487
24.0,5.0,15.0,0.1,0.1,0.4,3.0,352.0,0.0,0.0,0.17897727272727273
24.0,5.0,16.0,0.1,0.1,0.4,3.0,344.0,0.0,0.0,0.18023255813953487
24.0,5.0,17.0,0.1,0.1,0.4,3.0,340.0,0.0,0.0,0.18529411764705883
24.0,5.0,18.0,0.1,0.1,0.4,3.0,331.0,0.0,0.0,0.18731117824773413
24.0,5.0,19.0,0.1,0.1,0.4,3.0,339.0,0.0,0.0,0.18584070796460178
24.0,5.0,20.0,0.1,0.1,0.4,3.0,617.0,0.0,0.0,0.10048622366288493
24.0,5.0,21.0,0.1,0.1,0.4,3.0,612.0,0.0,0.0,0.10130718954248366
24.0,5.0,22.0,0.1,0.1,0.4,3.0,597.0,0.0,0.0,0.10050251256281408
24.0,5.0,23.0,0.1,0.1,0.4,3.0,572.0,0.0,0.0,0.1048951048951049
24.0,5.0,24.0,0.1,0.1,0.4,3.0,540.0,0.0,0.0,0.10925925925925926
24.0,5.0,25.0,0.1,0.1,0.4,3.0,536.0,0.0,0.0,0.11007462686567164
24.0,5.0,26.0,0.1,0.1,0.4,3.0,521.0,0.0,0.0,0.10940499040307101
24.0,5.0,27.0,0.1,0.1,0.4,3.0,510.0,0.0,0.0,0.11372549019607843
24.0,5.0,28.0,0.1,0.1,0.4,3.0,486.0,0.0,0.0,0.11316872427983539
24.0,5.0,29.0,0.1,0.1,0.4,3.0,472.0,0.0,0.0,0.11440677966101695
24.0,5.0,30.0,0.1,0.1,0.4,3.0,449.0,0.0,0.0,0.11581291759465479
24.0,5.0,31.0,0.1,0.1,0.4,3.0,456.0,0.0,0.0,0.11403508771929824
24.0,5.0,32.0,0.1,0.1,0.4,3.0,438.0,0.0,0.0,0.11187214611872145
24.0,5.0,33.0,0.1,0.1,0.4,3.0,433.0,0.0,0.0,0.11316397228637413
24.0,5.0,34.0,0.1,0.1,0.4,3.0,419.0,0.0,0.0,0.11455847255369929
24.0,5.0,35.0,0.1,0.1,0.4,3.0,420.0,0.0,0.0,0.11666666666666667
24.0,5.0,36.0,0.1,0.1,0.4,3.0,399.0,0.0,0.0,0.11528822055137844
24.0,5.0,37.0,0.1,0.1,0.4,3.0,408.0,0.0,0.0,0.11274509803921569
24.0,5.0,38.0,0.1,0.1,0.4,3.0,397.0,0.0,0.0,0.11335012594458438
24.0,5.0,39.0,0.1,0.1,0.4,3.0,393.0,0.0,0.0,0.11195928753180662
24.0,5.0,40.0,0.1,0.1,0.4,3.0,394.0,0.0,0.0,0.1116751269035533
24.0,5.0,41.0,0.1,0.1,0.4,3.0,389.0,0.0,0.0,0.11053984575835475
24.0,5.0,42.0,0.1,0.1,0.4,3.0,391.0,0.0,0.0,0.11253196930946291
24.0,5.0,43.0,0.1,0.1,0.4,3.0,388.0,0.0,0.0,0.11082474226804123
24.0,5.0,44.0,0.1,0.1,0.4,3.0,380.0,0.0,0.0,0.11578947368421053
24.0,5.0,45.0,0.1,0.1,0.4,3.0,378.0,0.0,0.0,0.17989417989417988
24.0,5.0,46.0,0.1,0.1,0.4,3.0,379.0,0.0,0.0,0.18469656992084432
24.0,5.0,47.0,0.1,0.1,0.4,3.0,376.0,0.0,0.0,0.17819148936170212
24.0,5.0,48.0,0.1,0.1,0.4,3.0,378.0,0.0,0.0,0.18253968253968253
24.0,5.0,49.0,0.1,0.1,0.4,3.0,375.0,0.0,0.0,0.17866666666666667
24.0,5.0,50.0,0.1,0.1,0.4,3.0,377.0,0.0,0.0,0.1856763925729443
24.0,5.0,51.0,0.1,0.1,0.4,3.0,374.0,0.0,0.0,0.1711229946524064
24.0,5.0,52.0,0.1,0.1,0.4,3.0,376.0,0.0,0.0,0.18351063829787234
24.0,6.0,1.0,0.1,0.1,0.4,3.0,376.0,0.0,0.0,0.17287234042553193
24.0,6.0,2.0,0.1,0.1,0.4,3.0,376.0,0.0,0.0,0.18351063829787234
24.0,6.0,3.0,0.1,0.1,0.4,3.0,376.0,0.0,0.0,0.17287234042553193
24.0,6.0,4.0,0.1,0.1,0.4,3.0,375.0,0.0,0.0,0.18133333333333335
24.0,6.0,5.0,0.1,0.1,0.4,3.0,377.0,0.0,0.0,0.17771883289124668
24.0,6.0,6.0,0.1,0.1,0.4,3.0,364.0,0.0,0.0,0.1813186813186813
24.0,6.0,7.0,0.1,0.1,0.4,3.0,368.0,0.0,0.0,0.1766304347826087
24.0,6.0,8.0,0.1,0.1,0.4,3.0,361.0,0.0,0.0,0.18005540166204986
24.0,6.0,9.0,0.1,0.1,0.4,3.0,366.0,0.0,0.0,0.17759562841530055
24.0,6.0,10.0,0.1,0.1,0.4,3.0,362.0,0.0,0.0,0.18232044198895028
24.0,6.0,11.0,0.1,0.1,0.4,3.0,365.0,0.0,0.0,0.17534246575342466
24.0,6.0,12.0,0.1,0.1,0.4,3.0,361.0,0.0,0.0,0.18282548476454294
24.0,6.0,13.0,0.1,0.1,0.4,3.0,363.0,0.0,0.0,0.1763085399449036
24.0,6.0,14.0,0.1,0.1,0.4,3.0,353.0,0.0,0.0,0.18696883852691218
24.0,6.0,15.0,0.1,0.1,0.4,3.0,354.0,0.0,0.0,0.1807909604519774
24.0,6.0,16.0,0.1,0.1,0.4,3.0,349.0,0.0,0.0,0.18624641833810887
24.0,6.0,17.0,0.1,0.1,0.4,3.0,352.0,0.0,0.0,0.18181818181818182
24.0,6.0,18.0,0.1,0.1,0.4,3.0,347.0,0.0,0.0,0.1873198847262248
24.0,6.0,19.0,0.1,0.1,0.4,3.0,351.0,0.0,0.0,0.1794871794871795
24.0,6.0,20.0,0.1,0.1,0.4,3.0,622.0,0.0,0.0,0.10128617363344052
24.0,6.0,21.0,0.1,0.1,0.4,3.0,576.0,0.0,0.0,0.10243055555555555
24.0,6.0,22.0,0.1,0.1,0.4,3.0,564.0,0.0,0.0,0.10283687943262411
24.0,6.0,23.0,0.1,0.1,0.4,3.0,567.0,0.0,0.0,0.09876543209876543
24.0,6.0,24.0,0.1,0.1,0.4,3.0,545.0,0.0,0.0,0.10458715596330276
24.0,6.0,25.0,0.1,0.1,0.4,3.0,524.0,0.0,0.0,0.1049618320610687
24.0,6.0,26.0,0.1,0.1,0.4,3.0,518.0,0.0,0.0,0.10617760617760617
24.0,6.0,27.0,0.1,0.1,0.4,3.0,507.0,0.0,0.0,0.10650887573964497
24.0,6.0,28.0,0.1,0.1,0.4,3.0,494.0,0.0,0.0,0.10931174089068826
24.0,6.0,29.0,0.1,0.1,0.4,3.0,490.0,0.0,0.0,0.10816326530612246
24.0,6.0,30.0,0.1,0.1,0.4,3.0,475.0,0.0,0.0,0.10947368421052632
24.0,6.0,31.0,0.1,0.1,0.4,3.0,441.0,0.0,0.0,0.11337868480725624
24.0,6.0,32.0,0.1,0.1,0.4,3.0,423.0,0.0,0.0,0.1182033096926714
24.0,6.0,33.0,0.1,0.1,0.4,3.0,431.0,0.0,0.0,0.11600928074245939
24.0,6.0,34.0,0.1,0.1,0.4,3.0,384.0,0.0,0.0,0.11979166666666667
24.0,6.0,35.0,0.1,0.1,0.4,3.0,381.0,0.0,0.0,0.11811023622047244
24.0,6.0,36.0,0.1,0.1,0.4,3.0,364.0,0.0,0.0,0.12362637362637363
24.0,6.0,37.0,0.1,0.1,0.4,3.0,364.0,0.0,0.0,0.12362637362637363
24.0,6.0,38.0,0.1,0.1,0.4,3.0,356.0,0.0,0.0,0.12640449438202248
24.0,6.0,39.0,0.1,0.1,0.4,3.0,348.0,0.0,0.0,0.12643678160919541
24.0,6.0,40.0,0.1,0.1,0.4,3.0,356.0,0.0,0.0,0.12640449438202248
24.0,6.0,41.0,0.1,0.1,0.4,3.0,348.0,0.0,0.0,0.1235632183908046
24.0,6.0,42.0,0.1,0.1,0.4,3.0,341.0,0.0,0.0,0.12609970674486803
24.0,6.0,43.0,0.1,0.1,0.4,3.0,327.0,0.0,0.0,0.12844036697247707
24.0,6.0,44.0,0.1,0.1,0.4,3.0,330.0,0.0,0.0,0.1303030303030303
24.0,6.0,45.0,0.1,0.1,0.4,3.0,316.0,0.0,0.0,0.189873417721519
24.0,6.0,46.0,0.1,0.1,0.4,3.0,319.0,0.0,0.0,0.18808777429467086
24.0,6.0,47.0,0.1,0.1,0.4,3.0,316.0,0.0,0.0,0.189873417721519
24.0,6.0,48.0,0.1,0.1,0.4,3.0,321.0,0.0,0.0,0.1838006230529595
24.0,6.0,49.0,0.1,0.1,0.4,3.0,305.0,0.0,0.0,0.1901639344262295
24.0,6.0,50.0,0.1,0.1,0.4,3.0,309.0,0.0,0.0,0.18770226537216828
24.0,6.0,51.0,0.1,0.1,0.4,3.0,298.0,0.0,0.0,0.1912751677852349
24.0,6.0,52.0,0.1,0.1,0.4,3.0,302.0,0.0,0.0,0.18874172185430463
24.0,7.0,1.0,0.1,0.1,0.4,3.0,289.0,0.0,0.0,0.1972318339100346
24.0,7.0,2.0,0.1,0.1,0.4,3.0,292.0,0.0,0.0,0.1952054794520548
24.0,7.0,3.0,0.1,0.1,0.4,3.0,289.0,0.0,0.0,0.19377162629757785
24.0,7.0,4.0,0.1,0.1,0.4,3.0,292.0,0.0,0.0,0.1917808219178082
24.0,7.0,5.0,0.1,0.1,0.4,3.0,288.0,0.0,0.0,0.19444444444444445
24.0,7.0,6.0,0.1,0.1,0.4,3.0,292.0,0.0,0.0,0.1917808219178082
24.0,7.0,7.0,0.1,0.1,0.4,3.0,287.0,0.0,0.0,0.1951219512195122
24.0,7.0,8.0,0.1,0.1,0.4,3.0,290.0,0.0,0.0,0.19310344827586207
24.0,7.0,9.0,0.1,0.1,0.4,3.0,289.0,0.0,0.0,0.19377162629757785
24.0,7.0,10.0,0.1,0.1,0.4,3.0,288.0,0.0,0.0,0.1909722222222222
24.0,7.0,11.0,0.1,0.1,0.4,3.0,289.0,0.0,0.0,0.19377162629757785
24.0,7.0,12.0,0.1,0.1,0.4,3.0,290.0,0.0,0.0,0.1896551724137931
24.0,7.0,13.0,0.1,0.1,0.4,3.0,289.0,0.0,0.0,0.19377162629757785
24.0,7.0,14.0,0.1,0.1,0.4,3.0,289.0,0.0,0.0,0.1903114186851211
24.0,7.0,15.0,0.1,0.1,0.4,3.0,285.0,0.0,0.0,0.19649122807017544
24.0,7.0,16.0,0.1,0.1,0.4,3.0,287.0,0.0,0.0,0.1916376306620209
24.0,7.0,17.0,0.1,0.1,0.4,3.0,285.0,0.0,0.0,0.19649122807017544
24.0,7.0,18.0,0.1,0.1,0.4,3.0,287.0,0.0,0.0,0.1916376306620209
24.0,7.0,19.0,0.1,0.1,0.4,3.0,285.0,0.0,0.0,0.19649122807017544
24.0,7.0,20.0,0.1,0.1,0.4,3.0,534.0,0.0,0.0,0.10299625468164794
24.0,7.0,21.0,0.1,0.1,0.4,3.0,503.0,0.0,0.0,0.10934393638170974
24.0,7.0,22.0,0.1,0.1,0.4,3.0,485.0,0.0,0.0,0.10721649484536082
24.0,7.0,23.0,0.1,0.1,0.4,3.0,471.0,0.0,0.0,0.11040339702760085
24.0,7.0,24.0,0.1,0.1,0.4,3.0,467.0,0.0,0.0,0.10920770877944326
24.0,7.0,25.0,0.1,0.1,0.4,3.0,450.0,0.0,0.0,0.11333333333333333
24.0,7.0,26.0,0.1,0.1,0.4,3.0,436.0,0.0,0.0,0.11467889908256881
24.0,7.0,27.0,0.1,0.1,0.4,3.0,393.0,0.0,0.0,0.1272264631043257
24.0,7.0,28.0,0.1,0.1,0.4,3.0,399.0,0.0,0.0,0.12280701754385964
24.0,7.0,29.0,0.1,0.1,0.4,3.0,392.0,0.0,0.0,0.125
24.0,7.0,30.0,0.1,0.1,0.4,3.0,389.0,0.0,0.0,0.12082262210796915
24.0,7.0,31.0,0.1,0.1,0.4,3.0,384.0,0.0,0.0,0.125
24.0,7.0,32.0,0.1,0.1,0.4,3.0,389.0,0.0,0.0,0.12082262210796915
24.0,7.0,33.0,0.1,0.1,0.4,3.0,376.0,0.0,0.0,0.125
24.0,7.0,34.0,0.1,0.1,0.4,3.0,376.0,0.0,0.0,0.12234042553191489
24.0,7.0,35.0,0.1,0.1,0.4,3.0,372.0,0.0,0.0,0.12634408602150538
24.0,7.0,36.0,0.1,0.1,0.4,3.0,376.0,0.0,0.0,0.1196808510638298
24.0,7.0,37.0,0.1,0.1,0.4,3.0,371.0,0.0,0.0,0.12398921832884097
24.0,7.0,38.0,0.1,0.1,0.4,3.0,367.0,0.0,0.0,0.1226158038147139
24.0,7.0,39.0,0.1,0.1,0.4,3.0,355.0,0.0,0.0,0.1267605633802817
24.0,7.0,40.0,0.1,0.1,0.4,3.0,359.0,0.0,0.0,0.12256267409470752
24.0,7.0,41.0,0.1,0.1,0.4,3.0,355.0,0.0,0.0,0.1267605633802817
24.0,7.0,42.0,0.1,0.1,0.4,3.0,347.0,0.0,0.0,0.12680115273775217
24.0,7.0,43.0,0.1,0.1,0.4,3.0,343.0,0.0,0.0,0.13119533527696792
24.0,7.0,44.0,0.1,0.1,0.4,3.0,347.0,0.0,0.0,0.12680115273775217
24.0,7.0,45.0,0.1,0.1,0.4,3.0,342.0,0.0,0.0,0.2046783625730994
24.0,7.0,46.0,0.1,0.1,0.4,3.0,345.0,0.0,0.0,0.2028985507246377
24.0,7.0,47.0,0.1,0.1,0.4,3.0,342.0,0.0,0.0,0.2046783625730994
24.0,7.0,48.0,0.1,0.1,0.4,3.0,346.0,0.0,0.0,0.2023121387283237
24.0,7.0,49.0,0.1,0.1,0.4,3.0,342.0,0.0,0.0,0.2046783625730994
24.0,7.0,50.0,0.1,0.1,0.4,3.0,346.0,0.0,0.0,0.2023121387283237
24.0,7.0,51.0,0.1,0.1,0.4,3.0,340.0,0.0,0.0,0.20294117647058824
24.0,7.0,52.0,0.1,0.1,0.4,3.0,345.0,0.0,0.0,0.2
24.0,8.0,1.0,0.1,0.1,0.4,3.0,339.0,0.0,0.0,0.20058997050147492
24.0,8.0,2.0,0.1,0.1,0.4,3.0,344.0,0.0,0.0,0.19767441860465115
24.0,8.0,3.0,0.1,0.1,0.4,3.0,331.0,0.0,0.0,0.19637462235649547
24.0,8.0,4.0,0.1,0.1,0.4,3.0,334.0,0.0,0.0,0.19461077844311378
24.0,8.0,5.0,0.1,0.1,0.4,3.0,332.0,0.0,0.0,0.19578313253012047
24.0,8.0,6.0,0.1,0.1,0.4,3.0,334.0,0.0,0.0,0.19461077844311378
24.0,8.0,7.0,0.1,0.1,0.4,3.0,331.0,0.0,0.0,0.19637462235649547
24.0,8.0,8.0,0.1,0.1,0.4,3.0,334.0,0.0,0.0,0.19461077844311378
24.0,8.0,9.0,0.1,0.1,0.4,3.0,331.0,0.0,0.0,0.19637462235649547
24.0,8.0,10.0,0.1,0.1,0.4,3.0,334.0,0.0,0.0,0.19461077844311378
24.0,8.0,11.0,0.1,0.1,0.4,3.0,331.0,0.0,0.0,0.19637462235649547
24.0,8.0,12.0,0.1,0.1,0.4,3.0,334.0,0.0,0.0,0.19461077844311378
24.0,8.0,13.0,0.1,0.1,0.4,3.0,333.0,0.0,0.0,0.19519519519519518
24.0,8.0,14.0,0.1,0.1,0.4,3.0,334.0,0.0,0.0,0.19461077844311378
24.0,8.0,15.0,0.1,0.1,0.4,3.0,333.0,0.0,0.0,0.19519519519519518
24.0,8.0,16.0,0.1,0.1,0.4,3.0,335.0,0.0,0.0,0.19402985074626866
24.0,8.0,17.0,0.1,0.1,0.4,3.0,332.0,0.0,0.0,0.19578313253012047
24.0,8.0,18.0,0.1,0.1,0.4,3.0,334.0,0.0,0.0,0.19461077844311378
24.0,8.0,19.0,0.1,0.1,0.4,3.0,334.0,0.0,0.0,0.19461077844311378
24.0,8.0,20.0,0.1,0.1,0.4,3.0,596.0,0.0,0.0,0.10906040268456375
24.0,8.0,21.0,0.1,0.1,0.4,3.0,573.0,0.0,0.0,0.11343804537521815
24.0,8.0,22.0,0.1,0.1,0.4,3.0,526.0,0.0,0.0,0.11977186311787072
24.0,8.0,23.0,0.1,0.1,0.4,3.0,501.0,0.0,0.0,0.12574850299401197
24.0,8.0,24.0,0.1,0.1,0.4,3.0,498.0,0.0,0.0,0.12650602409638553
24.0,8.0,25.0,0.1,0.1,0.4,3.0,479.0,0.0,0.0,0.1315240083507307
24.0,8.0,26.0,0.1,0.1,0.4,3.0,464.0,0.0,0.0,0.1336206896551724
24.0,8.0,27.0,0.1,0.1,0.4,3.0,432.0,0.0,0.0,0.1388888888888889
24.0,8.0,28.0,0.1,0.1,0.4,3.0,404.0,0.0,0.0,0.14356435643564355
24.0,8.0,29.0,0.1,0.1,0.4,3.0,393.0,0.0,0.0,0.1475826972010178
24.0,8.0,30.0,0.1,0.1,0.4,3.0,382.0,0.0,0.0,0.14921465968586387
24.0,8.0,31.0,0.1,0.1,0.4,3.0,378.0,0.0,0.0,0.15079365079365079
24.0,8.0,32.0,0.1,0.1,0.4,3.0,355.0,0.0,0.0,0.15211267605633802
24.0,8.0,33.0,0.1,0.1,0.4,3.0,359.0,0.0,0.0,0.1532033426183844
24.0,8.0,34.0,0.1,0.1,0.4,3.0,355.0,0.0,0.0,0.15211267605633802
24.0,8.0,35.0,0.1,0.1,0.4,3.0,359.0,0.0,0.0,0.1532033426183844
24.0,8.0,36.0,0.1,0.1,0.4,3.0,346.0,0.0,0.0,0.1531791907514451
24.0,8.0,37.0,0.1,0.1,0.4,3.0,345.0,0.0,0.0,0.1565217391304348
24.0,8.0,38.0,0.1,0.1,0.4,3.0,346.0,0.0,0.0,0.1531791907514451
24.0,8.0,39.0,0.1,0.1,0.4,3.0,345.0,0.0,0.0,0.1565217391304348
24.0,8.0,40.0,0.1,0.1,0.4,3.0,349.0,0.0,0.0,0.1489971346704871
24.0,8.0,41.0,0.1,0.1,0.4,3.0,343.0,0.0,0.0,0.15451895043731778
24.0,8.0,42.0,0.1,0.1,0.4,3.0,348.0,0.0,0.0,0.14942528735632185
24.0,8.0,43.0,0.1,0.1,0.4,3.0,343.0,0.0,0.0,0.15451895043731778
24.0,8.0,44.0,0.1,0.1,0.4,3.0,340.0,0.0,0.0,0.15294117647058825
24.0,8.0,45.0,0.1,0.1,0.4,3.0,334.0,0.0,0.0,0.23053892215568864
24.0,8.0,46.0,0.1,0.1,0.4,3.0,340.0,0.0,0.0,0.2235294117647059
24.0,8.0,47.0,0.1,0.1,0.4,3.0,322.0,0.0,0.0,0.2360248447204969
24.0,8.0,48.0,0.1,0.1,0.4,3.0,327.0,0.0,0.0,0.22935779816513763
24.0,8.0,49.0,0.1,0.1,0.4,3.0,323.0,0.0,0.0,0.23529411764705882
24.0,8.0,50.0,0.1,0.1,0.4,3.0,318.0,0.0,0.0,0.23270440251572327
24.0,8.0,51.0,0.1,0.1,0.4,3.0,313.0,0.0,0.0,0.24281150159744408
24.0,8.0,52.0,0.1,0.1,0.4,3.0,317.0,0.0,0.0,0.23659305993690852
24.0,9.0,1.0,0.1,0.1,0.4,3.0,314.0,0.0,0.0,0.24203821656050956
24.0,9.0,2.0,0.1,0.1,0.4,3.0,316.0,0.0,0.0,0.23734177215189872
24.0,9.0,3.0,0.1,0.1,0.4,3.0,314.0,0.0,0.0,0.24203821656050956
24.0,9.0,4.0,0.1,0.1,0.4,3.0,317.0,0.0,0.0,0.23659305993690852
24.0,9.0,5.0,0.1,0.1,0.4,3.0,313.0,0.0,0.0,0.23961661341853036
24.0,9.0,6.0,0.1,0.1,0.4,3.0,316.0,0.0,0.0,0.23734177215189872
24.0,9.0,7.0,0.1,0.1,0.4,3.0,315.0,0.0,0.0,0.24126984126984127
24.0,9.0,8.0,0.1,0.1,0.4,3.0,316.0,0.0,0.0,0.23734177215189872
24.0,9.0,9.0,0.1,0.1,0.4,3.0,313.0,0.0,0.0,0.24281150159744408
24.0,9.0,10.0,0.1,0.1,0.4,3.0,318.0,0.0,0.0,0.2358490566037736
24.0,9.0,11.0,0.1,0.1,0.4,3.0,314.0,0.0,0.0,0.24203821656050956
24.0,9.0,12.0,0.1,0.1,0.4,3.0,318.0,0.0,0.0,0.2358490566037736
24.0,9.0,13.0,0.1,0.1,0.4,3.0,314.0,0.0,0.0,0.24203821656050956
24.0,9.0,14.0,0.1,0.1,0.4,3.0,319.0,0.0,0.0,0.23510971786833856
24.0,9.0,15.0,0.1,0.1,0.4,3.0,314.0,0.0,0.0,0.24203821656050956
24.0,9.0,16.0,0.1,0.1,0.4,3.0,318.0,0.0,0.0,0.2358490566037736
24.0,9.0,17.0,0.1,0.1,0.4,3.0,315.0,0.0,0.0,0.24126984126984127
24.0,9.0,18.0,0.1,0.1,0.4,3.0,317.0,0.0,0.0,0.23659305993690852
24.0,9.0,19.0,0.1,0.1,0.4,3.0,316.0,0.0,0.0,0.24050632911392406
24.0,9.0,20.0,0.1,0.1,0.4,3.0,587.0,0.0,0.0,0.11073253833049404
24.0,9.0,21.0,0.1,0.1,0.4,3.0,566.0,0.0,0.0,0.11307420494699646
24.0,9.0,22.0,0.1,0.1,0.4,3.0,537.0,0.0,0.0,0.1154562383612663
24.0,9.0,23.0,0.1,0.1,0.4,3.0,510.0,0.0,0.0,0.12156862745098039
24.0,9.0,24.0,0.1,0.1,0.4,3.0,485.0,0.0,0.0,0.12577319587628866
24.0,9.0,25.0,0.1,0.1,0.4,3.0,480.0,0.0,0.0,0.12916666666666668
24.0,9.0,26.0,0.1,0.1,0.4,3.0,466.0,0.0,0.0,0.12660944206008584
24.0,9.0,27.0,0.1,0.1,0.4,3.0,451.0,0.0,0.0,0.13303769401330376
24.0,9.0,28.0,0.1,0.1,0.4,3.0,458.0,0.0,0.0,0.12663755458515283
24.0,9.0,29.0,0.1,0.1,0.4,3.0,451.0,0.0,0.0,0.13303769401330376
24.0,9.0,30.0,0.1,0.1,0.4,3.0,443.0,0.0,0.0,0.1309255079006772
24.0,9.0,31.0,0.1,0.1,0.4,3.0,440.0,0.0,0.0,0.1340909090909091
24.0,9.0,32.0,0.1,0.1,0.4,3.0,427.0,0.0,0.0,0.13348946135831383
24.0,9.0,33.0,0.1,0.1,0.4,3.0,400.0,0.0,0.0,0.1425
24.0,9.0,34.0,0.1,0.1,0.4,3.0,402.0,0.0,0.0,0.13681592039800994
24.0,9.0,35.0,0.1,0.1,0.4,3.0,391.0,0.0,0.0,0.1432225063938619
24.0,9.0,36.0,0.1,0.1,0.4,3.0,393.0,0.0,0.0,0.13740458015267176
24.0,9.0,37.0,0.1,0.1,0.4,3.0,381.0,0.0,0.0,0.14435695538057744
24.0,9.0,38.0,0.1,0.1,0.4,3.0,378.0,0.0,0.0,0.14285714285714285
24.0,9.0,39.0,0.1,0.1,0.4,3.0,377.0,0.0,0.0,0.14323607427055704
24.0,9.0,40.0,0.1,0.1,0.4,3.0,361.0,0.0,0.0,0.14958448753462603
24.0,9.0,41.0,0.1,0.1,0.4,3.0,343.0,0.0,0.0,0.15743440233236153
24.0,9.0,42.0,0.1,0.1,0.4,3.0,350.0,0.0,0.0,0.15142857142857144
24.0,9.0,43.0,0.1,0.1,0.4,3.0,334.0,0.0,0.0,0.16167664670658682
24.0,9.0,44.0,0.1,0.1,0.4,3.0,336.0,0.0,0.0,0.15773809523809523
24.0,9.0,45.0,0.1,0.1,0.4,3.0,327.0,0.0,0.0,0.22935779816513763
24.0,9.0,46.0,0.1,0.1,0.4,3.0,335.0,0.0,0.0,0.21791044776119403
24.0,9.0,47.0,0.1,0.1,0.4,3.0,327.0,0.0,0.0,0.22935779816513763
24.0,9.0,48.0,0.1,0.1,0.4,3.0,336.0,0.0,0.0,0.21726190476190477
24.0,9.0,49.0,0.1,0.1,0.4,3.0,310.0,0.0,0.0,0.23548387096774193
24.0,9.0,50.0,0.1,0.1,0.4,3.0,315.0,0.0,0.0,0.21904761904761905
24.0,9.0,51.0,0.1,0.1,0.4,3.0,310.0,0.0,0.0,0.23548387096774193
24.0,9.0,52.0,0.1,0.1,0.4,3.0,317.0,0.0,0.0,0.22082018927444794
24.0,10.0,1.0,0.1,0.1,0.4,3.0,310.0,0.0,0.0,0.23548387096774193
24.0,10.0,2.0,0.1,0.1,0.4,3.0,314.0,0.0,0.0,0.2197452229299363
24.0,10.0,3.0,0.1,0.1,0.4,3.0,310.0,0.0,0.0,0.23548387096774193
24.0,10.0,4.0,0.1,0.1,0.4,3.0,311.0,0.0,0.0,0.22186495176848875
24.0,10.0,5.0,0.1,0.1,0.4,3.0,309.0,0.0,0.0,0.23624595469255663
24.0,10.0,6.0,0.1,0.1,0.4,3.0,311.0,0.0,0.0,0.22186495176848875
24.0,10.0,7.0,0.1,0.1,0.4,3.0,309.0,0.0,0.0,0.23624595469255663
24.0,10.0,8.0,0.1,0.1,0.4,3.0,314.0,0.0,0.0,0.2229299363057325
24.0,10.0,9.0,0.1,0.1,0.4,3.0,309.0,0.0,0.0,0.23624595469255663
24.0,10.0,10.0,0.1,0.1,0.4,3.0,312.0,0.0,0.0,0.22435897435897437
24.0,10.0,11.0,0.1,0.1,0.4,3.0,308.0,0.0,0.0,0.23376623376623376
24.0,10.0,12.0,0.1,0.1,0.4,3.0,313.0,0.0,0.0,0.22364217252396165
24.0,10.0,13.0,0.1,0.1,0.4,3.0,307.0,0.0,0.0,0.23778501628664495
24.0,10.0,14.0,0.1,0.1,0.4,3.0,312.0,0.0,0.0,0.22115384615384615
24.0,10.0,15.0,0.1,0.1,0.4,3.0,308.0,0.0,0.0,0.237012987012987
24.0,10.0,16.0,0.1,0.1,0.4,3.0,303.0,0.0,0.0,0.22442244224422442
24.0,10.0,17.0,0.1,0.1,0.4,3.0,296.0,0.0,0.0,0.23648648648648649
24.0,10.0,18.0,0.1,0.1,0.4,3.0,303.0,0.0,0.0,0.22442244224422442
24.0,10.0,19.0,0.1,0.1,0.4,3.0,297.0,0.0,0.0,0.2356902356902357
24.0,10.0,20.0,0.1,0.1,0.4,3.0,508.0,0.0,0.0,0.1141732283464567
24.0,10.0,21.0,0.1,0.1,0.4,3.0,488.0,0.0,0.0,0.12295081967213115
24.0,10.0,22.0,0.1,0.1,0.4,3.0,501.0,0.0,0.0,0.11776447105788423
24.0,10.0,23.0,0.1,0.1,0.4,3.0,454.0,0.0,0.0,0.12334801762114538
24.0,10.0,24.0,0.1,0.1,0.4,3.0,454.0,0.0,0.0,0.1211453744493392
24.0,10.0,25.0,0.1,0.1,0.4,3.0,428.0,0.0,0.0,0.12383177570093458
24.0,10.0,26.0,0.1,0.1,0.4,3.0,420.0,0.0,0.0,0.12142857142857143
24.0,10.0,27.0,0.1,0.1,0.4,3.0,374.0,0.0,0.0,0.12834224598930483
24.0,10.0,28.0,0.1,0.1,0.4,3.0,371.0,0.0,0.0,0.12129380053908356
24.0,10.0,29.0,0.1,0.1,0.4,3.0,366.0,0.0,0.0,0.13114754098360656
24.0,10.0,30.0,0.1,0.1,0.4,3.0,354.0,0.0,0.0,0.12994350282485875
24.0,10.0,31.0,0.1,0.1,0.4,3.0,343.0,0.0,0.0,0.13702623906705538
24.0,10.0,32.0,0.1,0.1,0.4,3.0,342.0,0.0,0.0,0.13450292397660818
24.0,10.0,33.0,0.1,0.1,0.4,3.0,345.0,0.0,0.0,0.1391304347826087
24.0,10.0,34.0,0.1,0.1,0.4,3.0,342.0,0.0,0.0,0.13450292397660818
24.0,10.0,35.0,0.1,0.1,0.4,3.0,337.0,0.0,0.0,0.142433234421365
24.0,10.0,36.0,0.1,0.1,0.4,3.0,335.0,0.0,0.0,0.1373134328358209
24.0,10.0,37.0,0.1,0.1,0.4,3.0,336.0,0.0,0.0,0.14285714285714285
24.0,10.0,38.0,0.1,0.1,0.4,3.0,335.0,0.0,0.0,0.1373134328358209
24.0,10.0,39.0,0.1,0.1,0.4,3.0,336.0,0.0,0.0,0.14285714285714285
24.0,10.0,40.0,0.1,0.1,0.4,3.0,335.0,0.0,0.0,0.1373134328358209
24.0,10.0,41.0,0.1,0.1,0.4,3.0,337.0,0.0,0.0,0.142433234421365
24.0,10.0,42.0,0.1,0.1,0.4,3.0,327.0,0.0,0.0,0.14067278287461774
24.0,10.0,43.0,0.1,0.1,0.4,3.0,329.0,0.0,0.0,0.1458966565349544
24.0,10.0,44.0,0.1,0.1,0.4,3.0,327.0,0.0,0.0,0.14067278287461774
24.0,10.0,45.0,0.1,0.1,0.4,3.0,318.0,0.0,0.0,0.22012578616352202
24.0,10.0,46.0,0.1,0.1,0.4,3.0,308.0,0.0,0.0,0.21753246753246752
24.0,10.0,47.0,0.1,0.1,0.4,3.0,300.0,0.0,0.0,0.22333333333333333
24.0,10.0,48.0,0.1,0.1,0.4,3.0,297.0,0.0,0.0,0.21885521885521886
24.0,10.0,49.0,0.1,0.1,0.4,3.0,300.0,0.0,0.0,0.22333333333333333
24.0,10.0,50.0,0.1,0.1,0.4,3.0,299.0,0.0,0.0,0.21739130434782608
24.0,10.0,51.0,0.1,0.1,0.4,3.0,299.0,0.0,0.0,0.22408026755852842
24.0,10.0,52.0,0.1,0.1,0.4,3.0,299.0,0.0,0.0,0.21739130434782608
25.0,1.0,1.0,0.1,0.1,0.4,3.0,5137.0,54.0,11.0,0.09733307377846992
25.0,1.0,2.0,0.1,0.1,0.4,3.0,5110.0,62.0,20.0,0.0958904109589041
25.0,1.0,3.0,0.1,0.1,0.4,3.0,4977.0,73.0,36.0,0.09483624673498091
25.0,1.0,4.0,0.1,0.1,0.4,3.0,4841.0,93.0,31.0,0.09481512084280107
25.0,1.0,5.0,0.1,0.1,0.4,3.0,4738.0,106.0,45.0,0.09814267623469819
25.0,1.0,6.0,0.1,0.1,0.4,3.0,4544.0,123.0,43.0,0.09837147887323944
25.0,1.0,7.0,0.1,0.1,0.4,3.0,4443.0,147.0,57.0,0.10015755120414134
25.0,1.0,8.0,0.1,0.1,0.4,3.0,4285.0,156.0,60.0,0.10035005834305717
25.0,1.0,9.0,0.1,0.1,0.4,3.0,4048.0,173.0,74.0,0.10153162055335968
25.0,1.0,10.0,0.1,0.1,0.4,3.0,3909.0,198.0,78.0,0.10258378101816322
25.0,1.0,11.0,0.1,0.1,0.4,3.0,3782.0,200.0,80.0,0.10364886303543099
25.0,1.0,12.0,0.1,0.1,0.4,3.0,3652.0,215.0,89.0,0.10487404162102958
25.0,1.0,13.0,0.1,0.1,0.4,3.0,3555.0,246.0,95.0,0.10436005625879044
25.0,1.0,14.0,0.1,0.1,0.4,3.0,3416.0,275.0,107.0,0.10655737704918032
25.0,1.0,15.0,0.1,0.1,0.4,3.0,3239.0,271.0,124.0,0.10867551713491819
25.0,1.0,16.0,0.1,0.1,0.4,3.0,3122.0,288.0,136.0,0.10890454836643178
25.0,1.0,17.0,0.1,0.1,0.4,3.0,3010.0,299.0,149.0,0.10863787375415282
25.0,1.0,18.0,0.1,0.1,0.4,3.0,2818.0,272.0,136.0,0.11000709723207949
25.0,1.0,19.0,0.1,0.1,0.4,3.0,2698.0,264.0,140.0,0.11082283172720533
25.0,1.0,20.0,0.1,0.1,0.4,3.0,7161.0,254.0,127.0,0.041195363776008936
25.0,1.0,21.0,0.1,0.1,0.4,3.0,6349.0,330.0,109.0,0.04331390770200032
25.0,1.0,22.0,0.1,0.1,0.4,3.0,5792.0,347.0,119.0,0.043162983425414365
25.0,1.0,23.0,0.1,0.1,0.4,3.0,5235.0,371.0,130.0,0.04603629417382999
25.0,1.0,24.0,0.1,0.1,0.4,3.0,4734.0,368.0,132.0,0.046894803548795945
25.0,1.0,25.0,0.1,0.1,0.4,3.0,4404.0,385.0,137.0,0.047683923705722074
25.0,1.0,26.0,0.1,0.1,0.4,3.0,3994.0,389.0,150.0,0.049323985978968456
25.0,1.0,27.0,0.1,0.1,0.4,3.0,3782.0,457.0,199.0,0.05103120042305658
25.0,1.0,28.0,0.1,0.1,0.4,3.0,3447.0,469.0,200.0,0.05366985784740354
25.0,1.0,29.0,0.1,0.1,0.4,3.0,3189.0,463.0,184.0,0.05707118218877391
25.0,1.0,30.0,0.1,0.1,0.4,3.0,2992.0,471.0,183.0,0.05949197860962567
25.0,1.0,31.0,0.1,0.1,0.4,3.0,2772.0,446.0,205.0,0.06132756132756133
25.0,1.0,32.0,0.1,0.1,0.4,3.0,2574.0,458.0,217.0,0.06371406371406371
25.0,1.0,33.0,0.1,0.1,0.4,3.0,2307.0,446.0,207.0,0.06892067620286085
25.0,1.0,34.0,0.1,0.1,0.4,3.0,2104.0,385.0,182.0,0.07319391634980989
25.0,1.0,35.0,0.1,0.1,0.4,3.0,1956.0,351.0,172.0,0.07464212678936605
25.0,1.0,36.0,0.1,0.1,0.4,3.0,1777.0,324.0,159.0,0.08047270680922904
25.0,1.0,37.0,0.1,0.1,0.4,3.0,1681.0,303.0,160.0,0.0826888756692445
25.0,1.0,38.0,0.1,0.1,0.4,3.0,1581.0,288.0,144.0,0.08791903858317521
25.0,1.0,39.0,0.1,0.1,0.4,3.0,1462.0,258.0,141.0,0.09165526675786594
25.0,1.0,40.0,0.1,0.1,0.4,3.0,1370.0,244.0,120.0,0.09781021897810219
25.0,1.0,41.0,0.1,0.1,0.4,3.0,1278.0,216.0,121.0,0.10328638497652583
25.0,1.0,42.0,0.1,0.1,0.4,3.0,1185.0,184.0,102.0,0.10886075949367088
25.0,1.0,43.0,0.1,0.1,0.4,3.0,1089.0,166.0,89.0,0.11386593204775022
25.0,1.0,44.0,0.1,0.1,0.4,3.0,1006.0,155.0,68.0,0.12127236580516898
25.0,1.0,45.0,0.1,0.1,0.4,3.0,969.0,152.0,56.0,0.18782249742002063
25.0,1.0,46.0,0.1,0.1,0.4,3.0,925.0,143.0,69.0,0.1935135135135135
25.0,1.0,47.0,0.1,0.1,0.4,3.0,872.0,128.0,69.0,0.2029816513761468
25.0,1.0,48.0,0.1,0.1,0.4,3.0,852.0,133.0,67.0,0.20422535211267606
25.0,1.0,49.0,0.1,0.1,0.4,3.0,787.0,113.0,46.0,0.21728081321473952
25.0,1.0,50.0,0.1,0.1,0.4,3.0,764.0,111.0,52.0,0.21727748691099477
25.0,1.0,51.0,0.1,0.1,0.4,3.0,755.0,111.0,59.0,0.21986754966887417
25.0,1.0,52.0,0.1,0.1,0.4,3.0,727.0,103.0,58.0,0.22145804676753783
25.0,2.0,1.0,0.1,0.1,0.4,3.0,695.0,92.0,55.0,0.2316546762589928
25.0,2.0,2.0,0.1,0.1,0.4,3.0,663.0,77.0,48.0,0.2368024132730015
25.0,2.0,3.0,0.1,0.1,0.4,3.0,633.0,67.0,42.0,0.24960505529225907
25.0,2.0,4.0,0.1,0.1,0.4,3.0,607.0,54.0,32.0,0.25370675453047775
25.0,2.0,5.0,0.1,0.1,0.4,3.0,584.0,43.0,25.0,0.2636986301369863
25.0,2.0,6.0,0.1,0.1,0.4,3.0,573.0,33.0,20.0,0.2670157068062827
25.0,2.0,7.0,0.1,0.1,0.4,3.0,561.0,27.0,16.0,0.27450980392156865
25.0,2.0,8.0,0.1,0.1,0.4,3.0,549.0,23.0,11.0,0.2786885245901639
25.0,2.0,9.0,0.1,0.1,0.4,3.0,537.0,19.0,12.0,0.2849162011173184
25.0,2.0,10.0,0.1,0.1,0.4,3.0,530.0,15.0,11.0,0.28679245283018867
25.0,2.0,11.0,0.1,0.1,0.4,3.0,529.0,16.0,12.0,0.28733459357277885
25.0,2.0,12.0,0.1,0.1,0.4,3.0,519.0,11.0,6.0,0.28901734104046245
25.0,2.0,13.0,0.1,0.1,0.4,3.0,512.0,8.0,4.0,0.294921875
25.0,2.0,14.0,0.1,0.1,0.4,3.0,512.0,7.0,4.0,0.29296875
25.0,2.0,15.0,0.1,0.1,0.4,3.0,506.0,8.0,5.0,0.2964426877470356
25.0,2.0,16.0,0.1,0.1,0.4,3.0,508.0,8.0,5.0,0.2933070866141732
25.0,2.0,17.0,0.1,0.1,0.4,3.0,497.0,6.0,4.0,0.2937625754527163
25.0,2.0,18.0,0.1,0.1,0.4,3.0,500.0,4.0,2.0,0.292
25.0,2.0,19.0,0.1,0.1,0.4,3.0,489.0,4.0,2.0,0.294478527607362
25.0,2.0,20.0,0.1,0.1,0.4,3.0,929.0,3.0,2.0,0.155005382131324
25.0,2.0,21.0,0.1,0.1,0.4,3.0,878.0,7.0,2.0,0.16059225512528474
25.0,2.0,22.0,0.1,0.1,0.4,3.0,853.0,7.0,3.0,0.16295427901524032
25.0,2.0,23.0,0.1,0.1,0.4,3.0,826.0,10.0,3.0,0.16343825665859565
25.0,2.0,24.0,0.1,0.1,0.4,3.0,821.0,11.0,5.0,0.16321559074299635
25.0,2.0,25.0,0.1,0.1,0.4,3.0,796.0,11.0,4.0,0.1658291457286432
25.0,2.0,26.0,0.1,0.1,0.4,3.0,734.0,11.0,3.0,0.17302452316076294
25.0,2.0,27.0,0.1,0.1,0.4,3.0,717.0,10.0,3.0,0.17712691771269176
25.0,2.0,28.0,0.1,0.1,0.4,3.0,686.0,9.0,3.0,0.1836734693877551
25.0,2.0,29.0,0.1,0.1,0.4,3.0,686.0,9.0,6.0,0.18075801749271136
25.0,2.0,30.0,0.1,0.1,0.4,3.0,665.0,9.0,4.0,0.18646616541353384
25.0,2.0,31.0,0.1,0.1,0.4,3.0,645.0,10.0,4.0,0.19069767441860466
25.0,2.0,32.0,0.1,0.1,0.4,3.0,628.0,9.0,2.0,0.19585987261146498
25.0,2.0,33.0,0.1,0.1,0.4,3.0,615.0,9.0,3.0,0.1967479674796748
25.0,2.0,34.0,0.1,0.1,0.4,3.0,606.0,9.0,5.0,0.19801980198019803
25.0,2.0,35.0,0.1,0.1,0.4,3.0,592.0,9.0,6.0,0.20101351351351351
25.0,2.0,36.0,0.1,0.1,0.4,3.0,583.0,8.0,6.0,0.20240137221269297
25.0,2.0,37.0,0.1,0.1,0.4,3.0,577.0,6.0,4.0,0.2027729636048527
25.0,2.0,38.0,0.1,0.1,0.4,3.0,571.0,7.0,3.0,0.20490367775831875
25.0,2.0,39.0,0.1,0.1,0.4,3.0,554.0,6.0,4.0,0.20577617328519857
25.0,2.0,40.0,0.1,0.1,0.4,3.0,540.0,6.0,3.0,0.2074074074074074
25.0,2.0,41.0,0.1,0.1,0.4,3.0,540.0,6.0,3.0,0.2074074074074074
25.0,2.0,42.0,0.1,0.1,0.4,3.0,531.0,4.0,3.0,0.21092278719397364
25.0,2.0,43.0,0.1,0.1,0.4,3.0,531.0,6.0,3.0,0.20903954802259886
25.0,2.0,44.0,0.1,0.1,0.4,3.0,510.0,5.0,3.0,0.21568627450980393
25.0,2.0,45.0,0.1,0.1,0.4,3.0,496.0,1.0,0.0,0.2600806451612903
25.0,2.0,46.0,0.1,0.1,0.4,3.0,498.0,1.0,0.0,0.26506024096385544
25.0,2.0,47.0,0.1,0.1,0.4,3.0,498.0,1.0,0.0,0.26506024096385544
25.0,2.0,48.0,0.1,0.1,0.4,3.0,489.0,1.0,0.0,0.26380368098159507
25.0,2.0,49.0,0.1,0.1,0.4,3.0,486.0,1.0,1.0,0.2613168724279835
25.0,2.0,50.0,0.1,0.1,0.4,3.0,471.0,1.0,1.0,0.2611464968152866
25.0,2.0,51.0,0.1,0.1,0.4,3.0,453.0,1.0,1.0,0.26269315673289184
25.0,2.0,52.0,0.1,0.1,0.4,3.0,453.0,0.0,0.0,0.26269315673289184
25.0,3.0,1.0,0.1,0.1,0.4,3.0,451.0,0.0,0.0,0.2616407982261641
25.0,3.0,2.0,0.1,0.1,0.4,3.0,438.0,0.0,0.0,0.2648401826484018
25.0,3.0,3.0,0.1,0.1,0.4,3.0,437.0,0.0,0.0,0.2631578947368421
25.0,3.0,4.0,0.1,0.1,0.4,3.0,435.0,0.0,0.0,0.26436781609195403
25.0,3.0,5.0,0.1,0.1,0.4,3.0,433.0,0.0,0.0,0.26558891454965355
25.0,3.0,6.0,0.1,0.1,0.4,3.0,431.0,0.0,0.0,0.2668213457076566
25.0,3.0,7.0,0.1,0.1,0.4,3.0,429.0,0.0,0.0,0.2634032634032634
25.0,3.0,8.0,0.1,0.1,0.4,3.0,422.0,0.0,0.0,0.26303317535545023
25.0,3.0,9.0,0.1,0.1,0.4,3.0,424.0,0.0,0.0,0.25943396226415094
25.0,3.0,10.0,0.1,0.1,0.4,3.0,417.0,0.0,0.0,0.26139088729016785
25.0,3.0,11.0,0.1,0.1,0.4,3.0,415.0,0.0,0.0,0.26265060240963856
25.0,3.0,12.0,0.1,0.1,0.4,3.0,412.0,0.0,0.0,0.2645631067961165
25.0,3.0,13.0,0.1,0.1,0.4,3.0,409.0,0.0,0.0,0.26405867970660146
25.0,3.0,14.0,0.1,0.1,0.4,3.0,406.0,0.0,0.0,0.26354679802955666
25.0,3.0,15.0,0.1,0.1,0.4,3.0,405.0,0.0,0.0,0.2617283950617284
25.0,3.0,16.0,0.1,0.1,0.4,3.0,404.0,0.0,0.0,0.2623762376237624
25.0,3.0,17.0,0.1,0.1,0.4,3.0,404.0,0.0,0.0,0.2623762376237624
25.0,3.0,18.0,0.1,0.1,0.4,3.0,402.0,0.0,0.0,0.263681592039801
25.0,3.0,19.0,0.1,0.1,0.4,3.0,400.0,0.0,0.0,0.26
25.0,3.0,20.0,0.1,0.1,0.4,3.0,750.0,0.0,0.0,0.13733333333333334
25.0,3.0,21.0,0.1,0.1,0.4,3.0,699.0,0.0,0.0,0.14449213161659513
25.0,3.0,22.0,0.1,0.1,0.4,3.0,659.0,0.0,0.0,0.1471927162367223
25.0,3.0,23.0,0.1,0.1,0.4,3.0,634.0,0.0,0.0,0.1498422712933754
25.0,3.0,24.0,0.1,0.1,0.4,3.0,614.0,0.0,0.0,0.1482084690553746
25.0,3.0,25.0,0.1,0.1,0.4,3.0,588.0,0.0,0.0,0.15306122448979592
25.0,3.0,26.0,0.1,0.1,0.4,3.0,570.0,0.0,0.0,0.15087719298245614
25.0,3.0,27.0,0.1,0.1,0.4,3.0,574.0,0.0,0.0,0.1480836236933798
25.0,3.0,28.0,0.1,0.1,0.4,3.0,544.0,0.0,0.0,0.15441176470588236
25.0,3.0,29.0,0.1,0.1,0.4,3.0,503.0,0.0,0.0,0.15705765407554673
25.0,3.0,30.0,0.1,0.1,0.4,3.0,465.0,0.0,0.0,0.15698924731182795
25.0,3.0,31.0,0.1,0.1,0.4,3.0,465.0,0.0,0.0,0.15698924731182795
25.0,3.0,32.0,0.1,0.1,0.4,3.0,441.0,0.0,0.0,0.16326530612244897
25.0,3.0,33.0,0.1,0.1,0.4,3.0,438.0,0.0,0.0,0.1643835616438356
25.0,3.0,34.0,0.1,0.1,0.4,3.0,432.0,0.0,0.0,0.16203703703703703
25.0,3.0,35.0,0.1,0.1,0.4,3.0,432.0,0.0,0.0,0.16203703703703703
25.0,3.0,36.0,0.1,0.1,0.4,3.0,425.0,0.0,0.0,0.1623529411764706
25.0,3.0,37.0,0.1,0.1,0.4,3.0,428.0,0.0,0.0,0.16121495327102803
25.0,3.0,38.0,0.1,0.1,0.4,3.0,412.0,0.0,0.0,0.1650485436893204
25.0,3.0,39.0,0.1,0.1,0.4,3.0,416.0,0.0,0.0,0.16346153846153846
25.0,3.0,40.0,0.1,0.1,0.4,3.0,398.0,0.0,0.0,0.16834170854271358
25.0,3.0,41.0,0.1,0.1,0.4,3.0,403.0,0.0,0.0,0.1687344913151365
25.0,3.0,42.0,0.1,0.1,0.4,3.0,390.0,0.0,0.0,0.16923076923076924
25.0,3.0,43.0,0.1,0.1,0.4,3.0,389.0,0.0,0.0,0.16966580976863754
25.0,3.0,44.0,0.1,0.1,0.4,3.0,378.0,0.0,0.0,0.17195767195767195
25.0,3.0,45.0,0.1,0.1,0.4,3.0,375.0,0.0,0.0,0.23466666666666666
25.0,3.0,46.0,0.1,0.1,0.4,3.0,360.0,0.0,0.0,0.23055555555555557
25.0,3.0,47.0,0.1,0.1,0.4,3.0,367.0,0.0,0.0,0.22888283378746593
25.0,3.0,48.0,0.1,0.1,0.4,3.0,360.0,0.0,0.0,0.23055555555555557
25.0,3.0,49.0,0.1,0.1,0.4,3.0,358.0,0.0,0.0,0.2346368715083799
25.0,3.0,50.0,0.1,0.1,0.4,3.0,349.0,0.0,0.0,0.23209169054441262
25.0,3.0,51.0,0.1,0.1,0.4,3.0,356.0,0.0,0.0,0.2303370786516854
25.0,3.0,52.0,0.1,0.1,0.4,3.0,346.0,0.0,0.0,0.2254335260115607
25.0,4.0,1.0,0.1,0.1,0.4,3.0,353.0,0.0,0.0,0.2237960339943343
25.0,4.0,2.0,0.1,0.1,0.4,3.0,345.0,0.0,0.0,0.22608695652173913
25.0,4.0,3.0,0.1,0.1,0.4,3.0,350.0,0.0,0.0,0.2257142857142857
25.0,4.0,4.0,0.1,0.1,0.4,3.0,344.0,0.0,0.0,0.22674418604651161
25.0,4.0,5.0,0.1,0.1,0.4,3.0,350.0,0.0,0.0,0.22
25.0,4.0,6.0,0.1,0.1,0.4,3.0,331.0,0.0,0.0,0.229607250755287
25.0,4.0,7.0,0.1,0.1,0.4,3.0,338.0,0.0,0.0,0.22781065088757396
25.0,4.0,8.0,0.1,0.1,0.4,3.0,330.0,0.0,0.0,0.23030303030303031
25.0,4.0,9.0,0.1,0.1,0.4,3.0,336.0,0.0,0.0,0.22916666666666666
25.0,4.0,10.0,0.1,0.1,0.4,3.0,327.0,0.0,0.0,0.2324159021406728
25.0,4.0,11.0,0.1,0.1,0.4,3.0,333.0,0.0,0.0,0.23123123123123124
25.0,4.0,12.0,0.1,0.1,0.4,3.0,326.0,0.0,0.0,0.2331288343558282
25.0,4.0,13.0,0.1,0.1,0.4,3.0,333.0,0.0,0.0,0.23123123123123124
25.0,4.0,14.0,0.1,0.1,0.4,3.0,326.0,0.0,0.0,0.2331288343558282
25.0,4.0,15.0,0.1,0.1,0.4,3.0,332.0,0.0,0.0,0.2319277108433735
25.0,4.0,16.0,0.1,0.1,0.4,3.0,324.0,0.0,0.0,0.22839506172839505
25.0,4.0,17.0,0.1,0.1,0.4,3.0,330.0,0.0,0.0,0.22727272727272727
25.0,4.0,18.0,0.1,0.1,0.4,3.0,324.0,0.0,0.0,0.22839506172839505
25.0,4.0,19.0,0.1,0.1,0.4,3.0,330.0,0.0,0.0,0.22727272727272727
25.0,4.0,20.0,0.1,0.1,0.4,3.0,571.0,0.0,0.0,0.1295971978984238
25.0,4.0,21.0,0.1,0.1,0.4,3.0,548.0,0.0,0.0,0.1332116788321168
25.0,4.0,22.0,0.1,0.1,0.4,3.0,508.0,0.0,0.0,0.1377952755905512
25.0,4.0,23.0,0.1,0.1,0.4,3.0,488.0,0.0,0.0,0.14344262295081966
25.0,4.0,24.0,0.1,0.1,0.4,3.0,462.0,0.0,0.0,0.1406926406926407
25.0,4.0,25.0,0.1,0.1,0.4,3.0,457.0,0.0,0.0,0.13785557986870897
25.0,4.0,26.0,0.1,0.1,0.4,3.0,439.0,0.0,0.0,0.13895216400911162
25.0,4.0,27.0,0.1,0.1,0.4,3.0,437.0,0.0,0.0,0.14187643020594964
25.0,4.0,28.0,0.1,0.1,0.4,3.0,422.0,0.0,0.0,0.14218009478672985
25.0,4.0,29.0,0.1,0.1,0.4,3.0,428.0,0.0,0.0,0.14485981308411214
25.0,4.0,30.0,0.1,0.1,0.4,3.0,407.0,0.0,0.0,0.14496314496314497
25.0,4.0,31.0,0.1,0.1,0.4,3.0,394.0,0.0,0.0,0.14974619289340102
25.0,4.0,32.0,0.1,0.1,0.4,3.0,379.0,0.0,0.0,0.14775725593667546
25.0,4.0,33.0,0.1,0.1,0.4,3.0,385.0,0.0,0.0,0.15064935064935064
25.0,4.0,34.0,0.1,0.1,0.4,3.0,377.0,0.0,0.0,0.14588859416445624
25.0,4.0,35.0,0.1,0.1,0.4,3.0,383.0,0.0,0.0,0.14882506527415143
25.0,4.0,36.0,0.1,0.1,0.4,3.0,374.0,0.0,0.0,0.14705882352941177
25.0,4.0,37.0,0.1,0.1,0.4,3.0,370.0,0.0,0.0,0.14864864864864866
25.0,4.0,38.0,0.1,0.1,0.4,3.0,355.0,0.0,0.0,0.14929577464788732
25.0,4.0,39.0,0.1,0.1,0.4,3.0,358.0,0.0,0.0,0.15083798882681565
25.0,4.0,40.0,0.1,0.1,0.4,3.0,351.0,0.0,0.0,0.14814814814814814
25.0,4.0,41.0,0.1,0.1,0.4,3.0,354.0,0.0,0.0,0.15254237288135594
25.0,4.0,42.0,0.1,0.1,0.4,3.0,347.0,0.0,0.0,0.14697406340057637
25.0,4.0,43.0,0.1,0.1,0.4,3.0,351.0,0.0,0.0,0.150997150997151
25.0,4.0,44.0,0.1,0.1,0.4,3.0,345.0,0.0,0.0,0.14782608695652175
25.0,4.0,45.0,0.1,0.1,0.4,3.0,344.0,0.0,0.0,0.2180232558139535
25.0,4.0,46.0,0.1,0.1,0.4,3.0,342.0,0.0,0.0,0.2134502923976608
25.0,4.0,47.0,0.1,0.1,0.4,3.0,343.0,0.0,0.0,0.21865889212827988
25.0,4.0,48.0,0.1,0.1,0.4,3.0,340.0,0.0,0.0,0.21470588235294116
25.0,4.0,49.0,0.1,0.1,0.4,3.0,340.0,0.0,0.0,0.21764705882352942
25.0,4.0,50.0,0.1,0.1,0.4,3.0,335.0,0.0,0.0,0.21194029850746268
25.0,4.0,51.0,0.1,0.1,0.4,3.0,339.0,0.0,0.0,0.2153392330383481
25.0,4.0,52.0,0.1,0.1,0.4,3.0,332.0,0.0,0.0,0.21385542168674698
25.0,5.0,1.0,0.1,0.1,0.4,3.0,336.0,0.0,0.0,0.21428571428571427
25.0,5.0,2.0,0.1,0.1,0.4,3.0,331.0,0.0,0.0,0.21148036253776434
25.0,5.0,3.0,0.1,0.1,0.4,3.0,334.0,0.0,0.0,0.2155688622754491
25.0,5.0,4.0,0.1,0.1,0.4,3.0,327.0,0.0,0.0,0.21100917431192662
25.0,5.0,5.0,0.1,0.1,0.4,3.0,333.0,0.0,0.0,0.2132132132132132
25.0,5.0,6.0,0.1,0.1,0.4,3.0,323.0,0.0,0.0,0.21052631578947367
25.0,5.0,7.0,0.1,0.1,0.4,3.0,328.0,0.0,0.0,0.21341463414634146
25.0,5.0,8.0,0.1,0.1,0.4,3.0,321.0,0.0,0.0,0.2087227414330218
25.0,5.0,9.0,0.1,0.1,0.4,3.0,326.0,0.0,0.0,0.2147239263803681
25.0,5.0,10.0,0.1,0.1,0.4,3.0,321.0,0.0,0.0,0.2087227414330218
25.0,5.0,11.0,0.1,0.1,0.4,3.0,323.0,0.0,0.0,0.21671826625386997
25.0,5.0,12.0,0.1,0.1,0.4,3.0,318.0,0.0,0.0,0.21069182389937108
25.0,5.0,13.0,0.1,0.1,0.4,3.0,315.0,0.0,0.0,0.21904761904761905
25.0,5.0,14.0,0.1,0.1,0.4,3.0,308.0,0.0,0.0,0.21103896103896103
25.0,5.0,15.0,0.1,0.1,0.4,3.0,314.0,0.0,0.0,0.21656050955414013
25.0,5.0,16.0,0.1,0.1,0.4,3.0,308.0,0.0,0.0,0.21103896103896103
25.0,5.0,17.0,0.1,0.1,0.4,3.0,314.0,0.0,0.0,0.21656050955414013
25.0,5.0,18.0,0.1,0.1,0.4,3.0,307.0,0.0,0.0,0.20846905537459284
25.0,5.0,19.0,0.1,0.1,0.4,3.0,313.0,0.0,0.0,0.21405750798722045
25.0,5.0,20.0,0.1,0.1,0.4,3.0,577.0,0.0,0.0,0.11091854419410745
25.0,5.0,21.0,0.1,0.1,0.4,3.0,524.0,0.0,0.0,0.12595419847328243
25.0,5.0,22.0,0.1,0.1,0.4,3.0,456.0,0.0,0.0,0.12938596491228072
25.0,5.0,23.0,0.1,0.1,0.4,3.0,449.0,0.0,0.0,0.13140311804008908
25.0,5.0,24.0,0.1,0.1,0.4,3.0,443.0,0.0,0.0,0.12189616252821671
25.0,5.0,25.0,0.1,0.1,0.4,3.0,420.0,0.0,0.0,0.12857142857142856
25.0,5.0,26.0,0.1,0.1,0.4,3.0,403.0,0.0,0.0,0.1315136476426799
25.0,5.0,27.0,0.1,0.1,0.4,3.0,380.0,0.0,0.0,0.1368421052631579
25.0,5.0,28.0,0.1,0.1,0.4,3.0,371.0,0.0,0.0,0.13746630727762804
25.0,5.0,29.0,0.1,0.1,0.4,3.0,359.0,0.0,0.0,0.1392757660167131
25.0,5.0,30.0,0.1,0.1,0.4,3.0,344.0,0.0,0.0,0.13953488372093023
25.0,5.0,31.0,0.1,0.1,0.4,3.0,333.0,0.0,0.0,0.14414414414414414
25.0,5.0,32.0,0.1,0.1,0.4,3.0,342.0,0.0,0.0,0.14035087719298245
25.0,5.0,33.0,0.1,0.1,0.4,3.0,320.0,0.0,0.0,0.15
25.0,5.0,34.0,0.1,0.1,0.4,3.0,329.0,0.0,0.0,0.14285714285714285
25.0,5.0,35.0,0.1,0.1,0.4,3.0,305.0,0.0,0.0,0.15081967213114755
25.0,5.0,36.0,0.1,0.1,0.4,3.0,291.0,0.0,0.0,0.15463917525773196
25.0,5.0,37.0,0.1,0.1,0.4,3.0,282.0,0.0,0.0,0.15602836879432624
25.0,5.0,38.0,0.1,0.1,0.4,3.0,272.0,0.0,0.0,0.15441176470588236
25.0,5.0,39.0,0.1,0.1,0.4,3.0,262.0,0.0,0.0,0.15648854961832062
25.0,5.0,40.0,0.1,0.1,0.4,3.0,260.0,0.0,0.0,0.14615384615384616
25.0,5.0,41.0,0.1,0.1,0.4,3.0,252.0,0.0,0.0,0.15079365079365079
25.0,5.0,42.0,0.1,0.1,0.4,3.0,258.0,0.0,0.0,0.14728682170542637
25.0,5.0,43.0,0.1,0.1,0.4,3.0,252.0,0.0,0.0,0.15079365079365079
25.0,5.0,44.0,0.1,0.1,0.4,3.0,258.0,0.0,0.0,0.14728682170542637
25.0,5.0,45.0,0.1,0.1,0.4,3.0,248.0,0.0,0.0,0.2217741935483871
25.0,5.0,46.0,0.1,0.1,0.4,3.0,250.0,0.0,0.0,0.22
25.0,5.0,47.0,0.1,0.1,0.4,3.0,245.0,0.0,0.0,0.22448979591836735
25.0,5.0,48.0,0.1,0.1,0.4,3.0,249.0,0.0,0.0,0.22088353413654618
25.0,5.0,49.0,0.1,0.1,0.4,3.0,243.0,0.0,0.0,0.2222222222222222
25.0,5.0,50.0,0.1,0.1,0.4,3.0,234.0,0.0,0.0,0.2264957264957265
25.0,5.0,51.0,0.1,0.1,0.4,3.0,239.0,0.0,0.0,0.2175732217573222
25.0,5.0,52.0,0.1,0.1,0.4,3.0,233.0,0.0,0.0,0.22317596566523606
25.0,6.0,1.0,0.1,0.1,0.4,3.0,237.0,0.0,0.0,0.2109704641350211
25.0,6.0,2.0,0.1,0.1,0.4,3.0,230.0,0.0,0.0,0.21739130434782608
25.0,6.0,3.0,0.1,0.1,0.4,3.0,229.0,0.0,0.0,0.21397379912663755
25.0,6.0,4.0,0.1,0.1,0.4,3.0,222.0,0.0,0.0,0.22072072072072071
25.0,6.0,5.0,0.1,0.1,0.4,3.0,229.0,0.0,0.0,0.21397379912663755
25.0,6.0,6.0,0.1,0.1,0.4,3.0,221.0,0.0,0.0,0.2171945701357466
25.0,6.0,7.0,0.1,0.1,0.4,3.0,228.0,0.0,0.0,0.21052631578947367
25.0,6.0,8.0,0.1,0.1,0.4,3.0,222.0,0.0,0.0,0.21621621621621623
25.0,6.0,9.0,0.1,0.1,0.4,3.0,229.0,0.0,0.0,0.2096069868995633
25.0,6.0,10.0,0.1,0.1,0.4,3.0,222.0,0.0,0.0,0.21621621621621623
25.0,6.0,11.0,0.1,0.1,0.4,3.0,229.0,0.0,0.0,0.2096069868995633
25.0,6.0,12.0,0.1,0.1,0.4,3.0,222.0,0.0,0.0,0.21621621621621623
25.0,6.0,13.0,0.1,0.1,0.4,3.0,229.0,0.0,0.0,0.2096069868995633
25.0,6.0,14.0,0.1,0.1,0.4,3.0,222.0,0.0,0.0,0.21621621621621623
25.0,6.0,15.0,0.1,0.1,0.4,3.0,229.0,0.0,0.0,0.2096069868995633
25.0,6.0,16.0,0.1,0.1,0.4,3.0,221.0,0.0,0.0,0.21266968325791855
25.0,6.0,17.0,0.1,0.1,0.4,3.0,228.0,0.0,0.0,0.20614035087719298
25.0,6.0,18.0,0.1,0.1,0.4,3.0,221.0,0.0,0.0,0.21266968325791855
25.0,6.0,19.0,0.1,0.1,0.4,3.0,227.0,0.0,0.0,0.20704845814977973
25.0,6.0,20.0,0.1,0.1,0.4,3.0,375.0,0.0,0.0,0.12533333333333332
25.0,6.0,21.0,0.1,0.1,0.4,3.0,377.0,0.0,0.0,0.1220159151193634
25.0,6.0,22.0,0.1,0.1,0.4,3.0,365.0,0.0,0.0,0.12602739726027398
25.0,6.0,23.0,0.1,0.1,0.4,3.0,377.0,0.0,0.0,0.1220159151193634
25.0,6.0,24.0,0.1,0.1,0.4,3.0,365.0,0.0,0.0,0.12602739726027398
25.0,6.0,25.0,0.1,0.1,0.4,3.0,368.0,0.0,0.0,0.11956521739130435
25.0,6.0,26.0,0.1,0.1,0.4,3.0,347.0,0.0,0.0,0.1239193083573487
25.0,6.0,27.0,0.1,0.1,0.4,3.0,338.0,0.0,0.0,0.1242603550295858
25.0,6.0,28.0,0.1,0.1,0.4,3.0,309.0,0.0,0.0,0.13592233009708737
25.0,6.0,29.0,0.1,0.1,0.4,3.0,321.0,0.0,0.0,0.1308411214953271
25.0,6.0,30.0,0.1,0.1,0.4,3.0,280.0,0.0,0.0,0.14285714285714285
25.0,6.0,31.0,0.1,0.1,0.4,3.0,292.0,0.0,0.0,0.136986301369863
25.0,6.0,32.0,0.1,0.1,0.4,3.0,276.0,0.0,0.0,0.14492753623188406
25.0,6.0,33.0,0.1,0.1,0.4,3.0,274.0,0.0,0.0,0.14233576642335766
25.0,6.0,34.0,0.1,0.1,0.4,3.0,250.0,0.0,0.0,0.152
25.0,6.0,35.0,0.1,0.1,0.4,3.0,265.0,0.0,0.0,0.14339622641509434
25.0,6.0,36.0,0.1,0.1,0.4,3.0,252.0,0.0,0.0,0.15079365079365079
25.0,6.0,37.0,0.1,0.1,0.4,3.0,264.0,0.0,0.0,0.14015151515151514
25.0,6.0,38.0,0.1,0.1,0.4,3.0,242.0,0.0,0.0,0.15289256198347106
25.0,6.0,39.0,0.1,0.1,0.4,3.0,255.0,0.0,0.0,0.1450980392156863
25.0,6.0,40.0,0.1,0.1,0.4,3.0,234.0,0.0,0.0,0.1581196581196581
25.0,6.0,41.0,0.1,0.1,0.4,3.0,238.0,0.0,0.0,0.14705882352941177
25.0,6.0,42.0,0.1,0.1,0.4,3.0,217.0,0.0,0.0,0.15668202764976957
25.0,6.0,43.0,0.1,0.1,0.4,3.0,228.0,0.0,0.0,0.14912280701754385
25.0,6.0,44.0,0.1,0.1,0.4,3.0,217.0,0.0,0.0,0.15668202764976957
25.0,6.0,45.0,0.1,0.1,0.4,3.0,228.0,0.0,0.0,0.20614035087719298
25.0,6.0,46.0,0.1,0.1,0.4,3.0,216.0,0.0,0.0,0.21296296296296297
25.0,6.0,47.0,0.1,0.1,0.4,3.0,216.0,0.0,0.0,0.20833333333333334
25.0,6.0,48.0,0.1,0.1,0.4,3.0,215.0,0.0,0.0,0.21395348837209302
25.0,6.0,49.0,0.1,0.1,0.4,3.0,214.0,0.0,0.0,0.2102803738317757
25.0,6.0,50.0,0.1,0.1,0.4,3.0,213.0,0.0,0.0,0.215962441314554
25.0,6.0,51.0,0.1,0.1,0.4,3.0,212.0,0.0,0.0,0.21226415094339623
25.0,6.0,52.0,0.1,0.1,0.4,3.0,211.0,0.0,0.0,0.21800947867298578
25.0,7.0,1.0,0.1,0.1,0.4,3.0,210.0,0.0,0.0,0.21428571428571427
25.0,7.0,2.0,0.1,0.1,0.4,3.0,211.0,0.0,0.0,0.21800947867298578
25.0,7.0,3.0,0.1,0.1,0.4,3.0,208.0,0.0,0.0,0.21153846153846154
25.0,7.0,4.0,0.1,0.1,0.4,3.0,210.0,0.0,0.0,0.21428571428571427
25.0,7.0,5.0,0.1,0.1,0.4,3.0,208.0,0.0,0.0,0.21153846153846154
25.0,7.0,6.0,0.1,0.1,0.4,3.0,210.0,0.0,0.0,0.21428571428571427
25.0,7.0,7.0,0.1,0.1,0.4,3.0,208.0,0.0,0.0,0.21153846153846154
25.0,7.0,8.0,0.1,0.1,0.4,3.0,211.0,0.0,0.0,0.2132701421800948
25.0,7.0,9.0,0.1,0.1,0.4,3.0,207.0,0.0,0.0,0.20772946859903382
25.0,7.0,10.0,0.1,0.1,0.4,3.0,209.0,0.0,0.0,0.20574162679425836
25.0,7.0,11.0,0.1,0.1,0.4,3.0,205.0,0.0,0.0,0.2048780487804878
25.0,7.0,12.0,0.1,0.1,0.4,3.0,208.0,0.0,0.0,0.20673076923076922
25.0,7.0,13.0,0.1,0.1,0.4,3.0,203.0,0.0,0.0,0.2019704433497537
25.0,7.0,14.0,0.1,0.1,0.4,3.0,198.0,0.0,0.0,0.20202020202020202
25.0,7.0,15.0,0.1,0.1,0.4,3.0,194.0,0.0,0.0,0.20103092783505155
25.0,7.0,16.0,0.1,0.1,0.4,3.0,198.0,0.0,0.0,0.20202020202020202
25.0,7.0,17.0,0.1,0.1,0.4,3.0,193.0,0.0,0.0,0.19689119170984457
25.0,7.0,18.0,0.1,0.1,0.4,3.0,196.0,0.0,0.0,0.1989795918367347
25.0,7.0,19.0,0.1,0.1,0.4,3.0,192.0,0.0,0.0,0.19791666666666666
25.0,7.0,20.0,0.1,0.1,0.4,3.0,362.0,0.0,0.0,0.10773480662983426
25.0,7.0,21.0,0.1,0.1,0.4,3.0,350.0,0.0,0.0,0.10857142857142857
25.0,7.0,22.0,0.1,0.1,0.4,3.0,351.0,0.0,0.0,0.10826210826210826
25.0,7.0,23.0,0.1,0.1,0.4,3.0,339.0,0.0,0.0,0.10914454277286136
25.0,7.0,24.0,0.1,0.1,0.4,3.0,340.0,0.0,0.0,0.11176470588235295
25.0,7.0,25.0,0.1,0.1,0.4,3.0,311.0,0.0,0.0,0.1157556270096463
25.0,7.0,26.0,0.1,0.1,0.4,3.0,311.0,0.0,0.0,0.1157556270096463
25.0,7.0,27.0,0.1,0.1,0.4,3.0,300.0,0.0,0.0,0.11666666666666667
25.0,7.0,28.0,0.1,0.1,0.4,3.0,302.0,0.0,0.0,0.11589403973509933
25.0,7.0,29.0,0.1,0.1,0.4,3.0,292.0,0.0,0.0,0.11643835616438356
25.0,7.0,30.0,0.1,0.1,0.4,3.0,302.0,0.0,0.0,0.11589403973509933
25.0,7.0,31.0,0.1,0.1,0.4,3.0,292.0,0.0,0.0,0.11643835616438356
25.0,7.0,32.0,0.1,0.1,0.4,3.0,302.0,0.0,0.0,0.11589403973509933
25.0,7.0,33.0,0.1,0.1,0.4,3.0,292.0,0.0,0.0,0.11643835616438356
25.0,7.0,34.0,0.1,0.1,0.4,3.0,290.0,0.0,0.0,0.11724137931034483
25.0,7.0,35.0,0.1,0.1,0.4,3.0,274.0,0.0,0.0,0.12408759124087591
25.0,7.0,36.0,0.1,0.1,0.4,3.0,251.0,0.0,0.0,0.12749003984063745
25.0,7.0,37.0,0.1,0.1,0.4,3.0,252.0,0.0,0.0,0.12698412698412698
25.0,7.0,38.0,0.1,0.1,0.4,3.0,251.0,0.0,0.0,0.12749003984063745
25.0,7.0,39.0,0.1,0.1,0.4,3.0,251.0,0.0,0.0,0.12749003984063745
25.0,7.0,40.0,0.1,0.1,0.4,3.0,248.0,0.0,0.0,0.125
25.0,7.0,41.0,0.1,0.1,0.4,3.0,249.0,0.0,0.0,0.12449799196787148
25.0,7.0,42.0,0.1,0.1,0.4,3.0,249.0,0.0,0.0,0.12449799196787148
25.0,7.0,43.0,0.1,0.1,0.4,3.0,247.0,0.0,0.0,0.12550607287449392
25.0,7.0,44.0,0.1,0.1,0.4,3.0,226.0,0.0,0.0,0.13716814159292035
25.0,7.0,45.0,0.1,0.1,0.4,3.0,226.0,0.0,0.0,0.252212389380531
25.0,7.0,46.0,0.1,0.1,0.4,3.0,226.0,0.0,0.0,0.252212389380531
25.0,7.0,47.0,0.1,0.1,0.4,3.0,226.0,0.0,0.0,0.252212389380531
25.0,7.0,48.0,0.1,0.1,0.4,3.0,225.0,0.0,0.0,0.24888888888888888
25.0,7.0,49.0,0.1,0.1,0.4,3.0,215.0,0.0,0.0,0.26046511627906976
25.0,7.0,50.0,0.1,0.1,0.4,3.0,215.0,0.0,0.0,0.26046511627906976
25.0,7.0,51.0,0.1,0.1,0.4,3.0,215.0,0.0,0.0,0.26046511627906976
25.0,7.0,52.0,0.1,0.1,0.4,3.0,215.0,0.0,0.0,0.26046511627906976
25.0,8.0,1.0,0.1,0.1,0.4,3.0,214.0,0.0,0.0,0.2570093457943925
25.0,8.0,2.0,0.1,0.1,0.4,3.0,214.0,0.0,0.0,0.2570093457943925
25.0,8.0,3.0,0.1,0.1,0.4,3.0,214.0,0.0,0.0,0.2570093457943925
25.0,8.0,4.0,0.1,0.1,0.4,3.0,214.0,0.0,0.0,0.2570093457943925
25.0,8.0,5.0,0.1,0.1,0.4,3.0,214.0,0.0,0.0,0.2570093457943925
25.0,8.0,6.0,0.1,0.1,0.4,3.0,214.0,0.0,0.0,0.2570093457943925
25.0,8.0,7.0,0.1,0.1,0.4,3.0,214.0,0.0,0.0,0.2570093457943925
25.0,8.0,8.0,0.1,0.1,0.4,3.0,214.0,0.0,0.0,0.2570093457943925
25.0,8.0,9.0,0.1,0.1,0.4,3.0,214.0,0.0,0.0,0.2570093457943925
25.0,8.0,10.0,0.1,0.1,0.4,3.0,214.0,0.0,0.0,0.2570093457943925
25.0,8.0,11.0,0.1,0.1,0.4,3.0,214.0,0.0,0.0,0.2570093457943925
25.0,8.0,12.0,0.1,0.1,0.4,3.0,214.0,0.0,0.0,0.2570093457943925
25.0,8.0,13.0,0.1,0.1,0.4,3.0,214.0,0.0,0.0,0.2570093457943925
25.0,8.0,14.0,0.1,0.1,0.4,3.0,204.0,0.0,0.0,0.2647058823529412
25.0,8.0,15.0,0.1,0.1,0.4,3.0,204.0,0.0,0.0,0.2647058823529412
25.0,8.0,16.0,0.1,0.1,0.4,3.0,204.0,0.0,0.0,0.2647058823529412
25.0,8.0,17.0,0.1,0.1,0.4,3.0,204.0,0.0,0.0,0.2647058823529412
25.0,8.0,18.0,0.1,0.1,0.4,3.0,204.0,0.0,0.0,0.2647058823529412
25.0,8.0,19.0,0.1,0.1,0.4,3.0,203.0,0.0,0.0,0.2660098522167488
25.0,8.0,20.0,0.1,0.1,0.4,3.0,375.0,0.0,0.0,0.144
25.0,8.0,21.0,0.1,0.1,0.4,3.0,336.0,0.0,0.0,0.14583333333333334
25.0,8.0,22.0,0.1,0.1,0.4,3.0,328.0,0.0,0.0,0.14939024390243902
25.0,8.0,23.0,0.1,0.1,0.4,3.0,319.0,0.0,0.0,0.15047021943573669
25.0,8.0,24.0,0.1,0.1,0.4,3.0,311.0,0.0,0.0,0.15112540192926044
25.0,8.0,25.0,0.1,0.1,0.4,3.0,299.0,0.0,0.0,0.1505016722408027
25.0,8.0,26.0,0.1,0.1,0.4,3.0,277.0,0.0,0.0,0.1588447653429603
25.0,8.0,27.0,0.1,0.1,0.4,3.0,278.0,0.0,0.0,0.15827338129496402
25.0,8.0,28.0,0.1,0.1,0.4,3.0,268.0,0.0,0.0,0.16417910447761194
25.0,8.0,29.0,0.1,0.1,0.4,3.0,270.0,0.0,0.0,0.16296296296296298
25.0,8.0,30.0,0.1,0.1,0.4,3.0,247.0,0.0,0.0,0.15789473684210525
25.0,8.0,31.0,0.1,0.1,0.4,3.0,242.0,0.0,0.0,0.1652892561983471
25.0,8.0,32.0,0.1,0.1,0.4,3.0,239.0,0.0,0.0,0.16317991631799164
25.0,8.0,33.0,0.1,0.1,0.4,3.0,242.0,0.0,0.0,0.1652892561983471
25.0,8.0,34.0,0.1,0.1,0.4,3.0,239.0,0.0,0.0,0.16317991631799164
25.0,8.0,35.0,0.1,0.1,0.4,3.0,234.0,0.0,0.0,0.17094017094017094
25.0,8.0,36.0,0.1,0.1,0.4,3.0,232.0,0.0,0.0,0.16810344827586207
25.0,8.0,37.0,0.1,0.1,0.4,3.0,234.0,0.0,0.0,0.17094017094017094
25.0,8.0,38.0,0.1,0.1,0.4,3.0,232.0,0.0,0.0,0.16810344827586207
25.0,8.0,39.0,0.1,0.1,0.4,3.0,226.0,0.0,0.0,0.17699115044247787
25.0,8.0,40.0,0.1,0.1,0.4,3.0,224.0,0.0,0.0,0.17410714285714285
25.0,8.0,41.0,0.1,0.1,0.4,3.0,226.0,0.0,0.0,0.17699115044247787
25.0,8.0,42.0,0.1,0.1,0.4,3.0,224.0,0.0,0.0,0.17410714285714285
25.0,8.0,43.0,0.1,0.1,0.4,3.0,225.0,0.0,0.0,0.17333333333333334
25.0,8.0,44.0,0.1,0.1,0.4,3.0,224.0,0.0,0.0,0.17410714285714285
25.0,8.0,45.0,0.1,0.1,0.4,3.0,225.0,0.0,0.0,0.22666666666666666
25.0,8.0,46.0,0.1,0.1,0.4,3.0,224.0,0.0,0.0,0.22767857142857142
25.0,8.0,47.0,0.1,0.1,0.4,3.0,225.0,0.0,0.0,0.22666666666666666
25.0,8.0,48.0,0.1,0.1,0.4,3.0,224.0,0.0,0.0,0.22767857142857142
25.0,8.0,49.0,0.1,0.1,0.4,3.0,225.0,0.0,0.0,0.22666666666666666
25.0,8.0,50.0,0.1,0.1,0.4,3.0,224.0,0.0,0.0,0.22767857142857142
25.0,8.0,51.0,0.1,0.1,0.4,3.0,224.0,0.0,0.0,0.22767857142857142
25.0,8.0,52.0,0.1,0.1,0.4,3.0,223.0,0.0,0.0,0.22869955156950672
25.0,9.0,1.0,0.1,0.1,0.4,3.0,224.0,0.0,0.0,0.22767857142857142
25.0,9.0,2.0,0.1,0.1,0.4,3.0,223.0,0.0,0.0,0.22869955156950672
25.0,9.0,3.0,0.1,0.1,0.4,3.0,224.0,0.0,0.0,0.22767857142857142
25.0,9.0,4.0,0.1,0.1,0.4,3.0,223.0,0.0,0.0,0.22869955156950672
25.0,9.0,5.0,0.1,0.1,0.4,3.0,224.0,0.0,0.0,0.22767857142857142
25.0,9.0,6.0,0.1,0.1,0.4,3.0,223.0,0.0,0.0,0.22869955156950672
25.0,9.0,7.0,0.1,0.1,0.4,3.0,224.0,0.0,0.0,0.22767857142857142
25.0,9.0,8.0,0.1,0.1,0.4,3.0,223.0,0.0,0.0,0.22869955156950672
25.0,9.0,9.0,0.1,0.1,0.4,3.0,224.0,0.0,0.0,0.22767857142857142
25.0,9.0,10.0,0.1,0.1,0.4,3.0,223.0,0.0,0.0,0.22869955156950672
25.0,9.0,11.0,0.1,0.1,0.4,3.0,224.0,0.0,0.0,0.22767857142857142
25.0,9.0,12.0,0.1,0.1,0.4,3.0,223.0,0.0,0.0,0.22869955156950672
25.0,9.0,13.0,0.1,0.1,0.4,3.0,224.0,0.0,0.0,0.22767857142857142
25.0,9.0,14.0,0.1,0.1,0.4,3.0,223.0,0.0,0.0,0.22869955156950672
25.0,9.0,15.0,0.1,0.1,0.4,3.0,223.0,0.0,0.0,0.22869955156950672
25.0,9.0,16.0,0.1,0.1,0.4,3.0,223.0,0.0,0.0,0.22869955156950672
25.0,9.0,17.0,0.1,0.1,0.4,3.0,223.0,0.0,0.0,0.22869955156950672
25.0,9.0,18.0,0.1,0.1,0.4,3.0,223.0,0.0,0.0,0.22869955156950672
25.0,9.0,19.0,0.1,0.1,0.4,3.0,223.0,0.0,0.0,0.22869955156950672
25.0,9.0,20.0,0.1,0.1,0.4,3.0,383.0,0.0,0.0,0.10704960835509138
25.0,9.0,21.0,0.1,0.1,0.4,3.0,360.0,0.0,0.0,0.11388888888888889
25.0,9.0,22.0,0.1,0.1,0.4,3.0,352.0,0.0,0.0,0.11647727272727272
25.0,9.0,23.0,0.1,0.1,0.4,3.0,352.0,0.0,0.0,0.11647727272727272
25.0,9.0,24.0,0.1,0.1,0.4,3.0,343.0,0.0,0.0,0.119533527696793
25.0,9.0,25.0,0.1,0.1,0.4,3.0,343.0,0.0,0.0,0.119533527696793
25.0,9.0,26.0,0.1,0.1,0.4,3.0,331.0,0.0,0.0,0.12084592145015106
25.0,9.0,27.0,0.1,0.1,0.4,3.0,320.0,0.0,0.0,0.11875
25.0,9.0,28.0,0.1,0.1,0.4,3.0,320.0,0.0,0.0,0.11875
25.0,9.0,29.0,0.1,0.1,0.4,3.0,320.0,0.0,0.0,0.11875
25.0,9.0,30.0,0.1,0.1,0.4,3.0,310.0,0.0,0.0,0.11612903225806452
25.0,9.0,31.0,0.1,0.1,0.4,3.0,310.0,0.0,0.0,0.11612903225806452
25.0,9.0,32.0,0.1,0.1,0.4,3.0,310.0,0.0,0.0,0.11612903225806452
25.0,9.0,33.0,0.1,0.1,0.4,3.0,310.0,0.0,0.0,0.11612903225806452
25.0,9.0,34.0,0.1,0.1,0.4,3.0,310.0,0.0,0.0,0.11612903225806452
25.0,9.0,35.0,0.1,0.1,0.4,3.0,310.0,0.0,0.0,0.11612903225806452
25.0,9.0,36.0,0.1,0.1,0.4,3.0,310.0,0.0,0.0,0.11612903225806452
25.0,9.0,37.0,0.1,0.1,0.4,3.0,301.0,0.0,0.0,0.11960132890365449
25.0,9.0,38.0,0.1,0.1,0.4,3.0,274.0,0.0,0.0,0.13138686131386862
25.0,9.0,39.0,0.1,0.1,0.4,3.0,274.0,0.0,0.0,0.13138686131386862
25.0,9.0,40.0,0.1,0.1,0.4,3.0,262.0,0.0,0.0,0.13740458015267176
25.0,9.0,41.0,0.1,0.1,0.4,3.0,262.0,0.0,0.0,0.13740458015267176
25.0,9.0,42.0,0.1,0.1,0.4,3.0,262.0,0.0,0.0,0.13740458015267176
25.0,9.0,43.0,0.1,0.1,0.4,3.0,262.0,0.0,0.0,0.13740458015267176
25.0,9.0,44.0,0.1,0.1,0.4,3.0,261.0,0.0,0.0,0.13793103448275862
25.0,9.0,45.0,0.1,0.1,0.4,3.0,252.0,0.0,0.0,0.21428571428571427
25.0,9.0,46.0,0.1,0.1,0.4,3.0,251.0,0.0,0.0,0.2151394422310757
25.0,9.0,47.0,0.1,0.1,0.4,3.0,251.0,0.0,0.0,0.2151394422310757
25.0,9.0,48.0,0.1,0.1,0.4,3.0,251.0,0.0,0.0,0.2151394422310757
25.0,9.0,49.0,0.1,0.1,0.4,3.0,251.0,0.0,0.0,0.2151394422310757
25.0,9.0,50.0,0.1,0.1,0.4,3.0,251.0,0.0,0.0,0.2151394422310757
25.0,9.0,51.0,0.1,0.1,0.4,3.0,251.0,0.0,0.0,0.2151394422310757
25.0,9.0,52.0,0.1,0.1,0.4,3.0,251.0,0.0,0.0,0.2151394422310757
25.0,10.0,1.0,0.1,0.1,0.4,3.0,251.0,0.0,0.0,0.2151394422310757
25.0,10.0,2.0,0.1,0.1,0.4,3.0,251.0,0.0,0.0,0.2151394422310757
25.0,10.0,3.0,0.1,0.1,0.4,3.0,251.0,0.0,0.0,0.2151394422310757
25.0,10.0,4.0,0.1,0.1,0.4,3.0,251.0,0.0,0.0,0.2151394422310757
25.0,10.0,5.0,0.1,0.1,0.4,3.0,243.0,0.0,0.0,0.2222222222222222
25.0,10.0,6.0,0.1,0.1,0.4,3.0,243.0,0.0,0.0,0.2222222222222222
25.0,10.0,7.0,0.1,0.1,0.4,3.0,243.0,0.0,0.0,0.2222222222222222
25.0,10.0,8.0,0.1,0.1,0.4,3.0,243.0,0.0,0.0,0.2222222222222222
25.0,10.0,9.0,0.1,0.1,0.4,3.0,243.0,0.0,0.0,0.2222222222222222
25.0,10.0,10.0,0.1,0.1,0.4,3.0,243.0,0.0,0.0,0.2222222222222222
25.0,10.0,11.0,0.1,0.1,0.4,3.0,242.0,0.0,0.0,0.2231404958677686
25.0,10.0,12.0,0.1,0.1,0.4,3.0,235.0,0.0,0.0,0.2297872340425532
25.0,10.0,13.0,0.1,0.1,0.4,3.0,233.0,0.0,0.0,0.2317596566523605
25.0,10.0,14.0,0.1,0.1,0.4,3.0,235.0,0.0,0.0,0.2297872340425532
25.0,10.0,15.0,0.1,0.1,0.4,3.0,226.0,0.0,0.0,0.23893805309734514
25.0,10.0,16.0,0.1,0.1,0.4,3.0,226.0,0.0,0.0,0.23893805309734514
25.0,10.0,17.0,0.1,0.1,0.4,3.0,226.0,0.0,0.0,0.23893805309734514
25.0,10.0,18.0,0.1,0.1,0.4,3.0,226.0,0.0,0.0,0.23893805309734514
25.0,10.0,19.0,0.1,0.1,0.4,3.0,226.0,0.0,0.0,0.23893805309734514
25.0,10.0,20.0,0.1,0.1,0.4,3.0,382.0,0.0,0.0,0.1256544502617801
25.0,10.0,21.0,0.1,0.1,0.4,3.0,375.0,0.0,0.0,0.128
25.0,10.0,22.0,0.1,0.1,0.4,3.0,345.0,0.0,0.0,0.13623188405797101
25.0,10.0,23.0,0.1,0.1,0.4,3.0,337.0,0.0,0.0,0.1394658753709199
25.0,10.0,24.0,0.1,0.1,0.4,3.0,336.0,0.0,0.0,0.13988095238095238
25.0,10.0,25.0,0.1,0.1,0.4,3.0,337.0,0.0,0.0,0.1394658753709199
25.0,10.0,26.0,0.1,0.1,0.4,3.0,325.0,0.0,0.0,0.14461538461538462
25.0,10.0,27.0,0.1,0.1,0.4,3.0,318.0,0.0,0.0,0.14465408805031446
25.0,10.0,28.0,0.1,0.1,0.4,3.0,309.0,0.0,0.0,0.14563106796116504
25.0,10.0,29.0,0.1,0.1,0.4,3.0,310.0,0.0,0.0,0.14516129032258066
25.0,10.0,30.0,0.1,0.1,0.4,3.0,296.0,0.0,0.0,0.13851351351351351
25.0,10.0,31.0,0.1,0.1,0.4,3.0,297.0,0.0,0.0,0.13804713804713806
25.0,10.0,32.0,0.1,0.1,0.4,3.0,295.0,0.0,0.0,0.13898305084745763
25.0,10.0,33.0,0.1,0.1,0.4,3.0,288.0,0.0,0.0,0.1423611111111111
25.0,10.0,34.0,0.1,0.1,0.4,3.0,270.0,0.0,0.0,0.14814814814814814
25.0,10.0,35.0,0.1,0.1,0.4,3.0,264.0,0.0,0.0,0.15151515151515152
25.0,10.0,36.0,0.1,0.1,0.4,3.0,262.0,0.0,0.0,0.15267175572519084
25.0,10.0,37.0,0.1,0.1,0.4,3.0,256.0,0.0,0.0,0.15234375
25.0,10.0,38.0,0.1,0.1,0.4,3.0,254.0,0.0,0.0,0.15354330708661418
25.0,10.0,39.0,0.1,0.1,0.4,3.0,256.0,0.0,0.0,0.15234375
25.0,10.0,40.0,0.1,0.1,0.4,3.0,253.0,0.0,0.0,0.1541501976284585
25.0,10.0,41.0,0.1,0.1,0.4,3.0,254.0,0.0,0.0,0.15354330708661418
25.0,10.0,42.0,0.1,0.1,0.4,3.0,244.0,0.0,0.0,0.1598360655737705
25.0,10.0,43.0,0.1,0.1,0.4,3.0,226.0,0.0,0.0,0.1592920353982301
25.0,10.0,44.0,0.1,0.1,0.4,3.0,224.0,0.0,0.0,0.16071428571428573
25.0,10.0,45.0,0.1,0.1,0.4,3.0,216.0,0.0,0.0,0.2037037037037037
25.0,10.0,46.0,0.1,0.1,0.4,3.0,206.0,0.0,0.0,0.21359223300970873
25.0,10.0,47.0,0.1,0.1,0.4,3.0,208.0,0.0,0.0,0.21153846153846154
25.0,10.0,48.0,0.1,0.1,0.4,3.0,206.0,0.0,0.0,0.21359223300970873
25.0,10.0,49.0,0.1,0.1,0.4,3.0,206.0,0.0,0.0,0.2087378640776699
25.0,10.0,50.0,0.1,0.1,0.4,3.0,203.0,0.0,0.0,0.21182266009852216
25.0,10.0,51.0,0.1,0.1,0.4,3.0,205.0,0.0,0.0,0.2097560975609756
25.0,10.0,52.0,0.1,0.1,0.4,3.0,203.0,0.0,0.0,0.21182266009852216
26.0,1.0,1.0,0.1,0.1,0.4,3.0,4954.0,49.0,12.0,0.09991925716592652
26.0,1.0,2.0,0.1,0.1,0.4,3.0,4896.0,58.0,26.0,0.10151143790849673
26.0,1.0,3.0,0.1,0.1,0.4,3.0,4777.0,76.0,38.0,0.10090014653548252
26.0,1.0,4.0,0.1,0.1,0.4,3.0,4686.0,80.0,34.0,0.10371318822023047
26.0,1.0,5.0,0.1,0.1,0.4,3.0,4665.0,97.0,38.0,0.10503751339764202
26.0,1.0,6.0,0.1,0.1,0.4,3.0,4442.0,135.0,42.0,0.1040072039621792
26.0,1.0,7.0,0.1,0.1,0.4,3.0,4325.0,148.0,49.0,0.10404624277456648
26.0,1.0,8.0,0.1,0.1,0.4,3.0,4142.0,169.0,60.0,0.10574601641718977
26.0,1.0,9.0,0.1,0.1,0.4,3.0,3990.0,186.0,77.0,0.10626566416040101
26.0,1.0,10.0,0.1,0.1,0.4,3.0,3833.0,209.0,91.0,0.10774849986955387
26.0,1.0,11.0,0.1,0.1,0.4,3.0,3634.0,226.0,101.0,0.10787011557512383
26.0,1.0,12.0,0.1,0.1,0.4,3.0,3474.0,229.0,94.0,0.10650546919976972
26.0,1.0,13.0,0.1,0.1,0.4,3.0,3342.0,228.0,111.0,0.10742070616397367
26.0,1.0,14.0,0.1,0.1,0.4,3.0,3123.0,237.0,99.0,0.11047070124879924
26.0,1.0,15.0,0.1,0.1,0.4,3.0,3074.0,247.0,113.0,0.10930383864671438
26.0,1.0,16.0,0.1,0.1,0.4,3.0,2937.0,225.0,108.0,0.11338100102145046
26.0,1.0,17.0,0.1,0.1,0.4,3.0,2833.0,235.0,116.0,0.11295446523120367
26.0,1.0,18.0,0.1,0.1,0.4,3.0,2718.0,230.0,115.0,0.11479028697571744
26.0,1.0,19.0,0.1,0.1,0.4,3.0,2627.0,223.0,100.0,0.11686334221545489
26.0,1.0,20.0,0.1,0.1,0.4,3.0,6835.0,207.0,100.0,0.043891733723482075
26.0,1.0,21.0,0.1,0.1,0.4,3.0,6207.0,257.0,93.0,0.04462703399387788
26.0,1.0,22.0,0.1,0.1,0.4,3.0,5678.0,316.0,105.0,0.04579077139837971
26.0,1.0,23.0,0.1,0.1,0.4,3.0,5214.0,362.0,112.0,0.04660529344073648
26.0,1.0,24.0,0.1,0.1,0.4,3.0,4891.0,421.0,124.0,0.04804743406256389
26.0,1.0,25.0,0.1,0.1,0.4,3.0,4594.0,430.0,162.0,0.048541575968654764
26.0,1.0,26.0,0.1,0.1,0.4,3.0,4260.0,485.0,197.0,0.05140845070422535
26.0,1.0,27.0,0.1,0.1,0.4,3.0,4013.0,551.0,208.0,0.05133316720657862
26.0,1.0,28.0,0.1,0.1,0.4,3.0,3678.0,525.0,217.0,0.05410549211528004
26.0,1.0,29.0,0.1,0.1,0.4,3.0,3403.0,503.0,193.0,0.05612694681163679
26.0,1.0,30.0,0.1,0.1,0.4,3.0,3157.0,510.0,213.0,0.05891669306303453
26.0,1.0,31.0,0.1,0.1,0.4,3.0,2962.0,501.0,222.0,0.061782579338284946
26.0,1.0,32.0,0.1,0.1,0.4,3.0,2657.0,473.0,219.0,0.06548739179525781
26.0,1.0,33.0,0.1,0.1,0.4,3.0,2445.0,433.0,207.0,0.0703476482617587
26.0,1.0,34.0,0.1,0.1,0.4,3.0,2235.0,432.0,193.0,0.07427293064876958
26.0,1.0,35.0,0.1,0.1,0.4,3.0,2041.0,401.0,184.0,0.08035276825085742
26.0,1.0,36.0,0.1,0.1,0.4,3.0,1895.0,380.0,174.0,0.08337730870712401
26.0,1.0,37.0,0.1,0.1,0.4,3.0,1719.0,350.0,177.0,0.09016870273414776
26.0,1.0,38.0,0.1,0.1,0.4,3.0,1604.0,328.0,154.0,0.09476309226932668
26.0,1.0,39.0,0.1,0.1,0.4,3.0,1483.0,305.0,146.0,0.10182063385030343
26.0,1.0,40.0,0.1,0.1,0.4,3.0,1359.0,270.0,137.0,0.10448859455481972
26.0,1.0,41.0,0.1,0.1,0.4,3.0,1267.0,276.0,140.0,0.10970797158642462
26.0,1.0,42.0,0.1,0.1,0.4,3.0,1181.0,246.0,115.0,0.11600338696020322
26.0,1.0,43.0,0.1,0.1,0.4,3.0,1094.0,215.0,110.0,0.12431444241316271
26.0,1.0,44.0,0.1,0.1,0.4,3.0,1031.0,201.0,106.0,0.1280310378273521
26.0,1.0,45.0,0.1,0.1,0.4,3.0,968.0,185.0,101.0,0.1859504132231405
26.0,1.0,46.0,0.1,0.1,0.4,3.0,918.0,153.0,77.0,0.19389978213507625
26.0,1.0,47.0,0.1,0.1,0.4,3.0,848.0,136.0,67.0,0.2016509433962264
26.0,1.0,48.0,0.1,0.1,0.4,3.0,799.0,112.0,67.0,0.2065081351689612
26.0,1.0,49.0,0.1,0.1,0.4,3.0,758.0,99.0,62.0,0.21240105540897097
26.0,1.0,50.0,0.1,0.1,0.4,3.0,726.0,98.0,57.0,0.21763085399449036
26.0,1.0,51.0,0.1,0.1,0.4,3.0,676.0,66.0,38.0,0.22189349112426035
26.0,1.0,52.0,0.1,0.1,0.4,3.0,668.0,60.0,36.0,0.22604790419161677
26.0,2.0,1.0,0.1,0.1,0.4,3.0,636.0,53.0,28.0,0.22955974842767296
26.0,2.0,2.0,0.1,0.1,0.4,3.0,635.0,50.0,24.0,0.2346456692913386
26.0,2.0,3.0,0.1,0.1,0.4,3.0,608.0,46.0,28.0,0.23684210526315788
26.0,2.0,4.0,0.1,0.1,0.4,3.0,600.0,44.0,28.0,0.24333333333333335
26.0,2.0,5.0,0.1,0.1,0.4,3.0,576.0,41.0,26.0,0.24479166666666666
26.0,2.0,6.0,0.1,0.1,0.4,3.0,560.0,29.0,16.0,0.24821428571428572
26.0,2.0,7.0,0.1,0.1,0.4,3.0,541.0,25.0,14.0,0.2476894639556377
26.0,2.0,8.0,0.1,0.1,0.4,3.0,533.0,22.0,12.0,0.25328330206378985
26.0,2.0,9.0,0.1,0.1,0.4,3.0,514.0,18.0,15.0,0.25486381322957197
26.0,2.0,10.0,0.1,0.1,0.4,3.0,514.0,17.0,13.0,0.2529182879377432
26.0,2.0,11.0,0.1,0.1,0.4,3.0,491.0,16.0,9.0,0.25661914460285135
26.0,2.0,12.0,0.1,0.1,0.4,3.0,479.0,9.0,6.0,0.2630480167014614
26.0,2.0,13.0,0.1,0.1,0.4,3.0,466.0,11.0,6.0,0.26394849785407726
26.0,2.0,14.0,0.1,0.1,0.4,3.0,468.0,11.0,9.0,0.2606837606837607
26.0,2.0,15.0,0.1,0.1,0.4,3.0,454.0,8.0,4.0,0.2665198237885463
26.0,2.0,16.0,0.1,0.1,0.4,3.0,449.0,6.0,3.0,0.2650334075723831
26.0,2.0,17.0,0.1,0.1,0.4,3.0,435.0,5.0,3.0,0.26436781609195403
26.0,2.0,18.0,0.1,0.1,0.4,3.0,435.0,5.0,3.0,0.26436781609195403
26.0,2.0,19.0,0.1,0.1,0.4,3.0,425.0,4.0,2.0,0.2611764705882353
26.0,2.0,20.0,0.1,0.1,0.4,3.0,770.0,2.0,1.0,0.14545454545454545
26.0,2.0,21.0,0.1,0.1,0.4,3.0,738.0,2.0,2.0,0.14498644986449866
26.0,2.0,22.0,0.1,0.1,0.4,3.0,722.0,3.0,2.0,0.14681440443213298
26.0,2.0,23.0,0.1,0.1,0.4,3.0,707.0,2.0,2.0,0.1456859971711457
26.0,2.0,24.0,0.1,0.1,0.4,3.0,686.0,1.0,1.0,0.1457725947521866
26.0,2.0,25.0,0.1,0.1,0.4,3.0,624.0,0.0,0.0,0.14743589743589744
26.0,2.0,26.0,0.1,0.1,0.4,3.0,593.0,0.0,0.0,0.1467116357504216
26.0,2.0,27.0,0.1,0.1,0.4,3.0,573.0,0.0,0.0,0.14485165794066318
26.0,2.0,28.0,0.1,0.1,0.4,3.0,562.0,0.0,0.0,0.14590747330960854
26.0,2.0,29.0,0.1,0.1,0.4,3.0,549.0,0.0,0.0,0.14389799635701275
26.0,2.0,30.0,0.1,0.1,0.4,3.0,525.0,0.0,0.0,0.14666666666666667
26.0,2.0,31.0,0.1,0.1,0.4,3.0,509.0,0.0,0.0,0.14538310412573674
26.0,2.0,32.0,0.1,0.1,0.4,3.0,494.0,0.0,0.0,0.14777327935222673
26.0,2.0,33.0,0.1,0.1,0.4,3.0,475.0,0.0,0.0,0.14947368421052631
26.0,2.0,34.0,0.1,0.1,0.4,3.0,471.0,0.0,0.0,0.15074309978768577
26.0,2.0,35.0,0.1,0.1,0.4,3.0,477.0,0.0,0.0,0.1488469601677149
26.0,2.0,36.0,0.1,0.1,0.4,3.0,456.0,0.0,0.0,0.15350877192982457
26.0,2.0,37.0,0.1,0.1,0.4,3.0,463.0,0.0,0.0,0.1511879049676026
26.0,2.0,38.0,0.1,0.1,0.4,3.0,449.0,0.0,0.0,0.1492204899777283
26.0,2.0,39.0,0.1,0.1,0.4,3.0,458.0,0.0,0.0,0.14847161572052403
26.0,2.0,40.0,0.1,0.1,0.4,3.0,442.0,0.0,0.0,0.14705882352941177
26.0,2.0,41.0,0.1,0.1,0.4,3.0,440.0,0.0,0.0,0.15
26.0,2.0,42.0,0.1,0.1,0.4,3.0,439.0,0.0,0.0,0.1480637813211845
26.0,2.0,43.0,0.1,0.1,0.4,3.0,423.0,0.0,0.0,0.15130023640661938
26.0,2.0,44.0,0.1,0.1,0.4,3.0,424.0,0.0,0.0,0.15330188679245282
26.0,2.0,45.0,0.1,0.1,0.4,3.0,407.0,0.0,0.0,0.21621621621621623
26.0,2.0,46.0,0.1,0.1,0.4,3.0,404.0,0.0,0.0,0.21782178217821782
26.0,2.0,47.0,0.1,0.1,0.4,3.0,402.0,0.0,0.0,0.21890547263681592
26.0,2.0,48.0,0.1,0.1,0.4,3.0,383.0,0.0,0.0,0.2245430809399478
26.0,2.0,49.0,0.1,0.1,0.4,3.0,382.0,0.0,0.0,0.22251308900523561
26.0,2.0,50.0,0.1,0.1,0.4,3.0,379.0,0.0,0.0,0.22163588390501318
26.0,2.0,51.0,0.1,0.1,0.4,3.0,374.0,0.0,0.0,0.22192513368983957
26.0,2.0,52.0,0.1,0.1,0.4,3.0,373.0,0.0,0.0,0.21983914209115282
26.0,3.0,1.0,0.1,0.1,0.4,3.0,370.0,0.0,0.0,0.22162162162162163
26.0,3.0,2.0,0.1,0.1,0.4,3.0,365.0,0.0,0.0,0.22465753424657534
26.0,3.0,3.0,0.1,0.1,0.4,3.0,367.0,0.0,0.0,0.21525885558583105
26.0,3.0,4.0,0.1,0.1,0.4,3.0,359.0,0.0,0.0,0.22284122562674094
26.0,3.0,5.0,0.1,0.1,0.4,3.0,362.0,0.0,0.0,0.21823204419889503
26.0,3.0,6.0,0.1,0.1,0.4,3.0,351.0,0.0,0.0,0.21937321937321938
26.0,3.0,7.0,0.1,0.1,0.4,3.0,355.0,0.0,0.0,0.2140845070422535
26.0,3.0,8.0,0.1,0.1,0.4,3.0,349.0,0.0,0.0,0.2177650429799427
26.0,3.0,9.0,0.1,0.1,0.4,3.0,355.0,0.0,0.0,0.2140845070422535
26.0,3.0,10.0,0.1,0.1,0.4,3.0,347.0,0.0,0.0,0.21613832853025935
26.0,3.0,11.0,0.1,0.1,0.4,3.0,349.0,0.0,0.0,0.2148997134670487
26.0,3.0,12.0,0.1,0.1,0.4,3.0,342.0,0.0,0.0,0.21929824561403508
26.0,3.0,13.0,0.1,0.1,0.4,3.0,347.0,0.0,0.0,0.21613832853025935
26.0,3.0,14.0,0.1,0.1,0.4,3.0,333.0,0.0,0.0,0.2222222222222222
26.0,3.0,15.0,0.1,0.1,0.4,3.0,340.0,0.0,0.0,0.21764705882352942
26.0,3.0,16.0,0.1,0.1,0.4,3.0,333.0,0.0,0.0,0.2222222222222222
26.0,3.0,17.0,0.1,0.1,0.4,3.0,339.0,0.0,0.0,0.2182890855457227
26.0,3.0,18.0,0.1,0.1,0.4,3.0,332.0,0.0,0.0,0.21987951807228914
26.0,3.0,19.0,0.1,0.1,0.4,3.0,335.0,0.0,0.0,0.21791044776119403
26.0,3.0,20.0,0.1,0.1,0.4,3.0,603.0,0.0,0.0,0.11940298507462686
26.0,3.0,21.0,0.1,0.1,0.4,3.0,613.0,0.0,0.0,0.11745513866231648
26.0,3.0,22.0,0.1,0.1,0.4,3.0,600.0,0.0,0.0,0.12
26.0,3.0,23.0,0.1,0.1,0.4,3.0,585.0,0.0,0.0,0.12136752136752137
26.0,3.0,24.0,0.1,0.1,0.4,3.0,561.0,0.0,0.0,0.12477718360071301
26.0,3.0,25.0,0.1,0.1,0.4,3.0,536.0,0.0,0.0,0.125
26.0,3.0,26.0,0.1,0.1,0.4,3.0,490.0,0.0,0.0,0.1326530612244898
26.0,3.0,27.0,0.1,0.1,0.4,3.0,458.0,0.0,0.0,0.13755458515283842
26.0,3.0,28.0,0.1,0.1,0.4,3.0,463.0,0.0,0.0,0.13606911447084233
26.0,3.0,29.0,0.1,0.1,0.4,3.0,454.0,0.0,0.0,0.13656387665198239
26.0,3.0,30.0,0.1,0.1,0.4,3.0,436.0,0.0,0.0,0.1444954128440367
26.0,3.0,31.0,0.1,0.1,0.4,3.0,423.0,0.0,0.0,0.13947990543735225
26.0,3.0,32.0,0.1,0.1,0.4,3.0,409.0,0.0,0.0,0.13691931540342298
26.0,3.0,33.0,0.1,0.1,0.4,3.0,410.0,0.0,0.0,0.13658536585365855
26.0,3.0,34.0,0.1,0.1,0.4,3.0,405.0,0.0,0.0,0.13580246913580246
26.0,3.0,35.0,0.1,0.1,0.4,3.0,400.0,0.0,0.0,0.1375
26.0,3.0,36.0,0.1,0.1,0.4,3.0,387.0,0.0,0.0,0.13953488372093023
26.0,3.0,37.0,0.1,0.1,0.4,3.0,390.0,0.0,0.0,0.14102564102564102
26.0,3.0,38.0,0.1,0.1,0.4,3.0,386.0,0.0,0.0,0.13989637305699482
26.0,3.0,39.0,0.1,0.1,0.4,3.0,375.0,0.0,0.0,0.144
26.0,3.0,40.0,0.1,0.1,0.4,3.0,367.0,0.0,0.0,0.14168937329700274
26.0,3.0,41.0,0.1,0.1,0.4,3.0,363.0,0.0,0.0,0.14325068870523416
26.0,3.0,42.0,0.1,0.1,0.4,3.0,360.0,0.0,0.0,0.14444444444444443
26.0,3.0,43.0,0.1,0.1,0.4,3.0,345.0,0.0,0.0,0.14492753623188406
26.0,3.0,44.0,0.1,0.1,0.4,3.0,336.0,0.0,0.0,0.13988095238095238
26.0,3.0,45.0,0.1,0.1,0.4,3.0,334.0,0.0,0.0,0.23353293413173654
26.0,3.0,46.0,0.1,0.1,0.4,3.0,335.0,0.0,0.0,0.23283582089552238
26.0,3.0,47.0,0.1,0.1,0.4,3.0,332.0,0.0,0.0,0.2289156626506024
26.0,3.0,48.0,0.1,0.1,0.4,3.0,333.0,0.0,0.0,0.23423423423423423
26.0,3.0,49.0,0.1,0.1,0.4,3.0,328.0,0.0,0.0,0.2347560975609756
26.0,3.0,50.0,0.1,0.1,0.4,3.0,328.0,0.0,0.0,0.23780487804878048
26.0,3.0,51.0,0.1,0.1,0.4,3.0,327.0,0.0,0.0,0.23547400611620795
26.0,3.0,52.0,0.1,0.1,0.4,3.0,323.0,0.0,0.0,0.24148606811145512
26.0,4.0,1.0,0.1,0.1,0.4,3.0,321.0,0.0,0.0,0.2398753894080997
26.0,4.0,2.0,0.1,0.1,0.4,3.0,321.0,0.0,0.0,0.24299065420560748
26.0,4.0,3.0,0.1,0.1,0.4,3.0,318.0,0.0,0.0,0.24213836477987422
26.0,4.0,4.0,0.1,0.1,0.4,3.0,310.0,0.0,0.0,0.24516129032258063
26.0,4.0,5.0,0.1,0.1,0.4,3.0,308.0,0.0,0.0,0.24025974025974026
26.0,4.0,6.0,0.1,0.1,0.4,3.0,308.0,0.0,0.0,0.2435064935064935
26.0,4.0,7.0,0.1,0.1,0.4,3.0,306.0,0.0,0.0,0.24183006535947713
26.0,4.0,8.0,0.1,0.1,0.4,3.0,305.0,0.0,0.0,0.2459016393442623
26.0,4.0,9.0,0.1,0.1,0.4,3.0,303.0,0.0,0.0,0.24092409240924093
26.0,4.0,10.0,0.1,0.1,0.4,3.0,304.0,0.0,0.0,0.24342105263157895
26.0,4.0,11.0,0.1,0.1,0.4,3.0,301.0,0.0,0.0,0.23920265780730898
26.0,4.0,12.0,0.1,0.1,0.4,3.0,301.0,0.0,0.0,0.2425249169435216
26.0,4.0,13.0,0.1,0.1,0.4,3.0,299.0,0.0,0.0,0.23745819397993312
26.0,4.0,14.0,0.1,0.1,0.4,3.0,301.0,0.0,0.0,0.2425249169435216
26.0,4.0,15.0,0.1,0.1,0.4,3.0,299.0,0.0,0.0,0.23745819397993312
26.0,4.0,16.0,0.1,0.1,0.4,3.0,301.0,0.0,0.0,0.2425249169435216
26.0,4.0,17.0,0.1,0.1,0.4,3.0,299.0,0.0,0.0,0.23745819397993312
26.0,4.0,18.0,0.1,0.1,0.4,3.0,300.0,0.0,0.0,0.24
26.0,4.0,19.0,0.1,0.1,0.4,3.0,298.0,0.0,0.0,0.2348993288590604
26.0,4.0,20.0,0.1,0.1,0.4,3.0,521.0,0.0,0.0,0.1381957773512476
26.0,4.0,21.0,0.1,0.1,0.4,3.0,497.0,0.0,0.0,0.13883299798792756
26.0,4.0,22.0,0.1,0.1,0.4,3.0,460.0,0.0,0.0,0.15217391304347827
26.0,4.0,23.0,0.1,0.1,0.4,3.0,456.0,0.0,0.0,0.14473684210526316
26.0,4.0,24.0,0.1,0.1,0.4,3.0,428.0,0.0,0.0,0.15186915887850466
26.0,4.0,25.0,0.1,0.1,0.4,3.0,381.0,0.0,0.0,0.16272965879265092
26.0,4.0,26.0,0.1,0.1,0.4,3.0,365.0,0.0,0.0,0.16986301369863013
26.0,4.0,27.0,0.1,0.1,0.4,3.0,360.0,0.0,0.0,0.1638888888888889
26.0,4.0,28.0,0.1,0.1,0.4,3.0,347.0,0.0,0.0,0.17002881844380405
26.0,4.0,29.0,0.1,0.1,0.4,3.0,345.0,0.0,0.0,0.17101449275362318
26.0,4.0,30.0,0.1,0.1,0.4,3.0,329.0,0.0,0.0,0.17933130699088146
26.0,4.0,31.0,0.1,0.1,0.4,3.0,312.0,0.0,0.0,0.1762820512820513
26.0,4.0,32.0,0.1,0.1,0.4,3.0,309.0,0.0,0.0,0.1715210355987055
26.0,4.0,33.0,0.1,0.1,0.4,3.0,306.0,0.0,0.0,0.17320261437908496
26.0,4.0,34.0,0.1,0.1,0.4,3.0,295.0,0.0,0.0,0.17627118644067796
26.0,4.0,35.0,0.1,0.1,0.4,3.0,297.0,0.0,0.0,0.1717171717171717
26.0,4.0,36.0,0.1,0.1,0.4,3.0,286.0,0.0,0.0,0.17832167832167833
26.0,4.0,37.0,0.1,0.1,0.4,3.0,288.0,0.0,0.0,0.17708333333333334
26.0,4.0,38.0,0.1,0.1,0.4,3.0,284.0,0.0,0.0,0.176056338028169
26.0,4.0,39.0,0.1,0.1,0.4,3.0,286.0,0.0,0.0,0.17482517482517482
26.0,4.0,40.0,0.1,0.1,0.4,3.0,282.0,0.0,0.0,0.1773049645390071
26.0,4.0,41.0,0.1,0.1,0.4,3.0,283.0,0.0,0.0,0.17667844522968199
26.0,4.0,42.0,0.1,0.1,0.4,3.0,277.0,0.0,0.0,0.17689530685920576
26.0,4.0,43.0,0.1,0.1,0.4,3.0,270.0,0.0,0.0,0.17777777777777778
26.0,4.0,44.0,0.1,0.1,0.4,3.0,267.0,0.0,0.0,0.1797752808988764
26.0,4.0,45.0,0.1,0.1,0.4,3.0,269.0,0.0,0.0,0.2527881040892193
26.0,4.0,46.0,0.1,0.1,0.4,3.0,258.0,0.0,0.0,0.2596899224806202
26.0,4.0,47.0,0.1,0.1,0.4,3.0,260.0,0.0,0.0,0.25769230769230766
26.0,4.0,48.0,0.1,0.1,0.4,3.0,255.0,0.0,0.0,0.2627450980392157
26.0,4.0,49.0,0.1,0.1,0.4,3.0,260.0,0.0,0.0,0.26153846153846155
26.0,4.0,50.0,0.1,0.1,0.4,3.0,255.0,0.0,0.0,0.2627450980392157
26.0,4.0,51.0,0.1,0.1,0.4,3.0,258.0,0.0,0.0,0.26356589147286824
26.0,4.0,52.0,0.1,0.1,0.4,3.0,252.0,0.0,0.0,0.2619047619047619
26.0,5.0,1.0,0.1,0.1,0.4,3.0,256.0,0.0,0.0,0.265625
26.0,5.0,2.0,0.1,0.1,0.4,3.0,253.0,0.0,0.0,0.2608695652173913
26.0,5.0,3.0,0.1,0.1,0.4,3.0,257.0,0.0,0.0,0.26459143968871596
26.0,5.0,4.0,0.1,0.1,0.4,3.0,251.0,0.0,0.0,0.2589641434262948
26.0,5.0,5.0,0.1,0.1,0.4,3.0,255.0,0.0,0.0,0.25882352941176473
26.0,5.0,6.0,0.1,0.1,0.4,3.0,249.0,0.0,0.0,0.26104417670682734
26.0,5.0,7.0,0.1,0.1,0.4,3.0,241.0,0.0,0.0,0.2572614107883817
26.0,5.0,8.0,0.1,0.1,0.4,3.0,239.0,0.0,0.0,0.26778242677824265
26.0,5.0,9.0,0.1,0.1,0.4,3.0,238.0,0.0,0.0,0.25630252100840334
26.0,5.0,10.0,0.1,0.1,0.4,3.0,238.0,0.0,0.0,0.2647058823529412
26.0,5.0,11.0,0.1,0.1,0.4,3.0,237.0,0.0,0.0,0.25738396624472576
26.0,5.0,12.0,0.1,0.1,0.4,3.0,236.0,0.0,0.0,0.2669491525423729
26.0,5.0,13.0,0.1,0.1,0.4,3.0,236.0,0.0,0.0,0.2584745762711864
26.0,5.0,14.0,0.1,0.1,0.4,3.0,228.0,0.0,0.0,0.2719298245614035
26.0,5.0,15.0,0.1,0.1,0.4,3.0,227.0,0.0,0.0,0.2599118942731278
26.0,5.0,16.0,0.1,0.1,0.4,3.0,225.0,0.0,0.0,0.26222222222222225
26.0,5.0,17.0,0.1,0.1,0.4,3.0,224.0,0.0,0.0,0.25
26.0,5.0,18.0,0.1,0.1,0.4,3.0,214.0,0.0,0.0,0.2570093457943925
26.0,5.0,19.0,0.1,0.1,0.4,3.0,212.0,0.0,0.0,0.24528301886792453
26.0,5.0,20.0,0.1,0.1,0.4,3.0,406.0,0.0,0.0,0.1330049261083744
26.0,5.0,21.0,0.1,0.1,0.4,3.0,381.0,0.0,0.0,0.13648293963254593
26.0,5.0,22.0,0.1,0.1,0.4,3.0,375.0,0.0,0.0,0.144
26.0,5.0,23.0,0.1,0.1,0.4,3.0,371.0,0.0,0.0,0.14016172506738545
26.0,5.0,24.0,0.1,0.1,0.4,3.0,350.0,0.0,0.0,0.1457142857142857
26.0,5.0,25.0,0.1,0.1,0.4,3.0,341.0,0.0,0.0,0.1495601173020528
26.0,5.0,26.0,0.1,0.1,0.4,3.0,330.0,0.0,0.0,0.15151515151515152
26.0,5.0,27.0,0.1,0.1,0.4,3.0,335.0,0.0,0.0,0.14626865671641792
26.0,5.0,28.0,0.1,0.1,0.4,3.0,327.0,0.0,0.0,0.1559633027522936
26.0,5.0,29.0,0.1,0.1,0.4,3.0,332.0,0.0,0.0,0.15060240963855423
26.0,5.0,30.0,0.1,0.1,0.4,3.0,322.0,0.0,0.0,0.15527950310559005
26.0,5.0,31.0,0.1,0.1,0.4,3.0,316.0,0.0,0.0,0.1550632911392405
26.0,5.0,32.0,0.1,0.1,0.4,3.0,305.0,0.0,0.0,0.15737704918032788
26.0,5.0,33.0,0.1,0.1,0.4,3.0,313.0,0.0,0.0,0.15335463258785942
26.0,5.0,34.0,0.1,0.1,0.4,3.0,308.0,0.0,0.0,0.1590909090909091
26.0,5.0,35.0,0.1,0.1,0.4,3.0,308.0,0.0,0.0,0.1525974025974026
26.0,5.0,36.0,0.1,0.1,0.4,3.0,295.0,0.0,0.0,0.15932203389830507
26.0,5.0,37.0,0.1,0.1,0.4,3.0,305.0,0.0,0.0,0.1540983606557377
26.0,5.0,38.0,0.1,0.1,0.4,3.0,276.0,0.0,0.0,0.16666666666666666
26.0,5.0,39.0,0.1,0.1,0.4,3.0,281.0,0.0,0.0,0.1601423487544484
26.0,5.0,40.0,0.1,0.1,0.4,3.0,269.0,0.0,0.0,0.17100371747211895
26.0,5.0,41.0,0.1,0.1,0.4,3.0,273.0,0.0,0.0,0.16117216117216118
26.0,5.0,42.0,0.1,0.1,0.4,3.0,263.0,0.0,0.0,0.16730038022813687
26.0,5.0,43.0,0.1,0.1,0.4,3.0,274.0,0.0,0.0,0.16423357664233576
26.0,5.0,44.0,0.1,0.1,0.4,3.0,251.0,0.0,0.0,0.17131474103585656
26.0,5.0,45.0,0.1,0.1,0.4,3.0,261.0,0.0,0.0,0.2222222222222222
26.0,5.0,46.0,0.1,0.1,0.4,3.0,237.0,0.0,0.0,0.22362869198312235
26.0,5.0,47.0,0.1,0.1,0.4,3.0,233.0,0.0,0.0,0.23605150214592274
26.0,5.0,48.0,0.1,0.1,0.4,3.0,221.0,0.0,0.0,0.22624434389140272
26.0,5.0,49.0,0.1,0.1,0.4,3.0,225.0,0.0,0.0,0.24
26.0,5.0,50.0,0.1,0.1,0.4,3.0,218.0,0.0,0.0,0.23394495412844038
26.0,5.0,51.0,0.1,0.1,0.4,3.0,216.0,0.0,0.0,0.2361111111111111
26.0,5.0,52.0,0.1,0.1,0.4,3.0,215.0,0.0,0.0,0.22790697674418606
26.0,6.0,1.0,0.1,0.1,0.4,3.0,215.0,0.0,0.0,0.23255813953488372
26.0,6.0,2.0,0.1,0.1,0.4,3.0,213.0,0.0,0.0,0.22535211267605634
26.0,6.0,3.0,0.1,0.1,0.4,3.0,202.0,0.0,0.0,0.23267326732673269
26.0,6.0,4.0,0.1,0.1,0.4,3.0,202.0,0.0,0.0,0.22772277227722773
26.0,6.0,5.0,0.1,0.1,0.4,3.0,202.0,0.0,0.0,0.23267326732673269
26.0,6.0,6.0,0.1,0.1,0.4,3.0,202.0,0.0,0.0,0.22772277227722773
26.0,6.0,7.0,0.1,0.1,0.4,3.0,200.0,0.0,0.0,0.235
26.0,6.0,8.0,0.1,0.1,0.4,3.0,198.0,0.0,0.0,0.2222222222222222
26.0,6.0,9.0,0.1,0.1,0.4,3.0,198.0,0.0,0.0,0.23232323232323232
26.0,6.0,10.0,0.1,0.1,0.4,3.0,198.0,0.0,0.0,0.22727272727272727
26.0,6.0,11.0,0.1,0.1,0.4,3.0,196.0,0.0,0.0,0.22448979591836735
26.0,6.0,12.0,0.1,0.1,0.4,3.0,196.0,0.0,0.0,0.2193877551020408
26.0,6.0,13.0,0.1,0.1,0.4,3.0,196.0,0.0,0.0,0.22448979591836735
26.0,6.0,14.0,0.1,0.1,0.4,3.0,196.0,0.0,0.0,0.2193877551020408
26.0,6.0,15.0,0.1,0.1,0.4,3.0,196.0,0.0,0.0,0.22448979591836735
26.0,6.0,16.0,0.1,0.1,0.4,3.0,196.0,0.0,0.0,0.2193877551020408
26.0,6.0,17.0,0.1,0.1,0.4,3.0,196.0,0.0,0.0,0.22448979591836735
26.0,6.0,18.0,0.1,0.1,0.4,3.0,196.0,0.0,0.0,0.2193877551020408
26.0,6.0,19.0,0.1,0.1,0.4,3.0,196.0,0.0,0.0,0.22448979591836735
26.0,6.0,20.0,0.1,0.1,0.4,3.0,355.0,0.0,0.0,0.11549295774647887
26.0,6.0,21.0,0.1,0.1,0.4,3.0,361.0,0.0,0.0,0.11911357340720222
26.0,6.0,22.0,0.1,0.1,0.4,3.0,331.0,0.0,0.0,0.11178247734138973
26.0,6.0,23.0,0.1,0.1,0.4,3.0,317.0,0.0,0.0,0.11987381703470032
26.0,6.0,24.0,0.1,0.1,0.4,3.0,302.0,0.0,0.0,0.11920529801324503
26.0,6.0,25.0,0.1,0.1,0.4,3.0,309.0,0.0,0.0,0.12297734627831715
26.0,6.0,26.0,0.1,0.1,0.4,3.0,294.0,0.0,0.0,0.12244897959183673
26.0,6.0,27.0,0.1,0.1,0.4,3.0,301.0,0.0,0.0,0.12624584717607973
26.0,6.0,28.0,0.1,0.1,0.4,3.0,268.0,0.0,0.0,0.13059701492537312
26.0,6.0,29.0,0.1,0.1,0.4,3.0,274.0,0.0,0.0,0.13503649635036497
26.0,6.0,30.0,0.1,0.1,0.4,3.0,274.0,0.0,0.0,0.13138686131386862
26.0,6.0,31.0,0.1,0.1,0.4,3.0,248.0,0.0,0.0,0.14112903225806453
26.0,6.0,32.0,0.1,0.1,0.4,3.0,252.0,0.0,0.0,0.1388888888888889
26.0,6.0,33.0,0.1,0.1,0.4,3.0,239.0,0.0,0.0,0.14225941422594143
26.0,6.0,34.0,0.1,0.1,0.4,3.0,238.0,0.0,0.0,0.13865546218487396
26.0,6.0,35.0,0.1,0.1,0.4,3.0,245.0,0.0,0.0,0.14285714285714285
26.0,6.0,36.0,0.1,0.1,0.4,3.0,238.0,0.0,0.0,0.13865546218487396
26.0,6.0,37.0,0.1,0.1,0.4,3.0,235.0,0.0,0.0,0.14893617021276595
26.0,6.0,38.0,0.1,0.1,0.4,3.0,234.0,0.0,0.0,0.1452991452991453
26.0,6.0,39.0,0.1,0.1,0.4,3.0,233.0,0.0,0.0,0.1459227467811159
26.0,6.0,40.0,0.1,0.1,0.4,3.0,228.0,0.0,0.0,0.14473684210526316
26.0,6.0,41.0,0.1,0.1,0.4,3.0,233.0,0.0,0.0,0.1459227467811159
26.0,6.0,42.0,0.1,0.1,0.4,3.0,220.0,0.0,0.0,0.14545454545454545
26.0,6.0,43.0,0.1,0.1,0.4,3.0,219.0,0.0,0.0,0.1461187214611872
26.0,6.0,44.0,0.1,0.1,0.4,3.0,226.0,0.0,0.0,0.14601769911504425
26.0,6.0,45.0,0.1,0.1,0.4,3.0,224.0,0.0,0.0,0.20982142857142858
26.0,6.0,46.0,0.1,0.1,0.4,3.0,208.0,0.0,0.0,0.20192307692307693
26.0,6.0,47.0,0.1,0.1,0.4,3.0,205.0,0.0,0.0,0.2
26.0,6.0,48.0,0.1,0.1,0.4,3.0,212.0,0.0,0.0,0.20754716981132076
26.0,6.0,49.0,0.1,0.1,0.4,3.0,210.0,0.0,0.0,0.20952380952380953
26.0,6.0,50.0,0.1,0.1,0.4,3.0,211.0,0.0,0.0,0.20853080568720378
26.0,6.0,51.0,0.1,0.1,0.4,3.0,210.0,0.0,0.0,0.20952380952380953
26.0,6.0,52.0,0.1,0.1,0.4,3.0,210.0,0.0,0.0,0.20476190476190476
26.0,7.0,1.0,0.1,0.1,0.4,3.0,209.0,0.0,0.0,0.20574162679425836
26.0,7.0,2.0,0.1,0.1,0.4,3.0,210.0,0.0,0.0,0.20476190476190476
26.0,7.0,3.0,0.1,0.1,0.4,3.0,210.0,0.0,0.0,0.20952380952380953
26.0,7.0,4.0,0.1,0.1,0.4,3.0,209.0,0.0,0.0,0.20095693779904306
26.0,7.0,5.0,0.1,0.1,0.4,3.0,209.0,0.0,0.0,0.20574162679425836
26.0,7.0,6.0,0.1,0.1,0.4,3.0,209.0,0.0,0.0,0.20095693779904306
26.0,7.0,7.0,0.1,0.1,0.4,3.0,209.0,0.0,0.0,0.20574162679425836
26.0,7.0,8.0,0.1,0.1,0.4,3.0,210.0,0.0,0.0,0.20476190476190476
26.0,7.0,9.0,0.1,0.1,0.4,3.0,208.0,0.0,0.0,0.20192307692307693
26.0,7.0,10.0,0.1,0.1,0.4,3.0,210.0,0.0,0.0,0.20476190476190476
26.0,7.0,11.0,0.1,0.1,0.4,3.0,207.0,0.0,0.0,0.19806763285024154
26.0,7.0,12.0,0.1,0.1,0.4,3.0,208.0,0.0,0.0,0.1971153846153846
26.0,7.0,13.0,0.1,0.1,0.4,3.0,207.0,0.0,0.0,0.19806763285024154
26.0,7.0,14.0,0.1,0.1,0.4,3.0,205.0,0.0,0.0,0.2
26.0,7.0,15.0,0.1,0.1,0.4,3.0,206.0,0.0,0.0,0.1941747572815534
26.0,7.0,16.0,0.1,0.1,0.4,3.0,208.0,0.0,0.0,0.1971153846153846
26.0,7.0,17.0,0.1,0.1,0.4,3.0,207.0,0.0,0.0,0.2028985507246377
26.0,7.0,18.0,0.1,0.1,0.4,3.0,207.0,0.0,0.0,0.19806763285024154
26.0,7.0,19.0,0.1,0.1,0.4,3.0,198.0,0.0,0.0,0.19696969696969696
26.0,7.0,20.0,0.1,0.1,0.4,3.0,316.0,0.0,0.0,0.12025316455696203
26.0,7.0,21.0,0.1,0.1,0.4,3.0,318.0,0.0,0.0,0.12264150943396226
26.0,7.0,22.0,0.1,0.1,0.4,3.0,303.0,0.0,0.0,0.1254125412541254
26.0,7.0,23.0,0.1,0.1,0.4,3.0,298.0,0.0,0.0,0.12416107382550336
26.0,7.0,24.0,0.1,0.1,0.4,3.0,290.0,0.0,0.0,0.1206896551724138
26.0,7.0,25.0,0.1,0.1,0.4,3.0,292.0,0.0,0.0,0.1232876712328767
26.0,7.0,26.0,0.1,0.1,0.4,3.0,281.0,0.0,0.0,0.12455516014234876
26.0,7.0,27.0,0.1,0.1,0.4,3.0,283.0,0.0,0.0,0.127208480565371
26.0,7.0,28.0,0.1,0.1,0.4,3.0,281.0,0.0,0.0,0.12455516014234876
26.0,7.0,29.0,0.1,0.1,0.4,3.0,244.0,0.0,0.0,0.14344262295081966
26.0,7.0,30.0,0.1,0.1,0.4,3.0,242.0,0.0,0.0,0.14049586776859505
26.0,7.0,31.0,0.1,0.1,0.4,3.0,244.0,0.0,0.0,0.14344262295081966
26.0,7.0,32.0,0.1,0.1,0.4,3.0,232.0,0.0,0.0,0.14655172413793102
26.0,7.0,33.0,0.1,0.1,0.4,3.0,217.0,0.0,0.0,0.15668202764976957
26.0,7.0,34.0,0.1,0.1,0.4,3.0,197.0,0.0,0.0,0.15736040609137056
26.0,7.0,35.0,0.1,0.1,0.4,3.0,198.0,0.0,0.0,0.16161616161616163
26.0,7.0,36.0,0.1,0.1,0.4,3.0,197.0,0.0,0.0,0.15736040609137056
26.0,7.0,37.0,0.1,0.1,0.4,3.0,193.0,0.0,0.0,0.15544041450777202
26.0,7.0,38.0,0.1,0.1,0.4,3.0,194.0,0.0,0.0,0.15463917525773196
26.0,7.0,39.0,0.1,0.1,0.4,3.0,192.0,0.0,0.0,0.15104166666666666
26.0,7.0,40.0,0.1,0.1,0.4,3.0,196.0,0.0,0.0,0.15306122448979592
26.0,7.0,41.0,0.1,0.1,0.4,3.0,195.0,0.0,0.0,0.15384615384615385
26.0,7.0,42.0,0.1,0.1,0.4,3.0,196.0,0.0,0.0,0.15306122448979592
26.0,7.0,43.0,0.1,0.1,0.4,3.0,192.0,0.0,0.0,0.15104166666666666
26.0,7.0,44.0,0.1,0.1,0.4,3.0,196.0,0.0,0.0,0.15306122448979592
26.0,7.0,45.0,0.1,0.1,0.4,3.0,194.0,0.0,0.0,0.2268041237113402
26.0,7.0,46.0,0.1,0.1,0.4,3.0,192.0,0.0,0.0,0.22395833333333334
26.0,7.0,47.0,0.1,0.1,0.4,3.0,194.0,0.0,0.0,0.2268041237113402
26.0,7.0,48.0,0.1,0.1,0.4,3.0,195.0,0.0,0.0,0.22564102564102564
26.0,7.0,49.0,0.1,0.1,0.4,3.0,191.0,0.0,0.0,0.225130890052356
26.0,7.0,50.0,0.1,0.1,0.4,3.0,195.0,0.0,0.0,0.22564102564102564
26.0,7.0,51.0,0.1,0.1,0.4,3.0,193.0,0.0,0.0,0.22797927461139897
26.0,7.0,52.0,0.1,0.1,0.4,3.0,194.0,0.0,0.0,0.22164948453608246
26.0,8.0,1.0,0.1,0.1,0.4,3.0,192.0,0.0,0.0,0.22395833333333334
26.0,8.0,2.0,0.1,0.1,0.4,3.0,195.0,0.0,0.0,0.22564102564102564
26.0,8.0,3.0,0.1,0.1,0.4,3.0,192.0,0.0,0.0,0.22395833333333334
26.0,8.0,4.0,0.1,0.1,0.4,3.0,195.0,0.0,0.0,0.22564102564102564
26.0,8.0,5.0,0.1,0.1,0.4,3.0,192.0,0.0,0.0,0.22395833333333334
26.0,8.0,6.0,0.1,0.1,0.4,3.0,195.0,0.0,0.0,0.22564102564102564
26.0,8.0,7.0,0.1,0.1,0.4,3.0,192.0,0.0,0.0,0.22395833333333334
26.0,8.0,8.0,0.1,0.1,0.4,3.0,195.0,0.0,0.0,0.22564102564102564
26.0,8.0,9.0,0.1,0.1,0.4,3.0,192.0,0.0,0.0,0.22395833333333334
26.0,8.0,10.0,0.1,0.1,0.4,3.0,194.0,0.0,0.0,0.22164948453608246
26.0,8.0,11.0,0.1,0.1,0.4,3.0,193.0,0.0,0.0,0.22797927461139897
26.0,8.0,12.0,0.1,0.1,0.4,3.0,194.0,0.0,0.0,0.22164948453608246
26.0,8.0,13.0,0.1,0.1,0.4,3.0,193.0,0.0,0.0,0.22797927461139897
26.0,8.0,14.0,0.1,0.1,0.4,3.0,193.0,0.0,0.0,0.22279792746113988
26.0,8.0,15.0,0.1,0.1,0.4,3.0,192.0,0.0,0.0,0.22916666666666666
26.0,8.0,16.0,0.1,0.1,0.4,3.0,195.0,0.0,0.0,0.22564102564102564
26.0,8.0,17.0,0.1,0.1,0.4,3.0,191.0,0.0,0.0,0.225130890052356
26.0,8.0,18.0,0.1,0.1,0.4,3.0,194.0,0.0,0.0,0.2268041237113402
26.0,8.0,19.0,0.1,0.1,0.4,3.0,192.0,0.0,0.0,0.22916666666666666
26.0,8.0,20.0,0.1,0.1,0.4,3.0,350.0,0.0,0.0,0.12
26.0,8.0,21.0,0.1,0.1,0.4,3.0,349.0,0.0,0.0,0.12320916905444126
26.0,8.0,22.0,0.1,0.1,0.4,3.0,337.0,0.0,0.0,0.12166172106824925
26.0,8.0,23.0,0.1,0.1,0.4,3.0,321.0,0.0,0.0,0.13395638629283488
26.0,8.0,24.0,0.1,0.1,0.4,3.0,311.0,0.0,0.0,0.13183279742765272
26.0,8.0,25.0,0.1,0.1,0.4,3.0,292.0,0.0,0.0,0.14726027397260275
26.0,8.0,26.0,0.1,0.1,0.4,3.0,269.0,0.0,0.0,0.15613382899628253
26.0,8.0,27.0,0.1,0.1,0.4,3.0,256.0,0.0,0.0,0.1640625
26.0,8.0,28.0,0.1,0.1,0.4,3.0,258.0,0.0,0.0,0.15891472868217055
26.0,8.0,29.0,0.1,0.1,0.4,3.0,256.0,0.0,0.0,0.1640625
26.0,8.0,30.0,0.1,0.1,0.4,3.0,249.0,0.0,0.0,0.1686746987951807
26.0,8.0,31.0,0.1,0.1,0.4,3.0,247.0,0.0,0.0,0.17408906882591094
26.0,8.0,32.0,0.1,0.1,0.4,3.0,249.0,0.0,0.0,0.1686746987951807
26.0,8.0,33.0,0.1,0.1,0.4,3.0,244.0,0.0,0.0,0.1721311475409836
26.0,8.0,34.0,0.1,0.1,0.4,3.0,249.0,0.0,0.0,0.1686746987951807
26.0,8.0,35.0,0.1,0.1,0.4,3.0,232.0,0.0,0.0,0.17672413793103448
26.0,8.0,36.0,0.1,0.1,0.4,3.0,234.0,0.0,0.0,0.17094017094017094
26.0,8.0,37.0,0.1,0.1,0.4,3.0,226.0,0.0,0.0,0.18584070796460178
26.0,8.0,38.0,0.1,0.1,0.4,3.0,225.0,0.0,0.0,0.17777777777777778
26.0,8.0,39.0,0.1,0.1,0.4,3.0,226.0,0.0,0.0,0.18584070796460178
26.0,8.0,40.0,0.1,0.1,0.4,3.0,228.0,0.0,0.0,0.17982456140350878
26.0,8.0,41.0,0.1,0.1,0.4,3.0,221.0,0.0,0.0,0.18099547511312217
26.0,8.0,42.0,0.1,0.1,0.4,3.0,227.0,0.0,0.0,0.18061674008810572
26.0,8.0,43.0,0.1,0.1,0.4,3.0,221.0,0.0,0.0,0.18099547511312217
26.0,8.0,44.0,0.1,0.1,0.4,3.0,227.0,0.0,0.0,0.18061674008810572
26.0,8.0,45.0,0.1,0.1,0.4,3.0,210.0,0.0,0.0,0.2523809523809524
26.0,8.0,46.0,0.1,0.1,0.4,3.0,216.0,0.0,0.0,0.25
26.0,8.0,47.0,0.1,0.1,0.4,3.0,210.0,0.0,0.0,0.2523809523809524
26.0,8.0,48.0,0.1,0.1,0.4,3.0,207.0,0.0,0.0,0.2608695652173913
26.0,8.0,49.0,0.1,0.1,0.4,3.0,201.0,0.0,0.0,0.263681592039801
26.0,8.0,50.0,0.1,0.1,0.4,3.0,207.0,0.0,0.0,0.2608695652173913
26.0,8.0,51.0,0.1,0.1,0.4,3.0,202.0,0.0,0.0,0.2623762376237624
26.0,8.0,52.0,0.1,0.1,0.4,3.0,206.0,0.0,0.0,0.2621359223300971
26.0,9.0,1.0,0.1,0.1,0.4,3.0,194.0,0.0,0.0,0.27319587628865977
26.0,9.0,2.0,0.1,0.1,0.4,3.0,198.0,0.0,0.0,0.2727272727272727
26.0,9.0,3.0,0.1,0.1,0.4,3.0,181.0,0.0,0.0,0.287292817679558
26.0,9.0,4.0,0.1,0.1,0.4,3.0,185.0,0.0,0.0,0.2864864864864865
26.0,9.0,5.0,0.1,0.1,0.4,3.0,181.0,0.0,0.0,0.287292817679558
26.0,9.0,6.0,0.1,0.1,0.4,3.0,185.0,0.0,0.0,0.2864864864864865
26.0,9.0,7.0,0.1,0.1,0.4,3.0,181.0,0.0,0.0,0.287292817679558
26.0,9.0,8.0,0.1,0.1,0.4,3.0,185.0,0.0,0.0,0.2864864864864865
26.0,9.0,9.0,0.1,0.1,0.4,3.0,181.0,0.0,0.0,0.287292817679558
26.0,9.0,10.0,0.1,0.1,0.4,3.0,185.0,0.0,0.0,0.2864864864864865
26.0,9.0,11.0,0.1,0.1,0.4,3.0,181.0,0.0,0.0,0.287292817679558
26.0,9.0,12.0,0.1,0.1,0.4,3.0,185.0,0.0,0.0,0.2864864864864865
26.0,9.0,13.0,0.1,0.1,0.4,3.0,181.0,0.0,0.0,0.287292817679558
26.0,9.0,14.0,0.1,0.1,0.4,3.0,185.0,0.0,0.0,0.2864864864864865
26.0,9.0,15.0,0.1,0.1,0.4,3.0,181.0,0.0,0.0,0.287292817679558
26.0,9.0,16.0,0.1,0.1,0.4,3.0,185.0,0.0,0.0,0.2864864864864865
26.0,9.0,17.0,0.1,0.1,0.4,3.0,181.0,0.0,0.0,0.287292817679558
26.0,9.0,18.0,0.1,0.1,0.4,3.0,185.0,0.0,0.0,0.2864864864864865
26.0,9.0,19.0,0.1,0.1,0.4,3.0,182.0,0.0,0.0,0.29120879120879123
26.0,9.0,20.0,0.1,0.1,0.4,3.0,308.0,0.0,0.0,0.14285714285714285
26.0,9.0,21.0,0.1,0.1,0.4,3.0,291.0,0.0,0.0,0.15120274914089346
26.0,9.0,22.0,0.1,0.1,0.4,3.0,289.0,0.0,0.0,0.1522491349480969
26.0,9.0,23.0,0.1,0.1,0.4,3.0,263.0,0.0,0.0,0.16730038022813687
26.0,9.0,24.0,0.1,0.1,0.4,3.0,261.0,0.0,0.0,0.16475095785440613
26.0,9.0,25.0,0.1,0.1,0.4,3.0,242.0,0.0,0.0,0.16942148760330578
26.0,9.0,26.0,0.1,0.1,0.4,3.0,253.0,0.0,0.0,0.16600790513833993
26.0,9.0,27.0,0.1,0.1,0.4,3.0,242.0,0.0,0.0,0.16942148760330578
26.0,9.0,28.0,0.1,0.1,0.4,3.0,244.0,0.0,0.0,0.16393442622950818
26.0,9.0,29.0,0.1,0.1,0.4,3.0,233.0,0.0,0.0,0.16738197424892703
26.0,9.0,30.0,0.1,0.1,0.4,3.0,235.0,0.0,0.0,0.1702127659574468
26.0,9.0,31.0,0.1,0.1,0.4,3.0,224.0,0.0,0.0,0.17410714285714285
26.0,9.0,32.0,0.1,0.1,0.4,3.0,231.0,0.0,0.0,0.16883116883116883
26.0,9.0,33.0,0.1,0.1,0.4,3.0,219.0,0.0,0.0,0.182648401826484
26.0,9.0,34.0,0.1,0.1,0.4,3.0,222.0,0.0,0.0,0.17567567567567569
26.0,9.0,35.0,0.1,0.1,0.4,3.0,219.0,0.0,0.0,0.182648401826484
26.0,9.0,36.0,0.1,0.1,0.4,3.0,195.0,0.0,0.0,0.18461538461538463
26.0,9.0,37.0,0.1,0.1,0.4,3.0,187.0,0.0,0.0,0.1925133689839572
26.0,9.0,38.0,0.1,0.1,0.4,3.0,198.0,0.0,0.0,0.18686868686868688
26.0,9.0,39.0,0.1,0.1,0.4,3.0,191.0,0.0,0.0,0.193717277486911
26.0,9.0,40.0,0.1,0.1,0.4,3.0,198.0,0.0,0.0,0.18686868686868688
26.0,9.0,41.0,0.1,0.1,0.4,3.0,179.0,0.0,0.0,0.2011173184357542
26.0,9.0,42.0,0.1,0.1,0.4,3.0,190.0,0.0,0.0,0.19473684210526315
26.0,9.0,43.0,0.1,0.1,0.4,3.0,171.0,0.0,0.0,0.21052631578947367
26.0,9.0,44.0,0.1,0.1,0.4,3.0,174.0,0.0,0.0,0.20114942528735633
26.0,9.0,45.0,0.1,0.1,0.4,3.0,167.0,0.0,0.0,0.25748502994011974
26.0,9.0,46.0,0.1,0.1,0.4,3.0,169.0,0.0,0.0,0.24260355029585798
26.0,9.0,47.0,0.1,0.1,0.4,3.0,162.0,0.0,0.0,0.25308641975308643
26.0,9.0,48.0,0.1,0.1,0.4,3.0,165.0,0.0,0.0,0.24242424242424243
26.0,9.0,49.0,0.1,0.1,0.4,3.0,162.0,0.0,0.0,0.25308641975308643
26.0,9.0,50.0,0.1,0.1,0.4,3.0,168.0,0.0,0.0,0.23809523809523808
26.0,9.0,51.0,0.1,0.1,0.4,3.0,163.0,0.0,0.0,0.25153374233128833
26.0,9.0,52.0,0.1,0.1,0.4,3.0,168.0,0.0,0.0,0.23809523809523808
26.0,10.0,1.0,0.1,0.1,0.4,3.0,154.0,0.0,0.0,0.2662337662337662
26.0,10.0,2.0,0.1,0.1,0.4,3.0,160.0,0.0,0.0,0.25625
26.0,10.0,3.0,0.1,0.1,0.4,3.0,152.0,0.0,0.0,0.2565789473684211
26.0,10.0,4.0,0.1,0.1,0.4,3.0,160.0,0.0,0.0,0.25625
26.0,10.0,5.0,0.1,0.1,0.4,3.0,152.0,0.0,0.0,0.2565789473684211
26.0,10.0,6.0,0.1,0.1,0.4,3.0,160.0,0.0,0.0,0.25625
26.0,10.0,7.0,0.1,0.1,0.4,3.0,152.0,0.0,0.0,0.2565789473684211
26.0,10.0,8.0,0.1,0.1,0.4,3.0,152.0,0.0,0.0,0.26973684210526316
26.0,10.0,9.0,0.1,0.1,0.4,3.0,145.0,0.0,0.0,0.27586206896551724
26.0,10.0,10.0,0.1,0.1,0.4,3.0,152.0,0.0,0.0,0.26973684210526316
26.0,10.0,11.0,0.1,0.1,0.4,3.0,145.0,0.0,0.0,0.27586206896551724
26.0,10.0,12.0,0.1,0.1,0.4,3.0,151.0,0.0,0.0,0.26490066225165565
26.0,10.0,13.0,0.1,0.1,0.4,3.0,143.0,0.0,0.0,0.2727272727272727
26.0,10.0,14.0,0.1,0.1,0.4,3.0,150.0,0.0,0.0,0.26666666666666666
26.0,10.0,15.0,0.1,0.1,0.4,3.0,144.0,0.0,0.0,0.2777777777777778
26.0,10.0,16.0,0.1,0.1,0.4,3.0,150.0,0.0,0.0,0.26666666666666666
26.0,10.0,17.0,0.1,0.1,0.4,3.0,144.0,0.0,0.0,0.2777777777777778
26.0,10.0,18.0,0.1,0.1,0.4,3.0,150.0,0.0,0.0,0.26666666666666666
26.0,10.0,19.0,0.1,0.1,0.4,3.0,144.0,0.0,0.0,0.2777777777777778
26.0,10.0,20.0,0.1,0.1,0.4,3.0,242.0,0.0,0.0,0.14049586776859505
26.0,10.0,21.0,0.1,0.1,0.4,3.0,213.0,0.0,0.0,0.15492957746478872
26.0,10.0,22.0,0.1,0.1,0.4,3.0,215.0,0.0,0.0,0.14883720930232558
26.0,10.0,23.0,0.1,0.1,0.4,3.0,204.0,0.0,0.0,0.15196078431372548
26.0,10.0,24.0,0.1,0.1,0.4,3.0,215.0,0.0,0.0,0.14883720930232558
26.0,10.0,25.0,0.1,0.1,0.4,3.0,187.0,0.0,0.0,0.16042780748663102
26.0,10.0,26.0,0.1,0.1,0.4,3.0,189.0,0.0,0.0,0.15873015873015872
26.0,10.0,27.0,0.1,0.1,0.4,3.0,179.0,0.0,0.0,0.16201117318435754
26.0,10.0,28.0,0.1,0.1,0.4,3.0,189.0,0.0,0.0,0.15873015873015872
26.0,10.0,29.0,0.1,0.1,0.4,3.0,179.0,0.0,0.0,0.16201117318435754
26.0,10.0,30.0,0.1,0.1,0.4,3.0,189.0,0.0,0.0,0.15873015873015872
26.0,10.0,31.0,0.1,0.1,0.4,3.0,170.0,0.0,0.0,0.16470588235294117
26.0,10.0,32.0,0.1,0.1,0.4,3.0,171.0,0.0,0.0,0.16374269005847952
26.0,10.0,33.0,0.1,0.1,0.4,3.0,161.0,0.0,0.0,0.16770186335403728
26.0,10.0,34.0,0.1,0.1,0.4,3.0,163.0,0.0,0.0,0.1656441717791411
26.0,10.0,35.0,0.1,0.1,0.4,3.0,138.0,0.0,0.0,0.18840579710144928
26.0,10.0,36.0,0.1,0.1,0.4,3.0,149.0,0.0,0.0,0.18120805369127516
26.0,10.0,37.0,0.1,0.1,0.4,3.0,138.0,0.0,0.0,0.18840579710144928
26.0,10.0,38.0,0.1,0.1,0.4,3.0,149.0,0.0,0.0,0.18120805369127516
26.0,10.0,39.0,0.1,0.1,0.4,3.0,138.0,0.0,0.0,0.18840579710144928
26.0,10.0,40.0,0.1,0.1,0.4,3.0,148.0,0.0,0.0,0.18243243243243243
26.0,10.0,41.0,0.1,0.1,0.4,3.0,138.0,0.0,0.0,0.18840579710144928
26.0,10.0,42.0,0.1,0.1,0.4,3.0,145.0,0.0,0.0,0.18620689655172415
26.0,10.0,43.0,0.1,0.1,0.4,3.0,138.0,0.0,0.0,0.18840579710144928
26.0,10.0,44.0,0.1,0.1,0.4,3.0,145.0,0.0,0.0,0.18620689655172415
26.0,10.0,45.0,0.1,0.1,0.4,3.0,138.0,0.0,0.0,0.2753623188405797
26.0,10.0,46.0,0.1,0.1,0.4,3.0,145.0,0.0,0.0,0.2689655172413793
26.0,10.0,47.0,0.1,0.1,0.4,3.0,138.0,0.0,0.0,0.2753623188405797
26.0,10.0,48.0,0.1,0.1,0.4,3.0,145.0,0.0,0.0,0.2689655172413793
26.0,10.0,49.0,0.1,0.1,0.4,3.0,138.0,0.0,0.0,0.2753623188405797
26.0,10.0,50.0,0.1,0.1,0.4,3.0,145.0,0.0,0.0,0.2689655172413793
26.0,10.0,51.0,0.1,0.1,0.4,3.0,138.0,0.0,0.0,0.2753623188405797
26.0,10.0,52.0,0.1,0.1,0.4,3.0,145.0,0.0,0.0,0.2689655172413793
27.0,1.0,1.0,0.1,0.1,0.4,3.0,5146.0,55.0,11.0,0.09832879906723668
27.0,1.0,2.0,0.1,0.1,0.4,3.0,5050.0,62.0,23.0,0.09881188118811882
27.0,1.0,3.0,0.1,0.1,0.4,3.0,4944.0,93.0,32.0,0.09789644012944984
27.0,1.0,4.0,0.1,0.1,0.4,3.0,4727.0,88.0,31.0,0.10048656653268458
27.0,1.0,5.0,0.1,0.1,0.4,3.0,4708.0,108.0,38.0,0.0994052676295667
27.0,1.0,6.0,0.1,0.1,0.4,3.0,4549.0,125.0,43.0,0.10134095405583644
27.0,1.0,7.0,0.1,0.1,0.4,3.0,4300.0,127.0,49.0,0.1013953488372093
27.0,1.0,8.0,0.1,0.1,0.4,3.0,4157.0,155.0,54.0,0.10175607409189319
27.0,1.0,9.0,0.1,0.1,0.4,3.0,3890.0,151.0,61.0,0.10205655526992288
27.0,1.0,10.0,0.1,0.1,0.4,3.0,3699.0,163.0,58.0,0.10191943768586105
27.0,1.0,11.0,0.1,0.1,0.4,3.0,3538.0,165.0,65.0,0.10231769361221028
27.0,1.0,12.0,0.1,0.1,0.4,3.0,3398.0,179.0,80.0,0.10476751030017657
27.0,1.0,13.0,0.1,0.1,0.4,3.0,3293.0,180.0,80.0,0.10598238688126328
27.0,1.0,14.0,0.1,0.1,0.4,3.0,3131.0,187.0,91.0,0.10731395720217184
27.0,1.0,15.0,0.1,0.1,0.4,3.0,3044.0,184.0,79.0,0.10873850197109067
27.0,1.0,16.0,0.1,0.1,0.4,3.0,2938.0,193.0,88.0,0.10925799863852961
27.0,1.0,17.0,0.1,0.1,0.4,3.0,2861.0,182.0,87.0,0.11045089129674938
27.0,1.0,18.0,0.1,0.1,0.4,3.0,2740.0,179.0,91.0,0.11094890510948906
27.0,1.0,19.0,0.1,0.1,0.4,3.0,2711.0,175.0,99.0,0.11250461084470675
27.0,1.0,20.0,0.1,0.1,0.4,3.0,7290.0,162.0,88.0,0.041700960219478736
27.0,1.0,21.0,0.1,0.1,0.4,3.0,6645.0,214.0,63.0,0.0418359668924003
27.0,1.0,22.0,0.1,0.1,0.4,3.0,5994.0,214.0,55.0,0.04254254254254254
27.0,1.0,23.0,0.1,0.1,0.4,3.0,5547.0,220.0,80.0,0.043086352983594735
27.0,1.0,24.0,0.1,0.1,0.4,3.0,5190.0,278.0,102.0,0.0441233140655106
27.0,1.0,25.0,0.1,0.1,0.4,3.0,4939.0,330.0,127.0,0.044340959708443005
27.0,1.0,26.0,0.1,0.1,0.4,3.0,4457.0,351.0,128.0,0.046892528606686114
27.0,1.0,27.0,0.1,0.1,0.4,3.0,4085.0,372.0,133.0,0.04944920440636475
27.0,1.0,28.0,0.1,0.1,0.4,3.0,3605.0,364.0,136.0,0.05131761442441054
27.0,1.0,29.0,0.1,0.1,0.4,3.0,3430.0,384.0,156.0,0.05335276967930029
27.0,1.0,30.0,0.1,0.1,0.4,3.0,3174.0,416.0,179.0,0.055135475740390676
27.0,1.0,31.0,0.1,0.1,0.4,3.0,2958.0,423.0,178.0,0.05949966193373901
27.0,1.0,32.0,0.1,0.1,0.4,3.0,2758.0,409.0,181.0,0.06091370558375635
27.0,1.0,33.0,0.1,0.1,0.4,3.0,2553.0,403.0,177.0,0.06306306306306306
27.0,1.0,34.0,0.1,0.1,0.4,3.0,2394.0,400.0,166.0,0.06683375104427736
27.0,1.0,35.0,0.1,0.1,0.4,3.0,2243.0,388.0,168.0,0.07088720463664734
27.0,1.0,36.0,0.1,0.1,0.4,3.0,2073.0,342.0,167.0,0.07332368547998071
27.0,1.0,37.0,0.1,0.1,0.4,3.0,1985.0,346.0,180.0,0.07506297229219143
27.0,1.0,38.0,0.1,0.1,0.4,3.0,1852.0,323.0,165.0,0.08099352051835854
27.0,1.0,39.0,0.1,0.1,0.4,3.0,1679.0,294.0,140.0,0.08576533650982728
27.0,1.0,40.0,0.1,0.1,0.4,3.0,1569.0,253.0,130.0,0.0911408540471638
27.0,1.0,41.0,0.1,0.1,0.4,3.0,1486.0,247.0,138.0,0.09488559892328398
27.0,1.0,42.0,0.1,0.1,0.4,3.0,1398.0,237.0,133.0,0.09871244635193133
27.0,1.0,43.0,0.1,0.1,0.4,3.0,1291.0,186.0,102.0,0.104570100697134
27.0,1.0,44.0,0.1,0.1,0.4,3.0,1221.0,166.0,86.0,0.10974610974610975
27.0,1.0,45.0,0.1,0.1,0.4,3.0,1144.0,134.0,75.0,0.19405594405594406
27.0,1.0,46.0,0.1,0.1,0.4,3.0,1083.0,120.0,69.0,0.19667590027700832
27.0,1.0,47.0,0.1,0.1,0.4,3.0,1053.0,107.0,59.0,0.19943019943019943
27.0,1.0,48.0,0.1,0.1,0.4,3.0,1015.0,96.0,47.0,0.2
27.0,1.0,49.0,0.1,0.1,0.4,3.0,975.0,88.0,44.0,0.20307692307692307
27.0,1.0,50.0,0.1,0.1,0.4,3.0,966.0,87.0,41.0,0.20186335403726707
27.0,1.0,51.0,0.1,0.1,0.4,3.0,927.0,70.0,37.0,0.20280474649406688
27.0,1.0,52.0,0.1,0.1,0.4,3.0,911.0,57.0,34.0,0.2052689352360044
27.0,2.0,1.0,0.1,0.1,0.4,3.0,893.0,59.0,35.0,0.20716685330347145
27.0,2.0,2.0,0.1,0.1,0.4,3.0,873.0,55.0,32.0,0.21191294387170675
27.0,2.0,3.0,0.1,0.1,0.4,3.0,856.0,47.0,26.0,0.2091121495327103
27.0,2.0,4.0,0.1,0.1,0.4,3.0,834.0,43.0,18.0,0.20983213429256595
27.0,2.0,5.0,0.1,0.1,0.4,3.0,819.0,40.0,16.0,0.21611721611721613
27.0,2.0,6.0,0.1,0.1,0.4,3.0,807.0,35.0,18.0,0.21561338289962825
27.0,2.0,7.0,0.1,0.1,0.4,3.0,805.0,38.0,22.0,0.21490683229813665
27.0,2.0,8.0,0.1,0.1,0.4,3.0,779.0,37.0,21.0,0.21822849807445444
27.0,2.0,9.0,0.1,0.1,0.4,3.0,775.0,32.0,20.0,0.22064516129032258
27.0,2.0,10.0,0.1,0.1,0.4,3.0,754.0,28.0,18.0,0.21883289124668434
27.0,2.0,11.0,0.1,0.1,0.4,3.0,747.0,21.0,14.0,0.2222222222222222
27.0,2.0,12.0,0.1,0.1,0.4,3.0,726.0,17.0,9.0,0.2231404958677686
27.0,2.0,13.0,0.1,0.1,0.4,3.0,725.0,14.0,5.0,0.22758620689655173
27.0,2.0,14.0,0.1,0.1,0.4,3.0,711.0,12.0,6.0,0.2250351617440225
27.0,2.0,15.0,0.1,0.1,0.4,3.0,714.0,10.0,6.0,0.226890756302521
27.0,2.0,16.0,0.1,0.1,0.4,3.0,708.0,11.0,8.0,0.2245762711864407
27.0,2.0,17.0,0.1,0.1,0.4,3.0,695.0,9.0,5.0,0.2316546762589928
27.0,2.0,18.0,0.1,0.1,0.4,3.0,685.0,8.0,4.0,0.2291970802919708
27.0,2.0,19.0,0.1,0.1,0.4,3.0,683.0,7.0,2.0,0.2342606149341142
27.0,2.0,20.0,0.1,0.1,0.4,3.0,1234.0,7.0,3.0,0.12641815235008103
27.0,2.0,21.0,0.1,0.1,0.4,3.0,1188.0,6.0,2.0,0.12962962962962962
27.0,2.0,22.0,0.1,0.1,0.4,3.0,1147.0,7.0,4.0,0.12816041848299914
27.0,2.0,23.0,0.1,0.1,0.4,3.0,1090.0,2.0,2.0,0.13119266055045872
27.0,2.0,24.0,0.1,0.1,0.4,3.0,1086.0,2.0,2.0,0.1279926335174954
27.0,2.0,25.0,0.1,0.1,0.4,3.0,1047.0,2.0,2.0,0.13371537726838587
27.0,2.0,26.0,0.1,0.1,0.4,3.0,1039.0,0.0,0.0,0.13185755534167468
27.0,2.0,27.0,0.1,0.1,0.4,3.0,1009.0,0.0,0.0,0.13082259663032705
27.0,2.0,28.0,0.1,0.1,0.4,3.0,992.0,0.0,0.0,0.13306451612903225
27.0,2.0,29.0,0.1,0.1,0.4,3.0,967.0,0.0,0.0,0.13340227507755947
27.0,2.0,30.0,0.1,0.1,0.4,3.0,944.0,0.0,0.0,0.13771186440677965
27.0,2.0,31.0,0.1,0.1,0.4,3.0,887.0,0.0,0.0,0.14205186020293123
27.0,2.0,32.0,0.1,0.1,0.4,3.0,871.0,0.0,0.0,0.1423650975889782
27.0,2.0,33.0,0.1,0.1,0.4,3.0,823.0,0.0,0.0,0.1433778857837181
27.0,2.0,34.0,0.1,0.1,0.4,3.0,811.0,0.0,0.0,0.14303329223181258
27.0,2.0,35.0,0.1,0.1,0.4,3.0,783.0,0.0,0.0,0.14431673052362706
27.0,2.0,36.0,0.1,0.1,0.4,3.0,759.0,0.0,0.0,0.14624505928853754
27.0,2.0,37.0,0.1,0.1,0.4,3.0,735.0,0.0,0.0,0.1469387755102041
27.0,2.0,38.0,0.1,0.1,0.4,3.0,730.0,0.0,0.0,0.14931506849315068
27.0,2.0,39.0,0.1,0.1,0.4,3.0,714.0,0.0,0.0,0.14705882352941177
27.0,2.0,40.0,0.1,0.1,0.4,3.0,712.0,0.0,0.0,0.14747191011235955
27.0,2.0,41.0,0.1,0.1,0.4,3.0,699.0,0.0,0.0,0.14449213161659513
27.0,2.0,42.0,0.1,0.1,0.4,3.0,705.0,0.0,0.0,0.14326241134751774
27.0,2.0,43.0,0.1,0.1,0.4,3.0,689.0,0.0,0.0,0.14368650217706821
27.0,2.0,44.0,0.1,0.1,0.4,3.0,680.0,0.0,0.0,0.14411764705882352
27.0,2.0,45.0,0.1,0.1,0.4,3.0,655.0,0.0,0.0,0.22442748091603054
27.0,2.0,46.0,0.1,0.1,0.4,3.0,661.0,0.0,0.0,0.22692889561270801
27.0,2.0,47.0,0.1,0.1,0.4,3.0,640.0,0.0,0.0,0.2265625
27.0,2.0,48.0,0.1,0.1,0.4,3.0,636.0,0.0,0.0,0.22955974842767296
27.0,2.0,49.0,0.1,0.1,0.4,3.0,624.0,0.0,0.0,0.22916666666666666
27.0,2.0,50.0,0.1,0.1,0.4,3.0,606.0,0.0,0.0,0.22772277227722773
27.0,2.0,51.0,0.1,0.1,0.4,3.0,586.0,0.0,0.0,0.22696245733788395
27.0,2.0,52.0,0.1,0.1,0.4,3.0,574.0,0.0,0.0,0.22996515679442509
27.0,3.0,1.0,0.1,0.1,0.4,3.0,559.0,0.0,0.0,0.23255813953488372
27.0,3.0,2.0,0.1,0.1,0.4,3.0,559.0,0.0,0.0,0.23076923076923078
27.0,3.0,3.0,0.1,0.1,0.4,3.0,543.0,0.0,0.0,0.2283609576427256
27.0,3.0,4.0,0.1,0.1,0.4,3.0,551.0,0.0,0.0,0.2250453720508167
27.0,3.0,5.0,0.1,0.1,0.4,3.0,532.0,0.0,0.0,0.2274436090225564
27.0,3.0,6.0,0.1,0.1,0.4,3.0,535.0,0.0,0.0,0.22803738317757008
27.0,3.0,7.0,0.1,0.1,0.4,3.0,529.0,0.0,0.0,0.22306238185255198
27.0,3.0,8.0,0.1,0.1,0.4,3.0,522.0,0.0,0.0,0.2222222222222222
27.0,3.0,9.0,0.1,0.1,0.4,3.0,516.0,0.0,0.0,0.22093023255813954
27.0,3.0,10.0,0.1,0.1,0.4,3.0,514.0,0.0,0.0,0.22178988326848248
27.0,3.0,11.0,0.1,0.1,0.4,3.0,503.0,0.0,0.0,0.220675944333996
27.0,3.0,12.0,0.1,0.1,0.4,3.0,502.0,0.0,0.0,0.21912350597609562
27.0,3.0,13.0,0.1,0.1,0.4,3.0,493.0,0.0,0.0,0.2231237322515213
27.0,3.0,14.0,0.1,0.1,0.4,3.0,491.0,0.0,0.0,0.2219959266802444
27.0,3.0,15.0,0.1,0.1,0.4,3.0,480.0,0.0,0.0,0.22291666666666668
27.0,3.0,16.0,0.1,0.1,0.4,3.0,473.0,0.0,0.0,0.21987315010570824
27.0,3.0,17.0,0.1,0.1,0.4,3.0,471.0,0.0,0.0,0.21868365180467092
27.0,3.0,18.0,0.1,0.1,0.4,3.0,469.0,0.0,0.0,0.21535181236673773
27.0,3.0,19.0,0.1,0.1,0.4,3.0,465.0,0.0,0.0,0.21505376344086022
27.0,3.0,20.0,0.1,0.1,0.4,3.0,961.0,0.0,0.0,0.1040582726326743
27.0,3.0,21.0,0.1,0.1,0.4,3.0,936.0,0.0,0.0,0.10576923076923077
27.0,3.0,22.0,0.1,0.1,0.4,3.0,875.0,0.0,0.0,0.10857142857142857
27.0,3.0,23.0,0.1,0.1,0.4,3.0,837.0,0.0,0.0,0.10752688172043011
27.0,3.0,24.0,0.1,0.1,0.4,3.0,800.0,0.0,0.0,0.11125
27.0,3.0,25.0,0.1,0.1,0.4,3.0,794.0,0.0,0.0,0.1070528967254408
27.0,3.0,26.0,0.1,0.1,0.4,3.0,790.0,0.0,0.0,0.11012658227848102
27.0,3.0,27.0,0.1,0.1,0.4,3.0,769.0,0.0,0.0,0.10923276983094929
27.0,3.0,28.0,0.1,0.1,0.4,3.0,765.0,0.0,0.0,0.11241830065359477
27.0,3.0,29.0,0.1,0.1,0.4,3.0,728.0,0.0,0.0,0.10851648351648352
27.0,3.0,30.0,0.1,0.1,0.4,3.0,697.0,0.0,0.0,0.1133428981348637
27.0,3.0,31.0,0.1,0.1,0.4,3.0,692.0,0.0,0.0,0.10838150289017341
27.0,3.0,32.0,0.1,0.1,0.4,3.0,665.0,0.0,0.0,0.11428571428571428
27.0,3.0,33.0,0.1,0.1,0.4,3.0,655.0,0.0,0.0,0.1099236641221374
27.0,3.0,34.0,0.1,0.1,0.4,3.0,632.0,0.0,0.0,0.11234177215189874
27.0,3.0,35.0,0.1,0.1,0.4,3.0,627.0,0.0,0.0,0.11164274322169059
27.0,3.0,36.0,0.1,0.1,0.4,3.0,618.0,0.0,0.0,0.11488673139158576
27.0,3.0,37.0,0.1,0.1,0.4,3.0,611.0,0.0,0.0,0.11292962356792144
27.0,3.0,38.0,0.1,0.1,0.4,3.0,555.0,0.0,0.0,0.11891891891891893
27.0,3.0,39.0,0.1,0.1,0.4,3.0,573.0,0.0,0.0,0.11343804537521815
27.0,3.0,40.0,0.1,0.1,0.4,3.0,549.0,0.0,0.0,0.11839708561020036
27.0,3.0,41.0,0.1,0.1,0.4,3.0,556.0,0.0,0.0,0.11151079136690648
27.0,3.0,42.0,0.1,0.1,0.4,3.0,535.0,0.0,0.0,0.11775700934579439
27.0,3.0,43.0,0.1,0.1,0.4,3.0,529.0,0.0,0.0,0.11342155009451796
27.0,3.0,44.0,0.1,0.1,0.4,3.0,515.0,0.0,0.0,0.1203883495145631
27.0,3.0,45.0,0.1,0.1,0.4,3.0,523.0,0.0,0.0,0.17208413001912046
27.0,3.0,46.0,0.1,0.1,0.4,3.0,505.0,0.0,0.0,0.1801980198019802
27.0,3.0,47.0,0.1,0.1,0.4,3.0,514.0,0.0,0.0,0.17315175097276264
27.0,3.0,48.0,0.1,0.1,0.4,3.0,498.0,0.0,0.0,0.17670682730923695
27.0,3.0,49.0,0.1,0.1,0.4,3.0,513.0,0.0,0.0,0.16764132553606237
27.0,3.0,50.0,0.1,0.1,0.4,3.0,496.0,0.0,0.0,0.17338709677419356
27.0,3.0,51.0,0.1,0.1,0.4,3.0,489.0,0.0,0.0,0.1738241308793456
27.0,3.0,52.0,0.1,0.1,0.4,3.0,479.0,0.0,0.0,0.17954070981210857
27.0,4.0,1.0,0.1,0.1,0.4,3.0,480.0,0.0,0.0,0.175
27.0,4.0,2.0,0.1,0.1,0.4,3.0,473.0,0.0,0.0,0.18181818181818182
27.0,4.0,3.0,0.1,0.1,0.4,3.0,469.0,0.0,0.0,0.1791044776119403
27.0,4.0,4.0,0.1,0.1,0.4,3.0,464.0,0.0,0.0,0.18318965517241378
27.0,4.0,5.0,0.1,0.1,0.4,3.0,464.0,0.0,0.0,0.1810344827586207
27.0,4.0,6.0,0.1,0.1,0.4,3.0,458.0,0.0,0.0,0.185589519650655
27.0,4.0,7.0,0.1,0.1,0.4,3.0,460.0,0.0,0.0,0.1782608695652174
27.0,4.0,8.0,0.1,0.1,0.4,3.0,450.0,0.0,0.0,0.18
27.0,4.0,9.0,0.1,0.1,0.4,3.0,450.0,0.0,0.0,0.17555555555555555
27.0,4.0,10.0,0.1,0.1,0.4,3.0,445.0,0.0,0.0,0.17752808988764046
27.0,4.0,11.0,0.1,0.1,0.4,3.0,448.0,0.0,0.0,0.17410714285714285
27.0,4.0,12.0,0.1,0.1,0.4,3.0,444.0,0.0,0.0,0.17792792792792791
27.0,4.0,13.0,0.1,0.1,0.4,3.0,447.0,0.0,0.0,0.174496644295302
27.0,4.0,14.0,0.1,0.1,0.4,3.0,441.0,0.0,0.0,0.17913832199546487
27.0,4.0,15.0,0.1,0.1,0.4,3.0,446.0,0.0,0.0,0.1726457399103139
27.0,4.0,16.0,0.1,0.1,0.4,3.0,441.0,0.0,0.0,0.17687074829931973
27.0,4.0,17.0,0.1,0.1,0.4,3.0,438.0,0.0,0.0,0.17123287671232876
27.0,4.0,18.0,0.1,0.1,0.4,3.0,431.0,0.0,0.0,0.17633410672853828
27.0,4.0,19.0,0.1,0.1,0.4,3.0,438.0,0.0,0.0,0.17123287671232876
27.0,4.0,20.0,0.1,0.1,0.4,3.0,791.0,0.0,0.0,0.09608091024020228
27.0,4.0,21.0,0.1,0.1,0.4,3.0,791.0,0.0,0.0,0.09355246523388117
27.0,4.0,22.0,0.1,0.1,0.4,3.0,750.0,0.0,0.0,0.09866666666666667
27.0,4.0,23.0,0.1,0.1,0.4,3.0,761.0,0.0,0.0,0.09329829172141918
27.0,4.0,24.0,0.1,0.1,0.4,3.0,707.0,0.0,0.0,0.10042432814710042
27.0,4.0,25.0,0.1,0.1,0.4,3.0,679.0,0.0,0.0,0.09720176730486009
27.0,4.0,26.0,0.1,0.1,0.4,3.0,653.0,0.0,0.0,0.10413476263399694
27.0,4.0,27.0,0.1,0.1,0.4,3.0,645.0,0.0,0.0,0.10232558139534884
27.0,4.0,28.0,0.1,0.1,0.4,3.0,604.0,0.0,0.0,0.1076158940397351
27.0,4.0,29.0,0.1,0.1,0.4,3.0,592.0,0.0,0.0,0.1097972972972973
27.0,4.0,30.0,0.1,0.1,0.4,3.0,557.0,0.0,0.0,0.11490125673249552
27.0,4.0,31.0,0.1,0.1,0.4,3.0,561.0,0.0,0.0,0.1140819964349376
27.0,4.0,32.0,0.1,0.1,0.4,3.0,537.0,0.0,0.0,0.1191806331471136
27.0,4.0,33.0,0.1,0.1,0.4,3.0,538.0,0.0,0.0,0.11524163568773234
27.0,4.0,34.0,0.1,0.1,0.4,3.0,525.0,0.0,0.0,0.1180952380952381
27.0,4.0,35.0,0.1,0.1,0.4,3.0,532.0,0.0,0.0,0.11466165413533834
27.0,4.0,36.0,0.1,0.1,0.4,3.0,512.0,0.0,0.0,0.115234375
27.0,4.0,37.0,0.1,0.1,0.4,3.0,521.0,0.0,0.0,0.11708253358925144
27.0,4.0,38.0,0.1,0.1,0.4,3.0,484.0,0.0,0.0,0.11983471074380166
27.0,4.0,39.0,0.1,0.1,0.4,3.0,477.0,0.0,0.0,0.11949685534591195
27.0,4.0,40.0,0.1,0.1,0.4,3.0,448.0,0.0,0.0,0.12053571428571429
27.0,4.0,41.0,0.1,0.1,0.4,3.0,454.0,0.0,0.0,0.11894273127753303
27.0,4.0,42.0,0.1,0.1,0.4,3.0,443.0,0.0,0.0,0.12189616252821671
27.0,4.0,43.0,0.1,0.1,0.4,3.0,447.0,0.0,0.0,0.12080536912751678
27.0,4.0,44.0,0.1,0.1,0.4,3.0,413.0,0.0,0.0,0.12832929782082325
27.0,4.0,45.0,0.1,0.1,0.4,3.0,417.0,0.0,0.0,0.18944844124700239
27.0,4.0,46.0,0.1,0.1,0.4,3.0,407.0,0.0,0.0,0.19164619164619165
27.0,4.0,47.0,0.1,0.1,0.4,3.0,393.0,0.0,0.0,0.19592875318066158
27.0,4.0,48.0,0.1,0.1,0.4,3.0,366.0,0.0,0.0,0.20218579234972678
27.0,4.0,49.0,0.1,0.1,0.4,3.0,361.0,0.0,0.0,0.20498614958448755
27.0,4.0,50.0,0.1,0.1,0.4,3.0,357.0,0.0,0.0,0.20448179271708683
27.0,4.0,51.0,0.1,0.1,0.4,3.0,352.0,0.0,0.0,0.20454545454545456
27.0,4.0,52.0,0.1,0.1,0.4,3.0,346.0,0.0,0.0,0.20520231213872833
27.0,5.0,1.0,0.1,0.1,0.4,3.0,347.0,0.0,0.0,0.19596541786743515
27.0,5.0,2.0,0.1,0.1,0.4,3.0,339.0,0.0,0.0,0.1976401179941003
27.0,5.0,3.0,0.1,0.1,0.4,3.0,337.0,0.0,0.0,0.19881305637982197
27.0,5.0,4.0,0.1,0.1,0.4,3.0,332.0,0.0,0.0,0.20180722891566266
27.0,5.0,5.0,0.1,0.1,0.4,3.0,338.0,0.0,0.0,0.1952662721893491
27.0,5.0,6.0,0.1,0.1,0.4,3.0,323.0,0.0,0.0,0.20123839009287925
27.0,5.0,7.0,0.1,0.1,0.4,3.0,324.0,0.0,0.0,0.19444444444444445
27.0,5.0,8.0,0.1,0.1,0.4,3.0,313.0,0.0,0.0,0.19488817891373802
27.0,5.0,9.0,0.1,0.1,0.4,3.0,310.0,0.0,0.0,0.1935483870967742
27.0,5.0,10.0,0.1,0.1,0.4,3.0,298.0,0.0,0.0,0.19798657718120805
27.0,5.0,11.0,0.1,0.1,0.4,3.0,306.0,0.0,0.0,0.19607843137254902
27.0,5.0,12.0,0.1,0.1,0.4,3.0,294.0,0.0,0.0,0.19727891156462585
27.0,5.0,13.0,0.1,0.1,0.4,3.0,302.0,0.0,0.0,0.19536423841059603
27.0,5.0,14.0,0.1,0.1,0.4,3.0,292.0,0.0,0.0,0.19863013698630136
27.0,5.0,15.0,0.1,0.1,0.4,3.0,299.0,0.0,0.0,0.1939799331103679
27.0,5.0,16.0,0.1,0.1,0.4,3.0,291.0,0.0,0.0,0.1958762886597938
27.0,5.0,17.0,0.1,0.1,0.4,3.0,299.0,0.0,0.0,0.19063545150501673
27.0,5.0,18.0,0.1,0.1,0.4,3.0,287.0,0.0,0.0,0.1916376306620209
27.0,5.0,19.0,0.1,0.1,0.4,3.0,296.0,0.0,0.0,0.19256756756756757
27.0,5.0,20.0,0.1,0.1,0.4,3.0,558.0,0.0,0.0,0.0985663082437276
27.0,5.0,21.0,0.1,0.1,0.4,3.0,550.0,0.0,0.0,0.10181818181818182
27.0,5.0,22.0,0.1,0.1,0.4,3.0,512.0,0.0,0.0,0.10546875
27.0,5.0,23.0,0.1,0.1,0.4,3.0,513.0,0.0,0.0,0.10136452241715399
27.0,5.0,24.0,0.1,0.1,0.4,3.0,493.0,0.0,0.0,0.10344827586206896
27.0,5.0,25.0,0.1,0.1,0.4,3.0,495.0,0.0,0.0,0.10101010101010101
27.0,5.0,26.0,0.1,0.1,0.4,3.0,485.0,0.0,0.0,0.10309278350515463
27.0,5.0,27.0,0.1,0.1,0.4,3.0,493.0,0.0,0.0,0.09939148073022312
27.0,5.0,28.0,0.1,0.1,0.4,3.0,431.0,0.0,0.0,0.10440835266821345
27.0,5.0,29.0,0.1,0.1,0.4,3.0,420.0,0.0,0.0,0.10714285714285714
27.0,5.0,30.0,0.1,0.1,0.4,3.0,412.0,0.0,0.0,0.10922330097087378
27.0,5.0,31.0,0.1,0.1,0.4,3.0,416.0,0.0,0.0,0.10576923076923077
27.0,5.0,32.0,0.1,0.1,0.4,3.0,403.0,0.0,0.0,0.10421836228287841
27.0,5.0,33.0,0.1,0.1,0.4,3.0,405.0,0.0,0.0,0.1037037037037037
27.0,5.0,34.0,0.1,0.1,0.4,3.0,392.0,0.0,0.0,0.10459183673469388
27.0,5.0,35.0,0.1,0.1,0.4,3.0,389.0,0.0,0.0,0.10539845758354756
27.0,5.0,36.0,0.1,0.1,0.4,3.0,382.0,0.0,0.0,0.10732984293193717
27.0,5.0,37.0,0.1,0.1,0.4,3.0,382.0,0.0,0.0,0.10732984293193717
27.0,5.0,38.0,0.1,0.1,0.4,3.0,348.0,0.0,0.0,0.11206896551724138
27.0,5.0,39.0,0.1,0.1,0.4,3.0,343.0,0.0,0.0,0.10787172011661808
27.0,5.0,40.0,0.1,0.1,0.4,3.0,331.0,0.0,0.0,0.10876132930513595
27.0,5.0,41.0,0.1,0.1,0.4,3.0,342.0,0.0,0.0,0.10526315789473684
27.0,5.0,42.0,0.1,0.1,0.4,3.0,335.0,0.0,0.0,0.10746268656716418
27.0,5.0,43.0,0.1,0.1,0.4,3.0,338.0,0.0,0.0,0.10650887573964497
27.0,5.0,44.0,0.1,0.1,0.4,3.0,324.0,0.0,0.0,0.10493827160493827
27.0,5.0,45.0,0.1,0.1,0.4,3.0,310.0,0.0,0.0,0.1774193548387097
27.0,5.0,46.0,0.1,0.1,0.4,3.0,291.0,0.0,0.0,0.18213058419243985
27.0,5.0,47.0,0.1,0.1,0.4,3.0,287.0,0.0,0.0,0.17770034843205576
27.0,5.0,48.0,0.1,0.1,0.4,3.0,281.0,0.0,0.0,0.18149466192170818
27.0,5.0,49.0,0.1,0.1,0.4,3.0,287.0,0.0,0.0,0.17770034843205576
27.0,5.0,50.0,0.1,0.1,0.4,3.0,281.0,0.0,0.0,0.18149466192170818
27.0,5.0,51.0,0.1,0.1,0.4,3.0,285.0,0.0,0.0,0.17543859649122806
27.0,5.0,52.0,0.1,0.1,0.4,3.0,275.0,0.0,0.0,0.1781818181818182
27.0,6.0,1.0,0.1,0.1,0.4,3.0,281.0,0.0,0.0,0.17437722419928825
27.0,6.0,2.0,0.1,0.1,0.4,3.0,275.0,0.0,0.0,0.17454545454545456
27.0,6.0,3.0,0.1,0.1,0.4,3.0,276.0,0.0,0.0,0.17391304347826086
27.0,6.0,4.0,0.1,0.1,0.4,3.0,271.0,0.0,0.0,0.17712177121771217
27.0,6.0,5.0,0.1,0.1,0.4,3.0,275.0,0.0,0.0,0.17454545454545456
27.0,6.0,6.0,0.1,0.1,0.4,3.0,265.0,0.0,0.0,0.1811320754716981
27.0,6.0,7.0,0.1,0.1,0.4,3.0,261.0,0.0,0.0,0.1839080459770115
27.0,6.0,8.0,0.1,0.1,0.4,3.0,247.0,0.0,0.0,0.1902834008097166
27.0,6.0,9.0,0.1,0.1,0.4,3.0,248.0,0.0,0.0,0.18951612903225806
27.0,6.0,10.0,0.1,0.1,0.4,3.0,244.0,0.0,0.0,0.19262295081967212
27.0,6.0,11.0,0.1,0.1,0.4,3.0,248.0,0.0,0.0,0.18951612903225806
27.0,6.0,12.0,0.1,0.1,0.4,3.0,244.0,0.0,0.0,0.1885245901639344
27.0,6.0,13.0,0.1,0.1,0.4,3.0,247.0,0.0,0.0,0.1862348178137652
27.0,6.0,14.0,0.1,0.1,0.4,3.0,244.0,0.0,0.0,0.1885245901639344
27.0,6.0,15.0,0.1,0.1,0.4,3.0,247.0,0.0,0.0,0.18218623481781376
27.0,6.0,16.0,0.1,0.1,0.4,3.0,243.0,0.0,0.0,0.18518518518518517
27.0,6.0,17.0,0.1,0.1,0.4,3.0,247.0,0.0,0.0,0.18218623481781376
27.0,6.0,18.0,0.1,0.1,0.4,3.0,242.0,0.0,0.0,0.1859504132231405
27.0,6.0,19.0,0.1,0.1,0.4,3.0,246.0,0.0,0.0,0.18292682926829268
27.0,6.0,20.0,0.1,0.1,0.4,3.0,430.0,0.0,0.0,0.10232558139534884
27.0,6.0,21.0,0.1,0.1,0.4,3.0,429.0,0.0,0.0,0.10256410256410256
27.0,6.0,22.0,0.1,0.1,0.4,3.0,408.0,0.0,0.0,0.10784313725490197
27.0,6.0,23.0,0.1,0.1,0.4,3.0,408.0,0.0,0.0,0.10784313725490197
27.0,6.0,24.0,0.1,0.1,0.4,3.0,387.0,0.0,0.0,0.11369509043927649
27.0,6.0,25.0,0.1,0.1,0.4,3.0,378.0,0.0,0.0,0.1111111111111111
27.0,6.0,26.0,0.1,0.1,0.4,3.0,365.0,0.0,0.0,0.11506849315068493
27.0,6.0,27.0,0.1,0.1,0.4,3.0,378.0,0.0,0.0,0.1111111111111111
27.0,6.0,28.0,0.1,0.1,0.4,3.0,336.0,0.0,0.0,0.1130952380952381
27.0,6.0,29.0,0.1,0.1,0.4,3.0,345.0,0.0,0.0,0.11014492753623188
27.0,6.0,30.0,0.1,0.1,0.4,3.0,328.0,0.0,0.0,0.11280487804878049
27.0,6.0,31.0,0.1,0.1,0.4,3.0,322.0,0.0,0.0,0.11180124223602485
27.0,6.0,32.0,0.1,0.1,0.4,3.0,291.0,0.0,0.0,0.12371134020618557
27.0,6.0,33.0,0.1,0.1,0.4,3.0,300.0,0.0,0.0,0.12
27.0,6.0,34.0,0.1,0.1,0.4,3.0,290.0,0.0,0.0,0.1206896551724138
27.0,6.0,35.0,0.1,0.1,0.4,3.0,299.0,0.0,0.0,0.11705685618729098
27.0,6.0,36.0,0.1,0.1,0.4,3.0,294.0,0.0,0.0,0.11904761904761904
27.0,6.0,37.0,0.1,0.1,0.4,3.0,299.0,0.0,0.0,0.11705685618729098
27.0,6.0,38.0,0.1,0.1,0.4,3.0,285.0,0.0,0.0,0.11929824561403508
27.0,6.0,39.0,0.1,0.1,0.4,3.0,290.0,0.0,0.0,0.11724137931034483
27.0,6.0,40.0,0.1,0.1,0.4,3.0,284.0,0.0,0.0,0.11971830985915492
27.0,6.0,41.0,0.1,0.1,0.4,3.0,287.0,0.0,0.0,0.11846689895470383
27.0,6.0,42.0,0.1,0.1,0.4,3.0,284.0,0.0,0.0,0.11971830985915492
27.0,6.0,43.0,0.1,0.1,0.4,3.0,276.0,0.0,0.0,0.11956521739130435
27.0,6.0,44.0,0.1,0.1,0.4,3.0,273.0,0.0,0.0,0.12087912087912088
27.0,6.0,45.0,0.1,0.1,0.4,3.0,276.0,0.0,0.0,0.17028985507246377
27.0,6.0,46.0,0.1,0.1,0.4,3.0,273.0,0.0,0.0,0.17216117216117216
27.0,6.0,47.0,0.1,0.1,0.4,3.0,275.0,0.0,0.0,0.1709090909090909
27.0,6.0,48.0,0.1,0.1,0.4,3.0,272.0,0.0,0.0,0.17279411764705882
27.0,6.0,49.0,0.1,0.1,0.4,3.0,275.0,0.0,0.0,0.1709090909090909
27.0,6.0,50.0,0.1,0.1,0.4,3.0,270.0,0.0,0.0,0.17407407407407408
27.0,6.0,51.0,0.1,0.1,0.4,3.0,275.0,0.0,0.0,0.1709090909090909
27.0,6.0,52.0,0.1,0.1,0.4,3.0,270.0,0.0,0.0,0.17407407407407408
27.0,7.0,1.0,0.1,0.1,0.4,3.0,275.0,0.0,0.0,0.1709090909090909
27.0,7.0,2.0,0.1,0.1,0.4,3.0,270.0,0.0,0.0,0.17407407407407408
27.0,7.0,3.0,0.1,0.1,0.4,3.0,274.0,0.0,0.0,0.1678832116788321
27.0,7.0,4.0,0.1,0.1,0.4,3.0,267.0,0.0,0.0,0.16853932584269662
27.0,7.0,5.0,0.1,0.1,0.4,3.0,273.0,0.0,0.0,0.16483516483516483
27.0,7.0,6.0,0.1,0.1,0.4,3.0,258.0,0.0,0.0,0.1744186046511628
27.0,7.0,7.0,0.1,0.1,0.4,3.0,268.0,0.0,0.0,0.16791044776119404
27.0,7.0,8.0,0.1,0.1,0.4,3.0,258.0,0.0,0.0,0.1744186046511628
27.0,7.0,9.0,0.1,0.1,0.4,3.0,268.0,0.0,0.0,0.16791044776119404
27.0,7.0,10.0,0.1,0.1,0.4,3.0,250.0,0.0,0.0,0.18
27.0,7.0,11.0,0.1,0.1,0.4,3.0,259.0,0.0,0.0,0.17374517374517376
27.0,7.0,12.0,0.1,0.1,0.4,3.0,250.0,0.0,0.0,0.176
27.0,7.0,13.0,0.1,0.1,0.4,3.0,257.0,0.0,0.0,0.17120622568093385
27.0,7.0,14.0,0.1,0.1,0.4,3.0,241.0,0.0,0.0,0.1825726141078838
27.0,7.0,15.0,0.1,0.1,0.4,3.0,248.0,0.0,0.0,0.1774193548387097
27.0,7.0,16.0,0.1,0.1,0.4,3.0,240.0,0.0,0.0,0.18333333333333332
27.0,7.0,17.0,0.1,0.1,0.4,3.0,248.0,0.0,0.0,0.1774193548387097
27.0,7.0,18.0,0.1,0.1,0.4,3.0,240.0,0.0,0.0,0.18333333333333332
27.0,7.0,19.0,0.1,0.1,0.4,3.0,248.0,0.0,0.0,0.1774193548387097
27.0,7.0,20.0,0.1,0.1,0.4,3.0,498.0,0.0,0.0,0.08835341365461848
27.0,7.0,21.0,0.1,0.1,0.4,3.0,455.0,0.0,0.0,0.08571428571428572
27.0,7.0,22.0,0.1,0.1,0.4,3.0,419.0,0.0,0.0,0.0883054892601432
27.0,7.0,23.0,0.1,0.1,0.4,3.0,432.0,0.0,0.0,0.08564814814814815
27.0,7.0,24.0,0.1,0.1,0.4,3.0,402.0,0.0,0.0,0.09203980099502487
27.0,7.0,25.0,0.1,0.1,0.4,3.0,415.0,0.0,0.0,0.0891566265060241
27.0,7.0,26.0,0.1,0.1,0.4,3.0,402.0,0.0,0.0,0.08955223880597014
27.0,7.0,27.0,0.1,0.1,0.4,3.0,416.0,0.0,0.0,0.08413461538461539
27.0,7.0,28.0,0.1,0.1,0.4,3.0,394.0,0.0,0.0,0.08883248730964467
27.0,7.0,29.0,0.1,0.1,0.4,3.0,368.0,0.0,0.0,0.08967391304347826
27.0,7.0,30.0,0.1,0.1,0.4,3.0,338.0,0.0,0.0,0.09763313609467456
27.0,7.0,31.0,0.1,0.1,0.4,3.0,349.0,0.0,0.0,0.09455587392550144
27.0,7.0,32.0,0.1,0.1,0.4,3.0,316.0,0.0,0.0,0.10443037974683544
27.0,7.0,33.0,0.1,0.1,0.4,3.0,327.0,0.0,0.0,0.10091743119266056
27.0,7.0,34.0,0.1,0.1,0.4,3.0,302.0,0.0,0.0,0.10927152317880795
27.0,7.0,35.0,0.1,0.1,0.4,3.0,303.0,0.0,0.0,0.10561056105610561
27.0,7.0,36.0,0.1,0.1,0.4,3.0,284.0,0.0,0.0,0.11267605633802817
27.0,7.0,37.0,0.1,0.1,0.4,3.0,278.0,0.0,0.0,0.11510791366906475
27.0,7.0,38.0,0.1,0.1,0.4,3.0,268.0,0.0,0.0,0.10820895522388059
27.0,7.0,39.0,0.1,0.1,0.4,3.0,261.0,0.0,0.0,0.10727969348659004
27.0,7.0,40.0,0.1,0.1,0.4,3.0,257.0,0.0,0.0,0.10894941634241245
27.0,7.0,41.0,0.1,0.1,0.4,3.0,252.0,0.0,0.0,0.10317460317460317
27.0,7.0,42.0,0.1,0.1,0.4,3.0,241.0,0.0,0.0,0.1037344398340249
27.0,7.0,43.0,0.1,0.1,0.4,3.0,242.0,0.0,0.0,0.10330578512396695
27.0,7.0,44.0,0.1,0.1,0.4,3.0,241.0,0.0,0.0,0.1037344398340249
27.0,7.0,45.0,0.1,0.1,0.4,3.0,241.0,0.0,0.0,0.14937759336099585
27.0,7.0,46.0,0.1,0.1,0.4,3.0,241.0,0.0,0.0,0.15352697095435686
27.0,7.0,47.0,0.1,0.1,0.4,3.0,239.0,0.0,0.0,0.1506276150627615
27.0,7.0,48.0,0.1,0.1,0.4,3.0,235.0,0.0,0.0,0.15319148936170213
27.0,7.0,49.0,0.1,0.1,0.4,3.0,228.0,0.0,0.0,0.14912280701754385
27.0,7.0,50.0,0.1,0.1,0.4,3.0,221.0,0.0,0.0,0.1493212669683258
27.0,7.0,51.0,0.1,0.1,0.4,3.0,215.0,0.0,0.0,0.14883720930232558
27.0,7.0,52.0,0.1,0.1,0.4,3.0,220.0,0.0,0.0,0.15
27.0,8.0,1.0,0.1,0.1,0.4,3.0,209.0,0.0,0.0,0.15311004784688995
27.0,8.0,2.0,0.1,0.1,0.4,3.0,216.0,0.0,0.0,0.1527777777777778
27.0,8.0,3.0,0.1,0.1,0.4,3.0,209.0,0.0,0.0,0.15311004784688995
27.0,8.0,4.0,0.1,0.1,0.4,3.0,212.0,0.0,0.0,0.1509433962264151
27.0,8.0,5.0,0.1,0.1,0.4,3.0,205.0,0.0,0.0,0.15121951219512195
27.0,8.0,6.0,0.1,0.1,0.4,3.0,212.0,0.0,0.0,0.1509433962264151
27.0,8.0,7.0,0.1,0.1,0.4,3.0,202.0,0.0,0.0,0.15346534653465346
27.0,8.0,8.0,0.1,0.1,0.4,3.0,209.0,0.0,0.0,0.15311004784688995
27.0,8.0,9.0,0.1,0.1,0.4,3.0,203.0,0.0,0.0,0.15270935960591134
27.0,8.0,10.0,0.1,0.1,0.4,3.0,205.0,0.0,0.0,0.15609756097560976
27.0,8.0,11.0,0.1,0.1,0.4,3.0,201.0,0.0,0.0,0.15422885572139303
27.0,8.0,12.0,0.1,0.1,0.4,3.0,204.0,0.0,0.0,0.15196078431372548
27.0,8.0,13.0,0.1,0.1,0.4,3.0,199.0,0.0,0.0,0.1507537688442211
27.0,8.0,14.0,0.1,0.1,0.4,3.0,204.0,0.0,0.0,0.15196078431372548
27.0,8.0,15.0,0.1,0.1,0.4,3.0,198.0,0.0,0.0,0.15151515151515152
27.0,8.0,16.0,0.1,0.1,0.4,3.0,202.0,0.0,0.0,0.1485148514851485
27.0,8.0,17.0,0.1,0.1,0.4,3.0,196.0,0.0,0.0,0.14795918367346939
27.0,8.0,18.0,0.1,0.1,0.4,3.0,194.0,0.0,0.0,0.14432989690721648
27.0,8.0,19.0,0.1,0.1,0.4,3.0,188.0,0.0,0.0,0.14361702127659576
27.0,8.0,20.0,0.1,0.1,0.4,3.0,336.0,0.0,0.0,0.08333333333333333
27.0,8.0,21.0,0.1,0.1,0.4,3.0,332.0,0.0,0.0,0.08132530120481928
27.0,8.0,22.0,0.1,0.1,0.4,3.0,325.0,0.0,0.0,0.08307692307692308
27.0,8.0,23.0,0.1,0.1,0.4,3.0,309.0,0.0,0.0,0.08090614886731391
27.0,8.0,24.0,0.1,0.1,0.4,3.0,269.0,0.0,0.0,0.09665427509293681
27.0,8.0,25.0,0.1,0.1,0.4,3.0,275.0,0.0,0.0,0.09090909090909091
27.0,8.0,26.0,0.1,0.1,0.4,3.0,269.0,0.0,0.0,0.09665427509293681
27.0,8.0,27.0,0.1,0.1,0.4,3.0,275.0,0.0,0.0,0.09090909090909091
27.0,8.0,28.0,0.1,0.1,0.4,3.0,269.0,0.0,0.0,0.09665427509293681
27.0,8.0,29.0,0.1,0.1,0.4,3.0,266.0,0.0,0.0,0.09398496240601503
27.0,8.0,30.0,0.1,0.1,0.4,3.0,260.0,0.0,0.0,0.1
27.0,8.0,31.0,0.1,0.1,0.4,3.0,252.0,0.0,0.0,0.0992063492063492
27.0,8.0,32.0,0.1,0.1,0.4,3.0,246.0,0.0,0.0,0.10569105691056911
27.0,8.0,33.0,0.1,0.1,0.4,3.0,242.0,0.0,0.0,0.10330578512396695
27.0,8.0,34.0,0.1,0.1,0.4,3.0,236.0,0.0,0.0,0.11016949152542373
27.0,8.0,35.0,0.1,0.1,0.4,3.0,231.0,0.0,0.0,0.10822510822510822
27.0,8.0,36.0,0.1,0.1,0.4,3.0,236.0,0.0,0.0,0.11016949152542373
27.0,8.0,37.0,0.1,0.1,0.4,3.0,231.0,0.0,0.0,0.10822510822510822
27.0,8.0,38.0,0.1,0.1,0.4,3.0,236.0,0.0,0.0,0.11016949152542373
27.0,8.0,39.0,0.1,0.1,0.4,3.0,222.0,0.0,0.0,0.11261261261261261
27.0,8.0,40.0,0.1,0.1,0.4,3.0,227.0,0.0,0.0,0.1145374449339207
27.0,8.0,41.0,0.1,0.1,0.4,3.0,222.0,0.0,0.0,0.11261261261261261
27.0,8.0,42.0,0.1,0.1,0.4,3.0,224.0,0.0,0.0,0.11607142857142858
27.0,8.0,43.0,0.1,0.1,0.4,3.0,220.0,0.0,0.0,0.11363636363636363
27.0,8.0,44.0,0.1,0.1,0.4,3.0,221.0,0.0,0.0,0.11764705882352941
27.0,8.0,45.0,0.1,0.1,0.4,3.0,217.0,0.0,0.0,0.22119815668202766
27.0,8.0,46.0,0.1,0.1,0.4,3.0,217.0,0.0,0.0,0.22580645161290322
27.0,8.0,47.0,0.1,0.1,0.4,3.0,215.0,0.0,0.0,0.22325581395348837
27.0,8.0,48.0,0.1,0.1,0.4,3.0,217.0,0.0,0.0,0.22580645161290322
27.0,8.0,49.0,0.1,0.1,0.4,3.0,215.0,0.0,0.0,0.22325581395348837
27.0,8.0,50.0,0.1,0.1,0.4,3.0,211.0,0.0,0.0,0.23222748815165878
27.0,8.0,51.0,0.1,0.1,0.4,3.0,212.0,0.0,0.0,0.22641509433962265
27.0,8.0,52.0,0.1,0.1,0.4,3.0,210.0,0.0,0.0,0.23333333333333334
27.0,9.0,1.0,0.1,0.1,0.4,3.0,211.0,0.0,0.0,0.22748815165876776
27.0,9.0,2.0,0.1,0.1,0.4,3.0,211.0,0.0,0.0,0.23222748815165878
27.0,9.0,3.0,0.1,0.1,0.4,3.0,210.0,0.0,0.0,0.22857142857142856
27.0,9.0,4.0,0.1,0.1,0.4,3.0,210.0,0.0,0.0,0.23333333333333334
27.0,9.0,5.0,0.1,0.1,0.4,3.0,199.0,0.0,0.0,0.23115577889447236
27.0,9.0,6.0,0.1,0.1,0.4,3.0,200.0,0.0,0.0,0.235
27.0,9.0,7.0,0.1,0.1,0.4,3.0,199.0,0.0,0.0,0.23115577889447236
27.0,9.0,8.0,0.1,0.1,0.4,3.0,200.0,0.0,0.0,0.235
27.0,9.0,9.0,0.1,0.1,0.4,3.0,198.0,0.0,0.0,0.23232323232323232
27.0,9.0,10.0,0.1,0.1,0.4,3.0,199.0,0.0,0.0,0.23618090452261306
27.0,9.0,11.0,0.1,0.1,0.4,3.0,198.0,0.0,0.0,0.23232323232323232
27.0,9.0,12.0,0.1,0.1,0.4,3.0,197.0,0.0,0.0,0.23857868020304568
27.0,9.0,13.0,0.1,0.1,0.4,3.0,197.0,0.0,0.0,0.233502538071066
27.0,9.0,14.0,0.1,0.1,0.4,3.0,196.0,0.0,0.0,0.23979591836734693
27.0,9.0,15.0,0.1,0.1,0.4,3.0,196.0,0.0,0.0,0.23469387755102042
27.0,9.0,16.0,0.1,0.1,0.4,3.0,196.0,0.0,0.0,0.23979591836734693
27.0,9.0,17.0,0.1,0.1,0.4,3.0,188.0,0.0,0.0,0.24468085106382978
27.0,9.0,18.0,0.1,0.1,0.4,3.0,194.0,0.0,0.0,0.2422680412371134
27.0,9.0,19.0,0.1,0.1,0.4,3.0,188.0,0.0,0.0,0.24468085106382978
27.0,9.0,20.0,0.1,0.1,0.4,3.0,316.0,0.0,0.0,0.11392405063291139
27.0,9.0,21.0,0.1,0.1,0.4,3.0,294.0,0.0,0.0,0.11904761904761904
27.0,9.0,22.0,0.1,0.1,0.4,3.0,285.0,0.0,0.0,0.12631578947368421
27.0,9.0,23.0,0.1,0.1,0.4,3.0,271.0,0.0,0.0,0.12915129151291513
27.0,9.0,24.0,0.1,0.1,0.4,3.0,286.0,0.0,0.0,0.1258741258741259
27.0,9.0,25.0,0.1,0.1,0.4,3.0,260.0,0.0,0.0,0.12692307692307692
27.0,9.0,26.0,0.1,0.1,0.4,3.0,266.0,0.0,0.0,0.12406015037593984
27.0,9.0,27.0,0.1,0.1,0.4,3.0,260.0,0.0,0.0,0.12692307692307692
27.0,9.0,28.0,0.1,0.1,0.4,3.0,266.0,0.0,0.0,0.12406015037593984
27.0,9.0,29.0,0.1,0.1,0.4,3.0,251.0,0.0,0.0,0.12749003984063745
27.0,9.0,30.0,0.1,0.1,0.4,3.0,246.0,0.0,0.0,0.12601626016260162
27.0,9.0,31.0,0.1,0.1,0.4,3.0,240.0,0.0,0.0,0.12916666666666668
27.0,9.0,32.0,0.1,0.1,0.4,3.0,236.0,0.0,0.0,0.11864406779661017
27.0,9.0,33.0,0.1,0.1,0.4,3.0,230.0,0.0,0.0,0.12173913043478261
27.0,9.0,34.0,0.1,0.1,0.4,3.0,225.0,0.0,0.0,0.12444444444444444
27.0,9.0,35.0,0.1,0.1,0.4,3.0,219.0,0.0,0.0,0.1278538812785388
27.0,9.0,36.0,0.1,0.1,0.4,3.0,225.0,0.0,0.0,0.12444444444444444
27.0,9.0,37.0,0.1,0.1,0.4,3.0,200.0,0.0,0.0,0.14
27.0,9.0,38.0,0.1,0.1,0.4,3.0,206.0,0.0,0.0,0.13592233009708737
27.0,9.0,39.0,0.1,0.1,0.4,3.0,200.0,0.0,0.0,0.14
27.0,9.0,40.0,0.1,0.1,0.4,3.0,206.0,0.0,0.0,0.13592233009708737
27.0,9.0,41.0,0.1,0.1,0.4,3.0,200.0,0.0,0.0,0.14
27.0,9.0,42.0,0.1,0.1,0.4,3.0,190.0,0.0,0.0,0.14210526315789473
27.0,9.0,43.0,0.1,0.1,0.4,3.0,182.0,0.0,0.0,0.14835164835164835
27.0,9.0,44.0,0.1,0.1,0.4,3.0,179.0,0.0,0.0,0.15083798882681565
27.0,9.0,45.0,0.1,0.1,0.4,3.0,173.0,0.0,0.0,0.23699421965317918
27.0,9.0,46.0,0.1,0.1,0.4,3.0,179.0,0.0,0.0,0.2346368715083799
27.0,9.0,47.0,0.1,0.1,0.4,3.0,173.0,0.0,0.0,0.23699421965317918
27.0,9.0,48.0,0.1,0.1,0.4,3.0,179.0,0.0,0.0,0.2346368715083799
27.0,9.0,49.0,0.1,0.1,0.4,3.0,173.0,0.0,0.0,0.23699421965317918
27.0,9.0,50.0,0.1,0.1,0.4,3.0,179.0,0.0,0.0,0.2346368715083799
27.0,9.0,51.0,0.1,0.1,0.4,3.0,173.0,0.0,0.0,0.23699421965317918
27.0,9.0,52.0,0.1,0.1,0.4,3.0,179.0,0.0,0.0,0.2346368715083799
27.0,10.0,1.0,0.1,0.1,0.4,3.0,173.0,0.0,0.0,0.23699421965317918
27.0,10.0,2.0,0.1,0.1,0.4,3.0,179.0,0.0,0.0,0.2346368715083799
27.0,10.0,3.0,0.1,0.1,0.4,3.0,173.0,0.0,0.0,0.23699421965317918
27.0,10.0,4.0,0.1,0.1,0.4,3.0,179.0,0.0,0.0,0.2346368715083799
27.0,10.0,5.0,0.1,0.1,0.4,3.0,173.0,0.0,0.0,0.23699421965317918
27.0,10.0,6.0,0.1,0.1,0.4,3.0,179.0,0.0,0.0,0.2346368715083799
27.0,10.0,7.0,0.1,0.1,0.4,3.0,173.0,0.0,0.0,0.23699421965317918
27.0,10.0,8.0,0.1,0.1,0.4,3.0,179.0,0.0,0.0,0.2346368715083799
27.0,10.0,9.0,0.1,0.1,0.4,3.0,174.0,0.0,0.0,0.23563218390804597
27.0,10.0,10.0,0.1,0.1,0.4,3.0,172.0,0.0,0.0,0.23837209302325582
27.0,10.0,11.0,0.1,0.1,0.4,3.0,165.0,0.0,0.0,0.24242424242424243
27.0,10.0,12.0,0.1,0.1,0.4,3.0,169.0,0.0,0.0,0.24260355029585798
27.0,10.0,13.0,0.1,0.1,0.4,3.0,165.0,0.0,0.0,0.24242424242424243
27.0,10.0,14.0,0.1,0.1,0.4,3.0,169.0,0.0,0.0,0.24260355029585798
27.0,10.0,15.0,0.1,0.1,0.4,3.0,164.0,0.0,0.0,0.23780487804878048
27.0,10.0,16.0,0.1,0.1,0.4,3.0,167.0,0.0,0.0,0.23952095808383234
27.0,10.0,17.0,0.1,0.1,0.4,3.0,163.0,0.0,0.0,0.2392638036809816
27.0,10.0,18.0,0.1,0.1,0.4,3.0,167.0,0.0,0.0,0.23952095808383234
27.0,10.0,19.0,0.1,0.1,0.4,3.0,163.0,0.0,0.0,0.2392638036809816
27.0,10.0,20.0,0.1,0.1,0.4,3.0,302.0,0.0,0.0,0.11589403973509933
27.0,10.0,21.0,0.1,0.1,0.4,3.0,283.0,0.0,0.0,0.1166077738515901
27.0,10.0,22.0,0.1,0.1,0.4,3.0,292.0,0.0,0.0,0.11301369863013698
27.0,10.0,23.0,0.1,0.1,0.4,3.0,283.0,0.0,0.0,0.1166077738515901
27.0,10.0,24.0,0.1,0.1,0.4,3.0,292.0,0.0,0.0,0.11301369863013698
27.0,10.0,25.0,0.1,0.1,0.4,3.0,255.0,0.0,0.0,0.12549019607843137
27.0,10.0,26.0,0.1,0.1,0.4,3.0,264.0,0.0,0.0,0.12121212121212122
27.0,10.0,27.0,0.1,0.1,0.4,3.0,255.0,0.0,0.0,0.12549019607843137
27.0,10.0,28.0,0.1,0.1,0.4,3.0,264.0,0.0,0.0,0.12121212121212122
27.0,10.0,29.0,0.1,0.1,0.4,3.0,255.0,0.0,0.0,0.12549019607843137
27.0,10.0,30.0,0.1,0.1,0.4,3.0,252.0,0.0,0.0,0.12301587301587301
27.0,10.0,31.0,0.1,0.1,0.4,3.0,255.0,0.0,0.0,0.12549019607843137
27.0,10.0,32.0,0.1,0.1,0.4,3.0,243.0,0.0,0.0,0.12757201646090535
27.0,10.0,33.0,0.1,0.1,0.4,3.0,246.0,0.0,0.0,0.13008130081300814
27.0,10.0,34.0,0.1,0.1,0.4,3.0,234.0,0.0,0.0,0.12393162393162394
27.0,10.0,35.0,0.1,0.1,0.4,3.0,237.0,0.0,0.0,0.12658227848101267
27.0,10.0,36.0,0.1,0.1,0.4,3.0,234.0,0.0,0.0,0.12393162393162394
27.0,10.0,37.0,0.1,0.1,0.4,3.0,237.0,0.0,0.0,0.12658227848101267
27.0,10.0,38.0,0.1,0.1,0.4,3.0,224.0,0.0,0.0,0.12946428571428573
27.0,10.0,39.0,0.1,0.1,0.4,3.0,227.0,0.0,0.0,0.13215859030837004
27.0,10.0,40.0,0.1,0.1,0.4,3.0,214.0,0.0,0.0,0.1308411214953271
27.0,10.0,41.0,0.1,0.1,0.4,3.0,217.0,0.0,0.0,0.1336405529953917
27.0,10.0,42.0,0.1,0.1,0.4,3.0,213.0,0.0,0.0,0.13145539906103287
27.0,10.0,43.0,0.1,0.1,0.4,3.0,215.0,0.0,0.0,0.13488372093023257
27.0,10.0,44.0,0.1,0.1,0.4,3.0,200.0,0.0,0.0,0.135
27.0,10.0,45.0,0.1,0.1,0.4,3.0,195.0,0.0,0.0,0.2205128205128205
27.0,10.0,46.0,0.1,0.1,0.4,3.0,192.0,0.0,0.0,0.21875
27.0,10.0,47.0,0.1,0.1,0.4,3.0,195.0,0.0,0.0,0.2205128205128205
27.0,10.0,48.0,0.1,0.1,0.4,3.0,192.0,0.0,0.0,0.21875
27.0,10.0,49.0,0.1,0.1,0.4,3.0,178.0,0.0,0.0,0.2247191011235955
27.0,10.0,50.0,0.1,0.1,0.4,3.0,175.0,0.0,0.0,0.22285714285714286
27.0,10.0,51.0,0.1,0.1,0.4,3.0,178.0,0.0,0.0,0.2247191011235955
27.0,10.0,52.0,0.1,0.1,0.4,3.0,175.0,0.0,0.0,0.22285714285714286
28.0,1.0,1.0,0.1,0.1,0.4,3.0,5122.0,53.0,6.0,0.09195626708317063
28.0,1.0,2.0,0.1,0.1,0.4,3.0,4973.0,56.0,15.0,0.09209732555801327
28.0,1.0,3.0,0.1,0.1,0.4,3.0,4800.0,68.0,31.0,0.0925
28.0,1.0,4.0,0.1,0.1,0.4,3.0,4594.0,101.0,42.0,0.09272964736612974
28.0,1.0,5.0,0.1,0.1,0.4,3.0,4506.0,124.0,44.0,0.09476253883710609
28.0,1.0,6.0,0.1,0.1,0.4,3.0,4289.0,127.0,42.0,0.09722546048029844
28.0,1.0,7.0,0.1,0.1,0.4,3.0,4071.0,148.0,43.0,0.09874723655121592
28.0,1.0,8.0,0.1,0.1,0.4,3.0,3883.0,180.0,64.0,0.09940767447849601
28.0,1.0,9.0,0.1,0.1,0.4,3.0,3565.0,200.0,76.0,0.09957924263674614
28.0,1.0,10.0,0.1,0.1,0.4,3.0,3450.0,244.0,84.0,0.09797101449275362
28.0,1.0,11.0,0.1,0.1,0.4,3.0,3294.0,254.0,96.0,0.0989678202792957
28.0,1.0,12.0,0.1,0.1,0.4,3.0,3192.0,256.0,110.0,0.10025062656641603
28.0,1.0,13.0,0.1,0.1,0.4,3.0,3041.0,269.0,140.0,0.09996711608023677
28.0,1.0,14.0,0.1,0.1,0.4,3.0,2902.0,266.0,132.0,0.10062026188835287
28.0,1.0,15.0,0.1,0.1,0.4,3.0,2772.0,258.0,131.0,0.10497835497835498
28.0,1.0,16.0,0.1,0.1,0.4,3.0,2608.0,235.0,110.0,0.10237730061349694
28.0,1.0,17.0,0.1,0.1,0.4,3.0,2518.0,244.0,123.0,0.10762509928514694
28.0,1.0,18.0,0.1,0.1,0.4,3.0,2463.0,232.0,113.0,0.10799837596427121
28.0,1.0,19.0,0.1,0.1,0.4,3.0,2368.0,229.0,104.0,0.11106418918918919
28.0,1.0,20.0,0.1,0.1,0.4,3.0,6379.0,200.0,99.0,0.040288446464963164
28.0,1.0,21.0,0.1,0.1,0.4,3.0,5746.0,281.0,104.0,0.04263835711799513
28.0,1.0,22.0,0.1,0.1,0.4,3.0,5344.0,345.0,120.0,0.0437874251497006
28.0,1.0,23.0,0.1,0.1,0.4,3.0,4831.0,351.0,117.0,0.04595321879528048
28.0,1.0,24.0,0.1,0.1,0.4,3.0,4436.0,390.0,141.0,0.047565374211000905
28.0,1.0,25.0,0.1,0.1,0.4,3.0,4021.0,390.0,144.0,0.050484953991544394
28.0,1.0,26.0,0.1,0.1,0.4,3.0,3720.0,433.0,176.0,0.0521505376344086
28.0,1.0,27.0,0.1,0.1,0.4,3.0,3492.0,456.0,193.0,0.053837342497136315
28.0,1.0,28.0,0.1,0.1,0.4,3.0,3201.0,476.0,195.0,0.054982817869415807
28.0,1.0,29.0,0.1,0.1,0.4,3.0,2959.0,470.0,190.0,0.05812774586008787
28.0,1.0,30.0,0.1,0.1,0.4,3.0,2798.0,441.0,183.0,0.06111508220157255
28.0,1.0,31.0,0.1,0.1,0.4,3.0,2520.0,434.0,185.0,0.0626984126984127
28.0,1.0,32.0,0.1,0.1,0.4,3.0,2288.0,421.0,192.0,0.06818181818181818
28.0,1.0,33.0,0.1,0.1,0.4,3.0,2099.0,406.0,195.0,0.07050976655550262
28.0,1.0,34.0,0.1,0.1,0.4,3.0,1942.0,359.0,181.0,0.0756951596292482
28.0,1.0,35.0,0.1,0.1,0.4,3.0,1744.0,331.0,161.0,0.08142201834862385
28.0,1.0,36.0,0.1,0.1,0.4,3.0,1631.0,290.0,146.0,0.08583690987124463
28.0,1.0,37.0,0.1,0.1,0.4,3.0,1490.0,267.0,137.0,0.08859060402684564
28.0,1.0,38.0,0.1,0.1,0.4,3.0,1385.0,236.0,124.0,0.09241877256317689
28.0,1.0,39.0,0.1,0.1,0.4,3.0,1263.0,203.0,105.0,0.09501187648456057
28.0,1.0,40.0,0.1,0.1,0.4,3.0,1171.0,186.0,86.0,0.10247651579846286
28.0,1.0,41.0,0.1,0.1,0.4,3.0,1114.0,173.0,81.0,0.1059245960502693
28.0,1.0,42.0,0.1,0.1,0.4,3.0,1030.0,148.0,79.0,0.11359223300970873
28.0,1.0,43.0,0.1,0.1,0.4,3.0,965.0,135.0,84.0,0.11606217616580311
28.0,1.0,44.0,0.1,0.1,0.4,3.0,916.0,122.0,67.0,0.12008733624454149
28.0,1.0,45.0,0.1,0.1,0.4,3.0,861.0,107.0,54.0,0.19279907084785133
28.0,1.0,46.0,0.1,0.1,0.4,3.0,810.0,83.0,42.0,0.20246913580246914
28.0,1.0,47.0,0.1,0.1,0.4,3.0,791.0,79.0,43.0,0.20480404551201012
28.0,1.0,48.0,0.1,0.1,0.4,3.0,772.0,70.0,46.0,0.20466321243523317
28.0,1.0,49.0,0.1,0.1,0.4,3.0,742.0,59.0,34.0,0.20889487870619947
28.0,1.0,50.0,0.1,0.1,0.4,3.0,719.0,58.0,29.0,0.21279554937413073
28.0,1.0,51.0,0.1,0.1,0.4,3.0,707.0,47.0,21.0,0.21074964639321075
28.0,1.0,52.0,0.1,0.1,0.4,3.0,669.0,42.0,21.0,0.21973094170403587
28.0,2.0,1.0,0.1,0.1,0.4,3.0,661.0,42.0,22.0,0.2178517397881997
28.0,2.0,2.0,0.1,0.1,0.4,3.0,636.0,45.0,22.0,0.22641509433962265
28.0,2.0,3.0,0.1,0.1,0.4,3.0,617.0,38.0,19.0,0.22852512155591573
28.0,2.0,4.0,0.1,0.1,0.4,3.0,598.0,36.0,21.0,0.23244147157190637
28.0,2.0,5.0,0.1,0.1,0.4,3.0,601.0,31.0,17.0,0.23128119800332778
28.0,2.0,6.0,0.1,0.1,0.4,3.0,579.0,27.0,13.0,0.23661485319516407
28.0,2.0,7.0,0.1,0.1,0.4,3.0,579.0,24.0,12.0,0.23488773747841105
28.0,2.0,8.0,0.1,0.1,0.4,3.0,561.0,24.0,13.0,0.23885918003565063
28.0,2.0,9.0,0.1,0.1,0.4,3.0,563.0,25.0,11.0,0.23978685612788633
28.0,2.0,10.0,0.1,0.1,0.4,3.0,543.0,22.0,12.0,0.2430939226519337
28.0,2.0,11.0,0.1,0.1,0.4,3.0,539.0,18.0,12.0,0.24304267161410018
28.0,2.0,12.0,0.1,0.1,0.4,3.0,519.0,16.0,11.0,0.2504816955684008
28.0,2.0,13.0,0.1,0.1,0.4,3.0,527.0,15.0,9.0,0.24667931688804554
28.0,2.0,14.0,0.1,0.1,0.4,3.0,503.0,12.0,8.0,0.2544731610337972
28.0,2.0,15.0,0.1,0.1,0.4,3.0,507.0,11.0,7.0,0.252465483234714
28.0,2.0,16.0,0.1,0.1,0.4,3.0,493.0,10.0,6.0,0.25760649087221094
28.0,2.0,17.0,0.1,0.1,0.4,3.0,490.0,6.0,3.0,0.25510204081632654
28.0,2.0,18.0,0.1,0.1,0.4,3.0,471.0,5.0,3.0,0.2632696390658174
28.0,2.0,19.0,0.1,0.1,0.4,3.0,479.0,5.0,2.0,0.25052192066805845
28.0,2.0,20.0,0.1,0.1,0.4,3.0,831.0,5.0,1.0,0.1444043321299639
28.0,2.0,21.0,0.1,0.1,0.4,3.0,812.0,4.0,2.0,0.14532019704433496
28.0,2.0,22.0,0.1,0.1,0.4,3.0,751.0,4.0,4.0,0.15579227696404793
28.0,2.0,23.0,0.1,0.1,0.4,3.0,761.0,4.0,4.0,0.15111695137976347
28.0,2.0,24.0,0.1,0.1,0.4,3.0,713.0,3.0,2.0,0.15427769985974754
28.0,2.0,25.0,0.1,0.1,0.4,3.0,667.0,1.0,0.0,0.15892053973013492
28.0,2.0,26.0,0.1,0.1,0.4,3.0,660.0,1.0,0.0,0.1606060606060606
28.0,2.0,27.0,0.1,0.1,0.4,3.0,618.0,1.0,1.0,0.16990291262135923
28.0,2.0,28.0,0.1,0.1,0.4,3.0,606.0,1.0,1.0,0.1716171617161716
28.0,2.0,29.0,0.1,0.1,0.4,3.0,575.0,1.0,1.0,0.17391304347826086
28.0,2.0,30.0,0.1,0.1,0.4,3.0,560.0,0.0,0.0,0.16964285714285715
28.0,2.0,31.0,0.1,0.1,0.4,3.0,541.0,0.0,0.0,0.1756007393715342
28.0,2.0,32.0,0.1,0.1,0.4,3.0,532.0,0.0,0.0,0.17481203007518797
28.0,2.0,33.0,0.1,0.1,0.4,3.0,524.0,0.0,0.0,0.1736641221374046
28.0,2.0,34.0,0.1,0.1,0.4,3.0,507.0,0.0,0.0,0.17751479289940827
28.0,2.0,35.0,0.1,0.1,0.4,3.0,489.0,0.0,0.0,0.17791411042944785
28.0,2.0,36.0,0.1,0.1,0.4,3.0,481.0,0.0,0.0,0.17671517671517672
28.0,2.0,37.0,0.1,0.1,0.4,3.0,473.0,0.0,0.0,0.17970401691331925
28.0,2.0,38.0,0.1,0.1,0.4,3.0,466.0,0.0,0.0,0.1759656652360515
28.0,2.0,39.0,0.1,0.1,0.4,3.0,467.0,0.0,0.0,0.17558886509635974
28.0,2.0,40.0,0.1,0.1,0.4,3.0,460.0,0.0,0.0,0.1782608695652174
28.0,2.0,41.0,0.1,0.1,0.4,3.0,453.0,0.0,0.0,0.17660044150110377
28.0,2.0,42.0,0.1,0.1,0.4,3.0,441.0,0.0,0.0,0.18140589569160998
28.0,2.0,43.0,0.1,0.1,0.4,3.0,438.0,0.0,0.0,0.182648401826484
28.0,2.0,44.0,0.1,0.1,0.4,3.0,436.0,0.0,0.0,0.1834862385321101
28.0,2.0,45.0,0.1,0.1,0.4,3.0,424.0,0.0,0.0,0.2617924528301887
28.0,2.0,46.0,0.1,0.1,0.4,3.0,421.0,0.0,0.0,0.26365795724465557
28.0,2.0,47.0,0.1,0.1,0.4,3.0,421.0,0.0,0.0,0.26128266033254155
28.0,2.0,48.0,0.1,0.1,0.4,3.0,416.0,0.0,0.0,0.2644230769230769
28.0,2.0,49.0,0.1,0.1,0.4,3.0,410.0,0.0,0.0,0.26097560975609757
28.0,2.0,50.0,0.1,0.1,0.4,3.0,392.0,0.0,0.0,0.25510204081632654
28.0,2.0,51.0,0.1,0.1,0.4,3.0,393.0,0.0,0.0,0.2544529262086514
28.0,2.0,52.0,0.1,0.1,0.4,3.0,387.0,0.0,0.0,0.2532299741602067
28.0,3.0,1.0,0.1,0.1,0.4,3.0,388.0,0.0,0.0,0.2551546391752577
28.0,3.0,2.0,0.1,0.1,0.4,3.0,372.0,0.0,0.0,0.24731182795698925
28.0,3.0,3.0,0.1,0.1,0.4,3.0,374.0,0.0,0.0,0.24866310160427807
28.0,3.0,4.0,0.1,0.1,0.4,3.0,369.0,0.0,0.0,0.24932249322493225
28.0,3.0,5.0,0.1,0.1,0.4,3.0,374.0,0.0,0.0,0.24866310160427807
28.0,3.0,6.0,0.1,0.1,0.4,3.0,365.0,0.0,0.0,0.2465753424657534
28.0,3.0,7.0,0.1,0.1,0.4,3.0,369.0,0.0,0.0,0.24661246612466126
28.0,3.0,8.0,0.1,0.1,0.4,3.0,365.0,0.0,0.0,0.2465753424657534
28.0,3.0,9.0,0.1,0.1,0.4,3.0,364.0,0.0,0.0,0.25
28.0,3.0,10.0,0.1,0.1,0.4,3.0,347.0,0.0,0.0,0.25360230547550433
28.0,3.0,11.0,0.1,0.1,0.4,3.0,351.0,0.0,0.0,0.25071225071225073
28.0,3.0,12.0,0.1,0.1,0.4,3.0,346.0,0.0,0.0,0.2514450867052023
28.0,3.0,13.0,0.1,0.1,0.4,3.0,350.0,0.0,0.0,0.25142857142857145
28.0,3.0,14.0,0.1,0.1,0.4,3.0,343.0,0.0,0.0,0.2536443148688047
28.0,3.0,15.0,0.1,0.1,0.4,3.0,338.0,0.0,0.0,0.2603550295857988
28.0,3.0,16.0,0.1,0.1,0.4,3.0,342.0,0.0,0.0,0.2543859649122807
28.0,3.0,17.0,0.1,0.1,0.4,3.0,337.0,0.0,0.0,0.26112759643916916
28.0,3.0,18.0,0.1,0.1,0.4,3.0,340.0,0.0,0.0,0.25588235294117645
28.0,3.0,19.0,0.1,0.1,0.4,3.0,335.0,0.0,0.0,0.2626865671641791
28.0,3.0,20.0,0.1,0.1,0.4,3.0,691.0,0.0,0.0,0.12301013024602026
28.0,3.0,21.0,0.1,0.1,0.4,3.0,640.0,0.0,0.0,0.128125
28.0,3.0,22.0,0.1,0.1,0.4,3.0,609.0,0.0,0.0,0.1297208538587849
28.0,3.0,23.0,0.1,0.1,0.4,3.0,598.0,0.0,0.0,0.13043478260869565
28.0,3.0,24.0,0.1,0.1,0.4,3.0,569.0,0.0,0.0,0.13532513181019332
28.0,3.0,25.0,0.1,0.1,0.4,3.0,561.0,0.0,0.0,0.13725490196078433
28.0,3.0,26.0,0.1,0.1,0.4,3.0,543.0,0.0,0.0,0.13627992633517497
28.0,3.0,27.0,0.1,0.1,0.4,3.0,529.0,0.0,0.0,0.13799621928166353
28.0,3.0,28.0,0.1,0.1,0.4,3.0,527.0,0.0,0.0,0.13851992409867173
28.0,3.0,29.0,0.1,0.1,0.4,3.0,494.0,0.0,0.0,0.1417004048582996
28.0,3.0,30.0,0.1,0.1,0.4,3.0,483.0,0.0,0.0,0.14285714285714285
28.0,3.0,31.0,0.1,0.1,0.4,3.0,465.0,0.0,0.0,0.14408602150537633
28.0,3.0,32.0,0.1,0.1,0.4,3.0,460.0,0.0,0.0,0.14565217391304347
28.0,3.0,33.0,0.1,0.1,0.4,3.0,461.0,0.0,0.0,0.14316702819956617
28.0,3.0,34.0,0.1,0.1,0.4,3.0,456.0,0.0,0.0,0.14473684210526316
28.0,3.0,35.0,0.1,0.1,0.4,3.0,449.0,0.0,0.0,0.1447661469933185
28.0,3.0,36.0,0.1,0.1,0.4,3.0,447.0,0.0,0.0,0.1476510067114094
28.0,3.0,37.0,0.1,0.1,0.4,3.0,447.0,0.0,0.0,0.14541387024608501
28.0,3.0,38.0,0.1,0.1,0.4,3.0,430.0,0.0,0.0,0.1511627906976744
28.0,3.0,39.0,0.1,0.1,0.4,3.0,425.0,0.0,0.0,0.15058823529411763
28.0,3.0,40.0,0.1,0.1,0.4,3.0,410.0,0.0,0.0,0.14878048780487804
28.0,3.0,41.0,0.1,0.1,0.4,3.0,397.0,0.0,0.0,0.15113350125944586
28.0,3.0,42.0,0.1,0.1,0.4,3.0,380.0,0.0,0.0,0.16052631578947368
28.0,3.0,43.0,0.1,0.1,0.4,3.0,371.0,0.0,0.0,0.16172506738544473
28.0,3.0,44.0,0.1,0.1,0.4,3.0,373.0,0.0,0.0,0.16353887399463807
28.0,3.0,45.0,0.1,0.1,0.4,3.0,368.0,0.0,0.0,0.23097826086956522
28.0,3.0,46.0,0.1,0.1,0.4,3.0,368.0,0.0,0.0,0.23641304347826086
28.0,3.0,47.0,0.1,0.1,0.4,3.0,362.0,0.0,0.0,0.2292817679558011
28.0,3.0,48.0,0.1,0.1,0.4,3.0,358.0,0.0,0.0,0.23743016759776536
28.0,3.0,49.0,0.1,0.1,0.4,3.0,345.0,0.0,0.0,0.23478260869565218
28.0,3.0,50.0,0.1,0.1,0.4,3.0,349.0,0.0,0.0,0.24355300859598855
28.0,3.0,51.0,0.1,0.1,0.4,3.0,345.0,0.0,0.0,0.23478260869565218
28.0,3.0,52.0,0.1,0.1,0.4,3.0,338.0,0.0,0.0,0.2514792899408284
28.0,4.0,1.0,0.1,0.1,0.4,3.0,337.0,0.0,0.0,0.2403560830860534
28.0,4.0,2.0,0.1,0.1,0.4,3.0,335.0,0.0,0.0,0.24776119402985075
28.0,4.0,3.0,0.1,0.1,0.4,3.0,336.0,0.0,0.0,0.23809523809523808
28.0,4.0,4.0,0.1,0.1,0.4,3.0,334.0,0.0,0.0,0.24550898203592814
28.0,4.0,5.0,0.1,0.1,0.4,3.0,335.0,0.0,0.0,0.23880597014925373
28.0,4.0,6.0,0.1,0.1,0.4,3.0,329.0,0.0,0.0,0.24924012158054712
28.0,4.0,7.0,0.1,0.1,0.4,3.0,332.0,0.0,0.0,0.23795180722891565
28.0,4.0,8.0,0.1,0.1,0.4,3.0,326.0,0.0,0.0,0.24846625766871167
28.0,4.0,9.0,0.1,0.1,0.4,3.0,327.0,0.0,0.0,0.23547400611620795
28.0,4.0,10.0,0.1,0.1,0.4,3.0,325.0,0.0,0.0,0.24923076923076923
28.0,4.0,11.0,0.1,0.1,0.4,3.0,324.0,0.0,0.0,0.23765432098765432
28.0,4.0,12.0,0.1,0.1,0.4,3.0,325.0,0.0,0.0,0.24923076923076923
28.0,4.0,13.0,0.1,0.1,0.4,3.0,319.0,0.0,0.0,0.2413793103448276
28.0,4.0,14.0,0.1,0.1,0.4,3.0,319.0,0.0,0.0,0.2476489028213166
28.0,4.0,15.0,0.1,0.1,0.4,3.0,316.0,0.0,0.0,0.24050632911392406
28.0,4.0,16.0,0.1,0.1,0.4,3.0,312.0,0.0,0.0,0.2532051282051282
28.0,4.0,17.0,0.1,0.1,0.4,3.0,312.0,0.0,0.0,0.23717948717948717
28.0,4.0,18.0,0.1,0.1,0.4,3.0,310.0,0.0,0.0,0.24838709677419354
28.0,4.0,19.0,0.1,0.1,0.4,3.0,310.0,0.0,0.0,0.23870967741935484
28.0,4.0,20.0,0.1,0.1,0.4,3.0,604.0,0.0,0.0,0.12748344370860928
28.0,4.0,21.0,0.1,0.1,0.4,3.0,618.0,0.0,0.0,0.11974110032362459
28.0,4.0,22.0,0.1,0.1,0.4,3.0,576.0,0.0,0.0,0.13194444444444445
28.0,4.0,23.0,0.1,0.1,0.4,3.0,556.0,0.0,0.0,0.13129496402877697
28.0,4.0,24.0,0.1,0.1,0.4,3.0,548.0,0.0,0.0,0.13686131386861314
28.0,4.0,25.0,0.1,0.1,0.4,3.0,479.0,0.0,0.0,0.13987473903966596
28.0,4.0,26.0,0.1,0.1,0.4,3.0,461.0,0.0,0.0,0.15184381778741865
28.0,4.0,27.0,0.1,0.1,0.4,3.0,422.0,0.0,0.0,0.15165876777251186
28.0,4.0,28.0,0.1,0.1,0.4,3.0,420.0,0.0,0.0,0.1595238095238095
28.0,4.0,29.0,0.1,0.1,0.4,3.0,413.0,0.0,0.0,0.1549636803874092
28.0,4.0,30.0,0.1,0.1,0.4,3.0,407.0,0.0,0.0,0.16216216216216217
28.0,4.0,31.0,0.1,0.1,0.4,3.0,400.0,0.0,0.0,0.1575
28.0,4.0,32.0,0.1,0.1,0.4,3.0,414.0,0.0,0.0,0.15942028985507245
28.0,4.0,33.0,0.1,0.1,0.4,3.0,400.0,0.0,0.0,0.1575
28.0,4.0,34.0,0.1,0.1,0.4,3.0,413.0,0.0,0.0,0.15980629539951574
28.0,4.0,35.0,0.1,0.1,0.4,3.0,393.0,0.0,0.0,0.16030534351145037
28.0,4.0,36.0,0.1,0.1,0.4,3.0,397.0,0.0,0.0,0.16624685138539042
28.0,4.0,37.0,0.1,0.1,0.4,3.0,385.0,0.0,0.0,0.16363636363636364
28.0,4.0,38.0,0.1,0.1,0.4,3.0,396.0,0.0,0.0,0.16666666666666666
28.0,4.0,39.0,0.1,0.1,0.4,3.0,386.0,0.0,0.0,0.16321243523316062
28.0,4.0,40.0,0.1,0.1,0.4,3.0,395.0,0.0,0.0,0.1670886075949367
28.0,4.0,41.0,0.1,0.1,0.4,3.0,383.0,0.0,0.0,0.16449086161879894
28.0,4.0,42.0,0.1,0.1,0.4,3.0,392.0,0.0,0.0,0.1683673469387755
28.0,4.0,43.0,0.1,0.1,0.4,3.0,381.0,0.0,0.0,0.16535433070866143
28.0,4.0,44.0,0.1,0.1,0.4,3.0,391.0,0.0,0.0,0.16879795396419436
28.0,4.0,45.0,0.1,0.1,0.4,3.0,380.0,0.0,0.0,0.23684210526315788
28.0,4.0,46.0,0.1,0.1,0.4,3.0,384.0,0.0,0.0,0.24479166666666666
28.0,4.0,47.0,0.1,0.1,0.4,3.0,375.0,0.0,0.0,0.24266666666666667
28.0,4.0,48.0,0.1,0.1,0.4,3.0,375.0,0.0,0.0,0.24533333333333332
28.0,4.0,49.0,0.1,0.1,0.4,3.0,367.0,0.0,0.0,0.24250681198910082
28.0,4.0,50.0,0.1,0.1,0.4,3.0,362.0,0.0,0.0,0.24861878453038674
28.0,4.0,51.0,0.1,0.1,0.4,3.0,351.0,0.0,0.0,0.24786324786324787
28.0,4.0,52.0,0.1,0.1,0.4,3.0,351.0,0.0,0.0,0.2564102564102564
28.0,5.0,1.0,0.1,0.1,0.4,3.0,346.0,0.0,0.0,0.2514450867052023
28.0,5.0,2.0,0.1,0.1,0.4,3.0,349.0,0.0,0.0,0.25501432664756446
28.0,5.0,3.0,0.1,0.1,0.4,3.0,336.0,0.0,0.0,0.25595238095238093
28.0,5.0,4.0,0.1,0.1,0.4,3.0,338.0,0.0,0.0,0.26331360946745563
28.0,5.0,5.0,0.1,0.1,0.4,3.0,330.0,0.0,0.0,0.25757575757575757
28.0,5.0,6.0,0.1,0.1,0.4,3.0,336.0,0.0,0.0,0.2619047619047619
28.0,5.0,7.0,0.1,0.1,0.4,3.0,330.0,0.0,0.0,0.25757575757575757
28.0,5.0,8.0,0.1,0.1,0.4,3.0,335.0,0.0,0.0,0.2626865671641791
28.0,5.0,9.0,0.1,0.1,0.4,3.0,328.0,0.0,0.0,0.25609756097560976
28.0,5.0,10.0,0.1,0.1,0.4,3.0,331.0,0.0,0.0,0.2598187311178248
28.0,5.0,11.0,0.1,0.1,0.4,3.0,324.0,0.0,0.0,0.25308641975308643
28.0,5.0,12.0,0.1,0.1,0.4,3.0,328.0,0.0,0.0,0.2621951219512195
28.0,5.0,13.0,0.1,0.1,0.4,3.0,323.0,0.0,0.0,0.25386996904024767
28.0,5.0,14.0,0.1,0.1,0.4,3.0,327.0,0.0,0.0,0.26299694189602446
28.0,5.0,15.0,0.1,0.1,0.4,3.0,323.0,0.0,0.0,0.25386996904024767
28.0,5.0,16.0,0.1,0.1,0.4,3.0,326.0,0.0,0.0,0.2607361963190184
28.0,5.0,17.0,0.1,0.1,0.4,3.0,322.0,0.0,0.0,0.2515527950310559
28.0,5.0,18.0,0.1,0.1,0.4,3.0,326.0,0.0,0.0,0.2607361963190184
28.0,5.0,19.0,0.1,0.1,0.4,3.0,321.0,0.0,0.0,0.2523364485981308
28.0,5.0,20.0,0.1,0.1,0.4,3.0,615.0,0.0,0.0,0.13821138211382114
28.0,5.0,21.0,0.1,0.1,0.4,3.0,573.0,0.0,0.0,0.14136125654450263
28.0,5.0,22.0,0.1,0.1,0.4,3.0,578.0,0.0,0.0,0.14705882352941177
28.0,5.0,23.0,0.1,0.1,0.4,3.0,535.0,0.0,0.0,0.14392523364485982
28.0,5.0,24.0,0.1,0.1,0.4,3.0,538.0,0.0,0.0,0.14869888475836432
28.0,5.0,25.0,0.1,0.1,0.4,3.0,515.0,0.0,0.0,0.14563106796116504
28.0,5.0,26.0,0.1,0.1,0.4,3.0,518.0,0.0,0.0,0.1525096525096525
28.0,5.0,27.0,0.1,0.1,0.4,3.0,478.0,0.0,0.0,0.15690376569037656
28.0,5.0,28.0,0.1,0.1,0.4,3.0,458.0,0.0,0.0,0.1615720524017467
28.0,5.0,29.0,0.1,0.1,0.4,3.0,451.0,0.0,0.0,0.15964523281596452
28.0,5.0,30.0,0.1,0.1,0.4,3.0,457.0,0.0,0.0,0.15973741794310722
28.0,5.0,31.0,0.1,0.1,0.4,3.0,431.0,0.0,0.0,0.16009280742459397
28.0,5.0,32.0,0.1,0.1,0.4,3.0,427.0,0.0,0.0,0.16159250585480095
28.0,5.0,33.0,0.1,0.1,0.4,3.0,403.0,0.0,0.0,0.16129032258064516
28.0,5.0,34.0,0.1,0.1,0.4,3.0,402.0,0.0,0.0,0.16666666666666666
28.0,5.0,35.0,0.1,0.1,0.4,3.0,401.0,0.0,0.0,0.1596009975062344
28.0,5.0,36.0,0.1,0.1,0.4,3.0,400.0,0.0,0.0,0.165
28.0,5.0,37.0,0.1,0.1,0.4,3.0,391.0,0.0,0.0,0.16112531969309463
28.0,5.0,38.0,0.1,0.1,0.4,3.0,390.0,0.0,0.0,0.16666666666666666
28.0,5.0,39.0,0.1,0.1,0.4,3.0,366.0,0.0,0.0,0.16393442622950818
28.0,5.0,40.0,0.1,0.1,0.4,3.0,371.0,0.0,0.0,0.16442048517520216
28.0,5.0,41.0,0.1,0.1,0.4,3.0,365.0,0.0,0.0,0.16164383561643836
28.0,5.0,42.0,0.1,0.1,0.4,3.0,369.0,0.0,0.0,0.16531165311653118
28.0,5.0,43.0,0.1,0.1,0.4,3.0,353.0,0.0,0.0,0.16147308781869688
28.0,5.0,44.0,0.1,0.1,0.4,3.0,347.0,0.0,0.0,0.1729106628242075
28.0,5.0,45.0,0.1,0.1,0.4,3.0,341.0,0.0,0.0,0.24926686217008798
28.0,5.0,46.0,0.1,0.1,0.4,3.0,328.0,0.0,0.0,0.25914634146341464
28.0,5.0,47.0,0.1,0.1,0.4,3.0,316.0,0.0,0.0,0.25316455696202533
28.0,5.0,48.0,0.1,0.1,0.4,3.0,327.0,0.0,0.0,0.2599388379204893
28.0,5.0,49.0,0.1,0.1,0.4,3.0,316.0,0.0,0.0,0.25316455696202533
28.0,5.0,50.0,0.1,0.1,0.4,3.0,314.0,0.0,0.0,0.2643312101910828
28.0,5.0,51.0,0.1,0.1,0.4,3.0,315.0,0.0,0.0,0.25396825396825395
28.0,5.0,52.0,0.1,0.1,0.4,3.0,315.0,0.0,0.0,0.2634920634920635
28.0,6.0,1.0,0.1,0.1,0.4,3.0,316.0,0.0,0.0,0.25316455696202533
28.0,6.0,2.0,0.1,0.1,0.4,3.0,311.0,0.0,0.0,0.26366559485530544
28.0,6.0,3.0,0.1,0.1,0.4,3.0,314.0,0.0,0.0,0.25477707006369427
28.0,6.0,4.0,0.1,0.1,0.4,3.0,310.0,0.0,0.0,0.2645161290322581
28.0,6.0,5.0,0.1,0.1,0.4,3.0,311.0,0.0,0.0,0.2572347266881029
28.0,6.0,6.0,0.1,0.1,0.4,3.0,309.0,0.0,0.0,0.2621359223300971
28.0,6.0,7.0,0.1,0.1,0.4,3.0,310.0,0.0,0.0,0.25483870967741934
28.0,6.0,8.0,0.1,0.1,0.4,3.0,309.0,0.0,0.0,0.2621359223300971
28.0,6.0,9.0,0.1,0.1,0.4,3.0,310.0,0.0,0.0,0.25483870967741934
28.0,6.0,10.0,0.1,0.1,0.4,3.0,307.0,0.0,0.0,0.26384364820846906
28.0,6.0,11.0,0.1,0.1,0.4,3.0,310.0,0.0,0.0,0.25483870967741934
28.0,6.0,12.0,0.1,0.1,0.4,3.0,307.0,0.0,0.0,0.26384364820846906
28.0,6.0,13.0,0.1,0.1,0.4,3.0,310.0,0.0,0.0,0.25483870967741934
28.0,6.0,14.0,0.1,0.1,0.4,3.0,307.0,0.0,0.0,0.26384364820846906
28.0,6.0,15.0,0.1,0.1,0.4,3.0,308.0,0.0,0.0,0.2532467532467532
28.0,6.0,16.0,0.1,0.1,0.4,3.0,295.0,0.0,0.0,0.2677966101694915
28.0,6.0,17.0,0.1,0.1,0.4,3.0,298.0,0.0,0.0,0.25838926174496646
28.0,6.0,18.0,0.1,0.1,0.4,3.0,293.0,0.0,0.0,0.26621160409556316
28.0,6.0,19.0,0.1,0.1,0.4,3.0,296.0,0.0,0.0,0.25675675675675674
28.0,6.0,20.0,0.1,0.1,0.4,3.0,584.0,0.0,0.0,0.13184931506849315
28.0,6.0,21.0,0.1,0.1,0.4,3.0,562.0,0.0,0.0,0.12633451957295375
28.0,6.0,22.0,0.1,0.1,0.4,3.0,529.0,0.0,0.0,0.1342155009451796
28.0,6.0,23.0,0.1,0.1,0.4,3.0,536.0,0.0,0.0,0.1287313432835821
28.0,6.0,24.0,0.1,0.1,0.4,3.0,507.0,0.0,0.0,0.1301775147928994
28.0,6.0,25.0,0.1,0.1,0.4,3.0,487.0,0.0,0.0,0.1293634496919918
28.0,6.0,26.0,0.1,0.1,0.4,3.0,468.0,0.0,0.0,0.13247863247863248
28.0,6.0,27.0,0.1,0.1,0.4,3.0,464.0,0.0,0.0,0.12931034482758622
28.0,6.0,28.0,0.1,0.1,0.4,3.0,430.0,0.0,0.0,0.13953488372093023
28.0,6.0,29.0,0.1,0.1,0.4,3.0,436.0,0.0,0.0,0.1353211009174312
28.0,6.0,30.0,0.1,0.1,0.4,3.0,430.0,0.0,0.0,0.13953488372093023
28.0,6.0,31.0,0.1,0.1,0.4,3.0,399.0,0.0,0.0,0.14786967418546365
28.0,6.0,32.0,0.1,0.1,0.4,3.0,380.0,0.0,0.0,0.15789473684210525
28.0,6.0,33.0,0.1,0.1,0.4,3.0,386.0,0.0,0.0,0.15284974093264247
28.0,6.0,34.0,0.1,0.1,0.4,3.0,378.0,0.0,0.0,0.15873015873015872
28.0,6.0,35.0,0.1,0.1,0.4,3.0,386.0,0.0,0.0,0.15284974093264247
28.0,6.0,36.0,0.1,0.1,0.4,3.0,377.0,0.0,0.0,0.15649867374005305
28.0,6.0,37.0,0.1,0.1,0.4,3.0,374.0,0.0,0.0,0.15240641711229946
28.0,6.0,38.0,0.1,0.1,0.4,3.0,366.0,0.0,0.0,0.15846994535519127
28.0,6.0,39.0,0.1,0.1,0.4,3.0,344.0,0.0,0.0,0.15988372093023256
28.0,6.0,40.0,0.1,0.1,0.4,3.0,336.0,0.0,0.0,0.16666666666666666
28.0,6.0,41.0,0.1,0.1,0.4,3.0,341.0,0.0,0.0,0.16129032258064516
28.0,6.0,42.0,0.1,0.1,0.4,3.0,336.0,0.0,0.0,0.16666666666666666
28.0,6.0,43.0,0.1,0.1,0.4,3.0,341.0,0.0,0.0,0.16129032258064516
28.0,6.0,44.0,0.1,0.1,0.4,3.0,335.0,0.0,0.0,0.16716417910447762
28.0,6.0,45.0,0.1,0.1,0.4,3.0,340.0,0.0,0.0,0.23823529411764705
28.0,6.0,46.0,0.1,0.1,0.4,3.0,326.0,0.0,0.0,0.25153374233128833
28.0,6.0,47.0,0.1,0.1,0.4,3.0,330.0,0.0,0.0,0.24242424242424243
28.0,6.0,48.0,0.1,0.1,0.4,3.0,314.0,0.0,0.0,0.25477707006369427
28.0,6.0,49.0,0.1,0.1,0.4,3.0,320.0,0.0,0.0,0.246875
28.0,6.0,50.0,0.1,0.1,0.4,3.0,314.0,0.0,0.0,0.2515923566878981
28.0,6.0,51.0,0.1,0.1,0.4,3.0,320.0,0.0,0.0,0.24375
28.0,6.0,52.0,0.1,0.1,0.4,3.0,314.0,0.0,0.0,0.2515923566878981
28.0,7.0,1.0,0.1,0.1,0.4,3.0,318.0,0.0,0.0,0.24528301886792453
28.0,7.0,2.0,0.1,0.1,0.4,3.0,310.0,0.0,0.0,0.25483870967741934
28.0,7.0,3.0,0.1,0.1,0.4,3.0,314.0,0.0,0.0,0.2484076433121019
28.0,7.0,4.0,0.1,0.1,0.4,3.0,308.0,0.0,0.0,0.2564935064935065
28.0,7.0,5.0,0.1,0.1,0.4,3.0,310.0,0.0,0.0,0.25161290322580643
28.0,7.0,6.0,0.1,0.1,0.4,3.0,304.0,0.0,0.0,0.2598684210526316
28.0,7.0,7.0,0.1,0.1,0.4,3.0,310.0,0.0,0.0,0.25161290322580643
28.0,7.0,8.0,0.1,0.1,0.4,3.0,304.0,0.0,0.0,0.2598684210526316
28.0,7.0,9.0,0.1,0.1,0.4,3.0,310.0,0.0,0.0,0.25161290322580643
28.0,7.0,10.0,0.1,0.1,0.4,3.0,304.0,0.0,0.0,0.2598684210526316
28.0,7.0,11.0,0.1,0.1,0.4,3.0,309.0,0.0,0.0,0.24919093851132687
28.0,7.0,12.0,0.1,0.1,0.4,3.0,303.0,0.0,0.0,0.25742574257425743
28.0,7.0,13.0,0.1,0.1,0.4,3.0,309.0,0.0,0.0,0.24919093851132687
28.0,7.0,14.0,0.1,0.1,0.4,3.0,302.0,0.0,0.0,0.25496688741721857
28.0,7.0,15.0,0.1,0.1,0.4,3.0,306.0,0.0,0.0,0.24509803921568626
28.0,7.0,16.0,0.1,0.1,0.4,3.0,299.0,0.0,0.0,0.2508361204013378
28.0,7.0,17.0,0.1,0.1,0.4,3.0,305.0,0.0,0.0,0.2459016393442623
28.0,7.0,18.0,0.1,0.1,0.4,3.0,299.0,0.0,0.0,0.25418060200668896
28.0,7.0,19.0,0.1,0.1,0.4,3.0,301.0,0.0,0.0,0.24916943521594684
28.0,7.0,20.0,0.1,0.1,0.4,3.0,501.0,0.0,0.0,0.15169660678642716
28.0,7.0,21.0,0.1,0.1,0.4,3.0,510.0,0.0,0.0,0.1450980392156863
28.0,7.0,22.0,0.1,0.1,0.4,3.0,467.0,0.0,0.0,0.15417558886509636
28.0,7.0,23.0,0.1,0.1,0.4,3.0,473.0,0.0,0.0,0.15010570824524314
28.0,7.0,24.0,0.1,0.1,0.4,3.0,454.0,0.0,0.0,0.15638766519823788
28.0,7.0,25.0,0.1,0.1,0.4,3.0,442.0,0.0,0.0,0.1583710407239819
28.0,7.0,26.0,0.1,0.1,0.4,3.0,416.0,0.0,0.0,0.17067307692307693
28.0,7.0,27.0,0.1,0.1,0.4,3.0,407.0,0.0,0.0,0.16707616707616707
28.0,7.0,28.0,0.1,0.1,0.4,3.0,377.0,0.0,0.0,0.16710875331564987
28.0,7.0,29.0,0.1,0.1,0.4,3.0,372.0,0.0,0.0,0.16129032258064516
28.0,7.0,30.0,0.1,0.1,0.4,3.0,353.0,0.0,0.0,0.1643059490084986
28.0,7.0,31.0,0.1,0.1,0.4,3.0,335.0,0.0,0.0,0.16119402985074627
28.0,7.0,32.0,0.1,0.1,0.4,3.0,336.0,0.0,0.0,0.16666666666666666
28.0,7.0,33.0,0.1,0.1,0.4,3.0,333.0,0.0,0.0,0.16216216216216217
28.0,7.0,34.0,0.1,0.1,0.4,3.0,333.0,0.0,0.0,0.16516516516516516
28.0,7.0,35.0,0.1,0.1,0.4,3.0,332.0,0.0,0.0,0.15963855421686746
28.0,7.0,36.0,0.1,0.1,0.4,3.0,333.0,0.0,0.0,0.16516516516516516
28.0,7.0,37.0,0.1,0.1,0.4,3.0,331.0,0.0,0.0,0.16012084592145015
28.0,7.0,38.0,0.1,0.1,0.4,3.0,325.0,0.0,0.0,0.16923076923076924
28.0,7.0,39.0,0.1,0.1,0.4,3.0,319.0,0.0,0.0,0.16614420062695925
28.0,7.0,40.0,0.1,0.1,0.4,3.0,321.0,0.0,0.0,0.16822429906542055
28.0,7.0,41.0,0.1,0.1,0.4,3.0,312.0,0.0,0.0,0.16666666666666666
28.0,7.0,42.0,0.1,0.1,0.4,3.0,314.0,0.0,0.0,0.16878980891719744
28.0,7.0,43.0,0.1,0.1,0.4,3.0,306.0,0.0,0.0,0.16666666666666666
28.0,7.0,44.0,0.1,0.1,0.4,3.0,311.0,0.0,0.0,0.17041800643086816
28.0,7.0,45.0,0.1,0.1,0.4,3.0,304.0,0.0,0.0,0.2565789473684211
28.0,7.0,46.0,0.1,0.1,0.4,3.0,309.0,0.0,0.0,0.2588996763754045
28.0,7.0,47.0,0.1,0.1,0.4,3.0,304.0,0.0,0.0,0.2565789473684211
28.0,7.0,48.0,0.1,0.1,0.4,3.0,308.0,0.0,0.0,0.2597402597402597
28.0,7.0,49.0,0.1,0.1,0.4,3.0,300.0,0.0,0.0,0.25666666666666665
28.0,7.0,50.0,0.1,0.1,0.4,3.0,305.0,0.0,0.0,0.25901639344262295
28.0,7.0,51.0,0.1,0.1,0.4,3.0,292.0,0.0,0.0,0.2636986301369863
28.0,7.0,52.0,0.1,0.1,0.4,3.0,297.0,0.0,0.0,0.265993265993266
28.0,8.0,1.0,0.1,0.1,0.4,3.0,291.0,0.0,0.0,0.2646048109965636
28.0,8.0,2.0,0.1,0.1,0.4,3.0,295.0,0.0,0.0,0.2677966101694915
28.0,8.0,3.0,0.1,0.1,0.4,3.0,280.0,0.0,0.0,0.2714285714285714
28.0,8.0,4.0,0.1,0.1,0.4,3.0,285.0,0.0,0.0,0.2736842105263158
28.0,8.0,5.0,0.1,0.1,0.4,3.0,279.0,0.0,0.0,0.26881720430107525
28.0,8.0,6.0,0.1,0.1,0.4,3.0,285.0,0.0,0.0,0.2736842105263158
28.0,8.0,7.0,0.1,0.1,0.4,3.0,278.0,0.0,0.0,0.2733812949640288
28.0,8.0,8.0,0.1,0.1,0.4,3.0,281.0,0.0,0.0,0.27402135231316727
28.0,8.0,9.0,0.1,0.1,0.4,3.0,278.0,0.0,0.0,0.2733812949640288
28.0,8.0,10.0,0.1,0.1,0.4,3.0,280.0,0.0,0.0,0.2714285714285714
28.0,8.0,11.0,0.1,0.1,0.4,3.0,277.0,0.0,0.0,0.27075812274368233
28.0,8.0,12.0,0.1,0.1,0.4,3.0,280.0,0.0,0.0,0.2714285714285714
28.0,8.0,13.0,0.1,0.1,0.4,3.0,277.0,0.0,0.0,0.27075812274368233
28.0,8.0,14.0,0.1,0.1,0.4,3.0,280.0,0.0,0.0,0.2714285714285714
28.0,8.0,15.0,0.1,0.1,0.4,3.0,272.0,0.0,0.0,0.2757352941176471
28.0,8.0,16.0,0.1,0.1,0.4,3.0,280.0,0.0,0.0,0.2714285714285714
28.0,8.0,17.0,0.1,0.1,0.4,3.0,272.0,0.0,0.0,0.2757352941176471
28.0,8.0,18.0,0.1,0.1,0.4,3.0,280.0,0.0,0.0,0.2714285714285714
28.0,8.0,19.0,0.1,0.1,0.4,3.0,273.0,0.0,0.0,0.27472527472527475
28.0,8.0,20.0,0.1,0.1,0.4,3.0,543.0,0.0,0.0,0.13812154696132597
28.0,8.0,21.0,0.1,0.1,0.4,3.0,532.0,0.0,0.0,0.13721804511278196
28.0,8.0,22.0,0.1,0.1,0.4,3.0,507.0,0.0,0.0,0.14201183431952663
28.0,8.0,23.0,0.1,0.1,0.4,3.0,481.0,0.0,0.0,0.14137214137214138
28.0,8.0,24.0,0.1,0.1,0.4,3.0,432.0,0.0,0.0,0.1550925925925926
28.0,8.0,25.0,0.1,0.1,0.4,3.0,427.0,0.0,0.0,0.1522248243559719
28.0,8.0,26.0,0.1,0.1,0.4,3.0,411.0,0.0,0.0,0.15571776155717762
28.0,8.0,27.0,0.1,0.1,0.4,3.0,391.0,0.0,0.0,0.15601023017902813
28.0,8.0,28.0,0.1,0.1,0.4,3.0,376.0,0.0,0.0,0.1622340425531915
28.0,8.0,29.0,0.1,0.1,0.4,3.0,381.0,0.0,0.0,0.15748031496062992
28.0,8.0,30.0,0.1,0.1,0.4,3.0,367.0,0.0,0.0,0.16076294277929154
28.0,8.0,31.0,0.1,0.1,0.4,3.0,373.0,0.0,0.0,0.1554959785522788
28.0,8.0,32.0,0.1,0.1,0.4,3.0,367.0,0.0,0.0,0.16076294277929154
28.0,8.0,33.0,0.1,0.1,0.4,3.0,363.0,0.0,0.0,0.15702479338842976
28.0,8.0,34.0,0.1,0.1,0.4,3.0,348.0,0.0,0.0,0.16379310344827586
28.0,8.0,35.0,0.1,0.1,0.4,3.0,344.0,0.0,0.0,0.16279069767441862
28.0,8.0,36.0,0.1,0.1,0.4,3.0,335.0,0.0,0.0,0.1701492537313433
28.0,8.0,37.0,0.1,0.1,0.4,3.0,335.0,0.0,0.0,0.16716417910447762
28.0,8.0,38.0,0.1,0.1,0.4,3.0,325.0,0.0,0.0,0.1753846153846154
28.0,8.0,39.0,0.1,0.1,0.4,3.0,313.0,0.0,0.0,0.1757188498402556
28.0,8.0,40.0,0.1,0.1,0.4,3.0,305.0,0.0,0.0,0.18032786885245902
28.0,8.0,41.0,0.1,0.1,0.4,3.0,304.0,0.0,0.0,0.17763157894736842
28.0,8.0,42.0,0.1,0.1,0.4,3.0,297.0,0.0,0.0,0.18181818181818182
28.0,8.0,43.0,0.1,0.1,0.4,3.0,295.0,0.0,0.0,0.17966101694915254
28.0,8.0,44.0,0.1,0.1,0.4,3.0,282.0,0.0,0.0,0.18439716312056736
28.0,8.0,45.0,0.1,0.1,0.4,3.0,280.0,0.0,0.0,0.2571428571428571
28.0,8.0,46.0,0.1,0.1,0.4,3.0,281.0,0.0,0.0,0.2597864768683274
28.0,8.0,47.0,0.1,0.1,0.4,3.0,280.0,0.0,0.0,0.2571428571428571
28.0,8.0,48.0,0.1,0.1,0.4,3.0,281.0,0.0,0.0,0.2597864768683274
28.0,8.0,49.0,0.1,0.1,0.4,3.0,280.0,0.0,0.0,0.2571428571428571
28.0,8.0,50.0,0.1,0.1,0.4,3.0,281.0,0.0,0.0,0.2597864768683274
28.0,8.0,51.0,0.1,0.1,0.4,3.0,276.0,0.0,0.0,0.2608695652173913
28.0,8.0,52.0,0.1,0.1,0.4,3.0,277.0,0.0,0.0,0.26353790613718414
28.0,9.0,1.0,0.1,0.1,0.4,3.0,275.0,0.0,0.0,0.26181818181818184
28.0,9.0,2.0,0.1,0.1,0.4,3.0,271.0,0.0,0.0,0.2693726937269373
28.0,9.0,3.0,0.1,0.1,0.4,3.0,272.0,0.0,0.0,0.2647058823529412
28.0,9.0,4.0,0.1,0.1,0.4,3.0,268.0,0.0,0.0,0.27238805970149255
28.0,9.0,5.0,0.1,0.1,0.4,3.0,272.0,0.0,0.0,0.2647058823529412
28.0,9.0,6.0,0.1,0.1,0.4,3.0,264.0,0.0,0.0,0.2727272727272727
28.0,9.0,7.0,0.1,0.1,0.4,3.0,263.0,0.0,0.0,0.26996197718631176
28.0,9.0,8.0,0.1,0.1,0.4,3.0,260.0,0.0,0.0,0.27692307692307694
28.0,9.0,9.0,0.1,0.1,0.4,3.0,263.0,0.0,0.0,0.26996197718631176
28.0,9.0,10.0,0.1,0.1,0.4,3.0,260.0,0.0,0.0,0.27692307692307694
28.0,9.0,11.0,0.1,0.1,0.4,3.0,263.0,0.0,0.0,0.26996197718631176
28.0,9.0,12.0,0.1,0.1,0.4,3.0,260.0,0.0,0.0,0.27692307692307694
28.0,9.0,13.0,0.1,0.1,0.4,3.0,262.0,0.0,0.0,0.27099236641221375
28.0,9.0,14.0,0.1,0.1,0.4,3.0,259.0,0.0,0.0,0.277992277992278
28.0,9.0,15.0,0.1,0.1,0.4,3.0,262.0,0.0,0.0,0.27099236641221375
28.0,9.0,16.0,0.1,0.1,0.4,3.0,258.0,0.0,0.0,0.2751937984496124
28.0,9.0,17.0,0.1,0.1,0.4,3.0,262.0,0.0,0.0,0.27099236641221375
28.0,9.0,18.0,0.1,0.1,0.4,3.0,258.0,0.0,0.0,0.2751937984496124
28.0,9.0,19.0,0.1,0.1,0.4,3.0,262.0,0.0,0.0,0.27099236641221375
28.0,9.0,20.0,0.1,0.1,0.4,3.0,387.0,0.0,0.0,0.1524547803617571
28.0,9.0,21.0,0.1,0.1,0.4,3.0,393.0,0.0,0.0,0.15012722646310434
28.0,9.0,22.0,0.1,0.1,0.4,3.0,385.0,0.0,0.0,0.15324675324675324
28.0,9.0,23.0,0.1,0.1,0.4,3.0,379.0,0.0,0.0,0.15303430079155672
28.0,9.0,24.0,0.1,0.1,0.4,3.0,371.0,0.0,0.0,0.15633423180592992
28.0,9.0,25.0,0.1,0.1,0.4,3.0,362.0,0.0,0.0,0.15193370165745856
28.0,9.0,26.0,0.1,0.1,0.4,3.0,345.0,0.0,0.0,0.1536231884057971
28.0,9.0,27.0,0.1,0.1,0.4,3.0,335.0,0.0,0.0,0.1582089552238806
28.0,9.0,28.0,0.1,0.1,0.4,3.0,326.0,0.0,0.0,0.16257668711656442
28.0,9.0,29.0,0.1,0.1,0.4,3.0,335.0,0.0,0.0,0.1582089552238806
28.0,9.0,30.0,0.1,0.1,0.4,3.0,326.0,0.0,0.0,0.16257668711656442
28.0,9.0,31.0,0.1,0.1,0.4,3.0,335.0,0.0,0.0,0.1582089552238806
28.0,9.0,32.0,0.1,0.1,0.4,3.0,326.0,0.0,0.0,0.16257668711656442
28.0,9.0,33.0,0.1,0.1,0.4,3.0,335.0,0.0,0.0,0.1582089552238806
28.0,9.0,34.0,0.1,0.1,0.4,3.0,300.0,0.0,0.0,0.17333333333333334
28.0,9.0,35.0,0.1,0.1,0.4,3.0,309.0,0.0,0.0,0.16828478964401294
28.0,9.0,36.0,0.1,0.1,0.4,3.0,292.0,0.0,0.0,0.1780821917808219
28.0,9.0,37.0,0.1,0.1,0.4,3.0,291.0,0.0,0.0,0.17525773195876287
28.0,9.0,38.0,0.1,0.1,0.4,3.0,282.0,0.0,0.0,0.18085106382978725
28.0,9.0,39.0,0.1,0.1,0.4,3.0,291.0,0.0,0.0,0.17525773195876287
28.0,9.0,40.0,0.1,0.1,0.4,3.0,282.0,0.0,0.0,0.18085106382978725
28.0,9.0,41.0,0.1,0.1,0.4,3.0,290.0,0.0,0.0,0.17586206896551723
28.0,9.0,42.0,0.1,0.1,0.4,3.0,282.0,0.0,0.0,0.18085106382978725
28.0,9.0,43.0,0.1,0.1,0.4,3.0,288.0,0.0,0.0,0.1736111111111111
28.0,9.0,44.0,0.1,0.1,0.4,3.0,282.0,0.0,0.0,0.18085106382978725
28.0,9.0,45.0,0.1,0.1,0.4,3.0,288.0,0.0,0.0,0.2534722222222222
28.0,9.0,46.0,0.1,0.1,0.4,3.0,263.0,0.0,0.0,0.2813688212927757
28.0,9.0,47.0,0.1,0.1,0.4,3.0,269.0,0.0,0.0,0.27137546468401486
28.0,9.0,48.0,0.1,0.1,0.4,3.0,263.0,0.0,0.0,0.2813688212927757
28.0,9.0,49.0,0.1,0.1,0.4,3.0,269.0,0.0,0.0,0.27137546468401486
28.0,9.0,50.0,0.1,0.1,0.4,3.0,262.0,0.0,0.0,0.2824427480916031
28.0,9.0,51.0,0.1,0.1,0.4,3.0,269.0,0.0,0.0,0.27137546468401486
28.0,9.0,52.0,0.1,0.1,0.4,3.0,262.0,0.0,0.0,0.2824427480916031
28.0,10.0,1.0,0.1,0.1,0.4,3.0,268.0,0.0,0.0,0.27238805970149255
28.0,10.0,2.0,0.1,0.1,0.4,3.0,261.0,0.0,0.0,0.2835249042145594
28.0,10.0,3.0,0.1,0.1,0.4,3.0,266.0,0.0,0.0,0.2744360902255639
28.0,10.0,4.0,0.1,0.1,0.4,3.0,263.0,0.0,0.0,0.2813688212927757
28.0,10.0,5.0,0.1,0.1,0.4,3.0,266.0,0.0,0.0,0.2744360902255639
28.0,10.0,6.0,0.1,0.1,0.4,3.0,259.0,0.0,0.0,0.2857142857142857
28.0,10.0,7.0,0.1,0.1,0.4,3.0,255.0,0.0,0.0,0.2823529411764706
28.0,10.0,8.0,0.1,0.1,0.4,3.0,250.0,0.0,0.0,0.292
28.0,10.0,9.0,0.1,0.1,0.4,3.0,248.0,0.0,0.0,0.28225806451612906
28.0,10.0,10.0,0.1,0.1,0.4,3.0,242.0,0.0,0.0,0.29338842975206614
28.0,10.0,11.0,0.1,0.1,0.4,3.0,238.0,0.0,0.0,0.2815126050420168
28.0,10.0,12.0,0.1,0.1,0.4,3.0,235.0,0.0,0.0,0.28936170212765955
28.0,10.0,13.0,0.1,0.1,0.4,3.0,238.0,0.0,0.0,0.2815126050420168
28.0,10.0,14.0,0.1,0.1,0.4,3.0,235.0,0.0,0.0,0.28936170212765955
28.0,10.0,15.0,0.1,0.1,0.4,3.0,237.0,0.0,0.0,0.28270042194092826
28.0,10.0,16.0,0.1,0.1,0.4,3.0,234.0,0.0,0.0,0.2905982905982906
28.0,10.0,17.0,0.1,0.1,0.4,3.0,235.0,0.0,0.0,0.28085106382978725
28.0,10.0,18.0,0.1,0.1,0.4,3.0,234.0,0.0,0.0,0.2863247863247863
28.0,10.0,19.0,0.1,0.1,0.4,3.0,235.0,0.0,0.0,0.28085106382978725
28.0,10.0,20.0,0.1,0.1,0.4,3.0,438.0,0.0,0.0,0.1415525114155251
28.0,10.0,21.0,0.1,0.1,0.4,3.0,425.0,0.0,0.0,0.14352941176470588
28.0,10.0,22.0,0.1,0.1,0.4,3.0,411.0,0.0,0.0,0.15085158150851583
28.0,10.0,23.0,0.1,0.1,0.4,3.0,407.0,0.0,0.0,0.14742014742014742
28.0,10.0,24.0,0.1,0.1,0.4,3.0,402.0,0.0,0.0,0.14925373134328357
28.0,10.0,25.0,0.1,0.1,0.4,3.0,343.0,0.0,0.0,0.1661807580174927
28.0,10.0,26.0,0.1,0.1,0.4,3.0,308.0,0.0,0.0,0.18506493506493507
28.0,10.0,27.0,0.1,0.1,0.4,3.0,308.0,0.0,0.0,0.18506493506493507
28.0,10.0,28.0,0.1,0.1,0.4,3.0,290.0,0.0,0.0,0.19310344827586207
28.0,10.0,29.0,0.1,0.1,0.4,3.0,299.0,0.0,0.0,0.18729096989966554
28.0,10.0,30.0,0.1,0.1,0.4,3.0,291.0,0.0,0.0,0.19243986254295534
28.0,10.0,31.0,0.1,0.1,0.4,3.0,290.0,0.0,0.0,0.1896551724137931
28.0,10.0,32.0,0.1,0.1,0.4,3.0,285.0,0.0,0.0,0.19298245614035087
28.0,10.0,33.0,0.1,0.1,0.4,3.0,291.0,0.0,0.0,0.18900343642611683
28.0,10.0,34.0,0.1,0.1,0.4,3.0,277.0,0.0,0.0,0.19494584837545126
28.0,10.0,35.0,0.1,0.1,0.4,3.0,283.0,0.0,0.0,0.19081272084805653
28.0,10.0,36.0,0.1,0.1,0.4,3.0,277.0,0.0,0.0,0.19494584837545126
28.0,10.0,37.0,0.1,0.1,0.4,3.0,283.0,0.0,0.0,0.19081272084805653
28.0,10.0,38.0,0.1,0.1,0.4,3.0,277.0,0.0,0.0,0.19494584837545126
28.0,10.0,39.0,0.1,0.1,0.4,3.0,272.0,0.0,0.0,0.19852941176470587
28.0,10.0,40.0,0.1,0.1,0.4,3.0,254.0,0.0,0.0,0.2047244094488189
28.0,10.0,41.0,0.1,0.1,0.4,3.0,260.0,0.0,0.0,0.2
28.0,10.0,42.0,0.1,0.1,0.4,3.0,253.0,0.0,0.0,0.20553359683794467
28.0,10.0,43.0,0.1,0.1,0.4,3.0,260.0,0.0,0.0,0.2
28.0,10.0,44.0,0.1,0.1,0.4,3.0,253.0,0.0,0.0,0.20553359683794467
28.0,10.0,45.0,0.1,0.1,0.4,3.0,256.0,0.0,0.0,0.27734375
28.0,10.0,46.0,0.1,0.1,0.4,3.0,239.0,0.0,0.0,0.28451882845188287
28.0,10.0,47.0,0.1,0.1,0.4,3.0,246.0,0.0,0.0,0.2764227642276423
28.0,10.0,48.0,0.1,0.1,0.4,3.0,232.0,0.0,0.0,0.28448275862068967
28.0,10.0,49.0,0.1,0.1,0.4,3.0,238.0,0.0,0.0,0.2773109243697479
28.0,10.0,50.0,0.1,0.1,0.4,3.0,232.0,0.0,0.0,0.28448275862068967
28.0,10.0,51.0,0.1,0.1,0.4,3.0,237.0,0.0,0.0,0.27848101265822783
28.0,10.0,52.0,0.1,0.1,0.4,3.0,230.0,0.0,0.0,0.28695652173913044
29.0,1.0,1.0,0.1,0.1,0.4,3.0,5058.0,51.0,7.0,0.09608540925266904
29.0,1.0,2.0,0.1,0.1,0.4,3.0,4934.0,56.0,16.0,0.09566274827725983
29.0,1.0,3.0,0.1,0.1,0.4,3.0,4806.0,65.0,28.0,0.09717020391177694
29.0,1.0,4.0,0.1,0.1,0.4,3.0,4705.0,78.0,35.0,0.09776833156216791
29.0,1.0,5.0,0.1,0.1,0.4,3.0,4684.0,117.0,41.0,0.0984201537147737
29.0,1.0,6.0,0.1,0.1,0.4,3.0,4552.0,121.0,43.0,0.0999560632688928
29.0,1.0,7.0,0.1,0.1,0.4,3.0,4378.0,159.0,53.0,0.10027409776153495
29.0,1.0,8.0,0.1,0.1,0.4,3.0,4162.0,177.0,59.0,0.10211436809226333
29.0,1.0,9.0,0.1,0.1,0.4,3.0,4040.0,206.0,86.0,0.10123762376237624
29.0,1.0,10.0,0.1,0.1,0.4,3.0,3781.0,227.0,88.0,0.10394075641364718
29.0,1.0,11.0,0.1,0.1,0.4,3.0,3674.0,249.0,100.0,0.10397387044093631
29.0,1.0,12.0,0.1,0.1,0.4,3.0,3497.0,268.0,107.0,0.10523305690591936
29.0,1.0,13.0,0.1,0.1,0.4,3.0,3380.0,284.0,134.0,0.10384615384615385
29.0,1.0,14.0,0.1,0.1,0.4,3.0,3197.0,277.0,141.0,0.10572411635908664
29.0,1.0,15.0,0.1,0.1,0.4,3.0,3090.0,286.0,135.0,0.10711974110032363
29.0,1.0,16.0,0.1,0.1,0.4,3.0,2942.0,282.0,121.0,0.10876954452753229
29.0,1.0,17.0,0.1,0.1,0.4,3.0,2850.0,277.0,123.0,0.10947368421052632
29.0,1.0,18.0,0.1,0.1,0.4,3.0,2715.0,286.0,130.0,0.10865561694290976
29.0,1.0,19.0,0.1,0.1,0.4,3.0,2654.0,285.0,138.0,0.11039939713639789
29.0,1.0,20.0,0.1,0.1,0.4,3.0,7103.0,264.0,144.0,0.041672532732648176
29.0,1.0,21.0,0.1,0.1,0.4,3.0,6346.0,370.0,120.0,0.041758588086983926
29.0,1.0,22.0,0.1,0.1,0.4,3.0,5669.0,390.0,126.0,0.04304110072323161
29.0,1.0,23.0,0.1,0.1,0.4,3.0,5203.0,428.0,135.0,0.04362867576398232
29.0,1.0,24.0,0.1,0.1,0.4,3.0,4614.0,491.0,174.0,0.04638058084091894
29.0,1.0,25.0,0.1,0.1,0.4,3.0,4268.0,510.0,191.0,0.048500468603561386
29.0,1.0,26.0,0.1,0.1,0.4,3.0,3813.0,477.0,184.0,0.05035405192761605
29.0,1.0,27.0,0.1,0.1,0.4,3.0,3510.0,530.0,195.0,0.05071225071225071
29.0,1.0,28.0,0.1,0.1,0.4,3.0,3237.0,529.0,224.0,0.05406240345999382
29.0,1.0,29.0,0.1,0.1,0.4,3.0,2960.0,512.0,216.0,0.05540540540540541
29.0,1.0,30.0,0.1,0.1,0.4,3.0,2747.0,514.0,243.0,0.059337459046232256
29.0,1.0,31.0,0.1,0.1,0.4,3.0,2485.0,445.0,206.0,0.06237424547283702
29.0,1.0,32.0,0.1,0.1,0.4,3.0,2318.0,450.0,227.0,0.06471095772217429
29.0,1.0,33.0,0.1,0.1,0.4,3.0,2133.0,410.0,206.0,0.06751054852320675
29.0,1.0,34.0,0.1,0.1,0.4,3.0,1961.0,374.0,188.0,0.07496175420703723
29.0,1.0,35.0,0.1,0.1,0.4,3.0,1801.0,322.0,168.0,0.07662409772348695
29.0,1.0,36.0,0.1,0.1,0.4,3.0,1651.0,289.0,140.0,0.08298001211387038
29.0,1.0,37.0,0.1,0.1,0.4,3.0,1526.0,250.0,124.0,0.08453473132372215
29.0,1.0,38.0,0.1,0.1,0.4,3.0,1464.0,222.0,117.0,0.08879781420765027
29.0,1.0,39.0,0.1,0.1,0.4,3.0,1351.0,193.0,116.0,0.09104367135455219
29.0,1.0,40.0,0.1,0.1,0.4,3.0,1269.0,171.0,96.0,0.09771473601260836
29.0,1.0,41.0,0.1,0.1,0.4,3.0,1212.0,158.0,87.0,0.09735973597359736
29.0,1.0,42.0,0.1,0.1,0.4,3.0,1133.0,141.0,74.0,0.10238305383936452
29.0,1.0,43.0,0.1,0.1,0.4,3.0,1052.0,118.0,63.0,0.10741444866920152
29.0,1.0,44.0,0.1,0.1,0.4,3.0,1014.0,111.0,50.0,0.11242603550295859
29.0,1.0,45.0,0.1,0.1,0.4,3.0,974.0,92.0,46.0,0.19301848049281314
29.0,1.0,46.0,0.1,0.1,0.4,3.0,927.0,78.0,41.0,0.19741100323624594
29.0,1.0,47.0,0.1,0.1,0.4,3.0,904.0,86.0,48.0,0.19690265486725664
29.0,1.0,48.0,0.1,0.1,0.4,3.0,863.0,74.0,40.0,0.20046349942062572
29.0,1.0,49.0,0.1,0.1,0.4,3.0,844.0,72.0,33.0,0.20497630331753555
29.0,1.0,50.0,0.1,0.1,0.4,3.0,821.0,60.0,28.0,0.2095006090133983
29.0,1.0,51.0,0.1,0.1,0.4,3.0,803.0,49.0,24.0,0.20797011207970112
29.0,1.0,52.0,0.1,0.1,0.4,3.0,780.0,46.0,29.0,0.2141025641025641
29.0,2.0,1.0,0.1,0.1,0.4,3.0,749.0,44.0,25.0,0.21495327102803738
29.0,2.0,2.0,0.1,0.1,0.4,3.0,739.0,37.0,25.0,0.2178619756427605
29.0,2.0,3.0,0.1,0.1,0.4,3.0,714.0,27.0,15.0,0.22128851540616246
29.0,2.0,4.0,0.1,0.1,0.4,3.0,703.0,25.0,14.0,0.22759601706970128
29.0,2.0,5.0,0.1,0.1,0.4,3.0,693.0,21.0,12.0,0.22366522366522368
29.0,2.0,6.0,0.1,0.1,0.4,3.0,685.0,22.0,12.0,0.23065693430656933
29.0,2.0,7.0,0.1,0.1,0.4,3.0,669.0,19.0,9.0,0.23318385650224216
29.0,2.0,8.0,0.1,0.1,0.4,3.0,661.0,16.0,9.0,0.2405446293494705
29.0,2.0,9.0,0.1,0.1,0.4,3.0,653.0,14.0,8.0,0.23736600306278713
29.0,2.0,10.0,0.1,0.1,0.4,3.0,650.0,12.0,9.0,0.24461538461538462
29.0,2.0,11.0,0.1,0.1,0.4,3.0,638.0,10.0,6.0,0.23981191222570533
29.0,2.0,12.0,0.1,0.1,0.4,3.0,629.0,8.0,5.0,0.246422893481717
29.0,2.0,13.0,0.1,0.1,0.4,3.0,618.0,5.0,2.0,0.24271844660194175
29.0,2.0,14.0,0.1,0.1,0.4,3.0,615.0,4.0,3.0,0.25040650406504067
29.0,2.0,15.0,0.1,0.1,0.4,3.0,603.0,3.0,2.0,0.24543946932006633
29.0,2.0,16.0,0.1,0.1,0.4,3.0,595.0,3.0,3.0,0.25546218487394956
29.0,2.0,17.0,0.1,0.1,0.4,3.0,590.0,1.0,1.0,0.25084745762711863
29.0,2.0,18.0,0.1,0.1,0.4,3.0,592.0,1.0,1.0,0.25506756756756754
29.0,2.0,19.0,0.1,0.1,0.4,3.0,585.0,0.0,0.0,0.2512820512820513
29.0,2.0,20.0,0.1,0.1,0.4,3.0,1097.0,0.0,0.0,0.13673655423883319
29.0,2.0,21.0,0.1,0.1,0.4,3.0,1048.0,0.0,0.0,0.13072519083969467
29.0,2.0,22.0,0.1,0.1,0.4,3.0,1022.0,0.0,0.0,0.1350293542074364
29.0,2.0,23.0,0.1,0.1,0.4,3.0,998.0,0.0,0.0,0.1342685370741483
29.0,2.0,24.0,0.1,0.1,0.4,3.0,964.0,0.0,0.0,0.1421161825726141
29.0,2.0,25.0,0.1,0.1,0.4,3.0,942.0,0.0,0.0,0.13800424628450106
29.0,2.0,26.0,0.1,0.1,0.4,3.0,876.0,0.0,0.0,0.14269406392694065
29.0,2.0,27.0,0.1,0.1,0.4,3.0,861.0,0.0,0.0,0.14285714285714285
29.0,2.0,28.0,0.1,0.1,0.4,3.0,801.0,0.0,0.0,0.14856429463171036
29.0,2.0,29.0,0.1,0.1,0.4,3.0,778.0,0.0,0.0,0.14267352185089974
29.0,2.0,30.0,0.1,0.1,0.4,3.0,732.0,0.0,0.0,0.15027322404371585
29.0,2.0,31.0,0.1,0.1,0.4,3.0,705.0,0.0,0.0,0.14468085106382977
29.0,2.0,32.0,0.1,0.1,0.4,3.0,708.0,0.0,0.0,0.14689265536723164
29.0,2.0,33.0,0.1,0.1,0.4,3.0,686.0,0.0,0.0,0.14723032069970846
29.0,2.0,34.0,0.1,0.1,0.4,3.0,664.0,0.0,0.0,0.1566265060240964
29.0,2.0,35.0,0.1,0.1,0.4,3.0,650.0,0.0,0.0,0.15384615384615385
29.0,2.0,36.0,0.1,0.1,0.4,3.0,636.0,0.0,0.0,0.16037735849056603
29.0,2.0,37.0,0.1,0.1,0.4,3.0,614.0,0.0,0.0,0.15472312703583063
29.0,2.0,38.0,0.1,0.1,0.4,3.0,613.0,0.0,0.0,0.15823817292006526
29.0,2.0,39.0,0.1,0.1,0.4,3.0,611.0,0.0,0.0,0.15548281505728315
29.0,2.0,40.0,0.1,0.1,0.4,3.0,604.0,0.0,0.0,0.15894039735099338
29.0,2.0,41.0,0.1,0.1,0.4,3.0,602.0,0.0,0.0,0.15614617940199335
29.0,2.0,42.0,0.1,0.1,0.4,3.0,592.0,0.0,0.0,0.16216216216216217
29.0,2.0,43.0,0.1,0.1,0.4,3.0,573.0,0.0,0.0,0.16055846422338568
29.0,2.0,44.0,0.1,0.1,0.4,3.0,570.0,0.0,0.0,0.16140350877192983
29.0,2.0,45.0,0.1,0.1,0.4,3.0,557.0,0.0,0.0,0.22082585278276481
29.0,2.0,46.0,0.1,0.1,0.4,3.0,554.0,0.0,0.0,0.22563176895306858
29.0,2.0,47.0,0.1,0.1,0.4,3.0,553.0,0.0,0.0,0.22423146473779385
29.0,2.0,48.0,0.1,0.1,0.4,3.0,521.0,0.0,0.0,0.22840690978886757
29.0,2.0,49.0,0.1,0.1,0.4,3.0,530.0,0.0,0.0,0.22641509433962265
29.0,2.0,50.0,0.1,0.1,0.4,3.0,514.0,0.0,0.0,0.22762645914396887
29.0,2.0,51.0,0.1,0.1,0.4,3.0,504.0,0.0,0.0,0.21626984126984128
29.0,2.0,52.0,0.1,0.1,0.4,3.0,500.0,0.0,0.0,0.216
29.0,3.0,1.0,0.1,0.1,0.4,3.0,495.0,0.0,0.0,0.21616161616161617
29.0,3.0,2.0,0.1,0.1,0.4,3.0,490.0,0.0,0.0,0.21836734693877552
29.0,3.0,3.0,0.1,0.1,0.4,3.0,493.0,0.0,0.0,0.21906693711967545
29.0,3.0,4.0,0.1,0.1,0.4,3.0,484.0,0.0,0.0,0.2190082644628099
29.0,3.0,5.0,0.1,0.1,0.4,3.0,483.0,0.0,0.0,0.2153209109730849
29.0,3.0,6.0,0.1,0.1,0.4,3.0,480.0,0.0,0.0,0.21458333333333332
29.0,3.0,7.0,0.1,0.1,0.4,3.0,467.0,0.0,0.0,0.21627408993576017
29.0,3.0,8.0,0.1,0.1,0.4,3.0,465.0,0.0,0.0,0.21505376344086022
29.0,3.0,9.0,0.1,0.1,0.4,3.0,467.0,0.0,0.0,0.21627408993576017
29.0,3.0,10.0,0.1,0.1,0.4,3.0,456.0,0.0,0.0,0.21271929824561403
29.0,3.0,11.0,0.1,0.1,0.4,3.0,458.0,0.0,0.0,0.21397379912663755
29.0,3.0,12.0,0.1,0.1,0.4,3.0,455.0,0.0,0.0,0.210989010989011
29.0,3.0,13.0,0.1,0.1,0.4,3.0,454.0,0.0,0.0,0.2092511013215859
29.0,3.0,14.0,0.1,0.1,0.4,3.0,449.0,0.0,0.0,0.20489977728285078
29.0,3.0,15.0,0.1,0.1,0.4,3.0,450.0,0.0,0.0,0.20666666666666667
29.0,3.0,16.0,0.1,0.1,0.4,3.0,435.0,0.0,0.0,0.20689655172413793
29.0,3.0,17.0,0.1,0.1,0.4,3.0,437.0,0.0,0.0,0.20594965675057209
29.0,3.0,18.0,0.1,0.1,0.4,3.0,432.0,0.0,0.0,0.20833333333333334
29.0,3.0,19.0,0.1,0.1,0.4,3.0,434.0,0.0,0.0,0.20967741935483872
29.0,3.0,20.0,0.1,0.1,0.4,3.0,898.0,0.0,0.0,0.10022271714922049
29.0,3.0,21.0,0.1,0.1,0.4,3.0,870.0,0.0,0.0,0.10114942528735632
29.0,3.0,22.0,0.1,0.1,0.4,3.0,834.0,0.0,0.0,0.10311750599520383
29.0,3.0,23.0,0.1,0.1,0.4,3.0,798.0,0.0,0.0,0.10776942355889724
29.0,3.0,24.0,0.1,0.1,0.4,3.0,765.0,0.0,0.0,0.10718954248366012
29.0,3.0,25.0,0.1,0.1,0.4,3.0,738.0,0.0,0.0,0.1111111111111111
29.0,3.0,26.0,0.1,0.1,0.4,3.0,701.0,0.0,0.0,0.11554921540656206
29.0,3.0,27.0,0.1,0.1,0.4,3.0,683.0,0.0,0.0,0.1171303074670571
29.0,3.0,28.0,0.1,0.1,0.4,3.0,664.0,0.0,0.0,0.11897590361445783
29.0,3.0,29.0,0.1,0.1,0.4,3.0,647.0,0.0,0.0,0.1205564142194745
29.0,3.0,30.0,0.1,0.1,0.4,3.0,628.0,0.0,0.0,0.12261146496815287
29.0,3.0,31.0,0.1,0.1,0.4,3.0,613.0,0.0,0.0,0.12398042414355628
29.0,3.0,32.0,0.1,0.1,0.4,3.0,576.0,0.0,0.0,0.1284722222222222
29.0,3.0,33.0,0.1,0.1,0.4,3.0,577.0,0.0,0.0,0.12478336221837089
29.0,3.0,34.0,0.1,0.1,0.4,3.0,572.0,0.0,0.0,0.1258741258741259
29.0,3.0,35.0,0.1,0.1,0.4,3.0,547.0,0.0,0.0,0.12797074954296161
29.0,3.0,36.0,0.1,0.1,0.4,3.0,521.0,0.0,0.0,0.13051823416506717
29.0,3.0,37.0,0.1,0.1,0.4,3.0,517.0,0.0,0.0,0.12959381044487428
29.0,3.0,38.0,0.1,0.1,0.4,3.0,513.0,0.0,0.0,0.13060428849902533
29.0,3.0,39.0,0.1,0.1,0.4,3.0,502.0,0.0,0.0,0.13346613545816732
29.0,3.0,40.0,0.1,0.1,0.4,3.0,477.0,0.0,0.0,0.13836477987421383
29.0,3.0,41.0,0.1,0.1,0.4,3.0,475.0,0.0,0.0,0.13894736842105262
29.0,3.0,42.0,0.1,0.1,0.4,3.0,450.0,0.0,0.0,0.14
29.0,3.0,43.0,0.1,0.1,0.4,3.0,449.0,0.0,0.0,0.1358574610244989
29.0,3.0,44.0,0.1,0.1,0.4,3.0,435.0,0.0,0.0,0.135632183908046
29.0,3.0,45.0,0.1,0.1,0.4,3.0,431.0,0.0,0.0,0.2088167053364269
29.0,3.0,46.0,0.1,0.1,0.4,3.0,408.0,0.0,0.0,0.2107843137254902
29.0,3.0,47.0,0.1,0.1,0.4,3.0,404.0,0.0,0.0,0.21287128712871287
29.0,3.0,48.0,0.1,0.1,0.4,3.0,398.0,0.0,0.0,0.21105527638190955
29.0,3.0,49.0,0.1,0.1,0.4,3.0,399.0,0.0,0.0,0.21553884711779447
29.0,3.0,50.0,0.1,0.1,0.4,3.0,391.0,0.0,0.0,0.21483375959079284
29.0,3.0,51.0,0.1,0.1,0.4,3.0,379.0,0.0,0.0,0.21635883905013192
29.0,3.0,52.0,0.1,0.1,0.4,3.0,379.0,0.0,0.0,0.21635883905013192
29.0,4.0,1.0,0.1,0.1,0.4,3.0,380.0,0.0,0.0,0.21842105263157896
29.0,4.0,2.0,0.1,0.1,0.4,3.0,373.0,0.0,0.0,0.21447721179624665
29.0,4.0,3.0,0.1,0.1,0.4,3.0,363.0,0.0,0.0,0.22038567493112948
29.0,4.0,4.0,0.1,0.1,0.4,3.0,356.0,0.0,0.0,0.21348314606741572
29.0,4.0,5.0,0.1,0.1,0.4,3.0,355.0,0.0,0.0,0.21971830985915494
29.0,4.0,6.0,0.1,0.1,0.4,3.0,354.0,0.0,0.0,0.21468926553672316
29.0,4.0,7.0,0.1,0.1,0.4,3.0,353.0,0.0,0.0,0.21813031161473087
29.0,4.0,8.0,0.1,0.1,0.4,3.0,351.0,0.0,0.0,0.21652421652421652
29.0,4.0,9.0,0.1,0.1,0.4,3.0,352.0,0.0,0.0,0.21875
29.0,4.0,10.0,0.1,0.1,0.4,3.0,350.0,0.0,0.0,0.21714285714285714
29.0,4.0,11.0,0.1,0.1,0.4,3.0,350.0,0.0,0.0,0.22
29.0,4.0,12.0,0.1,0.1,0.4,3.0,348.0,0.0,0.0,0.21839080459770116
29.0,4.0,13.0,0.1,0.1,0.4,3.0,349.0,0.0,0.0,0.22063037249283668
29.0,4.0,14.0,0.1,0.1,0.4,3.0,345.0,0.0,0.0,0.21739130434782608
29.0,4.0,15.0,0.1,0.1,0.4,3.0,346.0,0.0,0.0,0.22254335260115607
29.0,4.0,16.0,0.1,0.1,0.4,3.0,342.0,0.0,0.0,0.2222222222222222
29.0,4.0,17.0,0.1,0.1,0.4,3.0,342.0,0.0,0.0,0.22514619883040934
29.0,4.0,18.0,0.1,0.1,0.4,3.0,342.0,0.0,0.0,0.2222222222222222
29.0,4.0,19.0,0.1,0.1,0.4,3.0,342.0,0.0,0.0,0.22514619883040934
29.0,4.0,20.0,0.1,0.1,0.4,3.0,612.0,0.0,0.0,0.12254901960784313
29.0,4.0,21.0,0.1,0.1,0.4,3.0,613.0,0.0,0.0,0.12398042414355628
29.0,4.0,22.0,0.1,0.1,0.4,3.0,593.0,0.0,0.0,0.11973018549747048
29.0,4.0,23.0,0.1,0.1,0.4,3.0,534.0,0.0,0.0,0.12734082397003746
29.0,4.0,24.0,0.1,0.1,0.4,3.0,533.0,0.0,0.0,0.12570356472795496
29.0,4.0,25.0,0.1,0.1,0.4,3.0,534.0,0.0,0.0,0.1254681647940075
29.0,4.0,26.0,0.1,0.1,0.4,3.0,522.0,0.0,0.0,0.12835249042145594
29.0,4.0,27.0,0.1,0.1,0.4,3.0,486.0,0.0,0.0,0.13786008230452676
29.0,4.0,28.0,0.1,0.1,0.4,3.0,456.0,0.0,0.0,0.1337719298245614
29.0,4.0,29.0,0.1,0.1,0.4,3.0,419.0,0.0,0.0,0.1431980906921241
29.0,4.0,30.0,0.1,0.1,0.4,3.0,387.0,0.0,0.0,0.13695090439276486
29.0,4.0,31.0,0.1,0.1,0.4,3.0,386.0,0.0,0.0,0.13989637305699482
29.0,4.0,32.0,0.1,0.1,0.4,3.0,378.0,0.0,0.0,0.13227513227513227
29.0,4.0,33.0,0.1,0.1,0.4,3.0,373.0,0.0,0.0,0.1447721179624665
29.0,4.0,34.0,0.1,0.1,0.4,3.0,352.0,0.0,0.0,0.14204545454545456
29.0,4.0,35.0,0.1,0.1,0.4,3.0,354.0,0.0,0.0,0.15254237288135594
29.0,4.0,36.0,0.1,0.1,0.4,3.0,343.0,0.0,0.0,0.14868804664723032
29.0,4.0,37.0,0.1,0.1,0.4,3.0,344.0,0.0,0.0,0.15406976744186046
29.0,4.0,38.0,0.1,0.1,0.4,3.0,342.0,0.0,0.0,0.14619883040935672
29.0,4.0,39.0,0.1,0.1,0.4,3.0,340.0,0.0,0.0,0.14705882352941177
29.0,4.0,40.0,0.1,0.1,0.4,3.0,339.0,0.0,0.0,0.14454277286135694
29.0,4.0,41.0,0.1,0.1,0.4,3.0,337.0,0.0,0.0,0.14836795252225518
29.0,4.0,42.0,0.1,0.1,0.4,3.0,325.0,0.0,0.0,0.14461538461538462
29.0,4.0,43.0,0.1,0.1,0.4,3.0,316.0,0.0,0.0,0.1550632911392405
29.0,4.0,44.0,0.1,0.1,0.4,3.0,306.0,0.0,0.0,0.1568627450980392
29.0,4.0,45.0,0.1,0.1,0.4,3.0,306.0,0.0,0.0,0.25163398692810457
29.0,4.0,46.0,0.1,0.1,0.4,3.0,304.0,0.0,0.0,0.24671052631578946
29.0,4.0,47.0,0.1,0.1,0.4,3.0,303.0,0.0,0.0,0.24422442244224424
29.0,4.0,48.0,0.1,0.1,0.4,3.0,304.0,0.0,0.0,0.24671052631578946
29.0,4.0,49.0,0.1,0.1,0.4,3.0,304.0,0.0,0.0,0.24671052631578946
29.0,4.0,50.0,0.1,0.1,0.4,3.0,305.0,0.0,0.0,0.24918032786885247
29.0,4.0,51.0,0.1,0.1,0.4,3.0,303.0,0.0,0.0,0.24752475247524752
29.0,4.0,52.0,0.1,0.1,0.4,3.0,304.0,0.0,0.0,0.25
29.0,5.0,1.0,0.1,0.1,0.4,3.0,300.0,0.0,0.0,0.24666666666666667
29.0,5.0,2.0,0.1,0.1,0.4,3.0,299.0,0.0,0.0,0.2508361204013378
29.0,5.0,3.0,0.1,0.1,0.4,3.0,296.0,0.0,0.0,0.24662162162162163
29.0,5.0,4.0,0.1,0.1,0.4,3.0,298.0,0.0,0.0,0.2516778523489933
29.0,5.0,5.0,0.1,0.1,0.4,3.0,296.0,0.0,0.0,0.24662162162162163
29.0,5.0,6.0,0.1,0.1,0.4,3.0,296.0,0.0,0.0,0.25
29.0,5.0,7.0,0.1,0.1,0.4,3.0,295.0,0.0,0.0,0.24745762711864408
29.0,5.0,8.0,0.1,0.1,0.4,3.0,298.0,0.0,0.0,0.2516778523489933
29.0,5.0,9.0,0.1,0.1,0.4,3.0,293.0,0.0,0.0,0.24573378839590443
29.0,5.0,10.0,0.1,0.1,0.4,3.0,295.0,0.0,0.0,0.2542372881355932
29.0,5.0,11.0,0.1,0.1,0.4,3.0,293.0,0.0,0.0,0.24573378839590443
29.0,5.0,12.0,0.1,0.1,0.4,3.0,290.0,0.0,0.0,0.24482758620689654
29.0,5.0,13.0,0.1,0.1,0.4,3.0,292.0,0.0,0.0,0.2465753424657534
29.0,5.0,14.0,0.1,0.1,0.4,3.0,290.0,0.0,0.0,0.2482758620689655
29.0,5.0,15.0,0.1,0.1,0.4,3.0,288.0,0.0,0.0,0.2465277777777778
29.0,5.0,16.0,0.1,0.1,0.4,3.0,289.0,0.0,0.0,0.2491349480968858
29.0,5.0,17.0,0.1,0.1,0.4,3.0,290.0,0.0,0.0,0.24482758620689654
29.0,5.0,18.0,0.1,0.1,0.4,3.0,286.0,0.0,0.0,0.24475524475524477
29.0,5.0,19.0,0.1,0.1,0.4,3.0,288.0,0.0,0.0,0.23958333333333334
29.0,5.0,20.0,0.1,0.1,0.4,3.0,563.0,0.0,0.0,0.12255772646536411
29.0,5.0,21.0,0.1,0.1,0.4,3.0,558.0,0.0,0.0,0.12365591397849462
29.0,5.0,22.0,0.1,0.1,0.4,3.0,519.0,0.0,0.0,0.1252408477842004
29.0,5.0,23.0,0.1,0.1,0.4,3.0,515.0,0.0,0.0,0.1262135922330097
29.0,5.0,24.0,0.1,0.1,0.4,3.0,479.0,0.0,0.0,0.12943632567849686
29.0,5.0,25.0,0.1,0.1,0.4,3.0,469.0,0.0,0.0,0.13432835820895522
29.0,5.0,26.0,0.1,0.1,0.4,3.0,459.0,0.0,0.0,0.1394335511982571
29.0,5.0,27.0,0.1,0.1,0.4,3.0,420.0,0.0,0.0,0.14047619047619048
29.0,5.0,28.0,0.1,0.1,0.4,3.0,410.0,0.0,0.0,0.14146341463414633
29.0,5.0,29.0,0.1,0.1,0.4,3.0,410.0,0.0,0.0,0.13902439024390245
29.0,5.0,30.0,0.1,0.1,0.4,3.0,401.0,0.0,0.0,0.14463840399002495
29.0,5.0,31.0,0.1,0.1,0.4,3.0,392.0,0.0,0.0,0.14540816326530612
29.0,5.0,32.0,0.1,0.1,0.4,3.0,370.0,0.0,0.0,0.15135135135135136
29.0,5.0,33.0,0.1,0.1,0.4,3.0,345.0,0.0,0.0,0.1565217391304348
29.0,5.0,34.0,0.1,0.1,0.4,3.0,319.0,0.0,0.0,0.15987460815047022
29.0,5.0,35.0,0.1,0.1,0.4,3.0,315.0,0.0,0.0,0.15555555555555556
29.0,5.0,36.0,0.1,0.1,0.4,3.0,305.0,0.0,0.0,0.1540983606557377
29.0,5.0,37.0,0.1,0.1,0.4,3.0,298.0,0.0,0.0,0.15100671140939598
29.0,5.0,38.0,0.1,0.1,0.4,3.0,287.0,0.0,0.0,0.156794425087108
29.0,5.0,39.0,0.1,0.1,0.4,3.0,290.0,0.0,0.0,0.15517241379310345
29.0,5.0,40.0,0.1,0.1,0.4,3.0,283.0,0.0,0.0,0.1519434628975265
29.0,5.0,41.0,0.1,0.1,0.4,3.0,274.0,0.0,0.0,0.15693430656934307
29.0,5.0,42.0,0.1,0.1,0.4,3.0,273.0,0.0,0.0,0.1575091575091575
29.0,5.0,43.0,0.1,0.1,0.4,3.0,272.0,0.0,0.0,0.15441176470588236
29.0,5.0,44.0,0.1,0.1,0.4,3.0,271.0,0.0,0.0,0.15498154981549817
29.0,5.0,45.0,0.1,0.1,0.4,3.0,266.0,0.0,0.0,0.21052631578947367
29.0,5.0,46.0,0.1,0.1,0.4,3.0,257.0,0.0,0.0,0.21011673151750973
29.0,5.0,47.0,0.1,0.1,0.4,3.0,256.0,0.0,0.0,0.2109375
29.0,5.0,48.0,0.1,0.1,0.4,3.0,257.0,0.0,0.0,0.21011673151750973
29.0,5.0,49.0,0.1,0.1,0.4,3.0,256.0,0.0,0.0,0.20703125
29.0,5.0,50.0,0.1,0.1,0.4,3.0,247.0,0.0,0.0,0.21052631578947367
29.0,5.0,51.0,0.1,0.1,0.4,3.0,244.0,0.0,0.0,0.20901639344262296
29.0,5.0,52.0,0.1,0.1,0.4,3.0,243.0,0.0,0.0,0.20987654320987653
29.0,6.0,1.0,0.1,0.1,0.4,3.0,238.0,0.0,0.0,0.21008403361344538
29.0,6.0,2.0,0.1,0.1,0.4,3.0,240.0,0.0,0.0,0.20833333333333334
29.0,6.0,3.0,0.1,0.1,0.4,3.0,237.0,0.0,0.0,0.2109704641350211
29.0,6.0,4.0,0.1,0.1,0.4,3.0,239.0,0.0,0.0,0.20920502092050208
29.0,6.0,5.0,0.1,0.1,0.4,3.0,237.0,0.0,0.0,0.20675105485232068
29.0,6.0,6.0,0.1,0.1,0.4,3.0,236.0,0.0,0.0,0.2076271186440678
29.0,6.0,7.0,0.1,0.1,0.4,3.0,233.0,0.0,0.0,0.21030042918454936
29.0,6.0,8.0,0.1,0.1,0.4,3.0,234.0,0.0,0.0,0.20512820512820512
29.0,6.0,9.0,0.1,0.1,0.4,3.0,230.0,0.0,0.0,0.21304347826086956
29.0,6.0,10.0,0.1,0.1,0.4,3.0,232.0,0.0,0.0,0.21120689655172414
29.0,6.0,11.0,0.1,0.1,0.4,3.0,229.0,0.0,0.0,0.2096069868995633
29.0,6.0,12.0,0.1,0.1,0.4,3.0,231.0,0.0,0.0,0.2077922077922078
29.0,6.0,13.0,0.1,0.1,0.4,3.0,228.0,0.0,0.0,0.20614035087719298
29.0,6.0,14.0,0.1,0.1,0.4,3.0,230.0,0.0,0.0,0.20434782608695654
29.0,6.0,15.0,0.1,0.1,0.4,3.0,226.0,0.0,0.0,0.2079646017699115
29.0,6.0,16.0,0.1,0.1,0.4,3.0,228.0,0.0,0.0,0.20175438596491227
29.0,6.0,17.0,0.1,0.1,0.4,3.0,225.0,0.0,0.0,0.20444444444444446
29.0,6.0,18.0,0.1,0.1,0.4,3.0,227.0,0.0,0.0,0.2026431718061674
29.0,6.0,19.0,0.1,0.1,0.4,3.0,225.0,0.0,0.0,0.20444444444444446
29.0,6.0,20.0,0.1,0.1,0.4,3.0,389.0,0.0,0.0,0.11825192802056556
29.0,6.0,21.0,0.1,0.1,0.4,3.0,371.0,0.0,0.0,0.12129380053908356
29.0,6.0,22.0,0.1,0.1,0.4,3.0,365.0,0.0,0.0,0.12602739726027398
29.0,6.0,23.0,0.1,0.1,0.4,3.0,331.0,0.0,0.0,0.12386706948640483
29.0,6.0,24.0,0.1,0.1,0.4,3.0,310.0,0.0,0.0,0.12580645161290321
29.0,6.0,25.0,0.1,0.1,0.4,3.0,303.0,0.0,0.0,0.12871287128712872
29.0,6.0,26.0,0.1,0.1,0.4,3.0,302.0,0.0,0.0,0.12582781456953643
29.0,6.0,27.0,0.1,0.1,0.4,3.0,295.0,0.0,0.0,0.1288135593220339
29.0,6.0,28.0,0.1,0.1,0.4,3.0,291.0,0.0,0.0,0.12714776632302405
29.0,6.0,29.0,0.1,0.1,0.4,3.0,288.0,0.0,0.0,0.12152777777777778
29.0,6.0,30.0,0.1,0.1,0.4,3.0,289.0,0.0,0.0,0.12110726643598616
29.0,6.0,31.0,0.1,0.1,0.4,3.0,280.0,0.0,0.0,0.12142857142857143
29.0,6.0,32.0,0.1,0.1,0.4,3.0,280.0,0.0,0.0,0.12142857142857143
29.0,6.0,33.0,0.1,0.1,0.4,3.0,267.0,0.0,0.0,0.12359550561797752
29.0,6.0,34.0,0.1,0.1,0.4,3.0,253.0,0.0,0.0,0.1225296442687747
29.0,6.0,35.0,0.1,0.1,0.4,3.0,254.0,0.0,0.0,0.1220472440944882
29.0,6.0,36.0,0.1,0.1,0.4,3.0,253.0,0.0,0.0,0.11857707509881422
29.0,6.0,37.0,0.1,0.1,0.4,3.0,244.0,0.0,0.0,0.12295081967213115
29.0,6.0,38.0,0.1,0.1,0.4,3.0,245.0,0.0,0.0,0.12244897959183673
29.0,6.0,39.0,0.1,0.1,0.4,3.0,234.0,0.0,0.0,0.1282051282051282
29.0,6.0,40.0,0.1,0.1,0.4,3.0,234.0,0.0,0.0,0.1282051282051282
29.0,6.0,41.0,0.1,0.1,0.4,3.0,233.0,0.0,0.0,0.12875536480686695
29.0,6.0,42.0,0.1,0.1,0.4,3.0,234.0,0.0,0.0,0.1282051282051282
29.0,6.0,43.0,0.1,0.1,0.4,3.0,233.0,0.0,0.0,0.12875536480686695
29.0,6.0,44.0,0.1,0.1,0.4,3.0,233.0,0.0,0.0,0.12875536480686695
29.0,6.0,45.0,0.1,0.1,0.4,3.0,232.0,0.0,0.0,0.1896551724137931
29.0,6.0,46.0,0.1,0.1,0.4,3.0,232.0,0.0,0.0,0.1896551724137931
29.0,6.0,47.0,0.1,0.1,0.4,3.0,233.0,0.0,0.0,0.1888412017167382
29.0,6.0,48.0,0.1,0.1,0.4,3.0,232.0,0.0,0.0,0.1896551724137931
29.0,6.0,49.0,0.1,0.1,0.4,3.0,230.0,0.0,0.0,0.19130434782608696
29.0,6.0,50.0,0.1,0.1,0.4,3.0,228.0,0.0,0.0,0.18859649122807018
29.0,6.0,51.0,0.1,0.1,0.4,3.0,230.0,0.0,0.0,0.18695652173913044
29.0,6.0,52.0,0.1,0.1,0.4,3.0,228.0,0.0,0.0,0.18859649122807018
29.0,7.0,1.0,0.1,0.1,0.4,3.0,230.0,0.0,0.0,0.18695652173913044
29.0,7.0,2.0,0.1,0.1,0.4,3.0,227.0,0.0,0.0,0.1894273127753304
29.0,7.0,3.0,0.1,0.1,0.4,3.0,230.0,0.0,0.0,0.18695652173913044
29.0,7.0,4.0,0.1,0.1,0.4,3.0,224.0,0.0,0.0,0.19196428571428573
29.0,7.0,5.0,0.1,0.1,0.4,3.0,228.0,0.0,0.0,0.18859649122807018
29.0,7.0,6.0,0.1,0.1,0.4,3.0,223.0,0.0,0.0,0.19282511210762332
29.0,7.0,7.0,0.1,0.1,0.4,3.0,227.0,0.0,0.0,0.1894273127753304
29.0,7.0,8.0,0.1,0.1,0.4,3.0,221.0,0.0,0.0,0.19457013574660634
29.0,7.0,9.0,0.1,0.1,0.4,3.0,225.0,0.0,0.0,0.19111111111111112
29.0,7.0,10.0,0.1,0.1,0.4,3.0,221.0,0.0,0.0,0.19457013574660634
29.0,7.0,11.0,0.1,0.1,0.4,3.0,223.0,0.0,0.0,0.19282511210762332
29.0,7.0,12.0,0.1,0.1,0.4,3.0,221.0,0.0,0.0,0.19457013574660634
29.0,7.0,13.0,0.1,0.1,0.4,3.0,225.0,0.0,0.0,0.19111111111111112
29.0,7.0,14.0,0.1,0.1,0.4,3.0,222.0,0.0,0.0,0.19369369369369369
29.0,7.0,15.0,0.1,0.1,0.4,3.0,225.0,0.0,0.0,0.19111111111111112
29.0,7.0,16.0,0.1,0.1,0.4,3.0,222.0,0.0,0.0,0.19369369369369369
29.0,7.0,17.0,0.1,0.1,0.4,3.0,224.0,0.0,0.0,0.19196428571428573
29.0,7.0,18.0,0.1,0.1,0.4,3.0,221.0,0.0,0.0,0.19457013574660634
29.0,7.0,19.0,0.1,0.1,0.4,3.0,223.0,0.0,0.0,0.19282511210762332
29.0,7.0,20.0,0.1,0.1,0.4,3.0,399.0,0.0,0.0,0.10776942355889724
29.0,7.0,21.0,0.1,0.1,0.4,3.0,400.0,0.0,0.0,0.1075
29.0,7.0,22.0,0.1,0.1,0.4,3.0,348.0,0.0,0.0,0.10632183908045977
29.0,7.0,23.0,0.1,0.1,0.4,3.0,341.0,0.0,0.0,0.10850439882697947
29.0,7.0,24.0,0.1,0.1,0.4,3.0,339.0,0.0,0.0,0.10914454277286136
29.0,7.0,25.0,0.1,0.1,0.4,3.0,329.0,0.0,0.0,0.11246200607902736
29.0,7.0,26.0,0.1,0.1,0.4,3.0,313.0,0.0,0.0,0.11501597444089456
29.0,7.0,27.0,0.1,0.1,0.4,3.0,316.0,0.0,0.0,0.11392405063291139
29.0,7.0,28.0,0.1,0.1,0.4,3.0,274.0,0.0,0.0,0.11678832116788321
29.0,7.0,29.0,0.1,0.1,0.4,3.0,267.0,0.0,0.0,0.11610486891385768
29.0,7.0,30.0,0.1,0.1,0.4,3.0,264.0,0.0,0.0,0.11742424242424243
29.0,7.0,31.0,0.1,0.1,0.4,3.0,266.0,0.0,0.0,0.11654135338345864
29.0,7.0,32.0,0.1,0.1,0.4,3.0,264.0,0.0,0.0,0.11742424242424243
29.0,7.0,33.0,0.1,0.1,0.4,3.0,266.0,0.0,0.0,0.11654135338345864
29.0,7.0,34.0,0.1,0.1,0.4,3.0,263.0,0.0,0.0,0.11787072243346007
29.0,7.0,35.0,0.1,0.1,0.4,3.0,264.0,0.0,0.0,0.11742424242424243
29.0,7.0,36.0,0.1,0.1,0.4,3.0,246.0,0.0,0.0,0.12601626016260162
29.0,7.0,37.0,0.1,0.1,0.4,3.0,251.0,0.0,0.0,0.12350597609561753
29.0,7.0,38.0,0.1,0.1,0.4,3.0,248.0,0.0,0.0,0.125
29.0,7.0,39.0,0.1,0.1,0.4,3.0,241.0,0.0,0.0,0.12448132780082988
29.0,7.0,40.0,0.1,0.1,0.4,3.0,232.0,0.0,0.0,0.12931034482758622
29.0,7.0,41.0,0.1,0.1,0.4,3.0,234.0,0.0,0.0,0.1282051282051282
29.0,7.0,42.0,0.1,0.1,0.4,3.0,230.0,0.0,0.0,0.13043478260869565
29.0,7.0,43.0,0.1,0.1,0.4,3.0,230.0,0.0,0.0,0.13043478260869565
29.0,7.0,44.0,0.1,0.1,0.4,3.0,227.0,0.0,0.0,0.1277533039647577
29.0,7.0,45.0,0.1,0.1,0.4,3.0,216.0,0.0,0.0,0.18981481481481483
29.0,7.0,46.0,0.1,0.1,0.4,3.0,211.0,0.0,0.0,0.1943127962085308
29.0,7.0,47.0,0.1,0.1,0.4,3.0,214.0,0.0,0.0,0.19158878504672897
29.0,7.0,48.0,0.1,0.1,0.4,3.0,210.0,0.0,0.0,0.19523809523809524
29.0,7.0,49.0,0.1,0.1,0.4,3.0,211.0,0.0,0.0,0.1943127962085308
29.0,7.0,50.0,0.1,0.1,0.4,3.0,208.0,0.0,0.0,0.19230769230769232
29.0,7.0,51.0,0.1,0.1,0.4,3.0,208.0,0.0,0.0,0.1875
29.0,7.0,52.0,0.1,0.1,0.4,3.0,206.0,0.0,0.0,0.18932038834951456
29.0,8.0,1.0,0.1,0.1,0.4,3.0,206.0,0.0,0.0,0.18446601941747573
29.0,8.0,2.0,0.1,0.1,0.4,3.0,204.0,0.0,0.0,0.18627450980392157
29.0,8.0,3.0,0.1,0.1,0.4,3.0,206.0,0.0,0.0,0.18446601941747573
29.0,8.0,4.0,0.1,0.1,0.4,3.0,201.0,0.0,0.0,0.1890547263681592
29.0,8.0,5.0,0.1,0.1,0.4,3.0,201.0,0.0,0.0,0.1890547263681592
29.0,8.0,6.0,0.1,0.1,0.4,3.0,189.0,0.0,0.0,0.19047619047619047
29.0,8.0,7.0,0.1,0.1,0.4,3.0,191.0,0.0,0.0,0.18848167539267016
29.0,8.0,8.0,0.1,0.1,0.4,3.0,189.0,0.0,0.0,0.19047619047619047
29.0,8.0,9.0,0.1,0.1,0.4,3.0,191.0,0.0,0.0,0.18848167539267016
29.0,8.0,10.0,0.1,0.1,0.4,3.0,189.0,0.0,0.0,0.19047619047619047
29.0,8.0,11.0,0.1,0.1,0.4,3.0,189.0,0.0,0.0,0.18518518518518517
29.0,8.0,12.0,0.1,0.1,0.4,3.0,187.0,0.0,0.0,0.18716577540106952
29.0,8.0,13.0,0.1,0.1,0.4,3.0,189.0,0.0,0.0,0.18518518518518517
29.0,8.0,14.0,0.1,0.1,0.4,3.0,186.0,0.0,0.0,0.1827956989247312
29.0,8.0,15.0,0.1,0.1,0.4,3.0,187.0,0.0,0.0,0.18181818181818182
29.0,8.0,16.0,0.1,0.1,0.4,3.0,185.0,0.0,0.0,0.1837837837837838
29.0,8.0,17.0,0.1,0.1,0.4,3.0,187.0,0.0,0.0,0.18181818181818182
29.0,8.0,18.0,0.1,0.1,0.4,3.0,185.0,0.0,0.0,0.1837837837837838
29.0,8.0,19.0,0.1,0.1,0.4,3.0,187.0,0.0,0.0,0.18181818181818182
29.0,8.0,20.0,0.1,0.1,0.4,3.0,320.0,0.0,0.0,0.10625
29.0,8.0,21.0,0.1,0.1,0.4,3.0,322.0,0.0,0.0,0.10559006211180125
29.0,8.0,22.0,0.1,0.1,0.4,3.0,293.0,0.0,0.0,0.10921501706484642
29.0,8.0,23.0,0.1,0.1,0.4,3.0,277.0,0.0,0.0,0.10108303249097472
29.0,8.0,24.0,0.1,0.1,0.4,3.0,262.0,0.0,0.0,0.10687022900763359
29.0,8.0,25.0,0.1,0.1,0.4,3.0,265.0,0.0,0.0,0.10566037735849057
29.0,8.0,26.0,0.1,0.1,0.4,3.0,262.0,0.0,0.0,0.10687022900763359
29.0,8.0,27.0,0.1,0.1,0.4,3.0,265.0,0.0,0.0,0.10566037735849057
29.0,8.0,28.0,0.1,0.1,0.4,3.0,240.0,0.0,0.0,0.10833333333333334
29.0,8.0,29.0,0.1,0.1,0.4,3.0,232.0,0.0,0.0,0.11206896551724138
29.0,8.0,30.0,0.1,0.1,0.4,3.0,219.0,0.0,0.0,0.1141552511415525
29.0,8.0,31.0,0.1,0.1,0.4,3.0,209.0,0.0,0.0,0.11961722488038277
29.0,8.0,32.0,0.1,0.1,0.4,3.0,207.0,0.0,0.0,0.12077294685990338
29.0,8.0,33.0,0.1,0.1,0.4,3.0,209.0,0.0,0.0,0.11961722488038277
29.0,8.0,34.0,0.1,0.1,0.4,3.0,199.0,0.0,0.0,0.12562814070351758
29.0,8.0,35.0,0.1,0.1,0.4,3.0,201.0,0.0,0.0,0.12437810945273632
29.0,8.0,36.0,0.1,0.1,0.4,3.0,191.0,0.0,0.0,0.13089005235602094
29.0,8.0,37.0,0.1,0.1,0.4,3.0,193.0,0.0,0.0,0.12953367875647667
29.0,8.0,38.0,0.1,0.1,0.4,3.0,191.0,0.0,0.0,0.13089005235602094
29.0,8.0,39.0,0.1,0.1,0.4,3.0,192.0,0.0,0.0,0.13020833333333334
29.0,8.0,40.0,0.1,0.1,0.4,3.0,189.0,0.0,0.0,0.13227513227513227
29.0,8.0,41.0,0.1,0.1,0.4,3.0,191.0,0.0,0.0,0.13089005235602094
29.0,8.0,42.0,0.1,0.1,0.4,3.0,176.0,0.0,0.0,0.13068181818181818
29.0,8.0,43.0,0.1,0.1,0.4,3.0,177.0,0.0,0.0,0.12994350282485875
29.0,8.0,44.0,0.1,0.1,0.4,3.0,173.0,0.0,0.0,0.12716763005780346
29.0,8.0,45.0,0.1,0.1,0.4,3.0,176.0,0.0,0.0,0.21022727272727273
29.0,8.0,46.0,0.1,0.1,0.4,3.0,174.0,0.0,0.0,0.21264367816091953
29.0,8.0,47.0,0.1,0.1,0.4,3.0,176.0,0.0,0.0,0.21022727272727273
29.0,8.0,48.0,0.1,0.1,0.4,3.0,174.0,0.0,0.0,0.21264367816091953
29.0,8.0,49.0,0.1,0.1,0.4,3.0,176.0,0.0,0.0,0.21022727272727273
29.0,8.0,50.0,0.1,0.1,0.4,3.0,173.0,0.0,0.0,0.2138728323699422
29.0,8.0,51.0,0.1,0.1,0.4,3.0,176.0,0.0,0.0,0.21022727272727273
29.0,8.0,52.0,0.1,0.1,0.4,3.0,174.0,0.0,0.0,0.21264367816091953
29.0,9.0,1.0,0.1,0.1,0.4,3.0,176.0,0.0,0.0,0.21022727272727273
29.0,9.0,2.0,0.1,0.1,0.4,3.0,173.0,0.0,0.0,0.2138728323699422
29.0,9.0,3.0,0.1,0.1,0.4,3.0,174.0,0.0,0.0,0.21264367816091953
29.0,9.0,4.0,0.1,0.1,0.4,3.0,173.0,0.0,0.0,0.2138728323699422
29.0,9.0,5.0,0.1,0.1,0.4,3.0,173.0,0.0,0.0,0.2138728323699422
29.0,9.0,6.0,0.1,0.1,0.4,3.0,173.0,0.0,0.0,0.2138728323699422
29.0,9.0,7.0,0.1,0.1,0.4,3.0,175.0,0.0,0.0,0.21142857142857144
29.0,9.0,8.0,0.1,0.1,0.4,3.0,173.0,0.0,0.0,0.2138728323699422
29.0,9.0,9.0,0.1,0.1,0.4,3.0,175.0,0.0,0.0,0.21142857142857144
29.0,9.0,10.0,0.1,0.1,0.4,3.0,164.0,0.0,0.0,0.20121951219512196
29.0,9.0,11.0,0.1,0.1,0.4,3.0,159.0,0.0,0.0,0.2138364779874214
29.0,9.0,12.0,0.1,0.1,0.4,3.0,156.0,0.0,0.0,0.21794871794871795
29.0,9.0,13.0,0.1,0.1,0.4,3.0,159.0,0.0,0.0,0.2138364779874214
29.0,9.0,14.0,0.1,0.1,0.4,3.0,157.0,0.0,0.0,0.21656050955414013
29.0,9.0,15.0,0.1,0.1,0.4,3.0,159.0,0.0,0.0,0.2138364779874214
29.0,9.0,16.0,0.1,0.1,0.4,3.0,155.0,0.0,0.0,0.21935483870967742
29.0,9.0,17.0,0.1,0.1,0.4,3.0,158.0,0.0,0.0,0.21518987341772153
29.0,9.0,18.0,0.1,0.1,0.4,3.0,155.0,0.0,0.0,0.21935483870967742
29.0,9.0,19.0,0.1,0.1,0.4,3.0,157.0,0.0,0.0,0.21019108280254778
29.0,9.0,20.0,0.1,0.1,0.4,3.0,248.0,0.0,0.0,0.11693548387096774
29.0,9.0,21.0,0.1,0.1,0.4,3.0,233.0,0.0,0.0,0.12446351931330472
29.0,9.0,22.0,0.1,0.1,0.4,3.0,214.0,0.0,0.0,0.13551401869158877
29.0,9.0,23.0,0.1,0.1,0.4,3.0,214.0,0.0,0.0,0.13551401869158877
29.0,9.0,24.0,0.1,0.1,0.4,3.0,214.0,0.0,0.0,0.13551401869158877
29.0,9.0,25.0,0.1,0.1,0.4,3.0,203.0,0.0,0.0,0.13793103448275862
29.0,9.0,26.0,0.1,0.1,0.4,3.0,204.0,0.0,0.0,0.14215686274509803
29.0,9.0,27.0,0.1,0.1,0.4,3.0,204.0,0.0,0.0,0.14215686274509803
29.0,9.0,28.0,0.1,0.1,0.4,3.0,204.0,0.0,0.0,0.14215686274509803
29.0,9.0,29.0,0.1,0.1,0.4,3.0,204.0,0.0,0.0,0.14215686274509803
29.0,9.0,30.0,0.1,0.1,0.4,3.0,204.0,0.0,0.0,0.14215686274509803
29.0,9.0,31.0,0.1,0.1,0.4,3.0,204.0,0.0,0.0,0.14215686274509803
29.0,9.0,32.0,0.1,0.1,0.4,3.0,204.0,0.0,0.0,0.14215686274509803
29.0,9.0,33.0,0.1,0.1,0.4,3.0,204.0,0.0,0.0,0.14215686274509803
29.0,9.0,34.0,0.1,0.1,0.4,3.0,204.0,0.0,0.0,0.14215686274509803
29.0,9.0,35.0,0.1,0.1,0.4,3.0,204.0,0.0,0.0,0.14215686274509803
29.0,9.0,36.0,0.1,0.1,0.4,3.0,204.0,0.0,0.0,0.14215686274509803
29.0,9.0,37.0,0.1,0.1,0.4,3.0,204.0,0.0,0.0,0.14215686274509803
29.0,9.0,38.0,0.1,0.1,0.4,3.0,204.0,0.0,0.0,0.14215686274509803
29.0,9.0,39.0,0.1,0.1,0.4,3.0,204.0,0.0,0.0,0.14215686274509803
29.0,9.0,40.0,0.1,0.1,0.4,3.0,190.0,0.0,0.0,0.14736842105263157
29.0,9.0,41.0,0.1,0.1,0.4,3.0,175.0,0.0,0.0,0.15428571428571428
29.0,9.0,42.0,0.1,0.1,0.4,3.0,173.0,0.0,0.0,0.15606936416184972
29.0,9.0,43.0,0.1,0.1,0.4,3.0,174.0,0.0,0.0,0.15517241379310345
29.0,9.0,44.0,0.1,0.1,0.4,3.0,174.0,0.0,0.0,0.15517241379310345
29.0,9.0,45.0,0.1,0.1,0.4,3.0,172.0,0.0,0.0,0.20348837209302326
29.0,9.0,46.0,0.1,0.1,0.4,3.0,172.0,0.0,0.0,0.20348837209302326
29.0,9.0,47.0,0.1,0.1,0.4,3.0,172.0,0.0,0.0,0.20348837209302326
29.0,9.0,48.0,0.1,0.1,0.4,3.0,172.0,0.0,0.0,0.20348837209302326
29.0,9.0,49.0,0.1,0.1,0.4,3.0,161.0,0.0,0.0,0.2111801242236025
29.0,9.0,50.0,0.1,0.1,0.4,3.0,152.0,0.0,0.0,0.21710526315789475
29.0,9.0,51.0,0.1,0.1,0.4,3.0,152.0,0.0,0.0,0.21710526315789475
29.0,9.0,52.0,0.1,0.1,0.4,3.0,149.0,0.0,0.0,0.2214765100671141
29.0,10.0,1.0,0.1,0.1,0.4,3.0,148.0,0.0,0.0,0.22297297297297297
29.0,10.0,2.0,0.1,0.1,0.4,3.0,148.0,0.0,0.0,0.22297297297297297
29.0,10.0,3.0,0.1,0.1,0.4,3.0,148.0,0.0,0.0,0.22297297297297297
29.0,10.0,4.0,0.1,0.1,0.4,3.0,148.0,0.0,0.0,0.22297297297297297
29.0,10.0,5.0,0.1,0.1,0.4,3.0,148.0,0.0,0.0,0.22297297297297297
29.0,10.0,6.0,0.1,0.1,0.4,3.0,148.0,0.0,0.0,0.22297297297297297
29.0,10.0,7.0,0.1,0.1,0.4,3.0,148.0,0.0,0.0,0.22297297297297297
29.0,10.0,8.0,0.1,0.1,0.4,3.0,148.0,0.0,0.0,0.22297297297297297
29.0,10.0,9.0,0.1,0.1,0.4,3.0,148.0,0.0,0.0,0.22297297297297297
29.0,10.0,10.0,0.1,0.1,0.4,3.0,139.0,0.0,0.0,0.22302158273381295
29.0,10.0,11.0,0.1,0.1,0.4,3.0,139.0,0.0,0.0,0.22302158273381295
29.0,10.0,12.0,0.1,0.1,0.4,3.0,138.0,0.0,0.0,0.2246376811594203
29.0,10.0,13.0,0.1,0.1,0.4,3.0,138.0,0.0,0.0,0.2246376811594203
29.0,10.0,14.0,0.1,0.1,0.4,3.0,138.0,0.0,0.0,0.2246376811594203
29.0,10.0,15.0,0.1,0.1,0.4,3.0,138.0,0.0,0.0,0.2246376811594203
29.0,10.0,16.0,0.1,0.1,0.4,3.0,138.0,0.0,0.0,0.2246376811594203
29.0,10.0,17.0,0.1,0.1,0.4,3.0,138.0,0.0,0.0,0.2246376811594203
29.0,10.0,18.0,0.1,0.1,0.4,3.0,135.0,0.0,0.0,0.2222222222222222
29.0,10.0,19.0,0.1,0.1,0.4,3.0,136.0,0.0,0.0,0.22794117647058823
29.0,10.0,20.0,0.1,0.1,0.4,3.0,248.0,0.0,0.0,0.11290322580645161
29.0,10.0,21.0,0.1,0.1,0.4,3.0,248.0,0.0,0.0,0.11290322580645161
29.0,10.0,22.0,0.1,0.1,0.4,3.0,228.0,0.0,0.0,0.11842105263157894
29.0,10.0,23.0,0.1,0.1,0.4,3.0,228.0,0.0,0.0,0.11842105263157894
29.0,10.0,24.0,0.1,0.1,0.4,3.0,220.0,0.0,0.0,0.12272727272727273
29.0,10.0,25.0,0.1,0.1,0.4,3.0,220.0,0.0,0.0,0.12272727272727273
29.0,10.0,26.0,0.1,0.1,0.4,3.0,220.0,0.0,0.0,0.12272727272727273
29.0,10.0,27.0,0.1,0.1,0.4,3.0,220.0,0.0,0.0,0.12272727272727273
29.0,10.0,28.0,0.1,0.1,0.4,3.0,220.0,0.0,0.0,0.12272727272727273
29.0,10.0,29.0,0.1,0.1,0.4,3.0,212.0,0.0,0.0,0.12264150943396226
29.0,10.0,30.0,0.1,0.1,0.4,3.0,212.0,0.0,0.0,0.12264150943396226
29.0,10.0,31.0,0.1,0.1,0.4,3.0,204.0,0.0,0.0,0.12745098039215685
29.0,10.0,32.0,0.1,0.1,0.4,3.0,203.0,0.0,0.0,0.12315270935960591
29.0,10.0,33.0,0.1,0.1,0.4,3.0,188.0,0.0,0.0,0.13829787234042554
29.0,10.0,34.0,0.1,0.1,0.4,3.0,174.0,0.0,0.0,0.14367816091954022
29.0,10.0,35.0,0.1,0.1,0.4,3.0,171.0,0.0,0.0,0.14035087719298245
29.0,10.0,36.0,0.1,0.1,0.4,3.0,174.0,0.0,0.0,0.14367816091954022
29.0,10.0,37.0,0.1,0.1,0.4,3.0,174.0,0.0,0.0,0.14367816091954022
29.0,10.0,38.0,0.1,0.1,0.4,3.0,174.0,0.0,0.0,0.14367816091954022
29.0,10.0,39.0,0.1,0.1,0.4,3.0,164.0,0.0,0.0,0.14634146341463414
29.0,10.0,40.0,0.1,0.1,0.4,3.0,165.0,0.0,0.0,0.14545454545454545
29.0,10.0,41.0,0.1,0.1,0.4,3.0,152.0,0.0,0.0,0.1513157894736842
29.0,10.0,42.0,0.1,0.1,0.4,3.0,154.0,0.0,0.0,0.14935064935064934
29.0,10.0,43.0,0.1,0.1,0.4,3.0,153.0,0.0,0.0,0.1503267973856209
29.0,10.0,44.0,0.1,0.1,0.4,3.0,152.0,0.0,0.0,0.14473684210526316
29.0,10.0,45.0,0.1,0.1,0.4,3.0,152.0,0.0,0.0,0.21052631578947367
29.0,10.0,46.0,0.1,0.1,0.4,3.0,153.0,0.0,0.0,0.20915032679738563
29.0,10.0,47.0,0.1,0.1,0.4,3.0,153.0,0.0,0.0,0.20915032679738563
29.0,10.0,48.0,0.1,0.1,0.4,3.0,153.0,0.0,0.0,0.20915032679738563
29.0,10.0,49.0,0.1,0.1,0.4,3.0,140.0,0.0,0.0,0.21428571428571427
29.0,10.0,50.0,0.1,0.1,0.4,3.0,141.0,0.0,0.0,0.2127659574468085
29.0,10.0,51.0,0.1,0.1,0.4,3.0,141.0,0.0,0.0,0.2127659574468085
29.0,10.0,52.0,0.1,0.1,0.4,3.0,141.0,0.0,0.0,0.2127659574468085
30.0,1.0,1.0,0.1,0.1,0.4,3.0,5226.0,52.0,5.0,0.0945273631840796
30.0,1.0,2.0,0.1,0.1,0.4,3.0,5152.0,53.0,19.0,0.09452639751552795
30.0,1.0,3.0,0.1,0.1,0.4,3.0,5034.0,70.0,32.0,0.09515295987286453
30.0,1.0,4.0,0.1,0.1,0.4,3.0,4927.0,107.0,38.0,0.0960016237061092
30.0,1.0,5.0,0.1,0.1,0.4,3.0,4817.0,119.0,31.0,0.09777870043595599
30.0,1.0,6.0,0.1,0.1,0.4,3.0,4689.0,119.0,46.0,0.09874173597782043
30.0,1.0,7.0,0.1,0.1,0.4,3.0,4529.0,147.0,50.0,0.09803488628836388
30.0,1.0,8.0,0.1,0.1,0.4,3.0,4369.0,191.0,63.0,0.09727626459143969
30.0,1.0,9.0,0.1,0.1,0.4,3.0,4174.0,216.0,67.0,0.09966459032103497
30.0,1.0,10.0,0.1,0.1,0.4,3.0,3992.0,241.0,88.0,0.10045090180360722
30.0,1.0,11.0,0.1,0.1,0.4,3.0,3738.0,234.0,99.0,0.10112359550561797
30.0,1.0,12.0,0.1,0.1,0.4,3.0,3651.0,259.0,102.0,0.10106820049301561
30.0,1.0,13.0,0.1,0.1,0.4,3.0,3455.0,251.0,107.0,0.10332850940665701
30.0,1.0,14.0,0.1,0.1,0.4,3.0,3323.0,249.0,116.0,0.1029190490520614
30.0,1.0,15.0,0.1,0.1,0.4,3.0,3214.0,256.0,125.0,0.10516490354698195
30.0,1.0,16.0,0.1,0.1,0.4,3.0,3059.0,261.0,132.0,0.10657077476299444
30.0,1.0,17.0,0.1,0.1,0.4,3.0,2934.0,259.0,125.0,0.10736196319018405
30.0,1.0,18.0,0.1,0.1,0.4,3.0,2852.0,253.0,127.0,0.1093969144460028
30.0,1.0,19.0,0.1,0.1,0.4,3.0,2736.0,233.0,99.0,0.10928362573099415
30.0,1.0,20.0,0.1,0.1,0.4,3.0,7136.0,207.0,94.0,0.04021860986547085
30.0,1.0,21.0,0.1,0.1,0.4,3.0,6555.0,263.0,96.0,0.0418001525553013
30.0,1.0,22.0,0.1,0.1,0.4,3.0,5942.0,316.0,112.0,0.04173678895994615
30.0,1.0,23.0,0.1,0.1,0.4,3.0,5450.0,296.0,117.0,0.04256880733944954
30.0,1.0,24.0,0.1,0.1,0.4,3.0,5029.0,313.0,117.0,0.0433485782461722
30.0,1.0,25.0,0.1,0.1,0.4,3.0,4655.0,353.0,127.0,0.04618689581095596
30.0,1.0,26.0,0.1,0.1,0.4,3.0,4334.0,378.0,141.0,0.046146746654360866
30.0,1.0,27.0,0.1,0.1,0.4,3.0,4023.0,416.0,152.0,0.04797414864528959
30.0,1.0,28.0,0.1,0.1,0.4,3.0,3600.0,390.0,158.0,0.04888888888888889
30.0,1.0,29.0,0.1,0.1,0.4,3.0,3340.0,416.0,176.0,0.051796407185628744
30.0,1.0,30.0,0.1,0.1,0.4,3.0,3057.0,372.0,178.0,0.0549558390578999
30.0,1.0,31.0,0.1,0.1,0.4,3.0,2768.0,355.0,169.0,0.05852601156069364
30.0,1.0,32.0,0.1,0.1,0.4,3.0,2545.0,350.0,161.0,0.05972495088408644
30.0,1.0,33.0,0.1,0.1,0.4,3.0,2348.0,330.0,150.0,0.06260647359454855
30.0,1.0,34.0,0.1,0.1,0.4,3.0,2189.0,298.0,138.0,0.0648698035632709
30.0,1.0,35.0,0.1,0.1,0.4,3.0,2039.0,255.0,128.0,0.06866110838646396
30.0,1.0,36.0,0.1,0.1,0.4,3.0,1902.0,221.0,123.0,0.06992639327024185
30.0,1.0,37.0,0.1,0.1,0.4,3.0,1835.0,218.0,116.0,0.07193460490463215
30.0,1.0,38.0,0.1,0.1,0.4,3.0,1742.0,197.0,91.0,0.07634902411021814
30.0,1.0,39.0,0.1,0.1,0.4,3.0,1645.0,176.0,74.0,0.07963525835866261
30.0,1.0,40.0,0.1,0.1,0.4,3.0,1553.0,160.0,67.0,0.08177720540888603
30.0,1.0,41.0,0.1,0.1,0.4,3.0,1494.0,155.0,71.0,0.08099062918340026
30.0,1.0,42.0,0.1,0.1,0.4,3.0,1383.0,154.0,75.0,0.08676789587852494
30.0,1.0,43.0,0.1,0.1,0.4,3.0,1327.0,161.0,79.0,0.08741522230595328
30.0,1.0,44.0,0.1,0.1,0.4,3.0,1272.0,155.0,69.0,0.09198113207547169
30.0,1.0,45.0,0.1,0.1,0.4,3.0,1195.0,144.0,62.0,0.15732217573221757
30.0,1.0,46.0,0.1,0.1,0.4,3.0,1130.0,141.0,60.0,0.16283185840707964
30.0,1.0,47.0,0.1,0.1,0.4,3.0,1073.0,116.0,56.0,0.16402609506057783
30.0,1.0,48.0,0.1,0.1,0.4,3.0,1053.0,107.0,56.0,0.16524216524216523
30.0,1.0,49.0,0.1,0.1,0.4,3.0,958.0,100.0,47.0,0.17014613778705637
30.0,1.0,50.0,0.1,0.1,0.4,3.0,920.0,100.0,50.0,0.17608695652173914
30.0,1.0,51.0,0.1,0.1,0.4,3.0,904.0,90.0,48.0,0.17920353982300885
30.0,1.0,52.0,0.1,0.1,0.4,3.0,867.0,76.0,46.0,0.1845444059976932
30.0,2.0,1.0,0.1,0.1,0.4,3.0,837.0,65.0,40.0,0.18996415770609318
30.0,2.0,2.0,0.1,0.1,0.4,3.0,806.0,57.0,34.0,0.1935483870967742
30.0,2.0,3.0,0.1,0.1,0.4,3.0,791.0,46.0,28.0,0.19848293299620734
30.0,2.0,4.0,0.1,0.1,0.4,3.0,771.0,39.0,25.0,0.20103761348897536
30.0,2.0,5.0,0.1,0.1,0.4,3.0,760.0,35.0,21.0,0.20394736842105263
30.0,2.0,6.0,0.1,0.1,0.4,3.0,747.0,30.0,15.0,0.20615796519410978
30.0,2.0,7.0,0.1,0.1,0.4,3.0,733.0,22.0,11.0,0.2073669849931787
30.0,2.0,8.0,0.1,0.1,0.4,3.0,723.0,18.0,12.0,0.2074688796680498
30.0,2.0,9.0,0.1,0.1,0.4,3.0,707.0,17.0,11.0,0.21074964639321075
30.0,2.0,10.0,0.1,0.1,0.4,3.0,699.0,13.0,9.0,0.2117310443490701
30.0,2.0,11.0,0.1,0.1,0.4,3.0,687.0,8.0,4.0,0.21106259097525473
30.0,2.0,12.0,0.1,0.1,0.4,3.0,688.0,8.0,5.0,0.21075581395348839
30.0,2.0,13.0,0.1,0.1,0.4,3.0,671.0,7.0,3.0,0.21162444113263784
30.0,2.0,14.0,0.1,0.1,0.4,3.0,671.0,6.0,3.0,0.21162444113263784
30.0,2.0,15.0,0.1,0.1,0.4,3.0,659.0,7.0,3.0,0.21547799696509864
30.0,2.0,16.0,0.1,0.1,0.4,3.0,659.0,8.0,3.0,0.212443095599393
30.0,2.0,17.0,0.1,0.1,0.4,3.0,648.0,7.0,5.0,0.21450617283950618
30.0,2.0,18.0,0.1,0.1,0.4,3.0,648.0,7.0,3.0,0.21450617283950618
30.0,2.0,19.0,0.1,0.1,0.4,3.0,639.0,9.0,4.0,0.21752738654147105
30.0,2.0,20.0,0.1,0.1,0.4,3.0,1142.0,6.0,1.0,0.12171628721541156
30.0,2.0,21.0,0.1,0.1,0.4,3.0,1125.0,6.0,2.0,0.12088888888888889
30.0,2.0,22.0,0.1,0.1,0.4,3.0,1045.0,5.0,2.0,0.12344497607655502
30.0,2.0,23.0,0.1,0.1,0.4,3.0,988.0,5.0,4.0,0.12550607287449392
30.0,2.0,24.0,0.1,0.1,0.4,3.0,977.0,4.0,4.0,0.12487205731832139
30.0,2.0,25.0,0.1,0.1,0.4,3.0,919.0,3.0,3.0,0.1294885745375408
30.0,2.0,26.0,0.1,0.1,0.4,3.0,882.0,1.0,1.0,0.1349206349206349
30.0,2.0,27.0,0.1,0.1,0.4,3.0,855.0,0.0,0.0,0.13450292397660818
30.0,2.0,28.0,0.1,0.1,0.4,3.0,859.0,0.0,0.0,0.13271245634458673
30.0,2.0,29.0,0.1,0.1,0.4,3.0,821.0,0.0,0.0,0.1364190012180268
30.0,2.0,30.0,0.1,0.1,0.4,3.0,806.0,0.0,0.0,0.13647642679900746
30.0,2.0,31.0,0.1,0.1,0.4,3.0,801.0,0.0,0.0,0.13607990012484394
30.0,2.0,32.0,0.1,0.1,0.4,3.0,776.0,0.0,0.0,0.1404639175257732
30.0,2.0,33.0,0.1,0.1,0.4,3.0,770.0,0.0,0.0,0.14025974025974025
30.0,2.0,34.0,0.1,0.1,0.4,3.0,754.0,0.0,0.0,0.1419098143236074
30.0,2.0,35.0,0.1,0.1,0.4,3.0,731.0,0.0,0.0,0.14500683994528044
30.0,2.0,36.0,0.1,0.1,0.4,3.0,714.0,0.0,0.0,0.14425770308123248
30.0,2.0,37.0,0.1,0.1,0.4,3.0,694.0,0.0,0.0,0.14265129682997119
30.0,2.0,38.0,0.1,0.1,0.4,3.0,679.0,0.0,0.0,0.14727540500736377
30.0,2.0,39.0,0.1,0.1,0.4,3.0,642.0,0.0,0.0,0.14485981308411214
30.0,2.0,40.0,0.1,0.1,0.4,3.0,629.0,0.0,0.0,0.14149443561208266
30.0,2.0,41.0,0.1,0.1,0.4,3.0,606.0,0.0,0.0,0.14686468646864687
30.0,2.0,42.0,0.1,0.1,0.4,3.0,609.0,0.0,0.0,0.1412151067323481
30.0,2.0,43.0,0.1,0.1,0.4,3.0,594.0,0.0,0.0,0.14309764309764308
30.0,2.0,44.0,0.1,0.1,0.4,3.0,590.0,0.0,0.0,0.14067796610169492
30.0,2.0,45.0,0.1,0.1,0.4,3.0,579.0,0.0,0.0,0.19861830742659758
30.0,2.0,46.0,0.1,0.1,0.4,3.0,572.0,0.0,0.0,0.19755244755244755
30.0,2.0,47.0,0.1,0.1,0.4,3.0,564.0,0.0,0.0,0.20035460992907803
30.0,2.0,48.0,0.1,0.1,0.4,3.0,567.0,0.0,0.0,0.19929453262786595
30.0,2.0,49.0,0.1,0.1,0.4,3.0,559.0,0.0,0.0,0.20214669051878353
30.0,2.0,50.0,0.1,0.1,0.4,3.0,563.0,0.0,0.0,0.20071047957371227
30.0,2.0,51.0,0.1,0.1,0.4,3.0,558.0,0.0,0.0,0.2025089605734767
30.0,2.0,52.0,0.1,0.1,0.4,3.0,556.0,0.0,0.0,0.2014388489208633
30.0,3.0,1.0,0.1,0.1,0.4,3.0,549.0,0.0,0.0,0.19854280510018216
30.0,3.0,2.0,0.1,0.1,0.4,3.0,550.0,0.0,0.0,0.19454545454545455
30.0,3.0,3.0,0.1,0.1,0.4,3.0,546.0,0.0,0.0,0.19597069597069597
30.0,3.0,4.0,0.1,0.1,0.4,3.0,547.0,0.0,0.0,0.1956124314442413
30.0,3.0,5.0,0.1,0.1,0.4,3.0,540.0,0.0,0.0,0.2
30.0,3.0,6.0,0.1,0.1,0.4,3.0,537.0,0.0,0.0,0.19925512104283055
30.0,3.0,7.0,0.1,0.1,0.4,3.0,526.0,0.0,0.0,0.1958174904942966
30.0,3.0,8.0,0.1,0.1,0.4,3.0,509.0,0.0,0.0,0.20039292730844793
30.0,3.0,9.0,0.1,0.1,0.4,3.0,502.0,0.0,0.0,0.199203187250996
30.0,3.0,10.0,0.1,0.1,0.4,3.0,492.0,0.0,0.0,0.19715447154471544
30.0,3.0,11.0,0.1,0.1,0.4,3.0,487.0,0.0,0.0,0.1971252566735113
30.0,3.0,12.0,0.1,0.1,0.4,3.0,489.0,0.0,0.0,0.19631901840490798
30.0,3.0,13.0,0.1,0.1,0.4,3.0,471.0,0.0,0.0,0.19957537154989385
30.0,3.0,14.0,0.1,0.1,0.4,3.0,475.0,0.0,0.0,0.19789473684210526
30.0,3.0,15.0,0.1,0.1,0.4,3.0,461.0,0.0,0.0,0.19956616052060738
30.0,3.0,16.0,0.1,0.1,0.4,3.0,460.0,0.0,0.0,0.2
30.0,3.0,17.0,0.1,0.1,0.4,3.0,456.0,0.0,0.0,0.20175438596491227
30.0,3.0,18.0,0.1,0.1,0.4,3.0,458.0,0.0,0.0,0.20087336244541484
30.0,3.0,19.0,0.1,0.1,0.4,3.0,454.0,0.0,0.0,0.2026431718061674
30.0,3.0,20.0,0.1,0.1,0.4,3.0,873.0,0.0,0.0,0.10423825887743414
30.0,3.0,21.0,0.1,0.1,0.4,3.0,804.0,0.0,0.0,0.1044776119402985
30.0,3.0,22.0,0.1,0.1,0.4,3.0,778.0,0.0,0.0,0.10411311053984576
30.0,3.0,23.0,0.1,0.1,0.4,3.0,744.0,0.0,0.0,0.10887096774193548
30.0,3.0,24.0,0.1,0.1,0.4,3.0,704.0,0.0,0.0,0.11221590909090909
30.0,3.0,25.0,0.1,0.1,0.4,3.0,706.0,0.0,0.0,0.11189801699716714
30.0,3.0,26.0,0.1,0.1,0.4,3.0,699.0,0.0,0.0,0.11158798283261803
30.0,3.0,27.0,0.1,0.1,0.4,3.0,684.0,0.0,0.0,0.11403508771929824
30.0,3.0,28.0,0.1,0.1,0.4,3.0,666.0,0.0,0.0,0.11411411411411411
30.0,3.0,29.0,0.1,0.1,0.4,3.0,649.0,0.0,0.0,0.1140215716486903
30.0,3.0,30.0,0.1,0.1,0.4,3.0,636.0,0.0,0.0,0.11477987421383648
30.0,3.0,31.0,0.1,0.1,0.4,3.0,626.0,0.0,0.0,0.11661341853035144
30.0,3.0,32.0,0.1,0.1,0.4,3.0,624.0,0.0,0.0,0.11378205128205128
30.0,3.0,33.0,0.1,0.1,0.4,3.0,601.0,0.0,0.0,0.11480865224625623
30.0,3.0,34.0,0.1,0.1,0.4,3.0,585.0,0.0,0.0,0.11623931623931624
30.0,3.0,35.0,0.1,0.1,0.4,3.0,546.0,0.0,0.0,0.11904761904761904
30.0,3.0,36.0,0.1,0.1,0.4,3.0,516.0,0.0,0.0,0.12403100775193798
30.0,3.0,37.0,0.1,0.1,0.4,3.0,490.0,0.0,0.0,0.12653061224489795
30.0,3.0,38.0,0.1,0.1,0.4,3.0,480.0,0.0,0.0,0.12708333333333333
30.0,3.0,39.0,0.1,0.1,0.4,3.0,477.0,0.0,0.0,0.129979035639413
30.0,3.0,40.0,0.1,0.1,0.4,3.0,474.0,0.0,0.0,0.12869198312236288
30.0,3.0,41.0,0.1,0.1,0.4,3.0,459.0,0.0,0.0,0.13507625272331156
30.0,3.0,42.0,0.1,0.1,0.4,3.0,454.0,0.0,0.0,0.1343612334801762
30.0,3.0,43.0,0.1,0.1,0.4,3.0,454.0,0.0,0.0,0.1343612334801762
30.0,3.0,44.0,0.1,0.1,0.4,3.0,430.0,0.0,0.0,0.13953488372093023
30.0,3.0,45.0,0.1,0.1,0.4,3.0,429.0,0.0,0.0,0.20512820512820512
30.0,3.0,46.0,0.1,0.1,0.4,3.0,421.0,0.0,0.0,0.20190023752969122
30.0,3.0,47.0,0.1,0.1,0.4,3.0,414.0,0.0,0.0,0.20531400966183574
30.0,3.0,48.0,0.1,0.1,0.4,3.0,401.0,0.0,0.0,0.20448877805486285
30.0,3.0,49.0,0.1,0.1,0.4,3.0,399.0,0.0,0.0,0.20551378446115287
30.0,3.0,50.0,0.1,0.1,0.4,3.0,397.0,0.0,0.0,0.20151133501259447
30.0,3.0,51.0,0.1,0.1,0.4,3.0,395.0,0.0,0.0,0.2
30.0,3.0,52.0,0.1,0.1,0.4,3.0,382.0,0.0,0.0,0.19633507853403143
30.0,4.0,1.0,0.1,0.1,0.4,3.0,380.0,0.0,0.0,0.19736842105263158
30.0,4.0,2.0,0.1,0.1,0.4,3.0,379.0,0.0,0.0,0.19525065963060687
30.0,4.0,3.0,0.1,0.1,0.4,3.0,378.0,0.0,0.0,0.19576719576719576
30.0,4.0,4.0,0.1,0.1,0.4,3.0,376.0,0.0,0.0,0.19414893617021275
30.0,4.0,5.0,0.1,0.1,0.4,3.0,371.0,0.0,0.0,0.19137466307277629
30.0,4.0,6.0,0.1,0.1,0.4,3.0,361.0,0.0,0.0,0.19113573407202217
30.0,4.0,7.0,0.1,0.1,0.4,3.0,360.0,0.0,0.0,0.19166666666666668
30.0,4.0,8.0,0.1,0.1,0.4,3.0,358.0,0.0,0.0,0.18994413407821228
30.0,4.0,9.0,0.1,0.1,0.4,3.0,355.0,0.0,0.0,0.18873239436619718
30.0,4.0,10.0,0.1,0.1,0.4,3.0,346.0,0.0,0.0,0.18208092485549132
30.0,4.0,11.0,0.1,0.1,0.4,3.0,343.0,0.0,0.0,0.18075801749271136
30.0,4.0,12.0,0.1,0.1,0.4,3.0,333.0,0.0,0.0,0.1831831831831832
30.0,4.0,13.0,0.1,0.1,0.4,3.0,331.0,0.0,0.0,0.18429003021148035
30.0,4.0,14.0,0.1,0.1,0.4,3.0,332.0,0.0,0.0,0.18373493975903615
30.0,4.0,15.0,0.1,0.1,0.4,3.0,329.0,0.0,0.0,0.182370820668693
30.0,4.0,16.0,0.1,0.1,0.4,3.0,331.0,0.0,0.0,0.18429003021148035
30.0,4.0,17.0,0.1,0.1,0.4,3.0,328.0,0.0,0.0,0.1798780487804878
30.0,4.0,18.0,0.1,0.1,0.4,3.0,329.0,0.0,0.0,0.17933130699088146
30.0,4.0,19.0,0.1,0.1,0.4,3.0,326.0,0.0,0.0,0.17484662576687116
30.0,4.0,20.0,0.1,0.1,0.4,3.0,621.0,0.0,0.0,0.09339774557165861
30.0,4.0,21.0,0.1,0.1,0.4,3.0,609.0,0.0,0.0,0.09359605911330049
30.0,4.0,22.0,0.1,0.1,0.4,3.0,579.0,0.0,0.0,0.09671848013816926
30.0,4.0,23.0,0.1,0.1,0.4,3.0,537.0,0.0,0.0,0.10242085661080075
30.0,4.0,24.0,0.1,0.1,0.4,3.0,527.0,0.0,0.0,0.10246679316888045
30.0,4.0,25.0,0.1,0.1,0.4,3.0,479.0,0.0,0.0,0.10438413361169102
30.0,4.0,26.0,0.1,0.1,0.4,3.0,481.0,0.0,0.0,0.10602910602910603
30.0,4.0,27.0,0.1,0.1,0.4,3.0,467.0,0.0,0.0,0.10278372591006424
30.0,4.0,28.0,0.1,0.1,0.4,3.0,455.0,0.0,0.0,0.10329670329670329
30.0,4.0,29.0,0.1,0.1,0.4,3.0,425.0,0.0,0.0,0.10588235294117647
30.0,4.0,30.0,0.1,0.1,0.4,3.0,410.0,0.0,0.0,0.11219512195121951
30.0,4.0,31.0,0.1,0.1,0.4,3.0,405.0,0.0,0.0,0.1111111111111111
30.0,4.0,32.0,0.1,0.1,0.4,3.0,386.0,0.0,0.0,0.11398963730569948
30.0,4.0,33.0,0.1,0.1,0.4,3.0,375.0,0.0,0.0,0.11466666666666667
30.0,4.0,34.0,0.1,0.1,0.4,3.0,373.0,0.0,0.0,0.11528150134048257
30.0,4.0,35.0,0.1,0.1,0.4,3.0,363.0,0.0,0.0,0.11570247933884298
30.0,4.0,36.0,0.1,0.1,0.4,3.0,365.0,0.0,0.0,0.1178082191780822
30.0,4.0,37.0,0.1,0.1,0.4,3.0,363.0,0.0,0.0,0.11570247933884298
30.0,4.0,38.0,0.1,0.1,0.4,3.0,364.0,0.0,0.0,0.11813186813186813
30.0,4.0,39.0,0.1,0.1,0.4,3.0,342.0,0.0,0.0,0.11403508771929824
30.0,4.0,40.0,0.1,0.1,0.4,3.0,341.0,0.0,0.0,0.11436950146627566
30.0,4.0,41.0,0.1,0.1,0.4,3.0,327.0,0.0,0.0,0.11314984709480122
30.0,4.0,42.0,0.1,0.1,0.4,3.0,316.0,0.0,0.0,0.12025316455696203
30.0,4.0,43.0,0.1,0.1,0.4,3.0,304.0,0.0,0.0,0.125
30.0,4.0,44.0,0.1,0.1,0.4,3.0,302.0,0.0,0.0,0.12582781456953643
30.0,4.0,45.0,0.1,0.1,0.4,3.0,291.0,0.0,0.0,0.18900343642611683
30.0,4.0,46.0,0.1,0.1,0.4,3.0,291.0,0.0,0.0,0.18900343642611683
30.0,4.0,47.0,0.1,0.1,0.4,3.0,286.0,0.0,0.0,0.1888111888111888
30.0,4.0,48.0,0.1,0.1,0.4,3.0,288.0,0.0,0.0,0.1875
30.0,4.0,49.0,0.1,0.1,0.4,3.0,275.0,0.0,0.0,0.18181818181818182
30.0,4.0,50.0,0.1,0.1,0.4,3.0,280.0,0.0,0.0,0.18214285714285713
30.0,4.0,51.0,0.1,0.1,0.4,3.0,275.0,0.0,0.0,0.18181818181818182
30.0,4.0,52.0,0.1,0.1,0.4,3.0,275.0,0.0,0.0,0.18181818181818182
30.0,5.0,1.0,0.1,0.1,0.4,3.0,273.0,0.0,0.0,0.18315018315018314
30.0,5.0,2.0,0.1,0.1,0.4,3.0,272.0,0.0,0.0,0.18382352941176472
30.0,5.0,3.0,0.1,0.1,0.4,3.0,272.0,0.0,0.0,0.18382352941176472
30.0,5.0,4.0,0.1,0.1,0.4,3.0,270.0,0.0,0.0,0.18518518518518517
30.0,5.0,5.0,0.1,0.1,0.4,3.0,266.0,0.0,0.0,0.18421052631578946
30.0,5.0,6.0,0.1,0.1,0.4,3.0,267.0,0.0,0.0,0.18352059925093633
30.0,5.0,7.0,0.1,0.1,0.4,3.0,265.0,0.0,0.0,0.18490566037735848
30.0,5.0,8.0,0.1,0.1,0.4,3.0,266.0,0.0,0.0,0.18421052631578946
30.0,5.0,9.0,0.1,0.1,0.4,3.0,264.0,0.0,0.0,0.1856060606060606
30.0,5.0,10.0,0.1,0.1,0.4,3.0,265.0,0.0,0.0,0.18490566037735848
30.0,5.0,11.0,0.1,0.1,0.4,3.0,264.0,0.0,0.0,0.1856060606060606
30.0,5.0,12.0,0.1,0.1,0.4,3.0,265.0,0.0,0.0,0.18490566037735848
30.0,5.0,13.0,0.1,0.1,0.4,3.0,263.0,0.0,0.0,0.18631178707224336
30.0,5.0,14.0,0.1,0.1,0.4,3.0,265.0,0.0,0.0,0.18490566037735848
30.0,5.0,15.0,0.1,0.1,0.4,3.0,256.0,0.0,0.0,0.19140625
30.0,5.0,16.0,0.1,0.1,0.4,3.0,255.0,0.0,0.0,0.18823529411764706
30.0,5.0,17.0,0.1,0.1,0.4,3.0,253.0,0.0,0.0,0.18972332015810275
30.0,5.0,18.0,0.1,0.1,0.4,3.0,254.0,0.0,0.0,0.1889763779527559
30.0,5.0,19.0,0.1,0.1,0.4,3.0,244.0,0.0,0.0,0.19672131147540983
30.0,5.0,20.0,0.1,0.1,0.4,3.0,512.0,0.0,0.0,0.091796875
30.0,5.0,21.0,0.1,0.1,0.4,3.0,495.0,0.0,0.0,0.09494949494949495
30.0,5.0,22.0,0.1,0.1,0.4,3.0,446.0,0.0,0.0,0.09865470852017937
30.0,5.0,23.0,0.1,0.1,0.4,3.0,429.0,0.0,0.0,0.10256410256410256
30.0,5.0,24.0,0.1,0.1,0.4,3.0,429.0,0.0,0.0,0.10023310023310024
30.0,5.0,25.0,0.1,0.1,0.4,3.0,381.0,0.0,0.0,0.10236220472440945
30.0,5.0,26.0,0.1,0.1,0.4,3.0,371.0,0.0,0.0,0.09973045822102426
30.0,5.0,27.0,0.1,0.1,0.4,3.0,361.0,0.0,0.0,0.0997229916897507
30.0,5.0,28.0,0.1,0.1,0.4,3.0,349.0,0.0,0.0,0.10315186246418338
30.0,5.0,29.0,0.1,0.1,0.4,3.0,346.0,0.0,0.0,0.10404624277456648
30.0,5.0,30.0,0.1,0.1,0.4,3.0,338.0,0.0,0.0,0.10355029585798817
30.0,5.0,31.0,0.1,0.1,0.4,3.0,335.0,0.0,0.0,0.10149253731343283
30.0,5.0,32.0,0.1,0.1,0.4,3.0,319.0,0.0,0.0,0.10344827586206896
30.0,5.0,33.0,0.1,0.1,0.4,3.0,313.0,0.0,0.0,0.10223642172523961
30.0,5.0,34.0,0.1,0.1,0.4,3.0,312.0,0.0,0.0,0.10256410256410256
30.0,5.0,35.0,0.1,0.1,0.4,3.0,312.0,0.0,0.0,0.10256410256410256
30.0,5.0,36.0,0.1,0.1,0.4,3.0,302.0,0.0,0.0,0.10264900662251655
30.0,5.0,37.0,0.1,0.1,0.4,3.0,291.0,0.0,0.0,0.10652920962199312
30.0,5.0,38.0,0.1,0.1,0.4,3.0,291.0,0.0,0.0,0.10652920962199312
30.0,5.0,39.0,0.1,0.1,0.4,3.0,281.0,0.0,0.0,0.10676156583629894
30.0,5.0,40.0,0.1,0.1,0.4,3.0,273.0,0.0,0.0,0.10622710622710622
30.0,5.0,41.0,0.1,0.1,0.4,3.0,273.0,0.0,0.0,0.10622710622710622
30.0,5.0,42.0,0.1,0.1,0.4,3.0,261.0,0.0,0.0,0.10344827586206896
30.0,5.0,43.0,0.1,0.1,0.4,3.0,259.0,0.0,0.0,0.10424710424710425
30.0,5.0,44.0,0.1,0.1,0.4,3.0,258.0,0.0,0.0,0.10465116279069768
30.0,5.0,45.0,0.1,0.1,0.4,3.0,258.0,0.0,0.0,0.16666666666666666
30.0,5.0,46.0,0.1,0.1,0.4,3.0,258.0,0.0,0.0,0.16666666666666666
30.0,5.0,47.0,0.1,0.1,0.4,3.0,257.0,0.0,0.0,0.16342412451361868
30.0,5.0,48.0,0.1,0.1,0.4,3.0,257.0,0.0,0.0,0.16342412451361868
30.0,5.0,49.0,0.1,0.1,0.4,3.0,256.0,0.0,0.0,0.1640625
30.0,5.0,50.0,0.1,0.1,0.4,3.0,256.0,0.0,0.0,0.1640625
30.0,5.0,51.0,0.1,0.1,0.4,3.0,254.0,0.0,0.0,0.16535433070866143
30.0,5.0,52.0,0.1,0.1,0.4,3.0,245.0,0.0,0.0,0.16326530612244897
30.0,6.0,1.0,0.1,0.1,0.4,3.0,244.0,0.0,0.0,0.1598360655737705
30.0,6.0,2.0,0.1,0.1,0.4,3.0,242.0,0.0,0.0,0.15702479338842976
30.0,6.0,3.0,0.1,0.1,0.4,3.0,243.0,0.0,0.0,0.16049382716049382
30.0,6.0,4.0,0.1,0.1,0.4,3.0,243.0,0.0,0.0,0.16049382716049382
30.0,6.0,5.0,0.1,0.1,0.4,3.0,235.0,0.0,0.0,0.16595744680851063
30.0,6.0,6.0,0.1,0.1,0.4,3.0,234.0,0.0,0.0,0.16666666666666666
30.0,6.0,7.0,0.1,0.1,0.4,3.0,234.0,0.0,0.0,0.16666666666666666
30.0,6.0,8.0,0.1,0.1,0.4,3.0,234.0,0.0,0.0,0.16666666666666666
30.0,6.0,9.0,0.1,0.1,0.4,3.0,234.0,0.0,0.0,0.16666666666666666
30.0,6.0,10.0,0.1,0.1,0.4,3.0,232.0,0.0,0.0,0.16379310344827586
30.0,6.0,11.0,0.1,0.1,0.4,3.0,232.0,0.0,0.0,0.16379310344827586
30.0,6.0,12.0,0.1,0.1,0.4,3.0,231.0,0.0,0.0,0.1645021645021645
30.0,6.0,13.0,0.1,0.1,0.4,3.0,230.0,0.0,0.0,0.16521739130434782
30.0,6.0,14.0,0.1,0.1,0.4,3.0,230.0,0.0,0.0,0.16521739130434782
30.0,6.0,15.0,0.1,0.1,0.4,3.0,229.0,0.0,0.0,0.1615720524017467
30.0,6.0,16.0,0.1,0.1,0.4,3.0,229.0,0.0,0.0,0.1615720524017467
30.0,6.0,17.0,0.1,0.1,0.4,3.0,229.0,0.0,0.0,0.1615720524017467
30.0,6.0,18.0,0.1,0.1,0.4,3.0,229.0,0.0,0.0,0.1615720524017467
30.0,6.0,19.0,0.1,0.1,0.4,3.0,229.0,0.0,0.0,0.1615720524017467
30.0,6.0,20.0,0.1,0.1,0.4,3.0,422.0,0.0,0.0,0.08767772511848342
30.0,6.0,21.0,0.1,0.1,0.4,3.0,418.0,0.0,0.0,0.08851674641148326
30.0,6.0,22.0,0.1,0.1,0.4,3.0,412.0,0.0,0.0,0.08980582524271845
30.0,6.0,23.0,0.1,0.1,0.4,3.0,400.0,0.0,0.0,0.09
30.0,6.0,24.0,0.1,0.1,0.4,3.0,391.0,0.0,0.0,0.09207161125319693
30.0,6.0,25.0,0.1,0.1,0.4,3.0,380.0,0.0,0.0,0.09210526315789473
30.0,6.0,26.0,0.1,0.1,0.4,3.0,370.0,0.0,0.0,0.0918918918918919
30.0,6.0,27.0,0.1,0.1,0.4,3.0,324.0,0.0,0.0,0.09876543209876543
30.0,6.0,28.0,0.1,0.1,0.4,3.0,322.0,0.0,0.0,0.09627329192546584
30.0,6.0,29.0,0.1,0.1,0.4,3.0,322.0,0.0,0.0,0.09627329192546584
30.0,6.0,30.0,0.1,0.1,0.4,3.0,313.0,0.0,0.0,0.09904153354632587
30.0,6.0,31.0,0.1,0.1,0.4,3.0,293.0,0.0,0.0,0.10580204778156997
30.0,6.0,32.0,0.1,0.1,0.4,3.0,293.0,0.0,0.0,0.10580204778156997
30.0,6.0,33.0,0.1,0.1,0.4,3.0,293.0,0.0,0.0,0.10580204778156997
30.0,6.0,34.0,0.1,0.1,0.4,3.0,293.0,0.0,0.0,0.10580204778156997
30.0,6.0,35.0,0.1,0.1,0.4,3.0,293.0,0.0,0.0,0.10580204778156997
30.0,6.0,36.0,0.1,0.1,0.4,3.0,281.0,0.0,0.0,0.10676156583629894
30.0,6.0,37.0,0.1,0.1,0.4,3.0,252.0,0.0,0.0,0.11904761904761904
30.0,6.0,38.0,0.1,0.1,0.4,3.0,251.0,0.0,0.0,0.11553784860557768
30.0,6.0,39.0,0.1,0.1,0.4,3.0,250.0,0.0,0.0,0.112
30.0,6.0,40.0,0.1,0.1,0.4,3.0,249.0,0.0,0.0,0.11244979919678715
30.0,6.0,41.0,0.1,0.1,0.4,3.0,248.0,0.0,0.0,0.11290322580645161
30.0,6.0,42.0,0.1,0.1,0.4,3.0,247.0,0.0,0.0,0.10931174089068826
30.0,6.0,43.0,0.1,0.1,0.4,3.0,247.0,0.0,0.0,0.11336032388663968
30.0,6.0,44.0,0.1,0.1,0.4,3.0,248.0,0.0,0.0,0.11290322580645161
30.0,6.0,45.0,0.1,0.1,0.4,3.0,248.0,0.0,0.0,0.1774193548387097
30.0,6.0,46.0,0.1,0.1,0.4,3.0,248.0,0.0,0.0,0.1774193548387097
30.0,6.0,47.0,0.1,0.1,0.4,3.0,248.0,0.0,0.0,0.1774193548387097
30.0,6.0,48.0,0.1,0.1,0.4,3.0,248.0,0.0,0.0,0.1774193548387097
30.0,6.0,49.0,0.1,0.1,0.4,3.0,248.0,0.0,0.0,0.1774193548387097
30.0,6.0,50.0,0.1,0.1,0.4,3.0,248.0,0.0,0.0,0.1774193548387097
30.0,6.0,51.0,0.1,0.1,0.4,3.0,248.0,0.0,0.0,0.1774193548387097
30.0,6.0,52.0,0.1,0.1,0.4,3.0,248.0,0.0,0.0,0.1774193548387097
30.0,7.0,1.0,0.1,0.1,0.4,3.0,248.0,0.0,0.0,0.1774193548387097
30.0,7.0,2.0,0.1,0.1,0.4,3.0,247.0,0.0,0.0,0.17813765182186234
30.0,7.0,3.0,0.1,0.1,0.4,3.0,246.0,0.0,0.0,0.17886178861788618
30.0,7.0,4.0,0.1,0.1,0.4,3.0,246.0,0.0,0.0,0.17886178861788618
30.0,7.0,5.0,0.1,0.1,0.4,3.0,246.0,0.0,0.0,0.17886178861788618
30.0,7.0,6.0,0.1,0.1,0.4,3.0,245.0,0.0,0.0,0.17959183673469387
30.0,7.0,7.0,0.1,0.1,0.4,3.0,245.0,0.0,0.0,0.17959183673469387
30.0,7.0,8.0,0.1,0.1,0.4,3.0,245.0,0.0,0.0,0.17959183673469387
30.0,7.0,9.0,0.1,0.1,0.4,3.0,245.0,0.0,0.0,0.17959183673469387
30.0,7.0,10.0,0.1,0.1,0.4,3.0,245.0,0.0,0.0,0.17959183673469387
30.0,7.0,11.0,0.1,0.1,0.4,3.0,244.0,0.0,0.0,0.18032786885245902
30.0,7.0,12.0,0.1,0.1,0.4,3.0,244.0,0.0,0.0,0.18032786885245902
30.0,7.0,13.0,0.1,0.1,0.4,3.0,243.0,0.0,0.0,0.18106995884773663
30.0,7.0,14.0,0.1,0.1,0.4,3.0,244.0,0.0,0.0,0.18032786885245902
30.0,7.0,15.0,0.1,0.1,0.4,3.0,244.0,0.0,0.0,0.18032786885245902
30.0,7.0,16.0,0.1,0.1,0.4,3.0,244.0,0.0,0.0,0.18032786885245902
30.0,7.0,17.0,0.1,0.1,0.4,3.0,244.0,0.0,0.0,0.18032786885245902
30.0,7.0,18.0,0.1,0.1,0.4,3.0,244.0,0.0,0.0,0.18032786885245902
30.0,7.0,19.0,0.1,0.1,0.4,3.0,244.0,0.0,0.0,0.18032786885245902
30.0,7.0,20.0,0.1,0.1,0.4,3.0,461.0,0.0,0.0,0.09544468546637744
30.0,7.0,21.0,0.1,0.1,0.4,3.0,443.0,0.0,0.0,0.09932279909706546
30.0,7.0,22.0,0.1,0.1,0.4,3.0,433.0,0.0,0.0,0.10161662817551963
30.0,7.0,23.0,0.1,0.1,0.4,3.0,396.0,0.0,0.0,0.10353535353535354
30.0,7.0,24.0,0.1,0.1,0.4,3.0,376.0,0.0,0.0,0.10638297872340426
30.0,7.0,25.0,0.1,0.1,0.4,3.0,375.0,0.0,0.0,0.10666666666666667
30.0,7.0,26.0,0.1,0.1,0.4,3.0,376.0,0.0,0.0,0.10638297872340426
30.0,7.0,27.0,0.1,0.1,0.4,3.0,360.0,0.0,0.0,0.10833333333333334
30.0,7.0,28.0,0.1,0.1,0.4,3.0,339.0,0.0,0.0,0.11504424778761062
30.0,7.0,29.0,0.1,0.1,0.4,3.0,329.0,0.0,0.0,0.11550151975683891
30.0,7.0,30.0,0.1,0.1,0.4,3.0,329.0,0.0,0.0,0.11550151975683891
30.0,7.0,31.0,0.1,0.1,0.4,3.0,328.0,0.0,0.0,0.11280487804878049
30.0,7.0,32.0,0.1,0.1,0.4,3.0,306.0,0.0,0.0,0.11764705882352941
30.0,7.0,33.0,0.1,0.1,0.4,3.0,306.0,0.0,0.0,0.11764705882352941
30.0,7.0,34.0,0.1,0.1,0.4,3.0,289.0,0.0,0.0,0.12110726643598616
30.0,7.0,35.0,0.1,0.1,0.4,3.0,278.0,0.0,0.0,0.12589928057553956
30.0,7.0,36.0,0.1,0.1,0.4,3.0,269.0,0.0,0.0,0.12267657992565056
30.0,7.0,37.0,0.1,0.1,0.4,3.0,269.0,0.0,0.0,0.12267657992565056
30.0,7.0,38.0,0.1,0.1,0.4,3.0,269.0,0.0,0.0,0.12267657992565056
30.0,7.0,39.0,0.1,0.1,0.4,3.0,255.0,0.0,0.0,0.12941176470588237
30.0,7.0,40.0,0.1,0.1,0.4,3.0,255.0,0.0,0.0,0.12941176470588237
30.0,7.0,41.0,0.1,0.1,0.4,3.0,239.0,0.0,0.0,0.13389121338912133
30.0,7.0,42.0,0.1,0.1,0.4,3.0,238.0,0.0,0.0,0.13445378151260504
30.0,7.0,43.0,0.1,0.1,0.4,3.0,239.0,0.0,0.0,0.13389121338912133
30.0,7.0,44.0,0.1,0.1,0.4,3.0,238.0,0.0,0.0,0.13445378151260504
30.0,7.0,45.0,0.1,0.1,0.4,3.0,238.0,0.0,0.0,0.18907563025210083
30.0,7.0,46.0,0.1,0.1,0.4,3.0,238.0,0.0,0.0,0.18907563025210083
30.0,7.0,47.0,0.1,0.1,0.4,3.0,220.0,0.0,0.0,0.19090909090909092
30.0,7.0,48.0,0.1,0.1,0.4,3.0,219.0,0.0,0.0,0.1917808219178082
30.0,7.0,49.0,0.1,0.1,0.4,3.0,218.0,0.0,0.0,0.1926605504587156
30.0,7.0,50.0,0.1,0.1,0.4,3.0,217.0,0.0,0.0,0.1935483870967742
30.0,7.0,51.0,0.1,0.1,0.4,3.0,217.0,0.0,0.0,0.1935483870967742
30.0,7.0,52.0,0.1,0.1,0.4,3.0,216.0,0.0,0.0,0.19444444444444445
30.0,8.0,1.0,0.1,0.1,0.4,3.0,216.0,0.0,0.0,0.19444444444444445
30.0,8.0,2.0,0.1,0.1,0.4,3.0,216.0,0.0,0.0,0.19444444444444445
30.0,8.0,3.0,0.1,0.1,0.4,3.0,216.0,0.0,0.0,0.19444444444444445
30.0,8.0,4.0,0.1,0.1,0.4,3.0,216.0,0.0,0.0,0.19444444444444445
30.0,8.0,5.0,0.1,0.1,0.4,3.0,216.0,0.0,0.0,0.19444444444444445
30.0,8.0,6.0,0.1,0.1,0.4,3.0,216.0,0.0,0.0,0.19444444444444445
30.0,8.0,7.0,0.1,0.1,0.4,3.0,208.0,0.0,0.0,0.20192307692307693
30.0,8.0,8.0,0.1,0.1,0.4,3.0,208.0,0.0,0.0,0.20192307692307693
30.0,8.0,9.0,0.1,0.1,0.4,3.0,208.0,0.0,0.0,0.20192307692307693
30.0,8.0,10.0,0.1,0.1,0.4,3.0,208.0,0.0,0.0,0.20192307692307693
30.0,8.0,11.0,0.1,0.1,0.4,3.0,208.0,0.0,0.0,0.20192307692307693
30.0,8.0,12.0,0.1,0.1,0.4,3.0,208.0,0.0,0.0,0.20192307692307693
30.0,8.0,13.0,0.1,0.1,0.4,3.0,208.0,0.0,0.0,0.20192307692307693
30.0,8.0,14.0,0.1,0.1,0.4,3.0,208.0,0.0,0.0,0.20192307692307693
30.0,8.0,15.0,0.1,0.1,0.4,3.0,208.0,0.0,0.0,0.20192307692307693
30.0,8.0,16.0,0.1,0.1,0.4,3.0,208.0,0.0,0.0,0.20192307692307693
30.0,8.0,17.0,0.1,0.1,0.4,3.0,208.0,0.0,0.0,0.20192307692307693
30.0,8.0,18.0,0.1,0.1,0.4,3.0,208.0,0.0,0.0,0.20192307692307693
30.0,8.0,19.0,0.1,0.1,0.4,3.0,208.0,0.0,0.0,0.20192307692307693
30.0,8.0,20.0,0.1,0.1,0.4,3.0,374.0,0.0,0.0,0.11229946524064172
30.0,8.0,21.0,0.1,0.1,0.4,3.0,373.0,0.0,0.0,0.1126005361930295
30.0,8.0,22.0,0.1,0.1,0.4,3.0,342.0,0.0,0.0,0.11988304093567251
30.0,8.0,23.0,0.1,0.1,0.4,3.0,332.0,0.0,0.0,0.12349397590361445
30.0,8.0,24.0,0.1,0.1,0.4,3.0,333.0,0.0,0.0,0.12312312312312312
30.0,8.0,25.0,0.1,0.1,0.4,3.0,333.0,0.0,0.0,0.12312312312312312
30.0,8.0,26.0,0.1,0.1,0.4,3.0,333.0,0.0,0.0,0.12312312312312312
30.0,8.0,27.0,0.1,0.1,0.4,3.0,323.0,0.0,0.0,0.1238390092879257
30.0,8.0,28.0,0.1,0.1,0.4,3.0,314.0,0.0,0.0,0.12738853503184713
30.0,8.0,29.0,0.1,0.1,0.4,3.0,314.0,0.0,0.0,0.12738853503184713
30.0,8.0,30.0,0.1,0.1,0.4,3.0,314.0,0.0,0.0,0.12738853503184713
30.0,8.0,31.0,0.1,0.1,0.4,3.0,298.0,0.0,0.0,0.12416107382550336
30.0,8.0,32.0,0.1,0.1,0.4,3.0,298.0,0.0,0.0,0.12416107382550336
30.0,8.0,33.0,0.1,0.1,0.4,3.0,289.0,0.0,0.0,0.12802768166089964
30.0,8.0,34.0,0.1,0.1,0.4,3.0,288.0,0.0,0.0,0.1284722222222222
30.0,8.0,35.0,0.1,0.1,0.4,3.0,265.0,0.0,0.0,0.13584905660377358
30.0,8.0,36.0,0.1,0.1,0.4,3.0,265.0,0.0,0.0,0.13584905660377358
30.0,8.0,37.0,0.1,0.1,0.4,3.0,265.0,0.0,0.0,0.13584905660377358
30.0,8.0,38.0,0.1,0.1,0.4,3.0,255.0,0.0,0.0,0.13725490196078433
30.0,8.0,39.0,0.1,0.1,0.4,3.0,255.0,0.0,0.0,0.13725490196078433
30.0,8.0,40.0,0.1,0.1,0.4,3.0,247.0,0.0,0.0,0.13765182186234817
30.0,8.0,41.0,0.1,0.1,0.4,3.0,246.0,0.0,0.0,0.13821138211382114
30.0,8.0,42.0,0.1,0.1,0.4,3.0,246.0,0.0,0.0,0.13821138211382114
30.0,8.0,43.0,0.1,0.1,0.4,3.0,238.0,0.0,0.0,0.13865546218487396
30.0,8.0,44.0,0.1,0.1,0.4,3.0,237.0,0.0,0.0,0.13924050632911392
30.0,8.0,45.0,0.1,0.1,0.4,3.0,227.0,0.0,0.0,0.23348017621145375
30.0,8.0,46.0,0.1,0.1,0.4,3.0,227.0,0.0,0.0,0.23348017621145375
30.0,8.0,47.0,0.1,0.1,0.4,3.0,227.0,0.0,0.0,0.23348017621145375
30.0,8.0,48.0,0.1,0.1,0.4,3.0,228.0,0.0,0.0,0.2324561403508772
30.0,8.0,49.0,0.1,0.1,0.4,3.0,227.0,0.0,0.0,0.23348017621145375
30.0,8.0,50.0,0.1,0.1,0.4,3.0,228.0,0.0,0.0,0.2324561403508772
30.0,8.0,51.0,0.1,0.1,0.4,3.0,226.0,0.0,0.0,0.23008849557522124
30.0,8.0,52.0,0.1,0.1,0.4,3.0,228.0,0.0,0.0,0.2324561403508772
30.0,9.0,1.0,0.1,0.1,0.4,3.0,224.0,0.0,0.0,0.23660714285714285
30.0,9.0,2.0,0.1,0.1,0.4,3.0,225.0,0.0,0.0,0.23555555555555555
30.0,9.0,3.0,0.1,0.1,0.4,3.0,224.0,0.0,0.0,0.23660714285714285
30.0,9.0,4.0,0.1,0.1,0.4,3.0,225.0,0.0,0.0,0.23555555555555555
30.0,9.0,5.0,0.1,0.1,0.4,3.0,223.0,0.0,0.0,0.23766816143497757
30.0,9.0,6.0,0.1,0.1,0.4,3.0,225.0,0.0,0.0,0.23555555555555555
30.0,9.0,7.0,0.1,0.1,0.4,3.0,224.0,0.0,0.0,0.23660714285714285
30.0,9.0,8.0,0.1,0.1,0.4,3.0,225.0,0.0,0.0,0.23555555555555555
30.0,9.0,9.0,0.1,0.1,0.4,3.0,224.0,0.0,0.0,0.23660714285714285
30.0,9.0,10.0,0.1,0.1,0.4,3.0,225.0,0.0,0.0,0.23555555555555555
30.0,9.0,11.0,0.1,0.1,0.4,3.0,224.0,0.0,0.0,0.23660714285714285
30.0,9.0,12.0,0.1,0.1,0.4,3.0,225.0,0.0,0.0,0.23555555555555555
30.0,9.0,13.0,0.1,0.1,0.4,3.0,223.0,0.0,0.0,0.23766816143497757
30.0,9.0,14.0,0.1,0.1,0.4,3.0,225.0,0.0,0.0,0.23555555555555555
30.0,9.0,15.0,0.1,0.1,0.4,3.0,224.0,0.0,0.0,0.23660714285714285
30.0,9.0,16.0,0.1,0.1,0.4,3.0,224.0,0.0,0.0,0.23660714285714285
30.0,9.0,17.0,0.1,0.1,0.4,3.0,223.0,0.0,0.0,0.23766816143497757
30.0,9.0,18.0,0.1,0.1,0.4,3.0,224.0,0.0,0.0,0.23660714285714285
30.0,9.0,19.0,0.1,0.1,0.4,3.0,222.0,0.0,0.0,0.23873873873873874
30.0,9.0,20.0,0.1,0.1,0.4,3.0,348.0,0.0,0.0,0.12931034482758622
30.0,9.0,21.0,0.1,0.1,0.4,3.0,338.0,0.0,0.0,0.1301775147928994
30.0,9.0,22.0,0.1,0.1,0.4,3.0,325.0,0.0,0.0,0.13538461538461538
30.0,9.0,23.0,0.1,0.1,0.4,3.0,317.0,0.0,0.0,0.13564668769716087
30.0,9.0,24.0,0.1,0.1,0.4,3.0,294.0,0.0,0.0,0.14625850340136054
30.0,9.0,25.0,0.1,0.1,0.4,3.0,293.0,0.0,0.0,0.14675767918088736
30.0,9.0,26.0,0.1,0.1,0.4,3.0,282.0,0.0,0.0,0.1524822695035461
30.0,9.0,27.0,0.1,0.1,0.4,3.0,282.0,0.0,0.0,0.1524822695035461
30.0,9.0,28.0,0.1,0.1,0.4,3.0,268.0,0.0,0.0,0.16044776119402984
30.0,9.0,29.0,0.1,0.1,0.4,3.0,268.0,0.0,0.0,0.16044776119402984
30.0,9.0,30.0,0.1,0.1,0.4,3.0,268.0,0.0,0.0,0.16044776119402984
30.0,9.0,31.0,0.1,0.1,0.4,3.0,268.0,0.0,0.0,0.16044776119402984
30.0,9.0,32.0,0.1,0.1,0.4,3.0,260.0,0.0,0.0,0.1576923076923077
30.0,9.0,33.0,0.1,0.1,0.4,3.0,250.0,0.0,0.0,0.16
30.0,9.0,34.0,0.1,0.1,0.4,3.0,250.0,0.0,0.0,0.16
30.0,9.0,35.0,0.1,0.1,0.4,3.0,242.0,0.0,0.0,0.16115702479338842
30.0,9.0,36.0,0.1,0.1,0.4,3.0,242.0,0.0,0.0,0.16115702479338842
30.0,9.0,37.0,0.1,0.1,0.4,3.0,242.0,0.0,0.0,0.16115702479338842
30.0,9.0,38.0,0.1,0.1,0.4,3.0,242.0,0.0,0.0,0.16115702479338842
30.0,9.0,39.0,0.1,0.1,0.4,3.0,234.0,0.0,0.0,0.1623931623931624
30.0,9.0,40.0,0.1,0.1,0.4,3.0,234.0,0.0,0.0,0.1623931623931624
30.0,9.0,41.0,0.1,0.1,0.4,3.0,226.0,0.0,0.0,0.16371681415929204
30.0,9.0,42.0,0.1,0.1,0.4,3.0,226.0,0.0,0.0,0.16371681415929204
30.0,9.0,43.0,0.1,0.1,0.4,3.0,226.0,0.0,0.0,0.16371681415929204
30.0,9.0,44.0,0.1,0.1,0.4,3.0,225.0,0.0,0.0,0.16444444444444445
30.0,9.0,45.0,0.1,0.1,0.4,3.0,225.0,0.0,0.0,0.2311111111111111
30.0,9.0,46.0,0.1,0.1,0.4,3.0,225.0,0.0,0.0,0.2311111111111111
30.0,9.0,47.0,0.1,0.1,0.4,3.0,221.0,0.0,0.0,0.23076923076923078
30.0,9.0,48.0,0.1,0.1,0.4,3.0,225.0,0.0,0.0,0.2311111111111111
30.0,9.0,49.0,0.1,0.1,0.4,3.0,225.0,0.0,0.0,0.2311111111111111
30.0,9.0,50.0,0.1,0.1,0.4,3.0,225.0,0.0,0.0,0.2311111111111111
30.0,9.0,51.0,0.1,0.1,0.4,3.0,225.0,0.0,0.0,0.2311111111111111
30.0,9.0,52.0,0.1,0.1,0.4,3.0,225.0,0.0,0.0,0.2311111111111111
30.0,10.0,1.0,0.1,0.1,0.4,3.0,225.0,0.0,0.0,0.2311111111111111
30.0,10.0,2.0,0.1,0.1,0.4,3.0,225.0,0.0,0.0,0.2311111111111111
30.0,10.0,3.0,0.1,0.1,0.4,3.0,215.0,0.0,0.0,0.2372093023255814
30.0,10.0,4.0,0.1,0.1,0.4,3.0,215.0,0.0,0.0,0.24186046511627907
30.0,10.0,5.0,0.1,0.1,0.4,3.0,215.0,0.0,0.0,0.24186046511627907
30.0,10.0,6.0,0.1,0.1,0.4,3.0,215.0,0.0,0.0,0.24186046511627907
30.0,10.0,7.0,0.1,0.1,0.4,3.0,215.0,0.0,0.0,0.24186046511627907
30.0,10.0,8.0,0.1,0.1,0.4,3.0,213.0,0.0,0.0,0.24413145539906103
30.0,10.0,9.0,0.1,0.1,0.4,3.0,212.0,0.0,0.0,0.24528301886792453
30.0,10.0,10.0,0.1,0.1,0.4,3.0,212.0,0.0,0.0,0.24528301886792453
30.0,10.0,11.0,0.1,0.1,0.4,3.0,211.0,0.0,0.0,0.24170616113744076
30.0,10.0,12.0,0.1,0.1,0.4,3.0,212.0,0.0,0.0,0.24528301886792453
30.0,10.0,13.0,0.1,0.1,0.4,3.0,212.0,0.0,0.0,0.24528301886792453
30.0,10.0,14.0,0.1,0.1,0.4,3.0,212.0,0.0,0.0,0.24528301886792453
30.0,10.0,15.0,0.1,0.1,0.4,3.0,212.0,0.0,0.0,0.24528301886792453
30.0,10.0,16.0,0.1,0.1,0.4,3.0,212.0,0.0,0.0,0.24528301886792453
30.0,10.0,17.0,0.1,0.1,0.4,3.0,212.0,0.0,0.0,0.24528301886792453
30.0,10.0,18.0,0.1,0.1,0.4,3.0,212.0,0.0,0.0,0.24528301886792453
30.0,10.0,19.0,0.1,0.1,0.4,3.0,211.0,0.0,0.0,0.24170616113744076
30.0,10.0,20.0,0.1,0.1,0.4,3.0,359.0,0.0,0.0,0.12813370473537605
30.0,10.0,21.0,0.1,0.1,0.4,3.0,360.0,0.0,0.0,0.12777777777777777
30.0,10.0,22.0,0.1,0.1,0.4,3.0,325.0,0.0,0.0,0.13538461538461538
30.0,10.0,23.0,0.1,0.1,0.4,3.0,294.0,0.0,0.0,0.14625850340136054
30.0,10.0,24.0,0.1,0.1,0.4,3.0,285.0,0.0,0.0,0.14736842105263157
30.0,10.0,25.0,0.1,0.1,0.4,3.0,273.0,0.0,0.0,0.15384615384615385
30.0,10.0,26.0,0.1,0.1,0.4,3.0,273.0,0.0,0.0,0.15384615384615385
30.0,10.0,27.0,0.1,0.1,0.4,3.0,259.0,0.0,0.0,0.1583011583011583
30.0,10.0,28.0,0.1,0.1,0.4,3.0,259.0,0.0,0.0,0.1583011583011583
30.0,10.0,29.0,0.1,0.1,0.4,3.0,259.0,0.0,0.0,0.1583011583011583
30.0,10.0,30.0,0.1,0.1,0.4,3.0,251.0,0.0,0.0,0.1593625498007968
30.0,10.0,31.0,0.1,0.1,0.4,3.0,251.0,0.0,0.0,0.1593625498007968
30.0,10.0,32.0,0.1,0.1,0.4,3.0,235.0,0.0,0.0,0.16170212765957448
30.0,10.0,33.0,0.1,0.1,0.4,3.0,213.0,0.0,0.0,0.16901408450704225
30.0,10.0,34.0,0.1,0.1,0.4,3.0,214.0,0.0,0.0,0.17289719626168223
30.0,10.0,35.0,0.1,0.1,0.4,3.0,205.0,0.0,0.0,0.18048780487804877
30.0,10.0,36.0,0.1,0.1,0.4,3.0,193.0,0.0,0.0,0.19170984455958548
30.0,10.0,37.0,0.1,0.1,0.4,3.0,193.0,0.0,0.0,0.19170984455958548
30.0,10.0,38.0,0.1,0.1,0.4,3.0,193.0,0.0,0.0,0.19170984455958548
30.0,10.0,39.0,0.1,0.1,0.4,3.0,193.0,0.0,0.0,0.19170984455958548
30.0,10.0,40.0,0.1,0.1,0.4,3.0,192.0,0.0,0.0,0.19270833333333334
30.0,10.0,41.0,0.1,0.1,0.4,3.0,193.0,0.0,0.0,0.19170984455958548
30.0,10.0,42.0,0.1,0.1,0.4,3.0,192.0,0.0,0.0,0.19270833333333334
30.0,10.0,43.0,0.1,0.1,0.4,3.0,193.0,0.0,0.0,0.19170984455958548
30.0,10.0,44.0,0.1,0.1,0.4,3.0,192.0,0.0,0.0,0.19270833333333334
30.0,10.0,45.0,0.1,0.1,0.4,3.0,184.0,0.0,0.0,0.2717391304347826
30.0,10.0,46.0,0.1,0.1,0.4,3.0,184.0,0.0,0.0,0.2717391304347826
30.0,10.0,47.0,0.1,0.1,0.4,3.0,184.0,0.0,0.0,0.2717391304347826
30.0,10.0,48.0,0.1,0.1,0.4,3.0,184.0,0.0,0.0,0.2717391304347826
30.0,10.0,49.0,0.1,0.1,0.4,3.0,183.0,0.0,0.0,0.273224043715847
30.0,10.0,50.0,0.1,0.1,0.4,3.0,182.0,0.0,0.0,0.27472527472527475
30.0,10.0,51.0,0.1,0.1,0.4,3.0,182.0,0.0,0.0,0.27472527472527475
30.0,10.0,52.0,0.1,0.1,0.4,3.0,181.0,0.0,0.0,0.27071823204419887
31.0,1.0,1.0,0.1,0.1,0.4,3.0,5134.0,48.0,9.0,0.0954421503700818
31.0,1.0,2.0,0.1,0.1,0.4,3.0,5034.0,50.0,21.0,0.09634485498609456
31.0,1.0,3.0,0.1,0.1,0.4,3.0,4895.0,64.0,30.0,0.09908069458631256
31.0,1.0,4.0,0.1,0.1,0.4,3.0,4731.0,79.0,37.0,0.09997886281969985
31.0,1.0,5.0,0.1,0.1,0.4,3.0,4683.0,92.0,35.0,0.10271193679265428
31.0,1.0,6.0,0.1,0.1,0.4,3.0,4576.0,117.0,38.0,0.10336538461538461
31.0,1.0,7.0,0.1,0.1,0.4,3.0,4429.0,144.0,38.0,0.10295777827952134
31.0,1.0,8.0,0.1,0.1,0.4,3.0,4202.0,182.0,57.0,0.10304616849119468
31.0,1.0,9.0,0.1,0.1,0.4,3.0,4002.0,211.0,85.0,0.10419790104947527
31.0,1.0,10.0,0.1,0.1,0.4,3.0,3823.0,248.0,95.0,0.10384514778969396
31.0,1.0,11.0,0.1,0.1,0.4,3.0,3641.0,250.0,113.0,0.10409228234001648
31.0,1.0,12.0,0.1,0.1,0.4,3.0,3480.0,256.0,114.0,0.10660919540229885
31.0,1.0,13.0,0.1,0.1,0.4,3.0,3295.0,248.0,118.0,0.1062215477996965
31.0,1.0,14.0,0.1,0.1,0.4,3.0,3101.0,246.0,107.0,0.10770719122863592
31.0,1.0,15.0,0.1,0.1,0.4,3.0,3010.0,235.0,113.0,0.10897009966777409
31.0,1.0,16.0,0.1,0.1,0.4,3.0,2868.0,215.0,106.0,0.10913528591352858
31.0,1.0,17.0,0.1,0.1,0.4,3.0,2798.0,210.0,114.0,0.10900643316654754
31.0,1.0,18.0,0.1,0.1,0.4,3.0,2695.0,198.0,97.0,0.10909090909090909
31.0,1.0,19.0,0.1,0.1,0.4,3.0,2628.0,195.0,102.0,0.1111111111111111
31.0,1.0,20.0,0.1,0.1,0.4,3.0,6957.0,182.0,82.0,0.04082219347419865
31.0,1.0,21.0,0.1,0.1,0.4,3.0,6144.0,236.0,86.0,0.042317708333333336
31.0,1.0,22.0,0.1,0.1,0.4,3.0,5657.0,260.0,89.0,0.04313240233339226
31.0,1.0,23.0,0.1,0.1,0.4,3.0,5268.0,280.0,108.0,0.043659832953682615
31.0,1.0,24.0,0.1,0.1,0.4,3.0,4809.0,316.0,109.0,0.044707839467664795
31.0,1.0,25.0,0.1,0.1,0.4,3.0,4386.0,322.0,118.0,0.04628362973096215
31.0,1.0,26.0,0.1,0.1,0.4,3.0,4027.0,344.0,126.0,0.047429848522473304
31.0,1.0,27.0,0.1,0.1,0.4,3.0,3601.0,358.0,150.0,0.047764509858372675
31.0,1.0,28.0,0.1,0.1,0.4,3.0,3345.0,357.0,152.0,0.05052316890881913
31.0,1.0,29.0,0.1,0.1,0.4,3.0,3070.0,365.0,168.0,0.053420195439739415
31.0,1.0,30.0,0.1,0.1,0.4,3.0,2794.0,337.0,154.0,0.05654974946313529
31.0,1.0,31.0,0.1,0.1,0.4,3.0,2546.0,318.0,151.0,0.06166535742340927
31.0,1.0,32.0,0.1,0.1,0.4,3.0,2418.0,283.0,126.0,0.06327543424317618
31.0,1.0,33.0,0.1,0.1,0.4,3.0,2189.0,261.0,116.0,0.06761078117862038
31.0,1.0,34.0,0.1,0.1,0.4,3.0,2026.0,215.0,91.0,0.07058242843040474
31.0,1.0,35.0,0.1,0.1,0.4,3.0,1968.0,223.0,102.0,0.07317073170731707
31.0,1.0,36.0,0.1,0.1,0.4,3.0,1848.0,206.0,109.0,0.0735930735930736
31.0,1.0,37.0,0.1,0.1,0.4,3.0,1723.0,194.0,90.0,0.07661056297156123
31.0,1.0,38.0,0.1,0.1,0.4,3.0,1636.0,161.0,83.0,0.07946210268948656
31.0,1.0,39.0,0.1,0.1,0.4,3.0,1532.0,139.0,66.0,0.0835509138381201
31.0,1.0,40.0,0.1,0.1,0.4,3.0,1471.0,135.0,74.0,0.08565601631543168
31.0,1.0,41.0,0.1,0.1,0.4,3.0,1378.0,124.0,60.0,0.09071117561683599
31.0,1.0,42.0,0.1,0.1,0.4,3.0,1293.0,121.0,49.0,0.09358081979891725
31.0,1.0,43.0,0.1,0.1,0.4,3.0,1243.0,121.0,46.0,0.09734513274336283
31.0,1.0,44.0,0.1,0.1,0.4,3.0,1203.0,115.0,48.0,0.09891936824605153
31.0,1.0,45.0,0.1,0.1,0.4,3.0,1134.0,114.0,52.0,0.1675485008818342
31.0,1.0,46.0,0.1,0.1,0.4,3.0,1113.0,112.0,54.0,0.1707097933513028
31.0,1.0,47.0,0.1,0.1,0.4,3.0,1060.0,106.0,58.0,0.17452830188679244
31.0,1.0,48.0,0.1,0.1,0.4,3.0,1012.0,92.0,52.0,0.1808300395256917
31.0,1.0,49.0,0.1,0.1,0.4,3.0,955.0,78.0,40.0,0.18429319371727748
31.0,1.0,50.0,0.1,0.1,0.4,3.0,939.0,68.0,30.0,0.18423855165069222
31.0,1.0,51.0,0.1,0.1,0.4,3.0,903.0,53.0,24.0,0.18604651162790697
31.0,1.0,52.0,0.1,0.1,0.4,3.0,899.0,54.0,30.0,0.18798665183537264
31.0,2.0,1.0,0.1,0.1,0.4,3.0,873.0,46.0,26.0,0.19014891179839633
31.0,2.0,2.0,0.1,0.1,0.4,3.0,863.0,42.0,24.0,0.19351100811123986
31.0,2.0,3.0,0.1,0.1,0.4,3.0,830.0,35.0,17.0,0.19397590361445782
31.0,2.0,4.0,0.1,0.1,0.4,3.0,828.0,33.0,21.0,0.19806763285024154
31.0,2.0,5.0,0.1,0.1,0.4,3.0,800.0,28.0,15.0,0.2
31.0,2.0,6.0,0.1,0.1,0.4,3.0,786.0,28.0,15.0,0.20229007633587787
31.0,2.0,7.0,0.1,0.1,0.4,3.0,775.0,21.0,13.0,0.20387096774193547
31.0,2.0,8.0,0.1,0.1,0.4,3.0,768.0,23.0,16.0,0.20572916666666666
31.0,2.0,9.0,0.1,0.1,0.4,3.0,760.0,20.0,11.0,0.20657894736842106
31.0,2.0,10.0,0.1,0.1,0.4,3.0,737.0,18.0,7.0,0.21438263229308005
31.0,2.0,11.0,0.1,0.1,0.4,3.0,726.0,14.0,8.0,0.21349862258953167
31.0,2.0,12.0,0.1,0.1,0.4,3.0,718.0,15.0,11.0,0.21448467966573817
31.0,2.0,13.0,0.1,0.1,0.4,3.0,703.0,18.0,12.0,0.21337126600284495
31.0,2.0,14.0,0.1,0.1,0.4,3.0,692.0,16.0,8.0,0.21676300578034682
31.0,2.0,15.0,0.1,0.1,0.4,3.0,685.0,13.0,6.0,0.21313868613138687
31.0,2.0,16.0,0.1,0.1,0.4,3.0,677.0,11.0,7.0,0.21565731166912852
31.0,2.0,17.0,0.1,0.1,0.4,3.0,673.0,10.0,8.0,0.212481426448737
31.0,2.0,18.0,0.1,0.1,0.4,3.0,668.0,9.0,6.0,0.2155688622754491
31.0,2.0,19.0,0.1,0.1,0.4,3.0,663.0,8.0,5.0,0.21568627450980393
31.0,2.0,20.0,0.1,0.1,0.4,3.0,1146.0,5.0,3.0,0.12390924956369982
31.0,2.0,21.0,0.1,0.1,0.4,3.0,1107.0,7.0,4.0,0.12646793134598014
31.0,2.0,22.0,0.1,0.1,0.4,3.0,1068.0,7.0,3.0,0.12921348314606743
31.0,2.0,23.0,0.1,0.1,0.4,3.0,1039.0,7.0,2.0,0.1260827718960539
31.0,2.0,24.0,0.1,0.1,0.4,3.0,1007.0,5.0,2.0,0.12909632571996027
31.0,2.0,25.0,0.1,0.1,0.4,3.0,977.0,6.0,4.0,0.1299897645854657
31.0,2.0,26.0,0.1,0.1,0.4,3.0,972.0,6.0,4.0,0.13065843621399176
31.0,2.0,27.0,0.1,0.1,0.4,3.0,939.0,2.0,2.0,0.13205537806176784
31.0,2.0,28.0,0.1,0.1,0.4,3.0,906.0,0.0,0.0,0.1357615894039735
31.0,2.0,29.0,0.1,0.1,0.4,3.0,895.0,0.0,0.0,0.1340782122905028
31.0,2.0,30.0,0.1,0.1,0.4,3.0,880.0,0.0,0.0,0.1409090909090909
31.0,2.0,31.0,0.1,0.1,0.4,3.0,865.0,0.0,0.0,0.13988439306358383
31.0,2.0,32.0,0.1,0.1,0.4,3.0,848.0,0.0,0.0,0.14504716981132076
31.0,2.0,33.0,0.1,0.1,0.4,3.0,814.0,0.0,0.0,0.14250614250614252
31.0,2.0,34.0,0.1,0.1,0.4,3.0,804.0,0.0,0.0,0.14676616915422885
31.0,2.0,35.0,0.1,0.1,0.4,3.0,788.0,0.0,0.0,0.14720812182741116
31.0,2.0,36.0,0.1,0.1,0.4,3.0,776.0,0.0,0.0,0.14948453608247422
31.0,2.0,37.0,0.1,0.1,0.4,3.0,764.0,0.0,0.0,0.14528795811518325
31.0,2.0,38.0,0.1,0.1,0.4,3.0,760.0,0.0,0.0,0.14736842105263157
31.0,2.0,39.0,0.1,0.1,0.4,3.0,705.0,0.0,0.0,0.150354609929078
31.0,2.0,40.0,0.1,0.1,0.4,3.0,691.0,0.0,0.0,0.1548480463096961
31.0,2.0,41.0,0.1,0.1,0.4,3.0,670.0,0.0,0.0,0.15223880597014924
31.0,2.0,42.0,0.1,0.1,0.4,3.0,666.0,0.0,0.0,0.15315315315315314
31.0,2.0,43.0,0.1,0.1,0.4,3.0,662.0,0.0,0.0,0.14954682779456194
31.0,2.0,44.0,0.1,0.1,0.4,3.0,636.0,0.0,0.0,0.1509433962264151
31.0,2.0,45.0,0.1,0.1,0.4,3.0,636.0,0.0,0.0,0.2138364779874214
31.0,2.0,46.0,0.1,0.1,0.4,3.0,612.0,0.0,0.0,0.20751633986928106
31.0,2.0,47.0,0.1,0.1,0.4,3.0,606.0,0.0,0.0,0.20627062706270627
31.0,2.0,48.0,0.1,0.1,0.4,3.0,602.0,0.0,0.0,0.2059800664451827
31.0,2.0,49.0,0.1,0.1,0.4,3.0,596.0,0.0,0.0,0.20302013422818793
31.0,2.0,50.0,0.1,0.1,0.4,3.0,586.0,0.0,0.0,0.20648464163822525
31.0,2.0,51.0,0.1,0.1,0.4,3.0,582.0,0.0,0.0,0.20618556701030927
31.0,2.0,52.0,0.1,0.1,0.4,3.0,574.0,0.0,0.0,0.20557491289198607
31.0,3.0,1.0,0.1,0.1,0.4,3.0,569.0,0.0,0.0,0.2056239015817223
31.0,3.0,2.0,0.1,0.1,0.4,3.0,568.0,0.0,0.0,0.20422535211267606
31.0,3.0,3.0,0.1,0.1,0.4,3.0,556.0,0.0,0.0,0.19964028776978418
31.0,3.0,4.0,0.1,0.1,0.4,3.0,556.0,0.0,0.0,0.19964028776978418
31.0,3.0,5.0,0.1,0.1,0.4,3.0,553.0,0.0,0.0,0.2007233273056058
31.0,3.0,6.0,0.1,0.1,0.4,3.0,550.0,0.0,0.0,0.2018181818181818
31.0,3.0,7.0,0.1,0.1,0.4,3.0,546.0,0.0,0.0,0.20146520146520147
31.0,3.0,8.0,0.1,0.1,0.4,3.0,544.0,0.0,0.0,0.20036764705882354
31.0,3.0,9.0,0.1,0.1,0.4,3.0,542.0,0.0,0.0,0.1992619926199262
31.0,3.0,10.0,0.1,0.1,0.4,3.0,529.0,0.0,0.0,0.2003780718336484
31.0,3.0,11.0,0.1,0.1,0.4,3.0,526.0,0.0,0.0,0.20152091254752852
31.0,3.0,12.0,0.1,0.1,0.4,3.0,523.0,0.0,0.0,0.20267686424474188
31.0,3.0,13.0,0.1,0.1,0.4,3.0,512.0,0.0,0.0,0.205078125
31.0,3.0,14.0,0.1,0.1,0.4,3.0,508.0,0.0,0.0,0.2047244094488189
31.0,3.0,15.0,0.1,0.1,0.4,3.0,506.0,0.0,0.0,0.2015810276679842
31.0,3.0,16.0,0.1,0.1,0.4,3.0,503.0,0.0,0.0,0.20079522862823063
31.0,3.0,17.0,0.1,0.1,0.4,3.0,502.0,0.0,0.0,0.199203187250996
31.0,3.0,18.0,0.1,0.1,0.4,3.0,502.0,0.0,0.0,0.199203187250996
31.0,3.0,19.0,0.1,0.1,0.4,3.0,499.0,0.0,0.0,0.19839679358717435
31.0,3.0,20.0,0.1,0.1,0.4,3.0,952.0,0.0,0.0,0.10294117647058823
31.0,3.0,21.0,0.1,0.1,0.4,3.0,906.0,0.0,0.0,0.10706401766004416
31.0,3.0,22.0,0.1,0.1,0.4,3.0,864.0,0.0,0.0,0.1087962962962963
31.0,3.0,23.0,0.1,0.1,0.4,3.0,836.0,0.0,0.0,0.11004784688995216
31.0,3.0,24.0,0.1,0.1,0.4,3.0,803.0,0.0,0.0,0.11207970112079702
31.0,3.0,25.0,0.1,0.1,0.4,3.0,797.0,0.0,0.0,0.11041405269761606
31.0,3.0,26.0,0.1,0.1,0.4,3.0,763.0,0.0,0.0,0.1127129750982962
31.0,3.0,27.0,0.1,0.1,0.4,3.0,716.0,0.0,0.0,0.11033519553072625
31.0,3.0,28.0,0.1,0.1,0.4,3.0,703.0,0.0,0.0,0.11095305832147938
31.0,3.0,29.0,0.1,0.1,0.4,3.0,674.0,0.0,0.0,0.1083086053412463
31.0,3.0,30.0,0.1,0.1,0.4,3.0,661.0,0.0,0.0,0.1059001512859304
31.0,3.0,31.0,0.1,0.1,0.4,3.0,638.0,0.0,0.0,0.10658307210031348
31.0,3.0,32.0,0.1,0.1,0.4,3.0,629.0,0.0,0.0,0.10810810810810811
31.0,3.0,33.0,0.1,0.1,0.4,3.0,616.0,0.0,0.0,0.11038961038961038
31.0,3.0,34.0,0.1,0.1,0.4,3.0,626.0,0.0,0.0,0.10862619808306709
31.0,3.0,35.0,0.1,0.1,0.4,3.0,614.0,0.0,0.0,0.11074918566775244
31.0,3.0,36.0,0.1,0.1,0.4,3.0,596.0,0.0,0.0,0.11241610738255034
31.0,3.0,37.0,0.1,0.1,0.4,3.0,575.0,0.0,0.0,0.11304347826086956
31.0,3.0,38.0,0.1,0.1,0.4,3.0,563.0,0.0,0.0,0.11545293072824156
31.0,3.0,39.0,0.1,0.1,0.4,3.0,556.0,0.0,0.0,0.11690647482014388
31.0,3.0,40.0,0.1,0.1,0.4,3.0,538.0,0.0,0.0,0.120817843866171
31.0,3.0,41.0,0.1,0.1,0.4,3.0,516.0,0.0,0.0,0.12403100775193798
31.0,3.0,42.0,0.1,0.1,0.4,3.0,518.0,0.0,0.0,0.12355212355212356
31.0,3.0,43.0,0.1,0.1,0.4,3.0,513.0,0.0,0.0,0.12280701754385964
31.0,3.0,44.0,0.1,0.1,0.4,3.0,504.0,0.0,0.0,0.125
31.0,3.0,45.0,0.1,0.1,0.4,3.0,493.0,0.0,0.0,0.20689655172413793
31.0,3.0,46.0,0.1,0.1,0.4,3.0,493.0,0.0,0.0,0.20892494929006086
31.0,3.0,47.0,0.1,0.1,0.4,3.0,473.0,0.0,0.0,0.20930232558139536
31.0,3.0,48.0,0.1,0.1,0.4,3.0,460.0,0.0,0.0,0.20869565217391303
31.0,3.0,49.0,0.1,0.1,0.4,3.0,452.0,0.0,0.0,0.20575221238938052
31.0,3.0,50.0,0.1,0.1,0.4,3.0,450.0,0.0,0.0,0.20444444444444446
31.0,3.0,51.0,0.1,0.1,0.4,3.0,449.0,0.0,0.0,0.20489977728285078
31.0,3.0,52.0,0.1,0.1,0.4,3.0,444.0,0.0,0.0,0.1981981981981982
31.0,4.0,1.0,0.1,0.1,0.4,3.0,441.0,0.0,0.0,0.20408163265306123
31.0,4.0,2.0,0.1,0.1,0.4,3.0,436.0,0.0,0.0,0.20412844036697247
31.0,4.0,3.0,0.1,0.1,0.4,3.0,437.0,0.0,0.0,0.2036613272311213
31.0,4.0,4.0,0.1,0.1,0.4,3.0,433.0,0.0,0.0,0.20323325635103925
31.0,4.0,5.0,0.1,0.1,0.4,3.0,432.0,0.0,0.0,0.2037037037037037
31.0,4.0,6.0,0.1,0.1,0.4,3.0,429.0,0.0,0.0,0.20512820512820512
31.0,4.0,7.0,0.1,0.1,0.4,3.0,429.0,0.0,0.0,0.20279720279720279
31.0,4.0,8.0,0.1,0.1,0.4,3.0,426.0,0.0,0.0,0.20422535211267606
31.0,4.0,9.0,0.1,0.1,0.4,3.0,426.0,0.0,0.0,0.20422535211267606
31.0,4.0,10.0,0.1,0.1,0.4,3.0,425.0,0.0,0.0,0.20470588235294118
31.0,4.0,11.0,0.1,0.1,0.4,3.0,427.0,0.0,0.0,0.20374707259953162
31.0,4.0,12.0,0.1,0.1,0.4,3.0,422.0,0.0,0.0,0.20616113744075829
31.0,4.0,13.0,0.1,0.1,0.4,3.0,418.0,0.0,0.0,0.20574162679425836
31.0,4.0,14.0,0.1,0.1,0.4,3.0,416.0,0.0,0.0,0.20432692307692307
31.0,4.0,15.0,0.1,0.1,0.4,3.0,414.0,0.0,0.0,0.20531400966183574
31.0,4.0,16.0,0.1,0.1,0.4,3.0,412.0,0.0,0.0,0.20631067961165048
31.0,4.0,17.0,0.1,0.1,0.4,3.0,411.0,0.0,0.0,0.20681265206812652
31.0,4.0,18.0,0.1,0.1,0.4,3.0,401.0,0.0,0.0,0.2119700748129676
31.0,4.0,19.0,0.1,0.1,0.4,3.0,399.0,0.0,0.0,0.21052631578947367
31.0,4.0,20.0,0.1,0.1,0.4,3.0,760.0,0.0,0.0,0.10921052631578948
31.0,4.0,21.0,0.1,0.1,0.4,3.0,725.0,0.0,0.0,0.11310344827586206
31.0,4.0,22.0,0.1,0.1,0.4,3.0,711.0,0.0,0.0,0.11251758087201125
31.0,4.0,23.0,0.1,0.1,0.4,3.0,698.0,0.0,0.0,0.11461318051575932
31.0,4.0,24.0,0.1,0.1,0.4,3.0,665.0,0.0,0.0,0.11278195488721804
31.0,4.0,25.0,0.1,0.1,0.4,3.0,671.0,0.0,0.0,0.11326378539493294
31.0,4.0,26.0,0.1,0.1,0.4,3.0,656.0,0.0,0.0,0.11280487804878049
31.0,4.0,27.0,0.1,0.1,0.4,3.0,661.0,0.0,0.0,0.11346444780635401
31.0,4.0,28.0,0.1,0.1,0.4,3.0,655.0,0.0,0.0,0.11297709923664122
31.0,4.0,29.0,0.1,0.1,0.4,3.0,620.0,0.0,0.0,0.11129032258064517
31.0,4.0,30.0,0.1,0.1,0.4,3.0,605.0,0.0,0.0,0.10743801652892562
31.0,4.0,31.0,0.1,0.1,0.4,3.0,573.0,0.0,0.0,0.11518324607329843
31.0,4.0,32.0,0.1,0.1,0.4,3.0,540.0,0.0,0.0,0.10555555555555556
31.0,4.0,33.0,0.1,0.1,0.4,3.0,546.0,0.0,0.0,0.1043956043956044
31.0,4.0,34.0,0.1,0.1,0.4,3.0,530.0,0.0,0.0,0.10566037735849057
31.0,4.0,35.0,0.1,0.1,0.4,3.0,514.0,0.0,0.0,0.10505836575875487
31.0,4.0,36.0,0.1,0.1,0.4,3.0,496.0,0.0,0.0,0.10887096774193548
31.0,4.0,37.0,0.1,0.1,0.4,3.0,495.0,0.0,0.0,0.10909090909090909
31.0,4.0,38.0,0.1,0.1,0.4,3.0,495.0,0.0,0.0,0.10909090909090909
31.0,4.0,39.0,0.1,0.1,0.4,3.0,485.0,0.0,0.0,0.10721649484536082
31.0,4.0,40.0,0.1,0.1,0.4,3.0,475.0,0.0,0.0,0.10526315789473684
31.0,4.0,41.0,0.1,0.1,0.4,3.0,478.0,0.0,0.0,0.10460251046025104
31.0,4.0,42.0,0.1,0.1,0.4,3.0,475.0,0.0,0.0,0.10526315789473684
31.0,4.0,43.0,0.1,0.1,0.4,3.0,460.0,0.0,0.0,0.10652173913043478
31.0,4.0,44.0,0.1,0.1,0.4,3.0,451.0,0.0,0.0,0.09977827050997783
31.0,4.0,45.0,0.1,0.1,0.4,3.0,439.0,0.0,0.0,0.15945330296127563
31.0,4.0,46.0,0.1,0.1,0.4,3.0,432.0,0.0,0.0,0.1574074074074074
31.0,4.0,47.0,0.1,0.1,0.4,3.0,439.0,0.0,0.0,0.15945330296127563
31.0,4.0,48.0,0.1,0.1,0.4,3.0,429.0,0.0,0.0,0.16083916083916083
31.0,4.0,49.0,0.1,0.1,0.4,3.0,417.0,0.0,0.0,0.16546762589928057
31.0,4.0,50.0,0.1,0.1,0.4,3.0,416.0,0.0,0.0,0.16346153846153846
31.0,4.0,51.0,0.1,0.1,0.4,3.0,416.0,0.0,0.0,0.16105769230769232
31.0,4.0,52.0,0.1,0.1,0.4,3.0,411.0,0.0,0.0,0.15815085158150852
31.0,5.0,1.0,0.1,0.1,0.4,3.0,397.0,0.0,0.0,0.15869017632241814
31.0,5.0,2.0,0.1,0.1,0.4,3.0,393.0,0.0,0.0,0.15776081424936386
31.0,5.0,3.0,0.1,0.1,0.4,3.0,384.0,0.0,0.0,0.15885416666666666
31.0,5.0,4.0,0.1,0.1,0.4,3.0,384.0,0.0,0.0,0.15625
31.0,5.0,5.0,0.1,0.1,0.4,3.0,381.0,0.0,0.0,0.16010498687664043
31.0,5.0,6.0,0.1,0.1,0.4,3.0,378.0,0.0,0.0,0.15873015873015872
31.0,5.0,7.0,0.1,0.1,0.4,3.0,377.0,0.0,0.0,0.16180371352785147
31.0,5.0,8.0,0.1,0.1,0.4,3.0,368.0,0.0,0.0,0.16032608695652173
31.0,5.0,9.0,0.1,0.1,0.4,3.0,360.0,0.0,0.0,0.16666666666666666
31.0,5.0,10.0,0.1,0.1,0.4,3.0,354.0,0.0,0.0,0.16101694915254236
31.0,5.0,11.0,0.1,0.1,0.4,3.0,357.0,0.0,0.0,0.16526610644257703
31.0,5.0,12.0,0.1,0.1,0.4,3.0,353.0,0.0,0.0,0.16147308781869688
31.0,5.0,13.0,0.1,0.1,0.4,3.0,357.0,0.0,0.0,0.16526610644257703
31.0,5.0,14.0,0.1,0.1,0.4,3.0,351.0,0.0,0.0,0.1623931623931624
31.0,5.0,15.0,0.1,0.1,0.4,3.0,355.0,0.0,0.0,0.16619718309859155
31.0,5.0,16.0,0.1,0.1,0.4,3.0,349.0,0.0,0.0,0.16332378223495703
31.0,5.0,17.0,0.1,0.1,0.4,3.0,352.0,0.0,0.0,0.16761363636363635
31.0,5.0,18.0,0.1,0.1,0.4,3.0,344.0,0.0,0.0,0.16569767441860464
31.0,5.0,19.0,0.1,0.1,0.4,3.0,345.0,0.0,0.0,0.17101449275362318
31.0,5.0,20.0,0.1,0.1,0.4,3.0,628.0,0.0,0.0,0.09076433121019108
31.0,5.0,21.0,0.1,0.1,0.4,3.0,591.0,0.0,0.0,0.09813874788494077
31.0,5.0,22.0,0.1,0.1,0.4,3.0,553.0,0.0,0.0,0.09764918625678119
31.0,5.0,23.0,0.1,0.1,0.4,3.0,559.0,0.0,0.0,0.09838998211091235
31.0,5.0,24.0,0.1,0.1,0.4,3.0,540.0,0.0,0.0,0.09814814814814815
31.0,5.0,25.0,0.1,0.1,0.4,3.0,541.0,0.0,0.0,0.09981515711645102
31.0,5.0,26.0,0.1,0.1,0.4,3.0,540.0,0.0,0.0,0.09814814814814815
31.0,5.0,27.0,0.1,0.1,0.4,3.0,517.0,0.0,0.0,0.10251450676982592
31.0,5.0,28.0,0.1,0.1,0.4,3.0,480.0,0.0,0.0,0.10416666666666667
31.0,5.0,29.0,0.1,0.1,0.4,3.0,467.0,0.0,0.0,0.10706638115631692
31.0,5.0,30.0,0.1,0.1,0.4,3.0,458.0,0.0,0.0,0.10480349344978165
31.0,5.0,31.0,0.1,0.1,0.4,3.0,417.0,0.0,0.0,0.11270983213429256
31.0,5.0,32.0,0.1,0.1,0.4,3.0,417.0,0.0,0.0,0.11031175059952038
31.0,5.0,33.0,0.1,0.1,0.4,3.0,406.0,0.0,0.0,0.11083743842364532
31.0,5.0,34.0,0.1,0.1,0.4,3.0,398.0,0.0,0.0,0.10804020100502512
31.0,5.0,35.0,0.1,0.1,0.4,3.0,395.0,0.0,0.0,0.11139240506329114
31.0,5.0,36.0,0.1,0.1,0.4,3.0,387.0,0.0,0.0,0.1111111111111111
31.0,5.0,37.0,0.1,0.1,0.4,3.0,385.0,0.0,0.0,0.11428571428571428
31.0,5.0,38.0,0.1,0.1,0.4,3.0,381.0,0.0,0.0,0.11286089238845144
31.0,5.0,39.0,0.1,0.1,0.4,3.0,384.0,0.0,0.0,0.11458333333333333
31.0,5.0,40.0,0.1,0.1,0.4,3.0,370.0,0.0,0.0,0.11621621621621622
31.0,5.0,41.0,0.1,0.1,0.4,3.0,374.0,0.0,0.0,0.11764705882352941
31.0,5.0,42.0,0.1,0.1,0.4,3.0,369.0,0.0,0.0,0.11653116531165311
31.0,5.0,43.0,0.1,0.1,0.4,3.0,366.0,0.0,0.0,0.12021857923497267
31.0,5.0,44.0,0.1,0.1,0.4,3.0,352.0,0.0,0.0,0.12215909090909091
31.0,5.0,45.0,0.1,0.1,0.4,3.0,347.0,0.0,0.0,0.2132564841498559
31.0,5.0,46.0,0.1,0.1,0.4,3.0,338.0,0.0,0.0,0.21597633136094674
31.0,5.0,47.0,0.1,0.1,0.4,3.0,343.0,0.0,0.0,0.21282798833819241
31.0,5.0,48.0,0.1,0.1,0.4,3.0,336.0,0.0,0.0,0.21726190476190477
31.0,5.0,49.0,0.1,0.1,0.4,3.0,322.0,0.0,0.0,0.2204968944099379
31.0,5.0,50.0,0.1,0.1,0.4,3.0,317.0,0.0,0.0,0.22397476340694006
31.0,5.0,51.0,0.1,0.1,0.4,3.0,321.0,0.0,0.0,0.22118380062305296
31.0,5.0,52.0,0.1,0.1,0.4,3.0,319.0,0.0,0.0,0.2225705329153605
31.0,6.0,1.0,0.1,0.1,0.4,3.0,318.0,0.0,0.0,0.22327044025157233
31.0,6.0,2.0,0.1,0.1,0.4,3.0,315.0,0.0,0.0,0.2253968253968254
31.0,6.0,3.0,0.1,0.1,0.4,3.0,318.0,0.0,0.0,0.22327044025157233
31.0,6.0,4.0,0.1,0.1,0.4,3.0,314.0,0.0,0.0,0.22611464968152867
31.0,6.0,5.0,0.1,0.1,0.4,3.0,316.0,0.0,0.0,0.22151898734177214
31.0,6.0,6.0,0.1,0.1,0.4,3.0,313.0,0.0,0.0,0.22364217252396165
31.0,6.0,7.0,0.1,0.1,0.4,3.0,317.0,0.0,0.0,0.22397476340694006
31.0,6.0,8.0,0.1,0.1,0.4,3.0,310.0,0.0,0.0,0.22903225806451613
31.0,6.0,9.0,0.1,0.1,0.4,3.0,314.0,0.0,0.0,0.22611464968152867
31.0,6.0,10.0,0.1,0.1,0.4,3.0,308.0,0.0,0.0,0.2305194805194805
31.0,6.0,11.0,0.1,0.1,0.4,3.0,310.0,0.0,0.0,0.22903225806451613
31.0,6.0,12.0,0.1,0.1,0.4,3.0,306.0,0.0,0.0,0.23202614379084968
31.0,6.0,13.0,0.1,0.1,0.4,3.0,310.0,0.0,0.0,0.22903225806451613
31.0,6.0,14.0,0.1,0.1,0.4,3.0,305.0,0.0,0.0,0.23278688524590163
31.0,6.0,15.0,0.1,0.1,0.4,3.0,309.0,0.0,0.0,0.2297734627831715
31.0,6.0,16.0,0.1,0.1,0.4,3.0,305.0,0.0,0.0,0.23278688524590163
31.0,6.0,17.0,0.1,0.1,0.4,3.0,303.0,0.0,0.0,0.23432343234323433
31.0,6.0,18.0,0.1,0.1,0.4,3.0,299.0,0.0,0.0,0.23745819397993312
31.0,6.0,19.0,0.1,0.1,0.4,3.0,301.0,0.0,0.0,0.23588039867109634
31.0,6.0,20.0,0.1,0.1,0.4,3.0,550.0,0.0,0.0,0.1290909090909091
31.0,6.0,21.0,0.1,0.1,0.4,3.0,553.0,0.0,0.0,0.12839059674502712
31.0,6.0,22.0,0.1,0.1,0.4,3.0,528.0,0.0,0.0,0.1268939393939394
31.0,6.0,23.0,0.1,0.1,0.4,3.0,505.0,0.0,0.0,0.12475247524752475
31.0,6.0,24.0,0.1,0.1,0.4,3.0,492.0,0.0,0.0,0.12804878048780488
31.0,6.0,25.0,0.1,0.1,0.4,3.0,474.0,0.0,0.0,0.12869198312236288
31.0,6.0,26.0,0.1,0.1,0.4,3.0,451.0,0.0,0.0,0.1352549889135255
31.0,6.0,27.0,0.1,0.1,0.4,3.0,445.0,0.0,0.0,0.13707865168539327
31.0,6.0,28.0,0.1,0.1,0.4,3.0,428.0,0.0,0.0,0.14018691588785046
31.0,6.0,29.0,0.1,0.1,0.4,3.0,424.0,0.0,0.0,0.1391509433962264
31.0,6.0,30.0,0.1,0.1,0.4,3.0,410.0,0.0,0.0,0.14390243902439023
31.0,6.0,31.0,0.1,0.1,0.4,3.0,415.0,0.0,0.0,0.14216867469879518
31.0,6.0,32.0,0.1,0.1,0.4,3.0,389.0,0.0,0.0,0.14652956298200515
31.0,6.0,33.0,0.1,0.1,0.4,3.0,392.0,0.0,0.0,0.14285714285714285
31.0,6.0,34.0,0.1,0.1,0.4,3.0,388.0,0.0,0.0,0.14432989690721648
31.0,6.0,35.0,0.1,0.1,0.4,3.0,393.0,0.0,0.0,0.14249363867684478
31.0,6.0,36.0,0.1,0.1,0.4,3.0,388.0,0.0,0.0,0.14432989690721648
31.0,6.0,37.0,0.1,0.1,0.4,3.0,383.0,0.0,0.0,0.1462140992167102
31.0,6.0,38.0,0.1,0.1,0.4,3.0,377.0,0.0,0.0,0.14854111405835543
31.0,6.0,39.0,0.1,0.1,0.4,3.0,383.0,0.0,0.0,0.1462140992167102
31.0,6.0,40.0,0.1,0.1,0.4,3.0,376.0,0.0,0.0,0.14893617021276595
31.0,6.0,41.0,0.1,0.1,0.4,3.0,379.0,0.0,0.0,0.14775725593667546
31.0,6.0,42.0,0.1,0.1,0.4,3.0,374.0,0.0,0.0,0.14705882352941177
31.0,6.0,43.0,0.1,0.1,0.4,3.0,375.0,0.0,0.0,0.14133333333333334
31.0,6.0,44.0,0.1,0.1,0.4,3.0,369.0,0.0,0.0,0.13821138211382114
31.0,6.0,45.0,0.1,0.1,0.4,3.0,363.0,0.0,0.0,0.21487603305785125
31.0,6.0,46.0,0.1,0.1,0.4,3.0,361.0,0.0,0.0,0.21606648199445982
31.0,6.0,47.0,0.1,0.1,0.4,3.0,354.0,0.0,0.0,0.2175141242937853
31.0,6.0,48.0,0.1,0.1,0.4,3.0,351.0,0.0,0.0,0.21652421652421652
31.0,6.0,49.0,0.1,0.1,0.4,3.0,334.0,0.0,0.0,0.218562874251497
31.0,6.0,50.0,0.1,0.1,0.4,3.0,332.0,0.0,0.0,0.21987951807228914
31.0,6.0,51.0,0.1,0.1,0.4,3.0,333.0,0.0,0.0,0.21921921921921922
31.0,6.0,52.0,0.1,0.1,0.4,3.0,329.0,0.0,0.0,0.22188449848024316
31.0,7.0,1.0,0.1,0.1,0.4,3.0,331.0,0.0,0.0,0.22054380664652568
31.0,7.0,2.0,0.1,0.1,0.4,3.0,328.0,0.0,0.0,0.2225609756097561
31.0,7.0,3.0,0.1,0.1,0.4,3.0,330.0,0.0,0.0,0.22121212121212122
31.0,7.0,4.0,0.1,0.1,0.4,3.0,325.0,0.0,0.0,0.2246153846153846
31.0,7.0,5.0,0.1,0.1,0.4,3.0,329.0,0.0,0.0,0.22188449848024316
31.0,7.0,6.0,0.1,0.1,0.4,3.0,315.0,0.0,0.0,0.22857142857142856
31.0,7.0,7.0,0.1,0.1,0.4,3.0,318.0,0.0,0.0,0.22641509433962265
31.0,7.0,8.0,0.1,0.1,0.4,3.0,313.0,0.0,0.0,0.22364217252396165
31.0,7.0,9.0,0.1,0.1,0.4,3.0,317.0,0.0,0.0,0.22397476340694006
31.0,7.0,10.0,0.1,0.1,0.4,3.0,314.0,0.0,0.0,0.22611464968152867
31.0,7.0,11.0,0.1,0.1,0.4,3.0,317.0,0.0,0.0,0.22397476340694006
31.0,7.0,12.0,0.1,0.1,0.4,3.0,314.0,0.0,0.0,0.22611464968152867
31.0,7.0,13.0,0.1,0.1,0.4,3.0,317.0,0.0,0.0,0.22397476340694006
31.0,7.0,14.0,0.1,0.1,0.4,3.0,314.0,0.0,0.0,0.22611464968152867
31.0,7.0,15.0,0.1,0.1,0.4,3.0,316.0,0.0,0.0,0.22468354430379747
31.0,7.0,16.0,0.1,0.1,0.4,3.0,314.0,0.0,0.0,0.22611464968152867
31.0,7.0,17.0,0.1,0.1,0.4,3.0,308.0,0.0,0.0,0.22727272727272727
31.0,7.0,18.0,0.1,0.1,0.4,3.0,305.0,0.0,0.0,0.22950819672131148
31.0,7.0,19.0,0.1,0.1,0.4,3.0,308.0,0.0,0.0,0.22727272727272727
31.0,7.0,20.0,0.1,0.1,0.4,3.0,502.0,0.0,0.0,0.1394422310756972
31.0,7.0,21.0,0.1,0.1,0.4,3.0,488.0,0.0,0.0,0.1413934426229508
31.0,7.0,22.0,0.1,0.1,0.4,3.0,467.0,0.0,0.0,0.14346895074946467
31.0,7.0,23.0,0.1,0.1,0.4,3.0,472.0,0.0,0.0,0.13983050847457626
31.0,7.0,24.0,0.1,0.1,0.4,3.0,444.0,0.0,0.0,0.14189189189189189
31.0,7.0,25.0,0.1,0.1,0.4,3.0,442.0,0.0,0.0,0.13574660633484162
31.0,7.0,26.0,0.1,0.1,0.4,3.0,409.0,0.0,0.0,0.1393643031784841
31.0,7.0,27.0,0.1,0.1,0.4,3.0,416.0,0.0,0.0,0.13221153846153846
31.0,7.0,28.0,0.1,0.1,0.4,3.0,392.0,0.0,0.0,0.1377551020408163
31.0,7.0,29.0,0.1,0.1,0.4,3.0,393.0,0.0,0.0,0.13740458015267176
31.0,7.0,30.0,0.1,0.1,0.4,3.0,378.0,0.0,0.0,0.1402116402116402
31.0,7.0,31.0,0.1,0.1,0.4,3.0,393.0,0.0,0.0,0.13740458015267176
31.0,7.0,32.0,0.1,0.1,0.4,3.0,368.0,0.0,0.0,0.14402173913043478
31.0,7.0,33.0,0.1,0.1,0.4,3.0,367.0,0.0,0.0,0.14168937329700274
31.0,7.0,34.0,0.1,0.1,0.4,3.0,365.0,0.0,0.0,0.136986301369863
31.0,7.0,35.0,0.1,0.1,0.4,3.0,373.0,0.0,0.0,0.14209115281501342
31.0,7.0,36.0,0.1,0.1,0.4,3.0,349.0,0.0,0.0,0.14040114613180515
31.0,7.0,37.0,0.1,0.1,0.4,3.0,353.0,0.0,0.0,0.141643059490085
31.0,7.0,38.0,0.1,0.1,0.4,3.0,334.0,0.0,0.0,0.1437125748502994
31.0,7.0,39.0,0.1,0.1,0.4,3.0,342.0,0.0,0.0,0.14619883040935672
31.0,7.0,40.0,0.1,0.1,0.4,3.0,313.0,0.0,0.0,0.1501597444089457
31.0,7.0,41.0,0.1,0.1,0.4,3.0,320.0,0.0,0.0,0.153125
31.0,7.0,42.0,0.1,0.1,0.4,3.0,311.0,0.0,0.0,0.14790996784565916
31.0,7.0,43.0,0.1,0.1,0.4,3.0,312.0,0.0,0.0,0.15064102564102563
31.0,7.0,44.0,0.1,0.1,0.4,3.0,310.0,0.0,0.0,0.14516129032258066
31.0,7.0,45.0,0.1,0.1,0.4,3.0,312.0,0.0,0.0,0.2467948717948718
31.0,7.0,46.0,0.1,0.1,0.4,3.0,309.0,0.0,0.0,0.23948220064724918
31.0,7.0,47.0,0.1,0.1,0.4,3.0,311.0,0.0,0.0,0.24437299035369775
31.0,7.0,48.0,0.1,0.1,0.4,3.0,309.0,0.0,0.0,0.23948220064724918
31.0,7.0,49.0,0.1,0.1,0.4,3.0,311.0,0.0,0.0,0.24437299035369775
31.0,7.0,50.0,0.1,0.1,0.4,3.0,303.0,0.0,0.0,0.24422442244224424
31.0,7.0,51.0,0.1,0.1,0.4,3.0,306.0,0.0,0.0,0.24509803921568626
31.0,7.0,52.0,0.1,0.1,0.4,3.0,298.0,0.0,0.0,0.24496644295302014
31.0,8.0,1.0,0.1,0.1,0.4,3.0,304.0,0.0,0.0,0.24671052631578946
31.0,8.0,2.0,0.1,0.1,0.4,3.0,297.0,0.0,0.0,0.24579124579124578
31.0,8.0,3.0,0.1,0.1,0.4,3.0,303.0,0.0,0.0,0.24422442244224424
31.0,8.0,4.0,0.1,0.1,0.4,3.0,296.0,0.0,0.0,0.24662162162162163
31.0,8.0,5.0,0.1,0.1,0.4,3.0,304.0,0.0,0.0,0.24671052631578946
31.0,8.0,6.0,0.1,0.1,0.4,3.0,297.0,0.0,0.0,0.24579124579124578
31.0,8.0,7.0,0.1,0.1,0.4,3.0,303.0,0.0,0.0,0.24752475247524752
31.0,8.0,8.0,0.1,0.1,0.4,3.0,295.0,0.0,0.0,0.24745762711864408
31.0,8.0,9.0,0.1,0.1,0.4,3.0,302.0,0.0,0.0,0.24834437086092714
31.0,8.0,10.0,0.1,0.1,0.4,3.0,293.0,0.0,0.0,0.24914675767918087
31.0,8.0,11.0,0.1,0.1,0.4,3.0,300.0,0.0,0.0,0.25
31.0,8.0,12.0,0.1,0.1,0.4,3.0,292.0,0.0,0.0,0.25
31.0,8.0,13.0,0.1,0.1,0.4,3.0,299.0,0.0,0.0,0.2508361204013378
31.0,8.0,14.0,0.1,0.1,0.4,3.0,292.0,0.0,0.0,0.25
31.0,8.0,15.0,0.1,0.1,0.4,3.0,299.0,0.0,0.0,0.2508361204013378
31.0,8.0,16.0,0.1,0.1,0.4,3.0,292.0,0.0,0.0,0.25
31.0,8.0,17.0,0.1,0.1,0.4,3.0,298.0,0.0,0.0,0.2516778523489933
31.0,8.0,18.0,0.1,0.1,0.4,3.0,290.0,0.0,0.0,0.2517241379310345
31.0,8.0,19.0,0.1,0.1,0.4,3.0,296.0,0.0,0.0,0.2533783783783784
31.0,8.0,20.0,0.1,0.1,0.4,3.0,517.0,0.0,0.0,0.14119922630560927
31.0,8.0,21.0,0.1,0.1,0.4,3.0,488.0,0.0,0.0,0.14754098360655737
31.0,8.0,22.0,0.1,0.1,0.4,3.0,461.0,0.0,0.0,0.14967462039045554
31.0,8.0,23.0,0.1,0.1,0.4,3.0,467.0,0.0,0.0,0.15203426124197003
31.0,8.0,24.0,0.1,0.1,0.4,3.0,452.0,0.0,0.0,0.15265486725663716
31.0,8.0,25.0,0.1,0.1,0.4,3.0,431.0,0.0,0.0,0.16241299303944315
31.0,8.0,26.0,0.1,0.1,0.4,3.0,428.0,0.0,0.0,0.1588785046728972
31.0,8.0,27.0,0.1,0.1,0.4,3.0,422.0,0.0,0.0,0.16587677725118483
31.0,8.0,28.0,0.1,0.1,0.4,3.0,409.0,0.0,0.0,0.16625916870415647
31.0,8.0,29.0,0.1,0.1,0.4,3.0,413.0,0.0,0.0,0.1694915254237288
31.0,8.0,30.0,0.1,0.1,0.4,3.0,385.0,0.0,0.0,0.17402597402597403
31.0,8.0,31.0,0.1,0.1,0.4,3.0,389.0,0.0,0.0,0.17737789203084833
31.0,8.0,32.0,0.1,0.1,0.4,3.0,376.0,0.0,0.0,0.17819148936170212
31.0,8.0,33.0,0.1,0.1,0.4,3.0,365.0,0.0,0.0,0.1863013698630137
31.0,8.0,34.0,0.1,0.1,0.4,3.0,343.0,0.0,0.0,0.1924198250728863
31.0,8.0,35.0,0.1,0.1,0.4,3.0,347.0,0.0,0.0,0.19596541786743515
31.0,8.0,36.0,0.1,0.1,0.4,3.0,333.0,0.0,0.0,0.1921921921921922
31.0,8.0,37.0,0.1,0.1,0.4,3.0,337.0,0.0,0.0,0.19584569732937684
31.0,8.0,38.0,0.1,0.1,0.4,3.0,334.0,0.0,0.0,0.19161676646706588
31.0,8.0,39.0,0.1,0.1,0.4,3.0,337.0,0.0,0.0,0.19584569732937684
31.0,8.0,40.0,0.1,0.1,0.4,3.0,331.0,0.0,0.0,0.1933534743202417
31.0,8.0,41.0,0.1,0.1,0.4,3.0,335.0,0.0,0.0,0.19701492537313434
31.0,8.0,42.0,0.1,0.1,0.4,3.0,331.0,0.0,0.0,0.1933534743202417
31.0,8.0,43.0,0.1,0.1,0.4,3.0,335.0,0.0,0.0,0.19701492537313434
31.0,8.0,44.0,0.1,0.1,0.4,3.0,331.0,0.0,0.0,0.1933534743202417
31.0,8.0,45.0,0.1,0.1,0.4,3.0,334.0,0.0,0.0,0.25149700598802394
31.0,8.0,46.0,0.1,0.1,0.4,3.0,331.0,0.0,0.0,0.24471299093655588
31.0,8.0,47.0,0.1,0.1,0.4,3.0,334.0,0.0,0.0,0.25149700598802394
31.0,8.0,48.0,0.1,0.1,0.4,3.0,331.0,0.0,0.0,0.24471299093655588
31.0,8.0,49.0,0.1,0.1,0.4,3.0,334.0,0.0,0.0,0.25149700598802394
31.0,8.0,50.0,0.1,0.1,0.4,3.0,331.0,0.0,0.0,0.24471299093655588
31.0,8.0,51.0,0.1,0.1,0.4,3.0,332.0,0.0,0.0,0.25301204819277107
31.0,8.0,52.0,0.1,0.1,0.4,3.0,330.0,0.0,0.0,0.24545454545454545
31.0,9.0,1.0,0.1,0.1,0.4,3.0,332.0,0.0,0.0,0.25301204819277107
31.0,9.0,2.0,0.1,0.1,0.4,3.0,330.0,0.0,0.0,0.24545454545454545
31.0,9.0,3.0,0.1,0.1,0.4,3.0,331.0,0.0,0.0,0.2537764350453172
31.0,9.0,4.0,0.1,0.1,0.4,3.0,321.0,0.0,0.0,0.24922118380062305
31.0,9.0,5.0,0.1,0.1,0.4,3.0,324.0,0.0,0.0,0.25617283950617287
31.0,9.0,6.0,0.1,0.1,0.4,3.0,320.0,0.0,0.0,0.25
31.0,9.0,7.0,0.1,0.1,0.4,3.0,322.0,0.0,0.0,0.2546583850931677
31.0,9.0,8.0,0.1,0.1,0.4,3.0,320.0,0.0,0.0,0.253125
31.0,9.0,9.0,0.1,0.1,0.4,3.0,320.0,0.0,0.0,0.25625
31.0,9.0,10.0,0.1,0.1,0.4,3.0,318.0,0.0,0.0,0.25471698113207547
31.0,9.0,11.0,0.1,0.1,0.4,3.0,319.0,0.0,0.0,0.25705329153605017
31.0,9.0,12.0,0.1,0.1,0.4,3.0,317.0,0.0,0.0,0.2555205047318612
31.0,9.0,13.0,0.1,0.1,0.4,3.0,319.0,0.0,0.0,0.25705329153605017
31.0,9.0,14.0,0.1,0.1,0.4,3.0,316.0,0.0,0.0,0.2563291139240506
31.0,9.0,15.0,0.1,0.1,0.4,3.0,319.0,0.0,0.0,0.25705329153605017
31.0,9.0,16.0,0.1,0.1,0.4,3.0,316.0,0.0,0.0,0.2563291139240506
31.0,9.0,17.0,0.1,0.1,0.4,3.0,319.0,0.0,0.0,0.25705329153605017
31.0,9.0,18.0,0.1,0.1,0.4,3.0,316.0,0.0,0.0,0.2563291139240506
31.0,9.0,19.0,0.1,0.1,0.4,3.0,318.0,0.0,0.0,0.2578616352201258
31.0,9.0,20.0,0.1,0.1,0.4,3.0,517.0,0.0,0.0,0.14119922630560927
31.0,9.0,21.0,0.1,0.1,0.4,3.0,503.0,0.0,0.0,0.1411530815109344
31.0,9.0,22.0,0.1,0.1,0.4,3.0,491.0,0.0,0.0,0.1425661914460285
31.0,9.0,23.0,0.1,0.1,0.4,3.0,493.0,0.0,0.0,0.1440162271805274
31.0,9.0,24.0,0.1,0.1,0.4,3.0,483.0,0.0,0.0,0.14285714285714285
31.0,9.0,25.0,0.1,0.1,0.4,3.0,485.0,0.0,0.0,0.14432989690721648
31.0,9.0,26.0,0.1,0.1,0.4,3.0,483.0,0.0,0.0,0.14285714285714285
31.0,9.0,27.0,0.1,0.1,0.4,3.0,480.0,0.0,0.0,0.14583333333333334
31.0,9.0,28.0,0.1,0.1,0.4,3.0,464.0,0.0,0.0,0.1400862068965517
31.0,9.0,29.0,0.1,0.1,0.4,3.0,445.0,0.0,0.0,0.14157303370786517
31.0,9.0,30.0,0.1,0.1,0.4,3.0,442.0,0.0,0.0,0.14027149321266968
31.0,9.0,31.0,0.1,0.1,0.4,3.0,401.0,0.0,0.0,0.14463840399002495
31.0,9.0,32.0,0.1,0.1,0.4,3.0,403.0,0.0,0.0,0.141439205955335
31.0,9.0,33.0,0.1,0.1,0.4,3.0,397.0,0.0,0.0,0.14609571788413098
31.0,9.0,34.0,0.1,0.1,0.4,3.0,395.0,0.0,0.0,0.14430379746835442
31.0,9.0,35.0,0.1,0.1,0.4,3.0,385.0,0.0,0.0,0.15064935064935064
31.0,9.0,36.0,0.1,0.1,0.4,3.0,366.0,0.0,0.0,0.15027322404371585
31.0,9.0,37.0,0.1,0.1,0.4,3.0,368.0,0.0,0.0,0.15217391304347827
31.0,9.0,38.0,0.1,0.1,0.4,3.0,366.0,0.0,0.0,0.15027322404371585
31.0,9.0,39.0,0.1,0.1,0.4,3.0,368.0,0.0,0.0,0.15217391304347827
31.0,9.0,40.0,0.1,0.1,0.4,3.0,355.0,0.0,0.0,0.15211267605633802
31.0,9.0,41.0,0.1,0.1,0.4,3.0,359.0,0.0,0.0,0.1532033426183844
31.0,9.0,42.0,0.1,0.1,0.4,3.0,354.0,0.0,0.0,0.15254237288135594
31.0,9.0,43.0,0.1,0.1,0.4,3.0,359.0,0.0,0.0,0.1532033426183844
31.0,9.0,44.0,0.1,0.1,0.4,3.0,354.0,0.0,0.0,0.15254237288135594
31.0,9.0,45.0,0.1,0.1,0.4,3.0,349.0,0.0,0.0,0.22922636103151864
31.0,9.0,46.0,0.1,0.1,0.4,3.0,344.0,0.0,0.0,0.22965116279069767
31.0,9.0,47.0,0.1,0.1,0.4,3.0,340.0,0.0,0.0,0.2323529411764706
31.0,9.0,48.0,0.1,0.1,0.4,3.0,335.0,0.0,0.0,0.23283582089552238
31.0,9.0,49.0,0.1,0.1,0.4,3.0,332.0,0.0,0.0,0.2319277108433735
31.0,9.0,50.0,0.1,0.1,0.4,3.0,319.0,0.0,0.0,0.23824451410658307
31.0,9.0,51.0,0.1,0.1,0.4,3.0,327.0,0.0,0.0,0.23547400611620795
31.0,9.0,52.0,0.1,0.1,0.4,3.0,318.0,0.0,0.0,0.2389937106918239
31.0,10.0,1.0,0.1,0.1,0.4,3.0,316.0,0.0,0.0,0.24050632911392406
31.0,10.0,2.0,0.1,0.1,0.4,3.0,307.0,0.0,0.0,0.24429967426710097
31.0,10.0,3.0,0.1,0.1,0.4,3.0,316.0,0.0,0.0,0.24050632911392406
31.0,10.0,4.0,0.1,0.1,0.4,3.0,306.0,0.0,0.0,0.24509803921568626
31.0,10.0,5.0,0.1,0.1,0.4,3.0,306.0,0.0,0.0,0.24836601307189543
31.0,10.0,6.0,0.1,0.1,0.4,3.0,297.0,0.0,0.0,0.25252525252525254
31.0,10.0,7.0,0.1,0.1,0.4,3.0,296.0,0.0,0.0,0.25675675675675674
31.0,10.0,8.0,0.1,0.1,0.4,3.0,289.0,0.0,0.0,0.25951557093425603
31.0,10.0,9.0,0.1,0.1,0.4,3.0,294.0,0.0,0.0,0.2585034013605442
31.0,10.0,10.0,0.1,0.1,0.4,3.0,288.0,0.0,0.0,0.2604166666666667
31.0,10.0,11.0,0.1,0.1,0.4,3.0,293.0,0.0,0.0,0.25597269624573377
31.0,10.0,12.0,0.1,0.1,0.4,3.0,287.0,0.0,0.0,0.2578397212543554
31.0,10.0,13.0,0.1,0.1,0.4,3.0,292.0,0.0,0.0,0.2568493150684932
31.0,10.0,14.0,0.1,0.1,0.4,3.0,287.0,0.0,0.0,0.2578397212543554
31.0,10.0,15.0,0.1,0.1,0.4,3.0,289.0,0.0,0.0,0.25951557093425603
31.0,10.0,16.0,0.1,0.1,0.4,3.0,286.0,0.0,0.0,0.25874125874125875
31.0,10.0,17.0,0.1,0.1,0.4,3.0,288.0,0.0,0.0,0.2604166666666667
31.0,10.0,18.0,0.1,0.1,0.4,3.0,285.0,0.0,0.0,0.2596491228070175
31.0,10.0,19.0,0.1,0.1,0.4,3.0,288.0,0.0,0.0,0.2604166666666667
31.0,10.0,20.0,0.1,0.1,0.4,3.0,524.0,0.0,0.0,0.12213740458015267
31.0,10.0,21.0,0.1,0.1,0.4,3.0,496.0,0.0,0.0,0.12903225806451613
31.0,10.0,22.0,0.1,0.1,0.4,3.0,475.0,0.0,0.0,0.13263157894736843
31.0,10.0,23.0,0.1,0.1,0.4,3.0,467.0,0.0,0.0,0.1349036402569593
31.0,10.0,24.0,0.1,0.1,0.4,3.0,437.0,0.0,0.0,0.13501144164759726
31.0,10.0,25.0,0.1,0.1,0.4,3.0,426.0,0.0,0.0,0.14084507042253522
31.0,10.0,26.0,0.1,0.1,0.4,3.0,424.0,0.0,0.0,0.1391509433962264
31.0,10.0,27.0,0.1,0.1,0.4,3.0,405.0,0.0,0.0,0.14814814814814814
31.0,10.0,28.0,0.1,0.1,0.4,3.0,395.0,0.0,0.0,0.1468354430379747
31.0,10.0,29.0,0.1,0.1,0.4,3.0,386.0,0.0,0.0,0.15284974093264247
31.0,10.0,30.0,0.1,0.1,0.4,3.0,384.0,0.0,0.0,0.15104166666666666
31.0,10.0,31.0,0.1,0.1,0.4,3.0,365.0,0.0,0.0,0.15342465753424658
31.0,10.0,32.0,0.1,0.1,0.4,3.0,355.0,0.0,0.0,0.15492957746478872
31.0,10.0,33.0,0.1,0.1,0.4,3.0,345.0,0.0,0.0,0.1565217391304348
31.0,10.0,34.0,0.1,0.1,0.4,3.0,328.0,0.0,0.0,0.16158536585365854
31.0,10.0,35.0,0.1,0.1,0.4,3.0,329.0,0.0,0.0,0.1641337386018237
31.0,10.0,36.0,0.1,0.1,0.4,3.0,328.0,0.0,0.0,0.16158536585365854
31.0,10.0,37.0,0.1,0.1,0.4,3.0,329.0,0.0,0.0,0.1641337386018237
31.0,10.0,38.0,0.1,0.1,0.4,3.0,328.0,0.0,0.0,0.16158536585365854
31.0,10.0,39.0,0.1,0.1,0.4,3.0,316.0,0.0,0.0,0.16772151898734178
31.0,10.0,40.0,0.1,0.1,0.4,3.0,315.0,0.0,0.0,0.16507936507936508
31.0,10.0,41.0,0.1,0.1,0.4,3.0,313.0,0.0,0.0,0.16932907348242812
31.0,10.0,42.0,0.1,0.1,0.4,3.0,305.0,0.0,0.0,0.16721311475409836
31.0,10.0,43.0,0.1,0.1,0.4,3.0,304.0,0.0,0.0,0.17105263157894737
31.0,10.0,44.0,0.1,0.1,0.4,3.0,297.0,0.0,0.0,0.1717171717171717
31.0,10.0,45.0,0.1,0.1,0.4,3.0,297.0,0.0,0.0,0.22895622895622897
31.0,10.0,46.0,0.1,0.1,0.4,3.0,289.0,0.0,0.0,0.22837370242214533
31.0,10.0,47.0,0.1,0.1,0.4,3.0,289.0,0.0,0.0,0.23183391003460208
31.0,10.0,48.0,0.1,0.1,0.4,3.0,289.0,0.0,0.0,0.23183391003460208
31.0,10.0,49.0,0.1,0.1,0.4,3.0,289.0,0.0,0.0,0.23183391003460208
31.0,10.0,50.0,0.1,0.1,0.4,3.0,284.0,0.0,0.0,0.23591549295774647
31.0,10.0,51.0,0.1,0.1,0.4,3.0,274.0,0.0,0.0,0.24452554744525548
31.0,10.0,52.0,0.1,0.1,0.4,3.0,263.0,0.0,0.0,0.24334600760456274
32.0,1.0,1.0,0.1,0.1,0.4,3.0,5213.0,48.0,8.0,0.10301170151544216
32.0,1.0,2.0,0.1,0.1,0.4,3.0,5103.0,58.0,23.0,0.10229276895943562
32.0,1.0,3.0,0.1,0.1,0.4,3.0,4967.0,73.0,34.0,0.10146970002013288
32.0,1.0,4.0,0.1,0.1,0.4,3.0,4774.0,88.0,38.0,0.10305823209049016
32.0,1.0,5.0,0.1,0.1,0.4,3.0,4759.0,108.0,36.0,0.10443370455978147
32.0,1.0,6.0,0.1,0.1,0.4,3.0,4533.0,112.0,39.0,0.10611074343701743
32.0,1.0,7.0,0.1,0.1,0.4,3.0,4335.0,134.0,34.0,0.10749711649365629
32.0,1.0,8.0,0.1,0.1,0.4,3.0,4222.0,163.0,51.0,0.10634770251065846
32.0,1.0,9.0,0.1,0.1,0.4,3.0,4033.0,166.0,71.0,0.10885197123729234
32.0,1.0,10.0,0.1,0.1,0.4,3.0,3870.0,181.0,81.0,0.1082687338501292
32.0,1.0,11.0,0.1,0.1,0.4,3.0,3700.0,190.0,89.0,0.10972972972972973
32.0,1.0,12.0,0.1,0.1,0.4,3.0,3546.0,197.0,82.0,0.11054709531866892
32.0,1.0,13.0,0.1,0.1,0.4,3.0,3394.0,208.0,85.0,0.11255156157925751
32.0,1.0,14.0,0.1,0.1,0.4,3.0,3177.0,210.0,77.0,0.11520302171860246
32.0,1.0,15.0,0.1,0.1,0.4,3.0,3050.0,223.0,85.0,0.11639344262295082
32.0,1.0,16.0,0.1,0.1,0.4,3.0,2965.0,240.0,107.0,0.1163575042158516
32.0,1.0,17.0,0.1,0.1,0.4,3.0,2884.0,235.0,119.0,0.11927877947295423
32.0,1.0,18.0,0.1,0.1,0.4,3.0,2754.0,231.0,117.0,0.12164124909222948
32.0,1.0,19.0,0.1,0.1,0.4,3.0,2622.0,219.0,97.0,0.12395118230358505
32.0,1.0,20.0,0.1,0.1,0.4,3.0,6956.0,215.0,107.0,0.045859689476710756
32.0,1.0,21.0,0.1,0.1,0.4,3.0,6510.0,295.0,91.0,0.04639016897081413
32.0,1.0,22.0,0.1,0.1,0.4,3.0,5831.0,367.0,112.0,0.04836220202366661
32.0,1.0,23.0,0.1,0.1,0.4,3.0,5453.0,418.0,142.0,0.05079772602237301
32.0,1.0,24.0,0.1,0.1,0.4,3.0,5023.0,520.0,182.0,0.05275731634481386
32.0,1.0,25.0,0.1,0.1,0.4,3.0,4679.0,530.0,205.0,0.053643941013036975
32.0,1.0,26.0,0.1,0.1,0.4,3.0,4287.0,541.0,197.0,0.05691625845579659
32.0,1.0,27.0,0.1,0.1,0.4,3.0,3909.0,542.0,217.0,0.060117677155282684
32.0,1.0,28.0,0.1,0.1,0.4,3.0,3644.0,523.0,213.0,0.061745334796926454
32.0,1.0,29.0,0.1,0.1,0.4,3.0,3206.0,469.0,221.0,0.06394260761072988
32.0,1.0,30.0,0.1,0.1,0.4,3.0,2827.0,431.0,201.0,0.06862398302087018
32.0,1.0,31.0,0.1,0.1,0.4,3.0,2575.0,388.0,165.0,0.07223300970873786
32.0,1.0,32.0,0.1,0.1,0.4,3.0,2355.0,338.0,156.0,0.07770700636942675
32.0,1.0,33.0,0.1,0.1,0.4,3.0,2185.0,319.0,154.0,0.08100686498855836
32.0,1.0,34.0,0.1,0.1,0.4,3.0,2020.0,314.0,152.0,0.08465346534653466
32.0,1.0,35.0,0.1,0.1,0.4,3.0,1853.0,300.0,139.0,0.08904479222881813
32.0,1.0,36.0,0.1,0.1,0.4,3.0,1766.0,293.0,137.0,0.09343148357870895
32.0,1.0,37.0,0.1,0.1,0.4,3.0,1684.0,285.0,134.0,0.09679334916864608
32.0,1.0,38.0,0.1,0.1,0.4,3.0,1578.0,259.0,133.0,0.10139416983523447
32.0,1.0,39.0,0.1,0.1,0.4,3.0,1493.0,252.0,115.0,0.1058271935699933
32.0,1.0,40.0,0.1,0.1,0.4,3.0,1352.0,223.0,121.0,0.11464497041420119
32.0,1.0,41.0,0.1,0.1,0.4,3.0,1257.0,202.0,101.0,0.12092283214001591
32.0,1.0,42.0,0.1,0.1,0.4,3.0,1166.0,193.0,93.0,0.12521440823327615
32.0,1.0,43.0,0.1,0.1,0.4,3.0,1093.0,164.0,81.0,0.12991765782250686
32.0,1.0,44.0,0.1,0.1,0.4,3.0,1021.0,158.0,83.0,0.13614103819784526
32.0,1.0,45.0,0.1,0.1,0.4,3.0,947.0,149.0,70.0,0.21752903907074975
32.0,1.0,46.0,0.1,0.1,0.4,3.0,894.0,126.0,64.0,0.22818791946308725
32.0,1.0,47.0,0.1,0.1,0.4,3.0,840.0,111.0,55.0,0.23452380952380952
32.0,1.0,48.0,0.1,0.1,0.4,3.0,835.0,103.0,53.0,0.23233532934131737
32.0,1.0,49.0,0.1,0.1,0.4,3.0,785.0,99.0,53.0,0.23821656050955414
32.0,1.0,50.0,0.1,0.1,0.4,3.0,769.0,86.0,54.0,0.2444733420026008
32.0,1.0,51.0,0.1,0.1,0.4,3.0,732.0,82.0,44.0,0.24863387978142076
32.0,1.0,52.0,0.1,0.1,0.4,3.0,695.0,73.0,41.0,0.2517985611510791
32.0,2.0,1.0,0.1,0.1,0.4,3.0,663.0,57.0,28.0,0.2594268476621418
32.0,2.0,2.0,0.1,0.1,0.4,3.0,653.0,54.0,32.0,0.26186830015313933
32.0,2.0,3.0,0.1,0.1,0.4,3.0,635.0,46.0,26.0,0.2677165354330709
32.0,2.0,4.0,0.1,0.1,0.4,3.0,618.0,40.0,25.0,0.27184466019417475
32.0,2.0,5.0,0.1,0.1,0.4,3.0,602.0,31.0,21.0,0.2724252491694352
32.0,2.0,6.0,0.1,0.1,0.4,3.0,594.0,25.0,17.0,0.27441077441077444
32.0,2.0,7.0,0.1,0.1,0.4,3.0,576.0,21.0,12.0,0.2829861111111111
32.0,2.0,8.0,0.1,0.1,0.4,3.0,573.0,15.0,9.0,0.2844677137870855
32.0,2.0,9.0,0.1,0.1,0.4,3.0,561.0,14.0,8.0,0.2887700534759358
32.0,2.0,10.0,0.1,0.1,0.4,3.0,561.0,12.0,8.0,0.2887700534759358
32.0,2.0,11.0,0.1,0.1,0.4,3.0,552.0,10.0,7.0,0.2898550724637681
32.0,2.0,12.0,0.1,0.1,0.4,3.0,550.0,9.0,5.0,0.28909090909090907
32.0,2.0,13.0,0.1,0.1,0.4,3.0,540.0,6.0,2.0,0.29074074074074074
32.0,2.0,14.0,0.1,0.1,0.4,3.0,545.0,4.0,1.0,0.29541284403669726
32.0,2.0,15.0,0.1,0.1,0.4,3.0,537.0,4.0,3.0,0.29236499068901306
32.0,2.0,16.0,0.1,0.1,0.4,3.0,540.0,4.0,3.0,0.29259259259259257
32.0,2.0,17.0,0.1,0.1,0.4,3.0,522.0,5.0,2.0,0.2950191570881226
32.0,2.0,18.0,0.1,0.1,0.4,3.0,523.0,4.0,0.0,0.2982791586998088
32.0,2.0,19.0,0.1,0.1,0.4,3.0,517.0,4.0,1.0,0.2978723404255319
32.0,2.0,20.0,0.1,0.1,0.4,3.0,1015.0,4.0,2.0,0.15270935960591134
32.0,2.0,21.0,0.1,0.1,0.4,3.0,989.0,4.0,2.0,0.15470171890798787
32.0,2.0,22.0,0.1,0.1,0.4,3.0,946.0,3.0,1.0,0.160676532769556
32.0,2.0,23.0,0.1,0.1,0.4,3.0,925.0,2.0,0.0,0.16324324324324324
32.0,2.0,24.0,0.1,0.1,0.4,3.0,900.0,2.0,1.0,0.16555555555555557
32.0,2.0,25.0,0.1,0.1,0.4,3.0,870.0,2.0,1.0,0.167816091954023
32.0,2.0,26.0,0.1,0.1,0.4,3.0,862.0,3.0,2.0,0.16589327146171692
32.0,2.0,27.0,0.1,0.1,0.4,3.0,826.0,4.0,1.0,0.1682808716707022
32.0,2.0,28.0,0.1,0.1,0.4,3.0,808.0,5.0,2.0,0.16831683168316833
32.0,2.0,29.0,0.1,0.1,0.4,3.0,793.0,5.0,2.0,0.16897856242118536
32.0,2.0,30.0,0.1,0.1,0.4,3.0,748.0,6.0,3.0,0.1711229946524064
32.0,2.0,31.0,0.1,0.1,0.4,3.0,720.0,6.0,4.0,0.17222222222222222
32.0,2.0,32.0,0.1,0.1,0.4,3.0,707.0,5.0,3.0,0.17256011315417255
32.0,2.0,33.0,0.1,0.1,0.4,3.0,685.0,4.0,3.0,0.17372262773722627
32.0,2.0,34.0,0.1,0.1,0.4,3.0,676.0,2.0,1.0,0.17455621301775148
32.0,2.0,35.0,0.1,0.1,0.4,3.0,663.0,3.0,1.0,0.17345399698340874
32.0,2.0,36.0,0.1,0.1,0.4,3.0,653.0,3.0,2.0,0.17151607963246554
32.0,2.0,37.0,0.1,0.1,0.4,3.0,641.0,1.0,1.0,0.1731669266770671
32.0,2.0,38.0,0.1,0.1,0.4,3.0,608.0,3.0,1.0,0.17598684210526316
32.0,2.0,39.0,0.1,0.1,0.4,3.0,602.0,3.0,1.0,0.1744186046511628
32.0,2.0,40.0,0.1,0.1,0.4,3.0,593.0,5.0,2.0,0.17706576728499157
32.0,2.0,41.0,0.1,0.1,0.4,3.0,582.0,4.0,1.0,0.18041237113402062
32.0,2.0,42.0,0.1,0.1,0.4,3.0,577.0,3.0,0.0,0.17850953206239167
32.0,2.0,43.0,0.1,0.1,0.4,3.0,575.0,3.0,1.0,0.17565217391304347
32.0,2.0,44.0,0.1,0.1,0.4,3.0,567.0,3.0,3.0,0.1763668430335097
32.0,2.0,45.0,0.1,0.1,0.4,3.0,565.0,4.0,3.0,0.2407079646017699
32.0,2.0,46.0,0.1,0.1,0.4,3.0,541.0,3.0,2.0,0.24214417744916822
32.0,2.0,47.0,0.1,0.1,0.4,3.0,500.0,2.0,0.0,0.246
32.0,2.0,48.0,0.1,0.1,0.4,3.0,490.0,2.0,0.0,0.2510204081632653
32.0,2.0,49.0,0.1,0.1,0.4,3.0,490.0,2.0,0.0,0.24897959183673468
32.0,2.0,50.0,0.1,0.1,0.4,3.0,485.0,2.0,0.0,0.24742268041237114
32.0,2.0,51.0,0.1,0.1,0.4,3.0,485.0,2.0,2.0,0.24742268041237114
32.0,2.0,52.0,0.1,0.1,0.4,3.0,484.0,2.0,2.0,0.24793388429752067
32.0,3.0,1.0,0.1,0.1,0.4,3.0,483.0,3.0,2.0,0.2463768115942029
32.0,3.0,2.0,0.1,0.1,0.4,3.0,475.0,2.0,0.0,0.2463157894736842
32.0,3.0,3.0,0.1,0.1,0.4,3.0,474.0,2.0,0.0,0.23839662447257384
32.0,3.0,4.0,0.1,0.1,0.4,3.0,465.0,2.0,0.0,0.24301075268817204
32.0,3.0,5.0,0.1,0.1,0.4,3.0,459.0,2.0,0.0,0.2440087145969499
32.0,3.0,6.0,0.1,0.1,0.4,3.0,456.0,2.0,2.0,0.24342105263157895
32.0,3.0,7.0,0.1,0.1,0.4,3.0,445.0,3.0,2.0,0.2449438202247191
32.0,3.0,8.0,0.1,0.1,0.4,3.0,447.0,3.0,2.0,0.24384787472035793
32.0,3.0,9.0,0.1,0.1,0.4,3.0,431.0,1.0,0.0,0.2482598607888631
32.0,3.0,10.0,0.1,0.1,0.4,3.0,427.0,1.0,0.0,0.2505854800936768
32.0,3.0,11.0,0.1,0.1,0.4,3.0,417.0,1.0,1.0,0.2446043165467626
32.0,3.0,12.0,0.1,0.1,0.4,3.0,415.0,1.0,1.0,0.2433734939759036
32.0,3.0,13.0,0.1,0.1,0.4,3.0,415.0,2.0,1.0,0.2433734939759036
32.0,3.0,14.0,0.1,0.1,0.4,3.0,414.0,1.0,0.0,0.2463768115942029
32.0,3.0,15.0,0.1,0.1,0.4,3.0,413.0,1.0,1.0,0.2469733656174334
32.0,3.0,16.0,0.1,0.1,0.4,3.0,410.0,1.0,1.0,0.24878048780487805
32.0,3.0,17.0,0.1,0.1,0.4,3.0,411.0,1.0,1.0,0.24817518248175183
32.0,3.0,18.0,0.1,0.1,0.4,3.0,409.0,0.0,0.0,0.24938875305623473
32.0,3.0,19.0,0.1,0.1,0.4,3.0,398.0,0.0,0.0,0.24371859296482412
32.0,3.0,20.0,0.1,0.1,0.4,3.0,783.0,0.0,0.0,0.12388250319284802
32.0,3.0,21.0,0.1,0.1,0.4,3.0,755.0,0.0,0.0,0.1271523178807947
32.0,3.0,22.0,0.1,0.1,0.4,3.0,754.0,0.0,0.0,0.1273209549071618
32.0,3.0,23.0,0.1,0.1,0.4,3.0,708.0,0.0,0.0,0.12994350282485875
32.0,3.0,24.0,0.1,0.1,0.4,3.0,682.0,0.0,0.0,0.1348973607038123
32.0,3.0,25.0,0.1,0.1,0.4,3.0,637.0,0.0,0.0,0.13657770800627944
32.0,3.0,26.0,0.1,0.1,0.4,3.0,623.0,0.0,0.0,0.13964686998394862
32.0,3.0,27.0,0.1,0.1,0.4,3.0,613.0,0.0,0.0,0.1402936378466558
32.0,3.0,28.0,0.1,0.1,0.4,3.0,578.0,0.0,0.0,0.14186851211072665
32.0,3.0,29.0,0.1,0.1,0.4,3.0,578.0,0.0,0.0,0.14186851211072665
32.0,3.0,30.0,0.1,0.1,0.4,3.0,565.0,0.0,0.0,0.1433628318584071
32.0,3.0,31.0,0.1,0.1,0.4,3.0,553.0,0.0,0.0,0.14466546112115733
32.0,3.0,32.0,0.1,0.1,0.4,3.0,551.0,0.0,0.0,0.14337568058076225
32.0,3.0,33.0,0.1,0.1,0.4,3.0,543.0,0.0,0.0,0.14548802946593
32.0,3.0,34.0,0.1,0.1,0.4,3.0,533.0,0.0,0.0,0.14821763602251406
32.0,3.0,35.0,0.1,0.1,0.4,3.0,507.0,0.0,0.0,0.14792899408284024
32.0,3.0,36.0,0.1,0.1,0.4,3.0,497.0,0.0,0.0,0.1488933601609658
32.0,3.0,37.0,0.1,0.1,0.4,3.0,499.0,0.0,0.0,0.14829659318637275
32.0,3.0,38.0,0.1,0.1,0.4,3.0,480.0,0.0,0.0,0.15208333333333332
32.0,3.0,39.0,0.1,0.1,0.4,3.0,474.0,0.0,0.0,0.1540084388185654
32.0,3.0,40.0,0.1,0.1,0.4,3.0,460.0,0.0,0.0,0.15869565217391304
32.0,3.0,41.0,0.1,0.1,0.4,3.0,452.0,0.0,0.0,0.1592920353982301
32.0,3.0,42.0,0.1,0.1,0.4,3.0,448.0,0.0,0.0,0.15625
32.0,3.0,43.0,0.1,0.1,0.4,3.0,428.0,0.0,0.0,0.15654205607476634
32.0,3.0,44.0,0.1,0.1,0.4,3.0,422.0,0.0,0.0,0.15639810426540285
32.0,3.0,45.0,0.1,0.1,0.4,3.0,415.0,0.0,0.0,0.22650602409638554
32.0,3.0,46.0,0.1,0.1,0.4,3.0,411.0,0.0,0.0,0.22141119221411193
32.0,3.0,47.0,0.1,0.1,0.4,3.0,403.0,0.0,0.0,0.22580645161290322
32.0,3.0,48.0,0.1,0.1,0.4,3.0,392.0,0.0,0.0,0.22959183673469388
32.0,3.0,49.0,0.1,0.1,0.4,3.0,393.0,0.0,0.0,0.22900763358778625
32.0,3.0,50.0,0.1,0.1,0.4,3.0,392.0,0.0,0.0,0.22959183673469388
32.0,3.0,51.0,0.1,0.1,0.4,3.0,392.0,0.0,0.0,0.22704081632653061
32.0,3.0,52.0,0.1,0.1,0.4,3.0,391.0,0.0,0.0,0.22762148337595908
32.0,4.0,1.0,0.1,0.1,0.4,3.0,392.0,0.0,0.0,0.22704081632653061
32.0,4.0,2.0,0.1,0.1,0.4,3.0,387.0,0.0,0.0,0.2248062015503876
32.0,4.0,3.0,0.1,0.1,0.4,3.0,389.0,0.0,0.0,0.2262210796915167
32.0,4.0,4.0,0.1,0.1,0.4,3.0,383.0,0.0,0.0,0.22715404699738903
32.0,4.0,5.0,0.1,0.1,0.4,3.0,385.0,0.0,0.0,0.22857142857142856
32.0,4.0,6.0,0.1,0.1,0.4,3.0,383.0,0.0,0.0,0.22715404699738903
32.0,4.0,7.0,0.1,0.1,0.4,3.0,384.0,0.0,0.0,0.22916666666666666
32.0,4.0,8.0,0.1,0.1,0.4,3.0,383.0,0.0,0.0,0.22715404699738903
32.0,4.0,9.0,0.1,0.1,0.4,3.0,383.0,0.0,0.0,0.2297650130548303
32.0,4.0,10.0,0.1,0.1,0.4,3.0,381.0,0.0,0.0,0.2283464566929134
32.0,4.0,11.0,0.1,0.1,0.4,3.0,381.0,0.0,0.0,0.23097112860892388
32.0,4.0,12.0,0.1,0.1,0.4,3.0,378.0,0.0,0.0,0.2275132275132275
32.0,4.0,13.0,0.1,0.1,0.4,3.0,379.0,0.0,0.0,0.22691292875989447
32.0,4.0,14.0,0.1,0.1,0.4,3.0,378.0,0.0,0.0,0.2275132275132275
32.0,4.0,15.0,0.1,0.1,0.4,3.0,378.0,0.0,0.0,0.2275132275132275
32.0,4.0,16.0,0.1,0.1,0.4,3.0,378.0,0.0,0.0,0.2275132275132275
32.0,4.0,17.0,0.1,0.1,0.4,3.0,376.0,0.0,0.0,0.22340425531914893
32.0,4.0,18.0,0.1,0.1,0.4,3.0,376.0,0.0,0.0,0.22606382978723405
32.0,4.0,19.0,0.1,0.1,0.4,3.0,376.0,0.0,0.0,0.22340425531914893
32.0,4.0,20.0,0.1,0.1,0.4,3.0,704.0,0.0,0.0,0.12073863636363637
32.0,4.0,21.0,0.1,0.1,0.4,3.0,665.0,0.0,0.0,0.12481203007518797
32.0,4.0,22.0,0.1,0.1,0.4,3.0,659.0,0.0,0.0,0.1274658573596358
32.0,4.0,23.0,0.1,0.1,0.4,3.0,641.0,0.0,0.0,0.1294851794071763
32.0,4.0,24.0,0.1,0.1,0.4,3.0,602.0,0.0,0.0,0.132890365448505
32.0,4.0,25.0,0.1,0.1,0.4,3.0,586.0,0.0,0.0,0.13993174061433447
32.0,4.0,26.0,0.1,0.1,0.4,3.0,578.0,0.0,0.0,0.13321799307958476
32.0,4.0,27.0,0.1,0.1,0.4,3.0,562.0,0.0,0.0,0.14056939501779359
32.0,4.0,28.0,0.1,0.1,0.4,3.0,541.0,0.0,0.0,0.1367837338262477
32.0,4.0,29.0,0.1,0.1,0.4,3.0,528.0,0.0,0.0,0.14204545454545456
32.0,4.0,30.0,0.1,0.1,0.4,3.0,529.0,0.0,0.0,0.13988657844990549
32.0,4.0,31.0,0.1,0.1,0.4,3.0,520.0,0.0,0.0,0.14423076923076922
32.0,4.0,32.0,0.1,0.1,0.4,3.0,520.0,0.0,0.0,0.1423076923076923
32.0,4.0,33.0,0.1,0.1,0.4,3.0,485.0,0.0,0.0,0.15051546391752577
32.0,4.0,34.0,0.1,0.1,0.4,3.0,486.0,0.0,0.0,0.15020576131687244
32.0,4.0,35.0,0.1,0.1,0.4,3.0,468.0,0.0,0.0,0.15384615384615385
32.0,4.0,36.0,0.1,0.1,0.4,3.0,458.0,0.0,0.0,0.15283842794759825
32.0,4.0,37.0,0.1,0.1,0.4,3.0,450.0,0.0,0.0,0.15555555555555556
32.0,4.0,38.0,0.1,0.1,0.4,3.0,443.0,0.0,0.0,0.15575620767494355
32.0,4.0,39.0,0.1,0.1,0.4,3.0,445.0,0.0,0.0,0.15730337078651685
32.0,4.0,40.0,0.1,0.1,0.4,3.0,438.0,0.0,0.0,0.15296803652968036
32.0,4.0,41.0,0.1,0.1,0.4,3.0,438.0,0.0,0.0,0.1552511415525114
32.0,4.0,42.0,0.1,0.1,0.4,3.0,436.0,0.0,0.0,0.1536697247706422
32.0,4.0,43.0,0.1,0.1,0.4,3.0,436.0,0.0,0.0,0.1559633027522936
32.0,4.0,44.0,0.1,0.1,0.4,3.0,426.0,0.0,0.0,0.15258215962441316
32.0,4.0,45.0,0.1,0.1,0.4,3.0,420.0,0.0,0.0,0.19523809523809524
32.0,4.0,46.0,0.1,0.1,0.4,3.0,418.0,0.0,0.0,0.1937799043062201
32.0,4.0,47.0,0.1,0.1,0.4,3.0,417.0,0.0,0.0,0.19664268585131894
32.0,4.0,48.0,0.1,0.1,0.4,3.0,408.0,0.0,0.0,0.19852941176470587
32.0,4.0,49.0,0.1,0.1,0.4,3.0,408.0,0.0,0.0,0.19852941176470587
32.0,4.0,50.0,0.1,0.1,0.4,3.0,405.0,0.0,0.0,0.19506172839506172
32.0,4.0,51.0,0.1,0.1,0.4,3.0,408.0,0.0,0.0,0.19852941176470587
32.0,4.0,52.0,0.1,0.1,0.4,3.0,406.0,0.0,0.0,0.19704433497536947
32.0,5.0,1.0,0.1,0.1,0.4,3.0,401.0,0.0,0.0,0.1970074812967581
32.0,5.0,2.0,0.1,0.1,0.4,3.0,404.0,0.0,0.0,0.19554455445544555
32.0,5.0,3.0,0.1,0.1,0.4,3.0,395.0,0.0,0.0,0.2
32.0,5.0,4.0,0.1,0.1,0.4,3.0,391.0,0.0,0.0,0.19437340153452684
32.0,5.0,5.0,0.1,0.1,0.4,3.0,393.0,0.0,0.0,0.19592875318066158
32.0,5.0,6.0,0.1,0.1,0.4,3.0,391.0,0.0,0.0,0.19437340153452684
32.0,5.0,7.0,0.1,0.1,0.4,3.0,393.0,0.0,0.0,0.19592875318066158
32.0,5.0,8.0,0.1,0.1,0.4,3.0,390.0,0.0,0.0,0.19487179487179487
32.0,5.0,9.0,0.1,0.1,0.4,3.0,390.0,0.0,0.0,0.19743589743589743
32.0,5.0,10.0,0.1,0.1,0.4,3.0,387.0,0.0,0.0,0.19638242894056848
32.0,5.0,11.0,0.1,0.1,0.4,3.0,389.0,0.0,0.0,0.1953727506426735
32.0,5.0,12.0,0.1,0.1,0.4,3.0,386.0,0.0,0.0,0.19430051813471502
32.0,5.0,13.0,0.1,0.1,0.4,3.0,389.0,0.0,0.0,0.1953727506426735
32.0,5.0,14.0,0.1,0.1,0.4,3.0,385.0,0.0,0.0,0.19480519480519481
32.0,5.0,15.0,0.1,0.1,0.4,3.0,378.0,0.0,0.0,0.19576719576719576
32.0,5.0,16.0,0.1,0.1,0.4,3.0,375.0,0.0,0.0,0.19466666666666665
32.0,5.0,17.0,0.1,0.1,0.4,3.0,377.0,0.0,0.0,0.1962864721485411
32.0,5.0,18.0,0.1,0.1,0.4,3.0,373.0,0.0,0.0,0.19302949061662197
32.0,5.0,19.0,0.1,0.1,0.4,3.0,375.0,0.0,0.0,0.19466666666666665
32.0,5.0,20.0,0.1,0.1,0.4,3.0,695.0,0.0,0.0,0.10359712230215827
32.0,5.0,21.0,0.1,0.1,0.4,3.0,649.0,0.0,0.0,0.10477657935285054
32.0,5.0,22.0,0.1,0.1,0.4,3.0,625.0,0.0,0.0,0.1008
32.0,5.0,23.0,0.1,0.1,0.4,3.0,619.0,0.0,0.0,0.1050080775444265
32.0,5.0,24.0,0.1,0.1,0.4,3.0,601.0,0.0,0.0,0.10149750415973377
32.0,5.0,25.0,0.1,0.1,0.4,3.0,592.0,0.0,0.0,0.10472972972972973
32.0,5.0,26.0,0.1,0.1,0.4,3.0,568.0,0.0,0.0,0.10387323943661972
32.0,5.0,27.0,0.1,0.1,0.4,3.0,560.0,0.0,0.0,0.10892857142857143
32.0,5.0,28.0,0.1,0.1,0.4,3.0,537.0,0.0,0.0,0.10800744878957169
32.0,5.0,29.0,0.1,0.1,0.4,3.0,497.0,0.0,0.0,0.11871227364185111
32.0,5.0,30.0,0.1,0.1,0.4,3.0,483.0,0.0,0.0,0.11594202898550725
32.0,5.0,31.0,0.1,0.1,0.4,3.0,469.0,0.0,0.0,0.12153518123667377
32.0,5.0,32.0,0.1,0.1,0.4,3.0,465.0,0.0,0.0,0.11827956989247312
32.0,5.0,33.0,0.1,0.1,0.4,3.0,468.0,0.0,0.0,0.12179487179487179
32.0,5.0,34.0,0.1,0.1,0.4,3.0,465.0,0.0,0.0,0.11827956989247312
32.0,5.0,35.0,0.1,0.1,0.4,3.0,459.0,0.0,0.0,0.12200435729847495
32.0,5.0,36.0,0.1,0.1,0.4,3.0,446.0,0.0,0.0,0.11659192825112108
32.0,5.0,37.0,0.1,0.1,0.4,3.0,425.0,0.0,0.0,0.1223529411764706
32.0,5.0,38.0,0.1,0.1,0.4,3.0,422.0,0.0,0.0,0.11848341232227488
32.0,5.0,39.0,0.1,0.1,0.4,3.0,425.0,0.0,0.0,0.1223529411764706
32.0,5.0,40.0,0.1,0.1,0.4,3.0,422.0,0.0,0.0,0.11848341232227488
32.0,5.0,41.0,0.1,0.1,0.4,3.0,391.0,0.0,0.0,0.12531969309462915
32.0,5.0,42.0,0.1,0.1,0.4,3.0,380.0,0.0,0.0,0.12631578947368421
32.0,5.0,43.0,0.1,0.1,0.4,3.0,381.0,0.0,0.0,0.12598425196850394
32.0,5.0,44.0,0.1,0.1,0.4,3.0,372.0,0.0,0.0,0.12634408602150538
32.0,5.0,45.0,0.1,0.1,0.4,3.0,368.0,0.0,0.0,0.1875
32.0,5.0,46.0,0.1,0.1,0.4,3.0,368.0,0.0,0.0,0.1875
32.0,5.0,47.0,0.1,0.1,0.4,3.0,367.0,0.0,0.0,0.1880108991825613
32.0,5.0,48.0,0.1,0.1,0.4,3.0,365.0,0.0,0.0,0.18904109589041096
32.0,5.0,49.0,0.1,0.1,0.4,3.0,360.0,0.0,0.0,0.19166666666666668
32.0,5.0,50.0,0.1,0.1,0.4,3.0,358.0,0.0,0.0,0.19273743016759776
32.0,5.0,51.0,0.1,0.1,0.4,3.0,359.0,0.0,0.0,0.19220055710306408
32.0,5.0,52.0,0.1,0.1,0.4,3.0,356.0,0.0,0.0,0.19382022471910113
32.0,6.0,1.0,0.1,0.1,0.4,3.0,354.0,0.0,0.0,0.19491525423728814
32.0,6.0,2.0,0.1,0.1,0.4,3.0,354.0,0.0,0.0,0.19491525423728814
32.0,6.0,3.0,0.1,0.1,0.4,3.0,345.0,0.0,0.0,0.19420289855072465
32.0,6.0,4.0,0.1,0.1,0.4,3.0,343.0,0.0,0.0,0.19533527696793002
32.0,6.0,5.0,0.1,0.1,0.4,3.0,345.0,0.0,0.0,0.19420289855072465
32.0,6.0,6.0,0.1,0.1,0.4,3.0,342.0,0.0,0.0,0.19298245614035087
32.0,6.0,7.0,0.1,0.1,0.4,3.0,344.0,0.0,0.0,0.19186046511627908
32.0,6.0,8.0,0.1,0.1,0.4,3.0,330.0,0.0,0.0,0.19090909090909092
32.0,6.0,9.0,0.1,0.1,0.4,3.0,333.0,0.0,0.0,0.1891891891891892
32.0,6.0,10.0,0.1,0.1,0.4,3.0,330.0,0.0,0.0,0.19090909090909092
32.0,6.0,11.0,0.1,0.1,0.4,3.0,332.0,0.0,0.0,0.1897590361445783
32.0,6.0,12.0,0.1,0.1,0.4,3.0,331.0,0.0,0.0,0.1903323262839879
32.0,6.0,13.0,0.1,0.1,0.4,3.0,323.0,0.0,0.0,0.1826625386996904
32.0,6.0,14.0,0.1,0.1,0.4,3.0,321.0,0.0,0.0,0.1838006230529595
32.0,6.0,15.0,0.1,0.1,0.4,3.0,320.0,0.0,0.0,0.184375
32.0,6.0,16.0,0.1,0.1,0.4,3.0,319.0,0.0,0.0,0.18495297805642633
32.0,6.0,17.0,0.1,0.1,0.4,3.0,320.0,0.0,0.0,0.184375
32.0,6.0,18.0,0.1,0.1,0.4,3.0,318.0,0.0,0.0,0.18553459119496854
32.0,6.0,19.0,0.1,0.1,0.4,3.0,316.0,0.0,0.0,0.18354430379746836
32.0,6.0,20.0,0.1,0.1,0.4,3.0,583.0,0.0,0.0,0.09948542024013722
32.0,6.0,21.0,0.1,0.1,0.4,3.0,565.0,0.0,0.0,0.10265486725663717
32.0,6.0,22.0,0.1,0.1,0.4,3.0,542.0,0.0,0.0,0.0996309963099631
32.0,6.0,23.0,0.1,0.1,0.4,3.0,518.0,0.0,0.0,0.09845559845559845
32.0,6.0,24.0,0.1,0.1,0.4,3.0,436.0,0.0,0.0,0.10550458715596331
32.0,6.0,25.0,0.1,0.1,0.4,3.0,437.0,0.0,0.0,0.10297482837528604
32.0,6.0,26.0,0.1,0.1,0.4,3.0,419.0,0.0,0.0,0.10501193317422435
32.0,6.0,27.0,0.1,0.1,0.4,3.0,413.0,0.0,0.0,0.10653753026634383
32.0,6.0,28.0,0.1,0.1,0.4,3.0,411.0,0.0,0.0,0.1070559610705596
32.0,6.0,29.0,0.1,0.1,0.4,3.0,398.0,0.0,0.0,0.11055276381909548
32.0,6.0,30.0,0.1,0.1,0.4,3.0,386.0,0.0,0.0,0.11139896373056994
32.0,6.0,31.0,0.1,0.1,0.4,3.0,374.0,0.0,0.0,0.11497326203208556
32.0,6.0,32.0,0.1,0.1,0.4,3.0,349.0,0.0,0.0,0.1174785100286533
32.0,6.0,33.0,0.1,0.1,0.4,3.0,351.0,0.0,0.0,0.1168091168091168
32.0,6.0,34.0,0.1,0.1,0.4,3.0,349.0,0.0,0.0,0.1174785100286533
32.0,6.0,35.0,0.1,0.1,0.4,3.0,344.0,0.0,0.0,0.11627906976744186
32.0,6.0,36.0,0.1,0.1,0.4,3.0,342.0,0.0,0.0,0.11695906432748537
32.0,6.0,37.0,0.1,0.1,0.4,3.0,311.0,0.0,0.0,0.12861736334405144
32.0,6.0,38.0,0.1,0.1,0.4,3.0,302.0,0.0,0.0,0.1291390728476821
32.0,6.0,39.0,0.1,0.1,0.4,3.0,302.0,0.0,0.0,0.1291390728476821
32.0,6.0,40.0,0.1,0.1,0.4,3.0,299.0,0.0,0.0,0.13043478260869565
32.0,6.0,41.0,0.1,0.1,0.4,3.0,301.0,0.0,0.0,0.12956810631229235
32.0,6.0,42.0,0.1,0.1,0.4,3.0,297.0,0.0,0.0,0.13131313131313133
32.0,6.0,43.0,0.1,0.1,0.4,3.0,298.0,0.0,0.0,0.13087248322147652
32.0,6.0,44.0,0.1,0.1,0.4,3.0,288.0,0.0,0.0,0.13541666666666666
32.0,6.0,45.0,0.1,0.1,0.4,3.0,287.0,0.0,0.0,0.2229965156794425
32.0,6.0,46.0,0.1,0.1,0.4,3.0,284.0,0.0,0.0,0.21830985915492956
32.0,6.0,47.0,0.1,0.1,0.4,3.0,286.0,0.0,0.0,0.22377622377622378
32.0,6.0,48.0,0.1,0.1,0.4,3.0,268.0,0.0,0.0,0.21641791044776118
32.0,6.0,49.0,0.1,0.1,0.4,3.0,269.0,0.0,0.0,0.22304832713754646
32.0,6.0,50.0,0.1,0.1,0.4,3.0,268.0,0.0,0.0,0.22014925373134328
32.0,6.0,51.0,0.1,0.1,0.4,3.0,264.0,0.0,0.0,0.22348484848484848
32.0,6.0,52.0,0.1,0.1,0.4,3.0,263.0,0.0,0.0,0.22433460076045628
32.0,7.0,1.0,0.1,0.1,0.4,3.0,262.0,0.0,0.0,0.22519083969465647
32.0,7.0,2.0,0.1,0.1,0.4,3.0,260.0,0.0,0.0,0.2230769230769231
32.0,7.0,3.0,0.1,0.1,0.4,3.0,262.0,0.0,0.0,0.22519083969465647
32.0,7.0,4.0,0.1,0.1,0.4,3.0,259.0,0.0,0.0,0.22007722007722008
32.0,7.0,5.0,0.1,0.1,0.4,3.0,261.0,0.0,0.0,0.2260536398467433
32.0,7.0,6.0,0.1,0.1,0.4,3.0,260.0,0.0,0.0,0.2230769230769231
32.0,7.0,7.0,0.1,0.1,0.4,3.0,260.0,0.0,0.0,0.2230769230769231
32.0,7.0,8.0,0.1,0.1,0.4,3.0,257.0,0.0,0.0,0.2178988326848249
32.0,7.0,9.0,0.1,0.1,0.4,3.0,259.0,0.0,0.0,0.22007722007722008
32.0,7.0,10.0,0.1,0.1,0.4,3.0,258.0,0.0,0.0,0.22093023255813954
32.0,7.0,11.0,0.1,0.1,0.4,3.0,257.0,0.0,0.0,0.22178988326848248
32.0,7.0,12.0,0.1,0.1,0.4,3.0,257.0,0.0,0.0,0.22178988326848248
32.0,7.0,13.0,0.1,0.1,0.4,3.0,257.0,0.0,0.0,0.22178988326848248
32.0,7.0,14.0,0.1,0.1,0.4,3.0,256.0,0.0,0.0,0.21875
32.0,7.0,15.0,0.1,0.1,0.4,3.0,255.0,0.0,0.0,0.2196078431372549
32.0,7.0,16.0,0.1,0.1,0.4,3.0,255.0,0.0,0.0,0.2196078431372549
32.0,7.0,17.0,0.1,0.1,0.4,3.0,255.0,0.0,0.0,0.2196078431372549
32.0,7.0,18.0,0.1,0.1,0.4,3.0,255.0,0.0,0.0,0.2196078431372549
32.0,7.0,19.0,0.1,0.1,0.4,3.0,254.0,0.0,0.0,0.2204724409448819
32.0,7.0,20.0,0.1,0.1,0.4,3.0,490.0,0.0,0.0,0.11428571428571428
32.0,7.0,21.0,0.1,0.1,0.4,3.0,470.0,0.0,0.0,0.1127659574468085
32.0,7.0,22.0,0.1,0.1,0.4,3.0,445.0,0.0,0.0,0.1146067415730337
32.0,7.0,23.0,0.1,0.1,0.4,3.0,422.0,0.0,0.0,0.12085308056872038
32.0,7.0,24.0,0.1,0.1,0.4,3.0,400.0,0.0,0.0,0.1225
32.0,7.0,25.0,0.1,0.1,0.4,3.0,389.0,0.0,0.0,0.12339331619537275
32.0,7.0,26.0,0.1,0.1,0.4,3.0,389.0,0.0,0.0,0.12339331619537275
32.0,7.0,27.0,0.1,0.1,0.4,3.0,361.0,0.0,0.0,0.1329639889196676
32.0,7.0,28.0,0.1,0.1,0.4,3.0,359.0,0.0,0.0,0.12813370473537605
32.0,7.0,29.0,0.1,0.1,0.4,3.0,360.0,0.0,0.0,0.13055555555555556
32.0,7.0,30.0,0.1,0.1,0.4,3.0,359.0,0.0,0.0,0.12813370473537605
32.0,7.0,31.0,0.1,0.1,0.4,3.0,343.0,0.0,0.0,0.12244897959183673
32.0,7.0,32.0,0.1,0.1,0.4,3.0,332.0,0.0,0.0,0.11746987951807229
32.0,7.0,33.0,0.1,0.1,0.4,3.0,313.0,0.0,0.0,0.12460063897763578
32.0,7.0,34.0,0.1,0.1,0.4,3.0,303.0,0.0,0.0,0.1254125412541254
32.0,7.0,35.0,0.1,0.1,0.4,3.0,304.0,0.0,0.0,0.12828947368421054
32.0,7.0,36.0,0.1,0.1,0.4,3.0,302.0,0.0,0.0,0.12582781456953643
32.0,7.0,37.0,0.1,0.1,0.4,3.0,304.0,0.0,0.0,0.12828947368421054
32.0,7.0,38.0,0.1,0.1,0.4,3.0,302.0,0.0,0.0,0.12582781456953643
32.0,7.0,39.0,0.1,0.1,0.4,3.0,303.0,0.0,0.0,0.12871287128712872
32.0,7.0,40.0,0.1,0.1,0.4,3.0,301.0,0.0,0.0,0.12624584717607973
32.0,7.0,41.0,0.1,0.1,0.4,3.0,299.0,0.0,0.0,0.13043478260869565
32.0,7.0,42.0,0.1,0.1,0.4,3.0,298.0,0.0,0.0,0.12751677852348994
32.0,7.0,43.0,0.1,0.1,0.4,3.0,298.0,0.0,0.0,0.13087248322147652
32.0,7.0,44.0,0.1,0.1,0.4,3.0,296.0,0.0,0.0,0.125
32.0,7.0,45.0,0.1,0.1,0.4,3.0,297.0,0.0,0.0,0.18518518518518517
32.0,7.0,46.0,0.1,0.1,0.4,3.0,296.0,0.0,0.0,0.18243243243243243
32.0,7.0,47.0,0.1,0.1,0.4,3.0,286.0,0.0,0.0,0.1853146853146853
32.0,7.0,48.0,0.1,0.1,0.4,3.0,285.0,0.0,0.0,0.1824561403508772
32.0,7.0,49.0,0.1,0.1,0.4,3.0,284.0,0.0,0.0,0.18309859154929578
32.0,7.0,50.0,0.1,0.1,0.4,3.0,284.0,0.0,0.0,0.18309859154929578
32.0,7.0,51.0,0.1,0.1,0.4,3.0,276.0,0.0,0.0,0.18840579710144928
32.0,7.0,52.0,0.1,0.1,0.4,3.0,275.0,0.0,0.0,0.1890909090909091
32.0,8.0,1.0,0.1,0.1,0.4,3.0,273.0,0.0,0.0,0.18681318681318682
32.0,8.0,2.0,0.1,0.1,0.4,3.0,272.0,0.0,0.0,0.1875
32.0,8.0,3.0,0.1,0.1,0.4,3.0,272.0,0.0,0.0,0.1875
32.0,8.0,4.0,0.1,0.1,0.4,3.0,272.0,0.0,0.0,0.1875
32.0,8.0,5.0,0.1,0.1,0.4,3.0,272.0,0.0,0.0,0.1875
32.0,8.0,6.0,0.1,0.1,0.4,3.0,264.0,0.0,0.0,0.1893939393939394
32.0,8.0,7.0,0.1,0.1,0.4,3.0,255.0,0.0,0.0,0.18823529411764706
32.0,8.0,8.0,0.1,0.1,0.4,3.0,253.0,0.0,0.0,0.18972332015810275
32.0,8.0,9.0,0.1,0.1,0.4,3.0,252.0,0.0,0.0,0.19047619047619047
32.0,8.0,10.0,0.1,0.1,0.4,3.0,252.0,0.0,0.0,0.19047619047619047
32.0,8.0,11.0,0.1,0.1,0.4,3.0,251.0,0.0,0.0,0.19123505976095617
32.0,8.0,12.0,0.1,0.1,0.4,3.0,251.0,0.0,0.0,0.19123505976095617
32.0,8.0,13.0,0.1,0.1,0.4,3.0,241.0,0.0,0.0,0.1908713692946058
32.0,8.0,14.0,0.1,0.1,0.4,3.0,241.0,0.0,0.0,0.1908713692946058
32.0,8.0,15.0,0.1,0.1,0.4,3.0,233.0,0.0,0.0,0.19742489270386265
32.0,8.0,16.0,0.1,0.1,0.4,3.0,233.0,0.0,0.0,0.19742489270386265
32.0,8.0,17.0,0.1,0.1,0.4,3.0,233.0,0.0,0.0,0.19742489270386265
32.0,8.0,18.0,0.1,0.1,0.4,3.0,233.0,0.0,0.0,0.19742489270386265
32.0,8.0,19.0,0.1,0.1,0.4,3.0,233.0,0.0,0.0,0.19742489270386265
32.0,8.0,20.0,0.1,0.1,0.4,3.0,366.0,0.0,0.0,0.12568306010928962
32.0,8.0,21.0,0.1,0.1,0.4,3.0,358.0,0.0,0.0,0.12849162011173185
32.0,8.0,22.0,0.1,0.1,0.4,3.0,358.0,0.0,0.0,0.12849162011173185
32.0,8.0,23.0,0.1,0.1,0.4,3.0,348.0,0.0,0.0,0.12643678160919541
32.0,8.0,24.0,0.1,0.1,0.4,3.0,321.0,0.0,0.0,0.12149532710280374
32.0,8.0,25.0,0.1,0.1,0.4,3.0,309.0,0.0,0.0,0.1262135922330097
32.0,8.0,26.0,0.1,0.1,0.4,3.0,309.0,0.0,0.0,0.1262135922330097
32.0,8.0,27.0,0.1,0.1,0.4,3.0,300.0,0.0,0.0,0.12666666666666668
32.0,8.0,28.0,0.1,0.1,0.4,3.0,300.0,0.0,0.0,0.12666666666666668
32.0,8.0,29.0,0.1,0.1,0.4,3.0,266.0,0.0,0.0,0.14285714285714285
32.0,8.0,30.0,0.1,0.1,0.4,3.0,266.0,0.0,0.0,0.14285714285714285
32.0,8.0,31.0,0.1,0.1,0.4,3.0,266.0,0.0,0.0,0.14285714285714285
32.0,8.0,32.0,0.1,0.1,0.4,3.0,266.0,0.0,0.0,0.14285714285714285
32.0,8.0,33.0,0.1,0.1,0.4,3.0,257.0,0.0,0.0,0.14396887159533073
32.0,8.0,34.0,0.1,0.1,0.4,3.0,258.0,0.0,0.0,0.1434108527131783
32.0,8.0,35.0,0.1,0.1,0.4,3.0,257.0,0.0,0.0,0.14396887159533073
32.0,8.0,36.0,0.1,0.1,0.4,3.0,249.0,0.0,0.0,0.14457831325301204
32.0,8.0,37.0,0.1,0.1,0.4,3.0,241.0,0.0,0.0,0.14522821576763487
32.0,8.0,38.0,0.1,0.1,0.4,3.0,241.0,0.0,0.0,0.14522821576763487
32.0,8.0,39.0,0.1,0.1,0.4,3.0,232.0,0.0,0.0,0.15086206896551724
32.0,8.0,40.0,0.1,0.1,0.4,3.0,232.0,0.0,0.0,0.15086206896551724
32.0,8.0,41.0,0.1,0.1,0.4,3.0,222.0,0.0,0.0,0.14864864864864866
32.0,8.0,42.0,0.1,0.1,0.4,3.0,222.0,0.0,0.0,0.14864864864864866
32.0,8.0,43.0,0.1,0.1,0.4,3.0,222.0,0.0,0.0,0.14864864864864866
32.0,8.0,44.0,0.1,0.1,0.4,3.0,222.0,0.0,0.0,0.14864864864864866
32.0,8.0,45.0,0.1,0.1,0.4,3.0,221.0,0.0,0.0,0.21266968325791855
32.0,8.0,46.0,0.1,0.1,0.4,3.0,219.0,0.0,0.0,0.2146118721461187
32.0,8.0,47.0,0.1,0.1,0.4,3.0,211.0,0.0,0.0,0.22274881516587677
32.0,8.0,48.0,0.1,0.1,0.4,3.0,212.0,0.0,0.0,0.22169811320754718
32.0,8.0,49.0,0.1,0.1,0.4,3.0,210.0,0.0,0.0,0.22380952380952382
32.0,8.0,50.0,0.1,0.1,0.4,3.0,211.0,0.0,0.0,0.22274881516587677
32.0,8.0,51.0,0.1,0.1,0.4,3.0,211.0,0.0,0.0,0.22274881516587677
32.0,8.0,52.0,0.1,0.1,0.4,3.0,211.0,0.0,0.0,0.22274881516587677
32.0,9.0,1.0,0.1,0.1,0.4,3.0,211.0,0.0,0.0,0.22274881516587677
32.0,9.0,2.0,0.1,0.1,0.4,3.0,211.0,0.0,0.0,0.22274881516587677
32.0,9.0,3.0,0.1,0.1,0.4,3.0,212.0,0.0,0.0,0.22169811320754718
32.0,9.0,4.0,0.1,0.1,0.4,3.0,212.0,0.0,0.0,0.22169811320754718
32.0,9.0,5.0,0.1,0.1,0.4,3.0,212.0,0.0,0.0,0.22169811320754718
32.0,9.0,6.0,0.1,0.1,0.4,3.0,211.0,0.0,0.0,0.22274881516587677
32.0,9.0,7.0,0.1,0.1,0.4,3.0,212.0,0.0,0.0,0.22169811320754718
32.0,9.0,8.0,0.1,0.1,0.4,3.0,203.0,0.0,0.0,0.2315270935960591
32.0,9.0,9.0,0.1,0.1,0.4,3.0,203.0,0.0,0.0,0.2315270935960591
32.0,9.0,10.0,0.1,0.1,0.4,3.0,203.0,0.0,0.0,0.2315270935960591
32.0,9.0,11.0,0.1,0.1,0.4,3.0,204.0,0.0,0.0,0.23039215686274508
32.0,9.0,12.0,0.1,0.1,0.4,3.0,202.0,0.0,0.0,0.23267326732673269
32.0,9.0,13.0,0.1,0.1,0.4,3.0,204.0,0.0,0.0,0.23039215686274508
32.0,9.0,14.0,0.1,0.1,0.4,3.0,204.0,0.0,0.0,0.23039215686274508
32.0,9.0,15.0,0.1,0.1,0.4,3.0,203.0,0.0,0.0,0.2315270935960591
32.0,9.0,16.0,0.1,0.1,0.4,3.0,204.0,0.0,0.0,0.23039215686274508
32.0,9.0,17.0,0.1,0.1,0.4,3.0,203.0,0.0,0.0,0.2315270935960591
32.0,9.0,18.0,0.1,0.1,0.4,3.0,202.0,0.0,0.0,0.23267326732673269
32.0,9.0,19.0,0.1,0.1,0.4,3.0,203.0,0.0,0.0,0.2315270935960591
32.0,9.0,20.0,0.1,0.1,0.4,3.0,370.0,0.0,0.0,0.11621621621621622
32.0,9.0,21.0,0.1,0.1,0.4,3.0,327.0,0.0,0.0,0.12538226299694188
32.0,9.0,22.0,0.1,0.1,0.4,3.0,312.0,0.0,0.0,0.13141025641025642
32.0,9.0,23.0,0.1,0.1,0.4,3.0,313.0,0.0,0.0,0.13099041533546327
32.0,9.0,24.0,0.1,0.1,0.4,3.0,303.0,0.0,0.0,0.132013201320132
32.0,9.0,25.0,0.1,0.1,0.4,3.0,305.0,0.0,0.0,0.13114754098360656
32.0,9.0,26.0,0.1,0.1,0.4,3.0,304.0,0.0,0.0,0.13157894736842105
32.0,9.0,27.0,0.1,0.1,0.4,3.0,296.0,0.0,0.0,0.13513513513513514
32.0,9.0,28.0,0.1,0.1,0.4,3.0,286.0,0.0,0.0,0.13986013986013987
32.0,9.0,29.0,0.1,0.1,0.4,3.0,277.0,0.0,0.0,0.1444043321299639
32.0,9.0,30.0,0.1,0.1,0.4,3.0,275.0,0.0,0.0,0.14545454545454545
32.0,9.0,31.0,0.1,0.1,0.4,3.0,265.0,0.0,0.0,0.1471698113207547
32.0,9.0,32.0,0.1,0.1,0.4,3.0,264.0,0.0,0.0,0.14772727272727273
32.0,9.0,33.0,0.1,0.1,0.4,3.0,256.0,0.0,0.0,0.14453125
32.0,9.0,34.0,0.1,0.1,0.4,3.0,256.0,0.0,0.0,0.14453125
32.0,9.0,35.0,0.1,0.1,0.4,3.0,256.0,0.0,0.0,0.14453125
32.0,9.0,36.0,0.1,0.1,0.4,3.0,246.0,0.0,0.0,0.14634146341463414
32.0,9.0,37.0,0.1,0.1,0.4,3.0,248.0,0.0,0.0,0.14516129032258066
32.0,9.0,38.0,0.1,0.1,0.4,3.0,237.0,0.0,0.0,0.1518987341772152
32.0,9.0,39.0,0.1,0.1,0.4,3.0,238.0,0.0,0.0,0.15126050420168066
32.0,9.0,40.0,0.1,0.1,0.4,3.0,235.0,0.0,0.0,0.15319148936170213
32.0,9.0,41.0,0.1,0.1,0.4,3.0,236.0,0.0,0.0,0.15254237288135594
32.0,9.0,42.0,0.1,0.1,0.4,3.0,235.0,0.0,0.0,0.15319148936170213
32.0,9.0,43.0,0.1,0.1,0.4,3.0,235.0,0.0,0.0,0.15319148936170213
32.0,9.0,44.0,0.1,0.1,0.4,3.0,235.0,0.0,0.0,0.15319148936170213
32.0,9.0,45.0,0.1,0.1,0.4,3.0,228.0,0.0,0.0,0.2324561403508772
32.0,9.0,46.0,0.1,0.1,0.4,3.0,227.0,0.0,0.0,0.2290748898678414
32.0,9.0,47.0,0.1,0.1,0.4,3.0,229.0,0.0,0.0,0.2314410480349345
32.0,9.0,48.0,0.1,0.1,0.4,3.0,220.0,0.0,0.0,0.23636363636363636
32.0,9.0,49.0,0.1,0.1,0.4,3.0,219.0,0.0,0.0,0.2374429223744292
32.0,9.0,50.0,0.1,0.1,0.4,3.0,219.0,0.0,0.0,0.2374429223744292
32.0,9.0,51.0,0.1,0.1,0.4,3.0,218.0,0.0,0.0,0.23394495412844038
32.0,9.0,52.0,0.1,0.1,0.4,3.0,215.0,0.0,0.0,0.24186046511627907
32.0,10.0,1.0,0.1,0.1,0.4,3.0,212.0,0.0,0.0,0.24056603773584906
32.0,10.0,2.0,0.1,0.1,0.4,3.0,207.0,0.0,0.0,0.2463768115942029
32.0,10.0,3.0,0.1,0.1,0.4,3.0,208.0,0.0,0.0,0.24519230769230768
32.0,10.0,4.0,0.1,0.1,0.4,3.0,199.0,0.0,0.0,0.2562814070351759
32.0,10.0,5.0,0.1,0.1,0.4,3.0,199.0,0.0,0.0,0.25125628140703515
32.0,10.0,6.0,0.1,0.1,0.4,3.0,198.0,0.0,0.0,0.25757575757575757
32.0,10.0,7.0,0.1,0.1,0.4,3.0,199.0,0.0,0.0,0.25125628140703515
32.0,10.0,8.0,0.1,0.1,0.4,3.0,197.0,0.0,0.0,0.25380710659898476
32.0,10.0,9.0,0.1,0.1,0.4,3.0,198.0,0.0,0.0,0.25757575757575757
32.0,10.0,10.0,0.1,0.1,0.4,3.0,198.0,0.0,0.0,0.25252525252525254
32.0,10.0,11.0,0.1,0.1,0.4,3.0,199.0,0.0,0.0,0.2562814070351759
32.0,10.0,12.0,0.1,0.1,0.4,3.0,200.0,0.0,0.0,0.255
32.0,10.0,13.0,0.1,0.1,0.4,3.0,200.0,0.0,0.0,0.255
32.0,10.0,14.0,0.1,0.1,0.4,3.0,190.0,0.0,0.0,0.2631578947368421
32.0,10.0,15.0,0.1,0.1,0.4,3.0,192.0,0.0,0.0,0.2604166666666667
32.0,10.0,16.0,0.1,0.1,0.4,3.0,181.0,0.0,0.0,0.27624309392265195
32.0,10.0,17.0,0.1,0.1,0.4,3.0,181.0,0.0,0.0,0.27071823204419887
32.0,10.0,18.0,0.1,0.1,0.4,3.0,179.0,0.0,0.0,0.2737430167597765
32.0,10.0,19.0,0.1,0.1,0.4,3.0,182.0,0.0,0.0,0.27472527472527475
32.0,10.0,20.0,0.1,0.1,0.4,3.0,308.0,0.0,0.0,0.12987012987012986
32.0,10.0,21.0,0.1,0.1,0.4,3.0,301.0,0.0,0.0,0.12956810631229235
32.0,10.0,22.0,0.1,0.1,0.4,3.0,293.0,0.0,0.0,0.1296928327645051
32.0,10.0,23.0,0.1,0.1,0.4,3.0,283.0,0.0,0.0,0.13427561837455831
32.0,10.0,24.0,0.1,0.1,0.4,3.0,284.0,0.0,0.0,0.13028169014084506
32.0,10.0,25.0,0.1,0.1,0.4,3.0,284.0,0.0,0.0,0.13380281690140844
32.0,10.0,26.0,0.1,0.1,0.4,3.0,284.0,0.0,0.0,0.13380281690140844
32.0,10.0,27.0,0.1,0.1,0.4,3.0,271.0,0.0,0.0,0.13284132841328414
32.0,10.0,28.0,0.1,0.1,0.4,3.0,263.0,0.0,0.0,0.14068441064638784
32.0,10.0,29.0,0.1,0.1,0.4,3.0,254.0,0.0,0.0,0.14173228346456693
32.0,10.0,30.0,0.1,0.1,0.4,3.0,252.0,0.0,0.0,0.14285714285714285
32.0,10.0,31.0,0.1,0.1,0.4,3.0,245.0,0.0,0.0,0.14285714285714285
32.0,10.0,32.0,0.1,0.1,0.4,3.0,245.0,0.0,0.0,0.13877551020408163
32.0,10.0,33.0,0.1,0.1,0.4,3.0,210.0,0.0,0.0,0.1523809523809524
32.0,10.0,34.0,0.1,0.1,0.4,3.0,211.0,0.0,0.0,0.15639810426540285
32.0,10.0,35.0,0.1,0.1,0.4,3.0,211.0,0.0,0.0,0.15639810426540285
32.0,10.0,36.0,0.1,0.1,0.4,3.0,209.0,0.0,0.0,0.15789473684210525
32.0,10.0,37.0,0.1,0.1,0.4,3.0,202.0,0.0,0.0,0.16336633663366337
32.0,10.0,38.0,0.1,0.1,0.4,3.0,192.0,0.0,0.0,0.16145833333333334
32.0,10.0,39.0,0.1,0.1,0.4,3.0,194.0,0.0,0.0,0.16494845360824742
32.0,10.0,40.0,0.1,0.1,0.4,3.0,192.0,0.0,0.0,0.15625
32.0,10.0,41.0,0.1,0.1,0.4,3.0,184.0,0.0,0.0,0.16847826086956522
32.0,10.0,42.0,0.1,0.1,0.4,3.0,185.0,0.0,0.0,0.16756756756756758
32.0,10.0,43.0,0.1,0.1,0.4,3.0,183.0,0.0,0.0,0.16939890710382513
32.0,10.0,44.0,0.1,0.1,0.4,3.0,182.0,0.0,0.0,0.17032967032967034
32.0,10.0,45.0,0.1,0.1,0.4,3.0,183.0,0.0,0.0,0.22950819672131148
32.0,10.0,46.0,0.1,0.1,0.4,3.0,183.0,0.0,0.0,0.22950819672131148
32.0,10.0,47.0,0.1,0.1,0.4,3.0,184.0,0.0,0.0,0.23369565217391305
32.0,10.0,48.0,0.1,0.1,0.4,3.0,181.0,0.0,0.0,0.23204419889502761
32.0,10.0,49.0,0.1,0.1,0.4,3.0,182.0,0.0,0.0,0.22527472527472528
32.0,10.0,50.0,0.1,0.1,0.4,3.0,183.0,0.0,0.0,0.22950819672131148
32.0,10.0,51.0,0.1,0.1,0.4,3.0,178.0,0.0,0.0,0.24157303370786518
32.0,10.0,52.0,0.1,0.1,0.4,3.0,175.0,0.0,0.0,0.2342857142857143
33.0,1.0,1.0,0.1,0.1,0.4,3.0,5119.0,50.0,12.0,0.0968939245946474
33.0,1.0,2.0,0.1,0.1,0.4,3.0,5034.0,59.0,24.0,0.09713945172824791
33.0,1.0,3.0,0.1,0.1,0.4,3.0,4891.0,84.0,29.0,0.09732161112246984
33.0,1.0,4.0,0.1,0.1,0.4,3.0,4782.0,104.0,33.0,0.09953994144709327
33.0,1.0,5.0,0.1,0.1,0.4,3.0,4745.0,118.0,47.0,0.09947312961011591
33.0,1.0,6.0,0.1,0.1,0.4,3.0,4656.0,151.0,61.0,0.09987113402061856
33.0,1.0,7.0,0.1,0.1,0.4,3.0,4452.0,190.0,66.0,0.09928122192273135
33.0,1.0,8.0,0.1,0.1,0.4,3.0,4221.0,208.0,73.0,0.10163468372423597
33.0,1.0,9.0,0.1,0.1,0.4,3.0,4065.0,233.0,95.0,0.1018450184501845
33.0,1.0,10.0,0.1,0.1,0.4,3.0,3837.0,229.0,101.0,0.10346624967422466
33.0,1.0,11.0,0.1,0.1,0.4,3.0,3665.0,241.0,99.0,0.10422919508867667
33.0,1.0,12.0,0.1,0.1,0.4,3.0,3442.0,222.0,94.0,0.10546194073213248
33.0,1.0,13.0,0.1,0.1,0.4,3.0,3343.0,229.0,110.0,0.10649117559078672
33.0,1.0,14.0,0.1,0.1,0.4,3.0,3228.0,250.0,110.0,0.10842627013630732
33.0,1.0,15.0,0.1,0.1,0.4,3.0,3127.0,246.0,111.0,0.10937000319795331
33.0,1.0,16.0,0.1,0.1,0.4,3.0,2969.0,241.0,111.0,0.11316941731222634
33.0,1.0,17.0,0.1,0.1,0.4,3.0,2861.0,232.0,126.0,0.11394617266689969
33.0,1.0,18.0,0.1,0.1,0.4,3.0,2773.0,228.0,126.0,0.1143166245943022
33.0,1.0,19.0,0.1,0.1,0.4,3.0,2648.0,229.0,118.0,0.11669184290030211
33.0,1.0,20.0,0.1,0.1,0.4,3.0,7063.0,210.0,105.0,0.042191703242248337
33.0,1.0,21.0,0.1,0.1,0.4,3.0,6290.0,303.0,93.0,0.04356120826709062
33.0,1.0,22.0,0.1,0.1,0.4,3.0,5745.0,350.0,100.0,0.04525674499564839
33.0,1.0,23.0,0.1,0.1,0.4,3.0,5280.0,356.0,120.0,0.04715909090909091
33.0,1.0,24.0,0.1,0.1,0.4,3.0,4693.0,357.0,138.0,0.04922224589814617
33.0,1.0,25.0,0.1,0.1,0.4,3.0,4367.0,395.0,176.0,0.049461873139455007
33.0,1.0,26.0,0.1,0.1,0.4,3.0,4036.0,407.0,174.0,0.05203171456888008
33.0,1.0,27.0,0.1,0.1,0.4,3.0,3719.0,410.0,172.0,0.05377789728421619
33.0,1.0,28.0,0.1,0.1,0.4,3.0,3345.0,360.0,164.0,0.056203288490284005
33.0,1.0,29.0,0.1,0.1,0.4,3.0,3079.0,337.0,152.0,0.05683663527119195
33.0,1.0,30.0,0.1,0.1,0.4,3.0,2841.0,330.0,154.0,0.05948609644491376
33.0,1.0,31.0,0.1,0.1,0.4,3.0,2669.0,329.0,140.0,0.0603222180591982
33.0,1.0,32.0,0.1,0.1,0.4,3.0,2470.0,324.0,136.0,0.06396761133603239
33.0,1.0,33.0,0.1,0.1,0.4,3.0,2361.0,325.0,145.0,0.0677678949597628
33.0,1.0,34.0,0.1,0.1,0.4,3.0,2228.0,357.0,170.0,0.07001795332136446
33.0,1.0,35.0,0.1,0.1,0.4,3.0,2108.0,361.0,161.0,0.07210626185958255
33.0,1.0,36.0,0.1,0.1,0.4,3.0,1943.0,344.0,168.0,0.07720020586721564
33.0,1.0,37.0,0.1,0.1,0.4,3.0,1802.0,322.0,158.0,0.08102108768035517
33.0,1.0,38.0,0.1,0.1,0.4,3.0,1675.0,313.0,160.0,0.08656716417910448
33.0,1.0,39.0,0.1,0.1,0.4,3.0,1554.0,283.0,135.0,0.09009009009009009
33.0,1.0,40.0,0.1,0.1,0.4,3.0,1420.0,264.0,136.0,0.09718309859154929
33.0,1.0,41.0,0.1,0.1,0.4,3.0,1323.0,228.0,114.0,0.09977324263038549
33.0,1.0,42.0,0.1,0.1,0.4,3.0,1256.0,217.0,110.0,0.1035031847133758
33.0,1.0,43.0,0.1,0.1,0.4,3.0,1181.0,195.0,104.0,0.1100762066045724
33.0,1.0,44.0,0.1,0.1,0.4,3.0,1105.0,180.0,96.0,0.11764705882352941
33.0,1.0,45.0,0.1,0.1,0.4,3.0,1034.0,156.0,81.0,0.20212765957446807
33.0,1.0,46.0,0.1,0.1,0.4,3.0,969.0,132.0,66.0,0.2084623323013416
33.0,1.0,47.0,0.1,0.1,0.4,3.0,936.0,122.0,63.0,0.21047008547008547
33.0,1.0,48.0,0.1,0.1,0.4,3.0,895.0,108.0,64.0,0.21452513966480447
33.0,1.0,49.0,0.1,0.1,0.4,3.0,849.0,89.0,51.0,0.21908127208480566
33.0,1.0,50.0,0.1,0.1,0.4,3.0,810.0,82.0,48.0,0.21975308641975308
33.0,1.0,51.0,0.1,0.1,0.4,3.0,750.0,69.0,35.0,0.22533333333333333
33.0,1.0,52.0,0.1,0.1,0.4,3.0,731.0,65.0,38.0,0.22571819425444598
33.0,2.0,1.0,0.1,0.1,0.4,3.0,696.0,60.0,32.0,0.22988505747126436
33.0,2.0,2.0,0.1,0.1,0.4,3.0,687.0,57.0,29.0,0.23580786026200873
33.0,2.0,3.0,0.1,0.1,0.4,3.0,663.0,47.0,24.0,0.2398190045248869
33.0,2.0,4.0,0.1,0.1,0.4,3.0,657.0,47.0,22.0,0.2420091324200913
33.0,2.0,5.0,0.1,0.1,0.4,3.0,640.0,39.0,19.0,0.246875
33.0,2.0,6.0,0.1,0.1,0.4,3.0,632.0,35.0,19.0,0.25316455696202533
33.0,2.0,7.0,0.1,0.1,0.4,3.0,618.0,29.0,17.0,0.2540453074433657
33.0,2.0,8.0,0.1,0.1,0.4,3.0,610.0,28.0,17.0,0.2573770491803279
33.0,2.0,9.0,0.1,0.1,0.4,3.0,590.0,20.0,13.0,0.26610169491525426
33.0,2.0,10.0,0.1,0.1,0.4,3.0,584.0,16.0,9.0,0.2671232876712329
33.0,2.0,11.0,0.1,0.1,0.4,3.0,573.0,11.0,7.0,0.26527050610820246
33.0,2.0,12.0,0.1,0.1,0.4,3.0,570.0,8.0,5.0,0.2719298245614035
33.0,2.0,13.0,0.1,0.1,0.4,3.0,566.0,6.0,5.0,0.2703180212014134
33.0,2.0,14.0,0.1,0.1,0.4,3.0,565.0,7.0,5.0,0.27079646017699116
33.0,2.0,15.0,0.1,0.1,0.4,3.0,557.0,5.0,3.0,0.2710951526032316
33.0,2.0,16.0,0.1,0.1,0.4,3.0,555.0,4.0,3.0,0.27207207207207207
33.0,2.0,17.0,0.1,0.1,0.4,3.0,546.0,4.0,2.0,0.27289377289377287
33.0,2.0,18.0,0.1,0.1,0.4,3.0,544.0,3.0,1.0,0.27205882352941174
33.0,2.0,19.0,0.1,0.1,0.4,3.0,537.0,2.0,2.0,0.27001862197392923
33.0,2.0,20.0,0.1,0.1,0.4,3.0,1060.0,4.0,2.0,0.13773584905660377
33.0,2.0,21.0,0.1,0.1,0.4,3.0,1038.0,4.0,2.0,0.13391136801541426
33.0,2.0,22.0,0.1,0.1,0.4,3.0,1034.0,2.0,0.0,0.1344294003868472
33.0,2.0,23.0,0.1,0.1,0.4,3.0,985.0,2.0,1.0,0.1350253807106599
33.0,2.0,24.0,0.1,0.1,0.4,3.0,964.0,5.0,2.0,0.1338174273858921
33.0,2.0,25.0,0.1,0.1,0.4,3.0,915.0,5.0,2.0,0.1366120218579235
33.0,2.0,26.0,0.1,0.1,0.4,3.0,897.0,4.0,2.0,0.13712374581939799
33.0,2.0,27.0,0.1,0.1,0.4,3.0,884.0,4.0,2.0,0.13574660633484162
33.0,2.0,28.0,0.1,0.1,0.4,3.0,827.0,4.0,3.0,0.14268440145102781
33.0,2.0,29.0,0.1,0.1,0.4,3.0,788.0,3.0,3.0,0.1434010152284264
33.0,2.0,30.0,0.1,0.1,0.4,3.0,792.0,2.0,2.0,0.14646464646464646
33.0,2.0,31.0,0.1,0.1,0.4,3.0,767.0,2.0,1.0,0.14732724902216426
33.0,2.0,32.0,0.1,0.1,0.4,3.0,770.0,2.0,0.0,0.14545454545454545
33.0,2.0,33.0,0.1,0.1,0.4,3.0,739.0,2.0,1.0,0.14884979702300405
33.0,2.0,34.0,0.1,0.1,0.4,3.0,726.0,2.0,1.0,0.14738292011019283
33.0,2.0,35.0,0.1,0.1,0.4,3.0,706.0,3.0,2.0,0.1501416430594901
33.0,2.0,36.0,0.1,0.1,0.4,3.0,690.0,2.0,1.0,0.15072463768115943
33.0,2.0,37.0,0.1,0.1,0.4,3.0,682.0,2.0,1.0,0.1495601173020528
33.0,2.0,38.0,0.1,0.1,0.4,3.0,670.0,1.0,0.0,0.15074626865671642
33.0,2.0,39.0,0.1,0.1,0.4,3.0,665.0,1.0,1.0,0.15037593984962405
33.0,2.0,40.0,0.1,0.1,0.4,3.0,667.0,1.0,1.0,0.14992503748125938
33.0,2.0,41.0,0.1,0.1,0.4,3.0,659.0,1.0,1.0,0.14871016691957512
33.0,2.0,42.0,0.1,0.1,0.4,3.0,647.0,0.0,0.0,0.14992272024729522
33.0,2.0,43.0,0.1,0.1,0.4,3.0,624.0,0.0,0.0,0.15064102564102563
33.0,2.0,44.0,0.1,0.1,0.4,3.0,622.0,0.0,0.0,0.1527331189710611
33.0,2.0,45.0,0.1,0.1,0.4,3.0,621.0,0.0,0.0,0.20450885668276972
33.0,2.0,46.0,0.1,0.1,0.4,3.0,581.0,0.0,0.0,0.2134251290877797
33.0,2.0,47.0,0.1,0.1,0.4,3.0,577.0,0.0,0.0,0.21143847487001732
33.0,2.0,48.0,0.1,0.1,0.4,3.0,578.0,0.0,0.0,0.21280276816608998
33.0,2.0,49.0,0.1,0.1,0.4,3.0,567.0,0.0,0.0,0.20811287477954143
33.0,2.0,50.0,0.1,0.1,0.4,3.0,559.0,0.0,0.0,0.20930232558139536
33.0,2.0,51.0,0.1,0.1,0.4,3.0,549.0,0.0,0.0,0.20947176684881602
33.0,2.0,52.0,0.1,0.1,0.4,3.0,542.0,0.0,0.0,0.21217712177121772
33.0,3.0,1.0,0.1,0.1,0.4,3.0,539.0,0.0,0.0,0.21150278293135436
33.0,3.0,2.0,0.1,0.1,0.4,3.0,537.0,0.0,0.0,0.21042830540037244
33.0,3.0,3.0,0.1,0.1,0.4,3.0,528.0,0.0,0.0,0.21022727272727273
33.0,3.0,4.0,0.1,0.1,0.4,3.0,531.0,0.0,0.0,0.21092278719397364
33.0,3.0,5.0,0.1,0.1,0.4,3.0,525.0,0.0,0.0,0.20761904761904762
33.0,3.0,6.0,0.1,0.1,0.4,3.0,509.0,0.0,0.0,0.21218074656188604
33.0,3.0,7.0,0.1,0.1,0.4,3.0,506.0,0.0,0.0,0.20948616600790515
33.0,3.0,8.0,0.1,0.1,0.4,3.0,503.0,0.0,0.0,0.20874751491053678
33.0,3.0,9.0,0.1,0.1,0.4,3.0,488.0,0.0,0.0,0.20491803278688525
33.0,3.0,10.0,0.1,0.1,0.4,3.0,488.0,0.0,0.0,0.20901639344262296
33.0,3.0,11.0,0.1,0.1,0.4,3.0,482.0,0.0,0.0,0.2053941908713693
33.0,3.0,12.0,0.1,0.1,0.4,3.0,481.0,0.0,0.0,0.2079002079002079
33.0,3.0,13.0,0.1,0.1,0.4,3.0,476.0,0.0,0.0,0.20798319327731093
33.0,3.0,14.0,0.1,0.1,0.4,3.0,478.0,0.0,0.0,0.20711297071129708
33.0,3.0,15.0,0.1,0.1,0.4,3.0,470.0,0.0,0.0,0.20638297872340425
33.0,3.0,16.0,0.1,0.1,0.4,3.0,471.0,0.0,0.0,0.21019108280254778
33.0,3.0,17.0,0.1,0.1,0.4,3.0,469.0,0.0,0.0,0.2068230277185501
33.0,3.0,18.0,0.1,0.1,0.4,3.0,472.0,0.0,0.0,0.2076271186440678
33.0,3.0,19.0,0.1,0.1,0.4,3.0,465.0,0.0,0.0,0.20430107526881722
33.0,3.0,20.0,0.1,0.1,0.4,3.0,859.0,0.0,0.0,0.11059371362048893
33.0,3.0,21.0,0.1,0.1,0.4,3.0,780.0,0.0,0.0,0.11153846153846154
33.0,3.0,22.0,0.1,0.1,0.4,3.0,784.0,0.0,0.0,0.1096938775510204
33.0,3.0,23.0,0.1,0.1,0.4,3.0,750.0,0.0,0.0,0.112
33.0,3.0,24.0,0.1,0.1,0.4,3.0,726.0,0.0,0.0,0.1115702479338843
33.0,3.0,25.0,0.1,0.1,0.4,3.0,684.0,0.0,0.0,0.11257309941520467
33.0,3.0,26.0,0.1,0.1,0.4,3.0,698.0,0.0,0.0,0.11461318051575932
33.0,3.0,27.0,0.1,0.1,0.4,3.0,638.0,0.0,0.0,0.11912225705329153
33.0,3.0,28.0,0.1,0.1,0.4,3.0,633.0,0.0,0.0,0.11690363349131122
33.0,3.0,29.0,0.1,0.1,0.4,3.0,616.0,0.0,0.0,0.11688311688311688
33.0,3.0,30.0,0.1,0.1,0.4,3.0,618.0,0.0,0.0,0.11326860841423948
33.0,3.0,31.0,0.1,0.1,0.4,3.0,594.0,0.0,0.0,0.11447811447811448
33.0,3.0,32.0,0.1,0.1,0.4,3.0,588.0,0.0,0.0,0.11564625850340136
33.0,3.0,33.0,0.1,0.1,0.4,3.0,542.0,0.0,0.0,0.11623616236162361
33.0,3.0,34.0,0.1,0.1,0.4,3.0,544.0,0.0,0.0,0.11948529411764706
33.0,3.0,35.0,0.1,0.1,0.4,3.0,528.0,0.0,0.0,0.11742424242424243
33.0,3.0,36.0,0.1,0.1,0.4,3.0,536.0,0.0,0.0,0.11940298507462686
33.0,3.0,37.0,0.1,0.1,0.4,3.0,510.0,0.0,0.0,0.11764705882352941
33.0,3.0,38.0,0.1,0.1,0.4,3.0,510.0,0.0,0.0,0.12156862745098039
33.0,3.0,39.0,0.1,0.1,0.4,3.0,504.0,0.0,0.0,0.11904761904761904
33.0,3.0,40.0,0.1,0.1,0.4,3.0,500.0,0.0,0.0,0.124
33.0,3.0,41.0,0.1,0.1,0.4,3.0,466.0,0.0,0.0,0.12017167381974249
33.0,3.0,42.0,0.1,0.1,0.4,3.0,467.0,0.0,0.0,0.1284796573875803
33.0,3.0,43.0,0.1,0.1,0.4,3.0,457.0,0.0,0.0,0.12253829321663019
33.0,3.0,44.0,0.1,0.1,0.4,3.0,455.0,0.0,0.0,0.12307692307692308
33.0,3.0,45.0,0.1,0.1,0.4,3.0,451.0,0.0,0.0,0.1973392461197339
33.0,3.0,46.0,0.1,0.1,0.4,3.0,451.0,0.0,0.0,0.1973392461197339
33.0,3.0,47.0,0.1,0.1,0.4,3.0,441.0,0.0,0.0,0.19954648526077098
33.0,3.0,48.0,0.1,0.1,0.4,3.0,432.0,0.0,0.0,0.2037037037037037
33.0,3.0,49.0,0.1,0.1,0.4,3.0,433.0,0.0,0.0,0.20323325635103925
33.0,3.0,50.0,0.1,0.1,0.4,3.0,424.0,0.0,0.0,0.20518867924528303
33.0,3.0,51.0,0.1,0.1,0.4,3.0,421.0,0.0,0.0,0.20190023752969122
33.0,3.0,52.0,0.1,0.1,0.4,3.0,422.0,0.0,0.0,0.2014218009478673
33.0,4.0,1.0,0.1,0.1,0.4,3.0,420.0,0.0,0.0,0.2
33.0,4.0,2.0,0.1,0.1,0.4,3.0,411.0,0.0,0.0,0.20194647201946472
33.0,4.0,3.0,0.1,0.1,0.4,3.0,405.0,0.0,0.0,0.19506172839506172
33.0,4.0,4.0,0.1,0.1,0.4,3.0,401.0,0.0,0.0,0.19950124688279303
33.0,4.0,5.0,0.1,0.1,0.4,3.0,402.0,0.0,0.0,0.19402985074626866
33.0,4.0,6.0,0.1,0.1,0.4,3.0,395.0,0.0,0.0,0.2
33.0,4.0,7.0,0.1,0.1,0.4,3.0,382.0,0.0,0.0,0.19895287958115182
33.0,4.0,8.0,0.1,0.1,0.4,3.0,378.0,0.0,0.0,0.2037037037037037
33.0,4.0,9.0,0.1,0.1,0.4,3.0,367.0,0.0,0.0,0.20708446866485014
33.0,4.0,10.0,0.1,0.1,0.4,3.0,368.0,0.0,0.0,0.20380434782608695
33.0,4.0,11.0,0.1,0.1,0.4,3.0,365.0,0.0,0.0,0.20273972602739726
33.0,4.0,12.0,0.1,0.1,0.4,3.0,367.0,0.0,0.0,0.2016348773841962
33.0,4.0,13.0,0.1,0.1,0.4,3.0,362.0,0.0,0.0,0.19889502762430938
33.0,4.0,14.0,0.1,0.1,0.4,3.0,363.0,0.0,0.0,0.19834710743801653
33.0,4.0,15.0,0.1,0.1,0.4,3.0,350.0,0.0,0.0,0.19714285714285715
33.0,4.0,16.0,0.1,0.1,0.4,3.0,353.0,0.0,0.0,0.19830028328611898
33.0,4.0,17.0,0.1,0.1,0.4,3.0,349.0,0.0,0.0,0.1977077363896848
33.0,4.0,18.0,0.1,0.1,0.4,3.0,352.0,0.0,0.0,0.19886363636363635
33.0,4.0,19.0,0.1,0.1,0.4,3.0,349.0,0.0,0.0,0.1977077363896848
33.0,4.0,20.0,0.1,0.1,0.4,3.0,666.0,0.0,0.0,0.10510510510510511
33.0,4.0,21.0,0.1,0.1,0.4,3.0,642.0,0.0,0.0,0.1059190031152648
33.0,4.0,22.0,0.1,0.1,0.4,3.0,636.0,0.0,0.0,0.1069182389937107
33.0,4.0,23.0,0.1,0.1,0.4,3.0,609.0,0.0,0.0,0.10837438423645321
33.0,4.0,24.0,0.1,0.1,0.4,3.0,598.0,0.0,0.0,0.10535117056856187
33.0,4.0,25.0,0.1,0.1,0.4,3.0,587.0,0.0,0.0,0.10902896081771721
33.0,4.0,26.0,0.1,0.1,0.4,3.0,590.0,0.0,0.0,0.10508474576271186
33.0,4.0,27.0,0.1,0.1,0.4,3.0,556.0,0.0,0.0,0.10971223021582734
33.0,4.0,28.0,0.1,0.1,0.4,3.0,513.0,0.0,0.0,0.10916179337231968
33.0,4.0,29.0,0.1,0.1,0.4,3.0,477.0,0.0,0.0,0.11530398322851153
33.0,4.0,30.0,0.1,0.1,0.4,3.0,478.0,0.0,0.0,0.11297071129707113
33.0,4.0,31.0,0.1,0.1,0.4,3.0,456.0,0.0,0.0,0.11403508771929824
33.0,4.0,32.0,0.1,0.1,0.4,3.0,468.0,0.0,0.0,0.1111111111111111
33.0,4.0,33.0,0.1,0.1,0.4,3.0,456.0,0.0,0.0,0.11403508771929824
33.0,4.0,34.0,0.1,0.1,0.4,3.0,460.0,0.0,0.0,0.1108695652173913
33.0,4.0,35.0,0.1,0.1,0.4,3.0,447.0,0.0,0.0,0.11185682326621924
33.0,4.0,36.0,0.1,0.1,0.4,3.0,459.0,0.0,0.0,0.10893246187363835
33.0,4.0,37.0,0.1,0.1,0.4,3.0,446.0,0.0,0.0,0.10986547085201794
33.0,4.0,38.0,0.1,0.1,0.4,3.0,450.0,0.0,0.0,0.10444444444444445
33.0,4.0,39.0,0.1,0.1,0.4,3.0,421.0,0.0,0.0,0.10451306413301663
33.0,4.0,40.0,0.1,0.1,0.4,3.0,420.0,0.0,0.0,0.10476190476190476
33.0,4.0,41.0,0.1,0.1,0.4,3.0,403.0,0.0,0.0,0.10173697270471464
33.0,4.0,42.0,0.1,0.1,0.4,3.0,401.0,0.0,0.0,0.09725685785536159
33.0,4.0,43.0,0.1,0.1,0.4,3.0,384.0,0.0,0.0,0.09895833333333333
33.0,4.0,44.0,0.1,0.1,0.4,3.0,396.0,0.0,0.0,0.09595959595959595
33.0,4.0,45.0,0.1,0.1,0.4,3.0,384.0,0.0,0.0,0.17708333333333334
33.0,4.0,46.0,0.1,0.1,0.4,3.0,388.0,0.0,0.0,0.17783505154639176
33.0,4.0,47.0,0.1,0.1,0.4,3.0,360.0,0.0,0.0,0.18333333333333332
33.0,4.0,48.0,0.1,0.1,0.4,3.0,361.0,0.0,0.0,0.18005540166204986
33.0,4.0,49.0,0.1,0.1,0.4,3.0,347.0,0.0,0.0,0.1844380403458213
33.0,4.0,50.0,0.1,0.1,0.4,3.0,352.0,0.0,0.0,0.18181818181818182
33.0,4.0,51.0,0.1,0.1,0.4,3.0,345.0,0.0,0.0,0.1826086956521739
33.0,4.0,52.0,0.1,0.1,0.4,3.0,350.0,0.0,0.0,0.18285714285714286
33.0,5.0,1.0,0.1,0.1,0.4,3.0,344.0,0.0,0.0,0.18313953488372092
33.0,5.0,2.0,0.1,0.1,0.4,3.0,351.0,0.0,0.0,0.18233618233618235
33.0,5.0,3.0,0.1,0.1,0.4,3.0,342.0,0.0,0.0,0.18128654970760233
33.0,5.0,4.0,0.1,0.1,0.4,3.0,337.0,0.0,0.0,0.18100890207715134
33.0,5.0,5.0,0.1,0.1,0.4,3.0,332.0,0.0,0.0,0.18072289156626506
33.0,5.0,6.0,0.1,0.1,0.4,3.0,335.0,0.0,0.0,0.1791044776119403
33.0,5.0,7.0,0.1,0.1,0.4,3.0,330.0,0.0,0.0,0.1787878787878788
33.0,5.0,8.0,0.1,0.1,0.4,3.0,333.0,0.0,0.0,0.18018018018018017
33.0,5.0,9.0,0.1,0.1,0.4,3.0,328.0,0.0,0.0,0.1798780487804878
33.0,5.0,10.0,0.1,0.1,0.4,3.0,334.0,0.0,0.0,0.17964071856287425
33.0,5.0,11.0,0.1,0.1,0.4,3.0,328.0,0.0,0.0,0.1798780487804878
33.0,5.0,12.0,0.1,0.1,0.4,3.0,334.0,0.0,0.0,0.17964071856287425
33.0,5.0,13.0,0.1,0.1,0.4,3.0,328.0,0.0,0.0,0.1798780487804878
33.0,5.0,14.0,0.1,0.1,0.4,3.0,334.0,0.0,0.0,0.17964071856287425
33.0,5.0,15.0,0.1,0.1,0.4,3.0,328.0,0.0,0.0,0.1798780487804878
33.0,5.0,16.0,0.1,0.1,0.4,3.0,334.0,0.0,0.0,0.17964071856287425
33.0,5.0,17.0,0.1,0.1,0.4,3.0,327.0,0.0,0.0,0.17737003058103976
33.0,5.0,18.0,0.1,0.1,0.4,3.0,331.0,0.0,0.0,0.17522658610271905
33.0,5.0,19.0,0.1,0.1,0.4,3.0,326.0,0.0,0.0,0.17484662576687116
33.0,5.0,20.0,0.1,0.1,0.4,3.0,589.0,0.0,0.0,0.09847198641765705
33.0,5.0,21.0,0.1,0.1,0.4,3.0,563.0,0.0,0.0,0.10124333925399645
33.0,5.0,22.0,0.1,0.1,0.4,3.0,579.0,0.0,0.0,0.1001727115716753
33.0,5.0,23.0,0.1,0.1,0.4,3.0,531.0,0.0,0.0,0.10357815442561205
33.0,5.0,24.0,0.1,0.1,0.4,3.0,505.0,0.0,0.0,0.10693069306930693
33.0,5.0,25.0,0.1,0.1,0.4,3.0,459.0,0.0,0.0,0.10893246187363835
33.0,5.0,26.0,0.1,0.1,0.4,3.0,471.0,0.0,0.0,0.11040339702760085
33.0,5.0,27.0,0.1,0.1,0.4,3.0,454.0,0.0,0.0,0.1145374449339207
33.0,5.0,28.0,0.1,0.1,0.4,3.0,468.0,0.0,0.0,0.10897435897435898
33.0,5.0,29.0,0.1,0.1,0.4,3.0,442.0,0.0,0.0,0.11085972850678733
33.0,5.0,30.0,0.1,0.1,0.4,3.0,445.0,0.0,0.0,0.11235955056179775
33.0,5.0,31.0,0.1,0.1,0.4,3.0,427.0,0.0,0.0,0.11475409836065574
33.0,5.0,32.0,0.1,0.1,0.4,3.0,433.0,0.0,0.0,0.11085450346420324
33.0,5.0,33.0,0.1,0.1,0.4,3.0,401.0,0.0,0.0,0.1172069825436409
33.0,5.0,34.0,0.1,0.1,0.4,3.0,408.0,0.0,0.0,0.11519607843137254
33.0,5.0,35.0,0.1,0.1,0.4,3.0,386.0,0.0,0.0,0.11917098445595854
33.0,5.0,36.0,0.1,0.1,0.4,3.0,404.0,0.0,0.0,0.11386138613861387
33.0,5.0,37.0,0.1,0.1,0.4,3.0,372.0,0.0,0.0,0.11559139784946236
33.0,5.0,38.0,0.1,0.1,0.4,3.0,382.0,0.0,0.0,0.1099476439790576
33.0,5.0,39.0,0.1,0.1,0.4,3.0,371.0,0.0,0.0,0.11590296495956873
33.0,5.0,40.0,0.1,0.1,0.4,3.0,380.0,0.0,0.0,0.11052631578947368
33.0,5.0,41.0,0.1,0.1,0.4,3.0,344.0,0.0,0.0,0.11918604651162791
33.0,5.0,42.0,0.1,0.1,0.4,3.0,344.0,0.0,0.0,0.11337209302325581
33.0,5.0,43.0,0.1,0.1,0.4,3.0,331.0,0.0,0.0,0.1148036253776435
33.0,5.0,44.0,0.1,0.1,0.4,3.0,341.0,0.0,0.0,0.11143695014662756
33.0,5.0,45.0,0.1,0.1,0.4,3.0,321.0,0.0,0.0,0.20249221183800623
33.0,5.0,46.0,0.1,0.1,0.4,3.0,327.0,0.0,0.0,0.1926605504587156
33.0,5.0,47.0,0.1,0.1,0.4,3.0,317.0,0.0,0.0,0.19873817034700317
33.0,5.0,48.0,0.1,0.1,0.4,3.0,326.0,0.0,0.0,0.19325153374233128
33.0,5.0,49.0,0.1,0.1,0.4,3.0,312.0,0.0,0.0,0.1987179487179487
33.0,5.0,50.0,0.1,0.1,0.4,3.0,313.0,0.0,0.0,0.19488817891373802
33.0,5.0,51.0,0.1,0.1,0.4,3.0,308.0,0.0,0.0,0.19805194805194806
33.0,5.0,52.0,0.1,0.1,0.4,3.0,304.0,0.0,0.0,0.19078947368421054
33.0,6.0,1.0,0.1,0.1,0.4,3.0,294.0,0.0,0.0,0.19727891156462585
33.0,6.0,2.0,0.1,0.1,0.4,3.0,298.0,0.0,0.0,0.19463087248322147
33.0,6.0,3.0,0.1,0.1,0.4,3.0,293.0,0.0,0.0,0.19795221843003413
33.0,6.0,4.0,0.1,0.1,0.4,3.0,287.0,0.0,0.0,0.1986062717770035
33.0,6.0,5.0,0.1,0.1,0.4,3.0,285.0,0.0,0.0,0.2
33.0,6.0,6.0,0.1,0.1,0.4,3.0,286.0,0.0,0.0,0.1958041958041958
33.0,6.0,7.0,0.1,0.1,0.4,3.0,271.0,0.0,0.0,0.1881918819188192
33.0,6.0,8.0,0.1,0.1,0.4,3.0,274.0,0.0,0.0,0.1897810218978102
33.0,6.0,9.0,0.1,0.1,0.4,3.0,270.0,0.0,0.0,0.18888888888888888
33.0,6.0,10.0,0.1,0.1,0.4,3.0,266.0,0.0,0.0,0.18796992481203006
33.0,6.0,11.0,0.1,0.1,0.4,3.0,262.0,0.0,0.0,0.18702290076335878
33.0,6.0,12.0,0.1,0.1,0.4,3.0,266.0,0.0,0.0,0.18796992481203006
33.0,6.0,13.0,0.1,0.1,0.4,3.0,262.0,0.0,0.0,0.18702290076335878
33.0,6.0,14.0,0.1,0.1,0.4,3.0,258.0,0.0,0.0,0.18992248062015504
33.0,6.0,15.0,0.1,0.1,0.4,3.0,254.0,0.0,0.0,0.1889763779527559
33.0,6.0,16.0,0.1,0.1,0.4,3.0,256.0,0.0,0.0,0.1875
33.0,6.0,17.0,0.1,0.1,0.4,3.0,244.0,0.0,0.0,0.1885245901639344
33.0,6.0,18.0,0.1,0.1,0.4,3.0,247.0,0.0,0.0,0.1862348178137652
33.0,6.0,19.0,0.1,0.1,0.4,3.0,244.0,0.0,0.0,0.1885245901639344
33.0,6.0,20.0,0.1,0.1,0.4,3.0,471.0,0.0,0.0,0.09766454352441614
33.0,6.0,21.0,0.1,0.1,0.4,3.0,430.0,0.0,0.0,0.10465116279069768
33.0,6.0,22.0,0.1,0.1,0.4,3.0,429.0,0.0,0.0,0.10256410256410256
33.0,6.0,23.0,0.1,0.1,0.4,3.0,407.0,0.0,0.0,0.10565110565110565
33.0,6.0,24.0,0.1,0.1,0.4,3.0,406.0,0.0,0.0,0.10591133004926108
33.0,6.0,25.0,0.1,0.1,0.4,3.0,378.0,0.0,0.0,0.10846560846560846
33.0,6.0,26.0,0.1,0.1,0.4,3.0,379.0,0.0,0.0,0.10554089709762533
33.0,6.0,27.0,0.1,0.1,0.4,3.0,361.0,0.0,0.0,0.10803324099722991
33.0,6.0,28.0,0.1,0.1,0.4,3.0,362.0,0.0,0.0,0.10497237569060773
33.0,6.0,29.0,0.1,0.1,0.4,3.0,352.0,0.0,0.0,0.10795454545454546
33.0,6.0,30.0,0.1,0.1,0.4,3.0,338.0,0.0,0.0,0.10946745562130178
33.0,6.0,31.0,0.1,0.1,0.4,3.0,322.0,0.0,0.0,0.11490683229813664
33.0,6.0,32.0,0.1,0.1,0.4,3.0,324.0,0.0,0.0,0.10802469135802469
33.0,6.0,33.0,0.1,0.1,0.4,3.0,300.0,0.0,0.0,0.11333333333333333
33.0,6.0,34.0,0.1,0.1,0.4,3.0,291.0,0.0,0.0,0.1134020618556701
33.0,6.0,35.0,0.1,0.1,0.4,3.0,291.0,0.0,0.0,0.1134020618556701
33.0,6.0,36.0,0.1,0.1,0.4,3.0,282.0,0.0,0.0,0.1099290780141844
33.0,6.0,37.0,0.1,0.1,0.4,3.0,275.0,0.0,0.0,0.11272727272727273
33.0,6.0,38.0,0.1,0.1,0.4,3.0,274.0,0.0,0.0,0.11678832116788321
33.0,6.0,39.0,0.1,0.1,0.4,3.0,266.0,0.0,0.0,0.11654135338345864
33.0,6.0,40.0,0.1,0.1,0.4,3.0,256.0,0.0,0.0,0.125
33.0,6.0,41.0,0.1,0.1,0.4,3.0,259.0,0.0,0.0,0.11969111969111969
33.0,6.0,42.0,0.1,0.1,0.4,3.0,253.0,0.0,0.0,0.12648221343873517
33.0,6.0,43.0,0.1,0.1,0.4,3.0,245.0,0.0,0.0,0.11836734693877551
33.0,6.0,44.0,0.1,0.1,0.4,3.0,244.0,0.0,0.0,0.12295081967213115
33.0,6.0,45.0,0.1,0.1,0.4,3.0,223.0,0.0,0.0,0.21076233183856502
33.0,6.0,46.0,0.1,0.1,0.4,3.0,219.0,0.0,0.0,0.2191780821917808
33.0,6.0,47.0,0.1,0.1,0.4,3.0,218.0,0.0,0.0,0.21559633027522937
33.0,6.0,48.0,0.1,0.1,0.4,3.0,221.0,0.0,0.0,0.21266968325791855
33.0,6.0,49.0,0.1,0.1,0.4,3.0,216.0,0.0,0.0,0.2175925925925926
33.0,6.0,50.0,0.1,0.1,0.4,3.0,218.0,0.0,0.0,0.21559633027522937
33.0,6.0,51.0,0.1,0.1,0.4,3.0,211.0,0.0,0.0,0.2132701421800948
33.0,6.0,52.0,0.1,0.1,0.4,3.0,216.0,0.0,0.0,0.20833333333333334
33.0,7.0,1.0,0.1,0.1,0.4,3.0,210.0,0.0,0.0,0.20952380952380953
33.0,7.0,2.0,0.1,0.1,0.4,3.0,214.0,0.0,0.0,0.205607476635514
33.0,7.0,3.0,0.1,0.1,0.4,3.0,207.0,0.0,0.0,0.2028985507246377
33.0,7.0,4.0,0.1,0.1,0.4,3.0,212.0,0.0,0.0,0.2028301886792453
33.0,7.0,5.0,0.1,0.1,0.4,3.0,207.0,0.0,0.0,0.2028985507246377
33.0,7.0,6.0,0.1,0.1,0.4,3.0,212.0,0.0,0.0,0.2028301886792453
33.0,7.0,7.0,0.1,0.1,0.4,3.0,205.0,0.0,0.0,0.2048780487804878
33.0,7.0,8.0,0.1,0.1,0.4,3.0,209.0,0.0,0.0,0.20095693779904306
33.0,7.0,9.0,0.1,0.1,0.4,3.0,201.0,0.0,0.0,0.19402985074626866
33.0,7.0,10.0,0.1,0.1,0.4,3.0,206.0,0.0,0.0,0.1941747572815534
33.0,7.0,11.0,0.1,0.1,0.4,3.0,200.0,0.0,0.0,0.195
33.0,7.0,12.0,0.1,0.1,0.4,3.0,203.0,0.0,0.0,0.1921182266009852
33.0,7.0,13.0,0.1,0.1,0.4,3.0,197.0,0.0,0.0,0.19289340101522842
33.0,7.0,14.0,0.1,0.1,0.4,3.0,202.0,0.0,0.0,0.19306930693069307
33.0,7.0,15.0,0.1,0.1,0.4,3.0,197.0,0.0,0.0,0.19289340101522842
33.0,7.0,16.0,0.1,0.1,0.4,3.0,202.0,0.0,0.0,0.19306930693069307
33.0,7.0,17.0,0.1,0.1,0.4,3.0,197.0,0.0,0.0,0.19289340101522842
33.0,7.0,18.0,0.1,0.1,0.4,3.0,201.0,0.0,0.0,0.1890547263681592
33.0,7.0,19.0,0.1,0.1,0.4,3.0,196.0,0.0,0.0,0.18877551020408162
33.0,7.0,20.0,0.1,0.1,0.4,3.0,349.0,0.0,0.0,0.10888252148997135
33.0,7.0,21.0,0.1,0.1,0.4,3.0,324.0,0.0,0.0,0.1111111111111111
33.0,7.0,22.0,0.1,0.1,0.4,3.0,313.0,0.0,0.0,0.1182108626198083
33.0,7.0,23.0,0.1,0.1,0.4,3.0,312.0,0.0,0.0,0.11538461538461539
33.0,7.0,24.0,0.1,0.1,0.4,3.0,311.0,0.0,0.0,0.1157556270096463
33.0,7.0,25.0,0.1,0.1,0.4,3.0,303.0,0.0,0.0,0.11221122112211221
33.0,7.0,26.0,0.1,0.1,0.4,3.0,303.0,0.0,0.0,0.11551155115511551
33.0,7.0,27.0,0.1,0.1,0.4,3.0,303.0,0.0,0.0,0.11221122112211221
33.0,7.0,28.0,0.1,0.1,0.4,3.0,281.0,0.0,0.0,0.12099644128113879
33.0,7.0,29.0,0.1,0.1,0.4,3.0,272.0,0.0,0.0,0.1213235294117647
33.0,7.0,30.0,0.1,0.1,0.4,3.0,272.0,0.0,0.0,0.125
33.0,7.0,31.0,0.1,0.1,0.4,3.0,272.0,0.0,0.0,0.1213235294117647
33.0,7.0,32.0,0.1,0.1,0.4,3.0,263.0,0.0,0.0,0.12547528517110265
33.0,7.0,33.0,0.1,0.1,0.4,3.0,263.0,0.0,0.0,0.12167300380228137
33.0,7.0,34.0,0.1,0.1,0.4,3.0,263.0,0.0,0.0,0.12547528517110265
33.0,7.0,35.0,0.1,0.1,0.4,3.0,250.0,0.0,0.0,0.124
33.0,7.0,36.0,0.1,0.1,0.4,3.0,236.0,0.0,0.0,0.1271186440677966
33.0,7.0,37.0,0.1,0.1,0.4,3.0,228.0,0.0,0.0,0.12719298245614036
33.0,7.0,38.0,0.1,0.1,0.4,3.0,228.0,0.0,0.0,0.13157894736842105
33.0,7.0,39.0,0.1,0.1,0.4,3.0,228.0,0.0,0.0,0.12719298245614036
33.0,7.0,40.0,0.1,0.1,0.4,3.0,220.0,0.0,0.0,0.13636363636363635
33.0,7.0,41.0,0.1,0.1,0.4,3.0,216.0,0.0,0.0,0.12962962962962962
33.0,7.0,42.0,0.1,0.1,0.4,3.0,207.0,0.0,0.0,0.13043478260869565
33.0,7.0,43.0,0.1,0.1,0.4,3.0,207.0,0.0,0.0,0.12560386473429952
33.0,7.0,44.0,0.1,0.1,0.4,3.0,207.0,0.0,0.0,0.13043478260869565
33.0,7.0,45.0,0.1,0.1,0.4,3.0,206.0,0.0,0.0,0.17475728155339806
33.0,7.0,46.0,0.1,0.1,0.4,3.0,206.0,0.0,0.0,0.1796116504854369
33.0,7.0,47.0,0.1,0.1,0.4,3.0,205.0,0.0,0.0,0.17073170731707318
33.0,7.0,48.0,0.1,0.1,0.4,3.0,205.0,0.0,0.0,0.17560975609756097
33.0,7.0,49.0,0.1,0.1,0.4,3.0,205.0,0.0,0.0,0.17073170731707318
33.0,7.0,50.0,0.1,0.1,0.4,3.0,201.0,0.0,0.0,0.1791044776119403
33.0,7.0,51.0,0.1,0.1,0.4,3.0,205.0,0.0,0.0,0.17073170731707318
33.0,7.0,52.0,0.1,0.1,0.4,3.0,201.0,0.0,0.0,0.1791044776119403
33.0,8.0,1.0,0.1,0.1,0.4,3.0,204.0,0.0,0.0,0.1715686274509804
33.0,8.0,2.0,0.1,0.1,0.4,3.0,201.0,0.0,0.0,0.1791044776119403
33.0,8.0,3.0,0.1,0.1,0.4,3.0,205.0,0.0,0.0,0.17560975609756097
33.0,8.0,4.0,0.1,0.1,0.4,3.0,198.0,0.0,0.0,0.18181818181818182
33.0,8.0,5.0,0.1,0.1,0.4,3.0,205.0,0.0,0.0,0.17560975609756097
33.0,8.0,6.0,0.1,0.1,0.4,3.0,198.0,0.0,0.0,0.18181818181818182
33.0,8.0,7.0,0.1,0.1,0.4,3.0,205.0,0.0,0.0,0.17560975609756097
33.0,8.0,8.0,0.1,0.1,0.4,3.0,198.0,0.0,0.0,0.18181818181818182
33.0,8.0,9.0,0.1,0.1,0.4,3.0,203.0,0.0,0.0,0.17733990147783252
33.0,8.0,10.0,0.1,0.1,0.4,3.0,194.0,0.0,0.0,0.18556701030927836
33.0,8.0,11.0,0.1,0.1,0.4,3.0,201.0,0.0,0.0,0.1791044776119403
33.0,8.0,12.0,0.1,0.1,0.4,3.0,194.0,0.0,0.0,0.18556701030927836
33.0,8.0,13.0,0.1,0.1,0.4,3.0,191.0,0.0,0.0,0.18324607329842932
33.0,8.0,14.0,0.1,0.1,0.4,3.0,184.0,0.0,0.0,0.19021739130434784
33.0,8.0,15.0,0.1,0.1,0.4,3.0,191.0,0.0,0.0,0.18324607329842932
33.0,8.0,16.0,0.1,0.1,0.4,3.0,184.0,0.0,0.0,0.19021739130434784
33.0,8.0,17.0,0.1,0.1,0.4,3.0,191.0,0.0,0.0,0.18324607329842932
33.0,8.0,18.0,0.1,0.1,0.4,3.0,184.0,0.0,0.0,0.19021739130434784
33.0,8.0,19.0,0.1,0.1,0.4,3.0,191.0,0.0,0.0,0.18324607329842932
33.0,8.0,20.0,0.1,0.1,0.4,3.0,322.0,0.0,0.0,0.10869565217391304
33.0,8.0,21.0,0.1,0.1,0.4,3.0,308.0,0.0,0.0,0.11363636363636363
33.0,8.0,22.0,0.1,0.1,0.4,3.0,301.0,0.0,0.0,0.11627906976744186
33.0,8.0,23.0,0.1,0.1,0.4,3.0,295.0,0.0,0.0,0.11864406779661017
33.0,8.0,24.0,0.1,0.1,0.4,3.0,280.0,0.0,0.0,0.125
33.0,8.0,25.0,0.1,0.1,0.4,3.0,279.0,0.0,0.0,0.12544802867383512
33.0,8.0,26.0,0.1,0.1,0.4,3.0,272.0,0.0,0.0,0.12867647058823528
33.0,8.0,27.0,0.1,0.1,0.4,3.0,263.0,0.0,0.0,0.12927756653992395
33.0,8.0,28.0,0.1,0.1,0.4,3.0,256.0,0.0,0.0,0.1328125
33.0,8.0,29.0,0.1,0.1,0.4,3.0,263.0,0.0,0.0,0.12927756653992395
33.0,8.0,30.0,0.1,0.1,0.4,3.0,256.0,0.0,0.0,0.1328125
33.0,8.0,31.0,0.1,0.1,0.4,3.0,263.0,0.0,0.0,0.12927756653992395
33.0,8.0,32.0,0.1,0.1,0.4,3.0,256.0,0.0,0.0,0.1328125
33.0,8.0,33.0,0.1,0.1,0.4,3.0,252.0,0.0,0.0,0.1349206349206349
33.0,8.0,34.0,0.1,0.1,0.4,3.0,245.0,0.0,0.0,0.13877551020408163
33.0,8.0,35.0,0.1,0.1,0.4,3.0,252.0,0.0,0.0,0.1349206349206349
33.0,8.0,36.0,0.1,0.1,0.4,3.0,226.0,0.0,0.0,0.1415929203539823
33.0,8.0,37.0,0.1,0.1,0.4,3.0,233.0,0.0,0.0,0.13733905579399142
33.0,8.0,38.0,0.1,0.1,0.4,3.0,226.0,0.0,0.0,0.1415929203539823
33.0,8.0,39.0,0.1,0.1,0.4,3.0,233.0,0.0,0.0,0.13733905579399142
33.0,8.0,40.0,0.1,0.1,0.4,3.0,226.0,0.0,0.0,0.1415929203539823
33.0,8.0,41.0,0.1,0.1,0.4,3.0,231.0,0.0,0.0,0.13852813852813853
33.0,8.0,42.0,0.1,0.1,0.4,3.0,227.0,0.0,0.0,0.14096916299559473
33.0,8.0,43.0,0.1,0.1,0.4,3.0,221.0,0.0,0.0,0.14027149321266968
33.0,8.0,44.0,0.1,0.1,0.4,3.0,217.0,0.0,0.0,0.14285714285714285
33.0,8.0,45.0,0.1,0.1,0.4,3.0,220.0,0.0,0.0,0.20909090909090908
33.0,8.0,46.0,0.1,0.1,0.4,3.0,216.0,0.0,0.0,0.2175925925925926
33.0,8.0,47.0,0.1,0.1,0.4,3.0,220.0,0.0,0.0,0.20909090909090908
33.0,8.0,48.0,0.1,0.1,0.4,3.0,215.0,0.0,0.0,0.21395348837209302
33.0,8.0,49.0,0.1,0.1,0.4,3.0,219.0,0.0,0.0,0.2054794520547945
33.0,8.0,50.0,0.1,0.1,0.4,3.0,215.0,0.0,0.0,0.21395348837209302
33.0,8.0,51.0,0.1,0.1,0.4,3.0,219.0,0.0,0.0,0.2054794520547945
33.0,8.0,52.0,0.1,0.1,0.4,3.0,214.0,0.0,0.0,0.2102803738317757
33.0,9.0,1.0,0.1,0.1,0.4,3.0,219.0,0.0,0.0,0.2054794520547945
33.0,9.0,2.0,0.1,0.1,0.4,3.0,214.0,0.0,0.0,0.2102803738317757
33.0,9.0,3.0,0.1,0.1,0.4,3.0,219.0,0.0,0.0,0.2054794520547945
33.0,9.0,4.0,0.1,0.1,0.4,3.0,215.0,0.0,0.0,0.21395348837209302
33.0,9.0,5.0,0.1,0.1,0.4,3.0,218.0,0.0,0.0,0.2018348623853211
33.0,9.0,6.0,0.1,0.1,0.4,3.0,215.0,0.0,0.0,0.21395348837209302
33.0,9.0,7.0,0.1,0.1,0.4,3.0,218.0,0.0,0.0,0.2018348623853211
33.0,9.0,8.0,0.1,0.1,0.4,3.0,215.0,0.0,0.0,0.21395348837209302
33.0,9.0,9.0,0.1,0.1,0.4,3.0,218.0,0.0,0.0,0.2018348623853211
33.0,9.0,10.0,0.1,0.1,0.4,3.0,215.0,0.0,0.0,0.21395348837209302
33.0,9.0,11.0,0.1,0.1,0.4,3.0,217.0,0.0,0.0,0.20276497695852536
33.0,9.0,12.0,0.1,0.1,0.4,3.0,215.0,0.0,0.0,0.21395348837209302
33.0,9.0,13.0,0.1,0.1,0.4,3.0,218.0,0.0,0.0,0.2018348623853211
33.0,9.0,14.0,0.1,0.1,0.4,3.0,203.0,0.0,0.0,0.22660098522167488
33.0,9.0,15.0,0.1,0.1,0.4,3.0,206.0,0.0,0.0,0.21359223300970873
33.0,9.0,16.0,0.1,0.1,0.4,3.0,203.0,0.0,0.0,0.22660098522167488
33.0,9.0,17.0,0.1,0.1,0.4,3.0,206.0,0.0,0.0,0.21359223300970873
33.0,9.0,18.0,0.1,0.1,0.4,3.0,202.0,0.0,0.0,0.22277227722772278
33.0,9.0,19.0,0.1,0.1,0.4,3.0,206.0,0.0,0.0,0.21359223300970873
33.0,9.0,20.0,0.1,0.1,0.4,3.0,347.0,0.0,0.0,0.11527377521613832
33.0,9.0,21.0,0.1,0.1,0.4,3.0,356.0,0.0,0.0,0.11235955056179775
33.0,9.0,22.0,0.1,0.1,0.4,3.0,316.0,0.0,0.0,0.12341772151898735
33.0,9.0,23.0,0.1,0.1,0.4,3.0,315.0,0.0,0.0,0.12063492063492064
33.0,9.0,24.0,0.1,0.1,0.4,3.0,289.0,0.0,0.0,0.1314878892733564
33.0,9.0,25.0,0.1,0.1,0.4,3.0,293.0,0.0,0.0,0.1296928327645051
33.0,9.0,26.0,0.1,0.1,0.4,3.0,266.0,0.0,0.0,0.13909774436090225
33.0,9.0,27.0,0.1,0.1,0.4,3.0,264.0,0.0,0.0,0.14015151515151514
33.0,9.0,28.0,0.1,0.1,0.4,3.0,262.0,0.0,0.0,0.14122137404580154
33.0,9.0,29.0,0.1,0.1,0.4,3.0,264.0,0.0,0.0,0.14015151515151514
33.0,9.0,30.0,0.1,0.1,0.4,3.0,245.0,0.0,0.0,0.14285714285714285
33.0,9.0,31.0,0.1,0.1,0.4,3.0,227.0,0.0,0.0,0.14096916299559473
33.0,9.0,32.0,0.1,0.1,0.4,3.0,213.0,0.0,0.0,0.14553990610328638
33.0,9.0,33.0,0.1,0.1,0.4,3.0,207.0,0.0,0.0,0.1497584541062802
33.0,9.0,34.0,0.1,0.1,0.4,3.0,197.0,0.0,0.0,0.15736040609137056
33.0,9.0,35.0,0.1,0.1,0.4,3.0,184.0,0.0,0.0,0.16847826086956522
33.0,9.0,36.0,0.1,0.1,0.4,3.0,182.0,0.0,0.0,0.17032967032967034
33.0,9.0,37.0,0.1,0.1,0.4,3.0,184.0,0.0,0.0,0.16847826086956522
33.0,9.0,38.0,0.1,0.1,0.4,3.0,182.0,0.0,0.0,0.17032967032967034
33.0,9.0,39.0,0.1,0.1,0.4,3.0,184.0,0.0,0.0,0.16847826086956522
33.0,9.0,40.0,0.1,0.1,0.4,3.0,182.0,0.0,0.0,0.17032967032967034
33.0,9.0,41.0,0.1,0.1,0.4,3.0,182.0,0.0,0.0,0.17032967032967034
33.0,9.0,42.0,0.1,0.1,0.4,3.0,180.0,0.0,0.0,0.17222222222222222
33.0,9.0,43.0,0.1,0.1,0.4,3.0,181.0,0.0,0.0,0.1712707182320442
33.0,9.0,44.0,0.1,0.1,0.4,3.0,179.0,0.0,0.0,0.17318435754189945
33.0,9.0,45.0,0.1,0.1,0.4,3.0,181.0,0.0,0.0,0.2265193370165746
33.0,9.0,46.0,0.1,0.1,0.4,3.0,179.0,0.0,0.0,0.22905027932960895
33.0,9.0,47.0,0.1,0.1,0.4,3.0,181.0,0.0,0.0,0.2265193370165746
33.0,9.0,48.0,0.1,0.1,0.4,3.0,179.0,0.0,0.0,0.22905027932960895
33.0,9.0,49.0,0.1,0.1,0.4,3.0,180.0,0.0,0.0,0.22777777777777777
33.0,9.0,50.0,0.1,0.1,0.4,3.0,179.0,0.0,0.0,0.22905027932960895
33.0,9.0,51.0,0.1,0.1,0.4,3.0,179.0,0.0,0.0,0.22905027932960895
33.0,9.0,52.0,0.1,0.1,0.4,3.0,177.0,0.0,0.0,0.23163841807909605
33.0,10.0,1.0,0.1,0.1,0.4,3.0,179.0,0.0,0.0,0.22905027932960895
33.0,10.0,2.0,0.1,0.1,0.4,3.0,177.0,0.0,0.0,0.23163841807909605
33.0,10.0,3.0,0.1,0.1,0.4,3.0,179.0,0.0,0.0,0.22905027932960895
33.0,10.0,4.0,0.1,0.1,0.4,3.0,177.0,0.0,0.0,0.23163841807909605
33.0,10.0,5.0,0.1,0.1,0.4,3.0,178.0,0.0,0.0,0.2303370786516854
33.0,10.0,6.0,0.1,0.1,0.4,3.0,176.0,0.0,0.0,0.23295454545454544
33.0,10.0,7.0,0.1,0.1,0.4,3.0,178.0,0.0,0.0,0.2303370786516854
33.0,10.0,8.0,0.1,0.1,0.4,3.0,176.0,0.0,0.0,0.23295454545454544
33.0,10.0,9.0,0.1,0.1,0.4,3.0,178.0,0.0,0.0,0.2303370786516854
33.0,10.0,10.0,0.1,0.1,0.4,3.0,176.0,0.0,0.0,0.23295454545454544
33.0,10.0,11.0,0.1,0.1,0.4,3.0,178.0,0.0,0.0,0.2303370786516854
33.0,10.0,12.0,0.1,0.1,0.4,3.0,176.0,0.0,0.0,0.23295454545454544
33.0,10.0,13.0,0.1,0.1,0.4,3.0,178.0,0.0,0.0,0.2303370786516854
33.0,10.0,14.0,0.1,0.1,0.4,3.0,175.0,0.0,0.0,0.2342857142857143
33.0,10.0,15.0,0.1,0.1,0.4,3.0,178.0,0.0,0.0,0.2303370786516854
33.0,10.0,16.0,0.1,0.1,0.4,3.0,175.0,0.0,0.0,0.2342857142857143
33.0,10.0,17.0,0.1,0.1,0.4,3.0,177.0,0.0,0.0,0.23163841807909605
33.0,10.0,18.0,0.1,0.1,0.4,3.0,175.0,0.0,0.0,0.2342857142857143
33.0,10.0,19.0,0.1,0.1,0.4,3.0,178.0,0.0,0.0,0.2303370786516854
33.0,10.0,20.0,0.1,0.1,0.4,3.0,257.0,0.0,0.0,0.1245136186770428
33.0,10.0,21.0,0.1,0.1,0.4,3.0,260.0,0.0,0.0,0.12307692307692308
33.0,10.0,22.0,0.1,0.1,0.4,3.0,248.0,0.0,0.0,0.125
33.0,10.0,23.0,0.1,0.1,0.4,3.0,251.0,0.0,0.0,0.12350597609561753
33.0,10.0,24.0,0.1,0.1,0.4,3.0,240.0,0.0,0.0,0.12916666666666668
33.0,10.0,25.0,0.1,0.1,0.4,3.0,243.0,0.0,0.0,0.12757201646090535
33.0,10.0,26.0,0.1,0.1,0.4,3.0,240.0,0.0,0.0,0.12916666666666668
33.0,10.0,27.0,0.1,0.1,0.4,3.0,243.0,0.0,0.0,0.12757201646090535
33.0,10.0,28.0,0.1,0.1,0.4,3.0,240.0,0.0,0.0,0.12916666666666668
33.0,10.0,29.0,0.1,0.1,0.4,3.0,229.0,0.0,0.0,0.13537117903930132
33.0,10.0,30.0,0.1,0.1,0.4,3.0,225.0,0.0,0.0,0.13777777777777778
33.0,10.0,31.0,0.1,0.1,0.4,3.0,229.0,0.0,0.0,0.13537117903930132
33.0,10.0,32.0,0.1,0.1,0.4,3.0,206.0,0.0,0.0,0.14563106796116504
33.0,10.0,33.0,0.1,0.1,0.4,3.0,210.0,0.0,0.0,0.14285714285714285
33.0,10.0,34.0,0.1,0.1,0.4,3.0,206.0,0.0,0.0,0.14563106796116504
33.0,10.0,35.0,0.1,0.1,0.4,3.0,210.0,0.0,0.0,0.14285714285714285
33.0,10.0,36.0,0.1,0.1,0.4,3.0,206.0,0.0,0.0,0.14563106796116504
33.0,10.0,37.0,0.1,0.1,0.4,3.0,200.0,0.0,0.0,0.15
33.0,10.0,38.0,0.1,0.1,0.4,3.0,175.0,0.0,0.0,0.16
33.0,10.0,39.0,0.1,0.1,0.4,3.0,179.0,0.0,0.0,0.1564245810055866
33.0,10.0,40.0,0.1,0.1,0.4,3.0,175.0,0.0,0.0,0.16
33.0,10.0,41.0,0.1,0.1,0.4,3.0,165.0,0.0,0.0,0.16363636363636364
33.0,10.0,42.0,0.1,0.1,0.4,3.0,162.0,0.0,0.0,0.16666666666666666
33.0,10.0,43.0,0.1,0.1,0.4,3.0,154.0,0.0,0.0,0.17532467532467533
33.0,10.0,44.0,0.1,0.1,0.4,3.0,151.0,0.0,0.0,0.17880794701986755
33.0,10.0,45.0,0.1,0.1,0.4,3.0,154.0,0.0,0.0,0.24675324675324675
33.0,10.0,46.0,0.1,0.1,0.4,3.0,151.0,0.0,0.0,0.24503311258278146
33.0,10.0,47.0,0.1,0.1,0.4,3.0,154.0,0.0,0.0,0.24675324675324675
33.0,10.0,48.0,0.1,0.1,0.4,3.0,151.0,0.0,0.0,0.24503311258278146
33.0,10.0,49.0,0.1,0.1,0.4,3.0,145.0,0.0,0.0,0.2482758620689655
33.0,10.0,50.0,0.1,0.1,0.4,3.0,142.0,0.0,0.0,0.24647887323943662
33.0,10.0,51.0,0.1,0.1,0.4,3.0,141.0,0.0,0.0,0.2553191489361702
33.0,10.0,52.0,0.1,0.1,0.4,3.0,138.0,0.0,0.0,0.2536231884057971
34.0,1.0,1.0,0.1,0.1,0.4,3.0,5064.0,54.0,7.0,0.09458925750394945
34.0,1.0,2.0,0.1,0.1,0.4,3.0,4940.0,57.0,18.0,0.09412955465587045
34.0,1.0,3.0,0.1,0.1,0.4,3.0,4826.0,72.0,33.0,0.09386655615416493
34.0,1.0,4.0,0.1,0.1,0.4,3.0,4731.0,97.0,47.0,0.0963855421686747
34.0,1.0,5.0,0.1,0.1,0.4,3.0,4617.0,134.0,45.0,0.09638293264024259
34.0,1.0,6.0,0.1,0.1,0.4,3.0,4430.0,152.0,44.0,0.09661399548532731
34.0,1.0,7.0,0.1,0.1,0.4,3.0,4179.0,148.0,52.0,0.0973917205072984
34.0,1.0,8.0,0.1,0.1,0.4,3.0,3933.0,177.0,67.0,0.09687261632341723
34.0,1.0,9.0,0.1,0.1,0.4,3.0,3772.0,189.0,78.0,0.09676564156945917
34.0,1.0,10.0,0.1,0.1,0.4,3.0,3586.0,206.0,87.0,0.09537088678192973
34.0,1.0,11.0,0.1,0.1,0.4,3.0,3388.0,216.0,92.0,0.09533648170011806
34.0,1.0,12.0,0.1,0.1,0.4,3.0,3205.0,236.0,98.0,0.09547581903276131
34.0,1.0,13.0,0.1,0.1,0.4,3.0,3115.0,247.0,107.0,0.09695024077046549
34.0,1.0,14.0,0.1,0.1,0.4,3.0,3020.0,253.0,116.0,0.09867549668874172
34.0,1.0,15.0,0.1,0.1,0.4,3.0,2901.0,256.0,116.0,0.09789727680110306
34.0,1.0,16.0,0.1,0.1,0.4,3.0,2817.0,238.0,104.0,0.10152644657436989
34.0,1.0,17.0,0.1,0.1,0.4,3.0,2705.0,228.0,115.0,0.10203327171903882
34.0,1.0,18.0,0.1,0.1,0.4,3.0,2579.0,229.0,116.0,0.10546723536254363
34.0,1.0,19.0,0.1,0.1,0.4,3.0,2472.0,211.0,112.0,0.10558252427184465
34.0,1.0,20.0,0.1,0.1,0.4,3.0,6615.0,200.0,105.0,0.039304610733182165
34.0,1.0,21.0,0.1,0.1,0.4,3.0,6002.0,267.0,86.0,0.039986671109630126
34.0,1.0,22.0,0.1,0.1,0.4,3.0,5446.0,305.0,95.0,0.04223283143591627
34.0,1.0,23.0,0.1,0.1,0.4,3.0,4990.0,345.0,114.0,0.04428857715430862
34.0,1.0,24.0,0.1,0.1,0.4,3.0,4796.0,436.0,152.0,0.04420350291909925
34.0,1.0,25.0,0.1,0.1,0.4,3.0,4450.0,488.0,151.0,0.04449438202247191
34.0,1.0,26.0,0.1,0.1,0.4,3.0,4028.0,509.0,180.0,0.04716981132075472
34.0,1.0,27.0,0.1,0.1,0.4,3.0,3637.0,492.0,208.0,0.05004124278251306
34.0,1.0,28.0,0.1,0.1,0.4,3.0,3309.0,507.0,211.0,0.05349048050770626
34.0,1.0,29.0,0.1,0.1,0.4,3.0,3030.0,468.0,200.0,0.05577557755775578
34.0,1.0,30.0,0.1,0.1,0.4,3.0,2831.0,463.0,197.0,0.058989756269869305
34.0,1.0,31.0,0.1,0.1,0.4,3.0,2595.0,434.0,195.0,0.06088631984585742
34.0,1.0,32.0,0.1,0.1,0.4,3.0,2393.0,384.0,202.0,0.06477225240284162
34.0,1.0,33.0,0.1,0.1,0.4,3.0,2180.0,362.0,178.0,0.06743119266055046
34.0,1.0,34.0,0.1,0.1,0.4,3.0,2066.0,350.0,177.0,0.0701839303000968
34.0,1.0,35.0,0.1,0.1,0.4,3.0,1879.0,299.0,138.0,0.07503991484832358
34.0,1.0,36.0,0.1,0.1,0.4,3.0,1791.0,294.0,146.0,0.07816862088218872
34.0,1.0,37.0,0.1,0.1,0.4,3.0,1693.0,262.0,136.0,0.07974010632014177
34.0,1.0,38.0,0.1,0.1,0.4,3.0,1581.0,238.0,126.0,0.08538899430740038
34.0,1.0,39.0,0.1,0.1,0.4,3.0,1475.0,201.0,110.0,0.08745762711864406
34.0,1.0,40.0,0.1,0.1,0.4,3.0,1369.0,168.0,87.0,0.09569028487947406
34.0,1.0,41.0,0.1,0.1,0.4,3.0,1300.0,163.0,83.0,0.09846153846153846
34.0,1.0,42.0,0.1,0.1,0.4,3.0,1256.0,149.0,78.0,0.09952229299363058
34.0,1.0,43.0,0.1,0.1,0.4,3.0,1159.0,130.0,76.0,0.10612597066436583
34.0,1.0,44.0,0.1,0.1,0.4,3.0,1095.0,112.0,59.0,0.11141552511415526
34.0,1.0,45.0,0.1,0.1,0.4,3.0,1058.0,97.0,54.0,0.18620037807183365
34.0,1.0,46.0,0.1,0.1,0.4,3.0,972.0,85.0,50.0,0.18930041152263374
34.0,1.0,47.0,0.1,0.1,0.4,3.0,936.0,77.0,46.0,0.1955128205128205
34.0,1.0,48.0,0.1,0.1,0.4,3.0,892.0,61.0,32.0,0.19730941704035873
34.0,1.0,49.0,0.1,0.1,0.4,3.0,840.0,54.0,25.0,0.20357142857142857
34.0,1.0,50.0,0.1,0.1,0.4,3.0,823.0,49.0,24.0,0.19927095990279464
34.0,1.0,51.0,0.1,0.1,0.4,3.0,797.0,44.0,26.0,0.20326223337515684
34.0,1.0,52.0,0.1,0.1,0.4,3.0,787.0,39.0,28.0,0.2020330368487929
34.0,2.0,1.0,0.1,0.1,0.4,3.0,762.0,30.0,21.0,0.2073490813648294
34.0,2.0,2.0,0.1,0.1,0.4,3.0,742.0,24.0,14.0,0.20619946091644206
34.0,2.0,3.0,0.1,0.1,0.4,3.0,722.0,19.0,8.0,0.21191135734072022
34.0,2.0,4.0,0.1,0.1,0.4,3.0,717.0,18.0,6.0,0.2105997210599721
34.0,2.0,5.0,0.1,0.1,0.4,3.0,690.0,16.0,8.0,0.21739130434782608
34.0,2.0,6.0,0.1,0.1,0.4,3.0,684.0,14.0,9.0,0.21198830409356725
34.0,2.0,7.0,0.1,0.1,0.4,3.0,671.0,12.0,9.0,0.21758569299552907
34.0,2.0,8.0,0.1,0.1,0.4,3.0,663.0,8.0,6.0,0.21417797888386123
34.0,2.0,9.0,0.1,0.1,0.4,3.0,648.0,6.0,4.0,0.2191358024691358
34.0,2.0,10.0,0.1,0.1,0.4,3.0,654.0,5.0,3.0,0.21712538226299694
34.0,2.0,11.0,0.1,0.1,0.4,3.0,630.0,4.0,1.0,0.22698412698412698
34.0,2.0,12.0,0.1,0.1,0.4,3.0,634.0,3.0,1.0,0.22397476340694006
34.0,2.0,13.0,0.1,0.1,0.4,3.0,621.0,3.0,1.0,0.22383252818035426
34.0,2.0,14.0,0.1,0.1,0.4,3.0,617.0,2.0,2.0,0.2188006482982172
34.0,2.0,15.0,0.1,0.1,0.4,3.0,607.0,1.0,1.0,0.22405271828665568
34.0,2.0,16.0,0.1,0.1,0.4,3.0,612.0,1.0,1.0,0.2222222222222222
34.0,2.0,17.0,0.1,0.1,0.4,3.0,598.0,0.0,0.0,0.22742474916387959
34.0,2.0,18.0,0.1,0.1,0.4,3.0,594.0,0.0,0.0,0.2222222222222222
34.0,2.0,19.0,0.1,0.1,0.4,3.0,585.0,0.0,0.0,0.22905982905982905
34.0,2.0,20.0,0.1,0.1,0.4,3.0,1054.0,0.0,0.0,0.1252371916508539
34.0,2.0,21.0,0.1,0.1,0.4,3.0,1001.0,0.0,0.0,0.12887112887112886
34.0,2.0,22.0,0.1,0.1,0.4,3.0,979.0,0.0,0.0,0.12972420837589377
34.0,2.0,23.0,0.1,0.1,0.4,3.0,923.0,0.0,0.0,0.13759479956663057
34.0,2.0,24.0,0.1,0.1,0.4,3.0,885.0,0.0,0.0,0.1310734463276836
34.0,2.0,25.0,0.1,0.1,0.4,3.0,848.0,0.0,0.0,0.14150943396226415
34.0,2.0,26.0,0.1,0.1,0.4,3.0,807.0,0.0,0.0,0.14002478314745972
34.0,2.0,27.0,0.1,0.1,0.4,3.0,769.0,0.0,0.0,0.1482444733420026
34.0,2.0,28.0,0.1,0.1,0.4,3.0,747.0,0.0,0.0,0.14725568942436412
34.0,2.0,29.0,0.1,0.1,0.4,3.0,733.0,0.0,0.0,0.14870395634379263
34.0,2.0,30.0,0.1,0.1,0.4,3.0,727.0,0.0,0.0,0.14718019257221457
34.0,2.0,31.0,0.1,0.1,0.4,3.0,728.0,0.0,0.0,0.14835164835164835
34.0,2.0,32.0,0.1,0.1,0.4,3.0,691.0,0.0,0.0,0.15050651230101303
34.0,2.0,33.0,0.1,0.1,0.4,3.0,680.0,0.0,0.0,0.15441176470588236
34.0,2.0,34.0,0.1,0.1,0.4,3.0,666.0,0.0,0.0,0.15015015015015015
34.0,2.0,35.0,0.1,0.1,0.4,3.0,646.0,0.0,0.0,0.15479876160990713
34.0,2.0,36.0,0.1,0.1,0.4,3.0,648.0,0.0,0.0,0.14969135802469136
34.0,2.0,37.0,0.1,0.1,0.4,3.0,621.0,0.0,0.0,0.15458937198067632
34.0,2.0,38.0,0.1,0.1,0.4,3.0,629.0,0.0,0.0,0.151033386327504
34.0,2.0,39.0,0.1,0.1,0.4,3.0,605.0,0.0,0.0,0.15702479338842976
34.0,2.0,40.0,0.1,0.1,0.4,3.0,596.0,0.0,0.0,0.15100671140939598
34.0,2.0,41.0,0.1,0.1,0.4,3.0,585.0,0.0,0.0,0.15555555555555556
34.0,2.0,42.0,0.1,0.1,0.4,3.0,578.0,0.0,0.0,0.1522491349480969
34.0,2.0,43.0,0.1,0.1,0.4,3.0,577.0,0.0,0.0,0.15944540727902945
34.0,2.0,44.0,0.1,0.1,0.4,3.0,568.0,0.0,0.0,0.1602112676056338
34.0,2.0,45.0,0.1,0.1,0.4,3.0,529.0,0.0,0.0,0.22684310018903592
34.0,2.0,46.0,0.1,0.1,0.4,3.0,532.0,0.0,0.0,0.22180451127819548
34.0,2.0,47.0,0.1,0.1,0.4,3.0,514.0,0.0,0.0,0.22568093385214008
34.0,2.0,48.0,0.1,0.1,0.4,3.0,513.0,0.0,0.0,0.2202729044834308
34.0,2.0,49.0,0.1,0.1,0.4,3.0,504.0,0.0,0.0,0.22817460317460317
34.0,2.0,50.0,0.1,0.1,0.4,3.0,493.0,0.0,0.0,0.22515212981744423
34.0,2.0,51.0,0.1,0.1,0.4,3.0,485.0,0.0,0.0,0.22474226804123712
34.0,2.0,52.0,0.1,0.1,0.4,3.0,480.0,0.0,0.0,0.21666666666666667
34.0,3.0,1.0,0.1,0.1,0.4,3.0,473.0,0.0,0.0,0.2219873150105708
34.0,3.0,2.0,0.1,0.1,0.4,3.0,473.0,0.0,0.0,0.2135306553911205
34.0,3.0,3.0,0.1,0.1,0.4,3.0,459.0,0.0,0.0,0.22004357298474944
34.0,3.0,4.0,0.1,0.1,0.4,3.0,459.0,0.0,0.0,0.21568627450980393
34.0,3.0,5.0,0.1,0.1,0.4,3.0,455.0,0.0,0.0,0.2175824175824176
34.0,3.0,6.0,0.1,0.1,0.4,3.0,453.0,0.0,0.0,0.2119205298013245
34.0,3.0,7.0,0.1,0.1,0.4,3.0,450.0,0.0,0.0,0.22
34.0,3.0,8.0,0.1,0.1,0.4,3.0,450.0,0.0,0.0,0.21777777777777776
34.0,3.0,9.0,0.1,0.1,0.4,3.0,448.0,0.0,0.0,0.22098214285714285
34.0,3.0,10.0,0.1,0.1,0.4,3.0,445.0,0.0,0.0,0.21797752808988763
34.0,3.0,11.0,0.1,0.1,0.4,3.0,442.0,0.0,0.0,0.2171945701357466
34.0,3.0,12.0,0.1,0.1,0.4,3.0,444.0,0.0,0.0,0.21621621621621623
34.0,3.0,13.0,0.1,0.1,0.4,3.0,440.0,0.0,0.0,0.21363636363636362
34.0,3.0,14.0,0.1,0.1,0.4,3.0,437.0,0.0,0.0,0.21052631578947367
34.0,3.0,15.0,0.1,0.1,0.4,3.0,435.0,0.0,0.0,0.20919540229885059
34.0,3.0,16.0,0.1,0.1,0.4,3.0,435.0,0.0,0.0,0.20689655172413793
34.0,3.0,17.0,0.1,0.1,0.4,3.0,430.0,0.0,0.0,0.20930232558139536
34.0,3.0,18.0,0.1,0.1,0.4,3.0,430.0,0.0,0.0,0.20465116279069767
34.0,3.0,19.0,0.1,0.1,0.4,3.0,425.0,0.0,0.0,0.20470588235294118
34.0,3.0,20.0,0.1,0.1,0.4,3.0,829.0,0.0,0.0,0.1037394451145959
34.0,3.0,21.0,0.1,0.1,0.4,3.0,763.0,0.0,0.0,0.11140235910878113
34.0,3.0,22.0,0.1,0.1,0.4,3.0,709.0,0.0,0.0,0.11424541607898449
34.0,3.0,23.0,0.1,0.1,0.4,3.0,673.0,0.0,0.0,0.11738484398216939
34.0,3.0,24.0,0.1,0.1,0.4,3.0,627.0,0.0,0.0,0.12280701754385964
34.0,3.0,25.0,0.1,0.1,0.4,3.0,616.0,0.0,0.0,0.1266233766233766
34.0,3.0,26.0,0.1,0.1,0.4,3.0,597.0,0.0,0.0,0.12562814070351758
34.0,3.0,27.0,0.1,0.1,0.4,3.0,584.0,0.0,0.0,0.1267123287671233
34.0,3.0,28.0,0.1,0.1,0.4,3.0,570.0,0.0,0.0,0.13157894736842105
34.0,3.0,29.0,0.1,0.1,0.4,3.0,563.0,0.0,0.0,0.13143872113676733
34.0,3.0,30.0,0.1,0.1,0.4,3.0,542.0,0.0,0.0,0.12915129151291513
34.0,3.0,31.0,0.1,0.1,0.4,3.0,527.0,0.0,0.0,0.12903225806451613
34.0,3.0,32.0,0.1,0.1,0.4,3.0,521.0,0.0,0.0,0.12859884836852206
34.0,3.0,33.0,0.1,0.1,0.4,3.0,509.0,0.0,0.0,0.13163064833005894
34.0,3.0,34.0,0.1,0.1,0.4,3.0,512.0,0.0,0.0,0.130859375
34.0,3.0,35.0,0.1,0.1,0.4,3.0,494.0,0.0,0.0,0.12955465587044535
34.0,3.0,36.0,0.1,0.1,0.4,3.0,489.0,0.0,0.0,0.130879345603272
34.0,3.0,37.0,0.1,0.1,0.4,3.0,484.0,0.0,0.0,0.13636363636363635
34.0,3.0,38.0,0.1,0.1,0.4,3.0,465.0,0.0,0.0,0.13763440860215054
34.0,3.0,39.0,0.1,0.1,0.4,3.0,465.0,0.0,0.0,0.13978494623655913
34.0,3.0,40.0,0.1,0.1,0.4,3.0,455.0,0.0,0.0,0.13406593406593406
34.0,3.0,41.0,0.1,0.1,0.4,3.0,454.0,0.0,0.0,0.13876651982378854
34.0,3.0,42.0,0.1,0.1,0.4,3.0,440.0,0.0,0.0,0.1409090909090909
34.0,3.0,43.0,0.1,0.1,0.4,3.0,424.0,0.0,0.0,0.14386792452830188
34.0,3.0,44.0,0.1,0.1,0.4,3.0,421.0,0.0,0.0,0.14251781472684086
34.0,3.0,45.0,0.1,0.1,0.4,3.0,422.0,0.0,0.0,0.23222748815165878
34.0,3.0,46.0,0.1,0.1,0.4,3.0,420.0,0.0,0.0,0.23095238095238096
34.0,3.0,47.0,0.1,0.1,0.4,3.0,418.0,0.0,0.0,0.23205741626794257
34.0,3.0,48.0,0.1,0.1,0.4,3.0,399.0,0.0,0.0,0.23308270676691728
34.0,3.0,49.0,0.1,0.1,0.4,3.0,391.0,0.0,0.0,0.23273657289002558
34.0,3.0,50.0,0.1,0.1,0.4,3.0,359.0,0.0,0.0,0.24512534818941503
34.0,3.0,51.0,0.1,0.1,0.4,3.0,371.0,0.0,0.0,0.24528301886792453
34.0,3.0,52.0,0.1,0.1,0.4,3.0,364.0,0.0,0.0,0.23901098901098902
34.0,4.0,1.0,0.1,0.1,0.4,3.0,353.0,0.0,0.0,0.2521246458923513
34.0,4.0,2.0,0.1,0.1,0.4,3.0,346.0,0.0,0.0,0.24855491329479767
34.0,4.0,3.0,0.1,0.1,0.4,3.0,350.0,0.0,0.0,0.24857142857142858
34.0,4.0,4.0,0.1,0.1,0.4,3.0,327.0,0.0,0.0,0.25076452599388377
34.0,4.0,5.0,0.1,0.1,0.4,3.0,332.0,0.0,0.0,0.25
34.0,4.0,6.0,0.1,0.1,0.4,3.0,326.0,0.0,0.0,0.24846625766871167
34.0,4.0,7.0,0.1,0.1,0.4,3.0,326.0,0.0,0.0,0.24539877300613497
34.0,4.0,8.0,0.1,0.1,0.4,3.0,322.0,0.0,0.0,0.2484472049689441
34.0,4.0,9.0,0.1,0.1,0.4,3.0,327.0,0.0,0.0,0.24770642201834864
34.0,4.0,10.0,0.1,0.1,0.4,3.0,320.0,0.0,0.0,0.246875
34.0,4.0,11.0,0.1,0.1,0.4,3.0,326.0,0.0,0.0,0.24846625766871167
34.0,4.0,12.0,0.1,0.1,0.4,3.0,318.0,0.0,0.0,0.24528301886792453
34.0,4.0,13.0,0.1,0.1,0.4,3.0,324.0,0.0,0.0,0.24691358024691357
34.0,4.0,14.0,0.1,0.1,0.4,3.0,315.0,0.0,0.0,0.24444444444444444
34.0,4.0,15.0,0.1,0.1,0.4,3.0,319.0,0.0,0.0,0.2445141065830721
34.0,4.0,16.0,0.1,0.1,0.4,3.0,312.0,0.0,0.0,0.24358974358974358
34.0,4.0,17.0,0.1,0.1,0.4,3.0,318.0,0.0,0.0,0.24528301886792453
34.0,4.0,18.0,0.1,0.1,0.4,3.0,311.0,0.0,0.0,0.24115755627009647
34.0,4.0,19.0,0.1,0.1,0.4,3.0,315.0,0.0,0.0,0.24126984126984127
34.0,4.0,20.0,0.1,0.1,0.4,3.0,621.0,0.0,0.0,0.11916264090177134
34.0,4.0,21.0,0.1,0.1,0.4,3.0,600.0,0.0,0.0,0.12333333333333334
34.0,4.0,22.0,0.1,0.1,0.4,3.0,591.0,0.0,0.0,0.12351945854483926
34.0,4.0,23.0,0.1,0.1,0.4,3.0,578.0,0.0,0.0,0.1245674740484429
34.0,4.0,24.0,0.1,0.1,0.4,3.0,573.0,0.0,0.0,0.12216404886561955
34.0,4.0,25.0,0.1,0.1,0.4,3.0,553.0,0.0,0.0,0.12658227848101267
34.0,4.0,26.0,0.1,0.1,0.4,3.0,532.0,0.0,0.0,0.12969924812030076
34.0,4.0,27.0,0.1,0.1,0.4,3.0,520.0,0.0,0.0,0.13076923076923078
34.0,4.0,28.0,0.1,0.1,0.4,3.0,528.0,0.0,0.0,0.12878787878787878
34.0,4.0,29.0,0.1,0.1,0.4,3.0,502.0,0.0,0.0,0.13147410358565736
34.0,4.0,30.0,0.1,0.1,0.4,3.0,472.0,0.0,0.0,0.13135593220338984
34.0,4.0,31.0,0.1,0.1,0.4,3.0,459.0,0.0,0.0,0.13507625272331156
34.0,4.0,32.0,0.1,0.1,0.4,3.0,448.0,0.0,0.0,0.13169642857142858
34.0,4.0,33.0,0.1,0.1,0.4,3.0,413.0,0.0,0.0,0.13801452784503632
34.0,4.0,34.0,0.1,0.1,0.4,3.0,399.0,0.0,0.0,0.14035087719298245
34.0,4.0,35.0,0.1,0.1,0.4,3.0,392.0,0.0,0.0,0.14285714285714285
34.0,4.0,36.0,0.1,0.1,0.4,3.0,399.0,0.0,0.0,0.14035087719298245
34.0,4.0,37.0,0.1,0.1,0.4,3.0,391.0,0.0,0.0,0.1432225063938619
34.0,4.0,38.0,0.1,0.1,0.4,3.0,395.0,0.0,0.0,0.13924050632911392
34.0,4.0,39.0,0.1,0.1,0.4,3.0,390.0,0.0,0.0,0.14102564102564102
34.0,4.0,40.0,0.1,0.1,0.4,3.0,393.0,0.0,0.0,0.13740458015267176
34.0,4.0,41.0,0.1,0.1,0.4,3.0,385.0,0.0,0.0,0.13766233766233765
34.0,4.0,42.0,0.1,0.1,0.4,3.0,374.0,0.0,0.0,0.13101604278074866
34.0,4.0,43.0,0.1,0.1,0.4,3.0,370.0,0.0,0.0,0.13783783783783785
34.0,4.0,44.0,0.1,0.1,0.4,3.0,370.0,0.0,0.0,0.13513513513513514
34.0,4.0,45.0,0.1,0.1,0.4,3.0,349.0,0.0,0.0,0.19197707736389685
34.0,4.0,46.0,0.1,0.1,0.4,3.0,350.0,0.0,0.0,0.18571428571428572
34.0,4.0,47.0,0.1,0.1,0.4,3.0,345.0,0.0,0.0,0.18840579710144928
34.0,4.0,48.0,0.1,0.1,0.4,3.0,347.0,0.0,0.0,0.1873198847262248
34.0,4.0,49.0,0.1,0.1,0.4,3.0,337.0,0.0,0.0,0.18694362017804153
34.0,4.0,50.0,0.1,0.1,0.4,3.0,342.0,0.0,0.0,0.18421052631578946
34.0,4.0,51.0,0.1,0.1,0.4,3.0,333.0,0.0,0.0,0.1891891891891892
34.0,4.0,52.0,0.1,0.1,0.4,3.0,340.0,0.0,0.0,0.18529411764705883
34.0,5.0,1.0,0.1,0.1,0.4,3.0,332.0,0.0,0.0,0.1897590361445783
34.0,5.0,2.0,0.1,0.1,0.4,3.0,336.0,0.0,0.0,0.18452380952380953
34.0,5.0,3.0,0.1,0.1,0.4,3.0,326.0,0.0,0.0,0.18711656441717792
34.0,5.0,4.0,0.1,0.1,0.4,3.0,328.0,0.0,0.0,0.18597560975609756
34.0,5.0,5.0,0.1,0.1,0.4,3.0,318.0,0.0,0.0,0.18867924528301888
34.0,5.0,6.0,0.1,0.1,0.4,3.0,320.0,0.0,0.0,0.184375
34.0,5.0,7.0,0.1,0.1,0.4,3.0,314.0,0.0,0.0,0.1910828025477707
34.0,5.0,8.0,0.1,0.1,0.4,3.0,319.0,0.0,0.0,0.18495297805642633
34.0,5.0,9.0,0.1,0.1,0.4,3.0,305.0,0.0,0.0,0.1901639344262295
34.0,5.0,10.0,0.1,0.1,0.4,3.0,311.0,0.0,0.0,0.1864951768488746
34.0,5.0,11.0,0.1,0.1,0.4,3.0,303.0,0.0,0.0,0.19141914191419143
34.0,5.0,12.0,0.1,0.1,0.4,3.0,310.0,0.0,0.0,0.18387096774193548
34.0,5.0,13.0,0.1,0.1,0.4,3.0,301.0,0.0,0.0,0.18604651162790697
34.0,5.0,14.0,0.1,0.1,0.4,3.0,305.0,0.0,0.0,0.18032786885245902
34.0,5.0,15.0,0.1,0.1,0.4,3.0,290.0,0.0,0.0,0.18620689655172415
34.0,5.0,16.0,0.1,0.1,0.4,3.0,289.0,0.0,0.0,0.17993079584775087
34.0,5.0,17.0,0.1,0.1,0.4,3.0,282.0,0.0,0.0,0.18439716312056736
34.0,5.0,18.0,0.1,0.1,0.4,3.0,288.0,0.0,0.0,0.17708333333333334
34.0,5.0,19.0,0.1,0.1,0.4,3.0,279.0,0.0,0.0,0.1827956989247312
34.0,5.0,20.0,0.1,0.1,0.4,3.0,498.0,0.0,0.0,0.10040160642570281
34.0,5.0,21.0,0.1,0.1,0.4,3.0,491.0,0.0,0.0,0.10386965376782077
34.0,5.0,22.0,0.1,0.1,0.4,3.0,499.0,0.0,0.0,0.10220440881763528
34.0,5.0,23.0,0.1,0.1,0.4,3.0,490.0,0.0,0.0,0.10408163265306122
34.0,5.0,24.0,0.1,0.1,0.4,3.0,468.0,0.0,0.0,0.10042735042735043
34.0,5.0,25.0,0.1,0.1,0.4,3.0,420.0,0.0,0.0,0.10952380952380952
34.0,5.0,26.0,0.1,0.1,0.4,3.0,403.0,0.0,0.0,0.10918114143920596
34.0,5.0,27.0,0.1,0.1,0.4,3.0,390.0,0.0,0.0,0.1076923076923077
34.0,5.0,28.0,0.1,0.1,0.4,3.0,401.0,0.0,0.0,0.10473815461346633
34.0,5.0,29.0,0.1,0.1,0.4,3.0,368.0,0.0,0.0,0.10869565217391304
34.0,5.0,30.0,0.1,0.1,0.4,3.0,380.0,0.0,0.0,0.10789473684210527
34.0,5.0,31.0,0.1,0.1,0.4,3.0,369.0,0.0,0.0,0.10569105691056911
34.0,5.0,32.0,0.1,0.1,0.4,3.0,376.0,0.0,0.0,0.10372340425531915
34.0,5.0,33.0,0.1,0.1,0.4,3.0,369.0,0.0,0.0,0.10569105691056911
34.0,5.0,34.0,0.1,0.1,0.4,3.0,375.0,0.0,0.0,0.104
34.0,5.0,35.0,0.1,0.1,0.4,3.0,360.0,0.0,0.0,0.10833333333333334
34.0,5.0,36.0,0.1,0.1,0.4,3.0,357.0,0.0,0.0,0.10644257703081232
34.0,5.0,37.0,0.1,0.1,0.4,3.0,334.0,0.0,0.0,0.11077844311377245
34.0,5.0,38.0,0.1,0.1,0.4,3.0,340.0,0.0,0.0,0.10882352941176471
34.0,5.0,39.0,0.1,0.1,0.4,3.0,334.0,0.0,0.0,0.11077844311377245
34.0,5.0,40.0,0.1,0.1,0.4,3.0,341.0,0.0,0.0,0.10850439882697947
34.0,5.0,41.0,0.1,0.1,0.4,3.0,320.0,0.0,0.0,0.10625
34.0,5.0,42.0,0.1,0.1,0.4,3.0,325.0,0.0,0.0,0.11076923076923077
34.0,5.0,43.0,0.1,0.1,0.4,3.0,317.0,0.0,0.0,0.10725552050473186
34.0,5.0,44.0,0.1,0.1,0.4,3.0,324.0,0.0,0.0,0.1111111111111111
34.0,5.0,45.0,0.1,0.1,0.4,3.0,314.0,0.0,0.0,0.17197452229299362
34.0,5.0,46.0,0.1,0.1,0.4,3.0,323.0,0.0,0.0,0.17956656346749225
34.0,5.0,47.0,0.1,0.1,0.4,3.0,312.0,0.0,0.0,0.17307692307692307
34.0,5.0,48.0,0.1,0.1,0.4,3.0,320.0,0.0,0.0,0.18125
34.0,5.0,49.0,0.1,0.1,0.4,3.0,315.0,0.0,0.0,0.1746031746031746
34.0,5.0,50.0,0.1,0.1,0.4,3.0,317.0,0.0,0.0,0.1829652996845426
34.0,5.0,51.0,0.1,0.1,0.4,3.0,310.0,0.0,0.0,0.1774193548387097
34.0,5.0,52.0,0.1,0.1,0.4,3.0,316.0,0.0,0.0,0.18037974683544303
34.0,6.0,1.0,0.1,0.1,0.4,3.0,311.0,0.0,0.0,0.17363344051446947
34.0,6.0,2.0,0.1,0.1,0.4,3.0,315.0,0.0,0.0,0.18095238095238095
34.0,6.0,3.0,0.1,0.1,0.4,3.0,310.0,0.0,0.0,0.17419354838709677
34.0,6.0,4.0,0.1,0.1,0.4,3.0,307.0,0.0,0.0,0.1791530944625407
34.0,6.0,5.0,0.1,0.1,0.4,3.0,301.0,0.0,0.0,0.17275747508305647
34.0,6.0,6.0,0.1,0.1,0.4,3.0,301.0,0.0,0.0,0.17275747508305647
34.0,6.0,7.0,0.1,0.1,0.4,3.0,298.0,0.0,0.0,0.17114093959731544
34.0,6.0,8.0,0.1,0.1,0.4,3.0,298.0,0.0,0.0,0.174496644295302
34.0,6.0,9.0,0.1,0.1,0.4,3.0,297.0,0.0,0.0,0.16835016835016836
34.0,6.0,10.0,0.1,0.1,0.4,3.0,298.0,0.0,0.0,0.174496644295302
34.0,6.0,11.0,0.1,0.1,0.4,3.0,296.0,0.0,0.0,0.16554054054054054
34.0,6.0,12.0,0.1,0.1,0.4,3.0,298.0,0.0,0.0,0.16778523489932887
34.0,6.0,13.0,0.1,0.1,0.4,3.0,295.0,0.0,0.0,0.16610169491525423
34.0,6.0,14.0,0.1,0.1,0.4,3.0,297.0,0.0,0.0,0.16835016835016836
34.0,6.0,15.0,0.1,0.1,0.4,3.0,295.0,0.0,0.0,0.16271186440677965
34.0,6.0,16.0,0.1,0.1,0.4,3.0,298.0,0.0,0.0,0.16778523489932887
34.0,6.0,17.0,0.1,0.1,0.4,3.0,294.0,0.0,0.0,0.16326530612244897
34.0,6.0,18.0,0.1,0.1,0.4,3.0,296.0,0.0,0.0,0.16891891891891891
34.0,6.0,19.0,0.1,0.1,0.4,3.0,294.0,0.0,0.0,0.16326530612244897
34.0,6.0,20.0,0.1,0.1,0.4,3.0,556.0,0.0,0.0,0.08992805755395683
34.0,6.0,21.0,0.1,0.1,0.4,3.0,518.0,0.0,0.0,0.09266409266409266
34.0,6.0,22.0,0.1,0.1,0.4,3.0,539.0,0.0,0.0,0.09090909090909091
34.0,6.0,23.0,0.1,0.1,0.4,3.0,519.0,0.0,0.0,0.0905587668593449
34.0,6.0,24.0,0.1,0.1,0.4,3.0,514.0,0.0,0.0,0.09533073929961089
34.0,6.0,25.0,0.1,0.1,0.4,3.0,491.0,0.0,0.0,0.09572301425661914
34.0,6.0,26.0,0.1,0.1,0.4,3.0,506.0,0.0,0.0,0.09683794466403162
34.0,6.0,27.0,0.1,0.1,0.4,3.0,461.0,0.0,0.0,0.1019522776572668
34.0,6.0,28.0,0.1,0.1,0.4,3.0,474.0,0.0,0.0,0.10126582278481013
34.0,6.0,29.0,0.1,0.1,0.4,3.0,443.0,0.0,0.0,0.1038374717832957
34.0,6.0,30.0,0.1,0.1,0.4,3.0,466.0,0.0,0.0,0.10300429184549356
34.0,6.0,31.0,0.1,0.1,0.4,3.0,444.0,0.0,0.0,0.1036036036036036
34.0,6.0,32.0,0.1,0.1,0.4,3.0,460.0,0.0,0.0,0.10217391304347827
34.0,6.0,33.0,0.1,0.1,0.4,3.0,440.0,0.0,0.0,0.10454545454545454
34.0,6.0,34.0,0.1,0.1,0.4,3.0,449.0,0.0,0.0,0.10022271714922049
34.0,6.0,35.0,0.1,0.1,0.4,3.0,409.0,0.0,0.0,0.10268948655256724
34.0,6.0,36.0,0.1,0.1,0.4,3.0,430.0,0.0,0.0,0.1
34.0,6.0,37.0,0.1,0.1,0.4,3.0,419.0,0.0,0.0,0.10023866348448687
34.0,6.0,38.0,0.1,0.1,0.4,3.0,420.0,0.0,0.0,0.1
34.0,6.0,39.0,0.1,0.1,0.4,3.0,409.0,0.0,0.0,0.10024449877750612
34.0,6.0,40.0,0.1,0.1,0.4,3.0,408.0,0.0,0.0,0.09803921568627451
34.0,6.0,41.0,0.1,0.1,0.4,3.0,381.0,0.0,0.0,0.10236220472440945
34.0,6.0,42.0,0.1,0.1,0.4,3.0,376.0,0.0,0.0,0.10372340425531915
34.0,6.0,43.0,0.1,0.1,0.4,3.0,374.0,0.0,0.0,0.10427807486631016
34.0,6.0,44.0,0.1,0.1,0.4,3.0,370.0,0.0,0.0,0.10270270270270271
34.0,6.0,45.0,0.1,0.1,0.4,3.0,362.0,0.0,0.0,0.17679558011049723
34.0,6.0,46.0,0.1,0.1,0.4,3.0,354.0,0.0,0.0,0.1807909604519774
34.0,6.0,47.0,0.1,0.1,0.4,3.0,333.0,0.0,0.0,0.18018018018018017
34.0,6.0,48.0,0.1,0.1,0.4,3.0,326.0,0.0,0.0,0.18404907975460122
34.0,6.0,49.0,0.1,0.1,0.4,3.0,319.0,0.0,0.0,0.18181818181818182
34.0,6.0,50.0,0.1,0.1,0.4,3.0,319.0,0.0,0.0,0.18808777429467086
34.0,6.0,51.0,0.1,0.1,0.4,3.0,311.0,0.0,0.0,0.1832797427652733
34.0,6.0,52.0,0.1,0.1,0.4,3.0,315.0,0.0,0.0,0.1873015873015873
34.0,7.0,1.0,0.1,0.1,0.4,3.0,313.0,0.0,0.0,0.17891373801916932
34.0,7.0,2.0,0.1,0.1,0.4,3.0,305.0,0.0,0.0,0.18688524590163935
34.0,7.0,3.0,0.1,0.1,0.4,3.0,300.0,0.0,0.0,0.18333333333333332
34.0,7.0,4.0,0.1,0.1,0.4,3.0,300.0,0.0,0.0,0.18666666666666668
34.0,7.0,5.0,0.1,0.1,0.4,3.0,297.0,0.0,0.0,0.18181818181818182
34.0,7.0,6.0,0.1,0.1,0.4,3.0,297.0,0.0,0.0,0.18855218855218855
34.0,7.0,7.0,0.1,0.1,0.4,3.0,294.0,0.0,0.0,0.1836734693877551
34.0,7.0,8.0,0.1,0.1,0.4,3.0,295.0,0.0,0.0,0.18983050847457628
34.0,7.0,9.0,0.1,0.1,0.4,3.0,294.0,0.0,0.0,0.1836734693877551
34.0,7.0,10.0,0.1,0.1,0.4,3.0,295.0,0.0,0.0,0.18983050847457628
34.0,7.0,11.0,0.1,0.1,0.4,3.0,294.0,0.0,0.0,0.1836734693877551
34.0,7.0,12.0,0.1,0.1,0.4,3.0,295.0,0.0,0.0,0.18983050847457628
34.0,7.0,13.0,0.1,0.1,0.4,3.0,293.0,0.0,0.0,0.18430034129692832
34.0,7.0,14.0,0.1,0.1,0.4,3.0,294.0,0.0,0.0,0.19047619047619047
34.0,7.0,15.0,0.1,0.1,0.4,3.0,292.0,0.0,0.0,0.18493150684931506
34.0,7.0,16.0,0.1,0.1,0.4,3.0,294.0,0.0,0.0,0.19047619047619047
34.0,7.0,17.0,0.1,0.1,0.4,3.0,291.0,0.0,0.0,0.18213058419243985
34.0,7.0,18.0,0.1,0.1,0.4,3.0,292.0,0.0,0.0,0.18835616438356165
34.0,7.0,19.0,0.1,0.1,0.4,3.0,289.0,0.0,0.0,0.18339100346020762
34.0,7.0,20.0,0.1,0.1,0.4,3.0,594.0,0.0,0.0,0.09259259259259259
34.0,7.0,21.0,0.1,0.1,0.4,3.0,570.0,0.0,0.0,0.0912280701754386
34.0,7.0,22.0,0.1,0.1,0.4,3.0,557.0,0.0,0.0,0.08797127468581688
34.0,7.0,23.0,0.1,0.1,0.4,3.0,513.0,0.0,0.0,0.08966861598440545
34.0,7.0,24.0,0.1,0.1,0.4,3.0,499.0,0.0,0.0,0.09218436873747494
34.0,7.0,25.0,0.1,0.1,0.4,3.0,424.0,0.0,0.0,0.09433962264150944
34.0,7.0,26.0,0.1,0.1,0.4,3.0,430.0,0.0,0.0,0.09767441860465116
34.0,7.0,27.0,0.1,0.1,0.4,3.0,415.0,0.0,0.0,0.0963855421686747
34.0,7.0,28.0,0.1,0.1,0.4,3.0,420.0,0.0,0.0,0.1
34.0,7.0,29.0,0.1,0.1,0.4,3.0,414.0,0.0,0.0,0.0966183574879227
34.0,7.0,30.0,0.1,0.1,0.4,3.0,419.0,0.0,0.0,0.09785202863961814
34.0,7.0,31.0,0.1,0.1,0.4,3.0,405.0,0.0,0.0,0.09382716049382717
34.0,7.0,32.0,0.1,0.1,0.4,3.0,403.0,0.0,0.0,0.09925558312655088
34.0,7.0,33.0,0.1,0.1,0.4,3.0,380.0,0.0,0.0,0.1
34.0,7.0,34.0,0.1,0.1,0.4,3.0,378.0,0.0,0.0,0.10317460317460317
34.0,7.0,35.0,0.1,0.1,0.4,3.0,372.0,0.0,0.0,0.09946236559139784
34.0,7.0,36.0,0.1,0.1,0.4,3.0,378.0,0.0,0.0,0.10317460317460317
34.0,7.0,37.0,0.1,0.1,0.4,3.0,372.0,0.0,0.0,0.09946236559139784
34.0,7.0,38.0,0.1,0.1,0.4,3.0,358.0,0.0,0.0,0.10893854748603352
34.0,7.0,39.0,0.1,0.1,0.4,3.0,352.0,0.0,0.0,0.10511363636363637
34.0,7.0,40.0,0.1,0.1,0.4,3.0,357.0,0.0,0.0,0.1092436974789916
34.0,7.0,41.0,0.1,0.1,0.4,3.0,340.0,0.0,0.0,0.10882352941176471
34.0,7.0,42.0,0.1,0.1,0.4,3.0,345.0,0.0,0.0,0.1072463768115942
34.0,7.0,43.0,0.1,0.1,0.4,3.0,337.0,0.0,0.0,0.10682492581602374
34.0,7.0,44.0,0.1,0.1,0.4,3.0,343.0,0.0,0.0,0.10787172011661808
34.0,7.0,45.0,0.1,0.1,0.4,3.0,327.0,0.0,0.0,0.18042813455657492
34.0,7.0,46.0,0.1,0.1,0.4,3.0,334.0,0.0,0.0,0.17664670658682635
34.0,7.0,47.0,0.1,0.1,0.4,3.0,318.0,0.0,0.0,0.18238993710691823
34.0,7.0,48.0,0.1,0.1,0.4,3.0,316.0,0.0,0.0,0.18354430379746836
34.0,7.0,49.0,0.1,0.1,0.4,3.0,309.0,0.0,0.0,0.18770226537216828
34.0,7.0,50.0,0.1,0.1,0.4,3.0,316.0,0.0,0.0,0.18354430379746836
34.0,7.0,51.0,0.1,0.1,0.4,3.0,313.0,0.0,0.0,0.1853035143769968
34.0,7.0,52.0,0.1,0.1,0.4,3.0,316.0,0.0,0.0,0.18354430379746836
34.0,8.0,1.0,0.1,0.1,0.4,3.0,313.0,0.0,0.0,0.1853035143769968
34.0,8.0,2.0,0.1,0.1,0.4,3.0,316.0,0.0,0.0,0.18354430379746836
34.0,8.0,3.0,0.1,0.1,0.4,3.0,296.0,0.0,0.0,0.19256756756756757
34.0,8.0,4.0,0.1,0.1,0.4,3.0,298.0,0.0,0.0,0.1912751677852349
34.0,8.0,5.0,0.1,0.1,0.4,3.0,287.0,0.0,0.0,0.1951219512195122
34.0,8.0,6.0,0.1,0.1,0.4,3.0,290.0,0.0,0.0,0.19310344827586207
34.0,8.0,7.0,0.1,0.1,0.4,3.0,287.0,0.0,0.0,0.1951219512195122
34.0,8.0,8.0,0.1,0.1,0.4,3.0,290.0,0.0,0.0,0.19310344827586207
34.0,8.0,9.0,0.1,0.1,0.4,3.0,287.0,0.0,0.0,0.1951219512195122
34.0,8.0,10.0,0.1,0.1,0.4,3.0,290.0,0.0,0.0,0.19310344827586207
34.0,8.0,11.0,0.1,0.1,0.4,3.0,286.0,0.0,0.0,0.1958041958041958
34.0,8.0,12.0,0.1,0.1,0.4,3.0,290.0,0.0,0.0,0.19310344827586207
34.0,8.0,13.0,0.1,0.1,0.4,3.0,286.0,0.0,0.0,0.1958041958041958
34.0,8.0,14.0,0.1,0.1,0.4,3.0,290.0,0.0,0.0,0.19310344827586207
34.0,8.0,15.0,0.1,0.1,0.4,3.0,287.0,0.0,0.0,0.1951219512195122
34.0,8.0,16.0,0.1,0.1,0.4,3.0,291.0,0.0,0.0,0.19243986254295534
34.0,8.0,17.0,0.1,0.1,0.4,3.0,288.0,0.0,0.0,0.19444444444444445
34.0,8.0,18.0,0.1,0.1,0.4,3.0,281.0,0.0,0.0,0.19572953736654805
34.0,8.0,19.0,0.1,0.1,0.4,3.0,278.0,0.0,0.0,0.19784172661870503
34.0,8.0,20.0,0.1,0.1,0.4,3.0,487.0,0.0,0.0,0.11293634496919917
34.0,8.0,21.0,0.1,0.1,0.4,3.0,467.0,0.0,0.0,0.11563169164882227
34.0,8.0,22.0,0.1,0.1,0.4,3.0,428.0,0.0,0.0,0.1261682242990654
34.0,8.0,23.0,0.1,0.1,0.4,3.0,397.0,0.0,0.0,0.1309823677581864
34.0,8.0,24.0,0.1,0.1,0.4,3.0,392.0,0.0,0.0,0.1326530612244898
34.0,8.0,25.0,0.1,0.1,0.4,3.0,386.0,0.0,0.0,0.13471502590673576
34.0,8.0,26.0,0.1,0.1,0.4,3.0,385.0,0.0,0.0,0.13506493506493505
34.0,8.0,27.0,0.1,0.1,0.4,3.0,368.0,0.0,0.0,0.1358695652173913
34.0,8.0,28.0,0.1,0.1,0.4,3.0,365.0,0.0,0.0,0.13424657534246576
34.0,8.0,29.0,0.1,0.1,0.4,3.0,358.0,0.0,0.0,0.13687150837988826
34.0,8.0,30.0,0.1,0.1,0.4,3.0,365.0,0.0,0.0,0.13424657534246576
34.0,8.0,31.0,0.1,0.1,0.4,3.0,333.0,0.0,0.0,0.14414414414414414
34.0,8.0,32.0,0.1,0.1,0.4,3.0,340.0,0.0,0.0,0.1411764705882353
34.0,8.0,33.0,0.1,0.1,0.4,3.0,333.0,0.0,0.0,0.14414414414414414
34.0,8.0,34.0,0.1,0.1,0.4,3.0,340.0,0.0,0.0,0.1411764705882353
34.0,8.0,35.0,0.1,0.1,0.4,3.0,324.0,0.0,0.0,0.14506172839506173
34.0,8.0,36.0,0.1,0.1,0.4,3.0,331.0,0.0,0.0,0.1419939577039275
34.0,8.0,37.0,0.1,0.1,0.4,3.0,324.0,0.0,0.0,0.14506172839506173
34.0,8.0,38.0,0.1,0.1,0.4,3.0,331.0,0.0,0.0,0.1419939577039275
34.0,8.0,39.0,0.1,0.1,0.4,3.0,314.0,0.0,0.0,0.1464968152866242
34.0,8.0,40.0,0.1,0.1,0.4,3.0,321.0,0.0,0.0,0.14330218068535824
34.0,8.0,41.0,0.1,0.1,0.4,3.0,301.0,0.0,0.0,0.14950166112956811
34.0,8.0,42.0,0.1,0.1,0.4,3.0,307.0,0.0,0.0,0.1465798045602606
34.0,8.0,43.0,0.1,0.1,0.4,3.0,291.0,0.0,0.0,0.15463917525773196
34.0,8.0,44.0,0.1,0.1,0.4,3.0,294.0,0.0,0.0,0.15306122448979592
34.0,8.0,45.0,0.1,0.1,0.4,3.0,287.0,0.0,0.0,0.21602787456445993
34.0,8.0,46.0,0.1,0.1,0.4,3.0,292.0,0.0,0.0,0.21232876712328766
34.0,8.0,47.0,0.1,0.1,0.4,3.0,269.0,0.0,0.0,0.22676579925650558
34.0,8.0,48.0,0.1,0.1,0.4,3.0,276.0,0.0,0.0,0.2210144927536232
34.0,8.0,49.0,0.1,0.1,0.4,3.0,259.0,0.0,0.0,0.23166023166023167
34.0,8.0,50.0,0.1,0.1,0.4,3.0,263.0,0.0,0.0,0.22813688212927757
34.0,8.0,51.0,0.1,0.1,0.4,3.0,257.0,0.0,0.0,0.22957198443579765
34.0,8.0,52.0,0.1,0.1,0.4,3.0,260.0,0.0,0.0,0.22692307692307692
34.0,9.0,1.0,0.1,0.1,0.4,3.0,253.0,0.0,0.0,0.233201581027668
34.0,9.0,2.0,0.1,0.1,0.4,3.0,258.0,0.0,0.0,0.22868217054263565
34.0,9.0,3.0,0.1,0.1,0.4,3.0,252.0,0.0,0.0,0.23412698412698413
34.0,9.0,4.0,0.1,0.1,0.4,3.0,257.0,0.0,0.0,0.22957198443579765
34.0,9.0,5.0,0.1,0.1,0.4,3.0,251.0,0.0,0.0,0.2350597609561753
34.0,9.0,6.0,0.1,0.1,0.4,3.0,256.0,0.0,0.0,0.23046875
34.0,9.0,7.0,0.1,0.1,0.4,3.0,251.0,0.0,0.0,0.2350597609561753
34.0,9.0,8.0,0.1,0.1,0.4,3.0,255.0,0.0,0.0,0.23137254901960785
34.0,9.0,9.0,0.1,0.1,0.4,3.0,249.0,0.0,0.0,0.23694779116465864
34.0,9.0,10.0,0.1,0.1,0.4,3.0,254.0,0.0,0.0,0.23228346456692914
34.0,9.0,11.0,0.1,0.1,0.4,3.0,249.0,0.0,0.0,0.23694779116465864
34.0,9.0,12.0,0.1,0.1,0.4,3.0,254.0,0.0,0.0,0.23228346456692914
34.0,9.0,13.0,0.1,0.1,0.4,3.0,249.0,0.0,0.0,0.23694779116465864
34.0,9.0,14.0,0.1,0.1,0.4,3.0,254.0,0.0,0.0,0.23228346456692914
34.0,9.0,15.0,0.1,0.1,0.4,3.0,248.0,0.0,0.0,0.23790322580645162
34.0,9.0,16.0,0.1,0.1,0.4,3.0,253.0,0.0,0.0,0.233201581027668
34.0,9.0,17.0,0.1,0.1,0.4,3.0,248.0,0.0,0.0,0.23790322580645162
34.0,9.0,18.0,0.1,0.1,0.4,3.0,253.0,0.0,0.0,0.233201581027668
34.0,9.0,19.0,0.1,0.1,0.4,3.0,240.0,0.0,0.0,0.23333333333333334
34.0,9.0,20.0,0.1,0.1,0.4,3.0,407.0,0.0,0.0,0.11793611793611794
34.0,9.0,21.0,0.1,0.1,0.4,3.0,399.0,0.0,0.0,0.12280701754385964
34.0,9.0,22.0,0.1,0.1,0.4,3.0,397.0,0.0,0.0,0.12090680100755667
34.0,9.0,23.0,0.1,0.1,0.4,3.0,372.0,0.0,0.0,0.13172043010752688
34.0,9.0,24.0,0.1,0.1,0.4,3.0,380.0,0.0,0.0,0.12631578947368421
34.0,9.0,25.0,0.1,0.1,0.4,3.0,353.0,0.0,0.0,0.1359773371104816
34.0,9.0,26.0,0.1,0.1,0.4,3.0,361.0,0.0,0.0,0.13019390581717452
34.0,9.0,27.0,0.1,0.1,0.4,3.0,353.0,0.0,0.0,0.1359773371104816
34.0,9.0,28.0,0.1,0.1,0.4,3.0,361.0,0.0,0.0,0.13019390581717452
34.0,9.0,29.0,0.1,0.1,0.4,3.0,343.0,0.0,0.0,0.13994169096209913
34.0,9.0,30.0,0.1,0.1,0.4,3.0,351.0,0.0,0.0,0.1339031339031339
34.0,9.0,31.0,0.1,0.1,0.4,3.0,329.0,0.0,0.0,0.1458966565349544
34.0,9.0,32.0,0.1,0.1,0.4,3.0,337.0,0.0,0.0,0.1394658753709199
34.0,9.0,33.0,0.1,0.1,0.4,3.0,329.0,0.0,0.0,0.1458966565349544
34.0,9.0,34.0,0.1,0.1,0.4,3.0,337.0,0.0,0.0,0.1394658753709199
34.0,9.0,35.0,0.1,0.1,0.4,3.0,329.0,0.0,0.0,0.1458966565349544
34.0,9.0,36.0,0.1,0.1,0.4,3.0,337.0,0.0,0.0,0.1394658753709199
34.0,9.0,37.0,0.1,0.1,0.4,3.0,319.0,0.0,0.0,0.14733542319749215
34.0,9.0,38.0,0.1,0.1,0.4,3.0,327.0,0.0,0.0,0.14067278287461774
34.0,9.0,39.0,0.1,0.1,0.4,3.0,294.0,0.0,0.0,0.15306122448979592
34.0,9.0,40.0,0.1,0.1,0.4,3.0,301.0,0.0,0.0,0.14285714285714285
34.0,9.0,41.0,0.1,0.1,0.4,3.0,294.0,0.0,0.0,0.14965986394557823
34.0,9.0,42.0,0.1,0.1,0.4,3.0,292.0,0.0,0.0,0.14383561643835616
34.0,9.0,43.0,0.1,0.1,0.4,3.0,286.0,0.0,0.0,0.15034965034965034
34.0,9.0,44.0,0.1,0.1,0.4,3.0,292.0,0.0,0.0,0.14383561643835616
34.0,9.0,45.0,0.1,0.1,0.4,3.0,286.0,0.0,0.0,0.22377622377622378
34.0,9.0,46.0,0.1,0.1,0.4,3.0,292.0,0.0,0.0,0.21232876712328766
34.0,9.0,47.0,0.1,0.1,0.4,3.0,277.0,0.0,0.0,0.22382671480144403
34.0,9.0,48.0,0.1,0.1,0.4,3.0,270.0,0.0,0.0,0.21481481481481482
34.0,9.0,49.0,0.1,0.1,0.4,3.0,263.0,0.0,0.0,0.22813688212927757
34.0,9.0,50.0,0.1,0.1,0.4,3.0,270.0,0.0,0.0,0.21481481481481482
34.0,9.0,51.0,0.1,0.1,0.4,3.0,266.0,0.0,0.0,0.22556390977443608
34.0,9.0,52.0,0.1,0.1,0.4,3.0,270.0,0.0,0.0,0.21481481481481482
34.0,10.0,1.0,0.1,0.1,0.4,3.0,266.0,0.0,0.0,0.22556390977443608
34.0,10.0,2.0,0.1,0.1,0.4,3.0,268.0,0.0,0.0,0.21641791044776118
34.0,10.0,3.0,0.1,0.1,0.4,3.0,265.0,0.0,0.0,0.22641509433962265
34.0,10.0,4.0,0.1,0.1,0.4,3.0,268.0,0.0,0.0,0.21641791044776118
34.0,10.0,5.0,0.1,0.1,0.4,3.0,265.0,0.0,0.0,0.22641509433962265
34.0,10.0,6.0,0.1,0.1,0.4,3.0,267.0,0.0,0.0,0.21722846441947566
34.0,10.0,7.0,0.1,0.1,0.4,3.0,264.0,0.0,0.0,0.22727272727272727
34.0,10.0,8.0,0.1,0.1,0.4,3.0,264.0,0.0,0.0,0.2159090909090909
34.0,10.0,9.0,0.1,0.1,0.4,3.0,262.0,0.0,0.0,0.22900763358778625
34.0,10.0,10.0,0.1,0.1,0.4,3.0,261.0,0.0,0.0,0.21839080459770116
34.0,10.0,11.0,0.1,0.1,0.4,3.0,259.0,0.0,0.0,0.2277992277992278
34.0,10.0,12.0,0.1,0.1,0.4,3.0,261.0,0.0,0.0,0.21839080459770116
34.0,10.0,13.0,0.1,0.1,0.4,3.0,258.0,0.0,0.0,0.2248062015503876
34.0,10.0,14.0,0.1,0.1,0.4,3.0,259.0,0.0,0.0,0.22007722007722008
34.0,10.0,15.0,0.1,0.1,0.4,3.0,255.0,0.0,0.0,0.22745098039215686
34.0,10.0,16.0,0.1,0.1,0.4,3.0,258.0,0.0,0.0,0.22093023255813954
34.0,10.0,17.0,0.1,0.1,0.4,3.0,256.0,0.0,0.0,0.23046875
34.0,10.0,18.0,0.1,0.1,0.4,3.0,257.0,0.0,0.0,0.2178988326848249
34.0,10.0,19.0,0.1,0.1,0.4,3.0,256.0,0.0,0.0,0.23046875
34.0,10.0,20.0,0.1,0.1,0.4,3.0,408.0,0.0,0.0,0.11519607843137254
34.0,10.0,21.0,0.1,0.1,0.4,3.0,365.0,0.0,0.0,0.1232876712328767
34.0,10.0,22.0,0.1,0.1,0.4,3.0,370.0,0.0,0.0,0.11891891891891893
34.0,10.0,23.0,0.1,0.1,0.4,3.0,355.0,0.0,0.0,0.12394366197183099
34.0,10.0,24.0,0.1,0.1,0.4,3.0,349.0,0.0,0.0,0.12320916905444126
34.0,10.0,25.0,0.1,0.1,0.4,3.0,325.0,0.0,0.0,0.12307692307692308
34.0,10.0,26.0,0.1,0.1,0.4,3.0,324.0,0.0,0.0,0.12037037037037036
34.0,10.0,27.0,0.1,0.1,0.4,3.0,323.0,0.0,0.0,0.1238390092879257
34.0,10.0,28.0,0.1,0.1,0.4,3.0,316.0,0.0,0.0,0.12341772151898735
34.0,10.0,29.0,0.1,0.1,0.4,3.0,313.0,0.0,0.0,0.12779552715654952
34.0,10.0,30.0,0.1,0.1,0.4,3.0,316.0,0.0,0.0,0.12341772151898735
34.0,10.0,31.0,0.1,0.1,0.4,3.0,290.0,0.0,0.0,0.1310344827586207
34.0,10.0,32.0,0.1,0.1,0.4,3.0,291.0,0.0,0.0,0.12714776632302405
34.0,10.0,33.0,0.1,0.1,0.4,3.0,290.0,0.0,0.0,0.1310344827586207
34.0,10.0,34.0,0.1,0.1,0.4,3.0,292.0,0.0,0.0,0.1267123287671233
34.0,10.0,35.0,0.1,0.1,0.4,3.0,290.0,0.0,0.0,0.1310344827586207
34.0,10.0,36.0,0.1,0.1,0.4,3.0,292.0,0.0,0.0,0.1267123287671233
34.0,10.0,37.0,0.1,0.1,0.4,3.0,290.0,0.0,0.0,0.1310344827586207
34.0,10.0,38.0,0.1,0.1,0.4,3.0,292.0,0.0,0.0,0.1267123287671233
34.0,10.0,39.0,0.1,0.1,0.4,3.0,290.0,0.0,0.0,0.1310344827586207
34.0,10.0,40.0,0.1,0.1,0.4,3.0,290.0,0.0,0.0,0.12758620689655173
34.0,10.0,41.0,0.1,0.1,0.4,3.0,288.0,0.0,0.0,0.13194444444444445
34.0,10.0,42.0,0.1,0.1,0.4,3.0,290.0,0.0,0.0,0.12758620689655173
34.0,10.0,43.0,0.1,0.1,0.4,3.0,287.0,0.0,0.0,0.13240418118466898
34.0,10.0,44.0,0.1,0.1,0.4,3.0,290.0,0.0,0.0,0.12758620689655173
34.0,10.0,45.0,0.1,0.1,0.4,3.0,277.0,0.0,0.0,0.18772563176895307
34.0,10.0,46.0,0.1,0.1,0.4,3.0,280.0,0.0,0.0,0.18571428571428572
34.0,10.0,47.0,0.1,0.1,0.4,3.0,276.0,0.0,0.0,0.18840579710144928
34.0,10.0,48.0,0.1,0.1,0.4,3.0,280.0,0.0,0.0,0.18571428571428572
34.0,10.0,49.0,0.1,0.1,0.4,3.0,276.0,0.0,0.0,0.18840579710144928
34.0,10.0,50.0,0.1,0.1,0.4,3.0,280.0,0.0,0.0,0.18571428571428572
34.0,10.0,51.0,0.1,0.1,0.4,3.0,276.0,0.0,0.0,0.18840579710144928
34.0,10.0,52.0,0.1,0.1,0.4,3.0,276.0,0.0,0.0,0.18840579710144928
35.0,1.0,1.0,0.1,0.1,0.4,3.0,5168.0,48.0,9.0,0.09907120743034056
35.0,1.0,2.0,0.1,0.1,0.4,3.0,4951.0,47.0,21.0,0.09796000807917593
35.0,1.0,3.0,0.1,0.1,0.4,3.0,4716.0,51.0,28.0,0.09775233248515691
35.0,1.0,4.0,0.1,0.1,0.4,3.0,4527.0,69.0,26.0,0.09741550695825049
35.0,1.0,5.0,0.1,0.1,0.4,3.0,4454.0,71.0,27.0,0.09946115850920521
35.0,1.0,6.0,0.1,0.1,0.4,3.0,4228.0,82.0,34.0,0.09839167455061495
35.0,1.0,7.0,0.1,0.1,0.4,3.0,3996.0,111.0,38.0,0.10135135135135136
35.0,1.0,8.0,0.1,0.1,0.4,3.0,3803.0,134.0,39.0,0.10123586642124638
35.0,1.0,9.0,0.1,0.1,0.4,3.0,3633.0,148.0,56.0,0.10349573355353703
35.0,1.0,10.0,0.1,0.1,0.4,3.0,3486.0,181.0,71.0,0.10240963855421686
35.0,1.0,11.0,0.1,0.1,0.4,3.0,3368.0,207.0,85.0,0.10510688836104513
35.0,1.0,12.0,0.1,0.1,0.4,3.0,3209.0,217.0,91.0,0.10314739794328451
35.0,1.0,13.0,0.1,0.1,0.4,3.0,3049.0,209.0,95.0,0.10593637258117415
35.0,1.0,14.0,0.1,0.1,0.4,3.0,2893.0,224.0,110.0,0.1043899066712755
35.0,1.0,15.0,0.1,0.1,0.4,3.0,2789.0,234.0,101.0,0.10756543564001435
35.0,1.0,16.0,0.1,0.1,0.4,3.0,2692.0,243.0,102.0,0.10586924219910847
35.0,1.0,17.0,0.1,0.1,0.4,3.0,2604.0,236.0,115.0,0.10944700460829493
35.0,1.0,18.0,0.1,0.1,0.4,3.0,2524.0,235.0,122.0,0.10974643423137877
35.0,1.0,19.0,0.1,0.1,0.4,3.0,2462.0,222.0,127.0,0.11007311129163282
35.0,1.0,20.0,0.1,0.1,0.4,3.0,6536.0,203.0,107.0,0.03932068543451652
35.0,1.0,21.0,0.1,0.1,0.4,3.0,5879.0,294.0,97.0,0.04048307535295118
35.0,1.0,22.0,0.1,0.1,0.4,3.0,5447.0,314.0,103.0,0.04112355425004589
35.0,1.0,23.0,0.1,0.1,0.4,3.0,4892.0,317.0,120.0,0.04558462796402289
35.0,1.0,24.0,0.1,0.1,0.4,3.0,4544.0,362.0,143.0,0.046875
35.0,1.0,25.0,0.1,0.1,0.4,3.0,4121.0,330.0,130.0,0.04877456927930114
35.0,1.0,26.0,0.1,0.1,0.4,3.0,3839.0,319.0,127.0,0.04975253972388643
35.0,1.0,27.0,0.1,0.1,0.4,3.0,3568.0,317.0,135.0,0.05241031390134529
35.0,1.0,28.0,0.1,0.1,0.4,3.0,3343.0,332.0,149.0,0.05264732276398445
35.0,1.0,29.0,0.1,0.1,0.4,3.0,3086.0,313.0,141.0,0.056707712248865845
35.0,1.0,30.0,0.1,0.1,0.4,3.0,2867.0,317.0,138.0,0.057900244157656086
35.0,1.0,31.0,0.1,0.1,0.4,3.0,2663.0,315.0,121.0,0.06233571160345475
35.0,1.0,32.0,0.1,0.1,0.4,3.0,2416.0,278.0,121.0,0.06498344370860927
35.0,1.0,33.0,0.1,0.1,0.4,3.0,2281.0,275.0,124.0,0.06751424813678211
35.0,1.0,34.0,0.1,0.1,0.4,3.0,2126.0,254.0,128.0,0.07102539981185324
35.0,1.0,35.0,0.1,0.1,0.4,3.0,1993.0,225.0,113.0,0.07526342197691922
35.0,1.0,36.0,0.1,0.1,0.4,3.0,1900.0,214.0,114.0,0.07631578947368421
35.0,1.0,37.0,0.1,0.1,0.4,3.0,1770.0,206.0,96.0,0.07853107344632769
35.0,1.0,38.0,0.1,0.1,0.4,3.0,1714.0,202.0,87.0,0.07992998833138856
35.0,1.0,39.0,0.1,0.1,0.4,3.0,1610.0,180.0,79.0,0.08136645962732919
35.0,1.0,40.0,0.1,0.1,0.4,3.0,1543.0,182.0,85.0,0.08425145819831498
35.0,1.0,41.0,0.1,0.1,0.4,3.0,1479.0,188.0,98.0,0.0872210953346856
35.0,1.0,42.0,0.1,0.1,0.4,3.0,1433.0,181.0,90.0,0.08932309839497557
35.0,1.0,43.0,0.1,0.1,0.4,3.0,1340.0,173.0,85.0,0.09477611940298507
35.0,1.0,44.0,0.1,0.1,0.4,3.0,1305.0,168.0,80.0,0.09655172413793103
35.0,1.0,45.0,0.1,0.1,0.4,3.0,1234.0,154.0,76.0,0.16288492706645058
35.0,1.0,46.0,0.1,0.1,0.4,3.0,1203.0,138.0,67.0,0.16541978387364922
35.0,1.0,47.0,0.1,0.1,0.4,3.0,1163.0,119.0,67.0,0.16938950988822013
35.0,1.0,48.0,0.1,0.1,0.4,3.0,1126.0,113.0,67.0,0.1705150976909414
35.0,1.0,49.0,0.1,0.1,0.4,3.0,1062.0,103.0,59.0,0.1751412429378531
35.0,1.0,50.0,0.1,0.1,0.4,3.0,1024.0,90.0,52.0,0.1796875
35.0,1.0,51.0,0.1,0.1,0.4,3.0,971.0,81.0,45.0,0.18640576725025745
35.0,1.0,52.0,0.1,0.1,0.4,3.0,957.0,75.0,45.0,0.1891327063740857
35.0,2.0,1.0,0.1,0.1,0.4,3.0,929.0,63.0,41.0,0.19483315392895587
35.0,2.0,2.0,0.1,0.1,0.4,3.0,915.0,54.0,41.0,0.19781420765027322
35.0,2.0,3.0,0.1,0.1,0.4,3.0,892.0,49.0,34.0,0.2006726457399103
35.0,2.0,4.0,0.1,0.1,0.4,3.0,879.0,38.0,25.0,0.2025028441410694
35.0,2.0,5.0,0.1,0.1,0.4,3.0,859.0,29.0,15.0,0.20721769499417927
35.0,2.0,6.0,0.1,0.1,0.4,3.0,853.0,24.0,15.0,0.20867526377491208
35.0,2.0,7.0,0.1,0.1,0.4,3.0,829.0,26.0,12.0,0.20989143546441497
35.0,2.0,8.0,0.1,0.1,0.4,3.0,826.0,24.0,12.0,0.20944309927360774
35.0,2.0,9.0,0.1,0.1,0.4,3.0,817.0,20.0,7.0,0.211750305997552
35.0,2.0,10.0,0.1,0.1,0.4,3.0,812.0,18.0,10.0,0.21305418719211822
35.0,2.0,11.0,0.1,0.1,0.4,3.0,796.0,17.0,9.0,0.2135678391959799
35.0,2.0,12.0,0.1,0.1,0.4,3.0,786.0,17.0,11.0,0.21374045801526717
35.0,2.0,13.0,0.1,0.1,0.4,3.0,765.0,10.0,7.0,0.21568627450980393
35.0,2.0,14.0,0.1,0.1,0.4,3.0,763.0,9.0,5.0,0.21756225425950196
35.0,2.0,15.0,0.1,0.1,0.4,3.0,753.0,10.0,4.0,0.21646746347941567
35.0,2.0,16.0,0.1,0.1,0.4,3.0,746.0,8.0,2.0,0.21983914209115282
35.0,2.0,17.0,0.1,0.1,0.4,3.0,737.0,9.0,3.0,0.2157394843962008
35.0,2.0,18.0,0.1,0.1,0.4,3.0,726.0,11.0,4.0,0.22038567493112948
35.0,2.0,19.0,0.1,0.1,0.4,3.0,719.0,11.0,4.0,0.21835883171070933
35.0,2.0,20.0,0.1,0.1,0.4,3.0,1279.0,11.0,5.0,0.1235340109460516
35.0,2.0,21.0,0.1,0.1,0.4,3.0,1204.0,15.0,4.0,0.12458471760797342
35.0,2.0,22.0,0.1,0.1,0.4,3.0,1187.0,22.0,8.0,0.12805391743892164
35.0,2.0,23.0,0.1,0.1,0.4,3.0,1140.0,23.0,10.0,0.12894736842105264
35.0,2.0,24.0,0.1,0.1,0.4,3.0,1104.0,20.0,8.0,0.1322463768115942
35.0,2.0,25.0,0.1,0.1,0.4,3.0,1039.0,20.0,8.0,0.136669874879692
35.0,2.0,26.0,0.1,0.1,0.4,3.0,988.0,18.0,5.0,0.1417004048582996
35.0,2.0,27.0,0.1,0.1,0.4,3.0,966.0,21.0,10.0,0.14285714285714285
35.0,2.0,28.0,0.1,0.1,0.4,3.0,965.0,21.0,11.0,0.14196891191709846
35.0,2.0,29.0,0.1,0.1,0.4,3.0,934.0,25.0,10.0,0.145610278372591
35.0,2.0,30.0,0.1,0.1,0.4,3.0,930.0,26.0,7.0,0.14623655913978495
35.0,2.0,31.0,0.1,0.1,0.4,3.0,901.0,26.0,7.0,0.14872364039955605
35.0,2.0,32.0,0.1,0.1,0.4,3.0,894.0,26.0,11.0,0.1476510067114094
35.0,2.0,33.0,0.1,0.1,0.4,3.0,845.0,23.0,8.0,0.14911242603550295
35.0,2.0,34.0,0.1,0.1,0.4,3.0,846.0,27.0,12.0,0.14893617021276595
35.0,2.0,35.0,0.1,0.1,0.4,3.0,830.0,30.0,12.0,0.1493975903614458
35.0,2.0,36.0,0.1,0.1,0.4,3.0,807.0,33.0,15.0,0.14993804213135067
35.0,2.0,37.0,0.1,0.1,0.4,3.0,778.0,29.0,15.0,0.15295629820051415
35.0,2.0,38.0,0.1,0.1,0.4,3.0,785.0,29.0,13.0,0.15414012738853503
35.0,2.0,39.0,0.1,0.1,0.4,3.0,767.0,25.0,11.0,0.15514993481095177
35.0,2.0,40.0,0.1,0.1,0.4,3.0,769.0,18.0,11.0,0.15604681404421328
35.0,2.0,41.0,0.1,0.1,0.4,3.0,743.0,21.0,13.0,0.15881561238223418
35.0,2.0,42.0,0.1,0.1,0.4,3.0,738.0,20.0,11.0,0.15989159891598917
35.0,2.0,43.0,0.1,0.1,0.4,3.0,695.0,14.0,5.0,0.16402877697841728
35.0,2.0,44.0,0.1,0.1,0.4,3.0,670.0,15.0,6.0,0.16865671641791044
35.0,2.0,45.0,0.1,0.1,0.4,3.0,655.0,14.0,8.0,0.24274809160305344
35.0,2.0,46.0,0.1,0.1,0.4,3.0,662.0,14.0,9.0,0.23867069486404835
35.0,2.0,47.0,0.1,0.1,0.4,3.0,641.0,10.0,7.0,0.24492979719188768
35.0,2.0,48.0,0.1,0.1,0.4,3.0,645.0,9.0,4.0,0.24186046511627907
35.0,2.0,49.0,0.1,0.1,0.4,3.0,622.0,7.0,3.0,0.2491961414790997
35.0,2.0,50.0,0.1,0.1,0.4,3.0,631.0,6.0,2.0,0.24405705229793978
35.0,2.0,51.0,0.1,0.1,0.4,3.0,620.0,5.0,4.0,0.2467741935483871
35.0,2.0,52.0,0.1,0.1,0.4,3.0,623.0,4.0,3.0,0.24237560192616373
35.0,3.0,1.0,0.1,0.1,0.4,3.0,614.0,5.0,4.0,0.24592833876221498
35.0,3.0,2.0,0.1,0.1,0.4,3.0,616.0,4.0,1.0,0.24025974025974026
35.0,3.0,3.0,0.1,0.1,0.4,3.0,600.0,4.0,1.0,0.245
35.0,3.0,4.0,0.1,0.1,0.4,3.0,603.0,3.0,2.0,0.24046434494195687
35.0,3.0,5.0,0.1,0.1,0.4,3.0,594.0,3.0,2.0,0.24242424242424243
35.0,3.0,6.0,0.1,0.1,0.4,3.0,596.0,4.0,2.0,0.23657718120805368
35.0,3.0,7.0,0.1,0.1,0.4,3.0,587.0,2.0,1.0,0.24190800681431004
35.0,3.0,8.0,0.1,0.1,0.4,3.0,593.0,2.0,1.0,0.23440134907251264
35.0,3.0,9.0,0.1,0.1,0.4,3.0,583.0,2.0,1.0,0.24013722126929674
35.0,3.0,10.0,0.1,0.1,0.4,3.0,579.0,2.0,0.0,0.23488773747841105
35.0,3.0,11.0,0.1,0.1,0.4,3.0,573.0,2.0,0.0,0.24083769633507854
35.0,3.0,12.0,0.1,0.1,0.4,3.0,580.0,2.0,1.0,0.23448275862068965
35.0,3.0,13.0,0.1,0.1,0.4,3.0,572.0,3.0,2.0,0.2395104895104895
35.0,3.0,14.0,0.1,0.1,0.4,3.0,570.0,3.0,2.0,0.23333333333333334
35.0,3.0,15.0,0.1,0.1,0.4,3.0,549.0,3.0,1.0,0.24225865209471767
35.0,3.0,16.0,0.1,0.1,0.4,3.0,553.0,3.0,1.0,0.2332730560578662
35.0,3.0,17.0,0.1,0.1,0.4,3.0,543.0,3.0,1.0,0.24125230202578268
35.0,3.0,18.0,0.1,0.1,0.4,3.0,548.0,5.0,1.0,0.23357664233576642
35.0,3.0,19.0,0.1,0.1,0.4,3.0,539.0,5.0,0.0,0.23933209647495363
35.0,3.0,20.0,0.1,0.1,0.4,3.0,1034.0,5.0,3.0,0.12282398452611218
35.0,3.0,21.0,0.1,0.1,0.4,3.0,994.0,9.0,4.0,0.12374245472837023
35.0,3.0,22.0,0.1,0.1,0.4,3.0,974.0,10.0,5.0,0.12217659137577003
35.0,3.0,23.0,0.1,0.1,0.4,3.0,888.0,4.0,2.0,0.1204954954954955
35.0,3.0,24.0,0.1,0.1,0.4,3.0,876.0,5.0,4.0,0.1187214611872146
35.0,3.0,25.0,0.1,0.1,0.4,3.0,821.0,9.0,4.0,0.12423873325213154
35.0,3.0,26.0,0.1,0.1,0.4,3.0,772.0,9.0,4.0,0.12823834196891193
35.0,3.0,27.0,0.1,0.1,0.4,3.0,722.0,8.0,4.0,0.13157894736842105
35.0,3.0,28.0,0.1,0.1,0.4,3.0,702.0,13.0,6.0,0.13105413105413105
35.0,3.0,29.0,0.1,0.1,0.4,3.0,668.0,8.0,2.0,0.13323353293413173
35.0,3.0,30.0,0.1,0.1,0.4,3.0,653.0,4.0,2.0,0.13169984686064318
35.0,3.0,31.0,0.1,0.1,0.4,3.0,636.0,4.0,4.0,0.13522012578616352
35.0,3.0,32.0,0.1,0.1,0.4,3.0,621.0,6.0,4.0,0.13365539452495975
35.0,3.0,33.0,0.1,0.1,0.4,3.0,614.0,9.0,3.0,0.13680781758957655
35.0,3.0,34.0,0.1,0.1,0.4,3.0,598.0,6.0,1.0,0.13712374581939799
35.0,3.0,35.0,0.1,0.1,0.4,3.0,585.0,7.0,3.0,0.14188034188034188
35.0,3.0,36.0,0.1,0.1,0.4,3.0,588.0,8.0,4.0,0.1377551020408163
35.0,3.0,37.0,0.1,0.1,0.4,3.0,560.0,7.0,4.0,0.14285714285714285
35.0,3.0,38.0,0.1,0.1,0.4,3.0,546.0,6.0,4.0,0.14102564102564102
35.0,3.0,39.0,0.1,0.1,0.4,3.0,536.0,7.0,3.0,0.1455223880597015
35.0,3.0,40.0,0.1,0.1,0.4,3.0,538.0,6.0,3.0,0.14312267657992564
35.0,3.0,41.0,0.1,0.1,0.4,3.0,531.0,5.0,1.0,0.14689265536723164
35.0,3.0,42.0,0.1,0.1,0.4,3.0,532.0,5.0,2.0,0.14285714285714285
35.0,3.0,43.0,0.1,0.1,0.4,3.0,527.0,4.0,2.0,0.1442125237191651
35.0,3.0,44.0,0.1,0.1,0.4,3.0,528.0,4.0,4.0,0.14204545454545456
35.0,3.0,45.0,0.1,0.1,0.4,3.0,507.0,3.0,3.0,0.21301775147928995
35.0,3.0,46.0,0.1,0.1,0.4,3.0,503.0,2.0,2.0,0.20675944333996024
35.0,3.0,47.0,0.1,0.1,0.4,3.0,485.0,0.0,0.0,0.21443298969072164
35.0,3.0,48.0,0.1,0.1,0.4,3.0,485.0,0.0,0.0,0.21030927835051547
35.0,3.0,49.0,0.1,0.1,0.4,3.0,484.0,0.0,0.0,0.21487603305785125
35.0,3.0,50.0,0.1,0.1,0.4,3.0,484.0,0.0,0.0,0.20867768595041322
35.0,3.0,51.0,0.1,0.1,0.4,3.0,487.0,0.0,0.0,0.21149897330595482
35.0,3.0,52.0,0.1,0.1,0.4,3.0,482.0,0.0,0.0,0.2095435684647303
35.0,4.0,1.0,0.1,0.1,0.4,3.0,484.0,0.0,0.0,0.2128099173553719
35.0,4.0,2.0,0.1,0.1,0.4,3.0,479.0,0.0,0.0,0.20876826722338204
35.0,4.0,3.0,0.1,0.1,0.4,3.0,480.0,0.0,0.0,0.2125
35.0,4.0,4.0,0.1,0.1,0.4,3.0,476.0,0.0,0.0,0.20798319327731093
35.0,4.0,5.0,0.1,0.1,0.4,3.0,476.0,0.0,0.0,0.21218487394957983
35.0,4.0,6.0,0.1,0.1,0.4,3.0,465.0,0.0,0.0,0.210752688172043
35.0,4.0,7.0,0.1,0.1,0.4,3.0,465.0,0.0,0.0,0.21505376344086022
35.0,4.0,8.0,0.1,0.1,0.4,3.0,456.0,0.0,0.0,0.2149122807017544
35.0,4.0,9.0,0.1,0.1,0.4,3.0,464.0,0.0,0.0,0.21551724137931033
35.0,4.0,10.0,0.1,0.1,0.4,3.0,456.0,0.0,0.0,0.2149122807017544
35.0,4.0,11.0,0.1,0.1,0.4,3.0,463.0,0.0,0.0,0.2159827213822894
35.0,4.0,12.0,0.1,0.1,0.4,3.0,447.0,0.0,0.0,0.21923937360178972
35.0,4.0,13.0,0.1,0.1,0.4,3.0,445.0,0.0,0.0,0.2202247191011236
35.0,4.0,14.0,0.1,0.1,0.4,3.0,436.0,0.0,0.0,0.21788990825688073
35.0,4.0,15.0,0.1,0.1,0.4,3.0,444.0,0.0,0.0,0.21846846846846846
35.0,4.0,16.0,0.1,0.1,0.4,3.0,435.0,0.0,0.0,0.21839080459770116
35.0,4.0,17.0,0.1,0.1,0.4,3.0,434.0,0.0,0.0,0.21658986175115208
35.0,4.0,18.0,0.1,0.1,0.4,3.0,426.0,0.0,0.0,0.215962441314554
35.0,4.0,19.0,0.1,0.1,0.4,3.0,433.0,0.0,0.0,0.21709006928406466
35.0,4.0,20.0,0.1,0.1,0.4,3.0,826.0,0.0,0.0,0.1089588377723971
35.0,4.0,21.0,0.1,0.1,0.4,3.0,791.0,0.0,0.0,0.1125158027812895
35.0,4.0,22.0,0.1,0.1,0.4,3.0,734.0,0.0,0.0,0.11580381471389646
35.0,4.0,23.0,0.1,0.1,0.4,3.0,718.0,0.0,0.0,0.11977715877437325
35.0,4.0,24.0,0.1,0.1,0.4,3.0,629.0,0.0,0.0,0.1271860095389507
35.0,4.0,25.0,0.1,0.1,0.4,3.0,591.0,0.0,0.0,0.12859560067681894
35.0,4.0,26.0,0.1,0.1,0.4,3.0,572.0,0.0,0.0,0.12762237762237763
35.0,4.0,27.0,0.1,0.1,0.4,3.0,540.0,0.0,0.0,0.13148148148148148
35.0,4.0,28.0,0.1,0.1,0.4,3.0,533.0,0.0,0.0,0.1294559099437148
35.0,4.0,29.0,0.1,0.1,0.4,3.0,537.0,0.0,0.0,0.1303538175046555
35.0,4.0,30.0,0.1,0.1,0.4,3.0,495.0,0.0,0.0,0.13535353535353536
35.0,4.0,31.0,0.1,0.1,0.4,3.0,470.0,0.0,0.0,0.1425531914893617
35.0,4.0,32.0,0.1,0.1,0.4,3.0,466.0,0.0,0.0,0.14163090128755365
35.0,4.0,33.0,0.1,0.1,0.4,3.0,469.0,0.0,0.0,0.14072494669509594
35.0,4.0,34.0,0.1,0.1,0.4,3.0,464.0,0.0,0.0,0.1400862068965517
35.0,4.0,35.0,0.1,0.1,0.4,3.0,458.0,0.0,0.0,0.14410480349344978
35.0,4.0,36.0,0.1,0.1,0.4,3.0,431.0,0.0,0.0,0.15081206496519722
35.0,4.0,37.0,0.1,0.1,0.4,3.0,418.0,0.0,0.0,0.15311004784688995
35.0,4.0,38.0,0.1,0.1,0.4,3.0,413.0,0.0,0.0,0.15254237288135594
35.0,4.0,39.0,0.1,0.1,0.4,3.0,401.0,0.0,0.0,0.1571072319201995
35.0,4.0,40.0,0.1,0.1,0.4,3.0,398.0,0.0,0.0,0.15829145728643215
35.0,4.0,41.0,0.1,0.1,0.4,3.0,407.0,0.0,0.0,0.1547911547911548
35.0,4.0,42.0,0.1,0.1,0.4,3.0,376.0,0.0,0.0,0.1675531914893617
35.0,4.0,43.0,0.1,0.1,0.4,3.0,373.0,0.0,0.0,0.16890080428954424
35.0,4.0,44.0,0.1,0.1,0.4,3.0,364.0,0.0,0.0,0.17032967032967034
35.0,4.0,45.0,0.1,0.1,0.4,3.0,373.0,0.0,0.0,0.23324396782841822
35.0,4.0,46.0,0.1,0.1,0.4,3.0,363.0,0.0,0.0,0.23415977961432508
35.0,4.0,47.0,0.1,0.1,0.4,3.0,367.0,0.0,0.0,0.23433242506811988
35.0,4.0,48.0,0.1,0.1,0.4,3.0,358.0,0.0,0.0,0.2346368715083799
35.0,4.0,49.0,0.1,0.1,0.4,3.0,358.0,0.0,0.0,0.2346368715083799
35.0,4.0,50.0,0.1,0.1,0.4,3.0,358.0,0.0,0.0,0.2346368715083799
35.0,4.0,51.0,0.1,0.1,0.4,3.0,358.0,0.0,0.0,0.2346368715083799
35.0,4.0,52.0,0.1,0.1,0.4,3.0,357.0,0.0,0.0,0.23249299719887956
35.0,5.0,1.0,0.1,0.1,0.4,3.0,356.0,0.0,0.0,0.23314606741573032
35.0,5.0,2.0,0.1,0.1,0.4,3.0,356.0,0.0,0.0,0.23314606741573032
35.0,5.0,3.0,0.1,0.1,0.4,3.0,357.0,0.0,0.0,0.23249299719887956
35.0,5.0,4.0,0.1,0.1,0.4,3.0,357.0,0.0,0.0,0.23249299719887956
35.0,5.0,5.0,0.1,0.1,0.4,3.0,356.0,0.0,0.0,0.23314606741573032
35.0,5.0,6.0,0.1,0.1,0.4,3.0,355.0,0.0,0.0,0.23098591549295774
35.0,5.0,7.0,0.1,0.1,0.4,3.0,353.0,0.0,0.0,0.23229461756373937
35.0,5.0,8.0,0.1,0.1,0.4,3.0,354.0,0.0,0.0,0.23163841807909605
35.0,5.0,9.0,0.1,0.1,0.4,3.0,351.0,0.0,0.0,0.23076923076923078
35.0,5.0,10.0,0.1,0.1,0.4,3.0,353.0,0.0,0.0,0.22946175637393768
35.0,5.0,11.0,0.1,0.1,0.4,3.0,349.0,0.0,0.0,0.22922636103151864
35.0,5.0,12.0,0.1,0.1,0.4,3.0,352.0,0.0,0.0,0.22727272727272727
35.0,5.0,13.0,0.1,0.1,0.4,3.0,349.0,0.0,0.0,0.22922636103151864
35.0,5.0,14.0,0.1,0.1,0.4,3.0,351.0,0.0,0.0,0.22507122507122507
35.0,5.0,15.0,0.1,0.1,0.4,3.0,347.0,0.0,0.0,0.2276657060518732
35.0,5.0,16.0,0.1,0.1,0.4,3.0,350.0,0.0,0.0,0.2257142857142857
35.0,5.0,17.0,0.1,0.1,0.4,3.0,346.0,0.0,0.0,0.2254335260115607
35.0,5.0,18.0,0.1,0.1,0.4,3.0,349.0,0.0,0.0,0.22349570200573066
35.0,5.0,19.0,0.1,0.1,0.4,3.0,339.0,0.0,0.0,0.22418879056047197
35.0,5.0,20.0,0.1,0.1,0.4,3.0,720.0,0.0,0.0,0.10555555555555556
35.0,5.0,21.0,0.1,0.1,0.4,3.0,653.0,0.0,0.0,0.11179173047473201
35.0,5.0,22.0,0.1,0.1,0.4,3.0,629.0,0.0,0.0,0.11128775834658187
35.0,5.0,23.0,0.1,0.1,0.4,3.0,570.0,0.0,0.0,0.11929824561403508
35.0,5.0,24.0,0.1,0.1,0.4,3.0,572.0,0.0,0.0,0.11888111888111888
35.0,5.0,25.0,0.1,0.1,0.4,3.0,562.0,0.0,0.0,0.12099644128113879
35.0,5.0,26.0,0.1,0.1,0.4,3.0,537.0,0.0,0.0,0.1266294227188082
35.0,5.0,27.0,0.1,0.1,0.4,3.0,516.0,0.0,0.0,0.12790697674418605
35.0,5.0,28.0,0.1,0.1,0.4,3.0,505.0,0.0,0.0,0.12673267326732673
35.0,5.0,29.0,0.1,0.1,0.4,3.0,494.0,0.0,0.0,0.12753036437246965
35.0,5.0,30.0,0.1,0.1,0.4,3.0,496.0,0.0,0.0,0.12701612903225806
35.0,5.0,31.0,0.1,0.1,0.4,3.0,476.0,0.0,0.0,0.12605042016806722
35.0,5.0,32.0,0.1,0.1,0.4,3.0,478.0,0.0,0.0,0.12343096234309624
35.0,5.0,33.0,0.1,0.1,0.4,3.0,431.0,0.0,0.0,0.13225058004640372
35.0,5.0,34.0,0.1,0.1,0.4,3.0,434.0,0.0,0.0,0.1313364055299539
35.0,5.0,35.0,0.1,0.1,0.4,3.0,413.0,0.0,0.0,0.13801452784503632
35.0,5.0,36.0,0.1,0.1,0.4,3.0,403.0,0.0,0.0,0.13895781637717122
35.0,5.0,37.0,0.1,0.1,0.4,3.0,399.0,0.0,0.0,0.14035087719298245
35.0,5.0,38.0,0.1,0.1,0.4,3.0,402.0,0.0,0.0,0.13930348258706468
35.0,5.0,39.0,0.1,0.1,0.4,3.0,388.0,0.0,0.0,0.14175257731958762
35.0,5.0,40.0,0.1,0.1,0.4,3.0,363.0,0.0,0.0,0.1487603305785124
35.0,5.0,41.0,0.1,0.1,0.4,3.0,359.0,0.0,0.0,0.14484679665738162
35.0,5.0,42.0,0.1,0.1,0.4,3.0,363.0,0.0,0.0,0.14600550964187328
35.0,5.0,43.0,0.1,0.1,0.4,3.0,358.0,0.0,0.0,0.1424581005586592
35.0,5.0,44.0,0.1,0.1,0.4,3.0,360.0,0.0,0.0,0.14166666666666666
35.0,5.0,45.0,0.1,0.1,0.4,3.0,350.0,0.0,0.0,0.2257142857142857
35.0,5.0,46.0,0.1,0.1,0.4,3.0,351.0,0.0,0.0,0.22792022792022792
35.0,5.0,47.0,0.1,0.1,0.4,3.0,341.0,0.0,0.0,0.21994134897360704
35.0,5.0,48.0,0.1,0.1,0.4,3.0,325.0,0.0,0.0,0.22153846153846155
35.0,5.0,49.0,0.1,0.1,0.4,3.0,319.0,0.0,0.0,0.22570532915360503
35.0,5.0,50.0,0.1,0.1,0.4,3.0,318.0,0.0,0.0,0.22641509433962265
35.0,5.0,51.0,0.1,0.1,0.4,3.0,308.0,0.0,0.0,0.22727272727272727
35.0,5.0,52.0,0.1,0.1,0.4,3.0,308.0,0.0,0.0,0.22727272727272727
35.0,6.0,1.0,0.1,0.1,0.4,3.0,308.0,0.0,0.0,0.22727272727272727
35.0,6.0,2.0,0.1,0.1,0.4,3.0,292.0,0.0,0.0,0.2363013698630137
35.0,6.0,3.0,0.1,0.1,0.4,3.0,291.0,0.0,0.0,0.23367697594501718
35.0,6.0,4.0,0.1,0.1,0.4,3.0,291.0,0.0,0.0,0.23711340206185566
35.0,6.0,5.0,0.1,0.1,0.4,3.0,290.0,0.0,0.0,0.23448275862068965
35.0,6.0,6.0,0.1,0.1,0.4,3.0,290.0,0.0,0.0,0.23793103448275862
35.0,6.0,7.0,0.1,0.1,0.4,3.0,280.0,0.0,0.0,0.2357142857142857
35.0,6.0,8.0,0.1,0.1,0.4,3.0,281.0,0.0,0.0,0.23843416370106763
35.0,6.0,9.0,0.1,0.1,0.4,3.0,279.0,0.0,0.0,0.23655913978494625
35.0,6.0,10.0,0.1,0.1,0.4,3.0,280.0,0.0,0.0,0.2392857142857143
35.0,6.0,11.0,0.1,0.1,0.4,3.0,279.0,0.0,0.0,0.23655913978494625
35.0,6.0,12.0,0.1,0.1,0.4,3.0,281.0,0.0,0.0,0.23843416370106763
35.0,6.0,13.0,0.1,0.1,0.4,3.0,279.0,0.0,0.0,0.23655913978494625
35.0,6.0,14.0,0.1,0.1,0.4,3.0,281.0,0.0,0.0,0.23843416370106763
35.0,6.0,15.0,0.1,0.1,0.4,3.0,277.0,0.0,0.0,0.23465703971119134
35.0,6.0,16.0,0.1,0.1,0.4,3.0,280.0,0.0,0.0,0.2392857142857143
35.0,6.0,17.0,0.1,0.1,0.4,3.0,277.0,0.0,0.0,0.23465703971119134
35.0,6.0,18.0,0.1,0.1,0.4,3.0,281.0,0.0,0.0,0.23843416370106763
35.0,6.0,19.0,0.1,0.1,0.4,3.0,277.0,0.0,0.0,0.23465703971119134
35.0,6.0,20.0,0.1,0.1,0.4,3.0,547.0,0.0,0.0,0.12248628884826325
35.0,6.0,21.0,0.1,0.1,0.4,3.0,498.0,0.0,0.0,0.1285140562248996
35.0,6.0,22.0,0.1,0.1,0.4,3.0,489.0,0.0,0.0,0.12883435582822086
35.0,6.0,23.0,0.1,0.1,0.4,3.0,472.0,0.0,0.0,0.13135593220338984
35.0,6.0,24.0,0.1,0.1,0.4,3.0,472.0,0.0,0.0,0.13559322033898305
35.0,6.0,25.0,0.1,0.1,0.4,3.0,468.0,0.0,0.0,0.13247863247863248
35.0,6.0,26.0,0.1,0.1,0.4,3.0,452.0,0.0,0.0,0.1415929203539823
35.0,6.0,27.0,0.1,0.1,0.4,3.0,449.0,0.0,0.0,0.13808463251670378
35.0,6.0,28.0,0.1,0.1,0.4,3.0,444.0,0.0,0.0,0.14189189189189189
35.0,6.0,29.0,0.1,0.1,0.4,3.0,441.0,0.0,0.0,0.1383219954648526
35.0,6.0,30.0,0.1,0.1,0.4,3.0,425.0,0.0,0.0,0.1411764705882353
35.0,6.0,31.0,0.1,0.1,0.4,3.0,414.0,0.0,0.0,0.13526570048309178
35.0,6.0,32.0,0.1,0.1,0.4,3.0,413.0,0.0,0.0,0.13801452784503632
35.0,6.0,33.0,0.1,0.1,0.4,3.0,411.0,0.0,0.0,0.13138686131386862
35.0,6.0,34.0,0.1,0.1,0.4,3.0,407.0,0.0,0.0,0.13267813267813267
35.0,6.0,35.0,0.1,0.1,0.4,3.0,390.0,0.0,0.0,0.13076923076923078
35.0,6.0,36.0,0.1,0.1,0.4,3.0,386.0,0.0,0.0,0.13730569948186527
35.0,6.0,37.0,0.1,0.1,0.4,3.0,374.0,0.0,0.0,0.13636363636363635
35.0,6.0,38.0,0.1,0.1,0.4,3.0,365.0,0.0,0.0,0.14246575342465753
35.0,6.0,39.0,0.1,0.1,0.4,3.0,361.0,0.0,0.0,0.1329639889196676
35.0,6.0,40.0,0.1,0.1,0.4,3.0,344.0,0.0,0.0,0.14244186046511628
35.0,6.0,41.0,0.1,0.1,0.4,3.0,331.0,0.0,0.0,0.13897280966767372
35.0,6.0,42.0,0.1,0.1,0.4,3.0,331.0,0.0,0.0,0.14501510574018128
35.0,6.0,43.0,0.1,0.1,0.4,3.0,329.0,0.0,0.0,0.1398176291793313
35.0,6.0,44.0,0.1,0.1,0.4,3.0,319.0,0.0,0.0,0.15047021943573669
35.0,6.0,45.0,0.1,0.1,0.4,3.0,306.0,0.0,0.0,0.21895424836601307
35.0,6.0,46.0,0.1,0.1,0.4,3.0,308.0,0.0,0.0,0.22402597402597402
35.0,6.0,47.0,0.1,0.1,0.4,3.0,307.0,0.0,0.0,0.22149837133550487
35.0,6.0,48.0,0.1,0.1,0.4,3.0,298.0,0.0,0.0,0.22483221476510068
35.0,6.0,49.0,0.1,0.1,0.4,3.0,288.0,0.0,0.0,0.22569444444444445
35.0,6.0,50.0,0.1,0.1,0.4,3.0,288.0,0.0,0.0,0.22916666666666666
35.0,6.0,51.0,0.1,0.1,0.4,3.0,286.0,0.0,0.0,0.2202797202797203
35.0,6.0,52.0,0.1,0.1,0.4,3.0,286.0,0.0,0.0,0.22727272727272727
35.0,7.0,1.0,0.1,0.1,0.4,3.0,286.0,0.0,0.0,0.22377622377622378
35.0,7.0,2.0,0.1,0.1,0.4,3.0,285.0,0.0,0.0,0.22105263157894736
35.0,7.0,3.0,0.1,0.1,0.4,3.0,283.0,0.0,0.0,0.21554770318021202
35.0,7.0,4.0,0.1,0.1,0.4,3.0,282.0,0.0,0.0,0.21631205673758866
35.0,7.0,5.0,0.1,0.1,0.4,3.0,280.0,0.0,0.0,0.21428571428571427
35.0,7.0,6.0,0.1,0.1,0.4,3.0,281.0,0.0,0.0,0.21708185053380782
35.0,7.0,7.0,0.1,0.1,0.4,3.0,279.0,0.0,0.0,0.21505376344086022
35.0,7.0,8.0,0.1,0.1,0.4,3.0,272.0,0.0,0.0,0.22058823529411764
35.0,7.0,9.0,0.1,0.1,0.4,3.0,269.0,0.0,0.0,0.21933085501858737
35.0,7.0,10.0,0.1,0.1,0.4,3.0,270.0,0.0,0.0,0.2222222222222222
35.0,7.0,11.0,0.1,0.1,0.4,3.0,269.0,0.0,0.0,0.21933085501858737
35.0,7.0,12.0,0.1,0.1,0.4,3.0,260.0,0.0,0.0,0.22692307692307692
35.0,7.0,13.0,0.1,0.1,0.4,3.0,259.0,0.0,0.0,0.22393822393822393
35.0,7.0,14.0,0.1,0.1,0.4,3.0,259.0,0.0,0.0,0.2277992277992278
35.0,7.0,15.0,0.1,0.1,0.4,3.0,258.0,0.0,0.0,0.2248062015503876
35.0,7.0,16.0,0.1,0.1,0.4,3.0,258.0,0.0,0.0,0.2248062015503876
35.0,7.0,17.0,0.1,0.1,0.4,3.0,257.0,0.0,0.0,0.22178988326848248
35.0,7.0,18.0,0.1,0.1,0.4,3.0,258.0,0.0,0.0,0.2248062015503876
35.0,7.0,19.0,0.1,0.1,0.4,3.0,257.0,0.0,0.0,0.22178988326848248
35.0,7.0,20.0,0.1,0.1,0.4,3.0,483.0,0.0,0.0,0.12008281573498965
35.0,7.0,21.0,0.1,0.1,0.4,3.0,457.0,0.0,0.0,0.12691466083150985
35.0,7.0,22.0,0.1,0.1,0.4,3.0,436.0,0.0,0.0,0.12844036697247707
35.0,7.0,23.0,0.1,0.1,0.4,3.0,402.0,0.0,0.0,0.12437810945273632
35.0,7.0,24.0,0.1,0.1,0.4,3.0,379.0,0.0,0.0,0.1266490765171504
35.0,7.0,25.0,0.1,0.1,0.4,3.0,367.0,0.0,0.0,0.12534059945504086
35.0,7.0,26.0,0.1,0.1,0.4,3.0,367.0,0.0,0.0,0.1226158038147139
35.0,7.0,27.0,0.1,0.1,0.4,3.0,358.0,0.0,0.0,0.12569832402234637
35.0,7.0,28.0,0.1,0.1,0.4,3.0,318.0,0.0,0.0,0.11949685534591195
35.0,7.0,29.0,0.1,0.1,0.4,3.0,300.0,0.0,0.0,0.12666666666666668
35.0,7.0,30.0,0.1,0.1,0.4,3.0,301.0,0.0,0.0,0.12624584717607973
35.0,7.0,31.0,0.1,0.1,0.4,3.0,273.0,0.0,0.0,0.1282051282051282
35.0,7.0,32.0,0.1,0.1,0.4,3.0,274.0,0.0,0.0,0.12773722627737227
35.0,7.0,33.0,0.1,0.1,0.4,3.0,257.0,0.0,0.0,0.13618677042801555
35.0,7.0,34.0,0.1,0.1,0.4,3.0,258.0,0.0,0.0,0.13565891472868216
35.0,7.0,35.0,0.1,0.1,0.4,3.0,249.0,0.0,0.0,0.13654618473895583
35.0,7.0,36.0,0.1,0.1,0.4,3.0,237.0,0.0,0.0,0.14345991561181434
35.0,7.0,37.0,0.1,0.1,0.4,3.0,228.0,0.0,0.0,0.14912280701754385
35.0,7.0,38.0,0.1,0.1,0.4,3.0,228.0,0.0,0.0,0.14473684210526316
35.0,7.0,39.0,0.1,0.1,0.4,3.0,227.0,0.0,0.0,0.14537444933920704
35.0,7.0,40.0,0.1,0.1,0.4,3.0,228.0,0.0,0.0,0.14473684210526316
35.0,7.0,41.0,0.1,0.1,0.4,3.0,227.0,0.0,0.0,0.14537444933920704
35.0,7.0,42.0,0.1,0.1,0.4,3.0,228.0,0.0,0.0,0.14473684210526316
35.0,7.0,43.0,0.1,0.1,0.4,3.0,227.0,0.0,0.0,0.14537444933920704
35.0,7.0,44.0,0.1,0.1,0.4,3.0,227.0,0.0,0.0,0.14537444933920704
35.0,7.0,45.0,0.1,0.1,0.4,3.0,226.0,0.0,0.0,0.18141592920353983
35.0,7.0,46.0,0.1,0.1,0.4,3.0,227.0,0.0,0.0,0.18061674008810572
35.0,7.0,47.0,0.1,0.1,0.4,3.0,227.0,0.0,0.0,0.18061674008810572
35.0,7.0,48.0,0.1,0.1,0.4,3.0,227.0,0.0,0.0,0.18061674008810572
35.0,7.0,49.0,0.1,0.1,0.4,3.0,227.0,0.0,0.0,0.18061674008810572
35.0,7.0,50.0,0.1,0.1,0.4,3.0,227.0,0.0,0.0,0.18061674008810572
35.0,7.0,51.0,0.1,0.1,0.4,3.0,227.0,0.0,0.0,0.18061674008810572
35.0,7.0,52.0,0.1,0.1,0.4,3.0,227.0,0.0,0.0,0.18061674008810572
35.0,8.0,1.0,0.1,0.1,0.4,3.0,227.0,0.0,0.0,0.18061674008810572
35.0,8.0,2.0,0.1,0.1,0.4,3.0,227.0,0.0,0.0,0.18061674008810572
35.0,8.0,3.0,0.1,0.1,0.4,3.0,227.0,0.0,0.0,0.18061674008810572
35.0,8.0,4.0,0.1,0.1,0.4,3.0,227.0,0.0,0.0,0.18061674008810572
35.0,8.0,5.0,0.1,0.1,0.4,3.0,227.0,0.0,0.0,0.18061674008810572
35.0,8.0,6.0,0.1,0.1,0.4,3.0,227.0,0.0,0.0,0.18061674008810572
35.0,8.0,7.0,0.1,0.1,0.4,3.0,227.0,0.0,0.0,0.18061674008810572
35.0,8.0,8.0,0.1,0.1,0.4,3.0,227.0,0.0,0.0,0.18061674008810572
35.0,8.0,9.0,0.1,0.1,0.4,3.0,227.0,0.0,0.0,0.18061674008810572
35.0,8.0,10.0,0.1,0.1,0.4,3.0,227.0,0.0,0.0,0.18061674008810572
35.0,8.0,11.0,0.1,0.1,0.4,3.0,227.0,0.0,0.0,0.18061674008810572
35.0,8.0,12.0,0.1,0.1,0.4,3.0,227.0,0.0,0.0,0.18061674008810572
35.0,8.0,13.0,0.1,0.1,0.4,3.0,227.0,0.0,0.0,0.18061674008810572
35.0,8.0,14.0,0.1,0.1,0.4,3.0,227.0,0.0,0.0,0.18061674008810572
35.0,8.0,15.0,0.1,0.1,0.4,3.0,227.0,0.0,0.0,0.18061674008810572
35.0,8.0,16.0,0.1,0.1,0.4,3.0,227.0,0.0,0.0,0.18061674008810572
35.0,8.0,17.0,0.1,0.1,0.4,3.0,227.0,0.0,0.0,0.18061674008810572
35.0,8.0,18.0,0.1,0.1,0.4,3.0,227.0,0.0,0.0,0.18061674008810572
35.0,8.0,19.0,0.1,0.1,0.4,3.0,227.0,0.0,0.0,0.18061674008810572
35.0,8.0,20.0,0.1,0.1,0.4,3.0,425.0,0.0,0.0,0.09647058823529411
35.0,8.0,21.0,0.1,0.1,0.4,3.0,416.0,0.0,0.0,0.0985576923076923
35.0,8.0,22.0,0.1,0.1,0.4,3.0,406.0,0.0,0.0,0.10098522167487685
35.0,8.0,23.0,0.1,0.1,0.4,3.0,378.0,0.0,0.0,0.10582010582010581
35.0,8.0,24.0,0.1,0.1,0.4,3.0,364.0,0.0,0.0,0.10714285714285714
35.0,8.0,25.0,0.1,0.1,0.4,3.0,342.0,0.0,0.0,0.10818713450292397
35.0,8.0,26.0,0.1,0.1,0.4,3.0,310.0,0.0,0.0,0.10967741935483871
35.0,8.0,27.0,0.1,0.1,0.4,3.0,302.0,0.0,0.0,0.10927152317880795
35.0,8.0,28.0,0.1,0.1,0.4,3.0,302.0,0.0,0.0,0.10927152317880795
35.0,8.0,29.0,0.1,0.1,0.4,3.0,283.0,0.0,0.0,0.1166077738515901
35.0,8.0,30.0,0.1,0.1,0.4,3.0,283.0,0.0,0.0,0.1166077738515901
35.0,8.0,31.0,0.1,0.1,0.4,3.0,283.0,0.0,0.0,0.1166077738515901
35.0,8.0,32.0,0.1,0.1,0.4,3.0,283.0,0.0,0.0,0.1166077738515901
35.0,8.0,33.0,0.1,0.1,0.4,3.0,283.0,0.0,0.0,0.1166077738515901
35.0,8.0,34.0,0.1,0.1,0.4,3.0,273.0,0.0,0.0,0.11721611721611722
35.0,8.0,35.0,0.1,0.1,0.4,3.0,274.0,0.0,0.0,0.11678832116788321
35.0,8.0,36.0,0.1,0.1,0.4,3.0,273.0,0.0,0.0,0.11721611721611722
35.0,8.0,37.0,0.1,0.1,0.4,3.0,255.0,0.0,0.0,0.12549019607843137
35.0,8.0,38.0,0.1,0.1,0.4,3.0,254.0,0.0,0.0,0.12598425196850394
35.0,8.0,39.0,0.1,0.1,0.4,3.0,238.0,0.0,0.0,0.13025210084033614
35.0,8.0,40.0,0.1,0.1,0.4,3.0,237.0,0.0,0.0,0.1308016877637131
35.0,8.0,41.0,0.1,0.1,0.4,3.0,229.0,0.0,0.0,0.13100436681222707
35.0,8.0,42.0,0.1,0.1,0.4,3.0,229.0,0.0,0.0,0.13100436681222707
35.0,8.0,43.0,0.1,0.1,0.4,3.0,214.0,0.0,0.0,0.14018691588785046
35.0,8.0,44.0,0.1,0.1,0.4,3.0,206.0,0.0,0.0,0.14563106796116504
35.0,8.0,45.0,0.1,0.1,0.4,3.0,204.0,0.0,0.0,0.2107843137254902
35.0,8.0,46.0,0.1,0.1,0.4,3.0,194.0,0.0,0.0,0.22164948453608246
35.0,8.0,47.0,0.1,0.1,0.4,3.0,193.0,0.0,0.0,0.22279792746113988
35.0,8.0,48.0,0.1,0.1,0.4,3.0,194.0,0.0,0.0,0.22164948453608246
35.0,8.0,49.0,0.1,0.1,0.4,3.0,193.0,0.0,0.0,0.22279792746113988
35.0,8.0,50.0,0.1,0.1,0.4,3.0,194.0,0.0,0.0,0.22164948453608246
35.0,8.0,51.0,0.1,0.1,0.4,3.0,193.0,0.0,0.0,0.22279792746113988
35.0,8.0,52.0,0.1,0.1,0.4,3.0,192.0,0.0,0.0,0.22395833333333334
35.0,9.0,1.0,0.1,0.1,0.4,3.0,193.0,0.0,0.0,0.22279792746113988
35.0,9.0,2.0,0.1,0.1,0.4,3.0,192.0,0.0,0.0,0.22395833333333334
35.0,9.0,3.0,0.1,0.1,0.4,3.0,193.0,0.0,0.0,0.22279792746113988
35.0,9.0,4.0,0.1,0.1,0.4,3.0,192.0,0.0,0.0,0.22395833333333334
35.0,9.0,5.0,0.1,0.1,0.4,3.0,193.0,0.0,0.0,0.22279792746113988
35.0,9.0,6.0,0.1,0.1,0.4,3.0,192.0,0.0,0.0,0.22395833333333334
35.0,9.0,7.0,0.1,0.1,0.4,3.0,192.0,0.0,0.0,0.22395833333333334
35.0,9.0,8.0,0.1,0.1,0.4,3.0,193.0,0.0,0.0,0.22279792746113988
35.0,9.0,9.0,0.1,0.1,0.4,3.0,192.0,0.0,0.0,0.22395833333333334
35.0,9.0,10.0,0.1,0.1,0.4,3.0,193.0,0.0,0.0,0.22279792746113988
35.0,9.0,11.0,0.1,0.1,0.4,3.0,193.0,0.0,0.0,0.22279792746113988
35.0,9.0,12.0,0.1,0.1,0.4,3.0,192.0,0.0,0.0,0.22395833333333334
35.0,9.0,13.0,0.1,0.1,0.4,3.0,183.0,0.0,0.0,0.23497267759562843
35.0,9.0,14.0,0.1,0.1,0.4,3.0,183.0,0.0,0.0,0.23497267759562843
35.0,9.0,15.0,0.1,0.1,0.4,3.0,182.0,0.0,0.0,0.23626373626373626
35.0,9.0,16.0,0.1,0.1,0.4,3.0,183.0,0.0,0.0,0.23497267759562843
35.0,9.0,17.0,0.1,0.1,0.4,3.0,183.0,0.0,0.0,0.23497267759562843
35.0,9.0,18.0,0.1,0.1,0.4,3.0,182.0,0.0,0.0,0.23626373626373626
35.0,9.0,19.0,0.1,0.1,0.4,3.0,183.0,0.0,0.0,0.23497267759562843
35.0,9.0,20.0,0.1,0.1,0.4,3.0,267.0,0.0,0.0,0.11610486891385768
35.0,9.0,21.0,0.1,0.1,0.4,3.0,245.0,0.0,0.0,0.11836734693877551
35.0,9.0,22.0,0.1,0.1,0.4,3.0,244.0,0.0,0.0,0.11885245901639344
35.0,9.0,23.0,0.1,0.1,0.4,3.0,236.0,0.0,0.0,0.1228813559322034
35.0,9.0,24.0,0.1,0.1,0.4,3.0,236.0,0.0,0.0,0.1228813559322034
35.0,9.0,25.0,0.1,0.1,0.4,3.0,235.0,0.0,0.0,0.12340425531914893
35.0,9.0,26.0,0.1,0.1,0.4,3.0,226.0,0.0,0.0,0.12831858407079647
35.0,9.0,27.0,0.1,0.1,0.4,3.0,225.0,0.0,0.0,0.1288888888888889
35.0,9.0,28.0,0.1,0.1,0.4,3.0,226.0,0.0,0.0,0.12831858407079647
35.0,9.0,29.0,0.1,0.1,0.4,3.0,217.0,0.0,0.0,0.12903225806451613
35.0,9.0,30.0,0.1,0.1,0.4,3.0,218.0,0.0,0.0,0.12844036697247707
35.0,9.0,31.0,0.1,0.1,0.4,3.0,197.0,0.0,0.0,0.13705583756345177
35.0,9.0,32.0,0.1,0.1,0.4,3.0,198.0,0.0,0.0,0.13636363636363635
35.0,9.0,33.0,0.1,0.1,0.4,3.0,198.0,0.0,0.0,0.13636363636363635
35.0,9.0,34.0,0.1,0.1,0.4,3.0,198.0,0.0,0.0,0.13636363636363635
35.0,9.0,35.0,0.1,0.1,0.4,3.0,198.0,0.0,0.0,0.13636363636363635
35.0,9.0,36.0,0.1,0.1,0.4,3.0,198.0,0.0,0.0,0.13636363636363635
35.0,9.0,37.0,0.1,0.1,0.4,3.0,197.0,0.0,0.0,0.13705583756345177
35.0,9.0,38.0,0.1,0.1,0.4,3.0,198.0,0.0,0.0,0.13636363636363635
35.0,9.0,39.0,0.1,0.1,0.4,3.0,197.0,0.0,0.0,0.13705583756345177
35.0,9.0,40.0,0.1,0.1,0.4,3.0,198.0,0.0,0.0,0.13636363636363635
35.0,9.0,41.0,0.1,0.1,0.4,3.0,198.0,0.0,0.0,0.13636363636363635
35.0,9.0,42.0,0.1,0.1,0.4,3.0,197.0,0.0,0.0,0.13705583756345177
35.0,9.0,43.0,0.1,0.1,0.4,3.0,198.0,0.0,0.0,0.13636363636363635
35.0,9.0,44.0,0.1,0.1,0.4,3.0,197.0,0.0,0.0,0.13705583756345177
35.0,9.0,45.0,0.1,0.1,0.4,3.0,198.0,0.0,0.0,0.20707070707070707
35.0,9.0,46.0,0.1,0.1,0.4,3.0,197.0,0.0,0.0,0.20812182741116753
35.0,9.0,47.0,0.1,0.1,0.4,3.0,198.0,0.0,0.0,0.20707070707070707
35.0,9.0,48.0,0.1,0.1,0.4,3.0,198.0,0.0,0.0,0.20707070707070707
35.0,9.0,49.0,0.1,0.1,0.4,3.0,198.0,0.0,0.0,0.20707070707070707
35.0,9.0,50.0,0.1,0.1,0.4,3.0,198.0,0.0,0.0,0.20707070707070707
35.0,9.0,51.0,0.1,0.1,0.4,3.0,197.0,0.0,0.0,0.20812182741116753
35.0,9.0,52.0,0.1,0.1,0.4,3.0,198.0,0.0,0.0,0.20707070707070707
35.0,10.0,1.0,0.1,0.1,0.4,3.0,197.0,0.0,0.0,0.20812182741116753
35.0,10.0,2.0,0.1,0.1,0.4,3.0,198.0,0.0,0.0,0.20707070707070707
35.0,10.0,3.0,0.1,0.1,0.4,3.0,197.0,0.0,0.0,0.20812182741116753
35.0,10.0,4.0,0.1,0.1,0.4,3.0,197.0,0.0,0.0,0.20812182741116753
35.0,10.0,5.0,0.1,0.1,0.4,3.0,198.0,0.0,0.0,0.20707070707070707
35.0,10.0,6.0,0.1,0.1,0.4,3.0,198.0,0.0,0.0,0.20707070707070707
35.0,10.0,7.0,0.1,0.1,0.4,3.0,198.0,0.0,0.0,0.20707070707070707
35.0,10.0,8.0,0.1,0.1,0.4,3.0,198.0,0.0,0.0,0.20707070707070707
35.0,10.0,9.0,0.1,0.1,0.4,3.0,198.0,0.0,0.0,0.20707070707070707
35.0,10.0,10.0,0.1,0.1,0.4,3.0,198.0,0.0,0.0,0.20707070707070707
35.0,10.0,11.0,0.1,0.1,0.4,3.0,197.0,0.0,0.0,0.20812182741116753
35.0,10.0,12.0,0.1,0.1,0.4,3.0,198.0,0.0,0.0,0.20707070707070707
35.0,10.0,13.0,0.1,0.1,0.4,3.0,197.0,0.0,0.0,0.20812182741116753
35.0,10.0,14.0,0.1,0.1,0.4,3.0,198.0,0.0,0.0,0.20707070707070707
35.0,10.0,15.0,0.1,0.1,0.4,3.0,188.0,0.0,0.0,0.20212765957446807
35.0,10.0,16.0,0.1,0.1,0.4,3.0,189.0,0.0,0.0,0.20634920634920634
35.0,10.0,17.0,0.1,0.1,0.4,3.0,190.0,0.0,0.0,0.20526315789473684
35.0,10.0,18.0,0.1,0.1,0.4,3.0,189.0,0.0,0.0,0.20634920634920634
35.0,10.0,19.0,0.1,0.1,0.4,3.0,190.0,0.0,0.0,0.20526315789473684
35.0,10.0,20.0,0.1,0.1,0.4,3.0,249.0,0.0,0.0,0.11646586345381527
35.0,10.0,21.0,0.1,0.1,0.4,3.0,249.0,0.0,0.0,0.11646586345381527
35.0,10.0,22.0,0.1,0.1,0.4,3.0,241.0,0.0,0.0,0.11203319502074689
35.0,10.0,23.0,0.1,0.1,0.4,3.0,240.0,0.0,0.0,0.1125
35.0,10.0,24.0,0.1,0.1,0.4,3.0,241.0,0.0,0.0,0.11203319502074689
35.0,10.0,25.0,0.1,0.1,0.4,3.0,240.0,0.0,0.0,0.1125
35.0,10.0,26.0,0.1,0.1,0.4,3.0,241.0,0.0,0.0,0.11203319502074689
35.0,10.0,27.0,0.1,0.1,0.4,3.0,228.0,0.0,0.0,0.11842105263157894
35.0,10.0,28.0,0.1,0.1,0.4,3.0,214.0,0.0,0.0,0.1261682242990654
35.0,10.0,29.0,0.1,0.1,0.4,3.0,214.0,0.0,0.0,0.1261682242990654
35.0,10.0,30.0,0.1,0.1,0.4,3.0,213.0,0.0,0.0,0.1267605633802817
35.0,10.0,31.0,0.1,0.1,0.4,3.0,214.0,0.0,0.0,0.1261682242990654
35.0,10.0,32.0,0.1,0.1,0.4,3.0,205.0,0.0,0.0,0.12682926829268293
35.0,10.0,33.0,0.1,0.1,0.4,3.0,206.0,0.0,0.0,0.1262135922330097
35.0,10.0,34.0,0.1,0.1,0.4,3.0,205.0,0.0,0.0,0.12682926829268293
35.0,10.0,35.0,0.1,0.1,0.4,3.0,206.0,0.0,0.0,0.1262135922330097
35.0,10.0,36.0,0.1,0.1,0.4,3.0,205.0,0.0,0.0,0.12682926829268293
35.0,10.0,37.0,0.1,0.1,0.4,3.0,206.0,0.0,0.0,0.1262135922330097
35.0,10.0,38.0,0.1,0.1,0.4,3.0,197.0,0.0,0.0,0.1319796954314721
35.0,10.0,39.0,0.1,0.1,0.4,3.0,198.0,0.0,0.0,0.13131313131313133
35.0,10.0,40.0,0.1,0.1,0.4,3.0,196.0,0.0,0.0,0.1326530612244898
35.0,10.0,41.0,0.1,0.1,0.4,3.0,197.0,0.0,0.0,0.1319796954314721
35.0,10.0,42.0,0.1,0.1,0.4,3.0,196.0,0.0,0.0,0.1326530612244898
35.0,10.0,43.0,0.1,0.1,0.4,3.0,197.0,0.0,0.0,0.1319796954314721
35.0,10.0,44.0,0.1,0.1,0.4,3.0,197.0,0.0,0.0,0.1319796954314721
35.0,10.0,45.0,0.1,0.1,0.4,3.0,188.0,0.0,0.0,0.2393617021276596
35.0,10.0,46.0,0.1,0.1,0.4,3.0,188.0,0.0,0.0,0.2393617021276596
35.0,10.0,47.0,0.1,0.1,0.4,3.0,187.0,0.0,0.0,0.24064171122994651
35.0,10.0,48.0,0.1,0.1,0.4,3.0,188.0,0.0,0.0,0.2393617021276596
35.0,10.0,49.0,0.1,0.1,0.4,3.0,187.0,0.0,0.0,0.24064171122994651
35.0,10.0,50.0,0.1,0.1,0.4,3.0,187.0,0.0,0.0,0.24064171122994651
35.0,10.0,51.0,0.1,0.1,0.4,3.0,188.0,0.0,0.0,0.2393617021276596
35.0,10.0,52.0,0.1,0.1,0.4,3.0,187.0,0.0,0.0,0.24064171122994651
36.0,1.0,1.0,0.1,0.1,0.4,3.0,5138.0,50.0,6.0,0.10179057999221487
36.0,1.0,2.0,0.1,0.1,0.4,3.0,4975.0,57.0,19.0,0.1021105527638191
36.0,1.0,3.0,0.1,0.1,0.4,3.0,4786.0,73.0,33.0,0.10196406184705391
36.0,1.0,4.0,0.1,0.1,0.4,3.0,4698.0,100.0,40.0,0.10238399318859089
36.0,1.0,5.0,0.1,0.1,0.4,3.0,4590.0,113.0,40.0,0.1056644880174292
36.0,1.0,6.0,0.1,0.1,0.4,3.0,4422.0,145.0,47.0,0.10719131614654002
36.0,1.0,7.0,0.1,0.1,0.4,3.0,4156.0,168.0,60.0,0.1039461020211742
36.0,1.0,8.0,0.1,0.1,0.4,3.0,3973.0,188.0,68.0,0.10546186760634281
36.0,1.0,9.0,0.1,0.1,0.4,3.0,3823.0,250.0,81.0,0.10541459586712006
36.0,1.0,10.0,0.1,0.1,0.4,3.0,3686.0,252.0,100.0,0.1079761258817146
36.0,1.0,11.0,0.1,0.1,0.4,3.0,3477.0,274.0,129.0,0.10612597066436583
36.0,1.0,12.0,0.1,0.1,0.4,3.0,3374.0,302.0,140.0,0.10966212211025489
36.0,1.0,13.0,0.1,0.1,0.4,3.0,3199.0,296.0,129.0,0.1103469834323226
36.0,1.0,14.0,0.1,0.1,0.4,3.0,3031.0,278.0,127.0,0.11316397228637413
36.0,1.0,15.0,0.1,0.1,0.4,3.0,2923.0,270.0,143.0,0.11495039343140609
36.0,1.0,16.0,0.1,0.1,0.4,3.0,2785.0,258.0,137.0,0.11526032315978456
36.0,1.0,17.0,0.1,0.1,0.4,3.0,2716.0,255.0,131.0,0.11892488954344624
36.0,1.0,18.0,0.1,0.1,0.4,3.0,2643.0,228.0,112.0,0.12069617858494136
36.0,1.0,19.0,0.1,0.1,0.4,3.0,2562.0,209.0,117.0,0.12177985948477751
36.0,1.0,20.0,0.1,0.1,0.4,3.0,6757.0,196.0,100.0,0.04543436436288294
36.0,1.0,21.0,0.1,0.1,0.4,3.0,5999.0,259.0,88.0,0.045840973495582596
36.0,1.0,22.0,0.1,0.1,0.4,3.0,5473.0,278.0,96.0,0.047505938242280284
36.0,1.0,23.0,0.1,0.1,0.4,3.0,5217.0,328.0,117.0,0.04772857964347326
36.0,1.0,24.0,0.1,0.1,0.4,3.0,4794.0,338.0,133.0,0.04985398414685023
36.0,1.0,25.0,0.1,0.1,0.4,3.0,4489.0,323.0,128.0,0.05034528848295834
36.0,1.0,26.0,0.1,0.1,0.4,3.0,4103.0,336.0,145.0,0.05313185474043383
36.0,1.0,27.0,0.1,0.1,0.4,3.0,3793.0,360.0,144.0,0.054574215660427104
36.0,1.0,28.0,0.1,0.1,0.4,3.0,3474.0,369.0,151.0,0.05699481865284974
36.0,1.0,29.0,0.1,0.1,0.4,3.0,3265.0,346.0,150.0,0.05941807044410413
36.0,1.0,30.0,0.1,0.1,0.4,3.0,2988.0,371.0,150.0,0.06291834002677377
36.0,1.0,31.0,0.1,0.1,0.4,3.0,2771.0,359.0,149.0,0.06640202093107181
36.0,1.0,32.0,0.1,0.1,0.4,3.0,2580.0,347.0,147.0,0.0686046511627907
36.0,1.0,33.0,0.1,0.1,0.4,3.0,2403.0,345.0,142.0,0.071993341656263
36.0,1.0,34.0,0.1,0.1,0.4,3.0,2196.0,331.0,141.0,0.075591985428051
36.0,1.0,35.0,0.1,0.1,0.4,3.0,2127.0,325.0,134.0,0.076633756464504
36.0,1.0,36.0,0.1,0.1,0.4,3.0,1996.0,301.0,141.0,0.08166332665330661
36.0,1.0,37.0,0.1,0.1,0.4,3.0,1855.0,309.0,152.0,0.08571428571428572
36.0,1.0,38.0,0.1,0.1,0.4,3.0,1701.0,289.0,142.0,0.09229864785420341
36.0,1.0,39.0,0.1,0.1,0.4,3.0,1588.0,296.0,134.0,0.09634760705289673
36.0,1.0,40.0,0.1,0.1,0.4,3.0,1451.0,261.0,107.0,0.10337698139214335
36.0,1.0,41.0,0.1,0.1,0.4,3.0,1371.0,233.0,125.0,0.10867979576951131
36.0,1.0,42.0,0.1,0.1,0.4,3.0,1270.0,213.0,114.0,0.11338582677165354
36.0,1.0,43.0,0.1,0.1,0.4,3.0,1201.0,212.0,108.0,0.11990008326394672
36.0,1.0,44.0,0.1,0.1,0.4,3.0,1111.0,183.0,76.0,0.1278127812781278
36.0,1.0,45.0,0.1,0.1,0.4,3.0,1061.0,164.0,78.0,0.1885014137606032
36.0,1.0,46.0,0.1,0.1,0.4,3.0,1008.0,159.0,75.0,0.19444444444444445
36.0,1.0,47.0,0.1,0.1,0.4,3.0,974.0,159.0,76.0,0.20123203285420946
36.0,1.0,48.0,0.1,0.1,0.4,3.0,920.0,147.0,73.0,0.20326086956521738
36.0,1.0,49.0,0.1,0.1,0.4,3.0,864.0,134.0,71.0,0.20949074074074073
36.0,1.0,50.0,0.1,0.1,0.4,3.0,830.0,126.0,70.0,0.21325301204819277
36.0,1.0,51.0,0.1,0.1,0.4,3.0,780.0,112.0,67.0,0.22564102564102564
36.0,1.0,52.0,0.1,0.1,0.4,3.0,758.0,101.0,60.0,0.22823218997361477
36.0,2.0,1.0,0.1,0.1,0.4,3.0,726.0,89.0,46.0,0.24104683195592286
36.0,2.0,2.0,0.1,0.1,0.4,3.0,704.0,70.0,40.0,0.24147727272727273
36.0,2.0,3.0,0.1,0.1,0.4,3.0,682.0,62.0,36.0,0.25219941348973607
36.0,2.0,4.0,0.1,0.1,0.4,3.0,674.0,60.0,34.0,0.24925816023738873
36.0,2.0,5.0,0.1,0.1,0.4,3.0,648.0,46.0,25.0,0.2623456790123457
36.0,2.0,6.0,0.1,0.1,0.4,3.0,636.0,42.0,26.0,0.26257861635220126
36.0,2.0,7.0,0.1,0.1,0.4,3.0,615.0,38.0,24.0,0.26991869918699185
36.0,2.0,8.0,0.1,0.1,0.4,3.0,611.0,35.0,20.0,0.2700490998363339
36.0,2.0,9.0,0.1,0.1,0.4,3.0,586.0,25.0,14.0,0.2815699658703072
36.0,2.0,10.0,0.1,0.1,0.4,3.0,583.0,19.0,12.0,0.27958833619210977
36.0,2.0,11.0,0.1,0.1,0.4,3.0,570.0,19.0,13.0,0.2894736842105263
36.0,2.0,12.0,0.1,0.1,0.4,3.0,555.0,13.0,9.0,0.29009009009009007
36.0,2.0,13.0,0.1,0.1,0.4,3.0,546.0,11.0,8.0,0.2967032967032967
36.0,2.0,14.0,0.1,0.1,0.4,3.0,543.0,9.0,5.0,0.289134438305709
36.0,2.0,15.0,0.1,0.1,0.4,3.0,535.0,9.0,5.0,0.297196261682243
36.0,2.0,16.0,0.1,0.1,0.4,3.0,529.0,7.0,4.0,0.2892249527410208
36.0,2.0,17.0,0.1,0.1,0.4,3.0,515.0,8.0,3.0,0.29902912621359223
36.0,2.0,18.0,0.1,0.1,0.4,3.0,518.0,7.0,4.0,0.2915057915057915
36.0,2.0,19.0,0.1,0.1,0.4,3.0,507.0,7.0,4.0,0.2978303747534517
36.0,2.0,20.0,0.1,0.1,0.4,3.0,1030.0,8.0,4.0,0.14466019417475728
36.0,2.0,21.0,0.1,0.1,0.4,3.0,952.0,10.0,4.0,0.15336134453781514
36.0,2.0,22.0,0.1,0.1,0.4,3.0,926.0,5.0,1.0,0.15010799136069114
36.0,2.0,23.0,0.1,0.1,0.4,3.0,885.0,5.0,2.0,0.15932203389830507
36.0,2.0,24.0,0.1,0.1,0.4,3.0,859.0,6.0,3.0,0.1559953434225844
36.0,2.0,25.0,0.1,0.1,0.4,3.0,807.0,8.0,3.0,0.15861214374225527
36.0,2.0,26.0,0.1,0.1,0.4,3.0,785.0,13.0,4.0,0.15414012738853503
36.0,2.0,27.0,0.1,0.1,0.4,3.0,769.0,12.0,6.0,0.15864759427828348
36.0,2.0,28.0,0.1,0.1,0.4,3.0,746.0,14.0,8.0,0.15951742627345844
36.0,2.0,29.0,0.1,0.1,0.4,3.0,721.0,13.0,7.0,0.1636615811373093
36.0,2.0,30.0,0.1,0.1,0.4,3.0,699.0,14.0,8.0,0.15879828326180256
36.0,2.0,31.0,0.1,0.1,0.4,3.0,690.0,18.0,6.0,0.16231884057971013
36.0,2.0,32.0,0.1,0.1,0.4,3.0,677.0,24.0,7.0,0.15805022156573117
36.0,2.0,33.0,0.1,0.1,0.4,3.0,679.0,22.0,7.0,0.16494845360824742
36.0,2.0,34.0,0.1,0.1,0.4,3.0,663.0,18.0,7.0,0.16289592760180996
36.0,2.0,35.0,0.1,0.1,0.4,3.0,642.0,15.0,7.0,0.16666666666666666
36.0,2.0,36.0,0.1,0.1,0.4,3.0,633.0,13.0,7.0,0.16429699842022116
36.0,2.0,37.0,0.1,0.1,0.4,3.0,612.0,10.0,4.0,0.16666666666666666
36.0,2.0,38.0,0.1,0.1,0.4,3.0,590.0,8.0,6.0,0.16610169491525423
36.0,2.0,39.0,0.1,0.1,0.4,3.0,583.0,5.0,4.0,0.16981132075471697
36.0,2.0,40.0,0.1,0.1,0.4,3.0,575.0,7.0,5.0,0.16695652173913045
36.0,2.0,41.0,0.1,0.1,0.4,3.0,547.0,2.0,0.0,0.17184643510054845
36.0,2.0,42.0,0.1,0.1,0.4,3.0,549.0,4.0,1.0,0.17122040072859745
36.0,2.0,43.0,0.1,0.1,0.4,3.0,542.0,3.0,2.0,0.16974169741697417
36.0,2.0,44.0,0.1,0.1,0.4,3.0,531.0,4.0,3.0,0.16760828625235405
36.0,2.0,45.0,0.1,0.1,0.4,3.0,510.0,3.0,1.0,0.23921568627450981
36.0,2.0,46.0,0.1,0.1,0.4,3.0,496.0,4.0,1.0,0.24193548387096775
36.0,2.0,47.0,0.1,0.1,0.4,3.0,493.0,3.0,1.0,0.2413793103448276
36.0,2.0,48.0,0.1,0.1,0.4,3.0,488.0,4.0,1.0,0.24180327868852458
36.0,2.0,49.0,0.1,0.1,0.4,3.0,486.0,3.0,1.0,0.24074074074074073
36.0,2.0,50.0,0.1,0.1,0.4,3.0,485.0,2.0,1.0,0.24123711340206186
36.0,2.0,51.0,0.1,0.1,0.4,3.0,478.0,2.0,2.0,0.2384937238493724
36.0,2.0,52.0,0.1,0.1,0.4,3.0,476.0,2.0,2.0,0.23949579831932774
36.0,3.0,1.0,0.1,0.1,0.4,3.0,471.0,1.0,1.0,0.23991507430997877
36.0,3.0,2.0,0.1,0.1,0.4,3.0,467.0,0.0,0.0,0.23768736616702354
36.0,3.0,3.0,0.1,0.1,0.4,3.0,461.0,0.0,0.0,0.23644251626898047
36.0,3.0,4.0,0.1,0.1,0.4,3.0,461.0,0.0,0.0,0.2386117136659436
36.0,3.0,5.0,0.1,0.1,0.4,3.0,462.0,0.0,0.0,0.23593073593073594
36.0,3.0,6.0,0.1,0.1,0.4,3.0,461.0,0.0,0.0,0.2386117136659436
36.0,3.0,7.0,0.1,0.1,0.4,3.0,463.0,0.0,0.0,0.23974082073434125
36.0,3.0,8.0,0.1,0.1,0.4,3.0,455.0,0.0,0.0,0.24175824175824176
36.0,3.0,9.0,0.1,0.1,0.4,3.0,452.0,0.0,0.0,0.23893805309734514
36.0,3.0,10.0,0.1,0.1,0.4,3.0,449.0,0.0,0.0,0.24053452115812918
36.0,3.0,11.0,0.1,0.1,0.4,3.0,451.0,0.0,0.0,0.2394678492239468
36.0,3.0,12.0,0.1,0.1,0.4,3.0,448.0,0.0,0.0,0.24107142857142858
36.0,3.0,13.0,0.1,0.1,0.4,3.0,451.0,0.0,0.0,0.23725055432372505
36.0,3.0,14.0,0.1,0.1,0.4,3.0,444.0,0.0,0.0,0.23873873873873874
36.0,3.0,15.0,0.1,0.1,0.4,3.0,445.0,0.0,0.0,0.23370786516853934
36.0,3.0,16.0,0.1,0.1,0.4,3.0,440.0,0.0,0.0,0.23863636363636365
36.0,3.0,17.0,0.1,0.1,0.4,3.0,441.0,0.0,0.0,0.23356009070294784
36.0,3.0,18.0,0.1,0.1,0.4,3.0,436.0,0.0,0.0,0.23853211009174313
36.0,3.0,19.0,0.1,0.1,0.4,3.0,439.0,0.0,0.0,0.23462414578587698
36.0,3.0,20.0,0.1,0.1,0.4,3.0,801.0,0.0,0.0,0.12983770287141075
36.0,3.0,21.0,0.1,0.1,0.4,3.0,759.0,0.0,0.0,0.1251646903820817
36.0,3.0,22.0,0.1,0.1,0.4,3.0,699.0,0.0,0.0,0.13304721030042918
36.0,3.0,23.0,0.1,0.1,0.4,3.0,677.0,0.0,0.0,0.1344165435745938
36.0,3.0,24.0,0.1,0.1,0.4,3.0,658.0,0.0,0.0,0.135258358662614
36.0,3.0,25.0,0.1,0.1,0.4,3.0,635.0,0.0,0.0,0.14015748031496064
36.0,3.0,26.0,0.1,0.1,0.4,3.0,652.0,0.0,0.0,0.13190184049079753
36.0,3.0,27.0,0.1,0.1,0.4,3.0,627.0,0.0,0.0,0.13875598086124402
36.0,3.0,28.0,0.1,0.1,0.4,3.0,628.0,0.0,0.0,0.1337579617834395
36.0,3.0,29.0,0.1,0.1,0.4,3.0,609.0,0.0,0.0,0.1412151067323481
36.0,3.0,30.0,0.1,0.1,0.4,3.0,600.0,0.0,0.0,0.135
36.0,3.0,31.0,0.1,0.1,0.4,3.0,581.0,0.0,0.0,0.14285714285714285
36.0,3.0,32.0,0.1,0.1,0.4,3.0,577.0,0.0,0.0,0.13518197573656845
36.0,3.0,33.0,0.1,0.1,0.4,3.0,577.0,0.0,0.0,0.14211438474870017
36.0,3.0,34.0,0.1,0.1,0.4,3.0,558.0,0.0,0.0,0.13799283154121864
36.0,3.0,35.0,0.1,0.1,0.4,3.0,542.0,0.0,0.0,0.15129151291512916
36.0,3.0,36.0,0.1,0.1,0.4,3.0,536.0,0.0,0.0,0.14365671641791045
36.0,3.0,37.0,0.1,0.1,0.4,3.0,532.0,0.0,0.0,0.15037593984962405
36.0,3.0,38.0,0.1,0.1,0.4,3.0,526.0,0.0,0.0,0.14258555133079848
36.0,3.0,39.0,0.1,0.1,0.4,3.0,513.0,0.0,0.0,0.14814814814814814
36.0,3.0,40.0,0.1,0.1,0.4,3.0,505.0,0.0,0.0,0.14455445544554454
36.0,3.0,41.0,0.1,0.1,0.4,3.0,503.0,0.0,0.0,0.15109343936381708
36.0,3.0,42.0,0.1,0.1,0.4,3.0,488.0,0.0,0.0,0.14549180327868852
36.0,3.0,43.0,0.1,0.1,0.4,3.0,501.0,0.0,0.0,0.1497005988023952
36.0,3.0,44.0,0.1,0.1,0.4,3.0,481.0,0.0,0.0,0.14760914760914762
36.0,3.0,45.0,0.1,0.1,0.4,3.0,484.0,0.0,0.0,0.21694214876033058
36.0,3.0,46.0,0.1,0.1,0.4,3.0,474.0,0.0,0.0,0.21308016877637131
36.0,3.0,47.0,0.1,0.1,0.4,3.0,476.0,0.0,0.0,0.21638655462184875
36.0,3.0,48.0,0.1,0.1,0.4,3.0,461.0,0.0,0.0,0.21691973969631237
36.0,3.0,49.0,0.1,0.1,0.4,3.0,460.0,0.0,0.0,0.21956521739130436
36.0,3.0,50.0,0.1,0.1,0.4,3.0,459.0,0.0,0.0,0.21350762527233116
36.0,3.0,51.0,0.1,0.1,0.4,3.0,459.0,0.0,0.0,0.21350762527233116
36.0,3.0,52.0,0.1,0.1,0.4,3.0,445.0,0.0,0.0,0.21123595505617979
36.0,4.0,1.0,0.1,0.1,0.4,3.0,447.0,0.0,0.0,0.21252796420581654
36.0,4.0,2.0,0.1,0.1,0.4,3.0,443.0,0.0,0.0,0.20993227990970656
36.0,4.0,3.0,0.1,0.1,0.4,3.0,444.0,0.0,0.0,0.21396396396396397
36.0,4.0,4.0,0.1,0.1,0.4,3.0,424.0,0.0,0.0,0.21462264150943397
36.0,4.0,5.0,0.1,0.1,0.4,3.0,421.0,0.0,0.0,0.2161520190023753
36.0,4.0,6.0,0.1,0.1,0.4,3.0,413.0,0.0,0.0,0.21307506053268765
36.0,4.0,7.0,0.1,0.1,0.4,3.0,421.0,0.0,0.0,0.2161520190023753
36.0,4.0,8.0,0.1,0.1,0.4,3.0,410.0,0.0,0.0,0.2121951219512195
36.0,4.0,9.0,0.1,0.1,0.4,3.0,415.0,0.0,0.0,0.21204819277108433
36.0,4.0,10.0,0.1,0.1,0.4,3.0,391.0,0.0,0.0,0.21483375959079284
36.0,4.0,11.0,0.1,0.1,0.4,3.0,388.0,0.0,0.0,0.211340206185567
36.0,4.0,12.0,0.1,0.1,0.4,3.0,383.0,0.0,0.0,0.21409921671018275
36.0,4.0,13.0,0.1,0.1,0.4,3.0,383.0,0.0,0.0,0.21409921671018275
36.0,4.0,14.0,0.1,0.1,0.4,3.0,374.0,0.0,0.0,0.21657754010695188
36.0,4.0,15.0,0.1,0.1,0.4,3.0,374.0,0.0,0.0,0.21390374331550802
36.0,4.0,16.0,0.1,0.1,0.4,3.0,371.0,0.0,0.0,0.215633423180593
36.0,4.0,17.0,0.1,0.1,0.4,3.0,374.0,0.0,0.0,0.21122994652406418
36.0,4.0,18.0,0.1,0.1,0.4,3.0,363.0,0.0,0.0,0.21763085399449036
36.0,4.0,19.0,0.1,0.1,0.4,3.0,365.0,0.0,0.0,0.2136986301369863
36.0,4.0,20.0,0.1,0.1,0.4,3.0,716.0,0.0,0.0,0.10754189944134078
36.0,4.0,21.0,0.1,0.1,0.4,3.0,668.0,0.0,0.0,0.10778443113772455
36.0,4.0,22.0,0.1,0.1,0.4,3.0,640.0,0.0,0.0,0.10625
36.0,4.0,23.0,0.1,0.1,0.4,3.0,599.0,0.0,0.0,0.11519198664440734
36.0,4.0,24.0,0.1,0.1,0.4,3.0,579.0,0.0,0.0,0.11053540587219343
36.0,4.0,25.0,0.1,0.1,0.4,3.0,546.0,0.0,0.0,0.11355311355311355
36.0,4.0,26.0,0.1,0.1,0.4,3.0,536.0,0.0,0.0,0.11194029850746269
36.0,4.0,27.0,0.1,0.1,0.4,3.0,515.0,0.0,0.0,0.11844660194174757
36.0,4.0,28.0,0.1,0.1,0.4,3.0,516.0,0.0,0.0,0.11627906976744186
36.0,4.0,29.0,0.1,0.1,0.4,3.0,501.0,0.0,0.0,0.11377245508982035
36.0,4.0,30.0,0.1,0.1,0.4,3.0,483.0,0.0,0.0,0.11180124223602485
36.0,4.0,31.0,0.1,0.1,0.4,3.0,474.0,0.0,0.0,0.11392405063291139
36.0,4.0,32.0,0.1,0.1,0.4,3.0,457.0,0.0,0.0,0.11159737417943107
36.0,4.0,33.0,0.1,0.1,0.4,3.0,456.0,0.0,0.0,0.1162280701754386
36.0,4.0,34.0,0.1,0.1,0.4,3.0,447.0,0.0,0.0,0.116331096196868
36.0,4.0,35.0,0.1,0.1,0.4,3.0,432.0,0.0,0.0,0.12268518518518519
36.0,4.0,36.0,0.1,0.1,0.4,3.0,411.0,0.0,0.0,0.12408759124087591
36.0,4.0,37.0,0.1,0.1,0.4,3.0,415.0,0.0,0.0,0.12289156626506025
36.0,4.0,38.0,0.1,0.1,0.4,3.0,409.0,0.0,0.0,0.1198044009779951
36.0,4.0,39.0,0.1,0.1,0.4,3.0,392.0,0.0,0.0,0.11989795918367346
36.0,4.0,40.0,0.1,0.1,0.4,3.0,377.0,0.0,0.0,0.1220159151193634
36.0,4.0,41.0,0.1,0.1,0.4,3.0,379.0,0.0,0.0,0.12401055408970976
36.0,4.0,42.0,0.1,0.1,0.4,3.0,380.0,0.0,0.0,0.12368421052631579
36.0,4.0,43.0,0.1,0.1,0.4,3.0,377.0,0.0,0.0,0.1220159151193634
36.0,4.0,44.0,0.1,0.1,0.4,3.0,382.0,0.0,0.0,0.12041884816753927
36.0,4.0,45.0,0.1,0.1,0.4,3.0,359.0,0.0,0.0,0.16434540389972144
36.0,4.0,46.0,0.1,0.1,0.4,3.0,363.0,0.0,0.0,0.162534435261708
36.0,4.0,47.0,0.1,0.1,0.4,3.0,357.0,0.0,0.0,0.16246498599439776
36.0,4.0,48.0,0.1,0.1,0.4,3.0,362.0,0.0,0.0,0.16022099447513813
36.0,4.0,49.0,0.1,0.1,0.4,3.0,330.0,0.0,0.0,0.16363636363636364
36.0,4.0,50.0,0.1,0.1,0.4,3.0,335.0,0.0,0.0,0.1582089552238806
36.0,4.0,51.0,0.1,0.1,0.4,3.0,326.0,0.0,0.0,0.15950920245398773
36.0,4.0,52.0,0.1,0.1,0.4,3.0,333.0,0.0,0.0,0.15615615615615616
36.0,5.0,1.0,0.1,0.1,0.4,3.0,313.0,0.0,0.0,0.16293929712460065
36.0,5.0,2.0,0.1,0.1,0.4,3.0,315.0,0.0,0.0,0.16507936507936508
36.0,5.0,3.0,0.1,0.1,0.4,3.0,308.0,0.0,0.0,0.16558441558441558
36.0,5.0,4.0,0.1,0.1,0.4,3.0,309.0,0.0,0.0,0.16828478964401294
36.0,5.0,5.0,0.1,0.1,0.4,3.0,302.0,0.0,0.0,0.16225165562913907
36.0,5.0,6.0,0.1,0.1,0.4,3.0,307.0,0.0,0.0,0.16612377850162866
36.0,5.0,7.0,0.1,0.1,0.4,3.0,296.0,0.0,0.0,0.16216216216216217
36.0,5.0,8.0,0.1,0.1,0.4,3.0,305.0,0.0,0.0,0.16721311475409836
36.0,5.0,9.0,0.1,0.1,0.4,3.0,296.0,0.0,0.0,0.16554054054054054
36.0,5.0,10.0,0.1,0.1,0.4,3.0,301.0,0.0,0.0,0.16943521594684385
36.0,5.0,11.0,0.1,0.1,0.4,3.0,292.0,0.0,0.0,0.1643835616438356
36.0,5.0,12.0,0.1,0.1,0.4,3.0,300.0,0.0,0.0,0.16666666666666666
36.0,5.0,13.0,0.1,0.1,0.4,3.0,291.0,0.0,0.0,0.16494845360824742
36.0,5.0,14.0,0.1,0.1,0.4,3.0,298.0,0.0,0.0,0.16778523489932887
36.0,5.0,15.0,0.1,0.1,0.4,3.0,290.0,0.0,0.0,0.16551724137931034
36.0,5.0,16.0,0.1,0.1,0.4,3.0,295.0,0.0,0.0,0.16271186440677965
36.0,5.0,17.0,0.1,0.1,0.4,3.0,285.0,0.0,0.0,0.15789473684210525
36.0,5.0,18.0,0.1,0.1,0.4,3.0,294.0,0.0,0.0,0.1598639455782313
36.0,5.0,19.0,0.1,0.1,0.4,3.0,285.0,0.0,0.0,0.15789473684210525
36.0,5.0,20.0,0.1,0.1,0.4,3.0,495.0,0.0,0.0,0.09292929292929293
36.0,5.0,21.0,0.1,0.1,0.4,3.0,449.0,0.0,0.0,0.09799554565701558
36.0,5.0,22.0,0.1,0.1,0.4,3.0,444.0,0.0,0.0,0.10135135135135136
36.0,5.0,23.0,0.1,0.1,0.4,3.0,419.0,0.0,0.0,0.10501193317422435
36.0,5.0,24.0,0.1,0.1,0.4,3.0,421.0,0.0,0.0,0.10451306413301663
36.0,5.0,25.0,0.1,0.1,0.4,3.0,403.0,0.0,0.0,0.10173697270471464
36.0,5.0,26.0,0.1,0.1,0.4,3.0,418.0,0.0,0.0,0.10047846889952153
36.0,5.0,27.0,0.1,0.1,0.4,3.0,380.0,0.0,0.0,0.09736842105263158
36.0,5.0,28.0,0.1,0.1,0.4,3.0,387.0,0.0,0.0,0.09819121447028424
36.0,5.0,29.0,0.1,0.1,0.4,3.0,371.0,0.0,0.0,0.09973045822102426
36.0,5.0,30.0,0.1,0.1,0.4,3.0,388.0,0.0,0.0,0.10051546391752578
36.0,5.0,31.0,0.1,0.1,0.4,3.0,375.0,0.0,0.0,0.09866666666666667
36.0,5.0,32.0,0.1,0.1,0.4,3.0,387.0,0.0,0.0,0.10077519379844961
36.0,5.0,33.0,0.1,0.1,0.4,3.0,373.0,0.0,0.0,0.09919571045576407
36.0,5.0,34.0,0.1,0.1,0.4,3.0,383.0,0.0,0.0,0.10182767624020887
36.0,5.0,35.0,0.1,0.1,0.4,3.0,353.0,0.0,0.0,0.1048158640226629
36.0,5.0,36.0,0.1,0.1,0.4,3.0,350.0,0.0,0.0,0.11142857142857143
36.0,5.0,37.0,0.1,0.1,0.4,3.0,297.0,0.0,0.0,0.12121212121212122
36.0,5.0,38.0,0.1,0.1,0.4,3.0,312.0,0.0,0.0,0.11858974358974358
36.0,5.0,39.0,0.1,0.1,0.4,3.0,296.0,0.0,0.0,0.11824324324324324
36.0,5.0,40.0,0.1,0.1,0.4,3.0,312.0,0.0,0.0,0.11858974358974358
36.0,5.0,41.0,0.1,0.1,0.4,3.0,298.0,0.0,0.0,0.1174496644295302
36.0,5.0,42.0,0.1,0.1,0.4,3.0,309.0,0.0,0.0,0.11974110032362459
36.0,5.0,43.0,0.1,0.1,0.4,3.0,297.0,0.0,0.0,0.11784511784511785
36.0,5.0,44.0,0.1,0.1,0.4,3.0,307.0,0.0,0.0,0.12052117263843648
36.0,5.0,45.0,0.1,0.1,0.4,3.0,289.0,0.0,0.0,0.21107266435986158
36.0,5.0,46.0,0.1,0.1,0.4,3.0,297.0,0.0,0.0,0.21212121212121213
36.0,5.0,47.0,0.1,0.1,0.4,3.0,281.0,0.0,0.0,0.21708185053380782
36.0,5.0,48.0,0.1,0.1,0.4,3.0,281.0,0.0,0.0,0.21352313167259787
36.0,5.0,49.0,0.1,0.1,0.4,3.0,272.0,0.0,0.0,0.21323529411764705
36.0,5.0,50.0,0.1,0.1,0.4,3.0,276.0,0.0,0.0,0.213768115942029
36.0,5.0,51.0,0.1,0.1,0.4,3.0,269.0,0.0,0.0,0.20817843866171004
36.0,5.0,52.0,0.1,0.1,0.4,3.0,272.0,0.0,0.0,0.20955882352941177
36.0,6.0,1.0,0.1,0.1,0.4,3.0,265.0,0.0,0.0,0.21132075471698114
36.0,6.0,2.0,0.1,0.1,0.4,3.0,271.0,0.0,0.0,0.21033210332103322
36.0,6.0,3.0,0.1,0.1,0.4,3.0,264.0,0.0,0.0,0.21212121212121213
36.0,6.0,4.0,0.1,0.1,0.4,3.0,260.0,0.0,0.0,0.21153846153846154
36.0,6.0,5.0,0.1,0.1,0.4,3.0,264.0,0.0,0.0,0.21212121212121213
36.0,6.0,6.0,0.1,0.1,0.4,3.0,255.0,0.0,0.0,0.21176470588235294
36.0,6.0,7.0,0.1,0.1,0.4,3.0,262.0,0.0,0.0,0.20610687022900764
36.0,6.0,8.0,0.1,0.1,0.4,3.0,257.0,0.0,0.0,0.20622568093385213
36.0,6.0,9.0,0.1,0.1,0.4,3.0,260.0,0.0,0.0,0.2076923076923077
36.0,6.0,10.0,0.1,0.1,0.4,3.0,257.0,0.0,0.0,0.20622568093385213
36.0,6.0,11.0,0.1,0.1,0.4,3.0,261.0,0.0,0.0,0.20689655172413793
36.0,6.0,12.0,0.1,0.1,0.4,3.0,256.0,0.0,0.0,0.203125
36.0,6.0,13.0,0.1,0.1,0.4,3.0,261.0,0.0,0.0,0.20306513409961685
36.0,6.0,14.0,0.1,0.1,0.4,3.0,256.0,0.0,0.0,0.203125
36.0,6.0,15.0,0.1,0.1,0.4,3.0,261.0,0.0,0.0,0.20306513409961685
36.0,6.0,16.0,0.1,0.1,0.4,3.0,256.0,0.0,0.0,0.203125
36.0,6.0,17.0,0.1,0.1,0.4,3.0,261.0,0.0,0.0,0.20689655172413793
36.0,6.0,18.0,0.1,0.1,0.4,3.0,254.0,0.0,0.0,0.2047244094488189
36.0,6.0,19.0,0.1,0.1,0.4,3.0,260.0,0.0,0.0,0.2076923076923077
36.0,6.0,20.0,0.1,0.1,0.4,3.0,504.0,0.0,0.0,0.10317460317460317
36.0,6.0,21.0,0.1,0.1,0.4,3.0,510.0,0.0,0.0,0.10392156862745099
36.0,6.0,22.0,0.1,0.1,0.4,3.0,481.0,0.0,0.0,0.10602910602910603
36.0,6.0,23.0,0.1,0.1,0.4,3.0,487.0,0.0,0.0,0.10882956878850103
36.0,6.0,24.0,0.1,0.1,0.4,3.0,433.0,0.0,0.0,0.11085450346420324
36.0,6.0,25.0,0.1,0.1,0.4,3.0,421.0,0.0,0.0,0.11401425178147269
36.0,6.0,26.0,0.1,0.1,0.4,3.0,385.0,0.0,0.0,0.11428571428571428
36.0,6.0,27.0,0.1,0.1,0.4,3.0,390.0,0.0,0.0,0.11794871794871795
36.0,6.0,28.0,0.1,0.1,0.4,3.0,368.0,0.0,0.0,0.11956521739130435
36.0,6.0,29.0,0.1,0.1,0.4,3.0,365.0,0.0,0.0,0.12602739726027398
36.0,6.0,30.0,0.1,0.1,0.4,3.0,352.0,0.0,0.0,0.125
36.0,6.0,31.0,0.1,0.1,0.4,3.0,356.0,0.0,0.0,0.12921348314606743
36.0,6.0,32.0,0.1,0.1,0.4,3.0,316.0,0.0,0.0,0.12974683544303797
36.0,6.0,33.0,0.1,0.1,0.4,3.0,329.0,0.0,0.0,0.13069908814589665
36.0,6.0,34.0,0.1,0.1,0.4,3.0,316.0,0.0,0.0,0.12974683544303797
36.0,6.0,35.0,0.1,0.1,0.4,3.0,328.0,0.0,0.0,0.12804878048780488
36.0,6.0,36.0,0.1,0.1,0.4,3.0,304.0,0.0,0.0,0.12828947368421054
36.0,6.0,37.0,0.1,0.1,0.4,3.0,316.0,0.0,0.0,0.12974683544303797
36.0,6.0,38.0,0.1,0.1,0.4,3.0,295.0,0.0,0.0,0.13220338983050847
36.0,6.0,39.0,0.1,0.1,0.4,3.0,295.0,0.0,0.0,0.13898305084745763
36.0,6.0,40.0,0.1,0.1,0.4,3.0,268.0,0.0,0.0,0.1417910447761194
36.0,6.0,41.0,0.1,0.1,0.4,3.0,274.0,0.0,0.0,0.145985401459854
36.0,6.0,42.0,0.1,0.1,0.4,3.0,263.0,0.0,0.0,0.1444866920152091
36.0,6.0,43.0,0.1,0.1,0.4,3.0,260.0,0.0,0.0,0.15
36.0,6.0,44.0,0.1,0.1,0.4,3.0,251.0,0.0,0.0,0.14741035856573706
36.0,6.0,45.0,0.1,0.1,0.4,3.0,258.0,0.0,0.0,0.2441860465116279
36.0,6.0,46.0,0.1,0.1,0.4,3.0,248.0,0.0,0.0,0.24596774193548387
36.0,6.0,47.0,0.1,0.1,0.4,3.0,259.0,0.0,0.0,0.24324324324324326
36.0,6.0,48.0,0.1,0.1,0.4,3.0,248.0,0.0,0.0,0.24596774193548387
36.0,6.0,49.0,0.1,0.1,0.4,3.0,251.0,0.0,0.0,0.23904382470119523
36.0,6.0,50.0,0.1,0.1,0.4,3.0,247.0,0.0,0.0,0.23481781376518218
36.0,6.0,51.0,0.1,0.1,0.4,3.0,251.0,0.0,0.0,0.23904382470119523
36.0,6.0,52.0,0.1,0.1,0.4,3.0,252.0,0.0,0.0,0.23015873015873015
36.0,7.0,1.0,0.1,0.1,0.4,3.0,252.0,0.0,0.0,0.23809523809523808
36.0,7.0,2.0,0.1,0.1,0.4,3.0,237.0,0.0,0.0,0.23628691983122363
36.0,7.0,3.0,0.1,0.1,0.4,3.0,237.0,0.0,0.0,0.24472573839662448
36.0,7.0,4.0,0.1,0.1,0.4,3.0,236.0,0.0,0.0,0.23728813559322035
36.0,7.0,5.0,0.1,0.1,0.4,3.0,236.0,0.0,0.0,0.2457627118644068
36.0,7.0,6.0,0.1,0.1,0.4,3.0,236.0,0.0,0.0,0.23728813559322035
36.0,7.0,7.0,0.1,0.1,0.4,3.0,236.0,0.0,0.0,0.2457627118644068
36.0,7.0,8.0,0.1,0.1,0.4,3.0,236.0,0.0,0.0,0.23728813559322035
36.0,7.0,9.0,0.1,0.1,0.4,3.0,235.0,0.0,0.0,0.24680851063829787
36.0,7.0,10.0,0.1,0.1,0.4,3.0,236.0,0.0,0.0,0.23728813559322035
36.0,7.0,11.0,0.1,0.1,0.4,3.0,235.0,0.0,0.0,0.2425531914893617
36.0,7.0,12.0,0.1,0.1,0.4,3.0,235.0,0.0,0.0,0.23829787234042554
36.0,7.0,13.0,0.1,0.1,0.4,3.0,235.0,0.0,0.0,0.24680851063829787
36.0,7.0,14.0,0.1,0.1,0.4,3.0,234.0,0.0,0.0,0.23931623931623933
36.0,7.0,15.0,0.1,0.1,0.4,3.0,236.0,0.0,0.0,0.2457627118644068
36.0,7.0,16.0,0.1,0.1,0.4,3.0,234.0,0.0,0.0,0.23931623931623933
36.0,7.0,17.0,0.1,0.1,0.4,3.0,236.0,0.0,0.0,0.2457627118644068
36.0,7.0,18.0,0.1,0.1,0.4,3.0,234.0,0.0,0.0,0.23931623931623933
36.0,7.0,19.0,0.1,0.1,0.4,3.0,235.0,0.0,0.0,0.2425531914893617
36.0,7.0,20.0,0.1,0.1,0.4,3.0,412.0,0.0,0.0,0.13592233009708737
36.0,7.0,21.0,0.1,0.1,0.4,3.0,405.0,0.0,0.0,0.14074074074074075
36.0,7.0,22.0,0.1,0.1,0.4,3.0,385.0,0.0,0.0,0.14545454545454545
36.0,7.0,23.0,0.1,0.1,0.4,3.0,364.0,0.0,0.0,0.1565934065934066
36.0,7.0,24.0,0.1,0.1,0.4,3.0,348.0,0.0,0.0,0.15229885057471265
36.0,7.0,25.0,0.1,0.1,0.4,3.0,326.0,0.0,0.0,0.16257668711656442
36.0,7.0,26.0,0.1,0.1,0.4,3.0,314.0,0.0,0.0,0.1592356687898089
36.0,7.0,27.0,0.1,0.1,0.4,3.0,315.0,0.0,0.0,0.15873015873015872
36.0,7.0,28.0,0.1,0.1,0.4,3.0,294.0,0.0,0.0,0.1598639455782313
36.0,7.0,29.0,0.1,0.1,0.4,3.0,296.0,0.0,0.0,0.16216216216216217
36.0,7.0,30.0,0.1,0.1,0.4,3.0,284.0,0.0,0.0,0.16549295774647887
36.0,7.0,31.0,0.1,0.1,0.4,3.0,286.0,0.0,0.0,0.16783216783216784
36.0,7.0,32.0,0.1,0.1,0.4,3.0,265.0,0.0,0.0,0.17358490566037735
36.0,7.0,33.0,0.1,0.1,0.4,3.0,277.0,0.0,0.0,0.16967509025270758
36.0,7.0,34.0,0.1,0.1,0.4,3.0,265.0,0.0,0.0,0.17358490566037735
36.0,7.0,35.0,0.1,0.1,0.4,3.0,277.0,0.0,0.0,0.16967509025270758
36.0,7.0,36.0,0.1,0.1,0.4,3.0,248.0,0.0,0.0,0.1814516129032258
36.0,7.0,37.0,0.1,0.1,0.4,3.0,251.0,0.0,0.0,0.1752988047808765
36.0,7.0,38.0,0.1,0.1,0.4,3.0,239.0,0.0,0.0,0.1799163179916318
36.0,7.0,39.0,0.1,0.1,0.4,3.0,251.0,0.0,0.0,0.1752988047808765
36.0,7.0,40.0,0.1,0.1,0.4,3.0,239.0,0.0,0.0,0.1799163179916318
36.0,7.0,41.0,0.1,0.1,0.4,3.0,228.0,0.0,0.0,0.18421052631578946
36.0,7.0,42.0,0.1,0.1,0.4,3.0,223.0,0.0,0.0,0.18834080717488788
36.0,7.0,43.0,0.1,0.1,0.4,3.0,233.0,0.0,0.0,0.18454935622317598
36.0,7.0,44.0,0.1,0.1,0.4,3.0,221.0,0.0,0.0,0.18552036199095023
36.0,7.0,45.0,0.1,0.1,0.4,3.0,231.0,0.0,0.0,0.24675324675324675
36.0,7.0,46.0,0.1,0.1,0.4,3.0,221.0,0.0,0.0,0.2579185520361991
36.0,7.0,47.0,0.1,0.1,0.4,3.0,233.0,0.0,0.0,0.24892703862660945
36.0,7.0,48.0,0.1,0.1,0.4,3.0,201.0,0.0,0.0,0.27860696517412936
36.0,7.0,49.0,0.1,0.1,0.4,3.0,213.0,0.0,0.0,0.2676056338028169
36.0,7.0,50.0,0.1,0.1,0.4,3.0,205.0,0.0,0.0,0.2682926829268293
36.0,7.0,51.0,0.1,0.1,0.4,3.0,213.0,0.0,0.0,0.25821596244131456
36.0,7.0,52.0,0.1,0.1,0.4,3.0,203.0,0.0,0.0,0.270935960591133
36.0,8.0,1.0,0.1,0.1,0.4,3.0,212.0,0.0,0.0,0.25943396226415094
36.0,8.0,2.0,0.1,0.1,0.4,3.0,203.0,0.0,0.0,0.270935960591133
36.0,8.0,3.0,0.1,0.1,0.4,3.0,210.0,0.0,0.0,0.2619047619047619
36.0,8.0,4.0,0.1,0.1,0.4,3.0,201.0,0.0,0.0,0.26865671641791045
36.0,8.0,5.0,0.1,0.1,0.4,3.0,211.0,0.0,0.0,0.26540284360189575
36.0,8.0,6.0,0.1,0.1,0.4,3.0,201.0,0.0,0.0,0.26865671641791045
36.0,8.0,7.0,0.1,0.1,0.4,3.0,212.0,0.0,0.0,0.2641509433962264
36.0,8.0,8.0,0.1,0.1,0.4,3.0,202.0,0.0,0.0,0.26732673267326734
36.0,8.0,9.0,0.1,0.1,0.4,3.0,213.0,0.0,0.0,0.26291079812206575
36.0,8.0,10.0,0.1,0.1,0.4,3.0,202.0,0.0,0.0,0.26732673267326734
36.0,8.0,11.0,0.1,0.1,0.4,3.0,211.0,0.0,0.0,0.26066350710900477
36.0,8.0,12.0,0.1,0.1,0.4,3.0,205.0,0.0,0.0,0.2682926829268293
36.0,8.0,13.0,0.1,0.1,0.4,3.0,213.0,0.0,0.0,0.25821596244131456
36.0,8.0,14.0,0.1,0.1,0.4,3.0,205.0,0.0,0.0,0.2682926829268293
36.0,8.0,15.0,0.1,0.1,0.4,3.0,212.0,0.0,0.0,0.25943396226415094
36.0,8.0,16.0,0.1,0.1,0.4,3.0,204.0,0.0,0.0,0.2696078431372549
36.0,8.0,17.0,0.1,0.1,0.4,3.0,212.0,0.0,0.0,0.25943396226415094
36.0,8.0,18.0,0.1,0.1,0.4,3.0,203.0,0.0,0.0,0.2660098522167488
36.0,8.0,19.0,0.1,0.1,0.4,3.0,213.0,0.0,0.0,0.26291079812206575
36.0,8.0,20.0,0.1,0.1,0.4,3.0,334.0,0.0,0.0,0.16167664670658682
36.0,8.0,21.0,0.1,0.1,0.4,3.0,353.0,0.0,0.0,0.15864022662889518
36.0,8.0,22.0,0.1,0.1,0.4,3.0,334.0,0.0,0.0,0.16167664670658682
36.0,8.0,23.0,0.1,0.1,0.4,3.0,330.0,0.0,0.0,0.1606060606060606
36.0,8.0,24.0,0.1,0.1,0.4,3.0,289.0,0.0,0.0,0.17993079584775087
36.0,8.0,25.0,0.1,0.1,0.4,3.0,287.0,0.0,0.0,0.18118466898954705
36.0,8.0,26.0,0.1,0.1,0.4,3.0,251.0,0.0,0.0,0.199203187250996
36.0,8.0,27.0,0.1,0.1,0.4,3.0,259.0,0.0,0.0,0.19305019305019305
36.0,8.0,28.0,0.1,0.1,0.4,3.0,251.0,0.0,0.0,0.199203187250996
36.0,8.0,29.0,0.1,0.1,0.4,3.0,259.0,0.0,0.0,0.19305019305019305
36.0,8.0,30.0,0.1,0.1,0.4,3.0,245.0,0.0,0.0,0.2
36.0,8.0,31.0,0.1,0.1,0.4,3.0,263.0,0.0,0.0,0.19391634980988592
36.0,8.0,32.0,0.1,0.1,0.4,3.0,244.0,0.0,0.0,0.20081967213114754
36.0,8.0,33.0,0.1,0.1,0.4,3.0,258.0,0.0,0.0,0.1937984496124031
36.0,8.0,34.0,0.1,0.1,0.4,3.0,249.0,0.0,0.0,0.20080321285140562
36.0,8.0,35.0,0.1,0.1,0.4,3.0,258.0,0.0,0.0,0.1937984496124031
36.0,8.0,36.0,0.1,0.1,0.4,3.0,241.0,0.0,0.0,0.2074688796680498
36.0,8.0,37.0,0.1,0.1,0.4,3.0,250.0,0.0,0.0,0.2
36.0,8.0,38.0,0.1,0.1,0.4,3.0,236.0,0.0,0.0,0.2076271186440678
36.0,8.0,39.0,0.1,0.1,0.4,3.0,255.0,0.0,0.0,0.2
36.0,8.0,40.0,0.1,0.1,0.4,3.0,226.0,0.0,0.0,0.21238938053097345
36.0,8.0,41.0,0.1,0.1,0.4,3.0,243.0,0.0,0.0,0.205761316872428
36.0,8.0,42.0,0.1,0.1,0.4,3.0,226.0,0.0,0.0,0.21238938053097345
36.0,8.0,43.0,0.1,0.1,0.4,3.0,241.0,0.0,0.0,0.2074688796680498
36.0,8.0,44.0,0.1,0.1,0.4,3.0,225.0,0.0,0.0,0.21333333333333335
36.0,8.0,45.0,0.1,0.1,0.4,3.0,242.0,0.0,0.0,0.2644628099173554
36.0,8.0,46.0,0.1,0.1,0.4,3.0,225.0,0.0,0.0,0.27555555555555555
36.0,8.0,47.0,0.1,0.1,0.4,3.0,241.0,0.0,0.0,0.26556016597510373
36.0,8.0,48.0,0.1,0.1,0.4,3.0,225.0,0.0,0.0,0.27555555555555555
36.0,8.0,49.0,0.1,0.1,0.4,3.0,241.0,0.0,0.0,0.26556016597510373
36.0,8.0,50.0,0.1,0.1,0.4,3.0,228.0,0.0,0.0,0.2719298245614035
36.0,8.0,51.0,0.1,0.1,0.4,3.0,235.0,0.0,0.0,0.2680851063829787
36.0,8.0,52.0,0.1,0.1,0.4,3.0,229.0,0.0,0.0,0.27510917030567683
36.0,9.0,1.0,0.1,0.1,0.4,3.0,235.0,0.0,0.0,0.2680851063829787
36.0,9.0,2.0,0.1,0.1,0.4,3.0,227.0,0.0,0.0,0.27312775330396477
36.0,9.0,3.0,0.1,0.1,0.4,3.0,227.0,0.0,0.0,0.2687224669603524
36.0,9.0,4.0,0.1,0.1,0.4,3.0,218.0,0.0,0.0,0.2706422018348624
36.0,9.0,5.0,0.1,0.1,0.4,3.0,227.0,0.0,0.0,0.2687224669603524
36.0,9.0,6.0,0.1,0.1,0.4,3.0,219.0,0.0,0.0,0.2694063926940639
36.0,9.0,7.0,0.1,0.1,0.4,3.0,229.0,0.0,0.0,0.2663755458515284
36.0,9.0,8.0,0.1,0.1,0.4,3.0,219.0,0.0,0.0,0.2694063926940639
36.0,9.0,9.0,0.1,0.1,0.4,3.0,219.0,0.0,0.0,0.2648401826484018
36.0,9.0,10.0,0.1,0.1,0.4,3.0,212.0,0.0,0.0,0.2688679245283019
36.0,9.0,11.0,0.1,0.1,0.4,3.0,219.0,0.0,0.0,0.2648401826484018
36.0,9.0,12.0,0.1,0.1,0.4,3.0,213.0,0.0,0.0,0.27230046948356806
36.0,9.0,13.0,0.1,0.1,0.4,3.0,221.0,0.0,0.0,0.26244343891402716
36.0,9.0,14.0,0.1,0.1,0.4,3.0,212.0,0.0,0.0,0.2688679245283019
36.0,9.0,15.0,0.1,0.1,0.4,3.0,223.0,0.0,0.0,0.2645739910313901
36.0,9.0,16.0,0.1,0.1,0.4,3.0,213.0,0.0,0.0,0.2676056338028169
36.0,9.0,17.0,0.1,0.1,0.4,3.0,222.0,0.0,0.0,0.26576576576576577
36.0,9.0,18.0,0.1,0.1,0.4,3.0,214.0,0.0,0.0,0.26635514018691586
36.0,9.0,19.0,0.1,0.1,0.4,3.0,221.0,0.0,0.0,0.2669683257918552
36.0,9.0,20.0,0.1,0.1,0.4,3.0,316.0,0.0,0.0,0.13924050632911392
36.0,9.0,21.0,0.1,0.1,0.4,3.0,328.0,0.0,0.0,0.13414634146341464
36.0,9.0,22.0,0.1,0.1,0.4,3.0,301.0,0.0,0.0,0.14285714285714285
36.0,9.0,23.0,0.1,0.1,0.4,3.0,323.0,0.0,0.0,0.13622291021671826
36.0,9.0,24.0,0.1,0.1,0.4,3.0,294.0,0.0,0.0,0.14965986394557823
36.0,9.0,25.0,0.1,0.1,0.4,3.0,298.0,0.0,0.0,0.14429530201342283
36.0,9.0,26.0,0.1,0.1,0.4,3.0,277.0,0.0,0.0,0.15162454873646208
36.0,9.0,27.0,0.1,0.1,0.4,3.0,295.0,0.0,0.0,0.14576271186440679
36.0,9.0,28.0,0.1,0.1,0.4,3.0,257.0,0.0,0.0,0.15953307392996108
36.0,9.0,29.0,0.1,0.1,0.4,3.0,286.0,0.0,0.0,0.15034965034965034
36.0,9.0,30.0,0.1,0.1,0.4,3.0,257.0,0.0,0.0,0.15953307392996108
36.0,9.0,31.0,0.1,0.1,0.4,3.0,286.0,0.0,0.0,0.15034965034965034
36.0,9.0,32.0,0.1,0.1,0.4,3.0,257.0,0.0,0.0,0.15953307392996108
36.0,9.0,33.0,0.1,0.1,0.4,3.0,286.0,0.0,0.0,0.15034965034965034
36.0,9.0,34.0,0.1,0.1,0.4,3.0,257.0,0.0,0.0,0.15953307392996108
36.0,9.0,35.0,0.1,0.1,0.4,3.0,278.0,0.0,0.0,0.15467625899280577
36.0,9.0,36.0,0.1,0.1,0.4,3.0,249.0,0.0,0.0,0.1646586345381526
36.0,9.0,37.0,0.1,0.1,0.4,3.0,269.0,0.0,0.0,0.15613382899628253
36.0,9.0,38.0,0.1,0.1,0.4,3.0,230.0,0.0,0.0,0.17391304347826086
36.0,9.0,39.0,0.1,0.1,0.4,3.0,259.0,0.0,0.0,0.16216216216216217
36.0,9.0,40.0,0.1,0.1,0.4,3.0,215.0,0.0,0.0,0.18604651162790697
36.0,9.0,41.0,0.1,0.1,0.4,3.0,225.0,0.0,0.0,0.18222222222222223
36.0,9.0,42.0,0.1,0.1,0.4,3.0,212.0,0.0,0.0,0.18867924528301888
36.0,9.0,43.0,0.1,0.1,0.4,3.0,217.0,0.0,0.0,0.18433179723502305
36.0,9.0,44.0,0.1,0.1,0.4,3.0,205.0,0.0,0.0,0.1902439024390244
36.0,9.0,45.0,0.1,0.1,0.4,3.0,208.0,0.0,0.0,0.25961538461538464
36.0,9.0,46.0,0.1,0.1,0.4,3.0,203.0,0.0,0.0,0.26108374384236455
36.0,9.0,47.0,0.1,0.1,0.4,3.0,199.0,0.0,0.0,0.2613065326633166
36.0,9.0,48.0,0.1,0.1,0.4,3.0,196.0,0.0,0.0,0.2602040816326531
36.0,9.0,49.0,0.1,0.1,0.4,3.0,200.0,0.0,0.0,0.26
36.0,9.0,50.0,0.1,0.1,0.4,3.0,195.0,0.0,0.0,0.26153846153846155
36.0,9.0,51.0,0.1,0.1,0.4,3.0,200.0,0.0,0.0,0.26
36.0,9.0,52.0,0.1,0.1,0.4,3.0,195.0,0.0,0.0,0.26153846153846155
36.0,10.0,1.0,0.1,0.1,0.4,3.0,199.0,0.0,0.0,0.2613065326633166
36.0,10.0,2.0,0.1,0.1,0.4,3.0,195.0,0.0,0.0,0.26153846153846155
36.0,10.0,3.0,0.1,0.1,0.4,3.0,198.0,0.0,0.0,0.26262626262626265
36.0,10.0,4.0,0.1,0.1,0.4,3.0,195.0,0.0,0.0,0.26153846153846155
36.0,10.0,5.0,0.1,0.1,0.4,3.0,199.0,0.0,0.0,0.2613065326633166
36.0,10.0,6.0,0.1,0.1,0.4,3.0,196.0,0.0,0.0,0.2602040816326531
36.0,10.0,7.0,0.1,0.1,0.4,3.0,199.0,0.0,0.0,0.2613065326633166
36.0,10.0,8.0,0.1,0.1,0.4,3.0,197.0,0.0,0.0,0.25888324873096447
36.0,10.0,9.0,0.1,0.1,0.4,3.0,197.0,0.0,0.0,0.2639593908629442
36.0,10.0,10.0,0.1,0.1,0.4,3.0,196.0,0.0,0.0,0.2602040816326531
36.0,10.0,11.0,0.1,0.1,0.4,3.0,197.0,0.0,0.0,0.2639593908629442
36.0,10.0,12.0,0.1,0.1,0.4,3.0,195.0,0.0,0.0,0.26153846153846155
36.0,10.0,13.0,0.1,0.1,0.4,3.0,198.0,0.0,0.0,0.26262626262626265
36.0,10.0,14.0,0.1,0.1,0.4,3.0,195.0,0.0,0.0,0.26153846153846155
36.0,10.0,15.0,0.1,0.1,0.4,3.0,196.0,0.0,0.0,0.2653061224489796
36.0,10.0,16.0,0.1,0.1,0.4,3.0,193.0,0.0,0.0,0.26424870466321243
36.0,10.0,17.0,0.1,0.1,0.4,3.0,196.0,0.0,0.0,0.2653061224489796
36.0,10.0,18.0,0.1,0.1,0.4,3.0,193.0,0.0,0.0,0.26424870466321243
36.0,10.0,19.0,0.1,0.1,0.4,3.0,196.0,0.0,0.0,0.2653061224489796
36.0,10.0,20.0,0.1,0.1,0.4,3.0,307.0,0.0,0.0,0.14006514657980457
36.0,10.0,21.0,0.1,0.1,0.4,3.0,320.0,0.0,0.0,0.140625
36.0,10.0,22.0,0.1,0.1,0.4,3.0,300.0,0.0,0.0,0.14333333333333334
36.0,10.0,23.0,0.1,0.1,0.4,3.0,286.0,0.0,0.0,0.15384615384615385
36.0,10.0,24.0,0.1,0.1,0.4,3.0,273.0,0.0,0.0,0.15384615384615385
36.0,10.0,25.0,0.1,0.1,0.4,3.0,255.0,0.0,0.0,0.1607843137254902
36.0,10.0,26.0,0.1,0.1,0.4,3.0,242.0,0.0,0.0,0.16115702479338842
36.0,10.0,27.0,0.1,0.1,0.4,3.0,256.0,0.0,0.0,0.16015625
36.0,10.0,28.0,0.1,0.1,0.4,3.0,235.0,0.0,0.0,0.16170212765957448
36.0,10.0,29.0,0.1,0.1,0.4,3.0,246.0,0.0,0.0,0.16260162601626016
36.0,10.0,30.0,0.1,0.1,0.4,3.0,234.0,0.0,0.0,0.1623931623931624
36.0,10.0,31.0,0.1,0.1,0.4,3.0,247.0,0.0,0.0,0.16194331983805668
36.0,10.0,32.0,0.1,0.1,0.4,3.0,233.0,0.0,0.0,0.1630901287553648
36.0,10.0,33.0,0.1,0.1,0.4,3.0,247.0,0.0,0.0,0.16194331983805668
36.0,10.0,34.0,0.1,0.1,0.4,3.0,234.0,0.0,0.0,0.1623931623931624
36.0,10.0,35.0,0.1,0.1,0.4,3.0,222.0,0.0,0.0,0.17117117117117117
36.0,10.0,36.0,0.1,0.1,0.4,3.0,201.0,0.0,0.0,0.17412935323383086
36.0,10.0,37.0,0.1,0.1,0.4,3.0,208.0,0.0,0.0,0.17307692307692307
36.0,10.0,38.0,0.1,0.1,0.4,3.0,192.0,0.0,0.0,0.17708333333333334
36.0,10.0,39.0,0.1,0.1,0.4,3.0,195.0,0.0,0.0,0.1794871794871795
36.0,10.0,40.0,0.1,0.1,0.4,3.0,183.0,0.0,0.0,0.18032786885245902
36.0,10.0,41.0,0.1,0.1,0.4,3.0,195.0,0.0,0.0,0.1794871794871795
36.0,10.0,42.0,0.1,0.1,0.4,3.0,183.0,0.0,0.0,0.18032786885245902
36.0,10.0,43.0,0.1,0.1,0.4,3.0,195.0,0.0,0.0,0.1794871794871795
36.0,10.0,44.0,0.1,0.1,0.4,3.0,184.0,0.0,0.0,0.18478260869565216
36.0,10.0,45.0,0.1,0.1,0.4,3.0,195.0,0.0,0.0,0.2358974358974359
36.0,10.0,46.0,0.1,0.1,0.4,3.0,184.0,0.0,0.0,0.24456521739130435
36.0,10.0,47.0,0.1,0.1,0.4,3.0,195.0,0.0,0.0,0.2358974358974359
36.0,10.0,48.0,0.1,0.1,0.4,3.0,184.0,0.0,0.0,0.24456521739130435
36.0,10.0,49.0,0.1,0.1,0.4,3.0,194.0,0.0,0.0,0.23711340206185566
36.0,10.0,50.0,0.1,0.1,0.4,3.0,186.0,0.0,0.0,0.24193548387096775
36.0,10.0,51.0,0.1,0.1,0.4,3.0,192.0,0.0,0.0,0.23958333333333334
36.0,10.0,52.0,0.1,0.1,0.4,3.0,186.0,0.0,0.0,0.24193548387096775
37.0,1.0,1.0,0.1,0.1,0.4,3.0,5162.0,54.0,6.0,0.09027508717551337
37.0,1.0,2.0,0.1,0.1,0.4,3.0,5092.0,55.0,19.0,0.09230164964650432
37.0,1.0,3.0,0.1,0.1,0.4,3.0,4922.0,66.0,34.0,0.09325477448191792
37.0,1.0,4.0,0.1,0.1,0.4,3.0,4801.0,96.0,38.0,0.09456363257654656
37.0,1.0,5.0,0.1,0.1,0.4,3.0,4726.0,125.0,41.0,0.09542953872196361
37.0,1.0,6.0,0.1,0.1,0.4,3.0,4509.0,156.0,46.0,0.09469948990907075
37.0,1.0,7.0,0.1,0.1,0.4,3.0,4281.0,171.0,60.0,0.09460406447091801
37.0,1.0,8.0,0.1,0.1,0.4,3.0,4059.0,206.0,72.0,0.09263365360926337
37.0,1.0,9.0,0.1,0.1,0.4,3.0,3873.0,216.0,80.0,0.09527498063516654
37.0,1.0,10.0,0.1,0.1,0.4,3.0,3736.0,262.0,98.0,0.09341541755888651
37.0,1.0,11.0,0.1,0.1,0.4,3.0,3552.0,283.0,111.0,0.09572072072072071
37.0,1.0,12.0,0.1,0.1,0.4,3.0,3396.0,293.0,115.0,0.09599528857479388
37.0,1.0,13.0,0.1,0.1,0.4,3.0,3199.0,284.0,119.0,0.09565489215379806
37.0,1.0,14.0,0.1,0.1,0.4,3.0,3051.0,278.0,126.0,0.09767289413307112
37.0,1.0,15.0,0.1,0.1,0.4,3.0,2970.0,291.0,150.0,0.09831649831649832
37.0,1.0,16.0,0.1,0.1,0.4,3.0,2834.0,274.0,142.0,0.09915314043754411
37.0,1.0,17.0,0.1,0.1,0.4,3.0,2743.0,266.0,135.0,0.1028071454611739
37.0,1.0,18.0,0.1,0.1,0.4,3.0,2595.0,227.0,111.0,0.10366088631984585
37.0,1.0,19.0,0.1,0.1,0.4,3.0,2488.0,211.0,112.0,0.10651125401929261
37.0,1.0,20.0,0.1,0.1,0.4,3.0,6727.0,193.0,103.0,0.03835290619889996
37.0,1.0,21.0,0.1,0.1,0.4,3.0,6200.0,236.0,90.0,0.03903225806451613
37.0,1.0,22.0,0.1,0.1,0.4,3.0,5595.0,264.0,86.0,0.03949955317247542
37.0,1.0,23.0,0.1,0.1,0.4,3.0,5054.0,304.0,107.0,0.040561931143648595
37.0,1.0,24.0,0.1,0.1,0.4,3.0,4594.0,337.0,134.0,0.04266434479756204
37.0,1.0,25.0,0.1,0.1,0.4,3.0,4230.0,350.0,123.0,0.04491725768321513
37.0,1.0,26.0,0.1,0.1,0.4,3.0,3904.0,365.0,140.0,0.04559426229508197
37.0,1.0,27.0,0.1,0.1,0.4,3.0,3645.0,366.0,136.0,0.04718792866941015
37.0,1.0,28.0,0.1,0.1,0.4,3.0,3238.0,379.0,152.0,0.04941321803582458
37.0,1.0,29.0,0.1,0.1,0.4,3.0,2974.0,333.0,161.0,0.05178211163416274
37.0,1.0,30.0,0.1,0.1,0.4,3.0,2711.0,348.0,172.0,0.05385466617484323
37.0,1.0,31.0,0.1,0.1,0.4,3.0,2565.0,329.0,164.0,0.055750487329434696
37.0,1.0,32.0,0.1,0.1,0.4,3.0,2278.0,306.0,142.0,0.058823529411764705
37.0,1.0,33.0,0.1,0.1,0.4,3.0,2201.0,281.0,140.0,0.05860972285324852
37.0,1.0,34.0,0.1,0.1,0.4,3.0,2014.0,261.0,130.0,0.06256206554121152
37.0,1.0,35.0,0.1,0.1,0.4,3.0,1928.0,268.0,128.0,0.06535269709543569
37.0,1.0,36.0,0.1,0.1,0.4,3.0,1711.0,235.0,119.0,0.0701344243132671
37.0,1.0,37.0,0.1,0.1,0.4,3.0,1631.0,209.0,102.0,0.07050889025137952
37.0,1.0,38.0,0.1,0.1,0.4,3.0,1519.0,181.0,84.0,0.07439104674127715
37.0,1.0,39.0,0.1,0.1,0.4,3.0,1424.0,164.0,85.0,0.07794943820224719
37.0,1.0,40.0,0.1,0.1,0.4,3.0,1309.0,167.0,83.0,0.07944996180290298
37.0,1.0,41.0,0.1,0.1,0.4,3.0,1229.0,149.0,79.0,0.08299430431244914
37.0,1.0,42.0,0.1,0.1,0.4,3.0,1154.0,145.0,65.0,0.08752166377816291
37.0,1.0,43.0,0.1,0.1,0.4,3.0,1109.0,141.0,73.0,0.09017132551848513
37.0,1.0,44.0,0.1,0.1,0.4,3.0,1038.0,153.0,66.0,0.0953757225433526
37.0,1.0,45.0,0.1,0.1,0.4,3.0,992.0,146.0,63.0,0.16431451612903225
37.0,1.0,46.0,0.1,0.1,0.4,3.0,911.0,117.0,60.0,0.16794731064763996
37.0,1.0,47.0,0.1,0.1,0.4,3.0,864.0,98.0,50.0,0.1736111111111111
37.0,1.0,48.0,0.1,0.1,0.4,3.0,818.0,91.0,53.0,0.18092909535452323
37.0,1.0,49.0,0.1,0.1,0.4,3.0,766.0,68.0,37.0,0.185378590078329
37.0,1.0,50.0,0.1,0.1,0.4,3.0,748.0,63.0,38.0,0.19385026737967914
37.0,1.0,51.0,0.1,0.1,0.4,3.0,737.0,58.0,37.0,0.18995929443690637
37.0,1.0,52.0,0.1,0.1,0.4,3.0,697.0,46.0,29.0,0.20086083213773315
37.0,2.0,1.0,0.1,0.1,0.4,3.0,670.0,37.0,23.0,0.2
37.0,2.0,2.0,0.1,0.1,0.4,3.0,658.0,30.0,15.0,0.20972644376899696
37.0,2.0,3.0,0.1,0.1,0.4,3.0,646.0,30.0,13.0,0.20588235294117646
37.0,2.0,4.0,0.1,0.1,0.4,3.0,636.0,24.0,10.0,0.21226415094339623
37.0,2.0,5.0,0.1,0.1,0.4,3.0,633.0,23.0,15.0,0.20695102685624012
37.0,2.0,6.0,0.1,0.1,0.4,3.0,614.0,22.0,15.0,0.21172638436482086
37.0,2.0,7.0,0.1,0.1,0.4,3.0,611.0,19.0,12.0,0.2078559738134206
37.0,2.0,8.0,0.1,0.1,0.4,3.0,584.0,16.0,7.0,0.21746575342465754
37.0,2.0,9.0,0.1,0.1,0.4,3.0,583.0,13.0,6.0,0.2109777015437393
37.0,2.0,10.0,0.1,0.1,0.4,3.0,565.0,13.0,6.0,0.22123893805309736
37.0,2.0,11.0,0.1,0.1,0.4,3.0,556.0,11.0,7.0,0.21942446043165467
37.0,2.0,12.0,0.1,0.1,0.4,3.0,546.0,9.0,5.0,0.22344322344322345
37.0,2.0,13.0,0.1,0.1,0.4,3.0,550.0,9.0,8.0,0.21818181818181817
37.0,2.0,14.0,0.1,0.1,0.4,3.0,527.0,6.0,6.0,0.2314990512333966
37.0,2.0,15.0,0.1,0.1,0.4,3.0,528.0,6.0,5.0,0.22348484848484848
37.0,2.0,16.0,0.1,0.1,0.4,3.0,515.0,2.0,1.0,0.23300970873786409
37.0,2.0,17.0,0.1,0.1,0.4,3.0,519.0,1.0,0.0,0.22157996146435452
37.0,2.0,18.0,0.1,0.1,0.4,3.0,508.0,1.0,0.0,0.2283464566929134
37.0,2.0,19.0,0.1,0.1,0.4,3.0,515.0,1.0,0.0,0.21941747572815534
37.0,2.0,20.0,0.1,0.1,0.4,3.0,887.0,1.0,0.0,0.12852311161217586
37.0,2.0,21.0,0.1,0.1,0.4,3.0,858.0,1.0,1.0,0.1282051282051282
37.0,2.0,22.0,0.1,0.1,0.4,3.0,820.0,1.0,1.0,0.1353658536585366
37.0,2.0,23.0,0.1,0.1,0.4,3.0,795.0,1.0,1.0,0.12955974842767295
37.0,2.0,24.0,0.1,0.1,0.4,3.0,784.0,2.0,0.0,0.13392857142857142
37.0,2.0,25.0,0.1,0.1,0.4,3.0,742.0,2.0,0.0,0.1334231805929919
37.0,2.0,26.0,0.1,0.1,0.4,3.0,732.0,2.0,0.0,0.13797814207650272
37.0,2.0,27.0,0.1,0.1,0.4,3.0,740.0,2.0,0.0,0.13243243243243244
37.0,2.0,28.0,0.1,0.1,0.4,3.0,698.0,2.0,0.0,0.13753581661891118
37.0,2.0,29.0,0.1,0.1,0.4,3.0,688.0,2.0,1.0,0.13372093023255813
37.0,2.0,30.0,0.1,0.1,0.4,3.0,676.0,2.0,2.0,0.14201183431952663
37.0,2.0,31.0,0.1,0.1,0.4,3.0,662.0,3.0,2.0,0.13595166163141995
37.0,2.0,32.0,0.1,0.1,0.4,3.0,653.0,6.0,1.0,0.14241960183767227
37.0,2.0,33.0,0.1,0.1,0.4,3.0,648.0,5.0,0.0,0.13580246913580246
37.0,2.0,34.0,0.1,0.1,0.4,3.0,622.0,5.0,1.0,0.1414790996784566
37.0,2.0,35.0,0.1,0.1,0.4,3.0,602.0,5.0,5.0,0.1378737541528239
37.0,2.0,36.0,0.1,0.1,0.4,3.0,588.0,5.0,5.0,0.1445578231292517
37.0,2.0,37.0,0.1,0.1,0.4,3.0,585.0,4.0,4.0,0.13675213675213677
37.0,2.0,38.0,0.1,0.1,0.4,3.0,557.0,2.0,0.0,0.14542190305206462
37.0,2.0,39.0,0.1,0.1,0.4,3.0,565.0,2.0,0.0,0.13805309734513274
37.0,2.0,40.0,0.1,0.1,0.4,3.0,542.0,2.0,2.0,0.14944649446494465
37.0,2.0,41.0,0.1,0.1,0.4,3.0,540.0,3.0,2.0,0.1425925925925926
37.0,2.0,42.0,0.1,0.1,0.4,3.0,521.0,3.0,2.0,0.14971209213051823
37.0,2.0,43.0,0.1,0.1,0.4,3.0,521.0,1.0,0.0,0.1401151631477927
37.0,2.0,44.0,0.1,0.1,0.4,3.0,506.0,1.0,0.0,0.15019762845849802
37.0,2.0,45.0,0.1,0.1,0.4,3.0,499.0,1.0,0.0,0.218436873747495
37.0,2.0,46.0,0.1,0.1,0.4,3.0,492.0,1.0,0.0,0.22764227642276422
37.0,2.0,47.0,0.1,0.1,0.4,3.0,485.0,1.0,0.0,0.21443298969072164
37.0,2.0,48.0,0.1,0.1,0.4,3.0,470.0,1.0,1.0,0.22340425531914893
37.0,2.0,49.0,0.1,0.1,0.4,3.0,481.0,1.0,1.0,0.21205821205821207
37.0,2.0,50.0,0.1,0.1,0.4,3.0,462.0,1.0,1.0,0.22727272727272727
37.0,2.0,51.0,0.1,0.1,0.4,3.0,472.0,0.0,0.0,0.21398305084745764
37.0,2.0,52.0,0.1,0.1,0.4,3.0,454.0,0.0,0.0,0.23127753303964757
37.0,3.0,1.0,0.1,0.1,0.4,3.0,467.0,0.0,0.0,0.21841541755888652
37.0,3.0,2.0,0.1,0.1,0.4,3.0,451.0,0.0,0.0,0.2328159645232816
37.0,3.0,3.0,0.1,0.1,0.4,3.0,464.0,0.0,0.0,0.21551724137931033
37.0,3.0,4.0,0.1,0.1,0.4,3.0,449.0,0.0,0.0,0.22939866369710468
37.0,3.0,5.0,0.1,0.1,0.4,3.0,460.0,0.0,0.0,0.2108695652173913
37.0,3.0,6.0,0.1,0.1,0.4,3.0,447.0,0.0,0.0,0.22595078299776286
37.0,3.0,7.0,0.1,0.1,0.4,3.0,456.0,0.0,0.0,0.21052631578947367
37.0,3.0,8.0,0.1,0.1,0.4,3.0,439.0,0.0,0.0,0.22323462414578588
37.0,3.0,9.0,0.1,0.1,0.4,3.0,449.0,0.0,0.0,0.2071269487750557
37.0,3.0,10.0,0.1,0.1,0.4,3.0,432.0,0.0,0.0,0.2152777777777778
37.0,3.0,11.0,0.1,0.1,0.4,3.0,434.0,0.0,0.0,0.20276497695852536
37.0,3.0,12.0,0.1,0.1,0.4,3.0,411.0,0.0,0.0,0.21897810218978103
37.0,3.0,13.0,0.1,0.1,0.4,3.0,421.0,0.0,0.0,0.2042755344418052
37.0,3.0,14.0,0.1,0.1,0.4,3.0,406.0,0.0,0.0,0.21921182266009853
37.0,3.0,15.0,0.1,0.1,0.4,3.0,408.0,0.0,0.0,0.20833333333333334
37.0,3.0,16.0,0.1,0.1,0.4,3.0,395.0,0.0,0.0,0.22025316455696203
37.0,3.0,17.0,0.1,0.1,0.4,3.0,406.0,0.0,0.0,0.2044334975369458
37.0,3.0,18.0,0.1,0.1,0.4,3.0,391.0,0.0,0.0,0.21994884910485935
37.0,3.0,19.0,0.1,0.1,0.4,3.0,401.0,0.0,0.0,0.20448877805486285
37.0,3.0,20.0,0.1,0.1,0.4,3.0,714.0,0.0,0.0,0.11904761904761904
37.0,3.0,21.0,0.1,0.1,0.4,3.0,715.0,0.0,0.0,0.1076923076923077
37.0,3.0,22.0,0.1,0.1,0.4,3.0,637.0,0.0,0.0,0.12087912087912088
37.0,3.0,23.0,0.1,0.1,0.4,3.0,658.0,0.0,0.0,0.11094224924012158
37.0,3.0,24.0,0.1,0.1,0.4,3.0,618.0,0.0,0.0,0.12297734627831715
37.0,3.0,25.0,0.1,0.1,0.4,3.0,634.0,0.0,0.0,0.10883280757097792
37.0,3.0,26.0,0.1,0.1,0.4,3.0,597.0,0.0,0.0,0.11892797319932999
37.0,3.0,27.0,0.1,0.1,0.4,3.0,620.0,0.0,0.0,0.10483870967741936
37.0,3.0,28.0,0.1,0.1,0.4,3.0,579.0,0.0,0.0,0.11917098445595854
37.0,3.0,29.0,0.1,0.1,0.4,3.0,611.0,0.0,0.0,0.10638297872340426
37.0,3.0,30.0,0.1,0.1,0.4,3.0,566.0,0.0,0.0,0.12014134275618374
37.0,3.0,31.0,0.1,0.1,0.4,3.0,589.0,0.0,0.0,0.10865874363327674
37.0,3.0,32.0,0.1,0.1,0.4,3.0,538.0,0.0,0.0,0.12453531598513011
37.0,3.0,33.0,0.1,0.1,0.4,3.0,552.0,0.0,0.0,0.11413043478260869
37.0,3.0,34.0,0.1,0.1,0.4,3.0,513.0,0.0,0.0,0.13060428849902533
37.0,3.0,35.0,0.1,0.1,0.4,3.0,535.0,0.0,0.0,0.11775700934579439
37.0,3.0,36.0,0.1,0.1,0.4,3.0,495.0,0.0,0.0,0.13131313131313133
37.0,3.0,37.0,0.1,0.1,0.4,3.0,518.0,0.0,0.0,0.11776061776061776
37.0,3.0,38.0,0.1,0.1,0.4,3.0,504.0,0.0,0.0,0.125
37.0,3.0,39.0,0.1,0.1,0.4,3.0,514.0,0.0,0.0,0.11284046692607004
37.0,3.0,40.0,0.1,0.1,0.4,3.0,482.0,0.0,0.0,0.12240663900414937
37.0,3.0,41.0,0.1,0.1,0.4,3.0,493.0,0.0,0.0,0.11156186612576065
37.0,3.0,42.0,0.1,0.1,0.4,3.0,469.0,0.0,0.0,0.11940298507462686
37.0,3.0,43.0,0.1,0.1,0.4,3.0,478.0,0.0,0.0,0.1108786610878661
37.0,3.0,44.0,0.1,0.1,0.4,3.0,452.0,0.0,0.0,0.12168141592920353
37.0,3.0,45.0,0.1,0.1,0.4,3.0,431.0,0.0,0.0,0.18793503480278423
37.0,3.0,46.0,0.1,0.1,0.4,3.0,440.0,0.0,0.0,0.18863636363636363
37.0,3.0,47.0,0.1,0.1,0.4,3.0,430.0,0.0,0.0,0.1883720930232558
37.0,3.0,48.0,0.1,0.1,0.4,3.0,434.0,0.0,0.0,0.1889400921658986
37.0,3.0,49.0,0.1,0.1,0.4,3.0,416.0,0.0,0.0,0.18990384615384615
37.0,3.0,50.0,0.1,0.1,0.4,3.0,424.0,0.0,0.0,0.19103773584905662
37.0,3.0,51.0,0.1,0.1,0.4,3.0,421.0,0.0,0.0,0.1876484560570071
37.0,3.0,52.0,0.1,0.1,0.4,3.0,420.0,0.0,0.0,0.19047619047619047
37.0,4.0,1.0,0.1,0.1,0.4,3.0,411.0,0.0,0.0,0.1873479318734793
37.0,4.0,2.0,0.1,0.1,0.4,3.0,415.0,0.0,0.0,0.1855421686746988
37.0,4.0,3.0,0.1,0.1,0.4,3.0,407.0,0.0,0.0,0.18427518427518427
37.0,4.0,4.0,0.1,0.1,0.4,3.0,411.0,0.0,0.0,0.18491484184914841
37.0,4.0,5.0,0.1,0.1,0.4,3.0,404.0,0.0,0.0,0.18316831683168316
37.0,4.0,6.0,0.1,0.1,0.4,3.0,411.0,0.0,0.0,0.18491484184914841
37.0,4.0,7.0,0.1,0.1,0.4,3.0,405.0,0.0,0.0,0.18271604938271604
37.0,4.0,8.0,0.1,0.1,0.4,3.0,409.0,0.0,0.0,0.18581907090464547
37.0,4.0,9.0,0.1,0.1,0.4,3.0,403.0,0.0,0.0,0.18610421836228289
37.0,4.0,10.0,0.1,0.1,0.4,3.0,408.0,0.0,0.0,0.18872549019607843
37.0,4.0,11.0,0.1,0.1,0.4,3.0,405.0,0.0,0.0,0.18518518518518517
37.0,4.0,12.0,0.1,0.1,0.4,3.0,409.0,0.0,0.0,0.1882640586797066
37.0,4.0,13.0,0.1,0.1,0.4,3.0,404.0,0.0,0.0,0.18564356435643564
37.0,4.0,14.0,0.1,0.1,0.4,3.0,408.0,0.0,0.0,0.18872549019607843
37.0,4.0,15.0,0.1,0.1,0.4,3.0,400.0,0.0,0.0,0.185
37.0,4.0,16.0,0.1,0.1,0.4,3.0,404.0,0.0,0.0,0.18811881188118812
37.0,4.0,17.0,0.1,0.1,0.4,3.0,398.0,0.0,0.0,0.18592964824120603
37.0,4.0,18.0,0.1,0.1,0.4,3.0,403.0,0.0,0.0,0.18858560794044665
37.0,4.0,19.0,0.1,0.1,0.4,3.0,398.0,0.0,0.0,0.18592964824120603
37.0,4.0,20.0,0.1,0.1,0.4,3.0,684.0,0.0,0.0,0.10964912280701754
37.0,4.0,21.0,0.1,0.1,0.4,3.0,663.0,0.0,0.0,0.11010558069381599
37.0,4.0,22.0,0.1,0.1,0.4,3.0,654.0,0.0,0.0,0.11162079510703364
37.0,4.0,23.0,0.1,0.1,0.4,3.0,613.0,0.0,0.0,0.11419249592169657
37.0,4.0,24.0,0.1,0.1,0.4,3.0,604.0,0.0,0.0,0.11754966887417219
37.0,4.0,25.0,0.1,0.1,0.4,3.0,595.0,0.0,0.0,0.11428571428571428
37.0,4.0,26.0,0.1,0.1,0.4,3.0,570.0,0.0,0.0,0.12105263157894737
37.0,4.0,27.0,0.1,0.1,0.4,3.0,559.0,0.0,0.0,0.11806797853309481
37.0,4.0,28.0,0.1,0.1,0.4,3.0,541.0,0.0,0.0,0.12384473197781885
37.0,4.0,29.0,0.1,0.1,0.4,3.0,542.0,0.0,0.0,0.11992619926199262
37.0,4.0,30.0,0.1,0.1,0.4,3.0,517.0,0.0,0.0,0.1276595744680851
37.0,4.0,31.0,0.1,0.1,0.4,3.0,504.0,0.0,0.0,0.12301587301587301
37.0,4.0,32.0,0.1,0.1,0.4,3.0,503.0,0.0,0.0,0.1272365805168986
37.0,4.0,33.0,0.1,0.1,0.4,3.0,493.0,0.0,0.0,0.12170385395537525
37.0,4.0,34.0,0.1,0.1,0.4,3.0,467.0,0.0,0.0,0.1284796573875803
37.0,4.0,35.0,0.1,0.1,0.4,3.0,465.0,0.0,0.0,0.12473118279569892
37.0,4.0,36.0,0.1,0.1,0.4,3.0,454.0,0.0,0.0,0.13215859030837004
37.0,4.0,37.0,0.1,0.1,0.4,3.0,440.0,0.0,0.0,0.12954545454545455
37.0,4.0,38.0,0.1,0.1,0.4,3.0,438.0,0.0,0.0,0.13470319634703196
37.0,4.0,39.0,0.1,0.1,0.4,3.0,430.0,0.0,0.0,0.1325581395348837
37.0,4.0,40.0,0.1,0.1,0.4,3.0,417.0,0.0,0.0,0.14148681055155876
37.0,4.0,41.0,0.1,0.1,0.4,3.0,417.0,0.0,0.0,0.1366906474820144
37.0,4.0,42.0,0.1,0.1,0.4,3.0,417.0,0.0,0.0,0.14148681055155876
37.0,4.0,43.0,0.1,0.1,0.4,3.0,410.0,0.0,0.0,0.13902439024390245
37.0,4.0,44.0,0.1,0.1,0.4,3.0,403.0,0.0,0.0,0.14640198511166252
37.0,4.0,45.0,0.1,0.1,0.4,3.0,382.0,0.0,0.0,0.2094240837696335
37.0,4.0,46.0,0.1,0.1,0.4,3.0,380.0,0.0,0.0,0.21052631578947367
37.0,4.0,47.0,0.1,0.1,0.4,3.0,374.0,0.0,0.0,0.21657754010695188
37.0,4.0,48.0,0.1,0.1,0.4,3.0,359.0,0.0,0.0,0.21727019498607242
37.0,4.0,49.0,0.1,0.1,0.4,3.0,351.0,0.0,0.0,0.2222222222222222
37.0,4.0,50.0,0.1,0.1,0.4,3.0,353.0,0.0,0.0,0.21813031161473087
37.0,4.0,51.0,0.1,0.1,0.4,3.0,346.0,0.0,0.0,0.21965317919075145
37.0,4.0,52.0,0.1,0.1,0.4,3.0,342.0,0.0,0.0,0.21929824561403508
37.0,5.0,1.0,0.1,0.1,0.4,3.0,329.0,0.0,0.0,0.23100303951367782
37.0,5.0,2.0,0.1,0.1,0.4,3.0,322.0,0.0,0.0,0.2267080745341615
37.0,5.0,3.0,0.1,0.1,0.4,3.0,321.0,0.0,0.0,0.23052959501557632
37.0,5.0,4.0,0.1,0.1,0.4,3.0,323.0,0.0,0.0,0.22291021671826625
37.0,5.0,5.0,0.1,0.1,0.4,3.0,325.0,0.0,0.0,0.2276923076923077
37.0,5.0,6.0,0.1,0.1,0.4,3.0,321.0,0.0,0.0,0.22429906542056074
37.0,5.0,7.0,0.1,0.1,0.4,3.0,322.0,0.0,0.0,0.2267080745341615
37.0,5.0,8.0,0.1,0.1,0.4,3.0,318.0,0.0,0.0,0.22641509433962265
37.0,5.0,9.0,0.1,0.1,0.4,3.0,320.0,0.0,0.0,0.225
37.0,5.0,10.0,0.1,0.1,0.4,3.0,318.0,0.0,0.0,0.22641509433962265
37.0,5.0,11.0,0.1,0.1,0.4,3.0,320.0,0.0,0.0,0.225
37.0,5.0,12.0,0.1,0.1,0.4,3.0,317.0,0.0,0.0,0.22712933753943218
37.0,5.0,13.0,0.1,0.1,0.4,3.0,319.0,0.0,0.0,0.22570532915360503
37.0,5.0,14.0,0.1,0.1,0.4,3.0,316.0,0.0,0.0,0.22784810126582278
37.0,5.0,15.0,0.1,0.1,0.4,3.0,318.0,0.0,0.0,0.22641509433962265
37.0,5.0,16.0,0.1,0.1,0.4,3.0,316.0,0.0,0.0,0.22784810126582278
37.0,5.0,17.0,0.1,0.1,0.4,3.0,317.0,0.0,0.0,0.22712933753943218
37.0,5.0,18.0,0.1,0.1,0.4,3.0,316.0,0.0,0.0,0.22784810126582278
37.0,5.0,19.0,0.1,0.1,0.4,3.0,317.0,0.0,0.0,0.22712933753943218
37.0,5.0,20.0,0.1,0.1,0.4,3.0,590.0,0.0,0.0,0.12203389830508475
37.0,5.0,21.0,0.1,0.1,0.4,3.0,575.0,0.0,0.0,0.12347826086956522
37.0,5.0,22.0,0.1,0.1,0.4,3.0,559.0,0.0,0.0,0.12701252236135957
37.0,5.0,23.0,0.1,0.1,0.4,3.0,539.0,0.0,0.0,0.1280148423005566
37.0,5.0,24.0,0.1,0.1,0.4,3.0,535.0,0.0,0.0,0.12897196261682242
37.0,5.0,25.0,0.1,0.1,0.4,3.0,529.0,0.0,0.0,0.1285444234404537
37.0,5.0,26.0,0.1,0.1,0.4,3.0,501.0,0.0,0.0,0.13373253493013973
37.0,5.0,27.0,0.1,0.1,0.4,3.0,494.0,0.0,0.0,0.13157894736842105
37.0,5.0,28.0,0.1,0.1,0.4,3.0,482.0,0.0,0.0,0.13278008298755187
37.0,5.0,29.0,0.1,0.1,0.4,3.0,477.0,0.0,0.0,0.13417190775681342
37.0,5.0,30.0,0.1,0.1,0.4,3.0,457.0,0.0,0.0,0.13347921225382933
37.0,5.0,31.0,0.1,0.1,0.4,3.0,450.0,0.0,0.0,0.13333333333333333
37.0,5.0,32.0,0.1,0.1,0.4,3.0,446.0,0.0,0.0,0.13228699551569506
37.0,5.0,33.0,0.1,0.1,0.4,3.0,449.0,0.0,0.0,0.13140311804008908
37.0,5.0,34.0,0.1,0.1,0.4,3.0,445.0,0.0,0.0,0.1303370786516854
37.0,5.0,35.0,0.1,0.1,0.4,3.0,430.0,0.0,0.0,0.13953488372093023
37.0,5.0,36.0,0.1,0.1,0.4,3.0,407.0,0.0,0.0,0.14250614250614252
37.0,5.0,37.0,0.1,0.1,0.4,3.0,401.0,0.0,0.0,0.14214463840399003
37.0,5.0,38.0,0.1,0.1,0.4,3.0,397.0,0.0,0.0,0.1385390428211587
37.0,5.0,39.0,0.1,0.1,0.4,3.0,401.0,0.0,0.0,0.14214463840399003
37.0,5.0,40.0,0.1,0.1,0.4,3.0,397.0,0.0,0.0,0.1385390428211587
37.0,5.0,41.0,0.1,0.1,0.4,3.0,399.0,0.0,0.0,0.14285714285714285
37.0,5.0,42.0,0.1,0.1,0.4,3.0,386.0,0.0,0.0,0.13989637305699482
37.0,5.0,43.0,0.1,0.1,0.4,3.0,387.0,0.0,0.0,0.13953488372093023
37.0,5.0,44.0,0.1,0.1,0.4,3.0,372.0,0.0,0.0,0.1424731182795699
37.0,5.0,45.0,0.1,0.1,0.4,3.0,374.0,0.0,0.0,0.22459893048128343
37.0,5.0,46.0,0.1,0.1,0.4,3.0,363.0,0.0,0.0,0.22589531680440772
37.0,5.0,47.0,0.1,0.1,0.4,3.0,367.0,0.0,0.0,0.22888283378746593
37.0,5.0,48.0,0.1,0.1,0.4,3.0,353.0,0.0,0.0,0.22662889518413598
37.0,5.0,49.0,0.1,0.1,0.4,3.0,347.0,0.0,0.0,0.23631123919308358
37.0,5.0,50.0,0.1,0.1,0.4,3.0,345.0,0.0,0.0,0.2318840579710145
37.0,5.0,51.0,0.1,0.1,0.4,3.0,347.0,0.0,0.0,0.23631123919308358
37.0,5.0,52.0,0.1,0.1,0.4,3.0,339.0,0.0,0.0,0.23008849557522124
37.0,6.0,1.0,0.1,0.1,0.4,3.0,337.0,0.0,0.0,0.2344213649851632
37.0,6.0,2.0,0.1,0.1,0.4,3.0,338.0,0.0,0.0,0.22781065088757396
37.0,6.0,3.0,0.1,0.1,0.4,3.0,329.0,0.0,0.0,0.23100303951367782
37.0,6.0,4.0,0.1,0.1,0.4,3.0,331.0,0.0,0.0,0.229607250755287
37.0,6.0,5.0,0.1,0.1,0.4,3.0,328.0,0.0,0.0,0.22560975609756098
37.0,6.0,6.0,0.1,0.1,0.4,3.0,328.0,0.0,0.0,0.22560975609756098
37.0,6.0,7.0,0.1,0.1,0.4,3.0,327.0,0.0,0.0,0.22324159021406728
37.0,6.0,8.0,0.1,0.1,0.4,3.0,327.0,0.0,0.0,0.22629969418960244
37.0,6.0,9.0,0.1,0.1,0.4,3.0,326.0,0.0,0.0,0.22392638036809817
37.0,6.0,10.0,0.1,0.1,0.4,3.0,326.0,0.0,0.0,0.22699386503067484
37.0,6.0,11.0,0.1,0.1,0.4,3.0,324.0,0.0,0.0,0.2222222222222222
37.0,6.0,12.0,0.1,0.1,0.4,3.0,324.0,0.0,0.0,0.2191358024691358
37.0,6.0,13.0,0.1,0.1,0.4,3.0,321.0,0.0,0.0,0.21806853582554517
37.0,6.0,14.0,0.1,0.1,0.4,3.0,320.0,0.0,0.0,0.221875
37.0,6.0,15.0,0.1,0.1,0.4,3.0,322.0,0.0,0.0,0.21739130434782608
37.0,6.0,16.0,0.1,0.1,0.4,3.0,321.0,0.0,0.0,0.22118380062305296
37.0,6.0,17.0,0.1,0.1,0.4,3.0,325.0,0.0,0.0,0.21846153846153846
37.0,6.0,18.0,0.1,0.1,0.4,3.0,321.0,0.0,0.0,0.21806853582554517
37.0,6.0,19.0,0.1,0.1,0.4,3.0,318.0,0.0,0.0,0.2138364779874214
37.0,6.0,20.0,0.1,0.1,0.4,3.0,552.0,0.0,0.0,0.1213768115942029
37.0,6.0,21.0,0.1,0.1,0.4,3.0,545.0,0.0,0.0,0.12110091743119267
37.0,6.0,22.0,0.1,0.1,0.4,3.0,508.0,0.0,0.0,0.12598425196850394
37.0,6.0,23.0,0.1,0.1,0.4,3.0,498.0,0.0,0.0,0.12449799196787148
37.0,6.0,24.0,0.1,0.1,0.4,3.0,489.0,0.0,0.0,0.12474437627811862
37.0,6.0,25.0,0.1,0.1,0.4,3.0,486.0,0.0,0.0,0.12757201646090535
37.0,6.0,26.0,0.1,0.1,0.4,3.0,455.0,0.0,0.0,0.12967032967032968
37.0,6.0,27.0,0.1,0.1,0.4,3.0,442.0,0.0,0.0,0.12669683257918551
37.0,6.0,28.0,0.1,0.1,0.4,3.0,432.0,0.0,0.0,0.12962962962962962
37.0,6.0,29.0,0.1,0.1,0.4,3.0,413.0,0.0,0.0,0.13075060532687652
37.0,6.0,30.0,0.1,0.1,0.4,3.0,408.0,0.0,0.0,0.12990196078431374
37.0,6.0,31.0,0.1,0.1,0.4,3.0,397.0,0.0,0.0,0.12846347607052896
37.0,6.0,32.0,0.1,0.1,0.4,3.0,379.0,0.0,0.0,0.12137203166226913
37.0,6.0,33.0,0.1,0.1,0.4,3.0,379.0,0.0,0.0,0.11873350923482849
37.0,6.0,34.0,0.1,0.1,0.4,3.0,371.0,0.0,0.0,0.11859838274932614
37.0,6.0,35.0,0.1,0.1,0.4,3.0,349.0,0.0,0.0,0.12607449856733524
37.0,6.0,36.0,0.1,0.1,0.4,3.0,335.0,0.0,0.0,0.1253731343283582
37.0,6.0,37.0,0.1,0.1,0.4,3.0,346.0,0.0,0.0,0.12427745664739884
37.0,6.0,38.0,0.1,0.1,0.4,3.0,320.0,0.0,0.0,0.128125
37.0,6.0,39.0,0.1,0.1,0.4,3.0,325.0,0.0,0.0,0.12923076923076923
37.0,6.0,40.0,0.1,0.1,0.4,3.0,318.0,0.0,0.0,0.1289308176100629
37.0,6.0,41.0,0.1,0.1,0.4,3.0,323.0,0.0,0.0,0.13003095975232198
37.0,6.0,42.0,0.1,0.1,0.4,3.0,316.0,0.0,0.0,0.12974683544303797
37.0,6.0,43.0,0.1,0.1,0.4,3.0,315.0,0.0,0.0,0.13015873015873017
37.0,6.0,44.0,0.1,0.1,0.4,3.0,307.0,0.0,0.0,0.13029315960912052
37.0,6.0,45.0,0.1,0.1,0.4,3.0,314.0,0.0,0.0,0.21656050955414013
37.0,6.0,46.0,0.1,0.1,0.4,3.0,298.0,0.0,0.0,0.2181208053691275
37.0,6.0,47.0,0.1,0.1,0.4,3.0,305.0,0.0,0.0,0.21639344262295082
37.0,6.0,48.0,0.1,0.1,0.4,3.0,292.0,0.0,0.0,0.2226027397260274
37.0,6.0,49.0,0.1,0.1,0.4,3.0,303.0,0.0,0.0,0.21782178217821782
37.0,6.0,50.0,0.1,0.1,0.4,3.0,299.0,0.0,0.0,0.22073578595317725
37.0,6.0,51.0,0.1,0.1,0.4,3.0,304.0,0.0,0.0,0.22039473684210525
37.0,6.0,52.0,0.1,0.1,0.4,3.0,298.0,0.0,0.0,0.2214765100671141
37.0,7.0,1.0,0.1,0.1,0.4,3.0,301.0,0.0,0.0,0.22259136212624583
37.0,7.0,2.0,0.1,0.1,0.4,3.0,295.0,0.0,0.0,0.22033898305084745
37.0,7.0,3.0,0.1,0.1,0.4,3.0,289.0,0.0,0.0,0.22491349480968859
37.0,7.0,4.0,0.1,0.1,0.4,3.0,280.0,0.0,0.0,0.225
37.0,7.0,5.0,0.1,0.1,0.4,3.0,278.0,0.0,0.0,0.2302158273381295
37.0,7.0,6.0,0.1,0.1,0.4,3.0,273.0,0.0,0.0,0.2271062271062271
37.0,7.0,7.0,0.1,0.1,0.4,3.0,276.0,0.0,0.0,0.2318840579710145
37.0,7.0,8.0,0.1,0.1,0.4,3.0,268.0,0.0,0.0,0.22761194029850745
37.0,7.0,9.0,0.1,0.1,0.4,3.0,273.0,0.0,0.0,0.23076923076923078
37.0,7.0,10.0,0.1,0.1,0.4,3.0,271.0,0.0,0.0,0.22509225092250923
37.0,7.0,11.0,0.1,0.1,0.4,3.0,276.0,0.0,0.0,0.22826086956521738
37.0,7.0,12.0,0.1,0.1,0.4,3.0,271.0,0.0,0.0,0.22509225092250923
37.0,7.0,13.0,0.1,0.1,0.4,3.0,274.0,0.0,0.0,0.22627737226277372
37.0,7.0,14.0,0.1,0.1,0.4,3.0,271.0,0.0,0.0,0.22509225092250923
37.0,7.0,15.0,0.1,0.1,0.4,3.0,274.0,0.0,0.0,0.22262773722627738
37.0,7.0,16.0,0.1,0.1,0.4,3.0,270.0,0.0,0.0,0.2222222222222222
37.0,7.0,17.0,0.1,0.1,0.4,3.0,274.0,0.0,0.0,0.22262773722627738
37.0,7.0,18.0,0.1,0.1,0.4,3.0,270.0,0.0,0.0,0.2222222222222222
37.0,7.0,19.0,0.1,0.1,0.4,3.0,272.0,0.0,0.0,0.22426470588235295
37.0,7.0,20.0,0.1,0.1,0.4,3.0,517.0,0.0,0.0,0.11605415860735009
37.0,7.0,21.0,0.1,0.1,0.4,3.0,518.0,0.0,0.0,0.11583011583011583
37.0,7.0,22.0,0.1,0.1,0.4,3.0,497.0,0.0,0.0,0.11871227364185111
37.0,7.0,23.0,0.1,0.1,0.4,3.0,456.0,0.0,0.0,0.125
37.0,7.0,24.0,0.1,0.1,0.4,3.0,435.0,0.0,0.0,0.12873563218390804
37.0,7.0,25.0,0.1,0.1,0.4,3.0,411.0,0.0,0.0,0.12895377128953772
37.0,7.0,26.0,0.1,0.1,0.4,3.0,400.0,0.0,0.0,0.13
37.0,7.0,27.0,0.1,0.1,0.4,3.0,398.0,0.0,0.0,0.1306532663316583
37.0,7.0,28.0,0.1,0.1,0.4,3.0,374.0,0.0,0.0,0.13368983957219252
37.0,7.0,29.0,0.1,0.1,0.4,3.0,376.0,0.0,0.0,0.13031914893617022
37.0,7.0,30.0,0.1,0.1,0.4,3.0,364.0,0.0,0.0,0.13186813186813187
37.0,7.0,31.0,0.1,0.1,0.4,3.0,375.0,0.0,0.0,0.13066666666666665
37.0,7.0,32.0,0.1,0.1,0.4,3.0,364.0,0.0,0.0,0.13186813186813187
37.0,7.0,33.0,0.1,0.1,0.4,3.0,356.0,0.0,0.0,0.1348314606741573
37.0,7.0,34.0,0.1,0.1,0.4,3.0,346.0,0.0,0.0,0.13583815028901733
37.0,7.0,35.0,0.1,0.1,0.4,3.0,356.0,0.0,0.0,0.13764044943820225
37.0,7.0,36.0,0.1,0.1,0.4,3.0,345.0,0.0,0.0,0.13623188405797101
37.0,7.0,37.0,0.1,0.1,0.4,3.0,355.0,0.0,0.0,0.1352112676056338
37.0,7.0,38.0,0.1,0.1,0.4,3.0,344.0,0.0,0.0,0.13372093023255813
37.0,7.0,39.0,0.1,0.1,0.4,3.0,355.0,0.0,0.0,0.1352112676056338
37.0,7.0,40.0,0.1,0.1,0.4,3.0,336.0,0.0,0.0,0.13690476190476192
37.0,7.0,41.0,0.1,0.1,0.4,3.0,329.0,0.0,0.0,0.14285714285714285
37.0,7.0,42.0,0.1,0.1,0.4,3.0,326.0,0.0,0.0,0.13803680981595093
37.0,7.0,43.0,0.1,0.1,0.4,3.0,316.0,0.0,0.0,0.14556962025316456
37.0,7.0,44.0,0.1,0.1,0.4,3.0,314.0,0.0,0.0,0.14331210191082802
37.0,7.0,45.0,0.1,0.1,0.4,3.0,315.0,0.0,0.0,0.2
37.0,7.0,46.0,0.1,0.1,0.4,3.0,313.0,0.0,0.0,0.19808306709265175
37.0,7.0,47.0,0.1,0.1,0.4,3.0,315.0,0.0,0.0,0.2
37.0,7.0,48.0,0.1,0.1,0.4,3.0,313.0,0.0,0.0,0.19808306709265175
37.0,7.0,49.0,0.1,0.1,0.4,3.0,314.0,0.0,0.0,0.20063694267515925
37.0,7.0,50.0,0.1,0.1,0.4,3.0,312.0,0.0,0.0,0.1987179487179487
37.0,7.0,51.0,0.1,0.1,0.4,3.0,313.0,0.0,0.0,0.19808306709265175
37.0,7.0,52.0,0.1,0.1,0.4,3.0,312.0,0.0,0.0,0.1955128205128205
37.0,8.0,1.0,0.1,0.1,0.4,3.0,311.0,0.0,0.0,0.19614147909967847
37.0,8.0,2.0,0.1,0.1,0.4,3.0,305.0,0.0,0.0,0.19672131147540983
37.0,8.0,3.0,0.1,0.1,0.4,3.0,299.0,0.0,0.0,0.19732441471571907
37.0,8.0,4.0,0.1,0.1,0.4,3.0,293.0,0.0,0.0,0.19795221843003413
37.0,8.0,5.0,0.1,0.1,0.4,3.0,299.0,0.0,0.0,0.19732441471571907
37.0,8.0,6.0,0.1,0.1,0.4,3.0,293.0,0.0,0.0,0.19795221843003413
37.0,8.0,7.0,0.1,0.1,0.4,3.0,299.0,0.0,0.0,0.19732441471571907
37.0,8.0,8.0,0.1,0.1,0.4,3.0,293.0,0.0,0.0,0.19795221843003413
37.0,8.0,9.0,0.1,0.1,0.4,3.0,298.0,0.0,0.0,0.19798657718120805
37.0,8.0,10.0,0.1,0.1,0.4,3.0,292.0,0.0,0.0,0.19863013698630136
37.0,8.0,11.0,0.1,0.1,0.4,3.0,287.0,0.0,0.0,0.20209059233449478
37.0,8.0,12.0,0.1,0.1,0.4,3.0,281.0,0.0,0.0,0.20284697508896798
37.0,8.0,13.0,0.1,0.1,0.4,3.0,287.0,0.0,0.0,0.20209059233449478
37.0,8.0,14.0,0.1,0.1,0.4,3.0,281.0,0.0,0.0,0.20284697508896798
37.0,8.0,15.0,0.1,0.1,0.4,3.0,287.0,0.0,0.0,0.20209059233449478
37.0,8.0,16.0,0.1,0.1,0.4,3.0,280.0,0.0,0.0,0.2
37.0,8.0,17.0,0.1,0.1,0.4,3.0,284.0,0.0,0.0,0.2007042253521127
37.0,8.0,18.0,0.1,0.1,0.4,3.0,279.0,0.0,0.0,0.2007168458781362
37.0,8.0,19.0,0.1,0.1,0.4,3.0,284.0,0.0,0.0,0.2007042253521127
37.0,8.0,20.0,0.1,0.1,0.4,3.0,536.0,0.0,0.0,0.1044776119402985
37.0,8.0,21.0,0.1,0.1,0.4,3.0,519.0,0.0,0.0,0.10597302504816955
37.0,8.0,22.0,0.1,0.1,0.4,3.0,483.0,0.0,0.0,0.10559006211180125
37.0,8.0,23.0,0.1,0.1,0.4,3.0,475.0,0.0,0.0,0.10947368421052632
37.0,8.0,24.0,0.1,0.1,0.4,3.0,446.0,0.0,0.0,0.11210762331838565
37.0,8.0,25.0,0.1,0.1,0.4,3.0,442.0,0.0,0.0,0.11538461538461539
37.0,8.0,26.0,0.1,0.1,0.4,3.0,412.0,0.0,0.0,0.11893203883495146
37.0,8.0,27.0,0.1,0.1,0.4,3.0,399.0,0.0,0.0,0.12531328320802004
37.0,8.0,28.0,0.1,0.1,0.4,3.0,370.0,0.0,0.0,0.12702702702702703
37.0,8.0,29.0,0.1,0.1,0.4,3.0,374.0,0.0,0.0,0.12834224598930483
37.0,8.0,30.0,0.1,0.1,0.4,3.0,371.0,0.0,0.0,0.12668463611859837
37.0,8.0,31.0,0.1,0.1,0.4,3.0,357.0,0.0,0.0,0.13445378151260504
37.0,8.0,32.0,0.1,0.1,0.4,3.0,353.0,0.0,0.0,0.13314447592067988
37.0,8.0,33.0,0.1,0.1,0.4,3.0,330.0,0.0,0.0,0.14242424242424243
37.0,8.0,34.0,0.1,0.1,0.4,3.0,327.0,0.0,0.0,0.14067278287461774
37.0,8.0,35.0,0.1,0.1,0.4,3.0,330.0,0.0,0.0,0.14242424242424243
37.0,8.0,36.0,0.1,0.1,0.4,3.0,327.0,0.0,0.0,0.14067278287461774
37.0,8.0,37.0,0.1,0.1,0.4,3.0,322.0,0.0,0.0,0.14596273291925466
37.0,8.0,38.0,0.1,0.1,0.4,3.0,319.0,0.0,0.0,0.14420062695924765
37.0,8.0,39.0,0.1,0.1,0.4,3.0,314.0,0.0,0.0,0.14968152866242038
37.0,8.0,40.0,0.1,0.1,0.4,3.0,300.0,0.0,0.0,0.15
37.0,8.0,41.0,0.1,0.1,0.4,3.0,299.0,0.0,0.0,0.15384615384615385
37.0,8.0,42.0,0.1,0.1,0.4,3.0,300.0,0.0,0.0,0.15333333333333332
37.0,8.0,43.0,0.1,0.1,0.4,3.0,285.0,0.0,0.0,0.16140350877192983
37.0,8.0,44.0,0.1,0.1,0.4,3.0,286.0,0.0,0.0,0.16083916083916083
37.0,8.0,45.0,0.1,0.1,0.4,3.0,283.0,0.0,0.0,0.2508833922261484
37.0,8.0,46.0,0.1,0.1,0.4,3.0,285.0,0.0,0.0,0.24912280701754386
37.0,8.0,47.0,0.1,0.1,0.4,3.0,284.0,0.0,0.0,0.25
37.0,8.0,48.0,0.1,0.1,0.4,3.0,285.0,0.0,0.0,0.24912280701754386
37.0,8.0,49.0,0.1,0.1,0.4,3.0,284.0,0.0,0.0,0.25
37.0,8.0,50.0,0.1,0.1,0.4,3.0,284.0,0.0,0.0,0.25
37.0,8.0,51.0,0.1,0.1,0.4,3.0,285.0,0.0,0.0,0.24912280701754386
37.0,8.0,52.0,0.1,0.1,0.4,3.0,282.0,0.0,0.0,0.25177304964539005
37.0,9.0,1.0,0.1,0.1,0.4,3.0,273.0,0.0,0.0,0.2490842490842491
37.0,9.0,2.0,0.1,0.1,0.4,3.0,272.0,0.0,0.0,0.25
37.0,9.0,3.0,0.1,0.1,0.4,3.0,273.0,0.0,0.0,0.2490842490842491
37.0,9.0,4.0,0.1,0.1,0.4,3.0,272.0,0.0,0.0,0.25
37.0,9.0,5.0,0.1,0.1,0.4,3.0,272.0,0.0,0.0,0.25
37.0,9.0,6.0,0.1,0.1,0.4,3.0,272.0,0.0,0.0,0.25
37.0,9.0,7.0,0.1,0.1,0.4,3.0,272.0,0.0,0.0,0.25
37.0,9.0,8.0,0.1,0.1,0.4,3.0,271.0,0.0,0.0,0.25092250922509224
37.0,9.0,9.0,0.1,0.1,0.4,3.0,272.0,0.0,0.0,0.25
37.0,9.0,10.0,0.1,0.1,0.4,3.0,271.0,0.0,0.0,0.25092250922509224
37.0,9.0,11.0,0.1,0.1,0.4,3.0,272.0,0.0,0.0,0.25
37.0,9.0,12.0,0.1,0.1,0.4,3.0,271.0,0.0,0.0,0.25092250922509224
37.0,9.0,13.0,0.1,0.1,0.4,3.0,272.0,0.0,0.0,0.25
37.0,9.0,14.0,0.1,0.1,0.4,3.0,271.0,0.0,0.0,0.25092250922509224
37.0,9.0,15.0,0.1,0.1,0.4,3.0,272.0,0.0,0.0,0.25
37.0,9.0,16.0,0.1,0.1,0.4,3.0,271.0,0.0,0.0,0.25092250922509224
37.0,9.0,17.0,0.1,0.1,0.4,3.0,272.0,0.0,0.0,0.25
37.0,9.0,18.0,0.1,0.1,0.4,3.0,271.0,0.0,0.0,0.25092250922509224
37.0,9.0,19.0,0.1,0.1,0.4,3.0,272.0,0.0,0.0,0.25
37.0,9.0,20.0,0.1,0.1,0.4,3.0,445.0,0.0,0.0,0.1303370786516854
37.0,9.0,21.0,0.1,0.1,0.4,3.0,444.0,0.0,0.0,0.13063063063063063
37.0,9.0,22.0,0.1,0.1,0.4,3.0,433.0,0.0,0.0,0.13394919168591224
37.0,9.0,23.0,0.1,0.1,0.4,3.0,431.0,0.0,0.0,0.1345707656612529
37.0,9.0,24.0,0.1,0.1,0.4,3.0,395.0,0.0,0.0,0.13924050632911392
37.0,9.0,25.0,0.1,0.1,0.4,3.0,402.0,0.0,0.0,0.13681592039800994
37.0,9.0,26.0,0.1,0.1,0.4,3.0,379.0,0.0,0.0,0.1424802110817942
37.0,9.0,27.0,0.1,0.1,0.4,3.0,374.0,0.0,0.0,0.14171122994652408
37.0,9.0,28.0,0.1,0.1,0.4,3.0,367.0,0.0,0.0,0.1444141689373297
37.0,9.0,29.0,0.1,0.1,0.4,3.0,353.0,0.0,0.0,0.14730878186968838
37.0,9.0,30.0,0.1,0.1,0.4,3.0,347.0,0.0,0.0,0.14985590778097982
37.0,9.0,31.0,0.1,0.1,0.4,3.0,344.0,0.0,0.0,0.14534883720930233
37.0,9.0,32.0,0.1,0.1,0.4,3.0,317.0,0.0,0.0,0.15457413249211358
37.0,9.0,33.0,0.1,0.1,0.4,3.0,313.0,0.0,0.0,0.15654952076677317
37.0,9.0,34.0,0.1,0.1,0.4,3.0,307.0,0.0,0.0,0.15960912052117263
37.0,9.0,35.0,0.1,0.1,0.4,3.0,313.0,0.0,0.0,0.15654952076677317
37.0,9.0,36.0,0.1,0.1,0.4,3.0,296.0,0.0,0.0,0.16216216216216217
37.0,9.0,37.0,0.1,0.1,0.4,3.0,302.0,0.0,0.0,0.15894039735099338
37.0,9.0,38.0,0.1,0.1,0.4,3.0,288.0,0.0,0.0,0.16319444444444445
37.0,9.0,39.0,0.1,0.1,0.4,3.0,283.0,0.0,0.0,0.16607773851590105
37.0,9.0,40.0,0.1,0.1,0.4,3.0,274.0,0.0,0.0,0.17153284671532848
37.0,9.0,41.0,0.1,0.1,0.4,3.0,280.0,0.0,0.0,0.16785714285714284
37.0,9.0,42.0,0.1,0.1,0.4,3.0,274.0,0.0,0.0,0.17153284671532848
37.0,9.0,43.0,0.1,0.1,0.4,3.0,279.0,0.0,0.0,0.16845878136200718
37.0,9.0,44.0,0.1,0.1,0.4,3.0,272.0,0.0,0.0,0.17279411764705882
37.0,9.0,45.0,0.1,0.1,0.4,3.0,278.0,0.0,0.0,0.24820143884892087
37.0,9.0,46.0,0.1,0.1,0.4,3.0,272.0,0.0,0.0,0.25
37.0,9.0,47.0,0.1,0.1,0.4,3.0,269.0,0.0,0.0,0.2527881040892193
37.0,9.0,48.0,0.1,0.1,0.4,3.0,263.0,0.0,0.0,0.25475285171102663
37.0,9.0,49.0,0.1,0.1,0.4,3.0,268.0,0.0,0.0,0.2537313432835821
37.0,9.0,50.0,0.1,0.1,0.4,3.0,263.0,0.0,0.0,0.25475285171102663
37.0,9.0,51.0,0.1,0.1,0.4,3.0,258.0,0.0,0.0,0.2596899224806202
37.0,9.0,52.0,0.1,0.1,0.4,3.0,253.0,0.0,0.0,0.2608695652173913
37.0,10.0,1.0,0.1,0.1,0.4,3.0,253.0,0.0,0.0,0.2648221343873518
37.0,10.0,2.0,0.1,0.1,0.4,3.0,248.0,0.0,0.0,0.2661290322580645
37.0,10.0,3.0,0.1,0.1,0.4,3.0,252.0,0.0,0.0,0.26587301587301587
37.0,10.0,4.0,0.1,0.1,0.4,3.0,247.0,0.0,0.0,0.26720647773279355
37.0,10.0,5.0,0.1,0.1,0.4,3.0,252.0,0.0,0.0,0.26587301587301587
37.0,10.0,6.0,0.1,0.1,0.4,3.0,230.0,0.0,0.0,0.2826086956521739
37.0,10.0,7.0,0.1,0.1,0.4,3.0,235.0,0.0,0.0,0.28085106382978725
37.0,10.0,8.0,0.1,0.1,0.4,3.0,230.0,0.0,0.0,0.2826086956521739
37.0,10.0,9.0,0.1,0.1,0.4,3.0,235.0,0.0,0.0,0.28085106382978725
37.0,10.0,10.0,0.1,0.1,0.4,3.0,230.0,0.0,0.0,0.2826086956521739
37.0,10.0,11.0,0.1,0.1,0.4,3.0,235.0,0.0,0.0,0.28085106382978725
37.0,10.0,12.0,0.1,0.1,0.4,3.0,230.0,0.0,0.0,0.2826086956521739
37.0,10.0,13.0,0.1,0.1,0.4,3.0,235.0,0.0,0.0,0.28085106382978725
37.0,10.0,14.0,0.1,0.1,0.4,3.0,230.0,0.0,0.0,0.2826086956521739
37.0,10.0,15.0,0.1,0.1,0.4,3.0,235.0,0.0,0.0,0.28085106382978725
37.0,10.0,16.0,0.1,0.1,0.4,3.0,230.0,0.0,0.0,0.2826086956521739
37.0,10.0,17.0,0.1,0.1,0.4,3.0,235.0,0.0,0.0,0.28085106382978725
37.0,10.0,18.0,0.1,0.1,0.4,3.0,230.0,0.0,0.0,0.2826086956521739
37.0,10.0,19.0,0.1,0.1,0.4,3.0,235.0,0.0,0.0,0.28085106382978725
37.0,10.0,20.0,0.1,0.1,0.4,3.0,398.0,0.0,0.0,0.1457286432160804
37.0,10.0,21.0,0.1,0.1,0.4,3.0,401.0,0.0,0.0,0.14463840399002495
37.0,10.0,22.0,0.1,0.1,0.4,3.0,390.0,0.0,0.0,0.14615384615384616
37.0,10.0,23.0,0.1,0.1,0.4,3.0,391.0,0.0,0.0,0.1483375959079284
37.0,10.0,24.0,0.1,0.1,0.4,3.0,372.0,0.0,0.0,0.15053763440860216
37.0,10.0,25.0,0.1,0.1,0.4,3.0,383.0,0.0,0.0,0.14882506527415143
37.0,10.0,26.0,0.1,0.1,0.4,3.0,362.0,0.0,0.0,0.15469613259668508
37.0,10.0,27.0,0.1,0.1,0.4,3.0,347.0,0.0,0.0,0.1585014409221902
37.0,10.0,28.0,0.1,0.1,0.4,3.0,336.0,0.0,0.0,0.16071428571428573
37.0,10.0,29.0,0.1,0.1,0.4,3.0,347.0,0.0,0.0,0.1585014409221902
37.0,10.0,30.0,0.1,0.1,0.4,3.0,326.0,0.0,0.0,0.1656441717791411
37.0,10.0,31.0,0.1,0.1,0.4,3.0,337.0,0.0,0.0,0.1632047477744807
37.0,10.0,32.0,0.1,0.1,0.4,3.0,326.0,0.0,0.0,0.1656441717791411
37.0,10.0,33.0,0.1,0.1,0.4,3.0,326.0,0.0,0.0,0.1656441717791411
37.0,10.0,34.0,0.1,0.1,0.4,3.0,305.0,0.0,0.0,0.1737704918032787
37.0,10.0,35.0,0.1,0.1,0.4,3.0,316.0,0.0,0.0,0.17088607594936708
37.0,10.0,36.0,0.1,0.1,0.4,3.0,305.0,0.0,0.0,0.1737704918032787
37.0,10.0,37.0,0.1,0.1,0.4,3.0,316.0,0.0,0.0,0.17088607594936708
37.0,10.0,38.0,0.1,0.1,0.4,3.0,305.0,0.0,0.0,0.1737704918032787
37.0,10.0,39.0,0.1,0.1,0.4,3.0,316.0,0.0,0.0,0.17088607594936708
37.0,10.0,40.0,0.1,0.1,0.4,3.0,305.0,0.0,0.0,0.1737704918032787
37.0,10.0,41.0,0.1,0.1,0.4,3.0,296.0,0.0,0.0,0.17229729729729729
37.0,10.0,42.0,0.1,0.1,0.4,3.0,297.0,0.0,0.0,0.1717171717171717
37.0,10.0,43.0,0.1,0.1,0.4,3.0,296.0,0.0,0.0,0.17229729729729729
37.0,10.0,44.0,0.1,0.1,0.4,3.0,297.0,0.0,0.0,0.1717171717171717
37.0,10.0,45.0,0.1,0.1,0.4,3.0,288.0,0.0,0.0,0.21875
37.0,10.0,46.0,0.1,0.1,0.4,3.0,289.0,0.0,0.0,0.2179930795847751
37.0,10.0,47.0,0.1,0.1,0.4,3.0,288.0,0.0,0.0,0.21875
37.0,10.0,48.0,0.1,0.1,0.4,3.0,289.0,0.0,0.0,0.2179930795847751
37.0,10.0,49.0,0.1,0.1,0.4,3.0,288.0,0.0,0.0,0.21875
37.0,10.0,50.0,0.1,0.1,0.4,3.0,289.0,0.0,0.0,0.2179930795847751
37.0,10.0,51.0,0.1,0.1,0.4,3.0,288.0,0.0,0.0,0.21875
37.0,10.0,52.0,0.1,0.1,0.4,3.0,289.0,0.0,0.0,0.2179930795847751
38.0,1.0,1.0,0.1,0.1,0.4,3.0,5173.0,48.0,8.0,0.10458148076551324
38.0,1.0,2.0,0.1,0.1,0.4,3.0,5111.0,55.0,16.0,0.10526315789473684
38.0,1.0,3.0,0.1,0.1,0.4,3.0,4962.0,75.0,32.0,0.10499798468359532
38.0,1.0,4.0,0.1,0.1,0.4,3.0,4835.0,79.0,35.0,0.10734229576008272
38.0,1.0,5.0,0.1,0.1,0.4,3.0,4781.0,109.0,42.0,0.10813637314369379
38.0,1.0,6.0,0.1,0.1,0.4,3.0,4561.0,126.0,40.0,0.10787108090331068
38.0,1.0,7.0,0.1,0.1,0.4,3.0,4299.0,140.0,56.0,0.10769946499185858
38.0,1.0,8.0,0.1,0.1,0.4,3.0,4046.0,141.0,61.0,0.10776075135936727
38.0,1.0,9.0,0.1,0.1,0.4,3.0,3845.0,168.0,68.0,0.10949284785435631
38.0,1.0,10.0,0.1,0.1,0.4,3.0,3638.0,189.0,65.0,0.11022539857064322
38.0,1.0,11.0,0.1,0.1,0.4,3.0,3529.0,214.0,71.0,0.11136299234910739
38.0,1.0,12.0,0.1,0.1,0.4,3.0,3395.0,244.0,96.0,0.1101620029455081
38.0,1.0,13.0,0.1,0.1,0.4,3.0,3224.0,251.0,106.0,0.11290322580645161
38.0,1.0,14.0,0.1,0.1,0.4,3.0,3092.0,243.0,107.0,0.11028460543337645
38.0,1.0,15.0,0.1,0.1,0.4,3.0,2944.0,238.0,114.0,0.11379076086956522
38.0,1.0,16.0,0.1,0.1,0.4,3.0,2830.0,233.0,115.0,0.11590106007067137
38.0,1.0,17.0,0.1,0.1,0.4,3.0,2699.0,222.0,113.0,0.11967395331604298
38.0,1.0,18.0,0.1,0.1,0.4,3.0,2606.0,216.0,116.0,0.12087490406753645
38.0,1.0,19.0,0.1,0.1,0.4,3.0,2512.0,209.0,101.0,0.12539808917197454
38.0,1.0,20.0,0.1,0.1,0.4,3.0,6773.0,195.0,94.0,0.04503174368817363
38.0,1.0,21.0,0.1,0.1,0.4,3.0,6212.0,238.0,74.0,0.04700579523502898
38.0,1.0,22.0,0.1,0.1,0.4,3.0,5621.0,262.0,83.0,0.04678882761074542
38.0,1.0,23.0,0.1,0.1,0.4,3.0,5191.0,260.0,105.0,0.048352918512810636
38.0,1.0,24.0,0.1,0.1,0.4,3.0,4838.0,319.0,120.0,0.049607275733774284
38.0,1.0,25.0,0.1,0.1,0.4,3.0,4440.0,344.0,133.0,0.04932432432432433
38.0,1.0,26.0,0.1,0.1,0.4,3.0,4034.0,337.0,137.0,0.05280118988596926
38.0,1.0,27.0,0.1,0.1,0.4,3.0,3771.0,358.0,137.0,0.05250596658711217
38.0,1.0,28.0,0.1,0.1,0.4,3.0,3485.0,355.0,149.0,0.05538020086083214
38.0,1.0,29.0,0.1,0.1,0.4,3.0,3219.0,364.0,150.0,0.05684995340167754
38.0,1.0,30.0,0.1,0.1,0.4,3.0,2993.0,353.0,143.0,0.060474440360841965
38.0,1.0,31.0,0.1,0.1,0.4,3.0,2772.0,341.0,153.0,0.06277056277056277
38.0,1.0,32.0,0.1,0.1,0.4,3.0,2569.0,307.0,140.0,0.0650058388478007
38.0,1.0,33.0,0.1,0.1,0.4,3.0,2373.0,316.0,155.0,0.06573957016434892
38.0,1.0,34.0,0.1,0.1,0.4,3.0,2199.0,278.0,130.0,0.06957708049113233
38.0,1.0,35.0,0.1,0.1,0.4,3.0,2059.0,260.0,133.0,0.0718795531811559
38.0,1.0,36.0,0.1,0.1,0.4,3.0,1904.0,217.0,107.0,0.07720588235294118
38.0,1.0,37.0,0.1,0.1,0.4,3.0,1762.0,200.0,104.0,0.08229284903518728
38.0,1.0,38.0,0.1,0.1,0.4,3.0,1658.0,183.0,96.0,0.08443908323281062
38.0,1.0,39.0,0.1,0.1,0.4,3.0,1546.0,181.0,82.0,0.08602846054333764
38.0,1.0,40.0,0.1,0.1,0.4,3.0,1424.0,158.0,64.0,0.09058988764044944
38.0,1.0,41.0,0.1,0.1,0.4,3.0,1348.0,147.0,66.0,0.09421364985163205
38.0,1.0,42.0,0.1,0.1,0.4,3.0,1291.0,147.0,61.0,0.09682416731216112
38.0,1.0,43.0,0.1,0.1,0.4,3.0,1249.0,144.0,79.0,0.09927942353883107
38.0,1.0,44.0,0.1,0.1,0.4,3.0,1209.0,126.0,68.0,0.10339123242349049
38.0,1.0,45.0,0.1,0.1,0.4,3.0,1150.0,109.0,56.0,0.17652173913043478
38.0,1.0,46.0,0.1,0.1,0.4,3.0,1102.0,83.0,47.0,0.17876588021778583
38.0,1.0,47.0,0.1,0.1,0.4,3.0,1055.0,78.0,51.0,0.1848341232227488
38.0,1.0,48.0,0.1,0.1,0.4,3.0,997.0,77.0,43.0,0.18756268806419257
38.0,1.0,49.0,0.1,0.1,0.4,3.0,951.0,66.0,34.0,0.1871713985278654
38.0,1.0,50.0,0.1,0.1,0.4,3.0,916.0,58.0,26.0,0.1888646288209607
38.0,1.0,51.0,0.1,0.1,0.4,3.0,901.0,49.0,25.0,0.19200887902330743
38.0,1.0,52.0,0.1,0.1,0.4,3.0,868.0,42.0,22.0,0.195852534562212
38.0,2.0,1.0,0.1,0.1,0.4,3.0,805.0,40.0,26.0,0.19875776397515527
38.0,2.0,2.0,0.1,0.1,0.4,3.0,770.0,38.0,22.0,0.2064935064935065
38.0,2.0,3.0,0.1,0.1,0.4,3.0,759.0,39.0,21.0,0.20553359683794467
38.0,2.0,4.0,0.1,0.1,0.4,3.0,731.0,30.0,15.0,0.20930232558139536
38.0,2.0,5.0,0.1,0.1,0.4,3.0,718.0,26.0,14.0,0.21030640668523676
38.0,2.0,6.0,0.1,0.1,0.4,3.0,701.0,26.0,16.0,0.21255349500713266
38.0,2.0,7.0,0.1,0.1,0.4,3.0,697.0,24.0,12.0,0.2109038737446198
38.0,2.0,8.0,0.1,0.1,0.4,3.0,683.0,20.0,14.0,0.21376281112737922
38.0,2.0,9.0,0.1,0.1,0.4,3.0,675.0,18.0,11.0,0.21481481481481482
38.0,2.0,10.0,0.1,0.1,0.4,3.0,662.0,18.0,11.0,0.2190332326283988
38.0,2.0,11.0,0.1,0.1,0.4,3.0,636.0,12.0,9.0,0.22327044025157233
38.0,2.0,12.0,0.1,0.1,0.4,3.0,627.0,9.0,7.0,0.22488038277511962
38.0,2.0,13.0,0.1,0.1,0.4,3.0,616.0,10.0,6.0,0.22402597402597402
38.0,2.0,14.0,0.1,0.1,0.4,3.0,604.0,6.0,3.0,0.22350993377483444
38.0,2.0,15.0,0.1,0.1,0.4,3.0,598.0,4.0,2.0,0.22240802675585283
38.0,2.0,16.0,0.1,0.1,0.4,3.0,595.0,7.0,2.0,0.2235294117647059
38.0,2.0,17.0,0.1,0.1,0.4,3.0,591.0,6.0,2.0,0.22165820642978004
38.0,2.0,18.0,0.1,0.1,0.4,3.0,586.0,5.0,2.0,0.22013651877133106
38.0,2.0,19.0,0.1,0.1,0.4,3.0,582.0,5.0,4.0,0.22164948453608246
38.0,2.0,20.0,0.1,0.1,0.4,3.0,983.0,5.0,3.0,0.13021363173957273
38.0,2.0,21.0,0.1,0.1,0.4,3.0,947.0,6.0,2.0,0.13093980992608237
38.0,2.0,22.0,0.1,0.1,0.4,3.0,924.0,5.0,2.0,0.13203463203463203
38.0,2.0,23.0,0.1,0.1,0.4,3.0,912.0,5.0,3.0,0.12938596491228072
38.0,2.0,24.0,0.1,0.1,0.4,3.0,882.0,5.0,5.0,0.13151927437641722
38.0,2.0,25.0,0.1,0.1,0.4,3.0,835.0,7.0,3.0,0.13652694610778443
38.0,2.0,26.0,0.1,0.1,0.4,3.0,813.0,7.0,2.0,0.13899138991389914
38.0,2.0,27.0,0.1,0.1,0.4,3.0,762.0,6.0,3.0,0.14566929133858267
38.0,2.0,28.0,0.1,0.1,0.4,3.0,731.0,7.0,4.0,0.15047879616963064
38.0,2.0,29.0,0.1,0.1,0.4,3.0,707.0,11.0,5.0,0.14992927864214992
38.0,2.0,30.0,0.1,0.1,0.4,3.0,675.0,11.0,2.0,0.15407407407407409
38.0,2.0,31.0,0.1,0.1,0.4,3.0,650.0,12.0,3.0,0.15384615384615385
38.0,2.0,32.0,0.1,0.1,0.4,3.0,611.0,8.0,4.0,0.15711947626841244
38.0,2.0,33.0,0.1,0.1,0.4,3.0,588.0,9.0,7.0,0.1598639455782313
38.0,2.0,34.0,0.1,0.1,0.4,3.0,571.0,8.0,6.0,0.1646234676007005
38.0,2.0,35.0,0.1,0.1,0.4,3.0,546.0,9.0,4.0,0.16483516483516483
38.0,2.0,36.0,0.1,0.1,0.4,3.0,521.0,3.0,2.0,0.16506717850287908
38.0,2.0,37.0,0.1,0.1,0.4,3.0,507.0,2.0,1.0,0.15779092702169625
38.0,2.0,38.0,0.1,0.1,0.4,3.0,504.0,2.0,2.0,0.16071428571428573
38.0,2.0,39.0,0.1,0.1,0.4,3.0,485.0,2.0,1.0,0.16494845360824742
38.0,2.0,40.0,0.1,0.1,0.4,3.0,474.0,2.0,2.0,0.16666666666666666
38.0,2.0,41.0,0.1,0.1,0.4,3.0,466.0,1.0,1.0,0.16738197424892703
38.0,2.0,42.0,0.1,0.1,0.4,3.0,462.0,1.0,1.0,0.16883116883116883
38.0,2.0,43.0,0.1,0.1,0.4,3.0,455.0,0.0,0.0,0.16703296703296702
38.0,2.0,44.0,0.1,0.1,0.4,3.0,453.0,0.0,0.0,0.16556291390728478
38.0,2.0,45.0,0.1,0.1,0.4,3.0,432.0,0.0,0.0,0.22453703703703703
38.0,2.0,46.0,0.1,0.1,0.4,3.0,432.0,0.0,0.0,0.22685185185185186
38.0,2.0,47.0,0.1,0.1,0.4,3.0,425.0,0.0,0.0,0.22588235294117648
38.0,2.0,48.0,0.1,0.1,0.4,3.0,420.0,0.0,0.0,0.22142857142857142
38.0,2.0,49.0,0.1,0.1,0.4,3.0,416.0,0.0,0.0,0.22115384615384615
38.0,2.0,50.0,0.1,0.1,0.4,3.0,401.0,0.0,0.0,0.22693266832917705
38.0,2.0,51.0,0.1,0.1,0.4,3.0,390.0,0.0,0.0,0.2282051282051282
38.0,2.0,52.0,0.1,0.1,0.4,3.0,388.0,0.0,0.0,0.22938144329896906
38.0,3.0,1.0,0.1,0.1,0.4,3.0,384.0,0.0,0.0,0.22916666666666666
38.0,3.0,2.0,0.1,0.1,0.4,3.0,380.0,0.0,0.0,0.23157894736842105
38.0,3.0,3.0,0.1,0.1,0.4,3.0,372.0,0.0,0.0,0.22580645161290322
38.0,3.0,4.0,0.1,0.1,0.4,3.0,379.0,0.0,0.0,0.22691292875989447
38.0,3.0,5.0,0.1,0.1,0.4,3.0,371.0,0.0,0.0,0.22371967654986524
38.0,3.0,6.0,0.1,0.1,0.4,3.0,375.0,0.0,0.0,0.224
38.0,3.0,7.0,0.1,0.1,0.4,3.0,365.0,0.0,0.0,0.22465753424657534
38.0,3.0,8.0,0.1,0.1,0.4,3.0,364.0,0.0,0.0,0.23076923076923078
38.0,3.0,9.0,0.1,0.1,0.4,3.0,354.0,0.0,0.0,0.23163841807909605
38.0,3.0,10.0,0.1,0.1,0.4,3.0,363.0,0.0,0.0,0.23140495867768596
38.0,3.0,11.0,0.1,0.1,0.4,3.0,342.0,0.0,0.0,0.23391812865497075
38.0,3.0,12.0,0.1,0.1,0.4,3.0,347.0,0.0,0.0,0.23054755043227665
38.0,3.0,13.0,0.1,0.1,0.4,3.0,337.0,0.0,0.0,0.2314540059347181
38.0,3.0,14.0,0.1,0.1,0.4,3.0,342.0,0.0,0.0,0.22807017543859648
38.0,3.0,15.0,0.1,0.1,0.4,3.0,333.0,0.0,0.0,0.22822822822822822
38.0,3.0,16.0,0.1,0.1,0.4,3.0,339.0,0.0,0.0,0.22713864306784662
38.0,3.0,17.0,0.1,0.1,0.4,3.0,329.0,0.0,0.0,0.22492401215805471
38.0,3.0,18.0,0.1,0.1,0.4,3.0,336.0,0.0,0.0,0.22321428571428573
38.0,3.0,19.0,0.1,0.1,0.4,3.0,327.0,0.0,0.0,0.22629969418960244
38.0,3.0,20.0,0.1,0.1,0.4,3.0,654.0,0.0,0.0,0.11467889908256881
38.0,3.0,21.0,0.1,0.1,0.4,3.0,588.0,0.0,0.0,0.12414965986394558
38.0,3.0,22.0,0.1,0.1,0.4,3.0,573.0,0.0,0.0,0.1256544502617801
38.0,3.0,23.0,0.1,0.1,0.4,3.0,561.0,0.0,0.0,0.1265597147950089
38.0,3.0,24.0,0.1,0.1,0.4,3.0,553.0,0.0,0.0,0.12296564195298372
38.0,3.0,25.0,0.1,0.1,0.4,3.0,532.0,0.0,0.0,0.12406015037593984
38.0,3.0,26.0,0.1,0.1,0.4,3.0,531.0,0.0,0.0,0.12617702448210924
38.0,3.0,27.0,0.1,0.1,0.4,3.0,524.0,0.0,0.0,0.12595419847328243
38.0,3.0,28.0,0.1,0.1,0.4,3.0,511.0,0.0,0.0,0.13111545988258316
38.0,3.0,29.0,0.1,0.1,0.4,3.0,476.0,0.0,0.0,0.1323529411764706
38.0,3.0,30.0,0.1,0.1,0.4,3.0,456.0,0.0,0.0,0.13596491228070176
38.0,3.0,31.0,0.1,0.1,0.4,3.0,451.0,0.0,0.0,0.1352549889135255
38.0,3.0,32.0,0.1,0.1,0.4,3.0,439.0,0.0,0.0,0.13895216400911162
38.0,3.0,33.0,0.1,0.1,0.4,3.0,434.0,0.0,0.0,0.1382488479262673
38.0,3.0,34.0,0.1,0.1,0.4,3.0,422.0,0.0,0.0,0.14218009478672985
38.0,3.0,35.0,0.1,0.1,0.4,3.0,414.0,0.0,0.0,0.14009661835748793
38.0,3.0,36.0,0.1,0.1,0.4,3.0,387.0,0.0,0.0,0.1524547803617571
38.0,3.0,37.0,0.1,0.1,0.4,3.0,381.0,0.0,0.0,0.14960629921259844
38.0,3.0,38.0,0.1,0.1,0.4,3.0,367.0,0.0,0.0,0.1553133514986376
38.0,3.0,39.0,0.1,0.1,0.4,3.0,362.0,0.0,0.0,0.15469613259668508
38.0,3.0,40.0,0.1,0.1,0.4,3.0,364.0,0.0,0.0,0.1565934065934066
38.0,3.0,41.0,0.1,0.1,0.4,3.0,350.0,0.0,0.0,0.16
38.0,3.0,42.0,0.1,0.1,0.4,3.0,348.0,0.0,0.0,0.16091954022988506
38.0,3.0,43.0,0.1,0.1,0.4,3.0,347.0,0.0,0.0,0.1585014409221902
38.0,3.0,44.0,0.1,0.1,0.4,3.0,335.0,0.0,0.0,0.16716417910447762
38.0,3.0,45.0,0.1,0.1,0.4,3.0,330.0,0.0,0.0,0.22121212121212122
38.0,3.0,46.0,0.1,0.1,0.4,3.0,329.0,0.0,0.0,0.22492401215805471
38.0,3.0,47.0,0.1,0.1,0.4,3.0,321.0,0.0,0.0,0.22741433021806853
38.0,3.0,48.0,0.1,0.1,0.4,3.0,320.0,0.0,0.0,0.228125
38.0,3.0,49.0,0.1,0.1,0.4,3.0,318.0,0.0,0.0,0.22327044025157233
38.0,3.0,50.0,0.1,0.1,0.4,3.0,309.0,0.0,0.0,0.22653721682847897
38.0,3.0,51.0,0.1,0.1,0.4,3.0,305.0,0.0,0.0,0.22295081967213115
38.0,3.0,52.0,0.1,0.1,0.4,3.0,299.0,0.0,0.0,0.22742474916387959
38.0,4.0,1.0,0.1,0.1,0.4,3.0,301.0,0.0,0.0,0.22259136212624583
38.0,4.0,2.0,0.1,0.1,0.4,3.0,294.0,0.0,0.0,0.23129251700680273
38.0,4.0,3.0,0.1,0.1,0.4,3.0,298.0,0.0,0.0,0.22483221476510068
38.0,4.0,4.0,0.1,0.1,0.4,3.0,289.0,0.0,0.0,0.23183391003460208
38.0,4.0,5.0,0.1,0.1,0.4,3.0,291.0,0.0,0.0,0.22336769759450173
38.0,4.0,6.0,0.1,0.1,0.4,3.0,285.0,0.0,0.0,0.23157894736842105
38.0,4.0,7.0,0.1,0.1,0.4,3.0,288.0,0.0,0.0,0.22569444444444445
38.0,4.0,8.0,0.1,0.1,0.4,3.0,278.0,0.0,0.0,0.2302158273381295
38.0,4.0,9.0,0.1,0.1,0.4,3.0,280.0,0.0,0.0,0.225
38.0,4.0,10.0,0.1,0.1,0.4,3.0,276.0,0.0,0.0,0.22826086956521738
38.0,4.0,11.0,0.1,0.1,0.4,3.0,276.0,0.0,0.0,0.21739130434782608
38.0,4.0,12.0,0.1,0.1,0.4,3.0,273.0,0.0,0.0,0.22344322344322345
38.0,4.0,13.0,0.1,0.1,0.4,3.0,275.0,0.0,0.0,0.21818181818181817
38.0,4.0,14.0,0.1,0.1,0.4,3.0,271.0,0.0,0.0,0.22509225092250923
38.0,4.0,15.0,0.1,0.1,0.4,3.0,274.0,0.0,0.0,0.21897810218978103
38.0,4.0,16.0,0.1,0.1,0.4,3.0,268.0,0.0,0.0,0.22761194029850745
38.0,4.0,17.0,0.1,0.1,0.4,3.0,269.0,0.0,0.0,0.22304832713754646
38.0,4.0,18.0,0.1,0.1,0.4,3.0,266.0,0.0,0.0,0.22932330827067668
38.0,4.0,19.0,0.1,0.1,0.4,3.0,267.0,0.0,0.0,0.2247191011235955
38.0,4.0,20.0,0.1,0.1,0.4,3.0,480.0,0.0,0.0,0.125
38.0,4.0,21.0,0.1,0.1,0.4,3.0,472.0,0.0,0.0,0.125
38.0,4.0,22.0,0.1,0.1,0.4,3.0,432.0,0.0,0.0,0.13425925925925927
38.0,4.0,23.0,0.1,0.1,0.4,3.0,428.0,0.0,0.0,0.1308411214953271
38.0,4.0,24.0,0.1,0.1,0.4,3.0,430.0,0.0,0.0,0.1325581395348837
38.0,4.0,25.0,0.1,0.1,0.4,3.0,412.0,0.0,0.0,0.12864077669902912
38.0,4.0,26.0,0.1,0.1,0.4,3.0,398.0,0.0,0.0,0.12814070351758794
38.0,4.0,27.0,0.1,0.1,0.4,3.0,392.0,0.0,0.0,0.12755102040816327
38.0,4.0,28.0,0.1,0.1,0.4,3.0,372.0,0.0,0.0,0.13709677419354838
38.0,4.0,29.0,0.1,0.1,0.4,3.0,353.0,0.0,0.0,0.1388101983002833
38.0,4.0,30.0,0.1,0.1,0.4,3.0,349.0,0.0,0.0,0.14326647564469913
38.0,4.0,31.0,0.1,0.1,0.4,3.0,341.0,0.0,0.0,0.1378299120234604
38.0,4.0,32.0,0.1,0.1,0.4,3.0,331.0,0.0,0.0,0.13595166163141995
38.0,4.0,33.0,0.1,0.1,0.4,3.0,333.0,0.0,0.0,0.13213213213213212
38.0,4.0,34.0,0.1,0.1,0.4,3.0,318.0,0.0,0.0,0.14150943396226415
38.0,4.0,35.0,0.1,0.1,0.4,3.0,315.0,0.0,0.0,0.1365079365079365
38.0,4.0,36.0,0.1,0.1,0.4,3.0,304.0,0.0,0.0,0.13815789473684212
38.0,4.0,37.0,0.1,0.1,0.4,3.0,296.0,0.0,0.0,0.13851351351351351
38.0,4.0,38.0,0.1,0.1,0.4,3.0,290.0,0.0,0.0,0.13793103448275862
38.0,4.0,39.0,0.1,0.1,0.4,3.0,287.0,0.0,0.0,0.13937282229965156
38.0,4.0,40.0,0.1,0.1,0.4,3.0,267.0,0.0,0.0,0.14232209737827714
38.0,4.0,41.0,0.1,0.1,0.4,3.0,264.0,0.0,0.0,0.14772727272727273
38.0,4.0,42.0,0.1,0.1,0.4,3.0,264.0,0.0,0.0,0.14393939393939395
38.0,4.0,43.0,0.1,0.1,0.4,3.0,249.0,0.0,0.0,0.15261044176706828
38.0,4.0,44.0,0.1,0.1,0.4,3.0,247.0,0.0,0.0,0.145748987854251
38.0,4.0,45.0,0.1,0.1,0.4,3.0,246.0,0.0,0.0,0.22357723577235772
38.0,4.0,46.0,0.1,0.1,0.4,3.0,242.0,0.0,0.0,0.2190082644628099
38.0,4.0,47.0,0.1,0.1,0.4,3.0,241.0,0.0,0.0,0.21991701244813278
38.0,4.0,48.0,0.1,0.1,0.4,3.0,240.0,0.0,0.0,0.21666666666666667
38.0,4.0,49.0,0.1,0.1,0.4,3.0,240.0,0.0,0.0,0.22083333333333333
38.0,4.0,50.0,0.1,0.1,0.4,3.0,237.0,0.0,0.0,0.21518987341772153
38.0,4.0,51.0,0.1,0.1,0.4,3.0,237.0,0.0,0.0,0.21518987341772153
38.0,4.0,52.0,0.1,0.1,0.4,3.0,236.0,0.0,0.0,0.21610169491525424
38.0,5.0,1.0,0.1,0.1,0.4,3.0,236.0,0.0,0.0,0.21610169491525424
38.0,5.0,2.0,0.1,0.1,0.4,3.0,234.0,0.0,0.0,0.21794871794871795
38.0,5.0,3.0,0.1,0.1,0.4,3.0,232.0,0.0,0.0,0.21982758620689655
38.0,5.0,4.0,0.1,0.1,0.4,3.0,233.0,0.0,0.0,0.21888412017167383
38.0,5.0,5.0,0.1,0.1,0.4,3.0,229.0,0.0,0.0,0.2183406113537118
38.0,5.0,6.0,0.1,0.1,0.4,3.0,230.0,0.0,0.0,0.21304347826086956
38.0,5.0,7.0,0.1,0.1,0.4,3.0,226.0,0.0,0.0,0.2168141592920354
38.0,5.0,8.0,0.1,0.1,0.4,3.0,224.0,0.0,0.0,0.21428571428571427
38.0,5.0,9.0,0.1,0.1,0.4,3.0,221.0,0.0,0.0,0.2171945701357466
38.0,5.0,10.0,0.1,0.1,0.4,3.0,222.0,0.0,0.0,0.21621621621621623
38.0,5.0,11.0,0.1,0.1,0.4,3.0,218.0,0.0,0.0,0.21100917431192662
38.0,5.0,12.0,0.1,0.1,0.4,3.0,219.0,0.0,0.0,0.2100456621004566
38.0,5.0,13.0,0.1,0.1,0.4,3.0,215.0,0.0,0.0,0.21395348837209302
38.0,5.0,14.0,0.1,0.1,0.4,3.0,218.0,0.0,0.0,0.21100917431192662
38.0,5.0,15.0,0.1,0.1,0.4,3.0,215.0,0.0,0.0,0.21395348837209302
38.0,5.0,16.0,0.1,0.1,0.4,3.0,217.0,0.0,0.0,0.2119815668202765
38.0,5.0,17.0,0.1,0.1,0.4,3.0,214.0,0.0,0.0,0.21495327102803738
38.0,5.0,18.0,0.1,0.1,0.4,3.0,216.0,0.0,0.0,0.20833333333333334
38.0,5.0,19.0,0.1,0.1,0.4,3.0,213.0,0.0,0.0,0.2112676056338028
38.0,5.0,20.0,0.1,0.1,0.4,3.0,406.0,0.0,0.0,0.11083743842364532
38.0,5.0,21.0,0.1,0.1,0.4,3.0,399.0,0.0,0.0,0.11278195488721804
38.0,5.0,22.0,0.1,0.1,0.4,3.0,388.0,0.0,0.0,0.11597938144329897
38.0,5.0,23.0,0.1,0.1,0.4,3.0,355.0,0.0,0.0,0.11830985915492957
38.0,5.0,24.0,0.1,0.1,0.4,3.0,362.0,0.0,0.0,0.11602209944751381
38.0,5.0,25.0,0.1,0.1,0.4,3.0,355.0,0.0,0.0,0.11830985915492957
38.0,5.0,26.0,0.1,0.1,0.4,3.0,362.0,0.0,0.0,0.11602209944751381
38.0,5.0,27.0,0.1,0.1,0.4,3.0,314.0,0.0,0.0,0.12420382165605096
38.0,5.0,28.0,0.1,0.1,0.4,3.0,312.0,0.0,0.0,0.125
38.0,5.0,29.0,0.1,0.1,0.4,3.0,287.0,0.0,0.0,0.13588850174216027
38.0,5.0,30.0,0.1,0.1,0.4,3.0,294.0,0.0,0.0,0.1326530612244898
38.0,5.0,31.0,0.1,0.1,0.4,3.0,287.0,0.0,0.0,0.13588850174216027
38.0,5.0,32.0,0.1,0.1,0.4,3.0,294.0,0.0,0.0,0.1326530612244898
38.0,5.0,33.0,0.1,0.1,0.4,3.0,287.0,0.0,0.0,0.13588850174216027
38.0,5.0,34.0,0.1,0.1,0.4,3.0,294.0,0.0,0.0,0.1326530612244898
38.0,5.0,35.0,0.1,0.1,0.4,3.0,264.0,0.0,0.0,0.14772727272727273
38.0,5.0,36.0,0.1,0.1,0.4,3.0,271.0,0.0,0.0,0.14391143911439114
38.0,5.0,37.0,0.1,0.1,0.4,3.0,264.0,0.0,0.0,0.14772727272727273
38.0,5.0,38.0,0.1,0.1,0.4,3.0,265.0,0.0,0.0,0.13962264150943396
38.0,5.0,39.0,0.1,0.1,0.4,3.0,260.0,0.0,0.0,0.1423076923076923
38.0,5.0,40.0,0.1,0.1,0.4,3.0,254.0,0.0,0.0,0.14566929133858267
38.0,5.0,41.0,0.1,0.1,0.4,3.0,255.0,0.0,0.0,0.1450980392156863
38.0,5.0,42.0,0.1,0.1,0.4,3.0,251.0,0.0,0.0,0.14741035856573706
38.0,5.0,43.0,0.1,0.1,0.4,3.0,252.0,0.0,0.0,0.14682539682539683
38.0,5.0,44.0,0.1,0.1,0.4,3.0,251.0,0.0,0.0,0.14741035856573706
38.0,5.0,45.0,0.1,0.1,0.4,3.0,252.0,0.0,0.0,0.20238095238095238
38.0,5.0,46.0,0.1,0.1,0.4,3.0,248.0,0.0,0.0,0.20161290322580644
38.0,5.0,47.0,0.1,0.1,0.4,3.0,244.0,0.0,0.0,0.20491803278688525
38.0,5.0,48.0,0.1,0.1,0.4,3.0,231.0,0.0,0.0,0.21212121212121213
38.0,5.0,49.0,0.1,0.1,0.4,3.0,232.0,0.0,0.0,0.21120689655172414
38.0,5.0,50.0,0.1,0.1,0.4,3.0,222.0,0.0,0.0,0.22072072072072071
38.0,5.0,51.0,0.1,0.1,0.4,3.0,223.0,0.0,0.0,0.21973094170403587
38.0,5.0,52.0,0.1,0.1,0.4,3.0,221.0,0.0,0.0,0.22171945701357465
38.0,6.0,1.0,0.1,0.1,0.4,3.0,222.0,0.0,0.0,0.22072072072072071
38.0,6.0,2.0,0.1,0.1,0.4,3.0,219.0,0.0,0.0,0.2191780821917808
38.0,6.0,3.0,0.1,0.1,0.4,3.0,220.0,0.0,0.0,0.21818181818181817
38.0,6.0,4.0,0.1,0.1,0.4,3.0,219.0,0.0,0.0,0.2191780821917808
38.0,6.0,5.0,0.1,0.1,0.4,3.0,220.0,0.0,0.0,0.21818181818181817
38.0,6.0,6.0,0.1,0.1,0.4,3.0,219.0,0.0,0.0,0.2191780821917808
38.0,6.0,7.0,0.1,0.1,0.4,3.0,216.0,0.0,0.0,0.2222222222222222
38.0,6.0,8.0,0.1,0.1,0.4,3.0,215.0,0.0,0.0,0.22325581395348837
38.0,6.0,9.0,0.1,0.1,0.4,3.0,213.0,0.0,0.0,0.22535211267605634
38.0,6.0,10.0,0.1,0.1,0.4,3.0,211.0,0.0,0.0,0.22748815165876776
38.0,6.0,11.0,0.1,0.1,0.4,3.0,212.0,0.0,0.0,0.22641509433962265
38.0,6.0,12.0,0.1,0.1,0.4,3.0,211.0,0.0,0.0,0.22748815165876776
38.0,6.0,13.0,0.1,0.1,0.4,3.0,210.0,0.0,0.0,0.22380952380952382
38.0,6.0,14.0,0.1,0.1,0.4,3.0,210.0,0.0,0.0,0.22380952380952382
38.0,6.0,15.0,0.1,0.1,0.4,3.0,210.0,0.0,0.0,0.22380952380952382
38.0,6.0,16.0,0.1,0.1,0.4,3.0,208.0,0.0,0.0,0.22115384615384615
38.0,6.0,17.0,0.1,0.1,0.4,3.0,208.0,0.0,0.0,0.22115384615384615
38.0,6.0,18.0,0.1,0.1,0.4,3.0,207.0,0.0,0.0,0.2222222222222222
38.0,6.0,19.0,0.1,0.1,0.4,3.0,207.0,0.0,0.0,0.2222222222222222
38.0,6.0,20.0,0.1,0.1,0.4,3.0,389.0,0.0,0.0,0.11825192802056556
38.0,6.0,21.0,0.1,0.1,0.4,3.0,379.0,0.0,0.0,0.12137203166226913
38.0,6.0,22.0,0.1,0.1,0.4,3.0,367.0,0.0,0.0,0.1226158038147139
38.0,6.0,23.0,0.1,0.1,0.4,3.0,352.0,0.0,0.0,0.12215909090909091
38.0,6.0,24.0,0.1,0.1,0.4,3.0,325.0,0.0,0.0,0.12307692307692308
38.0,6.0,25.0,0.1,0.1,0.4,3.0,324.0,0.0,0.0,0.12345679012345678
38.0,6.0,26.0,0.1,0.1,0.4,3.0,312.0,0.0,0.0,0.12179487179487179
38.0,6.0,27.0,0.1,0.1,0.4,3.0,310.0,0.0,0.0,0.12258064516129032
38.0,6.0,28.0,0.1,0.1,0.4,3.0,304.0,0.0,0.0,0.125
38.0,6.0,29.0,0.1,0.1,0.4,3.0,302.0,0.0,0.0,0.12582781456953643
38.0,6.0,30.0,0.1,0.1,0.4,3.0,304.0,0.0,0.0,0.125
38.0,6.0,31.0,0.1,0.1,0.4,3.0,302.0,0.0,0.0,0.12582781456953643
38.0,6.0,32.0,0.1,0.1,0.4,3.0,284.0,0.0,0.0,0.1267605633802817
38.0,6.0,33.0,0.1,0.1,0.4,3.0,266.0,0.0,0.0,0.13157894736842105
38.0,6.0,34.0,0.1,0.1,0.4,3.0,273.0,0.0,0.0,0.1282051282051282
38.0,6.0,35.0,0.1,0.1,0.4,3.0,265.0,0.0,0.0,0.12830188679245283
38.0,6.0,36.0,0.1,0.1,0.4,3.0,267.0,0.0,0.0,0.12734082397003746
38.0,6.0,37.0,0.1,0.1,0.4,3.0,264.0,0.0,0.0,0.12878787878787878
38.0,6.0,38.0,0.1,0.1,0.4,3.0,266.0,0.0,0.0,0.12781954887218044
38.0,6.0,39.0,0.1,0.1,0.4,3.0,254.0,0.0,0.0,0.13385826771653545
38.0,6.0,40.0,0.1,0.1,0.4,3.0,255.0,0.0,0.0,0.13333333333333333
38.0,6.0,41.0,0.1,0.1,0.4,3.0,243.0,0.0,0.0,0.13580246913580246
38.0,6.0,42.0,0.1,0.1,0.4,3.0,244.0,0.0,0.0,0.13524590163934427
38.0,6.0,43.0,0.1,0.1,0.4,3.0,242.0,0.0,0.0,0.13636363636363635
38.0,6.0,44.0,0.1,0.1,0.4,3.0,235.0,0.0,0.0,0.13617021276595745
38.0,6.0,45.0,0.1,0.1,0.4,3.0,231.0,0.0,0.0,0.20346320346320346
38.0,6.0,46.0,0.1,0.1,0.4,3.0,224.0,0.0,0.0,0.20089285714285715
38.0,6.0,47.0,0.1,0.1,0.4,3.0,222.0,0.0,0.0,0.20270270270270271
38.0,6.0,48.0,0.1,0.1,0.4,3.0,212.0,0.0,0.0,0.19339622641509435
38.0,6.0,49.0,0.1,0.1,0.4,3.0,209.0,0.0,0.0,0.19617224880382775
38.0,6.0,50.0,0.1,0.1,0.4,3.0,200.0,0.0,0.0,0.205
38.0,6.0,51.0,0.1,0.1,0.4,3.0,199.0,0.0,0.0,0.20603015075376885
38.0,6.0,52.0,0.1,0.1,0.4,3.0,200.0,0.0,0.0,0.205
38.0,7.0,1.0,0.1,0.1,0.4,3.0,198.0,0.0,0.0,0.20707070707070707
38.0,7.0,2.0,0.1,0.1,0.4,3.0,201.0,0.0,0.0,0.20398009950248755
38.0,7.0,3.0,0.1,0.1,0.4,3.0,188.0,0.0,0.0,0.2127659574468085
38.0,7.0,4.0,0.1,0.1,0.4,3.0,189.0,0.0,0.0,0.21164021164021163
38.0,7.0,5.0,0.1,0.1,0.4,3.0,188.0,0.0,0.0,0.2127659574468085
38.0,7.0,6.0,0.1,0.1,0.4,3.0,190.0,0.0,0.0,0.21052631578947367
38.0,7.0,7.0,0.1,0.1,0.4,3.0,187.0,0.0,0.0,0.21390374331550802
38.0,7.0,8.0,0.1,0.1,0.4,3.0,185.0,0.0,0.0,0.20540540540540542
38.0,7.0,9.0,0.1,0.1,0.4,3.0,182.0,0.0,0.0,0.2087912087912088
38.0,7.0,10.0,0.1,0.1,0.4,3.0,184.0,0.0,0.0,0.20652173913043478
38.0,7.0,11.0,0.1,0.1,0.4,3.0,182.0,0.0,0.0,0.2087912087912088
38.0,7.0,12.0,0.1,0.1,0.4,3.0,184.0,0.0,0.0,0.20652173913043478
38.0,7.0,13.0,0.1,0.1,0.4,3.0,182.0,0.0,0.0,0.2087912087912088
38.0,7.0,14.0,0.1,0.1,0.4,3.0,183.0,0.0,0.0,0.20765027322404372
38.0,7.0,15.0,0.1,0.1,0.4,3.0,180.0,0.0,0.0,0.2111111111111111
38.0,7.0,16.0,0.1,0.1,0.4,3.0,182.0,0.0,0.0,0.2087912087912088
38.0,7.0,17.0,0.1,0.1,0.4,3.0,179.0,0.0,0.0,0.2122905027932961
38.0,7.0,18.0,0.1,0.1,0.4,3.0,182.0,0.0,0.0,0.2087912087912088
38.0,7.0,19.0,0.1,0.1,0.4,3.0,179.0,0.0,0.0,0.2122905027932961
38.0,7.0,20.0,0.1,0.1,0.4,3.0,321.0,0.0,0.0,0.11838006230529595
38.0,7.0,21.0,0.1,0.1,0.4,3.0,306.0,0.0,0.0,0.12091503267973856
38.0,7.0,22.0,0.1,0.1,0.4,3.0,305.0,0.0,0.0,0.12131147540983607
38.0,7.0,23.0,0.1,0.1,0.4,3.0,282.0,0.0,0.0,0.1276595744680851
38.0,7.0,24.0,0.1,0.1,0.4,3.0,289.0,0.0,0.0,0.1245674740484429
38.0,7.0,25.0,0.1,0.1,0.4,3.0,282.0,0.0,0.0,0.1276595744680851
38.0,7.0,26.0,0.1,0.1,0.4,3.0,288.0,0.0,0.0,0.125
38.0,7.0,27.0,0.1,0.1,0.4,3.0,283.0,0.0,0.0,0.127208480565371
38.0,7.0,28.0,0.1,0.1,0.4,3.0,280.0,0.0,0.0,0.12857142857142856
38.0,7.0,29.0,0.1,0.1,0.4,3.0,258.0,0.0,0.0,0.13178294573643412
38.0,7.0,30.0,0.1,0.1,0.4,3.0,263.0,0.0,0.0,0.12927756653992395
38.0,7.0,31.0,0.1,0.1,0.4,3.0,251.0,0.0,0.0,0.13147410358565736
38.0,7.0,32.0,0.1,0.1,0.4,3.0,223.0,0.0,0.0,0.14349775784753363
38.0,7.0,33.0,0.1,0.1,0.4,3.0,223.0,0.0,0.0,0.13901345291479822
38.0,7.0,34.0,0.1,0.1,0.4,3.0,196.0,0.0,0.0,0.14795918367346939
38.0,7.0,35.0,0.1,0.1,0.4,3.0,203.0,0.0,0.0,0.14285714285714285
38.0,7.0,36.0,0.1,0.1,0.4,3.0,195.0,0.0,0.0,0.14358974358974358
38.0,7.0,37.0,0.1,0.1,0.4,3.0,202.0,0.0,0.0,0.13861386138613863
38.0,7.0,38.0,0.1,0.1,0.4,3.0,195.0,0.0,0.0,0.14358974358974358
38.0,7.0,39.0,0.1,0.1,0.4,3.0,202.0,0.0,0.0,0.13861386138613863
38.0,7.0,40.0,0.1,0.1,0.4,3.0,192.0,0.0,0.0,0.14583333333333334
38.0,7.0,41.0,0.1,0.1,0.4,3.0,199.0,0.0,0.0,0.1407035175879397
38.0,7.0,42.0,0.1,0.1,0.4,3.0,191.0,0.0,0.0,0.14659685863874344
38.0,7.0,43.0,0.1,0.1,0.4,3.0,196.0,0.0,0.0,0.14285714285714285
38.0,7.0,44.0,0.1,0.1,0.4,3.0,188.0,0.0,0.0,0.14893617021276595
38.0,7.0,45.0,0.1,0.1,0.4,3.0,194.0,0.0,0.0,0.25257731958762886
38.0,7.0,46.0,0.1,0.1,0.4,3.0,187.0,0.0,0.0,0.25668449197860965
38.0,7.0,47.0,0.1,0.1,0.4,3.0,193.0,0.0,0.0,0.2538860103626943
38.0,7.0,48.0,0.1,0.1,0.4,3.0,186.0,0.0,0.0,0.25806451612903225
38.0,7.0,49.0,0.1,0.1,0.4,3.0,192.0,0.0,0.0,0.25
38.0,7.0,50.0,0.1,0.1,0.4,3.0,186.0,0.0,0.0,0.25806451612903225
38.0,7.0,51.0,0.1,0.1,0.4,3.0,192.0,0.0,0.0,0.25
38.0,7.0,52.0,0.1,0.1,0.4,3.0,186.0,0.0,0.0,0.25806451612903225
38.0,8.0,1.0,0.1,0.1,0.4,3.0,192.0,0.0,0.0,0.25
38.0,8.0,2.0,0.1,0.1,0.4,3.0,186.0,0.0,0.0,0.25806451612903225
38.0,8.0,3.0,0.1,0.1,0.4,3.0,192.0,0.0,0.0,0.25
38.0,8.0,4.0,0.1,0.1,0.4,3.0,186.0,0.0,0.0,0.25806451612903225
38.0,8.0,5.0,0.1,0.1,0.4,3.0,191.0,0.0,0.0,0.2513089005235602
38.0,8.0,6.0,0.1,0.1,0.4,3.0,183.0,0.0,0.0,0.26229508196721313
38.0,8.0,7.0,0.1,0.1,0.4,3.0,189.0,0.0,0.0,0.25396825396825395
38.0,8.0,8.0,0.1,0.1,0.4,3.0,183.0,0.0,0.0,0.26229508196721313
38.0,8.0,9.0,0.1,0.1,0.4,3.0,187.0,0.0,0.0,0.25668449197860965
38.0,8.0,10.0,0.1,0.1,0.4,3.0,180.0,0.0,0.0,0.26666666666666666
38.0,8.0,11.0,0.1,0.1,0.4,3.0,185.0,0.0,0.0,0.2594594594594595
38.0,8.0,12.0,0.1,0.1,0.4,3.0,178.0,0.0,0.0,0.2696629213483146
38.0,8.0,13.0,0.1,0.1,0.4,3.0,184.0,0.0,0.0,0.2608695652173913
38.0,8.0,14.0,0.1,0.1,0.4,3.0,178.0,0.0,0.0,0.2696629213483146
38.0,8.0,15.0,0.1,0.1,0.4,3.0,184.0,0.0,0.0,0.2608695652173913
38.0,8.0,16.0,0.1,0.1,0.4,3.0,177.0,0.0,0.0,0.2711864406779661
38.0,8.0,17.0,0.1,0.1,0.4,3.0,182.0,0.0,0.0,0.26373626373626374
38.0,8.0,18.0,0.1,0.1,0.4,3.0,176.0,0.0,0.0,0.2727272727272727
38.0,8.0,19.0,0.1,0.1,0.4,3.0,182.0,0.0,0.0,0.26373626373626374
38.0,8.0,20.0,0.1,0.1,0.4,3.0,332.0,0.0,0.0,0.14457831325301204
38.0,8.0,21.0,0.1,0.1,0.4,3.0,344.0,0.0,0.0,0.13953488372093023
38.0,8.0,22.0,0.1,0.1,0.4,3.0,294.0,0.0,0.0,0.14625850340136054
38.0,8.0,23.0,0.1,0.1,0.4,3.0,284.0,0.0,0.0,0.15140845070422534
38.0,8.0,24.0,0.1,0.1,0.4,3.0,263.0,0.0,0.0,0.1596958174904943
38.0,8.0,25.0,0.1,0.1,0.4,3.0,262.0,0.0,0.0,0.15648854961832062
38.0,8.0,26.0,0.1,0.1,0.4,3.0,262.0,0.0,0.0,0.16030534351145037
38.0,8.0,27.0,0.1,0.1,0.4,3.0,251.0,0.0,0.0,0.1593625498007968
38.0,8.0,28.0,0.1,0.1,0.4,3.0,251.0,0.0,0.0,0.1593625498007968
38.0,8.0,29.0,0.1,0.1,0.4,3.0,251.0,0.0,0.0,0.1593625498007968
38.0,8.0,30.0,0.1,0.1,0.4,3.0,251.0,0.0,0.0,0.1593625498007968
38.0,8.0,31.0,0.1,0.1,0.4,3.0,250.0,0.0,0.0,0.16
38.0,8.0,32.0,0.1,0.1,0.4,3.0,239.0,0.0,0.0,0.1589958158995816
38.0,8.0,33.0,0.1,0.1,0.4,3.0,231.0,0.0,0.0,0.1645021645021645
38.0,8.0,34.0,0.1,0.1,0.4,3.0,231.0,0.0,0.0,0.1645021645021645
38.0,8.0,35.0,0.1,0.1,0.4,3.0,231.0,0.0,0.0,0.1645021645021645
38.0,8.0,36.0,0.1,0.1,0.4,3.0,231.0,0.0,0.0,0.1645021645021645
38.0,8.0,37.0,0.1,0.1,0.4,3.0,223.0,0.0,0.0,0.17040358744394618
38.0,8.0,38.0,0.1,0.1,0.4,3.0,212.0,0.0,0.0,0.1792452830188679
38.0,8.0,39.0,0.1,0.1,0.4,3.0,212.0,0.0,0.0,0.1792452830188679
38.0,8.0,40.0,0.1,0.1,0.4,3.0,212.0,0.0,0.0,0.1792452830188679
38.0,8.0,41.0,0.1,0.1,0.4,3.0,212.0,0.0,0.0,0.1792452830188679
38.0,8.0,42.0,0.1,0.1,0.4,3.0,193.0,0.0,0.0,0.18652849740932642
38.0,8.0,43.0,0.1,0.1,0.4,3.0,192.0,0.0,0.0,0.1875
38.0,8.0,44.0,0.1,0.1,0.4,3.0,184.0,0.0,0.0,0.19021739130434784
38.0,8.0,45.0,0.1,0.1,0.4,3.0,184.0,0.0,0.0,0.2391304347826087
38.0,8.0,46.0,0.1,0.1,0.4,3.0,184.0,0.0,0.0,0.2391304347826087
38.0,8.0,47.0,0.1,0.1,0.4,3.0,183.0,0.0,0.0,0.24043715846994534
38.0,8.0,48.0,0.1,0.1,0.4,3.0,183.0,0.0,0.0,0.24043715846994534
38.0,8.0,49.0,0.1,0.1,0.4,3.0,183.0,0.0,0.0,0.24043715846994534
38.0,8.0,50.0,0.1,0.1,0.4,3.0,183.0,0.0,0.0,0.24043715846994534
38.0,8.0,51.0,0.1,0.1,0.4,3.0,183.0,0.0,0.0,0.24043715846994534
38.0,8.0,52.0,0.1,0.1,0.4,3.0,181.0,0.0,0.0,0.2430939226519337
38.0,9.0,1.0,0.1,0.1,0.4,3.0,177.0,0.0,0.0,0.24293785310734464
38.0,9.0,2.0,0.1,0.1,0.4,3.0,172.0,0.0,0.0,0.25
38.0,9.0,3.0,0.1,0.1,0.4,3.0,172.0,0.0,0.0,0.25
38.0,9.0,4.0,0.1,0.1,0.4,3.0,172.0,0.0,0.0,0.25
38.0,9.0,5.0,0.1,0.1,0.4,3.0,172.0,0.0,0.0,0.25
38.0,9.0,6.0,0.1,0.1,0.4,3.0,170.0,0.0,0.0,0.2529411764705882
38.0,9.0,7.0,0.1,0.1,0.4,3.0,169.0,0.0,0.0,0.25443786982248523
38.0,9.0,8.0,0.1,0.1,0.4,3.0,169.0,0.0,0.0,0.25443786982248523
38.0,9.0,9.0,0.1,0.1,0.4,3.0,169.0,0.0,0.0,0.25443786982248523
38.0,9.0,10.0,0.1,0.1,0.4,3.0,169.0,0.0,0.0,0.25443786982248523
38.0,9.0,11.0,0.1,0.1,0.4,3.0,169.0,0.0,0.0,0.25443786982248523
38.0,9.0,12.0,0.1,0.1,0.4,3.0,169.0,0.0,0.0,0.25443786982248523
38.0,9.0,13.0,0.1,0.1,0.4,3.0,168.0,0.0,0.0,0.25
38.0,9.0,14.0,0.1,0.1,0.4,3.0,170.0,0.0,0.0,0.2529411764705882
38.0,9.0,15.0,0.1,0.1,0.4,3.0,167.0,0.0,0.0,0.25149700598802394
38.0,9.0,16.0,0.1,0.1,0.4,3.0,169.0,0.0,0.0,0.2485207100591716
38.0,9.0,17.0,0.1,0.1,0.4,3.0,167.0,0.0,0.0,0.25149700598802394
38.0,9.0,18.0,0.1,0.1,0.4,3.0,169.0,0.0,0.0,0.2485207100591716
38.0,9.0,19.0,0.1,0.1,0.4,3.0,167.0,0.0,0.0,0.25149700598802394
38.0,9.0,20.0,0.1,0.1,0.4,3.0,333.0,0.0,0.0,0.10810810810810811
38.0,9.0,21.0,0.1,0.1,0.4,3.0,317.0,0.0,0.0,0.11041009463722397
38.0,9.0,22.0,0.1,0.1,0.4,3.0,319.0,0.0,0.0,0.109717868338558
38.0,9.0,23.0,0.1,0.1,0.4,3.0,302.0,0.0,0.0,0.10596026490066225
38.0,9.0,24.0,0.1,0.1,0.4,3.0,278.0,0.0,0.0,0.1079136690647482
38.0,9.0,25.0,0.1,0.1,0.4,3.0,232.0,0.0,0.0,0.1206896551724138
38.0,9.0,26.0,0.1,0.1,0.4,3.0,226.0,0.0,0.0,0.11946902654867257
38.0,9.0,27.0,0.1,0.1,0.4,3.0,216.0,0.0,0.0,0.125
38.0,9.0,28.0,0.1,0.1,0.4,3.0,218.0,0.0,0.0,0.12385321100917432
38.0,9.0,29.0,0.1,0.1,0.4,3.0,206.0,0.0,0.0,0.13106796116504854
38.0,9.0,30.0,0.1,0.1,0.4,3.0,208.0,0.0,0.0,0.12980769230769232
38.0,9.0,31.0,0.1,0.1,0.4,3.0,198.0,0.0,0.0,0.12626262626262627
38.0,9.0,32.0,0.1,0.1,0.4,3.0,200.0,0.0,0.0,0.125
38.0,9.0,33.0,0.1,0.1,0.4,3.0,198.0,0.0,0.0,0.12626262626262627
38.0,9.0,34.0,0.1,0.1,0.4,3.0,200.0,0.0,0.0,0.125
38.0,9.0,35.0,0.1,0.1,0.4,3.0,198.0,0.0,0.0,0.12626262626262627
38.0,9.0,36.0,0.1,0.1,0.4,3.0,200.0,0.0,0.0,0.125
38.0,9.0,37.0,0.1,0.1,0.4,3.0,198.0,0.0,0.0,0.12626262626262627
38.0,9.0,38.0,0.1,0.1,0.4,3.0,191.0,0.0,0.0,0.13089005235602094
38.0,9.0,39.0,0.1,0.1,0.4,3.0,175.0,0.0,0.0,0.13714285714285715
38.0,9.0,40.0,0.1,0.1,0.4,3.0,177.0,0.0,0.0,0.13559322033898305
38.0,9.0,41.0,0.1,0.1,0.4,3.0,174.0,0.0,0.0,0.13793103448275862
38.0,9.0,42.0,0.1,0.1,0.4,3.0,173.0,0.0,0.0,0.13872832369942195
38.0,9.0,43.0,0.1,0.1,0.4,3.0,171.0,0.0,0.0,0.14035087719298245
38.0,9.0,44.0,0.1,0.1,0.4,3.0,171.0,0.0,0.0,0.14035087719298245
38.0,9.0,45.0,0.1,0.1,0.4,3.0,168.0,0.0,0.0,0.27976190476190477
38.0,9.0,46.0,0.1,0.1,0.4,3.0,167.0,0.0,0.0,0.2754491017964072
38.0,9.0,47.0,0.1,0.1,0.4,3.0,167.0,0.0,0.0,0.281437125748503
38.0,9.0,48.0,0.1,0.1,0.4,3.0,160.0,0.0,0.0,0.2875
38.0,9.0,49.0,0.1,0.1,0.4,3.0,161.0,0.0,0.0,0.2919254658385093
38.0,9.0,50.0,0.1,0.1,0.4,3.0,160.0,0.0,0.0,0.2875
38.0,9.0,51.0,0.1,0.1,0.4,3.0,162.0,0.0,0.0,0.29012345679012347
38.0,9.0,52.0,0.1,0.1,0.4,3.0,161.0,0.0,0.0,0.2857142857142857
38.0,10.0,1.0,0.1,0.1,0.4,3.0,162.0,0.0,0.0,0.29012345679012347
38.0,10.0,2.0,0.1,0.1,0.4,3.0,158.0,0.0,0.0,0.2848101265822785
38.0,10.0,3.0,0.1,0.1,0.4,3.0,161.0,0.0,0.0,0.2857142857142857
38.0,10.0,4.0,0.1,0.1,0.4,3.0,159.0,0.0,0.0,0.2830188679245283
38.0,10.0,5.0,0.1,0.1,0.4,3.0,158.0,0.0,0.0,0.2911392405063291
38.0,10.0,6.0,0.1,0.1,0.4,3.0,155.0,0.0,0.0,0.2903225806451613
38.0,10.0,7.0,0.1,0.1,0.4,3.0,157.0,0.0,0.0,0.2929936305732484
38.0,10.0,8.0,0.1,0.1,0.4,3.0,155.0,0.0,0.0,0.2903225806451613
38.0,10.0,9.0,0.1,0.1,0.4,3.0,157.0,0.0,0.0,0.2929936305732484
38.0,10.0,10.0,0.1,0.1,0.4,3.0,155.0,0.0,0.0,0.2903225806451613
38.0,10.0,11.0,0.1,0.1,0.4,3.0,157.0,0.0,0.0,0.2929936305732484
38.0,10.0,12.0,0.1,0.1,0.4,3.0,155.0,0.0,0.0,0.2903225806451613
38.0,10.0,13.0,0.1,0.1,0.4,3.0,156.0,0.0,0.0,0.28846153846153844
38.0,10.0,14.0,0.1,0.1,0.4,3.0,154.0,0.0,0.0,0.2857142857142857
38.0,10.0,15.0,0.1,0.1,0.4,3.0,156.0,0.0,0.0,0.28846153846153844
38.0,10.0,16.0,0.1,0.1,0.4,3.0,154.0,0.0,0.0,0.2857142857142857
38.0,10.0,17.0,0.1,0.1,0.4,3.0,156.0,0.0,0.0,0.28846153846153844
38.0,10.0,18.0,0.1,0.1,0.4,3.0,154.0,0.0,0.0,0.2857142857142857
38.0,10.0,19.0,0.1,0.1,0.4,3.0,156.0,0.0,0.0,0.28846153846153844
38.0,10.0,20.0,0.1,0.1,0.4,3.0,290.0,0.0,0.0,0.1413793103448276
38.0,10.0,21.0,0.1,0.1,0.4,3.0,293.0,0.0,0.0,0.14675767918088736
38.0,10.0,22.0,0.1,0.1,0.4,3.0,290.0,0.0,0.0,0.1413793103448276
38.0,10.0,23.0,0.1,0.1,0.4,3.0,285.0,0.0,0.0,0.15087719298245614
38.0,10.0,24.0,0.1,0.1,0.4,3.0,272.0,0.0,0.0,0.15073529411764705
38.0,10.0,25.0,0.1,0.1,0.4,3.0,256.0,0.0,0.0,0.1640625
38.0,10.0,26.0,0.1,0.1,0.4,3.0,253.0,0.0,0.0,0.15810276679841898
38.0,10.0,27.0,0.1,0.1,0.4,3.0,228.0,0.0,0.0,0.17543859649122806
38.0,10.0,28.0,0.1,0.1,0.4,3.0,215.0,0.0,0.0,0.17674418604651163
38.0,10.0,29.0,0.1,0.1,0.4,3.0,217.0,0.0,0.0,0.18433179723502305
38.0,10.0,30.0,0.1,0.1,0.4,3.0,214.0,0.0,0.0,0.17757009345794392
38.0,10.0,31.0,0.1,0.1,0.4,3.0,191.0,0.0,0.0,0.19895287958115182
38.0,10.0,32.0,0.1,0.1,0.4,3.0,188.0,0.0,0.0,0.19148936170212766
38.0,10.0,33.0,0.1,0.1,0.4,3.0,191.0,0.0,0.0,0.19895287958115182
38.0,10.0,34.0,0.1,0.1,0.4,3.0,188.0,0.0,0.0,0.19148936170212766
38.0,10.0,35.0,0.1,0.1,0.4,3.0,181.0,0.0,0.0,0.20994475138121546
38.0,10.0,36.0,0.1,0.1,0.4,3.0,178.0,0.0,0.0,0.20224719101123595
38.0,10.0,37.0,0.1,0.1,0.4,3.0,172.0,0.0,0.0,0.22093023255813954
38.0,10.0,38.0,0.1,0.1,0.4,3.0,169.0,0.0,0.0,0.21301775147928995
38.0,10.0,39.0,0.1,0.1,0.4,3.0,172.0,0.0,0.0,0.22093023255813954
38.0,10.0,40.0,0.1,0.1,0.4,3.0,168.0,0.0,0.0,0.21428571428571427
38.0,10.0,41.0,0.1,0.1,0.4,3.0,171.0,0.0,0.0,0.2222222222222222
38.0,10.0,42.0,0.1,0.1,0.4,3.0,168.0,0.0,0.0,0.21428571428571427
38.0,10.0,43.0,0.1,0.1,0.4,3.0,171.0,0.0,0.0,0.2222222222222222
38.0,10.0,44.0,0.1,0.1,0.4,3.0,167.0,0.0,0.0,0.2155688622754491
38.0,10.0,45.0,0.1,0.1,0.4,3.0,154.0,0.0,0.0,0.3181818181818182
38.0,10.0,46.0,0.1,0.1,0.4,3.0,151.0,0.0,0.0,0.31125827814569534
38.0,10.0,47.0,0.1,0.1,0.4,3.0,142.0,0.0,0.0,0.3380281690140845
38.0,10.0,48.0,0.1,0.1,0.4,3.0,135.0,0.0,0.0,0.34074074074074073
38.0,10.0,49.0,0.1,0.1,0.4,3.0,138.0,0.0,0.0,0.34782608695652173
38.0,10.0,50.0,0.1,0.1,0.4,3.0,135.0,0.0,0.0,0.34074074074074073
38.0,10.0,51.0,0.1,0.1,0.4,3.0,137.0,0.0,0.0,0.34306569343065696
38.0,10.0,52.0,0.1,0.1,0.4,3.0,135.0,0.0,0.0,0.34074074074074073
39.0,1.0,1.0,0.1,0.1,0.4,3.0,5099.0,39.0,10.0,0.10139242988821337
39.0,1.0,2.0,0.1,0.1,0.4,3.0,4958.0,50.0,17.0,0.10024203307785397
39.0,1.0,3.0,0.1,0.1,0.4,3.0,4834.0,74.0,28.0,0.09888291270169632
39.0,1.0,4.0,0.1,0.1,0.4,3.0,4693.0,88.0,33.0,0.10100149158320904
39.0,1.0,5.0,0.1,0.1,0.4,3.0,4587.0,106.0,33.0,0.10050141704817964
39.0,1.0,6.0,0.1,0.1,0.4,3.0,4434.0,139.0,38.0,0.10036084799278304
39.0,1.0,7.0,0.1,0.1,0.4,3.0,4302.0,161.0,51.0,0.10158066015806602
39.0,1.0,8.0,0.1,0.1,0.4,3.0,4096.0,188.0,67.0,0.102294921875
39.0,1.0,9.0,0.1,0.1,0.4,3.0,3973.0,234.0,81.0,0.10344827586206896
39.0,1.0,10.0,0.1,0.1,0.4,3.0,3660.0,248.0,92.0,0.10601092896174863
39.0,1.0,11.0,0.1,0.1,0.4,3.0,3506.0,280.0,92.0,0.10724472333143183
39.0,1.0,12.0,0.1,0.1,0.4,3.0,3378.0,276.0,109.0,0.10775606867969213
39.0,1.0,13.0,0.1,0.1,0.4,3.0,3260.0,283.0,126.0,0.10889570552147239
39.0,1.0,14.0,0.1,0.1,0.4,3.0,3160.0,285.0,143.0,0.10949367088607595
39.0,1.0,15.0,0.1,0.1,0.4,3.0,2983.0,286.0,129.0,0.10962118672477372
39.0,1.0,16.0,0.1,0.1,0.4,3.0,2820.0,297.0,138.0,0.11312056737588652
39.0,1.0,17.0,0.1,0.1,0.4,3.0,2675.0,286.0,136.0,0.11514018691588786
39.0,1.0,18.0,0.1,0.1,0.4,3.0,2553.0,270.0,140.0,0.11790050920485703
39.0,1.0,19.0,0.1,0.1,0.4,3.0,2479.0,258.0,141.0,0.11940298507462686
39.0,1.0,20.0,0.1,0.1,0.4,3.0,6636.0,257.0,131.0,0.04355033152501507
39.0,1.0,21.0,0.1,0.1,0.4,3.0,6095.0,355.0,111.0,0.043642329778506975
39.0,1.0,22.0,0.1,0.1,0.4,3.0,5518.0,409.0,126.0,0.04566872055092425
39.0,1.0,23.0,0.1,0.1,0.4,3.0,5066.0,417.0,148.0,0.04678247137781287
39.0,1.0,24.0,0.1,0.1,0.4,3.0,4633.0,467.0,195.0,0.04964385927045111
39.0,1.0,25.0,0.1,0.1,0.4,3.0,4139.0,441.0,195.0,0.049770475960376905
39.0,1.0,26.0,0.1,0.1,0.4,3.0,3839.0,449.0,191.0,0.05157593123209169
39.0,1.0,27.0,0.1,0.1,0.4,3.0,3521.0,448.0,170.0,0.054529963078670834
39.0,1.0,28.0,0.1,0.1,0.4,3.0,3200.0,451.0,178.0,0.0578125
39.0,1.0,29.0,0.1,0.1,0.4,3.0,2812.0,404.0,178.0,0.060099573257467995
39.0,1.0,30.0,0.1,0.1,0.4,3.0,2632.0,382.0,193.0,0.06382978723404255
39.0,1.0,31.0,0.1,0.1,0.4,3.0,2401.0,354.0,170.0,0.06663890045814244
39.0,1.0,32.0,0.1,0.1,0.4,3.0,2160.0,328.0,147.0,0.07314814814814814
39.0,1.0,33.0,0.1,0.1,0.4,3.0,2003.0,308.0,137.0,0.0763854218671992
39.0,1.0,34.0,0.1,0.1,0.4,3.0,1807.0,274.0,132.0,0.07858328721638075
39.0,1.0,35.0,0.1,0.1,0.4,3.0,1676.0,262.0,138.0,0.08353221957040573
39.0,1.0,36.0,0.1,0.1,0.4,3.0,1555.0,217.0,116.0,0.08874598070739549
39.0,1.0,37.0,0.1,0.1,0.4,3.0,1431.0,197.0,110.0,0.09503843466107617
39.0,1.0,38.0,0.1,0.1,0.4,3.0,1342.0,171.0,82.0,0.10134128166915052
39.0,1.0,39.0,0.1,0.1,0.4,3.0,1258.0,142.0,71.0,0.10333863275039745
39.0,1.0,40.0,0.1,0.1,0.4,3.0,1195.0,118.0,64.0,0.11046025104602511
39.0,1.0,41.0,0.1,0.1,0.4,3.0,1134.0,113.0,71.0,0.10934744268077601
39.0,1.0,42.0,0.1,0.1,0.4,3.0,1081.0,102.0,59.0,0.11285846438482887
39.0,1.0,43.0,0.1,0.1,0.4,3.0,1033.0,100.0,51.0,0.11616650532429816
39.0,1.0,44.0,0.1,0.1,0.4,3.0,986.0,85.0,42.0,0.1206896551724138
39.0,1.0,45.0,0.1,0.1,0.4,3.0,937.0,90.0,45.0,0.19637139807897544
39.0,1.0,46.0,0.1,0.1,0.4,3.0,846.0,71.0,33.0,0.19976359338061467
39.0,1.0,47.0,0.1,0.1,0.4,3.0,829.0,67.0,35.0,0.19662243667068757
39.0,1.0,48.0,0.1,0.1,0.4,3.0,794.0,67.0,28.0,0.19899244332493704
39.0,1.0,49.0,0.1,0.1,0.4,3.0,778.0,70.0,29.0,0.2043701799485861
39.0,1.0,50.0,0.1,0.1,0.4,3.0,763.0,67.0,32.0,0.20707732634338138
39.0,1.0,51.0,0.1,0.1,0.4,3.0,750.0,72.0,36.0,0.20533333333333334
39.0,1.0,52.0,0.1,0.1,0.4,3.0,739.0,70.0,40.0,0.21380243572395127
39.0,2.0,1.0,0.1,0.1,0.4,3.0,709.0,62.0,32.0,0.21861777150916784
39.0,2.0,2.0,0.1,0.1,0.4,3.0,682.0,56.0,33.0,0.22434017595307917
39.0,2.0,3.0,0.1,0.1,0.4,3.0,668.0,45.0,24.0,0.22604790419161677
39.0,2.0,4.0,0.1,0.1,0.4,3.0,628.0,38.0,21.0,0.22929936305732485
39.0,2.0,5.0,0.1,0.1,0.4,3.0,612.0,27.0,14.0,0.23039215686274508
39.0,2.0,6.0,0.1,0.1,0.4,3.0,604.0,23.0,15.0,0.23178807947019867
39.0,2.0,7.0,0.1,0.1,0.4,3.0,594.0,18.0,13.0,0.234006734006734
39.0,2.0,8.0,0.1,0.1,0.4,3.0,588.0,20.0,12.0,0.23809523809523808
39.0,2.0,9.0,0.1,0.1,0.4,3.0,580.0,17.0,7.0,0.23793103448275862
39.0,2.0,10.0,0.1,0.1,0.4,3.0,571.0,15.0,4.0,0.24518388791593695
39.0,2.0,11.0,0.1,0.1,0.4,3.0,570.0,13.0,4.0,0.24210526315789474
39.0,2.0,12.0,0.1,0.1,0.4,3.0,559.0,15.0,8.0,0.24508050089445438
39.0,2.0,13.0,0.1,0.1,0.4,3.0,551.0,13.0,8.0,0.2413793103448276
39.0,2.0,14.0,0.1,0.1,0.4,3.0,549.0,13.0,9.0,0.2459016393442623
39.0,2.0,15.0,0.1,0.1,0.4,3.0,543.0,8.0,6.0,0.2430939226519337
39.0,2.0,16.0,0.1,0.1,0.4,3.0,537.0,9.0,4.0,0.24767225325884543
39.0,2.0,17.0,0.1,0.1,0.4,3.0,530.0,4.0,3.0,0.24716981132075472
39.0,2.0,18.0,0.1,0.1,0.4,3.0,522.0,4.0,4.0,0.2509578544061303
39.0,2.0,19.0,0.1,0.1,0.4,3.0,522.0,4.0,3.0,0.2471264367816092
39.0,2.0,20.0,0.1,0.1,0.4,3.0,1001.0,2.0,1.0,0.13086913086913088
39.0,2.0,21.0,0.1,0.1,0.4,3.0,898.0,1.0,0.0,0.13251670378619154
39.0,2.0,22.0,0.1,0.1,0.4,3.0,902.0,1.0,1.0,0.13303769401330376
39.0,2.0,23.0,0.1,0.1,0.4,3.0,849.0,1.0,1.0,0.13780918727915195
39.0,2.0,24.0,0.1,0.1,0.4,3.0,813.0,2.0,1.0,0.14022140221402213
39.0,2.0,25.0,0.1,0.1,0.4,3.0,770.0,1.0,1.0,0.14415584415584415
39.0,2.0,26.0,0.1,0.1,0.4,3.0,739.0,1.0,1.0,0.14749661705006767
39.0,2.0,27.0,0.1,0.1,0.4,3.0,709.0,2.0,1.0,0.14950634696755993
39.0,2.0,28.0,0.1,0.1,0.4,3.0,677.0,1.0,0.0,0.155096011816839
39.0,2.0,29.0,0.1,0.1,0.4,3.0,652.0,1.0,0.0,0.1549079754601227
39.0,2.0,30.0,0.1,0.1,0.4,3.0,642.0,1.0,0.0,0.1526479750778816
39.0,2.0,31.0,0.1,0.1,0.4,3.0,637.0,1.0,0.0,0.15384615384615385
39.0,2.0,32.0,0.1,0.1,0.4,3.0,645.0,1.0,1.0,0.15348837209302327
39.0,2.0,33.0,0.1,0.1,0.4,3.0,618.0,3.0,1.0,0.15857605177993528
39.0,2.0,34.0,0.1,0.1,0.4,3.0,595.0,0.0,0.0,0.15966386554621848
39.0,2.0,35.0,0.1,0.1,0.4,3.0,584.0,0.0,0.0,0.15924657534246575
39.0,2.0,36.0,0.1,0.1,0.4,3.0,546.0,0.0,0.0,0.16666666666666666
39.0,2.0,37.0,0.1,0.1,0.4,3.0,537.0,0.0,0.0,0.16759776536312848
39.0,2.0,38.0,0.1,0.1,0.4,3.0,532.0,0.0,0.0,0.16729323308270677
39.0,2.0,39.0,0.1,0.1,0.4,3.0,510.0,0.0,0.0,0.17254901960784313
39.0,2.0,40.0,0.1,0.1,0.4,3.0,506.0,0.0,0.0,0.17193675889328064
39.0,2.0,41.0,0.1,0.1,0.4,3.0,501.0,0.0,0.0,0.17564870259481039
39.0,2.0,42.0,0.1,0.1,0.4,3.0,483.0,0.0,0.0,0.17598343685300208
39.0,2.0,43.0,0.1,0.1,0.4,3.0,479.0,0.0,0.0,0.17745302713987474
39.0,2.0,44.0,0.1,0.1,0.4,3.0,472.0,0.0,0.0,0.17372881355932204
39.0,2.0,45.0,0.1,0.1,0.4,3.0,462.0,0.0,0.0,0.24458874458874458
39.0,2.0,46.0,0.1,0.1,0.4,3.0,478.0,0.0,0.0,0.2405857740585774
39.0,2.0,47.0,0.1,0.1,0.4,3.0,460.0,0.0,0.0,0.24565217391304348
39.0,2.0,48.0,0.1,0.1,0.4,3.0,476.0,0.0,0.0,0.2415966386554622
39.0,2.0,49.0,0.1,0.1,0.4,3.0,452.0,0.0,0.0,0.24778761061946902
39.0,2.0,50.0,0.1,0.1,0.4,3.0,456.0,0.0,0.0,0.24342105263157895
39.0,2.0,51.0,0.1,0.1,0.4,3.0,449.0,0.0,0.0,0.24498886414253898
39.0,2.0,52.0,0.1,0.1,0.4,3.0,456.0,0.0,0.0,0.24342105263157895
39.0,3.0,1.0,0.1,0.1,0.4,3.0,448.0,0.0,0.0,0.24553571428571427
39.0,3.0,2.0,0.1,0.1,0.4,3.0,453.0,0.0,0.0,0.24061810154525387
39.0,3.0,3.0,0.1,0.1,0.4,3.0,447.0,0.0,0.0,0.24608501118568232
39.0,3.0,4.0,0.1,0.1,0.4,3.0,451.0,0.0,0.0,0.24390243902439024
39.0,3.0,5.0,0.1,0.1,0.4,3.0,442.0,0.0,0.0,0.24660633484162897
39.0,3.0,6.0,0.1,0.1,0.4,3.0,449.0,0.0,0.0,0.24498886414253898
39.0,3.0,7.0,0.1,0.1,0.4,3.0,441.0,0.0,0.0,0.2471655328798186
39.0,3.0,8.0,0.1,0.1,0.4,3.0,447.0,0.0,0.0,0.24161073825503357
39.0,3.0,9.0,0.1,0.1,0.4,3.0,439.0,0.0,0.0,0.2460136674259681
39.0,3.0,10.0,0.1,0.1,0.4,3.0,441.0,0.0,0.0,0.24036281179138322
39.0,3.0,11.0,0.1,0.1,0.4,3.0,420.0,0.0,0.0,0.24523809523809523
39.0,3.0,12.0,0.1,0.1,0.4,3.0,425.0,0.0,0.0,0.2376470588235294
39.0,3.0,13.0,0.1,0.1,0.4,3.0,416.0,0.0,0.0,0.24278846153846154
39.0,3.0,14.0,0.1,0.1,0.4,3.0,414.0,0.0,0.0,0.24154589371980675
39.0,3.0,15.0,0.1,0.1,0.4,3.0,404.0,0.0,0.0,0.24257425742574257
39.0,3.0,16.0,0.1,0.1,0.4,3.0,410.0,0.0,0.0,0.23658536585365852
39.0,3.0,17.0,0.1,0.1,0.4,3.0,400.0,0.0,0.0,0.24
39.0,3.0,18.0,0.1,0.1,0.4,3.0,405.0,0.0,0.0,0.2345679012345679
39.0,3.0,19.0,0.1,0.1,0.4,3.0,399.0,0.0,0.0,0.24060150375939848
39.0,3.0,20.0,0.1,0.1,0.4,3.0,737.0,0.0,0.0,0.12618724559023067
39.0,3.0,21.0,0.1,0.1,0.4,3.0,696.0,0.0,0.0,0.1307471264367816
39.0,3.0,22.0,0.1,0.1,0.4,3.0,651.0,0.0,0.0,0.12903225806451613
39.0,3.0,23.0,0.1,0.1,0.4,3.0,626.0,0.0,0.0,0.12939297124600638
39.0,3.0,24.0,0.1,0.1,0.4,3.0,607.0,0.0,0.0,0.13344316309719934
39.0,3.0,25.0,0.1,0.1,0.4,3.0,588.0,0.0,0.0,0.1377551020408163
39.0,3.0,26.0,0.1,0.1,0.4,3.0,575.0,0.0,0.0,0.1391304347826087
39.0,3.0,27.0,0.1,0.1,0.4,3.0,538.0,0.0,0.0,0.14684014869888476
39.0,3.0,28.0,0.1,0.1,0.4,3.0,536.0,0.0,0.0,0.14365671641791045
39.0,3.0,29.0,0.1,0.1,0.4,3.0,519.0,0.0,0.0,0.15028901734104047
39.0,3.0,30.0,0.1,0.1,0.4,3.0,511.0,0.0,0.0,0.1487279843444227
39.0,3.0,31.0,0.1,0.1,0.4,3.0,488.0,0.0,0.0,0.15163934426229508
39.0,3.0,32.0,0.1,0.1,0.4,3.0,449.0,0.0,0.0,0.15812917594654788
39.0,3.0,33.0,0.1,0.1,0.4,3.0,454.0,0.0,0.0,0.15638766519823788
39.0,3.0,34.0,0.1,0.1,0.4,3.0,448.0,0.0,0.0,0.15625
39.0,3.0,35.0,0.1,0.1,0.4,3.0,422.0,0.0,0.0,0.15876777251184834
39.0,3.0,36.0,0.1,0.1,0.4,3.0,416.0,0.0,0.0,0.15865384615384615
39.0,3.0,37.0,0.1,0.1,0.4,3.0,414.0,0.0,0.0,0.16183574879227053
39.0,3.0,38.0,0.1,0.1,0.4,3.0,407.0,0.0,0.0,0.15724815724815724
39.0,3.0,39.0,0.1,0.1,0.4,3.0,413.0,0.0,0.0,0.15738498789346247
39.0,3.0,40.0,0.1,0.1,0.4,3.0,406.0,0.0,0.0,0.15763546798029557
39.0,3.0,41.0,0.1,0.1,0.4,3.0,411.0,0.0,0.0,0.15815085158150852
39.0,3.0,42.0,0.1,0.1,0.4,3.0,403.0,0.0,0.0,0.1588089330024814
39.0,3.0,43.0,0.1,0.1,0.4,3.0,400.0,0.0,0.0,0.1625
39.0,3.0,44.0,0.1,0.1,0.4,3.0,393.0,0.0,0.0,0.1628498727735369
39.0,3.0,45.0,0.1,0.1,0.4,3.0,395.0,0.0,0.0,0.20759493670886076
39.0,3.0,46.0,0.1,0.1,0.4,3.0,390.0,0.0,0.0,0.20512820512820512
39.0,3.0,47.0,0.1,0.1,0.4,3.0,393.0,0.0,0.0,0.20610687022900764
39.0,3.0,48.0,0.1,0.1,0.4,3.0,388.0,0.0,0.0,0.20618556701030927
39.0,3.0,49.0,0.1,0.1,0.4,3.0,383.0,0.0,0.0,0.206266318537859
39.0,3.0,50.0,0.1,0.1,0.4,3.0,377.0,0.0,0.0,0.20689655172413793
39.0,3.0,51.0,0.1,0.1,0.4,3.0,362.0,0.0,0.0,0.2154696132596685
39.0,3.0,52.0,0.1,0.1,0.4,3.0,364.0,0.0,0.0,0.21153846153846154
39.0,4.0,1.0,0.1,0.1,0.4,3.0,366.0,0.0,0.0,0.2103825136612022
39.0,4.0,2.0,0.1,0.1,0.4,3.0,354.0,0.0,0.0,0.2175141242937853
39.0,4.0,3.0,0.1,0.1,0.4,3.0,360.0,0.0,0.0,0.21388888888888888
39.0,4.0,4.0,0.1,0.1,0.4,3.0,347.0,0.0,0.0,0.21902017291066284
39.0,4.0,5.0,0.1,0.1,0.4,3.0,357.0,0.0,0.0,0.21288515406162464
39.0,4.0,6.0,0.1,0.1,0.4,3.0,350.0,0.0,0.0,0.21714285714285714
39.0,4.0,7.0,0.1,0.1,0.4,3.0,357.0,0.0,0.0,0.21288515406162464
39.0,4.0,8.0,0.1,0.1,0.4,3.0,348.0,0.0,0.0,0.21839080459770116
39.0,4.0,9.0,0.1,0.1,0.4,3.0,356.0,0.0,0.0,0.21348314606741572
39.0,4.0,10.0,0.1,0.1,0.4,3.0,347.0,0.0,0.0,0.21902017291066284
39.0,4.0,11.0,0.1,0.1,0.4,3.0,354.0,0.0,0.0,0.21468926553672316
39.0,4.0,12.0,0.1,0.1,0.4,3.0,346.0,0.0,0.0,0.21965317919075145
39.0,4.0,13.0,0.1,0.1,0.4,3.0,349.0,0.0,0.0,0.2177650429799427
39.0,4.0,14.0,0.1,0.1,0.4,3.0,338.0,0.0,0.0,0.21893491124260356
39.0,4.0,15.0,0.1,0.1,0.4,3.0,341.0,0.0,0.0,0.21994134897360704
39.0,4.0,16.0,0.1,0.1,0.4,3.0,337.0,0.0,0.0,0.2195845697329377
39.0,4.0,17.0,0.1,0.1,0.4,3.0,341.0,0.0,0.0,0.21994134897360704
39.0,4.0,18.0,0.1,0.1,0.4,3.0,334.0,0.0,0.0,0.2215568862275449
39.0,4.0,19.0,0.1,0.1,0.4,3.0,339.0,0.0,0.0,0.2153392330383481
39.0,4.0,20.0,0.1,0.1,0.4,3.0,638.0,0.0,0.0,0.11442006269592477
39.0,4.0,21.0,0.1,0.1,0.4,3.0,627.0,0.0,0.0,0.11642743221690591
39.0,4.0,22.0,0.1,0.1,0.4,3.0,587.0,0.0,0.0,0.12265758091993186
39.0,4.0,23.0,0.1,0.1,0.4,3.0,539.0,0.0,0.0,0.1280148423005566
39.0,4.0,24.0,0.1,0.1,0.4,3.0,521.0,0.0,0.0,0.12667946257197696
39.0,4.0,25.0,0.1,0.1,0.4,3.0,506.0,0.0,0.0,0.12648221343873517
39.0,4.0,26.0,0.1,0.1,0.4,3.0,502.0,0.0,0.0,0.12749003984063745
39.0,4.0,27.0,0.1,0.1,0.4,3.0,497.0,0.0,0.0,0.12877263581488935
39.0,4.0,28.0,0.1,0.1,0.4,3.0,482.0,0.0,0.0,0.13070539419087138
39.0,4.0,29.0,0.1,0.1,0.4,3.0,478.0,0.0,0.0,0.13179916317991633
39.0,4.0,30.0,0.1,0.1,0.4,3.0,446.0,0.0,0.0,0.13228699551569506
39.0,4.0,31.0,0.1,0.1,0.4,3.0,434.0,0.0,0.0,0.1359447004608295
39.0,4.0,32.0,0.1,0.1,0.4,3.0,398.0,0.0,0.0,0.13819095477386933
39.0,4.0,33.0,0.1,0.1,0.4,3.0,382.0,0.0,0.0,0.1387434554973822
39.0,4.0,34.0,0.1,0.1,0.4,3.0,362.0,0.0,0.0,0.1408839779005525
39.0,4.0,35.0,0.1,0.1,0.4,3.0,352.0,0.0,0.0,0.14488636363636365
39.0,4.0,36.0,0.1,0.1,0.4,3.0,330.0,0.0,0.0,0.15151515151515152
39.0,4.0,37.0,0.1,0.1,0.4,3.0,322.0,0.0,0.0,0.15217391304347827
39.0,4.0,38.0,0.1,0.1,0.4,3.0,325.0,0.0,0.0,0.14153846153846153
39.0,4.0,39.0,0.1,0.1,0.4,3.0,321.0,0.0,0.0,0.13707165109034267
39.0,4.0,40.0,0.1,0.1,0.4,3.0,305.0,0.0,0.0,0.14098360655737704
39.0,4.0,41.0,0.1,0.1,0.4,3.0,307.0,0.0,0.0,0.14006514657980457
39.0,4.0,42.0,0.1,0.1,0.4,3.0,301.0,0.0,0.0,0.13953488372093023
39.0,4.0,43.0,0.1,0.1,0.4,3.0,286.0,0.0,0.0,0.14335664335664336
39.0,4.0,44.0,0.1,0.1,0.4,3.0,276.0,0.0,0.0,0.14130434782608695
39.0,4.0,45.0,0.1,0.1,0.4,3.0,267.0,0.0,0.0,0.23220973782771537
39.0,4.0,46.0,0.1,0.1,0.4,3.0,265.0,0.0,0.0,0.22641509433962265
39.0,4.0,47.0,0.1,0.1,0.4,3.0,266.0,0.0,0.0,0.22556390977443608
39.0,4.0,48.0,0.1,0.1,0.4,3.0,260.0,0.0,0.0,0.21923076923076923
39.0,4.0,49.0,0.1,0.1,0.4,3.0,259.0,0.0,0.0,0.22393822393822393
39.0,4.0,50.0,0.1,0.1,0.4,3.0,259.0,0.0,0.0,0.22393822393822393
39.0,4.0,51.0,0.1,0.1,0.4,3.0,262.0,0.0,0.0,0.22519083969465647
39.0,4.0,52.0,0.1,0.1,0.4,3.0,260.0,0.0,0.0,0.2230769230769231
39.0,5.0,1.0,0.1,0.1,0.4,3.0,257.0,0.0,0.0,0.22178988326848248
39.0,5.0,2.0,0.1,0.1,0.4,3.0,254.0,0.0,0.0,0.2204724409448819
39.0,5.0,3.0,0.1,0.1,0.4,3.0,252.0,0.0,0.0,0.2261904761904762
39.0,5.0,4.0,0.1,0.1,0.4,3.0,250.0,0.0,0.0,0.224
39.0,5.0,5.0,0.1,0.1,0.4,3.0,249.0,0.0,0.0,0.2289156626506024
39.0,5.0,6.0,0.1,0.1,0.4,3.0,249.0,0.0,0.0,0.2248995983935743
39.0,5.0,7.0,0.1,0.1,0.4,3.0,248.0,0.0,0.0,0.22580645161290322
39.0,5.0,8.0,0.1,0.1,0.4,3.0,248.0,0.0,0.0,0.2217741935483871
39.0,5.0,9.0,0.1,0.1,0.4,3.0,246.0,0.0,0.0,0.22764227642276422
39.0,5.0,10.0,0.1,0.1,0.4,3.0,246.0,0.0,0.0,0.22357723577235772
39.0,5.0,11.0,0.1,0.1,0.4,3.0,243.0,0.0,0.0,0.22633744855967078
39.0,5.0,12.0,0.1,0.1,0.4,3.0,245.0,0.0,0.0,0.22040816326530613
39.0,5.0,13.0,0.1,0.1,0.4,3.0,241.0,0.0,0.0,0.21991701244813278
39.0,5.0,14.0,0.1,0.1,0.4,3.0,242.0,0.0,0.0,0.2190082644628099
39.0,5.0,15.0,0.1,0.1,0.4,3.0,241.0,0.0,0.0,0.21991701244813278
39.0,5.0,16.0,0.1,0.1,0.4,3.0,243.0,0.0,0.0,0.21810699588477367
39.0,5.0,17.0,0.1,0.1,0.4,3.0,241.0,0.0,0.0,0.21991701244813278
39.0,5.0,18.0,0.1,0.1,0.4,3.0,241.0,0.0,0.0,0.21991701244813278
39.0,5.0,19.0,0.1,0.1,0.4,3.0,242.0,0.0,0.0,0.2190082644628099
39.0,5.0,20.0,0.1,0.1,0.4,3.0,443.0,0.0,0.0,0.11963882618510158
39.0,5.0,21.0,0.1,0.1,0.4,3.0,428.0,0.0,0.0,0.12383177570093458
39.0,5.0,22.0,0.1,0.1,0.4,3.0,416.0,0.0,0.0,0.12259615384615384
39.0,5.0,23.0,0.1,0.1,0.4,3.0,407.0,0.0,0.0,0.12776412776412777
39.0,5.0,24.0,0.1,0.1,0.4,3.0,401.0,0.0,0.0,0.12468827930174564
39.0,5.0,25.0,0.1,0.1,0.4,3.0,381.0,0.0,0.0,0.13123359580052493
39.0,5.0,26.0,0.1,0.1,0.4,3.0,365.0,0.0,0.0,0.12876712328767123
39.0,5.0,27.0,0.1,0.1,0.4,3.0,363.0,0.0,0.0,0.12947658402203857
39.0,5.0,28.0,0.1,0.1,0.4,3.0,352.0,0.0,0.0,0.1278409090909091
39.0,5.0,29.0,0.1,0.1,0.4,3.0,341.0,0.0,0.0,0.12903225806451613
39.0,5.0,30.0,0.1,0.1,0.4,3.0,326.0,0.0,0.0,0.12883435582822086
39.0,5.0,31.0,0.1,0.1,0.4,3.0,309.0,0.0,0.0,0.1262135922330097
39.0,5.0,32.0,0.1,0.1,0.4,3.0,290.0,0.0,0.0,0.1310344827586207
39.0,5.0,33.0,0.1,0.1,0.4,3.0,261.0,0.0,0.0,0.13026819923371646
39.0,5.0,34.0,0.1,0.1,0.4,3.0,258.0,0.0,0.0,0.13178294573643412
39.0,5.0,35.0,0.1,0.1,0.4,3.0,257.0,0.0,0.0,0.12840466926070038
39.0,5.0,36.0,0.1,0.1,0.4,3.0,258.0,0.0,0.0,0.12790697674418605
39.0,5.0,37.0,0.1,0.1,0.4,3.0,256.0,0.0,0.0,0.12890625
39.0,5.0,38.0,0.1,0.1,0.4,3.0,256.0,0.0,0.0,0.12890625
39.0,5.0,39.0,0.1,0.1,0.4,3.0,248.0,0.0,0.0,0.12903225806451613
39.0,5.0,40.0,0.1,0.1,0.4,3.0,243.0,0.0,0.0,0.13168724279835392
39.0,5.0,41.0,0.1,0.1,0.4,3.0,241.0,0.0,0.0,0.13278008298755187
39.0,5.0,42.0,0.1,0.1,0.4,3.0,235.0,0.0,0.0,0.13617021276595745
39.0,5.0,43.0,0.1,0.1,0.4,3.0,234.0,0.0,0.0,0.13675213675213677
39.0,5.0,44.0,0.1,0.1,0.4,3.0,223.0,0.0,0.0,0.13901345291479822
39.0,5.0,45.0,0.1,0.1,0.4,3.0,221.0,0.0,0.0,0.22171945701357465
39.0,5.0,46.0,0.1,0.1,0.4,3.0,210.0,0.0,0.0,0.22380952380952382
39.0,5.0,47.0,0.1,0.1,0.4,3.0,211.0,0.0,0.0,0.22274881516587677
39.0,5.0,48.0,0.1,0.1,0.4,3.0,211.0,0.0,0.0,0.22274881516587677
39.0,5.0,49.0,0.1,0.1,0.4,3.0,211.0,0.0,0.0,0.22274881516587677
39.0,5.0,50.0,0.1,0.1,0.4,3.0,210.0,0.0,0.0,0.22380952380952382
39.0,5.0,51.0,0.1,0.1,0.4,3.0,210.0,0.0,0.0,0.22380952380952382
39.0,5.0,52.0,0.1,0.1,0.4,3.0,206.0,0.0,0.0,0.22330097087378642
39.0,6.0,1.0,0.1,0.1,0.4,3.0,207.0,0.0,0.0,0.21739130434782608
39.0,6.0,2.0,0.1,0.1,0.4,3.0,206.0,0.0,0.0,0.22330097087378642
39.0,6.0,3.0,0.1,0.1,0.4,3.0,207.0,0.0,0.0,0.21739130434782608
39.0,6.0,4.0,0.1,0.1,0.4,3.0,206.0,0.0,0.0,0.22330097087378642
39.0,6.0,5.0,0.1,0.1,0.4,3.0,204.0,0.0,0.0,0.21568627450980393
39.0,6.0,6.0,0.1,0.1,0.4,3.0,202.0,0.0,0.0,0.21782178217821782
39.0,6.0,7.0,0.1,0.1,0.4,3.0,198.0,0.0,0.0,0.21717171717171718
39.0,6.0,8.0,0.1,0.1,0.4,3.0,189.0,0.0,0.0,0.21693121693121692
39.0,6.0,9.0,0.1,0.1,0.4,3.0,189.0,0.0,0.0,0.21693121693121692
39.0,6.0,10.0,0.1,0.1,0.4,3.0,190.0,0.0,0.0,0.21578947368421053
39.0,6.0,11.0,0.1,0.1,0.4,3.0,190.0,0.0,0.0,0.21578947368421053
39.0,6.0,12.0,0.1,0.1,0.4,3.0,191.0,0.0,0.0,0.21465968586387435
39.0,6.0,13.0,0.1,0.1,0.4,3.0,191.0,0.0,0.0,0.21465968586387435
39.0,6.0,14.0,0.1,0.1,0.4,3.0,190.0,0.0,0.0,0.21578947368421053
39.0,6.0,15.0,0.1,0.1,0.4,3.0,190.0,0.0,0.0,0.21578947368421053
39.0,6.0,16.0,0.1,0.1,0.4,3.0,189.0,0.0,0.0,0.21693121693121692
39.0,6.0,17.0,0.1,0.1,0.4,3.0,188.0,0.0,0.0,0.2127659574468085
39.0,6.0,18.0,0.1,0.1,0.4,3.0,189.0,0.0,0.0,0.21164021164021163
39.0,6.0,19.0,0.1,0.1,0.4,3.0,185.0,0.0,0.0,0.20540540540540542
39.0,6.0,20.0,0.1,0.1,0.4,3.0,283.0,0.0,0.0,0.1413427561837456
39.0,6.0,21.0,0.1,0.1,0.4,3.0,268.0,0.0,0.0,0.13805970149253732
39.0,6.0,22.0,0.1,0.1,0.4,3.0,263.0,0.0,0.0,0.1444866920152091
39.0,6.0,23.0,0.1,0.1,0.4,3.0,254.0,0.0,0.0,0.14566929133858267
39.0,6.0,24.0,0.1,0.1,0.4,3.0,256.0,0.0,0.0,0.14453125
39.0,6.0,25.0,0.1,0.1,0.4,3.0,254.0,0.0,0.0,0.14566929133858267
39.0,6.0,26.0,0.1,0.1,0.4,3.0,256.0,0.0,0.0,0.14453125
39.0,6.0,27.0,0.1,0.1,0.4,3.0,254.0,0.0,0.0,0.14566929133858267
39.0,6.0,28.0,0.1,0.1,0.4,3.0,262.0,0.0,0.0,0.14122137404580154
39.0,6.0,29.0,0.1,0.1,0.4,3.0,252.0,0.0,0.0,0.14285714285714285
39.0,6.0,30.0,0.1,0.1,0.4,3.0,246.0,0.0,0.0,0.14634146341463414
39.0,6.0,31.0,0.1,0.1,0.4,3.0,236.0,0.0,0.0,0.1483050847457627
39.0,6.0,32.0,0.1,0.1,0.4,3.0,237.0,0.0,0.0,0.14767932489451477
39.0,6.0,33.0,0.1,0.1,0.4,3.0,235.0,0.0,0.0,0.14893617021276595
39.0,6.0,34.0,0.1,0.1,0.4,3.0,237.0,0.0,0.0,0.14767932489451477
39.0,6.0,35.0,0.1,0.1,0.4,3.0,233.0,0.0,0.0,0.1459227467811159
39.0,6.0,36.0,0.1,0.1,0.4,3.0,227.0,0.0,0.0,0.14096916299559473
39.0,6.0,37.0,0.1,0.1,0.4,3.0,225.0,0.0,0.0,0.14222222222222222
39.0,6.0,38.0,0.1,0.1,0.4,3.0,227.0,0.0,0.0,0.14096916299559473
39.0,6.0,39.0,0.1,0.1,0.4,3.0,225.0,0.0,0.0,0.14222222222222222
39.0,6.0,40.0,0.1,0.1,0.4,3.0,218.0,0.0,0.0,0.14678899082568808
39.0,6.0,41.0,0.1,0.1,0.4,3.0,216.0,0.0,0.0,0.14814814814814814
39.0,6.0,42.0,0.1,0.1,0.4,3.0,214.0,0.0,0.0,0.14485981308411214
39.0,6.0,43.0,0.1,0.1,0.4,3.0,204.0,0.0,0.0,0.13725490196078433
39.0,6.0,44.0,0.1,0.1,0.4,3.0,196.0,0.0,0.0,0.1377551020408163
39.0,6.0,45.0,0.1,0.1,0.4,3.0,197.0,0.0,0.0,0.2233502538071066
39.0,6.0,46.0,0.1,0.1,0.4,3.0,198.0,0.0,0.0,0.2222222222222222
39.0,6.0,47.0,0.1,0.1,0.4,3.0,194.0,0.0,0.0,0.22164948453608246
39.0,6.0,48.0,0.1,0.1,0.4,3.0,198.0,0.0,0.0,0.2222222222222222
39.0,6.0,49.0,0.1,0.1,0.4,3.0,194.0,0.0,0.0,0.22164948453608246
39.0,6.0,50.0,0.1,0.1,0.4,3.0,197.0,0.0,0.0,0.2182741116751269
39.0,6.0,51.0,0.1,0.1,0.4,3.0,196.0,0.0,0.0,0.2193877551020408
39.0,6.0,52.0,0.1,0.1,0.4,3.0,198.0,0.0,0.0,0.2222222222222222
39.0,7.0,1.0,0.1,0.1,0.4,3.0,196.0,0.0,0.0,0.22448979591836735
39.0,7.0,2.0,0.1,0.1,0.4,3.0,188.0,0.0,0.0,0.23404255319148937
39.0,7.0,3.0,0.1,0.1,0.4,3.0,185.0,0.0,0.0,0.23783783783783785
39.0,7.0,4.0,0.1,0.1,0.4,3.0,188.0,0.0,0.0,0.23404255319148937
39.0,7.0,5.0,0.1,0.1,0.4,3.0,183.0,0.0,0.0,0.23497267759562843
39.0,7.0,6.0,0.1,0.1,0.4,3.0,185.0,0.0,0.0,0.23243243243243245
39.0,7.0,7.0,0.1,0.1,0.4,3.0,183.0,0.0,0.0,0.23497267759562843
39.0,7.0,8.0,0.1,0.1,0.4,3.0,184.0,0.0,0.0,0.23369565217391305
39.0,7.0,9.0,0.1,0.1,0.4,3.0,182.0,0.0,0.0,0.23626373626373626
39.0,7.0,10.0,0.1,0.1,0.4,3.0,182.0,0.0,0.0,0.23076923076923078
39.0,7.0,11.0,0.1,0.1,0.4,3.0,180.0,0.0,0.0,0.23333333333333334
39.0,7.0,12.0,0.1,0.1,0.4,3.0,182.0,0.0,0.0,0.23076923076923078
39.0,7.0,13.0,0.1,0.1,0.4,3.0,173.0,0.0,0.0,0.24855491329479767
39.0,7.0,14.0,0.1,0.1,0.4,3.0,174.0,0.0,0.0,0.2413793103448276
39.0,7.0,15.0,0.1,0.1,0.4,3.0,173.0,0.0,0.0,0.24855491329479767
39.0,7.0,16.0,0.1,0.1,0.4,3.0,174.0,0.0,0.0,0.2413793103448276
39.0,7.0,17.0,0.1,0.1,0.4,3.0,172.0,0.0,0.0,0.2441860465116279
39.0,7.0,18.0,0.1,0.1,0.4,3.0,174.0,0.0,0.0,0.2471264367816092
39.0,7.0,19.0,0.1,0.1,0.4,3.0,171.0,0.0,0.0,0.24561403508771928
39.0,7.0,20.0,0.1,0.1,0.4,3.0,309.0,0.0,0.0,0.13592233009708737
39.0,7.0,21.0,0.1,0.1,0.4,3.0,307.0,0.0,0.0,0.13680781758957655
39.0,7.0,22.0,0.1,0.1,0.4,3.0,291.0,0.0,0.0,0.140893470790378
39.0,7.0,23.0,0.1,0.1,0.4,3.0,288.0,0.0,0.0,0.1423611111111111
39.0,7.0,24.0,0.1,0.1,0.4,3.0,270.0,0.0,0.0,0.14814814814814814
39.0,7.0,25.0,0.1,0.1,0.4,3.0,268.0,0.0,0.0,0.14925373134328357
39.0,7.0,26.0,0.1,0.1,0.4,3.0,262.0,0.0,0.0,0.14885496183206107
39.0,7.0,27.0,0.1,0.1,0.4,3.0,260.0,0.0,0.0,0.15
39.0,7.0,28.0,0.1,0.1,0.4,3.0,220.0,0.0,0.0,0.15454545454545454
39.0,7.0,29.0,0.1,0.1,0.4,3.0,218.0,0.0,0.0,0.1559633027522936
39.0,7.0,30.0,0.1,0.1,0.4,3.0,220.0,0.0,0.0,0.15454545454545454
39.0,7.0,31.0,0.1,0.1,0.4,3.0,218.0,0.0,0.0,0.1559633027522936
39.0,7.0,32.0,0.1,0.1,0.4,3.0,209.0,0.0,0.0,0.16267942583732056
39.0,7.0,33.0,0.1,0.1,0.4,3.0,208.0,0.0,0.0,0.16346153846153846
39.0,7.0,34.0,0.1,0.1,0.4,3.0,208.0,0.0,0.0,0.16346153846153846
39.0,7.0,35.0,0.1,0.1,0.4,3.0,206.0,0.0,0.0,0.16019417475728157
39.0,7.0,36.0,0.1,0.1,0.4,3.0,207.0,0.0,0.0,0.15942028985507245
39.0,7.0,37.0,0.1,0.1,0.4,3.0,206.0,0.0,0.0,0.16019417475728157
39.0,7.0,38.0,0.1,0.1,0.4,3.0,203.0,0.0,0.0,0.15763546798029557
39.0,7.0,39.0,0.1,0.1,0.4,3.0,206.0,0.0,0.0,0.16019417475728157
39.0,7.0,40.0,0.1,0.1,0.4,3.0,203.0,0.0,0.0,0.15763546798029557
39.0,7.0,41.0,0.1,0.1,0.4,3.0,202.0,0.0,0.0,0.15841584158415842
39.0,7.0,42.0,0.1,0.1,0.4,3.0,199.0,0.0,0.0,0.16080402010050251
39.0,7.0,43.0,0.1,0.1,0.4,3.0,197.0,0.0,0.0,0.16243654822335024
39.0,7.0,44.0,0.1,0.1,0.4,3.0,172.0,0.0,0.0,0.16279069767441862
39.0,7.0,45.0,0.1,0.1,0.4,3.0,165.0,0.0,0.0,0.2606060606060606
39.0,7.0,46.0,0.1,0.1,0.4,3.0,167.0,0.0,0.0,0.25748502994011974
39.0,7.0,47.0,0.1,0.1,0.4,3.0,164.0,0.0,0.0,0.25609756097560976
39.0,7.0,48.0,0.1,0.1,0.4,3.0,167.0,0.0,0.0,0.25748502994011974
39.0,7.0,49.0,0.1,0.1,0.4,3.0,166.0,0.0,0.0,0.25903614457831325
39.0,7.0,50.0,0.1,0.1,0.4,3.0,167.0,0.0,0.0,0.25748502994011974
39.0,7.0,51.0,0.1,0.1,0.4,3.0,166.0,0.0,0.0,0.25903614457831325
39.0,7.0,52.0,0.1,0.1,0.4,3.0,166.0,0.0,0.0,0.25903614457831325
39.0,8.0,1.0,0.1,0.1,0.4,3.0,156.0,0.0,0.0,0.26282051282051283
39.0,8.0,2.0,0.1,0.1,0.4,3.0,154.0,0.0,0.0,0.2662337662337662
39.0,8.0,3.0,0.1,0.1,0.4,3.0,152.0,0.0,0.0,0.26973684210526316
39.0,8.0,4.0,0.1,0.1,0.4,3.0,154.0,0.0,0.0,0.2662337662337662
39.0,8.0,5.0,0.1,0.1,0.4,3.0,153.0,0.0,0.0,0.2679738562091503
39.0,8.0,6.0,0.1,0.1,0.4,3.0,154.0,0.0,0.0,0.2662337662337662
39.0,8.0,7.0,0.1,0.1,0.4,3.0,153.0,0.0,0.0,0.2679738562091503
39.0,8.0,8.0,0.1,0.1,0.4,3.0,153.0,0.0,0.0,0.26143790849673204
39.0,8.0,9.0,0.1,0.1,0.4,3.0,153.0,0.0,0.0,0.2679738562091503
39.0,8.0,10.0,0.1,0.1,0.4,3.0,153.0,0.0,0.0,0.2679738562091503
39.0,8.0,11.0,0.1,0.1,0.4,3.0,152.0,0.0,0.0,0.26973684210526316
39.0,8.0,12.0,0.1,0.1,0.4,3.0,153.0,0.0,0.0,0.2679738562091503
39.0,8.0,13.0,0.1,0.1,0.4,3.0,152.0,0.0,0.0,0.26973684210526316
39.0,8.0,14.0,0.1,0.1,0.4,3.0,153.0,0.0,0.0,0.2679738562091503
39.0,8.0,15.0,0.1,0.1,0.4,3.0,152.0,0.0,0.0,0.26973684210526316
39.0,8.0,16.0,0.1,0.1,0.4,3.0,152.0,0.0,0.0,0.26973684210526316
39.0,8.0,17.0,0.1,0.1,0.4,3.0,152.0,0.0,0.0,0.26973684210526316
39.0,8.0,18.0,0.1,0.1,0.4,3.0,153.0,0.0,0.0,0.2679738562091503
39.0,8.0,19.0,0.1,0.1,0.4,3.0,152.0,0.0,0.0,0.26973684210526316
39.0,8.0,20.0,0.1,0.1,0.4,3.0,283.0,0.0,0.0,0.14487632508833923
39.0,8.0,21.0,0.1,0.1,0.4,3.0,274.0,0.0,0.0,0.145985401459854
39.0,8.0,22.0,0.1,0.1,0.4,3.0,263.0,0.0,0.0,0.1520912547528517
39.0,8.0,23.0,0.1,0.1,0.4,3.0,254.0,0.0,0.0,0.14960629921259844
39.0,8.0,24.0,0.1,0.1,0.4,3.0,247.0,0.0,0.0,0.15384615384615385
39.0,8.0,25.0,0.1,0.1,0.4,3.0,234.0,0.0,0.0,0.1581196581196581
39.0,8.0,26.0,0.1,0.1,0.4,3.0,235.0,0.0,0.0,0.1574468085106383
39.0,8.0,27.0,0.1,0.1,0.4,3.0,234.0,0.0,0.0,0.1581196581196581
39.0,8.0,28.0,0.1,0.1,0.4,3.0,234.0,0.0,0.0,0.1581196581196581
39.0,8.0,29.0,0.1,0.1,0.4,3.0,224.0,0.0,0.0,0.15625
39.0,8.0,30.0,0.1,0.1,0.4,3.0,225.0,0.0,0.0,0.15555555555555556
39.0,8.0,31.0,0.1,0.1,0.4,3.0,219.0,0.0,0.0,0.1552511415525114
39.0,8.0,32.0,0.1,0.1,0.4,3.0,225.0,0.0,0.0,0.15555555555555556
39.0,8.0,33.0,0.1,0.1,0.4,3.0,219.0,0.0,0.0,0.1552511415525114
39.0,8.0,34.0,0.1,0.1,0.4,3.0,218.0,0.0,0.0,0.1559633027522936
39.0,8.0,35.0,0.1,0.1,0.4,3.0,211.0,0.0,0.0,0.15639810426540285
39.0,8.0,36.0,0.1,0.1,0.4,3.0,224.0,0.0,0.0,0.15625
39.0,8.0,37.0,0.1,0.1,0.4,3.0,206.0,0.0,0.0,0.1650485436893204
39.0,8.0,38.0,0.1,0.1,0.4,3.0,212.0,0.0,0.0,0.1650943396226415
39.0,8.0,39.0,0.1,0.1,0.4,3.0,187.0,0.0,0.0,0.17647058823529413
39.0,8.0,40.0,0.1,0.1,0.4,3.0,185.0,0.0,0.0,0.1783783783783784
39.0,8.0,41.0,0.1,0.1,0.4,3.0,178.0,0.0,0.0,0.1797752808988764
39.0,8.0,42.0,0.1,0.1,0.4,3.0,185.0,0.0,0.0,0.1783783783783784
39.0,8.0,43.0,0.1,0.1,0.4,3.0,178.0,0.0,0.0,0.1797752808988764
39.0,8.0,44.0,0.1,0.1,0.4,3.0,185.0,0.0,0.0,0.1783783783783784
39.0,8.0,45.0,0.1,0.1,0.4,3.0,178.0,0.0,0.0,0.23595505617977527
39.0,8.0,46.0,0.1,0.1,0.4,3.0,185.0,0.0,0.0,0.23243243243243245
39.0,8.0,47.0,0.1,0.1,0.4,3.0,177.0,0.0,0.0,0.23163841807909605
39.0,8.0,48.0,0.1,0.1,0.4,3.0,184.0,0.0,0.0,0.22826086956521738
39.0,8.0,49.0,0.1,0.1,0.4,3.0,177.0,0.0,0.0,0.23163841807909605
39.0,8.0,50.0,0.1,0.1,0.4,3.0,181.0,0.0,0.0,0.23756906077348067
39.0,8.0,51.0,0.1,0.1,0.4,3.0,179.0,0.0,0.0,0.2346368715083799
39.0,8.0,52.0,0.1,0.1,0.4,3.0,179.0,0.0,0.0,0.2346368715083799
39.0,9.0,1.0,0.1,0.1,0.4,3.0,177.0,0.0,0.0,0.23163841807909605
39.0,9.0,2.0,0.1,0.1,0.4,3.0,179.0,0.0,0.0,0.2346368715083799
39.0,9.0,3.0,0.1,0.1,0.4,3.0,177.0,0.0,0.0,0.23163841807909605
39.0,9.0,4.0,0.1,0.1,0.4,3.0,178.0,0.0,0.0,0.2303370786516854
39.0,9.0,5.0,0.1,0.1,0.4,3.0,176.0,0.0,0.0,0.22727272727272727
39.0,9.0,6.0,0.1,0.1,0.4,3.0,177.0,0.0,0.0,0.23163841807909605
39.0,9.0,7.0,0.1,0.1,0.4,3.0,175.0,0.0,0.0,0.22857142857142856
39.0,9.0,8.0,0.1,0.1,0.4,3.0,178.0,0.0,0.0,0.23595505617977527
39.0,9.0,9.0,0.1,0.1,0.4,3.0,175.0,0.0,0.0,0.22857142857142856
39.0,9.0,10.0,0.1,0.1,0.4,3.0,178.0,0.0,0.0,0.23595505617977527
39.0,9.0,11.0,0.1,0.1,0.4,3.0,176.0,0.0,0.0,0.23295454545454544
39.0,9.0,12.0,0.1,0.1,0.4,3.0,178.0,0.0,0.0,0.23595505617977527
39.0,9.0,13.0,0.1,0.1,0.4,3.0,176.0,0.0,0.0,0.23295454545454544
39.0,9.0,14.0,0.1,0.1,0.4,3.0,178.0,0.0,0.0,0.23595505617977527
39.0,9.0,15.0,0.1,0.1,0.4,3.0,176.0,0.0,0.0,0.23295454545454544
39.0,9.0,16.0,0.1,0.1,0.4,3.0,178.0,0.0,0.0,0.23595505617977527
39.0,9.0,17.0,0.1,0.1,0.4,3.0,176.0,0.0,0.0,0.23295454545454544
39.0,9.0,18.0,0.1,0.1,0.4,3.0,178.0,0.0,0.0,0.23595505617977527
39.0,9.0,19.0,0.1,0.1,0.4,3.0,175.0,0.0,0.0,0.22857142857142856
39.0,9.0,20.0,0.1,0.1,0.4,3.0,286.0,0.0,0.0,0.0944055944055944
39.0,9.0,21.0,0.1,0.1,0.4,3.0,282.0,0.0,0.0,0.09574468085106383
39.0,9.0,22.0,0.1,0.1,0.4,3.0,287.0,0.0,0.0,0.0975609756097561
39.0,9.0,23.0,0.1,0.1,0.4,3.0,268.0,0.0,0.0,0.09701492537313433
39.0,9.0,24.0,0.1,0.1,0.4,3.0,245.0,0.0,0.0,0.10612244897959183
39.0,9.0,25.0,0.1,0.1,0.4,3.0,229.0,0.0,0.0,0.1091703056768559
39.0,9.0,26.0,0.1,0.1,0.4,3.0,234.0,0.0,0.0,0.1111111111111111
39.0,9.0,27.0,0.1,0.1,0.4,3.0,219.0,0.0,0.0,0.1141552511415525
39.0,9.0,28.0,0.1,0.1,0.4,3.0,225.0,0.0,0.0,0.11555555555555555
39.0,9.0,29.0,0.1,0.1,0.4,3.0,220.0,0.0,0.0,0.11363636363636363
39.0,9.0,30.0,0.1,0.1,0.4,3.0,225.0,0.0,0.0,0.11555555555555555
39.0,9.0,31.0,0.1,0.1,0.4,3.0,220.0,0.0,0.0,0.11363636363636363
39.0,9.0,32.0,0.1,0.1,0.4,3.0,216.0,0.0,0.0,0.11574074074074074
39.0,9.0,33.0,0.1,0.1,0.4,3.0,211.0,0.0,0.0,0.11374407582938388
39.0,9.0,34.0,0.1,0.1,0.4,3.0,197.0,0.0,0.0,0.1218274111675127
39.0,9.0,35.0,0.1,0.1,0.4,3.0,179.0,0.0,0.0,0.12849162011173185
39.0,9.0,36.0,0.1,0.1,0.4,3.0,184.0,0.0,0.0,0.13043478260869565
39.0,9.0,37.0,0.1,0.1,0.4,3.0,179.0,0.0,0.0,0.12849162011173185
39.0,9.0,38.0,0.1,0.1,0.4,3.0,184.0,0.0,0.0,0.13043478260869565
39.0,9.0,39.0,0.1,0.1,0.4,3.0,171.0,0.0,0.0,0.13450292397660818
39.0,9.0,40.0,0.1,0.1,0.4,3.0,175.0,0.0,0.0,0.13714285714285715
39.0,9.0,41.0,0.1,0.1,0.4,3.0,170.0,0.0,0.0,0.13529411764705881
39.0,9.0,42.0,0.1,0.1,0.4,3.0,174.0,0.0,0.0,0.13793103448275862
39.0,9.0,43.0,0.1,0.1,0.4,3.0,161.0,0.0,0.0,0.14285714285714285
39.0,9.0,44.0,0.1,0.1,0.4,3.0,166.0,0.0,0.0,0.14457831325301204
39.0,9.0,45.0,0.1,0.1,0.4,3.0,162.0,0.0,0.0,0.21604938271604937
39.0,9.0,46.0,0.1,0.1,0.4,3.0,165.0,0.0,0.0,0.21818181818181817
39.0,9.0,47.0,0.1,0.1,0.4,3.0,161.0,0.0,0.0,0.21739130434782608
39.0,9.0,48.0,0.1,0.1,0.4,3.0,165.0,0.0,0.0,0.21818181818181817
39.0,9.0,49.0,0.1,0.1,0.4,3.0,161.0,0.0,0.0,0.21739130434782608
39.0,9.0,50.0,0.1,0.1,0.4,3.0,166.0,0.0,0.0,0.21686746987951808
39.0,9.0,51.0,0.1,0.1,0.4,3.0,162.0,0.0,0.0,0.21604938271604937
39.0,9.0,52.0,0.1,0.1,0.4,3.0,163.0,0.0,0.0,0.22085889570552147
39.0,10.0,1.0,0.1,0.1,0.4,3.0,158.0,0.0,0.0,0.22151898734177214
39.0,10.0,2.0,0.1,0.1,0.4,3.0,164.0,0.0,0.0,0.21951219512195122
39.0,10.0,3.0,0.1,0.1,0.4,3.0,159.0,0.0,0.0,0.22012578616352202
39.0,10.0,4.0,0.1,0.1,0.4,3.0,164.0,0.0,0.0,0.21951219512195122
39.0,10.0,5.0,0.1,0.1,0.4,3.0,160.0,0.0,0.0,0.21875
39.0,10.0,6.0,0.1,0.1,0.4,3.0,161.0,0.0,0.0,0.2236024844720497
39.0,10.0,7.0,0.1,0.1,0.4,3.0,156.0,0.0,0.0,0.22435897435897437
39.0,10.0,8.0,0.1,0.1,0.4,3.0,160.0,0.0,0.0,0.225
39.0,10.0,9.0,0.1,0.1,0.4,3.0,156.0,0.0,0.0,0.22435897435897437
39.0,10.0,10.0,0.1,0.1,0.4,3.0,160.0,0.0,0.0,0.225
39.0,10.0,11.0,0.1,0.1,0.4,3.0,156.0,0.0,0.0,0.22435897435897437
39.0,10.0,12.0,0.1,0.1,0.4,3.0,161.0,0.0,0.0,0.2236024844720497
39.0,10.0,13.0,0.1,0.1,0.4,3.0,156.0,0.0,0.0,0.22435897435897437
39.0,10.0,14.0,0.1,0.1,0.4,3.0,159.0,0.0,0.0,0.22641509433962265
39.0,10.0,15.0,0.1,0.1,0.4,3.0,155.0,0.0,0.0,0.21935483870967742
39.0,10.0,16.0,0.1,0.1,0.4,3.0,159.0,0.0,0.0,0.22012578616352202
39.0,10.0,17.0,0.1,0.1,0.4,3.0,155.0,0.0,0.0,0.21935483870967742
39.0,10.0,18.0,0.1,0.1,0.4,3.0,159.0,0.0,0.0,0.22012578616352202
39.0,10.0,19.0,0.1,0.1,0.4,3.0,153.0,0.0,0.0,0.2222222222222222
39.0,10.0,20.0,0.1,0.1,0.4,3.0,305.0,0.0,0.0,0.10163934426229508
39.0,10.0,21.0,0.1,0.1,0.4,3.0,283.0,0.0,0.0,0.10247349823321555
39.0,10.0,22.0,0.1,0.1,0.4,3.0,288.0,0.0,0.0,0.10416666666666667
39.0,10.0,23.0,0.1,0.1,0.4,3.0,265.0,0.0,0.0,0.10566037735849057
39.0,10.0,24.0,0.1,0.1,0.4,3.0,275.0,0.0,0.0,0.10545454545454545
39.0,10.0,25.0,0.1,0.1,0.4,3.0,265.0,0.0,0.0,0.10566037735849057
39.0,10.0,26.0,0.1,0.1,0.4,3.0,275.0,0.0,0.0,0.10545454545454545
39.0,10.0,27.0,0.1,0.1,0.4,3.0,247.0,0.0,0.0,0.11336032388663968
39.0,10.0,28.0,0.1,0.1,0.4,3.0,249.0,0.0,0.0,0.11244979919678715
39.0,10.0,29.0,0.1,0.1,0.4,3.0,240.0,0.0,0.0,0.1125
39.0,10.0,30.0,0.1,0.1,0.4,3.0,250.0,0.0,0.0,0.112
39.0,10.0,31.0,0.1,0.1,0.4,3.0,229.0,0.0,0.0,0.11790393013100436
39.0,10.0,32.0,0.1,0.1,0.4,3.0,217.0,0.0,0.0,0.11981566820276497
39.0,10.0,33.0,0.1,0.1,0.4,3.0,197.0,0.0,0.0,0.12690355329949238
39.0,10.0,34.0,0.1,0.1,0.4,3.0,209.0,0.0,0.0,0.12440191387559808
39.0,10.0,35.0,0.1,0.1,0.4,3.0,186.0,0.0,0.0,0.12365591397849462
39.0,10.0,36.0,0.1,0.1,0.4,3.0,196.0,0.0,0.0,0.12244897959183673
39.0,10.0,37.0,0.1,0.1,0.4,3.0,186.0,0.0,0.0,0.12365591397849462
39.0,10.0,38.0,0.1,0.1,0.4,3.0,196.0,0.0,0.0,0.12244897959183673
39.0,10.0,39.0,0.1,0.1,0.4,3.0,186.0,0.0,0.0,0.12365591397849462
39.0,10.0,40.0,0.1,0.1,0.4,3.0,185.0,0.0,0.0,0.12972972972972974
39.0,10.0,41.0,0.1,0.1,0.4,3.0,175.0,0.0,0.0,0.13142857142857142
39.0,10.0,42.0,0.1,0.1,0.4,3.0,184.0,0.0,0.0,0.13043478260869565
39.0,10.0,43.0,0.1,0.1,0.4,3.0,175.0,0.0,0.0,0.13142857142857142
39.0,10.0,44.0,0.1,0.1,0.4,3.0,184.0,0.0,0.0,0.13043478260869565
39.0,10.0,45.0,0.1,0.1,0.4,3.0,159.0,0.0,0.0,0.22012578616352202
39.0,10.0,46.0,0.1,0.1,0.4,3.0,168.0,0.0,0.0,0.21428571428571427
39.0,10.0,47.0,0.1,0.1,0.4,3.0,159.0,0.0,0.0,0.22012578616352202
39.0,10.0,48.0,0.1,0.1,0.4,3.0,169.0,0.0,0.0,0.21301775147928995
39.0,10.0,49.0,0.1,0.1,0.4,3.0,159.0,0.0,0.0,0.22012578616352202
39.0,10.0,50.0,0.1,0.1,0.4,3.0,164.0,0.0,0.0,0.21951219512195122
39.0,10.0,51.0,0.1,0.1,0.4,3.0,158.0,0.0,0.0,0.22151898734177214
39.0,10.0,52.0,0.1,0.1,0.4,3.0,161.0,0.0,0.0,0.2111801242236025
40.0,1.0,1.0,0.1,0.1,0.4,3.0,5152.0,50.0,8.0,0.09569099378881987
40.0,1.0,2.0,0.1,0.1,0.4,3.0,5115.0,61.0,23.0,0.0959921798631476
40.0,1.0,3.0,0.1,0.1,0.4,3.0,5016.0,78.0,36.0,0.09629186602870814
40.0,1.0,4.0,0.1,0.1,0.4,3.0,4930.0,101.0,35.0,0.09675456389452333
40.0,1.0,5.0,0.1,0.1,0.4,3.0,4853.0,113.0,39.0,0.09416855553266021
40.0,1.0,6.0,0.1,0.1,0.4,3.0,4574.0,124.0,40.0,0.0959772627896808
40.0,1.0,7.0,0.1,0.1,0.4,3.0,4422.0,130.0,47.0,0.09724106739032112
40.0,1.0,8.0,0.1,0.1,0.4,3.0,4124.0,137.0,54.0,0.09893307468477207
40.0,1.0,9.0,0.1,0.1,0.4,3.0,3930.0,151.0,60.0,0.1005089058524173
40.0,1.0,10.0,0.1,0.1,0.4,3.0,3711.0,165.0,70.0,0.0991646456480733
40.0,1.0,11.0,0.1,0.1,0.4,3.0,3640.0,191.0,76.0,0.09917582417582417
40.0,1.0,12.0,0.1,0.1,0.4,3.0,3452.0,207.0,88.0,0.0996523754345307
40.0,1.0,13.0,0.1,0.1,0.4,3.0,3261.0,204.0,89.0,0.1024225697638761
40.0,1.0,14.0,0.1,0.1,0.4,3.0,3159.0,207.0,93.0,0.10161443494776828
40.0,1.0,15.0,0.1,0.1,0.4,3.0,3035.0,219.0,102.0,0.10477759472817133
40.0,1.0,16.0,0.1,0.1,0.4,3.0,2946.0,207.0,97.0,0.10488798370672098
40.0,1.0,17.0,0.1,0.1,0.4,3.0,2756.0,200.0,112.0,0.10885341074020319
40.0,1.0,18.0,0.1,0.1,0.4,3.0,2653.0,185.0,104.0,0.10893328307576329
40.0,1.0,19.0,0.1,0.1,0.4,3.0,2570.0,180.0,92.0,0.11050583657587548
40.0,1.0,20.0,0.1,0.1,0.4,3.0,6993.0,173.0,78.0,0.039897039897039896
40.0,1.0,21.0,0.1,0.1,0.4,3.0,6261.0,218.0,68.0,0.041207474844274075
40.0,1.0,22.0,0.1,0.1,0.4,3.0,5756.0,258.0,93.0,0.0423905489923558
40.0,1.0,23.0,0.1,0.1,0.4,3.0,5279.0,269.0,102.0,0.042621708656942606
40.0,1.0,24.0,0.1,0.1,0.4,3.0,4734.0,304.0,114.0,0.044359949302915085
40.0,1.0,25.0,0.1,0.1,0.4,3.0,4268.0,275.0,103.0,0.04732895970009372
40.0,1.0,26.0,0.1,0.1,0.4,3.0,3893.0,292.0,114.0,0.0485486771127665
40.0,1.0,27.0,0.1,0.1,0.4,3.0,3662.0,276.0,123.0,0.05024576734025123
40.0,1.0,28.0,0.1,0.1,0.4,3.0,3386.0,294.0,132.0,0.050797401063201415
40.0,1.0,29.0,0.1,0.1,0.4,3.0,3096.0,278.0,121.0,0.053617571059431525
40.0,1.0,30.0,0.1,0.1,0.4,3.0,2887.0,275.0,114.0,0.05645999307239349
40.0,1.0,31.0,0.1,0.1,0.4,3.0,2688.0,261.0,112.0,0.058407738095238096
40.0,1.0,32.0,0.1,0.1,0.4,3.0,2469.0,243.0,113.0,0.061968408262454436
40.0,1.0,33.0,0.1,0.1,0.4,3.0,2321.0,229.0,112.0,0.06333476949590694
40.0,1.0,34.0,0.1,0.1,0.4,3.0,2103.0,209.0,111.0,0.06894912030432715
40.0,1.0,35.0,0.1,0.1,0.4,3.0,1942.0,201.0,99.0,0.07260556127703399
40.0,1.0,36.0,0.1,0.1,0.4,3.0,1791.0,186.0,86.0,0.07593523171412618
40.0,1.0,37.0,0.1,0.1,0.4,3.0,1750.0,179.0,82.0,0.07771428571428571
40.0,1.0,38.0,0.1,0.1,0.4,3.0,1663.0,179.0,82.0,0.079374624173181
40.0,1.0,39.0,0.1,0.1,0.4,3.0,1521.0,176.0,79.0,0.08284023668639054
40.0,1.0,40.0,0.1,0.1,0.4,3.0,1402.0,146.0,80.0,0.0912981455064194
40.0,1.0,41.0,0.1,0.1,0.4,3.0,1367.0,154.0,75.0,0.09217264081931237
40.0,1.0,42.0,0.1,0.1,0.4,3.0,1283.0,134.0,75.0,0.09742790335151988
40.0,1.0,43.0,0.1,0.1,0.4,3.0,1265.0,139.0,65.0,0.09960474308300395
40.0,1.0,44.0,0.1,0.1,0.4,3.0,1196.0,136.0,73.0,0.10367892976588629
40.0,1.0,45.0,0.1,0.1,0.4,3.0,1157.0,132.0,68.0,0.17113223854796888
40.0,1.0,46.0,0.1,0.1,0.4,3.0,1071.0,120.0,63.0,0.17740429505135388
40.0,1.0,47.0,0.1,0.1,0.4,3.0,1043.0,100.0,54.0,0.18024928092042186
40.0,1.0,48.0,0.1,0.1,0.4,3.0,983.0,92.0,52.0,0.18413021363173956
40.0,1.0,49.0,0.1,0.1,0.4,3.0,949.0,91.0,51.0,0.18545837723919917
40.0,1.0,50.0,0.1,0.1,0.4,3.0,908.0,90.0,43.0,0.1894273127753304
40.0,1.0,51.0,0.1,0.1,0.4,3.0,878.0,74.0,34.0,0.19020501138952164
40.0,1.0,52.0,0.1,0.1,0.4,3.0,839.0,70.0,39.0,0.18951132300357568
40.0,2.0,1.0,0.1,0.1,0.4,3.0,824.0,70.0,43.0,0.19174757281553398
40.0,2.0,2.0,0.1,0.1,0.4,3.0,800.0,65.0,39.0,0.19375
40.0,2.0,3.0,0.1,0.1,0.4,3.0,784.0,48.0,30.0,0.1951530612244898
40.0,2.0,4.0,0.1,0.1,0.4,3.0,738.0,39.0,21.0,0.2018970189701897
40.0,2.0,5.0,0.1,0.1,0.4,3.0,727.0,39.0,22.0,0.20357634112792297
40.0,2.0,6.0,0.1,0.1,0.4,3.0,708.0,34.0,18.0,0.2062146892655367
40.0,2.0,7.0,0.1,0.1,0.4,3.0,703.0,31.0,17.0,0.20768136557610242
40.0,2.0,8.0,0.1,0.1,0.4,3.0,670.0,23.0,11.0,0.21044776119402986
40.0,2.0,9.0,0.1,0.1,0.4,3.0,670.0,19.0,13.0,0.208955223880597
40.0,2.0,10.0,0.1,0.1,0.4,3.0,653.0,16.0,13.0,0.20980091883614088
40.0,2.0,11.0,0.1,0.1,0.4,3.0,653.0,15.0,12.0,0.2082695252679939
40.0,2.0,12.0,0.1,0.1,0.4,3.0,634.0,10.0,7.0,0.21293375394321767
40.0,2.0,13.0,0.1,0.1,0.4,3.0,631.0,6.0,2.0,0.21394611727416799
40.0,2.0,14.0,0.1,0.1,0.4,3.0,620.0,5.0,2.0,0.21451612903225806
40.0,2.0,15.0,0.1,0.1,0.4,3.0,622.0,5.0,2.0,0.21382636655948553
40.0,2.0,16.0,0.1,0.1,0.4,3.0,613.0,5.0,2.0,0.2137030995106036
40.0,2.0,17.0,0.1,0.1,0.4,3.0,614.0,3.0,2.0,0.21335504885993486
40.0,2.0,18.0,0.1,0.1,0.4,3.0,602.0,3.0,3.0,0.20930232558139536
40.0,2.0,19.0,0.1,0.1,0.4,3.0,601.0,2.0,2.0,0.2096505823627288
40.0,2.0,20.0,0.1,0.1,0.4,3.0,1048.0,0.0,0.0,0.1183206106870229
40.0,2.0,21.0,0.1,0.1,0.4,3.0,1016.0,0.0,0.0,0.12106299212598425
40.0,2.0,22.0,0.1,0.1,0.4,3.0,945.0,0.0,0.0,0.12486772486772486
40.0,2.0,23.0,0.1,0.1,0.4,3.0,936.0,0.0,0.0,0.12606837606837606
40.0,2.0,24.0,0.1,0.1,0.4,3.0,893.0,0.0,0.0,0.12877939529675253
40.0,2.0,25.0,0.1,0.1,0.4,3.0,896.0,0.0,0.0,0.13058035714285715
40.0,2.0,26.0,0.1,0.1,0.4,3.0,857.0,0.0,0.0,0.1295215869311552
40.0,2.0,27.0,0.1,0.1,0.4,3.0,858.0,0.0,0.0,0.13053613053613053
40.0,2.0,28.0,0.1,0.1,0.4,3.0,789.0,0.0,0.0,0.12927756653992395
40.0,2.0,29.0,0.1,0.1,0.4,3.0,798.0,0.0,0.0,0.13032581453634084
40.0,2.0,30.0,0.1,0.1,0.4,3.0,738.0,0.0,0.0,0.13279132791327913
40.0,2.0,31.0,0.1,0.1,0.4,3.0,746.0,0.0,0.0,0.13270777479892762
40.0,2.0,32.0,0.1,0.1,0.4,3.0,670.0,0.0,0.0,0.14029850746268657
40.0,2.0,33.0,0.1,0.1,0.4,3.0,685.0,0.0,0.0,0.13722627737226278
40.0,2.0,34.0,0.1,0.1,0.4,3.0,652.0,0.0,0.0,0.1411042944785276
40.0,2.0,35.0,0.1,0.1,0.4,3.0,660.0,0.0,0.0,0.13636363636363635
40.0,2.0,36.0,0.1,0.1,0.4,3.0,625.0,0.0,0.0,0.1392
40.0,2.0,37.0,0.1,0.1,0.4,3.0,619.0,0.0,0.0,0.13893376413570274
40.0,2.0,38.0,0.1,0.1,0.4,3.0,579.0,0.0,0.0,0.13989637305699482
40.0,2.0,39.0,0.1,0.1,0.4,3.0,600.0,0.0,0.0,0.14
40.0,2.0,40.0,0.1,0.1,0.4,3.0,566.0,0.0,0.0,0.1413427561837456
40.0,2.0,41.0,0.1,0.1,0.4,3.0,583.0,0.0,0.0,0.13893653516295026
40.0,2.0,42.0,0.1,0.1,0.4,3.0,552.0,0.0,0.0,0.14130434782608695
40.0,2.0,43.0,0.1,0.1,0.4,3.0,570.0,0.0,0.0,0.14035087719298245
40.0,2.0,44.0,0.1,0.1,0.4,3.0,532.0,0.0,0.0,0.14661654135338345
40.0,2.0,45.0,0.1,0.1,0.4,3.0,544.0,0.0,0.0,0.19669117647058823
40.0,2.0,46.0,0.1,0.1,0.4,3.0,518.0,0.0,0.0,0.20270270270270271
40.0,2.0,47.0,0.1,0.1,0.4,3.0,529.0,0.0,0.0,0.19848771266540643
40.0,2.0,48.0,0.1,0.1,0.4,3.0,506.0,0.0,0.0,0.20553359683794467
40.0,2.0,49.0,0.1,0.1,0.4,3.0,498.0,0.0,0.0,0.20281124497991967
40.0,2.0,50.0,0.1,0.1,0.4,3.0,492.0,0.0,0.0,0.20121951219512196
40.0,2.0,51.0,0.1,0.1,0.4,3.0,494.0,0.0,0.0,0.19838056680161945
40.0,2.0,52.0,0.1,0.1,0.4,3.0,485.0,0.0,0.0,0.2
40.0,3.0,1.0,0.1,0.1,0.4,3.0,482.0,0.0,0.0,0.2012448132780083
40.0,3.0,2.0,0.1,0.1,0.4,3.0,468.0,0.0,0.0,0.20512820512820512
40.0,3.0,3.0,0.1,0.1,0.4,3.0,471.0,0.0,0.0,0.20169851380042464
40.0,3.0,4.0,0.1,0.1,0.4,3.0,462.0,0.0,0.0,0.20562770562770563
40.0,3.0,5.0,0.1,0.1,0.4,3.0,468.0,0.0,0.0,0.20085470085470086
40.0,3.0,6.0,0.1,0.1,0.4,3.0,457.0,0.0,0.0,0.20568927789934355
40.0,3.0,7.0,0.1,0.1,0.4,3.0,465.0,0.0,0.0,0.2
40.0,3.0,8.0,0.1,0.1,0.4,3.0,452.0,0.0,0.0,0.20353982300884957
40.0,3.0,9.0,0.1,0.1,0.4,3.0,461.0,0.0,0.0,0.19956616052060738
40.0,3.0,10.0,0.1,0.1,0.4,3.0,441.0,0.0,0.0,0.20634920634920634
40.0,3.0,11.0,0.1,0.1,0.4,3.0,444.0,0.0,0.0,0.20495495495495494
40.0,3.0,12.0,0.1,0.1,0.4,3.0,421.0,0.0,0.0,0.20902612826603326
40.0,3.0,13.0,0.1,0.1,0.4,3.0,428.0,0.0,0.0,0.205607476635514
40.0,3.0,14.0,0.1,0.1,0.4,3.0,419.0,0.0,0.0,0.2100238663484487
40.0,3.0,15.0,0.1,0.1,0.4,3.0,423.0,0.0,0.0,0.20803782505910165
40.0,3.0,16.0,0.1,0.1,0.4,3.0,414.0,0.0,0.0,0.21014492753623187
40.0,3.0,17.0,0.1,0.1,0.4,3.0,418.0,0.0,0.0,0.20813397129186603
40.0,3.0,18.0,0.1,0.1,0.4,3.0,407.0,0.0,0.0,0.20884520884520885
40.0,3.0,19.0,0.1,0.1,0.4,3.0,410.0,0.0,0.0,0.2048780487804878
40.0,3.0,20.0,0.1,0.1,0.4,3.0,786.0,0.0,0.0,0.10687022900763359
40.0,3.0,21.0,0.1,0.1,0.4,3.0,757.0,0.0,0.0,0.1096433289299868
40.0,3.0,22.0,0.1,0.1,0.4,3.0,733.0,0.0,0.0,0.11186903137789904
40.0,3.0,23.0,0.1,0.1,0.4,3.0,710.0,0.0,0.0,0.11549295774647887
40.0,3.0,24.0,0.1,0.1,0.4,3.0,712.0,0.0,0.0,0.1151685393258427
40.0,3.0,25.0,0.1,0.1,0.4,3.0,678.0,0.0,0.0,0.11504424778761062
40.0,3.0,26.0,0.1,0.1,0.4,3.0,680.0,0.0,0.0,0.11470588235294117
40.0,3.0,27.0,0.1,0.1,0.4,3.0,641.0,0.0,0.0,0.11700468018720749
40.0,3.0,28.0,0.1,0.1,0.4,3.0,628.0,0.0,0.0,0.11624203821656051
40.0,3.0,29.0,0.1,0.1,0.4,3.0,608.0,0.0,0.0,0.12006578947368421
40.0,3.0,30.0,0.1,0.1,0.4,3.0,610.0,0.0,0.0,0.11967213114754098
40.0,3.0,31.0,0.1,0.1,0.4,3.0,590.0,0.0,0.0,0.12033898305084746
40.0,3.0,32.0,0.1,0.1,0.4,3.0,601.0,0.0,0.0,0.11980033277870217
40.0,3.0,33.0,0.1,0.1,0.4,3.0,566.0,0.0,0.0,0.12190812720848057
40.0,3.0,34.0,0.1,0.1,0.4,3.0,585.0,0.0,0.0,0.11965811965811966
40.0,3.0,35.0,0.1,0.1,0.4,3.0,539.0,0.0,0.0,0.1261595547309833
40.0,3.0,36.0,0.1,0.1,0.4,3.0,534.0,0.0,0.0,0.12734082397003746
40.0,3.0,37.0,0.1,0.1,0.4,3.0,523.0,0.0,0.0,0.13001912045889102
40.0,3.0,38.0,0.1,0.1,0.4,3.0,526.0,0.0,0.0,0.12737642585551331
40.0,3.0,39.0,0.1,0.1,0.4,3.0,507.0,0.0,0.0,0.1282051282051282
40.0,3.0,40.0,0.1,0.1,0.4,3.0,490.0,0.0,0.0,0.12857142857142856
40.0,3.0,41.0,0.1,0.1,0.4,3.0,479.0,0.0,0.0,0.12734864300626306
40.0,3.0,42.0,0.1,0.1,0.4,3.0,480.0,0.0,0.0,0.12708333333333333
40.0,3.0,43.0,0.1,0.1,0.4,3.0,471.0,0.0,0.0,0.1316348195329087
40.0,3.0,44.0,0.1,0.1,0.4,3.0,460.0,0.0,0.0,0.13260869565217392
40.0,3.0,45.0,0.1,0.1,0.4,3.0,452.0,0.0,0.0,0.19469026548672566
40.0,3.0,46.0,0.1,0.1,0.4,3.0,438.0,0.0,0.0,0.1917808219178082
40.0,3.0,47.0,0.1,0.1,0.4,3.0,424.0,0.0,0.0,0.1957547169811321
40.0,3.0,48.0,0.1,0.1,0.4,3.0,423.0,0.0,0.0,0.1938534278959811
40.0,3.0,49.0,0.1,0.1,0.4,3.0,421.0,0.0,0.0,0.19239904988123516
40.0,3.0,50.0,0.1,0.1,0.4,3.0,412.0,0.0,0.0,0.18689320388349515
40.0,3.0,51.0,0.1,0.1,0.4,3.0,414.0,0.0,0.0,0.18840579710144928
40.0,3.0,52.0,0.1,0.1,0.4,3.0,411.0,0.0,0.0,0.1922141119221411
40.0,4.0,1.0,0.1,0.1,0.4,3.0,412.0,0.0,0.0,0.19174757281553398
40.0,4.0,2.0,0.1,0.1,0.4,3.0,409.0,0.0,0.0,0.19070904645476772
40.0,4.0,3.0,0.1,0.1,0.4,3.0,409.0,0.0,0.0,0.19315403422982885
40.0,4.0,4.0,0.1,0.1,0.4,3.0,405.0,0.0,0.0,0.1925925925925926
40.0,4.0,5.0,0.1,0.1,0.4,3.0,405.0,0.0,0.0,0.1925925925925926
40.0,4.0,6.0,0.1,0.1,0.4,3.0,401.0,0.0,0.0,0.19201995012468828
40.0,4.0,7.0,0.1,0.1,0.4,3.0,400.0,0.0,0.0,0.195
40.0,4.0,8.0,0.1,0.1,0.4,3.0,386.0,0.0,0.0,0.19170984455958548
40.0,4.0,9.0,0.1,0.1,0.4,3.0,385.0,0.0,0.0,0.19220779220779222
40.0,4.0,10.0,0.1,0.1,0.4,3.0,382.0,0.0,0.0,0.18848167539267016
40.0,4.0,11.0,0.1,0.1,0.4,3.0,381.0,0.0,0.0,0.1889763779527559
40.0,4.0,12.0,0.1,0.1,0.4,3.0,379.0,0.0,0.0,0.1820580474934037
40.0,4.0,13.0,0.1,0.1,0.4,3.0,378.0,0.0,0.0,0.18518518518518517
40.0,4.0,14.0,0.1,0.1,0.4,3.0,375.0,0.0,0.0,0.18133333333333335
40.0,4.0,15.0,0.1,0.1,0.4,3.0,376.0,0.0,0.0,0.18085106382978725
40.0,4.0,16.0,0.1,0.1,0.4,3.0,376.0,0.0,0.0,0.18085106382978725
40.0,4.0,17.0,0.1,0.1,0.4,3.0,369.0,0.0,0.0,0.18157181571815717
40.0,4.0,18.0,0.1,0.1,0.4,3.0,366.0,0.0,0.0,0.18032786885245902
40.0,4.0,19.0,0.1,0.1,0.4,3.0,368.0,0.0,0.0,0.18206521739130435
40.0,4.0,20.0,0.1,0.1,0.4,3.0,620.0,0.0,0.0,0.1064516129032258
40.0,4.0,21.0,0.1,0.1,0.4,3.0,611.0,0.0,0.0,0.10965630114566285
40.0,4.0,22.0,0.1,0.1,0.4,3.0,599.0,0.0,0.0,0.10851419031719532
40.0,4.0,23.0,0.1,0.1,0.4,3.0,598.0,0.0,0.0,0.11036789297658862
40.0,4.0,24.0,0.1,0.1,0.4,3.0,554.0,0.0,0.0,0.10830324909747292
40.0,4.0,25.0,0.1,0.1,0.4,3.0,549.0,0.0,0.0,0.1111111111111111
40.0,4.0,26.0,0.1,0.1,0.4,3.0,522.0,0.0,0.0,0.11302681992337164
40.0,4.0,27.0,0.1,0.1,0.4,3.0,497.0,0.0,0.0,0.1227364185110664
40.0,4.0,28.0,0.1,0.1,0.4,3.0,496.0,0.0,0.0,0.11895161290322581
40.0,4.0,29.0,0.1,0.1,0.4,3.0,479.0,0.0,0.0,0.12526096033402923
40.0,4.0,30.0,0.1,0.1,0.4,3.0,462.0,0.0,0.0,0.12554112554112554
40.0,4.0,31.0,0.1,0.1,0.4,3.0,458.0,0.0,0.0,0.12663755458515283
40.0,4.0,32.0,0.1,0.1,0.4,3.0,455.0,0.0,0.0,0.12747252747252746
40.0,4.0,33.0,0.1,0.1,0.4,3.0,453.0,0.0,0.0,0.1280353200883002
40.0,4.0,34.0,0.1,0.1,0.4,3.0,442.0,0.0,0.0,0.12669683257918551
40.0,4.0,35.0,0.1,0.1,0.4,3.0,443.0,0.0,0.0,0.12641083521444696
40.0,4.0,36.0,0.1,0.1,0.4,3.0,429.0,0.0,0.0,0.1258741258741259
40.0,4.0,37.0,0.1,0.1,0.4,3.0,428.0,0.0,0.0,0.1261682242990654
40.0,4.0,38.0,0.1,0.1,0.4,3.0,416.0,0.0,0.0,0.12740384615384615
40.0,4.0,39.0,0.1,0.1,0.4,3.0,403.0,0.0,0.0,0.12903225806451613
40.0,4.0,40.0,0.1,0.1,0.4,3.0,386.0,0.0,0.0,0.13212435233160622
40.0,4.0,41.0,0.1,0.1,0.4,3.0,389.0,0.0,0.0,0.13110539845758354
40.0,4.0,42.0,0.1,0.1,0.4,3.0,381.0,0.0,0.0,0.13385826771653545
40.0,4.0,43.0,0.1,0.1,0.4,3.0,386.0,0.0,0.0,0.13212435233160622
40.0,4.0,44.0,0.1,0.1,0.4,3.0,375.0,0.0,0.0,0.128
40.0,4.0,45.0,0.1,0.1,0.4,3.0,362.0,0.0,0.0,0.20994475138121546
40.0,4.0,46.0,0.1,0.1,0.4,3.0,358.0,0.0,0.0,0.20670391061452514
40.0,4.0,47.0,0.1,0.1,0.4,3.0,358.0,0.0,0.0,0.20670391061452514
40.0,4.0,48.0,0.1,0.1,0.4,3.0,353.0,0.0,0.0,0.20679886685552407
40.0,4.0,49.0,0.1,0.1,0.4,3.0,356.0,0.0,0.0,0.2050561797752809
40.0,4.0,50.0,0.1,0.1,0.4,3.0,344.0,0.0,0.0,0.2005813953488372
40.0,4.0,51.0,0.1,0.1,0.4,3.0,353.0,0.0,0.0,0.20396600566572237
40.0,4.0,52.0,0.1,0.1,0.4,3.0,340.0,0.0,0.0,0.2
40.0,5.0,1.0,0.1,0.1,0.4,3.0,348.0,0.0,0.0,0.20402298850574713
40.0,5.0,2.0,0.1,0.1,0.4,3.0,327.0,0.0,0.0,0.2018348623853211
40.0,5.0,3.0,0.1,0.1,0.4,3.0,328.0,0.0,0.0,0.20121951219512196
40.0,5.0,4.0,0.1,0.1,0.4,3.0,318.0,0.0,0.0,0.19811320754716982
40.0,5.0,5.0,0.1,0.1,0.4,3.0,323.0,0.0,0.0,0.19504643962848298
40.0,5.0,6.0,0.1,0.1,0.4,3.0,308.0,0.0,0.0,0.19155844155844157
40.0,5.0,7.0,0.1,0.1,0.4,3.0,317.0,0.0,0.0,0.19242902208201892
40.0,5.0,8.0,0.1,0.1,0.4,3.0,305.0,0.0,0.0,0.19344262295081968
40.0,5.0,9.0,0.1,0.1,0.4,3.0,315.0,0.0,0.0,0.19365079365079366
40.0,5.0,10.0,0.1,0.1,0.4,3.0,305.0,0.0,0.0,0.19344262295081968
40.0,5.0,11.0,0.1,0.1,0.4,3.0,313.0,0.0,0.0,0.19169329073482427
40.0,5.0,12.0,0.1,0.1,0.4,3.0,304.0,0.0,0.0,0.19078947368421054
40.0,5.0,13.0,0.1,0.1,0.4,3.0,309.0,0.0,0.0,0.19093851132686085
40.0,5.0,14.0,0.1,0.1,0.4,3.0,303.0,0.0,0.0,0.19141914191419143
40.0,5.0,15.0,0.1,0.1,0.4,3.0,305.0,0.0,0.0,0.1901639344262295
40.0,5.0,16.0,0.1,0.1,0.4,3.0,297.0,0.0,0.0,0.19528619528619529
40.0,5.0,17.0,0.1,0.1,0.4,3.0,304.0,0.0,0.0,0.19407894736842105
40.0,5.0,18.0,0.1,0.1,0.4,3.0,296.0,0.0,0.0,0.19594594594594594
40.0,5.0,19.0,0.1,0.1,0.4,3.0,301.0,0.0,0.0,0.19269102990033224
40.0,5.0,20.0,0.1,0.1,0.4,3.0,574.0,0.0,0.0,0.09930313588850175
40.0,5.0,21.0,0.1,0.1,0.4,3.0,582.0,0.0,0.0,0.09965635738831616
40.0,5.0,22.0,0.1,0.1,0.4,3.0,522.0,0.0,0.0,0.09961685823754789
40.0,5.0,23.0,0.1,0.1,0.4,3.0,524.0,0.0,0.0,0.09923664122137404
40.0,5.0,24.0,0.1,0.1,0.4,3.0,514.0,0.0,0.0,0.09922178988326848
40.0,5.0,25.0,0.1,0.1,0.4,3.0,524.0,0.0,0.0,0.09923664122137404
40.0,5.0,26.0,0.1,0.1,0.4,3.0,497.0,0.0,0.0,0.10261569416498995
40.0,5.0,27.0,0.1,0.1,0.4,3.0,472.0,0.0,0.0,0.10805084745762712
40.0,5.0,28.0,0.1,0.1,0.4,3.0,460.0,0.0,0.0,0.10869565217391304
40.0,5.0,29.0,0.1,0.1,0.4,3.0,449.0,0.0,0.0,0.1091314031180401
40.0,5.0,30.0,0.1,0.1,0.4,3.0,433.0,0.0,0.0,0.10854503464203233
40.0,5.0,31.0,0.1,0.1,0.4,3.0,400.0,0.0,0.0,0.1125
40.0,5.0,32.0,0.1,0.1,0.4,3.0,377.0,0.0,0.0,0.11671087533156499
40.0,5.0,33.0,0.1,0.1,0.4,3.0,371.0,0.0,0.0,0.11859838274932614
40.0,5.0,34.0,0.1,0.1,0.4,3.0,372.0,0.0,0.0,0.12096774193548387
40.0,5.0,35.0,0.1,0.1,0.4,3.0,368.0,0.0,0.0,0.11956521739130435
40.0,5.0,36.0,0.1,0.1,0.4,3.0,361.0,0.0,0.0,0.11911357340720222
40.0,5.0,37.0,0.1,0.1,0.4,3.0,349.0,0.0,0.0,0.11461318051575932
40.0,5.0,38.0,0.1,0.1,0.4,3.0,345.0,0.0,0.0,0.11594202898550725
40.0,5.0,39.0,0.1,0.1,0.4,3.0,354.0,0.0,0.0,0.11299435028248588
40.0,5.0,40.0,0.1,0.1,0.4,3.0,335.0,0.0,0.0,0.11940298507462686
40.0,5.0,41.0,0.1,0.1,0.4,3.0,314.0,0.0,0.0,0.12420382165605096
40.0,5.0,42.0,0.1,0.1,0.4,3.0,293.0,0.0,0.0,0.13310580204778158
40.0,5.0,43.0,0.1,0.1,0.4,3.0,300.0,0.0,0.0,0.12666666666666668
40.0,5.0,44.0,0.1,0.1,0.4,3.0,289.0,0.0,0.0,0.12802768166089964
40.0,5.0,45.0,0.1,0.1,0.4,3.0,298.0,0.0,0.0,0.20469798657718122
40.0,5.0,46.0,0.1,0.1,0.4,3.0,288.0,0.0,0.0,0.19791666666666666
40.0,5.0,47.0,0.1,0.1,0.4,3.0,284.0,0.0,0.0,0.20774647887323944
40.0,5.0,48.0,0.1,0.1,0.4,3.0,274.0,0.0,0.0,0.20072992700729927
40.0,5.0,49.0,0.1,0.1,0.4,3.0,282.0,0.0,0.0,0.20212765957446807
40.0,5.0,50.0,0.1,0.1,0.4,3.0,273.0,0.0,0.0,0.20146520146520147
40.0,5.0,51.0,0.1,0.1,0.4,3.0,280.0,0.0,0.0,0.20357142857142857
40.0,5.0,52.0,0.1,0.1,0.4,3.0,273.0,0.0,0.0,0.20146520146520147
40.0,6.0,1.0,0.1,0.1,0.4,3.0,276.0,0.0,0.0,0.2028985507246377
40.0,6.0,2.0,0.1,0.1,0.4,3.0,261.0,0.0,0.0,0.19923371647509577
40.0,6.0,3.0,0.1,0.1,0.4,3.0,264.0,0.0,0.0,0.20454545454545456
40.0,6.0,4.0,0.1,0.1,0.4,3.0,260.0,0.0,0.0,0.2
40.0,6.0,5.0,0.1,0.1,0.4,3.0,263.0,0.0,0.0,0.20532319391634982
40.0,6.0,6.0,0.1,0.1,0.4,3.0,254.0,0.0,0.0,0.2047244094488189
40.0,6.0,7.0,0.1,0.1,0.4,3.0,254.0,0.0,0.0,0.2125984251968504
40.0,6.0,8.0,0.1,0.1,0.4,3.0,243.0,0.0,0.0,0.205761316872428
40.0,6.0,9.0,0.1,0.1,0.4,3.0,251.0,0.0,0.0,0.20318725099601595
40.0,6.0,10.0,0.1,0.1,0.4,3.0,241.0,0.0,0.0,0.2033195020746888
40.0,6.0,11.0,0.1,0.1,0.4,3.0,250.0,0.0,0.0,0.204
40.0,6.0,12.0,0.1,0.1,0.4,3.0,238.0,0.0,0.0,0.20168067226890757
40.0,6.0,13.0,0.1,0.1,0.4,3.0,237.0,0.0,0.0,0.20253164556962025
40.0,6.0,14.0,0.1,0.1,0.4,3.0,229.0,0.0,0.0,0.1965065502183406
40.0,6.0,15.0,0.1,0.1,0.4,3.0,230.0,0.0,0.0,0.20434782608695654
40.0,6.0,16.0,0.1,0.1,0.4,3.0,225.0,0.0,0.0,0.2
40.0,6.0,17.0,0.1,0.1,0.4,3.0,232.0,0.0,0.0,0.2025862068965517
40.0,6.0,18.0,0.1,0.1,0.4,3.0,224.0,0.0,0.0,0.20089285714285715
40.0,6.0,19.0,0.1,0.1,0.4,3.0,229.0,0.0,0.0,0.20087336244541484
40.0,6.0,20.0,0.1,0.1,0.4,3.0,451.0,0.0,0.0,0.09977827050997783
40.0,6.0,21.0,0.1,0.1,0.4,3.0,460.0,0.0,0.0,0.09782608695652174
40.0,6.0,22.0,0.1,0.1,0.4,3.0,430.0,0.0,0.0,0.10232558139534884
40.0,6.0,23.0,0.1,0.1,0.4,3.0,434.0,0.0,0.0,0.09907834101382489
40.0,6.0,24.0,0.1,0.1,0.4,3.0,424.0,0.0,0.0,0.10377358490566038
40.0,6.0,25.0,0.1,0.1,0.4,3.0,404.0,0.0,0.0,0.10396039603960396
40.0,6.0,26.0,0.1,0.1,0.4,3.0,400.0,0.0,0.0,0.1075
40.0,6.0,27.0,0.1,0.1,0.4,3.0,403.0,0.0,0.0,0.10421836228287841
40.0,6.0,28.0,0.1,0.1,0.4,3.0,389.0,0.0,0.0,0.11053984575835475
40.0,6.0,29.0,0.1,0.1,0.4,3.0,390.0,0.0,0.0,0.1076923076923077
40.0,6.0,30.0,0.1,0.1,0.4,3.0,387.0,0.0,0.0,0.1111111111111111
40.0,6.0,31.0,0.1,0.1,0.4,3.0,388.0,0.0,0.0,0.1056701030927835
40.0,6.0,32.0,0.1,0.1,0.4,3.0,363.0,0.0,0.0,0.11570247933884298
40.0,6.0,33.0,0.1,0.1,0.4,3.0,361.0,0.0,0.0,0.11357340720221606
40.0,6.0,34.0,0.1,0.1,0.4,3.0,351.0,0.0,0.0,0.11965811965811966
40.0,6.0,35.0,0.1,0.1,0.4,3.0,360.0,0.0,0.0,0.11388888888888889
40.0,6.0,36.0,0.1,0.1,0.4,3.0,351.0,0.0,0.0,0.11965811965811966
40.0,6.0,37.0,0.1,0.1,0.4,3.0,340.0,0.0,0.0,0.11764705882352941
40.0,6.0,38.0,0.1,0.1,0.4,3.0,339.0,0.0,0.0,0.12389380530973451
40.0,6.0,39.0,0.1,0.1,0.4,3.0,314.0,0.0,0.0,0.12738853503184713
40.0,6.0,40.0,0.1,0.1,0.4,3.0,312.0,0.0,0.0,0.1282051282051282
40.0,6.0,41.0,0.1,0.1,0.4,3.0,311.0,0.0,0.0,0.12861736334405144
40.0,6.0,42.0,0.1,0.1,0.4,3.0,309.0,0.0,0.0,0.1262135922330097
40.0,6.0,43.0,0.1,0.1,0.4,3.0,310.0,0.0,0.0,0.12580645161290321
40.0,6.0,44.0,0.1,0.1,0.4,3.0,295.0,0.0,0.0,0.1288135593220339
40.0,6.0,45.0,0.1,0.1,0.4,3.0,297.0,0.0,0.0,0.18855218855218855
40.0,6.0,46.0,0.1,0.1,0.4,3.0,293.0,0.0,0.0,0.19112627986348124
40.0,6.0,47.0,0.1,0.1,0.4,3.0,295.0,0.0,0.0,0.18983050847457628
40.0,6.0,48.0,0.1,0.1,0.4,3.0,293.0,0.0,0.0,0.19112627986348124
40.0,6.0,49.0,0.1,0.1,0.4,3.0,294.0,0.0,0.0,0.19047619047619047
40.0,6.0,50.0,0.1,0.1,0.4,3.0,290.0,0.0,0.0,0.1896551724137931
40.0,6.0,51.0,0.1,0.1,0.4,3.0,293.0,0.0,0.0,0.19112627986348124
40.0,6.0,52.0,0.1,0.1,0.4,3.0,283.0,0.0,0.0,0.19081272084805653
40.0,7.0,1.0,0.1,0.1,0.4,3.0,283.0,0.0,0.0,0.19081272084805653
40.0,7.0,2.0,0.1,0.1,0.4,3.0,280.0,0.0,0.0,0.18928571428571428
40.0,7.0,3.0,0.1,0.1,0.4,3.0,281.0,0.0,0.0,0.18861209964412812
40.0,7.0,4.0,0.1,0.1,0.4,3.0,277.0,0.0,0.0,0.18772563176895307
40.0,7.0,5.0,0.1,0.1,0.4,3.0,279.0,0.0,0.0,0.1863799283154122
40.0,7.0,6.0,0.1,0.1,0.4,3.0,277.0,0.0,0.0,0.18772563176895307
40.0,7.0,7.0,0.1,0.1,0.4,3.0,280.0,0.0,0.0,0.18928571428571428
40.0,7.0,8.0,0.1,0.1,0.4,3.0,276.0,0.0,0.0,0.18840579710144928
40.0,7.0,9.0,0.1,0.1,0.4,3.0,280.0,0.0,0.0,0.18928571428571428
40.0,7.0,10.0,0.1,0.1,0.4,3.0,276.0,0.0,0.0,0.18840579710144928
40.0,7.0,11.0,0.1,0.1,0.4,3.0,280.0,0.0,0.0,0.18928571428571428
40.0,7.0,12.0,0.1,0.1,0.4,3.0,276.0,0.0,0.0,0.18840579710144928
40.0,7.0,13.0,0.1,0.1,0.4,3.0,278.0,0.0,0.0,0.1906474820143885
40.0,7.0,14.0,0.1,0.1,0.4,3.0,275.0,0.0,0.0,0.1890909090909091
40.0,7.0,15.0,0.1,0.1,0.4,3.0,278.0,0.0,0.0,0.1906474820143885
40.0,7.0,16.0,0.1,0.1,0.4,3.0,275.0,0.0,0.0,0.1890909090909091
40.0,7.0,17.0,0.1,0.1,0.4,3.0,278.0,0.0,0.0,0.1906474820143885
40.0,7.0,18.0,0.1,0.1,0.4,3.0,275.0,0.0,0.0,0.1890909090909091
40.0,7.0,19.0,0.1,0.1,0.4,3.0,277.0,0.0,0.0,0.19133574007220217
40.0,7.0,20.0,0.1,0.1,0.4,3.0,528.0,0.0,0.0,0.09848484848484848
40.0,7.0,21.0,0.1,0.1,0.4,3.0,520.0,0.0,0.0,0.10192307692307692
40.0,7.0,22.0,0.1,0.1,0.4,3.0,474.0,0.0,0.0,0.10337552742616034
40.0,7.0,23.0,0.1,0.1,0.4,3.0,471.0,0.0,0.0,0.1040339702760085
40.0,7.0,24.0,0.1,0.1,0.4,3.0,421.0,0.0,0.0,0.11163895486935867
40.0,7.0,25.0,0.1,0.1,0.4,3.0,419.0,0.0,0.0,0.11455847255369929
40.0,7.0,26.0,0.1,0.1,0.4,3.0,385.0,0.0,0.0,0.11948051948051948
40.0,7.0,27.0,0.1,0.1,0.4,3.0,370.0,0.0,0.0,0.12162162162162163
40.0,7.0,28.0,0.1,0.1,0.4,3.0,357.0,0.0,0.0,0.12324929971988796
40.0,7.0,29.0,0.1,0.1,0.4,3.0,353.0,0.0,0.0,0.1274787535410765
40.0,7.0,30.0,0.1,0.1,0.4,3.0,340.0,0.0,0.0,0.1264705882352941
40.0,7.0,31.0,0.1,0.1,0.4,3.0,352.0,0.0,0.0,0.125
40.0,7.0,32.0,0.1,0.1,0.4,3.0,345.0,0.0,0.0,0.1246376811594203
40.0,7.0,33.0,0.1,0.1,0.4,3.0,351.0,0.0,0.0,0.1225071225071225
40.0,7.0,34.0,0.1,0.1,0.4,3.0,337.0,0.0,0.0,0.12462908011869436
40.0,7.0,35.0,0.1,0.1,0.4,3.0,330.0,0.0,0.0,0.12727272727272726
40.0,7.0,36.0,0.1,0.1,0.4,3.0,317.0,0.0,0.0,0.12933753943217666
40.0,7.0,37.0,0.1,0.1,0.4,3.0,330.0,0.0,0.0,0.12727272727272726
40.0,7.0,38.0,0.1,0.1,0.4,3.0,312.0,0.0,0.0,0.1282051282051282
40.0,7.0,39.0,0.1,0.1,0.4,3.0,317.0,0.0,0.0,0.12618296529968454
40.0,7.0,40.0,0.1,0.1,0.4,3.0,310.0,0.0,0.0,0.12903225806451613
40.0,7.0,41.0,0.1,0.1,0.4,3.0,314.0,0.0,0.0,0.12738853503184713
40.0,7.0,42.0,0.1,0.1,0.4,3.0,303.0,0.0,0.0,0.132013201320132
40.0,7.0,43.0,0.1,0.1,0.4,3.0,313.0,0.0,0.0,0.12460063897763578
40.0,7.0,44.0,0.1,0.1,0.4,3.0,302.0,0.0,0.0,0.1291390728476821
40.0,7.0,45.0,0.1,0.1,0.4,3.0,305.0,0.0,0.0,0.19672131147540983
40.0,7.0,46.0,0.1,0.1,0.4,3.0,294.0,0.0,0.0,0.19727891156462585
40.0,7.0,47.0,0.1,0.1,0.4,3.0,304.0,0.0,0.0,0.19407894736842105
40.0,7.0,48.0,0.1,0.1,0.4,3.0,294.0,0.0,0.0,0.19727891156462585
40.0,7.0,49.0,0.1,0.1,0.4,3.0,298.0,0.0,0.0,0.1912751677852349
40.0,7.0,50.0,0.1,0.1,0.4,3.0,293.0,0.0,0.0,0.19795221843003413
40.0,7.0,51.0,0.1,0.1,0.4,3.0,296.0,0.0,0.0,0.19594594594594594
40.0,7.0,52.0,0.1,0.1,0.4,3.0,290.0,0.0,0.0,0.19655172413793104
40.0,8.0,1.0,0.1,0.1,0.4,3.0,293.0,0.0,0.0,0.1945392491467577
40.0,8.0,2.0,0.1,0.1,0.4,3.0,290.0,0.0,0.0,0.19655172413793104
40.0,8.0,3.0,0.1,0.1,0.4,3.0,293.0,0.0,0.0,0.1945392491467577
40.0,8.0,4.0,0.1,0.1,0.4,3.0,287.0,0.0,0.0,0.1986062717770035
40.0,8.0,5.0,0.1,0.1,0.4,3.0,287.0,0.0,0.0,0.1916376306620209
40.0,8.0,6.0,0.1,0.1,0.4,3.0,284.0,0.0,0.0,0.19718309859154928
40.0,8.0,7.0,0.1,0.1,0.4,3.0,286.0,0.0,0.0,0.19230769230769232
40.0,8.0,8.0,0.1,0.1,0.4,3.0,280.0,0.0,0.0,0.18928571428571428
40.0,8.0,9.0,0.1,0.1,0.4,3.0,280.0,0.0,0.0,0.18571428571428572
40.0,8.0,10.0,0.1,0.1,0.4,3.0,278.0,0.0,0.0,0.18705035971223022
40.0,8.0,11.0,0.1,0.1,0.4,3.0,278.0,0.0,0.0,0.18705035971223022
40.0,8.0,12.0,0.1,0.1,0.4,3.0,277.0,0.0,0.0,0.18772563176895307
40.0,8.0,13.0,0.1,0.1,0.4,3.0,277.0,0.0,0.0,0.18772563176895307
40.0,8.0,14.0,0.1,0.1,0.4,3.0,276.0,0.0,0.0,0.18840579710144928
40.0,8.0,15.0,0.1,0.1,0.4,3.0,277.0,0.0,0.0,0.18772563176895307
40.0,8.0,16.0,0.1,0.1,0.4,3.0,276.0,0.0,0.0,0.18840579710144928
40.0,8.0,17.0,0.1,0.1,0.4,3.0,270.0,0.0,0.0,0.1925925925925926
40.0,8.0,18.0,0.1,0.1,0.4,3.0,269.0,0.0,0.0,0.19330855018587362
40.0,8.0,19.0,0.1,0.1,0.4,3.0,270.0,0.0,0.0,0.1925925925925926
40.0,8.0,20.0,0.1,0.1,0.4,3.0,498.0,0.0,0.0,0.10441767068273092
40.0,8.0,21.0,0.1,0.1,0.4,3.0,459.0,0.0,0.0,0.10239651416122005
40.0,8.0,22.0,0.1,0.1,0.4,3.0,433.0,0.0,0.0,0.10854503464203233
40.0,8.0,23.0,0.1,0.1,0.4,3.0,417.0,0.0,0.0,0.11031175059952038
40.0,8.0,24.0,0.1,0.1,0.4,3.0,393.0,0.0,0.0,0.11195928753180662
40.0,8.0,25.0,0.1,0.1,0.4,3.0,394.0,0.0,0.0,0.1116751269035533
40.0,8.0,26.0,0.1,0.1,0.4,3.0,363.0,0.0,0.0,0.12121212121212122
40.0,8.0,27.0,0.1,0.1,0.4,3.0,369.0,0.0,0.0,0.11653116531165311
40.0,8.0,28.0,0.1,0.1,0.4,3.0,343.0,0.0,0.0,0.12536443148688048
40.0,8.0,29.0,0.1,0.1,0.4,3.0,358.0,0.0,0.0,0.12011173184357542
40.0,8.0,30.0,0.1,0.1,0.4,3.0,343.0,0.0,0.0,0.12536443148688048
40.0,8.0,31.0,0.1,0.1,0.4,3.0,350.0,0.0,0.0,0.12285714285714286
40.0,8.0,32.0,0.1,0.1,0.4,3.0,330.0,0.0,0.0,0.1303030303030303
40.0,8.0,33.0,0.1,0.1,0.4,3.0,346.0,0.0,0.0,0.12427745664739884
40.0,8.0,34.0,0.1,0.1,0.4,3.0,312.0,0.0,0.0,0.13782051282051283
40.0,8.0,35.0,0.1,0.1,0.4,3.0,329.0,0.0,0.0,0.13069908814589665
40.0,8.0,36.0,0.1,0.1,0.4,3.0,304.0,0.0,0.0,0.14144736842105263
40.0,8.0,37.0,0.1,0.1,0.4,3.0,320.0,0.0,0.0,0.134375
40.0,8.0,38.0,0.1,0.1,0.4,3.0,304.0,0.0,0.0,0.14144736842105263
40.0,8.0,39.0,0.1,0.1,0.4,3.0,320.0,0.0,0.0,0.134375
40.0,8.0,40.0,0.1,0.1,0.4,3.0,304.0,0.0,0.0,0.14144736842105263
40.0,8.0,41.0,0.1,0.1,0.4,3.0,287.0,0.0,0.0,0.14634146341463414
40.0,8.0,42.0,0.1,0.1,0.4,3.0,267.0,0.0,0.0,0.16104868913857678
40.0,8.0,43.0,0.1,0.1,0.4,3.0,276.0,0.0,0.0,0.14855072463768115
40.0,8.0,44.0,0.1,0.1,0.4,3.0,249.0,0.0,0.0,0.1646586345381526
40.0,8.0,45.0,0.1,0.1,0.4,3.0,267.0,0.0,0.0,0.23220973782771537
40.0,8.0,46.0,0.1,0.1,0.4,3.0,249.0,0.0,0.0,0.24096385542168675
40.0,8.0,47.0,0.1,0.1,0.4,3.0,264.0,0.0,0.0,0.23484848484848486
40.0,8.0,48.0,0.1,0.1,0.4,3.0,249.0,0.0,0.0,0.24096385542168675
40.0,8.0,49.0,0.1,0.1,0.4,3.0,255.0,0.0,0.0,0.23137254901960785
40.0,8.0,50.0,0.1,0.1,0.4,3.0,245.0,0.0,0.0,0.24081632653061225
40.0,8.0,51.0,0.1,0.1,0.4,3.0,252.0,0.0,0.0,0.23412698412698413
40.0,8.0,52.0,0.1,0.1,0.4,3.0,244.0,0.0,0.0,0.24180327868852458
40.0,9.0,1.0,0.1,0.1,0.4,3.0,249.0,0.0,0.0,0.23694779116465864
40.0,9.0,2.0,0.1,0.1,0.4,3.0,241.0,0.0,0.0,0.24066390041493776
40.0,9.0,3.0,0.1,0.1,0.4,3.0,248.0,0.0,0.0,0.23387096774193547
40.0,9.0,4.0,0.1,0.1,0.4,3.0,238.0,0.0,0.0,0.23949579831932774
40.0,9.0,5.0,0.1,0.1,0.4,3.0,245.0,0.0,0.0,0.23265306122448978
40.0,9.0,6.0,0.1,0.1,0.4,3.0,237.0,0.0,0.0,0.24050632911392406
40.0,9.0,7.0,0.1,0.1,0.4,3.0,244.0,0.0,0.0,0.2336065573770492
40.0,9.0,8.0,0.1,0.1,0.4,3.0,236.0,0.0,0.0,0.24152542372881355
40.0,9.0,9.0,0.1,0.1,0.4,3.0,243.0,0.0,0.0,0.2345679012345679
40.0,9.0,10.0,0.1,0.1,0.4,3.0,236.0,0.0,0.0,0.24152542372881355
40.0,9.0,11.0,0.1,0.1,0.4,3.0,242.0,0.0,0.0,0.23553719008264462
40.0,9.0,12.0,0.1,0.1,0.4,3.0,236.0,0.0,0.0,0.24152542372881355
40.0,9.0,13.0,0.1,0.1,0.4,3.0,242.0,0.0,0.0,0.23553719008264462
40.0,9.0,14.0,0.1,0.1,0.4,3.0,236.0,0.0,0.0,0.24152542372881355
40.0,9.0,15.0,0.1,0.1,0.4,3.0,241.0,0.0,0.0,0.23651452282157676
40.0,9.0,16.0,0.1,0.1,0.4,3.0,236.0,0.0,0.0,0.24152542372881355
40.0,9.0,17.0,0.1,0.1,0.4,3.0,241.0,0.0,0.0,0.23651452282157676
40.0,9.0,18.0,0.1,0.1,0.4,3.0,236.0,0.0,0.0,0.24152542372881355
40.0,9.0,19.0,0.1,0.1,0.4,3.0,242.0,0.0,0.0,0.23553719008264462
40.0,9.0,20.0,0.1,0.1,0.4,3.0,431.0,0.0,0.0,0.1136890951276102
40.0,9.0,21.0,0.1,0.1,0.4,3.0,438.0,0.0,0.0,0.1095890410958904
40.0,9.0,22.0,0.1,0.1,0.4,3.0,422.0,0.0,0.0,0.11137440758293839
40.0,9.0,23.0,0.1,0.1,0.4,3.0,412.0,0.0,0.0,0.11407766990291263
40.0,9.0,24.0,0.1,0.1,0.4,3.0,387.0,0.0,0.0,0.11369509043927649
40.0,9.0,25.0,0.1,0.1,0.4,3.0,386.0,0.0,0.0,0.11398963730569948
40.0,9.0,26.0,0.1,0.1,0.4,3.0,387.0,0.0,0.0,0.11369509043927649
40.0,9.0,27.0,0.1,0.1,0.4,3.0,383.0,0.0,0.0,0.1122715404699739
40.0,9.0,28.0,0.1,0.1,0.4,3.0,378.0,0.0,0.0,0.1164021164021164
40.0,9.0,29.0,0.1,0.1,0.4,3.0,377.0,0.0,0.0,0.11671087533156499
40.0,9.0,30.0,0.1,0.1,0.4,3.0,362.0,0.0,0.0,0.11878453038674033
40.0,9.0,31.0,0.1,0.1,0.4,3.0,353.0,0.0,0.0,0.12181303116147309
40.0,9.0,32.0,0.1,0.1,0.4,3.0,345.0,0.0,0.0,0.12173913043478261
40.0,9.0,33.0,0.1,0.1,0.4,3.0,340.0,0.0,0.0,0.12352941176470589
40.0,9.0,34.0,0.1,0.1,0.4,3.0,315.0,0.0,0.0,0.12380952380952381
40.0,9.0,35.0,0.1,0.1,0.4,3.0,311.0,0.0,0.0,0.12540192926045016
40.0,9.0,36.0,0.1,0.1,0.4,3.0,315.0,0.0,0.0,0.12380952380952381
40.0,9.0,37.0,0.1,0.1,0.4,3.0,305.0,0.0,0.0,0.12459016393442623
40.0,9.0,38.0,0.1,0.1,0.4,3.0,306.0,0.0,0.0,0.12418300653594772
40.0,9.0,39.0,0.1,0.1,0.4,3.0,301.0,0.0,0.0,0.12292358803986711
40.0,9.0,40.0,0.1,0.1,0.4,3.0,306.0,0.0,0.0,0.12418300653594772
40.0,9.0,41.0,0.1,0.1,0.4,3.0,290.0,0.0,0.0,0.12413793103448276
40.0,9.0,42.0,0.1,0.1,0.4,3.0,293.0,0.0,0.0,0.12627986348122866
40.0,9.0,43.0,0.1,0.1,0.4,3.0,288.0,0.0,0.0,0.125
40.0,9.0,44.0,0.1,0.1,0.4,3.0,284.0,0.0,0.0,0.1267605633802817
40.0,9.0,45.0,0.1,0.1,0.4,3.0,280.0,0.0,0.0,0.21071428571428572
40.0,9.0,46.0,0.1,0.1,0.4,3.0,284.0,0.0,0.0,0.2112676056338028
40.0,9.0,47.0,0.1,0.1,0.4,3.0,279.0,0.0,0.0,0.2114695340501792
40.0,9.0,48.0,0.1,0.1,0.4,3.0,284.0,0.0,0.0,0.2112676056338028
40.0,9.0,49.0,0.1,0.1,0.4,3.0,279.0,0.0,0.0,0.2114695340501792
40.0,9.0,50.0,0.1,0.1,0.4,3.0,272.0,0.0,0.0,0.20955882352941177
40.0,9.0,51.0,0.1,0.1,0.4,3.0,237.0,0.0,0.0,0.22784810126582278
40.0,9.0,52.0,0.1,0.1,0.4,3.0,243.0,0.0,0.0,0.22633744855967078
40.0,10.0,1.0,0.1,0.1,0.4,3.0,236.0,0.0,0.0,0.2288135593220339
40.0,10.0,2.0,0.1,0.1,0.4,3.0,243.0,0.0,0.0,0.22633744855967078
40.0,10.0,3.0,0.1,0.1,0.4,3.0,225.0,0.0,0.0,0.23555555555555555
40.0,10.0,4.0,0.1,0.1,0.4,3.0,233.0,0.0,0.0,0.2317596566523605
40.0,10.0,5.0,0.1,0.1,0.4,3.0,226.0,0.0,0.0,0.2345132743362832
40.0,10.0,6.0,0.1,0.1,0.4,3.0,231.0,0.0,0.0,0.23376623376623376
40.0,10.0,7.0,0.1,0.1,0.4,3.0,224.0,0.0,0.0,0.23660714285714285
40.0,10.0,8.0,0.1,0.1,0.4,3.0,228.0,0.0,0.0,0.23684210526315788
40.0,10.0,9.0,0.1,0.1,0.4,3.0,221.0,0.0,0.0,0.2398190045248869
40.0,10.0,10.0,0.1,0.1,0.4,3.0,226.0,0.0,0.0,0.23893805309734514
40.0,10.0,11.0,0.1,0.1,0.4,3.0,221.0,0.0,0.0,0.2398190045248869
40.0,10.0,12.0,0.1,0.1,0.4,3.0,229.0,0.0,0.0,0.23580786026200873
40.0,10.0,13.0,0.1,0.1,0.4,3.0,220.0,0.0,0.0,0.2409090909090909
40.0,10.0,14.0,0.1,0.1,0.4,3.0,228.0,0.0,0.0,0.23684210526315788
40.0,10.0,15.0,0.1,0.1,0.4,3.0,219.0,0.0,0.0,0.2374429223744292
40.0,10.0,16.0,0.1,0.1,0.4,3.0,228.0,0.0,0.0,0.2324561403508772
40.0,10.0,17.0,0.1,0.1,0.4,3.0,219.0,0.0,0.0,0.2374429223744292
40.0,10.0,18.0,0.1,0.1,0.4,3.0,228.0,0.0,0.0,0.2324561403508772
40.0,10.0,19.0,0.1,0.1,0.4,3.0,218.0,0.0,0.0,0.23853211009174313
40.0,10.0,20.0,0.1,0.1,0.4,3.0,407.0,0.0,0.0,0.12285012285012285
40.0,10.0,21.0,0.1,0.1,0.4,3.0,375.0,0.0,0.0,0.13333333333333333
40.0,10.0,22.0,0.1,0.1,0.4,3.0,370.0,0.0,0.0,0.12972972972972974
40.0,10.0,23.0,0.1,0.1,0.4,3.0,330.0,0.0,0.0,0.14242424242424243
40.0,10.0,24.0,0.1,0.1,0.4,3.0,353.0,0.0,0.0,0.13314447592067988
40.0,10.0,25.0,0.1,0.1,0.4,3.0,319.0,0.0,0.0,0.14733542319749215
40.0,10.0,26.0,0.1,0.1,0.4,3.0,337.0,0.0,0.0,0.1394658753709199
40.0,10.0,27.0,0.1,0.1,0.4,3.0,294.0,0.0,0.0,0.14965986394557823
40.0,10.0,28.0,0.1,0.1,0.4,3.0,295.0,0.0,0.0,0.1423728813559322
40.0,10.0,29.0,0.1,0.1,0.4,3.0,277.0,0.0,0.0,0.15162454873646208
40.0,10.0,30.0,0.1,0.1,0.4,3.0,267.0,0.0,0.0,0.15355805243445692
40.0,10.0,31.0,0.1,0.1,0.4,3.0,253.0,0.0,0.0,0.16205533596837945
40.0,10.0,32.0,0.1,0.1,0.4,3.0,251.0,0.0,0.0,0.1593625498007968
40.0,10.0,33.0,0.1,0.1,0.4,3.0,234.0,0.0,0.0,0.16666666666666666
40.0,10.0,34.0,0.1,0.1,0.4,3.0,250.0,0.0,0.0,0.156
40.0,10.0,35.0,0.1,0.1,0.4,3.0,234.0,0.0,0.0,0.16666666666666666
40.0,10.0,36.0,0.1,0.1,0.4,3.0,241.0,0.0,0.0,0.16182572614107885
40.0,10.0,37.0,0.1,0.1,0.4,3.0,225.0,0.0,0.0,0.17333333333333334
40.0,10.0,38.0,0.1,0.1,0.4,3.0,231.0,0.0,0.0,0.1645021645021645
40.0,10.0,39.0,0.1,0.1,0.4,3.0,217.0,0.0,0.0,0.17511520737327188
40.0,10.0,40.0,0.1,0.1,0.4,3.0,229.0,0.0,0.0,0.16593886462882096
40.0,10.0,41.0,0.1,0.1,0.4,3.0,216.0,0.0,0.0,0.1712962962962963
40.0,10.0,42.0,0.1,0.1,0.4,3.0,225.0,0.0,0.0,0.16444444444444445
40.0,10.0,43.0,0.1,0.1,0.4,3.0,213.0,0.0,0.0,0.17370892018779344
40.0,10.0,44.0,0.1,0.1,0.4,3.0,223.0,0.0,0.0,0.16591928251121077
40.0,10.0,45.0,0.1,0.1,0.4,3.0,214.0,0.0,0.0,0.22897196261682243
40.0,10.0,46.0,0.1,0.1,0.4,3.0,224.0,0.0,0.0,0.22321428571428573
40.0,10.0,47.0,0.1,0.1,0.4,3.0,213.0,0.0,0.0,0.2300469483568075
40.0,10.0,48.0,0.1,0.1,0.4,3.0,221.0,0.0,0.0,0.22624434389140272
40.0,10.0,49.0,0.1,0.1,0.4,3.0,213.0,0.0,0.0,0.2300469483568075
40.0,10.0,50.0,0.1,0.1,0.4,3.0,220.0,0.0,0.0,0.22727272727272727
40.0,10.0,51.0,0.1,0.1,0.4,3.0,212.0,0.0,0.0,0.23113207547169812
40.0,10.0,52.0,0.1,0.1,0.4,3.0,221.0,0.0,0.0,0.22624434389140272
41.0,1.0,1.0,0.1,0.1,0.4,3.0,4988.0,46.0,9.0,0.09101844426623898
41.0,1.0,2.0,0.1,0.1,0.4,3.0,4906.0,48.0,13.0,0.09009376273950265
41.0,1.0,3.0,0.1,0.1,0.4,3.0,4728.0,57.0,27.0,0.09369712351945854
41.0,1.0,4.0,0.1,0.1,0.4,3.0,4581.0,74.0,27.0,0.09233791748526522
41.0,1.0,5.0,0.1,0.1,0.4,3.0,4571.0,105.0,37.0,0.09494640122511486
41.0,1.0,6.0,0.1,0.1,0.4,3.0,4398.0,125.0,41.0,0.09527057753524329
41.0,1.0,7.0,0.1,0.1,0.4,3.0,4283.0,148.0,54.0,0.09782862479570395
41.0,1.0,8.0,0.1,0.1,0.4,3.0,4104.0,169.0,57.0,0.09697855750487329
41.0,1.0,9.0,0.1,0.1,0.4,3.0,3882.0,195.0,74.0,0.09994848016486348
41.0,1.0,10.0,0.1,0.1,0.4,3.0,3746.0,211.0,85.0,0.099038974906567
41.0,1.0,11.0,0.1,0.1,0.4,3.0,3628.0,265.0,116.0,0.10088202866593164
41.0,1.0,12.0,0.1,0.1,0.4,3.0,3470.0,270.0,109.0,0.10201729106628242
41.0,1.0,13.0,0.1,0.1,0.4,3.0,3262.0,277.0,109.0,0.10177805027590435
41.0,1.0,14.0,0.1,0.1,0.4,3.0,3091.0,265.0,118.0,0.10223228728566806
41.0,1.0,15.0,0.1,0.1,0.4,3.0,2935.0,280.0,125.0,0.10459965928449745
41.0,1.0,16.0,0.1,0.1,0.4,3.0,2866.0,279.0,134.0,0.10502442428471738
41.0,1.0,17.0,0.1,0.1,0.4,3.0,2737.0,277.0,121.0,0.10887833394227256
41.0,1.0,18.0,0.1,0.1,0.4,3.0,2640.0,263.0,136.0,0.11060606060606061
41.0,1.0,19.0,0.1,0.1,0.4,3.0,2533.0,245.0,128.0,0.11330438215554678
41.0,1.0,20.0,0.1,0.1,0.4,3.0,6864.0,225.0,115.0,0.04006410256410257
41.0,1.0,21.0,0.1,0.1,0.4,3.0,6168.0,332.0,93.0,0.04101815823605707
41.0,1.0,22.0,0.1,0.1,0.4,3.0,5608.0,331.0,93.0,0.04226105563480742
41.0,1.0,23.0,0.1,0.1,0.4,3.0,5224.0,400.0,136.0,0.04345329249617152
41.0,1.0,24.0,0.1,0.1,0.4,3.0,4679.0,436.0,160.0,0.043812780508655697
41.0,1.0,25.0,0.1,0.1,0.4,3.0,4288.0,450.0,178.0,0.04640858208955224
41.0,1.0,26.0,0.1,0.1,0.4,3.0,3858.0,423.0,169.0,0.045878693623639194
41.0,1.0,27.0,0.1,0.1,0.4,3.0,3488.0,427.0,166.0,0.047591743119266054
41.0,1.0,28.0,0.1,0.1,0.4,3.0,3261.0,463.0,177.0,0.048144740877031585
41.0,1.0,29.0,0.1,0.1,0.4,3.0,3003.0,432.0,184.0,0.05128205128205128
41.0,1.0,30.0,0.1,0.1,0.4,3.0,2770.0,397.0,183.0,0.05162454873646209
41.0,1.0,31.0,0.1,0.1,0.4,3.0,2487.0,402.0,200.0,0.054282267792521106
41.0,1.0,32.0,0.1,0.1,0.4,3.0,2259.0,352.0,176.0,0.05754758742806552
41.0,1.0,33.0,0.1,0.1,0.4,3.0,2059.0,317.0,148.0,0.06216610004856726
41.0,1.0,34.0,0.1,0.1,0.4,3.0,1933.0,295.0,137.0,0.06311433005690636
41.0,1.0,35.0,0.1,0.1,0.4,3.0,1719.0,265.0,118.0,0.06922629435718441
41.0,1.0,36.0,0.1,0.1,0.4,3.0,1621.0,238.0,121.0,0.07279457125231338
41.0,1.0,37.0,0.1,0.1,0.4,3.0,1460.0,216.0,109.0,0.0773972602739726
41.0,1.0,38.0,0.1,0.1,0.4,3.0,1414.0,209.0,112.0,0.07991513437057991
41.0,1.0,39.0,0.1,0.1,0.4,3.0,1268.0,210.0,105.0,0.08753943217665615
41.0,1.0,40.0,0.1,0.1,0.4,3.0,1237.0,194.0,97.0,0.09135004042037187
41.0,1.0,41.0,0.1,0.1,0.4,3.0,1109.0,157.0,82.0,0.09738503155996393
41.0,1.0,42.0,0.1,0.1,0.4,3.0,1047.0,150.0,74.0,0.10124164278892073
41.0,1.0,43.0,0.1,0.1,0.4,3.0,937.0,111.0,55.0,0.11205976520811099
41.0,1.0,44.0,0.1,0.1,0.4,3.0,905.0,107.0,61.0,0.11712707182320442
41.0,1.0,45.0,0.1,0.1,0.4,3.0,855.0,101.0,54.0,0.18011695906432748
41.0,1.0,46.0,0.1,0.1,0.4,3.0,827.0,97.0,44.0,0.18500604594921402
41.0,1.0,47.0,0.1,0.1,0.4,3.0,771.0,84.0,32.0,0.1932555123216602
41.0,1.0,48.0,0.1,0.1,0.4,3.0,739.0,75.0,33.0,0.1975642760487145
41.0,1.0,49.0,0.1,0.1,0.4,3.0,725.0,82.0,46.0,0.2013793103448276
41.0,1.0,50.0,0.1,0.1,0.4,3.0,696.0,76.0,46.0,0.20545977011494254
41.0,1.0,51.0,0.1,0.1,0.4,3.0,663.0,66.0,38.0,0.21116138763197587
41.0,1.0,52.0,0.1,0.1,0.4,3.0,629.0,55.0,32.0,0.21621621621621623
41.0,2.0,1.0,0.1,0.1,0.4,3.0,615.0,45.0,28.0,0.22113821138211381
41.0,2.0,2.0,0.1,0.1,0.4,3.0,593.0,42.0,29.0,0.2209106239460371
41.0,2.0,3.0,0.1,0.1,0.4,3.0,583.0,33.0,21.0,0.22298456260720412
41.0,2.0,4.0,0.1,0.1,0.4,3.0,567.0,28.0,15.0,0.2292768959435626
41.0,2.0,5.0,0.1,0.1,0.4,3.0,564.0,24.0,11.0,0.2322695035460993
41.0,2.0,6.0,0.1,0.1,0.4,3.0,552.0,20.0,11.0,0.23369565217391305
41.0,2.0,7.0,0.1,0.1,0.4,3.0,546.0,19.0,8.0,0.23626373626373626
41.0,2.0,8.0,0.1,0.1,0.4,3.0,536.0,20.0,5.0,0.23694029850746268
41.0,2.0,9.0,0.1,0.1,0.4,3.0,535.0,18.0,7.0,0.23738317757009345
41.0,2.0,10.0,0.1,0.1,0.4,3.0,526.0,18.0,11.0,0.23954372623574144
41.0,2.0,11.0,0.1,0.1,0.4,3.0,528.0,18.0,14.0,0.23674242424242425
41.0,2.0,12.0,0.1,0.1,0.4,3.0,506.0,16.0,10.0,0.24110671936758893
41.0,2.0,13.0,0.1,0.1,0.4,3.0,498.0,10.0,7.0,0.24497991967871485
41.0,2.0,14.0,0.1,0.1,0.4,3.0,477.0,7.0,5.0,0.24737945492662475
41.0,2.0,15.0,0.1,0.1,0.4,3.0,483.0,7.0,5.0,0.2484472049689441
41.0,2.0,16.0,0.1,0.1,0.4,3.0,468.0,5.0,3.0,0.25
41.0,2.0,17.0,0.1,0.1,0.4,3.0,471.0,4.0,3.0,0.24416135881104034
41.0,2.0,18.0,0.1,0.1,0.4,3.0,457.0,3.0,2.0,0.24945295404814005
41.0,2.0,19.0,0.1,0.1,0.4,3.0,463.0,3.0,1.0,0.24622030237580994
41.0,2.0,20.0,0.1,0.1,0.4,3.0,787.0,2.0,0.0,0.14358322744599747
41.0,2.0,21.0,0.1,0.1,0.4,3.0,782.0,2.0,1.0,0.13938618925831203
41.0,2.0,22.0,0.1,0.1,0.4,3.0,751.0,2.0,2.0,0.1411451398135819
41.0,2.0,23.0,0.1,0.1,0.4,3.0,748.0,2.0,2.0,0.14037433155080214
41.0,2.0,24.0,0.1,0.1,0.4,3.0,732.0,1.0,1.0,0.1448087431693989
41.0,2.0,25.0,0.1,0.1,0.4,3.0,736.0,0.0,0.0,0.14266304347826086
41.0,2.0,26.0,0.1,0.1,0.4,3.0,701.0,0.0,0.0,0.14693295292439373
41.0,2.0,27.0,0.1,0.1,0.4,3.0,692.0,0.0,0.0,0.14595375722543352
41.0,2.0,28.0,0.1,0.1,0.4,3.0,674.0,0.0,0.0,0.14540059347181009
41.0,2.0,29.0,0.1,0.1,0.4,3.0,662.0,0.0,0.0,0.14350453172205438
41.0,2.0,30.0,0.1,0.1,0.4,3.0,664.0,0.0,0.0,0.1430722891566265
41.0,2.0,31.0,0.1,0.1,0.4,3.0,647.0,0.0,0.0,0.14219474497681608
41.0,2.0,32.0,0.1,0.1,0.4,3.0,636.0,0.0,0.0,0.14622641509433962
41.0,2.0,33.0,0.1,0.1,0.4,3.0,616.0,0.0,0.0,0.1444805194805195
41.0,2.0,34.0,0.1,0.1,0.4,3.0,609.0,0.0,0.0,0.14614121510673234
41.0,2.0,35.0,0.1,0.1,0.4,3.0,604.0,0.0,0.0,0.14403973509933773
41.0,2.0,36.0,0.1,0.1,0.4,3.0,591.0,0.0,0.0,0.14382402707275804
41.0,2.0,37.0,0.1,0.1,0.4,3.0,579.0,0.0,0.0,0.14507772020725387
41.0,2.0,38.0,0.1,0.1,0.4,3.0,569.0,0.0,0.0,0.14235500878734622
41.0,2.0,39.0,0.1,0.1,0.4,3.0,559.0,0.0,0.0,0.1413237924865832
41.0,2.0,40.0,0.1,0.1,0.4,3.0,559.0,0.0,0.0,0.1413237924865832
41.0,2.0,41.0,0.1,0.1,0.4,3.0,540.0,0.0,0.0,0.1425925925925926
41.0,2.0,42.0,0.1,0.1,0.4,3.0,537.0,0.0,0.0,0.14338919925512103
41.0,2.0,43.0,0.1,0.1,0.4,3.0,511.0,0.0,0.0,0.14677103718199608
41.0,2.0,44.0,0.1,0.1,0.4,3.0,498.0,0.0,0.0,0.142570281124498
41.0,2.0,45.0,0.1,0.1,0.4,3.0,500.0,0.0,0.0,0.208
41.0,2.0,46.0,0.1,0.1,0.4,3.0,494.0,0.0,0.0,0.20445344129554655
41.0,2.0,47.0,0.1,0.1,0.4,3.0,493.0,0.0,0.0,0.2028397565922921
41.0,2.0,48.0,0.1,0.1,0.4,3.0,494.0,0.0,0.0,0.20040485829959515
41.0,2.0,49.0,0.1,0.1,0.4,3.0,481.0,0.0,0.0,0.1995841995841996
41.0,2.0,50.0,0.1,0.1,0.4,3.0,478.0,0.0,0.0,0.200836820083682
41.0,2.0,51.0,0.1,0.1,0.4,3.0,472.0,0.0,0.0,0.19703389830508475
41.0,2.0,52.0,0.1,0.1,0.4,3.0,469.0,0.0,0.0,0.2025586353944563
41.0,3.0,1.0,0.1,0.1,0.4,3.0,467.0,0.0,0.0,0.19700214132762311
41.0,3.0,2.0,0.1,0.1,0.4,3.0,462.0,0.0,0.0,0.2012987012987013
41.0,3.0,3.0,0.1,0.1,0.4,3.0,448.0,0.0,0.0,0.19866071428571427
41.0,3.0,4.0,0.1,0.1,0.4,3.0,445.0,0.0,0.0,0.20224719101123595
41.0,3.0,5.0,0.1,0.1,0.4,3.0,446.0,0.0,0.0,0.19955156950672645
41.0,3.0,6.0,0.1,0.1,0.4,3.0,442.0,0.0,0.0,0.19909502262443438
41.0,3.0,7.0,0.1,0.1,0.4,3.0,436.0,0.0,0.0,0.19724770642201836
41.0,3.0,8.0,0.1,0.1,0.4,3.0,430.0,0.0,0.0,0.2
41.0,3.0,9.0,0.1,0.1,0.4,3.0,426.0,0.0,0.0,0.19483568075117372
41.0,3.0,10.0,0.1,0.1,0.4,3.0,417.0,0.0,0.0,0.2014388489208633
41.0,3.0,11.0,0.1,0.1,0.4,3.0,418.0,0.0,0.0,0.1937799043062201
41.0,3.0,12.0,0.1,0.1,0.4,3.0,411.0,0.0,0.0,0.19708029197080293
41.0,3.0,13.0,0.1,0.1,0.4,3.0,413.0,0.0,0.0,0.1937046004842615
41.0,3.0,14.0,0.1,0.1,0.4,3.0,404.0,0.0,0.0,0.2004950495049505
41.0,3.0,15.0,0.1,0.1,0.4,3.0,404.0,0.0,0.0,0.19554455445544555
41.0,3.0,16.0,0.1,0.1,0.4,3.0,399.0,0.0,0.0,0.20050125313283207
41.0,3.0,17.0,0.1,0.1,0.4,3.0,403.0,0.0,0.0,0.19602977667493796
41.0,3.0,18.0,0.1,0.1,0.4,3.0,396.0,0.0,0.0,0.20202020202020202
41.0,3.0,19.0,0.1,0.1,0.4,3.0,401.0,0.0,0.0,0.1970074812967581
41.0,3.0,20.0,0.1,0.1,0.4,3.0,763.0,0.0,0.0,0.10484927916120576
41.0,3.0,21.0,0.1,0.1,0.4,3.0,766.0,0.0,0.0,0.10182767624020887
41.0,3.0,22.0,0.1,0.1,0.4,3.0,744.0,0.0,0.0,0.10483870967741936
41.0,3.0,23.0,0.1,0.1,0.4,3.0,735.0,0.0,0.0,0.10340136054421768
41.0,3.0,24.0,0.1,0.1,0.4,3.0,726.0,0.0,0.0,0.10606060606060606
41.0,3.0,25.0,0.1,0.1,0.4,3.0,717.0,0.0,0.0,0.10599721059972106
41.0,3.0,26.0,0.1,0.1,0.4,3.0,685.0,0.0,0.0,0.11094890510948906
41.0,3.0,27.0,0.1,0.1,0.4,3.0,662.0,0.0,0.0,0.11027190332326284
41.0,3.0,28.0,0.1,0.1,0.4,3.0,652.0,0.0,0.0,0.11196319018404909
41.0,3.0,29.0,0.1,0.1,0.4,3.0,638.0,0.0,0.0,0.11285266457680251
41.0,3.0,30.0,0.1,0.1,0.4,3.0,603.0,0.0,0.0,0.11774461028192372
41.0,3.0,31.0,0.1,0.1,0.4,3.0,591.0,0.0,0.0,0.1116751269035533
41.0,3.0,32.0,0.1,0.1,0.4,3.0,533.0,0.0,0.0,0.1200750469043152
41.0,3.0,33.0,0.1,0.1,0.4,3.0,545.0,0.0,0.0,0.11559633027522936
41.0,3.0,34.0,0.1,0.1,0.4,3.0,529.0,0.0,0.0,0.12098298676748583
41.0,3.0,35.0,0.1,0.1,0.4,3.0,531.0,0.0,0.0,0.11487758945386065
41.0,3.0,36.0,0.1,0.1,0.4,3.0,491.0,0.0,0.0,0.12016293279022404
41.0,3.0,37.0,0.1,0.1,0.4,3.0,495.0,0.0,0.0,0.1191919191919192
41.0,3.0,38.0,0.1,0.1,0.4,3.0,486.0,0.0,0.0,0.12139917695473251
41.0,3.0,39.0,0.1,0.1,0.4,3.0,490.0,0.0,0.0,0.11836734693877551
41.0,3.0,40.0,0.1,0.1,0.4,3.0,457.0,0.0,0.0,0.12253829321663019
41.0,3.0,41.0,0.1,0.1,0.4,3.0,460.0,0.0,0.0,0.11739130434782609
41.0,3.0,42.0,0.1,0.1,0.4,3.0,443.0,0.0,0.0,0.11963882618510158
41.0,3.0,43.0,0.1,0.1,0.4,3.0,443.0,0.0,0.0,0.11963882618510158
41.0,3.0,44.0,0.1,0.1,0.4,3.0,429.0,0.0,0.0,0.12354312354312354
41.0,3.0,45.0,0.1,0.1,0.4,3.0,431.0,0.0,0.0,0.1716937354988399
41.0,3.0,46.0,0.1,0.1,0.4,3.0,418.0,0.0,0.0,0.17942583732057416
41.0,3.0,47.0,0.1,0.1,0.4,3.0,409.0,0.0,0.0,0.17603911980440098
41.0,3.0,48.0,0.1,0.1,0.4,3.0,402.0,0.0,0.0,0.18159203980099503
41.0,3.0,49.0,0.1,0.1,0.4,3.0,391.0,0.0,0.0,0.17902813299232737
41.0,3.0,50.0,0.1,0.1,0.4,3.0,387.0,0.0,0.0,0.17829457364341086
41.0,3.0,51.0,0.1,0.1,0.4,3.0,375.0,0.0,0.0,0.18133333333333335
41.0,3.0,52.0,0.1,0.1,0.4,3.0,369.0,0.0,0.0,0.17344173441734417
41.0,4.0,1.0,0.1,0.1,0.4,3.0,368.0,0.0,0.0,0.17119565217391305
41.0,4.0,2.0,0.1,0.1,0.4,3.0,363.0,0.0,0.0,0.17079889807162535
41.0,4.0,3.0,0.1,0.1,0.4,3.0,365.0,0.0,0.0,0.1726027397260274
41.0,4.0,4.0,0.1,0.1,0.4,3.0,361.0,0.0,0.0,0.16897506925207756
41.0,4.0,5.0,0.1,0.1,0.4,3.0,360.0,0.0,0.0,0.16666666666666666
41.0,4.0,6.0,0.1,0.1,0.4,3.0,360.0,0.0,0.0,0.16666666666666666
41.0,4.0,7.0,0.1,0.1,0.4,3.0,357.0,0.0,0.0,0.16246498599439776
41.0,4.0,8.0,0.1,0.1,0.4,3.0,356.0,0.0,0.0,0.16292134831460675
41.0,4.0,9.0,0.1,0.1,0.4,3.0,353.0,0.0,0.0,0.1643059490084986
41.0,4.0,10.0,0.1,0.1,0.4,3.0,342.0,0.0,0.0,0.16374269005847952
41.0,4.0,11.0,0.1,0.1,0.4,3.0,342.0,0.0,0.0,0.16374269005847952
41.0,4.0,12.0,0.1,0.1,0.4,3.0,337.0,0.0,0.0,0.1632047477744807
41.0,4.0,13.0,0.1,0.1,0.4,3.0,338.0,0.0,0.0,0.16272189349112426
41.0,4.0,14.0,0.1,0.1,0.4,3.0,335.0,0.0,0.0,0.16119402985074627
41.0,4.0,15.0,0.1,0.1,0.4,3.0,336.0,0.0,0.0,0.16071428571428573
41.0,4.0,16.0,0.1,0.1,0.4,3.0,333.0,0.0,0.0,0.16216216216216217
41.0,4.0,17.0,0.1,0.1,0.4,3.0,336.0,0.0,0.0,0.16071428571428573
41.0,4.0,18.0,0.1,0.1,0.4,3.0,333.0,0.0,0.0,0.16216216216216217
41.0,4.0,19.0,0.1,0.1,0.4,3.0,336.0,0.0,0.0,0.16071428571428573
41.0,4.0,20.0,0.1,0.1,0.4,3.0,621.0,0.0,0.0,0.08695652173913043
41.0,4.0,21.0,0.1,0.1,0.4,3.0,605.0,0.0,0.0,0.08925619834710743
41.0,4.0,22.0,0.1,0.1,0.4,3.0,570.0,0.0,0.0,0.0912280701754386
41.0,4.0,23.0,0.1,0.1,0.4,3.0,556.0,0.0,0.0,0.08812949640287769
41.0,4.0,24.0,0.1,0.1,0.4,3.0,526.0,0.0,0.0,0.09315589353612168
41.0,4.0,25.0,0.1,0.1,0.4,3.0,516.0,0.0,0.0,0.08914728682170543
41.0,4.0,26.0,0.1,0.1,0.4,3.0,510.0,0.0,0.0,0.09215686274509804
41.0,4.0,27.0,0.1,0.1,0.4,3.0,514.0,0.0,0.0,0.08949416342412451
41.0,4.0,28.0,0.1,0.1,0.4,3.0,466.0,0.0,0.0,0.09012875536480687
41.0,4.0,29.0,0.1,0.1,0.4,3.0,463.0,0.0,0.0,0.08639308855291576
41.0,4.0,30.0,0.1,0.1,0.4,3.0,436.0,0.0,0.0,0.0871559633027523
41.0,4.0,31.0,0.1,0.1,0.4,3.0,442.0,0.0,0.0,0.08823529411764706
41.0,4.0,32.0,0.1,0.1,0.4,3.0,411.0,0.0,0.0,0.08759124087591241
41.0,4.0,33.0,0.1,0.1,0.4,3.0,415.0,0.0,0.0,0.0891566265060241
41.0,4.0,34.0,0.1,0.1,0.4,3.0,401.0,0.0,0.0,0.08977556109725686
41.0,4.0,35.0,0.1,0.1,0.4,3.0,414.0,0.0,0.0,0.0893719806763285
41.0,4.0,36.0,0.1,0.1,0.4,3.0,392.0,0.0,0.0,0.09183673469387756
41.0,4.0,37.0,0.1,0.1,0.4,3.0,405.0,0.0,0.0,0.09135802469135802
41.0,4.0,38.0,0.1,0.1,0.4,3.0,392.0,0.0,0.0,0.09183673469387756
41.0,4.0,39.0,0.1,0.1,0.4,3.0,395.0,0.0,0.0,0.09113924050632911
41.0,4.0,40.0,0.1,0.1,0.4,3.0,373.0,0.0,0.0,0.0938337801608579
41.0,4.0,41.0,0.1,0.1,0.4,3.0,383.0,0.0,0.0,0.09399477806788512
41.0,4.0,42.0,0.1,0.1,0.4,3.0,354.0,0.0,0.0,0.096045197740113
41.0,4.0,43.0,0.1,0.1,0.4,3.0,370.0,0.0,0.0,0.0972972972972973
41.0,4.0,44.0,0.1,0.1,0.4,3.0,354.0,0.0,0.0,0.09887005649717515
41.0,4.0,45.0,0.1,0.1,0.4,3.0,366.0,0.0,0.0,0.16393442622950818
41.0,4.0,46.0,0.1,0.1,0.4,3.0,344.0,0.0,0.0,0.16569767441860464
41.0,4.0,47.0,0.1,0.1,0.4,3.0,356.0,0.0,0.0,0.16853932584269662
41.0,4.0,48.0,0.1,0.1,0.4,3.0,342.0,0.0,0.0,0.1695906432748538
41.0,4.0,49.0,0.1,0.1,0.4,3.0,346.0,0.0,0.0,0.17052023121387283
41.0,4.0,50.0,0.1,0.1,0.4,3.0,338.0,0.0,0.0,0.16568047337278108
41.0,4.0,51.0,0.1,0.1,0.4,3.0,343.0,0.0,0.0,0.16909620991253643
41.0,4.0,52.0,0.1,0.1,0.4,3.0,337.0,0.0,0.0,0.1661721068249258
41.0,5.0,1.0,0.1,0.1,0.4,3.0,342.0,0.0,0.0,0.1695906432748538
41.0,5.0,2.0,0.1,0.1,0.4,3.0,328.0,0.0,0.0,0.17073170731707318
41.0,5.0,3.0,0.1,0.1,0.4,3.0,333.0,0.0,0.0,0.17417417417417416
41.0,5.0,4.0,0.1,0.1,0.4,3.0,325.0,0.0,0.0,0.16923076923076924
41.0,5.0,5.0,0.1,0.1,0.4,3.0,333.0,0.0,0.0,0.17417417417417416
41.0,5.0,6.0,0.1,0.1,0.4,3.0,326.0,0.0,0.0,0.17177914110429449
41.0,5.0,7.0,0.1,0.1,0.4,3.0,330.0,0.0,0.0,0.17575757575757575
41.0,5.0,8.0,0.1,0.1,0.4,3.0,324.0,0.0,0.0,0.1728395061728395
41.0,5.0,9.0,0.1,0.1,0.4,3.0,330.0,0.0,0.0,0.17575757575757575
41.0,5.0,10.0,0.1,0.1,0.4,3.0,324.0,0.0,0.0,0.17592592592592593
41.0,5.0,11.0,0.1,0.1,0.4,3.0,325.0,0.0,0.0,0.16923076923076924
41.0,5.0,12.0,0.1,0.1,0.4,3.0,323.0,0.0,0.0,0.17337461300309598
41.0,5.0,13.0,0.1,0.1,0.4,3.0,326.0,0.0,0.0,0.17484662576687116
41.0,5.0,14.0,0.1,0.1,0.4,3.0,319.0,0.0,0.0,0.1755485893416928
41.0,5.0,15.0,0.1,0.1,0.4,3.0,313.0,0.0,0.0,0.17252396166134185
41.0,5.0,16.0,0.1,0.1,0.4,3.0,308.0,0.0,0.0,0.17532467532467533
41.0,5.0,17.0,0.1,0.1,0.4,3.0,314.0,0.0,0.0,0.17197452229299362
41.0,5.0,18.0,0.1,0.1,0.4,3.0,306.0,0.0,0.0,0.17647058823529413
41.0,5.0,19.0,0.1,0.1,0.4,3.0,314.0,0.0,0.0,0.17197452229299362
41.0,5.0,20.0,0.1,0.1,0.4,3.0,613.0,0.0,0.0,0.08809135399673736
41.0,5.0,21.0,0.1,0.1,0.4,3.0,615.0,0.0,0.0,0.08780487804878048
41.0,5.0,22.0,0.1,0.1,0.4,3.0,575.0,0.0,0.0,0.09217391304347826
41.0,5.0,23.0,0.1,0.1,0.4,3.0,578.0,0.0,0.0,0.08996539792387544
41.0,5.0,24.0,0.1,0.1,0.4,3.0,525.0,0.0,0.0,0.09523809523809523
41.0,5.0,25.0,0.1,0.1,0.4,3.0,533.0,0.0,0.0,0.09380863039399624
41.0,5.0,26.0,0.1,0.1,0.4,3.0,503.0,0.0,0.0,0.09940357852882704
41.0,5.0,27.0,0.1,0.1,0.4,3.0,509.0,0.0,0.0,0.09037328094302555
41.0,5.0,28.0,0.1,0.1,0.4,3.0,476.0,0.0,0.0,0.09873949579831932
41.0,5.0,29.0,0.1,0.1,0.4,3.0,487.0,0.0,0.0,0.0944558521560575
41.0,5.0,30.0,0.1,0.1,0.4,3.0,475.0,0.0,0.0,0.09894736842105263
41.0,5.0,31.0,0.1,0.1,0.4,3.0,470.0,0.0,0.0,0.09361702127659574
41.0,5.0,32.0,0.1,0.1,0.4,3.0,433.0,0.0,0.0,0.09699769053117784
41.0,5.0,33.0,0.1,0.1,0.4,3.0,447.0,0.0,0.0,0.09395973154362416
41.0,5.0,34.0,0.1,0.1,0.4,3.0,408.0,0.0,0.0,0.09313725490196079
41.0,5.0,35.0,0.1,0.1,0.4,3.0,423.0,0.0,0.0,0.08983451536643026
41.0,5.0,36.0,0.1,0.1,0.4,3.0,400.0,0.0,0.0,0.0925
41.0,5.0,37.0,0.1,0.1,0.4,3.0,409.0,0.0,0.0,0.09046454767726161
41.0,5.0,38.0,0.1,0.1,0.4,3.0,394.0,0.0,0.0,0.09390862944162437
41.0,5.0,39.0,0.1,0.1,0.4,3.0,392.0,0.0,0.0,0.09183673469387756
41.0,5.0,40.0,0.1,0.1,0.4,3.0,368.0,0.0,0.0,0.09782608695652174
41.0,5.0,41.0,0.1,0.1,0.4,3.0,376.0,0.0,0.0,0.09574468085106383
41.0,5.0,42.0,0.1,0.1,0.4,3.0,360.0,0.0,0.0,0.1
41.0,5.0,43.0,0.1,0.1,0.4,3.0,374.0,0.0,0.0,0.09358288770053476
41.0,5.0,44.0,0.1,0.1,0.4,3.0,353.0,0.0,0.0,0.09915014164305949
41.0,5.0,45.0,0.1,0.1,0.4,3.0,361.0,0.0,0.0,0.1523545706371191
41.0,5.0,46.0,0.1,0.1,0.4,3.0,348.0,0.0,0.0,0.15804597701149425
41.0,5.0,47.0,0.1,0.1,0.4,3.0,352.0,0.0,0.0,0.1534090909090909
41.0,5.0,48.0,0.1,0.1,0.4,3.0,345.0,0.0,0.0,0.1565217391304348
41.0,5.0,49.0,0.1,0.1,0.4,3.0,351.0,0.0,0.0,0.15384615384615385
41.0,5.0,50.0,0.1,0.1,0.4,3.0,342.0,0.0,0.0,0.15497076023391812
41.0,5.0,51.0,0.1,0.1,0.4,3.0,341.0,0.0,0.0,0.15542521994134897
41.0,5.0,52.0,0.1,0.1,0.4,3.0,339.0,0.0,0.0,0.15634218289085547
41.0,6.0,1.0,0.1,0.1,0.4,3.0,339.0,0.0,0.0,0.15339233038348082
41.0,6.0,2.0,0.1,0.1,0.4,3.0,333.0,0.0,0.0,0.15915915915915915
41.0,6.0,3.0,0.1,0.1,0.4,3.0,332.0,0.0,0.0,0.15963855421686746
41.0,6.0,4.0,0.1,0.1,0.4,3.0,329.0,0.0,0.0,0.16109422492401215
41.0,6.0,5.0,0.1,0.1,0.4,3.0,332.0,0.0,0.0,0.1566265060240964
41.0,6.0,6.0,0.1,0.1,0.4,3.0,326.0,0.0,0.0,0.15950920245398773
41.0,6.0,7.0,0.1,0.1,0.4,3.0,329.0,0.0,0.0,0.15501519756838905
41.0,6.0,8.0,0.1,0.1,0.4,3.0,323.0,0.0,0.0,0.15789473684210525
41.0,6.0,9.0,0.1,0.1,0.4,3.0,325.0,0.0,0.0,0.15692307692307692
41.0,6.0,10.0,0.1,0.1,0.4,3.0,321.0,0.0,0.0,0.1588785046728972
41.0,6.0,11.0,0.1,0.1,0.4,3.0,323.0,0.0,0.0,0.15789473684210525
41.0,6.0,12.0,0.1,0.1,0.4,3.0,319.0,0.0,0.0,0.15987460815047022
41.0,6.0,13.0,0.1,0.1,0.4,3.0,321.0,0.0,0.0,0.1588785046728972
41.0,6.0,14.0,0.1,0.1,0.4,3.0,317.0,0.0,0.0,0.15772870662460567
41.0,6.0,15.0,0.1,0.1,0.4,3.0,319.0,0.0,0.0,0.1536050156739812
41.0,6.0,16.0,0.1,0.1,0.4,3.0,315.0,0.0,0.0,0.15555555555555556
41.0,6.0,17.0,0.1,0.1,0.4,3.0,319.0,0.0,0.0,0.1536050156739812
41.0,6.0,18.0,0.1,0.1,0.4,3.0,316.0,0.0,0.0,0.1550632911392405
41.0,6.0,19.0,0.1,0.1,0.4,3.0,319.0,0.0,0.0,0.15047021943573669
41.0,6.0,20.0,0.1,0.1,0.4,3.0,613.0,0.0,0.0,0.07830342577487764
41.0,6.0,21.0,0.1,0.1,0.4,3.0,616.0,0.0,0.0,0.0762987012987013
41.0,6.0,22.0,0.1,0.1,0.4,3.0,588.0,0.0,0.0,0.07993197278911565
41.0,6.0,23.0,0.1,0.1,0.4,3.0,547.0,0.0,0.0,0.08043875685557587
41.0,6.0,24.0,0.1,0.1,0.4,3.0,492.0,0.0,0.0,0.08536585365853659
41.0,6.0,25.0,0.1,0.1,0.4,3.0,464.0,0.0,0.0,0.08405172413793104
41.0,6.0,26.0,0.1,0.1,0.4,3.0,441.0,0.0,0.0,0.08843537414965986
41.0,6.0,27.0,0.1,0.1,0.4,3.0,443.0,0.0,0.0,0.0835214446952596
41.0,6.0,28.0,0.1,0.1,0.4,3.0,408.0,0.0,0.0,0.09068627450980392
41.0,6.0,29.0,0.1,0.1,0.4,3.0,417.0,0.0,0.0,0.08633093525179857
41.0,6.0,30.0,0.1,0.1,0.4,3.0,379.0,0.0,0.0,0.09762532981530343
41.0,6.0,31.0,0.1,0.1,0.4,3.0,396.0,0.0,0.0,0.09090909090909091
41.0,6.0,32.0,0.1,0.1,0.4,3.0,378.0,0.0,0.0,0.09788359788359788
41.0,6.0,33.0,0.1,0.1,0.4,3.0,395.0,0.0,0.0,0.09113924050632911
41.0,6.0,34.0,0.1,0.1,0.4,3.0,365.0,0.0,0.0,0.10136986301369863
41.0,6.0,35.0,0.1,0.1,0.4,3.0,377.0,0.0,0.0,0.09283819628647215
41.0,6.0,36.0,0.1,0.1,0.4,3.0,351.0,0.0,0.0,0.10256410256410256
41.0,6.0,37.0,0.1,0.1,0.4,3.0,352.0,0.0,0.0,0.09943181818181818
41.0,6.0,38.0,0.1,0.1,0.4,3.0,326.0,0.0,0.0,0.11042944785276074
41.0,6.0,39.0,0.1,0.1,0.4,3.0,320.0,0.0,0.0,0.103125
41.0,6.0,40.0,0.1,0.1,0.4,3.0,306.0,0.0,0.0,0.1111111111111111
41.0,6.0,41.0,0.1,0.1,0.4,3.0,305.0,0.0,0.0,0.10819672131147541
41.0,6.0,42.0,0.1,0.1,0.4,3.0,294.0,0.0,0.0,0.10884353741496598
41.0,6.0,43.0,0.1,0.1,0.4,3.0,283.0,0.0,0.0,0.10600706713780919
41.0,6.0,44.0,0.1,0.1,0.4,3.0,281.0,0.0,0.0,0.1103202846975089
41.0,6.0,45.0,0.1,0.1,0.4,3.0,272.0,0.0,0.0,0.1948529411764706
41.0,6.0,46.0,0.1,0.1,0.4,3.0,270.0,0.0,0.0,0.1925925925925926
41.0,6.0,47.0,0.1,0.1,0.4,3.0,271.0,0.0,0.0,0.1918819188191882
41.0,6.0,48.0,0.1,0.1,0.4,3.0,262.0,0.0,0.0,0.1946564885496183
41.0,6.0,49.0,0.1,0.1,0.4,3.0,256.0,0.0,0.0,0.19921875
41.0,6.0,50.0,0.1,0.1,0.4,3.0,253.0,0.0,0.0,0.2015810276679842
41.0,6.0,51.0,0.1,0.1,0.4,3.0,250.0,0.0,0.0,0.204
41.0,6.0,52.0,0.1,0.1,0.4,3.0,253.0,0.0,0.0,0.2015810276679842
41.0,7.0,1.0,0.1,0.1,0.4,3.0,251.0,0.0,0.0,0.20318725099601595
41.0,7.0,2.0,0.1,0.1,0.4,3.0,256.0,0.0,0.0,0.19921875
41.0,7.0,3.0,0.1,0.1,0.4,3.0,252.0,0.0,0.0,0.20238095238095238
41.0,7.0,4.0,0.1,0.1,0.4,3.0,248.0,0.0,0.0,0.1935483870967742
41.0,7.0,5.0,0.1,0.1,0.4,3.0,243.0,0.0,0.0,0.19753086419753085
41.0,7.0,6.0,0.1,0.1,0.4,3.0,239.0,0.0,0.0,0.19665271966527198
41.0,7.0,7.0,0.1,0.1,0.4,3.0,230.0,0.0,0.0,0.1956521739130435
41.0,7.0,8.0,0.1,0.1,0.4,3.0,227.0,0.0,0.0,0.19383259911894274
41.0,7.0,9.0,0.1,0.1,0.4,3.0,228.0,0.0,0.0,0.19298245614035087
41.0,7.0,10.0,0.1,0.1,0.4,3.0,226.0,0.0,0.0,0.19469026548672566
41.0,7.0,11.0,0.1,0.1,0.4,3.0,228.0,0.0,0.0,0.19298245614035087
41.0,7.0,12.0,0.1,0.1,0.4,3.0,225.0,0.0,0.0,0.19555555555555557
41.0,7.0,13.0,0.1,0.1,0.4,3.0,228.0,0.0,0.0,0.19298245614035087
41.0,7.0,14.0,0.1,0.1,0.4,3.0,224.0,0.0,0.0,0.19642857142857142
41.0,7.0,15.0,0.1,0.1,0.4,3.0,228.0,0.0,0.0,0.19298245614035087
41.0,7.0,16.0,0.1,0.1,0.4,3.0,224.0,0.0,0.0,0.19196428571428573
41.0,7.0,17.0,0.1,0.1,0.4,3.0,226.0,0.0,0.0,0.18584070796460178
41.0,7.0,18.0,0.1,0.1,0.4,3.0,223.0,0.0,0.0,0.18834080717488788
41.0,7.0,19.0,0.1,0.1,0.4,3.0,226.0,0.0,0.0,0.18584070796460178
41.0,7.0,20.0,0.1,0.1,0.4,3.0,425.0,0.0,0.0,0.0988235294117647
41.0,7.0,21.0,0.1,0.1,0.4,3.0,420.0,0.0,0.0,0.09761904761904762
41.0,7.0,22.0,0.1,0.1,0.4,3.0,402.0,0.0,0.0,0.10199004975124377
41.0,7.0,23.0,0.1,0.1,0.4,3.0,387.0,0.0,0.0,0.10077519379844961
41.0,7.0,24.0,0.1,0.1,0.4,3.0,390.0,0.0,0.0,0.10256410256410256
41.0,7.0,25.0,0.1,0.1,0.4,3.0,392.0,0.0,0.0,0.09948979591836735
41.0,7.0,26.0,0.1,0.1,0.4,3.0,389.0,0.0,0.0,0.10025706940874037
41.0,7.0,27.0,0.1,0.1,0.4,3.0,379.0,0.0,0.0,0.10026385224274406
41.0,7.0,28.0,0.1,0.1,0.4,3.0,369.0,0.0,0.0,0.10569105691056911
41.0,7.0,29.0,0.1,0.1,0.4,3.0,338.0,0.0,0.0,0.10355029585798817
41.0,7.0,30.0,0.1,0.1,0.4,3.0,342.0,0.0,0.0,0.10526315789473684
41.0,7.0,31.0,0.1,0.1,0.4,3.0,336.0,0.0,0.0,0.10119047619047619
41.0,7.0,32.0,0.1,0.1,0.4,3.0,333.0,0.0,0.0,0.10510510510510511
41.0,7.0,33.0,0.1,0.1,0.4,3.0,328.0,0.0,0.0,0.10060975609756098
41.0,7.0,34.0,0.1,0.1,0.4,3.0,317.0,0.0,0.0,0.10725552050473186
41.0,7.0,35.0,0.1,0.1,0.4,3.0,320.0,0.0,0.0,0.103125
41.0,7.0,36.0,0.1,0.1,0.4,3.0,316.0,0.0,0.0,0.10759493670886076
41.0,7.0,37.0,0.1,0.1,0.4,3.0,312.0,0.0,0.0,0.10256410256410256
41.0,7.0,38.0,0.1,0.1,0.4,3.0,309.0,0.0,0.0,0.10679611650485436
41.0,7.0,39.0,0.1,0.1,0.4,3.0,311.0,0.0,0.0,0.10289389067524116
41.0,7.0,40.0,0.1,0.1,0.4,3.0,310.0,0.0,0.0,0.1064516129032258
41.0,7.0,41.0,0.1,0.1,0.4,3.0,312.0,0.0,0.0,0.10256410256410256
41.0,7.0,42.0,0.1,0.1,0.4,3.0,308.0,0.0,0.0,0.10714285714285714
41.0,7.0,43.0,0.1,0.1,0.4,3.0,312.0,0.0,0.0,0.10256410256410256
41.0,7.0,44.0,0.1,0.1,0.4,3.0,299.0,0.0,0.0,0.10702341137123746
41.0,7.0,45.0,0.1,0.1,0.4,3.0,303.0,0.0,0.0,0.18151815181518152
41.0,7.0,46.0,0.1,0.1,0.4,3.0,298.0,0.0,0.0,0.18456375838926176
41.0,7.0,47.0,0.1,0.1,0.4,3.0,303.0,0.0,0.0,0.18151815181518152
41.0,7.0,48.0,0.1,0.1,0.4,3.0,298.0,0.0,0.0,0.18456375838926176
41.0,7.0,49.0,0.1,0.1,0.4,3.0,290.0,0.0,0.0,0.1896551724137931
41.0,7.0,50.0,0.1,0.1,0.4,3.0,288.0,0.0,0.0,0.19444444444444445
41.0,7.0,51.0,0.1,0.1,0.4,3.0,285.0,0.0,0.0,0.19298245614035087
41.0,7.0,52.0,0.1,0.1,0.4,3.0,285.0,0.0,0.0,0.19649122807017544
41.0,8.0,1.0,0.1,0.1,0.4,3.0,279.0,0.0,0.0,0.1971326164874552
41.0,8.0,2.0,0.1,0.1,0.4,3.0,285.0,0.0,0.0,0.19649122807017544
41.0,8.0,3.0,0.1,0.1,0.4,3.0,280.0,0.0,0.0,0.19642857142857142
41.0,8.0,4.0,0.1,0.1,0.4,3.0,284.0,0.0,0.0,0.19718309859154928
41.0,8.0,5.0,0.1,0.1,0.4,3.0,279.0,0.0,0.0,0.1971326164874552
41.0,8.0,6.0,0.1,0.1,0.4,3.0,280.0,0.0,0.0,0.2
41.0,8.0,7.0,0.1,0.1,0.4,3.0,278.0,0.0,0.0,0.19784172661870503
41.0,8.0,8.0,0.1,0.1,0.4,3.0,281.0,0.0,0.0,0.199288256227758
41.0,8.0,9.0,0.1,0.1,0.4,3.0,278.0,0.0,0.0,0.19784172661870503
41.0,8.0,10.0,0.1,0.1,0.4,3.0,270.0,0.0,0.0,0.2074074074074074
41.0,8.0,11.0,0.1,0.1,0.4,3.0,266.0,0.0,0.0,0.20676691729323307
41.0,8.0,12.0,0.1,0.1,0.4,3.0,268.0,0.0,0.0,0.208955223880597
41.0,8.0,13.0,0.1,0.1,0.4,3.0,265.0,0.0,0.0,0.20754716981132076
41.0,8.0,14.0,0.1,0.1,0.4,3.0,267.0,0.0,0.0,0.20973782771535582
41.0,8.0,15.0,0.1,0.1,0.4,3.0,264.0,0.0,0.0,0.20833333333333334
41.0,8.0,16.0,0.1,0.1,0.4,3.0,267.0,0.0,0.0,0.20973782771535582
41.0,8.0,17.0,0.1,0.1,0.4,3.0,264.0,0.0,0.0,0.20833333333333334
41.0,8.0,18.0,0.1,0.1,0.4,3.0,266.0,0.0,0.0,0.21052631578947367
41.0,8.0,19.0,0.1,0.1,0.4,3.0,264.0,0.0,0.0,0.20833333333333334
41.0,8.0,20.0,0.1,0.1,0.4,3.0,496.0,0.0,0.0,0.11290322580645161
41.0,8.0,21.0,0.1,0.1,0.4,3.0,475.0,0.0,0.0,0.11368421052631579
41.0,8.0,22.0,0.1,0.1,0.4,3.0,471.0,0.0,0.0,0.11464968152866242
41.0,8.0,23.0,0.1,0.1,0.4,3.0,465.0,0.0,0.0,0.11397849462365592
41.0,8.0,24.0,0.1,0.1,0.4,3.0,453.0,0.0,0.0,0.11479028697571744
41.0,8.0,25.0,0.1,0.1,0.4,3.0,426.0,0.0,0.0,0.11737089201877934
41.0,8.0,26.0,0.1,0.1,0.4,3.0,416.0,0.0,0.0,0.1201923076923077
41.0,8.0,27.0,0.1,0.1,0.4,3.0,407.0,0.0,0.0,0.10810810810810811
41.0,8.0,28.0,0.1,0.1,0.4,3.0,356.0,0.0,0.0,0.11235955056179775
41.0,8.0,29.0,0.1,0.1,0.4,3.0,349.0,0.0,0.0,0.10888252148997135
41.0,8.0,30.0,0.1,0.1,0.4,3.0,336.0,0.0,0.0,0.11607142857142858
41.0,8.0,31.0,0.1,0.1,0.4,3.0,341.0,0.0,0.0,0.11143695014662756
41.0,8.0,32.0,0.1,0.1,0.4,3.0,319.0,0.0,0.0,0.11285266457680251
41.0,8.0,33.0,0.1,0.1,0.4,3.0,332.0,0.0,0.0,0.10843373493975904
41.0,8.0,34.0,0.1,0.1,0.4,3.0,302.0,0.0,0.0,0.11589403973509933
41.0,8.0,35.0,0.1,0.1,0.4,3.0,315.0,0.0,0.0,0.1111111111111111
41.0,8.0,36.0,0.1,0.1,0.4,3.0,302.0,0.0,0.0,0.11589403973509933
41.0,8.0,37.0,0.1,0.1,0.4,3.0,303.0,0.0,0.0,0.11551155115511551
41.0,8.0,38.0,0.1,0.1,0.4,3.0,290.0,0.0,0.0,0.1206896551724138
41.0,8.0,39.0,0.1,0.1,0.4,3.0,294.0,0.0,0.0,0.11224489795918367
41.0,8.0,40.0,0.1,0.1,0.4,3.0,272.0,0.0,0.0,0.1213235294117647
41.0,8.0,41.0,0.1,0.1,0.4,3.0,281.0,0.0,0.0,0.11743772241992882
41.0,8.0,42.0,0.1,0.1,0.4,3.0,268.0,0.0,0.0,0.12313432835820895
41.0,8.0,43.0,0.1,0.1,0.4,3.0,277.0,0.0,0.0,0.11552346570397112
41.0,8.0,44.0,0.1,0.1,0.4,3.0,268.0,0.0,0.0,0.12313432835820895
41.0,8.0,45.0,0.1,0.1,0.4,3.0,277.0,0.0,0.0,0.17689530685920576
41.0,8.0,46.0,0.1,0.1,0.4,3.0,267.0,0.0,0.0,0.18726591760299627
41.0,8.0,47.0,0.1,0.1,0.4,3.0,278.0,0.0,0.0,0.17985611510791366
41.0,8.0,48.0,0.1,0.1,0.4,3.0,266.0,0.0,0.0,0.18421052631578946
41.0,8.0,49.0,0.1,0.1,0.4,3.0,269.0,0.0,0.0,0.1821561338289963
41.0,8.0,50.0,0.1,0.1,0.4,3.0,257.0,0.0,0.0,0.1867704280155642
41.0,8.0,51.0,0.1,0.1,0.4,3.0,268.0,0.0,0.0,0.1828358208955224
41.0,8.0,52.0,0.1,0.1,0.4,3.0,251.0,0.0,0.0,0.18725099601593626
41.0,9.0,1.0,0.1,0.1,0.4,3.0,256.0,0.0,0.0,0.1796875
41.0,9.0,2.0,0.1,0.1,0.4,3.0,251.0,0.0,0.0,0.19123505976095617
41.0,9.0,3.0,0.1,0.1,0.4,3.0,253.0,0.0,0.0,0.18181818181818182
41.0,9.0,4.0,0.1,0.1,0.4,3.0,243.0,0.0,0.0,0.19753086419753085
41.0,9.0,5.0,0.1,0.1,0.4,3.0,247.0,0.0,0.0,0.1862348178137652
41.0,9.0,6.0,0.1,0.1,0.4,3.0,241.0,0.0,0.0,0.1991701244813278
41.0,9.0,7.0,0.1,0.1,0.4,3.0,246.0,0.0,0.0,0.18699186991869918
41.0,9.0,8.0,0.1,0.1,0.4,3.0,242.0,0.0,0.0,0.19834710743801653
41.0,9.0,9.0,0.1,0.1,0.4,3.0,248.0,0.0,0.0,0.18951612903225806
41.0,9.0,10.0,0.1,0.1,0.4,3.0,233.0,0.0,0.0,0.20600858369098712
41.0,9.0,11.0,0.1,0.1,0.4,3.0,240.0,0.0,0.0,0.19583333333333333
41.0,9.0,12.0,0.1,0.1,0.4,3.0,232.0,0.0,0.0,0.2025862068965517
41.0,9.0,13.0,0.1,0.1,0.4,3.0,239.0,0.0,0.0,0.19246861924686193
41.0,9.0,14.0,0.1,0.1,0.4,3.0,230.0,0.0,0.0,0.20434782608695654
41.0,9.0,15.0,0.1,0.1,0.4,3.0,239.0,0.0,0.0,0.19246861924686193
41.0,9.0,16.0,0.1,0.1,0.4,3.0,232.0,0.0,0.0,0.2025862068965517
41.0,9.0,17.0,0.1,0.1,0.4,3.0,237.0,0.0,0.0,0.189873417721519
41.0,9.0,18.0,0.1,0.1,0.4,3.0,231.0,0.0,0.0,0.19913419913419914
41.0,9.0,19.0,0.1,0.1,0.4,3.0,236.0,0.0,0.0,0.1906779661016949
41.0,9.0,20.0,0.1,0.1,0.4,3.0,392.0,0.0,0.0,0.09438775510204081
41.0,9.0,21.0,0.1,0.1,0.4,3.0,410.0,0.0,0.0,0.08780487804878048
41.0,9.0,22.0,0.1,0.1,0.4,3.0,384.0,0.0,0.0,0.09375
41.0,9.0,23.0,0.1,0.1,0.4,3.0,402.0,0.0,0.0,0.08706467661691543
41.0,9.0,24.0,0.1,0.1,0.4,3.0,375.0,0.0,0.0,0.096
41.0,9.0,25.0,0.1,0.1,0.4,3.0,382.0,0.0,0.0,0.09162303664921466
41.0,9.0,26.0,0.1,0.1,0.4,3.0,354.0,0.0,0.0,0.09887005649717515
41.0,9.0,27.0,0.1,0.1,0.4,3.0,337.0,0.0,0.0,0.09792284866468842
41.0,9.0,28.0,0.1,0.1,0.4,3.0,310.0,0.0,0.0,0.10967741935483871
41.0,9.0,29.0,0.1,0.1,0.4,3.0,312.0,0.0,0.0,0.10897435897435898
41.0,9.0,30.0,0.1,0.1,0.4,3.0,283.0,0.0,0.0,0.1166077738515901
41.0,9.0,31.0,0.1,0.1,0.4,3.0,302.0,0.0,0.0,0.10927152317880795
41.0,9.0,32.0,0.1,0.1,0.4,3.0,269.0,0.0,0.0,0.11895910780669144
41.0,9.0,33.0,0.1,0.1,0.4,3.0,274.0,0.0,0.0,0.11678832116788321
41.0,9.0,34.0,0.1,0.1,0.4,3.0,261.0,0.0,0.0,0.12260536398467432
41.0,9.0,35.0,0.1,0.1,0.4,3.0,259.0,0.0,0.0,0.11969111969111969
41.0,9.0,36.0,0.1,0.1,0.4,3.0,253.0,0.0,0.0,0.1225296442687747
41.0,9.0,37.0,0.1,0.1,0.4,3.0,254.0,0.0,0.0,0.11811023622047244
41.0,9.0,38.0,0.1,0.1,0.4,3.0,250.0,0.0,0.0,0.124
41.0,9.0,39.0,0.1,0.1,0.4,3.0,254.0,0.0,0.0,0.11811023622047244
41.0,9.0,40.0,0.1,0.1,0.4,3.0,250.0,0.0,0.0,0.124
41.0,9.0,41.0,0.1,0.1,0.4,3.0,253.0,0.0,0.0,0.11857707509881422
41.0,9.0,42.0,0.1,0.1,0.4,3.0,249.0,0.0,0.0,0.12449799196787148
41.0,9.0,43.0,0.1,0.1,0.4,3.0,253.0,0.0,0.0,0.11857707509881422
41.0,9.0,44.0,0.1,0.1,0.4,3.0,249.0,0.0,0.0,0.12449799196787148
41.0,9.0,45.0,0.1,0.1,0.4,3.0,252.0,0.0,0.0,0.16666666666666666
41.0,9.0,46.0,0.1,0.1,0.4,3.0,240.0,0.0,0.0,0.175
41.0,9.0,47.0,0.1,0.1,0.4,3.0,243.0,0.0,0.0,0.1728395061728395
41.0,9.0,48.0,0.1,0.1,0.4,3.0,239.0,0.0,0.0,0.17573221757322174
41.0,9.0,49.0,0.1,0.1,0.4,3.0,242.0,0.0,0.0,0.17355371900826447
41.0,9.0,50.0,0.1,0.1,0.4,3.0,239.0,0.0,0.0,0.17573221757322174
41.0,9.0,51.0,0.1,0.1,0.4,3.0,233.0,0.0,0.0,0.16738197424892703
41.0,9.0,52.0,0.1,0.1,0.4,3.0,232.0,0.0,0.0,0.16810344827586207
41.0,10.0,1.0,0.1,0.1,0.4,3.0,233.0,0.0,0.0,0.16738197424892703
41.0,10.0,2.0,0.1,0.1,0.4,3.0,225.0,0.0,0.0,0.17333333333333334
41.0,10.0,3.0,0.1,0.1,0.4,3.0,224.0,0.0,0.0,0.17857142857142858
41.0,10.0,4.0,0.1,0.1,0.4,3.0,225.0,0.0,0.0,0.17333333333333334
41.0,10.0,5.0,0.1,0.1,0.4,3.0,225.0,0.0,0.0,0.17777777777777778
41.0,10.0,6.0,0.1,0.1,0.4,3.0,221.0,0.0,0.0,0.167420814479638
41.0,10.0,7.0,0.1,0.1,0.4,3.0,222.0,0.0,0.0,0.18018018018018017
41.0,10.0,8.0,0.1,0.1,0.4,3.0,220.0,0.0,0.0,0.16818181818181818
41.0,10.0,9.0,0.1,0.1,0.4,3.0,222.0,0.0,0.0,0.18018018018018017
41.0,10.0,10.0,0.1,0.1,0.4,3.0,221.0,0.0,0.0,0.17194570135746606
41.0,10.0,11.0,0.1,0.1,0.4,3.0,223.0,0.0,0.0,0.17937219730941703
41.0,10.0,12.0,0.1,0.1,0.4,3.0,219.0,0.0,0.0,0.1735159817351598
41.0,10.0,13.0,0.1,0.1,0.4,3.0,220.0,0.0,0.0,0.17727272727272728
41.0,10.0,14.0,0.1,0.1,0.4,3.0,219.0,0.0,0.0,0.1735159817351598
41.0,10.0,15.0,0.1,0.1,0.4,3.0,222.0,0.0,0.0,0.18018018018018017
41.0,10.0,16.0,0.1,0.1,0.4,3.0,218.0,0.0,0.0,0.1743119266055046
41.0,10.0,17.0,0.1,0.1,0.4,3.0,222.0,0.0,0.0,0.18018018018018017
41.0,10.0,18.0,0.1,0.1,0.4,3.0,218.0,0.0,0.0,0.1743119266055046
41.0,10.0,19.0,0.1,0.1,0.4,3.0,221.0,0.0,0.0,0.17647058823529413
41.0,10.0,20.0,0.1,0.1,0.4,3.0,444.0,0.0,0.0,0.07657657657657657
41.0,10.0,21.0,0.1,0.1,0.4,3.0,411.0,0.0,0.0,0.07542579075425791
41.0,10.0,22.0,0.1,0.1,0.4,3.0,397.0,0.0,0.0,0.07556675062972293
41.0,10.0,23.0,0.1,0.1,0.4,3.0,364.0,0.0,0.0,0.08241758241758242
41.0,10.0,24.0,0.1,0.1,0.4,3.0,348.0,0.0,0.0,0.08045977011494253
41.0,10.0,25.0,0.1,0.1,0.4,3.0,341.0,0.0,0.0,0.08504398826979472
41.0,10.0,26.0,0.1,0.1,0.4,3.0,335.0,0.0,0.0,0.08059701492537313
41.0,10.0,27.0,0.1,0.1,0.4,3.0,318.0,0.0,0.0,0.0880503144654088
41.0,10.0,28.0,0.1,0.1,0.4,3.0,315.0,0.0,0.0,0.08571428571428572
41.0,10.0,29.0,0.1,0.1,0.4,3.0,302.0,0.0,0.0,0.08940397350993377
41.0,10.0,30.0,0.1,0.1,0.4,3.0,277.0,0.0,0.0,0.08303249097472924
41.0,10.0,31.0,0.1,0.1,0.4,3.0,280.0,0.0,0.0,0.08571428571428572
41.0,10.0,32.0,0.1,0.1,0.4,3.0,277.0,0.0,0.0,0.08303249097472924
41.0,10.0,33.0,0.1,0.1,0.4,3.0,280.0,0.0,0.0,0.08571428571428572
41.0,10.0,34.0,0.1,0.1,0.4,3.0,266.0,0.0,0.0,0.08646616541353383
41.0,10.0,35.0,0.1,0.1,0.4,3.0,264.0,0.0,0.0,0.09090909090909091
41.0,10.0,36.0,0.1,0.1,0.4,3.0,257.0,0.0,0.0,0.08949416342412451
41.0,10.0,37.0,0.1,0.1,0.4,3.0,264.0,0.0,0.0,0.09090909090909091
41.0,10.0,38.0,0.1,0.1,0.4,3.0,244.0,0.0,0.0,0.0942622950819672
41.0,10.0,39.0,0.1,0.1,0.4,3.0,247.0,0.0,0.0,0.09716599190283401
41.0,10.0,40.0,0.1,0.1,0.4,3.0,244.0,0.0,0.0,0.0942622950819672
41.0,10.0,41.0,0.1,0.1,0.4,3.0,245.0,0.0,0.0,0.09387755102040816
41.0,10.0,42.0,0.1,0.1,0.4,3.0,244.0,0.0,0.0,0.0942622950819672
41.0,10.0,43.0,0.1,0.1,0.4,3.0,232.0,0.0,0.0,0.09482758620689655
41.0,10.0,44.0,0.1,0.1,0.4,3.0,231.0,0.0,0.0,0.09523809523809523
41.0,10.0,45.0,0.1,0.1,0.4,3.0,235.0,0.0,0.0,0.13617021276595745
41.0,10.0,46.0,0.1,0.1,0.4,3.0,231.0,0.0,0.0,0.13852813852813853
41.0,10.0,47.0,0.1,0.1,0.4,3.0,235.0,0.0,0.0,0.13617021276595745
41.0,10.0,48.0,0.1,0.1,0.4,3.0,230.0,0.0,0.0,0.13478260869565217
41.0,10.0,49.0,0.1,0.1,0.4,3.0,235.0,0.0,0.0,0.13617021276595745
41.0,10.0,50.0,0.1,0.1,0.4,3.0,230.0,0.0,0.0,0.13478260869565217
41.0,10.0,51.0,0.1,0.1,0.4,3.0,234.0,0.0,0.0,0.14102564102564102
41.0,10.0,52.0,0.1,0.1,0.4,3.0,229.0,0.0,0.0,0.13973799126637554
42.0,1.0,1.0,0.1,0.1,0.4,3.0,5094.0,46.0,8.0,0.10247349823321555
42.0,1.0,2.0,0.1,0.1,0.4,3.0,5029.0,52.0,17.0,0.10240604493935176
42.0,1.0,3.0,0.1,0.1,0.4,3.0,4866.0,76.0,30.0,0.1019317714755446
42.0,1.0,4.0,0.1,0.1,0.4,3.0,4616.0,104.0,29.0,0.10376949740034662
42.0,1.0,5.0,0.1,0.1,0.4,3.0,4469.0,109.0,38.0,0.10382635936451108
42.0,1.0,6.0,0.1,0.1,0.4,3.0,4373.0,129.0,51.0,0.10336153670249257
42.0,1.0,7.0,0.1,0.1,0.4,3.0,4120.0,164.0,60.0,0.10631067961165049
42.0,1.0,8.0,0.1,0.1,0.4,3.0,3910.0,185.0,66.0,0.10664961636828645
42.0,1.0,9.0,0.1,0.1,0.4,3.0,3758.0,206.0,71.0,0.10750399148483236
42.0,1.0,10.0,0.1,0.1,0.4,3.0,3536.0,211.0,78.0,0.10690045248868778
42.0,1.0,11.0,0.1,0.1,0.4,3.0,3347.0,215.0,91.0,0.11114430833582313
42.0,1.0,12.0,0.1,0.1,0.4,3.0,3145.0,211.0,86.0,0.10842607313195549
42.0,1.0,13.0,0.1,0.1,0.4,3.0,3036.0,215.0,97.0,0.11198945981554677
42.0,1.0,14.0,0.1,0.1,0.4,3.0,2932.0,219.0,105.0,0.11152796725784447
42.0,1.0,15.0,0.1,0.1,0.4,3.0,2834.0,234.0,109.0,0.1118560338743825
42.0,1.0,16.0,0.1,0.1,0.4,3.0,2730.0,240.0,102.0,0.11391941391941392
42.0,1.0,17.0,0.1,0.1,0.4,3.0,2551.0,213.0,100.0,0.11799294394355155
42.0,1.0,18.0,0.1,0.1,0.4,3.0,2475.0,210.0,109.0,0.12
42.0,1.0,19.0,0.1,0.1,0.4,3.0,2387.0,203.0,111.0,0.12316715542521994
42.0,1.0,20.0,0.1,0.1,0.4,3.0,6469.0,191.0,102.0,0.04436543515226465
42.0,1.0,21.0,0.1,0.1,0.4,3.0,5853.0,239.0,83.0,0.04561763198359815
42.0,1.0,22.0,0.1,0.1,0.4,3.0,5249.0,270.0,80.0,0.04610401981329777
42.0,1.0,23.0,0.1,0.1,0.4,3.0,4856.0,287.0,101.0,0.048805601317957165
42.0,1.0,24.0,0.1,0.1,0.4,3.0,4478.0,324.0,112.0,0.05024564537740062
42.0,1.0,25.0,0.1,0.1,0.4,3.0,4181.0,370.0,140.0,0.05381487682372638
42.0,1.0,26.0,0.1,0.1,0.4,3.0,3793.0,363.0,131.0,0.05641972053783285
42.0,1.0,27.0,0.1,0.1,0.4,3.0,3526.0,397.0,150.0,0.058423142370958595
42.0,1.0,28.0,0.1,0.1,0.4,3.0,3299.0,384.0,161.0,0.06062443164595332
42.0,1.0,29.0,0.1,0.1,0.4,3.0,3147.0,405.0,182.0,0.06291706387035272
42.0,1.0,30.0,0.1,0.1,0.4,3.0,2878.0,390.0,172.0,0.06393328700486449
42.0,1.0,31.0,0.1,0.1,0.4,3.0,2690.0,398.0,162.0,0.0654275092936803
42.0,1.0,32.0,0.1,0.1,0.4,3.0,2504.0,384.0,169.0,0.06749201277955272
42.0,1.0,33.0,0.1,0.1,0.4,3.0,2278.0,381.0,163.0,0.07243195785776997
42.0,1.0,34.0,0.1,0.1,0.4,3.0,2166.0,368.0,168.0,0.0752539242843952
42.0,1.0,35.0,0.1,0.1,0.4,3.0,2000.0,346.0,175.0,0.0775
42.0,1.0,36.0,0.1,0.1,0.4,3.0,1837.0,326.0,165.0,0.08274360370168754
42.0,1.0,37.0,0.1,0.1,0.4,3.0,1646.0,290.0,137.0,0.08809234507897934
42.0,1.0,38.0,0.1,0.1,0.4,3.0,1530.0,267.0,111.0,0.09477124183006536
42.0,1.0,39.0,0.1,0.1,0.4,3.0,1427.0,234.0,127.0,0.09810791871058164
42.0,1.0,40.0,0.1,0.1,0.4,3.0,1392.0,233.0,137.0,0.10201149425287356
42.0,1.0,41.0,0.1,0.1,0.4,3.0,1314.0,234.0,128.0,0.1050228310502283
42.0,1.0,42.0,0.1,0.1,0.4,3.0,1223.0,201.0,95.0,0.11201962387571546
42.0,1.0,43.0,0.1,0.1,0.4,3.0,1093.0,173.0,89.0,0.11893870082342177
42.0,1.0,44.0,0.1,0.1,0.4,3.0,1042.0,164.0,90.0,0.1199616122840691
42.0,1.0,45.0,0.1,0.1,0.4,3.0,991.0,159.0,104.0,0.1927346115035318
42.0,1.0,46.0,0.1,0.1,0.4,3.0,934.0,128.0,74.0,0.1937901498929336
42.0,1.0,47.0,0.1,0.1,0.4,3.0,873.0,112.0,66.0,0.20389461626575028
42.0,1.0,48.0,0.1,0.1,0.4,3.0,796.0,85.0,48.0,0.21231155778894473
42.0,1.0,49.0,0.1,0.1,0.4,3.0,750.0,71.0,49.0,0.22133333333333333
42.0,1.0,50.0,0.1,0.1,0.4,3.0,722.0,64.0,42.0,0.22299168975069253
42.0,1.0,51.0,0.1,0.1,0.4,3.0,707.0,59.0,31.0,0.2248939179632249
42.0,1.0,52.0,0.1,0.1,0.4,3.0,678.0,48.0,24.0,0.22861356932153393
42.0,2.0,1.0,0.1,0.1,0.4,3.0,671.0,41.0,18.0,0.23397913561847988
42.0,2.0,2.0,0.1,0.1,0.4,3.0,654.0,37.0,20.0,0.23394495412844038
42.0,2.0,3.0,0.1,0.1,0.4,3.0,648.0,29.0,21.0,0.23919753086419754
42.0,2.0,4.0,0.1,0.1,0.4,3.0,636.0,27.0,21.0,0.2358490566037736
42.0,2.0,5.0,0.1,0.1,0.4,3.0,633.0,21.0,15.0,0.24486571879936808
42.0,2.0,6.0,0.1,0.1,0.4,3.0,617.0,14.0,10.0,0.24149108589951376
42.0,2.0,7.0,0.1,0.1,0.4,3.0,611.0,12.0,8.0,0.24386252045826515
42.0,2.0,8.0,0.1,0.1,0.4,3.0,595.0,9.0,6.0,0.23865546218487396
42.0,2.0,9.0,0.1,0.1,0.4,3.0,597.0,7.0,5.0,0.24455611390284757
42.0,2.0,10.0,0.1,0.1,0.4,3.0,583.0,6.0,4.0,0.24013722126929674
42.0,2.0,11.0,0.1,0.1,0.4,3.0,588.0,6.0,4.0,0.24489795918367346
42.0,2.0,12.0,0.1,0.1,0.4,3.0,572.0,6.0,2.0,0.2395104895104895
42.0,2.0,13.0,0.1,0.1,0.4,3.0,576.0,5.0,3.0,0.24305555555555555
42.0,2.0,14.0,0.1,0.1,0.4,3.0,560.0,4.0,2.0,0.2375
42.0,2.0,15.0,0.1,0.1,0.4,3.0,566.0,4.0,2.0,0.24381625441696114
42.0,2.0,16.0,0.1,0.1,0.4,3.0,554.0,2.0,2.0,0.23826714801444043
42.0,2.0,17.0,0.1,0.1,0.4,3.0,549.0,2.0,2.0,0.24408014571949
42.0,2.0,18.0,0.1,0.1,0.4,3.0,542.0,4.0,2.0,0.23616236162361623
42.0,2.0,19.0,0.1,0.1,0.4,3.0,533.0,3.0,0.0,0.24202626641651032
42.0,2.0,20.0,0.1,0.1,0.4,3.0,898.0,3.0,1.0,0.13919821826280623
42.0,2.0,21.0,0.1,0.1,0.4,3.0,877.0,4.0,2.0,0.14367160775370583
42.0,2.0,22.0,0.1,0.1,0.4,3.0,805.0,6.0,3.0,0.14285714285714285
42.0,2.0,23.0,0.1,0.1,0.4,3.0,780.0,6.0,5.0,0.15
42.0,2.0,24.0,0.1,0.1,0.4,3.0,765.0,5.0,5.0,0.15294117647058825
42.0,2.0,25.0,0.1,0.1,0.4,3.0,717.0,4.0,4.0,0.15760111576011157
42.0,2.0,26.0,0.1,0.1,0.4,3.0,717.0,2.0,1.0,0.1589958158995816
42.0,2.0,27.0,0.1,0.1,0.4,3.0,677.0,1.0,0.0,0.16248153618906944
42.0,2.0,28.0,0.1,0.1,0.4,3.0,647.0,1.0,0.0,0.16383307573415765
42.0,2.0,29.0,0.1,0.1,0.4,3.0,626.0,1.0,0.0,0.16613418530351437
42.0,2.0,30.0,0.1,0.1,0.4,3.0,617.0,1.0,1.0,0.16531604538087522
42.0,2.0,31.0,0.1,0.1,0.4,3.0,602.0,1.0,1.0,0.1644518272425249
42.0,2.0,32.0,0.1,0.1,0.4,3.0,593.0,1.0,1.0,0.16526138279932545
42.0,2.0,33.0,0.1,0.1,0.4,3.0,579.0,0.0,0.0,0.16580310880829016
42.0,2.0,34.0,0.1,0.1,0.4,3.0,575.0,0.0,0.0,0.1634782608695652
42.0,2.0,35.0,0.1,0.1,0.4,3.0,562.0,0.0,0.0,0.16725978647686832
42.0,2.0,36.0,0.1,0.1,0.4,3.0,545.0,0.0,0.0,0.163302752293578
42.0,2.0,37.0,0.1,0.1,0.4,3.0,526.0,0.0,0.0,0.16920152091254753
42.0,2.0,38.0,0.1,0.1,0.4,3.0,507.0,0.0,0.0,0.16765285996055226
42.0,2.0,39.0,0.1,0.1,0.4,3.0,507.0,0.0,0.0,0.17159763313609466
42.0,2.0,40.0,0.1,0.1,0.4,3.0,500.0,0.0,0.0,0.168
42.0,2.0,41.0,0.1,0.1,0.4,3.0,500.0,0.0,0.0,0.17
42.0,2.0,42.0,0.1,0.1,0.4,3.0,495.0,0.0,0.0,0.16767676767676767
42.0,2.0,43.0,0.1,0.1,0.4,3.0,494.0,0.0,0.0,0.1700404858299595
42.0,2.0,44.0,0.1,0.1,0.4,3.0,485.0,0.0,0.0,0.1670103092783505
42.0,2.0,45.0,0.1,0.1,0.4,3.0,480.0,0.0,0.0,0.22916666666666666
42.0,2.0,46.0,0.1,0.1,0.4,3.0,468.0,0.0,0.0,0.22863247863247863
42.0,2.0,47.0,0.1,0.1,0.4,3.0,462.0,0.0,0.0,0.22727272727272727
42.0,2.0,48.0,0.1,0.1,0.4,3.0,450.0,0.0,0.0,0.2311111111111111
42.0,2.0,49.0,0.1,0.1,0.4,3.0,443.0,0.0,0.0,0.23024830699774265
42.0,2.0,50.0,0.1,0.1,0.4,3.0,438.0,0.0,0.0,0.23515981735159816
42.0,2.0,51.0,0.1,0.1,0.4,3.0,429.0,0.0,0.0,0.2331002331002331
42.0,2.0,52.0,0.1,0.1,0.4,3.0,431.0,0.0,0.0,0.23665893271461716
42.0,3.0,1.0,0.1,0.1,0.4,3.0,425.0,0.0,0.0,0.23529411764705882
42.0,3.0,2.0,0.1,0.1,0.4,3.0,424.0,0.0,0.0,0.23349056603773585
42.0,3.0,3.0,0.1,0.1,0.4,3.0,419.0,0.0,0.0,0.23627684964200477
42.0,3.0,4.0,0.1,0.1,0.4,3.0,422.0,0.0,0.0,0.23696682464454977
42.0,3.0,5.0,0.1,0.1,0.4,3.0,419.0,0.0,0.0,0.23627684964200477
42.0,3.0,6.0,0.1,0.1,0.4,3.0,420.0,0.0,0.0,0.23333333333333334
42.0,3.0,7.0,0.1,0.1,0.4,3.0,411.0,0.0,0.0,0.22627737226277372
42.0,3.0,8.0,0.1,0.1,0.4,3.0,408.0,0.0,0.0,0.22303921568627452
42.0,3.0,9.0,0.1,0.1,0.4,3.0,404.0,0.0,0.0,0.22277227722772278
42.0,3.0,10.0,0.1,0.1,0.4,3.0,405.0,0.0,0.0,0.2222222222222222
42.0,3.0,11.0,0.1,0.1,0.4,3.0,400.0,0.0,0.0,0.2225
42.0,3.0,12.0,0.1,0.1,0.4,3.0,402.0,0.0,0.0,0.22139303482587064
42.0,3.0,13.0,0.1,0.1,0.4,3.0,400.0,0.0,0.0,0.22
42.0,3.0,14.0,0.1,0.1,0.4,3.0,399.0,0.0,0.0,0.21553884711779447
42.0,3.0,15.0,0.1,0.1,0.4,3.0,400.0,0.0,0.0,0.2175
42.0,3.0,16.0,0.1,0.1,0.4,3.0,396.0,0.0,0.0,0.21464646464646464
42.0,3.0,17.0,0.1,0.1,0.4,3.0,392.0,0.0,0.0,0.21683673469387754
42.0,3.0,18.0,0.1,0.1,0.4,3.0,391.0,0.0,0.0,0.21227621483375958
42.0,3.0,19.0,0.1,0.1,0.4,3.0,388.0,0.0,0.0,0.21649484536082475
42.0,3.0,20.0,0.1,0.1,0.4,3.0,697.0,0.0,0.0,0.12051649928263988
42.0,3.0,21.0,0.1,0.1,0.4,3.0,642.0,0.0,0.0,0.1277258566978193
42.0,3.0,22.0,0.1,0.1,0.4,3.0,624.0,0.0,0.0,0.1282051282051282
42.0,3.0,23.0,0.1,0.1,0.4,3.0,618.0,0.0,0.0,0.13106796116504854
42.0,3.0,24.0,0.1,0.1,0.4,3.0,614.0,0.0,0.0,0.12866449511400652
42.0,3.0,25.0,0.1,0.1,0.4,3.0,599.0,0.0,0.0,0.1302170283806344
42.0,3.0,26.0,0.1,0.1,0.4,3.0,594.0,0.0,0.0,0.12457912457912458
42.0,3.0,27.0,0.1,0.1,0.4,3.0,558.0,0.0,0.0,0.13082437275985664
42.0,3.0,28.0,0.1,0.1,0.4,3.0,551.0,0.0,0.0,0.12885662431941924
42.0,3.0,29.0,0.1,0.1,0.4,3.0,536.0,0.0,0.0,0.13059701492537312
42.0,3.0,30.0,0.1,0.1,0.4,3.0,540.0,0.0,0.0,0.12777777777777777
42.0,3.0,31.0,0.1,0.1,0.4,3.0,502.0,0.0,0.0,0.13346613545816732
42.0,3.0,32.0,0.1,0.1,0.4,3.0,508.0,0.0,0.0,0.12992125984251968
42.0,3.0,33.0,0.1,0.1,0.4,3.0,485.0,0.0,0.0,0.13814432989690723
42.0,3.0,34.0,0.1,0.1,0.4,3.0,484.0,0.0,0.0,0.13636363636363635
42.0,3.0,35.0,0.1,0.1,0.4,3.0,477.0,0.0,0.0,0.14046121593291405
42.0,3.0,36.0,0.1,0.1,0.4,3.0,465.0,0.0,0.0,0.13548387096774195
42.0,3.0,37.0,0.1,0.1,0.4,3.0,447.0,0.0,0.0,0.14093959731543623
42.0,3.0,38.0,0.1,0.1,0.4,3.0,452.0,0.0,0.0,0.13938053097345132
42.0,3.0,39.0,0.1,0.1,0.4,3.0,441.0,0.0,0.0,0.14285714285714285
42.0,3.0,40.0,0.1,0.1,0.4,3.0,436.0,0.0,0.0,0.13990825688073394
42.0,3.0,41.0,0.1,0.1,0.4,3.0,424.0,0.0,0.0,0.14386792452830188
42.0,3.0,42.0,0.1,0.1,0.4,3.0,431.0,0.0,0.0,0.14153132250580047
42.0,3.0,43.0,0.1,0.1,0.4,3.0,424.0,0.0,0.0,0.14386792452830188
42.0,3.0,44.0,0.1,0.1,0.4,3.0,410.0,0.0,0.0,0.14634146341463414
42.0,3.0,45.0,0.1,0.1,0.4,3.0,375.0,0.0,0.0,0.22133333333333333
42.0,3.0,46.0,0.1,0.1,0.4,3.0,372.0,0.0,0.0,0.22580645161290322
42.0,3.0,47.0,0.1,0.1,0.4,3.0,365.0,0.0,0.0,0.2219178082191781
42.0,3.0,48.0,0.1,0.1,0.4,3.0,365.0,0.0,0.0,0.2219178082191781
42.0,3.0,49.0,0.1,0.1,0.4,3.0,360.0,0.0,0.0,0.21944444444444444
42.0,3.0,50.0,0.1,0.1,0.4,3.0,361.0,0.0,0.0,0.22160664819944598
42.0,3.0,51.0,0.1,0.1,0.4,3.0,357.0,0.0,0.0,0.21568627450980393
42.0,3.0,52.0,0.1,0.1,0.4,3.0,357.0,0.0,0.0,0.22128851540616246
42.0,4.0,1.0,0.1,0.1,0.4,3.0,355.0,0.0,0.0,0.21971830985915494
42.0,4.0,2.0,0.1,0.1,0.4,3.0,353.0,0.0,0.0,0.22096317280453256
42.0,4.0,3.0,0.1,0.1,0.4,3.0,347.0,0.0,0.0,0.21902017291066284
42.0,4.0,4.0,0.1,0.1,0.4,3.0,349.0,0.0,0.0,0.22063037249283668
42.0,4.0,5.0,0.1,0.1,0.4,3.0,345.0,0.0,0.0,0.22318840579710145
42.0,4.0,6.0,0.1,0.1,0.4,3.0,345.0,0.0,0.0,0.22318840579710145
42.0,4.0,7.0,0.1,0.1,0.4,3.0,341.0,0.0,0.0,0.22580645161290322
42.0,4.0,8.0,0.1,0.1,0.4,3.0,342.0,0.0,0.0,0.22807017543859648
42.0,4.0,9.0,0.1,0.1,0.4,3.0,335.0,0.0,0.0,0.2298507462686567
42.0,4.0,10.0,0.1,0.1,0.4,3.0,336.0,0.0,0.0,0.23214285714285715
42.0,4.0,11.0,0.1,0.1,0.4,3.0,332.0,0.0,0.0,0.2319277108433735
42.0,4.0,12.0,0.1,0.1,0.4,3.0,324.0,0.0,0.0,0.22839506172839505
42.0,4.0,13.0,0.1,0.1,0.4,3.0,314.0,0.0,0.0,0.22611464968152867
42.0,4.0,14.0,0.1,0.1,0.4,3.0,317.0,0.0,0.0,0.22712933753943218
42.0,4.0,15.0,0.1,0.1,0.4,3.0,314.0,0.0,0.0,0.22611464968152867
42.0,4.0,16.0,0.1,0.1,0.4,3.0,308.0,0.0,0.0,0.2305194805194805
42.0,4.0,17.0,0.1,0.1,0.4,3.0,303.0,0.0,0.0,0.22772277227722773
42.0,4.0,18.0,0.1,0.1,0.4,3.0,305.0,0.0,0.0,0.22950819672131148
42.0,4.0,19.0,0.1,0.1,0.4,3.0,302.0,0.0,0.0,0.22847682119205298
42.0,4.0,20.0,0.1,0.1,0.4,3.0,515.0,0.0,0.0,0.13592233009708737
42.0,4.0,21.0,0.1,0.1,0.4,3.0,499.0,0.0,0.0,0.1342685370741483
42.0,4.0,22.0,0.1,0.1,0.4,3.0,489.0,0.0,0.0,0.1390593047034765
42.0,4.0,23.0,0.1,0.1,0.4,3.0,486.0,0.0,0.0,0.13786008230452676
42.0,4.0,24.0,0.1,0.1,0.4,3.0,450.0,0.0,0.0,0.14444444444444443
42.0,4.0,25.0,0.1,0.1,0.4,3.0,439.0,0.0,0.0,0.14578587699316628
42.0,4.0,26.0,0.1,0.1,0.4,3.0,441.0,0.0,0.0,0.14965986394557823
42.0,4.0,27.0,0.1,0.1,0.4,3.0,439.0,0.0,0.0,0.14578587699316628
42.0,4.0,28.0,0.1,0.1,0.4,3.0,440.0,0.0,0.0,0.15
42.0,4.0,29.0,0.1,0.1,0.4,3.0,438.0,0.0,0.0,0.1461187214611872
42.0,4.0,30.0,0.1,0.1,0.4,3.0,427.0,0.0,0.0,0.14754098360655737
42.0,4.0,31.0,0.1,0.1,0.4,3.0,424.0,0.0,0.0,0.14386792452830188
42.0,4.0,32.0,0.1,0.1,0.4,3.0,425.0,0.0,0.0,0.14352941176470588
42.0,4.0,33.0,0.1,0.1,0.4,3.0,405.0,0.0,0.0,0.145679012345679
42.0,4.0,34.0,0.1,0.1,0.4,3.0,408.0,0.0,0.0,0.14950980392156862
42.0,4.0,35.0,0.1,0.1,0.4,3.0,406.0,0.0,0.0,0.1477832512315271
42.0,4.0,36.0,0.1,0.1,0.4,3.0,398.0,0.0,0.0,0.15326633165829145
42.0,4.0,37.0,0.1,0.1,0.4,3.0,391.0,0.0,0.0,0.1483375959079284
42.0,4.0,38.0,0.1,0.1,0.4,3.0,393.0,0.0,0.0,0.15012722646310434
42.0,4.0,39.0,0.1,0.1,0.4,3.0,391.0,0.0,0.0,0.1483375959079284
42.0,4.0,40.0,0.1,0.1,0.4,3.0,387.0,0.0,0.0,0.1524547803617571
42.0,4.0,41.0,0.1,0.1,0.4,3.0,366.0,0.0,0.0,0.15846994535519127
42.0,4.0,42.0,0.1,0.1,0.4,3.0,352.0,0.0,0.0,0.16193181818181818
42.0,4.0,43.0,0.1,0.1,0.4,3.0,334.0,0.0,0.0,0.16167664670658682
42.0,4.0,44.0,0.1,0.1,0.4,3.0,328.0,0.0,0.0,0.15853658536585366
42.0,4.0,45.0,0.1,0.1,0.4,3.0,327.0,0.0,0.0,0.21712538226299694
42.0,4.0,46.0,0.1,0.1,0.4,3.0,322.0,0.0,0.0,0.2236024844720497
42.0,4.0,47.0,0.1,0.1,0.4,3.0,302.0,0.0,0.0,0.22185430463576158
42.0,4.0,48.0,0.1,0.1,0.4,3.0,303.0,0.0,0.0,0.22772277227722773
42.0,4.0,49.0,0.1,0.1,0.4,3.0,300.0,0.0,0.0,0.22333333333333333
42.0,4.0,50.0,0.1,0.1,0.4,3.0,306.0,0.0,0.0,0.22875816993464052
42.0,4.0,51.0,0.1,0.1,0.4,3.0,300.0,0.0,0.0,0.22333333333333333
42.0,4.0,52.0,0.1,0.1,0.4,3.0,305.0,0.0,0.0,0.2262295081967213
42.0,5.0,1.0,0.1,0.1,0.4,3.0,292.0,0.0,0.0,0.22945205479452055
42.0,5.0,2.0,0.1,0.1,0.4,3.0,297.0,0.0,0.0,0.2356902356902357
42.0,5.0,3.0,0.1,0.1,0.4,3.0,284.0,0.0,0.0,0.21830985915492956
42.0,5.0,4.0,0.1,0.1,0.4,3.0,283.0,0.0,0.0,0.2226148409893993
42.0,5.0,5.0,0.1,0.1,0.4,3.0,284.0,0.0,0.0,0.21830985915492956
42.0,5.0,6.0,0.1,0.1,0.4,3.0,280.0,0.0,0.0,0.21785714285714286
42.0,5.0,7.0,0.1,0.1,0.4,3.0,280.0,0.0,0.0,0.21785714285714286
42.0,5.0,8.0,0.1,0.1,0.4,3.0,281.0,0.0,0.0,0.21708185053380782
42.0,5.0,9.0,0.1,0.1,0.4,3.0,281.0,0.0,0.0,0.21352313167259787
42.0,5.0,10.0,0.1,0.1,0.4,3.0,278.0,0.0,0.0,0.2158273381294964
42.0,5.0,11.0,0.1,0.1,0.4,3.0,279.0,0.0,0.0,0.21505376344086022
42.0,5.0,12.0,0.1,0.1,0.4,3.0,277.0,0.0,0.0,0.21660649819494585
42.0,5.0,13.0,0.1,0.1,0.4,3.0,279.0,0.0,0.0,0.21505376344086022
42.0,5.0,14.0,0.1,0.1,0.4,3.0,277.0,0.0,0.0,0.21660649819494585
42.0,5.0,15.0,0.1,0.1,0.4,3.0,279.0,0.0,0.0,0.21505376344086022
42.0,5.0,16.0,0.1,0.1,0.4,3.0,275.0,0.0,0.0,0.21454545454545454
42.0,5.0,17.0,0.1,0.1,0.4,3.0,277.0,0.0,0.0,0.21299638989169675
42.0,5.0,18.0,0.1,0.1,0.4,3.0,275.0,0.0,0.0,0.21454545454545454
42.0,5.0,19.0,0.1,0.1,0.4,3.0,275.0,0.0,0.0,0.2109090909090909
42.0,5.0,20.0,0.1,0.1,0.4,3.0,556.0,0.0,0.0,0.10431654676258993
42.0,5.0,21.0,0.1,0.1,0.4,3.0,544.0,0.0,0.0,0.10845588235294118
42.0,5.0,22.0,0.1,0.1,0.4,3.0,497.0,0.0,0.0,0.11267605633802817
42.0,5.0,23.0,0.1,0.1,0.4,3.0,435.0,0.0,0.0,0.12643678160919541
42.0,5.0,24.0,0.1,0.1,0.4,3.0,431.0,0.0,0.0,0.12529002320185614
42.0,5.0,25.0,0.1,0.1,0.4,3.0,428.0,0.0,0.0,0.12850467289719625
42.0,5.0,26.0,0.1,0.1,0.4,3.0,413.0,0.0,0.0,0.12832929782082325
42.0,5.0,27.0,0.1,0.1,0.4,3.0,415.0,0.0,0.0,0.13012048192771083
42.0,5.0,28.0,0.1,0.1,0.4,3.0,413.0,0.0,0.0,0.12832929782082325
42.0,5.0,29.0,0.1,0.1,0.4,3.0,397.0,0.0,0.0,0.1309823677581864
42.0,5.0,30.0,0.1,0.1,0.4,3.0,388.0,0.0,0.0,0.13402061855670103
42.0,5.0,31.0,0.1,0.1,0.4,3.0,378.0,0.0,0.0,0.13227513227513227
42.0,5.0,32.0,0.1,0.1,0.4,3.0,378.0,0.0,0.0,0.1349206349206349
42.0,5.0,33.0,0.1,0.1,0.4,3.0,361.0,0.0,0.0,0.13573407202216067
42.0,5.0,34.0,0.1,0.1,0.4,3.0,319.0,0.0,0.0,0.1536050156739812
42.0,5.0,35.0,0.1,0.1,0.4,3.0,319.0,0.0,0.0,0.15047021943573669
42.0,5.0,36.0,0.1,0.1,0.4,3.0,318.0,0.0,0.0,0.1540880503144654
42.0,5.0,37.0,0.1,0.1,0.4,3.0,317.0,0.0,0.0,0.15141955835962145
42.0,5.0,38.0,0.1,0.1,0.4,3.0,317.0,0.0,0.0,0.15141955835962145
42.0,5.0,39.0,0.1,0.1,0.4,3.0,287.0,0.0,0.0,0.156794425087108
42.0,5.0,40.0,0.1,0.1,0.4,3.0,288.0,0.0,0.0,0.1597222222222222
42.0,5.0,41.0,0.1,0.1,0.4,3.0,284.0,0.0,0.0,0.15845070422535212
42.0,5.0,42.0,0.1,0.1,0.4,3.0,280.0,0.0,0.0,0.16428571428571428
42.0,5.0,43.0,0.1,0.1,0.4,3.0,279.0,0.0,0.0,0.16129032258064516
42.0,5.0,44.0,0.1,0.1,0.4,3.0,280.0,0.0,0.0,0.16428571428571428
42.0,5.0,45.0,0.1,0.1,0.4,3.0,277.0,0.0,0.0,0.20216606498194944
42.0,5.0,46.0,0.1,0.1,0.4,3.0,278.0,0.0,0.0,0.20503597122302158
42.0,5.0,47.0,0.1,0.1,0.4,3.0,277.0,0.0,0.0,0.20216606498194944
42.0,5.0,48.0,0.1,0.1,0.4,3.0,278.0,0.0,0.0,0.20503597122302158
42.0,5.0,49.0,0.1,0.1,0.4,3.0,269.0,0.0,0.0,0.19330855018587362
42.0,5.0,50.0,0.1,0.1,0.4,3.0,272.0,0.0,0.0,0.19117647058823528
42.0,5.0,51.0,0.1,0.1,0.4,3.0,267.0,0.0,0.0,0.18726591760299627
42.0,5.0,52.0,0.1,0.1,0.4,3.0,271.0,0.0,0.0,0.1881918819188192
42.0,6.0,1.0,0.1,0.1,0.4,3.0,267.0,0.0,0.0,0.18726591760299627
42.0,6.0,2.0,0.1,0.1,0.4,3.0,270.0,0.0,0.0,0.18888888888888888
42.0,6.0,3.0,0.1,0.1,0.4,3.0,266.0,0.0,0.0,0.18796992481203006
42.0,6.0,4.0,0.1,0.1,0.4,3.0,269.0,0.0,0.0,0.1895910780669145
42.0,6.0,5.0,0.1,0.1,0.4,3.0,266.0,0.0,0.0,0.18796992481203006
42.0,6.0,6.0,0.1,0.1,0.4,3.0,269.0,0.0,0.0,0.1895910780669145
42.0,6.0,7.0,0.1,0.1,0.4,3.0,266.0,0.0,0.0,0.18796992481203006
42.0,6.0,8.0,0.1,0.1,0.4,3.0,268.0,0.0,0.0,0.1865671641791045
42.0,6.0,9.0,0.1,0.1,0.4,3.0,265.0,0.0,0.0,0.18490566037735848
42.0,6.0,10.0,0.1,0.1,0.4,3.0,267.0,0.0,0.0,0.18352059925093633
42.0,6.0,11.0,0.1,0.1,0.4,3.0,265.0,0.0,0.0,0.1811320754716981
42.0,6.0,12.0,0.1,0.1,0.4,3.0,263.0,0.0,0.0,0.18250950570342206
42.0,6.0,13.0,0.1,0.1,0.4,3.0,261.0,0.0,0.0,0.18007662835249041
42.0,6.0,14.0,0.1,0.1,0.4,3.0,262.0,0.0,0.0,0.17938931297709923
42.0,6.0,15.0,0.1,0.1,0.4,3.0,263.0,0.0,0.0,0.17490494296577946
42.0,6.0,16.0,0.1,0.1,0.4,3.0,264.0,0.0,0.0,0.17803030303030304
42.0,6.0,17.0,0.1,0.1,0.4,3.0,263.0,0.0,0.0,0.17490494296577946
42.0,6.0,18.0,0.1,0.1,0.4,3.0,265.0,0.0,0.0,0.17735849056603772
42.0,6.0,19.0,0.1,0.1,0.4,3.0,263.0,0.0,0.0,0.17490494296577946
42.0,6.0,20.0,0.1,0.1,0.4,3.0,466.0,0.0,0.0,0.10085836909871244
42.0,6.0,21.0,0.1,0.1,0.4,3.0,429.0,0.0,0.0,0.1048951048951049
42.0,6.0,22.0,0.1,0.1,0.4,3.0,426.0,0.0,0.0,0.107981220657277
42.0,6.0,23.0,0.1,0.1,0.4,3.0,409.0,0.0,0.0,0.1100244498777506
42.0,6.0,24.0,0.1,0.1,0.4,3.0,417.0,0.0,0.0,0.11031175059952038
42.0,6.0,25.0,0.1,0.1,0.4,3.0,395.0,0.0,0.0,0.10886075949367088
42.0,6.0,26.0,0.1,0.1,0.4,3.0,385.0,0.0,0.0,0.10909090909090909
42.0,6.0,27.0,0.1,0.1,0.4,3.0,373.0,0.0,0.0,0.1126005361930295
42.0,6.0,28.0,0.1,0.1,0.4,3.0,364.0,0.0,0.0,0.11263736263736264
42.0,6.0,29.0,0.1,0.1,0.4,3.0,354.0,0.0,0.0,0.11581920903954802
42.0,6.0,30.0,0.1,0.1,0.4,3.0,354.0,0.0,0.0,0.11581920903954802
42.0,6.0,31.0,0.1,0.1,0.4,3.0,353.0,0.0,0.0,0.11331444759206799
42.0,6.0,32.0,0.1,0.1,0.4,3.0,322.0,0.0,0.0,0.12111801242236025
42.0,6.0,33.0,0.1,0.1,0.4,3.0,321.0,0.0,0.0,0.12149532710280374
42.0,6.0,34.0,0.1,0.1,0.4,3.0,321.0,0.0,0.0,0.12149532710280374
42.0,6.0,35.0,0.1,0.1,0.4,3.0,320.0,0.0,0.0,0.121875
42.0,6.0,36.0,0.1,0.1,0.4,3.0,320.0,0.0,0.0,0.121875
42.0,6.0,37.0,0.1,0.1,0.4,3.0,320.0,0.0,0.0,0.121875
42.0,6.0,38.0,0.1,0.1,0.4,3.0,319.0,0.0,0.0,0.12225705329153605
42.0,6.0,39.0,0.1,0.1,0.4,3.0,310.0,0.0,0.0,0.12580645161290321
42.0,6.0,40.0,0.1,0.1,0.4,3.0,310.0,0.0,0.0,0.12580645161290321
42.0,6.0,41.0,0.1,0.1,0.4,3.0,311.0,0.0,0.0,0.12540192926045016
42.0,6.0,42.0,0.1,0.1,0.4,3.0,311.0,0.0,0.0,0.12540192926045016
42.0,6.0,43.0,0.1,0.1,0.4,3.0,296.0,0.0,0.0,0.12837837837837837
42.0,6.0,44.0,0.1,0.1,0.4,3.0,285.0,0.0,0.0,0.12280701754385964
42.0,6.0,45.0,0.1,0.1,0.4,3.0,283.0,0.0,0.0,0.20848056537102475
42.0,6.0,46.0,0.1,0.1,0.4,3.0,277.0,0.0,0.0,0.20938628158844766
42.0,6.0,47.0,0.1,0.1,0.4,3.0,267.0,0.0,0.0,0.20973782771535582
42.0,6.0,48.0,0.1,0.1,0.4,3.0,267.0,0.0,0.0,0.21348314606741572
42.0,6.0,49.0,0.1,0.1,0.4,3.0,266.0,0.0,0.0,0.21052631578947367
42.0,6.0,50.0,0.1,0.1,0.4,3.0,267.0,0.0,0.0,0.21348314606741572
42.0,6.0,51.0,0.1,0.1,0.4,3.0,265.0,0.0,0.0,0.21132075471698114
42.0,6.0,52.0,0.1,0.1,0.4,3.0,258.0,0.0,0.0,0.21705426356589147
42.0,7.0,1.0,0.1,0.1,0.4,3.0,256.0,0.0,0.0,0.21484375
42.0,7.0,2.0,0.1,0.1,0.4,3.0,256.0,0.0,0.0,0.21875
42.0,7.0,3.0,0.1,0.1,0.4,3.0,254.0,0.0,0.0,0.2125984251968504
42.0,7.0,4.0,0.1,0.1,0.4,3.0,254.0,0.0,0.0,0.21653543307086615
42.0,7.0,5.0,0.1,0.1,0.4,3.0,251.0,0.0,0.0,0.21115537848605578
42.0,7.0,6.0,0.1,0.1,0.4,3.0,251.0,0.0,0.0,0.2151394422310757
42.0,7.0,7.0,0.1,0.1,0.4,3.0,249.0,0.0,0.0,0.20481927710843373
42.0,7.0,8.0,0.1,0.1,0.4,3.0,246.0,0.0,0.0,0.21138211382113822
42.0,7.0,9.0,0.1,0.1,0.4,3.0,243.0,0.0,0.0,0.205761316872428
42.0,7.0,10.0,0.1,0.1,0.4,3.0,245.0,0.0,0.0,0.20816326530612245
42.0,7.0,11.0,0.1,0.1,0.4,3.0,243.0,0.0,0.0,0.205761316872428
42.0,7.0,12.0,0.1,0.1,0.4,3.0,245.0,0.0,0.0,0.20816326530612245
42.0,7.0,13.0,0.1,0.1,0.4,3.0,243.0,0.0,0.0,0.205761316872428
42.0,7.0,14.0,0.1,0.1,0.4,3.0,244.0,0.0,0.0,0.20901639344262296
42.0,7.0,15.0,0.1,0.1,0.4,3.0,241.0,0.0,0.0,0.2074688796680498
42.0,7.0,16.0,0.1,0.1,0.4,3.0,240.0,0.0,0.0,0.2125
42.0,7.0,17.0,0.1,0.1,0.4,3.0,238.0,0.0,0.0,0.20588235294117646
42.0,7.0,18.0,0.1,0.1,0.4,3.0,240.0,0.0,0.0,0.20833333333333334
42.0,7.0,19.0,0.1,0.1,0.4,3.0,238.0,0.0,0.0,0.20168067226890757
42.0,7.0,20.0,0.1,0.1,0.4,3.0,435.0,0.0,0.0,0.11494252873563218
42.0,7.0,21.0,0.1,0.1,0.4,3.0,415.0,0.0,0.0,0.1108433734939759
42.0,7.0,22.0,0.1,0.1,0.4,3.0,408.0,0.0,0.0,0.11764705882352941
42.0,7.0,23.0,0.1,0.1,0.4,3.0,386.0,0.0,0.0,0.11398963730569948
42.0,7.0,24.0,0.1,0.1,0.4,3.0,387.0,0.0,0.0,0.11886304909560723
42.0,7.0,25.0,0.1,0.1,0.4,3.0,384.0,0.0,0.0,0.11458333333333333
42.0,7.0,26.0,0.1,0.1,0.4,3.0,357.0,0.0,0.0,0.12044817927170869
42.0,7.0,27.0,0.1,0.1,0.4,3.0,323.0,0.0,0.0,0.11764705882352941
42.0,7.0,28.0,0.1,0.1,0.4,3.0,304.0,0.0,0.0,0.12828947368421054
42.0,7.0,29.0,0.1,0.1,0.4,3.0,283.0,0.0,0.0,0.13074204946996468
42.0,7.0,30.0,0.1,0.1,0.4,3.0,275.0,0.0,0.0,0.14181818181818182
42.0,7.0,31.0,0.1,0.1,0.4,3.0,266.0,0.0,0.0,0.13533834586466165
42.0,7.0,32.0,0.1,0.1,0.4,3.0,266.0,0.0,0.0,0.13909774436090225
42.0,7.0,33.0,0.1,0.1,0.4,3.0,263.0,0.0,0.0,0.13307984790874525
42.0,7.0,34.0,0.1,0.1,0.4,3.0,267.0,0.0,0.0,0.13857677902621723
42.0,7.0,35.0,0.1,0.1,0.4,3.0,269.0,0.0,0.0,0.13011152416356878
42.0,7.0,36.0,0.1,0.1,0.4,3.0,271.0,0.0,0.0,0.13653136531365315
42.0,7.0,37.0,0.1,0.1,0.4,3.0,268.0,0.0,0.0,0.13059701492537312
42.0,7.0,38.0,0.1,0.1,0.4,3.0,270.0,0.0,0.0,0.13703703703703704
42.0,7.0,39.0,0.1,0.1,0.4,3.0,268.0,0.0,0.0,0.13059701492537312
42.0,7.0,40.0,0.1,0.1,0.4,3.0,258.0,0.0,0.0,0.13953488372093023
42.0,7.0,41.0,0.1,0.1,0.4,3.0,254.0,0.0,0.0,0.13385826771653545
42.0,7.0,42.0,0.1,0.1,0.4,3.0,259.0,0.0,0.0,0.138996138996139
42.0,7.0,43.0,0.1,0.1,0.4,3.0,254.0,0.0,0.0,0.13385826771653545
42.0,7.0,44.0,0.1,0.1,0.4,3.0,256.0,0.0,0.0,0.13671875
42.0,7.0,45.0,0.1,0.1,0.4,3.0,252.0,0.0,0.0,0.1865079365079365
42.0,7.0,46.0,0.1,0.1,0.4,3.0,254.0,0.0,0.0,0.19291338582677164
42.0,7.0,47.0,0.1,0.1,0.4,3.0,250.0,0.0,0.0,0.188
42.0,7.0,48.0,0.1,0.1,0.4,3.0,254.0,0.0,0.0,0.19291338582677164
42.0,7.0,49.0,0.1,0.1,0.4,3.0,251.0,0.0,0.0,0.18725099601593626
42.0,7.0,50.0,0.1,0.1,0.4,3.0,254.0,0.0,0.0,0.19291338582677164
42.0,7.0,51.0,0.1,0.1,0.4,3.0,249.0,0.0,0.0,0.18473895582329317
42.0,7.0,52.0,0.1,0.1,0.4,3.0,252.0,0.0,0.0,0.19047619047619047
42.0,8.0,1.0,0.1,0.1,0.4,3.0,249.0,0.0,0.0,0.18473895582329317
42.0,8.0,2.0,0.1,0.1,0.4,3.0,249.0,0.0,0.0,0.18875502008032127
42.0,8.0,3.0,0.1,0.1,0.4,3.0,246.0,0.0,0.0,0.18699186991869918
42.0,8.0,4.0,0.1,0.1,0.4,3.0,248.0,0.0,0.0,0.18951612903225806
42.0,8.0,5.0,0.1,0.1,0.4,3.0,244.0,0.0,0.0,0.1885245901639344
42.0,8.0,6.0,0.1,0.1,0.4,3.0,246.0,0.0,0.0,0.1910569105691057
42.0,8.0,7.0,0.1,0.1,0.4,3.0,240.0,0.0,0.0,0.19166666666666668
42.0,8.0,8.0,0.1,0.1,0.4,3.0,244.0,0.0,0.0,0.19262295081967212
42.0,8.0,9.0,0.1,0.1,0.4,3.0,241.0,0.0,0.0,0.1908713692946058
42.0,8.0,10.0,0.1,0.1,0.4,3.0,243.0,0.0,0.0,0.1934156378600823
42.0,8.0,11.0,0.1,0.1,0.4,3.0,239.0,0.0,0.0,0.19246861924686193
42.0,8.0,12.0,0.1,0.1,0.4,3.0,241.0,0.0,0.0,0.1950207468879668
42.0,8.0,13.0,0.1,0.1,0.4,3.0,237.0,0.0,0.0,0.1940928270042194
42.0,8.0,14.0,0.1,0.1,0.4,3.0,241.0,0.0,0.0,0.1950207468879668
42.0,8.0,15.0,0.1,0.1,0.4,3.0,237.0,0.0,0.0,0.1940928270042194
42.0,8.0,16.0,0.1,0.1,0.4,3.0,242.0,0.0,0.0,0.19421487603305784
42.0,8.0,17.0,0.1,0.1,0.4,3.0,238.0,0.0,0.0,0.19327731092436976
42.0,8.0,18.0,0.1,0.1,0.4,3.0,241.0,0.0,0.0,0.1950207468879668
42.0,8.0,19.0,0.1,0.1,0.4,3.0,241.0,0.0,0.0,0.1908713692946058
42.0,8.0,20.0,0.1,0.1,0.4,3.0,455.0,0.0,0.0,0.10329670329670329
42.0,8.0,21.0,0.1,0.1,0.4,3.0,430.0,0.0,0.0,0.10465116279069768
42.0,8.0,22.0,0.1,0.1,0.4,3.0,395.0,0.0,0.0,0.11139240506329114
42.0,8.0,23.0,0.1,0.1,0.4,3.0,373.0,0.0,0.0,0.1126005361930295
42.0,8.0,24.0,0.1,0.1,0.4,3.0,375.0,0.0,0.0,0.11466666666666667
42.0,8.0,25.0,0.1,0.1,0.4,3.0,353.0,0.0,0.0,0.11614730878186968
42.0,8.0,26.0,0.1,0.1,0.4,3.0,362.0,0.0,0.0,0.11602209944751381
42.0,8.0,27.0,0.1,0.1,0.4,3.0,360.0,0.0,0.0,0.11388888888888889
42.0,8.0,28.0,0.1,0.1,0.4,3.0,353.0,0.0,0.0,0.11898016997167139
42.0,8.0,29.0,0.1,0.1,0.4,3.0,351.0,0.0,0.0,0.1168091168091168
42.0,8.0,30.0,0.1,0.1,0.4,3.0,343.0,0.0,0.0,0.12244897959183673
42.0,8.0,31.0,0.1,0.1,0.4,3.0,341.0,0.0,0.0,0.12023460410557185
42.0,8.0,32.0,0.1,0.1,0.4,3.0,340.0,0.0,0.0,0.12352941176470589
42.0,8.0,33.0,0.1,0.1,0.4,3.0,337.0,0.0,0.0,0.12166172106824925
42.0,8.0,34.0,0.1,0.1,0.4,3.0,331.0,0.0,0.0,0.12386706948640483
42.0,8.0,35.0,0.1,0.1,0.4,3.0,331.0,0.0,0.0,0.12084592145015106
42.0,8.0,36.0,0.1,0.1,0.4,3.0,330.0,0.0,0.0,0.12424242424242424
42.0,8.0,37.0,0.1,0.1,0.4,3.0,324.0,0.0,0.0,0.12345679012345678
42.0,8.0,38.0,0.1,0.1,0.4,3.0,324.0,0.0,0.0,0.12654320987654322
42.0,8.0,39.0,0.1,0.1,0.4,3.0,312.0,0.0,0.0,0.1282051282051282
42.0,8.0,40.0,0.1,0.1,0.4,3.0,289.0,0.0,0.0,0.1384083044982699
42.0,8.0,41.0,0.1,0.1,0.4,3.0,288.0,0.0,0.0,0.13541666666666666
42.0,8.0,42.0,0.1,0.1,0.4,3.0,272.0,0.0,0.0,0.13970588235294118
42.0,8.0,43.0,0.1,0.1,0.4,3.0,271.0,0.0,0.0,0.13653136531365315
42.0,8.0,44.0,0.1,0.1,0.4,3.0,272.0,0.0,0.0,0.13970588235294118
42.0,8.0,45.0,0.1,0.1,0.4,3.0,260.0,0.0,0.0,0.23076923076923078
42.0,8.0,46.0,0.1,0.1,0.4,3.0,259.0,0.0,0.0,0.23166023166023167
42.0,8.0,47.0,0.1,0.1,0.4,3.0,258.0,0.0,0.0,0.2248062015503876
42.0,8.0,48.0,0.1,0.1,0.4,3.0,249.0,0.0,0.0,0.23293172690763053
42.0,8.0,49.0,0.1,0.1,0.4,3.0,239.0,0.0,0.0,0.2384937238493724
42.0,8.0,50.0,0.1,0.1,0.4,3.0,240.0,0.0,0.0,0.24583333333333332
42.0,8.0,51.0,0.1,0.1,0.4,3.0,239.0,0.0,0.0,0.2384937238493724
42.0,8.0,52.0,0.1,0.1,0.4,3.0,235.0,0.0,0.0,0.24680851063829787
42.0,9.0,1.0,0.1,0.1,0.4,3.0,238.0,0.0,0.0,0.23949579831932774
42.0,9.0,2.0,0.1,0.1,0.4,3.0,235.0,0.0,0.0,0.24680851063829787
42.0,9.0,3.0,0.1,0.1,0.4,3.0,239.0,0.0,0.0,0.24267782426778242
42.0,9.0,4.0,0.1,0.1,0.4,3.0,234.0,0.0,0.0,0.24786324786324787
42.0,9.0,5.0,0.1,0.1,0.4,3.0,237.0,0.0,0.0,0.24050632911392406
42.0,9.0,6.0,0.1,0.1,0.4,3.0,235.0,0.0,0.0,0.251063829787234
42.0,9.0,7.0,0.1,0.1,0.4,3.0,234.0,0.0,0.0,0.24358974358974358
42.0,9.0,8.0,0.1,0.1,0.4,3.0,232.0,0.0,0.0,0.25
42.0,9.0,9.0,0.1,0.1,0.4,3.0,234.0,0.0,0.0,0.24358974358974358
42.0,9.0,10.0,0.1,0.1,0.4,3.0,232.0,0.0,0.0,0.2543103448275862
42.0,9.0,11.0,0.1,0.1,0.4,3.0,235.0,0.0,0.0,0.2425531914893617
42.0,9.0,12.0,0.1,0.1,0.4,3.0,230.0,0.0,0.0,0.2565217391304348
42.0,9.0,13.0,0.1,0.1,0.4,3.0,232.0,0.0,0.0,0.24568965517241378
42.0,9.0,14.0,0.1,0.1,0.4,3.0,229.0,0.0,0.0,0.2576419213973799
42.0,9.0,15.0,0.1,0.1,0.4,3.0,231.0,0.0,0.0,0.24675324675324675
42.0,9.0,16.0,0.1,0.1,0.4,3.0,228.0,0.0,0.0,0.2543859649122807
42.0,9.0,17.0,0.1,0.1,0.4,3.0,231.0,0.0,0.0,0.2510822510822511
42.0,9.0,18.0,0.1,0.1,0.4,3.0,228.0,0.0,0.0,0.2543859649122807
42.0,9.0,19.0,0.1,0.1,0.4,3.0,230.0,0.0,0.0,0.24782608695652175
42.0,9.0,20.0,0.1,0.1,0.4,3.0,412.0,0.0,0.0,0.1262135922330097
42.0,9.0,21.0,0.1,0.1,0.4,3.0,370.0,0.0,0.0,0.12432432432432433
42.0,9.0,22.0,0.1,0.1,0.4,3.0,351.0,0.0,0.0,0.1339031339031339
42.0,9.0,23.0,0.1,0.1,0.4,3.0,351.0,0.0,0.0,0.13105413105413105
42.0,9.0,24.0,0.1,0.1,0.4,3.0,343.0,0.0,0.0,0.13702623906705538
42.0,9.0,25.0,0.1,0.1,0.4,3.0,316.0,0.0,0.0,0.1360759493670886
42.0,9.0,26.0,0.1,0.1,0.4,3.0,315.0,0.0,0.0,0.13968253968253969
42.0,9.0,27.0,0.1,0.1,0.4,3.0,316.0,0.0,0.0,0.1360759493670886
42.0,9.0,28.0,0.1,0.1,0.4,3.0,314.0,0.0,0.0,0.13694267515923567
42.0,9.0,29.0,0.1,0.1,0.4,3.0,292.0,0.0,0.0,0.14726027397260275
42.0,9.0,30.0,0.1,0.1,0.4,3.0,288.0,0.0,0.0,0.14583333333333334
42.0,9.0,31.0,0.1,0.1,0.4,3.0,288.0,0.0,0.0,0.14930555555555555
42.0,9.0,32.0,0.1,0.1,0.4,3.0,290.0,0.0,0.0,0.1482758620689655
42.0,9.0,33.0,0.1,0.1,0.4,3.0,280.0,0.0,0.0,0.15
42.0,9.0,34.0,0.1,0.1,0.4,3.0,269.0,0.0,0.0,0.15613382899628253
42.0,9.0,35.0,0.1,0.1,0.4,3.0,262.0,0.0,0.0,0.15267175572519084
42.0,9.0,36.0,0.1,0.1,0.4,3.0,260.0,0.0,0.0,0.15384615384615385
42.0,9.0,37.0,0.1,0.1,0.4,3.0,262.0,0.0,0.0,0.15648854961832062
42.0,9.0,38.0,0.1,0.1,0.4,3.0,260.0,0.0,0.0,0.1576923076923077
42.0,9.0,39.0,0.1,0.1,0.4,3.0,262.0,0.0,0.0,0.15267175572519084
42.0,9.0,40.0,0.1,0.1,0.4,3.0,250.0,0.0,0.0,0.152
42.0,9.0,41.0,0.1,0.1,0.4,3.0,243.0,0.0,0.0,0.16049382716049382
42.0,9.0,42.0,0.1,0.1,0.4,3.0,244.0,0.0,0.0,0.1557377049180328
42.0,9.0,43.0,0.1,0.1,0.4,3.0,240.0,0.0,0.0,0.15833333333333333
42.0,9.0,44.0,0.1,0.1,0.4,3.0,240.0,0.0,0.0,0.15833333333333333
42.0,9.0,45.0,0.1,0.1,0.4,3.0,236.0,0.0,0.0,0.24152542372881355
42.0,9.0,46.0,0.1,0.1,0.4,3.0,238.0,0.0,0.0,0.25210084033613445
42.0,9.0,47.0,0.1,0.1,0.4,3.0,232.0,0.0,0.0,0.2413793103448276
42.0,9.0,48.0,0.1,0.1,0.4,3.0,237.0,0.0,0.0,0.2489451476793249
42.0,9.0,49.0,0.1,0.1,0.4,3.0,227.0,0.0,0.0,0.2555066079295154
42.0,9.0,50.0,0.1,0.1,0.4,3.0,228.0,0.0,0.0,0.25877192982456143
42.0,9.0,51.0,0.1,0.1,0.4,3.0,227.0,0.0,0.0,0.2511013215859031
42.0,9.0,52.0,0.1,0.1,0.4,3.0,227.0,0.0,0.0,0.2599118942731278
42.0,10.0,1.0,0.1,0.1,0.4,3.0,227.0,0.0,0.0,0.2511013215859031
42.0,10.0,2.0,0.1,0.1,0.4,3.0,228.0,0.0,0.0,0.25877192982456143
42.0,10.0,3.0,0.1,0.1,0.4,3.0,225.0,0.0,0.0,0.25333333333333335
42.0,10.0,4.0,0.1,0.1,0.4,3.0,228.0,0.0,0.0,0.2631578947368421
42.0,10.0,5.0,0.1,0.1,0.4,3.0,227.0,0.0,0.0,0.2555066079295154
42.0,10.0,6.0,0.1,0.1,0.4,3.0,224.0,0.0,0.0,0.25892857142857145
42.0,10.0,7.0,0.1,0.1,0.4,3.0,224.0,0.0,0.0,0.2544642857142857
42.0,10.0,8.0,0.1,0.1,0.4,3.0,226.0,0.0,0.0,0.2610619469026549
42.0,10.0,9.0,0.1,0.1,0.4,3.0,221.0,0.0,0.0,0.2579185520361991
42.0,10.0,10.0,0.1,0.1,0.4,3.0,224.0,0.0,0.0,0.26339285714285715
42.0,10.0,11.0,0.1,0.1,0.4,3.0,211.0,0.0,0.0,0.26066350710900477
42.0,10.0,12.0,0.1,0.1,0.4,3.0,214.0,0.0,0.0,0.27102803738317754
42.0,10.0,13.0,0.1,0.1,0.4,3.0,212.0,0.0,0.0,0.25943396226415094
42.0,10.0,14.0,0.1,0.1,0.4,3.0,211.0,0.0,0.0,0.27014218009478674
42.0,10.0,15.0,0.1,0.1,0.4,3.0,210.0,0.0,0.0,0.26666666666666666
42.0,10.0,16.0,0.1,0.1,0.4,3.0,209.0,0.0,0.0,0.2727272727272727
42.0,10.0,17.0,0.1,0.1,0.4,3.0,208.0,0.0,0.0,0.2644230769230769
42.0,10.0,18.0,0.1,0.1,0.4,3.0,200.0,0.0,0.0,0.28
42.0,10.0,19.0,0.1,0.1,0.4,3.0,200.0,0.0,0.0,0.27
42.0,10.0,20.0,0.1,0.1,0.4,3.0,305.0,0.0,0.0,0.16065573770491803
42.0,10.0,21.0,0.1,0.1,0.4,3.0,305.0,0.0,0.0,0.1540983606557377
42.0,10.0,22.0,0.1,0.1,0.4,3.0,295.0,0.0,0.0,0.16610169491525423
42.0,10.0,23.0,0.1,0.1,0.4,3.0,294.0,0.0,0.0,0.1598639455782313
42.0,10.0,24.0,0.1,0.1,0.4,3.0,287.0,0.0,0.0,0.1672473867595819
42.0,10.0,25.0,0.1,0.1,0.4,3.0,261.0,0.0,0.0,0.17624521072796934
42.0,10.0,26.0,0.1,0.1,0.4,3.0,253.0,0.0,0.0,0.1857707509881423
42.0,10.0,27.0,0.1,0.1,0.4,3.0,253.0,0.0,0.0,0.18181818181818182
42.0,10.0,28.0,0.1,0.1,0.4,3.0,253.0,0.0,0.0,0.1857707509881423
42.0,10.0,29.0,0.1,0.1,0.4,3.0,252.0,0.0,0.0,0.18253968253968253
42.0,10.0,30.0,0.1,0.1,0.4,3.0,253.0,0.0,0.0,0.1857707509881423
42.0,10.0,31.0,0.1,0.1,0.4,3.0,245.0,0.0,0.0,0.18775510204081633
42.0,10.0,32.0,0.1,0.1,0.4,3.0,245.0,0.0,0.0,0.19591836734693877
42.0,10.0,33.0,0.1,0.1,0.4,3.0,237.0,0.0,0.0,0.1940928270042194
42.0,10.0,34.0,0.1,0.1,0.4,3.0,237.0,0.0,0.0,0.20253164556962025
42.0,10.0,35.0,0.1,0.1,0.4,3.0,226.0,0.0,0.0,0.20353982300884957
42.0,10.0,36.0,0.1,0.1,0.4,3.0,226.0,0.0,0.0,0.2079646017699115
42.0,10.0,37.0,0.1,0.1,0.4,3.0,226.0,0.0,0.0,0.20353982300884957
42.0,10.0,38.0,0.1,0.1,0.4,3.0,227.0,0.0,0.0,0.21145374449339208
42.0,10.0,39.0,0.1,0.1,0.4,3.0,226.0,0.0,0.0,0.20353982300884957
42.0,10.0,40.0,0.1,0.1,0.4,3.0,227.0,0.0,0.0,0.21145374449339208
42.0,10.0,41.0,0.1,0.1,0.4,3.0,226.0,0.0,0.0,0.20353982300884957
42.0,10.0,42.0,0.1,0.1,0.4,3.0,219.0,0.0,0.0,0.2191780821917808
42.0,10.0,43.0,0.1,0.1,0.4,3.0,218.0,0.0,0.0,0.21100917431192662
42.0,10.0,44.0,0.1,0.1,0.4,3.0,219.0,0.0,0.0,0.2191780821917808
42.0,10.0,45.0,0.1,0.1,0.4,3.0,218.0,0.0,0.0,0.2706422018348624
42.0,10.0,46.0,0.1,0.1,0.4,3.0,218.0,0.0,0.0,0.2798165137614679
42.0,10.0,47.0,0.1,0.1,0.4,3.0,217.0,0.0,0.0,0.271889400921659
42.0,10.0,48.0,0.1,0.1,0.4,3.0,218.0,0.0,0.0,0.2798165137614679
42.0,10.0,49.0,0.1,0.1,0.4,3.0,216.0,0.0,0.0,0.27314814814814814
42.0,10.0,50.0,0.1,0.1,0.4,3.0,217.0,0.0,0.0,0.28110599078341014
42.0,10.0,51.0,0.1,0.1,0.4,3.0,214.0,0.0,0.0,0.2757009345794392
42.0,10.0,52.0,0.1,0.1,0.4,3.0,215.0,0.0,0.0,0.2837209302325581
43.0,1.0,1.0,0.1,0.1,0.4,3.0,4938.0,50.0,6.0,0.09761036857027136
43.0,1.0,2.0,0.1,0.1,0.4,3.0,4841.0,52.0,20.0,0.0989464986573022
43.0,1.0,3.0,0.1,0.1,0.4,3.0,4765.0,66.0,30.0,0.09842602308499475
43.0,1.0,4.0,0.1,0.1,0.4,3.0,4616.0,81.0,30.0,0.09878682842287695
43.0,1.0,5.0,0.1,0.1,0.4,3.0,4559.0,96.0,32.0,0.0989252028953718
43.0,1.0,6.0,0.1,0.1,0.4,3.0,4313.0,95.0,34.0,0.09969858567122653
43.0,1.0,7.0,0.1,0.1,0.4,3.0,4129.0,107.0,40.0,0.09929765076289658
43.0,1.0,8.0,0.1,0.1,0.4,3.0,3950.0,109.0,45.0,0.10202531645569621
43.0,1.0,9.0,0.1,0.1,0.4,3.0,3830.0,141.0,51.0,0.10156657963446475
43.0,1.0,10.0,0.1,0.1,0.4,3.0,3704.0,170.0,63.0,0.10394168466522678
43.0,1.0,11.0,0.1,0.1,0.4,3.0,3514.0,192.0,76.0,0.10443938531587935
43.0,1.0,12.0,0.1,0.1,0.4,3.0,3352.0,202.0,82.0,0.10620525059665871
43.0,1.0,13.0,0.1,0.1,0.4,3.0,3275.0,215.0,89.0,0.10564885496183206
43.0,1.0,14.0,0.1,0.1,0.4,3.0,3144.0,218.0,92.0,0.10750636132315522
43.0,1.0,15.0,0.1,0.1,0.4,3.0,3086.0,224.0,107.0,0.10790667530784187
43.0,1.0,16.0,0.1,0.1,0.4,3.0,2931.0,222.0,110.0,0.11190719890822245
43.0,1.0,17.0,0.1,0.1,0.4,3.0,2869.0,240.0,105.0,0.11327988846287905
43.0,1.0,18.0,0.1,0.1,0.4,3.0,2781.0,237.0,112.0,0.1147069399496584
43.0,1.0,19.0,0.1,0.1,0.4,3.0,2678.0,210.0,99.0,0.11911874533233757
43.0,1.0,20.0,0.1,0.1,0.4,3.0,7252.0,221.0,107.0,0.04302261445118588
43.0,1.0,21.0,0.1,0.1,0.4,3.0,6761.0,291.0,101.0,0.04422422718532761
43.0,1.0,22.0,0.1,0.1,0.4,3.0,6222.0,337.0,99.0,0.044358727097396335
43.0,1.0,23.0,0.1,0.1,0.4,3.0,5776.0,354.0,112.0,0.046052631578947366
43.0,1.0,24.0,0.1,0.1,0.4,3.0,5344.0,368.0,140.0,0.046781437125748504
43.0,1.0,25.0,0.1,0.1,0.4,3.0,4951.0,398.0,155.0,0.048475055544334476
43.0,1.0,26.0,0.1,0.1,0.4,3.0,4493.0,404.0,148.0,0.05096817271310928
43.0,1.0,27.0,0.1,0.1,0.4,3.0,4146.0,395.0,158.0,0.05426917510853835
43.0,1.0,28.0,0.1,0.1,0.4,3.0,3770.0,396.0,173.0,0.05702917771883289
43.0,1.0,29.0,0.1,0.1,0.4,3.0,3513.0,401.0,175.0,0.059777967549103334
43.0,1.0,30.0,0.1,0.1,0.4,3.0,3248.0,397.0,188.0,0.06188423645320197
43.0,1.0,31.0,0.1,0.1,0.4,3.0,3050.0,378.0,173.0,0.06557377049180328
43.0,1.0,32.0,0.1,0.1,0.4,3.0,2796.0,336.0,164.0,0.06652360515021459
43.0,1.0,33.0,0.1,0.1,0.4,3.0,2557.0,307.0,151.0,0.07078607743449354
43.0,1.0,34.0,0.1,0.1,0.4,3.0,2357.0,287.0,142.0,0.07509546033092915
43.0,1.0,35.0,0.1,0.1,0.4,3.0,2196.0,243.0,128.0,0.07877959927140255
43.0,1.0,36.0,0.1,0.1,0.4,3.0,2015.0,230.0,112.0,0.08188585607940446
43.0,1.0,37.0,0.1,0.1,0.4,3.0,1859.0,201.0,98.0,0.08660570199031738
43.0,1.0,38.0,0.1,0.1,0.4,3.0,1746.0,187.0,92.0,0.08877434135166094
43.0,1.0,39.0,0.1,0.1,0.4,3.0,1664.0,193.0,98.0,0.09134615384615384
43.0,1.0,40.0,0.1,0.1,0.4,3.0,1570.0,187.0,94.0,0.09617834394904459
43.0,1.0,41.0,0.1,0.1,0.4,3.0,1486.0,194.0,89.0,0.09959623149394348
43.0,1.0,42.0,0.1,0.1,0.4,3.0,1352.0,165.0,74.0,0.10650887573964497
43.0,1.0,43.0,0.1,0.1,0.4,3.0,1325.0,159.0,67.0,0.10716981132075472
43.0,1.0,44.0,0.1,0.1,0.4,3.0,1229.0,135.0,67.0,0.11310008136696502
43.0,1.0,45.0,0.1,0.1,0.4,3.0,1172.0,121.0,65.0,0.1697952218430034
43.0,1.0,46.0,0.1,0.1,0.4,3.0,1109.0,110.0,62.0,0.17493237150586113
43.0,1.0,47.0,0.1,0.1,0.4,3.0,1079.0,98.0,50.0,0.17516218721038
43.0,1.0,48.0,0.1,0.1,0.4,3.0,1013.0,86.0,39.0,0.18460019743336623
43.0,1.0,49.0,0.1,0.1,0.4,3.0,964.0,71.0,34.0,0.18672199170124482
43.0,1.0,50.0,0.1,0.1,0.4,3.0,924.0,68.0,38.0,0.19155844155844157
43.0,1.0,51.0,0.1,0.1,0.4,3.0,924.0,67.0,41.0,0.18722943722943722
43.0,1.0,52.0,0.1,0.1,0.4,3.0,885.0,64.0,31.0,0.19096045197740114
43.0,2.0,1.0,0.1,0.1,0.4,3.0,879.0,53.0,30.0,0.19112627986348124
43.0,2.0,2.0,0.1,0.1,0.4,3.0,851.0,50.0,22.0,0.19623971797884843
43.0,2.0,3.0,0.1,0.1,0.4,3.0,850.0,48.0,26.0,0.1952941176470588
43.0,2.0,4.0,0.1,0.1,0.4,3.0,816.0,39.0,20.0,0.19607843137254902
43.0,2.0,5.0,0.1,0.1,0.4,3.0,822.0,35.0,21.0,0.19586374695863748
43.0,2.0,6.0,0.1,0.1,0.4,3.0,797.0,29.0,15.0,0.19824341279799249
43.0,2.0,7.0,0.1,0.1,0.4,3.0,800.0,28.0,17.0,0.2
43.0,2.0,8.0,0.1,0.1,0.4,3.0,767.0,24.0,15.0,0.20208604954367665
43.0,2.0,9.0,0.1,0.1,0.4,3.0,769.0,27.0,15.0,0.19895968790637192
43.0,2.0,10.0,0.1,0.1,0.4,3.0,746.0,21.0,12.0,0.20107238605898123
43.0,2.0,11.0,0.1,0.1,0.4,3.0,751.0,21.0,11.0,0.2010652463382157
43.0,2.0,12.0,0.1,0.1,0.4,3.0,729.0,21.0,10.0,0.2030178326474623
43.0,2.0,13.0,0.1,0.1,0.4,3.0,732.0,18.0,8.0,0.20218579234972678
43.0,2.0,14.0,0.1,0.1,0.4,3.0,715.0,19.0,8.0,0.2041958041958042
43.0,2.0,15.0,0.1,0.1,0.4,3.0,718.0,17.0,9.0,0.20334261838440112
43.0,2.0,16.0,0.1,0.1,0.4,3.0,701.0,19.0,9.0,0.20684736091298145
43.0,2.0,17.0,0.1,0.1,0.4,3.0,704.0,19.0,12.0,0.203125
43.0,2.0,18.0,0.1,0.1,0.4,3.0,684.0,18.0,12.0,0.21052631578947367
43.0,2.0,19.0,0.1,0.1,0.4,3.0,690.0,18.0,12.0,0.20434782608695654
43.0,2.0,20.0,0.1,0.1,0.4,3.0,1194.0,16.0,9.0,0.11892797319932999
43.0,2.0,21.0,0.1,0.1,0.4,3.0,1142.0,13.0,5.0,0.11821366024518389
43.0,2.0,22.0,0.1,0.1,0.4,3.0,1096.0,13.0,3.0,0.12317518248175183
43.0,2.0,23.0,0.1,0.1,0.4,3.0,1078.0,10.0,1.0,0.12708719851576994
43.0,2.0,24.0,0.1,0.1,0.4,3.0,1029.0,10.0,3.0,0.13119533527696792
43.0,2.0,25.0,0.1,0.1,0.4,3.0,1019.0,11.0,3.0,0.13052011776251227
43.0,2.0,26.0,0.1,0.1,0.4,3.0,966.0,10.0,4.0,0.13146997929606624
43.0,2.0,27.0,0.1,0.1,0.4,3.0,933.0,6.0,4.0,0.13290460878885316
43.0,2.0,28.0,0.1,0.1,0.4,3.0,874.0,10.0,5.0,0.13615560640732266
43.0,2.0,29.0,0.1,0.1,0.4,3.0,857.0,13.0,3.0,0.13652275379229872
43.0,2.0,30.0,0.1,0.1,0.4,3.0,830.0,12.0,4.0,0.13734939759036144
43.0,2.0,31.0,0.1,0.1,0.4,3.0,811.0,11.0,5.0,0.13933415536374846
43.0,2.0,32.0,0.1,0.1,0.4,3.0,785.0,14.0,7.0,0.13885350318471337
43.0,2.0,33.0,0.1,0.1,0.4,3.0,766.0,14.0,4.0,0.1422976501305483
43.0,2.0,34.0,0.1,0.1,0.4,3.0,724.0,12.0,7.0,0.143646408839779
43.0,2.0,35.0,0.1,0.1,0.4,3.0,705.0,9.0,4.0,0.14609929078014183
43.0,2.0,36.0,0.1,0.1,0.4,3.0,681.0,12.0,6.0,0.14537444933920704
43.0,2.0,37.0,0.1,0.1,0.4,3.0,657.0,10.0,3.0,0.1476407914764079
43.0,2.0,38.0,0.1,0.1,0.4,3.0,640.0,11.0,4.0,0.1484375
43.0,2.0,39.0,0.1,0.1,0.4,3.0,610.0,13.0,4.0,0.14918032786885246
43.0,2.0,40.0,0.1,0.1,0.4,3.0,602.0,13.0,6.0,0.1511627906976744
43.0,2.0,41.0,0.1,0.1,0.4,3.0,584.0,15.0,6.0,0.1541095890410959
43.0,2.0,42.0,0.1,0.1,0.4,3.0,584.0,17.0,7.0,0.1541095890410959
43.0,2.0,43.0,0.1,0.1,0.4,3.0,570.0,14.0,7.0,0.156140350877193
43.0,2.0,44.0,0.1,0.1,0.4,3.0,568.0,16.0,8.0,0.14964788732394366
43.0,2.0,45.0,0.1,0.1,0.4,3.0,566.0,14.0,10.0,0.21731448763250882
43.0,2.0,46.0,0.1,0.1,0.4,3.0,574.0,11.0,7.0,0.21254355400696864
43.0,2.0,47.0,0.1,0.1,0.4,3.0,555.0,11.0,7.0,0.218018018018018
43.0,2.0,48.0,0.1,0.1,0.4,3.0,548.0,8.0,5.0,0.21715328467153286
43.0,2.0,49.0,0.1,0.1,0.4,3.0,540.0,10.0,7.0,0.2222222222222222
43.0,2.0,50.0,0.1,0.1,0.4,3.0,539.0,11.0,5.0,0.22077922077922077
43.0,2.0,51.0,0.1,0.1,0.4,3.0,536.0,10.0,7.0,0.22201492537313433
43.0,2.0,52.0,0.1,0.1,0.4,3.0,525.0,10.0,5.0,0.22285714285714286
43.0,3.0,1.0,0.1,0.1,0.4,3.0,526.0,10.0,6.0,0.22433460076045628
43.0,3.0,2.0,0.1,0.1,0.4,3.0,520.0,6.0,3.0,0.225
43.0,3.0,3.0,0.1,0.1,0.4,3.0,515.0,6.0,3.0,0.22524271844660193
43.0,3.0,4.0,0.1,0.1,0.4,3.0,514.0,6.0,2.0,0.2237354085603113
43.0,3.0,5.0,0.1,0.1,0.4,3.0,508.0,9.0,2.0,0.2283464566929134
43.0,3.0,6.0,0.1,0.1,0.4,3.0,506.0,9.0,1.0,0.22727272727272727
43.0,3.0,7.0,0.1,0.1,0.4,3.0,505.0,9.0,4.0,0.2297029702970297
43.0,3.0,8.0,0.1,0.1,0.4,3.0,498.0,8.0,7.0,0.2289156626506024
43.0,3.0,9.0,0.1,0.1,0.4,3.0,499.0,11.0,7.0,0.22845691382765532
43.0,3.0,10.0,0.1,0.1,0.4,3.0,485.0,12.0,6.0,0.2309278350515464
43.0,3.0,11.0,0.1,0.1,0.4,3.0,483.0,8.0,3.0,0.23395445134575568
43.0,3.0,12.0,0.1,0.1,0.4,3.0,479.0,10.0,3.0,0.23173277661795408
43.0,3.0,13.0,0.1,0.1,0.4,3.0,475.0,9.0,3.0,0.23578947368421052
43.0,3.0,14.0,0.1,0.1,0.4,3.0,472.0,8.0,5.0,0.23516949152542374
43.0,3.0,15.0,0.1,0.1,0.4,3.0,475.0,11.0,6.0,0.23578947368421052
43.0,3.0,16.0,0.1,0.1,0.4,3.0,461.0,10.0,7.0,0.22559652928416485
43.0,3.0,17.0,0.1,0.1,0.4,3.0,459.0,8.0,5.0,0.23093681917211328
43.0,3.0,18.0,0.1,0.1,0.4,3.0,454.0,8.0,4.0,0.22687224669603523
43.0,3.0,19.0,0.1,0.1,0.4,3.0,452.0,6.0,4.0,0.2323008849557522
43.0,3.0,20.0,0.1,0.1,0.4,3.0,907.0,5.0,4.0,0.11356119073869901
43.0,3.0,21.0,0.1,0.1,0.4,3.0,884.0,9.0,4.0,0.11538461538461539
43.0,3.0,22.0,0.1,0.1,0.4,3.0,843.0,6.0,3.0,0.11743772241992882
43.0,3.0,23.0,0.1,0.1,0.4,3.0,811.0,8.0,4.0,0.11960542540073983
43.0,3.0,24.0,0.1,0.1,0.4,3.0,774.0,9.0,5.0,0.11627906976744186
43.0,3.0,25.0,0.1,0.1,0.4,3.0,774.0,7.0,3.0,0.11886304909560723
43.0,3.0,26.0,0.1,0.1,0.4,3.0,751.0,5.0,4.0,0.118508655126498
43.0,3.0,27.0,0.1,0.1,0.4,3.0,730.0,4.0,3.0,0.1232876712328767
43.0,3.0,28.0,0.1,0.1,0.4,3.0,703.0,4.0,3.0,0.12233285917496443
43.0,3.0,29.0,0.1,0.1,0.4,3.0,678.0,1.0,1.0,0.12831858407079647
43.0,3.0,30.0,0.1,0.1,0.4,3.0,653.0,1.0,1.0,0.12557427258805512
43.0,3.0,31.0,0.1,0.1,0.4,3.0,630.0,1.0,1.0,0.13174603174603175
43.0,3.0,32.0,0.1,0.1,0.4,3.0,618.0,0.0,0.0,0.12944983818770225
43.0,3.0,33.0,0.1,0.1,0.4,3.0,592.0,0.0,0.0,0.13513513513513514
43.0,3.0,34.0,0.1,0.1,0.4,3.0,583.0,0.0,0.0,0.13379073756432247
43.0,3.0,35.0,0.1,0.1,0.4,3.0,570.0,0.0,0.0,0.13508771929824562
43.0,3.0,36.0,0.1,0.1,0.4,3.0,555.0,0.0,0.0,0.13513513513513514
43.0,3.0,37.0,0.1,0.1,0.4,3.0,540.0,0.0,0.0,0.13703703703703704
43.0,3.0,38.0,0.1,0.1,0.4,3.0,540.0,0.0,0.0,0.13518518518518519
43.0,3.0,39.0,0.1,0.1,0.4,3.0,527.0,0.0,0.0,0.13282732447817835
43.0,3.0,40.0,0.1,0.1,0.4,3.0,531.0,0.0,0.0,0.128060263653484
43.0,3.0,41.0,0.1,0.1,0.4,3.0,522.0,0.0,0.0,0.13218390804597702
43.0,3.0,42.0,0.1,0.1,0.4,3.0,522.0,0.0,0.0,0.13026819923371646
43.0,3.0,43.0,0.1,0.1,0.4,3.0,513.0,0.0,0.0,0.13255360623781676
43.0,3.0,44.0,0.1,0.1,0.4,3.0,510.0,0.0,0.0,0.12941176470588237
43.0,3.0,45.0,0.1,0.1,0.4,3.0,499.0,0.0,0.0,0.19238476953907815
43.0,3.0,46.0,0.1,0.1,0.4,3.0,497.0,0.0,0.0,0.1891348088531187
43.0,3.0,47.0,0.1,0.1,0.4,3.0,492.0,0.0,0.0,0.19308943089430894
43.0,3.0,48.0,0.1,0.1,0.4,3.0,495.0,0.0,0.0,0.18787878787878787
43.0,3.0,49.0,0.1,0.1,0.4,3.0,496.0,0.0,0.0,0.18951612903225806
43.0,3.0,50.0,0.1,0.1,0.4,3.0,486.0,0.0,0.0,0.19135802469135801
43.0,3.0,51.0,0.1,0.1,0.4,3.0,486.0,0.0,0.0,0.18930041152263374
43.0,3.0,52.0,0.1,0.1,0.4,3.0,480.0,0.0,0.0,0.19166666666666668
43.0,4.0,1.0,0.1,0.1,0.4,3.0,480.0,0.0,0.0,0.19166666666666668
43.0,4.0,2.0,0.1,0.1,0.4,3.0,478.0,0.0,0.0,0.19246861924686193
43.0,4.0,3.0,0.1,0.1,0.4,3.0,468.0,0.0,0.0,0.19444444444444445
43.0,4.0,4.0,0.1,0.1,0.4,3.0,466.0,0.0,0.0,0.19313304721030042
43.0,4.0,5.0,0.1,0.1,0.4,3.0,467.0,0.0,0.0,0.19271948608137046
43.0,4.0,6.0,0.1,0.1,0.4,3.0,464.0,0.0,0.0,0.19181034482758622
43.0,4.0,7.0,0.1,0.1,0.4,3.0,464.0,0.0,0.0,0.19181034482758622
43.0,4.0,8.0,0.1,0.1,0.4,3.0,464.0,0.0,0.0,0.1896551724137931
43.0,4.0,9.0,0.1,0.1,0.4,3.0,463.0,0.0,0.0,0.1900647948164147
43.0,4.0,10.0,0.1,0.1,0.4,3.0,464.0,0.0,0.0,0.19181034482758622
43.0,4.0,11.0,0.1,0.1,0.4,3.0,464.0,0.0,0.0,0.19181034482758622
43.0,4.0,12.0,0.1,0.1,0.4,3.0,463.0,0.0,0.0,0.19222462203023757
43.0,4.0,13.0,0.1,0.1,0.4,3.0,462.0,0.0,0.0,0.19047619047619047
43.0,4.0,14.0,0.1,0.1,0.4,3.0,463.0,0.0,0.0,0.19222462203023757
43.0,4.0,15.0,0.1,0.1,0.4,3.0,453.0,0.0,0.0,0.19426048565121412
43.0,4.0,16.0,0.1,0.1,0.4,3.0,451.0,0.0,0.0,0.19290465631929046
43.0,4.0,17.0,0.1,0.1,0.4,3.0,451.0,0.0,0.0,0.19068736141906872
43.0,4.0,18.0,0.1,0.1,0.4,3.0,442.0,0.0,0.0,0.19230769230769232
43.0,4.0,19.0,0.1,0.1,0.4,3.0,439.0,0.0,0.0,0.19134396355353075
43.0,4.0,20.0,0.1,0.1,0.4,3.0,779.0,0.0,0.0,0.10783055198973042
43.0,4.0,21.0,0.1,0.1,0.4,3.0,731.0,0.0,0.0,0.1121751025991792
43.0,4.0,22.0,0.1,0.1,0.4,3.0,685.0,0.0,0.0,0.11970802919708029
43.0,4.0,23.0,0.1,0.1,0.4,3.0,600.0,0.0,0.0,0.13333333333333333
43.0,4.0,24.0,0.1,0.1,0.4,3.0,583.0,0.0,0.0,0.1320754716981132
43.0,4.0,25.0,0.1,0.1,0.4,3.0,567.0,0.0,0.0,0.13227513227513227
43.0,4.0,26.0,0.1,0.1,0.4,3.0,579.0,0.0,0.0,0.13126079447322972
43.0,4.0,27.0,0.1,0.1,0.4,3.0,546.0,0.0,0.0,0.1336996336996337
43.0,4.0,28.0,0.1,0.1,0.4,3.0,544.0,0.0,0.0,0.13419117647058823
43.0,4.0,29.0,0.1,0.1,0.4,3.0,533.0,0.0,0.0,0.13696060037523453
43.0,4.0,30.0,0.1,0.1,0.4,3.0,523.0,0.0,0.0,0.13001912045889102
43.0,4.0,31.0,0.1,0.1,0.4,3.0,498.0,0.0,0.0,0.13253012048192772
43.0,4.0,32.0,0.1,0.1,0.4,3.0,497.0,0.0,0.0,0.13279678068410464
43.0,4.0,33.0,0.1,0.1,0.4,3.0,482.0,0.0,0.0,0.13485477178423236
43.0,4.0,34.0,0.1,0.1,0.4,3.0,488.0,0.0,0.0,0.13524590163934427
43.0,4.0,35.0,0.1,0.1,0.4,3.0,474.0,0.0,0.0,0.1371308016877637
43.0,4.0,36.0,0.1,0.1,0.4,3.0,474.0,0.0,0.0,0.1371308016877637
43.0,4.0,37.0,0.1,0.1,0.4,3.0,445.0,0.0,0.0,0.14382022471910114
43.0,4.0,38.0,0.1,0.1,0.4,3.0,445.0,0.0,0.0,0.14382022471910114
43.0,4.0,39.0,0.1,0.1,0.4,3.0,424.0,0.0,0.0,0.14858490566037735
43.0,4.0,40.0,0.1,0.1,0.4,3.0,424.0,0.0,0.0,0.1509433962264151
43.0,4.0,41.0,0.1,0.1,0.4,3.0,403.0,0.0,0.0,0.15632754342431762
43.0,4.0,42.0,0.1,0.1,0.4,3.0,415.0,0.0,0.0,0.15421686746987953
43.0,4.0,43.0,0.1,0.1,0.4,3.0,394.0,0.0,0.0,0.1548223350253807
43.0,4.0,44.0,0.1,0.1,0.4,3.0,397.0,0.0,0.0,0.1561712846347607
43.0,4.0,45.0,0.1,0.1,0.4,3.0,382.0,0.0,0.0,0.22774869109947643
43.0,4.0,46.0,0.1,0.1,0.4,3.0,394.0,0.0,0.0,0.22588832487309646
43.0,4.0,47.0,0.1,0.1,0.4,3.0,373.0,0.0,0.0,0.23324396782841822
43.0,4.0,48.0,0.1,0.1,0.4,3.0,382.0,0.0,0.0,0.22774869109947643
43.0,4.0,49.0,0.1,0.1,0.4,3.0,368.0,0.0,0.0,0.23097826086956522
43.0,4.0,50.0,0.1,0.1,0.4,3.0,381.0,0.0,0.0,0.2283464566929134
43.0,4.0,51.0,0.1,0.1,0.4,3.0,369.0,0.0,0.0,0.23035230352303523
43.0,4.0,52.0,0.1,0.1,0.4,3.0,375.0,0.0,0.0,0.22933333333333333
43.0,5.0,1.0,0.1,0.1,0.4,3.0,366.0,0.0,0.0,0.22950819672131148
43.0,5.0,2.0,0.1,0.1,0.4,3.0,372.0,0.0,0.0,0.22849462365591397
43.0,5.0,3.0,0.1,0.1,0.4,3.0,364.0,0.0,0.0,0.22802197802197802
43.0,5.0,4.0,0.1,0.1,0.4,3.0,373.0,0.0,0.0,0.22788203753351208
43.0,5.0,5.0,0.1,0.1,0.4,3.0,363.0,0.0,0.0,0.22589531680440772
43.0,5.0,6.0,0.1,0.1,0.4,3.0,373.0,0.0,0.0,0.22788203753351208
43.0,5.0,7.0,0.1,0.1,0.4,3.0,363.0,0.0,0.0,0.22589531680440772
43.0,5.0,8.0,0.1,0.1,0.4,3.0,373.0,0.0,0.0,0.22788203753351208
43.0,5.0,9.0,0.1,0.1,0.4,3.0,363.0,0.0,0.0,0.22589531680440772
43.0,5.0,10.0,0.1,0.1,0.4,3.0,371.0,0.0,0.0,0.22911051212938005
43.0,5.0,11.0,0.1,0.1,0.4,3.0,361.0,0.0,0.0,0.22714681440443213
43.0,5.0,12.0,0.1,0.1,0.4,3.0,371.0,0.0,0.0,0.22911051212938005
43.0,5.0,13.0,0.1,0.1,0.4,3.0,360.0,0.0,0.0,0.22777777777777777
43.0,5.0,14.0,0.1,0.1,0.4,3.0,370.0,0.0,0.0,0.22702702702702704
43.0,5.0,15.0,0.1,0.1,0.4,3.0,359.0,0.0,0.0,0.22562674094707522
43.0,5.0,16.0,0.1,0.1,0.4,3.0,360.0,0.0,0.0,0.225
43.0,5.0,17.0,0.1,0.1,0.4,3.0,358.0,0.0,0.0,0.22625698324022347
43.0,5.0,18.0,0.1,0.1,0.4,3.0,360.0,0.0,0.0,0.225
43.0,5.0,19.0,0.1,0.1,0.4,3.0,358.0,0.0,0.0,0.22625698324022347
43.0,5.0,20.0,0.1,0.1,0.4,3.0,745.0,0.0,0.0,0.1087248322147651
43.0,5.0,21.0,0.1,0.1,0.4,3.0,717.0,0.0,0.0,0.11297071129707113
43.0,5.0,22.0,0.1,0.1,0.4,3.0,689.0,0.0,0.0,0.11465892597968069
43.0,5.0,23.0,0.1,0.1,0.4,3.0,663.0,0.0,0.0,0.11463046757164404
43.0,5.0,24.0,0.1,0.1,0.4,3.0,643.0,0.0,0.0,0.1166407465007776
43.0,5.0,25.0,0.1,0.1,0.4,3.0,629.0,0.0,0.0,0.11764705882352941
43.0,5.0,26.0,0.1,0.1,0.4,3.0,591.0,0.0,0.0,0.12351945854483926
43.0,5.0,27.0,0.1,0.1,0.4,3.0,575.0,0.0,0.0,0.12521739130434784
43.0,5.0,28.0,0.1,0.1,0.4,3.0,554.0,0.0,0.0,0.12454873646209386
43.0,5.0,29.0,0.1,0.1,0.4,3.0,546.0,0.0,0.0,0.12454212454212454
43.0,5.0,30.0,0.1,0.1,0.4,3.0,527.0,0.0,0.0,0.12903225806451613
43.0,5.0,31.0,0.1,0.1,0.4,3.0,481.0,0.0,0.0,0.1392931392931393
43.0,5.0,32.0,0.1,0.1,0.4,3.0,475.0,0.0,0.0,0.13263157894736843
43.0,5.0,33.0,0.1,0.1,0.4,3.0,465.0,0.0,0.0,0.13548387096774195
43.0,5.0,34.0,0.1,0.1,0.4,3.0,475.0,0.0,0.0,0.13263157894736843
43.0,5.0,35.0,0.1,0.1,0.4,3.0,456.0,0.0,0.0,0.13815789473684212
43.0,5.0,36.0,0.1,0.1,0.4,3.0,466.0,0.0,0.0,0.1351931330472103
43.0,5.0,37.0,0.1,0.1,0.4,3.0,458.0,0.0,0.0,0.13537117903930132
43.0,5.0,38.0,0.1,0.1,0.4,3.0,452.0,0.0,0.0,0.13716814159292035
43.0,5.0,39.0,0.1,0.1,0.4,3.0,446.0,0.0,0.0,0.13901345291479822
43.0,5.0,40.0,0.1,0.1,0.4,3.0,443.0,0.0,0.0,0.13318284424379231
43.0,5.0,41.0,0.1,0.1,0.4,3.0,436.0,0.0,0.0,0.1353211009174312
43.0,5.0,42.0,0.1,0.1,0.4,3.0,433.0,0.0,0.0,0.13394919168591224
43.0,5.0,43.0,0.1,0.1,0.4,3.0,417.0,0.0,0.0,0.13908872901678657
43.0,5.0,44.0,0.1,0.1,0.4,3.0,406.0,0.0,0.0,0.14285714285714285
43.0,5.0,45.0,0.1,0.1,0.4,3.0,399.0,0.0,0.0,0.22055137844611528
43.0,5.0,46.0,0.1,0.1,0.4,3.0,406.0,0.0,0.0,0.21674876847290642
43.0,5.0,47.0,0.1,0.1,0.4,3.0,392.0,0.0,0.0,0.2193877551020408
43.0,5.0,48.0,0.1,0.1,0.4,3.0,397.0,0.0,0.0,0.21662468513853905
43.0,5.0,49.0,0.1,0.1,0.4,3.0,390.0,0.0,0.0,0.2205128205128205
43.0,5.0,50.0,0.1,0.1,0.4,3.0,392.0,0.0,0.0,0.21683673469387754
43.0,5.0,51.0,0.1,0.1,0.4,3.0,386.0,0.0,0.0,0.22020725388601037
43.0,5.0,52.0,0.1,0.1,0.4,3.0,386.0,0.0,0.0,0.21761658031088082
43.0,6.0,1.0,0.1,0.1,0.4,3.0,382.0,0.0,0.0,0.2198952879581152
43.0,6.0,2.0,0.1,0.1,0.4,3.0,389.0,0.0,0.0,0.2159383033419023
43.0,6.0,3.0,0.1,0.1,0.4,3.0,387.0,0.0,0.0,0.21705426356589147
43.0,6.0,4.0,0.1,0.1,0.4,3.0,388.0,0.0,0.0,0.21649484536082475
43.0,6.0,5.0,0.1,0.1,0.4,3.0,387.0,0.0,0.0,0.21705426356589147
43.0,6.0,6.0,0.1,0.1,0.4,3.0,387.0,0.0,0.0,0.21705426356589147
43.0,6.0,7.0,0.1,0.1,0.4,3.0,386.0,0.0,0.0,0.21761658031088082
43.0,6.0,8.0,0.1,0.1,0.4,3.0,382.0,0.0,0.0,0.21727748691099477
43.0,6.0,9.0,0.1,0.1,0.4,3.0,383.0,0.0,0.0,0.21409921671018275
43.0,6.0,10.0,0.1,0.1,0.4,3.0,377.0,0.0,0.0,0.21220159151193635
43.0,6.0,11.0,0.1,0.1,0.4,3.0,379.0,0.0,0.0,0.21372031662269128
43.0,6.0,12.0,0.1,0.1,0.4,3.0,376.0,0.0,0.0,0.2127659574468085
43.0,6.0,13.0,0.1,0.1,0.4,3.0,379.0,0.0,0.0,0.21372031662269128
43.0,6.0,14.0,0.1,0.1,0.4,3.0,375.0,0.0,0.0,0.21333333333333335
43.0,6.0,15.0,0.1,0.1,0.4,3.0,377.0,0.0,0.0,0.21485411140583555
43.0,6.0,16.0,0.1,0.1,0.4,3.0,374.0,0.0,0.0,0.21390374331550802
43.0,6.0,17.0,0.1,0.1,0.4,3.0,376.0,0.0,0.0,0.2154255319148936
43.0,6.0,18.0,0.1,0.1,0.4,3.0,371.0,0.0,0.0,0.21293800539083557
43.0,6.0,19.0,0.1,0.1,0.4,3.0,372.0,0.0,0.0,0.21236559139784947
43.0,6.0,20.0,0.1,0.1,0.4,3.0,643.0,0.0,0.0,0.11975116640746501
43.0,6.0,21.0,0.1,0.1,0.4,3.0,634.0,0.0,0.0,0.12145110410094637
43.0,6.0,22.0,0.1,0.1,0.4,3.0,614.0,0.0,0.0,0.12214983713355049
43.0,6.0,23.0,0.1,0.1,0.4,3.0,589.0,0.0,0.0,0.12563667232597622
43.0,6.0,24.0,0.1,0.1,0.4,3.0,587.0,0.0,0.0,0.12265758091993186
43.0,6.0,25.0,0.1,0.1,0.4,3.0,580.0,0.0,0.0,0.12758620689655173
43.0,6.0,26.0,0.1,0.1,0.4,3.0,576.0,0.0,0.0,0.125
43.0,6.0,27.0,0.1,0.1,0.4,3.0,552.0,0.0,0.0,0.1322463768115942
43.0,6.0,28.0,0.1,0.1,0.4,3.0,548.0,0.0,0.0,0.12956204379562045
43.0,6.0,29.0,0.1,0.1,0.4,3.0,549.0,0.0,0.0,0.13296903460837886
43.0,6.0,30.0,0.1,0.1,0.4,3.0,539.0,0.0,0.0,0.13172541743970315
43.0,6.0,31.0,0.1,0.1,0.4,3.0,540.0,0.0,0.0,0.13333333333333333
43.0,6.0,32.0,0.1,0.1,0.4,3.0,526.0,0.0,0.0,0.1311787072243346
43.0,6.0,33.0,0.1,0.1,0.4,3.0,518.0,0.0,0.0,0.13513513513513514
43.0,6.0,34.0,0.1,0.1,0.4,3.0,483.0,0.0,0.0,0.13250517598343686
43.0,6.0,35.0,0.1,0.1,0.4,3.0,485.0,0.0,0.0,0.1360824742268041
43.0,6.0,36.0,0.1,0.1,0.4,3.0,483.0,0.0,0.0,0.13250517598343686
43.0,6.0,37.0,0.1,0.1,0.4,3.0,485.0,0.0,0.0,0.1360824742268041
43.0,6.0,38.0,0.1,0.1,0.4,3.0,474.0,0.0,0.0,0.13291139240506328
43.0,6.0,39.0,0.1,0.1,0.4,3.0,467.0,0.0,0.0,0.13704496788008566
43.0,6.0,40.0,0.1,0.1,0.4,3.0,447.0,0.0,0.0,0.13646532438478748
43.0,6.0,41.0,0.1,0.1,0.4,3.0,449.0,0.0,0.0,0.13808463251670378
43.0,6.0,42.0,0.1,0.1,0.4,3.0,435.0,0.0,0.0,0.12873563218390804
43.0,6.0,43.0,0.1,0.1,0.4,3.0,436.0,0.0,0.0,0.13073394495412843
43.0,6.0,44.0,0.1,0.1,0.4,3.0,433.0,0.0,0.0,0.12933025404157045
43.0,6.0,45.0,0.1,0.1,0.4,3.0,435.0,0.0,0.0,0.18620689655172415
43.0,6.0,46.0,0.1,0.1,0.4,3.0,412.0,0.0,0.0,0.1941747572815534
43.0,6.0,47.0,0.1,0.1,0.4,3.0,414.0,0.0,0.0,0.1956521739130435
43.0,6.0,48.0,0.1,0.1,0.4,3.0,405.0,0.0,0.0,0.19753086419753085
43.0,6.0,49.0,0.1,0.1,0.4,3.0,401.0,0.0,0.0,0.20199501246882792
43.0,6.0,50.0,0.1,0.1,0.4,3.0,397.0,0.0,0.0,0.19899244332493704
43.0,6.0,51.0,0.1,0.1,0.4,3.0,397.0,0.0,0.0,0.20151133501259447
43.0,6.0,52.0,0.1,0.1,0.4,3.0,395.0,0.0,0.0,0.19240506329113924
43.0,7.0,1.0,0.1,0.1,0.4,3.0,392.0,0.0,0.0,0.1989795918367347
43.0,7.0,2.0,0.1,0.1,0.4,3.0,393.0,0.0,0.0,0.19338422391857507
43.0,7.0,3.0,0.1,0.1,0.4,3.0,390.0,0.0,0.0,0.2
43.0,7.0,4.0,0.1,0.1,0.4,3.0,393.0,0.0,0.0,0.19338422391857507
43.0,7.0,5.0,0.1,0.1,0.4,3.0,378.0,0.0,0.0,0.1984126984126984
43.0,7.0,6.0,0.1,0.1,0.4,3.0,378.0,0.0,0.0,0.19576719576719576
43.0,7.0,7.0,0.1,0.1,0.4,3.0,378.0,0.0,0.0,0.20105820105820105
43.0,7.0,8.0,0.1,0.1,0.4,3.0,378.0,0.0,0.0,0.19576719576719576
43.0,7.0,9.0,0.1,0.1,0.4,3.0,376.0,0.0,0.0,0.20212765957446807
43.0,7.0,10.0,0.1,0.1,0.4,3.0,377.0,0.0,0.0,0.1962864721485411
43.0,7.0,11.0,0.1,0.1,0.4,3.0,375.0,0.0,0.0,0.20266666666666666
43.0,7.0,12.0,0.1,0.1,0.4,3.0,375.0,0.0,0.0,0.19466666666666665
43.0,7.0,13.0,0.1,0.1,0.4,3.0,375.0,0.0,0.0,0.2
43.0,7.0,14.0,0.1,0.1,0.4,3.0,376.0,0.0,0.0,0.19414893617021275
43.0,7.0,15.0,0.1,0.1,0.4,3.0,374.0,0.0,0.0,0.20053475935828877
43.0,7.0,16.0,0.1,0.1,0.4,3.0,375.0,0.0,0.0,0.19466666666666665
43.0,7.0,17.0,0.1,0.1,0.4,3.0,373.0,0.0,0.0,0.19839142091152814
43.0,7.0,18.0,0.1,0.1,0.4,3.0,374.0,0.0,0.0,0.19518716577540107
43.0,7.0,19.0,0.1,0.1,0.4,3.0,373.0,0.0,0.0,0.19839142091152814
43.0,7.0,20.0,0.1,0.1,0.4,3.0,691.0,0.0,0.0,0.10419681620839363
43.0,7.0,21.0,0.1,0.1,0.4,3.0,645.0,0.0,0.0,0.10697674418604651
43.0,7.0,22.0,0.1,0.1,0.4,3.0,613.0,0.0,0.0,0.11092985318107668
43.0,7.0,23.0,0.1,0.1,0.4,3.0,604.0,0.0,0.0,0.11423841059602649
43.0,7.0,24.0,0.1,0.1,0.4,3.0,581.0,0.0,0.0,0.11359724612736662
43.0,7.0,25.0,0.1,0.1,0.4,3.0,551.0,0.0,0.0,0.12159709618874773
43.0,7.0,26.0,0.1,0.1,0.4,3.0,543.0,0.0,0.0,0.11786372007366483
43.0,7.0,27.0,0.1,0.1,0.4,3.0,534.0,0.0,0.0,0.1198501872659176
43.0,7.0,28.0,0.1,0.1,0.4,3.0,535.0,0.0,0.0,0.11775700934579439
43.0,7.0,29.0,0.1,0.1,0.4,3.0,525.0,0.0,0.0,0.1180952380952381
43.0,7.0,30.0,0.1,0.1,0.4,3.0,526.0,0.0,0.0,0.11596958174904944
43.0,7.0,31.0,0.1,0.1,0.4,3.0,525.0,0.0,0.0,0.1180952380952381
43.0,7.0,32.0,0.1,0.1,0.4,3.0,526.0,0.0,0.0,0.11596958174904944
43.0,7.0,33.0,0.1,0.1,0.4,3.0,524.0,0.0,0.0,0.11641221374045801
43.0,7.0,34.0,0.1,0.1,0.4,3.0,523.0,0.0,0.0,0.1147227533460803
43.0,7.0,35.0,0.1,0.1,0.4,3.0,510.0,0.0,0.0,0.11764705882352941
43.0,7.0,36.0,0.1,0.1,0.4,3.0,502.0,0.0,0.0,0.11952191235059761
43.0,7.0,37.0,0.1,0.1,0.4,3.0,494.0,0.0,0.0,0.1194331983805668
43.0,7.0,38.0,0.1,0.1,0.4,3.0,476.0,0.0,0.0,0.11764705882352941
43.0,7.0,39.0,0.1,0.1,0.4,3.0,475.0,0.0,0.0,0.12
43.0,7.0,40.0,0.1,0.1,0.4,3.0,475.0,0.0,0.0,0.11789473684210526
43.0,7.0,41.0,0.1,0.1,0.4,3.0,474.0,0.0,0.0,0.12025316455696203
43.0,7.0,42.0,0.1,0.1,0.4,3.0,466.0,0.0,0.0,0.12017167381974249
43.0,7.0,43.0,0.1,0.1,0.4,3.0,467.0,0.0,0.0,0.12205567451820129
43.0,7.0,44.0,0.1,0.1,0.4,3.0,442.0,0.0,0.0,0.1244343891402715
43.0,7.0,45.0,0.1,0.1,0.4,3.0,444.0,0.0,0.0,0.21621621621621623
43.0,7.0,46.0,0.1,0.1,0.4,3.0,429.0,0.0,0.0,0.2191142191142191
43.0,7.0,47.0,0.1,0.1,0.4,3.0,432.0,0.0,0.0,0.2175925925925926
43.0,7.0,48.0,0.1,0.1,0.4,3.0,421.0,0.0,0.0,0.2209026128266033
43.0,7.0,49.0,0.1,0.1,0.4,3.0,423.0,0.0,0.0,0.21749408983451538
43.0,7.0,50.0,0.1,0.1,0.4,3.0,419.0,0.0,0.0,0.21957040572792363
43.0,7.0,51.0,0.1,0.1,0.4,3.0,419.0,0.0,0.0,0.21957040572792363
43.0,7.0,52.0,0.1,0.1,0.4,3.0,417.0,0.0,0.0,0.22062350119904076
43.0,8.0,1.0,0.1,0.1,0.4,3.0,420.0,0.0,0.0,0.21904761904761905
43.0,8.0,2.0,0.1,0.1,0.4,3.0,419.0,0.0,0.0,0.21957040572792363
43.0,8.0,3.0,0.1,0.1,0.4,3.0,411.0,0.0,0.0,0.21654501216545013
43.0,8.0,4.0,0.1,0.1,0.4,3.0,411.0,0.0,0.0,0.21897810218978103
43.0,8.0,5.0,0.1,0.1,0.4,3.0,412.0,0.0,0.0,0.21844660194174756
43.0,8.0,6.0,0.1,0.1,0.4,3.0,403.0,0.0,0.0,0.21339950372208435
43.0,8.0,7.0,0.1,0.1,0.4,3.0,396.0,0.0,0.0,0.21464646464646464
43.0,8.0,8.0,0.1,0.1,0.4,3.0,395.0,0.0,0.0,0.21518987341772153
43.0,8.0,9.0,0.1,0.1,0.4,3.0,397.0,0.0,0.0,0.2141057934508816
43.0,8.0,10.0,0.1,0.1,0.4,3.0,394.0,0.0,0.0,0.21573604060913706
43.0,8.0,11.0,0.1,0.1,0.4,3.0,397.0,0.0,0.0,0.2141057934508816
43.0,8.0,12.0,0.1,0.1,0.4,3.0,393.0,0.0,0.0,0.21628498727735368
43.0,8.0,13.0,0.1,0.1,0.4,3.0,396.0,0.0,0.0,0.21464646464646464
43.0,8.0,14.0,0.1,0.1,0.4,3.0,393.0,0.0,0.0,0.21628498727735368
43.0,8.0,15.0,0.1,0.1,0.4,3.0,396.0,0.0,0.0,0.21464646464646464
43.0,8.0,16.0,0.1,0.1,0.4,3.0,393.0,0.0,0.0,0.21628498727735368
43.0,8.0,17.0,0.1,0.1,0.4,3.0,396.0,0.0,0.0,0.21464646464646464
43.0,8.0,18.0,0.1,0.1,0.4,3.0,393.0,0.0,0.0,0.21628498727735368
43.0,8.0,19.0,0.1,0.1,0.4,3.0,395.0,0.0,0.0,0.21265822784810126
43.0,8.0,20.0,0.1,0.1,0.4,3.0,729.0,0.0,0.0,0.11522633744855967
43.0,8.0,21.0,0.1,0.1,0.4,3.0,682.0,0.0,0.0,0.1187683284457478
43.0,8.0,22.0,0.1,0.1,0.4,3.0,635.0,0.0,0.0,0.11496062992125984
43.0,8.0,23.0,0.1,0.1,0.4,3.0,575.0,0.0,0.0,0.12521739130434784
43.0,8.0,24.0,0.1,0.1,0.4,3.0,557.0,0.0,0.0,0.12387791741472172
43.0,8.0,25.0,0.1,0.1,0.4,3.0,533.0,0.0,0.0,0.1275797373358349
43.0,8.0,26.0,0.1,0.1,0.4,3.0,537.0,0.0,0.0,0.12476722532588454
43.0,8.0,27.0,0.1,0.1,0.4,3.0,512.0,0.0,0.0,0.12890625
43.0,8.0,28.0,0.1,0.1,0.4,3.0,517.0,0.0,0.0,0.1276595744680851
43.0,8.0,29.0,0.1,0.1,0.4,3.0,492.0,0.0,0.0,0.12601626016260162
43.0,8.0,30.0,0.1,0.1,0.4,3.0,481.0,0.0,0.0,0.13097713097713098
43.0,8.0,31.0,0.1,0.1,0.4,3.0,465.0,0.0,0.0,0.13548387096774195
43.0,8.0,32.0,0.1,0.1,0.4,3.0,458.0,0.0,0.0,0.13537117903930132
43.0,8.0,33.0,0.1,0.1,0.4,3.0,434.0,0.0,0.0,0.14055299539170507
43.0,8.0,34.0,0.1,0.1,0.4,3.0,441.0,0.0,0.0,0.1360544217687075
43.0,8.0,35.0,0.1,0.1,0.4,3.0,425.0,0.0,0.0,0.1388235294117647
43.0,8.0,36.0,0.1,0.1,0.4,3.0,433.0,0.0,0.0,0.13625866050808313
43.0,8.0,37.0,0.1,0.1,0.4,3.0,408.0,0.0,0.0,0.14215686274509803
43.0,8.0,38.0,0.1,0.1,0.4,3.0,422.0,0.0,0.0,0.13981042654028436
43.0,8.0,39.0,0.1,0.1,0.4,3.0,407.0,0.0,0.0,0.14250614250614252
43.0,8.0,40.0,0.1,0.1,0.4,3.0,413.0,0.0,0.0,0.14043583535108958
43.0,8.0,41.0,0.1,0.1,0.4,3.0,397.0,0.0,0.0,0.14357682619647355
43.0,8.0,42.0,0.1,0.1,0.4,3.0,412.0,0.0,0.0,0.1407766990291262
43.0,8.0,43.0,0.1,0.1,0.4,3.0,395.0,0.0,0.0,0.14430379746835442
43.0,8.0,44.0,0.1,0.1,0.4,3.0,412.0,0.0,0.0,0.1407766990291262
43.0,8.0,45.0,0.1,0.1,0.4,3.0,384.0,0.0,0.0,0.2265625
43.0,8.0,46.0,0.1,0.1,0.4,3.0,390.0,0.0,0.0,0.23076923076923078
43.0,8.0,47.0,0.1,0.1,0.4,3.0,374.0,0.0,0.0,0.232620320855615
43.0,8.0,48.0,0.1,0.1,0.4,3.0,373.0,0.0,0.0,0.23324396782841822
43.0,8.0,49.0,0.1,0.1,0.4,3.0,373.0,0.0,0.0,0.23056300268096513
43.0,8.0,50.0,0.1,0.1,0.4,3.0,371.0,0.0,0.0,0.23450134770889489
43.0,8.0,51.0,0.1,0.1,0.4,3.0,368.0,0.0,0.0,0.23641304347826086
43.0,8.0,52.0,0.1,0.1,0.4,3.0,367.0,0.0,0.0,0.23705722070844687
43.0,9.0,1.0,0.1,0.1,0.4,3.0,368.0,0.0,0.0,0.23641304347826086
43.0,9.0,2.0,0.1,0.1,0.4,3.0,366.0,0.0,0.0,0.23770491803278687
43.0,9.0,3.0,0.1,0.1,0.4,3.0,365.0,0.0,0.0,0.2356164383561644
43.0,9.0,4.0,0.1,0.1,0.4,3.0,363.0,0.0,0.0,0.2369146005509642
43.0,9.0,5.0,0.1,0.1,0.4,3.0,363.0,0.0,0.0,0.2369146005509642
43.0,9.0,6.0,0.1,0.1,0.4,3.0,362.0,0.0,0.0,0.23756906077348067
43.0,9.0,7.0,0.1,0.1,0.4,3.0,363.0,0.0,0.0,0.2369146005509642
43.0,9.0,8.0,0.1,0.1,0.4,3.0,363.0,0.0,0.0,0.2369146005509642
43.0,9.0,9.0,0.1,0.1,0.4,3.0,363.0,0.0,0.0,0.2369146005509642
43.0,9.0,10.0,0.1,0.1,0.4,3.0,363.0,0.0,0.0,0.2369146005509642
43.0,9.0,11.0,0.1,0.1,0.4,3.0,362.0,0.0,0.0,0.23756906077348067
43.0,9.0,12.0,0.1,0.1,0.4,3.0,363.0,0.0,0.0,0.2369146005509642
43.0,9.0,13.0,0.1,0.1,0.4,3.0,362.0,0.0,0.0,0.23756906077348067
43.0,9.0,14.0,0.1,0.1,0.4,3.0,361.0,0.0,0.0,0.23822714681440443
43.0,9.0,15.0,0.1,0.1,0.4,3.0,360.0,0.0,0.0,0.2388888888888889
43.0,9.0,16.0,0.1,0.1,0.4,3.0,359.0,0.0,0.0,0.2395543175487465
43.0,9.0,17.0,0.1,0.1,0.4,3.0,360.0,0.0,0.0,0.2388888888888889
43.0,9.0,18.0,0.1,0.1,0.4,3.0,359.0,0.0,0.0,0.2395543175487465
43.0,9.0,19.0,0.1,0.1,0.4,3.0,359.0,0.0,0.0,0.2395543175487465
43.0,9.0,20.0,0.1,0.1,0.4,3.0,696.0,0.0,0.0,0.09913793103448276
43.0,9.0,21.0,0.1,0.1,0.4,3.0,668.0,0.0,0.0,0.09730538922155689
43.0,9.0,22.0,0.1,0.1,0.4,3.0,638.0,0.0,0.0,0.0987460815047022
43.0,9.0,23.0,0.1,0.1,0.4,3.0,623.0,0.0,0.0,0.09951845906902086
43.0,9.0,24.0,0.1,0.1,0.4,3.0,614.0,0.0,0.0,0.0993485342019544
43.0,9.0,25.0,0.1,0.1,0.4,3.0,584.0,0.0,0.0,0.09931506849315068
43.0,9.0,26.0,0.1,0.1,0.4,3.0,550.0,0.0,0.0,0.10363636363636364
43.0,9.0,27.0,0.1,0.1,0.4,3.0,525.0,0.0,0.0,0.10666666666666667
43.0,9.0,28.0,0.1,0.1,0.4,3.0,506.0,0.0,0.0,0.1067193675889328
43.0,9.0,29.0,0.1,0.1,0.4,3.0,476.0,0.0,0.0,0.11134453781512606
43.0,9.0,30.0,0.1,0.1,0.4,3.0,451.0,0.0,0.0,0.11529933481152993
43.0,9.0,31.0,0.1,0.1,0.4,3.0,452.0,0.0,0.0,0.11504424778761062
43.0,9.0,32.0,0.1,0.1,0.4,3.0,430.0,0.0,0.0,0.1186046511627907
43.0,9.0,33.0,0.1,0.1,0.4,3.0,432.0,0.0,0.0,0.11805555555555555
43.0,9.0,34.0,0.1,0.1,0.4,3.0,431.0,0.0,0.0,0.11832946635730858
43.0,9.0,35.0,0.1,0.1,0.4,3.0,431.0,0.0,0.0,0.11832946635730858
43.0,9.0,36.0,0.1,0.1,0.4,3.0,406.0,0.0,0.0,0.12561576354679804
43.0,9.0,37.0,0.1,0.1,0.4,3.0,399.0,0.0,0.0,0.12531328320802004
43.0,9.0,38.0,0.1,0.1,0.4,3.0,380.0,0.0,0.0,0.13157894736842105
43.0,9.0,39.0,0.1,0.1,0.4,3.0,381.0,0.0,0.0,0.13123359580052493
43.0,9.0,40.0,0.1,0.1,0.4,3.0,380.0,0.0,0.0,0.13157894736842105
43.0,9.0,41.0,0.1,0.1,0.4,3.0,370.0,0.0,0.0,0.12972972972972974
43.0,9.0,42.0,0.1,0.1,0.4,3.0,367.0,0.0,0.0,0.1307901907356948
43.0,9.0,43.0,0.1,0.1,0.4,3.0,370.0,0.0,0.0,0.12972972972972974
43.0,9.0,44.0,0.1,0.1,0.4,3.0,367.0,0.0,0.0,0.1307901907356948
43.0,9.0,45.0,0.1,0.1,0.4,3.0,370.0,0.0,0.0,0.1891891891891892
43.0,9.0,46.0,0.1,0.1,0.4,3.0,366.0,0.0,0.0,0.1830601092896175
43.0,9.0,47.0,0.1,0.1,0.4,3.0,361.0,0.0,0.0,0.19113573407202217
43.0,9.0,48.0,0.1,0.1,0.4,3.0,357.0,0.0,0.0,0.1876750700280112
43.0,9.0,49.0,0.1,0.1,0.4,3.0,353.0,0.0,0.0,0.1954674220963173
43.0,9.0,50.0,0.1,0.1,0.4,3.0,348.0,0.0,0.0,0.1925287356321839
43.0,9.0,51.0,0.1,0.1,0.4,3.0,351.0,0.0,0.0,0.19658119658119658
43.0,9.0,52.0,0.1,0.1,0.4,3.0,347.0,0.0,0.0,0.1930835734870317
43.0,10.0,1.0,0.1,0.1,0.4,3.0,339.0,0.0,0.0,0.1976401179941003
43.0,10.0,2.0,0.1,0.1,0.4,3.0,339.0,0.0,0.0,0.1976401179941003
43.0,10.0,3.0,0.1,0.1,0.4,3.0,340.0,0.0,0.0,0.2
43.0,10.0,4.0,0.1,0.1,0.4,3.0,339.0,0.0,0.0,0.1976401179941003
43.0,10.0,5.0,0.1,0.1,0.4,3.0,340.0,0.0,0.0,0.2
43.0,10.0,6.0,0.1,0.1,0.4,3.0,339.0,0.0,0.0,0.1976401179941003
43.0,10.0,7.0,0.1,0.1,0.4,3.0,341.0,0.0,0.0,0.19941348973607037
43.0,10.0,8.0,0.1,0.1,0.4,3.0,339.0,0.0,0.0,0.1976401179941003
43.0,10.0,9.0,0.1,0.1,0.4,3.0,341.0,0.0,0.0,0.19941348973607037
43.0,10.0,10.0,0.1,0.1,0.4,3.0,339.0,0.0,0.0,0.1976401179941003
43.0,10.0,11.0,0.1,0.1,0.4,3.0,341.0,0.0,0.0,0.19941348973607037
43.0,10.0,12.0,0.1,0.1,0.4,3.0,339.0,0.0,0.0,0.1976401179941003
43.0,10.0,13.0,0.1,0.1,0.4,3.0,341.0,0.0,0.0,0.19941348973607037
43.0,10.0,14.0,0.1,0.1,0.4,3.0,339.0,0.0,0.0,0.1976401179941003
43.0,10.0,15.0,0.1,0.1,0.4,3.0,341.0,0.0,0.0,0.19941348973607037
43.0,10.0,16.0,0.1,0.1,0.4,3.0,339.0,0.0,0.0,0.1976401179941003
43.0,10.0,17.0,0.1,0.1,0.4,3.0,341.0,0.0,0.0,0.19941348973607037
43.0,10.0,18.0,0.1,0.1,0.4,3.0,339.0,0.0,0.0,0.1976401179941003
43.0,10.0,19.0,0.1,0.1,0.4,3.0,340.0,0.0,0.0,0.2
43.0,10.0,20.0,0.1,0.1,0.4,3.0,603.0,0.0,0.0,0.10281923714759536
43.0,10.0,21.0,0.1,0.1,0.4,3.0,573.0,0.0,0.0,0.10645724258289703
43.0,10.0,22.0,0.1,0.1,0.4,3.0,568.0,0.0,0.0,0.1056338028169014
43.0,10.0,23.0,0.1,0.1,0.4,3.0,571.0,0.0,0.0,0.1085814360770578
43.0,10.0,24.0,0.1,0.1,0.4,3.0,559.0,0.0,0.0,0.1073345259391771
43.0,10.0,25.0,0.1,0.1,0.4,3.0,553.0,0.0,0.0,0.11211573236889692
43.0,10.0,26.0,0.1,0.1,0.4,3.0,517.0,0.0,0.0,0.1102514506769826
43.0,10.0,27.0,0.1,0.1,0.4,3.0,482.0,0.0,0.0,0.11825726141078838
43.0,10.0,28.0,0.1,0.1,0.4,3.0,446.0,0.0,0.0,0.1210762331838565
43.0,10.0,29.0,0.1,0.1,0.4,3.0,442.0,0.0,0.0,0.1244343891402715
43.0,10.0,30.0,0.1,0.1,0.4,3.0,426.0,0.0,0.0,0.1267605633802817
43.0,10.0,31.0,0.1,0.1,0.4,3.0,422.0,0.0,0.0,0.13033175355450238
43.0,10.0,32.0,0.1,0.1,0.4,3.0,409.0,0.0,0.0,0.1295843520782396
43.0,10.0,33.0,0.1,0.1,0.4,3.0,405.0,0.0,0.0,0.13333333333333333
43.0,10.0,34.0,0.1,0.1,0.4,3.0,393.0,0.0,0.0,0.13486005089058525
43.0,10.0,35.0,0.1,0.1,0.4,3.0,389.0,0.0,0.0,0.13881748071979436
43.0,10.0,36.0,0.1,0.1,0.4,3.0,393.0,0.0,0.0,0.13486005089058525
43.0,10.0,37.0,0.1,0.1,0.4,3.0,389.0,0.0,0.0,0.13881748071979436
43.0,10.0,38.0,0.1,0.1,0.4,3.0,393.0,0.0,0.0,0.13486005089058525
43.0,10.0,39.0,0.1,0.1,0.4,3.0,389.0,0.0,0.0,0.13881748071979436
43.0,10.0,40.0,0.1,0.1,0.4,3.0,385.0,0.0,0.0,0.13766233766233765
43.0,10.0,41.0,0.1,0.1,0.4,3.0,339.0,0.0,0.0,0.1504424778761062
43.0,10.0,42.0,0.1,0.1,0.4,3.0,342.0,0.0,0.0,0.14619883040935672
43.0,10.0,43.0,0.1,0.1,0.4,3.0,338.0,0.0,0.0,0.15088757396449703
43.0,10.0,44.0,0.1,0.1,0.4,3.0,342.0,0.0,0.0,0.14619883040935672
43.0,10.0,45.0,0.1,0.1,0.4,3.0,338.0,0.0,0.0,0.21597633136094674
43.0,10.0,46.0,0.1,0.1,0.4,3.0,334.0,0.0,0.0,0.20658682634730538
43.0,10.0,47.0,0.1,0.1,0.4,3.0,330.0,0.0,0.0,0.20606060606060606
43.0,10.0,48.0,0.1,0.1,0.4,3.0,334.0,0.0,0.0,0.20658682634730538
43.0,10.0,49.0,0.1,0.1,0.4,3.0,336.0,0.0,0.0,0.2113095238095238
43.0,10.0,50.0,0.1,0.1,0.4,3.0,330.0,0.0,0.0,0.20909090909090908
43.0,10.0,51.0,0.1,0.1,0.4,3.0,332.0,0.0,0.0,0.21084337349397592
43.0,10.0,52.0,0.1,0.1,0.4,3.0,326.0,0.0,0.0,0.2116564417177914
44.0,1.0,1.0,0.1,0.1,0.4,3.0,5066.0,48.0,5.0,0.0967232530596131
44.0,1.0,2.0,0.1,0.1,0.4,3.0,4940.0,52.0,18.0,0.09635627530364373
44.0,1.0,3.0,0.1,0.1,0.4,3.0,4834.0,73.0,30.0,0.09702110053785684
44.0,1.0,4.0,0.1,0.1,0.4,3.0,4697.0,93.0,34.0,0.09708324462422824
44.0,1.0,5.0,0.1,0.1,0.4,3.0,4478.0,103.0,31.0,0.09870477891916034
44.0,1.0,6.0,0.1,0.1,0.4,3.0,4332.0,113.0,35.0,0.10018467220683287
44.0,1.0,7.0,0.1,0.1,0.4,3.0,4158.0,139.0,49.0,0.10341510341510342
44.0,1.0,8.0,0.1,0.1,0.4,3.0,3976.0,172.0,61.0,0.10538229376257545
44.0,1.0,9.0,0.1,0.1,0.4,3.0,3774.0,196.0,70.0,0.10545839957604664
44.0,1.0,10.0,0.1,0.1,0.4,3.0,3533.0,200.0,79.0,0.10614208887630909
44.0,1.0,11.0,0.1,0.1,0.4,3.0,3322.0,224.0,86.0,0.10746538229981939
44.0,1.0,12.0,0.1,0.1,0.4,3.0,3181.0,235.0,91.0,0.10908519333542911
44.0,1.0,13.0,0.1,0.1,0.4,3.0,2985.0,232.0,99.0,0.111892797319933
44.0,1.0,14.0,0.1,0.1,0.4,3.0,2905.0,233.0,117.0,0.11153184165232358
44.0,1.0,15.0,0.1,0.1,0.4,3.0,2755.0,221.0,113.0,0.11288566243194192
44.0,1.0,16.0,0.1,0.1,0.4,3.0,2631.0,214.0,106.0,0.11402508551881414
44.0,1.0,17.0,0.1,0.1,0.4,3.0,2518.0,201.0,93.0,0.11675933280381255
44.0,1.0,18.0,0.1,0.1,0.4,3.0,2449.0,183.0,91.0,0.11841567986933442
44.0,1.0,19.0,0.1,0.1,0.4,3.0,2346.0,180.0,85.0,0.11935208866155157
44.0,1.0,20.0,0.1,0.1,0.4,3.0,6210.0,165.0,77.0,0.04412238325281804
44.0,1.0,21.0,0.1,0.1,0.4,3.0,5657.0,211.0,75.0,0.04525366802191975
44.0,1.0,22.0,0.1,0.1,0.4,3.0,5291.0,277.0,82.0,0.04762804762804763
44.0,1.0,23.0,0.1,0.1,0.4,3.0,4857.0,308.0,99.0,0.047971999176446366
44.0,1.0,24.0,0.1,0.1,0.4,3.0,4370.0,306.0,117.0,0.04874141876430206
44.0,1.0,25.0,0.1,0.1,0.4,3.0,4109.0,344.0,124.0,0.05062058895108299
44.0,1.0,26.0,0.1,0.1,0.4,3.0,3804.0,345.0,122.0,0.051787592008412195
44.0,1.0,27.0,0.1,0.1,0.4,3.0,3542.0,324.0,125.0,0.05448898927159797
44.0,1.0,28.0,0.1,0.1,0.4,3.0,3272.0,319.0,140.0,0.05684596577017115
44.0,1.0,29.0,0.1,0.1,0.4,3.0,3006.0,328.0,147.0,0.05755156353958749
44.0,1.0,30.0,0.1,0.1,0.4,3.0,2715.0,291.0,130.0,0.062246777163904234
44.0,1.0,31.0,0.1,0.1,0.4,3.0,2519.0,291.0,131.0,0.06232631996824137
44.0,1.0,32.0,0.1,0.1,0.4,3.0,2294.0,287.0,122.0,0.06625980819529206
44.0,1.0,33.0,0.1,0.1,0.4,3.0,2118.0,260.0,108.0,0.06751652502360718
44.0,1.0,34.0,0.1,0.1,0.4,3.0,2005.0,256.0,122.0,0.06783042394014963
44.0,1.0,35.0,0.1,0.1,0.4,3.0,1873.0,252.0,124.0,0.06887346502936466
44.0,1.0,36.0,0.1,0.1,0.4,3.0,1796.0,248.0,113.0,0.07126948775055679
44.0,1.0,37.0,0.1,0.1,0.4,3.0,1712.0,242.0,115.0,0.07301401869158879
44.0,1.0,38.0,0.1,0.1,0.4,3.0,1600.0,236.0,101.0,0.07375
44.0,1.0,39.0,0.1,0.1,0.4,3.0,1519.0,229.0,110.0,0.07504937458854509
44.0,1.0,40.0,0.1,0.1,0.4,3.0,1403.0,205.0,102.0,0.07769066286528867
44.0,1.0,41.0,0.1,0.1,0.4,3.0,1319.0,175.0,94.0,0.0803639120545868
44.0,1.0,42.0,0.1,0.1,0.4,3.0,1190.0,142.0,80.0,0.08739495798319327
44.0,1.0,43.0,0.1,0.1,0.4,3.0,1141.0,121.0,59.0,0.09202453987730061
44.0,1.0,44.0,0.1,0.1,0.4,3.0,1037.0,107.0,51.0,0.09546769527483125
44.0,1.0,45.0,0.1,0.1,0.4,3.0,970.0,95.0,40.0,0.15979381443298968
44.0,1.0,46.0,0.1,0.1,0.4,3.0,945.0,89.0,43.0,0.15978835978835979
44.0,1.0,47.0,0.1,0.1,0.4,3.0,917.0,85.0,44.0,0.16030534351145037
44.0,1.0,48.0,0.1,0.1,0.4,3.0,879.0,83.0,38.0,0.16496018202502843
44.0,1.0,49.0,0.1,0.1,0.4,3.0,828.0,65.0,34.0,0.17028985507246377
44.0,1.0,50.0,0.1,0.1,0.4,3.0,817.0,60.0,33.0,0.17258261933904528
44.0,1.0,51.0,0.1,0.1,0.4,3.0,799.0,58.0,39.0,0.17146433041301626
44.0,1.0,52.0,0.1,0.1,0.4,3.0,780.0,49.0,30.0,0.17435897435897435
44.0,2.0,1.0,0.1,0.1,0.4,3.0,754.0,45.0,24.0,0.17506631299734748
44.0,2.0,2.0,0.1,0.1,0.4,3.0,726.0,34.0,16.0,0.18319559228650137
44.0,2.0,3.0,0.1,0.1,0.4,3.0,698.0,32.0,14.0,0.18481375358166188
44.0,2.0,4.0,0.1,0.1,0.4,3.0,687.0,32.0,16.0,0.18922852983988356
44.0,2.0,5.0,0.1,0.1,0.4,3.0,675.0,31.0,18.0,0.18814814814814815
44.0,2.0,6.0,0.1,0.1,0.4,3.0,667.0,32.0,17.0,0.1934032983508246
44.0,2.0,7.0,0.1,0.1,0.4,3.0,654.0,29.0,14.0,0.1926605504587156
44.0,2.0,8.0,0.1,0.1,0.4,3.0,645.0,25.0,8.0,0.19534883720930232
44.0,2.0,9.0,0.1,0.1,0.4,3.0,638.0,23.0,9.0,0.19278996865203762
44.0,2.0,10.0,0.1,0.1,0.4,3.0,616.0,21.0,7.0,0.19967532467532467
44.0,2.0,11.0,0.1,0.1,0.4,3.0,609.0,21.0,14.0,0.1986863711001642
44.0,2.0,12.0,0.1,0.1,0.4,3.0,605.0,21.0,13.0,0.20330578512396694
44.0,2.0,13.0,0.1,0.1,0.4,3.0,600.0,20.0,13.0,0.19833333333333333
44.0,2.0,14.0,0.1,0.1,0.4,3.0,587.0,12.0,7.0,0.20272572402044292
44.0,2.0,15.0,0.1,0.1,0.4,3.0,580.0,9.0,7.0,0.2
44.0,2.0,16.0,0.1,0.1,0.4,3.0,577.0,7.0,7.0,0.2027729636048527
44.0,2.0,17.0,0.1,0.1,0.4,3.0,563.0,5.0,5.0,0.2024866785079929
44.0,2.0,18.0,0.1,0.1,0.4,3.0,558.0,5.0,2.0,0.2060931899641577
44.0,2.0,19.0,0.1,0.1,0.4,3.0,552.0,4.0,2.0,0.20471014492753623
44.0,2.0,20.0,0.1,0.1,0.4,3.0,1001.0,5.0,2.0,0.11488511488511488
44.0,2.0,21.0,0.1,0.1,0.4,3.0,975.0,7.0,3.0,0.11487179487179487
44.0,2.0,22.0,0.1,0.1,0.4,3.0,971.0,8.0,3.0,0.11740473738414006
44.0,2.0,23.0,0.1,0.1,0.4,3.0,941.0,9.0,5.0,0.1126461211477152
44.0,2.0,24.0,0.1,0.1,0.4,3.0,911.0,5.0,3.0,0.11525795828759605
44.0,2.0,25.0,0.1,0.1,0.4,3.0,887.0,4.0,3.0,0.11386696730552424
44.0,2.0,26.0,0.1,0.1,0.4,3.0,867.0,2.0,1.0,0.11534025374855825
44.0,2.0,27.0,0.1,0.1,0.4,3.0,838.0,2.0,2.0,0.11694510739856802
44.0,2.0,28.0,0.1,0.1,0.4,3.0,769.0,2.0,1.0,0.1222366710013004
44.0,2.0,29.0,0.1,0.1,0.4,3.0,736.0,2.0,1.0,0.125
44.0,2.0,30.0,0.1,0.1,0.4,3.0,719.0,1.0,0.0,0.12517385257301808
44.0,2.0,31.0,0.1,0.1,0.4,3.0,687.0,1.0,0.0,0.1222707423580786
44.0,2.0,32.0,0.1,0.1,0.4,3.0,665.0,1.0,0.0,0.12330827067669173
44.0,2.0,33.0,0.1,0.1,0.4,3.0,657.0,1.0,0.0,0.1202435312024353
44.0,2.0,34.0,0.1,0.1,0.4,3.0,642.0,1.0,1.0,0.12461059190031153
44.0,2.0,35.0,0.1,0.1,0.4,3.0,639.0,2.0,1.0,0.12206572769953052
44.0,2.0,36.0,0.1,0.1,0.4,3.0,632.0,3.0,1.0,0.12341772151898735
44.0,2.0,37.0,0.1,0.1,0.4,3.0,615.0,2.0,0.0,0.12195121951219512
44.0,2.0,38.0,0.1,0.1,0.4,3.0,571.0,2.0,0.0,0.12259194395796848
44.0,2.0,39.0,0.1,0.1,0.4,3.0,565.0,2.0,2.0,0.12212389380530973
44.0,2.0,40.0,0.1,0.1,0.4,3.0,557.0,2.0,2.0,0.12387791741472172
44.0,2.0,41.0,0.1,0.1,0.4,3.0,554.0,2.0,2.0,0.12274368231046931
44.0,2.0,42.0,0.1,0.1,0.4,3.0,541.0,0.0,0.0,0.12199630314232902
44.0,2.0,43.0,0.1,0.1,0.4,3.0,539.0,0.0,0.0,0.12244897959183673
44.0,2.0,44.0,0.1,0.1,0.4,3.0,522.0,0.0,0.0,0.12452107279693486
44.0,2.0,45.0,0.1,0.1,0.4,3.0,518.0,0.0,0.0,0.20463320463320464
44.0,2.0,46.0,0.1,0.1,0.4,3.0,504.0,0.0,0.0,0.20436507936507936
44.0,2.0,47.0,0.1,0.1,0.4,3.0,494.0,0.0,0.0,0.20445344129554655
44.0,2.0,48.0,0.1,0.1,0.4,3.0,479.0,0.0,0.0,0.2045929018789144
44.0,2.0,49.0,0.1,0.1,0.4,3.0,474.0,0.0,0.0,0.20464135021097046
44.0,2.0,50.0,0.1,0.1,0.4,3.0,467.0,0.0,0.0,0.20556745182012848
44.0,2.0,51.0,0.1,0.1,0.4,3.0,475.0,0.0,0.0,0.20421052631578948
44.0,2.0,52.0,0.1,0.1,0.4,3.0,461.0,0.0,0.0,0.20607375271149675
44.0,3.0,1.0,0.1,0.1,0.4,3.0,466.0,0.0,0.0,0.20386266094420602
44.0,3.0,2.0,0.1,0.1,0.4,3.0,458.0,0.0,0.0,0.20305676855895197
44.0,3.0,3.0,0.1,0.1,0.4,3.0,460.0,0.0,0.0,0.20217391304347826
44.0,3.0,4.0,0.1,0.1,0.4,3.0,451.0,0.0,0.0,0.19955654101995565
44.0,3.0,5.0,0.1,0.1,0.4,3.0,455.0,0.0,0.0,0.2
44.0,3.0,6.0,0.1,0.1,0.4,3.0,439.0,0.0,0.0,0.19817767653758542
44.0,3.0,7.0,0.1,0.1,0.4,3.0,440.0,0.0,0.0,0.19318181818181818
44.0,3.0,8.0,0.1,0.1,0.4,3.0,431.0,0.0,0.0,0.19721577726218098
44.0,3.0,9.0,0.1,0.1,0.4,3.0,429.0,0.0,0.0,0.1958041958041958
44.0,3.0,10.0,0.1,0.1,0.4,3.0,419.0,0.0,0.0,0.20047732696897375
44.0,3.0,11.0,0.1,0.1,0.4,3.0,418.0,0.0,0.0,0.19856459330143542
44.0,3.0,12.0,0.1,0.1,0.4,3.0,415.0,0.0,0.0,0.2
44.0,3.0,13.0,0.1,0.1,0.4,3.0,406.0,0.0,0.0,0.2019704433497537
44.0,3.0,14.0,0.1,0.1,0.4,3.0,398.0,0.0,0.0,0.20100502512562815
44.0,3.0,15.0,0.1,0.1,0.4,3.0,393.0,0.0,0.0,0.1984732824427481
44.0,3.0,16.0,0.1,0.1,0.4,3.0,385.0,0.0,0.0,0.2
44.0,3.0,17.0,0.1,0.1,0.4,3.0,388.0,0.0,0.0,0.19845360824742267
44.0,3.0,18.0,0.1,0.1,0.4,3.0,383.0,0.0,0.0,0.2010443864229765
44.0,3.0,19.0,0.1,0.1,0.4,3.0,384.0,0.0,0.0,0.19791666666666666
44.0,3.0,20.0,0.1,0.1,0.4,3.0,731.0,0.0,0.0,0.09849521203830369
44.0,3.0,21.0,0.1,0.1,0.4,3.0,707.0,0.0,0.0,0.10042432814710042
44.0,3.0,22.0,0.1,0.1,0.4,3.0,675.0,0.0,0.0,0.10074074074074074
44.0,3.0,23.0,0.1,0.1,0.4,3.0,673.0,0.0,0.0,0.10104011887072809
44.0,3.0,24.0,0.1,0.1,0.4,3.0,654.0,0.0,0.0,0.0963302752293578
44.0,3.0,25.0,0.1,0.1,0.4,3.0,629.0,0.0,0.0,0.0985691573926868
44.0,3.0,26.0,0.1,0.1,0.4,3.0,592.0,0.0,0.0,0.09797297297297297
44.0,3.0,27.0,0.1,0.1,0.4,3.0,572.0,0.0,0.0,0.0979020979020979
44.0,3.0,28.0,0.1,0.1,0.4,3.0,562.0,0.0,0.0,0.09786476868327403
44.0,3.0,29.0,0.1,0.1,0.4,3.0,567.0,0.0,0.0,0.09700176366843033
44.0,3.0,30.0,0.1,0.1,0.4,3.0,525.0,0.0,0.0,0.10285714285714286
44.0,3.0,31.0,0.1,0.1,0.4,3.0,520.0,0.0,0.0,0.1
44.0,3.0,32.0,0.1,0.1,0.4,3.0,503.0,0.0,0.0,0.10337972166998012
44.0,3.0,33.0,0.1,0.1,0.4,3.0,504.0,0.0,0.0,0.10515873015873016
44.0,3.0,34.0,0.1,0.1,0.4,3.0,487.0,0.0,0.0,0.10882956878850103
44.0,3.0,35.0,0.1,0.1,0.4,3.0,492.0,0.0,0.0,0.10772357723577236
44.0,3.0,36.0,0.1,0.1,0.4,3.0,484.0,0.0,0.0,0.10743801652892562
44.0,3.0,37.0,0.1,0.1,0.4,3.0,489.0,0.0,0.0,0.10429447852760736
44.0,3.0,38.0,0.1,0.1,0.4,3.0,473.0,0.0,0.0,0.10782241014799154
44.0,3.0,39.0,0.1,0.1,0.4,3.0,478.0,0.0,0.0,0.10460251046025104
44.0,3.0,40.0,0.1,0.1,0.4,3.0,445.0,0.0,0.0,0.1101123595505618
44.0,3.0,41.0,0.1,0.1,0.4,3.0,425.0,0.0,0.0,0.10352941176470588
44.0,3.0,42.0,0.1,0.1,0.4,3.0,417.0,0.0,0.0,0.10071942446043165
44.0,3.0,43.0,0.1,0.1,0.4,3.0,414.0,0.0,0.0,0.10144927536231885
44.0,3.0,44.0,0.1,0.1,0.4,3.0,408.0,0.0,0.0,0.10049019607843138
44.0,3.0,45.0,0.1,0.1,0.4,3.0,389.0,0.0,0.0,0.15681233933161953
44.0,3.0,46.0,0.1,0.1,0.4,3.0,386.0,0.0,0.0,0.15803108808290156
44.0,3.0,47.0,0.1,0.1,0.4,3.0,390.0,0.0,0.0,0.15897435897435896
44.0,3.0,48.0,0.1,0.1,0.4,3.0,391.0,0.0,0.0,0.1585677749360614
44.0,3.0,49.0,0.1,0.1,0.4,3.0,381.0,0.0,0.0,0.16010498687664043
44.0,3.0,50.0,0.1,0.1,0.4,3.0,383.0,0.0,0.0,0.15926892950391644
44.0,3.0,51.0,0.1,0.1,0.4,3.0,381.0,0.0,0.0,0.16010498687664043
44.0,3.0,52.0,0.1,0.1,0.4,3.0,373.0,0.0,0.0,0.16085790884718498
44.0,4.0,1.0,0.1,0.1,0.4,3.0,363.0,0.0,0.0,0.162534435261708
44.0,4.0,2.0,0.1,0.1,0.4,3.0,356.0,0.0,0.0,0.16292134831460675
44.0,4.0,3.0,0.1,0.1,0.4,3.0,351.0,0.0,0.0,0.16524216524216523
44.0,4.0,4.0,0.1,0.1,0.4,3.0,354.0,0.0,0.0,0.1638418079096045
44.0,4.0,5.0,0.1,0.1,0.4,3.0,351.0,0.0,0.0,0.16524216524216523
44.0,4.0,6.0,0.1,0.1,0.4,3.0,340.0,0.0,0.0,0.17058823529411765
44.0,4.0,7.0,0.1,0.1,0.4,3.0,336.0,0.0,0.0,0.16964285714285715
44.0,4.0,8.0,0.1,0.1,0.4,3.0,335.0,0.0,0.0,0.16716417910447762
44.0,4.0,9.0,0.1,0.1,0.4,3.0,331.0,0.0,0.0,0.1691842900302115
44.0,4.0,10.0,0.1,0.1,0.4,3.0,330.0,0.0,0.0,0.16666666666666666
44.0,4.0,11.0,0.1,0.1,0.4,3.0,317.0,0.0,0.0,0.17034700315457413
44.0,4.0,12.0,0.1,0.1,0.4,3.0,320.0,0.0,0.0,0.16875
44.0,4.0,13.0,0.1,0.1,0.4,3.0,317.0,0.0,0.0,0.167192429022082
44.0,4.0,14.0,0.1,0.1,0.4,3.0,316.0,0.0,0.0,0.16455696202531644
44.0,4.0,15.0,0.1,0.1,0.4,3.0,312.0,0.0,0.0,0.16666666666666666
44.0,4.0,16.0,0.1,0.1,0.4,3.0,315.0,0.0,0.0,0.16507936507936508
44.0,4.0,17.0,0.1,0.1,0.4,3.0,311.0,0.0,0.0,0.1639871382636656
44.0,4.0,18.0,0.1,0.1,0.4,3.0,312.0,0.0,0.0,0.16346153846153846
44.0,4.0,19.0,0.1,0.1,0.4,3.0,308.0,0.0,0.0,0.16558441558441558
44.0,4.0,20.0,0.1,0.1,0.4,3.0,555.0,0.0,0.0,0.0918918918918919
44.0,4.0,21.0,0.1,0.1,0.4,3.0,521.0,0.0,0.0,0.09788867562380038
44.0,4.0,22.0,0.1,0.1,0.4,3.0,524.0,0.0,0.0,0.09732824427480916
44.0,4.0,23.0,0.1,0.1,0.4,3.0,511.0,0.0,0.0,0.09784735812133072
44.0,4.0,24.0,0.1,0.1,0.4,3.0,508.0,0.0,0.0,0.0984251968503937
44.0,4.0,25.0,0.1,0.1,0.4,3.0,490.0,0.0,0.0,0.1
44.0,4.0,26.0,0.1,0.1,0.4,3.0,481.0,0.0,0.0,0.10187110187110188
44.0,4.0,27.0,0.1,0.1,0.4,3.0,453.0,0.0,0.0,0.09933774834437085
44.0,4.0,28.0,0.1,0.1,0.4,3.0,429.0,0.0,0.0,0.1048951048951049
44.0,4.0,29.0,0.1,0.1,0.4,3.0,433.0,0.0,0.0,0.10392609699769054
44.0,4.0,30.0,0.1,0.1,0.4,3.0,421.0,0.0,0.0,0.10451306413301663
44.0,4.0,31.0,0.1,0.1,0.4,3.0,423.0,0.0,0.0,0.1016548463356974
44.0,4.0,32.0,0.1,0.1,0.4,3.0,410.0,0.0,0.0,0.1
44.0,4.0,33.0,0.1,0.1,0.4,3.0,413.0,0.0,0.0,0.09927360774818401
44.0,4.0,34.0,0.1,0.1,0.4,3.0,401.0,0.0,0.0,0.09975062344139651
44.0,4.0,35.0,0.1,0.1,0.4,3.0,405.0,0.0,0.0,0.09876543209876543
44.0,4.0,36.0,0.1,0.1,0.4,3.0,401.0,0.0,0.0,0.09975062344139651
44.0,4.0,37.0,0.1,0.1,0.4,3.0,397.0,0.0,0.0,0.10075566750629723
44.0,4.0,38.0,0.1,0.1,0.4,3.0,392.0,0.0,0.0,0.10204081632653061
44.0,4.0,39.0,0.1,0.1,0.4,3.0,397.0,0.0,0.0,0.10075566750629723
44.0,4.0,40.0,0.1,0.1,0.4,3.0,380.0,0.0,0.0,0.10526315789473684
44.0,4.0,41.0,0.1,0.1,0.4,3.0,373.0,0.0,0.0,0.10187667560321716
44.0,4.0,42.0,0.1,0.1,0.4,3.0,371.0,0.0,0.0,0.09973045822102426
44.0,4.0,43.0,0.1,0.1,0.4,3.0,372.0,0.0,0.0,0.09946236559139784
44.0,4.0,44.0,0.1,0.1,0.4,3.0,357.0,0.0,0.0,0.10084033613445378
44.0,4.0,45.0,0.1,0.1,0.4,3.0,359.0,0.0,0.0,0.19220055710306408
44.0,4.0,46.0,0.1,0.1,0.4,3.0,356.0,0.0,0.0,0.19662921348314608
44.0,4.0,47.0,0.1,0.1,0.4,3.0,353.0,0.0,0.0,0.19263456090651557
44.0,4.0,48.0,0.1,0.1,0.4,3.0,351.0,0.0,0.0,0.19943019943019943
44.0,4.0,49.0,0.1,0.1,0.4,3.0,354.0,0.0,0.0,0.19491525423728814
44.0,4.0,50.0,0.1,0.1,0.4,3.0,338.0,0.0,0.0,0.20414201183431951
44.0,4.0,51.0,0.1,0.1,0.4,3.0,343.0,0.0,0.0,0.20408163265306123
44.0,4.0,52.0,0.1,0.1,0.4,3.0,337.0,0.0,0.0,0.20474777448071216
44.0,5.0,1.0,0.1,0.1,0.4,3.0,340.0,0.0,0.0,0.2
44.0,5.0,2.0,0.1,0.1,0.4,3.0,333.0,0.0,0.0,0.1981981981981982
44.0,5.0,3.0,0.1,0.1,0.4,3.0,338.0,0.0,0.0,0.1952662721893491
44.0,5.0,4.0,0.1,0.1,0.4,3.0,333.0,0.0,0.0,0.1981981981981982
44.0,5.0,5.0,0.1,0.1,0.4,3.0,338.0,0.0,0.0,0.1952662721893491
44.0,5.0,6.0,0.1,0.1,0.4,3.0,332.0,0.0,0.0,0.19879518072289157
44.0,5.0,7.0,0.1,0.1,0.4,3.0,336.0,0.0,0.0,0.19345238095238096
44.0,5.0,8.0,0.1,0.1,0.4,3.0,332.0,0.0,0.0,0.19879518072289157
44.0,5.0,9.0,0.1,0.1,0.4,3.0,336.0,0.0,0.0,0.19642857142857142
44.0,5.0,10.0,0.1,0.1,0.4,3.0,330.0,0.0,0.0,0.2
44.0,5.0,11.0,0.1,0.1,0.4,3.0,331.0,0.0,0.0,0.1933534743202417
44.0,5.0,12.0,0.1,0.1,0.4,3.0,325.0,0.0,0.0,0.2
44.0,5.0,13.0,0.1,0.1,0.4,3.0,327.0,0.0,0.0,0.19877675840978593
44.0,5.0,14.0,0.1,0.1,0.4,3.0,321.0,0.0,0.0,0.20249221183800623
44.0,5.0,15.0,0.1,0.1,0.4,3.0,326.0,0.0,0.0,0.19938650306748465
44.0,5.0,16.0,0.1,0.1,0.4,3.0,317.0,0.0,0.0,0.20504731861198738
44.0,5.0,17.0,0.1,0.1,0.4,3.0,320.0,0.0,0.0,0.203125
44.0,5.0,18.0,0.1,0.1,0.4,3.0,307.0,0.0,0.0,0.21172638436482086
44.0,5.0,19.0,0.1,0.1,0.4,3.0,309.0,0.0,0.0,0.21035598705501618
44.0,5.0,20.0,0.1,0.1,0.4,3.0,561.0,0.0,0.0,0.11586452762923351
44.0,5.0,21.0,0.1,0.1,0.4,3.0,551.0,0.0,0.0,0.11796733212341198
44.0,5.0,22.0,0.1,0.1,0.4,3.0,543.0,0.0,0.0,0.11786372007366483
44.0,5.0,23.0,0.1,0.1,0.4,3.0,535.0,0.0,0.0,0.11775700934579439
44.0,5.0,24.0,0.1,0.1,0.4,3.0,513.0,0.0,0.0,0.12085769980506822
44.0,5.0,25.0,0.1,0.1,0.4,3.0,495.0,0.0,0.0,0.12121212121212122
44.0,5.0,26.0,0.1,0.1,0.4,3.0,469.0,0.0,0.0,0.12153518123667377
44.0,5.0,27.0,0.1,0.1,0.4,3.0,444.0,0.0,0.0,0.11711711711711711
44.0,5.0,28.0,0.1,0.1,0.4,3.0,419.0,0.0,0.0,0.12410501193317422
44.0,5.0,29.0,0.1,0.1,0.4,3.0,402.0,0.0,0.0,0.12686567164179105
44.0,5.0,30.0,0.1,0.1,0.4,3.0,396.0,0.0,0.0,0.12878787878787878
44.0,5.0,31.0,0.1,0.1,0.4,3.0,394.0,0.0,0.0,0.12944162436548223
44.0,5.0,32.0,0.1,0.1,0.4,3.0,361.0,0.0,0.0,0.13850415512465375
44.0,5.0,33.0,0.1,0.1,0.4,3.0,367.0,0.0,0.0,0.1362397820163488
44.0,5.0,34.0,0.1,0.1,0.4,3.0,361.0,0.0,0.0,0.13850415512465375
44.0,5.0,35.0,0.1,0.1,0.4,3.0,358.0,0.0,0.0,0.13966480446927373
44.0,5.0,36.0,0.1,0.1,0.4,3.0,344.0,0.0,0.0,0.14244186046511628
44.0,5.0,37.0,0.1,0.1,0.4,3.0,350.0,0.0,0.0,0.14
44.0,5.0,38.0,0.1,0.1,0.4,3.0,343.0,0.0,0.0,0.14285714285714285
44.0,5.0,39.0,0.1,0.1,0.4,3.0,337.0,0.0,0.0,0.1394658753709199
44.0,5.0,40.0,0.1,0.1,0.4,3.0,320.0,0.0,0.0,0.14375
44.0,5.0,41.0,0.1,0.1,0.4,3.0,325.0,0.0,0.0,0.14153846153846153
44.0,5.0,42.0,0.1,0.1,0.4,3.0,321.0,0.0,0.0,0.14330218068535824
44.0,5.0,43.0,0.1,0.1,0.4,3.0,325.0,0.0,0.0,0.14153846153846153
44.0,5.0,44.0,0.1,0.1,0.4,3.0,319.0,0.0,0.0,0.14420062695924765
44.0,5.0,45.0,0.1,0.1,0.4,3.0,323.0,0.0,0.0,0.22291021671826625
44.0,5.0,46.0,0.1,0.1,0.4,3.0,309.0,0.0,0.0,0.22653721682847897
44.0,5.0,47.0,0.1,0.1,0.4,3.0,314.0,0.0,0.0,0.2229299363057325
44.0,5.0,48.0,0.1,0.1,0.4,3.0,309.0,0.0,0.0,0.22653721682847897
44.0,5.0,49.0,0.1,0.1,0.4,3.0,314.0,0.0,0.0,0.2229299363057325
44.0,5.0,50.0,0.1,0.1,0.4,3.0,313.0,0.0,0.0,0.22364217252396165
44.0,5.0,51.0,0.1,0.1,0.4,3.0,313.0,0.0,0.0,0.22044728434504793
44.0,5.0,52.0,0.1,0.1,0.4,3.0,311.0,0.0,0.0,0.21864951768488747
44.0,6.0,1.0,0.1,0.1,0.4,3.0,313.0,0.0,0.0,0.22044728434504793
44.0,6.0,2.0,0.1,0.1,0.4,3.0,306.0,0.0,0.0,0.21895424836601307
44.0,6.0,3.0,0.1,0.1,0.4,3.0,312.0,0.0,0.0,0.21794871794871795
44.0,6.0,4.0,0.1,0.1,0.4,3.0,297.0,0.0,0.0,0.2255892255892256
44.0,6.0,5.0,0.1,0.1,0.4,3.0,303.0,0.0,0.0,0.22442244224422442
44.0,6.0,6.0,0.1,0.1,0.4,3.0,297.0,0.0,0.0,0.2255892255892256
44.0,6.0,7.0,0.1,0.1,0.4,3.0,303.0,0.0,0.0,0.22442244224422442
44.0,6.0,8.0,0.1,0.1,0.4,3.0,297.0,0.0,0.0,0.2255892255892256
44.0,6.0,9.0,0.1,0.1,0.4,3.0,303.0,0.0,0.0,0.22442244224422442
44.0,6.0,10.0,0.1,0.1,0.4,3.0,295.0,0.0,0.0,0.22372881355932203
44.0,6.0,11.0,0.1,0.1,0.4,3.0,300.0,0.0,0.0,0.22333333333333333
44.0,6.0,12.0,0.1,0.1,0.4,3.0,291.0,0.0,0.0,0.22336769759450173
44.0,6.0,13.0,0.1,0.1,0.4,3.0,293.0,0.0,0.0,0.22525597269624573
44.0,6.0,14.0,0.1,0.1,0.4,3.0,287.0,0.0,0.0,0.2264808362369338
44.0,6.0,15.0,0.1,0.1,0.4,3.0,293.0,0.0,0.0,0.22525597269624573
44.0,6.0,16.0,0.1,0.1,0.4,3.0,287.0,0.0,0.0,0.2264808362369338
44.0,6.0,17.0,0.1,0.1,0.4,3.0,293.0,0.0,0.0,0.22525597269624573
44.0,6.0,18.0,0.1,0.1,0.4,3.0,287.0,0.0,0.0,0.2264808362369338
44.0,6.0,19.0,0.1,0.1,0.4,3.0,293.0,0.0,0.0,0.22525597269624573
44.0,6.0,20.0,0.1,0.1,0.4,3.0,517.0,0.0,0.0,0.12379110251450677
44.0,6.0,21.0,0.1,0.1,0.4,3.0,503.0,0.0,0.0,0.12922465208747516
44.0,6.0,22.0,0.1,0.1,0.4,3.0,475.0,0.0,0.0,0.13052631578947368
44.0,6.0,23.0,0.1,0.1,0.4,3.0,469.0,0.0,0.0,0.13432835820895522
44.0,6.0,24.0,0.1,0.1,0.4,3.0,411.0,0.0,0.0,0.1386861313868613
44.0,6.0,25.0,0.1,0.1,0.4,3.0,417.0,0.0,0.0,0.14148681055155876
44.0,6.0,26.0,0.1,0.1,0.4,3.0,411.0,0.0,0.0,0.1386861313868613
44.0,6.0,27.0,0.1,0.1,0.4,3.0,413.0,0.0,0.0,0.14043583535108958
44.0,6.0,28.0,0.1,0.1,0.4,3.0,382.0,0.0,0.0,0.14136125654450263
44.0,6.0,29.0,0.1,0.1,0.4,3.0,380.0,0.0,0.0,0.14473684210526316
44.0,6.0,30.0,0.1,0.1,0.4,3.0,377.0,0.0,0.0,0.13527851458885942
44.0,6.0,31.0,0.1,0.1,0.4,3.0,370.0,0.0,0.0,0.14324324324324325
44.0,6.0,32.0,0.1,0.1,0.4,3.0,369.0,0.0,0.0,0.13821138211382114
44.0,6.0,33.0,0.1,0.1,0.4,3.0,362.0,0.0,0.0,0.1464088397790055
44.0,6.0,34.0,0.1,0.1,0.4,3.0,361.0,0.0,0.0,0.14127423822714683
44.0,6.0,35.0,0.1,0.1,0.4,3.0,361.0,0.0,0.0,0.14681440443213298
44.0,6.0,36.0,0.1,0.1,0.4,3.0,327.0,0.0,0.0,0.1529051987767584
44.0,6.0,37.0,0.1,0.1,0.4,3.0,318.0,0.0,0.0,0.16037735849056603
44.0,6.0,38.0,0.1,0.1,0.4,3.0,314.0,0.0,0.0,0.15605095541401273
44.0,6.0,39.0,0.1,0.1,0.4,3.0,314.0,0.0,0.0,0.1624203821656051
44.0,6.0,40.0,0.1,0.1,0.4,3.0,308.0,0.0,0.0,0.1590909090909091
44.0,6.0,41.0,0.1,0.1,0.4,3.0,310.0,0.0,0.0,0.16451612903225807
44.0,6.0,42.0,0.1,0.1,0.4,3.0,307.0,0.0,0.0,0.15960912052117263
44.0,6.0,43.0,0.1,0.1,0.4,3.0,299.0,0.0,0.0,0.16722408026755853
44.0,6.0,44.0,0.1,0.1,0.4,3.0,296.0,0.0,0.0,0.16554054054054054
44.0,6.0,45.0,0.1,0.1,0.4,3.0,286.0,0.0,0.0,0.24825174825174826
44.0,6.0,46.0,0.1,0.1,0.4,3.0,283.0,0.0,0.0,0.24734982332155478
44.0,6.0,47.0,0.1,0.1,0.4,3.0,283.0,0.0,0.0,0.24734982332155478
44.0,6.0,48.0,0.1,0.1,0.4,3.0,275.0,0.0,0.0,0.24727272727272728
44.0,6.0,49.0,0.1,0.1,0.4,3.0,263.0,0.0,0.0,0.2585551330798479
44.0,6.0,50.0,0.1,0.1,0.4,3.0,262.0,0.0,0.0,0.25572519083969464
44.0,6.0,51.0,0.1,0.1,0.4,3.0,263.0,0.0,0.0,0.2585551330798479
44.0,6.0,52.0,0.1,0.1,0.4,3.0,260.0,0.0,0.0,0.25769230769230766
44.0,7.0,1.0,0.1,0.1,0.4,3.0,260.0,0.0,0.0,0.25769230769230766
44.0,7.0,2.0,0.1,0.1,0.4,3.0,258.0,0.0,0.0,0.2558139534883721
44.0,7.0,3.0,0.1,0.1,0.4,3.0,255.0,0.0,0.0,0.25882352941176473
44.0,7.0,4.0,0.1,0.1,0.4,3.0,254.0,0.0,0.0,0.2559055118110236
44.0,7.0,5.0,0.1,0.1,0.4,3.0,253.0,0.0,0.0,0.25296442687747034
44.0,7.0,6.0,0.1,0.1,0.4,3.0,254.0,0.0,0.0,0.25196850393700787
44.0,7.0,7.0,0.1,0.1,0.4,3.0,253.0,0.0,0.0,0.2490118577075099
44.0,7.0,8.0,0.1,0.1,0.4,3.0,253.0,0.0,0.0,0.2490118577075099
44.0,7.0,9.0,0.1,0.1,0.4,3.0,252.0,0.0,0.0,0.25
44.0,7.0,10.0,0.1,0.1,0.4,3.0,251.0,0.0,0.0,0.24701195219123506
44.0,7.0,11.0,0.1,0.1,0.4,3.0,251.0,0.0,0.0,0.24701195219123506
44.0,7.0,12.0,0.1,0.1,0.4,3.0,250.0,0.0,0.0,0.248
44.0,7.0,13.0,0.1,0.1,0.4,3.0,247.0,0.0,0.0,0.2550607287449393
44.0,7.0,14.0,0.1,0.1,0.4,3.0,238.0,0.0,0.0,0.23529411764705882
44.0,7.0,15.0,0.1,0.1,0.4,3.0,226.0,0.0,0.0,0.24336283185840707
44.0,7.0,16.0,0.1,0.1,0.4,3.0,226.0,0.0,0.0,0.2345132743362832
44.0,7.0,17.0,0.1,0.1,0.4,3.0,227.0,0.0,0.0,0.2422907488986784
44.0,7.0,18.0,0.1,0.1,0.4,3.0,226.0,0.0,0.0,0.2345132743362832
44.0,7.0,19.0,0.1,0.1,0.4,3.0,227.0,0.0,0.0,0.2422907488986784
44.0,7.0,20.0,0.1,0.1,0.4,3.0,405.0,0.0,0.0,0.1308641975308642
44.0,7.0,21.0,0.1,0.1,0.4,3.0,352.0,0.0,0.0,0.13920454545454544
44.0,7.0,22.0,0.1,0.1,0.4,3.0,345.0,0.0,0.0,0.13623188405797101
44.0,7.0,23.0,0.1,0.1,0.4,3.0,314.0,0.0,0.0,0.14331210191082802
44.0,7.0,24.0,0.1,0.1,0.4,3.0,306.0,0.0,0.0,0.14052287581699346
44.0,7.0,25.0,0.1,0.1,0.4,3.0,296.0,0.0,0.0,0.14527027027027026
44.0,7.0,26.0,0.1,0.1,0.4,3.0,302.0,0.0,0.0,0.1423841059602649
44.0,7.0,27.0,0.1,0.1,0.4,3.0,289.0,0.0,0.0,0.1453287197231834
44.0,7.0,28.0,0.1,0.1,0.4,3.0,296.0,0.0,0.0,0.14189189189189189
44.0,7.0,29.0,0.1,0.1,0.4,3.0,278.0,0.0,0.0,0.1474820143884892
44.0,7.0,30.0,0.1,0.1,0.4,3.0,285.0,0.0,0.0,0.14385964912280702
44.0,7.0,31.0,0.1,0.1,0.4,3.0,266.0,0.0,0.0,0.15037593984962405
44.0,7.0,32.0,0.1,0.1,0.4,3.0,257.0,0.0,0.0,0.1517509727626459
44.0,7.0,33.0,0.1,0.1,0.4,3.0,250.0,0.0,0.0,0.156
44.0,7.0,34.0,0.1,0.1,0.4,3.0,249.0,0.0,0.0,0.1566265060240964
44.0,7.0,35.0,0.1,0.1,0.4,3.0,232.0,0.0,0.0,0.16810344827586207
44.0,7.0,36.0,0.1,0.1,0.4,3.0,230.0,0.0,0.0,0.16521739130434782
44.0,7.0,37.0,0.1,0.1,0.4,3.0,223.0,0.0,0.0,0.17040358744394618
44.0,7.0,38.0,0.1,0.1,0.4,3.0,230.0,0.0,0.0,0.16521739130434782
44.0,7.0,39.0,0.1,0.1,0.4,3.0,211.0,0.0,0.0,0.18009478672985782
44.0,7.0,40.0,0.1,0.1,0.4,3.0,217.0,0.0,0.0,0.17511520737327188
44.0,7.0,41.0,0.1,0.1,0.4,3.0,209.0,0.0,0.0,0.17703349282296652
44.0,7.0,42.0,0.1,0.1,0.4,3.0,216.0,0.0,0.0,0.1712962962962963
44.0,7.0,43.0,0.1,0.1,0.4,3.0,207.0,0.0,0.0,0.178743961352657
44.0,7.0,44.0,0.1,0.1,0.4,3.0,214.0,0.0,0.0,0.17289719626168223
44.0,7.0,45.0,0.1,0.1,0.4,3.0,206.0,0.0,0.0,0.24271844660194175
44.0,7.0,46.0,0.1,0.1,0.4,3.0,211.0,0.0,0.0,0.23696682464454977
44.0,7.0,47.0,0.1,0.1,0.4,3.0,205.0,0.0,0.0,0.24390243902439024
44.0,7.0,48.0,0.1,0.1,0.4,3.0,212.0,0.0,0.0,0.2358490566037736
44.0,7.0,49.0,0.1,0.1,0.4,3.0,205.0,0.0,0.0,0.24390243902439024
44.0,7.0,50.0,0.1,0.1,0.4,3.0,212.0,0.0,0.0,0.2358490566037736
44.0,7.0,51.0,0.1,0.1,0.4,3.0,204.0,0.0,0.0,0.24509803921568626
44.0,7.0,52.0,0.1,0.1,0.4,3.0,208.0,0.0,0.0,0.2403846153846154
44.0,8.0,1.0,0.1,0.1,0.4,3.0,203.0,0.0,0.0,0.2413793103448276
44.0,8.0,2.0,0.1,0.1,0.4,3.0,207.0,0.0,0.0,0.23671497584541062
44.0,8.0,3.0,0.1,0.1,0.4,3.0,202.0,0.0,0.0,0.24257425742574257
44.0,8.0,4.0,0.1,0.1,0.4,3.0,205.0,0.0,0.0,0.23902439024390243
44.0,8.0,5.0,0.1,0.1,0.4,3.0,202.0,0.0,0.0,0.24257425742574257
44.0,8.0,6.0,0.1,0.1,0.4,3.0,205.0,0.0,0.0,0.23902439024390243
44.0,8.0,7.0,0.1,0.1,0.4,3.0,199.0,0.0,0.0,0.24120603015075376
44.0,8.0,8.0,0.1,0.1,0.4,3.0,201.0,0.0,0.0,0.23880597014925373
44.0,8.0,9.0,0.1,0.1,0.4,3.0,198.0,0.0,0.0,0.24242424242424243
44.0,8.0,10.0,0.1,0.1,0.4,3.0,199.0,0.0,0.0,0.24120603015075376
44.0,8.0,11.0,0.1,0.1,0.4,3.0,196.0,0.0,0.0,0.24489795918367346
44.0,8.0,12.0,0.1,0.1,0.4,3.0,198.0,0.0,0.0,0.24242424242424243
44.0,8.0,13.0,0.1,0.1,0.4,3.0,194.0,0.0,0.0,0.24742268041237114
44.0,8.0,14.0,0.1,0.1,0.4,3.0,197.0,0.0,0.0,0.2436548223350254
44.0,8.0,15.0,0.1,0.1,0.4,3.0,194.0,0.0,0.0,0.24742268041237114
44.0,8.0,16.0,0.1,0.1,0.4,3.0,188.0,0.0,0.0,0.2393617021276596
44.0,8.0,17.0,0.1,0.1,0.4,3.0,183.0,0.0,0.0,0.2459016393442623
44.0,8.0,18.0,0.1,0.1,0.4,3.0,185.0,0.0,0.0,0.24324324324324326
44.0,8.0,19.0,0.1,0.1,0.4,3.0,182.0,0.0,0.0,0.24725274725274726
44.0,8.0,20.0,0.1,0.1,0.4,3.0,330.0,0.0,0.0,0.13636363636363635
44.0,8.0,21.0,0.1,0.1,0.4,3.0,266.0,0.0,0.0,0.15413533834586465
44.0,8.0,22.0,0.1,0.1,0.4,3.0,264.0,0.0,0.0,0.1553030303030303
44.0,8.0,23.0,0.1,0.1,0.4,3.0,247.0,0.0,0.0,0.16194331983805668
44.0,8.0,24.0,0.1,0.1,0.4,3.0,256.0,0.0,0.0,0.15625
44.0,8.0,25.0,0.1,0.1,0.4,3.0,247.0,0.0,0.0,0.16194331983805668
44.0,8.0,26.0,0.1,0.1,0.4,3.0,256.0,0.0,0.0,0.15625
44.0,8.0,27.0,0.1,0.1,0.4,3.0,246.0,0.0,0.0,0.15853658536585366
44.0,8.0,28.0,0.1,0.1,0.4,3.0,256.0,0.0,0.0,0.15625
44.0,8.0,29.0,0.1,0.1,0.4,3.0,245.0,0.0,0.0,0.15918367346938775
44.0,8.0,30.0,0.1,0.1,0.4,3.0,239.0,0.0,0.0,0.16317991631799164
44.0,8.0,31.0,0.1,0.1,0.4,3.0,226.0,0.0,0.0,0.16371681415929204
44.0,8.0,32.0,0.1,0.1,0.4,3.0,227.0,0.0,0.0,0.16740088105726872
44.0,8.0,33.0,0.1,0.1,0.4,3.0,226.0,0.0,0.0,0.16371681415929204
44.0,8.0,34.0,0.1,0.1,0.4,3.0,227.0,0.0,0.0,0.16740088105726872
44.0,8.0,35.0,0.1,0.1,0.4,3.0,226.0,0.0,0.0,0.16371681415929204
44.0,8.0,36.0,0.1,0.1,0.4,3.0,227.0,0.0,0.0,0.16740088105726872
44.0,8.0,37.0,0.1,0.1,0.4,3.0,227.0,0.0,0.0,0.16299559471365638
44.0,8.0,38.0,0.1,0.1,0.4,3.0,226.0,0.0,0.0,0.16371681415929204
44.0,8.0,39.0,0.1,0.1,0.4,3.0,226.0,0.0,0.0,0.16371681415929204
44.0,8.0,40.0,0.1,0.1,0.4,3.0,226.0,0.0,0.0,0.16371681415929204
44.0,8.0,41.0,0.1,0.1,0.4,3.0,226.0,0.0,0.0,0.16371681415929204
44.0,8.0,42.0,0.1,0.1,0.4,3.0,226.0,0.0,0.0,0.16371681415929204
44.0,8.0,43.0,0.1,0.1,0.4,3.0,217.0,0.0,0.0,0.17050691244239632
44.0,8.0,44.0,0.1,0.1,0.4,3.0,217.0,0.0,0.0,0.17050691244239632
44.0,8.0,45.0,0.1,0.1,0.4,3.0,209.0,0.0,0.0,0.2583732057416268
44.0,8.0,46.0,0.1,0.1,0.4,3.0,209.0,0.0,0.0,0.2583732057416268
44.0,8.0,47.0,0.1,0.1,0.4,3.0,209.0,0.0,0.0,0.2583732057416268
44.0,8.0,48.0,0.1,0.1,0.4,3.0,209.0,0.0,0.0,0.2583732057416268
44.0,8.0,49.0,0.1,0.1,0.4,3.0,209.0,0.0,0.0,0.2583732057416268
44.0,8.0,50.0,0.1,0.1,0.4,3.0,209.0,0.0,0.0,0.2583732057416268
44.0,8.0,51.0,0.1,0.1,0.4,3.0,208.0,0.0,0.0,0.2548076923076923
44.0,8.0,52.0,0.1,0.1,0.4,3.0,209.0,0.0,0.0,0.2583732057416268
44.0,9.0,1.0,0.1,0.1,0.4,3.0,209.0,0.0,0.0,0.2583732057416268
44.0,9.0,2.0,0.1,0.1,0.4,3.0,208.0,0.0,0.0,0.25961538461538464
44.0,9.0,3.0,0.1,0.1,0.4,3.0,206.0,0.0,0.0,0.25728155339805825
44.0,9.0,4.0,0.1,0.1,0.4,3.0,205.0,0.0,0.0,0.25853658536585367
44.0,9.0,5.0,0.1,0.1,0.4,3.0,205.0,0.0,0.0,0.25853658536585367
44.0,9.0,6.0,0.1,0.1,0.4,3.0,205.0,0.0,0.0,0.25853658536585367
44.0,9.0,7.0,0.1,0.1,0.4,3.0,205.0,0.0,0.0,0.25853658536585367
44.0,9.0,8.0,0.1,0.1,0.4,3.0,204.0,0.0,0.0,0.2549019607843137
44.0,9.0,9.0,0.1,0.1,0.4,3.0,205.0,0.0,0.0,0.25853658536585367
44.0,9.0,10.0,0.1,0.1,0.4,3.0,203.0,0.0,0.0,0.2512315270935961
44.0,9.0,11.0,0.1,0.1,0.4,3.0,204.0,0.0,0.0,0.2549019607843137
44.0,9.0,12.0,0.1,0.1,0.4,3.0,204.0,0.0,0.0,0.2549019607843137
44.0,9.0,13.0,0.1,0.1,0.4,3.0,204.0,0.0,0.0,0.2549019607843137
44.0,9.0,14.0,0.1,0.1,0.4,3.0,204.0,0.0,0.0,0.2549019607843137
44.0,9.0,15.0,0.1,0.1,0.4,3.0,204.0,0.0,0.0,0.2549019607843137
44.0,9.0,16.0,0.1,0.1,0.4,3.0,204.0,0.0,0.0,0.2549019607843137
44.0,9.0,17.0,0.1,0.1,0.4,3.0,204.0,0.0,0.0,0.2549019607843137
44.0,9.0,18.0,0.1,0.1,0.4,3.0,204.0,0.0,0.0,0.2549019607843137
44.0,9.0,19.0,0.1,0.1,0.4,3.0,204.0,0.0,0.0,0.2549019607843137
44.0,9.0,20.0,0.1,0.1,0.4,3.0,301.0,0.0,0.0,0.11627906976744186
44.0,9.0,21.0,0.1,0.1,0.4,3.0,284.0,0.0,0.0,0.11971830985915492
44.0,9.0,22.0,0.1,0.1,0.4,3.0,283.0,0.0,0.0,0.12014134275618374
44.0,9.0,23.0,0.1,0.1,0.4,3.0,268.0,0.0,0.0,0.12313432835820895
44.0,9.0,24.0,0.1,0.1,0.4,3.0,267.0,0.0,0.0,0.12359550561797752
44.0,9.0,25.0,0.1,0.1,0.4,3.0,267.0,0.0,0.0,0.12359550561797752
44.0,9.0,26.0,0.1,0.1,0.4,3.0,267.0,0.0,0.0,0.12359550561797752
44.0,9.0,27.0,0.1,0.1,0.4,3.0,267.0,0.0,0.0,0.12359550561797752
44.0,9.0,28.0,0.1,0.1,0.4,3.0,267.0,0.0,0.0,0.12359550561797752
44.0,9.0,29.0,0.1,0.1,0.4,3.0,267.0,0.0,0.0,0.12359550561797752
44.0,9.0,30.0,0.1,0.1,0.4,3.0,267.0,0.0,0.0,0.12359550561797752
44.0,9.0,31.0,0.1,0.1,0.4,3.0,267.0,0.0,0.0,0.12359550561797752
44.0,9.0,32.0,0.1,0.1,0.4,3.0,267.0,0.0,0.0,0.12359550561797752
44.0,9.0,33.0,0.1,0.1,0.4,3.0,267.0,0.0,0.0,0.12359550561797752
44.0,9.0,34.0,0.1,0.1,0.4,3.0,267.0,0.0,0.0,0.12359550561797752
44.0,9.0,35.0,0.1,0.1,0.4,3.0,256.0,0.0,0.0,0.125
44.0,9.0,36.0,0.1,0.1,0.4,3.0,256.0,0.0,0.0,0.125
44.0,9.0,37.0,0.1,0.1,0.4,3.0,256.0,0.0,0.0,0.125
44.0,9.0,38.0,0.1,0.1,0.4,3.0,246.0,0.0,0.0,0.12601626016260162
44.0,9.0,39.0,0.1,0.1,0.4,3.0,246.0,0.0,0.0,0.12601626016260162
44.0,9.0,40.0,0.1,0.1,0.4,3.0,246.0,0.0,0.0,0.12601626016260162
44.0,9.0,41.0,0.1,0.1,0.4,3.0,236.0,0.0,0.0,0.13135593220338984
44.0,9.0,42.0,0.1,0.1,0.4,3.0,234.0,0.0,0.0,0.13247863247863248
44.0,9.0,43.0,0.1,0.1,0.4,3.0,213.0,0.0,0.0,0.13615023474178403
44.0,9.0,44.0,0.1,0.1,0.4,3.0,211.0,0.0,0.0,0.13744075829383887
44.0,9.0,45.0,0.1,0.1,0.4,3.0,210.0,0.0,0.0,0.2
44.0,9.0,46.0,0.1,0.1,0.4,3.0,211.0,0.0,0.0,0.1990521327014218
44.0,9.0,47.0,0.1,0.1,0.4,3.0,209.0,0.0,0.0,0.20095693779904306
44.0,9.0,48.0,0.1,0.1,0.4,3.0,208.0,0.0,0.0,0.1971153846153846
44.0,9.0,49.0,0.1,0.1,0.4,3.0,209.0,0.0,0.0,0.19617224880382775
44.0,9.0,50.0,0.1,0.1,0.4,3.0,200.0,0.0,0.0,0.205
44.0,9.0,51.0,0.1,0.1,0.4,3.0,198.0,0.0,0.0,0.20707070707070707
44.0,9.0,52.0,0.1,0.1,0.4,3.0,200.0,0.0,0.0,0.205
44.0,10.0,1.0,0.1,0.1,0.4,3.0,198.0,0.0,0.0,0.20707070707070707
44.0,10.0,2.0,0.1,0.1,0.4,3.0,200.0,0.0,0.0,0.205
44.0,10.0,3.0,0.1,0.1,0.4,3.0,198.0,0.0,0.0,0.20707070707070707
44.0,10.0,4.0,0.1,0.1,0.4,3.0,198.0,0.0,0.0,0.20202020202020202
44.0,10.0,5.0,0.1,0.1,0.4,3.0,193.0,0.0,0.0,0.20725388601036268
44.0,10.0,6.0,0.1,0.1,0.4,3.0,198.0,0.0,0.0,0.20202020202020202
44.0,10.0,7.0,0.1,0.1,0.4,3.0,195.0,0.0,0.0,0.20512820512820512
44.0,10.0,8.0,0.1,0.1,0.4,3.0,197.0,0.0,0.0,0.20304568527918782
44.0,10.0,9.0,0.1,0.1,0.4,3.0,192.0,0.0,0.0,0.20833333333333334
44.0,10.0,10.0,0.1,0.1,0.4,3.0,195.0,0.0,0.0,0.20512820512820512
44.0,10.0,11.0,0.1,0.1,0.4,3.0,190.0,0.0,0.0,0.21052631578947367
44.0,10.0,12.0,0.1,0.1,0.4,3.0,192.0,0.0,0.0,0.20833333333333334
44.0,10.0,13.0,0.1,0.1,0.4,3.0,180.0,0.0,0.0,0.20555555555555555
44.0,10.0,14.0,0.1,0.1,0.4,3.0,182.0,0.0,0.0,0.2032967032967033
44.0,10.0,15.0,0.1,0.1,0.4,3.0,180.0,0.0,0.0,0.20555555555555555
44.0,10.0,16.0,0.1,0.1,0.4,3.0,181.0,0.0,0.0,0.20441988950276244
44.0,10.0,17.0,0.1,0.1,0.4,3.0,179.0,0.0,0.0,0.20670391061452514
44.0,10.0,18.0,0.1,0.1,0.4,3.0,170.0,0.0,0.0,0.21176470588235294
44.0,10.0,19.0,0.1,0.1,0.4,3.0,168.0,0.0,0.0,0.21428571428571427
44.0,10.0,20.0,0.1,0.1,0.4,3.0,294.0,0.0,0.0,0.11224489795918367
44.0,10.0,21.0,0.1,0.1,0.4,3.0,269.0,0.0,0.0,0.12267657992565056
44.0,10.0,22.0,0.1,0.1,0.4,3.0,271.0,0.0,0.0,0.12177121771217712
44.0,10.0,23.0,0.1,0.1,0.4,3.0,260.0,0.0,0.0,0.12307692307692308
44.0,10.0,24.0,0.1,0.1,0.4,3.0,252.0,0.0,0.0,0.12698412698412698
44.0,10.0,25.0,0.1,0.1,0.4,3.0,252.0,0.0,0.0,0.12698412698412698
44.0,10.0,26.0,0.1,0.1,0.4,3.0,252.0,0.0,0.0,0.12698412698412698
44.0,10.0,27.0,0.1,0.1,0.4,3.0,242.0,0.0,0.0,0.1322314049586777
44.0,10.0,28.0,0.1,0.1,0.4,3.0,242.0,0.0,0.0,0.1322314049586777
44.0,10.0,29.0,0.1,0.1,0.4,3.0,230.0,0.0,0.0,0.13478260869565217
44.0,10.0,30.0,0.1,0.1,0.4,3.0,230.0,0.0,0.0,0.13478260869565217
44.0,10.0,31.0,0.1,0.1,0.4,3.0,219.0,0.0,0.0,0.1415525114155251
44.0,10.0,32.0,0.1,0.1,0.4,3.0,219.0,0.0,0.0,0.1415525114155251
44.0,10.0,33.0,0.1,0.1,0.4,3.0,219.0,0.0,0.0,0.1415525114155251
44.0,10.0,34.0,0.1,0.1,0.4,3.0,219.0,0.0,0.0,0.1415525114155251
44.0,10.0,35.0,0.1,0.1,0.4,3.0,219.0,0.0,0.0,0.1415525114155251
44.0,10.0,36.0,0.1,0.1,0.4,3.0,209.0,0.0,0.0,0.14832535885167464
44.0,10.0,37.0,0.1,0.1,0.4,3.0,209.0,0.0,0.0,0.14832535885167464
44.0,10.0,38.0,0.1,0.1,0.4,3.0,209.0,0.0,0.0,0.14832535885167464
44.0,10.0,39.0,0.1,0.1,0.4,3.0,200.0,0.0,0.0,0.15
44.0,10.0,40.0,0.1,0.1,0.4,3.0,191.0,0.0,0.0,0.1518324607329843
44.0,10.0,41.0,0.1,0.1,0.4,3.0,191.0,0.0,0.0,0.1518324607329843
44.0,10.0,42.0,0.1,0.1,0.4,3.0,191.0,0.0,0.0,0.1518324607329843
44.0,10.0,43.0,0.1,0.1,0.4,3.0,191.0,0.0,0.0,0.1518324607329843
44.0,10.0,44.0,0.1,0.1,0.4,3.0,188.0,0.0,0.0,0.14893617021276595
44.0,10.0,45.0,0.1,0.1,0.4,3.0,188.0,0.0,0.0,0.24468085106382978
44.0,10.0,46.0,0.1,0.1,0.4,3.0,186.0,0.0,0.0,0.24731182795698925
44.0,10.0,47.0,0.1,0.1,0.4,3.0,186.0,0.0,0.0,0.24731182795698925
44.0,10.0,48.0,0.1,0.1,0.4,3.0,186.0,0.0,0.0,0.24731182795698925
44.0,10.0,49.0,0.1,0.1,0.4,3.0,186.0,0.0,0.0,0.24731182795698925
44.0,10.0,50.0,0.1,0.1,0.4,3.0,185.0,0.0,0.0,0.24864864864864866
44.0,10.0,51.0,0.1,0.1,0.4,3.0,185.0,0.0,0.0,0.24864864864864866
44.0,10.0,52.0,0.1,0.1,0.4,3.0,184.0,0.0,0.0,0.25
45.0,1.0,1.0,0.1,0.1,0.4,3.0,5059.0,50.0,11.0,0.10041510179877446
45.0,1.0,2.0,0.1,0.1,0.4,3.0,5007.0,56.0,18.0,0.10085879768324346
45.0,1.0,3.0,0.1,0.1,0.4,3.0,4932.0,71.0,29.0,0.10178426601784266
45.0,1.0,4.0,0.1,0.1,0.4,3.0,4789.0,83.0,29.0,0.10127375234913343
45.0,1.0,5.0,0.1,0.1,0.4,3.0,4707.0,90.0,36.0,0.106649670703208
45.0,1.0,6.0,0.1,0.1,0.4,3.0,4527.0,114.0,43.0,0.10492599955820632
45.0,1.0,7.0,0.1,0.1,0.4,3.0,4323.0,136.0,51.0,0.10687022900763359
45.0,1.0,8.0,0.1,0.1,0.4,3.0,4138.0,165.0,62.0,0.10633156114064765
45.0,1.0,9.0,0.1,0.1,0.4,3.0,3926.0,182.0,65.0,0.10774325012735608
45.0,1.0,10.0,0.1,0.1,0.4,3.0,3675.0,206.0,77.0,0.10802721088435374
45.0,1.0,11.0,0.1,0.1,0.4,3.0,3543.0,221.0,84.0,0.11064069997177534
45.0,1.0,12.0,0.1,0.1,0.4,3.0,3373.0,249.0,103.0,0.11058404980729321
45.0,1.0,13.0,0.1,0.1,0.4,3.0,3206.0,245.0,106.0,0.1141609482220836
45.0,1.0,14.0,0.1,0.1,0.4,3.0,3029.0,255.0,114.0,0.11654011224826676
45.0,1.0,15.0,0.1,0.1,0.4,3.0,2959.0,264.0,118.0,0.11963501182832038
45.0,1.0,16.0,0.1,0.1,0.4,3.0,2823.0,252.0,116.0,0.11902231668437832
45.0,1.0,17.0,0.1,0.1,0.4,3.0,2732.0,254.0,122.0,0.1226207906295754
45.0,1.0,18.0,0.1,0.1,0.4,3.0,2635.0,255.0,123.0,0.1256166982922201
45.0,1.0,19.0,0.1,0.1,0.4,3.0,2523.0,247.0,123.0,0.1288149028933809
45.0,1.0,20.0,0.1,0.1,0.4,3.0,6974.0,241.0,114.0,0.045167765987955265
45.0,1.0,21.0,0.1,0.1,0.4,3.0,6297.0,321.0,104.0,0.046847705256471334
45.0,1.0,22.0,0.1,0.1,0.4,3.0,5630.0,361.0,101.0,0.0497335701598579
45.0,1.0,23.0,0.1,0.1,0.4,3.0,5093.0,396.0,127.0,0.05085411348910269
45.0,1.0,24.0,0.1,0.1,0.4,3.0,4593.0,439.0,149.0,0.05225342913128674
45.0,1.0,25.0,0.1,0.1,0.4,3.0,4284.0,496.0,183.0,0.05438842203548086
45.0,1.0,26.0,0.1,0.1,0.4,3.0,4007.0,500.0,202.0,0.05665086099326179
45.0,1.0,27.0,0.1,0.1,0.4,3.0,3659.0,494.0,225.0,0.05985241869363214
45.0,1.0,28.0,0.1,0.1,0.4,3.0,3376.0,476.0,240.0,0.06309241706161138
45.0,1.0,29.0,0.1,0.1,0.4,3.0,3146.0,480.0,241.0,0.06643356643356643
45.0,1.0,30.0,0.1,0.1,0.4,3.0,2865.0,455.0,214.0,0.07015706806282722
45.0,1.0,31.0,0.1,0.1,0.4,3.0,2590.0,407.0,178.0,0.07451737451737452
45.0,1.0,32.0,0.1,0.1,0.4,3.0,2431.0,379.0,171.0,0.07774578362813657
45.0,1.0,33.0,0.1,0.1,0.4,3.0,2315.0,358.0,181.0,0.07991360691144708
45.0,1.0,34.0,0.1,0.1,0.4,3.0,2102.0,330.0,178.0,0.08420551855375832
45.0,1.0,35.0,0.1,0.1,0.4,3.0,1962.0,308.0,147.0,0.0856269113149847
45.0,1.0,36.0,0.1,0.1,0.4,3.0,1787.0,281.0,127.0,0.0923335198656967
45.0,1.0,37.0,0.1,0.1,0.4,3.0,1628.0,256.0,109.0,0.10073710073710074
45.0,1.0,38.0,0.1,0.1,0.4,3.0,1538.0,247.0,119.0,0.09947984395318596
45.0,1.0,39.0,0.1,0.1,0.4,3.0,1404.0,227.0,114.0,0.10541310541310542
45.0,1.0,40.0,0.1,0.1,0.4,3.0,1316.0,207.0,114.0,0.1094224924012158
45.0,1.0,41.0,0.1,0.1,0.4,3.0,1231.0,185.0,99.0,0.11535337124289195
45.0,1.0,42.0,0.1,0.1,0.4,3.0,1141.0,168.0,87.0,0.11919368974583698
45.0,1.0,43.0,0.1,0.1,0.4,3.0,1048.0,141.0,79.0,0.1269083969465649
45.0,1.0,44.0,0.1,0.1,0.4,3.0,1003.0,130.0,71.0,0.13160518444666003
45.0,1.0,45.0,0.1,0.1,0.4,3.0,930.0,116.0,69.0,0.1978494623655914
45.0,1.0,46.0,0.1,0.1,0.4,3.0,872.0,94.0,47.0,0.20871559633027523
45.0,1.0,47.0,0.1,0.1,0.4,3.0,830.0,80.0,44.0,0.21566265060240963
45.0,1.0,48.0,0.1,0.1,0.4,3.0,790.0,67.0,35.0,0.21518987341772153
45.0,1.0,49.0,0.1,0.1,0.4,3.0,759.0,56.0,36.0,0.22266139657444006
45.0,1.0,50.0,0.1,0.1,0.4,3.0,752.0,55.0,31.0,0.22340425531914893
45.0,1.0,51.0,0.1,0.1,0.4,3.0,705.0,33.0,19.0,0.22695035460992907
45.0,1.0,52.0,0.1,0.1,0.4,3.0,689.0,30.0,18.0,0.23222060957910015
45.0,2.0,1.0,0.1,0.1,0.4,3.0,670.0,23.0,16.0,0.23432835820895523
45.0,2.0,2.0,0.1,0.1,0.4,3.0,659.0,23.0,17.0,0.23520485584218512
45.0,2.0,3.0,0.1,0.1,0.4,3.0,637.0,17.0,12.0,0.23861852433281006
45.0,2.0,4.0,0.1,0.1,0.4,3.0,631.0,13.0,8.0,0.2393026941362916
45.0,2.0,5.0,0.1,0.1,0.4,3.0,620.0,10.0,7.0,0.2403225806451613
45.0,2.0,6.0,0.1,0.1,0.4,3.0,616.0,11.0,6.0,0.2418831168831169
45.0,2.0,7.0,0.1,0.1,0.4,3.0,606.0,9.0,5.0,0.24092409240924093
45.0,2.0,8.0,0.1,0.1,0.4,3.0,605.0,8.0,4.0,0.24297520661157024
45.0,2.0,9.0,0.1,0.1,0.4,3.0,589.0,6.0,5.0,0.24448217317487267
45.0,2.0,10.0,0.1,0.1,0.4,3.0,590.0,6.0,6.0,0.24067796610169492
45.0,2.0,11.0,0.1,0.1,0.4,3.0,578.0,4.0,3.0,0.2422145328719723
45.0,2.0,12.0,0.1,0.1,0.4,3.0,575.0,3.0,1.0,0.24695652173913044
45.0,2.0,13.0,0.1,0.1,0.4,3.0,568.0,2.0,0.0,0.24119718309859156
45.0,2.0,14.0,0.1,0.1,0.4,3.0,563.0,2.0,0.0,0.23978685612788633
45.0,2.0,15.0,0.1,0.1,0.4,3.0,557.0,2.0,1.0,0.23877917414721722
45.0,2.0,16.0,0.1,0.1,0.4,3.0,557.0,3.0,2.0,0.24236983842010773
45.0,2.0,17.0,0.1,0.1,0.4,3.0,555.0,3.0,2.0,0.23963963963963963
45.0,2.0,18.0,0.1,0.1,0.4,3.0,543.0,2.0,1.0,0.24493554327808473
45.0,2.0,19.0,0.1,0.1,0.4,3.0,544.0,1.0,0.0,0.2426470588235294
45.0,2.0,20.0,0.1,0.1,0.4,3.0,979.0,1.0,0.0,0.12972420837589377
45.0,2.0,21.0,0.1,0.1,0.4,3.0,960.0,1.0,1.0,0.13020833333333334
45.0,2.0,22.0,0.1,0.1,0.4,3.0,886.0,1.0,1.0,0.136568848758465
45.0,2.0,23.0,0.1,0.1,0.4,3.0,897.0,1.0,1.0,0.13600891861761427
45.0,2.0,24.0,0.1,0.1,0.4,3.0,800.0,0.0,0.0,0.13875
45.0,2.0,25.0,0.1,0.1,0.4,3.0,804.0,0.0,0.0,0.13805970149253732
45.0,2.0,26.0,0.1,0.1,0.4,3.0,765.0,0.0,0.0,0.13725490196078433
45.0,2.0,27.0,0.1,0.1,0.4,3.0,768.0,0.0,0.0,0.13802083333333334
45.0,2.0,28.0,0.1,0.1,0.4,3.0,733.0,0.0,0.0,0.1377899045020464
45.0,2.0,29.0,0.1,0.1,0.4,3.0,732.0,0.0,0.0,0.13934426229508196
45.0,2.0,30.0,0.1,0.1,0.4,3.0,718.0,0.0,0.0,0.14066852367688024
45.0,2.0,31.0,0.1,0.1,0.4,3.0,720.0,0.0,0.0,0.1375
45.0,2.0,32.0,0.1,0.1,0.4,3.0,703.0,0.0,0.0,0.14366998577524892
45.0,2.0,33.0,0.1,0.1,0.4,3.0,711.0,0.0,0.0,0.13924050632911392
45.0,2.0,34.0,0.1,0.1,0.4,3.0,679.0,0.0,0.0,0.14285714285714285
45.0,2.0,35.0,0.1,0.1,0.4,3.0,690.0,0.0,0.0,0.1391304347826087
45.0,2.0,36.0,0.1,0.1,0.4,3.0,648.0,0.0,0.0,0.14351851851851852
45.0,2.0,37.0,0.1,0.1,0.4,3.0,653.0,0.0,0.0,0.14088820826952528
45.0,2.0,38.0,0.1,0.1,0.4,3.0,604.0,0.0,0.0,0.14735099337748345
45.0,2.0,39.0,0.1,0.1,0.4,3.0,606.0,0.0,0.0,0.14356435643564355
45.0,2.0,40.0,0.1,0.1,0.4,3.0,571.0,0.0,0.0,0.14535901926444833
45.0,2.0,41.0,0.1,0.1,0.4,3.0,584.0,0.0,0.0,0.14383561643835616
45.0,2.0,42.0,0.1,0.1,0.4,3.0,568.0,0.0,0.0,0.1443661971830986
45.0,2.0,43.0,0.1,0.1,0.4,3.0,563.0,0.0,0.0,0.1438721136767318
45.0,2.0,44.0,0.1,0.1,0.4,3.0,533.0,0.0,0.0,0.14446529080675422
45.0,2.0,45.0,0.1,0.1,0.4,3.0,535.0,0.0,0.0,0.2130841121495327
45.0,2.0,46.0,0.1,0.1,0.4,3.0,519.0,0.0,0.0,0.2119460500963391
45.0,2.0,47.0,0.1,0.1,0.4,3.0,518.0,0.0,0.0,0.21042471042471042
45.0,2.0,48.0,0.1,0.1,0.4,3.0,503.0,0.0,0.0,0.2147117296222664
45.0,2.0,49.0,0.1,0.1,0.4,3.0,507.0,0.0,0.0,0.21301775147928995
45.0,2.0,50.0,0.1,0.1,0.4,3.0,494.0,0.0,0.0,0.2165991902834008
45.0,2.0,51.0,0.1,0.1,0.4,3.0,497.0,0.0,0.0,0.21327967806841047
45.0,2.0,52.0,0.1,0.1,0.4,3.0,489.0,0.0,0.0,0.21881390593047034
45.0,3.0,1.0,0.1,0.1,0.4,3.0,492.0,0.0,0.0,0.21341463414634146
45.0,3.0,2.0,0.1,0.1,0.4,3.0,482.0,0.0,0.0,0.21369294605809128
45.0,3.0,3.0,0.1,0.1,0.4,3.0,484.0,0.0,0.0,0.21074380165289255
45.0,3.0,4.0,0.1,0.1,0.4,3.0,479.0,0.0,0.0,0.20876826722338204
45.0,3.0,5.0,0.1,0.1,0.4,3.0,478.0,0.0,0.0,0.20920502092050208
45.0,3.0,6.0,0.1,0.1,0.4,3.0,459.0,0.0,0.0,0.2113289760348584
45.0,3.0,7.0,0.1,0.1,0.4,3.0,460.0,0.0,0.0,0.21521739130434783
45.0,3.0,8.0,0.1,0.1,0.4,3.0,451.0,0.0,0.0,0.2106430155210643
45.0,3.0,9.0,0.1,0.1,0.4,3.0,453.0,0.0,0.0,0.2119205298013245
45.0,3.0,10.0,0.1,0.1,0.4,3.0,439.0,0.0,0.0,0.20956719817767655
45.0,3.0,11.0,0.1,0.1,0.4,3.0,447.0,0.0,0.0,0.21029082774049218
45.0,3.0,12.0,0.1,0.1,0.4,3.0,434.0,0.0,0.0,0.20506912442396313
45.0,3.0,13.0,0.1,0.1,0.4,3.0,441.0,0.0,0.0,0.20861678004535147
45.0,3.0,14.0,0.1,0.1,0.4,3.0,431.0,0.0,0.0,0.20417633410672853
45.0,3.0,15.0,0.1,0.1,0.4,3.0,438.0,0.0,0.0,0.2100456621004566
45.0,3.0,16.0,0.1,0.1,0.4,3.0,428.0,0.0,0.0,0.205607476635514
45.0,3.0,17.0,0.1,0.1,0.4,3.0,435.0,0.0,0.0,0.20689655172413793
45.0,3.0,18.0,0.1,0.1,0.4,3.0,424.0,0.0,0.0,0.20047169811320756
45.0,3.0,19.0,0.1,0.1,0.4,3.0,428.0,0.0,0.0,0.20327102803738317
45.0,3.0,20.0,0.1,0.1,0.4,3.0,756.0,0.0,0.0,0.10846560846560846
45.0,3.0,21.0,0.1,0.1,0.4,3.0,754.0,0.0,0.0,0.10875331564986737
45.0,3.0,22.0,0.1,0.1,0.4,3.0,682.0,0.0,0.0,0.10850439882697947
45.0,3.0,23.0,0.1,0.1,0.4,3.0,695.0,0.0,0.0,0.10647482014388489
45.0,3.0,24.0,0.1,0.1,0.4,3.0,673.0,0.0,0.0,0.10846953937592868
45.0,3.0,25.0,0.1,0.1,0.4,3.0,671.0,0.0,0.0,0.10581222056631892
45.0,3.0,26.0,0.1,0.1,0.4,3.0,651.0,0.0,0.0,0.10906298003072197
45.0,3.0,27.0,0.1,0.1,0.4,3.0,644.0,0.0,0.0,0.10559006211180125
45.0,3.0,28.0,0.1,0.1,0.4,3.0,607.0,0.0,0.0,0.11202635914332784
45.0,3.0,29.0,0.1,0.1,0.4,3.0,615.0,0.0,0.0,0.10894308943089431
45.0,3.0,30.0,0.1,0.1,0.4,3.0,601.0,0.0,0.0,0.10815307820299501
45.0,3.0,31.0,0.1,0.1,0.4,3.0,586.0,0.0,0.0,0.11092150170648464
45.0,3.0,32.0,0.1,0.1,0.4,3.0,552.0,0.0,0.0,0.11413043478260869
45.0,3.0,33.0,0.1,0.1,0.4,3.0,527.0,0.0,0.0,0.11385199240986717
45.0,3.0,34.0,0.1,0.1,0.4,3.0,515.0,0.0,0.0,0.11067961165048544
45.0,3.0,35.0,0.1,0.1,0.4,3.0,496.0,0.0,0.0,0.11491935483870967
45.0,3.0,36.0,0.1,0.1,0.4,3.0,486.0,0.0,0.0,0.11522633744855967
45.0,3.0,37.0,0.1,0.1,0.4,3.0,478.0,0.0,0.0,0.11715481171548117
45.0,3.0,38.0,0.1,0.1,0.4,3.0,462.0,0.0,0.0,0.11471861471861472
45.0,3.0,39.0,0.1,0.1,0.4,3.0,453.0,0.0,0.0,0.11037527593818984
45.0,3.0,40.0,0.1,0.1,0.4,3.0,440.0,0.0,0.0,0.10681818181818181
45.0,3.0,41.0,0.1,0.1,0.4,3.0,436.0,0.0,0.0,0.11009174311926606
45.0,3.0,42.0,0.1,0.1,0.4,3.0,422.0,0.0,0.0,0.1066350710900474
45.0,3.0,43.0,0.1,0.1,0.4,3.0,420.0,0.0,0.0,0.10714285714285714
45.0,3.0,44.0,0.1,0.1,0.4,3.0,416.0,0.0,0.0,0.10336538461538461
45.0,3.0,45.0,0.1,0.1,0.4,3.0,411.0,0.0,0.0,0.1922141119221411
45.0,3.0,46.0,0.1,0.1,0.4,3.0,411.0,0.0,0.0,0.1922141119221411
45.0,3.0,47.0,0.1,0.1,0.4,3.0,408.0,0.0,0.0,0.19117647058823528
45.0,3.0,48.0,0.1,0.1,0.4,3.0,394.0,0.0,0.0,0.19543147208121828
45.0,3.0,49.0,0.1,0.1,0.4,3.0,391.0,0.0,0.0,0.1918158567774936
45.0,3.0,50.0,0.1,0.1,0.4,3.0,381.0,0.0,0.0,0.19160104986876642
45.0,3.0,51.0,0.1,0.1,0.4,3.0,391.0,0.0,0.0,0.19437340153452684
45.0,3.0,52.0,0.1,0.1,0.4,3.0,376.0,0.0,0.0,0.18882978723404256
45.0,4.0,1.0,0.1,0.1,0.4,3.0,379.0,0.0,0.0,0.18997361477572558
45.0,4.0,2.0,0.1,0.1,0.4,3.0,369.0,0.0,0.0,0.1897018970189702
45.0,4.0,3.0,0.1,0.1,0.4,3.0,366.0,0.0,0.0,0.19398907103825136
45.0,4.0,4.0,0.1,0.1,0.4,3.0,361.0,0.0,0.0,0.19113573407202217
45.0,4.0,5.0,0.1,0.1,0.4,3.0,361.0,0.0,0.0,0.19390581717451524
45.0,4.0,6.0,0.1,0.1,0.4,3.0,354.0,0.0,0.0,0.192090395480226
45.0,4.0,7.0,0.1,0.1,0.4,3.0,346.0,0.0,0.0,0.2023121387283237
45.0,4.0,8.0,0.1,0.1,0.4,3.0,338.0,0.0,0.0,0.20118343195266272
45.0,4.0,9.0,0.1,0.1,0.4,3.0,341.0,0.0,0.0,0.20234604105571846
45.0,4.0,10.0,0.1,0.1,0.4,3.0,336.0,0.0,0.0,0.20238095238095238
45.0,4.0,11.0,0.1,0.1,0.4,3.0,336.0,0.0,0.0,0.20238095238095238
45.0,4.0,12.0,0.1,0.1,0.4,3.0,326.0,0.0,0.0,0.19938650306748465
45.0,4.0,13.0,0.1,0.1,0.4,3.0,327.0,0.0,0.0,0.2018348623853211
45.0,4.0,14.0,0.1,0.1,0.4,3.0,322.0,0.0,0.0,0.19875776397515527
45.0,4.0,15.0,0.1,0.1,0.4,3.0,315.0,0.0,0.0,0.20634920634920634
45.0,4.0,16.0,0.1,0.1,0.4,3.0,309.0,0.0,0.0,0.20711974110032363
45.0,4.0,17.0,0.1,0.1,0.4,3.0,311.0,0.0,0.0,0.2090032154340836
45.0,4.0,18.0,0.1,0.1,0.4,3.0,308.0,0.0,0.0,0.2077922077922078
45.0,4.0,19.0,0.1,0.1,0.4,3.0,309.0,0.0,0.0,0.20711974110032363
45.0,4.0,20.0,0.1,0.1,0.4,3.0,606.0,0.0,0.0,0.10231023102310231
45.0,4.0,21.0,0.1,0.1,0.4,3.0,595.0,0.0,0.0,0.10756302521008404
45.0,4.0,22.0,0.1,0.1,0.4,3.0,529.0,0.0,0.0,0.10586011342155009
45.0,4.0,23.0,0.1,0.1,0.4,3.0,480.0,0.0,0.0,0.11666666666666667
45.0,4.0,24.0,0.1,0.1,0.4,3.0,481.0,0.0,0.0,0.11226611226611227
45.0,4.0,25.0,0.1,0.1,0.4,3.0,474.0,0.0,0.0,0.11814345991561181
45.0,4.0,26.0,0.1,0.1,0.4,3.0,430.0,0.0,0.0,0.1186046511627907
45.0,4.0,27.0,0.1,0.1,0.4,3.0,426.0,0.0,0.0,0.12441314553990611
45.0,4.0,28.0,0.1,0.1,0.4,3.0,429.0,0.0,0.0,0.11655011655011654
45.0,4.0,29.0,0.1,0.1,0.4,3.0,414.0,0.0,0.0,0.12560386473429952
45.0,4.0,30.0,0.1,0.1,0.4,3.0,418.0,0.0,0.0,0.11722488038277512
45.0,4.0,31.0,0.1,0.1,0.4,3.0,418.0,0.0,0.0,0.12440191387559808
45.0,4.0,32.0,0.1,0.1,0.4,3.0,418.0,0.0,0.0,0.11722488038277512
45.0,4.0,33.0,0.1,0.1,0.4,3.0,416.0,0.0,0.0,0.12259615384615384
45.0,4.0,34.0,0.1,0.1,0.4,3.0,394.0,0.0,0.0,0.11928934010152284
45.0,4.0,35.0,0.1,0.1,0.4,3.0,374.0,0.0,0.0,0.13101604278074866
45.0,4.0,36.0,0.1,0.1,0.4,3.0,373.0,0.0,0.0,0.12332439678284182
45.0,4.0,37.0,0.1,0.1,0.4,3.0,374.0,0.0,0.0,0.13101604278074866
45.0,4.0,38.0,0.1,0.1,0.4,3.0,371.0,0.0,0.0,0.12398921832884097
45.0,4.0,39.0,0.1,0.1,0.4,3.0,365.0,0.0,0.0,0.13150684931506848
45.0,4.0,40.0,0.1,0.1,0.4,3.0,351.0,0.0,0.0,0.12535612535612536
45.0,4.0,41.0,0.1,0.1,0.4,3.0,360.0,0.0,0.0,0.13055555555555556
45.0,4.0,42.0,0.1,0.1,0.4,3.0,351.0,0.0,0.0,0.1225071225071225
45.0,4.0,43.0,0.1,0.1,0.4,3.0,352.0,0.0,0.0,0.13068181818181818
45.0,4.0,44.0,0.1,0.1,0.4,3.0,351.0,0.0,0.0,0.1225071225071225
45.0,4.0,45.0,0.1,0.1,0.4,3.0,353.0,0.0,0.0,0.1954674220963173
45.0,4.0,46.0,0.1,0.1,0.4,3.0,351.0,0.0,0.0,0.1908831908831909
45.0,4.0,47.0,0.1,0.1,0.4,3.0,353.0,0.0,0.0,0.1954674220963173
45.0,4.0,48.0,0.1,0.1,0.4,3.0,350.0,0.0,0.0,0.19142857142857142
45.0,4.0,49.0,0.1,0.1,0.4,3.0,343.0,0.0,0.0,0.19825072886297376
45.0,4.0,50.0,0.1,0.1,0.4,3.0,342.0,0.0,0.0,0.1871345029239766
45.0,4.0,51.0,0.1,0.1,0.4,3.0,338.0,0.0,0.0,0.1952662721893491
45.0,4.0,52.0,0.1,0.1,0.4,3.0,329.0,0.0,0.0,0.1884498480243161
45.0,5.0,1.0,0.1,0.1,0.4,3.0,337.0,0.0,0.0,0.19287833827893175
45.0,5.0,2.0,0.1,0.1,0.4,3.0,327.0,0.0,0.0,0.18960244648318042
45.0,5.0,3.0,0.1,0.1,0.4,3.0,335.0,0.0,0.0,0.19402985074626866
45.0,5.0,4.0,0.1,0.1,0.4,3.0,327.0,0.0,0.0,0.18960244648318042
45.0,5.0,5.0,0.1,0.1,0.4,3.0,334.0,0.0,0.0,0.19461077844311378
45.0,5.0,6.0,0.1,0.1,0.4,3.0,326.0,0.0,0.0,0.18711656441717792
45.0,5.0,7.0,0.1,0.1,0.4,3.0,331.0,0.0,0.0,0.1933534743202417
45.0,5.0,8.0,0.1,0.1,0.4,3.0,322.0,0.0,0.0,0.18944099378881987
45.0,5.0,9.0,0.1,0.1,0.4,3.0,329.0,0.0,0.0,0.1945288753799392
45.0,5.0,10.0,0.1,0.1,0.4,3.0,322.0,0.0,0.0,0.18944099378881987
45.0,5.0,11.0,0.1,0.1,0.4,3.0,329.0,0.0,0.0,0.1945288753799392
45.0,5.0,12.0,0.1,0.1,0.4,3.0,325.0,0.0,0.0,0.18769230769230769
45.0,5.0,13.0,0.1,0.1,0.4,3.0,330.0,0.0,0.0,0.19393939393939394
45.0,5.0,14.0,0.1,0.1,0.4,3.0,320.0,0.0,0.0,0.190625
45.0,5.0,15.0,0.1,0.1,0.4,3.0,323.0,0.0,0.0,0.19504643962848298
45.0,5.0,16.0,0.1,0.1,0.4,3.0,319.0,0.0,0.0,0.18808777429467086
45.0,5.0,17.0,0.1,0.1,0.4,3.0,324.0,0.0,0.0,0.19444444444444445
45.0,5.0,18.0,0.1,0.1,0.4,3.0,319.0,0.0,0.0,0.18808777429467086
45.0,5.0,19.0,0.1,0.1,0.4,3.0,325.0,0.0,0.0,0.19384615384615383
45.0,5.0,20.0,0.1,0.1,0.4,3.0,574.0,0.0,0.0,0.10278745644599303
45.0,5.0,21.0,0.1,0.1,0.4,3.0,533.0,0.0,0.0,0.11069418386491557
45.0,5.0,22.0,0.1,0.1,0.4,3.0,501.0,0.0,0.0,0.11177644710578842
45.0,5.0,23.0,0.1,0.1,0.4,3.0,473.0,0.0,0.0,0.12050739957716702
45.0,5.0,24.0,0.1,0.1,0.4,3.0,463.0,0.0,0.0,0.11663066954643629
45.0,5.0,25.0,0.1,0.1,0.4,3.0,464.0,0.0,0.0,0.1206896551724138
45.0,5.0,26.0,0.1,0.1,0.4,3.0,439.0,0.0,0.0,0.12300683371298406
45.0,5.0,27.0,0.1,0.1,0.4,3.0,414.0,0.0,0.0,0.13285024154589373
45.0,5.0,28.0,0.1,0.1,0.4,3.0,397.0,0.0,0.0,0.13350125944584382
45.0,5.0,29.0,0.1,0.1,0.4,3.0,393.0,0.0,0.0,0.13994910941475827
45.0,5.0,30.0,0.1,0.1,0.4,3.0,382.0,0.0,0.0,0.1387434554973822
45.0,5.0,31.0,0.1,0.1,0.4,3.0,393.0,0.0,0.0,0.13994910941475827
45.0,5.0,32.0,0.1,0.1,0.4,3.0,384.0,0.0,0.0,0.13802083333333334
45.0,5.0,33.0,0.1,0.1,0.4,3.0,393.0,0.0,0.0,0.13994910941475827
45.0,5.0,34.0,0.1,0.1,0.4,3.0,384.0,0.0,0.0,0.13802083333333334
45.0,5.0,35.0,0.1,0.1,0.4,3.0,393.0,0.0,0.0,0.13994910941475827
45.0,5.0,36.0,0.1,0.1,0.4,3.0,383.0,0.0,0.0,0.13838120104438642
45.0,5.0,37.0,0.1,0.1,0.4,3.0,392.0,0.0,0.0,0.14030612244897958
45.0,5.0,38.0,0.1,0.1,0.4,3.0,383.0,0.0,0.0,0.13838120104438642
45.0,5.0,39.0,0.1,0.1,0.4,3.0,382.0,0.0,0.0,0.14397905759162305
45.0,5.0,40.0,0.1,0.1,0.4,3.0,372.0,0.0,0.0,0.13978494623655913
45.0,5.0,41.0,0.1,0.1,0.4,3.0,381.0,0.0,0.0,0.14173228346456693
45.0,5.0,42.0,0.1,0.1,0.4,3.0,369.0,0.0,0.0,0.14092140921409213
45.0,5.0,43.0,0.1,0.1,0.4,3.0,381.0,0.0,0.0,0.14173228346456693
45.0,5.0,44.0,0.1,0.1,0.4,3.0,360.0,0.0,0.0,0.14444444444444443
45.0,5.0,45.0,0.1,0.1,0.4,3.0,371.0,0.0,0.0,0.22641509433962265
45.0,5.0,46.0,0.1,0.1,0.4,3.0,358.0,0.0,0.0,0.22625698324022347
45.0,5.0,47.0,0.1,0.1,0.4,3.0,357.0,0.0,0.0,0.226890756302521
45.0,5.0,48.0,0.1,0.1,0.4,3.0,335.0,0.0,0.0,0.23582089552238805
45.0,5.0,49.0,0.1,0.1,0.4,3.0,321.0,0.0,0.0,0.24922118380062305
45.0,5.0,50.0,0.1,0.1,0.4,3.0,325.0,0.0,0.0,0.24307692307692308
45.0,5.0,51.0,0.1,0.1,0.4,3.0,319.0,0.0,0.0,0.2445141065830721
45.0,5.0,52.0,0.1,0.1,0.4,3.0,315.0,0.0,0.0,0.24444444444444444
45.0,6.0,1.0,0.1,0.1,0.4,3.0,309.0,0.0,0.0,0.2459546925566343
45.0,6.0,2.0,0.1,0.1,0.4,3.0,309.0,0.0,0.0,0.24271844660194175
45.0,6.0,3.0,0.1,0.1,0.4,3.0,302.0,0.0,0.0,0.24834437086092714
45.0,6.0,4.0,0.1,0.1,0.4,3.0,302.0,0.0,0.0,0.24503311258278146
45.0,6.0,5.0,0.1,0.1,0.4,3.0,295.0,0.0,0.0,0.2542372881355932
45.0,6.0,6.0,0.1,0.1,0.4,3.0,299.0,0.0,0.0,0.24749163879598662
45.0,6.0,7.0,0.1,0.1,0.4,3.0,288.0,0.0,0.0,0.2604166666666667
45.0,6.0,8.0,0.1,0.1,0.4,3.0,287.0,0.0,0.0,0.2508710801393728
45.0,6.0,9.0,0.1,0.1,0.4,3.0,284.0,0.0,0.0,0.2605633802816901
45.0,6.0,10.0,0.1,0.1,0.4,3.0,287.0,0.0,0.0,0.2508710801393728
45.0,6.0,11.0,0.1,0.1,0.4,3.0,283.0,0.0,0.0,0.26148409893992935
45.0,6.0,12.0,0.1,0.1,0.4,3.0,282.0,0.0,0.0,0.2553191489361702
45.0,6.0,13.0,0.1,0.1,0.4,3.0,279.0,0.0,0.0,0.26523297491039427
45.0,6.0,14.0,0.1,0.1,0.4,3.0,274.0,0.0,0.0,0.2664233576642336
45.0,6.0,15.0,0.1,0.1,0.4,3.0,276.0,0.0,0.0,0.2608695652173913
45.0,6.0,16.0,0.1,0.1,0.4,3.0,271.0,0.0,0.0,0.25830258302583026
45.0,6.0,17.0,0.1,0.1,0.4,3.0,275.0,0.0,0.0,0.2581818181818182
45.0,6.0,18.0,0.1,0.1,0.4,3.0,271.0,0.0,0.0,0.25830258302583026
45.0,6.0,19.0,0.1,0.1,0.4,3.0,273.0,0.0,0.0,0.2564102564102564
45.0,6.0,20.0,0.1,0.1,0.4,3.0,549.0,0.0,0.0,0.12568306010928962
45.0,6.0,21.0,0.1,0.1,0.4,3.0,544.0,0.0,0.0,0.12683823529411764
45.0,6.0,22.0,0.1,0.1,0.4,3.0,500.0,0.0,0.0,0.136
45.0,6.0,23.0,0.1,0.1,0.4,3.0,483.0,0.0,0.0,0.14078674948240166
45.0,6.0,24.0,0.1,0.1,0.4,3.0,439.0,0.0,0.0,0.14578587699316628
45.0,6.0,25.0,0.1,0.1,0.4,3.0,429.0,0.0,0.0,0.1445221445221445
45.0,6.0,26.0,0.1,0.1,0.4,3.0,409.0,0.0,0.0,0.14180929095354522
45.0,6.0,27.0,0.1,0.1,0.4,3.0,397.0,0.0,0.0,0.14609571788413098
45.0,6.0,28.0,0.1,0.1,0.4,3.0,389.0,0.0,0.0,0.14395886889460155
45.0,6.0,29.0,0.1,0.1,0.4,3.0,387.0,0.0,0.0,0.14470284237726097
45.0,6.0,30.0,0.1,0.1,0.4,3.0,346.0,0.0,0.0,0.1531791907514451
45.0,6.0,31.0,0.1,0.1,0.4,3.0,353.0,0.0,0.0,0.1529745042492918
45.0,6.0,32.0,0.1,0.1,0.4,3.0,346.0,0.0,0.0,0.1531791907514451
45.0,6.0,33.0,0.1,0.1,0.4,3.0,353.0,0.0,0.0,0.1529745042492918
45.0,6.0,34.0,0.1,0.1,0.4,3.0,344.0,0.0,0.0,0.1511627906976744
45.0,6.0,35.0,0.1,0.1,0.4,3.0,351.0,0.0,0.0,0.150997150997151
45.0,6.0,36.0,0.1,0.1,0.4,3.0,342.0,0.0,0.0,0.15204678362573099
45.0,6.0,37.0,0.1,0.1,0.4,3.0,342.0,0.0,0.0,0.15204678362573099
45.0,6.0,38.0,0.1,0.1,0.4,3.0,327.0,0.0,0.0,0.1529051987767584
45.0,6.0,39.0,0.1,0.1,0.4,3.0,336.0,0.0,0.0,0.15476190476190477
45.0,6.0,40.0,0.1,0.1,0.4,3.0,311.0,0.0,0.0,0.15434083601286175
45.0,6.0,41.0,0.1,0.1,0.4,3.0,323.0,0.0,0.0,0.15479876160990713
45.0,6.0,42.0,0.1,0.1,0.4,3.0,298.0,0.0,0.0,0.15771812080536912
45.0,6.0,43.0,0.1,0.1,0.4,3.0,299.0,0.0,0.0,0.16387959866220736
45.0,6.0,44.0,0.1,0.1,0.4,3.0,288.0,0.0,0.0,0.16319444444444445
45.0,6.0,45.0,0.1,0.1,0.4,3.0,299.0,0.0,0.0,0.21070234113712374
45.0,6.0,46.0,0.1,0.1,0.4,3.0,279.0,0.0,0.0,0.21505376344086022
45.0,6.0,47.0,0.1,0.1,0.4,3.0,260.0,0.0,0.0,0.2230769230769231
45.0,6.0,48.0,0.1,0.1,0.4,3.0,252.0,0.0,0.0,0.23015873015873015
45.0,6.0,49.0,0.1,0.1,0.4,3.0,260.0,0.0,0.0,0.2230769230769231
45.0,6.0,50.0,0.1,0.1,0.4,3.0,255.0,0.0,0.0,0.22745098039215686
45.0,6.0,51.0,0.1,0.1,0.4,3.0,259.0,0.0,0.0,0.22393822393822393
45.0,6.0,52.0,0.1,0.1,0.4,3.0,255.0,0.0,0.0,0.2235294117647059
45.0,7.0,1.0,0.1,0.1,0.4,3.0,260.0,0.0,0.0,0.2230769230769231
45.0,7.0,2.0,0.1,0.1,0.4,3.0,255.0,0.0,0.0,0.2235294117647059
45.0,7.0,3.0,0.1,0.1,0.4,3.0,259.0,0.0,0.0,0.22007722007722008
45.0,7.0,4.0,0.1,0.1,0.4,3.0,252.0,0.0,0.0,0.2222222222222222
45.0,7.0,5.0,0.1,0.1,0.4,3.0,255.0,0.0,0.0,0.2196078431372549
45.0,7.0,6.0,0.1,0.1,0.4,3.0,250.0,0.0,0.0,0.224
45.0,7.0,7.0,0.1,0.1,0.4,3.0,252.0,0.0,0.0,0.2222222222222222
45.0,7.0,8.0,0.1,0.1,0.4,3.0,252.0,0.0,0.0,0.2222222222222222
45.0,7.0,9.0,0.1,0.1,0.4,3.0,251.0,0.0,0.0,0.22310756972111553
45.0,7.0,10.0,0.1,0.1,0.4,3.0,252.0,0.0,0.0,0.2222222222222222
45.0,7.0,11.0,0.1,0.1,0.4,3.0,249.0,0.0,0.0,0.2248995983935743
45.0,7.0,12.0,0.1,0.1,0.4,3.0,250.0,0.0,0.0,0.216
45.0,7.0,13.0,0.1,0.1,0.4,3.0,247.0,0.0,0.0,0.22267206477732793
45.0,7.0,14.0,0.1,0.1,0.4,3.0,245.0,0.0,0.0,0.2163265306122449
45.0,7.0,15.0,0.1,0.1,0.4,3.0,245.0,0.0,0.0,0.22448979591836735
45.0,7.0,16.0,0.1,0.1,0.4,3.0,245.0,0.0,0.0,0.2163265306122449
45.0,7.0,17.0,0.1,0.1,0.4,3.0,245.0,0.0,0.0,0.22448979591836735
45.0,7.0,18.0,0.1,0.1,0.4,3.0,244.0,0.0,0.0,0.21721311475409835
45.0,7.0,19.0,0.1,0.1,0.4,3.0,243.0,0.0,0.0,0.2222222222222222
45.0,7.0,20.0,0.1,0.1,0.4,3.0,465.0,0.0,0.0,0.11182795698924732
45.0,7.0,21.0,0.1,0.1,0.4,3.0,448.0,0.0,0.0,0.12053571428571429
45.0,7.0,22.0,0.1,0.1,0.4,3.0,454.0,0.0,0.0,0.1145374449339207
45.0,7.0,23.0,0.1,0.1,0.4,3.0,405.0,0.0,0.0,0.1308641975308642
45.0,7.0,24.0,0.1,0.1,0.4,3.0,412.0,0.0,0.0,0.12378640776699029
45.0,7.0,25.0,0.1,0.1,0.4,3.0,394.0,0.0,0.0,0.13451776649746192
45.0,7.0,26.0,0.1,0.1,0.4,3.0,401.0,0.0,0.0,0.12718204488778054
45.0,7.0,27.0,0.1,0.1,0.4,3.0,379.0,0.0,0.0,0.13192612137203166
45.0,7.0,28.0,0.1,0.1,0.4,3.0,379.0,0.0,0.0,0.12401055408970976
45.0,7.0,29.0,0.1,0.1,0.4,3.0,357.0,0.0,0.0,0.13165266106442577
45.0,7.0,30.0,0.1,0.1,0.4,3.0,363.0,0.0,0.0,0.12396694214876033
45.0,7.0,31.0,0.1,0.1,0.4,3.0,338.0,0.0,0.0,0.13609467455621302
45.0,7.0,32.0,0.1,0.1,0.4,3.0,299.0,0.0,0.0,0.13712374581939799
45.0,7.0,33.0,0.1,0.1,0.4,3.0,302.0,0.0,0.0,0.1423841059602649
45.0,7.0,34.0,0.1,0.1,0.4,3.0,299.0,0.0,0.0,0.13712374581939799
45.0,7.0,35.0,0.1,0.1,0.4,3.0,261.0,0.0,0.0,0.1532567049808429
45.0,7.0,36.0,0.1,0.1,0.4,3.0,266.0,0.0,0.0,0.14285714285714285
45.0,7.0,37.0,0.1,0.1,0.4,3.0,253.0,0.0,0.0,0.1541501976284585
45.0,7.0,38.0,0.1,0.1,0.4,3.0,258.0,0.0,0.0,0.1434108527131783
45.0,7.0,39.0,0.1,0.1,0.4,3.0,250.0,0.0,0.0,0.156
45.0,7.0,40.0,0.1,0.1,0.4,3.0,258.0,0.0,0.0,0.1434108527131783
45.0,7.0,41.0,0.1,0.1,0.4,3.0,253.0,0.0,0.0,0.1541501976284585
45.0,7.0,42.0,0.1,0.1,0.4,3.0,255.0,0.0,0.0,0.1450980392156863
45.0,7.0,43.0,0.1,0.1,0.4,3.0,252.0,0.0,0.0,0.15476190476190477
45.0,7.0,44.0,0.1,0.1,0.4,3.0,247.0,0.0,0.0,0.1417004048582996
45.0,7.0,45.0,0.1,0.1,0.4,3.0,243.0,0.0,0.0,0.2345679012345679
45.0,7.0,46.0,0.1,0.1,0.4,3.0,247.0,0.0,0.0,0.21862348178137653
45.0,7.0,47.0,0.1,0.1,0.4,3.0,243.0,0.0,0.0,0.2345679012345679
45.0,7.0,48.0,0.1,0.1,0.4,3.0,247.0,0.0,0.0,0.21862348178137653
45.0,7.0,49.0,0.1,0.1,0.4,3.0,229.0,0.0,0.0,0.24017467248908297
45.0,7.0,50.0,0.1,0.1,0.4,3.0,239.0,0.0,0.0,0.2217573221757322
45.0,7.0,51.0,0.1,0.1,0.4,3.0,229.0,0.0,0.0,0.24017467248908297
45.0,7.0,52.0,0.1,0.1,0.4,3.0,231.0,0.0,0.0,0.22943722943722944
45.0,8.0,1.0,0.1,0.1,0.4,3.0,228.0,0.0,0.0,0.2412280701754386
45.0,8.0,2.0,0.1,0.1,0.4,3.0,231.0,0.0,0.0,0.22943722943722944
45.0,8.0,3.0,0.1,0.1,0.4,3.0,227.0,0.0,0.0,0.2422907488986784
45.0,8.0,4.0,0.1,0.1,0.4,3.0,230.0,0.0,0.0,0.23043478260869565
45.0,8.0,5.0,0.1,0.1,0.4,3.0,227.0,0.0,0.0,0.2422907488986784
45.0,8.0,6.0,0.1,0.1,0.4,3.0,229.0,0.0,0.0,0.2314410480349345
45.0,8.0,7.0,0.1,0.1,0.4,3.0,227.0,0.0,0.0,0.2422907488986784
45.0,8.0,8.0,0.1,0.1,0.4,3.0,227.0,0.0,0.0,0.23348017621145375
45.0,8.0,9.0,0.1,0.1,0.4,3.0,226.0,0.0,0.0,0.24336283185840707
45.0,8.0,10.0,0.1,0.1,0.4,3.0,220.0,0.0,0.0,0.2409090909090909
45.0,8.0,11.0,0.1,0.1,0.4,3.0,220.0,0.0,0.0,0.25
45.0,8.0,12.0,0.1,0.1,0.4,3.0,220.0,0.0,0.0,0.2409090909090909
45.0,8.0,13.0,0.1,0.1,0.4,3.0,218.0,0.0,0.0,0.25229357798165136
45.0,8.0,14.0,0.1,0.1,0.4,3.0,218.0,0.0,0.0,0.24311926605504589
45.0,8.0,15.0,0.1,0.1,0.4,3.0,217.0,0.0,0.0,0.2534562211981567
45.0,8.0,16.0,0.1,0.1,0.4,3.0,217.0,0.0,0.0,0.24423963133640553
45.0,8.0,17.0,0.1,0.1,0.4,3.0,217.0,0.0,0.0,0.2534562211981567
45.0,8.0,18.0,0.1,0.1,0.4,3.0,217.0,0.0,0.0,0.24423963133640553
45.0,8.0,19.0,0.1,0.1,0.4,3.0,217.0,0.0,0.0,0.2534562211981567
45.0,8.0,20.0,0.1,0.1,0.4,3.0,432.0,0.0,0.0,0.12268518518518519
45.0,8.0,21.0,0.1,0.1,0.4,3.0,401.0,0.0,0.0,0.1371571072319202
45.0,8.0,22.0,0.1,0.1,0.4,3.0,378.0,0.0,0.0,0.1349206349206349
45.0,8.0,23.0,0.1,0.1,0.4,3.0,364.0,0.0,0.0,0.14560439560439561
45.0,8.0,24.0,0.1,0.1,0.4,3.0,370.0,0.0,0.0,0.12972972972972974
45.0,8.0,25.0,0.1,0.1,0.4,3.0,356.0,0.0,0.0,0.1404494382022472
45.0,8.0,26.0,0.1,0.1,0.4,3.0,369.0,0.0,0.0,0.12737127371273713
45.0,8.0,27.0,0.1,0.1,0.4,3.0,341.0,0.0,0.0,0.1466275659824047
45.0,8.0,28.0,0.1,0.1,0.4,3.0,345.0,0.0,0.0,0.13623188405797101
45.0,8.0,29.0,0.1,0.1,0.4,3.0,332.0,0.0,0.0,0.15060240963855423
45.0,8.0,30.0,0.1,0.1,0.4,3.0,327.0,0.0,0.0,0.1437308868501529
45.0,8.0,31.0,0.1,0.1,0.4,3.0,323.0,0.0,0.0,0.15479876160990713
45.0,8.0,32.0,0.1,0.1,0.4,3.0,327.0,0.0,0.0,0.1437308868501529
45.0,8.0,33.0,0.1,0.1,0.4,3.0,323.0,0.0,0.0,0.15479876160990713
45.0,8.0,34.0,0.1,0.1,0.4,3.0,327.0,0.0,0.0,0.1437308868501529
45.0,8.0,35.0,0.1,0.1,0.4,3.0,321.0,0.0,0.0,0.1557632398753894
45.0,8.0,36.0,0.1,0.1,0.4,3.0,326.0,0.0,0.0,0.1441717791411043
45.0,8.0,37.0,0.1,0.1,0.4,3.0,319.0,0.0,0.0,0.15673981191222572
45.0,8.0,38.0,0.1,0.1,0.4,3.0,324.0,0.0,0.0,0.14506172839506173
45.0,8.0,39.0,0.1,0.1,0.4,3.0,305.0,0.0,0.0,0.16065573770491803
45.0,8.0,40.0,0.1,0.1,0.4,3.0,299.0,0.0,0.0,0.15384615384615385
45.0,8.0,41.0,0.1,0.1,0.4,3.0,270.0,0.0,0.0,0.17037037037037037
45.0,8.0,42.0,0.1,0.1,0.4,3.0,273.0,0.0,0.0,0.1575091575091575
45.0,8.0,43.0,0.1,0.1,0.4,3.0,266.0,0.0,0.0,0.17293233082706766
45.0,8.0,44.0,0.1,0.1,0.4,3.0,265.0,0.0,0.0,0.16226415094339622
45.0,8.0,45.0,0.1,0.1,0.4,3.0,250.0,0.0,0.0,0.232
45.0,8.0,46.0,0.1,0.1,0.4,3.0,250.0,0.0,0.0,0.224
45.0,8.0,47.0,0.1,0.1,0.4,3.0,241.0,0.0,0.0,0.23651452282157676
45.0,8.0,48.0,0.1,0.1,0.4,3.0,242.0,0.0,0.0,0.22727272727272727
45.0,8.0,49.0,0.1,0.1,0.4,3.0,240.0,0.0,0.0,0.2375
45.0,8.0,50.0,0.1,0.1,0.4,3.0,240.0,0.0,0.0,0.225
45.0,8.0,51.0,0.1,0.1,0.4,3.0,236.0,0.0,0.0,0.23728813559322035
45.0,8.0,52.0,0.1,0.1,0.4,3.0,237.0,0.0,0.0,0.22784810126582278
45.0,9.0,1.0,0.1,0.1,0.4,3.0,234.0,0.0,0.0,0.23931623931623933
45.0,9.0,2.0,0.1,0.1,0.4,3.0,237.0,0.0,0.0,0.22784810126582278
45.0,9.0,3.0,0.1,0.1,0.4,3.0,232.0,0.0,0.0,0.2413793103448276
45.0,9.0,4.0,0.1,0.1,0.4,3.0,233.0,0.0,0.0,0.2317596566523605
45.0,9.0,5.0,0.1,0.1,0.4,3.0,231.0,0.0,0.0,0.24242424242424243
45.0,9.0,6.0,0.1,0.1,0.4,3.0,235.0,0.0,0.0,0.2297872340425532
45.0,9.0,7.0,0.1,0.1,0.4,3.0,230.0,0.0,0.0,0.2391304347826087
45.0,9.0,8.0,0.1,0.1,0.4,3.0,235.0,0.0,0.0,0.2297872340425532
45.0,9.0,9.0,0.1,0.1,0.4,3.0,230.0,0.0,0.0,0.2391304347826087
45.0,9.0,10.0,0.1,0.1,0.4,3.0,233.0,0.0,0.0,0.2317596566523605
45.0,9.0,11.0,0.1,0.1,0.4,3.0,229.0,0.0,0.0,0.24017467248908297
45.0,9.0,12.0,0.1,0.1,0.4,3.0,232.0,0.0,0.0,0.23275862068965517
45.0,9.0,13.0,0.1,0.1,0.4,3.0,228.0,0.0,0.0,0.2412280701754386
45.0,9.0,14.0,0.1,0.1,0.4,3.0,231.0,0.0,0.0,0.23376623376623376
45.0,9.0,15.0,0.1,0.1,0.4,3.0,228.0,0.0,0.0,0.2412280701754386
45.0,9.0,16.0,0.1,0.1,0.4,3.0,229.0,0.0,0.0,0.23580786026200873
45.0,9.0,17.0,0.1,0.1,0.4,3.0,227.0,0.0,0.0,0.2422907488986784
45.0,9.0,18.0,0.1,0.1,0.4,3.0,220.0,0.0,0.0,0.24545454545454545
45.0,9.0,19.0,0.1,0.1,0.4,3.0,217.0,0.0,0.0,0.2534562211981567
45.0,9.0,20.0,0.1,0.1,0.4,3.0,410.0,0.0,0.0,0.11219512195121951
45.0,9.0,21.0,0.1,0.1,0.4,3.0,362.0,0.0,0.0,0.11878453038674033
45.0,9.0,22.0,0.1,0.1,0.4,3.0,338.0,0.0,0.0,0.11242603550295859
45.0,9.0,23.0,0.1,0.1,0.4,3.0,308.0,0.0,0.0,0.1266233766233766
45.0,9.0,24.0,0.1,0.1,0.4,3.0,306.0,0.0,0.0,0.12418300653594772
45.0,9.0,25.0,0.1,0.1,0.4,3.0,284.0,0.0,0.0,0.13732394366197184
45.0,9.0,26.0,0.1,0.1,0.4,3.0,304.0,0.0,0.0,0.125
45.0,9.0,27.0,0.1,0.1,0.4,3.0,245.0,0.0,0.0,0.15918367346938775
45.0,9.0,28.0,0.1,0.1,0.4,3.0,255.0,0.0,0.0,0.14901960784313725
45.0,9.0,29.0,0.1,0.1,0.4,3.0,227.0,0.0,0.0,0.17180616740088106
45.0,9.0,30.0,0.1,0.1,0.4,3.0,237.0,0.0,0.0,0.1518987341772152
45.0,9.0,31.0,0.1,0.1,0.4,3.0,219.0,0.0,0.0,0.1689497716894977
45.0,9.0,32.0,0.1,0.1,0.4,3.0,237.0,0.0,0.0,0.1518987341772152
45.0,9.0,33.0,0.1,0.1,0.4,3.0,216.0,0.0,0.0,0.1712962962962963
45.0,9.0,34.0,0.1,0.1,0.4,3.0,237.0,0.0,0.0,0.1518987341772152
45.0,9.0,35.0,0.1,0.1,0.4,3.0,215.0,0.0,0.0,0.17209302325581396
45.0,9.0,36.0,0.1,0.1,0.4,3.0,222.0,0.0,0.0,0.16216216216216217
45.0,9.0,37.0,0.1,0.1,0.4,3.0,207.0,0.0,0.0,0.178743961352657
45.0,9.0,38.0,0.1,0.1,0.4,3.0,221.0,0.0,0.0,0.16289592760180996
45.0,9.0,39.0,0.1,0.1,0.4,3.0,206.0,0.0,0.0,0.1796116504854369
45.0,9.0,40.0,0.1,0.1,0.4,3.0,221.0,0.0,0.0,0.16289592760180996
45.0,9.0,41.0,0.1,0.1,0.4,3.0,207.0,0.0,0.0,0.178743961352657
45.0,9.0,42.0,0.1,0.1,0.4,3.0,208.0,0.0,0.0,0.17307692307692307
45.0,9.0,43.0,0.1,0.1,0.4,3.0,206.0,0.0,0.0,0.1796116504854369
45.0,9.0,44.0,0.1,0.1,0.4,3.0,206.0,0.0,0.0,0.17475728155339806
45.0,9.0,45.0,0.1,0.1,0.4,3.0,204.0,0.0,0.0,0.2549019607843137
45.0,9.0,46.0,0.1,0.1,0.4,3.0,204.0,0.0,0.0,0.25
45.0,9.0,47.0,0.1,0.1,0.4,3.0,192.0,0.0,0.0,0.265625
45.0,9.0,48.0,0.1,0.1,0.4,3.0,194.0,0.0,0.0,0.25773195876288657
45.0,9.0,49.0,0.1,0.1,0.4,3.0,190.0,0.0,0.0,0.2631578947368421
45.0,9.0,50.0,0.1,0.1,0.4,3.0,194.0,0.0,0.0,0.25773195876288657
45.0,9.0,51.0,0.1,0.1,0.4,3.0,190.0,0.0,0.0,0.2631578947368421
45.0,9.0,52.0,0.1,0.1,0.4,3.0,185.0,0.0,0.0,0.2648648648648649
45.0,10.0,1.0,0.1,0.1,0.4,3.0,184.0,0.0,0.0,0.266304347826087
45.0,10.0,2.0,0.1,0.1,0.4,3.0,185.0,0.0,0.0,0.2648648648648649
45.0,10.0,3.0,0.1,0.1,0.4,3.0,184.0,0.0,0.0,0.266304347826087
45.0,10.0,4.0,0.1,0.1,0.4,3.0,185.0,0.0,0.0,0.2648648648648649
45.0,10.0,5.0,0.1,0.1,0.4,3.0,184.0,0.0,0.0,0.266304347826087
45.0,10.0,6.0,0.1,0.1,0.4,3.0,185.0,0.0,0.0,0.2648648648648649
45.0,10.0,7.0,0.1,0.1,0.4,3.0,184.0,0.0,0.0,0.266304347826087
45.0,10.0,8.0,0.1,0.1,0.4,3.0,184.0,0.0,0.0,0.266304347826087
45.0,10.0,9.0,0.1,0.1,0.4,3.0,183.0,0.0,0.0,0.2677595628415301
45.0,10.0,10.0,0.1,0.1,0.4,3.0,180.0,0.0,0.0,0.26666666666666666
45.0,10.0,11.0,0.1,0.1,0.4,3.0,177.0,0.0,0.0,0.2655367231638418
45.0,10.0,12.0,0.1,0.1,0.4,3.0,178.0,0.0,0.0,0.2640449438202247
45.0,10.0,13.0,0.1,0.1,0.4,3.0,175.0,0.0,0.0,0.26857142857142857
45.0,10.0,14.0,0.1,0.1,0.4,3.0,178.0,0.0,0.0,0.2640449438202247
45.0,10.0,15.0,0.1,0.1,0.4,3.0,175.0,0.0,0.0,0.26857142857142857
45.0,10.0,16.0,0.1,0.1,0.4,3.0,178.0,0.0,0.0,0.2640449438202247
45.0,10.0,17.0,0.1,0.1,0.4,3.0,175.0,0.0,0.0,0.26857142857142857
45.0,10.0,18.0,0.1,0.1,0.4,3.0,178.0,0.0,0.0,0.2640449438202247
45.0,10.0,19.0,0.1,0.1,0.4,3.0,175.0,0.0,0.0,0.26857142857142857
45.0,10.0,20.0,0.1,0.1,0.4,3.0,313.0,0.0,0.0,0.11501597444089456
45.0,10.0,21.0,0.1,0.1,0.4,3.0,294.0,0.0,0.0,0.11564625850340136
45.0,10.0,22.0,0.1,0.1,0.4,3.0,302.0,0.0,0.0,0.11258278145695365
45.0,10.0,23.0,0.1,0.1,0.4,3.0,284.0,0.0,0.0,0.11971830985915492
45.0,10.0,24.0,0.1,0.1,0.4,3.0,275.0,0.0,0.0,0.12
45.0,10.0,25.0,0.1,0.1,0.4,3.0,275.0,0.0,0.0,0.12
45.0,10.0,26.0,0.1,0.1,0.4,3.0,275.0,0.0,0.0,0.12
45.0,10.0,27.0,0.1,0.1,0.4,3.0,262.0,0.0,0.0,0.12595419847328243
45.0,10.0,28.0,0.1,0.1,0.4,3.0,252.0,0.0,0.0,0.13095238095238096
45.0,10.0,29.0,0.1,0.1,0.4,3.0,252.0,0.0,0.0,0.13095238095238096
45.0,10.0,30.0,0.1,0.1,0.4,3.0,251.0,0.0,0.0,0.13147410358565736
45.0,10.0,31.0,0.1,0.1,0.4,3.0,252.0,0.0,0.0,0.13095238095238096
45.0,10.0,32.0,0.1,0.1,0.4,3.0,211.0,0.0,0.0,0.13270142180094788
45.0,10.0,33.0,0.1,0.1,0.4,3.0,212.0,0.0,0.0,0.1320754716981132
45.0,10.0,34.0,0.1,0.1,0.4,3.0,210.0,0.0,0.0,0.13333333333333333
45.0,10.0,35.0,0.1,0.1,0.4,3.0,212.0,0.0,0.0,0.1320754716981132
45.0,10.0,36.0,0.1,0.1,0.4,3.0,210.0,0.0,0.0,0.13333333333333333
45.0,10.0,37.0,0.1,0.1,0.4,3.0,213.0,0.0,0.0,0.13145539906103287
45.0,10.0,38.0,0.1,0.1,0.4,3.0,210.0,0.0,0.0,0.13333333333333333
45.0,10.0,39.0,0.1,0.1,0.4,3.0,213.0,0.0,0.0,0.13145539906103287
45.0,10.0,40.0,0.1,0.1,0.4,3.0,210.0,0.0,0.0,0.13333333333333333
45.0,10.0,41.0,0.1,0.1,0.4,3.0,210.0,0.0,0.0,0.13333333333333333
45.0,10.0,42.0,0.1,0.1,0.4,3.0,209.0,0.0,0.0,0.1339712918660287
45.0,10.0,43.0,0.1,0.1,0.4,3.0,209.0,0.0,0.0,0.1339712918660287
45.0,10.0,44.0,0.1,0.1,0.4,3.0,199.0,0.0,0.0,0.135678391959799
45.0,10.0,45.0,0.1,0.1,0.4,3.0,188.0,0.0,0.0,0.20212765957446807
45.0,10.0,46.0,0.1,0.1,0.4,3.0,177.0,0.0,0.0,0.20903954802259886
45.0,10.0,47.0,0.1,0.1,0.4,3.0,178.0,0.0,0.0,0.20786516853932585
45.0,10.0,48.0,0.1,0.1,0.4,3.0,178.0,0.0,0.0,0.20786516853932585
45.0,10.0,49.0,0.1,0.1,0.4,3.0,178.0,0.0,0.0,0.20786516853932585
45.0,10.0,50.0,0.1,0.1,0.4,3.0,177.0,0.0,0.0,0.2033898305084746
45.0,10.0,51.0,0.1,0.1,0.4,3.0,179.0,0.0,0.0,0.2122905027932961
45.0,10.0,52.0,0.1,0.1,0.4,3.0,174.0,0.0,0.0,0.20689655172413793
46.0,1.0,1.0,0.1,0.1,0.4,3.0,5045.0,50.0,9.0,0.09950445986124876
46.0,1.0,2.0,0.1,0.1,0.4,3.0,4988.0,53.0,20.0,0.10144346431435446
46.0,1.0,3.0,0.1,0.1,0.4,3.0,4871.0,64.0,33.0,0.10182714021761445
46.0,1.0,4.0,0.1,0.1,0.4,3.0,4799.0,97.0,40.0,0.10272973536153365
46.0,1.0,5.0,0.1,0.1,0.4,3.0,4719.0,141.0,42.0,0.10362364907819453
46.0,1.0,6.0,0.1,0.1,0.4,3.0,4551.0,159.0,44.0,0.1050318611294221
46.0,1.0,7.0,0.1,0.1,0.4,3.0,4354.0,163.0,58.0,0.10519062930638494
46.0,1.0,8.0,0.1,0.1,0.4,3.0,4191.0,192.0,67.0,0.10617990932951563
46.0,1.0,9.0,0.1,0.1,0.4,3.0,4041.0,206.0,84.0,0.10715169512496907
46.0,1.0,10.0,0.1,0.1,0.4,3.0,3800.0,214.0,80.0,0.10631578947368421
46.0,1.0,11.0,0.1,0.1,0.4,3.0,3642.0,240.0,88.0,0.10598572213069742
46.0,1.0,12.0,0.1,0.1,0.4,3.0,3424.0,248.0,102.0,0.10718457943925233
46.0,1.0,13.0,0.1,0.1,0.4,3.0,3335.0,249.0,111.0,0.10674662668665667
46.0,1.0,14.0,0.1,0.1,0.4,3.0,3188.0,254.0,119.0,0.10759096612296111
46.0,1.0,15.0,0.1,0.1,0.4,3.0,3080.0,246.0,114.0,0.11006493506493506
46.0,1.0,16.0,0.1,0.1,0.4,3.0,2989.0,251.0,109.0,0.11207761793241887
46.0,1.0,17.0,0.1,0.1,0.4,3.0,2871.0,254.0,114.0,0.11494252873563218
46.0,1.0,18.0,0.1,0.1,0.4,3.0,2754.0,231.0,110.0,0.11728395061728394
46.0,1.0,19.0,0.1,0.1,0.4,3.0,2664.0,227.0,111.0,0.11824324324324324
46.0,1.0,20.0,0.1,0.1,0.4,3.0,7115.0,215.0,110.0,0.04371047083626142
46.0,1.0,21.0,0.1,0.1,0.4,3.0,6408.0,284.0,96.0,0.04541198501872659
46.0,1.0,22.0,0.1,0.1,0.4,3.0,5831.0,375.0,99.0,0.04699022466129309
46.0,1.0,23.0,0.1,0.1,0.4,3.0,5298.0,397.0,135.0,0.04813137032842582
46.0,1.0,24.0,0.1,0.1,0.4,3.0,4891.0,405.0,164.0,0.05029646289102433
46.0,1.0,25.0,0.1,0.1,0.4,3.0,4463.0,441.0,183.0,0.05131077750392113
46.0,1.0,26.0,0.1,0.1,0.4,3.0,4097.0,450.0,198.0,0.05320966560898218
46.0,1.0,27.0,0.1,0.1,0.4,3.0,3788.0,479.0,199.0,0.056494192185850056
46.0,1.0,28.0,0.1,0.1,0.4,3.0,3483.0,443.0,180.0,0.05885730691932242
46.0,1.0,29.0,0.1,0.1,0.4,3.0,3249.0,459.0,190.0,0.06124961526623576
46.0,1.0,30.0,0.1,0.1,0.4,3.0,3050.0,469.0,201.0,0.06426229508196721
46.0,1.0,31.0,0.1,0.1,0.4,3.0,2830.0,474.0,201.0,0.06643109540636043
46.0,1.0,32.0,0.1,0.1,0.4,3.0,2555.0,452.0,204.0,0.07084148727984345
46.0,1.0,33.0,0.1,0.1,0.4,3.0,2325.0,408.0,191.0,0.07913978494623657
46.0,1.0,34.0,0.1,0.1,0.4,3.0,2149.0,390.0,192.0,0.08189855746859004
46.0,1.0,35.0,0.1,0.1,0.4,3.0,1969.0,371.0,185.0,0.08836973082783138
46.0,1.0,36.0,0.1,0.1,0.4,3.0,1809.0,327.0,157.0,0.09231619679380873
46.0,1.0,37.0,0.1,0.1,0.4,3.0,1707.0,312.0,146.0,0.09783245459871119
46.0,1.0,38.0,0.1,0.1,0.4,3.0,1599.0,298.0,133.0,0.10193871169480925
46.0,1.0,39.0,0.1,0.1,0.4,3.0,1499.0,277.0,138.0,0.1067378252168112
46.0,1.0,40.0,0.1,0.1,0.4,3.0,1403.0,264.0,133.0,0.11119030648610122
46.0,1.0,41.0,0.1,0.1,0.4,3.0,1311.0,241.0,122.0,0.11823035850495804
46.0,1.0,42.0,0.1,0.1,0.4,3.0,1233.0,228.0,108.0,0.12165450121654502
46.0,1.0,43.0,0.1,0.1,0.4,3.0,1148.0,213.0,102.0,0.12804878048780488
46.0,1.0,44.0,0.1,0.1,0.4,3.0,1079.0,195.0,99.0,0.13067655236329936
46.0,1.0,45.0,0.1,0.1,0.4,3.0,1004.0,179.0,93.0,0.19721115537848605
46.0,1.0,46.0,0.1,0.1,0.4,3.0,963.0,163.0,82.0,0.20145379023883697
46.0,1.0,47.0,0.1,0.1,0.4,3.0,893.0,140.0,67.0,0.2038073908174692
46.0,1.0,48.0,0.1,0.1,0.4,3.0,847.0,131.0,74.0,0.21251475796930341
46.0,1.0,49.0,0.1,0.1,0.4,3.0,801.0,117.0,64.0,0.21722846441947566
46.0,1.0,50.0,0.1,0.1,0.4,3.0,777.0,109.0,58.0,0.22265122265122264
46.0,1.0,51.0,0.1,0.1,0.4,3.0,740.0,94.0,54.0,0.23243243243243245
46.0,1.0,52.0,0.1,0.1,0.4,3.0,722.0,94.0,50.0,0.23130193905817176
46.0,2.0,1.0,0.1,0.1,0.4,3.0,699.0,88.0,48.0,0.24034334763948498
46.0,2.0,2.0,0.1,0.1,0.4,3.0,671.0,72.0,33.0,0.2459016393442623
46.0,2.0,3.0,0.1,0.1,0.4,3.0,657.0,66.0,32.0,0.2511415525114155
46.0,2.0,4.0,0.1,0.1,0.4,3.0,639.0,58.0,31.0,0.24726134585289514
46.0,2.0,5.0,0.1,0.1,0.4,3.0,625.0,53.0,35.0,0.256
46.0,2.0,6.0,0.1,0.1,0.4,3.0,617.0,49.0,31.0,0.2544570502431118
46.0,2.0,7.0,0.1,0.1,0.4,3.0,599.0,42.0,25.0,0.2621035058430718
46.0,2.0,8.0,0.1,0.1,0.4,3.0,583.0,34.0,17.0,0.2658662092624357
46.0,2.0,9.0,0.1,0.1,0.4,3.0,571.0,30.0,14.0,0.26970227670753066
46.0,2.0,10.0,0.1,0.1,0.4,3.0,570.0,28.0,15.0,0.27017543859649124
46.0,2.0,11.0,0.1,0.1,0.4,3.0,558.0,26.0,12.0,0.27419354838709675
46.0,2.0,12.0,0.1,0.1,0.4,3.0,559.0,24.0,12.0,0.27549194991055453
46.0,2.0,13.0,0.1,0.1,0.4,3.0,545.0,18.0,12.0,0.27889908256880735
46.0,2.0,14.0,0.1,0.1,0.4,3.0,543.0,18.0,12.0,0.27808471454880296
46.0,2.0,15.0,0.1,0.1,0.4,3.0,533.0,14.0,9.0,0.2795497185741088
46.0,2.0,16.0,0.1,0.1,0.4,3.0,530.0,8.0,6.0,0.2811320754716981
46.0,2.0,17.0,0.1,0.1,0.4,3.0,513.0,7.0,5.0,0.2884990253411306
46.0,2.0,18.0,0.1,0.1,0.4,3.0,514.0,8.0,4.0,0.28599221789883267
46.0,2.0,19.0,0.1,0.1,0.4,3.0,503.0,5.0,1.0,0.29025844930417494
46.0,2.0,20.0,0.1,0.1,0.4,3.0,954.0,4.0,1.0,0.1530398322851153
46.0,2.0,21.0,0.1,0.1,0.4,3.0,858.0,4.0,4.0,0.15268065268065267
46.0,2.0,22.0,0.1,0.1,0.4,3.0,835.0,5.0,4.0,0.1568862275449102
46.0,2.0,23.0,0.1,0.1,0.4,3.0,804.0,5.0,3.0,0.15422885572139303
46.0,2.0,24.0,0.1,0.1,0.4,3.0,799.0,2.0,1.0,0.15769712140175218
46.0,2.0,25.0,0.1,0.1,0.4,3.0,768.0,2.0,1.0,0.15625
46.0,2.0,26.0,0.1,0.1,0.4,3.0,769.0,3.0,1.0,0.1599479843953186
46.0,2.0,27.0,0.1,0.1,0.4,3.0,739.0,2.0,0.0,0.15967523680649526
46.0,2.0,28.0,0.1,0.1,0.4,3.0,698.0,2.0,1.0,0.167621776504298
46.0,2.0,29.0,0.1,0.1,0.4,3.0,667.0,2.0,1.0,0.1664167916041979
46.0,2.0,30.0,0.1,0.1,0.4,3.0,658.0,2.0,2.0,0.16717325227963525
46.0,2.0,31.0,0.1,0.1,0.4,3.0,656.0,1.0,1.0,0.16463414634146342
46.0,2.0,32.0,0.1,0.1,0.4,3.0,645.0,1.0,1.0,0.16744186046511628
46.0,2.0,33.0,0.1,0.1,0.4,3.0,622.0,0.0,0.0,0.16881028938906753
46.0,2.0,34.0,0.1,0.1,0.4,3.0,614.0,0.0,0.0,0.16938110749185667
46.0,2.0,35.0,0.1,0.1,0.4,3.0,595.0,0.0,0.0,0.17647058823529413
46.0,2.0,36.0,0.1,0.1,0.4,3.0,586.0,0.0,0.0,0.17918088737201365
46.0,2.0,37.0,0.1,0.1,0.4,3.0,579.0,0.0,0.0,0.17962003454231434
46.0,2.0,38.0,0.1,0.1,0.4,3.0,579.0,0.0,0.0,0.17443868739205526
46.0,2.0,39.0,0.1,0.1,0.4,3.0,574.0,0.0,0.0,0.1759581881533101
46.0,2.0,40.0,0.1,0.1,0.4,3.0,561.0,0.0,0.0,0.17647058823529413
46.0,2.0,41.0,0.1,0.1,0.4,3.0,559.0,0.0,0.0,0.1806797853309481
46.0,2.0,42.0,0.1,0.1,0.4,3.0,558.0,0.0,0.0,0.1774193548387097
46.0,2.0,43.0,0.1,0.1,0.4,3.0,549.0,0.0,0.0,0.18032786885245902
46.0,2.0,44.0,0.1,0.1,0.4,3.0,539.0,0.0,0.0,0.17996289424860853
46.0,2.0,45.0,0.1,0.1,0.4,3.0,533.0,0.0,0.0,0.2551594746716698
46.0,2.0,46.0,0.1,0.1,0.4,3.0,534.0,0.0,0.0,0.2546816479400749
46.0,2.0,47.0,0.1,0.1,0.4,3.0,529.0,0.0,0.0,0.2514177693761815
46.0,2.0,48.0,0.1,0.1,0.4,3.0,529.0,0.0,0.0,0.2533081285444234
46.0,2.0,49.0,0.1,0.1,0.4,3.0,527.0,0.0,0.0,0.2523719165085389
46.0,2.0,50.0,0.1,0.1,0.4,3.0,529.0,0.0,0.0,0.2514177693761815
46.0,2.0,51.0,0.1,0.1,0.4,3.0,524.0,0.0,0.0,0.25
46.0,2.0,52.0,0.1,0.1,0.4,3.0,518.0,0.0,0.0,0.2548262548262548
46.0,3.0,1.0,0.1,0.1,0.4,3.0,512.0,0.0,0.0,0.25
46.0,3.0,2.0,0.1,0.1,0.4,3.0,514.0,0.0,0.0,0.2490272373540856
46.0,3.0,3.0,0.1,0.1,0.4,3.0,514.0,0.0,0.0,0.245136186770428
46.0,3.0,4.0,0.1,0.1,0.4,3.0,515.0,0.0,0.0,0.24854368932038834
46.0,3.0,5.0,0.1,0.1,0.4,3.0,508.0,0.0,0.0,0.24803149606299213
46.0,3.0,6.0,0.1,0.1,0.4,3.0,511.0,0.0,0.0,0.2465753424657534
46.0,3.0,7.0,0.1,0.1,0.4,3.0,500.0,0.0,0.0,0.25
46.0,3.0,8.0,0.1,0.1,0.4,3.0,496.0,0.0,0.0,0.25201612903225806
46.0,3.0,9.0,0.1,0.1,0.4,3.0,492.0,0.0,0.0,0.25203252032520324
46.0,3.0,10.0,0.1,0.1,0.4,3.0,494.0,0.0,0.0,0.25101214574898784
46.0,3.0,11.0,0.1,0.1,0.4,3.0,488.0,0.0,0.0,0.25
46.0,3.0,12.0,0.1,0.1,0.4,3.0,491.0,0.0,0.0,0.2525458248472505
46.0,3.0,13.0,0.1,0.1,0.4,3.0,484.0,0.0,0.0,0.25
46.0,3.0,14.0,0.1,0.1,0.4,3.0,489.0,0.0,0.0,0.25357873210633947
46.0,3.0,15.0,0.1,0.1,0.4,3.0,483.0,0.0,0.0,0.2463768115942029
46.0,3.0,16.0,0.1,0.1,0.4,3.0,486.0,0.0,0.0,0.25102880658436216
46.0,3.0,17.0,0.1,0.1,0.4,3.0,483.0,0.0,0.0,0.2484472049689441
46.0,3.0,18.0,0.1,0.1,0.4,3.0,482.0,0.0,0.0,0.25103734439834025
46.0,3.0,19.0,0.1,0.1,0.4,3.0,476.0,0.0,0.0,0.24579831932773108
46.0,3.0,20.0,0.1,0.1,0.4,3.0,878.0,0.0,0.0,0.1378132118451025
46.0,3.0,21.0,0.1,0.1,0.4,3.0,849.0,0.0,0.0,0.13663133097762073
46.0,3.0,22.0,0.1,0.1,0.4,3.0,842.0,0.0,0.0,0.14014251781472684
46.0,3.0,23.0,0.1,0.1,0.4,3.0,795.0,0.0,0.0,0.1421383647798742
46.0,3.0,24.0,0.1,0.1,0.4,3.0,792.0,0.0,0.0,0.14772727272727273
46.0,3.0,25.0,0.1,0.1,0.4,3.0,733.0,0.0,0.0,0.15279672578444747
46.0,3.0,26.0,0.1,0.1,0.4,3.0,739.0,0.0,0.0,0.15290933694181327
46.0,3.0,27.0,0.1,0.1,0.4,3.0,701.0,0.0,0.0,0.15549215406562053
46.0,3.0,28.0,0.1,0.1,0.4,3.0,701.0,0.0,0.0,0.15406562054208273
46.0,3.0,29.0,0.1,0.1,0.4,3.0,682.0,0.0,0.0,0.15542521994134897
46.0,3.0,30.0,0.1,0.1,0.4,3.0,664.0,0.0,0.0,0.15963855421686746
46.0,3.0,31.0,0.1,0.1,0.4,3.0,646.0,0.0,0.0,0.16408668730650156
46.0,3.0,32.0,0.1,0.1,0.4,3.0,609.0,0.0,0.0,0.16420361247947454
46.0,3.0,33.0,0.1,0.1,0.4,3.0,604.0,0.0,0.0,0.16556291390728478
46.0,3.0,34.0,0.1,0.1,0.4,3.0,588.0,0.0,0.0,0.1649659863945578
46.0,3.0,35.0,0.1,0.1,0.4,3.0,591.0,0.0,0.0,0.1692047377326565
46.0,3.0,36.0,0.1,0.1,0.4,3.0,587.0,0.0,0.0,0.1635434412265758
46.0,3.0,37.0,0.1,0.1,0.4,3.0,578.0,0.0,0.0,0.17301038062283736
46.0,3.0,38.0,0.1,0.1,0.4,3.0,576.0,0.0,0.0,0.16666666666666666
46.0,3.0,39.0,0.1,0.1,0.4,3.0,555.0,0.0,0.0,0.17117117117117117
46.0,3.0,40.0,0.1,0.1,0.4,3.0,552.0,0.0,0.0,0.16666666666666666
46.0,3.0,41.0,0.1,0.1,0.4,3.0,553.0,0.0,0.0,0.16817359855334538
46.0,3.0,42.0,0.1,0.1,0.4,3.0,517.0,0.0,0.0,0.1702127659574468
46.0,3.0,43.0,0.1,0.1,0.4,3.0,498.0,0.0,0.0,0.1706827309236948
46.0,3.0,44.0,0.1,0.1,0.4,3.0,493.0,0.0,0.0,0.16835699797160245
46.0,3.0,45.0,0.1,0.1,0.4,3.0,499.0,0.0,0.0,0.22645290581162325
46.0,3.0,46.0,0.1,0.1,0.4,3.0,480.0,0.0,0.0,0.225
46.0,3.0,47.0,0.1,0.1,0.4,3.0,486.0,0.0,0.0,0.22633744855967078
46.0,3.0,48.0,0.1,0.1,0.4,3.0,480.0,0.0,0.0,0.225
46.0,3.0,49.0,0.1,0.1,0.4,3.0,456.0,0.0,0.0,0.2324561403508772
46.0,3.0,50.0,0.1,0.1,0.4,3.0,445.0,0.0,0.0,0.23146067415730337
46.0,3.0,51.0,0.1,0.1,0.4,3.0,447.0,0.0,0.0,0.232662192393736
46.0,3.0,52.0,0.1,0.1,0.4,3.0,438.0,0.0,0.0,0.2328767123287671
46.0,4.0,1.0,0.1,0.1,0.4,3.0,435.0,0.0,0.0,0.22758620689655173
46.0,4.0,2.0,0.1,0.1,0.4,3.0,415.0,0.0,0.0,0.23132530120481928
46.0,4.0,3.0,0.1,0.1,0.4,3.0,423.0,0.0,0.0,0.22695035460992907
46.0,4.0,4.0,0.1,0.1,0.4,3.0,412.0,0.0,0.0,0.22815533980582525
46.0,4.0,5.0,0.1,0.1,0.4,3.0,415.0,0.0,0.0,0.23132530120481928
46.0,4.0,6.0,0.1,0.1,0.4,3.0,406.0,0.0,0.0,0.2315270935960591
46.0,4.0,7.0,0.1,0.1,0.4,3.0,413.0,0.0,0.0,0.23002421307506055
46.0,4.0,8.0,0.1,0.1,0.4,3.0,412.0,0.0,0.0,0.22815533980582525
46.0,4.0,9.0,0.1,0.1,0.4,3.0,407.0,0.0,0.0,0.2334152334152334
46.0,4.0,10.0,0.1,0.1,0.4,3.0,388.0,0.0,0.0,0.23711340206185566
46.0,4.0,11.0,0.1,0.1,0.4,3.0,393.0,0.0,0.0,0.2340966921119593
46.0,4.0,12.0,0.1,0.1,0.4,3.0,388.0,0.0,0.0,0.23711340206185566
46.0,4.0,13.0,0.1,0.1,0.4,3.0,391.0,0.0,0.0,0.23785166240409208
46.0,4.0,14.0,0.1,0.1,0.4,3.0,381.0,0.0,0.0,0.2388451443569554
46.0,4.0,15.0,0.1,0.1,0.4,3.0,389.0,0.0,0.0,0.2365038560411311
46.0,4.0,16.0,0.1,0.1,0.4,3.0,380.0,0.0,0.0,0.2394736842105263
46.0,4.0,17.0,0.1,0.1,0.4,3.0,385.0,0.0,0.0,0.23896103896103896
46.0,4.0,18.0,0.1,0.1,0.4,3.0,376.0,0.0,0.0,0.23670212765957446
46.0,4.0,19.0,0.1,0.1,0.4,3.0,384.0,0.0,0.0,0.234375
46.0,4.0,20.0,0.1,0.1,0.4,3.0,736.0,0.0,0.0,0.11956521739130435
46.0,4.0,21.0,0.1,0.1,0.4,3.0,720.0,0.0,0.0,0.12083333333333333
46.0,4.0,22.0,0.1,0.1,0.4,3.0,678.0,0.0,0.0,0.11946902654867257
46.0,4.0,23.0,0.1,0.1,0.4,3.0,662.0,0.0,0.0,0.12537764350453173
46.0,4.0,24.0,0.1,0.1,0.4,3.0,619.0,0.0,0.0,0.12439418416801293
46.0,4.0,25.0,0.1,0.1,0.4,3.0,606.0,0.0,0.0,0.1254125412541254
46.0,4.0,26.0,0.1,0.1,0.4,3.0,558.0,0.0,0.0,0.12724014336917563
46.0,4.0,27.0,0.1,0.1,0.4,3.0,552.0,0.0,0.0,0.1286231884057971
46.0,4.0,28.0,0.1,0.1,0.4,3.0,537.0,0.0,0.0,0.1266294227188082
46.0,4.0,29.0,0.1,0.1,0.4,3.0,529.0,0.0,0.0,0.12476370510396975
46.0,4.0,30.0,0.1,0.1,0.4,3.0,487.0,0.0,0.0,0.1273100616016427
46.0,4.0,31.0,0.1,0.1,0.4,3.0,492.0,0.0,0.0,0.12398373983739837
46.0,4.0,32.0,0.1,0.1,0.4,3.0,486.0,0.0,0.0,0.12551440329218108
46.0,4.0,33.0,0.1,0.1,0.4,3.0,465.0,0.0,0.0,0.12688172043010754
46.0,4.0,34.0,0.1,0.1,0.4,3.0,459.0,0.0,0.0,0.13071895424836602
46.0,4.0,35.0,0.1,0.1,0.4,3.0,455.0,0.0,0.0,0.12967032967032968
46.0,4.0,36.0,0.1,0.1,0.4,3.0,442.0,0.0,0.0,0.12895927601809956
46.0,4.0,37.0,0.1,0.1,0.4,3.0,434.0,0.0,0.0,0.1336405529953917
46.0,4.0,38.0,0.1,0.1,0.4,3.0,408.0,0.0,0.0,0.13480392156862744
46.0,4.0,39.0,0.1,0.1,0.4,3.0,413.0,0.0,0.0,0.13317191283292978
46.0,4.0,40.0,0.1,0.1,0.4,3.0,397.0,0.0,0.0,0.1309823677581864
46.0,4.0,41.0,0.1,0.1,0.4,3.0,386.0,0.0,0.0,0.13730569948186527
46.0,4.0,42.0,0.1,0.1,0.4,3.0,386.0,0.0,0.0,0.13471502590673576
46.0,4.0,43.0,0.1,0.1,0.4,3.0,392.0,0.0,0.0,0.13520408163265307
46.0,4.0,44.0,0.1,0.1,0.4,3.0,386.0,0.0,0.0,0.13471502590673576
46.0,4.0,45.0,0.1,0.1,0.4,3.0,392.0,0.0,0.0,0.1989795918367347
46.0,4.0,46.0,0.1,0.1,0.4,3.0,383.0,0.0,0.0,0.19321148825065274
46.0,4.0,47.0,0.1,0.1,0.4,3.0,389.0,0.0,0.0,0.19794344473007713
46.0,4.0,48.0,0.1,0.1,0.4,3.0,371.0,0.0,0.0,0.1940700808625337
46.0,4.0,49.0,0.1,0.1,0.4,3.0,374.0,0.0,0.0,0.19786096256684493
46.0,4.0,50.0,0.1,0.1,0.4,3.0,370.0,0.0,0.0,0.1891891891891892
46.0,4.0,51.0,0.1,0.1,0.4,3.0,377.0,0.0,0.0,0.19363395225464192
46.0,4.0,52.0,0.1,0.1,0.4,3.0,362.0,0.0,0.0,0.1878453038674033
46.0,5.0,1.0,0.1,0.1,0.4,3.0,372.0,0.0,0.0,0.1881720430107527
46.0,5.0,2.0,0.1,0.1,0.4,3.0,361.0,0.0,0.0,0.18282548476454294
46.0,5.0,3.0,0.1,0.1,0.4,3.0,370.0,0.0,0.0,0.1891891891891892
46.0,5.0,4.0,0.1,0.1,0.4,3.0,361.0,0.0,0.0,0.18559556786703602
46.0,5.0,5.0,0.1,0.1,0.4,3.0,365.0,0.0,0.0,0.18904109589041096
46.0,5.0,6.0,0.1,0.1,0.4,3.0,359.0,0.0,0.0,0.18662952646239556
46.0,5.0,7.0,0.1,0.1,0.4,3.0,361.0,0.0,0.0,0.1883656509695291
46.0,5.0,8.0,0.1,0.1,0.4,3.0,353.0,0.0,0.0,0.1813031161473088
46.0,5.0,9.0,0.1,0.1,0.4,3.0,359.0,0.0,0.0,0.1894150417827298
46.0,5.0,10.0,0.1,0.1,0.4,3.0,353.0,0.0,0.0,0.1813031161473088
46.0,5.0,11.0,0.1,0.1,0.4,3.0,356.0,0.0,0.0,0.18258426966292135
46.0,5.0,12.0,0.1,0.1,0.4,3.0,347.0,0.0,0.0,0.1786743515850144
46.0,5.0,13.0,0.1,0.1,0.4,3.0,355.0,0.0,0.0,0.18028169014084508
46.0,5.0,14.0,0.1,0.1,0.4,3.0,349.0,0.0,0.0,0.17765042979942694
46.0,5.0,15.0,0.1,0.1,0.4,3.0,353.0,0.0,0.0,0.17847025495750707
46.0,5.0,16.0,0.1,0.1,0.4,3.0,347.0,0.0,0.0,0.1786743515850144
46.0,5.0,17.0,0.1,0.1,0.4,3.0,351.0,0.0,0.0,0.17663817663817663
46.0,5.0,18.0,0.1,0.1,0.4,3.0,351.0,0.0,0.0,0.1794871794871795
46.0,5.0,19.0,0.1,0.1,0.4,3.0,352.0,0.0,0.0,0.17897727272727273
46.0,5.0,20.0,0.1,0.1,0.4,3.0,667.0,0.0,0.0,0.09295352323838081
46.0,5.0,21.0,0.1,0.1,0.4,3.0,632.0,0.0,0.0,0.0949367088607595
46.0,5.0,22.0,0.1,0.1,0.4,3.0,600.0,0.0,0.0,0.09666666666666666
46.0,5.0,23.0,0.1,0.1,0.4,3.0,597.0,0.0,0.0,0.09547738693467336
46.0,5.0,24.0,0.1,0.1,0.4,3.0,573.0,0.0,0.0,0.09773123909249563
46.0,5.0,25.0,0.1,0.1,0.4,3.0,558.0,0.0,0.0,0.0967741935483871
46.0,5.0,26.0,0.1,0.1,0.4,3.0,512.0,0.0,0.0,0.10546875
46.0,5.0,27.0,0.1,0.1,0.4,3.0,484.0,0.0,0.0,0.10950413223140495
46.0,5.0,28.0,0.1,0.1,0.4,3.0,467.0,0.0,0.0,0.10920770877944326
46.0,5.0,29.0,0.1,0.1,0.4,3.0,471.0,0.0,0.0,0.11040339702760085
46.0,5.0,30.0,0.1,0.1,0.4,3.0,445.0,0.0,0.0,0.1101123595505618
46.0,5.0,31.0,0.1,0.1,0.4,3.0,436.0,0.0,0.0,0.11238532110091744
46.0,5.0,32.0,0.1,0.1,0.4,3.0,429.0,0.0,0.0,0.10955710955710955
46.0,5.0,33.0,0.1,0.1,0.4,3.0,425.0,0.0,0.0,0.11529411764705882
46.0,5.0,34.0,0.1,0.1,0.4,3.0,421.0,0.0,0.0,0.11401425178147269
46.0,5.0,35.0,0.1,0.1,0.4,3.0,422.0,0.0,0.0,0.11611374407582939
46.0,5.0,36.0,0.1,0.1,0.4,3.0,417.0,0.0,0.0,0.11270983213429256
46.0,5.0,37.0,0.1,0.1,0.4,3.0,423.0,0.0,0.0,0.11347517730496454
46.0,5.0,38.0,0.1,0.1,0.4,3.0,409.0,0.0,0.0,0.11246943765281174
46.0,5.0,39.0,0.1,0.1,0.4,3.0,412.0,0.0,0.0,0.11407766990291263
46.0,5.0,40.0,0.1,0.1,0.4,3.0,394.0,0.0,0.0,0.1116751269035533
46.0,5.0,41.0,0.1,0.1,0.4,3.0,398.0,0.0,0.0,0.11055276381909548
46.0,5.0,42.0,0.1,0.1,0.4,3.0,387.0,0.0,0.0,0.1111111111111111
46.0,5.0,43.0,0.1,0.1,0.4,3.0,367.0,0.0,0.0,0.11716621253405994
46.0,5.0,44.0,0.1,0.1,0.4,3.0,359.0,0.0,0.0,0.11420612813370473
46.0,5.0,45.0,0.1,0.1,0.4,3.0,363.0,0.0,0.0,0.20110192837465565
46.0,5.0,46.0,0.1,0.1,0.4,3.0,358.0,0.0,0.0,0.19553072625698323
46.0,5.0,47.0,0.1,0.1,0.4,3.0,341.0,0.0,0.0,0.1935483870967742
46.0,5.0,48.0,0.1,0.1,0.4,3.0,342.0,0.0,0.0,0.19005847953216373
46.0,5.0,49.0,0.1,0.1,0.4,3.0,341.0,0.0,0.0,0.19648093841642228
46.0,5.0,50.0,0.1,0.1,0.4,3.0,340.0,0.0,0.0,0.19117647058823528
46.0,5.0,51.0,0.1,0.1,0.4,3.0,332.0,0.0,0.0,0.19879518072289157
46.0,5.0,52.0,0.1,0.1,0.4,3.0,328.0,0.0,0.0,0.19207317073170732
46.0,6.0,1.0,0.1,0.1,0.4,3.0,325.0,0.0,0.0,0.2
46.0,6.0,2.0,0.1,0.1,0.4,3.0,323.0,0.0,0.0,0.19504643962848298
46.0,6.0,3.0,0.1,0.1,0.4,3.0,326.0,0.0,0.0,0.19631901840490798
46.0,6.0,4.0,0.1,0.1,0.4,3.0,327.0,0.0,0.0,0.19571865443425077
46.0,6.0,5.0,0.1,0.1,0.4,3.0,311.0,0.0,0.0,0.19292604501607716
46.0,6.0,6.0,0.1,0.1,0.4,3.0,315.0,0.0,0.0,0.19682539682539682
46.0,6.0,7.0,0.1,0.1,0.4,3.0,311.0,0.0,0.0,0.19292604501607716
46.0,6.0,8.0,0.1,0.1,0.4,3.0,312.0,0.0,0.0,0.1987179487179487
46.0,6.0,9.0,0.1,0.1,0.4,3.0,309.0,0.0,0.0,0.20064724919093851
46.0,6.0,10.0,0.1,0.1,0.4,3.0,314.0,0.0,0.0,0.19745222929936307
46.0,6.0,11.0,0.1,0.1,0.4,3.0,305.0,0.0,0.0,0.20327868852459016
46.0,6.0,12.0,0.1,0.1,0.4,3.0,313.0,0.0,0.0,0.19808306709265175
46.0,6.0,13.0,0.1,0.1,0.4,3.0,307.0,0.0,0.0,0.20195439739413681
46.0,6.0,14.0,0.1,0.1,0.4,3.0,311.0,0.0,0.0,0.19935691318327975
46.0,6.0,15.0,0.1,0.1,0.4,3.0,305.0,0.0,0.0,0.2
46.0,6.0,16.0,0.1,0.1,0.4,3.0,313.0,0.0,0.0,0.19808306709265175
46.0,6.0,17.0,0.1,0.1,0.4,3.0,302.0,0.0,0.0,0.20198675496688742
46.0,6.0,18.0,0.1,0.1,0.4,3.0,308.0,0.0,0.0,0.19480519480519481
46.0,6.0,19.0,0.1,0.1,0.4,3.0,300.0,0.0,0.0,0.2
46.0,6.0,20.0,0.1,0.1,0.4,3.0,622.0,0.0,0.0,0.09807073954983923
46.0,6.0,21.0,0.1,0.1,0.4,3.0,597.0,0.0,0.0,0.09882747068676717
46.0,6.0,22.0,0.1,0.1,0.4,3.0,560.0,0.0,0.0,0.1
46.0,6.0,23.0,0.1,0.1,0.4,3.0,540.0,0.0,0.0,0.1037037037037037
46.0,6.0,24.0,0.1,0.1,0.4,3.0,496.0,0.0,0.0,0.10685483870967742
46.0,6.0,25.0,0.1,0.1,0.4,3.0,484.0,0.0,0.0,0.10743801652892562
46.0,6.0,26.0,0.1,0.1,0.4,3.0,450.0,0.0,0.0,0.11333333333333333
46.0,6.0,27.0,0.1,0.1,0.4,3.0,429.0,0.0,0.0,0.11421911421911422
46.0,6.0,28.0,0.1,0.1,0.4,3.0,421.0,0.0,0.0,0.11401425178147269
46.0,6.0,29.0,0.1,0.1,0.4,3.0,416.0,0.0,0.0,0.11298076923076923
46.0,6.0,30.0,0.1,0.1,0.4,3.0,406.0,0.0,0.0,0.11330049261083744
46.0,6.0,31.0,0.1,0.1,0.4,3.0,394.0,0.0,0.0,0.116751269035533
46.0,6.0,32.0,0.1,0.1,0.4,3.0,387.0,0.0,0.0,0.11886304909560723
46.0,6.0,33.0,0.1,0.1,0.4,3.0,371.0,0.0,0.0,0.11590296495956873
46.0,6.0,34.0,0.1,0.1,0.4,3.0,364.0,0.0,0.0,0.11538461538461539
46.0,6.0,35.0,0.1,0.1,0.4,3.0,360.0,0.0,0.0,0.11666666666666667
46.0,6.0,36.0,0.1,0.1,0.4,3.0,359.0,0.0,0.0,0.116991643454039
46.0,6.0,37.0,0.1,0.1,0.4,3.0,359.0,0.0,0.0,0.116991643454039
46.0,6.0,38.0,0.1,0.1,0.4,3.0,353.0,0.0,0.0,0.11331444759206799
46.0,6.0,39.0,0.1,0.1,0.4,3.0,346.0,0.0,0.0,0.11560693641618497
46.0,6.0,40.0,0.1,0.1,0.4,3.0,350.0,0.0,0.0,0.11428571428571428
46.0,6.0,41.0,0.1,0.1,0.4,3.0,335.0,0.0,0.0,0.11343283582089553
46.0,6.0,42.0,0.1,0.1,0.4,3.0,339.0,0.0,0.0,0.11209439528023599
46.0,6.0,43.0,0.1,0.1,0.4,3.0,326.0,0.0,0.0,0.11349693251533742
46.0,6.0,44.0,0.1,0.1,0.4,3.0,339.0,0.0,0.0,0.11209439528023599
46.0,6.0,45.0,0.1,0.1,0.4,3.0,334.0,0.0,0.0,0.18562874251497005
46.0,6.0,46.0,0.1,0.1,0.4,3.0,335.0,0.0,0.0,0.18507462686567164
46.0,6.0,47.0,0.1,0.1,0.4,3.0,335.0,0.0,0.0,0.18507462686567164
46.0,6.0,48.0,0.1,0.1,0.4,3.0,324.0,0.0,0.0,0.18518518518518517
46.0,6.0,49.0,0.1,0.1,0.4,3.0,326.0,0.0,0.0,0.18404907975460122
46.0,6.0,50.0,0.1,0.1,0.4,3.0,325.0,0.0,0.0,0.18461538461538463
46.0,6.0,51.0,0.1,0.1,0.4,3.0,327.0,0.0,0.0,0.18654434250764526
46.0,6.0,52.0,0.1,0.1,0.4,3.0,325.0,0.0,0.0,0.18461538461538463
46.0,7.0,1.0,0.1,0.1,0.4,3.0,323.0,0.0,0.0,0.18575851393188855
46.0,7.0,2.0,0.1,0.1,0.4,3.0,324.0,0.0,0.0,0.18518518518518517
46.0,7.0,3.0,0.1,0.1,0.4,3.0,320.0,0.0,0.0,0.1875
46.0,7.0,4.0,0.1,0.1,0.4,3.0,322.0,0.0,0.0,0.18633540372670807
46.0,7.0,5.0,0.1,0.1,0.4,3.0,322.0,0.0,0.0,0.18944099378881987
46.0,7.0,6.0,0.1,0.1,0.4,3.0,321.0,0.0,0.0,0.19003115264797507
46.0,7.0,7.0,0.1,0.1,0.4,3.0,318.0,0.0,0.0,0.18553459119496854
46.0,7.0,8.0,0.1,0.1,0.4,3.0,321.0,0.0,0.0,0.19003115264797507
46.0,7.0,9.0,0.1,0.1,0.4,3.0,318.0,0.0,0.0,0.18867924528301888
46.0,7.0,10.0,0.1,0.1,0.4,3.0,319.0,0.0,0.0,0.18495297805642633
46.0,7.0,11.0,0.1,0.1,0.4,3.0,321.0,0.0,0.0,0.19003115264797507
46.0,7.0,12.0,0.1,0.1,0.4,3.0,320.0,0.0,0.0,0.1875
46.0,7.0,13.0,0.1,0.1,0.4,3.0,321.0,0.0,0.0,0.18691588785046728
46.0,7.0,14.0,0.1,0.1,0.4,3.0,316.0,0.0,0.0,0.18670886075949367
46.0,7.0,15.0,0.1,0.1,0.4,3.0,318.0,0.0,0.0,0.18553459119496854
46.0,7.0,16.0,0.1,0.1,0.4,3.0,314.0,0.0,0.0,0.18789808917197454
46.0,7.0,17.0,0.1,0.1,0.4,3.0,318.0,0.0,0.0,0.18867924528301888
46.0,7.0,18.0,0.1,0.1,0.4,3.0,308.0,0.0,0.0,0.18506493506493507
46.0,7.0,19.0,0.1,0.1,0.4,3.0,309.0,0.0,0.0,0.18122977346278318
46.0,7.0,20.0,0.1,0.1,0.4,3.0,529.0,0.0,0.0,0.10396975425330812
46.0,7.0,21.0,0.1,0.1,0.4,3.0,518.0,0.0,0.0,0.10810810810810811
46.0,7.0,22.0,0.1,0.1,0.4,3.0,520.0,0.0,0.0,0.1076923076923077
46.0,7.0,23.0,0.1,0.1,0.4,3.0,505.0,0.0,0.0,0.10891089108910891
46.0,7.0,24.0,0.1,0.1,0.4,3.0,511.0,0.0,0.0,0.1095890410958904
46.0,7.0,25.0,0.1,0.1,0.4,3.0,487.0,0.0,0.0,0.11088295687885011
46.0,7.0,26.0,0.1,0.1,0.4,3.0,455.0,0.0,0.0,0.11648351648351649
46.0,7.0,27.0,0.1,0.1,0.4,3.0,448.0,0.0,0.0,0.11830357142857142
46.0,7.0,28.0,0.1,0.1,0.4,3.0,441.0,0.0,0.0,0.11564625850340136
46.0,7.0,29.0,0.1,0.1,0.4,3.0,415.0,0.0,0.0,0.11325301204819277
46.0,7.0,30.0,0.1,0.1,0.4,3.0,423.0,0.0,0.0,0.11583924349881797
46.0,7.0,31.0,0.1,0.1,0.4,3.0,399.0,0.0,0.0,0.12030075187969924
46.0,7.0,32.0,0.1,0.1,0.4,3.0,404.0,0.0,0.0,0.11633663366336634
46.0,7.0,33.0,0.1,0.1,0.4,3.0,387.0,0.0,0.0,0.11627906976744186
46.0,7.0,34.0,0.1,0.1,0.4,3.0,375.0,0.0,0.0,0.11466666666666667
46.0,7.0,35.0,0.1,0.1,0.4,3.0,358.0,0.0,0.0,0.12011173184357542
46.0,7.0,36.0,0.1,0.1,0.4,3.0,368.0,0.0,0.0,0.11684782608695653
46.0,7.0,37.0,0.1,0.1,0.4,3.0,344.0,0.0,0.0,0.11918604651162791
46.0,7.0,38.0,0.1,0.1,0.4,3.0,359.0,0.0,0.0,0.11977715877437325
46.0,7.0,39.0,0.1,0.1,0.4,3.0,345.0,0.0,0.0,0.11884057971014493
46.0,7.0,40.0,0.1,0.1,0.4,3.0,357.0,0.0,0.0,0.11764705882352941
46.0,7.0,41.0,0.1,0.1,0.4,3.0,350.0,0.0,0.0,0.12
46.0,7.0,42.0,0.1,0.1,0.4,3.0,354.0,0.0,0.0,0.11864406779661017
46.0,7.0,43.0,0.1,0.1,0.4,3.0,350.0,0.0,0.0,0.12
46.0,7.0,44.0,0.1,0.1,0.4,3.0,342.0,0.0,0.0,0.11988304093567251
46.0,7.0,45.0,0.1,0.1,0.4,3.0,345.0,0.0,0.0,0.2
46.0,7.0,46.0,0.1,0.1,0.4,3.0,337.0,0.0,0.0,0.20178041543026706
46.0,7.0,47.0,0.1,0.1,0.4,3.0,327.0,0.0,0.0,0.20489296636085627
46.0,7.0,48.0,0.1,0.1,0.4,3.0,325.0,0.0,0.0,0.20307692307692307
46.0,7.0,49.0,0.1,0.1,0.4,3.0,324.0,0.0,0.0,0.20679012345679013
46.0,7.0,50.0,0.1,0.1,0.4,3.0,324.0,0.0,0.0,0.20679012345679013
46.0,7.0,51.0,0.1,0.1,0.4,3.0,322.0,0.0,0.0,0.20496894409937888
46.0,7.0,52.0,0.1,0.1,0.4,3.0,314.0,0.0,0.0,0.21019108280254778
46.0,8.0,1.0,0.1,0.1,0.4,3.0,315.0,0.0,0.0,0.2126984126984127
46.0,8.0,2.0,0.1,0.1,0.4,3.0,317.0,0.0,0.0,0.20189274447949526
46.0,8.0,3.0,0.1,0.1,0.4,3.0,317.0,0.0,0.0,0.2082018927444795
46.0,8.0,4.0,0.1,0.1,0.4,3.0,320.0,0.0,0.0,0.203125
46.0,8.0,5.0,0.1,0.1,0.4,3.0,317.0,0.0,0.0,0.20504731861198738
46.0,8.0,6.0,0.1,0.1,0.4,3.0,316.0,0.0,0.0,0.20569620253164558
46.0,8.0,7.0,0.1,0.1,0.4,3.0,315.0,0.0,0.0,0.20952380952380953
46.0,8.0,8.0,0.1,0.1,0.4,3.0,314.0,0.0,0.0,0.2070063694267516
46.0,8.0,9.0,0.1,0.1,0.4,3.0,312.0,0.0,0.0,0.21153846153846154
46.0,8.0,10.0,0.1,0.1,0.4,3.0,315.0,0.0,0.0,0.20634920634920634
46.0,8.0,11.0,0.1,0.1,0.4,3.0,312.0,0.0,0.0,0.21153846153846154
46.0,8.0,12.0,0.1,0.1,0.4,3.0,315.0,0.0,0.0,0.20634920634920634
46.0,8.0,13.0,0.1,0.1,0.4,3.0,311.0,0.0,0.0,0.21221864951768488
46.0,8.0,14.0,0.1,0.1,0.4,3.0,315.0,0.0,0.0,0.20634920634920634
46.0,8.0,15.0,0.1,0.1,0.4,3.0,310.0,0.0,0.0,0.20967741935483872
46.0,8.0,16.0,0.1,0.1,0.4,3.0,315.0,0.0,0.0,0.20634920634920634
46.0,8.0,17.0,0.1,0.1,0.4,3.0,311.0,0.0,0.0,0.21221864951768488
46.0,8.0,18.0,0.1,0.1,0.4,3.0,311.0,0.0,0.0,0.2057877813504823
46.0,8.0,19.0,0.1,0.1,0.4,3.0,312.0,0.0,0.0,0.20833333333333334
46.0,8.0,20.0,0.1,0.1,0.4,3.0,627.0,0.0,0.0,0.10366826156299841
46.0,8.0,21.0,0.1,0.1,0.4,3.0,568.0,0.0,0.0,0.11443661971830986
46.0,8.0,22.0,0.1,0.1,0.4,3.0,542.0,0.0,0.0,0.11254612546125461
46.0,8.0,23.0,0.1,0.1,0.4,3.0,527.0,0.0,0.0,0.11764705882352941
46.0,8.0,24.0,0.1,0.1,0.4,3.0,478.0,0.0,0.0,0.1192468619246862
46.0,8.0,25.0,0.1,0.1,0.4,3.0,471.0,0.0,0.0,0.12314225053078556
46.0,8.0,26.0,0.1,0.1,0.4,3.0,458.0,0.0,0.0,0.12445414847161572
46.0,8.0,27.0,0.1,0.1,0.4,3.0,429.0,0.0,0.0,0.13053613053613053
46.0,8.0,28.0,0.1,0.1,0.4,3.0,407.0,0.0,0.0,0.13513513513513514
46.0,8.0,29.0,0.1,0.1,0.4,3.0,413.0,0.0,0.0,0.13559322033898305
46.0,8.0,30.0,0.1,0.1,0.4,3.0,390.0,0.0,0.0,0.1358974358974359
46.0,8.0,31.0,0.1,0.1,0.4,3.0,363.0,0.0,0.0,0.14049586776859505
46.0,8.0,32.0,0.1,0.1,0.4,3.0,342.0,0.0,0.0,0.14327485380116958
46.0,8.0,33.0,0.1,0.1,0.4,3.0,357.0,0.0,0.0,0.14565826330532214
46.0,8.0,34.0,0.1,0.1,0.4,3.0,343.0,0.0,0.0,0.14285714285714285
46.0,8.0,35.0,0.1,0.1,0.4,3.0,342.0,0.0,0.0,0.14619883040935672
46.0,8.0,36.0,0.1,0.1,0.4,3.0,329.0,0.0,0.0,0.1458966565349544
46.0,8.0,37.0,0.1,0.1,0.4,3.0,322.0,0.0,0.0,0.15217391304347827
46.0,8.0,38.0,0.1,0.1,0.4,3.0,297.0,0.0,0.0,0.15824915824915825
46.0,8.0,39.0,0.1,0.1,0.4,3.0,306.0,0.0,0.0,0.1568627450980392
46.0,8.0,40.0,0.1,0.1,0.4,3.0,295.0,0.0,0.0,0.15932203389830507
46.0,8.0,41.0,0.1,0.1,0.4,3.0,305.0,0.0,0.0,0.1540983606557377
46.0,8.0,42.0,0.1,0.1,0.4,3.0,294.0,0.0,0.0,0.1564625850340136
46.0,8.0,43.0,0.1,0.1,0.4,3.0,303.0,0.0,0.0,0.15181518151815182
46.0,8.0,44.0,0.1,0.1,0.4,3.0,280.0,0.0,0.0,0.15357142857142858
46.0,8.0,45.0,0.1,0.1,0.4,3.0,293.0,0.0,0.0,0.21843003412969283
46.0,8.0,46.0,0.1,0.1,0.4,3.0,271.0,0.0,0.0,0.22140221402214022
46.0,8.0,47.0,0.1,0.1,0.4,3.0,279.0,0.0,0.0,0.21863799283154123
46.0,8.0,48.0,0.1,0.1,0.4,3.0,261.0,0.0,0.0,0.2260536398467433
46.0,8.0,49.0,0.1,0.1,0.4,3.0,264.0,0.0,0.0,0.22727272727272727
46.0,8.0,50.0,0.1,0.1,0.4,3.0,260.0,0.0,0.0,0.2230769230769231
46.0,8.0,51.0,0.1,0.1,0.4,3.0,264.0,0.0,0.0,0.22348484848484848
46.0,8.0,52.0,0.1,0.1,0.4,3.0,255.0,0.0,0.0,0.23137254901960785
46.0,9.0,1.0,0.1,0.1,0.4,3.0,260.0,0.0,0.0,0.23076923076923078
46.0,9.0,2.0,0.1,0.1,0.4,3.0,244.0,0.0,0.0,0.23770491803278687
46.0,9.0,3.0,0.1,0.1,0.4,3.0,247.0,0.0,0.0,0.2388663967611336
46.0,9.0,4.0,0.1,0.1,0.4,3.0,242.0,0.0,0.0,0.2396694214876033
46.0,9.0,5.0,0.1,0.1,0.4,3.0,248.0,0.0,0.0,0.23790322580645162
46.0,9.0,6.0,0.1,0.1,0.4,3.0,238.0,0.0,0.0,0.23949579831932774
46.0,9.0,7.0,0.1,0.1,0.4,3.0,239.0,0.0,0.0,0.24686192468619247
46.0,9.0,8.0,0.1,0.1,0.4,3.0,229.0,0.0,0.0,0.24890829694323144
46.0,9.0,9.0,0.1,0.1,0.4,3.0,236.0,0.0,0.0,0.24152542372881355
46.0,9.0,10.0,0.1,0.1,0.4,3.0,227.0,0.0,0.0,0.2511013215859031
46.0,9.0,11.0,0.1,0.1,0.4,3.0,236.0,0.0,0.0,0.25
46.0,9.0,12.0,0.1,0.1,0.4,3.0,225.0,0.0,0.0,0.24444444444444444
46.0,9.0,13.0,0.1,0.1,0.4,3.0,235.0,0.0,0.0,0.251063829787234
46.0,9.0,14.0,0.1,0.1,0.4,3.0,227.0,0.0,0.0,0.2511013215859031
46.0,9.0,15.0,0.1,0.1,0.4,3.0,233.0,0.0,0.0,0.2532188841201717
46.0,9.0,16.0,0.1,0.1,0.4,3.0,223.0,0.0,0.0,0.2556053811659193
46.0,9.0,17.0,0.1,0.1,0.4,3.0,230.0,0.0,0.0,0.2565217391304348
46.0,9.0,18.0,0.1,0.1,0.4,3.0,222.0,0.0,0.0,0.25675675675675674
46.0,9.0,19.0,0.1,0.1,0.4,3.0,231.0,0.0,0.0,0.2554112554112554
46.0,9.0,20.0,0.1,0.1,0.4,3.0,358.0,0.0,0.0,0.13966480446927373
46.0,9.0,21.0,0.1,0.1,0.4,3.0,378.0,0.0,0.0,0.1349206349206349
46.0,9.0,22.0,0.1,0.1,0.4,3.0,346.0,0.0,0.0,0.13872832369942195
46.0,9.0,23.0,0.1,0.1,0.4,3.0,348.0,0.0,0.0,0.14080459770114942
46.0,9.0,24.0,0.1,0.1,0.4,3.0,325.0,0.0,0.0,0.14461538461538462
46.0,9.0,25.0,0.1,0.1,0.4,3.0,336.0,0.0,0.0,0.14583333333333334
46.0,9.0,26.0,0.1,0.1,0.4,3.0,324.0,0.0,0.0,0.1419753086419753
46.0,9.0,27.0,0.1,0.1,0.4,3.0,339.0,0.0,0.0,0.14454277286135694
46.0,9.0,28.0,0.1,0.1,0.4,3.0,318.0,0.0,0.0,0.14465408805031446
46.0,9.0,29.0,0.1,0.1,0.4,3.0,339.0,0.0,0.0,0.14454277286135694
46.0,9.0,30.0,0.1,0.1,0.4,3.0,321.0,0.0,0.0,0.14330218068535824
46.0,9.0,31.0,0.1,0.1,0.4,3.0,320.0,0.0,0.0,0.146875
46.0,9.0,32.0,0.1,0.1,0.4,3.0,304.0,0.0,0.0,0.1513157894736842
46.0,9.0,33.0,0.1,0.1,0.4,3.0,312.0,0.0,0.0,0.15384615384615385
46.0,9.0,34.0,0.1,0.1,0.4,3.0,294.0,0.0,0.0,0.1564625850340136
46.0,9.0,35.0,0.1,0.1,0.4,3.0,313.0,0.0,0.0,0.15335463258785942
46.0,9.0,36.0,0.1,0.1,0.4,3.0,294.0,0.0,0.0,0.15306122448979592
46.0,9.0,37.0,0.1,0.1,0.4,3.0,294.0,0.0,0.0,0.1564625850340136
46.0,9.0,38.0,0.1,0.1,0.4,3.0,282.0,0.0,0.0,0.15602836879432624
46.0,9.0,39.0,0.1,0.1,0.4,3.0,283.0,0.0,0.0,0.15901060070671377
46.0,9.0,40.0,0.1,0.1,0.4,3.0,274.0,0.0,0.0,0.15693430656934307
46.0,9.0,41.0,0.1,0.1,0.4,3.0,281.0,0.0,0.0,0.1601423487544484
46.0,9.0,42.0,0.1,0.1,0.4,3.0,280.0,0.0,0.0,0.15714285714285714
46.0,9.0,43.0,0.1,0.1,0.4,3.0,280.0,0.0,0.0,0.16071428571428573
46.0,9.0,44.0,0.1,0.1,0.4,3.0,276.0,0.0,0.0,0.15579710144927536
46.0,9.0,45.0,0.1,0.1,0.4,3.0,278.0,0.0,0.0,0.24820143884892087
46.0,9.0,46.0,0.1,0.1,0.4,3.0,273.0,0.0,0.0,0.24175824175824176
46.0,9.0,47.0,0.1,0.1,0.4,3.0,270.0,0.0,0.0,0.24814814814814815
46.0,9.0,48.0,0.1,0.1,0.4,3.0,263.0,0.0,0.0,0.24334600760456274
46.0,9.0,49.0,0.1,0.1,0.4,3.0,270.0,0.0,0.0,0.24814814814814815
46.0,9.0,50.0,0.1,0.1,0.4,3.0,268.0,0.0,0.0,0.2462686567164179
46.0,9.0,51.0,0.1,0.1,0.4,3.0,267.0,0.0,0.0,0.24344569288389514
46.0,9.0,52.0,0.1,0.1,0.4,3.0,270.0,0.0,0.0,0.24444444444444444
46.0,10.0,1.0,0.1,0.1,0.4,3.0,268.0,0.0,0.0,0.25
46.0,10.0,2.0,0.1,0.1,0.4,3.0,265.0,0.0,0.0,0.24528301886792453
46.0,10.0,3.0,0.1,0.1,0.4,3.0,269.0,0.0,0.0,0.24907063197026022
46.0,10.0,4.0,0.1,0.1,0.4,3.0,264.0,0.0,0.0,0.24242424242424243
46.0,10.0,5.0,0.1,0.1,0.4,3.0,267.0,0.0,0.0,0.250936329588015
46.0,10.0,6.0,0.1,0.1,0.4,3.0,262.0,0.0,0.0,0.24045801526717558
46.0,10.0,7.0,0.1,0.1,0.4,3.0,262.0,0.0,0.0,0.25190839694656486
46.0,10.0,8.0,0.1,0.1,0.4,3.0,257.0,0.0,0.0,0.245136186770428
46.0,10.0,9.0,0.1,0.1,0.4,3.0,261.0,0.0,0.0,0.2567049808429119
46.0,10.0,10.0,0.1,0.1,0.4,3.0,256.0,0.0,0.0,0.25
46.0,10.0,11.0,0.1,0.1,0.4,3.0,259.0,0.0,0.0,0.2548262548262548
46.0,10.0,12.0,0.1,0.1,0.4,3.0,258.0,0.0,0.0,0.25193798449612403
46.0,10.0,13.0,0.1,0.1,0.4,3.0,258.0,0.0,0.0,0.25193798449612403
46.0,10.0,14.0,0.1,0.1,0.4,3.0,247.0,0.0,0.0,0.2550607287449393
46.0,10.0,15.0,0.1,0.1,0.4,3.0,251.0,0.0,0.0,0.26294820717131473
46.0,10.0,16.0,0.1,0.1,0.4,3.0,247.0,0.0,0.0,0.2591093117408907
46.0,10.0,17.0,0.1,0.1,0.4,3.0,251.0,0.0,0.0,0.2589641434262948
46.0,10.0,18.0,0.1,0.1,0.4,3.0,247.0,0.0,0.0,0.2591093117408907
46.0,10.0,19.0,0.1,0.1,0.4,3.0,251.0,0.0,0.0,0.26294820717131473
46.0,10.0,20.0,0.1,0.1,0.4,3.0,413.0,0.0,0.0,0.14043583535108958
46.0,10.0,21.0,0.1,0.1,0.4,3.0,404.0,0.0,0.0,0.1485148514851485
46.0,10.0,22.0,0.1,0.1,0.4,3.0,395.0,0.0,0.0,0.14177215189873418
46.0,10.0,23.0,0.1,0.1,0.4,3.0,395.0,0.0,0.0,0.1518987341772152
46.0,10.0,24.0,0.1,0.1,0.4,3.0,373.0,0.0,0.0,0.15013404825737264
46.0,10.0,25.0,0.1,0.1,0.4,3.0,379.0,0.0,0.0,0.15303430079155672
46.0,10.0,26.0,0.1,0.1,0.4,3.0,369.0,0.0,0.0,0.14905149051490515
46.0,10.0,27.0,0.1,0.1,0.4,3.0,370.0,0.0,0.0,0.15405405405405406
46.0,10.0,28.0,0.1,0.1,0.4,3.0,361.0,0.0,0.0,0.1523545706371191
46.0,10.0,29.0,0.1,0.1,0.4,3.0,368.0,0.0,0.0,0.15489130434782608
46.0,10.0,30.0,0.1,0.1,0.4,3.0,355.0,0.0,0.0,0.14929577464788732
46.0,10.0,31.0,0.1,0.1,0.4,3.0,359.0,0.0,0.0,0.1615598885793872
46.0,10.0,32.0,0.1,0.1,0.4,3.0,351.0,0.0,0.0,0.15384615384615385
46.0,10.0,33.0,0.1,0.1,0.4,3.0,353.0,0.0,0.0,0.16147308781869688
46.0,10.0,34.0,0.1,0.1,0.4,3.0,336.0,0.0,0.0,0.15178571428571427
46.0,10.0,35.0,0.1,0.1,0.4,3.0,314.0,0.0,0.0,0.16560509554140126
46.0,10.0,36.0,0.1,0.1,0.4,3.0,308.0,0.0,0.0,0.1590909090909091
46.0,10.0,37.0,0.1,0.1,0.4,3.0,314.0,0.0,0.0,0.1624203821656051
46.0,10.0,38.0,0.1,0.1,0.4,3.0,295.0,0.0,0.0,0.16271186440677965
46.0,10.0,39.0,0.1,0.1,0.4,3.0,293.0,0.0,0.0,0.17064846416382254
46.0,10.0,40.0,0.1,0.1,0.4,3.0,285.0,0.0,0.0,0.16842105263157894
46.0,10.0,41.0,0.1,0.1,0.4,3.0,290.0,0.0,0.0,0.16896551724137931
46.0,10.0,42.0,0.1,0.1,0.4,3.0,283.0,0.0,0.0,0.16607773851590105
46.0,10.0,43.0,0.1,0.1,0.4,3.0,288.0,0.0,0.0,0.1701388888888889
46.0,10.0,44.0,0.1,0.1,0.4,3.0,274.0,0.0,0.0,0.17153284671532848
46.0,10.0,45.0,0.1,0.1,0.4,3.0,281.0,0.0,0.0,0.21708185053380782
46.0,10.0,46.0,0.1,0.1,0.4,3.0,274.0,0.0,0.0,0.21532846715328466
46.0,10.0,47.0,0.1,0.1,0.4,3.0,273.0,0.0,0.0,0.2271062271062271
46.0,10.0,48.0,0.1,0.1,0.4,3.0,262.0,0.0,0.0,0.22137404580152673
46.0,10.0,49.0,0.1,0.1,0.4,3.0,275.0,0.0,0.0,0.22545454545454546
46.0,10.0,50.0,0.1,0.1,0.4,3.0,267.0,0.0,0.0,0.2209737827715356
46.0,10.0,51.0,0.1,0.1,0.4,3.0,275.0,0.0,0.0,0.22545454545454546
46.0,10.0,52.0,0.1,0.1,0.4,3.0,267.0,0.0,0.0,0.21722846441947566
47.0,1.0,1.0,0.1,0.1,0.4,3.0,5095.0,50.0,8.0,0.10402355250245339
47.0,1.0,2.0,0.1,0.1,0.4,3.0,5009.0,50.0,17.0,0.10541026152924736
47.0,1.0,3.0,0.1,0.1,0.4,3.0,4900.0,65.0,26.0,0.10653061224489796
47.0,1.0,4.0,0.1,0.1,0.4,3.0,4758.0,73.0,25.0,0.10655737704918032
47.0,1.0,5.0,0.1,0.1,0.4,3.0,4707.0,88.0,32.0,0.10686212024644147
47.0,1.0,6.0,0.1,0.1,0.4,3.0,4520.0,110.0,37.0,0.10530973451327434
47.0,1.0,7.0,0.1,0.1,0.4,3.0,4295.0,127.0,45.0,0.10523864959254947
47.0,1.0,8.0,0.1,0.1,0.4,3.0,4009.0,138.0,57.0,0.10401596408081816
47.0,1.0,9.0,0.1,0.1,0.4,3.0,3810.0,151.0,57.0,0.1036745406824147
47.0,1.0,10.0,0.1,0.1,0.4,3.0,3630.0,188.0,73.0,0.10413223140495868
47.0,1.0,11.0,0.1,0.1,0.4,3.0,3463.0,178.0,64.0,0.10597747617672539
47.0,1.0,12.0,0.1,0.1,0.4,3.0,3301.0,195.0,80.0,0.10421084519842472
47.0,1.0,13.0,0.1,0.1,0.4,3.0,3194.0,200.0,78.0,0.1023794614902943
47.0,1.0,14.0,0.1,0.1,0.4,3.0,3086.0,209.0,97.0,0.10304601425793908
47.0,1.0,15.0,0.1,0.1,0.4,3.0,2965.0,189.0,85.0,0.10489038785834738
47.0,1.0,16.0,0.1,0.1,0.4,3.0,2844.0,183.0,96.0,0.1079465541490858
47.0,1.0,17.0,0.1,0.1,0.4,3.0,2719.0,178.0,86.0,0.10812798823096727
47.0,1.0,18.0,0.1,0.1,0.4,3.0,2636.0,173.0,91.0,0.10887708649468893
47.0,1.0,19.0,0.1,0.1,0.4,3.0,2587.0,154.0,86.0,0.1093931194433707
47.0,1.0,20.0,0.1,0.1,0.4,3.0,6877.0,162.0,93.0,0.04071542823905773
47.0,1.0,21.0,0.1,0.1,0.4,3.0,6148.0,214.0,74.0,0.04212752114508783
47.0,1.0,22.0,0.1,0.1,0.4,3.0,5597.0,217.0,77.0,0.042344112917634444
47.0,1.0,23.0,0.1,0.1,0.4,3.0,5032.0,221.0,82.0,0.04511128775834658
47.0,1.0,24.0,0.1,0.1,0.4,3.0,4542.0,224.0,94.0,0.04711580801409071
47.0,1.0,25.0,0.1,0.1,0.4,3.0,4288.0,234.0,93.0,0.04734141791044776
47.0,1.0,26.0,0.1,0.1,0.4,3.0,3845.0,247.0,100.0,0.049674902470741224
47.0,1.0,27.0,0.1,0.1,0.4,3.0,3512.0,265.0,95.0,0.05239179954441914
47.0,1.0,28.0,0.1,0.1,0.4,3.0,3200.0,281.0,124.0,0.0546875
47.0,1.0,29.0,0.1,0.1,0.4,3.0,2992.0,264.0,124.0,0.05548128342245989
47.0,1.0,30.0,0.1,0.1,0.4,3.0,2883.0,299.0,140.0,0.05757891085674644
47.0,1.0,31.0,0.1,0.1,0.4,3.0,2698.0,283.0,131.0,0.060044477390659746
47.0,1.0,32.0,0.1,0.1,0.4,3.0,2528.0,281.0,125.0,0.06289556962025317
47.0,1.0,33.0,0.1,0.1,0.4,3.0,2420.0,279.0,121.0,0.06322314049586777
47.0,1.0,34.0,0.1,0.1,0.4,3.0,2290.0,272.0,134.0,0.06550218340611354
47.0,1.0,35.0,0.1,0.1,0.4,3.0,2169.0,260.0,128.0,0.06915629322268327
47.0,1.0,36.0,0.1,0.1,0.4,3.0,2027.0,252.0,119.0,0.07005426739023186
47.0,1.0,37.0,0.1,0.1,0.4,3.0,1889.0,233.0,111.0,0.07517204870301747
47.0,1.0,38.0,0.1,0.1,0.4,3.0,1764.0,210.0,107.0,0.0782312925170068
47.0,1.0,39.0,0.1,0.1,0.4,3.0,1647.0,213.0,97.0,0.08075288403157256
47.0,1.0,40.0,0.1,0.1,0.4,3.0,1577.0,203.0,94.0,0.08433734939759036
47.0,1.0,41.0,0.1,0.1,0.4,3.0,1432.0,164.0,76.0,0.0893854748603352
47.0,1.0,42.0,0.1,0.1,0.4,3.0,1366.0,162.0,100.0,0.095900439238653
47.0,1.0,43.0,0.1,0.1,0.4,3.0,1285.0,153.0,89.0,0.09727626459143969
47.0,1.0,44.0,0.1,0.1,0.4,3.0,1212.0,145.0,74.0,0.10478547854785479
47.0,1.0,45.0,0.1,0.1,0.4,3.0,1171.0,122.0,52.0,0.17591801878736124
47.0,1.0,46.0,0.1,0.1,0.4,3.0,1076.0,107.0,50.0,0.1812267657992565
47.0,1.0,47.0,0.1,0.1,0.4,3.0,1047.0,105.0,56.0,0.18051575931232092
47.0,1.0,48.0,0.1,0.1,0.4,3.0,1002.0,95.0,51.0,0.18662674650698602
47.0,1.0,49.0,0.1,0.1,0.4,3.0,964.0,78.0,40.0,0.18360995850622408
47.0,1.0,50.0,0.1,0.1,0.4,3.0,930.0,77.0,44.0,0.19032258064516128
47.0,1.0,51.0,0.1,0.1,0.4,3.0,911.0,79.0,36.0,0.19099890230515917
47.0,1.0,52.0,0.1,0.1,0.4,3.0,879.0,76.0,37.0,0.19795221843003413
47.0,2.0,1.0,0.1,0.1,0.4,3.0,861.0,68.0,29.0,0.19628339140534262
47.0,2.0,2.0,0.1,0.1,0.4,3.0,848.0,79.0,42.0,0.20047169811320756
47.0,2.0,3.0,0.1,0.1,0.4,3.0,831.0,76.0,37.0,0.19975932611311673
47.0,2.0,4.0,0.1,0.1,0.4,3.0,817.0,75.0,41.0,0.200734394124847
47.0,2.0,5.0,0.1,0.1,0.4,3.0,797.0,66.0,38.0,0.20326223337515684
47.0,2.0,6.0,0.1,0.1,0.4,3.0,779.0,66.0,42.0,0.20667522464698332
47.0,2.0,7.0,0.1,0.1,0.4,3.0,767.0,58.0,35.0,0.20860495436766624
47.0,2.0,8.0,0.1,0.1,0.4,3.0,740.0,50.0,29.0,0.21351351351351353
47.0,2.0,9.0,0.1,0.1,0.4,3.0,723.0,38.0,23.0,0.2157676348547718
47.0,2.0,10.0,0.1,0.1,0.4,3.0,712.0,35.0,20.0,0.21910112359550563
47.0,2.0,11.0,0.1,0.1,0.4,3.0,705.0,26.0,18.0,0.2198581560283688
47.0,2.0,12.0,0.1,0.1,0.4,3.0,683.0,24.0,11.0,0.2240117130307467
47.0,2.0,13.0,0.1,0.1,0.4,3.0,678.0,22.0,11.0,0.22123893805309736
47.0,2.0,14.0,0.1,0.1,0.4,3.0,657.0,18.0,10.0,0.2267884322678843
47.0,2.0,15.0,0.1,0.1,0.4,3.0,656.0,18.0,10.0,0.22560975609756098
47.0,2.0,16.0,0.1,0.1,0.4,3.0,640.0,17.0,10.0,0.23125
47.0,2.0,17.0,0.1,0.1,0.4,3.0,626.0,15.0,8.0,0.22523961661341854
47.0,2.0,18.0,0.1,0.1,0.4,3.0,614.0,13.0,10.0,0.2280130293159609
47.0,2.0,19.0,0.1,0.1,0.4,3.0,611.0,9.0,8.0,0.22585924713584288
47.0,2.0,20.0,0.1,0.1,0.4,3.0,1114.0,8.0,6.0,0.12477558348294435
47.0,2.0,21.0,0.1,0.1,0.4,3.0,1047.0,7.0,4.0,0.1279847182425979
47.0,2.0,22.0,0.1,0.1,0.4,3.0,997.0,5.0,2.0,0.13139418254764293
47.0,2.0,23.0,0.1,0.1,0.4,3.0,944.0,4.0,2.0,0.13347457627118645
47.0,2.0,24.0,0.1,0.1,0.4,3.0,932.0,2.0,1.0,0.13412017167381973
47.0,2.0,25.0,0.1,0.1,0.4,3.0,901.0,4.0,1.0,0.13429522752497225
47.0,2.0,26.0,0.1,0.1,0.4,3.0,891.0,4.0,1.0,0.13468013468013468
47.0,2.0,27.0,0.1,0.1,0.4,3.0,846.0,4.0,1.0,0.13711583924349882
47.0,2.0,28.0,0.1,0.1,0.4,3.0,827.0,4.0,1.0,0.13905683192261184
47.0,2.0,29.0,0.1,0.1,0.4,3.0,831.0,4.0,1.0,0.13838748495788206
47.0,2.0,30.0,0.1,0.1,0.4,3.0,812.0,3.0,0.0,0.13669950738916256
47.0,2.0,31.0,0.1,0.1,0.4,3.0,773.0,3.0,2.0,0.13971539456662355
47.0,2.0,32.0,0.1,0.1,0.4,3.0,747.0,3.0,3.0,0.14190093708165996
47.0,2.0,33.0,0.1,0.1,0.4,3.0,704.0,3.0,2.0,0.14630681818181818
47.0,2.0,34.0,0.1,0.1,0.4,3.0,687.0,1.0,0.0,0.14847161572052403
47.0,2.0,35.0,0.1,0.1,0.4,3.0,683.0,1.0,0.0,0.1478770131771596
47.0,2.0,36.0,0.1,0.1,0.4,3.0,649.0,1.0,0.0,0.15254237288135594
47.0,2.0,37.0,0.1,0.1,0.4,3.0,648.0,1.0,0.0,0.14969135802469136
47.0,2.0,38.0,0.1,0.1,0.4,3.0,612.0,1.0,1.0,0.15849673202614378
47.0,2.0,39.0,0.1,0.1,0.4,3.0,609.0,1.0,1.0,0.15599343185550082
47.0,2.0,40.0,0.1,0.1,0.4,3.0,594.0,2.0,1.0,0.15656565656565657
47.0,2.0,41.0,0.1,0.1,0.4,3.0,564.0,0.0,0.0,0.1595744680851064
47.0,2.0,42.0,0.1,0.1,0.4,3.0,559.0,1.0,0.0,0.16457960644007155
47.0,2.0,43.0,0.1,0.1,0.4,3.0,555.0,1.0,1.0,0.15675675675675677
47.0,2.0,44.0,0.1,0.1,0.4,3.0,544.0,1.0,1.0,0.15992647058823528
47.0,2.0,45.0,0.1,0.1,0.4,3.0,541.0,0.0,0.0,0.24029574861367836
47.0,2.0,46.0,0.1,0.1,0.4,3.0,533.0,0.0,0.0,0.2401500938086304
47.0,2.0,47.0,0.1,0.1,0.4,3.0,536.0,0.0,0.0,0.23694029850746268
47.0,2.0,48.0,0.1,0.1,0.4,3.0,509.0,0.0,0.0,0.23772102161100198
47.0,2.0,49.0,0.1,0.1,0.4,3.0,505.0,0.0,0.0,0.23564356435643563
47.0,2.0,50.0,0.1,0.1,0.4,3.0,499.0,0.0,0.0,0.23647294589178355
47.0,2.0,51.0,0.1,0.1,0.4,3.0,499.0,0.0,0.0,0.23647294589178355
47.0,2.0,52.0,0.1,0.1,0.4,3.0,492.0,0.0,0.0,0.23577235772357724
47.0,3.0,1.0,0.1,0.1,0.4,3.0,490.0,0.0,0.0,0.23265306122448978
47.0,3.0,2.0,0.1,0.1,0.4,3.0,482.0,0.0,0.0,0.23443983402489627
47.0,3.0,3.0,0.1,0.1,0.4,3.0,467.0,0.0,0.0,0.23554603854389722
47.0,3.0,4.0,0.1,0.1,0.4,3.0,465.0,0.0,0.0,0.23655913978494625
47.0,3.0,5.0,0.1,0.1,0.4,3.0,459.0,0.0,0.0,0.23529411764705882
47.0,3.0,6.0,0.1,0.1,0.4,3.0,450.0,0.0,0.0,0.23777777777777778
47.0,3.0,7.0,0.1,0.1,0.4,3.0,453.0,0.0,0.0,0.23841059602649006
47.0,3.0,8.0,0.1,0.1,0.4,3.0,447.0,0.0,0.0,0.23937360178970918
47.0,3.0,9.0,0.1,0.1,0.4,3.0,448.0,0.0,0.0,0.24107142857142858
47.0,3.0,10.0,0.1,0.1,0.4,3.0,442.0,0.0,0.0,0.2420814479638009
47.0,3.0,11.0,0.1,0.1,0.4,3.0,440.0,0.0,0.0,0.2409090909090909
47.0,3.0,12.0,0.1,0.1,0.4,3.0,434.0,0.0,0.0,0.24193548387096775
47.0,3.0,13.0,0.1,0.1,0.4,3.0,434.0,0.0,0.0,0.23963133640552994
47.0,3.0,14.0,0.1,0.1,0.4,3.0,430.0,0.0,0.0,0.2372093023255814
47.0,3.0,15.0,0.1,0.1,0.4,3.0,428.0,0.0,0.0,0.23598130841121495
47.0,3.0,16.0,0.1,0.1,0.4,3.0,422.0,0.0,0.0,0.23459715639810427
47.0,3.0,17.0,0.1,0.1,0.4,3.0,426.0,0.0,0.0,0.2347417840375587
47.0,3.0,18.0,0.1,0.1,0.4,3.0,422.0,0.0,0.0,0.23696682464454977
47.0,3.0,19.0,0.1,0.1,0.4,3.0,423.0,0.0,0.0,0.23404255319148937
47.0,3.0,20.0,0.1,0.1,0.4,3.0,789.0,0.0,0.0,0.1229404309252218
47.0,3.0,21.0,0.1,0.1,0.4,3.0,772.0,0.0,0.0,0.12176165803108809
47.0,3.0,22.0,0.1,0.1,0.4,3.0,740.0,0.0,0.0,0.12432432432432433
47.0,3.0,23.0,0.1,0.1,0.4,3.0,742.0,0.0,0.0,0.12129380053908356
47.0,3.0,24.0,0.1,0.1,0.4,3.0,702.0,0.0,0.0,0.11965811965811966
47.0,3.0,25.0,0.1,0.1,0.4,3.0,696.0,0.0,0.0,0.1206896551724138
47.0,3.0,26.0,0.1,0.1,0.4,3.0,667.0,0.0,0.0,0.12143928035982009
47.0,3.0,27.0,0.1,0.1,0.4,3.0,664.0,0.0,0.0,0.12198795180722892
47.0,3.0,28.0,0.1,0.1,0.4,3.0,639.0,0.0,0.0,0.12050078247261346
47.0,3.0,29.0,0.1,0.1,0.4,3.0,612.0,0.0,0.0,0.12581699346405228
47.0,3.0,30.0,0.1,0.1,0.4,3.0,581.0,0.0,0.0,0.12908777969018934
47.0,3.0,31.0,0.1,0.1,0.4,3.0,591.0,0.0,0.0,0.12690355329949238
47.0,3.0,32.0,0.1,0.1,0.4,3.0,561.0,0.0,0.0,0.13012477718360071
47.0,3.0,33.0,0.1,0.1,0.4,3.0,565.0,0.0,0.0,0.12920353982300886
47.0,3.0,34.0,0.1,0.1,0.4,3.0,526.0,0.0,0.0,0.13498098859315588
47.0,3.0,35.0,0.1,0.1,0.4,3.0,526.0,0.0,0.0,0.1311787072243346
47.0,3.0,36.0,0.1,0.1,0.4,3.0,506.0,0.0,0.0,0.13438735177865613
47.0,3.0,37.0,0.1,0.1,0.4,3.0,472.0,0.0,0.0,0.13983050847457626
47.0,3.0,38.0,0.1,0.1,0.4,3.0,465.0,0.0,0.0,0.13978494623655913
47.0,3.0,39.0,0.1,0.1,0.4,3.0,452.0,0.0,0.0,0.1415929203539823
47.0,3.0,40.0,0.1,0.1,0.4,3.0,446.0,0.0,0.0,0.14349775784753363
47.0,3.0,41.0,0.1,0.1,0.4,3.0,442.0,0.0,0.0,0.1425339366515837
47.0,3.0,42.0,0.1,0.1,0.4,3.0,434.0,0.0,0.0,0.14285714285714285
47.0,3.0,43.0,0.1,0.1,0.4,3.0,426.0,0.0,0.0,0.14553990610328638
47.0,3.0,44.0,0.1,0.1,0.4,3.0,426.0,0.0,0.0,0.14788732394366197
47.0,3.0,45.0,0.1,0.1,0.4,3.0,425.0,0.0,0.0,0.2235294117647059
47.0,3.0,46.0,0.1,0.1,0.4,3.0,420.0,0.0,0.0,0.22857142857142856
47.0,3.0,47.0,0.1,0.1,0.4,3.0,403.0,0.0,0.0,0.228287841191067
47.0,3.0,48.0,0.1,0.1,0.4,3.0,395.0,0.0,0.0,0.23037974683544304
47.0,3.0,49.0,0.1,0.1,0.4,3.0,389.0,0.0,0.0,0.2262210796915167
47.0,3.0,50.0,0.1,0.1,0.4,3.0,382.0,0.0,0.0,0.22774869109947643
47.0,3.0,51.0,0.1,0.1,0.4,3.0,381.0,0.0,0.0,0.22572178477690288
47.0,3.0,52.0,0.1,0.1,0.4,3.0,376.0,0.0,0.0,0.22340425531914893
47.0,4.0,1.0,0.1,0.1,0.4,3.0,376.0,0.0,0.0,0.22606382978723405
47.0,4.0,2.0,0.1,0.1,0.4,3.0,373.0,0.0,0.0,0.23056300268096513
47.0,4.0,3.0,0.1,0.1,0.4,3.0,377.0,0.0,0.0,0.22546419098143236
47.0,4.0,4.0,0.1,0.1,0.4,3.0,372.0,0.0,0.0,0.22580645161290322
47.0,4.0,5.0,0.1,0.1,0.4,3.0,358.0,0.0,0.0,0.22905027932960895
47.0,4.0,6.0,0.1,0.1,0.4,3.0,357.0,0.0,0.0,0.226890756302521
47.0,4.0,7.0,0.1,0.1,0.4,3.0,345.0,0.0,0.0,0.2318840579710145
47.0,4.0,8.0,0.1,0.1,0.4,3.0,347.0,0.0,0.0,0.23054755043227665
47.0,4.0,9.0,0.1,0.1,0.4,3.0,342.0,0.0,0.0,0.22807017543859648
47.0,4.0,10.0,0.1,0.1,0.4,3.0,344.0,0.0,0.0,0.22674418604651161
47.0,4.0,11.0,0.1,0.1,0.4,3.0,340.0,0.0,0.0,0.22647058823529412
47.0,4.0,12.0,0.1,0.1,0.4,3.0,341.0,0.0,0.0,0.2287390029325513
47.0,4.0,13.0,0.1,0.1,0.4,3.0,339.0,0.0,0.0,0.23008849557522124
47.0,4.0,14.0,0.1,0.1,0.4,3.0,342.0,0.0,0.0,0.22807017543859648
47.0,4.0,15.0,0.1,0.1,0.4,3.0,339.0,0.0,0.0,0.22713864306784662
47.0,4.0,16.0,0.1,0.1,0.4,3.0,341.0,0.0,0.0,0.2287390029325513
47.0,4.0,17.0,0.1,0.1,0.4,3.0,339.0,0.0,0.0,0.23008849557522124
47.0,4.0,18.0,0.1,0.1,0.4,3.0,340.0,0.0,0.0,0.22941176470588234
47.0,4.0,19.0,0.1,0.1,0.4,3.0,337.0,0.0,0.0,0.228486646884273
47.0,4.0,20.0,0.1,0.1,0.4,3.0,611.0,0.0,0.0,0.12929623567921442
47.0,4.0,21.0,0.1,0.1,0.4,3.0,609.0,0.0,0.0,0.12643678160919541
47.0,4.0,22.0,0.1,0.1,0.4,3.0,589.0,0.0,0.0,0.13242784380305603
47.0,4.0,23.0,0.1,0.1,0.4,3.0,550.0,0.0,0.0,0.13272727272727272
47.0,4.0,24.0,0.1,0.1,0.4,3.0,557.0,0.0,0.0,0.1310592459605027
47.0,4.0,25.0,0.1,0.1,0.4,3.0,515.0,0.0,0.0,0.13592233009708737
47.0,4.0,26.0,0.1,0.1,0.4,3.0,510.0,0.0,0.0,0.13725490196078433
47.0,4.0,27.0,0.1,0.1,0.4,3.0,515.0,0.0,0.0,0.13592233009708737
47.0,4.0,28.0,0.1,0.1,0.4,3.0,478.0,0.0,0.0,0.14435146443514643
47.0,4.0,29.0,0.1,0.1,0.4,3.0,479.0,0.0,0.0,0.1440501043841336
47.0,4.0,30.0,0.1,0.1,0.4,3.0,461.0,0.0,0.0,0.1475054229934924
47.0,4.0,31.0,0.1,0.1,0.4,3.0,443.0,0.0,0.0,0.15124153498871332
47.0,4.0,32.0,0.1,0.1,0.4,3.0,448.0,0.0,0.0,0.14732142857142858
47.0,4.0,33.0,0.1,0.1,0.4,3.0,434.0,0.0,0.0,0.15207373271889402
47.0,4.0,34.0,0.1,0.1,0.4,3.0,428.0,0.0,0.0,0.15654205607476634
47.0,4.0,35.0,0.1,0.1,0.4,3.0,428.0,0.0,0.0,0.15654205607476634
47.0,4.0,36.0,0.1,0.1,0.4,3.0,413.0,0.0,0.0,0.16464891041162227
47.0,4.0,37.0,0.1,0.1,0.4,3.0,402.0,0.0,0.0,0.16417910447761194
47.0,4.0,38.0,0.1,0.1,0.4,3.0,396.0,0.0,0.0,0.16666666666666666
47.0,4.0,39.0,0.1,0.1,0.4,3.0,389.0,0.0,0.0,0.16452442159383032
47.0,4.0,40.0,0.1,0.1,0.4,3.0,384.0,0.0,0.0,0.16666666666666666
47.0,4.0,41.0,0.1,0.1,0.4,3.0,384.0,0.0,0.0,0.16666666666666666
47.0,4.0,42.0,0.1,0.1,0.4,3.0,380.0,0.0,0.0,0.17105263157894737
47.0,4.0,43.0,0.1,0.1,0.4,3.0,372.0,0.0,0.0,0.17204301075268819
47.0,4.0,44.0,0.1,0.1,0.4,3.0,369.0,0.0,0.0,0.17344173441734417
47.0,4.0,45.0,0.1,0.1,0.4,3.0,347.0,0.0,0.0,0.2334293948126801
47.0,4.0,46.0,0.1,0.1,0.4,3.0,338.0,0.0,0.0,0.23964497041420119
47.0,4.0,47.0,0.1,0.1,0.4,3.0,339.0,0.0,0.0,0.23303834808259588
47.0,4.0,48.0,0.1,0.1,0.4,3.0,329.0,0.0,0.0,0.23708206686930092
47.0,4.0,49.0,0.1,0.1,0.4,3.0,324.0,0.0,0.0,0.24074074074074073
47.0,4.0,50.0,0.1,0.1,0.4,3.0,316.0,0.0,0.0,0.23734177215189872
47.0,4.0,51.0,0.1,0.1,0.4,3.0,321.0,0.0,0.0,0.23052959501557632
47.0,4.0,52.0,0.1,0.1,0.4,3.0,318.0,0.0,0.0,0.22955974842767296
47.0,5.0,1.0,0.1,0.1,0.4,3.0,321.0,0.0,0.0,0.23052959501557632
47.0,5.0,2.0,0.1,0.1,0.4,3.0,316.0,0.0,0.0,0.23417721518987342
47.0,5.0,3.0,0.1,0.1,0.4,3.0,318.0,0.0,0.0,0.23270440251572327
47.0,5.0,4.0,0.1,0.1,0.4,3.0,313.0,0.0,0.0,0.2364217252396166
47.0,5.0,5.0,0.1,0.1,0.4,3.0,313.0,0.0,0.0,0.23322683706070288
47.0,5.0,6.0,0.1,0.1,0.4,3.0,309.0,0.0,0.0,0.23624595469255663
47.0,5.0,7.0,0.1,0.1,0.4,3.0,309.0,0.0,0.0,0.23300970873786409
47.0,5.0,8.0,0.1,0.1,0.4,3.0,303.0,0.0,0.0,0.23102310231023102
47.0,5.0,9.0,0.1,0.1,0.4,3.0,306.0,0.0,0.0,0.22875816993464052
47.0,5.0,10.0,0.1,0.1,0.4,3.0,296.0,0.0,0.0,0.23310810810810811
47.0,5.0,11.0,0.1,0.1,0.4,3.0,303.0,0.0,0.0,0.22772277227722773
47.0,5.0,12.0,0.1,0.1,0.4,3.0,293.0,0.0,0.0,0.23208191126279865
47.0,5.0,13.0,0.1,0.1,0.4,3.0,294.0,0.0,0.0,0.23129251700680273
47.0,5.0,14.0,0.1,0.1,0.4,3.0,287.0,0.0,0.0,0.23344947735191637
47.0,5.0,15.0,0.1,0.1,0.4,3.0,291.0,0.0,0.0,0.23024054982817868
47.0,5.0,16.0,0.1,0.1,0.4,3.0,286.0,0.0,0.0,0.23076923076923078
47.0,5.0,17.0,0.1,0.1,0.4,3.0,285.0,0.0,0.0,0.23157894736842105
47.0,5.0,18.0,0.1,0.1,0.4,3.0,278.0,0.0,0.0,0.22661870503597123
47.0,5.0,19.0,0.1,0.1,0.4,3.0,283.0,0.0,0.0,0.22614840989399293
47.0,5.0,20.0,0.1,0.1,0.4,3.0,499.0,0.0,0.0,0.12625250501002003
47.0,5.0,21.0,0.1,0.1,0.4,3.0,485.0,0.0,0.0,0.12371134020618557
47.0,5.0,22.0,0.1,0.1,0.4,3.0,467.0,0.0,0.0,0.1284796573875803
47.0,5.0,23.0,0.1,0.1,0.4,3.0,475.0,0.0,0.0,0.12631578947368421
47.0,5.0,24.0,0.1,0.1,0.4,3.0,467.0,0.0,0.0,0.1284796573875803
47.0,5.0,25.0,0.1,0.1,0.4,3.0,475.0,0.0,0.0,0.12631578947368421
47.0,5.0,26.0,0.1,0.1,0.4,3.0,466.0,0.0,0.0,0.12875536480686695
47.0,5.0,27.0,0.1,0.1,0.4,3.0,434.0,0.0,0.0,0.1313364055299539
47.0,5.0,28.0,0.1,0.1,0.4,3.0,414.0,0.0,0.0,0.13526570048309178
47.0,5.0,29.0,0.1,0.1,0.4,3.0,401.0,0.0,0.0,0.1371571072319202
47.0,5.0,30.0,0.1,0.1,0.4,3.0,395.0,0.0,0.0,0.13924050632911392
47.0,5.0,31.0,0.1,0.1,0.4,3.0,393.0,0.0,0.0,0.13740458015267176
47.0,5.0,32.0,0.1,0.1,0.4,3.0,374.0,0.0,0.0,0.1443850267379679
47.0,5.0,33.0,0.1,0.1,0.4,3.0,380.0,0.0,0.0,0.14210526315789473
47.0,5.0,34.0,0.1,0.1,0.4,3.0,372.0,0.0,0.0,0.1424731182795699
47.0,5.0,35.0,0.1,0.1,0.4,3.0,379.0,0.0,0.0,0.13984168865435356
47.0,5.0,36.0,0.1,0.1,0.4,3.0,371.0,0.0,0.0,0.14285714285714285
47.0,5.0,37.0,0.1,0.1,0.4,3.0,366.0,0.0,0.0,0.14207650273224043
47.0,5.0,38.0,0.1,0.1,0.4,3.0,359.0,0.0,0.0,0.14484679665738162
47.0,5.0,39.0,0.1,0.1,0.4,3.0,365.0,0.0,0.0,0.14246575342465753
47.0,5.0,40.0,0.1,0.1,0.4,3.0,358.0,0.0,0.0,0.1452513966480447
47.0,5.0,41.0,0.1,0.1,0.4,3.0,363.0,0.0,0.0,0.14325068870523416
47.0,5.0,42.0,0.1,0.1,0.4,3.0,349.0,0.0,0.0,0.14326647564469913
47.0,5.0,43.0,0.1,0.1,0.4,3.0,355.0,0.0,0.0,0.14084507042253522
47.0,5.0,44.0,0.1,0.1,0.4,3.0,323.0,0.0,0.0,0.14860681114551083
47.0,5.0,45.0,0.1,0.1,0.4,3.0,316.0,0.0,0.0,0.1962025316455696
47.0,5.0,46.0,0.1,0.1,0.4,3.0,315.0,0.0,0.0,0.19682539682539682
47.0,5.0,47.0,0.1,0.1,0.4,3.0,298.0,0.0,0.0,0.19463087248322147
47.0,5.0,48.0,0.1,0.1,0.4,3.0,289.0,0.0,0.0,0.20069204152249134
47.0,5.0,49.0,0.1,0.1,0.4,3.0,289.0,0.0,0.0,0.20069204152249134
47.0,5.0,50.0,0.1,0.1,0.4,3.0,277.0,0.0,0.0,0.20216606498194944
47.0,5.0,51.0,0.1,0.1,0.4,3.0,276.0,0.0,0.0,0.2028985507246377
47.0,5.0,52.0,0.1,0.1,0.4,3.0,274.0,0.0,0.0,0.20437956204379562
47.0,6.0,1.0,0.1,0.1,0.4,3.0,270.0,0.0,0.0,0.2074074074074074
47.0,6.0,2.0,0.1,0.1,0.4,3.0,270.0,0.0,0.0,0.2074074074074074
47.0,6.0,3.0,0.1,0.1,0.4,3.0,266.0,0.0,0.0,0.20300751879699247
47.0,6.0,4.0,0.1,0.1,0.4,3.0,266.0,0.0,0.0,0.20300751879699247
47.0,6.0,5.0,0.1,0.1,0.4,3.0,263.0,0.0,0.0,0.19771863117870722
47.0,6.0,6.0,0.1,0.1,0.4,3.0,263.0,0.0,0.0,0.19771863117870722
47.0,6.0,7.0,0.1,0.1,0.4,3.0,257.0,0.0,0.0,0.19844357976653695
47.0,6.0,8.0,0.1,0.1,0.4,3.0,259.0,0.0,0.0,0.19305019305019305
47.0,6.0,9.0,0.1,0.1,0.4,3.0,259.0,0.0,0.0,0.19305019305019305
47.0,6.0,10.0,0.1,0.1,0.4,3.0,256.0,0.0,0.0,0.19140625
47.0,6.0,11.0,0.1,0.1,0.4,3.0,252.0,0.0,0.0,0.19444444444444445
47.0,6.0,12.0,0.1,0.1,0.4,3.0,248.0,0.0,0.0,0.1975806451612903
47.0,6.0,13.0,0.1,0.1,0.4,3.0,247.0,0.0,0.0,0.19838056680161945
47.0,6.0,14.0,0.1,0.1,0.4,3.0,246.0,0.0,0.0,0.1951219512195122
47.0,6.0,15.0,0.1,0.1,0.4,3.0,247.0,0.0,0.0,0.19838056680161945
47.0,6.0,16.0,0.1,0.1,0.4,3.0,243.0,0.0,0.0,0.18930041152263374
47.0,6.0,17.0,0.1,0.1,0.4,3.0,245.0,0.0,0.0,0.19183673469387755
47.0,6.0,18.0,0.1,0.1,0.4,3.0,242.0,0.0,0.0,0.19008264462809918
47.0,6.0,19.0,0.1,0.1,0.4,3.0,244.0,0.0,0.0,0.1885245901639344
47.0,6.0,20.0,0.1,0.1,0.4,3.0,444.0,0.0,0.0,0.1036036036036036
47.0,6.0,21.0,0.1,0.1,0.4,3.0,419.0,0.0,0.0,0.1026252983293556
47.0,6.0,22.0,0.1,0.1,0.4,3.0,385.0,0.0,0.0,0.10649350649350649
47.0,6.0,23.0,0.1,0.1,0.4,3.0,371.0,0.0,0.0,0.1105121293800539
47.0,6.0,24.0,0.1,0.1,0.4,3.0,371.0,0.0,0.0,0.1105121293800539
47.0,6.0,25.0,0.1,0.1,0.4,3.0,362.0,0.0,0.0,0.1132596685082873
47.0,6.0,26.0,0.1,0.1,0.4,3.0,354.0,0.0,0.0,0.11299435028248588
47.0,6.0,27.0,0.1,0.1,0.4,3.0,345.0,0.0,0.0,0.11304347826086956
47.0,6.0,28.0,0.1,0.1,0.4,3.0,344.0,0.0,0.0,0.11337209302325581
47.0,6.0,29.0,0.1,0.1,0.4,3.0,334.0,0.0,0.0,0.11077844311377245
47.0,6.0,30.0,0.1,0.1,0.4,3.0,333.0,0.0,0.0,0.10810810810810811
47.0,6.0,31.0,0.1,0.1,0.4,3.0,319.0,0.0,0.0,0.109717868338558
47.0,6.0,32.0,0.1,0.1,0.4,3.0,315.0,0.0,0.0,0.1111111111111111
47.0,6.0,33.0,0.1,0.1,0.4,3.0,320.0,0.0,0.0,0.109375
47.0,6.0,34.0,0.1,0.1,0.4,3.0,299.0,0.0,0.0,0.11036789297658862
47.0,6.0,35.0,0.1,0.1,0.4,3.0,288.0,0.0,0.0,0.11458333333333333
47.0,6.0,36.0,0.1,0.1,0.4,3.0,268.0,0.0,0.0,0.11940298507462686
47.0,6.0,37.0,0.1,0.1,0.4,3.0,263.0,0.0,0.0,0.12167300380228137
47.0,6.0,38.0,0.1,0.1,0.4,3.0,259.0,0.0,0.0,0.12355212355212356
47.0,6.0,39.0,0.1,0.1,0.4,3.0,259.0,0.0,0.0,0.11969111969111969
47.0,6.0,40.0,0.1,0.1,0.4,3.0,258.0,0.0,0.0,0.12015503875968993
47.0,6.0,41.0,0.1,0.1,0.4,3.0,254.0,0.0,0.0,0.1220472440944882
47.0,6.0,42.0,0.1,0.1,0.4,3.0,257.0,0.0,0.0,0.12062256809338522
47.0,6.0,43.0,0.1,0.1,0.4,3.0,258.0,0.0,0.0,0.12015503875968993
47.0,6.0,44.0,0.1,0.1,0.4,3.0,249.0,0.0,0.0,0.12449799196787148
47.0,6.0,45.0,0.1,0.1,0.4,3.0,241.0,0.0,0.0,0.1908713692946058
47.0,6.0,46.0,0.1,0.1,0.4,3.0,236.0,0.0,0.0,0.19491525423728814
47.0,6.0,47.0,0.1,0.1,0.4,3.0,240.0,0.0,0.0,0.19166666666666668
47.0,6.0,48.0,0.1,0.1,0.4,3.0,236.0,0.0,0.0,0.19491525423728814
47.0,6.0,49.0,0.1,0.1,0.4,3.0,240.0,0.0,0.0,0.19166666666666668
47.0,6.0,50.0,0.1,0.1,0.4,3.0,228.0,0.0,0.0,0.18859649122807018
47.0,6.0,51.0,0.1,0.1,0.4,3.0,226.0,0.0,0.0,0.1902654867256637
47.0,6.0,52.0,0.1,0.1,0.4,3.0,227.0,0.0,0.0,0.1894273127753304
47.0,7.0,1.0,0.1,0.1,0.4,3.0,227.0,0.0,0.0,0.1894273127753304
47.0,7.0,2.0,0.1,0.1,0.4,3.0,227.0,0.0,0.0,0.1894273127753304
47.0,7.0,3.0,0.1,0.1,0.4,3.0,225.0,0.0,0.0,0.19111111111111112
47.0,7.0,4.0,0.1,0.1,0.4,3.0,223.0,0.0,0.0,0.19282511210762332
47.0,7.0,5.0,0.1,0.1,0.4,3.0,222.0,0.0,0.0,0.19369369369369369
47.0,7.0,6.0,0.1,0.1,0.4,3.0,222.0,0.0,0.0,0.19369369369369369
47.0,7.0,7.0,0.1,0.1,0.4,3.0,221.0,0.0,0.0,0.19004524886877827
47.0,7.0,8.0,0.1,0.1,0.4,3.0,222.0,0.0,0.0,0.19369369369369369
47.0,7.0,9.0,0.1,0.1,0.4,3.0,221.0,0.0,0.0,0.19004524886877827
47.0,7.0,10.0,0.1,0.1,0.4,3.0,222.0,0.0,0.0,0.19369369369369369
47.0,7.0,11.0,0.1,0.1,0.4,3.0,222.0,0.0,0.0,0.1891891891891892
47.0,7.0,12.0,0.1,0.1,0.4,3.0,223.0,0.0,0.0,0.19282511210762332
47.0,7.0,13.0,0.1,0.1,0.4,3.0,221.0,0.0,0.0,0.19004524886877827
47.0,7.0,14.0,0.1,0.1,0.4,3.0,223.0,0.0,0.0,0.19282511210762332
47.0,7.0,15.0,0.1,0.1,0.4,3.0,221.0,0.0,0.0,0.18552036199095023
47.0,7.0,16.0,0.1,0.1,0.4,3.0,220.0,0.0,0.0,0.19090909090909092
47.0,7.0,17.0,0.1,0.1,0.4,3.0,219.0,0.0,0.0,0.1872146118721461
47.0,7.0,18.0,0.1,0.1,0.4,3.0,221.0,0.0,0.0,0.19004524886877827
47.0,7.0,19.0,0.1,0.1,0.4,3.0,219.0,0.0,0.0,0.1872146118721461
47.0,7.0,20.0,0.1,0.1,0.4,3.0,394.0,0.0,0.0,0.1065989847715736
47.0,7.0,21.0,0.1,0.1,0.4,3.0,383.0,0.0,0.0,0.10704960835509138
47.0,7.0,22.0,0.1,0.1,0.4,3.0,383.0,0.0,0.0,0.10704960835509138
47.0,7.0,23.0,0.1,0.1,0.4,3.0,373.0,0.0,0.0,0.10723860589812333
47.0,7.0,24.0,0.1,0.1,0.4,3.0,323.0,0.0,0.0,0.12074303405572756
47.0,7.0,25.0,0.1,0.1,0.4,3.0,321.0,0.0,0.0,0.11838006230529595
47.0,7.0,26.0,0.1,0.1,0.4,3.0,307.0,0.0,0.0,0.1237785016286645
47.0,7.0,27.0,0.1,0.1,0.4,3.0,299.0,0.0,0.0,0.12374581939799331
47.0,7.0,28.0,0.1,0.1,0.4,3.0,272.0,0.0,0.0,0.13602941176470587
47.0,7.0,29.0,0.1,0.1,0.4,3.0,272.0,0.0,0.0,0.1323529411764706
47.0,7.0,30.0,0.1,0.1,0.4,3.0,270.0,0.0,0.0,0.13703703703703704
47.0,7.0,31.0,0.1,0.1,0.4,3.0,254.0,0.0,0.0,0.14173228346456693
47.0,7.0,32.0,0.1,0.1,0.4,3.0,253.0,0.0,0.0,0.14624505928853754
47.0,7.0,33.0,0.1,0.1,0.4,3.0,254.0,0.0,0.0,0.1377952755905512
47.0,7.0,34.0,0.1,0.1,0.4,3.0,249.0,0.0,0.0,0.13253012048192772
47.0,7.0,35.0,0.1,0.1,0.4,3.0,253.0,0.0,0.0,0.13438735177865613
47.0,7.0,36.0,0.1,0.1,0.4,3.0,251.0,0.0,0.0,0.13147410358565736
47.0,7.0,37.0,0.1,0.1,0.4,3.0,252.0,0.0,0.0,0.13095238095238096
47.0,7.0,38.0,0.1,0.1,0.4,3.0,250.0,0.0,0.0,0.128
47.0,7.0,39.0,0.1,0.1,0.4,3.0,243.0,0.0,0.0,0.13580246913580246
47.0,7.0,40.0,0.1,0.1,0.4,3.0,240.0,0.0,0.0,0.13333333333333333
47.0,7.0,41.0,0.1,0.1,0.4,3.0,240.0,0.0,0.0,0.13333333333333333
47.0,7.0,42.0,0.1,0.1,0.4,3.0,237.0,0.0,0.0,0.1308016877637131
47.0,7.0,43.0,0.1,0.1,0.4,3.0,229.0,0.0,0.0,0.13537117903930132
47.0,7.0,44.0,0.1,0.1,0.4,3.0,227.0,0.0,0.0,0.13215859030837004
47.0,7.0,45.0,0.1,0.1,0.4,3.0,217.0,0.0,0.0,0.24423963133640553
47.0,7.0,46.0,0.1,0.1,0.4,3.0,214.0,0.0,0.0,0.24299065420560748
47.0,7.0,47.0,0.1,0.1,0.4,3.0,215.0,0.0,0.0,0.24651162790697675
47.0,7.0,48.0,0.1,0.1,0.4,3.0,205.0,0.0,0.0,0.24390243902439024
47.0,7.0,49.0,0.1,0.1,0.4,3.0,208.0,0.0,0.0,0.2403846153846154
47.0,7.0,50.0,0.1,0.1,0.4,3.0,201.0,0.0,0.0,0.24378109452736318
47.0,7.0,51.0,0.1,0.1,0.4,3.0,205.0,0.0,0.0,0.24390243902439024
47.0,7.0,52.0,0.1,0.1,0.4,3.0,199.0,0.0,0.0,0.24623115577889448
47.0,8.0,1.0,0.1,0.1,0.4,3.0,203.0,0.0,0.0,0.2413793103448276
47.0,8.0,2.0,0.1,0.1,0.4,3.0,200.0,0.0,0.0,0.245
47.0,8.0,3.0,0.1,0.1,0.4,3.0,203.0,0.0,0.0,0.2413793103448276
47.0,8.0,4.0,0.1,0.1,0.4,3.0,201.0,0.0,0.0,0.24378109452736318
47.0,8.0,5.0,0.1,0.1,0.4,3.0,202.0,0.0,0.0,0.24257425742574257
47.0,8.0,6.0,0.1,0.1,0.4,3.0,198.0,0.0,0.0,0.2474747474747475
47.0,8.0,7.0,0.1,0.1,0.4,3.0,202.0,0.0,0.0,0.24257425742574257
47.0,8.0,8.0,0.1,0.1,0.4,3.0,199.0,0.0,0.0,0.24623115577889448
47.0,8.0,9.0,0.1,0.1,0.4,3.0,201.0,0.0,0.0,0.24378109452736318
47.0,8.0,10.0,0.1,0.1,0.4,3.0,199.0,0.0,0.0,0.24623115577889448
47.0,8.0,11.0,0.1,0.1,0.4,3.0,200.0,0.0,0.0,0.245
47.0,8.0,12.0,0.1,0.1,0.4,3.0,200.0,0.0,0.0,0.245
47.0,8.0,13.0,0.1,0.1,0.4,3.0,199.0,0.0,0.0,0.24623115577889448
47.0,8.0,14.0,0.1,0.1,0.4,3.0,201.0,0.0,0.0,0.24378109452736318
47.0,8.0,15.0,0.1,0.1,0.4,3.0,200.0,0.0,0.0,0.245
47.0,8.0,16.0,0.1,0.1,0.4,3.0,199.0,0.0,0.0,0.24623115577889448
47.0,8.0,17.0,0.1,0.1,0.4,3.0,200.0,0.0,0.0,0.245
47.0,8.0,18.0,0.1,0.1,0.4,3.0,200.0,0.0,0.0,0.245
47.0,8.0,19.0,0.1,0.1,0.4,3.0,199.0,0.0,0.0,0.24623115577889448
47.0,8.0,20.0,0.1,0.1,0.4,3.0,359.0,0.0,0.0,0.13649025069637882
47.0,8.0,21.0,0.1,0.1,0.4,3.0,362.0,0.0,0.0,0.13535911602209943
47.0,8.0,22.0,0.1,0.1,0.4,3.0,355.0,0.0,0.0,0.13802816901408452
47.0,8.0,23.0,0.1,0.1,0.4,3.0,355.0,0.0,0.0,0.13802816901408452
47.0,8.0,24.0,0.1,0.1,0.4,3.0,341.0,0.0,0.0,0.1436950146627566
47.0,8.0,25.0,0.1,0.1,0.4,3.0,332.0,0.0,0.0,0.14457831325301204
47.0,8.0,26.0,0.1,0.1,0.4,3.0,323.0,0.0,0.0,0.14551083591331268
47.0,8.0,27.0,0.1,0.1,0.4,3.0,319.0,0.0,0.0,0.14420062695924765
47.0,8.0,28.0,0.1,0.1,0.4,3.0,320.0,0.0,0.0,0.14375
47.0,8.0,29.0,0.1,0.1,0.4,3.0,302.0,0.0,0.0,0.152317880794702
47.0,8.0,30.0,0.1,0.1,0.4,3.0,285.0,0.0,0.0,0.15789473684210525
47.0,8.0,31.0,0.1,0.1,0.4,3.0,285.0,0.0,0.0,0.15789473684210525
47.0,8.0,32.0,0.1,0.1,0.4,3.0,285.0,0.0,0.0,0.15789473684210525
47.0,8.0,33.0,0.1,0.1,0.4,3.0,260.0,0.0,0.0,0.16153846153846155
47.0,8.0,34.0,0.1,0.1,0.4,3.0,251.0,0.0,0.0,0.16334661354581673
47.0,8.0,35.0,0.1,0.1,0.4,3.0,251.0,0.0,0.0,0.16334661354581673
47.0,8.0,36.0,0.1,0.1,0.4,3.0,237.0,0.0,0.0,0.16877637130801687
47.0,8.0,37.0,0.1,0.1,0.4,3.0,241.0,0.0,0.0,0.16597510373443983
47.0,8.0,38.0,0.1,0.1,0.4,3.0,237.0,0.0,0.0,0.16877637130801687
47.0,8.0,39.0,0.1,0.1,0.4,3.0,242.0,0.0,0.0,0.1652892561983471
47.0,8.0,40.0,0.1,0.1,0.4,3.0,241.0,0.0,0.0,0.16597510373443983
47.0,8.0,41.0,0.1,0.1,0.4,3.0,230.0,0.0,0.0,0.16956521739130434
47.0,8.0,42.0,0.1,0.1,0.4,3.0,232.0,0.0,0.0,0.16810344827586207
47.0,8.0,43.0,0.1,0.1,0.4,3.0,209.0,0.0,0.0,0.18660287081339713
47.0,8.0,44.0,0.1,0.1,0.4,3.0,208.0,0.0,0.0,0.1875
47.0,8.0,45.0,0.1,0.1,0.4,3.0,205.0,0.0,0.0,0.24390243902439024
47.0,8.0,46.0,0.1,0.1,0.4,3.0,199.0,0.0,0.0,0.24623115577889448
47.0,8.0,47.0,0.1,0.1,0.4,3.0,201.0,0.0,0.0,0.24378109452736318
47.0,8.0,48.0,0.1,0.1,0.4,3.0,201.0,0.0,0.0,0.24378109452736318
47.0,8.0,49.0,0.1,0.1,0.4,3.0,201.0,0.0,0.0,0.24378109452736318
47.0,8.0,50.0,0.1,0.1,0.4,3.0,201.0,0.0,0.0,0.24378109452736318
47.0,8.0,51.0,0.1,0.1,0.4,3.0,200.0,0.0,0.0,0.245
47.0,8.0,52.0,0.1,0.1,0.4,3.0,200.0,0.0,0.0,0.245
47.0,9.0,1.0,0.1,0.1,0.4,3.0,201.0,0.0,0.0,0.24378109452736318
47.0,9.0,2.0,0.1,0.1,0.4,3.0,199.0,0.0,0.0,0.24623115577889448
47.0,9.0,3.0,0.1,0.1,0.4,3.0,201.0,0.0,0.0,0.24378109452736318
47.0,9.0,4.0,0.1,0.1,0.4,3.0,201.0,0.0,0.0,0.24378109452736318
47.0,9.0,5.0,0.1,0.1,0.4,3.0,200.0,0.0,0.0,0.245
47.0,9.0,6.0,0.1,0.1,0.4,3.0,201.0,0.0,0.0,0.24378109452736318
47.0,9.0,7.0,0.1,0.1,0.4,3.0,199.0,0.0,0.0,0.24623115577889448
47.0,9.0,8.0,0.1,0.1,0.4,3.0,201.0,0.0,0.0,0.24378109452736318
47.0,9.0,9.0,0.1,0.1,0.4,3.0,200.0,0.0,0.0,0.245
47.0,9.0,10.0,0.1,0.1,0.4,3.0,201.0,0.0,0.0,0.24378109452736318
47.0,9.0,11.0,0.1,0.1,0.4,3.0,201.0,0.0,0.0,0.24378109452736318
47.0,9.0,12.0,0.1,0.1,0.4,3.0,197.0,0.0,0.0,0.24873096446700507
47.0,9.0,13.0,0.1,0.1,0.4,3.0,188.0,0.0,0.0,0.24468085106382978
47.0,9.0,14.0,0.1,0.1,0.4,3.0,186.0,0.0,0.0,0.24731182795698925
47.0,9.0,15.0,0.1,0.1,0.4,3.0,188.0,0.0,0.0,0.24468085106382978
47.0,9.0,16.0,0.1,0.1,0.4,3.0,188.0,0.0,0.0,0.24468085106382978
47.0,9.0,17.0,0.1,0.1,0.4,3.0,188.0,0.0,0.0,0.24468085106382978
47.0,9.0,18.0,0.1,0.1,0.4,3.0,187.0,0.0,0.0,0.24598930481283424
47.0,9.0,19.0,0.1,0.1,0.4,3.0,186.0,0.0,0.0,0.24731182795698925
47.0,9.0,20.0,0.1,0.1,0.4,3.0,295.0,0.0,0.0,0.12203389830508475
47.0,9.0,21.0,0.1,0.1,0.4,3.0,273.0,0.0,0.0,0.12454212454212454
47.0,9.0,22.0,0.1,0.1,0.4,3.0,254.0,0.0,0.0,0.12992125984251968
47.0,9.0,23.0,0.1,0.1,0.4,3.0,253.0,0.0,0.0,0.13043478260869565
47.0,9.0,24.0,0.1,0.1,0.4,3.0,254.0,0.0,0.0,0.12992125984251968
47.0,9.0,25.0,0.1,0.1,0.4,3.0,254.0,0.0,0.0,0.12992125984251968
47.0,9.0,26.0,0.1,0.1,0.4,3.0,251.0,0.0,0.0,0.13147410358565736
47.0,9.0,27.0,0.1,0.1,0.4,3.0,254.0,0.0,0.0,0.12992125984251968
47.0,9.0,28.0,0.1,0.1,0.4,3.0,246.0,0.0,0.0,0.13414634146341464
47.0,9.0,29.0,0.1,0.1,0.4,3.0,246.0,0.0,0.0,0.13414634146341464
47.0,9.0,30.0,0.1,0.1,0.4,3.0,245.0,0.0,0.0,0.1346938775510204
47.0,9.0,31.0,0.1,0.1,0.4,3.0,246.0,0.0,0.0,0.13414634146341464
47.0,9.0,32.0,0.1,0.1,0.4,3.0,245.0,0.0,0.0,0.1346938775510204
47.0,9.0,33.0,0.1,0.1,0.4,3.0,235.0,0.0,0.0,0.13617021276595745
47.0,9.0,34.0,0.1,0.1,0.4,3.0,235.0,0.0,0.0,0.13617021276595745
47.0,9.0,35.0,0.1,0.1,0.4,3.0,235.0,0.0,0.0,0.13617021276595745
47.0,9.0,36.0,0.1,0.1,0.4,3.0,234.0,0.0,0.0,0.13675213675213677
47.0,9.0,37.0,0.1,0.1,0.4,3.0,235.0,0.0,0.0,0.13617021276595745
47.0,9.0,38.0,0.1,0.1,0.4,3.0,232.0,0.0,0.0,0.13793103448275862
47.0,9.0,39.0,0.1,0.1,0.4,3.0,227.0,0.0,0.0,0.13656387665198239
47.0,9.0,40.0,0.1,0.1,0.4,3.0,226.0,0.0,0.0,0.13716814159292035
47.0,9.0,41.0,0.1,0.1,0.4,3.0,226.0,0.0,0.0,0.13716814159292035
47.0,9.0,42.0,0.1,0.1,0.4,3.0,225.0,0.0,0.0,0.13777777777777778
47.0,9.0,43.0,0.1,0.1,0.4,3.0,214.0,0.0,0.0,0.14485981308411214
47.0,9.0,44.0,0.1,0.1,0.4,3.0,214.0,0.0,0.0,0.14485981308411214
47.0,9.0,45.0,0.1,0.1,0.4,3.0,210.0,0.0,0.0,0.23809523809523808
47.0,9.0,46.0,0.1,0.1,0.4,3.0,214.0,0.0,0.0,0.2336448598130841
47.0,9.0,47.0,0.1,0.1,0.4,3.0,210.0,0.0,0.0,0.23809523809523808
47.0,9.0,48.0,0.1,0.1,0.4,3.0,214.0,0.0,0.0,0.2336448598130841
47.0,9.0,49.0,0.1,0.1,0.4,3.0,213.0,0.0,0.0,0.2347417840375587
47.0,9.0,50.0,0.1,0.1,0.4,3.0,213.0,0.0,0.0,0.2347417840375587
47.0,9.0,51.0,0.1,0.1,0.4,3.0,210.0,0.0,0.0,0.23809523809523808
47.0,9.0,52.0,0.1,0.1,0.4,3.0,213.0,0.0,0.0,0.2347417840375587
47.0,10.0,1.0,0.1,0.1,0.4,3.0,209.0,0.0,0.0,0.23923444976076555
47.0,10.0,2.0,0.1,0.1,0.4,3.0,211.0,0.0,0.0,0.23696682464454977
47.0,10.0,3.0,0.1,0.1,0.4,3.0,210.0,0.0,0.0,0.23809523809523808
47.0,10.0,4.0,0.1,0.1,0.4,3.0,210.0,0.0,0.0,0.23809523809523808
47.0,10.0,5.0,0.1,0.1,0.4,3.0,209.0,0.0,0.0,0.23923444976076555
47.0,10.0,6.0,0.1,0.1,0.4,3.0,208.0,0.0,0.0,0.2403846153846154
47.0,10.0,7.0,0.1,0.1,0.4,3.0,208.0,0.0,0.0,0.2403846153846154
47.0,10.0,8.0,0.1,0.1,0.4,3.0,207.0,0.0,0.0,0.24154589371980675
47.0,10.0,9.0,0.1,0.1,0.4,3.0,208.0,0.0,0.0,0.2403846153846154
47.0,10.0,10.0,0.1,0.1,0.4,3.0,207.0,0.0,0.0,0.24154589371980675
47.0,10.0,11.0,0.1,0.1,0.4,3.0,207.0,0.0,0.0,0.24154589371980675
47.0,10.0,12.0,0.1,0.1,0.4,3.0,207.0,0.0,0.0,0.24154589371980675
47.0,10.0,13.0,0.1,0.1,0.4,3.0,205.0,0.0,0.0,0.24390243902439024
47.0,10.0,14.0,0.1,0.1,0.4,3.0,209.0,0.0,0.0,0.23923444976076555
47.0,10.0,15.0,0.1,0.1,0.4,3.0,206.0,0.0,0.0,0.24271844660194175
47.0,10.0,16.0,0.1,0.1,0.4,3.0,206.0,0.0,0.0,0.24271844660194175
47.0,10.0,17.0,0.1,0.1,0.4,3.0,202.0,0.0,0.0,0.24257425742574257
47.0,10.0,18.0,0.1,0.1,0.4,3.0,201.0,0.0,0.0,0.24378109452736318
47.0,10.0,19.0,0.1,0.1,0.4,3.0,201.0,0.0,0.0,0.24378109452736318
47.0,10.0,20.0,0.1,0.1,0.4,3.0,321.0,0.0,0.0,0.12149532710280374
47.0,10.0,21.0,0.1,0.1,0.4,3.0,314.0,0.0,0.0,0.12101910828025478
47.0,10.0,22.0,0.1,0.1,0.4,3.0,316.0,0.0,0.0,0.12025316455696203
47.0,10.0,23.0,0.1,0.1,0.4,3.0,313.0,0.0,0.0,0.12140575079872204
47.0,10.0,24.0,0.1,0.1,0.4,3.0,320.0,0.0,0.0,0.11875
47.0,10.0,25.0,0.1,0.1,0.4,3.0,318.0,0.0,0.0,0.11949685534591195
47.0,10.0,26.0,0.1,0.1,0.4,3.0,319.0,0.0,0.0,0.11912225705329153
47.0,10.0,27.0,0.1,0.1,0.4,3.0,295.0,0.0,0.0,0.1288135593220339
47.0,10.0,28.0,0.1,0.1,0.4,3.0,291.0,0.0,0.0,0.12714776632302405
47.0,10.0,29.0,0.1,0.1,0.4,3.0,284.0,0.0,0.0,0.13028169014084506
47.0,10.0,30.0,0.1,0.1,0.4,3.0,275.0,0.0,0.0,0.12727272727272726
47.0,10.0,31.0,0.1,0.1,0.4,3.0,273.0,0.0,0.0,0.1282051282051282
47.0,10.0,32.0,0.1,0.1,0.4,3.0,274.0,0.0,0.0,0.12773722627737227
47.0,10.0,33.0,0.1,0.1,0.4,3.0,267.0,0.0,0.0,0.13108614232209737
47.0,10.0,34.0,0.1,0.1,0.4,3.0,274.0,0.0,0.0,0.12773722627737227
47.0,10.0,35.0,0.1,0.1,0.4,3.0,267.0,0.0,0.0,0.13108614232209737
47.0,10.0,36.0,0.1,0.1,0.4,3.0,274.0,0.0,0.0,0.12773722627737227
47.0,10.0,37.0,0.1,0.1,0.4,3.0,259.0,0.0,0.0,0.13513513513513514
47.0,10.0,38.0,0.1,0.1,0.4,3.0,254.0,0.0,0.0,0.1377952755905512
47.0,10.0,39.0,0.1,0.1,0.4,3.0,259.0,0.0,0.0,0.13513513513513514
47.0,10.0,40.0,0.1,0.1,0.4,3.0,260.0,0.0,0.0,0.1346153846153846
47.0,10.0,41.0,0.1,0.1,0.4,3.0,258.0,0.0,0.0,0.13565891472868216
47.0,10.0,42.0,0.1,0.1,0.4,3.0,249.0,0.0,0.0,0.13654618473895583
47.0,10.0,43.0,0.1,0.1,0.4,3.0,249.0,0.0,0.0,0.13654618473895583
47.0,10.0,44.0,0.1,0.1,0.4,3.0,227.0,0.0,0.0,0.14537444933920704
47.0,10.0,45.0,0.1,0.1,0.4,3.0,227.0,0.0,0.0,0.21585903083700442
47.0,10.0,46.0,0.1,0.1,0.4,3.0,227.0,0.0,0.0,0.21585903083700442
47.0,10.0,47.0,0.1,0.1,0.4,3.0,227.0,0.0,0.0,0.21585903083700442
47.0,10.0,48.0,0.1,0.1,0.4,3.0,220.0,0.0,0.0,0.21363636363636362
47.0,10.0,49.0,0.1,0.1,0.4,3.0,219.0,0.0,0.0,0.2146118721461187
47.0,10.0,50.0,0.1,0.1,0.4,3.0,220.0,0.0,0.0,0.21363636363636362
47.0,10.0,51.0,0.1,0.1,0.4,3.0,219.0,0.0,0.0,0.2146118721461187
47.0,10.0,52.0,0.1,0.1,0.4,3.0,220.0,0.0,0.0,0.21363636363636362
48.0,1.0,1.0,0.1,0.1,0.4,3.0,5190.0,58.0,7.0,0.10327552986512524
48.0,1.0,2.0,0.1,0.1,0.4,3.0,5038.0,60.0,13.0,0.10281857880111155
48.0,1.0,3.0,0.1,0.1,0.4,3.0,4904.0,67.0,31.0,0.10114192495921696
48.0,1.0,4.0,0.1,0.1,0.4,3.0,4612.0,99.0,35.0,0.0997398091934085
48.0,1.0,5.0,0.1,0.1,0.4,3.0,4498.0,120.0,41.0,0.10071142730102267
48.0,1.0,6.0,0.1,0.1,0.4,3.0,4317.0,132.0,43.0,0.10122770442436878
48.0,1.0,7.0,0.1,0.1,0.4,3.0,4150.0,149.0,61.0,0.10168674698795181
48.0,1.0,8.0,0.1,0.1,0.4,3.0,3922.0,170.0,73.0,0.10249872514023457
48.0,1.0,9.0,0.1,0.1,0.4,3.0,3689.0,194.0,70.0,0.10517755489292491
48.0,1.0,10.0,0.1,0.1,0.4,3.0,3523.0,214.0,79.0,0.10757876809537326
48.0,1.0,11.0,0.1,0.1,0.4,3.0,3389.0,222.0,91.0,0.10711124225435231
48.0,1.0,12.0,0.1,0.1,0.4,3.0,3254.0,246.0,111.0,0.1084818684695759
48.0,1.0,13.0,0.1,0.1,0.4,3.0,3189.0,255.0,118.0,0.11037942928817811
48.0,1.0,14.0,0.1,0.1,0.4,3.0,3044.0,266.0,116.0,0.11202365308804205
48.0,1.0,15.0,0.1,0.1,0.4,3.0,2946.0,250.0,116.0,0.11473183978275628
48.0,1.0,16.0,0.1,0.1,0.4,3.0,2772.0,246.0,119.0,0.11688311688311688
48.0,1.0,17.0,0.1,0.1,0.4,3.0,2726.0,250.0,121.0,0.11738811445341159
48.0,1.0,18.0,0.1,0.1,0.4,3.0,2625.0,245.0,123.0,0.11885714285714286
48.0,1.0,19.0,0.1,0.1,0.4,3.0,2543.0,224.0,124.0,0.1219032638615808
48.0,1.0,20.0,0.1,0.1,0.4,3.0,6710.0,209.0,120.0,0.044560357675111774
48.0,1.0,21.0,0.1,0.1,0.4,3.0,6106.0,306.0,108.0,0.04585653455617426
48.0,1.0,22.0,0.1,0.1,0.4,3.0,5487.0,337.0,104.0,0.04829597229815929
48.0,1.0,23.0,0.1,0.1,0.4,3.0,4936.0,349.0,102.0,0.051053484602917344
48.0,1.0,24.0,0.1,0.1,0.4,3.0,4293.0,343.0,115.0,0.051945026787794085
48.0,1.0,25.0,0.1,0.1,0.4,3.0,4073.0,367.0,149.0,0.05303216302479745
48.0,1.0,26.0,0.1,0.1,0.4,3.0,3763.0,396.0,165.0,0.05527504650544778
48.0,1.0,27.0,0.1,0.1,0.4,3.0,3542.0,419.0,170.0,0.05731225296442688
48.0,1.0,28.0,0.1,0.1,0.4,3.0,3170.0,423.0,170.0,0.06025236593059937
48.0,1.0,29.0,0.1,0.1,0.4,3.0,2954.0,415.0,167.0,0.06364251861882193
48.0,1.0,30.0,0.1,0.1,0.4,3.0,2720.0,386.0,175.0,0.06727941176470588
48.0,1.0,31.0,0.1,0.1,0.4,3.0,2496.0,340.0,153.0,0.06931089743589744
48.0,1.0,32.0,0.1,0.1,0.4,3.0,2223.0,301.0,148.0,0.07422402159244265
48.0,1.0,33.0,0.1,0.1,0.4,3.0,2055.0,307.0,126.0,0.07688564476885645
48.0,1.0,34.0,0.1,0.1,0.4,3.0,1872.0,285.0,131.0,0.0827991452991453
48.0,1.0,35.0,0.1,0.1,0.4,3.0,1764.0,268.0,129.0,0.08786848072562359
48.0,1.0,36.0,0.1,0.1,0.4,3.0,1659.0,257.0,137.0,0.0916214587100663
48.0,1.0,37.0,0.1,0.1,0.4,3.0,1573.0,229.0,119.0,0.094723458359822
48.0,1.0,38.0,0.1,0.1,0.4,3.0,1465.0,196.0,92.0,0.10102389078498293
48.0,1.0,39.0,0.1,0.1,0.4,3.0,1398.0,178.0,88.0,0.10658082975679542
48.0,1.0,40.0,0.1,0.1,0.4,3.0,1328.0,168.0,83.0,0.10993975903614457
48.0,1.0,41.0,0.1,0.1,0.4,3.0,1296.0,156.0,85.0,0.11188271604938271
48.0,1.0,42.0,0.1,0.1,0.4,3.0,1219.0,128.0,73.0,0.11484823625922888
48.0,1.0,43.0,0.1,0.1,0.4,3.0,1165.0,122.0,63.0,0.11759656652360514
48.0,1.0,44.0,0.1,0.1,0.4,3.0,1116.0,114.0,57.0,0.12186379928315412
48.0,1.0,45.0,0.1,0.1,0.4,3.0,1064.0,103.0,52.0,0.18045112781954886
48.0,1.0,46.0,0.1,0.1,0.4,3.0,1015.0,98.0,52.0,0.18620689655172415
48.0,1.0,47.0,0.1,0.1,0.4,3.0,975.0,84.0,44.0,0.18666666666666668
48.0,1.0,48.0,0.1,0.1,0.4,3.0,947.0,84.0,36.0,0.1921858500527983
48.0,1.0,49.0,0.1,0.1,0.4,3.0,912.0,75.0,35.0,0.19517543859649122
48.0,1.0,50.0,0.1,0.1,0.4,3.0,882.0,72.0,32.0,0.19954648526077098
48.0,1.0,51.0,0.1,0.1,0.4,3.0,869.0,72.0,35.0,0.19792865362485615
48.0,1.0,52.0,0.1,0.1,0.4,3.0,845.0,68.0,38.0,0.2
48.0,2.0,1.0,0.1,0.1,0.4,3.0,832.0,62.0,40.0,0.20192307692307693
48.0,2.0,2.0,0.1,0.1,0.4,3.0,806.0,57.0,38.0,0.20719602977667495
48.0,2.0,3.0,0.1,0.1,0.4,3.0,791.0,53.0,28.0,0.20986093552465235
48.0,2.0,4.0,0.1,0.1,0.4,3.0,761.0,47.0,21.0,0.21419185282522996
48.0,2.0,5.0,0.1,0.1,0.4,3.0,749.0,39.0,19.0,0.21495327102803738
48.0,2.0,6.0,0.1,0.1,0.4,3.0,735.0,38.0,23.0,0.21904761904761905
48.0,2.0,7.0,0.1,0.1,0.4,3.0,727.0,35.0,21.0,0.22145804676753783
48.0,2.0,8.0,0.1,0.1,0.4,3.0,710.0,28.0,19.0,0.22535211267605634
48.0,2.0,9.0,0.1,0.1,0.4,3.0,696.0,21.0,11.0,0.22844827586206898
48.0,2.0,10.0,0.1,0.1,0.4,3.0,687.0,18.0,7.0,0.2314410480349345
48.0,2.0,11.0,0.1,0.1,0.4,3.0,678.0,14.0,3.0,0.23008849557522124
48.0,2.0,12.0,0.1,0.1,0.4,3.0,671.0,14.0,6.0,0.23099850968703428
48.0,2.0,13.0,0.1,0.1,0.4,3.0,669.0,14.0,9.0,0.2257100149476831
48.0,2.0,14.0,0.1,0.1,0.4,3.0,656.0,18.0,9.0,0.22713414634146342
48.0,2.0,15.0,0.1,0.1,0.4,3.0,640.0,11.0,7.0,0.2296875
48.0,2.0,16.0,0.1,0.1,0.4,3.0,629.0,8.0,6.0,0.2289348171701113
48.0,2.0,17.0,0.1,0.1,0.4,3.0,626.0,7.0,3.0,0.22843450479233227
48.0,2.0,18.0,0.1,0.1,0.4,3.0,622.0,7.0,4.0,0.2282958199356913
48.0,2.0,19.0,0.1,0.1,0.4,3.0,616.0,6.0,2.0,0.2288961038961039
48.0,2.0,20.0,0.1,0.1,0.4,3.0,1117.0,7.0,3.0,0.12712623097582812
48.0,2.0,21.0,0.1,0.1,0.4,3.0,1027.0,4.0,1.0,0.13047711781888996
48.0,2.0,22.0,0.1,0.1,0.4,3.0,999.0,4.0,1.0,0.13213213213213212
48.0,2.0,23.0,0.1,0.1,0.4,3.0,969.0,3.0,2.0,0.13209494324045407
48.0,2.0,24.0,0.1,0.1,0.4,3.0,931.0,6.0,2.0,0.13426423200859292
48.0,2.0,25.0,0.1,0.1,0.4,3.0,884.0,7.0,3.0,0.1323529411764706
48.0,2.0,26.0,0.1,0.1,0.4,3.0,867.0,4.0,1.0,0.1384083044982699
48.0,2.0,27.0,0.1,0.1,0.4,3.0,811.0,5.0,2.0,0.13933415536374846
48.0,2.0,28.0,0.1,0.1,0.4,3.0,789.0,5.0,4.0,0.1432192648922687
48.0,2.0,29.0,0.1,0.1,0.4,3.0,734.0,6.0,4.0,0.14168937329700274
48.0,2.0,30.0,0.1,0.1,0.4,3.0,714.0,4.0,2.0,0.14705882352941177
48.0,2.0,31.0,0.1,0.1,0.4,3.0,679.0,2.0,0.0,0.14285714285714285
48.0,2.0,32.0,0.1,0.1,0.4,3.0,674.0,2.0,1.0,0.14985163204747776
48.0,2.0,33.0,0.1,0.1,0.4,3.0,667.0,3.0,1.0,0.1454272863568216
48.0,2.0,34.0,0.1,0.1,0.4,3.0,650.0,3.0,1.0,0.14923076923076922
48.0,2.0,35.0,0.1,0.1,0.4,3.0,632.0,2.0,1.0,0.14715189873417722
48.0,2.0,36.0,0.1,0.1,0.4,3.0,631.0,2.0,2.0,0.15213946117274169
48.0,2.0,37.0,0.1,0.1,0.4,3.0,609.0,3.0,2.0,0.1477832512315271
48.0,2.0,38.0,0.1,0.1,0.4,3.0,605.0,2.0,2.0,0.15041322314049588
48.0,2.0,39.0,0.1,0.1,0.4,3.0,593.0,1.0,1.0,0.14502529510961215
48.0,2.0,40.0,0.1,0.1,0.4,3.0,594.0,1.0,1.0,0.14983164983164984
48.0,2.0,41.0,0.1,0.1,0.4,3.0,582.0,1.0,0.0,0.14432989690721648
48.0,2.0,42.0,0.1,0.1,0.4,3.0,587.0,1.0,1.0,0.14991482112436116
48.0,2.0,43.0,0.1,0.1,0.4,3.0,554.0,3.0,1.0,0.14620938628158844
48.0,2.0,44.0,0.1,0.1,0.4,3.0,568.0,3.0,1.0,0.15140845070422534
48.0,2.0,45.0,0.1,0.1,0.4,3.0,545.0,3.0,0.0,0.22018348623853212
48.0,2.0,46.0,0.1,0.1,0.4,3.0,539.0,3.0,0.0,0.22077922077922077
48.0,2.0,47.0,0.1,0.1,0.4,3.0,515.0,1.0,0.0,0.22135922330097088
48.0,2.0,48.0,0.1,0.1,0.4,3.0,511.0,1.0,0.0,0.22504892367906065
48.0,2.0,49.0,0.1,0.1,0.4,3.0,508.0,1.0,1.0,0.22440944881889763
48.0,2.0,50.0,0.1,0.1,0.4,3.0,497.0,1.0,1.0,0.22937625754527163
48.0,2.0,51.0,0.1,0.1,0.4,3.0,495.0,1.0,1.0,0.22626262626262628
48.0,2.0,52.0,0.1,0.1,0.4,3.0,479.0,0.0,0.0,0.22755741127348644
48.0,3.0,1.0,0.1,0.1,0.4,3.0,479.0,0.0,0.0,0.22964509394572025
48.0,3.0,2.0,0.1,0.1,0.4,3.0,465.0,0.0,0.0,0.23010752688172043
48.0,3.0,3.0,0.1,0.1,0.4,3.0,470.0,0.0,0.0,0.2297872340425532
48.0,3.0,4.0,0.1,0.1,0.4,3.0,456.0,0.0,0.0,0.22807017543859648
48.0,3.0,5.0,0.1,0.1,0.4,3.0,461.0,0.0,0.0,0.227765726681128
48.0,3.0,6.0,0.1,0.1,0.4,3.0,448.0,0.0,0.0,0.22767857142857142
48.0,3.0,7.0,0.1,0.1,0.4,3.0,454.0,0.0,0.0,0.22687224669603523
48.0,3.0,8.0,0.1,0.1,0.4,3.0,442.0,0.0,0.0,0.23076923076923078
48.0,3.0,9.0,0.1,0.1,0.4,3.0,446.0,0.0,0.0,0.22869955156950672
48.0,3.0,10.0,0.1,0.1,0.4,3.0,434.0,0.0,0.0,0.22811059907834103
48.0,3.0,11.0,0.1,0.1,0.4,3.0,438.0,0.0,0.0,0.23059360730593606
48.0,3.0,12.0,0.1,0.1,0.4,3.0,426.0,0.0,0.0,0.2300469483568075
48.0,3.0,13.0,0.1,0.1,0.4,3.0,435.0,0.0,0.0,0.22988505747126436
48.0,3.0,14.0,0.1,0.1,0.4,3.0,420.0,0.0,0.0,0.23095238095238096
48.0,3.0,15.0,0.1,0.1,0.4,3.0,427.0,0.0,0.0,0.22950819672131148
48.0,3.0,16.0,0.1,0.1,0.4,3.0,417.0,0.0,0.0,0.2302158273381295
48.0,3.0,17.0,0.1,0.1,0.4,3.0,419.0,0.0,0.0,0.2315035799522673
48.0,3.0,18.0,0.1,0.1,0.4,3.0,407.0,0.0,0.0,0.2334152334152334
48.0,3.0,19.0,0.1,0.1,0.4,3.0,406.0,0.0,0.0,0.23399014778325122
48.0,3.0,20.0,0.1,0.1,0.4,3.0,801.0,0.0,0.0,0.11860174781523096
48.0,3.0,21.0,0.1,0.1,0.4,3.0,768.0,0.0,0.0,0.12239583333333333
48.0,3.0,22.0,0.1,0.1,0.4,3.0,733.0,0.0,0.0,0.12414733969986358
48.0,3.0,23.0,0.1,0.1,0.4,3.0,702.0,0.0,0.0,0.1282051282051282
48.0,3.0,24.0,0.1,0.1,0.4,3.0,670.0,0.0,0.0,0.13134328358208955
48.0,3.0,25.0,0.1,0.1,0.4,3.0,661.0,0.0,0.0,0.13161875945537066
48.0,3.0,26.0,0.1,0.1,0.4,3.0,629.0,0.0,0.0,0.13195548489666137
48.0,3.0,27.0,0.1,0.1,0.4,3.0,586.0,0.0,0.0,0.13822525597269625
48.0,3.0,28.0,0.1,0.1,0.4,3.0,542.0,0.0,0.0,0.13837638376383765
48.0,3.0,29.0,0.1,0.1,0.4,3.0,548.0,0.0,0.0,0.1386861313868613
48.0,3.0,30.0,0.1,0.1,0.4,3.0,532.0,0.0,0.0,0.13909774436090225
48.0,3.0,31.0,0.1,0.1,0.4,3.0,538.0,0.0,0.0,0.1412639405204461
48.0,3.0,32.0,0.1,0.1,0.4,3.0,517.0,0.0,0.0,0.14313346228239845
48.0,3.0,33.0,0.1,0.1,0.4,3.0,489.0,0.0,0.0,0.147239263803681
48.0,3.0,34.0,0.1,0.1,0.4,3.0,456.0,0.0,0.0,0.14912280701754385
48.0,3.0,35.0,0.1,0.1,0.4,3.0,468.0,0.0,0.0,0.14957264957264957
48.0,3.0,36.0,0.1,0.1,0.4,3.0,458.0,0.0,0.0,0.14847161572052403
48.0,3.0,37.0,0.1,0.1,0.4,3.0,439.0,0.0,0.0,0.1571753986332574
48.0,3.0,38.0,0.1,0.1,0.4,3.0,422.0,0.0,0.0,0.15402843601895735
48.0,3.0,39.0,0.1,0.1,0.4,3.0,431.0,0.0,0.0,0.1554524361948956
48.0,3.0,40.0,0.1,0.1,0.4,3.0,424.0,0.0,0.0,0.15330188679245282
48.0,3.0,41.0,0.1,0.1,0.4,3.0,412.0,0.0,0.0,0.15776699029126215
48.0,3.0,42.0,0.1,0.1,0.4,3.0,392.0,0.0,0.0,0.15816326530612246
48.0,3.0,43.0,0.1,0.1,0.4,3.0,380.0,0.0,0.0,0.16052631578947368
48.0,3.0,44.0,0.1,0.1,0.4,3.0,368.0,0.0,0.0,0.15760869565217392
48.0,3.0,45.0,0.1,0.1,0.4,3.0,370.0,0.0,0.0,0.21621621621621623
48.0,3.0,46.0,0.1,0.1,0.4,3.0,357.0,0.0,0.0,0.2184873949579832
48.0,3.0,47.0,0.1,0.1,0.4,3.0,357.0,0.0,0.0,0.21568627450980393
48.0,3.0,48.0,0.1,0.1,0.4,3.0,351.0,0.0,0.0,0.21652421652421652
48.0,3.0,49.0,0.1,0.1,0.4,3.0,356.0,0.0,0.0,0.21348314606741572
48.0,3.0,50.0,0.1,0.1,0.4,3.0,345.0,0.0,0.0,0.21159420289855072
48.0,3.0,51.0,0.1,0.1,0.4,3.0,351.0,0.0,0.0,0.20512820512820512
48.0,3.0,52.0,0.1,0.1,0.4,3.0,337.0,0.0,0.0,0.21364985163204747
48.0,4.0,1.0,0.1,0.1,0.4,3.0,339.0,0.0,0.0,0.20943952802359883
48.0,4.0,2.0,0.1,0.1,0.4,3.0,331.0,0.0,0.0,0.2175226586102719
48.0,4.0,3.0,0.1,0.1,0.4,3.0,337.0,0.0,0.0,0.21068249258160238
48.0,4.0,4.0,0.1,0.1,0.4,3.0,329.0,0.0,0.0,0.2188449848024316
48.0,4.0,5.0,0.1,0.1,0.4,3.0,334.0,0.0,0.0,0.2125748502994012
48.0,4.0,6.0,0.1,0.1,0.4,3.0,327.0,0.0,0.0,0.21712538226299694
48.0,4.0,7.0,0.1,0.1,0.4,3.0,329.0,0.0,0.0,0.2066869300911854
48.0,4.0,8.0,0.1,0.1,0.4,3.0,321.0,0.0,0.0,0.2118380062305296
48.0,4.0,9.0,0.1,0.1,0.4,3.0,314.0,0.0,0.0,0.2070063694267516
48.0,4.0,10.0,0.1,0.1,0.4,3.0,307.0,0.0,0.0,0.21172638436482086
48.0,4.0,11.0,0.1,0.1,0.4,3.0,313.0,0.0,0.0,0.20447284345047922
48.0,4.0,12.0,0.1,0.1,0.4,3.0,297.0,0.0,0.0,0.21548821548821548
48.0,4.0,13.0,0.1,0.1,0.4,3.0,300.0,0.0,0.0,0.20666666666666667
48.0,4.0,14.0,0.1,0.1,0.4,3.0,294.0,0.0,0.0,0.21428571428571427
48.0,4.0,15.0,0.1,0.1,0.4,3.0,300.0,0.0,0.0,0.20333333333333334
48.0,4.0,16.0,0.1,0.1,0.4,3.0,293.0,0.0,0.0,0.21160409556313994
48.0,4.0,17.0,0.1,0.1,0.4,3.0,298.0,0.0,0.0,0.20469798657718122
48.0,4.0,18.0,0.1,0.1,0.4,3.0,290.0,0.0,0.0,0.2103448275862069
48.0,4.0,19.0,0.1,0.1,0.4,3.0,294.0,0.0,0.0,0.20408163265306123
48.0,4.0,20.0,0.1,0.1,0.4,3.0,511.0,0.0,0.0,0.11937377690802348
48.0,4.0,21.0,0.1,0.1,0.4,3.0,507.0,0.0,0.0,0.11834319526627218
48.0,4.0,22.0,0.1,0.1,0.4,3.0,490.0,0.0,0.0,0.12448979591836734
48.0,4.0,23.0,0.1,0.1,0.4,3.0,476.0,0.0,0.0,0.12184873949579832
48.0,4.0,24.0,0.1,0.1,0.4,3.0,462.0,0.0,0.0,0.12554112554112554
48.0,4.0,25.0,0.1,0.1,0.4,3.0,452.0,0.0,0.0,0.12389380530973451
48.0,4.0,26.0,0.1,0.1,0.4,3.0,458.0,0.0,0.0,0.12445414847161572
48.0,4.0,27.0,0.1,0.1,0.4,3.0,421.0,0.0,0.0,0.1330166270783848
48.0,4.0,28.0,0.1,0.1,0.4,3.0,434.0,0.0,0.0,0.1313364055299539
48.0,4.0,29.0,0.1,0.1,0.4,3.0,419.0,0.0,0.0,0.13365155131264916
48.0,4.0,30.0,0.1,0.1,0.4,3.0,421.0,0.0,0.0,0.13539192399049882
48.0,4.0,31.0,0.1,0.1,0.4,3.0,401.0,0.0,0.0,0.1396508728179551
48.0,4.0,32.0,0.1,0.1,0.4,3.0,397.0,0.0,0.0,0.14105793450881612
48.0,4.0,33.0,0.1,0.1,0.4,3.0,374.0,0.0,0.0,0.1443850267379679
48.0,4.0,34.0,0.1,0.1,0.4,3.0,387.0,0.0,0.0,0.1421188630490956
48.0,4.0,35.0,0.1,0.1,0.4,3.0,361.0,0.0,0.0,0.14681440443213298
48.0,4.0,36.0,0.1,0.1,0.4,3.0,349.0,0.0,0.0,0.1518624641833811
48.0,4.0,37.0,0.1,0.1,0.4,3.0,332.0,0.0,0.0,0.1566265060240964
48.0,4.0,38.0,0.1,0.1,0.4,3.0,327.0,0.0,0.0,0.1620795107033639
48.0,4.0,39.0,0.1,0.1,0.4,3.0,305.0,0.0,0.0,0.16721311475409836
48.0,4.0,40.0,0.1,0.1,0.4,3.0,310.0,0.0,0.0,0.16774193548387098
48.0,4.0,41.0,0.1,0.1,0.4,3.0,294.0,0.0,0.0,0.17346938775510204
48.0,4.0,42.0,0.1,0.1,0.4,3.0,285.0,0.0,0.0,0.17894736842105263
48.0,4.0,43.0,0.1,0.1,0.4,3.0,265.0,0.0,0.0,0.18490566037735848
48.0,4.0,44.0,0.1,0.1,0.4,3.0,272.0,0.0,0.0,0.1875
48.0,4.0,45.0,0.1,0.1,0.4,3.0,257.0,0.0,0.0,0.23735408560311283
48.0,4.0,46.0,0.1,0.1,0.4,3.0,261.0,0.0,0.0,0.22988505747126436
48.0,4.0,47.0,0.1,0.1,0.4,3.0,255.0,0.0,0.0,0.24313725490196078
48.0,4.0,48.0,0.1,0.1,0.4,3.0,247.0,0.0,0.0,0.242914979757085
48.0,4.0,49.0,0.1,0.1,0.4,3.0,249.0,0.0,0.0,0.23694779116465864
48.0,4.0,50.0,0.1,0.1,0.4,3.0,246.0,0.0,0.0,0.23577235772357724
48.0,4.0,51.0,0.1,0.1,0.4,3.0,244.0,0.0,0.0,0.22950819672131148
48.0,4.0,52.0,0.1,0.1,0.4,3.0,240.0,0.0,0.0,0.23333333333333334
48.0,5.0,1.0,0.1,0.1,0.4,3.0,229.0,0.0,0.0,0.2314410480349345
48.0,5.0,2.0,0.1,0.1,0.4,3.0,225.0,0.0,0.0,0.2311111111111111
48.0,5.0,3.0,0.1,0.1,0.4,3.0,227.0,0.0,0.0,0.2290748898678414
48.0,5.0,4.0,0.1,0.1,0.4,3.0,222.0,0.0,0.0,0.22522522522522523
48.0,5.0,5.0,0.1,0.1,0.4,3.0,222.0,0.0,0.0,0.23873873873873874
48.0,5.0,6.0,0.1,0.1,0.4,3.0,222.0,0.0,0.0,0.23423423423423423
48.0,5.0,7.0,0.1,0.1,0.4,3.0,221.0,0.0,0.0,0.23076923076923078
48.0,5.0,8.0,0.1,0.1,0.4,3.0,222.0,0.0,0.0,0.23873873873873874
48.0,5.0,9.0,0.1,0.1,0.4,3.0,220.0,0.0,0.0,0.2318181818181818
48.0,5.0,10.0,0.1,0.1,0.4,3.0,221.0,0.0,0.0,0.23529411764705882
48.0,5.0,11.0,0.1,0.1,0.4,3.0,216.0,0.0,0.0,0.23148148148148148
48.0,5.0,12.0,0.1,0.1,0.4,3.0,220.0,0.0,0.0,0.23636363636363636
48.0,5.0,13.0,0.1,0.1,0.4,3.0,217.0,0.0,0.0,0.2304147465437788
48.0,5.0,14.0,0.1,0.1,0.4,3.0,219.0,0.0,0.0,0.2374429223744292
48.0,5.0,15.0,0.1,0.1,0.4,3.0,216.0,0.0,0.0,0.22685185185185186
48.0,5.0,16.0,0.1,0.1,0.4,3.0,220.0,0.0,0.0,0.23636363636363636
48.0,5.0,17.0,0.1,0.1,0.4,3.0,215.0,0.0,0.0,0.2372093023255814
48.0,5.0,18.0,0.1,0.1,0.4,3.0,218.0,0.0,0.0,0.23394495412844038
48.0,5.0,19.0,0.1,0.1,0.4,3.0,211.0,0.0,0.0,0.23222748815165878
48.0,5.0,20.0,0.1,0.1,0.4,3.0,425.0,0.0,0.0,0.12
48.0,5.0,21.0,0.1,0.1,0.4,3.0,388.0,0.0,0.0,0.1134020618556701
48.0,5.0,22.0,0.1,0.1,0.4,3.0,365.0,0.0,0.0,0.1232876712328767
48.0,5.0,23.0,0.1,0.1,0.4,3.0,353.0,0.0,0.0,0.12181303116147309
48.0,5.0,24.0,0.1,0.1,0.4,3.0,309.0,0.0,0.0,0.13915857605177995
48.0,5.0,25.0,0.1,0.1,0.4,3.0,315.0,0.0,0.0,0.12698412698412698
48.0,5.0,26.0,0.1,0.1,0.4,3.0,275.0,0.0,0.0,0.14909090909090908
48.0,5.0,27.0,0.1,0.1,0.4,3.0,303.0,0.0,0.0,0.132013201320132
48.0,5.0,28.0,0.1,0.1,0.4,3.0,272.0,0.0,0.0,0.15073529411764705
48.0,5.0,29.0,0.1,0.1,0.4,3.0,300.0,0.0,0.0,0.13
48.0,5.0,30.0,0.1,0.1,0.4,3.0,278.0,0.0,0.0,0.1474820143884892
48.0,5.0,31.0,0.1,0.1,0.4,3.0,291.0,0.0,0.0,0.13058419243986255
48.0,5.0,32.0,0.1,0.1,0.4,3.0,247.0,0.0,0.0,0.15384615384615385
48.0,5.0,33.0,0.1,0.1,0.4,3.0,257.0,0.0,0.0,0.14785992217898833
48.0,5.0,34.0,0.1,0.1,0.4,3.0,250.0,0.0,0.0,0.148
48.0,5.0,35.0,0.1,0.1,0.4,3.0,247.0,0.0,0.0,0.14979757085020243
48.0,5.0,36.0,0.1,0.1,0.4,3.0,238.0,0.0,0.0,0.14285714285714285
48.0,5.0,37.0,0.1,0.1,0.4,3.0,236.0,0.0,0.0,0.1483050847457627
48.0,5.0,38.0,0.1,0.1,0.4,3.0,226.0,0.0,0.0,0.14601769911504425
48.0,5.0,39.0,0.1,0.1,0.4,3.0,224.0,0.0,0.0,0.15625
48.0,5.0,40.0,0.1,0.1,0.4,3.0,217.0,0.0,0.0,0.15207373271889402
48.0,5.0,41.0,0.1,0.1,0.4,3.0,223.0,0.0,0.0,0.15695067264573992
48.0,5.0,42.0,0.1,0.1,0.4,3.0,216.0,0.0,0.0,0.1527777777777778
48.0,5.0,43.0,0.1,0.1,0.4,3.0,222.0,0.0,0.0,0.15315315315315314
48.0,5.0,44.0,0.1,0.1,0.4,3.0,216.0,0.0,0.0,0.1527777777777778
48.0,5.0,45.0,0.1,0.1,0.4,3.0,223.0,0.0,0.0,0.23318385650224216
48.0,5.0,46.0,0.1,0.1,0.4,3.0,216.0,0.0,0.0,0.22685185185185186
48.0,5.0,47.0,0.1,0.1,0.4,3.0,223.0,0.0,0.0,0.23318385650224216
48.0,5.0,48.0,0.1,0.1,0.4,3.0,212.0,0.0,0.0,0.22641509433962265
48.0,5.0,49.0,0.1,0.1,0.4,3.0,220.0,0.0,0.0,0.22272727272727272
48.0,5.0,50.0,0.1,0.1,0.4,3.0,216.0,0.0,0.0,0.2175925925925926
48.0,5.0,51.0,0.1,0.1,0.4,3.0,215.0,0.0,0.0,0.22325581395348837
48.0,5.0,52.0,0.1,0.1,0.4,3.0,209.0,0.0,0.0,0.22009569377990432
48.0,6.0,1.0,0.1,0.1,0.4,3.0,210.0,0.0,0.0,0.22380952380952382
48.0,6.0,2.0,0.1,0.1,0.4,3.0,200.0,0.0,0.0,0.225
48.0,6.0,3.0,0.1,0.1,0.4,3.0,203.0,0.0,0.0,0.2315270935960591
48.0,6.0,4.0,0.1,0.1,0.4,3.0,195.0,0.0,0.0,0.22564102564102564
48.0,6.0,5.0,0.1,0.1,0.4,3.0,197.0,0.0,0.0,0.22842639593908629
48.0,6.0,6.0,0.1,0.1,0.4,3.0,191.0,0.0,0.0,0.2198952879581152
48.0,6.0,7.0,0.1,0.1,0.4,3.0,192.0,0.0,0.0,0.22395833333333334
48.0,6.0,8.0,0.1,0.1,0.4,3.0,187.0,0.0,0.0,0.22459893048128343
48.0,6.0,9.0,0.1,0.1,0.4,3.0,189.0,0.0,0.0,0.2275132275132275
48.0,6.0,10.0,0.1,0.1,0.4,3.0,186.0,0.0,0.0,0.22580645161290322
48.0,6.0,11.0,0.1,0.1,0.4,3.0,187.0,0.0,0.0,0.22994652406417113
48.0,6.0,12.0,0.1,0.1,0.4,3.0,184.0,0.0,0.0,0.22826086956521738
48.0,6.0,13.0,0.1,0.1,0.4,3.0,185.0,0.0,0.0,0.22702702702702704
48.0,6.0,14.0,0.1,0.1,0.4,3.0,177.0,0.0,0.0,0.23163841807909605
48.0,6.0,15.0,0.1,0.1,0.4,3.0,180.0,0.0,0.0,0.23333333333333334
48.0,6.0,16.0,0.1,0.1,0.4,3.0,175.0,0.0,0.0,0.2342857142857143
48.0,6.0,17.0,0.1,0.1,0.4,3.0,176.0,0.0,0.0,0.23863636363636365
48.0,6.0,18.0,0.1,0.1,0.4,3.0,173.0,0.0,0.0,0.23699421965317918
48.0,6.0,19.0,0.1,0.1,0.4,3.0,177.0,0.0,0.0,0.23728813559322035
48.0,6.0,20.0,0.1,0.1,0.4,3.0,304.0,0.0,0.0,0.13486842105263158
48.0,6.0,21.0,0.1,0.1,0.4,3.0,303.0,0.0,0.0,0.1353135313531353
48.0,6.0,22.0,0.1,0.1,0.4,3.0,286.0,0.0,0.0,0.13636363636363635
48.0,6.0,23.0,0.1,0.1,0.4,3.0,303.0,0.0,0.0,0.132013201320132
48.0,6.0,24.0,0.1,0.1,0.4,3.0,281.0,0.0,0.0,0.1387900355871886
48.0,6.0,25.0,0.1,0.1,0.4,3.0,284.0,0.0,0.0,0.13380281690140844
48.0,6.0,26.0,0.1,0.1,0.4,3.0,258.0,0.0,0.0,0.1434108527131783
48.0,6.0,27.0,0.1,0.1,0.4,3.0,274.0,0.0,0.0,0.13503649635036497
48.0,6.0,28.0,0.1,0.1,0.4,3.0,244.0,0.0,0.0,0.15163934426229508
48.0,6.0,29.0,0.1,0.1,0.4,3.0,248.0,0.0,0.0,0.14516129032258066
48.0,6.0,30.0,0.1,0.1,0.4,3.0,232.0,0.0,0.0,0.15517241379310345
48.0,6.0,31.0,0.1,0.1,0.4,3.0,247.0,0.0,0.0,0.145748987854251
48.0,6.0,32.0,0.1,0.1,0.4,3.0,226.0,0.0,0.0,0.1592920353982301
48.0,6.0,33.0,0.1,0.1,0.4,3.0,234.0,0.0,0.0,0.14957264957264957
48.0,6.0,34.0,0.1,0.1,0.4,3.0,221.0,0.0,0.0,0.1583710407239819
48.0,6.0,35.0,0.1,0.1,0.4,3.0,220.0,0.0,0.0,0.15454545454545454
48.0,6.0,36.0,0.1,0.1,0.4,3.0,220.0,0.0,0.0,0.1590909090909091
48.0,6.0,37.0,0.1,0.1,0.4,3.0,202.0,0.0,0.0,0.16336633663366337
48.0,6.0,38.0,0.1,0.1,0.4,3.0,202.0,0.0,0.0,0.16831683168316833
48.0,6.0,39.0,0.1,0.1,0.4,3.0,201.0,0.0,0.0,0.16417910447761194
48.0,6.0,40.0,0.1,0.1,0.4,3.0,202.0,0.0,0.0,0.16831683168316833
48.0,6.0,41.0,0.1,0.1,0.4,3.0,204.0,0.0,0.0,0.16666666666666666
48.0,6.0,42.0,0.1,0.1,0.4,3.0,200.0,0.0,0.0,0.175
48.0,6.0,43.0,0.1,0.1,0.4,3.0,199.0,0.0,0.0,0.16080402010050251
48.0,6.0,44.0,0.1,0.1,0.4,3.0,199.0,0.0,0.0,0.1708542713567839
48.0,6.0,45.0,0.1,0.1,0.4,3.0,199.0,0.0,0.0,0.22110552763819097
48.0,6.0,46.0,0.1,0.1,0.4,3.0,199.0,0.0,0.0,0.23115577889447236
48.0,6.0,47.0,0.1,0.1,0.4,3.0,200.0,0.0,0.0,0.225
48.0,6.0,48.0,0.1,0.1,0.4,3.0,189.0,0.0,0.0,0.2328042328042328
48.0,6.0,49.0,0.1,0.1,0.4,3.0,180.0,0.0,0.0,0.23333333333333334
48.0,6.0,50.0,0.1,0.1,0.4,3.0,170.0,0.0,0.0,0.24705882352941178
48.0,6.0,51.0,0.1,0.1,0.4,3.0,175.0,0.0,0.0,0.24
48.0,6.0,52.0,0.1,0.1,0.4,3.0,168.0,0.0,0.0,0.25
48.0,7.0,1.0,0.1,0.1,0.4,3.0,165.0,0.0,0.0,0.2545454545454545
48.0,7.0,2.0,0.1,0.1,0.4,3.0,159.0,0.0,0.0,0.25157232704402516
48.0,7.0,3.0,0.1,0.1,0.4,3.0,161.0,0.0,0.0,0.2360248447204969
48.0,7.0,4.0,0.1,0.1,0.4,3.0,158.0,0.0,0.0,0.2468354430379747
48.0,7.0,5.0,0.1,0.1,0.4,3.0,158.0,0.0,0.0,0.22151898734177214
48.0,7.0,6.0,0.1,0.1,0.4,3.0,155.0,0.0,0.0,0.23870967741935484
48.0,7.0,7.0,0.1,0.1,0.4,3.0,157.0,0.0,0.0,0.22929936305732485
48.0,7.0,8.0,0.1,0.1,0.4,3.0,152.0,0.0,0.0,0.24342105263157895
48.0,7.0,9.0,0.1,0.1,0.4,3.0,154.0,0.0,0.0,0.22727272727272727
48.0,7.0,10.0,0.1,0.1,0.4,3.0,150.0,0.0,0.0,0.24
48.0,7.0,11.0,0.1,0.1,0.4,3.0,153.0,0.0,0.0,0.2222222222222222
48.0,7.0,12.0,0.1,0.1,0.4,3.0,150.0,0.0,0.0,0.24
48.0,7.0,13.0,0.1,0.1,0.4,3.0,151.0,0.0,0.0,0.2251655629139073
48.0,7.0,14.0,0.1,0.1,0.4,3.0,151.0,0.0,0.0,0.23841059602649006
48.0,7.0,15.0,0.1,0.1,0.4,3.0,152.0,0.0,0.0,0.2236842105263158
48.0,7.0,16.0,0.1,0.1,0.4,3.0,140.0,0.0,0.0,0.25
48.0,7.0,17.0,0.1,0.1,0.4,3.0,148.0,0.0,0.0,0.22972972972972974
48.0,7.0,18.0,0.1,0.1,0.4,3.0,138.0,0.0,0.0,0.2463768115942029
48.0,7.0,19.0,0.1,0.1,0.4,3.0,145.0,0.0,0.0,0.22758620689655173
48.0,7.0,20.0,0.1,0.1,0.4,3.0,249.0,0.0,0.0,0.13253012048192772
48.0,7.0,21.0,0.1,0.1,0.4,3.0,245.0,0.0,0.0,0.1306122448979592
48.0,7.0,22.0,0.1,0.1,0.4,3.0,232.0,0.0,0.0,0.13793103448275862
48.0,7.0,23.0,0.1,0.1,0.4,3.0,228.0,0.0,0.0,0.13157894736842105
48.0,7.0,24.0,0.1,0.1,0.4,3.0,204.0,0.0,0.0,0.15196078431372548
48.0,7.0,25.0,0.1,0.1,0.4,3.0,197.0,0.0,0.0,0.14720812182741116
48.0,7.0,26.0,0.1,0.1,0.4,3.0,191.0,0.0,0.0,0.1518324607329843
48.0,7.0,27.0,0.1,0.1,0.4,3.0,187.0,0.0,0.0,0.1443850267379679
48.0,7.0,28.0,0.1,0.1,0.4,3.0,189.0,0.0,0.0,0.14814814814814814
48.0,7.0,29.0,0.1,0.1,0.4,3.0,187.0,0.0,0.0,0.1443850267379679
48.0,7.0,30.0,0.1,0.1,0.4,3.0,189.0,0.0,0.0,0.14285714285714285
48.0,7.0,31.0,0.1,0.1,0.4,3.0,160.0,0.0,0.0,0.15625
48.0,7.0,32.0,0.1,0.1,0.4,3.0,171.0,0.0,0.0,0.15204678362573099
48.0,7.0,33.0,0.1,0.1,0.4,3.0,160.0,0.0,0.0,0.15625
48.0,7.0,34.0,0.1,0.1,0.4,3.0,171.0,0.0,0.0,0.14619883040935672
48.0,7.0,35.0,0.1,0.1,0.4,3.0,155.0,0.0,0.0,0.15483870967741936
48.0,7.0,36.0,0.1,0.1,0.4,3.0,170.0,0.0,0.0,0.14705882352941177
48.0,7.0,37.0,0.1,0.1,0.4,3.0,155.0,0.0,0.0,0.15483870967741936
48.0,7.0,38.0,0.1,0.1,0.4,3.0,171.0,0.0,0.0,0.14619883040935672
48.0,7.0,39.0,0.1,0.1,0.4,3.0,158.0,0.0,0.0,0.1518987341772152
48.0,7.0,40.0,0.1,0.1,0.4,3.0,166.0,0.0,0.0,0.14457831325301204
48.0,7.0,41.0,0.1,0.1,0.4,3.0,156.0,0.0,0.0,0.14743589743589744
48.0,7.0,42.0,0.1,0.1,0.4,3.0,162.0,0.0,0.0,0.14814814814814814
48.0,7.0,43.0,0.1,0.1,0.4,3.0,153.0,0.0,0.0,0.1503267973856209
48.0,7.0,44.0,0.1,0.1,0.4,3.0,165.0,0.0,0.0,0.14545454545454545
48.0,7.0,45.0,0.1,0.1,0.4,3.0,152.0,0.0,0.0,0.23026315789473684
48.0,7.0,46.0,0.1,0.1,0.4,3.0,161.0,0.0,0.0,0.2236024844720497
48.0,7.0,47.0,0.1,0.1,0.4,3.0,151.0,0.0,0.0,0.23178807947019867
48.0,7.0,48.0,0.1,0.1,0.4,3.0,161.0,0.0,0.0,0.21739130434782608
48.0,7.0,49.0,0.1,0.1,0.4,3.0,140.0,0.0,0.0,0.24285714285714285
48.0,7.0,50.0,0.1,0.1,0.4,3.0,148.0,0.0,0.0,0.23648648648648649
48.0,7.0,51.0,0.1,0.1,0.4,3.0,139.0,0.0,0.0,0.23741007194244604
48.0,7.0,52.0,0.1,0.1,0.4,3.0,148.0,0.0,0.0,0.23648648648648649
48.0,8.0,1.0,0.1,0.1,0.4,3.0,138.0,0.0,0.0,0.2391304347826087
48.0,8.0,2.0,0.1,0.1,0.4,3.0,146.0,0.0,0.0,0.23972602739726026
48.0,8.0,3.0,0.1,0.1,0.4,3.0,137.0,0.0,0.0,0.24087591240875914
48.0,8.0,4.0,0.1,0.1,0.4,3.0,145.0,0.0,0.0,0.2413793103448276
48.0,8.0,5.0,0.1,0.1,0.4,3.0,134.0,0.0,0.0,0.2462686567164179
48.0,8.0,6.0,0.1,0.1,0.4,3.0,141.0,0.0,0.0,0.24822695035460993
48.0,8.0,7.0,0.1,0.1,0.4,3.0,134.0,0.0,0.0,0.2462686567164179
48.0,8.0,8.0,0.1,0.1,0.4,3.0,139.0,0.0,0.0,0.2446043165467626
48.0,8.0,9.0,0.1,0.1,0.4,3.0,135.0,0.0,0.0,0.2518518518518518
48.0,8.0,10.0,0.1,0.1,0.4,3.0,138.0,0.0,0.0,0.2536231884057971
48.0,8.0,11.0,0.1,0.1,0.4,3.0,135.0,0.0,0.0,0.2518518518518518
48.0,8.0,12.0,0.1,0.1,0.4,3.0,138.0,0.0,0.0,0.2536231884057971
48.0,8.0,13.0,0.1,0.1,0.4,3.0,133.0,0.0,0.0,0.2556390977443609
48.0,8.0,14.0,0.1,0.1,0.4,3.0,140.0,0.0,0.0,0.25
48.0,8.0,15.0,0.1,0.1,0.4,3.0,134.0,0.0,0.0,0.2537313432835821
48.0,8.0,16.0,0.1,0.1,0.4,3.0,138.0,0.0,0.0,0.2536231884057971
48.0,8.0,17.0,0.1,0.1,0.4,3.0,133.0,0.0,0.0,0.2556390977443609
48.0,8.0,18.0,0.1,0.1,0.4,3.0,137.0,0.0,0.0,0.25547445255474455
48.0,8.0,19.0,0.1,0.1,0.4,3.0,131.0,0.0,0.0,0.2595419847328244
48.0,8.0,20.0,0.1,0.1,0.4,3.0,225.0,0.0,0.0,0.1511111111111111
48.0,8.0,21.0,0.1,0.1,0.4,3.0,210.0,0.0,0.0,0.15714285714285714
48.0,8.0,22.0,0.1,0.1,0.4,3.0,225.0,0.0,0.0,0.1511111111111111
48.0,8.0,23.0,0.1,0.1,0.4,3.0,211.0,0.0,0.0,0.15639810426540285
48.0,8.0,24.0,0.1,0.1,0.4,3.0,215.0,0.0,0.0,0.15348837209302327
48.0,8.0,25.0,0.1,0.1,0.4,3.0,200.0,0.0,0.0,0.16
48.0,8.0,26.0,0.1,0.1,0.4,3.0,212.0,0.0,0.0,0.15566037735849056
48.0,8.0,27.0,0.1,0.1,0.4,3.0,198.0,0.0,0.0,0.16161616161616163
48.0,8.0,28.0,0.1,0.1,0.4,3.0,196.0,0.0,0.0,0.1683673469387755
48.0,8.0,29.0,0.1,0.1,0.4,3.0,189.0,0.0,0.0,0.1693121693121693
48.0,8.0,30.0,0.1,0.1,0.4,3.0,196.0,0.0,0.0,0.1683673469387755
48.0,8.0,31.0,0.1,0.1,0.4,3.0,181.0,0.0,0.0,0.17679558011049723
48.0,8.0,32.0,0.1,0.1,0.4,3.0,177.0,0.0,0.0,0.1807909604519774
48.0,8.0,33.0,0.1,0.1,0.4,3.0,170.0,0.0,0.0,0.18235294117647058
48.0,8.0,34.0,0.1,0.1,0.4,3.0,177.0,0.0,0.0,0.1807909604519774
48.0,8.0,35.0,0.1,0.1,0.4,3.0,169.0,0.0,0.0,0.1834319526627219
48.0,8.0,36.0,0.1,0.1,0.4,3.0,178.0,0.0,0.0,0.1797752808988764
48.0,8.0,37.0,0.1,0.1,0.4,3.0,159.0,0.0,0.0,0.18867924528301888
48.0,8.0,38.0,0.1,0.1,0.4,3.0,167.0,0.0,0.0,0.18562874251497005
48.0,8.0,39.0,0.1,0.1,0.4,3.0,159.0,0.0,0.0,0.18867924528301888
48.0,8.0,40.0,0.1,0.1,0.4,3.0,166.0,0.0,0.0,0.18674698795180722
48.0,8.0,41.0,0.1,0.1,0.4,3.0,158.0,0.0,0.0,0.189873417721519
48.0,8.0,42.0,0.1,0.1,0.4,3.0,162.0,0.0,0.0,0.19135802469135801
48.0,8.0,43.0,0.1,0.1,0.4,3.0,143.0,0.0,0.0,0.20279720279720279
48.0,8.0,44.0,0.1,0.1,0.4,3.0,149.0,0.0,0.0,0.20134228187919462
48.0,8.0,45.0,0.1,0.1,0.4,3.0,130.0,0.0,0.0,0.2846153846153846
48.0,8.0,46.0,0.1,0.1,0.4,3.0,137.0,0.0,0.0,0.2773722627737226
48.0,8.0,47.0,0.1,0.1,0.4,3.0,130.0,0.0,0.0,0.2846153846153846
48.0,8.0,48.0,0.1,0.1,0.4,3.0,136.0,0.0,0.0,0.27941176470588236
48.0,8.0,49.0,0.1,0.1,0.4,3.0,130.0,0.0,0.0,0.2846153846153846
48.0,8.0,50.0,0.1,0.1,0.4,3.0,131.0,0.0,0.0,0.2824427480916031
48.0,8.0,51.0,0.1,0.1,0.4,3.0,122.0,0.0,0.0,0.29508196721311475
48.0,8.0,52.0,0.1,0.1,0.4,3.0,130.0,0.0,0.0,0.2846153846153846
48.0,9.0,1.0,0.1,0.1,0.4,3.0,121.0,0.0,0.0,0.2892561983471074
48.0,9.0,2.0,0.1,0.1,0.4,3.0,130.0,0.0,0.0,0.2846153846153846
48.0,9.0,3.0,0.1,0.1,0.4,3.0,119.0,0.0,0.0,0.29411764705882354
48.0,9.0,4.0,0.1,0.1,0.4,3.0,130.0,0.0,0.0,0.2846153846153846
48.0,9.0,5.0,0.1,0.1,0.4,3.0,120.0,0.0,0.0,0.2916666666666667
48.0,9.0,6.0,0.1,0.1,0.4,3.0,129.0,0.0,0.0,0.2868217054263566
48.0,9.0,7.0,0.1,0.1,0.4,3.0,119.0,0.0,0.0,0.29411764705882354
48.0,9.0,8.0,0.1,0.1,0.4,3.0,129.0,0.0,0.0,0.2868217054263566
48.0,9.0,9.0,0.1,0.1,0.4,3.0,119.0,0.0,0.0,0.29411764705882354
48.0,9.0,10.0,0.1,0.1,0.4,3.0,128.0,0.0,0.0,0.2890625
48.0,9.0,11.0,0.1,0.1,0.4,3.0,118.0,0.0,0.0,0.288135593220339
48.0,9.0,12.0,0.1,0.1,0.4,3.0,127.0,0.0,0.0,0.28346456692913385
48.0,9.0,13.0,0.1,0.1,0.4,3.0,118.0,0.0,0.0,0.288135593220339
48.0,9.0,14.0,0.1,0.1,0.4,3.0,128.0,0.0,0.0,0.28125
48.0,9.0,15.0,0.1,0.1,0.4,3.0,118.0,0.0,0.0,0.288135593220339
48.0,9.0,16.0,0.1,0.1,0.4,3.0,127.0,0.0,0.0,0.28346456692913385
48.0,9.0,17.0,0.1,0.1,0.4,3.0,117.0,0.0,0.0,0.2905982905982906
48.0,9.0,18.0,0.1,0.1,0.4,3.0,126.0,0.0,0.0,0.2857142857142857
48.0,9.0,19.0,0.1,0.1,0.4,3.0,117.0,0.0,0.0,0.2905982905982906
48.0,9.0,20.0,0.1,0.1,0.4,3.0,204.0,0.0,0.0,0.14705882352941177
48.0,9.0,21.0,0.1,0.1,0.4,3.0,192.0,0.0,0.0,0.14583333333333334
48.0,9.0,22.0,0.1,0.1,0.4,3.0,188.0,0.0,0.0,0.14893617021276595
48.0,9.0,23.0,0.1,0.1,0.4,3.0,179.0,0.0,0.0,0.1452513966480447
48.0,9.0,24.0,0.1,0.1,0.4,3.0,177.0,0.0,0.0,0.15819209039548024
48.0,9.0,25.0,0.1,0.1,0.4,3.0,177.0,0.0,0.0,0.14689265536723164
48.0,9.0,26.0,0.1,0.1,0.4,3.0,178.0,0.0,0.0,0.15730337078651685
48.0,9.0,27.0,0.1,0.1,0.4,3.0,178.0,0.0,0.0,0.14606741573033707
48.0,9.0,28.0,0.1,0.1,0.4,3.0,178.0,0.0,0.0,0.15730337078651685
48.0,9.0,29.0,0.1,0.1,0.4,3.0,178.0,0.0,0.0,0.14606741573033707
48.0,9.0,30.0,0.1,0.1,0.4,3.0,177.0,0.0,0.0,0.15819209039548024
48.0,9.0,31.0,0.1,0.1,0.4,3.0,167.0,0.0,0.0,0.1497005988023952
48.0,9.0,32.0,0.1,0.1,0.4,3.0,165.0,0.0,0.0,0.16363636363636364
48.0,9.0,33.0,0.1,0.1,0.4,3.0,166.0,0.0,0.0,0.1566265060240964
48.0,9.0,34.0,0.1,0.1,0.4,3.0,164.0,0.0,0.0,0.15853658536585366
48.0,9.0,35.0,0.1,0.1,0.4,3.0,154.0,0.0,0.0,0.16233766233766234
48.0,9.0,36.0,0.1,0.1,0.4,3.0,153.0,0.0,0.0,0.16339869281045752
48.0,9.0,37.0,0.1,0.1,0.4,3.0,155.0,0.0,0.0,0.16129032258064516
48.0,9.0,38.0,0.1,0.1,0.4,3.0,153.0,0.0,0.0,0.16339869281045752
48.0,9.0,39.0,0.1,0.1,0.4,3.0,154.0,0.0,0.0,0.16233766233766234
48.0,9.0,40.0,0.1,0.1,0.4,3.0,152.0,0.0,0.0,0.16447368421052633
48.0,9.0,41.0,0.1,0.1,0.4,3.0,153.0,0.0,0.0,0.16339869281045752
48.0,9.0,42.0,0.1,0.1,0.4,3.0,143.0,0.0,0.0,0.16783216783216784
48.0,9.0,43.0,0.1,0.1,0.4,3.0,144.0,0.0,0.0,0.16666666666666666
48.0,9.0,44.0,0.1,0.1,0.4,3.0,134.0,0.0,0.0,0.17164179104477612
48.0,9.0,45.0,0.1,0.1,0.4,3.0,137.0,0.0,0.0,0.24087591240875914
48.0,9.0,46.0,0.1,0.1,0.4,3.0,133.0,0.0,0.0,0.24812030075187969
48.0,9.0,47.0,0.1,0.1,0.4,3.0,127.0,0.0,0.0,0.25196850393700787
48.0,9.0,48.0,0.1,0.1,0.4,3.0,125.0,0.0,0.0,0.256
48.0,9.0,49.0,0.1,0.1,0.4,3.0,127.0,0.0,0.0,0.2440944881889764
48.0,9.0,50.0,0.1,0.1,0.4,3.0,123.0,0.0,0.0,0.2601626016260163
48.0,9.0,51.0,0.1,0.1,0.4,3.0,127.0,0.0,0.0,0.25196850393700787
48.0,9.0,52.0,0.1,0.1,0.4,3.0,121.0,0.0,0.0,0.2644628099173554
48.0,10.0,1.0,0.1,0.1,0.4,3.0,126.0,0.0,0.0,0.25396825396825395
48.0,10.0,2.0,0.1,0.1,0.4,3.0,119.0,0.0,0.0,0.2605042016806723
48.0,10.0,3.0,0.1,0.1,0.4,3.0,121.0,0.0,0.0,0.256198347107438
48.0,10.0,4.0,0.1,0.1,0.4,3.0,118.0,0.0,0.0,0.2627118644067797
48.0,10.0,5.0,0.1,0.1,0.4,3.0,122.0,0.0,0.0,0.2540983606557377
48.0,10.0,6.0,0.1,0.1,0.4,3.0,117.0,0.0,0.0,0.26495726495726496
48.0,10.0,7.0,0.1,0.1,0.4,3.0,119.0,0.0,0.0,0.2605042016806723
48.0,10.0,8.0,0.1,0.1,0.4,3.0,115.0,0.0,0.0,0.2608695652173913
48.0,10.0,9.0,0.1,0.1,0.4,3.0,120.0,0.0,0.0,0.25833333333333336
48.0,10.0,10.0,0.1,0.1,0.4,3.0,117.0,0.0,0.0,0.26495726495726496
48.0,10.0,11.0,0.1,0.1,0.4,3.0,120.0,0.0,0.0,0.25833333333333336
48.0,10.0,12.0,0.1,0.1,0.4,3.0,117.0,0.0,0.0,0.2564102564102564
48.0,10.0,13.0,0.1,0.1,0.4,3.0,119.0,0.0,0.0,0.2605042016806723
48.0,10.0,14.0,0.1,0.1,0.4,3.0,116.0,0.0,0.0,0.2672413793103448
48.0,10.0,15.0,0.1,0.1,0.4,3.0,119.0,0.0,0.0,0.2605042016806723
48.0,10.0,16.0,0.1,0.1,0.4,3.0,117.0,0.0,0.0,0.2564102564102564
48.0,10.0,17.0,0.1,0.1,0.4,3.0,119.0,0.0,0.0,0.2605042016806723
48.0,10.0,18.0,0.1,0.1,0.4,3.0,117.0,0.0,0.0,0.26495726495726496
48.0,10.0,19.0,0.1,0.1,0.4,3.0,119.0,0.0,0.0,0.2605042016806723
48.0,10.0,20.0,0.1,0.1,0.4,3.0,182.0,0.0,0.0,0.14835164835164835
48.0,10.0,21.0,0.1,0.1,0.4,3.0,173.0,0.0,0.0,0.14450867052023122
48.0,10.0,22.0,0.1,0.1,0.4,3.0,172.0,0.0,0.0,0.14534883720930233
48.0,10.0,23.0,0.1,0.1,0.4,3.0,164.0,0.0,0.0,0.1524390243902439
48.0,10.0,24.0,0.1,0.1,0.4,3.0,156.0,0.0,0.0,0.15384615384615385
48.0,10.0,25.0,0.1,0.1,0.4,3.0,156.0,0.0,0.0,0.15384615384615385
48.0,10.0,26.0,0.1,0.1,0.4,3.0,157.0,0.0,0.0,0.15286624203821655
48.0,10.0,27.0,0.1,0.1,0.4,3.0,146.0,0.0,0.0,0.1643835616438356
48.0,10.0,28.0,0.1,0.1,0.4,3.0,146.0,0.0,0.0,0.1643835616438356
48.0,10.0,29.0,0.1,0.1,0.4,3.0,145.0,0.0,0.0,0.16551724137931034
48.0,10.0,30.0,0.1,0.1,0.4,3.0,147.0,0.0,0.0,0.16326530612244897
48.0,10.0,31.0,0.1,0.1,0.4,3.0,145.0,0.0,0.0,0.15862068965517243
48.0,10.0,32.0,0.1,0.1,0.4,3.0,147.0,0.0,0.0,0.16326530612244897
48.0,10.0,33.0,0.1,0.1,0.4,3.0,146.0,0.0,0.0,0.1643835616438356
48.0,10.0,34.0,0.1,0.1,0.4,3.0,145.0,0.0,0.0,0.16551724137931034
48.0,10.0,35.0,0.1,0.1,0.4,3.0,148.0,0.0,0.0,0.16216216216216217
48.0,10.0,36.0,0.1,0.1,0.4,3.0,132.0,0.0,0.0,0.18181818181818182
48.0,10.0,37.0,0.1,0.1,0.4,3.0,129.0,0.0,0.0,0.18604651162790697
48.0,10.0,38.0,0.1,0.1,0.4,3.0,123.0,0.0,0.0,0.18699186991869918
48.0,10.0,39.0,0.1,0.1,0.4,3.0,129.0,0.0,0.0,0.18604651162790697
48.0,10.0,40.0,0.1,0.1,0.4,3.0,123.0,0.0,0.0,0.1951219512195122
48.0,10.0,41.0,0.1,0.1,0.4,3.0,128.0,0.0,0.0,0.1875
48.0,10.0,42.0,0.1,0.1,0.4,3.0,123.0,0.0,0.0,0.1951219512195122
48.0,10.0,43.0,0.1,0.1,0.4,3.0,128.0,0.0,0.0,0.1875
48.0,10.0,44.0,0.1,0.1,0.4,3.0,123.0,0.0,0.0,0.1951219512195122
48.0,10.0,45.0,0.1,0.1,0.4,3.0,127.0,0.0,0.0,0.2677165354330709
48.0,10.0,46.0,0.1,0.1,0.4,3.0,123.0,0.0,0.0,0.2601626016260163
48.0,10.0,47.0,0.1,0.1,0.4,3.0,126.0,0.0,0.0,0.2619047619047619
48.0,10.0,48.0,0.1,0.1,0.4,3.0,121.0,0.0,0.0,0.2644628099173554
48.0,10.0,49.0,0.1,0.1,0.4,3.0,127.0,0.0,0.0,0.2677165354330709
48.0,10.0,50.0,0.1,0.1,0.4,3.0,116.0,0.0,0.0,0.28448275862068967
48.0,10.0,51.0,0.1,0.1,0.4,3.0,124.0,0.0,0.0,0.25806451612903225
48.0,10.0,52.0,0.1,0.1,0.4,3.0,116.0,0.0,0.0,0.28448275862068967
49.0,1.0,1.0,0.1,0.1,0.4,3.0,4976.0,45.0,9.0,0.09364951768488745
49.0,1.0,2.0,0.1,0.1,0.4,3.0,4864.0,52.0,21.0,0.09416118421052631
49.0,1.0,3.0,0.1,0.1,0.4,3.0,4760.0,74.0,34.0,0.09474789915966386
49.0,1.0,4.0,0.1,0.1,0.4,3.0,4649.0,94.0,34.0,0.09679500967950097
49.0,1.0,5.0,0.1,0.1,0.4,3.0,4630.0,123.0,44.0,0.09697624190064795
49.0,1.0,6.0,0.1,0.1,0.4,3.0,4425.0,148.0,46.0,0.09875706214689266
49.0,1.0,7.0,0.1,0.1,0.4,3.0,4322.0,173.0,62.0,0.0981027302174919
49.0,1.0,8.0,0.1,0.1,0.4,3.0,4082.0,175.0,71.0,0.09995100440960314
49.0,1.0,9.0,0.1,0.1,0.4,3.0,3880.0,199.0,76.0,0.1
49.0,1.0,10.0,0.1,0.1,0.4,3.0,3691.0,227.0,84.0,0.10186941208344621
49.0,1.0,11.0,0.1,0.1,0.4,3.0,3499.0,249.0,96.0,0.10288653901114604
49.0,1.0,12.0,0.1,0.1,0.4,3.0,3364.0,259.0,113.0,0.10552913198573127
49.0,1.0,13.0,0.1,0.1,0.4,3.0,3241.0,249.0,121.0,0.10459734649799445
49.0,1.0,14.0,0.1,0.1,0.4,3.0,3057.0,212.0,107.0,0.10631337912986588
49.0,1.0,15.0,0.1,0.1,0.4,3.0,2968.0,198.0,108.0,0.10579514824797843
49.0,1.0,16.0,0.1,0.1,0.4,3.0,2821.0,197.0,104.0,0.108826657213754
49.0,1.0,17.0,0.1,0.1,0.4,3.0,2727.0,191.0,102.0,0.10964429776310965
49.0,1.0,18.0,0.1,0.1,0.4,3.0,2624.0,183.0,90.0,0.11204268292682927
49.0,1.0,19.0,0.1,0.1,0.4,3.0,2577.0,173.0,84.0,0.1113698098564222
49.0,1.0,20.0,0.1,0.1,0.4,3.0,6884.0,162.0,77.0,0.04154561301568855
49.0,1.0,21.0,0.1,0.1,0.4,3.0,6258.0,222.0,82.0,0.04202620645573666
49.0,1.0,22.0,0.1,0.1,0.4,3.0,5606.0,252.0,85.0,0.04548697823760257
49.0,1.0,23.0,0.1,0.1,0.4,3.0,5276.0,287.0,97.0,0.04681576952236543
49.0,1.0,24.0,0.1,0.1,0.4,3.0,4782.0,283.0,120.0,0.04893350062735257
49.0,1.0,25.0,0.1,0.1,0.4,3.0,4444.0,344.0,136.0,0.050405040504050404
49.0,1.0,26.0,0.1,0.1,0.4,3.0,4107.0,352.0,117.0,0.05088872656440224
49.0,1.0,27.0,0.1,0.1,0.4,3.0,3745.0,373.0,122.0,0.0520694259012016
49.0,1.0,28.0,0.1,0.1,0.4,3.0,3474.0,367.0,146.0,0.05497985031663788
49.0,1.0,29.0,0.1,0.1,0.4,3.0,3230.0,389.0,172.0,0.056656346749226004
49.0,1.0,30.0,0.1,0.1,0.4,3.0,2997.0,361.0,162.0,0.06106106106106106
49.0,1.0,31.0,0.1,0.1,0.4,3.0,2777.0,356.0,165.0,0.06409794742527908
49.0,1.0,32.0,0.1,0.1,0.4,3.0,2494.0,355.0,152.0,0.06776263031275061
49.0,1.0,33.0,0.1,0.1,0.4,3.0,2280.0,339.0,137.0,0.06798245614035088
49.0,1.0,34.0,0.1,0.1,0.4,3.0,2113.0,324.0,139.0,0.07098911500236631
49.0,1.0,35.0,0.1,0.1,0.4,3.0,1933.0,304.0,130.0,0.07553026383859286
49.0,1.0,36.0,0.1,0.1,0.4,3.0,1722.0,293.0,145.0,0.08072009291521487
49.0,1.0,37.0,0.1,0.1,0.4,3.0,1604.0,266.0,118.0,0.08291770573566085
49.0,1.0,38.0,0.1,0.1,0.4,3.0,1494.0,254.0,123.0,0.08902275769745649
49.0,1.0,39.0,0.1,0.1,0.4,3.0,1421.0,233.0,109.0,0.09218859957776214
49.0,1.0,40.0,0.1,0.1,0.4,3.0,1334.0,241.0,122.0,0.0967016491754123
49.0,1.0,41.0,0.1,0.1,0.4,3.0,1229.0,194.0,93.0,0.10170870626525631
49.0,1.0,42.0,0.1,0.1,0.4,3.0,1118.0,177.0,87.0,0.11180679785330948
49.0,1.0,43.0,0.1,0.1,0.4,3.0,1085.0,164.0,85.0,0.11152073732718894
49.0,1.0,44.0,0.1,0.1,0.4,3.0,1010.0,152.0,85.0,0.11782178217821782
49.0,1.0,45.0,0.1,0.1,0.4,3.0,935.0,126.0,77.0,0.19572192513368983
49.0,1.0,46.0,0.1,0.1,0.4,3.0,860.0,106.0,65.0,0.20813953488372092
49.0,1.0,47.0,0.1,0.1,0.4,3.0,817.0,88.0,54.0,0.20685434516523868
49.0,1.0,48.0,0.1,0.1,0.4,3.0,773.0,77.0,39.0,0.21604139715394566
49.0,1.0,49.0,0.1,0.1,0.4,3.0,737.0,63.0,38.0,0.21709633649932158
49.0,1.0,50.0,0.1,0.1,0.4,3.0,713.0,55.0,35.0,0.22720897615708274
49.0,1.0,51.0,0.1,0.1,0.4,3.0,692.0,52.0,36.0,0.21965317919075145
49.0,1.0,52.0,0.1,0.1,0.4,3.0,650.0,40.0,23.0,0.23384615384615384
49.0,2.0,1.0,0.1,0.1,0.4,3.0,643.0,37.0,16.0,0.2286158631415241
49.0,2.0,2.0,0.1,0.1,0.4,3.0,624.0,31.0,16.0,0.2387820512820513
49.0,2.0,3.0,0.1,0.1,0.4,3.0,625.0,33.0,15.0,0.2336
49.0,2.0,4.0,0.1,0.1,0.4,3.0,608.0,32.0,14.0,0.24013157894736842
49.0,2.0,5.0,0.1,0.1,0.4,3.0,604.0,27.0,13.0,0.23841059602649006
49.0,2.0,6.0,0.1,0.1,0.4,3.0,587.0,25.0,18.0,0.24361158432708688
49.0,2.0,7.0,0.1,0.1,0.4,3.0,585.0,24.0,21.0,0.24273504273504273
49.0,2.0,8.0,0.1,0.1,0.4,3.0,562.0,20.0,14.0,0.2508896797153025
49.0,2.0,9.0,0.1,0.1,0.4,3.0,555.0,12.0,7.0,0.25045045045045045
49.0,2.0,10.0,0.1,0.1,0.4,3.0,541.0,8.0,3.0,0.2532347504621072
49.0,2.0,11.0,0.1,0.1,0.4,3.0,542.0,9.0,5.0,0.25276752767527677
49.0,2.0,12.0,0.1,0.1,0.4,3.0,531.0,8.0,6.0,0.256120527306968
49.0,2.0,13.0,0.1,0.1,0.4,3.0,535.0,6.0,4.0,0.2560747663551402
49.0,2.0,14.0,0.1,0.1,0.4,3.0,515.0,4.0,4.0,0.2621359223300971
49.0,2.0,15.0,0.1,0.1,0.4,3.0,513.0,2.0,2.0,0.2631578947368421
49.0,2.0,16.0,0.1,0.1,0.4,3.0,504.0,2.0,2.0,0.2619047619047619
49.0,2.0,17.0,0.1,0.1,0.4,3.0,498.0,0.0,0.0,0.26104417670682734
49.0,2.0,18.0,0.1,0.1,0.4,3.0,493.0,0.0,0.0,0.26369168356997974
49.0,2.0,19.0,0.1,0.1,0.4,3.0,492.0,0.0,0.0,0.2621951219512195
49.0,2.0,20.0,0.1,0.1,0.4,3.0,871.0,0.0,0.0,0.14810562571756603
49.0,2.0,21.0,0.1,0.1,0.4,3.0,860.0,0.0,0.0,0.15
49.0,2.0,22.0,0.1,0.1,0.4,3.0,829.0,0.0,0.0,0.15440289505428226
49.0,2.0,23.0,0.1,0.1,0.4,3.0,811.0,0.0,0.0,0.15289765721331688
49.0,2.0,24.0,0.1,0.1,0.4,3.0,795.0,0.0,0.0,0.1559748427672956
49.0,2.0,25.0,0.1,0.1,0.4,3.0,765.0,0.0,0.0,0.1568627450980392
49.0,2.0,26.0,0.1,0.1,0.4,3.0,757.0,0.0,0.0,0.15852047556142668
49.0,2.0,27.0,0.1,0.1,0.4,3.0,710.0,0.0,0.0,0.16338028169014085
49.0,2.0,28.0,0.1,0.1,0.4,3.0,672.0,0.0,0.0,0.16815476190476192
49.0,2.0,29.0,0.1,0.1,0.4,3.0,658.0,0.0,0.0,0.16869300911854104
49.0,2.0,30.0,0.1,0.1,0.4,3.0,659.0,0.0,0.0,0.1669195751138088
49.0,2.0,31.0,0.1,0.1,0.4,3.0,637.0,0.0,0.0,0.1695447409733124
49.0,2.0,32.0,0.1,0.1,0.4,3.0,628.0,0.0,0.0,0.17197452229299362
49.0,2.0,33.0,0.1,0.1,0.4,3.0,602.0,0.0,0.0,0.1744186046511628
49.0,2.0,34.0,0.1,0.1,0.4,3.0,599.0,0.0,0.0,0.17863105175292154
49.0,2.0,35.0,0.1,0.1,0.4,3.0,596.0,0.0,0.0,0.174496644295302
49.0,2.0,36.0,0.1,0.1,0.4,3.0,593.0,0.0,0.0,0.18043844856661045
49.0,2.0,37.0,0.1,0.1,0.4,3.0,573.0,0.0,0.0,0.17801047120418848
49.0,2.0,38.0,0.1,0.1,0.4,3.0,568.0,0.0,0.0,0.18661971830985916
49.0,2.0,39.0,0.1,0.1,0.4,3.0,533.0,0.0,0.0,0.18761726078799248
49.0,2.0,40.0,0.1,0.1,0.4,3.0,534.0,0.0,0.0,0.19662921348314608
49.0,2.0,41.0,0.1,0.1,0.4,3.0,511.0,0.0,0.0,0.1917808219178082
49.0,2.0,42.0,0.1,0.1,0.4,3.0,526.0,0.0,0.0,0.1958174904942966
49.0,2.0,43.0,0.1,0.1,0.4,3.0,499.0,0.0,0.0,0.1903807615230461
49.0,2.0,44.0,0.1,0.1,0.4,3.0,510.0,0.0,0.0,0.19411764705882353
49.0,2.0,45.0,0.1,0.1,0.4,3.0,480.0,0.0,0.0,0.24166666666666667
49.0,2.0,46.0,0.1,0.1,0.4,3.0,486.0,0.0,0.0,0.25102880658436216
49.0,2.0,47.0,0.1,0.1,0.4,3.0,470.0,0.0,0.0,0.2425531914893617
49.0,2.0,48.0,0.1,0.1,0.4,3.0,482.0,0.0,0.0,0.25103734439834025
49.0,2.0,49.0,0.1,0.1,0.4,3.0,467.0,0.0,0.0,0.23768736616702354
49.0,2.0,50.0,0.1,0.1,0.4,3.0,469.0,0.0,0.0,0.2515991471215352
49.0,2.0,51.0,0.1,0.1,0.4,3.0,450.0,0.0,0.0,0.24
49.0,2.0,52.0,0.1,0.1,0.4,3.0,462.0,0.0,0.0,0.2510822510822511
49.0,3.0,1.0,0.1,0.1,0.4,3.0,444.0,0.0,0.0,0.240990990990991
49.0,3.0,2.0,0.1,0.1,0.4,3.0,461.0,0.0,0.0,0.25162689804772237
49.0,3.0,3.0,0.1,0.1,0.4,3.0,440.0,0.0,0.0,0.2431818181818182
49.0,3.0,4.0,0.1,0.1,0.4,3.0,454.0,0.0,0.0,0.2511013215859031
49.0,3.0,5.0,0.1,0.1,0.4,3.0,425.0,0.0,0.0,0.24235294117647058
49.0,3.0,6.0,0.1,0.1,0.4,3.0,438.0,0.0,0.0,0.2534246575342466
49.0,3.0,7.0,0.1,0.1,0.4,3.0,424.0,0.0,0.0,0.2429245283018868
49.0,3.0,8.0,0.1,0.1,0.4,3.0,436.0,0.0,0.0,0.24770642201834864
49.0,3.0,9.0,0.1,0.1,0.4,3.0,411.0,0.0,0.0,0.24817518248175183
49.0,3.0,10.0,0.1,0.1,0.4,3.0,423.0,0.0,0.0,0.25295508274231676
49.0,3.0,11.0,0.1,0.1,0.4,3.0,410.0,0.0,0.0,0.24634146341463414
49.0,3.0,12.0,0.1,0.1,0.4,3.0,422.0,0.0,0.0,0.25355450236966826
49.0,3.0,13.0,0.1,0.1,0.4,3.0,410.0,0.0,0.0,0.24634146341463414
49.0,3.0,14.0,0.1,0.1,0.4,3.0,420.0,0.0,0.0,0.2523809523809524
49.0,3.0,15.0,0.1,0.1,0.4,3.0,405.0,0.0,0.0,0.24691358024691357
49.0,3.0,16.0,0.1,0.1,0.4,3.0,415.0,0.0,0.0,0.25542168674698795
49.0,3.0,17.0,0.1,0.1,0.4,3.0,401.0,0.0,0.0,0.24937655860349128
49.0,3.0,18.0,0.1,0.1,0.4,3.0,412.0,0.0,0.0,0.25485436893203883
49.0,3.0,19.0,0.1,0.1,0.4,3.0,396.0,0.0,0.0,0.25
49.0,3.0,20.0,0.1,0.1,0.4,3.0,783.0,0.0,0.0,0.13282247765006386
49.0,3.0,21.0,0.1,0.1,0.4,3.0,730.0,0.0,0.0,0.13013698630136986
49.0,3.0,22.0,0.1,0.1,0.4,3.0,735.0,0.0,0.0,0.1346938775510204
49.0,3.0,23.0,0.1,0.1,0.4,3.0,727.0,0.0,0.0,0.1265474552957359
49.0,3.0,24.0,0.1,0.1,0.4,3.0,709.0,0.0,0.0,0.13399153737658676
49.0,3.0,25.0,0.1,0.1,0.4,3.0,643.0,0.0,0.0,0.13374805598755832
49.0,3.0,26.0,0.1,0.1,0.4,3.0,630.0,0.0,0.0,0.14444444444444443
49.0,3.0,27.0,0.1,0.1,0.4,3.0,617.0,0.0,0.0,0.13614262560777957
49.0,3.0,28.0,0.1,0.1,0.4,3.0,596.0,0.0,0.0,0.14429530201342283
49.0,3.0,29.0,0.1,0.1,0.4,3.0,567.0,0.0,0.0,0.14285714285714285
49.0,3.0,30.0,0.1,0.1,0.4,3.0,549.0,0.0,0.0,0.14389799635701275
49.0,3.0,31.0,0.1,0.1,0.4,3.0,541.0,0.0,0.0,0.14048059149722736
49.0,3.0,32.0,0.1,0.1,0.4,3.0,538.0,0.0,0.0,0.137546468401487
49.0,3.0,33.0,0.1,0.1,0.4,3.0,535.0,0.0,0.0,0.14205607476635515
49.0,3.0,34.0,0.1,0.1,0.4,3.0,503.0,0.0,0.0,0.14314115308151093
49.0,3.0,35.0,0.1,0.1,0.4,3.0,483.0,0.0,0.0,0.14906832298136646
49.0,3.0,36.0,0.1,0.1,0.4,3.0,470.0,0.0,0.0,0.15319148936170213
49.0,3.0,37.0,0.1,0.1,0.4,3.0,463.0,0.0,0.0,0.15334773218142547
49.0,3.0,38.0,0.1,0.1,0.4,3.0,447.0,0.0,0.0,0.15436241610738255
49.0,3.0,39.0,0.1,0.1,0.4,3.0,430.0,0.0,0.0,0.15348837209302327
49.0,3.0,40.0,0.1,0.1,0.4,3.0,419.0,0.0,0.0,0.15035799522673032
49.0,3.0,41.0,0.1,0.1,0.4,3.0,409.0,0.0,0.0,0.15647921760391198
49.0,3.0,42.0,0.1,0.1,0.4,3.0,411.0,0.0,0.0,0.15328467153284672
49.0,3.0,43.0,0.1,0.1,0.4,3.0,393.0,0.0,0.0,0.16030534351145037
49.0,3.0,44.0,0.1,0.1,0.4,3.0,397.0,0.0,0.0,0.1561712846347607
49.0,3.0,45.0,0.1,0.1,0.4,3.0,387.0,0.0,0.0,0.19896640826873385
49.0,3.0,46.0,0.1,0.1,0.4,3.0,378.0,0.0,0.0,0.19576719576719576
49.0,3.0,47.0,0.1,0.1,0.4,3.0,374.0,0.0,0.0,0.19786096256684493
49.0,3.0,48.0,0.1,0.1,0.4,3.0,370.0,0.0,0.0,0.2
49.0,3.0,49.0,0.1,0.1,0.4,3.0,370.0,0.0,0.0,0.2
49.0,3.0,50.0,0.1,0.1,0.4,3.0,370.0,0.0,0.0,0.1972972972972973
49.0,3.0,51.0,0.1,0.1,0.4,3.0,362.0,0.0,0.0,0.20165745856353592
49.0,3.0,52.0,0.1,0.1,0.4,3.0,355.0,0.0,0.0,0.2028169014084507
49.0,4.0,1.0,0.1,0.1,0.4,3.0,352.0,0.0,0.0,0.20454545454545456
49.0,4.0,2.0,0.1,0.1,0.4,3.0,351.0,0.0,0.0,0.20512820512820512
49.0,4.0,3.0,0.1,0.1,0.4,3.0,345.0,0.0,0.0,0.21159420289855072
49.0,4.0,4.0,0.1,0.1,0.4,3.0,336.0,0.0,0.0,0.21428571428571427
49.0,4.0,5.0,0.1,0.1,0.4,3.0,329.0,0.0,0.0,0.2188449848024316
49.0,4.0,6.0,0.1,0.1,0.4,3.0,330.0,0.0,0.0,0.21212121212121213
49.0,4.0,7.0,0.1,0.1,0.4,3.0,325.0,0.0,0.0,0.22153846153846155
49.0,4.0,8.0,0.1,0.1,0.4,3.0,326.0,0.0,0.0,0.21779141104294478
49.0,4.0,9.0,0.1,0.1,0.4,3.0,325.0,0.0,0.0,0.22153846153846155
49.0,4.0,10.0,0.1,0.1,0.4,3.0,324.0,0.0,0.0,0.21604938271604937
49.0,4.0,11.0,0.1,0.1,0.4,3.0,317.0,0.0,0.0,0.21766561514195584
49.0,4.0,12.0,0.1,0.1,0.4,3.0,318.0,0.0,0.0,0.2169811320754717
49.0,4.0,13.0,0.1,0.1,0.4,3.0,310.0,0.0,0.0,0.21935483870967742
49.0,4.0,14.0,0.1,0.1,0.4,3.0,312.0,0.0,0.0,0.21474358974358973
49.0,4.0,15.0,0.1,0.1,0.4,3.0,305.0,0.0,0.0,0.21311475409836064
49.0,4.0,16.0,0.1,0.1,0.4,3.0,308.0,0.0,0.0,0.2077922077922078
49.0,4.0,17.0,0.1,0.1,0.4,3.0,304.0,0.0,0.0,0.21052631578947367
49.0,4.0,18.0,0.1,0.1,0.4,3.0,306.0,0.0,0.0,0.20915032679738563
49.0,4.0,19.0,0.1,0.1,0.4,3.0,303.0,0.0,0.0,0.21122112211221122
49.0,4.0,20.0,0.1,0.1,0.4,3.0,565.0,0.0,0.0,0.1079646017699115
49.0,4.0,21.0,0.1,0.1,0.4,3.0,527.0,0.0,0.0,0.11005692599620494
49.0,4.0,22.0,0.1,0.1,0.4,3.0,496.0,0.0,0.0,0.11491935483870967
49.0,4.0,23.0,0.1,0.1,0.4,3.0,479.0,0.0,0.0,0.11482254697286012
49.0,4.0,24.0,0.1,0.1,0.4,3.0,467.0,0.0,0.0,0.11349036402569593
49.0,4.0,25.0,0.1,0.1,0.4,3.0,469.0,0.0,0.0,0.11300639658848614
49.0,4.0,26.0,0.1,0.1,0.4,3.0,467.0,0.0,0.0,0.11349036402569593
49.0,4.0,27.0,0.1,0.1,0.4,3.0,467.0,0.0,0.0,0.11349036402569593
49.0,4.0,28.0,0.1,0.1,0.4,3.0,458.0,0.0,0.0,0.11572052401746726
49.0,4.0,29.0,0.1,0.1,0.4,3.0,458.0,0.0,0.0,0.11572052401746726
49.0,4.0,30.0,0.1,0.1,0.4,3.0,456.0,0.0,0.0,0.1162280701754386
49.0,4.0,31.0,0.1,0.1,0.4,3.0,458.0,0.0,0.0,0.11572052401746726
49.0,4.0,32.0,0.1,0.1,0.4,3.0,455.0,0.0,0.0,0.11648351648351649
49.0,4.0,33.0,0.1,0.1,0.4,3.0,442.0,0.0,0.0,0.11312217194570136
49.0,4.0,34.0,0.1,0.1,0.4,3.0,425.0,0.0,0.0,0.11529411764705882
49.0,4.0,35.0,0.1,0.1,0.4,3.0,434.0,0.0,0.0,0.1152073732718894
49.0,4.0,36.0,0.1,0.1,0.4,3.0,419.0,0.0,0.0,0.11694510739856802
49.0,4.0,37.0,0.1,0.1,0.4,3.0,414.0,0.0,0.0,0.11835748792270531
49.0,4.0,38.0,0.1,0.1,0.4,3.0,413.0,0.0,0.0,0.1162227602905569
49.0,4.0,39.0,0.1,0.1,0.4,3.0,397.0,0.0,0.0,0.11838790931989925
49.0,4.0,40.0,0.1,0.1,0.4,3.0,399.0,0.0,0.0,0.12030075187969924
49.0,4.0,41.0,0.1,0.1,0.4,3.0,385.0,0.0,0.0,0.11428571428571428
49.0,4.0,42.0,0.1,0.1,0.4,3.0,389.0,0.0,0.0,0.11311053984575835
49.0,4.0,43.0,0.1,0.1,0.4,3.0,377.0,0.0,0.0,0.11671087533156499
49.0,4.0,44.0,0.1,0.1,0.4,3.0,367.0,0.0,0.0,0.11989100817438691
49.0,4.0,45.0,0.1,0.1,0.4,3.0,366.0,0.0,0.0,0.16939890710382513
49.0,4.0,46.0,0.1,0.1,0.4,3.0,368.0,0.0,0.0,0.16847826086956522
49.0,4.0,47.0,0.1,0.1,0.4,3.0,366.0,0.0,0.0,0.16939890710382513
49.0,4.0,48.0,0.1,0.1,0.4,3.0,351.0,0.0,0.0,0.16524216524216523
49.0,4.0,49.0,0.1,0.1,0.4,3.0,351.0,0.0,0.0,0.16524216524216523
49.0,4.0,50.0,0.1,0.1,0.4,3.0,344.0,0.0,0.0,0.16279069767441862
49.0,4.0,51.0,0.1,0.1,0.4,3.0,337.0,0.0,0.0,0.1632047477744807
49.0,4.0,52.0,0.1,0.1,0.4,3.0,330.0,0.0,0.0,0.16666666666666666
49.0,5.0,1.0,0.1,0.1,0.4,3.0,334.0,0.0,0.0,0.16467065868263472
49.0,5.0,2.0,0.1,0.1,0.4,3.0,328.0,0.0,0.0,0.1676829268292683
49.0,5.0,3.0,0.1,0.1,0.4,3.0,322.0,0.0,0.0,0.16149068322981366
49.0,5.0,4.0,0.1,0.1,0.4,3.0,315.0,0.0,0.0,0.1619047619047619
49.0,5.0,5.0,0.1,0.1,0.4,3.0,321.0,0.0,0.0,0.1588785046728972
49.0,5.0,6.0,0.1,0.1,0.4,3.0,306.0,0.0,0.0,0.16666666666666666
49.0,5.0,7.0,0.1,0.1,0.4,3.0,313.0,0.0,0.0,0.16293929712460065
49.0,5.0,8.0,0.1,0.1,0.4,3.0,305.0,0.0,0.0,0.16721311475409836
49.0,5.0,9.0,0.1,0.1,0.4,3.0,313.0,0.0,0.0,0.16293929712460065
49.0,5.0,10.0,0.1,0.1,0.4,3.0,304.0,0.0,0.0,0.16447368421052633
49.0,5.0,11.0,0.1,0.1,0.4,3.0,312.0,0.0,0.0,0.16025641025641027
49.0,5.0,12.0,0.1,0.1,0.4,3.0,304.0,0.0,0.0,0.16447368421052633
49.0,5.0,13.0,0.1,0.1,0.4,3.0,312.0,0.0,0.0,0.16025641025641027
49.0,5.0,14.0,0.1,0.1,0.4,3.0,303.0,0.0,0.0,0.16501650165016502
49.0,5.0,15.0,0.1,0.1,0.4,3.0,310.0,0.0,0.0,0.16129032258064516
49.0,5.0,16.0,0.1,0.1,0.4,3.0,301.0,0.0,0.0,0.16611295681063123
49.0,5.0,17.0,0.1,0.1,0.4,3.0,309.0,0.0,0.0,0.16181229773462782
49.0,5.0,18.0,0.1,0.1,0.4,3.0,300.0,0.0,0.0,0.16666666666666666
49.0,5.0,19.0,0.1,0.1,0.4,3.0,300.0,0.0,0.0,0.16
49.0,5.0,20.0,0.1,0.1,0.4,3.0,553.0,0.0,0.0,0.0867992766726944
49.0,5.0,21.0,0.1,0.1,0.4,3.0,545.0,0.0,0.0,0.08807339449541285
49.0,5.0,22.0,0.1,0.1,0.4,3.0,511.0,0.0,0.0,0.09001956947162426
49.0,5.0,23.0,0.1,0.1,0.4,3.0,496.0,0.0,0.0,0.08669354838709678
49.0,5.0,24.0,0.1,0.1,0.4,3.0,464.0,0.0,0.0,0.09051724137931035
49.0,5.0,25.0,0.1,0.1,0.4,3.0,478.0,0.0,0.0,0.08786610878661087
49.0,5.0,26.0,0.1,0.1,0.4,3.0,446.0,0.0,0.0,0.09192825112107623
49.0,5.0,27.0,0.1,0.1,0.4,3.0,453.0,0.0,0.0,0.08609271523178808
49.0,5.0,28.0,0.1,0.1,0.4,3.0,428.0,0.0,0.0,0.08411214953271028
49.0,5.0,29.0,0.1,0.1,0.4,3.0,429.0,0.0,0.0,0.08391608391608392
49.0,5.0,30.0,0.1,0.1,0.4,3.0,428.0,0.0,0.0,0.08411214953271028
49.0,5.0,31.0,0.1,0.1,0.4,3.0,401.0,0.0,0.0,0.08478802992518704
49.0,5.0,32.0,0.1,0.1,0.4,3.0,371.0,0.0,0.0,0.0862533692722372
49.0,5.0,33.0,0.1,0.1,0.4,3.0,352.0,0.0,0.0,0.08522727272727272
49.0,5.0,34.0,0.1,0.1,0.4,3.0,331.0,0.0,0.0,0.09063444108761329
49.0,5.0,35.0,0.1,0.1,0.4,3.0,330.0,0.0,0.0,0.09090909090909091
49.0,5.0,36.0,0.1,0.1,0.4,3.0,320.0,0.0,0.0,0.090625
49.0,5.0,37.0,0.1,0.1,0.4,3.0,303.0,0.0,0.0,0.09570957095709572
49.0,5.0,38.0,0.1,0.1,0.4,3.0,294.0,0.0,0.0,0.09523809523809523
49.0,5.0,39.0,0.1,0.1,0.4,3.0,291.0,0.0,0.0,0.09965635738831616
49.0,5.0,40.0,0.1,0.1,0.4,3.0,273.0,0.0,0.0,0.0989010989010989
49.0,5.0,41.0,0.1,0.1,0.4,3.0,280.0,0.0,0.0,0.1
49.0,5.0,42.0,0.1,0.1,0.4,3.0,271.0,0.0,0.0,0.0959409594095941
49.0,5.0,43.0,0.1,0.1,0.4,3.0,269.0,0.0,0.0,0.10037174721189591
49.0,5.0,44.0,0.1,0.1,0.4,3.0,241.0,0.0,0.0,0.0995850622406639
49.0,5.0,45.0,0.1,0.1,0.4,3.0,247.0,0.0,0.0,0.1902834008097166
49.0,5.0,46.0,0.1,0.1,0.4,3.0,240.0,0.0,0.0,0.19166666666666668
49.0,5.0,47.0,0.1,0.1,0.4,3.0,246.0,0.0,0.0,0.1910569105691057
49.0,5.0,48.0,0.1,0.1,0.4,3.0,231.0,0.0,0.0,0.19913419913419914
49.0,5.0,49.0,0.1,0.1,0.4,3.0,238.0,0.0,0.0,0.19747899159663865
49.0,5.0,50.0,0.1,0.1,0.4,3.0,231.0,0.0,0.0,0.19913419913419914
49.0,5.0,51.0,0.1,0.1,0.4,3.0,229.0,0.0,0.0,0.2052401746724891
49.0,5.0,52.0,0.1,0.1,0.4,3.0,222.0,0.0,0.0,0.20270270270270271
49.0,6.0,1.0,0.1,0.1,0.4,3.0,220.0,0.0,0.0,0.2
49.0,6.0,2.0,0.1,0.1,0.4,3.0,208.0,0.0,0.0,0.20192307692307693
49.0,6.0,3.0,0.1,0.1,0.4,3.0,214.0,0.0,0.0,0.20093457943925233
49.0,6.0,4.0,0.1,0.1,0.4,3.0,208.0,0.0,0.0,0.20192307692307693
49.0,6.0,5.0,0.1,0.1,0.4,3.0,215.0,0.0,0.0,0.2
49.0,6.0,6.0,0.1,0.1,0.4,3.0,207.0,0.0,0.0,0.2028985507246377
49.0,6.0,7.0,0.1,0.1,0.4,3.0,215.0,0.0,0.0,0.2
49.0,6.0,8.0,0.1,0.1,0.4,3.0,206.0,0.0,0.0,0.19902912621359223
49.0,6.0,9.0,0.1,0.1,0.4,3.0,214.0,0.0,0.0,0.20093457943925233
49.0,6.0,10.0,0.1,0.1,0.4,3.0,207.0,0.0,0.0,0.19806763285024154
49.0,6.0,11.0,0.1,0.1,0.4,3.0,212.0,0.0,0.0,0.19811320754716982
49.0,6.0,12.0,0.1,0.1,0.4,3.0,206.0,0.0,0.0,0.19902912621359223
49.0,6.0,13.0,0.1,0.1,0.4,3.0,210.0,0.0,0.0,0.2
49.0,6.0,14.0,0.1,0.1,0.4,3.0,203.0,0.0,0.0,0.2019704433497537
49.0,6.0,15.0,0.1,0.1,0.4,3.0,208.0,0.0,0.0,0.20192307692307693
49.0,6.0,16.0,0.1,0.1,0.4,3.0,201.0,0.0,0.0,0.19900497512437812
49.0,6.0,17.0,0.1,0.1,0.4,3.0,208.0,0.0,0.0,0.20192307692307693
49.0,6.0,18.0,0.1,0.1,0.4,3.0,199.0,0.0,0.0,0.19597989949748743
49.0,6.0,19.0,0.1,0.1,0.4,3.0,206.0,0.0,0.0,0.1941747572815534
49.0,6.0,20.0,0.1,0.1,0.4,3.0,355.0,0.0,0.0,0.10985915492957747
49.0,6.0,21.0,0.1,0.1,0.4,3.0,367.0,0.0,0.0,0.10899182561307902
49.0,6.0,22.0,0.1,0.1,0.4,3.0,324.0,0.0,0.0,0.10802469135802469
49.0,6.0,23.0,0.1,0.1,0.4,3.0,327.0,0.0,0.0,0.10397553516819572
49.0,6.0,24.0,0.1,0.1,0.4,3.0,292.0,0.0,0.0,0.11301369863013698
49.0,6.0,25.0,0.1,0.1,0.4,3.0,297.0,0.0,0.0,0.10774410774410774
49.0,6.0,26.0,0.1,0.1,0.4,3.0,290.0,0.0,0.0,0.1103448275862069
49.0,6.0,27.0,0.1,0.1,0.4,3.0,299.0,0.0,0.0,0.10367892976588629
49.0,6.0,28.0,0.1,0.1,0.4,3.0,286.0,0.0,0.0,0.11188811188811189
49.0,6.0,29.0,0.1,0.1,0.4,3.0,289.0,0.0,0.0,0.11072664359861592
49.0,6.0,30.0,0.1,0.1,0.4,3.0,290.0,0.0,0.0,0.1103448275862069
49.0,6.0,31.0,0.1,0.1,0.4,3.0,287.0,0.0,0.0,0.11149825783972125
49.0,6.0,32.0,0.1,0.1,0.4,3.0,290.0,0.0,0.0,0.1103448275862069
49.0,6.0,33.0,0.1,0.1,0.4,3.0,285.0,0.0,0.0,0.11228070175438597
49.0,6.0,34.0,0.1,0.1,0.4,3.0,288.0,0.0,0.0,0.1111111111111111
49.0,6.0,35.0,0.1,0.1,0.4,3.0,284.0,0.0,0.0,0.10915492957746478
49.0,6.0,36.0,0.1,0.1,0.4,3.0,281.0,0.0,0.0,0.11743772241992882
49.0,6.0,37.0,0.1,0.1,0.4,3.0,270.0,0.0,0.0,0.1111111111111111
49.0,6.0,38.0,0.1,0.1,0.4,3.0,273.0,0.0,0.0,0.11721611721611722
49.0,6.0,39.0,0.1,0.1,0.4,3.0,272.0,0.0,0.0,0.10661764705882353
49.0,6.0,40.0,0.1,0.1,0.4,3.0,261.0,0.0,0.0,0.12260536398467432
49.0,6.0,41.0,0.1,0.1,0.4,3.0,262.0,0.0,0.0,0.11450381679389313
49.0,6.0,42.0,0.1,0.1,0.4,3.0,253.0,0.0,0.0,0.1225296442687747
49.0,6.0,43.0,0.1,0.1,0.4,3.0,246.0,0.0,0.0,0.11788617886178862
49.0,6.0,44.0,0.1,0.1,0.4,3.0,249.0,0.0,0.0,0.12048192771084337
49.0,6.0,45.0,0.1,0.1,0.4,3.0,234.0,0.0,0.0,0.17094017094017094
49.0,6.0,46.0,0.1,0.1,0.4,3.0,213.0,0.0,0.0,0.17370892018779344
49.0,6.0,47.0,0.1,0.1,0.4,3.0,197.0,0.0,0.0,0.17258883248730963
49.0,6.0,48.0,0.1,0.1,0.4,3.0,198.0,0.0,0.0,0.18686868686868688
49.0,6.0,49.0,0.1,0.1,0.4,3.0,196.0,0.0,0.0,0.17857142857142858
49.0,6.0,50.0,0.1,0.1,0.4,3.0,191.0,0.0,0.0,0.18324607329842932
49.0,6.0,51.0,0.1,0.1,0.4,3.0,183.0,0.0,0.0,0.16939890710382513
49.0,6.0,52.0,0.1,0.1,0.4,3.0,190.0,0.0,0.0,0.1736842105263158
49.0,7.0,1.0,0.1,0.1,0.4,3.0,188.0,0.0,0.0,0.16489361702127658
49.0,7.0,2.0,0.1,0.1,0.4,3.0,185.0,0.0,0.0,0.17297297297297298
49.0,7.0,3.0,0.1,0.1,0.4,3.0,184.0,0.0,0.0,0.16304347826086957
49.0,7.0,4.0,0.1,0.1,0.4,3.0,185.0,0.0,0.0,0.17297297297297298
49.0,7.0,5.0,0.1,0.1,0.4,3.0,181.0,0.0,0.0,0.16022099447513813
49.0,7.0,6.0,0.1,0.1,0.4,3.0,183.0,0.0,0.0,0.16939890710382513
49.0,7.0,7.0,0.1,0.1,0.4,3.0,180.0,0.0,0.0,0.16111111111111112
49.0,7.0,8.0,0.1,0.1,0.4,3.0,183.0,0.0,0.0,0.16939890710382513
49.0,7.0,9.0,0.1,0.1,0.4,3.0,180.0,0.0,0.0,0.16111111111111112
49.0,7.0,10.0,0.1,0.1,0.4,3.0,182.0,0.0,0.0,0.17032967032967034
49.0,7.0,11.0,0.1,0.1,0.4,3.0,179.0,0.0,0.0,0.16201117318435754
49.0,7.0,12.0,0.1,0.1,0.4,3.0,182.0,0.0,0.0,0.17032967032967034
49.0,7.0,13.0,0.1,0.1,0.4,3.0,177.0,0.0,0.0,0.15819209039548024
49.0,7.0,14.0,0.1,0.1,0.4,3.0,181.0,0.0,0.0,0.1712707182320442
49.0,7.0,15.0,0.1,0.1,0.4,3.0,176.0,0.0,0.0,0.1590909090909091
49.0,7.0,16.0,0.1,0.1,0.4,3.0,180.0,0.0,0.0,0.17222222222222222
49.0,7.0,17.0,0.1,0.1,0.4,3.0,175.0,0.0,0.0,0.15428571428571428
49.0,7.0,18.0,0.1,0.1,0.4,3.0,178.0,0.0,0.0,0.16853932584269662
49.0,7.0,19.0,0.1,0.1,0.4,3.0,174.0,0.0,0.0,0.14942528735632185
49.0,7.0,20.0,0.1,0.1,0.4,3.0,297.0,0.0,0.0,0.10101010101010101
49.0,7.0,21.0,0.1,0.1,0.4,3.0,292.0,0.0,0.0,0.08904109589041095
49.0,7.0,22.0,0.1,0.1,0.4,3.0,275.0,0.0,0.0,0.10909090909090909
49.0,7.0,23.0,0.1,0.1,0.4,3.0,269.0,0.0,0.0,0.09665427509293681
49.0,7.0,24.0,0.1,0.1,0.4,3.0,274.0,0.0,0.0,0.10948905109489052
49.0,7.0,25.0,0.1,0.1,0.4,3.0,250.0,0.0,0.0,0.092
49.0,7.0,26.0,0.1,0.1,0.4,3.0,255.0,0.0,0.0,0.10588235294117647
49.0,7.0,27.0,0.1,0.1,0.4,3.0,250.0,0.0,0.0,0.092
49.0,7.0,28.0,0.1,0.1,0.4,3.0,255.0,0.0,0.0,0.10588235294117647
49.0,7.0,29.0,0.1,0.1,0.4,3.0,250.0,0.0,0.0,0.092
49.0,7.0,30.0,0.1,0.1,0.4,3.0,255.0,0.0,0.0,0.10588235294117647
49.0,7.0,31.0,0.1,0.1,0.4,3.0,240.0,0.0,0.0,0.09166666666666666
49.0,7.0,32.0,0.1,0.1,0.4,3.0,236.0,0.0,0.0,0.11016949152542373
49.0,7.0,33.0,0.1,0.1,0.4,3.0,231.0,0.0,0.0,0.09523809523809523
49.0,7.0,34.0,0.1,0.1,0.4,3.0,226.0,0.0,0.0,0.10176991150442478
49.0,7.0,35.0,0.1,0.1,0.4,3.0,220.0,0.0,0.0,0.08636363636363636
49.0,7.0,36.0,0.1,0.1,0.4,3.0,225.0,0.0,0.0,0.09777777777777778
49.0,7.0,37.0,0.1,0.1,0.4,3.0,220.0,0.0,0.0,0.08636363636363636
49.0,7.0,38.0,0.1,0.1,0.4,3.0,213.0,0.0,0.0,0.09859154929577464
49.0,7.0,39.0,0.1,0.1,0.4,3.0,208.0,0.0,0.0,0.08653846153846154
49.0,7.0,40.0,0.1,0.1,0.4,3.0,213.0,0.0,0.0,0.09859154929577464
49.0,7.0,41.0,0.1,0.1,0.4,3.0,203.0,0.0,0.0,0.08866995073891626
49.0,7.0,42.0,0.1,0.1,0.4,3.0,208.0,0.0,0.0,0.10096153846153846
49.0,7.0,43.0,0.1,0.1,0.4,3.0,200.0,0.0,0.0,0.09
49.0,7.0,44.0,0.1,0.1,0.4,3.0,206.0,0.0,0.0,0.10194174757281553
49.0,7.0,45.0,0.1,0.1,0.4,3.0,199.0,0.0,0.0,0.15577889447236182
49.0,7.0,46.0,0.1,0.1,0.4,3.0,206.0,0.0,0.0,0.1650485436893204
49.0,7.0,47.0,0.1,0.1,0.4,3.0,191.0,0.0,0.0,0.15706806282722513
49.0,7.0,48.0,0.1,0.1,0.4,3.0,198.0,0.0,0.0,0.16666666666666666
49.0,7.0,49.0,0.1,0.1,0.4,3.0,191.0,0.0,0.0,0.15706806282722513
49.0,7.0,50.0,0.1,0.1,0.4,3.0,198.0,0.0,0.0,0.16666666666666666
49.0,7.0,51.0,0.1,0.1,0.4,3.0,191.0,0.0,0.0,0.15706806282722513
49.0,7.0,52.0,0.1,0.1,0.4,3.0,197.0,0.0,0.0,0.16751269035532995
49.0,8.0,1.0,0.1,0.1,0.4,3.0,192.0,0.0,0.0,0.15625
49.0,8.0,2.0,0.1,0.1,0.4,3.0,195.0,0.0,0.0,0.16923076923076924
49.0,8.0,3.0,0.1,0.1,0.4,3.0,187.0,0.0,0.0,0.16042780748663102
49.0,8.0,4.0,0.1,0.1,0.4,3.0,193.0,0.0,0.0,0.16580310880829016
49.0,8.0,5.0,0.1,0.1,0.4,3.0,187.0,0.0,0.0,0.16042780748663102
49.0,8.0,6.0,0.1,0.1,0.4,3.0,193.0,0.0,0.0,0.16580310880829016
49.0,8.0,7.0,0.1,0.1,0.4,3.0,187.0,0.0,0.0,0.16042780748663102
49.0,8.0,8.0,0.1,0.1,0.4,3.0,192.0,0.0,0.0,0.16666666666666666
49.0,8.0,9.0,0.1,0.1,0.4,3.0,174.0,0.0,0.0,0.16666666666666666
49.0,8.0,10.0,0.1,0.1,0.4,3.0,181.0,0.0,0.0,0.1712707182320442
49.0,8.0,11.0,0.1,0.1,0.4,3.0,174.0,0.0,0.0,0.16666666666666666
49.0,8.0,12.0,0.1,0.1,0.4,3.0,180.0,0.0,0.0,0.17222222222222222
49.0,8.0,13.0,0.1,0.1,0.4,3.0,174.0,0.0,0.0,0.16666666666666666
49.0,8.0,14.0,0.1,0.1,0.4,3.0,179.0,0.0,0.0,0.17318435754189945
49.0,8.0,15.0,0.1,0.1,0.4,3.0,173.0,0.0,0.0,0.1676300578034682
49.0,8.0,16.0,0.1,0.1,0.4,3.0,179.0,0.0,0.0,0.17318435754189945
49.0,8.0,17.0,0.1,0.1,0.4,3.0,172.0,0.0,0.0,0.16279069767441862
49.0,8.0,18.0,0.1,0.1,0.4,3.0,180.0,0.0,0.0,0.17777777777777778
49.0,8.0,19.0,0.1,0.1,0.4,3.0,172.0,0.0,0.0,0.16279069767441862
49.0,8.0,20.0,0.1,0.1,0.4,3.0,328.0,0.0,0.0,0.0975609756097561
49.0,8.0,21.0,0.1,0.1,0.4,3.0,325.0,0.0,0.0,0.08615384615384615
49.0,8.0,22.0,0.1,0.1,0.4,3.0,302.0,0.0,0.0,0.10596026490066225
49.0,8.0,23.0,0.1,0.1,0.4,3.0,292.0,0.0,0.0,0.0958904109589041
49.0,8.0,24.0,0.1,0.1,0.4,3.0,291.0,0.0,0.0,0.10652920962199312
49.0,8.0,25.0,0.1,0.1,0.4,3.0,294.0,0.0,0.0,0.09863945578231292
49.0,8.0,26.0,0.1,0.1,0.4,3.0,291.0,0.0,0.0,0.10652920962199312
49.0,8.0,27.0,0.1,0.1,0.4,3.0,277.0,0.0,0.0,0.10469314079422383
49.0,8.0,28.0,0.1,0.1,0.4,3.0,274.0,0.0,0.0,0.11313868613138686
49.0,8.0,29.0,0.1,0.1,0.4,3.0,277.0,0.0,0.0,0.10469314079422383
49.0,8.0,30.0,0.1,0.1,0.4,3.0,274.0,0.0,0.0,0.11313868613138686
49.0,8.0,31.0,0.1,0.1,0.4,3.0,277.0,0.0,0.0,0.10469314079422383
49.0,8.0,32.0,0.1,0.1,0.4,3.0,265.0,0.0,0.0,0.1169811320754717
49.0,8.0,33.0,0.1,0.1,0.4,3.0,252.0,0.0,0.0,0.1111111111111111
49.0,8.0,34.0,0.1,0.1,0.4,3.0,235.0,0.0,0.0,0.1276595744680851
49.0,8.0,35.0,0.1,0.1,0.4,3.0,239.0,0.0,0.0,0.11715481171548117
49.0,8.0,36.0,0.1,0.1,0.4,3.0,225.0,0.0,0.0,0.1288888888888889
49.0,8.0,37.0,0.1,0.1,0.4,3.0,219.0,0.0,0.0,0.1187214611872146
49.0,8.0,38.0,0.1,0.1,0.4,3.0,224.0,0.0,0.0,0.12946428571428573
49.0,8.0,39.0,0.1,0.1,0.4,3.0,219.0,0.0,0.0,0.1187214611872146
49.0,8.0,40.0,0.1,0.1,0.4,3.0,223.0,0.0,0.0,0.13004484304932734
49.0,8.0,41.0,0.1,0.1,0.4,3.0,218.0,0.0,0.0,0.11926605504587157
49.0,8.0,42.0,0.1,0.1,0.4,3.0,218.0,0.0,0.0,0.12844036697247707
49.0,8.0,43.0,0.1,0.1,0.4,3.0,215.0,0.0,0.0,0.11627906976744186
49.0,8.0,44.0,0.1,0.1,0.4,3.0,215.0,0.0,0.0,0.13023255813953488
49.0,8.0,45.0,0.1,0.1,0.4,3.0,204.0,0.0,0.0,0.18627450980392157
49.0,8.0,46.0,0.1,0.1,0.4,3.0,207.0,0.0,0.0,0.1932367149758454
49.0,8.0,47.0,0.1,0.1,0.4,3.0,193.0,0.0,0.0,0.19170984455958548
49.0,8.0,48.0,0.1,0.1,0.4,3.0,197.0,0.0,0.0,0.19796954314720813
49.0,8.0,49.0,0.1,0.1,0.4,3.0,192.0,0.0,0.0,0.19270833333333334
49.0,8.0,50.0,0.1,0.1,0.4,3.0,182.0,0.0,0.0,0.2032967032967033
49.0,8.0,51.0,0.1,0.1,0.4,3.0,179.0,0.0,0.0,0.19553072625698323
49.0,8.0,52.0,0.1,0.1,0.4,3.0,183.0,0.0,0.0,0.20218579234972678
49.0,9.0,1.0,0.1,0.1,0.4,3.0,179.0,0.0,0.0,0.19553072625698323
49.0,9.0,2.0,0.1,0.1,0.4,3.0,181.0,0.0,0.0,0.20441988950276244
49.0,9.0,3.0,0.1,0.1,0.4,3.0,176.0,0.0,0.0,0.19886363636363635
49.0,9.0,4.0,0.1,0.1,0.4,3.0,180.0,0.0,0.0,0.20555555555555555
49.0,9.0,5.0,0.1,0.1,0.4,3.0,176.0,0.0,0.0,0.19886363636363635
49.0,9.0,6.0,0.1,0.1,0.4,3.0,180.0,0.0,0.0,0.20555555555555555
49.0,9.0,7.0,0.1,0.1,0.4,3.0,172.0,0.0,0.0,0.20348837209302326
49.0,9.0,8.0,0.1,0.1,0.4,3.0,179.0,0.0,0.0,0.20670391061452514
49.0,9.0,9.0,0.1,0.1,0.4,3.0,172.0,0.0,0.0,0.20348837209302326
49.0,9.0,10.0,0.1,0.1,0.4,3.0,179.0,0.0,0.0,0.20670391061452514
49.0,9.0,11.0,0.1,0.1,0.4,3.0,171.0,0.0,0.0,0.2046783625730994
49.0,9.0,12.0,0.1,0.1,0.4,3.0,179.0,0.0,0.0,0.20670391061452514
49.0,9.0,13.0,0.1,0.1,0.4,3.0,170.0,0.0,0.0,0.20588235294117646
49.0,9.0,14.0,0.1,0.1,0.4,3.0,179.0,0.0,0.0,0.20670391061452514
49.0,9.0,15.0,0.1,0.1,0.4,3.0,168.0,0.0,0.0,0.20833333333333334
49.0,9.0,16.0,0.1,0.1,0.4,3.0,180.0,0.0,0.0,0.20555555555555555
49.0,9.0,17.0,0.1,0.1,0.4,3.0,168.0,0.0,0.0,0.20833333333333334
49.0,9.0,18.0,0.1,0.1,0.4,3.0,180.0,0.0,0.0,0.20555555555555555
49.0,9.0,19.0,0.1,0.1,0.4,3.0,168.0,0.0,0.0,0.20833333333333334
49.0,9.0,20.0,0.1,0.1,0.4,3.0,283.0,0.0,0.0,0.12014134275618374
49.0,9.0,21.0,0.1,0.1,0.4,3.0,258.0,0.0,0.0,0.12790697674418605
49.0,9.0,22.0,0.1,0.1,0.4,3.0,271.0,0.0,0.0,0.12546125461254612
49.0,9.0,23.0,0.1,0.1,0.4,3.0,251.0,0.0,0.0,0.13147410358565736
49.0,9.0,24.0,0.1,0.1,0.4,3.0,251.0,0.0,0.0,0.13545816733067728
49.0,9.0,25.0,0.1,0.1,0.4,3.0,244.0,0.0,0.0,0.13524590163934427
49.0,9.0,26.0,0.1,0.1,0.4,3.0,239.0,0.0,0.0,0.13807531380753138
49.0,9.0,27.0,0.1,0.1,0.4,3.0,222.0,0.0,0.0,0.13963963963963963
49.0,9.0,28.0,0.1,0.1,0.4,3.0,226.0,0.0,0.0,0.1415929203539823
49.0,9.0,29.0,0.1,0.1,0.4,3.0,223.0,0.0,0.0,0.13901345291479822
49.0,9.0,30.0,0.1,0.1,0.4,3.0,227.0,0.0,0.0,0.14096916299559473
49.0,9.0,31.0,0.1,0.1,0.4,3.0,222.0,0.0,0.0,0.13963963963963963
49.0,9.0,32.0,0.1,0.1,0.4,3.0,227.0,0.0,0.0,0.14096916299559473
49.0,9.0,33.0,0.1,0.1,0.4,3.0,220.0,0.0,0.0,0.1409090909090909
49.0,9.0,34.0,0.1,0.1,0.4,3.0,227.0,0.0,0.0,0.14096916299559473
49.0,9.0,35.0,0.1,0.1,0.4,3.0,219.0,0.0,0.0,0.1415525114155251
49.0,9.0,36.0,0.1,0.1,0.4,3.0,228.0,0.0,0.0,0.14035087719298245
49.0,9.0,37.0,0.1,0.1,0.4,3.0,219.0,0.0,0.0,0.1415525114155251
49.0,9.0,38.0,0.1,0.1,0.4,3.0,228.0,0.0,0.0,0.14035087719298245
49.0,9.0,39.0,0.1,0.1,0.4,3.0,218.0,0.0,0.0,0.14220183486238533
49.0,9.0,40.0,0.1,0.1,0.4,3.0,215.0,0.0,0.0,0.14883720930232558
49.0,9.0,41.0,0.1,0.1,0.4,3.0,208.0,0.0,0.0,0.14903846153846154
49.0,9.0,42.0,0.1,0.1,0.4,3.0,205.0,0.0,0.0,0.15609756097560976
49.0,9.0,43.0,0.1,0.1,0.4,3.0,199.0,0.0,0.0,0.15577889447236182
49.0,9.0,44.0,0.1,0.1,0.4,3.0,205.0,0.0,0.0,0.15609756097560976
49.0,9.0,45.0,0.1,0.1,0.4,3.0,191.0,0.0,0.0,0.21465968586387435
49.0,9.0,46.0,0.1,0.1,0.4,3.0,196.0,0.0,0.0,0.2193877551020408
49.0,9.0,47.0,0.1,0.1,0.4,3.0,191.0,0.0,0.0,0.21465968586387435
49.0,9.0,48.0,0.1,0.1,0.4,3.0,196.0,0.0,0.0,0.2193877551020408
49.0,9.0,49.0,0.1,0.1,0.4,3.0,191.0,0.0,0.0,0.21465968586387435
49.0,9.0,50.0,0.1,0.1,0.4,3.0,196.0,0.0,0.0,0.2193877551020408
49.0,9.0,51.0,0.1,0.1,0.4,3.0,193.0,0.0,0.0,0.21243523316062177
49.0,9.0,52.0,0.1,0.1,0.4,3.0,196.0,0.0,0.0,0.2193877551020408
49.0,10.0,1.0,0.1,0.1,0.4,3.0,190.0,0.0,0.0,0.21578947368421053
49.0,10.0,2.0,0.1,0.1,0.4,3.0,191.0,0.0,0.0,0.225130890052356
49.0,10.0,3.0,0.1,0.1,0.4,3.0,185.0,0.0,0.0,0.22162162162162163
49.0,10.0,4.0,0.1,0.1,0.4,3.0,182.0,0.0,0.0,0.23626373626373626
49.0,10.0,5.0,0.1,0.1,0.4,3.0,176.0,0.0,0.0,0.23295454545454544
49.0,10.0,6.0,0.1,0.1,0.4,3.0,183.0,0.0,0.0,0.23497267759562843
49.0,10.0,7.0,0.1,0.1,0.4,3.0,178.0,0.0,0.0,0.2303370786516854
49.0,10.0,8.0,0.1,0.1,0.4,3.0,183.0,0.0,0.0,0.23497267759562843
49.0,10.0,9.0,0.1,0.1,0.4,3.0,178.0,0.0,0.0,0.2303370786516854
49.0,10.0,10.0,0.1,0.1,0.4,3.0,183.0,0.0,0.0,0.23497267759562843
49.0,10.0,11.0,0.1,0.1,0.4,3.0,178.0,0.0,0.0,0.2303370786516854
49.0,10.0,12.0,0.1,0.1,0.4,3.0,182.0,0.0,0.0,0.23626373626373626
49.0,10.0,13.0,0.1,0.1,0.4,3.0,179.0,0.0,0.0,0.22905027932960895
49.0,10.0,14.0,0.1,0.1,0.4,3.0,181.0,0.0,0.0,0.23756906077348067
49.0,10.0,15.0,0.1,0.1,0.4,3.0,178.0,0.0,0.0,0.2303370786516854
49.0,10.0,16.0,0.1,0.1,0.4,3.0,182.0,0.0,0.0,0.23626373626373626
49.0,10.0,17.0,0.1,0.1,0.4,3.0,177.0,0.0,0.0,0.23163841807909605
49.0,10.0,18.0,0.1,0.1,0.4,3.0,183.0,0.0,0.0,0.23497267759562843
49.0,10.0,19.0,0.1,0.1,0.4,3.0,177.0,0.0,0.0,0.23163841807909605
49.0,10.0,20.0,0.1,0.1,0.4,3.0,311.0,0.0,0.0,0.1157556270096463
49.0,10.0,21.0,0.1,0.1,0.4,3.0,297.0,0.0,0.0,0.11447811447811448
49.0,10.0,22.0,0.1,0.1,0.4,3.0,294.0,0.0,0.0,0.12244897959183673
49.0,10.0,23.0,0.1,0.1,0.4,3.0,296.0,0.0,0.0,0.11486486486486487
49.0,10.0,24.0,0.1,0.1,0.4,3.0,286.0,0.0,0.0,0.11888111888111888
49.0,10.0,25.0,0.1,0.1,0.4,3.0,287.0,0.0,0.0,0.11149825783972125
49.0,10.0,26.0,0.1,0.1,0.4,3.0,287.0,0.0,0.0,0.11846689895470383
49.0,10.0,27.0,0.1,0.1,0.4,3.0,276.0,0.0,0.0,0.11594202898550725
49.0,10.0,28.0,0.1,0.1,0.4,3.0,252.0,0.0,0.0,0.13095238095238096
49.0,10.0,29.0,0.1,0.1,0.4,3.0,229.0,0.0,0.0,0.12663755458515283
49.0,10.0,30.0,0.1,0.1,0.4,3.0,229.0,0.0,0.0,0.13100436681222707
49.0,10.0,31.0,0.1,0.1,0.4,3.0,209.0,0.0,0.0,0.1291866028708134
49.0,10.0,32.0,0.1,0.1,0.4,3.0,218.0,0.0,0.0,0.13302752293577982
49.0,10.0,33.0,0.1,0.1,0.4,3.0,200.0,0.0,0.0,0.135
49.0,10.0,34.0,0.1,0.1,0.4,3.0,209.0,0.0,0.0,0.13875598086124402
49.0,10.0,35.0,0.1,0.1,0.4,3.0,200.0,0.0,0.0,0.135
49.0,10.0,36.0,0.1,0.1,0.4,3.0,207.0,0.0,0.0,0.14009661835748793
49.0,10.0,37.0,0.1,0.1,0.4,3.0,201.0,0.0,0.0,0.13432835820895522
49.0,10.0,38.0,0.1,0.1,0.4,3.0,207.0,0.0,0.0,0.14009661835748793
49.0,10.0,39.0,0.1,0.1,0.4,3.0,191.0,0.0,0.0,0.14136125654450263
49.0,10.0,40.0,0.1,0.1,0.4,3.0,197.0,0.0,0.0,0.14720812182741116
49.0,10.0,41.0,0.1,0.1,0.4,3.0,192.0,0.0,0.0,0.140625
49.0,10.0,42.0,0.1,0.1,0.4,3.0,197.0,0.0,0.0,0.14720812182741116
49.0,10.0,43.0,0.1,0.1,0.4,3.0,180.0,0.0,0.0,0.14444444444444443
49.0,10.0,44.0,0.1,0.1,0.4,3.0,187.0,0.0,0.0,0.1497326203208556
49.0,10.0,45.0,0.1,0.1,0.4,3.0,171.0,0.0,0.0,0.23391812865497075
49.0,10.0,46.0,0.1,0.1,0.4,3.0,180.0,0.0,0.0,0.2388888888888889
49.0,10.0,47.0,0.1,0.1,0.4,3.0,172.0,0.0,0.0,0.23255813953488372
49.0,10.0,48.0,0.1,0.1,0.4,3.0,180.0,0.0,0.0,0.2388888888888889
49.0,10.0,49.0,0.1,0.1,0.4,3.0,171.0,0.0,0.0,0.23391812865497075
49.0,10.0,50.0,0.1,0.1,0.4,3.0,180.0,0.0,0.0,0.2388888888888889
49.0,10.0,51.0,0.1,0.1,0.4,3.0,173.0,0.0,0.0,0.23121387283236994
49.0,10.0,52.0,0.1,0.1,0.4,3.0,180.0,0.0,0.0,0.2388888888888889
50.0,1.0,1.0,0.1,0.1,0.4,3.0,5048.0,49.0,9.0,0.098256735340729
50.0,1.0,2.0,0.1,0.1,0.4,3.0,4988.0,55.0,15.0,0.10024057738572574
50.0,1.0,3.0,0.1,0.1,0.4,3.0,4839.0,56.0,28.0,0.10022731969415169
50.0,1.0,4.0,0.1,0.1,0.4,3.0,4688.0,80.0,34.0,0.10004266211604096
50.0,1.0,5.0,0.1,0.1,0.4,3.0,4612.0,86.0,36.0,0.10039028620988726
50.0,1.0,6.0,0.1,0.1,0.4,3.0,4472.0,119.0,35.0,0.09928443649373882
50.0,1.0,7.0,0.1,0.1,0.4,3.0,4235.0,130.0,41.0,0.10153482880755609
50.0,1.0,8.0,0.1,0.1,0.4,3.0,4025.0,156.0,48.0,0.10186335403726708
50.0,1.0,9.0,0.1,0.1,0.4,3.0,3808.0,189.0,64.0,0.10320378151260504
50.0,1.0,10.0,0.1,0.1,0.4,3.0,3648.0,222.0,73.0,0.1025219298245614
50.0,1.0,11.0,0.1,0.1,0.4,3.0,3418.0,238.0,96.0,0.10356933879461673
50.0,1.0,12.0,0.1,0.1,0.4,3.0,3266.0,256.0,111.0,0.10287813839559094
50.0,1.0,13.0,0.1,0.1,0.4,3.0,3122.0,255.0,121.0,0.10506085842408712
50.0,1.0,14.0,0.1,0.1,0.4,3.0,2990.0,223.0,116.0,0.10434782608695652
50.0,1.0,15.0,0.1,0.1,0.4,3.0,2911.0,225.0,105.0,0.10649261422191687
50.0,1.0,16.0,0.1,0.1,0.4,3.0,2792.0,221.0,103.0,0.10637535816618911
50.0,1.0,17.0,0.1,0.1,0.4,3.0,2655.0,212.0,96.0,0.10772128060263654
50.0,1.0,18.0,0.1,0.1,0.4,3.0,2604.0,229.0,109.0,0.10714285714285714
50.0,1.0,19.0,0.1,0.1,0.4,3.0,2501.0,228.0,113.0,0.10995601759296282
50.0,1.0,20.0,0.1,0.1,0.4,3.0,6603.0,232.0,109.0,0.04164773587763138
50.0,1.0,21.0,0.1,0.1,0.4,3.0,6031.0,285.0,91.0,0.04228154534903001
50.0,1.0,22.0,0.1,0.1,0.4,3.0,5412.0,327.0,112.0,0.04379157427937916
50.0,1.0,23.0,0.1,0.1,0.4,3.0,4863.0,357.0,117.0,0.04626773596545342
50.0,1.0,24.0,0.1,0.1,0.4,3.0,4448.0,395.0,152.0,0.047437050359712234
50.0,1.0,25.0,0.1,0.1,0.4,3.0,4137.0,416.0,155.0,0.048585931834662796
50.0,1.0,26.0,0.1,0.1,0.4,3.0,3779.0,412.0,163.0,0.05001323101349563
50.0,1.0,27.0,0.1,0.1,0.4,3.0,3484.0,429.0,195.0,0.05109070034443169
50.0,1.0,28.0,0.1,0.1,0.4,3.0,3223.0,433.0,197.0,0.053986968662736584
50.0,1.0,29.0,0.1,0.1,0.4,3.0,3036.0,461.0,215.0,0.053689064558629776
50.0,1.0,30.0,0.1,0.1,0.4,3.0,2770.0,443.0,191.0,0.05631768953068592
50.0,1.0,31.0,0.1,0.1,0.4,3.0,2581.0,416.0,180.0,0.060054242541650524
50.0,1.0,32.0,0.1,0.1,0.4,3.0,2343.0,365.0,172.0,0.06359368331199317
50.0,1.0,33.0,0.1,0.1,0.4,3.0,2181.0,328.0,177.0,0.06648326455754242
50.0,1.0,34.0,0.1,0.1,0.4,3.0,2005.0,297.0,159.0,0.06982543640897755
50.0,1.0,35.0,0.1,0.1,0.4,3.0,1844.0,268.0,135.0,0.07483731019522777
50.0,1.0,36.0,0.1,0.1,0.4,3.0,1727.0,224.0,104.0,0.0781702374059062
50.0,1.0,37.0,0.1,0.1,0.4,3.0,1651.0,219.0,95.0,0.08237431859479104
50.0,1.0,38.0,0.1,0.1,0.4,3.0,1520.0,184.0,91.0,0.08355263157894736
50.0,1.0,39.0,0.1,0.1,0.4,3.0,1439.0,168.0,86.0,0.09034051424600417
50.0,1.0,40.0,0.1,0.1,0.4,3.0,1325.0,151.0,78.0,0.09207547169811321
50.0,1.0,41.0,0.1,0.1,0.4,3.0,1257.0,126.0,70.0,0.09705648369132856
50.0,1.0,42.0,0.1,0.1,0.4,3.0,1220.0,113.0,61.0,0.09754098360655737
50.0,1.0,43.0,0.1,0.1,0.4,3.0,1170.0,114.0,58.0,0.10170940170940171
50.0,1.0,44.0,0.1,0.1,0.4,3.0,1115.0,104.0,51.0,0.1031390134529148
50.0,1.0,45.0,0.1,0.1,0.4,3.0,1088.0,101.0,47.0,0.1792279411764706
50.0,1.0,46.0,0.1,0.1,0.4,3.0,1035.0,93.0,48.0,0.1855072463768116
50.0,1.0,47.0,0.1,0.1,0.4,3.0,1004.0,83.0,37.0,0.18725099601593626
50.0,1.0,48.0,0.1,0.1,0.4,3.0,959.0,74.0,41.0,0.18873826903023982
50.0,1.0,49.0,0.1,0.1,0.4,3.0,896.0,64.0,34.0,0.19419642857142858
50.0,1.0,50.0,0.1,0.1,0.4,3.0,876.0,64.0,35.0,0.1952054794520548
50.0,1.0,51.0,0.1,0.1,0.4,3.0,857.0,60.0,29.0,0.19953325554259044
50.0,1.0,52.0,0.1,0.1,0.4,3.0,835.0,56.0,25.0,0.2
50.0,2.0,1.0,0.1,0.1,0.4,3.0,814.0,50.0,24.0,0.20515970515970516
50.0,2.0,2.0,0.1,0.1,0.4,3.0,807.0,45.0,26.0,0.20446096654275092
50.0,2.0,3.0,0.1,0.1,0.4,3.0,795.0,42.0,28.0,0.2088050314465409
50.0,2.0,4.0,0.1,0.1,0.4,3.0,779.0,38.0,23.0,0.20667522464698332
50.0,2.0,5.0,0.1,0.1,0.4,3.0,758.0,33.0,17.0,0.21108179419525067
50.0,2.0,6.0,0.1,0.1,0.4,3.0,744.0,23.0,9.0,0.2110215053763441
50.0,2.0,7.0,0.1,0.1,0.4,3.0,731.0,22.0,13.0,0.21477428180574556
50.0,2.0,8.0,0.1,0.1,0.4,3.0,721.0,21.0,13.0,0.21081830790568654
50.0,2.0,9.0,0.1,0.1,0.4,3.0,716.0,23.0,13.0,0.2164804469273743
50.0,2.0,10.0,0.1,0.1,0.4,3.0,697.0,16.0,9.0,0.2152080344332855
50.0,2.0,11.0,0.1,0.1,0.4,3.0,693.0,16.0,9.0,0.22077922077922077
50.0,2.0,12.0,0.1,0.1,0.4,3.0,685.0,17.0,8.0,0.21605839416058395
50.0,2.0,13.0,0.1,0.1,0.4,3.0,683.0,13.0,6.0,0.2240117130307467
50.0,2.0,14.0,0.1,0.1,0.4,3.0,673.0,13.0,7.0,0.21842496285289748
50.0,2.0,15.0,0.1,0.1,0.4,3.0,672.0,12.0,5.0,0.22172619047619047
50.0,2.0,16.0,0.1,0.1,0.4,3.0,656.0,9.0,3.0,0.21798780487804878
50.0,2.0,17.0,0.1,0.1,0.4,3.0,655.0,7.0,4.0,0.22595419847328244
50.0,2.0,18.0,0.1,0.1,0.4,3.0,643.0,7.0,5.0,0.2208398133748056
50.0,2.0,19.0,0.1,0.1,0.4,3.0,637.0,7.0,5.0,0.22762951334379905
50.0,2.0,20.0,0.1,0.1,0.4,3.0,1065.0,4.0,3.0,0.13145539906103287
50.0,2.0,21.0,0.1,0.1,0.4,3.0,1025.0,7.0,2.0,0.13853658536585367
50.0,2.0,22.0,0.1,0.1,0.4,3.0,971.0,5.0,1.0,0.1380020597322348
50.0,2.0,23.0,0.1,0.1,0.4,3.0,949.0,4.0,1.0,0.14330874604847207
50.0,2.0,24.0,0.1,0.1,0.4,3.0,930.0,5.0,3.0,0.14193548387096774
50.0,2.0,25.0,0.1,0.1,0.4,3.0,913.0,8.0,5.0,0.14786418400876233
50.0,2.0,26.0,0.1,0.1,0.4,3.0,870.0,9.0,6.0,0.14942528735632185
50.0,2.0,27.0,0.1,0.1,0.4,3.0,831.0,3.0,2.0,0.15643802647412755
50.0,2.0,28.0,0.1,0.1,0.4,3.0,832.0,6.0,3.0,0.15144230769230768
50.0,2.0,29.0,0.1,0.1,0.4,3.0,782.0,4.0,1.0,0.15728900255754474
50.0,2.0,30.0,0.1,0.1,0.4,3.0,775.0,6.0,2.0,0.15612903225806452
50.0,2.0,31.0,0.1,0.1,0.4,3.0,741.0,6.0,1.0,0.1592442645074224
50.0,2.0,32.0,0.1,0.1,0.4,3.0,729.0,7.0,2.0,0.15912208504801098
50.0,2.0,33.0,0.1,0.1,0.4,3.0,697.0,2.0,2.0,0.1606886657101865
50.0,2.0,34.0,0.1,0.1,0.4,3.0,701.0,3.0,2.0,0.15691868758915833
50.0,2.0,35.0,0.1,0.1,0.4,3.0,668.0,3.0,1.0,0.16467065868263472
50.0,2.0,36.0,0.1,0.1,0.4,3.0,671.0,2.0,0.0,0.16244411326378538
50.0,2.0,37.0,0.1,0.1,0.4,3.0,655.0,2.0,0.0,0.166412213740458
50.0,2.0,38.0,0.1,0.1,0.4,3.0,648.0,2.0,0.0,0.16512345679012347
50.0,2.0,39.0,0.1,0.1,0.4,3.0,643.0,2.0,0.0,0.16485225505443235
50.0,2.0,40.0,0.1,0.1,0.4,3.0,644.0,1.0,1.0,0.16459627329192547
50.0,2.0,41.0,0.1,0.1,0.4,3.0,639.0,1.0,1.0,0.16588419405320814
50.0,2.0,42.0,0.1,0.1,0.4,3.0,629.0,1.0,1.0,0.1589825119236884
50.0,2.0,43.0,0.1,0.1,0.4,3.0,628.0,0.0,0.0,0.1624203821656051
50.0,2.0,44.0,0.1,0.1,0.4,3.0,624.0,0.0,0.0,0.15865384615384615
50.0,2.0,45.0,0.1,0.1,0.4,3.0,607.0,0.0,0.0,0.21911037891268534
50.0,2.0,46.0,0.1,0.1,0.4,3.0,602.0,0.0,0.0,0.2159468438538206
50.0,2.0,47.0,0.1,0.1,0.4,3.0,595.0,0.0,0.0,0.2218487394957983
50.0,2.0,48.0,0.1,0.1,0.4,3.0,595.0,0.0,0.0,0.21512605042016808
50.0,2.0,49.0,0.1,0.1,0.4,3.0,578.0,0.0,0.0,0.22491349480968859
50.0,2.0,50.0,0.1,0.1,0.4,3.0,579.0,0.0,0.0,0.22107081174438686
50.0,2.0,51.0,0.1,0.1,0.4,3.0,574.0,0.0,0.0,0.2229965156794425
50.0,2.0,52.0,0.1,0.1,0.4,3.0,567.0,0.0,0.0,0.21516754850088182
50.0,3.0,1.0,0.1,0.1,0.4,3.0,557.0,0.0,0.0,0.21543985637342908
50.0,3.0,2.0,0.1,0.1,0.4,3.0,563.0,0.0,0.0,0.2113676731793961
50.0,3.0,3.0,0.1,0.1,0.4,3.0,545.0,0.0,0.0,0.21284403669724772
50.0,3.0,4.0,0.1,0.1,0.4,3.0,548.0,0.0,0.0,0.20985401459854014
50.0,3.0,5.0,0.1,0.1,0.4,3.0,537.0,0.0,0.0,0.2122905027932961
50.0,3.0,6.0,0.1,0.1,0.4,3.0,543.0,0.0,0.0,0.20994475138121546
50.0,3.0,7.0,0.1,0.1,0.4,3.0,532.0,0.0,0.0,0.21052631578947367
50.0,3.0,8.0,0.1,0.1,0.4,3.0,537.0,0.0,0.0,0.21042830540037244
50.0,3.0,9.0,0.1,0.1,0.4,3.0,514.0,0.0,0.0,0.21011673151750973
50.0,3.0,10.0,0.1,0.1,0.4,3.0,522.0,0.0,0.0,0.20689655172413793
50.0,3.0,11.0,0.1,0.1,0.4,3.0,513.0,0.0,0.0,0.21052631578947367
50.0,3.0,12.0,0.1,0.1,0.4,3.0,517.0,0.0,0.0,0.20696324951644102
50.0,3.0,13.0,0.1,0.1,0.4,3.0,509.0,0.0,0.0,0.21021611001964635
50.0,3.0,14.0,0.1,0.1,0.4,3.0,516.0,0.0,0.0,0.2054263565891473
50.0,3.0,15.0,0.1,0.1,0.4,3.0,509.0,0.0,0.0,0.2082514734774067
50.0,3.0,16.0,0.1,0.1,0.4,3.0,514.0,0.0,0.0,0.20428015564202334
50.0,3.0,17.0,0.1,0.1,0.4,3.0,506.0,0.0,0.0,0.20553359683794467
50.0,3.0,18.0,0.1,0.1,0.4,3.0,514.0,0.0,0.0,0.20622568093385213
50.0,3.0,19.0,0.1,0.1,0.4,3.0,504.0,0.0,0.0,0.20634920634920634
50.0,3.0,20.0,0.1,0.1,0.4,3.0,917.0,0.0,0.0,0.11232279171210469
50.0,3.0,21.0,0.1,0.1,0.4,3.0,887.0,0.0,0.0,0.11499436302142052
50.0,3.0,22.0,0.1,0.1,0.4,3.0,877.0,0.0,0.0,0.11858608893956671
50.0,3.0,23.0,0.1,0.1,0.4,3.0,852.0,0.0,0.0,0.11854460093896714
50.0,3.0,24.0,0.1,0.1,0.4,3.0,823.0,0.0,0.0,0.12150668286755771
50.0,3.0,25.0,0.1,0.1,0.4,3.0,814.0,0.0,0.0,0.12285012285012285
50.0,3.0,26.0,0.1,0.1,0.4,3.0,813.0,0.0,0.0,0.11931119311193111
50.0,3.0,27.0,0.1,0.1,0.4,3.0,773.0,0.0,0.0,0.12677878395860284
50.0,3.0,28.0,0.1,0.1,0.4,3.0,767.0,0.0,0.0,0.12385919165580182
50.0,3.0,29.0,0.1,0.1,0.4,3.0,740.0,0.0,0.0,0.12567567567567567
50.0,3.0,30.0,0.1,0.1,0.4,3.0,716.0,0.0,0.0,0.12150837988826815
50.0,3.0,31.0,0.1,0.1,0.4,3.0,713.0,0.0,0.0,0.12482468443197756
50.0,3.0,32.0,0.1,0.1,0.4,3.0,709.0,0.0,0.0,0.11988716502115655
50.0,3.0,33.0,0.1,0.1,0.4,3.0,661.0,0.0,0.0,0.12405446293494705
50.0,3.0,34.0,0.1,0.1,0.4,3.0,654.0,0.0,0.0,0.12079510703363915
50.0,3.0,35.0,0.1,0.1,0.4,3.0,612.0,0.0,0.0,0.12745098039215685
50.0,3.0,36.0,0.1,0.1,0.4,3.0,615.0,0.0,0.0,0.12357723577235773
50.0,3.0,37.0,0.1,0.1,0.4,3.0,596.0,0.0,0.0,0.12416107382550336
50.0,3.0,38.0,0.1,0.1,0.4,3.0,596.0,0.0,0.0,0.12751677852348994
50.0,3.0,39.0,0.1,0.1,0.4,3.0,575.0,0.0,0.0,0.12521739130434784
50.0,3.0,40.0,0.1,0.1,0.4,3.0,580.0,0.0,0.0,0.12586206896551724
50.0,3.0,41.0,0.1,0.1,0.4,3.0,559.0,0.0,0.0,0.12343470483005367
50.0,3.0,42.0,0.1,0.1,0.4,3.0,556.0,0.0,0.0,0.12589928057553956
50.0,3.0,43.0,0.1,0.1,0.4,3.0,535.0,0.0,0.0,0.12710280373831775
50.0,3.0,44.0,0.1,0.1,0.4,3.0,539.0,0.0,0.0,0.12987012987012986
50.0,3.0,45.0,0.1,0.1,0.4,3.0,526.0,0.0,0.0,0.19771863117870722
50.0,3.0,46.0,0.1,0.1,0.4,3.0,529.0,0.0,0.0,0.19848771266540643
50.0,3.0,47.0,0.1,0.1,0.4,3.0,505.0,0.0,0.0,0.19405940594059407
50.0,3.0,48.0,0.1,0.1,0.4,3.0,511.0,0.0,0.0,0.19569471624266144
50.0,3.0,49.0,0.1,0.1,0.4,3.0,502.0,0.0,0.0,0.1952191235059761
50.0,3.0,50.0,0.1,0.1,0.4,3.0,509.0,0.0,0.0,0.19646365422396855
50.0,3.0,51.0,0.1,0.1,0.4,3.0,501.0,0.0,0.0,0.19560878243512975
50.0,3.0,52.0,0.1,0.1,0.4,3.0,491.0,0.0,0.0,0.19959266802443992
50.0,4.0,1.0,0.1,0.1,0.4,3.0,487.0,0.0,0.0,0.1971252566735113
50.0,4.0,2.0,0.1,0.1,0.4,3.0,487.0,0.0,0.0,0.20123203285420946
50.0,4.0,3.0,0.1,0.1,0.4,3.0,479.0,0.0,0.0,0.19832985386221294
50.0,4.0,4.0,0.1,0.1,0.4,3.0,481.0,0.0,0.0,0.20166320166320167
50.0,4.0,5.0,0.1,0.1,0.4,3.0,467.0,0.0,0.0,0.19700214132762311
50.0,4.0,6.0,0.1,0.1,0.4,3.0,468.0,0.0,0.0,0.20085470085470086
50.0,4.0,7.0,0.1,0.1,0.4,3.0,463.0,0.0,0.0,0.19870410367170627
50.0,4.0,8.0,0.1,0.1,0.4,3.0,468.0,0.0,0.0,0.20085470085470086
50.0,4.0,9.0,0.1,0.1,0.4,3.0,462.0,0.0,0.0,0.19913419913419914
50.0,4.0,10.0,0.1,0.1,0.4,3.0,466.0,0.0,0.0,0.2017167381974249
50.0,4.0,11.0,0.1,0.1,0.4,3.0,461.0,0.0,0.0,0.19739696312364424
50.0,4.0,12.0,0.1,0.1,0.4,3.0,463.0,0.0,0.0,0.20086393088552915
50.0,4.0,13.0,0.1,0.1,0.4,3.0,459.0,0.0,0.0,0.19825708061002179
50.0,4.0,14.0,0.1,0.1,0.4,3.0,463.0,0.0,0.0,0.20086393088552915
50.0,4.0,15.0,0.1,0.1,0.4,3.0,456.0,0.0,0.0,0.19956140350877194
50.0,4.0,16.0,0.1,0.1,0.4,3.0,462.0,0.0,0.0,0.2012987012987013
50.0,4.0,17.0,0.1,0.1,0.4,3.0,456.0,0.0,0.0,0.19956140350877194
50.0,4.0,18.0,0.1,0.1,0.4,3.0,462.0,0.0,0.0,0.2012987012987013
50.0,4.0,19.0,0.1,0.1,0.4,3.0,454.0,0.0,0.0,0.19823788546255505
50.0,4.0,20.0,0.1,0.1,0.4,3.0,880.0,0.0,0.0,0.10454545454545454
50.0,4.0,21.0,0.1,0.1,0.4,3.0,824.0,0.0,0.0,0.10315533980582524
50.0,4.0,22.0,0.1,0.1,0.4,3.0,830.0,0.0,0.0,0.10240963855421686
50.0,4.0,23.0,0.1,0.1,0.4,3.0,800.0,0.0,0.0,0.1025
50.0,4.0,24.0,0.1,0.1,0.4,3.0,816.0,0.0,0.0,0.10294117647058823
50.0,4.0,25.0,0.1,0.1,0.4,3.0,773.0,0.0,0.0,0.10090556274256145
50.0,4.0,26.0,0.1,0.1,0.4,3.0,726.0,0.0,0.0,0.1046831955922865
50.0,4.0,27.0,0.1,0.1,0.4,3.0,674.0,0.0,0.0,0.10089020771513353
50.0,4.0,28.0,0.1,0.1,0.4,3.0,675.0,0.0,0.0,0.10074074074074074
50.0,4.0,29.0,0.1,0.1,0.4,3.0,637.0,0.0,0.0,0.10361067503924647
50.0,4.0,30.0,0.1,0.1,0.4,3.0,643.0,0.0,0.0,0.1026438569206843
50.0,4.0,31.0,0.1,0.1,0.4,3.0,605.0,0.0,0.0,0.10578512396694215
50.0,4.0,32.0,0.1,0.1,0.4,3.0,612.0,0.0,0.0,0.10784313725490197
50.0,4.0,33.0,0.1,0.1,0.4,3.0,582.0,0.0,0.0,0.10824742268041238
50.0,4.0,34.0,0.1,0.1,0.4,3.0,583.0,0.0,0.0,0.11149228130360206
50.0,4.0,35.0,0.1,0.1,0.4,3.0,543.0,0.0,0.0,0.11233885819521179
50.0,4.0,36.0,0.1,0.1,0.4,3.0,561.0,0.0,0.0,0.11229946524064172
50.0,4.0,37.0,0.1,0.1,0.4,3.0,544.0,0.0,0.0,0.11213235294117647
50.0,4.0,38.0,0.1,0.1,0.4,3.0,546.0,0.0,0.0,0.11355311355311355
50.0,4.0,39.0,0.1,0.1,0.4,3.0,543.0,0.0,0.0,0.11049723756906077
50.0,4.0,40.0,0.1,0.1,0.4,3.0,525.0,0.0,0.0,0.11619047619047619
50.0,4.0,41.0,0.1,0.1,0.4,3.0,521.0,0.0,0.0,0.11708253358925144
50.0,4.0,42.0,0.1,0.1,0.4,3.0,504.0,0.0,0.0,0.11904761904761904
50.0,4.0,43.0,0.1,0.1,0.4,3.0,501.0,0.0,0.0,0.11976047904191617
50.0,4.0,44.0,0.1,0.1,0.4,3.0,490.0,0.0,0.0,0.12040816326530612
50.0,4.0,45.0,0.1,0.1,0.4,3.0,485.0,0.0,0.0,0.1670103092783505
50.0,4.0,46.0,0.1,0.1,0.4,3.0,477.0,0.0,0.0,0.16771488469601678
50.0,4.0,47.0,0.1,0.1,0.4,3.0,485.0,0.0,0.0,0.1670103092783505
50.0,4.0,48.0,0.1,0.1,0.4,3.0,475.0,0.0,0.0,0.16842105263157894
50.0,4.0,49.0,0.1,0.1,0.4,3.0,483.0,0.0,0.0,0.16770186335403728
50.0,4.0,50.0,0.1,0.1,0.4,3.0,480.0,0.0,0.0,0.16666666666666666
50.0,4.0,51.0,0.1,0.1,0.4,3.0,475.0,0.0,0.0,0.1705263157894737
50.0,4.0,52.0,0.1,0.1,0.4,3.0,470.0,0.0,0.0,0.1702127659574468
50.0,5.0,1.0,0.1,0.1,0.4,3.0,471.0,0.0,0.0,0.17197452229299362
50.0,5.0,2.0,0.1,0.1,0.4,3.0,466.0,0.0,0.0,0.16952789699570817
50.0,5.0,3.0,0.1,0.1,0.4,3.0,459.0,0.0,0.0,0.17429193899782136
50.0,5.0,4.0,0.1,0.1,0.4,3.0,456.0,0.0,0.0,0.17324561403508773
50.0,5.0,5.0,0.1,0.1,0.4,3.0,458.0,0.0,0.0,0.17467248908296942
50.0,5.0,6.0,0.1,0.1,0.4,3.0,450.0,0.0,0.0,0.17555555555555555
50.0,5.0,7.0,0.1,0.1,0.4,3.0,450.0,0.0,0.0,0.17555555555555555
50.0,5.0,8.0,0.1,0.1,0.4,3.0,448.0,0.0,0.0,0.17410714285714285
50.0,5.0,9.0,0.1,0.1,0.4,3.0,448.0,0.0,0.0,0.171875
50.0,5.0,10.0,0.1,0.1,0.4,3.0,445.0,0.0,0.0,0.1707865168539326
50.0,5.0,11.0,0.1,0.1,0.4,3.0,445.0,0.0,0.0,0.1707865168539326
50.0,5.0,12.0,0.1,0.1,0.4,3.0,441.0,0.0,0.0,0.17006802721088435
50.0,5.0,13.0,0.1,0.1,0.4,3.0,444.0,0.0,0.0,0.16891891891891891
50.0,5.0,14.0,0.1,0.1,0.4,3.0,429.0,0.0,0.0,0.17249417249417248
50.0,5.0,15.0,0.1,0.1,0.4,3.0,433.0,0.0,0.0,0.17321016166281755
50.0,5.0,16.0,0.1,0.1,0.4,3.0,430.0,0.0,0.0,0.1697674418604651
50.0,5.0,17.0,0.1,0.1,0.4,3.0,432.0,0.0,0.0,0.1736111111111111
50.0,5.0,18.0,0.1,0.1,0.4,3.0,432.0,0.0,0.0,0.1712962962962963
50.0,5.0,19.0,0.1,0.1,0.4,3.0,423.0,0.0,0.0,0.17494089834515367
50.0,5.0,20.0,0.1,0.1,0.4,3.0,771.0,0.0,0.0,0.0907911802853437
50.0,5.0,21.0,0.1,0.1,0.4,3.0,754.0,0.0,0.0,0.09283819628647215
50.0,5.0,22.0,0.1,0.1,0.4,3.0,716.0,0.0,0.0,0.09636871508379888
50.0,5.0,23.0,0.1,0.1,0.4,3.0,708.0,0.0,0.0,0.09887005649717515
50.0,5.0,24.0,0.1,0.1,0.4,3.0,643.0,0.0,0.0,0.09642301710730948
50.0,5.0,25.0,0.1,0.1,0.4,3.0,639.0,0.0,0.0,0.10172143974960876
50.0,5.0,26.0,0.1,0.1,0.4,3.0,598.0,0.0,0.0,0.10367892976588629
50.0,5.0,27.0,0.1,0.1,0.4,3.0,612.0,0.0,0.0,0.10294117647058823
50.0,5.0,28.0,0.1,0.1,0.4,3.0,586.0,0.0,0.0,0.10238907849829351
50.0,5.0,29.0,0.1,0.1,0.4,3.0,591.0,0.0,0.0,0.10490693739424704
50.0,5.0,30.0,0.1,0.1,0.4,3.0,560.0,0.0,0.0,0.10714285714285714
50.0,5.0,31.0,0.1,0.1,0.4,3.0,565.0,0.0,0.0,0.10619469026548672
50.0,5.0,32.0,0.1,0.1,0.4,3.0,541.0,0.0,0.0,0.10905730129390019
50.0,5.0,33.0,0.1,0.1,0.4,3.0,514.0,0.0,0.0,0.11478599221789883
50.0,5.0,34.0,0.1,0.1,0.4,3.0,497.0,0.0,0.0,0.11871227364185111
50.0,5.0,35.0,0.1,0.1,0.4,3.0,469.0,0.0,0.0,0.11940298507462686
50.0,5.0,36.0,0.1,0.1,0.4,3.0,435.0,0.0,0.0,0.12413793103448276
50.0,5.0,37.0,0.1,0.1,0.4,3.0,442.0,0.0,0.0,0.11990950226244344
50.0,5.0,38.0,0.1,0.1,0.4,3.0,431.0,0.0,0.0,0.12296983758700696
50.0,5.0,39.0,0.1,0.1,0.4,3.0,435.0,0.0,0.0,0.11954022988505747
50.0,5.0,40.0,0.1,0.1,0.4,3.0,426.0,0.0,0.0,0.12206572769953052
50.0,5.0,41.0,0.1,0.1,0.4,3.0,405.0,0.0,0.0,0.12345679012345678
50.0,5.0,42.0,0.1,0.1,0.4,3.0,382.0,0.0,0.0,0.12827225130890052
50.0,5.0,43.0,0.1,0.1,0.4,3.0,374.0,0.0,0.0,0.13101604278074866
50.0,5.0,44.0,0.1,0.1,0.4,3.0,373.0,0.0,0.0,0.13136729222520108
50.0,5.0,45.0,0.1,0.1,0.4,3.0,373.0,0.0,0.0,0.2037533512064343
50.0,5.0,46.0,0.1,0.1,0.4,3.0,366.0,0.0,0.0,0.1994535519125683
50.0,5.0,47.0,0.1,0.1,0.4,3.0,374.0,0.0,0.0,0.20320855614973263
50.0,5.0,48.0,0.1,0.1,0.4,3.0,367.0,0.0,0.0,0.20435967302452315
50.0,5.0,49.0,0.1,0.1,0.4,3.0,366.0,0.0,0.0,0.2103825136612022
50.0,5.0,50.0,0.1,0.1,0.4,3.0,354.0,0.0,0.0,0.2033898305084746
50.0,5.0,51.0,0.1,0.1,0.4,3.0,366.0,0.0,0.0,0.2103825136612022
50.0,5.0,52.0,0.1,0.1,0.4,3.0,353.0,0.0,0.0,0.20396600566572237
50.0,6.0,1.0,0.1,0.1,0.4,3.0,361.0,0.0,0.0,0.20498614958448755
50.0,6.0,2.0,0.1,0.1,0.4,3.0,351.0,0.0,0.0,0.2022792022792023
50.0,6.0,3.0,0.1,0.1,0.4,3.0,359.0,0.0,0.0,0.20055710306406685
50.0,6.0,4.0,0.1,0.1,0.4,3.0,349.0,0.0,0.0,0.1977077363896848
50.0,6.0,5.0,0.1,0.1,0.4,3.0,356.0,0.0,0.0,0.19662921348314608
50.0,6.0,6.0,0.1,0.1,0.4,3.0,340.0,0.0,0.0,0.19705882352941176
50.0,6.0,7.0,0.1,0.1,0.4,3.0,348.0,0.0,0.0,0.19827586206896552
50.0,6.0,8.0,0.1,0.1,0.4,3.0,336.0,0.0,0.0,0.19345238095238096
50.0,6.0,9.0,0.1,0.1,0.4,3.0,342.0,0.0,0.0,0.19883040935672514
50.0,6.0,10.0,0.1,0.1,0.4,3.0,332.0,0.0,0.0,0.19578313253012047
50.0,6.0,11.0,0.1,0.1,0.4,3.0,339.0,0.0,0.0,0.19469026548672566
50.0,6.0,12.0,0.1,0.1,0.4,3.0,331.0,0.0,0.0,0.18731117824773413
50.0,6.0,13.0,0.1,0.1,0.4,3.0,337.0,0.0,0.0,0.19584569732937684
50.0,6.0,14.0,0.1,0.1,0.4,3.0,329.0,0.0,0.0,0.182370820668693
50.0,6.0,15.0,0.1,0.1,0.4,3.0,330.0,0.0,0.0,0.18181818181818182
50.0,6.0,16.0,0.1,0.1,0.4,3.0,321.0,0.0,0.0,0.17133956386292834
50.0,6.0,17.0,0.1,0.1,0.4,3.0,330.0,0.0,0.0,0.18181818181818182
50.0,6.0,18.0,0.1,0.1,0.4,3.0,320.0,0.0,0.0,0.16875
50.0,6.0,19.0,0.1,0.1,0.4,3.0,318.0,0.0,0.0,0.1792452830188679
50.0,6.0,20.0,0.1,0.1,0.4,3.0,552.0,0.0,0.0,0.09601449275362318
50.0,6.0,21.0,0.1,0.1,0.4,3.0,534.0,0.0,0.0,0.10486891385767791
50.0,6.0,22.0,0.1,0.1,0.4,3.0,536.0,0.0,0.0,0.09701492537313433
50.0,6.0,23.0,0.1,0.1,0.4,3.0,489.0,0.0,0.0,0.11042944785276074
50.0,6.0,24.0,0.1,0.1,0.4,3.0,476.0,0.0,0.0,0.10294117647058823
50.0,6.0,25.0,0.1,0.1,0.4,3.0,475.0,0.0,0.0,0.11368421052631579
50.0,6.0,26.0,0.1,0.1,0.4,3.0,475.0,0.0,0.0,0.1031578947368421
50.0,6.0,27.0,0.1,0.1,0.4,3.0,429.0,0.0,0.0,0.11655011655011654
50.0,6.0,28.0,0.1,0.1,0.4,3.0,407.0,0.0,0.0,0.11302211302211303
50.0,6.0,29.0,0.1,0.1,0.4,3.0,400.0,0.0,0.0,0.12
50.0,6.0,30.0,0.1,0.1,0.4,3.0,398.0,0.0,0.0,0.11557788944723618
50.0,6.0,31.0,0.1,0.1,0.4,3.0,392.0,0.0,0.0,0.125
50.0,6.0,32.0,0.1,0.1,0.4,3.0,396.0,0.0,0.0,0.11616161616161616
50.0,6.0,33.0,0.1,0.1,0.4,3.0,392.0,0.0,0.0,0.125
50.0,6.0,34.0,0.1,0.1,0.4,3.0,389.0,0.0,0.0,0.11825192802056556
50.0,6.0,35.0,0.1,0.1,0.4,3.0,384.0,0.0,0.0,0.125
50.0,6.0,36.0,0.1,0.1,0.4,3.0,363.0,0.0,0.0,0.1184573002754821
50.0,6.0,37.0,0.1,0.1,0.4,3.0,347.0,0.0,0.0,0.13256484149855907
50.0,6.0,38.0,0.1,0.1,0.4,3.0,353.0,0.0,0.0,0.12464589235127478
50.0,6.0,39.0,0.1,0.1,0.4,3.0,333.0,0.0,0.0,0.13813813813813813
50.0,6.0,40.0,0.1,0.1,0.4,3.0,330.0,0.0,0.0,0.1303030303030303
50.0,6.0,41.0,0.1,0.1,0.4,3.0,315.0,0.0,0.0,0.14285714285714285
50.0,6.0,42.0,0.1,0.1,0.4,3.0,323.0,0.0,0.0,0.13312693498452013
50.0,6.0,43.0,0.1,0.1,0.4,3.0,312.0,0.0,0.0,0.14102564102564102
50.0,6.0,44.0,0.1,0.1,0.4,3.0,299.0,0.0,0.0,0.13377926421404682
50.0,6.0,45.0,0.1,0.1,0.4,3.0,290.0,0.0,0.0,0.22758620689655173
50.0,6.0,46.0,0.1,0.1,0.4,3.0,289.0,0.0,0.0,0.2179930795847751
50.0,6.0,47.0,0.1,0.1,0.4,3.0,289.0,0.0,0.0,0.22491349480968859
50.0,6.0,48.0,0.1,0.1,0.4,3.0,287.0,0.0,0.0,0.21602787456445993
50.0,6.0,49.0,0.1,0.1,0.4,3.0,291.0,0.0,0.0,0.22336769759450173
50.0,6.0,50.0,0.1,0.1,0.4,3.0,289.0,0.0,0.0,0.21453287197231835
50.0,6.0,51.0,0.1,0.1,0.4,3.0,288.0,0.0,0.0,0.2222222222222222
50.0,6.0,52.0,0.1,0.1,0.4,3.0,287.0,0.0,0.0,0.21254355400696864
50.0,7.0,1.0,0.1,0.1,0.4,3.0,285.0,0.0,0.0,0.22456140350877193
50.0,7.0,2.0,0.1,0.1,0.4,3.0,286.0,0.0,0.0,0.21328671328671328
50.0,7.0,3.0,0.1,0.1,0.4,3.0,285.0,0.0,0.0,0.22105263157894736
50.0,7.0,4.0,0.1,0.1,0.4,3.0,286.0,0.0,0.0,0.21328671328671328
50.0,7.0,5.0,0.1,0.1,0.4,3.0,284.0,0.0,0.0,0.21830985915492956
50.0,7.0,6.0,0.1,0.1,0.4,3.0,285.0,0.0,0.0,0.21052631578947367
50.0,7.0,7.0,0.1,0.1,0.4,3.0,275.0,0.0,0.0,0.21818181818181817
50.0,7.0,8.0,0.1,0.1,0.4,3.0,274.0,0.0,0.0,0.2116788321167883
50.0,7.0,9.0,0.1,0.1,0.4,3.0,275.0,0.0,0.0,0.21818181818181817
50.0,7.0,10.0,0.1,0.1,0.4,3.0,272.0,0.0,0.0,0.21323529411764705
50.0,7.0,11.0,0.1,0.1,0.4,3.0,272.0,0.0,0.0,0.22058823529411764
50.0,7.0,12.0,0.1,0.1,0.4,3.0,271.0,0.0,0.0,0.2140221402214022
50.0,7.0,13.0,0.1,0.1,0.4,3.0,273.0,0.0,0.0,0.21978021978021978
50.0,7.0,14.0,0.1,0.1,0.4,3.0,269.0,0.0,0.0,0.21189591078066913
50.0,7.0,15.0,0.1,0.1,0.4,3.0,272.0,0.0,0.0,0.21691176470588236
50.0,7.0,16.0,0.1,0.1,0.4,3.0,268.0,0.0,0.0,0.2126865671641791
50.0,7.0,17.0,0.1,0.1,0.4,3.0,273.0,0.0,0.0,0.21245421245421245
50.0,7.0,18.0,0.1,0.1,0.4,3.0,269.0,0.0,0.0,0.20817843866171004
50.0,7.0,19.0,0.1,0.1,0.4,3.0,271.0,0.0,0.0,0.21033210332103322
50.0,7.0,20.0,0.1,0.1,0.4,3.0,486.0,0.0,0.0,0.11316872427983539
50.0,7.0,21.0,0.1,0.1,0.4,3.0,478.0,0.0,0.0,0.11715481171548117
50.0,7.0,22.0,0.1,0.1,0.4,3.0,434.0,0.0,0.0,0.1152073732718894
50.0,7.0,23.0,0.1,0.1,0.4,3.0,415.0,0.0,0.0,0.12048192771084337
50.0,7.0,24.0,0.1,0.1,0.4,3.0,372.0,0.0,0.0,0.12634408602150538
50.0,7.0,25.0,0.1,0.1,0.4,3.0,382.0,0.0,0.0,0.12827225130890052
50.0,7.0,26.0,0.1,0.1,0.4,3.0,358.0,0.0,0.0,0.13128491620111732
50.0,7.0,27.0,0.1,0.1,0.4,3.0,362.0,0.0,0.0,0.13259668508287292
50.0,7.0,28.0,0.1,0.1,0.4,3.0,330.0,0.0,0.0,0.13333333333333333
50.0,7.0,29.0,0.1,0.1,0.4,3.0,335.0,0.0,0.0,0.13432835820895522
50.0,7.0,30.0,0.1,0.1,0.4,3.0,316.0,0.0,0.0,0.13291139240506328
50.0,7.0,31.0,0.1,0.1,0.4,3.0,296.0,0.0,0.0,0.14527027027027026
50.0,7.0,32.0,0.1,0.1,0.4,3.0,269.0,0.0,0.0,0.137546468401487
50.0,7.0,33.0,0.1,0.1,0.4,3.0,271.0,0.0,0.0,0.14391143911439114
50.0,7.0,34.0,0.1,0.1,0.4,3.0,260.0,0.0,0.0,0.13846153846153847
50.0,7.0,35.0,0.1,0.1,0.4,3.0,267.0,0.0,0.0,0.14232209737827714
50.0,7.0,36.0,0.1,0.1,0.4,3.0,241.0,0.0,0.0,0.14522821576763487
50.0,7.0,37.0,0.1,0.1,0.4,3.0,248.0,0.0,0.0,0.1532258064516129
50.0,7.0,38.0,0.1,0.1,0.4,3.0,243.0,0.0,0.0,0.1440329218106996
50.0,7.0,39.0,0.1,0.1,0.4,3.0,247.0,0.0,0.0,0.14979757085020243
50.0,7.0,40.0,0.1,0.1,0.4,3.0,243.0,0.0,0.0,0.14814814814814814
50.0,7.0,41.0,0.1,0.1,0.4,3.0,248.0,0.0,0.0,0.1532258064516129
50.0,7.0,42.0,0.1,0.1,0.4,3.0,242.0,0.0,0.0,0.1446280991735537
50.0,7.0,43.0,0.1,0.1,0.4,3.0,247.0,0.0,0.0,0.15384615384615385
50.0,7.0,44.0,0.1,0.1,0.4,3.0,242.0,0.0,0.0,0.1487603305785124
50.0,7.0,45.0,0.1,0.1,0.4,3.0,248.0,0.0,0.0,0.21370967741935484
50.0,7.0,46.0,0.1,0.1,0.4,3.0,231.0,0.0,0.0,0.21212121212121213
50.0,7.0,47.0,0.1,0.1,0.4,3.0,239.0,0.0,0.0,0.21338912133891214
50.0,7.0,48.0,0.1,0.1,0.4,3.0,232.0,0.0,0.0,0.21120689655172414
50.0,7.0,49.0,0.1,0.1,0.4,3.0,240.0,0.0,0.0,0.2125
50.0,7.0,50.0,0.1,0.1,0.4,3.0,234.0,0.0,0.0,0.20512820512820512
50.0,7.0,51.0,0.1,0.1,0.4,3.0,240.0,0.0,0.0,0.20833333333333334
50.0,7.0,52.0,0.1,0.1,0.4,3.0,235.0,0.0,0.0,0.20851063829787234
50.0,8.0,1.0,0.1,0.1,0.4,3.0,239.0,0.0,0.0,0.20920502092050208
50.0,8.0,2.0,0.1,0.1,0.4,3.0,230.0,0.0,0.0,0.20869565217391303
50.0,8.0,3.0,0.1,0.1,0.4,3.0,238.0,0.0,0.0,0.21008403361344538
50.0,8.0,4.0,0.1,0.1,0.4,3.0,232.0,0.0,0.0,0.20689655172413793
50.0,8.0,5.0,0.1,0.1,0.4,3.0,239.0,0.0,0.0,0.20920502092050208
50.0,8.0,6.0,0.1,0.1,0.4,3.0,231.0,0.0,0.0,0.20346320346320346
50.0,8.0,7.0,0.1,0.1,0.4,3.0,237.0,0.0,0.0,0.2109704641350211
50.0,8.0,8.0,0.1,0.1,0.4,3.0,234.0,0.0,0.0,0.20512820512820512
50.0,8.0,9.0,0.1,0.1,0.4,3.0,238.0,0.0,0.0,0.21008403361344538
50.0,8.0,10.0,0.1,0.1,0.4,3.0,234.0,0.0,0.0,0.20085470085470086
50.0,8.0,11.0,0.1,0.1,0.4,3.0,237.0,0.0,0.0,0.2109704641350211
50.0,8.0,12.0,0.1,0.1,0.4,3.0,234.0,0.0,0.0,0.20085470085470086
50.0,8.0,13.0,0.1,0.1,0.4,3.0,237.0,0.0,0.0,0.2109704641350211
50.0,8.0,14.0,0.1,0.1,0.4,3.0,233.0,0.0,0.0,0.2017167381974249
50.0,8.0,15.0,0.1,0.1,0.4,3.0,236.0,0.0,0.0,0.2076271186440678
50.0,8.0,16.0,0.1,0.1,0.4,3.0,234.0,0.0,0.0,0.20512820512820512
50.0,8.0,17.0,0.1,0.1,0.4,3.0,237.0,0.0,0.0,0.20675105485232068
50.0,8.0,18.0,0.1,0.1,0.4,3.0,231.0,0.0,0.0,0.2077922077922078
50.0,8.0,19.0,0.1,0.1,0.4,3.0,239.0,0.0,0.0,0.20920502092050208
50.0,8.0,20.0,0.1,0.1,0.4,3.0,430.0,0.0,0.0,0.10930232558139535
50.0,8.0,21.0,0.1,0.1,0.4,3.0,375.0,0.0,0.0,0.12533333333333332
50.0,8.0,22.0,0.1,0.1,0.4,3.0,357.0,0.0,0.0,0.12324929971988796
50.0,8.0,23.0,0.1,0.1,0.4,3.0,365.0,0.0,0.0,0.12602739726027398
50.0,8.0,24.0,0.1,0.1,0.4,3.0,357.0,0.0,0.0,0.12605042016806722
50.0,8.0,25.0,0.1,0.1,0.4,3.0,357.0,0.0,0.0,0.13165266106442577
50.0,8.0,26.0,0.1,0.1,0.4,3.0,346.0,0.0,0.0,0.12716763005780346
50.0,8.0,27.0,0.1,0.1,0.4,3.0,338.0,0.0,0.0,0.1390532544378698
50.0,8.0,28.0,0.1,0.1,0.4,3.0,310.0,0.0,0.0,0.14516129032258066
50.0,8.0,29.0,0.1,0.1,0.4,3.0,311.0,0.0,0.0,0.15112540192926044
50.0,8.0,30.0,0.1,0.1,0.4,3.0,299.0,0.0,0.0,0.1505016722408027
50.0,8.0,31.0,0.1,0.1,0.4,3.0,298.0,0.0,0.0,0.15771812080536912
50.0,8.0,32.0,0.1,0.1,0.4,3.0,284.0,0.0,0.0,0.15492957746478872
50.0,8.0,33.0,0.1,0.1,0.4,3.0,284.0,0.0,0.0,0.1619718309859155
50.0,8.0,34.0,0.1,0.1,0.4,3.0,271.0,0.0,0.0,0.15867158671586715
50.0,8.0,35.0,0.1,0.1,0.4,3.0,278.0,0.0,0.0,0.16546762589928057
50.0,8.0,36.0,0.1,0.1,0.4,3.0,277.0,0.0,0.0,0.1588447653429603
50.0,8.0,37.0,0.1,0.1,0.4,3.0,270.0,0.0,0.0,0.15925925925925927
50.0,8.0,38.0,0.1,0.1,0.4,3.0,267.0,0.0,0.0,0.15355805243445692
50.0,8.0,39.0,0.1,0.1,0.4,3.0,272.0,0.0,0.0,0.15808823529411764
50.0,8.0,40.0,0.1,0.1,0.4,3.0,268.0,0.0,0.0,0.15298507462686567
50.0,8.0,41.0,0.1,0.1,0.4,3.0,262.0,0.0,0.0,0.16412213740458015
50.0,8.0,42.0,0.1,0.1,0.4,3.0,259.0,0.0,0.0,0.1583011583011583
50.0,8.0,43.0,0.1,0.1,0.4,3.0,251.0,0.0,0.0,0.1593625498007968
50.0,8.0,44.0,0.1,0.1,0.4,3.0,249.0,0.0,0.0,0.15261044176706828
50.0,8.0,45.0,0.1,0.1,0.4,3.0,242.0,0.0,0.0,0.23553719008264462
50.0,8.0,46.0,0.1,0.1,0.4,3.0,240.0,0.0,0.0,0.22916666666666666
50.0,8.0,47.0,0.1,0.1,0.4,3.0,239.0,0.0,0.0,0.2384937238493724
50.0,8.0,48.0,0.1,0.1,0.4,3.0,241.0,0.0,0.0,0.22821576763485477
50.0,8.0,49.0,0.1,0.1,0.4,3.0,238.0,0.0,0.0,0.23949579831932774
50.0,8.0,50.0,0.1,0.1,0.4,3.0,238.0,0.0,0.0,0.23109243697478993
50.0,8.0,51.0,0.1,0.1,0.4,3.0,241.0,0.0,0.0,0.23651452282157676
50.0,8.0,52.0,0.1,0.1,0.4,3.0,236.0,0.0,0.0,0.2288135593220339
50.0,9.0,1.0,0.1,0.1,0.4,3.0,240.0,0.0,0.0,0.2375
50.0,9.0,2.0,0.1,0.1,0.4,3.0,238.0,0.0,0.0,0.23109243697478993
50.0,9.0,3.0,0.1,0.1,0.4,3.0,242.0,0.0,0.0,0.23553719008264462
50.0,9.0,4.0,0.1,0.1,0.4,3.0,236.0,0.0,0.0,0.2288135593220339
50.0,9.0,5.0,0.1,0.1,0.4,3.0,240.0,0.0,0.0,0.2375
50.0,9.0,6.0,0.1,0.1,0.4,3.0,238.0,0.0,0.0,0.23109243697478993
50.0,9.0,7.0,0.1,0.1,0.4,3.0,240.0,0.0,0.0,0.2375
50.0,9.0,8.0,0.1,0.1,0.4,3.0,238.0,0.0,0.0,0.23109243697478993
50.0,9.0,9.0,0.1,0.1,0.4,3.0,240.0,0.0,0.0,0.2375
50.0,9.0,10.0,0.1,0.1,0.4,3.0,229.0,0.0,0.0,0.2314410480349345
50.0,9.0,11.0,0.1,0.1,0.4,3.0,231.0,0.0,0.0,0.23809523809523808
50.0,9.0,12.0,0.1,0.1,0.4,3.0,229.0,0.0,0.0,0.2314410480349345
50.0,9.0,13.0,0.1,0.1,0.4,3.0,232.0,0.0,0.0,0.2413793103448276
50.0,9.0,14.0,0.1,0.1,0.4,3.0,229.0,0.0,0.0,0.2314410480349345
50.0,9.0,15.0,0.1,0.1,0.4,3.0,233.0,0.0,0.0,0.24034334763948498
50.0,9.0,16.0,0.1,0.1,0.4,3.0,227.0,0.0,0.0,0.23348017621145375
50.0,9.0,17.0,0.1,0.1,0.4,3.0,233.0,0.0,0.0,0.24034334763948498
50.0,9.0,18.0,0.1,0.1,0.4,3.0,228.0,0.0,0.0,0.2324561403508772
50.0,9.0,19.0,0.1,0.1,0.4,3.0,233.0,0.0,0.0,0.24034334763948498
50.0,9.0,20.0,0.1,0.1,0.4,3.0,371.0,0.0,0.0,0.11590296495956873
50.0,9.0,21.0,0.1,0.1,0.4,3.0,369.0,0.0,0.0,0.12195121951219512
50.0,9.0,22.0,0.1,0.1,0.4,3.0,347.0,0.0,0.0,0.1239193083573487
50.0,9.0,23.0,0.1,0.1,0.4,3.0,358.0,0.0,0.0,0.12290502793296089
50.0,9.0,24.0,0.1,0.1,0.4,3.0,346.0,0.0,0.0,0.12427745664739884
50.0,9.0,25.0,0.1,0.1,0.4,3.0,353.0,0.0,0.0,0.12181303116147309
50.0,9.0,26.0,0.1,0.1,0.4,3.0,328.0,0.0,0.0,0.125
50.0,9.0,27.0,0.1,0.1,0.4,3.0,344.0,0.0,0.0,0.11918604651162791
50.0,9.0,28.0,0.1,0.1,0.4,3.0,312.0,0.0,0.0,0.125
50.0,9.0,29.0,0.1,0.1,0.4,3.0,313.0,0.0,0.0,0.12779552715654952
50.0,9.0,30.0,0.1,0.1,0.4,3.0,296.0,0.0,0.0,0.12837837837837837
50.0,9.0,31.0,0.1,0.1,0.4,3.0,303.0,0.0,0.0,0.132013201320132
50.0,9.0,32.0,0.1,0.1,0.4,3.0,295.0,0.0,0.0,0.1288135593220339
50.0,9.0,33.0,0.1,0.1,0.4,3.0,294.0,0.0,0.0,0.1326530612244898
50.0,9.0,34.0,0.1,0.1,0.4,3.0,282.0,0.0,0.0,0.13120567375886524
50.0,9.0,35.0,0.1,0.1,0.4,3.0,283.0,0.0,0.0,0.13780918727915195
50.0,9.0,36.0,0.1,0.1,0.4,3.0,282.0,0.0,0.0,0.1347517730496454
50.0,9.0,37.0,0.1,0.1,0.4,3.0,275.0,0.0,0.0,0.14181818181818182
50.0,9.0,38.0,0.1,0.1,0.4,3.0,272.0,0.0,0.0,0.13970588235294118
50.0,9.0,39.0,0.1,0.1,0.4,3.0,279.0,0.0,0.0,0.13978494623655913
50.0,9.0,40.0,0.1,0.1,0.4,3.0,273.0,0.0,0.0,0.1391941391941392
50.0,9.0,41.0,0.1,0.1,0.4,3.0,278.0,0.0,0.0,0.14028776978417265
50.0,9.0,42.0,0.1,0.1,0.4,3.0,254.0,0.0,0.0,0.14566929133858267
50.0,9.0,43.0,0.1,0.1,0.4,3.0,251.0,0.0,0.0,0.14741035856573706
50.0,9.0,44.0,0.1,0.1,0.4,3.0,236.0,0.0,0.0,0.1483050847457627
50.0,9.0,45.0,0.1,0.1,0.4,3.0,235.0,0.0,0.0,0.25957446808510637
50.0,9.0,46.0,0.1,0.1,0.4,3.0,219.0,0.0,0.0,0.2602739726027397
50.0,9.0,47.0,0.1,0.1,0.4,3.0,223.0,0.0,0.0,0.26905829596412556
50.0,9.0,48.0,0.1,0.1,0.4,3.0,206.0,0.0,0.0,0.2621359223300971
50.0,9.0,49.0,0.1,0.1,0.4,3.0,212.0,0.0,0.0,0.2688679245283019
50.0,9.0,50.0,0.1,0.1,0.4,3.0,208.0,0.0,0.0,0.25961538461538464
50.0,9.0,51.0,0.1,0.1,0.4,3.0,211.0,0.0,0.0,0.27488151658767773
50.0,9.0,52.0,0.1,0.1,0.4,3.0,209.0,0.0,0.0,0.2583732057416268
50.0,10.0,1.0,0.1,0.1,0.4,3.0,210.0,0.0,0.0,0.2761904761904762
50.0,10.0,2.0,0.1,0.1,0.4,3.0,203.0,0.0,0.0,0.26108374384236455
50.0,10.0,3.0,0.1,0.1,0.4,3.0,211.0,0.0,0.0,0.27014218009478674
50.0,10.0,4.0,0.1,0.1,0.4,3.0,204.0,0.0,0.0,0.2549019607843137
50.0,10.0,5.0,0.1,0.1,0.4,3.0,208.0,0.0,0.0,0.2644230769230769
50.0,10.0,6.0,0.1,0.1,0.4,3.0,202.0,0.0,0.0,0.2623762376237624
50.0,10.0,7.0,0.1,0.1,0.4,3.0,211.0,0.0,0.0,0.26540284360189575
50.0,10.0,8.0,0.1,0.1,0.4,3.0,203.0,0.0,0.0,0.2660098522167488
50.0,10.0,9.0,0.1,0.1,0.4,3.0,208.0,0.0,0.0,0.2692307692307692
50.0,10.0,10.0,0.1,0.1,0.4,3.0,197.0,0.0,0.0,0.27411167512690354
50.0,10.0,11.0,0.1,0.1,0.4,3.0,199.0,0.0,0.0,0.27638190954773867
50.0,10.0,12.0,0.1,0.1,0.4,3.0,197.0,0.0,0.0,0.26903553299492383
50.0,10.0,13.0,0.1,0.1,0.4,3.0,203.0,0.0,0.0,0.28078817733990147
50.0,10.0,14.0,0.1,0.1,0.4,3.0,196.0,0.0,0.0,0.2653061224489796
50.0,10.0,15.0,0.1,0.1,0.4,3.0,200.0,0.0,0.0,0.28
50.0,10.0,16.0,0.1,0.1,0.4,3.0,197.0,0.0,0.0,0.26903553299492383
50.0,10.0,17.0,0.1,0.1,0.4,3.0,201.0,0.0,0.0,0.27860696517412936
50.0,10.0,18.0,0.1,0.1,0.4,3.0,197.0,0.0,0.0,0.26903553299492383
50.0,10.0,19.0,0.1,0.1,0.4,3.0,201.0,0.0,0.0,0.27860696517412936
50.0,10.0,20.0,0.1,0.1,0.4,3.0,373.0,0.0,0.0,0.13672922252010725
50.0,10.0,21.0,0.1,0.1,0.4,3.0,376.0,0.0,0.0,0.1356382978723404
50.0,10.0,22.0,0.1,0.1,0.4,3.0,358.0,0.0,0.0,0.1340782122905028
50.0,10.0,23.0,0.1,0.1,0.4,3.0,375.0,0.0,0.0,0.136
50.0,10.0,24.0,0.1,0.1,0.4,3.0,314.0,0.0,0.0,0.13694267515923567
50.0,10.0,25.0,0.1,0.1,0.4,3.0,327.0,0.0,0.0,0.1437308868501529
50.0,10.0,26.0,0.1,0.1,0.4,3.0,295.0,0.0,0.0,0.14576271186440679
50.0,10.0,27.0,0.1,0.1,0.4,3.0,312.0,0.0,0.0,0.15064102564102563
50.0,10.0,28.0,0.1,0.1,0.4,3.0,286.0,0.0,0.0,0.15034965034965034
50.0,10.0,29.0,0.1,0.1,0.4,3.0,305.0,0.0,0.0,0.15081967213114755
50.0,10.0,30.0,0.1,0.1,0.4,3.0,278.0,0.0,0.0,0.1474820143884892
50.0,10.0,31.0,0.1,0.1,0.4,3.0,308.0,0.0,0.0,0.1525974025974026
50.0,10.0,32.0,0.1,0.1,0.4,3.0,269.0,0.0,0.0,0.1524163568773234
50.0,10.0,33.0,0.1,0.1,0.4,3.0,285.0,0.0,0.0,0.15087719298245614
50.0,10.0,34.0,0.1,0.1,0.4,3.0,269.0,0.0,0.0,0.1524163568773234
50.0,10.0,35.0,0.1,0.1,0.4,3.0,284.0,0.0,0.0,0.15845070422535212
50.0,10.0,36.0,0.1,0.1,0.4,3.0,262.0,0.0,0.0,0.15267175572519084
50.0,10.0,37.0,0.1,0.1,0.4,3.0,259.0,0.0,0.0,0.16988416988416988
50.0,10.0,38.0,0.1,0.1,0.4,3.0,240.0,0.0,0.0,0.16666666666666666
50.0,10.0,39.0,0.1,0.1,0.4,3.0,250.0,0.0,0.0,0.176
50.0,10.0,40.0,0.1,0.1,0.4,3.0,232.0,0.0,0.0,0.1724137931034483
50.0,10.0,41.0,0.1,0.1,0.4,3.0,248.0,0.0,0.0,0.17338709677419356
50.0,10.0,42.0,0.1,0.1,0.4,3.0,209.0,0.0,0.0,0.1722488038277512
50.0,10.0,43.0,0.1,0.1,0.4,3.0,227.0,0.0,0.0,0.1762114537444934
50.0,10.0,44.0,0.1,0.1,0.4,3.0,210.0,0.0,0.0,0.17142857142857143
50.0,10.0,45.0,0.1,0.1,0.4,3.0,229.0,0.0,0.0,0.24017467248908297
50.0,10.0,46.0,0.1,0.1,0.4,3.0,191.0,0.0,0.0,0.2513089005235602
50.0,10.0,47.0,0.1,0.1,0.4,3.0,202.0,0.0,0.0,0.2623762376237624
50.0,10.0,48.0,0.1,0.1,0.4,3.0,181.0,0.0,0.0,0.26519337016574585
50.0,10.0,49.0,0.1,0.1,0.4,3.0,194.0,0.0,0.0,0.26804123711340205
50.0,10.0,50.0,0.1,0.1,0.4,3.0,173.0,0.0,0.0,0.27167630057803466
50.0,10.0,51.0,0.1,0.1,0.4,3.0,189.0,0.0,0.0,0.2751322751322751
50.0,10.0,52.0,0.1,0.1,0.4,3.0,172.0,0.0,0.0,0.26744186046511625
