rep,year,week,sero,type,rate,barrier_val,barrier_prop,total_pop,n_infected,n_symptomatic
1,1,1,0.2,wave,0.075,3,0.041666666666666664,6479,68,12
1,1,2,0.2,wave,0.075,3,0.041666666666666664,6370,78,32
1,1,3,0.2,wave,0.075,3,0.041666666666666664,6258,117,44
1,1,4,0.2,wave,0.075,3,0.041666666666666664,6190,136,48
1,1,5,0.2,wave,0.075,3,0.041666666666666664,5984,166,48
1,1,6,0.2,wave,0.075,3,0.041666666666666664,5827,185,58
1,1,7,0.2,wave,0.075,3,0.041666666666666664,5652,243,87
1,1,8,0.2,wave,0.075,3,0.041666666666666664,5435,296,107
1,1,9,0.2,wave,0.075,3,0.041666666666666664,5222,355,113
1,1,10,0.2,wave,0.075,3,0.041666666666666664,5045,367,146
1,1,11,0.2,wave,0.075,3,0.041666666666666664,4917,413,172
1,1,12,0.2,wave,0.075,3,0.041666666666666664,4786,453,205
1,1,13,0.2,wave,0.075,3,0.041666666666666664,4522,467,209
1,1,14,0.2,wave,0.075,3,0.041666666666666664,4384,504,224
1,1,15,0.2,wave,0.075,3,0.041666666666666664,4220,536,228
1,1,16,0.2,wave,0.075,3,0.041666666666666664,4010,512,245
1,1,17,0.2,wave,0.075,3,0.041666666666666664,3883,511,253
1,1,18,0.2,wave,0.075,3,0.041666666666666664,3777,497,248
1,1,19,0.2,wave,0.075,3,0.041666666666666664,3634,464,226
1,1,20,0.2,wave,0.075,3,0.041666666666666664,5189,422,232
1,1,21,0.2,wave,0.075,3,0.041666666666666664,4859,466,214
1,1,22,0.2,wave,0.075,3,0.041666666666666664,4709,503,222
1,1,23,0.2,wave,0.075,3,0.041666666666666664,4567,523,198
1,1,24,0.2,wave,0.075,3,0.041666666666666664,4404,554,226
1,1,25,0.2,wave,0.075,3,0.041666666666666664,4315,595,241
1,1,26,0.2,wave,0.075,3,0.041666666666666664,4149,592,274
1,1,27,0.2,wave,0.075,3,0.041666666666666664,4012,612,269
1,1,28,0.2,wave,0.075,3,0.041666666666666664,3872,623,291
1,1,29,0.2,wave,0.075,3,0.041666666666666664,3711,610,278
1,1,30,0.2,wave,0.075,3,0.041666666666666664,3579,614,300
1,1,31,0.2,wave,0.075,3,0.041666666666666664,3405,587,298
1,1,32,0.2,wave,0.075,3,0.041666666666666664,3215,549,271
1,1,33,0.2,wave,0.075,3,0.041666666666666664,3033,508,260
1,1,34,0.2,wave,0.075,3,0.041666666666666664,2896,487,252
1,1,35,0.2,wave,0.075,3,0.041666666666666664,2788,474,243
1,1,36,0.2,wave,0.075,3,0.041666666666666664,2618,415,211
1,1,37,0.2,wave,0.075,3,0.041666666666666664,2540,395,214
1,1,38,0.2,wave,0.075,3,0.041666666666666664,2415,361,185
1,1,39,0.2,wave,0.075,3,0.041666666666666664,2311,327,160
1,1,40,0.2,wave,0.075,3,0.041666666666666664,2239,308,139
1,1,41,0.2,wave,0.075,3,0.041666666666666664,2176,296,143
1,1,42,0.2,wave,0.075,3,0.041666666666666664,2089,288,138
1,1,43,0.2,wave,0.075,3,0.041666666666666664,2034,273,143
1,1,44,0.2,wave,0.075,3,0.041666666666666664,1959,244,129
1,1,45,0.2,wave,0.075,3,0.041666666666666664,1914,230,129
1,1,46,0.2,wave,0.075,3,0.041666666666666664,1852,205,111
1,1,47,0.2,wave,0.075,3,0.041666666666666664,1798,178,90
1,1,48,0.2,wave,0.075,3,0.041666666666666664,1747,146,78
1,1,49,0.2,wave,0.075,3,0.041666666666666664,1702,123,69
1,1,50,0.2,wave,0.075,3,0.041666666666666664,1682,129,83
1,1,51,0.2,wave,0.075,3,0.041666666666666664,1646,109,65
1,1,52,0.2,wave,0.075,3,0.041666666666666664,1584,93,49
1,2,1,0.2,wave,0.075,3,0.041666666666666664,1544,72,36
1,2,2,0.2,wave,0.075,3,0.041666666666666664,1515,68,42
1,2,3,0.2,wave,0.075,3,0.041666666666666664,1521,82,47
1,2,4,0.2,wave,0.075,3,0.041666666666666664,1496,73,35
1,2,5,0.2,wave,0.075,3,0.041666666666666664,1476,66,33
1,2,6,0.2,wave,0.075,3,0.041666666666666664,1427,56,29
1,2,7,0.2,wave,0.075,3,0.041666666666666664,1428,55,33
1,2,8,0.2,wave,0.075,3,0.041666666666666664,1400,47,31
1,2,9,0.2,wave,0.075,3,0.041666666666666664,1389,42,21
1,2,10,0.2,wave,0.075,3,0.041666666666666664,1365,38,19
1,2,11,0.2,wave,0.075,3,0.041666666666666664,1356,32,15
1,2,12,0.2,wave,0.075,3,0.041666666666666664,1338,30,17
1,2,13,0.2,wave,0.075,3,0.041666666666666664,1341,26,17
1,2,14,0.2,wave,0.075,3,0.041666666666666664,1323,25,13
1,2,15,0.2,wave,0.075,3,0.041666666666666664,1312,25,14
1,2,16,0.2,wave,0.075,3,0.041666666666666664,1299,24,12
1,2,17,0.2,wave,0.075,3,0.041666666666666664,1295,31,12
1,2,18,0.2,wave,0.075,3,0.041666666666666664,1262,25,8
1,2,19,0.2,wave,0.075,3,0.041666666666666664,1246,19,9
1,2,20,0.2,wave,0.075,3,0.041666666666666664,1814,18,10
1,2,21,0.2,wave,0.075,3,0.041666666666666664,1803,18,9
1,2,22,0.2,wave,0.075,3,0.041666666666666664,1776,24,9
1,2,23,0.2,wave,0.075,3,0.041666666666666664,1751,21,7
1,2,24,0.2,wave,0.075,3,0.041666666666666664,1737,25,9
1,2,25,0.2,wave,0.075,3,0.041666666666666664,1719,24,5
1,2,26,0.2,wave,0.075,3,0.041666666666666664,1692,20,9
1,2,27,0.2,wave,0.075,3,0.041666666666666664,1670,22,12
1,2,28,0.2,wave,0.075,3,0.041666666666666664,1676,27,13
1,2,29,0.2,wave,0.075,3,0.041666666666666664,1648,26,12
1,2,30,0.2,wave,0.075,3,0.041666666666666664,1643,32,10
1,2,31,0.2,wave,0.075,3,0.041666666666666664,1608,33,13
1,2,32,0.2,wave,0.075,3,0.041666666666666664,1576,29,17
1,2,33,0.2,wave,0.075,3,0.041666666666666664,1539,29,15
1,2,34,0.2,wave,0.075,3,0.041666666666666664,1545,48,19
1,2,35,0.2,wave,0.075,3,0.041666666666666664,1494,37,19
1,2,36,0.2,wave,0.075,3,0.041666666666666664,1487,42,18
1,2,37,0.2,wave,0.075,3,0.041666666666666664,1452,31,16
1,2,38,0.2,wave,0.075,3,0.041666666666666664,1430,27,16
1,2,39,0.2,wave,0.075,3,0.041666666666666664,1400,24,14
1,2,40,0.2,wave,0.075,3,0.041666666666666664,1390,29,14
1,2,41,0.2,wave,0.075,3,0.041666666666666664,1385,26,10
1,2,42,0.2,wave,0.075,3,0.041666666666666664,1373,26,14
1,2,43,0.2,wave,0.075,3,0.041666666666666664,1362,21,13
1,2,44,0.2,wave,0.075,3,0.041666666666666664,1343,25,13
1,2,45,0.2,wave,0.075,3,0.041666666666666664,1347,23,9
1,2,46,0.2,wave,0.075,3,0.041666666666666664,1329,21,10
1,2,47,0.2,wave,0.075,3,0.041666666666666664,1329,17,10
1,2,48,0.2,wave,0.075,3,0.041666666666666664,1315,16,12
1,2,49,0.2,wave,0.075,3,0.041666666666666664,1319,12,10
1,2,50,0.2,wave,0.075,3,0.041666666666666664,1297,14,9
1,2,51,0.2,wave,0.075,3,0.041666666666666664,1281,13,6
1,2,52,0.2,wave,0.075,3,0.041666666666666664,1274,13,3
1,3,1,0.2,wave,0.075,3,0.041666666666666664,1269,15,4
1,3,2,0.2,wave,0.075,3,0.041666666666666664,1230,13,7
1,3,3,0.2,wave,0.075,3,0.041666666666666664,1230,12,7
1,3,4,0.2,wave,0.075,3,0.041666666666666664,1213,17,8
1,3,5,0.2,wave,0.075,3,0.041666666666666664,1217,14,5
1,3,6,0.2,wave,0.075,3,0.041666666666666664,1204,13,7
1,3,7,0.2,wave,0.075,3,0.041666666666666664,1204,15,7
1,3,8,0.2,wave,0.075,3,0.041666666666666664,1176,14,7
1,3,9,0.2,wave,0.075,3,0.041666666666666664,1174,11,8
1,3,10,0.2,wave,0.075,3,0.041666666666666664,1159,10,9
1,3,11,0.2,wave,0.075,3,0.041666666666666664,1158,10,6
1,3,12,0.2,wave,0.075,3,0.041666666666666664,1139,10,4
1,3,13,0.2,wave,0.075,3,0.041666666666666664,1140,7,3
1,3,14,0.2,wave,0.075,3,0.041666666666666664,1108,9,5
1,3,15,0.2,wave,0.075,3,0.041666666666666664,1111,11,5
1,3,16,0.2,wave,0.075,3,0.041666666666666664,1098,11,6
1,3,17,0.2,wave,0.075,3,0.041666666666666664,1102,8,7
1,3,18,0.2,wave,0.075,3,0.041666666666666664,1087,8,6
1,3,19,0.2,wave,0.075,3,0.041666666666666664,1089,4,3
1,3,20,0.2,wave,0.075,3,0.041666666666666664,1635,3,1
1,3,21,0.2,wave,0.075,3,0.041666666666666664,1576,6,1
1,3,22,0.2,wave,0.075,3,0.041666666666666664,1560,7,3
1,3,23,0.2,wave,0.075,3,0.041666666666666664,1506,7,3
1,3,24,0.2,wave,0.075,3,0.041666666666666664,1498,8,5
1,3,25,0.2,wave,0.075,3,0.041666666666666664,1463,5,2
1,3,26,0.2,wave,0.075,3,0.041666666666666664,1390,3,1
1,3,27,0.2,wave,0.075,3,0.041666666666666664,1384,3,0
1,3,28,0.2,wave,0.075,3,0.041666666666666664,1366,3,2
1,3,29,0.2,wave,0.075,3,0.041666666666666664,1369,4,2
1,3,30,0.2,wave,0.075,3,0.041666666666666664,1351,6,3
1,3,31,0.2,wave,0.075,3,0.041666666666666664,1356,3,2
1,3,32,0.2,wave,0.075,3,0.041666666666666664,1333,3,2
1,3,33,0.2,wave,0.075,3,0.041666666666666664,1311,3,1
1,3,34,0.2,wave,0.075,3,0.041666666666666664,1302,2,0
1,3,35,0.2,wave,0.075,3,0.041666666666666664,1274,2,0
1,3,36,0.2,wave,0.075,3,0.041666666666666664,1268,2,2
1,3,37,0.2,wave,0.075,3,0.041666666666666664,1252,4,2
1,3,38,0.2,wave,0.075,3,0.041666666666666664,1246,6,2
1,3,39,0.2,wave,0.075,3,0.041666666666666664,1216,6,0
1,3,40,0.2,wave,0.075,3,0.041666666666666664,1208,6,3
1,3,41,0.2,wave,0.075,3,0.041666666666666664,1183,9,4
1,3,42,0.2,wave,0.075,3,0.041666666666666664,1158,8,5
1,3,43,0.2,wave,0.075,3,0.041666666666666664,1145,7,3
1,3,44,0.2,wave,0.075,3,0.041666666666666664,1135,7,4
1,3,45,0.2,wave,0.075,3,0.041666666666666664,1113,6,4
1,3,46,0.2,wave,0.075,3,0.041666666666666664,1092,7,5
1,3,47,0.2,wave,0.075,3,0.041666666666666664,1081,8,3
1,3,48,0.2,wave,0.075,3,0.041666666666666664,1040,2,0
1,3,49,0.2,wave,0.075,3,0.041666666666666664,1042,2,2
1,3,50,0.2,wave,0.075,3,0.041666666666666664,1015,2,2
1,3,51,0.2,wave,0.075,3,0.041666666666666664,1008,2,2
1,3,52,0.2,wave,0.075,3,0.041666666666666664,985,1,0
1,4,1,0.2,wave,0.075,3,0.041666666666666664,987,1,0
1,4,2,0.2,wave,0.075,3,0.041666666666666664,973,0,0
1,4,3,0.2,wave,0.075,3,0.041666666666666664,948,0,0
1,4,4,0.2,wave,0.075,3,0.041666666666666664,914,0,0
1,4,5,0.2,wave,0.075,3,0.041666666666666664,925,0,0
1,4,6,0.2,wave,0.075,3,0.041666666666666664,915,0,0
1,4,7,0.2,wave,0.075,3,0.041666666666666664,924,1,0
1,4,8,0.2,wave,0.075,3,0.041666666666666664,913,1,1
1,4,9,0.2,wave,0.075,3,0.041666666666666664,913,1,1
1,4,10,0.2,wave,0.075,3,0.041666666666666664,905,1,1
1,4,11,0.2,wave,0.075,3,0.041666666666666664,908,0,0
1,4,12,0.2,wave,0.075,3,0.041666666666666664,899,0,0
1,4,13,0.2,wave,0.075,3,0.041666666666666664,905,0,0
1,4,14,0.2,wave,0.075,3,0.041666666666666664,898,0,0
1,4,15,0.2,wave,0.075,3,0.041666666666666664,891,0,0
1,4,16,0.2,wave,0.075,3,0.041666666666666664,887,0,0
1,4,17,0.2,wave,0.075,3,0.041666666666666664,891,0,0
1,4,18,0.2,wave,0.075,3,0.041666666666666664,885,0,0
1,4,19,0.2,wave,0.075,3,0.041666666666666664,882,0,0
1,4,20,0.2,wave,0.075,3,0.041666666666666664,1286,0,0
1,4,21,0.2,wave,0.075,3,0.041666666666666664,1224,0,0
1,4,22,0.2,wave,0.075,3,0.041666666666666664,1215,0,0
1,4,23,0.2,wave,0.075,3,0.041666666666666664,1227,0,0
1,4,24,0.2,wave,0.075,3,0.041666666666666664,1217,0,0
1,4,25,0.2,wave,0.075,3,0.041666666666666664,1164,0,0
1,4,26,0.2,wave,0.075,3,0.041666666666666664,1136,0,0
1,4,27,0.2,wave,0.075,3,0.041666666666666664,1134,0,0
1,4,28,0.2,wave,0.075,3,0.041666666666666664,1127,0,0
1,4,29,0.2,wave,0.075,3,0.041666666666666664,1118,0,0
1,4,30,0.2,wave,0.075,3,0.041666666666666664,1082,0,0
1,4,31,0.2,wave,0.075,3,0.041666666666666664,1052,0,0
1,4,32,0.2,wave,0.075,3,0.041666666666666664,1015,0,0
1,4,33,0.2,wave,0.075,3,0.041666666666666664,1017,0,0
1,4,34,0.2,wave,0.075,3,0.041666666666666664,1004,0,0
1,4,35,0.2,wave,0.075,3,0.041666666666666664,973,0,0
1,4,36,0.2,wave,0.075,3,0.041666666666666664,936,0,0
1,4,37,0.2,wave,0.075,3,0.041666666666666664,938,0,0
1,4,38,0.2,wave,0.075,3,0.041666666666666664,932,0,0
1,4,39,0.2,wave,0.075,3,0.041666666666666664,924,0,0
1,4,40,0.2,wave,0.075,3,0.041666666666666664,930,0,0
1,4,41,0.2,wave,0.075,3,0.041666666666666664,930,0,0
1,4,42,0.2,wave,0.075,3,0.041666666666666664,910,0,0
1,4,43,0.2,wave,0.075,3,0.041666666666666664,897,0,0
1,4,44,0.2,wave,0.075,3,0.041666666666666664,860,0,0
1,4,45,0.2,wave,0.075,3,0.041666666666666664,858,0,0
1,4,46,0.2,wave,0.075,3,0.041666666666666664,852,0,0
1,4,47,0.2,wave,0.075,3,0.041666666666666664,852,0,0
1,4,48,0.2,wave,0.075,3,0.041666666666666664,844,0,0
1,4,49,0.2,wave,0.075,3,0.041666666666666664,842,0,0
1,4,50,0.2,wave,0.075,3,0.041666666666666664,837,0,0
1,4,51,0.2,wave,0.075,3,0.041666666666666664,816,0,0
1,4,52,0.2,wave,0.075,3,0.041666666666666664,809,0,0
1,5,1,0.2,wave,0.075,3,0.041666666666666664,807,0,0
1,5,2,0.2,wave,0.075,3,0.041666666666666664,799,0,0
1,5,3,0.2,wave,0.075,3,0.041666666666666664,786,0,0
1,5,4,0.2,wave,0.075,3,0.041666666666666664,775,0,0
1,5,5,0.2,wave,0.075,3,0.041666666666666664,771,0,0
1,5,6,0.2,wave,0.075,3,0.041666666666666664,772,0,0
1,5,7,0.2,wave,0.075,3,0.041666666666666664,772,0,0
1,5,8,0.2,wave,0.075,3,0.041666666666666664,771,0,0
1,5,9,0.2,wave,0.075,3,0.041666666666666664,771,0,0
1,5,10,0.2,wave,0.075,3,0.041666666666666664,763,0,0
1,5,11,0.2,wave,0.075,3,0.041666666666666664,754,0,0
1,5,12,0.2,wave,0.075,3,0.041666666666666664,747,0,0
1,5,13,0.2,wave,0.075,3,0.041666666666666664,726,0,0
1,5,14,0.2,wave,0.075,3,0.041666666666666664,718,0,0
1,5,15,0.2,wave,0.075,3,0.041666666666666664,722,0,0
1,5,16,0.2,wave,0.075,3,0.041666666666666664,695,0,0
1,5,17,0.2,wave,0.075,3,0.041666666666666664,694,0,0
1,5,18,0.2,wave,0.075,3,0.041666666666666664,688,0,0
1,5,19,0.2,wave,0.075,3,0.041666666666666664,696,0,0
1,5,20,0.2,wave,0.075,3,0.041666666666666664,1034,0,0
1,5,21,0.2,wave,0.075,3,0.041666666666666664,1044,0,0
1,5,22,0.2,wave,0.075,3,0.041666666666666664,1023,0,0
1,5,23,0.2,wave,0.075,3,0.041666666666666664,1012,0,0
1,5,24,0.2,wave,0.075,3,0.041666666666666664,997,0,0
1,5,25,0.2,wave,0.075,3,0.041666666666666664,1005,0,0
1,5,26,0.2,wave,0.075,3,0.041666666666666664,975,0,0
1,5,27,0.2,wave,0.075,3,0.041666666666666664,986,0,0
1,5,28,0.2,wave,0.075,3,0.041666666666666664,966,0,0
1,5,29,0.2,wave,0.075,3,0.041666666666666664,971,0,0
1,5,30,0.2,wave,0.075,3,0.041666666666666664,959,0,0
1,5,31,0.2,wave,0.075,3,0.041666666666666664,951,0,0
1,5,32,0.2,wave,0.075,3,0.041666666666666664,938,0,0
1,5,33,0.2,wave,0.075,3,0.041666666666666664,933,0,0
1,5,34,0.2,wave,0.075,3,0.041666666666666664,908,0,0
1,5,35,0.2,wave,0.075,3,0.041666666666666664,905,0,0
1,5,36,0.2,wave,0.075,3,0.041666666666666664,874,0,0
1,5,37,0.2,wave,0.075,3,0.041666666666666664,887,0,0
1,5,38,0.2,wave,0.075,3,0.041666666666666664,842,0,0
1,5,39,0.2,wave,0.075,3,0.041666666666666664,820,0,0
1,5,40,0.2,wave,0.075,3,0.041666666666666664,807,0,0
1,5,41,0.2,wave,0.075,3,0.041666666666666664,809,0,0
1,5,42,0.2,wave,0.075,3,0.041666666666666664,804,0,0
1,5,43,0.2,wave,0.075,3,0.041666666666666664,803,0,0
1,5,44,0.2,wave,0.075,3,0.041666666666666664,802,0,0
1,5,45,0.2,wave,0.075,3,0.041666666666666664,803,0,0
1,5,46,0.2,wave,0.075,3,0.041666666666666664,789,0,0
1,5,47,0.2,wave,0.075,3,0.041666666666666664,785,0,0
1,5,48,0.2,wave,0.075,3,0.041666666666666664,783,0,0
1,5,49,0.2,wave,0.075,3,0.041666666666666664,764,0,0
1,5,50,0.2,wave,0.075,3,0.041666666666666664,756,0,0
1,5,51,0.2,wave,0.075,3,0.041666666666666664,757,0,0
1,5,52,0.2,wave,0.075,3,0.041666666666666664,750,0,0
1,6,1,0.2,wave,0.075,3,0.041666666666666664,731,0,0
1,6,2,0.2,wave,0.075,3,0.041666666666666664,735,0,0
1,6,3,0.2,wave,0.075,3,0.041666666666666664,732,0,0
1,6,4,0.2,wave,0.075,3,0.041666666666666664,731,0,0
1,6,5,0.2,wave,0.075,3,0.041666666666666664,726,0,0
1,6,6,0.2,wave,0.075,3,0.041666666666666664,727,0,0
1,6,7,0.2,wave,0.075,3,0.041666666666666664,727,0,0
1,6,8,0.2,wave,0.075,3,0.041666666666666664,724,0,0
1,6,9,0.2,wave,0.075,3,0.041666666666666664,722,0,0
1,6,10,0.2,wave,0.075,3,0.041666666666666664,718,0,0
1,6,11,0.2,wave,0.075,3,0.041666666666666664,716,0,0
1,6,12,0.2,wave,0.075,3,0.041666666666666664,709,0,0
1,6,13,0.2,wave,0.075,3,0.041666666666666664,703,0,0
1,6,14,0.2,wave,0.075,3,0.041666666666666664,706,0,0
1,6,15,0.2,wave,0.075,3,0.041666666666666664,703,0,0
1,6,16,0.2,wave,0.075,3,0.041666666666666664,705,0,0
1,6,17,0.2,wave,0.075,3,0.041666666666666664,704,0,0
1,6,18,0.2,wave,0.075,3,0.041666666666666664,706,0,0
1,6,19,0.2,wave,0.075,3,0.041666666666666664,701,0,0
1,6,20,0.2,wave,0.075,3,0.041666666666666664,1007,0,0
1,6,21,0.2,wave,0.075,3,0.041666666666666664,996,0,0
1,6,22,0.2,wave,0.075,3,0.041666666666666664,973,0,0
1,6,23,0.2,wave,0.075,3,0.041666666666666664,976,0,0
1,6,24,0.2,wave,0.075,3,0.041666666666666664,970,0,0
1,6,25,0.2,wave,0.075,3,0.041666666666666664,976,0,0
1,6,26,0.2,wave,0.075,3,0.041666666666666664,936,0,0
1,6,27,0.2,wave,0.075,3,0.041666666666666664,939,0,0
1,6,28,0.2,wave,0.075,3,0.041666666666666664,899,0,0
1,6,29,0.2,wave,0.075,3,0.041666666666666664,891,0,0
1,6,30,0.2,wave,0.075,3,0.041666666666666664,878,0,0
1,6,31,0.2,wave,0.075,3,0.041666666666666664,886,0,0
1,6,32,0.2,wave,0.075,3,0.041666666666666664,875,0,0
1,6,33,0.2,wave,0.075,3,0.041666666666666664,843,0,0
1,6,34,0.2,wave,0.075,3,0.041666666666666664,844,0,0
1,6,35,0.2,wave,0.075,3,0.041666666666666664,828,0,0
1,6,36,0.2,wave,0.075,3,0.041666666666666664,818,0,0
1,6,37,0.2,wave,0.075,3,0.041666666666666664,818,0,0
1,6,38,0.2,wave,0.075,3,0.041666666666666664,814,0,0
1,6,39,0.2,wave,0.075,3,0.041666666666666664,810,0,0
1,6,40,0.2,wave,0.075,3,0.041666666666666664,791,0,0
1,6,41,0.2,wave,0.075,3,0.041666666666666664,790,0,0
1,6,42,0.2,wave,0.075,3,0.041666666666666664,785,0,0
1,6,43,0.2,wave,0.075,3,0.041666666666666664,789,0,0
1,6,44,0.2,wave,0.075,3,0.041666666666666664,782,0,0
1,6,45,0.2,wave,0.075,3,0.041666666666666664,772,0,0
1,6,46,0.2,wave,0.075,3,0.041666666666666664,751,0,0
1,6,47,0.2,wave,0.075,3,0.041666666666666664,755,0,0
1,6,48,0.2,wave,0.075,3,0.041666666666666664,732,0,0
1,6,49,0.2,wave,0.075,3,0.041666666666666664,731,0,0
1,6,50,0.2,wave,0.075,3,0.041666666666666664,725,0,0
1,6,51,0.2,wave,0.075,3,0.041666666666666664,722,0,0
1,6,52,0.2,wave,0.075,3,0.041666666666666664,713,0,0
1,7,1,0.2,wave,0.075,3,0.041666666666666664,718,0,0
1,7,2,0.2,wave,0.075,3,0.041666666666666664,705,0,0
1,7,3,0.2,wave,0.075,3,0.041666666666666664,711,0,0
1,7,4,0.2,wave,0.075,3,0.041666666666666664,710,0,0
1,7,5,0.2,wave,0.075,3,0.041666666666666664,710,0,0
1,7,6,0.2,wave,0.075,3,0.041666666666666664,695,0,0
1,7,7,0.2,wave,0.075,3,0.041666666666666664,688,0,0
1,7,8,0.2,wave,0.075,3,0.041666666666666664,678,0,0
1,7,9,0.2,wave,0.075,3,0.041666666666666664,678,0,0
1,7,10,0.2,wave,0.075,3,0.041666666666666664,680,0,0
1,7,11,0.2,wave,0.075,3,0.041666666666666664,678,0,0
1,7,12,0.2,wave,0.075,3,0.041666666666666664,682,0,0
1,7,13,0.2,wave,0.075,3,0.041666666666666664,682,0,0
1,7,14,0.2,wave,0.075,3,0.041666666666666664,679,0,0
1,7,15,0.2,wave,0.075,3,0.041666666666666664,679,0,0
1,7,16,0.2,wave,0.075,3,0.041666666666666664,672,0,0
1,7,17,0.2,wave,0.075,3,0.041666666666666664,664,0,0
1,7,18,0.2,wave,0.075,3,0.041666666666666664,646,0,0
1,7,19,0.2,wave,0.075,3,0.041666666666666664,660,0,0
1,7,20,0.2,wave,0.075,3,0.041666666666666664,934,0,0
1,7,21,0.2,wave,0.075,3,0.041666666666666664,937,0,0
1,7,22,0.2,wave,0.075,3,0.041666666666666664,930,0,0
1,7,23,0.2,wave,0.075,3,0.041666666666666664,893,0,0
1,7,24,0.2,wave,0.075,3,0.041666666666666664,857,0,0
1,7,25,0.2,wave,0.075,3,0.041666666666666664,843,0,0
1,7,26,0.2,wave,0.075,3,0.041666666666666664,837,0,0
1,7,27,0.2,wave,0.075,3,0.041666666666666664,851,0,0
1,7,28,0.2,wave,0.075,3,0.041666666666666664,848,0,0
1,7,29,0.2,wave,0.075,3,0.041666666666666664,842,0,0
1,7,30,0.2,wave,0.075,3,0.041666666666666664,840,0,0
1,7,31,0.2,wave,0.075,3,0.041666666666666664,829,0,0
1,7,32,0.2,wave,0.075,3,0.041666666666666664,811,0,0
1,7,33,0.2,wave,0.075,3,0.041666666666666664,816,0,0
1,7,34,0.2,wave,0.075,3,0.041666666666666664,810,0,0
1,7,35,0.2,wave,0.075,3,0.041666666666666664,812,0,0
1,7,36,0.2,wave,0.075,3,0.041666666666666664,791,0,0
1,7,37,0.2,wave,0.075,3,0.041666666666666664,771,0,0
1,7,38,0.2,wave,0.075,3,0.041666666666666664,763,0,0
1,7,39,0.2,wave,0.075,3,0.041666666666666664,763,0,0
1,7,40,0.2,wave,0.075,3,0.041666666666666664,760,0,0
1,7,41,0.2,wave,0.075,3,0.041666666666666664,761,0,0
1,7,42,0.2,wave,0.075,3,0.041666666666666664,761,0,0
1,7,43,0.2,wave,0.075,3,0.041666666666666664,756,0,0
1,7,44,0.2,wave,0.075,3,0.041666666666666664,759,0,0
1,7,45,0.2,wave,0.075,3,0.041666666666666664,755,0,0
1,7,46,0.2,wave,0.075,3,0.041666666666666664,759,0,0
1,7,47,0.2,wave,0.075,3,0.041666666666666664,755,0,0
1,7,48,0.2,wave,0.075,3,0.041666666666666664,743,0,0
1,7,49,0.2,wave,0.075,3,0.041666666666666664,738,0,0
1,7,50,0.2,wave,0.075,3,0.041666666666666664,706,0,0
1,7,51,0.2,wave,0.075,3,0.041666666666666664,700,0,0
1,7,52,0.2,wave,0.075,3,0.041666666666666664,701,0,0
1,8,1,0.2,wave,0.075,3,0.041666666666666664,692,0,0
1,8,2,0.2,wave,0.075,3,0.041666666666666664,696,0,0
1,8,3,0.2,wave,0.075,3,0.041666666666666664,685,0,0
1,8,4,0.2,wave,0.075,3,0.041666666666666664,696,0,0
1,8,5,0.2,wave,0.075,3,0.041666666666666664,692,0,0
1,8,6,0.2,wave,0.075,3,0.041666666666666664,691,0,0
1,8,7,0.2,wave,0.075,3,0.041666666666666664,688,0,0
1,8,8,0.2,wave,0.075,3,0.041666666666666664,688,0,0
1,8,9,0.2,wave,0.075,3,0.041666666666666664,690,0,0
1,8,10,0.2,wave,0.075,3,0.041666666666666664,697,0,0
1,8,11,0.2,wave,0.075,3,0.041666666666666664,682,0,0
1,8,12,0.2,wave,0.075,3,0.041666666666666664,686,0,0
1,8,13,0.2,wave,0.075,3,0.041666666666666664,680,0,0
1,8,14,0.2,wave,0.075,3,0.041666666666666664,682,0,0
1,8,15,0.2,wave,0.075,3,0.041666666666666664,678,0,0
1,8,16,0.2,wave,0.075,3,0.041666666666666664,680,0,0
1,8,17,0.2,wave,0.075,3,0.041666666666666664,678,0,0
1,8,18,0.2,wave,0.075,3,0.041666666666666664,682,0,0
1,8,19,0.2,wave,0.075,3,0.041666666666666664,677,0,0
1,8,20,0.2,wave,0.075,3,0.041666666666666664,991,0,0
1,8,21,0.2,wave,0.075,3,0.041666666666666664,960,0,0
1,8,22,0.2,wave,0.075,3,0.041666666666666664,961,0,0
1,8,23,0.2,wave,0.075,3,0.041666666666666664,937,0,0
1,8,24,0.2,wave,0.075,3,0.041666666666666664,951,0,0
1,8,25,0.2,wave,0.075,3,0.041666666666666664,938,0,0
1,8,26,0.2,wave,0.075,3,0.041666666666666664,915,0,0
1,8,27,0.2,wave,0.075,3,0.041666666666666664,902,0,0
1,8,28,0.2,wave,0.075,3,0.041666666666666664,896,0,0
1,8,29,0.2,wave,0.075,3,0.041666666666666664,890,0,0
1,8,30,0.2,wave,0.075,3,0.041666666666666664,887,0,0
1,8,31,0.2,wave,0.075,3,0.041666666666666664,877,0,0
1,8,32,0.2,wave,0.075,3,0.041666666666666664,873,0,0
1,8,33,0.2,wave,0.075,3,0.041666666666666664,876,0,0
1,8,34,0.2,wave,0.075,3,0.041666666666666664,855,0,0
1,8,35,0.2,wave,0.075,3,0.041666666666666664,860,0,0
1,8,36,0.2,wave,0.075,3,0.041666666666666664,838,0,0
1,8,37,0.2,wave,0.075,3,0.041666666666666664,849,0,0
1,8,38,0.2,wave,0.075,3,0.041666666666666664,848,0,0
1,8,39,0.2,wave,0.075,3,0.041666666666666664,840,0,0
1,8,40,0.2,wave,0.075,3,0.041666666666666664,843,0,0
1,8,41,0.2,wave,0.075,3,0.041666666666666664,832,0,0
1,8,42,0.2,wave,0.075,3,0.041666666666666664,828,0,0
1,8,43,0.2,wave,0.075,3,0.041666666666666664,825,0,0
1,8,44,0.2,wave,0.075,3,0.041666666666666664,831,0,0
1,8,45,0.2,wave,0.075,3,0.041666666666666664,828,0,0
1,8,46,0.2,wave,0.075,3,0.041666666666666664,833,0,0
1,8,47,0.2,wave,0.075,3,0.041666666666666664,829,0,0
1,8,48,0.2,wave,0.075,3,0.041666666666666664,820,0,0
1,8,49,0.2,wave,0.075,3,0.041666666666666664,785,0,0
1,8,50,0.2,wave,0.075,3,0.041666666666666664,785,0,0
1,8,51,0.2,wave,0.075,3,0.041666666666666664,785,0,0
1,8,52,0.2,wave,0.075,3,0.041666666666666664,782,0,0
1,9,1,0.2,wave,0.075,3,0.041666666666666664,776,0,0
1,9,2,0.2,wave,0.075,3,0.041666666666666664,781,0,0
1,9,3,0.2,wave,0.075,3,0.041666666666666664,764,0,0
1,9,4,0.2,wave,0.075,3,0.041666666666666664,767,0,0
1,9,5,0.2,wave,0.075,3,0.041666666666666664,763,0,0
1,9,6,0.2,wave,0.075,3,0.041666666666666664,761,0,0
1,9,7,0.2,wave,0.075,3,0.041666666666666664,765,0,0
1,9,8,0.2,wave,0.075,3,0.041666666666666664,768,0,0
1,9,9,0.2,wave,0.075,3,0.041666666666666664,768,0,0
1,9,10,0.2,wave,0.075,3,0.041666666666666664,760,0,0
1,9,11,0.2,wave,0.075,3,0.041666666666666664,766,0,0
1,9,12,0.2,wave,0.075,3,0.041666666666666664,762,0,0
1,9,13,0.2,wave,0.075,3,0.041666666666666664,765,0,0
1,9,14,0.2,wave,0.075,3,0.041666666666666664,758,0,0
1,9,15,0.2,wave,0.075,3,0.041666666666666664,762,0,0
1,9,16,0.2,wave,0.075,3,0.041666666666666664,764,0,0
1,9,17,0.2,wave,0.075,3,0.041666666666666664,767,0,0
1,9,18,0.2,wave,0.075,3,0.041666666666666664,763,0,0
1,9,19,0.2,wave,0.075,3,0.041666666666666664,765,0,0
1,9,20,0.2,wave,0.075,3,0.041666666666666664,1070,0,0
1,9,21,0.2,wave,0.075,3,0.041666666666666664,1077,0,0
1,9,22,0.2,wave,0.075,3,0.041666666666666664,1046,0,0
1,9,23,0.2,wave,0.075,3,0.041666666666666664,1039,0,0
1,9,24,0.2,wave,0.075,3,0.041666666666666664,1020,0,0
1,9,25,0.2,wave,0.075,3,0.041666666666666664,1007,0,0
1,9,26,0.2,wave,0.075,3,0.041666666666666664,983,0,0
1,9,27,0.2,wave,0.075,3,0.041666666666666664,978,0,0
1,9,28,0.2,wave,0.075,3,0.041666666666666664,973,0,0
1,9,29,0.2,wave,0.075,3,0.041666666666666664,975,0,0
1,9,30,0.2,wave,0.075,3,0.041666666666666664,970,0,0
1,9,31,0.2,wave,0.075,3,0.041666666666666664,968,0,0
1,9,32,0.2,wave,0.075,3,0.041666666666666664,952,0,0
1,9,33,0.2,wave,0.075,3,0.041666666666666664,957,0,0
1,9,34,0.2,wave,0.075,3,0.041666666666666664,952,0,0
1,9,35,0.2,wave,0.075,3,0.041666666666666664,937,0,0
1,9,36,0.2,wave,0.075,3,0.041666666666666664,924,0,0
1,9,37,0.2,wave,0.075,3,0.041666666666666664,928,0,0
1,9,38,0.2,wave,0.075,3,0.041666666666666664,929,0,0
1,9,39,0.2,wave,0.075,3,0.041666666666666664,937,0,0
1,9,40,0.2,wave,0.075,3,0.041666666666666664,939,0,0
1,9,41,0.2,wave,0.075,3,0.041666666666666664,934,0,0
1,9,42,0.2,wave,0.075,3,0.041666666666666664,940,0,0
1,9,43,0.2,wave,0.075,3,0.041666666666666664,935,0,0
1,9,44,0.2,wave,0.075,3,0.041666666666666664,936,0,0
1,9,45,0.2,wave,0.075,3,0.041666666666666664,932,0,0
1,9,46,0.2,wave,0.075,3,0.041666666666666664,923,0,0
1,9,47,0.2,wave,0.075,3,0.041666666666666664,920,0,0
1,9,48,0.2,wave,0.075,3,0.041666666666666664,928,0,0
1,9,49,0.2,wave,0.075,3,0.041666666666666664,905,0,0
1,9,50,0.2,wave,0.075,3,0.041666666666666664,906,0,0
1,9,51,0.2,wave,0.075,3,0.041666666666666664,882,0,0
1,9,52,0.2,wave,0.075,3,0.041666666666666664,882,0,0
1,10,1,0.2,wave,0.075,3,0.041666666666666664,885,0,0
1,10,2,0.2,wave,0.075,3,0.041666666666666664,880,0,0
1,10,3,0.2,wave,0.075,3,0.041666666666666664,883,0,0
1,10,4,0.2,wave,0.075,3,0.041666666666666664,881,0,0
1,10,5,0.2,wave,0.075,3,0.041666666666666664,886,0,0
1,10,6,0.2,wave,0.075,3,0.041666666666666664,878,0,0
1,10,7,0.2,wave,0.075,3,0.041666666666666664,880,0,0
1,10,8,0.2,wave,0.075,3,0.041666666666666664,877,0,0
1,10,9,0.2,wave,0.075,3,0.041666666666666664,879,0,0
1,10,10,0.2,wave,0.075,3,0.041666666666666664,879,0,0
1,10,11,0.2,wave,0.075,3,0.041666666666666664,874,0,0
1,10,12,0.2,wave,0.075,3,0.041666666666666664,872,0,0
1,10,13,0.2,wave,0.075,3,0.041666666666666664,870,0,0
1,10,14,0.2,wave,0.075,3,0.041666666666666664,869,0,0
1,10,15,0.2,wave,0.075,3,0.041666666666666664,872,0,0
1,10,16,0.2,wave,0.075,3,0.041666666666666664,855,0,0
1,10,17,0.2,wave,0.075,3,0.041666666666666664,851,0,0
1,10,18,0.2,wave,0.075,3,0.041666666666666664,841,0,0
1,10,19,0.2,wave,0.075,3,0.041666666666666664,838,0,0
1,10,20,0.2,wave,0.075,3,0.041666666666666664,1213,0,0
1,10,21,0.2,wave,0.075,3,0.041666666666666664,1191,0,0
1,10,22,0.2,wave,0.075,3,0.041666666666666664,1180,0,0
1,10,23,0.2,wave,0.075,3,0.041666666666666664,1148,0,0
1,10,24,0.2,wave,0.075,3,0.041666666666666664,1133,0,0
1,10,25,0.2,wave,0.075,3,0.041666666666666664,1088,0,0
1,10,26,0.2,wave,0.075,3,0.041666666666666664,1090,0,0
1,10,27,0.2,wave,0.075,3,0.041666666666666664,1105,0,0
1,10,28,0.2,wave,0.075,3,0.041666666666666664,1077,0,0
1,10,29,0.2,wave,0.075,3,0.041666666666666664,1074,0,0
1,10,30,0.2,wave,0.075,3,0.041666666666666664,1079,0,0
1,10,31,0.2,wave,0.075,3,0.041666666666666664,1055,0,0
1,10,32,0.2,wave,0.075,3,0.041666666666666664,1072,0,0
1,10,33,0.2,wave,0.075,3,0.041666666666666664,1039,0,0
1,10,34,0.2,wave,0.075,3,0.041666666666666664,1044,0,0
1,10,35,0.2,wave,0.075,3,0.041666666666666664,1036,0,0
1,10,36,0.2,wave,0.075,3,0.041666666666666664,1034,0,0
1,10,37,0.2,wave,0.075,3,0.041666666666666664,1042,0,0
1,10,38,0.2,wave,0.075,3,0.041666666666666664,1047,0,0
1,10,39,0.2,wave,0.075,3,0.041666666666666664,1045,0,0
1,10,40,0.2,wave,0.075,3,0.041666666666666664,1044,0,0
1,10,41,0.2,wave,0.075,3,0.041666666666666664,1031,0,0
1,10,42,0.2,wave,0.075,3,0.041666666666666664,1028,0,0
1,10,43,0.2,wave,0.075,3,0.041666666666666664,1028,0,0
1,10,44,0.2,wave,0.075,3,0.041666666666666664,1029,0,0
1,10,45,0.2,wave,0.075,3,0.041666666666666664,1038,0,0
1,10,46,0.2,wave,0.075,3,0.041666666666666664,1040,0,0
1,10,47,0.2,wave,0.075,3,0.041666666666666664,1037,0,0
1,10,48,0.2,wave,0.075,3,0.041666666666666664,1034,0,0
1,10,49,0.2,wave,0.075,3,0.041666666666666664,1036,0,0
1,10,50,0.2,wave,0.075,3,0.041666666666666664,1035,0,0
1,10,51,0.2,wave,0.075,3,0.041666666666666664,1008,0,0
1,10,52,0.2,wave,0.075,3,0.041666666666666664,1001,0,0
2,1,1,0.2,wave,0.075,3,0.03638888888888889,6528,68,14
2,1,2,0.2,wave,0.075,3,0.03638888888888889,6522,98,30
2,1,3,0.2,wave,0.075,3,0.03638888888888889,6462,125,47
2,1,4,0.2,wave,0.075,3,0.03638888888888889,6371,179,56
2,1,5,0.2,wave,0.075,3,0.03638888888888889,6274,215,65
2,1,6,0.2,wave,0.075,3,0.03638888888888889,6091,277,99
2,1,7,0.2,wave,0.075,3,0.03638888888888889,5907,332,114
2,1,8,0.2,wave,0.075,3,0.03638888888888889,5603,414,130
2,1,9,0.2,wave,0.075,3,0.03638888888888889,5408,429,145
2,1,10,0.2,wave,0.075,3,0.03638888888888889,5184,448,167
2,1,11,0.2,wave,0.075,3,0.03638888888888889,4985,510,198
2,1,12,0.2,wave,0.075,3,0.03638888888888889,4718,505,213
2,1,13,0.2,wave,0.075,3,0.03638888888888889,4541,515,227
2,1,14,0.2,wave,0.075,3,0.03638888888888889,4272,521,243
2,1,15,0.2,wave,0.075,3,0.03638888888888889,4148,525,267
2,1,16,0.2,wave,0.075,3,0.03638888888888889,3833,513,257
2,1,17,0.2,wave,0.075,3,0.03638888888888889,3698,522,235
2,1,18,0.2,wave,0.075,3,0.03638888888888889,3508,476,226
2,1,19,0.2,wave,0.075,3,0.03638888888888889,3385,471,234
2,1,20,0.2,wave,0.075,3,0.03638888888888889,4758,466,243
2,1,21,0.2,wave,0.075,3,0.03638888888888889,4495,505,244
2,1,22,0.2,wave,0.075,3,0.03638888888888889,4365,576,250
2,1,23,0.2,wave,0.075,3,0.03638888888888889,4280,590,242
2,1,24,0.2,wave,0.075,3,0.03638888888888889,4103,582,242
2,1,25,0.2,wave,0.075,3,0.03638888888888889,4010,593,253
2,1,26,0.2,wave,0.075,3,0.03638888888888889,3922,615,281
2,1,27,0.2,wave,0.075,3,0.03638888888888889,3814,636,296
2,1,28,0.2,wave,0.075,3,0.03638888888888889,3601,621,283
2,1,29,0.2,wave,0.075,3,0.03638888888888889,3496,630,295
2,1,30,0.2,wave,0.075,3,0.03638888888888889,3301,599,288
2,1,31,0.2,wave,0.075,3,0.03638888888888889,3211,599,308
2,1,32,0.2,wave,0.075,3,0.03638888888888889,3012,527,272
2,1,33,0.2,wave,0.075,3,0.03638888888888889,2862,468,251
2,1,34,0.2,wave,0.075,3,0.03638888888888889,2727,426,215
2,1,35,0.2,wave,0.075,3,0.03638888888888889,2594,391,210
2,1,36,0.2,wave,0.075,3,0.03638888888888889,2528,374,187
2,1,37,0.2,wave,0.075,3,0.03638888888888889,2435,367,184
2,1,38,0.2,wave,0.075,3,0.03638888888888889,2336,347,169
2,1,39,0.2,wave,0.075,3,0.03638888888888889,2273,353,175
2,1,40,0.2,wave,0.075,3,0.03638888888888889,2203,347,170
2,1,41,0.2,wave,0.075,3,0.03638888888888889,2129,347,160
2,1,42,0.2,wave,0.075,3,0.03638888888888889,2072,309,161
2,1,43,0.2,wave,0.075,3,0.03638888888888889,2002,304,167
2,1,44,0.2,wave,0.075,3,0.03638888888888889,1934,285,159
2,1,45,0.2,wave,0.075,3,0.03638888888888889,1854,252,137
2,1,46,0.2,wave,0.075,3,0.03638888888888889,1766,208,123
2,1,47,0.2,wave,0.075,3,0.03638888888888889,1713,179,109
2,1,48,0.2,wave,0.075,3,0.03638888888888889,1658,159,95
2,1,49,0.2,wave,0.075,3,0.03638888888888889,1613,133,77
2,1,50,0.2,wave,0.075,3,0.03638888888888889,1571,109,64
2,1,51,0.2,wave,0.075,3,0.03638888888888889,1533,97,59
2,1,52,0.2,wave,0.075,3,0.03638888888888889,1496,85,51
2,2,1,0.2,wave,0.075,3,0.03638888888888889,1472,81,46
2,2,2,0.2,wave,0.075,3,0.03638888888888889,1435,74,35
2,2,3,0.2,wave,0.075,3,0.03638888888888889,1399,58,33
2,2,4,0.2,wave,0.075,3,0.03638888888888889,1382,57,30
2,2,5,0.2,wave,0.075,3,0.03638888888888889,1350,51,35
2,2,6,0.2,wave,0.075,3,0.03638888888888889,1329,44,27
2,2,7,0.2,wave,0.075,3,0.03638888888888889,1303,33,20
2,2,8,0.2,wave,0.075,3,0.03638888888888889,1291,27,14
2,2,9,0.2,wave,0.075,3,0.03638888888888889,1275,26,13
2,2,10,0.2,wave,0.075,3,0.03638888888888889,1258,23,13
2,2,11,0.2,wave,0.075,3,0.03638888888888889,1238,22,11
2,2,12,0.2,wave,0.075,3,0.03638888888888889,1224,19,11
2,2,13,0.2,wave,0.075,3,0.03638888888888889,1207,16,10
2,2,14,0.2,wave,0.075,3,0.03638888888888889,1197,14,8
2,2,15,0.2,wave,0.075,3,0.03638888888888889,1188,12,7
2,2,16,0.2,wave,0.075,3,0.03638888888888889,1181,9,7
2,2,17,0.2,wave,0.075,3,0.03638888888888889,1167,13,7
2,2,18,0.2,wave,0.075,3,0.03638888888888889,1146,12,7
2,2,19,0.2,wave,0.075,3,0.03638888888888889,1138,10,4
2,2,20,0.2,wave,0.075,3,0.03638888888888889,1649,9,7
2,2,21,0.2,wave,0.075,3,0.03638888888888889,1627,13,5
2,2,22,0.2,wave,0.075,3,0.03638888888888889,1621,16,7
2,2,23,0.2,wave,0.075,3,0.03638888888888889,1610,11,4
2,2,24,0.2,wave,0.075,3,0.03638888888888889,1591,12,5
2,2,25,0.2,wave,0.075,3,0.03638888888888889,1589,12,4
2,2,26,0.2,wave,0.075,3,0.03638888888888889,1574,13,5
2,2,27,0.2,wave,0.075,3,0.03638888888888889,1547,17,6
2,2,28,0.2,wave,0.075,3,0.03638888888888889,1528,20,10
2,2,29,0.2,wave,0.075,3,0.03638888888888889,1517,16,9
2,2,30,0.2,wave,0.075,3,0.03638888888888889,1474,13,9
2,2,31,0.2,wave,0.075,3,0.03638888888888889,1448,10,5
2,2,32,0.2,wave,0.075,3,0.03638888888888889,1424,10,6
2,2,33,0.2,wave,0.075,3,0.03638888888888889,1400,12,4
2,2,34,0.2,wave,0.075,3,0.03638888888888889,1391,10,5
2,2,35,0.2,wave,0.075,3,0.03638888888888889,1381,14,5
2,2,36,0.2,wave,0.075,3,0.03638888888888889,1358,13,8
2,2,37,0.2,wave,0.075,3,0.03638888888888889,1324,16,6
2,2,38,0.2,wave,0.075,3,0.03638888888888889,1316,18,8
2,2,39,0.2,wave,0.075,3,0.03638888888888889,1272,16,7
2,2,40,0.2,wave,0.075,3,0.03638888888888889,1273,17,7
2,2,41,0.2,wave,0.075,3,0.03638888888888889,1244,15,9
2,2,42,0.2,wave,0.075,3,0.03638888888888889,1230,13,10
2,2,43,0.2,wave,0.075,3,0.03638888888888889,1210,16,9
2,2,44,0.2,wave,0.075,3,0.03638888888888889,1202,13,5
2,2,45,0.2,wave,0.075,3,0.03638888888888889,1181,8,1
2,2,46,0.2,wave,0.075,3,0.03638888888888889,1182,8,4
2,2,47,0.2,wave,0.075,3,0.03638888888888889,1157,9,5
2,2,48,0.2,wave,0.075,3,0.03638888888888889,1143,11,6
2,2,49,0.2,wave,0.075,3,0.03638888888888889,1130,11,4
2,2,50,0.2,wave,0.075,3,0.03638888888888889,1104,10,5
2,2,51,0.2,wave,0.075,3,0.03638888888888889,1101,8,3
2,2,52,0.2,wave,0.075,3,0.03638888888888889,1080,6,4
2,3,1,0.2,wave,0.075,3,0.03638888888888889,1064,4,2
2,3,2,0.2,wave,0.075,3,0.03638888888888889,1053,4,3
2,3,3,0.2,wave,0.075,3,0.03638888888888889,1042,2,2
2,3,4,0.2,wave,0.075,3,0.03638888888888889,1023,2,2
2,3,5,0.2,wave,0.075,3,0.03638888888888889,1016,1,1
2,3,6,0.2,wave,0.075,3,0.03638888888888889,1011,0,0
2,3,7,0.2,wave,0.075,3,0.03638888888888889,996,0,0
2,3,8,0.2,wave,0.075,3,0.03638888888888889,995,0,0
2,3,9,0.2,wave,0.075,3,0.03638888888888889,988,0,0
2,3,10,0.2,wave,0.075,3,0.03638888888888889,976,0,0
2,3,11,0.2,wave,0.075,3,0.03638888888888889,964,0,0
2,3,12,0.2,wave,0.075,3,0.03638888888888889,962,0,0
2,3,13,0.2,wave,0.075,3,0.03638888888888889,960,0,0
2,3,14,0.2,wave,0.075,3,0.03638888888888889,963,0,0
2,3,15,0.2,wave,0.075,3,0.03638888888888889,956,0,0
2,3,16,0.2,wave,0.075,3,0.03638888888888889,954,0,0
2,3,17,0.2,wave,0.075,3,0.03638888888888889,944,0,0
2,3,18,0.2,wave,0.075,3,0.03638888888888889,923,0,0
2,3,19,0.2,wave,0.075,3,0.03638888888888889,909,0,0
2,3,20,0.2,wave,0.075,3,0.03638888888888889,1312,0,0
2,3,21,0.2,wave,0.075,3,0.03638888888888889,1251,0,0
2,3,22,0.2,wave,0.075,3,0.03638888888888889,1235,0,0
2,3,23,0.2,wave,0.075,3,0.03638888888888889,1220,0,0
2,3,24,0.2,wave,0.075,3,0.03638888888888889,1239,0,0
2,3,25,0.2,wave,0.075,3,0.03638888888888889,1223,0,0
2,3,26,0.2,wave,0.075,3,0.03638888888888889,1164,0,0
2,3,27,0.2,wave,0.075,3,0.03638888888888889,1161,0,0
2,3,28,0.2,wave,0.075,3,0.03638888888888889,1131,0,0
2,3,29,0.2,wave,0.075,3,0.03638888888888889,1127,0,0
2,3,30,0.2,wave,0.075,3,0.03638888888888889,1096,0,0
2,3,31,0.2,wave,0.075,3,0.03638888888888889,1103,0,0
2,3,32,0.2,wave,0.075,3,0.03638888888888889,1063,0,0
2,3,33,0.2,wave,0.075,3,0.03638888888888889,1060,0,0
2,3,34,0.2,wave,0.075,3,0.03638888888888889,1044,0,0
2,3,35,0.2,wave,0.075,3,0.03638888888888889,1050,0,0
2,3,36,0.2,wave,0.075,3,0.03638888888888889,1034,0,0
2,3,37,0.2,wave,0.075,3,0.03638888888888889,1022,0,0
2,3,38,0.2,wave,0.075,3,0.03638888888888889,1006,0,0
2,3,39,0.2,wave,0.075,3,0.03638888888888889,997,0,0
2,3,40,0.2,wave,0.075,3,0.03638888888888889,976,0,0
2,3,41,0.2,wave,0.075,3,0.03638888888888889,972,0,0
2,3,42,0.2,wave,0.075,3,0.03638888888888889,960,0,0
2,3,43,0.2,wave,0.075,3,0.03638888888888889,962,0,0
2,3,44,0.2,wave,0.075,3,0.03638888888888889,951,0,0
2,3,45,0.2,wave,0.075,3,0.03638888888888889,953,0,0
2,3,46,0.2,wave,0.075,3,0.03638888888888889,919,0,0
2,3,47,0.2,wave,0.075,3,0.03638888888888889,927,0,0
2,3,48,0.2,wave,0.075,3,0.03638888888888889,912,0,0
2,3,49,0.2,wave,0.075,3,0.03638888888888889,916,0,0
2,3,50,0.2,wave,0.075,3,0.03638888888888889,888,0,0
2,3,51,0.2,wave,0.075,3,0.03638888888888889,887,0,0
2,3,52,0.2,wave,0.075,3,0.03638888888888889,865,0,0
2,4,1,0.2,wave,0.075,3,0.03638888888888889,848,0,0
2,4,2,0.2,wave,0.075,3,0.03638888888888889,841,0,0
2,4,3,0.2,wave,0.075,3,0.03638888888888889,821,0,0
2,4,4,0.2,wave,0.075,3,0.03638888888888889,821,0,0
2,4,5,0.2,wave,0.075,3,0.03638888888888889,818,0,0
2,4,6,0.2,wave,0.075,3,0.03638888888888889,800,0,0
2,4,7,0.2,wave,0.075,3,0.03638888888888889,806,0,0
2,4,8,0.2,wave,0.075,3,0.03638888888888889,781,0,0
2,4,9,0.2,wave,0.075,3,0.03638888888888889,780,0,0
2,4,10,0.2,wave,0.075,3,0.03638888888888889,774,0,0
2,4,11,0.2,wave,0.075,3,0.03638888888888889,776,0,0
2,4,12,0.2,wave,0.075,3,0.03638888888888889,766,0,0
2,4,13,0.2,wave,0.075,3,0.03638888888888889,770,0,0
2,4,14,0.2,wave,0.075,3,0.03638888888888889,750,0,0
2,4,15,0.2,wave,0.075,3,0.03638888888888889,747,0,0
2,4,16,0.2,wave,0.075,3,0.03638888888888889,743,0,0
2,4,17,0.2,wave,0.075,3,0.03638888888888889,738,0,0
2,4,18,0.2,wave,0.075,3,0.03638888888888889,732,0,0
2,4,19,0.2,wave,0.075,3,0.03638888888888889,736,0,0
2,4,20,0.2,wave,0.075,3,0.03638888888888889,1092,0,0
2,4,21,0.2,wave,0.075,3,0.03638888888888889,1073,0,0
2,4,22,0.2,wave,0.075,3,0.03638888888888889,1069,0,0
2,4,23,0.2,wave,0.075,3,0.03638888888888889,1050,0,0
2,4,24,0.2,wave,0.075,3,0.03638888888888889,1021,0,0
2,4,25,0.2,wave,0.075,3,0.03638888888888889,998,0,0
2,4,26,0.2,wave,0.075,3,0.03638888888888889,983,0,0
2,4,27,0.2,wave,0.075,3,0.03638888888888889,940,0,0
2,4,28,0.2,wave,0.075,3,0.03638888888888889,907,0,0
2,4,29,0.2,wave,0.075,3,0.03638888888888889,858,0,0
2,4,30,0.2,wave,0.075,3,0.03638888888888889,872,0,0
2,4,31,0.2,wave,0.075,3,0.03638888888888889,853,0,0
2,4,32,0.2,wave,0.075,3,0.03638888888888889,836,0,0
2,4,33,0.2,wave,0.075,3,0.03638888888888889,810,0,0
2,4,34,0.2,wave,0.075,3,0.03638888888888889,772,0,0
2,4,35,0.2,wave,0.075,3,0.03638888888888889,775,0,0
2,4,36,0.2,wave,0.075,3,0.03638888888888889,755,0,0
2,4,37,0.2,wave,0.075,3,0.03638888888888889,728,0,0
2,4,38,0.2,wave,0.075,3,0.03638888888888889,722,0,0
2,4,39,0.2,wave,0.075,3,0.03638888888888889,706,0,0
2,4,40,0.2,wave,0.075,3,0.03638888888888889,700,0,0
2,4,41,0.2,wave,0.075,3,0.03638888888888889,691,0,0
2,4,42,0.2,wave,0.075,3,0.03638888888888889,687,0,0
2,4,43,0.2,wave,0.075,3,0.03638888888888889,670,0,0
2,4,44,0.2,wave,0.075,3,0.03638888888888889,669,0,0
2,4,45,0.2,wave,0.075,3,0.03638888888888889,653,0,0
2,4,46,0.2,wave,0.075,3,0.03638888888888889,644,0,0
2,4,47,0.2,wave,0.075,3,0.03638888888888889,628,0,0
2,4,48,0.2,wave,0.075,3,0.03638888888888889,634,0,0
2,4,49,0.2,wave,0.075,3,0.03638888888888889,624,0,0
2,4,50,0.2,wave,0.075,3,0.03638888888888889,622,0,0
2,4,51,0.2,wave,0.075,3,0.03638888888888889,613,0,0
2,4,52,0.2,wave,0.075,3,0.03638888888888889,608,0,0
2,5,1,0.2,wave,0.075,3,0.03638888888888889,600,0,0
2,5,2,0.2,wave,0.075,3,0.03638888888888889,597,0,0
2,5,3,0.2,wave,0.075,3,0.03638888888888889,593,0,0
2,5,4,0.2,wave,0.075,3,0.03638888888888889,591,0,0
2,5,5,0.2,wave,0.075,3,0.03638888888888889,586,0,0
2,5,6,0.2,wave,0.075,3,0.03638888888888889,582,0,0
2,5,7,0.2,wave,0.075,3,0.03638888888888889,575,0,0
2,5,8,0.2,wave,0.075,3,0.03638888888888889,584,0,0
2,5,9,0.2,wave,0.075,3,0.03638888888888889,578,0,0
2,5,10,0.2,wave,0.075,3,0.03638888888888889,567,0,0
2,5,11,0.2,wave,0.075,3,0.03638888888888889,562,0,0
2,5,12,0.2,wave,0.075,3,0.03638888888888889,557,0,0
2,5,13,0.2,wave,0.075,3,0.03638888888888889,555,0,0
2,5,14,0.2,wave,0.075,3,0.03638888888888889,558,0,0
2,5,15,0.2,wave,0.075,3,0.03638888888888889,549,0,0
2,5,16,0.2,wave,0.075,3,0.03638888888888889,557,0,0
2,5,17,0.2,wave,0.075,3,0.03638888888888889,547,0,0
2,5,18,0.2,wave,0.075,3,0.03638888888888889,551,0,0
2,5,19,0.2,wave,0.075,3,0.03638888888888889,544,0,0
2,5,20,0.2,wave,0.075,3,0.03638888888888889,814,0,0
2,5,21,0.2,wave,0.075,3,0.03638888888888889,819,0,0
2,5,22,0.2,wave,0.075,3,0.03638888888888889,820,0,0
2,5,23,0.2,wave,0.075,3,0.03638888888888889,819,0,0
2,5,24,0.2,wave,0.075,3,0.03638888888888889,821,0,0
2,5,25,0.2,wave,0.075,3,0.03638888888888889,786,0,0
2,5,26,0.2,wave,0.075,3,0.03638888888888889,762,0,0
2,5,27,0.2,wave,0.075,3,0.03638888888888889,758,0,0
2,5,28,0.2,wave,0.075,3,0.03638888888888889,764,0,0
2,5,29,0.2,wave,0.075,3,0.03638888888888889,744,0,0
2,5,30,0.2,wave,0.075,3,0.03638888888888889,727,0,0
2,5,31,0.2,wave,0.075,3,0.03638888888888889,730,0,0
2,5,32,0.2,wave,0.075,3,0.03638888888888889,719,0,0
2,5,33,0.2,wave,0.075,3,0.03638888888888889,706,0,0
2,5,34,0.2,wave,0.075,3,0.03638888888888889,687,0,0
2,5,35,0.2,wave,0.075,3,0.03638888888888889,698,0,0
2,5,36,0.2,wave,0.075,3,0.03638888888888889,690,0,0
2,5,37,0.2,wave,0.075,3,0.03638888888888889,694,0,0
2,5,38,0.2,wave,0.075,3,0.03638888888888889,674,0,0
2,5,39,0.2,wave,0.075,3,0.03638888888888889,685,0,0
2,5,40,0.2,wave,0.075,3,0.03638888888888889,679,0,0
2,5,41,0.2,wave,0.075,3,0.03638888888888889,682,0,0
2,5,42,0.2,wave,0.075,3,0.03638888888888889,672,0,0
2,5,43,0.2,wave,0.075,3,0.03638888888888889,676,0,0
2,5,44,0.2,wave,0.075,3,0.03638888888888889,663,0,0
2,5,45,0.2,wave,0.075,3,0.03638888888888889,664,0,0
2,5,46,0.2,wave,0.075,3,0.03638888888888889,649,0,0
2,5,47,0.2,wave,0.075,3,0.03638888888888889,641,0,0
2,5,48,0.2,wave,0.075,3,0.03638888888888889,641,0,0
2,5,49,0.2,wave,0.075,3,0.03638888888888889,633,0,0
2,5,50,0.2,wave,0.075,3,0.03638888888888889,626,0,0
2,5,51,0.2,wave,0.075,3,0.03638888888888889,621,0,0
2,5,52,0.2,wave,0.075,3,0.03638888888888889,604,0,0
2,6,1,0.2,wave,0.075,3,0.03638888888888889,611,0,0
2,6,2,0.2,wave,0.075,3,0.03638888888888889,601,0,0
2,6,3,0.2,wave,0.075,3,0.03638888888888889,595,0,0
2,6,4,0.2,wave,0.075,3,0.03638888888888889,592,0,0
2,6,5,0.2,wave,0.075,3,0.03638888888888889,593,0,0
2,6,6,0.2,wave,0.075,3,0.03638888888888889,590,0,0
2,6,7,0.2,wave,0.075,3,0.03638888888888889,591,0,0
2,6,8,0.2,wave,0.075,3,0.03638888888888889,586,0,0
2,6,9,0.2,wave,0.075,3,0.03638888888888889,584,0,0
2,6,10,0.2,wave,0.075,3,0.03638888888888889,584,0,0
2,6,11,0.2,wave,0.075,3,0.03638888888888889,585,0,0
2,6,12,0.2,wave,0.075,3,0.03638888888888889,572,0,0
2,6,13,0.2,wave,0.075,3,0.03638888888888889,572,0,0
2,6,14,0.2,wave,0.075,3,0.03638888888888889,569,0,0
2,6,15,0.2,wave,0.075,3,0.03638888888888889,570,0,0
2,6,16,0.2,wave,0.075,3,0.03638888888888889,558,0,0
2,6,17,0.2,wave,0.075,3,0.03638888888888889,558,0,0
2,6,18,0.2,wave,0.075,3,0.03638888888888889,556,0,0
2,6,19,0.2,wave,0.075,3,0.03638888888888889,554,0,0
2,6,20,0.2,wave,0.075,3,0.03638888888888889,835,0,0
2,6,21,0.2,wave,0.075,3,0.03638888888888889,842,0,0
2,6,22,0.2,wave,0.075,3,0.03638888888888889,813,0,0
2,6,23,0.2,wave,0.075,3,0.03638888888888889,810,0,0
2,6,24,0.2,wave,0.075,3,0.03638888888888889,778,0,0
2,6,25,0.2,wave,0.075,3,0.03638888888888889,766,0,0
2,6,26,0.2,wave,0.075,3,0.03638888888888889,749,0,0
2,6,27,0.2,wave,0.075,3,0.03638888888888889,751,0,0
2,6,28,0.2,wave,0.075,3,0.03638888888888889,753,0,0
2,6,29,0.2,wave,0.075,3,0.03638888888888889,748,0,0
2,6,30,0.2,wave,0.075,3,0.03638888888888889,733,0,0
2,6,31,0.2,wave,0.075,3,0.03638888888888889,731,0,0
2,6,32,0.2,wave,0.075,3,0.03638888888888889,725,0,0
2,6,33,0.2,wave,0.075,3,0.03638888888888889,709,0,0
2,6,34,0.2,wave,0.075,3,0.03638888888888889,712,0,0
2,6,35,0.2,wave,0.075,3,0.03638888888888889,672,0,0
2,6,36,0.2,wave,0.075,3,0.03638888888888889,676,0,0
2,6,37,0.2,wave,0.075,3,0.03638888888888889,666,0,0
2,6,38,0.2,wave,0.075,3,0.03638888888888889,672,0,0
2,6,39,0.2,wave,0.075,3,0.03638888888888889,664,0,0
2,6,40,0.2,wave,0.075,3,0.03638888888888889,669,0,0
2,6,41,0.2,wave,0.075,3,0.03638888888888889,661,0,0
2,6,42,0.2,wave,0.075,3,0.03638888888888889,660,0,0
2,6,43,0.2,wave,0.075,3,0.03638888888888889,656,0,0
2,6,44,0.2,wave,0.075,3,0.03638888888888889,658,0,0
2,6,45,0.2,wave,0.075,3,0.03638888888888889,651,0,0
2,6,46,0.2,wave,0.075,3,0.03638888888888889,658,0,0
2,6,47,0.2,wave,0.075,3,0.03638888888888889,650,0,0
2,6,48,0.2,wave,0.075,3,0.03638888888888889,653,0,0
2,6,49,0.2,wave,0.075,3,0.03638888888888889,648,0,0
2,6,50,0.2,wave,0.075,3,0.03638888888888889,645,0,0
2,6,51,0.2,wave,0.075,3,0.03638888888888889,644,0,0
2,6,52,0.2,wave,0.075,3,0.03638888888888889,637,0,0
2,7,1,0.2,wave,0.075,3,0.03638888888888889,635,0,0
2,7,2,0.2,wave,0.075,3,0.03638888888888889,622,0,0
2,7,3,0.2,wave,0.075,3,0.03638888888888889,623,0,0
2,7,4,0.2,wave,0.075,3,0.03638888888888889,612,0,0
2,7,5,0.2,wave,0.075,3,0.03638888888888889,608,0,0
2,7,6,0.2,wave,0.075,3,0.03638888888888889,610,0,0
2,7,7,0.2,wave,0.075,3,0.03638888888888889,606,0,0
2,7,8,0.2,wave,0.075,3,0.03638888888888889,609,0,0
2,7,9,0.2,wave,0.075,3,0.03638888888888889,598,0,0
2,7,10,0.2,wave,0.075,3,0.03638888888888889,603,0,0
2,7,11,0.2,wave,0.075,3,0.03638888888888889,581,0,0
2,7,12,0.2,wave,0.075,3,0.03638888888888889,593,0,0
2,7,13,0.2,wave,0.075,3,0.03638888888888889,585,0,0
2,7,14,0.2,wave,0.075,3,0.03638888888888889,587,0,0
2,7,15,0.2,wave,0.075,3,0.03638888888888889,578,0,0
2,7,16,0.2,wave,0.075,3,0.03638888888888889,583,0,0
2,7,17,0.2,wave,0.075,3,0.03638888888888889,586,0,0
2,7,18,0.2,wave,0.075,3,0.03638888888888889,583,0,0
2,7,19,0.2,wave,0.075,3,0.03638888888888889,583,0,0
2,7,20,0.2,wave,0.075,3,0.03638888888888889,833,0,0
2,7,21,0.2,wave,0.075,3,0.03638888888888889,820,0,0
2,7,22,0.2,wave,0.075,3,0.03638888888888889,831,0,0
2,7,23,0.2,wave,0.075,3,0.03638888888888889,811,0,0
2,7,24,0.2,wave,0.075,3,0.03638888888888889,801,0,0
2,7,25,0.2,wave,0.075,3,0.03638888888888889,801,0,0
2,7,26,0.2,wave,0.075,3,0.03638888888888889,769,0,0
2,7,27,0.2,wave,0.075,3,0.03638888888888889,776,0,0
2,7,28,0.2,wave,0.075,3,0.03638888888888889,739,0,0
2,7,29,0.2,wave,0.075,3,0.03638888888888889,742,0,0
2,7,30,0.2,wave,0.075,3,0.03638888888888889,737,0,0
2,7,31,0.2,wave,0.075,3,0.03638888888888889,739,0,0
2,7,32,0.2,wave,0.075,3,0.03638888888888889,739,0,0
2,7,33,0.2,wave,0.075,3,0.03638888888888889,735,0,0
2,7,34,0.2,wave,0.075,3,0.03638888888888889,696,0,0
2,7,35,0.2,wave,0.075,3,0.03638888888888889,701,0,0
2,7,36,0.2,wave,0.075,3,0.03638888888888889,699,0,0
2,7,37,0.2,wave,0.075,3,0.03638888888888889,706,0,0
2,7,38,0.2,wave,0.075,3,0.03638888888888889,679,0,0
2,7,39,0.2,wave,0.075,3,0.03638888888888889,676,0,0
2,7,40,0.2,wave,0.075,3,0.03638888888888889,665,0,0
2,7,41,0.2,wave,0.075,3,0.03638888888888889,657,0,0
2,7,42,0.2,wave,0.075,3,0.03638888888888889,647,0,0
2,7,43,0.2,wave,0.075,3,0.03638888888888889,652,0,0
2,7,44,0.2,wave,0.075,3,0.03638888888888889,644,0,0
2,7,45,0.2,wave,0.075,3,0.03638888888888889,651,0,0
2,7,46,0.2,wave,0.075,3,0.03638888888888889,646,0,0
2,7,47,0.2,wave,0.075,3,0.03638888888888889,646,0,0
2,7,48,0.2,wave,0.075,3,0.03638888888888889,648,0,0
2,7,49,0.2,wave,0.075,3,0.03638888888888889,646,0,0
2,7,50,0.2,wave,0.075,3,0.03638888888888889,646,0,0
2,7,51,0.2,wave,0.075,3,0.03638888888888889,646,0,0
2,7,52,0.2,wave,0.075,3,0.03638888888888889,650,0,0
2,8,1,0.2,wave,0.075,3,0.03638888888888889,640,0,0
2,8,2,0.2,wave,0.075,3,0.03638888888888889,641,0,0
2,8,3,0.2,wave,0.075,3,0.03638888888888889,639,0,0
2,8,4,0.2,wave,0.075,3,0.03638888888888889,641,0,0
2,8,5,0.2,wave,0.075,3,0.03638888888888889,643,0,0
2,8,6,0.2,wave,0.075,3,0.03638888888888889,641,0,0
2,8,7,0.2,wave,0.075,3,0.03638888888888889,640,0,0
2,8,8,0.2,wave,0.075,3,0.03638888888888889,640,0,0
2,8,9,0.2,wave,0.075,3,0.03638888888888889,640,0,0
2,8,10,0.2,wave,0.075,3,0.03638888888888889,639,0,0
2,8,11,0.2,wave,0.075,3,0.03638888888888889,642,0,0
2,8,12,0.2,wave,0.075,3,0.03638888888888889,634,0,0
2,8,13,0.2,wave,0.075,3,0.03638888888888889,641,0,0
2,8,14,0.2,wave,0.075,3,0.03638888888888889,644,0,0
2,8,15,0.2,wave,0.075,3,0.03638888888888889,645,0,0
2,8,16,0.2,wave,0.075,3,0.03638888888888889,644,0,0
2,8,17,0.2,wave,0.075,3,0.03638888888888889,640,0,0
2,8,18,0.2,wave,0.075,3,0.03638888888888889,639,0,0
2,8,19,0.2,wave,0.075,3,0.03638888888888889,642,0,0
2,8,20,0.2,wave,0.075,3,0.03638888888888889,992,0,0
2,8,21,0.2,wave,0.075,3,0.03638888888888889,976,0,0
2,8,22,0.2,wave,0.075,3,0.03638888888888889,949,0,0
2,8,23,0.2,wave,0.075,3,0.03638888888888889,942,0,0
2,8,24,0.2,wave,0.075,3,0.03638888888888889,939,0,0
2,8,25,0.2,wave,0.075,3,0.03638888888888889,943,0,0
2,8,26,0.2,wave,0.075,3,0.03638888888888889,920,0,0
2,8,27,0.2,wave,0.075,3,0.03638888888888889,890,0,0
2,8,28,0.2,wave,0.075,3,0.03638888888888889,898,0,0
2,8,29,0.2,wave,0.075,3,0.03638888888888889,864,0,0
2,8,30,0.2,wave,0.075,3,0.03638888888888889,861,0,0
2,8,31,0.2,wave,0.075,3,0.03638888888888889,842,0,0
2,8,32,0.2,wave,0.075,3,0.03638888888888889,826,0,0
2,8,33,0.2,wave,0.075,3,0.03638888888888889,825,0,0
2,8,34,0.2,wave,0.075,3,0.03638888888888889,798,0,0
2,8,35,0.2,wave,0.075,3,0.03638888888888889,796,0,0
2,8,36,0.2,wave,0.075,3,0.03638888888888889,774,0,0
2,8,37,0.2,wave,0.075,3,0.03638888888888889,759,0,0
2,8,38,0.2,wave,0.075,3,0.03638888888888889,760,0,0
2,8,39,0.2,wave,0.075,3,0.03638888888888889,761,0,0
2,8,40,0.2,wave,0.075,3,0.03638888888888889,760,0,0
2,8,41,0.2,wave,0.075,3,0.03638888888888889,761,0,0
2,8,42,0.2,wave,0.075,3,0.03638888888888889,765,0,0
2,8,43,0.2,wave,0.075,3,0.03638888888888889,759,0,0
2,8,44,0.2,wave,0.075,3,0.03638888888888889,758,0,0
2,8,45,0.2,wave,0.075,3,0.03638888888888889,758,0,0
2,8,46,0.2,wave,0.075,3,0.03638888888888889,745,0,0
2,8,47,0.2,wave,0.075,3,0.03638888888888889,755,0,0
2,8,48,0.2,wave,0.075,3,0.03638888888888889,738,0,0
2,8,49,0.2,wave,0.075,3,0.03638888888888889,747,0,0
2,8,50,0.2,wave,0.075,3,0.03638888888888889,741,0,0
2,8,51,0.2,wave,0.075,3,0.03638888888888889,742,0,0
2,8,52,0.2,wave,0.075,3,0.03638888888888889,740,0,0
2,9,1,0.2,wave,0.075,3,0.03638888888888889,728,0,0
2,9,2,0.2,wave,0.075,3,0.03638888888888889,726,0,0
2,9,3,0.2,wave,0.075,3,0.03638888888888889,724,0,0
2,9,4,0.2,wave,0.075,3,0.03638888888888889,724,0,0
2,9,5,0.2,wave,0.075,3,0.03638888888888889,718,0,0
2,9,6,0.2,wave,0.075,3,0.03638888888888889,719,0,0
2,9,7,0.2,wave,0.075,3,0.03638888888888889,723,0,0
2,9,8,0.2,wave,0.075,3,0.03638888888888889,711,0,0
2,9,9,0.2,wave,0.075,3,0.03638888888888889,706,0,0
2,9,10,0.2,wave,0.075,3,0.03638888888888889,715,0,0
2,9,11,0.2,wave,0.075,3,0.03638888888888889,713,0,0
2,9,12,0.2,wave,0.075,3,0.03638888888888889,710,0,0
2,9,13,0.2,wave,0.075,3,0.03638888888888889,707,0,0
2,9,14,0.2,wave,0.075,3,0.03638888888888889,711,0,0
2,9,15,0.2,wave,0.075,3,0.03638888888888889,709,0,0
2,9,16,0.2,wave,0.075,3,0.03638888888888889,712,0,0
2,9,17,0.2,wave,0.075,3,0.03638888888888889,709,0,0
2,9,18,0.2,wave,0.075,3,0.03638888888888889,715,0,0
2,9,19,0.2,wave,0.075,3,0.03638888888888889,706,0,0
2,9,20,0.2,wave,0.075,3,0.03638888888888889,1053,0,0
2,9,21,0.2,wave,0.075,3,0.03638888888888889,1045,0,0
2,9,22,0.2,wave,0.075,3,0.03638888888888889,1037,0,0
2,9,23,0.2,wave,0.075,3,0.03638888888888889,1021,0,0
2,9,24,0.2,wave,0.075,3,0.03638888888888889,994,0,0
2,9,25,0.2,wave,0.075,3,0.03638888888888889,977,0,0
2,9,26,0.2,wave,0.075,3,0.03638888888888889,960,0,0
2,9,27,0.2,wave,0.075,3,0.03638888888888889,949,0,0
2,9,28,0.2,wave,0.075,3,0.03638888888888889,958,0,0
2,9,29,0.2,wave,0.075,3,0.03638888888888889,927,0,0
2,9,30,0.2,wave,0.075,3,0.03638888888888889,934,0,0
2,9,31,0.2,wave,0.075,3,0.03638888888888889,924,0,0
2,9,32,0.2,wave,0.075,3,0.03638888888888889,920,0,0
2,9,33,0.2,wave,0.075,3,0.03638888888888889,894,0,0
2,9,34,0.2,wave,0.075,3,0.03638888888888889,908,0,0
2,9,35,0.2,wave,0.075,3,0.03638888888888889,897,0,0
2,9,36,0.2,wave,0.075,3,0.03638888888888889,904,0,0
2,9,37,0.2,wave,0.075,3,0.03638888888888889,899,0,0
2,9,38,0.2,wave,0.075,3,0.03638888888888889,900,0,0
2,9,39,0.2,wave,0.075,3,0.03638888888888889,877,0,0
2,9,40,0.2,wave,0.075,3,0.03638888888888889,881,0,0
2,9,41,0.2,wave,0.075,3,0.03638888888888889,868,0,0
2,9,42,0.2,wave,0.075,3,0.03638888888888889,856,0,0
2,9,43,0.2,wave,0.075,3,0.03638888888888889,836,0,0
2,9,44,0.2,wave,0.075,3,0.03638888888888889,839,0,0
2,9,45,0.2,wave,0.075,3,0.03638888888888889,825,0,0
2,9,46,0.2,wave,0.075,3,0.03638888888888889,814,0,0
2,9,47,0.2,wave,0.075,3,0.03638888888888889,803,0,0
2,9,48,0.2,wave,0.075,3,0.03638888888888889,800,0,0
2,9,49,0.2,wave,0.075,3,0.03638888888888889,785,0,0
2,9,50,0.2,wave,0.075,3,0.03638888888888889,788,0,0
2,9,51,0.2,wave,0.075,3,0.03638888888888889,776,0,0
2,9,52,0.2,wave,0.075,3,0.03638888888888889,766,0,0
2,10,1,0.2,wave,0.075,3,0.03638888888888889,765,0,0
2,10,2,0.2,wave,0.075,3,0.03638888888888889,767,0,0
2,10,3,0.2,wave,0.075,3,0.03638888888888889,768,0,0
2,10,4,0.2,wave,0.075,3,0.03638888888888889,766,0,0
2,10,5,0.2,wave,0.075,3,0.03638888888888889,767,0,0
2,10,6,0.2,wave,0.075,3,0.03638888888888889,770,0,0
2,10,7,0.2,wave,0.075,3,0.03638888888888889,765,0,0
2,10,8,0.2,wave,0.075,3,0.03638888888888889,765,0,0
2,10,9,0.2,wave,0.075,3,0.03638888888888889,770,0,0
2,10,10,0.2,wave,0.075,3,0.03638888888888889,732,0,0
2,10,11,0.2,wave,0.075,3,0.03638888888888889,745,0,0
2,10,12,0.2,wave,0.075,3,0.03638888888888889,735,0,0
2,10,13,0.2,wave,0.075,3,0.03638888888888889,737,0,0
2,10,14,0.2,wave,0.075,3,0.03638888888888889,741,0,0
2,10,15,0.2,wave,0.075,3,0.03638888888888889,730,0,0
2,10,16,0.2,wave,0.075,3,0.03638888888888889,738,0,0
2,10,17,0.2,wave,0.075,3,0.03638888888888889,735,0,0
2,10,18,0.2,wave,0.075,3,0.03638888888888889,739,0,0
2,10,19,0.2,wave,0.075,3,0.03638888888888889,738,0,0
2,10,20,0.2,wave,0.075,3,0.03638888888888889,1067,0,0
2,10,21,0.2,wave,0.075,3,0.03638888888888889,1056,0,0
2,10,22,0.2,wave,0.075,3,0.03638888888888889,987,0,0
2,10,23,0.2,wave,0.075,3,0.03638888888888889,1007,0,0
2,10,24,0.2,wave,0.075,3,0.03638888888888889,962,0,0
2,10,25,0.2,wave,0.075,3,0.03638888888888889,960,0,0
2,10,26,0.2,wave,0.075,3,0.03638888888888889,933,0,0
2,10,27,0.2,wave,0.075,3,0.03638888888888889,924,0,0
2,10,28,0.2,wave,0.075,3,0.03638888888888889,923,0,0
2,10,29,0.2,wave,0.075,3,0.03638888888888889,924,0,0
2,10,30,0.2,wave,0.075,3,0.03638888888888889,917,0,0
2,10,31,0.2,wave,0.075,3,0.03638888888888889,925,0,0
2,10,32,0.2,wave,0.075,3,0.03638888888888889,882,0,0
2,10,33,0.2,wave,0.075,3,0.03638888888888889,885,0,0
2,10,34,0.2,wave,0.075,3,0.03638888888888889,877,0,0
2,10,35,0.2,wave,0.075,3,0.03638888888888889,853,0,0
2,10,36,0.2,wave,0.075,3,0.03638888888888889,841,0,0
2,10,37,0.2,wave,0.075,3,0.03638888888888889,844,0,0
2,10,38,0.2,wave,0.075,3,0.03638888888888889,822,0,0
2,10,39,0.2,wave,0.075,3,0.03638888888888889,828,0,0
2,10,40,0.2,wave,0.075,3,0.03638888888888889,825,0,0
2,10,41,0.2,wave,0.075,3,0.03638888888888889,827,0,0
2,10,42,0.2,wave,0.075,3,0.03638888888888889,822,0,0
2,10,43,0.2,wave,0.075,3,0.03638888888888889,825,0,0
2,10,44,0.2,wave,0.075,3,0.03638888888888889,823,0,0
2,10,45,0.2,wave,0.075,3,0.03638888888888889,831,0,0
2,10,46,0.2,wave,0.075,3,0.03638888888888889,820,0,0
2,10,47,0.2,wave,0.075,3,0.03638888888888889,828,0,0
2,10,48,0.2,wave,0.075,3,0.03638888888888889,822,0,0
2,10,49,0.2,wave,0.075,3,0.03638888888888889,821,0,0
2,10,50,0.2,wave,0.075,3,0.03638888888888889,822,0,0
2,10,51,0.2,wave,0.075,3,0.03638888888888889,816,0,0
2,10,52,0.2,wave,0.075,3,0.03638888888888889,814,0,0
3,1,1,0.2,wave,0.075,3,0.03222222222222222,6589,70,12
3,1,2,0.2,wave,0.075,3,0.03222222222222222,6518,84,26
3,1,3,0.2,wave,0.075,3,0.03222222222222222,6325,111,46
3,1,4,0.2,wave,0.075,3,0.03222222222222222,6078,131,50
3,1,5,0.2,wave,0.075,3,0.03222222222222222,5922,183,53
3,1,6,0.2,wave,0.075,3,0.03222222222222222,5591,215,78
3,1,7,0.2,wave,0.075,3,0.03222222222222222,5434,298,98
3,1,8,0.2,wave,0.075,3,0.03222222222222222,5266,369,130
3,1,9,0.2,wave,0.075,3,0.03222222222222222,5075,424,145
3,1,10,0.2,wave,0.075,3,0.03222222222222222,4837,477,189
3,1,11,0.2,wave,0.075,3,0.03222222222222222,4639,501,213
3,1,12,0.2,wave,0.075,3,0.03222222222222222,4399,551,233
3,1,13,0.2,wave,0.075,3,0.03222222222222222,4152,552,228
3,1,14,0.2,wave,0.075,3,0.03222222222222222,3956,575,267
3,1,15,0.2,wave,0.075,3,0.03222222222222222,3845,577,279
3,1,16,0.2,wave,0.075,3,0.03222222222222222,3642,611,297
3,1,17,0.2,wave,0.075,3,0.03222222222222222,3499,549,283
3,1,18,0.2,wave,0.075,3,0.03222222222222222,3295,528,268
3,1,19,0.2,wave,0.075,3,0.03222222222222222,3137,495,257
3,1,20,0.2,wave,0.075,3,0.03222222222222222,4526,463,224
3,1,21,0.2,wave,0.075,3,0.03222222222222222,4219,521,224
3,1,22,0.2,wave,0.075,3,0.03222222222222222,4097,569,224
3,1,23,0.2,wave,0.075,3,0.03222222222222222,3920,615,258
3,1,24,0.2,wave,0.075,3,0.03222222222222222,3727,610,268
3,1,25,0.2,wave,0.075,3,0.03222222222222222,3563,614,278
3,1,26,0.2,wave,0.075,3,0.03222222222222222,3350,598,290
3,1,27,0.2,wave,0.075,3,0.03222222222222222,3265,594,292
3,1,28,0.2,wave,0.075,3,0.03222222222222222,3078,585,298
3,1,29,0.2,wave,0.075,3,0.03222222222222222,2920,579,288
3,1,30,0.2,wave,0.075,3,0.03222222222222222,2797,546,270
3,1,31,0.2,wave,0.075,3,0.03222222222222222,2695,528,264
3,1,32,0.2,wave,0.075,3,0.03222222222222222,2574,493,252
3,1,33,0.2,wave,0.075,3,0.03222222222222222,2464,471,252
3,1,34,0.2,wave,0.075,3,0.03222222222222222,2354,432,240
3,1,35,0.2,wave,0.075,3,0.03222222222222222,2243,414,206
3,1,36,0.2,wave,0.075,3,0.03222222222222222,2134,381,183
3,1,37,0.2,wave,0.075,3,0.03222222222222222,2019,363,166
3,1,38,0.2,wave,0.075,3,0.03222222222222222,1959,335,176
3,1,39,0.2,wave,0.075,3,0.03222222222222222,1867,318,168
3,1,40,0.2,wave,0.075,3,0.03222222222222222,1821,316,164
3,1,41,0.2,wave,0.075,3,0.03222222222222222,1738,283,152
3,1,42,0.2,wave,0.075,3,0.03222222222222222,1691,248,140
3,1,43,0.2,wave,0.075,3,0.03222222222222222,1599,229,128
3,1,44,0.2,wave,0.075,3,0.03222222222222222,1551,188,110
3,1,45,0.2,wave,0.075,3,0.03222222222222222,1477,162,94
3,1,46,0.2,wave,0.075,3,0.03222222222222222,1436,135,88
3,1,47,0.2,wave,0.075,3,0.03222222222222222,1372,111,68
3,1,48,0.2,wave,0.075,3,0.03222222222222222,1344,99,60
3,1,49,0.2,wave,0.075,3,0.03222222222222222,1295,72,41
3,1,50,0.2,wave,0.075,3,0.03222222222222222,1273,63,38
3,1,51,0.2,wave,0.075,3,0.03222222222222222,1228,52,32
3,1,52,0.2,wave,0.075,3,0.03222222222222222,1216,46,27
3,2,1,0.2,wave,0.075,3,0.03222222222222222,1183,39,22
3,2,2,0.2,wave,0.075,3,0.03222222222222222,1170,34,21
3,2,3,0.2,wave,0.075,3,0.03222222222222222,1141,29,21
3,2,4,0.2,wave,0.075,3,0.03222222222222222,1144,26,18
3,2,5,0.2,wave,0.075,3,0.03222222222222222,1114,17,12
3,2,6,0.2,wave,0.075,3,0.03222222222222222,1109,14,7
3,2,7,0.2,wave,0.075,3,0.03222222222222222,1082,10,6
3,2,8,0.2,wave,0.075,3,0.03222222222222222,1073,10,6
3,2,9,0.2,wave,0.075,3,0.03222222222222222,1059,9,5
3,2,10,0.2,wave,0.075,3,0.03222222222222222,1057,9,4
3,2,11,0.2,wave,0.075,3,0.03222222222222222,1042,6,2
3,2,12,0.2,wave,0.075,3,0.03222222222222222,1036,7,4
3,2,13,0.2,wave,0.075,3,0.03222222222222222,1027,5,5
3,2,14,0.2,wave,0.075,3,0.03222222222222222,1018,10,7
3,2,15,0.2,wave,0.075,3,0.03222222222222222,1009,7,4
3,2,16,0.2,wave,0.075,3,0.03222222222222222,1001,6,2
3,2,17,0.2,wave,0.075,3,0.03222222222222222,990,6,2
3,2,18,0.2,wave,0.075,3,0.03222222222222222,978,5,2
3,2,19,0.2,wave,0.075,3,0.03222222222222222,973,5,4
3,2,20,0.2,wave,0.075,3,0.03222222222222222,1430,7,4
3,2,21,0.2,wave,0.075,3,0.03222222222222222,1431,7,4
3,2,22,0.2,wave,0.075,3,0.03222222222222222,1410,2,0
3,2,23,0.2,wave,0.075,3,0.03222222222222222,1403,3,2
3,2,24,0.2,wave,0.075,3,0.03222222222222222,1385,2,2
3,2,25,0.2,wave,0.075,3,0.03222222222222222,1366,1,1
3,2,26,0.2,wave,0.075,3,0.03222222222222222,1353,0,0
3,2,27,0.2,wave,0.075,3,0.03222222222222222,1352,0,0
3,2,28,0.2,wave,0.075,3,0.03222222222222222,1319,0,0
3,2,29,0.2,wave,0.075,3,0.03222222222222222,1316,0,0
3,2,30,0.2,wave,0.075,3,0.03222222222222222,1282,0,0
3,2,31,0.2,wave,0.075,3,0.03222222222222222,1286,0,0
3,2,32,0.2,wave,0.075,3,0.03222222222222222,1260,0,0
3,2,33,0.2,wave,0.075,3,0.03222222222222222,1265,0,0
3,2,34,0.2,wave,0.075,3,0.03222222222222222,1244,0,0
3,2,35,0.2,wave,0.075,3,0.03222222222222222,1245,0,0
3,2,36,0.2,wave,0.075,3,0.03222222222222222,1228,0,0
3,2,37,0.2,wave,0.075,3,0.03222222222222222,1210,0,0
3,2,38,0.2,wave,0.075,3,0.03222222222222222,1195,0,0
3,2,39,0.2,wave,0.075,3,0.03222222222222222,1175,0,0
3,2,40,0.2,wave,0.075,3,0.03222222222222222,1170,0,0
3,2,41,0.2,wave,0.075,3,0.03222222222222222,1155,0,0
3,2,42,0.2,wave,0.075,3,0.03222222222222222,1137,0,0
3,2,43,0.2,wave,0.075,3,0.03222222222222222,1134,0,0
3,2,44,0.2,wave,0.075,3,0.03222222222222222,1127,0,0
3,2,45,0.2,wave,0.075,3,0.03222222222222222,1121,0,0
3,2,46,0.2,wave,0.075,3,0.03222222222222222,1107,0,0
3,2,47,0.2,wave,0.075,3,0.03222222222222222,1107,0,0
3,2,48,0.2,wave,0.075,3,0.03222222222222222,1095,0,0
3,2,49,0.2,wave,0.075,3,0.03222222222222222,1078,0,0
3,2,50,0.2,wave,0.075,3,0.03222222222222222,1063,0,0
3,2,51,0.2,wave,0.075,3,0.03222222222222222,1042,0,0
3,2,52,0.2,wave,0.075,3,0.03222222222222222,1028,0,0
3,3,1,0.2,wave,0.075,3,0.03222222222222222,1014,0,0
3,3,2,0.2,wave,0.075,3,0.03222222222222222,998,0,0
3,3,3,0.2,wave,0.075,3,0.03222222222222222,997,0,0
3,3,4,0.2,wave,0.075,3,0.03222222222222222,981,0,0
3,3,5,0.2,wave,0.075,3,0.03222222222222222,961,0,0
3,3,6,0.2,wave,0.075,3,0.03222222222222222,949,0,0
3,3,7,0.2,wave,0.075,3,0.03222222222222222,955,0,0
3,3,8,0.2,wave,0.075,3,0.03222222222222222,938,0,0
3,3,9,0.2,wave,0.075,3,0.03222222222222222,941,0,0
3,3,10,0.2,wave,0.075,3,0.03222222222222222,929,0,0
3,3,11,0.2,wave,0.075,3,0.03222222222222222,925,0,0
3,3,12,0.2,wave,0.075,3,0.03222222222222222,916,0,0
3,3,13,0.2,wave,0.075,3,0.03222222222222222,914,0,0
3,3,14,0.2,wave,0.075,3,0.03222222222222222,898,0,0
3,3,15,0.2,wave,0.075,3,0.03222222222222222,899,0,0
3,3,16,0.2,wave,0.075,3,0.03222222222222222,885,0,0
3,3,17,0.2,wave,0.075,3,0.03222222222222222,888,0,0
3,3,18,0.2,wave,0.075,3,0.03222222222222222,881,0,0
3,3,19,0.2,wave,0.075,3,0.03222222222222222,880,0,0
3,3,20,0.2,wave,0.075,3,0.03222222222222222,1290,0,0
3,3,21,0.2,wave,0.075,3,0.03222222222222222,1301,0,0
3,3,22,0.2,wave,0.075,3,0.03222222222222222,1301,0,0
3,3,23,0.2,wave,0.075,3,0.03222222222222222,1297,0,0
3,3,24,0.2,wave,0.075,3,0.03222222222222222,1255,0,0
3,3,25,0.2,wave,0.075,3,0.03222222222222222,1271,0,0
3,3,26,0.2,wave,0.075,3,0.03222222222222222,1231,0,0
3,3,27,0.2,wave,0.075,3,0.03222222222222222,1186,0,0
3,3,28,0.2,wave,0.075,3,0.03222222222222222,1169,0,0
3,3,29,0.2,wave,0.075,3,0.03222222222222222,1175,0,0
3,3,30,0.2,wave,0.075,3,0.03222222222222222,1145,0,0
3,3,31,0.2,wave,0.075,3,0.03222222222222222,1135,0,0
3,3,32,0.2,wave,0.075,3,0.03222222222222222,1129,0,0
3,3,33,0.2,wave,0.075,3,0.03222222222222222,1128,0,0
3,3,34,0.2,wave,0.075,3,0.03222222222222222,1112,0,0
3,3,35,0.2,wave,0.075,3,0.03222222222222222,1106,0,0
3,3,36,0.2,wave,0.075,3,0.03222222222222222,1100,0,0
3,3,37,0.2,wave,0.075,3,0.03222222222222222,1084,0,0
3,3,38,0.2,wave,0.075,3,0.03222222222222222,1076,0,0
3,3,39,0.2,wave,0.075,3,0.03222222222222222,1053,0,0
3,3,40,0.2,wave,0.075,3,0.03222222222222222,1040,0,0
3,3,41,0.2,wave,0.075,3,0.03222222222222222,1030,0,0
3,3,42,0.2,wave,0.075,3,0.03222222222222222,1020,0,0
3,3,43,0.2,wave,0.075,3,0.03222222222222222,1021,0,0
3,3,44,0.2,wave,0.075,3,0.03222222222222222,1010,0,0
3,3,45,0.2,wave,0.075,3,0.03222222222222222,1003,0,0
3,3,46,0.2,wave,0.075,3,0.03222222222222222,987,0,0
3,3,47,0.2,wave,0.075,3,0.03222222222222222,984,0,0
3,3,48,0.2,wave,0.075,3,0.03222222222222222,975,0,0
3,3,49,0.2,wave,0.075,3,0.03222222222222222,965,0,0
3,3,50,0.2,wave,0.075,3,0.03222222222222222,948,0,0
3,3,51,0.2,wave,0.075,3,0.03222222222222222,934,0,0
3,3,52,0.2,wave,0.075,3,0.03222222222222222,934,0,0
3,4,1,0.2,wave,0.075,3,0.03222222222222222,923,0,0
3,4,2,0.2,wave,0.075,3,0.03222222222222222,915,0,0
3,4,3,0.2,wave,0.075,3,0.03222222222222222,906,0,0
3,4,4,0.2,wave,0.075,3,0.03222222222222222,899,0,0
3,4,5,0.2,wave,0.075,3,0.03222222222222222,893,0,0
3,4,6,0.2,wave,0.075,3,0.03222222222222222,887,0,0
3,4,7,0.2,wave,0.075,3,0.03222222222222222,883,0,0
3,4,8,0.2,wave,0.075,3,0.03222222222222222,881,0,0
3,4,9,0.2,wave,0.075,3,0.03222222222222222,857,0,0
3,4,10,0.2,wave,0.075,3,0.03222222222222222,855,0,0
3,4,11,0.2,wave,0.075,3,0.03222222222222222,850,0,0
3,4,12,0.2,wave,0.075,3,0.03222222222222222,846,0,0
3,4,13,0.2,wave,0.075,3,0.03222222222222222,847,0,0
3,4,14,0.2,wave,0.075,3,0.03222222222222222,845,0,0
3,4,15,0.2,wave,0.075,3,0.03222222222222222,840,0,0
3,4,16,0.2,wave,0.075,3,0.03222222222222222,838,0,0
3,4,17,0.2,wave,0.075,3,0.03222222222222222,835,0,0
3,4,18,0.2,wave,0.075,3,0.03222222222222222,834,0,0
3,4,19,0.2,wave,0.075,3,0.03222222222222222,830,0,0
3,4,20,0.2,wave,0.075,3,0.03222222222222222,1213,0,0
3,4,21,0.2,wave,0.075,3,0.03222222222222222,1194,0,0
3,4,22,0.2,wave,0.075,3,0.03222222222222222,1153,0,0
3,4,23,0.2,wave,0.075,3,0.03222222222222222,1139,0,0
3,4,24,0.2,wave,0.075,3,0.03222222222222222,1108,0,0
3,4,25,0.2,wave,0.075,3,0.03222222222222222,1111,0,0
3,4,26,0.2,wave,0.075,3,0.03222222222222222,1082,0,0
3,4,27,0.2,wave,0.075,3,0.03222222222222222,1060,0,0
3,4,28,0.2,wave,0.075,3,0.03222222222222222,1054,0,0
3,4,29,0.2,wave,0.075,3,0.03222222222222222,1056,0,0
3,4,30,0.2,wave,0.075,3,0.03222222222222222,1040,0,0
3,4,31,0.2,wave,0.075,3,0.03222222222222222,1035,0,0
3,4,32,0.2,wave,0.075,3,0.03222222222222222,1028,0,0
3,4,33,0.2,wave,0.075,3,0.03222222222222222,982,0,0
3,4,34,0.2,wave,0.075,3,0.03222222222222222,965,0,0
3,4,35,0.2,wave,0.075,3,0.03222222222222222,960,0,0
3,4,36,0.2,wave,0.075,3,0.03222222222222222,950,0,0
3,4,37,0.2,wave,0.075,3,0.03222222222222222,952,0,0
3,4,38,0.2,wave,0.075,3,0.03222222222222222,932,0,0
3,4,39,0.2,wave,0.075,3,0.03222222222222222,928,0,0
3,4,40,0.2,wave,0.075,3,0.03222222222222222,922,0,0
3,4,41,0.2,wave,0.075,3,0.03222222222222222,918,0,0
3,4,42,0.2,wave,0.075,3,0.03222222222222222,910,0,0
3,4,43,0.2,wave,0.075,3,0.03222222222222222,906,0,0
3,4,44,0.2,wave,0.075,3,0.03222222222222222,903,0,0
3,4,45,0.2,wave,0.075,3,0.03222222222222222,900,0,0
3,4,46,0.2,wave,0.075,3,0.03222222222222222,894,0,0
3,4,47,0.2,wave,0.075,3,0.03222222222222222,884,0,0
3,4,48,0.2,wave,0.075,3,0.03222222222222222,877,0,0
3,4,49,0.2,wave,0.075,3,0.03222222222222222,873,0,0
3,4,50,0.2,wave,0.075,3,0.03222222222222222,870,0,0
3,4,51,0.2,wave,0.075,3,0.03222222222222222,850,0,0
3,4,52,0.2,wave,0.075,3,0.03222222222222222,841,0,0
3,5,1,0.2,wave,0.075,3,0.03222222222222222,838,0,0
3,5,2,0.2,wave,0.075,3,0.03222222222222222,833,0,0
3,5,3,0.2,wave,0.075,3,0.03222222222222222,830,0,0
3,5,4,0.2,wave,0.075,3,0.03222222222222222,819,0,0
3,5,5,0.2,wave,0.075,3,0.03222222222222222,823,0,0
3,5,6,0.2,wave,0.075,3,0.03222222222222222,795,0,0
3,5,7,0.2,wave,0.075,3,0.03222222222222222,797,0,0
3,5,8,0.2,wave,0.075,3,0.03222222222222222,790,0,0
3,5,9,0.2,wave,0.075,3,0.03222222222222222,790,0,0
3,5,10,0.2,wave,0.075,3,0.03222222222222222,784,0,0
3,5,11,0.2,wave,0.075,3,0.03222222222222222,785,0,0
3,5,12,0.2,wave,0.075,3,0.03222222222222222,782,0,0
3,5,13,0.2,wave,0.075,3,0.03222222222222222,781,0,0
3,5,14,0.2,wave,0.075,3,0.03222222222222222,776,0,0
3,5,15,0.2,wave,0.075,3,0.03222222222222222,777,0,0
3,5,16,0.2,wave,0.075,3,0.03222222222222222,763,0,0
3,5,17,0.2,wave,0.075,3,0.03222222222222222,764,0,0
3,5,18,0.2,wave,0.075,3,0.03222222222222222,760,0,0
3,5,19,0.2,wave,0.075,3,0.03222222222222222,759,0,0
3,5,20,0.2,wave,0.075,3,0.03222222222222222,1130,0,0
3,5,21,0.2,wave,0.075,3,0.03222222222222222,1123,0,0
3,5,22,0.2,wave,0.075,3,0.03222222222222222,1124,0,0
3,5,23,0.2,wave,0.075,3,0.03222222222222222,1118,0,0
3,5,24,0.2,wave,0.075,3,0.03222222222222222,1116,0,0
3,5,25,0.2,wave,0.075,3,0.03222222222222222,1097,0,0
3,5,26,0.2,wave,0.075,3,0.03222222222222222,1095,0,0
3,5,27,0.2,wave,0.075,3,0.03222222222222222,1028,0,0
3,5,28,0.2,wave,0.075,3,0.03222222222222222,1034,0,0
3,5,29,0.2,wave,0.075,3,0.03222222222222222,1026,0,0
3,5,30,0.2,wave,0.075,3,0.03222222222222222,1024,0,0
3,5,31,0.2,wave,0.075,3,0.03222222222222222,1007,0,0
3,5,32,0.2,wave,0.075,3,0.03222222222222222,995,0,0
3,5,33,0.2,wave,0.075,3,0.03222222222222222,969,0,0
3,5,34,0.2,wave,0.075,3,0.03222222222222222,945,0,0
3,5,35,0.2,wave,0.075,3,0.03222222222222222,939,0,0
3,5,36,0.2,wave,0.075,3,0.03222222222222222,917,0,0
3,5,37,0.2,wave,0.075,3,0.03222222222222222,915,0,0
3,5,38,0.2,wave,0.075,3,0.03222222222222222,907,0,0
3,5,39,0.2,wave,0.075,3,0.03222222222222222,910,0,0
3,5,40,0.2,wave,0.075,3,0.03222222222222222,875,0,0
3,5,41,0.2,wave,0.075,3,0.03222222222222222,874,0,0
3,5,42,0.2,wave,0.075,3,0.03222222222222222,864,0,0
3,5,43,0.2,wave,0.075,3,0.03222222222222222,869,0,0
3,5,44,0.2,wave,0.075,3,0.03222222222222222,857,0,0
3,5,45,0.2,wave,0.075,3,0.03222222222222222,841,0,0
3,5,46,0.2,wave,0.075,3,0.03222222222222222,831,0,0
3,5,47,0.2,wave,0.075,3,0.03222222222222222,832,0,0
3,5,48,0.2,wave,0.075,3,0.03222222222222222,827,0,0
3,5,49,0.2,wave,0.075,3,0.03222222222222222,828,0,0
3,5,50,0.2,wave,0.075,3,0.03222222222222222,806,0,0
3,5,51,0.2,wave,0.075,3,0.03222222222222222,804,0,0
3,5,52,0.2,wave,0.075,3,0.03222222222222222,796,0,0
3,6,1,0.2,wave,0.075,3,0.03222222222222222,798,0,0
3,6,2,0.2,wave,0.075,3,0.03222222222222222,790,0,0
3,6,3,0.2,wave,0.075,3,0.03222222222222222,790,0,0
3,6,4,0.2,wave,0.075,3,0.03222222222222222,784,0,0
3,6,5,0.2,wave,0.075,3,0.03222222222222222,782,0,0
3,6,6,0.2,wave,0.075,3,0.03222222222222222,774,0,0
3,6,7,0.2,wave,0.075,3,0.03222222222222222,777,0,0
3,6,8,0.2,wave,0.075,3,0.03222222222222222,773,0,0
3,6,9,0.2,wave,0.075,3,0.03222222222222222,774,0,0
3,6,10,0.2,wave,0.075,3,0.03222222222222222,770,0,0
3,6,11,0.2,wave,0.075,3,0.03222222222222222,768,0,0
3,6,12,0.2,wave,0.075,3,0.03222222222222222,764,0,0
3,6,13,0.2,wave,0.075,3,0.03222222222222222,767,0,0
3,6,14,0.2,wave,0.075,3,0.03222222222222222,763,0,0
3,6,15,0.2,wave,0.075,3,0.03222222222222222,764,0,0
3,6,16,0.2,wave,0.075,3,0.03222222222222222,761,0,0
3,6,17,0.2,wave,0.075,3,0.03222222222222222,761,0,0
3,6,18,0.2,wave,0.075,3,0.03222222222222222,747,0,0
3,6,19,0.2,wave,0.075,3,0.03222222222222222,747,0,0
3,6,20,0.2,wave,0.075,3,0.03222222222222222,1065,0,0
3,6,21,0.2,wave,0.075,3,0.03222222222222222,1054,0,0
3,6,22,0.2,wave,0.075,3,0.03222222222222222,1041,0,0
3,6,23,0.2,wave,0.075,3,0.03222222222222222,1022,0,0
3,6,24,0.2,wave,0.075,3,0.03222222222222222,1011,0,0
3,6,25,0.2,wave,0.075,3,0.03222222222222222,997,0,0
3,6,26,0.2,wave,0.075,3,0.03222222222222222,986,0,0
3,6,27,0.2,wave,0.075,3,0.03222222222222222,984,0,0
3,6,28,0.2,wave,0.075,3,0.03222222222222222,981,0,0
3,6,29,0.2,wave,0.075,3,0.03222222222222222,975,0,0
3,6,30,0.2,wave,0.075,3,0.03222222222222222,971,0,0
3,6,31,0.2,wave,0.075,3,0.03222222222222222,960,0,0
3,6,32,0.2,wave,0.075,3,0.03222222222222222,942,0,0
3,6,33,0.2,wave,0.075,3,0.03222222222222222,935,0,0
3,6,34,0.2,wave,0.075,3,0.03222222222222222,923,0,0
3,6,35,0.2,wave,0.075,3,0.03222222222222222,909,0,0
3,6,36,0.2,wave,0.075,3,0.03222222222222222,911,0,0
3,6,37,0.2,wave,0.075,3,0.03222222222222222,897,0,0
3,6,38,0.2,wave,0.075,3,0.03222222222222222,894,0,0
3,6,39,0.2,wave,0.075,3,0.03222222222222222,890,0,0
3,6,40,0.2,wave,0.075,3,0.03222222222222222,886,0,0
3,6,41,0.2,wave,0.075,3,0.03222222222222222,884,0,0
3,6,42,0.2,wave,0.075,3,0.03222222222222222,865,0,0
3,6,43,0.2,wave,0.075,3,0.03222222222222222,862,0,0
3,6,44,0.2,wave,0.075,3,0.03222222222222222,842,0,0
3,6,45,0.2,wave,0.075,3,0.03222222222222222,842,0,0
3,6,46,0.2,wave,0.075,3,0.03222222222222222,836,0,0
3,6,47,0.2,wave,0.075,3,0.03222222222222222,824,0,0
3,6,48,0.2,wave,0.075,3,0.03222222222222222,818,0,0
3,6,49,0.2,wave,0.075,3,0.03222222222222222,815,0,0
3,6,50,0.2,wave,0.075,3,0.03222222222222222,800,0,0
3,6,51,0.2,wave,0.075,3,0.03222222222222222,800,0,0
3,6,52,0.2,wave,0.075,3,0.03222222222222222,794,0,0
3,7,1,0.2,wave,0.075,3,0.03222222222222222,789,0,0
3,7,2,0.2,wave,0.075,3,0.03222222222222222,783,0,0
3,7,3,0.2,wave,0.075,3,0.03222222222222222,783,0,0
3,7,4,0.2,wave,0.075,3,0.03222222222222222,780,0,0
3,7,5,0.2,wave,0.075,3,0.03222222222222222,783,0,0
3,7,6,0.2,wave,0.075,3,0.03222222222222222,781,0,0
3,7,7,0.2,wave,0.075,3,0.03222222222222222,781,0,0
3,7,8,0.2,wave,0.075,3,0.03222222222222222,776,0,0
3,7,9,0.2,wave,0.075,3,0.03222222222222222,777,0,0
3,7,10,0.2,wave,0.075,3,0.03222222222222222,772,0,0
3,7,11,0.2,wave,0.075,3,0.03222222222222222,774,0,0
3,7,12,0.2,wave,0.075,3,0.03222222222222222,771,0,0
3,7,13,0.2,wave,0.075,3,0.03222222222222222,773,0,0
3,7,14,0.2,wave,0.075,3,0.03222222222222222,771,0,0
3,7,15,0.2,wave,0.075,3,0.03222222222222222,751,0,0
3,7,16,0.2,wave,0.075,3,0.03222222222222222,750,0,0
3,7,17,0.2,wave,0.075,3,0.03222222222222222,751,0,0
3,7,18,0.2,wave,0.075,3,0.03222222222222222,746,0,0
3,7,19,0.2,wave,0.075,3,0.03222222222222222,748,0,0
3,7,20,0.2,wave,0.075,3,0.03222222222222222,1111,0,0
3,7,21,0.2,wave,0.075,3,0.03222222222222222,1091,0,0
3,7,22,0.2,wave,0.075,3,0.03222222222222222,1069,0,0
3,7,23,0.2,wave,0.075,3,0.03222222222222222,1052,0,0
3,7,24,0.2,wave,0.075,3,0.03222222222222222,1050,0,0
3,7,25,0.2,wave,0.075,3,0.03222222222222222,1045,0,0
3,7,26,0.2,wave,0.075,3,0.03222222222222222,1047,0,0
3,7,27,0.2,wave,0.075,3,0.03222222222222222,1028,0,0
3,7,28,0.2,wave,0.075,3,0.03222222222222222,991,0,0
3,7,29,0.2,wave,0.075,3,0.03222222222222222,985,0,0
3,7,30,0.2,wave,0.075,3,0.03222222222222222,980,0,0
3,7,31,0.2,wave,0.075,3,0.03222222222222222,967,0,0
3,7,32,0.2,wave,0.075,3,0.03222222222222222,941,0,0
3,7,33,0.2,wave,0.075,3,0.03222222222222222,922,0,0
3,7,34,0.2,wave,0.075,3,0.03222222222222222,914,0,0
3,7,35,0.2,wave,0.075,3,0.03222222222222222,900,0,0
3,7,36,0.2,wave,0.075,3,0.03222222222222222,903,0,0
3,7,37,0.2,wave,0.075,3,0.03222222222222222,891,0,0
3,7,38,0.2,wave,0.075,3,0.03222222222222222,882,0,0
3,7,39,0.2,wave,0.075,3,0.03222222222222222,857,0,0
3,7,40,0.2,wave,0.075,3,0.03222222222222222,854,0,0
3,7,41,0.2,wave,0.075,3,0.03222222222222222,852,0,0
3,7,42,0.2,wave,0.075,3,0.03222222222222222,850,0,0
3,7,43,0.2,wave,0.075,3,0.03222222222222222,848,0,0
3,7,44,0.2,wave,0.075,3,0.03222222222222222,845,0,0
3,7,45,0.2,wave,0.075,3,0.03222222222222222,841,0,0
3,7,46,0.2,wave,0.075,3,0.03222222222222222,836,0,0
3,7,47,0.2,wave,0.075,3,0.03222222222222222,830,0,0
3,7,48,0.2,wave,0.075,3,0.03222222222222222,825,0,0
3,7,49,0.2,wave,0.075,3,0.03222222222222222,809,0,0
3,7,50,0.2,wave,0.075,3,0.03222222222222222,807,0,0
3,7,51,0.2,wave,0.075,3,0.03222222222222222,807,0,0
3,7,52,0.2,wave,0.075,3,0.03222222222222222,801,0,0
3,8,1,0.2,wave,0.075,3,0.03222222222222222,798,0,0
3,8,2,0.2,wave,0.075,3,0.03222222222222222,797,0,0
3,8,3,0.2,wave,0.075,3,0.03222222222222222,793,0,0
3,8,4,0.2,wave,0.075,3,0.03222222222222222,795,0,0
3,8,5,0.2,wave,0.075,3,0.03222222222222222,777,0,0
3,8,6,0.2,wave,0.075,3,0.03222222222222222,777,0,0
3,8,7,0.2,wave,0.075,3,0.03222222222222222,775,0,0
3,8,8,0.2,wave,0.075,3,0.03222222222222222,776,0,0
3,8,9,0.2,wave,0.075,3,0.03222222222222222,773,0,0
3,8,10,0.2,wave,0.075,3,0.03222222222222222,774,0,0
3,8,11,0.2,wave,0.075,3,0.03222222222222222,770,0,0
3,8,12,0.2,wave,0.075,3,0.03222222222222222,775,0,0
3,8,13,0.2,wave,0.075,3,0.03222222222222222,770,0,0
3,8,14,0.2,wave,0.075,3,0.03222222222222222,773,0,0
3,8,15,0.2,wave,0.075,3,0.03222222222222222,769,0,0
3,8,16,0.2,wave,0.075,3,0.03222222222222222,770,0,0
3,8,17,0.2,wave,0.075,3,0.03222222222222222,767,0,0
3,8,18,0.2,wave,0.075,3,0.03222222222222222,768,0,0
3,8,19,0.2,wave,0.075,3,0.03222222222222222,763,0,0
3,8,20,0.2,wave,0.075,3,0.03222222222222222,1151,0,0
3,8,21,0.2,wave,0.075,3,0.03222222222222222,1159,0,0
3,8,22,0.2,wave,0.075,3,0.03222222222222222,1156,0,0
3,8,23,0.2,wave,0.075,3,0.03222222222222222,1144,0,0
3,8,24,0.2,wave,0.075,3,0.03222222222222222,1126,0,0
3,8,25,0.2,wave,0.075,3,0.03222222222222222,1112,0,0
3,8,26,0.2,wave,0.075,3,0.03222222222222222,1116,0,0
3,8,27,0.2,wave,0.075,3,0.03222222222222222,1109,0,0
3,8,28,0.2,wave,0.075,3,0.03222222222222222,1083,0,0
3,8,29,0.2,wave,0.075,3,0.03222222222222222,1063,0,0
3,8,30,0.2,wave,0.075,3,0.03222222222222222,1067,0,0
3,8,31,0.2,wave,0.075,3,0.03222222222222222,1052,0,0
3,8,32,0.2,wave,0.075,3,0.03222222222222222,1024,0,0
3,8,33,0.2,wave,0.075,3,0.03222222222222222,993,0,0
3,8,34,0.2,wave,0.075,3,0.03222222222222222,1001,0,0
3,8,35,0.2,wave,0.075,3,0.03222222222222222,972,0,0
3,8,36,0.2,wave,0.075,3,0.03222222222222222,974,0,0
3,8,37,0.2,wave,0.075,3,0.03222222222222222,967,0,0
3,8,38,0.2,wave,0.075,3,0.03222222222222222,958,0,0
3,8,39,0.2,wave,0.075,3,0.03222222222222222,941,0,0
3,8,40,0.2,wave,0.075,3,0.03222222222222222,936,0,0
3,8,41,0.2,wave,0.075,3,0.03222222222222222,933,0,0
3,8,42,0.2,wave,0.075,3,0.03222222222222222,935,0,0
3,8,43,0.2,wave,0.075,3,0.03222222222222222,933,0,0
3,8,44,0.2,wave,0.075,3,0.03222222222222222,913,0,0
3,8,45,0.2,wave,0.075,3,0.03222222222222222,904,0,0
3,8,46,0.2,wave,0.075,3,0.03222222222222222,900,0,0
3,8,47,0.2,wave,0.075,3,0.03222222222222222,902,0,0
3,8,48,0.2,wave,0.075,3,0.03222222222222222,886,0,0
3,8,49,0.2,wave,0.075,3,0.03222222222222222,889,0,0
3,8,50,0.2,wave,0.075,3,0.03222222222222222,883,0,0
3,8,51,0.2,wave,0.075,3,0.03222222222222222,882,0,0
3,8,52,0.2,wave,0.075,3,0.03222222222222222,875,0,0
3,9,1,0.2,wave,0.075,3,0.03222222222222222,865,0,0
3,9,2,0.2,wave,0.075,3,0.03222222222222222,858,0,0
3,9,3,0.2,wave,0.075,3,0.03222222222222222,862,0,0
3,9,4,0.2,wave,0.075,3,0.03222222222222222,855,0,0
3,9,5,0.2,wave,0.075,3,0.03222222222222222,861,0,0
3,9,6,0.2,wave,0.075,3,0.03222222222222222,855,0,0
3,9,7,0.2,wave,0.075,3,0.03222222222222222,859,0,0
3,9,8,0.2,wave,0.075,3,0.03222222222222222,853,0,0
3,9,9,0.2,wave,0.075,3,0.03222222222222222,858,0,0
3,9,10,0.2,wave,0.075,3,0.03222222222222222,854,0,0
3,9,11,0.2,wave,0.075,3,0.03222222222222222,848,0,0
3,9,12,0.2,wave,0.075,3,0.03222222222222222,843,0,0
3,9,13,0.2,wave,0.075,3,0.03222222222222222,837,0,0
3,9,14,0.2,wave,0.075,3,0.03222222222222222,830,0,0
3,9,15,0.2,wave,0.075,3,0.03222222222222222,836,0,0
3,9,16,0.2,wave,0.075,3,0.03222222222222222,816,0,0
3,9,17,0.2,wave,0.075,3,0.03222222222222222,825,0,0
3,9,18,0.2,wave,0.075,3,0.03222222222222222,806,0,0
3,9,19,0.2,wave,0.075,3,0.03222222222222222,813,0,0
3,9,20,0.2,wave,0.075,3,0.03222222222222222,1167,0,0
3,9,21,0.2,wave,0.075,3,0.03222222222222222,1138,0,0
3,9,22,0.2,wave,0.075,3,0.03222222222222222,1129,0,0
3,9,23,0.2,wave,0.075,3,0.03222222222222222,1121,0,0
3,9,24,0.2,wave,0.075,3,0.03222222222222222,1075,0,0
3,9,25,0.2,wave,0.075,3,0.03222222222222222,1082,0,0
3,9,26,0.2,wave,0.075,3,0.03222222222222222,1075,0,0
3,9,27,0.2,wave,0.075,3,0.03222222222222222,1070,0,0
3,9,28,0.2,wave,0.075,3,0.03222222222222222,1060,0,0
3,9,29,0.2,wave,0.075,3,0.03222222222222222,1057,0,0
3,9,30,0.2,wave,0.075,3,0.03222222222222222,1022,0,0
3,9,31,0.2,wave,0.075,3,0.03222222222222222,1029,0,0
3,9,32,0.2,wave,0.075,3,0.03222222222222222,1001,0,0
3,9,33,0.2,wave,0.075,3,0.03222222222222222,996,0,0
3,9,34,0.2,wave,0.075,3,0.03222222222222222,988,0,0
3,9,35,0.2,wave,0.075,3,0.03222222222222222,995,0,0
3,9,36,0.2,wave,0.075,3,0.03222222222222222,986,0,0
3,9,37,0.2,wave,0.075,3,0.03222222222222222,994,0,0
3,9,38,0.2,wave,0.075,3,0.03222222222222222,962,0,0
3,9,39,0.2,wave,0.075,3,0.03222222222222222,971,0,0
3,9,40,0.2,wave,0.075,3,0.03222222222222222,963,0,0
3,9,41,0.2,wave,0.075,3,0.03222222222222222,972,0,0
3,9,42,0.2,wave,0.075,3,0.03222222222222222,958,0,0
3,9,43,0.2,wave,0.075,3,0.03222222222222222,970,0,0
3,9,44,0.2,wave,0.075,3,0.03222222222222222,958,0,0
3,9,45,0.2,wave,0.075,3,0.03222222222222222,969,0,0
3,9,46,0.2,wave,0.075,3,0.03222222222222222,948,0,0
3,9,47,0.2,wave,0.075,3,0.03222222222222222,955,0,0
3,9,48,0.2,wave,0.075,3,0.03222222222222222,946,0,0
3,9,49,0.2,wave,0.075,3,0.03222222222222222,954,0,0
3,9,50,0.2,wave,0.075,3,0.03222222222222222,926,0,0
3,9,51,0.2,wave,0.075,3,0.03222222222222222,935,0,0
3,9,52,0.2,wave,0.075,3,0.03222222222222222,922,0,0
3,10,1,0.2,wave,0.075,3,0.03222222222222222,928,0,0
3,10,2,0.2,wave,0.075,3,0.03222222222222222,904,0,0
3,10,3,0.2,wave,0.075,3,0.03222222222222222,911,0,0
3,10,4,0.2,wave,0.075,3,0.03222222222222222,900,0,0
3,10,5,0.2,wave,0.075,3,0.03222222222222222,911,0,0
3,10,6,0.2,wave,0.075,3,0.03222222222222222,900,0,0
3,10,7,0.2,wave,0.075,3,0.03222222222222222,909,0,0
3,10,8,0.2,wave,0.075,3,0.03222222222222222,899,0,0
3,10,9,0.2,wave,0.075,3,0.03222222222222222,911,0,0
3,10,10,0.2,wave,0.075,3,0.03222222222222222,887,0,0
3,10,11,0.2,wave,0.075,3,0.03222222222222222,896,0,0
3,10,12,0.2,wave,0.075,3,0.03222222222222222,887,0,0
3,10,13,0.2,wave,0.075,3,0.03222222222222222,896,0,0
3,10,14,0.2,wave,0.075,3,0.03222222222222222,886,0,0
3,10,15,0.2,wave,0.075,3,0.03222222222222222,896,0,0
3,10,16,0.2,wave,0.075,3,0.03222222222222222,885,0,0
3,10,17,0.2,wave,0.075,3,0.03222222222222222,892,0,0
3,10,18,0.2,wave,0.075,3,0.03222222222222222,873,0,0
3,10,19,0.2,wave,0.075,3,0.03222222222222222,884,0,0
3,10,20,0.2,wave,0.075,3,0.03222222222222222,1227,0,0
3,10,21,0.2,wave,0.075,3,0.03222222222222222,1211,0,0
3,10,22,0.2,wave,0.075,3,0.03222222222222222,1185,0,0
3,10,23,0.2,wave,0.075,3,0.03222222222222222,1200,0,0
3,10,24,0.2,wave,0.075,3,0.03222222222222222,1153,0,0
3,10,25,0.2,wave,0.075,3,0.03222222222222222,1145,0,0
3,10,26,0.2,wave,0.075,3,0.03222222222222222,1125,0,0
3,10,27,0.2,wave,0.075,3,0.03222222222222222,1119,0,0
3,10,28,0.2,wave,0.075,3,0.03222222222222222,1076,0,0
3,10,29,0.2,wave,0.075,3,0.03222222222222222,1077,0,0
3,10,30,0.2,wave,0.075,3,0.03222222222222222,1065,0,0
3,10,31,0.2,wave,0.075,3,0.03222222222222222,1070,0,0
3,10,32,0.2,wave,0.075,3,0.03222222222222222,1052,0,0
3,10,33,0.2,wave,0.075,3,0.03222222222222222,1054,0,0
3,10,34,0.2,wave,0.075,3,0.03222222222222222,1010,0,0
3,10,35,0.2,wave,0.075,3,0.03222222222222222,1019,0,0
3,10,36,0.2,wave,0.075,3,0.03222222222222222,1012,0,0
3,10,37,0.2,wave,0.075,3,0.03222222222222222,1016,0,0
3,10,38,0.2,wave,0.075,3,0.03222222222222222,984,0,0
3,10,39,0.2,wave,0.075,3,0.03222222222222222,1002,0,0
3,10,40,0.2,wave,0.075,3,0.03222222222222222,993,0,0
3,10,41,0.2,wave,0.075,3,0.03222222222222222,1000,0,0
3,10,42,0.2,wave,0.075,3,0.03222222222222222,991,0,0
3,10,43,0.2,wave,0.075,3,0.03222222222222222,999,0,0
3,10,44,0.2,wave,0.075,3,0.03222222222222222,977,0,0
3,10,45,0.2,wave,0.075,3,0.03222222222222222,975,0,0
3,10,46,0.2,wave,0.075,3,0.03222222222222222,964,0,0
3,10,47,0.2,wave,0.075,3,0.03222222222222222,963,0,0
3,10,48,0.2,wave,0.075,3,0.03222222222222222,949,0,0
3,10,49,0.2,wave,0.075,3,0.03222222222222222,953,0,0
3,10,50,0.2,wave,0.075,3,0.03222222222222222,947,0,0
3,10,51,0.2,wave,0.075,3,0.03222222222222222,948,0,0
3,10,52,0.2,wave,0.075,3,0.03222222222222222,945,0,0
4,1,1,0.2,wave,0.075,3,0.03361111111111111,6552,62,6
4,1,2,0.2,wave,0.075,3,0.03361111111111111,6465,65,19
4,1,3,0.2,wave,0.075,3,0.03361111111111111,6312,88,33
4,1,4,0.2,wave,0.075,3,0.03361111111111111,6159,108,44
4,1,5,0.2,wave,0.075,3,0.03361111111111111,6055,137,58
4,1,6,0.2,wave,0.075,3,0.03361111111111111,5842,173,64
4,1,7,0.2,wave,0.075,3,0.03361111111111111,5626,202,72
4,1,8,0.2,wave,0.075,3,0.03361111111111111,5419,259,85
4,1,9,0.2,wave,0.075,3,0.03361111111111111,5125,277,97
4,1,10,0.2,wave,0.075,3,0.03361111111111111,4934,331,126
4,1,11,0.2,wave,0.075,3,0.03361111111111111,4754,381,142
4,1,12,0.2,wave,0.075,3,0.03361111111111111,4614,435,166
4,1,13,0.2,wave,0.075,3,0.03361111111111111,4438,462,182
4,1,14,0.2,wave,0.075,3,0.03361111111111111,4309,528,221
4,1,15,0.2,wave,0.075,3,0.03361111111111111,4150,510,228
4,1,16,0.2,wave,0.075,3,0.03361111111111111,4097,547,272
4,1,17,0.2,wave,0.075,3,0.03361111111111111,3925,530,261
4,1,18,0.2,wave,0.075,3,0.03361111111111111,3764,527,257
4,1,19,0.2,wave,0.075,3,0.03361111111111111,3604,501,247
4,1,20,0.2,wave,0.075,3,0.03361111111111111,5247,489,235
4,1,21,0.2,wave,0.075,3,0.03361111111111111,4819,530,216
4,1,22,0.2,wave,0.075,3,0.03361111111111111,4625,598,227
4,1,23,0.2,wave,0.075,3,0.03361111111111111,4482,640,261
4,1,24,0.2,wave,0.075,3,0.03361111111111111,4325,672,284
4,1,25,0.2,wave,0.075,3,0.03361111111111111,4149,694,313
4,1,26,0.2,wave,0.075,3,0.03361111111111111,4023,734,334
4,1,27,0.2,wave,0.075,3,0.03361111111111111,3837,731,347
4,1,28,0.2,wave,0.075,3,0.03361111111111111,3627,707,330
4,1,29,0.2,wave,0.075,3,0.03361111111111111,3433,673,317
4,1,30,0.2,wave,0.075,3,0.03361111111111111,3279,674,310
4,1,31,0.2,wave,0.075,3,0.03361111111111111,3104,634,302
4,1,32,0.2,wave,0.075,3,0.03361111111111111,2949,635,319
4,1,33,0.2,wave,0.075,3,0.03361111111111111,2813,588,320
4,1,34,0.2,wave,0.075,3,0.03361111111111111,2660,544,278
4,1,35,0.2,wave,0.075,3,0.03361111111111111,2472,491,229
4,1,36,0.2,wave,0.075,3,0.03361111111111111,2297,414,200
4,1,37,0.2,wave,0.075,3,0.03361111111111111,2216,394,214
4,1,38,0.2,wave,0.075,3,0.03361111111111111,2122,382,215
4,1,39,0.2,wave,0.075,3,0.03361111111111111,2017,314,178
4,1,40,0.2,wave,0.075,3,0.03361111111111111,1930,284,166
4,1,41,0.2,wave,0.075,3,0.03361111111111111,1883,268,140
4,1,42,0.2,wave,0.075,3,0.03361111111111111,1811,243,128
4,1,43,0.2,wave,0.075,3,0.03361111111111111,1733,208,100
4,1,44,0.2,wave,0.075,3,0.03361111111111111,1669,197,105
4,1,45,0.2,wave,0.075,3,0.03361111111111111,1630,186,103
4,1,46,0.2,wave,0.075,3,0.03361111111111111,1562,155,94
4,1,47,0.2,wave,0.075,3,0.03361111111111111,1524,127,79
4,1,48,0.2,wave,0.075,3,0.03361111111111111,1468,110,73
4,1,49,0.2,wave,0.075,3,0.03361111111111111,1436,84,54
4,1,50,0.2,wave,0.075,3,0.03361111111111111,1390,69,41
4,1,51,0.2,wave,0.075,3,0.03361111111111111,1352,43,27
4,1,52,0.2,wave,0.075,3,0.03361111111111111,1326,42,28
4,2,1,0.2,wave,0.075,3,0.03361111111111111,1322,36,24
4,2,2,0.2,wave,0.075,3,0.03361111111111111,1285,31,15
4,2,3,0.2,wave,0.075,3,0.03361111111111111,1287,24,10
4,2,4,0.2,wave,0.075,3,0.03361111111111111,1265,32,15
4,2,5,0.2,wave,0.075,3,0.03361111111111111,1262,28,15
4,2,6,0.2,wave,0.075,3,0.03361111111111111,1241,28,11
4,2,7,0.2,wave,0.075,3,0.03361111111111111,1239,26,12
4,2,8,0.2,wave,0.075,3,0.03361111111111111,1217,25,13
4,2,9,0.2,wave,0.075,3,0.03361111111111111,1221,22,14
4,2,10,0.2,wave,0.075,3,0.03361111111111111,1194,19,11
4,2,11,0.2,wave,0.075,3,0.03361111111111111,1192,16,10
4,2,12,0.2,wave,0.075,3,0.03361111111111111,1166,13,6
4,2,13,0.2,wave,0.075,3,0.03361111111111111,1168,12,8
4,2,14,0.2,wave,0.075,3,0.03361111111111111,1150,8,6
4,2,15,0.2,wave,0.075,3,0.03361111111111111,1154,8,6
4,2,16,0.2,wave,0.075,3,0.03361111111111111,1138,4,2
4,2,17,0.2,wave,0.075,3,0.03361111111111111,1118,2,1
4,2,18,0.2,wave,0.075,3,0.03361111111111111,1112,2,1
4,2,19,0.2,wave,0.075,3,0.03361111111111111,1107,2,2
4,2,20,0.2,wave,0.075,3,0.03361111111111111,1621,1,1
4,2,21,0.2,wave,0.075,3,0.03361111111111111,1607,1,1
4,2,22,0.2,wave,0.075,3,0.03361111111111111,1614,1,0
4,2,23,0.2,wave,0.075,3,0.03361111111111111,1615,1,0
4,2,24,0.2,wave,0.075,3,0.03361111111111111,1596,1,0
4,2,25,0.2,wave,0.075,3,0.03361111111111111,1574,1,0
4,2,26,0.2,wave,0.075,3,0.03361111111111111,1534,1,0
4,2,27,0.2,wave,0.075,3,0.03361111111111111,1525,1,0
4,2,28,0.2,wave,0.075,3,0.03361111111111111,1508,1,0
4,2,29,0.2,wave,0.075,3,0.03361111111111111,1485,1,1
4,2,30,0.2,wave,0.075,3,0.03361111111111111,1459,3,1
4,2,31,0.2,wave,0.075,3,0.03361111111111111,1446,4,1
4,2,32,0.2,wave,0.075,3,0.03361111111111111,1419,5,0
4,2,33,0.2,wave,0.075,3,0.03361111111111111,1436,5,2
4,2,34,0.2,wave,0.075,3,0.03361111111111111,1393,5,3
4,2,35,0.2,wave,0.075,3,0.03361111111111111,1382,6,4
4,2,36,0.2,wave,0.075,3,0.03361111111111111,1354,4,3
4,2,37,0.2,wave,0.075,3,0.03361111111111111,1316,6,3
4,2,38,0.2,wave,0.075,3,0.03361111111111111,1313,6,2
4,2,39,0.2,wave,0.075,3,0.03361111111111111,1277,5,3
4,2,40,0.2,wave,0.075,3,0.03361111111111111,1285,4,2
4,2,41,0.2,wave,0.075,3,0.03361111111111111,1241,5,2
4,2,42,0.2,wave,0.075,3,0.03361111111111111,1246,3,0
4,2,43,0.2,wave,0.075,3,0.03361111111111111,1207,3,3
4,2,44,0.2,wave,0.075,3,0.03361111111111111,1215,4,3
4,2,45,0.2,wave,0.075,3,0.03361111111111111,1206,4,3
4,2,46,0.2,wave,0.075,3,0.03361111111111111,1191,1,0
4,2,47,0.2,wave,0.075,3,0.03361111111111111,1186,1,0
4,2,48,0.2,wave,0.075,3,0.03361111111111111,1177,1,1
4,2,49,0.2,wave,0.075,3,0.03361111111111111,1157,1,1
4,2,50,0.2,wave,0.075,3,0.03361111111111111,1153,1,1
4,2,51,0.2,wave,0.075,3,0.03361111111111111,1144,0,0
4,2,52,0.2,wave,0.075,3,0.03361111111111111,1141,0,0
4,3,1,0.2,wave,0.075,3,0.03361111111111111,1135,0,0
4,3,2,0.2,wave,0.075,3,0.03361111111111111,1124,0,0
4,3,3,0.2,wave,0.075,3,0.03361111111111111,1123,0,0
4,3,4,0.2,wave,0.075,3,0.03361111111111111,1115,0,0
4,3,5,0.2,wave,0.075,3,0.03361111111111111,1096,0,0
4,3,6,0.2,wave,0.075,3,0.03361111111111111,1070,0,0
4,3,7,0.2,wave,0.075,3,0.03361111111111111,1063,0,0
4,3,8,0.2,wave,0.075,3,0.03361111111111111,1050,0,0
4,3,9,0.2,wave,0.075,3,0.03361111111111111,1050,0,0
4,3,10,0.2,wave,0.075,3,0.03361111111111111,1042,0,0
4,3,11,0.2,wave,0.075,3,0.03361111111111111,1037,0,0
4,3,12,0.2,wave,0.075,3,0.03361111111111111,1029,0,0
4,3,13,0.2,wave,0.075,3,0.03361111111111111,1028,0,0
4,3,14,0.2,wave,0.075,3,0.03361111111111111,1019,0,0
4,3,15,0.2,wave,0.075,3,0.03361111111111111,1020,0,0
4,3,16,0.2,wave,0.075,3,0.03361111111111111,996,0,0
4,3,17,0.2,wave,0.075,3,0.03361111111111111,996,0,0
4,3,18,0.2,wave,0.075,3,0.03361111111111111,986,0,0
4,3,19,0.2,wave,0.075,3,0.03361111111111111,992,0,0
4,3,20,0.2,wave,0.075,3,0.03361111111111111,1422,0,0
4,3,21,0.2,wave,0.075,3,0.03361111111111111,1411,0,0
4,3,22,0.2,wave,0.075,3,0.03361111111111111,1379,0,0
4,3,23,0.2,wave,0.075,3,0.03361111111111111,1361,0,0
4,3,24,0.2,wave,0.075,3,0.03361111111111111,1341,0,0
4,3,25,0.2,wave,0.075,3,0.03361111111111111,1320,0,0
4,3,26,0.2,wave,0.075,3,0.03361111111111111,1290,0,0
4,3,27,0.2,wave,0.075,3,0.03361111111111111,1296,0,0
4,3,28,0.2,wave,0.075,3,0.03361111111111111,1266,0,0
4,3,29,0.2,wave,0.075,3,0.03361111111111111,1252,0,0
4,3,30,0.2,wave,0.075,3,0.03361111111111111,1235,0,0
4,3,31,0.2,wave,0.075,3,0.03361111111111111,1196,0,0
4,3,32,0.2,wave,0.075,3,0.03361111111111111,1201,0,0
4,3,33,0.2,wave,0.075,3,0.03361111111111111,1165,0,0
4,3,34,0.2,wave,0.075,3,0.03361111111111111,1172,0,0
4,3,35,0.2,wave,0.075,3,0.03361111111111111,1168,0,0
4,3,36,0.2,wave,0.075,3,0.03361111111111111,1176,0,0
4,3,37,0.2,wave,0.075,3,0.03361111111111111,1159,0,0
4,3,38,0.2,wave,0.075,3,0.03361111111111111,1120,0,0
4,3,39,0.2,wave,0.075,3,0.03361111111111111,1109,0,0
4,3,40,0.2,wave,0.075,3,0.03361111111111111,1072,0,0
4,3,41,0.2,wave,0.075,3,0.03361111111111111,1062,0,0
4,3,42,0.2,wave,0.075,3,0.03361111111111111,1056,0,0
4,3,43,0.2,wave,0.075,3,0.03361111111111111,1031,0,0
4,3,44,0.2,wave,0.075,3,0.03361111111111111,1030,0,0
4,3,45,0.2,wave,0.075,3,0.03361111111111111,1001,0,0
4,3,46,0.2,wave,0.075,3,0.03361111111111111,999,0,0
4,3,47,0.2,wave,0.075,3,0.03361111111111111,993,0,0
4,3,48,0.2,wave,0.075,3,0.03361111111111111,990,0,0
4,3,49,0.2,wave,0.075,3,0.03361111111111111,972,0,0
4,3,50,0.2,wave,0.075,3,0.03361111111111111,956,0,0
4,3,51,0.2,wave,0.075,3,0.03361111111111111,954,0,0
4,3,52,0.2,wave,0.075,3,0.03361111111111111,949,0,0
4,4,1,0.2,wave,0.075,3,0.03361111111111111,940,0,0
4,4,2,0.2,wave,0.075,3,0.03361111111111111,930,0,0
4,4,3,0.2,wave,0.075,3,0.03361111111111111,931,0,0
4,4,4,0.2,wave,0.075,3,0.03361111111111111,918,0,0
4,4,5,0.2,wave,0.075,3,0.03361111111111111,902,0,0
4,4,6,0.2,wave,0.075,3,0.03361111111111111,897,0,0
4,4,7,0.2,wave,0.075,3,0.03361111111111111,886,0,0
4,4,8,0.2,wave,0.075,3,0.03361111111111111,877,0,0
4,4,9,0.2,wave,0.075,3,0.03361111111111111,873,0,0
4,4,10,0.2,wave,0.075,3,0.03361111111111111,869,0,0
4,4,11,0.2,wave,0.075,3,0.03361111111111111,857,0,0
4,4,12,0.2,wave,0.075,3,0.03361111111111111,852,0,0
4,4,13,0.2,wave,0.075,3,0.03361111111111111,855,0,0
4,4,14,0.2,wave,0.075,3,0.03361111111111111,838,0,0
4,4,15,0.2,wave,0.075,3,0.03361111111111111,848,0,0
4,4,16,0.2,wave,0.075,3,0.03361111111111111,834,0,0
4,4,17,0.2,wave,0.075,3,0.03361111111111111,841,0,0
4,4,18,0.2,wave,0.075,3,0.03361111111111111,833,0,0
4,4,19,0.2,wave,0.075,3,0.03361111111111111,837,0,0
4,4,20,0.2,wave,0.075,3,0.03361111111111111,1173,0,0
4,4,21,0.2,wave,0.075,3,0.03361111111111111,1185,0,0
4,4,22,0.2,wave,0.075,3,0.03361111111111111,1149,0,0
4,4,23,0.2,wave,0.075,3,0.03361111111111111,1159,0,0
4,4,24,0.2,wave,0.075,3,0.03361111111111111,1107,0,0
4,4,25,0.2,wave,0.075,3,0.03361111111111111,1076,0,0
4,4,26,0.2,wave,0.075,3,0.03361111111111111,1058,0,0
4,4,27,0.2,wave,0.075,3,0.03361111111111111,1040,0,0
4,4,28,0.2,wave,0.075,3,0.03361111111111111,1029,0,0
4,4,29,0.2,wave,0.075,3,0.03361111111111111,1018,0,0
4,4,30,0.2,wave,0.075,3,0.03361111111111111,1005,0,0
4,4,31,0.2,wave,0.075,3,0.03361111111111111,992,0,0
4,4,32,0.2,wave,0.075,3,0.03361111111111111,973,0,0
4,4,33,0.2,wave,0.075,3,0.03361111111111111,947,0,0
4,4,34,0.2,wave,0.075,3,0.03361111111111111,951,0,0
4,4,35,0.2,wave,0.075,3,0.03361111111111111,903,0,0
4,4,36,0.2,wave,0.075,3,0.03361111111111111,903,0,0
4,4,37,0.2,wave,0.075,3,0.03361111111111111,882,0,0
4,4,38,0.2,wave,0.075,3,0.03361111111111111,886,0,0
4,4,39,0.2,wave,0.075,3,0.03361111111111111,867,0,0
4,4,40,0.2,wave,0.075,3,0.03361111111111111,853,0,0
4,4,41,0.2,wave,0.075,3,0.03361111111111111,837,0,0
4,4,42,0.2,wave,0.075,3,0.03361111111111111,839,0,0
4,4,43,0.2,wave,0.075,3,0.03361111111111111,818,0,0
4,4,44,0.2,wave,0.075,3,0.03361111111111111,818,0,0
4,4,45,0.2,wave,0.075,3,0.03361111111111111,808,0,0
4,4,46,0.2,wave,0.075,3,0.03361111111111111,808,0,0
4,4,47,0.2,wave,0.075,3,0.03361111111111111,803,0,0
4,4,48,0.2,wave,0.075,3,0.03361111111111111,797,0,0
4,4,49,0.2,wave,0.075,3,0.03361111111111111,772,0,0
4,4,50,0.2,wave,0.075,3,0.03361111111111111,761,0,0
4,4,51,0.2,wave,0.075,3,0.03361111111111111,761,0,0
4,4,52,0.2,wave,0.075,3,0.03361111111111111,754,0,0
4,5,1,0.2,wave,0.075,3,0.03361111111111111,750,0,0
4,5,2,0.2,wave,0.075,3,0.03361111111111111,747,0,0
4,5,3,0.2,wave,0.075,3,0.03361111111111111,728,0,0
4,5,4,0.2,wave,0.075,3,0.03361111111111111,723,0,0
4,5,5,0.2,wave,0.075,3,0.03361111111111111,719,0,0
4,5,6,0.2,wave,0.075,3,0.03361111111111111,706,0,0
4,5,7,0.2,wave,0.075,3,0.03361111111111111,704,0,0
4,5,8,0.2,wave,0.075,3,0.03361111111111111,699,0,0
4,5,9,0.2,wave,0.075,3,0.03361111111111111,697,0,0
4,5,10,0.2,wave,0.075,3,0.03361111111111111,695,0,0
4,5,11,0.2,wave,0.075,3,0.03361111111111111,696,0,0
4,5,12,0.2,wave,0.075,3,0.03361111111111111,697,0,0
4,5,13,0.2,wave,0.075,3,0.03361111111111111,674,0,0
4,5,14,0.2,wave,0.075,3,0.03361111111111111,673,0,0
4,5,15,0.2,wave,0.075,3,0.03361111111111111,670,0,0
4,5,16,0.2,wave,0.075,3,0.03361111111111111,668,0,0
4,5,17,0.2,wave,0.075,3,0.03361111111111111,666,0,0
4,5,18,0.2,wave,0.075,3,0.03361111111111111,668,0,0
4,5,19,0.2,wave,0.075,3,0.03361111111111111,665,0,0
4,5,20,0.2,wave,0.075,3,0.03361111111111111,985,0,0
4,5,21,0.2,wave,0.075,3,0.03361111111111111,939,0,0
4,5,22,0.2,wave,0.075,3,0.03361111111111111,930,0,0
4,5,23,0.2,wave,0.075,3,0.03361111111111111,936,0,0
4,5,24,0.2,wave,0.075,3,0.03361111111111111,893,0,0
4,5,25,0.2,wave,0.075,3,0.03361111111111111,892,0,0
4,5,26,0.2,wave,0.075,3,0.03361111111111111,875,0,0
4,5,27,0.2,wave,0.075,3,0.03361111111111111,842,0,0
4,5,28,0.2,wave,0.075,3,0.03361111111111111,834,0,0
4,5,29,0.2,wave,0.075,3,0.03361111111111111,837,0,0
4,5,30,0.2,wave,0.075,3,0.03361111111111111,798,0,0
4,5,31,0.2,wave,0.075,3,0.03361111111111111,794,0,0
4,5,32,0.2,wave,0.075,3,0.03361111111111111,773,0,0
4,5,33,0.2,wave,0.075,3,0.03361111111111111,768,0,0
4,5,34,0.2,wave,0.075,3,0.03361111111111111,768,0,0
4,5,35,0.2,wave,0.075,3,0.03361111111111111,775,0,0
4,5,36,0.2,wave,0.075,3,0.03361111111111111,766,0,0
4,5,37,0.2,wave,0.075,3,0.03361111111111111,760,0,0
4,5,38,0.2,wave,0.075,3,0.03361111111111111,758,0,0
4,5,39,0.2,wave,0.075,3,0.03361111111111111,737,0,0
4,5,40,0.2,wave,0.075,3,0.03361111111111111,727,0,0
4,5,41,0.2,wave,0.075,3,0.03361111111111111,716,0,0
4,5,42,0.2,wave,0.075,3,0.03361111111111111,713,0,0
4,5,43,0.2,wave,0.075,3,0.03361111111111111,710,0,0
4,5,44,0.2,wave,0.075,3,0.03361111111111111,718,0,0
4,5,45,0.2,wave,0.075,3,0.03361111111111111,712,0,0
4,5,46,0.2,wave,0.075,3,0.03361111111111111,707,0,0
4,5,47,0.2,wave,0.075,3,0.03361111111111111,701,0,0
4,5,48,0.2,wave,0.075,3,0.03361111111111111,703,0,0
4,5,49,0.2,wave,0.075,3,0.03361111111111111,680,0,0
4,5,50,0.2,wave,0.075,3,0.03361111111111111,683,0,0
4,5,51,0.2,wave,0.075,3,0.03361111111111111,676,0,0
4,5,52,0.2,wave,0.075,3,0.03361111111111111,679,0,0
4,6,1,0.2,wave,0.075,3,0.03361111111111111,672,0,0
4,6,2,0.2,wave,0.075,3,0.03361111111111111,675,0,0
4,6,3,0.2,wave,0.075,3,0.03361111111111111,673,0,0
4,6,4,0.2,wave,0.075,3,0.03361111111111111,674,0,0
4,6,5,0.2,wave,0.075,3,0.03361111111111111,661,0,0
4,6,6,0.2,wave,0.075,3,0.03361111111111111,669,0,0
4,6,7,0.2,wave,0.075,3,0.03361111111111111,662,0,0
4,6,8,0.2,wave,0.075,3,0.03361111111111111,670,0,0
4,6,9,0.2,wave,0.075,3,0.03361111111111111,666,0,0
4,6,10,0.2,wave,0.075,3,0.03361111111111111,667,0,0
4,6,11,0.2,wave,0.075,3,0.03361111111111111,662,0,0
4,6,12,0.2,wave,0.075,3,0.03361111111111111,668,0,0
4,6,13,0.2,wave,0.075,3,0.03361111111111111,657,0,0
4,6,14,0.2,wave,0.075,3,0.03361111111111111,661,0,0
4,6,15,0.2,wave,0.075,3,0.03361111111111111,651,0,0
4,6,16,0.2,wave,0.075,3,0.03361111111111111,660,0,0
4,6,17,0.2,wave,0.075,3,0.03361111111111111,649,0,0
4,6,18,0.2,wave,0.075,3,0.03361111111111111,653,0,0
4,6,19,0.2,wave,0.075,3,0.03361111111111111,652,0,0
4,6,20,0.2,wave,0.075,3,0.03361111111111111,943,0,0
4,6,21,0.2,wave,0.075,3,0.03361111111111111,913,0,0
4,6,22,0.2,wave,0.075,3,0.03361111111111111,907,0,0
4,6,23,0.2,wave,0.075,3,0.03361111111111111,888,0,0
4,6,24,0.2,wave,0.075,3,0.03361111111111111,867,0,0
4,6,25,0.2,wave,0.075,3,0.03361111111111111,864,0,0
4,6,26,0.2,wave,0.075,3,0.03361111111111111,862,0,0
4,6,27,0.2,wave,0.075,3,0.03361111111111111,833,0,0
4,6,28,0.2,wave,0.075,3,0.03361111111111111,831,0,0
4,6,29,0.2,wave,0.075,3,0.03361111111111111,819,0,0
4,6,30,0.2,wave,0.075,3,0.03361111111111111,814,0,0
4,6,31,0.2,wave,0.075,3,0.03361111111111111,810,0,0
4,6,32,0.2,wave,0.075,3,0.03361111111111111,785,0,0
4,6,33,0.2,wave,0.075,3,0.03361111111111111,787,0,0
4,6,34,0.2,wave,0.075,3,0.03361111111111111,757,0,0
4,6,35,0.2,wave,0.075,3,0.03361111111111111,753,0,0
4,6,36,0.2,wave,0.075,3,0.03361111111111111,748,0,0
4,6,37,0.2,wave,0.075,3,0.03361111111111111,742,0,0
4,6,38,0.2,wave,0.075,3,0.03361111111111111,735,0,0
4,6,39,0.2,wave,0.075,3,0.03361111111111111,730,0,0
4,6,40,0.2,wave,0.075,3,0.03361111111111111,719,0,0
4,6,41,0.2,wave,0.075,3,0.03361111111111111,716,0,0
4,6,42,0.2,wave,0.075,3,0.03361111111111111,698,0,0
4,6,43,0.2,wave,0.075,3,0.03361111111111111,701,0,0
4,6,44,0.2,wave,0.075,3,0.03361111111111111,689,0,0
4,6,45,0.2,wave,0.075,3,0.03361111111111111,693,0,0
4,6,46,0.2,wave,0.075,3,0.03361111111111111,692,0,0
4,6,47,0.2,wave,0.075,3,0.03361111111111111,691,0,0
4,6,48,0.2,wave,0.075,3,0.03361111111111111,682,0,0
4,6,49,0.2,wave,0.075,3,0.03361111111111111,680,0,0
4,6,50,0.2,wave,0.075,3,0.03361111111111111,676,0,0
4,6,51,0.2,wave,0.075,3,0.03361111111111111,674,0,0
4,6,52,0.2,wave,0.075,3,0.03361111111111111,675,0,0
4,7,1,0.2,wave,0.075,3,0.03361111111111111,671,0,0
4,7,2,0.2,wave,0.075,3,0.03361111111111111,665,0,0
4,7,3,0.2,wave,0.075,3,0.03361111111111111,674,0,0
4,7,4,0.2,wave,0.075,3,0.03361111111111111,663,0,0
4,7,5,0.2,wave,0.075,3,0.03361111111111111,666,0,0
4,7,6,0.2,wave,0.075,3,0.03361111111111111,658,0,0
4,7,7,0.2,wave,0.075,3,0.03361111111111111,665,0,0
4,7,8,0.2,wave,0.075,3,0.03361111111111111,658,0,0
4,7,9,0.2,wave,0.075,3,0.03361111111111111,655,0,0
4,7,10,0.2,wave,0.075,3,0.03361111111111111,654,0,0
4,7,11,0.2,wave,0.075,3,0.03361111111111111,656,0,0
4,7,12,0.2,wave,0.075,3,0.03361111111111111,653,0,0
4,7,13,0.2,wave,0.075,3,0.03361111111111111,659,0,0
4,7,14,0.2,wave,0.075,3,0.03361111111111111,654,0,0
4,7,15,0.2,wave,0.075,3,0.03361111111111111,656,0,0
4,7,16,0.2,wave,0.075,3,0.03361111111111111,655,0,0
4,7,17,0.2,wave,0.075,3,0.03361111111111111,654,0,0
4,7,18,0.2,wave,0.075,3,0.03361111111111111,650,0,0
4,7,19,0.2,wave,0.075,3,0.03361111111111111,642,0,0
4,7,20,0.2,wave,0.075,3,0.03361111111111111,964,0,0
4,7,21,0.2,wave,0.075,3,0.03361111111111111,930,0,0
4,7,22,0.2,wave,0.075,3,0.03361111111111111,920,0,0
4,7,23,0.2,wave,0.075,3,0.03361111111111111,894,0,0
4,7,24,0.2,wave,0.075,3,0.03361111111111111,867,0,0
4,7,25,0.2,wave,0.075,3,0.03361111111111111,841,0,0
4,7,26,0.2,wave,0.075,3,0.03361111111111111,830,0,0
4,7,27,0.2,wave,0.075,3,0.03361111111111111,815,0,0
4,7,28,0.2,wave,0.075,3,0.03361111111111111,818,0,0
4,7,29,0.2,wave,0.075,3,0.03361111111111111,814,0,0
4,7,30,0.2,wave,0.075,3,0.03361111111111111,795,0,0
4,7,31,0.2,wave,0.075,3,0.03361111111111111,788,0,0
4,7,32,0.2,wave,0.075,3,0.03361111111111111,779,0,0
4,7,33,0.2,wave,0.075,3,0.03361111111111111,785,0,0
4,7,34,0.2,wave,0.075,3,0.03361111111111111,778,0,0
4,7,35,0.2,wave,0.075,3,0.03361111111111111,758,0,0
4,7,36,0.2,wave,0.075,3,0.03361111111111111,748,0,0
4,7,37,0.2,wave,0.075,3,0.03361111111111111,733,0,0
4,7,38,0.2,wave,0.075,3,0.03361111111111111,715,0,0
4,7,39,0.2,wave,0.075,3,0.03361111111111111,723,0,0
4,7,40,0.2,wave,0.075,3,0.03361111111111111,704,0,0
4,7,41,0.2,wave,0.075,3,0.03361111111111111,712,0,0
4,7,42,0.2,wave,0.075,3,0.03361111111111111,705,0,0
4,7,43,0.2,wave,0.075,3,0.03361111111111111,697,0,0
4,7,44,0.2,wave,0.075,3,0.03361111111111111,688,0,0
4,7,45,0.2,wave,0.075,3,0.03361111111111111,687,0,0
4,7,46,0.2,wave,0.075,3,0.03361111111111111,683,0,0
4,7,47,0.2,wave,0.075,3,0.03361111111111111,682,0,0
4,7,48,0.2,wave,0.075,3,0.03361111111111111,681,0,0
4,7,49,0.2,wave,0.075,3,0.03361111111111111,682,0,0
4,7,50,0.2,wave,0.075,3,0.03361111111111111,678,0,0
4,7,51,0.2,wave,0.075,3,0.03361111111111111,673,0,0
4,7,52,0.2,wave,0.075,3,0.03361111111111111,670,0,0
4,8,1,0.2,wave,0.075,3,0.03361111111111111,677,0,0
4,8,2,0.2,wave,0.075,3,0.03361111111111111,674,0,0
4,8,3,0.2,wave,0.075,3,0.03361111111111111,673,0,0
4,8,4,0.2,wave,0.075,3,0.03361111111111111,670,0,0
4,8,5,0.2,wave,0.075,3,0.03361111111111111,675,0,0
4,8,6,0.2,wave,0.075,3,0.03361111111111111,670,0,0
4,8,7,0.2,wave,0.075,3,0.03361111111111111,675,0,0
4,8,8,0.2,wave,0.075,3,0.03361111111111111,673,0,0
4,8,9,0.2,wave,0.075,3,0.03361111111111111,677,0,0
4,8,10,0.2,wave,0.075,3,0.03361111111111111,667,0,0
4,8,11,0.2,wave,0.075,3,0.03361111111111111,668,0,0
4,8,12,0.2,wave,0.075,3,0.03361111111111111,672,0,0
4,8,13,0.2,wave,0.075,3,0.03361111111111111,666,0,0
4,8,14,0.2,wave,0.075,3,0.03361111111111111,674,0,0
4,8,15,0.2,wave,0.075,3,0.03361111111111111,671,0,0
4,8,16,0.2,wave,0.075,3,0.03361111111111111,669,0,0
4,8,17,0.2,wave,0.075,3,0.03361111111111111,677,0,0
4,8,18,0.2,wave,0.075,3,0.03361111111111111,661,0,0
4,8,19,0.2,wave,0.075,3,0.03361111111111111,660,0,0
4,8,20,0.2,wave,0.075,3,0.03361111111111111,974,0,0
4,8,21,0.2,wave,0.075,3,0.03361111111111111,978,0,0
4,8,22,0.2,wave,0.075,3,0.03361111111111111,949,0,0
4,8,23,0.2,wave,0.075,3,0.03361111111111111,948,0,0
4,8,24,0.2,wave,0.075,3,0.03361111111111111,924,0,0
4,8,25,0.2,wave,0.075,3,0.03361111111111111,929,0,0
4,8,26,0.2,wave,0.075,3,0.03361111111111111,912,0,0
4,8,27,0.2,wave,0.075,3,0.03361111111111111,880,0,0
4,8,28,0.2,wave,0.075,3,0.03361111111111111,854,0,0
4,8,29,0.2,wave,0.075,3,0.03361111111111111,848,0,0
4,8,30,0.2,wave,0.075,3,0.03361111111111111,831,0,0
4,8,31,0.2,wave,0.075,3,0.03361111111111111,836,0,0
4,8,32,0.2,wave,0.075,3,0.03361111111111111,837,0,0
4,8,33,0.2,wave,0.075,3,0.03361111111111111,832,0,0
4,8,34,0.2,wave,0.075,3,0.03361111111111111,831,0,0
4,8,35,0.2,wave,0.075,3,0.03361111111111111,816,0,0
4,8,36,0.2,wave,0.075,3,0.03361111111111111,819,0,0
4,8,37,0.2,wave,0.075,3,0.03361111111111111,817,0,0
4,8,38,0.2,wave,0.075,3,0.03361111111111111,819,0,0
4,8,39,0.2,wave,0.075,3,0.03361111111111111,817,0,0
4,8,40,0.2,wave,0.075,3,0.03361111111111111,829,0,0
4,8,41,0.2,wave,0.075,3,0.03361111111111111,806,0,0
4,8,42,0.2,wave,0.075,3,0.03361111111111111,814,0,0
4,8,43,0.2,wave,0.075,3,0.03361111111111111,805,0,0
4,8,44,0.2,wave,0.075,3,0.03361111111111111,798,0,0
4,8,45,0.2,wave,0.075,3,0.03361111111111111,794,0,0
4,8,46,0.2,wave,0.075,3,0.03361111111111111,803,0,0
4,8,47,0.2,wave,0.075,3,0.03361111111111111,795,0,0
4,8,48,0.2,wave,0.075,3,0.03361111111111111,802,0,0
4,8,49,0.2,wave,0.075,3,0.03361111111111111,793,0,0
4,8,50,0.2,wave,0.075,3,0.03361111111111111,801,0,0
4,8,51,0.2,wave,0.075,3,0.03361111111111111,795,0,0
4,8,52,0.2,wave,0.075,3,0.03361111111111111,798,0,0
4,9,1,0.2,wave,0.075,3,0.03361111111111111,795,0,0
4,9,2,0.2,wave,0.075,3,0.03361111111111111,795,0,0
4,9,3,0.2,wave,0.075,3,0.03361111111111111,790,0,0
4,9,4,0.2,wave,0.075,3,0.03361111111111111,793,0,0
4,9,5,0.2,wave,0.075,3,0.03361111111111111,793,0,0
4,9,6,0.2,wave,0.075,3,0.03361111111111111,794,0,0
4,9,7,0.2,wave,0.075,3,0.03361111111111111,794,0,0
4,9,8,0.2,wave,0.075,3,0.03361111111111111,793,0,0
4,9,9,0.2,wave,0.075,3,0.03361111111111111,794,0,0
4,9,10,0.2,wave,0.075,3,0.03361111111111111,781,0,0
4,9,11,0.2,wave,0.075,3,0.03361111111111111,779,0,0
4,9,12,0.2,wave,0.075,3,0.03361111111111111,777,0,0
4,9,13,0.2,wave,0.075,3,0.03361111111111111,783,0,0
4,9,14,0.2,wave,0.075,3,0.03361111111111111,777,0,0
4,9,15,0.2,wave,0.075,3,0.03361111111111111,762,0,0
4,9,16,0.2,wave,0.075,3,0.03361111111111111,767,0,0
4,9,17,0.2,wave,0.075,3,0.03361111111111111,765,0,0
4,9,18,0.2,wave,0.075,3,0.03361111111111111,765,0,0
4,9,19,0.2,wave,0.075,3,0.03361111111111111,769,0,0
4,9,20,0.2,wave,0.075,3,0.03361111111111111,1106,0,0
4,9,21,0.2,wave,0.075,3,0.03361111111111111,1088,0,0
4,9,22,0.2,wave,0.075,3,0.03361111111111111,1084,0,0
4,9,23,0.2,wave,0.075,3,0.03361111111111111,1045,0,0
4,9,24,0.2,wave,0.075,3,0.03361111111111111,1025,0,0
4,9,25,0.2,wave,0.075,3,0.03361111111111111,1034,0,0
4,9,26,0.2,wave,0.075,3,0.03361111111111111,1028,0,0
4,9,27,0.2,wave,0.075,3,0.03361111111111111,1004,0,0
4,9,28,0.2,wave,0.075,3,0.03361111111111111,985,0,0
4,9,29,0.2,wave,0.075,3,0.03361111111111111,989,0,0
4,9,30,0.2,wave,0.075,3,0.03361111111111111,958,0,0
4,9,31,0.2,wave,0.075,3,0.03361111111111111,957,0,0
4,9,32,0.2,wave,0.075,3,0.03361111111111111,949,0,0
4,9,33,0.2,wave,0.075,3,0.03361111111111111,953,0,0
4,9,34,0.2,wave,0.075,3,0.03361111111111111,915,0,0
4,9,35,0.2,wave,0.075,3,0.03361111111111111,929,0,0
4,9,36,0.2,wave,0.075,3,0.03361111111111111,898,0,0
4,9,37,0.2,wave,0.075,3,0.03361111111111111,890,0,0
4,9,38,0.2,wave,0.075,3,0.03361111111111111,889,0,0
4,9,39,0.2,wave,0.075,3,0.03361111111111111,889,0,0
4,9,40,0.2,wave,0.075,3,0.03361111111111111,903,0,0
4,9,41,0.2,wave,0.075,3,0.03361111111111111,891,0,0
4,9,42,0.2,wave,0.075,3,0.03361111111111111,897,0,0
4,9,43,0.2,wave,0.075,3,0.03361111111111111,879,0,0
4,9,44,0.2,wave,0.075,3,0.03361111111111111,878,0,0
4,9,45,0.2,wave,0.075,3,0.03361111111111111,880,0,0
4,9,46,0.2,wave,0.075,3,0.03361111111111111,882,0,0
4,9,47,0.2,wave,0.075,3,0.03361111111111111,858,0,0
4,9,48,0.2,wave,0.075,3,0.03361111111111111,859,0,0
4,9,49,0.2,wave,0.075,3,0.03361111111111111,850,0,0
4,9,50,0.2,wave,0.075,3,0.03361111111111111,854,0,0
4,9,51,0.2,wave,0.075,3,0.03361111111111111,850,0,0
4,9,52,0.2,wave,0.075,3,0.03361111111111111,852,0,0
4,10,1,0.2,wave,0.075,3,0.03361111111111111,842,0,0
4,10,2,0.2,wave,0.075,3,0.03361111111111111,854,0,0
4,10,3,0.2,wave,0.075,3,0.03361111111111111,832,0,0
4,10,4,0.2,wave,0.075,3,0.03361111111111111,839,0,0
4,10,5,0.2,wave,0.075,3,0.03361111111111111,833,0,0
4,10,6,0.2,wave,0.075,3,0.03361111111111111,841,0,0
4,10,7,0.2,wave,0.075,3,0.03361111111111111,833,0,0
4,10,8,0.2,wave,0.075,3,0.03361111111111111,838,0,0
4,10,9,0.2,wave,0.075,3,0.03361111111111111,833,0,0
4,10,10,0.2,wave,0.075,3,0.03361111111111111,833,0,0
4,10,11,0.2,wave,0.075,3,0.03361111111111111,832,0,0
4,10,12,0.2,wave,0.075,3,0.03361111111111111,826,0,0
4,10,13,0.2,wave,0.075,3,0.03361111111111111,818,0,0
4,10,14,0.2,wave,0.075,3,0.03361111111111111,824,0,0
4,10,15,0.2,wave,0.075,3,0.03361111111111111,821,0,0
4,10,16,0.2,wave,0.075,3,0.03361111111111111,824,0,0
4,10,17,0.2,wave,0.075,3,0.03361111111111111,815,0,0
4,10,18,0.2,wave,0.075,3,0.03361111111111111,812,0,0
4,10,19,0.2,wave,0.075,3,0.03361111111111111,805,0,0
4,10,20,0.2,wave,0.075,3,0.03361111111111111,1139,0,0
4,10,21,0.2,wave,0.075,3,0.03361111111111111,1110,0,0
4,10,22,0.2,wave,0.075,3,0.03361111111111111,1083,0,0
4,10,23,0.2,wave,0.075,3,0.03361111111111111,1065,0,0
4,10,24,0.2,wave,0.075,3,0.03361111111111111,1059,0,0
4,10,25,0.2,wave,0.075,3,0.03361111111111111,1048,0,0
4,10,26,0.2,wave,0.075,3,0.03361111111111111,1055,0,0
4,10,27,0.2,wave,0.075,3,0.03361111111111111,1038,0,0
4,10,28,0.2,wave,0.075,3,0.03361111111111111,1011,0,0
4,10,29,0.2,wave,0.075,3,0.03361111111111111,1004,0,0
4,10,30,0.2,wave,0.075,3,0.03361111111111111,1018,0,0
4,10,31,0.2,wave,0.075,3,0.03361111111111111,1003,0,0
4,10,32,0.2,wave,0.075,3,0.03361111111111111,982,0,0
4,10,33,0.2,wave,0.075,3,0.03361111111111111,972,0,0
4,10,34,0.2,wave,0.075,3,0.03361111111111111,980,0,0
4,10,35,0.2,wave,0.075,3,0.03361111111111111,966,0,0
4,10,36,0.2,wave,0.075,3,0.03361111111111111,977,0,0
4,10,37,0.2,wave,0.075,3,0.03361111111111111,965,0,0
4,10,38,0.2,wave,0.075,3,0.03361111111111111,980,0,0
4,10,39,0.2,wave,0.075,3,0.03361111111111111,964,0,0
4,10,40,0.2,wave,0.075,3,0.03361111111111111,986,0,0
4,10,41,0.2,wave,0.075,3,0.03361111111111111,969,0,0
4,10,42,0.2,wave,0.075,3,0.03361111111111111,996,0,0
4,10,43,0.2,wave,0.075,3,0.03361111111111111,963,0,0
4,10,44,0.2,wave,0.075,3,0.03361111111111111,984,0,0
4,10,45,0.2,wave,0.075,3,0.03361111111111111,962,0,0
4,10,46,0.2,wave,0.075,3,0.03361111111111111,972,0,0
4,10,47,0.2,wave,0.075,3,0.03361111111111111,953,0,0
4,10,48,0.2,wave,0.075,3,0.03361111111111111,942,0,0
4,10,49,0.2,wave,0.075,3,0.03361111111111111,936,0,0
4,10,50,0.2,wave,0.075,3,0.03361111111111111,939,0,0
4,10,51,0.2,wave,0.075,3,0.03361111111111111,933,0,0
4,10,52,0.2,wave,0.075,3,0.03361111111111111,940,0,0
5,1,1,0.2,wave,0.075,3,0.03111111111111111,6670,73,9
5,1,2,0.2,wave,0.075,3,0.03111111111111111,6586,94,39
5,1,3,0.2,wave,0.075,3,0.03111111111111111,6432,129,54
5,1,4,0.2,wave,0.075,3,0.03111111111111111,6372,185,59
5,1,5,0.2,wave,0.075,3,0.03111111111111111,6191,237,58
5,1,6,0.2,wave,0.075,3,0.03111111111111111,5979,299,83
5,1,7,0.2,wave,0.075,3,0.03111111111111111,5733,370,123
5,1,8,0.2,wave,0.075,3,0.03111111111111111,5600,476,174
5,1,9,0.2,wave,0.075,3,0.03111111111111111,5266,525,204
5,1,10,0.2,wave,0.075,3,0.03111111111111111,5005,571,223
5,1,11,0.2,wave,0.075,3,0.03111111111111111,4771,615,248
5,1,12,0.2,wave,0.075,3,0.03111111111111111,4577,666,289
5,1,13,0.2,wave,0.075,3,0.03111111111111111,4348,673,293
5,1,14,0.2,wave,0.075,3,0.03111111111111111,4201,673,325
5,1,15,0.2,wave,0.075,3,0.03111111111111111,4023,699,324
5,1,16,0.2,wave,0.075,3,0.03111111111111111,3811,685,348
5,1,17,0.2,wave,0.075,3,0.03111111111111111,3579,628,322
5,1,18,0.2,wave,0.075,3,0.03111111111111111,3464,601,319
5,1,19,0.2,wave,0.075,3,0.03111111111111111,3245,519,280
5,1,20,0.2,wave,0.075,3,0.03111111111111111,4599,474,257
5,1,21,0.2,wave,0.075,3,0.03111111111111111,4235,467,225
5,1,22,0.2,wave,0.075,3,0.03111111111111111,4137,502,218
5,1,23,0.2,wave,0.075,3,0.03111111111111111,4022,499,234
5,1,24,0.2,wave,0.075,3,0.03111111111111111,3863,495,225
5,1,25,0.2,wave,0.075,3,0.03111111111111111,3779,542,241
5,1,26,0.2,wave,0.075,3,0.03111111111111111,3611,519,218
5,1,27,0.2,wave,0.075,3,0.03111111111111111,3419,521,235
5,1,28,0.2,wave,0.075,3,0.03111111111111111,3237,509,226
5,1,29,0.2,wave,0.075,3,0.03111111111111111,3145,518,248
5,1,30,0.2,wave,0.075,3,0.03111111111111111,3011,484,234
5,1,31,0.2,wave,0.075,3,0.03111111111111111,2869,478,239
5,1,32,0.2,wave,0.075,3,0.03111111111111111,2729,458,211
5,1,33,0.2,wave,0.075,3,0.03111111111111111,2608,418,193
5,1,34,0.2,wave,0.075,3,0.03111111111111111,2470,405,190
5,1,35,0.2,wave,0.075,3,0.03111111111111111,2355,390,193
5,1,36,0.2,wave,0.075,3,0.03111111111111111,2255,381,186
5,1,37,0.2,wave,0.075,3,0.03111111111111111,2162,362,182
5,1,38,0.2,wave,0.075,3,0.03111111111111111,2060,323,155
5,1,39,0.2,wave,0.075,3,0.03111111111111111,1979,294,158
5,1,40,0.2,wave,0.075,3,0.03111111111111111,1905,272,155
5,1,41,0.2,wave,0.075,3,0.03111111111111111,1844,258,144
5,1,42,0.2,wave,0.075,3,0.03111111111111111,1776,227,115
5,1,43,0.2,wave,0.075,3,0.03111111111111111,1703,191,96
5,1,44,0.2,wave,0.075,3,0.03111111111111111,1642,183,95
5,1,45,0.2,wave,0.075,3,0.03111111111111111,1602,179,98
5,1,46,0.2,wave,0.075,3,0.03111111111111111,1546,156,89
5,1,47,0.2,wave,0.075,3,0.03111111111111111,1509,138,67
5,1,48,0.2,wave,0.075,3,0.03111111111111111,1467,126,65
5,1,49,0.2,wave,0.075,3,0.03111111111111111,1431,103,56
5,1,50,0.2,wave,0.075,3,0.03111111111111111,1399,101,57
5,1,51,0.2,wave,0.075,3,0.03111111111111111,1376,90,51
5,1,52,0.2,wave,0.075,3,0.03111111111111111,1339,84,46
5,2,1,0.2,wave,0.075,3,0.03111111111111111,1310,75,41
5,2,2,0.2,wave,0.075,3,0.03111111111111111,1283,67,39
5,2,3,0.2,wave,0.075,3,0.03111111111111111,1258,54,35
5,2,4,0.2,wave,0.075,3,0.03111111111111111,1244,48,32
5,2,5,0.2,wave,0.075,3,0.03111111111111111,1230,41,24
5,2,6,0.2,wave,0.075,3,0.03111111111111111,1208,31,18
5,2,7,0.2,wave,0.075,3,0.03111111111111111,1191,25,18
5,2,8,0.2,wave,0.075,3,0.03111111111111111,1181,26,16
5,2,9,0.2,wave,0.075,3,0.03111111111111111,1178,23,11
5,2,10,0.2,wave,0.075,3,0.03111111111111111,1164,18,8
5,2,11,0.2,wave,0.075,3,0.03111111111111111,1153,18,7
5,2,12,0.2,wave,0.075,3,0.03111111111111111,1139,17,12
5,2,13,0.2,wave,0.075,3,0.03111111111111111,1141,15,10
5,2,14,0.2,wave,0.075,3,0.03111111111111111,1122,15,10
5,2,15,0.2,wave,0.075,3,0.03111111111111111,1110,11,6
5,2,16,0.2,wave,0.075,3,0.03111111111111111,1103,11,5
5,2,17,0.2,wave,0.075,3,0.03111111111111111,1098,10,6
5,2,18,0.2,wave,0.075,3,0.03111111111111111,1087,8,4
5,2,19,0.2,wave,0.075,3,0.03111111111111111,1085,8,4
5,2,20,0.2,wave,0.075,3,0.03111111111111111,1563,5,2
5,2,21,0.2,wave,0.075,3,0.03111111111111111,1538,7,4
5,2,22,0.2,wave,0.075,3,0.03111111111111111,1491,7,3
5,2,23,0.2,wave,0.075,3,0.03111111111111111,1501,9,4
5,2,24,0.2,wave,0.075,3,0.03111111111111111,1476,9,6
5,2,25,0.2,wave,0.075,3,0.03111111111111111,1473,11,5
5,2,26,0.2,wave,0.075,3,0.03111111111111111,1459,12,5
5,2,27,0.2,wave,0.075,3,0.03111111111111111,1441,5,1
5,2,28,0.2,wave,0.075,3,0.03111111111111111,1398,5,1
5,2,29,0.2,wave,0.075,3,0.03111111111111111,1392,3,1
5,2,30,0.2,wave,0.075,3,0.03111111111111111,1362,6,3
5,2,31,0.2,wave,0.075,3,0.03111111111111111,1360,6,4
5,2,32,0.2,wave,0.075,3,0.03111111111111111,1339,5,3
5,2,33,0.2,wave,0.075,3,0.03111111111111111,1330,4,2
5,2,34,0.2,wave,0.075,3,0.03111111111111111,1295,3,1
5,2,35,0.2,wave,0.075,3,0.03111111111111111,1290,3,1
5,2,36,0.2,wave,0.075,3,0.03111111111111111,1270,3,2
5,2,37,0.2,wave,0.075,3,0.03111111111111111,1242,3,2
5,2,38,0.2,wave,0.075,3,0.03111111111111111,1216,2,2
5,2,39,0.2,wave,0.075,3,0.03111111111111111,1212,1,1
5,2,40,0.2,wave,0.075,3,0.03111111111111111,1196,1,1
5,2,41,0.2,wave,0.075,3,0.03111111111111111,1184,0,0
5,2,42,0.2,wave,0.075,3,0.03111111111111111,1169,0,0
5,2,43,0.2,wave,0.075,3,0.03111111111111111,1171,0,0
5,2,44,0.2,wave,0.075,3,0.03111111111111111,1141,0,0
5,2,45,0.2,wave,0.075,3,0.03111111111111111,1131,0,0
5,2,46,0.2,wave,0.075,3,0.03111111111111111,1104,0,0
5,2,47,0.2,wave,0.075,3,0.03111111111111111,1107,0,0
5,2,48,0.2,wave,0.075,3,0.03111111111111111,1101,0,0
5,2,49,0.2,wave,0.075,3,0.03111111111111111,1098,0,0
5,2,50,0.2,wave,0.075,3,0.03111111111111111,1070,0,0
5,2,51,0.2,wave,0.075,3,0.03111111111111111,1068,0,0
5,2,52,0.2,wave,0.075,3,0.03111111111111111,1064,0,0
5,3,1,0.2,wave,0.075,3,0.03111111111111111,1040,0,0
5,3,2,0.2,wave,0.075,3,0.03111111111111111,1036,0,0
5,3,3,0.2,wave,0.075,3,0.03111111111111111,1041,0,0
5,3,4,0.2,wave,0.075,3,0.03111111111111111,1017,0,0
5,3,5,0.2,wave,0.075,3,0.03111111111111111,1021,0,0
5,3,6,0.2,wave,0.075,3,0.03111111111111111,1007,0,0
5,3,7,0.2,wave,0.075,3,0.03111111111111111,992,0,0
5,3,8,0.2,wave,0.075,3,0.03111111111111111,984,0,0
5,3,9,0.2,wave,0.075,3,0.03111111111111111,980,0,0
5,3,10,0.2,wave,0.075,3,0.03111111111111111,982,0,0
5,3,11,0.2,wave,0.075,3,0.03111111111111111,969,0,0
5,3,12,0.2,wave,0.075,3,0.03111111111111111,968,0,0
5,3,13,0.2,wave,0.075,3,0.03111111111111111,949,0,0
5,3,14,0.2,wave,0.075,3,0.03111111111111111,932,0,0
5,3,15,0.2,wave,0.075,3,0.03111111111111111,926,0,0
5,3,16,0.2,wave,0.075,3,0.03111111111111111,928,0,0
5,3,17,0.2,wave,0.075,3,0.03111111111111111,920,0,0
5,3,18,0.2,wave,0.075,3,0.03111111111111111,922,0,0
5,3,19,0.2,wave,0.075,3,0.03111111111111111,899,0,0
5,3,20,0.2,wave,0.075,3,0.03111111111111111,1346,0,0
5,3,21,0.2,wave,0.075,3,0.03111111111111111,1343,0,0
5,3,22,0.2,wave,0.075,3,0.03111111111111111,1337,0,0
5,3,23,0.2,wave,0.075,3,0.03111111111111111,1305,0,0
5,3,24,0.2,wave,0.075,3,0.03111111111111111,1296,0,0
5,3,25,0.2,wave,0.075,3,0.03111111111111111,1257,0,0
5,3,26,0.2,wave,0.075,3,0.03111111111111111,1244,0,0
5,3,27,0.2,wave,0.075,3,0.03111111111111111,1237,0,0
5,3,28,0.2,wave,0.075,3,0.03111111111111111,1210,0,0
5,3,29,0.2,wave,0.075,3,0.03111111111111111,1192,0,0
5,3,30,0.2,wave,0.075,3,0.03111111111111111,1189,0,0
5,3,31,0.2,wave,0.075,3,0.03111111111111111,1170,0,0
5,3,32,0.2,wave,0.075,3,0.03111111111111111,1145,0,0
5,3,33,0.2,wave,0.075,3,0.03111111111111111,1136,0,0
5,3,34,0.2,wave,0.075,3,0.03111111111111111,1116,0,0
5,3,35,0.2,wave,0.075,3,0.03111111111111111,1143,0,0
5,3,36,0.2,wave,0.075,3,0.03111111111111111,1124,0,0
5,3,37,0.2,wave,0.075,3,0.03111111111111111,1132,0,0
5,3,38,0.2,wave,0.075,3,0.03111111111111111,1100,0,0
5,3,39,0.2,wave,0.075,3,0.03111111111111111,1094,0,0
5,3,40,0.2,wave,0.075,3,0.03111111111111111,1085,0,0
5,3,41,0.2,wave,0.075,3,0.03111111111111111,1092,0,0
5,3,42,0.2,wave,0.075,3,0.03111111111111111,1080,0,0
5,3,43,0.2,wave,0.075,3,0.03111111111111111,1066,0,0
5,3,44,0.2,wave,0.075,3,0.03111111111111111,1046,0,0
5,3,45,0.2,wave,0.075,3,0.03111111111111111,1038,0,0
5,3,46,0.2,wave,0.075,3,0.03111111111111111,1025,0,0
5,3,47,0.2,wave,0.075,3,0.03111111111111111,1001,0,0
5,3,48,0.2,wave,0.075,3,0.03111111111111111,996,0,0
5,3,49,0.2,wave,0.075,3,0.03111111111111111,970,0,0
5,3,50,0.2,wave,0.075,3,0.03111111111111111,971,0,0
5,3,51,0.2,wave,0.075,3,0.03111111111111111,937,0,0
5,3,52,0.2,wave,0.075,3,0.03111111111111111,927,0,0
5,4,1,0.2,wave,0.075,3,0.03111111111111111,933,0,0
5,4,2,0.2,wave,0.075,3,0.03111111111111111,925,0,0
5,4,3,0.2,wave,0.075,3,0.03111111111111111,927,0,0
5,4,4,0.2,wave,0.075,3,0.03111111111111111,907,0,0
5,4,5,0.2,wave,0.075,3,0.03111111111111111,901,0,0
5,4,6,0.2,wave,0.075,3,0.03111111111111111,899,0,0
5,4,7,0.2,wave,0.075,3,0.03111111111111111,893,0,0
5,4,8,0.2,wave,0.075,3,0.03111111111111111,888,0,0
5,4,9,0.2,wave,0.075,3,0.03111111111111111,883,0,0
5,4,10,0.2,wave,0.075,3,0.03111111111111111,878,0,0
5,4,11,0.2,wave,0.075,3,0.03111111111111111,879,0,0
5,4,12,0.2,wave,0.075,3,0.03111111111111111,877,0,0
5,4,13,0.2,wave,0.075,3,0.03111111111111111,870,0,0
5,4,14,0.2,wave,0.075,3,0.03111111111111111,868,0,0
5,4,15,0.2,wave,0.075,3,0.03111111111111111,869,0,0
5,4,16,0.2,wave,0.075,3,0.03111111111111111,870,0,0
5,4,17,0.2,wave,0.075,3,0.03111111111111111,851,0,0
5,4,18,0.2,wave,0.075,3,0.03111111111111111,846,0,0
5,4,19,0.2,wave,0.075,3,0.03111111111111111,845,0,0
5,4,20,0.2,wave,0.075,3,0.03111111111111111,1234,0,0
5,4,21,0.2,wave,0.075,3,0.03111111111111111,1231,0,0
5,4,22,0.2,wave,0.075,3,0.03111111111111111,1233,0,0
5,4,23,0.2,wave,0.075,3,0.03111111111111111,1236,0,0
5,4,24,0.2,wave,0.075,3,0.03111111111111111,1243,0,0
5,4,25,0.2,wave,0.075,3,0.03111111111111111,1248,0,0
5,4,26,0.2,wave,0.075,3,0.03111111111111111,1254,0,0
5,4,27,0.2,wave,0.075,3,0.03111111111111111,1218,0,0
5,4,28,0.2,wave,0.075,3,0.03111111111111111,1165,0,0
5,4,29,0.2,wave,0.075,3,0.03111111111111111,1148,0,0
5,4,30,0.2,wave,0.075,3,0.03111111111111111,1122,0,0
5,4,31,0.2,wave,0.075,3,0.03111111111111111,1133,0,0
5,4,32,0.2,wave,0.075,3,0.03111111111111111,1123,0,0
5,4,33,0.2,wave,0.075,3,0.03111111111111111,1129,0,0
5,4,34,0.2,wave,0.075,3,0.03111111111111111,1110,0,0
5,4,35,0.2,wave,0.075,3,0.03111111111111111,1074,0,0
5,4,36,0.2,wave,0.075,3,0.03111111111111111,1052,0,0
5,4,37,0.2,wave,0.075,3,0.03111111111111111,1044,0,0
5,4,38,0.2,wave,0.075,3,0.03111111111111111,1019,0,0
5,4,39,0.2,wave,0.075,3,0.03111111111111111,1027,0,0
5,4,40,0.2,wave,0.075,3,0.03111111111111111,980,0,0
5,4,41,0.2,wave,0.075,3,0.03111111111111111,961,0,0
5,4,42,0.2,wave,0.075,3,0.03111111111111111,953,0,0
5,4,43,0.2,wave,0.075,3,0.03111111111111111,948,0,0
5,4,44,0.2,wave,0.075,3,0.03111111111111111,941,0,0
5,4,45,0.2,wave,0.075,3,0.03111111111111111,935,0,0
5,4,46,0.2,wave,0.075,3,0.03111111111111111,921,0,0
5,4,47,0.2,wave,0.075,3,0.03111111111111111,918,0,0
5,4,48,0.2,wave,0.075,3,0.03111111111111111,904,0,0
5,4,49,0.2,wave,0.075,3,0.03111111111111111,904,0,0
5,4,50,0.2,wave,0.075,3,0.03111111111111111,891,0,0
5,4,51,0.2,wave,0.075,3,0.03111111111111111,888,0,0
5,4,52,0.2,wave,0.075,3,0.03111111111111111,878,0,0
5,5,1,0.2,wave,0.075,3,0.03111111111111111,879,0,0
5,5,2,0.2,wave,0.075,3,0.03111111111111111,859,0,0
5,5,3,0.2,wave,0.075,3,0.03111111111111111,859,0,0
5,5,4,0.2,wave,0.075,3,0.03111111111111111,849,0,0
5,5,5,0.2,wave,0.075,3,0.03111111111111111,846,0,0
5,5,6,0.2,wave,0.075,3,0.03111111111111111,817,0,0
5,5,7,0.2,wave,0.075,3,0.03111111111111111,816,0,0
5,5,8,0.2,wave,0.075,3,0.03111111111111111,801,0,0
5,5,9,0.2,wave,0.075,3,0.03111111111111111,816,0,0
5,5,10,0.2,wave,0.075,3,0.03111111111111111,807,0,0
5,5,11,0.2,wave,0.075,3,0.03111111111111111,808,0,0
5,5,12,0.2,wave,0.075,3,0.03111111111111111,792,0,0
5,5,13,0.2,wave,0.075,3,0.03111111111111111,791,0,0
5,5,14,0.2,wave,0.075,3,0.03111111111111111,779,0,0
5,5,15,0.2,wave,0.075,3,0.03111111111111111,790,0,0
5,5,16,0.2,wave,0.075,3,0.03111111111111111,771,0,0
5,5,17,0.2,wave,0.075,3,0.03111111111111111,775,0,0
5,5,18,0.2,wave,0.075,3,0.03111111111111111,749,0,0
5,5,19,0.2,wave,0.075,3,0.03111111111111111,753,0,0
5,5,20,0.2,wave,0.075,3,0.03111111111111111,1086,0,0
5,5,21,0.2,wave,0.075,3,0.03111111111111111,1049,0,0
5,5,22,0.2,wave,0.075,3,0.03111111111111111,1013,0,0
5,5,23,0.2,wave,0.075,3,0.03111111111111111,982,0,0
5,5,24,0.2,wave,0.075,3,0.03111111111111111,983,0,0
5,5,25,0.2,wave,0.075,3,0.03111111111111111,988,0,0
5,5,26,0.2,wave,0.075,3,0.03111111111111111,989,0,0
5,5,27,0.2,wave,0.075,3,0.03111111111111111,989,0,0
5,5,28,0.2,wave,0.075,3,0.03111111111111111,982,0,0
5,5,29,0.2,wave,0.075,3,0.03111111111111111,980,0,0
5,5,30,0.2,wave,0.075,3,0.03111111111111111,966,0,0
5,5,31,0.2,wave,0.075,3,0.03111111111111111,972,0,0
5,5,32,0.2,wave,0.075,3,0.03111111111111111,925,0,0
5,5,33,0.2,wave,0.075,3,0.03111111111111111,933,0,0
5,5,34,0.2,wave,0.075,3,0.03111111111111111,926,0,0
5,5,35,0.2,wave,0.075,3,0.03111111111111111,920,0,0
5,5,36,0.2,wave,0.075,3,0.03111111111111111,897,0,0
5,5,37,0.2,wave,0.075,3,0.03111111111111111,901,0,0
5,5,38,0.2,wave,0.075,3,0.03111111111111111,900,0,0
5,5,39,0.2,wave,0.075,3,0.03111111111111111,878,0,0
5,5,40,0.2,wave,0.075,3,0.03111111111111111,883,0,0
5,5,41,0.2,wave,0.075,3,0.03111111111111111,884,0,0
5,5,42,0.2,wave,0.075,3,0.03111111111111111,886,0,0
5,5,43,0.2,wave,0.075,3,0.03111111111111111,884,0,0
5,5,44,0.2,wave,0.075,3,0.03111111111111111,879,0,0
5,5,45,0.2,wave,0.075,3,0.03111111111111111,855,0,0
5,5,46,0.2,wave,0.075,3,0.03111111111111111,859,0,0
5,5,47,0.2,wave,0.075,3,0.03111111111111111,859,0,0
5,5,48,0.2,wave,0.075,3,0.03111111111111111,853,0,0
5,5,49,0.2,wave,0.075,3,0.03111111111111111,854,0,0
5,5,50,0.2,wave,0.075,3,0.03111111111111111,853,0,0
5,5,51,0.2,wave,0.075,3,0.03111111111111111,855,0,0
5,5,52,0.2,wave,0.075,3,0.03111111111111111,849,0,0
5,6,1,0.2,wave,0.075,3,0.03111111111111111,848,0,0
5,6,2,0.2,wave,0.075,3,0.03111111111111111,845,0,0
5,6,3,0.2,wave,0.075,3,0.03111111111111111,829,0,0
5,6,4,0.2,wave,0.075,3,0.03111111111111111,826,0,0
5,6,5,0.2,wave,0.075,3,0.03111111111111111,822,0,0
5,6,6,0.2,wave,0.075,3,0.03111111111111111,818,0,0
5,6,7,0.2,wave,0.075,3,0.03111111111111111,815,0,0
5,6,8,0.2,wave,0.075,3,0.03111111111111111,816,0,0
5,6,9,0.2,wave,0.075,3,0.03111111111111111,815,0,0
5,6,10,0.2,wave,0.075,3,0.03111111111111111,815,0,0
5,6,11,0.2,wave,0.075,3,0.03111111111111111,815,0,0
5,6,12,0.2,wave,0.075,3,0.03111111111111111,814,0,0
5,6,13,0.2,wave,0.075,3,0.03111111111111111,809,0,0
5,6,14,0.2,wave,0.075,3,0.03111111111111111,806,0,0
5,6,15,0.2,wave,0.075,3,0.03111111111111111,808,0,0
5,6,16,0.2,wave,0.075,3,0.03111111111111111,805,0,0
5,6,17,0.2,wave,0.075,3,0.03111111111111111,809,0,0
5,6,18,0.2,wave,0.075,3,0.03111111111111111,804,0,0
5,6,19,0.2,wave,0.075,3,0.03111111111111111,792,0,0
5,6,20,0.2,wave,0.075,3,0.03111111111111111,1143,0,0
5,6,21,0.2,wave,0.075,3,0.03111111111111111,1153,0,0
5,6,22,0.2,wave,0.075,3,0.03111111111111111,1095,0,0
5,6,23,0.2,wave,0.075,3,0.03111111111111111,1050,0,0
5,6,24,0.2,wave,0.075,3,0.03111111111111111,997,0,0
5,6,25,0.2,wave,0.075,3,0.03111111111111111,966,0,0
5,6,26,0.2,wave,0.075,3,0.03111111111111111,963,0,0
5,6,27,0.2,wave,0.075,3,0.03111111111111111,959,0,0
5,6,28,0.2,wave,0.075,3,0.03111111111111111,972,0,0
5,6,29,0.2,wave,0.075,3,0.03111111111111111,968,0,0
5,6,30,0.2,wave,0.075,3,0.03111111111111111,984,0,0
5,6,31,0.2,wave,0.075,3,0.03111111111111111,964,0,0
5,6,32,0.2,wave,0.075,3,0.03111111111111111,959,0,0
5,6,33,0.2,wave,0.075,3,0.03111111111111111,943,0,0
5,6,34,0.2,wave,0.075,3,0.03111111111111111,955,0,0
5,6,35,0.2,wave,0.075,3,0.03111111111111111,948,0,0
5,6,36,0.2,wave,0.075,3,0.03111111111111111,957,0,0
5,6,37,0.2,wave,0.075,3,0.03111111111111111,933,0,0
5,6,38,0.2,wave,0.075,3,0.03111111111111111,945,0,0
5,6,39,0.2,wave,0.075,3,0.03111111111111111,887,0,0
5,6,40,0.2,wave,0.075,3,0.03111111111111111,869,0,0
5,6,41,0.2,wave,0.075,3,0.03111111111111111,853,0,0
5,6,42,0.2,wave,0.075,3,0.03111111111111111,854,0,0
5,6,43,0.2,wave,0.075,3,0.03111111111111111,838,0,0
5,6,44,0.2,wave,0.075,3,0.03111111111111111,825,0,0
5,6,45,0.2,wave,0.075,3,0.03111111111111111,817,0,0
5,6,46,0.2,wave,0.075,3,0.03111111111111111,831,0,0
5,6,47,0.2,wave,0.075,3,0.03111111111111111,813,0,0
5,6,48,0.2,wave,0.075,3,0.03111111111111111,818,0,0
5,6,49,0.2,wave,0.075,3,0.03111111111111111,793,0,0
5,6,50,0.2,wave,0.075,3,0.03111111111111111,802,0,0
5,6,51,0.2,wave,0.075,3,0.03111111111111111,789,0,0
5,6,52,0.2,wave,0.075,3,0.03111111111111111,785,0,0
5,7,1,0.2,wave,0.075,3,0.03111111111111111,785,0,0
5,7,2,0.2,wave,0.075,3,0.03111111111111111,790,0,0
5,7,3,0.2,wave,0.075,3,0.03111111111111111,763,0,0
5,7,4,0.2,wave,0.075,3,0.03111111111111111,766,0,0
5,7,5,0.2,wave,0.075,3,0.03111111111111111,760,0,0
5,7,6,0.2,wave,0.075,3,0.03111111111111111,764,0,0
5,7,7,0.2,wave,0.075,3,0.03111111111111111,762,0,0
5,7,8,0.2,wave,0.075,3,0.03111111111111111,772,0,0
5,7,9,0.2,wave,0.075,3,0.03111111111111111,758,0,0
5,7,10,0.2,wave,0.075,3,0.03111111111111111,753,0,0
5,7,11,0.2,wave,0.075,3,0.03111111111111111,739,0,0
5,7,12,0.2,wave,0.075,3,0.03111111111111111,745,0,0
5,7,13,0.2,wave,0.075,3,0.03111111111111111,740,0,0
5,7,14,0.2,wave,0.075,3,0.03111111111111111,740,0,0
5,7,15,0.2,wave,0.075,3,0.03111111111111111,729,0,0
5,7,16,0.2,wave,0.075,3,0.03111111111111111,733,0,0
5,7,17,0.2,wave,0.075,3,0.03111111111111111,724,0,0
5,7,18,0.2,wave,0.075,3,0.03111111111111111,721,0,0
5,7,19,0.2,wave,0.075,3,0.03111111111111111,722,0,0
5,7,20,0.2,wave,0.075,3,0.03111111111111111,1106,0,0
5,7,21,0.2,wave,0.075,3,0.03111111111111111,1064,0,0
5,7,22,0.2,wave,0.075,3,0.03111111111111111,1053,0,0
5,7,23,0.2,wave,0.075,3,0.03111111111111111,1036,0,0
5,7,24,0.2,wave,0.075,3,0.03111111111111111,1034,0,0
5,7,25,0.2,wave,0.075,3,0.03111111111111111,979,0,0
5,7,26,0.2,wave,0.075,3,0.03111111111111111,975,0,0
5,7,27,0.2,wave,0.075,3,0.03111111111111111,930,0,0
5,7,28,0.2,wave,0.075,3,0.03111111111111111,925,0,0
5,7,29,0.2,wave,0.075,3,0.03111111111111111,918,0,0
5,7,30,0.2,wave,0.075,3,0.03111111111111111,907,0,0
5,7,31,0.2,wave,0.075,3,0.03111111111111111,906,0,0
5,7,32,0.2,wave,0.075,3,0.03111111111111111,911,0,0
5,7,33,0.2,wave,0.075,3,0.03111111111111111,882,0,0
5,7,34,0.2,wave,0.075,3,0.03111111111111111,877,0,0
5,7,35,0.2,wave,0.075,3,0.03111111111111111,884,0,0
5,7,36,0.2,wave,0.075,3,0.03111111111111111,888,0,0
5,7,37,0.2,wave,0.075,3,0.03111111111111111,898,0,0
5,7,38,0.2,wave,0.075,3,0.03111111111111111,896,0,0
5,7,39,0.2,wave,0.075,3,0.03111111111111111,896,0,0
5,7,40,0.2,wave,0.075,3,0.03111111111111111,886,0,0
5,7,41,0.2,wave,0.075,3,0.03111111111111111,893,0,0
5,7,42,0.2,wave,0.075,3,0.03111111111111111,882,0,0
5,7,43,0.2,wave,0.075,3,0.03111111111111111,876,0,0
5,7,44,0.2,wave,0.075,3,0.03111111111111111,861,0,0
5,7,45,0.2,wave,0.075,3,0.03111111111111111,839,0,0
5,7,46,0.2,wave,0.075,3,0.03111111111111111,834,0,0
5,7,47,0.2,wave,0.075,3,0.03111111111111111,814,0,0
5,7,48,0.2,wave,0.075,3,0.03111111111111111,812,0,0
5,7,49,0.2,wave,0.075,3,0.03111111111111111,804,0,0
5,7,50,0.2,wave,0.075,3,0.03111111111111111,790,0,0
5,7,51,0.2,wave,0.075,3,0.03111111111111111,792,0,0
5,7,52,0.2,wave,0.075,3,0.03111111111111111,775,0,0
5,8,1,0.2,wave,0.075,3,0.03111111111111111,771,0,0
5,8,2,0.2,wave,0.075,3,0.03111111111111111,766,0,0
5,8,3,0.2,wave,0.075,3,0.03111111111111111,747,0,0
5,8,4,0.2,wave,0.075,3,0.03111111111111111,743,0,0
5,8,5,0.2,wave,0.075,3,0.03111111111111111,741,0,0
5,8,6,0.2,wave,0.075,3,0.03111111111111111,728,0,0
5,8,7,0.2,wave,0.075,3,0.03111111111111111,728,0,0
5,8,8,0.2,wave,0.075,3,0.03111111111111111,725,0,0
5,8,9,0.2,wave,0.075,3,0.03111111111111111,721,0,0
5,8,10,0.2,wave,0.075,3,0.03111111111111111,727,0,0
5,8,11,0.2,wave,0.075,3,0.03111111111111111,727,0,0
5,8,12,0.2,wave,0.075,3,0.03111111111111111,715,0,0
5,8,13,0.2,wave,0.075,3,0.03111111111111111,714,0,0
5,8,14,0.2,wave,0.075,3,0.03111111111111111,700,0,0
5,8,15,0.2,wave,0.075,3,0.03111111111111111,702,0,0
5,8,16,0.2,wave,0.075,3,0.03111111111111111,694,0,0
5,8,17,0.2,wave,0.075,3,0.03111111111111111,698,0,0
5,8,18,0.2,wave,0.075,3,0.03111111111111111,695,0,0
5,8,19,0.2,wave,0.075,3,0.03111111111111111,691,0,0
5,8,20,0.2,wave,0.075,3,0.03111111111111111,990,0,0
5,8,21,0.2,wave,0.075,3,0.03111111111111111,970,0,0
5,8,22,0.2,wave,0.075,3,0.03111111111111111,969,0,0
5,8,23,0.2,wave,0.075,3,0.03111111111111111,963,0,0
5,8,24,0.2,wave,0.075,3,0.03111111111111111,962,0,0
5,8,25,0.2,wave,0.075,3,0.03111111111111111,972,0,0
5,8,26,0.2,wave,0.075,3,0.03111111111111111,953,0,0
5,8,27,0.2,wave,0.075,3,0.03111111111111111,956,0,0
5,8,28,0.2,wave,0.075,3,0.03111111111111111,928,0,0
5,8,29,0.2,wave,0.075,3,0.03111111111111111,927,0,0
5,8,30,0.2,wave,0.075,3,0.03111111111111111,915,0,0
5,8,31,0.2,wave,0.075,3,0.03111111111111111,907,0,0
5,8,32,0.2,wave,0.075,3,0.03111111111111111,918,0,0
5,8,33,0.2,wave,0.075,3,0.03111111111111111,900,0,0
5,8,34,0.2,wave,0.075,3,0.03111111111111111,880,0,0
5,8,35,0.2,wave,0.075,3,0.03111111111111111,876,0,0
5,8,36,0.2,wave,0.075,3,0.03111111111111111,874,0,0
5,8,37,0.2,wave,0.075,3,0.03111111111111111,871,0,0
5,8,38,0.2,wave,0.075,3,0.03111111111111111,866,0,0
5,8,39,0.2,wave,0.075,3,0.03111111111111111,868,0,0
5,8,40,0.2,wave,0.075,3,0.03111111111111111,855,0,0
5,8,41,0.2,wave,0.075,3,0.03111111111111111,856,0,0
5,8,42,0.2,wave,0.075,3,0.03111111111111111,851,0,0
5,8,43,0.2,wave,0.075,3,0.03111111111111111,840,0,0
5,8,44,0.2,wave,0.075,3,0.03111111111111111,815,0,0
5,8,45,0.2,wave,0.075,3,0.03111111111111111,815,0,0
5,8,46,0.2,wave,0.075,3,0.03111111111111111,800,0,0
5,8,47,0.2,wave,0.075,3,0.03111111111111111,793,0,0
5,8,48,0.2,wave,0.075,3,0.03111111111111111,792,0,0
5,8,49,0.2,wave,0.075,3,0.03111111111111111,780,0,0
5,8,50,0.2,wave,0.075,3,0.03111111111111111,786,0,0
5,8,51,0.2,wave,0.075,3,0.03111111111111111,774,0,0
5,8,52,0.2,wave,0.075,3,0.03111111111111111,754,0,0
5,9,1,0.2,wave,0.075,3,0.03111111111111111,746,0,0
5,9,2,0.2,wave,0.075,3,0.03111111111111111,756,0,0
5,9,3,0.2,wave,0.075,3,0.03111111111111111,748,0,0
5,9,4,0.2,wave,0.075,3,0.03111111111111111,742,0,0
5,9,5,0.2,wave,0.075,3,0.03111111111111111,733,0,0
5,9,6,0.2,wave,0.075,3,0.03111111111111111,742,0,0
5,9,7,0.2,wave,0.075,3,0.03111111111111111,739,0,0
5,9,8,0.2,wave,0.075,3,0.03111111111111111,744,0,0
5,9,9,0.2,wave,0.075,3,0.03111111111111111,721,0,0
5,9,10,0.2,wave,0.075,3,0.03111111111111111,729,0,0
5,9,11,0.2,wave,0.075,3,0.03111111111111111,722,0,0
5,9,12,0.2,wave,0.075,3,0.03111111111111111,732,0,0
5,9,13,0.2,wave,0.075,3,0.03111111111111111,724,0,0
5,9,14,0.2,wave,0.075,3,0.03111111111111111,728,0,0
5,9,15,0.2,wave,0.075,3,0.03111111111111111,722,0,0
5,9,16,0.2,wave,0.075,3,0.03111111111111111,731,0,0
5,9,17,0.2,wave,0.075,3,0.03111111111111111,725,0,0
5,9,18,0.2,wave,0.075,3,0.03111111111111111,716,0,0
5,9,19,0.2,wave,0.075,3,0.03111111111111111,713,0,0
5,9,20,0.2,wave,0.075,3,0.03111111111111111,952,0,0
5,9,21,0.2,wave,0.075,3,0.03111111111111111,963,0,0
5,9,22,0.2,wave,0.075,3,0.03111111111111111,947,0,0
5,9,23,0.2,wave,0.075,3,0.03111111111111111,964,0,0
5,9,24,0.2,wave,0.075,3,0.03111111111111111,939,0,0
5,9,25,0.2,wave,0.075,3,0.03111111111111111,947,0,0
5,9,26,0.2,wave,0.075,3,0.03111111111111111,908,0,0
5,9,27,0.2,wave,0.075,3,0.03111111111111111,920,0,0
5,9,28,0.2,wave,0.075,3,0.03111111111111111,863,0,0
5,9,29,0.2,wave,0.075,3,0.03111111111111111,868,0,0
5,9,30,0.2,wave,0.075,3,0.03111111111111111,866,0,0
5,9,31,0.2,wave,0.075,3,0.03111111111111111,873,0,0
5,9,32,0.2,wave,0.075,3,0.03111111111111111,852,0,0
5,9,33,0.2,wave,0.075,3,0.03111111111111111,868,0,0
5,9,34,0.2,wave,0.075,3,0.03111111111111111,855,0,0
5,9,35,0.2,wave,0.075,3,0.03111111111111111,866,0,0
5,9,36,0.2,wave,0.075,3,0.03111111111111111,859,0,0
5,9,37,0.2,wave,0.075,3,0.03111111111111111,862,0,0
5,9,38,0.2,wave,0.075,3,0.03111111111111111,843,0,0
5,9,39,0.2,wave,0.075,3,0.03111111111111111,853,0,0
5,9,40,0.2,wave,0.075,3,0.03111111111111111,838,0,0
5,9,41,0.2,wave,0.075,3,0.03111111111111111,860,0,0
5,9,42,0.2,wave,0.075,3,0.03111111111111111,848,0,0
5,9,43,0.2,wave,0.075,3,0.03111111111111111,866,0,0
5,9,44,0.2,wave,0.075,3,0.03111111111111111,857,0,0
5,9,45,0.2,wave,0.075,3,0.03111111111111111,861,0,0
5,9,46,0.2,wave,0.075,3,0.03111111111111111,850,0,0
5,9,47,0.2,wave,0.075,3,0.03111111111111111,862,0,0
5,9,48,0.2,wave,0.075,3,0.03111111111111111,848,0,0
5,9,49,0.2,wave,0.075,3,0.03111111111111111,862,0,0
5,9,50,0.2,wave,0.075,3,0.03111111111111111,836,0,0
5,9,51,0.2,wave,0.075,3,0.03111111111111111,840,0,0
5,9,52,0.2,wave,0.075,3,0.03111111111111111,834,0,0
5,10,1,0.2,wave,0.075,3,0.03111111111111111,842,0,0
5,10,2,0.2,wave,0.075,3,0.03111111111111111,834,0,0
5,10,3,0.2,wave,0.075,3,0.03111111111111111,845,0,0
5,10,4,0.2,wave,0.075,3,0.03111111111111111,830,0,0
5,10,5,0.2,wave,0.075,3,0.03111111111111111,842,0,0
5,10,6,0.2,wave,0.075,3,0.03111111111111111,828,0,0
5,10,7,0.2,wave,0.075,3,0.03111111111111111,842,0,0
5,10,8,0.2,wave,0.075,3,0.03111111111111111,830,0,0
5,10,9,0.2,wave,0.075,3,0.03111111111111111,837,0,0
5,10,10,0.2,wave,0.075,3,0.03111111111111111,826,0,0
5,10,11,0.2,wave,0.075,3,0.03111111111111111,836,0,0
5,10,12,0.2,wave,0.075,3,0.03111111111111111,828,0,0
5,10,13,0.2,wave,0.075,3,0.03111111111111111,837,0,0
5,10,14,0.2,wave,0.075,3,0.03111111111111111,822,0,0
5,10,15,0.2,wave,0.075,3,0.03111111111111111,837,0,0
5,10,16,0.2,wave,0.075,3,0.03111111111111111,829,0,0
5,10,17,0.2,wave,0.075,3,0.03111111111111111,844,0,0
5,10,18,0.2,wave,0.075,3,0.03111111111111111,817,0,0
5,10,19,0.2,wave,0.075,3,0.03111111111111111,831,0,0
5,10,20,0.2,wave,0.075,3,0.03111111111111111,1162,0,0
5,10,21,0.2,wave,0.075,3,0.03111111111111111,1137,0,0
5,10,22,0.2,wave,0.075,3,0.03111111111111111,1104,0,0
5,10,23,0.2,wave,0.075,3,0.03111111111111111,1061,0,0
5,10,24,0.2,wave,0.075,3,0.03111111111111111,1009,0,0
5,10,25,0.2,wave,0.075,3,0.03111111111111111,1031,0,0
5,10,26,0.2,wave,0.075,3,0.03111111111111111,967,0,0
5,10,27,0.2,wave,0.075,3,0.03111111111111111,993,0,0
5,10,28,0.2,wave,0.075,3,0.03111111111111111,940,0,0
5,10,29,0.2,wave,0.075,3,0.03111111111111111,936,0,0
5,10,30,0.2,wave,0.075,3,0.03111111111111111,912,0,0
5,10,31,0.2,wave,0.075,3,0.03111111111111111,939,0,0
5,10,32,0.2,wave,0.075,3,0.03111111111111111,903,0,0
5,10,33,0.2,wave,0.075,3,0.03111111111111111,891,0,0
5,10,34,0.2,wave,0.075,3,0.03111111111111111,879,0,0
5,10,35,0.2,wave,0.075,3,0.03111111111111111,892,0,0
5,10,36,0.2,wave,0.075,3,0.03111111111111111,864,0,0
5,10,37,0.2,wave,0.075,3,0.03111111111111111,880,0,0
5,10,38,0.2,wave,0.075,3,0.03111111111111111,858,0,0
5,10,39,0.2,wave,0.075,3,0.03111111111111111,862,0,0
5,10,40,0.2,wave,0.075,3,0.03111111111111111,846,0,0
5,10,41,0.2,wave,0.075,3,0.03111111111111111,857,0,0
5,10,42,0.2,wave,0.075,3,0.03111111111111111,854,0,0
5,10,43,0.2,wave,0.075,3,0.03111111111111111,860,0,0
5,10,44,0.2,wave,0.075,3,0.03111111111111111,850,0,0
5,10,45,0.2,wave,0.075,3,0.03111111111111111,854,0,0
5,10,46,0.2,wave,0.075,3,0.03111111111111111,852,0,0
5,10,47,0.2,wave,0.075,3,0.03111111111111111,861,0,0
5,10,48,0.2,wave,0.075,3,0.03111111111111111,850,0,0
5,10,49,0.2,wave,0.075,3,0.03111111111111111,840,0,0
5,10,50,0.2,wave,0.075,3,0.03111111111111111,832,0,0
5,10,51,0.2,wave,0.075,3,0.03111111111111111,832,0,0
5,10,52,0.2,wave,0.075,3,0.03111111111111111,827,0,0
6,1,1,0.2,wave,0.075,3,0.0375,6537,70,12
6,1,2,0.2,wave,0.075,3,0.0375,6522,82,29
6,1,3,0.2,wave,0.075,3,0.0375,6397,118,47
6,1,4,0.2,wave,0.075,3,0.0375,6349,157,58
6,1,5,0.2,wave,0.075,3,0.0375,6123,209,64
6,1,6,0.2,wave,0.075,3,0.0375,5898,268,82
6,1,7,0.2,wave,0.075,3,0.0375,5697,335,105
6,1,8,0.2,wave,0.075,3,0.0375,5314,359,133
6,1,9,0.2,wave,0.075,3,0.0375,5130,418,147
6,1,10,0.2,wave,0.075,3,0.0375,4919,480,182
6,1,11,0.2,wave,0.075,3,0.0375,4708,524,221
6,1,12,0.2,wave,0.075,3,0.0375,4556,554,241
6,1,13,0.2,wave,0.075,3,0.0375,4353,569,240
6,1,14,0.2,wave,0.075,3,0.0375,4211,582,264
6,1,15,0.2,wave,0.075,3,0.0375,4045,586,263
6,1,16,0.2,wave,0.075,3,0.0375,3898,601,285
6,1,17,0.2,wave,0.075,3,0.0375,3791,574,280
6,1,18,0.2,wave,0.075,3,0.0375,3597,581,281
6,1,19,0.2,wave,0.075,3,0.0375,3452,561,275
6,1,20,0.2,wave,0.075,3,0.0375,5003,536,271
6,1,21,0.2,wave,0.075,3,0.0375,4692,585,253
6,1,22,0.2,wave,0.075,3,0.0375,4475,620,271
6,1,23,0.2,wave,0.075,3,0.0375,4344,695,293
6,1,24,0.2,wave,0.075,3,0.0375,4180,700,316
6,1,25,0.2,wave,0.075,3,0.0375,3946,708,309
6,1,26,0.2,wave,0.075,3,0.0375,3653,673,307
6,1,27,0.2,wave,0.075,3,0.0375,3501,632,314
6,1,28,0.2,wave,0.075,3,0.0375,3279,629,317
6,1,29,0.2,wave,0.075,3,0.0375,3108,583,288
6,1,30,0.2,wave,0.075,3,0.0375,2944,504,246
6,1,31,0.2,wave,0.075,3,0.0375,2818,482,253
6,1,32,0.2,wave,0.075,3,0.0375,2680,459,241
6,1,33,0.2,wave,0.075,3,0.0375,2527,439,217
6,1,34,0.2,wave,0.075,3,0.0375,2386,392,176
6,1,35,0.2,wave,0.075,3,0.0375,2289,375,190
6,1,36,0.2,wave,0.075,3,0.0375,2171,355,184
6,1,37,0.2,wave,0.075,3,0.0375,2098,344,195
6,1,38,0.2,wave,0.075,3,0.0375,1994,306,164
6,1,39,0.2,wave,0.075,3,0.0375,1899,278,147
6,1,40,0.2,wave,0.075,3,0.0375,1843,253,137
6,1,41,0.2,wave,0.075,3,0.0375,1791,228,127
6,1,42,0.2,wave,0.075,3,0.0375,1740,208,104
6,1,43,0.2,wave,0.075,3,0.0375,1682,195,92
6,1,44,0.2,wave,0.075,3,0.0375,1638,179,85
6,1,45,0.2,wave,0.075,3,0.0375,1595,175,89
6,1,46,0.2,wave,0.075,3,0.0375,1553,155,91
6,1,47,0.2,wave,0.075,3,0.0375,1505,144,85
6,1,48,0.2,wave,0.075,3,0.0375,1453,120,73
6,1,49,0.2,wave,0.075,3,0.0375,1411,106,55
6,1,50,0.2,wave,0.075,3,0.0375,1383,96,51
6,1,51,0.2,wave,0.075,3,0.0375,1346,88,50
6,1,52,0.2,wave,0.075,3,0.0375,1330,82,43
6,2,1,0.2,wave,0.075,3,0.0375,1301,77,39
6,2,2,0.2,wave,0.075,3,0.0375,1288,69,34
6,2,3,0.2,wave,0.075,3,0.0375,1266,58,37
6,2,4,0.2,wave,0.075,3,0.0375,1251,59,34
6,2,5,0.2,wave,0.075,3,0.0375,1231,53,26
6,2,6,0.2,wave,0.075,3,0.0375,1212,48,18
6,2,7,0.2,wave,0.075,3,0.0375,1200,47,20
6,2,8,0.2,wave,0.075,3,0.0375,1199,48,25
6,2,9,0.2,wave,0.075,3,0.0375,1188,44,25
6,2,10,0.2,wave,0.075,3,0.0375,1176,36,25
6,2,11,0.2,wave,0.075,3,0.0375,1155,34,21
6,2,12,0.2,wave,0.075,3,0.0375,1146,29,19
6,2,13,0.2,wave,0.075,3,0.0375,1122,25,12
6,2,14,0.2,wave,0.075,3,0.0375,1124,24,13
6,2,15,0.2,wave,0.075,3,0.0375,1101,21,11
6,2,16,0.2,wave,0.075,3,0.0375,1099,21,12
6,2,17,0.2,wave,0.075,3,0.0375,1082,19,10
6,2,18,0.2,wave,0.075,3,0.0375,1070,17,8
6,2,19,0.2,wave,0.075,3,0.0375,1056,15,6
6,2,20,0.2,wave,0.075,3,0.0375,1527,13,7
6,2,21,0.2,wave,0.075,3,0.0375,1502,18,5
6,2,22,0.2,wave,0.075,3,0.0375,1466,17,6
6,2,23,0.2,wave,0.075,3,0.0375,1467,18,8
6,2,24,0.2,wave,0.075,3,0.0375,1453,23,10
6,2,25,0.2,wave,0.075,3,0.0375,1446,22,11
6,2,26,0.2,wave,0.075,3,0.0375,1441,21,10
6,2,27,0.2,wave,0.075,3,0.0375,1427,24,14
6,2,28,0.2,wave,0.075,3,0.0375,1416,21,12
6,2,29,0.2,wave,0.075,3,0.0375,1375,17,11
6,2,30,0.2,wave,0.075,3,0.0375,1349,14,7
6,2,31,0.2,wave,0.075,3,0.0375,1335,14,8
6,2,32,0.2,wave,0.075,3,0.0375,1307,15,8
6,2,33,0.2,wave,0.075,3,0.0375,1300,14,8
6,2,34,0.2,wave,0.075,3,0.0375,1286,14,7
6,2,35,0.2,wave,0.075,3,0.0375,1285,11,5
6,2,36,0.2,wave,0.075,3,0.0375,1289,15,8
6,2,37,0.2,wave,0.075,3,0.0375,1257,20,8
6,2,38,0.2,wave,0.075,3,0.0375,1244,20,6
6,2,39,0.2,wave,0.075,3,0.0375,1234,17,9
6,2,40,0.2,wave,0.075,3,0.0375,1220,15,11
6,2,41,0.2,wave,0.075,3,0.0375,1217,16,14
6,2,42,0.2,wave,0.075,3,0.0375,1215,10,8
6,2,43,0.2,wave,0.075,3,0.0375,1206,8,5
6,2,44,0.2,wave,0.075,3,0.0375,1186,5,2
6,2,45,0.2,wave,0.075,3,0.0375,1175,4,1
6,2,46,0.2,wave,0.075,3,0.0375,1157,4,1
6,2,47,0.2,wave,0.075,3,0.0375,1154,4,2
6,2,48,0.2,wave,0.075,3,0.0375,1137,4,2
6,2,49,0.2,wave,0.075,3,0.0375,1139,3,2
6,2,50,0.2,wave,0.075,3,0.0375,1121,3,2
6,2,51,0.2,wave,0.075,3,0.0375,1126,4,2
6,2,52,0.2,wave,0.075,3,0.0375,1109,3,2
6,3,1,0.2,wave,0.075,3,0.0375,1114,2,1
6,3,2,0.2,wave,0.075,3,0.0375,1098,2,2
6,3,3,0.2,wave,0.075,3,0.0375,1098,1,1
6,3,4,0.2,wave,0.075,3,0.0375,1090,1,1
6,3,5,0.2,wave,0.075,3,0.0375,1090,0,0
6,3,6,0.2,wave,0.075,3,0.0375,1064,0,0
6,3,7,0.2,wave,0.075,3,0.0375,1060,0,0
6,3,8,0.2,wave,0.075,3,0.0375,1054,0,0
6,3,9,0.2,wave,0.075,3,0.0375,1039,0,0
6,3,10,0.2,wave,0.075,3,0.0375,1027,0,0
6,3,11,0.2,wave,0.075,3,0.0375,1011,0,0
6,3,12,0.2,wave,0.075,3,0.0375,1004,0,0
6,3,13,0.2,wave,0.075,3,0.0375,1007,0,0
6,3,14,0.2,wave,0.075,3,0.0375,980,0,0
6,3,15,0.2,wave,0.075,3,0.0375,975,0,0
6,3,16,0.2,wave,0.075,3,0.0375,973,0,0
6,3,17,0.2,wave,0.075,3,0.0375,957,0,0
6,3,18,0.2,wave,0.075,3,0.0375,951,0,0
6,3,19,0.2,wave,0.075,3,0.0375,950,0,0
6,3,20,0.2,wave,0.075,3,0.0375,1382,0,0
6,3,21,0.2,wave,0.075,3,0.0375,1362,0,0
6,3,22,0.2,wave,0.075,3,0.0375,1349,0,0
6,3,23,0.2,wave,0.075,3,0.0375,1341,0,0
6,3,24,0.2,wave,0.075,3,0.0375,1328,0,0
6,3,25,0.2,wave,0.075,3,0.0375,1327,0,0
6,3,26,0.2,wave,0.075,3,0.0375,1332,0,0
6,3,27,0.2,wave,0.075,3,0.0375,1276,0,0
6,3,28,0.2,wave,0.075,3,0.0375,1268,0,0
6,3,29,0.2,wave,0.075,3,0.0375,1254,0,0
6,3,30,0.2,wave,0.075,3,0.0375,1237,0,0
6,3,31,0.2,wave,0.075,3,0.0375,1229,0,0
6,3,32,0.2,wave,0.075,3,0.0375,1193,0,0
6,3,33,0.2,wave,0.075,3,0.0375,1193,0,0
6,3,34,0.2,wave,0.075,3,0.0375,1179,0,0
6,3,35,0.2,wave,0.075,3,0.0375,1181,0,0
6,3,36,0.2,wave,0.075,3,0.0375,1160,0,0
6,3,37,0.2,wave,0.075,3,0.0375,1163,0,0
6,3,38,0.2,wave,0.075,3,0.0375,1144,0,0
6,3,39,0.2,wave,0.075,3,0.0375,1145,0,0
6,3,40,0.2,wave,0.075,3,0.0375,1136,0,0
6,3,41,0.2,wave,0.075,3,0.0375,1143,0,0
6,3,42,0.2,wave,0.075,3,0.0375,1114,0,0
6,3,43,0.2,wave,0.075,3,0.0375,1108,0,0
6,3,44,0.2,wave,0.075,3,0.0375,1069,0,0
6,3,45,0.2,wave,0.075,3,0.0375,1073,0,0
6,3,46,0.2,wave,0.075,3,0.0375,1067,0,0
6,3,47,0.2,wave,0.075,3,0.0375,1066,0,0
6,3,48,0.2,wave,0.075,3,0.0375,1058,0,0
6,3,49,0.2,wave,0.075,3,0.0375,1052,0,0
6,3,50,0.2,wave,0.075,3,0.0375,1034,0,0
6,3,51,0.2,wave,0.075,3,0.0375,1024,0,0
6,3,52,0.2,wave,0.075,3,0.0375,1011,0,0
6,4,1,0.2,wave,0.075,3,0.0375,1012,0,0
6,4,2,0.2,wave,0.075,3,0.0375,997,0,0
6,4,3,0.2,wave,0.075,3,0.0375,989,0,0
6,4,4,0.2,wave,0.075,3,0.0375,952,0,0
6,4,5,0.2,wave,0.075,3,0.0375,949,0,0
6,4,6,0.2,wave,0.075,3,0.0375,941,0,0
6,4,7,0.2,wave,0.075,3,0.0375,939,0,0
6,4,8,0.2,wave,0.075,3,0.0375,934,0,0
6,4,9,0.2,wave,0.075,3,0.0375,929,0,0
6,4,10,0.2,wave,0.075,3,0.0375,917,0,0
6,4,11,0.2,wave,0.075,3,0.0375,916,0,0
6,4,12,0.2,wave,0.075,3,0.0375,911,0,0
6,4,13,0.2,wave,0.075,3,0.0375,910,0,0
6,4,14,0.2,wave,0.075,3,0.0375,891,0,0
6,4,15,0.2,wave,0.075,3,0.0375,891,0,0
6,4,16,0.2,wave,0.075,3,0.0375,884,0,0
6,4,17,0.2,wave,0.075,3,0.0375,881,0,0
6,4,18,0.2,wave,0.075,3,0.0375,880,0,0
6,4,19,0.2,wave,0.075,3,0.0375,881,0,0
6,4,20,0.2,wave,0.075,3,0.0375,1247,0,0
6,4,21,0.2,wave,0.075,3,0.0375,1184,0,0
6,4,22,0.2,wave,0.075,3,0.0375,1175,0,0
6,4,23,0.2,wave,0.075,3,0.0375,1132,0,0
6,4,24,0.2,wave,0.075,3,0.0375,1132,0,0
6,4,25,0.2,wave,0.075,3,0.0375,1132,0,0
6,4,26,0.2,wave,0.075,3,0.0375,1127,0,0
6,4,27,0.2,wave,0.075,3,0.0375,1137,0,0
6,4,28,0.2,wave,0.075,3,0.0375,1121,0,0
6,4,29,0.2,wave,0.075,3,0.0375,1117,0,0
6,4,30,0.2,wave,0.075,3,0.0375,1108,0,0
6,4,31,0.2,wave,0.075,3,0.0375,1096,0,0
6,4,32,0.2,wave,0.075,3,0.0375,1073,0,0
6,4,33,0.2,wave,0.075,3,0.0375,1054,0,0
6,4,34,0.2,wave,0.075,3,0.0375,1044,0,0
6,4,35,0.2,wave,0.075,3,0.0375,1030,0,0
6,4,36,0.2,wave,0.075,3,0.0375,996,0,0
6,4,37,0.2,wave,0.075,3,0.0375,980,0,0
6,4,38,0.2,wave,0.075,3,0.0375,984,0,0
6,4,39,0.2,wave,0.075,3,0.0375,964,0,0
6,4,40,0.2,wave,0.075,3,0.0375,944,0,0
6,4,41,0.2,wave,0.075,3,0.0375,937,0,0
6,4,42,0.2,wave,0.075,3,0.0375,924,0,0
6,4,43,0.2,wave,0.075,3,0.0375,914,0,0
6,4,44,0.2,wave,0.075,3,0.0375,890,0,0
6,4,45,0.2,wave,0.075,3,0.0375,866,0,0
6,4,46,0.2,wave,0.075,3,0.0375,863,0,0
6,4,47,0.2,wave,0.075,3,0.0375,855,0,0
6,4,48,0.2,wave,0.075,3,0.0375,856,0,0
6,4,49,0.2,wave,0.075,3,0.0375,855,0,0
6,4,50,0.2,wave,0.075,3,0.0375,846,0,0
6,4,51,0.2,wave,0.075,3,0.0375,842,0,0
6,4,52,0.2,wave,0.075,3,0.0375,838,0,0
6,5,1,0.2,wave,0.075,3,0.0375,834,0,0
6,5,2,0.2,wave,0.075,3,0.0375,833,0,0
6,5,3,0.2,wave,0.075,3,0.0375,824,0,0
6,5,4,0.2,wave,0.075,3,0.0375,804,0,0
6,5,5,0.2,wave,0.075,3,0.0375,801,0,0
6,5,6,0.2,wave,0.075,3,0.0375,800,0,0
6,5,7,0.2,wave,0.075,3,0.0375,792,0,0
6,5,8,0.2,wave,0.075,3,0.0375,795,0,0
6,5,9,0.2,wave,0.075,3,0.0375,775,0,0
6,5,10,0.2,wave,0.075,3,0.0375,779,0,0
6,5,11,0.2,wave,0.075,3,0.0375,773,0,0
6,5,12,0.2,wave,0.075,3,0.0375,772,0,0
6,5,13,0.2,wave,0.075,3,0.0375,768,0,0
6,5,14,0.2,wave,0.075,3,0.0375,770,0,0
6,5,15,0.2,wave,0.075,3,0.0375,766,0,0
6,5,16,0.2,wave,0.075,3,0.0375,765,0,0
6,5,17,0.2,wave,0.075,3,0.0375,763,0,0
6,5,18,0.2,wave,0.075,3,0.0375,751,0,0
6,5,19,0.2,wave,0.075,3,0.0375,740,0,0
6,5,20,0.2,wave,0.075,3,0.0375,1076,0,0
6,5,21,0.2,wave,0.075,3,0.0375,1065,0,0
6,5,22,0.2,wave,0.075,3,0.0375,1028,0,0
6,5,23,0.2,wave,0.075,3,0.0375,1029,0,0
6,5,24,0.2,wave,0.075,3,0.0375,1012,0,0
6,5,25,0.2,wave,0.075,3,0.0375,998,0,0
6,5,26,0.2,wave,0.075,3,0.0375,963,0,0
6,5,27,0.2,wave,0.075,3,0.0375,960,0,0
6,5,28,0.2,wave,0.075,3,0.0375,937,0,0
6,5,29,0.2,wave,0.075,3,0.0375,913,0,0
6,5,30,0.2,wave,0.075,3,0.0375,894,0,0
6,5,31,0.2,wave,0.075,3,0.0375,896,0,0
6,5,32,0.2,wave,0.075,3,0.0375,879,0,0
6,5,33,0.2,wave,0.075,3,0.0375,873,0,0
6,5,34,0.2,wave,0.075,3,0.0375,860,0,0
6,5,35,0.2,wave,0.075,3,0.0375,863,0,0
6,5,36,0.2,wave,0.075,3,0.0375,836,0,0
6,5,37,0.2,wave,0.075,3,0.0375,848,0,0
6,5,38,0.2,wave,0.075,3,0.0375,842,0,0
6,5,39,0.2,wave,0.075,3,0.0375,826,0,0
6,5,40,0.2,wave,0.075,3,0.0375,816,0,0
6,5,41,0.2,wave,0.075,3,0.0375,826,0,0
6,5,42,0.2,wave,0.075,3,0.0375,816,0,0
6,5,43,0.2,wave,0.075,3,0.0375,821,0,0
6,5,44,0.2,wave,0.075,3,0.0375,807,0,0
6,5,45,0.2,wave,0.075,3,0.0375,813,0,0
6,5,46,0.2,wave,0.075,3,0.0375,806,0,0
6,5,47,0.2,wave,0.075,3,0.0375,810,0,0
6,5,48,0.2,wave,0.075,3,0.0375,802,0,0
6,5,49,0.2,wave,0.075,3,0.0375,811,0,0
6,5,50,0.2,wave,0.075,3,0.0375,799,0,0
6,5,51,0.2,wave,0.075,3,0.0375,796,0,0
6,5,52,0.2,wave,0.075,3,0.0375,772,0,0
6,6,1,0.2,wave,0.075,3,0.0375,776,0,0
6,6,2,0.2,wave,0.075,3,0.0375,754,0,0
6,6,3,0.2,wave,0.075,3,0.0375,742,0,0
6,6,4,0.2,wave,0.075,3,0.0375,737,0,0
6,6,5,0.2,wave,0.075,3,0.0375,740,0,0
6,6,6,0.2,wave,0.075,3,0.0375,733,0,0
6,6,7,0.2,wave,0.075,3,0.0375,735,0,0
6,6,8,0.2,wave,0.075,3,0.0375,731,0,0
6,6,9,0.2,wave,0.075,3,0.0375,720,0,0
6,6,10,0.2,wave,0.075,3,0.0375,715,0,0
6,6,11,0.2,wave,0.075,3,0.0375,716,0,0
6,6,12,0.2,wave,0.075,3,0.0375,715,0,0
6,6,13,0.2,wave,0.075,3,0.0375,712,0,0
6,6,14,0.2,wave,0.075,3,0.0375,714,0,0
6,6,15,0.2,wave,0.075,3,0.0375,711,0,0
6,6,16,0.2,wave,0.075,3,0.0375,712,0,0
6,6,17,0.2,wave,0.075,3,0.0375,709,0,0
6,6,18,0.2,wave,0.075,3,0.0375,710,0,0
6,6,19,0.2,wave,0.075,3,0.0375,709,0,0
6,6,20,0.2,wave,0.075,3,0.0375,1027,0,0
6,6,21,0.2,wave,0.075,3,0.0375,1019,0,0
6,6,22,0.2,wave,0.075,3,0.0375,1023,0,0
6,6,23,0.2,wave,0.075,3,0.0375,1016,0,0
6,6,24,0.2,wave,0.075,3,0.0375,1006,0,0
6,6,25,0.2,wave,0.075,3,0.0375,999,0,0
6,6,26,0.2,wave,0.075,3,0.0375,992,0,0
6,6,27,0.2,wave,0.075,3,0.0375,986,0,0
6,6,28,0.2,wave,0.075,3,0.0375,961,0,0
6,6,29,0.2,wave,0.075,3,0.0375,943,0,0
6,6,30,0.2,wave,0.075,3,0.0375,920,0,0
6,6,31,0.2,wave,0.075,3,0.0375,897,0,0
6,6,32,0.2,wave,0.075,3,0.0375,893,0,0
6,6,33,0.2,wave,0.075,3,0.0375,874,0,0
6,6,34,0.2,wave,0.075,3,0.0375,864,0,0
6,6,35,0.2,wave,0.075,3,0.0375,854,0,0
6,6,36,0.2,wave,0.075,3,0.0375,850,0,0
6,6,37,0.2,wave,0.075,3,0.0375,844,0,0
6,6,38,0.2,wave,0.075,3,0.0375,837,0,0
6,6,39,0.2,wave,0.075,3,0.0375,835,0,0
6,6,40,0.2,wave,0.075,3,0.0375,822,0,0
6,6,41,0.2,wave,0.075,3,0.0375,813,0,0
6,6,42,0.2,wave,0.075,3,0.0375,813,0,0
6,6,43,0.2,wave,0.075,3,0.0375,813,0,0
6,6,44,0.2,wave,0.075,3,0.0375,806,0,0
6,6,45,0.2,wave,0.075,3,0.0375,807,0,0
6,6,46,0.2,wave,0.075,3,0.0375,804,0,0
6,6,47,0.2,wave,0.075,3,0.0375,793,0,0
6,6,48,0.2,wave,0.075,3,0.0375,786,0,0
6,6,49,0.2,wave,0.075,3,0.0375,788,0,0
6,6,50,0.2,wave,0.075,3,0.0375,785,0,0
6,6,51,0.2,wave,0.075,3,0.0375,771,0,0
6,6,52,0.2,wave,0.075,3,0.0375,764,0,0
6,7,1,0.2,wave,0.075,3,0.0375,750,0,0
6,7,2,0.2,wave,0.075,3,0.0375,746,0,0
6,7,3,0.2,wave,0.075,3,0.0375,748,0,0
6,7,4,0.2,wave,0.075,3,0.0375,731,0,0
6,7,5,0.2,wave,0.075,3,0.0375,736,0,0
6,7,6,0.2,wave,0.075,3,0.0375,727,0,0
6,7,7,0.2,wave,0.075,3,0.0375,732,0,0
6,7,8,0.2,wave,0.075,3,0.0375,722,0,0
6,7,9,0.2,wave,0.075,3,0.0375,730,0,0
6,7,10,0.2,wave,0.075,3,0.0375,723,0,0
6,7,11,0.2,wave,0.075,3,0.0375,729,0,0
6,7,12,0.2,wave,0.075,3,0.0375,721,0,0
6,7,13,0.2,wave,0.075,3,0.0375,724,0,0
6,7,14,0.2,wave,0.075,3,0.0375,716,0,0
6,7,15,0.2,wave,0.075,3,0.0375,721,0,0
6,7,16,0.2,wave,0.075,3,0.0375,717,0,0
6,7,17,0.2,wave,0.075,3,0.0375,722,0,0
6,7,18,0.2,wave,0.075,3,0.0375,702,0,0
6,7,19,0.2,wave,0.075,3,0.0375,707,0,0
6,7,20,0.2,wave,0.075,3,0.0375,1017,0,0
6,7,21,0.2,wave,0.075,3,0.0375,1003,0,0
6,7,22,0.2,wave,0.075,3,0.0375,982,0,0
6,7,23,0.2,wave,0.075,3,0.0375,994,0,0
6,7,24,0.2,wave,0.075,3,0.0375,969,0,0
6,7,25,0.2,wave,0.075,3,0.0375,959,0,0
6,7,26,0.2,wave,0.075,3,0.0375,950,0,0
6,7,27,0.2,wave,0.075,3,0.0375,940,0,0
6,7,28,0.2,wave,0.075,3,0.0375,888,0,0
6,7,29,0.2,wave,0.075,3,0.0375,882,0,0
6,7,30,0.2,wave,0.075,3,0.0375,882,0,0
6,7,31,0.2,wave,0.075,3,0.0375,888,0,0
6,7,32,0.2,wave,0.075,3,0.0375,883,0,0
6,7,33,0.2,wave,0.075,3,0.0375,867,0,0
6,7,34,0.2,wave,0.075,3,0.0375,852,0,0
6,7,35,0.2,wave,0.075,3,0.0375,849,0,0
6,7,36,0.2,wave,0.075,3,0.0375,838,0,0
6,7,37,0.2,wave,0.075,3,0.0375,844,0,0
6,7,38,0.2,wave,0.075,3,0.0375,804,0,0
6,7,39,0.2,wave,0.075,3,0.0375,813,0,0
6,7,40,0.2,wave,0.075,3,0.0375,778,0,0
6,7,41,0.2,wave,0.075,3,0.0375,774,0,0
6,7,42,0.2,wave,0.075,3,0.0375,769,0,0
6,7,43,0.2,wave,0.075,3,0.0375,741,0,0
6,7,44,0.2,wave,0.075,3,0.0375,733,0,0
6,7,45,0.2,wave,0.075,3,0.0375,721,0,0
6,7,46,0.2,wave,0.075,3,0.0375,717,0,0
6,7,47,0.2,wave,0.075,3,0.0375,700,0,0
6,7,48,0.2,wave,0.075,3,0.0375,691,0,0
6,7,49,0.2,wave,0.075,3,0.0375,694,0,0
6,7,50,0.2,wave,0.075,3,0.0375,688,0,0
6,7,51,0.2,wave,0.075,3,0.0375,688,0,0
6,7,52,0.2,wave,0.075,3,0.0375,682,0,0
6,8,1,0.2,wave,0.075,3,0.0375,683,0,0
6,8,2,0.2,wave,0.075,3,0.0375,680,0,0
6,8,3,0.2,wave,0.075,3,0.0375,684,0,0
6,8,4,0.2,wave,0.075,3,0.0375,679,0,0
6,8,5,0.2,wave,0.075,3,0.0375,684,0,0
6,8,6,0.2,wave,0.075,3,0.0375,678,0,0
6,8,7,0.2,wave,0.075,3,0.0375,683,0,0
6,8,8,0.2,wave,0.075,3,0.0375,676,0,0
6,8,9,0.2,wave,0.075,3,0.0375,681,0,0
6,8,10,0.2,wave,0.075,3,0.0375,664,0,0
6,8,11,0.2,wave,0.075,3,0.0375,669,0,0
6,8,12,0.2,wave,0.075,3,0.0375,665,0,0
6,8,13,0.2,wave,0.075,3,0.0375,671,0,0
6,8,14,0.2,wave,0.075,3,0.0375,666,0,0
6,8,15,0.2,wave,0.075,3,0.0375,670,0,0
6,8,16,0.2,wave,0.075,3,0.0375,666,0,0
6,8,17,0.2,wave,0.075,3,0.0375,671,0,0
6,8,18,0.2,wave,0.075,3,0.0375,664,0,0
6,8,19,0.2,wave,0.075,3,0.0375,670,0,0
6,8,20,0.2,wave,0.075,3,0.0375,978,0,0
6,8,21,0.2,wave,0.075,3,0.0375,980,0,0
6,8,22,0.2,wave,0.075,3,0.0375,966,0,0
6,8,23,0.2,wave,0.075,3,0.0375,984,0,0
6,8,24,0.2,wave,0.075,3,0.0375,964,0,0
6,8,25,0.2,wave,0.075,3,0.0375,968,0,0
6,8,26,0.2,wave,0.075,3,0.0375,928,0,0
6,8,27,0.2,wave,0.075,3,0.0375,932,0,0
6,8,28,0.2,wave,0.075,3,0.0375,917,0,0
6,8,29,0.2,wave,0.075,3,0.0375,911,0,0
6,8,30,0.2,wave,0.075,3,0.0375,854,0,0
6,8,31,0.2,wave,0.075,3,0.0375,857,0,0
6,8,32,0.2,wave,0.075,3,0.0375,842,0,0
6,8,33,0.2,wave,0.075,3,0.0375,846,0,0
6,8,34,0.2,wave,0.075,3,0.0375,807,0,0
6,8,35,0.2,wave,0.075,3,0.0375,822,0,0
6,8,36,0.2,wave,0.075,3,0.0375,802,0,0
6,8,37,0.2,wave,0.075,3,0.0375,811,0,0
6,8,38,0.2,wave,0.075,3,0.0375,794,0,0
6,8,39,0.2,wave,0.075,3,0.0375,796,0,0
6,8,40,0.2,wave,0.075,3,0.0375,761,0,0
6,8,41,0.2,wave,0.075,3,0.0375,772,0,0
6,8,42,0.2,wave,0.075,3,0.0375,763,0,0
6,8,43,0.2,wave,0.075,3,0.0375,777,0,0
6,8,44,0.2,wave,0.075,3,0.0375,765,0,0
6,8,45,0.2,wave,0.075,3,0.0375,776,0,0
6,8,46,0.2,wave,0.075,3,0.0375,764,0,0
6,8,47,0.2,wave,0.075,3,0.0375,777,0,0
6,8,48,0.2,wave,0.075,3,0.0375,766,0,0
6,8,49,0.2,wave,0.075,3,0.0375,767,0,0
6,8,50,0.2,wave,0.075,3,0.0375,755,0,0
6,8,51,0.2,wave,0.075,3,0.0375,765,0,0
6,8,52,0.2,wave,0.075,3,0.0375,744,0,0
6,9,1,0.2,wave,0.075,3,0.0375,734,0,0
6,9,2,0.2,wave,0.075,3,0.0375,729,0,0
6,9,3,0.2,wave,0.075,3,0.0375,734,0,0
6,9,4,0.2,wave,0.075,3,0.0375,729,0,0
6,9,5,0.2,wave,0.075,3,0.0375,722,0,0
6,9,6,0.2,wave,0.075,3,0.0375,720,0,0
6,9,7,0.2,wave,0.075,3,0.0375,724,0,0
6,9,8,0.2,wave,0.075,3,0.0375,720,0,0
6,9,9,0.2,wave,0.075,3,0.0375,723,0,0
6,9,10,0.2,wave,0.075,3,0.0375,720,0,0
6,9,11,0.2,wave,0.075,3,0.0375,711,0,0
6,9,12,0.2,wave,0.075,3,0.0375,708,0,0
6,9,13,0.2,wave,0.075,3,0.0375,711,0,0
6,9,14,0.2,wave,0.075,3,0.0375,705,0,0
6,9,15,0.2,wave,0.075,3,0.0375,710,0,0
6,9,16,0.2,wave,0.075,3,0.0375,706,0,0
6,9,17,0.2,wave,0.075,3,0.0375,710,0,0
6,9,18,0.2,wave,0.075,3,0.0375,704,0,0
6,9,19,0.2,wave,0.075,3,0.0375,710,0,0
6,9,20,0.2,wave,0.075,3,0.0375,1015,0,0
6,9,21,0.2,wave,0.075,3,0.0375,996,0,0
6,9,22,0.2,wave,0.075,3,0.0375,976,0,0
6,9,23,0.2,wave,0.075,3,0.0375,969,0,0
6,9,24,0.2,wave,0.075,3,0.0375,961,0,0
6,9,25,0.2,wave,0.075,3,0.0375,956,0,0
6,9,26,0.2,wave,0.075,3,0.0375,919,0,0
6,9,27,0.2,wave,0.075,3,0.0375,886,0,0
6,9,28,0.2,wave,0.075,3,0.0375,866,0,0
6,9,29,0.2,wave,0.075,3,0.0375,858,0,0
6,9,30,0.2,wave,0.075,3,0.0375,854,0,0
6,9,31,0.2,wave,0.075,3,0.0375,859,0,0
6,9,32,0.2,wave,0.075,3,0.0375,840,0,0
6,9,33,0.2,wave,0.075,3,0.0375,826,0,0
6,9,34,0.2,wave,0.075,3,0.0375,792,0,0
6,9,35,0.2,wave,0.075,3,0.0375,811,0,0
6,9,36,0.2,wave,0.075,3,0.0375,792,0,0
6,9,37,0.2,wave,0.075,3,0.0375,808,0,0
6,9,38,0.2,wave,0.075,3,0.0375,792,0,0
6,9,39,0.2,wave,0.075,3,0.0375,809,0,0
6,9,40,0.2,wave,0.075,3,0.0375,788,0,0
6,9,41,0.2,wave,0.075,3,0.0375,776,0,0
6,9,42,0.2,wave,0.075,3,0.0375,762,0,0
6,9,43,0.2,wave,0.075,3,0.0375,762,0,0
6,9,44,0.2,wave,0.075,3,0.0375,735,0,0
6,9,45,0.2,wave,0.075,3,0.0375,747,0,0
6,9,46,0.2,wave,0.075,3,0.0375,733,0,0
6,9,47,0.2,wave,0.075,3,0.0375,746,0,0
6,9,48,0.2,wave,0.075,3,0.0375,730,0,0
6,9,49,0.2,wave,0.075,3,0.0375,744,0,0
6,9,50,0.2,wave,0.075,3,0.0375,731,0,0
6,9,51,0.2,wave,0.075,3,0.0375,741,0,0
6,9,52,0.2,wave,0.075,3,0.0375,731,0,0
6,10,1,0.2,wave,0.075,3,0.0375,739,0,0
6,10,2,0.2,wave,0.075,3,0.0375,726,0,0
6,10,3,0.2,wave,0.075,3,0.0375,739,0,0
6,10,4,0.2,wave,0.075,3,0.0375,727,0,0
6,10,5,0.2,wave,0.075,3,0.0375,726,0,0
6,10,6,0.2,wave,0.075,3,0.0375,714,0,0
6,10,7,0.2,wave,0.075,3,0.0375,726,0,0
6,10,8,0.2,wave,0.075,3,0.0375,714,0,0
6,10,9,0.2,wave,0.075,3,0.0375,725,0,0
6,10,10,0.2,wave,0.075,3,0.0375,713,0,0
6,10,11,0.2,wave,0.075,3,0.0375,724,0,0
6,10,12,0.2,wave,0.075,3,0.0375,712,0,0
6,10,13,0.2,wave,0.075,3,0.0375,724,0,0
6,10,14,0.2,wave,0.075,3,0.0375,713,0,0
6,10,15,0.2,wave,0.075,3,0.0375,724,0,0
6,10,16,0.2,wave,0.075,3,0.0375,712,0,0
6,10,17,0.2,wave,0.075,3,0.0375,723,0,0
6,10,18,0.2,wave,0.075,3,0.0375,710,0,0
6,10,19,0.2,wave,0.075,3,0.0375,720,0,0
6,10,20,0.2,wave,0.075,3,0.0375,991,0,0
6,10,21,0.2,wave,0.075,3,0.0375,969,0,0
6,10,22,0.2,wave,0.075,3,0.0375,929,0,0
6,10,23,0.2,wave,0.075,3,0.0375,948,0,0
6,10,24,0.2,wave,0.075,3,0.0375,931,0,0
6,10,25,0.2,wave,0.075,3,0.0375,935,0,0
6,10,26,0.2,wave,0.075,3,0.0375,907,0,0
6,10,27,0.2,wave,0.075,3,0.0375,919,0,0
6,10,28,0.2,wave,0.075,3,0.0375,910,0,0
6,10,29,0.2,wave,0.075,3,0.0375,908,0,0
6,10,30,0.2,wave,0.075,3,0.0375,872,0,0
6,10,31,0.2,wave,0.075,3,0.0375,876,0,0
6,10,32,0.2,wave,0.075,3,0.0375,832,0,0
6,10,33,0.2,wave,0.075,3,0.0375,822,0,0
6,10,34,0.2,wave,0.075,3,0.0375,815,0,0
6,10,35,0.2,wave,0.075,3,0.0375,822,0,0
6,10,36,0.2,wave,0.075,3,0.0375,802,0,0
6,10,37,0.2,wave,0.075,3,0.0375,808,0,0
6,10,38,0.2,wave,0.075,3,0.0375,801,0,0
6,10,39,0.2,wave,0.075,3,0.0375,809,0,0
6,10,40,0.2,wave,0.075,3,0.0375,803,0,0
6,10,41,0.2,wave,0.075,3,0.0375,810,0,0
6,10,42,0.2,wave,0.075,3,0.0375,804,0,0
6,10,43,0.2,wave,0.075,3,0.0375,809,0,0
6,10,44,0.2,wave,0.075,3,0.0375,802,0,0
6,10,45,0.2,wave,0.075,3,0.0375,808,0,0
6,10,46,0.2,wave,0.075,3,0.0375,797,0,0
6,10,47,0.2,wave,0.075,3,0.0375,807,0,0
6,10,48,0.2,wave,0.075,3,0.0375,798,0,0
6,10,49,0.2,wave,0.075,3,0.0375,809,0,0
6,10,50,0.2,wave,0.075,3,0.0375,797,0,0
6,10,51,0.2,wave,0.075,3,0.0375,801,0,0
6,10,52,0.2,wave,0.075,3,0.0375,789,0,0
7,1,1,0.2,wave,0.075,3,0.043333333333333335,6577,65,11
7,1,2,0.2,wave,0.075,3,0.043333333333333335,6499,72,23
7,1,3,0.2,wave,0.075,3,0.043333333333333335,6439,96,34
7,1,4,0.2,wave,0.075,3,0.043333333333333335,6252,111,47
7,1,5,0.2,wave,0.075,3,0.043333333333333335,6130,154,51
7,1,6,0.2,wave,0.075,3,0.043333333333333335,5885,197,64
7,1,7,0.2,wave,0.075,3,0.043333333333333335,5701,254,83
7,1,8,0.2,wave,0.075,3,0.043333333333333335,5506,279,106
7,1,9,0.2,wave,0.075,3,0.043333333333333335,5298,322,117
7,1,10,0.2,wave,0.075,3,0.043333333333333335,5111,374,143
7,1,11,0.2,wave,0.075,3,0.043333333333333335,4956,387,169
7,1,12,0.2,wave,0.075,3,0.043333333333333335,4737,430,181
7,1,13,0.2,wave,0.075,3,0.043333333333333335,4604,470,186
7,1,14,0.2,wave,0.075,3,0.043333333333333335,4394,502,201
7,1,15,0.2,wave,0.075,3,0.043333333333333335,4251,495,226
7,1,16,0.2,wave,0.075,3,0.043333333333333335,4097,540,244
7,1,17,0.2,wave,0.075,3,0.043333333333333335,3944,524,254
7,1,18,0.2,wave,0.075,3,0.043333333333333335,3818,527,254
7,1,19,0.2,wave,0.075,3,0.043333333333333335,3626,525,255
7,1,20,0.2,wave,0.075,3,0.043333333333333335,5377,510,244
7,1,21,0.2,wave,0.075,3,0.043333333333333335,4880,598,238
7,1,22,0.2,wave,0.075,3,0.043333333333333335,4652,662,252
7,1,23,0.2,wave,0.075,3,0.043333333333333335,4495,695,287
7,1,24,0.2,wave,0.075,3,0.043333333333333335,4317,716,335
7,1,25,0.2,wave,0.075,3,0.043333333333333335,4206,770,358
7,1,26,0.2,wave,0.075,3,0.043333333333333335,4015,752,343
7,1,27,0.2,wave,0.075,3,0.043333333333333335,3915,722,339
7,1,28,0.2,wave,0.075,3,0.043333333333333335,3742,736,341
7,1,29,0.2,wave,0.075,3,0.043333333333333335,3529,677,314
7,1,30,0.2,wave,0.075,3,0.043333333333333335,3314,660,301
7,1,31,0.2,wave,0.075,3,0.043333333333333335,3207,635,314
7,1,32,0.2,wave,0.075,3,0.043333333333333335,3082,599,302
7,1,33,0.2,wave,0.075,3,0.043333333333333335,2938,583,294
7,1,34,0.2,wave,0.075,3,0.043333333333333335,2803,552,276
7,1,35,0.2,wave,0.075,3,0.043333333333333335,2673,517,272
7,1,36,0.2,wave,0.075,3,0.043333333333333335,2510,499,246
7,1,37,0.2,wave,0.075,3,0.043333333333333335,2395,452,221
7,1,38,0.2,wave,0.075,3,0.043333333333333335,2242,411,200
7,1,39,0.2,wave,0.075,3,0.043333333333333335,2156,390,199
7,1,40,0.2,wave,0.075,3,0.043333333333333335,2094,378,201
7,1,41,0.2,wave,0.075,3,0.043333333333333335,2006,334,183
7,1,42,0.2,wave,0.075,3,0.043333333333333335,1932,301,175
7,1,43,0.2,wave,0.075,3,0.043333333333333335,1868,275,160
7,1,44,0.2,wave,0.075,3,0.043333333333333335,1787,253,148
7,1,45,0.2,wave,0.075,3,0.043333333333333335,1735,234,125
7,1,46,0.2,wave,0.075,3,0.043333333333333335,1674,199,108
7,1,47,0.2,wave,0.075,3,0.043333333333333335,1632,169,99
7,1,48,0.2,wave,0.075,3,0.043333333333333335,1588,142,87
7,1,49,0.2,wave,0.075,3,0.043333333333333335,1549,125,79
7,1,50,0.2,wave,0.075,3,0.043333333333333335,1484,105,61
7,1,51,0.2,wave,0.075,3,0.043333333333333335,1449,87,51
7,1,52,0.2,wave,0.075,3,0.043333333333333335,1425,72,45
7,2,1,0.2,wave,0.075,3,0.043333333333333335,1390,65,43
7,2,2,0.2,wave,0.075,3,0.043333333333333335,1384,56,33
7,2,3,0.2,wave,0.075,3,0.043333333333333335,1349,46,22
7,2,4,0.2,wave,0.075,3,0.043333333333333335,1348,40,19
7,2,5,0.2,wave,0.075,3,0.043333333333333335,1333,37,17
7,2,6,0.2,wave,0.075,3,0.043333333333333335,1318,34,20
7,2,7,0.2,wave,0.075,3,0.043333333333333335,1298,29,16
7,2,8,0.2,wave,0.075,3,0.043333333333333335,1289,31,17
7,2,9,0.2,wave,0.075,3,0.043333333333333335,1277,26,15
7,2,10,0.2,wave,0.075,3,0.043333333333333335,1263,24,13
7,2,11,0.2,wave,0.075,3,0.043333333333333335,1251,21,12
7,2,12,0.2,wave,0.075,3,0.043333333333333335,1223,20,11
7,2,13,0.2,wave,0.075,3,0.043333333333333335,1222,17,9
7,2,14,0.2,wave,0.075,3,0.043333333333333335,1202,16,6
7,2,15,0.2,wave,0.075,3,0.043333333333333335,1210,13,6
7,2,16,0.2,wave,0.075,3,0.043333333333333335,1190,11,3
7,2,17,0.2,wave,0.075,3,0.043333333333333335,1197,13,5
7,2,18,0.2,wave,0.075,3,0.043333333333333335,1177,9,4
7,2,19,0.2,wave,0.075,3,0.043333333333333335,1177,12,6
7,2,20,0.2,wave,0.075,3,0.043333333333333335,1710,11,7
7,2,21,0.2,wave,0.075,3,0.043333333333333335,1725,11,7
7,2,22,0.2,wave,0.075,3,0.043333333333333335,1707,9,6
7,2,23,0.2,wave,0.075,3,0.043333333333333335,1686,8,7
7,2,24,0.2,wave,0.075,3,0.043333333333333335,1696,8,4
7,2,25,0.2,wave,0.075,3,0.043333333333333335,1679,8,4
7,2,26,0.2,wave,0.075,3,0.043333333333333335,1644,9,2
7,2,27,0.2,wave,0.075,3,0.043333333333333335,1630,14,4
7,2,28,0.2,wave,0.075,3,0.043333333333333335,1614,14,3
7,2,29,0.2,wave,0.075,3,0.043333333333333335,1603,16,5
7,2,30,0.2,wave,0.075,3,0.043333333333333335,1573,15,2
7,2,31,0.2,wave,0.075,3,0.043333333333333335,1549,15,5
7,2,32,0.2,wave,0.075,3,0.043333333333333335,1538,16,6
7,2,33,0.2,wave,0.075,3,0.043333333333333335,1525,21,10
7,2,34,0.2,wave,0.075,3,0.043333333333333335,1510,17,8
7,2,35,0.2,wave,0.075,3,0.043333333333333335,1492,16,8
7,2,36,0.2,wave,0.075,3,0.043333333333333335,1475,13,8
7,2,37,0.2,wave,0.075,3,0.043333333333333335,1473,14,8
7,2,38,0.2,wave,0.075,3,0.043333333333333335,1445,8,4
7,2,39,0.2,wave,0.075,3,0.043333333333333335,1419,15,5
7,2,40,0.2,wave,0.075,3,0.043333333333333335,1439,14,4
7,2,41,0.2,wave,0.075,3,0.043333333333333335,1417,16,7
7,2,42,0.2,wave,0.075,3,0.043333333333333335,1418,18,9
7,2,43,0.2,wave,0.075,3,0.043333333333333335,1400,18,9
7,2,44,0.2,wave,0.075,3,0.043333333333333335,1377,17,7
7,2,45,0.2,wave,0.075,3,0.043333333333333335,1357,18,8
7,2,46,0.2,wave,0.075,3,0.043333333333333335,1343,16,10
7,2,47,0.2,wave,0.075,3,0.043333333333333335,1329,13,8
7,2,48,0.2,wave,0.075,3,0.043333333333333335,1332,12,8
7,2,49,0.2,wave,0.075,3,0.043333333333333335,1308,10,4
7,2,50,0.2,wave,0.075,3,0.043333333333333335,1307,11,3
7,2,51,0.2,wave,0.075,3,0.043333333333333335,1273,8,4
7,2,52,0.2,wave,0.075,3,0.043333333333333335,1265,8,8
7,3,1,0.2,wave,0.075,3,0.043333333333333335,1241,10,7
7,3,2,0.2,wave,0.075,3,0.043333333333333335,1235,8,4
7,3,3,0.2,wave,0.075,3,0.043333333333333335,1212,5,3
7,3,4,0.2,wave,0.075,3,0.043333333333333335,1198,5,3
7,3,5,0.2,wave,0.075,3,0.043333333333333335,1192,7,4
7,3,6,0.2,wave,0.075,3,0.043333333333333335,1179,6,3
7,3,7,0.2,wave,0.075,3,0.043333333333333335,1164,7,3
7,3,8,0.2,wave,0.075,3,0.043333333333333335,1167,8,4
7,3,9,0.2,wave,0.075,3,0.043333333333333335,1148,7,3
7,3,10,0.2,wave,0.075,3,0.043333333333333335,1145,6,4
7,3,11,0.2,wave,0.075,3,0.043333333333333335,1115,5,3
7,3,12,0.2,wave,0.075,3,0.043333333333333335,1100,5,4
7,3,13,0.2,wave,0.075,3,0.043333333333333335,1072,6,3
7,3,14,0.2,wave,0.075,3,0.043333333333333335,1040,5,2
7,3,15,0.2,wave,0.075,3,0.043333333333333335,1021,3,1
7,3,16,0.2,wave,0.075,3,0.043333333333333335,1021,3,2
7,3,17,0.2,wave,0.075,3,0.043333333333333335,1013,2,2
7,3,18,0.2,wave,0.075,3,0.043333333333333335,1011,2,2
7,3,19,0.2,wave,0.075,3,0.043333333333333335,1002,1,1
7,3,20,0.2,wave,0.075,3,0.043333333333333335,1536,0,0
7,3,21,0.2,wave,0.075,3,0.043333333333333335,1489,0,0
7,3,22,0.2,wave,0.075,3,0.043333333333333335,1466,0,0
7,3,23,0.2,wave,0.075,3,0.043333333333333335,1422,0,0
7,3,24,0.2,wave,0.075,3,0.043333333333333335,1380,0,0
7,3,25,0.2,wave,0.075,3,0.043333333333333335,1393,0,0
7,3,26,0.2,wave,0.075,3,0.043333333333333335,1354,0,0
7,3,27,0.2,wave,0.075,3,0.043333333333333335,1325,0,0
7,3,28,0.2,wave,0.075,3,0.043333333333333335,1309,0,0
7,3,29,0.2,wave,0.075,3,0.043333333333333335,1302,0,0
7,3,30,0.2,wave,0.075,3,0.043333333333333335,1270,0,0
7,3,31,0.2,wave,0.075,3,0.043333333333333335,1247,0,0
7,3,32,0.2,wave,0.075,3,0.043333333333333335,1225,0,0
7,3,33,0.2,wave,0.075,3,0.043333333333333335,1218,0,0
7,3,34,0.2,wave,0.075,3,0.043333333333333335,1198,0,0
7,3,35,0.2,wave,0.075,3,0.043333333333333335,1173,0,0
7,3,36,0.2,wave,0.075,3,0.043333333333333335,1174,0,0
7,3,37,0.2,wave,0.075,3,0.043333333333333335,1173,0,0
7,3,38,0.2,wave,0.075,3,0.043333333333333335,1165,0,0
7,3,39,0.2,wave,0.075,3,0.043333333333333335,1170,0,0
7,3,40,0.2,wave,0.075,3,0.043333333333333335,1158,0,0
7,3,41,0.2,wave,0.075,3,0.043333333333333335,1160,0,0
7,3,42,0.2,wave,0.075,3,0.043333333333333335,1159,0,0
7,3,43,0.2,wave,0.075,3,0.043333333333333335,1151,0,0
7,3,44,0.2,wave,0.075,3,0.043333333333333335,1142,0,0
7,3,45,0.2,wave,0.075,3,0.043333333333333335,1141,0,0
7,3,46,0.2,wave,0.075,3,0.043333333333333335,1076,0,0
7,3,47,0.2,wave,0.075,3,0.043333333333333335,1079,0,0
7,3,48,0.2,wave,0.075,3,0.043333333333333335,1056,0,0
7,3,49,0.2,wave,0.075,3,0.043333333333333335,1051,0,0
7,3,50,0.2,wave,0.075,3,0.043333333333333335,1018,0,0
7,3,51,0.2,wave,0.075,3,0.043333333333333335,1016,0,0
7,3,52,0.2,wave,0.075,3,0.043333333333333335,995,0,0
7,4,1,0.2,wave,0.075,3,0.043333333333333335,978,0,0
7,4,2,0.2,wave,0.075,3,0.043333333333333335,963,0,0
7,4,3,0.2,wave,0.075,3,0.043333333333333335,943,0,0
7,4,4,0.2,wave,0.075,3,0.043333333333333335,933,0,0
7,4,5,0.2,wave,0.075,3,0.043333333333333335,930,0,0
7,4,6,0.2,wave,0.075,3,0.043333333333333335,920,0,0
7,4,7,0.2,wave,0.075,3,0.043333333333333335,911,0,0
7,4,8,0.2,wave,0.075,3,0.043333333333333335,895,0,0
7,4,9,0.2,wave,0.075,3,0.043333333333333335,896,0,0
7,4,10,0.2,wave,0.075,3,0.043333333333333335,884,0,0
7,4,11,0.2,wave,0.075,3,0.043333333333333335,886,0,0
7,4,12,0.2,wave,0.075,3,0.043333333333333335,876,0,0
7,4,13,0.2,wave,0.075,3,0.043333333333333335,866,0,0
7,4,14,0.2,wave,0.075,3,0.043333333333333335,860,0,0
7,4,15,0.2,wave,0.075,3,0.043333333333333335,860,0,0
7,4,16,0.2,wave,0.075,3,0.043333333333333335,852,0,0
7,4,17,0.2,wave,0.075,3,0.043333333333333335,854,0,0
7,4,18,0.2,wave,0.075,3,0.043333333333333335,851,0,0
7,4,19,0.2,wave,0.075,3,0.043333333333333335,848,0,0
7,4,20,0.2,wave,0.075,3,0.043333333333333335,1267,0,0
7,4,21,0.2,wave,0.075,3,0.043333333333333335,1282,0,0
7,4,22,0.2,wave,0.075,3,0.043333333333333335,1263,0,0
7,4,23,0.2,wave,0.075,3,0.043333333333333335,1228,0,0
7,4,24,0.2,wave,0.075,3,0.043333333333333335,1223,0,0
7,4,25,0.2,wave,0.075,3,0.043333333333333335,1164,0,0
7,4,26,0.2,wave,0.075,3,0.043333333333333335,1188,0,0
7,4,27,0.2,wave,0.075,3,0.043333333333333335,1197,0,0
7,4,28,0.2,wave,0.075,3,0.043333333333333335,1149,0,0
7,4,29,0.2,wave,0.075,3,0.043333333333333335,1127,0,0
7,4,30,0.2,wave,0.075,3,0.043333333333333335,1105,0,0
7,4,31,0.2,wave,0.075,3,0.043333333333333335,1093,0,0
7,4,32,0.2,wave,0.075,3,0.043333333333333335,1077,0,0
7,4,33,0.2,wave,0.075,3,0.043333333333333335,1050,0,0
7,4,34,0.2,wave,0.075,3,0.043333333333333335,1043,0,0
7,4,35,0.2,wave,0.075,3,0.043333333333333335,1023,0,0
7,4,36,0.2,wave,0.075,3,0.043333333333333335,989,0,0
7,4,37,0.2,wave,0.075,3,0.043333333333333335,987,0,0
7,4,38,0.2,wave,0.075,3,0.043333333333333335,975,0,0
7,4,39,0.2,wave,0.075,3,0.043333333333333335,960,0,0
7,4,40,0.2,wave,0.075,3,0.043333333333333335,971,0,0
7,4,41,0.2,wave,0.075,3,0.043333333333333335,964,0,0
7,4,42,0.2,wave,0.075,3,0.043333333333333335,951,0,0
7,4,43,0.2,wave,0.075,3,0.043333333333333335,934,0,0
7,4,44,0.2,wave,0.075,3,0.043333333333333335,922,0,0
7,4,45,0.2,wave,0.075,3,0.043333333333333335,921,0,0
7,4,46,0.2,wave,0.075,3,0.043333333333333335,910,0,0
7,4,47,0.2,wave,0.075,3,0.043333333333333335,906,0,0
7,4,48,0.2,wave,0.075,3,0.043333333333333335,895,0,0
7,4,49,0.2,wave,0.075,3,0.043333333333333335,886,0,0
7,4,50,0.2,wave,0.075,3,0.043333333333333335,875,0,0
7,4,51,0.2,wave,0.075,3,0.043333333333333335,855,0,0
7,4,52,0.2,wave,0.075,3,0.043333333333333335,849,0,0
7,5,1,0.2,wave,0.075,3,0.043333333333333335,842,0,0
7,5,2,0.2,wave,0.075,3,0.043333333333333335,831,0,0
7,5,3,0.2,wave,0.075,3,0.043333333333333335,823,0,0
7,5,4,0.2,wave,0.075,3,0.043333333333333335,820,0,0
7,5,5,0.2,wave,0.075,3,0.043333333333333335,808,0,0
7,5,6,0.2,wave,0.075,3,0.043333333333333335,807,0,0
7,5,7,0.2,wave,0.075,3,0.043333333333333335,802,0,0
7,5,8,0.2,wave,0.075,3,0.043333333333333335,800,0,0
7,5,9,0.2,wave,0.075,3,0.043333333333333335,772,0,0
7,5,10,0.2,wave,0.075,3,0.043333333333333335,780,0,0
7,5,11,0.2,wave,0.075,3,0.043333333333333335,771,0,0
7,5,12,0.2,wave,0.075,3,0.043333333333333335,778,0,0
7,5,13,0.2,wave,0.075,3,0.043333333333333335,765,0,0
7,5,14,0.2,wave,0.075,3,0.043333333333333335,761,0,0
7,5,15,0.2,wave,0.075,3,0.043333333333333335,753,0,0
7,5,16,0.2,wave,0.075,3,0.043333333333333335,759,0,0
7,5,17,0.2,wave,0.075,3,0.043333333333333335,745,0,0
7,5,18,0.2,wave,0.075,3,0.043333333333333335,750,0,0
7,5,19,0.2,wave,0.075,3,0.043333333333333335,738,0,0
7,5,20,0.2,wave,0.075,3,0.043333333333333335,1132,0,0
7,5,21,0.2,wave,0.075,3,0.043333333333333335,1098,0,0
7,5,22,0.2,wave,0.075,3,0.043333333333333335,1092,0,0
7,5,23,0.2,wave,0.075,3,0.043333333333333335,1079,0,0
7,5,24,0.2,wave,0.075,3,0.043333333333333335,1089,0,0
7,5,25,0.2,wave,0.075,3,0.043333333333333335,1070,0,0
7,5,26,0.2,wave,0.075,3,0.043333333333333335,1087,0,0
7,5,27,0.2,wave,0.075,3,0.043333333333333335,1053,0,0
7,5,28,0.2,wave,0.075,3,0.043333333333333335,1035,0,0
7,5,29,0.2,wave,0.075,3,0.043333333333333335,988,0,0
7,5,30,0.2,wave,0.075,3,0.043333333333333335,995,0,0
7,5,31,0.2,wave,0.075,3,0.043333333333333335,980,0,0
7,5,32,0.2,wave,0.075,3,0.043333333333333335,969,0,0
7,5,33,0.2,wave,0.075,3,0.043333333333333335,938,0,0
7,5,34,0.2,wave,0.075,3,0.043333333333333335,945,0,0
7,5,35,0.2,wave,0.075,3,0.043333333333333335,926,0,0
7,5,36,0.2,wave,0.075,3,0.043333333333333335,904,0,0
7,5,37,0.2,wave,0.075,3,0.043333333333333335,903,0,0
7,5,38,0.2,wave,0.075,3,0.043333333333333335,894,0,0
7,5,39,0.2,wave,0.075,3,0.043333333333333335,888,0,0
7,5,40,0.2,wave,0.075,3,0.043333333333333335,874,0,0
7,5,41,0.2,wave,0.075,3,0.043333333333333335,844,0,0
7,5,42,0.2,wave,0.075,3,0.043333333333333335,844,0,0
7,5,43,0.2,wave,0.075,3,0.043333333333333335,826,0,0
7,5,44,0.2,wave,0.075,3,0.043333333333333335,824,0,0
7,5,45,0.2,wave,0.075,3,0.043333333333333335,815,0,0
7,5,46,0.2,wave,0.075,3,0.043333333333333335,815,0,0
7,5,47,0.2,wave,0.075,3,0.043333333333333335,809,0,0
7,5,48,0.2,wave,0.075,3,0.043333333333333335,789,0,0
7,5,49,0.2,wave,0.075,3,0.043333333333333335,758,0,0
7,5,50,0.2,wave,0.075,3,0.043333333333333335,736,0,0
7,5,51,0.2,wave,0.075,3,0.043333333333333335,736,0,0
7,5,52,0.2,wave,0.075,3,0.043333333333333335,731,0,0
7,6,1,0.2,wave,0.075,3,0.043333333333333335,725,0,0
7,6,2,0.2,wave,0.075,3,0.043333333333333335,722,0,0
7,6,3,0.2,wave,0.075,3,0.043333333333333335,717,0,0
7,6,4,0.2,wave,0.075,3,0.043333333333333335,703,0,0
7,6,5,0.2,wave,0.075,3,0.043333333333333335,699,0,0
7,6,6,0.2,wave,0.075,3,0.043333333333333335,688,0,0
7,6,7,0.2,wave,0.075,3,0.043333333333333335,683,0,0
7,6,8,0.2,wave,0.075,3,0.043333333333333335,683,0,0
7,6,9,0.2,wave,0.075,3,0.043333333333333335,678,0,0
7,6,10,0.2,wave,0.075,3,0.043333333333333335,666,0,0
7,6,11,0.2,wave,0.075,3,0.043333333333333335,662,0,0
7,6,12,0.2,wave,0.075,3,0.043333333333333335,653,0,0
7,6,13,0.2,wave,0.075,3,0.043333333333333335,661,0,0
7,6,14,0.2,wave,0.075,3,0.043333333333333335,655,0,0
7,6,15,0.2,wave,0.075,3,0.043333333333333335,658,0,0
7,6,16,0.2,wave,0.075,3,0.043333333333333335,650,0,0
7,6,17,0.2,wave,0.075,3,0.043333333333333335,645,0,0
7,6,18,0.2,wave,0.075,3,0.043333333333333335,644,0,0
7,6,19,0.2,wave,0.075,3,0.043333333333333335,639,0,0
7,6,20,0.2,wave,0.075,3,0.043333333333333335,972,0,0
7,6,21,0.2,wave,0.075,3,0.043333333333333335,969,0,0
7,6,22,0.2,wave,0.075,3,0.043333333333333335,956,0,0
7,6,23,0.2,wave,0.075,3,0.043333333333333335,951,0,0
7,6,24,0.2,wave,0.075,3,0.043333333333333335,935,0,0
7,6,25,0.2,wave,0.075,3,0.043333333333333335,919,0,0
7,6,26,0.2,wave,0.075,3,0.043333333333333335,934,0,0
7,6,27,0.2,wave,0.075,3,0.043333333333333335,923,0,0
7,6,28,0.2,wave,0.075,3,0.043333333333333335,908,0,0
7,6,29,0.2,wave,0.075,3,0.043333333333333335,875,0,0
7,6,30,0.2,wave,0.075,3,0.043333333333333335,892,0,0
7,6,31,0.2,wave,0.075,3,0.043333333333333335,869,0,0
7,6,32,0.2,wave,0.075,3,0.043333333333333335,868,0,0
7,6,33,0.2,wave,0.075,3,0.043333333333333335,857,0,0
7,6,34,0.2,wave,0.075,3,0.043333333333333335,849,0,0
7,6,35,0.2,wave,0.075,3,0.043333333333333335,848,0,0
7,6,36,0.2,wave,0.075,3,0.043333333333333335,836,0,0
7,6,37,0.2,wave,0.075,3,0.043333333333333335,833,0,0
7,6,38,0.2,wave,0.075,3,0.043333333333333335,837,0,0
7,6,39,0.2,wave,0.075,3,0.043333333333333335,834,0,0
7,6,40,0.2,wave,0.075,3,0.043333333333333335,846,0,0
7,6,41,0.2,wave,0.075,3,0.043333333333333335,837,0,0
7,6,42,0.2,wave,0.075,3,0.043333333333333335,837,0,0
7,6,43,0.2,wave,0.075,3,0.043333333333333335,825,0,0
7,6,44,0.2,wave,0.075,3,0.043333333333333335,827,0,0
7,6,45,0.2,wave,0.075,3,0.043333333333333335,814,0,0
7,6,46,0.2,wave,0.075,3,0.043333333333333335,815,0,0
7,6,47,0.2,wave,0.075,3,0.043333333333333335,791,0,0
7,6,48,0.2,wave,0.075,3,0.043333333333333335,788,0,0
7,6,49,0.2,wave,0.075,3,0.043333333333333335,782,0,0
7,6,50,0.2,wave,0.075,3,0.043333333333333335,781,0,0
7,6,51,0.2,wave,0.075,3,0.043333333333333335,771,0,0
7,6,52,0.2,wave,0.075,3,0.043333333333333335,754,0,0
7,7,1,0.2,wave,0.075,3,0.043333333333333335,748,0,0
7,7,2,0.2,wave,0.075,3,0.043333333333333335,741,0,0
7,7,3,0.2,wave,0.075,3,0.043333333333333335,744,0,0
7,7,4,0.2,wave,0.075,3,0.043333333333333335,739,0,0
7,7,5,0.2,wave,0.075,3,0.043333333333333335,736,0,0
7,7,6,0.2,wave,0.075,3,0.043333333333333335,733,0,0
7,7,7,0.2,wave,0.075,3,0.043333333333333335,730,0,0
7,7,8,0.2,wave,0.075,3,0.043333333333333335,728,0,0
7,7,9,0.2,wave,0.075,3,0.043333333333333335,729,0,0
7,7,10,0.2,wave,0.075,3,0.043333333333333335,723,0,0
7,7,11,0.2,wave,0.075,3,0.043333333333333335,728,0,0
7,7,12,0.2,wave,0.075,3,0.043333333333333335,726,0,0
7,7,13,0.2,wave,0.075,3,0.043333333333333335,725,0,0
7,7,14,0.2,wave,0.075,3,0.043333333333333335,722,0,0
7,7,15,0.2,wave,0.075,3,0.043333333333333335,723,0,0
7,7,16,0.2,wave,0.075,3,0.043333333333333335,719,0,0
7,7,17,0.2,wave,0.075,3,0.043333333333333335,721,0,0
7,7,18,0.2,wave,0.075,3,0.043333333333333335,719,0,0
7,7,19,0.2,wave,0.075,3,0.043333333333333335,722,0,0
7,7,20,0.2,wave,0.075,3,0.043333333333333335,1090,0,0
7,7,21,0.2,wave,0.075,3,0.043333333333333335,1069,0,0
7,7,22,0.2,wave,0.075,3,0.043333333333333335,1061,0,0
7,7,23,0.2,wave,0.075,3,0.043333333333333335,1050,0,0
7,7,24,0.2,wave,0.075,3,0.043333333333333335,1055,0,0
7,7,25,0.2,wave,0.075,3,0.043333333333333335,1051,0,0
7,7,26,0.2,wave,0.075,3,0.043333333333333335,1042,0,0
7,7,27,0.2,wave,0.075,3,0.043333333333333335,1027,0,0
7,7,28,0.2,wave,0.075,3,0.043333333333333335,997,0,0
7,7,29,0.2,wave,0.075,3,0.043333333333333335,957,0,0
7,7,30,0.2,wave,0.075,3,0.043333333333333335,943,0,0
7,7,31,0.2,wave,0.075,3,0.043333333333333335,919,0,0
7,7,32,0.2,wave,0.075,3,0.043333333333333335,911,0,0
7,7,33,0.2,wave,0.075,3,0.043333333333333335,910,0,0
7,7,34,0.2,wave,0.075,3,0.043333333333333335,908,0,0
7,7,35,0.2,wave,0.075,3,0.043333333333333335,895,0,0
7,7,36,0.2,wave,0.075,3,0.043333333333333335,877,0,0
7,7,37,0.2,wave,0.075,3,0.043333333333333335,876,0,0
7,7,38,0.2,wave,0.075,3,0.043333333333333335,883,0,0
7,7,39,0.2,wave,0.075,3,0.043333333333333335,873,0,0
7,7,40,0.2,wave,0.075,3,0.043333333333333335,867,0,0
7,7,41,0.2,wave,0.075,3,0.043333333333333335,865,0,0
7,7,42,0.2,wave,0.075,3,0.043333333333333335,858,0,0
7,7,43,0.2,wave,0.075,3,0.043333333333333335,858,0,0
7,7,44,0.2,wave,0.075,3,0.043333333333333335,844,0,0
7,7,45,0.2,wave,0.075,3,0.043333333333333335,831,0,0
7,7,46,0.2,wave,0.075,3,0.043333333333333335,814,0,0
7,7,47,0.2,wave,0.075,3,0.043333333333333335,810,0,0
7,7,48,0.2,wave,0.075,3,0.043333333333333335,800,0,0
7,7,49,0.2,wave,0.075,3,0.043333333333333335,802,0,0
7,7,50,0.2,wave,0.075,3,0.043333333333333335,774,0,0
7,7,51,0.2,wave,0.075,3,0.043333333333333335,780,0,0
7,7,52,0.2,wave,0.075,3,0.043333333333333335,774,0,0
7,8,1,0.2,wave,0.075,3,0.043333333333333335,768,0,0
7,8,2,0.2,wave,0.075,3,0.043333333333333335,768,0,0
7,8,3,0.2,wave,0.075,3,0.043333333333333335,767,0,0
7,8,4,0.2,wave,0.075,3,0.043333333333333335,767,0,0
7,8,5,0.2,wave,0.075,3,0.043333333333333335,750,0,0
7,8,6,0.2,wave,0.075,3,0.043333333333333335,734,0,0
7,8,7,0.2,wave,0.075,3,0.043333333333333335,728,0,0
7,8,8,0.2,wave,0.075,3,0.043333333333333335,729,0,0
7,8,9,0.2,wave,0.075,3,0.043333333333333335,731,0,0
7,8,10,0.2,wave,0.075,3,0.043333333333333335,731,0,0
7,8,11,0.2,wave,0.075,3,0.043333333333333335,719,0,0
7,8,12,0.2,wave,0.075,3,0.043333333333333335,722,0,0
7,8,13,0.2,wave,0.075,3,0.043333333333333335,719,0,0
7,8,14,0.2,wave,0.075,3,0.043333333333333335,711,0,0
7,8,15,0.2,wave,0.075,3,0.043333333333333335,715,0,0
7,8,16,0.2,wave,0.075,3,0.043333333333333335,710,0,0
7,8,17,0.2,wave,0.075,3,0.043333333333333335,712,0,0
7,8,18,0.2,wave,0.075,3,0.043333333333333335,710,0,0
7,8,19,0.2,wave,0.075,3,0.043333333333333335,712,0,0
7,8,20,0.2,wave,0.075,3,0.043333333333333335,1039,0,0
7,8,21,0.2,wave,0.075,3,0.043333333333333335,1025,0,0
7,8,22,0.2,wave,0.075,3,0.043333333333333335,1015,0,0
7,8,23,0.2,wave,0.075,3,0.043333333333333335,1022,0,0
7,8,24,0.2,wave,0.075,3,0.043333333333333335,1002,0,0
7,8,25,0.2,wave,0.075,3,0.043333333333333335,1009,0,0
7,8,26,0.2,wave,0.075,3,0.043333333333333335,1002,0,0
7,8,27,0.2,wave,0.075,3,0.043333333333333335,1008,0,0
7,8,28,0.2,wave,0.075,3,0.043333333333333335,999,0,0
7,8,29,0.2,wave,0.075,3,0.043333333333333335,963,0,0
7,8,30,0.2,wave,0.075,3,0.043333333333333335,936,0,0
7,8,31,0.2,wave,0.075,3,0.043333333333333335,946,0,0
7,8,32,0.2,wave,0.075,3,0.043333333333333335,926,0,0
7,8,33,0.2,wave,0.075,3,0.043333333333333335,911,0,0
7,8,34,0.2,wave,0.075,3,0.043333333333333335,902,0,0
7,8,35,0.2,wave,0.075,3,0.043333333333333335,898,0,0
7,8,36,0.2,wave,0.075,3,0.043333333333333335,889,0,0
7,8,37,0.2,wave,0.075,3,0.043333333333333335,886,0,0
7,8,38,0.2,wave,0.075,3,0.043333333333333335,893,0,0
7,8,39,0.2,wave,0.075,3,0.043333333333333335,888,0,0
7,8,40,0.2,wave,0.075,3,0.043333333333333335,892,0,0
7,8,41,0.2,wave,0.075,3,0.043333333333333335,885,0,0
7,8,42,0.2,wave,0.075,3,0.043333333333333335,892,0,0
7,8,43,0.2,wave,0.075,3,0.043333333333333335,885,0,0
7,8,44,0.2,wave,0.075,3,0.043333333333333335,882,0,0
7,8,45,0.2,wave,0.075,3,0.043333333333333335,860,0,0
7,8,46,0.2,wave,0.075,3,0.043333333333333335,870,0,0
7,8,47,0.2,wave,0.075,3,0.043333333333333335,860,0,0
7,8,48,0.2,wave,0.075,3,0.043333333333333335,865,0,0
7,8,49,0.2,wave,0.075,3,0.043333333333333335,857,0,0
7,8,50,0.2,wave,0.075,3,0.043333333333333335,864,0,0
7,8,51,0.2,wave,0.075,3,0.043333333333333335,855,0,0
7,8,52,0.2,wave,0.075,3,0.043333333333333335,864,0,0
7,9,1,0.2,wave,0.075,3,0.043333333333333335,853,0,0
7,9,2,0.2,wave,0.075,3,0.043333333333333335,858,0,0
7,9,3,0.2,wave,0.075,3,0.043333333333333335,847,0,0
7,9,4,0.2,wave,0.075,3,0.043333333333333335,856,0,0
7,9,5,0.2,wave,0.075,3,0.043333333333333335,844,0,0
7,9,6,0.2,wave,0.075,3,0.043333333333333335,843,0,0
7,9,7,0.2,wave,0.075,3,0.043333333333333335,833,0,0
7,9,8,0.2,wave,0.075,3,0.043333333333333335,841,0,0
7,9,9,0.2,wave,0.075,3,0.043333333333333335,817,0,0
7,9,10,0.2,wave,0.075,3,0.043333333333333335,824,0,0
7,9,11,0.2,wave,0.075,3,0.043333333333333335,818,0,0
7,9,12,0.2,wave,0.075,3,0.043333333333333335,828,0,0
7,9,13,0.2,wave,0.075,3,0.043333333333333335,817,0,0
7,9,14,0.2,wave,0.075,3,0.043333333333333335,814,0,0
7,9,15,0.2,wave,0.075,3,0.043333333333333335,813,0,0
7,9,16,0.2,wave,0.075,3,0.043333333333333335,811,0,0
7,9,17,0.2,wave,0.075,3,0.043333333333333335,813,0,0
7,9,18,0.2,wave,0.075,3,0.043333333333333335,808,0,0
7,9,19,0.2,wave,0.075,3,0.043333333333333335,800,0,0
7,9,20,0.2,wave,0.075,3,0.043333333333333335,1166,0,0
7,9,21,0.2,wave,0.075,3,0.043333333333333335,1162,0,0
7,9,22,0.2,wave,0.075,3,0.043333333333333335,1125,0,0
7,9,23,0.2,wave,0.075,3,0.043333333333333335,1123,0,0
7,9,24,0.2,wave,0.075,3,0.043333333333333335,1084,0,0
7,9,25,0.2,wave,0.075,3,0.043333333333333335,1043,0,0
7,9,26,0.2,wave,0.075,3,0.043333333333333335,1015,0,0
7,9,27,0.2,wave,0.075,3,0.043333333333333335,1019,0,0
7,9,28,0.2,wave,0.075,3,0.043333333333333335,1014,0,0
7,9,29,0.2,wave,0.075,3,0.043333333333333335,1007,0,0
7,9,30,0.2,wave,0.075,3,0.043333333333333335,964,0,0
7,9,31,0.2,wave,0.075,3,0.043333333333333335,975,0,0
7,9,32,0.2,wave,0.075,3,0.043333333333333335,963,0,0
7,9,33,0.2,wave,0.075,3,0.043333333333333335,962,0,0
7,9,34,0.2,wave,0.075,3,0.043333333333333335,950,0,0
7,9,35,0.2,wave,0.075,3,0.043333333333333335,954,0,0
7,9,36,0.2,wave,0.075,3,0.043333333333333335,947,0,0
7,9,37,0.2,wave,0.075,3,0.043333333333333335,951,0,0
7,9,38,0.2,wave,0.075,3,0.043333333333333335,951,0,0
7,9,39,0.2,wave,0.075,3,0.043333333333333335,942,0,0
7,9,40,0.2,wave,0.075,3,0.043333333333333335,944,0,0
7,9,41,0.2,wave,0.075,3,0.043333333333333335,939,0,0
7,9,42,0.2,wave,0.075,3,0.043333333333333335,941,0,0
7,9,43,0.2,wave,0.075,3,0.043333333333333335,935,0,0
7,9,44,0.2,wave,0.075,3,0.043333333333333335,937,0,0
7,9,45,0.2,wave,0.075,3,0.043333333333333335,936,0,0
7,9,46,0.2,wave,0.075,3,0.043333333333333335,936,0,0
7,9,47,0.2,wave,0.075,3,0.043333333333333335,937,0,0
7,9,48,0.2,wave,0.075,3,0.043333333333333335,931,0,0
7,9,49,0.2,wave,0.075,3,0.043333333333333335,934,0,0
7,9,50,0.2,wave,0.075,3,0.043333333333333335,920,0,0
7,9,51,0.2,wave,0.075,3,0.043333333333333335,919,0,0
7,9,52,0.2,wave,0.075,3,0.043333333333333335,914,0,0
7,10,1,0.2,wave,0.075,3,0.043333333333333335,908,0,0
7,10,2,0.2,wave,0.075,3,0.043333333333333335,894,0,0
7,10,3,0.2,wave,0.075,3,0.043333333333333335,893,0,0
7,10,4,0.2,wave,0.075,3,0.043333333333333335,880,0,0
7,10,5,0.2,wave,0.075,3,0.043333333333333335,881,0,0
7,10,6,0.2,wave,0.075,3,0.043333333333333335,867,0,0
7,10,7,0.2,wave,0.075,3,0.043333333333333335,869,0,0
7,10,8,0.2,wave,0.075,3,0.043333333333333335,868,0,0
7,10,9,0.2,wave,0.075,3,0.043333333333333335,870,0,0
7,10,10,0.2,wave,0.075,3,0.043333333333333335,869,0,0
7,10,11,0.2,wave,0.075,3,0.043333333333333335,868,0,0
7,10,12,0.2,wave,0.075,3,0.043333333333333335,860,0,0
7,10,13,0.2,wave,0.075,3,0.043333333333333335,858,0,0
7,10,14,0.2,wave,0.075,3,0.043333333333333335,857,0,0
7,10,15,0.2,wave,0.075,3,0.043333333333333335,858,0,0
7,10,16,0.2,wave,0.075,3,0.043333333333333335,859,0,0
7,10,17,0.2,wave,0.075,3,0.043333333333333335,857,0,0
7,10,18,0.2,wave,0.075,3,0.043333333333333335,858,0,0
7,10,19,0.2,wave,0.075,3,0.043333333333333335,856,0,0
7,10,20,0.2,wave,0.075,3,0.043333333333333335,1214,0,0
7,10,21,0.2,wave,0.075,3,0.043333333333333335,1192,0,0
7,10,22,0.2,wave,0.075,3,0.043333333333333335,1166,0,0
7,10,23,0.2,wave,0.075,3,0.043333333333333335,1159,0,0
7,10,24,0.2,wave,0.075,3,0.043333333333333335,1138,0,0
7,10,25,0.2,wave,0.075,3,0.043333333333333335,1078,0,0
7,10,26,0.2,wave,0.075,3,0.043333333333333335,1059,0,0
7,10,27,0.2,wave,0.075,3,0.043333333333333335,1037,0,0
7,10,28,0.2,wave,0.075,3,0.043333333333333335,1007,0,0
7,10,29,0.2,wave,0.075,3,0.043333333333333335,1002,0,0
7,10,30,0.2,wave,0.075,3,0.043333333333333335,1007,0,0
7,10,31,0.2,wave,0.075,3,0.043333333333333335,1002,0,0
7,10,32,0.2,wave,0.075,3,0.043333333333333335,991,0,0
7,10,33,0.2,wave,0.075,3,0.043333333333333335,960,0,0
7,10,34,0.2,wave,0.075,3,0.043333333333333335,955,0,0
7,10,35,0.2,wave,0.075,3,0.043333333333333335,930,0,0
7,10,36,0.2,wave,0.075,3,0.043333333333333335,937,0,0
7,10,37,0.2,wave,0.075,3,0.043333333333333335,914,0,0
7,10,38,0.2,wave,0.075,3,0.043333333333333335,908,0,0
7,10,39,0.2,wave,0.075,3,0.043333333333333335,901,0,0
7,10,40,0.2,wave,0.075,3,0.043333333333333335,909,0,0
7,10,41,0.2,wave,0.075,3,0.043333333333333335,896,0,0
7,10,42,0.2,wave,0.075,3,0.043333333333333335,902,0,0
7,10,43,0.2,wave,0.075,3,0.043333333333333335,879,0,0
7,10,44,0.2,wave,0.075,3,0.043333333333333335,887,0,0
7,10,45,0.2,wave,0.075,3,0.043333333333333335,877,0,0
7,10,46,0.2,wave,0.075,3,0.043333333333333335,885,0,0
7,10,47,0.2,wave,0.075,3,0.043333333333333335,880,0,0
7,10,48,0.2,wave,0.075,3,0.043333333333333335,887,0,0
7,10,49,0.2,wave,0.075,3,0.043333333333333335,879,0,0
7,10,50,0.2,wave,0.075,3,0.043333333333333335,887,0,0
7,10,51,0.2,wave,0.075,3,0.043333333333333335,878,0,0
7,10,52,0.2,wave,0.075,3,0.043333333333333335,886,0,0
8,1,1,0.2,wave,0.075,3,0.020555555555555556,6543,71,8
8,1,2,0.2,wave,0.075,3,0.020555555555555556,6557,77,21
8,1,3,0.2,wave,0.075,3,0.020555555555555556,6430,97,39
8,1,4,0.2,wave,0.075,3,0.020555555555555556,6296,137,52
8,1,5,0.2,wave,0.075,3,0.020555555555555556,6158,187,60
8,1,6,0.2,wave,0.075,3,0.020555555555555556,5910,236,68
8,1,7,0.2,wave,0.075,3,0.020555555555555556,5692,272,88
8,1,8,0.2,wave,0.075,3,0.020555555555555556,5440,310,115
8,1,9,0.2,wave,0.075,3,0.020555555555555556,5294,348,138
8,1,10,0.2,wave,0.075,3,0.020555555555555556,4994,391,157
8,1,11,0.2,wave,0.075,3,0.020555555555555556,4763,449,164
8,1,12,0.2,wave,0.075,3,0.020555555555555556,4564,479,185
8,1,13,0.2,wave,0.075,3,0.020555555555555556,4388,493,212
8,1,14,0.2,wave,0.075,3,0.020555555555555556,4283,528,237
8,1,15,0.2,wave,0.075,3,0.020555555555555556,4110,518,252
8,1,16,0.2,wave,0.075,3,0.020555555555555556,3986,519,260
8,1,17,0.2,wave,0.075,3,0.020555555555555556,3837,494,249
8,1,18,0.2,wave,0.075,3,0.020555555555555556,3699,458,236
8,1,19,0.2,wave,0.075,3,0.020555555555555556,3540,434,221
8,1,20,0.2,wave,0.075,3,0.020555555555555556,5082,413,208
8,1,21,0.2,wave,0.075,3,0.020555555555555556,4743,452,191
8,1,22,0.2,wave,0.075,3,0.020555555555555556,4613,489,191
8,1,23,0.2,wave,0.075,3,0.020555555555555556,4422,463,194
8,1,24,0.2,wave,0.075,3,0.020555555555555556,4318,484,199
8,1,25,0.2,wave,0.075,3,0.020555555555555556,4181,531,202
8,1,26,0.2,wave,0.075,3,0.020555555555555556,4128,556,232
8,1,27,0.2,wave,0.075,3,0.020555555555555556,3994,601,240
8,1,28,0.2,wave,0.075,3,0.020555555555555556,3797,596,265
8,1,29,0.2,wave,0.075,3,0.020555555555555556,3554,596,273
8,1,30,0.2,wave,0.075,3,0.020555555555555556,3442,617,286
8,1,31,0.2,wave,0.075,3,0.020555555555555556,3232,585,263
8,1,32,0.2,wave,0.075,3,0.020555555555555556,3091,565,258
8,1,33,0.2,wave,0.075,3,0.020555555555555556,2923,535,250
8,1,34,0.2,wave,0.075,3,0.020555555555555556,2784,497,249
8,1,35,0.2,wave,0.075,3,0.020555555555555556,2659,497,240
8,1,36,0.2,wave,0.075,3,0.020555555555555556,2532,473,233
8,1,37,0.2,wave,0.075,3,0.020555555555555556,2411,447,213
8,1,38,0.2,wave,0.075,3,0.020555555555555556,2302,417,216
8,1,39,0.2,wave,0.075,3,0.020555555555555556,2187,380,198
8,1,40,0.2,wave,0.075,3,0.020555555555555556,2127,370,198
8,1,41,0.2,wave,0.075,3,0.020555555555555556,2041,327,177
8,1,42,0.2,wave,0.075,3,0.020555555555555556,1958,292,156
8,1,43,0.2,wave,0.075,3,0.020555555555555556,1887,257,143
8,1,44,0.2,wave,0.075,3,0.020555555555555556,1823,237,121
8,1,45,0.2,wave,0.075,3,0.020555555555555556,1755,211,115
8,1,46,0.2,wave,0.075,3,0.020555555555555556,1692,172,103
8,1,47,0.2,wave,0.075,3,0.020555555555555556,1648,157,99
8,1,48,0.2,wave,0.075,3,0.020555555555555556,1596,129,80
8,1,49,0.2,wave,0.075,3,0.020555555555555556,1538,91,57
8,1,50,0.2,wave,0.075,3,0.020555555555555556,1510,75,47
8,1,51,0.2,wave,0.075,3,0.020555555555555556,1478,60,43
8,1,52,0.2,wave,0.075,3,0.020555555555555556,1443,42,29
8,2,1,0.2,wave,0.075,3,0.020555555555555556,1425,38,22
8,2,2,0.2,wave,0.075,3,0.020555555555555556,1398,25,12
8,2,3,0.2,wave,0.075,3,0.020555555555555556,1383,23,7
8,2,4,0.2,wave,0.075,3,0.020555555555555556,1372,19,7
8,2,5,0.2,wave,0.075,3,0.020555555555555556,1358,20,10
8,2,6,0.2,wave,0.075,3,0.020555555555555556,1349,18,10
8,2,7,0.2,wave,0.075,3,0.020555555555555556,1336,13,7
8,2,8,0.2,wave,0.075,3,0.020555555555555556,1329,14,9
8,2,9,0.2,wave,0.075,3,0.020555555555555556,1319,8,6
8,2,10,0.2,wave,0.075,3,0.020555555555555556,1317,10,7
8,2,11,0.2,wave,0.075,3,0.020555555555555556,1306,9,6
8,2,12,0.2,wave,0.075,3,0.020555555555555556,1296,7,5
8,2,13,0.2,wave,0.075,3,0.020555555555555556,1265,6,3
8,2,14,0.2,wave,0.075,3,0.020555555555555556,1250,6,2
8,2,15,0.2,wave,0.075,3,0.020555555555555556,1236,5,2
8,2,16,0.2,wave,0.075,3,0.020555555555555556,1236,5,2
8,2,17,0.2,wave,0.075,3,0.020555555555555556,1231,4,2
8,2,18,0.2,wave,0.075,3,0.020555555555555556,1225,3,2
8,2,19,0.2,wave,0.075,3,0.020555555555555556,1221,4,3
8,2,20,0.2,wave,0.075,3,0.020555555555555556,1800,4,3
8,2,21,0.2,wave,0.075,3,0.020555555555555556,1765,4,2
8,2,22,0.2,wave,0.075,3,0.020555555555555556,1729,7,1
8,2,23,0.2,wave,0.075,3,0.020555555555555556,1720,6,3
8,2,24,0.2,wave,0.075,3,0.020555555555555556,1694,9,4
8,2,25,0.2,wave,0.075,3,0.020555555555555556,1682,14,6
8,2,26,0.2,wave,0.075,3,0.020555555555555556,1662,14,3
8,2,27,0.2,wave,0.075,3,0.020555555555555556,1641,15,6
8,2,28,0.2,wave,0.075,3,0.020555555555555556,1627,13,7
8,2,29,0.2,wave,0.075,3,0.020555555555555556,1625,16,8
8,2,30,0.2,wave,0.075,3,0.020555555555555556,1601,14,7
8,2,31,0.2,wave,0.075,3,0.020555555555555556,1567,11,6
8,2,32,0.2,wave,0.075,3,0.020555555555555556,1528,10,6
8,2,33,0.2,wave,0.075,3,0.020555555555555556,1504,9,6
8,2,34,0.2,wave,0.075,3,0.020555555555555556,1463,9,3
8,2,35,0.2,wave,0.075,3,0.020555555555555556,1457,10,4
8,2,36,0.2,wave,0.075,3,0.020555555555555556,1414,10,3
8,2,37,0.2,wave,0.075,3,0.020555555555555556,1422,12,5
8,2,38,0.2,wave,0.075,3,0.020555555555555556,1400,12,5
8,2,39,0.2,wave,0.075,3,0.020555555555555556,1393,11,7
8,2,40,0.2,wave,0.075,3,0.020555555555555556,1383,14,7
8,2,41,0.2,wave,0.075,3,0.020555555555555556,1357,14,7
8,2,42,0.2,wave,0.075,3,0.020555555555555556,1348,11,4
8,2,43,0.2,wave,0.075,3,0.020555555555555556,1335,12,6
8,2,44,0.2,wave,0.075,3,0.020555555555555556,1321,12,8
8,2,45,0.2,wave,0.075,3,0.020555555555555556,1307,11,9
8,2,46,0.2,wave,0.075,3,0.020555555555555556,1299,8,6
8,2,47,0.2,wave,0.075,3,0.020555555555555556,1281,5,2
8,2,48,0.2,wave,0.075,3,0.020555555555555556,1259,3,0
8,2,49,0.2,wave,0.075,3,0.020555555555555556,1265,3,2
8,2,50,0.2,wave,0.075,3,0.020555555555555556,1247,3,2
8,2,51,0.2,wave,0.075,3,0.020555555555555556,1221,5,3
8,2,52,0.2,wave,0.075,3,0.020555555555555556,1198,4,1
8,3,1,0.2,wave,0.075,3,0.020555555555555556,1206,4,3
8,3,2,0.2,wave,0.075,3,0.020555555555555556,1182,3,3
8,3,3,0.2,wave,0.075,3,0.020555555555555556,1189,4,3
8,3,4,0.2,wave,0.075,3,0.020555555555555556,1150,2,1
8,3,5,0.2,wave,0.075,3,0.020555555555555556,1140,1,0
8,3,6,0.2,wave,0.075,3,0.020555555555555556,1117,1,0
8,3,7,0.2,wave,0.075,3,0.020555555555555556,1122,1,1
8,3,8,0.2,wave,0.075,3,0.020555555555555556,1094,1,1
8,3,9,0.2,wave,0.075,3,0.020555555555555556,1094,1,1
8,3,10,0.2,wave,0.075,3,0.020555555555555556,1091,0,0
8,3,11,0.2,wave,0.075,3,0.020555555555555556,1089,0,0
8,3,12,0.2,wave,0.075,3,0.020555555555555556,1078,0,0
8,3,13,0.2,wave,0.075,3,0.020555555555555556,1067,0,0
8,3,14,0.2,wave,0.075,3,0.020555555555555556,1052,0,0
8,3,15,0.2,wave,0.075,3,0.020555555555555556,1055,0,0
8,3,16,0.2,wave,0.075,3,0.020555555555555556,1044,0,0
8,3,17,0.2,wave,0.075,3,0.020555555555555556,1039,0,0
8,3,18,0.2,wave,0.075,3,0.020555555555555556,1037,0,0
8,3,19,0.2,wave,0.075,3,0.020555555555555556,1035,0,0
8,3,20,0.2,wave,0.075,3,0.020555555555555556,1499,0,0
8,3,21,0.2,wave,0.075,3,0.020555555555555556,1479,0,0
8,3,22,0.2,wave,0.075,3,0.020555555555555556,1445,0,0
8,3,23,0.2,wave,0.075,3,0.020555555555555556,1452,0,0
8,3,24,0.2,wave,0.075,3,0.020555555555555556,1405,0,0
8,3,25,0.2,wave,0.075,3,0.020555555555555556,1377,0,0
8,3,26,0.2,wave,0.075,3,0.020555555555555556,1379,0,0
8,3,27,0.2,wave,0.075,3,0.020555555555555556,1381,0,0
8,3,28,0.2,wave,0.075,3,0.020555555555555556,1330,0,0
8,3,29,0.2,wave,0.075,3,0.020555555555555556,1342,0,0
8,3,30,0.2,wave,0.075,3,0.020555555555555556,1329,0,0
8,3,31,0.2,wave,0.075,3,0.020555555555555556,1326,0,0
8,3,32,0.2,wave,0.075,3,0.020555555555555556,1314,0,0
8,3,33,0.2,wave,0.075,3,0.020555555555555556,1296,0,0
8,3,34,0.2,wave,0.075,3,0.020555555555555556,1295,0,0
8,3,35,0.2,wave,0.075,3,0.020555555555555556,1284,0,0
8,3,36,0.2,wave,0.075,3,0.020555555555555556,1273,0,0
8,3,37,0.2,wave,0.075,3,0.020555555555555556,1267,0,0
8,3,38,0.2,wave,0.075,3,0.020555555555555556,1241,0,0
8,3,39,0.2,wave,0.075,3,0.020555555555555556,1233,0,0
8,3,40,0.2,wave,0.075,3,0.020555555555555556,1210,0,0
8,3,41,0.2,wave,0.075,3,0.020555555555555556,1194,0,0
8,3,42,0.2,wave,0.075,3,0.020555555555555556,1185,0,0
8,3,43,0.2,wave,0.075,3,0.020555555555555556,1179,0,0
8,3,44,0.2,wave,0.075,3,0.020555555555555556,1156,0,0
8,3,45,0.2,wave,0.075,3,0.020555555555555556,1141,0,0
8,3,46,0.2,wave,0.075,3,0.020555555555555556,1137,0,0
8,3,47,0.2,wave,0.075,3,0.020555555555555556,1122,0,0
8,3,48,0.2,wave,0.075,3,0.020555555555555556,1090,0,0
8,3,49,0.2,wave,0.075,3,0.020555555555555556,1080,0,0
8,3,50,0.2,wave,0.075,3,0.020555555555555556,1062,0,0
8,3,51,0.2,wave,0.075,3,0.020555555555555556,1052,0,0
8,3,52,0.2,wave,0.075,3,0.020555555555555556,1044,0,0
8,4,1,0.2,wave,0.075,3,0.020555555555555556,1025,0,0
8,4,2,0.2,wave,0.075,3,0.020555555555555556,1025,0,0
8,4,3,0.2,wave,0.075,3,0.020555555555555556,1004,0,0
8,4,4,0.2,wave,0.075,3,0.020555555555555556,1009,0,0
8,4,5,0.2,wave,0.075,3,0.020555555555555556,990,0,0
8,4,6,0.2,wave,0.075,3,0.020555555555555556,993,0,0
8,4,7,0.2,wave,0.075,3,0.020555555555555556,975,0,0
8,4,8,0.2,wave,0.075,3,0.020555555555555556,975,0,0
8,4,9,0.2,wave,0.075,3,0.020555555555555556,925,0,0
8,4,10,0.2,wave,0.075,3,0.020555555555555556,937,0,0
8,4,11,0.2,wave,0.075,3,0.020555555555555556,914,0,0
8,4,12,0.2,wave,0.075,3,0.020555555555555556,920,0,0
8,4,13,0.2,wave,0.075,3,0.020555555555555556,904,0,0
8,4,14,0.2,wave,0.075,3,0.020555555555555556,893,0,0
8,4,15,0.2,wave,0.075,3,0.020555555555555556,874,0,0
8,4,16,0.2,wave,0.075,3,0.020555555555555556,866,0,0
8,4,17,0.2,wave,0.075,3,0.020555555555555556,852,0,0
8,4,18,0.2,wave,0.075,3,0.020555555555555556,866,0,0
8,4,19,0.2,wave,0.075,3,0.020555555555555556,853,0,0
8,4,20,0.2,wave,0.075,3,0.020555555555555556,1302,0,0
8,4,21,0.2,wave,0.075,3,0.020555555555555556,1273,0,0
8,4,22,0.2,wave,0.075,3,0.020555555555555556,1249,0,0
8,4,23,0.2,wave,0.075,3,0.020555555555555556,1230,0,0
8,4,24,0.2,wave,0.075,3,0.020555555555555556,1202,0,0
8,4,25,0.2,wave,0.075,3,0.020555555555555556,1208,0,0
8,4,26,0.2,wave,0.075,3,0.020555555555555556,1185,0,0
8,4,27,0.2,wave,0.075,3,0.020555555555555556,1189,0,0
8,4,28,0.2,wave,0.075,3,0.020555555555555556,1185,0,0
8,4,29,0.2,wave,0.075,3,0.020555555555555556,1166,0,0
8,4,30,0.2,wave,0.075,3,0.020555555555555556,1134,0,0
8,4,31,0.2,wave,0.075,3,0.020555555555555556,1123,0,0
8,4,32,0.2,wave,0.075,3,0.020555555555555556,1126,0,0
8,4,33,0.2,wave,0.075,3,0.020555555555555556,1113,0,0
8,4,34,0.2,wave,0.075,3,0.020555555555555556,1095,0,0
8,4,35,0.2,wave,0.075,3,0.020555555555555556,1076,0,0
8,4,36,0.2,wave,0.075,3,0.020555555555555556,1052,0,0
8,4,37,0.2,wave,0.075,3,0.020555555555555556,1025,0,0
8,4,38,0.2,wave,0.075,3,0.020555555555555556,1006,0,0
8,4,39,0.2,wave,0.075,3,0.020555555555555556,987,0,0
8,4,40,0.2,wave,0.075,3,0.020555555555555556,973,0,0
8,4,41,0.2,wave,0.075,3,0.020555555555555556,984,0,0
8,4,42,0.2,wave,0.075,3,0.020555555555555556,967,0,0
8,4,43,0.2,wave,0.075,3,0.020555555555555556,941,0,0
8,4,44,0.2,wave,0.075,3,0.020555555555555556,919,0,0
8,4,45,0.2,wave,0.075,3,0.020555555555555556,925,0,0
8,4,46,0.2,wave,0.075,3,0.020555555555555556,908,0,0
8,4,47,0.2,wave,0.075,3,0.020555555555555556,907,0,0
8,4,48,0.2,wave,0.075,3,0.020555555555555556,887,0,0
8,4,49,0.2,wave,0.075,3,0.020555555555555556,892,0,0
8,4,50,0.2,wave,0.075,3,0.020555555555555556,870,0,0
8,4,51,0.2,wave,0.075,3,0.020555555555555556,871,0,0
8,4,52,0.2,wave,0.075,3,0.020555555555555556,857,0,0
8,5,1,0.2,wave,0.075,3,0.020555555555555556,856,0,0
8,5,2,0.2,wave,0.075,3,0.020555555555555556,847,0,0
8,5,3,0.2,wave,0.075,3,0.020555555555555556,859,0,0
8,5,4,0.2,wave,0.075,3,0.020555555555555556,848,0,0
8,5,5,0.2,wave,0.075,3,0.020555555555555556,839,0,0
8,5,6,0.2,wave,0.075,3,0.020555555555555556,826,0,0
8,5,7,0.2,wave,0.075,3,0.020555555555555556,825,0,0
8,5,8,0.2,wave,0.075,3,0.020555555555555556,809,0,0
8,5,9,0.2,wave,0.075,3,0.020555555555555556,813,0,0
8,5,10,0.2,wave,0.075,3,0.020555555555555556,802,0,0
8,5,11,0.2,wave,0.075,3,0.020555555555555556,805,0,0
8,5,12,0.2,wave,0.075,3,0.020555555555555556,796,0,0
8,5,13,0.2,wave,0.075,3,0.020555555555555556,807,0,0
8,5,14,0.2,wave,0.075,3,0.020555555555555556,790,0,0
8,5,15,0.2,wave,0.075,3,0.020555555555555556,790,0,0
8,5,16,0.2,wave,0.075,3,0.020555555555555556,775,0,0
8,5,17,0.2,wave,0.075,3,0.020555555555555556,779,0,0
8,5,18,0.2,wave,0.075,3,0.020555555555555556,769,0,0
8,5,19,0.2,wave,0.075,3,0.020555555555555556,779,0,0
8,5,20,0.2,wave,0.075,3,0.020555555555555556,1104,0,0
8,5,21,0.2,wave,0.075,3,0.020555555555555556,1083,0,0
8,5,22,0.2,wave,0.075,3,0.020555555555555556,1032,0,0
8,5,23,0.2,wave,0.075,3,0.020555555555555556,1036,0,0
8,5,24,0.2,wave,0.075,3,0.020555555555555556,1009,0,0
8,5,25,0.2,wave,0.075,3,0.020555555555555556,1030,0,0
8,5,26,0.2,wave,0.075,3,0.020555555555555556,1005,0,0
8,5,27,0.2,wave,0.075,3,0.020555555555555556,1016,0,0
8,5,28,0.2,wave,0.075,3,0.020555555555555556,979,0,0
8,5,29,0.2,wave,0.075,3,0.020555555555555556,992,0,0
8,5,30,0.2,wave,0.075,3,0.020555555555555556,947,0,0
8,5,31,0.2,wave,0.075,3,0.020555555555555556,959,0,0
8,5,32,0.2,wave,0.075,3,0.020555555555555556,912,0,0
8,5,33,0.2,wave,0.075,3,0.020555555555555556,930,0,0
8,5,34,0.2,wave,0.075,3,0.020555555555555556,897,0,0
8,5,35,0.2,wave,0.075,3,0.020555555555555556,886,0,0
8,5,36,0.2,wave,0.075,3,0.020555555555555556,858,0,0
8,5,37,0.2,wave,0.075,3,0.020555555555555556,852,0,0
8,5,38,0.2,wave,0.075,3,0.020555555555555556,836,0,0
8,5,39,0.2,wave,0.075,3,0.020555555555555556,836,0,0
8,5,40,0.2,wave,0.075,3,0.020555555555555556,804,0,0
8,5,41,0.2,wave,0.075,3,0.020555555555555556,808,0,0
8,5,42,0.2,wave,0.075,3,0.020555555555555556,801,0,0
8,5,43,0.2,wave,0.075,3,0.020555555555555556,797,0,0
8,5,44,0.2,wave,0.075,3,0.020555555555555556,785,0,0
8,5,45,0.2,wave,0.075,3,0.020555555555555556,784,0,0
8,5,46,0.2,wave,0.075,3,0.020555555555555556,772,0,0
8,5,47,0.2,wave,0.075,3,0.020555555555555556,767,0,0
8,5,48,0.2,wave,0.075,3,0.020555555555555556,753,0,0
8,5,49,0.2,wave,0.075,3,0.020555555555555556,757,0,0
8,5,50,0.2,wave,0.075,3,0.020555555555555556,740,0,0
8,5,51,0.2,wave,0.075,3,0.020555555555555556,738,0,0
8,5,52,0.2,wave,0.075,3,0.020555555555555556,718,0,0
8,6,1,0.2,wave,0.075,3,0.020555555555555556,722,0,0
8,6,2,0.2,wave,0.075,3,0.020555555555555556,711,0,0
8,6,3,0.2,wave,0.075,3,0.020555555555555556,712,0,0
8,6,4,0.2,wave,0.075,3,0.020555555555555556,693,0,0
8,6,5,0.2,wave,0.075,3,0.020555555555555556,692,0,0
8,6,6,0.2,wave,0.075,3,0.020555555555555556,691,0,0
8,6,7,0.2,wave,0.075,3,0.020555555555555556,685,0,0
8,6,8,0.2,wave,0.075,3,0.020555555555555556,679,0,0
8,6,9,0.2,wave,0.075,3,0.020555555555555556,677,0,0
8,6,10,0.2,wave,0.075,3,0.020555555555555556,664,0,0
8,6,11,0.2,wave,0.075,3,0.020555555555555556,673,0,0
8,6,12,0.2,wave,0.075,3,0.020555555555555556,661,0,0
8,6,13,0.2,wave,0.075,3,0.020555555555555556,654,0,0
8,6,14,0.2,wave,0.075,3,0.020555555555555556,632,0,0
8,6,15,0.2,wave,0.075,3,0.020555555555555556,653,0,0
8,6,16,0.2,wave,0.075,3,0.020555555555555556,633,0,0
8,6,17,0.2,wave,0.075,3,0.020555555555555556,651,0,0
8,6,18,0.2,wave,0.075,3,0.020555555555555556,631,0,0
8,6,19,0.2,wave,0.075,3,0.020555555555555556,647,0,0
8,6,20,0.2,wave,0.075,3,0.020555555555555556,984,0,0
8,6,21,0.2,wave,0.075,3,0.020555555555555556,983,0,0
8,6,22,0.2,wave,0.075,3,0.020555555555555556,951,0,0
8,6,23,0.2,wave,0.075,3,0.020555555555555556,947,0,0
8,6,24,0.2,wave,0.075,3,0.020555555555555556,915,0,0
8,6,25,0.2,wave,0.075,3,0.020555555555555556,907,0,0
8,6,26,0.2,wave,0.075,3,0.020555555555555556,891,0,0
8,6,27,0.2,wave,0.075,3,0.020555555555555556,874,0,0
8,6,28,0.2,wave,0.075,3,0.020555555555555556,862,0,0
8,6,29,0.2,wave,0.075,3,0.020555555555555556,820,0,0
8,6,30,0.2,wave,0.075,3,0.020555555555555556,822,0,0
8,6,31,0.2,wave,0.075,3,0.020555555555555556,807,0,0
8,6,32,0.2,wave,0.075,3,0.020555555555555556,809,0,0
8,6,33,0.2,wave,0.075,3,0.020555555555555556,799,0,0
8,6,34,0.2,wave,0.075,3,0.020555555555555556,802,0,0
8,6,35,0.2,wave,0.075,3,0.020555555555555556,789,0,0
8,6,36,0.2,wave,0.075,3,0.020555555555555556,775,0,0
8,6,37,0.2,wave,0.075,3,0.020555555555555556,740,0,0
8,6,38,0.2,wave,0.075,3,0.020555555555555556,730,0,0
8,6,39,0.2,wave,0.075,3,0.020555555555555556,734,0,0
8,6,40,0.2,wave,0.075,3,0.020555555555555556,725,0,0
8,6,41,0.2,wave,0.075,3,0.020555555555555556,728,0,0
8,6,42,0.2,wave,0.075,3,0.020555555555555556,724,0,0
8,6,43,0.2,wave,0.075,3,0.020555555555555556,722,0,0
8,6,44,0.2,wave,0.075,3,0.020555555555555556,715,0,0
8,6,45,0.2,wave,0.075,3,0.020555555555555556,702,0,0
8,6,46,0.2,wave,0.075,3,0.020555555555555556,696,0,0
8,6,47,0.2,wave,0.075,3,0.020555555555555556,693,0,0
8,6,48,0.2,wave,0.075,3,0.020555555555555556,682,0,0
8,6,49,0.2,wave,0.075,3,0.020555555555555556,682,0,0
8,6,50,0.2,wave,0.075,3,0.020555555555555556,654,0,0
8,6,51,0.2,wave,0.075,3,0.020555555555555556,659,0,0
8,6,52,0.2,wave,0.075,3,0.020555555555555556,644,0,0
8,7,1,0.2,wave,0.075,3,0.020555555555555556,652,0,0
8,7,2,0.2,wave,0.075,3,0.020555555555555556,638,0,0
8,7,3,0.2,wave,0.075,3,0.020555555555555556,650,0,0
8,7,4,0.2,wave,0.075,3,0.020555555555555556,633,0,0
8,7,5,0.2,wave,0.075,3,0.020555555555555556,644,0,0
8,7,6,0.2,wave,0.075,3,0.020555555555555556,630,0,0
8,7,7,0.2,wave,0.075,3,0.020555555555555556,617,0,0
8,7,8,0.2,wave,0.075,3,0.020555555555555556,614,0,0
8,7,9,0.2,wave,0.075,3,0.020555555555555556,613,0,0
8,7,10,0.2,wave,0.075,3,0.020555555555555556,610,0,0
8,7,11,0.2,wave,0.075,3,0.020555555555555556,608,0,0
8,7,12,0.2,wave,0.075,3,0.020555555555555556,612,0,0
8,7,13,0.2,wave,0.075,3,0.020555555555555556,607,0,0
8,7,14,0.2,wave,0.075,3,0.020555555555555556,611,0,0
8,7,15,0.2,wave,0.075,3,0.020555555555555556,604,0,0
8,7,16,0.2,wave,0.075,3,0.020555555555555556,607,0,0
8,7,17,0.2,wave,0.075,3,0.020555555555555556,607,0,0
8,7,18,0.2,wave,0.075,3,0.020555555555555556,610,0,0
8,7,19,0.2,wave,0.075,3,0.020555555555555556,607,0,0
8,7,20,0.2,wave,0.075,3,0.020555555555555556,913,0,0
8,7,21,0.2,wave,0.075,3,0.020555555555555556,895,0,0
8,7,22,0.2,wave,0.075,3,0.020555555555555556,885,0,0
8,7,23,0.2,wave,0.075,3,0.020555555555555556,864,0,0
8,7,24,0.2,wave,0.075,3,0.020555555555555556,861,0,0
8,7,25,0.2,wave,0.075,3,0.020555555555555556,846,0,0
8,7,26,0.2,wave,0.075,3,0.020555555555555556,827,0,0
8,7,27,0.2,wave,0.075,3,0.020555555555555556,822,0,0
8,7,28,0.2,wave,0.075,3,0.020555555555555556,815,0,0
8,7,29,0.2,wave,0.075,3,0.020555555555555556,795,0,0
8,7,30,0.2,wave,0.075,3,0.020555555555555556,800,0,0
8,7,31,0.2,wave,0.075,3,0.020555555555555556,768,0,0
8,7,32,0.2,wave,0.075,3,0.020555555555555556,759,0,0
8,7,33,0.2,wave,0.075,3,0.020555555555555556,763,0,0
8,7,34,0.2,wave,0.075,3,0.020555555555555556,756,0,0
8,7,35,0.2,wave,0.075,3,0.020555555555555556,758,0,0
8,7,36,0.2,wave,0.075,3,0.020555555555555556,750,0,0
8,7,37,0.2,wave,0.075,3,0.020555555555555556,736,0,0
8,7,38,0.2,wave,0.075,3,0.020555555555555556,732,0,0
8,7,39,0.2,wave,0.075,3,0.020555555555555556,728,0,0
8,7,40,0.2,wave,0.075,3,0.020555555555555556,725,0,0
8,7,41,0.2,wave,0.075,3,0.020555555555555556,718,0,0
8,7,42,0.2,wave,0.075,3,0.020555555555555556,709,0,0
8,7,43,0.2,wave,0.075,3,0.020555555555555556,707,0,0
8,7,44,0.2,wave,0.075,3,0.020555555555555556,692,0,0
8,7,45,0.2,wave,0.075,3,0.020555555555555556,694,0,0
8,7,46,0.2,wave,0.075,3,0.020555555555555556,682,0,0
8,7,47,0.2,wave,0.075,3,0.020555555555555556,669,0,0
8,7,48,0.2,wave,0.075,3,0.020555555555555556,658,0,0
8,7,49,0.2,wave,0.075,3,0.020555555555555556,649,0,0
8,7,50,0.2,wave,0.075,3,0.020555555555555556,642,0,0
8,7,51,0.2,wave,0.075,3,0.020555555555555556,636,0,0
8,7,52,0.2,wave,0.075,3,0.020555555555555556,636,0,0
8,8,1,0.2,wave,0.075,3,0.020555555555555556,635,0,0
8,8,2,0.2,wave,0.075,3,0.020555555555555556,632,0,0
8,8,3,0.2,wave,0.075,3,0.020555555555555556,629,0,0
8,8,4,0.2,wave,0.075,3,0.020555555555555556,625,0,0
8,8,5,0.2,wave,0.075,3,0.020555555555555556,628,0,0
8,8,6,0.2,wave,0.075,3,0.020555555555555556,624,0,0
8,8,7,0.2,wave,0.075,3,0.020555555555555556,621,0,0
8,8,8,0.2,wave,0.075,3,0.020555555555555556,620,0,0
8,8,9,0.2,wave,0.075,3,0.020555555555555556,618,0,0
8,8,10,0.2,wave,0.075,3,0.020555555555555556,619,0,0
8,8,11,0.2,wave,0.075,3,0.020555555555555556,616,0,0
8,8,12,0.2,wave,0.075,3,0.020555555555555556,615,0,0
8,8,13,0.2,wave,0.075,3,0.020555555555555556,613,0,0
8,8,14,0.2,wave,0.075,3,0.020555555555555556,611,0,0
8,8,15,0.2,wave,0.075,3,0.020555555555555556,616,0,0
8,8,16,0.2,wave,0.075,3,0.020555555555555556,615,0,0
8,8,17,0.2,wave,0.075,3,0.020555555555555556,606,0,0
8,8,18,0.2,wave,0.075,3,0.020555555555555556,604,0,0
8,8,19,0.2,wave,0.075,3,0.020555555555555556,606,0,0
8,8,20,0.2,wave,0.075,3,0.020555555555555556,914,0,0
8,8,21,0.2,wave,0.075,3,0.020555555555555556,901,0,0
8,8,22,0.2,wave,0.075,3,0.020555555555555556,899,0,0
8,8,23,0.2,wave,0.075,3,0.020555555555555556,898,0,0
8,8,24,0.2,wave,0.075,3,0.020555555555555556,890,0,0
8,8,25,0.2,wave,0.075,3,0.020555555555555556,887,0,0
8,8,26,0.2,wave,0.075,3,0.020555555555555556,878,0,0
8,8,27,0.2,wave,0.075,3,0.020555555555555556,885,0,0
8,8,28,0.2,wave,0.075,3,0.020555555555555556,878,0,0
8,8,29,0.2,wave,0.075,3,0.020555555555555556,873,0,0
8,8,30,0.2,wave,0.075,3,0.020555555555555556,852,0,0
8,8,31,0.2,wave,0.075,3,0.020555555555555556,842,0,0
8,8,32,0.2,wave,0.075,3,0.020555555555555556,834,0,0
8,8,33,0.2,wave,0.075,3,0.020555555555555556,819,0,0
8,8,34,0.2,wave,0.075,3,0.020555555555555556,806,0,0
8,8,35,0.2,wave,0.075,3,0.020555555555555556,808,0,0
8,8,36,0.2,wave,0.075,3,0.020555555555555556,810,0,0
8,8,37,0.2,wave,0.075,3,0.020555555555555556,783,0,0
8,8,38,0.2,wave,0.075,3,0.020555555555555556,780,0,0
8,8,39,0.2,wave,0.075,3,0.020555555555555556,769,0,0
8,8,40,0.2,wave,0.075,3,0.020555555555555556,763,0,0
8,8,41,0.2,wave,0.075,3,0.020555555555555556,772,0,0
8,8,42,0.2,wave,0.075,3,0.020555555555555556,764,0,0
8,8,43,0.2,wave,0.075,3,0.020555555555555556,755,0,0
8,8,44,0.2,wave,0.075,3,0.020555555555555556,752,0,0
8,8,45,0.2,wave,0.075,3,0.020555555555555556,752,0,0
8,8,46,0.2,wave,0.075,3,0.020555555555555556,744,0,0
8,8,47,0.2,wave,0.075,3,0.020555555555555556,732,0,0
8,8,48,0.2,wave,0.075,3,0.020555555555555556,731,0,0
8,8,49,0.2,wave,0.075,3,0.020555555555555556,733,0,0
8,8,50,0.2,wave,0.075,3,0.020555555555555556,729,0,0
8,8,51,0.2,wave,0.075,3,0.020555555555555556,734,0,0
8,8,52,0.2,wave,0.075,3,0.020555555555555556,726,0,0
8,9,1,0.2,wave,0.075,3,0.020555555555555556,730,0,0
8,9,2,0.2,wave,0.075,3,0.020555555555555556,722,0,0
8,9,3,0.2,wave,0.075,3,0.020555555555555556,730,0,0
8,9,4,0.2,wave,0.075,3,0.020555555555555556,724,0,0
8,9,5,0.2,wave,0.075,3,0.020555555555555556,724,0,0
8,9,6,0.2,wave,0.075,3,0.020555555555555556,722,0,0
8,9,7,0.2,wave,0.075,3,0.020555555555555556,711,0,0
8,9,8,0.2,wave,0.075,3,0.020555555555555556,706,0,0
8,9,9,0.2,wave,0.075,3,0.020555555555555556,710,0,0
8,9,10,0.2,wave,0.075,3,0.020555555555555556,704,0,0
8,9,11,0.2,wave,0.075,3,0.020555555555555556,705,0,0
8,9,12,0.2,wave,0.075,3,0.020555555555555556,701,0,0
8,9,13,0.2,wave,0.075,3,0.020555555555555556,708,0,0
8,9,14,0.2,wave,0.075,3,0.020555555555555556,705,0,0
8,9,15,0.2,wave,0.075,3,0.020555555555555556,707,0,0
8,9,16,0.2,wave,0.075,3,0.020555555555555556,692,0,0
8,9,17,0.2,wave,0.075,3,0.020555555555555556,696,0,0
8,9,18,0.2,wave,0.075,3,0.020555555555555556,691,0,0
8,9,19,0.2,wave,0.075,3,0.020555555555555556,697,0,0
8,9,20,0.2,wave,0.075,3,0.020555555555555556,1023,0,0
8,9,21,0.2,wave,0.075,3,0.020555555555555556,1013,0,0
8,9,22,0.2,wave,0.075,3,0.020555555555555556,947,0,0
8,9,23,0.2,wave,0.075,3,0.020555555555555556,959,0,0
8,9,24,0.2,wave,0.075,3,0.020555555555555556,940,0,0
8,9,25,0.2,wave,0.075,3,0.020555555555555556,933,0,0
8,9,26,0.2,wave,0.075,3,0.020555555555555556,919,0,0
8,9,27,0.2,wave,0.075,3,0.020555555555555556,923,0,0
8,9,28,0.2,wave,0.075,3,0.020555555555555556,906,0,0
8,9,29,0.2,wave,0.075,3,0.020555555555555556,915,0,0
8,9,30,0.2,wave,0.075,3,0.020555555555555556,908,0,0
8,9,31,0.2,wave,0.075,3,0.020555555555555556,905,0,0
8,9,32,0.2,wave,0.075,3,0.020555555555555556,884,0,0
8,9,33,0.2,wave,0.075,3,0.020555555555555556,892,0,0
8,9,34,0.2,wave,0.075,3,0.020555555555555556,882,0,0
8,9,35,0.2,wave,0.075,3,0.020555555555555556,870,0,0
8,9,36,0.2,wave,0.075,3,0.020555555555555556,845,0,0
8,9,37,0.2,wave,0.075,3,0.020555555555555556,836,0,0
8,9,38,0.2,wave,0.075,3,0.020555555555555556,831,0,0
8,9,39,0.2,wave,0.075,3,0.020555555555555556,824,0,0
8,9,40,0.2,wave,0.075,3,0.020555555555555556,790,0,0
8,9,41,0.2,wave,0.075,3,0.020555555555555556,789,0,0
8,9,42,0.2,wave,0.075,3,0.020555555555555556,792,0,0
8,9,43,0.2,wave,0.075,3,0.020555555555555556,783,0,0
8,9,44,0.2,wave,0.075,3,0.020555555555555556,781,0,0
8,9,45,0.2,wave,0.075,3,0.020555555555555556,780,0,0
8,9,46,0.2,wave,0.075,3,0.020555555555555556,776,0,0
8,9,47,0.2,wave,0.075,3,0.020555555555555556,777,0,0
8,9,48,0.2,wave,0.075,3,0.020555555555555556,773,0,0
8,9,49,0.2,wave,0.075,3,0.020555555555555556,777,0,0
8,9,50,0.2,wave,0.075,3,0.020555555555555556,769,0,0
8,9,51,0.2,wave,0.075,3,0.020555555555555556,772,0,0
8,9,52,0.2,wave,0.075,3,0.020555555555555556,763,0,0
8,10,1,0.2,wave,0.075,3,0.020555555555555556,768,0,0
8,10,2,0.2,wave,0.075,3,0.020555555555555556,762,0,0
8,10,3,0.2,wave,0.075,3,0.020555555555555556,765,0,0
8,10,4,0.2,wave,0.075,3,0.020555555555555556,763,0,0
8,10,5,0.2,wave,0.075,3,0.020555555555555556,763,0,0
8,10,6,0.2,wave,0.075,3,0.020555555555555556,761,0,0
8,10,7,0.2,wave,0.075,3,0.020555555555555556,745,0,0
8,10,8,0.2,wave,0.075,3,0.020555555555555556,743,0,0
8,10,9,0.2,wave,0.075,3,0.020555555555555556,742,0,0
8,10,10,0.2,wave,0.075,3,0.020555555555555556,740,0,0
8,10,11,0.2,wave,0.075,3,0.020555555555555556,744,0,0
8,10,12,0.2,wave,0.075,3,0.020555555555555556,742,0,0
8,10,13,0.2,wave,0.075,3,0.020555555555555556,744,0,0
8,10,14,0.2,wave,0.075,3,0.020555555555555556,726,0,0
8,10,15,0.2,wave,0.075,3,0.020555555555555556,730,0,0
8,10,16,0.2,wave,0.075,3,0.020555555555555556,723,0,0
8,10,17,0.2,wave,0.075,3,0.020555555555555556,730,0,0
8,10,18,0.2,wave,0.075,3,0.020555555555555556,724,0,0
8,10,19,0.2,wave,0.075,3,0.020555555555555556,730,0,0
8,10,20,0.2,wave,0.075,3,0.020555555555555556,959,0,0
8,10,21,0.2,wave,0.075,3,0.020555555555555556,924,0,0
8,10,22,0.2,wave,0.075,3,0.020555555555555556,906,0,0
8,10,23,0.2,wave,0.075,3,0.020555555555555556,905,0,0
8,10,24,0.2,wave,0.075,3,0.020555555555555556,881,0,0
8,10,25,0.2,wave,0.075,3,0.020555555555555556,863,0,0
8,10,26,0.2,wave,0.075,3,0.020555555555555556,852,0,0
8,10,27,0.2,wave,0.075,3,0.020555555555555556,857,0,0
8,10,28,0.2,wave,0.075,3,0.020555555555555556,843,0,0
8,10,29,0.2,wave,0.075,3,0.020555555555555556,853,0,0
8,10,30,0.2,wave,0.075,3,0.020555555555555556,848,0,0
8,10,31,0.2,wave,0.075,3,0.020555555555555556,858,0,0
8,10,32,0.2,wave,0.075,3,0.020555555555555556,845,0,0
8,10,33,0.2,wave,0.075,3,0.020555555555555556,841,0,0
8,10,34,0.2,wave,0.075,3,0.020555555555555556,844,0,0
8,10,35,0.2,wave,0.075,3,0.020555555555555556,839,0,0
8,10,36,0.2,wave,0.075,3,0.020555555555555556,818,0,0
8,10,37,0.2,wave,0.075,3,0.020555555555555556,810,0,0
8,10,38,0.2,wave,0.075,3,0.020555555555555556,793,0,0
8,10,39,0.2,wave,0.075,3,0.020555555555555556,796,0,0
8,10,40,0.2,wave,0.075,3,0.020555555555555556,796,0,0
8,10,41,0.2,wave,0.075,3,0.020555555555555556,797,0,0
8,10,42,0.2,wave,0.075,3,0.020555555555555556,801,0,0
8,10,43,0.2,wave,0.075,3,0.020555555555555556,795,0,0
8,10,44,0.2,wave,0.075,3,0.020555555555555556,790,0,0
8,10,45,0.2,wave,0.075,3,0.020555555555555556,781,0,0
8,10,46,0.2,wave,0.075,3,0.020555555555555556,764,0,0
8,10,47,0.2,wave,0.075,3,0.020555555555555556,766,0,0
8,10,48,0.2,wave,0.075,3,0.020555555555555556,762,0,0
8,10,49,0.2,wave,0.075,3,0.020555555555555556,762,0,0
8,10,50,0.2,wave,0.075,3,0.020555555555555556,755,0,0
8,10,51,0.2,wave,0.075,3,0.020555555555555556,754,0,0
8,10,52,0.2,wave,0.075,3,0.020555555555555556,752,0,0
9,1,1,0.2,wave,0.075,3,0.03972222222222222,6712,66,11
9,1,2,0.2,wave,0.075,3,0.03972222222222222,6634,86,26
9,1,3,0.2,wave,0.075,3,0.03972222222222222,6585,124,48
9,1,4,0.2,wave,0.075,3,0.03972222222222222,6569,168,67
9,1,5,0.2,wave,0.075,3,0.03972222222222222,6419,232,74
9,1,6,0.2,wave,0.075,3,0.03972222222222222,6184,271,90
9,1,7,0.2,wave,0.075,3,0.03972222222222222,5955,336,109
9,1,8,0.2,wave,0.075,3,0.03972222222222222,5646,393,142
9,1,9,0.2,wave,0.075,3,0.03972222222222222,5409,460,163
9,1,10,0.2,wave,0.075,3,0.03972222222222222,5208,574,206
9,1,11,0.2,wave,0.075,3,0.03972222222222222,4970,631,250
9,1,12,0.2,wave,0.075,3,0.03972222222222222,4765,709,290
9,1,13,0.2,wave,0.075,3,0.03972222222222222,4634,737,322
9,1,14,0.2,wave,0.075,3,0.03972222222222222,4380,754,346
9,1,15,0.2,wave,0.075,3,0.03972222222222222,4139,730,349
9,1,16,0.2,wave,0.075,3,0.03972222222222222,3986,700,347
9,1,17,0.2,wave,0.075,3,0.03972222222222222,3776,677,320
9,1,18,0.2,wave,0.075,3,0.03972222222222222,3597,631,322
9,1,19,0.2,wave,0.075,3,0.03972222222222222,3454,605,316
9,1,20,0.2,wave,0.075,3,0.03972222222222222,4802,555,302
9,1,21,0.2,wave,0.075,3,0.03972222222222222,4495,577,263
9,1,22,0.2,wave,0.075,3,0.03972222222222222,4362,588,248
9,1,23,0.2,wave,0.075,3,0.03972222222222222,4157,598,266
9,1,24,0.2,wave,0.075,3,0.03972222222222222,3993,582,274
9,1,25,0.2,wave,0.075,3,0.03972222222222222,3833,598,290
9,1,26,0.2,wave,0.075,3,0.03972222222222222,3688,597,273
9,1,27,0.2,wave,0.075,3,0.03972222222222222,3507,585,274
9,1,28,0.2,wave,0.075,3,0.03972222222222222,3331,537,264
9,1,29,0.2,wave,0.075,3,0.03972222222222222,3219,556,276
9,1,30,0.2,wave,0.075,3,0.03972222222222222,3059,513,268
9,1,31,0.2,wave,0.075,3,0.03972222222222222,2908,512,254
9,1,32,0.2,wave,0.075,3,0.03972222222222222,2786,467,238
9,1,33,0.2,wave,0.075,3,0.03972222222222222,2636,436,215
9,1,34,0.2,wave,0.075,3,0.03972222222222222,2550,429,211
9,1,35,0.2,wave,0.075,3,0.03972222222222222,2439,399,200
9,1,36,0.2,wave,0.075,3,0.03972222222222222,2370,385,199
9,1,37,0.2,wave,0.075,3,0.03972222222222222,2240,361,177
9,1,38,0.2,wave,0.075,3,0.03972222222222222,2145,331,166
9,1,39,0.2,wave,0.075,3,0.03972222222222222,2039,308,142
9,1,40,0.2,wave,0.075,3,0.03972222222222222,1987,296,145
9,1,41,0.2,wave,0.075,3,0.03972222222222222,1902,259,144
9,1,42,0.2,wave,0.075,3,0.03972222222222222,1874,260,146
9,1,43,0.2,wave,0.075,3,0.03972222222222222,1804,224,127
9,1,44,0.2,wave,0.075,3,0.03972222222222222,1737,194,111
9,1,45,0.2,wave,0.075,3,0.03972222222222222,1690,167,96
9,1,46,0.2,wave,0.075,3,0.03972222222222222,1643,138,89
9,1,47,0.2,wave,0.075,3,0.03972222222222222,1598,112,71
9,1,48,0.2,wave,0.075,3,0.03972222222222222,1564,93,64
9,1,49,0.2,wave,0.075,3,0.03972222222222222,1536,78,48
9,1,50,0.2,wave,0.075,3,0.03972222222222222,1505,63,38
9,1,51,0.2,wave,0.075,3,0.03972222222222222,1475,47,29
9,1,52,0.2,wave,0.075,3,0.03972222222222222,1462,41,24
9,2,1,0.2,wave,0.075,3,0.03972222222222222,1437,35,22
9,2,2,0.2,wave,0.075,3,0.03972222222222222,1426,23,16
9,2,3,0.2,wave,0.075,3,0.03972222222222222,1387,20,16
9,2,4,0.2,wave,0.075,3,0.03972222222222222,1371,15,11
9,2,5,0.2,wave,0.075,3,0.03972222222222222,1351,9,5
9,2,6,0.2,wave,0.075,3,0.03972222222222222,1336,8,3
9,2,7,0.2,wave,0.075,3,0.03972222222222222,1320,8,3
9,2,8,0.2,wave,0.075,3,0.03972222222222222,1318,9,3
9,2,9,0.2,wave,0.075,3,0.03972222222222222,1303,9,4
9,2,10,0.2,wave,0.075,3,0.03972222222222222,1300,7,3
9,2,11,0.2,wave,0.075,3,0.03972222222222222,1278,8,4
9,2,12,0.2,wave,0.075,3,0.03972222222222222,1269,6,5
9,2,13,0.2,wave,0.075,3,0.03972222222222222,1258,7,4
9,2,14,0.2,wave,0.075,3,0.03972222222222222,1263,7,4
9,2,15,0.2,wave,0.075,3,0.03972222222222222,1238,4,1
9,2,16,0.2,wave,0.075,3,0.03972222222222222,1244,4,2
9,2,17,0.2,wave,0.075,3,0.03972222222222222,1232,3,2
9,2,18,0.2,wave,0.075,3,0.03972222222222222,1233,4,2
9,2,19,0.2,wave,0.075,3,0.03972222222222222,1203,3,1
9,2,20,0.2,wave,0.075,3,0.03972222222222222,1787,2,1
9,2,21,0.2,wave,0.075,3,0.03972222222222222,1751,2,2
9,2,22,0.2,wave,0.075,3,0.03972222222222222,1745,2,2
9,2,23,0.2,wave,0.075,3,0.03972222222222222,1723,2,1
9,2,24,0.2,wave,0.075,3,0.03972222222222222,1682,1,0
9,2,25,0.2,wave,0.075,3,0.03972222222222222,1621,1,1
9,2,26,0.2,wave,0.075,3,0.03972222222222222,1616,1,1
9,2,27,0.2,wave,0.075,3,0.03972222222222222,1563,0,0
9,2,28,0.2,wave,0.075,3,0.03972222222222222,1562,0,0
9,2,29,0.2,wave,0.075,3,0.03972222222222222,1533,0,0
9,2,30,0.2,wave,0.075,3,0.03972222222222222,1506,0,0
9,2,31,0.2,wave,0.075,3,0.03972222222222222,1477,0,0
9,2,32,0.2,wave,0.075,3,0.03972222222222222,1453,0,0
9,2,33,0.2,wave,0.075,3,0.03972222222222222,1403,0,0
9,2,34,0.2,wave,0.075,3,0.03972222222222222,1401,0,0
9,2,35,0.2,wave,0.075,3,0.03972222222222222,1371,0,0
9,2,36,0.2,wave,0.075,3,0.03972222222222222,1356,0,0
9,2,37,0.2,wave,0.075,3,0.03972222222222222,1339,0,0
9,2,38,0.2,wave,0.075,3,0.03972222222222222,1339,0,0
9,2,39,0.2,wave,0.075,3,0.03972222222222222,1316,0,0
9,2,40,0.2,wave,0.075,3,0.03972222222222222,1311,0,0
9,2,41,0.2,wave,0.075,3,0.03972222222222222,1290,0,0
9,2,42,0.2,wave,0.075,3,0.03972222222222222,1291,0,0
9,2,43,0.2,wave,0.075,3,0.03972222222222222,1270,0,0
9,2,44,0.2,wave,0.075,3,0.03972222222222222,1268,0,0
9,2,45,0.2,wave,0.075,3,0.03972222222222222,1249,0,0
9,2,46,0.2,wave,0.075,3,0.03972222222222222,1250,0,0
9,2,47,0.2,wave,0.075,3,0.03972222222222222,1236,0,0
9,2,48,0.2,wave,0.075,3,0.03972222222222222,1225,0,0
9,2,49,0.2,wave,0.075,3,0.03972222222222222,1211,0,0
9,2,50,0.2,wave,0.075,3,0.03972222222222222,1198,0,0
9,2,51,0.2,wave,0.075,3,0.03972222222222222,1184,0,0
9,2,52,0.2,wave,0.075,3,0.03972222222222222,1180,0,0
9,3,1,0.2,wave,0.075,3,0.03972222222222222,1167,0,0
9,3,2,0.2,wave,0.075,3,0.03972222222222222,1154,0,0
9,3,3,0.2,wave,0.075,3,0.03972222222222222,1140,0,0
9,3,4,0.2,wave,0.075,3,0.03972222222222222,1139,0,0
9,3,5,0.2,wave,0.075,3,0.03972222222222222,1113,0,0
9,3,6,0.2,wave,0.075,3,0.03972222222222222,1099,0,0
9,3,7,0.2,wave,0.075,3,0.03972222222222222,1098,0,0
9,3,8,0.2,wave,0.075,3,0.03972222222222222,1091,0,0
9,3,9,0.2,wave,0.075,3,0.03972222222222222,1080,0,0
9,3,10,0.2,wave,0.075,3,0.03972222222222222,1079,0,0
9,3,11,0.2,wave,0.075,3,0.03972222222222222,1063,0,0
9,3,12,0.2,wave,0.075,3,0.03972222222222222,1066,0,0
9,3,13,0.2,wave,0.075,3,0.03972222222222222,1052,0,0
9,3,14,0.2,wave,0.075,3,0.03972222222222222,1057,0,0
9,3,15,0.2,wave,0.075,3,0.03972222222222222,1040,0,0
9,3,16,0.2,wave,0.075,3,0.03972222222222222,1049,0,0
9,3,17,0.2,wave,0.075,3,0.03972222222222222,1029,0,0
9,3,18,0.2,wave,0.075,3,0.03972222222222222,1037,0,0
9,3,19,0.2,wave,0.075,3,0.03972222222222222,1021,0,0
9,3,20,0.2,wave,0.075,3,0.03972222222222222,1512,0,0
9,3,21,0.2,wave,0.075,3,0.03972222222222222,1473,0,0
9,3,22,0.2,wave,0.075,3,0.03972222222222222,1454,0,0
9,3,23,0.2,wave,0.075,3,0.03972222222222222,1444,0,0
9,3,24,0.2,wave,0.075,3,0.03972222222222222,1446,0,0
9,3,25,0.2,wave,0.075,3,0.03972222222222222,1426,0,0
9,3,26,0.2,wave,0.075,3,0.03972222222222222,1411,0,0
9,3,27,0.2,wave,0.075,3,0.03972222222222222,1386,0,0
9,3,28,0.2,wave,0.075,3,0.03972222222222222,1385,0,0
9,3,29,0.2,wave,0.075,3,0.03972222222222222,1361,0,0
9,3,30,0.2,wave,0.075,3,0.03972222222222222,1359,0,0
9,3,31,0.2,wave,0.075,3,0.03972222222222222,1320,0,0
9,3,32,0.2,wave,0.075,3,0.03972222222222222,1299,0,0
9,3,33,0.2,wave,0.075,3,0.03972222222222222,1287,0,0
9,3,34,0.2,wave,0.075,3,0.03972222222222222,1268,0,0
9,3,35,0.2,wave,0.075,3,0.03972222222222222,1239,0,0
9,3,36,0.2,wave,0.075,3,0.03972222222222222,1243,0,0
9,3,37,0.2,wave,0.075,3,0.03972222222222222,1258,0,0
9,3,38,0.2,wave,0.075,3,0.03972222222222222,1224,0,0
9,3,39,0.2,wave,0.075,3,0.03972222222222222,1221,0,0
9,3,40,0.2,wave,0.075,3,0.03972222222222222,1209,0,0
9,3,41,0.2,wave,0.075,3,0.03972222222222222,1180,0,0
9,3,42,0.2,wave,0.075,3,0.03972222222222222,1158,0,0
9,3,43,0.2,wave,0.075,3,0.03972222222222222,1157,0,0
9,3,44,0.2,wave,0.075,3,0.03972222222222222,1132,0,0
9,3,45,0.2,wave,0.075,3,0.03972222222222222,1131,0,0
9,3,46,0.2,wave,0.075,3,0.03972222222222222,1109,0,0
9,3,47,0.2,wave,0.075,3,0.03972222222222222,1111,0,0
9,3,48,0.2,wave,0.075,3,0.03972222222222222,1090,0,0
9,3,49,0.2,wave,0.075,3,0.03972222222222222,1098,0,0
9,3,50,0.2,wave,0.075,3,0.03972222222222222,1080,0,0
9,3,51,0.2,wave,0.075,3,0.03972222222222222,1075,0,0
9,3,52,0.2,wave,0.075,3,0.03972222222222222,1055,0,0
9,4,1,0.2,wave,0.075,3,0.03972222222222222,1059,0,0
9,4,2,0.2,wave,0.075,3,0.03972222222222222,1038,0,0
9,4,3,0.2,wave,0.075,3,0.03972222222222222,1048,0,0
9,4,4,0.2,wave,0.075,3,0.03972222222222222,1036,0,0
9,4,5,0.2,wave,0.075,3,0.03972222222222222,1042,0,0
9,4,6,0.2,wave,0.075,3,0.03972222222222222,1016,0,0
9,4,7,0.2,wave,0.075,3,0.03972222222222222,983,0,0
9,4,8,0.2,wave,0.075,3,0.03972222222222222,989,0,0
9,4,9,0.2,wave,0.075,3,0.03972222222222222,965,0,0
9,4,10,0.2,wave,0.075,3,0.03972222222222222,968,0,0
9,4,11,0.2,wave,0.075,3,0.03972222222222222,953,0,0
9,4,12,0.2,wave,0.075,3,0.03972222222222222,953,0,0
9,4,13,0.2,wave,0.075,3,0.03972222222222222,951,0,0
9,4,14,0.2,wave,0.075,3,0.03972222222222222,942,0,0
9,4,15,0.2,wave,0.075,3,0.03972222222222222,937,0,0
9,4,16,0.2,wave,0.075,3,0.03972222222222222,934,0,0
9,4,17,0.2,wave,0.075,3,0.03972222222222222,938,0,0
9,4,18,0.2,wave,0.075,3,0.03972222222222222,930,0,0
9,4,19,0.2,wave,0.075,3,0.03972222222222222,932,0,0
9,4,20,0.2,wave,0.075,3,0.03972222222222222,1437,0,0
9,4,21,0.2,wave,0.075,3,0.03972222222222222,1417,0,0
9,4,22,0.2,wave,0.075,3,0.03972222222222222,1415,0,0
9,4,23,0.2,wave,0.075,3,0.03972222222222222,1407,0,0
9,4,24,0.2,wave,0.075,3,0.03972222222222222,1368,0,0
9,4,25,0.2,wave,0.075,3,0.03972222222222222,1363,0,0
9,4,26,0.2,wave,0.075,3,0.03972222222222222,1301,0,0
9,4,27,0.2,wave,0.075,3,0.03972222222222222,1306,0,0
9,4,28,0.2,wave,0.075,3,0.03972222222222222,1286,0,0
9,4,29,0.2,wave,0.075,3,0.03972222222222222,1270,0,0
9,4,30,0.2,wave,0.075,3,0.03972222222222222,1259,0,0
9,4,31,0.2,wave,0.075,3,0.03972222222222222,1212,0,0
9,4,32,0.2,wave,0.075,3,0.03972222222222222,1193,0,0
9,4,33,0.2,wave,0.075,3,0.03972222222222222,1176,0,0
9,4,34,0.2,wave,0.075,3,0.03972222222222222,1152,0,0
9,4,35,0.2,wave,0.075,3,0.03972222222222222,1138,0,0
9,4,36,0.2,wave,0.075,3,0.03972222222222222,1101,0,0
9,4,37,0.2,wave,0.075,3,0.03972222222222222,1100,0,0
9,4,38,0.2,wave,0.075,3,0.03972222222222222,1072,0,0
9,4,39,0.2,wave,0.075,3,0.03972222222222222,1081,0,0
9,4,40,0.2,wave,0.075,3,0.03972222222222222,1060,0,0
9,4,41,0.2,wave,0.075,3,0.03972222222222222,1050,0,0
9,4,42,0.2,wave,0.075,3,0.03972222222222222,1040,0,0
9,4,43,0.2,wave,0.075,3,0.03972222222222222,1028,0,0
9,4,44,0.2,wave,0.075,3,0.03972222222222222,1012,0,0
9,4,45,0.2,wave,0.075,3,0.03972222222222222,1003,0,0
9,4,46,0.2,wave,0.075,3,0.03972222222222222,994,0,0
9,4,47,0.2,wave,0.075,3,0.03972222222222222,985,0,0
9,4,48,0.2,wave,0.075,3,0.03972222222222222,984,0,0
9,4,49,0.2,wave,0.075,3,0.03972222222222222,973,0,0
9,4,50,0.2,wave,0.075,3,0.03972222222222222,968,0,0
9,4,51,0.2,wave,0.075,3,0.03972222222222222,959,0,0
9,4,52,0.2,wave,0.075,3,0.03972222222222222,963,0,0
9,5,1,0.2,wave,0.075,3,0.03972222222222222,948,0,0
9,5,2,0.2,wave,0.075,3,0.03972222222222222,946,0,0
9,5,3,0.2,wave,0.075,3,0.03972222222222222,933,0,0
9,5,4,0.2,wave,0.075,3,0.03972222222222222,910,0,0
9,5,5,0.2,wave,0.075,3,0.03972222222222222,909,0,0
9,5,6,0.2,wave,0.075,3,0.03972222222222222,900,0,0
9,5,7,0.2,wave,0.075,3,0.03972222222222222,901,0,0
9,5,8,0.2,wave,0.075,3,0.03972222222222222,887,0,0
9,5,9,0.2,wave,0.075,3,0.03972222222222222,883,0,0
9,5,10,0.2,wave,0.075,3,0.03972222222222222,876,0,0
9,5,11,0.2,wave,0.075,3,0.03972222222222222,878,0,0
9,5,12,0.2,wave,0.075,3,0.03972222222222222,876,0,0
9,5,13,0.2,wave,0.075,3,0.03972222222222222,856,0,0
9,5,14,0.2,wave,0.075,3,0.03972222222222222,870,0,0
9,5,15,0.2,wave,0.075,3,0.03972222222222222,856,0,0
9,5,16,0.2,wave,0.075,3,0.03972222222222222,861,0,0
9,5,17,0.2,wave,0.075,3,0.03972222222222222,856,0,0
9,5,18,0.2,wave,0.075,3,0.03972222222222222,863,0,0
9,5,19,0.2,wave,0.075,3,0.03972222222222222,854,0,0
9,5,20,0.2,wave,0.075,3,0.03972222222222222,1229,0,0
9,5,21,0.2,wave,0.075,3,0.03972222222222222,1221,0,0
9,5,22,0.2,wave,0.075,3,0.03972222222222222,1199,0,0
9,5,23,0.2,wave,0.075,3,0.03972222222222222,1158,0,0
9,5,24,0.2,wave,0.075,3,0.03972222222222222,1180,0,0
9,5,25,0.2,wave,0.075,3,0.03972222222222222,1171,0,0
9,5,26,0.2,wave,0.075,3,0.03972222222222222,1166,0,0
9,5,27,0.2,wave,0.075,3,0.03972222222222222,1105,0,0
9,5,28,0.2,wave,0.075,3,0.03972222222222222,1089,0,0
9,5,29,0.2,wave,0.075,3,0.03972222222222222,1055,0,0
9,5,30,0.2,wave,0.075,3,0.03972222222222222,1045,0,0
9,5,31,0.2,wave,0.075,3,0.03972222222222222,1011,0,0
9,5,32,0.2,wave,0.075,3,0.03972222222222222,1004,0,0
9,5,33,0.2,wave,0.075,3,0.03972222222222222,976,0,0
9,5,34,0.2,wave,0.075,3,0.03972222222222222,961,0,0
9,5,35,0.2,wave,0.075,3,0.03972222222222222,940,0,0
9,5,36,0.2,wave,0.075,3,0.03972222222222222,913,0,0
9,5,37,0.2,wave,0.075,3,0.03972222222222222,907,0,0
9,5,38,0.2,wave,0.075,3,0.03972222222222222,909,0,0
9,5,39,0.2,wave,0.075,3,0.03972222222222222,889,0,0
9,5,40,0.2,wave,0.075,3,0.03972222222222222,862,0,0
9,5,41,0.2,wave,0.075,3,0.03972222222222222,845,0,0
9,5,42,0.2,wave,0.075,3,0.03972222222222222,829,0,0
9,5,43,0.2,wave,0.075,3,0.03972222222222222,838,0,0
9,5,44,0.2,wave,0.075,3,0.03972222222222222,823,0,0
9,5,45,0.2,wave,0.075,3,0.03972222222222222,812,0,0
9,5,46,0.2,wave,0.075,3,0.03972222222222222,798,0,0
9,5,47,0.2,wave,0.075,3,0.03972222222222222,793,0,0
9,5,48,0.2,wave,0.075,3,0.03972222222222222,788,0,0
9,5,49,0.2,wave,0.075,3,0.03972222222222222,777,0,0
9,5,50,0.2,wave,0.075,3,0.03972222222222222,772,0,0
9,5,51,0.2,wave,0.075,3,0.03972222222222222,757,0,0
9,5,52,0.2,wave,0.075,3,0.03972222222222222,748,0,0
9,6,1,0.2,wave,0.075,3,0.03972222222222222,751,0,0
9,6,2,0.2,wave,0.075,3,0.03972222222222222,741,0,0
9,6,3,0.2,wave,0.075,3,0.03972222222222222,750,0,0
9,6,4,0.2,wave,0.075,3,0.03972222222222222,734,0,0
9,6,5,0.2,wave,0.075,3,0.03972222222222222,723,0,0
9,6,6,0.2,wave,0.075,3,0.03972222222222222,718,0,0
9,6,7,0.2,wave,0.075,3,0.03972222222222222,720,0,0
9,6,8,0.2,wave,0.075,3,0.03972222222222222,718,0,0
9,6,9,0.2,wave,0.075,3,0.03972222222222222,715,0,0
9,6,10,0.2,wave,0.075,3,0.03972222222222222,710,0,0
9,6,11,0.2,wave,0.075,3,0.03972222222222222,709,0,0
9,6,12,0.2,wave,0.075,3,0.03972222222222222,702,0,0
9,6,13,0.2,wave,0.075,3,0.03972222222222222,705,0,0
9,6,14,0.2,wave,0.075,3,0.03972222222222222,700,0,0
9,6,15,0.2,wave,0.075,3,0.03972222222222222,703,0,0
9,6,16,0.2,wave,0.075,3,0.03972222222222222,697,0,0
9,6,17,0.2,wave,0.075,3,0.03972222222222222,701,0,0
9,6,18,0.2,wave,0.075,3,0.03972222222222222,697,0,0
9,6,19,0.2,wave,0.075,3,0.03972222222222222,699,0,0
9,6,20,0.2,wave,0.075,3,0.03972222222222222,997,0,0
9,6,21,0.2,wave,0.075,3,0.03972222222222222,986,0,0
9,6,22,0.2,wave,0.075,3,0.03972222222222222,974,0,0
9,6,23,0.2,wave,0.075,3,0.03972222222222222,987,0,0
9,6,24,0.2,wave,0.075,3,0.03972222222222222,972,0,0
9,6,25,0.2,wave,0.075,3,0.03972222222222222,966,0,0
9,6,26,0.2,wave,0.075,3,0.03972222222222222,944,0,0
9,6,27,0.2,wave,0.075,3,0.03972222222222222,918,0,0
9,6,28,0.2,wave,0.075,3,0.03972222222222222,906,0,0
9,6,29,0.2,wave,0.075,3,0.03972222222222222,892,0,0
9,6,30,0.2,wave,0.075,3,0.03972222222222222,903,0,0
9,6,31,0.2,wave,0.075,3,0.03972222222222222,877,0,0
9,6,32,0.2,wave,0.075,3,0.03972222222222222,875,0,0
9,6,33,0.2,wave,0.075,3,0.03972222222222222,879,0,0
9,6,34,0.2,wave,0.075,3,0.03972222222222222,850,0,0
9,6,35,0.2,wave,0.075,3,0.03972222222222222,803,0,0
9,6,36,0.2,wave,0.075,3,0.03972222222222222,800,0,0
9,6,37,0.2,wave,0.075,3,0.03972222222222222,789,0,0
9,6,38,0.2,wave,0.075,3,0.03972222222222222,788,0,0
9,6,39,0.2,wave,0.075,3,0.03972222222222222,789,0,0
9,6,40,0.2,wave,0.075,3,0.03972222222222222,775,0,0
9,6,41,0.2,wave,0.075,3,0.03972222222222222,771,0,0
9,6,42,0.2,wave,0.075,3,0.03972222222222222,759,0,0
9,6,43,0.2,wave,0.075,3,0.03972222222222222,760,0,0
9,6,44,0.2,wave,0.075,3,0.03972222222222222,752,0,0
9,6,45,0.2,wave,0.075,3,0.03972222222222222,754,0,0
9,6,46,0.2,wave,0.075,3,0.03972222222222222,748,0,0
9,6,47,0.2,wave,0.075,3,0.03972222222222222,745,0,0
9,6,48,0.2,wave,0.075,3,0.03972222222222222,741,0,0
9,6,49,0.2,wave,0.075,3,0.03972222222222222,735,0,0
9,6,50,0.2,wave,0.075,3,0.03972222222222222,730,0,0
9,6,51,0.2,wave,0.075,3,0.03972222222222222,726,0,0
9,6,52,0.2,wave,0.075,3,0.03972222222222222,720,0,0
9,7,1,0.2,wave,0.075,3,0.03972222222222222,722,0,0
9,7,2,0.2,wave,0.075,3,0.03972222222222222,708,0,0
9,7,3,0.2,wave,0.075,3,0.03972222222222222,709,0,0
9,7,4,0.2,wave,0.075,3,0.03972222222222222,700,0,0
9,7,5,0.2,wave,0.075,3,0.03972222222222222,703,0,0
9,7,6,0.2,wave,0.075,3,0.03972222222222222,699,0,0
9,7,7,0.2,wave,0.075,3,0.03972222222222222,699,0,0
9,7,8,0.2,wave,0.075,3,0.03972222222222222,691,0,0
9,7,9,0.2,wave,0.075,3,0.03972222222222222,693,0,0
9,7,10,0.2,wave,0.075,3,0.03972222222222222,686,0,0
9,7,11,0.2,wave,0.075,3,0.03972222222222222,668,0,0
9,7,12,0.2,wave,0.075,3,0.03972222222222222,668,0,0
9,7,13,0.2,wave,0.075,3,0.03972222222222222,664,0,0
9,7,14,0.2,wave,0.075,3,0.03972222222222222,667,0,0
9,7,15,0.2,wave,0.075,3,0.03972222222222222,660,0,0
9,7,16,0.2,wave,0.075,3,0.03972222222222222,662,0,0
9,7,17,0.2,wave,0.075,3,0.03972222222222222,656,0,0
9,7,18,0.2,wave,0.075,3,0.03972222222222222,661,0,0
9,7,19,0.2,wave,0.075,3,0.03972222222222222,652,0,0
9,7,20,0.2,wave,0.075,3,0.03972222222222222,985,0,0
9,7,21,0.2,wave,0.075,3,0.03972222222222222,976,0,0
9,7,22,0.2,wave,0.075,3,0.03972222222222222,968,0,0
9,7,23,0.2,wave,0.075,3,0.03972222222222222,910,0,0
9,7,24,0.2,wave,0.075,3,0.03972222222222222,907,0,0
9,7,25,0.2,wave,0.075,3,0.03972222222222222,885,0,0
9,7,26,0.2,wave,0.075,3,0.03972222222222222,867,0,0
9,7,27,0.2,wave,0.075,3,0.03972222222222222,864,0,0
9,7,28,0.2,wave,0.075,3,0.03972222222222222,842,0,0
9,7,29,0.2,wave,0.075,3,0.03972222222222222,832,0,0
9,7,30,0.2,wave,0.075,3,0.03972222222222222,828,0,0
9,7,31,0.2,wave,0.075,3,0.03972222222222222,812,0,0
9,7,32,0.2,wave,0.075,3,0.03972222222222222,801,0,0
9,7,33,0.2,wave,0.075,3,0.03972222222222222,791,0,0
9,7,34,0.2,wave,0.075,3,0.03972222222222222,795,0,0
9,7,35,0.2,wave,0.075,3,0.03972222222222222,772,0,0
9,7,36,0.2,wave,0.075,3,0.03972222222222222,772,0,0
9,7,37,0.2,wave,0.075,3,0.03972222222222222,756,0,0
9,7,38,0.2,wave,0.075,3,0.03972222222222222,763,0,0
9,7,39,0.2,wave,0.075,3,0.03972222222222222,750,0,0
9,7,40,0.2,wave,0.075,3,0.03972222222222222,730,0,0
9,7,41,0.2,wave,0.075,3,0.03972222222222222,721,0,0
9,7,42,0.2,wave,0.075,3,0.03972222222222222,719,0,0
9,7,43,0.2,wave,0.075,3,0.03972222222222222,709,0,0
9,7,44,0.2,wave,0.075,3,0.03972222222222222,707,0,0
9,7,45,0.2,wave,0.075,3,0.03972222222222222,704,0,0
9,7,46,0.2,wave,0.075,3,0.03972222222222222,706,0,0
9,7,47,0.2,wave,0.075,3,0.03972222222222222,699,0,0
9,7,48,0.2,wave,0.075,3,0.03972222222222222,698,0,0
9,7,49,0.2,wave,0.075,3,0.03972222222222222,694,0,0
9,7,50,0.2,wave,0.075,3,0.03972222222222222,692,0,0
9,7,51,0.2,wave,0.075,3,0.03972222222222222,673,0,0
9,7,52,0.2,wave,0.075,3,0.03972222222222222,675,0,0
9,8,1,0.2,wave,0.075,3,0.03972222222222222,649,0,0
9,8,2,0.2,wave,0.075,3,0.03972222222222222,654,0,0
9,8,3,0.2,wave,0.075,3,0.03972222222222222,651,0,0
9,8,4,0.2,wave,0.075,3,0.03972222222222222,653,0,0
9,8,5,0.2,wave,0.075,3,0.03972222222222222,648,0,0
9,8,6,0.2,wave,0.075,3,0.03972222222222222,646,0,0
9,8,7,0.2,wave,0.075,3,0.03972222222222222,646,0,0
9,8,8,0.2,wave,0.075,3,0.03972222222222222,645,0,0
9,8,9,0.2,wave,0.075,3,0.03972222222222222,640,0,0
9,8,10,0.2,wave,0.075,3,0.03972222222222222,646,0,0
9,8,11,0.2,wave,0.075,3,0.03972222222222222,643,0,0
9,8,12,0.2,wave,0.075,3,0.03972222222222222,640,0,0
9,8,13,0.2,wave,0.075,3,0.03972222222222222,643,0,0
9,8,14,0.2,wave,0.075,3,0.03972222222222222,638,0,0
9,8,15,0.2,wave,0.075,3,0.03972222222222222,638,0,0
9,8,16,0.2,wave,0.075,3,0.03972222222222222,641,0,0
9,8,17,0.2,wave,0.075,3,0.03972222222222222,636,0,0
9,8,18,0.2,wave,0.075,3,0.03972222222222222,639,0,0
9,8,19,0.2,wave,0.075,3,0.03972222222222222,634,0,0
9,8,20,0.2,wave,0.075,3,0.03972222222222222,941,0,0
9,8,21,0.2,wave,0.075,3,0.03972222222222222,909,0,0
9,8,22,0.2,wave,0.075,3,0.03972222222222222,896,0,0
9,8,23,0.2,wave,0.075,3,0.03972222222222222,886,0,0
9,8,24,0.2,wave,0.075,3,0.03972222222222222,885,0,0
9,8,25,0.2,wave,0.075,3,0.03972222222222222,875,0,0
9,8,26,0.2,wave,0.075,3,0.03972222222222222,873,0,0
9,8,27,0.2,wave,0.075,3,0.03972222222222222,838,0,0
9,8,28,0.2,wave,0.075,3,0.03972222222222222,847,0,0
9,8,29,0.2,wave,0.075,3,0.03972222222222222,835,0,0
9,8,30,0.2,wave,0.075,3,0.03972222222222222,841,0,0
9,8,31,0.2,wave,0.075,3,0.03972222222222222,821,0,0
9,8,32,0.2,wave,0.075,3,0.03972222222222222,825,0,0
9,8,33,0.2,wave,0.075,3,0.03972222222222222,817,0,0
9,8,34,0.2,wave,0.075,3,0.03972222222222222,824,0,0
9,8,35,0.2,wave,0.075,3,0.03972222222222222,823,0,0
9,8,36,0.2,wave,0.075,3,0.03972222222222222,825,0,0
9,8,37,0.2,wave,0.075,3,0.03972222222222222,824,0,0
9,8,38,0.2,wave,0.075,3,0.03972222222222222,827,0,0
9,8,39,0.2,wave,0.075,3,0.03972222222222222,821,0,0
9,8,40,0.2,wave,0.075,3,0.03972222222222222,819,0,0
9,8,41,0.2,wave,0.075,3,0.03972222222222222,807,0,0
9,8,42,0.2,wave,0.075,3,0.03972222222222222,807,0,0
9,8,43,0.2,wave,0.075,3,0.03972222222222222,806,0,0
9,8,44,0.2,wave,0.075,3,0.03972222222222222,802,0,0
9,8,45,0.2,wave,0.075,3,0.03972222222222222,799,0,0
9,8,46,0.2,wave,0.075,3,0.03972222222222222,793,0,0
9,8,47,0.2,wave,0.075,3,0.03972222222222222,790,0,0
9,8,48,0.2,wave,0.075,3,0.03972222222222222,790,0,0
9,8,49,0.2,wave,0.075,3,0.03972222222222222,788,0,0
9,8,50,0.2,wave,0.075,3,0.03972222222222222,788,0,0
9,8,51,0.2,wave,0.075,3,0.03972222222222222,787,0,0
9,8,52,0.2,wave,0.075,3,0.03972222222222222,783,0,0
9,9,1,0.2,wave,0.075,3,0.03972222222222222,782,0,0
9,9,2,0.2,wave,0.075,3,0.03972222222222222,763,0,0
9,9,3,0.2,wave,0.075,3,0.03972222222222222,759,0,0
9,9,4,0.2,wave,0.075,3,0.03972222222222222,755,0,0
9,9,5,0.2,wave,0.075,3,0.03972222222222222,761,0,0
9,9,6,0.2,wave,0.075,3,0.03972222222222222,748,0,0
9,9,7,0.2,wave,0.075,3,0.03972222222222222,753,0,0
9,9,8,0.2,wave,0.075,3,0.03972222222222222,748,0,0
9,9,9,0.2,wave,0.075,3,0.03972222222222222,751,0,0
9,9,10,0.2,wave,0.075,3,0.03972222222222222,736,0,0
9,9,11,0.2,wave,0.075,3,0.03972222222222222,734,0,0
9,9,12,0.2,wave,0.075,3,0.03972222222222222,730,0,0
9,9,13,0.2,wave,0.075,3,0.03972222222222222,720,0,0
9,9,14,0.2,wave,0.075,3,0.03972222222222222,718,0,0
9,9,15,0.2,wave,0.075,3,0.03972222222222222,722,0,0
9,9,16,0.2,wave,0.075,3,0.03972222222222222,719,0,0
9,9,17,0.2,wave,0.075,3,0.03972222222222222,727,0,0
9,9,18,0.2,wave,0.075,3,0.03972222222222222,721,0,0
9,9,19,0.2,wave,0.075,3,0.03972222222222222,726,0,0
9,9,20,0.2,wave,0.075,3,0.03972222222222222,996,0,0
9,9,21,0.2,wave,0.075,3,0.03972222222222222,1009,0,0
9,9,22,0.2,wave,0.075,3,0.03972222222222222,966,0,0
9,9,23,0.2,wave,0.075,3,0.03972222222222222,963,0,0
9,9,24,0.2,wave,0.075,3,0.03972222222222222,957,0,0
9,9,25,0.2,wave,0.075,3,0.03972222222222222,962,0,0
9,9,26,0.2,wave,0.075,3,0.03972222222222222,930,0,0
9,9,27,0.2,wave,0.075,3,0.03972222222222222,896,0,0
9,9,28,0.2,wave,0.075,3,0.03972222222222222,880,0,0
9,9,29,0.2,wave,0.075,3,0.03972222222222222,886,0,0
9,9,30,0.2,wave,0.075,3,0.03972222222222222,878,0,0
9,9,31,0.2,wave,0.075,3,0.03972222222222222,875,0,0
9,9,32,0.2,wave,0.075,3,0.03972222222222222,868,0,0
9,9,33,0.2,wave,0.075,3,0.03972222222222222,873,0,0
9,9,34,0.2,wave,0.075,3,0.03972222222222222,855,0,0
9,9,35,0.2,wave,0.075,3,0.03972222222222222,862,0,0
9,9,36,0.2,wave,0.075,3,0.03972222222222222,854,0,0
9,9,37,0.2,wave,0.075,3,0.03972222222222222,848,0,0
9,9,38,0.2,wave,0.075,3,0.03972222222222222,827,0,0
9,9,39,0.2,wave,0.075,3,0.03972222222222222,832,0,0
9,9,40,0.2,wave,0.075,3,0.03972222222222222,833,0,0
9,9,41,0.2,wave,0.075,3,0.03972222222222222,831,0,0
9,9,42,0.2,wave,0.075,3,0.03972222222222222,835,0,0
9,9,43,0.2,wave,0.075,3,0.03972222222222222,822,0,0
9,9,44,0.2,wave,0.075,3,0.03972222222222222,825,0,0
9,9,45,0.2,wave,0.075,3,0.03972222222222222,824,0,0
9,9,46,0.2,wave,0.075,3,0.03972222222222222,826,0,0
9,9,47,0.2,wave,0.075,3,0.03972222222222222,822,0,0
9,9,48,0.2,wave,0.075,3,0.03972222222222222,819,0,0
9,9,49,0.2,wave,0.075,3,0.03972222222222222,818,0,0
9,9,50,0.2,wave,0.075,3,0.03972222222222222,816,0,0
9,9,51,0.2,wave,0.075,3,0.03972222222222222,801,0,0
9,9,52,0.2,wave,0.075,3,0.03972222222222222,798,0,0
9,10,1,0.2,wave,0.075,3,0.03972222222222222,794,0,0
9,10,2,0.2,wave,0.075,3,0.03972222222222222,793,0,0
9,10,3,0.2,wave,0.075,3,0.03972222222222222,795,0,0
9,10,4,0.2,wave,0.075,3,0.03972222222222222,794,0,0
9,10,5,0.2,wave,0.075,3,0.03972222222222222,792,0,0
9,10,6,0.2,wave,0.075,3,0.03972222222222222,792,0,0
9,10,7,0.2,wave,0.075,3,0.03972222222222222,788,0,0
9,10,8,0.2,wave,0.075,3,0.03972222222222222,791,0,0
9,10,9,0.2,wave,0.075,3,0.03972222222222222,783,0,0
9,10,10,0.2,wave,0.075,3,0.03972222222222222,786,0,0
9,10,11,0.2,wave,0.075,3,0.03972222222222222,784,0,0
9,10,12,0.2,wave,0.075,3,0.03972222222222222,785,0,0
9,10,13,0.2,wave,0.075,3,0.03972222222222222,780,0,0
9,10,14,0.2,wave,0.075,3,0.03972222222222222,782,0,0
9,10,15,0.2,wave,0.075,3,0.03972222222222222,780,0,0
9,10,16,0.2,wave,0.075,3,0.03972222222222222,784,0,0
9,10,17,0.2,wave,0.075,3,0.03972222222222222,782,0,0
9,10,18,0.2,wave,0.075,3,0.03972222222222222,783,0,0
9,10,19,0.2,wave,0.075,3,0.03972222222222222,784,0,0
9,10,20,0.2,wave,0.075,3,0.03972222222222222,1127,0,0
9,10,21,0.2,wave,0.075,3,0.03972222222222222,1122,0,0
9,10,22,0.2,wave,0.075,3,0.03972222222222222,1085,0,0
9,10,23,0.2,wave,0.075,3,0.03972222222222222,1044,0,0
9,10,24,0.2,wave,0.075,3,0.03972222222222222,1021,0,0
9,10,25,0.2,wave,0.075,3,0.03972222222222222,1004,0,0
9,10,26,0.2,wave,0.075,3,0.03972222222222222,997,0,0
9,10,27,0.2,wave,0.075,3,0.03972222222222222,972,0,0
9,10,28,0.2,wave,0.075,3,0.03972222222222222,978,0,0
9,10,29,0.2,wave,0.075,3,0.03972222222222222,974,0,0
9,10,30,0.2,wave,0.075,3,0.03972222222222222,979,0,0
9,10,31,0.2,wave,0.075,3,0.03972222222222222,972,0,0
9,10,32,0.2,wave,0.075,3,0.03972222222222222,951,0,0
9,10,33,0.2,wave,0.075,3,0.03972222222222222,932,0,0
9,10,34,0.2,wave,0.075,3,0.03972222222222222,924,0,0
9,10,35,0.2,wave,0.075,3,0.03972222222222222,902,0,0
9,10,36,0.2,wave,0.075,3,0.03972222222222222,907,0,0
9,10,37,0.2,wave,0.075,3,0.03972222222222222,904,0,0
9,10,38,0.2,wave,0.075,3,0.03972222222222222,894,0,0
9,10,39,0.2,wave,0.075,3,0.03972222222222222,900,0,0
9,10,40,0.2,wave,0.075,3,0.03972222222222222,898,0,0
9,10,41,0.2,wave,0.075,3,0.03972222222222222,898,0,0
9,10,42,0.2,wave,0.075,3,0.03972222222222222,897,0,0
9,10,43,0.2,wave,0.075,3,0.03972222222222222,896,0,0
9,10,44,0.2,wave,0.075,3,0.03972222222222222,895,0,0
9,10,45,0.2,wave,0.075,3,0.03972222222222222,891,0,0
9,10,46,0.2,wave,0.075,3,0.03972222222222222,892,0,0
9,10,47,0.2,wave,0.075,3,0.03972222222222222,891,0,0
9,10,48,0.2,wave,0.075,3,0.03972222222222222,886,0,0
9,10,49,0.2,wave,0.075,3,0.03972222222222222,875,0,0
9,10,50,0.2,wave,0.075,3,0.03972222222222222,870,0,0
9,10,51,0.2,wave,0.075,3,0.03972222222222222,876,0,0
9,10,52,0.2,wave,0.075,3,0.03972222222222222,870,0,0
10,1,1,0.2,wave,0.075,3,0.04861111111111111,6564,52,12
10,1,2,0.2,wave,0.075,3,0.04861111111111111,6389,54,24
10,1,3,0.2,wave,0.075,3,0.04861111111111111,6285,80,35
10,1,4,0.2,wave,0.075,3,0.04861111111111111,6032,110,28
10,1,5,0.2,wave,0.075,3,0.04861111111111111,5886,139,30
10,1,6,0.2,wave,0.075,3,0.04861111111111111,5700,133,50
10,1,7,0.2,wave,0.075,3,0.04861111111111111,5623,183,69
10,1,8,0.2,wave,0.075,3,0.04861111111111111,5360,238,87
10,1,9,0.2,wave,0.075,3,0.04861111111111111,5115,280,93
10,1,10,0.2,wave,0.075,3,0.04861111111111111,4923,318,107
10,1,11,0.2,wave,0.075,3,0.04861111111111111,4676,365,135
10,1,12,0.2,wave,0.075,3,0.04861111111111111,4479,405,161
10,1,13,0.2,wave,0.075,3,0.04861111111111111,4321,446,187
10,1,14,0.2,wave,0.075,3,0.04861111111111111,4148,458,210
10,1,15,0.2,wave,0.075,3,0.04861111111111111,4030,469,216
10,1,16,0.2,wave,0.075,3,0.04861111111111111,3879,463,225
10,1,17,0.2,wave,0.075,3,0.04861111111111111,3715,421,209
10,1,18,0.2,wave,0.075,3,0.04861111111111111,3573,423,220
10,1,19,0.2,wave,0.075,3,0.04861111111111111,3396,400,212
10,1,20,0.2,wave,0.075,3,0.04861111111111111,4876,390,201
10,1,21,0.2,wave,0.075,3,0.04861111111111111,4562,415,171
10,1,22,0.2,wave,0.075,3,0.04861111111111111,4368,432,182
10,1,23,0.2,wave,0.075,3,0.04861111111111111,4282,444,196
10,1,24,0.2,wave,0.075,3,0.04861111111111111,4176,467,222
10,1,25,0.2,wave,0.075,3,0.04861111111111111,4079,469,217
10,1,26,0.2,wave,0.075,3,0.04861111111111111,3819,473,219
10,1,27,0.2,wave,0.075,3,0.04861111111111111,3732,443,201
10,1,28,0.2,wave,0.075,3,0.04861111111111111,3633,465,209
10,1,29,0.2,wave,0.075,3,0.04861111111111111,3528,459,219
10,1,30,0.2,wave,0.075,3,0.04861111111111111,3402,476,222
10,1,31,0.2,wave,0.075,3,0.04861111111111111,3221,441,203
10,1,32,0.2,wave,0.075,3,0.04861111111111111,3111,429,188
10,1,33,0.2,wave,0.075,3,0.04861111111111111,2957,435,196
10,1,34,0.2,wave,0.075,3,0.04861111111111111,2877,438,208
10,1,35,0.2,wave,0.075,3,0.04861111111111111,2751,422,223
10,1,36,0.2,wave,0.075,3,0.04861111111111111,2595,398,200
10,1,37,0.2,wave,0.075,3,0.04861111111111111,2505,388,201
10,1,38,0.2,wave,0.075,3,0.04861111111111111,2390,343,170
10,1,39,0.2,wave,0.075,3,0.04861111111111111,2313,344,184
10,1,40,0.2,wave,0.075,3,0.04861111111111111,2233,327,170
10,1,41,0.2,wave,0.075,3,0.04861111111111111,2136,313,160
10,1,42,0.2,wave,0.075,3,0.04861111111111111,2052,280,144
10,1,43,0.2,wave,0.075,3,0.04861111111111111,1979,273,141
10,1,44,0.2,wave,0.075,3,0.04861111111111111,1918,241,136
10,1,45,0.2,wave,0.075,3,0.04861111111111111,1836,216,125
10,1,46,0.2,wave,0.075,3,0.04861111111111111,1785,183,115
10,1,47,0.2,wave,0.075,3,0.04861111111111111,1718,160,97
10,1,48,0.2,wave,0.075,3,0.04861111111111111,1681,137,86
10,1,49,0.2,wave,0.075,3,0.04861111111111111,1605,107,66
10,1,50,0.2,wave,0.075,3,0.04861111111111111,1578,93,51
10,1,51,0.2,wave,0.075,3,0.04861111111111111,1524,73,44
10,1,52,0.2,wave,0.075,3,0.04861111111111111,1500,57,36
10,2,1,0.2,wave,0.075,3,0.04861111111111111,1462,54,33
10,2,2,0.2,wave,0.075,3,0.04861111111111111,1428,44,29
10,2,3,0.2,wave,0.075,3,0.04861111111111111,1398,39,22
10,2,4,0.2,wave,0.075,3,0.04861111111111111,1386,38,19
10,2,5,0.2,wave,0.075,3,0.04861111111111111,1353,29,10
10,2,6,0.2,wave,0.075,3,0.04861111111111111,1352,33,15
10,2,7,0.2,wave,0.075,3,0.04861111111111111,1330,36,15
10,2,8,0.2,wave,0.075,3,0.04861111111111111,1324,40,18
10,2,9,0.2,wave,0.075,3,0.04861111111111111,1275,36,15
10,2,10,0.2,wave,0.075,3,0.04861111111111111,1273,36,18
10,2,11,0.2,wave,0.075,3,0.04861111111111111,1230,33,18
10,2,12,0.2,wave,0.075,3,0.04861111111111111,1224,33,15
10,2,13,0.2,wave,0.075,3,0.04861111111111111,1169,34,13
10,2,14,0.2,wave,0.075,3,0.04861111111111111,1167,28,11
10,2,15,0.2,wave,0.075,3,0.04861111111111111,1130,31,16
10,2,16,0.2,wave,0.075,3,0.04861111111111111,1118,29,18
10,2,17,0.2,wave,0.075,3,0.04861111111111111,1089,22,15
10,2,18,0.2,wave,0.075,3,0.04861111111111111,1090,17,13
10,2,19,0.2,wave,0.075,3,0.04861111111111111,1072,15,9
10,2,20,0.2,wave,0.075,3,0.04861111111111111,1582,13,9
10,2,21,0.2,wave,0.075,3,0.04861111111111111,1545,13,6
10,2,22,0.2,wave,0.075,3,0.04861111111111111,1547,14,5
10,2,23,0.2,wave,0.075,3,0.04861111111111111,1508,10,5
10,2,24,0.2,wave,0.075,3,0.04861111111111111,1503,9,5
10,2,25,0.2,wave,0.075,3,0.04861111111111111,1474,10,5
10,2,26,0.2,wave,0.075,3,0.04861111111111111,1487,7,3
10,2,27,0.2,wave,0.075,3,0.04861111111111111,1447,9,2
10,2,28,0.2,wave,0.075,3,0.04861111111111111,1434,9,2
10,2,29,0.2,wave,0.075,3,0.04861111111111111,1410,10,4
10,2,30,0.2,wave,0.075,3,0.04861111111111111,1407,14,6
10,2,31,0.2,wave,0.075,3,0.04861111111111111,1376,12,5
10,2,32,0.2,wave,0.075,3,0.04861111111111111,1362,11,5
10,2,33,0.2,wave,0.075,3,0.04861111111111111,1358,12,4
10,2,34,0.2,wave,0.075,3,0.04861111111111111,1351,16,6
10,2,35,0.2,wave,0.075,3,0.04861111111111111,1317,17,4
10,2,36,0.2,wave,0.075,3,0.04861111111111111,1285,18,5
10,2,37,0.2,wave,0.075,3,0.04861111111111111,1267,19,8
10,2,38,0.2,wave,0.075,3,0.04861111111111111,1237,20,11
10,2,39,0.2,wave,0.075,3,0.04861111111111111,1207,15,8
10,2,40,0.2,wave,0.075,3,0.04861111111111111,1195,11,6
10,2,41,0.2,wave,0.075,3,0.04861111111111111,1186,9,6
10,2,42,0.2,wave,0.075,3,0.04861111111111111,1180,10,6
10,2,43,0.2,wave,0.075,3,0.04861111111111111,1154,8,4
10,2,44,0.2,wave,0.075,3,0.04861111111111111,1130,5,3
10,2,45,0.2,wave,0.075,3,0.04861111111111111,1106,6,4
10,2,46,0.2,wave,0.075,3,0.04861111111111111,1089,5,3
10,2,47,0.2,wave,0.075,3,0.04861111111111111,1080,4,2
10,2,48,0.2,wave,0.075,3,0.04861111111111111,1059,3,2
10,2,49,0.2,wave,0.075,3,0.04861111111111111,1045,3,1
10,2,50,0.2,wave,0.075,3,0.04861111111111111,1032,3,2
10,2,51,0.2,wave,0.075,3,0.04861111111111111,1017,2,2
10,2,52,0.2,wave,0.075,3,0.04861111111111111,1000,5,2
10,3,1,0.2,wave,0.075,3,0.04861111111111111,997,5,1
10,3,2,0.2,wave,0.075,3,0.04861111111111111,980,4,2
10,3,3,0.2,wave,0.075,3,0.04861111111111111,975,5,3
10,3,4,0.2,wave,0.075,3,0.04861111111111111,972,6,3
10,3,5,0.2,wave,0.075,3,0.04861111111111111,962,5,1
10,3,6,0.2,wave,0.075,3,0.04861111111111111,952,6,2
10,3,7,0.2,wave,0.075,3,0.04861111111111111,940,9,4
10,3,8,0.2,wave,0.075,3,0.04861111111111111,934,11,6
10,3,9,0.2,wave,0.075,3,0.04861111111111111,929,10,6
10,3,10,0.2,wave,0.075,3,0.04861111111111111,923,9,4
10,3,11,0.2,wave,0.075,3,0.04861111111111111,911,8,2
10,3,12,0.2,wave,0.075,3,0.04861111111111111,904,6,2
10,3,13,0.2,wave,0.075,3,0.04861111111111111,897,6,3
10,3,14,0.2,wave,0.075,3,0.04861111111111111,897,7,3
10,3,15,0.2,wave,0.075,3,0.04861111111111111,886,5,4
10,3,16,0.2,wave,0.075,3,0.04861111111111111,875,6,4
10,3,17,0.2,wave,0.075,3,0.04861111111111111,868,6,4
10,3,18,0.2,wave,0.075,3,0.04861111111111111,863,3,2
10,3,19,0.2,wave,0.075,3,0.04861111111111111,843,3,1
10,3,20,0.2,wave,0.075,3,0.04861111111111111,1212,3,2
10,3,21,0.2,wave,0.075,3,0.04861111111111111,1188,3,2
10,3,22,0.2,wave,0.075,3,0.04861111111111111,1190,5,2
10,3,23,0.2,wave,0.075,3,0.04861111111111111,1162,8,2
10,3,24,0.2,wave,0.075,3,0.04861111111111111,1152,8,2
10,3,25,0.2,wave,0.075,3,0.04861111111111111,1134,10,2
10,3,26,0.2,wave,0.075,3,0.04861111111111111,1147,10,2
10,3,27,0.2,wave,0.075,3,0.04861111111111111,1107,12,4
10,3,28,0.2,wave,0.075,3,0.04861111111111111,1117,15,8
10,3,29,0.2,wave,0.075,3,0.04861111111111111,1088,17,9
10,3,30,0.2,wave,0.075,3,0.04861111111111111,1081,20,6
10,3,31,0.2,wave,0.075,3,0.04861111111111111,1046,20,6
10,3,32,0.2,wave,0.075,3,0.04861111111111111,1031,18,6
10,3,33,0.2,wave,0.075,3,0.04861111111111111,1015,19,9
10,3,34,0.2,wave,0.075,3,0.04861111111111111,996,18,10
10,3,35,0.2,wave,0.075,3,0.04861111111111111,974,16,10
10,3,36,0.2,wave,0.075,3,0.04861111111111111,965,15,12
10,3,37,0.2,wave,0.075,3,0.04861111111111111,943,15,8
10,3,38,0.2,wave,0.075,3,0.04861111111111111,919,14,5
10,3,39,0.2,wave,0.075,3,0.04861111111111111,914,12,5
10,3,40,0.2,wave,0.075,3,0.04861111111111111,901,15,5
10,3,41,0.2,wave,0.075,3,0.04861111111111111,889,15,12
10,3,42,0.2,wave,0.075,3,0.04861111111111111,870,16,9
10,3,43,0.2,wave,0.075,3,0.04861111111111111,855,14,10
10,3,44,0.2,wave,0.075,3,0.04861111111111111,840,9,5
10,3,45,0.2,wave,0.075,3,0.04861111111111111,826,8,4
10,3,46,0.2,wave,0.075,3,0.04861111111111111,810,5,2
10,3,47,0.2,wave,0.075,3,0.04861111111111111,812,4,1
10,3,48,0.2,wave,0.075,3,0.04861111111111111,788,3,1
10,3,49,0.2,wave,0.075,3,0.04861111111111111,789,2,1
10,3,50,0.2,wave,0.075,3,0.04861111111111111,780,3,1
10,3,51,0.2,wave,0.075,3,0.04861111111111111,769,3,1
10,3,52,0.2,wave,0.075,3,0.04861111111111111,763,3,0
10,4,1,0.2,wave,0.075,3,0.04861111111111111,758,4,2
10,4,2,0.2,wave,0.075,3,0.04861111111111111,756,4,2
10,4,3,0.2,wave,0.075,3,0.04861111111111111,744,4,2
10,4,4,0.2,wave,0.075,3,0.04861111111111111,747,3,1
10,4,5,0.2,wave,0.075,3,0.04861111111111111,737,3,1
10,4,6,0.2,wave,0.075,3,0.04861111111111111,737,3,2
10,4,7,0.2,wave,0.075,3,0.04861111111111111,723,3,2
10,4,8,0.2,wave,0.075,3,0.04861111111111111,728,2,1
10,4,9,0.2,wave,0.075,3,0.04861111111111111,721,1,0
10,4,10,0.2,wave,0.075,3,0.04861111111111111,719,1,0
10,4,11,0.2,wave,0.075,3,0.04861111111111111,710,1,1
10,4,12,0.2,wave,0.075,3,0.04861111111111111,717,2,1
10,4,13,0.2,wave,0.075,3,0.04861111111111111,707,2,2
10,4,14,0.2,wave,0.075,3,0.04861111111111111,706,1,1
10,4,15,0.2,wave,0.075,3,0.04861111111111111,697,1,1
10,4,16,0.2,wave,0.075,3,0.04861111111111111,693,0,0
10,4,17,0.2,wave,0.075,3,0.04861111111111111,689,0,0
10,4,18,0.2,wave,0.075,3,0.04861111111111111,688,0,0
10,4,19,0.2,wave,0.075,3,0.04861111111111111,685,0,0
10,4,20,0.2,wave,0.075,3,0.04861111111111111,1041,0,0
10,4,21,0.2,wave,0.075,3,0.04861111111111111,1053,0,0
10,4,22,0.2,wave,0.075,3,0.04861111111111111,1027,0,0
10,4,23,0.2,wave,0.075,3,0.04861111111111111,1040,0,0
10,4,24,0.2,wave,0.075,3,0.04861111111111111,1012,0,0
10,4,25,0.2,wave,0.075,3,0.04861111111111111,1024,0,0
10,4,26,0.2,wave,0.075,3,0.04861111111111111,1000,0,0
10,4,27,0.2,wave,0.075,3,0.04861111111111111,997,0,0
10,4,28,0.2,wave,0.075,3,0.04861111111111111,1001,0,0
10,4,29,0.2,wave,0.075,3,0.04861111111111111,996,0,0
10,4,30,0.2,wave,0.075,3,0.04861111111111111,985,0,0
10,4,31,0.2,wave,0.075,3,0.04861111111111111,946,0,0
10,4,32,0.2,wave,0.075,3,0.04861111111111111,938,0,0
10,4,33,0.2,wave,0.075,3,0.04861111111111111,916,0,0
10,4,34,0.2,wave,0.075,3,0.04861111111111111,908,0,0
10,4,35,0.2,wave,0.075,3,0.04861111111111111,903,0,0
10,4,36,0.2,wave,0.075,3,0.04861111111111111,886,0,0
10,4,37,0.2,wave,0.075,3,0.04861111111111111,877,0,0
10,4,38,0.2,wave,0.075,3,0.04861111111111111,864,0,0
10,4,39,0.2,wave,0.075,3,0.04861111111111111,868,0,0
10,4,40,0.2,wave,0.075,3,0.04861111111111111,835,0,0
10,4,41,0.2,wave,0.075,3,0.04861111111111111,827,0,0
10,4,42,0.2,wave,0.075,3,0.04861111111111111,824,0,0
10,4,43,0.2,wave,0.075,3,0.04861111111111111,814,0,0
10,4,44,0.2,wave,0.075,3,0.04861111111111111,809,0,0
10,4,45,0.2,wave,0.075,3,0.04861111111111111,796,0,0
10,4,46,0.2,wave,0.075,3,0.04861111111111111,791,0,0
10,4,47,0.2,wave,0.075,3,0.04861111111111111,770,0,0
10,4,48,0.2,wave,0.075,3,0.04861111111111111,769,0,0
10,4,49,0.2,wave,0.075,3,0.04861111111111111,757,0,0
10,4,50,0.2,wave,0.075,3,0.04861111111111111,755,0,0
10,4,51,0.2,wave,0.075,3,0.04861111111111111,745,0,0
10,4,52,0.2,wave,0.075,3,0.04861111111111111,741,0,0
10,5,1,0.2,wave,0.075,3,0.04861111111111111,739,0,0
10,5,2,0.2,wave,0.075,3,0.04861111111111111,731,0,0
10,5,3,0.2,wave,0.075,3,0.04861111111111111,731,0,0
10,5,4,0.2,wave,0.075,3,0.04861111111111111,727,0,0
10,5,5,0.2,wave,0.075,3,0.04861111111111111,725,0,0
10,5,6,0.2,wave,0.075,3,0.04861111111111111,718,0,0
10,5,7,0.2,wave,0.075,3,0.04861111111111111,715,0,0
10,5,8,0.2,wave,0.075,3,0.04861111111111111,712,0,0
10,5,9,0.2,wave,0.075,3,0.04861111111111111,708,0,0
10,5,10,0.2,wave,0.075,3,0.04861111111111111,703,0,0
10,5,11,0.2,wave,0.075,3,0.04861111111111111,705,0,0
10,5,12,0.2,wave,0.075,3,0.04861111111111111,698,0,0
10,5,13,0.2,wave,0.075,3,0.04861111111111111,700,0,0
10,5,14,0.2,wave,0.075,3,0.04861111111111111,698,0,0
10,5,15,0.2,wave,0.075,3,0.04861111111111111,697,0,0
10,5,16,0.2,wave,0.075,3,0.04861111111111111,694,0,0
10,5,17,0.2,wave,0.075,3,0.04861111111111111,698,0,0
10,5,18,0.2,wave,0.075,3,0.04861111111111111,680,0,0
10,5,19,0.2,wave,0.075,3,0.04861111111111111,680,0,0
10,5,20,0.2,wave,0.075,3,0.04861111111111111,1006,0,0
10,5,21,0.2,wave,0.075,3,0.04861111111111111,993,0,0
10,5,22,0.2,wave,0.075,3,0.04861111111111111,1007,0,0
10,5,23,0.2,wave,0.075,3,0.04861111111111111,1002,0,0
10,5,24,0.2,wave,0.075,3,0.04861111111111111,984,0,0
10,5,25,0.2,wave,0.075,3,0.04861111111111111,973,0,0
10,5,26,0.2,wave,0.075,3,0.04861111111111111,949,0,0
10,5,27,0.2,wave,0.075,3,0.04861111111111111,944,0,0
10,5,28,0.2,wave,0.075,3,0.04861111111111111,933,0,0
10,5,29,0.2,wave,0.075,3,0.04861111111111111,906,0,0
10,5,30,0.2,wave,0.075,3,0.04861111111111111,909,0,0
10,5,31,0.2,wave,0.075,3,0.04861111111111111,880,0,0
10,5,32,0.2,wave,0.075,3,0.04861111111111111,871,0,0
10,5,33,0.2,wave,0.075,3,0.04861111111111111,853,0,0
10,5,34,0.2,wave,0.075,3,0.04861111111111111,859,0,0
10,5,35,0.2,wave,0.075,3,0.04861111111111111,837,0,0
10,5,36,0.2,wave,0.075,3,0.04861111111111111,840,0,0
10,5,37,0.2,wave,0.075,3,0.04861111111111111,817,0,0
10,5,38,0.2,wave,0.075,3,0.04861111111111111,820,0,0
10,5,39,0.2,wave,0.075,3,0.04861111111111111,815,0,0
10,5,40,0.2,wave,0.075,3,0.04861111111111111,819,0,0
10,5,41,0.2,wave,0.075,3,0.04861111111111111,803,0,0
10,5,42,0.2,wave,0.075,3,0.04861111111111111,801,0,0
10,5,43,0.2,wave,0.075,3,0.04861111111111111,779,0,0
10,5,44,0.2,wave,0.075,3,0.04861111111111111,778,0,0
10,5,45,0.2,wave,0.075,3,0.04861111111111111,766,0,0
10,5,46,0.2,wave,0.075,3,0.04861111111111111,766,0,0
10,5,47,0.2,wave,0.075,3,0.04861111111111111,744,0,0
10,5,48,0.2,wave,0.075,3,0.04861111111111111,745,0,0
10,5,49,0.2,wave,0.075,3,0.04861111111111111,733,0,0
10,5,50,0.2,wave,0.075,3,0.04861111111111111,729,0,0
10,5,51,0.2,wave,0.075,3,0.04861111111111111,716,0,0
10,5,52,0.2,wave,0.075,3,0.04861111111111111,721,0,0
10,6,1,0.2,wave,0.075,3,0.04861111111111111,713,0,0
10,6,2,0.2,wave,0.075,3,0.04861111111111111,712,0,0
10,6,3,0.2,wave,0.075,3,0.04861111111111111,700,0,0
10,6,4,0.2,wave,0.075,3,0.04861111111111111,701,0,0
10,6,5,0.2,wave,0.075,3,0.04861111111111111,692,0,0
10,6,6,0.2,wave,0.075,3,0.04861111111111111,681,0,0
10,6,7,0.2,wave,0.075,3,0.04861111111111111,673,0,0
10,6,8,0.2,wave,0.075,3,0.04861111111111111,671,0,0
10,6,9,0.2,wave,0.075,3,0.04861111111111111,665,0,0
10,6,10,0.2,wave,0.075,3,0.04861111111111111,665,0,0
10,6,11,0.2,wave,0.075,3,0.04861111111111111,656,0,0
10,6,12,0.2,wave,0.075,3,0.04861111111111111,667,0,0
10,6,13,0.2,wave,0.075,3,0.04861111111111111,657,0,0
10,6,14,0.2,wave,0.075,3,0.04861111111111111,659,0,0
10,6,15,0.2,wave,0.075,3,0.04861111111111111,655,0,0
10,6,16,0.2,wave,0.075,3,0.04861111111111111,655,0,0
10,6,17,0.2,wave,0.075,3,0.04861111111111111,654,0,0
10,6,18,0.2,wave,0.075,3,0.04861111111111111,654,0,0
10,6,19,0.2,wave,0.075,3,0.04861111111111111,651,0,0
10,6,20,0.2,wave,0.075,3,0.04861111111111111,970,0,0
10,6,21,0.2,wave,0.075,3,0.04861111111111111,949,0,0
10,6,22,0.2,wave,0.075,3,0.04861111111111111,938,0,0
10,6,23,0.2,wave,0.075,3,0.04861111111111111,928,0,0
10,6,24,0.2,wave,0.075,3,0.04861111111111111,929,0,0
10,6,25,0.2,wave,0.075,3,0.04861111111111111,914,0,0
10,6,26,0.2,wave,0.075,3,0.04861111111111111,912,0,0
10,6,27,0.2,wave,0.075,3,0.04861111111111111,903,0,0
10,6,28,0.2,wave,0.075,3,0.04861111111111111,908,0,0
10,6,29,0.2,wave,0.075,3,0.04861111111111111,869,0,0
10,6,30,0.2,wave,0.075,3,0.04861111111111111,844,0,0
10,6,31,0.2,wave,0.075,3,0.04861111111111111,819,0,0
10,6,32,0.2,wave,0.075,3,0.04861111111111111,823,0,0
10,6,33,0.2,wave,0.075,3,0.04861111111111111,793,0,0
10,6,34,0.2,wave,0.075,3,0.04861111111111111,802,0,0
10,6,35,0.2,wave,0.075,3,0.04861111111111111,774,0,0
10,6,36,0.2,wave,0.075,3,0.04861111111111111,792,0,0
10,6,37,0.2,wave,0.075,3,0.04861111111111111,764,0,0
10,6,38,0.2,wave,0.075,3,0.04861111111111111,771,0,0
10,6,39,0.2,wave,0.075,3,0.04861111111111111,755,0,0
10,6,40,0.2,wave,0.075,3,0.04861111111111111,765,0,0
10,6,41,0.2,wave,0.075,3,0.04861111111111111,754,0,0
10,6,42,0.2,wave,0.075,3,0.04861111111111111,764,0,0
10,6,43,0.2,wave,0.075,3,0.04861111111111111,744,0,0
10,6,44,0.2,wave,0.075,3,0.04861111111111111,752,0,0
10,6,45,0.2,wave,0.075,3,0.04861111111111111,717,0,0
10,6,46,0.2,wave,0.075,3,0.04861111111111111,714,0,0
10,6,47,0.2,wave,0.075,3,0.04861111111111111,688,0,0
10,6,48,0.2,wave,0.075,3,0.04861111111111111,696,0,0
10,6,49,0.2,wave,0.075,3,0.04861111111111111,687,0,0
10,6,50,0.2,wave,0.075,3,0.04861111111111111,695,0,0
10,6,51,0.2,wave,0.075,3,0.04861111111111111,683,0,0
10,6,52,0.2,wave,0.075,3,0.04861111111111111,688,0,0
10,7,1,0.2,wave,0.075,3,0.04861111111111111,669,0,0
10,7,2,0.2,wave,0.075,3,0.04861111111111111,685,0,0
10,7,3,0.2,wave,0.075,3,0.04861111111111111,665,0,0
10,7,4,0.2,wave,0.075,3,0.04861111111111111,681,0,0
10,7,5,0.2,wave,0.075,3,0.04861111111111111,660,0,0
10,7,6,0.2,wave,0.075,3,0.04861111111111111,677,0,0
10,7,7,0.2,wave,0.075,3,0.04861111111111111,652,0,0
10,7,8,0.2,wave,0.075,3,0.04861111111111111,667,0,0
10,7,9,0.2,wave,0.075,3,0.04861111111111111,644,0,0
10,7,10,0.2,wave,0.075,3,0.04861111111111111,659,0,0
10,7,11,0.2,wave,0.075,3,0.04861111111111111,640,0,0
10,7,12,0.2,wave,0.075,3,0.04861111111111111,653,0,0
10,7,13,0.2,wave,0.075,3,0.04861111111111111,643,0,0
10,7,14,0.2,wave,0.075,3,0.04861111111111111,654,0,0
10,7,15,0.2,wave,0.075,3,0.04861111111111111,646,0,0
10,7,16,0.2,wave,0.075,3,0.04861111111111111,660,0,0
10,7,17,0.2,wave,0.075,3,0.04861111111111111,647,0,0
10,7,18,0.2,wave,0.075,3,0.04861111111111111,657,0,0
10,7,19,0.2,wave,0.075,3,0.04861111111111111,649,0,0
10,7,20,0.2,wave,0.075,3,0.04861111111111111,973,0,0
10,7,21,0.2,wave,0.075,3,0.04861111111111111,938,0,0
10,7,22,0.2,wave,0.075,3,0.04861111111111111,961,0,0
10,7,23,0.2,wave,0.075,3,0.04861111111111111,926,0,0
10,7,24,0.2,wave,0.075,3,0.04861111111111111,915,0,0
10,7,25,0.2,wave,0.075,3,0.04861111111111111,906,0,0
10,7,26,0.2,wave,0.075,3,0.04861111111111111,910,0,0
10,7,27,0.2,wave,0.075,3,0.04861111111111111,893,0,0
10,7,28,0.2,wave,0.075,3,0.04861111111111111,892,0,0
10,7,29,0.2,wave,0.075,3,0.04861111111111111,869,0,0
10,7,30,0.2,wave,0.075,3,0.04861111111111111,863,0,0
10,7,31,0.2,wave,0.075,3,0.04861111111111111,851,0,0
10,7,32,0.2,wave,0.075,3,0.04861111111111111,851,0,0
10,7,33,0.2,wave,0.075,3,0.04861111111111111,849,0,0
10,7,34,0.2,wave,0.075,3,0.04861111111111111,837,0,0
10,7,35,0.2,wave,0.075,3,0.04861111111111111,821,0,0
10,7,36,0.2,wave,0.075,3,0.04861111111111111,820,0,0
10,7,37,0.2,wave,0.075,3,0.04861111111111111,824,0,0
10,7,38,0.2,wave,0.075,3,0.04861111111111111,822,0,0
10,7,39,0.2,wave,0.075,3,0.04861111111111111,825,0,0
10,7,40,0.2,wave,0.075,3,0.04861111111111111,825,0,0
10,7,41,0.2,wave,0.075,3,0.04861111111111111,817,0,0
10,7,42,0.2,wave,0.075,3,0.04861111111111111,823,0,0
10,7,43,0.2,wave,0.075,3,0.04861111111111111,817,0,0
10,7,44,0.2,wave,0.075,3,0.04861111111111111,817,0,0
10,7,45,0.2,wave,0.075,3,0.04861111111111111,798,0,0
10,7,46,0.2,wave,0.075,3,0.04861111111111111,802,0,0
10,7,47,0.2,wave,0.075,3,0.04861111111111111,777,0,0
10,7,48,0.2,wave,0.075,3,0.04861111111111111,784,0,0
10,7,49,0.2,wave,0.075,3,0.04861111111111111,775,0,0
10,7,50,0.2,wave,0.075,3,0.04861111111111111,774,0,0
10,7,51,0.2,wave,0.075,3,0.04861111111111111,767,0,0
10,7,52,0.2,wave,0.075,3,0.04861111111111111,768,0,0
10,8,1,0.2,wave,0.075,3,0.04861111111111111,768,0,0
10,8,2,0.2,wave,0.075,3,0.04861111111111111,753,0,0
10,8,3,0.2,wave,0.075,3,0.04861111111111111,756,0,0
10,8,4,0.2,wave,0.075,3,0.04861111111111111,743,0,0
10,8,5,0.2,wave,0.075,3,0.04861111111111111,738,0,0
10,8,6,0.2,wave,0.075,3,0.04861111111111111,742,0,0
10,8,7,0.2,wave,0.075,3,0.04861111111111111,737,0,0
10,8,8,0.2,wave,0.075,3,0.04861111111111111,719,0,0
10,8,9,0.2,wave,0.075,3,0.04861111111111111,724,0,0
10,8,10,0.2,wave,0.075,3,0.04861111111111111,721,0,0
10,8,11,0.2,wave,0.075,3,0.04861111111111111,724,0,0
10,8,12,0.2,wave,0.075,3,0.04861111111111111,723,0,0
10,8,13,0.2,wave,0.075,3,0.04861111111111111,726,0,0
10,8,14,0.2,wave,0.075,3,0.04861111111111111,726,0,0
10,8,15,0.2,wave,0.075,3,0.04861111111111111,725,0,0
10,8,16,0.2,wave,0.075,3,0.04861111111111111,720,0,0
10,8,17,0.2,wave,0.075,3,0.04861111111111111,727,0,0
10,8,18,0.2,wave,0.075,3,0.04861111111111111,709,0,0
10,8,19,0.2,wave,0.075,3,0.04861111111111111,711,0,0
10,8,20,0.2,wave,0.075,3,0.04861111111111111,1057,0,0
10,8,21,0.2,wave,0.075,3,0.04861111111111111,1050,0,0
10,8,22,0.2,wave,0.075,3,0.04861111111111111,1025,0,0
10,8,23,0.2,wave,0.075,3,0.04861111111111111,1025,0,0
10,8,24,0.2,wave,0.075,3,0.04861111111111111,1008,0,0
10,8,25,0.2,wave,0.075,3,0.04861111111111111,1011,0,0
10,8,26,0.2,wave,0.075,3,0.04861111111111111,979,0,0
10,8,27,0.2,wave,0.075,3,0.04861111111111111,976,0,0
10,8,28,0.2,wave,0.075,3,0.04861111111111111,981,0,0
10,8,29,0.2,wave,0.075,3,0.04861111111111111,971,0,0
10,8,30,0.2,wave,0.075,3,0.04861111111111111,975,0,0
10,8,31,0.2,wave,0.075,3,0.04861111111111111,969,0,0
10,8,32,0.2,wave,0.075,3,0.04861111111111111,966,0,0
10,8,33,0.2,wave,0.075,3,0.04861111111111111,939,0,0
10,8,34,0.2,wave,0.075,3,0.04861111111111111,942,0,0
10,8,35,0.2,wave,0.075,3,0.04861111111111111,927,0,0
10,8,36,0.2,wave,0.075,3,0.04861111111111111,935,0,0
10,8,37,0.2,wave,0.075,3,0.04861111111111111,928,0,0
10,8,38,0.2,wave,0.075,3,0.04861111111111111,936,0,0
10,8,39,0.2,wave,0.075,3,0.04861111111111111,926,0,0
10,8,40,0.2,wave,0.075,3,0.04861111111111111,927,0,0
10,8,41,0.2,wave,0.075,3,0.04861111111111111,920,0,0
10,8,42,0.2,wave,0.075,3,0.04861111111111111,913,0,0
10,8,43,0.2,wave,0.075,3,0.04861111111111111,904,0,0
10,8,44,0.2,wave,0.075,3,0.04861111111111111,911,0,0
10,8,45,0.2,wave,0.075,3,0.04861111111111111,901,0,0
10,8,46,0.2,wave,0.075,3,0.04861111111111111,887,0,0
10,8,47,0.2,wave,0.075,3,0.04861111111111111,877,0,0
10,8,48,0.2,wave,0.075,3,0.04861111111111111,884,0,0
10,8,49,0.2,wave,0.075,3,0.04861111111111111,872,0,0
10,8,50,0.2,wave,0.075,3,0.04861111111111111,873,0,0
10,8,51,0.2,wave,0.075,3,0.04861111111111111,863,0,0
10,8,52,0.2,wave,0.075,3,0.04861111111111111,868,0,0
10,9,1,0.2,wave,0.075,3,0.04861111111111111,855,0,0
10,9,2,0.2,wave,0.075,3,0.04861111111111111,844,0,0
10,9,3,0.2,wave,0.075,3,0.04861111111111111,842,0,0
10,9,4,0.2,wave,0.075,3,0.04861111111111111,838,0,0
10,9,5,0.2,wave,0.075,3,0.04861111111111111,838,0,0
10,9,6,0.2,wave,0.075,3,0.04861111111111111,839,0,0
10,9,7,0.2,wave,0.075,3,0.04861111111111111,836,0,0
10,9,8,0.2,wave,0.075,3,0.04861111111111111,834,0,0
10,9,9,0.2,wave,0.075,3,0.04861111111111111,833,0,0
10,9,10,0.2,wave,0.075,3,0.04861111111111111,840,0,0
10,9,11,0.2,wave,0.075,3,0.04861111111111111,837,0,0
10,9,12,0.2,wave,0.075,3,0.04861111111111111,825,0,0
10,9,13,0.2,wave,0.075,3,0.04861111111111111,825,0,0
10,9,14,0.2,wave,0.075,3,0.04861111111111111,825,0,0
10,9,15,0.2,wave,0.075,3,0.04861111111111111,827,0,0
10,9,16,0.2,wave,0.075,3,0.04861111111111111,824,0,0
10,9,17,0.2,wave,0.075,3,0.04861111111111111,821,0,0
10,9,18,0.2,wave,0.075,3,0.04861111111111111,829,0,0
10,9,19,0.2,wave,0.075,3,0.04861111111111111,822,0,0
10,9,20,0.2,wave,0.075,3,0.04861111111111111,1210,0,0
10,9,21,0.2,wave,0.075,3,0.04861111111111111,1181,0,0
10,9,22,0.2,wave,0.075,3,0.04861111111111111,1153,0,0
10,9,23,0.2,wave,0.075,3,0.04861111111111111,1114,0,0
10,9,24,0.2,wave,0.075,3,0.04861111111111111,1089,0,0
10,9,25,0.2,wave,0.075,3,0.04861111111111111,1083,0,0
10,9,26,0.2,wave,0.075,3,0.04861111111111111,1064,0,0
10,9,27,0.2,wave,0.075,3,0.04861111111111111,1038,0,0
10,9,28,0.2,wave,0.075,3,0.04861111111111111,1005,0,0
10,9,29,0.2,wave,0.075,3,0.04861111111111111,999,0,0
10,9,30,0.2,wave,0.075,3,0.04861111111111111,1004,0,0
10,9,31,0.2,wave,0.075,3,0.04861111111111111,994,0,0
10,9,32,0.2,wave,0.075,3,0.04861111111111111,1004,0,0
10,9,33,0.2,wave,0.075,3,0.04861111111111111,975,0,0
10,9,34,0.2,wave,0.075,3,0.04861111111111111,985,0,0
10,9,35,0.2,wave,0.075,3,0.04861111111111111,966,0,0
10,9,36,0.2,wave,0.075,3,0.04861111111111111,939,0,0
10,9,37,0.2,wave,0.075,3,0.04861111111111111,910,0,0
10,9,38,0.2,wave,0.075,3,0.04861111111111111,929,0,0
10,9,39,0.2,wave,0.075,3,0.04861111111111111,906,0,0
10,9,40,0.2,wave,0.075,3,0.04861111111111111,911,0,0
10,9,41,0.2,wave,0.075,3,0.04861111111111111,906,0,0
10,9,42,0.2,wave,0.075,3,0.04861111111111111,890,0,0
10,9,43,0.2,wave,0.075,3,0.04861111111111111,885,0,0
10,9,44,0.2,wave,0.075,3,0.04861111111111111,866,0,0
10,9,45,0.2,wave,0.075,3,0.04861111111111111,869,0,0
10,9,46,0.2,wave,0.075,3,0.04861111111111111,867,0,0
10,9,47,0.2,wave,0.075,3,0.04861111111111111,871,0,0
10,9,48,0.2,wave,0.075,3,0.04861111111111111,866,0,0
10,9,49,0.2,wave,0.075,3,0.04861111111111111,868,0,0
10,9,50,0.2,wave,0.075,3,0.04861111111111111,862,0,0
10,9,51,0.2,wave,0.075,3,0.04861111111111111,864,0,0
10,9,52,0.2,wave,0.075,3,0.04861111111111111,862,0,0
10,10,1,0.2,wave,0.075,3,0.04861111111111111,856,0,0
10,10,2,0.2,wave,0.075,3,0.04861111111111111,857,0,0
10,10,3,0.2,wave,0.075,3,0.04861111111111111,852,0,0
10,10,4,0.2,wave,0.075,3,0.04861111111111111,855,0,0
10,10,5,0.2,wave,0.075,3,0.04861111111111111,848,0,0
10,10,6,0.2,wave,0.075,3,0.04861111111111111,855,0,0
10,10,7,0.2,wave,0.075,3,0.04861111111111111,849,0,0
10,10,8,0.2,wave,0.075,3,0.04861111111111111,857,0,0
10,10,9,0.2,wave,0.075,3,0.04861111111111111,848,0,0
10,10,10,0.2,wave,0.075,3,0.04861111111111111,853,0,0
10,10,11,0.2,wave,0.075,3,0.04861111111111111,849,0,0
10,10,12,0.2,wave,0.075,3,0.04861111111111111,852,0,0
10,10,13,0.2,wave,0.075,3,0.04861111111111111,850,0,0
10,10,14,0.2,wave,0.075,3,0.04861111111111111,853,0,0
10,10,15,0.2,wave,0.075,3,0.04861111111111111,849,0,0
10,10,16,0.2,wave,0.075,3,0.04861111111111111,853,0,0
10,10,17,0.2,wave,0.075,3,0.04861111111111111,846,0,0
10,10,18,0.2,wave,0.075,3,0.04861111111111111,849,0,0
10,10,19,0.2,wave,0.075,3,0.04861111111111111,848,0,0
10,10,20,0.2,wave,0.075,3,0.04861111111111111,1133,0,0
10,10,21,0.2,wave,0.075,3,0.04861111111111111,1099,0,0
10,10,22,0.2,wave,0.075,3,0.04861111111111111,1095,0,0
10,10,23,0.2,wave,0.075,3,0.04861111111111111,1066,0,0
10,10,24,0.2,wave,0.075,3,0.04861111111111111,1082,0,0
10,10,25,0.2,wave,0.075,3,0.04861111111111111,1064,0,0
10,10,26,0.2,wave,0.075,3,0.04861111111111111,1070,0,0
10,10,27,0.2,wave,0.075,3,0.04861111111111111,1051,0,0
10,10,28,0.2,wave,0.075,3,0.04861111111111111,1048,0,0
10,10,29,0.2,wave,0.075,3,0.04861111111111111,1009,0,0
10,10,30,0.2,wave,0.075,3,0.04861111111111111,993,0,0
10,10,31,0.2,wave,0.075,3,0.04861111111111111,999,0,0
10,10,32,0.2,wave,0.075,3,0.04861111111111111,981,0,0
10,10,33,0.2,wave,0.075,3,0.04861111111111111,957,0,0
10,10,34,0.2,wave,0.075,3,0.04861111111111111,955,0,0
10,10,35,0.2,wave,0.075,3,0.04861111111111111,955,0,0
10,10,36,0.2,wave,0.075,3,0.04861111111111111,950,0,0
10,10,37,0.2,wave,0.075,3,0.04861111111111111,928,0,0
10,10,38,0.2,wave,0.075,3,0.04861111111111111,907,0,0
10,10,39,0.2,wave,0.075,3,0.04861111111111111,918,0,0
10,10,40,0.2,wave,0.075,3,0.04861111111111111,907,0,0
10,10,41,0.2,wave,0.075,3,0.04861111111111111,916,0,0
10,10,42,0.2,wave,0.075,3,0.04861111111111111,904,0,0
10,10,43,0.2,wave,0.075,3,0.04861111111111111,900,0,0
10,10,44,0.2,wave,0.075,3,0.04861111111111111,888,0,0
10,10,45,0.2,wave,0.075,3,0.04861111111111111,895,0,0
10,10,46,0.2,wave,0.075,3,0.04861111111111111,886,0,0
10,10,47,0.2,wave,0.075,3,0.04861111111111111,895,0,0
10,10,48,0.2,wave,0.075,3,0.04861111111111111,889,0,0
10,10,49,0.2,wave,0.075,3,0.04861111111111111,896,0,0
10,10,50,0.2,wave,0.075,3,0.04861111111111111,883,0,0
10,10,51,0.2,wave,0.075,3,0.04861111111111111,888,0,0
10,10,52,0.2,wave,0.075,3,0.04861111111111111,867,0,0
11,1,1,0.2,wave,0.075,3,0.017777777777777778,6531,58,9
11,1,2,0.2,wave,0.075,3,0.017777777777777778,6444,73,22
11,1,3,0.2,wave,0.075,3,0.017777777777777778,6290,100,37
11,1,4,0.2,wave,0.075,3,0.017777777777777778,6114,146,46
11,1,5,0.2,wave,0.075,3,0.017777777777777778,5989,205,59
11,1,6,0.2,wave,0.075,3,0.017777777777777778,5743,269,78
11,1,7,0.2,wave,0.075,3,0.017777777777777778,5457,309,105
11,1,8,0.2,wave,0.075,3,0.017777777777777778,5293,373,138
11,1,9,0.2,wave,0.075,3,0.017777777777777778,5139,423,173
11,1,10,0.2,wave,0.075,3,0.017777777777777778,4954,460,189
11,1,11,0.2,wave,0.075,3,0.017777777777777778,4699,481,186
11,1,12,0.2,wave,0.075,3,0.017777777777777778,4502,511,209
11,1,13,0.2,wave,0.075,3,0.017777777777777778,4251,533,218
11,1,14,0.2,wave,0.075,3,0.017777777777777778,4066,576,237
11,1,15,0.2,wave,0.075,3,0.017777777777777778,3895,552,256
11,1,16,0.2,wave,0.075,3,0.017777777777777778,3736,581,274
11,1,17,0.2,wave,0.075,3,0.017777777777777778,3592,588,290
11,1,18,0.2,wave,0.075,3,0.017777777777777778,3383,550,264
11,1,19,0.2,wave,0.075,3,0.017777777777777778,3255,552,260
11,1,20,0.2,wave,0.075,3,0.017777777777777778,4484,482,236
11,1,21,0.2,wave,0.075,3,0.017777777777777778,4281,535,233
11,1,22,0.2,wave,0.075,3,0.017777777777777778,4091,562,254
11,1,23,0.2,wave,0.075,3,0.017777777777777778,3960,605,256
11,1,24,0.2,wave,0.075,3,0.017777777777777778,3845,659,284
11,1,25,0.2,wave,0.075,3,0.017777777777777778,3643,629,264
11,1,26,0.2,wave,0.075,3,0.017777777777777778,3551,638,287
11,1,27,0.2,wave,0.075,3,0.017777777777777778,3381,650,293
11,1,28,0.2,wave,0.075,3,0.017777777777777778,3196,624,282
11,1,29,0.2,wave,0.075,3,0.017777777777777778,3064,609,282
11,1,30,0.2,wave,0.075,3,0.017777777777777778,2914,571,279
11,1,31,0.2,wave,0.075,3,0.017777777777777778,2808,583,278
11,1,32,0.2,wave,0.075,3,0.017777777777777778,2647,556,281
11,1,33,0.2,wave,0.075,3,0.017777777777777778,2517,534,268
11,1,34,0.2,wave,0.075,3,0.017777777777777778,2370,487,265
11,1,35,0.2,wave,0.075,3,0.017777777777777778,2231,429,232
11,1,36,0.2,wave,0.075,3,0.017777777777777778,2104,399,229
11,1,37,0.2,wave,0.075,3,0.017777777777777778,2024,370,204
11,1,38,0.2,wave,0.075,3,0.017777777777777778,1911,336,177
11,1,39,0.2,wave,0.075,3,0.017777777777777778,1827,295,148
11,1,40,0.2,wave,0.075,3,0.017777777777777778,1741,260,137
11,1,41,0.2,wave,0.075,3,0.017777777777777778,1685,245,129
11,1,42,0.2,wave,0.075,3,0.017777777777777778,1617,224,114
11,1,43,0.2,wave,0.075,3,0.017777777777777778,1574,207,107
11,1,44,0.2,wave,0.075,3,0.017777777777777778,1516,180,105
11,1,45,0.2,wave,0.075,3,0.017777777777777778,1479,173,104
11,1,46,0.2,wave,0.075,3,0.017777777777777778,1421,155,90
11,1,47,0.2,wave,0.075,3,0.017777777777777778,1363,135,73
11,1,48,0.2,wave,0.075,3,0.017777777777777778,1319,113,59
11,1,49,0.2,wave,0.075,3,0.017777777777777778,1297,102,52
11,1,50,0.2,wave,0.075,3,0.017777777777777778,1252,85,44
11,1,51,0.2,wave,0.075,3,0.017777777777777778,1240,78,46
11,1,52,0.2,wave,0.075,3,0.017777777777777778,1209,67,44
11,2,1,0.2,wave,0.075,3,0.017777777777777778,1187,52,39
11,2,2,0.2,wave,0.075,3,0.017777777777777778,1151,46,29
11,2,3,0.2,wave,0.075,3,0.017777777777777778,1139,41,22
11,2,4,0.2,wave,0.075,3,0.017777777777777778,1109,30,13
11,2,5,0.2,wave,0.075,3,0.017777777777777778,1108,28,15
11,2,6,0.2,wave,0.075,3,0.017777777777777778,1086,22,16
11,2,7,0.2,wave,0.075,3,0.017777777777777778,1083,21,13
11,2,8,0.2,wave,0.075,3,0.017777777777777778,1067,17,13
11,2,9,0.2,wave,0.075,3,0.017777777777777778,1053,11,8
11,2,10,0.2,wave,0.075,3,0.017777777777777778,1040,11,8
11,2,11,0.2,wave,0.075,3,0.017777777777777778,1037,10,4
11,2,12,0.2,wave,0.075,3,0.017777777777777778,1019,9,4
11,2,13,0.2,wave,0.075,3,0.017777777777777778,1016,7,6
11,2,14,0.2,wave,0.075,3,0.017777777777777778,1014,7,7
11,2,15,0.2,wave,0.075,3,0.017777777777777778,1010,6,5
11,2,16,0.2,wave,0.075,3,0.017777777777777778,996,3,1
11,2,17,0.2,wave,0.075,3,0.017777777777777778,1001,2,0
11,2,18,0.2,wave,0.075,3,0.017777777777777778,996,2,2
11,2,19,0.2,wave,0.075,3,0.017777777777777778,994,2,2
11,2,20,0.2,wave,0.075,3,0.017777777777777778,1456,2,2
11,2,21,0.2,wave,0.075,3,0.017777777777777778,1432,1,0
11,2,22,0.2,wave,0.075,3,0.017777777777777778,1406,1,0
11,2,23,0.2,wave,0.075,3,0.017777777777777778,1411,1,0
11,2,24,0.2,wave,0.075,3,0.017777777777777778,1376,1,0
11,2,25,0.2,wave,0.075,3,0.017777777777777778,1378,1,0
11,2,26,0.2,wave,0.075,3,0.017777777777777778,1364,1,1
11,2,27,0.2,wave,0.075,3,0.017777777777777778,1350,1,1
11,2,28,0.2,wave,0.075,3,0.017777777777777778,1346,1,1
11,2,29,0.2,wave,0.075,3,0.017777777777777778,1322,2,0
11,2,30,0.2,wave,0.075,3,0.017777777777777778,1326,2,0
11,2,31,0.2,wave,0.075,3,0.017777777777777778,1316,2,1
11,2,32,0.2,wave,0.075,3,0.017777777777777778,1318,2,1
11,2,33,0.2,wave,0.075,3,0.017777777777777778,1304,4,1
11,2,34,0.2,wave,0.075,3,0.017777777777777778,1275,3,1
11,2,35,0.2,wave,0.075,3,0.017777777777777778,1286,3,1
11,2,36,0.2,wave,0.075,3,0.017777777777777778,1271,4,3
11,2,37,0.2,wave,0.075,3,0.017777777777777778,1230,4,2
11,2,38,0.2,wave,0.075,3,0.017777777777777778,1209,4,2
11,2,39,0.2,wave,0.075,3,0.017777777777777778,1174,3,1
11,2,40,0.2,wave,0.075,3,0.017777777777777778,1215,3,2
11,2,41,0.2,wave,0.075,3,0.017777777777777778,1179,3,3
11,2,42,0.2,wave,0.075,3,0.017777777777777778,1180,3,2
11,2,43,0.2,wave,0.075,3,0.017777777777777778,1141,2,1
11,2,44,0.2,wave,0.075,3,0.017777777777777778,1146,2,1
11,2,45,0.2,wave,0.075,3,0.017777777777777778,1103,2,1
11,2,46,0.2,wave,0.075,3,0.017777777777777778,1094,2,1
11,2,47,0.2,wave,0.075,3,0.017777777777777778,1078,1,0
11,2,48,0.2,wave,0.075,3,0.017777777777777778,1077,1,1
11,2,49,0.2,wave,0.075,3,0.017777777777777778,1058,2,1
11,2,50,0.2,wave,0.075,3,0.017777777777777778,1061,2,1
11,2,51,0.2,wave,0.075,3,0.017777777777777778,1031,1,1
11,2,52,0.2,wave,0.075,3,0.017777777777777778,1045,1,1
11,3,1,0.2,wave,0.075,3,0.017777777777777778,1024,1,1
11,3,2,0.2,wave,0.075,3,0.017777777777777778,1006,0,0
11,3,3,0.2,wave,0.075,3,0.017777777777777778,994,0,0
11,3,4,0.2,wave,0.075,3,0.017777777777777778,985,0,0
11,3,5,0.2,wave,0.075,3,0.017777777777777778,975,0,0
11,3,6,0.2,wave,0.075,3,0.017777777777777778,969,0,0
11,3,7,0.2,wave,0.075,3,0.017777777777777778,959,0,0
11,3,8,0.2,wave,0.075,3,0.017777777777777778,954,0,0
11,3,9,0.2,wave,0.075,3,0.017777777777777778,951,0,0
11,3,10,0.2,wave,0.075,3,0.017777777777777778,953,0,0
11,3,11,0.2,wave,0.075,3,0.017777777777777778,948,0,0
11,3,12,0.2,wave,0.075,3,0.017777777777777778,945,0,0
11,3,13,0.2,wave,0.075,3,0.017777777777777778,942,0,0
11,3,14,0.2,wave,0.075,3,0.017777777777777778,940,0,0
11,3,15,0.2,wave,0.075,3,0.017777777777777778,933,0,0
11,3,16,0.2,wave,0.075,3,0.017777777777777778,937,0,0
11,3,17,0.2,wave,0.075,3,0.017777777777777778,915,0,0
11,3,18,0.2,wave,0.075,3,0.017777777777777778,925,0,0
11,3,19,0.2,wave,0.075,3,0.017777777777777778,911,0,0
11,3,20,0.2,wave,0.075,3,0.017777777777777778,1316,0,0
11,3,21,0.2,wave,0.075,3,0.017777777777777778,1289,0,0
11,3,22,0.2,wave,0.075,3,0.017777777777777778,1296,0,0
11,3,23,0.2,wave,0.075,3,0.017777777777777778,1272,0,0
11,3,24,0.2,wave,0.075,3,0.017777777777777778,1258,0,0
11,3,25,0.2,wave,0.075,3,0.017777777777777778,1238,0,0
11,3,26,0.2,wave,0.075,3,0.017777777777777778,1206,0,0
11,3,27,0.2,wave,0.075,3,0.017777777777777778,1176,0,0
11,3,28,0.2,wave,0.075,3,0.017777777777777778,1180,0,0
11,3,29,0.2,wave,0.075,3,0.017777777777777778,1160,0,0
11,3,30,0.2,wave,0.075,3,0.017777777777777778,1141,0,0
11,3,31,0.2,wave,0.075,3,0.017777777777777778,1122,0,0
11,3,32,0.2,wave,0.075,3,0.017777777777777778,1106,0,0
11,3,33,0.2,wave,0.075,3,0.017777777777777778,1091,0,0
11,3,34,0.2,wave,0.075,3,0.017777777777777778,1057,0,0
11,3,35,0.2,wave,0.075,3,0.017777777777777778,1053,0,0
11,3,36,0.2,wave,0.075,3,0.017777777777777778,1024,0,0
11,3,37,0.2,wave,0.075,3,0.017777777777777778,1033,0,0
11,3,38,0.2,wave,0.075,3,0.017777777777777778,1032,0,0
11,3,39,0.2,wave,0.075,3,0.017777777777777778,981,0,0
11,3,40,0.2,wave,0.075,3,0.017777777777777778,967,0,0
11,3,41,0.2,wave,0.075,3,0.017777777777777778,956,0,0
11,3,42,0.2,wave,0.075,3,0.017777777777777778,949,0,0
11,3,43,0.2,wave,0.075,3,0.017777777777777778,936,0,0
11,3,44,0.2,wave,0.075,3,0.017777777777777778,922,0,0
11,3,45,0.2,wave,0.075,3,0.017777777777777778,918,0,0
11,3,46,0.2,wave,0.075,3,0.017777777777777778,898,0,0
11,3,47,0.2,wave,0.075,3,0.017777777777777778,899,0,0
11,3,48,0.2,wave,0.075,3,0.017777777777777778,889,0,0
11,3,49,0.2,wave,0.075,3,0.017777777777777778,889,0,0
11,3,50,0.2,wave,0.075,3,0.017777777777777778,856,0,0
11,3,51,0.2,wave,0.075,3,0.017777777777777778,843,0,0
11,3,52,0.2,wave,0.075,3,0.017777777777777778,833,0,0
11,4,1,0.2,wave,0.075,3,0.017777777777777778,833,0,0
11,4,2,0.2,wave,0.075,3,0.017777777777777778,823,0,0
11,4,3,0.2,wave,0.075,3,0.017777777777777778,823,0,0
11,4,4,0.2,wave,0.075,3,0.017777777777777778,809,0,0
11,4,5,0.2,wave,0.075,3,0.017777777777777778,807,0,0
11,4,6,0.2,wave,0.075,3,0.017777777777777778,796,0,0
11,4,7,0.2,wave,0.075,3,0.017777777777777778,791,0,0
11,4,8,0.2,wave,0.075,3,0.017777777777777778,790,0,0
11,4,9,0.2,wave,0.075,3,0.017777777777777778,783,0,0
11,4,10,0.2,wave,0.075,3,0.017777777777777778,777,0,0
11,4,11,0.2,wave,0.075,3,0.017777777777777778,771,0,0
11,4,12,0.2,wave,0.075,3,0.017777777777777778,754,0,0
11,4,13,0.2,wave,0.075,3,0.017777777777777778,750,0,0
11,4,14,0.2,wave,0.075,3,0.017777777777777778,742,0,0
11,4,15,0.2,wave,0.075,3,0.017777777777777778,745,0,0
11,4,16,0.2,wave,0.075,3,0.017777777777777778,734,0,0
11,4,17,0.2,wave,0.075,3,0.017777777777777778,739,0,0
11,4,18,0.2,wave,0.075,3,0.017777777777777778,731,0,0
11,4,19,0.2,wave,0.075,3,0.017777777777777778,738,0,0
11,4,20,0.2,wave,0.075,3,0.017777777777777778,1051,0,0
11,4,21,0.2,wave,0.075,3,0.017777777777777778,1052,0,0
11,4,22,0.2,wave,0.075,3,0.017777777777777778,1022,0,0
11,4,23,0.2,wave,0.075,3,0.017777777777777778,992,0,0
11,4,24,0.2,wave,0.075,3,0.017777777777777778,1012,0,0
11,4,25,0.2,wave,0.075,3,0.017777777777777778,989,0,0
11,4,26,0.2,wave,0.075,3,0.017777777777777778,994,0,0
11,4,27,0.2,wave,0.075,3,0.017777777777777778,949,0,0
11,4,28,0.2,wave,0.075,3,0.017777777777777778,956,0,0
11,4,29,0.2,wave,0.075,3,0.017777777777777778,930,0,0
11,4,30,0.2,wave,0.075,3,0.017777777777777778,924,0,0
11,4,31,0.2,wave,0.075,3,0.017777777777777778,904,0,0
11,4,32,0.2,wave,0.075,3,0.017777777777777778,891,0,0
11,4,33,0.2,wave,0.075,3,0.017777777777777778,850,0,0
11,4,34,0.2,wave,0.075,3,0.017777777777777778,844,0,0
11,4,35,0.2,wave,0.075,3,0.017777777777777778,830,0,0
11,4,36,0.2,wave,0.075,3,0.017777777777777778,813,0,0
11,4,37,0.2,wave,0.075,3,0.017777777777777778,798,0,0
11,4,38,0.2,wave,0.075,3,0.017777777777777778,793,0,0
11,4,39,0.2,wave,0.075,3,0.017777777777777778,779,0,0
11,4,40,0.2,wave,0.075,3,0.017777777777777778,774,0,0
11,4,41,0.2,wave,0.075,3,0.017777777777777778,748,0,0
11,4,42,0.2,wave,0.075,3,0.017777777777777778,746,0,0
11,4,43,0.2,wave,0.075,3,0.017777777777777778,735,0,0
11,4,44,0.2,wave,0.075,3,0.017777777777777778,714,0,0
11,4,45,0.2,wave,0.075,3,0.017777777777777778,708,0,0
11,4,46,0.2,wave,0.075,3,0.017777777777777778,699,0,0
11,4,47,0.2,wave,0.075,3,0.017777777777777778,684,0,0
11,4,48,0.2,wave,0.075,3,0.017777777777777778,680,0,0
11,4,49,0.2,wave,0.075,3,0.017777777777777778,673,0,0
11,4,50,0.2,wave,0.075,3,0.017777777777777778,668,0,0
11,4,51,0.2,wave,0.075,3,0.017777777777777778,667,0,0
11,4,52,0.2,wave,0.075,3,0.017777777777777778,661,0,0
11,5,1,0.2,wave,0.075,3,0.017777777777777778,657,0,0
11,5,2,0.2,wave,0.075,3,0.017777777777777778,645,0,0
11,5,3,0.2,wave,0.075,3,0.017777777777777778,635,0,0
11,5,4,0.2,wave,0.075,3,0.017777777777777778,625,0,0
11,5,5,0.2,wave,0.075,3,0.017777777777777778,629,0,0
11,5,6,0.2,wave,0.075,3,0.017777777777777778,610,0,0
11,5,7,0.2,wave,0.075,3,0.017777777777777778,610,0,0
11,5,8,0.2,wave,0.075,3,0.017777777777777778,603,0,0
11,5,9,0.2,wave,0.075,3,0.017777777777777778,610,0,0
11,5,10,0.2,wave,0.075,3,0.017777777777777778,603,0,0
11,5,11,0.2,wave,0.075,3,0.017777777777777778,612,0,0
11,5,12,0.2,wave,0.075,3,0.017777777777777778,607,0,0
11,5,13,0.2,wave,0.075,3,0.017777777777777778,595,0,0
11,5,14,0.2,wave,0.075,3,0.017777777777777778,593,0,0
11,5,15,0.2,wave,0.075,3,0.017777777777777778,586,0,0
11,5,16,0.2,wave,0.075,3,0.017777777777777778,574,0,0
11,5,17,0.2,wave,0.075,3,0.017777777777777778,568,0,0
11,5,18,0.2,wave,0.075,3,0.017777777777777778,571,0,0
11,5,19,0.2,wave,0.075,3,0.017777777777777778,564,0,0
11,5,20,0.2,wave,0.075,3,0.017777777777777778,847,0,0
11,5,21,0.2,wave,0.075,3,0.017777777777777778,822,0,0
11,5,22,0.2,wave,0.075,3,0.017777777777777778,819,0,0
11,5,23,0.2,wave,0.075,3,0.017777777777777778,808,0,0
11,5,24,0.2,wave,0.075,3,0.017777777777777778,815,0,0
11,5,25,0.2,wave,0.075,3,0.017777777777777778,806,0,0
11,5,26,0.2,wave,0.075,3,0.017777777777777778,814,0,0
11,5,27,0.2,wave,0.075,3,0.017777777777777778,786,0,0
11,5,28,0.2,wave,0.075,3,0.017777777777777778,792,0,0
11,5,29,0.2,wave,0.075,3,0.017777777777777778,769,0,0
11,5,30,0.2,wave,0.075,3,0.017777777777777778,750,0,0
11,5,31,0.2,wave,0.075,3,0.017777777777777778,753,0,0
11,5,32,0.2,wave,0.075,3,0.017777777777777778,723,0,0
11,5,33,0.2,wave,0.075,3,0.017777777777777778,729,0,0
11,5,34,0.2,wave,0.075,3,0.017777777777777778,721,0,0
11,5,35,0.2,wave,0.075,3,0.017777777777777778,713,0,0
11,5,36,0.2,wave,0.075,3,0.017777777777777778,703,0,0
11,5,37,0.2,wave,0.075,3,0.017777777777777778,704,0,0
11,5,38,0.2,wave,0.075,3,0.017777777777777778,706,0,0
11,5,39,0.2,wave,0.075,3,0.017777777777777778,691,0,0
11,5,40,0.2,wave,0.075,3,0.017777777777777778,676,0,0
11,5,41,0.2,wave,0.075,3,0.017777777777777778,672,0,0
11,5,42,0.2,wave,0.075,3,0.017777777777777778,670,0,0
11,5,43,0.2,wave,0.075,3,0.017777777777777778,662,0,0
11,5,44,0.2,wave,0.075,3,0.017777777777777778,669,0,0
11,5,45,0.2,wave,0.075,3,0.017777777777777778,655,0,0
11,5,46,0.2,wave,0.075,3,0.017777777777777778,652,0,0
11,5,47,0.2,wave,0.075,3,0.017777777777777778,646,0,0
11,5,48,0.2,wave,0.075,3,0.017777777777777778,642,0,0
11,5,49,0.2,wave,0.075,3,0.017777777777777778,642,0,0
11,5,50,0.2,wave,0.075,3,0.017777777777777778,643,0,0
11,5,51,0.2,wave,0.075,3,0.017777777777777778,633,0,0
11,5,52,0.2,wave,0.075,3,0.017777777777777778,630,0,0
11,6,1,0.2,wave,0.075,3,0.017777777777777778,613,0,0
11,6,2,0.2,wave,0.075,3,0.017777777777777778,612,0,0
11,6,3,0.2,wave,0.075,3,0.017777777777777778,608,0,0
11,6,4,0.2,wave,0.075,3,0.017777777777777778,606,0,0
11,6,5,0.2,wave,0.075,3,0.017777777777777778,603,0,0
11,6,6,0.2,wave,0.075,3,0.017777777777777778,603,0,0
11,6,7,0.2,wave,0.075,3,0.017777777777777778,602,0,0
11,6,8,0.2,wave,0.075,3,0.017777777777777778,592,0,0
11,6,9,0.2,wave,0.075,3,0.017777777777777778,595,0,0
11,6,10,0.2,wave,0.075,3,0.017777777777777778,589,0,0
11,6,11,0.2,wave,0.075,3,0.017777777777777778,593,0,0
11,6,12,0.2,wave,0.075,3,0.017777777777777778,589,0,0
11,6,13,0.2,wave,0.075,3,0.017777777777777778,580,0,0
11,6,14,0.2,wave,0.075,3,0.017777777777777778,578,0,0
11,6,15,0.2,wave,0.075,3,0.017777777777777778,580,0,0
11,6,16,0.2,wave,0.075,3,0.017777777777777778,577,0,0
11,6,17,0.2,wave,0.075,3,0.017777777777777778,577,0,0
11,6,18,0.2,wave,0.075,3,0.017777777777777778,578,0,0
11,6,19,0.2,wave,0.075,3,0.017777777777777778,575,0,0
11,6,20,0.2,wave,0.075,3,0.017777777777777778,853,0,0
11,6,21,0.2,wave,0.075,3,0.017777777777777778,857,0,0
11,6,22,0.2,wave,0.075,3,0.017777777777777778,828,0,0
11,6,23,0.2,wave,0.075,3,0.017777777777777778,818,0,0
11,6,24,0.2,wave,0.075,3,0.017777777777777778,815,0,0
11,6,25,0.2,wave,0.075,3,0.017777777777777778,809,0,0
11,6,26,0.2,wave,0.075,3,0.017777777777777778,802,0,0
11,6,27,0.2,wave,0.075,3,0.017777777777777778,802,0,0
11,6,28,0.2,wave,0.075,3,0.017777777777777778,798,0,0
11,6,29,0.2,wave,0.075,3,0.017777777777777778,787,0,0
11,6,30,0.2,wave,0.075,3,0.017777777777777778,779,0,0
11,6,31,0.2,wave,0.075,3,0.017777777777777778,792,0,0
11,6,32,0.2,wave,0.075,3,0.017777777777777778,787,0,0
11,6,33,0.2,wave,0.075,3,0.017777777777777778,781,0,0
11,6,34,0.2,wave,0.075,3,0.017777777777777778,726,0,0
11,6,35,0.2,wave,0.075,3,0.017777777777777778,714,0,0
11,6,36,0.2,wave,0.075,3,0.017777777777777778,710,0,0
11,6,37,0.2,wave,0.075,3,0.017777777777777778,701,0,0
11,6,38,0.2,wave,0.075,3,0.017777777777777778,694,0,0
11,6,39,0.2,wave,0.075,3,0.017777777777777778,693,0,0
11,6,40,0.2,wave,0.075,3,0.017777777777777778,691,0,0
11,6,41,0.2,wave,0.075,3,0.017777777777777778,674,0,0
11,6,42,0.2,wave,0.075,3,0.017777777777777778,669,0,0
11,6,43,0.2,wave,0.075,3,0.017777777777777778,673,0,0
11,6,44,0.2,wave,0.075,3,0.017777777777777778,662,0,0
11,6,45,0.2,wave,0.075,3,0.017777777777777778,663,0,0
11,6,46,0.2,wave,0.075,3,0.017777777777777778,657,0,0
11,6,47,0.2,wave,0.075,3,0.017777777777777778,641,0,0
11,6,48,0.2,wave,0.075,3,0.017777777777777778,634,0,0
11,6,49,0.2,wave,0.075,3,0.017777777777777778,633,0,0
11,6,50,0.2,wave,0.075,3,0.017777777777777778,621,0,0
11,6,51,0.2,wave,0.075,3,0.017777777777777778,624,0,0
11,6,52,0.2,wave,0.075,3,0.017777777777777778,611,0,0
11,7,1,0.2,wave,0.075,3,0.017777777777777778,617,0,0
11,7,2,0.2,wave,0.075,3,0.017777777777777778,598,0,0
11,7,3,0.2,wave,0.075,3,0.017777777777777778,587,0,0
11,7,4,0.2,wave,0.075,3,0.017777777777777778,578,0,0
11,7,5,0.2,wave,0.075,3,0.017777777777777778,580,0,0
11,7,6,0.2,wave,0.075,3,0.017777777777777778,561,0,0
11,7,7,0.2,wave,0.075,3,0.017777777777777778,567,0,0
11,7,8,0.2,wave,0.075,3,0.017777777777777778,563,0,0
11,7,9,0.2,wave,0.075,3,0.017777777777777778,567,0,0
11,7,10,0.2,wave,0.075,3,0.017777777777777778,561,0,0
11,7,11,0.2,wave,0.075,3,0.017777777777777778,567,0,0
11,7,12,0.2,wave,0.075,3,0.017777777777777778,561,0,0
11,7,13,0.2,wave,0.075,3,0.017777777777777778,561,0,0
11,7,14,0.2,wave,0.075,3,0.017777777777777778,557,0,0
11,7,15,0.2,wave,0.075,3,0.017777777777777778,557,0,0
11,7,16,0.2,wave,0.075,3,0.017777777777777778,542,0,0
11,7,17,0.2,wave,0.075,3,0.017777777777777778,544,0,0
11,7,18,0.2,wave,0.075,3,0.017777777777777778,542,0,0
11,7,19,0.2,wave,0.075,3,0.017777777777777778,541,0,0
11,7,20,0.2,wave,0.075,3,0.017777777777777778,789,0,0
11,7,21,0.2,wave,0.075,3,0.017777777777777778,790,0,0
11,7,22,0.2,wave,0.075,3,0.017777777777777778,728,0,0
11,7,23,0.2,wave,0.075,3,0.017777777777777778,695,0,0
11,7,24,0.2,wave,0.075,3,0.017777777777777778,678,0,0
11,7,25,0.2,wave,0.075,3,0.017777777777777778,704,0,0
11,7,26,0.2,wave,0.075,3,0.017777777777777778,685,0,0
11,7,27,0.2,wave,0.075,3,0.017777777777777778,675,0,0
11,7,28,0.2,wave,0.075,3,0.017777777777777778,653,0,0
11,7,29,0.2,wave,0.075,3,0.017777777777777778,658,0,0
11,7,30,0.2,wave,0.075,3,0.017777777777777778,644,0,0
11,7,31,0.2,wave,0.075,3,0.017777777777777778,648,0,0
11,7,32,0.2,wave,0.075,3,0.017777777777777778,640,0,0
11,7,33,0.2,wave,0.075,3,0.017777777777777778,644,0,0
11,7,34,0.2,wave,0.075,3,0.017777777777777778,634,0,0
11,7,35,0.2,wave,0.075,3,0.017777777777777778,637,0,0
11,7,36,0.2,wave,0.075,3,0.017777777777777778,616,0,0
11,7,37,0.2,wave,0.075,3,0.017777777777777778,624,0,0
11,7,38,0.2,wave,0.075,3,0.017777777777777778,611,0,0
11,7,39,0.2,wave,0.075,3,0.017777777777777778,620,0,0
11,7,40,0.2,wave,0.075,3,0.017777777777777778,598,0,0
11,7,41,0.2,wave,0.075,3,0.017777777777777778,601,0,0
11,7,42,0.2,wave,0.075,3,0.017777777777777778,597,0,0
11,7,43,0.2,wave,0.075,3,0.017777777777777778,570,0,0
11,7,44,0.2,wave,0.075,3,0.017777777777777778,563,0,0
11,7,45,0.2,wave,0.075,3,0.017777777777777778,554,0,0
11,7,46,0.2,wave,0.075,3,0.017777777777777778,543,0,0
11,7,47,0.2,wave,0.075,3,0.017777777777777778,546,0,0
11,7,48,0.2,wave,0.075,3,0.017777777777777778,536,0,0
11,7,49,0.2,wave,0.075,3,0.017777777777777778,541,0,0
11,7,50,0.2,wave,0.075,3,0.017777777777777778,535,0,0
11,7,51,0.2,wave,0.075,3,0.017777777777777778,537,0,0
11,7,52,0.2,wave,0.075,3,0.017777777777777778,532,0,0
11,8,1,0.2,wave,0.075,3,0.017777777777777778,532,0,0
11,8,2,0.2,wave,0.075,3,0.017777777777777778,526,0,0
11,8,3,0.2,wave,0.075,3,0.017777777777777778,527,0,0
11,8,4,0.2,wave,0.075,3,0.017777777777777778,524,0,0
11,8,5,0.2,wave,0.075,3,0.017777777777777778,525,0,0
11,8,6,0.2,wave,0.075,3,0.017777777777777778,520,0,0
11,8,7,0.2,wave,0.075,3,0.017777777777777778,523,0,0
11,8,8,0.2,wave,0.075,3,0.017777777777777778,515,0,0
11,8,9,0.2,wave,0.075,3,0.017777777777777778,521,0,0
11,8,10,0.2,wave,0.075,3,0.017777777777777778,518,0,0
11,8,11,0.2,wave,0.075,3,0.017777777777777778,521,0,0
11,8,12,0.2,wave,0.075,3,0.017777777777777778,503,0,0
11,8,13,0.2,wave,0.075,3,0.017777777777777778,508,0,0
11,8,14,0.2,wave,0.075,3,0.017777777777777778,505,0,0
11,8,15,0.2,wave,0.075,3,0.017777777777777778,511,0,0
11,8,16,0.2,wave,0.075,3,0.017777777777777778,504,0,0
11,8,17,0.2,wave,0.075,3,0.017777777777777778,508,0,0
11,8,18,0.2,wave,0.075,3,0.017777777777777778,505,0,0
11,8,19,0.2,wave,0.075,3,0.017777777777777778,507,0,0
11,8,20,0.2,wave,0.075,3,0.017777777777777778,698,0,0
11,8,21,0.2,wave,0.075,3,0.017777777777777778,689,0,0
11,8,22,0.2,wave,0.075,3,0.017777777777777778,698,0,0
11,8,23,0.2,wave,0.075,3,0.017777777777777778,689,0,0
11,8,24,0.2,wave,0.075,3,0.017777777777777778,696,0,0
11,8,25,0.2,wave,0.075,3,0.017777777777777778,689,0,0
11,8,26,0.2,wave,0.075,3,0.017777777777777778,681,0,0
11,8,27,0.2,wave,0.075,3,0.017777777777777778,656,0,0
11,8,28,0.2,wave,0.075,3,0.017777777777777778,660,0,0
11,8,29,0.2,wave,0.075,3,0.017777777777777778,658,0,0
11,8,30,0.2,wave,0.075,3,0.017777777777777778,644,0,0
11,8,31,0.2,wave,0.075,3,0.017777777777777778,656,0,0
11,8,32,0.2,wave,0.075,3,0.017777777777777778,634,0,0
11,8,33,0.2,wave,0.075,3,0.017777777777777778,645,0,0
11,8,34,0.2,wave,0.075,3,0.017777777777777778,634,0,0
11,8,35,0.2,wave,0.075,3,0.017777777777777778,636,0,0
11,8,36,0.2,wave,0.075,3,0.017777777777777778,635,0,0
11,8,37,0.2,wave,0.075,3,0.017777777777777778,638,0,0
11,8,38,0.2,wave,0.075,3,0.017777777777777778,636,0,0
11,8,39,0.2,wave,0.075,3,0.017777777777777778,636,0,0
11,8,40,0.2,wave,0.075,3,0.017777777777777778,633,0,0
11,8,41,0.2,wave,0.075,3,0.017777777777777778,622,0,0
11,8,42,0.2,wave,0.075,3,0.017777777777777778,617,0,0
11,8,43,0.2,wave,0.075,3,0.017777777777777778,619,0,0
11,8,44,0.2,wave,0.075,3,0.017777777777777778,620,0,0
11,8,45,0.2,wave,0.075,3,0.017777777777777778,626,0,0
11,8,46,0.2,wave,0.075,3,0.017777777777777778,619,0,0
11,8,47,0.2,wave,0.075,3,0.017777777777777778,621,0,0
11,8,48,0.2,wave,0.075,3,0.017777777777777778,619,0,0
11,8,49,0.2,wave,0.075,3,0.017777777777777778,620,0,0
11,8,50,0.2,wave,0.075,3,0.017777777777777778,616,0,0
11,8,51,0.2,wave,0.075,3,0.017777777777777778,615,0,0
11,8,52,0.2,wave,0.075,3,0.017777777777777778,615,0,0
11,9,1,0.2,wave,0.075,3,0.017777777777777778,614,0,0
11,9,2,0.2,wave,0.075,3,0.017777777777777778,614,0,0
11,9,3,0.2,wave,0.075,3,0.017777777777777778,613,0,0
11,9,4,0.2,wave,0.075,3,0.017777777777777778,616,0,0
11,9,5,0.2,wave,0.075,3,0.017777777777777778,615,0,0
11,9,6,0.2,wave,0.075,3,0.017777777777777778,613,0,0
11,9,7,0.2,wave,0.075,3,0.017777777777777778,616,0,0
11,9,8,0.2,wave,0.075,3,0.017777777777777778,612,0,0
11,9,9,0.2,wave,0.075,3,0.017777777777777778,613,0,0
11,9,10,0.2,wave,0.075,3,0.017777777777777778,612,0,0
11,9,11,0.2,wave,0.075,3,0.017777777777777778,618,0,0
11,9,12,0.2,wave,0.075,3,0.017777777777777778,600,0,0
11,9,13,0.2,wave,0.075,3,0.017777777777777778,606,0,0
11,9,14,0.2,wave,0.075,3,0.017777777777777778,600,0,0
11,9,15,0.2,wave,0.075,3,0.017777777777777778,593,0,0
11,9,16,0.2,wave,0.075,3,0.017777777777777778,586,0,0
11,9,17,0.2,wave,0.075,3,0.017777777777777778,596,0,0
11,9,18,0.2,wave,0.075,3,0.017777777777777778,588,0,0
11,9,19,0.2,wave,0.075,3,0.017777777777777778,593,0,0
11,9,20,0.2,wave,0.075,3,0.017777777777777778,828,0,0
11,9,21,0.2,wave,0.075,3,0.017777777777777778,844,0,0
11,9,22,0.2,wave,0.075,3,0.017777777777777778,822,0,0
11,9,23,0.2,wave,0.075,3,0.017777777777777778,811,0,0
11,9,24,0.2,wave,0.075,3,0.017777777777777778,782,0,0
11,9,25,0.2,wave,0.075,3,0.017777777777777778,807,0,0
11,9,26,0.2,wave,0.075,3,0.017777777777777778,780,0,0
11,9,27,0.2,wave,0.075,3,0.017777777777777778,774,0,0
11,9,28,0.2,wave,0.075,3,0.017777777777777778,760,0,0
11,9,29,0.2,wave,0.075,3,0.017777777777777778,747,0,0
11,9,30,0.2,wave,0.075,3,0.017777777777777778,742,0,0
11,9,31,0.2,wave,0.075,3,0.017777777777777778,732,0,0
11,9,32,0.2,wave,0.075,3,0.017777777777777778,711,0,0
11,9,33,0.2,wave,0.075,3,0.017777777777777778,721,0,0
11,9,34,0.2,wave,0.075,3,0.017777777777777778,700,0,0
11,9,35,0.2,wave,0.075,3,0.017777777777777778,703,0,0
11,9,36,0.2,wave,0.075,3,0.017777777777777778,700,0,0
11,9,37,0.2,wave,0.075,3,0.017777777777777778,703,0,0
11,9,38,0.2,wave,0.075,3,0.017777777777777778,704,0,0
11,9,39,0.2,wave,0.075,3,0.017777777777777778,681,0,0
11,9,40,0.2,wave,0.075,3,0.017777777777777778,680,0,0
11,9,41,0.2,wave,0.075,3,0.017777777777777778,682,0,0
11,9,42,0.2,wave,0.075,3,0.017777777777777778,667,0,0
11,9,43,0.2,wave,0.075,3,0.017777777777777778,674,0,0
11,9,44,0.2,wave,0.075,3,0.017777777777777778,671,0,0
11,9,45,0.2,wave,0.075,3,0.017777777777777778,673,0,0
11,9,46,0.2,wave,0.075,3,0.017777777777777778,669,0,0
11,9,47,0.2,wave,0.075,3,0.017777777777777778,655,0,0
11,9,48,0.2,wave,0.075,3,0.017777777777777778,657,0,0
11,9,49,0.2,wave,0.075,3,0.017777777777777778,650,0,0
11,9,50,0.2,wave,0.075,3,0.017777777777777778,645,0,0
11,9,51,0.2,wave,0.075,3,0.017777777777777778,648,0,0
11,9,52,0.2,wave,0.075,3,0.017777777777777778,644,0,0
11,10,1,0.2,wave,0.075,3,0.017777777777777778,641,0,0
11,10,2,0.2,wave,0.075,3,0.017777777777777778,634,0,0
11,10,3,0.2,wave,0.075,3,0.017777777777777778,635,0,0
11,10,4,0.2,wave,0.075,3,0.017777777777777778,637,0,0
11,10,5,0.2,wave,0.075,3,0.017777777777777778,637,0,0
11,10,6,0.2,wave,0.075,3,0.017777777777777778,633,0,0
11,10,7,0.2,wave,0.075,3,0.017777777777777778,638,0,0
11,10,8,0.2,wave,0.075,3,0.017777777777777778,620,0,0
11,10,9,0.2,wave,0.075,3,0.017777777777777778,626,0,0
11,10,10,0.2,wave,0.075,3,0.017777777777777778,621,0,0
11,10,11,0.2,wave,0.075,3,0.017777777777777778,626,0,0
11,10,12,0.2,wave,0.075,3,0.017777777777777778,622,0,0
11,10,13,0.2,wave,0.075,3,0.017777777777777778,623,0,0
11,10,14,0.2,wave,0.075,3,0.017777777777777778,619,0,0
11,10,15,0.2,wave,0.075,3,0.017777777777777778,616,0,0
11,10,16,0.2,wave,0.075,3,0.017777777777777778,615,0,0
11,10,17,0.2,wave,0.075,3,0.017777777777777778,622,0,0
11,10,18,0.2,wave,0.075,3,0.017777777777777778,613,0,0
11,10,19,0.2,wave,0.075,3,0.017777777777777778,618,0,0
11,10,20,0.2,wave,0.075,3,0.017777777777777778,847,0,0
11,10,21,0.2,wave,0.075,3,0.017777777777777778,839,0,0
11,10,22,0.2,wave,0.075,3,0.017777777777777778,821,0,0
11,10,23,0.2,wave,0.075,3,0.017777777777777778,802,0,0
11,10,24,0.2,wave,0.075,3,0.017777777777777778,781,0,0
11,10,25,0.2,wave,0.075,3,0.017777777777777778,777,0,0
11,10,26,0.2,wave,0.075,3,0.017777777777777778,774,0,0
11,10,27,0.2,wave,0.075,3,0.017777777777777778,758,0,0
11,10,28,0.2,wave,0.075,3,0.017777777777777778,754,0,0
11,10,29,0.2,wave,0.075,3,0.017777777777777778,758,0,0
11,10,30,0.2,wave,0.075,3,0.017777777777777778,732,0,0
11,10,31,0.2,wave,0.075,3,0.017777777777777778,725,0,0
11,10,32,0.2,wave,0.075,3,0.017777777777777778,694,0,0
11,10,33,0.2,wave,0.075,3,0.017777777777777778,700,0,0
11,10,34,0.2,wave,0.075,3,0.017777777777777778,694,0,0
11,10,35,0.2,wave,0.075,3,0.017777777777777778,697,0,0
11,10,36,0.2,wave,0.075,3,0.017777777777777778,676,0,0
11,10,37,0.2,wave,0.075,3,0.017777777777777778,671,0,0
11,10,38,0.2,wave,0.075,3,0.017777777777777778,670,0,0
11,10,39,0.2,wave,0.075,3,0.017777777777777778,673,0,0
11,10,40,0.2,wave,0.075,3,0.017777777777777778,675,0,0
11,10,41,0.2,wave,0.075,3,0.017777777777777778,674,0,0
11,10,42,0.2,wave,0.075,3,0.017777777777777778,663,0,0
11,10,43,0.2,wave,0.075,3,0.017777777777777778,667,0,0
11,10,44,0.2,wave,0.075,3,0.017777777777777778,663,0,0
11,10,45,0.2,wave,0.075,3,0.017777777777777778,663,0,0
11,10,46,0.2,wave,0.075,3,0.017777777777777778,664,0,0
11,10,47,0.2,wave,0.075,3,0.017777777777777778,662,0,0
11,10,48,0.2,wave,0.075,3,0.017777777777777778,662,0,0
11,10,49,0.2,wave,0.075,3,0.017777777777777778,660,0,0
11,10,50,0.2,wave,0.075,3,0.017777777777777778,656,0,0
11,10,51,0.2,wave,0.075,3,0.017777777777777778,655,0,0
11,10,52,0.2,wave,0.075,3,0.017777777777777778,649,0,0
12,1,1,0.2,wave,0.075,3,0.035,6640,66,13
12,1,2,0.2,wave,0.075,3,0.035,6550,83,29
12,1,3,0.2,wave,0.075,3,0.035,6414,106,48
12,1,4,0.2,wave,0.075,3,0.035,6251,150,51
12,1,5,0.2,wave,0.075,3,0.035,6118,187,65
12,1,6,0.2,wave,0.075,3,0.035,5881,245,73
12,1,7,0.2,wave,0.075,3,0.035,5701,314,95
12,1,8,0.2,wave,0.075,3,0.035,5451,344,125
12,1,9,0.2,wave,0.075,3,0.035,5349,432,155
12,1,10,0.2,wave,0.075,3,0.035,5178,496,192
12,1,11,0.2,wave,0.075,3,0.035,4901,532,208
12,1,12,0.2,wave,0.075,3,0.035,4663,569,244
12,1,13,0.2,wave,0.075,3,0.035,4475,576,261
12,1,14,0.2,wave,0.075,3,0.035,4258,598,267
12,1,15,0.2,wave,0.075,3,0.035,4078,575,283
12,1,16,0.2,wave,0.075,3,0.035,3913,586,290
12,1,17,0.2,wave,0.075,3,0.035,3776,563,269
12,1,18,0.2,wave,0.075,3,0.035,3568,535,252
12,1,19,0.2,wave,0.075,3,0.035,3415,499,239
12,1,20,0.2,wave,0.075,3,0.035,4782,478,242
12,1,21,0.2,wave,0.075,3,0.035,4533,533,225
12,1,22,0.2,wave,0.075,3,0.035,4512,575,229
12,1,23,0.2,wave,0.075,3,0.035,4444,596,254
12,1,24,0.2,wave,0.075,3,0.035,4332,611,275
12,1,25,0.2,wave,0.075,3,0.035,4174,667,291
12,1,26,0.2,wave,0.075,3,0.035,3972,675,300
12,1,27,0.2,wave,0.075,3,0.035,3863,669,312
12,1,28,0.2,wave,0.075,3,0.035,3793,689,325
12,1,29,0.2,wave,0.075,3,0.035,3641,692,333
12,1,30,0.2,wave,0.075,3,0.035,3486,684,315
12,1,31,0.2,wave,0.075,3,0.035,3287,662,304
12,1,32,0.2,wave,0.075,3,0.035,3152,641,304
12,1,33,0.2,wave,0.075,3,0.035,3028,631,306
12,1,34,0.2,wave,0.075,3,0.035,2874,582,299
12,1,35,0.2,wave,0.075,3,0.035,2711,558,285
12,1,36,0.2,wave,0.075,3,0.035,2566,512,260
12,1,37,0.2,wave,0.075,3,0.035,2441,483,236
12,1,38,0.2,wave,0.075,3,0.035,2331,443,233
12,1,39,0.2,wave,0.075,3,0.035,2212,413,210
12,1,40,0.2,wave,0.075,3,0.035,2121,381,189
12,1,41,0.2,wave,0.075,3,0.035,2021,343,182
12,1,42,0.2,wave,0.075,3,0.035,1945,314,171
12,1,43,0.2,wave,0.075,3,0.035,1870,298,161
12,1,44,0.2,wave,0.075,3,0.035,1814,271,145
12,1,45,0.2,wave,0.075,3,0.035,1746,243,133
12,1,46,0.2,wave,0.075,3,0.035,1694,218,115
12,1,47,0.2,wave,0.075,3,0.035,1638,195,115
12,1,48,0.2,wave,0.075,3,0.035,1592,171,104
12,1,49,0.2,wave,0.075,3,0.035,1540,155,101
12,1,50,0.2,wave,0.075,3,0.035,1498,126,79
12,1,51,0.2,wave,0.075,3,0.035,1450,96,59
12,1,52,0.2,wave,0.075,3,0.035,1421,76,45
12,2,1,0.2,wave,0.075,3,0.035,1385,62,35
12,2,2,0.2,wave,0.075,3,0.035,1372,52,26
12,2,3,0.2,wave,0.075,3,0.035,1337,40,21
12,2,4,0.2,wave,0.075,3,0.035,1326,36,21
12,2,5,0.2,wave,0.075,3,0.035,1296,39,25
12,2,6,0.2,wave,0.075,3,0.035,1288,33,21
12,2,7,0.2,wave,0.075,3,0.035,1261,29,16
12,2,8,0.2,wave,0.075,3,0.035,1249,20,7
12,2,9,0.2,wave,0.075,3,0.035,1230,17,7
12,2,10,0.2,wave,0.075,3,0.035,1219,13,4
12,2,11,0.2,wave,0.075,3,0.035,1203,12,8
12,2,12,0.2,wave,0.075,3,0.035,1194,11,10
12,2,13,0.2,wave,0.075,3,0.035,1173,12,9
12,2,14,0.2,wave,0.075,3,0.035,1166,9,4
12,2,15,0.2,wave,0.075,3,0.035,1146,7,0
12,2,16,0.2,wave,0.075,3,0.035,1146,7,4
12,2,17,0.2,wave,0.075,3,0.035,1131,7,6
12,2,18,0.2,wave,0.075,3,0.035,1128,7,6
12,2,19,0.2,wave,0.075,3,0.035,1111,4,3
12,2,20,0.2,wave,0.075,3,0.035,1681,2,1
12,2,21,0.2,wave,0.075,3,0.035,1649,2,1
12,2,22,0.2,wave,0.075,3,0.035,1653,1,0
12,2,23,0.2,wave,0.075,3,0.035,1628,1,1
12,2,24,0.2,wave,0.075,3,0.035,1612,1,1
12,2,25,0.2,wave,0.075,3,0.035,1607,1,1
12,2,26,0.2,wave,0.075,3,0.035,1563,0,0
12,2,27,0.2,wave,0.075,3,0.035,1529,0,0
12,2,28,0.2,wave,0.075,3,0.035,1506,0,0
12,2,29,0.2,wave,0.075,3,0.035,1463,0,0
12,2,30,0.2,wave,0.075,3,0.035,1475,0,0
12,2,31,0.2,wave,0.075,3,0.035,1421,0,0
12,2,32,0.2,wave,0.075,3,0.035,1427,0,0
12,2,33,0.2,wave,0.075,3,0.035,1414,0,0
12,2,34,0.2,wave,0.075,3,0.035,1400,0,0
12,2,35,0.2,wave,0.075,3,0.035,1379,0,0
12,2,36,0.2,wave,0.075,3,0.035,1335,0,0
12,2,37,0.2,wave,0.075,3,0.035,1334,0,0
12,2,38,0.2,wave,0.075,3,0.035,1311,0,0
12,2,39,0.2,wave,0.075,3,0.035,1315,0,0
12,2,40,0.2,wave,0.075,3,0.035,1293,0,0
12,2,41,0.2,wave,0.075,3,0.035,1308,0,0
12,2,42,0.2,wave,0.075,3,0.035,1285,0,0
12,2,43,0.2,wave,0.075,3,0.035,1296,0,0
12,2,44,0.2,wave,0.075,3,0.035,1269,0,0
12,2,45,0.2,wave,0.075,3,0.035,1282,0,0
12,2,46,0.2,wave,0.075,3,0.035,1256,0,0
12,2,47,0.2,wave,0.075,3,0.035,1252,0,0
12,2,48,0.2,wave,0.075,3,0.035,1230,0,0
12,2,49,0.2,wave,0.075,3,0.035,1237,0,0
12,2,50,0.2,wave,0.075,3,0.035,1219,0,0
12,2,51,0.2,wave,0.075,3,0.035,1226,0,0
12,2,52,0.2,wave,0.075,3,0.035,1210,0,0
12,3,1,0.2,wave,0.075,3,0.035,1210,0,0
12,3,2,0.2,wave,0.075,3,0.035,1181,0,0
12,3,3,0.2,wave,0.075,3,0.035,1179,0,0
12,3,4,0.2,wave,0.075,3,0.035,1164,0,0
12,3,5,0.2,wave,0.075,3,0.035,1146,0,0
12,3,6,0.2,wave,0.075,3,0.035,1127,0,0
12,3,7,0.2,wave,0.075,3,0.035,1116,0,0
12,3,8,0.2,wave,0.075,3,0.035,1102,0,0
12,3,9,0.2,wave,0.075,3,0.035,1101,0,0
12,3,10,0.2,wave,0.075,3,0.035,1093,0,0
12,3,11,0.2,wave,0.075,3,0.035,1089,0,0
12,3,12,0.2,wave,0.075,3,0.035,1059,0,0
12,3,13,0.2,wave,0.075,3,0.035,1056,0,0
12,3,14,0.2,wave,0.075,3,0.035,1043,0,0
12,3,15,0.2,wave,0.075,3,0.035,1046,0,0
12,3,16,0.2,wave,0.075,3,0.035,1036,0,0
12,3,17,0.2,wave,0.075,3,0.035,1036,0,0
12,3,18,0.2,wave,0.075,3,0.035,1021,0,0
12,3,19,0.2,wave,0.075,3,0.035,1021,0,0
12,3,20,0.2,wave,0.075,3,0.035,1495,0,0
12,3,21,0.2,wave,0.075,3,0.035,1482,0,0
12,3,22,0.2,wave,0.075,3,0.035,1452,0,0
12,3,23,0.2,wave,0.075,3,0.035,1441,0,0
12,3,24,0.2,wave,0.075,3,0.035,1393,0,0
12,3,25,0.2,wave,0.075,3,0.035,1369,0,0
12,3,26,0.2,wave,0.075,3,0.035,1328,0,0
12,3,27,0.2,wave,0.075,3,0.035,1320,0,0
12,3,28,0.2,wave,0.075,3,0.035,1291,0,0
12,3,29,0.2,wave,0.075,3,0.035,1310,0,0
12,3,30,0.2,wave,0.075,3,0.035,1274,0,0
12,3,31,0.2,wave,0.075,3,0.035,1275,0,0
12,3,32,0.2,wave,0.075,3,0.035,1231,0,0
12,3,33,0.2,wave,0.075,3,0.035,1228,0,0
12,3,34,0.2,wave,0.075,3,0.035,1190,0,0
12,3,35,0.2,wave,0.075,3,0.035,1192,0,0
12,3,36,0.2,wave,0.075,3,0.035,1165,0,0
12,3,37,0.2,wave,0.075,3,0.035,1169,0,0
12,3,38,0.2,wave,0.075,3,0.035,1156,0,0
12,3,39,0.2,wave,0.075,3,0.035,1143,0,0
12,3,40,0.2,wave,0.075,3,0.035,1126,0,0
12,3,41,0.2,wave,0.075,3,0.035,1118,0,0
12,3,42,0.2,wave,0.075,3,0.035,1108,0,0
12,3,43,0.2,wave,0.075,3,0.035,1091,0,0
12,3,44,0.2,wave,0.075,3,0.035,1065,0,0
12,3,45,0.2,wave,0.075,3,0.035,1044,0,0
12,3,46,0.2,wave,0.075,3,0.035,1030,0,0
12,3,47,0.2,wave,0.075,3,0.035,1031,0,0
12,3,48,0.2,wave,0.075,3,0.035,1003,0,0
12,3,49,0.2,wave,0.075,3,0.035,1006,0,0
12,3,50,0.2,wave,0.075,3,0.035,994,0,0
12,3,51,0.2,wave,0.075,3,0.035,985,0,0
12,3,52,0.2,wave,0.075,3,0.035,972,0,0
12,4,1,0.2,wave,0.075,3,0.035,973,0,0
12,4,2,0.2,wave,0.075,3,0.035,964,0,0
12,4,3,0.2,wave,0.075,3,0.035,964,0,0
12,4,4,0.2,wave,0.075,3,0.035,948,0,0
12,4,5,0.2,wave,0.075,3,0.035,947,0,0
12,4,6,0.2,wave,0.075,3,0.035,932,0,0
12,4,7,0.2,wave,0.075,3,0.035,935,0,0
12,4,8,0.2,wave,0.075,3,0.035,929,0,0
12,4,9,0.2,wave,0.075,3,0.035,930,0,0
12,4,10,0.2,wave,0.075,3,0.035,921,0,0
12,4,11,0.2,wave,0.075,3,0.035,924,0,0
12,4,12,0.2,wave,0.075,3,0.035,914,0,0
12,4,13,0.2,wave,0.075,3,0.035,915,0,0
12,4,14,0.2,wave,0.075,3,0.035,890,0,0
12,4,15,0.2,wave,0.075,3,0.035,893,0,0
12,4,16,0.2,wave,0.075,3,0.035,885,0,0
12,4,17,0.2,wave,0.075,3,0.035,882,0,0
12,4,18,0.2,wave,0.075,3,0.035,855,0,0
12,4,19,0.2,wave,0.075,3,0.035,848,0,0
12,4,20,0.2,wave,0.075,3,0.035,1257,0,0
12,4,21,0.2,wave,0.075,3,0.035,1236,0,0
12,4,22,0.2,wave,0.075,3,0.035,1182,0,0
12,4,23,0.2,wave,0.075,3,0.035,1157,0,0
12,4,24,0.2,wave,0.075,3,0.035,1150,0,0
12,4,25,0.2,wave,0.075,3,0.035,1135,0,0
12,4,26,0.2,wave,0.075,3,0.035,1109,0,0
12,4,27,0.2,wave,0.075,3,0.035,1111,0,0
12,4,28,0.2,wave,0.075,3,0.035,1075,0,0
12,4,29,0.2,wave,0.075,3,0.035,1063,0,0
12,4,30,0.2,wave,0.075,3,0.035,1043,0,0
12,4,31,0.2,wave,0.075,3,0.035,1048,0,0
12,4,32,0.2,wave,0.075,3,0.035,1000,0,0
12,4,33,0.2,wave,0.075,3,0.035,1000,0,0
12,4,34,0.2,wave,0.075,3,0.035,989,0,0
12,4,35,0.2,wave,0.075,3,0.035,975,0,0
12,4,36,0.2,wave,0.075,3,0.035,934,0,0
12,4,37,0.2,wave,0.075,3,0.035,914,0,0
12,4,38,0.2,wave,0.075,3,0.035,888,0,0
12,4,39,0.2,wave,0.075,3,0.035,893,0,0
12,4,40,0.2,wave,0.075,3,0.035,885,0,0
12,4,41,0.2,wave,0.075,3,0.035,887,0,0
12,4,42,0.2,wave,0.075,3,0.035,876,0,0
12,4,43,0.2,wave,0.075,3,0.035,877,0,0
12,4,44,0.2,wave,0.075,3,0.035,854,0,0
12,4,45,0.2,wave,0.075,3,0.035,849,0,0
12,4,46,0.2,wave,0.075,3,0.035,831,0,0
12,4,47,0.2,wave,0.075,3,0.035,828,0,0
12,4,48,0.2,wave,0.075,3,0.035,817,0,0
12,4,49,0.2,wave,0.075,3,0.035,803,0,0
12,4,50,0.2,wave,0.075,3,0.035,788,0,0
12,4,51,0.2,wave,0.075,3,0.035,786,0,0
12,4,52,0.2,wave,0.075,3,0.035,778,0,0
12,5,1,0.2,wave,0.075,3,0.035,771,0,0
12,5,2,0.2,wave,0.075,3,0.035,760,0,0
12,5,3,0.2,wave,0.075,3,0.035,760,0,0
12,5,4,0.2,wave,0.075,3,0.035,751,0,0
12,5,5,0.2,wave,0.075,3,0.035,727,0,0
12,5,6,0.2,wave,0.075,3,0.035,707,0,0
12,5,7,0.2,wave,0.075,3,0.035,707,0,0
12,5,8,0.2,wave,0.075,3,0.035,687,0,0
12,5,9,0.2,wave,0.075,3,0.035,689,0,0
12,5,10,0.2,wave,0.075,3,0.035,674,0,0
12,5,11,0.2,wave,0.075,3,0.035,673,0,0
12,5,12,0.2,wave,0.075,3,0.035,669,0,0
12,5,13,0.2,wave,0.075,3,0.035,667,0,0
12,5,14,0.2,wave,0.075,3,0.035,662,0,0
12,5,15,0.2,wave,0.075,3,0.035,661,0,0
12,5,16,0.2,wave,0.075,3,0.035,655,0,0
12,5,17,0.2,wave,0.075,3,0.035,657,0,0
12,5,18,0.2,wave,0.075,3,0.035,653,0,0
12,5,19,0.2,wave,0.075,3,0.035,654,0,0
12,5,20,0.2,wave,0.075,3,0.035,937,0,0
12,5,21,0.2,wave,0.075,3,0.035,909,0,0
12,5,22,0.2,wave,0.075,3,0.035,905,0,0
12,5,23,0.2,wave,0.075,3,0.035,904,0,0
12,5,24,0.2,wave,0.075,3,0.035,885,0,0
12,5,25,0.2,wave,0.075,3,0.035,896,0,0
12,5,26,0.2,wave,0.075,3,0.035,869,0,0
12,5,27,0.2,wave,0.075,3,0.035,851,0,0
12,5,28,0.2,wave,0.075,3,0.035,829,0,0
12,5,29,0.2,wave,0.075,3,0.035,829,0,0
12,5,30,0.2,wave,0.075,3,0.035,822,0,0
12,5,31,0.2,wave,0.075,3,0.035,798,0,0
12,5,32,0.2,wave,0.075,3,0.035,791,0,0
12,5,33,0.2,wave,0.075,3,0.035,791,0,0
12,5,34,0.2,wave,0.075,3,0.035,779,0,0
12,5,35,0.2,wave,0.075,3,0.035,764,0,0
12,5,36,0.2,wave,0.075,3,0.035,749,0,0
12,5,37,0.2,wave,0.075,3,0.035,750,0,0
12,5,38,0.2,wave,0.075,3,0.035,745,0,0
12,5,39,0.2,wave,0.075,3,0.035,735,0,0
12,5,40,0.2,wave,0.075,3,0.035,728,0,0
12,5,41,0.2,wave,0.075,3,0.035,720,0,0
12,5,42,0.2,wave,0.075,3,0.035,720,0,0
12,5,43,0.2,wave,0.075,3,0.035,712,0,0
12,5,44,0.2,wave,0.075,3,0.035,708,0,0
12,5,45,0.2,wave,0.075,3,0.035,686,0,0
12,5,46,0.2,wave,0.075,3,0.035,686,0,0
12,5,47,0.2,wave,0.075,3,0.035,673,0,0
12,5,48,0.2,wave,0.075,3,0.035,671,0,0
12,5,49,0.2,wave,0.075,3,0.035,664,0,0
12,5,50,0.2,wave,0.075,3,0.035,661,0,0
12,5,51,0.2,wave,0.075,3,0.035,644,0,0
12,5,52,0.2,wave,0.075,3,0.035,645,0,0
12,6,1,0.2,wave,0.075,3,0.035,634,0,0
12,6,2,0.2,wave,0.075,3,0.035,636,0,0
12,6,3,0.2,wave,0.075,3,0.035,624,0,0
12,6,4,0.2,wave,0.075,3,0.035,624,0,0
12,6,5,0.2,wave,0.075,3,0.035,617,0,0
12,6,6,0.2,wave,0.075,3,0.035,619,0,0
12,6,7,0.2,wave,0.075,3,0.035,607,0,0
12,6,8,0.2,wave,0.075,3,0.035,608,0,0
12,6,9,0.2,wave,0.075,3,0.035,604,0,0
12,6,10,0.2,wave,0.075,3,0.035,581,0,0
12,6,11,0.2,wave,0.075,3,0.035,568,0,0
12,6,12,0.2,wave,0.075,3,0.035,571,0,0
12,6,13,0.2,wave,0.075,3,0.035,566,0,0
12,6,14,0.2,wave,0.075,3,0.035,567,0,0
12,6,15,0.2,wave,0.075,3,0.035,562,0,0
12,6,16,0.2,wave,0.075,3,0.035,564,0,0
12,6,17,0.2,wave,0.075,3,0.035,559,0,0
12,6,18,0.2,wave,0.075,3,0.035,563,0,0
12,6,19,0.2,wave,0.075,3,0.035,559,0,0
12,6,20,0.2,wave,0.075,3,0.035,820,0,0
12,6,21,0.2,wave,0.075,3,0.035,821,0,0
12,6,22,0.2,wave,0.075,3,0.035,818,0,0
12,6,23,0.2,wave,0.075,3,0.035,795,0,0
12,6,24,0.2,wave,0.075,3,0.035,789,0,0
12,6,25,0.2,wave,0.075,3,0.035,759,0,0
12,6,26,0.2,wave,0.075,3,0.035,740,0,0
12,6,27,0.2,wave,0.075,3,0.035,740,0,0
12,6,28,0.2,wave,0.075,3,0.035,733,0,0
12,6,29,0.2,wave,0.075,3,0.035,723,0,0
12,6,30,0.2,wave,0.075,3,0.035,719,0,0
12,6,31,0.2,wave,0.075,3,0.035,698,0,0
12,6,32,0.2,wave,0.075,3,0.035,681,0,0
12,6,33,0.2,wave,0.075,3,0.035,682,0,0
12,6,34,0.2,wave,0.075,3,0.035,679,0,0
12,6,35,0.2,wave,0.075,3,0.035,661,0,0
12,6,36,0.2,wave,0.075,3,0.035,643,0,0
12,6,37,0.2,wave,0.075,3,0.035,639,0,0
12,6,38,0.2,wave,0.075,3,0.035,613,0,0
12,6,39,0.2,wave,0.075,3,0.035,618,0,0
12,6,40,0.2,wave,0.075,3,0.035,615,0,0
12,6,41,0.2,wave,0.075,3,0.035,588,0,0
12,6,42,0.2,wave,0.075,3,0.035,570,0,0
12,6,43,0.2,wave,0.075,3,0.035,577,0,0
12,6,44,0.2,wave,0.075,3,0.035,562,0,0
12,6,45,0.2,wave,0.075,3,0.035,566,0,0
12,6,46,0.2,wave,0.075,3,0.035,546,0,0
12,6,47,0.2,wave,0.075,3,0.035,548,0,0
12,6,48,0.2,wave,0.075,3,0.035,539,0,0
12,6,49,0.2,wave,0.075,3,0.035,544,0,0
12,6,50,0.2,wave,0.075,3,0.035,532,0,0
12,6,51,0.2,wave,0.075,3,0.035,538,0,0
12,6,52,0.2,wave,0.075,3,0.035,523,0,0
12,7,1,0.2,wave,0.075,3,0.035,528,0,0
12,7,2,0.2,wave,0.075,3,0.035,508,0,0
12,7,3,0.2,wave,0.075,3,0.035,509,0,0
12,7,4,0.2,wave,0.075,3,0.035,498,0,0
12,7,5,0.2,wave,0.075,3,0.035,504,0,0
12,7,6,0.2,wave,0.075,3,0.035,496,0,0
12,7,7,0.2,wave,0.075,3,0.035,501,0,0
12,7,8,0.2,wave,0.075,3,0.035,490,0,0
12,7,9,0.2,wave,0.075,3,0.035,497,0,0
12,7,10,0.2,wave,0.075,3,0.035,490,0,0
12,7,11,0.2,wave,0.075,3,0.035,496,0,0
12,7,12,0.2,wave,0.075,3,0.035,488,0,0
12,7,13,0.2,wave,0.075,3,0.035,493,0,0
12,7,14,0.2,wave,0.075,3,0.035,486,0,0
12,7,15,0.2,wave,0.075,3,0.035,488,0,0
12,7,16,0.2,wave,0.075,3,0.035,481,0,0
12,7,17,0.2,wave,0.075,3,0.035,486,0,0
12,7,18,0.2,wave,0.075,3,0.035,480,0,0
12,7,19,0.2,wave,0.075,3,0.035,481,0,0
12,7,20,0.2,wave,0.075,3,0.035,717,0,0
12,7,21,0.2,wave,0.075,3,0.035,679,0,0
12,7,22,0.2,wave,0.075,3,0.035,664,0,0
12,7,23,0.2,wave,0.075,3,0.035,654,0,0
12,7,24,0.2,wave,0.075,3,0.035,632,0,0
12,7,25,0.2,wave,0.075,3,0.035,626,0,0
12,7,26,0.2,wave,0.075,3,0.035,614,0,0
12,7,27,0.2,wave,0.075,3,0.035,621,0,0
12,7,28,0.2,wave,0.075,3,0.035,597,0,0
12,7,29,0.2,wave,0.075,3,0.035,603,0,0
12,7,30,0.2,wave,0.075,3,0.035,589,0,0
12,7,31,0.2,wave,0.075,3,0.035,597,0,0
12,7,32,0.2,wave,0.075,3,0.035,565,0,0
12,7,33,0.2,wave,0.075,3,0.035,577,0,0
12,7,34,0.2,wave,0.075,3,0.035,546,0,0
12,7,35,0.2,wave,0.075,3,0.035,557,0,0
12,7,36,0.2,wave,0.075,3,0.035,545,0,0
12,7,37,0.2,wave,0.075,3,0.035,541,0,0
12,7,38,0.2,wave,0.075,3,0.035,521,0,0
12,7,39,0.2,wave,0.075,3,0.035,525,0,0
12,7,40,0.2,wave,0.075,3,0.035,512,0,0
12,7,41,0.2,wave,0.075,3,0.035,517,0,0
12,7,42,0.2,wave,0.075,3,0.035,502,0,0
12,7,43,0.2,wave,0.075,3,0.035,505,0,0
12,7,44,0.2,wave,0.075,3,0.035,481,0,0
12,7,45,0.2,wave,0.075,3,0.035,488,0,0
12,7,46,0.2,wave,0.075,3,0.035,478,0,0
12,7,47,0.2,wave,0.075,3,0.035,485,0,0
12,7,48,0.2,wave,0.075,3,0.035,475,0,0
12,7,49,0.2,wave,0.075,3,0.035,484,0,0
12,7,50,0.2,wave,0.075,3,0.035,465,0,0
12,7,51,0.2,wave,0.075,3,0.035,473,0,0
12,7,52,0.2,wave,0.075,3,0.035,450,0,0
12,8,1,0.2,wave,0.075,3,0.035,457,0,0
12,8,2,0.2,wave,0.075,3,0.035,436,0,0
12,8,3,0.2,wave,0.075,3,0.035,444,0,0
12,8,4,0.2,wave,0.075,3,0.035,428,0,0
12,8,5,0.2,wave,0.075,3,0.035,439,0,0
12,8,6,0.2,wave,0.075,3,0.035,415,0,0
12,8,7,0.2,wave,0.075,3,0.035,424,0,0
12,8,8,0.2,wave,0.075,3,0.035,412,0,0
12,8,9,0.2,wave,0.075,3,0.035,423,0,0
12,8,10,0.2,wave,0.075,3,0.035,410,0,0
12,8,11,0.2,wave,0.075,3,0.035,422,0,0
12,8,12,0.2,wave,0.075,3,0.035,410,0,0
12,8,13,0.2,wave,0.075,3,0.035,421,0,0
12,8,14,0.2,wave,0.075,3,0.035,408,0,0
12,8,15,0.2,wave,0.075,3,0.035,418,0,0
12,8,16,0.2,wave,0.075,3,0.035,409,0,0
12,8,17,0.2,wave,0.075,3,0.035,417,0,0
12,8,18,0.2,wave,0.075,3,0.035,406,0,0
12,8,19,0.2,wave,0.075,3,0.035,415,0,0
12,8,20,0.2,wave,0.075,3,0.035,592,0,0
12,8,21,0.2,wave,0.075,3,0.035,595,0,0
12,8,22,0.2,wave,0.075,3,0.035,580,0,0
12,8,23,0.2,wave,0.075,3,0.035,569,0,0
12,8,24,0.2,wave,0.075,3,0.035,545,0,0
12,8,25,0.2,wave,0.075,3,0.035,545,0,0
12,8,26,0.2,wave,0.075,3,0.035,522,0,0
12,8,27,0.2,wave,0.075,3,0.035,507,0,0
12,8,28,0.2,wave,0.075,3,0.035,494,0,0
12,8,29,0.2,wave,0.075,3,0.035,506,0,0
12,8,30,0.2,wave,0.075,3,0.035,494,0,0
12,8,31,0.2,wave,0.075,3,0.035,481,0,0
12,8,32,0.2,wave,0.075,3,0.035,456,0,0
12,8,33,0.2,wave,0.075,3,0.035,457,0,0
12,8,34,0.2,wave,0.075,3,0.035,445,0,0
12,8,35,0.2,wave,0.075,3,0.035,457,0,0
12,8,36,0.2,wave,0.075,3,0.035,433,0,0
12,8,37,0.2,wave,0.075,3,0.035,445,0,0
12,8,38,0.2,wave,0.075,3,0.035,437,0,0
12,8,39,0.2,wave,0.075,3,0.035,444,0,0
12,8,40,0.2,wave,0.075,3,0.035,436,0,0
12,8,41,0.2,wave,0.075,3,0.035,442,0,0
12,8,42,0.2,wave,0.075,3,0.035,429,0,0
12,8,43,0.2,wave,0.075,3,0.035,439,0,0
12,8,44,0.2,wave,0.075,3,0.035,427,0,0
12,8,45,0.2,wave,0.075,3,0.035,432,0,0
12,8,46,0.2,wave,0.075,3,0.035,421,0,0
12,8,47,0.2,wave,0.075,3,0.035,432,0,0
12,8,48,0.2,wave,0.075,3,0.035,417,0,0
12,8,49,0.2,wave,0.075,3,0.035,430,0,0
12,8,50,0.2,wave,0.075,3,0.035,413,0,0
12,8,51,0.2,wave,0.075,3,0.035,426,0,0
12,8,52,0.2,wave,0.075,3,0.035,412,0,0
12,9,1,0.2,wave,0.075,3,0.035,424,0,0
12,9,2,0.2,wave,0.075,3,0.035,410,0,0
12,9,3,0.2,wave,0.075,3,0.035,424,0,0
12,9,4,0.2,wave,0.075,3,0.035,406,0,0
12,9,5,0.2,wave,0.075,3,0.035,420,0,0
12,9,6,0.2,wave,0.075,3,0.035,403,0,0
12,9,7,0.2,wave,0.075,3,0.035,407,0,0
12,9,8,0.2,wave,0.075,3,0.035,403,0,0
12,9,9,0.2,wave,0.075,3,0.035,407,0,0
12,9,10,0.2,wave,0.075,3,0.035,403,0,0
12,9,11,0.2,wave,0.075,3,0.035,407,0,0
12,9,12,0.2,wave,0.075,3,0.035,404,0,0
12,9,13,0.2,wave,0.075,3,0.035,406,0,0
12,9,14,0.2,wave,0.075,3,0.035,403,0,0
12,9,15,0.2,wave,0.075,3,0.035,405,0,0
12,9,16,0.2,wave,0.075,3,0.035,403,0,0
12,9,17,0.2,wave,0.075,3,0.035,406,0,0
12,9,18,0.2,wave,0.075,3,0.035,401,0,0
12,9,19,0.2,wave,0.075,3,0.035,405,0,0
12,9,20,0.2,wave,0.075,3,0.035,564,0,0
12,9,21,0.2,wave,0.075,3,0.035,570,0,0
12,9,22,0.2,wave,0.075,3,0.035,564,0,0
12,9,23,0.2,wave,0.075,3,0.035,570,0,0
12,9,24,0.2,wave,0.075,3,0.035,564,0,0
12,9,25,0.2,wave,0.075,3,0.035,570,0,0
12,9,26,0.2,wave,0.075,3,0.035,564,0,0
12,9,27,0.2,wave,0.075,3,0.035,570,0,0
12,9,28,0.2,wave,0.075,3,0.035,553,0,0
12,9,29,0.2,wave,0.075,3,0.035,559,0,0
12,9,30,0.2,wave,0.075,3,0.035,555,0,0
12,9,31,0.2,wave,0.075,3,0.035,559,0,0
12,9,32,0.2,wave,0.075,3,0.035,550,0,0
12,9,33,0.2,wave,0.075,3,0.035,559,0,0
12,9,34,0.2,wave,0.075,3,0.035,555,0,0
12,9,35,0.2,wave,0.075,3,0.035,559,0,0
12,9,36,0.2,wave,0.075,3,0.035,523,0,0
12,9,37,0.2,wave,0.075,3,0.035,528,0,0
12,9,38,0.2,wave,0.075,3,0.035,504,0,0
12,9,39,0.2,wave,0.075,3,0.035,508,0,0
12,9,40,0.2,wave,0.075,3,0.035,504,0,0
12,9,41,0.2,wave,0.075,3,0.035,508,0,0
12,9,42,0.2,wave,0.075,3,0.035,504,0,0
12,9,43,0.2,wave,0.075,3,0.035,507,0,0
12,9,44,0.2,wave,0.075,3,0.035,502,0,0
12,9,45,0.2,wave,0.075,3,0.035,500,0,0
12,9,46,0.2,wave,0.075,3,0.035,497,0,0
12,9,47,0.2,wave,0.075,3,0.035,499,0,0
12,9,48,0.2,wave,0.075,3,0.035,493,0,0
12,9,49,0.2,wave,0.075,3,0.035,497,0,0
12,9,50,0.2,wave,0.075,3,0.035,491,0,0
12,9,51,0.2,wave,0.075,3,0.035,493,0,0
12,9,52,0.2,wave,0.075,3,0.035,488,0,0
12,10,1,0.2,wave,0.075,3,0.035,489,0,0
12,10,2,0.2,wave,0.075,3,0.035,483,0,0
12,10,3,0.2,wave,0.075,3,0.035,485,0,0
12,10,4,0.2,wave,0.075,3,0.035,480,0,0
12,10,5,0.2,wave,0.075,3,0.035,482,0,0
12,10,6,0.2,wave,0.075,3,0.035,480,0,0
12,10,7,0.2,wave,0.075,3,0.035,482,0,0
12,10,8,0.2,wave,0.075,3,0.035,479,0,0
12,10,9,0.2,wave,0.075,3,0.035,482,0,0
12,10,10,0.2,wave,0.075,3,0.035,478,0,0
12,10,11,0.2,wave,0.075,3,0.035,481,0,0
12,10,12,0.2,wave,0.075,3,0.035,478,0,0
12,10,13,0.2,wave,0.075,3,0.035,480,0,0
12,10,14,0.2,wave,0.075,3,0.035,476,0,0
12,10,15,0.2,wave,0.075,3,0.035,479,0,0
12,10,16,0.2,wave,0.075,3,0.035,463,0,0
12,10,17,0.2,wave,0.075,3,0.035,468,0,0
12,10,18,0.2,wave,0.075,3,0.035,463,0,0
12,10,19,0.2,wave,0.075,3,0.035,463,0,0
12,10,20,0.2,wave,0.075,3,0.035,672,0,0
12,10,21,0.2,wave,0.075,3,0.035,660,0,0
12,10,22,0.2,wave,0.075,3,0.035,652,0,0
12,10,23,0.2,wave,0.075,3,0.035,660,0,0
12,10,24,0.2,wave,0.075,3,0.035,639,0,0
12,10,25,0.2,wave,0.075,3,0.035,622,0,0
12,10,26,0.2,wave,0.075,3,0.035,614,0,0
12,10,27,0.2,wave,0.075,3,0.035,621,0,0
12,10,28,0.2,wave,0.075,3,0.035,608,0,0
12,10,29,0.2,wave,0.075,3,0.035,619,0,0
12,10,30,0.2,wave,0.075,3,0.035,608,0,0
12,10,31,0.2,wave,0.075,3,0.035,609,0,0
12,10,32,0.2,wave,0.075,3,0.035,608,0,0
12,10,33,0.2,wave,0.075,3,0.035,609,0,0
12,10,34,0.2,wave,0.075,3,0.035,608,0,0
12,10,35,0.2,wave,0.075,3,0.035,610,0,0
12,10,36,0.2,wave,0.075,3,0.035,608,0,0
12,10,37,0.2,wave,0.075,3,0.035,600,0,0
12,10,38,0.2,wave,0.075,3,0.035,599,0,0
12,10,39,0.2,wave,0.075,3,0.035,601,0,0
12,10,40,0.2,wave,0.075,3,0.035,598,0,0
12,10,41,0.2,wave,0.075,3,0.035,596,0,0
12,10,42,0.2,wave,0.075,3,0.035,591,0,0
12,10,43,0.2,wave,0.075,3,0.035,592,0,0
12,10,44,0.2,wave,0.075,3,0.035,579,0,0
12,10,45,0.2,wave,0.075,3,0.035,580,0,0
12,10,46,0.2,wave,0.075,3,0.035,565,0,0
12,10,47,0.2,wave,0.075,3,0.035,568,0,0
12,10,48,0.2,wave,0.075,3,0.035,565,0,0
12,10,49,0.2,wave,0.075,3,0.035,568,0,0
12,10,50,0.2,wave,0.075,3,0.035,564,0,0
12,10,51,0.2,wave,0.075,3,0.035,563,0,0
12,10,52,0.2,wave,0.075,3,0.035,560,0,0
13,1,1,0.2,wave,0.075,3,0.03305555555555555,6565,60,10
13,1,2,0.2,wave,0.075,3,0.03305555555555555,6461,64,22
13,1,3,0.2,wave,0.075,3,0.03305555555555555,6407,107,36
13,1,4,0.2,wave,0.075,3,0.03305555555555555,6353,151,41
13,1,5,0.2,wave,0.075,3,0.03305555555555555,6298,190,63
13,1,6,0.2,wave,0.075,3,0.03305555555555555,6098,240,87
13,1,7,0.2,wave,0.075,3,0.03305555555555555,5836,331,108
13,1,8,0.2,wave,0.075,3,0.03305555555555555,5561,369,129
13,1,9,0.2,wave,0.075,3,0.03305555555555555,5383,414,163
13,1,10,0.2,wave,0.075,3,0.03305555555555555,5139,472,197
13,1,11,0.2,wave,0.075,3,0.03305555555555555,4927,506,216
13,1,12,0.2,wave,0.075,3,0.03305555555555555,4619,557,232
13,1,13,0.2,wave,0.075,3,0.03305555555555555,4501,562,254
13,1,14,0.2,wave,0.075,3,0.03305555555555555,4264,546,270
13,1,15,0.2,wave,0.075,3,0.03305555555555555,4094,545,267
13,1,16,0.2,wave,0.075,3,0.03305555555555555,3909,525,262
13,1,17,0.2,wave,0.075,3,0.03305555555555555,3784,515,247
13,1,18,0.2,wave,0.075,3,0.03305555555555555,3609,480,246
13,1,19,0.2,wave,0.075,3,0.03305555555555555,3470,454,242
13,1,20,0.2,wave,0.075,3,0.03305555555555555,5033,400,218
13,1,21,0.2,wave,0.075,3,0.03305555555555555,4784,454,205
13,1,22,0.2,wave,0.075,3,0.03305555555555555,4724,501,212
13,1,23,0.2,wave,0.075,3,0.03305555555555555,4569,527,219
13,1,24,0.2,wave,0.075,3,0.03305555555555555,4365,537,240
13,1,25,0.2,wave,0.075,3,0.03305555555555555,4118,490,213
13,1,26,0.2,wave,0.075,3,0.03305555555555555,4035,554,229
13,1,27,0.2,wave,0.075,3,0.03305555555555555,3896,526,214
13,1,28,0.2,wave,0.075,3,0.03305555555555555,3804,572,264
13,1,29,0.2,wave,0.075,3,0.03305555555555555,3643,563,275
13,1,30,0.2,wave,0.075,3,0.03305555555555555,3514,552,269
13,1,31,0.2,wave,0.075,3,0.03305555555555555,3357,538,257
13,1,32,0.2,wave,0.075,3,0.03305555555555555,3209,518,236
13,1,33,0.2,wave,0.075,3,0.03305555555555555,3042,491,229
13,1,34,0.2,wave,0.075,3,0.03305555555555555,2925,481,241
13,1,35,0.2,wave,0.075,3,0.03305555555555555,2824,483,242
13,1,36,0.2,wave,0.075,3,0.03305555555555555,2724,456,224
13,1,37,0.2,wave,0.075,3,0.03305555555555555,2585,419,197
13,1,38,0.2,wave,0.075,3,0.03305555555555555,2454,400,188
13,1,39,0.2,wave,0.075,3,0.03305555555555555,2363,382,203
13,1,40,0.2,wave,0.075,3,0.03305555555555555,2284,370,204
13,1,41,0.2,wave,0.075,3,0.03305555555555555,2189,365,202
13,1,42,0.2,wave,0.075,3,0.03305555555555555,2096,321,183
13,1,43,0.2,wave,0.075,3,0.03305555555555555,1996,306,159
13,1,44,0.2,wave,0.075,3,0.03305555555555555,1934,287,145
13,1,45,0.2,wave,0.075,3,0.03305555555555555,1822,253,114
13,1,46,0.2,wave,0.075,3,0.03305555555555555,1771,236,124
13,1,47,0.2,wave,0.075,3,0.03305555555555555,1696,205,122
13,1,48,0.2,wave,0.075,3,0.03305555555555555,1650,193,114
13,1,49,0.2,wave,0.075,3,0.03305555555555555,1579,158,93
13,1,50,0.2,wave,0.075,3,0.03305555555555555,1533,132,71
13,1,51,0.2,wave,0.075,3,0.03305555555555555,1491,116,64
13,1,52,0.2,wave,0.075,3,0.03305555555555555,1452,99,56
13,2,1,0.2,wave,0.075,3,0.03305555555555555,1414,91,51
13,2,2,0.2,wave,0.075,3,0.03305555555555555,1402,81,44
13,2,3,0.2,wave,0.075,3,0.03305555555555555,1354,60,32
13,2,4,0.2,wave,0.075,3,0.03305555555555555,1338,60,29
13,2,5,0.2,wave,0.075,3,0.03305555555555555,1314,51,25
13,2,6,0.2,wave,0.075,3,0.03305555555555555,1302,50,29
13,2,7,0.2,wave,0.075,3,0.03305555555555555,1267,46,26
13,2,8,0.2,wave,0.075,3,0.03305555555555555,1251,43,22
13,2,9,0.2,wave,0.075,3,0.03305555555555555,1230,38,20
13,2,10,0.2,wave,0.075,3,0.03305555555555555,1223,34,18
13,2,11,0.2,wave,0.075,3,0.03305555555555555,1210,32,20
13,2,12,0.2,wave,0.075,3,0.03305555555555555,1195,34,17
13,2,13,0.2,wave,0.075,3,0.03305555555555555,1188,32,13
13,2,14,0.2,wave,0.075,3,0.03305555555555555,1168,22,8
13,2,15,0.2,wave,0.075,3,0.03305555555555555,1155,23,14
13,2,16,0.2,wave,0.075,3,0.03305555555555555,1148,25,16
13,2,17,0.2,wave,0.075,3,0.03305555555555555,1135,26,15
13,2,18,0.2,wave,0.075,3,0.03305555555555555,1130,24,10
13,2,19,0.2,wave,0.075,3,0.03305555555555555,1118,24,13
13,2,20,0.2,wave,0.075,3,0.03305555555555555,1617,20,11
13,2,21,0.2,wave,0.075,3,0.03305555555555555,1562,25,14
13,2,22,0.2,wave,0.075,3,0.03305555555555555,1531,14,7
13,2,23,0.2,wave,0.075,3,0.03305555555555555,1524,18,8
13,2,24,0.2,wave,0.075,3,0.03305555555555555,1498,12,6
13,2,25,0.2,wave,0.075,3,0.03305555555555555,1494,9,3
13,2,26,0.2,wave,0.075,3,0.03305555555555555,1465,7,3
13,2,27,0.2,wave,0.075,3,0.03305555555555555,1465,8,5
13,2,28,0.2,wave,0.075,3,0.03305555555555555,1445,9,4
13,2,29,0.2,wave,0.075,3,0.03305555555555555,1397,10,4
13,2,30,0.2,wave,0.075,3,0.03305555555555555,1423,9,3
13,2,31,0.2,wave,0.075,3,0.03305555555555555,1382,12,7
13,2,32,0.2,wave,0.075,3,0.03305555555555555,1377,9,5
13,2,33,0.2,wave,0.075,3,0.03305555555555555,1334,8,2
13,2,34,0.2,wave,0.075,3,0.03305555555555555,1342,7,2
13,2,35,0.2,wave,0.075,3,0.03305555555555555,1319,11,7
13,2,36,0.2,wave,0.075,3,0.03305555555555555,1305,16,6
13,2,37,0.2,wave,0.075,3,0.03305555555555555,1296,23,8
13,2,38,0.2,wave,0.075,3,0.03305555555555555,1288,16,6
13,2,39,0.2,wave,0.075,3,0.03305555555555555,1214,16,3
13,2,40,0.2,wave,0.075,3,0.03305555555555555,1204,12,5
13,2,41,0.2,wave,0.075,3,0.03305555555555555,1189,16,6
13,2,42,0.2,wave,0.075,3,0.03305555555555555,1183,16,11
13,2,43,0.2,wave,0.075,3,0.03305555555555555,1163,17,10
13,2,44,0.2,wave,0.075,3,0.03305555555555555,1158,18,10
13,2,45,0.2,wave,0.075,3,0.03305555555555555,1132,14,3
13,2,46,0.2,wave,0.075,3,0.03305555555555555,1140,14,6
13,2,47,0.2,wave,0.075,3,0.03305555555555555,1118,16,6
13,2,48,0.2,wave,0.075,3,0.03305555555555555,1120,16,9
13,2,49,0.2,wave,0.075,3,0.03305555555555555,1081,15,8
13,2,50,0.2,wave,0.075,3,0.03305555555555555,1077,14,8
13,2,51,0.2,wave,0.075,3,0.03305555555555555,1051,12,7
13,2,52,0.2,wave,0.075,3,0.03305555555555555,1056,12,8
13,3,1,0.2,wave,0.075,3,0.03305555555555555,1010,9,5
13,3,2,0.2,wave,0.075,3,0.03305555555555555,1023,9,6
13,3,3,0.2,wave,0.075,3,0.03305555555555555,989,8,4
13,3,4,0.2,wave,0.075,3,0.03305555555555555,997,8,4
13,3,5,0.2,wave,0.075,3,0.03305555555555555,969,5,4
13,3,6,0.2,wave,0.075,3,0.03305555555555555,983,6,4
13,3,7,0.2,wave,0.075,3,0.03305555555555555,949,6,4
13,3,8,0.2,wave,0.075,3,0.03305555555555555,961,4,3
13,3,9,0.2,wave,0.075,3,0.03305555555555555,932,3,3
13,3,10,0.2,wave,0.075,3,0.03305555555555555,939,2,2
13,3,11,0.2,wave,0.075,3,0.03305555555555555,913,0,0
13,3,12,0.2,wave,0.075,3,0.03305555555555555,922,0,0
13,3,13,0.2,wave,0.075,3,0.03305555555555555,910,0,0
13,3,14,0.2,wave,0.075,3,0.03305555555555555,918,0,0
13,3,15,0.2,wave,0.075,3,0.03305555555555555,905,0,0
13,3,16,0.2,wave,0.075,3,0.03305555555555555,914,0,0
13,3,17,0.2,wave,0.075,3,0.03305555555555555,897,0,0
13,3,18,0.2,wave,0.075,3,0.03305555555555555,899,0,0
13,3,19,0.2,wave,0.075,3,0.03305555555555555,893,0,0
13,3,20,0.2,wave,0.075,3,0.03305555555555555,1304,0,0
13,3,21,0.2,wave,0.075,3,0.03305555555555555,1268,0,0
13,3,22,0.2,wave,0.075,3,0.03305555555555555,1242,1,0
13,3,23,0.2,wave,0.075,3,0.03305555555555555,1231,0,0
13,3,24,0.2,wave,0.075,3,0.03305555555555555,1219,1,1
13,3,25,0.2,wave,0.075,3,0.03305555555555555,1191,1,0
13,3,26,0.2,wave,0.075,3,0.03305555555555555,1183,1,0
13,3,27,0.2,wave,0.075,3,0.03305555555555555,1156,0,0
13,3,28,0.2,wave,0.075,3,0.03305555555555555,1141,3,1
13,3,29,0.2,wave,0.075,3,0.03305555555555555,1104,0,0
13,3,30,0.2,wave,0.075,3,0.03305555555555555,1104,4,0
13,3,31,0.2,wave,0.075,3,0.03305555555555555,1089,0,0
13,3,32,0.2,wave,0.075,3,0.03305555555555555,1085,4,3
13,3,33,0.2,wave,0.075,3,0.03305555555555555,1103,1,1
13,3,34,0.2,wave,0.075,3,0.03305555555555555,1034,9,2
13,3,35,0.2,wave,0.075,3,0.03305555555555555,1032,1,0
13,3,36,0.2,wave,0.075,3,0.03305555555555555,1010,4,3
13,3,37,0.2,wave,0.075,3,0.03305555555555555,1013,1,0
13,3,38,0.2,wave,0.075,3,0.03305555555555555,981,2,1
13,3,39,0.2,wave,0.075,3,0.03305555555555555,983,0,0
13,3,40,0.2,wave,0.075,3,0.03305555555555555,956,1,0
13,3,41,0.2,wave,0.075,3,0.03305555555555555,947,0,0
13,3,42,0.2,wave,0.075,3,0.03305555555555555,936,1,1
13,3,43,0.2,wave,0.075,3,0.03305555555555555,920,0,0
13,3,44,0.2,wave,0.075,3,0.03305555555555555,892,1,1
13,3,45,0.2,wave,0.075,3,0.03305555555555555,886,0,0
13,3,46,0.2,wave,0.075,3,0.03305555555555555,875,2,0
13,3,47,0.2,wave,0.075,3,0.03305555555555555,868,0,0
13,3,48,0.2,wave,0.075,3,0.03305555555555555,858,2,0
13,3,49,0.2,wave,0.075,3,0.03305555555555555,839,0,0
13,3,50,0.2,wave,0.075,3,0.03305555555555555,812,2,1
13,3,51,0.2,wave,0.075,3,0.03305555555555555,797,0,0
13,3,52,0.2,wave,0.075,3,0.03305555555555555,794,1,1
13,4,1,0.2,wave,0.075,3,0.03305555555555555,773,0,0
13,4,2,0.2,wave,0.075,3,0.03305555555555555,779,1,1
13,4,3,0.2,wave,0.075,3,0.03305555555555555,768,0,0
13,4,4,0.2,wave,0.075,3,0.03305555555555555,773,0,0
13,4,5,0.2,wave,0.075,3,0.03305555555555555,754,0,0
13,4,6,0.2,wave,0.075,3,0.03305555555555555,758,0,0
13,4,7,0.2,wave,0.075,3,0.03305555555555555,740,0,0
13,4,8,0.2,wave,0.075,3,0.03305555555555555,744,0,0
13,4,9,0.2,wave,0.075,3,0.03305555555555555,733,0,0
13,4,10,0.2,wave,0.075,3,0.03305555555555555,725,0,0
13,4,11,0.2,wave,0.075,3,0.03305555555555555,715,0,0
13,4,12,0.2,wave,0.075,3,0.03305555555555555,723,0,0
13,4,13,0.2,wave,0.075,3,0.03305555555555555,711,0,0
13,4,14,0.2,wave,0.075,3,0.03305555555555555,714,0,0
13,4,15,0.2,wave,0.075,3,0.03305555555555555,707,0,0
13,4,16,0.2,wave,0.075,3,0.03305555555555555,712,0,0
13,4,17,0.2,wave,0.075,3,0.03305555555555555,701,0,0
13,4,18,0.2,wave,0.075,3,0.03305555555555555,704,0,0
13,4,19,0.2,wave,0.075,3,0.03305555555555555,696,0,0
13,4,20,0.2,wave,0.075,3,0.03305555555555555,1044,0,0
13,4,21,0.2,wave,0.075,3,0.03305555555555555,1005,0,0
13,4,22,0.2,wave,0.075,3,0.03305555555555555,1011,0,0
13,4,23,0.2,wave,0.075,3,0.03305555555555555,999,0,0
13,4,24,0.2,wave,0.075,3,0.03305555555555555,991,0,0
13,4,25,0.2,wave,0.075,3,0.03305555555555555,954,0,0
13,4,26,0.2,wave,0.075,3,0.03305555555555555,945,0,0
13,4,27,0.2,wave,0.075,3,0.03305555555555555,932,0,0
13,4,28,0.2,wave,0.075,3,0.03305555555555555,930,0,0
13,4,29,0.2,wave,0.075,3,0.03305555555555555,923,0,0
13,4,30,0.2,wave,0.075,3,0.03305555555555555,919,0,0
13,4,31,0.2,wave,0.075,3,0.03305555555555555,912,0,0
13,4,32,0.2,wave,0.075,3,0.03305555555555555,890,0,0
13,4,33,0.2,wave,0.075,3,0.03305555555555555,888,0,0
13,4,34,0.2,wave,0.075,3,0.03305555555555555,873,0,0
13,4,35,0.2,wave,0.075,3,0.03305555555555555,880,0,0
13,4,36,0.2,wave,0.075,3,0.03305555555555555,827,0,0
13,4,37,0.2,wave,0.075,3,0.03305555555555555,830,0,0
13,4,38,0.2,wave,0.075,3,0.03305555555555555,791,1,0
13,4,39,0.2,wave,0.075,3,0.03305555555555555,793,2,1
13,4,40,0.2,wave,0.075,3,0.03305555555555555,765,6,2
13,4,41,0.2,wave,0.075,3,0.03305555555555555,766,5,2
13,4,42,0.2,wave,0.075,3,0.03305555555555555,743,6,2
13,4,43,0.2,wave,0.075,3,0.03305555555555555,740,6,3
13,4,44,0.2,wave,0.075,3,0.03305555555555555,724,6,2
13,4,45,0.2,wave,0.075,3,0.03305555555555555,734,5,2
13,4,46,0.2,wave,0.075,3,0.03305555555555555,716,5,3
13,4,47,0.2,wave,0.075,3,0.03305555555555555,714,5,3
13,4,48,0.2,wave,0.075,3,0.03305555555555555,695,5,2
13,4,49,0.2,wave,0.075,3,0.03305555555555555,698,2,1
13,4,50,0.2,wave,0.075,3,0.03305555555555555,685,3,1
13,4,51,0.2,wave,0.075,3,0.03305555555555555,678,4,1
13,4,52,0.2,wave,0.075,3,0.03305555555555555,672,6,1
13,5,1,0.2,wave,0.075,3,0.03305555555555555,669,8,2
13,5,2,0.2,wave,0.075,3,0.03305555555555555,660,8,5
13,5,3,0.2,wave,0.075,3,0.03305555555555555,650,7,4
13,5,4,0.2,wave,0.075,3,0.03305555555555555,634,5,4
13,5,5,0.2,wave,0.075,3,0.03305555555555555,637,3,2
13,5,6,0.2,wave,0.075,3,0.03305555555555555,628,2,2
13,5,7,0.2,wave,0.075,3,0.03305555555555555,631,3,2
13,5,8,0.2,wave,0.075,3,0.03305555555555555,619,1,0
13,5,9,0.2,wave,0.075,3,0.03305555555555555,628,3,1
13,5,10,0.2,wave,0.075,3,0.03305555555555555,618,2,1
13,5,11,0.2,wave,0.075,3,0.03305555555555555,612,3,1
13,5,12,0.2,wave,0.075,3,0.03305555555555555,597,3,2
13,5,13,0.2,wave,0.075,3,0.03305555555555555,602,2,1
13,5,14,0.2,wave,0.075,3,0.03305555555555555,592,1,1
13,5,15,0.2,wave,0.075,3,0.03305555555555555,603,1,0
13,5,16,0.2,wave,0.075,3,0.03305555555555555,597,0,0
13,5,17,0.2,wave,0.075,3,0.03305555555555555,598,0,0
13,5,18,0.2,wave,0.075,3,0.03305555555555555,590,0,0
13,5,19,0.2,wave,0.075,3,0.03305555555555555,597,0,0
13,5,20,0.2,wave,0.075,3,0.03305555555555555,855,0,0
13,5,21,0.2,wave,0.075,3,0.03305555555555555,858,0,0
13,5,22,0.2,wave,0.075,3,0.03305555555555555,863,0,0
13,5,23,0.2,wave,0.075,3,0.03305555555555555,837,0,0
13,5,24,0.2,wave,0.075,3,0.03305555555555555,845,0,0
13,5,25,0.2,wave,0.075,3,0.03305555555555555,840,0,0
13,5,26,0.2,wave,0.075,3,0.03305555555555555,833,0,0
13,5,27,0.2,wave,0.075,3,0.03305555555555555,795,0,0
13,5,28,0.2,wave,0.075,3,0.03305555555555555,774,0,0
13,5,29,0.2,wave,0.075,3,0.03305555555555555,759,0,0
13,5,30,0.2,wave,0.075,3,0.03305555555555555,747,0,0
13,5,31,0.2,wave,0.075,3,0.03305555555555555,734,0,0
13,5,32,0.2,wave,0.075,3,0.03305555555555555,736,0,0
13,5,33,0.2,wave,0.075,3,0.03305555555555555,732,0,0
13,5,34,0.2,wave,0.075,3,0.03305555555555555,725,0,0
13,5,35,0.2,wave,0.075,3,0.03305555555555555,693,0,0
13,5,36,0.2,wave,0.075,3,0.03305555555555555,703,0,0
13,5,37,0.2,wave,0.075,3,0.03305555555555555,691,0,0
13,5,38,0.2,wave,0.075,3,0.03305555555555555,701,0,0
13,5,39,0.2,wave,0.075,3,0.03305555555555555,688,0,0
13,5,40,0.2,wave,0.075,3,0.03305555555555555,693,0,0
13,5,41,0.2,wave,0.075,3,0.03305555555555555,677,0,0
13,5,42,0.2,wave,0.075,3,0.03305555555555555,679,0,0
13,5,43,0.2,wave,0.075,3,0.03305555555555555,660,0,0
13,5,44,0.2,wave,0.075,3,0.03305555555555555,653,0,0
13,5,45,0.2,wave,0.075,3,0.03305555555555555,647,0,0
13,5,46,0.2,wave,0.075,3,0.03305555555555555,644,0,0
13,5,47,0.2,wave,0.075,3,0.03305555555555555,631,0,0
13,5,48,0.2,wave,0.075,3,0.03305555555555555,637,0,0
13,5,49,0.2,wave,0.075,3,0.03305555555555555,624,0,0
13,5,50,0.2,wave,0.075,3,0.03305555555555555,630,0,0
13,5,51,0.2,wave,0.075,3,0.03305555555555555,613,0,0
13,5,52,0.2,wave,0.075,3,0.03305555555555555,623,0,0
13,6,1,0.2,wave,0.075,3,0.03305555555555555,608,0,0
13,6,2,0.2,wave,0.075,3,0.03305555555555555,614,0,0
13,6,3,0.2,wave,0.075,3,0.03305555555555555,604,0,0
13,6,4,0.2,wave,0.075,3,0.03305555555555555,609,0,0
13,6,5,0.2,wave,0.075,3,0.03305555555555555,603,0,0
13,6,6,0.2,wave,0.075,3,0.03305555555555555,610,0,0
13,6,7,0.2,wave,0.075,3,0.03305555555555555,601,0,0
13,6,8,0.2,wave,0.075,3,0.03305555555555555,608,0,0
13,6,9,0.2,wave,0.075,3,0.03305555555555555,600,0,0
13,6,10,0.2,wave,0.075,3,0.03305555555555555,605,0,0
13,6,11,0.2,wave,0.075,3,0.03305555555555555,599,0,0
13,6,12,0.2,wave,0.075,3,0.03305555555555555,599,0,0
13,6,13,0.2,wave,0.075,3,0.03305555555555555,597,0,0
13,6,14,0.2,wave,0.075,3,0.03305555555555555,599,0,0
13,6,15,0.2,wave,0.075,3,0.03305555555555555,596,0,0
13,6,16,0.2,wave,0.075,3,0.03305555555555555,603,0,0
13,6,17,0.2,wave,0.075,3,0.03305555555555555,596,0,0
13,6,18,0.2,wave,0.075,3,0.03305555555555555,596,0,0
13,6,19,0.2,wave,0.075,3,0.03305555555555555,590,0,0
13,6,20,0.2,wave,0.075,3,0.03305555555555555,953,0,0
13,6,21,0.2,wave,0.075,3,0.03305555555555555,909,0,0
13,6,22,0.2,wave,0.075,3,0.03305555555555555,900,0,0
13,6,23,0.2,wave,0.075,3,0.03305555555555555,882,0,0
13,6,24,0.2,wave,0.075,3,0.03305555555555555,869,0,0
13,6,25,0.2,wave,0.075,3,0.03305555555555555,834,0,0
13,6,26,0.2,wave,0.075,3,0.03305555555555555,830,0,0
13,6,27,0.2,wave,0.075,3,0.03305555555555555,796,0,0
13,6,28,0.2,wave,0.075,3,0.03305555555555555,791,0,0
13,6,29,0.2,wave,0.075,3,0.03305555555555555,789,0,0
13,6,30,0.2,wave,0.075,3,0.03305555555555555,776,0,0
13,6,31,0.2,wave,0.075,3,0.03305555555555555,775,0,0
13,6,32,0.2,wave,0.075,3,0.03305555555555555,745,0,0
13,6,33,0.2,wave,0.075,3,0.03305555555555555,739,0,0
13,6,34,0.2,wave,0.075,3,0.03305555555555555,719,0,0
13,6,35,0.2,wave,0.075,3,0.03305555555555555,704,0,0
13,6,36,0.2,wave,0.075,3,0.03305555555555555,680,0,0
13,6,37,0.2,wave,0.075,3,0.03305555555555555,673,0,0
13,6,38,0.2,wave,0.075,3,0.03305555555555555,650,0,0
13,6,39,0.2,wave,0.075,3,0.03305555555555555,647,0,0
13,6,40,0.2,wave,0.075,3,0.03305555555555555,628,0,0
13,6,41,0.2,wave,0.075,3,0.03305555555555555,622,0,0
13,6,42,0.2,wave,0.075,3,0.03305555555555555,620,0,0
13,6,43,0.2,wave,0.075,3,0.03305555555555555,619,0,0
13,6,44,0.2,wave,0.075,3,0.03305555555555555,619,0,0
13,6,45,0.2,wave,0.075,3,0.03305555555555555,593,0,0
13,6,46,0.2,wave,0.075,3,0.03305555555555555,590,0,0
13,6,47,0.2,wave,0.075,3,0.03305555555555555,587,0,0
13,6,48,0.2,wave,0.075,3,0.03305555555555555,572,0,0
13,6,49,0.2,wave,0.075,3,0.03305555555555555,569,0,0
13,6,50,0.2,wave,0.075,3,0.03305555555555555,571,0,0
13,6,51,0.2,wave,0.075,3,0.03305555555555555,556,0,0
13,6,52,0.2,wave,0.075,3,0.03305555555555555,561,0,0
13,7,1,0.2,wave,0.075,3,0.03305555555555555,552,0,0
13,7,2,0.2,wave,0.075,3,0.03305555555555555,551,0,0
13,7,3,0.2,wave,0.075,3,0.03305555555555555,545,0,0
13,7,4,0.2,wave,0.075,3,0.03305555555555555,545,0,0
13,7,5,0.2,wave,0.075,3,0.03305555555555555,539,0,0
13,7,6,0.2,wave,0.075,3,0.03305555555555555,544,0,0
13,7,7,0.2,wave,0.075,3,0.03305555555555555,544,0,0
13,7,8,0.2,wave,0.075,3,0.03305555555555555,543,0,0
13,7,9,0.2,wave,0.075,3,0.03305555555555555,535,0,0
13,7,10,0.2,wave,0.075,3,0.03305555555555555,542,0,0
13,7,11,0.2,wave,0.075,3,0.03305555555555555,534,0,0
13,7,12,0.2,wave,0.075,3,0.03305555555555555,542,0,0
13,7,13,0.2,wave,0.075,3,0.03305555555555555,535,0,0
13,7,14,0.2,wave,0.075,3,0.03305555555555555,541,0,0
13,7,15,0.2,wave,0.075,3,0.03305555555555555,535,0,0
13,7,16,0.2,wave,0.075,3,0.03305555555555555,537,0,0
13,7,17,0.2,wave,0.075,3,0.03305555555555555,533,0,0
13,7,18,0.2,wave,0.075,3,0.03305555555555555,537,0,0
13,7,19,0.2,wave,0.075,3,0.03305555555555555,529,0,0
13,7,20,0.2,wave,0.075,3,0.03305555555555555,807,0,0
13,7,21,0.2,wave,0.075,3,0.03305555555555555,807,0,0
13,7,22,0.2,wave,0.075,3,0.03305555555555555,807,0,0
13,7,23,0.2,wave,0.075,3,0.03305555555555555,761,0,0
13,7,24,0.2,wave,0.075,3,0.03305555555555555,759,0,0
13,7,25,0.2,wave,0.075,3,0.03305555555555555,745,0,0
13,7,26,0.2,wave,0.075,3,0.03305555555555555,746,0,0
13,7,27,0.2,wave,0.075,3,0.03305555555555555,747,0,0
13,7,28,0.2,wave,0.075,3,0.03305555555555555,712,0,0
13,7,29,0.2,wave,0.075,3,0.03305555555555555,693,0,0
13,7,30,0.2,wave,0.075,3,0.03305555555555555,673,0,0
13,7,31,0.2,wave,0.075,3,0.03305555555555555,678,0,0
13,7,32,0.2,wave,0.075,3,0.03305555555555555,671,0,0
13,7,33,0.2,wave,0.075,3,0.03305555555555555,665,0,0
13,7,34,0.2,wave,0.075,3,0.03305555555555555,654,0,0
13,7,35,0.2,wave,0.075,3,0.03305555555555555,630,0,0
13,7,36,0.2,wave,0.075,3,0.03305555555555555,644,0,0
13,7,37,0.2,wave,0.075,3,0.03305555555555555,631,0,0
13,7,38,0.2,wave,0.075,3,0.03305555555555555,632,0,0
13,7,39,0.2,wave,0.075,3,0.03305555555555555,614,0,0
13,7,40,0.2,wave,0.075,3,0.03305555555555555,622,0,0
13,7,41,0.2,wave,0.075,3,0.03305555555555555,617,0,0
13,7,42,0.2,wave,0.075,3,0.03305555555555555,629,0,0
13,7,43,0.2,wave,0.075,3,0.03305555555555555,611,0,0
13,7,44,0.2,wave,0.075,3,0.03305555555555555,620,0,0
13,7,45,0.2,wave,0.075,3,0.03305555555555555,610,0,0
13,7,46,0.2,wave,0.075,3,0.03305555555555555,619,0,0
13,7,47,0.2,wave,0.075,3,0.03305555555555555,608,0,0
13,7,48,0.2,wave,0.075,3,0.03305555555555555,617,0,0
13,7,49,0.2,wave,0.075,3,0.03305555555555555,603,0,0
13,7,50,0.2,wave,0.075,3,0.03305555555555555,614,0,0
13,7,51,0.2,wave,0.075,3,0.03305555555555555,604,0,0
13,7,52,0.2,wave,0.075,3,0.03305555555555555,605,0,0
13,8,1,0.2,wave,0.075,3,0.03305555555555555,593,0,0
13,8,2,0.2,wave,0.075,3,0.03305555555555555,597,0,0
13,8,3,0.2,wave,0.075,3,0.03305555555555555,583,0,0
13,8,4,0.2,wave,0.075,3,0.03305555555555555,595,0,0
13,8,5,0.2,wave,0.075,3,0.03305555555555555,577,0,0
13,8,6,0.2,wave,0.075,3,0.03305555555555555,596,0,0
13,8,7,0.2,wave,0.075,3,0.03305555555555555,582,0,0
13,8,8,0.2,wave,0.075,3,0.03305555555555555,593,0,0
13,8,9,0.2,wave,0.075,3,0.03305555555555555,581,0,0
13,8,10,0.2,wave,0.075,3,0.03305555555555555,591,0,0
13,8,11,0.2,wave,0.075,3,0.03305555555555555,579,0,0
13,8,12,0.2,wave,0.075,3,0.03305555555555555,590,0,0
13,8,13,0.2,wave,0.075,3,0.03305555555555555,580,0,0
13,8,14,0.2,wave,0.075,3,0.03305555555555555,590,0,0
13,8,15,0.2,wave,0.075,3,0.03305555555555555,581,0,0
13,8,16,0.2,wave,0.075,3,0.03305555555555555,588,0,0
13,8,17,0.2,wave,0.075,3,0.03305555555555555,582,0,0
13,8,18,0.2,wave,0.075,3,0.03305555555555555,590,0,0
13,8,19,0.2,wave,0.075,3,0.03305555555555555,577,0,0
13,8,20,0.2,wave,0.075,3,0.03305555555555555,868,0,0
13,8,21,0.2,wave,0.075,3,0.03305555555555555,835,0,0
13,8,22,0.2,wave,0.075,3,0.03305555555555555,857,0,0
13,8,23,0.2,wave,0.075,3,0.03305555555555555,834,0,0
13,8,24,0.2,wave,0.075,3,0.03305555555555555,846,0,0
13,8,25,0.2,wave,0.075,3,0.03305555555555555,837,0,0
13,8,26,0.2,wave,0.075,3,0.03305555555555555,847,0,0
13,8,27,0.2,wave,0.075,3,0.03305555555555555,830,0,0
13,8,28,0.2,wave,0.075,3,0.03305555555555555,824,0,0
13,8,29,0.2,wave,0.075,3,0.03305555555555555,796,0,0
13,8,30,0.2,wave,0.075,3,0.03305555555555555,781,0,0
13,8,31,0.2,wave,0.075,3,0.03305555555555555,774,0,0
13,8,32,0.2,wave,0.075,3,0.03305555555555555,781,0,0
13,8,33,0.2,wave,0.075,3,0.03305555555555555,775,0,0
13,8,34,0.2,wave,0.075,3,0.03305555555555555,777,0,0
13,8,35,0.2,wave,0.075,3,0.03305555555555555,775,0,0
13,8,36,0.2,wave,0.075,3,0.03305555555555555,767,0,0
13,8,37,0.2,wave,0.075,3,0.03305555555555555,767,0,0
13,8,38,0.2,wave,0.075,3,0.03305555555555555,766,0,0
13,8,39,0.2,wave,0.075,3,0.03305555555555555,754,0,0
13,8,40,0.2,wave,0.075,3,0.03305555555555555,763,0,0
13,8,41,0.2,wave,0.075,3,0.03305555555555555,753,0,0
13,8,42,0.2,wave,0.075,3,0.03305555555555555,758,0,0
13,8,43,0.2,wave,0.075,3,0.03305555555555555,750,0,0
13,8,44,0.2,wave,0.075,3,0.03305555555555555,740,0,0
13,8,45,0.2,wave,0.075,3,0.03305555555555555,731,0,0
13,8,46,0.2,wave,0.075,3,0.03305555555555555,739,0,0
13,8,47,0.2,wave,0.075,3,0.03305555555555555,727,0,0
13,8,48,0.2,wave,0.075,3,0.03305555555555555,735,0,0
13,8,49,0.2,wave,0.075,3,0.03305555555555555,721,0,0
13,8,50,0.2,wave,0.075,3,0.03305555555555555,733,0,0
13,8,51,0.2,wave,0.075,3,0.03305555555555555,717,0,0
13,8,52,0.2,wave,0.075,3,0.03305555555555555,721,0,0
13,9,1,0.2,wave,0.075,3,0.03305555555555555,698,0,0
13,9,2,0.2,wave,0.075,3,0.03305555555555555,704,0,0
13,9,3,0.2,wave,0.075,3,0.03305555555555555,696,0,0
13,9,4,0.2,wave,0.075,3,0.03305555555555555,702,0,0
13,9,5,0.2,wave,0.075,3,0.03305555555555555,697,0,0
13,9,6,0.2,wave,0.075,3,0.03305555555555555,699,0,0
13,9,7,0.2,wave,0.075,3,0.03305555555555555,693,0,0
13,9,8,0.2,wave,0.075,3,0.03305555555555555,694,0,0
13,9,9,0.2,wave,0.075,3,0.03305555555555555,691,0,0
13,9,10,0.2,wave,0.075,3,0.03305555555555555,692,0,0
13,9,11,0.2,wave,0.075,3,0.03305555555555555,689,0,0
13,9,12,0.2,wave,0.075,3,0.03305555555555555,690,0,0
13,9,13,0.2,wave,0.075,3,0.03305555555555555,684,0,0
13,9,14,0.2,wave,0.075,3,0.03305555555555555,689,0,0
13,9,15,0.2,wave,0.075,3,0.03305555555555555,685,0,0
13,9,16,0.2,wave,0.075,3,0.03305555555555555,692,0,0
13,9,17,0.2,wave,0.075,3,0.03305555555555555,682,0,0
13,9,18,0.2,wave,0.075,3,0.03305555555555555,691,0,0
13,9,19,0.2,wave,0.075,3,0.03305555555555555,681,0,0
13,9,20,0.2,wave,0.075,3,0.03305555555555555,981,0,0
13,9,21,0.2,wave,0.075,3,0.03305555555555555,938,0,0
13,9,22,0.2,wave,0.075,3,0.03305555555555555,920,0,0
13,9,23,0.2,wave,0.075,3,0.03305555555555555,904,0,0
13,9,24,0.2,wave,0.075,3,0.03305555555555555,888,0,0
13,9,25,0.2,wave,0.075,3,0.03305555555555555,862,0,0
13,9,26,0.2,wave,0.075,3,0.03305555555555555,849,0,0
13,9,27,0.2,wave,0.075,3,0.03305555555555555,835,0,0
13,9,28,0.2,wave,0.075,3,0.03305555555555555,847,0,0
13,9,29,0.2,wave,0.075,3,0.03305555555555555,825,0,0
13,9,30,0.2,wave,0.075,3,0.03305555555555555,831,0,0
13,9,31,0.2,wave,0.075,3,0.03305555555555555,792,0,0
13,9,32,0.2,wave,0.075,3,0.03305555555555555,825,0,0
13,9,33,0.2,wave,0.075,3,0.03305555555555555,795,0,0
13,9,34,0.2,wave,0.075,3,0.03305555555555555,818,0,0
13,9,35,0.2,wave,0.075,3,0.03305555555555555,788,0,0
13,9,36,0.2,wave,0.075,3,0.03305555555555555,815,0,0
13,9,37,0.2,wave,0.075,3,0.03305555555555555,779,0,0
13,9,38,0.2,wave,0.075,3,0.03305555555555555,789,0,0
13,9,39,0.2,wave,0.075,3,0.03305555555555555,776,0,0
13,9,40,0.2,wave,0.075,3,0.03305555555555555,790,0,0
13,9,41,0.2,wave,0.075,3,0.03305555555555555,765,0,0
13,9,42,0.2,wave,0.075,3,0.03305555555555555,766,0,0
13,9,43,0.2,wave,0.075,3,0.03305555555555555,752,0,0
13,9,44,0.2,wave,0.075,3,0.03305555555555555,758,0,0
13,9,45,0.2,wave,0.075,3,0.03305555555555555,735,0,0
13,9,46,0.2,wave,0.075,3,0.03305555555555555,741,0,0
13,9,47,0.2,wave,0.075,3,0.03305555555555555,734,0,0
13,9,48,0.2,wave,0.075,3,0.03305555555555555,743,0,0
13,9,49,0.2,wave,0.075,3,0.03305555555555555,734,0,0
13,9,50,0.2,wave,0.075,3,0.03305555555555555,743,0,0
13,9,51,0.2,wave,0.075,3,0.03305555555555555,731,0,0
13,9,52,0.2,wave,0.075,3,0.03305555555555555,733,0,0
13,10,1,0.2,wave,0.075,3,0.03305555555555555,724,0,0
13,10,2,0.2,wave,0.075,3,0.03305555555555555,722,0,0
13,10,3,0.2,wave,0.075,3,0.03305555555555555,713,0,0
13,10,4,0.2,wave,0.075,3,0.03305555555555555,715,0,0
13,10,5,0.2,wave,0.075,3,0.03305555555555555,705,0,0
13,10,6,0.2,wave,0.075,3,0.03305555555555555,711,0,0
13,10,7,0.2,wave,0.075,3,0.03305555555555555,706,0,0
13,10,8,0.2,wave,0.075,3,0.03305555555555555,712,0,0
13,10,9,0.2,wave,0.075,3,0.03305555555555555,703,0,0
13,10,10,0.2,wave,0.075,3,0.03305555555555555,710,0,0
13,10,11,0.2,wave,0.075,3,0.03305555555555555,706,0,0
13,10,12,0.2,wave,0.075,3,0.03305555555555555,705,0,0
13,10,13,0.2,wave,0.075,3,0.03305555555555555,707,0,0
13,10,14,0.2,wave,0.075,3,0.03305555555555555,707,0,0
13,10,15,0.2,wave,0.075,3,0.03305555555555555,705,0,0
13,10,16,0.2,wave,0.075,3,0.03305555555555555,709,0,0
13,10,17,0.2,wave,0.075,3,0.03305555555555555,706,0,0
13,10,18,0.2,wave,0.075,3,0.03305555555555555,711,0,0
13,10,19,0.2,wave,0.075,3,0.03305555555555555,701,0,0
13,10,20,0.2,wave,0.075,3,0.03305555555555555,947,0,0
13,10,21,0.2,wave,0.075,3,0.03305555555555555,937,0,0
13,10,22,0.2,wave,0.075,3,0.03305555555555555,952,0,0
13,10,23,0.2,wave,0.075,3,0.03305555555555555,922,0,0
13,10,24,0.2,wave,0.075,3,0.03305555555555555,929,0,0
13,10,25,0.2,wave,0.075,3,0.03305555555555555,900,0,0
13,10,26,0.2,wave,0.075,3,0.03305555555555555,900,0,0
13,10,27,0.2,wave,0.075,3,0.03305555555555555,888,0,0
13,10,28,0.2,wave,0.075,3,0.03305555555555555,888,0,0
13,10,29,0.2,wave,0.075,3,0.03305555555555555,864,0,0
13,10,30,0.2,wave,0.075,3,0.03305555555555555,865,0,0
13,10,31,0.2,wave,0.075,3,0.03305555555555555,853,0,0
13,10,32,0.2,wave,0.075,3,0.03305555555555555,855,0,0
13,10,33,0.2,wave,0.075,3,0.03305555555555555,839,0,0
13,10,34,0.2,wave,0.075,3,0.03305555555555555,860,0,0
13,10,35,0.2,wave,0.075,3,0.03305555555555555,843,0,0
13,10,36,0.2,wave,0.075,3,0.03305555555555555,847,0,0
13,10,37,0.2,wave,0.075,3,0.03305555555555555,841,0,0
13,10,38,0.2,wave,0.075,3,0.03305555555555555,841,0,0
13,10,39,0.2,wave,0.075,3,0.03305555555555555,820,0,0
13,10,40,0.2,wave,0.075,3,0.03305555555555555,822,0,0
13,10,41,0.2,wave,0.075,3,0.03305555555555555,809,0,0
13,10,42,0.2,wave,0.075,3,0.03305555555555555,804,0,0
13,10,43,0.2,wave,0.075,3,0.03305555555555555,807,0,0
13,10,44,0.2,wave,0.075,3,0.03305555555555555,805,0,0
13,10,45,0.2,wave,0.075,3,0.03305555555555555,795,0,0
13,10,46,0.2,wave,0.075,3,0.03305555555555555,795,0,0
13,10,47,0.2,wave,0.075,3,0.03305555555555555,792,0,0
13,10,48,0.2,wave,0.075,3,0.03305555555555555,776,0,0
13,10,49,0.2,wave,0.075,3,0.03305555555555555,782,0,0
13,10,50,0.2,wave,0.075,3,0.03305555555555555,774,0,0
13,10,51,0.2,wave,0.075,3,0.03305555555555555,762,0,0
13,10,52,0.2,wave,0.075,3,0.03305555555555555,766,0,0
14,1,1,0.2,wave,0.075,3,0.030555555555555555,6645,62,9
14,1,2,0.2,wave,0.075,3,0.030555555555555555,6623,79,31
14,1,3,0.2,wave,0.075,3,0.030555555555555555,6447,106,43
14,1,4,0.2,wave,0.075,3,0.030555555555555555,6308,130,53
14,1,5,0.2,wave,0.075,3,0.030555555555555555,6149,170,51
14,1,6,0.2,wave,0.075,3,0.030555555555555555,6014,219,74
14,1,7,0.2,wave,0.075,3,0.030555555555555555,5851,309,89
14,1,8,0.2,wave,0.075,3,0.030555555555555555,5591,369,105
14,1,9,0.2,wave,0.075,3,0.030555555555555555,5385,434,148
14,1,10,0.2,wave,0.075,3,0.030555555555555555,5148,490,177
14,1,11,0.2,wave,0.075,3,0.030555555555555555,4938,513,223
14,1,12,0.2,wave,0.075,3,0.030555555555555555,4682,517,214
14,1,13,0.2,wave,0.075,3,0.030555555555555555,4555,561,241
14,1,14,0.2,wave,0.075,3,0.030555555555555555,4383,598,247
14,1,15,0.2,wave,0.075,3,0.030555555555555555,4218,599,275
14,1,16,0.2,wave,0.075,3,0.030555555555555555,4051,606,296
14,1,17,0.2,wave,0.075,3,0.030555555555555555,3861,573,287
14,1,18,0.2,wave,0.075,3,0.030555555555555555,3627,537,294
14,1,19,0.2,wave,0.075,3,0.030555555555555555,3495,493,256
14,1,20,0.2,wave,0.075,3,0.030555555555555555,5065,458,249
14,1,21,0.2,wave,0.075,3,0.030555555555555555,4833,485,210
14,1,22,0.2,wave,0.075,3,0.030555555555555555,4683,495,204
14,1,23,0.2,wave,0.075,3,0.030555555555555555,4594,544,221
14,1,24,0.2,wave,0.075,3,0.030555555555555555,4398,536,247
14,1,25,0.2,wave,0.075,3,0.030555555555555555,4273,558,266
14,1,26,0.2,wave,0.075,3,0.030555555555555555,4148,560,250
14,1,27,0.2,wave,0.075,3,0.030555555555555555,4009,579,250
14,1,28,0.2,wave,0.075,3,0.030555555555555555,3847,571,230
14,1,29,0.2,wave,0.075,3,0.030555555555555555,3675,576,244
14,1,30,0.2,wave,0.075,3,0.030555555555555555,3577,598,283
14,1,31,0.2,wave,0.075,3,0.030555555555555555,3403,604,285
14,1,32,0.2,wave,0.075,3,0.030555555555555555,3251,588,283
14,1,33,0.2,wave,0.075,3,0.030555555555555555,3063,540,259
14,1,34,0.2,wave,0.075,3,0.030555555555555555,2934,534,258
14,1,35,0.2,wave,0.075,3,0.030555555555555555,2800,503,243
14,1,36,0.2,wave,0.075,3,0.030555555555555555,2685,470,231
14,1,37,0.2,wave,0.075,3,0.030555555555555555,2571,446,226
14,1,38,0.2,wave,0.075,3,0.030555555555555555,2446,424,220
14,1,39,0.2,wave,0.075,3,0.030555555555555555,2323,405,189
14,1,40,0.2,wave,0.075,3,0.030555555555555555,2245,385,192
14,1,41,0.2,wave,0.075,3,0.030555555555555555,2159,366,188
14,1,42,0.2,wave,0.075,3,0.030555555555555555,2087,358,197
14,1,43,0.2,wave,0.075,3,0.030555555555555555,2009,333,181
14,1,44,0.2,wave,0.075,3,0.030555555555555555,1935,308,170
14,1,45,0.2,wave,0.075,3,0.030555555555555555,1862,278,155
14,1,46,0.2,wave,0.075,3,0.030555555555555555,1794,241,136
14,1,47,0.2,wave,0.075,3,0.030555555555555555,1745,197,121
14,1,48,0.2,wave,0.075,3,0.030555555555555555,1688,166,105
14,1,49,0.2,wave,0.075,3,0.030555555555555555,1628,140,79
14,1,50,0.2,wave,0.075,3,0.030555555555555555,1581,113,60
14,1,51,0.2,wave,0.075,3,0.030555555555555555,1539,102,52
14,1,52,0.2,wave,0.075,3,0.030555555555555555,1520,96,58
14,2,1,0.2,wave,0.075,3,0.030555555555555555,1497,90,50
14,2,2,0.2,wave,0.075,3,0.030555555555555555,1471,81,48
14,2,3,0.2,wave,0.075,3,0.030555555555555555,1442,70,38
14,2,4,0.2,wave,0.075,3,0.030555555555555555,1413,61,30
14,2,5,0.2,wave,0.075,3,0.030555555555555555,1385,51,24
14,2,6,0.2,wave,0.075,3,0.030555555555555555,1369,44,22
14,2,7,0.2,wave,0.075,3,0.030555555555555555,1352,43,30
14,2,8,0.2,wave,0.075,3,0.030555555555555555,1334,40,26
14,2,9,0.2,wave,0.075,3,0.030555555555555555,1309,31,23
14,2,10,0.2,wave,0.075,3,0.030555555555555555,1284,24,13
14,2,11,0.2,wave,0.075,3,0.030555555555555555,1275,20,12
14,2,12,0.2,wave,0.075,3,0.030555555555555555,1261,16,10
14,2,13,0.2,wave,0.075,3,0.030555555555555555,1256,17,9
14,2,14,0.2,wave,0.075,3,0.030555555555555555,1242,14,6
14,2,15,0.2,wave,0.075,3,0.030555555555555555,1228,10,4
14,2,16,0.2,wave,0.075,3,0.030555555555555555,1217,10,4
14,2,17,0.2,wave,0.075,3,0.030555555555555555,1209,10,7
14,2,18,0.2,wave,0.075,3,0.030555555555555555,1199,7,5
14,2,19,0.2,wave,0.075,3,0.030555555555555555,1187,6,5
14,2,20,0.2,wave,0.075,3,0.030555555555555555,1755,5,3
14,2,21,0.2,wave,0.075,3,0.030555555555555555,1743,7,3
14,2,22,0.2,wave,0.075,3,0.030555555555555555,1700,7,2
14,2,23,0.2,wave,0.075,3,0.030555555555555555,1674,6,2
14,2,24,0.2,wave,0.075,3,0.030555555555555555,1642,7,2
14,2,25,0.2,wave,0.075,3,0.030555555555555555,1624,7,3
14,2,26,0.2,wave,0.075,3,0.030555555555555555,1633,9,3
14,2,27,0.2,wave,0.075,3,0.030555555555555555,1619,5,4
14,2,28,0.2,wave,0.075,3,0.030555555555555555,1608,4,3
14,2,29,0.2,wave,0.075,3,0.030555555555555555,1593,3,2
14,2,30,0.2,wave,0.075,3,0.030555555555555555,1585,1,0
14,2,31,0.2,wave,0.075,3,0.030555555555555555,1586,1,1
14,2,32,0.2,wave,0.075,3,0.030555555555555555,1572,1,1
14,2,33,0.2,wave,0.075,3,0.030555555555555555,1554,1,1
14,2,34,0.2,wave,0.075,3,0.030555555555555555,1527,0,0
14,2,35,0.2,wave,0.075,3,0.030555555555555555,1506,0,0
14,2,36,0.2,wave,0.075,3,0.030555555555555555,1500,0,0
14,2,37,0.2,wave,0.075,3,0.030555555555555555,1478,0,0
14,2,38,0.2,wave,0.075,3,0.030555555555555555,1450,0,0
14,2,39,0.2,wave,0.075,3,0.030555555555555555,1437,0,0
14,2,40,0.2,wave,0.075,3,0.030555555555555555,1438,0,0
14,2,41,0.2,wave,0.075,3,0.030555555555555555,1425,0,0
14,2,42,0.2,wave,0.075,3,0.030555555555555555,1418,0,0
14,2,43,0.2,wave,0.075,3,0.030555555555555555,1402,0,0
14,2,44,0.2,wave,0.075,3,0.030555555555555555,1406,0,0
14,2,45,0.2,wave,0.075,3,0.030555555555555555,1393,0,0
14,2,46,0.2,wave,0.075,3,0.030555555555555555,1386,0,0
14,2,47,0.2,wave,0.075,3,0.030555555555555555,1361,0,0
14,2,48,0.2,wave,0.075,3,0.030555555555555555,1346,0,0
14,2,49,0.2,wave,0.075,3,0.030555555555555555,1313,0,0
14,2,50,0.2,wave,0.075,3,0.030555555555555555,1295,0,0
14,2,51,0.2,wave,0.075,3,0.030555555555555555,1273,0,0
14,2,52,0.2,wave,0.075,3,0.030555555555555555,1268,0,0
14,3,1,0.2,wave,0.075,3,0.030555555555555555,1252,0,0
14,3,2,0.2,wave,0.075,3,0.030555555555555555,1236,0,0
14,3,3,0.2,wave,0.075,3,0.030555555555555555,1226,0,0
14,3,4,0.2,wave,0.075,3,0.030555555555555555,1207,0,0
14,3,5,0.2,wave,0.075,3,0.030555555555555555,1190,0,0
14,3,6,0.2,wave,0.075,3,0.030555555555555555,1182,0,0
14,3,7,0.2,wave,0.075,3,0.030555555555555555,1134,0,0
14,3,8,0.2,wave,0.075,3,0.030555555555555555,1117,0,0
14,3,9,0.2,wave,0.075,3,0.030555555555555555,1111,0,0
14,3,10,0.2,wave,0.075,3,0.030555555555555555,1103,0,0
14,3,11,0.2,wave,0.075,3,0.030555555555555555,1102,0,0
14,3,12,0.2,wave,0.075,3,0.030555555555555555,1097,0,0
14,3,13,0.2,wave,0.075,3,0.030555555555555555,1097,0,0
14,3,14,0.2,wave,0.075,3,0.030555555555555555,1083,0,0
14,3,15,0.2,wave,0.075,3,0.030555555555555555,1085,0,0
14,3,16,0.2,wave,0.075,3,0.030555555555555555,1073,0,0
14,3,17,0.2,wave,0.075,3,0.030555555555555555,1075,0,0
14,3,18,0.2,wave,0.075,3,0.030555555555555555,1068,0,0
14,3,19,0.2,wave,0.075,3,0.030555555555555555,1064,0,0
14,3,20,0.2,wave,0.075,3,0.030555555555555555,1583,0,0
14,3,21,0.2,wave,0.075,3,0.030555555555555555,1577,0,0
14,3,22,0.2,wave,0.075,3,0.030555555555555555,1560,0,0
14,3,23,0.2,wave,0.075,3,0.030555555555555555,1509,0,0
14,3,24,0.2,wave,0.075,3,0.030555555555555555,1514,0,0
14,3,25,0.2,wave,0.075,3,0.030555555555555555,1483,0,0
14,3,26,0.2,wave,0.075,3,0.030555555555555555,1480,0,0
14,3,27,0.2,wave,0.075,3,0.030555555555555555,1475,0,0
14,3,28,0.2,wave,0.075,3,0.030555555555555555,1424,0,0
14,3,29,0.2,wave,0.075,3,0.030555555555555555,1414,0,0
14,3,30,0.2,wave,0.075,3,0.030555555555555555,1409,0,0
14,3,31,0.2,wave,0.075,3,0.030555555555555555,1395,0,0
14,3,32,0.2,wave,0.075,3,0.030555555555555555,1384,0,0
14,3,33,0.2,wave,0.075,3,0.030555555555555555,1379,0,0
14,3,34,0.2,wave,0.075,3,0.030555555555555555,1334,0,0
14,3,35,0.2,wave,0.075,3,0.030555555555555555,1302,0,0
14,3,36,0.2,wave,0.075,3,0.030555555555555555,1283,0,0
14,3,37,0.2,wave,0.075,3,0.030555555555555555,1272,1,1
14,3,38,0.2,wave,0.075,3,0.030555555555555555,1225,0,0
14,3,39,0.2,wave,0.075,3,0.030555555555555555,1212,0,0
14,3,40,0.2,wave,0.075,3,0.030555555555555555,1194,0,0
14,3,41,0.2,wave,0.075,3,0.030555555555555555,1193,0,0
14,3,42,0.2,wave,0.075,3,0.030555555555555555,1178,0,0
14,3,43,0.2,wave,0.075,3,0.030555555555555555,1147,0,0
14,3,44,0.2,wave,0.075,3,0.030555555555555555,1113,0,0
14,3,45,0.2,wave,0.075,3,0.030555555555555555,1113,0,0
14,3,46,0.2,wave,0.075,3,0.030555555555555555,1097,0,0
14,3,47,0.2,wave,0.075,3,0.030555555555555555,1090,0,0
14,3,48,0.2,wave,0.075,3,0.030555555555555555,1066,0,0
14,3,49,0.2,wave,0.075,3,0.030555555555555555,1036,0,0
14,3,50,0.2,wave,0.075,3,0.030555555555555555,1015,0,0
14,3,51,0.2,wave,0.075,3,0.030555555555555555,1005,0,0
14,3,52,0.2,wave,0.075,3,0.030555555555555555,995,0,0
14,4,1,0.2,wave,0.075,3,0.030555555555555555,985,0,0
14,4,2,0.2,wave,0.075,3,0.030555555555555555,971,0,0
14,4,3,0.2,wave,0.075,3,0.030555555555555555,965,0,0
14,4,4,0.2,wave,0.075,3,0.030555555555555555,958,0,0
14,4,5,0.2,wave,0.075,3,0.030555555555555555,954,0,0
14,4,6,0.2,wave,0.075,3,0.030555555555555555,952,0,0
14,4,7,0.2,wave,0.075,3,0.030555555555555555,945,0,0
14,4,8,0.2,wave,0.075,3,0.030555555555555555,926,0,0
14,4,9,0.2,wave,0.075,3,0.030555555555555555,924,0,0
14,4,10,0.2,wave,0.075,3,0.030555555555555555,922,0,0
14,4,11,0.2,wave,0.075,3,0.030555555555555555,917,0,0
14,4,12,0.2,wave,0.075,3,0.030555555555555555,912,0,0
14,4,13,0.2,wave,0.075,3,0.030555555555555555,911,0,0
14,4,14,0.2,wave,0.075,3,0.030555555555555555,909,0,0
14,4,15,0.2,wave,0.075,3,0.030555555555555555,907,0,0
14,4,16,0.2,wave,0.075,3,0.030555555555555555,889,0,0
14,4,17,0.2,wave,0.075,3,0.030555555555555555,870,0,0
14,4,18,0.2,wave,0.075,3,0.030555555555555555,873,0,0
14,4,19,0.2,wave,0.075,3,0.030555555555555555,871,0,0
14,4,20,0.2,wave,0.075,3,0.030555555555555555,1242,0,0
14,4,21,0.2,wave,0.075,3,0.030555555555555555,1228,0,0
14,4,22,0.2,wave,0.075,3,0.030555555555555555,1196,0,0
14,4,23,0.2,wave,0.075,3,0.030555555555555555,1186,0,0
14,4,24,0.2,wave,0.075,3,0.030555555555555555,1178,0,0
14,4,25,0.2,wave,0.075,3,0.030555555555555555,1178,0,0
14,4,26,0.2,wave,0.075,3,0.030555555555555555,1167,0,0
14,4,27,0.2,wave,0.075,3,0.030555555555555555,1173,0,0
14,4,28,0.2,wave,0.075,3,0.030555555555555555,1162,0,0
14,4,29,0.2,wave,0.075,3,0.030555555555555555,1157,0,0
14,4,30,0.2,wave,0.075,3,0.030555555555555555,1121,0,0
14,4,31,0.2,wave,0.075,3,0.030555555555555555,1106,0,0
14,4,32,0.2,wave,0.075,3,0.030555555555555555,1096,0,0
14,4,33,0.2,wave,0.075,3,0.030555555555555555,1073,0,0
14,4,34,0.2,wave,0.075,3,0.030555555555555555,1061,0,0
14,4,35,0.2,wave,0.075,3,0.030555555555555555,1054,0,0
14,4,36,0.2,wave,0.075,3,0.030555555555555555,1029,0,0
14,4,37,0.2,wave,0.075,3,0.030555555555555555,1033,0,0
14,4,38,0.2,wave,0.075,3,0.030555555555555555,1028,0,0
14,4,39,0.2,wave,0.075,3,0.030555555555555555,1019,0,0
14,4,40,0.2,wave,0.075,3,0.030555555555555555,1005,0,0
14,4,41,0.2,wave,0.075,3,0.030555555555555555,996,0,0
14,4,42,0.2,wave,0.075,3,0.030555555555555555,980,0,0
14,4,43,0.2,wave,0.075,3,0.030555555555555555,974,0,0
14,4,44,0.2,wave,0.075,3,0.030555555555555555,961,0,0
14,4,45,0.2,wave,0.075,3,0.030555555555555555,960,0,0
14,4,46,0.2,wave,0.075,3,0.030555555555555555,947,0,0
14,4,47,0.2,wave,0.075,3,0.030555555555555555,924,0,0
14,4,48,0.2,wave,0.075,3,0.030555555555555555,905,0,0
14,4,49,0.2,wave,0.075,3,0.030555555555555555,889,0,0
14,4,50,0.2,wave,0.075,3,0.030555555555555555,885,0,0
14,4,51,0.2,wave,0.075,3,0.030555555555555555,875,0,0
14,4,52,0.2,wave,0.075,3,0.030555555555555555,846,0,0
14,5,1,0.2,wave,0.075,3,0.030555555555555555,845,0,0
14,5,2,0.2,wave,0.075,3,0.030555555555555555,834,0,0
14,5,3,0.2,wave,0.075,3,0.030555555555555555,835,0,0
14,5,4,0.2,wave,0.075,3,0.030555555555555555,826,0,0
14,5,5,0.2,wave,0.075,3,0.030555555555555555,825,0,0
14,5,6,0.2,wave,0.075,3,0.030555555555555555,820,0,0
14,5,7,0.2,wave,0.075,3,0.030555555555555555,819,0,0
14,5,8,0.2,wave,0.075,3,0.030555555555555555,811,0,0
14,5,9,0.2,wave,0.075,3,0.030555555555555555,809,0,0
14,5,10,0.2,wave,0.075,3,0.030555555555555555,802,0,0
14,5,11,0.2,wave,0.075,3,0.030555555555555555,794,0,0
14,5,12,0.2,wave,0.075,3,0.030555555555555555,777,0,0
14,5,13,0.2,wave,0.075,3,0.030555555555555555,767,0,0
14,5,14,0.2,wave,0.075,3,0.030555555555555555,764,0,0
14,5,15,0.2,wave,0.075,3,0.030555555555555555,766,0,0
14,5,16,0.2,wave,0.075,3,0.030555555555555555,762,0,0
14,5,17,0.2,wave,0.075,3,0.030555555555555555,758,0,0
14,5,18,0.2,wave,0.075,3,0.030555555555555555,743,0,0
14,5,19,0.2,wave,0.075,3,0.030555555555555555,746,0,0
14,5,20,0.2,wave,0.075,3,0.030555555555555555,1098,0,0
14,5,21,0.2,wave,0.075,3,0.030555555555555555,1097,0,0
14,5,22,0.2,wave,0.075,3,0.030555555555555555,1086,0,0
14,5,23,0.2,wave,0.075,3,0.030555555555555555,1069,0,0
14,5,24,0.2,wave,0.075,3,0.030555555555555555,1044,0,0
14,5,25,0.2,wave,0.075,3,0.030555555555555555,1032,0,0
14,5,26,0.2,wave,0.075,3,0.030555555555555555,1019,0,0
14,5,27,0.2,wave,0.075,3,0.030555555555555555,1002,0,0
14,5,28,0.2,wave,0.075,3,0.030555555555555555,991,0,0
14,5,29,0.2,wave,0.075,3,0.030555555555555555,983,0,0
14,5,30,0.2,wave,0.075,3,0.030555555555555555,978,0,0
14,5,31,0.2,wave,0.075,3,0.030555555555555555,945,0,0
14,5,32,0.2,wave,0.075,3,0.030555555555555555,933,0,0
14,5,33,0.2,wave,0.075,3,0.030555555555555555,924,0,0
14,5,34,0.2,wave,0.075,3,0.030555555555555555,916,0,0
14,5,35,0.2,wave,0.075,3,0.030555555555555555,890,0,0
14,5,36,0.2,wave,0.075,3,0.030555555555555555,887,0,0
14,5,37,0.2,wave,0.075,3,0.030555555555555555,878,0,0
14,5,38,0.2,wave,0.075,3,0.030555555555555555,865,0,0
14,5,39,0.2,wave,0.075,3,0.030555555555555555,863,0,0
14,5,40,0.2,wave,0.075,3,0.030555555555555555,832,0,0
14,5,41,0.2,wave,0.075,3,0.030555555555555555,814,0,0
14,5,42,0.2,wave,0.075,3,0.030555555555555555,812,0,0
14,5,43,0.2,wave,0.075,3,0.030555555555555555,807,0,0
14,5,44,0.2,wave,0.075,3,0.030555555555555555,809,0,0
14,5,45,0.2,wave,0.075,3,0.030555555555555555,797,0,0
14,5,46,0.2,wave,0.075,3,0.030555555555555555,794,0,0
14,5,47,0.2,wave,0.075,3,0.030555555555555555,784,0,0
14,5,48,0.2,wave,0.075,3,0.030555555555555555,778,0,0
14,5,49,0.2,wave,0.075,3,0.030555555555555555,771,0,0
14,5,50,0.2,wave,0.075,3,0.030555555555555555,776,0,0
14,5,51,0.2,wave,0.075,3,0.030555555555555555,764,0,0
14,5,52,0.2,wave,0.075,3,0.030555555555555555,763,0,0
14,6,1,0.2,wave,0.075,3,0.030555555555555555,751,0,0
14,6,2,0.2,wave,0.075,3,0.030555555555555555,758,0,0
14,6,3,0.2,wave,0.075,3,0.030555555555555555,744,0,0
14,6,4,0.2,wave,0.075,3,0.030555555555555555,749,0,0
14,6,5,0.2,wave,0.075,3,0.030555555555555555,741,0,0
14,6,6,0.2,wave,0.075,3,0.030555555555555555,748,0,0
14,6,7,0.2,wave,0.075,3,0.030555555555555555,740,0,0
14,6,8,0.2,wave,0.075,3,0.030555555555555555,736,0,0
14,6,9,0.2,wave,0.075,3,0.030555555555555555,728,0,0
14,6,10,0.2,wave,0.075,3,0.030555555555555555,734,0,0
14,6,11,0.2,wave,0.075,3,0.030555555555555555,724,0,0
14,6,12,0.2,wave,0.075,3,0.030555555555555555,727,0,0
14,6,13,0.2,wave,0.075,3,0.030555555555555555,717,0,0
14,6,14,0.2,wave,0.075,3,0.030555555555555555,714,0,0
14,6,15,0.2,wave,0.075,3,0.030555555555555555,707,0,0
14,6,16,0.2,wave,0.075,3,0.030555555555555555,701,0,0
14,6,17,0.2,wave,0.075,3,0.030555555555555555,695,0,0
14,6,18,0.2,wave,0.075,3,0.030555555555555555,698,0,0
14,6,19,0.2,wave,0.075,3,0.030555555555555555,677,0,0
14,6,20,0.2,wave,0.075,3,0.030555555555555555,1022,0,0
14,6,21,0.2,wave,0.075,3,0.030555555555555555,1019,0,0
14,6,22,0.2,wave,0.075,3,0.030555555555555555,995,0,0
14,6,23,0.2,wave,0.075,3,0.030555555555555555,978,0,0
14,6,24,0.2,wave,0.075,3,0.030555555555555555,975,0,0
14,6,25,0.2,wave,0.075,3,0.030555555555555555,955,0,0
14,6,26,0.2,wave,0.075,3,0.030555555555555555,957,0,0
14,6,27,0.2,wave,0.075,3,0.030555555555555555,939,0,0
14,6,28,0.2,wave,0.075,3,0.030555555555555555,940,0,0
14,6,29,0.2,wave,0.075,3,0.030555555555555555,935,0,0
14,6,30,0.2,wave,0.075,3,0.030555555555555555,940,0,0
14,6,31,0.2,wave,0.075,3,0.030555555555555555,927,0,0
14,6,32,0.2,wave,0.075,3,0.030555555555555555,867,0,0
14,6,33,0.2,wave,0.075,3,0.030555555555555555,860,0,0
14,6,34,0.2,wave,0.075,3,0.030555555555555555,844,0,0
14,6,35,0.2,wave,0.075,3,0.030555555555555555,841,0,0
14,6,36,0.2,wave,0.075,3,0.030555555555555555,821,0,0
14,6,37,0.2,wave,0.075,3,0.030555555555555555,817,0,0
14,6,38,0.2,wave,0.075,3,0.030555555555555555,810,0,0
14,6,39,0.2,wave,0.075,3,0.030555555555555555,807,0,0
14,6,40,0.2,wave,0.075,3,0.030555555555555555,789,0,0
14,6,41,0.2,wave,0.075,3,0.030555555555555555,782,0,0
14,6,42,0.2,wave,0.075,3,0.030555555555555555,770,0,0
14,6,43,0.2,wave,0.075,3,0.030555555555555555,755,0,0
14,6,44,0.2,wave,0.075,3,0.030555555555555555,748,0,0
14,6,45,0.2,wave,0.075,3,0.030555555555555555,741,0,0
14,6,46,0.2,wave,0.075,3,0.030555555555555555,730,0,0
14,6,47,0.2,wave,0.075,3,0.030555555555555555,725,0,0
14,6,48,0.2,wave,0.075,3,0.030555555555555555,722,0,0
14,6,49,0.2,wave,0.075,3,0.030555555555555555,717,0,0
14,6,50,0.2,wave,0.075,3,0.030555555555555555,710,0,0
14,6,51,0.2,wave,0.075,3,0.030555555555555555,711,0,0
14,6,52,0.2,wave,0.075,3,0.030555555555555555,708,0,0
14,7,1,0.2,wave,0.075,3,0.030555555555555555,703,0,0
14,7,2,0.2,wave,0.075,3,0.030555555555555555,695,0,0
14,7,3,0.2,wave,0.075,3,0.030555555555555555,698,0,0
14,7,4,0.2,wave,0.075,3,0.030555555555555555,693,0,0
14,7,5,0.2,wave,0.075,3,0.030555555555555555,696,0,0
14,7,6,0.2,wave,0.075,3,0.030555555555555555,680,0,0
14,7,7,0.2,wave,0.075,3,0.030555555555555555,680,0,0
14,7,8,0.2,wave,0.075,3,0.030555555555555555,677,0,0
14,7,9,0.2,wave,0.075,3,0.030555555555555555,677,0,0
14,7,10,0.2,wave,0.075,3,0.030555555555555555,675,0,0
14,7,11,0.2,wave,0.075,3,0.030555555555555555,676,0,0
14,7,12,0.2,wave,0.075,3,0.030555555555555555,675,0,0
14,7,13,0.2,wave,0.075,3,0.030555555555555555,676,0,0
14,7,14,0.2,wave,0.075,3,0.030555555555555555,673,0,0
14,7,15,0.2,wave,0.075,3,0.030555555555555555,674,0,0
14,7,16,0.2,wave,0.075,3,0.030555555555555555,672,0,0
14,7,17,0.2,wave,0.075,3,0.030555555555555555,670,0,0
14,7,18,0.2,wave,0.075,3,0.030555555555555555,669,0,0
14,7,19,0.2,wave,0.075,3,0.030555555555555555,669,0,0
14,7,20,0.2,wave,0.075,3,0.030555555555555555,978,0,0
14,7,21,0.2,wave,0.075,3,0.030555555555555555,960,0,0
14,7,22,0.2,wave,0.075,3,0.030555555555555555,924,0,0
14,7,23,0.2,wave,0.075,3,0.030555555555555555,905,0,0
14,7,24,0.2,wave,0.075,3,0.030555555555555555,884,0,0
14,7,25,0.2,wave,0.075,3,0.030555555555555555,890,0,0
14,7,26,0.2,wave,0.075,3,0.030555555555555555,882,0,0
14,7,27,0.2,wave,0.075,3,0.030555555555555555,887,0,0
14,7,28,0.2,wave,0.075,3,0.030555555555555555,842,0,0
14,7,29,0.2,wave,0.075,3,0.030555555555555555,841,0,0
14,7,30,0.2,wave,0.075,3,0.030555555555555555,822,0,0
14,7,31,0.2,wave,0.075,3,0.030555555555555555,824,0,0
14,7,32,0.2,wave,0.075,3,0.030555555555555555,798,0,0
14,7,33,0.2,wave,0.075,3,0.030555555555555555,799,0,0
14,7,34,0.2,wave,0.075,3,0.030555555555555555,787,0,0
14,7,35,0.2,wave,0.075,3,0.030555555555555555,772,0,0
14,7,36,0.2,wave,0.075,3,0.030555555555555555,741,0,0
14,7,37,0.2,wave,0.075,3,0.030555555555555555,742,0,0
14,7,38,0.2,wave,0.075,3,0.030555555555555555,728,0,0
14,7,39,0.2,wave,0.075,3,0.030555555555555555,728,0,0
14,7,40,0.2,wave,0.075,3,0.030555555555555555,722,0,0
14,7,41,0.2,wave,0.075,3,0.030555555555555555,716,0,0
14,7,42,0.2,wave,0.075,3,0.030555555555555555,710,0,0
14,7,43,0.2,wave,0.075,3,0.030555555555555555,700,0,0
14,7,44,0.2,wave,0.075,3,0.030555555555555555,694,0,0
14,7,45,0.2,wave,0.075,3,0.030555555555555555,693,0,0
14,7,46,0.2,wave,0.075,3,0.030555555555555555,686,0,0
14,7,47,0.2,wave,0.075,3,0.030555555555555555,671,0,0
14,7,48,0.2,wave,0.075,3,0.030555555555555555,651,0,0
14,7,49,0.2,wave,0.075,3,0.030555555555555555,649,0,0
14,7,50,0.2,wave,0.075,3,0.030555555555555555,642,0,0
14,7,51,0.2,wave,0.075,3,0.030555555555555555,641,0,0
14,7,52,0.2,wave,0.075,3,0.030555555555555555,635,0,0
14,8,1,0.2,wave,0.075,3,0.030555555555555555,633,0,0
14,8,2,0.2,wave,0.075,3,0.030555555555555555,630,0,0
14,8,3,0.2,wave,0.075,3,0.030555555555555555,628,0,0
14,8,4,0.2,wave,0.075,3,0.030555555555555555,627,0,0
14,8,5,0.2,wave,0.075,3,0.030555555555555555,628,0,0
14,8,6,0.2,wave,0.075,3,0.030555555555555555,627,0,0
14,8,7,0.2,wave,0.075,3,0.030555555555555555,627,0,0
14,8,8,0.2,wave,0.075,3,0.030555555555555555,625,0,0
14,8,9,0.2,wave,0.075,3,0.030555555555555555,623,0,0
14,8,10,0.2,wave,0.075,3,0.030555555555555555,623,0,0
14,8,11,0.2,wave,0.075,3,0.030555555555555555,623,0,0
14,8,12,0.2,wave,0.075,3,0.030555555555555555,622,0,0
14,8,13,0.2,wave,0.075,3,0.030555555555555555,622,0,0
14,8,14,0.2,wave,0.075,3,0.030555555555555555,624,0,0
14,8,15,0.2,wave,0.075,3,0.030555555555555555,622,0,0
14,8,16,0.2,wave,0.075,3,0.030555555555555555,622,0,0
14,8,17,0.2,wave,0.075,3,0.030555555555555555,621,0,0
14,8,18,0.2,wave,0.075,3,0.030555555555555555,620,0,0
14,8,19,0.2,wave,0.075,3,0.030555555555555555,619,0,0
14,8,20,0.2,wave,0.075,3,0.030555555555555555,899,0,0
14,8,21,0.2,wave,0.075,3,0.030555555555555555,871,0,0
14,8,22,0.2,wave,0.075,3,0.030555555555555555,861,0,0
14,8,23,0.2,wave,0.075,3,0.030555555555555555,843,0,0
14,8,24,0.2,wave,0.075,3,0.030555555555555555,842,0,0
14,8,25,0.2,wave,0.075,3,0.030555555555555555,818,0,0
14,8,26,0.2,wave,0.075,3,0.030555555555555555,795,0,0
14,8,27,0.2,wave,0.075,3,0.030555555555555555,802,0,0
14,8,28,0.2,wave,0.075,3,0.030555555555555555,795,0,0
14,8,29,0.2,wave,0.075,3,0.030555555555555555,802,0,0
14,8,30,0.2,wave,0.075,3,0.030555555555555555,795,0,0
14,8,31,0.2,wave,0.075,3,0.030555555555555555,790,0,0
14,8,32,0.2,wave,0.075,3,0.030555555555555555,783,0,0
14,8,33,0.2,wave,0.075,3,0.030555555555555555,790,0,0
14,8,34,0.2,wave,0.075,3,0.030555555555555555,784,0,0
14,8,35,0.2,wave,0.075,3,0.030555555555555555,773,0,0
14,8,36,0.2,wave,0.075,3,0.030555555555555555,755,0,0
14,8,37,0.2,wave,0.075,3,0.030555555555555555,750,0,0
14,8,38,0.2,wave,0.075,3,0.030555555555555555,743,0,0
14,8,39,0.2,wave,0.075,3,0.030555555555555555,749,0,0
14,8,40,0.2,wave,0.075,3,0.030555555555555555,738,0,0
14,8,41,0.2,wave,0.075,3,0.030555555555555555,735,0,0
14,8,42,0.2,wave,0.075,3,0.030555555555555555,727,0,0
14,8,43,0.2,wave,0.075,3,0.030555555555555555,732,0,0
14,8,44,0.2,wave,0.075,3,0.030555555555555555,710,0,0
14,8,45,0.2,wave,0.075,3,0.030555555555555555,711,0,0
14,8,46,0.2,wave,0.075,3,0.030555555555555555,701,0,0
14,8,47,0.2,wave,0.075,3,0.030555555555555555,702,0,0
14,8,48,0.2,wave,0.075,3,0.030555555555555555,695,0,0
14,8,49,0.2,wave,0.075,3,0.030555555555555555,698,0,0
14,8,50,0.2,wave,0.075,3,0.030555555555555555,695,0,0
14,8,51,0.2,wave,0.075,3,0.030555555555555555,695,0,0
14,8,52,0.2,wave,0.075,3,0.030555555555555555,689,0,0
14,9,1,0.2,wave,0.075,3,0.030555555555555555,692,0,0
14,9,2,0.2,wave,0.075,3,0.030555555555555555,683,0,0
14,9,3,0.2,wave,0.075,3,0.030555555555555555,688,0,0
14,9,4,0.2,wave,0.075,3,0.030555555555555555,681,0,0
14,9,5,0.2,wave,0.075,3,0.030555555555555555,685,0,0
14,9,6,0.2,wave,0.075,3,0.030555555555555555,680,0,0
14,9,7,0.2,wave,0.075,3,0.030555555555555555,673,0,0
14,9,8,0.2,wave,0.075,3,0.030555555555555555,657,0,0
14,9,9,0.2,wave,0.075,3,0.030555555555555555,663,0,0
14,9,10,0.2,wave,0.075,3,0.030555555555555555,657,0,0
14,9,11,0.2,wave,0.075,3,0.030555555555555555,663,0,0
14,9,12,0.2,wave,0.075,3,0.030555555555555555,658,0,0
14,9,13,0.2,wave,0.075,3,0.030555555555555555,663,0,0
14,9,14,0.2,wave,0.075,3,0.030555555555555555,658,0,0
14,9,15,0.2,wave,0.075,3,0.030555555555555555,663,0,0
14,9,16,0.2,wave,0.075,3,0.030555555555555555,658,0,0
14,9,17,0.2,wave,0.075,3,0.030555555555555555,661,0,0
14,9,18,0.2,wave,0.075,3,0.030555555555555555,657,0,0
14,9,19,0.2,wave,0.075,3,0.030555555555555555,648,0,0
14,9,20,0.2,wave,0.075,3,0.030555555555555555,945,0,0
14,9,21,0.2,wave,0.075,3,0.030555555555555555,944,0,0
14,9,22,0.2,wave,0.075,3,0.030555555555555555,921,0,0
14,9,23,0.2,wave,0.075,3,0.030555555555555555,920,0,0
14,9,24,0.2,wave,0.075,3,0.030555555555555555,907,0,0
14,9,25,0.2,wave,0.075,3,0.030555555555555555,906,0,0
14,9,26,0.2,wave,0.075,3,0.030555555555555555,871,0,0
14,9,27,0.2,wave,0.075,3,0.030555555555555555,843,0,0
14,9,28,0.2,wave,0.075,3,0.030555555555555555,825,0,0
14,9,29,0.2,wave,0.075,3,0.030555555555555555,843,0,0
14,9,30,0.2,wave,0.075,3,0.030555555555555555,831,0,0
14,9,31,0.2,wave,0.075,3,0.030555555555555555,843,0,0
14,9,32,0.2,wave,0.075,3,0.030555555555555555,818,0,0
14,9,33,0.2,wave,0.075,3,0.030555555555555555,803,0,0
14,9,34,0.2,wave,0.075,3,0.030555555555555555,791,0,0
14,9,35,0.2,wave,0.075,3,0.030555555555555555,779,0,0
14,9,36,0.2,wave,0.075,3,0.030555555555555555,768,0,0
14,9,37,0.2,wave,0.075,3,0.030555555555555555,779,0,0
14,9,38,0.2,wave,0.075,3,0.030555555555555555,745,0,0
14,9,39,0.2,wave,0.075,3,0.030555555555555555,757,0,0
14,9,40,0.2,wave,0.075,3,0.030555555555555555,749,0,0
14,9,41,0.2,wave,0.075,3,0.030555555555555555,757,0,0
14,9,42,0.2,wave,0.075,3,0.030555555555555555,749,0,0
14,9,43,0.2,wave,0.075,3,0.030555555555555555,757,0,0
14,9,44,0.2,wave,0.075,3,0.030555555555555555,737,0,0
14,9,45,0.2,wave,0.075,3,0.030555555555555555,730,0,0
14,9,46,0.2,wave,0.075,3,0.030555555555555555,719,0,0
14,9,47,0.2,wave,0.075,3,0.030555555555555555,724,0,0
14,9,48,0.2,wave,0.075,3,0.030555555555555555,716,0,0
14,9,49,0.2,wave,0.075,3,0.030555555555555555,712,0,0
14,9,50,0.2,wave,0.075,3,0.030555555555555555,702,0,0
14,9,51,0.2,wave,0.075,3,0.030555555555555555,710,0,0
14,9,52,0.2,wave,0.075,3,0.030555555555555555,697,0,0
14,10,1,0.2,wave,0.075,3,0.030555555555555555,704,0,0
14,10,2,0.2,wave,0.075,3,0.030555555555555555,686,0,0
14,10,3,0.2,wave,0.075,3,0.030555555555555555,692,0,0
14,10,4,0.2,wave,0.075,3,0.030555555555555555,685,0,0
14,10,5,0.2,wave,0.075,3,0.030555555555555555,692,0,0
14,10,6,0.2,wave,0.075,3,0.030555555555555555,683,0,0
14,10,7,0.2,wave,0.075,3,0.030555555555555555,690,0,0
14,10,8,0.2,wave,0.075,3,0.030555555555555555,684,0,0
14,10,9,0.2,wave,0.075,3,0.030555555555555555,674,0,0
14,10,10,0.2,wave,0.075,3,0.030555555555555555,670,0,0
14,10,11,0.2,wave,0.075,3,0.030555555555555555,673,0,0
14,10,12,0.2,wave,0.075,3,0.030555555555555555,670,0,0
14,10,13,0.2,wave,0.075,3,0.030555555555555555,675,0,0
14,10,14,0.2,wave,0.075,3,0.030555555555555555,670,0,0
14,10,15,0.2,wave,0.075,3,0.030555555555555555,675,0,0
14,10,16,0.2,wave,0.075,3,0.030555555555555555,669,0,0
14,10,17,0.2,wave,0.075,3,0.030555555555555555,675,0,0
14,10,18,0.2,wave,0.075,3,0.030555555555555555,670,0,0
14,10,19,0.2,wave,0.075,3,0.030555555555555555,674,0,0
14,10,20,0.2,wave,0.075,3,0.030555555555555555,911,0,0
14,10,21,0.2,wave,0.075,3,0.030555555555555555,904,0,0
14,10,22,0.2,wave,0.075,3,0.030555555555555555,899,0,0
14,10,23,0.2,wave,0.075,3,0.030555555555555555,889,0,0
14,10,24,0.2,wave,0.075,3,0.030555555555555555,860,0,0
14,10,25,0.2,wave,0.075,3,0.030555555555555555,854,0,0
14,10,26,0.2,wave,0.075,3,0.030555555555555555,849,0,0
14,10,27,0.2,wave,0.075,3,0.030555555555555555,854,0,0
14,10,28,0.2,wave,0.075,3,0.030555555555555555,838,0,0
14,10,29,0.2,wave,0.075,3,0.030555555555555555,841,0,0
14,10,30,0.2,wave,0.075,3,0.030555555555555555,820,0,0
14,10,31,0.2,wave,0.075,3,0.030555555555555555,789,0,0
14,10,32,0.2,wave,0.075,3,0.030555555555555555,784,0,0
14,10,33,0.2,wave,0.075,3,0.030555555555555555,790,0,0
14,10,34,0.2,wave,0.075,3,0.030555555555555555,773,0,0
14,10,35,0.2,wave,0.075,3,0.030555555555555555,779,0,0
14,10,36,0.2,wave,0.075,3,0.030555555555555555,774,0,0
14,10,37,0.2,wave,0.075,3,0.030555555555555555,778,0,0
14,10,38,0.2,wave,0.075,3,0.030555555555555555,773,0,0
14,10,39,0.2,wave,0.075,3,0.030555555555555555,778,0,0
14,10,40,0.2,wave,0.075,3,0.030555555555555555,762,0,0
14,10,41,0.2,wave,0.075,3,0.030555555555555555,754,0,0
14,10,42,0.2,wave,0.075,3,0.030555555555555555,748,0,0
14,10,43,0.2,wave,0.075,3,0.030555555555555555,753,0,0
14,10,44,0.2,wave,0.075,3,0.030555555555555555,748,0,0
14,10,45,0.2,wave,0.075,3,0.030555555555555555,747,0,0
14,10,46,0.2,wave,0.075,3,0.030555555555555555,741,0,0
14,10,47,0.2,wave,0.075,3,0.030555555555555555,745,0,0
14,10,48,0.2,wave,0.075,3,0.030555555555555555,741,0,0
14,10,49,0.2,wave,0.075,3,0.030555555555555555,740,0,0
14,10,50,0.2,wave,0.075,3,0.030555555555555555,724,0,0
14,10,51,0.2,wave,0.075,3,0.030555555555555555,726,0,0
14,10,52,0.2,wave,0.075,3,0.030555555555555555,722,0,0
15,1,1,0.2,wave,0.075,3,0.035833333333333335,6496,66,8
15,1,2,0.2,wave,0.075,3,0.035833333333333335,6378,75,20
15,1,3,0.2,wave,0.075,3,0.035833333333333335,6331,91,35
15,1,4,0.2,wave,0.075,3,0.035833333333333335,6107,131,45
15,1,5,0.2,wave,0.075,3,0.035833333333333335,5962,166,50
15,1,6,0.2,wave,0.075,3,0.035833333333333335,5717,211,69
15,1,7,0.2,wave,0.075,3,0.035833333333333335,5466,269,88
15,1,8,0.2,wave,0.075,3,0.035833333333333335,5217,332,109
15,1,9,0.2,wave,0.075,3,0.035833333333333335,5032,381,114
15,1,10,0.2,wave,0.075,3,0.035833333333333335,4849,421,152
15,1,11,0.2,wave,0.075,3,0.035833333333333335,4651,459,181
15,1,12,0.2,wave,0.075,3,0.035833333333333335,4473,476,206
15,1,13,0.2,wave,0.075,3,0.035833333333333335,4276,489,222
15,1,14,0.2,wave,0.075,3,0.035833333333333335,4126,471,216
15,1,15,0.2,wave,0.075,3,0.035833333333333335,4002,477,226
15,1,16,0.2,wave,0.075,3,0.035833333333333335,3856,440,205
15,1,17,0.2,wave,0.075,3,0.035833333333333335,3744,453,207
15,1,18,0.2,wave,0.075,3,0.035833333333333335,3624,440,197
15,1,19,0.2,wave,0.075,3,0.035833333333333335,3480,426,205
15,1,20,0.2,wave,0.075,3,0.035833333333333335,4974,418,200
15,1,21,0.2,wave,0.075,3,0.035833333333333335,4693,479,204
15,1,22,0.2,wave,0.075,3,0.035833333333333335,4540,552,231
15,1,23,0.2,wave,0.075,3,0.035833333333333335,4458,617,243
15,1,24,0.2,wave,0.075,3,0.035833333333333335,4257,645,290
15,1,25,0.2,wave,0.075,3,0.035833333333333335,4167,679,300
15,1,26,0.2,wave,0.075,3,0.035833333333333335,3964,694,327
15,1,27,0.2,wave,0.075,3,0.035833333333333335,3786,685,301
15,1,28,0.2,wave,0.075,3,0.035833333333333335,3569,688,308
15,1,29,0.2,wave,0.075,3,0.035833333333333335,3389,630,289
15,1,30,0.2,wave,0.075,3,0.035833333333333335,3223,632,307
15,1,31,0.2,wave,0.075,3,0.035833333333333335,3038,601,292
15,1,32,0.2,wave,0.075,3,0.035833333333333335,2897,595,297
15,1,33,0.2,wave,0.075,3,0.035833333333333335,2716,552,272
15,1,34,0.2,wave,0.075,3,0.035833333333333335,2574,523,266
15,1,35,0.2,wave,0.075,3,0.035833333333333335,2430,466,223
15,1,36,0.2,wave,0.075,3,0.035833333333333335,2319,438,211
15,1,37,0.2,wave,0.075,3,0.035833333333333335,2228,394,210
15,1,38,0.2,wave,0.075,3,0.035833333333333335,2114,368,208
15,1,39,0.2,wave,0.075,3,0.035833333333333335,2048,333,194
15,1,40,0.2,wave,0.075,3,0.035833333333333335,1950,297,152
15,1,41,0.2,wave,0.075,3,0.035833333333333335,1861,255,123
15,1,42,0.2,wave,0.075,3,0.035833333333333335,1798,226,112
15,1,43,0.2,wave,0.075,3,0.035833333333333335,1719,217,113
15,1,44,0.2,wave,0.075,3,0.035833333333333335,1671,205,108
15,1,45,0.2,wave,0.075,3,0.035833333333333335,1593,187,102
15,1,46,0.2,wave,0.075,3,0.035833333333333335,1539,163,100
15,1,47,0.2,wave,0.075,3,0.035833333333333335,1493,152,95
15,1,48,0.2,wave,0.075,3,0.035833333333333335,1460,131,80
15,1,49,0.2,wave,0.075,3,0.035833333333333335,1404,96,59
15,1,50,0.2,wave,0.075,3,0.035833333333333335,1376,86,57
15,1,51,0.2,wave,0.075,3,0.035833333333333335,1344,70,47
15,1,52,0.2,wave,0.075,3,0.035833333333333335,1321,57,38
15,2,1,0.2,wave,0.075,3,0.035833333333333335,1290,48,26
15,2,2,0.2,wave,0.075,3,0.035833333333333335,1249,37,22
15,2,3,0.2,wave,0.075,3,0.035833333333333335,1232,33,22
15,2,4,0.2,wave,0.075,3,0.035833333333333335,1224,28,20
15,2,5,0.2,wave,0.075,3,0.035833333333333335,1209,26,17
15,2,6,0.2,wave,0.075,3,0.035833333333333335,1198,17,10
15,2,7,0.2,wave,0.075,3,0.035833333333333335,1178,14,8
15,2,8,0.2,wave,0.075,3,0.035833333333333335,1175,11,7
15,2,9,0.2,wave,0.075,3,0.035833333333333335,1160,11,7
15,2,10,0.2,wave,0.075,3,0.035833333333333335,1149,10,9
15,2,11,0.2,wave,0.075,3,0.035833333333333335,1137,10,5
15,2,12,0.2,wave,0.075,3,0.035833333333333335,1129,8,4
15,2,13,0.2,wave,0.075,3,0.035833333333333335,1126,5,3
15,2,14,0.2,wave,0.075,3,0.035833333333333335,1120,6,4
15,2,15,0.2,wave,0.075,3,0.035833333333333335,1113,3,3
15,2,16,0.2,wave,0.075,3,0.035833333333333335,1109,4,3
15,2,17,0.2,wave,0.075,3,0.035833333333333335,1099,0,0
15,2,18,0.2,wave,0.075,3,0.035833333333333335,1080,4,2
15,2,19,0.2,wave,0.075,3,0.035833333333333335,1063,0,0
15,2,20,0.2,wave,0.075,3,0.035833333333333335,1662,2,1
15,2,21,0.2,wave,0.075,3,0.035833333333333335,1633,0,0
15,2,22,0.2,wave,0.075,3,0.035833333333333335,1553,3,1
15,2,23,0.2,wave,0.075,3,0.035833333333333335,1557,1,0
15,2,24,0.2,wave,0.075,3,0.035833333333333335,1526,1,1
15,2,25,0.2,wave,0.075,3,0.035833333333333335,1502,0,0
15,2,26,0.2,wave,0.075,3,0.035833333333333335,1499,1,0
15,2,27,0.2,wave,0.075,3,0.035833333333333335,1481,2,1
15,2,28,0.2,wave,0.075,3,0.035833333333333335,1452,3,1
15,2,29,0.2,wave,0.075,3,0.035833333333333335,1439,4,1
15,2,30,0.2,wave,0.075,3,0.035833333333333335,1434,5,1
15,2,31,0.2,wave,0.075,3,0.035833333333333335,1425,5,2
15,2,32,0.2,wave,0.075,3,0.035833333333333335,1414,5,2
15,2,33,0.2,wave,0.075,3,0.035833333333333335,1408,5,3
15,2,34,0.2,wave,0.075,3,0.035833333333333335,1389,1,0
15,2,35,0.2,wave,0.075,3,0.035833333333333335,1386,1,1
15,2,36,0.2,wave,0.075,3,0.035833333333333335,1374,0,0
15,2,37,0.2,wave,0.075,3,0.035833333333333335,1364,0,0
15,2,38,0.2,wave,0.075,3,0.035833333333333335,1323,0,0
15,2,39,0.2,wave,0.075,3,0.035833333333333335,1312,0,0
15,2,40,0.2,wave,0.075,3,0.035833333333333335,1316,0,0
15,2,41,0.2,wave,0.075,3,0.035833333333333335,1314,0,0
15,2,42,0.2,wave,0.075,3,0.035833333333333335,1301,0,0
15,2,43,0.2,wave,0.075,3,0.035833333333333335,1303,0,0
15,2,44,0.2,wave,0.075,3,0.035833333333333335,1272,0,0
15,2,45,0.2,wave,0.075,3,0.035833333333333335,1251,0,0
15,2,46,0.2,wave,0.075,3,0.035833333333333335,1235,0,0
15,2,47,0.2,wave,0.075,3,0.035833333333333335,1232,0,0
15,2,48,0.2,wave,0.075,3,0.035833333333333335,1212,0,0
15,2,49,0.2,wave,0.075,3,0.035833333333333335,1209,0,0
15,2,50,0.2,wave,0.075,3,0.035833333333333335,1196,0,0
15,2,51,0.2,wave,0.075,3,0.035833333333333335,1170,0,0
15,2,52,0.2,wave,0.075,3,0.035833333333333335,1154,0,0
15,3,1,0.2,wave,0.075,3,0.035833333333333335,1141,0,0
15,3,2,0.2,wave,0.075,3,0.035833333333333335,1137,0,0
15,3,3,0.2,wave,0.075,3,0.035833333333333335,1128,0,0
15,3,4,0.2,wave,0.075,3,0.035833333333333335,1124,0,0
15,3,5,0.2,wave,0.075,3,0.035833333333333335,1097,0,0
15,3,6,0.2,wave,0.075,3,0.035833333333333335,1089,0,0
15,3,7,0.2,wave,0.075,3,0.035833333333333335,1075,0,0
15,3,8,0.2,wave,0.075,3,0.035833333333333335,1062,0,0
15,3,9,0.2,wave,0.075,3,0.035833333333333335,1048,0,0
15,3,10,0.2,wave,0.075,3,0.035833333333333335,1017,0,0
15,3,11,0.2,wave,0.075,3,0.035833333333333335,1019,0,0
15,3,12,0.2,wave,0.075,3,0.035833333333333335,1013,0,0
15,3,13,0.2,wave,0.075,3,0.035833333333333335,1011,0,0
15,3,14,0.2,wave,0.075,3,0.035833333333333335,1010,0,0
15,3,15,0.2,wave,0.075,3,0.035833333333333335,1009,0,0
15,3,16,0.2,wave,0.075,3,0.035833333333333335,1004,0,0
15,3,17,0.2,wave,0.075,3,0.035833333333333335,1001,0,0
15,3,18,0.2,wave,0.075,3,0.035833333333333335,1003,0,0
15,3,19,0.2,wave,0.075,3,0.035833333333333335,993,0,0
15,3,20,0.2,wave,0.075,3,0.035833333333333335,1464,0,0
15,3,21,0.2,wave,0.075,3,0.035833333333333335,1419,0,0
15,3,22,0.2,wave,0.075,3,0.035833333333333335,1386,0,0
15,3,23,0.2,wave,0.075,3,0.035833333333333335,1352,0,0
15,3,24,0.2,wave,0.075,3,0.035833333333333335,1309,0,0
15,3,25,0.2,wave,0.075,3,0.035833333333333335,1291,0,0
15,3,26,0.2,wave,0.075,3,0.035833333333333335,1282,1,0
15,3,27,0.2,wave,0.075,3,0.035833333333333335,1264,0,0
15,3,28,0.2,wave,0.075,3,0.035833333333333335,1266,0,0
15,3,29,0.2,wave,0.075,3,0.035833333333333335,1259,0,0
15,3,30,0.2,wave,0.075,3,0.035833333333333335,1240,0,0
15,3,31,0.2,wave,0.075,3,0.035833333333333335,1221,0,0
15,3,32,0.2,wave,0.075,3,0.035833333333333335,1218,0,0
15,3,33,0.2,wave,0.075,3,0.035833333333333335,1205,0,0
15,3,34,0.2,wave,0.075,3,0.035833333333333335,1200,0,0
15,3,35,0.2,wave,0.075,3,0.035833333333333335,1195,0,0
15,3,36,0.2,wave,0.075,3,0.035833333333333335,1176,0,0
15,3,37,0.2,wave,0.075,3,0.035833333333333335,1155,0,0
15,3,38,0.2,wave,0.075,3,0.035833333333333335,1136,0,0
15,3,39,0.2,wave,0.075,3,0.035833333333333335,1137,0,0
15,3,40,0.2,wave,0.075,3,0.035833333333333335,1110,0,0
15,3,41,0.2,wave,0.075,3,0.035833333333333335,1098,0,0
15,3,42,0.2,wave,0.075,3,0.035833333333333335,1086,0,0
15,3,43,0.2,wave,0.075,3,0.035833333333333335,1084,0,0
15,3,44,0.2,wave,0.075,3,0.035833333333333335,1064,0,0
15,3,45,0.2,wave,0.075,3,0.035833333333333335,1056,0,0
15,3,46,0.2,wave,0.075,3,0.035833333333333335,1047,0,0
15,3,47,0.2,wave,0.075,3,0.035833333333333335,1045,0,0
15,3,48,0.2,wave,0.075,3,0.035833333333333335,1032,0,0
15,3,49,0.2,wave,0.075,3,0.035833333333333335,1031,0,0
15,3,50,0.2,wave,0.075,3,0.035833333333333335,1015,0,0
15,3,51,0.2,wave,0.075,3,0.035833333333333335,1015,0,0
15,3,52,0.2,wave,0.075,3,0.035833333333333335,996,0,0
15,4,1,0.2,wave,0.075,3,0.035833333333333335,990,0,0
15,4,2,0.2,wave,0.075,3,0.035833333333333335,979,0,0
15,4,3,0.2,wave,0.075,3,0.035833333333333335,975,0,0
15,4,4,0.2,wave,0.075,3,0.035833333333333335,963,0,0
15,4,5,0.2,wave,0.075,3,0.035833333333333335,953,0,0
15,4,6,0.2,wave,0.075,3,0.035833333333333335,941,0,0
15,4,7,0.2,wave,0.075,3,0.035833333333333335,949,0,0
15,4,8,0.2,wave,0.075,3,0.035833333333333335,940,0,0
15,4,9,0.2,wave,0.075,3,0.035833333333333335,936,0,0
15,4,10,0.2,wave,0.075,3,0.035833333333333335,926,0,0
15,4,11,0.2,wave,0.075,3,0.035833333333333335,923,0,0
15,4,12,0.2,wave,0.075,3,0.035833333333333335,920,0,0
15,4,13,0.2,wave,0.075,3,0.035833333333333335,905,0,0
15,4,14,0.2,wave,0.075,3,0.035833333333333335,904,0,0
15,4,15,0.2,wave,0.075,3,0.035833333333333335,899,0,0
15,4,16,0.2,wave,0.075,3,0.035833333333333335,903,0,0
15,4,17,0.2,wave,0.075,3,0.035833333333333335,898,0,0
15,4,18,0.2,wave,0.075,3,0.035833333333333335,898,0,0
15,4,19,0.2,wave,0.075,3,0.035833333333333335,892,0,0
15,4,20,0.2,wave,0.075,3,0.035833333333333335,1280,0,0
15,4,21,0.2,wave,0.075,3,0.035833333333333335,1247,0,0
15,4,22,0.2,wave,0.075,3,0.035833333333333335,1238,0,0
15,4,23,0.2,wave,0.075,3,0.035833333333333335,1215,0,0
15,4,24,0.2,wave,0.075,3,0.035833333333333335,1211,0,0
15,4,25,0.2,wave,0.075,3,0.035833333333333335,1189,0,0
15,4,26,0.2,wave,0.075,3,0.035833333333333335,1190,0,0
15,4,27,0.2,wave,0.075,3,0.035833333333333335,1167,0,0
15,4,28,0.2,wave,0.075,3,0.035833333333333335,1158,0,0
15,4,29,0.2,wave,0.075,3,0.035833333333333335,1136,0,0
15,4,30,0.2,wave,0.075,3,0.035833333333333335,1149,0,0
15,4,31,0.2,wave,0.075,3,0.035833333333333335,1088,0,0
15,4,32,0.2,wave,0.075,3,0.035833333333333335,1082,0,0
15,4,33,0.2,wave,0.075,3,0.035833333333333335,1077,0,0
15,4,34,0.2,wave,0.075,3,0.035833333333333335,1067,0,0
15,4,35,0.2,wave,0.075,3,0.035833333333333335,1061,0,0
15,4,36,0.2,wave,0.075,3,0.035833333333333335,1050,0,0
15,4,37,0.2,wave,0.075,3,0.035833333333333335,1048,0,0
15,4,38,0.2,wave,0.075,3,0.035833333333333335,1036,0,0
15,4,39,0.2,wave,0.075,3,0.035833333333333335,1039,0,0
15,4,40,0.2,wave,0.075,3,0.035833333333333335,1029,0,0
15,4,41,0.2,wave,0.075,3,0.035833333333333335,995,0,0
15,4,42,0.2,wave,0.075,3,0.035833333333333335,983,0,0
15,4,43,0.2,wave,0.075,3,0.035833333333333335,978,0,0
15,4,44,0.2,wave,0.075,3,0.035833333333333335,957,0,0
15,4,45,0.2,wave,0.075,3,0.035833333333333335,945,0,0
15,4,46,0.2,wave,0.075,3,0.035833333333333335,938,0,0
15,4,47,0.2,wave,0.075,3,0.035833333333333335,935,0,0
15,4,48,0.2,wave,0.075,3,0.035833333333333335,907,0,0
15,4,49,0.2,wave,0.075,3,0.035833333333333335,903,0,0
15,4,50,0.2,wave,0.075,3,0.035833333333333335,888,0,0
15,4,51,0.2,wave,0.075,3,0.035833333333333335,884,0,0
15,4,52,0.2,wave,0.075,3,0.035833333333333335,869,0,0
15,5,1,0.2,wave,0.075,3,0.035833333333333335,869,0,0
15,5,2,0.2,wave,0.075,3,0.035833333333333335,866,0,0
15,5,3,0.2,wave,0.075,3,0.035833333333333335,849,0,0
15,5,4,0.2,wave,0.075,3,0.035833333333333335,843,0,0
15,5,5,0.2,wave,0.075,3,0.035833333333333335,828,0,0
15,5,6,0.2,wave,0.075,3,0.035833333333333335,830,0,0
15,5,7,0.2,wave,0.075,3,0.035833333333333335,825,0,0
15,5,8,0.2,wave,0.075,3,0.035833333333333335,822,0,0
15,5,9,0.2,wave,0.075,3,0.035833333333333335,806,0,0
15,5,10,0.2,wave,0.075,3,0.035833333333333335,805,0,0
15,5,11,0.2,wave,0.075,3,0.035833333333333335,804,0,0
15,5,12,0.2,wave,0.075,3,0.035833333333333335,805,0,0
15,5,13,0.2,wave,0.075,3,0.035833333333333335,805,0,0
15,5,14,0.2,wave,0.075,3,0.035833333333333335,799,0,0
15,5,15,0.2,wave,0.075,3,0.035833333333333335,799,0,0
15,5,16,0.2,wave,0.075,3,0.035833333333333335,797,0,0
15,5,17,0.2,wave,0.075,3,0.035833333333333335,795,0,0
15,5,18,0.2,wave,0.075,3,0.035833333333333335,794,0,0
15,5,19,0.2,wave,0.075,3,0.035833333333333335,795,0,0
15,5,20,0.2,wave,0.075,3,0.035833333333333335,1166,0,0
15,5,21,0.2,wave,0.075,3,0.035833333333333335,1162,0,0
15,5,22,0.2,wave,0.075,3,0.035833333333333335,1124,0,0
15,5,23,0.2,wave,0.075,3,0.035833333333333335,1117,0,0
15,5,24,0.2,wave,0.075,3,0.035833333333333335,1089,0,0
15,5,25,0.2,wave,0.075,3,0.035833333333333335,1061,0,0
15,5,26,0.2,wave,0.075,3,0.035833333333333335,1059,0,0
15,5,27,0.2,wave,0.075,3,0.035833333333333335,1054,0,0
15,5,28,0.2,wave,0.075,3,0.035833333333333335,1039,0,0
15,5,29,0.2,wave,0.075,3,0.035833333333333335,1031,0,0
15,5,30,0.2,wave,0.075,3,0.035833333333333335,1023,0,0
15,5,31,0.2,wave,0.075,3,0.035833333333333335,1008,0,0
15,5,32,0.2,wave,0.075,3,0.035833333333333335,995,0,0
15,5,33,0.2,wave,0.075,3,0.035833333333333335,985,0,0
15,5,34,0.2,wave,0.075,3,0.035833333333333335,961,0,0
15,5,35,0.2,wave,0.075,3,0.035833333333333335,956,0,0
15,5,36,0.2,wave,0.075,3,0.035833333333333335,947,0,0
15,5,37,0.2,wave,0.075,3,0.035833333333333335,924,0,0
15,5,38,0.2,wave,0.075,3,0.035833333333333335,933,0,0
15,5,39,0.2,wave,0.075,3,0.035833333333333335,921,0,0
15,5,40,0.2,wave,0.075,3,0.035833333333333335,928,0,0
15,5,41,0.2,wave,0.075,3,0.035833333333333335,917,0,0
15,5,42,0.2,wave,0.075,3,0.035833333333333335,926,0,0
15,5,43,0.2,wave,0.075,3,0.035833333333333335,915,0,0
15,5,44,0.2,wave,0.075,3,0.035833333333333335,914,0,0
15,5,45,0.2,wave,0.075,3,0.035833333333333335,899,0,0
15,5,46,0.2,wave,0.075,3,0.035833333333333335,896,0,0
15,5,47,0.2,wave,0.075,3,0.035833333333333335,884,0,0
15,5,48,0.2,wave,0.075,3,0.035833333333333335,878,0,0
15,5,49,0.2,wave,0.075,3,0.035833333333333335,854,0,0
15,5,50,0.2,wave,0.075,3,0.035833333333333335,855,0,0
15,5,51,0.2,wave,0.075,3,0.035833333333333335,839,0,0
15,5,52,0.2,wave,0.075,3,0.035833333333333335,844,0,0
15,6,1,0.2,wave,0.075,3,0.035833333333333335,841,0,0
15,6,2,0.2,wave,0.075,3,0.035833333333333335,838,0,0
15,6,3,0.2,wave,0.075,3,0.035833333333333335,829,0,0
15,6,4,0.2,wave,0.075,3,0.035833333333333335,821,0,0
15,6,5,0.2,wave,0.075,3,0.035833333333333335,813,0,0
15,6,6,0.2,wave,0.075,3,0.035833333333333335,811,0,0
15,6,7,0.2,wave,0.075,3,0.035833333333333335,812,0,0
15,6,8,0.2,wave,0.075,3,0.035833333333333335,811,0,0
15,6,9,0.2,wave,0.075,3,0.035833333333333335,805,0,0
15,6,10,0.2,wave,0.075,3,0.035833333333333335,810,0,0
15,6,11,0.2,wave,0.075,3,0.035833333333333335,808,0,0
15,6,12,0.2,wave,0.075,3,0.035833333333333335,811,0,0
15,6,13,0.2,wave,0.075,3,0.035833333333333335,803,0,0
15,6,14,0.2,wave,0.075,3,0.035833333333333335,805,0,0
15,6,15,0.2,wave,0.075,3,0.035833333333333335,799,0,0
15,6,16,0.2,wave,0.075,3,0.035833333333333335,793,0,0
15,6,17,0.2,wave,0.075,3,0.035833333333333335,789,0,0
15,6,18,0.2,wave,0.075,3,0.035833333333333335,791,0,0
15,6,19,0.2,wave,0.075,3,0.035833333333333335,783,0,0
15,6,20,0.2,wave,0.075,3,0.035833333333333335,1201,0,0
15,6,21,0.2,wave,0.075,3,0.035833333333333335,1187,0,0
15,6,22,0.2,wave,0.075,3,0.035833333333333335,1193,0,0
15,6,23,0.2,wave,0.075,3,0.035833333333333335,1139,0,0
15,6,24,0.2,wave,0.075,3,0.035833333333333335,1133,0,0
15,6,25,0.2,wave,0.075,3,0.035833333333333335,1079,0,0
15,6,26,0.2,wave,0.075,3,0.035833333333333335,1080,0,0
15,6,27,0.2,wave,0.075,3,0.035833333333333335,1055,0,0
15,6,28,0.2,wave,0.075,3,0.035833333333333335,1026,0,0
15,6,29,0.2,wave,0.075,3,0.035833333333333335,1029,0,0
15,6,30,0.2,wave,0.075,3,0.035833333333333335,1018,0,0
15,6,31,0.2,wave,0.075,3,0.035833333333333335,1011,0,0
15,6,32,0.2,wave,0.075,3,0.035833333333333335,1012,0,0
15,6,33,0.2,wave,0.075,3,0.035833333333333335,1005,0,0
15,6,34,0.2,wave,0.075,3,0.035833333333333335,981,0,0
15,6,35,0.2,wave,0.075,3,0.035833333333333335,988,0,0
15,6,36,0.2,wave,0.075,3,0.035833333333333335,965,0,0
15,6,37,0.2,wave,0.075,3,0.035833333333333335,963,0,0
15,6,38,0.2,wave,0.075,3,0.035833333333333335,948,0,0
15,6,39,0.2,wave,0.075,3,0.035833333333333335,961,0,0
15,6,40,0.2,wave,0.075,3,0.035833333333333335,946,0,0
15,6,41,0.2,wave,0.075,3,0.035833333333333335,961,0,0
15,6,42,0.2,wave,0.075,3,0.035833333333333335,935,0,0
15,6,43,0.2,wave,0.075,3,0.035833333333333335,930,0,0
15,6,44,0.2,wave,0.075,3,0.035833333333333335,919,0,0
15,6,45,0.2,wave,0.075,3,0.035833333333333335,906,0,0
15,6,46,0.2,wave,0.075,3,0.035833333333333335,898,0,0
15,6,47,0.2,wave,0.075,3,0.035833333333333335,893,0,0
15,6,48,0.2,wave,0.075,3,0.035833333333333335,864,0,0
15,6,49,0.2,wave,0.075,3,0.035833333333333335,869,0,0
15,6,50,0.2,wave,0.075,3,0.035833333333333335,860,0,0
15,6,51,0.2,wave,0.075,3,0.035833333333333335,848,0,0
15,6,52,0.2,wave,0.075,3,0.035833333333333335,843,0,0
15,7,1,0.2,wave,0.075,3,0.035833333333333335,827,0,0
15,7,2,0.2,wave,0.075,3,0.035833333333333335,817,0,0
15,7,3,0.2,wave,0.075,3,0.035833333333333335,810,0,0
15,7,4,0.2,wave,0.075,3,0.035833333333333335,809,0,0
15,7,5,0.2,wave,0.075,3,0.035833333333333335,787,0,0
15,7,6,0.2,wave,0.075,3,0.035833333333333335,786,0,0
15,7,7,0.2,wave,0.075,3,0.035833333333333335,779,0,0
15,7,8,0.2,wave,0.075,3,0.035833333333333335,767,0,0
15,7,9,0.2,wave,0.075,3,0.035833333333333335,763,0,0
15,7,10,0.2,wave,0.075,3,0.035833333333333335,768,0,0
15,7,11,0.2,wave,0.075,3,0.035833333333333335,765,0,0
15,7,12,0.2,wave,0.075,3,0.035833333333333335,764,0,0
15,7,13,0.2,wave,0.075,3,0.035833333333333335,762,0,0
15,7,14,0.2,wave,0.075,3,0.035833333333333335,761,0,0
15,7,15,0.2,wave,0.075,3,0.035833333333333335,757,0,0
15,7,16,0.2,wave,0.075,3,0.035833333333333335,760,0,0
15,7,17,0.2,wave,0.075,3,0.035833333333333335,757,0,0
15,7,18,0.2,wave,0.075,3,0.035833333333333335,761,0,0
15,7,19,0.2,wave,0.075,3,0.035833333333333335,760,0,0
15,7,20,0.2,wave,0.075,3,0.035833333333333335,1174,0,0
15,7,21,0.2,wave,0.075,3,0.035833333333333335,1171,0,0
15,7,22,0.2,wave,0.075,3,0.035833333333333335,1167,0,0
15,7,23,0.2,wave,0.075,3,0.035833333333333335,1136,0,0
15,7,24,0.2,wave,0.075,3,0.035833333333333335,1117,0,0
15,7,25,0.2,wave,0.075,3,0.035833333333333335,1103,0,0
15,7,26,0.2,wave,0.075,3,0.035833333333333335,1084,0,0
15,7,27,0.2,wave,0.075,3,0.035833333333333335,1052,0,0
15,7,28,0.2,wave,0.075,3,0.035833333333333335,1055,0,0
15,7,29,0.2,wave,0.075,3,0.035833333333333335,1047,0,0
15,7,30,0.2,wave,0.075,3,0.035833333333333335,1044,0,0
15,7,31,0.2,wave,0.075,3,0.035833333333333335,1005,0,0
15,7,32,0.2,wave,0.075,3,0.035833333333333335,989,0,0
15,7,33,0.2,wave,0.075,3,0.035833333333333335,980,0,0
15,7,34,0.2,wave,0.075,3,0.035833333333333335,964,0,0
15,7,35,0.2,wave,0.075,3,0.035833333333333335,965,0,0
15,7,36,0.2,wave,0.075,3,0.035833333333333335,938,0,0
15,7,37,0.2,wave,0.075,3,0.035833333333333335,928,0,0
15,7,38,0.2,wave,0.075,3,0.035833333333333335,890,0,0
15,7,39,0.2,wave,0.075,3,0.035833333333333335,893,0,0
15,7,40,0.2,wave,0.075,3,0.035833333333333335,896,0,0
15,7,41,0.2,wave,0.075,3,0.035833333333333335,893,0,0
15,7,42,0.2,wave,0.075,3,0.035833333333333335,879,0,0
15,7,43,0.2,wave,0.075,3,0.035833333333333335,883,0,0
15,7,44,0.2,wave,0.075,3,0.035833333333333335,868,0,0
15,7,45,0.2,wave,0.075,3,0.035833333333333335,869,0,0
15,7,46,0.2,wave,0.075,3,0.035833333333333335,860,0,0
15,7,47,0.2,wave,0.075,3,0.035833333333333335,861,0,0
15,7,48,0.2,wave,0.075,3,0.035833333333333335,855,0,0
15,7,49,0.2,wave,0.075,3,0.035833333333333335,857,0,0
15,7,50,0.2,wave,0.075,3,0.035833333333333335,833,0,0
15,7,51,0.2,wave,0.075,3,0.035833333333333335,834,0,0
15,7,52,0.2,wave,0.075,3,0.035833333333333335,822,0,0
15,8,1,0.2,wave,0.075,3,0.035833333333333335,826,0,0
15,8,2,0.2,wave,0.075,3,0.035833333333333335,812,0,0
15,8,3,0.2,wave,0.075,3,0.035833333333333335,811,0,0
15,8,4,0.2,wave,0.075,3,0.035833333333333335,783,0,0
15,8,5,0.2,wave,0.075,3,0.035833333333333335,792,0,0
15,8,6,0.2,wave,0.075,3,0.035833333333333335,780,0,0
15,8,7,0.2,wave,0.075,3,0.035833333333333335,790,0,0
15,8,8,0.2,wave,0.075,3,0.035833333333333335,782,0,0
15,8,9,0.2,wave,0.075,3,0.035833333333333335,795,0,0
15,8,10,0.2,wave,0.075,3,0.035833333333333335,783,0,0
15,8,11,0.2,wave,0.075,3,0.035833333333333335,795,0,0
15,8,12,0.2,wave,0.075,3,0.035833333333333335,777,0,0
15,8,13,0.2,wave,0.075,3,0.035833333333333335,795,0,0
15,8,14,0.2,wave,0.075,3,0.035833333333333335,778,0,0
15,8,15,0.2,wave,0.075,3,0.035833333333333335,795,0,0
15,8,16,0.2,wave,0.075,3,0.035833333333333335,776,0,0
15,8,17,0.2,wave,0.075,3,0.035833333333333335,793,0,0
15,8,18,0.2,wave,0.075,3,0.035833333333333335,766,0,0
15,8,19,0.2,wave,0.075,3,0.035833333333333335,782,0,0
15,8,20,0.2,wave,0.075,3,0.035833333333333335,1159,0,0
15,8,21,0.2,wave,0.075,3,0.035833333333333335,1149,0,0
15,8,22,0.2,wave,0.075,3,0.035833333333333335,1108,0,0
15,8,23,0.2,wave,0.075,3,0.035833333333333335,1077,0,0
15,8,24,0.2,wave,0.075,3,0.035833333333333335,1038,0,0
15,8,25,0.2,wave,0.075,3,0.035833333333333335,1025,0,0
15,8,26,0.2,wave,0.075,3,0.035833333333333335,1005,0,0
15,8,27,0.2,wave,0.075,3,0.035833333333333335,1009,0,0
15,8,28,0.2,wave,0.075,3,0.035833333333333335,987,0,0
15,8,29,0.2,wave,0.075,3,0.035833333333333335,999,0,0
15,8,30,0.2,wave,0.075,3,0.035833333333333335,976,0,0
15,8,31,0.2,wave,0.075,3,0.035833333333333335,973,0,0
15,8,32,0.2,wave,0.075,3,0.035833333333333335,965,0,0
15,8,33,0.2,wave,0.075,3,0.035833333333333335,958,0,0
15,8,34,0.2,wave,0.075,3,0.035833333333333335,946,0,0
15,8,35,0.2,wave,0.075,3,0.035833333333333335,956,0,0
15,8,36,0.2,wave,0.075,3,0.035833333333333335,921,0,0
15,8,37,0.2,wave,0.075,3,0.035833333333333335,880,0,0
15,8,38,0.2,wave,0.075,3,0.035833333333333335,867,0,0
15,8,39,0.2,wave,0.075,3,0.035833333333333335,866,0,0
15,8,40,0.2,wave,0.075,3,0.035833333333333335,862,0,0
15,8,41,0.2,wave,0.075,3,0.035833333333333335,869,0,0
15,8,42,0.2,wave,0.075,3,0.035833333333333335,864,0,0
15,8,43,0.2,wave,0.075,3,0.035833333333333335,859,0,0
15,8,44,0.2,wave,0.075,3,0.035833333333333335,848,0,0
15,8,45,0.2,wave,0.075,3,0.035833333333333335,856,0,0
15,8,46,0.2,wave,0.075,3,0.035833333333333335,847,0,0
15,8,47,0.2,wave,0.075,3,0.035833333333333335,854,0,0
15,8,48,0.2,wave,0.075,3,0.035833333333333335,844,0,0
15,8,49,0.2,wave,0.075,3,0.035833333333333335,853,0,0
15,8,50,0.2,wave,0.075,3,0.035833333333333335,842,0,0
15,8,51,0.2,wave,0.075,3,0.035833333333333335,846,0,0
15,8,52,0.2,wave,0.075,3,0.035833333333333335,827,0,0
15,9,1,0.2,wave,0.075,3,0.035833333333333335,836,0,0
15,9,2,0.2,wave,0.075,3,0.035833333333333335,825,0,0
15,9,3,0.2,wave,0.075,3,0.035833333333333335,825,0,0
15,9,4,0.2,wave,0.075,3,0.035833333333333335,814,0,0
15,9,5,0.2,wave,0.075,3,0.035833333333333335,821,0,0
15,9,6,0.2,wave,0.075,3,0.035833333333333335,812,0,0
15,9,7,0.2,wave,0.075,3,0.035833333333333335,821,0,0
15,9,8,0.2,wave,0.075,3,0.035833333333333335,809,0,0
15,9,9,0.2,wave,0.075,3,0.035833333333333335,819,0,0
15,9,10,0.2,wave,0.075,3,0.035833333333333335,809,0,0
15,9,11,0.2,wave,0.075,3,0.035833333333333335,816,0,0
15,9,12,0.2,wave,0.075,3,0.035833333333333335,810,0,0
15,9,13,0.2,wave,0.075,3,0.035833333333333335,817,0,0
15,9,14,0.2,wave,0.075,3,0.035833333333333335,806,0,0
15,9,15,0.2,wave,0.075,3,0.035833333333333335,815,0,0
15,9,16,0.2,wave,0.075,3,0.035833333333333335,805,0,0
15,9,17,0.2,wave,0.075,3,0.035833333333333335,815,0,0
15,9,18,0.2,wave,0.075,3,0.035833333333333335,810,0,0
15,9,19,0.2,wave,0.075,3,0.035833333333333335,817,0,0
15,9,20,0.2,wave,0.075,3,0.035833333333333335,1149,0,0
15,9,21,0.2,wave,0.075,3,0.035833333333333335,1155,0,0
15,9,22,0.2,wave,0.075,3,0.035833333333333335,1121,0,0
15,9,23,0.2,wave,0.075,3,0.035833333333333335,1128,0,0
15,9,24,0.2,wave,0.075,3,0.035833333333333335,1111,0,0
15,9,25,0.2,wave,0.075,3,0.035833333333333335,1102,0,0
15,9,26,0.2,wave,0.075,3,0.035833333333333335,1096,0,0
15,9,27,0.2,wave,0.075,3,0.035833333333333335,1098,0,0
15,9,28,0.2,wave,0.075,3,0.035833333333333335,1068,0,0
15,9,29,0.2,wave,0.075,3,0.035833333333333335,1060,0,0
15,9,30,0.2,wave,0.075,3,0.035833333333333335,1031,0,0
15,9,31,0.2,wave,0.075,3,0.035833333333333335,1030,0,0
15,9,32,0.2,wave,0.075,3,0.035833333333333335,1031,0,0
15,9,33,0.2,wave,0.075,3,0.035833333333333335,1039,0,0
15,9,34,0.2,wave,0.075,3,0.035833333333333335,1031,0,0
15,9,35,0.2,wave,0.075,3,0.035833333333333335,1032,0,0
15,9,36,0.2,wave,0.075,3,0.035833333333333335,1024,0,0
15,9,37,0.2,wave,0.075,3,0.035833333333333335,1044,0,0
15,9,38,0.2,wave,0.075,3,0.035833333333333335,1014,0,0
15,9,39,0.2,wave,0.075,3,0.035833333333333335,1031,0,0
15,9,40,0.2,wave,0.075,3,0.035833333333333335,1020,0,0
15,9,41,0.2,wave,0.075,3,0.035833333333333335,1031,0,0
15,9,42,0.2,wave,0.075,3,0.035833333333333335,1019,0,0
15,9,43,0.2,wave,0.075,3,0.035833333333333335,1026,0,0
15,9,44,0.2,wave,0.075,3,0.035833333333333335,1012,0,0
15,9,45,0.2,wave,0.075,3,0.035833333333333335,1022,0,0
15,9,46,0.2,wave,0.075,3,0.035833333333333335,994,0,0
15,9,47,0.2,wave,0.075,3,0.035833333333333335,1005,0,0
15,9,48,0.2,wave,0.075,3,0.035833333333333335,985,0,0
15,9,49,0.2,wave,0.075,3,0.035833333333333335,983,0,0
15,9,50,0.2,wave,0.075,3,0.035833333333333335,971,0,0
15,9,51,0.2,wave,0.075,3,0.035833333333333335,966,0,0
15,9,52,0.2,wave,0.075,3,0.035833333333333335,948,0,0
15,10,1,0.2,wave,0.075,3,0.035833333333333335,965,0,0
15,10,2,0.2,wave,0.075,3,0.035833333333333335,952,0,0
15,10,3,0.2,wave,0.075,3,0.035833333333333335,949,0,0
15,10,4,0.2,wave,0.075,3,0.035833333333333335,947,0,0
15,10,5,0.2,wave,0.075,3,0.035833333333333335,951,0,0
15,10,6,0.2,wave,0.075,3,0.035833333333333335,928,0,0
15,10,7,0.2,wave,0.075,3,0.035833333333333335,933,0,0
15,10,8,0.2,wave,0.075,3,0.035833333333333335,924,0,0
15,10,9,0.2,wave,0.075,3,0.035833333333333335,935,0,0
15,10,10,0.2,wave,0.075,3,0.035833333333333335,927,0,0
15,10,11,0.2,wave,0.075,3,0.035833333333333335,934,0,0
15,10,12,0.2,wave,0.075,3,0.035833333333333335,926,0,0
15,10,13,0.2,wave,0.075,3,0.035833333333333335,931,0,0
15,10,14,0.2,wave,0.075,3,0.035833333333333335,925,0,0
15,10,15,0.2,wave,0.075,3,0.035833333333333335,934,0,0
15,10,16,0.2,wave,0.075,3,0.035833333333333335,922,0,0
15,10,17,0.2,wave,0.075,3,0.035833333333333335,912,0,0
15,10,18,0.2,wave,0.075,3,0.035833333333333335,908,0,0
15,10,19,0.2,wave,0.075,3,0.035833333333333335,915,0,0
15,10,20,0.2,wave,0.075,3,0.035833333333333335,1246,0,0
15,10,21,0.2,wave,0.075,3,0.035833333333333335,1247,0,0
15,10,22,0.2,wave,0.075,3,0.035833333333333335,1232,0,0
15,10,23,0.2,wave,0.075,3,0.035833333333333335,1237,0,0
15,10,24,0.2,wave,0.075,3,0.035833333333333335,1202,0,0
15,10,25,0.2,wave,0.075,3,0.035833333333333335,1210,0,0
15,10,26,0.2,wave,0.075,3,0.035833333333333335,1188,0,0
15,10,27,0.2,wave,0.075,3,0.035833333333333335,1171,0,0
15,10,28,0.2,wave,0.075,3,0.035833333333333335,1148,0,0
15,10,29,0.2,wave,0.075,3,0.035833333333333335,1153,0,0
15,10,30,0.2,wave,0.075,3,0.035833333333333335,1146,0,0
15,10,31,0.2,wave,0.075,3,0.035833333333333335,1135,0,0
15,10,32,0.2,wave,0.075,3,0.035833333333333335,1094,0,0
15,10,33,0.2,wave,0.075,3,0.035833333333333335,1096,0,0
15,10,34,0.2,wave,0.075,3,0.035833333333333335,1081,0,0
15,10,35,0.2,wave,0.075,3,0.035833333333333335,1084,0,0
15,10,36,0.2,wave,0.075,3,0.035833333333333335,1069,0,0
15,10,37,0.2,wave,0.075,3,0.035833333333333335,1079,0,0
15,10,38,0.2,wave,0.075,3,0.035833333333333335,1073,0,0
15,10,39,0.2,wave,0.075,3,0.035833333333333335,1062,0,0
15,10,40,0.2,wave,0.075,3,0.035833333333333335,1056,0,0
15,10,41,0.2,wave,0.075,3,0.035833333333333335,1064,0,0
15,10,42,0.2,wave,0.075,3,0.035833333333333335,1055,0,0
15,10,43,0.2,wave,0.075,3,0.035833333333333335,1049,0,0
15,10,44,0.2,wave,0.075,3,0.035833333333333335,1059,0,0
15,10,45,0.2,wave,0.075,3,0.035833333333333335,1046,0,0
15,10,46,0.2,wave,0.075,3,0.035833333333333335,1055,0,0
15,10,47,0.2,wave,0.075,3,0.035833333333333335,1044,0,0
15,10,48,0.2,wave,0.075,3,0.035833333333333335,1049,0,0
15,10,49,0.2,wave,0.075,3,0.035833333333333335,1043,0,0
15,10,50,0.2,wave,0.075,3,0.035833333333333335,1049,0,0
15,10,51,0.2,wave,0.075,3,0.035833333333333335,1025,0,0
15,10,52,0.2,wave,0.075,3,0.035833333333333335,1023,0,0
16,1,1,0.2,wave,0.075,3,0.0225,6366,63,15
16,1,2,0.2,wave,0.075,3,0.0225,6281,88,33
16,1,3,0.2,wave,0.075,3,0.0225,6192,129,43
16,1,4,0.2,wave,0.075,3,0.0225,6030,170,51
16,1,5,0.2,wave,0.075,3,0.0225,5819,198,70
16,1,6,0.2,wave,0.075,3,0.0225,5549,253,85
16,1,7,0.2,wave,0.075,3,0.0225,5305,315,109
16,1,8,0.2,wave,0.075,3,0.0225,5070,383,134
16,1,9,0.2,wave,0.075,3,0.0225,4865,424,172
16,1,10,0.2,wave,0.075,3,0.0225,4728,472,192
16,1,11,0.2,wave,0.075,3,0.0225,4553,510,220
16,1,12,0.2,wave,0.075,3,0.0225,4376,568,244
16,1,13,0.2,wave,0.075,3,0.0225,4184,608,280
16,1,14,0.2,wave,0.075,3,0.0225,3998,613,280
16,1,15,0.2,wave,0.075,3,0.0225,3807,608,305
16,1,16,0.2,wave,0.075,3,0.0225,3611,552,278
16,1,17,0.2,wave,0.075,3,0.0225,3476,552,267
16,1,18,0.2,wave,0.075,3,0.0225,3327,504,253
16,1,19,0.2,wave,0.075,3,0.0225,3175,485,243
16,1,20,0.2,wave,0.075,3,0.0225,4461,457,251
16,1,21,0.2,wave,0.075,3,0.0225,4144,522,240
16,1,22,0.2,wave,0.075,3,0.0225,4070,582,238
16,1,23,0.2,wave,0.075,3,0.0225,3917,590,226
16,1,24,0.2,wave,0.075,3,0.0225,3836,598,245
16,1,25,0.2,wave,0.075,3,0.0225,3697,614,274
16,1,26,0.2,wave,0.075,3,0.0225,3589,642,305
16,1,27,0.2,wave,0.075,3,0.0225,3361,627,317
16,1,28,0.2,wave,0.075,3,0.0225,3238,661,323
16,1,29,0.2,wave,0.075,3,0.0225,3052,644,306
16,1,30,0.2,wave,0.075,3,0.0225,2883,595,285
16,1,31,0.2,wave,0.075,3,0.0225,2695,559,274
16,1,32,0.2,wave,0.075,3,0.0225,2562,554,279
16,1,33,0.2,wave,0.075,3,0.0225,2412,503,259
16,1,34,0.2,wave,0.075,3,0.0225,2253,459,231
16,1,35,0.2,wave,0.075,3,0.0225,2149,445,233
16,1,36,0.2,wave,0.075,3,0.0225,2033,402,218
16,1,37,0.2,wave,0.075,3,0.0225,1899,378,187
16,1,38,0.2,wave,0.075,3,0.0225,1820,339,166
16,1,39,0.2,wave,0.075,3,0.0225,1710,301,152
16,1,40,0.2,wave,0.075,3,0.0225,1632,272,156
16,1,41,0.2,wave,0.075,3,0.0225,1586,240,149
16,1,42,0.2,wave,0.075,3,0.0225,1517,207,126
16,1,43,0.2,wave,0.075,3,0.0225,1466,183,110
16,1,44,0.2,wave,0.075,3,0.0225,1401,140,85
16,1,45,0.2,wave,0.075,3,0.0225,1340,125,78
16,1,46,0.2,wave,0.075,3,0.0225,1291,104,64
16,1,47,0.2,wave,0.075,3,0.0225,1253,82,51
16,1,48,0.2,wave,0.075,3,0.0225,1212,62,40
16,1,49,0.2,wave,0.075,3,0.0225,1178,50,30
16,1,50,0.2,wave,0.075,3,0.0225,1153,43,25
16,1,51,0.2,wave,0.075,3,0.0225,1135,35,19
16,1,52,0.2,wave,0.075,3,0.0225,1110,28,17
16,2,1,0.2,wave,0.075,3,0.0225,1095,23,14
16,2,2,0.2,wave,0.075,3,0.0225,1082,18,12
16,2,3,0.2,wave,0.075,3,0.0225,1065,12,11
16,2,4,0.2,wave,0.075,3,0.0225,1040,12,9
16,2,5,0.2,wave,0.075,3,0.0225,1036,8,6
16,2,6,0.2,wave,0.075,3,0.0225,1016,5,2
16,2,7,0.2,wave,0.075,3,0.0225,1011,4,2
16,2,8,0.2,wave,0.075,3,0.0225,995,4,2
16,2,9,0.2,wave,0.075,3,0.0225,988,3,1
16,2,10,0.2,wave,0.075,3,0.0225,975,3,1
16,2,11,0.2,wave,0.075,3,0.0225,978,2,0
16,2,12,0.2,wave,0.075,3,0.0225,966,5,2
16,2,13,0.2,wave,0.075,3,0.0225,966,2,2
16,2,14,0.2,wave,0.075,3,0.0225,951,6,3
16,2,15,0.2,wave,0.075,3,0.0225,939,2,2
16,2,16,0.2,wave,0.075,3,0.0225,926,2,2
16,2,17,0.2,wave,0.075,3,0.0225,920,1,1
16,2,18,0.2,wave,0.075,3,0.0225,904,0,0
16,2,19,0.2,wave,0.075,3,0.0225,905,0,0
16,2,20,0.2,wave,0.075,3,0.0225,1271,0,0
16,2,21,0.2,wave,0.075,3,0.0225,1271,0,0
16,2,22,0.2,wave,0.075,3,0.0225,1258,0,0
16,2,23,0.2,wave,0.075,3,0.0225,1261,1,1
16,2,24,0.2,wave,0.075,3,0.0225,1236,2,1
16,2,25,0.2,wave,0.075,3,0.0225,1220,1,1
16,2,26,0.2,wave,0.075,3,0.0225,1199,1,0
16,2,27,0.2,wave,0.075,3,0.0225,1185,0,0
16,2,28,0.2,wave,0.075,3,0.0225,1171,7,4
16,2,29,0.2,wave,0.075,3,0.0225,1147,0,0
16,2,30,0.2,wave,0.075,3,0.0225,1107,4,2
16,2,31,0.2,wave,0.075,3,0.0225,1071,1,0
16,2,32,0.2,wave,0.075,3,0.0225,1079,1,0
16,2,33,0.2,wave,0.075,3,0.0225,1065,4,1
16,2,34,0.2,wave,0.075,3,0.0225,1057,2,1
16,2,35,0.2,wave,0.075,3,0.0225,1026,2,1
16,2,36,0.2,wave,0.075,3,0.0225,1015,2,1
16,2,37,0.2,wave,0.075,3,0.0225,980,0,0
16,2,38,0.2,wave,0.075,3,0.0225,984,1,0
16,2,39,0.2,wave,0.075,3,0.0225,940,0,0
16,2,40,0.2,wave,0.075,3,0.0225,949,1,1
16,2,41,0.2,wave,0.075,3,0.0225,916,0,0
16,2,42,0.2,wave,0.075,3,0.0225,908,2,0
16,2,43,0.2,wave,0.075,3,0.0225,882,0,0
16,2,44,0.2,wave,0.075,3,0.0225,891,2,0
16,2,45,0.2,wave,0.075,3,0.0225,873,0,0
16,2,46,0.2,wave,0.075,3,0.0225,869,2,2
16,2,47,0.2,wave,0.075,3,0.0225,847,0,0
16,2,48,0.2,wave,0.075,3,0.0225,849,1,1
16,2,49,0.2,wave,0.075,3,0.0225,831,0,0
16,2,50,0.2,wave,0.075,3,0.0225,829,0,0
16,2,51,0.2,wave,0.075,3,0.0225,820,0,0
16,2,52,0.2,wave,0.075,3,0.0225,817,0,0
16,3,1,0.2,wave,0.075,3,0.0225,804,0,0
16,3,2,0.2,wave,0.075,3,0.0225,794,0,0
16,3,3,0.2,wave,0.075,3,0.0225,786,0,0
16,3,4,0.2,wave,0.075,3,0.0225,776,0,0
16,3,5,0.2,wave,0.075,3,0.0225,766,0,0
16,3,6,0.2,wave,0.075,3,0.0225,764,0,0
16,3,7,0.2,wave,0.075,3,0.0225,754,0,0
16,3,8,0.2,wave,0.075,3,0.0225,754,0,0
16,3,9,0.2,wave,0.075,3,0.0225,749,0,0
16,3,10,0.2,wave,0.075,3,0.0225,739,0,0
16,3,11,0.2,wave,0.075,3,0.0225,735,0,0
16,3,12,0.2,wave,0.075,3,0.0225,734,0,0
16,3,13,0.2,wave,0.075,3,0.0225,728,0,0
16,3,14,0.2,wave,0.075,3,0.0225,726,0,0
16,3,15,0.2,wave,0.075,3,0.0225,719,0,0
16,3,16,0.2,wave,0.075,3,0.0225,720,0,0
16,3,17,0.2,wave,0.075,3,0.0225,712,0,0
16,3,18,0.2,wave,0.075,3,0.0225,716,0,0
16,3,19,0.2,wave,0.075,3,0.0225,702,0,0
16,3,20,0.2,wave,0.075,3,0.0225,1038,0,0
16,3,21,0.2,wave,0.075,3,0.0225,1022,0,0
16,3,22,0.2,wave,0.075,3,0.0225,1021,0,0
16,3,23,0.2,wave,0.075,3,0.0225,999,0,0
16,3,24,0.2,wave,0.075,3,0.0225,953,0,0
16,3,25,0.2,wave,0.075,3,0.0225,948,0,0
16,3,26,0.2,wave,0.075,3,0.0225,952,0,0
16,3,27,0.2,wave,0.075,3,0.0225,929,0,0
16,3,28,0.2,wave,0.075,3,0.0225,939,0,0
16,3,29,0.2,wave,0.075,3,0.0225,918,0,0
16,3,30,0.2,wave,0.075,3,0.0225,924,0,0
16,3,31,0.2,wave,0.075,3,0.0225,901,0,0
16,3,32,0.2,wave,0.075,3,0.0225,919,0,0
16,3,33,0.2,wave,0.075,3,0.0225,873,0,0
16,3,34,0.2,wave,0.075,3,0.0225,863,0,0
16,3,35,0.2,wave,0.075,3,0.0225,835,0,0
16,3,36,0.2,wave,0.075,3,0.0225,828,0,0
16,3,37,0.2,wave,0.075,3,0.0225,805,0,0
16,3,38,0.2,wave,0.075,3,0.0225,809,0,0
16,3,39,0.2,wave,0.075,3,0.0225,774,0,0
16,3,40,0.2,wave,0.075,3,0.0225,779,0,0
16,3,41,0.2,wave,0.075,3,0.0225,766,0,0
16,3,42,0.2,wave,0.075,3,0.0225,760,0,0
16,3,43,0.2,wave,0.075,3,0.0225,747,0,0
16,3,44,0.2,wave,0.075,3,0.0225,742,0,0
16,3,45,0.2,wave,0.075,3,0.0225,718,0,0
16,3,46,0.2,wave,0.075,3,0.0225,721,0,0
16,3,47,0.2,wave,0.075,3,0.0225,708,0,0
16,3,48,0.2,wave,0.075,3,0.0225,705,0,0
16,3,49,0.2,wave,0.075,3,0.0225,689,0,0
16,3,50,0.2,wave,0.075,3,0.0225,685,0,0
16,3,51,0.2,wave,0.075,3,0.0225,673,0,0
16,3,52,0.2,wave,0.075,3,0.0225,677,0,0
16,4,1,0.2,wave,0.075,3,0.0225,662,0,0
16,4,2,0.2,wave,0.075,3,0.0225,668,0,0
16,4,3,0.2,wave,0.075,3,0.0225,655,0,0
16,4,4,0.2,wave,0.075,3,0.0225,659,0,0
16,4,5,0.2,wave,0.075,3,0.0225,648,0,0
16,4,6,0.2,wave,0.075,3,0.0225,649,0,0
16,4,7,0.2,wave,0.075,3,0.0225,638,0,0
16,4,8,0.2,wave,0.075,3,0.0225,642,0,0
16,4,9,0.2,wave,0.075,3,0.0225,636,0,0
16,4,10,0.2,wave,0.075,3,0.0225,639,0,0
16,4,11,0.2,wave,0.075,3,0.0225,631,0,0
16,4,12,0.2,wave,0.075,3,0.0225,634,0,0
16,4,13,0.2,wave,0.075,3,0.0225,628,0,0
16,4,14,0.2,wave,0.075,3,0.0225,625,0,0
16,4,15,0.2,wave,0.075,3,0.0225,623,0,0
16,4,16,0.2,wave,0.075,3,0.0225,620,0,0
16,4,17,0.2,wave,0.075,3,0.0225,602,0,0
16,4,18,0.2,wave,0.075,3,0.0225,600,0,0
16,4,19,0.2,wave,0.075,3,0.0225,597,0,0
16,4,20,0.2,wave,0.075,3,0.0225,876,0,0
16,4,21,0.2,wave,0.075,3,0.0225,872,0,0
16,4,22,0.2,wave,0.075,3,0.0225,872,0,0
16,4,23,0.2,wave,0.075,3,0.0225,870,0,0
16,4,24,0.2,wave,0.075,3,0.0225,849,0,0
16,4,25,0.2,wave,0.075,3,0.0225,844,0,0
16,4,26,0.2,wave,0.075,3,0.0225,842,0,0
16,4,27,0.2,wave,0.075,3,0.0225,823,0,0
16,4,28,0.2,wave,0.075,3,0.0225,825,0,0
16,4,29,0.2,wave,0.075,3,0.0225,801,0,0
16,4,30,0.2,wave,0.075,3,0.0225,795,0,0
16,4,31,0.2,wave,0.075,3,0.0225,775,0,0
16,4,32,0.2,wave,0.075,3,0.0225,759,0,0
16,4,33,0.2,wave,0.075,3,0.0225,755,0,0
16,4,34,0.2,wave,0.075,3,0.0225,723,0,0
16,4,35,0.2,wave,0.075,3,0.0225,717,0,0
16,4,36,0.2,wave,0.075,3,0.0225,724,0,0
16,4,37,0.2,wave,0.075,3,0.0225,706,0,0
16,4,38,0.2,wave,0.075,3,0.0225,692,0,0
16,4,39,0.2,wave,0.075,3,0.0225,679,0,0
16,4,40,0.2,wave,0.075,3,0.0225,676,0,0
16,4,41,0.2,wave,0.075,3,0.0225,674,0,0
16,4,42,0.2,wave,0.075,3,0.0225,673,0,0
16,4,43,0.2,wave,0.075,3,0.0225,671,0,0
16,4,44,0.2,wave,0.075,3,0.0225,665,0,0
16,4,45,0.2,wave,0.075,3,0.0225,660,0,0
16,4,46,0.2,wave,0.075,3,0.0225,650,0,0
16,4,47,0.2,wave,0.075,3,0.0225,635,0,0
16,4,48,0.2,wave,0.075,3,0.0225,631,0,0
16,4,49,0.2,wave,0.075,3,0.0225,629,0,0
16,4,50,0.2,wave,0.075,3,0.0225,624,0,0
16,4,51,0.2,wave,0.075,3,0.0225,619,0,0
16,4,52,0.2,wave,0.075,3,0.0225,607,0,0
16,5,1,0.2,wave,0.075,3,0.0225,602,0,0
16,5,2,0.2,wave,0.075,3,0.0225,582,0,0
16,5,3,0.2,wave,0.075,3,0.0225,588,0,0
16,5,4,0.2,wave,0.075,3,0.0225,577,0,0
16,5,5,0.2,wave,0.075,3,0.0225,578,0,0
16,5,6,0.2,wave,0.075,3,0.0225,568,0,0
16,5,7,0.2,wave,0.075,3,0.0225,560,0,0
16,5,8,0.2,wave,0.075,3,0.0225,561,0,0
16,5,9,0.2,wave,0.075,3,0.0225,555,0,0
16,5,10,0.2,wave,0.075,3,0.0225,552,0,0
16,5,11,0.2,wave,0.075,3,0.0225,546,0,0
16,5,12,0.2,wave,0.075,3,0.0225,545,0,0
16,5,13,0.2,wave,0.075,3,0.0225,542,0,0
16,5,14,0.2,wave,0.075,3,0.0225,544,0,0
16,5,15,0.2,wave,0.075,3,0.0225,542,0,0
16,5,16,0.2,wave,0.075,3,0.0225,544,0,0
16,5,17,0.2,wave,0.075,3,0.0225,539,0,0
16,5,18,0.2,wave,0.075,3,0.0225,542,0,0
16,5,19,0.2,wave,0.075,3,0.0225,536,0,0
16,5,20,0.2,wave,0.075,3,0.0225,827,0,0
16,5,21,0.2,wave,0.075,3,0.0225,800,0,0
16,5,22,0.2,wave,0.075,3,0.0225,794,0,0
16,5,23,0.2,wave,0.075,3,0.0225,786,0,0
16,5,24,0.2,wave,0.075,3,0.0225,779,0,0
16,5,25,0.2,wave,0.075,3,0.0225,773,0,0
16,5,26,0.2,wave,0.075,3,0.0225,762,0,0
16,5,27,0.2,wave,0.075,3,0.0225,755,0,0
16,5,28,0.2,wave,0.075,3,0.0225,725,0,0
16,5,29,0.2,wave,0.075,3,0.0225,715,0,0
16,5,30,0.2,wave,0.075,3,0.0225,724,0,0
16,5,31,0.2,wave,0.075,3,0.0225,714,0,0
16,5,32,0.2,wave,0.075,3,0.0225,722,0,0
16,5,33,0.2,wave,0.075,3,0.0225,689,0,0
16,5,34,0.2,wave,0.075,3,0.0225,688,0,0
16,5,35,0.2,wave,0.075,3,0.0225,664,0,0
16,5,36,0.2,wave,0.075,3,0.0225,673,0,0
16,5,37,0.2,wave,0.075,3,0.0225,663,0,0
16,5,38,0.2,wave,0.075,3,0.0225,672,0,0
16,5,39,0.2,wave,0.075,3,0.0225,661,0,0
16,5,40,0.2,wave,0.075,3,0.0225,662,0,0
16,5,41,0.2,wave,0.075,3,0.0225,650,0,0
16,5,42,0.2,wave,0.075,3,0.0225,660,0,0
16,5,43,0.2,wave,0.075,3,0.0225,634,0,0
16,5,44,0.2,wave,0.075,3,0.0225,642,0,0
16,5,45,0.2,wave,0.075,3,0.0225,633,0,0
16,5,46,0.2,wave,0.075,3,0.0225,637,0,0
16,5,47,0.2,wave,0.075,3,0.0225,627,0,0
16,5,48,0.2,wave,0.075,3,0.0225,635,0,0
16,5,49,0.2,wave,0.075,3,0.0225,611,0,0
16,5,50,0.2,wave,0.075,3,0.0225,618,0,0
16,5,51,0.2,wave,0.075,3,0.0225,605,0,0
16,5,52,0.2,wave,0.075,3,0.0225,602,0,0
16,6,1,0.2,wave,0.075,3,0.0225,598,0,0
16,6,2,0.2,wave,0.075,3,0.0225,601,0,0
16,6,3,0.2,wave,0.075,3,0.0225,596,0,0
16,6,4,0.2,wave,0.075,3,0.0225,601,0,0
16,6,5,0.2,wave,0.075,3,0.0225,587,0,0
16,6,6,0.2,wave,0.075,3,0.0225,588,0,0
16,6,7,0.2,wave,0.075,3,0.0225,581,0,0
16,6,8,0.2,wave,0.075,3,0.0225,580,0,0
16,6,9,0.2,wave,0.075,3,0.0225,576,0,0
16,6,10,0.2,wave,0.075,3,0.0225,578,0,0
16,6,11,0.2,wave,0.075,3,0.0225,570,0,0
16,6,12,0.2,wave,0.075,3,0.0225,573,0,0
16,6,13,0.2,wave,0.075,3,0.0225,566,0,0
16,6,14,0.2,wave,0.075,3,0.0225,568,0,0
16,6,15,0.2,wave,0.075,3,0.0225,561,0,0
16,6,16,0.2,wave,0.075,3,0.0225,561,0,0
16,6,17,0.2,wave,0.075,3,0.0225,556,0,0
16,6,18,0.2,wave,0.075,3,0.0225,559,0,0
16,6,19,0.2,wave,0.075,3,0.0225,555,0,0
16,6,20,0.2,wave,0.075,3,0.0225,826,0,0
16,6,21,0.2,wave,0.075,3,0.0225,814,0,0
16,6,22,0.2,wave,0.075,3,0.0225,810,0,0
16,6,23,0.2,wave,0.075,3,0.0225,796,0,0
16,6,24,0.2,wave,0.075,3,0.0225,799,0,0
16,6,25,0.2,wave,0.075,3,0.0225,794,0,0
16,6,26,0.2,wave,0.075,3,0.0225,776,0,0
16,6,27,0.2,wave,0.075,3,0.0225,757,0,0
16,6,28,0.2,wave,0.075,3,0.0225,761,0,0
16,6,29,0.2,wave,0.075,3,0.0225,755,0,0
16,6,30,0.2,wave,0.075,3,0.0225,749,0,0
16,6,31,0.2,wave,0.075,3,0.0225,722,0,0
16,6,32,0.2,wave,0.075,3,0.0225,726,0,0
16,6,33,0.2,wave,0.075,3,0.0225,720,0,0
16,6,34,0.2,wave,0.075,3,0.0225,702,0,0
16,6,35,0.2,wave,0.075,3,0.0225,697,0,0
16,6,36,0.2,wave,0.075,3,0.0225,699,0,0
16,6,37,0.2,wave,0.075,3,0.0225,689,0,0
16,6,38,0.2,wave,0.075,3,0.0225,685,0,0
16,6,39,0.2,wave,0.075,3,0.0225,675,0,0
16,6,40,0.2,wave,0.075,3,0.0225,680,0,0
16,6,41,0.2,wave,0.075,3,0.0225,666,0,0
16,6,42,0.2,wave,0.075,3,0.0225,666,0,0
16,6,43,0.2,wave,0.075,3,0.0225,657,0,0
16,6,44,0.2,wave,0.075,3,0.0225,659,0,0
16,6,45,0.2,wave,0.075,3,0.0225,654,0,0
16,6,46,0.2,wave,0.075,3,0.0225,647,0,0
16,6,47,0.2,wave,0.075,3,0.0225,639,0,0
16,6,48,0.2,wave,0.075,3,0.0225,633,0,0
16,6,49,0.2,wave,0.075,3,0.0225,618,0,0
16,6,50,0.2,wave,0.075,3,0.0225,620,0,0
16,6,51,0.2,wave,0.075,3,0.0225,610,0,0
16,6,52,0.2,wave,0.075,3,0.0225,611,0,0
16,7,1,0.2,wave,0.075,3,0.0225,605,0,0
16,7,2,0.2,wave,0.075,3,0.0225,606,0,0
16,7,3,0.2,wave,0.075,3,0.0225,600,0,0
16,7,4,0.2,wave,0.075,3,0.0225,602,0,0
16,7,5,0.2,wave,0.075,3,0.0225,592,0,0
16,7,6,0.2,wave,0.075,3,0.0225,596,0,0
16,7,7,0.2,wave,0.075,3,0.0225,585,0,0
16,7,8,0.2,wave,0.075,3,0.0225,590,0,0
16,7,9,0.2,wave,0.075,3,0.0225,578,0,0
16,7,10,0.2,wave,0.075,3,0.0225,584,0,0
16,7,11,0.2,wave,0.075,3,0.0225,577,0,0
16,7,12,0.2,wave,0.075,3,0.0225,582,0,0
16,7,13,0.2,wave,0.075,3,0.0225,577,0,0
16,7,14,0.2,wave,0.075,3,0.0225,578,0,0
16,7,15,0.2,wave,0.075,3,0.0225,574,0,0
16,7,16,0.2,wave,0.075,3,0.0225,577,0,0
16,7,17,0.2,wave,0.075,3,0.0225,572,0,0
16,7,18,0.2,wave,0.075,3,0.0225,574,0,0
16,7,19,0.2,wave,0.075,3,0.0225,569,0,0
16,7,20,0.2,wave,0.075,3,0.0225,831,0,0
16,7,21,0.2,wave,0.075,3,0.0225,806,0,0
16,7,22,0.2,wave,0.075,3,0.0225,799,0,0
16,7,23,0.2,wave,0.075,3,0.0225,773,0,0
16,7,24,0.2,wave,0.075,3,0.0225,781,0,0
16,7,25,0.2,wave,0.075,3,0.0225,772,0,0
16,7,26,0.2,wave,0.075,3,0.0225,779,0,0
16,7,27,0.2,wave,0.075,3,0.0225,772,0,0
16,7,28,0.2,wave,0.075,3,0.0225,779,0,0
16,7,29,0.2,wave,0.075,3,0.0225,761,0,0
16,7,30,0.2,wave,0.075,3,0.0225,769,0,0
16,7,31,0.2,wave,0.075,3,0.0225,748,0,0
16,7,32,0.2,wave,0.075,3,0.0225,745,0,0
16,7,33,0.2,wave,0.075,3,0.0225,712,0,0
16,7,34,0.2,wave,0.075,3,0.0225,716,0,0
16,7,35,0.2,wave,0.075,3,0.0225,701,0,0
16,7,36,0.2,wave,0.075,3,0.0225,680,0,0
16,7,37,0.2,wave,0.075,3,0.0225,666,0,0
16,7,38,0.2,wave,0.075,3,0.0225,666,0,0
16,7,39,0.2,wave,0.075,3,0.0225,658,0,0
16,7,40,0.2,wave,0.075,3,0.0225,655,0,0
16,7,41,0.2,wave,0.075,3,0.0225,646,0,0
16,7,42,0.2,wave,0.075,3,0.0225,645,0,0
16,7,43,0.2,wave,0.075,3,0.0225,637,0,0
16,7,44,0.2,wave,0.075,3,0.0225,630,0,0
16,7,45,0.2,wave,0.075,3,0.0225,621,0,0
16,7,46,0.2,wave,0.075,3,0.0225,627,0,0
16,7,47,0.2,wave,0.075,3,0.0225,618,0,0
16,7,48,0.2,wave,0.075,3,0.0225,622,0,0
16,7,49,0.2,wave,0.075,3,0.0225,613,0,0
16,7,50,0.2,wave,0.075,3,0.0225,612,0,0
16,7,51,0.2,wave,0.075,3,0.0225,604,0,0
16,7,52,0.2,wave,0.075,3,0.0225,602,0,0
16,8,1,0.2,wave,0.075,3,0.0225,596,0,0
16,8,2,0.2,wave,0.075,3,0.0225,597,0,0
16,8,3,0.2,wave,0.075,3,0.0225,592,0,0
16,8,4,0.2,wave,0.075,3,0.0225,590,0,0
16,8,5,0.2,wave,0.075,3,0.0225,583,0,0
16,8,6,0.2,wave,0.075,3,0.0225,584,0,0
16,8,7,0.2,wave,0.075,3,0.0225,579,0,0
16,8,8,0.2,wave,0.075,3,0.0225,584,0,0
16,8,9,0.2,wave,0.075,3,0.0225,580,0,0
16,8,10,0.2,wave,0.075,3,0.0225,571,0,0
16,8,11,0.2,wave,0.075,3,0.0225,569,0,0
16,8,12,0.2,wave,0.075,3,0.0225,572,0,0
16,8,13,0.2,wave,0.075,3,0.0225,566,0,0
16,8,14,0.2,wave,0.075,3,0.0225,572,0,0
16,8,15,0.2,wave,0.075,3,0.0225,565,0,0
16,8,16,0.2,wave,0.075,3,0.0225,569,0,0
16,8,17,0.2,wave,0.075,3,0.0225,564,0,0
16,8,18,0.2,wave,0.075,3,0.0225,568,0,0
16,8,19,0.2,wave,0.075,3,0.0225,564,0,0
16,8,20,0.2,wave,0.075,3,0.0225,870,0,0
16,8,21,0.2,wave,0.075,3,0.0225,832,0,0
16,8,22,0.2,wave,0.075,3,0.0225,831,0,0
16,8,23,0.2,wave,0.075,3,0.0225,821,0,0
16,8,24,0.2,wave,0.075,3,0.0225,827,0,0
16,8,25,0.2,wave,0.075,3,0.0225,806,0,0
16,8,26,0.2,wave,0.075,3,0.0225,801,0,0
16,8,27,0.2,wave,0.075,3,0.0225,778,0,0
16,8,28,0.2,wave,0.075,3,0.0225,788,0,0
16,8,29,0.2,wave,0.075,3,0.0225,754,0,0
16,8,30,0.2,wave,0.075,3,0.0225,764,0,0
16,8,31,0.2,wave,0.075,3,0.0225,742,0,0
16,8,32,0.2,wave,0.075,3,0.0225,739,0,0
16,8,33,0.2,wave,0.075,3,0.0225,721,0,0
16,8,34,0.2,wave,0.075,3,0.0225,725,0,0
16,8,35,0.2,wave,0.075,3,0.0225,721,0,0
16,8,36,0.2,wave,0.075,3,0.0225,725,0,0
16,8,37,0.2,wave,0.075,3,0.0225,695,0,0
16,8,38,0.2,wave,0.075,3,0.0225,699,0,0
16,8,39,0.2,wave,0.075,3,0.0225,670,0,0
16,8,40,0.2,wave,0.075,3,0.0225,673,0,0
16,8,41,0.2,wave,0.075,3,0.0225,670,0,0
16,8,42,0.2,wave,0.075,3,0.0225,660,0,0
16,8,43,0.2,wave,0.075,3,0.0225,655,0,0
16,8,44,0.2,wave,0.075,3,0.0225,657,0,0
16,8,45,0.2,wave,0.075,3,0.0225,654,0,0
16,8,46,0.2,wave,0.075,3,0.0225,656,0,0
16,8,47,0.2,wave,0.075,3,0.0225,651,0,0
16,8,48,0.2,wave,0.075,3,0.0225,655,0,0
16,8,49,0.2,wave,0.075,3,0.0225,652,0,0
16,8,50,0.2,wave,0.075,3,0.0225,651,0,0
16,8,51,0.2,wave,0.075,3,0.0225,647,0,0
16,8,52,0.2,wave,0.075,3,0.0225,648,0,0
16,9,1,0.2,wave,0.075,3,0.0225,642,0,0
16,9,2,0.2,wave,0.075,3,0.0225,645,0,0
16,9,3,0.2,wave,0.075,3,0.0225,638,0,0
16,9,4,0.2,wave,0.075,3,0.0225,635,0,0
16,9,5,0.2,wave,0.075,3,0.0225,632,0,0
16,9,6,0.2,wave,0.075,3,0.0225,628,0,0
16,9,7,0.2,wave,0.075,3,0.0225,627,0,0
16,9,8,0.2,wave,0.075,3,0.0225,627,0,0
16,9,9,0.2,wave,0.075,3,0.0225,627,0,0
16,9,10,0.2,wave,0.075,3,0.0225,625,0,0
16,9,11,0.2,wave,0.075,3,0.0225,626,0,0
16,9,12,0.2,wave,0.075,3,0.0225,622,0,0
16,9,13,0.2,wave,0.075,3,0.0225,625,0,0
16,9,14,0.2,wave,0.075,3,0.0225,622,0,0
16,9,15,0.2,wave,0.075,3,0.0225,625,0,0
16,9,16,0.2,wave,0.075,3,0.0225,623,0,0
16,9,17,0.2,wave,0.075,3,0.0225,626,0,0
16,9,18,0.2,wave,0.075,3,0.0225,623,0,0
16,9,19,0.2,wave,0.075,3,0.0225,623,0,0
16,9,20,0.2,wave,0.075,3,0.0225,882,0,0
16,9,21,0.2,wave,0.075,3,0.0225,889,0,0
16,9,22,0.2,wave,0.075,3,0.0225,869,0,0
16,9,23,0.2,wave,0.075,3,0.0225,878,0,0
16,9,24,0.2,wave,0.075,3,0.0225,837,0,0
16,9,25,0.2,wave,0.075,3,0.0225,829,0,0
16,9,26,0.2,wave,0.075,3,0.0225,821,0,0
16,9,27,0.2,wave,0.075,3,0.0225,829,0,0
16,9,28,0.2,wave,0.075,3,0.0225,809,0,0
16,9,29,0.2,wave,0.075,3,0.0225,792,0,0
16,9,30,0.2,wave,0.075,3,0.0225,798,0,0
16,9,31,0.2,wave,0.075,3,0.0225,792,0,0
16,9,32,0.2,wave,0.075,3,0.0225,798,0,0
16,9,33,0.2,wave,0.075,3,0.0225,791,0,0
16,9,34,0.2,wave,0.075,3,0.0225,805,0,0
16,9,35,0.2,wave,0.075,3,0.0225,789,0,0
16,9,36,0.2,wave,0.075,3,0.0225,805,0,0
16,9,37,0.2,wave,0.075,3,0.0225,789,0,0
16,9,38,0.2,wave,0.075,3,0.0225,805,0,0
16,9,39,0.2,wave,0.075,3,0.0225,775,0,0
16,9,40,0.2,wave,0.075,3,0.0225,785,0,0
16,9,41,0.2,wave,0.075,3,0.0225,764,0,0
16,9,42,0.2,wave,0.075,3,0.0225,753,0,0
16,9,43,0.2,wave,0.075,3,0.0225,741,0,0
16,9,44,0.2,wave,0.075,3,0.0225,736,0,0
16,9,45,0.2,wave,0.075,3,0.0225,725,0,0
16,9,46,0.2,wave,0.075,3,0.0225,731,0,0
16,9,47,0.2,wave,0.075,3,0.0225,724,0,0
16,9,48,0.2,wave,0.075,3,0.0225,731,0,0
16,9,49,0.2,wave,0.075,3,0.0225,724,0,0
16,9,50,0.2,wave,0.075,3,0.0225,729,0,0
16,9,51,0.2,wave,0.075,3,0.0225,720,0,0
16,9,52,0.2,wave,0.075,3,0.0225,724,0,0
16,10,1,0.2,wave,0.075,3,0.0225,717,0,0
16,10,2,0.2,wave,0.075,3,0.0225,719,0,0
16,10,3,0.2,wave,0.075,3,0.0225,713,0,0
16,10,4,0.2,wave,0.075,3,0.0225,714,0,0
16,10,5,0.2,wave,0.075,3,0.0225,711,0,0
16,10,6,0.2,wave,0.075,3,0.0225,712,0,0
16,10,7,0.2,wave,0.075,3,0.0225,707,0,0
16,10,8,0.2,wave,0.075,3,0.0225,710,0,0
16,10,9,0.2,wave,0.075,3,0.0225,704,0,0
16,10,10,0.2,wave,0.075,3,0.0225,706,0,0
16,10,11,0.2,wave,0.075,3,0.0225,702,0,0
16,10,12,0.2,wave,0.075,3,0.0225,705,0,0
16,10,13,0.2,wave,0.075,3,0.0225,702,0,0
16,10,14,0.2,wave,0.075,3,0.0225,706,0,0
16,10,15,0.2,wave,0.075,3,0.0225,700,0,0
16,10,16,0.2,wave,0.075,3,0.0225,706,0,0
16,10,17,0.2,wave,0.075,3,0.0225,701,0,0
16,10,18,0.2,wave,0.075,3,0.0225,705,0,0
16,10,19,0.2,wave,0.075,3,0.0225,701,0,0
16,10,20,0.2,wave,0.075,3,0.0225,942,0,0
16,10,21,0.2,wave,0.075,3,0.0225,942,0,0
16,10,22,0.2,wave,0.075,3,0.0225,929,0,0
16,10,23,0.2,wave,0.075,3,0.0225,916,0,0
16,10,24,0.2,wave,0.075,3,0.0225,894,0,0
16,10,25,0.2,wave,0.075,3,0.0225,872,0,0
16,10,26,0.2,wave,0.075,3,0.0225,874,0,0
16,10,27,0.2,wave,0.075,3,0.0225,870,0,0
16,10,28,0.2,wave,0.075,3,0.0225,872,0,0
16,10,29,0.2,wave,0.075,3,0.0225,859,0,0
16,10,30,0.2,wave,0.075,3,0.0225,861,0,0
16,10,31,0.2,wave,0.075,3,0.0225,846,0,0
16,10,32,0.2,wave,0.075,3,0.0225,818,0,0
16,10,33,0.2,wave,0.075,3,0.0225,816,0,0
16,10,34,0.2,wave,0.075,3,0.0225,818,0,0
16,10,35,0.2,wave,0.075,3,0.0225,817,0,0
16,10,36,0.2,wave,0.075,3,0.0225,806,0,0
16,10,37,0.2,wave,0.075,3,0.0225,790,0,0
16,10,38,0.2,wave,0.075,3,0.0225,778,0,0
16,10,39,0.2,wave,0.075,3,0.0225,777,0,0
16,10,40,0.2,wave,0.075,3,0.0225,778,0,0
16,10,41,0.2,wave,0.075,3,0.0225,777,0,0
16,10,42,0.2,wave,0.075,3,0.0225,766,0,0
16,10,43,0.2,wave,0.075,3,0.0225,765,0,0
16,10,44,0.2,wave,0.075,3,0.0225,754,0,0
16,10,45,0.2,wave,0.075,3,0.0225,752,0,0
16,10,46,0.2,wave,0.075,3,0.0225,753,0,0
16,10,47,0.2,wave,0.075,3,0.0225,751,0,0
16,10,48,0.2,wave,0.075,3,0.0225,751,0,0
16,10,49,0.2,wave,0.075,3,0.0225,747,0,0
16,10,50,0.2,wave,0.075,3,0.0225,746,0,0
16,10,51,0.2,wave,0.075,3,0.0225,744,0,0
16,10,52,0.2,wave,0.075,3,0.0225,743,0,0
17,1,1,0.2,wave,0.075,3,0.024722222222222222,6533,72,18
17,1,2,0.2,wave,0.075,3,0.024722222222222222,6496,86,30
17,1,3,0.2,wave,0.075,3,0.024722222222222222,6356,128,45
17,1,4,0.2,wave,0.075,3,0.024722222222222222,6273,159,53
17,1,5,0.2,wave,0.075,3,0.024722222222222222,6138,192,63
17,1,6,0.2,wave,0.075,3,0.024722222222222222,5989,254,99
17,1,7,0.2,wave,0.075,3,0.024722222222222222,5780,321,100
17,1,8,0.2,wave,0.075,3,0.024722222222222222,5551,364,129
17,1,9,0.2,wave,0.075,3,0.024722222222222222,5322,406,134
17,1,10,0.2,wave,0.075,3,0.024722222222222222,5105,429,178
17,1,11,0.2,wave,0.075,3,0.024722222222222222,4915,445,190
17,1,12,0.2,wave,0.075,3,0.024722222222222222,4763,510,229
17,1,13,0.2,wave,0.075,3,0.024722222222222222,4610,535,228
17,1,14,0.2,wave,0.075,3,0.024722222222222222,4409,565,240
17,1,15,0.2,wave,0.075,3,0.024722222222222222,4284,550,258
17,1,16,0.2,wave,0.075,3,0.024722222222222222,4059,553,286
17,1,17,0.2,wave,0.075,3,0.024722222222222222,3899,526,255
17,1,18,0.2,wave,0.075,3,0.024722222222222222,3724,521,250
17,1,19,0.2,wave,0.075,3,0.024722222222222222,3603,482,236
17,1,20,0.2,wave,0.075,3,0.024722222222222222,5331,480,246
17,1,21,0.2,wave,0.075,3,0.024722222222222222,5008,520,228
17,1,22,0.2,wave,0.075,3,0.024722222222222222,4804,564,228
17,1,23,0.2,wave,0.075,3,0.024722222222222222,4610,594,261
17,1,24,0.2,wave,0.075,3,0.024722222222222222,4432,616,279
17,1,25,0.2,wave,0.075,3,0.024722222222222222,4250,653,276
17,1,26,0.2,wave,0.075,3,0.024722222222222222,3977,636,258
17,1,27,0.2,wave,0.075,3,0.024722222222222222,3853,641,288
17,1,28,0.2,wave,0.075,3,0.024722222222222222,3694,655,325
17,1,29,0.2,wave,0.075,3,0.024722222222222222,3527,650,317
17,1,30,0.2,wave,0.075,3,0.024722222222222222,3357,629,301
17,1,31,0.2,wave,0.075,3,0.024722222222222222,3196,601,289
17,1,32,0.2,wave,0.075,3,0.024722222222222222,3055,615,300
17,1,33,0.2,wave,0.075,3,0.024722222222222222,2876,596,292
17,1,34,0.2,wave,0.075,3,0.024722222222222222,2761,575,281
17,1,35,0.2,wave,0.075,3,0.024722222222222222,2613,555,273
17,1,36,0.2,wave,0.075,3,0.024722222222222222,2480,520,253
17,1,37,0.2,wave,0.075,3,0.024722222222222222,2375,479,247
17,1,38,0.2,wave,0.075,3,0.024722222222222222,2265,460,233
17,1,39,0.2,wave,0.075,3,0.024722222222222222,2145,426,228
17,1,40,0.2,wave,0.075,3,0.024722222222222222,2038,405,213
17,1,41,0.2,wave,0.075,3,0.024722222222222222,1972,379,221
17,1,42,0.2,wave,0.075,3,0.024722222222222222,1883,327,190
17,1,43,0.2,wave,0.075,3,0.024722222222222222,1784,294,175
17,1,44,0.2,wave,0.075,3,0.024722222222222222,1702,253,136
17,1,45,0.2,wave,0.075,3,0.024722222222222222,1630,227,127
17,1,46,0.2,wave,0.075,3,0.024722222222222222,1573,182,109
17,1,47,0.2,wave,0.075,3,0.024722222222222222,1519,160,105
17,1,48,0.2,wave,0.075,3,0.024722222222222222,1479,128,87
17,1,49,0.2,wave,0.075,3,0.024722222222222222,1426,100,63
17,1,50,0.2,wave,0.075,3,0.024722222222222222,1389,78,50
17,1,51,0.2,wave,0.075,3,0.024722222222222222,1355,60,37
17,1,52,0.2,wave,0.075,3,0.024722222222222222,1327,49,28
17,2,1,0.2,wave,0.075,3,0.024722222222222222,1290,40,22
17,2,2,0.2,wave,0.075,3,0.024722222222222222,1276,32,17
17,2,3,0.2,wave,0.075,3,0.024722222222222222,1240,32,18
17,2,4,0.2,wave,0.075,3,0.024722222222222222,1237,29,19
17,2,5,0.2,wave,0.075,3,0.024722222222222222,1217,21,11
17,2,6,0.2,wave,0.075,3,0.024722222222222222,1215,19,11
17,2,7,0.2,wave,0.075,3,0.024722222222222222,1196,13,8
17,2,8,0.2,wave,0.075,3,0.024722222222222222,1182,16,8
17,2,9,0.2,wave,0.075,3,0.024722222222222222,1168,12,6
17,2,10,0.2,wave,0.075,3,0.024722222222222222,1177,9,4
17,2,11,0.2,wave,0.075,3,0.024722222222222222,1163,12,8
17,2,12,0.2,wave,0.075,3,0.024722222222222222,1155,9,4
17,2,13,0.2,wave,0.075,3,0.024722222222222222,1139,8,5
17,2,14,0.2,wave,0.075,3,0.024722222222222222,1149,8,3
17,2,15,0.2,wave,0.075,3,0.024722222222222222,1137,6,3
17,2,16,0.2,wave,0.075,3,0.024722222222222222,1133,6,3
17,2,17,0.2,wave,0.075,3,0.024722222222222222,1122,4,2
17,2,18,0.2,wave,0.075,3,0.024722222222222222,1123,7,4
17,2,19,0.2,wave,0.075,3,0.024722222222222222,1107,5,1
17,2,20,0.2,wave,0.075,3,0.024722222222222222,1701,7,2
17,2,21,0.2,wave,0.075,3,0.024722222222222222,1694,4,2
17,2,22,0.2,wave,0.075,3,0.024722222222222222,1662,4,2
17,2,23,0.2,wave,0.075,3,0.024722222222222222,1618,5,3
17,2,24,0.2,wave,0.075,3,0.024722222222222222,1608,5,2
17,2,25,0.2,wave,0.075,3,0.024722222222222222,1574,5,2
17,2,26,0.2,wave,0.075,3,0.024722222222222222,1562,6,1
17,2,27,0.2,wave,0.075,3,0.024722222222222222,1538,3,0
17,2,28,0.2,wave,0.075,3,0.024722222222222222,1559,3,1
17,2,29,0.2,wave,0.075,3,0.024722222222222222,1524,3,3
17,2,30,0.2,wave,0.075,3,0.024722222222222222,1509,4,3
17,2,31,0.2,wave,0.075,3,0.024722222222222222,1476,4,3
17,2,32,0.2,wave,0.075,3,0.024722222222222222,1467,2,1
17,2,33,0.2,wave,0.075,3,0.024722222222222222,1449,3,1
17,2,34,0.2,wave,0.075,3,0.024722222222222222,1455,2,0
17,2,35,0.2,wave,0.075,3,0.024722222222222222,1432,2,2
17,2,36,0.2,wave,0.075,3,0.024722222222222222,1412,2,2
17,2,37,0.2,wave,0.075,3,0.024722222222222222,1384,2,1
17,2,38,0.2,wave,0.075,3,0.024722222222222222,1370,0,0
17,2,39,0.2,wave,0.075,3,0.024722222222222222,1354,1,1
17,2,40,0.2,wave,0.075,3,0.024722222222222222,1361,1,1
17,2,41,0.2,wave,0.075,3,0.024722222222222222,1346,3,1
17,2,42,0.2,wave,0.075,3,0.024722222222222222,1351,4,2
17,2,43,0.2,wave,0.075,3,0.024722222222222222,1339,7,2
17,2,44,0.2,wave,0.075,3,0.024722222222222222,1335,7,3
17,2,45,0.2,wave,0.075,3,0.024722222222222222,1307,4,2
17,2,46,0.2,wave,0.075,3,0.024722222222222222,1310,7,2
17,2,47,0.2,wave,0.075,3,0.024722222222222222,1298,4,2
17,2,48,0.2,wave,0.075,3,0.024722222222222222,1299,5,4
17,2,49,0.2,wave,0.075,3,0.024722222222222222,1288,6,2
17,2,50,0.2,wave,0.075,3,0.024722222222222222,1284,5,2
17,2,51,0.2,wave,0.075,3,0.024722222222222222,1274,6,3
17,2,52,0.2,wave,0.075,3,0.024722222222222222,1264,5,2
17,3,1,0.2,wave,0.075,3,0.024722222222222222,1250,6,4
17,3,2,0.2,wave,0.075,3,0.024722222222222222,1251,4,4
17,3,3,0.2,wave,0.075,3,0.024722222222222222,1231,5,4
17,3,4,0.2,wave,0.075,3,0.024722222222222222,1234,3,1
17,3,5,0.2,wave,0.075,3,0.024722222222222222,1230,4,1
17,3,6,0.2,wave,0.075,3,0.024722222222222222,1228,3,1
17,3,7,0.2,wave,0.075,3,0.024722222222222222,1218,2,1
17,3,8,0.2,wave,0.075,3,0.024722222222222222,1217,4,2
17,3,9,0.2,wave,0.075,3,0.024722222222222222,1183,4,1
17,3,10,0.2,wave,0.075,3,0.024722222222222222,1188,7,2
17,3,11,0.2,wave,0.075,3,0.024722222222222222,1177,6,2
17,3,12,0.2,wave,0.075,3,0.024722222222222222,1180,6,2
17,3,13,0.2,wave,0.075,3,0.024722222222222222,1161,6,4
17,3,14,0.2,wave,0.075,3,0.024722222222222222,1158,8,3
17,3,15,0.2,wave,0.075,3,0.024722222222222222,1148,9,3
17,3,16,0.2,wave,0.075,3,0.024722222222222222,1137,8,1
17,3,17,0.2,wave,0.075,3,0.024722222222222222,1135,8,2
17,3,18,0.2,wave,0.075,3,0.024722222222222222,1133,10,2
17,3,19,0.2,wave,0.075,3,0.024722222222222222,1131,12,5
17,3,20,0.2,wave,0.075,3,0.024722222222222222,1624,11,5
17,3,21,0.2,wave,0.075,3,0.024722222222222222,1620,15,5
17,3,22,0.2,wave,0.075,3,0.024722222222222222,1607,18,4
17,3,23,0.2,wave,0.075,3,0.024722222222222222,1607,17,10
17,3,24,0.2,wave,0.075,3,0.024722222222222222,1601,19,10
17,3,25,0.2,wave,0.075,3,0.024722222222222222,1576,25,12
17,3,26,0.2,wave,0.075,3,0.024722222222222222,1540,21,5
17,3,27,0.2,wave,0.075,3,0.024722222222222222,1506,23,5
17,3,28,0.2,wave,0.075,3,0.024722222222222222,1494,25,8
17,3,29,0.2,wave,0.075,3,0.024722222222222222,1482,33,15
17,3,30,0.2,wave,0.075,3,0.024722222222222222,1441,41,20
17,3,31,0.2,wave,0.075,3,0.024722222222222222,1402,42,20
17,3,32,0.2,wave,0.075,3,0.024722222222222222,1354,35,12
17,3,33,0.2,wave,0.075,3,0.024722222222222222,1355,35,12
17,3,34,0.2,wave,0.075,3,0.024722222222222222,1350,33,17
17,3,35,0.2,wave,0.075,3,0.024722222222222222,1337,37,17
17,3,36,0.2,wave,0.075,3,0.024722222222222222,1287,27,14
17,3,37,0.2,wave,0.075,3,0.024722222222222222,1262,24,14
17,3,38,0.2,wave,0.075,3,0.024722222222222222,1243,22,12
17,3,39,0.2,wave,0.075,3,0.024722222222222222,1235,20,10
17,3,40,0.2,wave,0.075,3,0.024722222222222222,1225,20,8
17,3,41,0.2,wave,0.075,3,0.024722222222222222,1217,19,10
17,3,42,0.2,wave,0.075,3,0.024722222222222222,1207,18,8
17,3,43,0.2,wave,0.075,3,0.024722222222222222,1194,18,7
17,3,44,0.2,wave,0.075,3,0.024722222222222222,1180,13,5
17,3,45,0.2,wave,0.075,3,0.024722222222222222,1174,14,8
17,3,46,0.2,wave,0.075,3,0.024722222222222222,1169,17,7
17,3,47,0.2,wave,0.075,3,0.024722222222222222,1160,18,7
17,3,48,0.2,wave,0.075,3,0.024722222222222222,1159,16,9
17,3,49,0.2,wave,0.075,3,0.024722222222222222,1144,22,9
17,3,50,0.2,wave,0.075,3,0.024722222222222222,1122,22,12
17,3,51,0.2,wave,0.075,3,0.024722222222222222,1110,21,11
17,3,52,0.2,wave,0.075,3,0.024722222222222222,1107,28,12
17,4,1,0.2,wave,0.075,3,0.024722222222222222,1104,25,11
17,4,2,0.2,wave,0.075,3,0.024722222222222222,1091,22,11
17,4,3,0.2,wave,0.075,3,0.024722222222222222,1086,25,14
17,4,4,0.2,wave,0.075,3,0.024722222222222222,1072,24,11
17,4,5,0.2,wave,0.075,3,0.024722222222222222,1067,28,11
17,4,6,0.2,wave,0.075,3,0.024722222222222222,1062,25,12
17,4,7,0.2,wave,0.075,3,0.024722222222222222,1049,23,11
17,4,8,0.2,wave,0.075,3,0.024722222222222222,1044,23,14
17,4,9,0.2,wave,0.075,3,0.024722222222222222,1027,21,10
17,4,10,0.2,wave,0.075,3,0.024722222222222222,1024,19,9
17,4,11,0.2,wave,0.075,3,0.024722222222222222,1012,15,6
17,4,12,0.2,wave,0.075,3,0.024722222222222222,997,15,7
17,4,13,0.2,wave,0.075,3,0.024722222222222222,984,16,7
17,4,14,0.2,wave,0.075,3,0.024722222222222222,984,16,6
17,4,15,0.2,wave,0.075,3,0.024722222222222222,973,15,7
17,4,16,0.2,wave,0.075,3,0.024722222222222222,966,16,6
17,4,17,0.2,wave,0.075,3,0.024722222222222222,959,15,7
17,4,18,0.2,wave,0.075,3,0.024722222222222222,955,14,5
17,4,19,0.2,wave,0.075,3,0.024722222222222222,951,13,7
17,4,20,0.2,wave,0.075,3,0.024722222222222222,1399,13,8
17,4,21,0.2,wave,0.075,3,0.024722222222222222,1373,14,8
17,4,22,0.2,wave,0.075,3,0.024722222222222222,1368,14,6
17,4,23,0.2,wave,0.075,3,0.024722222222222222,1341,14,5
17,4,24,0.2,wave,0.075,3,0.024722222222222222,1338,17,6
17,4,25,0.2,wave,0.075,3,0.024722222222222222,1307,16,6
17,4,26,0.2,wave,0.075,3,0.024722222222222222,1308,20,6
17,4,27,0.2,wave,0.075,3,0.024722222222222222,1290,23,7
17,4,28,0.2,wave,0.075,3,0.024722222222222222,1274,24,10
17,4,29,0.2,wave,0.075,3,0.024722222222222222,1244,28,14
17,4,30,0.2,wave,0.075,3,0.024722222222222222,1223,35,16
17,4,31,0.2,wave,0.075,3,0.024722222222222222,1225,35,19
17,4,32,0.2,wave,0.075,3,0.024722222222222222,1197,27,17
17,4,33,0.2,wave,0.075,3,0.024722222222222222,1192,29,16
17,4,34,0.2,wave,0.075,3,0.024722222222222222,1181,39,12
17,4,35,0.2,wave,0.075,3,0.024722222222222222,1147,33,16
17,4,36,0.2,wave,0.075,3,0.024722222222222222,1133,31,15
17,4,37,0.2,wave,0.075,3,0.024722222222222222,1093,29,17
17,4,38,0.2,wave,0.075,3,0.024722222222222222,1092,22,12
17,4,39,0.2,wave,0.075,3,0.024722222222222222,1073,23,15
17,4,40,0.2,wave,0.075,3,0.024722222222222222,1074,21,10
17,4,41,0.2,wave,0.075,3,0.024722222222222222,1054,18,6
17,4,42,0.2,wave,0.075,3,0.024722222222222222,1054,19,11
17,4,43,0.2,wave,0.075,3,0.024722222222222222,1041,17,11
17,4,44,0.2,wave,0.075,3,0.024722222222222222,1040,17,10
17,4,45,0.2,wave,0.075,3,0.024722222222222222,1023,15,8
17,4,46,0.2,wave,0.075,3,0.024722222222222222,1024,11,5
17,4,47,0.2,wave,0.075,3,0.024722222222222222,1007,14,5
17,4,48,0.2,wave,0.075,3,0.024722222222222222,1015,14,5
17,4,49,0.2,wave,0.075,3,0.024722222222222222,1004,13,5
17,4,50,0.2,wave,0.075,3,0.024722222222222222,1008,12,6
17,4,51,0.2,wave,0.075,3,0.024722222222222222,983,9,8
17,4,52,0.2,wave,0.075,3,0.024722222222222222,989,14,8
17,5,1,0.2,wave,0.075,3,0.024722222222222222,978,12,6
17,5,2,0.2,wave,0.075,3,0.024722222222222222,971,11,5
17,5,3,0.2,wave,0.075,3,0.024722222222222222,967,10,6
17,5,4,0.2,wave,0.075,3,0.024722222222222222,966,12,6
17,5,5,0.2,wave,0.075,3,0.024722222222222222,956,13,5
17,5,6,0.2,wave,0.075,3,0.024722222222222222,947,11,3
17,5,7,0.2,wave,0.075,3,0.024722222222222222,939,12,4
17,5,8,0.2,wave,0.075,3,0.024722222222222222,925,12,6
17,5,9,0.2,wave,0.075,3,0.024722222222222222,911,18,7
17,5,10,0.2,wave,0.075,3,0.024722222222222222,913,16,7
17,5,11,0.2,wave,0.075,3,0.024722222222222222,893,15,7
17,5,12,0.2,wave,0.075,3,0.024722222222222222,901,17,8
17,5,13,0.2,wave,0.075,3,0.024722222222222222,885,15,7
17,5,14,0.2,wave,0.075,3,0.024722222222222222,888,14,9
17,5,15,0.2,wave,0.075,3,0.024722222222222222,875,14,6
17,5,16,0.2,wave,0.075,3,0.024722222222222222,876,12,9
17,5,17,0.2,wave,0.075,3,0.024722222222222222,860,10,5
17,5,18,0.2,wave,0.075,3,0.024722222222222222,873,10,7
17,5,19,0.2,wave,0.075,3,0.024722222222222222,852,5,3
17,5,20,0.2,wave,0.075,3,0.024722222222222222,1298,6,3
17,5,21,0.2,wave,0.075,3,0.024722222222222222,1258,7,2
17,5,22,0.2,wave,0.075,3,0.024722222222222222,1255,8,3
17,5,23,0.2,wave,0.075,3,0.024722222222222222,1221,10,3
17,5,24,0.2,wave,0.075,3,0.024722222222222222,1224,11,4
17,5,25,0.2,wave,0.075,3,0.024722222222222222,1224,13,4
17,5,26,0.2,wave,0.075,3,0.024722222222222222,1224,13,4
17,5,27,0.2,wave,0.075,3,0.024722222222222222,1218,14,5
17,5,28,0.2,wave,0.075,3,0.024722222222222222,1218,17,6
17,5,29,0.2,wave,0.075,3,0.024722222222222222,1201,15,7
17,5,30,0.2,wave,0.075,3,0.024722222222222222,1198,16,9
17,5,31,0.2,wave,0.075,3,0.024722222222222222,1193,16,9
17,5,32,0.2,wave,0.075,3,0.024722222222222222,1174,15,6
17,5,33,0.2,wave,0.075,3,0.024722222222222222,1159,14,4
17,5,34,0.2,wave,0.075,3,0.024722222222222222,1152,13,5
17,5,35,0.2,wave,0.075,3,0.024722222222222222,1158,13,4
17,5,36,0.2,wave,0.075,3,0.024722222222222222,1157,18,6
17,5,37,0.2,wave,0.075,3,0.024722222222222222,1127,16,4
17,5,38,0.2,wave,0.075,3,0.024722222222222222,1111,15,7
17,5,39,0.2,wave,0.075,3,0.024722222222222222,1064,15,7
17,5,40,0.2,wave,0.075,3,0.024722222222222222,1064,16,9
17,5,41,0.2,wave,0.075,3,0.024722222222222222,1065,12,7
17,5,42,0.2,wave,0.075,3,0.024722222222222222,1064,13,7
17,5,43,0.2,wave,0.075,3,0.024722222222222222,1043,15,6
17,5,44,0.2,wave,0.075,3,0.024722222222222222,1035,14,5
17,5,45,0.2,wave,0.075,3,0.024722222222222222,1026,18,8
17,5,46,0.2,wave,0.075,3,0.024722222222222222,1020,16,5
17,5,47,0.2,wave,0.075,3,0.024722222222222222,999,16,5
17,5,48,0.2,wave,0.075,3,0.024722222222222222,999,14,7
17,5,49,0.2,wave,0.075,3,0.024722222222222222,956,17,8
17,5,50,0.2,wave,0.075,3,0.024722222222222222,953,15,6
17,5,51,0.2,wave,0.075,3,0.024722222222222222,939,12,6
17,5,52,0.2,wave,0.075,3,0.024722222222222222,941,11,6
17,6,1,0.2,wave,0.075,3,0.024722222222222222,934,12,8
17,6,2,0.2,wave,0.075,3,0.024722222222222222,918,10,6
17,6,3,0.2,wave,0.075,3,0.024722222222222222,914,8,3
17,6,4,0.2,wave,0.075,3,0.024722222222222222,904,7,3
17,6,5,0.2,wave,0.075,3,0.024722222222222222,909,9,3
17,6,6,0.2,wave,0.075,3,0.024722222222222222,908,10,4
17,6,7,0.2,wave,0.075,3,0.024722222222222222,899,11,6
17,6,8,0.2,wave,0.075,3,0.024722222222222222,898,11,7
17,6,9,0.2,wave,0.075,3,0.024722222222222222,877,10,8
17,6,10,0.2,wave,0.075,3,0.024722222222222222,877,7,5
17,6,11,0.2,wave,0.075,3,0.024722222222222222,864,7,4
17,6,12,0.2,wave,0.075,3,0.024722222222222222,868,6,2
17,6,13,0.2,wave,0.075,3,0.024722222222222222,859,5,1
17,6,14,0.2,wave,0.075,3,0.024722222222222222,865,4,1
17,6,15,0.2,wave,0.075,3,0.024722222222222222,843,4,2
17,6,16,0.2,wave,0.075,3,0.024722222222222222,847,5,2
17,6,17,0.2,wave,0.075,3,0.024722222222222222,842,4,2
17,6,18,0.2,wave,0.075,3,0.024722222222222222,843,4,1
17,6,19,0.2,wave,0.075,3,0.024722222222222222,837,4,2
17,6,20,0.2,wave,0.075,3,0.024722222222222222,1214,3,1
17,6,21,0.2,wave,0.075,3,0.024722222222222222,1198,4,2
17,6,22,0.2,wave,0.075,3,0.024722222222222222,1215,3,2
17,6,23,0.2,wave,0.075,3,0.024722222222222222,1177,4,2
17,6,24,0.2,wave,0.075,3,0.024722222222222222,1181,3,1
17,6,25,0.2,wave,0.075,3,0.024722222222222222,1172,2,1
17,6,26,0.2,wave,0.075,3,0.024722222222222222,1159,2,1
17,6,27,0.2,wave,0.075,3,0.024722222222222222,1078,2,2
17,6,28,0.2,wave,0.075,3,0.024722222222222222,1065,1,1
17,6,29,0.2,wave,0.075,3,0.024722222222222222,1047,1,1
17,6,30,0.2,wave,0.075,3,0.024722222222222222,1054,0,0
17,6,31,0.2,wave,0.075,3,0.024722222222222222,1037,0,0
17,6,32,0.2,wave,0.075,3,0.024722222222222222,1034,0,0
17,6,33,0.2,wave,0.075,3,0.024722222222222222,1029,0,0
17,6,34,0.2,wave,0.075,3,0.024722222222222222,1022,0,0
17,6,35,0.2,wave,0.075,3,0.024722222222222222,1005,0,0
17,6,36,0.2,wave,0.075,3,0.024722222222222222,1012,0,0
17,6,37,0.2,wave,0.075,3,0.024722222222222222,988,0,0
17,6,38,0.2,wave,0.075,3,0.024722222222222222,990,0,0
17,6,39,0.2,wave,0.075,3,0.024722222222222222,987,0,0
17,6,40,0.2,wave,0.075,3,0.024722222222222222,990,0,0
17,6,41,0.2,wave,0.075,3,0.024722222222222222,984,0,0
17,6,42,0.2,wave,0.075,3,0.024722222222222222,977,0,0
17,6,43,0.2,wave,0.075,3,0.024722222222222222,956,0,0
17,6,44,0.2,wave,0.075,3,0.024722222222222222,958,0,0
17,6,45,0.2,wave,0.075,3,0.024722222222222222,955,0,0
17,6,46,0.2,wave,0.075,3,0.024722222222222222,954,0,0
17,6,47,0.2,wave,0.075,3,0.024722222222222222,947,0,0
17,6,48,0.2,wave,0.075,3,0.024722222222222222,950,0,0
17,6,49,0.2,wave,0.075,3,0.024722222222222222,941,0,0
17,6,50,0.2,wave,0.075,3,0.024722222222222222,932,0,0
17,6,51,0.2,wave,0.075,3,0.024722222222222222,931,0,0
17,6,52,0.2,wave,0.075,3,0.024722222222222222,932,0,0
17,7,1,0.2,wave,0.075,3,0.024722222222222222,928,0,0
17,7,2,0.2,wave,0.075,3,0.024722222222222222,929,0,0
17,7,3,0.2,wave,0.075,3,0.024722222222222222,921,0,0
17,7,4,0.2,wave,0.075,3,0.024722222222222222,922,0,0
17,7,5,0.2,wave,0.075,3,0.024722222222222222,916,0,0
17,7,6,0.2,wave,0.075,3,0.024722222222222222,909,0,0
17,7,7,0.2,wave,0.075,3,0.024722222222222222,911,0,0
17,7,8,0.2,wave,0.075,3,0.024722222222222222,908,0,0
17,7,9,0.2,wave,0.075,3,0.024722222222222222,902,0,0
17,7,10,0.2,wave,0.075,3,0.024722222222222222,911,0,0
17,7,11,0.2,wave,0.075,3,0.024722222222222222,903,0,0
17,7,12,0.2,wave,0.075,3,0.024722222222222222,909,0,0
17,7,13,0.2,wave,0.075,3,0.024722222222222222,903,0,0
17,7,14,0.2,wave,0.075,3,0.024722222222222222,907,0,0
17,7,15,0.2,wave,0.075,3,0.024722222222222222,900,0,0
17,7,16,0.2,wave,0.075,3,0.024722222222222222,903,0,0
17,7,17,0.2,wave,0.075,3,0.024722222222222222,903,0,0
17,7,18,0.2,wave,0.075,3,0.024722222222222222,902,0,0
17,7,19,0.2,wave,0.075,3,0.024722222222222222,901,0,0
17,7,20,0.2,wave,0.075,3,0.024722222222222222,1307,0,0
17,7,21,0.2,wave,0.075,3,0.024722222222222222,1275,0,0
17,7,22,0.2,wave,0.075,3,0.024722222222222222,1261,0,0
17,7,23,0.2,wave,0.075,3,0.024722222222222222,1233,0,0
17,7,24,0.2,wave,0.075,3,0.024722222222222222,1238,0,0
17,7,25,0.2,wave,0.075,3,0.024722222222222222,1192,0,0
17,7,26,0.2,wave,0.075,3,0.024722222222222222,1175,0,0
17,7,27,0.2,wave,0.075,3,0.024722222222222222,1166,0,0
17,7,28,0.2,wave,0.075,3,0.024722222222222222,1155,0,0
17,7,29,0.2,wave,0.075,3,0.024722222222222222,1125,0,0
17,7,30,0.2,wave,0.075,3,0.024722222222222222,1124,0,0
17,7,31,0.2,wave,0.075,3,0.024722222222222222,1119,0,0
17,7,32,0.2,wave,0.075,3,0.024722222222222222,1104,0,0
17,7,33,0.2,wave,0.075,3,0.024722222222222222,1063,0,0
17,7,34,0.2,wave,0.075,3,0.024722222222222222,1057,0,0
17,7,35,0.2,wave,0.075,3,0.024722222222222222,1054,0,0
17,7,36,0.2,wave,0.075,3,0.024722222222222222,1058,0,0
17,7,37,0.2,wave,0.075,3,0.024722222222222222,1042,0,0
17,7,38,0.2,wave,0.075,3,0.024722222222222222,1034,0,0
17,7,39,0.2,wave,0.075,3,0.024722222222222222,1008,0,0
17,7,40,0.2,wave,0.075,3,0.024722222222222222,1011,0,0
17,7,41,0.2,wave,0.075,3,0.024722222222222222,1005,0,0
17,7,42,0.2,wave,0.075,3,0.024722222222222222,1007,0,0
17,7,43,0.2,wave,0.075,3,0.024722222222222222,1002,0,0
17,7,44,0.2,wave,0.075,3,0.024722222222222222,1000,0,0
17,7,45,0.2,wave,0.075,3,0.024722222222222222,994,0,0
17,7,46,0.2,wave,0.075,3,0.024722222222222222,996,0,0
17,7,47,0.2,wave,0.075,3,0.024722222222222222,992,0,0
17,7,48,0.2,wave,0.075,3,0.024722222222222222,993,0,0
17,7,49,0.2,wave,0.075,3,0.024722222222222222,991,0,0
17,7,50,0.2,wave,0.075,3,0.024722222222222222,989,0,0
17,7,51,0.2,wave,0.075,3,0.024722222222222222,989,0,0
17,7,52,0.2,wave,0.075,3,0.024722222222222222,978,0,0
17,8,1,0.2,wave,0.075,3,0.024722222222222222,969,0,0
17,8,2,0.2,wave,0.075,3,0.024722222222222222,974,0,0
17,8,3,0.2,wave,0.075,3,0.024722222222222222,973,0,0
17,8,4,0.2,wave,0.075,3,0.024722222222222222,974,0,0
17,8,5,0.2,wave,0.075,3,0.024722222222222222,971,0,0
17,8,6,0.2,wave,0.075,3,0.024722222222222222,970,0,0
17,8,7,0.2,wave,0.075,3,0.024722222222222222,968,0,0
17,8,8,0.2,wave,0.075,3,0.024722222222222222,963,0,0
17,8,9,0.2,wave,0.075,3,0.024722222222222222,963,0,0
17,8,10,0.2,wave,0.075,3,0.024722222222222222,969,0,0
17,8,11,0.2,wave,0.075,3,0.024722222222222222,959,0,0
17,8,12,0.2,wave,0.075,3,0.024722222222222222,966,0,0
17,8,13,0.2,wave,0.075,3,0.024722222222222222,961,0,0
17,8,14,0.2,wave,0.075,3,0.024722222222222222,968,0,0
17,8,15,0.2,wave,0.075,3,0.024722222222222222,960,0,0
17,8,16,0.2,wave,0.075,3,0.024722222222222222,965,0,0
17,8,17,0.2,wave,0.075,3,0.024722222222222222,961,0,0
17,8,18,0.2,wave,0.075,3,0.024722222222222222,966,0,0
17,8,19,0.2,wave,0.075,3,0.024722222222222222,961,0,0
17,8,20,0.2,wave,0.075,3,0.024722222222222222,1432,0,0
17,8,21,0.2,wave,0.075,3,0.024722222222222222,1392,0,0
17,8,22,0.2,wave,0.075,3,0.024722222222222222,1356,0,0
17,8,23,0.2,wave,0.075,3,0.024722222222222222,1318,0,0
17,8,24,0.2,wave,0.075,3,0.024722222222222222,1300,0,0
17,8,25,0.2,wave,0.075,3,0.024722222222222222,1244,0,0
17,8,26,0.2,wave,0.075,3,0.024722222222222222,1224,0,0
17,8,27,0.2,wave,0.075,3,0.024722222222222222,1226,0,0
17,8,28,0.2,wave,0.075,3,0.024722222222222222,1202,0,0
17,8,29,0.2,wave,0.075,3,0.024722222222222222,1201,0,0
17,8,30,0.2,wave,0.075,3,0.024722222222222222,1192,0,0
17,8,31,0.2,wave,0.075,3,0.024722222222222222,1191,0,0
17,8,32,0.2,wave,0.075,3,0.024722222222222222,1163,0,0
17,8,33,0.2,wave,0.075,3,0.024722222222222222,1167,0,0
17,8,34,0.2,wave,0.075,3,0.024722222222222222,1153,0,0
17,8,35,0.2,wave,0.075,3,0.024722222222222222,1119,0,0
17,8,36,0.2,wave,0.075,3,0.024722222222222222,1112,0,0
17,8,37,0.2,wave,0.075,3,0.024722222222222222,1081,0,0
17,8,38,0.2,wave,0.075,3,0.024722222222222222,1074,0,0
17,8,39,0.2,wave,0.075,3,0.024722222222222222,1061,0,0
17,8,40,0.2,wave,0.075,3,0.024722222222222222,1071,0,0
17,8,41,0.2,wave,0.075,3,0.024722222222222222,1053,0,0
17,8,42,0.2,wave,0.075,3,0.024722222222222222,1062,0,0
17,8,43,0.2,wave,0.075,3,0.024722222222222222,1062,0,0
17,8,44,0.2,wave,0.075,3,0.024722222222222222,1044,0,0
17,8,45,0.2,wave,0.075,3,0.024722222222222222,1047,0,0
17,8,46,0.2,wave,0.075,3,0.024722222222222222,1046,0,0
17,8,47,0.2,wave,0.075,3,0.024722222222222222,1047,0,0
17,8,48,0.2,wave,0.075,3,0.024722222222222222,1045,0,0
17,8,49,0.2,wave,0.075,3,0.024722222222222222,1049,0,0
17,8,50,0.2,wave,0.075,3,0.024722222222222222,1041,0,0
17,8,51,0.2,wave,0.075,3,0.024722222222222222,1044,0,0
17,8,52,0.2,wave,0.075,3,0.024722222222222222,1039,0,0
17,9,1,0.2,wave,0.075,3,0.024722222222222222,1043,0,0
17,9,2,0.2,wave,0.075,3,0.024722222222222222,1026,0,0
17,9,3,0.2,wave,0.075,3,0.024722222222222222,1031,0,0
17,9,4,0.2,wave,0.075,3,0.024722222222222222,1026,0,0
17,9,5,0.2,wave,0.075,3,0.024722222222222222,1024,0,0
17,9,6,0.2,wave,0.075,3,0.024722222222222222,1022,0,0
17,9,7,0.2,wave,0.075,3,0.024722222222222222,1020,0,0
17,9,8,0.2,wave,0.075,3,0.024722222222222222,1019,0,0
17,9,9,0.2,wave,0.075,3,0.024722222222222222,1019,0,0
17,9,10,0.2,wave,0.075,3,0.024722222222222222,1016,0,0
17,9,11,0.2,wave,0.075,3,0.024722222222222222,1020,0,0
17,9,12,0.2,wave,0.075,3,0.024722222222222222,1022,0,0
17,9,13,0.2,wave,0.075,3,0.024722222222222222,1019,0,0
17,9,14,0.2,wave,0.075,3,0.024722222222222222,1020,0,0
17,9,15,0.2,wave,0.075,3,0.024722222222222222,1017,0,0
17,9,16,0.2,wave,0.075,3,0.024722222222222222,1020,0,0
17,9,17,0.2,wave,0.075,3,0.024722222222222222,1012,0,0
17,9,18,0.2,wave,0.075,3,0.024722222222222222,1020,0,0
17,9,19,0.2,wave,0.075,3,0.024722222222222222,1019,0,0
17,9,20,0.2,wave,0.075,3,0.024722222222222222,1402,0,0
17,9,21,0.2,wave,0.075,3,0.024722222222222222,1395,0,0
17,9,22,0.2,wave,0.075,3,0.024722222222222222,1394,0,0
17,9,23,0.2,wave,0.075,3,0.024722222222222222,1365,0,0
17,9,24,0.2,wave,0.075,3,0.024722222222222222,1335,0,0
17,9,25,0.2,wave,0.075,3,0.024722222222222222,1284,0,0
17,9,26,0.2,wave,0.075,3,0.024722222222222222,1249,0,0
17,9,27,0.2,wave,0.075,3,0.024722222222222222,1229,0,0
17,9,28,0.2,wave,0.075,3,0.024722222222222222,1237,0,0
17,9,29,0.2,wave,0.075,3,0.024722222222222222,1218,0,0
17,9,30,0.2,wave,0.075,3,0.024722222222222222,1202,0,0
17,9,31,0.2,wave,0.075,3,0.024722222222222222,1203,0,0
17,9,32,0.2,wave,0.075,3,0.024722222222222222,1175,0,0
17,9,33,0.2,wave,0.075,3,0.024722222222222222,1177,0,0
17,9,34,0.2,wave,0.075,3,0.024722222222222222,1175,0,0
17,9,35,0.2,wave,0.075,3,0.024722222222222222,1175,0,0
17,9,36,0.2,wave,0.075,3,0.024722222222222222,1178,0,0
17,9,37,0.2,wave,0.075,3,0.024722222222222222,1174,0,0
17,9,38,0.2,wave,0.075,3,0.024722222222222222,1177,0,0
17,9,39,0.2,wave,0.075,3,0.024722222222222222,1162,0,0
17,9,40,0.2,wave,0.075,3,0.024722222222222222,1162,0,0
17,9,41,0.2,wave,0.075,3,0.024722222222222222,1160,0,0
17,9,42,0.2,wave,0.075,3,0.024722222222222222,1152,0,0
17,9,43,0.2,wave,0.075,3,0.024722222222222222,1148,0,0
17,9,44,0.2,wave,0.075,3,0.024722222222222222,1150,0,0
17,9,45,0.2,wave,0.075,3,0.024722222222222222,1134,0,0
17,9,46,0.2,wave,0.075,3,0.024722222222222222,1126,0,0
17,9,47,0.2,wave,0.075,3,0.024722222222222222,1125,0,0
17,9,48,0.2,wave,0.075,3,0.024722222222222222,1123,0,0
17,9,49,0.2,wave,0.075,3,0.024722222222222222,1126,0,0
17,9,50,0.2,wave,0.075,3,0.024722222222222222,1122,0,0
17,9,51,0.2,wave,0.075,3,0.024722222222222222,1121,0,0
17,9,52,0.2,wave,0.075,3,0.024722222222222222,1122,0,0
17,10,1,0.2,wave,0.075,3,0.024722222222222222,1112,0,0
17,10,2,0.2,wave,0.075,3,0.024722222222222222,1108,0,0
17,10,3,0.2,wave,0.075,3,0.024722222222222222,1105,0,0
17,10,4,0.2,wave,0.075,3,0.024722222222222222,1104,0,0
17,10,5,0.2,wave,0.075,3,0.024722222222222222,1078,0,0
17,10,6,0.2,wave,0.075,3,0.024722222222222222,1079,0,0
17,10,7,0.2,wave,0.075,3,0.024722222222222222,1081,0,0
17,10,8,0.2,wave,0.075,3,0.024722222222222222,1077,0,0
17,10,9,0.2,wave,0.075,3,0.024722222222222222,1080,0,0
17,10,10,0.2,wave,0.075,3,0.024722222222222222,1077,0,0
17,10,11,0.2,wave,0.075,3,0.024722222222222222,1077,0,0
17,10,12,0.2,wave,0.075,3,0.024722222222222222,1078,0,0
17,10,13,0.2,wave,0.075,3,0.024722222222222222,1078,0,0
17,10,14,0.2,wave,0.075,3,0.024722222222222222,1066,0,0
17,10,15,0.2,wave,0.075,3,0.024722222222222222,1064,0,0
17,10,16,0.2,wave,0.075,3,0.024722222222222222,1066,0,0
17,10,17,0.2,wave,0.075,3,0.024722222222222222,1061,0,0
17,10,18,0.2,wave,0.075,3,0.024722222222222222,1063,0,0
17,10,19,0.2,wave,0.075,3,0.024722222222222222,1063,0,0
17,10,20,0.2,wave,0.075,3,0.024722222222222222,1437,0,0
17,10,21,0.2,wave,0.075,3,0.024722222222222222,1432,0,0
17,10,22,0.2,wave,0.075,3,0.024722222222222222,1425,0,0
17,10,23,0.2,wave,0.075,3,0.024722222222222222,1440,0,0
17,10,24,0.2,wave,0.075,3,0.024722222222222222,1414,0,0
17,10,25,0.2,wave,0.075,3,0.024722222222222222,1343,0,0
17,10,26,0.2,wave,0.075,3,0.024722222222222222,1302,0,0
17,10,27,0.2,wave,0.075,3,0.024722222222222222,1304,0,0
17,10,28,0.2,wave,0.075,3,0.024722222222222222,1275,0,0
17,10,29,0.2,wave,0.075,3,0.024722222222222222,1239,0,0
17,10,30,0.2,wave,0.075,3,0.024722222222222222,1216,0,0
17,10,31,0.2,wave,0.075,3,0.024722222222222222,1212,0,0
17,10,32,0.2,wave,0.075,3,0.024722222222222222,1200,0,0
17,10,33,0.2,wave,0.075,3,0.024722222222222222,1202,0,0
17,10,34,0.2,wave,0.075,3,0.024722222222222222,1183,0,0
17,10,35,0.2,wave,0.075,3,0.024722222222222222,1193,0,0
17,10,36,0.2,wave,0.075,3,0.024722222222222222,1184,0,0
17,10,37,0.2,wave,0.075,3,0.024722222222222222,1187,0,0
17,10,38,0.2,wave,0.075,3,0.024722222222222222,1166,0,0
17,10,39,0.2,wave,0.075,3,0.024722222222222222,1176,0,0
17,10,40,0.2,wave,0.075,3,0.024722222222222222,1157,0,0
17,10,41,0.2,wave,0.075,3,0.024722222222222222,1160,0,0
17,10,42,0.2,wave,0.075,3,0.024722222222222222,1159,0,0
17,10,43,0.2,wave,0.075,3,0.024722222222222222,1143,0,0
17,10,44,0.2,wave,0.075,3,0.024722222222222222,1141,0,0
17,10,45,0.2,wave,0.075,3,0.024722222222222222,1143,0,0
17,10,46,0.2,wave,0.075,3,0.024722222222222222,1129,0,0
17,10,47,0.2,wave,0.075,3,0.024722222222222222,1130,0,0
17,10,48,0.2,wave,0.075,3,0.024722222222222222,1133,0,0
17,10,49,0.2,wave,0.075,3,0.024722222222222222,1131,0,0
17,10,50,0.2,wave,0.075,3,0.024722222222222222,1131,0,0
17,10,51,0.2,wave,0.075,3,0.024722222222222222,1130,0,0
17,10,52,0.2,wave,0.075,3,0.024722222222222222,1127,0,0
18,1,1,0.2,wave,0.075,3,0.027777777777777776,6417,56,10
18,1,2,0.2,wave,0.075,3,0.027777777777777776,6276,66,21
18,1,3,0.2,wave,0.075,3,0.027777777777777776,6096,87,34
18,1,4,0.2,wave,0.075,3,0.027777777777777776,5876,117,38
18,1,5,0.2,wave,0.075,3,0.027777777777777776,5729,146,41
18,1,6,0.2,wave,0.075,3,0.027777777777777776,5424,187,63
18,1,7,0.2,wave,0.075,3,0.027777777777777776,5329,224,74
18,1,8,0.2,wave,0.075,3,0.027777777777777776,5102,224,97
18,1,9,0.2,wave,0.075,3,0.027777777777777776,5018,271,102
18,1,10,0.2,wave,0.075,3,0.027777777777777776,4798,307,114
18,1,11,0.2,wave,0.075,3,0.027777777777777776,4627,350,134
18,1,12,0.2,wave,0.075,3,0.027777777777777776,4456,391,161
18,1,13,0.2,wave,0.075,3,0.027777777777777776,4310,416,177
18,1,14,0.2,wave,0.075,3,0.027777777777777776,4183,422,186
18,1,15,0.2,wave,0.075,3,0.027777777777777776,4084,443,203
18,1,16,0.2,wave,0.075,3,0.027777777777777776,3944,441,210
18,1,17,0.2,wave,0.075,3,0.027777777777777776,3760,468,200
18,1,18,0.2,wave,0.075,3,0.027777777777777776,3578,449,207
18,1,19,0.2,wave,0.075,3,0.027777777777777776,3492,459,213
18,1,20,0.2,wave,0.075,3,0.027777777777777776,5048,434,224
18,1,21,0.2,wave,0.075,3,0.027777777777777776,4696,503,211
18,1,22,0.2,wave,0.075,3,0.027777777777777776,4592,527,223
18,1,23,0.2,wave,0.075,3,0.027777777777777776,4512,586,249
18,1,24,0.2,wave,0.075,3,0.027777777777777776,4295,605,274
18,1,25,0.2,wave,0.075,3,0.027777777777777776,4147,621,290
18,1,26,0.2,wave,0.075,3,0.027777777777777776,3929,598,287
18,1,27,0.2,wave,0.075,3,0.027777777777777776,3783,631,307
18,1,28,0.2,wave,0.075,3,0.027777777777777776,3615,604,306
18,1,29,0.2,wave,0.075,3,0.027777777777777776,3455,579,291
18,1,30,0.2,wave,0.075,3,0.027777777777777776,3251,532,257
18,1,31,0.2,wave,0.075,3,0.027777777777777776,3143,501,249
18,1,32,0.2,wave,0.075,3,0.027777777777777776,3007,482,257
18,1,33,0.2,wave,0.075,3,0.027777777777777776,2876,467,239
18,1,34,0.2,wave,0.075,3,0.027777777777777776,2755,451,220
18,1,35,0.2,wave,0.075,3,0.027777777777777776,2654,430,200
18,1,36,0.2,wave,0.075,3,0.027777777777777776,2542,416,197
18,1,37,0.2,wave,0.075,3,0.027777777777777776,2433,390,194
18,1,38,0.2,wave,0.075,3,0.027777777777777776,2367,381,199
18,1,39,0.2,wave,0.075,3,0.027777777777777776,2273,358,176
18,1,40,0.2,wave,0.075,3,0.027777777777777776,2183,331,166
18,1,41,0.2,wave,0.075,3,0.027777777777777776,2078,324,162
18,1,42,0.2,wave,0.075,3,0.027777777777777776,1996,311,155
18,1,43,0.2,wave,0.075,3,0.027777777777777776,1938,297,157
18,1,44,0.2,wave,0.075,3,0.027777777777777776,1858,276,149
18,1,45,0.2,wave,0.075,3,0.027777777777777776,1818,269,152
18,1,46,0.2,wave,0.075,3,0.027777777777777776,1725,239,136
18,1,47,0.2,wave,0.075,3,0.027777777777777776,1674,208,119
18,1,48,0.2,wave,0.075,3,0.027777777777777776,1593,188,106
18,1,49,0.2,wave,0.075,3,0.027777777777777776,1539,153,91
18,1,50,0.2,wave,0.075,3,0.027777777777777776,1484,142,76
18,1,51,0.2,wave,0.075,3,0.027777777777777776,1452,122,66
18,1,52,0.2,wave,0.075,3,0.027777777777777776,1411,107,62
18,2,1,0.2,wave,0.075,3,0.027777777777777776,1384,100,61
18,2,2,0.2,wave,0.075,3,0.027777777777777776,1351,84,61
18,2,3,0.2,wave,0.075,3,0.027777777777777776,1320,68,45
18,2,4,0.2,wave,0.075,3,0.027777777777777776,1295,61,33
18,2,5,0.2,wave,0.075,3,0.027777777777777776,1262,42,21
18,2,6,0.2,wave,0.075,3,0.027777777777777776,1242,44,25
18,2,7,0.2,wave,0.075,3,0.027777777777777776,1238,45,29
18,2,8,0.2,wave,0.075,3,0.027777777777777776,1218,41,25
18,2,9,0.2,wave,0.075,3,0.027777777777777776,1203,36,23
18,2,10,0.2,wave,0.075,3,0.027777777777777776,1189,31,17
18,2,11,0.2,wave,0.075,3,0.027777777777777776,1181,30,17
18,2,12,0.2,wave,0.075,3,0.027777777777777776,1158,24,12
18,2,13,0.2,wave,0.075,3,0.027777777777777776,1148,23,12
18,2,14,0.2,wave,0.075,3,0.027777777777777776,1141,18,10
18,2,15,0.2,wave,0.075,3,0.027777777777777776,1133,15,10
18,2,16,0.2,wave,0.075,3,0.027777777777777776,1123,12,9
18,2,17,0.2,wave,0.075,3,0.027777777777777776,1116,9,8
18,2,18,0.2,wave,0.075,3,0.027777777777777776,1109,6,5
18,2,19,0.2,wave,0.075,3,0.027777777777777776,1106,5,3
18,2,20,0.2,wave,0.075,3,0.027777777777777776,1611,3,1
18,2,21,0.2,wave,0.075,3,0.027777777777777776,1609,2,1
18,2,22,0.2,wave,0.075,3,0.027777777777777776,1594,2,2
18,2,23,0.2,wave,0.075,3,0.027777777777777776,1566,1,1
18,2,24,0.2,wave,0.075,3,0.027777777777777776,1559,0,0
18,2,25,0.2,wave,0.075,3,0.027777777777777776,1519,0,0
18,2,26,0.2,wave,0.075,3,0.027777777777777776,1494,1,1
18,2,27,0.2,wave,0.075,3,0.027777777777777776,1465,0,0
18,2,28,0.2,wave,0.075,3,0.027777777777777776,1392,0,0
18,2,29,0.2,wave,0.075,3,0.027777777777777776,1366,0,0
18,2,30,0.2,wave,0.075,3,0.027777777777777776,1364,0,0
18,2,31,0.2,wave,0.075,3,0.027777777777777776,1326,0,0
18,2,32,0.2,wave,0.075,3,0.027777777777777776,1321,0,0
18,2,33,0.2,wave,0.075,3,0.027777777777777776,1313,0,0
18,2,34,0.2,wave,0.075,3,0.027777777777777776,1321,0,0
18,2,35,0.2,wave,0.075,3,0.027777777777777776,1288,0,0
18,2,36,0.2,wave,0.075,3,0.027777777777777776,1282,0,0
18,2,37,0.2,wave,0.075,3,0.027777777777777776,1271,0,0
18,2,38,0.2,wave,0.075,3,0.027777777777777776,1266,0,0
18,2,39,0.2,wave,0.075,3,0.027777777777777776,1247,0,0
18,2,40,0.2,wave,0.075,3,0.027777777777777776,1225,0,0
18,2,41,0.2,wave,0.075,3,0.027777777777777776,1209,0,0
18,2,42,0.2,wave,0.075,3,0.027777777777777776,1186,0,0
18,2,43,0.2,wave,0.075,3,0.027777777777777776,1182,0,0
18,2,44,0.2,wave,0.075,3,0.027777777777777776,1166,0,0
18,2,45,0.2,wave,0.075,3,0.027777777777777776,1162,0,0
18,2,46,0.2,wave,0.075,3,0.027777777777777776,1144,0,0
18,2,47,0.2,wave,0.075,3,0.027777777777777776,1142,0,0
18,2,48,0.2,wave,0.075,3,0.027777777777777776,1122,0,0
18,2,49,0.2,wave,0.075,3,0.027777777777777776,1117,0,0
18,2,50,0.2,wave,0.075,3,0.027777777777777776,1098,0,0
18,2,51,0.2,wave,0.075,3,0.027777777777777776,1087,0,0
18,2,52,0.2,wave,0.075,3,0.027777777777777776,1069,0,0
18,3,1,0.2,wave,0.075,3,0.027777777777777776,1055,0,0
18,3,2,0.2,wave,0.075,3,0.027777777777777776,1036,0,0
18,3,3,0.2,wave,0.075,3,0.027777777777777776,1039,0,0
18,3,4,0.2,wave,0.075,3,0.027777777777777776,1032,0,0
18,3,5,0.2,wave,0.075,3,0.027777777777777776,1010,0,0
18,3,6,0.2,wave,0.075,3,0.027777777777777776,1002,0,0
18,3,7,0.2,wave,0.075,3,0.027777777777777776,1000,0,0
18,3,8,0.2,wave,0.075,3,0.027777777777777776,999,0,0
18,3,9,0.2,wave,0.075,3,0.027777777777777776,995,0,0
18,3,10,0.2,wave,0.075,3,0.027777777777777776,989,0,0
18,3,11,0.2,wave,0.075,3,0.027777777777777776,986,0,0
18,3,12,0.2,wave,0.075,3,0.027777777777777776,973,0,0
18,3,13,0.2,wave,0.075,3,0.027777777777777776,962,0,0
18,3,14,0.2,wave,0.075,3,0.027777777777777776,952,0,0
18,3,15,0.2,wave,0.075,3,0.027777777777777776,955,0,0
18,3,16,0.2,wave,0.075,3,0.027777777777777776,945,0,0
18,3,17,0.2,wave,0.075,3,0.027777777777777776,945,0,0
18,3,18,0.2,wave,0.075,3,0.027777777777777776,937,0,0
18,3,19,0.2,wave,0.075,3,0.027777777777777776,938,0,0
18,3,20,0.2,wave,0.075,3,0.027777777777777776,1388,0,0
18,3,21,0.2,wave,0.075,3,0.027777777777777776,1371,0,0
18,3,22,0.2,wave,0.075,3,0.027777777777777776,1352,0,0
18,3,23,0.2,wave,0.075,3,0.027777777777777776,1318,0,0
18,3,24,0.2,wave,0.075,3,0.027777777777777776,1270,0,0
18,3,25,0.2,wave,0.075,3,0.027777777777777776,1242,0,0
18,3,26,0.2,wave,0.075,3,0.027777777777777776,1229,0,0
18,3,27,0.2,wave,0.075,3,0.027777777777777776,1205,0,0
18,3,28,0.2,wave,0.075,3,0.027777777777777776,1178,0,0
18,3,29,0.2,wave,0.075,3,0.027777777777777776,1160,0,0
18,3,30,0.2,wave,0.075,3,0.027777777777777776,1159,0,0
18,3,31,0.2,wave,0.075,3,0.027777777777777776,1123,0,0
18,3,32,0.2,wave,0.075,3,0.027777777777777776,1116,0,0
18,3,33,0.2,wave,0.075,3,0.027777777777777776,1078,0,0
18,3,34,0.2,wave,0.075,3,0.027777777777777776,1069,0,0
18,3,35,0.2,wave,0.075,3,0.027777777777777776,1047,0,0
18,3,36,0.2,wave,0.075,3,0.027777777777777776,1049,0,0
18,3,37,0.2,wave,0.075,3,0.027777777777777776,1032,0,0
18,3,38,0.2,wave,0.075,3,0.027777777777777776,1013,0,0
18,3,39,0.2,wave,0.075,3,0.027777777777777776,964,0,0
18,3,40,0.2,wave,0.075,3,0.027777777777777776,942,0,0
18,3,41,0.2,wave,0.075,3,0.027777777777777776,931,0,0
18,3,42,0.2,wave,0.075,3,0.027777777777777776,919,0,0
18,3,43,0.2,wave,0.075,3,0.027777777777777776,913,0,0
18,3,44,0.2,wave,0.075,3,0.027777777777777776,908,0,0
18,3,45,0.2,wave,0.075,3,0.027777777777777776,901,0,0
18,3,46,0.2,wave,0.075,3,0.027777777777777776,897,0,0
18,3,47,0.2,wave,0.075,3,0.027777777777777776,888,0,0
18,3,48,0.2,wave,0.075,3,0.027777777777777776,882,0,0
18,3,49,0.2,wave,0.075,3,0.027777777777777776,879,0,0
18,3,50,0.2,wave,0.075,3,0.027777777777777776,872,0,0
18,3,51,0.2,wave,0.075,3,0.027777777777777776,864,0,0
18,3,52,0.2,wave,0.075,3,0.027777777777777776,858,0,0
18,4,1,0.2,wave,0.075,3,0.027777777777777776,848,0,0
18,4,2,0.2,wave,0.075,3,0.027777777777777776,843,0,0
18,4,3,0.2,wave,0.075,3,0.027777777777777776,839,0,0
18,4,4,0.2,wave,0.075,3,0.027777777777777776,835,0,0
18,4,5,0.2,wave,0.075,3,0.027777777777777776,827,0,0
18,4,6,0.2,wave,0.075,3,0.027777777777777776,820,0,0
18,4,7,0.2,wave,0.075,3,0.027777777777777776,818,0,0
18,4,8,0.2,wave,0.075,3,0.027777777777777776,818,0,0
18,4,9,0.2,wave,0.075,3,0.027777777777777776,813,0,0
18,4,10,0.2,wave,0.075,3,0.027777777777777776,812,0,0
18,4,11,0.2,wave,0.075,3,0.027777777777777776,805,0,0
18,4,12,0.2,wave,0.075,3,0.027777777777777776,807,0,0
18,4,13,0.2,wave,0.075,3,0.027777777777777776,805,0,0
18,4,14,0.2,wave,0.075,3,0.027777777777777776,808,0,0
18,4,15,0.2,wave,0.075,3,0.027777777777777776,800,0,0
18,4,16,0.2,wave,0.075,3,0.027777777777777776,787,0,0
18,4,17,0.2,wave,0.075,3,0.027777777777777776,781,0,0
18,4,18,0.2,wave,0.075,3,0.027777777777777776,778,0,0
18,4,19,0.2,wave,0.075,3,0.027777777777777776,778,0,0
18,4,20,0.2,wave,0.075,3,0.027777777777777776,1138,0,0
18,4,21,0.2,wave,0.075,3,0.027777777777777776,1094,0,0
18,4,22,0.2,wave,0.075,3,0.027777777777777776,1076,0,0
18,4,23,0.2,wave,0.075,3,0.027777777777777776,1070,0,0
18,4,24,0.2,wave,0.075,3,0.027777777777777776,1015,0,0
18,4,25,0.2,wave,0.075,3,0.027777777777777776,1025,0,0
18,4,26,0.2,wave,0.075,3,0.027777777777777776,1000,0,0
18,4,27,0.2,wave,0.075,3,0.027777777777777776,996,0,0
18,4,28,0.2,wave,0.075,3,0.027777777777777776,984,0,0
18,4,29,0.2,wave,0.075,3,0.027777777777777776,980,0,0
18,4,30,0.2,wave,0.075,3,0.027777777777777776,963,0,0
18,4,31,0.2,wave,0.075,3,0.027777777777777776,950,0,0
18,4,32,0.2,wave,0.075,3,0.027777777777777776,925,0,0
18,4,33,0.2,wave,0.075,3,0.027777777777777776,910,0,0
18,4,34,0.2,wave,0.075,3,0.027777777777777776,909,0,0
18,4,35,0.2,wave,0.075,3,0.027777777777777776,896,0,0
18,4,36,0.2,wave,0.075,3,0.027777777777777776,895,0,0
18,4,37,0.2,wave,0.075,3,0.027777777777777776,884,0,0
18,4,38,0.2,wave,0.075,3,0.027777777777777776,853,0,0
18,4,39,0.2,wave,0.075,3,0.027777777777777776,842,0,0
18,4,40,0.2,wave,0.075,3,0.027777777777777776,849,0,0
18,4,41,0.2,wave,0.075,3,0.027777777777777776,826,0,0
18,4,42,0.2,wave,0.075,3,0.027777777777777776,819,0,0
18,4,43,0.2,wave,0.075,3,0.027777777777777776,810,0,0
18,4,44,0.2,wave,0.075,3,0.027777777777777776,795,0,0
18,4,45,0.2,wave,0.075,3,0.027777777777777776,792,0,0
18,4,46,0.2,wave,0.075,3,0.027777777777777776,782,0,0
18,4,47,0.2,wave,0.075,3,0.027777777777777776,777,0,0
18,4,48,0.2,wave,0.075,3,0.027777777777777776,772,0,0
18,4,49,0.2,wave,0.075,3,0.027777777777777776,768,0,0
18,4,50,0.2,wave,0.075,3,0.027777777777777776,768,0,0
18,4,51,0.2,wave,0.075,3,0.027777777777777776,761,0,0
18,4,52,0.2,wave,0.075,3,0.027777777777777776,759,0,0
18,5,1,0.2,wave,0.075,3,0.027777777777777776,752,0,0
18,5,2,0.2,wave,0.075,3,0.027777777777777776,747,0,0
18,5,3,0.2,wave,0.075,3,0.027777777777777776,746,0,0
18,5,4,0.2,wave,0.075,3,0.027777777777777776,742,0,0
18,5,5,0.2,wave,0.075,3,0.027777777777777776,739,0,0
18,5,6,0.2,wave,0.075,3,0.027777777777777776,737,0,0
18,5,7,0.2,wave,0.075,3,0.027777777777777776,733,0,0
18,5,8,0.2,wave,0.075,3,0.027777777777777776,731,0,0
18,5,9,0.2,wave,0.075,3,0.027777777777777776,724,0,0
18,5,10,0.2,wave,0.075,3,0.027777777777777776,722,0,0
18,5,11,0.2,wave,0.075,3,0.027777777777777776,719,0,0
18,5,12,0.2,wave,0.075,3,0.027777777777777776,705,0,0
18,5,13,0.2,wave,0.075,3,0.027777777777777776,703,0,0
18,5,14,0.2,wave,0.075,3,0.027777777777777776,704,0,0
18,5,15,0.2,wave,0.075,3,0.027777777777777776,701,0,0
18,5,16,0.2,wave,0.075,3,0.027777777777777776,699,0,0
18,5,17,0.2,wave,0.075,3,0.027777777777777776,683,0,0
18,5,18,0.2,wave,0.075,3,0.027777777777777776,681,0,0
18,5,19,0.2,wave,0.075,3,0.027777777777777776,681,0,0
18,5,20,0.2,wave,0.075,3,0.027777777777777776,1053,0,0
18,5,21,0.2,wave,0.075,3,0.027777777777777776,1033,0,0
18,5,22,0.2,wave,0.075,3,0.027777777777777776,1032,0,0
18,5,23,0.2,wave,0.075,3,0.027777777777777776,1019,0,0
18,5,24,0.2,wave,0.075,3,0.027777777777777776,1020,0,0
18,5,25,0.2,wave,0.075,3,0.027777777777777776,1008,0,0
18,5,26,0.2,wave,0.075,3,0.027777777777777776,996,0,0
18,5,27,0.2,wave,0.075,3,0.027777777777777776,994,0,0
18,5,28,0.2,wave,0.075,3,0.027777777777777776,995,0,0
18,5,29,0.2,wave,0.075,3,0.027777777777777776,976,0,0
18,5,30,0.2,wave,0.075,3,0.027777777777777776,944,0,0
18,5,31,0.2,wave,0.075,3,0.027777777777777776,928,0,0
18,5,32,0.2,wave,0.075,3,0.027777777777777776,921,0,0
18,5,33,0.2,wave,0.075,3,0.027777777777777776,912,0,0
18,5,34,0.2,wave,0.075,3,0.027777777777777776,908,0,0
18,5,35,0.2,wave,0.075,3,0.027777777777777776,886,0,0
18,5,36,0.2,wave,0.075,3,0.027777777777777776,878,0,0
18,5,37,0.2,wave,0.075,3,0.027777777777777776,851,0,0
18,5,38,0.2,wave,0.075,3,0.027777777777777776,853,0,0
18,5,39,0.2,wave,0.075,3,0.027777777777777776,843,0,0
18,5,40,0.2,wave,0.075,3,0.027777777777777776,836,0,0
18,5,41,0.2,wave,0.075,3,0.027777777777777776,809,0,0
18,5,42,0.2,wave,0.075,3,0.027777777777777776,794,0,0
18,5,43,0.2,wave,0.075,3,0.027777777777777776,792,0,0
18,5,44,0.2,wave,0.075,3,0.027777777777777776,786,0,0
18,5,45,0.2,wave,0.075,3,0.027777777777777776,786,0,0
18,5,46,0.2,wave,0.075,3,0.027777777777777776,779,0,0
18,5,47,0.2,wave,0.075,3,0.027777777777777776,776,0,0
18,5,48,0.2,wave,0.075,3,0.027777777777777776,771,0,0
18,5,49,0.2,wave,0.075,3,0.027777777777777776,773,0,0
18,5,50,0.2,wave,0.075,3,0.027777777777777776,764,0,0
18,5,51,0.2,wave,0.075,3,0.027777777777777776,761,0,0
18,5,52,0.2,wave,0.075,3,0.027777777777777776,750,0,0
18,6,1,0.2,wave,0.075,3,0.027777777777777776,743,0,0
18,6,2,0.2,wave,0.075,3,0.027777777777777776,726,0,0
18,6,3,0.2,wave,0.075,3,0.027777777777777776,724,0,0
18,6,4,0.2,wave,0.075,3,0.027777777777777776,718,0,0
18,6,5,0.2,wave,0.075,3,0.027777777777777776,715,0,0
18,6,6,0.2,wave,0.075,3,0.027777777777777776,704,0,0
18,6,7,0.2,wave,0.075,3,0.027777777777777776,703,0,0
18,6,8,0.2,wave,0.075,3,0.027777777777777776,697,0,0
18,6,9,0.2,wave,0.075,3,0.027777777777777776,696,0,0
18,6,10,0.2,wave,0.075,3,0.027777777777777776,694,0,0
18,6,11,0.2,wave,0.075,3,0.027777777777777776,696,0,0
18,6,12,0.2,wave,0.075,3,0.027777777777777776,694,0,0
18,6,13,0.2,wave,0.075,3,0.027777777777777776,693,0,0
18,6,14,0.2,wave,0.075,3,0.027777777777777776,689,0,0
18,6,15,0.2,wave,0.075,3,0.027777777777777776,688,0,0
18,6,16,0.2,wave,0.075,3,0.027777777777777776,687,0,0
18,6,17,0.2,wave,0.075,3,0.027777777777777776,687,0,0
18,6,18,0.2,wave,0.075,3,0.027777777777777776,687,0,0
18,6,19,0.2,wave,0.075,3,0.027777777777777776,688,0,0
18,6,20,0.2,wave,0.075,3,0.027777777777777776,1016,0,0
18,6,21,0.2,wave,0.075,3,0.027777777777777776,997,0,0
18,6,22,0.2,wave,0.075,3,0.027777777777777776,978,0,0
18,6,23,0.2,wave,0.075,3,0.027777777777777776,975,0,0
18,6,24,0.2,wave,0.075,3,0.027777777777777776,973,0,0
18,6,25,0.2,wave,0.075,3,0.027777777777777776,930,0,0
18,6,26,0.2,wave,0.075,3,0.027777777777777776,921,0,0
18,6,27,0.2,wave,0.075,3,0.027777777777777776,895,0,0
18,6,28,0.2,wave,0.075,3,0.027777777777777776,880,0,0
18,6,29,0.2,wave,0.075,3,0.027777777777777776,878,0,0
18,6,30,0.2,wave,0.075,3,0.027777777777777776,833,0,0
18,6,31,0.2,wave,0.075,3,0.027777777777777776,834,0,0
18,6,32,0.2,wave,0.075,3,0.027777777777777776,820,0,0
18,6,33,0.2,wave,0.075,3,0.027777777777777776,808,0,0
18,6,34,0.2,wave,0.075,3,0.027777777777777776,803,0,0
18,6,35,0.2,wave,0.075,3,0.027777777777777776,807,0,0
18,6,36,0.2,wave,0.075,3,0.027777777777777776,787,0,0
18,6,37,0.2,wave,0.075,3,0.027777777777777776,767,0,0
18,6,38,0.2,wave,0.075,3,0.027777777777777776,763,0,0
18,6,39,0.2,wave,0.075,3,0.027777777777777776,746,0,0
18,6,40,0.2,wave,0.075,3,0.027777777777777776,743,0,0
18,6,41,0.2,wave,0.075,3,0.027777777777777776,734,0,0
18,6,42,0.2,wave,0.075,3,0.027777777777777776,722,0,0
18,6,43,0.2,wave,0.075,3,0.027777777777777776,728,0,0
18,6,44,0.2,wave,0.075,3,0.027777777777777776,721,0,0
18,6,45,0.2,wave,0.075,3,0.027777777777777776,719,0,0
18,6,46,0.2,wave,0.075,3,0.027777777777777776,713,0,0
18,6,47,0.2,wave,0.075,3,0.027777777777777776,709,0,0
18,6,48,0.2,wave,0.075,3,0.027777777777777776,707,0,0
18,6,49,0.2,wave,0.075,3,0.027777777777777776,705,0,0
18,6,50,0.2,wave,0.075,3,0.027777777777777776,699,0,0
18,6,51,0.2,wave,0.075,3,0.027777777777777776,694,0,0
18,6,52,0.2,wave,0.075,3,0.027777777777777776,688,0,0
18,7,1,0.2,wave,0.075,3,0.027777777777777776,683,0,0
18,7,2,0.2,wave,0.075,3,0.027777777777777776,676,0,0
18,7,3,0.2,wave,0.075,3,0.027777777777777776,673,0,0
18,7,4,0.2,wave,0.075,3,0.027777777777777776,671,0,0
18,7,5,0.2,wave,0.075,3,0.027777777777777776,652,0,0
18,7,6,0.2,wave,0.075,3,0.027777777777777776,650,0,0
18,7,7,0.2,wave,0.075,3,0.027777777777777776,653,0,0
18,7,8,0.2,wave,0.075,3,0.027777777777777776,651,0,0
18,7,9,0.2,wave,0.075,3,0.027777777777777776,652,0,0
18,7,10,0.2,wave,0.075,3,0.027777777777777776,647,0,0
18,7,11,0.2,wave,0.075,3,0.027777777777777776,646,0,0
18,7,12,0.2,wave,0.075,3,0.027777777777777776,643,0,0
18,7,13,0.2,wave,0.075,3,0.027777777777777776,643,0,0
18,7,14,0.2,wave,0.075,3,0.027777777777777776,639,0,0
18,7,15,0.2,wave,0.075,3,0.027777777777777776,640,0,0
18,7,16,0.2,wave,0.075,3,0.027777777777777776,636,0,0
18,7,17,0.2,wave,0.075,3,0.027777777777777776,639,0,0
18,7,18,0.2,wave,0.075,3,0.027777777777777776,635,0,0
18,7,19,0.2,wave,0.075,3,0.027777777777777776,637,0,0
18,7,20,0.2,wave,0.075,3,0.027777777777777776,963,0,0
18,7,21,0.2,wave,0.075,3,0.027777777777777776,953,0,0
18,7,22,0.2,wave,0.075,3,0.027777777777777776,938,0,0
18,7,23,0.2,wave,0.075,3,0.027777777777777776,943,0,0
18,7,24,0.2,wave,0.075,3,0.027777777777777776,896,0,0
18,7,25,0.2,wave,0.075,3,0.027777777777777776,889,0,0
18,7,26,0.2,wave,0.075,3,0.027777777777777776,872,0,0
18,7,27,0.2,wave,0.075,3,0.027777777777777776,858,0,0
18,7,28,0.2,wave,0.075,3,0.027777777777777776,829,0,0
18,7,29,0.2,wave,0.075,3,0.027777777777777776,805,0,0
18,7,30,0.2,wave,0.075,3,0.027777777777777776,773,0,0
18,7,31,0.2,wave,0.075,3,0.027777777777777776,779,0,0
18,7,32,0.2,wave,0.075,3,0.027777777777777776,772,0,0
18,7,33,0.2,wave,0.075,3,0.027777777777777776,772,0,0
18,7,34,0.2,wave,0.075,3,0.027777777777777776,760,0,0
18,7,35,0.2,wave,0.075,3,0.027777777777777776,754,0,0
18,7,36,0.2,wave,0.075,3,0.027777777777777776,743,0,0
18,7,37,0.2,wave,0.075,3,0.027777777777777776,748,0,0
18,7,38,0.2,wave,0.075,3,0.027777777777777776,730,0,0
18,7,39,0.2,wave,0.075,3,0.027777777777777776,735,0,0
18,7,40,0.2,wave,0.075,3,0.027777777777777776,722,0,0
18,7,41,0.2,wave,0.075,3,0.027777777777777776,726,0,0
18,7,42,0.2,wave,0.075,3,0.027777777777777776,713,0,0
18,7,43,0.2,wave,0.075,3,0.027777777777777776,718,0,0
18,7,44,0.2,wave,0.075,3,0.027777777777777776,708,0,0
18,7,45,0.2,wave,0.075,3,0.027777777777777776,714,0,0
18,7,46,0.2,wave,0.075,3,0.027777777777777776,700,0,0
18,7,47,0.2,wave,0.075,3,0.027777777777777776,702,0,0
18,7,48,0.2,wave,0.075,3,0.027777777777777776,688,0,0
18,7,49,0.2,wave,0.075,3,0.027777777777777776,694,0,0
18,7,50,0.2,wave,0.075,3,0.027777777777777776,682,0,0
18,7,51,0.2,wave,0.075,3,0.027777777777777776,683,0,0
18,7,52,0.2,wave,0.075,3,0.027777777777777776,671,0,0
18,8,1,0.2,wave,0.075,3,0.027777777777777776,675,0,0
18,8,2,0.2,wave,0.075,3,0.027777777777777776,665,0,0
18,8,3,0.2,wave,0.075,3,0.027777777777777776,673,0,0
18,8,4,0.2,wave,0.075,3,0.027777777777777776,661,0,0
18,8,5,0.2,wave,0.075,3,0.027777777777777776,669,0,0
18,8,6,0.2,wave,0.075,3,0.027777777777777776,659,0,0
18,8,7,0.2,wave,0.075,3,0.027777777777777776,667,0,0
18,8,8,0.2,wave,0.075,3,0.027777777777777776,658,0,0
18,8,9,0.2,wave,0.075,3,0.027777777777777776,665,0,0
18,8,10,0.2,wave,0.075,3,0.027777777777777776,657,0,0
18,8,11,0.2,wave,0.075,3,0.027777777777777776,650,0,0
18,8,12,0.2,wave,0.075,3,0.027777777777777776,640,0,0
18,8,13,0.2,wave,0.075,3,0.027777777777777776,650,0,0
18,8,14,0.2,wave,0.075,3,0.027777777777777776,639,0,0
18,8,15,0.2,wave,0.075,3,0.027777777777777776,649,0,0
18,8,16,0.2,wave,0.075,3,0.027777777777777776,638,0,0
18,8,17,0.2,wave,0.075,3,0.027777777777777776,647,0,0
18,8,18,0.2,wave,0.075,3,0.027777777777777776,639,0,0
18,8,19,0.2,wave,0.075,3,0.027777777777777776,645,0,0
18,8,20,0.2,wave,0.075,3,0.027777777777777776,881,0,0
18,8,21,0.2,wave,0.075,3,0.027777777777777776,876,0,0
18,8,22,0.2,wave,0.075,3,0.027777777777777776,866,0,0
18,8,23,0.2,wave,0.075,3,0.027777777777777776,873,0,0
18,8,24,0.2,wave,0.075,3,0.027777777777777776,842,0,0
18,8,25,0.2,wave,0.075,3,0.027777777777777776,838,0,0
18,8,26,0.2,wave,0.075,3,0.027777777777777776,820,0,0
18,8,27,0.2,wave,0.075,3,0.027777777777777776,812,0,0
18,8,28,0.2,wave,0.075,3,0.027777777777777776,792,0,0
18,8,29,0.2,wave,0.075,3,0.027777777777777776,786,0,0
18,8,30,0.2,wave,0.075,3,0.027777777777777776,780,0,0
18,8,31,0.2,wave,0.075,3,0.027777777777777776,787,0,0
18,8,32,0.2,wave,0.075,3,0.027777777777777776,780,0,0
18,8,33,0.2,wave,0.075,3,0.027777777777777776,772,0,0
18,8,34,0.2,wave,0.075,3,0.027777777777777776,764,0,0
18,8,35,0.2,wave,0.075,3,0.027777777777777776,772,0,0
18,8,36,0.2,wave,0.075,3,0.027777777777777776,765,0,0
18,8,37,0.2,wave,0.075,3,0.027777777777777776,772,0,0
18,8,38,0.2,wave,0.075,3,0.027777777777777776,754,0,0
18,8,39,0.2,wave,0.075,3,0.027777777777777776,761,0,0
18,8,40,0.2,wave,0.075,3,0.027777777777777776,754,0,0
18,8,41,0.2,wave,0.075,3,0.027777777777777776,760,0,0
18,8,42,0.2,wave,0.075,3,0.027777777777777776,754,0,0
18,8,43,0.2,wave,0.075,3,0.027777777777777776,760,0,0
18,8,44,0.2,wave,0.075,3,0.027777777777777776,753,0,0
18,8,45,0.2,wave,0.075,3,0.027777777777777776,760,0,0
18,8,46,0.2,wave,0.075,3,0.027777777777777776,753,0,0
18,8,47,0.2,wave,0.075,3,0.027777777777777776,760,0,0
18,8,48,0.2,wave,0.075,3,0.027777777777777776,752,0,0
18,8,49,0.2,wave,0.075,3,0.027777777777777776,758,0,0
18,8,50,0.2,wave,0.075,3,0.027777777777777776,739,0,0
18,8,51,0.2,wave,0.075,3,0.027777777777777776,744,0,0
18,8,52,0.2,wave,0.075,3,0.027777777777777776,736,0,0
18,9,1,0.2,wave,0.075,3,0.027777777777777776,741,0,0
18,9,2,0.2,wave,0.075,3,0.027777777777777776,732,0,0
18,9,3,0.2,wave,0.075,3,0.027777777777777776,741,0,0
18,9,4,0.2,wave,0.075,3,0.027777777777777776,731,0,0
18,9,5,0.2,wave,0.075,3,0.027777777777777776,724,0,0
18,9,6,0.2,wave,0.075,3,0.027777777777777776,717,0,0
18,9,7,0.2,wave,0.075,3,0.027777777777777776,722,0,0
18,9,8,0.2,wave,0.075,3,0.027777777777777776,716,0,0
18,9,9,0.2,wave,0.075,3,0.027777777777777776,720,0,0
18,9,10,0.2,wave,0.075,3,0.027777777777777776,716,0,0
18,9,11,0.2,wave,0.075,3,0.027777777777777776,721,0,0
18,9,12,0.2,wave,0.075,3,0.027777777777777776,716,0,0
18,9,13,0.2,wave,0.075,3,0.027777777777777776,720,0,0
18,9,14,0.2,wave,0.075,3,0.027777777777777776,715,0,0
18,9,15,0.2,wave,0.075,3,0.027777777777777776,708,0,0
18,9,16,0.2,wave,0.075,3,0.027777777777777776,702,0,0
18,9,17,0.2,wave,0.075,3,0.027777777777777776,707,0,0
18,9,18,0.2,wave,0.075,3,0.027777777777777776,701,0,0
18,9,19,0.2,wave,0.075,3,0.027777777777777776,706,0,0
18,9,20,0.2,wave,0.075,3,0.027777777777777776,970,0,0
18,9,21,0.2,wave,0.075,3,0.027777777777777776,973,0,0
18,9,22,0.2,wave,0.075,3,0.027777777777777776,955,0,0
18,9,23,0.2,wave,0.075,3,0.027777777777777776,906,0,0
18,9,24,0.2,wave,0.075,3,0.027777777777777776,906,0,0
18,9,25,0.2,wave,0.075,3,0.027777777777777776,912,0,0
18,9,26,0.2,wave,0.075,3,0.027777777777777776,906,0,0
18,9,27,0.2,wave,0.075,3,0.027777777777777776,866,0,0
18,9,28,0.2,wave,0.075,3,0.027777777777777776,835,0,0
18,9,29,0.2,wave,0.075,3,0.027777777777777776,817,0,0
18,9,30,0.2,wave,0.075,3,0.027777777777777776,812,0,0
18,9,31,0.2,wave,0.075,3,0.027777777777777776,816,0,0
18,9,32,0.2,wave,0.075,3,0.027777777777777776,809,0,0
18,9,33,0.2,wave,0.075,3,0.027777777777777776,816,0,0
18,9,34,0.2,wave,0.075,3,0.027777777777777776,796,0,0
18,9,35,0.2,wave,0.075,3,0.027777777777777776,807,0,0
18,9,36,0.2,wave,0.075,3,0.027777777777777776,796,0,0
18,9,37,0.2,wave,0.075,3,0.027777777777777776,808,0,0
18,9,38,0.2,wave,0.075,3,0.027777777777777776,782,0,0
18,9,39,0.2,wave,0.075,3,0.027777777777777776,790,0,0
18,9,40,0.2,wave,0.075,3,0.027777777777777776,759,0,0
18,9,41,0.2,wave,0.075,3,0.027777777777777776,768,0,0
18,9,42,0.2,wave,0.075,3,0.027777777777777776,757,0,0
18,9,43,0.2,wave,0.075,3,0.027777777777777776,768,0,0
18,9,44,0.2,wave,0.075,3,0.027777777777777776,756,0,0
18,9,45,0.2,wave,0.075,3,0.027777777777777776,764,0,0
18,9,46,0.2,wave,0.075,3,0.027777777777777776,754,0,0
18,9,47,0.2,wave,0.075,3,0.027777777777777776,756,0,0
18,9,48,0.2,wave,0.075,3,0.027777777777777776,748,0,0
18,9,49,0.2,wave,0.075,3,0.027777777777777776,757,0,0
18,9,50,0.2,wave,0.075,3,0.027777777777777776,743,0,0
18,9,51,0.2,wave,0.075,3,0.027777777777777776,749,0,0
18,9,52,0.2,wave,0.075,3,0.027777777777777776,725,0,0
18,10,1,0.2,wave,0.075,3,0.027777777777777776,730,0,0
18,10,2,0.2,wave,0.075,3,0.027777777777777776,721,0,0
18,10,3,0.2,wave,0.075,3,0.027777777777777776,729,0,0
18,10,4,0.2,wave,0.075,3,0.027777777777777776,720,0,0
18,10,5,0.2,wave,0.075,3,0.027777777777777776,713,0,0
18,10,6,0.2,wave,0.075,3,0.027777777777777776,690,0,0
18,10,7,0.2,wave,0.075,3,0.027777777777777776,684,0,0
18,10,8,0.2,wave,0.075,3,0.027777777777777776,675,0,0
18,10,9,0.2,wave,0.075,3,0.027777777777777776,684,0,0
18,10,10,0.2,wave,0.075,3,0.027777777777777776,674,0,0
18,10,11,0.2,wave,0.075,3,0.027777777777777776,682,0,0
18,10,12,0.2,wave,0.075,3,0.027777777777777776,674,0,0
18,10,13,0.2,wave,0.075,3,0.027777777777777776,681,0,0
18,10,14,0.2,wave,0.075,3,0.027777777777777776,673,0,0
18,10,15,0.2,wave,0.075,3,0.027777777777777776,681,0,0
18,10,16,0.2,wave,0.075,3,0.027777777777777776,674,0,0
18,10,17,0.2,wave,0.075,3,0.027777777777777776,682,0,0
18,10,18,0.2,wave,0.075,3,0.027777777777777776,674,0,0
18,10,19,0.2,wave,0.075,3,0.027777777777777776,682,0,0
18,10,20,0.2,wave,0.075,3,0.027777777777777776,905,0,0
18,10,21,0.2,wave,0.075,3,0.027777777777777776,911,0,0
18,10,22,0.2,wave,0.075,3,0.027777777777777776,859,0,0
18,10,23,0.2,wave,0.075,3,0.027777777777777776,878,0,0
18,10,24,0.2,wave,0.075,3,0.027777777777777776,860,0,0
18,10,25,0.2,wave,0.075,3,0.027777777777777776,878,0,0
18,10,26,0.2,wave,0.075,3,0.027777777777777776,860,0,0
18,10,27,0.2,wave,0.075,3,0.027777777777777776,868,0,0
18,10,28,0.2,wave,0.075,3,0.027777777777777776,860,0,0
18,10,29,0.2,wave,0.075,3,0.027777777777777776,869,0,0
18,10,30,0.2,wave,0.075,3,0.027777777777777776,849,0,0
18,10,31,0.2,wave,0.075,3,0.027777777777777776,858,0,0
18,10,32,0.2,wave,0.075,3,0.027777777777777776,849,0,0
18,10,33,0.2,wave,0.075,3,0.027777777777777776,858,0,0
18,10,34,0.2,wave,0.075,3,0.027777777777777776,849,0,0
18,10,35,0.2,wave,0.075,3,0.027777777777777776,846,0,0
18,10,36,0.2,wave,0.075,3,0.027777777777777776,838,0,0
18,10,37,0.2,wave,0.075,3,0.027777777777777776,845,0,0
18,10,38,0.2,wave,0.075,3,0.027777777777777776,823,0,0
18,10,39,0.2,wave,0.075,3,0.027777777777777776,829,0,0
18,10,40,0.2,wave,0.075,3,0.027777777777777776,821,0,0
18,10,41,0.2,wave,0.075,3,0.027777777777777776,826,0,0
18,10,42,0.2,wave,0.075,3,0.027777777777777776,819,0,0
18,10,43,0.2,wave,0.075,3,0.027777777777777776,826,0,0
18,10,44,0.2,wave,0.075,3,0.027777777777777776,817,0,0
18,10,45,0.2,wave,0.075,3,0.027777777777777776,812,0,0
18,10,46,0.2,wave,0.075,3,0.027777777777777776,804,0,0
18,10,47,0.2,wave,0.075,3,0.027777777777777776,811,0,0
18,10,48,0.2,wave,0.075,3,0.027777777777777776,802,0,0
18,10,49,0.2,wave,0.075,3,0.027777777777777776,797,0,0
18,10,50,0.2,wave,0.075,3,0.027777777777777776,786,0,0
18,10,51,0.2,wave,0.075,3,0.027777777777777776,780,0,0
18,10,52,0.2,wave,0.075,3,0.027777777777777776,771,0,0
19,1,1,0.2,wave,0.075,3,0.04861111111111111,6553,63,9
19,1,2,0.2,wave,0.075,3,0.04861111111111111,6412,70,25
19,1,3,0.2,wave,0.075,3,0.04861111111111111,6357,101,41
19,1,4,0.2,wave,0.075,3,0.04861111111111111,6201,128,51
19,1,5,0.2,wave,0.075,3,0.04861111111111111,6032,185,50
19,1,6,0.2,wave,0.075,3,0.04861111111111111,5795,225,66
19,1,7,0.2,wave,0.075,3,0.04861111111111111,5569,273,93
19,1,8,0.2,wave,0.075,3,0.04861111111111111,5321,325,127
19,1,9,0.2,wave,0.075,3,0.04861111111111111,5052,395,155
19,1,10,0.2,wave,0.075,3,0.04861111111111111,4774,409,160
19,1,11,0.2,wave,0.075,3,0.04861111111111111,4585,454,163
19,1,12,0.2,wave,0.075,3,0.04861111111111111,4398,454,172
19,1,13,0.2,wave,0.075,3,0.04861111111111111,4250,487,209
19,1,14,0.2,wave,0.075,3,0.04861111111111111,4144,534,236
19,1,15,0.2,wave,0.075,3,0.04861111111111111,3974,558,237
19,1,16,0.2,wave,0.075,3,0.04861111111111111,3828,566,248
19,1,17,0.2,wave,0.075,3,0.04861111111111111,3699,556,264
19,1,18,0.2,wave,0.075,3,0.04861111111111111,3509,549,289
19,1,19,0.2,wave,0.075,3,0.04861111111111111,3376,518,271
19,1,20,0.2,wave,0.075,3,0.04861111111111111,4889,477,257
19,1,21,0.2,wave,0.075,3,0.04861111111111111,4426,486,219
19,1,22,0.2,wave,0.075,3,0.04861111111111111,4284,534,234
19,1,23,0.2,wave,0.075,3,0.04861111111111111,4174,560,238
19,1,24,0.2,wave,0.075,3,0.04861111111111111,4014,572,246
19,1,25,0.2,wave,0.075,3,0.04861111111111111,3836,592,277
19,1,26,0.2,wave,0.075,3,0.04861111111111111,3636,566,261
19,1,27,0.2,wave,0.075,3,0.04861111111111111,3527,578,290
19,1,28,0.2,wave,0.075,3,0.04861111111111111,3416,552,253
19,1,29,0.2,wave,0.075,3,0.04861111111111111,3277,550,243
19,1,30,0.2,wave,0.075,3,0.04861111111111111,3191,544,227
19,1,31,0.2,wave,0.075,3,0.04861111111111111,3082,553,245
19,1,32,0.2,wave,0.075,3,0.04861111111111111,2931,589,264
19,1,33,0.2,wave,0.075,3,0.04861111111111111,2754,566,257
19,1,34,0.2,wave,0.075,3,0.04861111111111111,2615,561,261
19,1,35,0.2,wave,0.075,3,0.04861111111111111,2472,527,250
19,1,36,0.2,wave,0.075,3,0.04861111111111111,2379,503,259
19,1,37,0.2,wave,0.075,3,0.04861111111111111,2234,469,252
19,1,38,0.2,wave,0.075,3,0.04861111111111111,2124,441,229
19,1,39,0.2,wave,0.075,3,0.04861111111111111,2002,390,223
19,1,40,0.2,wave,0.075,3,0.04861111111111111,1919,357,195
19,1,41,0.2,wave,0.075,3,0.04861111111111111,1838,318,189
19,1,42,0.2,wave,0.075,3,0.04861111111111111,1763,287,151
19,1,43,0.2,wave,0.075,3,0.04861111111111111,1691,265,139
19,1,44,0.2,wave,0.075,3,0.04861111111111111,1624,217,119
19,1,45,0.2,wave,0.075,3,0.04861111111111111,1564,203,121
19,1,46,0.2,wave,0.075,3,0.04861111111111111,1497,181,109
19,1,47,0.2,wave,0.075,3,0.04861111111111111,1434,149,85
19,1,48,0.2,wave,0.075,3,0.04861111111111111,1389,119,70
19,1,49,0.2,wave,0.075,3,0.04861111111111111,1356,95,55
19,1,50,0.2,wave,0.075,3,0.04861111111111111,1326,85,54
19,1,51,0.2,wave,0.075,3,0.04861111111111111,1291,68,46
19,1,52,0.2,wave,0.075,3,0.04861111111111111,1265,53,35
19,2,1,0.2,wave,0.075,3,0.04861111111111111,1249,43,27
19,2,2,0.2,wave,0.075,3,0.04861111111111111,1225,36,14
19,2,3,0.2,wave,0.075,3,0.04861111111111111,1207,34,14
19,2,4,0.2,wave,0.075,3,0.04861111111111111,1198,33,18
19,2,5,0.2,wave,0.075,3,0.04861111111111111,1188,35,16
19,2,6,0.2,wave,0.075,3,0.04861111111111111,1172,32,16
19,2,7,0.2,wave,0.075,3,0.04861111111111111,1156,26,11
19,2,8,0.2,wave,0.075,3,0.04861111111111111,1149,31,17
19,2,9,0.2,wave,0.075,3,0.04861111111111111,1143,28,14
19,2,10,0.2,wave,0.075,3,0.04861111111111111,1135,29,17
19,2,11,0.2,wave,0.075,3,0.04861111111111111,1118,23,12
19,2,12,0.2,wave,0.075,3,0.04861111111111111,1117,22,15
19,2,13,0.2,wave,0.075,3,0.04861111111111111,1101,15,8
19,2,14,0.2,wave,0.075,3,0.04861111111111111,1091,13,6
19,2,15,0.2,wave,0.075,3,0.04861111111111111,1086,9,6
19,2,16,0.2,wave,0.075,3,0.04861111111111111,1077,10,7
19,2,17,0.2,wave,0.075,3,0.04861111111111111,1070,8,5
19,2,18,0.2,wave,0.075,3,0.04861111111111111,1062,3,2
19,2,19,0.2,wave,0.075,3,0.04861111111111111,1057,4,1
19,2,20,0.2,wave,0.075,3,0.04861111111111111,1502,5,2
19,2,21,0.2,wave,0.075,3,0.04861111111111111,1474,6,1
19,2,22,0.2,wave,0.075,3,0.04861111111111111,1457,6,1
19,2,23,0.2,wave,0.075,3,0.04861111111111111,1469,6,3
19,2,24,0.2,wave,0.075,3,0.04861111111111111,1451,6,4
19,2,25,0.2,wave,0.075,3,0.04861111111111111,1447,9,4
19,2,26,0.2,wave,0.075,3,0.04861111111111111,1417,8,4
19,2,27,0.2,wave,0.075,3,0.04861111111111111,1396,6,6
19,2,28,0.2,wave,0.075,3,0.04861111111111111,1356,7,7
19,2,29,0.2,wave,0.075,3,0.04861111111111111,1348,6,4
19,2,30,0.2,wave,0.075,3,0.04861111111111111,1340,3,1
19,2,31,0.2,wave,0.075,3,0.04861111111111111,1337,9,2
19,2,32,0.2,wave,0.075,3,0.04861111111111111,1318,3,2
19,2,33,0.2,wave,0.075,3,0.04861111111111111,1295,7,3
19,2,34,0.2,wave,0.075,3,0.04861111111111111,1281,5,3
19,2,35,0.2,wave,0.075,3,0.04861111111111111,1261,4,1
19,2,36,0.2,wave,0.075,3,0.04861111111111111,1253,6,1
19,2,37,0.2,wave,0.075,3,0.04861111111111111,1214,5,2
19,2,38,0.2,wave,0.075,3,0.04861111111111111,1226,6,4
19,2,39,0.2,wave,0.075,3,0.04861111111111111,1206,5,3
19,2,40,0.2,wave,0.075,3,0.04861111111111111,1229,5,3
19,2,41,0.2,wave,0.075,3,0.04861111111111111,1195,8,2
19,2,42,0.2,wave,0.075,3,0.04861111111111111,1219,7,3
19,2,43,0.2,wave,0.075,3,0.04861111111111111,1170,6,3
19,2,44,0.2,wave,0.075,3,0.04861111111111111,1177,6,2
19,2,45,0.2,wave,0.075,3,0.04861111111111111,1141,5,3
19,2,46,0.2,wave,0.075,3,0.04861111111111111,1150,5,2
19,2,47,0.2,wave,0.075,3,0.04861111111111111,1108,6,2
19,2,48,0.2,wave,0.075,3,0.04861111111111111,1117,4,1
19,2,49,0.2,wave,0.075,3,0.04861111111111111,1090,5,3
19,2,50,0.2,wave,0.075,3,0.04861111111111111,1101,6,3
19,2,51,0.2,wave,0.075,3,0.04861111111111111,1081,5,2
19,2,52,0.2,wave,0.075,3,0.04861111111111111,1070,3,2
19,3,1,0.2,wave,0.075,3,0.04861111111111111,1058,3,3
19,3,2,0.2,wave,0.075,3,0.04861111111111111,1055,3,3
19,3,3,0.2,wave,0.075,3,0.04861111111111111,1027,2,1
19,3,4,0.2,wave,0.075,3,0.04861111111111111,1037,1,0
19,3,5,0.2,wave,0.075,3,0.04861111111111111,1015,1,0
19,3,6,0.2,wave,0.075,3,0.04861111111111111,1022,1,0
19,3,7,0.2,wave,0.075,3,0.04861111111111111,1002,1,1
19,3,8,0.2,wave,0.075,3,0.04861111111111111,1003,1,1
19,3,9,0.2,wave,0.075,3,0.04861111111111111,982,1,1
19,3,10,0.2,wave,0.075,3,0.04861111111111111,985,0,0
19,3,11,0.2,wave,0.075,3,0.04861111111111111,966,0,0
19,3,12,0.2,wave,0.075,3,0.04861111111111111,972,0,0
19,3,13,0.2,wave,0.075,3,0.04861111111111111,956,0,0
19,3,14,0.2,wave,0.075,3,0.04861111111111111,960,0,0
19,3,15,0.2,wave,0.075,3,0.04861111111111111,938,0,0
19,3,16,0.2,wave,0.075,3,0.04861111111111111,942,0,0
19,3,17,0.2,wave,0.075,3,0.04861111111111111,931,0,0
19,3,18,0.2,wave,0.075,3,0.04861111111111111,917,0,0
19,3,19,0.2,wave,0.075,3,0.04861111111111111,908,0,0
19,3,20,0.2,wave,0.075,3,0.04861111111111111,1293,0,0
19,3,21,0.2,wave,0.075,3,0.04861111111111111,1287,0,0
19,3,22,0.2,wave,0.075,3,0.04861111111111111,1270,0,0
19,3,23,0.2,wave,0.075,3,0.04861111111111111,1239,0,0
19,3,24,0.2,wave,0.075,3,0.04861111111111111,1253,0,0
19,3,25,0.2,wave,0.075,3,0.04861111111111111,1229,0,0
19,3,26,0.2,wave,0.075,3,0.04861111111111111,1218,0,0
19,3,27,0.2,wave,0.075,3,0.04861111111111111,1189,0,0
19,3,28,0.2,wave,0.075,3,0.04861111111111111,1165,0,0
19,3,29,0.2,wave,0.075,3,0.04861111111111111,1146,0,0
19,3,30,0.2,wave,0.075,3,0.04861111111111111,1151,0,0
19,3,31,0.2,wave,0.075,3,0.04861111111111111,1131,0,0
19,3,32,0.2,wave,0.075,3,0.04861111111111111,1114,0,0
19,3,33,0.2,wave,0.075,3,0.04861111111111111,1091,0,0
19,3,34,0.2,wave,0.075,3,0.04861111111111111,1088,0,0
19,3,35,0.2,wave,0.075,3,0.04861111111111111,1083,0,0
19,3,36,0.2,wave,0.075,3,0.04861111111111111,1056,0,0
19,3,37,0.2,wave,0.075,3,0.04861111111111111,1059,0,0
19,3,38,0.2,wave,0.075,3,0.04861111111111111,1028,0,0
19,3,39,0.2,wave,0.075,3,0.04861111111111111,1037,0,0
19,3,40,0.2,wave,0.075,3,0.04861111111111111,1004,0,0
19,3,41,0.2,wave,0.075,3,0.04861111111111111,996,0,0
19,3,42,0.2,wave,0.075,3,0.04861111111111111,968,0,0
19,3,43,0.2,wave,0.075,3,0.04861111111111111,966,0,0
19,3,44,0.2,wave,0.075,3,0.04861111111111111,945,0,0
19,3,45,0.2,wave,0.075,3,0.04861111111111111,924,0,0
19,3,46,0.2,wave,0.075,3,0.04861111111111111,907,0,0
19,3,47,0.2,wave,0.075,3,0.04861111111111111,905,0,0
19,3,48,0.2,wave,0.075,3,0.04861111111111111,898,0,0
19,3,49,0.2,wave,0.075,3,0.04861111111111111,898,0,0
19,3,50,0.2,wave,0.075,3,0.04861111111111111,883,0,0
19,3,51,0.2,wave,0.075,3,0.04861111111111111,872,0,0
19,3,52,0.2,wave,0.075,3,0.04861111111111111,858,0,0
19,4,1,0.2,wave,0.075,3,0.04861111111111111,856,0,0
19,4,2,0.2,wave,0.075,3,0.04861111111111111,851,0,0
19,4,3,0.2,wave,0.075,3,0.04861111111111111,832,0,0
19,4,4,0.2,wave,0.075,3,0.04861111111111111,825,0,0
19,4,5,0.2,wave,0.075,3,0.04861111111111111,828,0,0
19,4,6,0.2,wave,0.075,3,0.04861111111111111,816,0,0
19,4,7,0.2,wave,0.075,3,0.04861111111111111,821,0,0
19,4,8,0.2,wave,0.075,3,0.04861111111111111,807,0,0
19,4,9,0.2,wave,0.075,3,0.04861111111111111,816,0,0
19,4,10,0.2,wave,0.075,3,0.04861111111111111,800,0,0
19,4,11,0.2,wave,0.075,3,0.04861111111111111,790,0,0
19,4,12,0.2,wave,0.075,3,0.04861111111111111,779,0,0
19,4,13,0.2,wave,0.075,3,0.04861111111111111,780,0,0
19,4,14,0.2,wave,0.075,3,0.04861111111111111,770,0,0
19,4,15,0.2,wave,0.075,3,0.04861111111111111,774,0,0
19,4,16,0.2,wave,0.075,3,0.04861111111111111,759,0,0
19,4,17,0.2,wave,0.075,3,0.04861111111111111,765,0,0
19,4,18,0.2,wave,0.075,3,0.04861111111111111,753,0,0
19,4,19,0.2,wave,0.075,3,0.04861111111111111,753,0,0
19,4,20,0.2,wave,0.075,3,0.04861111111111111,1090,0,0
19,4,21,0.2,wave,0.075,3,0.04861111111111111,1062,0,0
19,4,22,0.2,wave,0.075,3,0.04861111111111111,1000,0,0
19,4,23,0.2,wave,0.075,3,0.04861111111111111,991,0,0
19,4,24,0.2,wave,0.075,3,0.04861111111111111,969,0,0
19,4,25,0.2,wave,0.075,3,0.04861111111111111,973,0,0
19,4,26,0.2,wave,0.075,3,0.04861111111111111,965,0,0
19,4,27,0.2,wave,0.075,3,0.04861111111111111,931,0,0
19,4,28,0.2,wave,0.075,3,0.04861111111111111,930,0,0
19,4,29,0.2,wave,0.075,3,0.04861111111111111,934,0,0
19,4,30,0.2,wave,0.075,3,0.04861111111111111,928,0,0
19,4,31,0.2,wave,0.075,3,0.04861111111111111,922,0,0
19,4,32,0.2,wave,0.075,3,0.04861111111111111,919,0,0
19,4,33,0.2,wave,0.075,3,0.04861111111111111,916,0,0
19,4,34,0.2,wave,0.075,3,0.04861111111111111,883,0,0
19,4,35,0.2,wave,0.075,3,0.04861111111111111,884,0,0
19,4,36,0.2,wave,0.075,3,0.04861111111111111,875,0,0
19,4,37,0.2,wave,0.075,3,0.04861111111111111,866,0,0
19,4,38,0.2,wave,0.075,3,0.04861111111111111,858,0,0
19,4,39,0.2,wave,0.075,3,0.04861111111111111,857,0,0
19,4,40,0.2,wave,0.075,3,0.04861111111111111,856,0,0
19,4,41,0.2,wave,0.075,3,0.04861111111111111,844,0,0
19,4,42,0.2,wave,0.075,3,0.04861111111111111,837,0,0
19,4,43,0.2,wave,0.075,3,0.04861111111111111,835,0,0
19,4,44,0.2,wave,0.075,3,0.04861111111111111,804,0,0
19,4,45,0.2,wave,0.075,3,0.04861111111111111,790,0,0
19,4,46,0.2,wave,0.075,3,0.04861111111111111,782,0,0
19,4,47,0.2,wave,0.075,3,0.04861111111111111,779,0,0
19,4,48,0.2,wave,0.075,3,0.04861111111111111,784,0,0
19,4,49,0.2,wave,0.075,3,0.04861111111111111,781,0,0
19,4,50,0.2,wave,0.075,3,0.04861111111111111,775,0,0
19,4,51,0.2,wave,0.075,3,0.04861111111111111,770,0,0
19,4,52,0.2,wave,0.075,3,0.04861111111111111,756,0,0
19,5,1,0.2,wave,0.075,3,0.04861111111111111,752,0,0
19,5,2,0.2,wave,0.075,3,0.04861111111111111,747,0,0
19,5,3,0.2,wave,0.075,3,0.04861111111111111,744,0,0
19,5,4,0.2,wave,0.075,3,0.04861111111111111,740,0,0
19,5,5,0.2,wave,0.075,3,0.04861111111111111,734,0,0
19,5,6,0.2,wave,0.075,3,0.04861111111111111,731,0,0
19,5,7,0.2,wave,0.075,3,0.04861111111111111,714,0,0
19,5,8,0.2,wave,0.075,3,0.04861111111111111,717,0,0
19,5,9,0.2,wave,0.075,3,0.04861111111111111,706,0,0
19,5,10,0.2,wave,0.075,3,0.04861111111111111,694,0,0
19,5,11,0.2,wave,0.075,3,0.04861111111111111,685,0,0
19,5,12,0.2,wave,0.075,3,0.04861111111111111,685,0,0
19,5,13,0.2,wave,0.075,3,0.04861111111111111,679,0,0
19,5,14,0.2,wave,0.075,3,0.04861111111111111,675,0,0
19,5,15,0.2,wave,0.075,3,0.04861111111111111,670,0,0
19,5,16,0.2,wave,0.075,3,0.04861111111111111,663,0,0
19,5,17,0.2,wave,0.075,3,0.04861111111111111,657,0,0
19,5,18,0.2,wave,0.075,3,0.04861111111111111,658,0,0
19,5,19,0.2,wave,0.075,3,0.04861111111111111,654,0,0
19,5,20,0.2,wave,0.075,3,0.04861111111111111,936,0,0
19,5,21,0.2,wave,0.075,3,0.04861111111111111,907,0,0
19,5,22,0.2,wave,0.075,3,0.04861111111111111,906,0,0
19,5,23,0.2,wave,0.075,3,0.04861111111111111,917,0,0
19,5,24,0.2,wave,0.075,3,0.04861111111111111,926,0,0
19,5,25,0.2,wave,0.075,3,0.04861111111111111,935,0,0
19,5,26,0.2,wave,0.075,3,0.04861111111111111,917,0,0
19,5,27,0.2,wave,0.075,3,0.04861111111111111,899,0,0
19,5,28,0.2,wave,0.075,3,0.04861111111111111,891,0,0
19,5,29,0.2,wave,0.075,3,0.04861111111111111,883,0,0
19,5,30,0.2,wave,0.075,3,0.04861111111111111,864,0,0
19,5,31,0.2,wave,0.075,3,0.04861111111111111,856,0,0
19,5,32,0.2,wave,0.075,3,0.04861111111111111,836,0,0
19,5,33,0.2,wave,0.075,3,0.04861111111111111,836,0,0
19,5,34,0.2,wave,0.075,3,0.04861111111111111,839,0,0
19,5,35,0.2,wave,0.075,3,0.04861111111111111,829,0,0
19,5,36,0.2,wave,0.075,3,0.04861111111111111,803,0,0
19,5,37,0.2,wave,0.075,3,0.04861111111111111,773,0,0
19,5,38,0.2,wave,0.075,3,0.04861111111111111,769,0,0
19,5,39,0.2,wave,0.075,3,0.04861111111111111,749,0,0
19,5,40,0.2,wave,0.075,3,0.04861111111111111,754,0,0
19,5,41,0.2,wave,0.075,3,0.04861111111111111,735,0,0
19,5,42,0.2,wave,0.075,3,0.04861111111111111,734,0,0
19,5,43,0.2,wave,0.075,3,0.04861111111111111,729,0,0
19,5,44,0.2,wave,0.075,3,0.04861111111111111,728,0,0
19,5,45,0.2,wave,0.075,3,0.04861111111111111,713,0,0
19,5,46,0.2,wave,0.075,3,0.04861111111111111,721,0,0
19,5,47,0.2,wave,0.075,3,0.04861111111111111,707,0,0
19,5,48,0.2,wave,0.075,3,0.04861111111111111,718,0,0
19,5,49,0.2,wave,0.075,3,0.04861111111111111,699,0,0
19,5,50,0.2,wave,0.075,3,0.04861111111111111,698,0,0
19,5,51,0.2,wave,0.075,3,0.04861111111111111,667,0,0
19,5,52,0.2,wave,0.075,3,0.04861111111111111,677,0,0
19,6,1,0.2,wave,0.075,3,0.04861111111111111,665,0,0
19,6,2,0.2,wave,0.075,3,0.04861111111111111,664,0,0
19,6,3,0.2,wave,0.075,3,0.04861111111111111,654,0,0
19,6,4,0.2,wave,0.075,3,0.04861111111111111,645,0,0
19,6,5,0.2,wave,0.075,3,0.04861111111111111,632,0,0
19,6,6,0.2,wave,0.075,3,0.04861111111111111,637,0,0
19,6,7,0.2,wave,0.075,3,0.04861111111111111,629,0,0
19,6,8,0.2,wave,0.075,3,0.04861111111111111,638,0,0
19,6,9,0.2,wave,0.075,3,0.04861111111111111,623,0,0
19,6,10,0.2,wave,0.075,3,0.04861111111111111,635,0,0
19,6,11,0.2,wave,0.075,3,0.04861111111111111,622,0,0
19,6,12,0.2,wave,0.075,3,0.04861111111111111,623,0,0
19,6,13,0.2,wave,0.075,3,0.04861111111111111,614,0,0
19,6,14,0.2,wave,0.075,3,0.04861111111111111,609,0,0
19,6,15,0.2,wave,0.075,3,0.04861111111111111,600,0,0
19,6,16,0.2,wave,0.075,3,0.04861111111111111,610,0,0
19,6,17,0.2,wave,0.075,3,0.04861111111111111,598,0,0
19,6,18,0.2,wave,0.075,3,0.04861111111111111,607,0,0
19,6,19,0.2,wave,0.075,3,0.04861111111111111,594,0,0
19,6,20,0.2,wave,0.075,3,0.04861111111111111,888,0,0
19,6,21,0.2,wave,0.075,3,0.04861111111111111,865,0,0
19,6,22,0.2,wave,0.075,3,0.04861111111111111,842,0,0
19,6,23,0.2,wave,0.075,3,0.04861111111111111,829,0,0
19,6,24,0.2,wave,0.075,3,0.04861111111111111,835,0,0
19,6,25,0.2,wave,0.075,3,0.04861111111111111,828,0,0
19,6,26,0.2,wave,0.075,3,0.04861111111111111,825,0,0
19,6,27,0.2,wave,0.075,3,0.04861111111111111,815,0,0
19,6,28,0.2,wave,0.075,3,0.04861111111111111,814,0,0
19,6,29,0.2,wave,0.075,3,0.04861111111111111,812,0,0
19,6,30,0.2,wave,0.075,3,0.04861111111111111,764,0,0
19,6,31,0.2,wave,0.075,3,0.04861111111111111,754,0,0
19,6,32,0.2,wave,0.075,3,0.04861111111111111,753,0,0
19,6,33,0.2,wave,0.075,3,0.04861111111111111,743,0,0
19,6,34,0.2,wave,0.075,3,0.04861111111111111,740,0,0
19,6,35,0.2,wave,0.075,3,0.04861111111111111,731,0,0
19,6,36,0.2,wave,0.075,3,0.04861111111111111,735,0,0
19,6,37,0.2,wave,0.075,3,0.04861111111111111,707,0,0
19,6,38,0.2,wave,0.075,3,0.04861111111111111,703,0,0
19,6,39,0.2,wave,0.075,3,0.04861111111111111,702,0,0
19,6,40,0.2,wave,0.075,3,0.04861111111111111,697,0,0
19,6,41,0.2,wave,0.075,3,0.04861111111111111,695,0,0
19,6,42,0.2,wave,0.075,3,0.04861111111111111,675,0,0
19,6,43,0.2,wave,0.075,3,0.04861111111111111,663,0,0
19,6,44,0.2,wave,0.075,3,0.04861111111111111,645,0,0
19,6,45,0.2,wave,0.075,3,0.04861111111111111,646,0,0
19,6,46,0.2,wave,0.075,3,0.04861111111111111,644,0,0
19,6,47,0.2,wave,0.075,3,0.04861111111111111,624,0,0
19,6,48,0.2,wave,0.075,3,0.04861111111111111,620,0,0
19,6,49,0.2,wave,0.075,3,0.04861111111111111,603,0,0
19,6,50,0.2,wave,0.075,3,0.04861111111111111,607,0,0
19,6,51,0.2,wave,0.075,3,0.04861111111111111,598,0,0
19,6,52,0.2,wave,0.075,3,0.04861111111111111,600,0,0
19,7,1,0.2,wave,0.075,3,0.04861111111111111,594,0,0
19,7,2,0.2,wave,0.075,3,0.04861111111111111,593,0,0
19,7,3,0.2,wave,0.075,3,0.04861111111111111,589,0,0
19,7,4,0.2,wave,0.075,3,0.04861111111111111,590,0,0
19,7,5,0.2,wave,0.075,3,0.04861111111111111,587,0,0
19,7,6,0.2,wave,0.075,3,0.04861111111111111,589,0,0
19,7,7,0.2,wave,0.075,3,0.04861111111111111,586,0,0
19,7,8,0.2,wave,0.075,3,0.04861111111111111,585,0,0
19,7,9,0.2,wave,0.075,3,0.04861111111111111,581,0,0
19,7,10,0.2,wave,0.075,3,0.04861111111111111,581,0,0
19,7,11,0.2,wave,0.075,3,0.04861111111111111,581,0,0
19,7,12,0.2,wave,0.075,3,0.04861111111111111,582,0,0
19,7,13,0.2,wave,0.075,3,0.04861111111111111,581,0,0
19,7,14,0.2,wave,0.075,3,0.04861111111111111,582,0,0
19,7,15,0.2,wave,0.075,3,0.04861111111111111,580,0,0
19,7,16,0.2,wave,0.075,3,0.04861111111111111,581,0,0
19,7,17,0.2,wave,0.075,3,0.04861111111111111,581,0,0
19,7,18,0.2,wave,0.075,3,0.04861111111111111,578,0,0
19,7,19,0.2,wave,0.075,3,0.04861111111111111,578,0,0
19,7,20,0.2,wave,0.075,3,0.04861111111111111,823,0,0
19,7,21,0.2,wave,0.075,3,0.04861111111111111,826,0,0
19,7,22,0.2,wave,0.075,3,0.04861111111111111,819,0,0
19,7,23,0.2,wave,0.075,3,0.04861111111111111,824,0,0
19,7,24,0.2,wave,0.075,3,0.04861111111111111,810,0,0
19,7,25,0.2,wave,0.075,3,0.04861111111111111,810,0,0
19,7,26,0.2,wave,0.075,3,0.04861111111111111,771,0,0
19,7,27,0.2,wave,0.075,3,0.04861111111111111,779,0,0
19,7,28,0.2,wave,0.075,3,0.04861111111111111,780,0,0
19,7,29,0.2,wave,0.075,3,0.04861111111111111,756,0,0
19,7,30,0.2,wave,0.075,3,0.04861111111111111,748,0,0
19,7,31,0.2,wave,0.075,3,0.04861111111111111,753,0,0
19,7,32,0.2,wave,0.075,3,0.04861111111111111,742,0,0
19,7,33,0.2,wave,0.075,3,0.04861111111111111,741,0,0
19,7,34,0.2,wave,0.075,3,0.04861111111111111,737,0,0
19,7,35,0.2,wave,0.075,3,0.04861111111111111,735,0,0
19,7,36,0.2,wave,0.075,3,0.04861111111111111,739,0,0
19,7,37,0.2,wave,0.075,3,0.04861111111111111,738,0,0
19,7,38,0.2,wave,0.075,3,0.04861111111111111,736,0,0
19,7,39,0.2,wave,0.075,3,0.04861111111111111,737,0,0
19,7,40,0.2,wave,0.075,3,0.04861111111111111,734,0,0
19,7,41,0.2,wave,0.075,3,0.04861111111111111,731,0,0
19,7,42,0.2,wave,0.075,3,0.04861111111111111,732,0,0
19,7,43,0.2,wave,0.075,3,0.04861111111111111,732,0,0
19,7,44,0.2,wave,0.075,3,0.04861111111111111,732,0,0
19,7,45,0.2,wave,0.075,3,0.04861111111111111,726,0,0
19,7,46,0.2,wave,0.075,3,0.04861111111111111,725,0,0
19,7,47,0.2,wave,0.075,3,0.04861111111111111,723,0,0
19,7,48,0.2,wave,0.075,3,0.04861111111111111,718,0,0
19,7,49,0.2,wave,0.075,3,0.04861111111111111,722,0,0
19,7,50,0.2,wave,0.075,3,0.04861111111111111,714,0,0
19,7,51,0.2,wave,0.075,3,0.04861111111111111,714,0,0
19,7,52,0.2,wave,0.075,3,0.04861111111111111,715,0,0
19,8,1,0.2,wave,0.075,3,0.04861111111111111,698,0,0
19,8,2,0.2,wave,0.075,3,0.04861111111111111,686,0,0
19,8,3,0.2,wave,0.075,3,0.04861111111111111,673,0,0
19,8,4,0.2,wave,0.075,3,0.04861111111111111,674,0,0
19,8,5,0.2,wave,0.075,3,0.04861111111111111,670,0,0
19,8,6,0.2,wave,0.075,3,0.04861111111111111,670,0,0
19,8,7,0.2,wave,0.075,3,0.04861111111111111,666,0,0
19,8,8,0.2,wave,0.075,3,0.04861111111111111,670,0,0
19,8,9,0.2,wave,0.075,3,0.04861111111111111,664,0,0
19,8,10,0.2,wave,0.075,3,0.04861111111111111,670,0,0
19,8,11,0.2,wave,0.075,3,0.04861111111111111,664,0,0
19,8,12,0.2,wave,0.075,3,0.04861111111111111,654,0,0
19,8,13,0.2,wave,0.075,3,0.04861111111111111,652,0,0
19,8,14,0.2,wave,0.075,3,0.04861111111111111,655,0,0
19,8,15,0.2,wave,0.075,3,0.04861111111111111,650,0,0
19,8,16,0.2,wave,0.075,3,0.04861111111111111,653,0,0
19,8,17,0.2,wave,0.075,3,0.04861111111111111,650,0,0
19,8,18,0.2,wave,0.075,3,0.04861111111111111,651,0,0
19,8,19,0.2,wave,0.075,3,0.04861111111111111,648,0,0
19,8,20,0.2,wave,0.075,3,0.04861111111111111,993,0,0
19,8,21,0.2,wave,0.075,3,0.04861111111111111,963,0,0
19,8,22,0.2,wave,0.075,3,0.04861111111111111,951,0,0
19,8,23,0.2,wave,0.075,3,0.04861111111111111,939,0,0
19,8,24,0.2,wave,0.075,3,0.04861111111111111,928,0,0
19,8,25,0.2,wave,0.075,3,0.04861111111111111,893,0,0
19,8,26,0.2,wave,0.075,3,0.04861111111111111,899,0,0
19,8,27,0.2,wave,0.075,3,0.04861111111111111,891,0,0
19,8,28,0.2,wave,0.075,3,0.04861111111111111,880,0,0
19,8,29,0.2,wave,0.075,3,0.04861111111111111,876,0,0
19,8,30,0.2,wave,0.075,3,0.04861111111111111,863,0,0
19,8,31,0.2,wave,0.075,3,0.04861111111111111,841,0,0
19,8,32,0.2,wave,0.075,3,0.04861111111111111,849,0,0
19,8,33,0.2,wave,0.075,3,0.04861111111111111,839,0,0
19,8,34,0.2,wave,0.075,3,0.04861111111111111,846,0,0
19,8,35,0.2,wave,0.075,3,0.04861111111111111,840,0,0
19,8,36,0.2,wave,0.075,3,0.04861111111111111,843,0,0
19,8,37,0.2,wave,0.075,3,0.04861111111111111,844,0,0
19,8,38,0.2,wave,0.075,3,0.04861111111111111,845,0,0
19,8,39,0.2,wave,0.075,3,0.04861111111111111,844,0,0
19,8,40,0.2,wave,0.075,3,0.04861111111111111,843,0,0
19,8,41,0.2,wave,0.075,3,0.04861111111111111,839,0,0
19,8,42,0.2,wave,0.075,3,0.04861111111111111,837,0,0
19,8,43,0.2,wave,0.075,3,0.04861111111111111,833,0,0
19,8,44,0.2,wave,0.075,3,0.04861111111111111,824,0,0
19,8,45,0.2,wave,0.075,3,0.04861111111111111,815,0,0
19,8,46,0.2,wave,0.075,3,0.04861111111111111,810,0,0
19,8,47,0.2,wave,0.075,3,0.04861111111111111,807,0,0
19,8,48,0.2,wave,0.075,3,0.04861111111111111,810,0,0
19,8,49,0.2,wave,0.075,3,0.04861111111111111,806,0,0
19,8,50,0.2,wave,0.075,3,0.04861111111111111,811,0,0
19,8,51,0.2,wave,0.075,3,0.04861111111111111,805,0,0
19,8,52,0.2,wave,0.075,3,0.04861111111111111,808,0,0
19,9,1,0.2,wave,0.075,3,0.04861111111111111,801,0,0
19,9,2,0.2,wave,0.075,3,0.04861111111111111,804,0,0
19,9,3,0.2,wave,0.075,3,0.04861111111111111,798,0,0
19,9,4,0.2,wave,0.075,3,0.04861111111111111,800,0,0
19,9,5,0.2,wave,0.075,3,0.04861111111111111,791,0,0
19,9,6,0.2,wave,0.075,3,0.04861111111111111,786,0,0
19,9,7,0.2,wave,0.075,3,0.04861111111111111,778,0,0
19,9,8,0.2,wave,0.075,3,0.04861111111111111,786,0,0
19,9,9,0.2,wave,0.075,3,0.04861111111111111,776,0,0
19,9,10,0.2,wave,0.075,3,0.04861111111111111,780,0,0
19,9,11,0.2,wave,0.075,3,0.04861111111111111,779,0,0
19,9,12,0.2,wave,0.075,3,0.04861111111111111,768,0,0
19,9,13,0.2,wave,0.075,3,0.04861111111111111,767,0,0
19,9,14,0.2,wave,0.075,3,0.04861111111111111,757,0,0
19,9,15,0.2,wave,0.075,3,0.04861111111111111,754,0,0
19,9,16,0.2,wave,0.075,3,0.04861111111111111,756,0,0
19,9,17,0.2,wave,0.075,3,0.04861111111111111,753,0,0
19,9,18,0.2,wave,0.075,3,0.04861111111111111,759,0,0
19,9,19,0.2,wave,0.075,3,0.04861111111111111,758,0,0
19,9,20,0.2,wave,0.075,3,0.04861111111111111,1085,0,0
19,9,21,0.2,wave,0.075,3,0.04861111111111111,1071,0,0
19,9,22,0.2,wave,0.075,3,0.04861111111111111,1039,0,0
19,9,23,0.2,wave,0.075,3,0.04861111111111111,1034,0,0
19,9,24,0.2,wave,0.075,3,0.04861111111111111,1006,0,0
19,9,25,0.2,wave,0.075,3,0.04861111111111111,991,0,0
19,9,26,0.2,wave,0.075,3,0.04861111111111111,970,0,0
19,9,27,0.2,wave,0.075,3,0.04861111111111111,971,0,0
19,9,28,0.2,wave,0.075,3,0.04861111111111111,937,0,0
19,9,29,0.2,wave,0.075,3,0.04861111111111111,940,0,0
19,9,30,0.2,wave,0.075,3,0.04861111111111111,920,0,0
19,9,31,0.2,wave,0.075,3,0.04861111111111111,902,0,0
19,9,32,0.2,wave,0.075,3,0.04861111111111111,897,0,0
19,9,33,0.2,wave,0.075,3,0.04861111111111111,888,0,0
19,9,34,0.2,wave,0.075,3,0.04861111111111111,886,0,0
19,9,35,0.2,wave,0.075,3,0.04861111111111111,881,0,0
19,9,36,0.2,wave,0.075,3,0.04861111111111111,886,0,0
19,9,37,0.2,wave,0.075,3,0.04861111111111111,866,0,0
19,9,38,0.2,wave,0.075,3,0.04861111111111111,873,0,0
19,9,39,0.2,wave,0.075,3,0.04861111111111111,858,0,0
19,9,40,0.2,wave,0.075,3,0.04861111111111111,840,0,0
19,9,41,0.2,wave,0.075,3,0.04861111111111111,844,0,0
19,9,42,0.2,wave,0.075,3,0.04861111111111111,840,0,0
19,9,43,0.2,wave,0.075,3,0.04861111111111111,831,0,0
19,9,44,0.2,wave,0.075,3,0.04861111111111111,830,0,0
19,9,45,0.2,wave,0.075,3,0.04861111111111111,830,0,0
19,9,46,0.2,wave,0.075,3,0.04861111111111111,829,0,0
19,9,47,0.2,wave,0.075,3,0.04861111111111111,830,0,0
19,9,48,0.2,wave,0.075,3,0.04861111111111111,825,0,0
19,9,49,0.2,wave,0.075,3,0.04861111111111111,829,0,0
19,9,50,0.2,wave,0.075,3,0.04861111111111111,823,0,0
19,9,51,0.2,wave,0.075,3,0.04861111111111111,825,0,0
19,9,52,0.2,wave,0.075,3,0.04861111111111111,820,0,0
19,10,1,0.2,wave,0.075,3,0.04861111111111111,818,0,0
19,10,2,0.2,wave,0.075,3,0.04861111111111111,813,0,0
19,10,3,0.2,wave,0.075,3,0.04861111111111111,813,0,0
19,10,4,0.2,wave,0.075,3,0.04861111111111111,807,0,0
19,10,5,0.2,wave,0.075,3,0.04861111111111111,809,0,0
19,10,6,0.2,wave,0.075,3,0.04861111111111111,791,0,0
19,10,7,0.2,wave,0.075,3,0.04861111111111111,794,0,0
19,10,8,0.2,wave,0.075,3,0.04861111111111111,791,0,0
19,10,9,0.2,wave,0.075,3,0.04861111111111111,794,0,0
19,10,10,0.2,wave,0.075,3,0.04861111111111111,791,0,0
19,10,11,0.2,wave,0.075,3,0.04861111111111111,796,0,0
19,10,12,0.2,wave,0.075,3,0.04861111111111111,788,0,0
19,10,13,0.2,wave,0.075,3,0.04861111111111111,793,0,0
19,10,14,0.2,wave,0.075,3,0.04861111111111111,786,0,0
19,10,15,0.2,wave,0.075,3,0.04861111111111111,788,0,0
19,10,16,0.2,wave,0.075,3,0.04861111111111111,773,0,0
19,10,17,0.2,wave,0.075,3,0.04861111111111111,765,0,0
19,10,18,0.2,wave,0.075,3,0.04861111111111111,762,0,0
19,10,19,0.2,wave,0.075,3,0.04861111111111111,768,0,0
19,10,20,0.2,wave,0.075,3,0.04861111111111111,1009,0,0
19,10,21,0.2,wave,0.075,3,0.04861111111111111,1008,0,0
19,10,22,0.2,wave,0.075,3,0.04861111111111111,1000,0,0
19,10,23,0.2,wave,0.075,3,0.04861111111111111,1010,0,0
19,10,24,0.2,wave,0.075,3,0.04861111111111111,991,0,0
19,10,25,0.2,wave,0.075,3,0.04861111111111111,999,0,0
19,10,26,0.2,wave,0.075,3,0.04861111111111111,959,0,0
19,10,27,0.2,wave,0.075,3,0.04861111111111111,966,0,0
19,10,28,0.2,wave,0.075,3,0.04861111111111111,943,0,0
19,10,29,0.2,wave,0.075,3,0.04861111111111111,941,0,0
19,10,30,0.2,wave,0.075,3,0.04861111111111111,918,0,0
19,10,31,0.2,wave,0.075,3,0.04861111111111111,927,0,0
19,10,32,0.2,wave,0.075,3,0.04861111111111111,890,0,0
19,10,33,0.2,wave,0.075,3,0.04861111111111111,899,0,0
19,10,34,0.2,wave,0.075,3,0.04861111111111111,889,0,0
19,10,35,0.2,wave,0.075,3,0.04861111111111111,899,0,0
19,10,36,0.2,wave,0.075,3,0.04861111111111111,888,0,0
19,10,37,0.2,wave,0.075,3,0.04861111111111111,898,0,0
19,10,38,0.2,wave,0.075,3,0.04861111111111111,889,0,0
19,10,39,0.2,wave,0.075,3,0.04861111111111111,898,0,0
19,10,40,0.2,wave,0.075,3,0.04861111111111111,890,0,0
19,10,41,0.2,wave,0.075,3,0.04861111111111111,895,0,0
19,10,42,0.2,wave,0.075,3,0.04861111111111111,890,0,0
19,10,43,0.2,wave,0.075,3,0.04861111111111111,894,0,0
19,10,44,0.2,wave,0.075,3,0.04861111111111111,890,0,0
19,10,45,0.2,wave,0.075,3,0.04861111111111111,888,0,0
19,10,46,0.2,wave,0.075,3,0.04861111111111111,885,0,0
19,10,47,0.2,wave,0.075,3,0.04861111111111111,872,0,0
19,10,48,0.2,wave,0.075,3,0.04861111111111111,855,0,0
19,10,49,0.2,wave,0.075,3,0.04861111111111111,856,0,0
19,10,50,0.2,wave,0.075,3,0.04861111111111111,853,0,0
19,10,51,0.2,wave,0.075,3,0.04861111111111111,844,0,0
19,10,52,0.2,wave,0.075,3,0.04861111111111111,841,0,0
20,1,1,0.2,wave,0.075,3,0.014722222222222222,6609,61,14
20,1,2,0.2,wave,0.075,3,0.014722222222222222,6588,76,29
20,1,3,0.2,wave,0.075,3,0.014722222222222222,6470,102,38
20,1,4,0.2,wave,0.075,3,0.014722222222222222,6291,124,45
20,1,5,0.2,wave,0.075,3,0.014722222222222222,6238,158,51
20,1,6,0.2,wave,0.075,3,0.014722222222222222,6021,198,71
20,1,7,0.2,wave,0.075,3,0.014722222222222222,5893,257,82
20,1,8,0.2,wave,0.075,3,0.014722222222222222,5668,324,108
20,1,9,0.2,wave,0.075,3,0.014722222222222222,5448,401,124
20,1,10,0.2,wave,0.075,3,0.014722222222222222,5251,480,185
20,1,11,0.2,wave,0.075,3,0.014722222222222222,5051,523,199
20,1,12,0.2,wave,0.075,3,0.014722222222222222,4873,556,230
20,1,13,0.2,wave,0.075,3,0.014722222222222222,4714,599,263
20,1,14,0.2,wave,0.075,3,0.014722222222222222,4535,640,306
20,1,15,0.2,wave,0.075,3,0.014722222222222222,4307,670,285
20,1,16,0.2,wave,0.075,3,0.014722222222222222,4113,664,308
20,1,17,0.2,wave,0.075,3,0.014722222222222222,3894,659,306
20,1,18,0.2,wave,0.075,3,0.014722222222222222,3736,653,317
20,1,19,0.2,wave,0.075,3,0.014722222222222222,3512,625,301
20,1,20,0.2,wave,0.075,3,0.014722222222222222,5022,602,295
20,1,21,0.2,wave,0.075,3,0.014722222222222222,4653,667,286
20,1,22,0.2,wave,0.075,3,0.014722222222222222,4380,743,315
20,1,23,0.2,wave,0.075,3,0.014722222222222222,4179,766,298
20,1,24,0.2,wave,0.075,3,0.014722222222222222,4012,794,361
20,1,25,0.2,wave,0.075,3,0.014722222222222222,3771,742,353
20,1,26,0.2,wave,0.075,3,0.014722222222222222,3594,751,372
20,1,27,0.2,wave,0.075,3,0.014722222222222222,3370,737,335
20,1,28,0.2,wave,0.075,3,0.014722222222222222,3143,696,331
20,1,29,0.2,wave,0.075,3,0.014722222222222222,2989,675,321
20,1,30,0.2,wave,0.075,3,0.014722222222222222,2806,663,344
20,1,31,0.2,wave,0.075,3,0.014722222222222222,2658,627,307
20,1,32,0.2,wave,0.075,3,0.014722222222222222,2533,600,306
20,1,33,0.2,wave,0.075,3,0.014722222222222222,2374,536,279
20,1,34,0.2,wave,0.075,3,0.014722222222222222,2244,496,268
20,1,35,0.2,wave,0.075,3,0.014722222222222222,2130,445,233
20,1,36,0.2,wave,0.075,3,0.014722222222222222,2008,393,200
20,1,37,0.2,wave,0.075,3,0.014722222222222222,1927,361,193
20,1,38,0.2,wave,0.075,3,0.014722222222222222,1809,323,180
20,1,39,0.2,wave,0.075,3,0.014722222222222222,1763,308,157
20,1,40,0.2,wave,0.075,3,0.014722222222222222,1689,291,142
20,1,41,0.2,wave,0.075,3,0.014722222222222222,1653,262,130
20,1,42,0.2,wave,0.075,3,0.014722222222222222,1584,246,145
20,1,43,0.2,wave,0.075,3,0.014722222222222222,1543,234,131
20,1,44,0.2,wave,0.075,3,0.014722222222222222,1471,202,121
20,1,45,0.2,wave,0.075,3,0.014722222222222222,1426,167,101
20,1,46,0.2,wave,0.075,3,0.014722222222222222,1364,139,90
20,1,47,0.2,wave,0.075,3,0.014722222222222222,1323,111,68
20,1,48,0.2,wave,0.075,3,0.014722222222222222,1272,83,52
20,1,49,0.2,wave,0.075,3,0.014722222222222222,1256,70,42
20,1,50,0.2,wave,0.075,3,0.014722222222222222,1218,52,36
20,1,51,0.2,wave,0.075,3,0.014722222222222222,1213,43,28
20,1,52,0.2,wave,0.075,3,0.014722222222222222,1177,33,22
20,2,1,0.2,wave,0.075,3,0.014722222222222222,1175,21,13
20,2,2,0.2,wave,0.075,3,0.014722222222222222,1147,17,9
20,2,3,0.2,wave,0.075,3,0.014722222222222222,1151,15,8
20,2,4,0.2,wave,0.075,3,0.014722222222222222,1125,11,6
20,2,5,0.2,wave,0.075,3,0.014722222222222222,1131,15,5
20,2,6,0.2,wave,0.075,3,0.014722222222222222,1104,10,5
20,2,7,0.2,wave,0.075,3,0.014722222222222222,1115,11,7
20,2,8,0.2,wave,0.075,3,0.014722222222222222,1090,8,6
20,2,9,0.2,wave,0.075,3,0.014722222222222222,1103,9,4
20,2,10,0.2,wave,0.075,3,0.014722222222222222,1077,3,1
20,2,11,0.2,wave,0.075,3,0.014722222222222222,1089,5,3
20,2,12,0.2,wave,0.075,3,0.014722222222222222,1068,4,3
20,2,13,0.2,wave,0.075,3,0.014722222222222222,1078,6,4
20,2,14,0.2,wave,0.075,3,0.014722222222222222,1051,4,1
20,2,15,0.2,wave,0.075,3,0.014722222222222222,1060,4,1
20,2,16,0.2,wave,0.075,3,0.014722222222222222,1043,3,3
20,2,17,0.2,wave,0.075,3,0.014722222222222222,1039,3,3
20,2,18,0.2,wave,0.075,3,0.014722222222222222,1014,3,3
20,2,19,0.2,wave,0.075,3,0.014722222222222222,1021,0,0
20,2,20,0.2,wave,0.075,3,0.014722222222222222,1437,0,0
20,2,21,0.2,wave,0.075,3,0.014722222222222222,1440,0,0
20,2,22,0.2,wave,0.075,3,0.014722222222222222,1422,0,0
20,2,23,0.2,wave,0.075,3,0.014722222222222222,1436,0,0
20,2,24,0.2,wave,0.075,3,0.014722222222222222,1406,0,0
20,2,25,0.2,wave,0.075,3,0.014722222222222222,1405,0,0
20,2,26,0.2,wave,0.075,3,0.014722222222222222,1361,0,0
20,2,27,0.2,wave,0.075,3,0.014722222222222222,1357,0,0
20,2,28,0.2,wave,0.075,3,0.014722222222222222,1333,0,0
20,2,29,0.2,wave,0.075,3,0.014722222222222222,1340,0,0
20,2,30,0.2,wave,0.075,3,0.014722222222222222,1331,0,0
20,2,31,0.2,wave,0.075,3,0.014722222222222222,1311,0,0
20,2,32,0.2,wave,0.075,3,0.014722222222222222,1316,0,0
20,2,33,0.2,wave,0.075,3,0.014722222222222222,1296,0,0
20,2,34,0.2,wave,0.075,3,0.014722222222222222,1301,0,0
20,2,35,0.2,wave,0.075,3,0.014722222222222222,1254,0,0
20,2,36,0.2,wave,0.075,3,0.014722222222222222,1268,0,0
20,2,37,0.2,wave,0.075,3,0.014722222222222222,1251,1,1
20,2,38,0.2,wave,0.075,3,0.014722222222222222,1229,1,0
20,2,39,0.2,wave,0.075,3,0.014722222222222222,1205,1,1
20,2,40,0.2,wave,0.075,3,0.014722222222222222,1206,1,1
20,2,41,0.2,wave,0.075,3,0.014722222222222222,1200,1,1
20,2,42,0.2,wave,0.075,3,0.014722222222222222,1188,0,0
20,2,43,0.2,wave,0.075,3,0.014722222222222222,1180,0,0
20,2,44,0.2,wave,0.075,3,0.014722222222222222,1175,0,0
20,2,45,0.2,wave,0.075,3,0.014722222222222222,1167,0,0
20,2,46,0.2,wave,0.075,3,0.014722222222222222,1163,0,0
20,2,47,0.2,wave,0.075,3,0.014722222222222222,1165,0,0
20,2,48,0.2,wave,0.075,3,0.014722222222222222,1155,0,0
20,2,49,0.2,wave,0.075,3,0.014722222222222222,1147,0,0
20,2,50,0.2,wave,0.075,3,0.014722222222222222,1133,0,0
20,2,51,0.2,wave,0.075,3,0.014722222222222222,1111,0,0
20,2,52,0.2,wave,0.075,3,0.014722222222222222,1098,0,0
20,3,1,0.2,wave,0.075,3,0.014722222222222222,1099,0,0
20,3,2,0.2,wave,0.075,3,0.014722222222222222,1081,0,0
20,3,3,0.2,wave,0.075,3,0.014722222222222222,1083,0,0
20,3,4,0.2,wave,0.075,3,0.014722222222222222,1066,0,0
20,3,5,0.2,wave,0.075,3,0.014722222222222222,1072,0,0
20,3,6,0.2,wave,0.075,3,0.014722222222222222,1065,0,0
20,3,7,0.2,wave,0.075,3,0.014722222222222222,1063,0,0
20,3,8,0.2,wave,0.075,3,0.014722222222222222,1052,0,0
20,3,9,0.2,wave,0.075,3,0.014722222222222222,1047,0,0
20,3,10,0.2,wave,0.075,3,0.014722222222222222,1045,0,0
20,3,11,0.2,wave,0.075,3,0.014722222222222222,1045,0,0
20,3,12,0.2,wave,0.075,3,0.014722222222222222,1036,0,0
20,3,13,0.2,wave,0.075,3,0.014722222222222222,1041,0,0
20,3,14,0.2,wave,0.075,3,0.014722222222222222,1029,0,0
20,3,15,0.2,wave,0.075,3,0.014722222222222222,1020,0,0
20,3,16,0.2,wave,0.075,3,0.014722222222222222,1003,0,0
20,3,17,0.2,wave,0.075,3,0.014722222222222222,999,0,0
20,3,18,0.2,wave,0.075,3,0.014722222222222222,994,0,0
20,3,19,0.2,wave,0.075,3,0.014722222222222222,976,0,0
20,3,20,0.2,wave,0.075,3,0.014722222222222222,1387,0,0
20,3,21,0.2,wave,0.075,3,0.014722222222222222,1349,0,0
20,3,22,0.2,wave,0.075,3,0.014722222222222222,1335,0,0
20,3,23,0.2,wave,0.075,3,0.014722222222222222,1311,0,0
20,3,24,0.2,wave,0.075,3,0.014722222222222222,1283,0,0
20,3,25,0.2,wave,0.075,3,0.014722222222222222,1280,0,0
20,3,26,0.2,wave,0.075,3,0.014722222222222222,1266,0,0
20,3,27,0.2,wave,0.075,3,0.014722222222222222,1266,0,0
20,3,28,0.2,wave,0.075,3,0.014722222222222222,1252,0,0
20,3,29,0.2,wave,0.075,3,0.014722222222222222,1254,0,0
20,3,30,0.2,wave,0.075,3,0.014722222222222222,1238,0,0
20,3,31,0.2,wave,0.075,3,0.014722222222222222,1237,0,0
20,3,32,0.2,wave,0.075,3,0.014722222222222222,1224,0,0
20,3,33,0.2,wave,0.075,3,0.014722222222222222,1229,0,0
20,3,34,0.2,wave,0.075,3,0.014722222222222222,1213,0,0
20,3,35,0.2,wave,0.075,3,0.014722222222222222,1148,0,0
20,3,36,0.2,wave,0.075,3,0.014722222222222222,1159,0,0
20,3,37,0.2,wave,0.075,3,0.014722222222222222,1129,0,0
20,3,38,0.2,wave,0.075,3,0.014722222222222222,1124,0,0
20,3,39,0.2,wave,0.075,3,0.014722222222222222,1120,0,0
20,3,40,0.2,wave,0.075,3,0.014722222222222222,1112,0,0
20,3,41,0.2,wave,0.075,3,0.014722222222222222,1098,0,0
20,3,42,0.2,wave,0.075,3,0.014722222222222222,1092,0,0
20,3,43,0.2,wave,0.075,3,0.014722222222222222,1088,0,0
20,3,44,0.2,wave,0.075,3,0.014722222222222222,1091,0,0
20,3,45,0.2,wave,0.075,3,0.014722222222222222,1077,0,0
20,3,46,0.2,wave,0.075,3,0.014722222222222222,1068,0,0
20,3,47,0.2,wave,0.075,3,0.014722222222222222,1044,0,0
20,3,48,0.2,wave,0.075,3,0.014722222222222222,1001,0,0
20,3,49,0.2,wave,0.075,3,0.014722222222222222,980,0,0
20,3,50,0.2,wave,0.075,3,0.014722222222222222,970,0,0
20,3,51,0.2,wave,0.075,3,0.014722222222222222,945,0,0
20,3,52,0.2,wave,0.075,3,0.014722222222222222,947,0,0
20,4,1,0.2,wave,0.075,3,0.014722222222222222,936,0,0
20,4,2,0.2,wave,0.075,3,0.014722222222222222,939,0,0
20,4,3,0.2,wave,0.075,3,0.014722222222222222,925,0,0
20,4,4,0.2,wave,0.075,3,0.014722222222222222,912,0,0
20,4,5,0.2,wave,0.075,3,0.014722222222222222,913,0,0
20,4,6,0.2,wave,0.075,3,0.014722222222222222,905,0,0
20,4,7,0.2,wave,0.075,3,0.014722222222222222,902,0,0
20,4,8,0.2,wave,0.075,3,0.014722222222222222,898,0,0
20,4,9,0.2,wave,0.075,3,0.014722222222222222,886,0,0
20,4,10,0.2,wave,0.075,3,0.014722222222222222,885,0,0
20,4,11,0.2,wave,0.075,3,0.014722222222222222,889,0,0
20,4,12,0.2,wave,0.075,3,0.014722222222222222,881,0,0
20,4,13,0.2,wave,0.075,3,0.014722222222222222,883,0,0
20,4,14,0.2,wave,0.075,3,0.014722222222222222,883,0,0
20,4,15,0.2,wave,0.075,3,0.014722222222222222,871,0,0
20,4,16,0.2,wave,0.075,3,0.014722222222222222,867,0,0
20,4,17,0.2,wave,0.075,3,0.014722222222222222,857,0,0
20,4,18,0.2,wave,0.075,3,0.014722222222222222,858,0,0
20,4,19,0.2,wave,0.075,3,0.014722222222222222,854,0,0
20,4,20,0.2,wave,0.075,3,0.014722222222222222,1265,0,0
20,4,21,0.2,wave,0.075,3,0.014722222222222222,1220,0,0
20,4,22,0.2,wave,0.075,3,0.014722222222222222,1206,0,0
20,4,23,0.2,wave,0.075,3,0.014722222222222222,1216,0,0
20,4,24,0.2,wave,0.075,3,0.014722222222222222,1184,0,0
20,4,25,0.2,wave,0.075,3,0.014722222222222222,1173,0,0
20,4,26,0.2,wave,0.075,3,0.014722222222222222,1163,0,0
20,4,27,0.2,wave,0.075,3,0.014722222222222222,1154,0,0
20,4,28,0.2,wave,0.075,3,0.014722222222222222,1141,0,0
20,4,29,0.2,wave,0.075,3,0.014722222222222222,1125,0,0
20,4,30,0.2,wave,0.075,3,0.014722222222222222,1091,0,0
20,4,31,0.2,wave,0.075,3,0.014722222222222222,1076,0,0
20,4,32,0.2,wave,0.075,3,0.014722222222222222,1080,0,0
20,4,33,0.2,wave,0.075,3,0.014722222222222222,1055,0,0
20,4,34,0.2,wave,0.075,3,0.014722222222222222,1036,0,0
20,4,35,0.2,wave,0.075,3,0.014722222222222222,1023,0,0
20,4,36,0.2,wave,0.075,3,0.014722222222222222,1019,0,0
20,4,37,0.2,wave,0.075,3,0.014722222222222222,1010,0,0
20,4,38,0.2,wave,0.075,3,0.014722222222222222,1021,0,0
20,4,39,0.2,wave,0.075,3,0.014722222222222222,1018,0,0
20,4,40,0.2,wave,0.075,3,0.014722222222222222,1022,0,0
20,4,41,0.2,wave,0.075,3,0.014722222222222222,1003,0,0
20,4,42,0.2,wave,0.075,3,0.014722222222222222,1009,0,0
20,4,43,0.2,wave,0.075,3,0.014722222222222222,959,0,0
20,4,44,0.2,wave,0.075,3,0.014722222222222222,975,0,0
20,4,45,0.2,wave,0.075,3,0.014722222222222222,956,0,0
20,4,46,0.2,wave,0.075,3,0.014722222222222222,953,0,0
20,4,47,0.2,wave,0.075,3,0.014722222222222222,937,0,0
20,4,48,0.2,wave,0.075,3,0.014722222222222222,938,0,0
20,4,49,0.2,wave,0.075,3,0.014722222222222222,929,0,0
20,4,50,0.2,wave,0.075,3,0.014722222222222222,930,0,0
20,4,51,0.2,wave,0.075,3,0.014722222222222222,911,0,0
20,4,52,0.2,wave,0.075,3,0.014722222222222222,918,0,0
20,5,1,0.2,wave,0.075,3,0.014722222222222222,902,0,0
20,5,2,0.2,wave,0.075,3,0.014722222222222222,901,0,0
20,5,3,0.2,wave,0.075,3,0.014722222222222222,896,0,0
20,5,4,0.2,wave,0.075,3,0.014722222222222222,882,0,0
20,5,5,0.2,wave,0.075,3,0.014722222222222222,879,0,0
20,5,6,0.2,wave,0.075,3,0.014722222222222222,871,0,0
20,5,7,0.2,wave,0.075,3,0.014722222222222222,880,0,0
20,5,8,0.2,wave,0.075,3,0.014722222222222222,868,0,0
20,5,9,0.2,wave,0.075,3,0.014722222222222222,862,0,0
20,5,10,0.2,wave,0.075,3,0.014722222222222222,857,0,0
20,5,11,0.2,wave,0.075,3,0.014722222222222222,851,0,0
20,5,12,0.2,wave,0.075,3,0.014722222222222222,854,0,0
20,5,13,0.2,wave,0.075,3,0.014722222222222222,848,0,0
20,5,14,0.2,wave,0.075,3,0.014722222222222222,848,0,0
20,5,15,0.2,wave,0.075,3,0.014722222222222222,840,0,0
20,5,16,0.2,wave,0.075,3,0.014722222222222222,828,0,0
20,5,17,0.2,wave,0.075,3,0.014722222222222222,829,0,0
20,5,18,0.2,wave,0.075,3,0.014722222222222222,826,0,0
20,5,19,0.2,wave,0.075,3,0.014722222222222222,825,0,0
20,5,20,0.2,wave,0.075,3,0.014722222222222222,1230,0,0
20,5,21,0.2,wave,0.075,3,0.014722222222222222,1210,0,0
20,5,22,0.2,wave,0.075,3,0.014722222222222222,1196,0,0
20,5,23,0.2,wave,0.075,3,0.014722222222222222,1164,0,0
20,5,24,0.2,wave,0.075,3,0.014722222222222222,1169,0,0
20,5,25,0.2,wave,0.075,3,0.014722222222222222,1115,0,0
20,5,26,0.2,wave,0.075,3,0.014722222222222222,1108,0,0
20,5,27,0.2,wave,0.075,3,0.014722222222222222,1095,0,0
20,5,28,0.2,wave,0.075,3,0.014722222222222222,1098,0,0
20,5,29,0.2,wave,0.075,3,0.014722222222222222,1065,0,0
20,5,30,0.2,wave,0.075,3,0.014722222222222222,1069,0,0
20,5,31,0.2,wave,0.075,3,0.014722222222222222,1044,0,0
20,5,32,0.2,wave,0.075,3,0.014722222222222222,1043,0,0
20,5,33,0.2,wave,0.075,3,0.014722222222222222,1023,0,0
20,5,34,0.2,wave,0.075,3,0.014722222222222222,1018,0,0
20,5,35,0.2,wave,0.075,3,0.014722222222222222,979,0,0
20,5,36,0.2,wave,0.075,3,0.014722222222222222,1004,0,0
20,5,37,0.2,wave,0.075,3,0.014722222222222222,974,0,0
20,5,38,0.2,wave,0.075,3,0.014722222222222222,955,0,0
20,5,39,0.2,wave,0.075,3,0.014722222222222222,929,0,0
20,5,40,0.2,wave,0.075,3,0.014722222222222222,938,0,0
20,5,41,0.2,wave,0.075,3,0.014722222222222222,932,0,0
20,5,42,0.2,wave,0.075,3,0.014722222222222222,938,0,0
20,5,43,0.2,wave,0.075,3,0.014722222222222222,912,0,0
20,5,44,0.2,wave,0.075,3,0.014722222222222222,918,0,0
20,5,45,0.2,wave,0.075,3,0.014722222222222222,889,0,0
20,5,46,0.2,wave,0.075,3,0.014722222222222222,900,0,0
20,5,47,0.2,wave,0.075,3,0.014722222222222222,884,0,0
20,5,48,0.2,wave,0.075,3,0.014722222222222222,882,0,0
20,5,49,0.2,wave,0.075,3,0.014722222222222222,848,0,0
20,5,50,0.2,wave,0.075,3,0.014722222222222222,849,0,0
20,5,51,0.2,wave,0.075,3,0.014722222222222222,827,0,0
20,5,52,0.2,wave,0.075,3,0.014722222222222222,821,0,0
20,6,1,0.2,wave,0.075,3,0.014722222222222222,812,0,0
20,6,2,0.2,wave,0.075,3,0.014722222222222222,816,0,0
20,6,3,0.2,wave,0.075,3,0.014722222222222222,809,0,0
20,6,4,0.2,wave,0.075,3,0.014722222222222222,811,0,0
20,6,5,0.2,wave,0.075,3,0.014722222222222222,806,0,0
20,6,6,0.2,wave,0.075,3,0.014722222222222222,809,0,0
20,6,7,0.2,wave,0.075,3,0.014722222222222222,800,0,0
20,6,8,0.2,wave,0.075,3,0.014722222222222222,799,0,0
20,6,9,0.2,wave,0.075,3,0.014722222222222222,802,0,0
20,6,10,0.2,wave,0.075,3,0.014722222222222222,797,0,0
20,6,11,0.2,wave,0.075,3,0.014722222222222222,796,0,0
20,6,12,0.2,wave,0.075,3,0.014722222222222222,797,0,0
20,6,13,0.2,wave,0.075,3,0.014722222222222222,768,0,0
20,6,14,0.2,wave,0.075,3,0.014722222222222222,778,0,0
20,6,15,0.2,wave,0.075,3,0.014722222222222222,773,0,0
20,6,16,0.2,wave,0.075,3,0.014722222222222222,774,0,0
20,6,17,0.2,wave,0.075,3,0.014722222222222222,773,0,0
20,6,18,0.2,wave,0.075,3,0.014722222222222222,778,0,0
20,6,19,0.2,wave,0.075,3,0.014722222222222222,772,0,0
20,6,20,0.2,wave,0.075,3,0.014722222222222222,1131,0,0
20,6,21,0.2,wave,0.075,3,0.014722222222222222,1100,0,0
20,6,22,0.2,wave,0.075,3,0.014722222222222222,1080,0,0
20,6,23,0.2,wave,0.075,3,0.014722222222222222,1081,0,0
20,6,24,0.2,wave,0.075,3,0.014722222222222222,1059,0,0
20,6,25,0.2,wave,0.075,3,0.014722222222222222,1055,0,0
20,6,26,0.2,wave,0.075,3,0.014722222222222222,1034,0,0
20,6,27,0.2,wave,0.075,3,0.014722222222222222,1030,0,0
20,6,28,0.2,wave,0.075,3,0.014722222222222222,1032,0,0
20,6,29,0.2,wave,0.075,3,0.014722222222222222,1007,0,0
20,6,30,0.2,wave,0.075,3,0.014722222222222222,1008,0,0
20,6,31,0.2,wave,0.075,3,0.014722222222222222,1000,0,0
20,6,32,0.2,wave,0.075,3,0.014722222222222222,1000,0,0
20,6,33,0.2,wave,0.075,3,0.014722222222222222,991,0,0
20,6,34,0.2,wave,0.075,3,0.014722222222222222,985,0,0
20,6,35,0.2,wave,0.075,3,0.014722222222222222,972,0,0
20,6,36,0.2,wave,0.075,3,0.014722222222222222,970,0,0
20,6,37,0.2,wave,0.075,3,0.014722222222222222,950,0,0
20,6,38,0.2,wave,0.075,3,0.014722222222222222,953,0,0
20,6,39,0.2,wave,0.075,3,0.014722222222222222,933,0,0
20,6,40,0.2,wave,0.075,3,0.014722222222222222,961,0,0
20,6,41,0.2,wave,0.075,3,0.014722222222222222,920,0,0
20,6,42,0.2,wave,0.075,3,0.014722222222222222,940,0,0
20,6,43,0.2,wave,0.075,3,0.014722222222222222,894,0,0
20,6,44,0.2,wave,0.075,3,0.014722222222222222,925,0,0
20,6,45,0.2,wave,0.075,3,0.014722222222222222,886,0,0
20,6,46,0.2,wave,0.075,3,0.014722222222222222,892,0,0
20,6,47,0.2,wave,0.075,3,0.014722222222222222,875,0,0
20,6,48,0.2,wave,0.075,3,0.014722222222222222,884,0,0
20,6,49,0.2,wave,0.075,3,0.014722222222222222,871,0,0
20,6,50,0.2,wave,0.075,3,0.014722222222222222,851,0,0
20,6,51,0.2,wave,0.075,3,0.014722222222222222,860,0,0
20,6,52,0.2,wave,0.075,3,0.014722222222222222,844,0,0
20,7,1,0.2,wave,0.075,3,0.014722222222222222,850,0,0
20,7,2,0.2,wave,0.075,3,0.014722222222222222,842,0,0
20,7,3,0.2,wave,0.075,3,0.014722222222222222,833,0,0
20,7,4,0.2,wave,0.075,3,0.014722222222222222,824,0,0
20,7,5,0.2,wave,0.075,3,0.014722222222222222,827,0,0
20,7,6,0.2,wave,0.075,3,0.014722222222222222,823,0,0
20,7,7,0.2,wave,0.075,3,0.014722222222222222,817,0,0
20,7,8,0.2,wave,0.075,3,0.014722222222222222,806,0,0
20,7,9,0.2,wave,0.075,3,0.014722222222222222,804,0,0
20,7,10,0.2,wave,0.075,3,0.014722222222222222,793,0,0
20,7,11,0.2,wave,0.075,3,0.014722222222222222,788,0,0
20,7,12,0.2,wave,0.075,3,0.014722222222222222,794,0,0
20,7,13,0.2,wave,0.075,3,0.014722222222222222,796,0,0
20,7,14,0.2,wave,0.075,3,0.014722222222222222,792,0,0
20,7,15,0.2,wave,0.075,3,0.014722222222222222,790,0,0
20,7,16,0.2,wave,0.075,3,0.014722222222222222,789,0,0
20,7,17,0.2,wave,0.075,3,0.014722222222222222,784,0,0
20,7,18,0.2,wave,0.075,3,0.014722222222222222,791,0,0
20,7,19,0.2,wave,0.075,3,0.014722222222222222,776,0,0
20,7,20,0.2,wave,0.075,3,0.014722222222222222,1196,0,0
20,7,21,0.2,wave,0.075,3,0.014722222222222222,1147,0,0
20,7,22,0.2,wave,0.075,3,0.014722222222222222,1136,0,0
20,7,23,0.2,wave,0.075,3,0.014722222222222222,1095,0,0
20,7,24,0.2,wave,0.075,3,0.014722222222222222,1055,0,0
20,7,25,0.2,wave,0.075,3,0.014722222222222222,1040,0,0
20,7,26,0.2,wave,0.075,3,0.014722222222222222,980,0,0
20,7,27,0.2,wave,0.075,3,0.014722222222222222,963,0,0
20,7,28,0.2,wave,0.075,3,0.014722222222222222,931,0,0
20,7,29,0.2,wave,0.075,3,0.014722222222222222,941,0,0
20,7,30,0.2,wave,0.075,3,0.014722222222222222,894,0,0
20,7,31,0.2,wave,0.075,3,0.014722222222222222,905,0,0
20,7,32,0.2,wave,0.075,3,0.014722222222222222,847,0,0
20,7,33,0.2,wave,0.075,3,0.014722222222222222,857,0,0
20,7,34,0.2,wave,0.075,3,0.014722222222222222,840,0,0
20,7,35,0.2,wave,0.075,3,0.014722222222222222,855,0,0
20,7,36,0.2,wave,0.075,3,0.014722222222222222,838,0,0
20,7,37,0.2,wave,0.075,3,0.014722222222222222,842,0,0
20,7,38,0.2,wave,0.075,3,0.014722222222222222,790,0,0
20,7,39,0.2,wave,0.075,3,0.014722222222222222,826,0,0
20,7,40,0.2,wave,0.075,3,0.014722222222222222,800,0,0
20,7,41,0.2,wave,0.075,3,0.014722222222222222,818,0,0
20,7,42,0.2,wave,0.075,3,0.014722222222222222,793,0,0
20,7,43,0.2,wave,0.075,3,0.014722222222222222,814,0,0
20,7,44,0.2,wave,0.075,3,0.014722222222222222,792,0,0
20,7,45,0.2,wave,0.075,3,0.014722222222222222,796,0,0
20,7,46,0.2,wave,0.075,3,0.014722222222222222,776,0,0
20,7,47,0.2,wave,0.075,3,0.014722222222222222,782,0,0
20,7,48,0.2,wave,0.075,3,0.014722222222222222,771,0,0
20,7,49,0.2,wave,0.075,3,0.014722222222222222,769,0,0
20,7,50,0.2,wave,0.075,3,0.014722222222222222,747,0,0
20,7,51,0.2,wave,0.075,3,0.014722222222222222,758,0,0
20,7,52,0.2,wave,0.075,3,0.014722222222222222,742,0,0
20,8,1,0.2,wave,0.075,3,0.014722222222222222,750,0,0
20,8,2,0.2,wave,0.075,3,0.014722222222222222,740,0,0
20,8,3,0.2,wave,0.075,3,0.014722222222222222,738,0,0
20,8,4,0.2,wave,0.075,3,0.014722222222222222,735,0,0
20,8,5,0.2,wave,0.075,3,0.014722222222222222,730,0,0
20,8,6,0.2,wave,0.075,3,0.014722222222222222,724,0,0
20,8,7,0.2,wave,0.075,3,0.014722222222222222,732,0,0
20,8,8,0.2,wave,0.075,3,0.014722222222222222,705,0,0
20,8,9,0.2,wave,0.075,3,0.014722222222222222,713,0,0
20,8,10,0.2,wave,0.075,3,0.014722222222222222,691,0,0
20,8,11,0.2,wave,0.075,3,0.014722222222222222,712,0,0
20,8,12,0.2,wave,0.075,3,0.014722222222222222,689,0,0
20,8,13,0.2,wave,0.075,3,0.014722222222222222,708,0,0
20,8,14,0.2,wave,0.075,3,0.014722222222222222,689,0,0
20,8,15,0.2,wave,0.075,3,0.014722222222222222,708,0,0
20,8,16,0.2,wave,0.075,3,0.014722222222222222,689,0,0
20,8,17,0.2,wave,0.075,3,0.014722222222222222,692,0,0
20,8,18,0.2,wave,0.075,3,0.014722222222222222,691,0,0
20,8,19,0.2,wave,0.075,3,0.014722222222222222,688,0,0
20,8,20,0.2,wave,0.075,3,0.014722222222222222,1045,0,0
20,8,21,0.2,wave,0.075,3,0.014722222222222222,1056,0,0
20,8,22,0.2,wave,0.075,3,0.014722222222222222,1010,0,0
20,8,23,0.2,wave,0.075,3,0.014722222222222222,975,0,0
20,8,24,0.2,wave,0.075,3,0.014722222222222222,936,0,0
20,8,25,0.2,wave,0.075,3,0.014722222222222222,951,0,0
20,8,26,0.2,wave,0.075,3,0.014722222222222222,916,0,0
20,8,27,0.2,wave,0.075,3,0.014722222222222222,928,0,0
20,8,28,0.2,wave,0.075,3,0.014722222222222222,903,0,0
20,8,29,0.2,wave,0.075,3,0.014722222222222222,926,0,0
20,8,30,0.2,wave,0.075,3,0.014722222222222222,878,0,0
20,8,31,0.2,wave,0.075,3,0.014722222222222222,899,0,0
20,8,32,0.2,wave,0.075,3,0.014722222222222222,864,0,0
20,8,33,0.2,wave,0.075,3,0.014722222222222222,855,0,0
20,8,34,0.2,wave,0.075,3,0.014722222222222222,842,0,0
20,8,35,0.2,wave,0.075,3,0.014722222222222222,861,0,0
20,8,36,0.2,wave,0.075,3,0.014722222222222222,829,0,0
20,8,37,0.2,wave,0.075,3,0.014722222222222222,843,0,0
20,8,38,0.2,wave,0.075,3,0.014722222222222222,823,0,0
20,8,39,0.2,wave,0.075,3,0.014722222222222222,845,0,0
20,8,40,0.2,wave,0.075,3,0.014722222222222222,835,0,0
20,8,41,0.2,wave,0.075,3,0.014722222222222222,832,0,0
20,8,42,0.2,wave,0.075,3,0.014722222222222222,819,0,0
20,8,43,0.2,wave,0.075,3,0.014722222222222222,820,0,0
20,8,44,0.2,wave,0.075,3,0.014722222222222222,803,0,0
20,8,45,0.2,wave,0.075,3,0.014722222222222222,814,0,0
20,8,46,0.2,wave,0.075,3,0.014722222222222222,791,0,0
20,8,47,0.2,wave,0.075,3,0.014722222222222222,812,0,0
20,8,48,0.2,wave,0.075,3,0.014722222222222222,789,0,0
20,8,49,0.2,wave,0.075,3,0.014722222222222222,809,0,0
20,8,50,0.2,wave,0.075,3,0.014722222222222222,787,0,0
20,8,51,0.2,wave,0.075,3,0.014722222222222222,790,0,0
20,8,52,0.2,wave,0.075,3,0.014722222222222222,756,0,0
20,9,1,0.2,wave,0.075,3,0.014722222222222222,778,0,0
20,9,2,0.2,wave,0.075,3,0.014722222222222222,760,0,0
20,9,3,0.2,wave,0.075,3,0.014722222222222222,769,0,0
20,9,4,0.2,wave,0.075,3,0.014722222222222222,748,0,0
20,9,5,0.2,wave,0.075,3,0.014722222222222222,767,0,0
20,9,6,0.2,wave,0.075,3,0.014722222222222222,754,0,0
20,9,7,0.2,wave,0.075,3,0.014722222222222222,768,0,0
20,9,8,0.2,wave,0.075,3,0.014722222222222222,754,0,0
20,9,9,0.2,wave,0.075,3,0.014722222222222222,762,0,0
20,9,10,0.2,wave,0.075,3,0.014722222222222222,755,0,0
20,9,11,0.2,wave,0.075,3,0.014722222222222222,761,0,0
20,9,12,0.2,wave,0.075,3,0.014722222222222222,755,0,0
20,9,13,0.2,wave,0.075,3,0.014722222222222222,761,0,0
20,9,14,0.2,wave,0.075,3,0.014722222222222222,754,0,0
20,9,15,0.2,wave,0.075,3,0.014722222222222222,753,0,0
20,9,16,0.2,wave,0.075,3,0.014722222222222222,749,0,0
20,9,17,0.2,wave,0.075,3,0.014722222222222222,756,0,0
20,9,18,0.2,wave,0.075,3,0.014722222222222222,737,0,0
20,9,19,0.2,wave,0.075,3,0.014722222222222222,743,0,0
20,9,20,0.2,wave,0.075,3,0.014722222222222222,1015,0,0
20,9,21,0.2,wave,0.075,3,0.014722222222222222,1011,0,0
20,9,22,0.2,wave,0.075,3,0.014722222222222222,998,0,0
20,9,23,0.2,wave,0.075,3,0.014722222222222222,1023,0,0
20,9,24,0.2,wave,0.075,3,0.014722222222222222,1000,0,0
20,9,25,0.2,wave,0.075,3,0.014722222222222222,1016,0,0
20,9,26,0.2,wave,0.075,3,0.014722222222222222,997,0,0
20,9,27,0.2,wave,0.075,3,0.014722222222222222,985,0,0
20,9,28,0.2,wave,0.075,3,0.014722222222222222,980,0,0
20,9,29,0.2,wave,0.075,3,0.014722222222222222,983,0,0
20,9,30,0.2,wave,0.075,3,0.014722222222222222,940,0,0
20,9,31,0.2,wave,0.075,3,0.014722222222222222,948,0,0
20,9,32,0.2,wave,0.075,3,0.014722222222222222,932,0,0
20,9,33,0.2,wave,0.075,3,0.014722222222222222,932,0,0
20,9,34,0.2,wave,0.075,3,0.014722222222222222,908,0,0
20,9,35,0.2,wave,0.075,3,0.014722222222222222,898,0,0
20,9,36,0.2,wave,0.075,3,0.014722222222222222,885,0,0
20,9,37,0.2,wave,0.075,3,0.014722222222222222,893,0,0
20,9,38,0.2,wave,0.075,3,0.014722222222222222,887,0,0
20,9,39,0.2,wave,0.075,3,0.014722222222222222,895,0,0
20,9,40,0.2,wave,0.075,3,0.014722222222222222,893,0,0
20,9,41,0.2,wave,0.075,3,0.014722222222222222,881,0,0
20,9,42,0.2,wave,0.075,3,0.014722222222222222,885,0,0
20,9,43,0.2,wave,0.075,3,0.014722222222222222,889,0,0
20,9,44,0.2,wave,0.075,3,0.014722222222222222,872,0,0
20,9,45,0.2,wave,0.075,3,0.014722222222222222,876,0,0
20,9,46,0.2,wave,0.075,3,0.014722222222222222,867,0,0
20,9,47,0.2,wave,0.075,3,0.014722222222222222,865,0,0
20,9,48,0.2,wave,0.075,3,0.014722222222222222,869,0,0
20,9,49,0.2,wave,0.075,3,0.014722222222222222,868,0,0
20,9,50,0.2,wave,0.075,3,0.014722222222222222,868,0,0
20,9,51,0.2,wave,0.075,3,0.014722222222222222,859,0,0
20,9,52,0.2,wave,0.075,3,0.014722222222222222,866,0,0
20,10,1,0.2,wave,0.075,3,0.014722222222222222,844,0,0
20,10,2,0.2,wave,0.075,3,0.014722222222222222,856,0,0
20,10,3,0.2,wave,0.075,3,0.014722222222222222,817,0,0
20,10,4,0.2,wave,0.075,3,0.014722222222222222,824,0,0
20,10,5,0.2,wave,0.075,3,0.014722222222222222,806,0,0
20,10,6,0.2,wave,0.075,3,0.014722222222222222,804,0,0
20,10,7,0.2,wave,0.075,3,0.014722222222222222,790,0,0
20,10,8,0.2,wave,0.075,3,0.014722222222222222,806,0,0
20,10,9,0.2,wave,0.075,3,0.014722222222222222,792,0,0
20,10,10,0.2,wave,0.075,3,0.014722222222222222,805,0,0
20,10,11,0.2,wave,0.075,3,0.014722222222222222,789,0,0
20,10,12,0.2,wave,0.075,3,0.014722222222222222,794,0,0
20,10,13,0.2,wave,0.075,3,0.014722222222222222,783,0,0
20,10,14,0.2,wave,0.075,3,0.014722222222222222,790,0,0
20,10,15,0.2,wave,0.075,3,0.014722222222222222,785,0,0
20,10,16,0.2,wave,0.075,3,0.014722222222222222,777,0,0
20,10,17,0.2,wave,0.075,3,0.014722222222222222,775,0,0
20,10,18,0.2,wave,0.075,3,0.014722222222222222,776,0,0
20,10,19,0.2,wave,0.075,3,0.014722222222222222,770,0,0
20,10,20,0.2,wave,0.075,3,0.014722222222222222,1032,0,0
20,10,21,0.2,wave,0.075,3,0.014722222222222222,1017,0,0
20,10,22,0.2,wave,0.075,3,0.014722222222222222,1018,0,0
20,10,23,0.2,wave,0.075,3,0.014722222222222222,1021,0,0
20,10,24,0.2,wave,0.075,3,0.014722222222222222,1016,0,0
20,10,25,0.2,wave,0.075,3,0.014722222222222222,1001,0,0
20,10,26,0.2,wave,0.075,3,0.014722222222222222,972,0,0
20,10,27,0.2,wave,0.075,3,0.014722222222222222,958,0,0
20,10,28,0.2,wave,0.075,3,0.014722222222222222,937,0,0
20,10,29,0.2,wave,0.075,3,0.014722222222222222,925,0,0
20,10,30,0.2,wave,0.075,3,0.014722222222222222,920,0,0
20,10,31,0.2,wave,0.075,3,0.014722222222222222,899,0,0
20,10,32,0.2,wave,0.075,3,0.014722222222222222,898,0,0
20,10,33,0.2,wave,0.075,3,0.014722222222222222,895,0,0
20,10,34,0.2,wave,0.075,3,0.014722222222222222,885,0,0
20,10,35,0.2,wave,0.075,3,0.014722222222222222,880,0,0
20,10,36,0.2,wave,0.075,3,0.014722222222222222,880,0,0
20,10,37,0.2,wave,0.075,3,0.014722222222222222,876,0,0
20,10,38,0.2,wave,0.075,3,0.014722222222222222,883,0,0
20,10,39,0.2,wave,0.075,3,0.014722222222222222,882,0,0
20,10,40,0.2,wave,0.075,3,0.014722222222222222,866,0,0
20,10,41,0.2,wave,0.075,3,0.014722222222222222,885,0,0
20,10,42,0.2,wave,0.075,3,0.014722222222222222,872,0,0
20,10,43,0.2,wave,0.075,3,0.014722222222222222,878,0,0
20,10,44,0.2,wave,0.075,3,0.014722222222222222,862,0,0
20,10,45,0.2,wave,0.075,3,0.014722222222222222,870,0,0
20,10,46,0.2,wave,0.075,3,0.014722222222222222,858,0,0
20,10,47,0.2,wave,0.075,3,0.014722222222222222,870,0,0
20,10,48,0.2,wave,0.075,3,0.014722222222222222,849,0,0
20,10,49,0.2,wave,0.075,3,0.014722222222222222,834,0,0
20,10,50,0.2,wave,0.075,3,0.014722222222222222,816,0,0
20,10,51,0.2,wave,0.075,3,0.014722222222222222,832,0,0
20,10,52,0.2,wave,0.075,3,0.014722222222222222,819,0,0
21,1,1,0.2,wave,0.075,3,0.019166666666666665,6678,67,13
21,1,2,0.2,wave,0.075,3,0.019166666666666665,6530,86,20
21,1,3,0.2,wave,0.075,3,0.019166666666666665,6355,110,42
21,1,4,0.2,wave,0.075,3,0.019166666666666665,6160,162,48
21,1,5,0.2,wave,0.075,3,0.019166666666666665,6056,222,71
21,1,6,0.2,wave,0.075,3,0.019166666666666665,5820,248,82
21,1,7,0.2,wave,0.075,3,0.019166666666666665,5645,297,100
21,1,8,0.2,wave,0.075,3,0.019166666666666665,5367,362,127
21,1,9,0.2,wave,0.075,3,0.019166666666666665,5273,421,160
21,1,10,0.2,wave,0.075,3,0.019166666666666665,5048,490,195
21,1,11,0.2,wave,0.075,3,0.019166666666666665,4873,530,225
21,1,12,0.2,wave,0.075,3,0.019166666666666665,4699,559,226
21,1,13,0.2,wave,0.075,3,0.019166666666666665,4555,569,252
21,1,14,0.2,wave,0.075,3,0.019166666666666665,4274,585,268
21,1,15,0.2,wave,0.075,3,0.019166666666666665,4149,596,286
21,1,16,0.2,wave,0.075,3,0.019166666666666665,3956,583,287
21,1,17,0.2,wave,0.075,3,0.019166666666666665,3818,532,260
21,1,18,0.2,wave,0.075,3,0.019166666666666665,3664,528,255
21,1,19,0.2,wave,0.075,3,0.019166666666666665,3542,480,246
21,1,20,0.2,wave,0.075,3,0.019166666666666665,5024,456,241
21,1,21,0.2,wave,0.075,3,0.019166666666666665,4770,499,222
21,1,22,0.2,wave,0.075,3,0.019166666666666665,4607,533,233
21,1,23,0.2,wave,0.075,3,0.019166666666666665,4462,541,224
21,1,24,0.2,wave,0.075,3,0.019166666666666665,4334,576,237
21,1,25,0.2,wave,0.075,3,0.019166666666666665,4280,615,240
21,1,26,0.2,wave,0.075,3,0.019166666666666665,4089,627,285
21,1,27,0.2,wave,0.075,3,0.019166666666666665,3951,664,310
21,1,28,0.2,wave,0.075,3,0.019166666666666665,3736,655,278
21,1,29,0.2,wave,0.075,3,0.019166666666666665,3582,628,268
21,1,30,0.2,wave,0.075,3,0.019166666666666665,3408,605,269
21,1,31,0.2,wave,0.075,3,0.019166666666666665,3312,617,308
21,1,32,0.2,wave,0.075,3,0.019166666666666665,3144,640,326
21,1,33,0.2,wave,0.075,3,0.019166666666666665,3003,649,309
21,1,34,0.2,wave,0.075,3,0.019166666666666665,2780,612,284
21,1,35,0.2,wave,0.075,3,0.019166666666666665,2632,585,280
21,1,36,0.2,wave,0.075,3,0.019166666666666665,2480,553,272
21,1,37,0.2,wave,0.075,3,0.019166666666666665,2372,523,270
21,1,38,0.2,wave,0.075,3,0.019166666666666665,2248,471,243
21,1,39,0.2,wave,0.075,3,0.019166666666666665,2109,438,224
21,1,40,0.2,wave,0.075,3,0.019166666666666665,2029,412,203
21,1,41,0.2,wave,0.075,3,0.019166666666666665,1942,389,200
21,1,42,0.2,wave,0.075,3,0.019166666666666665,1869,363,200
21,1,43,0.2,wave,0.075,3,0.019166666666666665,1783,328,188
21,1,44,0.2,wave,0.075,3,0.019166666666666665,1706,295,173
21,1,45,0.2,wave,0.075,3,0.019166666666666665,1618,246,140
21,1,46,0.2,wave,0.075,3,0.019166666666666665,1547,197,116
21,1,47,0.2,wave,0.075,3,0.019166666666666665,1479,163,103
21,1,48,0.2,wave,0.075,3,0.019166666666666665,1447,134,81
21,1,49,0.2,wave,0.075,3,0.019166666666666665,1399,115,73
21,1,50,0.2,wave,0.075,3,0.019166666666666665,1364,94,55
21,1,51,0.2,wave,0.075,3,0.019166666666666665,1337,81,51
21,1,52,0.2,wave,0.075,3,0.019166666666666665,1317,66,38
21,2,1,0.2,wave,0.075,3,0.019166666666666665,1279,55,26
21,2,2,0.2,wave,0.075,3,0.019166666666666665,1264,48,26
21,2,3,0.2,wave,0.075,3,0.019166666666666665,1248,43,26
21,2,4,0.2,wave,0.075,3,0.019166666666666665,1248,45,29
21,2,5,0.2,wave,0.075,3,0.019166666666666665,1206,29,14
21,2,6,0.2,wave,0.075,3,0.019166666666666665,1201,24,10
21,2,7,0.2,wave,0.075,3,0.019166666666666665,1178,22,11
21,2,8,0.2,wave,0.075,3,0.019166666666666665,1175,23,11
21,2,9,0.2,wave,0.075,3,0.019166666666666665,1163,21,11
21,2,10,0.2,wave,0.075,3,0.019166666666666665,1151,14,7
21,2,11,0.2,wave,0.075,3,0.019166666666666665,1142,16,9
21,2,12,0.2,wave,0.075,3,0.019166666666666665,1129,15,10
21,2,13,0.2,wave,0.075,3,0.019166666666666665,1112,14,9
21,2,14,0.2,wave,0.075,3,0.019166666666666665,1093,14,7
21,2,15,0.2,wave,0.075,3,0.019166666666666665,1081,12,4
21,2,16,0.2,wave,0.075,3,0.019166666666666665,1083,12,3
21,2,17,0.2,wave,0.075,3,0.019166666666666665,1071,11,5
21,2,18,0.2,wave,0.075,3,0.019166666666666665,1067,11,4
21,2,19,0.2,wave,0.075,3,0.019166666666666665,1062,11,6
21,2,20,0.2,wave,0.075,3,0.019166666666666665,1556,9,5
21,2,21,0.2,wave,0.075,3,0.019166666666666665,1529,9,5
21,2,22,0.2,wave,0.075,3,0.019166666666666665,1538,7,5
21,2,23,0.2,wave,0.075,3,0.019166666666666665,1504,5,3
21,2,24,0.2,wave,0.075,3,0.019166666666666665,1489,5,4
21,2,25,0.2,wave,0.075,3,0.019166666666666665,1410,2,1
21,2,26,0.2,wave,0.075,3,0.019166666666666665,1426,2,1
21,2,27,0.2,wave,0.075,3,0.019166666666666665,1399,1,0
21,2,28,0.2,wave,0.075,3,0.019166666666666665,1414,1,1
21,2,29,0.2,wave,0.075,3,0.019166666666666665,1391,1,1
21,2,30,0.2,wave,0.075,3,0.019166666666666665,1356,2,1
21,2,31,0.2,wave,0.075,3,0.019166666666666665,1336,0,0
21,2,32,0.2,wave,0.075,3,0.019166666666666665,1325,1,0
21,2,33,0.2,wave,0.075,3,0.019166666666666665,1308,0,0
21,2,34,0.2,wave,0.075,3,0.019166666666666665,1276,0,0
21,2,35,0.2,wave,0.075,3,0.019166666666666665,1268,1,1
21,2,36,0.2,wave,0.075,3,0.019166666666666665,1272,3,2
21,2,37,0.2,wave,0.075,3,0.019166666666666665,1247,1,1
21,2,38,0.2,wave,0.075,3,0.019166666666666665,1240,1,0
21,2,39,0.2,wave,0.075,3,0.019166666666666665,1199,0,0
21,2,40,0.2,wave,0.075,3,0.019166666666666665,1198,0,0
21,2,41,0.2,wave,0.075,3,0.019166666666666665,1163,0,0
21,2,42,0.2,wave,0.075,3,0.019166666666666665,1149,0,0
21,2,43,0.2,wave,0.075,3,0.019166666666666665,1135,0,0
21,2,44,0.2,wave,0.075,3,0.019166666666666665,1130,0,0
21,2,45,0.2,wave,0.075,3,0.019166666666666665,1114,0,0
21,2,46,0.2,wave,0.075,3,0.019166666666666665,1100,0,0
21,2,47,0.2,wave,0.075,3,0.019166666666666665,1086,0,0
21,2,48,0.2,wave,0.075,3,0.019166666666666665,1057,0,0
21,2,49,0.2,wave,0.075,3,0.019166666666666665,1046,0,0
21,2,50,0.2,wave,0.075,3,0.019166666666666665,1036,0,0
21,2,51,0.2,wave,0.075,3,0.019166666666666665,1025,0,0
21,2,52,0.2,wave,0.075,3,0.019166666666666665,1018,0,0
21,3,1,0.2,wave,0.075,3,0.019166666666666665,1004,0,0
21,3,2,0.2,wave,0.075,3,0.019166666666666665,996,0,0
21,3,3,0.2,wave,0.075,3,0.019166666666666665,978,0,0
21,3,4,0.2,wave,0.075,3,0.019166666666666665,969,0,0
21,3,5,0.2,wave,0.075,3,0.019166666666666665,962,0,0
21,3,6,0.2,wave,0.075,3,0.019166666666666665,952,0,0
21,3,7,0.2,wave,0.075,3,0.019166666666666665,942,0,0
21,3,8,0.2,wave,0.075,3,0.019166666666666665,942,0,0
21,3,9,0.2,wave,0.075,3,0.019166666666666665,916,0,0
21,3,10,0.2,wave,0.075,3,0.019166666666666665,913,0,0
21,3,11,0.2,wave,0.075,3,0.019166666666666665,908,0,0
21,3,12,0.2,wave,0.075,3,0.019166666666666665,893,0,0
21,3,13,0.2,wave,0.075,3,0.019166666666666665,879,0,0
21,3,14,0.2,wave,0.075,3,0.019166666666666665,883,0,0
21,3,15,0.2,wave,0.075,3,0.019166666666666665,870,0,0
21,3,16,0.2,wave,0.075,3,0.019166666666666665,870,0,0
21,3,17,0.2,wave,0.075,3,0.019166666666666665,851,0,0
21,3,18,0.2,wave,0.075,3,0.019166666666666665,854,0,0
21,3,19,0.2,wave,0.075,3,0.019166666666666665,839,0,0
21,3,20,0.2,wave,0.075,3,0.019166666666666665,1239,0,0
21,3,21,0.2,wave,0.075,3,0.019166666666666665,1224,0,0
21,3,22,0.2,wave,0.075,3,0.019166666666666665,1205,0,0
21,3,23,0.2,wave,0.075,3,0.019166666666666665,1194,0,0
21,3,24,0.2,wave,0.075,3,0.019166666666666665,1186,0,0
21,3,25,0.2,wave,0.075,3,0.019166666666666665,1147,0,0
21,3,26,0.2,wave,0.075,3,0.019166666666666665,1138,0,0
21,3,27,0.2,wave,0.075,3,0.019166666666666665,1115,0,0
21,3,28,0.2,wave,0.075,3,0.019166666666666665,1108,0,0
21,3,29,0.2,wave,0.075,3,0.019166666666666665,1101,0,0
21,3,30,0.2,wave,0.075,3,0.019166666666666665,1094,0,0
21,3,31,0.2,wave,0.075,3,0.019166666666666665,1091,0,0
21,3,32,0.2,wave,0.075,3,0.019166666666666665,1075,0,0
21,3,33,0.2,wave,0.075,3,0.019166666666666665,1057,0,0
21,3,34,0.2,wave,0.075,3,0.019166666666666665,1051,0,0
21,3,35,0.2,wave,0.075,3,0.019166666666666665,1057,0,0
21,3,36,0.2,wave,0.075,3,0.019166666666666665,1049,0,0
21,3,37,0.2,wave,0.075,3,0.019166666666666665,1037,0,0
21,3,38,0.2,wave,0.075,3,0.019166666666666665,994,0,0
21,3,39,0.2,wave,0.075,3,0.019166666666666665,1003,0,0
21,3,40,0.2,wave,0.075,3,0.019166666666666665,989,0,0
21,3,41,0.2,wave,0.075,3,0.019166666666666665,976,0,0
21,3,42,0.2,wave,0.075,3,0.019166666666666665,969,0,0
21,3,43,0.2,wave,0.075,3,0.019166666666666665,972,0,0
21,3,44,0.2,wave,0.075,3,0.019166666666666665,956,0,0
21,3,45,0.2,wave,0.075,3,0.019166666666666665,956,0,0
21,3,46,0.2,wave,0.075,3,0.019166666666666665,942,0,0
21,3,47,0.2,wave,0.075,3,0.019166666666666665,933,0,0
21,3,48,0.2,wave,0.075,3,0.019166666666666665,915,0,0
21,3,49,0.2,wave,0.075,3,0.019166666666666665,900,0,0
21,3,50,0.2,wave,0.075,3,0.019166666666666665,888,0,0
21,3,51,0.2,wave,0.075,3,0.019166666666666665,874,0,0
21,3,52,0.2,wave,0.075,3,0.019166666666666665,866,0,0
21,4,1,0.2,wave,0.075,3,0.019166666666666665,854,0,0
21,4,2,0.2,wave,0.075,3,0.019166666666666665,845,0,0
21,4,3,0.2,wave,0.075,3,0.019166666666666665,835,0,0
21,4,4,0.2,wave,0.075,3,0.019166666666666665,835,0,0
21,4,5,0.2,wave,0.075,3,0.019166666666666665,827,0,0
21,4,6,0.2,wave,0.075,3,0.019166666666666665,825,0,0
21,4,7,0.2,wave,0.075,3,0.019166666666666665,814,0,0
21,4,8,0.2,wave,0.075,3,0.019166666666666665,817,0,0
21,4,9,0.2,wave,0.075,3,0.019166666666666665,802,0,0
21,4,10,0.2,wave,0.075,3,0.019166666666666665,807,0,0
21,4,11,0.2,wave,0.075,3,0.019166666666666665,796,0,0
21,4,12,0.2,wave,0.075,3,0.019166666666666665,801,0,0
21,4,13,0.2,wave,0.075,3,0.019166666666666665,777,0,0
21,4,14,0.2,wave,0.075,3,0.019166666666666665,782,0,0
21,4,15,0.2,wave,0.075,3,0.019166666666666665,776,0,0
21,4,16,0.2,wave,0.075,3,0.019166666666666665,775,0,0
21,4,17,0.2,wave,0.075,3,0.019166666666666665,773,0,0
21,4,18,0.2,wave,0.075,3,0.019166666666666665,771,0,0
21,4,19,0.2,wave,0.075,3,0.019166666666666665,762,0,0
21,4,20,0.2,wave,0.075,3,0.019166666666666665,1082,0,0
21,4,21,0.2,wave,0.075,3,0.019166666666666665,1074,0,0
21,4,22,0.2,wave,0.075,3,0.019166666666666665,1071,0,0
21,4,23,0.2,wave,0.075,3,0.019166666666666665,1054,0,0
21,4,24,0.2,wave,0.075,3,0.019166666666666665,1043,0,0
21,4,25,0.2,wave,0.075,3,0.019166666666666665,1048,0,0
21,4,26,0.2,wave,0.075,3,0.019166666666666665,1010,0,0
21,4,27,0.2,wave,0.075,3,0.019166666666666665,978,0,0
21,4,28,0.2,wave,0.075,3,0.019166666666666665,957,0,0
21,4,29,0.2,wave,0.075,3,0.019166666666666665,980,0,0
21,4,30,0.2,wave,0.075,3,0.019166666666666665,963,0,0
21,4,31,0.2,wave,0.075,3,0.019166666666666665,973,0,0
21,4,32,0.2,wave,0.075,3,0.019166666666666665,947,0,0
21,4,33,0.2,wave,0.075,3,0.019166666666666665,952,0,0
21,4,34,0.2,wave,0.075,3,0.019166666666666665,931,0,0
21,4,35,0.2,wave,0.075,3,0.019166666666666665,936,0,0
21,4,36,0.2,wave,0.075,3,0.019166666666666665,917,0,0
21,4,37,0.2,wave,0.075,3,0.019166666666666665,918,0,0
21,4,38,0.2,wave,0.075,3,0.019166666666666665,916,0,0
21,4,39,0.2,wave,0.075,3,0.019166666666666665,890,0,0
21,4,40,0.2,wave,0.075,3,0.019166666666666665,900,0,0
21,4,41,0.2,wave,0.075,3,0.019166666666666665,892,0,0
21,4,42,0.2,wave,0.075,3,0.019166666666666665,893,0,0
21,4,43,0.2,wave,0.075,3,0.019166666666666665,878,0,0
21,4,44,0.2,wave,0.075,3,0.019166666666666665,877,0,0
21,4,45,0.2,wave,0.075,3,0.019166666666666665,864,0,0
21,4,46,0.2,wave,0.075,3,0.019166666666666665,867,0,0
21,4,47,0.2,wave,0.075,3,0.019166666666666665,853,0,0
21,4,48,0.2,wave,0.075,3,0.019166666666666665,856,0,0
21,4,49,0.2,wave,0.075,3,0.019166666666666665,841,0,0
21,4,50,0.2,wave,0.075,3,0.019166666666666665,835,0,0
21,4,51,0.2,wave,0.075,3,0.019166666666666665,812,0,0
21,4,52,0.2,wave,0.075,3,0.019166666666666665,803,0,0
21,5,1,0.2,wave,0.075,3,0.019166666666666665,796,0,0
21,5,2,0.2,wave,0.075,3,0.019166666666666665,777,0,0
21,5,3,0.2,wave,0.075,3,0.019166666666666665,764,0,0
21,5,4,0.2,wave,0.075,3,0.019166666666666665,757,0,0
21,5,5,0.2,wave,0.075,3,0.019166666666666665,743,0,0
21,5,6,0.2,wave,0.075,3,0.019166666666666665,745,0,0
21,5,7,0.2,wave,0.075,3,0.019166666666666665,740,0,0
21,5,8,0.2,wave,0.075,3,0.019166666666666665,736,0,0
21,5,9,0.2,wave,0.075,3,0.019166666666666665,729,0,0
21,5,10,0.2,wave,0.075,3,0.019166666666666665,731,0,0
21,5,11,0.2,wave,0.075,3,0.019166666666666665,708,0,0
21,5,12,0.2,wave,0.075,3,0.019166666666666665,717,0,0
21,5,13,0.2,wave,0.075,3,0.019166666666666665,704,0,0
21,5,14,0.2,wave,0.075,3,0.019166666666666665,710,0,0
21,5,15,0.2,wave,0.075,3,0.019166666666666665,696,0,0
21,5,16,0.2,wave,0.075,3,0.019166666666666665,704,0,0
21,5,17,0.2,wave,0.075,3,0.019166666666666665,694,0,0
21,5,18,0.2,wave,0.075,3,0.019166666666666665,693,0,0
21,5,19,0.2,wave,0.075,3,0.019166666666666665,678,0,0
21,5,20,0.2,wave,0.075,3,0.019166666666666665,1039,0,0
21,5,21,0.2,wave,0.075,3,0.019166666666666665,987,0,0
21,5,22,0.2,wave,0.075,3,0.019166666666666665,983,0,0
21,5,23,0.2,wave,0.075,3,0.019166666666666665,951,0,0
21,5,24,0.2,wave,0.075,3,0.019166666666666665,940,0,0
21,5,25,0.2,wave,0.075,3,0.019166666666666665,950,0,0
21,5,26,0.2,wave,0.075,3,0.019166666666666665,931,0,0
21,5,27,0.2,wave,0.075,3,0.019166666666666665,926,0,0
21,5,28,0.2,wave,0.075,3,0.019166666666666665,908,0,0
21,5,29,0.2,wave,0.075,3,0.019166666666666665,893,0,0
21,5,30,0.2,wave,0.075,3,0.019166666666666665,894,0,0
21,5,31,0.2,wave,0.075,3,0.019166666666666665,882,0,0
21,5,32,0.2,wave,0.075,3,0.019166666666666665,881,0,0
21,5,33,0.2,wave,0.075,3,0.019166666666666665,869,0,0
21,5,34,0.2,wave,0.075,3,0.019166666666666665,885,0,0
21,5,35,0.2,wave,0.075,3,0.019166666666666665,843,0,0
21,5,36,0.2,wave,0.075,3,0.019166666666666665,838,0,0
21,5,37,0.2,wave,0.075,3,0.019166666666666665,808,0,0
21,5,38,0.2,wave,0.075,3,0.019166666666666665,779,0,0
21,5,39,0.2,wave,0.075,3,0.019166666666666665,781,0,0
21,5,40,0.2,wave,0.075,3,0.019166666666666665,765,0,0
21,5,41,0.2,wave,0.075,3,0.019166666666666665,775,0,0
21,5,42,0.2,wave,0.075,3,0.019166666666666665,747,0,0
21,5,43,0.2,wave,0.075,3,0.019166666666666665,745,0,0
21,5,44,0.2,wave,0.075,3,0.019166666666666665,735,0,0
21,5,45,0.2,wave,0.075,3,0.019166666666666665,738,0,0
21,5,46,0.2,wave,0.075,3,0.019166666666666665,729,0,0
21,5,47,0.2,wave,0.075,3,0.019166666666666665,723,0,0
21,5,48,0.2,wave,0.075,3,0.019166666666666665,713,0,0
21,5,49,0.2,wave,0.075,3,0.019166666666666665,706,0,0
21,5,50,0.2,wave,0.075,3,0.019166666666666665,695,0,0
21,5,51,0.2,wave,0.075,3,0.019166666666666665,668,0,0
21,5,52,0.2,wave,0.075,3,0.019166666666666665,669,0,0
21,6,1,0.2,wave,0.075,3,0.019166666666666665,653,0,0
21,6,2,0.2,wave,0.075,3,0.019166666666666665,659,0,0
21,6,3,0.2,wave,0.075,3,0.019166666666666665,644,0,0
21,6,4,0.2,wave,0.075,3,0.019166666666666665,650,0,0
21,6,5,0.2,wave,0.075,3,0.019166666666666665,636,0,0
21,6,6,0.2,wave,0.075,3,0.019166666666666665,639,0,0
21,6,7,0.2,wave,0.075,3,0.019166666666666665,617,0,0
21,6,8,0.2,wave,0.075,3,0.019166666666666665,617,0,0
21,6,9,0.2,wave,0.075,3,0.019166666666666665,616,0,0
21,6,10,0.2,wave,0.075,3,0.019166666666666665,618,0,0
21,6,11,0.2,wave,0.075,3,0.019166666666666665,613,0,0
21,6,12,0.2,wave,0.075,3,0.019166666666666665,614,0,0
21,6,13,0.2,wave,0.075,3,0.019166666666666665,612,0,0
21,6,14,0.2,wave,0.075,3,0.019166666666666665,610,0,0
21,6,15,0.2,wave,0.075,3,0.019166666666666665,606,0,0
21,6,16,0.2,wave,0.075,3,0.019166666666666665,604,0,0
21,6,17,0.2,wave,0.075,3,0.019166666666666665,600,0,0
21,6,18,0.2,wave,0.075,3,0.019166666666666665,601,0,0
21,6,19,0.2,wave,0.075,3,0.019166666666666665,593,0,0
21,6,20,0.2,wave,0.075,3,0.019166666666666665,918,0,0
21,6,21,0.2,wave,0.075,3,0.019166666666666665,921,0,0
21,6,22,0.2,wave,0.075,3,0.019166666666666665,897,0,0
21,6,23,0.2,wave,0.075,3,0.019166666666666665,845,0,0
21,6,24,0.2,wave,0.075,3,0.019166666666666665,827,0,0
21,6,25,0.2,wave,0.075,3,0.019166666666666665,832,0,0
21,6,26,0.2,wave,0.075,3,0.019166666666666665,810,0,0
21,6,27,0.2,wave,0.075,3,0.019166666666666665,813,0,0
21,6,28,0.2,wave,0.075,3,0.019166666666666665,810,0,0
21,6,29,0.2,wave,0.075,3,0.019166666666666665,815,0,0
21,6,30,0.2,wave,0.075,3,0.019166666666666665,833,0,0
21,6,31,0.2,wave,0.075,3,0.019166666666666665,818,0,0
21,6,32,0.2,wave,0.075,3,0.019166666666666665,800,0,0
21,6,33,0.2,wave,0.075,3,0.019166666666666665,802,0,0
21,6,34,0.2,wave,0.075,3,0.019166666666666665,799,0,0
21,6,35,0.2,wave,0.075,3,0.019166666666666665,786,0,0
21,6,36,0.2,wave,0.075,3,0.019166666666666665,788,0,0
21,6,37,0.2,wave,0.075,3,0.019166666666666665,772,0,0
21,6,38,0.2,wave,0.075,3,0.019166666666666665,785,0,0
21,6,39,0.2,wave,0.075,3,0.019166666666666665,775,0,0
21,6,40,0.2,wave,0.075,3,0.019166666666666665,778,0,0
21,6,41,0.2,wave,0.075,3,0.019166666666666665,764,0,0
21,6,42,0.2,wave,0.075,3,0.019166666666666665,743,0,0
21,6,43,0.2,wave,0.075,3,0.019166666666666665,744,0,0
21,6,44,0.2,wave,0.075,3,0.019166666666666665,738,0,0
21,6,45,0.2,wave,0.075,3,0.019166666666666665,724,0,0
21,6,46,0.2,wave,0.075,3,0.019166666666666665,712,0,0
21,6,47,0.2,wave,0.075,3,0.019166666666666665,710,0,0
21,6,48,0.2,wave,0.075,3,0.019166666666666665,697,0,0
21,6,49,0.2,wave,0.075,3,0.019166666666666665,686,0,0
21,6,50,0.2,wave,0.075,3,0.019166666666666665,689,0,0
21,6,51,0.2,wave,0.075,3,0.019166666666666665,662,0,0
21,6,52,0.2,wave,0.075,3,0.019166666666666665,645,0,0
21,7,1,0.2,wave,0.075,3,0.019166666666666665,635,0,0
21,7,2,0.2,wave,0.075,3,0.019166666666666665,644,0,0
21,7,3,0.2,wave,0.075,3,0.019166666666666665,629,0,0
21,7,4,0.2,wave,0.075,3,0.019166666666666665,635,0,0
21,7,5,0.2,wave,0.075,3,0.019166666666666665,622,0,0
21,7,6,0.2,wave,0.075,3,0.019166666666666665,630,0,0
21,7,7,0.2,wave,0.075,3,0.019166666666666665,622,0,0
21,7,8,0.2,wave,0.075,3,0.019166666666666665,625,0,0
21,7,9,0.2,wave,0.075,3,0.019166666666666665,620,0,0
21,7,10,0.2,wave,0.075,3,0.019166666666666665,627,0,0
21,7,11,0.2,wave,0.075,3,0.019166666666666665,615,0,0
21,7,12,0.2,wave,0.075,3,0.019166666666666665,619,0,0
21,7,13,0.2,wave,0.075,3,0.019166666666666665,614,0,0
21,7,14,0.2,wave,0.075,3,0.019166666666666665,619,0,0
21,7,15,0.2,wave,0.075,3,0.019166666666666665,618,0,0
21,7,16,0.2,wave,0.075,3,0.019166666666666665,620,0,0
21,7,17,0.2,wave,0.075,3,0.019166666666666665,616,0,0
21,7,18,0.2,wave,0.075,3,0.019166666666666665,613,0,0
21,7,19,0.2,wave,0.075,3,0.019166666666666665,613,0,0
21,7,20,0.2,wave,0.075,3,0.019166666666666665,898,0,0
21,7,21,0.2,wave,0.075,3,0.019166666666666665,896,0,0
21,7,22,0.2,wave,0.075,3,0.019166666666666665,884,0,0
21,7,23,0.2,wave,0.075,3,0.019166666666666665,890,0,0
21,7,24,0.2,wave,0.075,3,0.019166666666666665,868,0,0
21,7,25,0.2,wave,0.075,3,0.019166666666666665,852,0,0
21,7,26,0.2,wave,0.075,3,0.019166666666666665,848,0,0
21,7,27,0.2,wave,0.075,3,0.019166666666666665,845,0,0
21,7,28,0.2,wave,0.075,3,0.019166666666666665,851,0,0
21,7,29,0.2,wave,0.075,3,0.019166666666666665,826,0,0
21,7,30,0.2,wave,0.075,3,0.019166666666666665,832,0,0
21,7,31,0.2,wave,0.075,3,0.019166666666666665,791,0,0
21,7,32,0.2,wave,0.075,3,0.019166666666666665,798,0,0
21,7,33,0.2,wave,0.075,3,0.019166666666666665,783,0,0
21,7,34,0.2,wave,0.075,3,0.019166666666666665,780,0,0
21,7,35,0.2,wave,0.075,3,0.019166666666666665,760,0,0
21,7,36,0.2,wave,0.075,3,0.019166666666666665,768,0,0
21,7,37,0.2,wave,0.075,3,0.019166666666666665,763,0,0
21,7,38,0.2,wave,0.075,3,0.019166666666666665,758,0,0
21,7,39,0.2,wave,0.075,3,0.019166666666666665,743,0,0
21,7,40,0.2,wave,0.075,3,0.019166666666666665,754,0,0
21,7,41,0.2,wave,0.075,3,0.019166666666666665,748,0,0
21,7,42,0.2,wave,0.075,3,0.019166666666666665,765,0,0
21,7,43,0.2,wave,0.075,3,0.019166666666666665,752,0,0
21,7,44,0.2,wave,0.075,3,0.019166666666666665,750,0,0
21,7,45,0.2,wave,0.075,3,0.019166666666666665,750,0,0
21,7,46,0.2,wave,0.075,3,0.019166666666666665,742,0,0
21,7,47,0.2,wave,0.075,3,0.019166666666666665,732,0,0
21,7,48,0.2,wave,0.075,3,0.019166666666666665,736,0,0
21,7,49,0.2,wave,0.075,3,0.019166666666666665,729,0,0
21,7,50,0.2,wave,0.075,3,0.019166666666666665,724,0,0
21,7,51,0.2,wave,0.075,3,0.019166666666666665,716,0,0
21,7,52,0.2,wave,0.075,3,0.019166666666666665,720,0,0
21,8,1,0.2,wave,0.075,3,0.019166666666666665,712,0,0
21,8,2,0.2,wave,0.075,3,0.019166666666666665,713,0,0
21,8,3,0.2,wave,0.075,3,0.019166666666666665,711,0,0
21,8,4,0.2,wave,0.075,3,0.019166666666666665,710,0,0
21,8,5,0.2,wave,0.075,3,0.019166666666666665,706,0,0
21,8,6,0.2,wave,0.075,3,0.019166666666666665,710,0,0
21,8,7,0.2,wave,0.075,3,0.019166666666666665,694,0,0
21,8,8,0.2,wave,0.075,3,0.019166666666666665,698,0,0
21,8,9,0.2,wave,0.075,3,0.019166666666666665,693,0,0
21,8,10,0.2,wave,0.075,3,0.019166666666666665,697,0,0
21,8,11,0.2,wave,0.075,3,0.019166666666666665,692,0,0
21,8,12,0.2,wave,0.075,3,0.019166666666666665,692,0,0
21,8,13,0.2,wave,0.075,3,0.019166666666666665,693,0,0
21,8,14,0.2,wave,0.075,3,0.019166666666666665,684,0,0
21,8,15,0.2,wave,0.075,3,0.019166666666666665,681,0,0
21,8,16,0.2,wave,0.075,3,0.019166666666666665,683,0,0
21,8,17,0.2,wave,0.075,3,0.019166666666666665,677,0,0
21,8,18,0.2,wave,0.075,3,0.019166666666666665,683,0,0
21,8,19,0.2,wave,0.075,3,0.019166666666666665,678,0,0
21,8,20,0.2,wave,0.075,3,0.019166666666666665,1016,0,0
21,8,21,0.2,wave,0.075,3,0.019166666666666665,966,0,0
21,8,22,0.2,wave,0.075,3,0.019166666666666665,953,0,0
21,8,23,0.2,wave,0.075,3,0.019166666666666665,937,0,0
21,8,24,0.2,wave,0.075,3,0.019166666666666665,935,0,0
21,8,25,0.2,wave,0.075,3,0.019166666666666665,898,0,0
21,8,26,0.2,wave,0.075,3,0.019166666666666665,899,0,0
21,8,27,0.2,wave,0.075,3,0.019166666666666665,876,0,0
21,8,28,0.2,wave,0.075,3,0.019166666666666665,886,0,0
21,8,29,0.2,wave,0.075,3,0.019166666666666665,873,0,0
21,8,30,0.2,wave,0.075,3,0.019166666666666665,881,0,0
21,8,31,0.2,wave,0.075,3,0.019166666666666665,858,0,0
21,8,32,0.2,wave,0.075,3,0.019166666666666665,842,0,0
21,8,33,0.2,wave,0.075,3,0.019166666666666665,824,0,0
21,8,34,0.2,wave,0.075,3,0.019166666666666665,834,0,0
21,8,35,0.2,wave,0.075,3,0.019166666666666665,829,0,0
21,8,36,0.2,wave,0.075,3,0.019166666666666665,826,0,0
21,8,37,0.2,wave,0.075,3,0.019166666666666665,819,0,0
21,8,38,0.2,wave,0.075,3,0.019166666666666665,827,0,0
21,8,39,0.2,wave,0.075,3,0.019166666666666665,824,0,0
21,8,40,0.2,wave,0.075,3,0.019166666666666665,823,0,0
21,8,41,0.2,wave,0.075,3,0.019166666666666665,822,0,0
21,8,42,0.2,wave,0.075,3,0.019166666666666665,818,0,0
21,8,43,0.2,wave,0.075,3,0.019166666666666665,817,0,0
21,8,44,0.2,wave,0.075,3,0.019166666666666665,819,0,0
21,8,45,0.2,wave,0.075,3,0.019166666666666665,818,0,0
21,8,46,0.2,wave,0.075,3,0.019166666666666665,821,0,0
21,8,47,0.2,wave,0.075,3,0.019166666666666665,817,0,0
21,8,48,0.2,wave,0.075,3,0.019166666666666665,817,0,0
21,8,49,0.2,wave,0.075,3,0.019166666666666665,818,0,0
21,8,50,0.2,wave,0.075,3,0.019166666666666665,812,0,0
21,8,51,0.2,wave,0.075,3,0.019166666666666665,812,0,0
21,8,52,0.2,wave,0.075,3,0.019166666666666665,812,0,0
21,9,1,0.2,wave,0.075,3,0.019166666666666665,810,0,0
21,9,2,0.2,wave,0.075,3,0.019166666666666665,815,0,0
21,9,3,0.2,wave,0.075,3,0.019166666666666665,810,0,0
21,9,4,0.2,wave,0.075,3,0.019166666666666665,801,0,0
21,9,5,0.2,wave,0.075,3,0.019166666666666665,794,0,0
21,9,6,0.2,wave,0.075,3,0.019166666666666665,785,0,0
21,9,7,0.2,wave,0.075,3,0.019166666666666665,786,0,0
21,9,8,0.2,wave,0.075,3,0.019166666666666665,782,0,0
21,9,9,0.2,wave,0.075,3,0.019166666666666665,780,0,0
21,9,10,0.2,wave,0.075,3,0.019166666666666665,779,0,0
21,9,11,0.2,wave,0.075,3,0.019166666666666665,782,0,0
21,9,12,0.2,wave,0.075,3,0.019166666666666665,785,0,0
21,9,13,0.2,wave,0.075,3,0.019166666666666665,782,0,0
21,9,14,0.2,wave,0.075,3,0.019166666666666665,783,0,0
21,9,15,0.2,wave,0.075,3,0.019166666666666665,780,0,0
21,9,16,0.2,wave,0.075,3,0.019166666666666665,780,0,0
21,9,17,0.2,wave,0.075,3,0.019166666666666665,771,0,0
21,9,18,0.2,wave,0.075,3,0.019166666666666665,779,0,0
21,9,19,0.2,wave,0.075,3,0.019166666666666665,769,0,0
21,9,20,0.2,wave,0.075,3,0.019166666666666665,1133,0,0
21,9,21,0.2,wave,0.075,3,0.019166666666666665,1099,0,0
21,9,22,0.2,wave,0.075,3,0.019166666666666665,1090,0,0
21,9,23,0.2,wave,0.075,3,0.019166666666666665,1064,0,0
21,9,24,0.2,wave,0.075,3,0.019166666666666665,1081,0,0
21,9,25,0.2,wave,0.075,3,0.019166666666666665,1051,0,0
21,9,26,0.2,wave,0.075,3,0.019166666666666665,1049,0,0
21,9,27,0.2,wave,0.075,3,0.019166666666666665,1025,0,0
21,9,28,0.2,wave,0.075,3,0.019166666666666665,1019,0,0
21,9,29,0.2,wave,0.075,3,0.019166666666666665,1005,0,0
21,9,30,0.2,wave,0.075,3,0.019166666666666665,988,0,0
21,9,31,0.2,wave,0.075,3,0.019166666666666665,986,0,0
21,9,32,0.2,wave,0.075,3,0.019166666666666665,975,0,0
21,9,33,0.2,wave,0.075,3,0.019166666666666665,953,0,0
21,9,34,0.2,wave,0.075,3,0.019166666666666665,939,0,0
21,9,35,0.2,wave,0.075,3,0.019166666666666665,918,0,0
21,9,36,0.2,wave,0.075,3,0.019166666666666665,918,0,0
21,9,37,0.2,wave,0.075,3,0.019166666666666665,920,0,0
21,9,38,0.2,wave,0.075,3,0.019166666666666665,916,0,0
21,9,39,0.2,wave,0.075,3,0.019166666666666665,916,0,0
21,9,40,0.2,wave,0.075,3,0.019166666666666665,921,0,0
21,9,41,0.2,wave,0.075,3,0.019166666666666665,912,0,0
21,9,42,0.2,wave,0.075,3,0.019166666666666665,920,0,0
21,9,43,0.2,wave,0.075,3,0.019166666666666665,904,0,0
21,9,44,0.2,wave,0.075,3,0.019166666666666665,898,0,0
21,9,45,0.2,wave,0.075,3,0.019166666666666665,900,0,0
21,9,46,0.2,wave,0.075,3,0.019166666666666665,903,0,0
21,9,47,0.2,wave,0.075,3,0.019166666666666665,901,0,0
21,9,48,0.2,wave,0.075,3,0.019166666666666665,897,0,0
21,9,49,0.2,wave,0.075,3,0.019166666666666665,898,0,0
21,9,50,0.2,wave,0.075,3,0.019166666666666665,893,0,0
21,9,51,0.2,wave,0.075,3,0.019166666666666665,867,0,0
21,9,52,0.2,wave,0.075,3,0.019166666666666665,870,0,0
21,10,1,0.2,wave,0.075,3,0.019166666666666665,866,0,0
21,10,2,0.2,wave,0.075,3,0.019166666666666665,862,0,0
21,10,3,0.2,wave,0.075,3,0.019166666666666665,852,0,0
21,10,4,0.2,wave,0.075,3,0.019166666666666665,855,0,0
21,10,5,0.2,wave,0.075,3,0.019166666666666665,859,0,0
21,10,6,0.2,wave,0.075,3,0.019166666666666665,855,0,0
21,10,7,0.2,wave,0.075,3,0.019166666666666665,842,0,0
21,10,8,0.2,wave,0.075,3,0.019166666666666665,831,0,0
21,10,9,0.2,wave,0.075,3,0.019166666666666665,829,0,0
21,10,10,0.2,wave,0.075,3,0.019166666666666665,817,0,0
21,10,11,0.2,wave,0.075,3,0.019166666666666665,816,0,0
21,10,12,0.2,wave,0.075,3,0.019166666666666665,821,0,0
21,10,13,0.2,wave,0.075,3,0.019166666666666665,814,0,0
21,10,14,0.2,wave,0.075,3,0.019166666666666665,820,0,0
21,10,15,0.2,wave,0.075,3,0.019166666666666665,812,0,0
21,10,16,0.2,wave,0.075,3,0.019166666666666665,815,0,0
21,10,17,0.2,wave,0.075,3,0.019166666666666665,816,0,0
21,10,18,0.2,wave,0.075,3,0.019166666666666665,807,0,0
21,10,19,0.2,wave,0.075,3,0.019166666666666665,807,0,0
21,10,20,0.2,wave,0.075,3,0.019166666666666665,1089,0,0
21,10,21,0.2,wave,0.075,3,0.019166666666666665,1069,0,0
21,10,22,0.2,wave,0.075,3,0.019166666666666665,1051,0,0
21,10,23,0.2,wave,0.075,3,0.019166666666666665,1028,0,0
21,10,24,0.2,wave,0.075,3,0.019166666666666665,1021,0,0
21,10,25,0.2,wave,0.075,3,0.019166666666666665,1013,0,0
21,10,26,0.2,wave,0.075,3,0.019166666666666665,991,0,0
21,10,27,0.2,wave,0.075,3,0.019166666666666665,974,0,0
21,10,28,0.2,wave,0.075,3,0.019166666666666665,961,0,0
21,10,29,0.2,wave,0.075,3,0.019166666666666665,958,0,0
21,10,30,0.2,wave,0.075,3,0.019166666666666665,954,0,0
21,10,31,0.2,wave,0.075,3,0.019166666666666665,948,0,0
21,10,32,0.2,wave,0.075,3,0.019166666666666665,940,0,0
21,10,33,0.2,wave,0.075,3,0.019166666666666665,915,0,0
21,10,34,0.2,wave,0.075,3,0.019166666666666665,917,0,0
21,10,35,0.2,wave,0.075,3,0.019166666666666665,882,0,0
21,10,36,0.2,wave,0.075,3,0.019166666666666665,882,0,0
21,10,37,0.2,wave,0.075,3,0.019166666666666665,852,0,0
21,10,38,0.2,wave,0.075,3,0.019166666666666665,845,0,0
21,10,39,0.2,wave,0.075,3,0.019166666666666665,839,0,0
21,10,40,0.2,wave,0.075,3,0.019166666666666665,847,0,0
21,10,41,0.2,wave,0.075,3,0.019166666666666665,842,0,0
21,10,42,0.2,wave,0.075,3,0.019166666666666665,849,0,0
21,10,43,0.2,wave,0.075,3,0.019166666666666665,840,0,0
21,10,44,0.2,wave,0.075,3,0.019166666666666665,845,0,0
21,10,45,0.2,wave,0.075,3,0.019166666666666665,837,0,0
21,10,46,0.2,wave,0.075,3,0.019166666666666665,838,0,0
21,10,47,0.2,wave,0.075,3,0.019166666666666665,832,0,0
21,10,48,0.2,wave,0.075,3,0.019166666666666665,843,0,0
21,10,49,0.2,wave,0.075,3,0.019166666666666665,839,0,0
21,10,50,0.2,wave,0.075,3,0.019166666666666665,841,0,0
21,10,51,0.2,wave,0.075,3,0.019166666666666665,838,0,0
21,10,52,0.2,wave,0.075,3,0.019166666666666665,838,0,0
22,1,1,0.2,wave,0.075,3,0.04555555555555556,6701,66,15
22,1,2,0.2,wave,0.075,3,0.04555555555555556,6660,82,30
22,1,3,0.2,wave,0.075,3,0.04555555555555556,6523,111,50
22,1,4,0.2,wave,0.075,3,0.04555555555555556,6337,149,51
22,1,5,0.2,wave,0.075,3,0.04555555555555556,6256,169,56
22,1,6,0.2,wave,0.075,3,0.04555555555555556,6023,195,68
22,1,7,0.2,wave,0.075,3,0.04555555555555556,5850,253,81
22,1,8,0.2,wave,0.075,3,0.04555555555555556,5616,314,96
22,1,9,0.2,wave,0.075,3,0.04555555555555556,5327,369,114
22,1,10,0.2,wave,0.075,3,0.04555555555555556,5155,416,149
22,1,11,0.2,wave,0.075,3,0.04555555555555556,4961,447,185
22,1,12,0.2,wave,0.075,3,0.04555555555555556,4776,494,222
22,1,13,0.2,wave,0.075,3,0.04555555555555556,4589,521,225
22,1,14,0.2,wave,0.075,3,0.04555555555555556,4436,525,241
22,1,15,0.2,wave,0.075,3,0.04555555555555556,4281,510,241
22,1,16,0.2,wave,0.075,3,0.04555555555555556,4055,506,245
22,1,17,0.2,wave,0.075,3,0.04555555555555556,3900,493,243
22,1,18,0.2,wave,0.075,3,0.04555555555555556,3712,463,240
22,1,19,0.2,wave,0.075,3,0.04555555555555556,3573,434,229
22,1,20,0.2,wave,0.075,3,0.04555555555555556,5050,410,221
22,1,21,0.2,wave,0.075,3,0.04555555555555556,4808,445,197
22,1,22,0.2,wave,0.075,3,0.04555555555555556,4677,446,197
22,1,23,0.2,wave,0.075,3,0.04555555555555556,4591,525,216
22,1,24,0.2,wave,0.075,3,0.04555555555555556,4405,562,235
22,1,25,0.2,wave,0.075,3,0.04555555555555556,4217,594,251
22,1,26,0.2,wave,0.075,3,0.04555555555555556,4044,606,274
22,1,27,0.2,wave,0.075,3,0.04555555555555556,3890,612,278
22,1,28,0.2,wave,0.075,3,0.04555555555555556,3748,599,293
22,1,29,0.2,wave,0.075,3,0.04555555555555556,3588,572,275
22,1,30,0.2,wave,0.075,3,0.04555555555555556,3435,562,279
22,1,31,0.2,wave,0.075,3,0.04555555555555556,3293,555,249
22,1,32,0.2,wave,0.075,3,0.04555555555555556,3146,540,264
22,1,33,0.2,wave,0.075,3,0.04555555555555556,3029,532,274
22,1,34,0.2,wave,0.075,3,0.04555555555555556,2881,529,268
22,1,35,0.2,wave,0.075,3,0.04555555555555556,2751,494,232
22,1,36,0.2,wave,0.075,3,0.04555555555555556,2603,449,221
22,1,37,0.2,wave,0.075,3,0.04555555555555556,2524,444,235
22,1,38,0.2,wave,0.075,3,0.04555555555555556,2399,419,220
22,1,39,0.2,wave,0.075,3,0.04555555555555556,2247,372,200
22,1,40,0.2,wave,0.075,3,0.04555555555555556,2141,346,188
22,1,41,0.2,wave,0.075,3,0.04555555555555556,2067,323,179
22,1,42,0.2,wave,0.075,3,0.04555555555555556,1983,296,162
22,1,43,0.2,wave,0.075,3,0.04555555555555556,1906,276,150
22,1,44,0.2,wave,0.075,3,0.04555555555555556,1848,262,136
22,1,45,0.2,wave,0.075,3,0.04555555555555556,1769,241,120
22,1,46,0.2,wave,0.075,3,0.04555555555555556,1708,217,116
22,1,47,0.2,wave,0.075,3,0.04555555555555556,1664,209,115
22,1,48,0.2,wave,0.075,3,0.04555555555555556,1618,184,105
22,1,49,0.2,wave,0.075,3,0.04555555555555556,1571,159,94
22,1,50,0.2,wave,0.075,3,0.04555555555555556,1528,138,85
22,1,51,0.2,wave,0.075,3,0.04555555555555556,1477,122,75
22,1,52,0.2,wave,0.075,3,0.04555555555555556,1445,102,61
22,2,1,0.2,wave,0.075,3,0.04555555555555556,1411,89,53
22,2,2,0.2,wave,0.075,3,0.04555555555555556,1390,76,42
22,2,3,0.2,wave,0.075,3,0.04555555555555556,1360,65,37
22,2,4,0.2,wave,0.075,3,0.04555555555555556,1335,56,33
22,2,5,0.2,wave,0.075,3,0.04555555555555556,1322,50,32
22,2,6,0.2,wave,0.075,3,0.04555555555555556,1298,44,25
22,2,7,0.2,wave,0.075,3,0.04555555555555556,1275,37,23
22,2,8,0.2,wave,0.075,3,0.04555555555555556,1250,32,15
22,2,9,0.2,wave,0.075,3,0.04555555555555556,1252,31,19
22,2,10,0.2,wave,0.075,3,0.04555555555555556,1225,25,16
22,2,11,0.2,wave,0.075,3,0.04555555555555556,1229,22,15
22,2,12,0.2,wave,0.075,3,0.04555555555555556,1199,16,9
22,2,13,0.2,wave,0.075,3,0.04555555555555556,1205,12,6
22,2,14,0.2,wave,0.075,3,0.04555555555555556,1185,9,6
22,2,15,0.2,wave,0.075,3,0.04555555555555556,1180,9,8
22,2,16,0.2,wave,0.075,3,0.04555555555555556,1162,6,4
22,2,17,0.2,wave,0.075,3,0.04555555555555556,1153,6,2
22,2,18,0.2,wave,0.075,3,0.04555555555555556,1139,4,1
22,2,19,0.2,wave,0.075,3,0.04555555555555556,1141,5,1
22,2,20,0.2,wave,0.075,3,0.04555555555555556,1677,5,4
22,2,21,0.2,wave,0.075,3,0.04555555555555556,1666,7,3
22,2,22,0.2,wave,0.075,3,0.04555555555555556,1631,7,3
22,2,23,0.2,wave,0.075,3,0.04555555555555556,1614,7,1
22,2,24,0.2,wave,0.075,3,0.04555555555555556,1587,7,1
22,2,25,0.2,wave,0.075,3,0.04555555555555556,1572,8,3
22,2,26,0.2,wave,0.075,3,0.04555555555555556,1551,8,2
22,2,27,0.2,wave,0.075,3,0.04555555555555556,1513,10,6
22,2,28,0.2,wave,0.075,3,0.04555555555555556,1515,10,6
22,2,29,0.2,wave,0.075,3,0.04555555555555556,1485,11,8
22,2,30,0.2,wave,0.075,3,0.04555555555555556,1475,9,5
22,2,31,0.2,wave,0.075,3,0.04555555555555556,1453,8,4
22,2,32,0.2,wave,0.075,3,0.04555555555555556,1439,6,2
22,2,33,0.2,wave,0.075,3,0.04555555555555556,1422,5,2
22,2,34,0.2,wave,0.075,3,0.04555555555555556,1421,4,3
22,2,35,0.2,wave,0.075,3,0.04555555555555556,1399,5,3
22,2,36,0.2,wave,0.075,3,0.04555555555555556,1384,5,3
22,2,37,0.2,wave,0.075,3,0.04555555555555556,1370,4,2
22,2,38,0.2,wave,0.075,3,0.04555555555555556,1363,5,3
22,2,39,0.2,wave,0.075,3,0.04555555555555556,1322,4,2
22,2,40,0.2,wave,0.075,3,0.04555555555555556,1329,4,1
22,2,41,0.2,wave,0.075,3,0.04555555555555556,1303,3,1
22,2,42,0.2,wave,0.075,3,0.04555555555555556,1311,4,2
22,2,43,0.2,wave,0.075,3,0.04555555555555556,1278,5,3
22,2,44,0.2,wave,0.075,3,0.04555555555555556,1271,5,3
22,2,45,0.2,wave,0.075,3,0.04555555555555556,1253,4,2
22,2,46,0.2,wave,0.075,3,0.04555555555555556,1244,3,2
22,2,47,0.2,wave,0.075,3,0.04555555555555556,1228,2,2
22,2,48,0.2,wave,0.075,3,0.04555555555555556,1222,2,1
22,2,49,0.2,wave,0.075,3,0.04555555555555556,1198,1,0
22,2,50,0.2,wave,0.075,3,0.04555555555555556,1183,1,0
22,2,51,0.2,wave,0.075,3,0.04555555555555556,1168,1,1
22,2,52,0.2,wave,0.075,3,0.04555555555555556,1172,1,1
22,3,1,0.2,wave,0.075,3,0.04555555555555556,1121,3,1
22,3,2,0.2,wave,0.075,3,0.04555555555555556,1123,2,1
22,3,3,0.2,wave,0.075,3,0.04555555555555556,1105,2,1
22,3,4,0.2,wave,0.075,3,0.04555555555555556,1106,2,1
22,3,5,0.2,wave,0.075,3,0.04555555555555556,1092,1,1
22,3,6,0.2,wave,0.075,3,0.04555555555555556,1084,2,1
22,3,7,0.2,wave,0.075,3,0.04555555555555556,1063,3,1
22,3,8,0.2,wave,0.075,3,0.04555555555555556,1070,2,0
22,3,9,0.2,wave,0.075,3,0.04555555555555556,1046,2,0
22,3,10,0.2,wave,0.075,3,0.04555555555555556,1043,2,1
22,3,11,0.2,wave,0.075,3,0.04555555555555556,1033,2,1
22,3,12,0.2,wave,0.075,3,0.04555555555555556,1038,2,2
22,3,13,0.2,wave,0.075,3,0.04555555555555556,1028,2,1
22,3,14,0.2,wave,0.075,3,0.04555555555555556,1029,3,1
22,3,15,0.2,wave,0.075,3,0.04555555555555556,1021,2,2
22,3,16,0.2,wave,0.075,3,0.04555555555555556,1020,2,2
22,3,17,0.2,wave,0.075,3,0.04555555555555556,1014,0,0
22,3,18,0.2,wave,0.075,3,0.04555555555555556,1009,0,0
22,3,19,0.2,wave,0.075,3,0.04555555555555556,1003,0,0
22,3,20,0.2,wave,0.075,3,0.04555555555555556,1503,0,0
22,3,21,0.2,wave,0.075,3,0.04555555555555556,1471,0,0
22,3,22,0.2,wave,0.075,3,0.04555555555555556,1421,0,0
22,3,23,0.2,wave,0.075,3,0.04555555555555556,1429,0,0
22,3,24,0.2,wave,0.075,3,0.04555555555555556,1394,0,0
22,3,25,0.2,wave,0.075,3,0.04555555555555556,1378,0,0
22,3,26,0.2,wave,0.075,3,0.04555555555555556,1383,0,0
22,3,27,0.2,wave,0.075,3,0.04555555555555556,1368,0,0
22,3,28,0.2,wave,0.075,3,0.04555555555555556,1336,0,0
22,3,29,0.2,wave,0.075,3,0.04555555555555556,1300,0,0
22,3,30,0.2,wave,0.075,3,0.04555555555555556,1291,0,0
22,3,31,0.2,wave,0.075,3,0.04555555555555556,1268,0,0
22,3,32,0.2,wave,0.075,3,0.04555555555555556,1265,0,0
22,3,33,0.2,wave,0.075,3,0.04555555555555556,1227,0,0
22,3,34,0.2,wave,0.075,3,0.04555555555555556,1208,0,0
22,3,35,0.2,wave,0.075,3,0.04555555555555556,1189,0,0
22,3,36,0.2,wave,0.075,3,0.04555555555555556,1193,0,0
22,3,37,0.2,wave,0.075,3,0.04555555555555556,1161,0,0
22,3,38,0.2,wave,0.075,3,0.04555555555555556,1130,0,0
22,3,39,0.2,wave,0.075,3,0.04555555555555556,1117,0,0
22,3,40,0.2,wave,0.075,3,0.04555555555555556,1099,0,0
22,3,41,0.2,wave,0.075,3,0.04555555555555556,1098,0,0
22,3,42,0.2,wave,0.075,3,0.04555555555555556,1105,0,0
22,3,43,0.2,wave,0.075,3,0.04555555555555556,1089,0,0
22,3,44,0.2,wave,0.075,3,0.04555555555555556,1081,0,0
22,3,45,0.2,wave,0.075,3,0.04555555555555556,1056,0,0
22,3,46,0.2,wave,0.075,3,0.04555555555555556,1023,0,0
22,3,47,0.2,wave,0.075,3,0.04555555555555556,1014,0,0
22,3,48,0.2,wave,0.075,3,0.04555555555555556,1000,0,0
22,3,49,0.2,wave,0.075,3,0.04555555555555556,988,0,0
22,3,50,0.2,wave,0.075,3,0.04555555555555556,984,0,0
22,3,51,0.2,wave,0.075,3,0.04555555555555556,967,0,0
22,3,52,0.2,wave,0.075,3,0.04555555555555556,960,0,0
22,4,1,0.2,wave,0.075,3,0.04555555555555556,942,0,0
22,4,2,0.2,wave,0.075,3,0.04555555555555556,947,0,0
22,4,3,0.2,wave,0.075,3,0.04555555555555556,936,0,0
22,4,4,0.2,wave,0.075,3,0.04555555555555556,938,0,0
22,4,5,0.2,wave,0.075,3,0.04555555555555556,919,0,0
22,4,6,0.2,wave,0.075,3,0.04555555555555556,919,0,0
22,4,7,0.2,wave,0.075,3,0.04555555555555556,912,0,0
22,4,8,0.2,wave,0.075,3,0.04555555555555556,904,0,0
22,4,9,0.2,wave,0.075,3,0.04555555555555556,899,0,0
22,4,10,0.2,wave,0.075,3,0.04555555555555556,892,0,0
22,4,11,0.2,wave,0.075,3,0.04555555555555556,874,0,0
22,4,12,0.2,wave,0.075,3,0.04555555555555556,841,0,0
22,4,13,0.2,wave,0.075,3,0.04555555555555556,844,0,0
22,4,14,0.2,wave,0.075,3,0.04555555555555556,838,0,0
22,4,15,0.2,wave,0.075,3,0.04555555555555556,838,0,0
22,4,16,0.2,wave,0.075,3,0.04555555555555556,830,0,0
22,4,17,0.2,wave,0.075,3,0.04555555555555556,825,0,0
22,4,18,0.2,wave,0.075,3,0.04555555555555556,831,0,0
22,4,19,0.2,wave,0.075,3,0.04555555555555556,824,0,0
22,4,20,0.2,wave,0.075,3,0.04555555555555556,1200,0,0
22,4,21,0.2,wave,0.075,3,0.04555555555555556,1202,0,0
22,4,22,0.2,wave,0.075,3,0.04555555555555556,1197,0,0
22,4,23,0.2,wave,0.075,3,0.04555555555555556,1198,0,0
22,4,24,0.2,wave,0.075,3,0.04555555555555556,1198,0,0
22,4,25,0.2,wave,0.075,3,0.04555555555555556,1172,0,0
22,4,26,0.2,wave,0.075,3,0.04555555555555556,1172,0,0
22,4,27,0.2,wave,0.075,3,0.04555555555555556,1163,0,0
22,4,28,0.2,wave,0.075,3,0.04555555555555556,1114,0,0
22,4,29,0.2,wave,0.075,3,0.04555555555555556,1076,0,0
22,4,30,0.2,wave,0.075,3,0.04555555555555556,1043,0,0
22,4,31,0.2,wave,0.075,3,0.04555555555555556,1023,0,0
22,4,32,0.2,wave,0.075,3,0.04555555555555556,1004,0,0
22,4,33,0.2,wave,0.075,3,0.04555555555555556,986,0,0
22,4,34,0.2,wave,0.075,3,0.04555555555555556,968,0,0
22,4,35,0.2,wave,0.075,3,0.04555555555555556,964,0,0
22,4,36,0.2,wave,0.075,3,0.04555555555555556,954,0,0
22,4,37,0.2,wave,0.075,3,0.04555555555555556,949,0,0
22,4,38,0.2,wave,0.075,3,0.04555555555555556,923,0,0
22,4,39,0.2,wave,0.075,3,0.04555555555555556,932,0,0
22,4,40,0.2,wave,0.075,3,0.04555555555555556,917,0,0
22,4,41,0.2,wave,0.075,3,0.04555555555555556,922,0,0
22,4,42,0.2,wave,0.075,3,0.04555555555555556,906,0,0
22,4,43,0.2,wave,0.075,3,0.04555555555555556,903,0,0
22,4,44,0.2,wave,0.075,3,0.04555555555555556,867,0,0
22,4,45,0.2,wave,0.075,3,0.04555555555555556,858,0,0
22,4,46,0.2,wave,0.075,3,0.04555555555555556,837,0,0
22,4,47,0.2,wave,0.075,3,0.04555555555555556,820,0,0
22,4,48,0.2,wave,0.075,3,0.04555555555555556,797,0,0
22,4,49,0.2,wave,0.075,3,0.04555555555555556,806,0,0
22,4,50,0.2,wave,0.075,3,0.04555555555555556,785,0,0
22,4,51,0.2,wave,0.075,3,0.04555555555555556,792,0,0
22,4,52,0.2,wave,0.075,3,0.04555555555555556,774,0,0
22,5,1,0.2,wave,0.075,3,0.04555555555555556,785,0,0
22,5,2,0.2,wave,0.075,3,0.04555555555555556,772,0,0
22,5,3,0.2,wave,0.075,3,0.04555555555555556,778,0,0
22,5,4,0.2,wave,0.075,3,0.04555555555555556,761,0,0
22,5,5,0.2,wave,0.075,3,0.04555555555555556,765,0,0
22,5,6,0.2,wave,0.075,3,0.04555555555555556,750,0,0
22,5,7,0.2,wave,0.075,3,0.04555555555555556,761,0,0
22,5,8,0.2,wave,0.075,3,0.04555555555555556,743,0,0
22,5,9,0.2,wave,0.075,3,0.04555555555555556,751,0,0
22,5,10,0.2,wave,0.075,3,0.04555555555555556,735,0,0
22,5,11,0.2,wave,0.075,3,0.04555555555555556,738,0,0
22,5,12,0.2,wave,0.075,3,0.04555555555555556,731,0,0
22,5,13,0.2,wave,0.075,3,0.04555555555555556,736,0,0
22,5,14,0.2,wave,0.075,3,0.04555555555555556,730,0,0
22,5,15,0.2,wave,0.075,3,0.04555555555555556,734,0,0
22,5,16,0.2,wave,0.075,3,0.04555555555555556,726,0,0
22,5,17,0.2,wave,0.075,3,0.04555555555555556,718,0,0
22,5,18,0.2,wave,0.075,3,0.04555555555555556,701,0,0
22,5,19,0.2,wave,0.075,3,0.04555555555555556,706,0,0
22,5,20,0.2,wave,0.075,3,0.04555555555555556,998,0,0
22,5,21,0.2,wave,0.075,3,0.04555555555555556,993,0,0
22,5,22,0.2,wave,0.075,3,0.04555555555555556,985,0,0
22,5,23,0.2,wave,0.075,3,0.04555555555555556,955,0,0
22,5,24,0.2,wave,0.075,3,0.04555555555555556,929,0,0
22,5,25,0.2,wave,0.075,3,0.04555555555555556,922,0,0
22,5,26,0.2,wave,0.075,3,0.04555555555555556,904,0,0
22,5,27,0.2,wave,0.075,3,0.04555555555555556,907,0,0
22,5,28,0.2,wave,0.075,3,0.04555555555555556,872,0,0
22,5,29,0.2,wave,0.075,3,0.04555555555555556,868,0,0
22,5,30,0.2,wave,0.075,3,0.04555555555555556,855,0,0
22,5,31,0.2,wave,0.075,3,0.04555555555555556,848,0,0
22,5,32,0.2,wave,0.075,3,0.04555555555555556,826,0,0
22,5,33,0.2,wave,0.075,3,0.04555555555555556,825,0,0
22,5,34,0.2,wave,0.075,3,0.04555555555555556,818,0,0
22,5,35,0.2,wave,0.075,3,0.04555555555555556,824,0,0
22,5,36,0.2,wave,0.075,3,0.04555555555555556,820,0,0
22,5,37,0.2,wave,0.075,3,0.04555555555555556,804,0,0
22,5,38,0.2,wave,0.075,3,0.04555555555555556,795,0,0
22,5,39,0.2,wave,0.075,3,0.04555555555555556,796,0,0
22,5,40,0.2,wave,0.075,3,0.04555555555555556,781,0,0
22,5,41,0.2,wave,0.075,3,0.04555555555555556,785,0,0
22,5,42,0.2,wave,0.075,3,0.04555555555555556,775,0,0
22,5,43,0.2,wave,0.075,3,0.04555555555555556,771,0,0
22,5,44,0.2,wave,0.075,3,0.04555555555555556,761,0,0
22,5,45,0.2,wave,0.075,3,0.04555555555555556,762,0,0
22,5,46,0.2,wave,0.075,3,0.04555555555555556,753,0,0
22,5,47,0.2,wave,0.075,3,0.04555555555555556,742,0,0
22,5,48,0.2,wave,0.075,3,0.04555555555555556,729,0,0
22,5,49,0.2,wave,0.075,3,0.04555555555555556,730,0,0
22,5,50,0.2,wave,0.075,3,0.04555555555555556,716,0,0
22,5,51,0.2,wave,0.075,3,0.04555555555555556,699,0,0
22,5,52,0.2,wave,0.075,3,0.04555555555555556,694,0,0
22,6,1,0.2,wave,0.075,3,0.04555555555555556,692,0,0
22,6,2,0.2,wave,0.075,3,0.04555555555555556,685,0,0
22,6,3,0.2,wave,0.075,3,0.04555555555555556,686,0,0
22,6,4,0.2,wave,0.075,3,0.04555555555555556,683,0,0
22,6,5,0.2,wave,0.075,3,0.04555555555555556,685,0,0
22,6,6,0.2,wave,0.075,3,0.04555555555555556,682,0,0
22,6,7,0.2,wave,0.075,3,0.04555555555555556,684,0,0
22,6,8,0.2,wave,0.075,3,0.04555555555555556,680,0,0
22,6,9,0.2,wave,0.075,3,0.04555555555555556,679,0,0
22,6,10,0.2,wave,0.075,3,0.04555555555555556,678,0,0
22,6,11,0.2,wave,0.075,3,0.04555555555555556,681,0,0
22,6,12,0.2,wave,0.075,3,0.04555555555555556,673,0,0
22,6,13,0.2,wave,0.075,3,0.04555555555555556,679,0,0
22,6,14,0.2,wave,0.075,3,0.04555555555555556,670,0,0
22,6,15,0.2,wave,0.075,3,0.04555555555555556,679,0,0
22,6,16,0.2,wave,0.075,3,0.04555555555555556,656,0,0
22,6,17,0.2,wave,0.075,3,0.04555555555555556,662,0,0
22,6,18,0.2,wave,0.075,3,0.04555555555555556,654,0,0
22,6,19,0.2,wave,0.075,3,0.04555555555555556,657,0,0
22,6,20,0.2,wave,0.075,3,0.04555555555555556,972,0,0
22,6,21,0.2,wave,0.075,3,0.04555555555555556,976,0,0
22,6,22,0.2,wave,0.075,3,0.04555555555555556,969,0,0
22,6,23,0.2,wave,0.075,3,0.04555555555555556,951,0,0
22,6,24,0.2,wave,0.075,3,0.04555555555555556,945,0,0
22,6,25,0.2,wave,0.075,3,0.04555555555555556,956,0,0
22,6,26,0.2,wave,0.075,3,0.04555555555555556,941,0,0
22,6,27,0.2,wave,0.075,3,0.04555555555555556,949,0,0
22,6,28,0.2,wave,0.075,3,0.04555555555555556,924,0,0
22,6,29,0.2,wave,0.075,3,0.04555555555555556,922,0,0
22,6,30,0.2,wave,0.075,3,0.04555555555555556,893,0,0
22,6,31,0.2,wave,0.075,3,0.04555555555555556,870,0,0
22,6,32,0.2,wave,0.075,3,0.04555555555555556,850,0,0
22,6,33,0.2,wave,0.075,3,0.04555555555555556,834,0,0
22,6,34,0.2,wave,0.075,3,0.04555555555555556,819,0,0
22,6,35,0.2,wave,0.075,3,0.04555555555555556,808,0,0
22,6,36,0.2,wave,0.075,3,0.04555555555555556,816,0,0
22,6,37,0.2,wave,0.075,3,0.04555555555555556,790,0,0
22,6,38,0.2,wave,0.075,3,0.04555555555555556,793,0,0
22,6,39,0.2,wave,0.075,3,0.04555555555555556,765,0,0
22,6,40,0.2,wave,0.075,3,0.04555555555555556,758,0,0
22,6,41,0.2,wave,0.075,3,0.04555555555555556,742,0,0
22,6,42,0.2,wave,0.075,3,0.04555555555555556,743,0,0
22,6,43,0.2,wave,0.075,3,0.04555555555555556,738,0,0
22,6,44,0.2,wave,0.075,3,0.04555555555555556,747,0,0
22,6,45,0.2,wave,0.075,3,0.04555555555555556,730,0,0
22,6,46,0.2,wave,0.075,3,0.04555555555555556,733,0,0
22,6,47,0.2,wave,0.075,3,0.04555555555555556,708,0,0
22,6,48,0.2,wave,0.075,3,0.04555555555555556,716,0,0
22,6,49,0.2,wave,0.075,3,0.04555555555555556,704,0,0
22,6,50,0.2,wave,0.075,3,0.04555555555555556,706,0,0
22,6,51,0.2,wave,0.075,3,0.04555555555555556,685,0,0
22,6,52,0.2,wave,0.075,3,0.04555555555555556,668,0,0
22,7,1,0.2,wave,0.075,3,0.04555555555555556,665,0,0
22,7,2,0.2,wave,0.075,3,0.04555555555555556,663,0,0
22,7,3,0.2,wave,0.075,3,0.04555555555555556,659,0,0
22,7,4,0.2,wave,0.075,3,0.04555555555555556,658,0,0
22,7,5,0.2,wave,0.075,3,0.04555555555555556,655,0,0
22,7,6,0.2,wave,0.075,3,0.04555555555555556,655,0,0
22,7,7,0.2,wave,0.075,3,0.04555555555555556,651,0,0
22,7,8,0.2,wave,0.075,3,0.04555555555555556,651,0,0
22,7,9,0.2,wave,0.075,3,0.04555555555555556,651,0,0
22,7,10,0.2,wave,0.075,3,0.04555555555555556,650,0,0
22,7,11,0.2,wave,0.075,3,0.04555555555555556,645,0,0
22,7,12,0.2,wave,0.075,3,0.04555555555555556,648,0,0
22,7,13,0.2,wave,0.075,3,0.04555555555555556,646,0,0
22,7,14,0.2,wave,0.075,3,0.04555555555555556,645,0,0
22,7,15,0.2,wave,0.075,3,0.04555555555555556,642,0,0
22,7,16,0.2,wave,0.075,3,0.04555555555555556,645,0,0
22,7,17,0.2,wave,0.075,3,0.04555555555555556,643,0,0
22,7,18,0.2,wave,0.075,3,0.04555555555555556,645,0,0
22,7,19,0.2,wave,0.075,3,0.04555555555555556,643,0,0
22,7,20,0.2,wave,0.075,3,0.04555555555555556,987,0,0
22,7,21,0.2,wave,0.075,3,0.04555555555555556,936,0,0
22,7,22,0.2,wave,0.075,3,0.04555555555555556,932,0,0
22,7,23,0.2,wave,0.075,3,0.04555555555555556,875,0,0
22,7,24,0.2,wave,0.075,3,0.04555555555555556,883,0,0
22,7,25,0.2,wave,0.075,3,0.04555555555555556,865,0,0
22,7,26,0.2,wave,0.075,3,0.04555555555555556,853,0,0
22,7,27,0.2,wave,0.075,3,0.04555555555555556,841,0,0
22,7,28,0.2,wave,0.075,3,0.04555555555555556,837,0,0
22,7,29,0.2,wave,0.075,3,0.04555555555555556,809,0,0
22,7,30,0.2,wave,0.075,3,0.04555555555555556,806,0,0
22,7,31,0.2,wave,0.075,3,0.04555555555555556,764,0,0
22,7,32,0.2,wave,0.075,3,0.04555555555555556,763,0,0
22,7,33,0.2,wave,0.075,3,0.04555555555555556,748,0,0
22,7,34,0.2,wave,0.075,3,0.04555555555555556,764,0,0
22,7,35,0.2,wave,0.075,3,0.04555555555555556,754,0,0
22,7,36,0.2,wave,0.075,3,0.04555555555555556,742,0,0
22,7,37,0.2,wave,0.075,3,0.04555555555555556,738,0,0
22,7,38,0.2,wave,0.075,3,0.04555555555555556,740,0,0
22,7,39,0.2,wave,0.075,3,0.04555555555555556,721,0,0
22,7,40,0.2,wave,0.075,3,0.04555555555555556,716,0,0
22,7,41,0.2,wave,0.075,3,0.04555555555555556,707,0,0
22,7,42,0.2,wave,0.075,3,0.04555555555555556,711,0,0
22,7,43,0.2,wave,0.075,3,0.04555555555555556,702,0,0
22,7,44,0.2,wave,0.075,3,0.04555555555555556,709,0,0
22,7,45,0.2,wave,0.075,3,0.04555555555555556,698,0,0
22,7,46,0.2,wave,0.075,3,0.04555555555555556,683,0,0
22,7,47,0.2,wave,0.075,3,0.04555555555555556,672,0,0
22,7,48,0.2,wave,0.075,3,0.04555555555555556,676,0,0
22,7,49,0.2,wave,0.075,3,0.04555555555555556,667,0,0
22,7,50,0.2,wave,0.075,3,0.04555555555555556,669,0,0
22,7,51,0.2,wave,0.075,3,0.04555555555555556,661,0,0
22,7,52,0.2,wave,0.075,3,0.04555555555555556,657,0,0
22,8,1,0.2,wave,0.075,3,0.04555555555555556,653,0,0
22,8,2,0.2,wave,0.075,3,0.04555555555555556,660,0,0
22,8,3,0.2,wave,0.075,3,0.04555555555555556,656,0,0
22,8,4,0.2,wave,0.075,3,0.04555555555555556,659,0,0
22,8,5,0.2,wave,0.075,3,0.04555555555555556,656,0,0
22,8,6,0.2,wave,0.075,3,0.04555555555555556,661,0,0
22,8,7,0.2,wave,0.075,3,0.04555555555555556,658,0,0
22,8,8,0.2,wave,0.075,3,0.04555555555555556,656,0,0
22,8,9,0.2,wave,0.075,3,0.04555555555555556,657,0,0
22,8,10,0.2,wave,0.075,3,0.04555555555555556,654,0,0
22,8,11,0.2,wave,0.075,3,0.04555555555555556,650,0,0
22,8,12,0.2,wave,0.075,3,0.04555555555555556,652,0,0
22,8,13,0.2,wave,0.075,3,0.04555555555555556,652,0,0
22,8,14,0.2,wave,0.075,3,0.04555555555555556,655,0,0
22,8,15,0.2,wave,0.075,3,0.04555555555555556,651,0,0
22,8,16,0.2,wave,0.075,3,0.04555555555555556,655,0,0
22,8,17,0.2,wave,0.075,3,0.04555555555555556,652,0,0
22,8,18,0.2,wave,0.075,3,0.04555555555555556,653,0,0
22,8,19,0.2,wave,0.075,3,0.04555555555555556,648,0,0
22,8,20,0.2,wave,0.075,3,0.04555555555555556,955,0,0
22,8,21,0.2,wave,0.075,3,0.04555555555555556,948,0,0
22,8,22,0.2,wave,0.075,3,0.04555555555555556,935,0,0
22,8,23,0.2,wave,0.075,3,0.04555555555555556,915,0,0
22,8,24,0.2,wave,0.075,3,0.04555555555555556,901,0,0
22,8,25,0.2,wave,0.075,3,0.04555555555555556,876,0,0
22,8,26,0.2,wave,0.075,3,0.04555555555555556,893,0,0
22,8,27,0.2,wave,0.075,3,0.04555555555555556,864,0,0
22,8,28,0.2,wave,0.075,3,0.04555555555555556,868,0,0
22,8,29,0.2,wave,0.075,3,0.04555555555555556,844,0,0
22,8,30,0.2,wave,0.075,3,0.04555555555555556,859,0,0
22,8,31,0.2,wave,0.075,3,0.04555555555555556,834,0,0
22,8,32,0.2,wave,0.075,3,0.04555555555555556,825,0,0
22,8,33,0.2,wave,0.075,3,0.04555555555555556,806,0,0
22,8,34,0.2,wave,0.075,3,0.04555555555555556,818,0,0
22,8,35,0.2,wave,0.075,3,0.04555555555555556,799,0,0
22,8,36,0.2,wave,0.075,3,0.04555555555555556,812,0,0
22,8,37,0.2,wave,0.075,3,0.04555555555555556,804,0,0
22,8,38,0.2,wave,0.075,3,0.04555555555555556,798,0,0
22,8,39,0.2,wave,0.075,3,0.04555555555555556,791,0,0
22,8,40,0.2,wave,0.075,3,0.04555555555555556,782,0,0
22,8,41,0.2,wave,0.075,3,0.04555555555555556,771,0,0
22,8,42,0.2,wave,0.075,3,0.04555555555555556,785,0,0
22,8,43,0.2,wave,0.075,3,0.04555555555555556,775,0,0
22,8,44,0.2,wave,0.075,3,0.04555555555555556,784,0,0
22,8,45,0.2,wave,0.075,3,0.04555555555555556,771,0,0
22,8,46,0.2,wave,0.075,3,0.04555555555555556,779,0,0
22,8,47,0.2,wave,0.075,3,0.04555555555555556,772,0,0
22,8,48,0.2,wave,0.075,3,0.04555555555555556,779,0,0
22,8,49,0.2,wave,0.075,3,0.04555555555555556,767,0,0
22,8,50,0.2,wave,0.075,3,0.04555555555555556,776,0,0
22,8,51,0.2,wave,0.075,3,0.04555555555555556,767,0,0
22,8,52,0.2,wave,0.075,3,0.04555555555555556,770,0,0
22,9,1,0.2,wave,0.075,3,0.04555555555555556,764,0,0
22,9,2,0.2,wave,0.075,3,0.04555555555555556,769,0,0
22,9,3,0.2,wave,0.075,3,0.04555555555555556,760,0,0
22,9,4,0.2,wave,0.075,3,0.04555555555555556,768,0,0
22,9,5,0.2,wave,0.075,3,0.04555555555555556,763,0,0
22,9,6,0.2,wave,0.075,3,0.04555555555555556,772,0,0
22,9,7,0.2,wave,0.075,3,0.04555555555555556,758,0,0
22,9,8,0.2,wave,0.075,3,0.04555555555555556,766,0,0
22,9,9,0.2,wave,0.075,3,0.04555555555555556,756,0,0
22,9,10,0.2,wave,0.075,3,0.04555555555555556,767,0,0
22,9,11,0.2,wave,0.075,3,0.04555555555555556,761,0,0
22,9,12,0.2,wave,0.075,3,0.04555555555555556,763,0,0
22,9,13,0.2,wave,0.075,3,0.04555555555555556,761,0,0
22,9,14,0.2,wave,0.075,3,0.04555555555555556,768,0,0
22,9,15,0.2,wave,0.075,3,0.04555555555555556,759,0,0
22,9,16,0.2,wave,0.075,3,0.04555555555555556,750,0,0
22,9,17,0.2,wave,0.075,3,0.04555555555555556,744,0,0
22,9,18,0.2,wave,0.075,3,0.04555555555555556,753,0,0
22,9,19,0.2,wave,0.075,3,0.04555555555555556,741,0,0
22,9,20,0.2,wave,0.075,3,0.04555555555555556,1050,0,0
22,9,21,0.2,wave,0.075,3,0.04555555555555556,1027,0,0
22,9,22,0.2,wave,0.075,3,0.04555555555555556,1025,0,0
22,9,23,0.2,wave,0.075,3,0.04555555555555556,977,0,0
22,9,24,0.2,wave,0.075,3,0.04555555555555556,977,0,0
22,9,25,0.2,wave,0.075,3,0.04555555555555556,964,0,0
22,9,26,0.2,wave,0.075,3,0.04555555555555556,971,0,0
22,9,27,0.2,wave,0.075,3,0.04555555555555556,943,0,0
22,9,28,0.2,wave,0.075,3,0.04555555555555556,946,0,0
22,9,29,0.2,wave,0.075,3,0.04555555555555556,900,0,0
22,9,30,0.2,wave,0.075,3,0.04555555555555556,922,0,0
22,9,31,0.2,wave,0.075,3,0.04555555555555556,906,0,0
22,9,32,0.2,wave,0.075,3,0.04555555555555556,919,0,0
22,9,33,0.2,wave,0.075,3,0.04555555555555556,909,0,0
22,9,34,0.2,wave,0.075,3,0.04555555555555556,880,0,0
22,9,35,0.2,wave,0.075,3,0.04555555555555556,884,0,0
22,9,36,0.2,wave,0.075,3,0.04555555555555556,843,0,0
22,9,37,0.2,wave,0.075,3,0.04555555555555556,846,0,0
22,9,38,0.2,wave,0.075,3,0.04555555555555556,847,0,0
22,9,39,0.2,wave,0.075,3,0.04555555555555556,843,0,0
22,9,40,0.2,wave,0.075,3,0.04555555555555556,845,0,0
22,9,41,0.2,wave,0.075,3,0.04555555555555556,844,0,0
22,9,42,0.2,wave,0.075,3,0.04555555555555556,847,0,0
22,9,43,0.2,wave,0.075,3,0.04555555555555556,846,0,0
22,9,44,0.2,wave,0.075,3,0.04555555555555556,842,0,0
22,9,45,0.2,wave,0.075,3,0.04555555555555556,847,0,0
22,9,46,0.2,wave,0.075,3,0.04555555555555556,848,0,0
22,9,47,0.2,wave,0.075,3,0.04555555555555556,847,0,0
22,9,48,0.2,wave,0.075,3,0.04555555555555556,842,0,0
22,9,49,0.2,wave,0.075,3,0.04555555555555556,840,0,0
22,9,50,0.2,wave,0.075,3,0.04555555555555556,836,0,0
22,9,51,0.2,wave,0.075,3,0.04555555555555556,823,0,0
22,9,52,0.2,wave,0.075,3,0.04555555555555556,820,0,0
22,10,1,0.2,wave,0.075,3,0.04555555555555556,819,0,0
22,10,2,0.2,wave,0.075,3,0.04555555555555556,815,0,0
22,10,3,0.2,wave,0.075,3,0.04555555555555556,816,0,0
22,10,4,0.2,wave,0.075,3,0.04555555555555556,799,0,0
22,10,5,0.2,wave,0.075,3,0.04555555555555556,799,0,0
22,10,6,0.2,wave,0.075,3,0.04555555555555556,797,0,0
22,10,7,0.2,wave,0.075,3,0.04555555555555556,794,0,0
22,10,8,0.2,wave,0.075,3,0.04555555555555556,799,0,0
22,10,9,0.2,wave,0.075,3,0.04555555555555556,793,0,0
22,10,10,0.2,wave,0.075,3,0.04555555555555556,796,0,0
22,10,11,0.2,wave,0.075,3,0.04555555555555556,792,0,0
22,10,12,0.2,wave,0.075,3,0.04555555555555556,795,0,0
22,10,13,0.2,wave,0.075,3,0.04555555555555556,795,0,0
22,10,14,0.2,wave,0.075,3,0.04555555555555556,802,0,0
22,10,15,0.2,wave,0.075,3,0.04555555555555556,801,0,0
22,10,16,0.2,wave,0.075,3,0.04555555555555556,797,0,0
22,10,17,0.2,wave,0.075,3,0.04555555555555556,796,0,0
22,10,18,0.2,wave,0.075,3,0.04555555555555556,795,0,0
22,10,19,0.2,wave,0.075,3,0.04555555555555556,780,0,0
22,10,20,0.2,wave,0.075,3,0.04555555555555556,1123,0,0
22,10,21,0.2,wave,0.075,3,0.04555555555555556,1100,0,0
22,10,22,0.2,wave,0.075,3,0.04555555555555556,1116,0,0
22,10,23,0.2,wave,0.075,3,0.04555555555555556,1091,0,0
22,10,24,0.2,wave,0.075,3,0.04555555555555556,1050,0,0
22,10,25,0.2,wave,0.075,3,0.04555555555555556,1022,0,0
22,10,26,0.2,wave,0.075,3,0.04555555555555556,1015,0,0
22,10,27,0.2,wave,0.075,3,0.04555555555555556,1002,0,0
22,10,28,0.2,wave,0.075,3,0.04555555555555556,1014,0,0
22,10,29,0.2,wave,0.075,3,0.04555555555555556,986,0,0
22,10,30,0.2,wave,0.075,3,0.04555555555555556,992,0,0
22,10,31,0.2,wave,0.075,3,0.04555555555555556,969,0,0
22,10,32,0.2,wave,0.075,3,0.04555555555555556,965,0,0
22,10,33,0.2,wave,0.075,3,0.04555555555555556,929,0,0
22,10,34,0.2,wave,0.075,3,0.04555555555555556,913,0,0
22,10,35,0.2,wave,0.075,3,0.04555555555555556,895,0,0
22,10,36,0.2,wave,0.075,3,0.04555555555555556,886,0,0
22,10,37,0.2,wave,0.075,3,0.04555555555555556,883,0,0
22,10,38,0.2,wave,0.075,3,0.04555555555555556,888,0,0
22,10,39,0.2,wave,0.075,3,0.04555555555555556,881,0,0
22,10,40,0.2,wave,0.075,3,0.04555555555555556,892,0,0
22,10,41,0.2,wave,0.075,3,0.04555555555555556,879,0,0
22,10,42,0.2,wave,0.075,3,0.04555555555555556,868,0,0
22,10,43,0.2,wave,0.075,3,0.04555555555555556,867,0,0
22,10,44,0.2,wave,0.075,3,0.04555555555555556,869,0,0
22,10,45,0.2,wave,0.075,3,0.04555555555555556,865,0,0
22,10,46,0.2,wave,0.075,3,0.04555555555555556,864,0,0
22,10,47,0.2,wave,0.075,3,0.04555555555555556,866,0,0
22,10,48,0.2,wave,0.075,3,0.04555555555555556,862,0,0
22,10,49,0.2,wave,0.075,3,0.04555555555555556,860,0,0
22,10,50,0.2,wave,0.075,3,0.04555555555555556,856,0,0
22,10,51,0.2,wave,0.075,3,0.04555555555555556,852,0,0
22,10,52,0.2,wave,0.075,3,0.04555555555555556,839,0,0
23,1,1,0.2,wave,0.075,3,0.0325,6551,67,14
23,1,2,0.2,wave,0.075,3,0.0325,6423,85,27
23,1,3,0.2,wave,0.075,3,0.0325,6310,96,43
23,1,4,0.2,wave,0.075,3,0.0325,6079,128,48
23,1,5,0.2,wave,0.075,3,0.0325,5924,187,53
23,1,6,0.2,wave,0.075,3,0.0325,5662,224,62
23,1,7,0.2,wave,0.075,3,0.0325,5476,265,86
23,1,8,0.2,wave,0.075,3,0.0325,5265,328,129
23,1,9,0.2,wave,0.075,3,0.0325,4978,381,152
23,1,10,0.2,wave,0.075,3,0.0325,4725,434,161
23,1,11,0.2,wave,0.075,3,0.0325,4511,494,178
23,1,12,0.2,wave,0.075,3,0.0325,4347,538,210
23,1,13,0.2,wave,0.075,3,0.0325,4105,564,236
23,1,14,0.2,wave,0.075,3,0.0325,3930,565,260
23,1,15,0.2,wave,0.075,3,0.0325,3762,564,271
23,1,16,0.2,wave,0.075,3,0.0325,3582,545,283
23,1,17,0.2,wave,0.075,3,0.0325,3482,522,265
23,1,18,0.2,wave,0.075,3,0.0325,3290,486,255
23,1,19,0.2,wave,0.075,3,0.0325,3155,441,223
23,1,20,0.2,wave,0.075,3,0.0325,4670,427,208
23,1,21,0.2,wave,0.075,3,0.0325,4351,459,201
23,1,22,0.2,wave,0.075,3,0.0325,4207,498,229
23,1,23,0.2,wave,0.075,3,0.0325,4102,504,237
23,1,24,0.2,wave,0.075,3,0.0325,4012,509,239
23,1,25,0.2,wave,0.075,3,0.0325,3861,492,219
23,1,26,0.2,wave,0.075,3,0.0325,3747,492,224
23,1,27,0.2,wave,0.075,3,0.0325,3656,519,237
23,1,28,0.2,wave,0.075,3,0.0325,3410,522,240
23,1,29,0.2,wave,0.075,3,0.0325,3232,512,222
23,1,30,0.2,wave,0.075,3,0.0325,3110,511,227
23,1,31,0.2,wave,0.075,3,0.0325,2988,499,239
23,1,32,0.2,wave,0.075,3,0.0325,2911,493,258
23,1,33,0.2,wave,0.075,3,0.0325,2725,477,237
23,1,34,0.2,wave,0.075,3,0.0325,2596,459,217
23,1,35,0.2,wave,0.075,3,0.0325,2453,427,195
23,1,36,0.2,wave,0.075,3,0.0325,2372,423,204
23,1,37,0.2,wave,0.075,3,0.0325,2279,407,208
23,1,38,0.2,wave,0.075,3,0.0325,2164,385,214
23,1,39,0.2,wave,0.075,3,0.0325,2040,355,202
23,1,40,0.2,wave,0.075,3,0.0325,1969,341,190
23,1,41,0.2,wave,0.075,3,0.0325,1870,301,156
23,1,42,0.2,wave,0.075,3,0.0325,1791,275,147
23,1,43,0.2,wave,0.075,3,0.0325,1722,241,129
23,1,44,0.2,wave,0.075,3,0.0325,1664,225,124
23,1,45,0.2,wave,0.075,3,0.0325,1596,201,106
23,1,46,0.2,wave,0.075,3,0.0325,1537,181,96
23,1,47,0.2,wave,0.075,3,0.0325,1489,159,80
23,1,48,0.2,wave,0.075,3,0.0325,1445,141,82
23,1,49,0.2,wave,0.075,3,0.0325,1402,122,70
23,1,50,0.2,wave,0.075,3,0.0325,1372,109,69
23,1,51,0.2,wave,0.075,3,0.0325,1326,89,52
23,1,52,0.2,wave,0.075,3,0.0325,1290,80,46
23,2,1,0.2,wave,0.075,3,0.0325,1265,60,33
23,2,2,0.2,wave,0.075,3,0.0325,1234,52,32
23,2,3,0.2,wave,0.075,3,0.0325,1232,48,27
23,2,4,0.2,wave,0.075,3,0.0325,1202,42,21
23,2,5,0.2,wave,0.075,3,0.0325,1185,32,14
23,2,6,0.2,wave,0.075,3,0.0325,1166,27,18
23,2,7,0.2,wave,0.075,3,0.0325,1156,27,17
23,2,8,0.2,wave,0.075,3,0.0325,1134,26,14
23,2,9,0.2,wave,0.075,3,0.0325,1110,19,7
23,2,10,0.2,wave,0.075,3,0.0325,1096,18,7
23,2,11,0.2,wave,0.075,3,0.0325,1087,16,8
23,2,12,0.2,wave,0.075,3,0.0325,1073,15,11
23,2,13,0.2,wave,0.075,3,0.0325,1069,14,8
23,2,14,0.2,wave,0.075,3,0.0325,1051,10,6
23,2,15,0.2,wave,0.075,3,0.0325,1052,6,5
23,2,16,0.2,wave,0.075,3,0.0325,1043,6,5
23,2,17,0.2,wave,0.075,3,0.0325,1036,4,3
23,2,18,0.2,wave,0.075,3,0.0325,1016,1,1
23,2,19,0.2,wave,0.075,3,0.0325,1011,2,1
23,2,20,0.2,wave,0.075,3,0.0325,1456,2,2
23,2,21,0.2,wave,0.075,3,0.0325,1430,2,1
23,2,22,0.2,wave,0.075,3,0.0325,1439,2,1
23,2,23,0.2,wave,0.075,3,0.0325,1410,1,0
23,2,24,0.2,wave,0.075,3,0.0325,1407,1,1
23,2,25,0.2,wave,0.075,3,0.0325,1392,1,1
23,2,26,0.2,wave,0.075,3,0.0325,1416,1,1
23,2,27,0.2,wave,0.075,3,0.0325,1388,0,0
23,2,28,0.2,wave,0.075,3,0.0325,1390,0,0
23,2,29,0.2,wave,0.075,3,0.0325,1375,0,0
23,2,30,0.2,wave,0.075,3,0.0325,1354,0,0
23,2,31,0.2,wave,0.075,3,0.0325,1327,0,0
23,2,32,0.2,wave,0.075,3,0.0325,1303,0,0
23,2,33,0.2,wave,0.075,3,0.0325,1282,0,0
23,2,34,0.2,wave,0.075,3,0.0325,1267,0,0
23,2,35,0.2,wave,0.075,3,0.0325,1248,0,0
23,2,36,0.2,wave,0.075,3,0.0325,1249,0,0
23,2,37,0.2,wave,0.075,3,0.0325,1241,0,0
23,2,38,0.2,wave,0.075,3,0.0325,1230,0,0
23,2,39,0.2,wave,0.075,3,0.0325,1215,0,0
23,2,40,0.2,wave,0.075,3,0.0325,1203,0,0
23,2,41,0.2,wave,0.075,3,0.0325,1199,0,0
23,2,42,0.2,wave,0.075,3,0.0325,1178,0,0
23,2,43,0.2,wave,0.075,3,0.0325,1166,0,0
23,2,44,0.2,wave,0.075,3,0.0325,1153,0,0
23,2,45,0.2,wave,0.075,3,0.0325,1136,0,0
23,2,46,0.2,wave,0.075,3,0.0325,1126,0,0
23,2,47,0.2,wave,0.075,3,0.0325,1111,0,0
23,2,48,0.2,wave,0.075,3,0.0325,1097,0,0
23,2,49,0.2,wave,0.075,3,0.0325,1076,0,0
23,2,50,0.2,wave,0.075,3,0.0325,1065,0,0
23,2,51,0.2,wave,0.075,3,0.0325,1054,0,0
23,2,52,0.2,wave,0.075,3,0.0325,1043,0,0
23,3,1,0.2,wave,0.075,3,0.0325,1011,0,0
23,3,2,0.2,wave,0.075,3,0.0325,995,0,0
23,3,3,0.2,wave,0.075,3,0.0325,976,0,0
23,3,4,0.2,wave,0.075,3,0.0325,975,0,0
23,3,5,0.2,wave,0.075,3,0.0325,945,0,0
23,3,6,0.2,wave,0.075,3,0.0325,934,0,0
23,3,7,0.2,wave,0.075,3,0.0325,919,0,0
23,3,8,0.2,wave,0.075,3,0.0325,915,0,0
23,3,9,0.2,wave,0.075,3,0.0325,911,0,0
23,3,10,0.2,wave,0.075,3,0.0325,902,0,0
23,3,11,0.2,wave,0.075,3,0.0325,895,0,0
23,3,12,0.2,wave,0.075,3,0.0325,888,0,0
23,3,13,0.2,wave,0.075,3,0.0325,886,0,0
23,3,14,0.2,wave,0.075,3,0.0325,874,0,0
23,3,15,0.2,wave,0.075,3,0.0325,873,0,0
23,3,16,0.2,wave,0.075,3,0.0325,869,0,0
23,3,17,0.2,wave,0.075,3,0.0325,850,0,0
23,3,18,0.2,wave,0.075,3,0.0325,850,0,0
23,3,19,0.2,wave,0.075,3,0.0325,845,0,0
23,3,20,0.2,wave,0.075,3,0.0325,1236,0,0
23,3,21,0.2,wave,0.075,3,0.0325,1233,0,0
23,3,22,0.2,wave,0.075,3,0.0325,1204,0,0
23,3,23,0.2,wave,0.075,3,0.0325,1179,0,0
23,3,24,0.2,wave,0.075,3,0.0325,1171,0,0
23,3,25,0.2,wave,0.075,3,0.0325,1145,0,0
23,3,26,0.2,wave,0.075,3,0.0325,1137,0,0
23,3,27,0.2,wave,0.075,3,0.0325,1113,0,0
23,3,28,0.2,wave,0.075,3,0.0325,1082,0,0
23,3,29,0.2,wave,0.075,3,0.0325,1084,0,0
23,3,30,0.2,wave,0.075,3,0.0325,1042,0,0
23,3,31,0.2,wave,0.075,3,0.0325,1044,0,0
23,3,32,0.2,wave,0.075,3,0.0325,1025,0,0
23,3,33,0.2,wave,0.075,3,0.0325,1009,0,0
23,3,34,0.2,wave,0.075,3,0.0325,1001,0,0
23,3,35,0.2,wave,0.075,3,0.0325,992,0,0
23,3,36,0.2,wave,0.075,3,0.0325,958,0,0
23,3,37,0.2,wave,0.075,3,0.0325,946,0,0
23,3,38,0.2,wave,0.075,3,0.0325,937,0,0
23,3,39,0.2,wave,0.075,3,0.0325,937,0,0
23,3,40,0.2,wave,0.075,3,0.0325,925,0,0
23,3,41,0.2,wave,0.075,3,0.0325,918,0,0
23,3,42,0.2,wave,0.075,3,0.0325,888,0,0
23,3,43,0.2,wave,0.075,3,0.0325,875,0,0
23,3,44,0.2,wave,0.075,3,0.0325,867,0,0
23,3,45,0.2,wave,0.075,3,0.0325,840,0,0
23,3,46,0.2,wave,0.075,3,0.0325,833,0,0
23,3,47,0.2,wave,0.075,3,0.0325,817,0,0
23,3,48,0.2,wave,0.075,3,0.0325,804,0,0
23,3,49,0.2,wave,0.075,3,0.0325,800,0,0
23,3,50,0.2,wave,0.075,3,0.0325,792,0,0
23,3,51,0.2,wave,0.075,3,0.0325,782,0,0
23,3,52,0.2,wave,0.075,3,0.0325,780,0,0
23,4,1,0.2,wave,0.075,3,0.0325,768,0,0
23,4,2,0.2,wave,0.075,3,0.0325,762,0,0
23,4,3,0.2,wave,0.075,3,0.0325,752,0,0
23,4,4,0.2,wave,0.075,3,0.0325,735,0,0
23,4,5,0.2,wave,0.075,3,0.0325,727,0,0
23,4,6,0.2,wave,0.075,3,0.0325,720,0,0
23,4,7,0.2,wave,0.075,3,0.0325,717,0,0
23,4,8,0.2,wave,0.075,3,0.0325,715,0,0
23,4,9,0.2,wave,0.075,3,0.0325,715,0,0
23,4,10,0.2,wave,0.075,3,0.0325,706,0,0
23,4,11,0.2,wave,0.075,3,0.0325,707,0,0
23,4,12,0.2,wave,0.075,3,0.0325,700,0,0
23,4,13,0.2,wave,0.075,3,0.0325,697,0,0
23,4,14,0.2,wave,0.075,3,0.0325,692,0,0
23,4,15,0.2,wave,0.075,3,0.0325,686,0,0
23,4,16,0.2,wave,0.075,3,0.0325,681,0,0
23,4,17,0.2,wave,0.075,3,0.0325,678,0,0
23,4,18,0.2,wave,0.075,3,0.0325,674,0,0
23,4,19,0.2,wave,0.075,3,0.0325,669,0,0
23,4,20,0.2,wave,0.075,3,0.0325,977,0,0
23,4,21,0.2,wave,0.075,3,0.0325,976,0,0
23,4,22,0.2,wave,0.075,3,0.0325,959,0,0
23,4,23,0.2,wave,0.075,3,0.0325,954,0,0
23,4,24,0.2,wave,0.075,3,0.0325,933,0,0
23,4,25,0.2,wave,0.075,3,0.0325,919,0,0
23,4,26,0.2,wave,0.075,3,0.0325,911,0,0
23,4,27,0.2,wave,0.075,3,0.0325,903,0,0
23,4,28,0.2,wave,0.075,3,0.0325,883,0,0
23,4,29,0.2,wave,0.075,3,0.0325,882,0,0
23,4,30,0.2,wave,0.075,3,0.0325,861,0,0
23,4,31,0.2,wave,0.075,3,0.0325,861,0,0
23,4,32,0.2,wave,0.075,3,0.0325,843,0,0
23,4,33,0.2,wave,0.075,3,0.0325,830,0,0
23,4,34,0.2,wave,0.075,3,0.0325,815,0,0
23,4,35,0.2,wave,0.075,3,0.0325,797,0,0
23,4,36,0.2,wave,0.075,3,0.0325,799,0,0
23,4,37,0.2,wave,0.075,3,0.0325,789,0,0
23,4,38,0.2,wave,0.075,3,0.0325,780,0,0
23,4,39,0.2,wave,0.075,3,0.0325,756,0,0
23,4,40,0.2,wave,0.075,3,0.0325,736,0,0
23,4,41,0.2,wave,0.075,3,0.0325,715,0,0
23,4,42,0.2,wave,0.075,3,0.0325,706,0,0
23,4,43,0.2,wave,0.075,3,0.0325,685,0,0
23,4,44,0.2,wave,0.075,3,0.0325,690,0,0
23,4,45,0.2,wave,0.075,3,0.0325,676,0,0
23,4,46,0.2,wave,0.075,3,0.0325,672,0,0
23,4,47,0.2,wave,0.075,3,0.0325,659,0,0
23,4,48,0.2,wave,0.075,3,0.0325,651,0,0
23,4,49,0.2,wave,0.075,3,0.0325,643,0,0
23,4,50,0.2,wave,0.075,3,0.0325,644,0,0
23,4,51,0.2,wave,0.075,3,0.0325,633,0,0
23,4,52,0.2,wave,0.075,3,0.0325,628,0,0
23,5,1,0.2,wave,0.075,3,0.0325,616,0,0
23,5,2,0.2,wave,0.075,3,0.0325,607,0,0
23,5,3,0.2,wave,0.075,3,0.0325,594,0,0
23,5,4,0.2,wave,0.075,3,0.0325,594,0,0
23,5,5,0.2,wave,0.075,3,0.0325,585,0,0
23,5,6,0.2,wave,0.075,3,0.0325,583,0,0
23,5,7,0.2,wave,0.075,3,0.0325,575,0,0
23,5,8,0.2,wave,0.075,3,0.0325,579,0,0
23,5,9,0.2,wave,0.075,3,0.0325,574,0,0
23,5,10,0.2,wave,0.075,3,0.0325,574,0,0
23,5,11,0.2,wave,0.075,3,0.0325,566,0,0
23,5,12,0.2,wave,0.075,3,0.0325,568,0,0
23,5,13,0.2,wave,0.075,3,0.0325,563,0,0
23,5,14,0.2,wave,0.075,3,0.0325,567,0,0
23,5,15,0.2,wave,0.075,3,0.0325,562,0,0
23,5,16,0.2,wave,0.075,3,0.0325,565,0,0
23,5,17,0.2,wave,0.075,3,0.0325,556,0,0
23,5,18,0.2,wave,0.075,3,0.0325,560,0,0
23,5,19,0.2,wave,0.075,3,0.0325,551,0,0
23,5,20,0.2,wave,0.075,3,0.0325,840,0,0
23,5,21,0.2,wave,0.075,3,0.0325,833,0,0
23,5,22,0.2,wave,0.075,3,0.0325,833,0,0
23,5,23,0.2,wave,0.075,3,0.0325,823,0,0
23,5,24,0.2,wave,0.075,3,0.0325,827,0,0
23,5,25,0.2,wave,0.075,3,0.0325,819,0,0
23,5,26,0.2,wave,0.075,3,0.0325,823,0,0
23,5,27,0.2,wave,0.075,3,0.0325,816,0,0
23,5,28,0.2,wave,0.075,3,0.0325,795,0,0
23,5,29,0.2,wave,0.075,3,0.0325,777,0,0
23,5,30,0.2,wave,0.075,3,0.0325,774,0,0
23,5,31,0.2,wave,0.075,3,0.0325,745,0,0
23,5,32,0.2,wave,0.075,3,0.0325,740,0,0
23,5,33,0.2,wave,0.075,3,0.0325,732,0,0
23,5,34,0.2,wave,0.075,3,0.0325,727,0,0
23,5,35,0.2,wave,0.075,3,0.0325,690,0,0
23,5,36,0.2,wave,0.075,3,0.0325,689,0,0
23,5,37,0.2,wave,0.075,3,0.0325,680,0,0
23,5,38,0.2,wave,0.075,3,0.0325,660,0,0
23,5,39,0.2,wave,0.075,3,0.0325,658,0,0
23,5,40,0.2,wave,0.075,3,0.0325,651,0,0
23,5,41,0.2,wave,0.075,3,0.0325,645,0,0
23,5,42,0.2,wave,0.075,3,0.0325,639,0,0
23,5,43,0.2,wave,0.075,3,0.0325,618,0,0
23,5,44,0.2,wave,0.075,3,0.0325,606,0,0
23,5,45,0.2,wave,0.075,3,0.0325,596,0,0
23,5,46,0.2,wave,0.075,3,0.0325,589,0,0
23,5,47,0.2,wave,0.075,3,0.0325,588,0,0
23,5,48,0.2,wave,0.075,3,0.0325,583,0,0
23,5,49,0.2,wave,0.075,3,0.0325,581,0,0
23,5,50,0.2,wave,0.075,3,0.0325,569,0,0
23,5,51,0.2,wave,0.075,3,0.0325,571,0,0
23,5,52,0.2,wave,0.075,3,0.0325,561,0,0
23,6,1,0.2,wave,0.075,3,0.0325,559,0,0
23,6,2,0.2,wave,0.075,3,0.0325,551,0,0
23,6,3,0.2,wave,0.075,3,0.0325,551,0,0
23,6,4,0.2,wave,0.075,3,0.0325,547,0,0
23,6,5,0.2,wave,0.075,3,0.0325,549,0,0
23,6,6,0.2,wave,0.075,3,0.0325,546,0,0
23,6,7,0.2,wave,0.075,3,0.0325,541,0,0
23,6,8,0.2,wave,0.075,3,0.0325,540,0,0
23,6,9,0.2,wave,0.075,3,0.0325,537,0,0
23,6,10,0.2,wave,0.075,3,0.0325,536,0,0
23,6,11,0.2,wave,0.075,3,0.0325,533,0,0
23,6,12,0.2,wave,0.075,3,0.0325,535,0,0
23,6,13,0.2,wave,0.075,3,0.0325,530,0,0
23,6,14,0.2,wave,0.075,3,0.0325,534,0,0
23,6,15,0.2,wave,0.075,3,0.0325,531,0,0
23,6,16,0.2,wave,0.075,3,0.0325,528,0,0
23,6,17,0.2,wave,0.075,3,0.0325,527,0,0
23,6,18,0.2,wave,0.075,3,0.0325,527,0,0
23,6,19,0.2,wave,0.075,3,0.0325,528,0,0
23,6,20,0.2,wave,0.075,3,0.0325,788,0,0
23,6,21,0.2,wave,0.075,3,0.0325,790,0,0
23,6,22,0.2,wave,0.075,3,0.0325,787,0,0
23,6,23,0.2,wave,0.075,3,0.0325,773,0,0
23,6,24,0.2,wave,0.075,3,0.0325,747,0,0
23,6,25,0.2,wave,0.075,3,0.0325,749,0,0
23,6,26,0.2,wave,0.075,3,0.0325,746,0,0
23,6,27,0.2,wave,0.075,3,0.0325,697,0,0
23,6,28,0.2,wave,0.075,3,0.0325,704,0,0
23,6,29,0.2,wave,0.075,3,0.0325,685,0,0
23,6,30,0.2,wave,0.075,3,0.0325,680,0,0
23,6,31,0.2,wave,0.075,3,0.0325,680,0,0
23,6,32,0.2,wave,0.075,3,0.0325,661,0,0
23,6,33,0.2,wave,0.075,3,0.0325,662,0,0
23,6,34,0.2,wave,0.075,3,0.0325,659,0,0
23,6,35,0.2,wave,0.075,3,0.0325,659,0,0
23,6,36,0.2,wave,0.075,3,0.0325,644,0,0
23,6,37,0.2,wave,0.075,3,0.0325,627,0,0
23,6,38,0.2,wave,0.075,3,0.0325,622,0,0
23,6,39,0.2,wave,0.075,3,0.0325,622,0,0
23,6,40,0.2,wave,0.075,3,0.0325,623,0,0
23,6,41,0.2,wave,0.075,3,0.0325,617,0,0
23,6,42,0.2,wave,0.075,3,0.0325,614,0,0
23,6,43,0.2,wave,0.075,3,0.0325,611,0,0
23,6,44,0.2,wave,0.075,3,0.0325,606,0,0
23,6,45,0.2,wave,0.075,3,0.0325,604,0,0
23,6,46,0.2,wave,0.075,3,0.0325,598,0,0
23,6,47,0.2,wave,0.075,3,0.0325,599,0,0
23,6,48,0.2,wave,0.075,3,0.0325,596,0,0
23,6,49,0.2,wave,0.075,3,0.0325,598,0,0
23,6,50,0.2,wave,0.075,3,0.0325,593,0,0
23,6,51,0.2,wave,0.075,3,0.0325,592,0,0
23,6,52,0.2,wave,0.075,3,0.0325,588,0,0
23,7,1,0.2,wave,0.075,3,0.0325,572,0,0
23,7,2,0.2,wave,0.075,3,0.0325,555,0,0
23,7,3,0.2,wave,0.075,3,0.0325,561,0,0
23,7,4,0.2,wave,0.075,3,0.0325,552,0,0
23,7,5,0.2,wave,0.075,3,0.0325,558,0,0
23,7,6,0.2,wave,0.075,3,0.0325,550,0,0
23,7,7,0.2,wave,0.075,3,0.0325,553,0,0
23,7,8,0.2,wave,0.075,3,0.0325,545,0,0
23,7,9,0.2,wave,0.075,3,0.0325,553,0,0
23,7,10,0.2,wave,0.075,3,0.0325,542,0,0
23,7,11,0.2,wave,0.075,3,0.0325,549,0,0
23,7,12,0.2,wave,0.075,3,0.0325,540,0,0
23,7,13,0.2,wave,0.075,3,0.0325,545,0,0
23,7,14,0.2,wave,0.075,3,0.0325,538,0,0
23,7,15,0.2,wave,0.075,3,0.0325,542,0,0
23,7,16,0.2,wave,0.075,3,0.0325,538,0,0
23,7,17,0.2,wave,0.075,3,0.0325,527,0,0
23,7,18,0.2,wave,0.075,3,0.0325,523,0,0
23,7,19,0.2,wave,0.075,3,0.0325,528,0,0
23,7,20,0.2,wave,0.075,3,0.0325,783,0,0
23,7,21,0.2,wave,0.075,3,0.0325,788,0,0
23,7,22,0.2,wave,0.075,3,0.0325,752,0,0
23,7,23,0.2,wave,0.075,3,0.0325,732,0,0
23,7,24,0.2,wave,0.075,3,0.0325,716,0,0
23,7,25,0.2,wave,0.075,3,0.0325,715,0,0
23,7,26,0.2,wave,0.075,3,0.0325,687,0,0
23,7,27,0.2,wave,0.075,3,0.0325,700,0,0
23,7,28,0.2,wave,0.075,3,0.0325,672,0,0
23,7,29,0.2,wave,0.075,3,0.0325,669,0,0
23,7,30,0.2,wave,0.075,3,0.0325,641,0,0
23,7,31,0.2,wave,0.075,3,0.0325,638,0,0
23,7,32,0.2,wave,0.075,3,0.0325,633,0,0
23,7,33,0.2,wave,0.075,3,0.0325,631,0,0
23,7,34,0.2,wave,0.075,3,0.0325,626,0,0
23,7,35,0.2,wave,0.075,3,0.0325,624,0,0
23,7,36,0.2,wave,0.075,3,0.0325,613,0,0
23,7,37,0.2,wave,0.075,3,0.0325,595,0,0
23,7,38,0.2,wave,0.075,3,0.0325,579,0,0
23,7,39,0.2,wave,0.075,3,0.0325,570,0,0
23,7,40,0.2,wave,0.075,3,0.0325,566,0,0
23,7,41,0.2,wave,0.075,3,0.0325,542,0,0
23,7,42,0.2,wave,0.075,3,0.0325,541,0,0
23,7,43,0.2,wave,0.075,3,0.0325,538,0,0
23,7,44,0.2,wave,0.075,3,0.0325,534,0,0
23,7,45,0.2,wave,0.075,3,0.0325,529,0,0
23,7,46,0.2,wave,0.075,3,0.0325,527,0,0
23,7,47,0.2,wave,0.075,3,0.0325,523,0,0
23,7,48,0.2,wave,0.075,3,0.0325,516,0,0
23,7,49,0.2,wave,0.075,3,0.0325,517,0,0
23,7,50,0.2,wave,0.075,3,0.0325,514,0,0
23,7,51,0.2,wave,0.075,3,0.0325,512,0,0
23,7,52,0.2,wave,0.075,3,0.0325,509,0,0
23,8,1,0.2,wave,0.075,3,0.0325,507,0,0
23,8,2,0.2,wave,0.075,3,0.0325,504,0,0
23,8,3,0.2,wave,0.075,3,0.0325,504,0,0
23,8,4,0.2,wave,0.075,3,0.0325,499,0,0
23,8,5,0.2,wave,0.075,3,0.0325,496,0,0
23,8,6,0.2,wave,0.075,3,0.0325,491,0,0
23,8,7,0.2,wave,0.075,3,0.0325,493,0,0
23,8,8,0.2,wave,0.075,3,0.0325,488,0,0
23,8,9,0.2,wave,0.075,3,0.0325,490,0,0
23,8,10,0.2,wave,0.075,3,0.0325,485,0,0
23,8,11,0.2,wave,0.075,3,0.0325,487,0,0
23,8,12,0.2,wave,0.075,3,0.0325,486,0,0
23,8,13,0.2,wave,0.075,3,0.0325,486,0,0
23,8,14,0.2,wave,0.075,3,0.0325,484,0,0
23,8,15,0.2,wave,0.075,3,0.0325,485,0,0
23,8,16,0.2,wave,0.075,3,0.0325,485,0,0
23,8,17,0.2,wave,0.075,3,0.0325,485,0,0
23,8,18,0.2,wave,0.075,3,0.0325,484,0,0
23,8,19,0.2,wave,0.075,3,0.0325,484,0,0
23,8,20,0.2,wave,0.075,3,0.0325,717,0,0
23,8,21,0.2,wave,0.075,3,0.0325,706,0,0
23,8,22,0.2,wave,0.075,3,0.0325,661,0,0
23,8,23,0.2,wave,0.075,3,0.0325,660,0,0
23,8,24,0.2,wave,0.075,3,0.0325,642,0,0
23,8,25,0.2,wave,0.075,3,0.0325,644,0,0
23,8,26,0.2,wave,0.075,3,0.0325,632,0,0
23,8,27,0.2,wave,0.075,3,0.0325,630,0,0
23,8,28,0.2,wave,0.075,3,0.0325,632,0,0
23,8,29,0.2,wave,0.075,3,0.0325,630,0,0
23,8,30,0.2,wave,0.075,3,0.0325,622,0,0
23,8,31,0.2,wave,0.075,3,0.0325,619,0,0
23,8,32,0.2,wave,0.075,3,0.0325,622,0,0
23,8,33,0.2,wave,0.075,3,0.0325,617,0,0
23,8,34,0.2,wave,0.075,3,0.0325,593,0,0
23,8,35,0.2,wave,0.075,3,0.0325,578,0,0
23,8,36,0.2,wave,0.075,3,0.0325,569,0,0
23,8,37,0.2,wave,0.075,3,0.0325,566,0,0
23,8,38,0.2,wave,0.075,3,0.0325,570,0,0
23,8,39,0.2,wave,0.075,3,0.0325,558,0,0
23,8,40,0.2,wave,0.075,3,0.0325,558,0,0
23,8,41,0.2,wave,0.075,3,0.0325,559,0,0
23,8,42,0.2,wave,0.075,3,0.0325,554,0,0
23,8,43,0.2,wave,0.075,3,0.0325,557,0,0
23,8,44,0.2,wave,0.075,3,0.0325,553,0,0
23,8,45,0.2,wave,0.075,3,0.0325,557,0,0
23,8,46,0.2,wave,0.075,3,0.0325,551,0,0
23,8,47,0.2,wave,0.075,3,0.0325,543,0,0
23,8,48,0.2,wave,0.075,3,0.0325,525,0,0
23,8,49,0.2,wave,0.075,3,0.0325,529,0,0
23,8,50,0.2,wave,0.075,3,0.0325,522,0,0
23,8,51,0.2,wave,0.075,3,0.0325,526,0,0
23,8,52,0.2,wave,0.075,3,0.0325,522,0,0
23,9,1,0.2,wave,0.075,3,0.0325,524,0,0
23,9,2,0.2,wave,0.075,3,0.0325,522,0,0
23,9,3,0.2,wave,0.075,3,0.0325,523,0,0
23,9,4,0.2,wave,0.075,3,0.0325,517,0,0
23,9,5,0.2,wave,0.075,3,0.0325,519,0,0
23,9,6,0.2,wave,0.075,3,0.0325,501,0,0
23,9,7,0.2,wave,0.075,3,0.0325,497,0,0
23,9,8,0.2,wave,0.075,3,0.0325,495,0,0
23,9,9,0.2,wave,0.075,3,0.0325,497,0,0
23,9,10,0.2,wave,0.075,3,0.0325,493,0,0
23,9,11,0.2,wave,0.075,3,0.0325,496,0,0
23,9,12,0.2,wave,0.075,3,0.0325,491,0,0
23,9,13,0.2,wave,0.075,3,0.0325,495,0,0
23,9,14,0.2,wave,0.075,3,0.0325,492,0,0
23,9,15,0.2,wave,0.075,3,0.0325,495,0,0
23,9,16,0.2,wave,0.075,3,0.0325,491,0,0
23,9,17,0.2,wave,0.075,3,0.0325,495,0,0
23,9,18,0.2,wave,0.075,3,0.0325,491,0,0
23,9,19,0.2,wave,0.075,3,0.0325,496,0,0
23,9,20,0.2,wave,0.075,3,0.0325,734,0,0
23,9,21,0.2,wave,0.075,3,0.0325,728,0,0
23,9,22,0.2,wave,0.075,3,0.0325,697,0,0
23,9,23,0.2,wave,0.075,3,0.0325,681,0,0
23,9,24,0.2,wave,0.075,3,0.0325,675,0,0
23,9,25,0.2,wave,0.075,3,0.0325,683,0,0
23,9,26,0.2,wave,0.075,3,0.0325,661,0,0
23,9,27,0.2,wave,0.075,3,0.0325,668,0,0
23,9,28,0.2,wave,0.075,3,0.0325,660,0,0
23,9,29,0.2,wave,0.075,3,0.0325,664,0,0
23,9,30,0.2,wave,0.075,3,0.0325,662,0,0
23,9,31,0.2,wave,0.075,3,0.0325,634,0,0
23,9,32,0.2,wave,0.075,3,0.0325,634,0,0
23,9,33,0.2,wave,0.075,3,0.0325,611,0,0
23,9,34,0.2,wave,0.075,3,0.0325,600,0,0
23,9,35,0.2,wave,0.075,3,0.0325,600,0,0
23,9,36,0.2,wave,0.075,3,0.0325,590,0,0
23,9,37,0.2,wave,0.075,3,0.0325,588,0,0
23,9,38,0.2,wave,0.075,3,0.0325,590,0,0
23,9,39,0.2,wave,0.075,3,0.0325,588,0,0
23,9,40,0.2,wave,0.075,3,0.0325,590,0,0
23,9,41,0.2,wave,0.075,3,0.0325,588,0,0
23,9,42,0.2,wave,0.075,3,0.0325,587,0,0
23,9,43,0.2,wave,0.075,3,0.0325,581,0,0
23,9,44,0.2,wave,0.075,3,0.0325,577,0,0
23,9,45,0.2,wave,0.075,3,0.0325,574,0,0
23,9,46,0.2,wave,0.075,3,0.0325,575,0,0
23,9,47,0.2,wave,0.075,3,0.0325,575,0,0
23,9,48,0.2,wave,0.075,3,0.0325,575,0,0
23,9,49,0.2,wave,0.075,3,0.0325,575,0,0
23,9,50,0.2,wave,0.075,3,0.0325,574,0,0
23,9,51,0.2,wave,0.075,3,0.0325,560,0,0
23,9,52,0.2,wave,0.075,3,0.0325,556,0,0
23,10,1,0.2,wave,0.075,3,0.0325,553,0,0
23,10,2,0.2,wave,0.075,3,0.0325,553,0,0
23,10,3,0.2,wave,0.075,3,0.0325,551,0,0
23,10,4,0.2,wave,0.075,3,0.0325,547,0,0
23,10,5,0.2,wave,0.075,3,0.0325,544,0,0
23,10,6,0.2,wave,0.075,3,0.0325,545,0,0
23,10,7,0.2,wave,0.075,3,0.0325,543,0,0
23,10,8,0.2,wave,0.075,3,0.0325,545,0,0
23,10,9,0.2,wave,0.075,3,0.0325,544,0,0
23,10,10,0.2,wave,0.075,3,0.0325,544,0,0
23,10,11,0.2,wave,0.075,3,0.0325,544,0,0
23,10,12,0.2,wave,0.075,3,0.0325,545,0,0
23,10,13,0.2,wave,0.075,3,0.0325,545,0,0
23,10,14,0.2,wave,0.075,3,0.0325,544,0,0
23,10,15,0.2,wave,0.075,3,0.0325,544,0,0
23,10,16,0.2,wave,0.075,3,0.0325,542,0,0
23,10,17,0.2,wave,0.075,3,0.0325,542,0,0
23,10,18,0.2,wave,0.075,3,0.0325,541,0,0
23,10,19,0.2,wave,0.075,3,0.0325,541,0,0
23,10,20,0.2,wave,0.075,3,0.0325,765,0,0
23,10,21,0.2,wave,0.075,3,0.0325,750,0,0
23,10,22,0.2,wave,0.075,3,0.0325,721,0,0
23,10,23,0.2,wave,0.075,3,0.0325,721,0,0
23,10,24,0.2,wave,0.075,3,0.0325,709,0,0
23,10,25,0.2,wave,0.075,3,0.0325,692,0,0
23,10,26,0.2,wave,0.075,3,0.0325,692,0,0
23,10,27,0.2,wave,0.075,3,0.0325,691,0,0
23,10,28,0.2,wave,0.075,3,0.0325,691,0,0
23,10,29,0.2,wave,0.075,3,0.0325,693,0,0
23,10,30,0.2,wave,0.075,3,0.0325,687,0,0
23,10,31,0.2,wave,0.075,3,0.0325,692,0,0
23,10,32,0.2,wave,0.075,3,0.0325,686,0,0
23,10,33,0.2,wave,0.075,3,0.0325,690,0,0
23,10,34,0.2,wave,0.075,3,0.0325,687,0,0
23,10,35,0.2,wave,0.075,3,0.0325,691,0,0
23,10,36,0.2,wave,0.075,3,0.0325,687,0,0
23,10,37,0.2,wave,0.075,3,0.0325,692,0,0
23,10,38,0.2,wave,0.075,3,0.0325,671,0,0
23,10,39,0.2,wave,0.075,3,0.0325,676,0,0
23,10,40,0.2,wave,0.075,3,0.0325,672,0,0
23,10,41,0.2,wave,0.075,3,0.0325,677,0,0
23,10,42,0.2,wave,0.075,3,0.0325,669,0,0
23,10,43,0.2,wave,0.075,3,0.0325,675,0,0
23,10,44,0.2,wave,0.075,3,0.0325,667,0,0
23,10,45,0.2,wave,0.075,3,0.0325,665,0,0
23,10,46,0.2,wave,0.075,3,0.0325,652,0,0
23,10,47,0.2,wave,0.075,3,0.0325,663,0,0
23,10,48,0.2,wave,0.075,3,0.0325,652,0,0
23,10,49,0.2,wave,0.075,3,0.0325,654,0,0
23,10,50,0.2,wave,0.075,3,0.0325,641,0,0
23,10,51,0.2,wave,0.075,3,0.0325,640,0,0
23,10,52,0.2,wave,0.075,3,0.0325,639,0,0
24,1,1,0.2,wave,0.075,3,0.05694444444444444,6548,70,10
24,1,2,0.2,wave,0.075,3,0.05694444444444444,6573,78,27
24,1,3,0.2,wave,0.075,3,0.05694444444444444,6405,100,47
24,1,4,0.2,wave,0.075,3,0.05694444444444444,6270,128,57
24,1,5,0.2,wave,0.075,3,0.05694444444444444,6197,182,54
24,1,6,0.2,wave,0.075,3,0.05694444444444444,5973,203,65
24,1,7,0.2,wave,0.075,3,0.05694444444444444,5771,240,77
24,1,8,0.2,wave,0.075,3,0.05694444444444444,5484,280,93
24,1,9,0.2,wave,0.075,3,0.05694444444444444,5355,340,129
24,1,10,0.2,wave,0.075,3,0.05694444444444444,5163,377,139
24,1,11,0.2,wave,0.075,3,0.05694444444444444,4974,408,163
24,1,12,0.2,wave,0.075,3,0.05694444444444444,4710,404,170
24,1,13,0.2,wave,0.075,3,0.05694444444444444,4620,473,214
24,1,14,0.2,wave,0.075,3,0.05694444444444444,4356,502,220
24,1,15,0.2,wave,0.075,3,0.05694444444444444,4198,531,227
24,1,16,0.2,wave,0.075,3,0.05694444444444444,3966,505,229
24,1,17,0.2,wave,0.075,3,0.05694444444444444,3784,528,265
24,1,18,0.2,wave,0.075,3,0.05694444444444444,3599,512,268
24,1,19,0.2,wave,0.075,3,0.05694444444444444,3467,503,246
24,1,20,0.2,wave,0.075,3,0.05694444444444444,4865,476,219
24,1,21,0.2,wave,0.075,3,0.05694444444444444,4516,548,220
24,1,22,0.2,wave,0.075,3,0.05694444444444444,4409,620,254
24,1,23,0.2,wave,0.075,3,0.05694444444444444,4281,656,282
24,1,24,0.2,wave,0.075,3,0.05694444444444444,4230,710,300
24,1,25,0.2,wave,0.075,3,0.05694444444444444,4042,736,306
24,1,26,0.2,wave,0.075,3,0.05694444444444444,3895,734,338
24,1,27,0.2,wave,0.075,3,0.05694444444444444,3649,706,336
24,1,28,0.2,wave,0.075,3,0.05694444444444444,3554,718,340
24,1,29,0.2,wave,0.075,3,0.05694444444444444,3362,668,309
24,1,30,0.2,wave,0.075,3,0.05694444444444444,3190,636,308
24,1,31,0.2,wave,0.075,3,0.05694444444444444,3091,603,312
24,1,32,0.2,wave,0.075,3,0.05694444444444444,2974,631,306
24,1,33,0.2,wave,0.075,3,0.05694444444444444,2846,585,288
24,1,34,0.2,wave,0.075,3,0.05694444444444444,2698,535,269
24,1,35,0.2,wave,0.075,3,0.05694444444444444,2553,505,254
24,1,36,0.2,wave,0.075,3,0.05694444444444444,2437,463,249
24,1,37,0.2,wave,0.075,3,0.05694444444444444,2314,416,219
24,1,38,0.2,wave,0.075,3,0.05694444444444444,2239,384,212
24,1,39,0.2,wave,0.075,3,0.05694444444444444,2139,349,196
24,1,40,0.2,wave,0.075,3,0.05694444444444444,2076,330,186
24,1,41,0.2,wave,0.075,3,0.05694444444444444,1977,290,172
24,1,42,0.2,wave,0.075,3,0.05694444444444444,1892,246,143
24,1,43,0.2,wave,0.075,3,0.05694444444444444,1803,214,127
24,1,44,0.2,wave,0.075,3,0.05694444444444444,1756,193,111
24,1,45,0.2,wave,0.075,3,0.05694444444444444,1679,160,93
24,1,46,0.2,wave,0.075,3,0.05694444444444444,1635,140,79
24,1,47,0.2,wave,0.075,3,0.05694444444444444,1580,121,63
24,1,48,0.2,wave,0.075,3,0.05694444444444444,1537,102,59
24,1,49,0.2,wave,0.075,3,0.05694444444444444,1495,87,47
24,1,50,0.2,wave,0.075,3,0.05694444444444444,1470,85,52
24,1,51,0.2,wave,0.075,3,0.05694444444444444,1436,68,36
24,1,52,0.2,wave,0.075,3,0.05694444444444444,1413,63,40
24,2,1,0.2,wave,0.075,3,0.05694444444444444,1370,52,32
24,2,2,0.2,wave,0.075,3,0.05694444444444444,1340,43,28
24,2,3,0.2,wave,0.075,3,0.05694444444444444,1321,37,21
24,2,4,0.2,wave,0.075,3,0.05694444444444444,1295,27,16
24,2,5,0.2,wave,0.075,3,0.05694444444444444,1281,26,17
24,2,6,0.2,wave,0.075,3,0.05694444444444444,1268,19,13
24,2,7,0.2,wave,0.075,3,0.05694444444444444,1251,18,9
24,2,8,0.2,wave,0.075,3,0.05694444444444444,1229,15,6
24,2,9,0.2,wave,0.075,3,0.05694444444444444,1220,18,10
24,2,10,0.2,wave,0.075,3,0.05694444444444444,1206,15,11
24,2,11,0.2,wave,0.075,3,0.05694444444444444,1189,12,8
24,2,12,0.2,wave,0.075,3,0.05694444444444444,1152,9,4
24,2,13,0.2,wave,0.075,3,0.05694444444444444,1150,5,2
24,2,14,0.2,wave,0.075,3,0.05694444444444444,1129,7,5
24,2,15,0.2,wave,0.075,3,0.05694444444444444,1130,7,5
24,2,16,0.2,wave,0.075,3,0.05694444444444444,1107,9,5
24,2,17,0.2,wave,0.075,3,0.05694444444444444,1101,6,3
24,2,18,0.2,wave,0.075,3,0.05694444444444444,1066,8,2
24,2,19,0.2,wave,0.075,3,0.05694444444444444,1075,10,3
24,2,20,0.2,wave,0.075,3,0.05694444444444444,1562,8,3
24,2,21,0.2,wave,0.075,3,0.05694444444444444,1554,8,5
24,2,22,0.2,wave,0.075,3,0.05694444444444444,1538,13,6
24,2,23,0.2,wave,0.075,3,0.05694444444444444,1528,17,4
24,2,24,0.2,wave,0.075,3,0.05694444444444444,1508,15,2
24,2,25,0.2,wave,0.075,3,0.05694444444444444,1521,17,6
24,2,26,0.2,wave,0.075,3,0.05694444444444444,1463,15,8
24,2,27,0.2,wave,0.075,3,0.05694444444444444,1462,19,11
24,2,28,0.2,wave,0.075,3,0.05694444444444444,1410,25,8
24,2,29,0.2,wave,0.075,3,0.05694444444444444,1391,21,6
24,2,30,0.2,wave,0.075,3,0.05694444444444444,1369,21,6
24,2,31,0.2,wave,0.075,3,0.05694444444444444,1366,24,11
24,2,32,0.2,wave,0.075,3,0.05694444444444444,1324,24,14
24,2,33,0.2,wave,0.075,3,0.05694444444444444,1322,26,14
24,2,34,0.2,wave,0.075,3,0.05694444444444444,1280,24,10
24,2,35,0.2,wave,0.075,3,0.05694444444444444,1275,22,9
24,2,36,0.2,wave,0.075,3,0.05694444444444444,1267,25,10
24,2,37,0.2,wave,0.075,3,0.05694444444444444,1280,26,12
24,2,38,0.2,wave,0.075,3,0.05694444444444444,1264,27,13
24,2,39,0.2,wave,0.075,3,0.05694444444444444,1258,26,14
24,2,40,0.2,wave,0.075,3,0.05694444444444444,1237,26,14
24,2,41,0.2,wave,0.075,3,0.05694444444444444,1218,23,13
24,2,42,0.2,wave,0.075,3,0.05694444444444444,1184,21,14
24,2,43,0.2,wave,0.075,3,0.05694444444444444,1165,19,12
24,2,44,0.2,wave,0.075,3,0.05694444444444444,1148,19,9
24,2,45,0.2,wave,0.075,3,0.05694444444444444,1134,17,5
24,2,46,0.2,wave,0.075,3,0.05694444444444444,1118,14,3
24,2,47,0.2,wave,0.075,3,0.05694444444444444,1104,16,8
24,2,48,0.2,wave,0.075,3,0.05694444444444444,1085,15,7
24,2,49,0.2,wave,0.075,3,0.05694444444444444,1074,16,10
24,2,50,0.2,wave,0.075,3,0.05694444444444444,1054,12,5
24,2,51,0.2,wave,0.075,3,0.05694444444444444,1045,13,8
24,2,52,0.2,wave,0.075,3,0.05694444444444444,1030,10,4
24,3,1,0.2,wave,0.075,3,0.05694444444444444,1021,9,7
24,3,2,0.2,wave,0.075,3,0.05694444444444444,1010,11,5
24,3,3,0.2,wave,0.075,3,0.05694444444444444,998,10,7
24,3,4,0.2,wave,0.075,3,0.05694444444444444,979,6,3
24,3,5,0.2,wave,0.075,3,0.05694444444444444,971,7,3
24,3,6,0.2,wave,0.075,3,0.05694444444444444,961,7,2
24,3,7,0.2,wave,0.075,3,0.05694444444444444,946,10,3
24,3,8,0.2,wave,0.075,3,0.05694444444444444,941,9,4
24,3,9,0.2,wave,0.075,3,0.05694444444444444,931,12,4
24,3,10,0.2,wave,0.075,3,0.05694444444444444,923,11,7
24,3,11,0.2,wave,0.075,3,0.05694444444444444,918,10,7
24,3,12,0.2,wave,0.075,3,0.05694444444444444,912,9,6
24,3,13,0.2,wave,0.075,3,0.05694444444444444,901,7,3
24,3,14,0.2,wave,0.075,3,0.05694444444444444,894,6,2
24,3,15,0.2,wave,0.075,3,0.05694444444444444,887,7,4
24,3,16,0.2,wave,0.075,3,0.05694444444444444,889,6,3
24,3,17,0.2,wave,0.075,3,0.05694444444444444,871,6,3
24,3,18,0.2,wave,0.075,3,0.05694444444444444,868,4,3
24,3,19,0.2,wave,0.075,3,0.05694444444444444,864,5,3
24,3,20,0.2,wave,0.075,3,0.05694444444444444,1231,5,3
24,3,21,0.2,wave,0.075,3,0.05694444444444444,1231,7,3
24,3,22,0.2,wave,0.075,3,0.05694444444444444,1188,7,2
24,3,23,0.2,wave,0.075,3,0.05694444444444444,1188,7,1
24,3,24,0.2,wave,0.075,3,0.05694444444444444,1164,4,2
24,3,25,0.2,wave,0.075,3,0.05694444444444444,1163,5,2
24,3,26,0.2,wave,0.075,3,0.05694444444444444,1147,7,2
24,3,27,0.2,wave,0.075,3,0.05694444444444444,1150,7,1
24,3,28,0.2,wave,0.075,3,0.05694444444444444,1114,7,4
24,3,29,0.2,wave,0.075,3,0.05694444444444444,1124,8,7
24,3,30,0.2,wave,0.075,3,0.05694444444444444,1112,13,6
24,3,31,0.2,wave,0.075,3,0.05694444444444444,1093,13,3
24,3,32,0.2,wave,0.075,3,0.05694444444444444,1034,16,5
24,3,33,0.2,wave,0.075,3,0.05694444444444444,1024,17,8
24,3,34,0.2,wave,0.075,3,0.05694444444444444,962,20,11
24,3,35,0.2,wave,0.075,3,0.05694444444444444,972,20,8
24,3,36,0.2,wave,0.075,3,0.05694444444444444,940,19,6
24,3,37,0.2,wave,0.075,3,0.05694444444444444,929,17,5
24,3,38,0.2,wave,0.075,3,0.05694444444444444,914,18,8
24,3,39,0.2,wave,0.075,3,0.05694444444444444,918,23,9
24,3,40,0.2,wave,0.075,3,0.05694444444444444,892,25,11
24,3,41,0.2,wave,0.075,3,0.05694444444444444,885,22,14
24,3,42,0.2,wave,0.075,3,0.05694444444444444,861,22,14
24,3,43,0.2,wave,0.075,3,0.05694444444444444,866,21,13
24,3,44,0.2,wave,0.075,3,0.05694444444444444,844,19,8
24,3,45,0.2,wave,0.075,3,0.05694444444444444,833,18,8
24,3,46,0.2,wave,0.075,3,0.05694444444444444,816,15,10
24,3,47,0.2,wave,0.075,3,0.05694444444444444,820,15,10
24,3,48,0.2,wave,0.075,3,0.05694444444444444,801,20,9
24,3,49,0.2,wave,0.075,3,0.05694444444444444,788,16,6
24,3,50,0.2,wave,0.075,3,0.05694444444444444,765,16,10
24,3,51,0.2,wave,0.075,3,0.05694444444444444,756,18,11
24,3,52,0.2,wave,0.075,3,0.05694444444444444,737,17,10
24,4,1,0.2,wave,0.075,3,0.05694444444444444,734,13,7
24,4,2,0.2,wave,0.075,3,0.05694444444444444,704,12,7
24,4,3,0.2,wave,0.075,3,0.05694444444444444,700,11,7
24,4,4,0.2,wave,0.075,3,0.05694444444444444,691,13,6
24,4,5,0.2,wave,0.075,3,0.05694444444444444,685,11,5
24,4,6,0.2,wave,0.075,3,0.05694444444444444,680,10,7
24,4,7,0.2,wave,0.075,3,0.05694444444444444,681,9,6
24,4,8,0.2,wave,0.075,3,0.05694444444444444,671,8,6
24,4,9,0.2,wave,0.075,3,0.05694444444444444,667,4,2
24,4,10,0.2,wave,0.075,3,0.05694444444444444,662,5,3
24,4,11,0.2,wave,0.075,3,0.05694444444444444,657,3,2
24,4,12,0.2,wave,0.075,3,0.05694444444444444,656,3,2
24,4,13,0.2,wave,0.075,3,0.05694444444444444,649,3,1
24,4,14,0.2,wave,0.075,3,0.05694444444444444,652,2,1
24,4,15,0.2,wave,0.075,3,0.05694444444444444,643,2,1
24,4,16,0.2,wave,0.075,3,0.05694444444444444,643,4,2
24,4,17,0.2,wave,0.075,3,0.05694444444444444,636,3,2
24,4,18,0.2,wave,0.075,3,0.05694444444444444,638,3,2
24,4,19,0.2,wave,0.075,3,0.05694444444444444,631,2,2
24,4,20,0.2,wave,0.075,3,0.05694444444444444,953,1,1
24,4,21,0.2,wave,0.075,3,0.05694444444444444,943,2,1
24,4,22,0.2,wave,0.075,3,0.05694444444444444,938,1,0
24,4,23,0.2,wave,0.075,3,0.05694444444444444,944,1,1
24,4,24,0.2,wave,0.075,3,0.05694444444444444,938,2,1
24,4,25,0.2,wave,0.075,3,0.05694444444444444,935,4,1
24,4,26,0.2,wave,0.075,3,0.05694444444444444,915,3,0
24,4,27,0.2,wave,0.075,3,0.05694444444444444,919,3,0
24,4,28,0.2,wave,0.075,3,0.05694444444444444,890,3,1
24,4,29,0.2,wave,0.075,3,0.05694444444444444,867,3,2
24,4,30,0.2,wave,0.075,3,0.05694444444444444,863,4,3
24,4,31,0.2,wave,0.075,3,0.05694444444444444,861,3,2
24,4,32,0.2,wave,0.075,3,0.05694444444444444,827,2,1
24,4,33,0.2,wave,0.075,3,0.05694444444444444,818,2,0
24,4,34,0.2,wave,0.075,3,0.05694444444444444,803,2,1
24,4,35,0.2,wave,0.075,3,0.05694444444444444,795,3,1
24,4,36,0.2,wave,0.075,3,0.05694444444444444,790,4,2
24,4,37,0.2,wave,0.075,3,0.05694444444444444,787,3,1
24,4,38,0.2,wave,0.075,3,0.05694444444444444,772,3,1
24,4,39,0.2,wave,0.075,3,0.05694444444444444,741,2,1
24,4,40,0.2,wave,0.075,3,0.05694444444444444,716,3,2
24,4,41,0.2,wave,0.075,3,0.05694444444444444,709,3,3
24,4,42,0.2,wave,0.075,3,0.05694444444444444,688,6,2
24,4,43,0.2,wave,0.075,3,0.05694444444444444,681,5,4
24,4,44,0.2,wave,0.075,3,0.05694444444444444,669,5,3
24,4,45,0.2,wave,0.075,3,0.05694444444444444,667,6,4
24,4,46,0.2,wave,0.075,3,0.05694444444444444,640,4,1
24,4,47,0.2,wave,0.075,3,0.05694444444444444,637,4,2
24,4,48,0.2,wave,0.075,3,0.05694444444444444,630,3,1
24,4,49,0.2,wave,0.075,3,0.05694444444444444,616,3,1
24,4,50,0.2,wave,0.075,3,0.05694444444444444,594,2,2
24,4,51,0.2,wave,0.075,3,0.05694444444444444,590,2,2
24,4,52,0.2,wave,0.075,3,0.05694444444444444,580,2,2
24,5,1,0.2,wave,0.075,3,0.05694444444444444,576,0,0
24,5,2,0.2,wave,0.075,3,0.05694444444444444,573,0,0
24,5,3,0.2,wave,0.075,3,0.05694444444444444,565,0,0
24,5,4,0.2,wave,0.075,3,0.05694444444444444,564,0,0
24,5,5,0.2,wave,0.075,3,0.05694444444444444,557,0,0
24,5,6,0.2,wave,0.075,3,0.05694444444444444,560,0,0
24,5,7,0.2,wave,0.075,3,0.05694444444444444,558,0,0
24,5,8,0.2,wave,0.075,3,0.05694444444444444,553,0,0
24,5,9,0.2,wave,0.075,3,0.05694444444444444,535,0,0
24,5,10,0.2,wave,0.075,3,0.05694444444444444,535,0,0
24,5,11,0.2,wave,0.075,3,0.05694444444444444,533,0,0
24,5,12,0.2,wave,0.075,3,0.05694444444444444,530,0,0
24,5,13,0.2,wave,0.075,3,0.05694444444444444,533,0,0
24,5,14,0.2,wave,0.075,3,0.05694444444444444,525,0,0
24,5,15,0.2,wave,0.075,3,0.05694444444444444,526,0,0
24,5,16,0.2,wave,0.075,3,0.05694444444444444,522,0,0
24,5,17,0.2,wave,0.075,3,0.05694444444444444,514,0,0
24,5,18,0.2,wave,0.075,3,0.05694444444444444,511,0,0
24,5,19,0.2,wave,0.075,3,0.05694444444444444,510,0,0
24,5,20,0.2,wave,0.075,3,0.05694444444444444,757,0,0
24,5,21,0.2,wave,0.075,3,0.05694444444444444,763,0,0
24,5,22,0.2,wave,0.075,3,0.05694444444444444,759,0,0
24,5,23,0.2,wave,0.075,3,0.05694444444444444,758,0,0
24,5,24,0.2,wave,0.075,3,0.05694444444444444,753,0,0
24,5,25,0.2,wave,0.075,3,0.05694444444444444,753,0,0
24,5,26,0.2,wave,0.075,3,0.05694444444444444,753,0,0
24,5,27,0.2,wave,0.075,3,0.05694444444444444,739,0,0
24,5,28,0.2,wave,0.075,3,0.05694444444444444,725,0,0
24,5,29,0.2,wave,0.075,3,0.05694444444444444,715,0,0
24,5,30,0.2,wave,0.075,3,0.05694444444444444,702,0,0
24,5,31,0.2,wave,0.075,3,0.05694444444444444,697,0,0
24,5,32,0.2,wave,0.075,3,0.05694444444444444,693,0,0
24,5,33,0.2,wave,0.075,3,0.05694444444444444,680,0,0
24,5,34,0.2,wave,0.075,3,0.05694444444444444,675,0,0
24,5,35,0.2,wave,0.075,3,0.05694444444444444,676,0,0
24,5,36,0.2,wave,0.075,3,0.05694444444444444,669,0,0
24,5,37,0.2,wave,0.075,3,0.05694444444444444,648,0,0
24,5,38,0.2,wave,0.075,3,0.05694444444444444,639,0,0
24,5,39,0.2,wave,0.075,3,0.05694444444444444,635,0,0
24,5,40,0.2,wave,0.075,3,0.05694444444444444,629,0,0
24,5,41,0.2,wave,0.075,3,0.05694444444444444,630,0,0
24,5,42,0.2,wave,0.075,3,0.05694444444444444,620,0,0
24,5,43,0.2,wave,0.075,3,0.05694444444444444,614,0,0
24,5,44,0.2,wave,0.075,3,0.05694444444444444,600,0,0
24,5,45,0.2,wave,0.075,3,0.05694444444444444,599,0,0
24,5,46,0.2,wave,0.075,3,0.05694444444444444,593,0,0
24,5,47,0.2,wave,0.075,3,0.05694444444444444,590,0,0
24,5,48,0.2,wave,0.075,3,0.05694444444444444,575,0,0
24,5,49,0.2,wave,0.075,3,0.05694444444444444,574,0,0
24,5,50,0.2,wave,0.075,3,0.05694444444444444,562,0,0
24,5,51,0.2,wave,0.075,3,0.05694444444444444,540,0,0
24,5,52,0.2,wave,0.075,3,0.05694444444444444,541,0,0
24,6,1,0.2,wave,0.075,3,0.05694444444444444,527,0,0
24,6,2,0.2,wave,0.075,3,0.05694444444444444,519,0,0
24,6,3,0.2,wave,0.075,3,0.05694444444444444,519,0,0
24,6,4,0.2,wave,0.075,3,0.05694444444444444,516,0,0
24,6,5,0.2,wave,0.075,3,0.05694444444444444,513,0,0
24,6,6,0.2,wave,0.075,3,0.05694444444444444,510,0,0
24,6,7,0.2,wave,0.075,3,0.05694444444444444,497,0,0
24,6,8,0.2,wave,0.075,3,0.05694444444444444,501,0,0
24,6,9,0.2,wave,0.075,3,0.05694444444444444,496,0,0
24,6,10,0.2,wave,0.075,3,0.05694444444444444,494,0,0
24,6,11,0.2,wave,0.075,3,0.05694444444444444,491,0,0
24,6,12,0.2,wave,0.075,3,0.05694444444444444,493,0,0
24,6,13,0.2,wave,0.075,3,0.05694444444444444,491,0,0
24,6,14,0.2,wave,0.075,3,0.05694444444444444,489,0,0
24,6,15,0.2,wave,0.075,3,0.05694444444444444,489,0,0
24,6,16,0.2,wave,0.075,3,0.05694444444444444,488,0,0
24,6,17,0.2,wave,0.075,3,0.05694444444444444,484,0,0
24,6,18,0.2,wave,0.075,3,0.05694444444444444,486,0,0
24,6,19,0.2,wave,0.075,3,0.05694444444444444,481,0,0
24,6,20,0.2,wave,0.075,3,0.05694444444444444,755,0,0
24,6,21,0.2,wave,0.075,3,0.05694444444444444,729,0,0
24,6,22,0.2,wave,0.075,3,0.05694444444444444,738,0,0
24,6,23,0.2,wave,0.075,3,0.05694444444444444,720,0,0
24,6,24,0.2,wave,0.075,3,0.05694444444444444,704,0,0
24,6,25,0.2,wave,0.075,3,0.05694444444444444,700,0,0
24,6,26,0.2,wave,0.075,3,0.05694444444444444,691,0,0
24,6,27,0.2,wave,0.075,3,0.05694444444444444,686,0,0
24,6,28,0.2,wave,0.075,3,0.05694444444444444,664,0,0
24,6,29,0.2,wave,0.075,3,0.05694444444444444,656,0,0
24,6,30,0.2,wave,0.075,3,0.05694444444444444,647,0,0
24,6,31,0.2,wave,0.075,3,0.05694444444444444,643,0,0
24,6,32,0.2,wave,0.075,3,0.05694444444444444,646,0,0
24,6,33,0.2,wave,0.075,3,0.05694444444444444,604,0,0
24,6,34,0.2,wave,0.075,3,0.05694444444444444,604,0,0
24,6,35,0.2,wave,0.075,3,0.05694444444444444,605,0,0
24,6,36,0.2,wave,0.075,3,0.05694444444444444,596,0,0
24,6,37,0.2,wave,0.075,3,0.05694444444444444,574,0,0
24,6,38,0.2,wave,0.075,3,0.05694444444444444,552,0,0
24,6,39,0.2,wave,0.075,3,0.05694444444444444,537,0,0
24,6,40,0.2,wave,0.075,3,0.05694444444444444,545,0,0
24,6,41,0.2,wave,0.075,3,0.05694444444444444,533,0,0
24,6,42,0.2,wave,0.075,3,0.05694444444444444,527,0,0
24,6,43,0.2,wave,0.075,3,0.05694444444444444,521,0,0
24,6,44,0.2,wave,0.075,3,0.05694444444444444,509,0,0
24,6,45,0.2,wave,0.075,3,0.05694444444444444,510,0,0
24,6,46,0.2,wave,0.075,3,0.05694444444444444,508,0,0
24,6,47,0.2,wave,0.075,3,0.05694444444444444,507,0,0
24,6,48,0.2,wave,0.075,3,0.05694444444444444,502,0,0
24,6,49,0.2,wave,0.075,3,0.05694444444444444,503,0,0
24,6,50,0.2,wave,0.075,3,0.05694444444444444,501,0,0
24,6,51,0.2,wave,0.075,3,0.05694444444444444,500,0,0
24,6,52,0.2,wave,0.075,3,0.05694444444444444,497,0,0
24,7,1,0.2,wave,0.075,3,0.05694444444444444,492,0,0
24,7,2,0.2,wave,0.075,3,0.05694444444444444,491,0,0
24,7,3,0.2,wave,0.075,3,0.05694444444444444,483,0,0
24,7,4,0.2,wave,0.075,3,0.05694444444444444,485,0,0
24,7,5,0.2,wave,0.075,3,0.05694444444444444,483,0,0
24,7,6,0.2,wave,0.075,3,0.05694444444444444,478,0,0
24,7,7,0.2,wave,0.075,3,0.05694444444444444,477,0,0
24,7,8,0.2,wave,0.075,3,0.05694444444444444,472,0,0
24,7,9,0.2,wave,0.075,3,0.05694444444444444,472,0,0
24,7,10,0.2,wave,0.075,3,0.05694444444444444,471,0,0
24,7,11,0.2,wave,0.075,3,0.05694444444444444,469,0,0
24,7,12,0.2,wave,0.075,3,0.05694444444444444,469,0,0
24,7,13,0.2,wave,0.075,3,0.05694444444444444,467,0,0
24,7,14,0.2,wave,0.075,3,0.05694444444444444,466,0,0
24,7,15,0.2,wave,0.075,3,0.05694444444444444,465,0,0
24,7,16,0.2,wave,0.075,3,0.05694444444444444,462,0,0
24,7,17,0.2,wave,0.075,3,0.05694444444444444,462,0,0
24,7,18,0.2,wave,0.075,3,0.05694444444444444,461,0,0
24,7,19,0.2,wave,0.075,3,0.05694444444444444,462,0,0
24,7,20,0.2,wave,0.075,3,0.05694444444444444,694,0,0
24,7,21,0.2,wave,0.075,3,0.05694444444444444,673,0,0
24,7,22,0.2,wave,0.075,3,0.05694444444444444,678,0,0
24,7,23,0.2,wave,0.075,3,0.05694444444444444,673,0,0
24,7,24,0.2,wave,0.075,3,0.05694444444444444,674,0,0
24,7,25,0.2,wave,0.075,3,0.05694444444444444,659,0,0
24,7,26,0.2,wave,0.075,3,0.05694444444444444,660,0,0
24,7,27,0.2,wave,0.075,3,0.05694444444444444,651,0,0
24,7,28,0.2,wave,0.075,3,0.05694444444444444,636,0,0
24,7,29,0.2,wave,0.075,3,0.05694444444444444,619,0,0
24,7,30,0.2,wave,0.075,3,0.05694444444444444,620,0,0
24,7,31,0.2,wave,0.075,3,0.05694444444444444,595,0,0
24,7,32,0.2,wave,0.075,3,0.05694444444444444,595,0,0
24,7,33,0.2,wave,0.075,3,0.05694444444444444,587,0,0
24,7,34,0.2,wave,0.075,3,0.05694444444444444,580,0,0
24,7,35,0.2,wave,0.075,3,0.05694444444444444,555,0,0
24,7,36,0.2,wave,0.075,3,0.05694444444444444,551,0,0
24,7,37,0.2,wave,0.075,3,0.05694444444444444,535,0,0
24,7,38,0.2,wave,0.075,3,0.05694444444444444,502,0,0
24,7,39,0.2,wave,0.075,3,0.05694444444444444,497,0,0
24,7,40,0.2,wave,0.075,3,0.05694444444444444,497,0,0
24,7,41,0.2,wave,0.075,3,0.05694444444444444,488,0,0
24,7,42,0.2,wave,0.075,3,0.05694444444444444,485,0,0
24,7,43,0.2,wave,0.075,3,0.05694444444444444,482,0,0
24,7,44,0.2,wave,0.075,3,0.05694444444444444,483,0,0
24,7,45,0.2,wave,0.075,3,0.05694444444444444,481,0,0
24,7,46,0.2,wave,0.075,3,0.05694444444444444,477,0,0
24,7,47,0.2,wave,0.075,3,0.05694444444444444,474,0,0
24,7,48,0.2,wave,0.075,3,0.05694444444444444,472,0,0
24,7,49,0.2,wave,0.075,3,0.05694444444444444,465,0,0
24,7,50,0.2,wave,0.075,3,0.05694444444444444,461,0,0
24,7,51,0.2,wave,0.075,3,0.05694444444444444,461,0,0
24,7,52,0.2,wave,0.075,3,0.05694444444444444,453,0,0
24,8,1,0.2,wave,0.075,3,0.05694444444444444,452,0,0
24,8,2,0.2,wave,0.075,3,0.05694444444444444,449,0,0
24,8,3,0.2,wave,0.075,3,0.05694444444444444,450,0,0
24,8,4,0.2,wave,0.075,3,0.05694444444444444,445,0,0
24,8,5,0.2,wave,0.075,3,0.05694444444444444,437,0,0
24,8,6,0.2,wave,0.075,3,0.05694444444444444,424,0,0
24,8,7,0.2,wave,0.075,3,0.05694444444444444,422,0,0
24,8,8,0.2,wave,0.075,3,0.05694444444444444,421,0,0
24,8,9,0.2,wave,0.075,3,0.05694444444444444,419,0,0
24,8,10,0.2,wave,0.075,3,0.05694444444444444,418,0,0
24,8,11,0.2,wave,0.075,3,0.05694444444444444,419,0,0
24,8,12,0.2,wave,0.075,3,0.05694444444444444,419,0,0
24,8,13,0.2,wave,0.075,3,0.05694444444444444,419,0,0
24,8,14,0.2,wave,0.075,3,0.05694444444444444,416,0,0
24,8,15,0.2,wave,0.075,3,0.05694444444444444,418,0,0
24,8,16,0.2,wave,0.075,3,0.05694444444444444,416,0,0
24,8,17,0.2,wave,0.075,3,0.05694444444444444,418,0,0
24,8,18,0.2,wave,0.075,3,0.05694444444444444,417,0,0
24,8,19,0.2,wave,0.075,3,0.05694444444444444,414,0,0
24,8,20,0.2,wave,0.075,3,0.05694444444444444,604,0,0
24,8,21,0.2,wave,0.075,3,0.05694444444444444,587,0,0
24,8,22,0.2,wave,0.075,3,0.05694444444444444,573,0,0
24,8,23,0.2,wave,0.075,3,0.05694444444444444,570,0,0
24,8,24,0.2,wave,0.075,3,0.05694444444444444,574,0,0
24,8,25,0.2,wave,0.075,3,0.05694444444444444,569,0,0
24,8,26,0.2,wave,0.075,3,0.05694444444444444,559,0,0
24,8,27,0.2,wave,0.075,3,0.05694444444444444,555,0,0
24,8,28,0.2,wave,0.075,3,0.05694444444444444,559,0,0
24,8,29,0.2,wave,0.075,3,0.05694444444444444,555,0,0
24,8,30,0.2,wave,0.075,3,0.05694444444444444,559,0,0
24,8,31,0.2,wave,0.075,3,0.05694444444444444,556,0,0
24,8,32,0.2,wave,0.075,3,0.05694444444444444,558,0,0
24,8,33,0.2,wave,0.075,3,0.05694444444444444,554,0,0
24,8,34,0.2,wave,0.075,3,0.05694444444444444,557,0,0
24,8,35,0.2,wave,0.075,3,0.05694444444444444,554,0,0
24,8,36,0.2,wave,0.075,3,0.05694444444444444,558,0,0
24,8,37,0.2,wave,0.075,3,0.05694444444444444,555,0,0
24,8,38,0.2,wave,0.075,3,0.05694444444444444,546,0,0
24,8,39,0.2,wave,0.075,3,0.05694444444444444,541,0,0
24,8,40,0.2,wave,0.075,3,0.05694444444444444,542,0,0
24,8,41,0.2,wave,0.075,3,0.05694444444444444,537,0,0
24,8,42,0.2,wave,0.075,3,0.05694444444444444,536,0,0
24,8,43,0.2,wave,0.075,3,0.05694444444444444,532,0,0
24,8,44,0.2,wave,0.075,3,0.05694444444444444,535,0,0
24,8,45,0.2,wave,0.075,3,0.05694444444444444,530,0,0
24,8,46,0.2,wave,0.075,3,0.05694444444444444,531,0,0
24,8,47,0.2,wave,0.075,3,0.05694444444444444,532,0,0
24,8,48,0.2,wave,0.075,3,0.05694444444444444,532,0,0
24,8,49,0.2,wave,0.075,3,0.05694444444444444,530,0,0
24,8,50,0.2,wave,0.075,3,0.05694444444444444,528,0,0
24,8,51,0.2,wave,0.075,3,0.05694444444444444,529,0,0
24,8,52,0.2,wave,0.075,3,0.05694444444444444,523,0,0
24,9,1,0.2,wave,0.075,3,0.05694444444444444,522,0,0
24,9,2,0.2,wave,0.075,3,0.05694444444444444,517,0,0
24,9,3,0.2,wave,0.075,3,0.05694444444444444,518,0,0
24,9,4,0.2,wave,0.075,3,0.05694444444444444,515,0,0
24,9,5,0.2,wave,0.075,3,0.05694444444444444,519,0,0
24,9,6,0.2,wave,0.075,3,0.05694444444444444,517,0,0
24,9,7,0.2,wave,0.075,3,0.05694444444444444,506,0,0
24,9,8,0.2,wave,0.075,3,0.05694444444444444,504,0,0
24,9,9,0.2,wave,0.075,3,0.05694444444444444,502,0,0
24,9,10,0.2,wave,0.075,3,0.05694444444444444,503,0,0
24,9,11,0.2,wave,0.075,3,0.05694444444444444,500,0,0
24,9,12,0.2,wave,0.075,3,0.05694444444444444,499,0,0
24,9,13,0.2,wave,0.075,3,0.05694444444444444,498,0,0
24,9,14,0.2,wave,0.075,3,0.05694444444444444,500,0,0
24,9,15,0.2,wave,0.075,3,0.05694444444444444,499,0,0
24,9,16,0.2,wave,0.075,3,0.05694444444444444,497,0,0
24,9,17,0.2,wave,0.075,3,0.05694444444444444,498,0,0
24,9,18,0.2,wave,0.075,3,0.05694444444444444,495,0,0
24,9,19,0.2,wave,0.075,3,0.05694444444444444,499,0,0
24,9,20,0.2,wave,0.075,3,0.05694444444444444,690,0,0
24,9,21,0.2,wave,0.075,3,0.05694444444444444,691,0,0
24,9,22,0.2,wave,0.075,3,0.05694444444444444,680,0,0
24,9,23,0.2,wave,0.075,3,0.05694444444444444,679,0,0
24,9,24,0.2,wave,0.075,3,0.05694444444444444,655,0,0
24,9,25,0.2,wave,0.075,3,0.05694444444444444,655,0,0
24,9,26,0.2,wave,0.075,3,0.05694444444444444,651,0,0
24,9,27,0.2,wave,0.075,3,0.05694444444444444,634,0,0
24,9,28,0.2,wave,0.075,3,0.05694444444444444,623,0,0
24,9,29,0.2,wave,0.075,3,0.05694444444444444,622,0,0
24,9,30,0.2,wave,0.075,3,0.05694444444444444,623,0,0
24,9,31,0.2,wave,0.075,3,0.05694444444444444,615,0,0
24,9,32,0.2,wave,0.075,3,0.05694444444444444,620,0,0
24,9,33,0.2,wave,0.075,3,0.05694444444444444,605,0,0
24,9,34,0.2,wave,0.075,3,0.05694444444444444,606,0,0
24,9,35,0.2,wave,0.075,3,0.05694444444444444,594,0,0
24,9,36,0.2,wave,0.075,3,0.05694444444444444,586,0,0
24,9,37,0.2,wave,0.075,3,0.05694444444444444,584,0,0
24,9,38,0.2,wave,0.075,3,0.05694444444444444,586,0,0
24,9,39,0.2,wave,0.075,3,0.05694444444444444,584,0,0
24,9,40,0.2,wave,0.075,3,0.05694444444444444,582,0,0
24,9,41,0.2,wave,0.075,3,0.05694444444444444,581,0,0
24,9,42,0.2,wave,0.075,3,0.05694444444444444,581,0,0
24,9,43,0.2,wave,0.075,3,0.05694444444444444,572,0,0
24,9,44,0.2,wave,0.075,3,0.05694444444444444,576,0,0
24,9,45,0.2,wave,0.075,3,0.05694444444444444,572,0,0
24,9,46,0.2,wave,0.075,3,0.05694444444444444,574,0,0
24,9,47,0.2,wave,0.075,3,0.05694444444444444,568,0,0
24,9,48,0.2,wave,0.075,3,0.05694444444444444,571,0,0
24,9,49,0.2,wave,0.075,3,0.05694444444444444,568,0,0
24,9,50,0.2,wave,0.075,3,0.05694444444444444,567,0,0
24,9,51,0.2,wave,0.075,3,0.05694444444444444,566,0,0
24,9,52,0.2,wave,0.075,3,0.05694444444444444,565,0,0
24,10,1,0.2,wave,0.075,3,0.05694444444444444,563,0,0
24,10,2,0.2,wave,0.075,3,0.05694444444444444,563,0,0
24,10,3,0.2,wave,0.075,3,0.05694444444444444,561,0,0
24,10,4,0.2,wave,0.075,3,0.05694444444444444,562,0,0
24,10,5,0.2,wave,0.075,3,0.05694444444444444,560,0,0
24,10,6,0.2,wave,0.075,3,0.05694444444444444,562,0,0
24,10,7,0.2,wave,0.075,3,0.05694444444444444,556,0,0
24,10,8,0.2,wave,0.075,3,0.05694444444444444,555,0,0
24,10,9,0.2,wave,0.075,3,0.05694444444444444,552,0,0
24,10,10,0.2,wave,0.075,3,0.05694444444444444,554,0,0
24,10,11,0.2,wave,0.075,3,0.05694444444444444,550,0,0
24,10,12,0.2,wave,0.075,3,0.05694444444444444,552,0,0
24,10,13,0.2,wave,0.075,3,0.05694444444444444,549,0,0
24,10,14,0.2,wave,0.075,3,0.05694444444444444,553,0,0
24,10,15,0.2,wave,0.075,3,0.05694444444444444,549,0,0
24,10,16,0.2,wave,0.075,3,0.05694444444444444,551,0,0
24,10,17,0.2,wave,0.075,3,0.05694444444444444,548,0,0
24,10,18,0.2,wave,0.075,3,0.05694444444444444,550,0,0
24,10,19,0.2,wave,0.075,3,0.05694444444444444,548,0,0
24,10,20,0.2,wave,0.075,3,0.05694444444444444,779,0,0
24,10,21,0.2,wave,0.075,3,0.05694444444444444,773,0,0
24,10,22,0.2,wave,0.075,3,0.05694444444444444,769,0,0
24,10,23,0.2,wave,0.075,3,0.05694444444444444,762,0,0
24,10,24,0.2,wave,0.075,3,0.05694444444444444,746,0,0
24,10,25,0.2,wave,0.075,3,0.05694444444444444,740,0,0
24,10,26,0.2,wave,0.075,3,0.05694444444444444,744,0,0
24,10,27,0.2,wave,0.075,3,0.05694444444444444,714,0,0
24,10,28,0.2,wave,0.075,3,0.05694444444444444,710,0,0
24,10,29,0.2,wave,0.075,3,0.05694444444444444,703,0,0
24,10,30,0.2,wave,0.075,3,0.05694444444444444,709,0,0
24,10,31,0.2,wave,0.075,3,0.05694444444444444,701,0,0
24,10,32,0.2,wave,0.075,3,0.05694444444444444,707,0,0
24,10,33,0.2,wave,0.075,3,0.05694444444444444,688,0,0
24,10,34,0.2,wave,0.075,3,0.05694444444444444,695,0,0
24,10,35,0.2,wave,0.075,3,0.05694444444444444,666,0,0
24,10,36,0.2,wave,0.075,3,0.05694444444444444,672,0,0
24,10,37,0.2,wave,0.075,3,0.05694444444444444,667,0,0
24,10,38,0.2,wave,0.075,3,0.05694444444444444,674,0,0
24,10,39,0.2,wave,0.075,3,0.05694444444444444,667,0,0
24,10,40,0.2,wave,0.075,3,0.05694444444444444,672,0,0
24,10,41,0.2,wave,0.075,3,0.05694444444444444,662,0,0
24,10,42,0.2,wave,0.075,3,0.05694444444444444,659,0,0
24,10,43,0.2,wave,0.075,3,0.05694444444444444,657,0,0
24,10,44,0.2,wave,0.075,3,0.05694444444444444,639,0,0
24,10,45,0.2,wave,0.075,3,0.05694444444444444,646,0,0
24,10,46,0.2,wave,0.075,3,0.05694444444444444,644,0,0
24,10,47,0.2,wave,0.075,3,0.05694444444444444,641,0,0
24,10,48,0.2,wave,0.075,3,0.05694444444444444,634,0,0
24,10,49,0.2,wave,0.075,3,0.05694444444444444,637,0,0
24,10,50,0.2,wave,0.075,3,0.05694444444444444,628,0,0
24,10,51,0.2,wave,0.075,3,0.05694444444444444,623,0,0
24,10,52,0.2,wave,0.075,3,0.05694444444444444,620,0,0
25,1,1,0.2,wave,0.075,3,0.028055555555555556,6499,65,17
25,1,2,0.2,wave,0.075,3,0.028055555555555556,6407,94,26
25,1,3,0.2,wave,0.075,3,0.028055555555555556,6279,136,45
25,1,4,0.2,wave,0.075,3,0.028055555555555556,6037,155,46
25,1,5,0.2,wave,0.075,3,0.028055555555555556,5825,188,63
25,1,6,0.2,wave,0.075,3,0.028055555555555556,5626,221,76
25,1,7,0.2,wave,0.075,3,0.028055555555555556,5394,278,105
25,1,8,0.2,wave,0.075,3,0.028055555555555556,5208,307,122
25,1,9,0.2,wave,0.075,3,0.028055555555555556,4870,343,139
25,1,10,0.2,wave,0.075,3,0.028055555555555556,4648,363,147
25,1,11,0.2,wave,0.075,3,0.028055555555555556,4383,417,169
25,1,12,0.2,wave,0.075,3,0.028055555555555556,4210,452,181
25,1,13,0.2,wave,0.075,3,0.028055555555555556,4035,469,206
25,1,14,0.2,wave,0.075,3,0.028055555555555556,3897,475,207
25,1,15,0.2,wave,0.075,3,0.028055555555555556,3741,461,216
25,1,16,0.2,wave,0.075,3,0.028055555555555556,3604,476,238
25,1,17,0.2,wave,0.075,3,0.028055555555555556,3482,475,252
25,1,18,0.2,wave,0.075,3,0.028055555555555556,3304,457,231
25,1,19,0.2,wave,0.075,3,0.028055555555555556,3173,415,206
25,1,20,0.2,wave,0.075,3,0.028055555555555556,4603,381,194
25,1,21,0.2,wave,0.075,3,0.028055555555555556,4272,419,190
25,1,22,0.2,wave,0.075,3,0.028055555555555556,4068,436,188
25,1,23,0.2,wave,0.075,3,0.028055555555555556,3956,439,189
25,1,24,0.2,wave,0.075,3,0.028055555555555556,3834,455,218
25,1,25,0.2,wave,0.075,3,0.028055555555555556,3749,447,203
25,1,26,0.2,wave,0.075,3,0.028055555555555556,3591,430,198
25,1,27,0.2,wave,0.075,3,0.028055555555555556,3498,422,201
25,1,28,0.2,wave,0.075,3,0.028055555555555556,3346,424,214
25,1,29,0.2,wave,0.075,3,0.028055555555555556,3272,448,204
25,1,30,0.2,wave,0.075,3,0.028055555555555556,3143,436,189
25,1,31,0.2,wave,0.075,3,0.028055555555555556,3055,437,190
25,1,32,0.2,wave,0.075,3,0.028055555555555556,2995,460,222
25,1,33,0.2,wave,0.075,3,0.028055555555555556,2880,430,221
25,1,34,0.2,wave,0.075,3,0.028055555555555556,2754,426,207
25,1,35,0.2,wave,0.075,3,0.028055555555555556,2626,412,194
25,1,36,0.2,wave,0.075,3,0.028055555555555556,2493,382,182
25,1,37,0.2,wave,0.075,3,0.028055555555555556,2436,398,189
25,1,38,0.2,wave,0.075,3,0.028055555555555556,2336,383,179
25,1,39,0.2,wave,0.075,3,0.028055555555555556,2229,358,168
25,1,40,0.2,wave,0.075,3,0.028055555555555556,2169,345,172
25,1,41,0.2,wave,0.075,3,0.028055555555555556,2105,324,174
25,1,42,0.2,wave,0.075,3,0.028055555555555556,2032,329,160
25,1,43,0.2,wave,0.075,3,0.028055555555555556,1951,315,145
25,1,44,0.2,wave,0.075,3,0.028055555555555556,1855,289,138
25,1,45,0.2,wave,0.075,3,0.028055555555555556,1787,275,148
25,1,46,0.2,wave,0.075,3,0.028055555555555556,1721,253,138
25,1,47,0.2,wave,0.075,3,0.028055555555555556,1656,219,109
25,1,48,0.2,wave,0.075,3,0.028055555555555556,1590,188,104
25,1,49,0.2,wave,0.075,3,0.028055555555555556,1524,162,95
25,1,50,0.2,wave,0.075,3,0.028055555555555556,1477,160,91
25,1,51,0.2,wave,0.075,3,0.028055555555555556,1422,127,73
25,1,52,0.2,wave,0.075,3,0.028055555555555556,1389,120,61
25,2,1,0.2,wave,0.075,3,0.028055555555555556,1363,104,57
25,2,2,0.2,wave,0.075,3,0.028055555555555556,1320,86,52
25,2,3,0.2,wave,0.075,3,0.028055555555555556,1302,83,50
25,2,4,0.2,wave,0.075,3,0.028055555555555556,1268,73,51
25,2,5,0.2,wave,0.075,3,0.028055555555555556,1243,54,35
25,2,6,0.2,wave,0.075,3,0.028055555555555556,1218,45,25
25,2,7,0.2,wave,0.075,3,0.028055555555555556,1195,32,18
25,2,8,0.2,wave,0.075,3,0.028055555555555556,1177,32,18
25,2,9,0.2,wave,0.075,3,0.028055555555555556,1167,30,20
25,2,10,0.2,wave,0.075,3,0.028055555555555556,1153,20,12
25,2,11,0.2,wave,0.075,3,0.028055555555555556,1149,20,14
25,2,12,0.2,wave,0.075,3,0.028055555555555556,1136,21,12
25,2,13,0.2,wave,0.075,3,0.028055555555555556,1126,20,11
25,2,14,0.2,wave,0.075,3,0.028055555555555556,1103,21,9
25,2,15,0.2,wave,0.075,3,0.028055555555555556,1095,19,10
25,2,16,0.2,wave,0.075,3,0.028055555555555556,1084,20,12
25,2,17,0.2,wave,0.075,3,0.028055555555555556,1077,18,13
25,2,18,0.2,wave,0.075,3,0.028055555555555556,1042,15,10
25,2,19,0.2,wave,0.075,3,0.028055555555555556,1046,16,8
25,2,20,0.2,wave,0.075,3,0.028055555555555556,1512,12,6
25,2,21,0.2,wave,0.075,3,0.028055555555555556,1502,11,6
25,2,22,0.2,wave,0.075,3,0.028055555555555556,1455,7,5
25,2,23,0.2,wave,0.075,3,0.028055555555555556,1454,6,5
25,2,24,0.2,wave,0.075,3,0.028055555555555556,1448,9,5
25,2,25,0.2,wave,0.075,3,0.028055555555555556,1450,9,4
25,2,26,0.2,wave,0.075,3,0.028055555555555556,1423,8,3
25,2,27,0.2,wave,0.075,3,0.028055555555555556,1416,8,3
25,2,28,0.2,wave,0.075,3,0.028055555555555556,1393,8,3
25,2,29,0.2,wave,0.075,3,0.028055555555555556,1384,7,4
25,2,30,0.2,wave,0.075,3,0.028055555555555556,1379,7,4
25,2,31,0.2,wave,0.075,3,0.028055555555555556,1345,7,3
25,2,32,0.2,wave,0.075,3,0.028055555555555556,1335,6,2
25,2,33,0.2,wave,0.075,3,0.028055555555555556,1323,5,2
25,2,34,0.2,wave,0.075,3,0.028055555555555556,1306,7,3
25,2,35,0.2,wave,0.075,3,0.028055555555555556,1294,11,3
25,2,36,0.2,wave,0.075,3,0.028055555555555556,1251,14,3
25,2,37,0.2,wave,0.075,3,0.028055555555555556,1251,14,5
25,2,38,0.2,wave,0.075,3,0.028055555555555556,1235,14,6
25,2,39,0.2,wave,0.075,3,0.028055555555555556,1252,20,7
25,2,40,0.2,wave,0.075,3,0.028055555555555556,1229,20,7
25,2,41,0.2,wave,0.075,3,0.028055555555555556,1213,20,10
25,2,42,0.2,wave,0.075,3,0.028055555555555556,1168,20,13
25,2,43,0.2,wave,0.075,3,0.028055555555555556,1157,22,15
25,2,44,0.2,wave,0.075,3,0.028055555555555556,1141,18,10
25,2,45,0.2,wave,0.075,3,0.028055555555555556,1133,12,7
25,2,46,0.2,wave,0.075,3,0.028055555555555556,1111,9,4
25,2,47,0.2,wave,0.075,3,0.028055555555555556,1106,8,6
25,2,48,0.2,wave,0.075,3,0.028055555555555556,1096,6,4
25,2,49,0.2,wave,0.075,3,0.028055555555555556,1079,6,3
25,2,50,0.2,wave,0.075,3,0.028055555555555556,1060,5,1
25,2,51,0.2,wave,0.075,3,0.028055555555555556,1056,4,1
25,2,52,0.2,wave,0.075,3,0.028055555555555556,1036,5,2
25,3,1,0.2,wave,0.075,3,0.028055555555555556,1025,7,3
25,3,2,0.2,wave,0.075,3,0.028055555555555556,1016,6,2
25,3,3,0.2,wave,0.075,3,0.028055555555555556,1011,5,4
25,3,4,0.2,wave,0.075,3,0.028055555555555556,1007,4,3
25,3,5,0.2,wave,0.075,3,0.028055555555555556,999,5,3
25,3,6,0.2,wave,0.075,3,0.028055555555555556,989,3,0
25,3,7,0.2,wave,0.075,3,0.028055555555555556,982,3,2
25,3,8,0.2,wave,0.075,3,0.028055555555555556,965,3,2
25,3,9,0.2,wave,0.075,3,0.028055555555555556,951,3,2
25,3,10,0.2,wave,0.075,3,0.028055555555555556,942,1,0
25,3,11,0.2,wave,0.075,3,0.028055555555555556,934,1,0
25,3,12,0.2,wave,0.075,3,0.028055555555555556,933,1,1
25,3,13,0.2,wave,0.075,3,0.028055555555555556,922,1,1
25,3,14,0.2,wave,0.075,3,0.028055555555555556,919,2,1
25,3,15,0.2,wave,0.075,3,0.028055555555555556,915,1,1
25,3,16,0.2,wave,0.075,3,0.028055555555555556,912,2,1
25,3,17,0.2,wave,0.075,3,0.028055555555555556,901,2,1
25,3,18,0.2,wave,0.075,3,0.028055555555555556,894,1,0
25,3,19,0.2,wave,0.075,3,0.028055555555555556,892,1,0
25,3,20,0.2,wave,0.075,3,0.028055555555555556,1325,1,1
25,3,21,0.2,wave,0.075,3,0.028055555555555556,1329,1,1
25,3,22,0.2,wave,0.075,3,0.028055555555555556,1313,1,1
25,3,23,0.2,wave,0.075,3,0.028055555555555556,1295,1,0
25,3,24,0.2,wave,0.075,3,0.028055555555555556,1281,1,0
25,3,25,0.2,wave,0.075,3,0.028055555555555556,1285,1,0
25,3,26,0.2,wave,0.075,3,0.028055555555555556,1242,1,1
25,3,27,0.2,wave,0.075,3,0.028055555555555556,1213,1,1
25,3,28,0.2,wave,0.075,3,0.028055555555555556,1203,1,1
25,3,29,0.2,wave,0.075,3,0.028055555555555556,1189,0,0
25,3,30,0.2,wave,0.075,3,0.028055555555555556,1167,0,0
25,3,31,0.2,wave,0.075,3,0.028055555555555556,1148,0,0
25,3,32,0.2,wave,0.075,3,0.028055555555555556,1123,0,0
25,3,33,0.2,wave,0.075,3,0.028055555555555556,1109,0,0
25,3,34,0.2,wave,0.075,3,0.028055555555555556,1095,0,0
25,3,35,0.2,wave,0.075,3,0.028055555555555556,1082,0,0
25,3,36,0.2,wave,0.075,3,0.028055555555555556,1062,0,0
25,3,37,0.2,wave,0.075,3,0.028055555555555556,1049,0,0
25,3,38,0.2,wave,0.075,3,0.028055555555555556,1028,0,0
25,3,39,0.2,wave,0.075,3,0.028055555555555556,1002,0,0
25,3,40,0.2,wave,0.075,3,0.028055555555555556,1006,0,0
25,3,41,0.2,wave,0.075,3,0.028055555555555556,1008,0,0
25,3,42,0.2,wave,0.075,3,0.028055555555555556,995,0,0
25,3,43,0.2,wave,0.075,3,0.028055555555555556,985,0,0
25,3,44,0.2,wave,0.075,3,0.028055555555555556,974,0,0
25,3,45,0.2,wave,0.075,3,0.028055555555555556,949,0,0
25,3,46,0.2,wave,0.075,3,0.028055555555555556,944,0,0
25,3,47,0.2,wave,0.075,3,0.028055555555555556,915,0,0
25,3,48,0.2,wave,0.075,3,0.028055555555555556,912,0,0
25,3,49,0.2,wave,0.075,3,0.028055555555555556,899,0,0
25,3,50,0.2,wave,0.075,3,0.028055555555555556,892,0,0
25,3,51,0.2,wave,0.075,3,0.028055555555555556,887,0,0
25,3,52,0.2,wave,0.075,3,0.028055555555555556,876,0,0
25,4,1,0.2,wave,0.075,3,0.028055555555555556,874,0,0
25,4,2,0.2,wave,0.075,3,0.028055555555555556,864,0,0
25,4,3,0.2,wave,0.075,3,0.028055555555555556,859,0,0
25,4,4,0.2,wave,0.075,3,0.028055555555555556,856,0,0
25,4,5,0.2,wave,0.075,3,0.028055555555555556,845,0,0
25,4,6,0.2,wave,0.075,3,0.028055555555555556,837,0,0
25,4,7,0.2,wave,0.075,3,0.028055555555555556,831,0,0
25,4,8,0.2,wave,0.075,3,0.028055555555555556,809,0,0
25,4,9,0.2,wave,0.075,3,0.028055555555555556,799,0,0
25,4,10,0.2,wave,0.075,3,0.028055555555555556,794,0,0
25,4,11,0.2,wave,0.075,3,0.028055555555555556,788,0,0
25,4,12,0.2,wave,0.075,3,0.028055555555555556,785,0,0
25,4,13,0.2,wave,0.075,3,0.028055555555555556,779,0,0
25,4,14,0.2,wave,0.075,3,0.028055555555555556,778,0,0
25,4,15,0.2,wave,0.075,3,0.028055555555555556,779,0,0
25,4,16,0.2,wave,0.075,3,0.028055555555555556,773,0,0
25,4,17,0.2,wave,0.075,3,0.028055555555555556,771,0,0
25,4,18,0.2,wave,0.075,3,0.028055555555555556,766,0,0
25,4,19,0.2,wave,0.075,3,0.028055555555555556,767,0,0
25,4,20,0.2,wave,0.075,3,0.028055555555555556,1123,0,0
25,4,21,0.2,wave,0.075,3,0.028055555555555556,1115,0,0
25,4,22,0.2,wave,0.075,3,0.028055555555555556,1085,0,0
25,4,23,0.2,wave,0.075,3,0.028055555555555556,1088,0,0
25,4,24,0.2,wave,0.075,3,0.028055555555555556,1078,0,0
25,4,25,0.2,wave,0.075,3,0.028055555555555556,1095,0,0
25,4,26,0.2,wave,0.075,3,0.028055555555555556,1081,0,0
25,4,27,0.2,wave,0.075,3,0.028055555555555556,1070,0,0
25,4,28,0.2,wave,0.075,3,0.028055555555555556,1024,0,0
25,4,29,0.2,wave,0.075,3,0.028055555555555556,1025,0,0
25,4,30,0.2,wave,0.075,3,0.028055555555555556,1004,0,0
25,4,31,0.2,wave,0.075,3,0.028055555555555556,1014,0,0
25,4,32,0.2,wave,0.075,3,0.028055555555555556,987,0,0
25,4,33,0.2,wave,0.075,3,0.028055555555555556,985,0,0
25,4,34,0.2,wave,0.075,3,0.028055555555555556,947,0,0
25,4,35,0.2,wave,0.075,3,0.028055555555555556,946,0,0
25,4,36,0.2,wave,0.075,3,0.028055555555555556,932,0,0
25,4,37,0.2,wave,0.075,3,0.028055555555555556,933,0,0
25,4,38,0.2,wave,0.075,3,0.028055555555555556,886,0,0
25,4,39,0.2,wave,0.075,3,0.028055555555555556,884,0,0
25,4,40,0.2,wave,0.075,3,0.028055555555555556,878,0,0
25,4,41,0.2,wave,0.075,3,0.028055555555555556,878,0,0
25,4,42,0.2,wave,0.075,3,0.028055555555555556,864,0,0
25,4,43,0.2,wave,0.075,3,0.028055555555555556,859,0,0
25,4,44,0.2,wave,0.075,3,0.028055555555555556,852,0,0
25,4,45,0.2,wave,0.075,3,0.028055555555555556,850,0,0
25,4,46,0.2,wave,0.075,3,0.028055555555555556,846,0,0
25,4,47,0.2,wave,0.075,3,0.028055555555555556,839,0,0
25,4,48,0.2,wave,0.075,3,0.028055555555555556,810,0,0
25,4,49,0.2,wave,0.075,3,0.028055555555555556,811,0,0
25,4,50,0.2,wave,0.075,3,0.028055555555555556,801,0,0
25,4,51,0.2,wave,0.075,3,0.028055555555555556,800,0,0
25,4,52,0.2,wave,0.075,3,0.028055555555555556,788,0,0
25,5,1,0.2,wave,0.075,3,0.028055555555555556,791,0,0
25,5,2,0.2,wave,0.075,3,0.028055555555555556,776,0,0
25,5,3,0.2,wave,0.075,3,0.028055555555555556,774,0,0
25,5,4,0.2,wave,0.075,3,0.028055555555555556,760,0,0
25,5,5,0.2,wave,0.075,3,0.028055555555555556,764,0,0
25,5,6,0.2,wave,0.075,3,0.028055555555555556,755,0,0
25,5,7,0.2,wave,0.075,3,0.028055555555555556,756,0,0
25,5,8,0.2,wave,0.075,3,0.028055555555555556,747,0,0
25,5,9,0.2,wave,0.075,3,0.028055555555555556,749,0,0
25,5,10,0.2,wave,0.075,3,0.028055555555555556,745,0,0
25,5,11,0.2,wave,0.075,3,0.028055555555555556,737,0,0
25,5,12,0.2,wave,0.075,3,0.028055555555555556,731,0,0
25,5,13,0.2,wave,0.075,3,0.028055555555555556,730,0,0
25,5,14,0.2,wave,0.075,3,0.028055555555555556,725,0,0
25,5,15,0.2,wave,0.075,3,0.028055555555555556,726,0,0
25,5,16,0.2,wave,0.075,3,0.028055555555555556,722,0,0
25,5,17,0.2,wave,0.075,3,0.028055555555555556,723,0,0
25,5,18,0.2,wave,0.075,3,0.028055555555555556,719,0,0
25,5,19,0.2,wave,0.075,3,0.028055555555555556,721,0,0
25,5,20,0.2,wave,0.075,3,0.028055555555555556,1054,0,0
25,5,21,0.2,wave,0.075,3,0.028055555555555556,1017,0,0
25,5,22,0.2,wave,0.075,3,0.028055555555555556,1004,0,0
25,5,23,0.2,wave,0.075,3,0.028055555555555556,1004,0,0
25,5,24,0.2,wave,0.075,3,0.028055555555555556,1000,0,0
25,5,25,0.2,wave,0.075,3,0.028055555555555556,979,0,0
25,5,26,0.2,wave,0.075,3,0.028055555555555556,976,0,0
25,5,27,0.2,wave,0.075,3,0.028055555555555556,975,0,0
25,5,28,0.2,wave,0.075,3,0.028055555555555556,983,0,0
25,5,29,0.2,wave,0.075,3,0.028055555555555556,965,0,0
25,5,30,0.2,wave,0.075,3,0.028055555555555556,963,0,0
25,5,31,0.2,wave,0.075,3,0.028055555555555556,946,0,0
25,5,32,0.2,wave,0.075,3,0.028055555555555556,936,0,0
25,5,33,0.2,wave,0.075,3,0.028055555555555556,903,0,0
25,5,34,0.2,wave,0.075,3,0.028055555555555556,899,0,0
25,5,35,0.2,wave,0.075,3,0.028055555555555556,862,0,0
25,5,36,0.2,wave,0.075,3,0.028055555555555556,863,0,0
25,5,37,0.2,wave,0.075,3,0.028055555555555556,870,0,0
25,5,38,0.2,wave,0.075,3,0.028055555555555556,853,0,0
25,5,39,0.2,wave,0.075,3,0.028055555555555556,854,0,0
25,5,40,0.2,wave,0.075,3,0.028055555555555556,846,0,0
25,5,41,0.2,wave,0.075,3,0.028055555555555556,824,0,0
25,5,42,0.2,wave,0.075,3,0.028055555555555556,817,0,0
25,5,43,0.2,wave,0.075,3,0.028055555555555556,809,0,0
25,5,44,0.2,wave,0.075,3,0.028055555555555556,807,0,0
25,5,45,0.2,wave,0.075,3,0.028055555555555556,799,0,0
25,5,46,0.2,wave,0.075,3,0.028055555555555556,797,0,0
25,5,47,0.2,wave,0.075,3,0.028055555555555556,791,0,0
25,5,48,0.2,wave,0.075,3,0.028055555555555556,782,0,0
25,5,49,0.2,wave,0.075,3,0.028055555555555556,773,0,0
25,5,50,0.2,wave,0.075,3,0.028055555555555556,768,0,0
25,5,51,0.2,wave,0.075,3,0.028055555555555556,763,0,0
25,5,52,0.2,wave,0.075,3,0.028055555555555556,740,0,0
25,6,1,0.2,wave,0.075,3,0.028055555555555556,728,0,0
25,6,2,0.2,wave,0.075,3,0.028055555555555556,725,0,0
25,6,3,0.2,wave,0.075,3,0.028055555555555556,723,0,0
25,6,4,0.2,wave,0.075,3,0.028055555555555556,723,0,0
25,6,5,0.2,wave,0.075,3,0.028055555555555556,716,0,0
25,6,6,0.2,wave,0.075,3,0.028055555555555556,714,0,0
25,6,7,0.2,wave,0.075,3,0.028055555555555556,711,0,0
25,6,8,0.2,wave,0.075,3,0.028055555555555556,709,0,0
25,6,9,0.2,wave,0.075,3,0.028055555555555556,709,0,0
25,6,10,0.2,wave,0.075,3,0.028055555555555556,709,0,0
25,6,11,0.2,wave,0.075,3,0.028055555555555556,707,0,0
25,6,12,0.2,wave,0.075,3,0.028055555555555556,705,0,0
25,6,13,0.2,wave,0.075,3,0.028055555555555556,706,0,0
25,6,14,0.2,wave,0.075,3,0.028055555555555556,704,0,0
25,6,15,0.2,wave,0.075,3,0.028055555555555556,691,0,0
25,6,16,0.2,wave,0.075,3,0.028055555555555556,689,0,0
25,6,17,0.2,wave,0.075,3,0.028055555555555556,689,0,0
25,6,18,0.2,wave,0.075,3,0.028055555555555556,687,0,0
25,6,19,0.2,wave,0.075,3,0.028055555555555556,689,0,0
25,6,20,0.2,wave,0.075,3,0.028055555555555556,1021,0,0
25,6,21,0.2,wave,0.075,3,0.028055555555555556,1028,0,0
25,6,22,0.2,wave,0.075,3,0.028055555555555556,1018,0,0
25,6,23,0.2,wave,0.075,3,0.028055555555555556,999,0,0
25,6,24,0.2,wave,0.075,3,0.028055555555555556,992,0,0
25,6,25,0.2,wave,0.075,3,0.028055555555555556,973,0,0
25,6,26,0.2,wave,0.075,3,0.028055555555555556,981,0,0
25,6,27,0.2,wave,0.075,3,0.028055555555555556,970,0,0
25,6,28,0.2,wave,0.075,3,0.028055555555555556,950,0,0
25,6,29,0.2,wave,0.075,3,0.028055555555555556,938,0,0
25,6,30,0.2,wave,0.075,3,0.028055555555555556,949,0,0
25,6,31,0.2,wave,0.075,3,0.028055555555555556,936,0,0
25,6,32,0.2,wave,0.075,3,0.028055555555555556,933,0,0
25,6,33,0.2,wave,0.075,3,0.028055555555555556,920,0,0
25,6,34,0.2,wave,0.075,3,0.028055555555555556,910,0,0
25,6,35,0.2,wave,0.075,3,0.028055555555555556,886,0,0
25,6,36,0.2,wave,0.075,3,0.028055555555555556,881,0,0
25,6,37,0.2,wave,0.075,3,0.028055555555555556,852,0,0
25,6,38,0.2,wave,0.075,3,0.028055555555555556,855,0,0
25,6,39,0.2,wave,0.075,3,0.028055555555555556,840,0,0
25,6,40,0.2,wave,0.075,3,0.028055555555555556,848,0,0
25,6,41,0.2,wave,0.075,3,0.028055555555555556,831,0,0
25,6,42,0.2,wave,0.075,3,0.028055555555555556,831,0,0
25,6,43,0.2,wave,0.075,3,0.028055555555555556,805,0,0
25,6,44,0.2,wave,0.075,3,0.028055555555555556,812,0,0
25,6,45,0.2,wave,0.075,3,0.028055555555555556,796,0,0
25,6,46,0.2,wave,0.075,3,0.028055555555555556,799,0,0
25,6,47,0.2,wave,0.075,3,0.028055555555555556,788,0,0
25,6,48,0.2,wave,0.075,3,0.028055555555555556,790,0,0
25,6,49,0.2,wave,0.075,3,0.028055555555555556,780,0,0
25,6,50,0.2,wave,0.075,3,0.028055555555555556,783,0,0
25,6,51,0.2,wave,0.075,3,0.028055555555555556,775,0,0
25,6,52,0.2,wave,0.075,3,0.028055555555555556,775,0,0
25,7,1,0.2,wave,0.075,3,0.028055555555555556,757,0,0
25,7,2,0.2,wave,0.075,3,0.028055555555555556,757,0,0
25,7,3,0.2,wave,0.075,3,0.028055555555555556,750,0,0
25,7,4,0.2,wave,0.075,3,0.028055555555555556,752,0,0
25,7,5,0.2,wave,0.075,3,0.028055555555555556,743,0,0
25,7,6,0.2,wave,0.075,3,0.028055555555555556,745,0,0
25,7,7,0.2,wave,0.075,3,0.028055555555555556,735,0,0
25,7,8,0.2,wave,0.075,3,0.028055555555555556,722,0,0
25,7,9,0.2,wave,0.075,3,0.028055555555555556,713,0,0
25,7,10,0.2,wave,0.075,3,0.028055555555555556,716,0,0
25,7,11,0.2,wave,0.075,3,0.028055555555555556,711,0,0
25,7,12,0.2,wave,0.075,3,0.028055555555555556,715,0,0
25,7,13,0.2,wave,0.075,3,0.028055555555555556,707,0,0
25,7,14,0.2,wave,0.075,3,0.028055555555555556,713,0,0
25,7,15,0.2,wave,0.075,3,0.028055555555555556,703,0,0
25,7,16,0.2,wave,0.075,3,0.028055555555555556,710,0,0
25,7,17,0.2,wave,0.075,3,0.028055555555555556,703,0,0
25,7,18,0.2,wave,0.075,3,0.028055555555555556,708,0,0
25,7,19,0.2,wave,0.075,3,0.028055555555555556,701,0,0
25,7,20,0.2,wave,0.075,3,0.028055555555555556,1045,0,0
25,7,21,0.2,wave,0.075,3,0.028055555555555556,994,0,0
25,7,22,0.2,wave,0.075,3,0.028055555555555556,962,0,0
25,7,23,0.2,wave,0.075,3,0.028055555555555556,946,0,0
25,7,24,0.2,wave,0.075,3,0.028055555555555556,933,0,0
25,7,25,0.2,wave,0.075,3,0.028055555555555556,903,0,0
25,7,26,0.2,wave,0.075,3,0.028055555555555556,862,0,0
25,7,27,0.2,wave,0.075,3,0.028055555555555556,853,0,0
25,7,28,0.2,wave,0.075,3,0.028055555555555556,825,0,0
25,7,29,0.2,wave,0.075,3,0.028055555555555556,821,0,0
25,7,30,0.2,wave,0.075,3,0.028055555555555556,817,0,0
25,7,31,0.2,wave,0.075,3,0.028055555555555556,809,0,0
25,7,32,0.2,wave,0.075,3,0.028055555555555556,803,0,0
25,7,33,0.2,wave,0.075,3,0.028055555555555556,801,0,0
25,7,34,0.2,wave,0.075,3,0.028055555555555556,796,0,0
25,7,35,0.2,wave,0.075,3,0.028055555555555556,785,0,0
25,7,36,0.2,wave,0.075,3,0.028055555555555556,774,0,0
25,7,37,0.2,wave,0.075,3,0.028055555555555556,768,0,0
25,7,38,0.2,wave,0.075,3,0.028055555555555556,765,0,0
25,7,39,0.2,wave,0.075,3,0.028055555555555556,740,0,0
25,7,40,0.2,wave,0.075,3,0.028055555555555556,734,0,0
25,7,41,0.2,wave,0.075,3,0.028055555555555556,741,0,0
25,7,42,0.2,wave,0.075,3,0.028055555555555556,730,0,0
25,7,43,0.2,wave,0.075,3,0.028055555555555556,737,0,0
25,7,44,0.2,wave,0.075,3,0.028055555555555556,710,0,0
25,7,45,0.2,wave,0.075,3,0.028055555555555556,718,0,0
25,7,46,0.2,wave,0.075,3,0.028055555555555556,706,0,0
25,7,47,0.2,wave,0.075,3,0.028055555555555556,715,0,0
25,7,48,0.2,wave,0.075,3,0.028055555555555556,698,0,0
25,7,49,0.2,wave,0.075,3,0.028055555555555556,702,0,0
25,7,50,0.2,wave,0.075,3,0.028055555555555556,687,0,0
25,7,51,0.2,wave,0.075,3,0.028055555555555556,690,0,0
25,7,52,0.2,wave,0.075,3,0.028055555555555556,671,0,0
25,8,1,0.2,wave,0.075,3,0.028055555555555556,661,0,0
25,8,2,0.2,wave,0.075,3,0.028055555555555556,651,0,0
25,8,3,0.2,wave,0.075,3,0.028055555555555556,654,0,0
25,8,4,0.2,wave,0.075,3,0.028055555555555556,645,0,0
25,8,5,0.2,wave,0.075,3,0.028055555555555556,638,0,0
25,8,6,0.2,wave,0.075,3,0.028055555555555556,628,0,0
25,8,7,0.2,wave,0.075,3,0.028055555555555556,633,0,0
25,8,8,0.2,wave,0.075,3,0.028055555555555556,625,0,0
25,8,9,0.2,wave,0.075,3,0.028055555555555556,628,0,0
25,8,10,0.2,wave,0.075,3,0.028055555555555556,620,0,0
25,8,11,0.2,wave,0.075,3,0.028055555555555556,627,0,0
25,8,12,0.2,wave,0.075,3,0.028055555555555556,618,0,0
25,8,13,0.2,wave,0.075,3,0.028055555555555556,625,0,0
25,8,14,0.2,wave,0.075,3,0.028055555555555556,618,0,0
25,8,15,0.2,wave,0.075,3,0.028055555555555556,626,0,0
25,8,16,0.2,wave,0.075,3,0.028055555555555556,619,0,0
25,8,17,0.2,wave,0.075,3,0.028055555555555556,625,0,0
25,8,18,0.2,wave,0.075,3,0.028055555555555556,619,0,0
25,8,19,0.2,wave,0.075,3,0.028055555555555556,623,0,0
25,8,20,0.2,wave,0.075,3,0.028055555555555556,907,0,0
25,8,21,0.2,wave,0.075,3,0.028055555555555556,881,0,0
25,8,22,0.2,wave,0.075,3,0.028055555555555556,851,0,0
25,8,23,0.2,wave,0.075,3,0.028055555555555556,845,0,0
25,8,24,0.2,wave,0.075,3,0.028055555555555556,835,0,0
25,8,25,0.2,wave,0.075,3,0.028055555555555556,832,0,0
25,8,26,0.2,wave,0.075,3,0.028055555555555556,838,0,0
25,8,27,0.2,wave,0.075,3,0.028055555555555556,841,0,0
25,8,28,0.2,wave,0.075,3,0.028055555555555556,838,0,0
25,8,29,0.2,wave,0.075,3,0.028055555555555556,827,0,0
25,8,30,0.2,wave,0.075,3,0.028055555555555556,785,0,0
25,8,31,0.2,wave,0.075,3,0.028055555555555556,769,0,0
25,8,32,0.2,wave,0.075,3,0.028055555555555556,768,0,0
25,8,33,0.2,wave,0.075,3,0.028055555555555556,768,0,0
25,8,34,0.2,wave,0.075,3,0.028055555555555556,766,0,0
25,8,35,0.2,wave,0.075,3,0.028055555555555556,743,0,0
25,8,36,0.2,wave,0.075,3,0.028055555555555556,712,0,0
25,8,37,0.2,wave,0.075,3,0.028055555555555556,721,0,0
25,8,38,0.2,wave,0.075,3,0.028055555555555556,711,0,0
25,8,39,0.2,wave,0.075,3,0.028055555555555556,722,0,0
25,8,40,0.2,wave,0.075,3,0.028055555555555556,707,0,0
25,8,41,0.2,wave,0.075,3,0.028055555555555556,710,0,0
25,8,42,0.2,wave,0.075,3,0.028055555555555556,684,0,0
25,8,43,0.2,wave,0.075,3,0.028055555555555556,699,0,0
25,8,44,0.2,wave,0.075,3,0.028055555555555556,683,0,0
25,8,45,0.2,wave,0.075,3,0.028055555555555556,696,0,0
25,8,46,0.2,wave,0.075,3,0.028055555555555556,684,0,0
25,8,47,0.2,wave,0.075,3,0.028055555555555556,694,0,0
25,8,48,0.2,wave,0.075,3,0.028055555555555556,683,0,0
25,8,49,0.2,wave,0.075,3,0.028055555555555556,689,0,0
25,8,50,0.2,wave,0.075,3,0.028055555555555556,668,0,0
25,8,51,0.2,wave,0.075,3,0.028055555555555556,674,0,0
25,8,52,0.2,wave,0.075,3,0.028055555555555556,665,0,0
25,9,1,0.2,wave,0.075,3,0.028055555555555556,670,0,0
25,9,2,0.2,wave,0.075,3,0.028055555555555556,661,0,0
25,9,3,0.2,wave,0.075,3,0.028055555555555556,653,0,0
25,9,4,0.2,wave,0.075,3,0.028055555555555556,647,0,0
25,9,5,0.2,wave,0.075,3,0.028055555555555556,654,0,0
25,9,6,0.2,wave,0.075,3,0.028055555555555556,648,0,0
25,9,7,0.2,wave,0.075,3,0.028055555555555556,654,0,0
25,9,8,0.2,wave,0.075,3,0.028055555555555556,645,0,0
25,9,9,0.2,wave,0.075,3,0.028055555555555556,653,0,0
25,9,10,0.2,wave,0.075,3,0.028055555555555556,645,0,0
25,9,11,0.2,wave,0.075,3,0.028055555555555556,652,0,0
25,9,12,0.2,wave,0.075,3,0.028055555555555556,644,0,0
25,9,13,0.2,wave,0.075,3,0.028055555555555556,651,0,0
25,9,14,0.2,wave,0.075,3,0.028055555555555556,631,0,0
25,9,15,0.2,wave,0.075,3,0.028055555555555556,638,0,0
25,9,16,0.2,wave,0.075,3,0.028055555555555556,630,0,0
25,9,17,0.2,wave,0.075,3,0.028055555555555556,637,0,0
25,9,18,0.2,wave,0.075,3,0.028055555555555556,630,0,0
25,9,19,0.2,wave,0.075,3,0.028055555555555556,637,0,0
25,9,20,0.2,wave,0.075,3,0.028055555555555556,901,0,0
25,9,21,0.2,wave,0.075,3,0.028055555555555556,874,0,0
25,9,22,0.2,wave,0.075,3,0.028055555555555556,857,0,0
25,9,23,0.2,wave,0.075,3,0.028055555555555556,863,0,0
25,9,24,0.2,wave,0.075,3,0.028055555555555556,859,0,0
25,9,25,0.2,wave,0.075,3,0.028055555555555556,863,0,0
25,9,26,0.2,wave,0.075,3,0.028055555555555556,858,0,0
25,9,27,0.2,wave,0.075,3,0.028055555555555556,853,0,0
25,9,28,0.2,wave,0.075,3,0.028055555555555556,851,0,0
25,9,29,0.2,wave,0.075,3,0.028055555555555556,859,0,0
25,9,30,0.2,wave,0.075,3,0.028055555555555556,836,0,0
25,9,31,0.2,wave,0.075,3,0.028055555555555556,821,0,0
25,9,32,0.2,wave,0.075,3,0.028055555555555556,825,0,0
25,9,33,0.2,wave,0.075,3,0.028055555555555556,821,0,0
25,9,34,0.2,wave,0.075,3,0.028055555555555556,825,0,0
25,9,35,0.2,wave,0.075,3,0.028055555555555556,822,0,0
25,9,36,0.2,wave,0.075,3,0.028055555555555556,825,0,0
25,9,37,0.2,wave,0.075,3,0.028055555555555556,822,0,0
25,9,38,0.2,wave,0.075,3,0.028055555555555556,826,0,0
25,9,39,0.2,wave,0.075,3,0.028055555555555556,811,0,0
25,9,40,0.2,wave,0.075,3,0.028055555555555556,815,0,0
25,9,41,0.2,wave,0.075,3,0.028055555555555556,810,0,0
25,9,42,0.2,wave,0.075,3,0.028055555555555556,813,0,0
25,9,43,0.2,wave,0.075,3,0.028055555555555556,808,0,0
25,9,44,0.2,wave,0.075,3,0.028055555555555556,810,0,0
25,9,45,0.2,wave,0.075,3,0.028055555555555556,799,0,0
25,9,46,0.2,wave,0.075,3,0.028055555555555556,785,0,0
25,9,47,0.2,wave,0.075,3,0.028055555555555556,784,0,0
25,9,48,0.2,wave,0.075,3,0.028055555555555556,785,0,0
25,9,49,0.2,wave,0.075,3,0.028055555555555556,783,0,0
25,9,50,0.2,wave,0.075,3,0.028055555555555556,758,0,0
25,9,51,0.2,wave,0.075,3,0.028055555555555556,756,0,0
25,9,52,0.2,wave,0.075,3,0.028055555555555556,756,0,0
25,10,1,0.2,wave,0.075,3,0.028055555555555556,754,0,0
25,10,2,0.2,wave,0.075,3,0.028055555555555556,754,0,0
25,10,3,0.2,wave,0.075,3,0.028055555555555556,750,0,0
25,10,4,0.2,wave,0.075,3,0.028055555555555556,752,0,0
25,10,5,0.2,wave,0.075,3,0.028055555555555556,750,0,0
25,10,6,0.2,wave,0.075,3,0.028055555555555556,747,0,0
25,10,7,0.2,wave,0.075,3,0.028055555555555556,748,0,0
25,10,8,0.2,wave,0.075,3,0.028055555555555556,749,0,0
25,10,9,0.2,wave,0.075,3,0.028055555555555556,734,0,0
25,10,10,0.2,wave,0.075,3,0.028055555555555556,737,0,0
25,10,11,0.2,wave,0.075,3,0.028055555555555556,734,0,0
25,10,12,0.2,wave,0.075,3,0.028055555555555556,738,0,0
25,10,13,0.2,wave,0.075,3,0.028055555555555556,733,0,0
25,10,14,0.2,wave,0.075,3,0.028055555555555556,736,0,0
25,10,15,0.2,wave,0.075,3,0.028055555555555556,733,0,0
25,10,16,0.2,wave,0.075,3,0.028055555555555556,735,0,0
25,10,17,0.2,wave,0.075,3,0.028055555555555556,733,0,0
25,10,18,0.2,wave,0.075,3,0.028055555555555556,735,0,0
25,10,19,0.2,wave,0.075,3,0.028055555555555556,733,0,0
25,10,20,0.2,wave,0.075,3,0.028055555555555556,1009,0,0
25,10,21,0.2,wave,0.075,3,0.028055555555555556,969,0,0
25,10,22,0.2,wave,0.075,3,0.028055555555555556,955,0,0
25,10,23,0.2,wave,0.075,3,0.028055555555555556,940,0,0
25,10,24,0.2,wave,0.075,3,0.028055555555555556,929,0,0
25,10,25,0.2,wave,0.075,3,0.028055555555555556,928,0,0
25,10,26,0.2,wave,0.075,3,0.028055555555555556,886,0,0
25,10,27,0.2,wave,0.075,3,0.028055555555555556,889,0,0
25,10,28,0.2,wave,0.075,3,0.028055555555555556,886,0,0
25,10,29,0.2,wave,0.075,3,0.028055555555555556,879,0,0
25,10,30,0.2,wave,0.075,3,0.028055555555555556,879,0,0
25,10,31,0.2,wave,0.075,3,0.028055555555555556,865,0,0
25,10,32,0.2,wave,0.075,3,0.028055555555555556,854,0,0
25,10,33,0.2,wave,0.075,3,0.028055555555555556,841,0,0
25,10,34,0.2,wave,0.075,3,0.028055555555555556,841,0,0
25,10,35,0.2,wave,0.075,3,0.028055555555555556,825,0,0
25,10,36,0.2,wave,0.075,3,0.028055555555555556,801,0,0
25,10,37,0.2,wave,0.075,3,0.028055555555555556,788,0,0
25,10,38,0.2,wave,0.075,3,0.028055555555555556,790,0,0
25,10,39,0.2,wave,0.075,3,0.028055555555555556,788,0,0
25,10,40,0.2,wave,0.075,3,0.028055555555555556,790,0,0
25,10,41,0.2,wave,0.075,3,0.028055555555555556,788,0,0
25,10,42,0.2,wave,0.075,3,0.028055555555555556,791,0,0
25,10,43,0.2,wave,0.075,3,0.028055555555555556,787,0,0
25,10,44,0.2,wave,0.075,3,0.028055555555555556,789,0,0
25,10,45,0.2,wave,0.075,3,0.028055555555555556,789,0,0
25,10,46,0.2,wave,0.075,3,0.028055555555555556,791,0,0
25,10,47,0.2,wave,0.075,3,0.028055555555555556,788,0,0
25,10,48,0.2,wave,0.075,3,0.028055555555555556,790,0,0
25,10,49,0.2,wave,0.075,3,0.028055555555555556,777,0,0
25,10,50,0.2,wave,0.075,3,0.028055555555555556,779,0,0
25,10,51,0.2,wave,0.075,3,0.028055555555555556,778,0,0
25,10,52,0.2,wave,0.075,3,0.028055555555555556,775,0,0
26,1,1,0.2,wave,0.075,3,0.029444444444444443,6443,63,10
26,1,2,0.2,wave,0.075,3,0.029444444444444443,6399,68,20
26,1,3,0.2,wave,0.075,3,0.029444444444444443,6251,84,36
26,1,4,0.2,wave,0.075,3,0.029444444444444443,6102,114,39
26,1,5,0.2,wave,0.075,3,0.029444444444444443,6046,134,49
26,1,6,0.2,wave,0.075,3,0.029444444444444443,5870,172,53
26,1,7,0.2,wave,0.075,3,0.029444444444444443,5725,210,74
26,1,8,0.2,wave,0.075,3,0.029444444444444443,5348,258,85
26,1,9,0.2,wave,0.075,3,0.029444444444444443,5120,280,100
26,1,10,0.2,wave,0.075,3,0.029444444444444443,4954,328,129
26,1,11,0.2,wave,0.075,3,0.029444444444444443,4764,400,154
26,1,12,0.2,wave,0.075,3,0.029444444444444443,4552,438,162
26,1,13,0.2,wave,0.075,3,0.029444444444444443,4357,462,195
26,1,14,0.2,wave,0.075,3,0.029444444444444443,4207,495,232
26,1,15,0.2,wave,0.075,3,0.029444444444444443,4089,534,256
26,1,16,0.2,wave,0.075,3,0.029444444444444443,3888,503,243
26,1,17,0.2,wave,0.075,3,0.029444444444444443,3774,501,244
26,1,18,0.2,wave,0.075,3,0.029444444444444443,3672,506,247
26,1,19,0.2,wave,0.075,3,0.029444444444444443,3472,493,249
26,1,20,0.2,wave,0.075,3,0.029444444444444443,4777,464,234
26,1,21,0.2,wave,0.075,3,0.029444444444444443,4502,511,215
26,1,22,0.2,wave,0.075,3,0.029444444444444443,4337,538,213
26,1,23,0.2,wave,0.075,3,0.029444444444444443,4300,571,254
26,1,24,0.2,wave,0.075,3,0.029444444444444443,4163,646,284
26,1,25,0.2,wave,0.075,3,0.029444444444444443,4051,654,305
26,1,26,0.2,wave,0.075,3,0.029444444444444443,3924,661,299
26,1,27,0.2,wave,0.075,3,0.029444444444444443,3792,641,308
26,1,28,0.2,wave,0.075,3,0.029444444444444443,3617,635,289
26,1,29,0.2,wave,0.075,3,0.029444444444444443,3512,632,294
26,1,30,0.2,wave,0.075,3,0.029444444444444443,3297,590,282
26,1,31,0.2,wave,0.075,3,0.029444444444444443,3205,571,293
26,1,32,0.2,wave,0.075,3,0.029444444444444443,3011,567,297
26,1,33,0.2,wave,0.075,3,0.029444444444444443,2884,528,269
26,1,34,0.2,wave,0.075,3,0.029444444444444443,2693,445,238
26,1,35,0.2,wave,0.075,3,0.029444444444444443,2569,401,219
26,1,36,0.2,wave,0.075,3,0.029444444444444443,2470,350,202
26,1,37,0.2,wave,0.075,3,0.029444444444444443,2411,319,172
26,1,38,0.2,wave,0.075,3,0.029444444444444443,2302,301,157
26,1,39,0.2,wave,0.075,3,0.029444444444444443,2212,280,134
26,1,40,0.2,wave,0.075,3,0.029444444444444443,2155,271,133
26,1,41,0.2,wave,0.075,3,0.029444444444444443,2101,242,135
26,1,42,0.2,wave,0.075,3,0.029444444444444443,2037,240,136
26,1,43,0.2,wave,0.075,3,0.029444444444444443,1987,217,121
26,1,44,0.2,wave,0.075,3,0.029444444444444443,1921,198,101
26,1,45,0.2,wave,0.075,3,0.029444444444444443,1883,184,93
26,1,46,0.2,wave,0.075,3,0.029444444444444443,1818,159,88
26,1,47,0.2,wave,0.075,3,0.029444444444444443,1796,140,79
26,1,48,0.2,wave,0.075,3,0.029444444444444443,1741,125,79
26,1,49,0.2,wave,0.075,3,0.029444444444444443,1703,107,70
26,1,50,0.2,wave,0.075,3,0.029444444444444443,1658,103,57
26,1,51,0.2,wave,0.075,3,0.029444444444444443,1636,86,39
26,1,52,0.2,wave,0.075,3,0.029444444444444443,1586,82,28
26,2,1,0.2,wave,0.075,3,0.029444444444444443,1569,82,32
26,2,2,0.2,wave,0.075,3,0.029444444444444443,1543,79,39
26,2,3,0.2,wave,0.075,3,0.029444444444444443,1518,79,41
26,2,4,0.2,wave,0.075,3,0.029444444444444443,1501,79,40
26,2,5,0.2,wave,0.075,3,0.029444444444444443,1484,67,38
26,2,6,0.2,wave,0.075,3,0.029444444444444443,1465,62,33
26,2,7,0.2,wave,0.075,3,0.029444444444444443,1445,58,37
26,2,8,0.2,wave,0.075,3,0.029444444444444443,1392,49,28
26,2,9,0.2,wave,0.075,3,0.029444444444444443,1381,45,24
26,2,10,0.2,wave,0.075,3,0.029444444444444443,1353,32,16
26,2,11,0.2,wave,0.075,3,0.029444444444444443,1349,28,18
26,2,12,0.2,wave,0.075,3,0.029444444444444443,1333,26,17
26,2,13,0.2,wave,0.075,3,0.029444444444444443,1311,20,11
26,2,14,0.2,wave,0.075,3,0.029444444444444443,1295,15,7
26,2,15,0.2,wave,0.075,3,0.029444444444444443,1296,13,7
26,2,16,0.2,wave,0.075,3,0.029444444444444443,1273,13,8
26,2,17,0.2,wave,0.075,3,0.029444444444444443,1259,12,9
26,2,18,0.2,wave,0.075,3,0.029444444444444443,1245,13,6
26,2,19,0.2,wave,0.075,3,0.029444444444444443,1243,10,5
26,2,20,0.2,wave,0.075,3,0.029444444444444443,1728,7,4
26,2,21,0.2,wave,0.075,3,0.029444444444444443,1683,8,4
26,2,22,0.2,wave,0.075,3,0.029444444444444443,1673,9,2
26,2,23,0.2,wave,0.075,3,0.029444444444444443,1654,8,2
26,2,24,0.2,wave,0.075,3,0.029444444444444443,1642,10,3
26,2,25,0.2,wave,0.075,3,0.029444444444444443,1600,10,5
26,2,26,0.2,wave,0.075,3,0.029444444444444443,1588,11,4
26,2,27,0.2,wave,0.075,3,0.029444444444444443,1558,12,5
26,2,28,0.2,wave,0.075,3,0.029444444444444443,1544,16,4
26,2,29,0.2,wave,0.075,3,0.029444444444444443,1533,16,6
26,2,30,0.2,wave,0.075,3,0.029444444444444443,1537,14,5
26,2,31,0.2,wave,0.075,3,0.029444444444444443,1528,12,7
26,2,32,0.2,wave,0.075,3,0.029444444444444443,1499,11,6
26,2,33,0.2,wave,0.075,3,0.029444444444444443,1493,13,6
26,2,34,0.2,wave,0.075,3,0.029444444444444443,1481,13,6
26,2,35,0.2,wave,0.075,3,0.029444444444444443,1470,11,7
26,2,36,0.2,wave,0.075,3,0.029444444444444443,1466,14,7
26,2,37,0.2,wave,0.075,3,0.029444444444444443,1435,17,4
26,2,38,0.2,wave,0.075,3,0.029444444444444443,1389,15,3
26,2,39,0.2,wave,0.075,3,0.029444444444444443,1379,17,9
26,2,40,0.2,wave,0.075,3,0.029444444444444443,1367,19,11
26,2,41,0.2,wave,0.075,3,0.029444444444444443,1393,26,11
26,2,42,0.2,wave,0.075,3,0.029444444444444443,1346,18,8
26,2,43,0.2,wave,0.075,3,0.029444444444444443,1339,19,10
26,2,44,0.2,wave,0.075,3,0.029444444444444443,1300,22,14
26,2,45,0.2,wave,0.075,3,0.029444444444444443,1294,16,8
26,2,46,0.2,wave,0.075,3,0.029444444444444443,1260,14,9
26,2,47,0.2,wave,0.075,3,0.029444444444444443,1275,10,6
26,2,48,0.2,wave,0.075,3,0.029444444444444443,1243,11,7
26,2,49,0.2,wave,0.075,3,0.029444444444444443,1254,9,4
26,2,50,0.2,wave,0.075,3,0.029444444444444443,1225,8,5
26,2,51,0.2,wave,0.075,3,0.029444444444444443,1224,6,3
26,2,52,0.2,wave,0.075,3,0.029444444444444443,1201,5,2
26,3,1,0.2,wave,0.075,3,0.029444444444444443,1195,4,0
26,3,2,0.2,wave,0.075,3,0.029444444444444443,1157,4,2
26,3,3,0.2,wave,0.075,3,0.029444444444444443,1161,5,2
26,3,4,0.2,wave,0.075,3,0.029444444444444443,1143,6,3
26,3,5,0.2,wave,0.075,3,0.029444444444444443,1126,5,2
26,3,6,0.2,wave,0.075,3,0.029444444444444443,1109,5,3
26,3,7,0.2,wave,0.075,3,0.029444444444444443,1113,6,3
26,3,8,0.2,wave,0.075,3,0.029444444444444443,1097,7,2
26,3,9,0.2,wave,0.075,3,0.029444444444444443,1099,8,3
26,3,10,0.2,wave,0.075,3,0.029444444444444443,1076,8,4
26,3,11,0.2,wave,0.075,3,0.029444444444444443,1073,10,5
26,3,12,0.2,wave,0.075,3,0.029444444444444443,1059,9,3
26,3,13,0.2,wave,0.075,3,0.029444444444444443,1058,9,3
26,3,14,0.2,wave,0.075,3,0.029444444444444443,1046,8,4
26,3,15,0.2,wave,0.075,3,0.029444444444444443,1034,10,5
26,3,16,0.2,wave,0.075,3,0.029444444444444443,1026,9,3
26,3,17,0.2,wave,0.075,3,0.029444444444444443,1026,8,3
26,3,18,0.2,wave,0.075,3,0.029444444444444443,1013,12,4
26,3,19,0.2,wave,0.075,3,0.029444444444444443,1018,14,5
26,3,20,0.2,wave,0.075,3,0.029444444444444443,1512,12,5
26,3,21,0.2,wave,0.075,3,0.029444444444444443,1465,17,4
26,3,22,0.2,wave,0.075,3,0.029444444444444443,1419,16,5
26,3,23,0.2,wave,0.075,3,0.029444444444444443,1379,10,5
26,3,24,0.2,wave,0.075,3,0.029444444444444443,1367,10,6
26,3,25,0.2,wave,0.075,3,0.029444444444444443,1374,13,7
26,3,26,0.2,wave,0.075,3,0.029444444444444443,1358,13,6
26,3,27,0.2,wave,0.075,3,0.029444444444444443,1341,13,6
26,3,28,0.2,wave,0.075,3,0.029444444444444443,1328,12,6
26,3,29,0.2,wave,0.075,3,0.029444444444444443,1320,13,6
26,3,30,0.2,wave,0.075,3,0.029444444444444443,1330,18,4
26,3,31,0.2,wave,0.075,3,0.029444444444444443,1304,16,8
26,3,32,0.2,wave,0.075,3,0.029444444444444443,1303,15,7
26,3,33,0.2,wave,0.075,3,0.029444444444444443,1289,19,10
26,3,34,0.2,wave,0.075,3,0.029444444444444443,1275,18,6
26,3,35,0.2,wave,0.075,3,0.029444444444444443,1259,19,7
26,3,36,0.2,wave,0.075,3,0.029444444444444443,1238,22,9
26,3,37,0.2,wave,0.075,3,0.029444444444444443,1223,22,12
26,3,38,0.2,wave,0.075,3,0.029444444444444443,1155,26,13
26,3,39,0.2,wave,0.075,3,0.029444444444444443,1144,25,9
26,3,40,0.2,wave,0.075,3,0.029444444444444443,1121,20,6
26,3,41,0.2,wave,0.075,3,0.029444444444444443,1116,22,6
26,3,42,0.2,wave,0.075,3,0.029444444444444443,1089,26,10
26,3,43,0.2,wave,0.075,3,0.029444444444444443,1094,26,18
26,3,44,0.2,wave,0.075,3,0.029444444444444443,1076,25,17
26,3,45,0.2,wave,0.075,3,0.029444444444444443,1078,26,15
26,3,46,0.2,wave,0.075,3,0.029444444444444443,1046,20,9
26,3,47,0.2,wave,0.075,3,0.029444444444444443,1049,19,6
26,3,48,0.2,wave,0.075,3,0.029444444444444443,1015,20,7
26,3,49,0.2,wave,0.075,3,0.029444444444444443,1010,20,9
26,3,50,0.2,wave,0.075,3,0.029444444444444443,986,22,14
26,3,51,0.2,wave,0.075,3,0.029444444444444443,981,20,12
26,3,52,0.2,wave,0.075,3,0.029444444444444443,959,11,6
26,4,1,0.2,wave,0.075,3,0.029444444444444443,948,5,4
26,4,2,0.2,wave,0.075,3,0.029444444444444443,930,4,4
26,4,3,0.2,wave,0.075,3,0.029444444444444443,932,5,4
26,4,4,0.2,wave,0.075,3,0.029444444444444443,916,4,2
26,4,5,0.2,wave,0.075,3,0.029444444444444443,901,3,1
26,4,6,0.2,wave,0.075,3,0.029444444444444443,885,3,1
26,4,7,0.2,wave,0.075,3,0.029444444444444443,888,3,1
26,4,8,0.2,wave,0.075,3,0.029444444444444443,879,2,2
26,4,9,0.2,wave,0.075,3,0.029444444444444443,878,3,2
26,4,10,0.2,wave,0.075,3,0.029444444444444443,869,4,2
26,4,11,0.2,wave,0.075,3,0.029444444444444443,864,2,0
26,4,12,0.2,wave,0.075,3,0.029444444444444443,852,2,1
26,4,13,0.2,wave,0.075,3,0.029444444444444443,855,2,1
26,4,14,0.2,wave,0.075,3,0.029444444444444443,827,2,2
26,4,15,0.2,wave,0.075,3,0.029444444444444443,835,1,1
26,4,16,0.2,wave,0.075,3,0.029444444444444443,827,1,1
26,4,17,0.2,wave,0.075,3,0.029444444444444443,830,0,0
26,4,18,0.2,wave,0.075,3,0.029444444444444443,823,0,0
26,4,19,0.2,wave,0.075,3,0.029444444444444443,827,0,0
26,4,20,0.2,wave,0.075,3,0.029444444444444443,1201,0,0
26,4,21,0.2,wave,0.075,3,0.029444444444444443,1198,0,0
26,4,22,0.2,wave,0.075,3,0.029444444444444443,1177,0,0
26,4,23,0.2,wave,0.075,3,0.029444444444444443,1184,0,0
26,4,24,0.2,wave,0.075,3,0.029444444444444443,1169,0,0
26,4,25,0.2,wave,0.075,3,0.029444444444444443,1159,0,0
26,4,26,0.2,wave,0.075,3,0.029444444444444443,1159,0,0
26,4,27,0.2,wave,0.075,3,0.029444444444444443,1148,0,0
26,4,28,0.2,wave,0.075,3,0.029444444444444443,1135,0,0
26,4,29,0.2,wave,0.075,3,0.029444444444444443,1128,0,0
26,4,30,0.2,wave,0.075,3,0.029444444444444443,1120,0,0
26,4,31,0.2,wave,0.075,3,0.029444444444444443,1126,0,0
26,4,32,0.2,wave,0.075,3,0.029444444444444443,1115,0,0
26,4,33,0.2,wave,0.075,3,0.029444444444444443,1092,0,0
26,4,34,0.2,wave,0.075,3,0.029444444444444443,1084,0,0
26,4,35,0.2,wave,0.075,3,0.029444444444444443,1066,0,0
26,4,36,0.2,wave,0.075,3,0.029444444444444443,1045,0,0
26,4,37,0.2,wave,0.075,3,0.029444444444444443,1029,0,0
26,4,38,0.2,wave,0.075,3,0.029444444444444443,974,0,0
26,4,39,0.2,wave,0.075,3,0.029444444444444443,968,0,0
26,4,40,0.2,wave,0.075,3,0.029444444444444443,963,0,0
26,4,41,0.2,wave,0.075,3,0.029444444444444443,951,0,0
26,4,42,0.2,wave,0.075,3,0.029444444444444443,943,0,0
26,4,43,0.2,wave,0.075,3,0.029444444444444443,926,0,0
26,4,44,0.2,wave,0.075,3,0.029444444444444443,918,0,0
26,4,45,0.2,wave,0.075,3,0.029444444444444443,914,0,0
26,4,46,0.2,wave,0.075,3,0.029444444444444443,901,0,0
26,4,47,0.2,wave,0.075,3,0.029444444444444443,887,0,0
26,4,48,0.2,wave,0.075,3,0.029444444444444443,860,0,0
26,4,49,0.2,wave,0.075,3,0.029444444444444443,856,0,0
26,4,50,0.2,wave,0.075,3,0.029444444444444443,844,0,0
26,4,51,0.2,wave,0.075,3,0.029444444444444443,842,0,0
26,4,52,0.2,wave,0.075,3,0.029444444444444443,827,0,0
26,5,1,0.2,wave,0.075,3,0.029444444444444443,823,0,0
26,5,2,0.2,wave,0.075,3,0.029444444444444443,819,0,0
26,5,3,0.2,wave,0.075,3,0.029444444444444443,819,0,0
26,5,4,0.2,wave,0.075,3,0.029444444444444443,811,0,0
26,5,5,0.2,wave,0.075,3,0.029444444444444443,812,0,0
26,5,6,0.2,wave,0.075,3,0.029444444444444443,794,0,0
26,5,7,0.2,wave,0.075,3,0.029444444444444443,794,0,0
26,5,8,0.2,wave,0.075,3,0.029444444444444443,790,0,0
26,5,9,0.2,wave,0.075,3,0.029444444444444443,793,0,0
26,5,10,0.2,wave,0.075,3,0.029444444444444443,787,0,0
26,5,11,0.2,wave,0.075,3,0.029444444444444443,788,0,0
26,5,12,0.2,wave,0.075,3,0.029444444444444443,780,0,0
26,5,13,0.2,wave,0.075,3,0.029444444444444443,768,0,0
26,5,14,0.2,wave,0.075,3,0.029444444444444443,753,0,0
26,5,15,0.2,wave,0.075,3,0.029444444444444443,755,0,0
26,5,16,0.2,wave,0.075,3,0.029444444444444443,750,0,0
26,5,17,0.2,wave,0.075,3,0.029444444444444443,756,0,0
26,5,18,0.2,wave,0.075,3,0.029444444444444443,748,0,0
26,5,19,0.2,wave,0.075,3,0.029444444444444443,750,0,0
26,5,20,0.2,wave,0.075,3,0.029444444444444443,1121,0,0
26,5,21,0.2,wave,0.075,3,0.029444444444444443,1090,0,0
26,5,22,0.2,wave,0.075,3,0.029444444444444443,1099,0,0
26,5,23,0.2,wave,0.075,3,0.029444444444444443,1072,0,0
26,5,24,0.2,wave,0.075,3,0.029444444444444443,1050,0,0
26,5,25,0.2,wave,0.075,3,0.029444444444444443,1026,0,0
26,5,26,0.2,wave,0.075,3,0.029444444444444443,1030,0,0
26,5,27,0.2,wave,0.075,3,0.029444444444444443,999,0,0
26,5,28,0.2,wave,0.075,3,0.029444444444444443,969,0,0
26,5,29,0.2,wave,0.075,3,0.029444444444444443,933,0,0
26,5,30,0.2,wave,0.075,3,0.029444444444444443,936,0,0
26,5,31,0.2,wave,0.075,3,0.029444444444444443,894,0,0
26,5,32,0.2,wave,0.075,3,0.029444444444444443,862,0,0
26,5,33,0.2,wave,0.075,3,0.029444444444444443,856,0,0
26,5,34,0.2,wave,0.075,3,0.029444444444444443,846,0,0
26,5,35,0.2,wave,0.075,3,0.029444444444444443,850,0,0
26,5,36,0.2,wave,0.075,3,0.029444444444444443,842,0,0
26,5,37,0.2,wave,0.075,3,0.029444444444444443,849,0,0
26,5,38,0.2,wave,0.075,3,0.029444444444444443,839,0,0
26,5,39,0.2,wave,0.075,3,0.029444444444444443,833,0,0
26,5,40,0.2,wave,0.075,3,0.029444444444444443,821,0,0
26,5,41,0.2,wave,0.075,3,0.029444444444444443,823,0,0
26,5,42,0.2,wave,0.075,3,0.029444444444444443,815,0,0
26,5,43,0.2,wave,0.075,3,0.029444444444444443,805,0,0
26,5,44,0.2,wave,0.075,3,0.029444444444444443,797,0,0
26,5,45,0.2,wave,0.075,3,0.029444444444444443,797,0,0
26,5,46,0.2,wave,0.075,3,0.029444444444444443,779,0,0
26,5,47,0.2,wave,0.075,3,0.029444444444444443,779,0,0
26,5,48,0.2,wave,0.075,3,0.029444444444444443,763,0,0
26,5,49,0.2,wave,0.075,3,0.029444444444444443,764,0,0
26,5,50,0.2,wave,0.075,3,0.029444444444444443,740,0,0
26,5,51,0.2,wave,0.075,3,0.029444444444444443,737,0,0
26,5,52,0.2,wave,0.075,3,0.029444444444444443,722,0,0
26,6,1,0.2,wave,0.075,3,0.029444444444444443,725,0,0
26,6,2,0.2,wave,0.075,3,0.029444444444444443,716,0,0
26,6,3,0.2,wave,0.075,3,0.029444444444444443,721,0,0
26,6,4,0.2,wave,0.075,3,0.029444444444444443,713,0,0
26,6,5,0.2,wave,0.075,3,0.029444444444444443,714,0,0
26,6,6,0.2,wave,0.075,3,0.029444444444444443,691,0,0
26,6,7,0.2,wave,0.075,3,0.029444444444444443,697,0,0
26,6,8,0.2,wave,0.075,3,0.029444444444444443,689,0,0
26,6,9,0.2,wave,0.075,3,0.029444444444444443,695,0,0
26,6,10,0.2,wave,0.075,3,0.029444444444444443,686,0,0
26,6,11,0.2,wave,0.075,3,0.029444444444444443,691,0,0
26,6,12,0.2,wave,0.075,3,0.029444444444444443,669,0,0
26,6,13,0.2,wave,0.075,3,0.029444444444444443,677,0,0
26,6,14,0.2,wave,0.075,3,0.029444444444444443,670,0,0
26,6,15,0.2,wave,0.075,3,0.029444444444444443,670,0,0
26,6,16,0.2,wave,0.075,3,0.029444444444444443,657,0,0
26,6,17,0.2,wave,0.075,3,0.029444444444444443,665,0,0
26,6,18,0.2,wave,0.075,3,0.029444444444444443,658,0,0
26,6,19,0.2,wave,0.075,3,0.029444444444444443,665,0,0
26,6,20,0.2,wave,0.075,3,0.029444444444444443,978,0,0
26,6,21,0.2,wave,0.075,3,0.029444444444444443,977,0,0
26,6,22,0.2,wave,0.075,3,0.029444444444444443,953,0,0
26,6,23,0.2,wave,0.075,3,0.029444444444444443,933,0,0
26,6,24,0.2,wave,0.075,3,0.029444444444444443,915,0,0
26,6,25,0.2,wave,0.075,3,0.029444444444444443,929,0,0
26,6,26,0.2,wave,0.075,3,0.029444444444444443,906,0,0
26,6,27,0.2,wave,0.075,3,0.029444444444444443,893,0,0
26,6,28,0.2,wave,0.075,3,0.029444444444444443,886,0,0
26,6,29,0.2,wave,0.075,3,0.029444444444444443,890,0,0
26,6,30,0.2,wave,0.075,3,0.029444444444444443,847,0,0
26,6,31,0.2,wave,0.075,3,0.029444444444444443,857,0,0
26,6,32,0.2,wave,0.075,3,0.029444444444444443,851,0,0
26,6,33,0.2,wave,0.075,3,0.029444444444444443,847,0,0
26,6,34,0.2,wave,0.075,3,0.029444444444444443,836,0,0
26,6,35,0.2,wave,0.075,3,0.029444444444444443,790,0,0
26,6,36,0.2,wave,0.075,3,0.029444444444444443,767,0,0
26,6,37,0.2,wave,0.075,3,0.029444444444444443,758,0,0
26,6,38,0.2,wave,0.075,3,0.029444444444444443,748,0,0
26,6,39,0.2,wave,0.075,3,0.029444444444444443,751,0,0
26,6,40,0.2,wave,0.075,3,0.029444444444444443,743,0,0
26,6,41,0.2,wave,0.075,3,0.029444444444444443,738,0,0
26,6,42,0.2,wave,0.075,3,0.029444444444444443,729,0,0
26,6,43,0.2,wave,0.075,3,0.029444444444444443,714,0,0
26,6,44,0.2,wave,0.075,3,0.029444444444444443,704,0,0
26,6,45,0.2,wave,0.075,3,0.029444444444444443,700,0,0
26,6,46,0.2,wave,0.075,3,0.029444444444444443,691,0,0
26,6,47,0.2,wave,0.075,3,0.029444444444444443,690,0,0
26,6,48,0.2,wave,0.075,3,0.029444444444444443,684,0,0
26,6,49,0.2,wave,0.075,3,0.029444444444444443,685,0,0
26,6,50,0.2,wave,0.075,3,0.029444444444444443,681,0,0
26,6,51,0.2,wave,0.075,3,0.029444444444444443,676,0,0
26,6,52,0.2,wave,0.075,3,0.029444444444444443,676,0,0
26,7,1,0.2,wave,0.075,3,0.029444444444444443,673,0,0
26,7,2,0.2,wave,0.075,3,0.029444444444444443,668,0,0
26,7,3,0.2,wave,0.075,3,0.029444444444444443,671,0,0
26,7,4,0.2,wave,0.075,3,0.029444444444444443,666,0,0
26,7,5,0.2,wave,0.075,3,0.029444444444444443,670,0,0
26,7,6,0.2,wave,0.075,3,0.029444444444444443,663,0,0
26,7,7,0.2,wave,0.075,3,0.029444444444444443,666,0,0
26,7,8,0.2,wave,0.075,3,0.029444444444444443,651,0,0
26,7,9,0.2,wave,0.075,3,0.029444444444444443,657,0,0
26,7,10,0.2,wave,0.075,3,0.029444444444444443,651,0,0
26,7,11,0.2,wave,0.075,3,0.029444444444444443,658,0,0
26,7,12,0.2,wave,0.075,3,0.029444444444444443,647,0,0
26,7,13,0.2,wave,0.075,3,0.029444444444444443,655,0,0
26,7,14,0.2,wave,0.075,3,0.029444444444444443,648,0,0
26,7,15,0.2,wave,0.075,3,0.029444444444444443,653,0,0
26,7,16,0.2,wave,0.075,3,0.029444444444444443,645,0,0
26,7,17,0.2,wave,0.075,3,0.029444444444444443,652,0,0
26,7,18,0.2,wave,0.075,3,0.029444444444444443,649,0,0
26,7,19,0.2,wave,0.075,3,0.029444444444444443,652,0,0
26,7,20,0.2,wave,0.075,3,0.029444444444444443,967,0,0
26,7,21,0.2,wave,0.075,3,0.029444444444444443,955,0,0
26,7,22,0.2,wave,0.075,3,0.029444444444444443,934,0,0
26,7,23,0.2,wave,0.075,3,0.029444444444444443,930,0,0
26,7,24,0.2,wave,0.075,3,0.029444444444444443,912,0,0
26,7,25,0.2,wave,0.075,3,0.029444444444444443,916,0,0
26,7,26,0.2,wave,0.075,3,0.029444444444444443,902,0,0
26,7,27,0.2,wave,0.075,3,0.029444444444444443,867,0,0
26,7,28,0.2,wave,0.075,3,0.029444444444444443,850,0,0
26,7,29,0.2,wave,0.075,3,0.029444444444444443,860,0,0
26,7,30,0.2,wave,0.075,3,0.029444444444444443,821,0,0
26,7,31,0.2,wave,0.075,3,0.029444444444444443,802,0,0
26,7,32,0.2,wave,0.075,3,0.029444444444444443,789,0,0
26,7,33,0.2,wave,0.075,3,0.029444444444444443,805,0,0
26,7,34,0.2,wave,0.075,3,0.029444444444444443,799,0,0
26,7,35,0.2,wave,0.075,3,0.029444444444444443,805,0,0
26,7,36,0.2,wave,0.075,3,0.029444444444444443,797,0,0
26,7,37,0.2,wave,0.075,3,0.029444444444444443,801,0,0
26,7,38,0.2,wave,0.075,3,0.029444444444444443,800,0,0
26,7,39,0.2,wave,0.075,3,0.029444444444444443,785,0,0
26,7,40,0.2,wave,0.075,3,0.029444444444444443,787,0,0
26,7,41,0.2,wave,0.075,3,0.029444444444444443,782,0,0
26,7,42,0.2,wave,0.075,3,0.029444444444444443,771,0,0
26,7,43,0.2,wave,0.075,3,0.029444444444444443,769,0,0
26,7,44,0.2,wave,0.075,3,0.029444444444444443,761,0,0
26,7,45,0.2,wave,0.075,3,0.029444444444444443,763,0,0
26,7,46,0.2,wave,0.075,3,0.029444444444444443,754,0,0
26,7,47,0.2,wave,0.075,3,0.029444444444444443,760,0,0
26,7,48,0.2,wave,0.075,3,0.029444444444444443,753,0,0
26,7,49,0.2,wave,0.075,3,0.029444444444444443,756,0,0
26,7,50,0.2,wave,0.075,3,0.029444444444444443,750,0,0
26,7,51,0.2,wave,0.075,3,0.029444444444444443,747,0,0
26,7,52,0.2,wave,0.075,3,0.029444444444444443,739,0,0
26,8,1,0.2,wave,0.075,3,0.029444444444444443,743,0,0
26,8,2,0.2,wave,0.075,3,0.029444444444444443,733,0,0
26,8,3,0.2,wave,0.075,3,0.029444444444444443,734,0,0
26,8,4,0.2,wave,0.075,3,0.029444444444444443,731,0,0
26,8,5,0.2,wave,0.075,3,0.029444444444444443,732,0,0
26,8,6,0.2,wave,0.075,3,0.029444444444444443,729,0,0
26,8,7,0.2,wave,0.075,3,0.029444444444444443,731,0,0
26,8,8,0.2,wave,0.075,3,0.029444444444444443,726,0,0
26,8,9,0.2,wave,0.075,3,0.029444444444444443,727,0,0
26,8,10,0.2,wave,0.075,3,0.029444444444444443,723,0,0
26,8,11,0.2,wave,0.075,3,0.029444444444444443,725,0,0
26,8,12,0.2,wave,0.075,3,0.029444444444444443,722,0,0
26,8,13,0.2,wave,0.075,3,0.029444444444444443,712,0,0
26,8,14,0.2,wave,0.075,3,0.029444444444444443,708,0,0
26,8,15,0.2,wave,0.075,3,0.029444444444444443,712,0,0
26,8,16,0.2,wave,0.075,3,0.029444444444444443,710,0,0
26,8,17,0.2,wave,0.075,3,0.029444444444444443,713,0,0
26,8,18,0.2,wave,0.075,3,0.029444444444444443,711,0,0
26,8,19,0.2,wave,0.075,3,0.029444444444444443,713,0,0
26,8,20,0.2,wave,0.075,3,0.029444444444444443,1066,0,0
26,8,21,0.2,wave,0.075,3,0.029444444444444443,1079,0,0
26,8,22,0.2,wave,0.075,3,0.029444444444444443,1044,0,0
26,8,23,0.2,wave,0.075,3,0.029444444444444443,1063,0,0
26,8,24,0.2,wave,0.075,3,0.029444444444444443,1028,0,0
26,8,25,0.2,wave,0.075,3,0.029444444444444443,990,0,0
26,8,26,0.2,wave,0.075,3,0.029444444444444443,974,0,0
26,8,27,0.2,wave,0.075,3,0.029444444444444443,964,0,0
26,8,28,0.2,wave,0.075,3,0.029444444444444443,916,0,0
26,8,29,0.2,wave,0.075,3,0.029444444444444443,927,0,0
26,8,30,0.2,wave,0.075,3,0.029444444444444443,923,0,0
26,8,31,0.2,wave,0.075,3,0.029444444444444443,927,0,0
26,8,32,0.2,wave,0.075,3,0.029444444444444443,921,0,0
26,8,33,0.2,wave,0.075,3,0.029444444444444443,928,0,0
26,8,34,0.2,wave,0.075,3,0.029444444444444443,917,0,0
26,8,35,0.2,wave,0.075,3,0.029444444444444443,922,0,0
26,8,36,0.2,wave,0.075,3,0.029444444444444443,910,0,0
26,8,37,0.2,wave,0.075,3,0.029444444444444443,908,0,0
26,8,38,0.2,wave,0.075,3,0.029444444444444443,909,0,0
26,8,39,0.2,wave,0.075,3,0.029444444444444443,896,0,0
26,8,40,0.2,wave,0.075,3,0.029444444444444443,885,0,0
26,8,41,0.2,wave,0.075,3,0.029444444444444443,894,0,0
26,8,42,0.2,wave,0.075,3,0.029444444444444443,882,0,0
26,8,43,0.2,wave,0.075,3,0.029444444444444443,888,0,0
26,8,44,0.2,wave,0.075,3,0.029444444444444443,880,0,0
26,8,45,0.2,wave,0.075,3,0.029444444444444443,886,0,0
26,8,46,0.2,wave,0.075,3,0.029444444444444443,869,0,0
26,8,47,0.2,wave,0.075,3,0.029444444444444443,868,0,0
26,8,48,0.2,wave,0.075,3,0.029444444444444443,864,0,0
26,8,49,0.2,wave,0.075,3,0.029444444444444443,854,0,0
26,8,50,0.2,wave,0.075,3,0.029444444444444443,841,0,0
26,8,51,0.2,wave,0.075,3,0.029444444444444443,849,0,0
26,8,52,0.2,wave,0.075,3,0.029444444444444443,844,0,0
26,9,1,0.2,wave,0.075,3,0.029444444444444443,845,0,0
26,9,2,0.2,wave,0.075,3,0.029444444444444443,829,0,0
26,9,3,0.2,wave,0.075,3,0.029444444444444443,837,0,0
26,9,4,0.2,wave,0.075,3,0.029444444444444443,828,0,0
26,9,5,0.2,wave,0.075,3,0.029444444444444443,833,0,0
26,9,6,0.2,wave,0.075,3,0.029444444444444443,824,0,0
26,9,7,0.2,wave,0.075,3,0.029444444444444443,831,0,0
26,9,8,0.2,wave,0.075,3,0.029444444444444443,823,0,0
26,9,9,0.2,wave,0.075,3,0.029444444444444443,829,0,0
26,9,10,0.2,wave,0.075,3,0.029444444444444443,823,0,0
26,9,11,0.2,wave,0.075,3,0.029444444444444443,827,0,0
26,9,12,0.2,wave,0.075,3,0.029444444444444443,820,0,0
26,9,13,0.2,wave,0.075,3,0.029444444444444443,828,0,0
26,9,14,0.2,wave,0.075,3,0.029444444444444443,824,0,0
26,9,15,0.2,wave,0.075,3,0.029444444444444443,827,0,0
26,9,16,0.2,wave,0.075,3,0.029444444444444443,824,0,0
26,9,17,0.2,wave,0.075,3,0.029444444444444443,827,0,0
26,9,18,0.2,wave,0.075,3,0.029444444444444443,820,0,0
26,9,19,0.2,wave,0.075,3,0.029444444444444443,826,0,0
26,9,20,0.2,wave,0.075,3,0.029444444444444443,1176,0,0
26,9,21,0.2,wave,0.075,3,0.029444444444444443,1186,0,0
26,9,22,0.2,wave,0.075,3,0.029444444444444443,1177,0,0
26,9,23,0.2,wave,0.075,3,0.029444444444444443,1154,0,0
26,9,24,0.2,wave,0.075,3,0.029444444444444443,1145,0,0
26,9,25,0.2,wave,0.075,3,0.029444444444444443,1149,0,0
26,9,26,0.2,wave,0.075,3,0.029444444444444443,1124,0,0
26,9,27,0.2,wave,0.075,3,0.029444444444444443,1124,0,0
26,9,28,0.2,wave,0.075,3,0.029444444444444443,1118,0,0
26,9,29,0.2,wave,0.075,3,0.029444444444444443,1086,0,0
26,9,30,0.2,wave,0.075,3,0.029444444444444443,1069,0,0
26,9,31,0.2,wave,0.075,3,0.029444444444444443,1071,0,0
26,9,32,0.2,wave,0.075,3,0.029444444444444443,1041,0,0
26,9,33,0.2,wave,0.075,3,0.029444444444444443,1062,0,0
26,9,34,0.2,wave,0.075,3,0.029444444444444443,1036,0,0
26,9,35,0.2,wave,0.075,3,0.029444444444444443,1039,0,0
26,9,36,0.2,wave,0.075,3,0.029444444444444443,1033,0,0
26,9,37,0.2,wave,0.075,3,0.029444444444444443,1035,0,0
26,9,38,0.2,wave,0.075,3,0.029444444444444443,1017,0,0
26,9,39,0.2,wave,0.075,3,0.029444444444444443,1006,0,0
26,9,40,0.2,wave,0.075,3,0.029444444444444443,965,0,0
26,9,41,0.2,wave,0.075,3,0.029444444444444443,983,0,0
26,9,42,0.2,wave,0.075,3,0.029444444444444443,958,0,0
26,9,43,0.2,wave,0.075,3,0.029444444444444443,967,0,0
26,9,44,0.2,wave,0.075,3,0.029444444444444443,957,0,0
26,9,45,0.2,wave,0.075,3,0.029444444444444443,972,0,0
26,9,46,0.2,wave,0.075,3,0.029444444444444443,957,0,0
26,9,47,0.2,wave,0.075,3,0.029444444444444443,967,0,0
26,9,48,0.2,wave,0.075,3,0.029444444444444443,946,0,0
26,9,49,0.2,wave,0.075,3,0.029444444444444443,956,0,0
26,9,50,0.2,wave,0.075,3,0.029444444444444443,945,0,0
26,9,51,0.2,wave,0.075,3,0.029444444444444443,951,0,0
26,9,52,0.2,wave,0.075,3,0.029444444444444443,934,0,0
26,10,1,0.2,wave,0.075,3,0.029444444444444443,948,0,0
26,10,2,0.2,wave,0.075,3,0.029444444444444443,934,0,0
26,10,3,0.2,wave,0.075,3,0.029444444444444443,943,0,0
26,10,4,0.2,wave,0.075,3,0.029444444444444443,931,0,0
26,10,5,0.2,wave,0.075,3,0.029444444444444443,931,0,0
26,10,6,0.2,wave,0.075,3,0.029444444444444443,906,0,0
26,10,7,0.2,wave,0.075,3,0.029444444444444443,901,0,0
26,10,8,0.2,wave,0.075,3,0.029444444444444443,901,0,0
26,10,9,0.2,wave,0.075,3,0.029444444444444443,900,0,0
26,10,10,0.2,wave,0.075,3,0.029444444444444443,897,0,0
26,10,11,0.2,wave,0.075,3,0.029444444444444443,896,0,0
26,10,12,0.2,wave,0.075,3,0.029444444444444443,885,0,0
26,10,13,0.2,wave,0.075,3,0.029444444444444443,863,0,0
26,10,14,0.2,wave,0.075,3,0.029444444444444443,864,0,0
26,10,15,0.2,wave,0.075,3,0.029444444444444443,864,0,0
26,10,16,0.2,wave,0.075,3,0.029444444444444443,867,0,0
26,10,17,0.2,wave,0.075,3,0.029444444444444443,867,0,0
26,10,18,0.2,wave,0.075,3,0.029444444444444443,863,0,0
26,10,19,0.2,wave,0.075,3,0.029444444444444443,870,0,0
26,10,20,0.2,wave,0.075,3,0.029444444444444443,1208,0,0
26,10,21,0.2,wave,0.075,3,0.029444444444444443,1155,0,0
26,10,22,0.2,wave,0.075,3,0.029444444444444443,1167,0,0
26,10,23,0.2,wave,0.075,3,0.029444444444444443,1105,0,0
26,10,24,0.2,wave,0.075,3,0.029444444444444443,1085,0,0
26,10,25,0.2,wave,0.075,3,0.029444444444444443,1092,0,0
26,10,26,0.2,wave,0.075,3,0.029444444444444443,1084,0,0
26,10,27,0.2,wave,0.075,3,0.029444444444444443,1074,0,0
26,10,28,0.2,wave,0.075,3,0.029444444444444443,1065,0,0
26,10,29,0.2,wave,0.075,3,0.029444444444444443,1078,0,0
26,10,30,0.2,wave,0.075,3,0.029444444444444443,1071,0,0
26,10,31,0.2,wave,0.075,3,0.029444444444444443,1058,0,0
26,10,32,0.2,wave,0.075,3,0.029444444444444443,1055,0,0
26,10,33,0.2,wave,0.075,3,0.029444444444444443,1060,0,0
26,10,34,0.2,wave,0.075,3,0.029444444444444443,1037,0,0
26,10,35,0.2,wave,0.075,3,0.029444444444444443,1035,0,0
26,10,36,0.2,wave,0.075,3,0.029444444444444443,1016,0,0
26,10,37,0.2,wave,0.075,3,0.029444444444444443,1010,0,0
26,10,38,0.2,wave,0.075,3,0.029444444444444443,985,0,0
26,10,39,0.2,wave,0.075,3,0.029444444444444443,979,0,0
26,10,40,0.2,wave,0.075,3,0.029444444444444443,964,0,0
26,10,41,0.2,wave,0.075,3,0.029444444444444443,958,0,0
26,10,42,0.2,wave,0.075,3,0.029444444444444443,947,0,0
26,10,43,0.2,wave,0.075,3,0.029444444444444443,954,0,0
26,10,44,0.2,wave,0.075,3,0.029444444444444443,948,0,0
26,10,45,0.2,wave,0.075,3,0.029444444444444443,955,0,0
26,10,46,0.2,wave,0.075,3,0.029444444444444443,947,0,0
26,10,47,0.2,wave,0.075,3,0.029444444444444443,952,0,0
26,10,48,0.2,wave,0.075,3,0.029444444444444443,935,0,0
26,10,49,0.2,wave,0.075,3,0.029444444444444443,940,0,0
26,10,50,0.2,wave,0.075,3,0.029444444444444443,930,0,0
26,10,51,0.2,wave,0.075,3,0.029444444444444443,920,0,0
26,10,52,0.2,wave,0.075,3,0.029444444444444443,914,0,0
27,1,1,0.2,wave,0.075,3,0.036944444444444446,6584,71,12
27,1,2,0.2,wave,0.075,3,0.036944444444444446,6484,75,26
27,1,3,0.2,wave,0.075,3,0.036944444444444446,6327,99,34
27,1,4,0.2,wave,0.075,3,0.036944444444444446,6135,118,42
27,1,5,0.2,wave,0.075,3,0.036944444444444446,6000,162,46
27,1,6,0.2,wave,0.075,3,0.036944444444444446,5754,202,60
27,1,7,0.2,wave,0.075,3,0.036944444444444446,5581,250,73
27,1,8,0.2,wave,0.075,3,0.036944444444444446,5380,312,113
27,1,9,0.2,wave,0.075,3,0.036944444444444446,5104,353,133
27,1,10,0.2,wave,0.075,3,0.036944444444444446,4998,421,155
27,1,11,0.2,wave,0.075,3,0.036944444444444446,4773,473,185
27,1,12,0.2,wave,0.075,3,0.036944444444444446,4600,500,201
27,1,13,0.2,wave,0.075,3,0.036944444444444446,4498,520,233
27,1,14,0.2,wave,0.075,3,0.036944444444444446,4225,516,235
27,1,15,0.2,wave,0.075,3,0.036944444444444446,4099,524,247
27,1,16,0.2,wave,0.075,3,0.036944444444444446,3953,506,262
27,1,17,0.2,wave,0.075,3,0.036944444444444446,3819,485,261
27,1,18,0.2,wave,0.075,3,0.036944444444444446,3661,471,244
27,1,19,0.2,wave,0.075,3,0.036944444444444446,3523,458,234
27,1,20,0.2,wave,0.075,3,0.036944444444444446,5128,428,205
27,1,21,0.2,wave,0.075,3,0.036944444444444446,4855,505,194
27,1,22,0.2,wave,0.075,3,0.036944444444444446,4566,490,194
27,1,23,0.2,wave,0.075,3,0.036944444444444446,4501,561,221
27,1,24,0.2,wave,0.075,3,0.036944444444444446,4332,593,246
27,1,25,0.2,wave,0.075,3,0.036944444444444446,4146,599,258
27,1,26,0.2,wave,0.075,3,0.036944444444444446,3952,628,274
27,1,27,0.2,wave,0.075,3,0.036944444444444446,3799,661,271
27,1,28,0.2,wave,0.075,3,0.036944444444444446,3640,669,304
27,1,29,0.2,wave,0.075,3,0.036944444444444446,3529,697,317
27,1,30,0.2,wave,0.075,3,0.036944444444444446,3319,694,324
27,1,31,0.2,wave,0.075,3,0.036944444444444446,3145,657,312
27,1,32,0.2,wave,0.075,3,0.036944444444444446,2900,617,296
27,1,33,0.2,wave,0.075,3,0.036944444444444446,2693,560,292
27,1,34,0.2,wave,0.075,3,0.036944444444444446,2523,521,261
27,1,35,0.2,wave,0.075,3,0.036944444444444446,2434,494,247
27,1,36,0.2,wave,0.075,3,0.036944444444444446,2275,443,218
27,1,37,0.2,wave,0.075,3,0.036944444444444446,2189,420,220
27,1,38,0.2,wave,0.075,3,0.036944444444444446,2079,395,210
27,1,39,0.2,wave,0.075,3,0.036944444444444446,1973,357,176
27,1,40,0.2,wave,0.075,3,0.036944444444444446,1859,332,162
27,1,41,0.2,wave,0.075,3,0.036944444444444446,1802,300,157
27,1,42,0.2,wave,0.075,3,0.036944444444444446,1730,267,154
27,1,43,0.2,wave,0.075,3,0.036944444444444446,1683,235,141
27,1,44,0.2,wave,0.075,3,0.036944444444444446,1612,207,119
27,1,45,0.2,wave,0.075,3,0.036944444444444446,1571,179,97
27,1,46,0.2,wave,0.075,3,0.036944444444444446,1510,152,90
27,1,47,0.2,wave,0.075,3,0.036944444444444446,1482,125,77
27,1,48,0.2,wave,0.075,3,0.036944444444444446,1438,108,73
27,1,49,0.2,wave,0.075,3,0.036944444444444446,1413,84,55
27,1,50,0.2,wave,0.075,3,0.036944444444444446,1364,67,40
27,1,51,0.2,wave,0.075,3,0.036944444444444446,1343,51,31
27,1,52,0.2,wave,0.075,3,0.036944444444444446,1309,39,26
27,2,1,0.2,wave,0.075,3,0.036944444444444446,1306,38,21
27,2,2,0.2,wave,0.075,3,0.036944444444444446,1278,31,19
27,2,3,0.2,wave,0.075,3,0.036944444444444446,1269,24,15
27,2,4,0.2,wave,0.075,3,0.036944444444444446,1235,21,14
27,2,5,0.2,wave,0.075,3,0.036944444444444446,1237,19,8
27,2,6,0.2,wave,0.075,3,0.036944444444444446,1209,14,7
27,2,7,0.2,wave,0.075,3,0.036944444444444446,1213,15,8
27,2,8,0.2,wave,0.075,3,0.036944444444444446,1189,17,9
27,2,9,0.2,wave,0.075,3,0.036944444444444446,1198,12,5
27,2,10,0.2,wave,0.075,3,0.036944444444444446,1175,11,5
27,2,11,0.2,wave,0.075,3,0.036944444444444446,1182,11,6
27,2,12,0.2,wave,0.075,3,0.036944444444444446,1165,12,8
27,2,13,0.2,wave,0.075,3,0.036944444444444446,1175,10,6
27,2,14,0.2,wave,0.075,3,0.036944444444444446,1142,9,4
27,2,15,0.2,wave,0.075,3,0.036944444444444446,1154,9,2
27,2,16,0.2,wave,0.075,3,0.036944444444444446,1125,9,4
27,2,17,0.2,wave,0.075,3,0.036944444444444446,1138,9,4
27,2,18,0.2,wave,0.075,3,0.036944444444444446,1107,9,5
27,2,19,0.2,wave,0.075,3,0.036944444444444446,1118,6,3
27,2,20,0.2,wave,0.075,3,0.036944444444444446,1649,7,6
27,2,21,0.2,wave,0.075,3,0.036944444444444446,1669,10,4
27,2,22,0.2,wave,0.075,3,0.036944444444444446,1622,9,4
27,2,23,0.2,wave,0.075,3,0.036944444444444446,1606,5,4
27,2,24,0.2,wave,0.075,3,0.036944444444444446,1592,6,4
27,2,25,0.2,wave,0.075,3,0.036944444444444446,1576,6,3
27,2,26,0.2,wave,0.075,3,0.036944444444444446,1549,3,1
27,2,27,0.2,wave,0.075,3,0.036944444444444446,1529,3,1
27,2,28,0.2,wave,0.075,3,0.036944444444444446,1518,3,2
27,2,29,0.2,wave,0.075,3,0.036944444444444446,1519,2,2
27,2,30,0.2,wave,0.075,3,0.036944444444444446,1488,2,2
27,2,31,0.2,wave,0.075,3,0.036944444444444446,1466,2,1
27,2,32,0.2,wave,0.075,3,0.036944444444444446,1439,2,0
27,2,33,0.2,wave,0.075,3,0.036944444444444446,1442,2,1
27,2,34,0.2,wave,0.075,3,0.036944444444444446,1405,2,2
27,2,35,0.2,wave,0.075,3,0.036944444444444446,1399,3,2
27,2,36,0.2,wave,0.075,3,0.036944444444444446,1383,3,1
27,2,37,0.2,wave,0.075,3,0.036944444444444446,1365,4,1
27,2,38,0.2,wave,0.075,3,0.036944444444444446,1353,4,1
27,2,39,0.2,wave,0.075,3,0.036944444444444446,1333,4,2
27,2,40,0.2,wave,0.075,3,0.036944444444444446,1319,3,1
27,2,41,0.2,wave,0.075,3,0.036944444444444446,1319,3,3
27,2,42,0.2,wave,0.075,3,0.036944444444444446,1305,4,2
27,2,43,0.2,wave,0.075,3,0.036944444444444446,1293,4,2
27,2,44,0.2,wave,0.075,3,0.036944444444444446,1273,2,0
27,2,45,0.2,wave,0.075,3,0.036944444444444446,1263,2,0
27,2,46,0.2,wave,0.075,3,0.036944444444444446,1254,2,0
27,2,47,0.2,wave,0.075,3,0.036944444444444446,1234,2,1
27,2,48,0.2,wave,0.075,3,0.036944444444444446,1218,2,2
27,2,49,0.2,wave,0.075,3,0.036944444444444446,1217,2,2
27,2,50,0.2,wave,0.075,3,0.036944444444444446,1200,1,1
27,2,51,0.2,wave,0.075,3,0.036944444444444446,1189,1,0
27,2,52,0.2,wave,0.075,3,0.036944444444444446,1165,1,0
27,3,1,0.2,wave,0.075,3,0.036944444444444446,1169,1,0
27,3,2,0.2,wave,0.075,3,0.036944444444444446,1147,1,0
27,3,3,0.2,wave,0.075,3,0.036944444444444446,1151,1,1
27,3,4,0.2,wave,0.075,3,0.036944444444444446,1109,1,1
27,3,5,0.2,wave,0.075,3,0.036944444444444446,1115,2,1
27,3,6,0.2,wave,0.075,3,0.036944444444444446,1088,3,0
27,3,7,0.2,wave,0.075,3,0.036944444444444446,1101,3,0
27,3,8,0.2,wave,0.075,3,0.036944444444444446,1085,3,1
27,3,9,0.2,wave,0.075,3,0.036944444444444446,1073,3,2
27,3,10,0.2,wave,0.075,3,0.036944444444444446,1062,3,2
27,3,11,0.2,wave,0.075,3,0.036944444444444446,1064,2,2
27,3,12,0.2,wave,0.075,3,0.036944444444444446,1015,3,1
27,3,13,0.2,wave,0.075,3,0.036944444444444446,1017,3,2
27,3,14,0.2,wave,0.075,3,0.036944444444444446,1005,2,1
27,3,15,0.2,wave,0.075,3,0.036944444444444446,994,3,1
27,3,16,0.2,wave,0.075,3,0.036944444444444446,973,2,0
27,3,17,0.2,wave,0.075,3,0.036944444444444446,978,2,2
27,3,18,0.2,wave,0.075,3,0.036944444444444446,965,3,2
27,3,19,0.2,wave,0.075,3,0.036944444444444446,972,4,2
27,3,20,0.2,wave,0.075,3,0.036944444444444446,1434,3,0
27,3,21,0.2,wave,0.075,3,0.036944444444444446,1431,3,1
27,3,22,0.2,wave,0.075,3,0.036944444444444446,1383,4,2
27,3,23,0.2,wave,0.075,3,0.036944444444444446,1336,5,2
27,3,24,0.2,wave,0.075,3,0.036944444444444446,1292,4,1
27,3,25,0.2,wave,0.075,3,0.036944444444444446,1314,3,2
27,3,26,0.2,wave,0.075,3,0.036944444444444446,1273,4,2
27,3,27,0.2,wave,0.075,3,0.036944444444444446,1268,5,2
27,3,28,0.2,wave,0.075,3,0.036944444444444446,1248,5,3
27,3,29,0.2,wave,0.075,3,0.036944444444444446,1251,6,3
27,3,30,0.2,wave,0.075,3,0.036944444444444446,1219,8,5
27,3,31,0.2,wave,0.075,3,0.036944444444444446,1218,6,3
27,3,32,0.2,wave,0.075,3,0.036944444444444446,1210,9,5
27,3,33,0.2,wave,0.075,3,0.036944444444444446,1194,8,4
27,3,34,0.2,wave,0.075,3,0.036944444444444446,1188,8,6
27,3,35,0.2,wave,0.075,3,0.036944444444444446,1175,7,5
27,3,36,0.2,wave,0.075,3,0.036944444444444446,1134,7,4
27,3,37,0.2,wave,0.075,3,0.036944444444444446,1154,5,2
27,3,38,0.2,wave,0.075,3,0.036944444444444446,1128,4,2
27,3,39,0.2,wave,0.075,3,0.036944444444444446,1136,4,3
27,3,40,0.2,wave,0.075,3,0.036944444444444446,1090,3,3
27,3,41,0.2,wave,0.075,3,0.036944444444444446,1092,2,2
27,3,42,0.2,wave,0.075,3,0.036944444444444446,1046,1,1
27,3,43,0.2,wave,0.075,3,0.036944444444444446,1051,1,0
27,3,44,0.2,wave,0.075,3,0.036944444444444446,1026,1,0
27,3,45,0.2,wave,0.075,3,0.036944444444444446,1028,1,0
27,3,46,0.2,wave,0.075,3,0.036944444444444446,1006,1,1
27,3,47,0.2,wave,0.075,3,0.036944444444444446,1010,1,1
27,3,48,0.2,wave,0.075,3,0.036944444444444446,986,1,1
27,3,49,0.2,wave,0.075,3,0.036944444444444446,989,0,0
27,3,50,0.2,wave,0.075,3,0.036944444444444446,956,0,0
27,3,51,0.2,wave,0.075,3,0.036944444444444446,966,0,0
27,3,52,0.2,wave,0.075,3,0.036944444444444446,930,0,0
27,4,1,0.2,wave,0.075,3,0.036944444444444446,931,0,0
27,4,2,0.2,wave,0.075,3,0.036944444444444446,917,0,0
27,4,3,0.2,wave,0.075,3,0.036944444444444446,921,0,0
27,4,4,0.2,wave,0.075,3,0.036944444444444446,909,0,0
27,4,5,0.2,wave,0.075,3,0.036944444444444446,913,0,0
27,4,6,0.2,wave,0.075,3,0.036944444444444446,897,0,0
27,4,7,0.2,wave,0.075,3,0.036944444444444446,896,0,0
27,4,8,0.2,wave,0.075,3,0.036944444444444446,887,0,0
27,4,9,0.2,wave,0.075,3,0.036944444444444446,891,0,0
27,4,10,0.2,wave,0.075,3,0.036944444444444446,883,0,0
27,4,11,0.2,wave,0.075,3,0.036944444444444446,878,0,0
27,4,12,0.2,wave,0.075,3,0.036944444444444446,867,0,0
27,4,13,0.2,wave,0.075,3,0.036944444444444446,873,0,0
27,4,14,0.2,wave,0.075,3,0.036944444444444446,861,0,0
27,4,15,0.2,wave,0.075,3,0.036944444444444446,862,0,0
27,4,16,0.2,wave,0.075,3,0.036944444444444446,853,0,0
27,4,17,0.2,wave,0.075,3,0.036944444444444446,858,0,0
27,4,18,0.2,wave,0.075,3,0.036944444444444446,850,0,0
27,4,19,0.2,wave,0.075,3,0.036944444444444446,861,0,0
27,4,20,0.2,wave,0.075,3,0.036944444444444446,1302,0,0
27,4,21,0.2,wave,0.075,3,0.036944444444444446,1297,0,0
27,4,22,0.2,wave,0.075,3,0.036944444444444446,1248,0,0
27,4,23,0.2,wave,0.075,3,0.036944444444444446,1241,0,0
27,4,24,0.2,wave,0.075,3,0.036944444444444446,1221,0,0
27,4,25,0.2,wave,0.075,3,0.036944444444444446,1216,0,0
27,4,26,0.2,wave,0.075,3,0.036944444444444446,1188,0,0
27,4,27,0.2,wave,0.075,3,0.036944444444444446,1170,0,0
27,4,28,0.2,wave,0.075,3,0.036944444444444446,1148,0,0
27,4,29,0.2,wave,0.075,3,0.036944444444444446,1131,0,0
27,4,30,0.2,wave,0.075,3,0.036944444444444446,1120,0,0
27,4,31,0.2,wave,0.075,3,0.036944444444444446,1115,0,0
27,4,32,0.2,wave,0.075,3,0.036944444444444446,1114,0,0
27,4,33,0.2,wave,0.075,3,0.036944444444444446,1098,0,0
27,4,34,0.2,wave,0.075,3,0.036944444444444446,1081,0,0
27,4,35,0.2,wave,0.075,3,0.036944444444444446,1063,0,0
27,4,36,0.2,wave,0.075,3,0.036944444444444446,1044,0,0
27,4,37,0.2,wave,0.075,3,0.036944444444444446,1033,0,0
27,4,38,0.2,wave,0.075,3,0.036944444444444446,1006,0,0
27,4,39,0.2,wave,0.075,3,0.036944444444444446,993,0,0
27,4,40,0.2,wave,0.075,3,0.036944444444444446,977,0,0
27,4,41,0.2,wave,0.075,3,0.036944444444444446,959,0,0
27,4,42,0.2,wave,0.075,3,0.036944444444444446,961,0,0
27,4,43,0.2,wave,0.075,3,0.036944444444444446,948,0,0
27,4,44,0.2,wave,0.075,3,0.036944444444444446,941,0,0
27,4,45,0.2,wave,0.075,3,0.036944444444444446,936,0,0
27,4,46,0.2,wave,0.075,3,0.036944444444444446,930,0,0
27,4,47,0.2,wave,0.075,3,0.036944444444444446,920,0,0
27,4,48,0.2,wave,0.075,3,0.036944444444444446,916,0,0
27,4,49,0.2,wave,0.075,3,0.036944444444444446,913,0,0
27,4,50,0.2,wave,0.075,3,0.036944444444444446,900,0,0
27,4,51,0.2,wave,0.075,3,0.036944444444444446,897,0,0
27,4,52,0.2,wave,0.075,3,0.036944444444444446,885,0,0
27,5,1,0.2,wave,0.075,3,0.036944444444444446,886,0,0
27,5,2,0.2,wave,0.075,3,0.036944444444444446,869,0,0
27,5,3,0.2,wave,0.075,3,0.036944444444444446,849,0,0
27,5,4,0.2,wave,0.075,3,0.036944444444444446,823,0,0
27,5,5,0.2,wave,0.075,3,0.036944444444444446,819,0,0
27,5,6,0.2,wave,0.075,3,0.036944444444444446,810,0,0
27,5,7,0.2,wave,0.075,3,0.036944444444444446,810,0,0
27,5,8,0.2,wave,0.075,3,0.036944444444444446,795,0,0
27,5,9,0.2,wave,0.075,3,0.036944444444444446,794,0,0
27,5,10,0.2,wave,0.075,3,0.036944444444444446,793,0,0
27,5,11,0.2,wave,0.075,3,0.036944444444444446,789,0,0
27,5,12,0.2,wave,0.075,3,0.036944444444444446,788,0,0
27,5,13,0.2,wave,0.075,3,0.036944444444444446,786,0,0
27,5,14,0.2,wave,0.075,3,0.036944444444444446,784,0,0
27,5,15,0.2,wave,0.075,3,0.036944444444444446,783,0,0
27,5,16,0.2,wave,0.075,3,0.036944444444444446,779,0,0
27,5,17,0.2,wave,0.075,3,0.036944444444444446,782,0,0
27,5,18,0.2,wave,0.075,3,0.036944444444444446,775,0,0
27,5,19,0.2,wave,0.075,3,0.036944444444444446,777,0,0
27,5,20,0.2,wave,0.075,3,0.036944444444444446,1188,0,0
27,5,21,0.2,wave,0.075,3,0.036944444444444446,1177,0,0
27,5,22,0.2,wave,0.075,3,0.036944444444444446,1131,0,0
27,5,23,0.2,wave,0.075,3,0.036944444444444446,1093,0,0
27,5,24,0.2,wave,0.075,3,0.036944444444444446,1048,0,0
27,5,25,0.2,wave,0.075,3,0.036944444444444446,1030,0,0
27,5,26,0.2,wave,0.075,3,0.036944444444444446,1028,0,0
27,5,27,0.2,wave,0.075,3,0.036944444444444446,1018,0,0
27,5,28,0.2,wave,0.075,3,0.036944444444444446,1028,0,0
27,5,29,0.2,wave,0.075,3,0.036944444444444446,1017,0,0
27,5,30,0.2,wave,0.075,3,0.036944444444444446,1024,0,0
27,5,31,0.2,wave,0.075,3,0.036944444444444446,1002,0,0
27,5,32,0.2,wave,0.075,3,0.036944444444444446,1001,0,0
27,5,33,0.2,wave,0.075,3,0.036944444444444446,997,0,0
27,5,34,0.2,wave,0.075,3,0.036944444444444446,963,0,0
27,5,35,0.2,wave,0.075,3,0.036944444444444446,960,0,0
27,5,36,0.2,wave,0.075,3,0.036944444444444446,943,0,0
27,5,37,0.2,wave,0.075,3,0.036944444444444446,924,0,0
27,5,38,0.2,wave,0.075,3,0.036944444444444446,909,0,0
27,5,39,0.2,wave,0.075,3,0.036944444444444446,906,0,0
27,5,40,0.2,wave,0.075,3,0.036944444444444446,897,0,0
27,5,41,0.2,wave,0.075,3,0.036944444444444446,890,0,0
27,5,42,0.2,wave,0.075,3,0.036944444444444446,887,0,0
27,5,43,0.2,wave,0.075,3,0.036944444444444446,881,0,0
27,5,44,0.2,wave,0.075,3,0.036944444444444446,877,0,0
27,5,45,0.2,wave,0.075,3,0.036944444444444446,867,0,0
27,5,46,0.2,wave,0.075,3,0.036944444444444446,844,0,0
27,5,47,0.2,wave,0.075,3,0.036944444444444446,836,0,0
27,5,48,0.2,wave,0.075,3,0.036944444444444446,835,0,0
27,5,49,0.2,wave,0.075,3,0.036944444444444446,818,0,0
27,5,50,0.2,wave,0.075,3,0.036944444444444446,801,0,0
27,5,51,0.2,wave,0.075,3,0.036944444444444446,795,0,0
27,5,52,0.2,wave,0.075,3,0.036944444444444446,791,0,0
27,6,1,0.2,wave,0.075,3,0.036944444444444446,783,0,0
27,6,2,0.2,wave,0.075,3,0.036944444444444446,777,0,0
27,6,3,0.2,wave,0.075,3,0.036944444444444446,772,0,0
27,6,4,0.2,wave,0.075,3,0.036944444444444446,772,0,0
27,6,5,0.2,wave,0.075,3,0.036944444444444446,767,0,0
27,6,6,0.2,wave,0.075,3,0.036944444444444446,763,0,0
27,6,7,0.2,wave,0.075,3,0.036944444444444446,764,0,0
27,6,8,0.2,wave,0.075,3,0.036944444444444446,747,0,0
27,6,9,0.2,wave,0.075,3,0.036944444444444446,747,0,0
27,6,10,0.2,wave,0.075,3,0.036944444444444446,743,0,0
27,6,11,0.2,wave,0.075,3,0.036944444444444446,743,0,0
27,6,12,0.2,wave,0.075,3,0.036944444444444446,741,0,0
27,6,13,0.2,wave,0.075,3,0.036944444444444446,742,0,0
27,6,14,0.2,wave,0.075,3,0.036944444444444446,739,0,0
27,6,15,0.2,wave,0.075,3,0.036944444444444446,738,0,0
27,6,16,0.2,wave,0.075,3,0.036944444444444446,736,0,0
27,6,17,0.2,wave,0.075,3,0.036944444444444446,735,0,0
27,6,18,0.2,wave,0.075,3,0.036944444444444446,730,0,0
27,6,19,0.2,wave,0.075,3,0.036944444444444446,731,0,0
27,6,20,0.2,wave,0.075,3,0.036944444444444446,1113,0,0
27,6,21,0.2,wave,0.075,3,0.036944444444444446,1088,0,0
27,6,22,0.2,wave,0.075,3,0.036944444444444446,1099,0,0
27,6,23,0.2,wave,0.075,3,0.036944444444444446,1081,0,0
27,6,24,0.2,wave,0.075,3,0.036944444444444446,1073,0,0
27,6,25,0.2,wave,0.075,3,0.036944444444444446,1061,0,0
27,6,26,0.2,wave,0.075,3,0.036944444444444446,1012,0,0
27,6,27,0.2,wave,0.075,3,0.036944444444444446,980,0,0
27,6,28,0.2,wave,0.075,3,0.036944444444444446,984,0,0
27,6,29,0.2,wave,0.075,3,0.036944444444444446,933,0,0
27,6,30,0.2,wave,0.075,3,0.036944444444444446,924,0,0
27,6,31,0.2,wave,0.075,3,0.036944444444444446,913,0,0
27,6,32,0.2,wave,0.075,3,0.036944444444444446,903,0,0
27,6,33,0.2,wave,0.075,3,0.036944444444444446,882,0,0
27,6,34,0.2,wave,0.075,3,0.036944444444444446,889,0,0
27,6,35,0.2,wave,0.075,3,0.036944444444444446,866,0,0
27,6,36,0.2,wave,0.075,3,0.036944444444444446,849,0,0
27,6,37,0.2,wave,0.075,3,0.036944444444444446,839,0,0
27,6,38,0.2,wave,0.075,3,0.036944444444444446,834,0,0
27,6,39,0.2,wave,0.075,3,0.036944444444444446,828,0,0
27,6,40,0.2,wave,0.075,3,0.036944444444444446,825,0,0
27,6,41,0.2,wave,0.075,3,0.036944444444444446,824,0,0
27,6,42,0.2,wave,0.075,3,0.036944444444444446,818,0,0
27,6,43,0.2,wave,0.075,3,0.036944444444444446,805,0,0
27,6,44,0.2,wave,0.075,3,0.036944444444444446,796,0,0
27,6,45,0.2,wave,0.075,3,0.036944444444444446,800,0,0
27,6,46,0.2,wave,0.075,3,0.036944444444444446,787,0,0
27,6,47,0.2,wave,0.075,3,0.036944444444444446,781,0,0
27,6,48,0.2,wave,0.075,3,0.036944444444444446,770,0,0
27,6,49,0.2,wave,0.075,3,0.036944444444444446,779,0,0
27,6,50,0.2,wave,0.075,3,0.036944444444444446,765,0,0
27,6,51,0.2,wave,0.075,3,0.036944444444444446,765,0,0
27,6,52,0.2,wave,0.075,3,0.036944444444444446,751,0,0
27,7,1,0.2,wave,0.075,3,0.036944444444444446,753,0,0
27,7,2,0.2,wave,0.075,3,0.036944444444444446,744,0,0
27,7,3,0.2,wave,0.075,3,0.036944444444444446,748,0,0
27,7,4,0.2,wave,0.075,3,0.036944444444444446,737,0,0
27,7,5,0.2,wave,0.075,3,0.036944444444444446,739,0,0
27,7,6,0.2,wave,0.075,3,0.036944444444444446,735,0,0
27,7,7,0.2,wave,0.075,3,0.036944444444444446,739,0,0
27,7,8,0.2,wave,0.075,3,0.036944444444444446,735,0,0
27,7,9,0.2,wave,0.075,3,0.036944444444444446,737,0,0
27,7,10,0.2,wave,0.075,3,0.036944444444444446,731,0,0
27,7,11,0.2,wave,0.075,3,0.036944444444444446,735,0,0
27,7,12,0.2,wave,0.075,3,0.036944444444444446,730,0,0
27,7,13,0.2,wave,0.075,3,0.036944444444444446,732,0,0
27,7,14,0.2,wave,0.075,3,0.036944444444444446,724,0,0
27,7,15,0.2,wave,0.075,3,0.036944444444444446,730,0,0
27,7,16,0.2,wave,0.075,3,0.036944444444444446,720,0,0
27,7,17,0.2,wave,0.075,3,0.036944444444444446,728,0,0
27,7,18,0.2,wave,0.075,3,0.036944444444444446,716,0,0
27,7,19,0.2,wave,0.075,3,0.036944444444444446,722,0,0
27,7,20,0.2,wave,0.075,3,0.036944444444444446,1112,0,0
27,7,21,0.2,wave,0.075,3,0.036944444444444446,1119,0,0
27,7,22,0.2,wave,0.075,3,0.036944444444444446,1058,0,0
27,7,23,0.2,wave,0.075,3,0.036944444444444446,1061,0,0
27,7,24,0.2,wave,0.075,3,0.036944444444444446,1027,0,0
27,7,25,0.2,wave,0.075,3,0.036944444444444446,1001,0,0
27,7,26,0.2,wave,0.075,3,0.036944444444444446,958,0,0
27,7,27,0.2,wave,0.075,3,0.036944444444444446,949,0,0
27,7,28,0.2,wave,0.075,3,0.036944444444444446,917,0,0
27,7,29,0.2,wave,0.075,3,0.036944444444444446,922,0,0
27,7,30,0.2,wave,0.075,3,0.036944444444444446,886,0,0
27,7,31,0.2,wave,0.075,3,0.036944444444444446,891,0,0
27,7,32,0.2,wave,0.075,3,0.036944444444444446,872,0,0
27,7,33,0.2,wave,0.075,3,0.036944444444444446,881,0,0
27,7,34,0.2,wave,0.075,3,0.036944444444444446,838,0,0
27,7,35,0.2,wave,0.075,3,0.036944444444444446,857,0,0
27,7,36,0.2,wave,0.075,3,0.036944444444444446,834,0,0
27,7,37,0.2,wave,0.075,3,0.036944444444444446,848,0,0
27,7,38,0.2,wave,0.075,3,0.036944444444444446,830,0,0
27,7,39,0.2,wave,0.075,3,0.036944444444444446,838,0,0
27,7,40,0.2,wave,0.075,3,0.036944444444444446,824,0,0
27,7,41,0.2,wave,0.075,3,0.036944444444444446,833,0,0
27,7,42,0.2,wave,0.075,3,0.036944444444444446,827,0,0
27,7,43,0.2,wave,0.075,3,0.036944444444444446,823,0,0
27,7,44,0.2,wave,0.075,3,0.036944444444444446,813,0,0
27,7,45,0.2,wave,0.075,3,0.036944444444444446,804,0,0
27,7,46,0.2,wave,0.075,3,0.036944444444444446,790,0,0
27,7,47,0.2,wave,0.075,3,0.036944444444444446,795,0,0
27,7,48,0.2,wave,0.075,3,0.036944444444444446,781,0,0
27,7,49,0.2,wave,0.075,3,0.036944444444444446,787,0,0
27,7,50,0.2,wave,0.075,3,0.036944444444444446,776,0,0
27,7,51,0.2,wave,0.075,3,0.036944444444444446,780,0,0
27,7,52,0.2,wave,0.075,3,0.036944444444444446,770,0,0
27,8,1,0.2,wave,0.075,3,0.036944444444444446,757,0,0
27,8,2,0.2,wave,0.075,3,0.036944444444444446,752,0,0
27,8,3,0.2,wave,0.075,3,0.036944444444444446,738,0,0
27,8,4,0.2,wave,0.075,3,0.036944444444444446,733,0,0
27,8,5,0.2,wave,0.075,3,0.036944444444444446,736,0,0
27,8,6,0.2,wave,0.075,3,0.036944444444444446,721,0,0
27,8,7,0.2,wave,0.075,3,0.036944444444444446,723,0,0
27,8,8,0.2,wave,0.075,3,0.036944444444444446,719,0,0
27,8,9,0.2,wave,0.075,3,0.036944444444444446,724,0,0
27,8,10,0.2,wave,0.075,3,0.036944444444444446,718,0,0
27,8,11,0.2,wave,0.075,3,0.036944444444444446,723,0,0
27,8,12,0.2,wave,0.075,3,0.036944444444444446,718,0,0
27,8,13,0.2,wave,0.075,3,0.036944444444444446,721,0,0
27,8,14,0.2,wave,0.075,3,0.036944444444444446,713,0,0
27,8,15,0.2,wave,0.075,3,0.036944444444444446,720,0,0
27,8,16,0.2,wave,0.075,3,0.036944444444444446,714,0,0
27,8,17,0.2,wave,0.075,3,0.036944444444444446,713,0,0
27,8,18,0.2,wave,0.075,3,0.036944444444444446,709,0,0
27,8,19,0.2,wave,0.075,3,0.036944444444444446,703,0,0
27,8,20,0.2,wave,0.075,3,0.036944444444444446,1055,0,0
27,8,21,0.2,wave,0.075,3,0.036944444444444446,1032,0,0
27,8,22,0.2,wave,0.075,3,0.036944444444444446,988,0,0
27,8,23,0.2,wave,0.075,3,0.036944444444444446,981,0,0
27,8,24,0.2,wave,0.075,3,0.036944444444444446,952,0,0
27,8,25,0.2,wave,0.075,3,0.036944444444444446,957,0,0
27,8,26,0.2,wave,0.075,3,0.036944444444444446,945,0,0
27,8,27,0.2,wave,0.075,3,0.036944444444444446,932,0,0
27,8,28,0.2,wave,0.075,3,0.036944444444444446,931,0,0
27,8,29,0.2,wave,0.075,3,0.036944444444444446,918,0,0
27,8,30,0.2,wave,0.075,3,0.036944444444444446,905,0,0
27,8,31,0.2,wave,0.075,3,0.036944444444444446,907,0,0
27,8,32,0.2,wave,0.075,3,0.036944444444444446,887,0,0
27,8,33,0.2,wave,0.075,3,0.036944444444444446,876,0,0
27,8,34,0.2,wave,0.075,3,0.036944444444444446,874,0,0
27,8,35,0.2,wave,0.075,3,0.036944444444444446,851,0,0
27,8,36,0.2,wave,0.075,3,0.036944444444444446,848,0,0
27,8,37,0.2,wave,0.075,3,0.036944444444444446,837,0,0
27,8,38,0.2,wave,0.075,3,0.036944444444444446,837,0,0
27,8,39,0.2,wave,0.075,3,0.036944444444444446,819,0,0
27,8,40,0.2,wave,0.075,3,0.036944444444444446,826,0,0
27,8,41,0.2,wave,0.075,3,0.036944444444444446,827,0,0
27,8,42,0.2,wave,0.075,3,0.036944444444444446,823,0,0
27,8,43,0.2,wave,0.075,3,0.036944444444444446,813,0,0
27,8,44,0.2,wave,0.075,3,0.036944444444444446,814,0,0
27,8,45,0.2,wave,0.075,3,0.036944444444444446,817,0,0
27,8,46,0.2,wave,0.075,3,0.036944444444444446,799,0,0
27,8,47,0.2,wave,0.075,3,0.036944444444444446,803,0,0
27,8,48,0.2,wave,0.075,3,0.036944444444444446,799,0,0
27,8,49,0.2,wave,0.075,3,0.036944444444444446,796,0,0
27,8,50,0.2,wave,0.075,3,0.036944444444444446,792,0,0
27,8,51,0.2,wave,0.075,3,0.036944444444444446,794,0,0
27,8,52,0.2,wave,0.075,3,0.036944444444444446,782,0,0
27,9,1,0.2,wave,0.075,3,0.036944444444444446,788,0,0
27,9,2,0.2,wave,0.075,3,0.036944444444444446,778,0,0
27,9,3,0.2,wave,0.075,3,0.036944444444444446,791,0,0
27,9,4,0.2,wave,0.075,3,0.036944444444444446,776,0,0
27,9,5,0.2,wave,0.075,3,0.036944444444444446,785,0,0
27,9,6,0.2,wave,0.075,3,0.036944444444444446,774,0,0
27,9,7,0.2,wave,0.075,3,0.036944444444444446,786,0,0
27,9,8,0.2,wave,0.075,3,0.036944444444444446,764,0,0
27,9,9,0.2,wave,0.075,3,0.036944444444444446,769,0,0
27,9,10,0.2,wave,0.075,3,0.036944444444444446,766,0,0
27,9,11,0.2,wave,0.075,3,0.036944444444444446,771,0,0
27,9,12,0.2,wave,0.075,3,0.036944444444444446,759,0,0
27,9,13,0.2,wave,0.075,3,0.036944444444444446,756,0,0
27,9,14,0.2,wave,0.075,3,0.036944444444444446,748,0,0
27,9,15,0.2,wave,0.075,3,0.036944444444444446,756,0,0
27,9,16,0.2,wave,0.075,3,0.036944444444444446,749,0,0
27,9,17,0.2,wave,0.075,3,0.036944444444444446,755,0,0
27,9,18,0.2,wave,0.075,3,0.036944444444444446,745,0,0
27,9,19,0.2,wave,0.075,3,0.036944444444444446,744,0,0
27,9,20,0.2,wave,0.075,3,0.036944444444444446,1030,0,0
27,9,21,0.2,wave,0.075,3,0.036944444444444446,1007,0,0
27,9,22,0.2,wave,0.075,3,0.036944444444444446,983,0,0
27,9,23,0.2,wave,0.075,3,0.036944444444444446,984,0,0
27,9,24,0.2,wave,0.075,3,0.036944444444444446,956,0,0
27,9,25,0.2,wave,0.075,3,0.036944444444444446,956,0,0
27,9,26,0.2,wave,0.075,3,0.036944444444444446,930,0,0
27,9,27,0.2,wave,0.075,3,0.036944444444444446,930,0,0
27,9,28,0.2,wave,0.075,3,0.036944444444444446,914,0,0
27,9,29,0.2,wave,0.075,3,0.036944444444444446,917,0,0
27,9,30,0.2,wave,0.075,3,0.036944444444444446,903,0,0
27,9,31,0.2,wave,0.075,3,0.036944444444444446,910,0,0
27,9,32,0.2,wave,0.075,3,0.036944444444444446,903,0,0
27,9,33,0.2,wave,0.075,3,0.036944444444444446,918,0,0
27,9,34,0.2,wave,0.075,3,0.036944444444444446,883,0,0
27,9,35,0.2,wave,0.075,3,0.036944444444444446,883,0,0
27,9,36,0.2,wave,0.075,3,0.036944444444444446,845,0,0
27,9,37,0.2,wave,0.075,3,0.036944444444444446,810,0,0
27,9,38,0.2,wave,0.075,3,0.036944444444444446,810,0,0
27,9,39,0.2,wave,0.075,3,0.036944444444444446,815,0,0
27,9,40,0.2,wave,0.075,3,0.036944444444444446,810,0,0
27,9,41,0.2,wave,0.075,3,0.036944444444444446,818,0,0
27,9,42,0.2,wave,0.075,3,0.036944444444444446,799,0,0
27,9,43,0.2,wave,0.075,3,0.036944444444444446,810,0,0
27,9,44,0.2,wave,0.075,3,0.036944444444444446,799,0,0
27,9,45,0.2,wave,0.075,3,0.036944444444444446,810,0,0
27,9,46,0.2,wave,0.075,3,0.036944444444444446,800,0,0
27,9,47,0.2,wave,0.075,3,0.036944444444444446,805,0,0
27,9,48,0.2,wave,0.075,3,0.036944444444444446,800,0,0
27,9,49,0.2,wave,0.075,3,0.036944444444444446,788,0,0
27,9,50,0.2,wave,0.075,3,0.036944444444444446,779,0,0
27,9,51,0.2,wave,0.075,3,0.036944444444444446,782,0,0
27,9,52,0.2,wave,0.075,3,0.036944444444444446,774,0,0
27,10,1,0.2,wave,0.075,3,0.036944444444444446,754,0,0
27,10,2,0.2,wave,0.075,3,0.036944444444444446,746,0,0
27,10,3,0.2,wave,0.075,3,0.036944444444444446,752,0,0
27,10,4,0.2,wave,0.075,3,0.036944444444444446,746,0,0
27,10,5,0.2,wave,0.075,3,0.036944444444444446,750,0,0
27,10,6,0.2,wave,0.075,3,0.036944444444444446,744,0,0
27,10,7,0.2,wave,0.075,3,0.036944444444444446,740,0,0
27,10,8,0.2,wave,0.075,3,0.036944444444444446,738,0,0
27,10,9,0.2,wave,0.075,3,0.036944444444444446,742,0,0
27,10,10,0.2,wave,0.075,3,0.036944444444444446,737,0,0
27,10,11,0.2,wave,0.075,3,0.036944444444444446,741,0,0
27,10,12,0.2,wave,0.075,3,0.036944444444444446,721,0,0
27,10,13,0.2,wave,0.075,3,0.036944444444444446,730,0,0
27,10,14,0.2,wave,0.075,3,0.036944444444444446,722,0,0
27,10,15,0.2,wave,0.075,3,0.036944444444444446,729,0,0
27,10,16,0.2,wave,0.075,3,0.036944444444444446,723,0,0
27,10,17,0.2,wave,0.075,3,0.036944444444444446,729,0,0
27,10,18,0.2,wave,0.075,3,0.036944444444444446,723,0,0
27,10,19,0.2,wave,0.075,3,0.036944444444444446,725,0,0
27,10,20,0.2,wave,0.075,3,0.036944444444444446,1049,0,0
27,10,21,0.2,wave,0.075,3,0.036944444444444446,1044,0,0
27,10,22,0.2,wave,0.075,3,0.036944444444444446,998,0,0
27,10,23,0.2,wave,0.075,3,0.036944444444444446,992,0,0
27,10,24,0.2,wave,0.075,3,0.036944444444444446,971,0,0
27,10,25,0.2,wave,0.075,3,0.036944444444444446,976,0,0
27,10,26,0.2,wave,0.075,3,0.036944444444444446,941,0,0
27,10,27,0.2,wave,0.075,3,0.036944444444444446,936,0,0
27,10,28,0.2,wave,0.075,3,0.036944444444444446,910,0,0
27,10,29,0.2,wave,0.075,3,0.036944444444444446,904,0,0
27,10,30,0.2,wave,0.075,3,0.036944444444444446,907,0,0
27,10,31,0.2,wave,0.075,3,0.036944444444444446,906,0,0
27,10,32,0.2,wave,0.075,3,0.036944444444444446,910,0,0
27,10,33,0.2,wave,0.075,3,0.036944444444444446,905,0,0
27,10,34,0.2,wave,0.075,3,0.036944444444444446,877,0,0
27,10,35,0.2,wave,0.075,3,0.036944444444444446,876,0,0
27,10,36,0.2,wave,0.075,3,0.036944444444444446,884,0,0
27,10,37,0.2,wave,0.075,3,0.036944444444444446,886,0,0
27,10,38,0.2,wave,0.075,3,0.036944444444444446,866,0,0
27,10,39,0.2,wave,0.075,3,0.036944444444444446,861,0,0
27,10,40,0.2,wave,0.075,3,0.036944444444444446,854,0,0
27,10,41,0.2,wave,0.075,3,0.036944444444444446,858,0,0
27,10,42,0.2,wave,0.075,3,0.036944444444444446,844,0,0
27,10,43,0.2,wave,0.075,3,0.036944444444444446,845,0,0
27,10,44,0.2,wave,0.075,3,0.036944444444444446,827,0,0
27,10,45,0.2,wave,0.075,3,0.036944444444444446,839,0,0
27,10,46,0.2,wave,0.075,3,0.036944444444444446,827,0,0
27,10,47,0.2,wave,0.075,3,0.036944444444444446,830,0,0
27,10,48,0.2,wave,0.075,3,0.036944444444444446,817,0,0
27,10,49,0.2,wave,0.075,3,0.036944444444444446,828,0,0
27,10,50,0.2,wave,0.075,3,0.036944444444444446,813,0,0
27,10,51,0.2,wave,0.075,3,0.036944444444444446,823,0,0
27,10,52,0.2,wave,0.075,3,0.036944444444444446,811,0,0
28,1,1,0.2,wave,0.075,3,0.03166666666666667,6579,58,15
28,1,2,0.2,wave,0.075,3,0.03166666666666667,6531,77,26
28,1,3,0.2,wave,0.075,3,0.03166666666666667,6331,113,41
28,1,4,0.2,wave,0.075,3,0.03166666666666667,6153,134,43
28,1,5,0.2,wave,0.075,3,0.03166666666666667,5995,183,52
28,1,6,0.2,wave,0.075,3,0.03166666666666667,5733,233,72
28,1,7,0.2,wave,0.075,3,0.03166666666666667,5475,293,91
28,1,8,0.2,wave,0.075,3,0.03166666666666667,5187,304,104
28,1,9,0.2,wave,0.075,3,0.03166666666666667,5010,371,142
28,1,10,0.2,wave,0.075,3,0.03166666666666667,4798,401,148
28,1,11,0.2,wave,0.075,3,0.03166666666666667,4655,443,195
28,1,12,0.2,wave,0.075,3,0.03166666666666667,4459,444,207
28,1,13,0.2,wave,0.075,3,0.03166666666666667,4320,489,229
28,1,14,0.2,wave,0.075,3,0.03166666666666667,4116,482,226
28,1,15,0.2,wave,0.075,3,0.03166666666666667,4005,465,221
28,1,16,0.2,wave,0.075,3,0.03166666666666667,3858,456,227
28,1,17,0.2,wave,0.075,3,0.03166666666666667,3764,433,223
28,1,18,0.2,wave,0.075,3,0.03166666666666667,3586,424,231
28,1,19,0.2,wave,0.075,3,0.03166666666666667,3458,393,211
28,1,20,0.2,wave,0.075,3,0.03166666666666667,5009,381,192
28,1,21,0.2,wave,0.075,3,0.03166666666666667,4624,430,175
28,1,22,0.2,wave,0.075,3,0.03166666666666667,4411,460,179
28,1,23,0.2,wave,0.075,3,0.03166666666666667,4232,441,196
28,1,24,0.2,wave,0.075,3,0.03166666666666667,4109,483,221
28,1,25,0.2,wave,0.075,3,0.03166666666666667,3980,477,216
28,1,26,0.2,wave,0.075,3,0.03166666666666667,3920,486,205
28,1,27,0.2,wave,0.075,3,0.03166666666666667,3759,470,224
28,1,28,0.2,wave,0.075,3,0.03166666666666667,3677,492,214
28,1,29,0.2,wave,0.075,3,0.03166666666666667,3582,484,245
28,1,30,0.2,wave,0.075,3,0.03166666666666667,3423,466,205
28,1,31,0.2,wave,0.075,3,0.03166666666666667,3325,497,221
28,1,32,0.2,wave,0.075,3,0.03166666666666667,3169,470,208
28,1,33,0.2,wave,0.075,3,0.03166666666666667,3042,461,215
28,1,34,0.2,wave,0.075,3,0.03166666666666667,2969,455,233
28,1,35,0.2,wave,0.075,3,0.03166666666666667,2831,433,225
28,1,36,0.2,wave,0.075,3,0.03166666666666667,2698,400,214
28,1,37,0.2,wave,0.075,3,0.03166666666666667,2570,384,197
28,1,38,0.2,wave,0.075,3,0.03166666666666667,2455,337,181
28,1,39,0.2,wave,0.075,3,0.03166666666666667,2354,328,156
28,1,40,0.2,wave,0.075,3,0.03166666666666667,2273,326,154
28,1,41,0.2,wave,0.075,3,0.03166666666666667,2188,305,148
28,1,42,0.2,wave,0.075,3,0.03166666666666667,2128,297,150
28,1,43,0.2,wave,0.075,3,0.03166666666666667,2057,282,142
28,1,44,0.2,wave,0.075,3,0.03166666666666667,1980,255,137
28,1,45,0.2,wave,0.075,3,0.03166666666666667,1921,246,137
28,1,46,0.2,wave,0.075,3,0.03166666666666667,1853,217,135
28,1,47,0.2,wave,0.075,3,0.03166666666666667,1772,185,104
28,1,48,0.2,wave,0.075,3,0.03166666666666667,1682,161,88
28,1,49,0.2,wave,0.075,3,0.03166666666666667,1627,133,64
28,1,50,0.2,wave,0.075,3,0.03166666666666667,1584,122,65
28,1,51,0.2,wave,0.075,3,0.03166666666666667,1540,105,59
28,1,52,0.2,wave,0.075,3,0.03166666666666667,1503,102,59
28,2,1,0.2,wave,0.075,3,0.03166666666666667,1477,90,52
28,2,2,0.2,wave,0.075,3,0.03166666666666667,1432,80,40
28,2,3,0.2,wave,0.075,3,0.03166666666666667,1415,73,37
28,2,4,0.2,wave,0.075,3,0.03166666666666667,1381,61,30
28,2,5,0.2,wave,0.075,3,0.03166666666666667,1366,61,34
28,2,6,0.2,wave,0.075,3,0.03166666666666667,1346,59,37
28,2,7,0.2,wave,0.075,3,0.03166666666666667,1328,51,34
28,2,8,0.2,wave,0.075,3,0.03166666666666667,1303,44,26
28,2,9,0.2,wave,0.075,3,0.03166666666666667,1283,32,15
28,2,10,0.2,wave,0.075,3,0.03166666666666667,1255,23,12
28,2,11,0.2,wave,0.075,3,0.03166666666666667,1247,21,13
28,2,12,0.2,wave,0.075,3,0.03166666666666667,1240,21,11
28,2,13,0.2,wave,0.075,3,0.03166666666666667,1226,19,8
28,2,14,0.2,wave,0.075,3,0.03166666666666667,1215,16,5
28,2,15,0.2,wave,0.075,3,0.03166666666666667,1204,14,6
28,2,16,0.2,wave,0.075,3,0.03166666666666667,1198,14,9
28,2,17,0.2,wave,0.075,3,0.03166666666666667,1189,19,11
28,2,18,0.2,wave,0.075,3,0.03166666666666667,1180,18,9
28,2,19,0.2,wave,0.075,3,0.03166666666666667,1160,16,7
28,2,20,0.2,wave,0.075,3,0.03166666666666667,1654,14,9
28,2,21,0.2,wave,0.075,3,0.03166666666666667,1585,21,10
28,2,22,0.2,wave,0.075,3,0.03166666666666667,1577,20,7
28,2,23,0.2,wave,0.075,3,0.03166666666666667,1568,18,7
28,2,24,0.2,wave,0.075,3,0.03166666666666667,1561,20,10
28,2,25,0.2,wave,0.075,3,0.03166666666666667,1560,26,9
28,2,26,0.2,wave,0.075,3,0.03166666666666667,1522,28,8
28,2,27,0.2,wave,0.075,3,0.03166666666666667,1491,29,9
28,2,28,0.2,wave,0.075,3,0.03166666666666667,1485,35,15
28,2,29,0.2,wave,0.075,3,0.03166666666666667,1445,35,19
28,2,30,0.2,wave,0.075,3,0.03166666666666667,1418,29,17
28,2,31,0.2,wave,0.075,3,0.03166666666666667,1394,24,14
28,2,32,0.2,wave,0.075,3,0.03166666666666667,1377,27,11
28,2,33,0.2,wave,0.075,3,0.03166666666666667,1347,22,8
28,2,34,0.2,wave,0.075,3,0.03166666666666667,1321,16,8
28,2,35,0.2,wave,0.075,3,0.03166666666666667,1301,20,8
28,2,36,0.2,wave,0.075,3,0.03166666666666667,1290,19,9
28,2,37,0.2,wave,0.075,3,0.03166666666666667,1258,20,10
28,2,38,0.2,wave,0.075,3,0.03166666666666667,1228,23,11
28,2,39,0.2,wave,0.075,3,0.03166666666666667,1230,19,9
28,2,40,0.2,wave,0.075,3,0.03166666666666667,1197,14,7
28,2,41,0.2,wave,0.075,3,0.03166666666666667,1185,11,8
28,2,42,0.2,wave,0.075,3,0.03166666666666667,1134,13,7
28,2,43,0.2,wave,0.075,3,0.03166666666666667,1114,11,5
28,2,44,0.2,wave,0.075,3,0.03166666666666667,1095,9,3
28,2,45,0.2,wave,0.075,3,0.03166666666666667,1089,9,6
28,2,46,0.2,wave,0.075,3,0.03166666666666667,1077,7,4
28,2,47,0.2,wave,0.075,3,0.03166666666666667,1064,7,5
28,2,48,0.2,wave,0.075,3,0.03166666666666667,1049,4,2
28,2,49,0.2,wave,0.075,3,0.03166666666666667,1044,4,2
28,2,50,0.2,wave,0.075,3,0.03166666666666667,1035,2,0
28,2,51,0.2,wave,0.075,3,0.03166666666666667,1029,2,2
28,2,52,0.2,wave,0.075,3,0.03166666666666667,1014,2,2
28,3,1,0.2,wave,0.075,3,0.03166666666666667,1006,2,2
28,3,2,0.2,wave,0.075,3,0.03166666666666667,999,0,0
28,3,3,0.2,wave,0.075,3,0.03166666666666667,1002,0,0
28,3,4,0.2,wave,0.075,3,0.03166666666666667,972,0,0
28,3,5,0.2,wave,0.075,3,0.03166666666666667,969,0,0
28,3,6,0.2,wave,0.075,3,0.03166666666666667,957,0,0
28,3,7,0.2,wave,0.075,3,0.03166666666666667,960,0,0
28,3,8,0.2,wave,0.075,3,0.03166666666666667,946,0,0
28,3,9,0.2,wave,0.075,3,0.03166666666666667,953,0,0
28,3,10,0.2,wave,0.075,3,0.03166666666666667,927,0,0
28,3,11,0.2,wave,0.075,3,0.03166666666666667,931,0,0
28,3,12,0.2,wave,0.075,3,0.03166666666666667,921,0,0
28,3,13,0.2,wave,0.075,3,0.03166666666666667,923,0,0
28,3,14,0.2,wave,0.075,3,0.03166666666666667,915,0,0
28,3,15,0.2,wave,0.075,3,0.03166666666666667,919,0,0
28,3,16,0.2,wave,0.075,3,0.03166666666666667,881,0,0
28,3,17,0.2,wave,0.075,3,0.03166666666666667,869,0,0
28,3,18,0.2,wave,0.075,3,0.03166666666666667,862,0,0
28,3,19,0.2,wave,0.075,3,0.03166666666666667,848,0,0
28,3,20,0.2,wave,0.075,3,0.03166666666666667,1261,0,0
28,3,21,0.2,wave,0.075,3,0.03166666666666667,1242,0,0
28,3,22,0.2,wave,0.075,3,0.03166666666666667,1223,0,0
28,3,23,0.2,wave,0.075,3,0.03166666666666667,1204,0,0
28,3,24,0.2,wave,0.075,3,0.03166666666666667,1203,0,0
28,3,25,0.2,wave,0.075,3,0.03166666666666667,1196,0,0
28,3,26,0.2,wave,0.075,3,0.03166666666666667,1207,0,0
28,3,27,0.2,wave,0.075,3,0.03166666666666667,1186,0,0
28,3,28,0.2,wave,0.075,3,0.03166666666666667,1158,0,0
28,3,29,0.2,wave,0.075,3,0.03166666666666667,1150,0,0
28,3,30,0.2,wave,0.075,3,0.03166666666666667,1129,0,0
28,3,31,0.2,wave,0.075,3,0.03166666666666667,1127,0,0
28,3,32,0.2,wave,0.075,3,0.03166666666666667,1120,0,0
28,3,33,0.2,wave,0.075,3,0.03166666666666667,1084,0,0
28,3,34,0.2,wave,0.075,3,0.03166666666666667,1075,0,0
28,3,35,0.2,wave,0.075,3,0.03166666666666667,1023,0,0
28,3,36,0.2,wave,0.075,3,0.03166666666666667,1009,0,0
28,3,37,0.2,wave,0.075,3,0.03166666666666667,965,0,0
28,3,38,0.2,wave,0.075,3,0.03166666666666667,954,0,0
28,3,39,0.2,wave,0.075,3,0.03166666666666667,931,0,0
28,3,40,0.2,wave,0.075,3,0.03166666666666667,912,0,0
28,3,41,0.2,wave,0.075,3,0.03166666666666667,904,0,0
28,3,42,0.2,wave,0.075,3,0.03166666666666667,891,0,0
28,3,43,0.2,wave,0.075,3,0.03166666666666667,877,0,0
28,3,44,0.2,wave,0.075,3,0.03166666666666667,877,0,0
28,3,45,0.2,wave,0.075,3,0.03166666666666667,867,0,0
28,3,46,0.2,wave,0.075,3,0.03166666666666667,854,0,0
28,3,47,0.2,wave,0.075,3,0.03166666666666667,840,0,0
28,3,48,0.2,wave,0.075,3,0.03166666666666667,833,0,0
28,3,49,0.2,wave,0.075,3,0.03166666666666667,811,0,0
28,3,50,0.2,wave,0.075,3,0.03166666666666667,807,0,0
28,3,51,0.2,wave,0.075,3,0.03166666666666667,795,0,0
28,3,52,0.2,wave,0.075,3,0.03166666666666667,792,0,0
28,4,1,0.2,wave,0.075,3,0.03166666666666667,785,0,0
28,4,2,0.2,wave,0.075,3,0.03166666666666667,776,0,0
28,4,3,0.2,wave,0.075,3,0.03166666666666667,773,0,0
28,4,4,0.2,wave,0.075,3,0.03166666666666667,771,0,0
28,4,5,0.2,wave,0.075,3,0.03166666666666667,769,0,0
28,4,6,0.2,wave,0.075,3,0.03166666666666667,765,0,0
28,4,7,0.2,wave,0.075,3,0.03166666666666667,764,0,0
28,4,8,0.2,wave,0.075,3,0.03166666666666667,759,0,0
28,4,9,0.2,wave,0.075,3,0.03166666666666667,757,0,0
28,4,10,0.2,wave,0.075,3,0.03166666666666667,750,0,0
28,4,11,0.2,wave,0.075,3,0.03166666666666667,749,0,0
28,4,12,0.2,wave,0.075,3,0.03166666666666667,747,0,0
28,4,13,0.2,wave,0.075,3,0.03166666666666667,747,0,0
28,4,14,0.2,wave,0.075,3,0.03166666666666667,742,0,0
28,4,15,0.2,wave,0.075,3,0.03166666666666667,742,0,0
28,4,16,0.2,wave,0.075,3,0.03166666666666667,741,0,0
28,4,17,0.2,wave,0.075,3,0.03166666666666667,739,0,0
28,4,18,0.2,wave,0.075,3,0.03166666666666667,737,0,0
28,4,19,0.2,wave,0.075,3,0.03166666666666667,735,0,0
28,4,20,0.2,wave,0.075,3,0.03166666666666667,1064,0,0
28,4,21,0.2,wave,0.075,3,0.03166666666666667,1055,0,0
28,4,22,0.2,wave,0.075,3,0.03166666666666667,1042,0,0
28,4,23,0.2,wave,0.075,3,0.03166666666666667,1051,0,0
28,4,24,0.2,wave,0.075,3,0.03166666666666667,1016,0,0
28,4,25,0.2,wave,0.075,3,0.03166666666666667,1010,0,0
28,4,26,0.2,wave,0.075,3,0.03166666666666667,1007,0,0
28,4,27,0.2,wave,0.075,3,0.03166666666666667,980,0,0
28,4,28,0.2,wave,0.075,3,0.03166666666666667,929,0,0
28,4,29,0.2,wave,0.075,3,0.03166666666666667,936,0,0
28,4,30,0.2,wave,0.075,3,0.03166666666666667,860,0,0
28,4,31,0.2,wave,0.075,3,0.03166666666666667,835,0,0
28,4,32,0.2,wave,0.075,3,0.03166666666666667,830,0,0
28,4,33,0.2,wave,0.075,3,0.03166666666666667,832,0,0
28,4,34,0.2,wave,0.075,3,0.03166666666666667,829,0,0
28,4,35,0.2,wave,0.075,3,0.03166666666666667,806,0,0
28,4,36,0.2,wave,0.075,3,0.03166666666666667,798,0,0
28,4,37,0.2,wave,0.075,3,0.03166666666666667,804,0,0
28,4,38,0.2,wave,0.075,3,0.03166666666666667,772,0,0
28,4,39,0.2,wave,0.075,3,0.03166666666666667,776,0,0
28,4,40,0.2,wave,0.075,3,0.03166666666666667,742,0,0
28,4,41,0.2,wave,0.075,3,0.03166666666666667,742,0,0
28,4,42,0.2,wave,0.075,3,0.03166666666666667,732,0,0
28,4,43,0.2,wave,0.075,3,0.03166666666666667,732,0,0
28,4,44,0.2,wave,0.075,3,0.03166666666666667,724,0,0
28,4,45,0.2,wave,0.075,3,0.03166666666666667,716,0,0
28,4,46,0.2,wave,0.075,3,0.03166666666666667,705,0,0
28,4,47,0.2,wave,0.075,3,0.03166666666666667,699,0,0
28,4,48,0.2,wave,0.075,3,0.03166666666666667,686,0,0
28,4,49,0.2,wave,0.075,3,0.03166666666666667,671,0,0
28,4,50,0.2,wave,0.075,3,0.03166666666666667,662,0,0
28,4,51,0.2,wave,0.075,3,0.03166666666666667,655,0,0
28,4,52,0.2,wave,0.075,3,0.03166666666666667,635,0,0
28,5,1,0.2,wave,0.075,3,0.03166666666666667,620,0,0
28,5,2,0.2,wave,0.075,3,0.03166666666666667,613,0,0
28,5,3,0.2,wave,0.075,3,0.03166666666666667,616,0,0
28,5,4,0.2,wave,0.075,3,0.03166666666666667,599,0,0
28,5,5,0.2,wave,0.075,3,0.03166666666666667,590,0,0
28,5,6,0.2,wave,0.075,3,0.03166666666666667,586,0,0
28,5,7,0.2,wave,0.075,3,0.03166666666666667,589,0,0
28,5,8,0.2,wave,0.075,3,0.03166666666666667,588,0,0
28,5,9,0.2,wave,0.075,3,0.03166666666666667,591,0,0
28,5,10,0.2,wave,0.075,3,0.03166666666666667,582,0,0
28,5,11,0.2,wave,0.075,3,0.03166666666666667,584,0,0
28,5,12,0.2,wave,0.075,3,0.03166666666666667,575,0,0
28,5,13,0.2,wave,0.075,3,0.03166666666666667,581,0,0
28,5,14,0.2,wave,0.075,3,0.03166666666666667,571,0,0
28,5,15,0.2,wave,0.075,3,0.03166666666666667,576,0,0
28,5,16,0.2,wave,0.075,3,0.03166666666666667,569,0,0
28,5,17,0.2,wave,0.075,3,0.03166666666666667,578,0,0
28,5,18,0.2,wave,0.075,3,0.03166666666666667,566,0,0
28,5,19,0.2,wave,0.075,3,0.03166666666666667,570,0,0
28,5,20,0.2,wave,0.075,3,0.03166666666666667,795,0,0
28,5,21,0.2,wave,0.075,3,0.03166666666666667,789,0,0
28,5,22,0.2,wave,0.075,3,0.03166666666666667,770,0,0
28,5,23,0.2,wave,0.075,3,0.03166666666666667,777,0,0
28,5,24,0.2,wave,0.075,3,0.03166666666666667,769,0,0
28,5,25,0.2,wave,0.075,3,0.03166666666666667,737,0,0
28,5,26,0.2,wave,0.075,3,0.03166666666666667,729,0,0
28,5,27,0.2,wave,0.075,3,0.03166666666666667,740,0,0
28,5,28,0.2,wave,0.075,3,0.03166666666666667,731,0,0
28,5,29,0.2,wave,0.075,3,0.03166666666666667,728,0,0
28,5,30,0.2,wave,0.075,3,0.03166666666666667,716,0,0
28,5,31,0.2,wave,0.075,3,0.03166666666666667,698,0,0
28,5,32,0.2,wave,0.075,3,0.03166666666666667,694,0,0
28,5,33,0.2,wave,0.075,3,0.03166666666666667,682,0,0
28,5,34,0.2,wave,0.075,3,0.03166666666666667,650,0,0
28,5,35,0.2,wave,0.075,3,0.03166666666666667,649,0,0
28,5,36,0.2,wave,0.075,3,0.03166666666666667,655,0,0
28,5,37,0.2,wave,0.075,3,0.03166666666666667,639,0,0
28,5,38,0.2,wave,0.075,3,0.03166666666666667,636,0,0
28,5,39,0.2,wave,0.075,3,0.03166666666666667,635,0,0
28,5,40,0.2,wave,0.075,3,0.03166666666666667,639,0,0
28,5,41,0.2,wave,0.075,3,0.03166666666666667,623,0,0
28,5,42,0.2,wave,0.075,3,0.03166666666666667,613,0,0
28,5,43,0.2,wave,0.075,3,0.03166666666666667,609,0,0
28,5,44,0.2,wave,0.075,3,0.03166666666666667,602,0,0
28,5,45,0.2,wave,0.075,3,0.03166666666666667,602,0,0
28,5,46,0.2,wave,0.075,3,0.03166666666666667,598,0,0
28,5,47,0.2,wave,0.075,3,0.03166666666666667,595,0,0
28,5,48,0.2,wave,0.075,3,0.03166666666666667,591,0,0
28,5,49,0.2,wave,0.075,3,0.03166666666666667,585,0,0
28,5,50,0.2,wave,0.075,3,0.03166666666666667,581,0,0
28,5,51,0.2,wave,0.075,3,0.03166666666666667,573,0,0
28,5,52,0.2,wave,0.075,3,0.03166666666666667,572,0,0
28,6,1,0.2,wave,0.075,3,0.03166666666666667,556,0,0
28,6,2,0.2,wave,0.075,3,0.03166666666666667,546,0,0
28,6,3,0.2,wave,0.075,3,0.03166666666666667,548,0,0
28,6,4,0.2,wave,0.075,3,0.03166666666666667,547,0,0
28,6,5,0.2,wave,0.075,3,0.03166666666666667,543,0,0
28,6,6,0.2,wave,0.075,3,0.03166666666666667,532,0,0
28,6,7,0.2,wave,0.075,3,0.03166666666666667,529,0,0
28,6,8,0.2,wave,0.075,3,0.03166666666666667,525,0,0
28,6,9,0.2,wave,0.075,3,0.03166666666666667,526,0,0
28,6,10,0.2,wave,0.075,3,0.03166666666666667,525,0,0
28,6,11,0.2,wave,0.075,3,0.03166666666666667,524,0,0
28,6,12,0.2,wave,0.075,3,0.03166666666666667,521,0,0
28,6,13,0.2,wave,0.075,3,0.03166666666666667,519,0,0
28,6,14,0.2,wave,0.075,3,0.03166666666666667,513,0,0
28,6,15,0.2,wave,0.075,3,0.03166666666666667,517,0,0
28,6,16,0.2,wave,0.075,3,0.03166666666666667,514,0,0
28,6,17,0.2,wave,0.075,3,0.03166666666666667,517,0,0
28,6,18,0.2,wave,0.075,3,0.03166666666666667,501,0,0
28,6,19,0.2,wave,0.075,3,0.03166666666666667,500,0,0
28,6,20,0.2,wave,0.075,3,0.03166666666666667,755,0,0
28,6,21,0.2,wave,0.075,3,0.03166666666666667,761,0,0
28,6,22,0.2,wave,0.075,3,0.03166666666666667,738,0,0
28,6,23,0.2,wave,0.075,3,0.03166666666666667,741,0,0
28,6,24,0.2,wave,0.075,3,0.03166666666666667,720,0,0
28,6,25,0.2,wave,0.075,3,0.03166666666666667,715,0,0
28,6,26,0.2,wave,0.075,3,0.03166666666666667,704,0,0
28,6,27,0.2,wave,0.075,3,0.03166666666666667,703,0,0
28,6,28,0.2,wave,0.075,3,0.03166666666666667,689,0,0
28,6,29,0.2,wave,0.075,3,0.03166666666666667,689,0,0
28,6,30,0.2,wave,0.075,3,0.03166666666666667,660,0,0
28,6,31,0.2,wave,0.075,3,0.03166666666666667,668,0,0
28,6,32,0.2,wave,0.075,3,0.03166666666666667,645,0,0
28,6,33,0.2,wave,0.075,3,0.03166666666666667,637,0,0
28,6,34,0.2,wave,0.075,3,0.03166666666666667,640,0,0
28,6,35,0.2,wave,0.075,3,0.03166666666666667,631,0,0
28,6,36,0.2,wave,0.075,3,0.03166666666666667,604,0,0
28,6,37,0.2,wave,0.075,3,0.03166666666666667,570,0,0
28,6,38,0.2,wave,0.075,3,0.03166666666666667,574,0,0
28,6,39,0.2,wave,0.075,3,0.03166666666666667,563,0,0
28,6,40,0.2,wave,0.075,3,0.03166666666666667,563,0,0
28,6,41,0.2,wave,0.075,3,0.03166666666666667,562,0,0
28,6,42,0.2,wave,0.075,3,0.03166666666666667,560,0,0
28,6,43,0.2,wave,0.075,3,0.03166666666666667,558,0,0
28,6,44,0.2,wave,0.075,3,0.03166666666666667,545,0,0
28,6,45,0.2,wave,0.075,3,0.03166666666666667,544,0,0
28,6,46,0.2,wave,0.075,3,0.03166666666666667,537,0,0
28,6,47,0.2,wave,0.075,3,0.03166666666666667,531,0,0
28,6,48,0.2,wave,0.075,3,0.03166666666666667,531,0,0
28,6,49,0.2,wave,0.075,3,0.03166666666666667,510,0,0
28,6,50,0.2,wave,0.075,3,0.03166666666666667,507,0,0
28,6,51,0.2,wave,0.075,3,0.03166666666666667,505,0,0
28,6,52,0.2,wave,0.075,3,0.03166666666666667,503,0,0
28,7,1,0.2,wave,0.075,3,0.03166666666666667,503,0,0
28,7,2,0.2,wave,0.075,3,0.03166666666666667,497,0,0
28,7,3,0.2,wave,0.075,3,0.03166666666666667,499,0,0
28,7,4,0.2,wave,0.075,3,0.03166666666666667,495,0,0
28,7,5,0.2,wave,0.075,3,0.03166666666666667,495,0,0
28,7,6,0.2,wave,0.075,3,0.03166666666666667,494,0,0
28,7,7,0.2,wave,0.075,3,0.03166666666666667,495,0,0
28,7,8,0.2,wave,0.075,3,0.03166666666666667,494,0,0
28,7,9,0.2,wave,0.075,3,0.03166666666666667,493,0,0
28,7,10,0.2,wave,0.075,3,0.03166666666666667,492,0,0
28,7,11,0.2,wave,0.075,3,0.03166666666666667,490,0,0
28,7,12,0.2,wave,0.075,3,0.03166666666666667,489,0,0
28,7,13,0.2,wave,0.075,3,0.03166666666666667,490,0,0
28,7,14,0.2,wave,0.075,3,0.03166666666666667,489,0,0
28,7,15,0.2,wave,0.075,3,0.03166666666666667,490,0,0
28,7,16,0.2,wave,0.075,3,0.03166666666666667,487,0,0
28,7,17,0.2,wave,0.075,3,0.03166666666666667,485,0,0
28,7,18,0.2,wave,0.075,3,0.03166666666666667,485,0,0
28,7,19,0.2,wave,0.075,3,0.03166666666666667,485,0,0
28,7,20,0.2,wave,0.075,3,0.03166666666666667,750,0,0
28,7,21,0.2,wave,0.075,3,0.03166666666666667,732,0,0
28,7,22,0.2,wave,0.075,3,0.03166666666666667,730,0,0
28,7,23,0.2,wave,0.075,3,0.03166666666666667,729,0,0
28,7,24,0.2,wave,0.075,3,0.03166666666666667,702,0,0
28,7,25,0.2,wave,0.075,3,0.03166666666666667,691,0,0
28,7,26,0.2,wave,0.075,3,0.03166666666666667,686,0,0
28,7,27,0.2,wave,0.075,3,0.03166666666666667,682,0,0
28,7,28,0.2,wave,0.075,3,0.03166666666666667,669,0,0
28,7,29,0.2,wave,0.075,3,0.03166666666666667,658,0,0
28,7,30,0.2,wave,0.075,3,0.03166666666666667,642,0,0
28,7,31,0.2,wave,0.075,3,0.03166666666666667,626,0,0
28,7,32,0.2,wave,0.075,3,0.03166666666666667,626,0,0
28,7,33,0.2,wave,0.075,3,0.03166666666666667,606,0,0
28,7,34,0.2,wave,0.075,3,0.03166666666666667,593,0,0
28,7,35,0.2,wave,0.075,3,0.03166666666666667,571,0,0
28,7,36,0.2,wave,0.075,3,0.03166666666666667,579,0,0
28,7,37,0.2,wave,0.075,3,0.03166666666666667,567,0,0
28,7,38,0.2,wave,0.075,3,0.03166666666666667,577,0,0
28,7,39,0.2,wave,0.075,3,0.03166666666666667,562,0,0
28,7,40,0.2,wave,0.075,3,0.03166666666666667,568,0,0
28,7,41,0.2,wave,0.075,3,0.03166666666666667,559,0,0
28,7,42,0.2,wave,0.075,3,0.03166666666666667,564,0,0
28,7,43,0.2,wave,0.075,3,0.03166666666666667,559,0,0
28,7,44,0.2,wave,0.075,3,0.03166666666666667,562,0,0
28,7,45,0.2,wave,0.075,3,0.03166666666666667,557,0,0
28,7,46,0.2,wave,0.075,3,0.03166666666666667,558,0,0
28,7,47,0.2,wave,0.075,3,0.03166666666666667,553,0,0
28,7,48,0.2,wave,0.075,3,0.03166666666666667,552,0,0
28,7,49,0.2,wave,0.075,3,0.03166666666666667,548,0,0
28,7,50,0.2,wave,0.075,3,0.03166666666666667,552,0,0
28,7,51,0.2,wave,0.075,3,0.03166666666666667,543,0,0
28,7,52,0.2,wave,0.075,3,0.03166666666666667,547,0,0
28,8,1,0.2,wave,0.075,3,0.03166666666666667,543,0,0
28,8,2,0.2,wave,0.075,3,0.03166666666666667,548,0,0
28,8,3,0.2,wave,0.075,3,0.03166666666666667,544,0,0
28,8,4,0.2,wave,0.075,3,0.03166666666666667,547,0,0
28,8,5,0.2,wave,0.075,3,0.03166666666666667,543,0,0
28,8,6,0.2,wave,0.075,3,0.03166666666666667,547,0,0
28,8,7,0.2,wave,0.075,3,0.03166666666666667,544,0,0
28,8,8,0.2,wave,0.075,3,0.03166666666666667,537,0,0
28,8,9,0.2,wave,0.075,3,0.03166666666666667,532,0,0
28,8,10,0.2,wave,0.075,3,0.03166666666666667,537,0,0
28,8,11,0.2,wave,0.075,3,0.03166666666666667,530,0,0
28,8,12,0.2,wave,0.075,3,0.03166666666666667,535,0,0
28,8,13,0.2,wave,0.075,3,0.03166666666666667,532,0,0
28,8,14,0.2,wave,0.075,3,0.03166666666666667,535,0,0
28,8,15,0.2,wave,0.075,3,0.03166666666666667,529,0,0
28,8,16,0.2,wave,0.075,3,0.03166666666666667,532,0,0
28,8,17,0.2,wave,0.075,3,0.03166666666666667,526,0,0
28,8,18,0.2,wave,0.075,3,0.03166666666666667,530,0,0
28,8,19,0.2,wave,0.075,3,0.03166666666666667,529,0,0
28,8,20,0.2,wave,0.075,3,0.03166666666666667,839,0,0
28,8,21,0.2,wave,0.075,3,0.03166666666666667,827,0,0
28,8,22,0.2,wave,0.075,3,0.03166666666666667,826,0,0
28,8,23,0.2,wave,0.075,3,0.03166666666666667,827,0,0
28,8,24,0.2,wave,0.075,3,0.03166666666666667,812,0,0
28,8,25,0.2,wave,0.075,3,0.03166666666666667,813,0,0
28,8,26,0.2,wave,0.075,3,0.03166666666666667,766,0,0
28,8,27,0.2,wave,0.075,3,0.03166666666666667,766,0,0
28,8,28,0.2,wave,0.075,3,0.03166666666666667,750,0,0
28,8,29,0.2,wave,0.075,3,0.03166666666666667,747,0,0
28,8,30,0.2,wave,0.075,3,0.03166666666666667,739,0,0
28,8,31,0.2,wave,0.075,3,0.03166666666666667,724,0,0
28,8,32,0.2,wave,0.075,3,0.03166666666666667,721,0,0
28,8,33,0.2,wave,0.075,3,0.03166666666666667,711,0,0
28,8,34,0.2,wave,0.075,3,0.03166666666666667,706,0,0
28,8,35,0.2,wave,0.075,3,0.03166666666666667,707,0,0
28,8,36,0.2,wave,0.075,3,0.03166666666666667,711,0,0
28,8,37,0.2,wave,0.075,3,0.03166666666666667,703,0,0
28,8,38,0.2,wave,0.075,3,0.03166666666666667,690,0,0
28,8,39,0.2,wave,0.075,3,0.03166666666666667,686,0,0
28,8,40,0.2,wave,0.075,3,0.03166666666666667,692,0,0
28,8,41,0.2,wave,0.075,3,0.03166666666666667,685,0,0
28,8,42,0.2,wave,0.075,3,0.03166666666666667,694,0,0
28,8,43,0.2,wave,0.075,3,0.03166666666666667,687,0,0
28,8,44,0.2,wave,0.075,3,0.03166666666666667,681,0,0
28,8,45,0.2,wave,0.075,3,0.03166666666666667,663,0,0
28,8,46,0.2,wave,0.075,3,0.03166666666666667,662,0,0
28,8,47,0.2,wave,0.075,3,0.03166666666666667,658,0,0
28,8,48,0.2,wave,0.075,3,0.03166666666666667,662,0,0
28,8,49,0.2,wave,0.075,3,0.03166666666666667,655,0,0
28,8,50,0.2,wave,0.075,3,0.03166666666666667,659,0,0
28,8,51,0.2,wave,0.075,3,0.03166666666666667,648,0,0
28,8,52,0.2,wave,0.075,3,0.03166666666666667,639,0,0
28,9,1,0.2,wave,0.075,3,0.03166666666666667,635,0,0
28,9,2,0.2,wave,0.075,3,0.03166666666666667,637,0,0
28,9,3,0.2,wave,0.075,3,0.03166666666666667,636,0,0
28,9,4,0.2,wave,0.075,3,0.03166666666666667,638,0,0
28,9,5,0.2,wave,0.075,3,0.03166666666666667,634,0,0
28,9,6,0.2,wave,0.075,3,0.03166666666666667,636,0,0
28,9,7,0.2,wave,0.075,3,0.03166666666666667,634,0,0
28,9,8,0.2,wave,0.075,3,0.03166666666666667,637,0,0
28,9,9,0.2,wave,0.075,3,0.03166666666666667,637,0,0
28,9,10,0.2,wave,0.075,3,0.03166666666666667,630,0,0
28,9,11,0.2,wave,0.075,3,0.03166666666666667,631,0,0
28,9,12,0.2,wave,0.075,3,0.03166666666666667,629,0,0
28,9,13,0.2,wave,0.075,3,0.03166666666666667,627,0,0
28,9,14,0.2,wave,0.075,3,0.03166666666666667,628,0,0
28,9,15,0.2,wave,0.075,3,0.03166666666666667,629,0,0
28,9,16,0.2,wave,0.075,3,0.03166666666666667,630,0,0
28,9,17,0.2,wave,0.075,3,0.03166666666666667,618,0,0
28,9,18,0.2,wave,0.075,3,0.03166666666666667,618,0,0
28,9,19,0.2,wave,0.075,3,0.03166666666666667,618,0,0
28,9,20,0.2,wave,0.075,3,0.03166666666666667,906,0,0
28,9,21,0.2,wave,0.075,3,0.03166666666666667,873,0,0
28,9,22,0.2,wave,0.075,3,0.03166666666666667,848,0,0
28,9,23,0.2,wave,0.075,3,0.03166666666666667,826,0,0
28,9,24,0.2,wave,0.075,3,0.03166666666666667,802,0,0
28,9,25,0.2,wave,0.075,3,0.03166666666666667,785,0,0
28,9,26,0.2,wave,0.075,3,0.03166666666666667,767,0,0
28,9,27,0.2,wave,0.075,3,0.03166666666666667,766,0,0
28,9,28,0.2,wave,0.075,3,0.03166666666666667,757,0,0
28,9,29,0.2,wave,0.075,3,0.03166666666666667,739,0,0
28,9,30,0.2,wave,0.075,3,0.03166666666666667,727,0,0
28,9,31,0.2,wave,0.075,3,0.03166666666666667,731,0,0
28,9,32,0.2,wave,0.075,3,0.03166666666666667,730,0,0
28,9,33,0.2,wave,0.075,3,0.03166666666666667,715,0,0
28,9,34,0.2,wave,0.075,3,0.03166666666666667,728,0,0
28,9,35,0.2,wave,0.075,3,0.03166666666666667,722,0,0
28,9,36,0.2,wave,0.075,3,0.03166666666666667,729,0,0
28,9,37,0.2,wave,0.075,3,0.03166666666666667,722,0,0
28,9,38,0.2,wave,0.075,3,0.03166666666666667,704,0,0
28,9,39,0.2,wave,0.075,3,0.03166666666666667,693,0,0
28,9,40,0.2,wave,0.075,3,0.03166666666666667,690,0,0
28,9,41,0.2,wave,0.075,3,0.03166666666666667,694,0,0
28,9,42,0.2,wave,0.075,3,0.03166666666666667,693,0,0
28,9,43,0.2,wave,0.075,3,0.03166666666666667,685,0,0
28,9,44,0.2,wave,0.075,3,0.03166666666666667,688,0,0
28,9,45,0.2,wave,0.075,3,0.03166666666666667,684,0,0
28,9,46,0.2,wave,0.075,3,0.03166666666666667,686,0,0
28,9,47,0.2,wave,0.075,3,0.03166666666666667,680,0,0
28,9,48,0.2,wave,0.075,3,0.03166666666666667,681,0,0
28,9,49,0.2,wave,0.075,3,0.03166666666666667,685,0,0
28,9,50,0.2,wave,0.075,3,0.03166666666666667,678,0,0
28,9,51,0.2,wave,0.075,3,0.03166666666666667,679,0,0
28,9,52,0.2,wave,0.075,3,0.03166666666666667,677,0,0
28,10,1,0.2,wave,0.075,3,0.03166666666666667,677,0,0
28,10,2,0.2,wave,0.075,3,0.03166666666666667,679,0,0
28,10,3,0.2,wave,0.075,3,0.03166666666666667,661,0,0
28,10,4,0.2,wave,0.075,3,0.03166666666666667,663,0,0
28,10,5,0.2,wave,0.075,3,0.03166666666666667,660,0,0
28,10,6,0.2,wave,0.075,3,0.03166666666666667,661,0,0
28,10,7,0.2,wave,0.075,3,0.03166666666666667,651,0,0
28,10,8,0.2,wave,0.075,3,0.03166666666666667,652,0,0
28,10,9,0.2,wave,0.075,3,0.03166666666666667,652,0,0
28,10,10,0.2,wave,0.075,3,0.03166666666666667,652,0,0
28,10,11,0.2,wave,0.075,3,0.03166666666666667,655,0,0
28,10,12,0.2,wave,0.075,3,0.03166666666666667,648,0,0
28,10,13,0.2,wave,0.075,3,0.03166666666666667,654,0,0
28,10,14,0.2,wave,0.075,3,0.03166666666666667,652,0,0
28,10,15,0.2,wave,0.075,3,0.03166666666666667,651,0,0
28,10,16,0.2,wave,0.075,3,0.03166666666666667,652,0,0
28,10,17,0.2,wave,0.075,3,0.03166666666666667,653,0,0
28,10,18,0.2,wave,0.075,3,0.03166666666666667,652,0,0
28,10,19,0.2,wave,0.075,3,0.03166666666666667,653,0,0
28,10,20,0.2,wave,0.075,3,0.03166666666666667,948,0,0
28,10,21,0.2,wave,0.075,3,0.03166666666666667,948,0,0
28,10,22,0.2,wave,0.075,3,0.03166666666666667,922,0,0
28,10,23,0.2,wave,0.075,3,0.03166666666666667,907,0,0
28,10,24,0.2,wave,0.075,3,0.03166666666666667,895,0,0
28,10,25,0.2,wave,0.075,3,0.03166666666666667,889,0,0
28,10,26,0.2,wave,0.075,3,0.03166666666666667,889,0,0
28,10,27,0.2,wave,0.075,3,0.03166666666666667,844,0,0
28,10,28,0.2,wave,0.075,3,0.03166666666666667,838,0,0
28,10,29,0.2,wave,0.075,3,0.03166666666666667,847,0,0
28,10,30,0.2,wave,0.075,3,0.03166666666666667,831,0,0
28,10,31,0.2,wave,0.075,3,0.03166666666666667,835,0,0
28,10,32,0.2,wave,0.075,3,0.03166666666666667,816,0,0
28,10,33,0.2,wave,0.075,3,0.03166666666666667,805,0,0
28,10,34,0.2,wave,0.075,3,0.03166666666666667,796,0,0
28,10,35,0.2,wave,0.075,3,0.03166666666666667,795,0,0
28,10,36,0.2,wave,0.075,3,0.03166666666666667,795,0,0
28,10,37,0.2,wave,0.075,3,0.03166666666666667,789,0,0
28,10,38,0.2,wave,0.075,3,0.03166666666666667,750,0,0
28,10,39,0.2,wave,0.075,3,0.03166666666666667,750,0,0
28,10,40,0.2,wave,0.075,3,0.03166666666666667,747,0,0
28,10,41,0.2,wave,0.075,3,0.03166666666666667,745,0,0
28,10,42,0.2,wave,0.075,3,0.03166666666666667,745,0,0
28,10,43,0.2,wave,0.075,3,0.03166666666666667,742,0,0
28,10,44,0.2,wave,0.075,3,0.03166666666666667,743,0,0
28,10,45,0.2,wave,0.075,3,0.03166666666666667,744,0,0
28,10,46,0.2,wave,0.075,3,0.03166666666666667,728,0,0
28,10,47,0.2,wave,0.075,3,0.03166666666666667,730,0,0
28,10,48,0.2,wave,0.075,3,0.03166666666666667,730,0,0
28,10,49,0.2,wave,0.075,3,0.03166666666666667,724,0,0
28,10,50,0.2,wave,0.075,3,0.03166666666666667,713,0,0
28,10,51,0.2,wave,0.075,3,0.03166666666666667,707,0,0
28,10,52,0.2,wave,0.075,3,0.03166666666666667,714,0,0
29,1,1,0.2,wave,0.075,3,0.03,6620,74,22
29,1,2,0.2,wave,0.075,3,0.03,6638,101,38
29,1,3,0.2,wave,0.075,3,0.03,6483,145,55
29,1,4,0.2,wave,0.075,3,0.03,6288,180,61
29,1,5,0.2,wave,0.075,3,0.03,6194,238,68
29,1,6,0.2,wave,0.075,3,0.03,5985,305,104
29,1,7,0.2,wave,0.075,3,0.03,5826,387,137
29,1,8,0.2,wave,0.075,3,0.03,5533,469,172
29,1,9,0.2,wave,0.075,3,0.03,5323,517,196
29,1,10,0.2,wave,0.075,3,0.03,5128,549,223
29,1,11,0.2,wave,0.075,3,0.03,4982,574,251
29,1,12,0.2,wave,0.075,3,0.03,4799,620,265
29,1,13,0.2,wave,0.075,3,0.03,4655,655,288
29,1,14,0.2,wave,0.075,3,0.03,4500,649,312
29,1,15,0.2,wave,0.075,3,0.03,4366,653,322
29,1,16,0.2,wave,0.075,3,0.03,4202,626,321
29,1,17,0.2,wave,0.075,3,0.03,3902,585,294
29,1,18,0.2,wave,0.075,3,0.03,3722,557,276
29,1,19,0.2,wave,0.075,3,0.03,3550,535,274
29,1,20,0.2,wave,0.075,3,0.03,5203,492,263
29,1,21,0.2,wave,0.075,3,0.03,4876,587,253
29,1,22,0.2,wave,0.075,3,0.03,4754,606,242
29,1,23,0.2,wave,0.075,3,0.03,4606,617,260
29,1,24,0.2,wave,0.075,3,0.03,4495,655,294
29,1,25,0.2,wave,0.075,3,0.03,4265,655,304
29,1,26,0.2,wave,0.075,3,0.03,4198,649,312
29,1,27,0.2,wave,0.075,3,0.03,4041,620,304
29,1,28,0.2,wave,0.075,3,0.03,3858,595,279
29,1,29,0.2,wave,0.075,3,0.03,3657,557,270
29,1,30,0.2,wave,0.075,3,0.03,3484,533,267
29,1,31,0.2,wave,0.075,3,0.03,3311,546,275
29,1,32,0.2,wave,0.075,3,0.03,3153,547,252
29,1,33,0.2,wave,0.075,3,0.03,2985,529,244
29,1,34,0.2,wave,0.075,3,0.03,2859,516,232
29,1,35,0.2,wave,0.075,3,0.03,2728,481,246
29,1,36,0.2,wave,0.075,3,0.03,2586,478,232
29,1,37,0.2,wave,0.075,3,0.03,2484,466,239
29,1,38,0.2,wave,0.075,3,0.03,2340,405,203
29,1,39,0.2,wave,0.075,3,0.03,2264,409,223
29,1,40,0.2,wave,0.075,3,0.03,2170,376,199
29,1,41,0.2,wave,0.075,3,0.03,2085,362,191
29,1,42,0.2,wave,0.075,3,0.03,2008,315,173
29,1,43,0.2,wave,0.075,3,0.03,1943,306,162
29,1,44,0.2,wave,0.075,3,0.03,1885,290,150
29,1,45,0.2,wave,0.075,3,0.03,1806,248,146
29,1,46,0.2,wave,0.075,3,0.03,1762,214,125
29,1,47,0.2,wave,0.075,3,0.03,1706,186,113
29,1,48,0.2,wave,0.075,3,0.03,1655,147,77
29,1,49,0.2,wave,0.075,3,0.03,1613,123,67
29,1,50,0.2,wave,0.075,3,0.03,1585,108,63
29,1,51,0.2,wave,0.075,3,0.03,1550,98,56
29,1,52,0.2,wave,0.075,3,0.03,1536,91,52
29,2,1,0.2,wave,0.075,3,0.03,1492,75,41
29,2,2,0.2,wave,0.075,3,0.03,1477,72,42
29,2,3,0.2,wave,0.075,3,0.03,1445,62,37
29,2,4,0.2,wave,0.075,3,0.03,1430,52,32
29,2,5,0.2,wave,0.075,3,0.03,1395,46,29
29,2,6,0.2,wave,0.075,3,0.03,1374,47,24
29,2,7,0.2,wave,0.075,3,0.03,1348,46,18
29,2,8,0.2,wave,0.075,3,0.03,1334,40,17
29,2,9,0.2,wave,0.075,3,0.03,1323,38,15
29,2,10,0.2,wave,0.075,3,0.03,1316,37,22
29,2,11,0.2,wave,0.075,3,0.03,1299,33,19
29,2,12,0.2,wave,0.075,3,0.03,1292,33,20
29,2,13,0.2,wave,0.075,3,0.03,1275,23,16
29,2,14,0.2,wave,0.075,3,0.03,1259,20,11
29,2,15,0.2,wave,0.075,3,0.03,1240,19,12
29,2,16,0.2,wave,0.075,3,0.03,1219,14,8
29,2,17,0.2,wave,0.075,3,0.03,1219,14,9
29,2,18,0.2,wave,0.075,3,0.03,1199,10,6
29,2,19,0.2,wave,0.075,3,0.03,1179,8,3
29,2,20,0.2,wave,0.075,3,0.03,1874,9,5
29,2,21,0.2,wave,0.075,3,0.03,1830,8,6
29,2,22,0.2,wave,0.075,3,0.03,1818,9,6
29,2,23,0.2,wave,0.075,3,0.03,1800,7,5
29,2,24,0.2,wave,0.075,3,0.03,1810,7,2
29,2,25,0.2,wave,0.075,3,0.03,1786,9,4
29,2,26,0.2,wave,0.075,3,0.03,1788,7,3
29,2,27,0.2,wave,0.075,3,0.03,1756,7,4
29,2,28,0.2,wave,0.075,3,0.03,1713,7,3
29,2,29,0.2,wave,0.075,3,0.03,1714,8,4
29,2,30,0.2,wave,0.075,3,0.03,1697,8,4
29,2,31,0.2,wave,0.075,3,0.03,1654,9,6
29,2,32,0.2,wave,0.075,3,0.03,1631,9,6
29,2,33,0.2,wave,0.075,3,0.03,1602,9,5
29,2,34,0.2,wave,0.075,3,0.03,1619,6,1
29,2,35,0.2,wave,0.075,3,0.03,1565,8,2
29,2,36,0.2,wave,0.075,3,0.03,1558,8,2
29,2,37,0.2,wave,0.075,3,0.03,1543,11,4
29,2,38,0.2,wave,0.075,3,0.03,1514,10,4
29,2,39,0.2,wave,0.075,3,0.03,1497,10,4
29,2,40,0.2,wave,0.075,3,0.03,1480,8,5
29,2,41,0.2,wave,0.075,3,0.03,1470,7,4
29,2,42,0.2,wave,0.075,3,0.03,1450,8,6
29,2,43,0.2,wave,0.075,3,0.03,1437,5,3
29,2,44,0.2,wave,0.075,3,0.03,1423,4,4
29,2,45,0.2,wave,0.075,3,0.03,1414,2,2
29,2,46,0.2,wave,0.075,3,0.03,1396,2,2
29,2,47,0.2,wave,0.075,3,0.03,1388,1,0
29,2,48,0.2,wave,0.075,3,0.03,1374,1,0
29,2,49,0.2,wave,0.075,3,0.03,1373,1,0
29,2,50,0.2,wave,0.075,3,0.03,1368,1,0
29,2,51,0.2,wave,0.075,3,0.03,1351,1,0
29,2,52,0.2,wave,0.075,3,0.03,1345,1,1
29,3,1,0.2,wave,0.075,3,0.03,1326,2,1
29,3,2,0.2,wave,0.075,3,0.03,1323,3,1
29,3,3,0.2,wave,0.075,3,0.03,1297,2,2
29,3,4,0.2,wave,0.075,3,0.03,1294,2,2
29,3,5,0.2,wave,0.075,3,0.03,1274,2,2
29,3,6,0.2,wave,0.075,3,0.03,1258,0,0
29,3,7,0.2,wave,0.075,3,0.03,1224,0,0
29,3,8,0.2,wave,0.075,3,0.03,1227,0,0
29,3,9,0.2,wave,0.075,3,0.03,1205,0,0
29,3,10,0.2,wave,0.075,3,0.03,1214,0,0
29,3,11,0.2,wave,0.075,3,0.03,1204,0,0
29,3,12,0.2,wave,0.075,3,0.03,1206,0,0
29,3,13,0.2,wave,0.075,3,0.03,1199,0,0
29,3,14,0.2,wave,0.075,3,0.03,1199,0,0
29,3,15,0.2,wave,0.075,3,0.03,1192,0,0
29,3,16,0.2,wave,0.075,3,0.03,1177,0,0
29,3,17,0.2,wave,0.075,3,0.03,1166,0,0
29,3,18,0.2,wave,0.075,3,0.03,1170,0,0
29,3,19,0.2,wave,0.075,3,0.03,1158,0,0
29,3,20,0.2,wave,0.075,3,0.03,1738,0,0
29,3,21,0.2,wave,0.075,3,0.03,1711,0,0
29,3,22,0.2,wave,0.075,3,0.03,1675,0,0
29,3,23,0.2,wave,0.075,3,0.03,1656,0,0
29,3,24,0.2,wave,0.075,3,0.03,1625,0,0
29,3,25,0.2,wave,0.075,3,0.03,1603,0,0
29,3,26,0.2,wave,0.075,3,0.03,1595,0,0
29,3,27,0.2,wave,0.075,3,0.03,1573,0,0
29,3,28,0.2,wave,0.075,3,0.03,1564,0,0
29,3,29,0.2,wave,0.075,3,0.03,1542,0,0
29,3,30,0.2,wave,0.075,3,0.03,1523,0,0
29,3,31,0.2,wave,0.075,3,0.03,1505,0,0
29,3,32,0.2,wave,0.075,3,0.03,1501,0,0
29,3,33,0.2,wave,0.075,3,0.03,1485,0,0
29,3,34,0.2,wave,0.075,3,0.03,1458,0,0
29,3,35,0.2,wave,0.075,3,0.03,1419,0,0
29,3,36,0.2,wave,0.075,3,0.03,1408,0,0
29,3,37,0.2,wave,0.075,3,0.03,1351,0,0
29,3,38,0.2,wave,0.075,3,0.03,1350,0,0
29,3,39,0.2,wave,0.075,3,0.03,1317,0,0
29,3,40,0.2,wave,0.075,3,0.03,1302,0,0
29,3,41,0.2,wave,0.075,3,0.03,1266,0,0
29,3,42,0.2,wave,0.075,3,0.03,1211,0,0
29,3,43,0.2,wave,0.075,3,0.03,1194,0,0
29,3,44,0.2,wave,0.075,3,0.03,1176,0,0
29,3,45,0.2,wave,0.075,3,0.03,1176,0,0
29,3,46,0.2,wave,0.075,3,0.03,1157,0,0
29,3,47,0.2,wave,0.075,3,0.03,1131,0,0
29,3,48,0.2,wave,0.075,3,0.03,1113,0,0
29,3,49,0.2,wave,0.075,3,0.03,1109,0,0
29,3,50,0.2,wave,0.075,3,0.03,1090,0,0
29,3,51,0.2,wave,0.075,3,0.03,1089,0,0
29,3,52,0.2,wave,0.075,3,0.03,1053,0,0
29,4,1,0.2,wave,0.075,3,0.03,1054,0,0
29,4,2,0.2,wave,0.075,3,0.03,1039,0,0
29,4,3,0.2,wave,0.075,3,0.03,1038,0,0
29,4,4,0.2,wave,0.075,3,0.03,1031,0,0
29,4,5,0.2,wave,0.075,3,0.03,1016,0,0
29,4,6,0.2,wave,0.075,3,0.03,1006,0,0
29,4,7,0.2,wave,0.075,3,0.03,989,0,0
29,4,8,0.2,wave,0.075,3,0.03,984,0,0
29,4,9,0.2,wave,0.075,3,0.03,984,0,0
29,4,10,0.2,wave,0.075,3,0.03,976,0,0
29,4,11,0.2,wave,0.075,3,0.03,974,0,0
29,4,12,0.2,wave,0.075,3,0.03,963,0,0
29,4,13,0.2,wave,0.075,3,0.03,953,0,0
29,4,14,0.2,wave,0.075,3,0.03,954,0,0
29,4,15,0.2,wave,0.075,3,0.03,944,0,0
29,4,16,0.2,wave,0.075,3,0.03,944,0,0
29,4,17,0.2,wave,0.075,3,0.03,934,0,0
29,4,18,0.2,wave,0.075,3,0.03,938,0,0
29,4,19,0.2,wave,0.075,3,0.03,930,0,0
29,4,20,0.2,wave,0.075,3,0.03,1345,0,0
29,4,21,0.2,wave,0.075,3,0.03,1321,0,0
29,4,22,0.2,wave,0.075,3,0.03,1322,0,0
29,4,23,0.2,wave,0.075,3,0.03,1296,0,0
29,4,24,0.2,wave,0.075,3,0.03,1294,0,0
29,4,25,0.2,wave,0.075,3,0.03,1252,0,0
29,4,26,0.2,wave,0.075,3,0.03,1239,0,0
29,4,27,0.2,wave,0.075,3,0.03,1217,0,0
29,4,28,0.2,wave,0.075,3,0.03,1227,0,0
29,4,29,0.2,wave,0.075,3,0.03,1181,0,0
29,4,30,0.2,wave,0.075,3,0.03,1148,0,0
29,4,31,0.2,wave,0.075,3,0.03,1103,0,0
29,4,32,0.2,wave,0.075,3,0.03,1084,0,0
29,4,33,0.2,wave,0.075,3,0.03,1054,0,0
29,4,34,0.2,wave,0.075,3,0.03,1055,0,0
29,4,35,0.2,wave,0.075,3,0.03,1021,0,0
29,4,36,0.2,wave,0.075,3,0.03,1028,0,0
29,4,37,0.2,wave,0.075,3,0.03,978,0,0
29,4,38,0.2,wave,0.075,3,0.03,966,0,0
29,4,39,0.2,wave,0.075,3,0.03,950,0,0
29,4,40,0.2,wave,0.075,3,0.03,943,0,0
29,4,41,0.2,wave,0.075,3,0.03,916,0,0
29,4,42,0.2,wave,0.075,3,0.03,913,0,0
29,4,43,0.2,wave,0.075,3,0.03,909,0,0
29,4,44,0.2,wave,0.075,3,0.03,897,0,0
29,4,45,0.2,wave,0.075,3,0.03,879,0,0
29,4,46,0.2,wave,0.075,3,0.03,882,0,0
29,4,47,0.2,wave,0.075,3,0.03,869,0,0
29,4,48,0.2,wave,0.075,3,0.03,835,0,0
29,4,49,0.2,wave,0.075,3,0.03,842,0,0
29,4,50,0.2,wave,0.075,3,0.03,817,0,0
29,4,51,0.2,wave,0.075,3,0.03,830,0,0
29,4,52,0.2,wave,0.075,3,0.03,805,0,0
29,5,1,0.2,wave,0.075,3,0.03,813,0,0
29,5,2,0.2,wave,0.075,3,0.03,799,0,0
29,5,3,0.2,wave,0.075,3,0.03,797,0,0
29,5,4,0.2,wave,0.075,3,0.03,768,0,0
29,5,5,0.2,wave,0.075,3,0.03,766,0,0
29,5,6,0.2,wave,0.075,3,0.03,740,0,0
29,5,7,0.2,wave,0.075,3,0.03,749,0,0
29,5,8,0.2,wave,0.075,3,0.03,742,0,0
29,5,9,0.2,wave,0.075,3,0.03,741,0,0
29,5,10,0.2,wave,0.075,3,0.03,733,0,0
29,5,11,0.2,wave,0.075,3,0.03,733,0,0
29,5,12,0.2,wave,0.075,3,0.03,725,0,0
29,5,13,0.2,wave,0.075,3,0.03,729,0,0
29,5,14,0.2,wave,0.075,3,0.03,725,0,0
29,5,15,0.2,wave,0.075,3,0.03,728,0,0
29,5,16,0.2,wave,0.075,3,0.03,719,0,0
29,5,17,0.2,wave,0.075,3,0.03,723,0,0
29,5,18,0.2,wave,0.075,3,0.03,704,0,0
29,5,19,0.2,wave,0.075,3,0.03,696,0,0
29,5,20,0.2,wave,0.075,3,0.03,998,0,0
29,5,21,0.2,wave,0.075,3,0.03,987,0,0
29,5,22,0.2,wave,0.075,3,0.03,985,0,0
29,5,23,0.2,wave,0.075,3,0.03,961,0,0
29,5,24,0.2,wave,0.075,3,0.03,964,0,0
29,5,25,0.2,wave,0.075,3,0.03,949,0,0
29,5,26,0.2,wave,0.075,3,0.03,953,0,0
29,5,27,0.2,wave,0.075,3,0.03,948,0,0
29,5,28,0.2,wave,0.075,3,0.03,952,0,0
29,5,29,0.2,wave,0.075,3,0.03,942,0,0
29,5,30,0.2,wave,0.075,3,0.03,937,0,0
29,5,31,0.2,wave,0.075,3,0.03,931,0,0
29,5,32,0.2,wave,0.075,3,0.03,935,0,0
29,5,33,0.2,wave,0.075,3,0.03,927,0,0
29,5,34,0.2,wave,0.075,3,0.03,914,0,0
29,5,35,0.2,wave,0.075,3,0.03,896,0,0
29,5,36,0.2,wave,0.075,3,0.03,904,0,0
29,5,37,0.2,wave,0.075,3,0.03,890,0,0
29,5,38,0.2,wave,0.075,3,0.03,892,0,0
29,5,39,0.2,wave,0.075,3,0.03,869,0,0
29,5,40,0.2,wave,0.075,3,0.03,871,0,0
29,5,41,0.2,wave,0.075,3,0.03,859,0,0
29,5,42,0.2,wave,0.075,3,0.03,861,0,0
29,5,43,0.2,wave,0.075,3,0.03,840,0,0
29,5,44,0.2,wave,0.075,3,0.03,837,0,0
29,5,45,0.2,wave,0.075,3,0.03,820,0,0
29,5,46,0.2,wave,0.075,3,0.03,823,0,0
29,5,47,0.2,wave,0.075,3,0.03,806,0,0
29,5,48,0.2,wave,0.075,3,0.03,819,0,0
29,5,49,0.2,wave,0.075,3,0.03,802,0,0
29,5,50,0.2,wave,0.075,3,0.03,809,0,0
29,5,51,0.2,wave,0.075,3,0.03,789,0,0
29,5,52,0.2,wave,0.075,3,0.03,773,0,0
29,6,1,0.2,wave,0.075,3,0.03,774,0,0
29,6,2,0.2,wave,0.075,3,0.03,761,0,0
29,6,3,0.2,wave,0.075,3,0.03,758,0,0
29,6,4,0.2,wave,0.075,3,0.03,746,0,0
29,6,5,0.2,wave,0.075,3,0.03,749,0,0
29,6,6,0.2,wave,0.075,3,0.03,742,0,0
29,6,7,0.2,wave,0.075,3,0.03,745,0,0
29,6,8,0.2,wave,0.075,3,0.03,741,0,0
29,6,9,0.2,wave,0.075,3,0.03,739,0,0
29,6,10,0.2,wave,0.075,3,0.03,733,0,0
29,6,11,0.2,wave,0.075,3,0.03,732,0,0
29,6,12,0.2,wave,0.075,3,0.03,730,0,0
29,6,13,0.2,wave,0.075,3,0.03,729,0,0
29,6,14,0.2,wave,0.075,3,0.03,724,0,0
29,6,15,0.2,wave,0.075,3,0.03,727,0,0
29,6,16,0.2,wave,0.075,3,0.03,720,0,0
29,6,17,0.2,wave,0.075,3,0.03,725,0,0
29,6,18,0.2,wave,0.075,3,0.03,720,0,0
29,6,19,0.2,wave,0.075,3,0.03,724,0,0
29,6,20,0.2,wave,0.075,3,0.03,1053,0,0
29,6,21,0.2,wave,0.075,3,0.03,1016,0,0
29,6,22,0.2,wave,0.075,3,0.03,983,0,0
29,6,23,0.2,wave,0.075,3,0.03,980,0,0
29,6,24,0.2,wave,0.075,3,0.03,950,0,0
29,6,25,0.2,wave,0.075,3,0.03,943,0,0
29,6,26,0.2,wave,0.075,3,0.03,920,0,0
29,6,27,0.2,wave,0.075,3,0.03,917,0,0
29,6,28,0.2,wave,0.075,3,0.03,889,0,0
29,6,29,0.2,wave,0.075,3,0.03,894,0,0
29,6,30,0.2,wave,0.075,3,0.03,893,0,0
29,6,31,0.2,wave,0.075,3,0.03,872,0,0
29,6,32,0.2,wave,0.075,3,0.03,866,0,0
29,6,33,0.2,wave,0.075,3,0.03,862,0,0
29,6,34,0.2,wave,0.075,3,0.03,801,0,0
29,6,35,0.2,wave,0.075,3,0.03,803,0,0
29,6,36,0.2,wave,0.075,3,0.03,768,0,0
29,6,37,0.2,wave,0.075,3,0.03,778,0,0
29,6,38,0.2,wave,0.075,3,0.03,760,0,0
29,6,39,0.2,wave,0.075,3,0.03,773,0,0
29,6,40,0.2,wave,0.075,3,0.03,751,0,0
29,6,41,0.2,wave,0.075,3,0.03,765,0,0
29,6,42,0.2,wave,0.075,3,0.03,743,0,0
29,6,43,0.2,wave,0.075,3,0.03,740,0,0
29,6,44,0.2,wave,0.075,3,0.03,731,0,0
29,6,45,0.2,wave,0.075,3,0.03,734,0,0
29,6,46,0.2,wave,0.075,3,0.03,719,0,0
29,6,47,0.2,wave,0.075,3,0.03,701,0,0
29,6,48,0.2,wave,0.075,3,0.03,699,0,0
29,6,49,0.2,wave,0.075,3,0.03,691,0,0
29,6,50,0.2,wave,0.075,3,0.03,692,0,0
29,6,51,0.2,wave,0.075,3,0.03,687,0,0
29,6,52,0.2,wave,0.075,3,0.03,672,0,0
29,7,1,0.2,wave,0.075,3,0.03,663,0,0
29,7,2,0.2,wave,0.075,3,0.03,669,0,0
29,7,3,0.2,wave,0.075,3,0.03,663,0,0
29,7,4,0.2,wave,0.075,3,0.03,666,0,0
29,7,5,0.2,wave,0.075,3,0.03,659,0,0
29,7,6,0.2,wave,0.075,3,0.03,666,0,0
29,7,7,0.2,wave,0.075,3,0.03,654,0,0
29,7,8,0.2,wave,0.075,3,0.03,659,0,0
29,7,9,0.2,wave,0.075,3,0.03,650,0,0
29,7,10,0.2,wave,0.075,3,0.03,656,0,0
29,7,11,0.2,wave,0.075,3,0.03,649,0,0
29,7,12,0.2,wave,0.075,3,0.03,654,0,0
29,7,13,0.2,wave,0.075,3,0.03,637,0,0
29,7,14,0.2,wave,0.075,3,0.03,641,0,0
29,7,15,0.2,wave,0.075,3,0.03,636,0,0
29,7,16,0.2,wave,0.075,3,0.03,636,0,0
29,7,17,0.2,wave,0.075,3,0.03,634,0,0
29,7,18,0.2,wave,0.075,3,0.03,636,0,0
29,7,19,0.2,wave,0.075,3,0.03,632,0,0
29,7,20,0.2,wave,0.075,3,0.03,967,0,0
29,7,21,0.2,wave,0.075,3,0.03,959,0,0
29,7,22,0.2,wave,0.075,3,0.03,956,0,0
29,7,23,0.2,wave,0.075,3,0.03,937,0,0
29,7,24,0.2,wave,0.075,3,0.03,914,0,0
29,7,25,0.2,wave,0.075,3,0.03,912,0,0
29,7,26,0.2,wave,0.075,3,0.03,914,0,0
29,7,27,0.2,wave,0.075,3,0.03,892,0,0
29,7,28,0.2,wave,0.075,3,0.03,880,0,0
29,7,29,0.2,wave,0.075,3,0.03,880,0,0
29,7,30,0.2,wave,0.075,3,0.03,872,0,0
29,7,31,0.2,wave,0.075,3,0.03,846,0,0
29,7,32,0.2,wave,0.075,3,0.03,841,0,0
29,7,33,0.2,wave,0.075,3,0.03,834,0,0
29,7,34,0.2,wave,0.075,3,0.03,833,0,0
29,7,35,0.2,wave,0.075,3,0.03,815,0,0
29,7,36,0.2,wave,0.075,3,0.03,812,0,0
29,7,37,0.2,wave,0.075,3,0.03,814,0,0
29,7,38,0.2,wave,0.075,3,0.03,811,0,0
29,7,39,0.2,wave,0.075,3,0.03,814,0,0
29,7,40,0.2,wave,0.075,3,0.03,803,0,0
29,7,41,0.2,wave,0.075,3,0.03,789,0,0
29,7,42,0.2,wave,0.075,3,0.03,770,0,0
29,7,43,0.2,wave,0.075,3,0.03,771,0,0
29,7,44,0.2,wave,0.075,3,0.03,762,0,0
29,7,45,0.2,wave,0.075,3,0.03,765,0,0
29,7,46,0.2,wave,0.075,3,0.03,756,0,0
29,7,47,0.2,wave,0.075,3,0.03,761,0,0
29,7,48,0.2,wave,0.075,3,0.03,750,0,0
29,7,49,0.2,wave,0.075,3,0.03,751,0,0
29,7,50,0.2,wave,0.075,3,0.03,744,0,0
29,7,51,0.2,wave,0.075,3,0.03,732,0,0
29,7,52,0.2,wave,0.075,3,0.03,740,0,0
29,8,1,0.2,wave,0.075,3,0.03,728,0,0
29,8,2,0.2,wave,0.075,3,0.03,731,0,0
29,8,3,0.2,wave,0.075,3,0.03,719,0,0
29,8,4,0.2,wave,0.075,3,0.03,725,0,0
29,8,5,0.2,wave,0.075,3,0.03,719,0,0
29,8,6,0.2,wave,0.075,3,0.03,725,0,0
29,8,7,0.2,wave,0.075,3,0.03,722,0,0
29,8,8,0.2,wave,0.075,3,0.03,725,0,0
29,8,9,0.2,wave,0.075,3,0.03,721,0,0
29,8,10,0.2,wave,0.075,3,0.03,723,0,0
29,8,11,0.2,wave,0.075,3,0.03,717,0,0
29,8,12,0.2,wave,0.075,3,0.03,718,0,0
29,8,13,0.2,wave,0.075,3,0.03,715,0,0
29,8,14,0.2,wave,0.075,3,0.03,715,0,0
29,8,15,0.2,wave,0.075,3,0.03,714,0,0
29,8,16,0.2,wave,0.075,3,0.03,716,0,0
29,8,17,0.2,wave,0.075,3,0.03,713,0,0
29,8,18,0.2,wave,0.075,3,0.03,714,0,0
29,8,19,0.2,wave,0.075,3,0.03,712,0,0
29,8,20,0.2,wave,0.075,3,0.03,1029,0,0
29,8,21,0.2,wave,0.075,3,0.03,1014,0,0
29,8,22,0.2,wave,0.075,3,0.03,956,0,0
29,8,23,0.2,wave,0.075,3,0.03,950,0,0
29,8,24,0.2,wave,0.075,3,0.03,905,0,0
29,8,25,0.2,wave,0.075,3,0.03,899,0,0
29,8,26,0.2,wave,0.075,3,0.03,895,0,0
29,8,27,0.2,wave,0.075,3,0.03,885,0,0
29,8,28,0.2,wave,0.075,3,0.03,866,0,0
29,8,29,0.2,wave,0.075,3,0.03,868,0,0
29,8,30,0.2,wave,0.075,3,0.03,866,0,0
29,8,31,0.2,wave,0.075,3,0.03,868,0,0
29,8,32,0.2,wave,0.075,3,0.03,852,0,0
29,8,33,0.2,wave,0.075,3,0.03,842,0,0
29,8,34,0.2,wave,0.075,3,0.03,820,0,0
29,8,35,0.2,wave,0.075,3,0.03,829,0,0
29,8,36,0.2,wave,0.075,3,0.03,807,0,0
29,8,37,0.2,wave,0.075,3,0.03,812,0,0
29,8,38,0.2,wave,0.075,3,0.03,807,0,0
29,8,39,0.2,wave,0.075,3,0.03,800,0,0
29,8,40,0.2,wave,0.075,3,0.03,782,0,0
29,8,41,0.2,wave,0.075,3,0.03,744,0,0
29,8,42,0.2,wave,0.075,3,0.03,745,0,0
29,8,43,0.2,wave,0.075,3,0.03,745,0,0
29,8,44,0.2,wave,0.075,3,0.03,743,0,0
29,8,45,0.2,wave,0.075,3,0.03,744,0,0
29,8,46,0.2,wave,0.075,3,0.03,742,0,0
29,8,47,0.2,wave,0.075,3,0.03,744,0,0
29,8,48,0.2,wave,0.075,3,0.03,731,0,0
29,8,49,0.2,wave,0.075,3,0.03,718,0,0
29,8,50,0.2,wave,0.075,3,0.03,719,0,0
29,8,51,0.2,wave,0.075,3,0.03,715,0,0
29,8,52,0.2,wave,0.075,3,0.03,715,0,0
29,9,1,0.2,wave,0.075,3,0.03,710,0,0
29,9,2,0.2,wave,0.075,3,0.03,699,0,0
29,9,3,0.2,wave,0.075,3,0.03,692,0,0
29,9,4,0.2,wave,0.075,3,0.03,684,0,0
29,9,5,0.2,wave,0.075,3,0.03,681,0,0
29,9,6,0.2,wave,0.075,3,0.03,683,0,0
29,9,7,0.2,wave,0.075,3,0.03,682,0,0
29,9,8,0.2,wave,0.075,3,0.03,681,0,0
29,9,9,0.2,wave,0.075,3,0.03,684,0,0
29,9,10,0.2,wave,0.075,3,0.03,679,0,0
29,9,11,0.2,wave,0.075,3,0.03,684,0,0
29,9,12,0.2,wave,0.075,3,0.03,678,0,0
29,9,13,0.2,wave,0.075,3,0.03,682,0,0
29,9,14,0.2,wave,0.075,3,0.03,677,0,0
29,9,15,0.2,wave,0.075,3,0.03,681,0,0
29,9,16,0.2,wave,0.075,3,0.03,676,0,0
29,9,17,0.2,wave,0.075,3,0.03,680,0,0
29,9,18,0.2,wave,0.075,3,0.03,677,0,0
29,9,19,0.2,wave,0.075,3,0.03,680,0,0
29,9,20,0.2,wave,0.075,3,0.03,987,0,0
29,9,21,0.2,wave,0.075,3,0.03,963,0,0
29,9,22,0.2,wave,0.075,3,0.03,932,0,0
29,9,23,0.2,wave,0.075,3,0.03,928,0,0
29,9,24,0.2,wave,0.075,3,0.03,923,0,0
29,9,25,0.2,wave,0.075,3,0.03,915,0,0
29,9,26,0.2,wave,0.075,3,0.03,901,0,0
29,9,27,0.2,wave,0.075,3,0.03,909,0,0
29,9,28,0.2,wave,0.075,3,0.03,901,0,0
29,9,29,0.2,wave,0.075,3,0.03,894,0,0
29,9,30,0.2,wave,0.075,3,0.03,889,0,0
29,9,31,0.2,wave,0.075,3,0.03,881,0,0
29,9,32,0.2,wave,0.075,3,0.03,880,0,0
29,9,33,0.2,wave,0.075,3,0.03,884,0,0
29,9,34,0.2,wave,0.075,3,0.03,852,0,0
29,9,35,0.2,wave,0.075,3,0.03,859,0,0
29,9,36,0.2,wave,0.075,3,0.03,845,0,0
29,9,37,0.2,wave,0.075,3,0.03,833,0,0
29,9,38,0.2,wave,0.075,3,0.03,827,0,0
29,9,39,0.2,wave,0.075,3,0.03,835,0,0
29,9,40,0.2,wave,0.075,3,0.03,829,0,0
29,9,41,0.2,wave,0.075,3,0.03,807,0,0
29,9,42,0.2,wave,0.075,3,0.03,802,0,0
29,9,43,0.2,wave,0.075,3,0.03,799,0,0
29,9,44,0.2,wave,0.075,3,0.03,793,0,0
29,9,45,0.2,wave,0.075,3,0.03,794,0,0
29,9,46,0.2,wave,0.075,3,0.03,795,0,0
29,9,47,0.2,wave,0.075,3,0.03,793,0,0
29,9,48,0.2,wave,0.075,3,0.03,790,0,0
29,9,49,0.2,wave,0.075,3,0.03,793,0,0
29,9,50,0.2,wave,0.075,3,0.03,777,0,0
29,9,51,0.2,wave,0.075,3,0.03,778,0,0
29,9,52,0.2,wave,0.075,3,0.03,774,0,0
29,10,1,0.2,wave,0.075,3,0.03,777,0,0
29,10,2,0.2,wave,0.075,3,0.03,764,0,0
29,10,3,0.2,wave,0.075,3,0.03,767,0,0
29,10,4,0.2,wave,0.075,3,0.03,764,0,0
29,10,5,0.2,wave,0.075,3,0.03,767,0,0
29,10,6,0.2,wave,0.075,3,0.03,763,0,0
29,10,7,0.2,wave,0.075,3,0.03,753,0,0
29,10,8,0.2,wave,0.075,3,0.03,750,0,0
29,10,9,0.2,wave,0.075,3,0.03,752,0,0
29,10,10,0.2,wave,0.075,3,0.03,751,0,0
29,10,11,0.2,wave,0.075,3,0.03,752,0,0
29,10,12,0.2,wave,0.075,3,0.03,747,0,0
29,10,13,0.2,wave,0.075,3,0.03,751,0,0
29,10,14,0.2,wave,0.075,3,0.03,749,0,0
29,10,15,0.2,wave,0.075,3,0.03,731,0,0
29,10,16,0.2,wave,0.075,3,0.03,727,0,0
29,10,17,0.2,wave,0.075,3,0.03,729,0,0
29,10,18,0.2,wave,0.075,3,0.03,713,0,0
29,10,19,0.2,wave,0.075,3,0.03,714,0,0
29,10,20,0.2,wave,0.075,3,0.03,931,0,0
29,10,21,0.2,wave,0.075,3,0.03,884,0,0
29,10,22,0.2,wave,0.075,3,0.03,886,0,0
29,10,23,0.2,wave,0.075,3,0.03,879,0,0
29,10,24,0.2,wave,0.075,3,0.03,884,0,0
29,10,25,0.2,wave,0.075,3,0.03,880,0,0
29,10,26,0.2,wave,0.075,3,0.03,887,0,0
29,10,27,0.2,wave,0.075,3,0.03,891,0,0
29,10,28,0.2,wave,0.075,3,0.03,872,0,0
29,10,29,0.2,wave,0.075,3,0.03,874,0,0
29,10,30,0.2,wave,0.075,3,0.03,846,0,0
29,10,31,0.2,wave,0.075,3,0.03,833,0,0
29,10,32,0.2,wave,0.075,3,0.03,834,0,0
29,10,33,0.2,wave,0.075,3,0.03,827,0,0
29,10,34,0.2,wave,0.075,3,0.03,828,0,0
29,10,35,0.2,wave,0.075,3,0.03,826,0,0
29,10,36,0.2,wave,0.075,3,0.03,821,0,0
29,10,37,0.2,wave,0.075,3,0.03,820,0,0
29,10,38,0.2,wave,0.075,3,0.03,819,0,0
29,10,39,0.2,wave,0.075,3,0.03,808,0,0
29,10,40,0.2,wave,0.075,3,0.03,815,0,0
29,10,41,0.2,wave,0.075,3,0.03,800,0,0
29,10,42,0.2,wave,0.075,3,0.03,800,0,0
29,10,43,0.2,wave,0.075,3,0.03,803,0,0
29,10,44,0.2,wave,0.075,3,0.03,787,0,0
29,10,45,0.2,wave,0.075,3,0.03,791,0,0
29,10,46,0.2,wave,0.075,3,0.03,788,0,0
29,10,47,0.2,wave,0.075,3,0.03,788,0,0
29,10,48,0.2,wave,0.075,3,0.03,785,0,0
29,10,49,0.2,wave,0.075,3,0.03,789,0,0
29,10,50,0.2,wave,0.075,3,0.03,786,0,0
29,10,51,0.2,wave,0.075,3,0.03,783,0,0
29,10,52,0.2,wave,0.075,3,0.03,781,0,0
30,1,1,0.2,wave,0.075,3,0.024722222222222222,6584,61,8
30,1,2,0.2,wave,0.075,3,0.024722222222222222,6516,63,19
30,1,3,0.2,wave,0.075,3,0.024722222222222222,6325,81,38
30,1,4,0.2,wave,0.075,3,0.024722222222222222,6127,125,47
30,1,5,0.2,wave,0.075,3,0.024722222222222222,6011,179,49
30,1,6,0.2,wave,0.075,3,0.024722222222222222,5767,193,56
30,1,7,0.2,wave,0.075,3,0.024722222222222222,5589,243,82
30,1,8,0.2,wave,0.075,3,0.024722222222222222,5380,308,108
30,1,9,0.2,wave,0.075,3,0.024722222222222222,5189,385,121
30,1,10,0.2,wave,0.075,3,0.024722222222222222,4973,422,158
30,1,11,0.2,wave,0.075,3,0.024722222222222222,4757,472,199
30,1,12,0.2,wave,0.075,3,0.024722222222222222,4540,498,232
30,1,13,0.2,wave,0.075,3,0.024722222222222222,4358,530,230
30,1,14,0.2,wave,0.075,3,0.024722222222222222,4145,540,218
30,1,15,0.2,wave,0.075,3,0.024722222222222222,4002,550,246
30,1,16,0.2,wave,0.075,3,0.024722222222222222,3903,596,290
30,1,17,0.2,wave,0.075,3,0.024722222222222222,3773,601,302
30,1,18,0.2,wave,0.075,3,0.024722222222222222,3611,593,296
30,1,19,0.2,wave,0.075,3,0.024722222222222222,3384,531,270
30,1,20,0.2,wave,0.075,3,0.024722222222222222,4939,534,275
30,1,21,0.2,wave,0.075,3,0.024722222222222222,4543,557,240
30,1,22,0.2,wave,0.075,3,0.024722222222222222,4404,622,259
30,1,23,0.2,wave,0.075,3,0.024722222222222222,4302,646,282
30,1,24,0.2,wave,0.075,3,0.024722222222222222,4100,684,309
30,1,25,0.2,wave,0.075,3,0.024722222222222222,3933,663,292
30,1,26,0.2,wave,0.075,3,0.024722222222222222,3750,596,290
30,1,27,0.2,wave,0.075,3,0.024722222222222222,3635,605,291
30,1,28,0.2,wave,0.075,3,0.024722222222222222,3488,603,287
30,1,29,0.2,wave,0.075,3,0.024722222222222222,3301,558,284
30,1,30,0.2,wave,0.075,3,0.024722222222222222,3147,569,264
30,1,31,0.2,wave,0.075,3,0.024722222222222222,2955,545,249
30,1,32,0.2,wave,0.075,3,0.024722222222222222,2810,511,238
30,1,33,0.2,wave,0.075,3,0.024722222222222222,2692,500,249
30,1,34,0.2,wave,0.075,3,0.024722222222222222,2566,508,240
30,1,35,0.2,wave,0.075,3,0.024722222222222222,2406,464,231
30,1,36,0.2,wave,0.075,3,0.024722222222222222,2255,416,226
30,1,37,0.2,wave,0.075,3,0.024722222222222222,2173,398,217
30,1,38,0.2,wave,0.075,3,0.024722222222222222,2060,354,189
30,1,39,0.2,wave,0.075,3,0.024722222222222222,1947,302,158
30,1,40,0.2,wave,0.075,3,0.024722222222222222,1891,289,158
30,1,41,0.2,wave,0.075,3,0.024722222222222222,1819,254,136
30,1,42,0.2,wave,0.075,3,0.024722222222222222,1763,241,129
30,1,43,0.2,wave,0.075,3,0.024722222222222222,1709,213,105
30,1,44,0.2,wave,0.075,3,0.024722222222222222,1654,193,109
30,1,45,0.2,wave,0.075,3,0.024722222222222222,1581,169,93
30,1,46,0.2,wave,0.075,3,0.024722222222222222,1535,153,88
30,1,47,0.2,wave,0.075,3,0.024722222222222222,1489,121,71
30,1,48,0.2,wave,0.075,3,0.024722222222222222,1439,109,62
30,1,49,0.2,wave,0.075,3,0.024722222222222222,1411,88,51
30,1,50,0.2,wave,0.075,3,0.024722222222222222,1372,71,44
30,1,51,0.2,wave,0.075,3,0.024722222222222222,1350,62,35
30,1,52,0.2,wave,0.075,3,0.024722222222222222,1312,57,27
30,2,1,0.2,wave,0.075,3,0.024722222222222222,1291,49,22
30,2,2,0.2,wave,0.075,3,0.024722222222222222,1259,42,22
30,2,3,0.2,wave,0.075,3,0.024722222222222222,1249,44,26
30,2,4,0.2,wave,0.075,3,0.024722222222222222,1216,41,27
30,2,5,0.2,wave,0.075,3,0.024722222222222222,1194,39,22
30,2,6,0.2,wave,0.075,3,0.024722222222222222,1171,28,18
30,2,7,0.2,wave,0.075,3,0.024722222222222222,1155,29,13
30,2,8,0.2,wave,0.075,3,0.024722222222222222,1134,22,12
30,2,9,0.2,wave,0.075,3,0.024722222222222222,1123,23,12
30,2,10,0.2,wave,0.075,3,0.024722222222222222,1102,15,8
30,2,11,0.2,wave,0.075,3,0.024722222222222222,1103,18,11
30,2,12,0.2,wave,0.075,3,0.024722222222222222,1083,15,8
30,2,13,0.2,wave,0.075,3,0.024722222222222222,1077,17,9
30,2,14,0.2,wave,0.075,3,0.024722222222222222,1059,10,6
30,2,15,0.2,wave,0.075,3,0.024722222222222222,1056,11,6
30,2,16,0.2,wave,0.075,3,0.024722222222222222,1041,7,2
30,2,17,0.2,wave,0.075,3,0.024722222222222222,1042,8,4
30,2,18,0.2,wave,0.075,3,0.024722222222222222,1032,6,5
30,2,19,0.2,wave,0.075,3,0.024722222222222222,1026,6,5
30,2,20,0.2,wave,0.075,3,0.024722222222222222,1514,3,2
30,2,21,0.2,wave,0.075,3,0.024722222222222222,1475,4,2
30,2,22,0.2,wave,0.075,3,0.024722222222222222,1468,6,2
30,2,23,0.2,wave,0.075,3,0.024722222222222222,1453,5,1
30,2,24,0.2,wave,0.075,3,0.024722222222222222,1421,6,2
30,2,25,0.2,wave,0.075,3,0.024722222222222222,1409,11,2
30,2,26,0.2,wave,0.075,3,0.024722222222222222,1396,12,5
30,2,27,0.2,wave,0.075,3,0.024722222222222222,1388,15,5
30,2,28,0.2,wave,0.075,3,0.024722222222222222,1354,21,8
30,2,29,0.2,wave,0.075,3,0.024722222222222222,1341,22,8
30,2,30,0.2,wave,0.075,3,0.024722222222222222,1321,24,9
30,2,31,0.2,wave,0.075,3,0.024722222222222222,1294,12,7
30,2,32,0.2,wave,0.075,3,0.024722222222222222,1282,12,6
30,2,33,0.2,wave,0.075,3,0.024722222222222222,1250,14,7
30,2,34,0.2,wave,0.075,3,0.024722222222222222,1229,10,6
30,2,35,0.2,wave,0.075,3,0.024722222222222222,1206,13,6
30,2,36,0.2,wave,0.075,3,0.024722222222222222,1188,16,6
30,2,37,0.2,wave,0.075,3,0.024722222222222222,1183,13,6
30,2,38,0.2,wave,0.075,3,0.024722222222222222,1155,15,8
30,2,39,0.2,wave,0.075,3,0.024722222222222222,1144,14,7
30,2,40,0.2,wave,0.075,3,0.024722222222222222,1121,9,4
30,2,41,0.2,wave,0.075,3,0.024722222222222222,1111,6,4
30,2,42,0.2,wave,0.075,3,0.024722222222222222,1093,6,4
30,2,43,0.2,wave,0.075,3,0.024722222222222222,1074,5,4
30,2,44,0.2,wave,0.075,3,0.024722222222222222,1051,3,1
30,2,45,0.2,wave,0.075,3,0.024722222222222222,1043,3,3
30,2,46,0.2,wave,0.075,3,0.024722222222222222,1023,4,2
30,2,47,0.2,wave,0.075,3,0.024722222222222222,1024,5,2
30,2,48,0.2,wave,0.075,3,0.024722222222222222,1001,3,1
30,2,49,0.2,wave,0.075,3,0.024722222222222222,993,3,1
30,2,50,0.2,wave,0.075,3,0.024722222222222222,971,3,2
30,2,51,0.2,wave,0.075,3,0.024722222222222222,966,3,2
30,2,52,0.2,wave,0.075,3,0.024722222222222222,945,5,2
30,3,1,0.2,wave,0.075,3,0.024722222222222222,951,4,1
30,3,2,0.2,wave,0.075,3,0.024722222222222222,927,3,1
30,3,3,0.2,wave,0.075,3,0.024722222222222222,928,5,2
30,3,4,0.2,wave,0.075,3,0.024722222222222222,892,7,3
30,3,5,0.2,wave,0.075,3,0.024722222222222222,902,8,3
30,3,6,0.2,wave,0.075,3,0.024722222222222222,878,10,3
30,3,7,0.2,wave,0.075,3,0.024722222222222222,884,10,2
30,3,8,0.2,wave,0.075,3,0.024722222222222222,866,11,5
30,3,9,0.2,wave,0.075,3,0.024722222222222222,869,11,6
30,3,10,0.2,wave,0.075,3,0.024722222222222222,855,13,8
30,3,11,0.2,wave,0.075,3,0.024722222222222222,858,11,5
30,3,12,0.2,wave,0.075,3,0.024722222222222222,841,12,6
30,3,13,0.2,wave,0.075,3,0.024722222222222222,848,10,8
30,3,14,0.2,wave,0.075,3,0.024722222222222222,834,12,8
30,3,15,0.2,wave,0.075,3,0.024722222222222222,833,10,6
30,3,16,0.2,wave,0.075,3,0.024722222222222222,811,6,5
30,3,17,0.2,wave,0.075,3,0.024722222222222222,810,5,4
30,3,18,0.2,wave,0.075,3,0.024722222222222222,807,5,3
30,3,19,0.2,wave,0.075,3,0.024722222222222222,799,2,1
30,3,20,0.2,wave,0.075,3,0.024722222222222222,1194,2,1
30,3,21,0.2,wave,0.075,3,0.024722222222222222,1177,2,1
30,3,22,0.2,wave,0.075,3,0.024722222222222222,1153,2,0
30,3,23,0.2,wave,0.075,3,0.024722222222222222,1125,2,0
30,3,24,0.2,wave,0.075,3,0.024722222222222222,1103,2,1
30,3,25,0.2,wave,0.075,3,0.024722222222222222,1113,2,2
30,3,26,0.2,wave,0.075,3,0.024722222222222222,1099,2,2
30,3,27,0.2,wave,0.075,3,0.024722222222222222,1092,0,0
30,3,28,0.2,wave,0.075,3,0.024722222222222222,1072,0,0
30,3,29,0.2,wave,0.075,3,0.024722222222222222,1071,0,0
30,3,30,0.2,wave,0.075,3,0.024722222222222222,1032,0,0
30,3,31,0.2,wave,0.075,3,0.024722222222222222,1025,0,0
30,3,32,0.2,wave,0.075,3,0.024722222222222222,1007,0,0
30,3,33,0.2,wave,0.075,3,0.024722222222222222,1001,0,0
30,3,34,0.2,wave,0.075,3,0.024722222222222222,984,0,0
30,3,35,0.2,wave,0.075,3,0.024722222222222222,982,0,0
30,3,36,0.2,wave,0.075,3,0.024722222222222222,966,0,0
30,3,37,0.2,wave,0.075,3,0.024722222222222222,941,0,0
30,3,38,0.2,wave,0.075,3,0.024722222222222222,912,0,0
30,3,39,0.2,wave,0.075,3,0.024722222222222222,923,0,0
30,3,40,0.2,wave,0.075,3,0.024722222222222222,903,0,0
30,3,41,0.2,wave,0.075,3,0.024722222222222222,893,0,0
30,3,42,0.2,wave,0.075,3,0.024722222222222222,885,0,0
30,3,43,0.2,wave,0.075,3,0.024722222222222222,869,0,0
30,3,44,0.2,wave,0.075,3,0.024722222222222222,863,0,0
30,3,45,0.2,wave,0.075,3,0.024722222222222222,855,0,0
30,3,46,0.2,wave,0.075,3,0.024722222222222222,838,0,0
30,3,47,0.2,wave,0.075,3,0.024722222222222222,841,0,0
30,3,48,0.2,wave,0.075,3,0.024722222222222222,813,0,0
30,3,49,0.2,wave,0.075,3,0.024722222222222222,816,0,0
30,3,50,0.2,wave,0.075,3,0.024722222222222222,795,0,0
30,3,51,0.2,wave,0.075,3,0.024722222222222222,795,0,0
30,3,52,0.2,wave,0.075,3,0.024722222222222222,770,0,0
30,4,1,0.2,wave,0.075,3,0.024722222222222222,767,0,0
30,4,2,0.2,wave,0.075,3,0.024722222222222222,748,0,0
30,4,3,0.2,wave,0.075,3,0.024722222222222222,748,0,0
30,4,4,0.2,wave,0.075,3,0.024722222222222222,721,0,0
30,4,5,0.2,wave,0.075,3,0.024722222222222222,717,0,0
30,4,6,0.2,wave,0.075,3,0.024722222222222222,707,0,0
30,4,7,0.2,wave,0.075,3,0.024722222222222222,703,0,0
30,4,8,0.2,wave,0.075,3,0.024722222222222222,701,0,0
30,4,9,0.2,wave,0.075,3,0.024722222222222222,700,0,0
30,4,10,0.2,wave,0.075,3,0.024722222222222222,695,0,0
30,4,11,0.2,wave,0.075,3,0.024722222222222222,695,0,0
30,4,12,0.2,wave,0.075,3,0.024722222222222222,677,0,0
30,4,13,0.2,wave,0.075,3,0.024722222222222222,674,0,0
30,4,14,0.2,wave,0.075,3,0.024722222222222222,670,0,0
30,4,15,0.2,wave,0.075,3,0.024722222222222222,658,0,0
30,4,16,0.2,wave,0.075,3,0.024722222222222222,652,0,0
30,4,17,0.2,wave,0.075,3,0.024722222222222222,652,0,0
30,4,18,0.2,wave,0.075,3,0.024722222222222222,645,0,0
30,4,19,0.2,wave,0.075,3,0.024722222222222222,646,0,0
30,4,20,0.2,wave,0.075,3,0.024722222222222222,917,0,0
30,4,21,0.2,wave,0.075,3,0.024722222222222222,902,0,0
30,4,22,0.2,wave,0.075,3,0.024722222222222222,887,0,0
30,4,23,0.2,wave,0.075,3,0.024722222222222222,870,0,0
30,4,24,0.2,wave,0.075,3,0.024722222222222222,850,0,0
30,4,25,0.2,wave,0.075,3,0.024722222222222222,857,0,0
30,4,26,0.2,wave,0.075,3,0.024722222222222222,848,0,0
30,4,27,0.2,wave,0.075,3,0.024722222222222222,782,0,0
30,4,28,0.2,wave,0.075,3,0.024722222222222222,764,0,0
30,4,29,0.2,wave,0.075,3,0.024722222222222222,769,0,0
30,4,30,0.2,wave,0.075,3,0.024722222222222222,747,0,0
30,4,31,0.2,wave,0.075,3,0.024722222222222222,739,0,0
30,4,32,0.2,wave,0.075,3,0.024722222222222222,729,0,0
30,4,33,0.2,wave,0.075,3,0.024722222222222222,735,0,0
30,4,34,0.2,wave,0.075,3,0.024722222222222222,725,0,0
30,4,35,0.2,wave,0.075,3,0.024722222222222222,732,0,0
30,4,36,0.2,wave,0.075,3,0.024722222222222222,707,0,0
30,4,37,0.2,wave,0.075,3,0.024722222222222222,712,0,0
30,4,38,0.2,wave,0.075,3,0.024722222222222222,693,0,0
30,4,39,0.2,wave,0.075,3,0.024722222222222222,690,0,0
30,4,40,0.2,wave,0.075,3,0.024722222222222222,664,0,0
30,4,41,0.2,wave,0.075,3,0.024722222222222222,667,0,0
30,4,42,0.2,wave,0.075,3,0.024722222222222222,658,0,0
30,4,43,0.2,wave,0.075,3,0.024722222222222222,642,0,0
30,4,44,0.2,wave,0.075,3,0.024722222222222222,634,0,0
30,4,45,0.2,wave,0.075,3,0.024722222222222222,636,0,0
30,4,46,0.2,wave,0.075,3,0.024722222222222222,623,0,0
30,4,47,0.2,wave,0.075,3,0.024722222222222222,625,0,0
30,4,48,0.2,wave,0.075,3,0.024722222222222222,617,0,0
30,4,49,0.2,wave,0.075,3,0.024722222222222222,620,0,0
30,4,50,0.2,wave,0.075,3,0.024722222222222222,593,0,0
30,4,51,0.2,wave,0.075,3,0.024722222222222222,577,0,0
30,4,52,0.2,wave,0.075,3,0.024722222222222222,575,0,0
30,5,1,0.2,wave,0.075,3,0.024722222222222222,576,0,0
30,5,2,0.2,wave,0.075,3,0.024722222222222222,557,0,0
30,5,3,0.2,wave,0.075,3,0.024722222222222222,555,0,0
30,5,4,0.2,wave,0.075,3,0.024722222222222222,547,0,0
30,5,5,0.2,wave,0.075,3,0.024722222222222222,548,0,0
30,5,6,0.2,wave,0.075,3,0.024722222222222222,538,0,0
30,5,7,0.2,wave,0.075,3,0.024722222222222222,538,0,0
30,5,8,0.2,wave,0.075,3,0.024722222222222222,534,0,0
30,5,9,0.2,wave,0.075,3,0.024722222222222222,535,0,0
30,5,10,0.2,wave,0.075,3,0.024722222222222222,534,0,0
30,5,11,0.2,wave,0.075,3,0.024722222222222222,523,0,0
30,5,12,0.2,wave,0.075,3,0.024722222222222222,522,0,0
30,5,13,0.2,wave,0.075,3,0.024722222222222222,521,0,0
30,5,14,0.2,wave,0.075,3,0.024722222222222222,518,0,0
30,5,15,0.2,wave,0.075,3,0.024722222222222222,520,0,0
30,5,16,0.2,wave,0.075,3,0.024722222222222222,516,0,0
30,5,17,0.2,wave,0.075,3,0.024722222222222222,516,0,0
30,5,18,0.2,wave,0.075,3,0.024722222222222222,502,0,0
30,5,19,0.2,wave,0.075,3,0.024722222222222222,502,0,0
30,5,20,0.2,wave,0.075,3,0.024722222222222222,747,0,0
30,5,21,0.2,wave,0.075,3,0.024722222222222222,731,0,0
30,5,22,0.2,wave,0.075,3,0.024722222222222222,722,0,0
30,5,23,0.2,wave,0.075,3,0.024722222222222222,711,0,0
30,5,24,0.2,wave,0.075,3,0.024722222222222222,707,0,0
30,5,25,0.2,wave,0.075,3,0.024722222222222222,689,0,0
30,5,26,0.2,wave,0.075,3,0.024722222222222222,661,0,0
30,5,27,0.2,wave,0.075,3,0.024722222222222222,657,0,0
30,5,28,0.2,wave,0.075,3,0.024722222222222222,643,0,0
30,5,29,0.2,wave,0.075,3,0.024722222222222222,637,0,0
30,5,30,0.2,wave,0.075,3,0.024722222222222222,641,0,0
30,5,31,0.2,wave,0.075,3,0.024722222222222222,623,0,0
30,5,32,0.2,wave,0.075,3,0.024722222222222222,610,0,0
30,5,33,0.2,wave,0.075,3,0.024722222222222222,599,0,0
30,5,34,0.2,wave,0.075,3,0.024722222222222222,599,0,0
30,5,35,0.2,wave,0.075,3,0.024722222222222222,593,0,0
30,5,36,0.2,wave,0.075,3,0.024722222222222222,595,0,0
30,5,37,0.2,wave,0.075,3,0.024722222222222222,562,0,0
30,5,38,0.2,wave,0.075,3,0.024722222222222222,563,0,0
30,5,39,0.2,wave,0.075,3,0.024722222222222222,556,0,0
30,5,40,0.2,wave,0.075,3,0.024722222222222222,555,0,0
30,5,41,0.2,wave,0.075,3,0.024722222222222222,546,0,0
30,5,42,0.2,wave,0.075,3,0.024722222222222222,542,0,0
30,5,43,0.2,wave,0.075,3,0.024722222222222222,538,0,0
30,5,44,0.2,wave,0.075,3,0.024722222222222222,533,0,0
30,5,45,0.2,wave,0.075,3,0.024722222222222222,531,0,0
30,5,46,0.2,wave,0.075,3,0.024722222222222222,525,0,0
30,5,47,0.2,wave,0.075,3,0.024722222222222222,522,0,0
30,5,48,0.2,wave,0.075,3,0.024722222222222222,521,0,0
30,5,49,0.2,wave,0.075,3,0.024722222222222222,520,0,0
30,5,50,0.2,wave,0.075,3,0.024722222222222222,513,0,0
30,5,51,0.2,wave,0.075,3,0.024722222222222222,511,0,0
30,5,52,0.2,wave,0.075,3,0.024722222222222222,508,0,0
30,6,1,0.2,wave,0.075,3,0.024722222222222222,508,0,0
30,6,2,0.2,wave,0.075,3,0.024722222222222222,494,0,0
30,6,3,0.2,wave,0.075,3,0.024722222222222222,497,0,0
30,6,4,0.2,wave,0.075,3,0.024722222222222222,493,0,0
30,6,5,0.2,wave,0.075,3,0.024722222222222222,494,0,0
30,6,6,0.2,wave,0.075,3,0.024722222222222222,490,0,0
30,6,7,0.2,wave,0.075,3,0.024722222222222222,489,0,0
30,6,8,0.2,wave,0.075,3,0.024722222222222222,488,0,0
30,6,9,0.2,wave,0.075,3,0.024722222222222222,488,0,0
30,6,10,0.2,wave,0.075,3,0.024722222222222222,483,0,0
30,6,11,0.2,wave,0.075,3,0.024722222222222222,481,0,0
30,6,12,0.2,wave,0.075,3,0.024722222222222222,467,0,0
30,6,13,0.2,wave,0.075,3,0.024722222222222222,465,0,0
30,6,14,0.2,wave,0.075,3,0.024722222222222222,469,0,0
30,6,15,0.2,wave,0.075,3,0.024722222222222222,465,0,0
30,6,16,0.2,wave,0.075,3,0.024722222222222222,469,0,0
30,6,17,0.2,wave,0.075,3,0.024722222222222222,464,0,0
30,6,18,0.2,wave,0.075,3,0.024722222222222222,468,0,0
30,6,19,0.2,wave,0.075,3,0.024722222222222222,462,0,0
30,6,20,0.2,wave,0.075,3,0.024722222222222222,700,0,0
30,6,21,0.2,wave,0.075,3,0.024722222222222222,696,0,0
30,6,22,0.2,wave,0.075,3,0.024722222222222222,684,0,0
30,6,23,0.2,wave,0.075,3,0.024722222222222222,679,0,0
30,6,24,0.2,wave,0.075,3,0.024722222222222222,679,0,0
30,6,25,0.2,wave,0.075,3,0.024722222222222222,677,0,0
30,6,26,0.2,wave,0.075,3,0.024722222222222222,668,0,0
30,6,27,0.2,wave,0.075,3,0.024722222222222222,669,0,0
30,6,28,0.2,wave,0.075,3,0.024722222222222222,648,0,0
30,6,29,0.2,wave,0.075,3,0.024722222222222222,642,0,0
30,6,30,0.2,wave,0.075,3,0.024722222222222222,630,0,0
30,6,31,0.2,wave,0.075,3,0.024722222222222222,634,0,0
30,6,32,0.2,wave,0.075,3,0.024722222222222222,634,0,0
30,6,33,0.2,wave,0.075,3,0.024722222222222222,612,0,0
30,6,34,0.2,wave,0.075,3,0.024722222222222222,600,0,0
30,6,35,0.2,wave,0.075,3,0.024722222222222222,599,0,0
30,6,36,0.2,wave,0.075,3,0.024722222222222222,586,0,0
30,6,37,0.2,wave,0.075,3,0.024722222222222222,567,0,0
30,6,38,0.2,wave,0.075,3,0.024722222222222222,565,0,0
30,6,39,0.2,wave,0.075,3,0.024722222222222222,555,0,0
30,6,40,0.2,wave,0.075,3,0.024722222222222222,559,0,0
30,6,41,0.2,wave,0.075,3,0.024722222222222222,533,0,0
30,6,42,0.2,wave,0.075,3,0.024722222222222222,529,0,0
30,6,43,0.2,wave,0.075,3,0.024722222222222222,522,0,0
30,6,44,0.2,wave,0.075,3,0.024722222222222222,515,0,0
30,6,45,0.2,wave,0.075,3,0.024722222222222222,517,0,0
30,6,46,0.2,wave,0.075,3,0.024722222222222222,511,0,0
30,6,47,0.2,wave,0.075,3,0.024722222222222222,510,0,0
30,6,48,0.2,wave,0.075,3,0.024722222222222222,506,0,0
30,6,49,0.2,wave,0.075,3,0.024722222222222222,502,0,0
30,6,50,0.2,wave,0.075,3,0.024722222222222222,499,0,0
30,6,51,0.2,wave,0.075,3,0.024722222222222222,493,0,0
30,6,52,0.2,wave,0.075,3,0.024722222222222222,492,0,0
30,7,1,0.2,wave,0.075,3,0.024722222222222222,490,0,0
30,7,2,0.2,wave,0.075,3,0.024722222222222222,483,0,0
30,7,3,0.2,wave,0.075,3,0.024722222222222222,479,0,0
30,7,4,0.2,wave,0.075,3,0.024722222222222222,478,0,0
30,7,5,0.2,wave,0.075,3,0.024722222222222222,480,0,0
30,7,6,0.2,wave,0.075,3,0.024722222222222222,479,0,0
30,7,7,0.2,wave,0.075,3,0.024722222222222222,476,0,0
30,7,8,0.2,wave,0.075,3,0.024722222222222222,478,0,0
30,7,9,0.2,wave,0.075,3,0.024722222222222222,477,0,0
30,7,10,0.2,wave,0.075,3,0.024722222222222222,477,0,0
30,7,11,0.2,wave,0.075,3,0.024722222222222222,475,0,0
30,7,12,0.2,wave,0.075,3,0.024722222222222222,464,0,0
30,7,13,0.2,wave,0.075,3,0.024722222222222222,463,0,0
30,7,14,0.2,wave,0.075,3,0.024722222222222222,463,0,0
30,7,15,0.2,wave,0.075,3,0.024722222222222222,450,0,0
30,7,16,0.2,wave,0.075,3,0.024722222222222222,451,0,0
30,7,17,0.2,wave,0.075,3,0.024722222222222222,446,0,0
30,7,18,0.2,wave,0.075,3,0.024722222222222222,450,0,0
30,7,19,0.2,wave,0.075,3,0.024722222222222222,445,0,0
30,7,20,0.2,wave,0.075,3,0.024722222222222222,663,0,0
30,7,21,0.2,wave,0.075,3,0.024722222222222222,644,0,0
30,7,22,0.2,wave,0.075,3,0.024722222222222222,629,0,0
30,7,23,0.2,wave,0.075,3,0.024722222222222222,631,0,0
30,7,24,0.2,wave,0.075,3,0.024722222222222222,612,0,0
30,7,25,0.2,wave,0.075,3,0.024722222222222222,605,0,0
30,7,26,0.2,wave,0.075,3,0.024722222222222222,599,0,0
30,7,27,0.2,wave,0.075,3,0.024722222222222222,588,0,0
30,7,28,0.2,wave,0.075,3,0.024722222222222222,568,0,0
30,7,29,0.2,wave,0.075,3,0.024722222222222222,572,0,0
30,7,30,0.2,wave,0.075,3,0.024722222222222222,564,0,0
30,7,31,0.2,wave,0.075,3,0.024722222222222222,569,0,0
30,7,32,0.2,wave,0.075,3,0.024722222222222222,555,0,0
30,7,33,0.2,wave,0.075,3,0.024722222222222222,550,0,0
30,7,34,0.2,wave,0.075,3,0.024722222222222222,533,0,0
30,7,35,0.2,wave,0.075,3,0.024722222222222222,521,0,0
30,7,36,0.2,wave,0.075,3,0.024722222222222222,516,0,0
30,7,37,0.2,wave,0.075,3,0.024722222222222222,508,0,0
30,7,38,0.2,wave,0.075,3,0.024722222222222222,512,0,0
30,7,39,0.2,wave,0.075,3,0.024722222222222222,481,0,0
30,7,40,0.2,wave,0.075,3,0.024722222222222222,479,0,0
30,7,41,0.2,wave,0.075,3,0.024722222222222222,478,0,0
30,7,42,0.2,wave,0.075,3,0.024722222222222222,470,0,0
30,7,43,0.2,wave,0.075,3,0.024722222222222222,472,0,0
30,7,44,0.2,wave,0.075,3,0.024722222222222222,468,0,0
30,7,45,0.2,wave,0.075,3,0.024722222222222222,469,0,0
30,7,46,0.2,wave,0.075,3,0.024722222222222222,467,0,0
30,7,47,0.2,wave,0.075,3,0.024722222222222222,469,0,0
30,7,48,0.2,wave,0.075,3,0.024722222222222222,462,0,0
30,7,49,0.2,wave,0.075,3,0.024722222222222222,459,0,0
30,7,50,0.2,wave,0.075,3,0.024722222222222222,443,0,0
30,7,51,0.2,wave,0.075,3,0.024722222222222222,442,0,0
30,7,52,0.2,wave,0.075,3,0.024722222222222222,440,0,0
30,8,1,0.2,wave,0.075,3,0.024722222222222222,441,0,0
30,8,2,0.2,wave,0.075,3,0.024722222222222222,436,0,0
30,8,3,0.2,wave,0.075,3,0.024722222222222222,424,0,0
30,8,4,0.2,wave,0.075,3,0.024722222222222222,421,0,0
30,8,5,0.2,wave,0.075,3,0.024722222222222222,422,0,0
30,8,6,0.2,wave,0.075,3,0.024722222222222222,421,0,0
30,8,7,0.2,wave,0.075,3,0.024722222222222222,423,0,0
30,8,8,0.2,wave,0.075,3,0.024722222222222222,421,0,0
30,8,9,0.2,wave,0.075,3,0.024722222222222222,421,0,0
30,8,10,0.2,wave,0.075,3,0.024722222222222222,417,0,0
30,8,11,0.2,wave,0.075,3,0.024722222222222222,420,0,0
30,8,12,0.2,wave,0.075,3,0.024722222222222222,418,0,0
30,8,13,0.2,wave,0.075,3,0.024722222222222222,420,0,0
30,8,14,0.2,wave,0.075,3,0.024722222222222222,418,0,0
30,8,15,0.2,wave,0.075,3,0.024722222222222222,421,0,0
30,8,16,0.2,wave,0.075,3,0.024722222222222222,418,0,0
30,8,17,0.2,wave,0.075,3,0.024722222222222222,419,0,0
30,8,18,0.2,wave,0.075,3,0.024722222222222222,417,0,0
30,8,19,0.2,wave,0.075,3,0.024722222222222222,417,0,0
30,8,20,0.2,wave,0.075,3,0.024722222222222222,604,0,0
30,8,21,0.2,wave,0.075,3,0.024722222222222222,591,0,0
30,8,22,0.2,wave,0.075,3,0.024722222222222222,590,0,0
30,8,23,0.2,wave,0.075,3,0.024722222222222222,579,0,0
30,8,24,0.2,wave,0.075,3,0.024722222222222222,568,0,0
30,8,25,0.2,wave,0.075,3,0.024722222222222222,569,0,0
30,8,26,0.2,wave,0.075,3,0.024722222222222222,554,0,0
30,8,27,0.2,wave,0.075,3,0.024722222222222222,548,0,0
30,8,28,0.2,wave,0.075,3,0.024722222222222222,548,0,0
30,8,29,0.2,wave,0.075,3,0.024722222222222222,548,0,0
30,8,30,0.2,wave,0.075,3,0.024722222222222222,548,0,0
30,8,31,0.2,wave,0.075,3,0.024722222222222222,548,0,0
30,8,32,0.2,wave,0.075,3,0.024722222222222222,534,0,0
30,8,33,0.2,wave,0.075,3,0.024722222222222222,534,0,0
30,8,34,0.2,wave,0.075,3,0.024722222222222222,534,0,0
30,8,35,0.2,wave,0.075,3,0.024722222222222222,522,0,0
30,8,36,0.2,wave,0.075,3,0.024722222222222222,508,0,0
30,8,37,0.2,wave,0.075,3,0.024722222222222222,497,0,0
30,8,38,0.2,wave,0.075,3,0.024722222222222222,497,0,0
30,8,39,0.2,wave,0.075,3,0.024722222222222222,497,0,0
30,8,40,0.2,wave,0.075,3,0.024722222222222222,497,0,0
30,8,41,0.2,wave,0.075,3,0.024722222222222222,497,0,0
30,8,42,0.2,wave,0.075,3,0.024722222222222222,498,0,0
30,8,43,0.2,wave,0.075,3,0.024722222222222222,497,0,0
30,8,44,0.2,wave,0.075,3,0.024722222222222222,496,0,0
30,8,45,0.2,wave,0.075,3,0.024722222222222222,495,0,0
30,8,46,0.2,wave,0.075,3,0.024722222222222222,497,0,0
30,8,47,0.2,wave,0.075,3,0.024722222222222222,483,0,0
30,8,48,0.2,wave,0.075,3,0.024722222222222222,481,0,0
30,8,49,0.2,wave,0.075,3,0.024722222222222222,484,0,0
30,8,50,0.2,wave,0.075,3,0.024722222222222222,481,0,0
30,8,51,0.2,wave,0.075,3,0.024722222222222222,482,0,0
30,8,52,0.2,wave,0.075,3,0.024722222222222222,481,0,0
30,9,1,0.2,wave,0.075,3,0.024722222222222222,480,0,0
30,9,2,0.2,wave,0.075,3,0.024722222222222222,480,0,0
30,9,3,0.2,wave,0.075,3,0.024722222222222222,479,0,0
30,9,4,0.2,wave,0.075,3,0.024722222222222222,479,0,0
30,9,5,0.2,wave,0.075,3,0.024722222222222222,479,0,0
30,9,6,0.2,wave,0.075,3,0.024722222222222222,479,0,0
30,9,7,0.2,wave,0.075,3,0.024722222222222222,477,0,0
30,9,8,0.2,wave,0.075,3,0.024722222222222222,479,0,0
30,9,9,0.2,wave,0.075,3,0.024722222222222222,476,0,0
30,9,10,0.2,wave,0.075,3,0.024722222222222222,479,0,0
30,9,11,0.2,wave,0.075,3,0.024722222222222222,476,0,0
30,9,12,0.2,wave,0.075,3,0.024722222222222222,477,0,0
30,9,13,0.2,wave,0.075,3,0.024722222222222222,476,0,0
30,9,14,0.2,wave,0.075,3,0.024722222222222222,476,0,0
30,9,15,0.2,wave,0.075,3,0.024722222222222222,461,0,0
30,9,16,0.2,wave,0.075,3,0.024722222222222222,460,0,0
30,9,17,0.2,wave,0.075,3,0.024722222222222222,460,0,0
30,9,18,0.2,wave,0.075,3,0.024722222222222222,461,0,0
30,9,19,0.2,wave,0.075,3,0.024722222222222222,459,0,0
30,9,20,0.2,wave,0.075,3,0.024722222222222222,605,0,0
30,9,21,0.2,wave,0.075,3,0.024722222222222222,593,0,0
30,9,22,0.2,wave,0.075,3,0.024722222222222222,596,0,0
30,9,23,0.2,wave,0.075,3,0.024722222222222222,592,0,0
30,9,24,0.2,wave,0.075,3,0.024722222222222222,595,0,0
30,9,25,0.2,wave,0.075,3,0.024722222222222222,591,0,0
30,9,26,0.2,wave,0.075,3,0.024722222222222222,586,0,0
30,9,27,0.2,wave,0.075,3,0.024722222222222222,582,0,0
30,9,28,0.2,wave,0.075,3,0.024722222222222222,585,0,0
30,9,29,0.2,wave,0.075,3,0.024722222222222222,582,0,0
30,9,30,0.2,wave,0.075,3,0.024722222222222222,572,0,0
30,9,31,0.2,wave,0.075,3,0.024722222222222222,568,0,0
30,9,32,0.2,wave,0.075,3,0.024722222222222222,559,0,0
30,9,33,0.2,wave,0.075,3,0.024722222222222222,555,0,0
30,9,34,0.2,wave,0.075,3,0.024722222222222222,547,0,0
30,9,35,0.2,wave,0.075,3,0.024722222222222222,545,0,0
30,9,36,0.2,wave,0.075,3,0.024722222222222222,545,0,0
30,9,37,0.2,wave,0.075,3,0.024722222222222222,545,0,0
30,9,38,0.2,wave,0.075,3,0.024722222222222222,536,0,0
30,9,39,0.2,wave,0.075,3,0.024722222222222222,534,0,0
30,9,40,0.2,wave,0.075,3,0.024722222222222222,533,0,0
30,9,41,0.2,wave,0.075,3,0.024722222222222222,531,0,0
30,9,42,0.2,wave,0.075,3,0.024722222222222222,534,0,0
30,9,43,0.2,wave,0.075,3,0.024722222222222222,531,0,0
30,9,44,0.2,wave,0.075,3,0.024722222222222222,530,0,0
30,9,45,0.2,wave,0.075,3,0.024722222222222222,530,0,0
30,9,46,0.2,wave,0.075,3,0.024722222222222222,529,0,0
30,9,47,0.2,wave,0.075,3,0.024722222222222222,528,0,0
30,9,48,0.2,wave,0.075,3,0.024722222222222222,531,0,0
30,9,49,0.2,wave,0.075,3,0.024722222222222222,529,0,0
30,9,50,0.2,wave,0.075,3,0.024722222222222222,525,0,0
30,9,51,0.2,wave,0.075,3,0.024722222222222222,526,0,0
30,9,52,0.2,wave,0.075,3,0.024722222222222222,524,0,0
30,10,1,0.2,wave,0.075,3,0.024722222222222222,524,0,0
30,10,2,0.2,wave,0.075,3,0.024722222222222222,523,0,0
30,10,3,0.2,wave,0.075,3,0.024722222222222222,523,0,0
30,10,4,0.2,wave,0.075,3,0.024722222222222222,512,0,0
30,10,5,0.2,wave,0.075,3,0.024722222222222222,511,0,0
30,10,6,0.2,wave,0.075,3,0.024722222222222222,512,0,0
30,10,7,0.2,wave,0.075,3,0.024722222222222222,509,0,0
30,10,8,0.2,wave,0.075,3,0.024722222222222222,511,0,0
30,10,9,0.2,wave,0.075,3,0.024722222222222222,510,0,0
30,10,10,0.2,wave,0.075,3,0.024722222222222222,510,0,0
30,10,11,0.2,wave,0.075,3,0.024722222222222222,509,0,0
30,10,12,0.2,wave,0.075,3,0.024722222222222222,508,0,0
30,10,13,0.2,wave,0.075,3,0.024722222222222222,511,0,0
30,10,14,0.2,wave,0.075,3,0.024722222222222222,509,0,0
30,10,15,0.2,wave,0.075,3,0.024722222222222222,511,0,0
30,10,16,0.2,wave,0.075,3,0.024722222222222222,510,0,0
30,10,17,0.2,wave,0.075,3,0.024722222222222222,509,0,0
30,10,18,0.2,wave,0.075,3,0.024722222222222222,499,0,0
30,10,19,0.2,wave,0.075,3,0.024722222222222222,499,0,0
30,10,20,0.2,wave,0.075,3,0.024722222222222222,678,0,0
30,10,21,0.2,wave,0.075,3,0.024722222222222222,650,0,0
30,10,22,0.2,wave,0.075,3,0.024722222222222222,635,0,0
30,10,23,0.2,wave,0.075,3,0.024722222222222222,621,0,0
30,10,24,0.2,wave,0.075,3,0.024722222222222222,622,0,0
30,10,25,0.2,wave,0.075,3,0.024722222222222222,595,0,0
30,10,26,0.2,wave,0.075,3,0.024722222222222222,599,0,0
30,10,27,0.2,wave,0.075,3,0.024722222222222222,595,0,0
30,10,28,0.2,wave,0.075,3,0.024722222222222222,600,0,0
30,10,29,0.2,wave,0.075,3,0.024722222222222222,595,0,0
30,10,30,0.2,wave,0.075,3,0.024722222222222222,598,0,0
30,10,31,0.2,wave,0.075,3,0.024722222222222222,594,0,0
30,10,32,0.2,wave,0.075,3,0.024722222222222222,598,0,0
30,10,33,0.2,wave,0.075,3,0.024722222222222222,593,0,0
30,10,34,0.2,wave,0.075,3,0.024722222222222222,598,0,0
30,10,35,0.2,wave,0.075,3,0.024722222222222222,593,0,0
30,10,36,0.2,wave,0.075,3,0.024722222222222222,597,0,0
30,10,37,0.2,wave,0.075,3,0.024722222222222222,591,0,0
30,10,38,0.2,wave,0.075,3,0.024722222222222222,598,0,0
30,10,39,0.2,wave,0.075,3,0.024722222222222222,593,0,0
30,10,40,0.2,wave,0.075,3,0.024722222222222222,594,0,0
30,10,41,0.2,wave,0.075,3,0.024722222222222222,595,0,0
30,10,42,0.2,wave,0.075,3,0.024722222222222222,593,0,0
30,10,43,0.2,wave,0.075,3,0.024722222222222222,593,0,0
30,10,44,0.2,wave,0.075,3,0.024722222222222222,592,0,0
30,10,45,0.2,wave,0.075,3,0.024722222222222222,593,0,0
30,10,46,0.2,wave,0.075,3,0.024722222222222222,592,0,0
30,10,47,0.2,wave,0.075,3,0.024722222222222222,590,0,0
30,10,48,0.2,wave,0.075,3,0.024722222222222222,591,0,0
30,10,49,0.2,wave,0.075,3,0.024722222222222222,590,0,0
30,10,50,0.2,wave,0.075,3,0.024722222222222222,586,0,0
30,10,51,0.2,wave,0.075,3,0.024722222222222222,583,0,0
30,10,52,0.2,wave,0.075,3,0.024722222222222222,582,0,0
31,1,1,0.2,wave,0.075,3,0.021666666666666667,6651,68,8
31,1,2,0.2,wave,0.075,3,0.021666666666666667,6546,75,27
31,1,3,0.2,wave,0.075,3,0.021666666666666667,6380,97,46
31,1,4,0.2,wave,0.075,3,0.021666666666666667,6181,129,52
31,1,5,0.2,wave,0.075,3,0.021666666666666667,6057,161,56
31,1,6,0.2,wave,0.075,3,0.021666666666666667,5875,197,60
31,1,7,0.2,wave,0.075,3,0.021666666666666667,5613,233,78
31,1,8,0.2,wave,0.075,3,0.021666666666666667,5436,285,93
31,1,9,0.2,wave,0.075,3,0.021666666666666667,5247,331,123
31,1,10,0.2,wave,0.075,3,0.021666666666666667,5018,377,143
31,1,11,0.2,wave,0.075,3,0.021666666666666667,4771,424,163
31,1,12,0.2,wave,0.075,3,0.021666666666666667,4640,441,180
31,1,13,0.2,wave,0.075,3,0.021666666666666667,4379,463,198
31,1,14,0.2,wave,0.075,3,0.021666666666666667,4237,470,210
31,1,15,0.2,wave,0.075,3,0.021666666666666667,4060,495,239
31,1,16,0.2,wave,0.075,3,0.021666666666666667,3890,491,254
31,1,17,0.2,wave,0.075,3,0.021666666666666667,3775,508,260
31,1,18,0.2,wave,0.075,3,0.021666666666666667,3653,479,251
31,1,19,0.2,wave,0.075,3,0.021666666666666667,3486,466,240
31,1,20,0.2,wave,0.075,3,0.021666666666666667,5047,420,218
31,1,21,0.2,wave,0.075,3,0.021666666666666667,4742,439,185
31,1,22,0.2,wave,0.075,3,0.021666666666666667,4587,444,187
31,1,23,0.2,wave,0.075,3,0.021666666666666667,4441,490,201
31,1,24,0.2,wave,0.075,3,0.021666666666666667,4249,515,230
31,1,25,0.2,wave,0.075,3,0.021666666666666667,4168,543,232
31,1,26,0.2,wave,0.075,3,0.021666666666666667,4043,570,229
31,1,27,0.2,wave,0.075,3,0.021666666666666667,3837,587,259
31,1,28,0.2,wave,0.075,3,0.021666666666666667,3647,585,270
31,1,29,0.2,wave,0.075,3,0.021666666666666667,3489,604,280
31,1,30,0.2,wave,0.075,3,0.021666666666666667,3284,566,261
31,1,31,0.2,wave,0.075,3,0.021666666666666667,3125,533,252
31,1,32,0.2,wave,0.075,3,0.021666666666666667,3015,523,279
31,1,33,0.2,wave,0.075,3,0.021666666666666667,2858,483,258
31,1,34,0.2,wave,0.075,3,0.021666666666666667,2707,436,234
31,1,35,0.2,wave,0.075,3,0.021666666666666667,2586,396,204
31,1,36,0.2,wave,0.075,3,0.021666666666666667,2484,376,192
31,1,37,0.2,wave,0.075,3,0.021666666666666667,2408,346,179
31,1,38,0.2,wave,0.075,3,0.021666666666666667,2292,305,157
31,1,39,0.2,wave,0.075,3,0.021666666666666667,2175,284,157
31,1,40,0.2,wave,0.075,3,0.021666666666666667,2103,264,145
31,1,41,0.2,wave,0.075,3,0.021666666666666667,2027,246,130
31,1,42,0.2,wave,0.075,3,0.021666666666666667,1938,218,110
31,1,43,0.2,wave,0.075,3,0.021666666666666667,1884,196,103
31,1,44,0.2,wave,0.075,3,0.021666666666666667,1826,184,110
31,1,45,0.2,wave,0.075,3,0.021666666666666667,1777,170,97
31,1,46,0.2,wave,0.075,3,0.021666666666666667,1728,147,87
31,1,47,0.2,wave,0.075,3,0.021666666666666667,1688,119,70
31,1,48,0.2,wave,0.075,3,0.021666666666666667,1644,103,62
31,1,49,0.2,wave,0.075,3,0.021666666666666667,1598,90,54
31,1,50,0.2,wave,0.075,3,0.021666666666666667,1549,74,46
31,1,51,0.2,wave,0.075,3,0.021666666666666667,1524,67,38
31,1,52,0.2,wave,0.075,3,0.021666666666666667,1491,62,32
31,2,1,0.2,wave,0.075,3,0.021666666666666667,1467,56,27
31,2,2,0.2,wave,0.075,3,0.021666666666666667,1443,51,32
31,2,3,0.2,wave,0.075,3,0.021666666666666667,1434,46,28
31,2,4,0.2,wave,0.075,3,0.021666666666666667,1415,39,27
31,2,5,0.2,wave,0.075,3,0.021666666666666667,1382,35,16
31,2,6,0.2,wave,0.075,3,0.021666666666666667,1353,39,15
31,2,7,0.2,wave,0.075,3,0.021666666666666667,1345,29,10
31,2,8,0.2,wave,0.075,3,0.021666666666666667,1321,29,16
31,2,9,0.2,wave,0.075,3,0.021666666666666667,1321,28,16
31,2,10,0.2,wave,0.075,3,0.021666666666666667,1306,27,13
31,2,11,0.2,wave,0.075,3,0.021666666666666667,1298,22,8
31,2,12,0.2,wave,0.075,3,0.021666666666666667,1281,22,15
31,2,13,0.2,wave,0.075,3,0.021666666666666667,1277,22,12
31,2,14,0.2,wave,0.075,3,0.021666666666666667,1262,20,11
31,2,15,0.2,wave,0.075,3,0.021666666666666667,1251,16,6
31,2,16,0.2,wave,0.075,3,0.021666666666666667,1233,14,8
31,2,17,0.2,wave,0.075,3,0.021666666666666667,1235,19,11
31,2,18,0.2,wave,0.075,3,0.021666666666666667,1223,15,7
31,2,19,0.2,wave,0.075,3,0.021666666666666667,1213,17,12
31,2,20,0.2,wave,0.075,3,0.021666666666666667,1758,17,9
31,2,21,0.2,wave,0.075,3,0.021666666666666667,1731,26,11
31,2,22,0.2,wave,0.075,3,0.021666666666666667,1702,24,7
31,2,23,0.2,wave,0.075,3,0.021666666666666667,1701,25,9
31,2,24,0.2,wave,0.075,3,0.021666666666666667,1688,28,13
31,2,25,0.2,wave,0.075,3,0.021666666666666667,1678,26,12
31,2,26,0.2,wave,0.075,3,0.021666666666666667,1649,26,13
31,2,27,0.2,wave,0.075,3,0.021666666666666667,1651,28,15
31,2,28,0.2,wave,0.075,3,0.021666666666666667,1624,29,14
31,2,29,0.2,wave,0.075,3,0.021666666666666667,1630,29,13
31,2,30,0.2,wave,0.075,3,0.021666666666666667,1605,22,11
31,2,31,0.2,wave,0.075,3,0.021666666666666667,1590,24,13
31,2,32,0.2,wave,0.075,3,0.021666666666666667,1576,25,13
31,2,33,0.2,wave,0.075,3,0.021666666666666667,1565,26,12
31,2,34,0.2,wave,0.075,3,0.021666666666666667,1528,24,13
31,2,35,0.2,wave,0.075,3,0.021666666666666667,1511,22,14
31,2,36,0.2,wave,0.075,3,0.021666666666666667,1495,27,13
31,2,37,0.2,wave,0.075,3,0.021666666666666667,1506,27,11
31,2,38,0.2,wave,0.075,3,0.021666666666666667,1481,27,12
31,2,39,0.2,wave,0.075,3,0.021666666666666667,1435,25,12
31,2,40,0.2,wave,0.075,3,0.021666666666666667,1435,28,15
31,2,41,0.2,wave,0.075,3,0.021666666666666667,1408,16,7
31,2,42,0.2,wave,0.075,3,0.021666666666666667,1387,18,11
31,2,43,0.2,wave,0.075,3,0.021666666666666667,1376,15,7
31,2,44,0.2,wave,0.075,3,0.021666666666666667,1348,11,5
31,2,45,0.2,wave,0.075,3,0.021666666666666667,1327,12,5
31,2,46,0.2,wave,0.075,3,0.021666666666666667,1294,12,5
31,2,47,0.2,wave,0.075,3,0.021666666666666667,1289,11,3
31,2,48,0.2,wave,0.075,3,0.021666666666666667,1278,11,3
31,2,49,0.2,wave,0.075,3,0.021666666666666667,1260,12,6
31,2,50,0.2,wave,0.075,3,0.021666666666666667,1241,13,7
31,2,51,0.2,wave,0.075,3,0.021666666666666667,1232,12,7
31,2,52,0.2,wave,0.075,3,0.021666666666666667,1209,10,5
31,3,1,0.2,wave,0.075,3,0.021666666666666667,1193,8,4
31,3,2,0.2,wave,0.075,3,0.021666666666666667,1181,7,6
31,3,3,0.2,wave,0.075,3,0.021666666666666667,1170,7,4
31,3,4,0.2,wave,0.075,3,0.021666666666666667,1165,8,5
31,3,5,0.2,wave,0.075,3,0.021666666666666667,1156,7,3
31,3,6,0.2,wave,0.075,3,0.021666666666666667,1149,6,2
31,3,7,0.2,wave,0.075,3,0.021666666666666667,1140,7,2
31,3,8,0.2,wave,0.075,3,0.021666666666666667,1127,6,2
31,3,9,0.2,wave,0.075,3,0.021666666666666667,1111,7,4
31,3,10,0.2,wave,0.075,3,0.021666666666666667,1106,6,6
31,3,11,0.2,wave,0.075,3,0.021666666666666667,1095,5,5
31,3,12,0.2,wave,0.075,3,0.021666666666666667,1091,5,3
31,3,13,0.2,wave,0.075,3,0.021666666666666667,1076,2,0
31,3,14,0.2,wave,0.075,3,0.021666666666666667,1070,2,0
31,3,15,0.2,wave,0.075,3,0.021666666666666667,1068,2,0
31,3,16,0.2,wave,0.075,3,0.021666666666666667,1059,2,1
31,3,17,0.2,wave,0.075,3,0.021666666666666667,1061,3,1
31,3,18,0.2,wave,0.075,3,0.021666666666666667,1055,3,2
31,3,19,0.2,wave,0.075,3,0.021666666666666667,1058,2,2
31,3,20,0.2,wave,0.075,3,0.021666666666666667,1526,2,2
31,3,21,0.2,wave,0.075,3,0.021666666666666667,1450,0,0
31,3,22,0.2,wave,0.075,3,0.021666666666666667,1418,0,0
31,3,23,0.2,wave,0.075,3,0.021666666666666667,1424,0,0
31,3,24,0.2,wave,0.075,3,0.021666666666666667,1406,0,0
31,3,25,0.2,wave,0.075,3,0.021666666666666667,1406,0,0
31,3,26,0.2,wave,0.075,3,0.021666666666666667,1395,0,0
31,3,27,0.2,wave,0.075,3,0.021666666666666667,1396,0,0
31,3,28,0.2,wave,0.075,3,0.021666666666666667,1388,0,0
31,3,29,0.2,wave,0.075,3,0.021666666666666667,1357,0,0
31,3,30,0.2,wave,0.075,3,0.021666666666666667,1321,0,0
31,3,31,0.2,wave,0.075,3,0.021666666666666667,1296,0,0
31,3,32,0.2,wave,0.075,3,0.021666666666666667,1288,0,0
31,3,33,0.2,wave,0.075,3,0.021666666666666667,1260,0,0
31,3,34,0.2,wave,0.075,3,0.021666666666666667,1252,0,0
31,3,35,0.2,wave,0.075,3,0.021666666666666667,1233,0,0
31,3,36,0.2,wave,0.075,3,0.021666666666666667,1239,0,0
31,3,37,0.2,wave,0.075,3,0.021666666666666667,1219,0,0
31,3,38,0.2,wave,0.075,3,0.021666666666666667,1224,0,0
31,3,39,0.2,wave,0.075,3,0.021666666666666667,1189,0,0
31,3,40,0.2,wave,0.075,3,0.021666666666666667,1173,0,0
31,3,41,0.2,wave,0.075,3,0.021666666666666667,1164,0,0
31,3,42,0.2,wave,0.075,3,0.021666666666666667,1173,0,0
31,3,43,0.2,wave,0.075,3,0.021666666666666667,1148,0,0
31,3,44,0.2,wave,0.075,3,0.021666666666666667,1136,0,0
31,3,45,0.2,wave,0.075,3,0.021666666666666667,1111,0,0
31,3,46,0.2,wave,0.075,3,0.021666666666666667,1119,0,0
31,3,47,0.2,wave,0.075,3,0.021666666666666667,1092,0,0
31,3,48,0.2,wave,0.075,3,0.021666666666666667,1072,0,0
31,3,49,0.2,wave,0.075,3,0.021666666666666667,1059,0,0
31,3,50,0.2,wave,0.075,3,0.021666666666666667,1057,0,0
31,3,51,0.2,wave,0.075,3,0.021666666666666667,1044,0,0
31,3,52,0.2,wave,0.075,3,0.021666666666666667,1042,0,0
31,4,1,0.2,wave,0.075,3,0.021666666666666667,1025,0,0
31,4,2,0.2,wave,0.075,3,0.021666666666666667,1016,0,0
31,4,3,0.2,wave,0.075,3,0.021666666666666667,1001,0,0
31,4,4,0.2,wave,0.075,3,0.021666666666666667,1000,0,0
31,4,5,0.2,wave,0.075,3,0.021666666666666667,990,0,0
31,4,6,0.2,wave,0.075,3,0.021666666666666667,990,0,0
31,4,7,0.2,wave,0.075,3,0.021666666666666667,983,0,0
31,4,8,0.2,wave,0.075,3,0.021666666666666667,983,0,0
31,4,9,0.2,wave,0.075,3,0.021666666666666667,972,0,0
31,4,10,0.2,wave,0.075,3,0.021666666666666667,973,0,0
31,4,11,0.2,wave,0.075,3,0.021666666666666667,970,0,0
31,4,12,0.2,wave,0.075,3,0.021666666666666667,953,0,0
31,4,13,0.2,wave,0.075,3,0.021666666666666667,947,0,0
31,4,14,0.2,wave,0.075,3,0.021666666666666667,947,0,0
31,4,15,0.2,wave,0.075,3,0.021666666666666667,939,0,0
31,4,16,0.2,wave,0.075,3,0.021666666666666667,940,0,0
31,4,17,0.2,wave,0.075,3,0.021666666666666667,936,0,0
31,4,18,0.2,wave,0.075,3,0.021666666666666667,937,0,0
31,4,19,0.2,wave,0.075,3,0.021666666666666667,934,0,0
31,4,20,0.2,wave,0.075,3,0.021666666666666667,1382,0,0
31,4,21,0.2,wave,0.075,3,0.021666666666666667,1368,0,0
31,4,22,0.2,wave,0.075,3,0.021666666666666667,1332,0,0
31,4,23,0.2,wave,0.075,3,0.021666666666666667,1292,0,0
31,4,24,0.2,wave,0.075,3,0.021666666666666667,1255,0,0
31,4,25,0.2,wave,0.075,3,0.021666666666666667,1237,0,0
31,4,26,0.2,wave,0.075,3,0.021666666666666667,1236,0,0
31,4,27,0.2,wave,0.075,3,0.021666666666666667,1217,0,0
31,4,28,0.2,wave,0.075,3,0.021666666666666667,1203,0,0
31,4,29,0.2,wave,0.075,3,0.021666666666666667,1197,0,0
31,4,30,0.2,wave,0.075,3,0.021666666666666667,1190,0,0
31,4,31,0.2,wave,0.075,3,0.021666666666666667,1156,0,0
31,4,32,0.2,wave,0.075,3,0.021666666666666667,1120,0,0
31,4,33,0.2,wave,0.075,3,0.021666666666666667,1128,0,0
31,4,34,0.2,wave,0.075,3,0.021666666666666667,1114,0,0
31,4,35,0.2,wave,0.075,3,0.021666666666666667,1114,0,0
31,4,36,0.2,wave,0.075,3,0.021666666666666667,1080,0,0
31,4,37,0.2,wave,0.075,3,0.021666666666666667,1084,0,0
31,4,38,0.2,wave,0.075,3,0.021666666666666667,1056,0,0
31,4,39,0.2,wave,0.075,3,0.021666666666666667,1048,0,0
31,4,40,0.2,wave,0.075,3,0.021666666666666667,1039,0,0
31,4,41,0.2,wave,0.075,3,0.021666666666666667,1047,0,0
31,4,42,0.2,wave,0.075,3,0.021666666666666667,1035,0,0
31,4,43,0.2,wave,0.075,3,0.021666666666666667,1034,0,0
31,4,44,0.2,wave,0.075,3,0.021666666666666667,1022,0,0
31,4,45,0.2,wave,0.075,3,0.021666666666666667,1010,0,0
31,4,46,0.2,wave,0.075,3,0.021666666666666667,1002,0,0
31,4,47,0.2,wave,0.075,3,0.021666666666666667,995,0,0
31,4,48,0.2,wave,0.075,3,0.021666666666666667,989,0,0
31,4,49,0.2,wave,0.075,3,0.021666666666666667,978,0,0
31,4,50,0.2,wave,0.075,3,0.021666666666666667,953,0,0
31,4,51,0.2,wave,0.075,3,0.021666666666666667,931,0,0
31,4,52,0.2,wave,0.075,3,0.021666666666666667,909,0,0
31,5,1,0.2,wave,0.075,3,0.021666666666666667,906,0,0
31,5,2,0.2,wave,0.075,3,0.021666666666666667,904,0,0
31,5,3,0.2,wave,0.075,3,0.021666666666666667,883,0,0
31,5,4,0.2,wave,0.075,3,0.021666666666666667,865,0,0
31,5,5,0.2,wave,0.075,3,0.021666666666666667,854,0,0
31,5,6,0.2,wave,0.075,3,0.021666666666666667,856,0,0
31,5,7,0.2,wave,0.075,3,0.021666666666666667,846,0,0
31,5,8,0.2,wave,0.075,3,0.021666666666666667,839,0,0
31,5,9,0.2,wave,0.075,3,0.021666666666666667,841,0,0
31,5,10,0.2,wave,0.075,3,0.021666666666666667,837,0,0
31,5,11,0.2,wave,0.075,3,0.021666666666666667,832,0,0
31,5,12,0.2,wave,0.075,3,0.021666666666666667,831,0,0
31,5,13,0.2,wave,0.075,3,0.021666666666666667,835,0,0
31,5,14,0.2,wave,0.075,3,0.021666666666666667,828,0,0
31,5,15,0.2,wave,0.075,3,0.021666666666666667,826,0,0
31,5,16,0.2,wave,0.075,3,0.021666666666666667,821,0,0
31,5,17,0.2,wave,0.075,3,0.021666666666666667,823,0,0
31,5,18,0.2,wave,0.075,3,0.021666666666666667,823,0,0
31,5,19,0.2,wave,0.075,3,0.021666666666666667,821,0,0
31,5,20,0.2,wave,0.075,3,0.021666666666666667,1160,0,0
31,5,21,0.2,wave,0.075,3,0.021666666666666667,1119,0,0
31,5,22,0.2,wave,0.075,3,0.021666666666666667,1110,0,0
31,5,23,0.2,wave,0.075,3,0.021666666666666667,1091,0,0
31,5,24,0.2,wave,0.075,3,0.021666666666666667,1067,0,0
31,5,25,0.2,wave,0.075,3,0.021666666666666667,1063,0,0
31,5,26,0.2,wave,0.075,3,0.021666666666666667,1062,0,0
31,5,27,0.2,wave,0.075,3,0.021666666666666667,1060,0,0
31,5,28,0.2,wave,0.075,3,0.021666666666666667,1044,0,0
31,5,29,0.2,wave,0.075,3,0.021666666666666667,1041,0,0
31,5,30,0.2,wave,0.075,3,0.021666666666666667,1027,0,0
31,5,31,0.2,wave,0.075,3,0.021666666666666667,1022,0,0
31,5,32,0.2,wave,0.075,3,0.021666666666666667,1001,0,0
31,5,33,0.2,wave,0.075,3,0.021666666666666667,965,0,0
31,5,34,0.2,wave,0.075,3,0.021666666666666667,993,0,0
31,5,35,0.2,wave,0.075,3,0.021666666666666667,993,0,0
31,5,36,0.2,wave,0.075,3,0.021666666666666667,988,0,0
31,5,37,0.2,wave,0.075,3,0.021666666666666667,976,0,0
31,5,38,0.2,wave,0.075,3,0.021666666666666667,943,0,0
31,5,39,0.2,wave,0.075,3,0.021666666666666667,959,0,0
31,5,40,0.2,wave,0.075,3,0.021666666666666667,903,0,0
31,5,41,0.2,wave,0.075,3,0.021666666666666667,918,0,0
31,5,42,0.2,wave,0.075,3,0.021666666666666667,896,0,0
31,5,43,0.2,wave,0.075,3,0.021666666666666667,904,0,0
31,5,44,0.2,wave,0.075,3,0.021666666666666667,880,0,0
31,5,45,0.2,wave,0.075,3,0.021666666666666667,891,0,0
31,5,46,0.2,wave,0.075,3,0.021666666666666667,852,0,0
31,5,47,0.2,wave,0.075,3,0.021666666666666667,851,0,0
31,5,48,0.2,wave,0.075,3,0.021666666666666667,825,0,0
31,5,49,0.2,wave,0.075,3,0.021666666666666667,819,0,0
31,5,50,0.2,wave,0.075,3,0.021666666666666667,801,0,0
31,5,51,0.2,wave,0.075,3,0.021666666666666667,809,0,0
31,5,52,0.2,wave,0.075,3,0.021666666666666667,795,0,0
31,6,1,0.2,wave,0.075,3,0.021666666666666667,800,0,0
31,6,2,0.2,wave,0.075,3,0.021666666666666667,792,0,0
31,6,3,0.2,wave,0.075,3,0.021666666666666667,800,0,0
31,6,4,0.2,wave,0.075,3,0.021666666666666667,785,0,0
31,6,5,0.2,wave,0.075,3,0.021666666666666667,795,0,0
31,6,6,0.2,wave,0.075,3,0.021666666666666667,782,0,0
31,6,7,0.2,wave,0.075,3,0.021666666666666667,789,0,0
31,6,8,0.2,wave,0.075,3,0.021666666666666667,778,0,0
31,6,9,0.2,wave,0.075,3,0.021666666666666667,785,0,0
31,6,10,0.2,wave,0.075,3,0.021666666666666667,775,0,0
31,6,11,0.2,wave,0.075,3,0.021666666666666667,780,0,0
31,6,12,0.2,wave,0.075,3,0.021666666666666667,770,0,0
31,6,13,0.2,wave,0.075,3,0.021666666666666667,773,0,0
31,6,14,0.2,wave,0.075,3,0.021666666666666667,765,0,0
31,6,15,0.2,wave,0.075,3,0.021666666666666667,773,0,0
31,6,16,0.2,wave,0.075,3,0.021666666666666667,757,0,0
31,6,17,0.2,wave,0.075,3,0.021666666666666667,771,0,0
31,6,18,0.2,wave,0.075,3,0.021666666666666667,754,0,0
31,6,19,0.2,wave,0.075,3,0.021666666666666667,761,0,0
31,6,20,0.2,wave,0.075,3,0.021666666666666667,1119,0,0
31,6,21,0.2,wave,0.075,3,0.021666666666666667,1119,0,0
31,6,22,0.2,wave,0.075,3,0.021666666666666667,1113,0,0
31,6,23,0.2,wave,0.075,3,0.021666666666666667,1108,0,0
31,6,24,0.2,wave,0.075,3,0.021666666666666667,1097,0,0
31,6,25,0.2,wave,0.075,3,0.021666666666666667,1106,0,0
31,6,26,0.2,wave,0.075,3,0.021666666666666667,1078,0,0
31,6,27,0.2,wave,0.075,3,0.021666666666666667,1041,0,0
31,6,28,0.2,wave,0.075,3,0.021666666666666667,1019,0,0
31,6,29,0.2,wave,0.075,3,0.021666666666666667,1012,0,0
31,6,30,0.2,wave,0.075,3,0.021666666666666667,954,0,0
31,6,31,0.2,wave,0.075,3,0.021666666666666667,943,0,0
31,6,32,0.2,wave,0.075,3,0.021666666666666667,920,0,0
31,6,33,0.2,wave,0.075,3,0.021666666666666667,890,0,0
31,6,34,0.2,wave,0.075,3,0.021666666666666667,873,0,0
31,6,35,0.2,wave,0.075,3,0.021666666666666667,868,0,0
31,6,36,0.2,wave,0.075,3,0.021666666666666667,868,0,0
31,6,37,0.2,wave,0.075,3,0.021666666666666667,857,0,0
31,6,38,0.2,wave,0.075,3,0.021666666666666667,839,0,0
31,6,39,0.2,wave,0.075,3,0.021666666666666667,832,0,0
31,6,40,0.2,wave,0.075,3,0.021666666666666667,818,0,0
31,6,41,0.2,wave,0.075,3,0.021666666666666667,799,0,0
31,6,42,0.2,wave,0.075,3,0.021666666666666667,790,0,0
31,6,43,0.2,wave,0.075,3,0.021666666666666667,781,0,0
31,6,44,0.2,wave,0.075,3,0.021666666666666667,781,0,0
31,6,45,0.2,wave,0.075,3,0.021666666666666667,774,0,0
31,6,46,0.2,wave,0.075,3,0.021666666666666667,765,0,0
31,6,47,0.2,wave,0.075,3,0.021666666666666667,767,0,0
31,6,48,0.2,wave,0.075,3,0.021666666666666667,763,0,0
31,6,49,0.2,wave,0.075,3,0.021666666666666667,759,0,0
31,6,50,0.2,wave,0.075,3,0.021666666666666667,742,0,0
31,6,51,0.2,wave,0.075,3,0.021666666666666667,738,0,0
31,6,52,0.2,wave,0.075,3,0.021666666666666667,736,0,0
31,7,1,0.2,wave,0.075,3,0.021666666666666667,731,0,0
31,7,2,0.2,wave,0.075,3,0.021666666666666667,727,0,0
31,7,3,0.2,wave,0.075,3,0.021666666666666667,722,0,0
31,7,4,0.2,wave,0.075,3,0.021666666666666667,724,0,0
31,7,5,0.2,wave,0.075,3,0.021666666666666667,712,0,0
31,7,6,0.2,wave,0.075,3,0.021666666666666667,718,0,0
31,7,7,0.2,wave,0.075,3,0.021666666666666667,716,0,0
31,7,8,0.2,wave,0.075,3,0.021666666666666667,719,0,0
31,7,9,0.2,wave,0.075,3,0.021666666666666667,712,0,0
31,7,10,0.2,wave,0.075,3,0.021666666666666667,714,0,0
31,7,11,0.2,wave,0.075,3,0.021666666666666667,711,0,0
31,7,12,0.2,wave,0.075,3,0.021666666666666667,712,0,0
31,7,13,0.2,wave,0.075,3,0.021666666666666667,709,0,0
31,7,14,0.2,wave,0.075,3,0.021666666666666667,704,0,0
31,7,15,0.2,wave,0.075,3,0.021666666666666667,704,0,0
31,7,16,0.2,wave,0.075,3,0.021666666666666667,697,0,0
31,7,17,0.2,wave,0.075,3,0.021666666666666667,696,0,0
31,7,18,0.2,wave,0.075,3,0.021666666666666667,695,0,0
31,7,19,0.2,wave,0.075,3,0.021666666666666667,694,0,0
31,7,20,0.2,wave,0.075,3,0.021666666666666667,1043,0,0
31,7,21,0.2,wave,0.075,3,0.021666666666666667,1000,0,0
31,7,22,0.2,wave,0.075,3,0.021666666666666667,976,0,0
31,7,23,0.2,wave,0.075,3,0.021666666666666667,960,0,0
31,7,24,0.2,wave,0.075,3,0.021666666666666667,962,0,0
31,7,25,0.2,wave,0.075,3,0.021666666666666667,923,0,0
31,7,26,0.2,wave,0.075,3,0.021666666666666667,911,0,0
31,7,27,0.2,wave,0.075,3,0.021666666666666667,903,0,0
31,7,28,0.2,wave,0.075,3,0.021666666666666667,887,0,0
31,7,29,0.2,wave,0.075,3,0.021666666666666667,890,0,0
31,7,30,0.2,wave,0.075,3,0.021666666666666667,864,0,0
31,7,31,0.2,wave,0.075,3,0.021666666666666667,867,0,0
31,7,32,0.2,wave,0.075,3,0.021666666666666667,845,0,0
31,7,33,0.2,wave,0.075,3,0.021666666666666667,860,0,0
31,7,34,0.2,wave,0.075,3,0.021666666666666667,837,0,0
31,7,35,0.2,wave,0.075,3,0.021666666666666667,820,0,0
31,7,36,0.2,wave,0.075,3,0.021666666666666667,803,0,0
31,7,37,0.2,wave,0.075,3,0.021666666666666667,797,0,0
31,7,38,0.2,wave,0.075,3,0.021666666666666667,790,0,0
31,7,39,0.2,wave,0.075,3,0.021666666666666667,789,0,0
31,7,40,0.2,wave,0.075,3,0.021666666666666667,778,0,0
31,7,41,0.2,wave,0.075,3,0.021666666666666667,778,0,0
31,7,42,0.2,wave,0.075,3,0.021666666666666667,769,0,0
31,7,43,0.2,wave,0.075,3,0.021666666666666667,775,0,0
31,7,44,0.2,wave,0.075,3,0.021666666666666667,770,0,0
31,7,45,0.2,wave,0.075,3,0.021666666666666667,767,0,0
31,7,46,0.2,wave,0.075,3,0.021666666666666667,765,0,0
31,7,47,0.2,wave,0.075,3,0.021666666666666667,762,0,0
31,7,48,0.2,wave,0.075,3,0.021666666666666667,746,0,0
31,7,49,0.2,wave,0.075,3,0.021666666666666667,747,0,0
31,7,50,0.2,wave,0.075,3,0.021666666666666667,741,0,0
31,7,51,0.2,wave,0.075,3,0.021666666666666667,738,0,0
31,7,52,0.2,wave,0.075,3,0.021666666666666667,732,0,0
31,8,1,0.2,wave,0.075,3,0.021666666666666667,733,0,0
31,8,2,0.2,wave,0.075,3,0.021666666666666667,732,0,0
31,8,3,0.2,wave,0.075,3,0.021666666666666667,728,0,0
31,8,4,0.2,wave,0.075,3,0.021666666666666667,726,0,0
31,8,5,0.2,wave,0.075,3,0.021666666666666667,714,0,0
31,8,6,0.2,wave,0.075,3,0.021666666666666667,713,0,0
31,8,7,0.2,wave,0.075,3,0.021666666666666667,711,0,0
31,8,8,0.2,wave,0.075,3,0.021666666666666667,714,0,0
31,8,9,0.2,wave,0.075,3,0.021666666666666667,707,0,0
31,8,10,0.2,wave,0.075,3,0.021666666666666667,709,0,0
31,8,11,0.2,wave,0.075,3,0.021666666666666667,706,0,0
31,8,12,0.2,wave,0.075,3,0.021666666666666667,708,0,0
31,8,13,0.2,wave,0.075,3,0.021666666666666667,707,0,0
31,8,14,0.2,wave,0.075,3,0.021666666666666667,710,0,0
31,8,15,0.2,wave,0.075,3,0.021666666666666667,706,0,0
31,8,16,0.2,wave,0.075,3,0.021666666666666667,702,0,0
31,8,17,0.2,wave,0.075,3,0.021666666666666667,702,0,0
31,8,18,0.2,wave,0.075,3,0.021666666666666667,703,0,0
31,8,19,0.2,wave,0.075,3,0.021666666666666667,700,0,0
31,8,20,0.2,wave,0.075,3,0.021666666666666667,1083,0,0
31,8,21,0.2,wave,0.075,3,0.021666666666666667,1046,0,0
31,8,22,0.2,wave,0.075,3,0.021666666666666667,1038,0,0
31,8,23,0.2,wave,0.075,3,0.021666666666666667,1026,0,0
31,8,24,0.2,wave,0.075,3,0.021666666666666667,982,0,0
31,8,25,0.2,wave,0.075,3,0.021666666666666667,960,0,0
31,8,26,0.2,wave,0.075,3,0.021666666666666667,968,0,0
31,8,27,0.2,wave,0.075,3,0.021666666666666667,965,0,0
31,8,28,0.2,wave,0.075,3,0.021666666666666667,953,0,0
31,8,29,0.2,wave,0.075,3,0.021666666666666667,955,0,0
31,8,30,0.2,wave,0.075,3,0.021666666666666667,950,0,0
31,8,31,0.2,wave,0.075,3,0.021666666666666667,951,0,0
31,8,32,0.2,wave,0.075,3,0.021666666666666667,925,0,0
31,8,33,0.2,wave,0.075,3,0.021666666666666667,922,0,0
31,8,34,0.2,wave,0.075,3,0.021666666666666667,904,0,0
31,8,35,0.2,wave,0.075,3,0.021666666666666667,913,0,0
31,8,36,0.2,wave,0.075,3,0.021666666666666667,904,0,0
31,8,37,0.2,wave,0.075,3,0.021666666666666667,898,0,0
31,8,38,0.2,wave,0.075,3,0.021666666666666667,887,0,0
31,8,39,0.2,wave,0.075,3,0.021666666666666667,883,0,0
31,8,40,0.2,wave,0.075,3,0.021666666666666667,882,0,0
31,8,41,0.2,wave,0.075,3,0.021666666666666667,884,0,0
31,8,42,0.2,wave,0.075,3,0.021666666666666667,881,0,0
31,8,43,0.2,wave,0.075,3,0.021666666666666667,883,0,0
31,8,44,0.2,wave,0.075,3,0.021666666666666667,877,0,0
31,8,45,0.2,wave,0.075,3,0.021666666666666667,876,0,0
31,8,46,0.2,wave,0.075,3,0.021666666666666667,868,0,0
31,8,47,0.2,wave,0.075,3,0.021666666666666667,861,0,0
31,8,48,0.2,wave,0.075,3,0.021666666666666667,837,0,0
31,8,49,0.2,wave,0.075,3,0.021666666666666667,844,0,0
31,8,50,0.2,wave,0.075,3,0.021666666666666667,831,0,0
31,8,51,0.2,wave,0.075,3,0.021666666666666667,833,0,0
31,8,52,0.2,wave,0.075,3,0.021666666666666667,824,0,0
31,9,1,0.2,wave,0.075,3,0.021666666666666667,832,0,0
31,9,2,0.2,wave,0.075,3,0.021666666666666667,823,0,0
31,9,3,0.2,wave,0.075,3,0.021666666666666667,827,0,0
31,9,4,0.2,wave,0.075,3,0.021666666666666667,814,0,0
31,9,5,0.2,wave,0.075,3,0.021666666666666667,828,0,0
31,9,6,0.2,wave,0.075,3,0.021666666666666667,815,0,0
31,9,7,0.2,wave,0.075,3,0.021666666666666667,823,0,0
31,9,8,0.2,wave,0.075,3,0.021666666666666667,813,0,0
31,9,9,0.2,wave,0.075,3,0.021666666666666667,823,0,0
31,9,10,0.2,wave,0.075,3,0.021666666666666667,811,0,0
31,9,11,0.2,wave,0.075,3,0.021666666666666667,821,0,0
31,9,12,0.2,wave,0.075,3,0.021666666666666667,798,0,0
31,9,13,0.2,wave,0.075,3,0.021666666666666667,806,0,0
31,9,14,0.2,wave,0.075,3,0.021666666666666667,795,0,0
31,9,15,0.2,wave,0.075,3,0.021666666666666667,807,0,0
31,9,16,0.2,wave,0.075,3,0.021666666666666667,793,0,0
31,9,17,0.2,wave,0.075,3,0.021666666666666667,807,0,0
31,9,18,0.2,wave,0.075,3,0.021666666666666667,794,0,0
31,9,19,0.2,wave,0.075,3,0.021666666666666667,804,0,0
31,9,20,0.2,wave,0.075,3,0.021666666666666667,1129,0,0
31,9,21,0.2,wave,0.075,3,0.021666666666666667,1074,0,0
31,9,22,0.2,wave,0.075,3,0.021666666666666667,1064,0,0
31,9,23,0.2,wave,0.075,3,0.021666666666666667,1034,0,0
31,9,24,0.2,wave,0.075,3,0.021666666666666667,1036,0,0
31,9,25,0.2,wave,0.075,3,0.021666666666666667,1015,0,0
31,9,26,0.2,wave,0.075,3,0.021666666666666667,1003,0,0
31,9,27,0.2,wave,0.075,3,0.021666666666666667,996,0,0
31,9,28,0.2,wave,0.075,3,0.021666666666666667,994,0,0
31,9,29,0.2,wave,0.075,3,0.021666666666666667,977,0,0
31,9,30,0.2,wave,0.075,3,0.021666666666666667,955,0,0
31,9,31,0.2,wave,0.075,3,0.021666666666666667,943,0,0
31,9,32,0.2,wave,0.075,3,0.021666666666666667,915,0,0
31,9,33,0.2,wave,0.075,3,0.021666666666666667,908,0,0
31,9,34,0.2,wave,0.075,3,0.021666666666666667,875,0,0
31,9,35,0.2,wave,0.075,3,0.021666666666666667,879,0,0
31,9,36,0.2,wave,0.075,3,0.021666666666666667,874,0,0
31,9,37,0.2,wave,0.075,3,0.021666666666666667,880,0,0
31,9,38,0.2,wave,0.075,3,0.021666666666666667,864,0,0
31,9,39,0.2,wave,0.075,3,0.021666666666666667,870,0,0
31,9,40,0.2,wave,0.075,3,0.021666666666666667,866,0,0
31,9,41,0.2,wave,0.075,3,0.021666666666666667,851,0,0
31,9,42,0.2,wave,0.075,3,0.021666666666666667,844,0,0
31,9,43,0.2,wave,0.075,3,0.021666666666666667,849,0,0
31,9,44,0.2,wave,0.075,3,0.021666666666666667,833,0,0
31,9,45,0.2,wave,0.075,3,0.021666666666666667,834,0,0
31,9,46,0.2,wave,0.075,3,0.021666666666666667,832,0,0
31,9,47,0.2,wave,0.075,3,0.021666666666666667,836,0,0
31,9,48,0.2,wave,0.075,3,0.021666666666666667,833,0,0
31,9,49,0.2,wave,0.075,3,0.021666666666666667,837,0,0
31,9,50,0.2,wave,0.075,3,0.021666666666666667,832,0,0
31,9,51,0.2,wave,0.075,3,0.021666666666666667,830,0,0
31,9,52,0.2,wave,0.075,3,0.021666666666666667,826,0,0
31,10,1,0.2,wave,0.075,3,0.021666666666666667,831,0,0
31,10,2,0.2,wave,0.075,3,0.021666666666666667,826,0,0
31,10,3,0.2,wave,0.075,3,0.021666666666666667,837,0,0
31,10,4,0.2,wave,0.075,3,0.021666666666666667,806,0,0
31,10,5,0.2,wave,0.075,3,0.021666666666666667,815,0,0
31,10,6,0.2,wave,0.075,3,0.021666666666666667,808,0,0
31,10,7,0.2,wave,0.075,3,0.021666666666666667,816,0,0
31,10,8,0.2,wave,0.075,3,0.021666666666666667,804,0,0
31,10,9,0.2,wave,0.075,3,0.021666666666666667,813,0,0
31,10,10,0.2,wave,0.075,3,0.021666666666666667,800,0,0
31,10,11,0.2,wave,0.075,3,0.021666666666666667,810,0,0
31,10,12,0.2,wave,0.075,3,0.021666666666666667,793,0,0
31,10,13,0.2,wave,0.075,3,0.021666666666666667,806,0,0
31,10,14,0.2,wave,0.075,3,0.021666666666666667,788,0,0
31,10,15,0.2,wave,0.075,3,0.021666666666666667,808,0,0
31,10,16,0.2,wave,0.075,3,0.021666666666666667,796,0,0
31,10,17,0.2,wave,0.075,3,0.021666666666666667,808,0,0
31,10,18,0.2,wave,0.075,3,0.021666666666666667,795,0,0
31,10,19,0.2,wave,0.075,3,0.021666666666666667,810,0,0
31,10,20,0.2,wave,0.075,3,0.021666666666666667,1091,0,0
31,10,21,0.2,wave,0.075,3,0.021666666666666667,1125,0,0
31,10,22,0.2,wave,0.075,3,0.021666666666666667,1068,0,0
31,10,23,0.2,wave,0.075,3,0.021666666666666667,1080,0,0
31,10,24,0.2,wave,0.075,3,0.021666666666666667,1054,0,0
31,10,25,0.2,wave,0.075,3,0.021666666666666667,1071,0,0
31,10,26,0.2,wave,0.075,3,0.021666666666666667,1038,0,0
31,10,27,0.2,wave,0.075,3,0.021666666666666667,1070,0,0
31,10,28,0.2,wave,0.075,3,0.021666666666666667,1004,0,0
31,10,29,0.2,wave,0.075,3,0.021666666666666667,1023,0,0
31,10,30,0.2,wave,0.075,3,0.021666666666666667,984,0,0
31,10,31,0.2,wave,0.075,3,0.021666666666666667,988,0,0
31,10,32,0.2,wave,0.075,3,0.021666666666666667,969,0,0
31,10,33,0.2,wave,0.075,3,0.021666666666666667,976,0,0
31,10,34,0.2,wave,0.075,3,0.021666666666666667,955,0,0
31,10,35,0.2,wave,0.075,3,0.021666666666666667,978,0,0
31,10,36,0.2,wave,0.075,3,0.021666666666666667,957,0,0
31,10,37,0.2,wave,0.075,3,0.021666666666666667,968,0,0
31,10,38,0.2,wave,0.075,3,0.021666666666666667,931,0,0
31,10,39,0.2,wave,0.075,3,0.021666666666666667,950,0,0
31,10,40,0.2,wave,0.075,3,0.021666666666666667,933,0,0
31,10,41,0.2,wave,0.075,3,0.021666666666666667,945,0,0
31,10,42,0.2,wave,0.075,3,0.021666666666666667,927,0,0
31,10,43,0.2,wave,0.075,3,0.021666666666666667,938,0,0
31,10,44,0.2,wave,0.075,3,0.021666666666666667,926,0,0
31,10,45,0.2,wave,0.075,3,0.021666666666666667,943,0,0
31,10,46,0.2,wave,0.075,3,0.021666666666666667,915,0,0
31,10,47,0.2,wave,0.075,3,0.021666666666666667,926,0,0
31,10,48,0.2,wave,0.075,3,0.021666666666666667,910,0,0
31,10,49,0.2,wave,0.075,3,0.021666666666666667,892,0,0
31,10,50,0.2,wave,0.075,3,0.021666666666666667,872,0,0
31,10,51,0.2,wave,0.075,3,0.021666666666666667,866,0,0
31,10,52,0.2,wave,0.075,3,0.021666666666666667,865,0,0
32,1,1,0.2,wave,0.075,3,0.03111111111111111,6689,64,8
32,1,2,0.2,wave,0.075,3,0.03111111111111111,6706,73,23
32,1,3,0.2,wave,0.075,3,0.03111111111111111,6511,102,41
32,1,4,0.2,wave,0.075,3,0.03111111111111111,6423,132,52
32,1,5,0.2,wave,0.075,3,0.03111111111111111,6280,208,54
32,1,6,0.2,wave,0.075,3,0.03111111111111111,5943,226,74
32,1,7,0.2,wave,0.075,3,0.03111111111111111,5757,264,90
32,1,8,0.2,wave,0.075,3,0.03111111111111111,5501,318,113
32,1,9,0.2,wave,0.075,3,0.03111111111111111,5303,377,129
32,1,10,0.2,wave,0.075,3,0.03111111111111111,5052,403,138
32,1,11,0.2,wave,0.075,3,0.03111111111111111,4810,453,182
32,1,12,0.2,wave,0.075,3,0.03111111111111111,4529,471,202
32,1,13,0.2,wave,0.075,3,0.03111111111111111,4417,511,234
32,1,14,0.2,wave,0.075,3,0.03111111111111111,4184,506,244
32,1,15,0.2,wave,0.075,3,0.03111111111111111,3989,521,260
32,1,16,0.2,wave,0.075,3,0.03111111111111111,3883,516,259
32,1,17,0.2,wave,0.075,3,0.03111111111111111,3705,484,243
32,1,18,0.2,wave,0.075,3,0.03111111111111111,3566,463,216
32,1,19,0.2,wave,0.075,3,0.03111111111111111,3429,443,218
32,1,20,0.2,wave,0.075,3,0.03111111111111111,4923,435,218
32,1,21,0.2,wave,0.075,3,0.03111111111111111,4680,464,211
32,1,22,0.2,wave,0.075,3,0.03111111111111111,4507,478,205
32,1,23,0.2,wave,0.075,3,0.03111111111111111,4313,514,211
32,1,24,0.2,wave,0.075,3,0.03111111111111111,4185,521,221
32,1,25,0.2,wave,0.075,3,0.03111111111111111,4080,542,240
32,1,26,0.2,wave,0.075,3,0.03111111111111111,3919,552,246
32,1,27,0.2,wave,0.075,3,0.03111111111111111,3789,561,244
32,1,28,0.2,wave,0.075,3,0.03111111111111111,3640,559,247
32,1,29,0.2,wave,0.075,3,0.03111111111111111,3493,542,248
32,1,30,0.2,wave,0.075,3,0.03111111111111111,3346,557,258
32,1,31,0.2,wave,0.075,3,0.03111111111111111,3182,549,254
32,1,32,0.2,wave,0.075,3,0.03111111111111111,3098,565,256
32,1,33,0.2,wave,0.075,3,0.03111111111111111,2917,549,258
32,1,34,0.2,wave,0.075,3,0.03111111111111111,2783,543,243
32,1,35,0.2,wave,0.075,3,0.03111111111111111,2658,527,259
32,1,36,0.2,wave,0.075,3,0.03111111111111111,2546,508,237
32,1,37,0.2,wave,0.075,3,0.03111111111111111,2412,480,246
32,1,38,0.2,wave,0.075,3,0.03111111111111111,2320,454,227
32,1,39,0.2,wave,0.075,3,0.03111111111111111,2210,422,226
32,1,40,0.2,wave,0.075,3,0.03111111111111111,2138,420,211
32,1,41,0.2,wave,0.075,3,0.03111111111111111,2011,376,192
32,1,42,0.2,wave,0.075,3,0.03111111111111111,1946,360,183
32,1,43,0.2,wave,0.075,3,0.03111111111111111,1865,349,182
32,1,44,0.2,wave,0.075,3,0.03111111111111111,1779,323,170
32,1,45,0.2,wave,0.075,3,0.03111111111111111,1679,286,149
32,1,46,0.2,wave,0.075,3,0.03111111111111111,1610,245,139
32,1,47,0.2,wave,0.075,3,0.03111111111111111,1531,200,108
32,1,48,0.2,wave,0.075,3,0.03111111111111111,1497,185,108
32,1,49,0.2,wave,0.075,3,0.03111111111111111,1418,144,82
32,1,50,0.2,wave,0.075,3,0.03111111111111111,1386,131,80
32,1,51,0.2,wave,0.075,3,0.03111111111111111,1333,107,63
32,1,52,0.2,wave,0.075,3,0.03111111111111111,1306,97,59
32,2,1,0.2,wave,0.075,3,0.03111111111111111,1266,72,46
32,2,2,0.2,wave,0.075,3,0.03111111111111111,1228,56,37
32,2,3,0.2,wave,0.075,3,0.03111111111111111,1215,52,27
32,2,4,0.2,wave,0.075,3,0.03111111111111111,1196,42,17
32,2,5,0.2,wave,0.075,3,0.03111111111111111,1168,26,12
32,2,6,0.2,wave,0.075,3,0.03111111111111111,1156,30,20
32,2,7,0.2,wave,0.075,3,0.03111111111111111,1130,29,21
32,2,8,0.2,wave,0.075,3,0.03111111111111111,1126,22,15
32,2,9,0.2,wave,0.075,3,0.03111111111111111,1094,15,9
32,2,10,0.2,wave,0.075,3,0.03111111111111111,1094,14,8
32,2,11,0.2,wave,0.075,3,0.03111111111111111,1068,11,7
32,2,12,0.2,wave,0.075,3,0.03111111111111111,1075,12,7
32,2,13,0.2,wave,0.075,3,0.03111111111111111,1058,8,5
32,2,14,0.2,wave,0.075,3,0.03111111111111111,1060,9,7
32,2,15,0.2,wave,0.075,3,0.03111111111111111,1040,5,4
32,2,16,0.2,wave,0.075,3,0.03111111111111111,1044,8,3
32,2,17,0.2,wave,0.075,3,0.03111111111111111,1013,6,2
32,2,18,0.2,wave,0.075,3,0.03111111111111111,1029,7,4
32,2,19,0.2,wave,0.075,3,0.03111111111111111,1006,6,3
32,2,20,0.2,wave,0.075,3,0.03111111111111111,1523,5,2
32,2,21,0.2,wave,0.075,3,0.03111111111111111,1476,6,2
32,2,22,0.2,wave,0.075,3,0.03111111111111111,1489,10,4
32,2,23,0.2,wave,0.075,3,0.03111111111111111,1469,9,4
32,2,24,0.2,wave,0.075,3,0.03111111111111111,1466,8,2
32,2,25,0.2,wave,0.075,3,0.03111111111111111,1441,10,5
32,2,26,0.2,wave,0.075,3,0.03111111111111111,1457,12,6
32,2,27,0.2,wave,0.075,3,0.03111111111111111,1422,13,9
32,2,28,0.2,wave,0.075,3,0.03111111111111111,1415,10,3
32,2,29,0.2,wave,0.075,3,0.03111111111111111,1398,10,4
32,2,30,0.2,wave,0.075,3,0.03111111111111111,1405,9,3
32,2,31,0.2,wave,0.075,3,0.03111111111111111,1371,9,6
32,2,32,0.2,wave,0.075,3,0.03111111111111111,1385,7,5
32,2,33,0.2,wave,0.075,3,0.03111111111111111,1359,6,4
32,2,34,0.2,wave,0.075,3,0.03111111111111111,1353,3,2
32,2,35,0.2,wave,0.075,3,0.03111111111111111,1331,2,1
32,2,36,0.2,wave,0.075,3,0.03111111111111111,1318,3,1
32,2,37,0.2,wave,0.075,3,0.03111111111111111,1309,2,1
32,2,38,0.2,wave,0.075,3,0.03111111111111111,1308,2,1
32,2,39,0.2,wave,0.075,3,0.03111111111111111,1285,3,2
32,2,40,0.2,wave,0.075,3,0.03111111111111111,1276,2,1
32,2,41,0.2,wave,0.075,3,0.03111111111111111,1260,2,1
32,2,42,0.2,wave,0.075,3,0.03111111111111111,1235,1,0
32,2,43,0.2,wave,0.075,3,0.03111111111111111,1211,1,0
32,2,44,0.2,wave,0.075,3,0.03111111111111111,1208,1,1
32,2,45,0.2,wave,0.075,3,0.03111111111111111,1162,1,1
32,2,46,0.2,wave,0.075,3,0.03111111111111111,1156,1,1
32,2,47,0.2,wave,0.075,3,0.03111111111111111,1128,0,0
32,2,48,0.2,wave,0.075,3,0.03111111111111111,1131,0,0
32,2,49,0.2,wave,0.075,3,0.03111111111111111,1083,0,0
32,2,50,0.2,wave,0.075,3,0.03111111111111111,1087,0,0
32,2,51,0.2,wave,0.075,3,0.03111111111111111,1059,0,0
32,2,52,0.2,wave,0.075,3,0.03111111111111111,1069,0,0
32,3,1,0.2,wave,0.075,3,0.03111111111111111,1042,0,0
32,3,2,0.2,wave,0.075,3,0.03111111111111111,1048,0,0
32,3,3,0.2,wave,0.075,3,0.03111111111111111,1026,0,0
32,3,4,0.2,wave,0.075,3,0.03111111111111111,1034,0,0
32,3,5,0.2,wave,0.075,3,0.03111111111111111,1020,0,0
32,3,6,0.2,wave,0.075,3,0.03111111111111111,1015,0,0
32,3,7,0.2,wave,0.075,3,0.03111111111111111,1012,0,0
32,3,8,0.2,wave,0.075,3,0.03111111111111111,1006,0,0
32,3,9,0.2,wave,0.075,3,0.03111111111111111,994,0,0
32,3,10,0.2,wave,0.075,3,0.03111111111111111,996,0,0
32,3,11,0.2,wave,0.075,3,0.03111111111111111,968,0,0
32,3,12,0.2,wave,0.075,3,0.03111111111111111,972,0,0
32,3,13,0.2,wave,0.075,3,0.03111111111111111,953,0,0
32,3,14,0.2,wave,0.075,3,0.03111111111111111,962,0,0
32,3,15,0.2,wave,0.075,3,0.03111111111111111,941,0,0
32,3,16,0.2,wave,0.075,3,0.03111111111111111,951,0,0
32,3,17,0.2,wave,0.075,3,0.03111111111111111,934,0,0
32,3,18,0.2,wave,0.075,3,0.03111111111111111,942,0,0
32,3,19,0.2,wave,0.075,3,0.03111111111111111,913,0,0
32,3,20,0.2,wave,0.075,3,0.03111111111111111,1325,0,0
32,3,21,0.2,wave,0.075,3,0.03111111111111111,1266,0,0
32,3,22,0.2,wave,0.075,3,0.03111111111111111,1273,0,0
32,3,23,0.2,wave,0.075,3,0.03111111111111111,1239,0,0
32,3,24,0.2,wave,0.075,3,0.03111111111111111,1245,0,0
32,3,25,0.2,wave,0.075,3,0.03111111111111111,1204,0,0
32,3,26,0.2,wave,0.075,3,0.03111111111111111,1202,0,0
32,3,27,0.2,wave,0.075,3,0.03111111111111111,1177,0,0
32,3,28,0.2,wave,0.075,3,0.03111111111111111,1172,0,0
32,3,29,0.2,wave,0.075,3,0.03111111111111111,1144,0,0
32,3,30,0.2,wave,0.075,3,0.03111111111111111,1121,0,0
32,3,31,0.2,wave,0.075,3,0.03111111111111111,1061,0,0
32,3,32,0.2,wave,0.075,3,0.03111111111111111,1046,0,0
32,3,33,0.2,wave,0.075,3,0.03111111111111111,1043,0,0
32,3,34,0.2,wave,0.075,3,0.03111111111111111,1005,0,0
32,3,35,0.2,wave,0.075,3,0.03111111111111111,1010,0,0
32,3,36,0.2,wave,0.075,3,0.03111111111111111,996,0,0
32,3,37,0.2,wave,0.075,3,0.03111111111111111,991,0,0
32,3,38,0.2,wave,0.075,3,0.03111111111111111,976,0,0
32,3,39,0.2,wave,0.075,3,0.03111111111111111,981,0,0
32,3,40,0.2,wave,0.075,3,0.03111111111111111,972,0,0
32,3,41,0.2,wave,0.075,3,0.03111111111111111,961,0,0
32,3,42,0.2,wave,0.075,3,0.03111111111111111,946,0,0
32,3,43,0.2,wave,0.075,3,0.03111111111111111,928,0,0
32,3,44,0.2,wave,0.075,3,0.03111111111111111,908,0,0
32,3,45,0.2,wave,0.075,3,0.03111111111111111,878,0,0
32,3,46,0.2,wave,0.075,3,0.03111111111111111,845,0,0
32,3,47,0.2,wave,0.075,3,0.03111111111111111,847,0,0
32,3,48,0.2,wave,0.075,3,0.03111111111111111,825,0,0
32,3,49,0.2,wave,0.075,3,0.03111111111111111,838,0,0
32,3,50,0.2,wave,0.075,3,0.03111111111111111,812,0,0
32,3,51,0.2,wave,0.075,3,0.03111111111111111,810,0,0
32,3,52,0.2,wave,0.075,3,0.03111111111111111,794,0,0
32,4,1,0.2,wave,0.075,3,0.03111111111111111,797,0,0
32,4,2,0.2,wave,0.075,3,0.03111111111111111,782,0,0
32,4,3,0.2,wave,0.075,3,0.03111111111111111,781,0,0
32,4,4,0.2,wave,0.075,3,0.03111111111111111,762,0,0
32,4,5,0.2,wave,0.075,3,0.03111111111111111,755,0,0
32,4,6,0.2,wave,0.075,3,0.03111111111111111,750,0,0
32,4,7,0.2,wave,0.075,3,0.03111111111111111,753,0,0
32,4,8,0.2,wave,0.075,3,0.03111111111111111,742,0,0
32,4,9,0.2,wave,0.075,3,0.03111111111111111,737,0,0
32,4,10,0.2,wave,0.075,3,0.03111111111111111,727,0,0
32,4,11,0.2,wave,0.075,3,0.03111111111111111,730,0,0
32,4,12,0.2,wave,0.075,3,0.03111111111111111,729,0,0
32,4,13,0.2,wave,0.075,3,0.03111111111111111,730,0,0
32,4,14,0.2,wave,0.075,3,0.03111111111111111,722,0,0
32,4,15,0.2,wave,0.075,3,0.03111111111111111,723,0,0
32,4,16,0.2,wave,0.075,3,0.03111111111111111,721,0,0
32,4,17,0.2,wave,0.075,3,0.03111111111111111,719,0,0
32,4,18,0.2,wave,0.075,3,0.03111111111111111,714,0,0
32,4,19,0.2,wave,0.075,3,0.03111111111111111,715,0,0
32,4,20,0.2,wave,0.075,3,0.03111111111111111,1067,0,0
32,4,21,0.2,wave,0.075,3,0.03111111111111111,1068,0,0
32,4,22,0.2,wave,0.075,3,0.03111111111111111,1067,0,0
32,4,23,0.2,wave,0.075,3,0.03111111111111111,1050,0,0
32,4,24,0.2,wave,0.075,3,0.03111111111111111,1048,0,0
32,4,25,0.2,wave,0.075,3,0.03111111111111111,1044,0,0
32,4,26,0.2,wave,0.075,3,0.03111111111111111,1040,0,0
32,4,27,0.2,wave,0.075,3,0.03111111111111111,995,0,0
32,4,28,0.2,wave,0.075,3,0.03111111111111111,997,0,0
32,4,29,0.2,wave,0.075,3,0.03111111111111111,966,0,0
32,4,30,0.2,wave,0.075,3,0.03111111111111111,955,0,0
32,4,31,0.2,wave,0.075,3,0.03111111111111111,945,0,0
32,4,32,0.2,wave,0.075,3,0.03111111111111111,925,0,0
32,4,33,0.2,wave,0.075,3,0.03111111111111111,912,0,0
32,4,34,0.2,wave,0.075,3,0.03111111111111111,909,0,0
32,4,35,0.2,wave,0.075,3,0.03111111111111111,890,0,0
32,4,36,0.2,wave,0.075,3,0.03111111111111111,897,0,0
32,4,37,0.2,wave,0.075,3,0.03111111111111111,881,0,0
32,4,38,0.2,wave,0.075,3,0.03111111111111111,877,0,0
32,4,39,0.2,wave,0.075,3,0.03111111111111111,857,0,0
32,4,40,0.2,wave,0.075,3,0.03111111111111111,861,0,0
32,4,41,0.2,wave,0.075,3,0.03111111111111111,843,0,0
32,4,42,0.2,wave,0.075,3,0.03111111111111111,851,0,0
32,4,43,0.2,wave,0.075,3,0.03111111111111111,828,0,0
32,4,44,0.2,wave,0.075,3,0.03111111111111111,811,0,0
32,4,45,0.2,wave,0.075,3,0.03111111111111111,791,0,0
32,4,46,0.2,wave,0.075,3,0.03111111111111111,776,0,0
32,4,47,0.2,wave,0.075,3,0.03111111111111111,751,0,0
32,4,48,0.2,wave,0.075,3,0.03111111111111111,762,0,0
32,4,49,0.2,wave,0.075,3,0.03111111111111111,748,0,0
32,4,50,0.2,wave,0.075,3,0.03111111111111111,755,0,0
32,4,51,0.2,wave,0.075,3,0.03111111111111111,721,0,0
32,4,52,0.2,wave,0.075,3,0.03111111111111111,732,0,0
32,5,1,0.2,wave,0.075,3,0.03111111111111111,713,0,0
32,5,2,0.2,wave,0.075,3,0.03111111111111111,721,0,0
32,5,3,0.2,wave,0.075,3,0.03111111111111111,700,0,0
32,5,4,0.2,wave,0.075,3,0.03111111111111111,708,0,0
32,5,5,0.2,wave,0.075,3,0.03111111111111111,699,0,0
32,5,6,0.2,wave,0.075,3,0.03111111111111111,708,0,0
32,5,7,0.2,wave,0.075,3,0.03111111111111111,692,0,0
32,5,8,0.2,wave,0.075,3,0.03111111111111111,701,0,0
32,5,9,0.2,wave,0.075,3,0.03111111111111111,687,0,0
32,5,10,0.2,wave,0.075,3,0.03111111111111111,684,0,0
32,5,11,0.2,wave,0.075,3,0.03111111111111111,681,0,0
32,5,12,0.2,wave,0.075,3,0.03111111111111111,682,0,0
32,5,13,0.2,wave,0.075,3,0.03111111111111111,677,0,0
32,5,14,0.2,wave,0.075,3,0.03111111111111111,682,0,0
32,5,15,0.2,wave,0.075,3,0.03111111111111111,670,0,0
32,5,16,0.2,wave,0.075,3,0.03111111111111111,683,0,0
32,5,17,0.2,wave,0.075,3,0.03111111111111111,668,0,0
32,5,18,0.2,wave,0.075,3,0.03111111111111111,682,0,0
32,5,19,0.2,wave,0.075,3,0.03111111111111111,661,0,0
32,5,20,0.2,wave,0.075,3,0.03111111111111111,977,0,0
32,5,21,0.2,wave,0.075,3,0.03111111111111111,956,0,0
32,5,22,0.2,wave,0.075,3,0.03111111111111111,938,0,0
32,5,23,0.2,wave,0.075,3,0.03111111111111111,946,0,0
32,5,24,0.2,wave,0.075,3,0.03111111111111111,914,0,0
32,5,25,0.2,wave,0.075,3,0.03111111111111111,933,0,0
32,5,26,0.2,wave,0.075,3,0.03111111111111111,906,0,0
32,5,27,0.2,wave,0.075,3,0.03111111111111111,876,0,0
32,5,28,0.2,wave,0.075,3,0.03111111111111111,832,0,0
32,5,29,0.2,wave,0.075,3,0.03111111111111111,827,0,0
32,5,30,0.2,wave,0.075,3,0.03111111111111111,788,0,0
32,5,31,0.2,wave,0.075,3,0.03111111111111111,775,0,0
32,5,32,0.2,wave,0.075,3,0.03111111111111111,763,0,0
32,5,33,0.2,wave,0.075,3,0.03111111111111111,763,0,0
32,5,34,0.2,wave,0.075,3,0.03111111111111111,768,0,0
32,5,35,0.2,wave,0.075,3,0.03111111111111111,778,0,0
32,5,36,0.2,wave,0.075,3,0.03111111111111111,754,0,0
32,5,37,0.2,wave,0.075,3,0.03111111111111111,771,0,0
32,5,38,0.2,wave,0.075,3,0.03111111111111111,752,0,0
32,5,39,0.2,wave,0.075,3,0.03111111111111111,762,0,0
32,5,40,0.2,wave,0.075,3,0.03111111111111111,738,0,0
32,5,41,0.2,wave,0.075,3,0.03111111111111111,739,0,0
32,5,42,0.2,wave,0.075,3,0.03111111111111111,731,0,0
32,5,43,0.2,wave,0.075,3,0.03111111111111111,722,0,0
32,5,44,0.2,wave,0.075,3,0.03111111111111111,696,0,0
32,5,45,0.2,wave,0.075,3,0.03111111111111111,696,0,0
32,5,46,0.2,wave,0.075,3,0.03111111111111111,689,0,0
32,5,47,0.2,wave,0.075,3,0.03111111111111111,695,0,0
32,5,48,0.2,wave,0.075,3,0.03111111111111111,683,0,0
32,5,49,0.2,wave,0.075,3,0.03111111111111111,684,0,0
32,5,50,0.2,wave,0.075,3,0.03111111111111111,671,0,0
32,5,51,0.2,wave,0.075,3,0.03111111111111111,679,0,0
32,5,52,0.2,wave,0.075,3,0.03111111111111111,672,0,0
32,6,1,0.2,wave,0.075,3,0.03111111111111111,672,0,0
32,6,2,0.2,wave,0.075,3,0.03111111111111111,668,0,0
32,6,3,0.2,wave,0.075,3,0.03111111111111111,669,0,0
32,6,4,0.2,wave,0.075,3,0.03111111111111111,659,0,0
32,6,5,0.2,wave,0.075,3,0.03111111111111111,663,0,0
32,6,6,0.2,wave,0.075,3,0.03111111111111111,654,0,0
32,6,7,0.2,wave,0.075,3,0.03111111111111111,660,0,0
32,6,8,0.2,wave,0.075,3,0.03111111111111111,657,0,0
32,6,9,0.2,wave,0.075,3,0.03111111111111111,662,0,0
32,6,10,0.2,wave,0.075,3,0.03111111111111111,655,0,0
32,6,11,0.2,wave,0.075,3,0.03111111111111111,654,0,0
32,6,12,0.2,wave,0.075,3,0.03111111111111111,651,0,0
32,6,13,0.2,wave,0.075,3,0.03111111111111111,653,0,0
32,6,14,0.2,wave,0.075,3,0.03111111111111111,647,0,0
32,6,15,0.2,wave,0.075,3,0.03111111111111111,652,0,0
32,6,16,0.2,wave,0.075,3,0.03111111111111111,648,0,0
32,6,17,0.2,wave,0.075,3,0.03111111111111111,635,0,0
32,6,18,0.2,wave,0.075,3,0.03111111111111111,632,0,0
32,6,19,0.2,wave,0.075,3,0.03111111111111111,636,0,0
32,6,20,0.2,wave,0.075,3,0.03111111111111111,936,0,0
32,6,21,0.2,wave,0.075,3,0.03111111111111111,913,0,0
32,6,22,0.2,wave,0.075,3,0.03111111111111111,886,0,0
32,6,23,0.2,wave,0.075,3,0.03111111111111111,897,0,0
32,6,24,0.2,wave,0.075,3,0.03111111111111111,833,0,0
32,6,25,0.2,wave,0.075,3,0.03111111111111111,828,0,0
32,6,26,0.2,wave,0.075,3,0.03111111111111111,810,0,0
32,6,27,0.2,wave,0.075,3,0.03111111111111111,814,0,0
32,6,28,0.2,wave,0.075,3,0.03111111111111111,762,0,0
32,6,29,0.2,wave,0.075,3,0.03111111111111111,763,0,0
32,6,30,0.2,wave,0.075,3,0.03111111111111111,751,0,0
32,6,31,0.2,wave,0.075,3,0.03111111111111111,694,0,0
32,6,32,0.2,wave,0.075,3,0.03111111111111111,691,0,0
32,6,33,0.2,wave,0.075,3,0.03111111111111111,671,0,0
32,6,34,0.2,wave,0.075,3,0.03111111111111111,672,0,0
32,6,35,0.2,wave,0.075,3,0.03111111111111111,674,0,0
32,6,36,0.2,wave,0.075,3,0.03111111111111111,670,0,0
32,6,37,0.2,wave,0.075,3,0.03111111111111111,661,0,0
32,6,38,0.2,wave,0.075,3,0.03111111111111111,646,0,0
32,6,39,0.2,wave,0.075,3,0.03111111111111111,621,0,0
32,6,40,0.2,wave,0.075,3,0.03111111111111111,633,0,0
32,6,41,0.2,wave,0.075,3,0.03111111111111111,627,0,0
32,6,42,0.2,wave,0.075,3,0.03111111111111111,627,0,0
32,6,43,0.2,wave,0.075,3,0.03111111111111111,626,0,0
32,6,44,0.2,wave,0.075,3,0.03111111111111111,616,0,0
32,6,45,0.2,wave,0.075,3,0.03111111111111111,611,0,0
32,6,46,0.2,wave,0.075,3,0.03111111111111111,607,0,0
32,6,47,0.2,wave,0.075,3,0.03111111111111111,600,0,0
32,6,48,0.2,wave,0.075,3,0.03111111111111111,608,0,0
32,6,49,0.2,wave,0.075,3,0.03111111111111111,592,0,0
32,6,50,0.2,wave,0.075,3,0.03111111111111111,594,0,0
32,6,51,0.2,wave,0.075,3,0.03111111111111111,592,0,0
32,6,52,0.2,wave,0.075,3,0.03111111111111111,576,0,0
32,7,1,0.2,wave,0.075,3,0.03111111111111111,564,0,0
32,7,2,0.2,wave,0.075,3,0.03111111111111111,569,0,0
32,7,3,0.2,wave,0.075,3,0.03111111111111111,565,0,0
32,7,4,0.2,wave,0.075,3,0.03111111111111111,568,0,0
32,7,5,0.2,wave,0.075,3,0.03111111111111111,564,0,0
32,7,6,0.2,wave,0.075,3,0.03111111111111111,559,0,0
32,7,7,0.2,wave,0.075,3,0.03111111111111111,563,0,0
32,7,8,0.2,wave,0.075,3,0.03111111111111111,556,0,0
32,7,9,0.2,wave,0.075,3,0.03111111111111111,556,0,0
32,7,10,0.2,wave,0.075,3,0.03111111111111111,562,0,0
32,7,11,0.2,wave,0.075,3,0.03111111111111111,558,0,0
32,7,12,0.2,wave,0.075,3,0.03111111111111111,558,0,0
32,7,13,0.2,wave,0.075,3,0.03111111111111111,553,0,0
32,7,14,0.2,wave,0.075,3,0.03111111111111111,544,0,0
32,7,15,0.2,wave,0.075,3,0.03111111111111111,550,0,0
32,7,16,0.2,wave,0.075,3,0.03111111111111111,541,0,0
32,7,17,0.2,wave,0.075,3,0.03111111111111111,550,0,0
32,7,18,0.2,wave,0.075,3,0.03111111111111111,541,0,0
32,7,19,0.2,wave,0.075,3,0.03111111111111111,547,0,0
32,7,20,0.2,wave,0.075,3,0.03111111111111111,770,0,0
32,7,21,0.2,wave,0.075,3,0.03111111111111111,790,0,0
32,7,22,0.2,wave,0.075,3,0.03111111111111111,766,0,0
32,7,23,0.2,wave,0.075,3,0.03111111111111111,781,0,0
32,7,24,0.2,wave,0.075,3,0.03111111111111111,771,0,0
32,7,25,0.2,wave,0.075,3,0.03111111111111111,761,0,0
32,7,26,0.2,wave,0.075,3,0.03111111111111111,733,0,0
32,7,27,0.2,wave,0.075,3,0.03111111111111111,741,0,0
32,7,28,0.2,wave,0.075,3,0.03111111111111111,731,0,0
32,7,29,0.2,wave,0.075,3,0.03111111111111111,731,0,0
32,7,30,0.2,wave,0.075,3,0.03111111111111111,708,0,0
32,7,31,0.2,wave,0.075,3,0.03111111111111111,732,0,0
32,7,32,0.2,wave,0.075,3,0.03111111111111111,706,0,0
32,7,33,0.2,wave,0.075,3,0.03111111111111111,702,0,0
32,7,34,0.2,wave,0.075,3,0.03111111111111111,683,0,0
32,7,35,0.2,wave,0.075,3,0.03111111111111111,659,0,0
32,7,36,0.2,wave,0.075,3,0.03111111111111111,675,0,0
32,7,37,0.2,wave,0.075,3,0.03111111111111111,652,0,0
32,7,38,0.2,wave,0.075,3,0.03111111111111111,661,0,0
32,7,39,0.2,wave,0.075,3,0.03111111111111111,626,0,0
32,7,40,0.2,wave,0.075,3,0.03111111111111111,633,0,0
32,7,41,0.2,wave,0.075,3,0.03111111111111111,617,0,0
32,7,42,0.2,wave,0.075,3,0.03111111111111111,624,0,0
32,7,43,0.2,wave,0.075,3,0.03111111111111111,586,0,0
32,7,44,0.2,wave,0.075,3,0.03111111111111111,592,0,0
32,7,45,0.2,wave,0.075,3,0.03111111111111111,586,0,0
32,7,46,0.2,wave,0.075,3,0.03111111111111111,589,0,0
32,7,47,0.2,wave,0.075,3,0.03111111111111111,580,0,0
32,7,48,0.2,wave,0.075,3,0.03111111111111111,581,0,0
32,7,49,0.2,wave,0.075,3,0.03111111111111111,571,0,0
32,7,50,0.2,wave,0.075,3,0.03111111111111111,572,0,0
32,7,51,0.2,wave,0.075,3,0.03111111111111111,561,0,0
32,7,52,0.2,wave,0.075,3,0.03111111111111111,544,0,0
32,8,1,0.2,wave,0.075,3,0.03111111111111111,534,0,0
32,8,2,0.2,wave,0.075,3,0.03111111111111111,527,0,0
32,8,3,0.2,wave,0.075,3,0.03111111111111111,526,0,0
32,8,4,0.2,wave,0.075,3,0.03111111111111111,522,0,0
32,8,5,0.2,wave,0.075,3,0.03111111111111111,523,0,0
32,8,6,0.2,wave,0.075,3,0.03111111111111111,523,0,0
32,8,7,0.2,wave,0.075,3,0.03111111111111111,519,0,0
32,8,8,0.2,wave,0.075,3,0.03111111111111111,524,0,0
32,8,9,0.2,wave,0.075,3,0.03111111111111111,523,0,0
32,8,10,0.2,wave,0.075,3,0.03111111111111111,521,0,0
32,8,11,0.2,wave,0.075,3,0.03111111111111111,519,0,0
32,8,12,0.2,wave,0.075,3,0.03111111111111111,522,0,0
32,8,13,0.2,wave,0.075,3,0.03111111111111111,514,0,0
32,8,14,0.2,wave,0.075,3,0.03111111111111111,521,0,0
32,8,15,0.2,wave,0.075,3,0.03111111111111111,520,0,0
32,8,16,0.2,wave,0.075,3,0.03111111111111111,522,0,0
32,8,17,0.2,wave,0.075,3,0.03111111111111111,508,0,0
32,8,18,0.2,wave,0.075,3,0.03111111111111111,508,0,0
32,8,19,0.2,wave,0.075,3,0.03111111111111111,504,0,0
32,8,20,0.2,wave,0.075,3,0.03111111111111111,732,0,0
32,8,21,0.2,wave,0.075,3,0.03111111111111111,714,0,0
32,8,22,0.2,wave,0.075,3,0.03111111111111111,685,0,0
32,8,23,0.2,wave,0.075,3,0.03111111111111111,672,0,0
32,8,24,0.2,wave,0.075,3,0.03111111111111111,681,0,0
32,8,25,0.2,wave,0.075,3,0.03111111111111111,658,0,0
32,8,26,0.2,wave,0.075,3,0.03111111111111111,652,0,0
32,8,27,0.2,wave,0.075,3,0.03111111111111111,633,0,0
32,8,28,0.2,wave,0.075,3,0.03111111111111111,645,0,0
32,8,29,0.2,wave,0.075,3,0.03111111111111111,629,0,0
32,8,30,0.2,wave,0.075,3,0.03111111111111111,628,0,0
32,8,31,0.2,wave,0.075,3,0.03111111111111111,609,0,0
32,8,32,0.2,wave,0.075,3,0.03111111111111111,627,0,0
32,8,33,0.2,wave,0.075,3,0.03111111111111111,597,0,0
32,8,34,0.2,wave,0.075,3,0.03111111111111111,574,0,0
32,8,35,0.2,wave,0.075,3,0.03111111111111111,582,0,0
32,8,36,0.2,wave,0.075,3,0.03111111111111111,583,0,0
32,8,37,0.2,wave,0.075,3,0.03111111111111111,584,0,0
32,8,38,0.2,wave,0.075,3,0.03111111111111111,577,0,0
32,8,39,0.2,wave,0.075,3,0.03111111111111111,569,0,0
32,8,40,0.2,wave,0.075,3,0.03111111111111111,582,0,0
32,8,41,0.2,wave,0.075,3,0.03111111111111111,580,0,0
32,8,42,0.2,wave,0.075,3,0.03111111111111111,579,0,0
32,8,43,0.2,wave,0.075,3,0.03111111111111111,580,0,0
32,8,44,0.2,wave,0.075,3,0.03111111111111111,569,0,0
32,8,45,0.2,wave,0.075,3,0.03111111111111111,573,0,0
32,8,46,0.2,wave,0.075,3,0.03111111111111111,566,0,0
32,8,47,0.2,wave,0.075,3,0.03111111111111111,572,0,0
32,8,48,0.2,wave,0.075,3,0.03111111111111111,570,0,0
32,8,49,0.2,wave,0.075,3,0.03111111111111111,566,0,0
32,8,50,0.2,wave,0.075,3,0.03111111111111111,559,0,0
32,8,51,0.2,wave,0.075,3,0.03111111111111111,564,0,0
32,8,52,0.2,wave,0.075,3,0.03111111111111111,553,0,0
32,9,1,0.2,wave,0.075,3,0.03111111111111111,558,0,0
32,9,2,0.2,wave,0.075,3,0.03111111111111111,559,0,0
32,9,3,0.2,wave,0.075,3,0.03111111111111111,546,0,0
32,9,4,0.2,wave,0.075,3,0.03111111111111111,542,0,0
32,9,5,0.2,wave,0.075,3,0.03111111111111111,544,0,0
32,9,6,0.2,wave,0.075,3,0.03111111111111111,524,0,0
32,9,7,0.2,wave,0.075,3,0.03111111111111111,530,0,0
32,9,8,0.2,wave,0.075,3,0.03111111111111111,521,0,0
32,9,9,0.2,wave,0.075,3,0.03111111111111111,527,0,0
32,9,10,0.2,wave,0.075,3,0.03111111111111111,522,0,0
32,9,11,0.2,wave,0.075,3,0.03111111111111111,527,0,0
32,9,12,0.2,wave,0.075,3,0.03111111111111111,518,0,0
32,9,13,0.2,wave,0.075,3,0.03111111111111111,529,0,0
32,9,14,0.2,wave,0.075,3,0.03111111111111111,525,0,0
32,9,15,0.2,wave,0.075,3,0.03111111111111111,528,0,0
32,9,16,0.2,wave,0.075,3,0.03111111111111111,522,0,0
32,9,17,0.2,wave,0.075,3,0.03111111111111111,523,0,0
32,9,18,0.2,wave,0.075,3,0.03111111111111111,521,0,0
32,9,19,0.2,wave,0.075,3,0.03111111111111111,524,0,0
32,9,20,0.2,wave,0.075,3,0.03111111111111111,726,0,0
32,9,21,0.2,wave,0.075,3,0.03111111111111111,723,0,0
32,9,22,0.2,wave,0.075,3,0.03111111111111111,714,0,0
32,9,23,0.2,wave,0.075,3,0.03111111111111111,712,0,0
32,9,24,0.2,wave,0.075,3,0.03111111111111111,706,0,0
32,9,25,0.2,wave,0.075,3,0.03111111111111111,710,0,0
32,9,26,0.2,wave,0.075,3,0.03111111111111111,713,0,0
32,9,27,0.2,wave,0.075,3,0.03111111111111111,709,0,0
32,9,28,0.2,wave,0.075,3,0.03111111111111111,706,0,0
32,9,29,0.2,wave,0.075,3,0.03111111111111111,708,0,0
32,9,30,0.2,wave,0.075,3,0.03111111111111111,702,0,0
32,9,31,0.2,wave,0.075,3,0.03111111111111111,711,0,0
32,9,32,0.2,wave,0.075,3,0.03111111111111111,706,0,0
32,9,33,0.2,wave,0.075,3,0.03111111111111111,690,0,0
32,9,34,0.2,wave,0.075,3,0.03111111111111111,671,0,0
32,9,35,0.2,wave,0.075,3,0.03111111111111111,666,0,0
32,9,36,0.2,wave,0.075,3,0.03111111111111111,650,0,0
32,9,37,0.2,wave,0.075,3,0.03111111111111111,661,0,0
32,9,38,0.2,wave,0.075,3,0.03111111111111111,641,0,0
32,9,39,0.2,wave,0.075,3,0.03111111111111111,662,0,0
32,9,40,0.2,wave,0.075,3,0.03111111111111111,646,0,0
32,9,41,0.2,wave,0.075,3,0.03111111111111111,659,0,0
32,9,42,0.2,wave,0.075,3,0.03111111111111111,643,0,0
32,9,43,0.2,wave,0.075,3,0.03111111111111111,660,0,0
32,9,44,0.2,wave,0.075,3,0.03111111111111111,641,0,0
32,9,45,0.2,wave,0.075,3,0.03111111111111111,654,0,0
32,9,46,0.2,wave,0.075,3,0.03111111111111111,636,0,0
32,9,47,0.2,wave,0.075,3,0.03111111111111111,651,0,0
32,9,48,0.2,wave,0.075,3,0.03111111111111111,634,0,0
32,9,49,0.2,wave,0.075,3,0.03111111111111111,649,0,0
32,9,50,0.2,wave,0.075,3,0.03111111111111111,621,0,0
32,9,51,0.2,wave,0.075,3,0.03111111111111111,630,0,0
32,9,52,0.2,wave,0.075,3,0.03111111111111111,623,0,0
32,10,1,0.2,wave,0.075,3,0.03111111111111111,635,0,0
32,10,2,0.2,wave,0.075,3,0.03111111111111111,624,0,0
32,10,3,0.2,wave,0.075,3,0.03111111111111111,633,0,0
32,10,4,0.2,wave,0.075,3,0.03111111111111111,623,0,0
32,10,5,0.2,wave,0.075,3,0.03111111111111111,633,0,0
32,10,6,0.2,wave,0.075,3,0.03111111111111111,622,0,0
32,10,7,0.2,wave,0.075,3,0.03111111111111111,621,0,0
32,10,8,0.2,wave,0.075,3,0.03111111111111111,614,0,0
32,10,9,0.2,wave,0.075,3,0.03111111111111111,619,0,0
32,10,10,0.2,wave,0.075,3,0.03111111111111111,610,0,0
32,10,11,0.2,wave,0.075,3,0.03111111111111111,622,0,0
32,10,12,0.2,wave,0.075,3,0.03111111111111111,606,0,0
32,10,13,0.2,wave,0.075,3,0.03111111111111111,617,0,0
32,10,14,0.2,wave,0.075,3,0.03111111111111111,610,0,0
32,10,15,0.2,wave,0.075,3,0.03111111111111111,610,0,0
32,10,16,0.2,wave,0.075,3,0.03111111111111111,600,0,0
32,10,17,0.2,wave,0.075,3,0.03111111111111111,606,0,0
32,10,18,0.2,wave,0.075,3,0.03111111111111111,600,0,0
32,10,19,0.2,wave,0.075,3,0.03111111111111111,605,0,0
32,10,20,0.2,wave,0.075,3,0.03111111111111111,837,0,0
32,10,21,0.2,wave,0.075,3,0.03111111111111111,794,0,0
32,10,22,0.2,wave,0.075,3,0.03111111111111111,764,0,0
32,10,23,0.2,wave,0.075,3,0.03111111111111111,753,0,0
32,10,24,0.2,wave,0.075,3,0.03111111111111111,732,0,0
32,10,25,0.2,wave,0.075,3,0.03111111111111111,742,0,0
32,10,26,0.2,wave,0.075,3,0.03111111111111111,728,0,0
32,10,27,0.2,wave,0.075,3,0.03111111111111111,721,0,0
32,10,28,0.2,wave,0.075,3,0.03111111111111111,713,0,0
32,10,29,0.2,wave,0.075,3,0.03111111111111111,705,0,0
32,10,30,0.2,wave,0.075,3,0.03111111111111111,683,0,0
32,10,31,0.2,wave,0.075,3,0.03111111111111111,691,0,0
32,10,32,0.2,wave,0.075,3,0.03111111111111111,667,0,0
32,10,33,0.2,wave,0.075,3,0.03111111111111111,687,0,0
32,10,34,0.2,wave,0.075,3,0.03111111111111111,670,0,0
32,10,35,0.2,wave,0.075,3,0.03111111111111111,660,0,0
32,10,36,0.2,wave,0.075,3,0.03111111111111111,648,0,0
32,10,37,0.2,wave,0.075,3,0.03111111111111111,657,0,0
32,10,38,0.2,wave,0.075,3,0.03111111111111111,648,0,0
32,10,39,0.2,wave,0.075,3,0.03111111111111111,660,0,0
32,10,40,0.2,wave,0.075,3,0.03111111111111111,649,0,0
32,10,41,0.2,wave,0.075,3,0.03111111111111111,657,0,0
32,10,42,0.2,wave,0.075,3,0.03111111111111111,652,0,0
32,10,43,0.2,wave,0.075,3,0.03111111111111111,655,0,0
32,10,44,0.2,wave,0.075,3,0.03111111111111111,644,0,0
32,10,45,0.2,wave,0.075,3,0.03111111111111111,653,0,0
32,10,46,0.2,wave,0.075,3,0.03111111111111111,643,0,0
32,10,47,0.2,wave,0.075,3,0.03111111111111111,642,0,0
32,10,48,0.2,wave,0.075,3,0.03111111111111111,636,0,0
32,10,49,0.2,wave,0.075,3,0.03111111111111111,651,0,0
32,10,50,0.2,wave,0.075,3,0.03111111111111111,637,0,0
32,10,51,0.2,wave,0.075,3,0.03111111111111111,650,0,0
32,10,52,0.2,wave,0.075,3,0.03111111111111111,625,0,0
33,1,1,0.2,wave,0.075,3,0.025277777777777777,6559,61,7
33,1,2,0.2,wave,0.075,3,0.025277777777777777,6348,67,28
33,1,3,0.2,wave,0.075,3,0.025277777777777777,6161,99,38
33,1,4,0.2,wave,0.075,3,0.025277777777777777,5928,128,51
33,1,5,0.2,wave,0.075,3,0.025277777777777777,5782,173,44
33,1,6,0.2,wave,0.075,3,0.025277777777777777,5577,229,67
33,1,7,0.2,wave,0.075,3,0.025277777777777777,5359,261,88
33,1,8,0.2,wave,0.075,3,0.025277777777777777,5213,335,122
33,1,9,0.2,wave,0.075,3,0.025277777777777777,5024,413,154
33,1,10,0.2,wave,0.075,3,0.025277777777777777,4795,450,177
33,1,11,0.2,wave,0.075,3,0.025277777777777777,4607,461,197
33,1,12,0.2,wave,0.075,3,0.025277777777777777,4445,469,200
33,1,13,0.2,wave,0.075,3,0.025277777777777777,4332,496,221
33,1,14,0.2,wave,0.075,3,0.025277777777777777,4214,522,221
33,1,15,0.2,wave,0.075,3,0.025277777777777777,4038,509,237
33,1,16,0.2,wave,0.075,3,0.025277777777777777,3859,483,236
33,1,17,0.2,wave,0.075,3,0.025277777777777777,3751,470,246
33,1,18,0.2,wave,0.075,3,0.025277777777777777,3613,440,230
33,1,19,0.2,wave,0.075,3,0.025277777777777777,3449,403,220
33,1,20,0.2,wave,0.075,3,0.025277777777777777,5006,389,198
33,1,21,0.2,wave,0.075,3,0.025277777777777777,4679,421,193
33,1,22,0.2,wave,0.075,3,0.025277777777777777,4469,452,181
33,1,23,0.2,wave,0.075,3,0.025277777777777777,4316,503,215
33,1,24,0.2,wave,0.075,3,0.025277777777777777,4209,513,203
33,1,25,0.2,wave,0.075,3,0.025277777777777777,4012,502,220
33,1,26,0.2,wave,0.075,3,0.025277777777777777,3872,496,208
33,1,27,0.2,wave,0.075,3,0.025277777777777777,3787,522,243
33,1,28,0.2,wave,0.075,3,0.025277777777777777,3678,537,265
33,1,29,0.2,wave,0.075,3,0.025277777777777777,3536,568,252
33,1,30,0.2,wave,0.075,3,0.025277777777777777,3410,537,243
33,1,31,0.2,wave,0.075,3,0.025277777777777777,3158,508,230
33,1,32,0.2,wave,0.075,3,0.025277777777777777,3069,504,242
33,1,33,0.2,wave,0.075,3,0.025277777777777777,2928,486,247
33,1,34,0.2,wave,0.075,3,0.025277777777777777,2831,476,230
33,1,35,0.2,wave,0.075,3,0.025277777777777777,2693,449,224
33,1,36,0.2,wave,0.075,3,0.025277777777777777,2578,408,199
33,1,37,0.2,wave,0.075,3,0.025277777777777777,2465,401,192
33,1,38,0.2,wave,0.075,3,0.025277777777777777,2355,369,182
33,1,39,0.2,wave,0.075,3,0.025277777777777777,2236,362,172
33,1,40,0.2,wave,0.075,3,0.025277777777777777,2140,354,167
33,1,41,0.2,wave,0.075,3,0.025277777777777777,2065,317,155
33,1,42,0.2,wave,0.075,3,0.025277777777777777,2017,322,169
33,1,43,0.2,wave,0.075,3,0.025277777777777777,1937,307,156
33,1,44,0.2,wave,0.075,3,0.025277777777777777,1882,294,159
33,1,45,0.2,wave,0.075,3,0.025277777777777777,1799,271,141
33,1,46,0.2,wave,0.075,3,0.025277777777777777,1758,247,134
33,1,47,0.2,wave,0.075,3,0.025277777777777777,1675,202,123
33,1,48,0.2,wave,0.075,3,0.025277777777777777,1633,184,107
33,1,49,0.2,wave,0.075,3,0.025277777777777777,1565,155,89
33,1,50,0.2,wave,0.075,3,0.025277777777777777,1523,123,70
33,1,51,0.2,wave,0.075,3,0.025277777777777777,1482,107,69
33,1,52,0.2,wave,0.075,3,0.025277777777777777,1457,94,56
33,2,1,0.2,wave,0.075,3,0.025277777777777777,1418,78,45
33,2,2,0.2,wave,0.075,3,0.025277777777777777,1392,66,40
33,2,3,0.2,wave,0.075,3,0.025277777777777777,1363,58,29
33,2,4,0.2,wave,0.075,3,0.025277777777777777,1350,49,30
33,2,5,0.2,wave,0.075,3,0.025277777777777777,1321,42,26
33,2,6,0.2,wave,0.075,3,0.025277777777777777,1314,38,24
33,2,7,0.2,wave,0.075,3,0.025277777777777777,1286,28,16
33,2,8,0.2,wave,0.075,3,0.025277777777777777,1278,25,13
33,2,9,0.2,wave,0.075,3,0.025277777777777777,1268,20,12
33,2,10,0.2,wave,0.075,3,0.025277777777777777,1264,19,13
33,2,11,0.2,wave,0.075,3,0.025277777777777777,1257,14,9
33,2,12,0.2,wave,0.075,3,0.025277777777777777,1250,12,7
33,2,13,0.2,wave,0.075,3,0.025277777777777777,1238,8,5
33,2,14,0.2,wave,0.075,3,0.025277777777777777,1228,6,5
33,2,15,0.2,wave,0.075,3,0.025277777777777777,1221,5,4
33,2,16,0.2,wave,0.075,3,0.025277777777777777,1211,3,2
33,2,17,0.2,wave,0.075,3,0.025277777777777777,1197,1,0
33,2,18,0.2,wave,0.075,3,0.025277777777777777,1185,1,1
33,2,19,0.2,wave,0.075,3,0.025277777777777777,1177,1,1
33,2,20,0.2,wave,0.075,3,0.025277777777777777,1654,1,1
33,2,21,0.2,wave,0.075,3,0.025277777777777777,1647,0,0
33,2,22,0.2,wave,0.075,3,0.025277777777777777,1631,0,0
33,2,23,0.2,wave,0.075,3,0.025277777777777777,1616,0,0
33,2,24,0.2,wave,0.075,3,0.025277777777777777,1569,0,0
33,2,25,0.2,wave,0.075,3,0.025277777777777777,1586,0,0
33,2,26,0.2,wave,0.075,3,0.025277777777777777,1569,0,0
33,2,27,0.2,wave,0.075,3,0.025277777777777777,1572,0,0
33,2,28,0.2,wave,0.075,3,0.025277777777777777,1551,0,0
33,2,29,0.2,wave,0.075,3,0.025277777777777777,1567,0,0
33,2,30,0.2,wave,0.075,3,0.025277777777777777,1564,0,0
33,2,31,0.2,wave,0.075,3,0.025277777777777777,1554,0,0
33,2,32,0.2,wave,0.075,3,0.025277777777777777,1515,0,0
33,2,33,0.2,wave,0.075,3,0.025277777777777777,1540,0,0
33,2,34,0.2,wave,0.075,3,0.025277777777777777,1514,0,0
33,2,35,0.2,wave,0.075,3,0.025277777777777777,1502,0,0
33,2,36,0.2,wave,0.075,3,0.025277777777777777,1491,0,0
33,2,37,0.2,wave,0.075,3,0.025277777777777777,1483,0,0
33,2,38,0.2,wave,0.075,3,0.025277777777777777,1434,0,0
33,2,39,0.2,wave,0.075,3,0.025277777777777777,1451,0,0
33,2,40,0.2,wave,0.075,3,0.025277777777777777,1430,0,0
33,2,41,0.2,wave,0.075,3,0.025277777777777777,1413,0,0
33,2,42,0.2,wave,0.075,3,0.025277777777777777,1388,0,0
33,2,43,0.2,wave,0.075,3,0.025277777777777777,1372,0,0
33,2,44,0.2,wave,0.075,3,0.025277777777777777,1360,0,0
33,2,45,0.2,wave,0.075,3,0.025277777777777777,1337,0,0
33,2,46,0.2,wave,0.075,3,0.025277777777777777,1328,0,0
33,2,47,0.2,wave,0.075,3,0.025277777777777777,1320,0,0
33,2,48,0.2,wave,0.075,3,0.025277777777777777,1311,0,0
33,2,49,0.2,wave,0.075,3,0.025277777777777777,1297,0,0
33,2,50,0.2,wave,0.075,3,0.025277777777777777,1260,0,0
33,2,51,0.2,wave,0.075,3,0.025277777777777777,1246,0,0
33,2,52,0.2,wave,0.075,3,0.025277777777777777,1241,0,0
33,3,1,0.2,wave,0.075,3,0.025277777777777777,1242,0,0
33,3,2,0.2,wave,0.075,3,0.025277777777777777,1228,0,0
33,3,3,0.2,wave,0.075,3,0.025277777777777777,1214,0,0
33,3,4,0.2,wave,0.075,3,0.025277777777777777,1192,0,0
33,3,5,0.2,wave,0.075,3,0.025277777777777777,1192,0,0
33,3,6,0.2,wave,0.075,3,0.025277777777777777,1180,0,0
33,3,7,0.2,wave,0.075,3,0.025277777777777777,1177,0,0
33,3,8,0.2,wave,0.075,3,0.025277777777777777,1175,0,0
33,3,9,0.2,wave,0.075,3,0.025277777777777777,1166,0,0
33,3,10,0.2,wave,0.075,3,0.025277777777777777,1164,0,0
33,3,11,0.2,wave,0.075,3,0.025277777777777777,1159,0,0
33,3,12,0.2,wave,0.075,3,0.025277777777777777,1146,0,0
33,3,13,0.2,wave,0.075,3,0.025277777777777777,1144,0,0
33,3,14,0.2,wave,0.075,3,0.025277777777777777,1128,0,0
33,3,15,0.2,wave,0.075,3,0.025277777777777777,1131,0,0
33,3,16,0.2,wave,0.075,3,0.025277777777777777,1115,0,0
33,3,17,0.2,wave,0.075,3,0.025277777777777777,1114,0,0
33,3,18,0.2,wave,0.075,3,0.025277777777777777,1096,0,0
33,3,19,0.2,wave,0.075,3,0.025277777777777777,1103,0,0
33,3,20,0.2,wave,0.075,3,0.025277777777777777,1629,0,0
33,3,21,0.2,wave,0.075,3,0.025277777777777777,1596,0,0
33,3,22,0.2,wave,0.075,3,0.025277777777777777,1547,0,0
33,3,23,0.2,wave,0.075,3,0.025277777777777777,1555,0,0
33,3,24,0.2,wave,0.075,3,0.025277777777777777,1532,0,0
33,3,25,0.2,wave,0.075,3,0.025277777777777777,1529,0,0
33,3,26,0.2,wave,0.075,3,0.025277777777777777,1509,0,0
33,3,27,0.2,wave,0.075,3,0.025277777777777777,1470,0,0
33,3,28,0.2,wave,0.075,3,0.025277777777777777,1438,0,0
33,3,29,0.2,wave,0.075,3,0.025277777777777777,1437,0,0
33,3,30,0.2,wave,0.075,3,0.025277777777777777,1435,0,0
33,3,31,0.2,wave,0.075,3,0.025277777777777777,1428,0,0
33,3,32,0.2,wave,0.075,3,0.025277777777777777,1417,0,0
33,3,33,0.2,wave,0.075,3,0.025277777777777777,1413,0,0
33,3,34,0.2,wave,0.075,3,0.025277777777777777,1387,0,0
33,3,35,0.2,wave,0.075,3,0.025277777777777777,1374,0,0
33,3,36,0.2,wave,0.075,3,0.025277777777777777,1356,0,0
33,3,37,0.2,wave,0.075,3,0.025277777777777777,1340,0,0
33,3,38,0.2,wave,0.075,3,0.025277777777777777,1314,0,0
33,3,39,0.2,wave,0.075,3,0.025277777777777777,1308,0,0
33,3,40,0.2,wave,0.075,3,0.025277777777777777,1283,0,0
33,3,41,0.2,wave,0.075,3,0.025277777777777777,1274,0,0
33,3,42,0.2,wave,0.075,3,0.025277777777777777,1244,0,0
33,3,43,0.2,wave,0.075,3,0.025277777777777777,1258,0,0
33,3,44,0.2,wave,0.075,3,0.025277777777777777,1217,0,0
33,3,45,0.2,wave,0.075,3,0.025277777777777777,1225,0,0
33,3,46,0.2,wave,0.075,3,0.025277777777777777,1161,0,0
33,3,47,0.2,wave,0.075,3,0.025277777777777777,1186,0,0
33,3,48,0.2,wave,0.075,3,0.025277777777777777,1153,0,0
33,3,49,0.2,wave,0.075,3,0.025277777777777777,1167,0,0
33,3,50,0.2,wave,0.075,3,0.025277777777777777,1131,0,0
33,3,51,0.2,wave,0.075,3,0.025277777777777777,1127,0,0
33,3,52,0.2,wave,0.075,3,0.025277777777777777,1096,0,0
33,4,1,0.2,wave,0.075,3,0.025277777777777777,1098,0,0
33,4,2,0.2,wave,0.075,3,0.025277777777777777,1076,0,0
33,4,3,0.2,wave,0.075,3,0.025277777777777777,1083,0,0
33,4,4,0.2,wave,0.075,3,0.025277777777777777,1063,0,0
33,4,5,0.2,wave,0.075,3,0.025277777777777777,1070,0,0
33,4,6,0.2,wave,0.075,3,0.025277777777777777,1050,0,0
33,4,7,0.2,wave,0.075,3,0.025277777777777777,1047,0,0
33,4,8,0.2,wave,0.075,3,0.025277777777777777,1039,0,0
33,4,9,0.2,wave,0.075,3,0.025277777777777777,1041,0,0
33,4,10,0.2,wave,0.075,3,0.025277777777777777,1030,0,0
33,4,11,0.2,wave,0.075,3,0.025277777777777777,1029,0,0
33,4,12,0.2,wave,0.075,3,0.025277777777777777,1022,0,0
33,4,13,0.2,wave,0.075,3,0.025277777777777777,1020,0,0
33,4,14,0.2,wave,0.075,3,0.025277777777777777,1008,0,0
33,4,15,0.2,wave,0.075,3,0.025277777777777777,1010,0,0
33,4,16,0.2,wave,0.075,3,0.025277777777777777,994,0,0
33,4,17,0.2,wave,0.075,3,0.025277777777777777,1004,0,0
33,4,18,0.2,wave,0.075,3,0.025277777777777777,978,0,0
33,4,19,0.2,wave,0.075,3,0.025277777777777777,987,0,0
33,4,20,0.2,wave,0.075,3,0.025277777777777777,1431,0,0
33,4,21,0.2,wave,0.075,3,0.025277777777777777,1397,0,0
33,4,22,0.2,wave,0.075,3,0.025277777777777777,1396,0,0
33,4,23,0.2,wave,0.075,3,0.025277777777777777,1371,0,0
33,4,24,0.2,wave,0.075,3,0.025277777777777777,1372,0,0
33,4,25,0.2,wave,0.075,3,0.025277777777777777,1353,0,0
33,4,26,0.2,wave,0.075,3,0.025277777777777777,1334,0,0
33,4,27,0.2,wave,0.075,3,0.025277777777777777,1303,0,0
33,4,28,0.2,wave,0.075,3,0.025277777777777777,1274,0,0
33,4,29,0.2,wave,0.075,3,0.025277777777777777,1253,0,0
33,4,30,0.2,wave,0.075,3,0.025277777777777777,1224,0,0
33,4,31,0.2,wave,0.075,3,0.025277777777777777,1205,0,0
33,4,32,0.2,wave,0.075,3,0.025277777777777777,1194,0,0
33,4,33,0.2,wave,0.075,3,0.025277777777777777,1169,0,0
33,4,34,0.2,wave,0.075,3,0.025277777777777777,1156,0,0
33,4,35,0.2,wave,0.075,3,0.025277777777777777,1136,0,0
33,4,36,0.2,wave,0.075,3,0.025277777777777777,1112,0,0
33,4,37,0.2,wave,0.075,3,0.025277777777777777,1118,0,0
33,4,38,0.2,wave,0.075,3,0.025277777777777777,1111,0,0
33,4,39,0.2,wave,0.075,3,0.025277777777777777,1107,0,0
33,4,40,0.2,wave,0.075,3,0.025277777777777777,1086,0,0
33,4,41,0.2,wave,0.075,3,0.025277777777777777,1082,0,0
33,4,42,0.2,wave,0.075,3,0.025277777777777777,1072,0,0
33,4,43,0.2,wave,0.075,3,0.025277777777777777,1047,0,0
33,4,44,0.2,wave,0.075,3,0.025277777777777777,1045,0,0
33,4,45,0.2,wave,0.075,3,0.025277777777777777,1041,0,0
33,4,46,0.2,wave,0.075,3,0.025277777777777777,1022,0,0
33,4,47,0.2,wave,0.075,3,0.025277777777777777,1003,0,0
33,4,48,0.2,wave,0.075,3,0.025277777777777777,999,0,0
33,4,49,0.2,wave,0.075,3,0.025277777777777777,990,0,0
33,4,50,0.2,wave,0.075,3,0.025277777777777777,980,0,0
33,4,51,0.2,wave,0.075,3,0.025277777777777777,970,0,0
33,4,52,0.2,wave,0.075,3,0.025277777777777777,967,0,0
33,5,1,0.2,wave,0.075,3,0.025277777777777777,956,0,0
33,5,2,0.2,wave,0.075,3,0.025277777777777777,957,0,0
33,5,3,0.2,wave,0.075,3,0.025277777777777777,943,0,0
33,5,4,0.2,wave,0.075,3,0.025277777777777777,944,0,0
33,5,5,0.2,wave,0.075,3,0.025277777777777777,943,0,0
33,5,6,0.2,wave,0.075,3,0.025277777777777777,937,0,0
33,5,7,0.2,wave,0.075,3,0.025277777777777777,938,0,0
33,5,8,0.2,wave,0.075,3,0.025277777777777777,936,0,0
33,5,9,0.2,wave,0.075,3,0.025277777777777777,924,0,0
33,5,10,0.2,wave,0.075,3,0.025277777777777777,919,0,0
33,5,11,0.2,wave,0.075,3,0.025277777777777777,920,0,0
33,5,12,0.2,wave,0.075,3,0.025277777777777777,912,0,0
33,5,13,0.2,wave,0.075,3,0.025277777777777777,911,0,0
33,5,14,0.2,wave,0.075,3,0.025277777777777777,894,0,0
33,5,15,0.2,wave,0.075,3,0.025277777777777777,905,0,0
33,5,16,0.2,wave,0.075,3,0.025277777777777777,891,0,0
33,5,17,0.2,wave,0.075,3,0.025277777777777777,898,0,0
33,5,18,0.2,wave,0.075,3,0.025277777777777777,888,0,0
33,5,19,0.2,wave,0.075,3,0.025277777777777777,896,0,0
33,5,20,0.2,wave,0.075,3,0.025277777777777777,1315,0,0
33,5,21,0.2,wave,0.075,3,0.025277777777777777,1303,0,0
33,5,22,0.2,wave,0.075,3,0.025277777777777777,1290,0,0
33,5,23,0.2,wave,0.075,3,0.025277777777777777,1271,0,0
33,5,24,0.2,wave,0.075,3,0.025277777777777777,1271,0,0
33,5,25,0.2,wave,0.075,3,0.025277777777777777,1241,0,0
33,5,26,0.2,wave,0.075,3,0.025277777777777777,1214,0,0
33,5,27,0.2,wave,0.075,3,0.025277777777777777,1207,0,0
33,5,28,0.2,wave,0.075,3,0.025277777777777777,1175,0,0
33,5,29,0.2,wave,0.075,3,0.025277777777777777,1098,0,0
33,5,30,0.2,wave,0.075,3,0.025277777777777777,1061,0,0
33,5,31,0.2,wave,0.075,3,0.025277777777777777,1068,0,0
33,5,32,0.2,wave,0.075,3,0.025277777777777777,1040,0,0
33,5,33,0.2,wave,0.075,3,0.025277777777777777,1049,0,0
33,5,34,0.2,wave,0.075,3,0.025277777777777777,1023,0,0
33,5,35,0.2,wave,0.075,3,0.025277777777777777,1030,0,0
33,5,36,0.2,wave,0.075,3,0.025277777777777777,1018,0,0
33,5,37,0.2,wave,0.075,3,0.025277777777777777,1015,0,0
33,5,38,0.2,wave,0.075,3,0.025277777777777777,987,0,0
33,5,39,0.2,wave,0.075,3,0.025277777777777777,996,0,0
33,5,40,0.2,wave,0.075,3,0.025277777777777777,987,0,0
33,5,41,0.2,wave,0.075,3,0.025277777777777777,995,0,0
33,5,42,0.2,wave,0.075,3,0.025277777777777777,979,0,0
33,5,43,0.2,wave,0.075,3,0.025277777777777777,988,0,0
33,5,44,0.2,wave,0.075,3,0.025277777777777777,969,0,0
33,5,45,0.2,wave,0.075,3,0.025277777777777777,968,0,0
33,5,46,0.2,wave,0.075,3,0.025277777777777777,957,0,0
33,5,47,0.2,wave,0.075,3,0.025277777777777777,963,0,0
33,5,48,0.2,wave,0.075,3,0.025277777777777777,942,0,0
33,5,49,0.2,wave,0.075,3,0.025277777777777777,950,0,0
33,5,50,0.2,wave,0.075,3,0.025277777777777777,933,0,0
33,5,51,0.2,wave,0.075,3,0.025277777777777777,934,0,0
33,5,52,0.2,wave,0.075,3,0.025277777777777777,924,0,0
33,6,1,0.2,wave,0.075,3,0.025277777777777777,929,0,0
33,6,2,0.2,wave,0.075,3,0.025277777777777777,914,0,0
33,6,3,0.2,wave,0.075,3,0.025277777777777777,919,0,0
33,6,4,0.2,wave,0.075,3,0.025277777777777777,900,0,0
33,6,5,0.2,wave,0.075,3,0.025277777777777777,894,0,0
33,6,6,0.2,wave,0.075,3,0.025277777777777777,874,0,0
33,6,7,0.2,wave,0.075,3,0.025277777777777777,875,0,0
33,6,8,0.2,wave,0.075,3,0.025277777777777777,869,0,0
33,6,9,0.2,wave,0.075,3,0.025277777777777777,870,0,0
33,6,10,0.2,wave,0.075,3,0.025277777777777777,850,0,0
33,6,11,0.2,wave,0.075,3,0.025277777777777777,854,0,0
33,6,12,0.2,wave,0.075,3,0.025277777777777777,853,0,0
33,6,13,0.2,wave,0.075,3,0.025277777777777777,846,0,0
33,6,14,0.2,wave,0.075,3,0.025277777777777777,838,0,0
33,6,15,0.2,wave,0.075,3,0.025277777777777777,839,0,0
33,6,16,0.2,wave,0.075,3,0.025277777777777777,836,0,0
33,6,17,0.2,wave,0.075,3,0.025277777777777777,834,0,0
33,6,18,0.2,wave,0.075,3,0.025277777777777777,830,0,0
33,6,19,0.2,wave,0.075,3,0.025277777777777777,832,0,0
33,6,20,0.2,wave,0.075,3,0.025277777777777777,1266,0,0
33,6,21,0.2,wave,0.075,3,0.025277777777777777,1222,0,0
33,6,22,0.2,wave,0.075,3,0.025277777777777777,1225,0,0
33,6,23,0.2,wave,0.075,3,0.025277777777777777,1213,0,0
33,6,24,0.2,wave,0.075,3,0.025277777777777777,1199,0,0
33,6,25,0.2,wave,0.075,3,0.025277777777777777,1169,0,0
33,6,26,0.2,wave,0.075,3,0.025277777777777777,1152,0,0
33,6,27,0.2,wave,0.075,3,0.025277777777777777,1148,0,0
33,6,28,0.2,wave,0.075,3,0.025277777777777777,1146,0,0
33,6,29,0.2,wave,0.075,3,0.025277777777777777,1123,0,0
33,6,30,0.2,wave,0.075,3,0.025277777777777777,1071,0,0
33,6,31,0.2,wave,0.075,3,0.025277777777777777,1048,0,0
33,6,32,0.2,wave,0.075,3,0.025277777777777777,1044,0,0
33,6,33,0.2,wave,0.075,3,0.025277777777777777,1019,0,0
33,6,34,0.2,wave,0.075,3,0.025277777777777777,994,0,0
33,6,35,0.2,wave,0.075,3,0.025277777777777777,986,0,0
33,6,36,0.2,wave,0.075,3,0.025277777777777777,973,0,0
33,6,37,0.2,wave,0.075,3,0.025277777777777777,950,0,0
33,6,38,0.2,wave,0.075,3,0.025277777777777777,948,0,0
33,6,39,0.2,wave,0.075,3,0.025277777777777777,941,0,0
33,6,40,0.2,wave,0.075,3,0.025277777777777777,931,0,0
33,6,41,0.2,wave,0.075,3,0.025277777777777777,916,0,0
33,6,42,0.2,wave,0.075,3,0.025277777777777777,905,0,0
33,6,43,0.2,wave,0.075,3,0.025277777777777777,894,0,0
33,6,44,0.2,wave,0.075,3,0.025277777777777777,876,0,0
33,6,45,0.2,wave,0.075,3,0.025277777777777777,880,0,0
33,6,46,0.2,wave,0.075,3,0.025277777777777777,866,0,0
33,6,47,0.2,wave,0.075,3,0.025277777777777777,868,0,0
33,6,48,0.2,wave,0.075,3,0.025277777777777777,858,0,0
33,6,49,0.2,wave,0.075,3,0.025277777777777777,853,0,0
33,6,50,0.2,wave,0.075,3,0.025277777777777777,844,0,0
33,6,51,0.2,wave,0.075,3,0.025277777777777777,849,0,0
33,6,52,0.2,wave,0.075,3,0.025277777777777777,837,0,0
33,7,1,0.2,wave,0.075,3,0.025277777777777777,835,0,0
33,7,2,0.2,wave,0.075,3,0.025277777777777777,831,0,0
33,7,3,0.2,wave,0.075,3,0.025277777777777777,832,0,0
33,7,4,0.2,wave,0.075,3,0.025277777777777777,828,0,0
33,7,5,0.2,wave,0.075,3,0.025277777777777777,831,0,0
33,7,6,0.2,wave,0.075,3,0.025277777777777777,824,0,0
33,7,7,0.2,wave,0.075,3,0.025277777777777777,819,0,0
33,7,8,0.2,wave,0.075,3,0.025277777777777777,821,0,0
33,7,9,0.2,wave,0.075,3,0.025277777777777777,820,0,0
33,7,10,0.2,wave,0.075,3,0.025277777777777777,815,0,0
33,7,11,0.2,wave,0.075,3,0.025277777777777777,814,0,0
33,7,12,0.2,wave,0.075,3,0.025277777777777777,801,0,0
33,7,13,0.2,wave,0.075,3,0.025277777777777777,797,0,0
33,7,14,0.2,wave,0.075,3,0.025277777777777777,796,0,0
33,7,15,0.2,wave,0.075,3,0.025277777777777777,796,0,0
33,7,16,0.2,wave,0.075,3,0.025277777777777777,797,0,0
33,7,17,0.2,wave,0.075,3,0.025277777777777777,781,0,0
33,7,18,0.2,wave,0.075,3,0.025277777777777777,784,0,0
33,7,19,0.2,wave,0.075,3,0.025277777777777777,767,0,0
33,7,20,0.2,wave,0.075,3,0.025277777777777777,1146,0,0
33,7,21,0.2,wave,0.075,3,0.025277777777777777,1126,0,0
33,7,22,0.2,wave,0.075,3,0.025277777777777777,1095,0,0
33,7,23,0.2,wave,0.075,3,0.025277777777777777,1094,0,0
33,7,24,0.2,wave,0.075,3,0.025277777777777777,1083,0,0
33,7,25,0.2,wave,0.075,3,0.025277777777777777,1081,0,0
33,7,26,0.2,wave,0.075,3,0.025277777777777777,1053,0,0
33,7,27,0.2,wave,0.075,3,0.025277777777777777,1052,0,0
33,7,28,0.2,wave,0.075,3,0.025277777777777777,1043,0,0
33,7,29,0.2,wave,0.075,3,0.025277777777777777,1046,0,0
33,7,30,0.2,wave,0.075,3,0.025277777777777777,1032,0,0
33,7,31,0.2,wave,0.075,3,0.025277777777777777,1031,0,0
33,7,32,0.2,wave,0.075,3,0.025277777777777777,976,0,0
33,7,33,0.2,wave,0.075,3,0.025277777777777777,980,0,0
33,7,34,0.2,wave,0.075,3,0.025277777777777777,963,0,0
33,7,35,0.2,wave,0.075,3,0.025277777777777777,961,0,0
33,7,36,0.2,wave,0.075,3,0.025277777777777777,943,0,0
33,7,37,0.2,wave,0.075,3,0.025277777777777777,957,0,0
33,7,38,0.2,wave,0.075,3,0.025277777777777777,937,0,0
33,7,39,0.2,wave,0.075,3,0.025277777777777777,942,0,0
33,7,40,0.2,wave,0.075,3,0.025277777777777777,925,0,0
33,7,41,0.2,wave,0.075,3,0.025277777777777777,929,0,0
33,7,42,0.2,wave,0.075,3,0.025277777777777777,920,0,0
33,7,43,0.2,wave,0.075,3,0.025277777777777777,926,0,0
33,7,44,0.2,wave,0.075,3,0.025277777777777777,913,0,0
33,7,45,0.2,wave,0.075,3,0.025277777777777777,920,0,0
33,7,46,0.2,wave,0.075,3,0.025277777777777777,910,0,0
33,7,47,0.2,wave,0.075,3,0.025277777777777777,920,0,0
33,7,48,0.2,wave,0.075,3,0.025277777777777777,908,0,0
33,7,49,0.2,wave,0.075,3,0.025277777777777777,905,0,0
33,7,50,0.2,wave,0.075,3,0.025277777777777777,895,0,0
33,7,51,0.2,wave,0.075,3,0.025277777777777777,896,0,0
33,7,52,0.2,wave,0.075,3,0.025277777777777777,889,0,0
33,8,1,0.2,wave,0.075,3,0.025277777777777777,893,0,0
33,8,2,0.2,wave,0.075,3,0.025277777777777777,881,0,0
33,8,3,0.2,wave,0.075,3,0.025277777777777777,885,0,0
33,8,4,0.2,wave,0.075,3,0.025277777777777777,881,0,0
33,8,5,0.2,wave,0.075,3,0.025277777777777777,884,0,0
33,8,6,0.2,wave,0.075,3,0.025277777777777777,883,0,0
33,8,7,0.2,wave,0.075,3,0.025277777777777777,887,0,0
33,8,8,0.2,wave,0.075,3,0.025277777777777777,878,0,0
33,8,9,0.2,wave,0.075,3,0.025277777777777777,892,0,0
33,8,10,0.2,wave,0.075,3,0.025277777777777777,878,0,0
33,8,11,0.2,wave,0.075,3,0.025277777777777777,888,0,0
33,8,12,0.2,wave,0.075,3,0.025277777777777777,879,0,0
33,8,13,0.2,wave,0.075,3,0.025277777777777777,873,0,0
33,8,14,0.2,wave,0.075,3,0.025277777777777777,869,0,0
33,8,15,0.2,wave,0.075,3,0.025277777777777777,874,0,0
33,8,16,0.2,wave,0.075,3,0.025277777777777777,867,0,0
33,8,17,0.2,wave,0.075,3,0.025277777777777777,870,0,0
33,8,18,0.2,wave,0.075,3,0.025277777777777777,864,0,0
33,8,19,0.2,wave,0.075,3,0.025277777777777777,863,0,0
33,8,20,0.2,wave,0.075,3,0.025277777777777777,1346,0,0
33,8,21,0.2,wave,0.075,3,0.025277777777777777,1314,0,0
33,8,22,0.2,wave,0.075,3,0.025277777777777777,1240,0,0
33,8,23,0.2,wave,0.075,3,0.025277777777777777,1194,0,0
33,8,24,0.2,wave,0.075,3,0.025277777777777777,1154,0,0
33,8,25,0.2,wave,0.075,3,0.025277777777777777,1153,0,0
33,8,26,0.2,wave,0.075,3,0.025277777777777777,1075,0,0
33,8,27,0.2,wave,0.075,3,0.025277777777777777,1053,0,0
33,8,28,0.2,wave,0.075,3,0.025277777777777777,1044,0,0
33,8,29,0.2,wave,0.075,3,0.025277777777777777,1006,0,0
33,8,30,0.2,wave,0.075,3,0.025277777777777777,1005,0,0
33,8,31,0.2,wave,0.075,3,0.025277777777777777,993,0,0
33,8,32,0.2,wave,0.075,3,0.025277777777777777,989,0,0
33,8,33,0.2,wave,0.075,3,0.025277777777777777,982,0,0
33,8,34,0.2,wave,0.075,3,0.025277777777777777,979,0,0
33,8,35,0.2,wave,0.075,3,0.025277777777777777,968,0,0
33,8,36,0.2,wave,0.075,3,0.025277777777777777,968,0,0
33,8,37,0.2,wave,0.075,3,0.025277777777777777,947,0,0
33,8,38,0.2,wave,0.075,3,0.025277777777777777,965,0,0
33,8,39,0.2,wave,0.075,3,0.025277777777777777,950,0,0
33,8,40,0.2,wave,0.075,3,0.025277777777777777,948,0,0
33,8,41,0.2,wave,0.075,3,0.025277777777777777,917,0,0
33,8,42,0.2,wave,0.075,3,0.025277777777777777,938,0,0
33,8,43,0.2,wave,0.075,3,0.025277777777777777,916,0,0
33,8,44,0.2,wave,0.075,3,0.025277777777777777,928,0,0
33,8,45,0.2,wave,0.075,3,0.025277777777777777,899,0,0
33,8,46,0.2,wave,0.075,3,0.025277777777777777,914,0,0
33,8,47,0.2,wave,0.075,3,0.025277777777777777,898,0,0
33,8,48,0.2,wave,0.075,3,0.025277777777777777,916,0,0
33,8,49,0.2,wave,0.075,3,0.025277777777777777,893,0,0
33,8,50,0.2,wave,0.075,3,0.025277777777777777,904,0,0
33,8,51,0.2,wave,0.075,3,0.025277777777777777,884,0,0
33,8,52,0.2,wave,0.075,3,0.025277777777777777,899,0,0
33,9,1,0.2,wave,0.075,3,0.025277777777777777,882,0,0
33,9,2,0.2,wave,0.075,3,0.025277777777777777,883,0,0
33,9,3,0.2,wave,0.075,3,0.025277777777777777,855,0,0
33,9,4,0.2,wave,0.075,3,0.025277777777777777,864,0,0
33,9,5,0.2,wave,0.075,3,0.025277777777777777,858,0,0
33,9,6,0.2,wave,0.075,3,0.025277777777777777,871,0,0
33,9,7,0.2,wave,0.075,3,0.025277777777777777,857,0,0
33,9,8,0.2,wave,0.075,3,0.025277777777777777,864,0,0
33,9,9,0.2,wave,0.075,3,0.025277777777777777,848,0,0
33,9,10,0.2,wave,0.075,3,0.025277777777777777,865,0,0
33,9,11,0.2,wave,0.075,3,0.025277777777777777,845,0,0
33,9,12,0.2,wave,0.075,3,0.025277777777777777,858,0,0
33,9,13,0.2,wave,0.075,3,0.025277777777777777,838,0,0
33,9,14,0.2,wave,0.075,3,0.025277777777777777,842,0,0
33,9,15,0.2,wave,0.075,3,0.025277777777777777,832,0,0
33,9,16,0.2,wave,0.075,3,0.025277777777777777,841,0,0
33,9,17,0.2,wave,0.075,3,0.025277777777777777,833,0,0
33,9,18,0.2,wave,0.075,3,0.025277777777777777,828,0,0
33,9,19,0.2,wave,0.075,3,0.025277777777777777,823,0,0
33,9,20,0.2,wave,0.075,3,0.025277777777777777,1197,0,0
33,9,21,0.2,wave,0.075,3,0.025277777777777777,1175,0,0
33,9,22,0.2,wave,0.075,3,0.025277777777777777,1181,0,0
33,9,23,0.2,wave,0.075,3,0.025277777777777777,1174,0,0
33,9,24,0.2,wave,0.075,3,0.025277777777777777,1154,0,0
33,9,25,0.2,wave,0.075,3,0.025277777777777777,1134,0,0
33,9,26,0.2,wave,0.075,3,0.025277777777777777,1129,0,0
33,9,27,0.2,wave,0.075,3,0.025277777777777777,1111,0,0
33,9,28,0.2,wave,0.075,3,0.025277777777777777,1105,0,0
33,9,29,0.2,wave,0.075,3,0.025277777777777777,1084,0,0
33,9,30,0.2,wave,0.075,3,0.025277777777777777,1089,0,0
33,9,31,0.2,wave,0.075,3,0.025277777777777777,1035,0,0
33,9,32,0.2,wave,0.075,3,0.025277777777777777,1033,0,0
33,9,33,0.2,wave,0.075,3,0.025277777777777777,1020,0,0
33,9,34,0.2,wave,0.075,3,0.025277777777777777,1026,0,0
33,9,35,0.2,wave,0.075,3,0.025277777777777777,999,0,0
33,9,36,0.2,wave,0.075,3,0.025277777777777777,1000,0,0
33,9,37,0.2,wave,0.075,3,0.025277777777777777,990,0,0
33,9,38,0.2,wave,0.075,3,0.025277777777777777,975,0,0
33,9,39,0.2,wave,0.075,3,0.025277777777777777,972,0,0
33,9,40,0.2,wave,0.075,3,0.025277777777777777,958,0,0
33,9,41,0.2,wave,0.075,3,0.025277777777777777,945,0,0
33,9,42,0.2,wave,0.075,3,0.025277777777777777,943,0,0
33,9,43,0.2,wave,0.075,3,0.025277777777777777,941,0,0
33,9,44,0.2,wave,0.075,3,0.025277777777777777,941,0,0
33,9,45,0.2,wave,0.075,3,0.025277777777777777,940,0,0
33,9,46,0.2,wave,0.075,3,0.025277777777777777,943,0,0
33,9,47,0.2,wave,0.075,3,0.025277777777777777,940,0,0
33,9,48,0.2,wave,0.075,3,0.025277777777777777,940,0,0
33,9,49,0.2,wave,0.075,3,0.025277777777777777,936,0,0
33,9,50,0.2,wave,0.075,3,0.025277777777777777,937,0,0
33,9,51,0.2,wave,0.075,3,0.025277777777777777,932,0,0
33,9,52,0.2,wave,0.075,3,0.025277777777777777,937,0,0
33,10,1,0.2,wave,0.075,3,0.025277777777777777,915,0,0
33,10,2,0.2,wave,0.075,3,0.025277777777777777,927,0,0
33,10,3,0.2,wave,0.075,3,0.025277777777777777,915,0,0
33,10,4,0.2,wave,0.075,3,0.025277777777777777,926,0,0
33,10,5,0.2,wave,0.075,3,0.025277777777777777,916,0,0
33,10,6,0.2,wave,0.075,3,0.025277777777777777,925,0,0
33,10,7,0.2,wave,0.075,3,0.025277777777777777,919,0,0
33,10,8,0.2,wave,0.075,3,0.025277777777777777,927,0,0
33,10,9,0.2,wave,0.075,3,0.025277777777777777,922,0,0
33,10,10,0.2,wave,0.075,3,0.025277777777777777,924,0,0
33,10,11,0.2,wave,0.075,3,0.025277777777777777,912,0,0
33,10,12,0.2,wave,0.075,3,0.025277777777777777,926,0,0
33,10,13,0.2,wave,0.075,3,0.025277777777777777,912,0,0
33,10,14,0.2,wave,0.075,3,0.025277777777777777,925,0,0
33,10,15,0.2,wave,0.075,3,0.025277777777777777,918,0,0
33,10,16,0.2,wave,0.075,3,0.025277777777777777,924,0,0
33,10,17,0.2,wave,0.075,3,0.025277777777777777,917,0,0
33,10,18,0.2,wave,0.075,3,0.025277777777777777,925,0,0
33,10,19,0.2,wave,0.075,3,0.025277777777777777,915,0,0
33,10,20,0.2,wave,0.075,3,0.025277777777777777,1294,0,0
33,10,21,0.2,wave,0.075,3,0.025277777777777777,1238,0,0
33,10,22,0.2,wave,0.075,3,0.025277777777777777,1224,0,0
33,10,23,0.2,wave,0.075,3,0.025277777777777777,1203,0,0
33,10,24,0.2,wave,0.075,3,0.025277777777777777,1181,0,0
33,10,25,0.2,wave,0.075,3,0.025277777777777777,1183,0,0
33,10,26,0.2,wave,0.075,3,0.025277777777777777,1166,0,0
33,10,27,0.2,wave,0.075,3,0.025277777777777777,1152,0,0
33,10,28,0.2,wave,0.075,3,0.025277777777777777,1145,0,0
33,10,29,0.2,wave,0.075,3,0.025277777777777777,1152,0,0
33,10,30,0.2,wave,0.075,3,0.025277777777777777,1126,0,0
33,10,31,0.2,wave,0.075,3,0.025277777777777777,1100,0,0
33,10,32,0.2,wave,0.075,3,0.025277777777777777,1106,0,0
33,10,33,0.2,wave,0.075,3,0.025277777777777777,1096,0,0
33,10,34,0.2,wave,0.075,3,0.025277777777777777,1041,0,0
33,10,35,0.2,wave,0.075,3,0.025277777777777777,1013,0,0
33,10,36,0.2,wave,0.075,3,0.025277777777777777,1025,0,0
33,10,37,0.2,wave,0.075,3,0.025277777777777777,1003,0,0
33,10,38,0.2,wave,0.075,3,0.025277777777777777,990,0,0
33,10,39,0.2,wave,0.075,3,0.025277777777777777,983,0,0
33,10,40,0.2,wave,0.075,3,0.025277777777777777,979,0,0
33,10,41,0.2,wave,0.075,3,0.025277777777777777,954,0,0
33,10,42,0.2,wave,0.075,3,0.025277777777777777,958,0,0
33,10,43,0.2,wave,0.075,3,0.025277777777777777,921,0,0
33,10,44,0.2,wave,0.075,3,0.025277777777777777,927,0,0
33,10,45,0.2,wave,0.075,3,0.025277777777777777,920,0,0
33,10,46,0.2,wave,0.075,3,0.025277777777777777,927,0,0
33,10,47,0.2,wave,0.075,3,0.025277777777777777,923,0,0
33,10,48,0.2,wave,0.075,3,0.025277777777777777,924,0,0
33,10,49,0.2,wave,0.075,3,0.025277777777777777,923,0,0
33,10,50,0.2,wave,0.075,3,0.025277777777777777,924,0,0
33,10,51,0.2,wave,0.075,3,0.025277777777777777,898,0,0
33,10,52,0.2,wave,0.075,3,0.025277777777777777,893,0,0
34,1,1,0.2,wave,0.075,3,0.04138888888888889,6739,66,5
34,1,2,0.2,wave,0.075,3,0.04138888888888889,6646,67,21
34,1,3,0.2,wave,0.075,3,0.04138888888888889,6501,83,39
34,1,4,0.2,wave,0.075,3,0.04138888888888889,6382,138,52
34,1,5,0.2,wave,0.075,3,0.04138888888888889,6221,175,61
34,1,6,0.2,wave,0.075,3,0.04138888888888889,6025,197,65
34,1,7,0.2,wave,0.075,3,0.04138888888888889,5777,214,73
34,1,8,0.2,wave,0.075,3,0.04138888888888889,5563,292,84
34,1,9,0.2,wave,0.075,3,0.04138888888888889,5406,344,120
34,1,10,0.2,wave,0.075,3,0.04138888888888889,5175,391,136
34,1,11,0.2,wave,0.075,3,0.04138888888888889,5013,476,179
34,1,12,0.2,wave,0.075,3,0.04138888888888889,4830,498,196
34,1,13,0.2,wave,0.075,3,0.04138888888888889,4626,508,217
34,1,14,0.2,wave,0.075,3,0.04138888888888889,4478,505,241
34,1,15,0.2,wave,0.075,3,0.04138888888888889,4319,494,244
34,1,16,0.2,wave,0.075,3,0.04138888888888889,4188,503,248
34,1,17,0.2,wave,0.075,3,0.04138888888888889,4044,473,243
34,1,18,0.2,wave,0.075,3,0.04138888888888889,3908,469,234
34,1,19,0.2,wave,0.075,3,0.04138888888888889,3763,446,230
34,1,20,0.2,wave,0.075,3,0.04138888888888889,5395,435,213
34,1,21,0.2,wave,0.075,3,0.04138888888888889,5147,507,209
34,1,22,0.2,wave,0.075,3,0.04138888888888889,4996,587,215
34,1,23,0.2,wave,0.075,3,0.04138888888888889,4799,611,229
34,1,24,0.2,wave,0.075,3,0.04138888888888889,4635,637,271
34,1,25,0.2,wave,0.075,3,0.04138888888888889,4517,654,289
34,1,26,0.2,wave,0.075,3,0.04138888888888889,4270,694,322
34,1,27,0.2,wave,0.075,3,0.04138888888888889,4080,686,313
34,1,28,0.2,wave,0.075,3,0.04138888888888889,3852,701,321
34,1,29,0.2,wave,0.075,3,0.04138888888888889,3675,703,307
34,1,30,0.2,wave,0.075,3,0.04138888888888889,3481,697,324
34,1,31,0.2,wave,0.075,3,0.04138888888888889,3326,676,316
34,1,32,0.2,wave,0.075,3,0.04138888888888889,3151,654,318
34,1,33,0.2,wave,0.075,3,0.04138888888888889,2965,630,315
34,1,34,0.2,wave,0.075,3,0.04138888888888889,2799,571,301
34,1,35,0.2,wave,0.075,3,0.04138888888888889,2655,544,288
34,1,36,0.2,wave,0.075,3,0.04138888888888889,2552,503,246
34,1,37,0.2,wave,0.075,3,0.04138888888888889,2401,460,221
34,1,38,0.2,wave,0.075,3,0.04138888888888889,2325,394,208
34,1,39,0.2,wave,0.075,3,0.04138888888888889,2244,390,206
34,1,40,0.2,wave,0.075,3,0.04138888888888889,2164,363,195
34,1,41,0.2,wave,0.075,3,0.04138888888888889,2063,316,168
34,1,42,0.2,wave,0.075,3,0.04138888888888889,1986,280,155
34,1,43,0.2,wave,0.075,3,0.04138888888888889,1921,261,146
34,1,44,0.2,wave,0.075,3,0.04138888888888889,1857,233,128
34,1,45,0.2,wave,0.075,3,0.04138888888888889,1787,205,115
34,1,46,0.2,wave,0.075,3,0.04138888888888889,1749,174,107
34,1,47,0.2,wave,0.075,3,0.04138888888888889,1671,129,84
34,1,48,0.2,wave,0.075,3,0.04138888888888889,1635,106,64
34,1,49,0.2,wave,0.075,3,0.04138888888888889,1593,87,52
34,1,50,0.2,wave,0.075,3,0.04138888888888889,1560,66,41
34,1,51,0.2,wave,0.075,3,0.04138888888888889,1533,61,43
34,1,52,0.2,wave,0.075,3,0.04138888888888889,1493,50,33
34,2,1,0.2,wave,0.075,3,0.04138888888888889,1456,36,23
34,2,2,0.2,wave,0.075,3,0.04138888888888889,1441,26,21
34,2,3,0.2,wave,0.075,3,0.04138888888888889,1420,25,18
34,2,4,0.2,wave,0.075,3,0.04138888888888889,1408,24,16
34,2,5,0.2,wave,0.075,3,0.04138888888888889,1396,21,9
34,2,6,0.2,wave,0.075,3,0.04138888888888889,1383,19,10
34,2,7,0.2,wave,0.075,3,0.04138888888888889,1381,18,8
34,2,8,0.2,wave,0.075,3,0.04138888888888889,1371,18,14
34,2,9,0.2,wave,0.075,3,0.04138888888888889,1365,13,9
34,2,10,0.2,wave,0.075,3,0.04138888888888889,1357,15,8
34,2,11,0.2,wave,0.075,3,0.04138888888888889,1343,10,3
34,2,12,0.2,wave,0.075,3,0.04138888888888889,1326,9,6
34,2,13,0.2,wave,0.075,3,0.04138888888888889,1317,11,8
34,2,14,0.2,wave,0.075,3,0.04138888888888889,1305,10,6
34,2,15,0.2,wave,0.075,3,0.04138888888888889,1293,6,2
34,2,16,0.2,wave,0.075,3,0.04138888888888889,1278,4,1
34,2,17,0.2,wave,0.075,3,0.04138888888888889,1272,4,2
34,2,18,0.2,wave,0.075,3,0.04138888888888889,1271,5,4
34,2,19,0.2,wave,0.075,3,0.04138888888888889,1249,4,3
34,2,20,0.2,wave,0.075,3,0.04138888888888889,1808,3,2
34,2,21,0.2,wave,0.075,3,0.04138888888888889,1771,1,1
34,2,22,0.2,wave,0.075,3,0.04138888888888889,1771,1,1
34,2,23,0.2,wave,0.075,3,0.04138888888888889,1749,1,1
34,2,24,0.2,wave,0.075,3,0.04138888888888889,1742,0,0
34,2,25,0.2,wave,0.075,3,0.04138888888888889,1731,0,0
34,2,26,0.2,wave,0.075,3,0.04138888888888889,1733,0,0
34,2,27,0.2,wave,0.075,3,0.04138888888888889,1723,0,0
34,2,28,0.2,wave,0.075,3,0.04138888888888889,1715,0,0
34,2,29,0.2,wave,0.075,3,0.04138888888888889,1689,0,0
34,2,30,0.2,wave,0.075,3,0.04138888888888889,1671,0,0
34,2,31,0.2,wave,0.075,3,0.04138888888888889,1650,0,0
34,2,32,0.2,wave,0.075,3,0.04138888888888889,1629,0,0
34,2,33,0.2,wave,0.075,3,0.04138888888888889,1600,0,0
34,2,34,0.2,wave,0.075,3,0.04138888888888889,1531,0,0
34,2,35,0.2,wave,0.075,3,0.04138888888888889,1530,0,0
34,2,36,0.2,wave,0.075,3,0.04138888888888889,1519,0,0
34,2,37,0.2,wave,0.075,3,0.04138888888888889,1519,0,0
34,2,38,0.2,wave,0.075,3,0.04138888888888889,1476,0,0
34,2,39,0.2,wave,0.075,3,0.04138888888888889,1480,0,0
34,2,40,0.2,wave,0.075,3,0.04138888888888889,1459,0,0
34,2,41,0.2,wave,0.075,3,0.04138888888888889,1453,0,0
34,2,42,0.2,wave,0.075,3,0.04138888888888889,1429,0,0
34,2,43,0.2,wave,0.075,3,0.04138888888888889,1447,0,0
34,2,44,0.2,wave,0.075,3,0.04138888888888889,1412,0,0
34,2,45,0.2,wave,0.075,3,0.04138888888888889,1430,2,1
34,2,46,0.2,wave,0.075,3,0.04138888888888889,1392,0,0
34,2,47,0.2,wave,0.075,3,0.04138888888888889,1426,2,2
34,2,48,0.2,wave,0.075,3,0.04138888888888889,1373,0,0
34,2,49,0.2,wave,0.075,3,0.04138888888888889,1381,1,1
34,2,50,0.2,wave,0.075,3,0.04138888888888889,1341,0,0
34,2,51,0.2,wave,0.075,3,0.04138888888888889,1356,0,0
34,2,52,0.2,wave,0.075,3,0.04138888888888889,1318,0,0
34,3,1,0.2,wave,0.075,3,0.04138888888888889,1338,0,0
34,3,2,0.2,wave,0.075,3,0.04138888888888889,1315,0,0
34,3,3,0.2,wave,0.075,3,0.04138888888888889,1299,0,0
34,3,4,0.2,wave,0.075,3,0.04138888888888889,1286,0,0
34,3,5,0.2,wave,0.075,3,0.04138888888888889,1284,0,0
34,3,6,0.2,wave,0.075,3,0.04138888888888889,1273,0,0
34,3,7,0.2,wave,0.075,3,0.04138888888888889,1269,0,0
34,3,8,0.2,wave,0.075,3,0.04138888888888889,1258,0,0
34,3,9,0.2,wave,0.075,3,0.04138888888888889,1264,0,0
34,3,10,0.2,wave,0.075,3,0.04138888888888889,1243,0,0
34,3,11,0.2,wave,0.075,3,0.04138888888888889,1247,0,0
34,3,12,0.2,wave,0.075,3,0.04138888888888889,1233,0,0
34,3,13,0.2,wave,0.075,3,0.04138888888888889,1226,0,0
34,3,14,0.2,wave,0.075,3,0.04138888888888889,1214,0,0
34,3,15,0.2,wave,0.075,3,0.04138888888888889,1220,0,0
34,3,16,0.2,wave,0.075,3,0.04138888888888889,1207,0,0
34,3,17,0.2,wave,0.075,3,0.04138888888888889,1213,0,0
34,3,18,0.2,wave,0.075,3,0.04138888888888889,1193,0,0
34,3,19,0.2,wave,0.075,3,0.04138888888888889,1181,0,0
34,3,20,0.2,wave,0.075,3,0.04138888888888889,1718,0,0
34,3,21,0.2,wave,0.075,3,0.04138888888888889,1664,0,0
34,3,22,0.2,wave,0.075,3,0.04138888888888889,1597,0,0
34,3,23,0.2,wave,0.075,3,0.04138888888888889,1591,0,0
34,3,24,0.2,wave,0.075,3,0.04138888888888889,1525,0,0
34,3,25,0.2,wave,0.075,3,0.04138888888888889,1530,0,0
34,3,26,0.2,wave,0.075,3,0.04138888888888889,1505,0,0
34,3,27,0.2,wave,0.075,3,0.04138888888888889,1487,0,0
34,3,28,0.2,wave,0.075,3,0.04138888888888889,1448,0,0
34,3,29,0.2,wave,0.075,3,0.04138888888888889,1423,0,0
34,3,30,0.2,wave,0.075,3,0.04138888888888889,1433,0,0
34,3,31,0.2,wave,0.075,3,0.04138888888888889,1416,0,0
34,3,32,0.2,wave,0.075,3,0.04138888888888889,1408,0,0
34,3,33,0.2,wave,0.075,3,0.04138888888888889,1386,0,0
34,3,34,0.2,wave,0.075,3,0.04138888888888889,1358,0,0
34,3,35,0.2,wave,0.075,3,0.04138888888888889,1331,0,0
34,3,36,0.2,wave,0.075,3,0.04138888888888889,1318,0,0
34,3,37,0.2,wave,0.075,3,0.04138888888888889,1316,0,0
34,3,38,0.2,wave,0.075,3,0.04138888888888889,1279,0,0
34,3,39,0.2,wave,0.075,3,0.04138888888888889,1275,0,0
34,3,40,0.2,wave,0.075,3,0.04138888888888889,1275,0,0
34,3,41,0.2,wave,0.075,3,0.04138888888888889,1253,0,0
34,3,42,0.2,wave,0.075,3,0.04138888888888889,1252,0,0
34,3,43,0.2,wave,0.075,3,0.04138888888888889,1249,0,0
34,3,44,0.2,wave,0.075,3,0.04138888888888889,1247,0,0
34,3,45,0.2,wave,0.075,3,0.04138888888888889,1245,0,0
34,3,46,0.2,wave,0.075,3,0.04138888888888889,1241,0,0
34,3,47,0.2,wave,0.075,3,0.04138888888888889,1221,0,0
34,3,48,0.2,wave,0.075,3,0.04138888888888889,1212,0,0
34,3,49,0.2,wave,0.075,3,0.04138888888888889,1197,0,0
34,3,50,0.2,wave,0.075,3,0.04138888888888889,1181,0,0
34,3,51,0.2,wave,0.075,3,0.04138888888888889,1174,0,0
34,3,52,0.2,wave,0.075,3,0.04138888888888889,1161,0,0
34,4,1,0.2,wave,0.075,3,0.04138888888888889,1148,0,0
34,4,2,0.2,wave,0.075,3,0.04138888888888889,1121,0,0
34,4,3,0.2,wave,0.075,3,0.04138888888888889,1121,0,0
34,4,4,0.2,wave,0.075,3,0.04138888888888889,1113,0,0
34,4,5,0.2,wave,0.075,3,0.04138888888888889,1114,0,0
34,4,6,0.2,wave,0.075,3,0.04138888888888889,1106,0,0
34,4,7,0.2,wave,0.075,3,0.04138888888888889,1102,0,0
34,4,8,0.2,wave,0.075,3,0.04138888888888889,1090,0,0
34,4,9,0.2,wave,0.075,3,0.04138888888888889,1088,0,0
34,4,10,0.2,wave,0.075,3,0.04138888888888889,1077,0,0
34,4,11,0.2,wave,0.075,3,0.04138888888888889,1066,0,0
34,4,12,0.2,wave,0.075,3,0.04138888888888889,1052,0,0
34,4,13,0.2,wave,0.075,3,0.04138888888888889,1054,0,0
34,4,14,0.2,wave,0.075,3,0.04138888888888889,1050,0,0
34,4,15,0.2,wave,0.075,3,0.04138888888888889,1049,0,0
34,4,16,0.2,wave,0.075,3,0.04138888888888889,1043,0,0
34,4,17,0.2,wave,0.075,3,0.04138888888888889,1045,0,0
34,4,18,0.2,wave,0.075,3,0.04138888888888889,1028,0,0
34,4,19,0.2,wave,0.075,3,0.04138888888888889,1042,0,0
34,4,20,0.2,wave,0.075,3,0.04138888888888889,1525,0,0
34,4,21,0.2,wave,0.075,3,0.04138888888888889,1523,0,0
34,4,22,0.2,wave,0.075,3,0.04138888888888889,1453,0,0
34,4,23,0.2,wave,0.075,3,0.04138888888888889,1421,0,0
34,4,24,0.2,wave,0.075,3,0.04138888888888889,1352,0,0
34,4,25,0.2,wave,0.075,3,0.04138888888888889,1329,0,0
34,4,26,0.2,wave,0.075,3,0.04138888888888889,1306,0,0
34,4,27,0.2,wave,0.075,3,0.04138888888888889,1328,0,0
34,4,28,0.2,wave,0.075,3,0.04138888888888889,1302,0,0
34,4,29,0.2,wave,0.075,3,0.04138888888888889,1257,0,0
34,4,30,0.2,wave,0.075,3,0.04138888888888889,1243,0,0
34,4,31,0.2,wave,0.075,3,0.04138888888888889,1227,0,0
34,4,32,0.2,wave,0.075,3,0.04138888888888889,1211,0,0
34,4,33,0.2,wave,0.075,3,0.04138888888888889,1165,0,0
34,4,34,0.2,wave,0.075,3,0.04138888888888889,1160,0,0
34,4,35,0.2,wave,0.075,3,0.04138888888888889,1152,0,0
34,4,36,0.2,wave,0.075,3,0.04138888888888889,1119,0,0
34,4,37,0.2,wave,0.075,3,0.04138888888888889,1114,0,0
34,4,38,0.2,wave,0.075,3,0.04138888888888889,1111,0,0
34,4,39,0.2,wave,0.075,3,0.04138888888888889,1088,0,0
34,4,40,0.2,wave,0.075,3,0.04138888888888889,1066,0,0
34,4,41,0.2,wave,0.075,3,0.04138888888888889,1057,0,0
34,4,42,0.2,wave,0.075,3,0.04138888888888889,1033,0,0
34,4,43,0.2,wave,0.075,3,0.04138888888888889,1001,0,0
34,4,44,0.2,wave,0.075,3,0.04138888888888889,997,0,0
34,4,45,0.2,wave,0.075,3,0.04138888888888889,979,0,0
34,4,46,0.2,wave,0.075,3,0.04138888888888889,984,0,0
34,4,47,0.2,wave,0.075,3,0.04138888888888889,953,0,0
34,4,48,0.2,wave,0.075,3,0.04138888888888889,959,0,0
34,4,49,0.2,wave,0.075,3,0.04138888888888889,938,0,0
34,4,50,0.2,wave,0.075,3,0.04138888888888889,946,0,0
34,4,51,0.2,wave,0.075,3,0.04138888888888889,926,0,0
34,4,52,0.2,wave,0.075,3,0.04138888888888889,918,0,0
34,5,1,0.2,wave,0.075,3,0.04138888888888889,911,0,0
34,5,2,0.2,wave,0.075,3,0.04138888888888889,906,0,0
34,5,3,0.2,wave,0.075,3,0.04138888888888889,893,0,0
34,5,4,0.2,wave,0.075,3,0.04138888888888889,903,0,0
34,5,5,0.2,wave,0.075,3,0.04138888888888889,883,0,0
34,5,6,0.2,wave,0.075,3,0.04138888888888889,892,0,0
34,5,7,0.2,wave,0.075,3,0.04138888888888889,873,0,0
34,5,8,0.2,wave,0.075,3,0.04138888888888889,882,0,0
34,5,9,0.2,wave,0.075,3,0.04138888888888889,862,0,0
34,5,10,0.2,wave,0.075,3,0.04138888888888889,875,0,0
34,5,11,0.2,wave,0.075,3,0.04138888888888889,859,0,0
34,5,12,0.2,wave,0.075,3,0.04138888888888889,867,0,0
34,5,13,0.2,wave,0.075,3,0.04138888888888889,849,0,0
34,5,14,0.2,wave,0.075,3,0.04138888888888889,856,0,0
34,5,15,0.2,wave,0.075,3,0.04138888888888889,847,0,0
34,5,16,0.2,wave,0.075,3,0.04138888888888889,851,0,0
34,5,17,0.2,wave,0.075,3,0.04138888888888889,832,0,0
34,5,18,0.2,wave,0.075,3,0.04138888888888889,843,0,0
34,5,19,0.2,wave,0.075,3,0.04138888888888889,832,0,0
34,5,20,0.2,wave,0.075,3,0.04138888888888889,1230,0,0
34,5,21,0.2,wave,0.075,3,0.04138888888888889,1233,0,0
34,5,22,0.2,wave,0.075,3,0.04138888888888889,1230,0,0
34,5,23,0.2,wave,0.075,3,0.04138888888888889,1185,0,0
34,5,24,0.2,wave,0.075,3,0.04138888888888889,1166,0,0
34,5,25,0.2,wave,0.075,3,0.04138888888888889,1156,0,0
34,5,26,0.2,wave,0.075,3,0.04138888888888889,1132,0,0
34,5,27,0.2,wave,0.075,3,0.04138888888888889,1151,0,0
34,5,28,0.2,wave,0.075,3,0.04138888888888889,1115,0,0
34,5,29,0.2,wave,0.075,3,0.04138888888888889,1086,0,0
34,5,30,0.2,wave,0.075,3,0.04138888888888889,1071,0,0
34,5,31,0.2,wave,0.075,3,0.04138888888888889,1053,0,0
34,5,32,0.2,wave,0.075,3,0.04138888888888889,1024,0,0
34,5,33,0.2,wave,0.075,3,0.04138888888888889,1020,0,0
34,5,34,0.2,wave,0.075,3,0.04138888888888889,996,0,0
34,5,35,0.2,wave,0.075,3,0.04138888888888889,977,0,0
34,5,36,0.2,wave,0.075,3,0.04138888888888889,954,0,0
34,5,37,0.2,wave,0.075,3,0.04138888888888889,944,0,0
34,5,38,0.2,wave,0.075,3,0.04138888888888889,932,0,0
34,5,39,0.2,wave,0.075,3,0.04138888888888889,923,0,0
34,5,40,0.2,wave,0.075,3,0.04138888888888889,918,0,0
34,5,41,0.2,wave,0.075,3,0.04138888888888889,917,0,0
34,5,42,0.2,wave,0.075,3,0.04138888888888889,907,0,0
34,5,43,0.2,wave,0.075,3,0.04138888888888889,904,0,0
34,5,44,0.2,wave,0.075,3,0.04138888888888889,893,0,0
34,5,45,0.2,wave,0.075,3,0.04138888888888889,901,0,0
34,5,46,0.2,wave,0.075,3,0.04138888888888889,880,0,0
34,5,47,0.2,wave,0.075,3,0.04138888888888889,885,0,0
34,5,48,0.2,wave,0.075,3,0.04138888888888889,862,0,0
34,5,49,0.2,wave,0.075,3,0.04138888888888889,875,0,0
34,5,50,0.2,wave,0.075,3,0.04138888888888889,849,0,0
34,5,51,0.2,wave,0.075,3,0.04138888888888889,859,0,0
34,5,52,0.2,wave,0.075,3,0.04138888888888889,833,0,0
34,6,1,0.2,wave,0.075,3,0.04138888888888889,839,0,0
34,6,2,0.2,wave,0.075,3,0.04138888888888889,817,0,0
34,6,3,0.2,wave,0.075,3,0.04138888888888889,813,0,0
34,6,4,0.2,wave,0.075,3,0.04138888888888889,795,0,0
34,6,5,0.2,wave,0.075,3,0.04138888888888889,799,0,0
34,6,6,0.2,wave,0.075,3,0.04138888888888889,792,0,0
34,6,7,0.2,wave,0.075,3,0.04138888888888889,794,0,0
34,6,8,0.2,wave,0.075,3,0.04138888888888889,782,0,0
34,6,9,0.2,wave,0.075,3,0.04138888888888889,786,0,0
34,6,10,0.2,wave,0.075,3,0.04138888888888889,781,0,0
34,6,11,0.2,wave,0.075,3,0.04138888888888889,781,0,0
34,6,12,0.2,wave,0.075,3,0.04138888888888889,776,0,0
34,6,13,0.2,wave,0.075,3,0.04138888888888889,782,0,0
34,6,14,0.2,wave,0.075,3,0.04138888888888889,773,0,0
34,6,15,0.2,wave,0.075,3,0.04138888888888889,771,0,0
34,6,16,0.2,wave,0.075,3,0.04138888888888889,771,0,0
34,6,17,0.2,wave,0.075,3,0.04138888888888889,774,0,0
34,6,18,0.2,wave,0.075,3,0.04138888888888889,771,0,0
34,6,19,0.2,wave,0.075,3,0.04138888888888889,768,0,0
34,6,20,0.2,wave,0.075,3,0.04138888888888889,1129,0,0
34,6,21,0.2,wave,0.075,3,0.04138888888888889,1121,0,0
34,6,22,0.2,wave,0.075,3,0.04138888888888889,1116,0,0
34,6,23,0.2,wave,0.075,3,0.04138888888888889,1105,0,0
34,6,24,0.2,wave,0.075,3,0.04138888888888889,1102,0,0
34,6,25,0.2,wave,0.075,3,0.04138888888888889,1083,0,0
34,6,26,0.2,wave,0.075,3,0.04138888888888889,1043,0,0
34,6,27,0.2,wave,0.075,3,0.04138888888888889,1034,0,0
34,6,28,0.2,wave,0.075,3,0.04138888888888889,1018,0,0
34,6,29,0.2,wave,0.075,3,0.04138888888888889,1013,0,0
34,6,30,0.2,wave,0.075,3,0.04138888888888889,1010,0,0
34,6,31,0.2,wave,0.075,3,0.04138888888888889,998,0,0
34,6,32,0.2,wave,0.075,3,0.04138888888888889,993,0,0
34,6,33,0.2,wave,0.075,3,0.04138888888888889,960,0,0
34,6,34,0.2,wave,0.075,3,0.04138888888888889,961,0,0
34,6,35,0.2,wave,0.075,3,0.04138888888888889,959,0,0
34,6,36,0.2,wave,0.075,3,0.04138888888888889,944,0,0
34,6,37,0.2,wave,0.075,3,0.04138888888888889,945,0,0
34,6,38,0.2,wave,0.075,3,0.04138888888888889,926,0,0
34,6,39,0.2,wave,0.075,3,0.04138888888888889,952,0,0
34,6,40,0.2,wave,0.075,3,0.04138888888888889,930,0,0
34,6,41,0.2,wave,0.075,3,0.04138888888888889,900,0,0
34,6,42,0.2,wave,0.075,3,0.04138888888888889,891,0,0
34,6,43,0.2,wave,0.075,3,0.04138888888888889,902,0,0
34,6,44,0.2,wave,0.075,3,0.04138888888888889,888,0,0
34,6,45,0.2,wave,0.075,3,0.04138888888888889,887,0,0
34,6,46,0.2,wave,0.075,3,0.04138888888888889,884,0,0
34,6,47,0.2,wave,0.075,3,0.04138888888888889,883,0,0
34,6,48,0.2,wave,0.075,3,0.04138888888888889,878,0,0
34,6,49,0.2,wave,0.075,3,0.04138888888888889,864,0,0
34,6,50,0.2,wave,0.075,3,0.04138888888888889,860,0,0
34,6,51,0.2,wave,0.075,3,0.04138888888888889,855,0,0
34,6,52,0.2,wave,0.075,3,0.04138888888888889,850,0,0
34,7,1,0.2,wave,0.075,3,0.04138888888888889,843,0,0
34,7,2,0.2,wave,0.075,3,0.04138888888888889,837,0,0
34,7,3,0.2,wave,0.075,3,0.04138888888888889,826,0,0
34,7,4,0.2,wave,0.075,3,0.04138888888888889,816,0,0
34,7,5,0.2,wave,0.075,3,0.04138888888888889,825,0,0
34,7,6,0.2,wave,0.075,3,0.04138888888888889,815,0,0
34,7,7,0.2,wave,0.075,3,0.04138888888888889,791,0,0
34,7,8,0.2,wave,0.075,3,0.04138888888888889,782,0,0
34,7,9,0.2,wave,0.075,3,0.04138888888888889,783,0,0
34,7,10,0.2,wave,0.075,3,0.04138888888888889,778,0,0
34,7,11,0.2,wave,0.075,3,0.04138888888888889,783,0,0
34,7,12,0.2,wave,0.075,3,0.04138888888888889,773,0,0
34,7,13,0.2,wave,0.075,3,0.04138888888888889,780,0,0
34,7,14,0.2,wave,0.075,3,0.04138888888888889,775,0,0
34,7,15,0.2,wave,0.075,3,0.04138888888888889,781,0,0
34,7,16,0.2,wave,0.075,3,0.04138888888888889,778,0,0
34,7,17,0.2,wave,0.075,3,0.04138888888888889,776,0,0
34,7,18,0.2,wave,0.075,3,0.04138888888888889,772,0,0
34,7,19,0.2,wave,0.075,3,0.04138888888888889,775,0,0
34,7,20,0.2,wave,0.075,3,0.04138888888888889,1172,0,0
34,7,21,0.2,wave,0.075,3,0.04138888888888889,1121,0,0
34,7,22,0.2,wave,0.075,3,0.04138888888888889,1113,0,0
34,7,23,0.2,wave,0.075,3,0.04138888888888889,1078,0,0
34,7,24,0.2,wave,0.075,3,0.04138888888888889,1085,0,0
34,7,25,0.2,wave,0.075,3,0.04138888888888889,1064,0,0
34,7,26,0.2,wave,0.075,3,0.04138888888888889,1068,0,0
34,7,27,0.2,wave,0.075,3,0.04138888888888889,1049,0,0
34,7,28,0.2,wave,0.075,3,0.04138888888888889,1045,0,0
34,7,29,0.2,wave,0.075,3,0.04138888888888889,1028,0,0
34,7,30,0.2,wave,0.075,3,0.04138888888888889,1033,0,0
34,7,31,0.2,wave,0.075,3,0.04138888888888889,999,0,0
34,7,32,0.2,wave,0.075,3,0.04138888888888889,990,0,0
34,7,33,0.2,wave,0.075,3,0.04138888888888889,982,0,0
34,7,34,0.2,wave,0.075,3,0.04138888888888889,955,0,0
34,7,35,0.2,wave,0.075,3,0.04138888888888889,948,0,0
34,7,36,0.2,wave,0.075,3,0.04138888888888889,920,0,0
34,7,37,0.2,wave,0.075,3,0.04138888888888889,930,0,0
34,7,38,0.2,wave,0.075,3,0.04138888888888889,891,0,0
34,7,39,0.2,wave,0.075,3,0.04138888888888889,904,0,0
34,7,40,0.2,wave,0.075,3,0.04138888888888889,877,0,0
34,7,41,0.2,wave,0.075,3,0.04138888888888889,894,0,0
34,7,42,0.2,wave,0.075,3,0.04138888888888889,871,0,0
34,7,43,0.2,wave,0.075,3,0.04138888888888889,859,0,0
34,7,44,0.2,wave,0.075,3,0.04138888888888889,842,0,0
34,7,45,0.2,wave,0.075,3,0.04138888888888889,839,0,0
34,7,46,0.2,wave,0.075,3,0.04138888888888889,819,0,0
34,7,47,0.2,wave,0.075,3,0.04138888888888889,824,0,0
34,7,48,0.2,wave,0.075,3,0.04138888888888889,820,0,0
34,7,49,0.2,wave,0.075,3,0.04138888888888889,823,0,0
34,7,50,0.2,wave,0.075,3,0.04138888888888889,801,0,0
34,7,51,0.2,wave,0.075,3,0.04138888888888889,794,0,0
34,7,52,0.2,wave,0.075,3,0.04138888888888889,786,0,0
34,8,1,0.2,wave,0.075,3,0.04138888888888889,781,0,0
34,8,2,0.2,wave,0.075,3,0.04138888888888889,778,0,0
34,8,3,0.2,wave,0.075,3,0.04138888888888889,753,0,0
34,8,4,0.2,wave,0.075,3,0.04138888888888889,761,0,0
34,8,5,0.2,wave,0.075,3,0.04138888888888889,755,0,0
34,8,6,0.2,wave,0.075,3,0.04138888888888889,754,0,0
34,8,7,0.2,wave,0.075,3,0.04138888888888889,748,0,0
34,8,8,0.2,wave,0.075,3,0.04138888888888889,746,0,0
34,8,9,0.2,wave,0.075,3,0.04138888888888889,738,0,0
34,8,10,0.2,wave,0.075,3,0.04138888888888889,740,0,0
34,8,11,0.2,wave,0.075,3,0.04138888888888889,745,0,0
34,8,12,0.2,wave,0.075,3,0.04138888888888889,741,0,0
34,8,13,0.2,wave,0.075,3,0.04138888888888889,742,0,0
34,8,14,0.2,wave,0.075,3,0.04138888888888889,735,0,0
34,8,15,0.2,wave,0.075,3,0.04138888888888889,733,0,0
34,8,16,0.2,wave,0.075,3,0.04138888888888889,735,0,0
34,8,17,0.2,wave,0.075,3,0.04138888888888889,729,0,0
34,8,18,0.2,wave,0.075,3,0.04138888888888889,731,0,0
34,8,19,0.2,wave,0.075,3,0.04138888888888889,729,0,0
34,8,20,0.2,wave,0.075,3,0.04138888888888889,1070,0,0
34,8,21,0.2,wave,0.075,3,0.04138888888888889,1036,0,0
34,8,22,0.2,wave,0.075,3,0.04138888888888889,1044,0,0
34,8,23,0.2,wave,0.075,3,0.04138888888888889,1013,0,0
34,8,24,0.2,wave,0.075,3,0.04138888888888889,1014,0,0
34,8,25,0.2,wave,0.075,3,0.04138888888888889,981,0,0
34,8,26,0.2,wave,0.075,3,0.04138888888888889,1005,0,0
34,8,27,0.2,wave,0.075,3,0.04138888888888889,955,0,0
34,8,28,0.2,wave,0.075,3,0.04138888888888889,939,0,0
34,8,29,0.2,wave,0.075,3,0.04138888888888889,934,0,0
34,8,30,0.2,wave,0.075,3,0.04138888888888889,943,0,0
34,8,31,0.2,wave,0.075,3,0.04138888888888889,920,0,0
34,8,32,0.2,wave,0.075,3,0.04138888888888889,918,0,0
34,8,33,0.2,wave,0.075,3,0.04138888888888889,902,0,0
34,8,34,0.2,wave,0.075,3,0.04138888888888889,901,0,0
34,8,35,0.2,wave,0.075,3,0.04138888888888889,900,0,0
34,8,36,0.2,wave,0.075,3,0.04138888888888889,899,0,0
34,8,37,0.2,wave,0.075,3,0.04138888888888889,894,0,0
34,8,38,0.2,wave,0.075,3,0.04138888888888889,883,0,0
34,8,39,0.2,wave,0.075,3,0.04138888888888889,883,0,0
34,8,40,0.2,wave,0.075,3,0.04138888888888889,886,0,0
34,8,41,0.2,wave,0.075,3,0.04138888888888889,886,0,0
34,8,42,0.2,wave,0.075,3,0.04138888888888889,883,0,0
34,8,43,0.2,wave,0.075,3,0.04138888888888889,883,0,0
34,8,44,0.2,wave,0.075,3,0.04138888888888889,872,0,0
34,8,45,0.2,wave,0.075,3,0.04138888888888889,874,0,0
34,8,46,0.2,wave,0.075,3,0.04138888888888889,871,0,0
34,8,47,0.2,wave,0.075,3,0.04138888888888889,873,0,0
34,8,48,0.2,wave,0.075,3,0.04138888888888889,871,0,0
34,8,49,0.2,wave,0.075,3,0.04138888888888889,862,0,0
34,8,50,0.2,wave,0.075,3,0.04138888888888889,861,0,0
34,8,51,0.2,wave,0.075,3,0.04138888888888889,862,0,0
34,8,52,0.2,wave,0.075,3,0.04138888888888889,864,0,0
34,9,1,0.2,wave,0.075,3,0.04138888888888889,848,0,0
34,9,2,0.2,wave,0.075,3,0.04138888888888889,846,0,0
34,9,3,0.2,wave,0.075,3,0.04138888888888889,842,0,0
34,9,4,0.2,wave,0.075,3,0.04138888888888889,839,0,0
34,9,5,0.2,wave,0.075,3,0.04138888888888889,840,0,0
34,9,6,0.2,wave,0.075,3,0.04138888888888889,825,0,0
34,9,7,0.2,wave,0.075,3,0.04138888888888889,828,0,0
34,9,8,0.2,wave,0.075,3,0.04138888888888889,823,0,0
34,9,9,0.2,wave,0.075,3,0.04138888888888889,817,0,0
34,9,10,0.2,wave,0.075,3,0.04138888888888889,809,0,0
34,9,11,0.2,wave,0.075,3,0.04138888888888889,803,0,0
34,9,12,0.2,wave,0.075,3,0.04138888888888889,798,0,0
34,9,13,0.2,wave,0.075,3,0.04138888888888889,804,0,0
34,9,14,0.2,wave,0.075,3,0.04138888888888889,796,0,0
34,9,15,0.2,wave,0.075,3,0.04138888888888889,804,0,0
34,9,16,0.2,wave,0.075,3,0.04138888888888889,794,0,0
34,9,17,0.2,wave,0.075,3,0.04138888888888889,801,0,0
34,9,18,0.2,wave,0.075,3,0.04138888888888889,795,0,0
34,9,19,0.2,wave,0.075,3,0.04138888888888889,788,0,0
34,9,20,0.2,wave,0.075,3,0.04138888888888889,1138,0,0
34,9,21,0.2,wave,0.075,3,0.04138888888888889,1142,0,0
34,9,22,0.2,wave,0.075,3,0.04138888888888889,1140,0,0
34,9,23,0.2,wave,0.075,3,0.04138888888888889,1145,0,0
34,9,24,0.2,wave,0.075,3,0.04138888888888889,1129,0,0
34,9,25,0.2,wave,0.075,3,0.04138888888888889,1121,0,0
34,9,26,0.2,wave,0.075,3,0.04138888888888889,1083,0,0
34,9,27,0.2,wave,0.075,3,0.04138888888888889,1063,0,0
34,9,28,0.2,wave,0.075,3,0.04138888888888889,1038,0,0
34,9,29,0.2,wave,0.075,3,0.04138888888888889,1047,0,0
34,9,30,0.2,wave,0.075,3,0.04138888888888889,1017,0,0
34,9,31,0.2,wave,0.075,3,0.04138888888888889,1033,0,0
34,9,32,0.2,wave,0.075,3,0.04138888888888889,1019,0,0
34,9,33,0.2,wave,0.075,3,0.04138888888888889,987,0,0
34,9,34,0.2,wave,0.075,3,0.04138888888888889,976,0,0
34,9,35,0.2,wave,0.075,3,0.04138888888888889,965,0,0
34,9,36,0.2,wave,0.075,3,0.04138888888888889,957,0,0
34,9,37,0.2,wave,0.075,3,0.04138888888888889,961,0,0
34,9,38,0.2,wave,0.075,3,0.04138888888888889,943,0,0
34,9,39,0.2,wave,0.075,3,0.04138888888888889,951,0,0
34,9,40,0.2,wave,0.075,3,0.04138888888888889,931,0,0
34,9,41,0.2,wave,0.075,3,0.04138888888888889,947,0,0
34,9,42,0.2,wave,0.075,3,0.04138888888888889,936,0,0
34,9,43,0.2,wave,0.075,3,0.04138888888888889,929,0,0
34,9,44,0.2,wave,0.075,3,0.04138888888888889,921,0,0
34,9,45,0.2,wave,0.075,3,0.04138888888888889,930,0,0
34,9,46,0.2,wave,0.075,3,0.04138888888888889,924,0,0
34,9,47,0.2,wave,0.075,3,0.04138888888888889,930,0,0
34,9,48,0.2,wave,0.075,3,0.04138888888888889,915,0,0
34,9,49,0.2,wave,0.075,3,0.04138888888888889,914,0,0
34,9,50,0.2,wave,0.075,3,0.04138888888888889,911,0,0
34,9,51,0.2,wave,0.075,3,0.04138888888888889,913,0,0
34,9,52,0.2,wave,0.075,3,0.04138888888888889,909,0,0
34,10,1,0.2,wave,0.075,3,0.04138888888888889,909,0,0
34,10,2,0.2,wave,0.075,3,0.04138888888888889,889,0,0
34,10,3,0.2,wave,0.075,3,0.04138888888888889,891,0,0
34,10,4,0.2,wave,0.075,3,0.04138888888888889,890,0,0
34,10,5,0.2,wave,0.075,3,0.04138888888888889,894,0,0
34,10,6,0.2,wave,0.075,3,0.04138888888888889,883,0,0
34,10,7,0.2,wave,0.075,3,0.04138888888888889,894,0,0
34,10,8,0.2,wave,0.075,3,0.04138888888888889,886,0,0
34,10,9,0.2,wave,0.075,3,0.04138888888888889,893,0,0
34,10,10,0.2,wave,0.075,3,0.04138888888888889,884,0,0
34,10,11,0.2,wave,0.075,3,0.04138888888888889,883,0,0
34,10,12,0.2,wave,0.075,3,0.04138888888888889,875,0,0
34,10,13,0.2,wave,0.075,3,0.04138888888888889,875,0,0
34,10,14,0.2,wave,0.075,3,0.04138888888888889,846,0,0
34,10,15,0.2,wave,0.075,3,0.04138888888888889,855,0,0
34,10,16,0.2,wave,0.075,3,0.04138888888888889,828,0,0
34,10,17,0.2,wave,0.075,3,0.04138888888888889,843,0,0
34,10,18,0.2,wave,0.075,3,0.04138888888888889,832,0,0
34,10,19,0.2,wave,0.075,3,0.04138888888888889,840,0,0
34,10,20,0.2,wave,0.075,3,0.04138888888888889,1156,0,0
34,10,21,0.2,wave,0.075,3,0.04138888888888889,1134,0,0
34,10,22,0.2,wave,0.075,3,0.04138888888888889,1087,0,0
34,10,23,0.2,wave,0.075,3,0.04138888888888889,1026,0,0
34,10,24,0.2,wave,0.075,3,0.04138888888888889,1013,0,0
34,10,25,0.2,wave,0.075,3,0.04138888888888889,1026,0,0
34,10,26,0.2,wave,0.075,3,0.04138888888888889,989,0,0
34,10,27,0.2,wave,0.075,3,0.04138888888888889,970,0,0
34,10,28,0.2,wave,0.075,3,0.04138888888888889,972,0,0
34,10,29,0.2,wave,0.075,3,0.04138888888888889,965,0,0
34,10,30,0.2,wave,0.075,3,0.04138888888888889,919,0,0
34,10,31,0.2,wave,0.075,3,0.04138888888888889,910,0,0
34,10,32,0.2,wave,0.075,3,0.04138888888888889,908,0,0
34,10,33,0.2,wave,0.075,3,0.04138888888888889,886,0,0
34,10,34,0.2,wave,0.075,3,0.04138888888888889,870,0,0
34,10,35,0.2,wave,0.075,3,0.04138888888888889,873,0,0
34,10,36,0.2,wave,0.075,3,0.04138888888888889,870,0,0
34,10,37,0.2,wave,0.075,3,0.04138888888888889,866,0,0
34,10,38,0.2,wave,0.075,3,0.04138888888888889,860,0,0
34,10,39,0.2,wave,0.075,3,0.04138888888888889,860,0,0
34,10,40,0.2,wave,0.075,3,0.04138888888888889,852,0,0
34,10,41,0.2,wave,0.075,3,0.04138888888888889,862,0,0
34,10,42,0.2,wave,0.075,3,0.04138888888888889,855,0,0
34,10,43,0.2,wave,0.075,3,0.04138888888888889,845,0,0
34,10,44,0.2,wave,0.075,3,0.04138888888888889,841,0,0
34,10,45,0.2,wave,0.075,3,0.04138888888888889,845,0,0
34,10,46,0.2,wave,0.075,3,0.04138888888888889,843,0,0
34,10,47,0.2,wave,0.075,3,0.04138888888888889,829,0,0
34,10,48,0.2,wave,0.075,3,0.04138888888888889,823,0,0
34,10,49,0.2,wave,0.075,3,0.04138888888888889,831,0,0
34,10,50,0.2,wave,0.075,3,0.04138888888888889,822,0,0
34,10,51,0.2,wave,0.075,3,0.04138888888888889,825,0,0
34,10,52,0.2,wave,0.075,3,0.04138888888888889,823,0,0
35,1,1,0.2,wave,0.075,3,0.041666666666666664,6464,63,8
35,1,2,0.2,wave,0.075,3,0.041666666666666664,6364,74,22
35,1,3,0.2,wave,0.075,3,0.041666666666666664,6224,96,41
35,1,4,0.2,wave,0.075,3,0.041666666666666664,6025,139,47
35,1,5,0.2,wave,0.075,3,0.041666666666666664,5914,163,51
35,1,6,0.2,wave,0.075,3,0.041666666666666664,5765,199,59
35,1,7,0.2,wave,0.075,3,0.041666666666666664,5561,254,88
35,1,8,0.2,wave,0.075,3,0.041666666666666664,5328,301,113
35,1,9,0.2,wave,0.075,3,0.041666666666666664,5157,346,134
35,1,10,0.2,wave,0.075,3,0.041666666666666664,4885,374,146
35,1,11,0.2,wave,0.075,3,0.041666666666666664,4646,421,171
35,1,12,0.2,wave,0.075,3,0.041666666666666664,4440,458,183
35,1,13,0.2,wave,0.075,3,0.041666666666666664,4230,480,206
35,1,14,0.2,wave,0.075,3,0.041666666666666664,4084,498,225
35,1,15,0.2,wave,0.075,3,0.041666666666666664,3919,522,253
35,1,16,0.2,wave,0.075,3,0.041666666666666664,3800,539,260
35,1,17,0.2,wave,0.075,3,0.041666666666666664,3663,534,253
35,1,18,0.2,wave,0.075,3,0.041666666666666664,3516,523,255
35,1,19,0.2,wave,0.075,3,0.041666666666666664,3365,490,245
35,1,20,0.2,wave,0.075,3,0.041666666666666664,4939,473,256
35,1,21,0.2,wave,0.075,3,0.041666666666666664,4655,560,234
35,1,22,0.2,wave,0.075,3,0.041666666666666664,4524,640,253
35,1,23,0.2,wave,0.075,3,0.041666666666666664,4439,706,270
35,1,24,0.2,wave,0.075,3,0.041666666666666664,4308,757,314
35,1,25,0.2,wave,0.075,3,0.041666666666666664,4061,824,339
35,1,26,0.2,wave,0.075,3,0.041666666666666664,3866,838,361
35,1,27,0.2,wave,0.075,3,0.041666666666666664,3714,873,405
35,1,28,0.2,wave,0.075,3,0.041666666666666664,3415,837,382
35,1,29,0.2,wave,0.075,3,0.041666666666666664,3188,784,365
35,1,30,0.2,wave,0.075,3,0.041666666666666664,3016,747,343
35,1,31,0.2,wave,0.075,3,0.041666666666666664,2895,747,365
35,1,32,0.2,wave,0.075,3,0.041666666666666664,2727,714,357
35,1,33,0.2,wave,0.075,3,0.041666666666666664,2571,653,353
35,1,34,0.2,wave,0.075,3,0.041666666666666664,2404,593,318
35,1,35,0.2,wave,0.075,3,0.041666666666666664,2273,559,297
35,1,36,0.2,wave,0.075,3,0.041666666666666664,2129,499,254
35,1,37,0.2,wave,0.075,3,0.041666666666666664,2023,448,242
35,1,38,0.2,wave,0.075,3,0.041666666666666664,1903,409,230
35,1,39,0.2,wave,0.075,3,0.041666666666666664,1784,367,213
35,1,40,0.2,wave,0.075,3,0.041666666666666664,1714,326,187
35,1,41,0.2,wave,0.075,3,0.041666666666666664,1617,273,145
35,1,42,0.2,wave,0.075,3,0.041666666666666664,1547,244,119
35,1,43,0.2,wave,0.075,3,0.041666666666666664,1470,204,109
35,1,44,0.2,wave,0.075,3,0.041666666666666664,1428,188,115
35,1,45,0.2,wave,0.075,3,0.041666666666666664,1373,170,102
35,1,46,0.2,wave,0.075,3,0.041666666666666664,1317,146,81
35,1,47,0.2,wave,0.075,3,0.041666666666666664,1259,115,68
35,1,48,0.2,wave,0.075,3,0.041666666666666664,1222,99,57
35,1,49,0.2,wave,0.075,3,0.041666666666666664,1189,84,50
35,1,50,0.2,wave,0.075,3,0.041666666666666664,1147,63,39
35,1,51,0.2,wave,0.075,3,0.041666666666666664,1128,54,38
35,1,52,0.2,wave,0.075,3,0.041666666666666664,1114,47,31
35,2,1,0.2,wave,0.075,3,0.041666666666666664,1089,33,23
35,2,2,0.2,wave,0.075,3,0.041666666666666664,1065,29,16
35,2,3,0.2,wave,0.075,3,0.041666666666666664,1052,26,15
35,2,4,0.2,wave,0.075,3,0.041666666666666664,1047,23,11
35,2,5,0.2,wave,0.075,3,0.041666666666666664,1028,22,11
35,2,6,0.2,wave,0.075,3,0.041666666666666664,1023,22,12
35,2,7,0.2,wave,0.075,3,0.041666666666666664,1009,19,10
35,2,8,0.2,wave,0.075,3,0.041666666666666664,1009,17,10
35,2,9,0.2,wave,0.075,3,0.041666666666666664,992,12,9
35,2,10,0.2,wave,0.075,3,0.041666666666666664,983,14,8
35,2,11,0.2,wave,0.075,3,0.041666666666666664,974,15,7
35,2,12,0.2,wave,0.075,3,0.041666666666666664,971,13,6
35,2,13,0.2,wave,0.075,3,0.041666666666666664,961,13,7
35,2,14,0.2,wave,0.075,3,0.041666666666666664,962,12,7
35,2,15,0.2,wave,0.075,3,0.041666666666666664,946,10,5
35,2,16,0.2,wave,0.075,3,0.041666666666666664,941,8,4
35,2,17,0.2,wave,0.075,3,0.041666666666666664,931,6,2
35,2,18,0.2,wave,0.075,3,0.041666666666666664,931,5,1
35,2,19,0.2,wave,0.075,3,0.041666666666666664,922,4,1
35,2,20,0.2,wave,0.075,3,0.041666666666666664,1382,4,3
35,2,21,0.2,wave,0.075,3,0.041666666666666664,1376,6,4
35,2,22,0.2,wave,0.075,3,0.041666666666666664,1373,10,4
35,2,23,0.2,wave,0.075,3,0.041666666666666664,1355,9,3
35,2,24,0.2,wave,0.075,3,0.041666666666666664,1347,7,4
35,2,25,0.2,wave,0.075,3,0.041666666666666664,1304,9,3
35,2,26,0.2,wave,0.075,3,0.041666666666666664,1304,9,4
35,2,27,0.2,wave,0.075,3,0.041666666666666664,1304,7,4
35,2,28,0.2,wave,0.075,3,0.041666666666666664,1300,9,4
35,2,29,0.2,wave,0.075,3,0.041666666666666664,1263,7,3
35,2,30,0.2,wave,0.075,3,0.041666666666666664,1256,4,2
35,2,31,0.2,wave,0.075,3,0.041666666666666664,1231,4,2
35,2,32,0.2,wave,0.075,3,0.041666666666666664,1214,2,0
35,2,33,0.2,wave,0.075,3,0.041666666666666664,1196,2,1
35,2,34,0.2,wave,0.075,3,0.041666666666666664,1191,2,2
35,2,35,0.2,wave,0.075,3,0.041666666666666664,1165,3,2
35,2,36,0.2,wave,0.075,3,0.041666666666666664,1163,3,1
35,2,37,0.2,wave,0.075,3,0.041666666666666664,1134,2,2
35,2,38,0.2,wave,0.075,3,0.041666666666666664,1109,2,2
35,2,39,0.2,wave,0.075,3,0.041666666666666664,1103,2,2
35,2,40,0.2,wave,0.075,3,0.041666666666666664,1100,0,0
35,2,41,0.2,wave,0.075,3,0.041666666666666664,1073,0,0
35,2,42,0.2,wave,0.075,3,0.041666666666666664,1056,0,0
35,2,43,0.2,wave,0.075,3,0.041666666666666664,1048,0,0
35,2,44,0.2,wave,0.075,3,0.041666666666666664,1036,0,0
35,2,45,0.2,wave,0.075,3,0.041666666666666664,1024,0,0
35,2,46,0.2,wave,0.075,3,0.041666666666666664,996,0,0
35,2,47,0.2,wave,0.075,3,0.041666666666666664,974,0,0
35,2,48,0.2,wave,0.075,3,0.041666666666666664,965,0,0
35,2,49,0.2,wave,0.075,3,0.041666666666666664,957,0,0
35,2,50,0.2,wave,0.075,3,0.041666666666666664,949,0,0
35,2,51,0.2,wave,0.075,3,0.041666666666666664,941,0,0
35,2,52,0.2,wave,0.075,3,0.041666666666666664,941,0,0
35,3,1,0.2,wave,0.075,3,0.041666666666666664,931,0,0
35,3,2,0.2,wave,0.075,3,0.041666666666666664,912,0,0
35,3,3,0.2,wave,0.075,3,0.041666666666666664,901,0,0
35,3,4,0.2,wave,0.075,3,0.041666666666666664,900,0,0
35,3,5,0.2,wave,0.075,3,0.041666666666666664,895,0,0
35,3,6,0.2,wave,0.075,3,0.041666666666666664,894,0,0
35,3,7,0.2,wave,0.075,3,0.041666666666666664,883,0,0
35,3,8,0.2,wave,0.075,3,0.041666666666666664,882,0,0
35,3,9,0.2,wave,0.075,3,0.041666666666666664,871,0,0
35,3,10,0.2,wave,0.075,3,0.041666666666666664,870,0,0
35,3,11,0.2,wave,0.075,3,0.041666666666666664,857,0,0
35,3,12,0.2,wave,0.075,3,0.041666666666666664,856,0,0
35,3,13,0.2,wave,0.075,3,0.041666666666666664,845,0,0
35,3,14,0.2,wave,0.075,3,0.041666666666666664,848,0,0
35,3,15,0.2,wave,0.075,3,0.041666666666666664,839,0,0
35,3,16,0.2,wave,0.075,3,0.041666666666666664,836,0,0
35,3,17,0.2,wave,0.075,3,0.041666666666666664,831,0,0
35,3,18,0.2,wave,0.075,3,0.041666666666666664,818,0,0
35,3,19,0.2,wave,0.075,3,0.041666666666666664,810,0,0
35,3,20,0.2,wave,0.075,3,0.041666666666666664,1240,0,0
35,3,21,0.2,wave,0.075,3,0.041666666666666664,1202,0,0
35,3,22,0.2,wave,0.075,3,0.041666666666666664,1209,0,0
35,3,23,0.2,wave,0.075,3,0.041666666666666664,1183,0,0
35,3,24,0.2,wave,0.075,3,0.041666666666666664,1184,0,0
35,3,25,0.2,wave,0.075,3,0.041666666666666664,1158,0,0
35,3,26,0.2,wave,0.075,3,0.041666666666666664,1152,0,0
35,3,27,0.2,wave,0.075,3,0.041666666666666664,1104,0,0
35,3,28,0.2,wave,0.075,3,0.041666666666666664,1092,0,0
35,3,29,0.2,wave,0.075,3,0.041666666666666664,1073,0,0
35,3,30,0.2,wave,0.075,3,0.041666666666666664,1045,0,0
35,3,31,0.2,wave,0.075,3,0.041666666666666664,1016,0,0
35,3,32,0.2,wave,0.075,3,0.041666666666666664,995,0,0
35,3,33,0.2,wave,0.075,3,0.041666666666666664,984,0,0
35,3,34,0.2,wave,0.075,3,0.041666666666666664,976,0,0
35,3,35,0.2,wave,0.075,3,0.041666666666666664,961,0,0
35,3,36,0.2,wave,0.075,3,0.041666666666666664,947,0,0
35,3,37,0.2,wave,0.075,3,0.041666666666666664,935,0,0
35,3,38,0.2,wave,0.075,3,0.041666666666666664,930,0,0
35,3,39,0.2,wave,0.075,3,0.041666666666666664,909,0,0
35,3,40,0.2,wave,0.075,3,0.041666666666666664,878,0,0
35,3,41,0.2,wave,0.075,3,0.041666666666666664,868,0,0
35,3,42,0.2,wave,0.075,3,0.041666666666666664,867,0,0
35,3,43,0.2,wave,0.075,3,0.041666666666666664,853,0,0
35,3,44,0.2,wave,0.075,3,0.041666666666666664,858,0,0
35,3,45,0.2,wave,0.075,3,0.041666666666666664,834,0,0
35,3,46,0.2,wave,0.075,3,0.041666666666666664,808,0,0
35,3,47,0.2,wave,0.075,3,0.041666666666666664,786,0,0
35,3,48,0.2,wave,0.075,3,0.041666666666666664,793,0,0
35,3,49,0.2,wave,0.075,3,0.041666666666666664,767,0,0
35,3,50,0.2,wave,0.075,3,0.041666666666666664,757,0,0
35,3,51,0.2,wave,0.075,3,0.041666666666666664,740,0,0
35,3,52,0.2,wave,0.075,3,0.041666666666666664,743,0,0
35,4,1,0.2,wave,0.075,3,0.041666666666666664,733,0,0
35,4,2,0.2,wave,0.075,3,0.041666666666666664,738,0,0
35,4,3,0.2,wave,0.075,3,0.041666666666666664,723,0,0
35,4,4,0.2,wave,0.075,3,0.041666666666666664,730,0,0
35,4,5,0.2,wave,0.075,3,0.041666666666666664,713,0,0
35,4,6,0.2,wave,0.075,3,0.041666666666666664,706,0,0
35,4,7,0.2,wave,0.075,3,0.041666666666666664,698,0,0
35,4,8,0.2,wave,0.075,3,0.041666666666666664,705,0,0
35,4,9,0.2,wave,0.075,3,0.041666666666666664,692,0,0
35,4,10,0.2,wave,0.075,3,0.041666666666666664,683,0,0
35,4,11,0.2,wave,0.075,3,0.041666666666666664,674,0,0
35,4,12,0.2,wave,0.075,3,0.041666666666666664,677,0,0
35,4,13,0.2,wave,0.075,3,0.041666666666666664,668,0,0
35,4,14,0.2,wave,0.075,3,0.041666666666666664,674,0,0
35,4,15,0.2,wave,0.075,3,0.041666666666666664,665,0,0
35,4,16,0.2,wave,0.075,3,0.041666666666666664,668,0,0
35,4,17,0.2,wave,0.075,3,0.041666666666666664,661,0,0
35,4,18,0.2,wave,0.075,3,0.041666666666666664,663,0,0
35,4,19,0.2,wave,0.075,3,0.041666666666666664,657,0,0
35,4,20,0.2,wave,0.075,3,0.041666666666666664,951,0,0
35,4,21,0.2,wave,0.075,3,0.041666666666666664,934,0,0
35,4,22,0.2,wave,0.075,3,0.041666666666666664,909,0,0
35,4,23,0.2,wave,0.075,3,0.041666666666666664,886,0,0
35,4,24,0.2,wave,0.075,3,0.041666666666666664,892,0,0
35,4,25,0.2,wave,0.075,3,0.041666666666666664,871,0,0
35,4,26,0.2,wave,0.075,3,0.041666666666666664,880,0,0
35,4,27,0.2,wave,0.075,3,0.041666666666666664,865,0,0
35,4,28,0.2,wave,0.075,3,0.041666666666666664,853,0,0
35,4,29,0.2,wave,0.075,3,0.041666666666666664,835,0,0
35,4,30,0.2,wave,0.075,3,0.041666666666666664,835,0,0
35,4,31,0.2,wave,0.075,3,0.041666666666666664,824,0,0
35,4,32,0.2,wave,0.075,3,0.041666666666666664,834,0,0
35,4,33,0.2,wave,0.075,3,0.041666666666666664,824,0,0
35,4,34,0.2,wave,0.075,3,0.041666666666666664,811,0,0
35,4,35,0.2,wave,0.075,3,0.041666666666666664,794,0,0
35,4,36,0.2,wave,0.075,3,0.041666666666666664,799,0,0
35,4,37,0.2,wave,0.075,3,0.041666666666666664,795,0,0
35,4,38,0.2,wave,0.075,3,0.041666666666666664,788,0,0
35,4,39,0.2,wave,0.075,3,0.041666666666666664,775,0,0
35,4,40,0.2,wave,0.075,3,0.041666666666666664,775,0,0
35,4,41,0.2,wave,0.075,3,0.041666666666666664,773,0,0
35,4,42,0.2,wave,0.075,3,0.041666666666666664,770,0,0
35,4,43,0.2,wave,0.075,3,0.041666666666666664,754,0,0
35,4,44,0.2,wave,0.075,3,0.041666666666666664,755,0,0
35,4,45,0.2,wave,0.075,3,0.041666666666666664,736,0,0
35,4,46,0.2,wave,0.075,3,0.041666666666666664,721,0,0
35,4,47,0.2,wave,0.075,3,0.041666666666666664,703,0,0
35,4,48,0.2,wave,0.075,3,0.041666666666666664,686,0,0
35,4,49,0.2,wave,0.075,3,0.041666666666666664,679,0,0
35,4,50,0.2,wave,0.075,3,0.041666666666666664,670,0,0
35,4,51,0.2,wave,0.075,3,0.041666666666666664,665,0,0
35,4,52,0.2,wave,0.075,3,0.041666666666666664,662,0,0
35,5,1,0.2,wave,0.075,3,0.041666666666666664,657,0,0
35,5,2,0.2,wave,0.075,3,0.041666666666666664,652,0,0
35,5,3,0.2,wave,0.075,3,0.041666666666666664,651,0,0
35,5,4,0.2,wave,0.075,3,0.041666666666666664,643,0,0
35,5,5,0.2,wave,0.075,3,0.041666666666666664,646,0,0
35,5,6,0.2,wave,0.075,3,0.041666666666666664,642,0,0
35,5,7,0.2,wave,0.075,3,0.041666666666666664,641,0,0
35,5,8,0.2,wave,0.075,3,0.041666666666666664,618,0,0
35,5,9,0.2,wave,0.075,3,0.041666666666666664,613,0,0
35,5,10,0.2,wave,0.075,3,0.041666666666666664,606,0,0
35,5,11,0.2,wave,0.075,3,0.041666666666666664,604,0,0
35,5,12,0.2,wave,0.075,3,0.041666666666666664,605,0,0
35,5,13,0.2,wave,0.075,3,0.041666666666666664,601,0,0
35,5,14,0.2,wave,0.075,3,0.041666666666666664,597,0,0
35,5,15,0.2,wave,0.075,3,0.041666666666666664,597,0,0
35,5,16,0.2,wave,0.075,3,0.041666666666666664,597,0,0
35,5,17,0.2,wave,0.075,3,0.041666666666666664,593,0,0
35,5,18,0.2,wave,0.075,3,0.041666666666666664,594,0,0
35,5,19,0.2,wave,0.075,3,0.041666666666666664,586,0,0
35,5,20,0.2,wave,0.075,3,0.041666666666666664,849,0,0
35,5,21,0.2,wave,0.075,3,0.041666666666666664,835,0,0
35,5,22,0.2,wave,0.075,3,0.041666666666666664,816,0,0
35,5,23,0.2,wave,0.075,3,0.041666666666666664,814,0,0
35,5,24,0.2,wave,0.075,3,0.041666666666666664,807,0,0
35,5,25,0.2,wave,0.075,3,0.041666666666666664,788,0,0
35,5,26,0.2,wave,0.075,3,0.041666666666666664,781,0,0
35,5,27,0.2,wave,0.075,3,0.041666666666666664,782,0,0
35,5,28,0.2,wave,0.075,3,0.041666666666666664,783,0,0
35,5,29,0.2,wave,0.075,3,0.041666666666666664,786,0,0
35,5,30,0.2,wave,0.075,3,0.041666666666666664,781,0,0
35,5,31,0.2,wave,0.075,3,0.041666666666666664,782,0,0
35,5,32,0.2,wave,0.075,3,0.041666666666666664,771,0,0
35,5,33,0.2,wave,0.075,3,0.041666666666666664,773,0,0
35,5,34,0.2,wave,0.075,3,0.041666666666666664,755,0,0
35,5,35,0.2,wave,0.075,3,0.041666666666666664,721,0,0
35,5,36,0.2,wave,0.075,3,0.041666666666666664,727,0,0
35,5,37,0.2,wave,0.075,3,0.041666666666666664,716,0,0
35,5,38,0.2,wave,0.075,3,0.041666666666666664,675,0,0
35,5,39,0.2,wave,0.075,3,0.041666666666666664,669,0,0
35,5,40,0.2,wave,0.075,3,0.041666666666666664,671,0,0
35,5,41,0.2,wave,0.075,3,0.041666666666666664,664,0,0
35,5,42,0.2,wave,0.075,3,0.041666666666666664,670,0,0
35,5,43,0.2,wave,0.075,3,0.041666666666666664,650,0,0
35,5,44,0.2,wave,0.075,3,0.041666666666666664,656,0,0
35,5,45,0.2,wave,0.075,3,0.041666666666666664,640,0,0
35,5,46,0.2,wave,0.075,3,0.041666666666666664,643,0,0
35,5,47,0.2,wave,0.075,3,0.041666666666666664,616,0,0
35,5,48,0.2,wave,0.075,3,0.041666666666666664,617,0,0
35,5,49,0.2,wave,0.075,3,0.041666666666666664,587,0,0
35,5,50,0.2,wave,0.075,3,0.041666666666666664,583,0,0
35,5,51,0.2,wave,0.075,3,0.041666666666666664,565,0,0
35,5,52,0.2,wave,0.075,3,0.041666666666666664,569,0,0
35,6,1,0.2,wave,0.075,3,0.041666666666666664,556,0,0
35,6,2,0.2,wave,0.075,3,0.041666666666666664,554,0,0
35,6,3,0.2,wave,0.075,3,0.041666666666666664,546,0,0
35,6,4,0.2,wave,0.075,3,0.041666666666666664,546,0,0
35,6,5,0.2,wave,0.075,3,0.041666666666666664,542,0,0
35,6,6,0.2,wave,0.075,3,0.041666666666666664,547,0,0
35,6,7,0.2,wave,0.075,3,0.041666666666666664,538,0,0
35,6,8,0.2,wave,0.075,3,0.041666666666666664,539,0,0
35,6,9,0.2,wave,0.075,3,0.041666666666666664,532,0,0
35,6,10,0.2,wave,0.075,3,0.041666666666666664,537,0,0
35,6,11,0.2,wave,0.075,3,0.041666666666666664,533,0,0
35,6,12,0.2,wave,0.075,3,0.041666666666666664,536,0,0
35,6,13,0.2,wave,0.075,3,0.041666666666666664,531,0,0
35,6,14,0.2,wave,0.075,3,0.041666666666666664,537,0,0
35,6,15,0.2,wave,0.075,3,0.041666666666666664,532,0,0
35,6,16,0.2,wave,0.075,3,0.041666666666666664,534,0,0
35,6,17,0.2,wave,0.075,3,0.041666666666666664,529,0,0
35,6,18,0.2,wave,0.075,3,0.041666666666666664,529,0,0
35,6,19,0.2,wave,0.075,3,0.041666666666666664,528,0,0
35,6,20,0.2,wave,0.075,3,0.041666666666666664,756,0,0
35,6,21,0.2,wave,0.075,3,0.041666666666666664,745,0,0
35,6,22,0.2,wave,0.075,3,0.041666666666666664,742,0,0
35,6,23,0.2,wave,0.075,3,0.041666666666666664,730,0,0
35,6,24,0.2,wave,0.075,3,0.041666666666666664,729,0,0
35,6,25,0.2,wave,0.075,3,0.041666666666666664,714,0,0
35,6,26,0.2,wave,0.075,3,0.041666666666666664,716,0,0
35,6,27,0.2,wave,0.075,3,0.041666666666666664,699,0,0
35,6,28,0.2,wave,0.075,3,0.041666666666666664,698,0,0
35,6,29,0.2,wave,0.075,3,0.041666666666666664,700,0,0
35,6,30,0.2,wave,0.075,3,0.041666666666666664,703,0,0
35,6,31,0.2,wave,0.075,3,0.041666666666666664,666,0,0
35,6,32,0.2,wave,0.075,3,0.041666666666666664,661,0,0
35,6,33,0.2,wave,0.075,3,0.041666666666666664,661,0,0
35,6,34,0.2,wave,0.075,3,0.041666666666666664,651,0,0
35,6,35,0.2,wave,0.075,3,0.041666666666666664,636,0,0
35,6,36,0.2,wave,0.075,3,0.041666666666666664,637,0,0
35,6,37,0.2,wave,0.075,3,0.041666666666666664,638,0,0
35,6,38,0.2,wave,0.075,3,0.041666666666666664,622,0,0
35,6,39,0.2,wave,0.075,3,0.041666666666666664,616,0,0
35,6,40,0.2,wave,0.075,3,0.041666666666666664,615,0,0
35,6,41,0.2,wave,0.075,3,0.041666666666666664,613,0,0
35,6,42,0.2,wave,0.075,3,0.041666666666666664,597,0,0
35,6,43,0.2,wave,0.075,3,0.041666666666666664,590,0,0
35,6,44,0.2,wave,0.075,3,0.041666666666666664,586,0,0
35,6,45,0.2,wave,0.075,3,0.041666666666666664,587,0,0
35,6,46,0.2,wave,0.075,3,0.041666666666666664,582,0,0
35,6,47,0.2,wave,0.075,3,0.041666666666666664,578,0,0
35,6,48,0.2,wave,0.075,3,0.041666666666666664,577,0,0
35,6,49,0.2,wave,0.075,3,0.041666666666666664,575,0,0
35,6,50,0.2,wave,0.075,3,0.041666666666666664,568,0,0
35,6,51,0.2,wave,0.075,3,0.041666666666666664,565,0,0
35,6,52,0.2,wave,0.075,3,0.041666666666666664,565,0,0
35,7,1,0.2,wave,0.075,3,0.041666666666666664,563,0,0
35,7,2,0.2,wave,0.075,3,0.041666666666666664,564,0,0
35,7,3,0.2,wave,0.075,3,0.041666666666666664,564,0,0
35,7,4,0.2,wave,0.075,3,0.041666666666666664,562,0,0
35,7,5,0.2,wave,0.075,3,0.041666666666666664,564,0,0
35,7,6,0.2,wave,0.075,3,0.041666666666666664,559,0,0
35,7,7,0.2,wave,0.075,3,0.041666666666666664,562,0,0
35,7,8,0.2,wave,0.075,3,0.041666666666666664,558,0,0
35,7,9,0.2,wave,0.075,3,0.041666666666666664,560,0,0
35,7,10,0.2,wave,0.075,3,0.041666666666666664,559,0,0
35,7,11,0.2,wave,0.075,3,0.041666666666666664,559,0,0
35,7,12,0.2,wave,0.075,3,0.041666666666666664,555,0,0
35,7,13,0.2,wave,0.075,3,0.041666666666666664,559,0,0
35,7,14,0.2,wave,0.075,3,0.041666666666666664,553,0,0
35,7,15,0.2,wave,0.075,3,0.041666666666666664,555,0,0
35,7,16,0.2,wave,0.075,3,0.041666666666666664,553,0,0
35,7,17,0.2,wave,0.075,3,0.041666666666666664,553,0,0
35,7,18,0.2,wave,0.075,3,0.041666666666666664,552,0,0
35,7,19,0.2,wave,0.075,3,0.041666666666666664,552,0,0
35,7,20,0.2,wave,0.075,3,0.041666666666666664,778,0,0
35,7,21,0.2,wave,0.075,3,0.041666666666666664,759,0,0
35,7,22,0.2,wave,0.075,3,0.041666666666666664,750,0,0
35,7,23,0.2,wave,0.075,3,0.041666666666666664,715,0,0
35,7,24,0.2,wave,0.075,3,0.041666666666666664,691,0,0
35,7,25,0.2,wave,0.075,3,0.041666666666666664,689,0,0
35,7,26,0.2,wave,0.075,3,0.041666666666666664,691,0,0
35,7,27,0.2,wave,0.075,3,0.041666666666666664,663,0,0
35,7,28,0.2,wave,0.075,3,0.041666666666666664,665,0,0
35,7,29,0.2,wave,0.075,3,0.041666666666666664,652,0,0
35,7,30,0.2,wave,0.075,3,0.041666666666666664,653,0,0
35,7,31,0.2,wave,0.075,3,0.041666666666666664,655,0,0
35,7,32,0.2,wave,0.075,3,0.041666666666666664,661,0,0
35,7,33,0.2,wave,0.075,3,0.041666666666666664,640,0,0
35,7,34,0.2,wave,0.075,3,0.041666666666666664,638,0,0
35,7,35,0.2,wave,0.075,3,0.041666666666666664,629,0,0
35,7,36,0.2,wave,0.075,3,0.041666666666666664,637,0,0
35,7,37,0.2,wave,0.075,3,0.041666666666666664,635,0,0
35,7,38,0.2,wave,0.075,3,0.041666666666666664,619,0,0
35,7,39,0.2,wave,0.075,3,0.041666666666666664,618,0,0
35,7,40,0.2,wave,0.075,3,0.041666666666666664,614,0,0
35,7,41,0.2,wave,0.075,3,0.041666666666666664,609,0,0
35,7,42,0.2,wave,0.075,3,0.041666666666666664,604,0,0
35,7,43,0.2,wave,0.075,3,0.041666666666666664,587,0,0
35,7,44,0.2,wave,0.075,3,0.041666666666666664,568,0,0
35,7,45,0.2,wave,0.075,3,0.041666666666666664,554,0,0
35,7,46,0.2,wave,0.075,3,0.041666666666666664,551,0,0
35,7,47,0.2,wave,0.075,3,0.041666666666666664,549,0,0
35,7,48,0.2,wave,0.075,3,0.041666666666666664,547,0,0
35,7,49,0.2,wave,0.075,3,0.041666666666666664,541,0,0
35,7,50,0.2,wave,0.075,3,0.041666666666666664,539,0,0
35,7,51,0.2,wave,0.075,3,0.041666666666666664,538,0,0
35,7,52,0.2,wave,0.075,3,0.041666666666666664,536,0,0
35,8,1,0.2,wave,0.075,3,0.041666666666666664,537,0,0
35,8,2,0.2,wave,0.075,3,0.041666666666666664,534,0,0
35,8,3,0.2,wave,0.075,3,0.041666666666666664,536,0,0
35,8,4,0.2,wave,0.075,3,0.041666666666666664,534,0,0
35,8,5,0.2,wave,0.075,3,0.041666666666666664,537,0,0
35,8,6,0.2,wave,0.075,3,0.041666666666666664,535,0,0
35,8,7,0.2,wave,0.075,3,0.041666666666666664,534,0,0
35,8,8,0.2,wave,0.075,3,0.041666666666666664,534,0,0
35,8,9,0.2,wave,0.075,3,0.041666666666666664,534,0,0
35,8,10,0.2,wave,0.075,3,0.041666666666666664,536,0,0
35,8,11,0.2,wave,0.075,3,0.041666666666666664,537,0,0
35,8,12,0.2,wave,0.075,3,0.041666666666666664,536,0,0
35,8,13,0.2,wave,0.075,3,0.041666666666666664,537,0,0
35,8,14,0.2,wave,0.075,3,0.041666666666666664,535,0,0
35,8,15,0.2,wave,0.075,3,0.041666666666666664,537,0,0
35,8,16,0.2,wave,0.075,3,0.041666666666666664,533,0,0
35,8,17,0.2,wave,0.075,3,0.041666666666666664,532,0,0
35,8,18,0.2,wave,0.075,3,0.041666666666666664,530,0,0
35,8,19,0.2,wave,0.075,3,0.041666666666666664,532,0,0
35,8,20,0.2,wave,0.075,3,0.041666666666666664,738,0,0
35,8,21,0.2,wave,0.075,3,0.041666666666666664,741,0,0
35,8,22,0.2,wave,0.075,3,0.041666666666666664,735,0,0
35,8,23,0.2,wave,0.075,3,0.041666666666666664,741,0,0
35,8,24,0.2,wave,0.075,3,0.041666666666666664,737,0,0
35,8,25,0.2,wave,0.075,3,0.041666666666666664,739,0,0
35,8,26,0.2,wave,0.075,3,0.041666666666666664,736,0,0
35,8,27,0.2,wave,0.075,3,0.041666666666666664,738,0,0
35,8,28,0.2,wave,0.075,3,0.041666666666666664,696,0,0
35,8,29,0.2,wave,0.075,3,0.041666666666666664,698,0,0
35,8,30,0.2,wave,0.075,3,0.041666666666666664,661,0,0
35,8,31,0.2,wave,0.075,3,0.041666666666666664,666,0,0
35,8,32,0.2,wave,0.075,3,0.041666666666666664,662,0,0
35,8,33,0.2,wave,0.075,3,0.041666666666666664,666,0,0
35,8,34,0.2,wave,0.075,3,0.041666666666666664,661,0,0
35,8,35,0.2,wave,0.075,3,0.041666666666666664,664,0,0
35,8,36,0.2,wave,0.075,3,0.041666666666666664,670,0,0
35,8,37,0.2,wave,0.075,3,0.041666666666666664,667,0,0
35,8,38,0.2,wave,0.075,3,0.041666666666666664,667,0,0
35,8,39,0.2,wave,0.075,3,0.041666666666666664,662,0,0
35,8,40,0.2,wave,0.075,3,0.041666666666666664,665,0,0
35,8,41,0.2,wave,0.075,3,0.041666666666666664,663,0,0
35,8,42,0.2,wave,0.075,3,0.041666666666666664,666,0,0
35,8,43,0.2,wave,0.075,3,0.041666666666666664,664,0,0
35,8,44,0.2,wave,0.075,3,0.041666666666666664,663,0,0
35,8,45,0.2,wave,0.075,3,0.041666666666666664,663,0,0
35,8,46,0.2,wave,0.075,3,0.041666666666666664,661,0,0
35,8,47,0.2,wave,0.075,3,0.041666666666666664,662,0,0
35,8,48,0.2,wave,0.075,3,0.041666666666666664,661,0,0
35,8,49,0.2,wave,0.075,3,0.041666666666666664,661,0,0
35,8,50,0.2,wave,0.075,3,0.041666666666666664,656,0,0
35,8,51,0.2,wave,0.075,3,0.041666666666666664,645,0,0
35,8,52,0.2,wave,0.075,3,0.041666666666666664,641,0,0
35,9,1,0.2,wave,0.075,3,0.041666666666666664,642,0,0
35,9,2,0.2,wave,0.075,3,0.041666666666666664,640,0,0
35,9,3,0.2,wave,0.075,3,0.041666666666666664,643,0,0
35,9,4,0.2,wave,0.075,3,0.041666666666666664,640,0,0
35,9,5,0.2,wave,0.075,3,0.041666666666666664,642,0,0
35,9,6,0.2,wave,0.075,3,0.041666666666666664,640,0,0
35,9,7,0.2,wave,0.075,3,0.041666666666666664,642,0,0
35,9,8,0.2,wave,0.075,3,0.041666666666666664,638,0,0
35,9,9,0.2,wave,0.075,3,0.041666666666666664,640,0,0
35,9,10,0.2,wave,0.075,3,0.041666666666666664,640,0,0
35,9,11,0.2,wave,0.075,3,0.041666666666666664,640,0,0
35,9,12,0.2,wave,0.075,3,0.041666666666666664,639,0,0
35,9,13,0.2,wave,0.075,3,0.041666666666666664,640,0,0
35,9,14,0.2,wave,0.075,3,0.041666666666666664,638,0,0
35,9,15,0.2,wave,0.075,3,0.041666666666666664,639,0,0
35,9,16,0.2,wave,0.075,3,0.041666666666666664,638,0,0
35,9,17,0.2,wave,0.075,3,0.041666666666666664,626,0,0
35,9,18,0.2,wave,0.075,3,0.041666666666666664,619,0,0
35,9,19,0.2,wave,0.075,3,0.041666666666666664,624,0,0
35,9,20,0.2,wave,0.075,3,0.041666666666666664,899,0,0
35,9,21,0.2,wave,0.075,3,0.041666666666666664,904,0,0
35,9,22,0.2,wave,0.075,3,0.041666666666666664,888,0,0
35,9,23,0.2,wave,0.075,3,0.041666666666666664,878,0,0
35,9,24,0.2,wave,0.075,3,0.041666666666666664,875,0,0
35,9,25,0.2,wave,0.075,3,0.041666666666666664,862,0,0
35,9,26,0.2,wave,0.075,3,0.041666666666666664,856,0,0
35,9,27,0.2,wave,0.075,3,0.041666666666666664,821,0,0
35,9,28,0.2,wave,0.075,3,0.041666666666666664,788,0,0
35,9,29,0.2,wave,0.075,3,0.041666666666666664,777,0,0
35,9,30,0.2,wave,0.075,3,0.041666666666666664,784,0,0
35,9,31,0.2,wave,0.075,3,0.041666666666666664,762,0,0
35,9,32,0.2,wave,0.075,3,0.041666666666666664,769,0,0
35,9,33,0.2,wave,0.075,3,0.041666666666666664,751,0,0
35,9,34,0.2,wave,0.075,3,0.041666666666666664,756,0,0
35,9,35,0.2,wave,0.075,3,0.041666666666666664,753,0,0
35,9,36,0.2,wave,0.075,3,0.041666666666666664,755,0,0
35,9,37,0.2,wave,0.075,3,0.041666666666666664,743,0,0
35,9,38,0.2,wave,0.075,3,0.041666666666666664,745,0,0
35,9,39,0.2,wave,0.075,3,0.041666666666666664,750,0,0
35,9,40,0.2,wave,0.075,3,0.041666666666666664,730,0,0
35,9,41,0.2,wave,0.075,3,0.041666666666666664,737,0,0
35,9,42,0.2,wave,0.075,3,0.041666666666666664,716,0,0
35,9,43,0.2,wave,0.075,3,0.041666666666666664,721,0,0
35,9,44,0.2,wave,0.075,3,0.041666666666666664,714,0,0
35,9,45,0.2,wave,0.075,3,0.041666666666666664,720,0,0
35,9,46,0.2,wave,0.075,3,0.041666666666666664,715,0,0
35,9,47,0.2,wave,0.075,3,0.041666666666666664,719,0,0
35,9,48,0.2,wave,0.075,3,0.041666666666666664,712,0,0
35,9,49,0.2,wave,0.075,3,0.041666666666666664,719,0,0
35,9,50,0.2,wave,0.075,3,0.041666666666666664,698,0,0
35,9,51,0.2,wave,0.075,3,0.041666666666666664,700,0,0
35,9,52,0.2,wave,0.075,3,0.041666666666666664,696,0,0
35,10,1,0.2,wave,0.075,3,0.041666666666666664,700,0,0
35,10,2,0.2,wave,0.075,3,0.041666666666666664,695,0,0
35,10,3,0.2,wave,0.075,3,0.041666666666666664,701,0,0
35,10,4,0.2,wave,0.075,3,0.041666666666666664,696,0,0
35,10,5,0.2,wave,0.075,3,0.041666666666666664,686,0,0
35,10,6,0.2,wave,0.075,3,0.041666666666666664,683,0,0
35,10,7,0.2,wave,0.075,3,0.041666666666666664,684,0,0
35,10,8,0.2,wave,0.075,3,0.041666666666666664,682,0,0
35,10,9,0.2,wave,0.075,3,0.041666666666666664,683,0,0
35,10,10,0.2,wave,0.075,3,0.041666666666666664,681,0,0
35,10,11,0.2,wave,0.075,3,0.041666666666666664,682,0,0
35,10,12,0.2,wave,0.075,3,0.041666666666666664,677,0,0
35,10,13,0.2,wave,0.075,3,0.041666666666666664,680,0,0
35,10,14,0.2,wave,0.075,3,0.041666666666666664,678,0,0
35,10,15,0.2,wave,0.075,3,0.041666666666666664,682,0,0
35,10,16,0.2,wave,0.075,3,0.041666666666666664,675,0,0
35,10,17,0.2,wave,0.075,3,0.041666666666666664,681,0,0
35,10,18,0.2,wave,0.075,3,0.041666666666666664,677,0,0
35,10,19,0.2,wave,0.075,3,0.041666666666666664,682,0,0
35,10,20,0.2,wave,0.075,3,0.041666666666666664,920,0,0
35,10,21,0.2,wave,0.075,3,0.041666666666666664,887,0,0
35,10,22,0.2,wave,0.075,3,0.041666666666666664,878,0,0
35,10,23,0.2,wave,0.075,3,0.041666666666666664,868,0,0
35,10,24,0.2,wave,0.075,3,0.041666666666666664,851,0,0
35,10,25,0.2,wave,0.075,3,0.041666666666666664,822,0,0
35,10,26,0.2,wave,0.075,3,0.041666666666666664,816,0,0
35,10,27,0.2,wave,0.075,3,0.041666666666666664,822,0,0
35,10,28,0.2,wave,0.075,3,0.041666666666666664,802,0,0
35,10,29,0.2,wave,0.075,3,0.041666666666666664,791,0,0
35,10,30,0.2,wave,0.075,3,0.041666666666666664,783,0,0
35,10,31,0.2,wave,0.075,3,0.041666666666666664,791,0,0
35,10,32,0.2,wave,0.075,3,0.041666666666666664,772,0,0
35,10,33,0.2,wave,0.075,3,0.041666666666666664,765,0,0
35,10,34,0.2,wave,0.075,3,0.041666666666666664,756,0,0
35,10,35,0.2,wave,0.075,3,0.041666666666666664,748,0,0
35,10,36,0.2,wave,0.075,3,0.041666666666666664,746,0,0
35,10,37,0.2,wave,0.075,3,0.041666666666666664,751,0,0
35,10,38,0.2,wave,0.075,3,0.041666666666666664,750,0,0
35,10,39,0.2,wave,0.075,3,0.041666666666666664,752,0,0
35,10,40,0.2,wave,0.075,3,0.041666666666666664,737,0,0
35,10,41,0.2,wave,0.075,3,0.041666666666666664,741,0,0
35,10,42,0.2,wave,0.075,3,0.041666666666666664,734,0,0
35,10,43,0.2,wave,0.075,3,0.041666666666666664,729,0,0
35,10,44,0.2,wave,0.075,3,0.041666666666666664,714,0,0
35,10,45,0.2,wave,0.075,3,0.041666666666666664,720,0,0
35,10,46,0.2,wave,0.075,3,0.041666666666666664,713,0,0
35,10,47,0.2,wave,0.075,3,0.041666666666666664,722,0,0
35,10,48,0.2,wave,0.075,3,0.041666666666666664,716,0,0
35,10,49,0.2,wave,0.075,3,0.041666666666666664,722,0,0
35,10,50,0.2,wave,0.075,3,0.041666666666666664,715,0,0
35,10,51,0.2,wave,0.075,3,0.041666666666666664,714,0,0
35,10,52,0.2,wave,0.075,3,0.041666666666666664,715,0,0
36,1,1,0.2,wave,0.075,3,0.020555555555555556,6597,56,11
36,1,2,0.2,wave,0.075,3,0.020555555555555556,6540,65,24
36,1,3,0.2,wave,0.075,3,0.020555555555555556,6370,90,37
36,1,4,0.2,wave,0.075,3,0.020555555555555556,6180,113,41
36,1,5,0.2,wave,0.075,3,0.020555555555555556,6049,146,44
36,1,6,0.2,wave,0.075,3,0.020555555555555556,5901,179,52
36,1,7,0.2,wave,0.075,3,0.020555555555555556,5700,217,75
36,1,8,0.2,wave,0.075,3,0.020555555555555556,5483,280,100
36,1,9,0.2,wave,0.075,3,0.020555555555555556,5220,342,127
36,1,10,0.2,wave,0.075,3,0.020555555555555556,5022,383,137
36,1,11,0.2,wave,0.075,3,0.020555555555555556,4881,406,164
36,1,12,0.2,wave,0.075,3,0.020555555555555556,4747,433,192
36,1,13,0.2,wave,0.075,3,0.020555555555555556,4563,467,211
36,1,14,0.2,wave,0.075,3,0.020555555555555556,4291,490,233
36,1,15,0.2,wave,0.075,3,0.020555555555555556,4074,493,227
36,1,16,0.2,wave,0.075,3,0.020555555555555556,3971,534,240
36,1,17,0.2,wave,0.075,3,0.020555555555555556,3809,508,241
36,1,18,0.2,wave,0.075,3,0.020555555555555556,3720,502,266
36,1,19,0.2,wave,0.075,3,0.020555555555555556,3547,471,248
36,1,20,0.2,wave,0.075,3,0.020555555555555556,5080,446,236
36,1,21,0.2,wave,0.075,3,0.020555555555555556,4802,495,212
36,1,22,0.2,wave,0.075,3,0.020555555555555556,4629,520,242
36,1,23,0.2,wave,0.075,3,0.020555555555555556,4366,535,256
36,1,24,0.2,wave,0.075,3,0.020555555555555556,4190,571,262
36,1,25,0.2,wave,0.075,3,0.020555555555555556,4110,553,250
36,1,26,0.2,wave,0.075,3,0.020555555555555556,4052,570,268
36,1,27,0.2,wave,0.075,3,0.020555555555555556,3839,573,261
36,1,28,0.2,wave,0.075,3,0.020555555555555556,3694,584,274
36,1,29,0.2,wave,0.075,3,0.020555555555555556,3544,590,277
36,1,30,0.2,wave,0.075,3,0.020555555555555556,3442,604,279
36,1,31,0.2,wave,0.075,3,0.020555555555555556,3272,581,289
36,1,32,0.2,wave,0.075,3,0.020555555555555556,3081,533,264
36,1,33,0.2,wave,0.075,3,0.020555555555555556,2951,511,264
36,1,34,0.2,wave,0.075,3,0.020555555555555556,2827,466,231
36,1,35,0.2,wave,0.075,3,0.020555555555555556,2690,441,226
36,1,36,0.2,wave,0.075,3,0.020555555555555556,2554,408,204
36,1,37,0.2,wave,0.075,3,0.020555555555555556,2478,404,209
36,1,38,0.2,wave,0.075,3,0.020555555555555556,2377,359,185
36,1,39,0.2,wave,0.075,3,0.020555555555555556,2280,326,172
36,1,40,0.2,wave,0.075,3,0.020555555555555556,2227,308,157
36,1,41,0.2,wave,0.075,3,0.020555555555555556,2122,283,138
36,1,42,0.2,wave,0.075,3,0.020555555555555556,2052,259,140
36,1,43,0.2,wave,0.075,3,0.020555555555555556,1950,245,133
36,1,44,0.2,wave,0.075,3,0.020555555555555556,1890,232,132
36,1,45,0.2,wave,0.075,3,0.020555555555555556,1813,209,122
36,1,46,0.2,wave,0.075,3,0.020555555555555556,1756,184,110
36,1,47,0.2,wave,0.075,3,0.020555555555555556,1696,158,87
36,1,48,0.2,wave,0.075,3,0.020555555555555556,1653,131,78
36,1,49,0.2,wave,0.075,3,0.020555555555555556,1601,109,66
36,1,50,0.2,wave,0.075,3,0.020555555555555556,1590,100,66
36,1,51,0.2,wave,0.075,3,0.020555555555555556,1547,83,46
36,1,52,0.2,wave,0.075,3,0.020555555555555556,1519,74,38
36,2,1,0.2,wave,0.075,3,0.020555555555555556,1491,61,31
36,2,2,0.2,wave,0.075,3,0.020555555555555556,1463,55,33
36,2,3,0.2,wave,0.075,3,0.020555555555555556,1437,49,30
36,2,4,0.2,wave,0.075,3,0.020555555555555556,1422,44,24
36,2,5,0.2,wave,0.075,3,0.020555555555555556,1399,37,20
36,2,6,0.2,wave,0.075,3,0.020555555555555556,1385,34,19
36,2,7,0.2,wave,0.075,3,0.020555555555555556,1364,27,18
36,2,8,0.2,wave,0.075,3,0.020555555555555556,1357,23,17
36,2,9,0.2,wave,0.075,3,0.020555555555555556,1340,18,13
36,2,10,0.2,wave,0.075,3,0.020555555555555556,1334,15,9
36,2,11,0.2,wave,0.075,3,0.020555555555555556,1320,11,7
36,2,12,0.2,wave,0.075,3,0.020555555555555556,1311,11,6
36,2,13,0.2,wave,0.075,3,0.020555555555555556,1297,10,6
36,2,14,0.2,wave,0.075,3,0.020555555555555556,1285,7,5
36,2,15,0.2,wave,0.075,3,0.020555555555555556,1275,6,4
36,2,16,0.2,wave,0.075,3,0.020555555555555556,1265,5,3
36,2,17,0.2,wave,0.075,3,0.020555555555555556,1254,3,1
36,2,18,0.2,wave,0.075,3,0.020555555555555556,1257,5,1
36,2,19,0.2,wave,0.075,3,0.020555555555555556,1250,4,1
36,2,20,0.2,wave,0.075,3,0.020555555555555556,1817,4,1
36,2,21,0.2,wave,0.075,3,0.020555555555555556,1799,5,3
36,2,22,0.2,wave,0.075,3,0.020555555555555556,1804,6,3
36,2,23,0.2,wave,0.075,3,0.020555555555555556,1754,7,3
36,2,24,0.2,wave,0.075,3,0.020555555555555556,1738,6,3
36,2,25,0.2,wave,0.075,3,0.020555555555555556,1710,4,2
36,2,26,0.2,wave,0.075,3,0.020555555555555556,1717,3,2
36,2,27,0.2,wave,0.075,3,0.020555555555555556,1713,2,1
36,2,28,0.2,wave,0.075,3,0.020555555555555556,1691,4,1
36,2,29,0.2,wave,0.075,3,0.020555555555555556,1672,8,1
36,2,30,0.2,wave,0.075,3,0.020555555555555556,1650,6,2
36,2,31,0.2,wave,0.075,3,0.020555555555555556,1622,8,5
36,2,32,0.2,wave,0.075,3,0.020555555555555556,1575,7,3
36,2,33,0.2,wave,0.075,3,0.020555555555555556,1554,10,6
36,2,34,0.2,wave,0.075,3,0.020555555555555556,1555,9,4
36,2,35,0.2,wave,0.075,3,0.020555555555555556,1546,11,5
36,2,36,0.2,wave,0.075,3,0.020555555555555556,1512,6,2
36,2,37,0.2,wave,0.075,3,0.020555555555555556,1496,4,2
36,2,38,0.2,wave,0.075,3,0.020555555555555556,1466,3,1
36,2,39,0.2,wave,0.075,3,0.020555555555555556,1436,7,4
36,2,40,0.2,wave,0.075,3,0.020555555555555556,1433,11,4
36,2,41,0.2,wave,0.075,3,0.020555555555555556,1408,7,3
36,2,42,0.2,wave,0.075,3,0.020555555555555556,1395,5,3
36,2,43,0.2,wave,0.075,3,0.020555555555555556,1367,4,3
36,2,44,0.2,wave,0.075,3,0.020555555555555556,1349,2,2
36,2,45,0.2,wave,0.075,3,0.020555555555555556,1343,3,2
36,2,46,0.2,wave,0.075,3,0.020555555555555556,1325,2,1
36,2,47,0.2,wave,0.075,3,0.020555555555555556,1314,4,1
36,2,48,0.2,wave,0.075,3,0.020555555555555556,1298,3,1
36,2,49,0.2,wave,0.075,3,0.020555555555555556,1277,4,2
36,2,50,0.2,wave,0.075,3,0.020555555555555556,1267,4,3
36,2,51,0.2,wave,0.075,3,0.020555555555555556,1255,3,2
36,2,52,0.2,wave,0.075,3,0.020555555555555556,1252,3,2
36,3,1,0.2,wave,0.075,3,0.020555555555555556,1245,2,0
36,3,2,0.2,wave,0.075,3,0.020555555555555556,1218,2,0
36,3,3,0.2,wave,0.075,3,0.020555555555555556,1207,2,1
36,3,4,0.2,wave,0.075,3,0.020555555555555556,1200,2,1
36,3,5,0.2,wave,0.075,3,0.020555555555555556,1188,2,2
36,3,6,0.2,wave,0.075,3,0.020555555555555556,1178,1,1
36,3,7,0.2,wave,0.075,3,0.020555555555555556,1179,1,1
36,3,8,0.2,wave,0.075,3,0.020555555555555556,1166,1,0
36,3,9,0.2,wave,0.075,3,0.020555555555555556,1163,0,0
36,3,10,0.2,wave,0.075,3,0.020555555555555556,1159,0,0
36,3,11,0.2,wave,0.075,3,0.020555555555555556,1155,0,0
36,3,12,0.2,wave,0.075,3,0.020555555555555556,1154,0,0
36,3,13,0.2,wave,0.075,3,0.020555555555555556,1146,0,0
36,3,14,0.2,wave,0.075,3,0.020555555555555556,1146,0,0
36,3,15,0.2,wave,0.075,3,0.020555555555555556,1147,0,0
36,3,16,0.2,wave,0.075,3,0.020555555555555556,1142,0,0
36,3,17,0.2,wave,0.075,3,0.020555555555555556,1144,0,0
36,3,18,0.2,wave,0.075,3,0.020555555555555556,1123,0,0
36,3,19,0.2,wave,0.075,3,0.020555555555555556,1123,0,0
36,3,20,0.2,wave,0.075,3,0.020555555555555556,1684,0,0
36,3,21,0.2,wave,0.075,3,0.020555555555555556,1666,0,0
36,3,22,0.2,wave,0.075,3,0.020555555555555556,1629,0,0
36,3,23,0.2,wave,0.075,3,0.020555555555555556,1611,0,0
36,3,24,0.2,wave,0.075,3,0.020555555555555556,1592,0,0
36,3,25,0.2,wave,0.075,3,0.020555555555555556,1579,0,0
36,3,26,0.2,wave,0.075,3,0.020555555555555556,1556,0,0
36,3,27,0.2,wave,0.075,3,0.020555555555555556,1546,0,0
36,3,28,0.2,wave,0.075,3,0.020555555555555556,1529,0,0
36,3,29,0.2,wave,0.075,3,0.020555555555555556,1503,0,0
36,3,30,0.2,wave,0.075,3,0.020555555555555556,1480,0,0
36,3,31,0.2,wave,0.075,3,0.020555555555555556,1472,0,0
36,3,32,0.2,wave,0.075,3,0.020555555555555556,1468,0,0
36,3,33,0.2,wave,0.075,3,0.020555555555555556,1429,0,0
36,3,34,0.2,wave,0.075,3,0.020555555555555556,1433,0,0
36,3,35,0.2,wave,0.075,3,0.020555555555555556,1402,0,0
36,3,36,0.2,wave,0.075,3,0.020555555555555556,1400,0,0
36,3,37,0.2,wave,0.075,3,0.020555555555555556,1370,0,0
36,3,38,0.2,wave,0.075,3,0.020555555555555556,1350,0,0
36,3,39,0.2,wave,0.075,3,0.020555555555555556,1336,0,0
36,3,40,0.2,wave,0.075,3,0.020555555555555556,1319,0,0
36,3,41,0.2,wave,0.075,3,0.020555555555555556,1300,0,0
36,3,42,0.2,wave,0.075,3,0.020555555555555556,1283,0,0
36,3,43,0.2,wave,0.075,3,0.020555555555555556,1275,0,0
36,3,44,0.2,wave,0.075,3,0.020555555555555556,1245,0,0
36,3,45,0.2,wave,0.075,3,0.020555555555555556,1236,0,0
36,3,46,0.2,wave,0.075,3,0.020555555555555556,1206,0,0
36,3,47,0.2,wave,0.075,3,0.020555555555555556,1203,0,0
36,3,48,0.2,wave,0.075,3,0.020555555555555556,1191,0,0
36,3,49,0.2,wave,0.075,3,0.020555555555555556,1192,0,0
36,3,50,0.2,wave,0.075,3,0.020555555555555556,1172,0,0
36,3,51,0.2,wave,0.075,3,0.020555555555555556,1165,0,0
36,3,52,0.2,wave,0.075,3,0.020555555555555556,1152,0,0
36,4,1,0.2,wave,0.075,3,0.020555555555555556,1148,0,0
36,4,2,0.2,wave,0.075,3,0.020555555555555556,1130,0,0
36,4,3,0.2,wave,0.075,3,0.020555555555555556,1125,0,0
36,4,4,0.2,wave,0.075,3,0.020555555555555556,1111,0,0
36,4,5,0.2,wave,0.075,3,0.020555555555555556,1104,0,0
36,4,6,0.2,wave,0.075,3,0.020555555555555556,1083,0,0
36,4,7,0.2,wave,0.075,3,0.020555555555555556,1081,0,0
36,4,8,0.2,wave,0.075,3,0.020555555555555556,1059,0,0
36,4,9,0.2,wave,0.075,3,0.020555555555555556,1051,0,0
36,4,10,0.2,wave,0.075,3,0.020555555555555556,1044,0,0
36,4,11,0.2,wave,0.075,3,0.020555555555555556,1046,0,0
36,4,12,0.2,wave,0.075,3,0.020555555555555556,1042,0,0
36,4,13,0.2,wave,0.075,3,0.020555555555555556,1028,0,0
36,4,14,0.2,wave,0.075,3,0.020555555555555556,1018,0,0
36,4,15,0.2,wave,0.075,3,0.020555555555555556,1019,0,0
36,4,16,0.2,wave,0.075,3,0.020555555555555556,1015,0,0
36,4,17,0.2,wave,0.075,3,0.020555555555555556,1006,0,0
36,4,18,0.2,wave,0.075,3,0.020555555555555556,995,0,0
36,4,19,0.2,wave,0.075,3,0.020555555555555556,999,0,0
36,4,20,0.2,wave,0.075,3,0.020555555555555556,1482,0,0
36,4,21,0.2,wave,0.075,3,0.020555555555555556,1432,0,0
36,4,22,0.2,wave,0.075,3,0.020555555555555556,1416,0,0
36,4,23,0.2,wave,0.075,3,0.020555555555555556,1419,0,0
36,4,24,0.2,wave,0.075,3,0.020555555555555556,1390,0,0
36,4,25,0.2,wave,0.075,3,0.020555555555555556,1389,0,0
36,4,26,0.2,wave,0.075,3,0.020555555555555556,1373,0,0
36,4,27,0.2,wave,0.075,3,0.020555555555555556,1362,0,0
36,4,28,0.2,wave,0.075,3,0.020555555555555556,1335,0,0
36,4,29,0.2,wave,0.075,3,0.020555555555555556,1336,0,0
36,4,30,0.2,wave,0.075,3,0.020555555555555556,1290,0,0
36,4,31,0.2,wave,0.075,3,0.020555555555555556,1269,0,0
36,4,32,0.2,wave,0.075,3,0.020555555555555556,1242,0,0
36,4,33,0.2,wave,0.075,3,0.020555555555555556,1196,0,0
36,4,34,0.2,wave,0.075,3,0.020555555555555556,1189,0,0
36,4,35,0.2,wave,0.075,3,0.020555555555555556,1147,0,0
36,4,36,0.2,wave,0.075,3,0.020555555555555556,1133,0,0
36,4,37,0.2,wave,0.075,3,0.020555555555555556,1123,0,0
36,4,38,0.2,wave,0.075,3,0.020555555555555556,1114,0,0
36,4,39,0.2,wave,0.075,3,0.020555555555555556,1103,0,0
36,4,40,0.2,wave,0.075,3,0.020555555555555556,1080,0,0
36,4,41,0.2,wave,0.075,3,0.020555555555555556,1092,0,0
36,4,42,0.2,wave,0.075,3,0.020555555555555556,1064,0,0
36,4,43,0.2,wave,0.075,3,0.020555555555555556,1060,0,0
36,4,44,0.2,wave,0.075,3,0.020555555555555556,1033,0,0
36,4,45,0.2,wave,0.075,3,0.020555555555555556,1025,0,0
36,4,46,0.2,wave,0.075,3,0.020555555555555556,1008,0,0
36,4,47,0.2,wave,0.075,3,0.020555555555555556,1004,0,0
36,4,48,0.2,wave,0.075,3,0.020555555555555556,985,0,0
36,4,49,0.2,wave,0.075,3,0.020555555555555556,986,0,0
36,4,50,0.2,wave,0.075,3,0.020555555555555556,944,0,0
36,4,51,0.2,wave,0.075,3,0.020555555555555556,946,0,0
36,4,52,0.2,wave,0.075,3,0.020555555555555556,928,0,0
36,5,1,0.2,wave,0.075,3,0.020555555555555556,901,0,0
36,5,2,0.2,wave,0.075,3,0.020555555555555556,893,0,0
36,5,3,0.2,wave,0.075,3,0.020555555555555556,895,0,0
36,5,4,0.2,wave,0.075,3,0.020555555555555556,883,0,0
36,5,5,0.2,wave,0.075,3,0.020555555555555556,885,0,0
36,5,6,0.2,wave,0.075,3,0.020555555555555556,864,0,0
36,5,7,0.2,wave,0.075,3,0.020555555555555556,869,0,0
36,5,8,0.2,wave,0.075,3,0.020555555555555556,857,0,0
36,5,9,0.2,wave,0.075,3,0.020555555555555556,863,0,0
36,5,10,0.2,wave,0.075,3,0.020555555555555556,854,0,0
36,5,11,0.2,wave,0.075,3,0.020555555555555556,859,0,0
36,5,12,0.2,wave,0.075,3,0.020555555555555556,847,0,0
36,5,13,0.2,wave,0.075,3,0.020555555555555556,855,0,0
36,5,14,0.2,wave,0.075,3,0.020555555555555556,847,0,0
36,5,15,0.2,wave,0.075,3,0.020555555555555556,855,0,0
36,5,16,0.2,wave,0.075,3,0.020555555555555556,845,0,0
36,5,17,0.2,wave,0.075,3,0.020555555555555556,848,0,0
36,5,18,0.2,wave,0.075,3,0.020555555555555556,826,0,0
36,5,19,0.2,wave,0.075,3,0.020555555555555556,830,0,0
36,5,20,0.2,wave,0.075,3,0.020555555555555556,1214,0,0
36,5,21,0.2,wave,0.075,3,0.020555555555555556,1159,0,0
36,5,22,0.2,wave,0.075,3,0.020555555555555556,1146,0,0
36,5,23,0.2,wave,0.075,3,0.020555555555555556,1131,0,0
36,5,24,0.2,wave,0.075,3,0.020555555555555556,1071,0,0
36,5,25,0.2,wave,0.075,3,0.020555555555555556,1063,0,0
36,5,26,0.2,wave,0.075,3,0.020555555555555556,1062,0,0
36,5,27,0.2,wave,0.075,3,0.020555555555555556,1042,0,0
36,5,28,0.2,wave,0.075,3,0.020555555555555556,1032,0,0
36,5,29,0.2,wave,0.075,3,0.020555555555555556,1020,0,0
36,5,30,0.2,wave,0.075,3,0.020555555555555556,1003,0,0
36,5,31,0.2,wave,0.075,3,0.020555555555555556,966,0,0
36,5,32,0.2,wave,0.075,3,0.020555555555555556,958,0,0
36,5,33,0.2,wave,0.075,3,0.020555555555555556,945,0,0
36,5,34,0.2,wave,0.075,3,0.020555555555555556,934,0,0
36,5,35,0.2,wave,0.075,3,0.020555555555555556,921,0,0
36,5,36,0.2,wave,0.075,3,0.020555555555555556,929,0,0
36,5,37,0.2,wave,0.075,3,0.020555555555555556,926,0,0
36,5,38,0.2,wave,0.075,3,0.020555555555555556,900,0,0
36,5,39,0.2,wave,0.075,3,0.020555555555555556,892,0,0
36,5,40,0.2,wave,0.075,3,0.020555555555555556,891,0,0
36,5,41,0.2,wave,0.075,3,0.020555555555555556,879,0,0
36,5,42,0.2,wave,0.075,3,0.020555555555555556,880,0,0
36,5,43,0.2,wave,0.075,3,0.020555555555555556,871,0,0
36,5,44,0.2,wave,0.075,3,0.020555555555555556,873,0,0
36,5,45,0.2,wave,0.075,3,0.020555555555555556,864,0,0
36,5,46,0.2,wave,0.075,3,0.020555555555555556,868,0,0
36,5,47,0.2,wave,0.075,3,0.020555555555555556,859,0,0
36,5,48,0.2,wave,0.075,3,0.020555555555555556,864,0,0
36,5,49,0.2,wave,0.075,3,0.020555555555555556,844,0,0
36,5,50,0.2,wave,0.075,3,0.020555555555555556,847,0,0
36,5,51,0.2,wave,0.075,3,0.020555555555555556,843,0,0
36,5,52,0.2,wave,0.075,3,0.020555555555555556,829,0,0
36,6,1,0.2,wave,0.075,3,0.020555555555555556,824,0,0
36,6,2,0.2,wave,0.075,3,0.020555555555555556,822,0,0
36,6,3,0.2,wave,0.075,3,0.020555555555555556,818,0,0
36,6,4,0.2,wave,0.075,3,0.020555555555555556,816,0,0
36,6,5,0.2,wave,0.075,3,0.020555555555555556,813,0,0
36,6,6,0.2,wave,0.075,3,0.020555555555555556,810,0,0
36,6,7,0.2,wave,0.075,3,0.020555555555555556,808,0,0
36,6,8,0.2,wave,0.075,3,0.020555555555555556,795,0,0
36,6,9,0.2,wave,0.075,3,0.020555555555555556,793,0,0
36,6,10,0.2,wave,0.075,3,0.020555555555555556,791,0,0
36,6,11,0.2,wave,0.075,3,0.020555555555555556,789,0,0
36,6,12,0.2,wave,0.075,3,0.020555555555555556,789,0,0
36,6,13,0.2,wave,0.075,3,0.020555555555555556,785,0,0
36,6,14,0.2,wave,0.075,3,0.020555555555555556,786,0,0
36,6,15,0.2,wave,0.075,3,0.020555555555555556,782,0,0
36,6,16,0.2,wave,0.075,3,0.020555555555555556,785,0,0
36,6,17,0.2,wave,0.075,3,0.020555555555555556,777,0,0
36,6,18,0.2,wave,0.075,3,0.020555555555555556,778,0,0
36,6,19,0.2,wave,0.075,3,0.020555555555555556,776,0,0
36,6,20,0.2,wave,0.075,3,0.020555555555555556,1133,0,0
36,6,21,0.2,wave,0.075,3,0.020555555555555556,1101,0,0
36,6,22,0.2,wave,0.075,3,0.020555555555555556,1106,0,0
36,6,23,0.2,wave,0.075,3,0.020555555555555556,1101,0,0
36,6,24,0.2,wave,0.075,3,0.020555555555555556,1081,0,0
36,6,25,0.2,wave,0.075,3,0.020555555555555556,1077,0,0
36,6,26,0.2,wave,0.075,3,0.020555555555555556,1083,0,0
36,6,27,0.2,wave,0.075,3,0.020555555555555556,1064,0,0
36,6,28,0.2,wave,0.075,3,0.020555555555555556,1029,0,0
36,6,29,0.2,wave,0.075,3,0.020555555555555556,1023,0,0
36,6,30,0.2,wave,0.075,3,0.020555555555555556,1002,0,0
36,6,31,0.2,wave,0.075,3,0.020555555555555556,1015,0,0
36,6,32,0.2,wave,0.075,3,0.020555555555555556,1012,0,0
36,6,33,0.2,wave,0.075,3,0.020555555555555556,1012,0,0
36,6,34,0.2,wave,0.075,3,0.020555555555555556,991,0,0
36,6,35,0.2,wave,0.075,3,0.020555555555555556,970,0,0
36,6,36,0.2,wave,0.075,3,0.020555555555555556,941,0,0
36,6,37,0.2,wave,0.075,3,0.020555555555555556,936,0,0
36,6,38,0.2,wave,0.075,3,0.020555555555555556,925,0,0
36,6,39,0.2,wave,0.075,3,0.020555555555555556,910,0,0
36,6,40,0.2,wave,0.075,3,0.020555555555555556,911,0,0
36,6,41,0.2,wave,0.075,3,0.020555555555555556,888,0,0
36,6,42,0.2,wave,0.075,3,0.020555555555555556,887,0,0
36,6,43,0.2,wave,0.075,3,0.020555555555555556,886,0,0
36,6,44,0.2,wave,0.075,3,0.020555555555555556,873,0,0
36,6,45,0.2,wave,0.075,3,0.020555555555555556,873,0,0
36,6,46,0.2,wave,0.075,3,0.020555555555555556,859,0,0
36,6,47,0.2,wave,0.075,3,0.020555555555555556,859,0,0
36,6,48,0.2,wave,0.075,3,0.020555555555555556,853,0,0
36,6,49,0.2,wave,0.075,3,0.020555555555555556,850,0,0
36,6,50,0.2,wave,0.075,3,0.020555555555555556,839,0,0
36,6,51,0.2,wave,0.075,3,0.020555555555555556,841,0,0
36,6,52,0.2,wave,0.075,3,0.020555555555555556,830,0,0
36,7,1,0.2,wave,0.075,3,0.020555555555555556,834,0,0
36,7,2,0.2,wave,0.075,3,0.020555555555555556,828,0,0
36,7,3,0.2,wave,0.075,3,0.020555555555555556,833,0,0
36,7,4,0.2,wave,0.075,3,0.020555555555555556,821,0,0
36,7,5,0.2,wave,0.075,3,0.020555555555555556,823,0,0
36,7,6,0.2,wave,0.075,3,0.020555555555555556,812,0,0
36,7,7,0.2,wave,0.075,3,0.020555555555555556,812,0,0
36,7,8,0.2,wave,0.075,3,0.020555555555555556,785,0,0
36,7,9,0.2,wave,0.075,3,0.020555555555555556,785,0,0
36,7,10,0.2,wave,0.075,3,0.020555555555555556,783,0,0
36,7,11,0.2,wave,0.075,3,0.020555555555555556,782,0,0
36,7,12,0.2,wave,0.075,3,0.020555555555555556,780,0,0
36,7,13,0.2,wave,0.075,3,0.020555555555555556,781,0,0
36,7,14,0.2,wave,0.075,3,0.020555555555555556,777,0,0
36,7,15,0.2,wave,0.075,3,0.020555555555555556,779,0,0
36,7,16,0.2,wave,0.075,3,0.020555555555555556,775,0,0
36,7,17,0.2,wave,0.075,3,0.020555555555555556,777,0,0
36,7,18,0.2,wave,0.075,3,0.020555555555555556,775,0,0
36,7,19,0.2,wave,0.075,3,0.020555555555555556,776,0,0
36,7,20,0.2,wave,0.075,3,0.020555555555555556,1123,0,0
36,7,21,0.2,wave,0.075,3,0.020555555555555556,1116,0,0
36,7,22,0.2,wave,0.075,3,0.020555555555555556,1083,0,0
36,7,23,0.2,wave,0.075,3,0.020555555555555556,1091,0,0
36,7,24,0.2,wave,0.075,3,0.020555555555555556,1080,0,0
36,7,25,0.2,wave,0.075,3,0.020555555555555556,1074,0,0
36,7,26,0.2,wave,0.075,3,0.020555555555555556,1054,0,0
36,7,27,0.2,wave,0.075,3,0.020555555555555556,1034,0,0
36,7,28,0.2,wave,0.075,3,0.020555555555555556,1018,0,0
36,7,29,0.2,wave,0.075,3,0.020555555555555556,1021,0,0
36,7,30,0.2,wave,0.075,3,0.020555555555555556,1013,0,0
36,7,31,0.2,wave,0.075,3,0.020555555555555556,1026,0,0
36,7,32,0.2,wave,0.075,3,0.020555555555555556,1004,0,0
36,7,33,0.2,wave,0.075,3,0.020555555555555556,994,0,0
36,7,34,0.2,wave,0.075,3,0.020555555555555556,979,0,0
36,7,35,0.2,wave,0.075,3,0.020555555555555556,984,0,0
36,7,36,0.2,wave,0.075,3,0.020555555555555556,952,0,0
36,7,37,0.2,wave,0.075,3,0.020555555555555556,951,0,0
36,7,38,0.2,wave,0.075,3,0.020555555555555556,933,0,0
36,7,39,0.2,wave,0.075,3,0.020555555555555556,934,0,0
36,7,40,0.2,wave,0.075,3,0.020555555555555556,923,0,0
36,7,41,0.2,wave,0.075,3,0.020555555555555556,929,0,0
36,7,42,0.2,wave,0.075,3,0.020555555555555556,906,0,0
36,7,43,0.2,wave,0.075,3,0.020555555555555556,909,0,0
36,7,44,0.2,wave,0.075,3,0.020555555555555556,890,0,0
36,7,45,0.2,wave,0.075,3,0.020555555555555556,879,0,0
36,7,46,0.2,wave,0.075,3,0.020555555555555556,868,0,0
36,7,47,0.2,wave,0.075,3,0.020555555555555556,872,0,0
36,7,48,0.2,wave,0.075,3,0.020555555555555556,864,0,0
36,7,49,0.2,wave,0.075,3,0.020555555555555556,860,0,0
36,7,50,0.2,wave,0.075,3,0.020555555555555556,846,0,0
36,7,51,0.2,wave,0.075,3,0.020555555555555556,853,0,0
36,7,52,0.2,wave,0.075,3,0.020555555555555556,836,0,0
36,8,1,0.2,wave,0.075,3,0.020555555555555556,839,0,0
36,8,2,0.2,wave,0.075,3,0.020555555555555556,820,0,0
36,8,3,0.2,wave,0.075,3,0.020555555555555556,825,0,0
36,8,4,0.2,wave,0.075,3,0.020555555555555556,819,0,0
36,8,5,0.2,wave,0.075,3,0.020555555555555556,821,0,0
36,8,6,0.2,wave,0.075,3,0.020555555555555556,810,0,0
36,8,7,0.2,wave,0.075,3,0.020555555555555556,819,0,0
36,8,8,0.2,wave,0.075,3,0.020555555555555556,810,0,0
36,8,9,0.2,wave,0.075,3,0.020555555555555556,818,0,0
36,8,10,0.2,wave,0.075,3,0.020555555555555556,810,0,0
36,8,11,0.2,wave,0.075,3,0.020555555555555556,816,0,0
36,8,12,0.2,wave,0.075,3,0.020555555555555556,810,0,0
36,8,13,0.2,wave,0.075,3,0.020555555555555556,815,0,0
36,8,14,0.2,wave,0.075,3,0.020555555555555556,812,0,0
36,8,15,0.2,wave,0.075,3,0.020555555555555556,816,0,0
36,8,16,0.2,wave,0.075,3,0.020555555555555556,812,0,0
36,8,17,0.2,wave,0.075,3,0.020555555555555556,814,0,0
36,8,18,0.2,wave,0.075,3,0.020555555555555556,808,0,0
36,8,19,0.2,wave,0.075,3,0.020555555555555556,801,0,0
36,8,20,0.2,wave,0.075,3,0.020555555555555556,1135,0,0
36,8,21,0.2,wave,0.075,3,0.020555555555555556,1128,0,0
36,8,22,0.2,wave,0.075,3,0.020555555555555556,1107,0,0
36,8,23,0.2,wave,0.075,3,0.020555555555555556,1109,0,0
36,8,24,0.2,wave,0.075,3,0.020555555555555556,1108,0,0
36,8,25,0.2,wave,0.075,3,0.020555555555555556,1072,0,0
36,8,26,0.2,wave,0.075,3,0.020555555555555556,1047,0,0
36,8,27,0.2,wave,0.075,3,0.020555555555555556,1002,0,0
36,8,28,0.2,wave,0.075,3,0.020555555555555556,989,0,0
36,8,29,0.2,wave,0.075,3,0.020555555555555556,988,0,0
36,8,30,0.2,wave,0.075,3,0.020555555555555556,990,0,0
36,8,31,0.2,wave,0.075,3,0.020555555555555556,962,0,0
36,8,32,0.2,wave,0.075,3,0.020555555555555556,947,0,0
36,8,33,0.2,wave,0.075,3,0.020555555555555556,951,0,0
36,8,34,0.2,wave,0.075,3,0.020555555555555556,947,0,0
36,8,35,0.2,wave,0.075,3,0.020555555555555556,951,0,0
36,8,36,0.2,wave,0.075,3,0.020555555555555556,946,0,0
36,8,37,0.2,wave,0.075,3,0.020555555555555556,949,0,0
36,8,38,0.2,wave,0.075,3,0.020555555555555556,946,0,0
36,8,39,0.2,wave,0.075,3,0.020555555555555556,923,0,0
36,8,40,0.2,wave,0.075,3,0.020555555555555556,921,0,0
36,8,41,0.2,wave,0.075,3,0.020555555555555556,907,0,0
36,8,42,0.2,wave,0.075,3,0.020555555555555556,906,0,0
36,8,43,0.2,wave,0.075,3,0.020555555555555556,905,0,0
36,8,44,0.2,wave,0.075,3,0.020555555555555556,900,0,0
36,8,45,0.2,wave,0.075,3,0.020555555555555556,902,0,0
36,8,46,0.2,wave,0.075,3,0.020555555555555556,896,0,0
36,8,47,0.2,wave,0.075,3,0.020555555555555556,902,0,0
36,8,48,0.2,wave,0.075,3,0.020555555555555556,883,0,0
36,8,49,0.2,wave,0.075,3,0.020555555555555556,887,0,0
36,8,50,0.2,wave,0.075,3,0.020555555555555556,881,0,0
36,8,51,0.2,wave,0.075,3,0.020555555555555556,881,0,0
36,8,52,0.2,wave,0.075,3,0.020555555555555556,873,0,0
36,9,1,0.2,wave,0.075,3,0.020555555555555556,876,0,0
36,9,2,0.2,wave,0.075,3,0.020555555555555556,870,0,0
36,9,3,0.2,wave,0.075,3,0.020555555555555556,875,0,0
36,9,4,0.2,wave,0.075,3,0.020555555555555556,860,0,0
36,9,5,0.2,wave,0.075,3,0.020555555555555556,866,0,0
36,9,6,0.2,wave,0.075,3,0.020555555555555556,860,0,0
36,9,7,0.2,wave,0.075,3,0.020555555555555556,865,0,0
36,9,8,0.2,wave,0.075,3,0.020555555555555556,860,0,0
36,9,9,0.2,wave,0.075,3,0.020555555555555556,865,0,0
36,9,10,0.2,wave,0.075,3,0.020555555555555556,860,0,0
36,9,11,0.2,wave,0.075,3,0.020555555555555556,863,0,0
36,9,12,0.2,wave,0.075,3,0.020555555555555556,860,0,0
36,9,13,0.2,wave,0.075,3,0.020555555555555556,864,0,0
36,9,14,0.2,wave,0.075,3,0.020555555555555556,846,0,0
36,9,15,0.2,wave,0.075,3,0.020555555555555556,852,0,0
36,9,16,0.2,wave,0.075,3,0.020555555555555556,834,0,0
36,9,17,0.2,wave,0.075,3,0.020555555555555556,838,0,0
36,9,18,0.2,wave,0.075,3,0.020555555555555556,832,0,0
36,9,19,0.2,wave,0.075,3,0.020555555555555556,838,0,0
36,9,20,0.2,wave,0.075,3,0.020555555555555556,1152,0,0
36,9,21,0.2,wave,0.075,3,0.020555555555555556,1147,0,0
36,9,22,0.2,wave,0.075,3,0.020555555555555556,1142,0,0
36,9,23,0.2,wave,0.075,3,0.020555555555555556,1105,0,0
36,9,24,0.2,wave,0.075,3,0.020555555555555556,1100,0,0
36,9,25,0.2,wave,0.075,3,0.020555555555555556,1093,0,0
36,9,26,0.2,wave,0.075,3,0.020555555555555556,1086,0,0
36,9,27,0.2,wave,0.075,3,0.020555555555555556,1083,0,0
36,9,28,0.2,wave,0.075,3,0.020555555555555556,1072,0,0
36,9,29,0.2,wave,0.075,3,0.020555555555555556,1071,0,0
36,9,30,0.2,wave,0.075,3,0.020555555555555556,1048,0,0
36,9,31,0.2,wave,0.075,3,0.020555555555555556,1058,0,0
36,9,32,0.2,wave,0.075,3,0.020555555555555556,1048,0,0
36,9,33,0.2,wave,0.075,3,0.020555555555555556,1054,0,0
36,9,34,0.2,wave,0.075,3,0.020555555555555556,1025,0,0
36,9,35,0.2,wave,0.075,3,0.020555555555555556,1016,0,0
36,9,36,0.2,wave,0.075,3,0.020555555555555556,1000,0,0
36,9,37,0.2,wave,0.075,3,0.020555555555555556,1006,0,0
36,9,38,0.2,wave,0.075,3,0.020555555555555556,1001,0,0
36,9,39,0.2,wave,0.075,3,0.020555555555555556,985,0,0
36,9,40,0.2,wave,0.075,3,0.020555555555555556,981,0,0
36,9,41,0.2,wave,0.075,3,0.020555555555555556,969,0,0
36,9,42,0.2,wave,0.075,3,0.020555555555555556,967,0,0
36,9,43,0.2,wave,0.075,3,0.020555555555555556,967,0,0
36,9,44,0.2,wave,0.075,3,0.020555555555555556,963,0,0
36,9,45,0.2,wave,0.075,3,0.020555555555555556,950,0,0
36,9,46,0.2,wave,0.075,3,0.020555555555555556,935,0,0
36,9,47,0.2,wave,0.075,3,0.020555555555555556,936,0,0
36,9,48,0.2,wave,0.075,3,0.020555555555555556,932,0,0
36,9,49,0.2,wave,0.075,3,0.020555555555555556,937,0,0
36,9,50,0.2,wave,0.075,3,0.020555555555555556,915,0,0
36,9,51,0.2,wave,0.075,3,0.020555555555555556,918,0,0
36,9,52,0.2,wave,0.075,3,0.020555555555555556,909,0,0
36,10,1,0.2,wave,0.075,3,0.020555555555555556,914,0,0
36,10,2,0.2,wave,0.075,3,0.020555555555555556,910,0,0
36,10,3,0.2,wave,0.075,3,0.020555555555555556,901,0,0
36,10,4,0.2,wave,0.075,3,0.020555555555555556,895,0,0
36,10,5,0.2,wave,0.075,3,0.020555555555555556,896,0,0
36,10,6,0.2,wave,0.075,3,0.020555555555555556,891,0,0
36,10,7,0.2,wave,0.075,3,0.020555555555555556,892,0,0
36,10,8,0.2,wave,0.075,3,0.020555555555555556,887,0,0
36,10,9,0.2,wave,0.075,3,0.020555555555555556,891,0,0
36,10,10,0.2,wave,0.075,3,0.020555555555555556,888,0,0
36,10,11,0.2,wave,0.075,3,0.020555555555555556,891,0,0
36,10,12,0.2,wave,0.075,3,0.020555555555555556,889,0,0
36,10,13,0.2,wave,0.075,3,0.020555555555555556,889,0,0
36,10,14,0.2,wave,0.075,3,0.020555555555555556,876,0,0
36,10,15,0.2,wave,0.075,3,0.020555555555555556,879,0,0
36,10,16,0.2,wave,0.075,3,0.020555555555555556,865,0,0
36,10,17,0.2,wave,0.075,3,0.020555555555555556,869,0,0
36,10,18,0.2,wave,0.075,3,0.020555555555555556,864,0,0
36,10,19,0.2,wave,0.075,3,0.020555555555555556,868,0,0
36,10,20,0.2,wave,0.075,3,0.020555555555555556,1192,0,0
36,10,21,0.2,wave,0.075,3,0.020555555555555556,1204,0,0
36,10,22,0.2,wave,0.075,3,0.020555555555555556,1181,0,0
36,10,23,0.2,wave,0.075,3,0.020555555555555556,1191,0,0
36,10,24,0.2,wave,0.075,3,0.020555555555555556,1179,0,0
36,10,25,0.2,wave,0.075,3,0.020555555555555556,1126,0,0
36,10,26,0.2,wave,0.075,3,0.020555555555555556,1110,0,0
36,10,27,0.2,wave,0.075,3,0.020555555555555556,1087,0,0
36,10,28,0.2,wave,0.075,3,0.020555555555555556,1068,0,0
36,10,29,0.2,wave,0.075,3,0.020555555555555556,1078,0,0
36,10,30,0.2,wave,0.075,3,0.020555555555555556,1059,0,0
36,10,31,0.2,wave,0.075,3,0.020555555555555556,1056,0,0
36,10,32,0.2,wave,0.075,3,0.020555555555555556,1041,0,0
36,10,33,0.2,wave,0.075,3,0.020555555555555556,1048,0,0
36,10,34,0.2,wave,0.075,3,0.020555555555555556,1011,0,0
36,10,35,0.2,wave,0.075,3,0.020555555555555556,1017,0,0
36,10,36,0.2,wave,0.075,3,0.020555555555555556,994,0,0
36,10,37,0.2,wave,0.075,3,0.020555555555555556,1005,0,0
36,10,38,0.2,wave,0.075,3,0.020555555555555556,992,0,0
36,10,39,0.2,wave,0.075,3,0.020555555555555556,994,0,0
36,10,40,0.2,wave,0.075,3,0.020555555555555556,991,0,0
36,10,41,0.2,wave,0.075,3,0.020555555555555556,989,0,0
36,10,42,0.2,wave,0.075,3,0.020555555555555556,956,0,0
36,10,43,0.2,wave,0.075,3,0.020555555555555556,955,0,0
36,10,44,0.2,wave,0.075,3,0.020555555555555556,949,0,0
36,10,45,0.2,wave,0.075,3,0.020555555555555556,934,0,0
36,10,46,0.2,wave,0.075,3,0.020555555555555556,933,0,0
36,10,47,0.2,wave,0.075,3,0.020555555555555556,935,0,0
36,10,48,0.2,wave,0.075,3,0.020555555555555556,919,0,0
36,10,49,0.2,wave,0.075,3,0.020555555555555556,921,0,0
36,10,50,0.2,wave,0.075,3,0.020555555555555556,916,0,0
36,10,51,0.2,wave,0.075,3,0.020555555555555556,904,0,0
36,10,52,0.2,wave,0.075,3,0.020555555555555556,900,0,0
37,1,1,0.2,wave,0.075,3,0.03888888888888889,6537,69,19
37,1,2,0.2,wave,0.075,3,0.03888888888888889,6437,98,34
37,1,3,0.2,wave,0.075,3,0.03888888888888889,6266,135,48
37,1,4,0.2,wave,0.075,3,0.03888888888888889,6119,159,54
37,1,5,0.2,wave,0.075,3,0.03888888888888889,5997,199,66
37,1,6,0.2,wave,0.075,3,0.03888888888888889,5704,264,92
37,1,7,0.2,wave,0.075,3,0.03888888888888889,5491,350,117
37,1,8,0.2,wave,0.075,3,0.03888888888888889,5330,413,140
37,1,9,0.2,wave,0.075,3,0.03888888888888889,5140,479,176
37,1,10,0.2,wave,0.075,3,0.03888888888888889,4898,547,196
37,1,11,0.2,wave,0.075,3,0.03888888888888889,4667,584,232
37,1,12,0.2,wave,0.075,3,0.03888888888888889,4422,604,259
37,1,13,0.2,wave,0.075,3,0.03888888888888889,4242,624,304
37,1,14,0.2,wave,0.075,3,0.03888888888888889,4054,632,324
37,1,15,0.2,wave,0.075,3,0.03888888888888889,3835,658,311
37,1,16,0.2,wave,0.075,3,0.03888888888888889,3659,628,290
37,1,17,0.2,wave,0.075,3,0.03888888888888889,3454,577,286
37,1,18,0.2,wave,0.075,3,0.03888888888888889,3337,565,301
37,1,19,0.2,wave,0.075,3,0.03888888888888889,3163,543,276
37,1,20,0.2,wave,0.075,3,0.03888888888888889,4551,481,233
37,1,21,0.2,wave,0.075,3,0.03888888888888889,4201,536,212
37,1,22,0.2,wave,0.075,3,0.03888888888888889,4175,573,242
37,1,23,0.2,wave,0.075,3,0.03888888888888889,4106,633,280
37,1,24,0.2,wave,0.075,3,0.03888888888888889,3991,696,294
37,1,25,0.2,wave,0.075,3,0.03888888888888889,3759,718,308
37,1,26,0.2,wave,0.075,3,0.03888888888888889,3590,728,322
37,1,27,0.2,wave,0.075,3,0.03888888888888889,3367,696,319
37,1,28,0.2,wave,0.075,3,0.03888888888888889,3227,713,345
37,1,29,0.2,wave,0.075,3,0.03888888888888889,3052,690,336
37,1,30,0.2,wave,0.075,3,0.03888888888888889,2918,676,331
37,1,31,0.2,wave,0.075,3,0.03888888888888889,2731,614,301
37,1,32,0.2,wave,0.075,3,0.03888888888888889,2570,591,302
37,1,33,0.2,wave,0.075,3,0.03888888888888889,2439,547,279
37,1,34,0.2,wave,0.075,3,0.03888888888888889,2306,532,261
37,1,35,0.2,wave,0.075,3,0.03888888888888889,2174,469,235
37,1,36,0.2,wave,0.075,3,0.03888888888888889,2067,442,243
37,1,37,0.2,wave,0.075,3,0.03888888888888889,1985,398,244
37,1,38,0.2,wave,0.075,3,0.03888888888888889,1884,351,220
37,1,39,0.2,wave,0.075,3,0.03888888888888889,1780,314,177
37,1,40,0.2,wave,0.075,3,0.03888888888888889,1672,260,142
37,1,41,0.2,wave,0.075,3,0.03888888888888889,1630,247,134
37,1,42,0.2,wave,0.075,3,0.03888888888888889,1556,212,123
37,1,43,0.2,wave,0.075,3,0.03888888888888889,1522,191,107
37,1,44,0.2,wave,0.075,3,0.03888888888888889,1466,165,93
37,1,45,0.2,wave,0.075,3,0.03888888888888889,1410,138,77
37,1,46,0.2,wave,0.075,3,0.03888888888888889,1353,121,70
37,1,47,0.2,wave,0.075,3,0.03888888888888889,1312,99,67
37,1,48,0.2,wave,0.075,3,0.03888888888888889,1266,86,57
37,1,49,0.2,wave,0.075,3,0.03888888888888889,1244,69,44
37,1,50,0.2,wave,0.075,3,0.03888888888888889,1203,46,30
37,1,51,0.2,wave,0.075,3,0.03888888888888889,1187,37,24
37,1,52,0.2,wave,0.075,3,0.03888888888888889,1161,33,21
37,2,1,0.2,wave,0.075,3,0.03888888888888889,1151,30,14
37,2,2,0.2,wave,0.075,3,0.03888888888888889,1136,25,11
37,2,3,0.2,wave,0.075,3,0.03888888888888889,1125,23,9
37,2,4,0.2,wave,0.075,3,0.03888888888888889,1100,23,12
37,2,5,0.2,wave,0.075,3,0.03888888888888889,1095,22,14
37,2,6,0.2,wave,0.075,3,0.03888888888888889,1056,19,11
37,2,7,0.2,wave,0.075,3,0.03888888888888889,1053,15,10
37,2,8,0.2,wave,0.075,3,0.03888888888888889,1030,11,7
37,2,9,0.2,wave,0.075,3,0.03888888888888889,1024,10,8
37,2,10,0.2,wave,0.075,3,0.03888888888888889,1003,7,4
37,2,11,0.2,wave,0.075,3,0.03888888888888889,1006,5,2
37,2,12,0.2,wave,0.075,3,0.03888888888888889,985,3,2
37,2,13,0.2,wave,0.075,3,0.03888888888888889,989,3,3
37,2,14,0.2,wave,0.075,3,0.03888888888888889,974,3,3
37,2,15,0.2,wave,0.075,3,0.03888888888888889,977,1,1
37,2,16,0.2,wave,0.075,3,0.03888888888888889,960,0,0
37,2,17,0.2,wave,0.075,3,0.03888888888888889,958,0,0
37,2,18,0.2,wave,0.075,3,0.03888888888888889,937,0,0
37,2,19,0.2,wave,0.075,3,0.03888888888888889,939,0,0
37,2,20,0.2,wave,0.075,3,0.03888888888888889,1393,0,0
37,2,21,0.2,wave,0.075,3,0.03888888888888889,1383,0,0
37,2,22,0.2,wave,0.075,3,0.03888888888888889,1364,0,0
37,2,23,0.2,wave,0.075,3,0.03888888888888889,1369,0,0
37,2,24,0.2,wave,0.075,3,0.03888888888888889,1349,0,0
37,2,25,0.2,wave,0.075,3,0.03888888888888889,1334,0,0
37,2,26,0.2,wave,0.075,3,0.03888888888888889,1313,0,0
37,2,27,0.2,wave,0.075,3,0.03888888888888889,1328,0,0
37,2,28,0.2,wave,0.075,3,0.03888888888888889,1304,0,0
37,2,29,0.2,wave,0.075,3,0.03888888888888889,1313,0,0
37,2,30,0.2,wave,0.075,3,0.03888888888888889,1276,0,0
37,2,31,0.2,wave,0.075,3,0.03888888888888889,1277,0,0
37,2,32,0.2,wave,0.075,3,0.03888888888888889,1263,0,0
37,2,33,0.2,wave,0.075,3,0.03888888888888889,1251,0,0
37,2,34,0.2,wave,0.075,3,0.03888888888888889,1204,0,0
37,2,35,0.2,wave,0.075,3,0.03888888888888889,1190,0,0
37,2,36,0.2,wave,0.075,3,0.03888888888888889,1188,0,0
37,2,37,0.2,wave,0.075,3,0.03888888888888889,1173,0,0
37,2,38,0.2,wave,0.075,3,0.03888888888888889,1147,0,0
37,2,39,0.2,wave,0.075,3,0.03888888888888889,1138,0,0
37,2,40,0.2,wave,0.075,3,0.03888888888888889,1126,0,0
37,2,41,0.2,wave,0.075,3,0.03888888888888889,1112,0,0
37,2,42,0.2,wave,0.075,3,0.03888888888888889,1105,0,0
37,2,43,0.2,wave,0.075,3,0.03888888888888889,1089,0,0
37,2,44,0.2,wave,0.075,3,0.03888888888888889,1082,0,0
37,2,45,0.2,wave,0.075,3,0.03888888888888889,1068,0,0
37,2,46,0.2,wave,0.075,3,0.03888888888888889,1059,0,0
37,2,47,0.2,wave,0.075,3,0.03888888888888889,1051,0,0
37,2,48,0.2,wave,0.075,3,0.03888888888888889,1033,0,0
37,2,49,0.2,wave,0.075,3,0.03888888888888889,1029,0,0
37,2,50,0.2,wave,0.075,3,0.03888888888888889,1019,0,0
37,2,51,0.2,wave,0.075,3,0.03888888888888889,996,0,0
37,2,52,0.2,wave,0.075,3,0.03888888888888889,978,0,0
37,3,1,0.2,wave,0.075,3,0.03888888888888889,969,0,0
37,3,2,0.2,wave,0.075,3,0.03888888888888889,964,0,0
37,3,3,0.2,wave,0.075,3,0.03888888888888889,948,0,0
37,3,4,0.2,wave,0.075,3,0.03888888888888889,944,0,0
37,3,5,0.2,wave,0.075,3,0.03888888888888889,939,0,0
37,3,6,0.2,wave,0.075,3,0.03888888888888889,941,0,0
37,3,7,0.2,wave,0.075,3,0.03888888888888889,936,0,0
37,3,8,0.2,wave,0.075,3,0.03888888888888889,921,0,0
37,3,9,0.2,wave,0.075,3,0.03888888888888889,919,0,0
37,3,10,0.2,wave,0.075,3,0.03888888888888889,915,0,0
37,3,11,0.2,wave,0.075,3,0.03888888888888889,909,0,0
37,3,12,0.2,wave,0.075,3,0.03888888888888889,905,0,0
37,3,13,0.2,wave,0.075,3,0.03888888888888889,899,0,0
37,3,14,0.2,wave,0.075,3,0.03888888888888889,894,0,0
37,3,15,0.2,wave,0.075,3,0.03888888888888889,889,0,0
37,3,16,0.2,wave,0.075,3,0.03888888888888889,882,0,0
37,3,17,0.2,wave,0.075,3,0.03888888888888889,883,0,0
37,3,18,0.2,wave,0.075,3,0.03888888888888889,879,0,0
37,3,19,0.2,wave,0.075,3,0.03888888888888889,880,0,0
37,3,20,0.2,wave,0.075,3,0.03888888888888889,1284,0,0
37,3,21,0.2,wave,0.075,3,0.03888888888888889,1262,0,0
37,3,22,0.2,wave,0.075,3,0.03888888888888889,1237,0,0
37,3,23,0.2,wave,0.075,3,0.03888888888888889,1225,0,0
37,3,24,0.2,wave,0.075,3,0.03888888888888889,1209,0,0
37,3,25,0.2,wave,0.075,3,0.03888888888888889,1205,0,0
37,3,26,0.2,wave,0.075,3,0.03888888888888889,1189,0,0
37,3,27,0.2,wave,0.075,3,0.03888888888888889,1178,0,0
37,3,28,0.2,wave,0.075,3,0.03888888888888889,1166,0,0
37,3,29,0.2,wave,0.075,3,0.03888888888888889,1161,0,0
37,3,30,0.2,wave,0.075,3,0.03888888888888889,1151,0,0
37,3,31,0.2,wave,0.075,3,0.03888888888888889,1137,0,0
37,3,32,0.2,wave,0.075,3,0.03888888888888889,1113,0,0
37,3,33,0.2,wave,0.075,3,0.03888888888888889,1083,0,0
37,3,34,0.2,wave,0.075,3,0.03888888888888889,1076,0,0
37,3,35,0.2,wave,0.075,3,0.03888888888888889,1072,0,0
37,3,36,0.2,wave,0.075,3,0.03888888888888889,1057,0,0
37,3,37,0.2,wave,0.075,3,0.03888888888888889,1022,0,0
37,3,38,0.2,wave,0.075,3,0.03888888888888889,1014,0,0
37,3,39,0.2,wave,0.075,3,0.03888888888888889,1003,0,0
37,3,40,0.2,wave,0.075,3,0.03888888888888889,987,0,0
37,3,41,0.2,wave,0.075,3,0.03888888888888889,972,0,0
37,3,42,0.2,wave,0.075,3,0.03888888888888889,968,0,0
37,3,43,0.2,wave,0.075,3,0.03888888888888889,942,0,0
37,3,44,0.2,wave,0.075,3,0.03888888888888889,940,0,0
37,3,45,0.2,wave,0.075,3,0.03888888888888889,922,0,0
37,3,46,0.2,wave,0.075,3,0.03888888888888889,918,0,0
37,3,47,0.2,wave,0.075,3,0.03888888888888889,908,0,0
37,3,48,0.2,wave,0.075,3,0.03888888888888889,900,0,0
37,3,49,0.2,wave,0.075,3,0.03888888888888889,877,0,0
37,3,50,0.2,wave,0.075,3,0.03888888888888889,882,0,0
37,3,51,0.2,wave,0.075,3,0.03888888888888889,864,0,0
37,3,52,0.2,wave,0.075,3,0.03888888888888889,858,0,0
37,4,1,0.2,wave,0.075,3,0.03888888888888889,849,0,0
37,4,2,0.2,wave,0.075,3,0.03888888888888889,848,0,0
37,4,3,0.2,wave,0.075,3,0.03888888888888889,833,0,0
37,4,4,0.2,wave,0.075,3,0.03888888888888889,835,0,0
37,4,5,0.2,wave,0.075,3,0.03888888888888889,829,0,0
37,4,6,0.2,wave,0.075,3,0.03888888888888889,829,0,0
37,4,7,0.2,wave,0.075,3,0.03888888888888889,815,0,0
37,4,8,0.2,wave,0.075,3,0.03888888888888889,818,0,0
37,4,9,0.2,wave,0.075,3,0.03888888888888889,808,0,0
37,4,10,0.2,wave,0.075,3,0.03888888888888889,813,0,0
37,4,11,0.2,wave,0.075,3,0.03888888888888889,801,0,0
37,4,12,0.2,wave,0.075,3,0.03888888888888889,809,0,0
37,4,13,0.2,wave,0.075,3,0.03888888888888889,802,0,0
37,4,14,0.2,wave,0.075,3,0.03888888888888889,808,0,0
37,4,15,0.2,wave,0.075,3,0.03888888888888889,805,0,0
37,4,16,0.2,wave,0.075,3,0.03888888888888889,802,0,0
37,4,17,0.2,wave,0.075,3,0.03888888888888889,799,0,0
37,4,18,0.2,wave,0.075,3,0.03888888888888889,800,0,0
37,4,19,0.2,wave,0.075,3,0.03888888888888889,799,0,0
37,4,20,0.2,wave,0.075,3,0.03888888888888889,1208,0,0
37,4,21,0.2,wave,0.075,3,0.03888888888888889,1193,0,0
37,4,22,0.2,wave,0.075,3,0.03888888888888889,1166,0,0
37,4,23,0.2,wave,0.075,3,0.03888888888888889,1154,0,0
37,4,24,0.2,wave,0.075,3,0.03888888888888889,1121,0,0
37,4,25,0.2,wave,0.075,3,0.03888888888888889,1071,0,0
37,4,26,0.2,wave,0.075,3,0.03888888888888889,1076,0,0
37,4,27,0.2,wave,0.075,3,0.03888888888888889,1059,0,0
37,4,28,0.2,wave,0.075,3,0.03888888888888889,1037,0,0
37,4,29,0.2,wave,0.075,3,0.03888888888888889,1030,0,0
37,4,30,0.2,wave,0.075,3,0.03888888888888889,1026,0,0
37,4,31,0.2,wave,0.075,3,0.03888888888888889,995,0,0
37,4,32,0.2,wave,0.075,3,0.03888888888888889,1002,0,0
37,4,33,0.2,wave,0.075,3,0.03888888888888889,988,0,0
37,4,34,0.2,wave,0.075,3,0.03888888888888889,963,0,0
37,4,35,0.2,wave,0.075,3,0.03888888888888889,952,0,0
37,4,36,0.2,wave,0.075,3,0.03888888888888889,960,0,0
37,4,37,0.2,wave,0.075,3,0.03888888888888889,931,0,0
37,4,38,0.2,wave,0.075,3,0.03888888888888889,912,0,0
37,4,39,0.2,wave,0.075,3,0.03888888888888889,896,0,0
37,4,40,0.2,wave,0.075,3,0.03888888888888889,898,0,0
37,4,41,0.2,wave,0.075,3,0.03888888888888889,890,0,0
37,4,42,0.2,wave,0.075,3,0.03888888888888889,879,0,0
37,4,43,0.2,wave,0.075,3,0.03888888888888889,868,0,0
37,4,44,0.2,wave,0.075,3,0.03888888888888889,866,0,0
37,4,45,0.2,wave,0.075,3,0.03888888888888889,821,0,0
37,4,46,0.2,wave,0.075,3,0.03888888888888889,827,0,0
37,4,47,0.2,wave,0.075,3,0.03888888888888889,811,0,0
37,4,48,0.2,wave,0.075,3,0.03888888888888889,804,0,0
37,4,49,0.2,wave,0.075,3,0.03888888888888889,792,0,0
37,4,50,0.2,wave,0.075,3,0.03888888888888889,794,0,0
37,4,51,0.2,wave,0.075,3,0.03888888888888889,778,0,0
37,4,52,0.2,wave,0.075,3,0.03888888888888889,782,0,0
37,5,1,0.2,wave,0.075,3,0.03888888888888889,770,0,0
37,5,2,0.2,wave,0.075,3,0.03888888888888889,774,0,0
37,5,3,0.2,wave,0.075,3,0.03888888888888889,762,0,0
37,5,4,0.2,wave,0.075,3,0.03888888888888889,765,0,0
37,5,5,0.2,wave,0.075,3,0.03888888888888889,745,0,0
37,5,6,0.2,wave,0.075,3,0.03888888888888889,752,0,0
37,5,7,0.2,wave,0.075,3,0.03888888888888889,739,0,0
37,5,8,0.2,wave,0.075,3,0.03888888888888889,744,0,0
37,5,9,0.2,wave,0.075,3,0.03888888888888889,731,0,0
37,5,10,0.2,wave,0.075,3,0.03888888888888889,740,0,0
37,5,11,0.2,wave,0.075,3,0.03888888888888889,730,0,0
37,5,12,0.2,wave,0.075,3,0.03888888888888889,739,0,0
37,5,13,0.2,wave,0.075,3,0.03888888888888889,733,0,0
37,5,14,0.2,wave,0.075,3,0.03888888888888889,739,0,0
37,5,15,0.2,wave,0.075,3,0.03888888888888889,718,0,0
37,5,16,0.2,wave,0.075,3,0.03888888888888889,727,0,0
37,5,17,0.2,wave,0.075,3,0.03888888888888889,718,0,0
37,5,18,0.2,wave,0.075,3,0.03888888888888889,727,0,0
37,5,19,0.2,wave,0.075,3,0.03888888888888889,719,0,0
37,5,20,0.2,wave,0.075,3,0.03888888888888889,1075,0,0
37,5,21,0.2,wave,0.075,3,0.03888888888888889,1066,0,0
37,5,22,0.2,wave,0.075,3,0.03888888888888889,1071,0,0
37,5,23,0.2,wave,0.075,3,0.03888888888888889,1056,0,0
37,5,24,0.2,wave,0.075,3,0.03888888888888889,1031,0,0
37,5,25,0.2,wave,0.075,3,0.03888888888888889,966,0,0
37,5,26,0.2,wave,0.075,3,0.03888888888888889,957,0,0
37,5,27,0.2,wave,0.075,3,0.03888888888888889,948,0,0
37,5,28,0.2,wave,0.075,3,0.03888888888888889,927,0,0
37,5,29,0.2,wave,0.075,3,0.03888888888888889,934,0,0
37,5,30,0.2,wave,0.075,3,0.03888888888888889,908,0,0
37,5,31,0.2,wave,0.075,3,0.03888888888888889,887,0,0
37,5,32,0.2,wave,0.075,3,0.03888888888888889,870,0,0
37,5,33,0.2,wave,0.075,3,0.03888888888888889,875,0,0
37,5,34,0.2,wave,0.075,3,0.03888888888888889,842,0,0
37,5,35,0.2,wave,0.075,3,0.03888888888888889,866,0,0
37,5,36,0.2,wave,0.075,3,0.03888888888888889,832,0,0
37,5,37,0.2,wave,0.075,3,0.03888888888888889,817,0,0
37,5,38,0.2,wave,0.075,3,0.03888888888888889,790,0,0
37,5,39,0.2,wave,0.075,3,0.03888888888888889,791,0,0
37,5,40,0.2,wave,0.075,3,0.03888888888888889,774,0,0
37,5,41,0.2,wave,0.075,3,0.03888888888888889,775,0,0
37,5,42,0.2,wave,0.075,3,0.03888888888888889,766,0,0
37,5,43,0.2,wave,0.075,3,0.03888888888888889,746,0,0
37,5,44,0.2,wave,0.075,3,0.03888888888888889,738,0,0
37,5,45,0.2,wave,0.075,3,0.03888888888888889,724,0,0
37,5,46,0.2,wave,0.075,3,0.03888888888888889,731,0,0
37,5,47,0.2,wave,0.075,3,0.03888888888888889,718,0,0
37,5,48,0.2,wave,0.075,3,0.03888888888888889,728,0,0
37,5,49,0.2,wave,0.075,3,0.03888888888888889,714,0,0
37,5,50,0.2,wave,0.075,3,0.03888888888888889,721,0,0
37,5,51,0.2,wave,0.075,3,0.03888888888888889,711,0,0
37,5,52,0.2,wave,0.075,3,0.03888888888888889,715,0,0
37,6,1,0.2,wave,0.075,3,0.03888888888888889,701,0,0
37,6,2,0.2,wave,0.075,3,0.03888888888888889,708,0,0
37,6,3,0.2,wave,0.075,3,0.03888888888888889,696,0,0
37,6,4,0.2,wave,0.075,3,0.03888888888888889,691,0,0
37,6,5,0.2,wave,0.075,3,0.03888888888888889,680,0,0
37,6,6,0.2,wave,0.075,3,0.03888888888888889,674,0,0
37,6,7,0.2,wave,0.075,3,0.03888888888888889,663,0,0
37,6,8,0.2,wave,0.075,3,0.03888888888888889,674,0,0
37,6,9,0.2,wave,0.075,3,0.03888888888888889,661,0,0
37,6,10,0.2,wave,0.075,3,0.03888888888888889,665,0,0
37,6,11,0.2,wave,0.075,3,0.03888888888888889,655,0,0
37,6,12,0.2,wave,0.075,3,0.03888888888888889,662,0,0
37,6,13,0.2,wave,0.075,3,0.03888888888888889,648,0,0
37,6,14,0.2,wave,0.075,3,0.03888888888888889,660,0,0
37,6,15,0.2,wave,0.075,3,0.03888888888888889,651,0,0
37,6,16,0.2,wave,0.075,3,0.03888888888888889,664,0,0
37,6,17,0.2,wave,0.075,3,0.03888888888888889,648,0,0
37,6,18,0.2,wave,0.075,3,0.03888888888888889,659,0,0
37,6,19,0.2,wave,0.075,3,0.03888888888888889,648,0,0
37,6,20,0.2,wave,0.075,3,0.03888888888888889,993,0,0
37,6,21,0.2,wave,0.075,3,0.03888888888888889,945,0,0
37,6,22,0.2,wave,0.075,3,0.03888888888888889,962,0,0
37,6,23,0.2,wave,0.075,3,0.03888888888888889,942,0,0
37,6,24,0.2,wave,0.075,3,0.03888888888888889,913,0,0
37,6,25,0.2,wave,0.075,3,0.03888888888888889,912,0,0
37,6,26,0.2,wave,0.075,3,0.03888888888888889,896,0,0
37,6,27,0.2,wave,0.075,3,0.03888888888888889,906,0,0
37,6,28,0.2,wave,0.075,3,0.03888888888888889,865,0,0
37,6,29,0.2,wave,0.075,3,0.03888888888888889,868,0,0
37,6,30,0.2,wave,0.075,3,0.03888888888888889,839,0,0
37,6,31,0.2,wave,0.075,3,0.03888888888888889,843,0,0
37,6,32,0.2,wave,0.075,3,0.03888888888888889,791,0,0
37,6,33,0.2,wave,0.075,3,0.03888888888888889,803,0,0
37,6,34,0.2,wave,0.075,3,0.03888888888888889,778,0,0
37,6,35,0.2,wave,0.075,3,0.03888888888888889,774,0,0
37,6,36,0.2,wave,0.075,3,0.03888888888888889,749,0,0
37,6,37,0.2,wave,0.075,3,0.03888888888888889,716,0,0
37,6,38,0.2,wave,0.075,3,0.03888888888888889,709,0,0
37,6,39,0.2,wave,0.075,3,0.03888888888888889,709,0,0
37,6,40,0.2,wave,0.075,3,0.03888888888888889,706,0,0
37,6,41,0.2,wave,0.075,3,0.03888888888888889,704,0,0
37,6,42,0.2,wave,0.075,3,0.03888888888888889,700,0,0
37,6,43,0.2,wave,0.075,3,0.03888888888888889,694,0,0
37,6,44,0.2,wave,0.075,3,0.03888888888888889,694,0,0
37,6,45,0.2,wave,0.075,3,0.03888888888888889,687,0,0
37,6,46,0.2,wave,0.075,3,0.03888888888888889,690,0,0
37,6,47,0.2,wave,0.075,3,0.03888888888888889,686,0,0
37,6,48,0.2,wave,0.075,3,0.03888888888888889,687,0,0
37,6,49,0.2,wave,0.075,3,0.03888888888888889,682,0,0
37,6,50,0.2,wave,0.075,3,0.03888888888888889,684,0,0
37,6,51,0.2,wave,0.075,3,0.03888888888888889,676,0,0
37,6,52,0.2,wave,0.075,3,0.03888888888888889,676,0,0
37,7,1,0.2,wave,0.075,3,0.03888888888888889,657,0,0
37,7,2,0.2,wave,0.075,3,0.03888888888888889,658,0,0
37,7,3,0.2,wave,0.075,3,0.03888888888888889,651,0,0
37,7,4,0.2,wave,0.075,3,0.03888888888888889,653,0,0
37,7,5,0.2,wave,0.075,3,0.03888888888888889,648,0,0
37,7,6,0.2,wave,0.075,3,0.03888888888888889,639,0,0
37,7,7,0.2,wave,0.075,3,0.03888888888888889,633,0,0
37,7,8,0.2,wave,0.075,3,0.03888888888888889,635,0,0
37,7,9,0.2,wave,0.075,3,0.03888888888888889,633,0,0
37,7,10,0.2,wave,0.075,3,0.03888888888888889,634,0,0
37,7,11,0.2,wave,0.075,3,0.03888888888888889,632,0,0
37,7,12,0.2,wave,0.075,3,0.03888888888888889,634,0,0
37,7,13,0.2,wave,0.075,3,0.03888888888888889,631,0,0
37,7,14,0.2,wave,0.075,3,0.03888888888888889,635,0,0
37,7,15,0.2,wave,0.075,3,0.03888888888888889,629,0,0
37,7,16,0.2,wave,0.075,3,0.03888888888888889,620,0,0
37,7,17,0.2,wave,0.075,3,0.03888888888888889,616,0,0
37,7,18,0.2,wave,0.075,3,0.03888888888888889,620,0,0
37,7,19,0.2,wave,0.075,3,0.03888888888888889,613,0,0
37,7,20,0.2,wave,0.075,3,0.03888888888888889,918,0,0
37,7,21,0.2,wave,0.075,3,0.03888888888888889,906,0,0
37,7,22,0.2,wave,0.075,3,0.03888888888888889,890,0,0
37,7,23,0.2,wave,0.075,3,0.03888888888888889,873,0,0
37,7,24,0.2,wave,0.075,3,0.03888888888888889,840,0,0
37,7,25,0.2,wave,0.075,3,0.03888888888888889,799,0,0
37,7,26,0.2,wave,0.075,3,0.03888888888888889,812,0,0
37,7,27,0.2,wave,0.075,3,0.03888888888888889,803,0,0
37,7,28,0.2,wave,0.075,3,0.03888888888888889,811,0,0
37,7,29,0.2,wave,0.075,3,0.03888888888888889,772,0,0
37,7,30,0.2,wave,0.075,3,0.03888888888888889,758,0,0
37,7,31,0.2,wave,0.075,3,0.03888888888888889,742,0,0
37,7,32,0.2,wave,0.075,3,0.03888888888888889,734,0,0
37,7,33,0.2,wave,0.075,3,0.03888888888888889,730,0,0
37,7,34,0.2,wave,0.075,3,0.03888888888888889,726,0,0
37,7,35,0.2,wave,0.075,3,0.03888888888888889,722,0,0
37,7,36,0.2,wave,0.075,3,0.03888888888888889,703,0,0
37,7,37,0.2,wave,0.075,3,0.03888888888888889,701,0,0
37,7,38,0.2,wave,0.075,3,0.03888888888888889,695,0,0
37,7,39,0.2,wave,0.075,3,0.03888888888888889,683,0,0
37,7,40,0.2,wave,0.075,3,0.03888888888888889,681,0,0
37,7,41,0.2,wave,0.075,3,0.03888888888888889,673,0,0
37,7,42,0.2,wave,0.075,3,0.03888888888888889,676,0,0
37,7,43,0.2,wave,0.075,3,0.03888888888888889,667,0,0
37,7,44,0.2,wave,0.075,3,0.03888888888888889,671,0,0
37,7,45,0.2,wave,0.075,3,0.03888888888888889,654,0,0
37,7,46,0.2,wave,0.075,3,0.03888888888888889,656,0,0
37,7,47,0.2,wave,0.075,3,0.03888888888888889,638,0,0
37,7,48,0.2,wave,0.075,3,0.03888888888888889,642,0,0
37,7,49,0.2,wave,0.075,3,0.03888888888888889,636,0,0
37,7,50,0.2,wave,0.075,3,0.03888888888888889,632,0,0
37,7,51,0.2,wave,0.075,3,0.03888888888888889,626,0,0
37,7,52,0.2,wave,0.075,3,0.03888888888888889,625,0,0
37,8,1,0.2,wave,0.075,3,0.03888888888888889,608,0,0
37,8,2,0.2,wave,0.075,3,0.03888888888888889,611,0,0
37,8,3,0.2,wave,0.075,3,0.03888888888888889,607,0,0
37,8,4,0.2,wave,0.075,3,0.03888888888888889,605,0,0
37,8,5,0.2,wave,0.075,3,0.03888888888888889,604,0,0
37,8,6,0.2,wave,0.075,3,0.03888888888888889,607,0,0
37,8,7,0.2,wave,0.075,3,0.03888888888888889,604,0,0
37,8,8,0.2,wave,0.075,3,0.03888888888888889,605,0,0
37,8,9,0.2,wave,0.075,3,0.03888888888888889,602,0,0
37,8,10,0.2,wave,0.075,3,0.03888888888888889,606,0,0
37,8,11,0.2,wave,0.075,3,0.03888888888888889,601,0,0
37,8,12,0.2,wave,0.075,3,0.03888888888888889,606,0,0
37,8,13,0.2,wave,0.075,3,0.03888888888888889,603,0,0
37,8,14,0.2,wave,0.075,3,0.03888888888888889,609,0,0
37,8,15,0.2,wave,0.075,3,0.03888888888888889,598,0,0
37,8,16,0.2,wave,0.075,3,0.03888888888888889,608,0,0
37,8,17,0.2,wave,0.075,3,0.03888888888888889,600,0,0
37,8,18,0.2,wave,0.075,3,0.03888888888888889,596,0,0
37,8,19,0.2,wave,0.075,3,0.03888888888888889,585,0,0
37,8,20,0.2,wave,0.075,3,0.03888888888888889,871,0,0
37,8,21,0.2,wave,0.075,3,0.03888888888888889,829,0,0
37,8,22,0.2,wave,0.075,3,0.03888888888888889,808,0,0
37,8,23,0.2,wave,0.075,3,0.03888888888888889,787,0,0
37,8,24,0.2,wave,0.075,3,0.03888888888888889,802,0,0
37,8,25,0.2,wave,0.075,3,0.03888888888888889,790,0,0
37,8,26,0.2,wave,0.075,3,0.03888888888888889,798,0,0
37,8,27,0.2,wave,0.075,3,0.03888888888888889,785,0,0
37,8,28,0.2,wave,0.075,3,0.03888888888888889,798,0,0
37,8,29,0.2,wave,0.075,3,0.03888888888888889,776,0,0
37,8,30,0.2,wave,0.075,3,0.03888888888888889,777,0,0
37,8,31,0.2,wave,0.075,3,0.03888888888888889,758,0,0
37,8,32,0.2,wave,0.075,3,0.03888888888888889,742,0,0
37,8,33,0.2,wave,0.075,3,0.03888888888888889,732,0,0
37,8,34,0.2,wave,0.075,3,0.03888888888888889,729,0,0
37,8,35,0.2,wave,0.075,3,0.03888888888888889,732,0,0
37,8,36,0.2,wave,0.075,3,0.03888888888888889,735,0,0
37,8,37,0.2,wave,0.075,3,0.03888888888888889,742,0,0
37,8,38,0.2,wave,0.075,3,0.03888888888888889,734,0,0
37,8,39,0.2,wave,0.075,3,0.03888888888888889,735,0,0
37,8,40,0.2,wave,0.075,3,0.03888888888888889,720,0,0
37,8,41,0.2,wave,0.075,3,0.03888888888888889,725,0,0
37,8,42,0.2,wave,0.075,3,0.03888888888888889,707,0,0
37,8,43,0.2,wave,0.075,3,0.03888888888888889,713,0,0
37,8,44,0.2,wave,0.075,3,0.03888888888888889,702,0,0
37,8,45,0.2,wave,0.075,3,0.03888888888888889,709,0,0
37,8,46,0.2,wave,0.075,3,0.03888888888888889,697,0,0
37,8,47,0.2,wave,0.075,3,0.03888888888888889,705,0,0
37,8,48,0.2,wave,0.075,3,0.03888888888888889,685,0,0
37,8,49,0.2,wave,0.075,3,0.03888888888888889,695,0,0
37,8,50,0.2,wave,0.075,3,0.03888888888888889,682,0,0
37,8,51,0.2,wave,0.075,3,0.03888888888888889,688,0,0
37,8,52,0.2,wave,0.075,3,0.03888888888888889,671,0,0
37,9,1,0.2,wave,0.075,3,0.03888888888888889,680,0,0
37,9,2,0.2,wave,0.075,3,0.03888888888888889,672,0,0
37,9,3,0.2,wave,0.075,3,0.03888888888888889,673,0,0
37,9,4,0.2,wave,0.075,3,0.03888888888888889,665,0,0
37,9,5,0.2,wave,0.075,3,0.03888888888888889,671,0,0
37,9,6,0.2,wave,0.075,3,0.03888888888888889,653,0,0
37,9,7,0.2,wave,0.075,3,0.03888888888888889,659,0,0
37,9,8,0.2,wave,0.075,3,0.03888888888888889,650,0,0
37,9,9,0.2,wave,0.075,3,0.03888888888888889,658,0,0
37,9,10,0.2,wave,0.075,3,0.03888888888888889,647,0,0
37,9,11,0.2,wave,0.075,3,0.03888888888888889,654,0,0
37,9,12,0.2,wave,0.075,3,0.03888888888888889,648,0,0
37,9,13,0.2,wave,0.075,3,0.03888888888888889,653,0,0
37,9,14,0.2,wave,0.075,3,0.03888888888888889,646,0,0
37,9,15,0.2,wave,0.075,3,0.03888888888888889,653,0,0
37,9,16,0.2,wave,0.075,3,0.03888888888888889,646,0,0
37,9,17,0.2,wave,0.075,3,0.03888888888888889,651,0,0
37,9,18,0.2,wave,0.075,3,0.03888888888888889,646,0,0
37,9,19,0.2,wave,0.075,3,0.03888888888888889,654,0,0
37,9,20,0.2,wave,0.075,3,0.03888888888888889,920,0,0
37,9,21,0.2,wave,0.075,3,0.03888888888888889,927,0,0
37,9,22,0.2,wave,0.075,3,0.03888888888888889,922,0,0
37,9,23,0.2,wave,0.075,3,0.03888888888888889,904,0,0
37,9,24,0.2,wave,0.075,3,0.03888888888888889,898,0,0
37,9,25,0.2,wave,0.075,3,0.03888888888888889,879,0,0
37,9,26,0.2,wave,0.075,3,0.03888888888888889,848,0,0
37,9,27,0.2,wave,0.075,3,0.03888888888888889,853,0,0
37,9,28,0.2,wave,0.075,3,0.03888888888888889,834,0,0
37,9,29,0.2,wave,0.075,3,0.03888888888888889,831,0,0
37,9,30,0.2,wave,0.075,3,0.03888888888888889,829,0,0
37,9,31,0.2,wave,0.075,3,0.03888888888888889,823,0,0
37,9,32,0.2,wave,0.075,3,0.03888888888888889,824,0,0
37,9,33,0.2,wave,0.075,3,0.03888888888888889,831,0,0
37,9,34,0.2,wave,0.075,3,0.03888888888888889,824,0,0
37,9,35,0.2,wave,0.075,3,0.03888888888888889,831,0,0
37,9,36,0.2,wave,0.075,3,0.03888888888888889,815,0,0
37,9,37,0.2,wave,0.075,3,0.03888888888888889,822,0,0
37,9,38,0.2,wave,0.075,3,0.03888888888888889,802,0,0
37,9,39,0.2,wave,0.075,3,0.03888888888888889,808,0,0
37,9,40,0.2,wave,0.075,3,0.03888888888888889,801,0,0
37,9,41,0.2,wave,0.075,3,0.03888888888888889,806,0,0
37,9,42,0.2,wave,0.075,3,0.03888888888888889,800,0,0
37,9,43,0.2,wave,0.075,3,0.03888888888888889,796,0,0
37,9,44,0.2,wave,0.075,3,0.03888888888888889,785,0,0
37,9,45,0.2,wave,0.075,3,0.03888888888888889,791,0,0
37,9,46,0.2,wave,0.075,3,0.03888888888888889,777,0,0
37,9,47,0.2,wave,0.075,3,0.03888888888888889,789,0,0
37,9,48,0.2,wave,0.075,3,0.03888888888888889,773,0,0
37,9,49,0.2,wave,0.075,3,0.03888888888888889,786,0,0
37,9,50,0.2,wave,0.075,3,0.03888888888888889,770,0,0
37,9,51,0.2,wave,0.075,3,0.03888888888888889,771,0,0
37,9,52,0.2,wave,0.075,3,0.03888888888888889,758,0,0
37,10,1,0.2,wave,0.075,3,0.03888888888888889,768,0,0
37,10,2,0.2,wave,0.075,3,0.03888888888888889,744,0,0
37,10,3,0.2,wave,0.075,3,0.03888888888888889,753,0,0
37,10,4,0.2,wave,0.075,3,0.03888888888888889,740,0,0
37,10,5,0.2,wave,0.075,3,0.03888888888888889,752,0,0
37,10,6,0.2,wave,0.075,3,0.03888888888888889,741,0,0
37,10,7,0.2,wave,0.075,3,0.03888888888888889,752,0,0
37,10,8,0.2,wave,0.075,3,0.03888888888888889,739,0,0
37,10,9,0.2,wave,0.075,3,0.03888888888888889,749,0,0
37,10,10,0.2,wave,0.075,3,0.03888888888888889,726,0,0
37,10,11,0.2,wave,0.075,3,0.03888888888888889,736,0,0
37,10,12,0.2,wave,0.075,3,0.03888888888888889,723,0,0
37,10,13,0.2,wave,0.075,3,0.03888888888888889,736,0,0
37,10,14,0.2,wave,0.075,3,0.03888888888888889,725,0,0
37,10,15,0.2,wave,0.075,3,0.03888888888888889,737,0,0
37,10,16,0.2,wave,0.075,3,0.03888888888888889,726,0,0
37,10,17,0.2,wave,0.075,3,0.03888888888888889,738,0,0
37,10,18,0.2,wave,0.075,3,0.03888888888888889,727,0,0
37,10,19,0.2,wave,0.075,3,0.03888888888888889,738,0,0
37,10,20,0.2,wave,0.075,3,0.03888888888888889,1004,0,0
37,10,21,0.2,wave,0.075,3,0.03888888888888889,1021,0,0
37,10,22,0.2,wave,0.075,3,0.03888888888888889,991,0,0
37,10,23,0.2,wave,0.075,3,0.03888888888888889,1010,0,0
37,10,24,0.2,wave,0.075,3,0.03888888888888889,966,0,0
37,10,25,0.2,wave,0.075,3,0.03888888888888889,966,0,0
37,10,26,0.2,wave,0.075,3,0.03888888888888889,936,0,0
37,10,27,0.2,wave,0.075,3,0.03888888888888889,942,0,0
37,10,28,0.2,wave,0.075,3,0.03888888888888889,924,0,0
37,10,29,0.2,wave,0.075,3,0.03888888888888889,940,0,0
37,10,30,0.2,wave,0.075,3,0.03888888888888889,910,0,0
37,10,31,0.2,wave,0.075,3,0.03888888888888889,928,0,0
37,10,32,0.2,wave,0.075,3,0.03888888888888889,883,0,0
37,10,33,0.2,wave,0.075,3,0.03888888888888889,901,0,0
37,10,34,0.2,wave,0.075,3,0.03888888888888889,863,0,0
37,10,35,0.2,wave,0.075,3,0.03888888888888889,881,0,0
37,10,36,0.2,wave,0.075,3,0.03888888888888889,863,0,0
37,10,37,0.2,wave,0.075,3,0.03888888888888889,881,0,0
37,10,38,0.2,wave,0.075,3,0.03888888888888889,851,0,0
37,10,39,0.2,wave,0.075,3,0.03888888888888889,869,0,0
37,10,40,0.2,wave,0.075,3,0.03888888888888889,852,0,0
37,10,41,0.2,wave,0.075,3,0.03888888888888889,856,0,0
37,10,42,0.2,wave,0.075,3,0.03888888888888889,816,0,0
37,10,43,0.2,wave,0.075,3,0.03888888888888889,832,0,0
37,10,44,0.2,wave,0.075,3,0.03888888888888889,813,0,0
37,10,45,0.2,wave,0.075,3,0.03888888888888889,829,0,0
37,10,46,0.2,wave,0.075,3,0.03888888888888889,815,0,0
37,10,47,0.2,wave,0.075,3,0.03888888888888889,813,0,0
37,10,48,0.2,wave,0.075,3,0.03888888888888889,800,0,0
37,10,49,0.2,wave,0.075,3,0.03888888888888889,814,0,0
37,10,50,0.2,wave,0.075,3,0.03888888888888889,779,0,0
37,10,51,0.2,wave,0.075,3,0.03888888888888889,789,0,0
37,10,52,0.2,wave,0.075,3,0.03888888888888889,775,0,0
38,1,1,0.2,wave,0.075,3,0.028888888888888888,6618,68,10
38,1,2,0.2,wave,0.075,3,0.028888888888888888,6492,75,21
38,1,3,0.2,wave,0.075,3,0.028888888888888888,6365,95,41
38,1,4,0.2,wave,0.075,3,0.028888888888888888,6259,132,48
38,1,5,0.2,wave,0.075,3,0.028888888888888888,6115,179,53
38,1,6,0.2,wave,0.075,3,0.028888888888888888,5874,226,71
38,1,7,0.2,wave,0.075,3,0.028888888888888888,5596,270,86
38,1,8,0.2,wave,0.075,3,0.028888888888888888,5385,333,132
38,1,9,0.2,wave,0.075,3,0.028888888888888888,5188,392,129
38,1,10,0.2,wave,0.075,3,0.028888888888888888,4983,450,163
38,1,11,0.2,wave,0.075,3,0.028888888888888888,4749,519,184
38,1,12,0.2,wave,0.075,3,0.028888888888888888,4578,557,203
38,1,13,0.2,wave,0.075,3,0.028888888888888888,4375,640,273
38,1,14,0.2,wave,0.075,3,0.028888888888888888,4225,665,307
38,1,15,0.2,wave,0.075,3,0.028888888888888888,4016,690,338
38,1,16,0.2,wave,0.075,3,0.028888888888888888,3870,683,318
38,1,17,0.2,wave,0.075,3,0.028888888888888888,3649,645,310
38,1,18,0.2,wave,0.075,3,0.028888888888888888,3491,618,301
38,1,19,0.2,wave,0.075,3,0.028888888888888888,3375,580,299
38,1,20,0.2,wave,0.075,3,0.028888888888888888,4827,538,279
38,1,21,0.2,wave,0.075,3,0.028888888888888888,4514,614,274
38,1,22,0.2,wave,0.075,3,0.028888888888888888,4303,653,272
38,1,23,0.2,wave,0.075,3,0.028888888888888888,4153,668,289
38,1,24,0.2,wave,0.075,3,0.028888888888888888,4002,700,309
38,1,25,0.2,wave,0.075,3,0.028888888888888888,3904,718,338
38,1,26,0.2,wave,0.075,3,0.028888888888888888,3726,710,337
38,1,27,0.2,wave,0.075,3,0.028888888888888888,3560,712,330
38,1,28,0.2,wave,0.075,3,0.028888888888888888,3399,667,302
38,1,29,0.2,wave,0.075,3,0.028888888888888888,3228,640,285
38,1,30,0.2,wave,0.075,3,0.028888888888888888,3053,623,298
38,1,31,0.2,wave,0.075,3,0.028888888888888888,2863,611,292
38,1,32,0.2,wave,0.075,3,0.028888888888888888,2695,584,309
38,1,33,0.2,wave,0.075,3,0.028888888888888888,2573,535,275
38,1,34,0.2,wave,0.075,3,0.028888888888888888,2402,468,250
38,1,35,0.2,wave,0.075,3,0.028888888888888888,2296,432,222
38,1,36,0.2,wave,0.075,3,0.028888888888888888,2204,412,216
38,1,37,0.2,wave,0.075,3,0.028888888888888888,2144,385,188
38,1,38,0.2,wave,0.075,3,0.028888888888888888,2016,342,181
38,1,39,0.2,wave,0.075,3,0.028888888888888888,1914,295,149
38,1,40,0.2,wave,0.075,3,0.028888888888888888,1867,295,150
38,1,41,0.2,wave,0.075,3,0.028888888888888888,1781,252,132
38,1,42,0.2,wave,0.075,3,0.028888888888888888,1719,230,131
38,1,43,0.2,wave,0.075,3,0.028888888888888888,1661,219,121
38,1,44,0.2,wave,0.075,3,0.028888888888888888,1605,194,118
38,1,45,0.2,wave,0.075,3,0.028888888888888888,1540,181,102
38,1,46,0.2,wave,0.075,3,0.028888888888888888,1491,160,92
38,1,47,0.2,wave,0.075,3,0.028888888888888888,1430,124,69
38,1,48,0.2,wave,0.075,3,0.028888888888888888,1403,101,64
38,1,49,0.2,wave,0.075,3,0.028888888888888888,1349,83,58
38,1,50,0.2,wave,0.075,3,0.028888888888888888,1333,75,45
38,1,51,0.2,wave,0.075,3,0.028888888888888888,1289,56,30
38,1,52,0.2,wave,0.075,3,0.028888888888888888,1261,45,21
38,2,1,0.2,wave,0.075,3,0.028888888888888888,1251,44,24
38,2,2,0.2,wave,0.075,3,0.028888888888888888,1230,36,23
38,2,3,0.2,wave,0.075,3,0.028888888888888888,1214,34,22
38,2,4,0.2,wave,0.075,3,0.028888888888888888,1192,30,19
38,2,5,0.2,wave,0.075,3,0.028888888888888888,1167,29,14
38,2,6,0.2,wave,0.075,3,0.028888888888888888,1155,21,10
38,2,7,0.2,wave,0.075,3,0.028888888888888888,1142,18,6
38,2,8,0.2,wave,0.075,3,0.028888888888888888,1148,15,6
38,2,9,0.2,wave,0.075,3,0.028888888888888888,1128,13,9
38,2,10,0.2,wave,0.075,3,0.028888888888888888,1123,13,10
38,2,11,0.2,wave,0.075,3,0.028888888888888888,1104,11,8
38,2,12,0.2,wave,0.075,3,0.028888888888888888,1099,10,5
38,2,13,0.2,wave,0.075,3,0.028888888888888888,1085,9,3
38,2,14,0.2,wave,0.075,3,0.028888888888888888,1071,9,2
38,2,15,0.2,wave,0.075,3,0.028888888888888888,1060,8,4
38,2,16,0.2,wave,0.075,3,0.028888888888888888,1046,9,5
38,2,17,0.2,wave,0.075,3,0.028888888888888888,1033,10,6
38,2,18,0.2,wave,0.075,3,0.028888888888888888,1025,9,3
38,2,19,0.2,wave,0.075,3,0.028888888888888888,1018,9,5
38,2,20,0.2,wave,0.075,3,0.028888888888888888,1505,7,4
38,2,21,0.2,wave,0.075,3,0.028888888888888888,1465,10,5
38,2,22,0.2,wave,0.075,3,0.028888888888888888,1447,9,3
38,2,23,0.2,wave,0.075,3,0.028888888888888888,1430,11,4
38,2,24,0.2,wave,0.075,3,0.028888888888888888,1419,15,5
38,2,25,0.2,wave,0.075,3,0.028888888888888888,1435,19,6
38,2,26,0.2,wave,0.075,3,0.028888888888888888,1398,19,9
38,2,27,0.2,wave,0.075,3,0.028888888888888888,1398,20,9
38,2,28,0.2,wave,0.075,3,0.028888888888888888,1384,18,11
38,2,29,0.2,wave,0.075,3,0.028888888888888888,1355,16,9
38,2,30,0.2,wave,0.075,3,0.028888888888888888,1354,16,8
38,2,31,0.2,wave,0.075,3,0.028888888888888888,1343,14,6
38,2,32,0.2,wave,0.075,3,0.028888888888888888,1330,13,6
38,2,33,0.2,wave,0.075,3,0.028888888888888888,1310,13,8
38,2,34,0.2,wave,0.075,3,0.028888888888888888,1318,14,6
38,2,35,0.2,wave,0.075,3,0.028888888888888888,1296,14,7
38,2,36,0.2,wave,0.075,3,0.028888888888888888,1294,12,5
38,2,37,0.2,wave,0.075,3,0.028888888888888888,1276,13,9
38,2,38,0.2,wave,0.075,3,0.028888888888888888,1276,15,8
38,2,39,0.2,wave,0.075,3,0.028888888888888888,1244,17,5
38,2,40,0.2,wave,0.075,3,0.028888888888888888,1248,15,7
38,2,41,0.2,wave,0.075,3,0.028888888888888888,1213,14,6
38,2,42,0.2,wave,0.075,3,0.028888888888888888,1215,14,8
38,2,43,0.2,wave,0.075,3,0.028888888888888888,1155,5,5
38,2,44,0.2,wave,0.075,3,0.028888888888888888,1165,6,4
38,2,45,0.2,wave,0.075,3,0.028888888888888888,1131,9,3
38,2,46,0.2,wave,0.075,3,0.028888888888888888,1136,7,2
38,2,47,0.2,wave,0.075,3,0.028888888888888888,1113,7,4
38,2,48,0.2,wave,0.075,3,0.028888888888888888,1111,7,5
38,2,49,0.2,wave,0.075,3,0.028888888888888888,1084,5,4
38,2,50,0.2,wave,0.075,3,0.028888888888888888,1087,4,3
38,2,51,0.2,wave,0.075,3,0.028888888888888888,1064,3,2
38,2,52,0.2,wave,0.075,3,0.028888888888888888,1062,2,2
38,3,1,0.2,wave,0.075,3,0.028888888888888888,1042,2,1
38,3,2,0.2,wave,0.075,3,0.028888888888888888,1041,3,2
38,3,3,0.2,wave,0.075,3,0.028888888888888888,1032,4,1
38,3,4,0.2,wave,0.075,3,0.028888888888888888,1029,5,2
38,3,5,0.2,wave,0.075,3,0.028888888888888888,1016,4,3
38,3,6,0.2,wave,0.075,3,0.028888888888888888,1009,5,3
38,3,7,0.2,wave,0.075,3,0.028888888888888888,1000,5,2
38,3,8,0.2,wave,0.075,3,0.028888888888888888,982,4,2
38,3,9,0.2,wave,0.075,3,0.028888888888888888,944,4,2
38,3,10,0.2,wave,0.075,3,0.028888888888888888,929,4,2
38,3,11,0.2,wave,0.075,3,0.028888888888888888,920,2,1
38,3,12,0.2,wave,0.075,3,0.028888888888888888,919,3,2
38,3,13,0.2,wave,0.075,3,0.028888888888888888,910,5,2
38,3,14,0.2,wave,0.075,3,0.028888888888888888,903,5,2
38,3,15,0.2,wave,0.075,3,0.028888888888888888,896,5,1
38,3,16,0.2,wave,0.075,3,0.028888888888888888,889,5,4
38,3,17,0.2,wave,0.075,3,0.028888888888888888,887,5,4
38,3,18,0.2,wave,0.075,3,0.028888888888888888,869,6,5
38,3,19,0.2,wave,0.075,3,0.028888888888888888,860,5,2
38,3,20,0.2,wave,0.075,3,0.028888888888888888,1300,5,2
38,3,21,0.2,wave,0.075,3,0.028888888888888888,1278,6,2
38,3,22,0.2,wave,0.075,3,0.028888888888888888,1268,6,3
38,3,23,0.2,wave,0.075,3,0.028888888888888888,1259,7,3
38,3,24,0.2,wave,0.075,3,0.028888888888888888,1226,7,3
38,3,25,0.2,wave,0.075,3,0.028888888888888888,1222,7,3
38,3,26,0.2,wave,0.075,3,0.028888888888888888,1179,5,1
38,3,27,0.2,wave,0.075,3,0.028888888888888888,1178,6,2
38,3,28,0.2,wave,0.075,3,0.028888888888888888,1149,8,2
38,3,29,0.2,wave,0.075,3,0.028888888888888888,1151,8,5
38,3,30,0.2,wave,0.075,3,0.028888888888888888,1142,7,6
38,3,31,0.2,wave,0.075,3,0.028888888888888888,1144,12,6
38,3,32,0.2,wave,0.075,3,0.028888888888888888,1119,10,4
38,3,33,0.2,wave,0.075,3,0.028888888888888888,1113,8,3
38,3,34,0.2,wave,0.075,3,0.028888888888888888,1106,4,2
38,3,35,0.2,wave,0.075,3,0.028888888888888888,1085,4,1
38,3,36,0.2,wave,0.075,3,0.028888888888888888,1080,4,1
38,3,37,0.2,wave,0.075,3,0.028888888888888888,1055,3,2
38,3,38,0.2,wave,0.075,3,0.028888888888888888,1071,5,2
38,3,39,0.2,wave,0.075,3,0.028888888888888888,1052,4,2
38,3,40,0.2,wave,0.075,3,0.028888888888888888,1038,4,1
38,3,41,0.2,wave,0.075,3,0.028888888888888888,1013,4,3
38,3,42,0.2,wave,0.075,3,0.028888888888888888,1005,4,4
38,3,43,0.2,wave,0.075,3,0.028888888888888888,994,5,3
38,3,44,0.2,wave,0.075,3,0.028888888888888888,986,3,2
38,3,45,0.2,wave,0.075,3,0.028888888888888888,961,2,1
38,3,46,0.2,wave,0.075,3,0.028888888888888888,965,3,2
38,3,47,0.2,wave,0.075,3,0.028888888888888888,943,3,1
38,3,48,0.2,wave,0.075,3,0.028888888888888888,934,3,1
38,3,49,0.2,wave,0.075,3,0.028888888888888888,918,1,0
38,3,50,0.2,wave,0.075,3,0.028888888888888888,919,1,0
38,3,51,0.2,wave,0.075,3,0.028888888888888888,900,1,1
38,3,52,0.2,wave,0.075,3,0.028888888888888888,897,2,1
38,4,1,0.2,wave,0.075,3,0.028888888888888888,879,2,1
38,4,2,0.2,wave,0.075,3,0.028888888888888888,868,1,0
38,4,3,0.2,wave,0.075,3,0.028888888888888888,853,0,0
38,4,4,0.2,wave,0.075,3,0.028888888888888888,853,0,0
38,4,5,0.2,wave,0.075,3,0.028888888888888888,842,0,0
38,4,6,0.2,wave,0.075,3,0.028888888888888888,826,0,0
38,4,7,0.2,wave,0.075,3,0.028888888888888888,818,0,0
38,4,8,0.2,wave,0.075,3,0.028888888888888888,815,0,0
38,4,9,0.2,wave,0.075,3,0.028888888888888888,802,0,0
38,4,10,0.2,wave,0.075,3,0.028888888888888888,804,0,0
38,4,11,0.2,wave,0.075,3,0.028888888888888888,792,0,0
38,4,12,0.2,wave,0.075,3,0.028888888888888888,794,0,0
38,4,13,0.2,wave,0.075,3,0.028888888888888888,786,0,0
38,4,14,0.2,wave,0.075,3,0.028888888888888888,788,0,0
38,4,15,0.2,wave,0.075,3,0.028888888888888888,780,0,0
38,4,16,0.2,wave,0.075,3,0.028888888888888888,783,0,0
38,4,17,0.2,wave,0.075,3,0.028888888888888888,770,0,0
38,4,18,0.2,wave,0.075,3,0.028888888888888888,762,0,0
38,4,19,0.2,wave,0.075,3,0.028888888888888888,751,0,0
38,4,20,0.2,wave,0.075,3,0.028888888888888888,1122,0,0
38,4,21,0.2,wave,0.075,3,0.028888888888888888,1098,0,0
38,4,22,0.2,wave,0.075,3,0.028888888888888888,1075,0,0
38,4,23,0.2,wave,0.075,3,0.028888888888888888,1065,0,0
38,4,24,0.2,wave,0.075,3,0.028888888888888888,1071,0,0
38,4,25,0.2,wave,0.075,3,0.028888888888888888,1063,0,0
38,4,26,0.2,wave,0.075,3,0.028888888888888888,1059,0,0
38,4,27,0.2,wave,0.075,3,0.028888888888888888,1044,0,0
38,4,28,0.2,wave,0.075,3,0.028888888888888888,1034,0,0
38,4,29,0.2,wave,0.075,3,0.028888888888888888,1024,0,0
38,4,30,0.2,wave,0.075,3,0.028888888888888888,1000,0,0
38,4,31,0.2,wave,0.075,3,0.028888888888888888,973,0,0
38,4,32,0.2,wave,0.075,3,0.028888888888888888,963,0,0
38,4,33,0.2,wave,0.075,3,0.028888888888888888,961,0,0
38,4,34,0.2,wave,0.075,3,0.028888888888888888,907,0,0
38,4,35,0.2,wave,0.075,3,0.028888888888888888,902,0,0
38,4,36,0.2,wave,0.075,3,0.028888888888888888,879,0,0
38,4,37,0.2,wave,0.075,3,0.028888888888888888,877,0,0
38,4,38,0.2,wave,0.075,3,0.028888888888888888,869,0,0
38,4,39,0.2,wave,0.075,3,0.028888888888888888,859,0,0
38,4,40,0.2,wave,0.075,3,0.028888888888888888,852,0,0
38,4,41,0.2,wave,0.075,3,0.028888888888888888,842,0,0
38,4,42,0.2,wave,0.075,3,0.028888888888888888,833,0,0
38,4,43,0.2,wave,0.075,3,0.028888888888888888,809,0,0
38,4,44,0.2,wave,0.075,3,0.028888888888888888,792,0,0
38,4,45,0.2,wave,0.075,3,0.028888888888888888,786,0,0
38,4,46,0.2,wave,0.075,3,0.028888888888888888,776,0,0
38,4,47,0.2,wave,0.075,3,0.028888888888888888,779,0,0
38,4,48,0.2,wave,0.075,3,0.028888888888888888,759,0,0
38,4,49,0.2,wave,0.075,3,0.028888888888888888,749,0,0
38,4,50,0.2,wave,0.075,3,0.028888888888888888,726,0,0
38,4,51,0.2,wave,0.075,3,0.028888888888888888,723,0,0
38,4,52,0.2,wave,0.075,3,0.028888888888888888,710,0,0
38,5,1,0.2,wave,0.075,3,0.028888888888888888,709,0,0
38,5,2,0.2,wave,0.075,3,0.028888888888888888,698,0,0
38,5,3,0.2,wave,0.075,3,0.028888888888888888,693,0,0
38,5,4,0.2,wave,0.075,3,0.028888888888888888,686,0,0
38,5,5,0.2,wave,0.075,3,0.028888888888888888,687,0,0
38,5,6,0.2,wave,0.075,3,0.028888888888888888,677,0,0
38,5,7,0.2,wave,0.075,3,0.028888888888888888,678,0,0
38,5,8,0.2,wave,0.075,3,0.028888888888888888,670,0,0
38,5,9,0.2,wave,0.075,3,0.028888888888888888,672,0,0
38,5,10,0.2,wave,0.075,3,0.028888888888888888,663,0,0
38,5,11,0.2,wave,0.075,3,0.028888888888888888,666,0,0
38,5,12,0.2,wave,0.075,3,0.028888888888888888,641,0,0
38,5,13,0.2,wave,0.075,3,0.028888888888888888,646,0,0
38,5,14,0.2,wave,0.075,3,0.028888888888888888,636,0,0
38,5,15,0.2,wave,0.075,3,0.028888888888888888,638,0,0
38,5,16,0.2,wave,0.075,3,0.028888888888888888,635,0,0
38,5,17,0.2,wave,0.075,3,0.028888888888888888,636,0,0
38,5,18,0.2,wave,0.075,3,0.028888888888888888,631,0,0
38,5,19,0.2,wave,0.075,3,0.028888888888888888,633,0,0
38,5,20,0.2,wave,0.075,3,0.028888888888888888,930,0,0
38,5,21,0.2,wave,0.075,3,0.028888888888888888,875,0,0
38,5,22,0.2,wave,0.075,3,0.028888888888888888,885,0,0
38,5,23,0.2,wave,0.075,3,0.028888888888888888,871,0,0
38,5,24,0.2,wave,0.075,3,0.028888888888888888,877,0,0
38,5,25,0.2,wave,0.075,3,0.028888888888888888,865,0,0
38,5,26,0.2,wave,0.075,3,0.028888888888888888,855,0,0
38,5,27,0.2,wave,0.075,3,0.028888888888888888,861,0,0
38,5,28,0.2,wave,0.075,3,0.028888888888888888,862,0,0
38,5,29,0.2,wave,0.075,3,0.028888888888888888,863,0,0
38,5,30,0.2,wave,0.075,3,0.028888888888888888,845,0,0
38,5,31,0.2,wave,0.075,3,0.028888888888888888,833,0,0
38,5,32,0.2,wave,0.075,3,0.028888888888888888,828,0,0
38,5,33,0.2,wave,0.075,3,0.028888888888888888,827,0,0
38,5,34,0.2,wave,0.075,3,0.028888888888888888,822,0,0
38,5,35,0.2,wave,0.075,3,0.028888888888888888,827,0,0
38,5,36,0.2,wave,0.075,3,0.028888888888888888,812,0,0
38,5,37,0.2,wave,0.075,3,0.028888888888888888,787,0,0
38,5,38,0.2,wave,0.075,3,0.028888888888888888,772,0,0
38,5,39,0.2,wave,0.075,3,0.028888888888888888,763,0,0
38,5,40,0.2,wave,0.075,3,0.028888888888888888,764,0,0
38,5,41,0.2,wave,0.075,3,0.028888888888888888,738,0,0
38,5,42,0.2,wave,0.075,3,0.028888888888888888,717,0,0
38,5,43,0.2,wave,0.075,3,0.028888888888888888,712,0,0
38,5,44,0.2,wave,0.075,3,0.028888888888888888,700,0,0
38,5,45,0.2,wave,0.075,3,0.028888888888888888,692,0,0
38,5,46,0.2,wave,0.075,3,0.028888888888888888,687,0,0
38,5,47,0.2,wave,0.075,3,0.028888888888888888,684,0,0
38,5,48,0.2,wave,0.075,3,0.028888888888888888,677,0,0
38,5,49,0.2,wave,0.075,3,0.028888888888888888,672,0,0
38,5,50,0.2,wave,0.075,3,0.028888888888888888,668,0,0
38,5,51,0.2,wave,0.075,3,0.028888888888888888,662,0,0
38,5,52,0.2,wave,0.075,3,0.028888888888888888,659,0,0
38,6,1,0.2,wave,0.075,3,0.028888888888888888,659,0,0
38,6,2,0.2,wave,0.075,3,0.028888888888888888,656,0,0
38,6,3,0.2,wave,0.075,3,0.028888888888888888,655,0,0
38,6,4,0.2,wave,0.075,3,0.028888888888888888,650,0,0
38,6,5,0.2,wave,0.075,3,0.028888888888888888,649,0,0
38,6,6,0.2,wave,0.075,3,0.028888888888888888,642,0,0
38,6,7,0.2,wave,0.075,3,0.028888888888888888,638,0,0
38,6,8,0.2,wave,0.075,3,0.028888888888888888,631,0,0
38,6,9,0.2,wave,0.075,3,0.028888888888888888,632,0,0
38,6,10,0.2,wave,0.075,3,0.028888888888888888,627,0,0
38,6,11,0.2,wave,0.075,3,0.028888888888888888,631,0,0
38,6,12,0.2,wave,0.075,3,0.028888888888888888,625,0,0
38,6,13,0.2,wave,0.075,3,0.028888888888888888,626,0,0
38,6,14,0.2,wave,0.075,3,0.028888888888888888,622,0,0
38,6,15,0.2,wave,0.075,3,0.028888888888888888,624,0,0
38,6,16,0.2,wave,0.075,3,0.028888888888888888,619,0,0
38,6,17,0.2,wave,0.075,3,0.028888888888888888,620,0,0
38,6,18,0.2,wave,0.075,3,0.028888888888888888,616,0,0
38,6,19,0.2,wave,0.075,3,0.028888888888888888,618,0,0
38,6,20,0.2,wave,0.075,3,0.028888888888888888,861,0,0
38,6,21,0.2,wave,0.075,3,0.028888888888888888,861,0,0
38,6,22,0.2,wave,0.075,3,0.028888888888888888,855,0,0
38,6,23,0.2,wave,0.075,3,0.028888888888888888,851,0,0
38,6,24,0.2,wave,0.075,3,0.028888888888888888,850,0,0
38,6,25,0.2,wave,0.075,3,0.028888888888888888,841,0,0
38,6,26,0.2,wave,0.075,3,0.028888888888888888,839,0,0
38,6,27,0.2,wave,0.075,3,0.028888888888888888,830,0,0
38,6,28,0.2,wave,0.075,3,0.028888888888888888,809,0,0
38,6,29,0.2,wave,0.075,3,0.028888888888888888,812,0,0
38,6,30,0.2,wave,0.075,3,0.028888888888888888,802,0,0
38,6,31,0.2,wave,0.075,3,0.028888888888888888,802,0,0
38,6,32,0.2,wave,0.075,3,0.028888888888888888,795,0,0
38,6,33,0.2,wave,0.075,3,0.028888888888888888,794,0,0
38,6,34,0.2,wave,0.075,3,0.028888888888888888,792,0,0
38,6,35,0.2,wave,0.075,3,0.028888888888888888,796,0,0
38,6,36,0.2,wave,0.075,3,0.028888888888888888,787,0,0
38,6,37,0.2,wave,0.075,3,0.028888888888888888,783,0,0
38,6,38,0.2,wave,0.075,3,0.028888888888888888,776,0,0
38,6,39,0.2,wave,0.075,3,0.028888888888888888,767,0,0
38,6,40,0.2,wave,0.075,3,0.028888888888888888,759,0,0
38,6,41,0.2,wave,0.075,3,0.028888888888888888,760,0,0
38,6,42,0.2,wave,0.075,3,0.028888888888888888,751,0,0
38,6,43,0.2,wave,0.075,3,0.028888888888888888,749,0,0
38,6,44,0.2,wave,0.075,3,0.028888888888888888,741,0,0
38,6,45,0.2,wave,0.075,3,0.028888888888888888,731,0,0
38,6,46,0.2,wave,0.075,3,0.028888888888888888,720,0,0
38,6,47,0.2,wave,0.075,3,0.028888888888888888,719,0,0
38,6,48,0.2,wave,0.075,3,0.028888888888888888,710,0,0
38,6,49,0.2,wave,0.075,3,0.028888888888888888,708,0,0
38,6,50,0.2,wave,0.075,3,0.028888888888888888,695,0,0
38,6,51,0.2,wave,0.075,3,0.028888888888888888,696,0,0
38,6,52,0.2,wave,0.075,3,0.028888888888888888,688,0,0
38,7,1,0.2,wave,0.075,3,0.028888888888888888,687,0,0
38,7,2,0.2,wave,0.075,3,0.028888888888888888,682,0,0
38,7,3,0.2,wave,0.075,3,0.028888888888888888,684,0,0
38,7,4,0.2,wave,0.075,3,0.028888888888888888,677,0,0
38,7,5,0.2,wave,0.075,3,0.028888888888888888,682,0,0
38,7,6,0.2,wave,0.075,3,0.028888888888888888,674,0,0
38,7,7,0.2,wave,0.075,3,0.028888888888888888,675,0,0
38,7,8,0.2,wave,0.075,3,0.028888888888888888,668,0,0
38,7,9,0.2,wave,0.075,3,0.028888888888888888,667,0,0
38,7,10,0.2,wave,0.075,3,0.028888888888888888,665,0,0
38,7,11,0.2,wave,0.075,3,0.028888888888888888,651,0,0
38,7,12,0.2,wave,0.075,3,0.028888888888888888,651,0,0
38,7,13,0.2,wave,0.075,3,0.028888888888888888,651,0,0
38,7,14,0.2,wave,0.075,3,0.028888888888888888,650,0,0
38,7,15,0.2,wave,0.075,3,0.028888888888888888,649,0,0
38,7,16,0.2,wave,0.075,3,0.028888888888888888,650,0,0
38,7,17,0.2,wave,0.075,3,0.028888888888888888,648,0,0
38,7,18,0.2,wave,0.075,3,0.028888888888888888,650,0,0
38,7,19,0.2,wave,0.075,3,0.028888888888888888,646,0,0
38,7,20,0.2,wave,0.075,3,0.028888888888888888,990,0,0
38,7,21,0.2,wave,0.075,3,0.028888888888888888,991,0,0
38,7,22,0.2,wave,0.075,3,0.028888888888888888,978,0,0
38,7,23,0.2,wave,0.075,3,0.028888888888888888,935,0,0
38,7,24,0.2,wave,0.075,3,0.028888888888888888,920,0,0
38,7,25,0.2,wave,0.075,3,0.028888888888888888,910,0,0
38,7,26,0.2,wave,0.075,3,0.028888888888888888,918,0,0
38,7,27,0.2,wave,0.075,3,0.028888888888888888,910,0,0
38,7,28,0.2,wave,0.075,3,0.028888888888888888,899,0,0
38,7,29,0.2,wave,0.075,3,0.028888888888888888,886,0,0
38,7,30,0.2,wave,0.075,3,0.028888888888888888,880,0,0
38,7,31,0.2,wave,0.075,3,0.028888888888888888,844,0,0
38,7,32,0.2,wave,0.075,3,0.028888888888888888,848,0,0
38,7,33,0.2,wave,0.075,3,0.028888888888888888,822,0,0
38,7,34,0.2,wave,0.075,3,0.028888888888888888,828,0,0
38,7,35,0.2,wave,0.075,3,0.028888888888888888,810,0,0
38,7,36,0.2,wave,0.075,3,0.028888888888888888,810,0,0
38,7,37,0.2,wave,0.075,3,0.028888888888888888,803,0,0
38,7,38,0.2,wave,0.075,3,0.028888888888888888,793,0,0
38,7,39,0.2,wave,0.075,3,0.028888888888888888,779,0,0
38,7,40,0.2,wave,0.075,3,0.028888888888888888,760,0,0
38,7,41,0.2,wave,0.075,3,0.028888888888888888,769,0,0
38,7,42,0.2,wave,0.075,3,0.028888888888888888,754,0,0
38,7,43,0.2,wave,0.075,3,0.028888888888888888,759,0,0
38,7,44,0.2,wave,0.075,3,0.028888888888888888,753,0,0
38,7,45,0.2,wave,0.075,3,0.028888888888888888,755,0,0
38,7,46,0.2,wave,0.075,3,0.028888888888888888,736,0,0
38,7,47,0.2,wave,0.075,3,0.028888888888888888,740,0,0
38,7,48,0.2,wave,0.075,3,0.028888888888888888,731,0,0
38,7,49,0.2,wave,0.075,3,0.028888888888888888,736,0,0
38,7,50,0.2,wave,0.075,3,0.028888888888888888,715,0,0
38,7,51,0.2,wave,0.075,3,0.028888888888888888,716,0,0
38,7,52,0.2,wave,0.075,3,0.028888888888888888,705,0,0
38,8,1,0.2,wave,0.075,3,0.028888888888888888,710,0,0
38,8,2,0.2,wave,0.075,3,0.028888888888888888,700,0,0
38,8,3,0.2,wave,0.075,3,0.028888888888888888,707,0,0
38,8,4,0.2,wave,0.075,3,0.028888888888888888,696,0,0
38,8,5,0.2,wave,0.075,3,0.028888888888888888,702,0,0
38,8,6,0.2,wave,0.075,3,0.028888888888888888,694,0,0
38,8,7,0.2,wave,0.075,3,0.028888888888888888,701,0,0
38,8,8,0.2,wave,0.075,3,0.028888888888888888,679,0,0
38,8,9,0.2,wave,0.075,3,0.028888888888888888,683,0,0
38,8,10,0.2,wave,0.075,3,0.028888888888888888,672,0,0
38,8,11,0.2,wave,0.075,3,0.028888888888888888,680,0,0
38,8,12,0.2,wave,0.075,3,0.028888888888888888,672,0,0
38,8,13,0.2,wave,0.075,3,0.028888888888888888,679,0,0
38,8,14,0.2,wave,0.075,3,0.028888888888888888,670,0,0
38,8,15,0.2,wave,0.075,3,0.028888888888888888,667,0,0
38,8,16,0.2,wave,0.075,3,0.028888888888888888,659,0,0
38,8,17,0.2,wave,0.075,3,0.028888888888888888,665,0,0
38,8,18,0.2,wave,0.075,3,0.028888888888888888,658,0,0
38,8,19,0.2,wave,0.075,3,0.028888888888888888,665,0,0
38,8,20,0.2,wave,0.075,3,0.028888888888888888,964,0,0
38,8,21,0.2,wave,0.075,3,0.028888888888888888,981,0,0
38,8,22,0.2,wave,0.075,3,0.028888888888888888,965,0,0
38,8,23,0.2,wave,0.075,3,0.028888888888888888,981,0,0
38,8,24,0.2,wave,0.075,3,0.028888888888888888,952,0,0
38,8,25,0.2,wave,0.075,3,0.028888888888888888,970,0,0
38,8,26,0.2,wave,0.075,3,0.028888888888888888,939,0,0
38,8,27,0.2,wave,0.075,3,0.028888888888888888,955,0,0
38,8,28,0.2,wave,0.075,3,0.028888888888888888,921,0,0
38,8,29,0.2,wave,0.075,3,0.028888888888888888,926,0,0
38,8,30,0.2,wave,0.075,3,0.028888888888888888,897,0,0
38,8,31,0.2,wave,0.075,3,0.028888888888888888,914,0,0
38,8,32,0.2,wave,0.075,3,0.028888888888888888,901,0,0
38,8,33,0.2,wave,0.075,3,0.028888888888888888,918,0,0
38,8,34,0.2,wave,0.075,3,0.028888888888888888,884,0,0
38,8,35,0.2,wave,0.075,3,0.028888888888888888,889,0,0
38,8,36,0.2,wave,0.075,3,0.028888888888888888,872,0,0
38,8,37,0.2,wave,0.075,3,0.028888888888888888,874,0,0
38,8,38,0.2,wave,0.075,3,0.028888888888888888,856,0,0
38,8,39,0.2,wave,0.075,3,0.028888888888888888,848,0,0
38,8,40,0.2,wave,0.075,3,0.028888888888888888,840,0,0
38,8,41,0.2,wave,0.075,3,0.028888888888888888,848,0,0
38,8,42,0.2,wave,0.075,3,0.028888888888888888,841,0,0
38,8,43,0.2,wave,0.075,3,0.028888888888888888,831,0,0
38,8,44,0.2,wave,0.075,3,0.028888888888888888,814,0,0
38,8,45,0.2,wave,0.075,3,0.028888888888888888,815,0,0
38,8,46,0.2,wave,0.075,3,0.028888888888888888,812,0,0
38,8,47,0.2,wave,0.075,3,0.028888888888888888,815,0,0
38,8,48,0.2,wave,0.075,3,0.028888888888888888,811,0,0
38,8,49,0.2,wave,0.075,3,0.028888888888888888,814,0,0
38,8,50,0.2,wave,0.075,3,0.028888888888888888,809,0,0
38,8,51,0.2,wave,0.075,3,0.028888888888888888,809,0,0
38,8,52,0.2,wave,0.075,3,0.028888888888888888,808,0,0
38,9,1,0.2,wave,0.075,3,0.028888888888888888,790,0,0
38,9,2,0.2,wave,0.075,3,0.028888888888888888,786,0,0
38,9,3,0.2,wave,0.075,3,0.028888888888888888,776,0,0
38,9,4,0.2,wave,0.075,3,0.028888888888888888,771,0,0
38,9,5,0.2,wave,0.075,3,0.028888888888888888,776,0,0
38,9,6,0.2,wave,0.075,3,0.028888888888888888,773,0,0
38,9,7,0.2,wave,0.075,3,0.028888888888888888,771,0,0
38,9,8,0.2,wave,0.075,3,0.028888888888888888,769,0,0
38,9,9,0.2,wave,0.075,3,0.028888888888888888,753,0,0
38,9,10,0.2,wave,0.075,3,0.028888888888888888,750,0,0
38,9,11,0.2,wave,0.075,3,0.028888888888888888,752,0,0
38,9,12,0.2,wave,0.075,3,0.028888888888888888,751,0,0
38,9,13,0.2,wave,0.075,3,0.028888888888888888,753,0,0
38,9,14,0.2,wave,0.075,3,0.028888888888888888,750,0,0
38,9,15,0.2,wave,0.075,3,0.028888888888888888,749,0,0
38,9,16,0.2,wave,0.075,3,0.028888888888888888,749,0,0
38,9,17,0.2,wave,0.075,3,0.028888888888888888,751,0,0
38,9,18,0.2,wave,0.075,3,0.028888888888888888,751,0,0
38,9,19,0.2,wave,0.075,3,0.028888888888888888,741,0,0
38,9,20,0.2,wave,0.075,3,0.028888888888888888,1084,0,0
38,9,21,0.2,wave,0.075,3,0.028888888888888888,1043,0,0
38,9,22,0.2,wave,0.075,3,0.028888888888888888,1016,0,0
38,9,23,0.2,wave,0.075,3,0.028888888888888888,1015,0,0
38,9,24,0.2,wave,0.075,3,0.028888888888888888,1003,0,0
38,9,25,0.2,wave,0.075,3,0.028888888888888888,1002,0,0
38,9,26,0.2,wave,0.075,3,0.028888888888888888,951,0,0
38,9,27,0.2,wave,0.075,3,0.028888888888888888,959,0,0
38,9,28,0.2,wave,0.075,3,0.028888888888888888,951,0,0
38,9,29,0.2,wave,0.075,3,0.028888888888888888,958,0,0
38,9,30,0.2,wave,0.075,3,0.028888888888888888,936,0,0
38,9,31,0.2,wave,0.075,3,0.028888888888888888,943,0,0
38,9,32,0.2,wave,0.075,3,0.028888888888888888,932,0,0
38,9,33,0.2,wave,0.075,3,0.028888888888888888,932,0,0
38,9,34,0.2,wave,0.075,3,0.028888888888888888,922,0,0
38,9,35,0.2,wave,0.075,3,0.028888888888888888,937,0,0
38,9,36,0.2,wave,0.075,3,0.028888888888888888,930,0,0
38,9,37,0.2,wave,0.075,3,0.028888888888888888,937,0,0
38,9,38,0.2,wave,0.075,3,0.028888888888888888,920,0,0
38,9,39,0.2,wave,0.075,3,0.028888888888888888,912,0,0
38,9,40,0.2,wave,0.075,3,0.028888888888888888,887,0,0
38,9,41,0.2,wave,0.075,3,0.028888888888888888,894,0,0
38,9,42,0.2,wave,0.075,3,0.028888888888888888,878,0,0
38,9,43,0.2,wave,0.075,3,0.028888888888888888,881,0,0
38,9,44,0.2,wave,0.075,3,0.028888888888888888,876,0,0
38,9,45,0.2,wave,0.075,3,0.028888888888888888,882,0,0
38,9,46,0.2,wave,0.075,3,0.028888888888888888,862,0,0
38,9,47,0.2,wave,0.075,3,0.028888888888888888,860,0,0
38,9,48,0.2,wave,0.075,3,0.028888888888888888,849,0,0
38,9,49,0.2,wave,0.075,3,0.028888888888888888,856,0,0
38,9,50,0.2,wave,0.075,3,0.028888888888888888,847,0,0
38,9,51,0.2,wave,0.075,3,0.028888888888888888,851,0,0
38,9,52,0.2,wave,0.075,3,0.028888888888888888,847,0,0
38,10,1,0.2,wave,0.075,3,0.028888888888888888,848,0,0
38,10,2,0.2,wave,0.075,3,0.028888888888888888,843,0,0
38,10,3,0.2,wave,0.075,3,0.028888888888888888,843,0,0
38,10,4,0.2,wave,0.075,3,0.028888888888888888,839,0,0
38,10,5,0.2,wave,0.075,3,0.028888888888888888,840,0,0
38,10,6,0.2,wave,0.075,3,0.028888888888888888,835,0,0
38,10,7,0.2,wave,0.075,3,0.028888888888888888,835,0,0
38,10,8,0.2,wave,0.075,3,0.028888888888888888,835,0,0
38,10,9,0.2,wave,0.075,3,0.028888888888888888,835,0,0
38,10,10,0.2,wave,0.075,3,0.028888888888888888,830,0,0
38,10,11,0.2,wave,0.075,3,0.028888888888888888,815,0,0
38,10,12,0.2,wave,0.075,3,0.028888888888888888,813,0,0
38,10,13,0.2,wave,0.075,3,0.028888888888888888,814,0,0
38,10,14,0.2,wave,0.075,3,0.028888888888888888,813,0,0
38,10,15,0.2,wave,0.075,3,0.028888888888888888,815,0,0
38,10,16,0.2,wave,0.075,3,0.028888888888888888,814,0,0
38,10,17,0.2,wave,0.075,3,0.028888888888888888,815,0,0
38,10,18,0.2,wave,0.075,3,0.028888888888888888,813,0,0
38,10,19,0.2,wave,0.075,3,0.028888888888888888,814,0,0
38,10,20,0.2,wave,0.075,3,0.028888888888888888,1188,0,0
38,10,21,0.2,wave,0.075,3,0.028888888888888888,1194,0,0
38,10,22,0.2,wave,0.075,3,0.028888888888888888,1142,0,0
38,10,23,0.2,wave,0.075,3,0.028888888888888888,1149,0,0
38,10,24,0.2,wave,0.075,3,0.028888888888888888,1133,0,0
38,10,25,0.2,wave,0.075,3,0.028888888888888888,1066,0,0
38,10,26,0.2,wave,0.075,3,0.028888888888888888,1062,0,0
38,10,27,0.2,wave,0.075,3,0.028888888888888888,1054,0,0
38,10,28,0.2,wave,0.075,3,0.028888888888888888,1050,0,0
38,10,29,0.2,wave,0.075,3,0.028888888888888888,1042,0,0
38,10,30,0.2,wave,0.075,3,0.028888888888888888,999,0,0
38,10,31,0.2,wave,0.075,3,0.028888888888888888,1004,0,0
38,10,32,0.2,wave,0.075,3,0.028888888888888888,976,0,0
38,10,33,0.2,wave,0.075,3,0.028888888888888888,957,0,0
38,10,34,0.2,wave,0.075,3,0.028888888888888888,944,0,0
38,10,35,0.2,wave,0.075,3,0.028888888888888888,945,0,0
38,10,36,0.2,wave,0.075,3,0.028888888888888888,933,0,0
38,10,37,0.2,wave,0.075,3,0.028888888888888888,895,0,0
38,10,38,0.2,wave,0.075,3,0.028888888888888888,885,0,0
38,10,39,0.2,wave,0.075,3,0.028888888888888888,885,0,0
38,10,40,0.2,wave,0.075,3,0.028888888888888888,888,0,0
38,10,41,0.2,wave,0.075,3,0.028888888888888888,875,0,0
38,10,42,0.2,wave,0.075,3,0.028888888888888888,872,0,0
38,10,43,0.2,wave,0.075,3,0.028888888888888888,875,0,0
38,10,44,0.2,wave,0.075,3,0.028888888888888888,863,0,0
38,10,45,0.2,wave,0.075,3,0.028888888888888888,864,0,0
38,10,46,0.2,wave,0.075,3,0.028888888888888888,859,0,0
38,10,47,0.2,wave,0.075,3,0.028888888888888888,862,0,0
38,10,48,0.2,wave,0.075,3,0.028888888888888888,858,0,0
38,10,49,0.2,wave,0.075,3,0.028888888888888888,856,0,0
38,10,50,0.2,wave,0.075,3,0.028888888888888888,849,0,0
38,10,51,0.2,wave,0.075,3,0.028888888888888888,848,0,0
38,10,52,0.2,wave,0.075,3,0.028888888888888888,848,0,0
39,1,1,0.2,wave,0.075,3,0.01611111111111111,6533,58,12
39,1,2,0.2,wave,0.075,3,0.01611111111111111,6477,75,25
39,1,3,0.2,wave,0.075,3,0.01611111111111111,6378,95,45
39,1,4,0.2,wave,0.075,3,0.01611111111111111,6209,128,38
39,1,5,0.2,wave,0.075,3,0.01611111111111111,6110,177,57
39,1,6,0.2,wave,0.075,3,0.01611111111111111,5890,195,62
39,1,7,0.2,wave,0.075,3,0.01611111111111111,5761,264,98
39,1,8,0.2,wave,0.075,3,0.01611111111111111,5512,335,109
39,1,9,0.2,wave,0.075,3,0.01611111111111111,5418,397,143
39,1,10,0.2,wave,0.075,3,0.01611111111111111,5272,470,182
39,1,11,0.2,wave,0.075,3,0.01611111111111111,5123,528,212
39,1,12,0.2,wave,0.075,3,0.01611111111111111,4957,574,230
39,1,13,0.2,wave,0.075,3,0.01611111111111111,4770,578,251
39,1,14,0.2,wave,0.075,3,0.01611111111111111,4478,573,258
39,1,15,0.2,wave,0.075,3,0.01611111111111111,4297,589,283
39,1,16,0.2,wave,0.075,3,0.01611111111111111,4094,558,278
39,1,17,0.2,wave,0.075,3,0.01611111111111111,3993,556,291
39,1,18,0.2,wave,0.075,3,0.01611111111111111,3748,503,257
39,1,19,0.2,wave,0.075,3,0.01611111111111111,3600,457,243
39,1,20,0.2,wave,0.075,3,0.01611111111111111,5055,436,228
39,1,21,0.2,wave,0.075,3,0.01611111111111111,4815,472,220
39,1,22,0.2,wave,0.075,3,0.01611111111111111,4591,503,208
39,1,23,0.2,wave,0.075,3,0.01611111111111111,4452,498,204
39,1,24,0.2,wave,0.075,3,0.01611111111111111,4173,522,213
39,1,25,0.2,wave,0.075,3,0.01611111111111111,4057,530,231
39,1,26,0.2,wave,0.075,3,0.01611111111111111,3864,534,240
39,1,27,0.2,wave,0.075,3,0.01611111111111111,3652,551,255
39,1,28,0.2,wave,0.075,3,0.01611111111111111,3475,536,258
39,1,29,0.2,wave,0.075,3,0.01611111111111111,3284,538,252
39,1,30,0.2,wave,0.075,3,0.01611111111111111,3099,510,234
39,1,31,0.2,wave,0.075,3,0.01611111111111111,2930,480,223
39,1,32,0.2,wave,0.075,3,0.01611111111111111,2809,460,224
39,1,33,0.2,wave,0.075,3,0.01611111111111111,2701,435,221
39,1,34,0.2,wave,0.075,3,0.01611111111111111,2602,428,214
39,1,35,0.2,wave,0.075,3,0.01611111111111111,2503,426,197
39,1,36,0.2,wave,0.075,3,0.01611111111111111,2396,392,194
39,1,37,0.2,wave,0.075,3,0.01611111111111111,2282,361,185
39,1,38,0.2,wave,0.075,3,0.01611111111111111,2188,358,177
39,1,39,0.2,wave,0.075,3,0.01611111111111111,2118,331,164
39,1,40,0.2,wave,0.075,3,0.01611111111111111,2031,293,146
39,1,41,0.2,wave,0.075,3,0.01611111111111111,1973,289,148
39,1,42,0.2,wave,0.075,3,0.01611111111111111,1898,273,136
39,1,43,0.2,wave,0.075,3,0.01611111111111111,1844,257,125
39,1,44,0.2,wave,0.075,3,0.01611111111111111,1768,222,113
39,1,45,0.2,wave,0.075,3,0.01611111111111111,1726,211,107
39,1,46,0.2,wave,0.075,3,0.01611111111111111,1677,185,111
39,1,47,0.2,wave,0.075,3,0.01611111111111111,1629,163,99
39,1,48,0.2,wave,0.075,3,0.01611111111111111,1573,136,93
39,1,49,0.2,wave,0.075,3,0.01611111111111111,1522,106,74
39,1,50,0.2,wave,0.075,3,0.01611111111111111,1482,93,59
39,1,51,0.2,wave,0.075,3,0.01611111111111111,1453,75,46
39,1,52,0.2,wave,0.075,3,0.01611111111111111,1413,60,35
39,2,1,0.2,wave,0.075,3,0.01611111111111111,1382,64,35
39,2,2,0.2,wave,0.075,3,0.01611111111111111,1366,58,31
39,2,3,0.2,wave,0.075,3,0.01611111111111111,1339,51,28
39,2,4,0.2,wave,0.075,3,0.01611111111111111,1324,54,23
39,2,5,0.2,wave,0.075,3,0.01611111111111111,1303,51,25
39,2,6,0.2,wave,0.075,3,0.01611111111111111,1279,44,23
39,2,7,0.2,wave,0.075,3,0.01611111111111111,1268,45,29
39,2,8,0.2,wave,0.075,3,0.01611111111111111,1243,39,21
39,2,9,0.2,wave,0.075,3,0.01611111111111111,1215,31,18
39,2,10,0.2,wave,0.075,3,0.01611111111111111,1201,25,15
39,2,11,0.2,wave,0.075,3,0.01611111111111111,1187,25,16
39,2,12,0.2,wave,0.075,3,0.01611111111111111,1184,21,13
39,2,13,0.2,wave,0.075,3,0.01611111111111111,1156,15,9
39,2,14,0.2,wave,0.075,3,0.01611111111111111,1154,14,7
39,2,15,0.2,wave,0.075,3,0.01611111111111111,1139,12,5
39,2,16,0.2,wave,0.075,3,0.01611111111111111,1135,10,4
39,2,17,0.2,wave,0.075,3,0.01611111111111111,1127,8,5
39,2,18,0.2,wave,0.075,3,0.01611111111111111,1124,9,7
39,2,19,0.2,wave,0.075,3,0.01611111111111111,1116,9,6
39,2,20,0.2,wave,0.075,3,0.01611111111111111,1558,6,4
39,2,21,0.2,wave,0.075,3,0.01611111111111111,1528,5,2
39,2,22,0.2,wave,0.075,3,0.01611111111111111,1530,5,1
39,2,23,0.2,wave,0.075,3,0.01611111111111111,1507,4,0
39,2,24,0.2,wave,0.075,3,0.01611111111111111,1523,4,2
39,2,25,0.2,wave,0.075,3,0.01611111111111111,1511,6,2
39,2,26,0.2,wave,0.075,3,0.01611111111111111,1478,6,4
39,2,27,0.2,wave,0.075,3,0.01611111111111111,1464,4,2
39,2,28,0.2,wave,0.075,3,0.01611111111111111,1463,5,2
39,2,29,0.2,wave,0.075,3,0.01611111111111111,1462,5,2
39,2,30,0.2,wave,0.075,3,0.01611111111111111,1447,8,3
39,2,31,0.2,wave,0.075,3,0.01611111111111111,1434,7,3
39,2,32,0.2,wave,0.075,3,0.01611111111111111,1416,7,3
39,2,33,0.2,wave,0.075,3,0.01611111111111111,1409,8,5
39,2,34,0.2,wave,0.075,3,0.01611111111111111,1396,8,5
39,2,35,0.2,wave,0.075,3,0.01611111111111111,1385,7,5
39,2,36,0.2,wave,0.075,3,0.01611111111111111,1351,7,3
39,2,37,0.2,wave,0.075,3,0.01611111111111111,1358,6,4
39,2,38,0.2,wave,0.075,3,0.01611111111111111,1316,5,4
39,2,39,0.2,wave,0.075,3,0.01611111111111111,1313,5,3
39,2,40,0.2,wave,0.075,3,0.01611111111111111,1286,6,2
39,2,41,0.2,wave,0.075,3,0.01611111111111111,1294,6,2
39,2,42,0.2,wave,0.075,3,0.01611111111111111,1282,6,3
39,2,43,0.2,wave,0.075,3,0.01611111111111111,1280,6,4
39,2,44,0.2,wave,0.075,3,0.01611111111111111,1262,5,3
39,2,45,0.2,wave,0.075,3,0.01611111111111111,1261,4,3
39,2,46,0.2,wave,0.075,3,0.01611111111111111,1243,3,2
39,2,47,0.2,wave,0.075,3,0.01611111111111111,1243,3,2
39,2,48,0.2,wave,0.075,3,0.01611111111111111,1234,2,1
39,2,49,0.2,wave,0.075,3,0.01611111111111111,1226,1,1
39,2,50,0.2,wave,0.075,3,0.01611111111111111,1212,1,1
39,2,51,0.2,wave,0.075,3,0.01611111111111111,1210,2,1
39,2,52,0.2,wave,0.075,3,0.01611111111111111,1198,1,0
39,3,1,0.2,wave,0.075,3,0.01611111111111111,1194,1,1
39,3,2,0.2,wave,0.075,3,0.01611111111111111,1174,1,1
39,3,3,0.2,wave,0.075,3,0.01611111111111111,1164,1,1
39,3,4,0.2,wave,0.075,3,0.01611111111111111,1147,0,0
39,3,5,0.2,wave,0.075,3,0.01611111111111111,1145,0,0
39,3,6,0.2,wave,0.075,3,0.01611111111111111,1136,0,0
39,3,7,0.2,wave,0.075,3,0.01611111111111111,1126,0,0
39,3,8,0.2,wave,0.075,3,0.01611111111111111,1115,0,0
39,3,9,0.2,wave,0.075,3,0.01611111111111111,1110,0,0
39,3,10,0.2,wave,0.075,3,0.01611111111111111,1104,0,0
39,3,11,0.2,wave,0.075,3,0.01611111111111111,1105,0,0
39,3,12,0.2,wave,0.075,3,0.01611111111111111,1080,0,0
39,3,13,0.2,wave,0.075,3,0.01611111111111111,1081,0,0
39,3,14,0.2,wave,0.075,3,0.01611111111111111,1072,0,0
39,3,15,0.2,wave,0.075,3,0.01611111111111111,1066,0,0
39,3,16,0.2,wave,0.075,3,0.01611111111111111,1047,0,0
39,3,17,0.2,wave,0.075,3,0.01611111111111111,1043,0,0
39,3,18,0.2,wave,0.075,3,0.01611111111111111,1036,0,0
39,3,19,0.2,wave,0.075,3,0.01611111111111111,1032,0,0
39,3,20,0.2,wave,0.075,3,0.01611111111111111,1567,0,0
39,3,21,0.2,wave,0.075,3,0.01611111111111111,1531,0,0
39,3,22,0.2,wave,0.075,3,0.01611111111111111,1496,0,0
39,3,23,0.2,wave,0.075,3,0.01611111111111111,1497,0,0
39,3,24,0.2,wave,0.075,3,0.01611111111111111,1473,0,0
39,3,25,0.2,wave,0.075,3,0.01611111111111111,1436,0,0
39,3,26,0.2,wave,0.075,3,0.01611111111111111,1386,0,0
39,3,27,0.2,wave,0.075,3,0.01611111111111111,1371,0,0
39,3,28,0.2,wave,0.075,3,0.01611111111111111,1370,0,0
39,3,29,0.2,wave,0.075,3,0.01611111111111111,1362,0,0
39,3,30,0.2,wave,0.075,3,0.01611111111111111,1359,0,0
39,3,31,0.2,wave,0.075,3,0.01611111111111111,1346,0,0
39,3,32,0.2,wave,0.075,3,0.01611111111111111,1334,0,0
39,3,33,0.2,wave,0.075,3,0.01611111111111111,1329,0,0
39,3,34,0.2,wave,0.075,3,0.01611111111111111,1299,0,0
39,3,35,0.2,wave,0.075,3,0.01611111111111111,1287,1,0
39,3,36,0.2,wave,0.075,3,0.01611111111111111,1271,0,0
39,3,37,0.2,wave,0.075,3,0.01611111111111111,1268,1,1
39,3,38,0.2,wave,0.075,3,0.01611111111111111,1244,0,0
39,3,39,0.2,wave,0.075,3,0.01611111111111111,1214,1,1
39,3,40,0.2,wave,0.075,3,0.01611111111111111,1198,0,0
39,3,41,0.2,wave,0.075,3,0.01611111111111111,1162,1,0
39,3,42,0.2,wave,0.075,3,0.01611111111111111,1154,0,0
39,3,43,0.2,wave,0.075,3,0.01611111111111111,1149,1,1
39,3,44,0.2,wave,0.075,3,0.01611111111111111,1134,0,0
39,3,45,0.2,wave,0.075,3,0.01611111111111111,1126,5,2
39,3,46,0.2,wave,0.075,3,0.01611111111111111,1115,0,0
39,3,47,0.2,wave,0.075,3,0.01611111111111111,1110,4,3
39,3,48,0.2,wave,0.075,3,0.01611111111111111,1101,0,0
39,3,49,0.2,wave,0.075,3,0.01611111111111111,1102,3,2
39,3,50,0.2,wave,0.075,3,0.01611111111111111,1083,0,0
39,3,51,0.2,wave,0.075,3,0.01611111111111111,1068,2,2
39,3,52,0.2,wave,0.075,3,0.01611111111111111,1048,1,1
39,4,1,0.2,wave,0.075,3,0.01611111111111111,1035,1,0
39,4,2,0.2,wave,0.075,3,0.01611111111111111,1013,0,0
39,4,3,0.2,wave,0.075,3,0.01611111111111111,1014,1,0
39,4,4,0.2,wave,0.075,3,0.01611111111111111,1000,0,0
39,4,5,0.2,wave,0.075,3,0.01611111111111111,998,1,1
39,4,6,0.2,wave,0.075,3,0.01611111111111111,984,0,0
39,4,7,0.2,wave,0.075,3,0.01611111111111111,989,2,2
39,4,8,0.2,wave,0.075,3,0.01611111111111111,971,0,0
39,4,9,0.2,wave,0.075,3,0.01611111111111111,978,1,1
39,4,10,0.2,wave,0.075,3,0.01611111111111111,967,0,0
39,4,11,0.2,wave,0.075,3,0.01611111111111111,961,1,0
39,4,12,0.2,wave,0.075,3,0.01611111111111111,959,0,0
39,4,13,0.2,wave,0.075,3,0.01611111111111111,951,1,0
39,4,14,0.2,wave,0.075,3,0.01611111111111111,949,0,0
39,4,15,0.2,wave,0.075,3,0.01611111111111111,944,1,1
39,4,16,0.2,wave,0.075,3,0.01611111111111111,947,0,0
39,4,17,0.2,wave,0.075,3,0.01611111111111111,941,0,0
39,4,18,0.2,wave,0.075,3,0.01611111111111111,944,0,0
39,4,19,0.2,wave,0.075,3,0.01611111111111111,940,0,0
39,4,20,0.2,wave,0.075,3,0.01611111111111111,1420,0,0
39,4,21,0.2,wave,0.075,3,0.01611111111111111,1401,0,0
39,4,22,0.2,wave,0.075,3,0.01611111111111111,1416,0,0
39,4,23,0.2,wave,0.075,3,0.01611111111111111,1378,0,0
39,4,24,0.2,wave,0.075,3,0.01611111111111111,1383,0,0
39,4,25,0.2,wave,0.075,3,0.01611111111111111,1369,0,0
39,4,26,0.2,wave,0.075,3,0.01611111111111111,1353,0,0
39,4,27,0.2,wave,0.075,3,0.01611111111111111,1299,0,0
39,4,28,0.2,wave,0.075,3,0.01611111111111111,1278,0,0
39,4,29,0.2,wave,0.075,3,0.01611111111111111,1256,0,0
39,4,30,0.2,wave,0.075,3,0.01611111111111111,1264,0,0
39,4,31,0.2,wave,0.075,3,0.01611111111111111,1241,0,0
39,4,32,0.2,wave,0.075,3,0.01611111111111111,1243,0,0
39,4,33,0.2,wave,0.075,3,0.01611111111111111,1196,0,0
39,4,34,0.2,wave,0.075,3,0.01611111111111111,1185,0,0
39,4,35,0.2,wave,0.075,3,0.01611111111111111,1163,0,0
39,4,36,0.2,wave,0.075,3,0.01611111111111111,1148,0,0
39,4,37,0.2,wave,0.075,3,0.01611111111111111,1136,0,0
39,4,38,0.2,wave,0.075,3,0.01611111111111111,1136,0,0
39,4,39,0.2,wave,0.075,3,0.01611111111111111,1120,0,0
39,4,40,0.2,wave,0.075,3,0.01611111111111111,1118,0,0
39,4,41,0.2,wave,0.075,3,0.01611111111111111,1109,0,0
39,4,42,0.2,wave,0.075,3,0.01611111111111111,1089,0,0
39,4,43,0.2,wave,0.075,3,0.01611111111111111,1070,0,0
39,4,44,0.2,wave,0.075,3,0.01611111111111111,1066,0,0
39,4,45,0.2,wave,0.075,3,0.01611111111111111,1060,0,0
39,4,46,0.2,wave,0.075,3,0.01611111111111111,1053,0,0
39,4,47,0.2,wave,0.075,3,0.01611111111111111,1038,0,0
39,4,48,0.2,wave,0.075,3,0.01611111111111111,1028,0,0
39,4,49,0.2,wave,0.075,3,0.01611111111111111,1023,0,0
39,4,50,0.2,wave,0.075,3,0.01611111111111111,1013,0,0
39,4,51,0.2,wave,0.075,3,0.01611111111111111,1007,0,0
39,4,52,0.2,wave,0.075,3,0.01611111111111111,991,0,0
39,5,1,0.2,wave,0.075,3,0.01611111111111111,981,0,0
39,5,2,0.2,wave,0.075,3,0.01611111111111111,962,0,0
39,5,3,0.2,wave,0.075,3,0.01611111111111111,948,0,0
39,5,4,0.2,wave,0.075,3,0.01611111111111111,951,0,0
39,5,5,0.2,wave,0.075,3,0.01611111111111111,941,0,0
39,5,6,0.2,wave,0.075,3,0.01611111111111111,942,0,0
39,5,7,0.2,wave,0.075,3,0.01611111111111111,932,0,0
39,5,8,0.2,wave,0.075,3,0.01611111111111111,934,0,0
39,5,9,0.2,wave,0.075,3,0.01611111111111111,922,0,0
39,5,10,0.2,wave,0.075,3,0.01611111111111111,925,0,0
39,5,11,0.2,wave,0.075,3,0.01611111111111111,917,0,0
39,5,12,0.2,wave,0.075,3,0.01611111111111111,922,0,0
39,5,13,0.2,wave,0.075,3,0.01611111111111111,901,0,0
39,5,14,0.2,wave,0.075,3,0.01611111111111111,907,0,0
39,5,15,0.2,wave,0.075,3,0.01611111111111111,897,0,0
39,5,16,0.2,wave,0.075,3,0.01611111111111111,891,0,0
39,5,17,0.2,wave,0.075,3,0.01611111111111111,887,0,0
39,5,18,0.2,wave,0.075,3,0.01611111111111111,884,0,0
39,5,19,0.2,wave,0.075,3,0.01611111111111111,885,0,0
39,5,20,0.2,wave,0.075,3,0.01611111111111111,1347,0,0
39,5,21,0.2,wave,0.075,3,0.01611111111111111,1310,0,0
39,5,22,0.2,wave,0.075,3,0.01611111111111111,1288,0,0
39,5,23,0.2,wave,0.075,3,0.01611111111111111,1252,0,0
39,5,24,0.2,wave,0.075,3,0.01611111111111111,1244,0,0
39,5,25,0.2,wave,0.075,3,0.01611111111111111,1236,0,0
39,5,26,0.2,wave,0.075,3,0.01611111111111111,1227,0,0
39,5,27,0.2,wave,0.075,3,0.01611111111111111,1216,0,0
39,5,28,0.2,wave,0.075,3,0.01611111111111111,1211,0,0
39,5,29,0.2,wave,0.075,3,0.01611111111111111,1203,0,0
39,5,30,0.2,wave,0.075,3,0.01611111111111111,1197,0,0
39,5,31,0.2,wave,0.075,3,0.01611111111111111,1175,0,0
39,5,32,0.2,wave,0.075,3,0.01611111111111111,1140,0,0
39,5,33,0.2,wave,0.075,3,0.01611111111111111,1128,0,0
39,5,34,0.2,wave,0.075,3,0.01611111111111111,1127,0,0
39,5,35,0.2,wave,0.075,3,0.01611111111111111,1091,0,0
39,5,36,0.2,wave,0.075,3,0.01611111111111111,1086,0,0
39,5,37,0.2,wave,0.075,3,0.01611111111111111,1072,0,0
39,5,38,0.2,wave,0.075,3,0.01611111111111111,1065,0,0
39,5,39,0.2,wave,0.075,3,0.01611111111111111,1058,0,0
39,5,40,0.2,wave,0.075,3,0.01611111111111111,1041,0,0
39,5,41,0.2,wave,0.075,3,0.01611111111111111,1033,0,0
39,5,42,0.2,wave,0.075,3,0.01611111111111111,1030,0,0
39,5,43,0.2,wave,0.075,3,0.01611111111111111,1016,0,0
39,5,44,0.2,wave,0.075,3,0.01611111111111111,1010,0,0
39,5,45,0.2,wave,0.075,3,0.01611111111111111,983,0,0
39,5,46,0.2,wave,0.075,3,0.01611111111111111,962,0,0
39,5,47,0.2,wave,0.075,3,0.01611111111111111,962,0,0
39,5,48,0.2,wave,0.075,3,0.01611111111111111,953,0,0
39,5,49,0.2,wave,0.075,3,0.01611111111111111,938,0,0
39,5,50,0.2,wave,0.075,3,0.01611111111111111,933,0,0
39,5,51,0.2,wave,0.075,3,0.01611111111111111,922,0,0
39,5,52,0.2,wave,0.075,3,0.01611111111111111,922,0,0
39,6,1,0.2,wave,0.075,3,0.01611111111111111,914,0,0
39,6,2,0.2,wave,0.075,3,0.01611111111111111,909,0,0
39,6,3,0.2,wave,0.075,3,0.01611111111111111,905,0,0
39,6,4,0.2,wave,0.075,3,0.01611111111111111,902,0,0
39,6,5,0.2,wave,0.075,3,0.01611111111111111,898,0,0
39,6,6,0.2,wave,0.075,3,0.01611111111111111,896,0,0
39,6,7,0.2,wave,0.075,3,0.01611111111111111,884,0,0
39,6,8,0.2,wave,0.075,3,0.01611111111111111,884,0,0
39,6,9,0.2,wave,0.075,3,0.01611111111111111,874,0,0
39,6,10,0.2,wave,0.075,3,0.01611111111111111,863,0,0
39,6,11,0.2,wave,0.075,3,0.01611111111111111,869,0,0
39,6,12,0.2,wave,0.075,3,0.01611111111111111,844,0,0
39,6,13,0.2,wave,0.075,3,0.01611111111111111,857,0,0
39,6,14,0.2,wave,0.075,3,0.01611111111111111,846,0,0
39,6,15,0.2,wave,0.075,3,0.01611111111111111,854,0,0
39,6,16,0.2,wave,0.075,3,0.01611111111111111,844,0,0
39,6,17,0.2,wave,0.075,3,0.01611111111111111,842,0,0
39,6,18,0.2,wave,0.075,3,0.01611111111111111,843,0,0
39,6,19,0.2,wave,0.075,3,0.01611111111111111,828,0,0
39,6,20,0.2,wave,0.075,3,0.01611111111111111,1238,0,0
39,6,21,0.2,wave,0.075,3,0.01611111111111111,1204,0,0
39,6,22,0.2,wave,0.075,3,0.01611111111111111,1164,0,0
39,6,23,0.2,wave,0.075,3,0.01611111111111111,1153,0,0
39,6,24,0.2,wave,0.075,3,0.01611111111111111,1160,0,0
39,6,25,0.2,wave,0.075,3,0.01611111111111111,1129,0,0
39,6,26,0.2,wave,0.075,3,0.01611111111111111,1087,0,0
39,6,27,0.2,wave,0.075,3,0.01611111111111111,1082,0,0
39,6,28,0.2,wave,0.075,3,0.01611111111111111,1034,0,0
39,6,29,0.2,wave,0.075,3,0.01611111111111111,1028,0,0
39,6,30,0.2,wave,0.075,3,0.01611111111111111,1029,0,0
39,6,31,0.2,wave,0.075,3,0.01611111111111111,1022,0,0
39,6,32,0.2,wave,0.075,3,0.01611111111111111,1023,0,0
39,6,33,0.2,wave,0.075,3,0.01611111111111111,1004,0,0
39,6,34,0.2,wave,0.075,3,0.01611111111111111,1010,0,0
39,6,35,0.2,wave,0.075,3,0.01611111111111111,1002,0,0
39,6,36,0.2,wave,0.075,3,0.01611111111111111,984,0,0
39,6,37,0.2,wave,0.075,3,0.01611111111111111,989,0,0
39,6,38,0.2,wave,0.075,3,0.01611111111111111,970,0,0
39,6,39,0.2,wave,0.075,3,0.01611111111111111,952,0,0
39,6,40,0.2,wave,0.075,3,0.01611111111111111,934,0,0
39,6,41,0.2,wave,0.075,3,0.01611111111111111,936,0,0
39,6,42,0.2,wave,0.075,3,0.01611111111111111,917,0,0
39,6,43,0.2,wave,0.075,3,0.01611111111111111,924,0,0
39,6,44,0.2,wave,0.075,3,0.01611111111111111,910,0,0
39,6,45,0.2,wave,0.075,3,0.01611111111111111,904,0,0
39,6,46,0.2,wave,0.075,3,0.01611111111111111,890,0,0
39,6,47,0.2,wave,0.075,3,0.01611111111111111,896,0,0
39,6,48,0.2,wave,0.075,3,0.01611111111111111,883,0,0
39,6,49,0.2,wave,0.075,3,0.01611111111111111,884,0,0
39,6,50,0.2,wave,0.075,3,0.01611111111111111,870,0,0
39,6,51,0.2,wave,0.075,3,0.01611111111111111,868,0,0
39,6,52,0.2,wave,0.075,3,0.01611111111111111,854,0,0
39,7,1,0.2,wave,0.075,3,0.01611111111111111,860,0,0
39,7,2,0.2,wave,0.075,3,0.01611111111111111,846,0,0
39,7,3,0.2,wave,0.075,3,0.01611111111111111,845,0,0
39,7,4,0.2,wave,0.075,3,0.01611111111111111,813,0,0
39,7,5,0.2,wave,0.075,3,0.01611111111111111,822,0,0
39,7,6,0.2,wave,0.075,3,0.01611111111111111,802,0,0
39,7,7,0.2,wave,0.075,3,0.01611111111111111,811,0,0
39,7,8,0.2,wave,0.075,3,0.01611111111111111,786,0,0
39,7,9,0.2,wave,0.075,3,0.01611111111111111,781,0,0
39,7,10,0.2,wave,0.075,3,0.01611111111111111,768,0,0
39,7,11,0.2,wave,0.075,3,0.01611111111111111,778,0,0
39,7,12,0.2,wave,0.075,3,0.01611111111111111,768,0,0
39,7,13,0.2,wave,0.075,3,0.01611111111111111,775,0,0
39,7,14,0.2,wave,0.075,3,0.01611111111111111,762,0,0
39,7,15,0.2,wave,0.075,3,0.01611111111111111,772,0,0
39,7,16,0.2,wave,0.075,3,0.01611111111111111,761,0,0
39,7,17,0.2,wave,0.075,3,0.01611111111111111,769,0,0
39,7,18,0.2,wave,0.075,3,0.01611111111111111,760,0,0
39,7,19,0.2,wave,0.075,3,0.01611111111111111,768,0,0
39,7,20,0.2,wave,0.075,3,0.01611111111111111,1111,0,0
39,7,21,0.2,wave,0.075,3,0.01611111111111111,1126,0,0
39,7,22,0.2,wave,0.075,3,0.01611111111111111,1084,0,0
39,7,23,0.2,wave,0.075,3,0.01611111111111111,1101,0,0
39,7,24,0.2,wave,0.075,3,0.01611111111111111,1067,0,0
39,7,25,0.2,wave,0.075,3,0.01611111111111111,1032,0,0
39,7,26,0.2,wave,0.075,3,0.01611111111111111,1005,0,0
39,7,27,0.2,wave,0.075,3,0.01611111111111111,1022,0,0
39,7,28,0.2,wave,0.075,3,0.01611111111111111,1006,0,0
39,7,29,0.2,wave,0.075,3,0.01611111111111111,1015,0,0
39,7,30,0.2,wave,0.075,3,0.01611111111111111,996,0,0
39,7,31,0.2,wave,0.075,3,0.01611111111111111,970,0,0
39,7,32,0.2,wave,0.075,3,0.01611111111111111,954,0,0
39,7,33,0.2,wave,0.075,3,0.01611111111111111,948,0,0
39,7,34,0.2,wave,0.075,3,0.01611111111111111,919,0,0
39,7,35,0.2,wave,0.075,3,0.01611111111111111,904,0,0
39,7,36,0.2,wave,0.075,3,0.01611111111111111,878,0,0
39,7,37,0.2,wave,0.075,3,0.01611111111111111,883,0,0
39,7,38,0.2,wave,0.075,3,0.01611111111111111,858,0,0
39,7,39,0.2,wave,0.075,3,0.01611111111111111,857,0,0
39,7,40,0.2,wave,0.075,3,0.01611111111111111,839,0,0
39,7,41,0.2,wave,0.075,3,0.01611111111111111,845,0,0
39,7,42,0.2,wave,0.075,3,0.01611111111111111,826,0,0
39,7,43,0.2,wave,0.075,3,0.01611111111111111,834,0,0
39,7,44,0.2,wave,0.075,3,0.01611111111111111,816,0,0
39,7,45,0.2,wave,0.075,3,0.01611111111111111,830,0,0
39,7,46,0.2,wave,0.075,3,0.01611111111111111,809,0,0
39,7,47,0.2,wave,0.075,3,0.01611111111111111,823,0,0
39,7,48,0.2,wave,0.075,3,0.01611111111111111,806,0,0
39,7,49,0.2,wave,0.075,3,0.01611111111111111,820,0,0
39,7,50,0.2,wave,0.075,3,0.01611111111111111,801,0,0
39,7,51,0.2,wave,0.075,3,0.01611111111111111,790,0,0
39,7,52,0.2,wave,0.075,3,0.01611111111111111,790,0,0
39,8,1,0.2,wave,0.075,3,0.01611111111111111,783,0,0
39,8,2,0.2,wave,0.075,3,0.01611111111111111,784,0,0
39,8,3,0.2,wave,0.075,3,0.01611111111111111,763,0,0
39,8,4,0.2,wave,0.075,3,0.01611111111111111,757,0,0
39,8,5,0.2,wave,0.075,3,0.01611111111111111,762,0,0
39,8,6,0.2,wave,0.075,3,0.01611111111111111,752,0,0
39,8,7,0.2,wave,0.075,3,0.01611111111111111,757,0,0
39,8,8,0.2,wave,0.075,3,0.01611111111111111,747,0,0
39,8,9,0.2,wave,0.075,3,0.01611111111111111,754,0,0
39,8,10,0.2,wave,0.075,3,0.01611111111111111,746,0,0
39,8,11,0.2,wave,0.075,3,0.01611111111111111,753,0,0
39,8,12,0.2,wave,0.075,3,0.01611111111111111,743,0,0
39,8,13,0.2,wave,0.075,3,0.01611111111111111,735,0,0
39,8,14,0.2,wave,0.075,3,0.01611111111111111,727,0,0
39,8,15,0.2,wave,0.075,3,0.01611111111111111,734,0,0
39,8,16,0.2,wave,0.075,3,0.01611111111111111,717,0,0
39,8,17,0.2,wave,0.075,3,0.01611111111111111,723,0,0
39,8,18,0.2,wave,0.075,3,0.01611111111111111,715,0,0
39,8,19,0.2,wave,0.075,3,0.01611111111111111,724,0,0
39,8,20,0.2,wave,0.075,3,0.01611111111111111,1006,0,0
39,8,21,0.2,wave,0.075,3,0.01611111111111111,996,0,0
39,8,22,0.2,wave,0.075,3,0.01611111111111111,961,0,0
39,8,23,0.2,wave,0.075,3,0.01611111111111111,968,0,0
39,8,24,0.2,wave,0.075,3,0.01611111111111111,951,0,0
39,8,25,0.2,wave,0.075,3,0.01611111111111111,932,0,0
39,8,26,0.2,wave,0.075,3,0.01611111111111111,928,0,0
39,8,27,0.2,wave,0.075,3,0.01611111111111111,932,0,0
39,8,28,0.2,wave,0.075,3,0.01611111111111111,907,0,0
39,8,29,0.2,wave,0.075,3,0.01611111111111111,911,0,0
39,8,30,0.2,wave,0.075,3,0.01611111111111111,897,0,0
39,8,31,0.2,wave,0.075,3,0.01611111111111111,870,0,0
39,8,32,0.2,wave,0.075,3,0.01611111111111111,868,0,0
39,8,33,0.2,wave,0.075,3,0.01611111111111111,874,0,0
39,8,34,0.2,wave,0.075,3,0.01611111111111111,855,0,0
39,8,35,0.2,wave,0.075,3,0.01611111111111111,861,0,0
39,8,36,0.2,wave,0.075,3,0.01611111111111111,854,0,0
39,8,37,0.2,wave,0.075,3,0.01611111111111111,860,0,0
39,8,38,0.2,wave,0.075,3,0.01611111111111111,840,0,0
39,8,39,0.2,wave,0.075,3,0.01611111111111111,845,0,0
39,8,40,0.2,wave,0.075,3,0.01611111111111111,841,0,0
39,8,41,0.2,wave,0.075,3,0.01611111111111111,843,0,0
39,8,42,0.2,wave,0.075,3,0.01611111111111111,842,0,0
39,8,43,0.2,wave,0.075,3,0.01611111111111111,825,0,0
39,8,44,0.2,wave,0.075,3,0.01611111111111111,838,0,0
39,8,45,0.2,wave,0.075,3,0.01611111111111111,821,0,0
39,8,46,0.2,wave,0.075,3,0.01611111111111111,836,0,0
39,8,47,0.2,wave,0.075,3,0.01611111111111111,819,0,0
39,8,48,0.2,wave,0.075,3,0.01611111111111111,830,0,0
39,8,49,0.2,wave,0.075,3,0.01611111111111111,818,0,0
39,8,50,0.2,wave,0.075,3,0.01611111111111111,828,0,0
39,8,51,0.2,wave,0.075,3,0.01611111111111111,815,0,0
39,8,52,0.2,wave,0.075,3,0.01611111111111111,825,0,0
39,9,1,0.2,wave,0.075,3,0.01611111111111111,810,0,0
39,9,2,0.2,wave,0.075,3,0.01611111111111111,822,0,0
39,9,3,0.2,wave,0.075,3,0.01611111111111111,806,0,0
39,9,4,0.2,wave,0.075,3,0.01611111111111111,814,0,0
39,9,5,0.2,wave,0.075,3,0.01611111111111111,805,0,0
39,9,6,0.2,wave,0.075,3,0.01611111111111111,815,0,0
39,9,7,0.2,wave,0.075,3,0.01611111111111111,802,0,0
39,9,8,0.2,wave,0.075,3,0.01611111111111111,813,0,0
39,9,9,0.2,wave,0.075,3,0.01611111111111111,804,0,0
39,9,10,0.2,wave,0.075,3,0.01611111111111111,811,0,0
39,9,11,0.2,wave,0.075,3,0.01611111111111111,803,0,0
39,9,12,0.2,wave,0.075,3,0.01611111111111111,810,0,0
39,9,13,0.2,wave,0.075,3,0.01611111111111111,803,0,0
39,9,14,0.2,wave,0.075,3,0.01611111111111111,813,0,0
39,9,15,0.2,wave,0.075,3,0.01611111111111111,804,0,0
39,9,16,0.2,wave,0.075,3,0.01611111111111111,811,0,0
39,9,17,0.2,wave,0.075,3,0.01611111111111111,790,0,0
39,9,18,0.2,wave,0.075,3,0.01611111111111111,798,0,0
39,9,19,0.2,wave,0.075,3,0.01611111111111111,788,0,0
39,9,20,0.2,wave,0.075,3,0.01611111111111111,1116,0,0
39,9,21,0.2,wave,0.075,3,0.01611111111111111,1076,0,0
39,9,22,0.2,wave,0.075,3,0.01611111111111111,1069,0,0
39,9,23,0.2,wave,0.075,3,0.01611111111111111,1054,0,0
39,9,24,0.2,wave,0.075,3,0.01611111111111111,1069,0,0
39,9,25,0.2,wave,0.075,3,0.01611111111111111,1041,0,0
39,9,26,0.2,wave,0.075,3,0.01611111111111111,1058,0,0
39,9,27,0.2,wave,0.075,3,0.01611111111111111,1042,0,0
39,9,28,0.2,wave,0.075,3,0.01611111111111111,1045,0,0
39,9,29,0.2,wave,0.075,3,0.01611111111111111,1029,0,0
39,9,30,0.2,wave,0.075,3,0.01611111111111111,1045,0,0
39,9,31,0.2,wave,0.075,3,0.01611111111111111,1006,0,0
39,9,32,0.2,wave,0.075,3,0.01611111111111111,996,0,0
39,9,33,0.2,wave,0.075,3,0.01611111111111111,957,0,0
39,9,34,0.2,wave,0.075,3,0.01611111111111111,974,0,0
39,9,35,0.2,wave,0.075,3,0.01611111111111111,940,0,0
39,9,36,0.2,wave,0.075,3,0.01611111111111111,956,0,0
39,9,37,0.2,wave,0.075,3,0.01611111111111111,934,0,0
39,9,38,0.2,wave,0.075,3,0.01611111111111111,915,0,0
39,9,39,0.2,wave,0.075,3,0.01611111111111111,892,0,0
39,9,40,0.2,wave,0.075,3,0.01611111111111111,889,0,0
39,9,41,0.2,wave,0.075,3,0.01611111111111111,856,0,0
39,9,42,0.2,wave,0.075,3,0.01611111111111111,868,0,0
39,9,43,0.2,wave,0.075,3,0.01611111111111111,853,0,0
39,9,44,0.2,wave,0.075,3,0.01611111111111111,865,0,0
39,9,45,0.2,wave,0.075,3,0.01611111111111111,852,0,0
39,9,46,0.2,wave,0.075,3,0.01611111111111111,862,0,0
39,9,47,0.2,wave,0.075,3,0.01611111111111111,847,0,0
39,9,48,0.2,wave,0.075,3,0.01611111111111111,865,0,0
39,9,49,0.2,wave,0.075,3,0.01611111111111111,850,0,0
39,9,50,0.2,wave,0.075,3,0.01611111111111111,852,0,0
39,9,51,0.2,wave,0.075,3,0.01611111111111111,832,0,0
39,9,52,0.2,wave,0.075,3,0.01611111111111111,839,0,0
39,10,1,0.2,wave,0.075,3,0.01611111111111111,829,0,0
39,10,2,0.2,wave,0.075,3,0.01611111111111111,836,0,0
39,10,3,0.2,wave,0.075,3,0.01611111111111111,829,0,0
39,10,4,0.2,wave,0.075,3,0.01611111111111111,835,0,0
39,10,5,0.2,wave,0.075,3,0.01611111111111111,829,0,0
39,10,6,0.2,wave,0.075,3,0.01611111111111111,831,0,0
39,10,7,0.2,wave,0.075,3,0.01611111111111111,825,0,0
39,10,8,0.2,wave,0.075,3,0.01611111111111111,830,0,0
39,10,9,0.2,wave,0.075,3,0.01611111111111111,821,0,0
39,10,10,0.2,wave,0.075,3,0.01611111111111111,827,0,0
39,10,11,0.2,wave,0.075,3,0.01611111111111111,822,0,0
39,10,12,0.2,wave,0.075,3,0.01611111111111111,814,0,0
39,10,13,0.2,wave,0.075,3,0.01611111111111111,808,0,0
39,10,14,0.2,wave,0.075,3,0.01611111111111111,814,0,0
39,10,15,0.2,wave,0.075,3,0.01611111111111111,807,0,0
39,10,16,0.2,wave,0.075,3,0.01611111111111111,800,0,0
39,10,17,0.2,wave,0.075,3,0.01611111111111111,793,0,0
39,10,18,0.2,wave,0.075,3,0.01611111111111111,798,0,0
39,10,19,0.2,wave,0.075,3,0.01611111111111111,795,0,0
39,10,20,0.2,wave,0.075,3,0.01611111111111111,1101,0,0
39,10,21,0.2,wave,0.075,3,0.01611111111111111,1076,0,0
39,10,22,0.2,wave,0.075,3,0.01611111111111111,1062,0,0
39,10,23,0.2,wave,0.075,3,0.01611111111111111,1046,0,0
39,10,24,0.2,wave,0.075,3,0.01611111111111111,1052,0,0
39,10,25,0.2,wave,0.075,3,0.01611111111111111,1022,0,0
39,10,26,0.2,wave,0.075,3,0.01611111111111111,1025,0,0
39,10,27,0.2,wave,0.075,3,0.01611111111111111,1024,0,0
39,10,28,0.2,wave,0.075,3,0.01611111111111111,1025,0,0
39,10,29,0.2,wave,0.075,3,0.01611111111111111,1023,0,0
39,10,30,0.2,wave,0.075,3,0.01611111111111111,1027,0,0
39,10,31,0.2,wave,0.075,3,0.01611111111111111,1012,0,0
39,10,32,0.2,wave,0.075,3,0.01611111111111111,1016,0,0
39,10,33,0.2,wave,0.075,3,0.01611111111111111,1012,0,0
39,10,34,0.2,wave,0.075,3,0.01611111111111111,1002,0,0
39,10,35,0.2,wave,0.075,3,0.01611111111111111,980,0,0
39,10,36,0.2,wave,0.075,3,0.01611111111111111,957,0,0
39,10,37,0.2,wave,0.075,3,0.01611111111111111,955,0,0
39,10,38,0.2,wave,0.075,3,0.01611111111111111,957,0,0
39,10,39,0.2,wave,0.075,3,0.01611111111111111,952,0,0
39,10,40,0.2,wave,0.075,3,0.01611111111111111,947,0,0
39,10,41,0.2,wave,0.075,3,0.01611111111111111,910,0,0
39,10,42,0.2,wave,0.075,3,0.01611111111111111,918,0,0
39,10,43,0.2,wave,0.075,3,0.01611111111111111,908,0,0
39,10,44,0.2,wave,0.075,3,0.01611111111111111,916,0,0
39,10,45,0.2,wave,0.075,3,0.01611111111111111,907,0,0
39,10,46,0.2,wave,0.075,3,0.01611111111111111,913,0,0
39,10,47,0.2,wave,0.075,3,0.01611111111111111,906,0,0
39,10,48,0.2,wave,0.075,3,0.01611111111111111,913,0,0
39,10,49,0.2,wave,0.075,3,0.01611111111111111,908,0,0
39,10,50,0.2,wave,0.075,3,0.01611111111111111,911,0,0
39,10,51,0.2,wave,0.075,3,0.01611111111111111,900,0,0
39,10,52,0.2,wave,0.075,3,0.01611111111111111,905,0,0
40,1,1,0.2,wave,0.075,3,0.03388888888888889,6609,63,7
40,1,2,0.2,wave,0.075,3,0.03388888888888889,6505,68,26
40,1,3,0.2,wave,0.075,3,0.03388888888888889,6352,91,36
40,1,4,0.2,wave,0.075,3,0.03388888888888889,6256,148,45
40,1,5,0.2,wave,0.075,3,0.03388888888888889,6055,171,56
40,1,6,0.2,wave,0.075,3,0.03388888888888889,5844,212,75
40,1,7,0.2,wave,0.075,3,0.03388888888888889,5615,260,91
40,1,8,0.2,wave,0.075,3,0.03388888888888889,5368,315,105
40,1,9,0.2,wave,0.075,3,0.03388888888888889,5179,364,115
40,1,10,0.2,wave,0.075,3,0.03388888888888889,4917,415,152
40,1,11,0.2,wave,0.075,3,0.03388888888888889,4749,469,194
40,1,12,0.2,wave,0.075,3,0.03388888888888889,4626,523,232
40,1,13,0.2,wave,0.075,3,0.03388888888888889,4352,558,244
40,1,14,0.2,wave,0.075,3,0.03388888888888889,4210,590,245
40,1,15,0.2,wave,0.075,3,0.03388888888888889,4044,603,271
40,1,16,0.2,wave,0.075,3,0.03388888888888889,3881,606,297
40,1,17,0.2,wave,0.075,3,0.03388888888888889,3758,623,321
40,1,18,0.2,wave,0.075,3,0.03388888888888889,3588,610,290
40,1,19,0.2,wave,0.075,3,0.03388888888888889,3482,555,276
40,1,20,0.2,wave,0.075,3,0.03388888888888889,4883,500,270
40,1,21,0.2,wave,0.075,3,0.03388888888888889,4549,564,266
40,1,22,0.2,wave,0.075,3,0.03388888888888889,4358,578,270
40,1,23,0.2,wave,0.075,3,0.03388888888888889,4232,552,242
40,1,24,0.2,wave,0.075,3,0.03388888888888889,4068,585,262
40,1,25,0.2,wave,0.075,3,0.03388888888888889,3895,591,248
40,1,26,0.2,wave,0.075,3,0.03388888888888889,3813,597,281
40,1,27,0.2,wave,0.075,3,0.03388888888888889,3683,599,280
40,1,28,0.2,wave,0.075,3,0.03388888888888889,3572,633,299
40,1,29,0.2,wave,0.075,3,0.03388888888888889,3435,617,303
40,1,30,0.2,wave,0.075,3,0.03388888888888889,3285,615,285
40,1,31,0.2,wave,0.075,3,0.03388888888888889,3145,583,265
40,1,32,0.2,wave,0.075,3,0.03388888888888889,2993,553,253
40,1,33,0.2,wave,0.075,3,0.03388888888888889,2914,523,277
40,1,34,0.2,wave,0.075,3,0.03388888888888889,2755,499,255
40,1,35,0.2,wave,0.075,3,0.03388888888888889,2635,446,234
40,1,36,0.2,wave,0.075,3,0.03388888888888889,2496,399,207
40,1,37,0.2,wave,0.075,3,0.03388888888888889,2423,372,209
40,1,38,0.2,wave,0.075,3,0.03388888888888889,2338,342,186
40,1,39,0.2,wave,0.075,3,0.03388888888888889,2212,322,163
40,1,40,0.2,wave,0.075,3,0.03388888888888889,2147,301,149
40,1,41,0.2,wave,0.075,3,0.03388888888888889,2061,282,144
40,1,42,0.2,wave,0.075,3,0.03388888888888889,2019,262,134
40,1,43,0.2,wave,0.075,3,0.03388888888888889,1925,237,118
40,1,44,0.2,wave,0.075,3,0.03388888888888889,1865,227,103
40,1,45,0.2,wave,0.075,3,0.03388888888888889,1814,213,102
40,1,46,0.2,wave,0.075,3,0.03388888888888889,1749,188,99
40,1,47,0.2,wave,0.075,3,0.03388888888888889,1657,166,98
40,1,48,0.2,wave,0.075,3,0.03388888888888889,1613,148,83
40,1,49,0.2,wave,0.075,3,0.03388888888888889,1555,123,73
40,1,50,0.2,wave,0.075,3,0.03388888888888889,1522,102,60
40,1,51,0.2,wave,0.075,3,0.03388888888888889,1491,95,58
40,1,52,0.2,wave,0.075,3,0.03388888888888889,1452,73,42
40,2,1,0.2,wave,0.075,3,0.03388888888888889,1418,64,37
40,2,2,0.2,wave,0.075,3,0.03388888888888889,1385,53,27
40,2,3,0.2,wave,0.075,3,0.03388888888888889,1364,45,27
40,2,4,0.2,wave,0.075,3,0.03388888888888889,1339,40,23
40,2,5,0.2,wave,0.075,3,0.03388888888888889,1335,40,22
40,2,6,0.2,wave,0.075,3,0.03388888888888889,1316,39,16
40,2,7,0.2,wave,0.075,3,0.03388888888888889,1314,38,19
40,2,8,0.2,wave,0.075,3,0.03388888888888889,1297,36,22
40,2,9,0.2,wave,0.075,3,0.03388888888888889,1283,34,21
40,2,10,0.2,wave,0.075,3,0.03388888888888889,1268,28,18
40,2,11,0.2,wave,0.075,3,0.03388888888888889,1263,22,10
40,2,12,0.2,wave,0.075,3,0.03388888888888889,1242,25,10
40,2,13,0.2,wave,0.075,3,0.03388888888888889,1241,17,6
40,2,14,0.2,wave,0.075,3,0.03388888888888889,1227,17,10
40,2,15,0.2,wave,0.075,3,0.03388888888888889,1211,22,10
40,2,16,0.2,wave,0.075,3,0.03388888888888889,1197,25,11
40,2,17,0.2,wave,0.075,3,0.03388888888888889,1192,21,8
40,2,18,0.2,wave,0.075,3,0.03388888888888889,1183,26,9
40,2,19,0.2,wave,0.075,3,0.03388888888888889,1162,23,8
40,2,20,0.2,wave,0.075,3,0.03388888888888889,1728,23,11
40,2,21,0.2,wave,0.075,3,0.03388888888888889,1652,28,15
40,2,22,0.2,wave,0.075,3,0.03388888888888889,1653,28,12
40,2,23,0.2,wave,0.075,3,0.03388888888888889,1625,28,11
40,2,24,0.2,wave,0.075,3,0.03388888888888889,1604,26,12
40,2,25,0.2,wave,0.075,3,0.03388888888888889,1585,31,14
40,2,26,0.2,wave,0.075,3,0.03388888888888889,1593,32,16
40,2,27,0.2,wave,0.075,3,0.03388888888888889,1548,27,13
40,2,28,0.2,wave,0.075,3,0.03388888888888889,1540,27,16
40,2,29,0.2,wave,0.075,3,0.03388888888888889,1495,20,12
40,2,30,0.2,wave,0.075,3,0.03388888888888889,1528,26,12
40,2,31,0.2,wave,0.075,3,0.03388888888888889,1491,24,12
40,2,32,0.2,wave,0.075,3,0.03388888888888889,1499,29,14
40,2,33,0.2,wave,0.075,3,0.03388888888888889,1461,23,13
40,2,34,0.2,wave,0.075,3,0.03388888888888889,1424,26,10
40,2,35,0.2,wave,0.075,3,0.03388888888888889,1414,27,11
40,2,36,0.2,wave,0.075,3,0.03388888888888889,1389,22,10
40,2,37,0.2,wave,0.075,3,0.03388888888888889,1374,24,11
40,2,38,0.2,wave,0.075,3,0.03388888888888889,1341,23,11
40,2,39,0.2,wave,0.075,3,0.03388888888888889,1335,26,13
40,2,40,0.2,wave,0.075,3,0.03388888888888889,1319,22,12
40,2,41,0.2,wave,0.075,3,0.03388888888888889,1315,29,13
40,2,42,0.2,wave,0.075,3,0.03388888888888889,1296,31,11
40,2,43,0.2,wave,0.075,3,0.03388888888888889,1297,31,9
40,2,44,0.2,wave,0.075,3,0.03388888888888889,1269,32,13
40,2,45,0.2,wave,0.075,3,0.03388888888888889,1275,34,19
40,2,46,0.2,wave,0.075,3,0.03388888888888889,1251,28,17
40,2,47,0.2,wave,0.075,3,0.03388888888888889,1247,28,17
40,2,48,0.2,wave,0.075,3,0.03388888888888889,1221,22,10
40,2,49,0.2,wave,0.075,3,0.03388888888888889,1220,25,11
40,2,50,0.2,wave,0.075,3,0.03388888888888889,1200,18,10
40,2,51,0.2,wave,0.075,3,0.03388888888888889,1202,15,10
40,2,52,0.2,wave,0.075,3,0.03388888888888889,1175,15,8
40,3,1,0.2,wave,0.075,3,0.03388888888888889,1172,14,7
40,3,2,0.2,wave,0.075,3,0.03388888888888889,1136,14,6
40,3,3,0.2,wave,0.075,3,0.03388888888888889,1150,11,6
40,3,4,0.2,wave,0.075,3,0.03388888888888889,1115,11,9
40,3,5,0.2,wave,0.075,3,0.03388888888888889,1111,9,6
40,3,6,0.2,wave,0.075,3,0.03388888888888889,1090,9,6
40,3,7,0.2,wave,0.075,3,0.03388888888888889,1083,3,1
40,3,8,0.2,wave,0.075,3,0.03388888888888889,1071,7,3
40,3,9,0.2,wave,0.075,3,0.03388888888888889,1055,3,1
40,3,10,0.2,wave,0.075,3,0.03388888888888889,1047,5,4
40,3,11,0.2,wave,0.075,3,0.03388888888888889,1031,4,2
40,3,12,0.2,wave,0.075,3,0.03388888888888889,1027,4,3
40,3,13,0.2,wave,0.075,3,0.03388888888888889,1021,0,0
40,3,14,0.2,wave,0.075,3,0.03388888888888889,1022,3,2
40,3,15,0.2,wave,0.075,3,0.03388888888888889,1019,1,0
40,3,16,0.2,wave,0.075,3,0.03388888888888889,998,3,3
40,3,17,0.2,wave,0.075,3,0.03388888888888889,997,1,1
40,3,18,0.2,wave,0.075,3,0.03388888888888889,985,0,0
40,3,19,0.2,wave,0.075,3,0.03388888888888889,986,0,0
40,3,20,0.2,wave,0.075,3,0.03388888888888889,1459,0,0
40,3,21,0.2,wave,0.075,3,0.03388888888888889,1432,0,0
40,3,22,0.2,wave,0.075,3,0.03388888888888889,1391,0,0
40,3,23,0.2,wave,0.075,3,0.03388888888888889,1382,0,0
40,3,24,0.2,wave,0.075,3,0.03388888888888889,1362,0,0
40,3,25,0.2,wave,0.075,3,0.03388888888888889,1351,0,0
40,3,26,0.2,wave,0.075,3,0.03388888888888889,1359,0,0
40,3,27,0.2,wave,0.075,3,0.03388888888888889,1343,0,0
40,3,28,0.2,wave,0.075,3,0.03388888888888889,1310,0,0
40,3,29,0.2,wave,0.075,3,0.03388888888888889,1320,0,0
40,3,30,0.2,wave,0.075,3,0.03388888888888889,1306,0,0
40,3,31,0.2,wave,0.075,3,0.03388888888888889,1319,0,0
40,3,32,0.2,wave,0.075,3,0.03388888888888889,1282,0,0
40,3,33,0.2,wave,0.075,3,0.03388888888888889,1275,0,0
40,3,34,0.2,wave,0.075,3,0.03388888888888889,1252,0,0
40,3,35,0.2,wave,0.075,3,0.03388888888888889,1209,0,0
40,3,36,0.2,wave,0.075,3,0.03388888888888889,1184,0,0
40,3,37,0.2,wave,0.075,3,0.03388888888888889,1158,0,0
40,3,38,0.2,wave,0.075,3,0.03388888888888889,1150,0,0
40,3,39,0.2,wave,0.075,3,0.03388888888888889,1156,0,0
40,3,40,0.2,wave,0.075,3,0.03388888888888889,1145,0,0
40,3,41,0.2,wave,0.075,3,0.03388888888888889,1130,0,0
40,3,42,0.2,wave,0.075,3,0.03388888888888889,1098,0,0
40,3,43,0.2,wave,0.075,3,0.03388888888888889,1101,0,0
40,3,44,0.2,wave,0.075,3,0.03388888888888889,1076,0,0
40,3,45,0.2,wave,0.075,3,0.03388888888888889,1084,0,0
40,3,46,0.2,wave,0.075,3,0.03388888888888889,1062,0,0
40,3,47,0.2,wave,0.075,3,0.03388888888888889,1066,0,0
40,3,48,0.2,wave,0.075,3,0.03388888888888889,1051,0,0
40,3,49,0.2,wave,0.075,3,0.03388888888888889,1062,0,0
40,3,50,0.2,wave,0.075,3,0.03388888888888889,1042,0,0
40,3,51,0.2,wave,0.075,3,0.03388888888888889,1041,0,0
40,3,52,0.2,wave,0.075,3,0.03388888888888889,1017,0,0
40,4,1,0.2,wave,0.075,3,0.03388888888888889,1014,0,0
40,4,2,0.2,wave,0.075,3,0.03388888888888889,1002,0,0
40,4,3,0.2,wave,0.075,3,0.03388888888888889,1010,0,0
40,4,4,0.2,wave,0.075,3,0.03388888888888889,992,0,0
40,4,5,0.2,wave,0.075,3,0.03388888888888889,985,0,0
40,4,6,0.2,wave,0.075,3,0.03388888888888889,966,0,0
40,4,7,0.2,wave,0.075,3,0.03388888888888889,977,0,0
40,4,8,0.2,wave,0.075,3,0.03388888888888889,953,0,0
40,4,9,0.2,wave,0.075,3,0.03388888888888889,962,0,0
40,4,10,0.2,wave,0.075,3,0.03388888888888889,935,0,0
40,4,11,0.2,wave,0.075,3,0.03388888888888889,942,0,0
40,4,12,0.2,wave,0.075,3,0.03388888888888889,925,0,0
40,4,13,0.2,wave,0.075,3,0.03388888888888889,937,0,0
40,4,14,0.2,wave,0.075,3,0.03388888888888889,923,0,0
40,4,15,0.2,wave,0.075,3,0.03388888888888889,940,0,0
40,4,16,0.2,wave,0.075,3,0.03388888888888889,920,0,0
40,4,17,0.2,wave,0.075,3,0.03388888888888889,910,0,0
40,4,18,0.2,wave,0.075,3,0.03388888888888889,888,0,0
40,4,19,0.2,wave,0.075,3,0.03388888888888889,899,0,0
40,4,20,0.2,wave,0.075,3,0.03388888888888889,1282,0,0
40,4,21,0.2,wave,0.075,3,0.03388888888888889,1275,0,0
40,4,22,0.2,wave,0.075,3,0.03388888888888889,1232,0,0
40,4,23,0.2,wave,0.075,3,0.03388888888888889,1174,0,0
40,4,24,0.2,wave,0.075,3,0.03388888888888889,1145,0,0
40,4,25,0.2,wave,0.075,3,0.03388888888888889,1145,0,0
40,4,26,0.2,wave,0.075,3,0.03388888888888889,1132,0,0
40,4,27,0.2,wave,0.075,3,0.03388888888888889,1144,0,0
40,4,28,0.2,wave,0.075,3,0.03388888888888889,1114,0,0
40,4,29,0.2,wave,0.075,3,0.03388888888888889,1111,0,0
40,4,30,0.2,wave,0.075,3,0.03388888888888889,1097,0,0
40,4,31,0.2,wave,0.075,3,0.03388888888888889,1088,0,0
40,4,32,0.2,wave,0.075,3,0.03388888888888889,1066,0,0
40,4,33,0.2,wave,0.075,3,0.03388888888888889,1072,0,0
40,4,34,0.2,wave,0.075,3,0.03388888888888889,1050,0,0
40,4,35,0.2,wave,0.075,3,0.03388888888888889,1037,0,0
40,4,36,0.2,wave,0.075,3,0.03388888888888889,1037,0,0
40,4,37,0.2,wave,0.075,3,0.03388888888888889,1027,0,0
40,4,38,0.2,wave,0.075,3,0.03388888888888889,1026,0,0
40,4,39,0.2,wave,0.075,3,0.03388888888888889,1015,0,0
40,4,40,0.2,wave,0.075,3,0.03388888888888889,999,0,0
40,4,41,0.2,wave,0.075,3,0.03388888888888889,1002,0,0
40,4,42,0.2,wave,0.075,3,0.03388888888888889,992,0,0
40,4,43,0.2,wave,0.075,3,0.03388888888888889,980,0,0
40,4,44,0.2,wave,0.075,3,0.03388888888888889,963,0,0
40,4,45,0.2,wave,0.075,3,0.03388888888888889,953,0,0
40,4,46,0.2,wave,0.075,3,0.03388888888888889,950,0,0
40,4,47,0.2,wave,0.075,3,0.03388888888888889,923,0,0
40,4,48,0.2,wave,0.075,3,0.03388888888888889,928,0,0
40,4,49,0.2,wave,0.075,3,0.03388888888888889,902,0,0
40,4,50,0.2,wave,0.075,3,0.03388888888888889,900,0,0
40,4,51,0.2,wave,0.075,3,0.03388888888888889,888,0,0
40,4,52,0.2,wave,0.075,3,0.03388888888888889,883,0,0
40,5,1,0.2,wave,0.075,3,0.03388888888888889,871,0,0
40,5,2,0.2,wave,0.075,3,0.03388888888888889,867,0,0
40,5,3,0.2,wave,0.075,3,0.03388888888888889,845,0,0
40,5,4,0.2,wave,0.075,3,0.03388888888888889,850,0,0
40,5,5,0.2,wave,0.075,3,0.03388888888888889,840,0,0
40,5,6,0.2,wave,0.075,3,0.03388888888888889,846,0,0
40,5,7,0.2,wave,0.075,3,0.03388888888888889,827,0,0
40,5,8,0.2,wave,0.075,3,0.03388888888888889,841,0,0
40,5,9,0.2,wave,0.075,3,0.03388888888888889,823,0,0
40,5,10,0.2,wave,0.075,3,0.03388888888888889,820,0,0
40,5,11,0.2,wave,0.075,3,0.03388888888888889,814,0,0
40,5,12,0.2,wave,0.075,3,0.03388888888888889,810,0,0
40,5,13,0.2,wave,0.075,3,0.03388888888888889,808,0,0
40,5,14,0.2,wave,0.075,3,0.03388888888888889,807,0,0
40,5,15,0.2,wave,0.075,3,0.03388888888888889,811,0,0
40,5,16,0.2,wave,0.075,3,0.03388888888888889,801,0,0
40,5,17,0.2,wave,0.075,3,0.03388888888888889,808,0,0
40,5,18,0.2,wave,0.075,3,0.03388888888888889,795,0,0
40,5,19,0.2,wave,0.075,3,0.03388888888888889,781,0,0
40,5,20,0.2,wave,0.075,3,0.03388888888888889,1162,0,0
40,5,21,0.2,wave,0.075,3,0.03388888888888889,1106,0,0
40,5,22,0.2,wave,0.075,3,0.03388888888888889,1093,0,0
40,5,23,0.2,wave,0.075,3,0.03388888888888889,1035,0,0
40,5,24,0.2,wave,0.075,3,0.03388888888888889,1039,0,0
40,5,25,0.2,wave,0.075,3,0.03388888888888889,1006,0,0
40,5,26,0.2,wave,0.075,3,0.03388888888888889,1004,0,0
40,5,27,0.2,wave,0.075,3,0.03388888888888889,980,0,0
40,5,28,0.2,wave,0.075,3,0.03388888888888889,984,0,0
40,5,29,0.2,wave,0.075,3,0.03388888888888889,974,0,0
40,5,30,0.2,wave,0.075,3,0.03388888888888889,975,0,0
40,5,31,0.2,wave,0.075,3,0.03388888888888889,955,0,0
40,5,32,0.2,wave,0.075,3,0.03388888888888889,939,0,0
40,5,33,0.2,wave,0.075,3,0.03388888888888889,937,0,0
40,5,34,0.2,wave,0.075,3,0.03388888888888889,906,0,0
40,5,35,0.2,wave,0.075,3,0.03388888888888889,899,0,0
40,5,36,0.2,wave,0.075,3,0.03388888888888889,873,0,0
40,5,37,0.2,wave,0.075,3,0.03388888888888889,878,0,0
40,5,38,0.2,wave,0.075,3,0.03388888888888889,872,0,0
40,5,39,0.2,wave,0.075,3,0.03388888888888889,870,0,0
40,5,40,0.2,wave,0.075,3,0.03388888888888889,845,0,0
40,5,41,0.2,wave,0.075,3,0.03388888888888889,859,0,0
40,5,42,0.2,wave,0.075,3,0.03388888888888889,831,0,0
40,5,43,0.2,wave,0.075,3,0.03388888888888889,844,0,0
40,5,44,0.2,wave,0.075,3,0.03388888888888889,815,0,0
40,5,45,0.2,wave,0.075,3,0.03388888888888889,825,0,0
40,5,46,0.2,wave,0.075,3,0.03388888888888889,805,0,0
40,5,47,0.2,wave,0.075,3,0.03388888888888889,818,0,0
40,5,48,0.2,wave,0.075,3,0.03388888888888889,787,0,0
40,5,49,0.2,wave,0.075,3,0.03388888888888889,800,0,0
40,5,50,0.2,wave,0.075,3,0.03388888888888889,775,0,0
40,5,51,0.2,wave,0.075,3,0.03388888888888889,788,0,0
40,5,52,0.2,wave,0.075,3,0.03388888888888889,763,0,0
40,6,1,0.2,wave,0.075,3,0.03388888888888889,775,0,0
40,6,2,0.2,wave,0.075,3,0.03388888888888889,757,0,0
40,6,3,0.2,wave,0.075,3,0.03388888888888889,757,0,0
40,6,4,0.2,wave,0.075,3,0.03388888888888889,741,0,0
40,6,5,0.2,wave,0.075,3,0.03388888888888889,743,0,0
40,6,6,0.2,wave,0.075,3,0.03388888888888889,737,0,0
40,6,7,0.2,wave,0.075,3,0.03388888888888889,731,0,0
40,6,8,0.2,wave,0.075,3,0.03388888888888889,721,0,0
40,6,9,0.2,wave,0.075,3,0.03388888888888889,737,0,0
40,6,10,0.2,wave,0.075,3,0.03388888888888889,705,0,0
40,6,11,0.2,wave,0.075,3,0.03388888888888889,723,0,0
40,6,12,0.2,wave,0.075,3,0.03388888888888889,707,0,0
40,6,13,0.2,wave,0.075,3,0.03388888888888889,723,0,0
40,6,14,0.2,wave,0.075,3,0.03388888888888889,706,0,0
40,6,15,0.2,wave,0.075,3,0.03388888888888889,726,0,0
40,6,16,0.2,wave,0.075,3,0.03388888888888889,706,0,0
40,6,17,0.2,wave,0.075,3,0.03388888888888889,721,0,0
40,6,18,0.2,wave,0.075,3,0.03388888888888889,702,0,0
40,6,19,0.2,wave,0.075,3,0.03388888888888889,719,0,0
40,6,20,0.2,wave,0.075,3,0.03388888888888889,1013,0,0
40,6,21,0.2,wave,0.075,3,0.03388888888888889,1028,0,0
40,6,22,0.2,wave,0.075,3,0.03388888888888889,951,0,0
40,6,23,0.2,wave,0.075,3,0.03388888888888889,961,0,0
40,6,24,0.2,wave,0.075,3,0.03388888888888889,947,0,0
40,6,25,0.2,wave,0.075,3,0.03388888888888889,941,0,0
40,6,26,0.2,wave,0.075,3,0.03388888888888889,914,0,0
40,6,27,0.2,wave,0.075,3,0.03388888888888889,934,0,0
40,6,28,0.2,wave,0.075,3,0.03388888888888889,890,0,0
40,6,29,0.2,wave,0.075,3,0.03388888888888889,906,0,0
40,6,30,0.2,wave,0.075,3,0.03388888888888889,884,0,0
40,6,31,0.2,wave,0.075,3,0.03388888888888889,892,0,0
40,6,32,0.2,wave,0.075,3,0.03388888888888889,861,0,0
40,6,33,0.2,wave,0.075,3,0.03388888888888889,843,0,0
40,6,34,0.2,wave,0.075,3,0.03388888888888889,859,0,0
40,6,35,0.2,wave,0.075,3,0.03388888888888889,823,0,0
40,6,36,0.2,wave,0.075,3,0.03388888888888889,832,0,0
40,6,37,0.2,wave,0.075,3,0.03388888888888889,796,0,0
40,6,38,0.2,wave,0.075,3,0.03388888888888889,811,0,0
40,6,39,0.2,wave,0.075,3,0.03388888888888889,799,0,0
40,6,40,0.2,wave,0.075,3,0.03388888888888889,797,0,0
40,6,41,0.2,wave,0.075,3,0.03388888888888889,784,0,0
40,6,42,0.2,wave,0.075,3,0.03388888888888889,789,0,0
40,6,43,0.2,wave,0.075,3,0.03388888888888889,773,0,0
40,6,44,0.2,wave,0.075,3,0.03388888888888889,769,0,0
40,6,45,0.2,wave,0.075,3,0.03388888888888889,758,0,0
40,6,46,0.2,wave,0.075,3,0.03388888888888889,744,0,0
40,6,47,0.2,wave,0.075,3,0.03388888888888889,737,0,0
40,6,48,0.2,wave,0.075,3,0.03388888888888889,727,0,0
40,6,49,0.2,wave,0.075,3,0.03388888888888889,726,0,0
40,6,50,0.2,wave,0.075,3,0.03388888888888889,719,0,0
40,6,51,0.2,wave,0.075,3,0.03388888888888889,700,0,0
40,6,52,0.2,wave,0.075,3,0.03388888888888889,698,0,0
40,7,1,0.2,wave,0.075,3,0.03388888888888889,689,0,0
40,7,2,0.2,wave,0.075,3,0.03388888888888889,691,0,0
40,7,3,0.2,wave,0.075,3,0.03388888888888889,685,0,0
40,7,4,0.2,wave,0.075,3,0.03388888888888889,696,0,0
40,7,5,0.2,wave,0.075,3,0.03388888888888889,679,0,0
40,7,6,0.2,wave,0.075,3,0.03388888888888889,687,0,0
40,7,7,0.2,wave,0.075,3,0.03388888888888889,674,0,0
40,7,8,0.2,wave,0.075,3,0.03388888888888889,686,0,0
40,7,9,0.2,wave,0.075,3,0.03388888888888889,675,0,0
40,7,10,0.2,wave,0.075,3,0.03388888888888889,680,0,0
40,7,11,0.2,wave,0.075,3,0.03388888888888889,675,0,0
40,7,12,0.2,wave,0.075,3,0.03388888888888889,660,0,0
40,7,13,0.2,wave,0.075,3,0.03388888888888889,669,0,0
40,7,14,0.2,wave,0.075,3,0.03388888888888889,659,0,0
40,7,15,0.2,wave,0.075,3,0.03388888888888889,660,0,0
40,7,16,0.2,wave,0.075,3,0.03388888888888889,655,0,0
40,7,17,0.2,wave,0.075,3,0.03388888888888889,662,0,0
40,7,18,0.2,wave,0.075,3,0.03388888888888889,653,0,0
40,7,19,0.2,wave,0.075,3,0.03388888888888889,659,0,0
40,7,20,0.2,wave,0.075,3,0.03388888888888889,966,0,0
40,7,21,0.2,wave,0.075,3,0.03388888888888889,959,0,0
40,7,22,0.2,wave,0.075,3,0.03388888888888889,916,0,0
40,7,23,0.2,wave,0.075,3,0.03388888888888889,916,0,0
40,7,24,0.2,wave,0.075,3,0.03388888888888889,925,0,0
40,7,25,0.2,wave,0.075,3,0.03388888888888889,912,0,0
40,7,26,0.2,wave,0.075,3,0.03388888888888889,903,0,0
40,7,27,0.2,wave,0.075,3,0.03388888888888889,917,0,0
40,7,28,0.2,wave,0.075,3,0.03388888888888889,888,0,0
40,7,29,0.2,wave,0.075,3,0.03388888888888889,863,0,0
40,7,30,0.2,wave,0.075,3,0.03388888888888889,849,0,0
40,7,31,0.2,wave,0.075,3,0.03388888888888889,852,0,0
40,7,32,0.2,wave,0.075,3,0.03388888888888889,827,0,0
40,7,33,0.2,wave,0.075,3,0.03388888888888889,853,0,0
40,7,34,0.2,wave,0.075,3,0.03388888888888889,806,0,0
40,7,35,0.2,wave,0.075,3,0.03388888888888889,829,0,0
40,7,36,0.2,wave,0.075,3,0.03388888888888889,820,0,0
40,7,37,0.2,wave,0.075,3,0.03388888888888889,839,0,0
40,7,38,0.2,wave,0.075,3,0.03388888888888889,814,0,0
40,7,39,0.2,wave,0.075,3,0.03388888888888889,827,0,0
40,7,40,0.2,wave,0.075,3,0.03388888888888889,794,0,0
40,7,41,0.2,wave,0.075,3,0.03388888888888889,813,0,0
40,7,42,0.2,wave,0.075,3,0.03388888888888889,790,0,0
40,7,43,0.2,wave,0.075,3,0.03388888888888889,811,0,0
40,7,44,0.2,wave,0.075,3,0.03388888888888889,796,0,0
40,7,45,0.2,wave,0.075,3,0.03388888888888889,804,0,0
40,7,46,0.2,wave,0.075,3,0.03388888888888889,793,0,0
40,7,47,0.2,wave,0.075,3,0.03388888888888889,813,0,0
40,7,48,0.2,wave,0.075,3,0.03388888888888889,793,0,0
40,7,49,0.2,wave,0.075,3,0.03388888888888889,802,0,0
40,7,50,0.2,wave,0.075,3,0.03388888888888889,790,0,0
40,7,51,0.2,wave,0.075,3,0.03388888888888889,798,0,0
40,7,52,0.2,wave,0.075,3,0.03388888888888889,782,0,0
40,8,1,0.2,wave,0.075,3,0.03388888888888889,800,0,0
40,8,2,0.2,wave,0.075,3,0.03388888888888889,778,0,0
40,8,3,0.2,wave,0.075,3,0.03388888888888889,791,0,0
40,8,4,0.2,wave,0.075,3,0.03388888888888889,776,0,0
40,8,5,0.2,wave,0.075,3,0.03388888888888889,791,0,0
40,8,6,0.2,wave,0.075,3,0.03388888888888889,779,0,0
40,8,7,0.2,wave,0.075,3,0.03388888888888889,788,0,0
40,8,8,0.2,wave,0.075,3,0.03388888888888889,774,0,0
40,8,9,0.2,wave,0.075,3,0.03388888888888889,789,0,0
40,8,10,0.2,wave,0.075,3,0.03388888888888889,767,0,0
40,8,11,0.2,wave,0.075,3,0.03388888888888889,784,0,0
40,8,12,0.2,wave,0.075,3,0.03388888888888889,766,0,0
40,8,13,0.2,wave,0.075,3,0.03388888888888889,787,0,0
40,8,14,0.2,wave,0.075,3,0.03388888888888889,766,0,0
40,8,15,0.2,wave,0.075,3,0.03388888888888889,785,0,0
40,8,16,0.2,wave,0.075,3,0.03388888888888889,768,0,0
40,8,17,0.2,wave,0.075,3,0.03388888888888889,783,0,0
40,8,18,0.2,wave,0.075,3,0.03388888888888889,765,0,0
40,8,19,0.2,wave,0.075,3,0.03388888888888889,781,0,0
40,8,20,0.2,wave,0.075,3,0.03388888888888889,1117,0,0
40,8,21,0.2,wave,0.075,3,0.03388888888888889,1103,0,0
40,8,22,0.2,wave,0.075,3,0.03388888888888889,1071,0,0
40,8,23,0.2,wave,0.075,3,0.03388888888888889,1095,0,0
40,8,24,0.2,wave,0.075,3,0.03388888888888889,1067,0,0
40,8,25,0.2,wave,0.075,3,0.03388888888888889,1083,0,0
40,8,26,0.2,wave,0.075,3,0.03388888888888889,1029,0,0
40,8,27,0.2,wave,0.075,3,0.03388888888888889,1049,0,0
40,8,28,0.2,wave,0.075,3,0.03388888888888889,1025,0,0
40,8,29,0.2,wave,0.075,3,0.03388888888888889,1029,0,0
40,8,30,0.2,wave,0.075,3,0.03388888888888889,982,0,0
40,8,31,0.2,wave,0.075,3,0.03388888888888889,990,0,0
40,8,32,0.2,wave,0.075,3,0.03388888888888889,964,0,0
40,8,33,0.2,wave,0.075,3,0.03388888888888889,973,0,0
40,8,34,0.2,wave,0.075,3,0.03388888888888889,954,0,0
40,8,35,0.2,wave,0.075,3,0.03388888888888889,971,0,0
40,8,36,0.2,wave,0.075,3,0.03388888888888889,943,0,0
40,8,37,0.2,wave,0.075,3,0.03388888888888889,951,0,0
40,8,38,0.2,wave,0.075,3,0.03388888888888889,938,0,0
40,8,39,0.2,wave,0.075,3,0.03388888888888889,952,0,0
40,8,40,0.2,wave,0.075,3,0.03388888888888889,935,0,0
40,8,41,0.2,wave,0.075,3,0.03388888888888889,946,0,0
40,8,42,0.2,wave,0.075,3,0.03388888888888889,945,0,0
40,8,43,0.2,wave,0.075,3,0.03388888888888889,945,0,0
40,8,44,0.2,wave,0.075,3,0.03388888888888889,918,0,0
40,8,45,0.2,wave,0.075,3,0.03388888888888889,916,0,0
40,8,46,0.2,wave,0.075,3,0.03388888888888889,916,0,0
40,8,47,0.2,wave,0.075,3,0.03388888888888889,924,0,0
40,8,48,0.2,wave,0.075,3,0.03388888888888889,908,0,0
40,8,49,0.2,wave,0.075,3,0.03388888888888889,915,0,0
40,8,50,0.2,wave,0.075,3,0.03388888888888889,908,0,0
40,8,51,0.2,wave,0.075,3,0.03388888888888889,907,0,0
40,8,52,0.2,wave,0.075,3,0.03388888888888889,900,0,0
40,9,1,0.2,wave,0.075,3,0.03388888888888889,909,0,0
40,9,2,0.2,wave,0.075,3,0.03388888888888889,898,0,0
40,9,3,0.2,wave,0.075,3,0.03388888888888889,909,0,0
40,9,4,0.2,wave,0.075,3,0.03388888888888889,896,0,0
40,9,5,0.2,wave,0.075,3,0.03388888888888889,908,0,0
40,9,6,0.2,wave,0.075,3,0.03388888888888889,893,0,0
40,9,7,0.2,wave,0.075,3,0.03388888888888889,899,0,0
40,9,8,0.2,wave,0.075,3,0.03388888888888889,893,0,0
40,9,9,0.2,wave,0.075,3,0.03388888888888889,899,0,0
40,9,10,0.2,wave,0.075,3,0.03388888888888889,886,0,0
40,9,11,0.2,wave,0.075,3,0.03388888888888889,880,0,0
40,9,12,0.2,wave,0.075,3,0.03388888888888889,876,0,0
40,9,13,0.2,wave,0.075,3,0.03388888888888889,883,0,0
40,9,14,0.2,wave,0.075,3,0.03388888888888889,881,0,0
40,9,15,0.2,wave,0.075,3,0.03388888888888889,890,0,0
40,9,16,0.2,wave,0.075,3,0.03388888888888889,874,0,0
40,9,17,0.2,wave,0.075,3,0.03388888888888889,887,0,0
40,9,18,0.2,wave,0.075,3,0.03388888888888889,871,0,0
40,9,19,0.2,wave,0.075,3,0.03388888888888889,884,0,0
40,9,20,0.2,wave,0.075,3,0.03388888888888889,1272,0,0
40,9,21,0.2,wave,0.075,3,0.03388888888888889,1252,0,0
40,9,22,0.2,wave,0.075,3,0.03388888888888889,1227,0,0
40,9,23,0.2,wave,0.075,3,0.03388888888888889,1202,0,0
40,9,24,0.2,wave,0.075,3,0.03388888888888889,1171,0,0
40,9,25,0.2,wave,0.075,3,0.03388888888888889,1178,0,0
40,9,26,0.2,wave,0.075,3,0.03388888888888889,1173,0,0
40,9,27,0.2,wave,0.075,3,0.03388888888888889,1173,0,0
40,9,28,0.2,wave,0.075,3,0.03388888888888889,1154,0,0
40,9,29,0.2,wave,0.075,3,0.03388888888888889,1112,0,0
40,9,30,0.2,wave,0.075,3,0.03388888888888889,1067,0,0
40,9,31,0.2,wave,0.075,3,0.03388888888888889,1052,0,0
40,9,32,0.2,wave,0.075,3,0.03388888888888889,1038,0,0
40,9,33,0.2,wave,0.075,3,0.03388888888888889,1037,0,0
40,9,34,0.2,wave,0.075,3,0.03388888888888889,1034,0,0
40,9,35,0.2,wave,0.075,3,0.03388888888888889,1027,0,0
40,9,36,0.2,wave,0.075,3,0.03388888888888889,1004,0,0
40,9,37,0.2,wave,0.075,3,0.03388888888888889,994,0,0
40,9,38,0.2,wave,0.075,3,0.03388888888888889,975,0,0
40,9,39,0.2,wave,0.075,3,0.03388888888888889,983,0,0
40,9,40,0.2,wave,0.075,3,0.03388888888888889,975,0,0
40,9,41,0.2,wave,0.075,3,0.03388888888888889,981,0,0
40,9,42,0.2,wave,0.075,3,0.03388888888888889,976,0,0
40,9,43,0.2,wave,0.075,3,0.03388888888888889,975,0,0
40,9,44,0.2,wave,0.075,3,0.03388888888888889,980,0,0
40,9,45,0.2,wave,0.075,3,0.03388888888888889,969,0,0
40,9,46,0.2,wave,0.075,3,0.03388888888888889,968,0,0
40,9,47,0.2,wave,0.075,3,0.03388888888888889,971,0,0
40,9,48,0.2,wave,0.075,3,0.03388888888888889,954,0,0
40,9,49,0.2,wave,0.075,3,0.03388888888888889,962,0,0
40,9,50,0.2,wave,0.075,3,0.03388888888888889,950,0,0
40,9,51,0.2,wave,0.075,3,0.03388888888888889,952,0,0
40,9,52,0.2,wave,0.075,3,0.03388888888888889,942,0,0
40,10,1,0.2,wave,0.075,3,0.03388888888888889,956,0,0
40,10,2,0.2,wave,0.075,3,0.03388888888888889,949,0,0
40,10,3,0.2,wave,0.075,3,0.03388888888888889,951,0,0
40,10,4,0.2,wave,0.075,3,0.03388888888888889,948,0,0
40,10,5,0.2,wave,0.075,3,0.03388888888888889,948,0,0
40,10,6,0.2,wave,0.075,3,0.03388888888888889,948,0,0
40,10,7,0.2,wave,0.075,3,0.03388888888888889,943,0,0
40,10,8,0.2,wave,0.075,3,0.03388888888888889,944,0,0
40,10,9,0.2,wave,0.075,3,0.03388888888888889,945,0,0
40,10,10,0.2,wave,0.075,3,0.03388888888888889,940,0,0
40,10,11,0.2,wave,0.075,3,0.03388888888888889,948,0,0
40,10,12,0.2,wave,0.075,3,0.03388888888888889,936,0,0
40,10,13,0.2,wave,0.075,3,0.03388888888888889,946,0,0
40,10,14,0.2,wave,0.075,3,0.03388888888888889,943,0,0
40,10,15,0.2,wave,0.075,3,0.03388888888888889,938,0,0
40,10,16,0.2,wave,0.075,3,0.03388888888888889,925,0,0
40,10,17,0.2,wave,0.075,3,0.03388888888888889,928,0,0
40,10,18,0.2,wave,0.075,3,0.03388888888888889,898,0,0
40,10,19,0.2,wave,0.075,3,0.03388888888888889,918,0,0
40,10,20,0.2,wave,0.075,3,0.03388888888888889,1236,0,0
40,10,21,0.2,wave,0.075,3,0.03388888888888889,1206,0,0
40,10,22,0.2,wave,0.075,3,0.03388888888888889,1185,0,0
40,10,23,0.2,wave,0.075,3,0.03388888888888889,1182,0,0
40,10,24,0.2,wave,0.075,3,0.03388888888888889,1180,0,0
40,10,25,0.2,wave,0.075,3,0.03388888888888889,1175,0,0
40,10,26,0.2,wave,0.075,3,0.03388888888888889,1182,0,0
40,10,27,0.2,wave,0.075,3,0.03388888888888889,1179,0,0
40,10,28,0.2,wave,0.075,3,0.03388888888888889,1168,0,0
40,10,29,0.2,wave,0.075,3,0.03388888888888889,1150,0,0
40,10,30,0.2,wave,0.075,3,0.03388888888888889,1112,0,0
40,10,31,0.2,wave,0.075,3,0.03388888888888889,1122,0,0
40,10,32,0.2,wave,0.075,3,0.03388888888888889,1122,0,0
40,10,33,0.2,wave,0.075,3,0.03388888888888889,1122,0,0
40,10,34,0.2,wave,0.075,3,0.03388888888888889,1107,0,0
40,10,35,0.2,wave,0.075,3,0.03388888888888889,1107,0,0
40,10,36,0.2,wave,0.075,3,0.03388888888888889,1097,0,0
40,10,37,0.2,wave,0.075,3,0.03388888888888889,1082,0,0
40,10,38,0.2,wave,0.075,3,0.03388888888888889,1079,0,0
40,10,39,0.2,wave,0.075,3,0.03388888888888889,1070,0,0
40,10,40,0.2,wave,0.075,3,0.03388888888888889,1061,0,0
40,10,41,0.2,wave,0.075,3,0.03388888888888889,1078,0,0
40,10,42,0.2,wave,0.075,3,0.03388888888888889,1055,0,0
40,10,43,0.2,wave,0.075,3,0.03388888888888889,1051,0,0
40,10,44,0.2,wave,0.075,3,0.03388888888888889,1025,0,0
40,10,45,0.2,wave,0.075,3,0.03388888888888889,1033,0,0
40,10,46,0.2,wave,0.075,3,0.03388888888888889,1011,0,0
40,10,47,0.2,wave,0.075,3,0.03388888888888889,1008,0,0
40,10,48,0.2,wave,0.075,3,0.03388888888888889,1018,0,0
40,10,49,0.2,wave,0.075,3,0.03388888888888889,1022,0,0
40,10,50,0.2,wave,0.075,3,0.03388888888888889,989,0,0
40,10,51,0.2,wave,0.075,3,0.03388888888888889,987,0,0
40,10,52,0.2,wave,0.075,3,0.03388888888888889,974,0,0
41,1,1,0.2,wave,0.075,3,0.043333333333333335,6499,61,10
41,1,2,0.2,wave,0.075,3,0.043333333333333335,6492,67,21
41,1,3,0.2,wave,0.075,3,0.043333333333333335,6429,96,42
41,1,4,0.2,wave,0.075,3,0.043333333333333335,6345,132,46
41,1,5,0.2,wave,0.075,3,0.043333333333333335,6161,156,60
41,1,6,0.2,wave,0.075,3,0.043333333333333335,6017,205,65
41,1,7,0.2,wave,0.075,3,0.043333333333333335,5788,264,90
41,1,8,0.2,wave,0.075,3,0.043333333333333335,5531,306,114
41,1,9,0.2,wave,0.075,3,0.043333333333333335,5331,403,130
41,1,10,0.2,wave,0.075,3,0.043333333333333335,5158,465,163
41,1,11,0.2,wave,0.075,3,0.043333333333333335,4843,493,180
41,1,12,0.2,wave,0.075,3,0.043333333333333335,4668,542,226
41,1,13,0.2,wave,0.075,3,0.043333333333333335,4419,556,246
41,1,14,0.2,wave,0.075,3,0.043333333333333335,4248,575,271
41,1,15,0.2,wave,0.075,3,0.043333333333333335,4121,573,287
41,1,16,0.2,wave,0.075,3,0.043333333333333335,3933,587,295
41,1,17,0.2,wave,0.075,3,0.043333333333333335,3777,581,288
41,1,18,0.2,wave,0.075,3,0.043333333333333335,3626,572,285
41,1,19,0.2,wave,0.075,3,0.043333333333333335,3448,544,278
41,1,20,0.2,wave,0.075,3,0.043333333333333335,4949,511,272
41,1,21,0.2,wave,0.075,3,0.043333333333333335,4664,552,253
41,1,22,0.2,wave,0.075,3,0.043333333333333335,4503,565,251
41,1,23,0.2,wave,0.075,3,0.043333333333333335,4350,590,248
41,1,24,0.2,wave,0.075,3,0.043333333333333335,4232,638,271
41,1,25,0.2,wave,0.075,3,0.043333333333333335,4070,652,283
41,1,26,0.2,wave,0.075,3,0.043333333333333335,3947,701,302
41,1,27,0.2,wave,0.075,3,0.043333333333333335,3809,684,299
41,1,28,0.2,wave,0.075,3,0.043333333333333335,3638,679,308
41,1,29,0.2,wave,0.075,3,0.043333333333333335,3500,676,323
41,1,30,0.2,wave,0.075,3,0.043333333333333335,3363,681,322
41,1,31,0.2,wave,0.075,3,0.043333333333333335,3253,662,304
41,1,32,0.2,wave,0.075,3,0.043333333333333335,3044,630,304
41,1,33,0.2,wave,0.075,3,0.043333333333333335,2911,621,308
41,1,34,0.2,wave,0.075,3,0.043333333333333335,2773,609,307
41,1,35,0.2,wave,0.075,3,0.043333333333333335,2621,546,287
41,1,36,0.2,wave,0.075,3,0.043333333333333335,2475,486,259
41,1,37,0.2,wave,0.075,3,0.043333333333333335,2338,448,248
41,1,38,0.2,wave,0.075,3,0.043333333333333335,2223,394,210
41,1,39,0.2,wave,0.075,3,0.043333333333333335,2113,361,195
41,1,40,0.2,wave,0.075,3,0.043333333333333335,2012,341,168
41,1,41,0.2,wave,0.075,3,0.043333333333333335,1955,316,166
41,1,42,0.2,wave,0.075,3,0.043333333333333335,1891,294,161
41,1,43,0.2,wave,0.075,3,0.043333333333333335,1847,279,151
41,1,44,0.2,wave,0.075,3,0.043333333333333335,1747,247,140
41,1,45,0.2,wave,0.075,3,0.043333333333333335,1698,214,118
41,1,46,0.2,wave,0.075,3,0.043333333333333335,1637,189,108
41,1,47,0.2,wave,0.075,3,0.043333333333333335,1604,164,92
41,1,48,0.2,wave,0.075,3,0.043333333333333335,1542,135,80
41,1,49,0.2,wave,0.075,3,0.043333333333333335,1514,124,72
41,1,50,0.2,wave,0.075,3,0.043333333333333335,1466,104,61
41,1,51,0.2,wave,0.075,3,0.043333333333333335,1452,83,56
41,1,52,0.2,wave,0.075,3,0.043333333333333335,1403,76,47
41,2,1,0.2,wave,0.075,3,0.043333333333333335,1393,66,39
41,2,2,0.2,wave,0.075,3,0.043333333333333335,1352,49,29
41,2,3,0.2,wave,0.075,3,0.043333333333333335,1343,43,22
41,2,4,0.2,wave,0.075,3,0.043333333333333335,1329,46,29
41,2,5,0.2,wave,0.075,3,0.043333333333333335,1313,41,21
41,2,6,0.2,wave,0.075,3,0.043333333333333335,1295,36,20
41,2,7,0.2,wave,0.075,3,0.043333333333333335,1284,29,15
41,2,8,0.2,wave,0.075,3,0.043333333333333335,1263,27,16
41,2,9,0.2,wave,0.075,3,0.043333333333333335,1256,25,15
41,2,10,0.2,wave,0.075,3,0.043333333333333335,1236,22,14
41,2,11,0.2,wave,0.075,3,0.043333333333333335,1226,17,9
41,2,12,0.2,wave,0.075,3,0.043333333333333335,1203,17,10
41,2,13,0.2,wave,0.075,3,0.043333333333333335,1206,15,9
41,2,14,0.2,wave,0.075,3,0.043333333333333335,1186,14,8
41,2,15,0.2,wave,0.075,3,0.043333333333333335,1188,13,5
41,2,16,0.2,wave,0.075,3,0.043333333333333335,1168,12,5
41,2,17,0.2,wave,0.075,3,0.043333333333333335,1174,12,7
41,2,18,0.2,wave,0.075,3,0.043333333333333335,1152,11,8
41,2,19,0.2,wave,0.075,3,0.043333333333333335,1152,11,5
41,2,20,0.2,wave,0.075,3,0.043333333333333335,1685,10,5
41,2,21,0.2,wave,0.075,3,0.043333333333333335,1669,8,5
41,2,22,0.2,wave,0.075,3,0.043333333333333335,1667,11,6
41,2,23,0.2,wave,0.075,3,0.043333333333333335,1673,15,4
41,2,24,0.2,wave,0.075,3,0.043333333333333335,1650,15,5
41,2,25,0.2,wave,0.075,3,0.043333333333333335,1660,20,6
41,2,26,0.2,wave,0.075,3,0.043333333333333335,1631,24,10
41,2,27,0.2,wave,0.075,3,0.043333333333333335,1651,23,14
41,2,28,0.2,wave,0.075,3,0.043333333333333335,1647,31,16
41,2,29,0.2,wave,0.075,3,0.043333333333333335,1632,32,12
41,2,30,0.2,wave,0.075,3,0.043333333333333335,1609,29,14
41,2,31,0.2,wave,0.075,3,0.043333333333333335,1578,30,15
41,2,32,0.2,wave,0.075,3,0.043333333333333335,1545,33,18
41,2,33,0.2,wave,0.075,3,0.043333333333333335,1525,34,14
41,2,34,0.2,wave,0.075,3,0.043333333333333335,1505,31,14
41,2,35,0.2,wave,0.075,3,0.043333333333333335,1498,29,16
41,2,36,0.2,wave,0.075,3,0.043333333333333335,1457,31,17
41,2,37,0.2,wave,0.075,3,0.043333333333333335,1432,29,16
41,2,38,0.2,wave,0.075,3,0.043333333333333335,1417,28,13
41,2,39,0.2,wave,0.075,3,0.043333333333333335,1392,27,12
41,2,40,0.2,wave,0.075,3,0.043333333333333335,1390,24,9
41,2,41,0.2,wave,0.075,3,0.043333333333333335,1379,25,10
41,2,42,0.2,wave,0.075,3,0.043333333333333335,1357,20,12
41,2,43,0.2,wave,0.075,3,0.043333333333333335,1343,27,15
41,2,44,0.2,wave,0.075,3,0.043333333333333335,1336,28,13
41,2,45,0.2,wave,0.075,3,0.043333333333333335,1316,23,10
41,2,46,0.2,wave,0.075,3,0.043333333333333335,1307,25,16
41,2,47,0.2,wave,0.075,3,0.043333333333333335,1282,31,13
41,2,48,0.2,wave,0.075,3,0.043333333333333335,1256,31,10
41,2,49,0.2,wave,0.075,3,0.043333333333333335,1226,28,10
41,2,50,0.2,wave,0.075,3,0.043333333333333335,1218,31,15
41,2,51,0.2,wave,0.075,3,0.043333333333333335,1206,36,15
41,2,52,0.2,wave,0.075,3,0.043333333333333335,1183,36,21
41,3,1,0.2,wave,0.075,3,0.043333333333333335,1167,39,22
41,3,2,0.2,wave,0.075,3,0.043333333333333335,1159,45,24
41,3,3,0.2,wave,0.075,3,0.043333333333333335,1136,45,18
41,3,4,0.2,wave,0.075,3,0.043333333333333335,1134,46,16
41,3,5,0.2,wave,0.075,3,0.043333333333333335,1117,42,20
41,3,6,0.2,wave,0.075,3,0.043333333333333335,1107,42,17
41,3,7,0.2,wave,0.075,3,0.043333333333333335,1094,43,21
41,3,8,0.2,wave,0.075,3,0.043333333333333335,1082,34,18
41,3,9,0.2,wave,0.075,3,0.043333333333333335,1074,35,20
41,3,10,0.2,wave,0.075,3,0.043333333333333335,1047,33,16
41,3,11,0.2,wave,0.075,3,0.043333333333333335,1031,33,12
41,3,12,0.2,wave,0.075,3,0.043333333333333335,1016,28,13
41,3,13,0.2,wave,0.075,3,0.043333333333333335,1006,28,13
41,3,14,0.2,wave,0.075,3,0.043333333333333335,991,30,15
41,3,15,0.2,wave,0.075,3,0.043333333333333335,987,26,14
41,3,16,0.2,wave,0.075,3,0.043333333333333335,977,23,13
41,3,17,0.2,wave,0.075,3,0.043333333333333335,970,21,10
41,3,18,0.2,wave,0.075,3,0.043333333333333335,950,16,10
41,3,19,0.2,wave,0.075,3,0.043333333333333335,951,13,7
41,3,20,0.2,wave,0.075,3,0.043333333333333335,1452,13,9
41,3,21,0.2,wave,0.075,3,0.043333333333333335,1462,8,6
41,3,22,0.2,wave,0.075,3,0.043333333333333335,1437,11,6
41,3,23,0.2,wave,0.075,3,0.043333333333333335,1436,14,4
41,3,24,0.2,wave,0.075,3,0.043333333333333335,1421,15,4
41,3,25,0.2,wave,0.075,3,0.043333333333333335,1411,18,8
41,3,26,0.2,wave,0.075,3,0.043333333333333335,1377,20,10
41,3,27,0.2,wave,0.075,3,0.043333333333333335,1381,24,10
41,3,28,0.2,wave,0.075,3,0.043333333333333335,1333,26,9
41,3,29,0.2,wave,0.075,3,0.043333333333333335,1316,27,7
41,3,30,0.2,wave,0.075,3,0.043333333333333335,1310,30,9
41,3,31,0.2,wave,0.075,3,0.043333333333333335,1292,33,15
41,3,32,0.2,wave,0.075,3,0.043333333333333335,1316,40,18
41,3,33,0.2,wave,0.075,3,0.043333333333333335,1267,37,18
41,3,34,0.2,wave,0.075,3,0.043333333333333335,1252,38,16
41,3,35,0.2,wave,0.075,3,0.043333333333333335,1242,47,17
41,3,36,0.2,wave,0.075,3,0.043333333333333335,1215,37,14
41,3,37,0.2,wave,0.075,3,0.043333333333333335,1190,29,10
41,3,38,0.2,wave,0.075,3,0.043333333333333335,1171,26,15
41,3,39,0.2,wave,0.075,3,0.043333333333333335,1107,27,14
41,3,40,0.2,wave,0.075,3,0.043333333333333335,1099,36,16
41,3,41,0.2,wave,0.075,3,0.043333333333333335,1092,33,13
41,3,42,0.2,wave,0.075,3,0.043333333333333335,1085,36,14
41,3,43,0.2,wave,0.075,3,0.043333333333333335,1072,33,17
41,3,44,0.2,wave,0.075,3,0.043333333333333335,1070,31,18
41,3,45,0.2,wave,0.075,3,0.043333333333333335,1060,32,18
41,3,46,0.2,wave,0.075,3,0.043333333333333335,1034,27,15
41,3,47,0.2,wave,0.075,3,0.043333333333333335,1017,24,12
41,3,48,0.2,wave,0.075,3,0.043333333333333335,991,22,12
41,3,49,0.2,wave,0.075,3,0.043333333333333335,994,23,10
41,3,50,0.2,wave,0.075,3,0.043333333333333335,957,21,8
41,3,51,0.2,wave,0.075,3,0.043333333333333335,954,19,9
41,3,52,0.2,wave,0.075,3,0.043333333333333335,922,21,12
41,4,1,0.2,wave,0.075,3,0.043333333333333335,928,22,12
41,4,2,0.2,wave,0.075,3,0.043333333333333335,900,20,12
41,4,3,0.2,wave,0.075,3,0.043333333333333335,898,18,10
41,4,4,0.2,wave,0.075,3,0.043333333333333335,882,18,12
41,4,5,0.2,wave,0.075,3,0.043333333333333335,877,14,9
41,4,6,0.2,wave,0.075,3,0.043333333333333335,856,13,9
41,4,7,0.2,wave,0.075,3,0.043333333333333335,848,16,7
41,4,8,0.2,wave,0.075,3,0.043333333333333335,830,15,12
41,4,9,0.2,wave,0.075,3,0.043333333333333335,814,14,12
41,4,10,0.2,wave,0.075,3,0.043333333333333335,793,16,10
41,4,11,0.2,wave,0.075,3,0.043333333333333335,793,9,3
41,4,12,0.2,wave,0.075,3,0.043333333333333335,773,8,3
41,4,13,0.2,wave,0.075,3,0.043333333333333335,786,8,5
41,4,14,0.2,wave,0.075,3,0.043333333333333335,767,11,5
41,4,15,0.2,wave,0.075,3,0.043333333333333335,771,10,6
41,4,16,0.2,wave,0.075,3,0.043333333333333335,752,9,5
41,4,17,0.2,wave,0.075,3,0.043333333333333335,768,14,6
41,4,18,0.2,wave,0.075,3,0.043333333333333335,744,11,2
41,4,19,0.2,wave,0.075,3,0.043333333333333335,757,11,3
41,4,20,0.2,wave,0.075,3,0.043333333333333335,1080,11,5
41,4,21,0.2,wave,0.075,3,0.043333333333333335,1095,15,7
41,4,22,0.2,wave,0.075,3,0.043333333333333335,1061,14,7
41,4,23,0.2,wave,0.075,3,0.043333333333333335,1057,13,6
41,4,24,0.2,wave,0.075,3,0.043333333333333335,1043,14,7
41,4,25,0.2,wave,0.075,3,0.043333333333333335,1039,16,8
41,4,26,0.2,wave,0.075,3,0.043333333333333335,1025,15,6
41,4,27,0.2,wave,0.075,3,0.043333333333333335,1018,14,6
41,4,28,0.2,wave,0.075,3,0.043333333333333335,1001,17,7
41,4,29,0.2,wave,0.075,3,0.043333333333333335,997,18,7
41,4,30,0.2,wave,0.075,3,0.043333333333333335,982,19,7
41,4,31,0.2,wave,0.075,3,0.043333333333333335,999,19,10
41,4,32,0.2,wave,0.075,3,0.043333333333333335,986,24,12
41,4,33,0.2,wave,0.075,3,0.043333333333333335,985,30,14
41,4,34,0.2,wave,0.075,3,0.043333333333333335,948,30,15
41,4,35,0.2,wave,0.075,3,0.043333333333333335,949,32,17
41,4,36,0.2,wave,0.075,3,0.043333333333333335,936,30,15
41,4,37,0.2,wave,0.075,3,0.043333333333333335,924,25,14
41,4,38,0.2,wave,0.075,3,0.043333333333333335,909,22,13
41,4,39,0.2,wave,0.075,3,0.043333333333333335,906,21,10
41,4,40,0.2,wave,0.075,3,0.043333333333333335,890,19,11
41,4,41,0.2,wave,0.075,3,0.043333333333333335,881,15,7
41,4,42,0.2,wave,0.075,3,0.043333333333333335,873,15,7
41,4,43,0.2,wave,0.075,3,0.043333333333333335,861,12,6
41,4,44,0.2,wave,0.075,3,0.043333333333333335,841,8,6
41,4,45,0.2,wave,0.075,3,0.043333333333333335,843,12,5
41,4,46,0.2,wave,0.075,3,0.043333333333333335,811,13,5
41,4,47,0.2,wave,0.075,3,0.043333333333333335,808,11,5
41,4,48,0.2,wave,0.075,3,0.043333333333333335,801,11,8
41,4,49,0.2,wave,0.075,3,0.043333333333333335,798,12,6
41,4,50,0.2,wave,0.075,3,0.043333333333333335,782,10,4
41,4,51,0.2,wave,0.075,3,0.043333333333333335,772,10,3
41,4,52,0.2,wave,0.075,3,0.043333333333333335,762,8,4
41,5,1,0.2,wave,0.075,3,0.043333333333333335,759,9,6
41,5,2,0.2,wave,0.075,3,0.043333333333333335,741,9,5
41,5,3,0.2,wave,0.075,3,0.043333333333333335,750,9,3
41,5,4,0.2,wave,0.075,3,0.043333333333333335,720,8,3
41,5,5,0.2,wave,0.075,3,0.043333333333333335,721,7,3
41,5,6,0.2,wave,0.075,3,0.043333333333333335,713,6,5
41,5,7,0.2,wave,0.075,3,0.043333333333333335,716,10,5
41,5,8,0.2,wave,0.075,3,0.043333333333333335,708,8,3
41,5,9,0.2,wave,0.075,3,0.043333333333333335,709,6,3
41,5,10,0.2,wave,0.075,3,0.043333333333333335,702,7,2
41,5,11,0.2,wave,0.075,3,0.043333333333333335,704,7,2
41,5,12,0.2,wave,0.075,3,0.043333333333333335,697,5,4
41,5,13,0.2,wave,0.075,3,0.043333333333333335,701,6,4
41,5,14,0.2,wave,0.075,3,0.043333333333333335,691,6,5
41,5,15,0.2,wave,0.075,3,0.043333333333333335,690,3,2
41,5,16,0.2,wave,0.075,3,0.043333333333333335,685,4,2
41,5,17,0.2,wave,0.075,3,0.043333333333333335,688,4,2
41,5,18,0.2,wave,0.075,3,0.043333333333333335,679,2,0
41,5,19,0.2,wave,0.075,3,0.043333333333333335,681,3,2
41,5,20,0.2,wave,0.075,3,0.043333333333333335,1012,2,1
41,5,21,0.2,wave,0.075,3,0.043333333333333335,1024,3,1
41,5,22,0.2,wave,0.075,3,0.043333333333333335,998,4,1
41,5,23,0.2,wave,0.075,3,0.043333333333333335,975,1,1
41,5,24,0.2,wave,0.075,3,0.043333333333333335,954,1,1
41,5,25,0.2,wave,0.075,3,0.043333333333333335,959,2,0
41,5,26,0.2,wave,0.075,3,0.043333333333333335,935,0,0
41,5,27,0.2,wave,0.075,3,0.043333333333333335,941,2,1
41,5,28,0.2,wave,0.075,3,0.043333333333333335,903,0,0
41,5,29,0.2,wave,0.075,3,0.043333333333333335,914,4,1
41,5,30,0.2,wave,0.075,3,0.043333333333333335,879,1,1
41,5,31,0.2,wave,0.075,3,0.043333333333333335,902,6,2
41,5,32,0.2,wave,0.075,3,0.043333333333333335,905,5,2
41,5,33,0.2,wave,0.075,3,0.043333333333333335,905,13,3
41,5,34,0.2,wave,0.075,3,0.043333333333333335,870,2,1
41,5,35,0.2,wave,0.075,3,0.043333333333333335,877,9,5
41,5,36,0.2,wave,0.075,3,0.043333333333333335,870,4,2
41,5,37,0.2,wave,0.075,3,0.043333333333333335,882,6,3
41,5,38,0.2,wave,0.075,3,0.043333333333333335,868,9,3
41,5,39,0.2,wave,0.075,3,0.043333333333333335,869,11,4
41,5,40,0.2,wave,0.075,3,0.043333333333333335,865,13,6
41,5,41,0.2,wave,0.075,3,0.043333333333333335,879,13,4
41,5,42,0.2,wave,0.075,3,0.043333333333333335,861,11,6
41,5,43,0.2,wave,0.075,3,0.043333333333333335,864,13,8
41,5,44,0.2,wave,0.075,3,0.043333333333333335,853,12,8
41,5,45,0.2,wave,0.075,3,0.043333333333333335,858,14,4
41,5,46,0.2,wave,0.075,3,0.043333333333333335,819,8,4
41,5,47,0.2,wave,0.075,3,0.043333333333333335,812,10,4
41,5,48,0.2,wave,0.075,3,0.043333333333333335,792,8,3
41,5,49,0.2,wave,0.075,3,0.043333333333333335,797,10,5
41,5,50,0.2,wave,0.075,3,0.043333333333333335,779,7,3
41,5,51,0.2,wave,0.075,3,0.043333333333333335,780,6,5
41,5,52,0.2,wave,0.075,3,0.043333333333333335,766,4,3
41,6,1,0.2,wave,0.075,3,0.043333333333333335,768,6,4
41,6,2,0.2,wave,0.075,3,0.043333333333333335,746,2,0
41,6,3,0.2,wave,0.075,3,0.043333333333333335,752,3,2
41,6,4,0.2,wave,0.075,3,0.043333333333333335,743,3,2
41,6,5,0.2,wave,0.075,3,0.043333333333333335,743,4,4
41,6,6,0.2,wave,0.075,3,0.043333333333333335,735,1,1
41,6,7,0.2,wave,0.075,3,0.043333333333333335,734,1,1
41,6,8,0.2,wave,0.075,3,0.043333333333333335,731,0,0
41,6,9,0.2,wave,0.075,3,0.043333333333333335,731,0,0
41,6,10,0.2,wave,0.075,3,0.043333333333333335,727,0,0
41,6,11,0.2,wave,0.075,3,0.043333333333333335,727,0,0
41,6,12,0.2,wave,0.075,3,0.043333333333333335,719,0,0
41,6,13,0.2,wave,0.075,3,0.043333333333333335,723,0,0
41,6,14,0.2,wave,0.075,3,0.043333333333333335,715,0,0
41,6,15,0.2,wave,0.075,3,0.043333333333333335,717,0,0
41,6,16,0.2,wave,0.075,3,0.043333333333333335,714,0,0
41,6,17,0.2,wave,0.075,3,0.043333333333333335,715,0,0
41,6,18,0.2,wave,0.075,3,0.043333333333333335,711,0,0
41,6,19,0.2,wave,0.075,3,0.043333333333333335,714,0,0
41,6,20,0.2,wave,0.075,3,0.043333333333333335,1101,0,0
41,6,21,0.2,wave,0.075,3,0.043333333333333335,1095,0,0
41,6,22,0.2,wave,0.075,3,0.043333333333333335,1045,0,0
41,6,23,0.2,wave,0.075,3,0.043333333333333335,1031,0,0
41,6,24,0.2,wave,0.075,3,0.043333333333333335,1010,0,0
41,6,25,0.2,wave,0.075,3,0.043333333333333335,995,0,0
41,6,26,0.2,wave,0.075,3,0.043333333333333335,977,0,0
41,6,27,0.2,wave,0.075,3,0.043333333333333335,975,0,0
41,6,28,0.2,wave,0.075,3,0.043333333333333335,970,0,0
41,6,29,0.2,wave,0.075,3,0.043333333333333335,957,0,0
41,6,30,0.2,wave,0.075,3,0.043333333333333335,943,0,0
41,6,31,0.2,wave,0.075,3,0.043333333333333335,933,0,0
41,6,32,0.2,wave,0.075,3,0.043333333333333335,945,0,0
41,6,33,0.2,wave,0.075,3,0.043333333333333335,928,0,0
41,6,34,0.2,wave,0.075,3,0.043333333333333335,909,0,0
41,6,35,0.2,wave,0.075,3,0.043333333333333335,897,0,0
41,6,36,0.2,wave,0.075,3,0.043333333333333335,871,0,0
41,6,37,0.2,wave,0.075,3,0.043333333333333335,863,0,0
41,6,38,0.2,wave,0.075,3,0.043333333333333335,846,0,0
41,6,39,0.2,wave,0.075,3,0.043333333333333335,852,0,0
41,6,40,0.2,wave,0.075,3,0.043333333333333335,819,0,0
41,6,41,0.2,wave,0.075,3,0.043333333333333335,823,0,0
41,6,42,0.2,wave,0.075,3,0.043333333333333335,799,0,0
41,6,43,0.2,wave,0.075,3,0.043333333333333335,810,0,0
41,6,44,0.2,wave,0.075,3,0.043333333333333335,797,0,0
41,6,45,0.2,wave,0.075,3,0.043333333333333335,806,0,0
41,6,46,0.2,wave,0.075,3,0.043333333333333335,777,0,0
41,6,47,0.2,wave,0.075,3,0.043333333333333335,773,0,0
41,6,48,0.2,wave,0.075,3,0.043333333333333335,759,0,0
41,6,49,0.2,wave,0.075,3,0.043333333333333335,764,0,0
41,6,50,0.2,wave,0.075,3,0.043333333333333335,751,0,0
41,6,51,0.2,wave,0.075,3,0.043333333333333335,756,0,0
41,6,52,0.2,wave,0.075,3,0.043333333333333335,742,0,0
41,7,1,0.2,wave,0.075,3,0.043333333333333335,750,0,0
41,7,2,0.2,wave,0.075,3,0.043333333333333335,722,0,0
41,7,3,0.2,wave,0.075,3,0.043333333333333335,735,0,0
41,7,4,0.2,wave,0.075,3,0.043333333333333335,718,0,0
41,7,5,0.2,wave,0.075,3,0.043333333333333335,732,0,0
41,7,6,0.2,wave,0.075,3,0.043333333333333335,718,0,0
41,7,7,0.2,wave,0.075,3,0.043333333333333335,728,0,0
41,7,8,0.2,wave,0.075,3,0.043333333333333335,715,0,0
41,7,9,0.2,wave,0.075,3,0.043333333333333335,723,0,0
41,7,10,0.2,wave,0.075,3,0.043333333333333335,712,0,0
41,7,11,0.2,wave,0.075,3,0.043333333333333335,720,0,0
41,7,12,0.2,wave,0.075,3,0.043333333333333335,708,0,0
41,7,13,0.2,wave,0.075,3,0.043333333333333335,703,0,0
41,7,14,0.2,wave,0.075,3,0.043333333333333335,703,0,0
41,7,15,0.2,wave,0.075,3,0.043333333333333335,703,0,0
41,7,16,0.2,wave,0.075,3,0.043333333333333335,703,0,0
41,7,17,0.2,wave,0.075,3,0.043333333333333335,704,0,0
41,7,18,0.2,wave,0.075,3,0.043333333333333335,703,0,0
41,7,19,0.2,wave,0.075,3,0.043333333333333335,705,0,0
41,7,20,0.2,wave,0.075,3,0.043333333333333335,1047,0,0
41,7,21,0.2,wave,0.075,3,0.043333333333333335,1010,0,0
41,7,22,0.2,wave,0.075,3,0.043333333333333335,1005,0,0
41,7,23,0.2,wave,0.075,3,0.043333333333333335,980,0,0
41,7,24,0.2,wave,0.075,3,0.043333333333333335,952,0,0
41,7,25,0.2,wave,0.075,3,0.043333333333333335,942,0,0
41,7,26,0.2,wave,0.075,3,0.043333333333333335,932,0,0
41,7,27,0.2,wave,0.075,3,0.043333333333333335,933,0,0
41,7,28,0.2,wave,0.075,3,0.043333333333333335,912,0,0
41,7,29,0.2,wave,0.075,3,0.043333333333333335,917,0,0
41,7,30,0.2,wave,0.075,3,0.043333333333333335,910,0,0
41,7,31,0.2,wave,0.075,3,0.043333333333333335,886,0,0
41,7,32,0.2,wave,0.075,3,0.043333333333333335,865,0,0
41,7,33,0.2,wave,0.075,3,0.043333333333333335,846,0,0
41,7,34,0.2,wave,0.075,3,0.043333333333333335,856,0,0
41,7,35,0.2,wave,0.075,3,0.043333333333333335,850,0,0
41,7,36,0.2,wave,0.075,3,0.043333333333333335,856,0,0
41,7,37,0.2,wave,0.075,3,0.043333333333333335,850,0,0
41,7,38,0.2,wave,0.075,3,0.043333333333333335,857,0,0
41,7,39,0.2,wave,0.075,3,0.043333333333333335,814,0,0
41,7,40,0.2,wave,0.075,3,0.043333333333333335,829,0,0
41,7,41,0.2,wave,0.075,3,0.043333333333333335,810,0,0
41,7,42,0.2,wave,0.075,3,0.043333333333333335,817,0,0
41,7,43,0.2,wave,0.075,3,0.043333333333333335,802,0,0
41,7,44,0.2,wave,0.075,3,0.043333333333333335,810,0,0
41,7,45,0.2,wave,0.075,3,0.043333333333333335,803,0,0
41,7,46,0.2,wave,0.075,3,0.043333333333333335,804,0,0
41,7,47,0.2,wave,0.075,3,0.043333333333333335,797,0,0
41,7,48,0.2,wave,0.075,3,0.043333333333333335,801,0,0
41,7,49,0.2,wave,0.075,3,0.043333333333333335,787,0,0
41,7,50,0.2,wave,0.075,3,0.043333333333333335,790,0,0
41,7,51,0.2,wave,0.075,3,0.043333333333333335,778,0,0
41,7,52,0.2,wave,0.075,3,0.043333333333333335,776,0,0
41,8,1,0.2,wave,0.075,3,0.043333333333333335,768,0,0
41,8,2,0.2,wave,0.075,3,0.043333333333333335,770,0,0
41,8,3,0.2,wave,0.075,3,0.043333333333333335,758,0,0
41,8,4,0.2,wave,0.075,3,0.043333333333333335,763,0,0
41,8,5,0.2,wave,0.075,3,0.043333333333333335,755,0,0
41,8,6,0.2,wave,0.075,3,0.043333333333333335,760,0,0
41,8,7,0.2,wave,0.075,3,0.043333333333333335,753,0,0
41,8,8,0.2,wave,0.075,3,0.043333333333333335,763,0,0
41,8,9,0.2,wave,0.075,3,0.043333333333333335,755,0,0
41,8,10,0.2,wave,0.075,3,0.043333333333333335,765,0,0
41,8,11,0.2,wave,0.075,3,0.043333333333333335,751,0,0
41,8,12,0.2,wave,0.075,3,0.043333333333333335,752,0,0
41,8,13,0.2,wave,0.075,3,0.043333333333333335,739,0,0
41,8,14,0.2,wave,0.075,3,0.043333333333333335,740,0,0
41,8,15,0.2,wave,0.075,3,0.043333333333333335,728,0,0
41,8,16,0.2,wave,0.075,3,0.043333333333333335,743,0,0
41,8,17,0.2,wave,0.075,3,0.043333333333333335,730,0,0
41,8,18,0.2,wave,0.075,3,0.043333333333333335,741,0,0
41,8,19,0.2,wave,0.075,3,0.043333333333333335,728,0,0
41,8,20,0.2,wave,0.075,3,0.043333333333333335,1092,0,0
41,8,21,0.2,wave,0.075,3,0.043333333333333335,1058,0,0
41,8,22,0.2,wave,0.075,3,0.043333333333333335,1025,0,0
41,8,23,0.2,wave,0.075,3,0.043333333333333335,998,0,0
41,8,24,0.2,wave,0.075,3,0.043333333333333335,1004,0,0
41,8,25,0.2,wave,0.075,3,0.043333333333333335,958,0,0
41,8,26,0.2,wave,0.075,3,0.043333333333333335,956,0,0
41,8,27,0.2,wave,0.075,3,0.043333333333333335,917,0,0
41,8,28,0.2,wave,0.075,3,0.043333333333333335,912,0,0
41,8,29,0.2,wave,0.075,3,0.043333333333333335,918,0,0
41,8,30,0.2,wave,0.075,3,0.043333333333333335,914,0,0
41,8,31,0.2,wave,0.075,3,0.043333333333333335,905,0,0
41,8,32,0.2,wave,0.075,3,0.043333333333333335,899,0,0
41,8,33,0.2,wave,0.075,3,0.043333333333333335,895,0,0
41,8,34,0.2,wave,0.075,3,0.043333333333333335,884,0,0
41,8,35,0.2,wave,0.075,3,0.043333333333333335,886,0,0
41,8,36,0.2,wave,0.075,3,0.043333333333333335,887,0,0
41,8,37,0.2,wave,0.075,3,0.043333333333333335,888,0,0
41,8,38,0.2,wave,0.075,3,0.043333333333333335,869,0,0
41,8,39,0.2,wave,0.075,3,0.043333333333333335,872,0,0
41,8,40,0.2,wave,0.075,3,0.043333333333333335,874,0,0
41,8,41,0.2,wave,0.075,3,0.043333333333333335,870,0,0
41,8,42,0.2,wave,0.075,3,0.043333333333333335,874,0,0
41,8,43,0.2,wave,0.075,3,0.043333333333333335,851,0,0
41,8,44,0.2,wave,0.075,3,0.043333333333333335,862,0,0
41,8,45,0.2,wave,0.075,3,0.043333333333333335,851,0,0
41,8,46,0.2,wave,0.075,3,0.043333333333333335,856,0,0
41,8,47,0.2,wave,0.075,3,0.043333333333333335,836,0,0
41,8,48,0.2,wave,0.075,3,0.043333333333333335,808,0,0
41,8,49,0.2,wave,0.075,3,0.043333333333333335,808,0,0
41,8,50,0.2,wave,0.075,3,0.043333333333333335,811,0,0
41,8,51,0.2,wave,0.075,3,0.043333333333333335,808,0,0
41,8,52,0.2,wave,0.075,3,0.043333333333333335,810,0,0
41,9,1,0.2,wave,0.075,3,0.043333333333333335,803,0,0
41,9,2,0.2,wave,0.075,3,0.043333333333333335,812,0,0
41,9,3,0.2,wave,0.075,3,0.043333333333333335,801,0,0
41,9,4,0.2,wave,0.075,3,0.043333333333333335,799,0,0
41,9,5,0.2,wave,0.075,3,0.043333333333333335,800,0,0
41,9,6,0.2,wave,0.075,3,0.043333333333333335,798,0,0
41,9,7,0.2,wave,0.075,3,0.043333333333333335,802,0,0
41,9,8,0.2,wave,0.075,3,0.043333333333333335,803,0,0
41,9,9,0.2,wave,0.075,3,0.043333333333333335,799,0,0
41,9,10,0.2,wave,0.075,3,0.043333333333333335,801,0,0
41,9,11,0.2,wave,0.075,3,0.043333333333333335,798,0,0
41,9,12,0.2,wave,0.075,3,0.043333333333333335,786,0,0
41,9,13,0.2,wave,0.075,3,0.043333333333333335,786,0,0
41,9,14,0.2,wave,0.075,3,0.043333333333333335,787,0,0
41,9,15,0.2,wave,0.075,3,0.043333333333333335,783,0,0
41,9,16,0.2,wave,0.075,3,0.043333333333333335,788,0,0
41,9,17,0.2,wave,0.075,3,0.043333333333333335,781,0,0
41,9,18,0.2,wave,0.075,3,0.043333333333333335,784,0,0
41,9,19,0.2,wave,0.075,3,0.043333333333333335,782,0,0
41,9,20,0.2,wave,0.075,3,0.043333333333333335,1117,0,0
41,9,21,0.2,wave,0.075,3,0.043333333333333335,1113,0,0
41,9,22,0.2,wave,0.075,3,0.043333333333333335,1100,0,0
41,9,23,0.2,wave,0.075,3,0.043333333333333335,1101,0,0
41,9,24,0.2,wave,0.075,3,0.043333333333333335,1079,0,0
41,9,25,0.2,wave,0.075,3,0.043333333333333335,1061,0,0
41,9,26,0.2,wave,0.075,3,0.043333333333333335,1046,0,0
41,9,27,0.2,wave,0.075,3,0.043333333333333335,1029,0,0
41,9,28,0.2,wave,0.075,3,0.043333333333333335,1020,0,0
41,9,29,0.2,wave,0.075,3,0.043333333333333335,992,0,0
41,9,30,0.2,wave,0.075,3,0.043333333333333335,986,0,0
41,9,31,0.2,wave,0.075,3,0.043333333333333335,971,0,0
41,9,32,0.2,wave,0.075,3,0.043333333333333335,961,0,0
41,9,33,0.2,wave,0.075,3,0.043333333333333335,949,0,0
41,9,34,0.2,wave,0.075,3,0.043333333333333335,946,0,0
41,9,35,0.2,wave,0.075,3,0.043333333333333335,947,0,0
41,9,36,0.2,wave,0.075,3,0.043333333333333335,947,0,0
41,9,37,0.2,wave,0.075,3,0.043333333333333335,949,0,0
41,9,38,0.2,wave,0.075,3,0.043333333333333335,948,0,0
41,9,39,0.2,wave,0.075,3,0.043333333333333335,920,0,0
41,9,40,0.2,wave,0.075,3,0.043333333333333335,912,0,0
41,9,41,0.2,wave,0.075,3,0.043333333333333335,909,0,0
41,9,42,0.2,wave,0.075,3,0.043333333333333335,905,0,0
41,9,43,0.2,wave,0.075,3,0.043333333333333335,908,0,0
41,9,44,0.2,wave,0.075,3,0.043333333333333335,908,0,0
41,9,45,0.2,wave,0.075,3,0.043333333333333335,913,0,0
41,9,46,0.2,wave,0.075,3,0.043333333333333335,909,0,0
41,9,47,0.2,wave,0.075,3,0.043333333333333335,914,0,0
41,9,48,0.2,wave,0.075,3,0.043333333333333335,909,0,0
41,9,49,0.2,wave,0.075,3,0.043333333333333335,904,0,0
41,9,50,0.2,wave,0.075,3,0.043333333333333335,899,0,0
41,9,51,0.2,wave,0.075,3,0.043333333333333335,886,0,0
41,9,52,0.2,wave,0.075,3,0.043333333333333335,881,0,0
41,10,1,0.2,wave,0.075,3,0.043333333333333335,886,0,0
41,10,2,0.2,wave,0.075,3,0.043333333333333335,883,0,0
41,10,3,0.2,wave,0.075,3,0.043333333333333335,878,0,0
41,10,4,0.2,wave,0.075,3,0.043333333333333335,881,0,0
41,10,5,0.2,wave,0.075,3,0.043333333333333335,879,0,0
41,10,6,0.2,wave,0.075,3,0.043333333333333335,858,0,0
41,10,7,0.2,wave,0.075,3,0.043333333333333335,863,0,0
41,10,8,0.2,wave,0.075,3,0.043333333333333335,858,0,0
41,10,9,0.2,wave,0.075,3,0.043333333333333335,859,0,0
41,10,10,0.2,wave,0.075,3,0.043333333333333335,848,0,0
41,10,11,0.2,wave,0.075,3,0.043333333333333335,847,0,0
41,10,12,0.2,wave,0.075,3,0.043333333333333335,838,0,0
41,10,13,0.2,wave,0.075,3,0.043333333333333335,836,0,0
41,10,14,0.2,wave,0.075,3,0.043333333333333335,838,0,0
41,10,15,0.2,wave,0.075,3,0.043333333333333335,823,0,0
41,10,16,0.2,wave,0.075,3,0.043333333333333335,821,0,0
41,10,17,0.2,wave,0.075,3,0.043333333333333335,822,0,0
41,10,18,0.2,wave,0.075,3,0.043333333333333335,820,0,0
41,10,19,0.2,wave,0.075,3,0.043333333333333335,821,0,0
41,10,20,0.2,wave,0.075,3,0.043333333333333335,1184,0,0
41,10,21,0.2,wave,0.075,3,0.043333333333333335,1187,0,0
41,10,22,0.2,wave,0.075,3,0.043333333333333335,1149,0,0
41,10,23,0.2,wave,0.075,3,0.043333333333333335,1119,0,0
41,10,24,0.2,wave,0.075,3,0.043333333333333335,1111,0,0
41,10,25,0.2,wave,0.075,3,0.043333333333333335,1039,0,0
41,10,26,0.2,wave,0.075,3,0.043333333333333335,1014,0,0
41,10,27,0.2,wave,0.075,3,0.043333333333333335,999,0,0
41,10,28,0.2,wave,0.075,3,0.043333333333333335,991,0,0
41,10,29,0.2,wave,0.075,3,0.043333333333333335,991,0,0
41,10,30,0.2,wave,0.075,3,0.043333333333333335,962,0,0
41,10,31,0.2,wave,0.075,3,0.043333333333333335,950,0,0
41,10,32,0.2,wave,0.075,3,0.043333333333333335,920,0,0
41,10,33,0.2,wave,0.075,3,0.043333333333333335,928,0,0
41,10,34,0.2,wave,0.075,3,0.043333333333333335,887,0,0
41,10,35,0.2,wave,0.075,3,0.043333333333333335,883,0,0
41,10,36,0.2,wave,0.075,3,0.043333333333333335,875,0,0
41,10,37,0.2,wave,0.075,3,0.043333333333333335,870,0,0
41,10,38,0.2,wave,0.075,3,0.043333333333333335,865,0,0
41,10,39,0.2,wave,0.075,3,0.043333333333333335,872,0,0
41,10,40,0.2,wave,0.075,3,0.043333333333333335,873,0,0
41,10,41,0.2,wave,0.075,3,0.043333333333333335,875,0,0
41,10,42,0.2,wave,0.075,3,0.043333333333333335,877,0,0
41,10,43,0.2,wave,0.075,3,0.043333333333333335,873,0,0
41,10,44,0.2,wave,0.075,3,0.043333333333333335,876,0,0
41,10,45,0.2,wave,0.075,3,0.043333333333333335,871,0,0
41,10,46,0.2,wave,0.075,3,0.043333333333333335,852,0,0
41,10,47,0.2,wave,0.075,3,0.043333333333333335,851,0,0
41,10,48,0.2,wave,0.075,3,0.043333333333333335,849,0,0
41,10,49,0.2,wave,0.075,3,0.043333333333333335,850,0,0
41,10,50,0.2,wave,0.075,3,0.043333333333333335,843,0,0
41,10,51,0.2,wave,0.075,3,0.043333333333333335,844,0,0
41,10,52,0.2,wave,0.075,3,0.043333333333333335,840,0,0
42,1,1,0.2,wave,0.075,3,0.029166666666666667,6525,59,11
42,1,2,0.2,wave,0.075,3,0.029166666666666667,6405,75,23
42,1,3,0.2,wave,0.075,3,0.029166666666666667,6261,106,41
42,1,4,0.2,wave,0.075,3,0.029166666666666667,6147,135,50
42,1,5,0.2,wave,0.075,3,0.029166666666666667,6015,171,63
42,1,6,0.2,wave,0.075,3,0.029166666666666667,5704,197,64
42,1,7,0.2,wave,0.075,3,0.029166666666666667,5469,231,72
42,1,8,0.2,wave,0.075,3,0.029166666666666667,5278,261,84
42,1,9,0.2,wave,0.075,3,0.029166666666666667,5101,282,105
42,1,10,0.2,wave,0.075,3,0.029166666666666667,4873,305,125
42,1,11,0.2,wave,0.075,3,0.029166666666666667,4699,329,151
42,1,12,0.2,wave,0.075,3,0.029166666666666667,4600,355,162
42,1,13,0.2,wave,0.075,3,0.029166666666666667,4445,376,171
42,1,14,0.2,wave,0.075,3,0.029166666666666667,4309,395,171
42,1,15,0.2,wave,0.075,3,0.029166666666666667,4127,407,179
42,1,16,0.2,wave,0.075,3,0.029166666666666667,4010,411,176
42,1,17,0.2,wave,0.075,3,0.029166666666666667,3867,413,196
42,1,18,0.2,wave,0.075,3,0.029166666666666667,3726,409,193
42,1,19,0.2,wave,0.075,3,0.029166666666666667,3607,401,199
42,1,20,0.2,wave,0.075,3,0.029166666666666667,5322,399,199
42,1,21,0.2,wave,0.075,3,0.029166666666666667,5059,497,198
42,1,22,0.2,wave,0.075,3,0.029166666666666667,4899,537,218
42,1,23,0.2,wave,0.075,3,0.029166666666666667,4753,579,237
42,1,24,0.2,wave,0.075,3,0.029166666666666667,4583,617,243
42,1,25,0.2,wave,0.075,3,0.029166666666666667,4436,647,278
42,1,26,0.2,wave,0.075,3,0.029166666666666667,4271,650,286
42,1,27,0.2,wave,0.075,3,0.029166666666666667,4113,673,295
42,1,28,0.2,wave,0.075,3,0.029166666666666667,3943,662,312
42,1,29,0.2,wave,0.075,3,0.029166666666666667,3695,667,322
42,1,30,0.2,wave,0.075,3,0.029166666666666667,3537,686,317
42,1,31,0.2,wave,0.075,3,0.029166666666666667,3331,662,292
42,1,32,0.2,wave,0.075,3,0.029166666666666667,3218,659,319
42,1,33,0.2,wave,0.075,3,0.029166666666666667,3074,634,315
42,1,34,0.2,wave,0.075,3,0.029166666666666667,2900,635,328
42,1,35,0.2,wave,0.075,3,0.029166666666666667,2746,567,261
42,1,36,0.2,wave,0.075,3,0.029166666666666667,2598,536,270
42,1,37,0.2,wave,0.075,3,0.029166666666666667,2468,464,237
42,1,38,0.2,wave,0.075,3,0.029166666666666667,2342,432,231
42,1,39,0.2,wave,0.075,3,0.029166666666666667,2232,400,218
42,1,40,0.2,wave,0.075,3,0.029166666666666667,2124,381,189
42,1,41,0.2,wave,0.075,3,0.029166666666666667,2066,347,189
42,1,42,0.2,wave,0.075,3,0.029166666666666667,1951,307,162
42,1,43,0.2,wave,0.075,3,0.029166666666666667,1902,299,161
42,1,44,0.2,wave,0.075,3,0.029166666666666667,1799,251,140
42,1,45,0.2,wave,0.075,3,0.029166666666666667,1719,236,140
42,1,46,0.2,wave,0.075,3,0.029166666666666667,1665,219,128
42,1,47,0.2,wave,0.075,3,0.029166666666666667,1600,182,113
42,1,48,0.2,wave,0.075,3,0.029166666666666667,1539,150,86
42,1,49,0.2,wave,0.075,3,0.029166666666666667,1484,120,75
42,1,50,0.2,wave,0.075,3,0.029166666666666667,1441,100,59
42,1,51,0.2,wave,0.075,3,0.029166666666666667,1403,84,50
42,1,52,0.2,wave,0.075,3,0.029166666666666667,1374,77,47
42,2,1,0.2,wave,0.075,3,0.029166666666666667,1348,64,33
42,2,2,0.2,wave,0.075,3,0.029166666666666667,1327,63,37
42,2,3,0.2,wave,0.075,3,0.029166666666666667,1295,48,26
42,2,4,0.2,wave,0.075,3,0.029166666666666667,1278,45,26
42,2,5,0.2,wave,0.075,3,0.029166666666666667,1257,40,24
42,2,6,0.2,wave,0.075,3,0.029166666666666667,1233,34,22
42,2,7,0.2,wave,0.075,3,0.029166666666666667,1218,28,17
42,2,8,0.2,wave,0.075,3,0.029166666666666667,1184,22,10
42,2,9,0.2,wave,0.075,3,0.029166666666666667,1174,15,5
42,2,10,0.2,wave,0.075,3,0.029166666666666667,1156,18,9
42,2,11,0.2,wave,0.075,3,0.029166666666666667,1149,12,10
42,2,12,0.2,wave,0.075,3,0.029166666666666667,1137,16,10
42,2,13,0.2,wave,0.075,3,0.029166666666666667,1127,10,5
42,2,14,0.2,wave,0.075,3,0.029166666666666667,1113,10,5
42,2,15,0.2,wave,0.075,3,0.029166666666666667,1105,9,6
42,2,16,0.2,wave,0.075,3,0.029166666666666667,1092,10,7
42,2,17,0.2,wave,0.075,3,0.029166666666666667,1091,7,5
42,2,18,0.2,wave,0.075,3,0.029166666666666667,1074,8,4
42,2,19,0.2,wave,0.075,3,0.029166666666666667,1070,7,3
42,2,20,0.2,wave,0.075,3,0.029166666666666667,1558,5,2
42,2,21,0.2,wave,0.075,3,0.029166666666666667,1569,5,4
42,2,22,0.2,wave,0.075,3,0.029166666666666667,1542,7,3
42,2,23,0.2,wave,0.075,3,0.029166666666666667,1526,9,2
42,2,24,0.2,wave,0.075,3,0.029166666666666667,1493,7,0
42,2,25,0.2,wave,0.075,3,0.029166666666666667,1503,6,1
42,2,26,0.2,wave,0.075,3,0.029166666666666667,1443,7,2
42,2,27,0.2,wave,0.075,3,0.029166666666666667,1444,7,5
42,2,28,0.2,wave,0.075,3,0.029166666666666667,1436,7,5
42,2,29,0.2,wave,0.075,3,0.029166666666666667,1435,7,5
42,2,30,0.2,wave,0.075,3,0.029166666666666667,1419,5,2
42,2,31,0.2,wave,0.075,3,0.029166666666666667,1409,4,2
42,2,32,0.2,wave,0.075,3,0.029166666666666667,1373,4,1
42,2,33,0.2,wave,0.075,3,0.029166666666666667,1356,4,1
42,2,34,0.2,wave,0.075,3,0.029166666666666667,1360,3,2
42,2,35,0.2,wave,0.075,3,0.029166666666666667,1325,3,2
42,2,36,0.2,wave,0.075,3,0.029166666666666667,1325,5,3
42,2,37,0.2,wave,0.075,3,0.029166666666666667,1292,3,1
42,2,38,0.2,wave,0.075,3,0.029166666666666667,1267,3,1
42,2,39,0.2,wave,0.075,3,0.029166666666666667,1260,2,1
42,2,40,0.2,wave,0.075,3,0.029166666666666667,1245,2,1
42,2,41,0.2,wave,0.075,3,0.029166666666666667,1235,2,2
42,2,42,0.2,wave,0.075,3,0.029166666666666667,1215,1,1
42,2,43,0.2,wave,0.075,3,0.029166666666666667,1207,1,1
42,2,44,0.2,wave,0.075,3,0.029166666666666667,1198,0,0
42,2,45,0.2,wave,0.075,3,0.029166666666666667,1180,0,0
42,2,46,0.2,wave,0.075,3,0.029166666666666667,1174,0,0
42,2,47,0.2,wave,0.075,3,0.029166666666666667,1161,0,0
42,2,48,0.2,wave,0.075,3,0.029166666666666667,1157,0,0
42,2,49,0.2,wave,0.075,3,0.029166666666666667,1140,0,0
42,2,50,0.2,wave,0.075,3,0.029166666666666667,1129,0,0
42,2,51,0.2,wave,0.075,3,0.029166666666666667,1107,0,0
42,2,52,0.2,wave,0.075,3,0.029166666666666667,1096,0,0
42,3,1,0.2,wave,0.075,3,0.029166666666666667,1081,0,0
42,3,2,0.2,wave,0.075,3,0.029166666666666667,1077,0,0
42,3,3,0.2,wave,0.075,3,0.029166666666666667,1071,0,0
42,3,4,0.2,wave,0.075,3,0.029166666666666667,1069,0,0
42,3,5,0.2,wave,0.075,3,0.029166666666666667,1045,0,0
42,3,6,0.2,wave,0.075,3,0.029166666666666667,1046,0,0
42,3,7,0.2,wave,0.075,3,0.029166666666666667,1036,0,0
42,3,8,0.2,wave,0.075,3,0.029166666666666667,1021,0,0
42,3,9,0.2,wave,0.075,3,0.029166666666666667,1014,0,0
42,3,10,0.2,wave,0.075,3,0.029166666666666667,1009,0,0
42,3,11,0.2,wave,0.075,3,0.029166666666666667,1000,0,0
42,3,12,0.2,wave,0.075,3,0.029166666666666667,991,0,0
42,3,13,0.2,wave,0.075,3,0.029166666666666667,981,0,0
42,3,14,0.2,wave,0.075,3,0.029166666666666667,980,0,0
42,3,15,0.2,wave,0.075,3,0.029166666666666667,975,0,0
42,3,16,0.2,wave,0.075,3,0.029166666666666667,969,0,0
42,3,17,0.2,wave,0.075,3,0.029166666666666667,966,0,0
42,3,18,0.2,wave,0.075,3,0.029166666666666667,961,0,0
42,3,19,0.2,wave,0.075,3,0.029166666666666667,956,0,0
42,3,20,0.2,wave,0.075,3,0.029166666666666667,1446,0,0
42,3,21,0.2,wave,0.075,3,0.029166666666666667,1417,0,0
42,3,22,0.2,wave,0.075,3,0.029166666666666667,1363,0,0
42,3,23,0.2,wave,0.075,3,0.029166666666666667,1375,0,0
42,3,24,0.2,wave,0.075,3,0.029166666666666667,1334,0,0
42,3,25,0.2,wave,0.075,3,0.029166666666666667,1330,0,0
42,3,26,0.2,wave,0.075,3,0.029166666666666667,1259,0,0
42,3,27,0.2,wave,0.075,3,0.029166666666666667,1286,0,0
42,3,28,0.2,wave,0.075,3,0.029166666666666667,1261,0,0
42,3,29,0.2,wave,0.075,3,0.029166666666666667,1251,0,0
42,3,30,0.2,wave,0.075,3,0.029166666666666667,1230,0,0
42,3,31,0.2,wave,0.075,3,0.029166666666666667,1226,0,0
42,3,32,0.2,wave,0.075,3,0.029166666666666667,1195,0,0
42,3,33,0.2,wave,0.075,3,0.029166666666666667,1168,0,0
42,3,34,0.2,wave,0.075,3,0.029166666666666667,1141,0,0
42,3,35,0.2,wave,0.075,3,0.029166666666666667,1104,0,0
42,3,36,0.2,wave,0.075,3,0.029166666666666667,1096,0,0
42,3,37,0.2,wave,0.075,3,0.029166666666666667,1076,0,0
42,3,38,0.2,wave,0.075,3,0.029166666666666667,1053,0,0
42,3,39,0.2,wave,0.075,3,0.029166666666666667,1026,0,0
42,3,40,0.2,wave,0.075,3,0.029166666666666667,1029,0,0
42,3,41,0.2,wave,0.075,3,0.029166666666666667,1024,0,0
42,3,42,0.2,wave,0.075,3,0.029166666666666667,1007,0,0
42,3,43,0.2,wave,0.075,3,0.029166666666666667,999,0,0
42,3,44,0.2,wave,0.075,3,0.029166666666666667,984,0,0
42,3,45,0.2,wave,0.075,3,0.029166666666666667,976,0,0
42,3,46,0.2,wave,0.075,3,0.029166666666666667,965,0,0
42,3,47,0.2,wave,0.075,3,0.029166666666666667,933,0,0
42,3,48,0.2,wave,0.075,3,0.029166666666666667,919,0,0
42,3,49,0.2,wave,0.075,3,0.029166666666666667,916,0,0
42,3,50,0.2,wave,0.075,3,0.029166666666666667,903,0,0
42,3,51,0.2,wave,0.075,3,0.029166666666666667,895,0,0
42,3,52,0.2,wave,0.075,3,0.029166666666666667,885,0,0
42,4,1,0.2,wave,0.075,3,0.029166666666666667,881,0,0
42,4,2,0.2,wave,0.075,3,0.029166666666666667,874,0,0
42,4,3,0.2,wave,0.075,3,0.029166666666666667,871,0,0
42,4,4,0.2,wave,0.075,3,0.029166666666666667,866,0,0
42,4,5,0.2,wave,0.075,3,0.029166666666666667,858,0,0
42,4,6,0.2,wave,0.075,3,0.029166666666666667,859,0,0
42,4,7,0.2,wave,0.075,3,0.029166666666666667,848,0,0
42,4,8,0.2,wave,0.075,3,0.029166666666666667,848,0,0
42,4,9,0.2,wave,0.075,3,0.029166666666666667,841,0,0
42,4,10,0.2,wave,0.075,3,0.029166666666666667,842,0,0
42,4,11,0.2,wave,0.075,3,0.029166666666666667,838,0,0
42,4,12,0.2,wave,0.075,3,0.029166666666666667,835,0,0
42,4,13,0.2,wave,0.075,3,0.029166666666666667,828,0,0
42,4,14,0.2,wave,0.075,3,0.029166666666666667,827,0,0
42,4,15,0.2,wave,0.075,3,0.029166666666666667,823,0,0
42,4,16,0.2,wave,0.075,3,0.029166666666666667,818,0,0
42,4,17,0.2,wave,0.075,3,0.029166666666666667,818,0,0
42,4,18,0.2,wave,0.075,3,0.029166666666666667,800,0,0
42,4,19,0.2,wave,0.075,3,0.029166666666666667,797,0,0
42,4,20,0.2,wave,0.075,3,0.029166666666666667,1171,0,0
42,4,21,0.2,wave,0.075,3,0.029166666666666667,1113,0,0
42,4,22,0.2,wave,0.075,3,0.029166666666666667,1097,0,0
42,4,23,0.2,wave,0.075,3,0.029166666666666667,1084,0,0
42,4,24,0.2,wave,0.075,3,0.029166666666666667,1079,0,0
42,4,25,0.2,wave,0.075,3,0.029166666666666667,1077,0,0
42,4,26,0.2,wave,0.075,3,0.029166666666666667,1068,0,0
42,4,27,0.2,wave,0.075,3,0.029166666666666667,1079,0,0
42,4,28,0.2,wave,0.075,3,0.029166666666666667,1046,0,0
42,4,29,0.2,wave,0.075,3,0.029166666666666667,1057,0,0
42,4,30,0.2,wave,0.075,3,0.029166666666666667,1028,0,0
42,4,31,0.2,wave,0.075,3,0.029166666666666667,1025,0,0
42,4,32,0.2,wave,0.075,3,0.029166666666666667,996,0,0
42,4,33,0.2,wave,0.075,3,0.029166666666666667,994,0,0
42,4,34,0.2,wave,0.075,3,0.029166666666666667,975,0,0
42,4,35,0.2,wave,0.075,3,0.029166666666666667,979,0,0
42,4,36,0.2,wave,0.075,3,0.029166666666666667,946,0,0
42,4,37,0.2,wave,0.075,3,0.029166666666666667,937,0,0
42,4,38,0.2,wave,0.075,3,0.029166666666666667,903,0,0
42,4,39,0.2,wave,0.075,3,0.029166666666666667,906,0,0
42,4,40,0.2,wave,0.075,3,0.029166666666666667,891,0,0
42,4,41,0.2,wave,0.075,3,0.029166666666666667,896,0,0
42,4,42,0.2,wave,0.075,3,0.029166666666666667,882,0,0
42,4,43,0.2,wave,0.075,3,0.029166666666666667,873,0,0
42,4,44,0.2,wave,0.075,3,0.029166666666666667,843,0,0
42,4,45,0.2,wave,0.075,3,0.029166666666666667,842,0,0
42,4,46,0.2,wave,0.075,3,0.029166666666666667,833,0,0
42,4,47,0.2,wave,0.075,3,0.029166666666666667,823,0,0
42,4,48,0.2,wave,0.075,3,0.029166666666666667,817,0,0
42,4,49,0.2,wave,0.075,3,0.029166666666666667,818,0,0
42,4,50,0.2,wave,0.075,3,0.029166666666666667,800,0,0
42,4,51,0.2,wave,0.075,3,0.029166666666666667,802,0,0
42,4,52,0.2,wave,0.075,3,0.029166666666666667,767,0,0
42,5,1,0.2,wave,0.075,3,0.029166666666666667,769,0,0
42,5,2,0.2,wave,0.075,3,0.029166666666666667,755,0,0
42,5,3,0.2,wave,0.075,3,0.029166666666666667,755,0,0
42,5,4,0.2,wave,0.075,3,0.029166666666666667,738,0,0
42,5,5,0.2,wave,0.075,3,0.029166666666666667,742,0,0
42,5,6,0.2,wave,0.075,3,0.029166666666666667,736,0,0
42,5,7,0.2,wave,0.075,3,0.029166666666666667,739,0,0
42,5,8,0.2,wave,0.075,3,0.029166666666666667,732,0,0
42,5,9,0.2,wave,0.075,3,0.029166666666666667,731,0,0
42,5,10,0.2,wave,0.075,3,0.029166666666666667,727,0,0
42,5,11,0.2,wave,0.075,3,0.029166666666666667,717,0,0
42,5,12,0.2,wave,0.075,3,0.029166666666666667,711,0,0
42,5,13,0.2,wave,0.075,3,0.029166666666666667,714,0,0
42,5,14,0.2,wave,0.075,3,0.029166666666666667,707,0,0
42,5,15,0.2,wave,0.075,3,0.029166666666666667,694,0,0
42,5,16,0.2,wave,0.075,3,0.029166666666666667,691,0,0
42,5,17,0.2,wave,0.075,3,0.029166666666666667,691,0,0
42,5,18,0.2,wave,0.075,3,0.029166666666666667,673,0,0
42,5,19,0.2,wave,0.075,3,0.029166666666666667,676,0,0
42,5,20,0.2,wave,0.075,3,0.029166666666666667,1022,0,0
42,5,21,0.2,wave,0.075,3,0.029166666666666667,1021,0,0
42,5,22,0.2,wave,0.075,3,0.029166666666666667,1020,0,0
42,5,23,0.2,wave,0.075,3,0.029166666666666667,1005,0,0
42,5,24,0.2,wave,0.075,3,0.029166666666666667,996,0,0
42,5,25,0.2,wave,0.075,3,0.029166666666666667,997,0,0
42,5,26,0.2,wave,0.075,3,0.029166666666666667,979,0,0
42,5,27,0.2,wave,0.075,3,0.029166666666666667,982,0,0
42,5,28,0.2,wave,0.075,3,0.029166666666666667,964,0,0
42,5,29,0.2,wave,0.075,3,0.029166666666666667,972,0,0
42,5,30,0.2,wave,0.075,3,0.029166666666666667,940,0,0
42,5,31,0.2,wave,0.075,3,0.029166666666666667,898,0,0
42,5,32,0.2,wave,0.075,3,0.029166666666666667,880,0,0
42,5,33,0.2,wave,0.075,3,0.029166666666666667,895,0,0
42,5,34,0.2,wave,0.075,3,0.029166666666666667,863,0,0
42,5,35,0.2,wave,0.075,3,0.029166666666666667,865,0,0
42,5,36,0.2,wave,0.075,3,0.029166666666666667,848,0,0
42,5,37,0.2,wave,0.075,3,0.029166666666666667,855,0,0
42,5,38,0.2,wave,0.075,3,0.029166666666666667,830,0,0
42,5,39,0.2,wave,0.075,3,0.029166666666666667,828,0,0
42,5,40,0.2,wave,0.075,3,0.029166666666666667,802,0,0
42,5,41,0.2,wave,0.075,3,0.029166666666666667,798,0,0
42,5,42,0.2,wave,0.075,3,0.029166666666666667,781,0,0
42,5,43,0.2,wave,0.075,3,0.029166666666666667,785,0,0
42,5,44,0.2,wave,0.075,3,0.029166666666666667,766,0,0
42,5,45,0.2,wave,0.075,3,0.029166666666666667,770,0,0
42,5,46,0.2,wave,0.075,3,0.029166666666666667,728,0,0
42,5,47,0.2,wave,0.075,3,0.029166666666666667,733,0,0
42,5,48,0.2,wave,0.075,3,0.029166666666666667,723,0,0
42,5,49,0.2,wave,0.075,3,0.029166666666666667,726,0,0
42,5,50,0.2,wave,0.075,3,0.029166666666666667,708,0,0
42,5,51,0.2,wave,0.075,3,0.029166666666666667,709,0,0
42,5,52,0.2,wave,0.075,3,0.029166666666666667,679,0,0
42,6,1,0.2,wave,0.075,3,0.029166666666666667,682,0,0
42,6,2,0.2,wave,0.075,3,0.029166666666666667,652,0,0
42,6,3,0.2,wave,0.075,3,0.029166666666666667,649,0,0
42,6,4,0.2,wave,0.075,3,0.029166666666666667,640,0,0
42,6,5,0.2,wave,0.075,3,0.029166666666666667,643,0,0
42,6,6,0.2,wave,0.075,3,0.029166666666666667,642,0,0
42,6,7,0.2,wave,0.075,3,0.029166666666666667,638,0,0
42,6,8,0.2,wave,0.075,3,0.029166666666666667,635,0,0
42,6,9,0.2,wave,0.075,3,0.029166666666666667,637,0,0
42,6,10,0.2,wave,0.075,3,0.029166666666666667,631,0,0
42,6,11,0.2,wave,0.075,3,0.029166666666666667,635,0,0
42,6,12,0.2,wave,0.075,3,0.029166666666666667,629,0,0
42,6,13,0.2,wave,0.075,3,0.029166666666666667,633,0,0
42,6,14,0.2,wave,0.075,3,0.029166666666666667,624,0,0
42,6,15,0.2,wave,0.075,3,0.029166666666666667,629,0,0
42,6,16,0.2,wave,0.075,3,0.029166666666666667,623,0,0
42,6,17,0.2,wave,0.075,3,0.029166666666666667,625,0,0
42,6,18,0.2,wave,0.075,3,0.029166666666666667,623,0,0
42,6,19,0.2,wave,0.075,3,0.029166666666666667,625,0,0
42,6,20,0.2,wave,0.075,3,0.029166666666666667,916,0,0
42,6,21,0.2,wave,0.075,3,0.029166666666666667,918,0,0
42,6,22,0.2,wave,0.075,3,0.029166666666666667,884,0,0
42,6,23,0.2,wave,0.075,3,0.029166666666666667,884,0,0
42,6,24,0.2,wave,0.075,3,0.029166666666666667,861,0,0
42,6,25,0.2,wave,0.075,3,0.029166666666666667,865,0,0
42,6,26,0.2,wave,0.075,3,0.029166666666666667,847,0,0
42,6,27,0.2,wave,0.075,3,0.029166666666666667,864,0,0
42,6,28,0.2,wave,0.075,3,0.029166666666666667,841,0,0
42,6,29,0.2,wave,0.075,3,0.029166666666666667,853,0,0
42,6,30,0.2,wave,0.075,3,0.029166666666666667,815,0,0
42,6,31,0.2,wave,0.075,3,0.029166666666666667,827,0,0
42,6,32,0.2,wave,0.075,3,0.029166666666666667,816,0,0
42,6,33,0.2,wave,0.075,3,0.029166666666666667,807,0,0
42,6,34,0.2,wave,0.075,3,0.029166666666666667,775,0,0
42,6,35,0.2,wave,0.075,3,0.029166666666666667,768,0,0
42,6,36,0.2,wave,0.075,3,0.029166666666666667,763,0,0
42,6,37,0.2,wave,0.075,3,0.029166666666666667,757,0,0
42,6,38,0.2,wave,0.075,3,0.029166666666666667,742,0,0
42,6,39,0.2,wave,0.075,3,0.029166666666666667,731,0,0
42,6,40,0.2,wave,0.075,3,0.029166666666666667,726,0,0
42,6,41,0.2,wave,0.075,3,0.029166666666666667,707,0,0
42,6,42,0.2,wave,0.075,3,0.029166666666666667,701,0,0
42,6,43,0.2,wave,0.075,3,0.029166666666666667,699,0,0
42,6,44,0.2,wave,0.075,3,0.029166666666666667,689,0,0
42,6,45,0.2,wave,0.075,3,0.029166666666666667,676,0,0
42,6,46,0.2,wave,0.075,3,0.029166666666666667,660,0,0
42,6,47,0.2,wave,0.075,3,0.029166666666666667,656,0,0
42,6,48,0.2,wave,0.075,3,0.029166666666666667,654,0,0
42,6,49,0.2,wave,0.075,3,0.029166666666666667,653,0,0
42,6,50,0.2,wave,0.075,3,0.029166666666666667,649,0,0
42,6,51,0.2,wave,0.075,3,0.029166666666666667,647,0,0
42,6,52,0.2,wave,0.075,3,0.029166666666666667,645,0,0
42,7,1,0.2,wave,0.075,3,0.029166666666666667,644,0,0
42,7,2,0.2,wave,0.075,3,0.029166666666666667,642,0,0
42,7,3,0.2,wave,0.075,3,0.029166666666666667,644,0,0
42,7,4,0.2,wave,0.075,3,0.029166666666666667,636,0,0
42,7,5,0.2,wave,0.075,3,0.029166666666666667,637,0,0
42,7,6,0.2,wave,0.075,3,0.029166666666666667,637,0,0
42,7,7,0.2,wave,0.075,3,0.029166666666666667,639,0,0
42,7,8,0.2,wave,0.075,3,0.029166666666666667,636,0,0
42,7,9,0.2,wave,0.075,3,0.029166666666666667,634,0,0
42,7,10,0.2,wave,0.075,3,0.029166666666666667,634,0,0
42,7,11,0.2,wave,0.075,3,0.029166666666666667,632,0,0
42,7,12,0.2,wave,0.075,3,0.029166666666666667,634,0,0
42,7,13,0.2,wave,0.075,3,0.029166666666666667,635,0,0
42,7,14,0.2,wave,0.075,3,0.029166666666666667,630,0,0
42,7,15,0.2,wave,0.075,3,0.029166666666666667,632,0,0
42,7,16,0.2,wave,0.075,3,0.029166666666666667,630,0,0
42,7,17,0.2,wave,0.075,3,0.029166666666666667,629,0,0
42,7,18,0.2,wave,0.075,3,0.029166666666666667,624,0,0
42,7,19,0.2,wave,0.075,3,0.029166666666666667,624,0,0
42,7,20,0.2,wave,0.075,3,0.029166666666666667,926,0,0
42,7,21,0.2,wave,0.075,3,0.029166666666666667,929,0,0
42,7,22,0.2,wave,0.075,3,0.029166666666666667,935,0,0
42,7,23,0.2,wave,0.075,3,0.029166666666666667,934,0,0
42,7,24,0.2,wave,0.075,3,0.029166666666666667,930,0,0
42,7,25,0.2,wave,0.075,3,0.029166666666666667,928,0,0
42,7,26,0.2,wave,0.075,3,0.029166666666666667,929,0,0
42,7,27,0.2,wave,0.075,3,0.029166666666666667,929,0,0
42,7,28,0.2,wave,0.075,3,0.029166666666666667,905,0,0
42,7,29,0.2,wave,0.075,3,0.029166666666666667,888,0,0
42,7,30,0.2,wave,0.075,3,0.029166666666666667,867,0,0
42,7,31,0.2,wave,0.075,3,0.029166666666666667,862,0,0
42,7,32,0.2,wave,0.075,3,0.029166666666666667,852,0,0
42,7,33,0.2,wave,0.075,3,0.029166666666666667,841,0,0
42,7,34,0.2,wave,0.075,3,0.029166666666666667,795,0,0
42,7,35,0.2,wave,0.075,3,0.029166666666666667,789,0,0
42,7,36,0.2,wave,0.075,3,0.029166666666666667,784,0,0
42,7,37,0.2,wave,0.075,3,0.029166666666666667,761,0,0
42,7,38,0.2,wave,0.075,3,0.029166666666666667,752,0,0
42,7,39,0.2,wave,0.075,3,0.029166666666666667,750,0,0
42,7,40,0.2,wave,0.075,3,0.029166666666666667,755,0,0
42,7,41,0.2,wave,0.075,3,0.029166666666666667,761,0,0
42,7,42,0.2,wave,0.075,3,0.029166666666666667,754,0,0
42,7,43,0.2,wave,0.075,3,0.029166666666666667,753,0,0
42,7,44,0.2,wave,0.075,3,0.029166666666666667,738,0,0
42,7,45,0.2,wave,0.075,3,0.029166666666666667,735,0,0
42,7,46,0.2,wave,0.075,3,0.029166666666666667,714,0,0
42,7,47,0.2,wave,0.075,3,0.029166666666666667,718,0,0
42,7,48,0.2,wave,0.075,3,0.029166666666666667,710,0,0
42,7,49,0.2,wave,0.075,3,0.029166666666666667,710,0,0
42,7,50,0.2,wave,0.075,3,0.029166666666666667,702,0,0
42,7,51,0.2,wave,0.075,3,0.029166666666666667,704,0,0
42,7,52,0.2,wave,0.075,3,0.029166666666666667,698,0,0
42,8,1,0.2,wave,0.075,3,0.029166666666666667,703,0,0
42,8,2,0.2,wave,0.075,3,0.029166666666666667,696,0,0
42,8,3,0.2,wave,0.075,3,0.029166666666666667,698,0,0
42,8,4,0.2,wave,0.075,3,0.029166666666666667,695,0,0
42,8,5,0.2,wave,0.075,3,0.029166666666666667,699,0,0
42,8,6,0.2,wave,0.075,3,0.029166666666666667,692,0,0
42,8,7,0.2,wave,0.075,3,0.029166666666666667,694,0,0
42,8,8,0.2,wave,0.075,3,0.029166666666666667,689,0,0
42,8,9,0.2,wave,0.075,3,0.029166666666666667,693,0,0
42,8,10,0.2,wave,0.075,3,0.029166666666666667,691,0,0
42,8,11,0.2,wave,0.075,3,0.029166666666666667,693,0,0
42,8,12,0.2,wave,0.075,3,0.029166666666666667,691,0,0
42,8,13,0.2,wave,0.075,3,0.029166666666666667,691,0,0
42,8,14,0.2,wave,0.075,3,0.029166666666666667,674,0,0
42,8,15,0.2,wave,0.075,3,0.029166666666666667,677,0,0
42,8,16,0.2,wave,0.075,3,0.029166666666666667,673,0,0
42,8,17,0.2,wave,0.075,3,0.029166666666666667,674,0,0
42,8,18,0.2,wave,0.075,3,0.029166666666666667,672,0,0
42,8,19,0.2,wave,0.075,3,0.029166666666666667,671,0,0
42,8,20,0.2,wave,0.075,3,0.029166666666666667,992,0,0
42,8,21,0.2,wave,0.075,3,0.029166666666666667,962,0,0
42,8,22,0.2,wave,0.075,3,0.029166666666666667,959,0,0
42,8,23,0.2,wave,0.075,3,0.029166666666666667,931,0,0
42,8,24,0.2,wave,0.075,3,0.029166666666666667,921,0,0
42,8,25,0.2,wave,0.075,3,0.029166666666666667,900,0,0
42,8,26,0.2,wave,0.075,3,0.029166666666666667,886,0,0
42,8,27,0.2,wave,0.075,3,0.029166666666666667,871,0,0
42,8,28,0.2,wave,0.075,3,0.029166666666666667,875,0,0
42,8,29,0.2,wave,0.075,3,0.029166666666666667,872,0,0
42,8,30,0.2,wave,0.075,3,0.029166666666666667,868,0,0
42,8,31,0.2,wave,0.075,3,0.029166666666666667,858,0,0
42,8,32,0.2,wave,0.075,3,0.029166666666666667,855,0,0
42,8,33,0.2,wave,0.075,3,0.029166666666666667,860,0,0
42,8,34,0.2,wave,0.075,3,0.029166666666666667,850,0,0
42,8,35,0.2,wave,0.075,3,0.029166666666666667,840,0,0
42,8,36,0.2,wave,0.075,3,0.029166666666666667,836,0,0
42,8,37,0.2,wave,0.075,3,0.029166666666666667,842,0,0
42,8,38,0.2,wave,0.075,3,0.029166666666666667,837,0,0
42,8,39,0.2,wave,0.075,3,0.029166666666666667,842,0,0
42,8,40,0.2,wave,0.075,3,0.029166666666666667,822,0,0
42,8,41,0.2,wave,0.075,3,0.029166666666666667,827,0,0
42,8,42,0.2,wave,0.075,3,0.029166666666666667,823,0,0
42,8,43,0.2,wave,0.075,3,0.029166666666666667,824,0,0
42,8,44,0.2,wave,0.075,3,0.029166666666666667,817,0,0
42,8,45,0.2,wave,0.075,3,0.029166666666666667,825,0,0
42,8,46,0.2,wave,0.075,3,0.029166666666666667,805,0,0
42,8,47,0.2,wave,0.075,3,0.029166666666666667,811,0,0
42,8,48,0.2,wave,0.075,3,0.029166666666666667,802,0,0
42,8,49,0.2,wave,0.075,3,0.029166666666666667,810,0,0
42,8,50,0.2,wave,0.075,3,0.029166666666666667,800,0,0
42,8,51,0.2,wave,0.075,3,0.029166666666666667,799,0,0
42,8,52,0.2,wave,0.075,3,0.029166666666666667,778,0,0
42,9,1,0.2,wave,0.075,3,0.029166666666666667,782,0,0
42,9,2,0.2,wave,0.075,3,0.029166666666666667,775,0,0
42,9,3,0.2,wave,0.075,3,0.029166666666666667,768,0,0
42,9,4,0.2,wave,0.075,3,0.029166666666666667,760,0,0
42,9,5,0.2,wave,0.075,3,0.029166666666666667,765,0,0
42,9,6,0.2,wave,0.075,3,0.029166666666666667,759,0,0
42,9,7,0.2,wave,0.075,3,0.029166666666666667,766,0,0
42,9,8,0.2,wave,0.075,3,0.029166666666666667,758,0,0
42,9,9,0.2,wave,0.075,3,0.029166666666666667,764,0,0
42,9,10,0.2,wave,0.075,3,0.029166666666666667,754,0,0
42,9,11,0.2,wave,0.075,3,0.029166666666666667,761,0,0
42,9,12,0.2,wave,0.075,3,0.029166666666666667,754,0,0
42,9,13,0.2,wave,0.075,3,0.029166666666666667,758,0,0
42,9,14,0.2,wave,0.075,3,0.029166666666666667,740,0,0
42,9,15,0.2,wave,0.075,3,0.029166666666666667,748,0,0
42,9,16,0.2,wave,0.075,3,0.029166666666666667,741,0,0
42,9,17,0.2,wave,0.075,3,0.029166666666666667,746,0,0
42,9,18,0.2,wave,0.075,3,0.029166666666666667,738,0,0
42,9,19,0.2,wave,0.075,3,0.029166666666666667,745,0,0
42,9,20,0.2,wave,0.075,3,0.029166666666666667,1074,0,0
42,9,21,0.2,wave,0.075,3,0.029166666666666667,1059,0,0
42,9,22,0.2,wave,0.075,3,0.029166666666666667,1008,0,0
42,9,23,0.2,wave,0.075,3,0.029166666666666667,1013,0,0
42,9,24,0.2,wave,0.075,3,0.029166666666666667,970,0,0
42,9,25,0.2,wave,0.075,3,0.029166666666666667,957,0,0
42,9,26,0.2,wave,0.075,3,0.029166666666666667,945,0,0
42,9,27,0.2,wave,0.075,3,0.029166666666666667,957,0,0
42,9,28,0.2,wave,0.075,3,0.029166666666666667,933,0,0
42,9,29,0.2,wave,0.075,3,0.029166666666666667,919,0,0
42,9,30,0.2,wave,0.075,3,0.029166666666666667,890,0,0
42,9,31,0.2,wave,0.075,3,0.029166666666666667,888,0,0
42,9,32,0.2,wave,0.075,3,0.029166666666666667,878,0,0
42,9,33,0.2,wave,0.075,3,0.029166666666666667,878,0,0
42,9,34,0.2,wave,0.075,3,0.029166666666666667,855,0,0
42,9,35,0.2,wave,0.075,3,0.029166666666666667,862,0,0
42,9,36,0.2,wave,0.075,3,0.029166666666666667,854,0,0
42,9,37,0.2,wave,0.075,3,0.029166666666666667,862,0,0
42,9,38,0.2,wave,0.075,3,0.029166666666666667,850,0,0
42,9,39,0.2,wave,0.075,3,0.029166666666666667,858,0,0
42,9,40,0.2,wave,0.075,3,0.029166666666666667,833,0,0
42,9,41,0.2,wave,0.075,3,0.029166666666666667,841,0,0
42,9,42,0.2,wave,0.075,3,0.029166666666666667,817,0,0
42,9,43,0.2,wave,0.075,3,0.029166666666666667,820,0,0
42,9,44,0.2,wave,0.075,3,0.029166666666666667,814,0,0
42,9,45,0.2,wave,0.075,3,0.029166666666666667,819,0,0
42,9,46,0.2,wave,0.075,3,0.029166666666666667,813,0,0
42,9,47,0.2,wave,0.075,3,0.029166666666666667,820,0,0
42,9,48,0.2,wave,0.075,3,0.029166666666666667,802,0,0
42,9,49,0.2,wave,0.075,3,0.029166666666666667,808,0,0
42,9,50,0.2,wave,0.075,3,0.029166666666666667,799,0,0
42,9,51,0.2,wave,0.075,3,0.029166666666666667,797,0,0
42,9,52,0.2,wave,0.075,3,0.029166666666666667,788,0,0
42,10,1,0.2,wave,0.075,3,0.029166666666666667,789,0,0
42,10,2,0.2,wave,0.075,3,0.029166666666666667,782,0,0
42,10,3,0.2,wave,0.075,3,0.029166666666666667,783,0,0
42,10,4,0.2,wave,0.075,3,0.029166666666666667,781,0,0
42,10,5,0.2,wave,0.075,3,0.029166666666666667,782,0,0
42,10,6,0.2,wave,0.075,3,0.029166666666666667,781,0,0
42,10,7,0.2,wave,0.075,3,0.029166666666666667,781,0,0
42,10,8,0.2,wave,0.075,3,0.029166666666666667,781,0,0
42,10,9,0.2,wave,0.075,3,0.029166666666666667,783,0,0
42,10,10,0.2,wave,0.075,3,0.029166666666666667,782,0,0
42,10,11,0.2,wave,0.075,3,0.029166666666666667,785,0,0
42,10,12,0.2,wave,0.075,3,0.029166666666666667,781,0,0
42,10,13,0.2,wave,0.075,3,0.029166666666666667,770,0,0
42,10,14,0.2,wave,0.075,3,0.029166666666666667,767,0,0
42,10,15,0.2,wave,0.075,3,0.029166666666666667,769,0,0
42,10,16,0.2,wave,0.075,3,0.029166666666666667,765,0,0
42,10,17,0.2,wave,0.075,3,0.029166666666666667,768,0,0
42,10,18,0.2,wave,0.075,3,0.029166666666666667,764,0,0
42,10,19,0.2,wave,0.075,3,0.029166666666666667,768,0,0
42,10,20,0.2,wave,0.075,3,0.029166666666666667,999,0,0
42,10,21,0.2,wave,0.075,3,0.029166666666666667,966,0,0
42,10,22,0.2,wave,0.075,3,0.029166666666666667,969,0,0
42,10,23,0.2,wave,0.075,3,0.029166666666666667,965,0,0
42,10,24,0.2,wave,0.075,3,0.029166666666666667,956,0,0
42,10,25,0.2,wave,0.075,3,0.029166666666666667,941,0,0
42,10,26,0.2,wave,0.075,3,0.029166666666666667,947,0,0
42,10,27,0.2,wave,0.075,3,0.029166666666666667,944,0,0
42,10,28,0.2,wave,0.075,3,0.029166666666666667,929,0,0
42,10,29,0.2,wave,0.075,3,0.029166666666666667,918,0,0
42,10,30,0.2,wave,0.075,3,0.029166666666666667,904,0,0
42,10,31,0.2,wave,0.075,3,0.029166666666666667,904,0,0
42,10,32,0.2,wave,0.075,3,0.029166666666666667,894,0,0
42,10,33,0.2,wave,0.075,3,0.029166666666666667,886,0,0
42,10,34,0.2,wave,0.075,3,0.029166666666666667,885,0,0
42,10,35,0.2,wave,0.075,3,0.029166666666666667,886,0,0
42,10,36,0.2,wave,0.075,3,0.029166666666666667,885,0,0
42,10,37,0.2,wave,0.075,3,0.029166666666666667,869,0,0
42,10,38,0.2,wave,0.075,3,0.029166666666666667,876,0,0
42,10,39,0.2,wave,0.075,3,0.029166666666666667,861,0,0
42,10,40,0.2,wave,0.075,3,0.029166666666666667,855,0,0
42,10,41,0.2,wave,0.075,3,0.029166666666666667,861,0,0
42,10,42,0.2,wave,0.075,3,0.029166666666666667,861,0,0
42,10,43,0.2,wave,0.075,3,0.029166666666666667,863,0,0
42,10,44,0.2,wave,0.075,3,0.029166666666666667,857,0,0
42,10,45,0.2,wave,0.075,3,0.029166666666666667,862,0,0
42,10,46,0.2,wave,0.075,3,0.029166666666666667,857,0,0
42,10,47,0.2,wave,0.075,3,0.029166666666666667,864,0,0
42,10,48,0.2,wave,0.075,3,0.029166666666666667,843,0,0
42,10,49,0.2,wave,0.075,3,0.029166666666666667,850,0,0
42,10,50,0.2,wave,0.075,3,0.029166666666666667,839,0,0
42,10,51,0.2,wave,0.075,3,0.029166666666666667,837,0,0
42,10,52,0.2,wave,0.075,3,0.029166666666666667,833,0,0
43,1,1,0.2,wave,0.075,3,0.028055555555555556,6733,80,15
43,1,2,0.2,wave,0.075,3,0.028055555555555556,6656,95,34
43,1,3,0.2,wave,0.075,3,0.028055555555555556,6544,144,53
43,1,4,0.2,wave,0.075,3,0.028055555555555556,6370,194,55
43,1,5,0.2,wave,0.075,3,0.028055555555555556,6117,249,75
43,1,6,0.2,wave,0.075,3,0.028055555555555556,5929,303,103
43,1,7,0.2,wave,0.075,3,0.028055555555555556,5724,406,134
43,1,8,0.2,wave,0.075,3,0.028055555555555556,5458,477,158
43,1,9,0.2,wave,0.075,3,0.028055555555555556,5212,586,211
43,1,10,0.2,wave,0.075,3,0.028055555555555556,4930,637,242
43,1,11,0.2,wave,0.075,3,0.028055555555555556,4714,735,292
43,1,12,0.2,wave,0.075,3,0.028055555555555556,4463,757,308
43,1,13,0.2,wave,0.075,3,0.028055555555555556,4251,835,349
43,1,14,0.2,wave,0.075,3,0.028055555555555556,3992,838,375
43,1,15,0.2,wave,0.075,3,0.028055555555555556,3843,815,390
43,1,16,0.2,wave,0.075,3,0.028055555555555556,3646,781,404
43,1,17,0.2,wave,0.075,3,0.028055555555555556,3481,728,399
43,1,18,0.2,wave,0.075,3,0.028055555555555556,3264,690,369
43,1,19,0.2,wave,0.075,3,0.028055555555555556,3098,632,323
43,1,20,0.2,wave,0.075,3,0.028055555555555556,4380,573,291
43,1,21,0.2,wave,0.075,3,0.028055555555555556,4039,592,277
43,1,22,0.2,wave,0.075,3,0.028055555555555556,3964,633,263
43,1,23,0.2,wave,0.075,3,0.028055555555555556,3786,630,254
43,1,24,0.2,wave,0.075,3,0.028055555555555556,3689,664,278
43,1,25,0.2,wave,0.075,3,0.028055555555555556,3660,667,319
43,1,26,0.2,wave,0.075,3,0.028055555555555556,3557,715,350
43,1,27,0.2,wave,0.075,3,0.028055555555555556,3417,711,342
43,1,28,0.2,wave,0.075,3,0.028055555555555556,3287,682,337
43,1,29,0.2,wave,0.075,3,0.028055555555555556,3099,624,295
43,1,30,0.2,wave,0.075,3,0.028055555555555556,2988,603,293
43,1,31,0.2,wave,0.075,3,0.028055555555555556,2831,547,270
43,1,32,0.2,wave,0.075,3,0.028055555555555556,2739,547,273
43,1,33,0.2,wave,0.075,3,0.028055555555555556,2597,510,253
43,1,34,0.2,wave,0.075,3,0.028055555555555556,2511,488,251
43,1,35,0.2,wave,0.075,3,0.028055555555555556,2379,449,235
43,1,36,0.2,wave,0.075,3,0.028055555555555556,2293,419,220
43,1,37,0.2,wave,0.075,3,0.028055555555555556,2174,380,207
43,1,38,0.2,wave,0.075,3,0.028055555555555556,2077,359,188
43,1,39,0.2,wave,0.075,3,0.028055555555555556,2013,332,184
43,1,40,0.2,wave,0.075,3,0.028055555555555556,1935,311,159
43,1,41,0.2,wave,0.075,3,0.028055555555555556,1856,300,152
43,1,42,0.2,wave,0.075,3,0.028055555555555556,1772,277,148
43,1,43,0.2,wave,0.075,3,0.028055555555555556,1714,247,140
43,1,44,0.2,wave,0.075,3,0.028055555555555556,1642,215,125
43,1,45,0.2,wave,0.075,3,0.028055555555555556,1576,188,110
43,1,46,0.2,wave,0.075,3,0.028055555555555556,1514,154,93
43,1,47,0.2,wave,0.075,3,0.028055555555555556,1456,128,80
43,1,48,0.2,wave,0.075,3,0.028055555555555556,1415,104,66
43,1,49,0.2,wave,0.075,3,0.028055555555555556,1374,91,58
43,1,50,0.2,wave,0.075,3,0.028055555555555556,1334,73,46
43,1,51,0.2,wave,0.075,3,0.028055555555555556,1313,62,39
43,1,52,0.2,wave,0.075,3,0.028055555555555556,1287,53,31
43,2,1,0.2,wave,0.075,3,0.028055555555555556,1265,44,26
43,2,2,0.2,wave,0.075,3,0.028055555555555556,1242,32,17
43,2,3,0.2,wave,0.075,3,0.028055555555555556,1207,24,13
43,2,4,0.2,wave,0.075,3,0.028055555555555556,1194,20,15
43,2,5,0.2,wave,0.075,3,0.028055555555555556,1184,20,14
43,2,6,0.2,wave,0.075,3,0.028055555555555556,1191,18,12
43,2,7,0.2,wave,0.075,3,0.028055555555555556,1165,13,8
43,2,8,0.2,wave,0.075,3,0.028055555555555556,1171,11,7
43,2,9,0.2,wave,0.075,3,0.028055555555555556,1158,10,6
43,2,10,0.2,wave,0.075,3,0.028055555555555556,1156,8,3
43,2,11,0.2,wave,0.075,3,0.028055555555555556,1146,7,3
43,2,12,0.2,wave,0.075,3,0.028055555555555556,1144,7,2
43,2,13,0.2,wave,0.075,3,0.028055555555555556,1122,7,3
43,2,14,0.2,wave,0.075,3,0.028055555555555556,1128,6,5
43,2,15,0.2,wave,0.075,3,0.028055555555555556,1116,8,5
43,2,16,0.2,wave,0.075,3,0.028055555555555556,1114,6,4
43,2,17,0.2,wave,0.075,3,0.028055555555555556,1093,3,2
43,2,18,0.2,wave,0.075,3,0.028055555555555556,1091,4,2
43,2,19,0.2,wave,0.075,3,0.028055555555555556,1081,4,1
43,2,20,0.2,wave,0.075,3,0.028055555555555556,1590,3,1
43,2,21,0.2,wave,0.075,3,0.028055555555555556,1567,3,2
43,2,22,0.2,wave,0.075,3,0.028055555555555556,1582,3,3
43,2,23,0.2,wave,0.075,3,0.028055555555555556,1521,2,2
43,2,24,0.2,wave,0.075,3,0.028055555555555556,1524,2,1
43,2,25,0.2,wave,0.075,3,0.028055555555555556,1520,1,0
43,2,26,0.2,wave,0.075,3,0.028055555555555556,1528,1,0
43,2,27,0.2,wave,0.075,3,0.028055555555555556,1484,1,0
43,2,28,0.2,wave,0.075,3,0.028055555555555556,1487,1,1
43,2,29,0.2,wave,0.075,3,0.028055555555555556,1466,2,1
43,2,30,0.2,wave,0.075,3,0.028055555555555556,1409,2,2
43,2,31,0.2,wave,0.075,3,0.028055555555555556,1415,2,1
43,2,32,0.2,wave,0.075,3,0.028055555555555556,1416,1,1
43,2,33,0.2,wave,0.075,3,0.028055555555555556,1394,1,1
43,2,34,0.2,wave,0.075,3,0.028055555555555556,1381,0,0
43,2,35,0.2,wave,0.075,3,0.028055555555555556,1359,0,0
43,2,36,0.2,wave,0.075,3,0.028055555555555556,1359,0,0
43,2,37,0.2,wave,0.075,3,0.028055555555555556,1351,0,0
43,2,38,0.2,wave,0.075,3,0.028055555555555556,1332,0,0
43,2,39,0.2,wave,0.075,3,0.028055555555555556,1296,0,0
43,2,40,0.2,wave,0.075,3,0.028055555555555556,1301,0,0
43,2,41,0.2,wave,0.075,3,0.028055555555555556,1287,0,0
43,2,42,0.2,wave,0.075,3,0.028055555555555556,1282,0,0
43,2,43,0.2,wave,0.075,3,0.028055555555555556,1252,0,0
43,2,44,0.2,wave,0.075,3,0.028055555555555556,1254,0,0
43,2,45,0.2,wave,0.075,3,0.028055555555555556,1235,0,0
43,2,46,0.2,wave,0.075,3,0.028055555555555556,1230,0,0
43,2,47,0.2,wave,0.075,3,0.028055555555555556,1218,0,0
43,2,48,0.2,wave,0.075,3,0.028055555555555556,1197,0,0
43,2,49,0.2,wave,0.075,3,0.028055555555555556,1191,0,0
43,2,50,0.2,wave,0.075,3,0.028055555555555556,1181,0,0
43,2,51,0.2,wave,0.075,3,0.028055555555555556,1178,0,0
43,2,52,0.2,wave,0.075,3,0.028055555555555556,1163,0,0
43,3,1,0.2,wave,0.075,3,0.028055555555555556,1153,0,0
43,3,2,0.2,wave,0.075,3,0.028055555555555556,1140,0,0
43,3,3,0.2,wave,0.075,3,0.028055555555555556,1122,0,0
43,3,4,0.2,wave,0.075,3,0.028055555555555556,1104,0,0
43,3,5,0.2,wave,0.075,3,0.028055555555555556,1103,3,0
43,3,6,0.2,wave,0.075,3,0.028055555555555556,1101,3,2
43,3,7,0.2,wave,0.075,3,0.028055555555555556,1082,4,2
43,3,8,0.2,wave,0.075,3,0.028055555555555556,1075,5,3
43,3,9,0.2,wave,0.075,3,0.028055555555555556,1064,5,0
43,3,10,0.2,wave,0.075,3,0.028055555555555556,1062,6,2
43,3,11,0.2,wave,0.075,3,0.028055555555555556,1056,6,5
43,3,12,0.2,wave,0.075,3,0.028055555555555556,1047,9,5
43,3,13,0.2,wave,0.075,3,0.028055555555555556,1041,7,4
43,3,14,0.2,wave,0.075,3,0.028055555555555556,1038,4,2
43,3,15,0.2,wave,0.075,3,0.028055555555555556,1030,4,2
43,3,16,0.2,wave,0.075,3,0.028055555555555556,1006,4,2
43,3,17,0.2,wave,0.075,3,0.028055555555555556,1002,6,1
43,3,18,0.2,wave,0.075,3,0.028055555555555556,984,6,4
43,3,19,0.2,wave,0.075,3,0.028055555555555556,1001,7,5
43,3,20,0.2,wave,0.075,3,0.028055555555555556,1428,6,5
43,3,21,0.2,wave,0.075,3,0.028055555555555556,1434,7,2
43,3,22,0.2,wave,0.075,3,0.028055555555555556,1350,8,3
43,3,23,0.2,wave,0.075,3,0.028055555555555556,1365,7,3
43,3,24,0.2,wave,0.075,3,0.028055555555555556,1308,11,7
43,3,25,0.2,wave,0.075,3,0.028055555555555556,1320,9,7
43,3,26,0.2,wave,0.075,3,0.028055555555555556,1273,11,4
43,3,27,0.2,wave,0.075,3,0.028055555555555556,1278,7,3
43,3,28,0.2,wave,0.075,3,0.028055555555555556,1258,9,2
43,3,29,0.2,wave,0.075,3,0.028055555555555556,1248,8,3
43,3,30,0.2,wave,0.075,3,0.028055555555555556,1228,11,4
43,3,31,0.2,wave,0.075,3,0.028055555555555556,1234,10,6
43,3,32,0.2,wave,0.075,3,0.028055555555555556,1215,11,5
43,3,33,0.2,wave,0.075,3,0.028055555555555556,1209,11,7
43,3,34,0.2,wave,0.075,3,0.028055555555555556,1189,10,5
43,3,35,0.2,wave,0.075,3,0.028055555555555556,1183,9,4
43,3,36,0.2,wave,0.075,3,0.028055555555555556,1153,7,4
43,3,37,0.2,wave,0.075,3,0.028055555555555556,1122,5,2
43,3,38,0.2,wave,0.075,3,0.028055555555555556,1124,5,3
43,3,39,0.2,wave,0.075,3,0.028055555555555556,1098,5,2
43,3,40,0.2,wave,0.075,3,0.028055555555555556,1096,5,3
43,3,41,0.2,wave,0.075,3,0.028055555555555556,1091,5,2
43,3,42,0.2,wave,0.075,3,0.028055555555555556,1079,3,1
43,3,43,0.2,wave,0.075,3,0.028055555555555556,1072,3,1
43,3,44,0.2,wave,0.075,3,0.028055555555555556,1068,2,0
43,3,45,0.2,wave,0.075,3,0.028055555555555556,1057,2,0
43,3,46,0.2,wave,0.075,3,0.028055555555555556,1042,2,1
43,3,47,0.2,wave,0.075,3,0.028055555555555556,1038,4,2
43,3,48,0.2,wave,0.075,3,0.028055555555555556,1023,5,2
43,3,49,0.2,wave,0.075,3,0.028055555555555556,1014,4,2
43,3,50,0.2,wave,0.075,3,0.028055555555555556,989,1,0
43,3,51,0.2,wave,0.075,3,0.028055555555555556,975,1,1
43,3,52,0.2,wave,0.075,3,0.028055555555555556,966,1,1
43,4,1,0.2,wave,0.075,3,0.028055555555555556,951,2,1
43,4,2,0.2,wave,0.075,3,0.028055555555555556,936,1,0
43,4,3,0.2,wave,0.075,3,0.028055555555555556,931,1,0
43,4,4,0.2,wave,0.075,3,0.028055555555555556,920,1,0
43,4,5,0.2,wave,0.075,3,0.028055555555555556,919,2,1
43,4,6,0.2,wave,0.075,3,0.028055555555555556,896,2,2
43,4,7,0.2,wave,0.075,3,0.028055555555555556,887,3,2
43,4,8,0.2,wave,0.075,3,0.028055555555555556,878,2,1
43,4,9,0.2,wave,0.075,3,0.028055555555555556,880,1,0
43,4,10,0.2,wave,0.075,3,0.028055555555555556,867,1,1
43,4,11,0.2,wave,0.075,3,0.028055555555555556,864,1,1
43,4,12,0.2,wave,0.075,3,0.028055555555555556,855,1,1
43,4,13,0.2,wave,0.075,3,0.028055555555555556,856,0,0
43,4,14,0.2,wave,0.075,3,0.028055555555555556,843,0,0
43,4,15,0.2,wave,0.075,3,0.028055555555555556,844,0,0
43,4,16,0.2,wave,0.075,3,0.028055555555555556,830,0,0
43,4,17,0.2,wave,0.075,3,0.028055555555555556,831,0,0
43,4,18,0.2,wave,0.075,3,0.028055555555555556,796,0,0
43,4,19,0.2,wave,0.075,3,0.028055555555555556,807,0,0
43,4,20,0.2,wave,0.075,3,0.028055555555555556,1176,0,0
43,4,21,0.2,wave,0.075,3,0.028055555555555556,1106,0,0
43,4,22,0.2,wave,0.075,3,0.028055555555555556,1041,0,0
43,4,23,0.2,wave,0.075,3,0.028055555555555556,1035,0,0
43,4,24,0.2,wave,0.075,3,0.028055555555555556,1025,0,0
43,4,25,0.2,wave,0.075,3,0.028055555555555556,1011,0,0
43,4,26,0.2,wave,0.075,3,0.028055555555555556,1001,0,0
43,4,27,0.2,wave,0.075,3,0.028055555555555556,1003,0,0
43,4,28,0.2,wave,0.075,3,0.028055555555555556,975,0,0
43,4,29,0.2,wave,0.075,3,0.028055555555555556,978,0,0
43,4,30,0.2,wave,0.075,3,0.028055555555555556,960,0,0
43,4,31,0.2,wave,0.075,3,0.028055555555555556,970,0,0
43,4,32,0.2,wave,0.075,3,0.028055555555555556,953,0,0
43,4,33,0.2,wave,0.075,3,0.028055555555555556,943,0,0
43,4,34,0.2,wave,0.075,3,0.028055555555555556,926,0,0
43,4,35,0.2,wave,0.075,3,0.028055555555555556,923,0,0
43,4,36,0.2,wave,0.075,3,0.028055555555555556,896,0,0
43,4,37,0.2,wave,0.075,3,0.028055555555555556,877,0,0
43,4,38,0.2,wave,0.075,3,0.028055555555555556,849,0,0
43,4,39,0.2,wave,0.075,3,0.028055555555555556,857,0,0
43,4,40,0.2,wave,0.075,3,0.028055555555555556,850,0,0
43,4,41,0.2,wave,0.075,3,0.028055555555555556,841,0,0
43,4,42,0.2,wave,0.075,3,0.028055555555555556,823,0,0
43,4,43,0.2,wave,0.075,3,0.028055555555555556,819,0,0
43,4,44,0.2,wave,0.075,3,0.028055555555555556,802,0,0
43,4,45,0.2,wave,0.075,3,0.028055555555555556,803,0,0
43,4,46,0.2,wave,0.075,3,0.028055555555555556,793,0,0
43,4,47,0.2,wave,0.075,3,0.028055555555555556,795,0,0
43,4,48,0.2,wave,0.075,3,0.028055555555555556,782,0,0
43,4,49,0.2,wave,0.075,3,0.028055555555555556,764,0,0
43,4,50,0.2,wave,0.075,3,0.028055555555555556,749,0,0
43,4,51,0.2,wave,0.075,3,0.028055555555555556,741,0,0
43,4,52,0.2,wave,0.075,3,0.028055555555555556,730,0,0
43,5,1,0.2,wave,0.075,3,0.028055555555555556,730,0,0
43,5,2,0.2,wave,0.075,3,0.028055555555555556,717,0,0
43,5,3,0.2,wave,0.075,3,0.028055555555555556,716,0,0
43,5,4,0.2,wave,0.075,3,0.028055555555555556,694,0,0
43,5,5,0.2,wave,0.075,3,0.028055555555555556,702,0,0
43,5,6,0.2,wave,0.075,3,0.028055555555555556,693,0,0
43,5,7,0.2,wave,0.075,3,0.028055555555555556,699,0,0
43,5,8,0.2,wave,0.075,3,0.028055555555555556,693,0,0
43,5,9,0.2,wave,0.075,3,0.028055555555555556,673,0,0
43,5,10,0.2,wave,0.075,3,0.028055555555555556,678,0,0
43,5,11,0.2,wave,0.075,3,0.028055555555555556,663,0,0
43,5,12,0.2,wave,0.075,3,0.028055555555555556,665,0,0
43,5,13,0.2,wave,0.075,3,0.028055555555555556,662,0,0
43,5,14,0.2,wave,0.075,3,0.028055555555555556,664,0,0
43,5,15,0.2,wave,0.075,3,0.028055555555555556,661,0,0
43,5,16,0.2,wave,0.075,3,0.028055555555555556,656,0,0
43,5,17,0.2,wave,0.075,3,0.028055555555555556,653,0,0
43,5,18,0.2,wave,0.075,3,0.028055555555555556,656,0,0
43,5,19,0.2,wave,0.075,3,0.028055555555555556,646,0,0
43,5,20,0.2,wave,0.075,3,0.028055555555555556,962,0,0
43,5,21,0.2,wave,0.075,3,0.028055555555555556,927,0,0
43,5,22,0.2,wave,0.075,3,0.028055555555555556,922,0,0
43,5,23,0.2,wave,0.075,3,0.028055555555555556,908,0,0
43,5,24,0.2,wave,0.075,3,0.028055555555555556,896,0,0
43,5,25,0.2,wave,0.075,3,0.028055555555555556,890,0,0
43,5,26,0.2,wave,0.075,3,0.028055555555555556,860,0,0
43,5,27,0.2,wave,0.075,3,0.028055555555555556,866,0,0
43,5,28,0.2,wave,0.075,3,0.028055555555555556,853,0,0
43,5,29,0.2,wave,0.075,3,0.028055555555555556,853,0,0
43,5,30,0.2,wave,0.075,3,0.028055555555555556,838,0,0
43,5,31,0.2,wave,0.075,3,0.028055555555555556,829,0,0
43,5,32,0.2,wave,0.075,3,0.028055555555555556,800,0,0
43,5,33,0.2,wave,0.075,3,0.028055555555555556,804,0,0
43,5,34,0.2,wave,0.075,3,0.028055555555555556,794,0,0
43,5,35,0.2,wave,0.075,3,0.028055555555555556,780,0,0
43,5,36,0.2,wave,0.075,3,0.028055555555555556,778,0,0
43,5,37,0.2,wave,0.075,3,0.028055555555555556,775,0,0
43,5,38,0.2,wave,0.075,3,0.028055555555555556,748,0,0
43,5,39,0.2,wave,0.075,3,0.028055555555555556,752,0,0
43,5,40,0.2,wave,0.075,3,0.028055555555555556,742,0,0
43,5,41,0.2,wave,0.075,3,0.028055555555555556,750,0,0
43,5,42,0.2,wave,0.075,3,0.028055555555555556,738,0,0
43,5,43,0.2,wave,0.075,3,0.028055555555555556,740,0,0
43,5,44,0.2,wave,0.075,3,0.028055555555555556,708,0,0
43,5,45,0.2,wave,0.075,3,0.028055555555555556,697,0,0
43,5,46,0.2,wave,0.075,3,0.028055555555555556,683,0,0
43,5,47,0.2,wave,0.075,3,0.028055555555555556,676,0,0
43,5,48,0.2,wave,0.075,3,0.028055555555555556,665,0,0
43,5,49,0.2,wave,0.075,3,0.028055555555555556,669,0,0
43,5,50,0.2,wave,0.075,3,0.028055555555555556,659,0,0
43,5,51,0.2,wave,0.075,3,0.028055555555555556,655,0,0
43,5,52,0.2,wave,0.075,3,0.028055555555555556,648,0,0
43,6,1,0.2,wave,0.075,3,0.028055555555555556,653,0,0
43,6,2,0.2,wave,0.075,3,0.028055555555555556,637,0,0
43,6,3,0.2,wave,0.075,3,0.028055555555555556,634,0,0
43,6,4,0.2,wave,0.075,3,0.028055555555555556,625,0,0
43,6,5,0.2,wave,0.075,3,0.028055555555555556,615,0,0
43,6,6,0.2,wave,0.075,3,0.028055555555555556,609,0,0
43,6,7,0.2,wave,0.075,3,0.028055555555555556,607,0,0
43,6,8,0.2,wave,0.075,3,0.028055555555555556,604,0,0
43,6,9,0.2,wave,0.075,3,0.028055555555555556,609,0,0
43,6,10,0.2,wave,0.075,3,0.028055555555555556,600,0,0
43,6,11,0.2,wave,0.075,3,0.028055555555555556,610,0,0
43,6,12,0.2,wave,0.075,3,0.028055555555555556,602,0,0
43,6,13,0.2,wave,0.075,3,0.028055555555555556,604,0,0
43,6,14,0.2,wave,0.075,3,0.028055555555555556,591,0,0
43,6,15,0.2,wave,0.075,3,0.028055555555555556,591,0,0
43,6,16,0.2,wave,0.075,3,0.028055555555555556,588,0,0
43,6,17,0.2,wave,0.075,3,0.028055555555555556,586,0,0
43,6,18,0.2,wave,0.075,3,0.028055555555555556,580,0,0
43,6,19,0.2,wave,0.075,3,0.028055555555555556,581,0,0
43,6,20,0.2,wave,0.075,3,0.028055555555555556,886,0,0
43,6,21,0.2,wave,0.075,3,0.028055555555555556,874,0,0
43,6,22,0.2,wave,0.075,3,0.028055555555555556,857,0,0
43,6,23,0.2,wave,0.075,3,0.028055555555555556,847,0,0
43,6,24,0.2,wave,0.075,3,0.028055555555555556,821,0,0
43,6,25,0.2,wave,0.075,3,0.028055555555555556,820,0,0
43,6,26,0.2,wave,0.075,3,0.028055555555555556,820,0,0
43,6,27,0.2,wave,0.075,3,0.028055555555555556,806,0,0
43,6,28,0.2,wave,0.075,3,0.028055555555555556,799,0,0
43,6,29,0.2,wave,0.075,3,0.028055555555555556,801,0,0
43,6,30,0.2,wave,0.075,3,0.028055555555555556,787,0,0
43,6,31,0.2,wave,0.075,3,0.028055555555555556,768,0,0
43,6,32,0.2,wave,0.075,3,0.028055555555555556,754,0,0
43,6,33,0.2,wave,0.075,3,0.028055555555555556,755,0,0
43,6,34,0.2,wave,0.075,3,0.028055555555555556,724,0,0
43,6,35,0.2,wave,0.075,3,0.028055555555555556,724,0,0
43,6,36,0.2,wave,0.075,3,0.028055555555555556,722,0,0
43,6,37,0.2,wave,0.075,3,0.028055555555555556,719,0,0
43,6,38,0.2,wave,0.075,3,0.028055555555555556,718,0,0
43,6,39,0.2,wave,0.075,3,0.028055555555555556,717,0,0
43,6,40,0.2,wave,0.075,3,0.028055555555555556,723,0,0
43,6,41,0.2,wave,0.075,3,0.028055555555555556,723,0,0
43,6,42,0.2,wave,0.075,3,0.028055555555555556,699,0,0
43,6,43,0.2,wave,0.075,3,0.028055555555555556,694,0,0
43,6,44,0.2,wave,0.075,3,0.028055555555555556,691,0,0
43,6,45,0.2,wave,0.075,3,0.028055555555555556,680,0,0
43,6,46,0.2,wave,0.075,3,0.028055555555555556,674,0,0
43,6,47,0.2,wave,0.075,3,0.028055555555555556,680,0,0
43,6,48,0.2,wave,0.075,3,0.028055555555555556,672,0,0
43,6,49,0.2,wave,0.075,3,0.028055555555555556,673,0,0
43,6,50,0.2,wave,0.075,3,0.028055555555555556,658,0,0
43,6,51,0.2,wave,0.075,3,0.028055555555555556,655,0,0
43,6,52,0.2,wave,0.075,3,0.028055555555555556,638,0,0
43,7,1,0.2,wave,0.075,3,0.028055555555555556,638,0,0
43,7,2,0.2,wave,0.075,3,0.028055555555555556,632,0,0
43,7,3,0.2,wave,0.075,3,0.028055555555555556,621,0,0
43,7,4,0.2,wave,0.075,3,0.028055555555555556,620,0,0
43,7,5,0.2,wave,0.075,3,0.028055555555555556,618,0,0
43,7,6,0.2,wave,0.075,3,0.028055555555555556,612,0,0
43,7,7,0.2,wave,0.075,3,0.028055555555555556,610,0,0
43,7,8,0.2,wave,0.075,3,0.028055555555555556,600,0,0
43,7,9,0.2,wave,0.075,3,0.028055555555555556,600,0,0
43,7,10,0.2,wave,0.075,3,0.028055555555555556,596,0,0
43,7,11,0.2,wave,0.075,3,0.028055555555555556,599,0,0
43,7,12,0.2,wave,0.075,3,0.028055555555555556,597,0,0
43,7,13,0.2,wave,0.075,3,0.028055555555555556,584,0,0
43,7,14,0.2,wave,0.075,3,0.028055555555555556,580,0,0
43,7,15,0.2,wave,0.075,3,0.028055555555555556,581,0,0
43,7,16,0.2,wave,0.075,3,0.028055555555555556,580,0,0
43,7,17,0.2,wave,0.075,3,0.028055555555555556,584,0,0
43,7,18,0.2,wave,0.075,3,0.028055555555555556,570,0,0
43,7,19,0.2,wave,0.075,3,0.028055555555555556,572,0,0
43,7,20,0.2,wave,0.075,3,0.028055555555555556,861,0,0
43,7,21,0.2,wave,0.075,3,0.028055555555555556,834,0,0
43,7,22,0.2,wave,0.075,3,0.028055555555555556,830,0,0
43,7,23,0.2,wave,0.075,3,0.028055555555555556,833,0,0
43,7,24,0.2,wave,0.075,3,0.028055555555555556,827,0,0
43,7,25,0.2,wave,0.075,3,0.028055555555555556,836,0,0
43,7,26,0.2,wave,0.075,3,0.028055555555555556,835,0,0
43,7,27,0.2,wave,0.075,3,0.028055555555555556,831,0,0
43,7,28,0.2,wave,0.075,3,0.028055555555555556,832,0,0
43,7,29,0.2,wave,0.075,3,0.028055555555555556,805,0,0
43,7,30,0.2,wave,0.075,3,0.028055555555555556,809,0,0
43,7,31,0.2,wave,0.075,3,0.028055555555555556,800,0,0
43,7,32,0.2,wave,0.075,3,0.028055555555555556,789,0,0
43,7,33,0.2,wave,0.075,3,0.028055555555555556,771,0,0
43,7,34,0.2,wave,0.075,3,0.028055555555555556,772,0,0
43,7,35,0.2,wave,0.075,3,0.028055555555555556,769,0,0
43,7,36,0.2,wave,0.075,3,0.028055555555555556,751,0,0
43,7,37,0.2,wave,0.075,3,0.028055555555555556,746,0,0
43,7,38,0.2,wave,0.075,3,0.028055555555555556,735,0,0
43,7,39,0.2,wave,0.075,3,0.028055555555555556,735,0,0
43,7,40,0.2,wave,0.075,3,0.028055555555555556,729,0,0
43,7,41,0.2,wave,0.075,3,0.028055555555555556,722,0,0
43,7,42,0.2,wave,0.075,3,0.028055555555555556,718,0,0
43,7,43,0.2,wave,0.075,3,0.028055555555555556,714,0,0
43,7,44,0.2,wave,0.075,3,0.028055555555555556,720,0,0
43,7,45,0.2,wave,0.075,3,0.028055555555555556,703,0,0
43,7,46,0.2,wave,0.075,3,0.028055555555555556,705,0,0
43,7,47,0.2,wave,0.075,3,0.028055555555555556,687,0,0
43,7,48,0.2,wave,0.075,3,0.028055555555555556,690,0,0
43,7,49,0.2,wave,0.075,3,0.028055555555555556,678,0,0
43,7,50,0.2,wave,0.075,3,0.028055555555555556,676,0,0
43,7,51,0.2,wave,0.075,3,0.028055555555555556,657,0,0
43,7,52,0.2,wave,0.075,3,0.028055555555555556,669,0,0
43,8,1,0.2,wave,0.075,3,0.028055555555555556,661,0,0
43,8,2,0.2,wave,0.075,3,0.028055555555555556,660,0,0
43,8,3,0.2,wave,0.075,3,0.028055555555555556,657,0,0
43,8,4,0.2,wave,0.075,3,0.028055555555555556,647,0,0
43,8,5,0.2,wave,0.075,3,0.028055555555555556,630,0,0
43,8,6,0.2,wave,0.075,3,0.028055555555555556,634,0,0
43,8,7,0.2,wave,0.075,3,0.028055555555555556,626,0,0
43,8,8,0.2,wave,0.075,3,0.028055555555555556,633,0,0
43,8,9,0.2,wave,0.075,3,0.028055555555555556,631,0,0
43,8,10,0.2,wave,0.075,3,0.028055555555555556,634,0,0
43,8,11,0.2,wave,0.075,3,0.028055555555555556,627,0,0
43,8,12,0.2,wave,0.075,3,0.028055555555555556,632,0,0
43,8,13,0.2,wave,0.075,3,0.028055555555555556,626,0,0
43,8,14,0.2,wave,0.075,3,0.028055555555555556,635,0,0
43,8,15,0.2,wave,0.075,3,0.028055555555555556,633,0,0
43,8,16,0.2,wave,0.075,3,0.028055555555555556,634,0,0
43,8,17,0.2,wave,0.075,3,0.028055555555555556,630,0,0
43,8,18,0.2,wave,0.075,3,0.028055555555555556,636,0,0
43,8,19,0.2,wave,0.075,3,0.028055555555555556,633,0,0
43,8,20,0.2,wave,0.075,3,0.028055555555555556,913,0,0
43,8,21,0.2,wave,0.075,3,0.028055555555555556,900,0,0
43,8,22,0.2,wave,0.075,3,0.028055555555555556,911,0,0
43,8,23,0.2,wave,0.075,3,0.028055555555555556,895,0,0
43,8,24,0.2,wave,0.075,3,0.028055555555555556,902,0,0
43,8,25,0.2,wave,0.075,3,0.028055555555555556,863,0,0
43,8,26,0.2,wave,0.075,3,0.028055555555555556,866,0,0
43,8,27,0.2,wave,0.075,3,0.028055555555555556,848,0,0
43,8,28,0.2,wave,0.075,3,0.028055555555555556,864,0,0
43,8,29,0.2,wave,0.075,3,0.028055555555555556,851,0,0
43,8,30,0.2,wave,0.075,3,0.028055555555555556,863,0,0
43,8,31,0.2,wave,0.075,3,0.028055555555555556,847,0,0
43,8,32,0.2,wave,0.075,3,0.028055555555555556,850,0,0
43,8,33,0.2,wave,0.075,3,0.028055555555555556,827,0,0
43,8,34,0.2,wave,0.075,3,0.028055555555555556,831,0,0
43,8,35,0.2,wave,0.075,3,0.028055555555555556,807,0,0
43,8,36,0.2,wave,0.075,3,0.028055555555555556,822,0,0
43,8,37,0.2,wave,0.075,3,0.028055555555555556,803,0,0
43,8,38,0.2,wave,0.075,3,0.028055555555555556,828,0,0
43,8,39,0.2,wave,0.075,3,0.028055555555555556,808,0,0
43,8,40,0.2,wave,0.075,3,0.028055555555555556,819,0,0
43,8,41,0.2,wave,0.075,3,0.028055555555555556,809,0,0
43,8,42,0.2,wave,0.075,3,0.028055555555555556,821,0,0
43,8,43,0.2,wave,0.075,3,0.028055555555555556,804,0,0
43,8,44,0.2,wave,0.075,3,0.028055555555555556,805,0,0
43,8,45,0.2,wave,0.075,3,0.028055555555555556,795,0,0
43,8,46,0.2,wave,0.075,3,0.028055555555555556,801,0,0
43,8,47,0.2,wave,0.075,3,0.028055555555555556,794,0,0
43,8,48,0.2,wave,0.075,3,0.028055555555555556,800,0,0
43,8,49,0.2,wave,0.075,3,0.028055555555555556,796,0,0
43,8,50,0.2,wave,0.075,3,0.028055555555555556,792,0,0
43,8,51,0.2,wave,0.075,3,0.028055555555555556,792,0,0
43,8,52,0.2,wave,0.075,3,0.028055555555555556,791,0,0
43,9,1,0.2,wave,0.075,3,0.028055555555555556,790,0,0
43,9,2,0.2,wave,0.075,3,0.028055555555555556,794,0,0
43,9,3,0.2,wave,0.075,3,0.028055555555555556,780,0,0
43,9,4,0.2,wave,0.075,3,0.028055555555555556,782,0,0
43,9,5,0.2,wave,0.075,3,0.028055555555555556,780,0,0
43,9,6,0.2,wave,0.075,3,0.028055555555555556,778,0,0
43,9,7,0.2,wave,0.075,3,0.028055555555555556,780,0,0
43,9,8,0.2,wave,0.075,3,0.028055555555555556,773,0,0
43,9,9,0.2,wave,0.075,3,0.028055555555555556,769,0,0
43,9,10,0.2,wave,0.075,3,0.028055555555555556,773,0,0
43,9,11,0.2,wave,0.075,3,0.028055555555555556,768,0,0
43,9,12,0.2,wave,0.075,3,0.028055555555555556,770,0,0
43,9,13,0.2,wave,0.075,3,0.028055555555555556,773,0,0
43,9,14,0.2,wave,0.075,3,0.028055555555555556,770,0,0
43,9,15,0.2,wave,0.075,3,0.028055555555555556,774,0,0
43,9,16,0.2,wave,0.075,3,0.028055555555555556,761,0,0
43,9,17,0.2,wave,0.075,3,0.028055555555555556,761,0,0
43,9,18,0.2,wave,0.075,3,0.028055555555555556,761,0,0
43,9,19,0.2,wave,0.075,3,0.028055555555555556,763,0,0
43,9,20,0.2,wave,0.075,3,0.028055555555555556,1106,0,0
43,9,21,0.2,wave,0.075,3,0.028055555555555556,1100,0,0
43,9,22,0.2,wave,0.075,3,0.028055555555555556,1082,0,0
43,9,23,0.2,wave,0.075,3,0.028055555555555556,1037,0,0
43,9,24,0.2,wave,0.075,3,0.028055555555555556,1026,0,0
43,9,25,0.2,wave,0.075,3,0.028055555555555556,1011,0,0
43,9,26,0.2,wave,0.075,3,0.028055555555555556,1009,0,0
43,9,27,0.2,wave,0.075,3,0.028055555555555556,964,0,0
43,9,28,0.2,wave,0.075,3,0.028055555555555556,968,0,0
43,9,29,0.2,wave,0.075,3,0.028055555555555556,963,0,0
43,9,30,0.2,wave,0.075,3,0.028055555555555556,951,0,0
43,9,31,0.2,wave,0.075,3,0.028055555555555556,908,0,0
43,9,32,0.2,wave,0.075,3,0.028055555555555556,906,0,0
43,9,33,0.2,wave,0.075,3,0.028055555555555556,891,0,0
43,9,34,0.2,wave,0.075,3,0.028055555555555556,881,0,0
43,9,35,0.2,wave,0.075,3,0.028055555555555556,879,0,0
43,9,36,0.2,wave,0.075,3,0.028055555555555556,887,0,0
43,9,37,0.2,wave,0.075,3,0.028055555555555556,874,0,0
43,9,38,0.2,wave,0.075,3,0.028055555555555556,866,0,0
43,9,39,0.2,wave,0.075,3,0.028055555555555556,872,0,0
43,9,40,0.2,wave,0.075,3,0.028055555555555556,874,0,0
43,9,41,0.2,wave,0.075,3,0.028055555555555556,859,0,0
43,9,42,0.2,wave,0.075,3,0.028055555555555556,854,0,0
43,9,43,0.2,wave,0.075,3,0.028055555555555556,855,0,0
43,9,44,0.2,wave,0.075,3,0.028055555555555556,854,0,0
43,9,45,0.2,wave,0.075,3,0.028055555555555556,853,0,0
43,9,46,0.2,wave,0.075,3,0.028055555555555556,848,0,0
43,9,47,0.2,wave,0.075,3,0.028055555555555556,854,0,0
43,9,48,0.2,wave,0.075,3,0.028055555555555556,851,0,0
43,9,49,0.2,wave,0.075,3,0.028055555555555556,842,0,0
43,9,50,0.2,wave,0.075,3,0.028055555555555556,842,0,0
43,9,51,0.2,wave,0.075,3,0.028055555555555556,830,0,0
43,9,52,0.2,wave,0.075,3,0.028055555555555556,837,0,0
43,10,1,0.2,wave,0.075,3,0.028055555555555556,823,0,0
43,10,2,0.2,wave,0.075,3,0.028055555555555556,816,0,0
43,10,3,0.2,wave,0.075,3,0.028055555555555556,819,0,0
43,10,4,0.2,wave,0.075,3,0.028055555555555556,814,0,0
43,10,5,0.2,wave,0.075,3,0.028055555555555556,816,0,0
43,10,6,0.2,wave,0.075,3,0.028055555555555556,810,0,0
43,10,7,0.2,wave,0.075,3,0.028055555555555556,811,0,0
43,10,8,0.2,wave,0.075,3,0.028055555555555556,808,0,0
43,10,9,0.2,wave,0.075,3,0.028055555555555556,799,0,0
43,10,10,0.2,wave,0.075,3,0.028055555555555556,797,0,0
43,10,11,0.2,wave,0.075,3,0.028055555555555556,799,0,0
43,10,12,0.2,wave,0.075,3,0.028055555555555556,792,0,0
43,10,13,0.2,wave,0.075,3,0.028055555555555556,798,0,0
43,10,14,0.2,wave,0.075,3,0.028055555555555556,782,0,0
43,10,15,0.2,wave,0.075,3,0.028055555555555556,783,0,0
43,10,16,0.2,wave,0.075,3,0.028055555555555556,771,0,0
43,10,17,0.2,wave,0.075,3,0.028055555555555556,775,0,0
43,10,18,0.2,wave,0.075,3,0.028055555555555556,769,0,0
43,10,19,0.2,wave,0.075,3,0.028055555555555556,773,0,0
43,10,20,0.2,wave,0.075,3,0.028055555555555556,1058,0,0
43,10,21,0.2,wave,0.075,3,0.028055555555555556,1044,0,0
43,10,22,0.2,wave,0.075,3,0.028055555555555556,1024,0,0
43,10,23,0.2,wave,0.075,3,0.028055555555555556,1020,0,0
43,10,24,0.2,wave,0.075,3,0.028055555555555556,991,0,0
43,10,25,0.2,wave,0.075,3,0.028055555555555556,995,0,0
43,10,26,0.2,wave,0.075,3,0.028055555555555556,962,0,0
43,10,27,0.2,wave,0.075,3,0.028055555555555556,961,0,0
43,10,28,0.2,wave,0.075,3,0.028055555555555556,946,0,0
43,10,29,0.2,wave,0.075,3,0.028055555555555556,909,0,0
43,10,30,0.2,wave,0.075,3,0.028055555555555556,890,0,0
43,10,31,0.2,wave,0.075,3,0.028055555555555556,899,0,0
43,10,32,0.2,wave,0.075,3,0.028055555555555556,873,0,0
43,10,33,0.2,wave,0.075,3,0.028055555555555556,881,0,0
43,10,34,0.2,wave,0.075,3,0.028055555555555556,869,0,0
43,10,35,0.2,wave,0.075,3,0.028055555555555556,867,0,0
43,10,36,0.2,wave,0.075,3,0.028055555555555556,861,0,0
43,10,37,0.2,wave,0.075,3,0.028055555555555556,856,0,0
43,10,38,0.2,wave,0.075,3,0.028055555555555556,852,0,0
43,10,39,0.2,wave,0.075,3,0.028055555555555556,859,0,0
43,10,40,0.2,wave,0.075,3,0.028055555555555556,850,0,0
43,10,41,0.2,wave,0.075,3,0.028055555555555556,841,0,0
43,10,42,0.2,wave,0.075,3,0.028055555555555556,829,0,0
43,10,43,0.2,wave,0.075,3,0.028055555555555556,839,0,0
43,10,44,0.2,wave,0.075,3,0.028055555555555556,830,0,0
43,10,45,0.2,wave,0.075,3,0.028055555555555556,838,0,0
43,10,46,0.2,wave,0.075,3,0.028055555555555556,828,0,0
43,10,47,0.2,wave,0.075,3,0.028055555555555556,833,0,0
43,10,48,0.2,wave,0.075,3,0.028055555555555556,824,0,0
43,10,49,0.2,wave,0.075,3,0.028055555555555556,820,0,0
43,10,50,0.2,wave,0.075,3,0.028055555555555556,822,0,0
43,10,51,0.2,wave,0.075,3,0.028055555555555556,817,0,0
43,10,52,0.2,wave,0.075,3,0.028055555555555556,805,0,0
44,1,1,0.2,wave,0.075,3,0.034444444444444444,6518,72,13
44,1,2,0.2,wave,0.075,3,0.034444444444444444,6375,82,31
44,1,3,0.2,wave,0.075,3,0.034444444444444444,6288,120,47
44,1,4,0.2,wave,0.075,3,0.034444444444444444,6179,155,54
44,1,5,0.2,wave,0.075,3,0.034444444444444444,6041,196,67
44,1,6,0.2,wave,0.075,3,0.034444444444444444,5704,230,80
44,1,7,0.2,wave,0.075,3,0.034444444444444444,5545,301,99
44,1,8,0.2,wave,0.075,3,0.034444444444444444,5351,334,109
44,1,9,0.2,wave,0.075,3,0.034444444444444444,5283,372,141
44,1,10,0.2,wave,0.075,3,0.034444444444444444,5060,405,165
44,1,11,0.2,wave,0.075,3,0.034444444444444444,4782,464,199
44,1,12,0.2,wave,0.075,3,0.034444444444444444,4633,505,214
44,1,13,0.2,wave,0.075,3,0.034444444444444444,4480,545,228
44,1,14,0.2,wave,0.075,3,0.034444444444444444,4308,577,259
44,1,15,0.2,wave,0.075,3,0.034444444444444444,4093,583,264
44,1,16,0.2,wave,0.075,3,0.034444444444444444,3988,583,283
44,1,17,0.2,wave,0.075,3,0.034444444444444444,3818,559,266
44,1,18,0.2,wave,0.075,3,0.034444444444444444,3672,523,279
44,1,19,0.2,wave,0.075,3,0.034444444444444444,3513,485,259
44,1,20,0.2,wave,0.075,3,0.034444444444444444,5165,475,253
44,1,21,0.2,wave,0.075,3,0.034444444444444444,4761,492,206
44,1,22,0.2,wave,0.075,3,0.034444444444444444,4629,536,223
44,1,23,0.2,wave,0.075,3,0.034444444444444444,4448,510,223
44,1,24,0.2,wave,0.075,3,0.034444444444444444,4327,539,245
44,1,25,0.2,wave,0.075,3,0.034444444444444444,4161,572,245
44,1,26,0.2,wave,0.075,3,0.034444444444444444,3938,563,259
44,1,27,0.2,wave,0.075,3,0.034444444444444444,3824,569,266
44,1,28,0.2,wave,0.075,3,0.034444444444444444,3627,590,271
44,1,29,0.2,wave,0.075,3,0.034444444444444444,3453,593,271
44,1,30,0.2,wave,0.075,3,0.034444444444444444,3295,552,257
44,1,31,0.2,wave,0.075,3,0.034444444444444444,3157,561,255
44,1,32,0.2,wave,0.075,3,0.034444444444444444,2998,516,245
44,1,33,0.2,wave,0.075,3,0.034444444444444444,2823,506,248
44,1,34,0.2,wave,0.075,3,0.034444444444444444,2730,484,235
44,1,35,0.2,wave,0.075,3,0.034444444444444444,2605,450,215
44,1,36,0.2,wave,0.075,3,0.034444444444444444,2468,411,214
44,1,37,0.2,wave,0.075,3,0.034444444444444444,2375,404,197
44,1,38,0.2,wave,0.075,3,0.034444444444444444,2306,385,192
44,1,39,0.2,wave,0.075,3,0.034444444444444444,2195,341,171
44,1,40,0.2,wave,0.075,3,0.034444444444444444,2139,336,178
44,1,41,0.2,wave,0.075,3,0.034444444444444444,2080,324,173
44,1,42,0.2,wave,0.075,3,0.034444444444444444,1991,301,151
44,1,43,0.2,wave,0.075,3,0.034444444444444444,1927,293,138
44,1,44,0.2,wave,0.075,3,0.034444444444444444,1858,264,120
44,1,45,0.2,wave,0.075,3,0.034444444444444444,1787,246,125
44,1,46,0.2,wave,0.075,3,0.034444444444444444,1723,225,128
44,1,47,0.2,wave,0.075,3,0.034444444444444444,1667,210,133
44,1,48,0.2,wave,0.075,3,0.034444444444444444,1612,189,117
44,1,49,0.2,wave,0.075,3,0.034444444444444444,1555,161,91
44,1,50,0.2,wave,0.075,3,0.034444444444444444,1516,128,72
44,1,51,0.2,wave,0.075,3,0.034444444444444444,1467,113,61
44,1,52,0.2,wave,0.075,3,0.034444444444444444,1442,104,59
44,2,1,0.2,wave,0.075,3,0.034444444444444444,1399,87,46
44,2,2,0.2,wave,0.075,3,0.034444444444444444,1379,83,39
44,2,3,0.2,wave,0.075,3,0.034444444444444444,1331,68,32
44,2,4,0.2,wave,0.075,3,0.034444444444444444,1315,63,34
44,2,5,0.2,wave,0.075,3,0.034444444444444444,1293,61,38
44,2,6,0.2,wave,0.075,3,0.034444444444444444,1272,52,32
44,2,7,0.2,wave,0.075,3,0.034444444444444444,1250,51,27
44,2,8,0.2,wave,0.075,3,0.034444444444444444,1232,43,21
44,2,9,0.2,wave,0.075,3,0.034444444444444444,1214,43,24
44,2,10,0.2,wave,0.075,3,0.034444444444444444,1198,35,20
44,2,11,0.2,wave,0.075,3,0.034444444444444444,1175,31,20
44,2,12,0.2,wave,0.075,3,0.034444444444444444,1166,33,21
44,2,13,0.2,wave,0.075,3,0.034444444444444444,1148,37,18
44,2,14,0.2,wave,0.075,3,0.034444444444444444,1138,35,15
44,2,15,0.2,wave,0.075,3,0.034444444444444444,1113,32,14
44,2,16,0.2,wave,0.075,3,0.034444444444444444,1118,38,17
44,2,17,0.2,wave,0.075,3,0.034444444444444444,1098,35,16
44,2,18,0.2,wave,0.075,3,0.034444444444444444,1103,27,17
44,2,19,0.2,wave,0.075,3,0.034444444444444444,1077,27,19
44,2,20,0.2,wave,0.075,3,0.034444444444444444,1655,27,18
44,2,21,0.2,wave,0.075,3,0.034444444444444444,1630,20,13
44,2,22,0.2,wave,0.075,3,0.034444444444444444,1616,21,8
44,2,23,0.2,wave,0.075,3,0.034444444444444444,1590,21,7
44,2,24,0.2,wave,0.075,3,0.034444444444444444,1589,18,10
44,2,25,0.2,wave,0.075,3,0.034444444444444444,1518,21,10
44,2,26,0.2,wave,0.075,3,0.034444444444444444,1489,26,11
44,2,27,0.2,wave,0.075,3,0.034444444444444444,1471,23,12
44,2,28,0.2,wave,0.075,3,0.034444444444444444,1456,25,11
44,2,29,0.2,wave,0.075,3,0.034444444444444444,1413,24,14
44,2,30,0.2,wave,0.075,3,0.034444444444444444,1379,25,9
44,2,31,0.2,wave,0.075,3,0.034444444444444444,1392,33,10
44,2,32,0.2,wave,0.075,3,0.034444444444444444,1348,30,7
44,2,33,0.2,wave,0.075,3,0.034444444444444444,1347,29,15
44,2,34,0.2,wave,0.075,3,0.034444444444444444,1302,25,13
44,2,35,0.2,wave,0.075,3,0.034444444444444444,1286,29,14
44,2,36,0.2,wave,0.075,3,0.034444444444444444,1269,24,15
44,2,37,0.2,wave,0.075,3,0.034444444444444444,1256,28,14
44,2,38,0.2,wave,0.075,3,0.034444444444444444,1233,26,16
44,2,39,0.2,wave,0.075,3,0.034444444444444444,1210,22,12
44,2,40,0.2,wave,0.075,3,0.034444444444444444,1193,21,10
44,2,41,0.2,wave,0.075,3,0.034444444444444444,1178,18,9
44,2,42,0.2,wave,0.075,3,0.034444444444444444,1163,15,10
44,2,43,0.2,wave,0.075,3,0.034444444444444444,1151,16,13
44,2,44,0.2,wave,0.075,3,0.034444444444444444,1131,14,9
44,2,45,0.2,wave,0.075,3,0.034444444444444444,1118,9,6
44,2,46,0.2,wave,0.075,3,0.034444444444444444,1100,6,3
44,2,47,0.2,wave,0.075,3,0.034444444444444444,1098,6,2
44,2,48,0.2,wave,0.075,3,0.034444444444444444,1088,5,3
44,2,49,0.2,wave,0.075,3,0.034444444444444444,1071,5,3
44,2,50,0.2,wave,0.075,3,0.034444444444444444,1052,6,3
44,2,51,0.2,wave,0.075,3,0.034444444444444444,1036,4,1
44,2,52,0.2,wave,0.075,3,0.034444444444444444,1026,4,3
44,3,1,0.2,wave,0.075,3,0.034444444444444444,1017,4,4
44,3,2,0.2,wave,0.075,3,0.034444444444444444,1008,3,3
44,3,3,0.2,wave,0.075,3,0.034444444444444444,998,1,1
44,3,4,0.2,wave,0.075,3,0.034444444444444444,983,0,0
44,3,5,0.2,wave,0.075,3,0.034444444444444444,984,0,0
44,3,6,0.2,wave,0.075,3,0.034444444444444444,972,0,0
44,3,7,0.2,wave,0.075,3,0.034444444444444444,975,0,0
44,3,8,0.2,wave,0.075,3,0.034444444444444444,962,0,0
44,3,9,0.2,wave,0.075,3,0.034444444444444444,958,0,0
44,3,10,0.2,wave,0.075,3,0.034444444444444444,952,0,0
44,3,11,0.2,wave,0.075,3,0.034444444444444444,938,0,0
44,3,12,0.2,wave,0.075,3,0.034444444444444444,926,0,0
44,3,13,0.2,wave,0.075,3,0.034444444444444444,927,0,0
44,3,14,0.2,wave,0.075,3,0.034444444444444444,922,0,0
44,3,15,0.2,wave,0.075,3,0.034444444444444444,904,0,0
44,3,16,0.2,wave,0.075,3,0.034444444444444444,898,0,0
44,3,17,0.2,wave,0.075,3,0.034444444444444444,896,0,0
44,3,18,0.2,wave,0.075,3,0.034444444444444444,894,0,0
44,3,19,0.2,wave,0.075,3,0.034444444444444444,893,0,0
44,3,20,0.2,wave,0.075,3,0.034444444444444444,1359,0,0
44,3,21,0.2,wave,0.075,3,0.034444444444444444,1317,0,0
44,3,22,0.2,wave,0.075,3,0.034444444444444444,1305,0,0
44,3,23,0.2,wave,0.075,3,0.034444444444444444,1301,0,0
44,3,24,0.2,wave,0.075,3,0.034444444444444444,1257,0,0
44,3,25,0.2,wave,0.075,3,0.034444444444444444,1272,0,0
44,3,26,0.2,wave,0.075,3,0.034444444444444444,1258,0,0
44,3,27,0.2,wave,0.075,3,0.034444444444444444,1230,0,0
44,3,28,0.2,wave,0.075,3,0.034444444444444444,1221,0,0
44,3,29,0.2,wave,0.075,3,0.034444444444444444,1209,0,0
44,3,30,0.2,wave,0.075,3,0.034444444444444444,1198,0,0
44,3,31,0.2,wave,0.075,3,0.034444444444444444,1191,0,0
44,3,32,0.2,wave,0.075,3,0.034444444444444444,1176,0,0
44,3,33,0.2,wave,0.075,3,0.034444444444444444,1156,0,0
44,3,34,0.2,wave,0.075,3,0.034444444444444444,1151,0,0
44,3,35,0.2,wave,0.075,3,0.034444444444444444,1122,0,0
44,3,36,0.2,wave,0.075,3,0.034444444444444444,1123,0,0
44,3,37,0.2,wave,0.075,3,0.034444444444444444,1102,0,0
44,3,38,0.2,wave,0.075,3,0.034444444444444444,1099,0,0
44,3,39,0.2,wave,0.075,3,0.034444444444444444,1076,0,0
44,3,40,0.2,wave,0.075,3,0.034444444444444444,1068,0,0
44,3,41,0.2,wave,0.075,3,0.034444444444444444,1044,0,0
44,3,42,0.2,wave,0.075,3,0.034444444444444444,1045,0,0
44,3,43,0.2,wave,0.075,3,0.034444444444444444,1033,0,0
44,3,44,0.2,wave,0.075,3,0.034444444444444444,1021,0,0
44,3,45,0.2,wave,0.075,3,0.034444444444444444,1015,0,0
44,3,46,0.2,wave,0.075,3,0.034444444444444444,1011,0,0
44,3,47,0.2,wave,0.075,3,0.034444444444444444,1000,0,0
44,3,48,0.2,wave,0.075,3,0.034444444444444444,1000,0,0
44,3,49,0.2,wave,0.075,3,0.034444444444444444,987,0,0
44,3,50,0.2,wave,0.075,3,0.034444444444444444,979,0,0
44,3,51,0.2,wave,0.075,3,0.034444444444444444,967,0,0
44,3,52,0.2,wave,0.075,3,0.034444444444444444,965,0,0
44,4,1,0.2,wave,0.075,3,0.034444444444444444,957,0,0
44,4,2,0.2,wave,0.075,3,0.034444444444444444,959,0,0
44,4,3,0.2,wave,0.075,3,0.034444444444444444,945,0,0
44,4,4,0.2,wave,0.075,3,0.034444444444444444,935,0,0
44,4,5,0.2,wave,0.075,3,0.034444444444444444,926,0,0
44,4,6,0.2,wave,0.075,3,0.034444444444444444,930,0,0
44,4,7,0.2,wave,0.075,3,0.034444444444444444,921,0,0
44,4,8,0.2,wave,0.075,3,0.034444444444444444,909,0,0
44,4,9,0.2,wave,0.075,3,0.034444444444444444,892,0,0
44,4,10,0.2,wave,0.075,3,0.034444444444444444,876,0,0
44,4,11,0.2,wave,0.075,3,0.034444444444444444,872,0,0
44,4,12,0.2,wave,0.075,3,0.034444444444444444,868,0,0
44,4,13,0.2,wave,0.075,3,0.034444444444444444,865,0,0
44,4,14,0.2,wave,0.075,3,0.034444444444444444,864,0,0
44,4,15,0.2,wave,0.075,3,0.034444444444444444,860,0,0
44,4,16,0.2,wave,0.075,3,0.034444444444444444,857,0,0
44,4,17,0.2,wave,0.075,3,0.034444444444444444,852,0,0
44,4,18,0.2,wave,0.075,3,0.034444444444444444,839,0,0
44,4,19,0.2,wave,0.075,3,0.034444444444444444,831,0,0
44,4,20,0.2,wave,0.075,3,0.034444444444444444,1267,0,0
44,4,21,0.2,wave,0.075,3,0.034444444444444444,1242,0,0
44,4,22,0.2,wave,0.075,3,0.034444444444444444,1232,0,0
44,4,23,0.2,wave,0.075,3,0.034444444444444444,1188,0,0
44,4,24,0.2,wave,0.075,3,0.034444444444444444,1159,0,0
44,4,25,0.2,wave,0.075,3,0.034444444444444444,1132,0,0
44,4,26,0.2,wave,0.075,3,0.034444444444444444,1097,0,0
44,4,27,0.2,wave,0.075,3,0.034444444444444444,1092,0,0
44,4,28,0.2,wave,0.075,3,0.034444444444444444,1084,0,0
44,4,29,0.2,wave,0.075,3,0.034444444444444444,1058,0,0
44,4,30,0.2,wave,0.075,3,0.034444444444444444,1066,0,0
44,4,31,0.2,wave,0.075,3,0.034444444444444444,1033,0,0
44,4,32,0.2,wave,0.075,3,0.034444444444444444,1026,0,0
44,4,33,0.2,wave,0.075,3,0.034444444444444444,1005,0,0
44,4,34,0.2,wave,0.075,3,0.034444444444444444,1007,0,0
44,4,35,0.2,wave,0.075,3,0.034444444444444444,993,0,0
44,4,36,0.2,wave,0.075,3,0.034444444444444444,980,0,0
44,4,37,0.2,wave,0.075,3,0.034444444444444444,944,0,0
44,4,38,0.2,wave,0.075,3,0.034444444444444444,941,0,0
44,4,39,0.2,wave,0.075,3,0.034444444444444444,923,0,0
44,4,40,0.2,wave,0.075,3,0.034444444444444444,940,0,0
44,4,41,0.2,wave,0.075,3,0.034444444444444444,916,0,0
44,4,42,0.2,wave,0.075,3,0.034444444444444444,926,0,0
44,4,43,0.2,wave,0.075,3,0.034444444444444444,909,0,0
44,4,44,0.2,wave,0.075,3,0.034444444444444444,920,0,0
44,4,45,0.2,wave,0.075,3,0.034444444444444444,899,0,0
44,4,46,0.2,wave,0.075,3,0.034444444444444444,908,0,0
44,4,47,0.2,wave,0.075,3,0.034444444444444444,886,0,0
44,4,48,0.2,wave,0.075,3,0.034444444444444444,895,0,0
44,4,49,0.2,wave,0.075,3,0.034444444444444444,877,0,0
44,4,50,0.2,wave,0.075,3,0.034444444444444444,884,0,0
44,4,51,0.2,wave,0.075,3,0.034444444444444444,850,0,0
44,4,52,0.2,wave,0.075,3,0.034444444444444444,852,0,0
44,5,1,0.2,wave,0.075,3,0.034444444444444444,840,0,0
44,5,2,0.2,wave,0.075,3,0.034444444444444444,844,0,0
44,5,3,0.2,wave,0.075,3,0.034444444444444444,831,0,0
44,5,4,0.2,wave,0.075,3,0.034444444444444444,836,0,0
44,5,5,0.2,wave,0.075,3,0.034444444444444444,827,0,0
44,5,6,0.2,wave,0.075,3,0.034444444444444444,832,0,0
44,5,7,0.2,wave,0.075,3,0.034444444444444444,822,0,0
44,5,8,0.2,wave,0.075,3,0.034444444444444444,828,0,0
44,5,9,0.2,wave,0.075,3,0.034444444444444444,818,0,0
44,5,10,0.2,wave,0.075,3,0.034444444444444444,827,0,0
44,5,11,0.2,wave,0.075,3,0.034444444444444444,815,0,0
44,5,12,0.2,wave,0.075,3,0.034444444444444444,809,0,0
44,5,13,0.2,wave,0.075,3,0.034444444444444444,799,0,0
44,5,14,0.2,wave,0.075,3,0.034444444444444444,791,0,0
44,5,15,0.2,wave,0.075,3,0.034444444444444444,794,0,0
44,5,16,0.2,wave,0.075,3,0.034444444444444444,790,0,0
44,5,17,0.2,wave,0.075,3,0.034444444444444444,790,0,0
44,5,18,0.2,wave,0.075,3,0.034444444444444444,778,0,0
44,5,19,0.2,wave,0.075,3,0.034444444444444444,777,0,0
44,5,20,0.2,wave,0.075,3,0.034444444444444444,1223,0,0
44,5,21,0.2,wave,0.075,3,0.034444444444444444,1202,0,0
44,5,22,0.2,wave,0.075,3,0.034444444444444444,1182,0,0
44,5,23,0.2,wave,0.075,3,0.034444444444444444,1170,0,0
44,5,24,0.2,wave,0.075,3,0.034444444444444444,1162,0,0
44,5,25,0.2,wave,0.075,3,0.034444444444444444,1161,0,0
44,5,26,0.2,wave,0.075,3,0.034444444444444444,1121,0,0
44,5,27,0.2,wave,0.075,3,0.034444444444444444,1130,0,0
44,5,28,0.2,wave,0.075,3,0.034444444444444444,1104,0,0
44,5,29,0.2,wave,0.075,3,0.034444444444444444,1071,0,0
44,5,30,0.2,wave,0.075,3,0.034444444444444444,1028,0,0
44,5,31,0.2,wave,0.075,3,0.034444444444444444,1000,0,0
44,5,32,0.2,wave,0.075,3,0.034444444444444444,968,0,0
44,5,33,0.2,wave,0.075,3,0.034444444444444444,961,0,0
44,5,34,0.2,wave,0.075,3,0.034444444444444444,946,0,0
44,5,35,0.2,wave,0.075,3,0.034444444444444444,916,0,0
44,5,36,0.2,wave,0.075,3,0.034444444444444444,913,0,0
44,5,37,0.2,wave,0.075,3,0.034444444444444444,907,0,0
44,5,38,0.2,wave,0.075,3,0.034444444444444444,902,0,0
44,5,39,0.2,wave,0.075,3,0.034444444444444444,899,0,0
44,5,40,0.2,wave,0.075,3,0.034444444444444444,890,0,0
44,5,41,0.2,wave,0.075,3,0.034444444444444444,877,0,0
44,5,42,0.2,wave,0.075,3,0.034444444444444444,851,0,0
44,5,43,0.2,wave,0.075,3,0.034444444444444444,840,0,0
44,5,44,0.2,wave,0.075,3,0.034444444444444444,845,0,0
44,5,45,0.2,wave,0.075,3,0.034444444444444444,834,0,0
44,5,46,0.2,wave,0.075,3,0.034444444444444444,840,0,0
44,5,47,0.2,wave,0.075,3,0.034444444444444444,824,0,0
44,5,48,0.2,wave,0.075,3,0.034444444444444444,821,0,0
44,5,49,0.2,wave,0.075,3,0.034444444444444444,809,0,0
44,5,50,0.2,wave,0.075,3,0.034444444444444444,813,0,0
44,5,51,0.2,wave,0.075,3,0.034444444444444444,792,0,0
44,5,52,0.2,wave,0.075,3,0.034444444444444444,790,0,0
44,6,1,0.2,wave,0.075,3,0.034444444444444444,785,0,0
44,6,2,0.2,wave,0.075,3,0.034444444444444444,789,0,0
44,6,3,0.2,wave,0.075,3,0.034444444444444444,776,0,0
44,6,4,0.2,wave,0.075,3,0.034444444444444444,782,0,0
44,6,5,0.2,wave,0.075,3,0.034444444444444444,773,0,0
44,6,6,0.2,wave,0.075,3,0.034444444444444444,782,0,0
44,6,7,0.2,wave,0.075,3,0.034444444444444444,767,0,0
44,6,8,0.2,wave,0.075,3,0.034444444444444444,782,0,0
44,6,9,0.2,wave,0.075,3,0.034444444444444444,767,0,0
44,6,10,0.2,wave,0.075,3,0.034444444444444444,779,0,0
44,6,11,0.2,wave,0.075,3,0.034444444444444444,768,0,0
44,6,12,0.2,wave,0.075,3,0.034444444444444444,776,0,0
44,6,13,0.2,wave,0.075,3,0.034444444444444444,763,0,0
44,6,14,0.2,wave,0.075,3,0.034444444444444444,772,0,0
44,6,15,0.2,wave,0.075,3,0.034444444444444444,748,0,0
44,6,16,0.2,wave,0.075,3,0.034444444444444444,758,0,0
44,6,17,0.2,wave,0.075,3,0.034444444444444444,747,0,0
44,6,18,0.2,wave,0.075,3,0.034444444444444444,757,0,0
44,6,19,0.2,wave,0.075,3,0.034444444444444444,745,0,0
44,6,20,0.2,wave,0.075,3,0.034444444444444444,1094,0,0
44,6,21,0.2,wave,0.075,3,0.034444444444444444,1063,0,0
44,6,22,0.2,wave,0.075,3,0.034444444444444444,1071,0,0
44,6,23,0.2,wave,0.075,3,0.034444444444444444,1023,0,0
44,6,24,0.2,wave,0.075,3,0.034444444444444444,1044,0,0
44,6,25,0.2,wave,0.075,3,0.034444444444444444,1001,0,0
44,6,26,0.2,wave,0.075,3,0.034444444444444444,985,0,0
44,6,27,0.2,wave,0.075,3,0.034444444444444444,976,0,0
44,6,28,0.2,wave,0.075,3,0.034444444444444444,983,0,0
44,6,29,0.2,wave,0.075,3,0.034444444444444444,976,0,0
44,6,30,0.2,wave,0.075,3,0.034444444444444444,950,0,0
44,6,31,0.2,wave,0.075,3,0.034444444444444444,934,0,0
44,6,32,0.2,wave,0.075,3,0.034444444444444444,935,0,0
44,6,33,0.2,wave,0.075,3,0.034444444444444444,918,0,0
44,6,34,0.2,wave,0.075,3,0.034444444444444444,879,0,0
44,6,35,0.2,wave,0.075,3,0.034444444444444444,872,0,0
44,6,36,0.2,wave,0.075,3,0.034444444444444444,874,0,0
44,6,37,0.2,wave,0.075,3,0.034444444444444444,865,0,0
44,6,38,0.2,wave,0.075,3,0.034444444444444444,850,0,0
44,6,39,0.2,wave,0.075,3,0.034444444444444444,814,0,0
44,6,40,0.2,wave,0.075,3,0.034444444444444444,816,0,0
44,6,41,0.2,wave,0.075,3,0.034444444444444444,796,0,0
44,6,42,0.2,wave,0.075,3,0.034444444444444444,793,0,0
44,6,43,0.2,wave,0.075,3,0.034444444444444444,794,0,0
44,6,44,0.2,wave,0.075,3,0.034444444444444444,787,0,0
44,6,45,0.2,wave,0.075,3,0.034444444444444444,784,0,0
44,6,46,0.2,wave,0.075,3,0.034444444444444444,781,0,0
44,6,47,0.2,wave,0.075,3,0.034444444444444444,772,0,0
44,6,48,0.2,wave,0.075,3,0.034444444444444444,774,0,0
44,6,49,0.2,wave,0.075,3,0.034444444444444444,768,0,0
44,6,50,0.2,wave,0.075,3,0.034444444444444444,757,0,0
44,6,51,0.2,wave,0.075,3,0.034444444444444444,749,0,0
44,6,52,0.2,wave,0.075,3,0.034444444444444444,753,0,0
44,7,1,0.2,wave,0.075,3,0.034444444444444444,744,0,0
44,7,2,0.2,wave,0.075,3,0.034444444444444444,743,0,0
44,7,3,0.2,wave,0.075,3,0.034444444444444444,736,0,0
44,7,4,0.2,wave,0.075,3,0.034444444444444444,734,0,0
44,7,5,0.2,wave,0.075,3,0.034444444444444444,729,0,0
44,7,6,0.2,wave,0.075,3,0.034444444444444444,732,0,0
44,7,7,0.2,wave,0.075,3,0.034444444444444444,727,0,0
44,7,8,0.2,wave,0.075,3,0.034444444444444444,731,0,0
44,7,9,0.2,wave,0.075,3,0.034444444444444444,728,0,0
44,7,10,0.2,wave,0.075,3,0.034444444444444444,729,0,0
44,7,11,0.2,wave,0.075,3,0.034444444444444444,728,0,0
44,7,12,0.2,wave,0.075,3,0.034444444444444444,728,0,0
44,7,13,0.2,wave,0.075,3,0.034444444444444444,715,0,0
44,7,14,0.2,wave,0.075,3,0.034444444444444444,717,0,0
44,7,15,0.2,wave,0.075,3,0.034444444444444444,714,0,0
44,7,16,0.2,wave,0.075,3,0.034444444444444444,713,0,0
44,7,17,0.2,wave,0.075,3,0.034444444444444444,712,0,0
44,7,18,0.2,wave,0.075,3,0.034444444444444444,713,0,0
44,7,19,0.2,wave,0.075,3,0.034444444444444444,712,0,0
44,7,20,0.2,wave,0.075,3,0.034444444444444444,1046,0,0
44,7,21,0.2,wave,0.075,3,0.034444444444444444,1034,0,0
44,7,22,0.2,wave,0.075,3,0.034444444444444444,1031,0,0
44,7,23,0.2,wave,0.075,3,0.034444444444444444,1030,0,0
44,7,24,0.2,wave,0.075,3,0.034444444444444444,1019,0,0
44,7,25,0.2,wave,0.075,3,0.034444444444444444,1010,0,0
44,7,26,0.2,wave,0.075,3,0.034444444444444444,991,0,0
44,7,27,0.2,wave,0.075,3,0.034444444444444444,989,0,0
44,7,28,0.2,wave,0.075,3,0.034444444444444444,967,0,0
44,7,29,0.2,wave,0.075,3,0.034444444444444444,960,0,0
44,7,30,0.2,wave,0.075,3,0.034444444444444444,954,0,0
44,7,31,0.2,wave,0.075,3,0.034444444444444444,943,0,0
44,7,32,0.2,wave,0.075,3,0.034444444444444444,941,0,0
44,7,33,0.2,wave,0.075,3,0.034444444444444444,907,0,0
44,7,34,0.2,wave,0.075,3,0.034444444444444444,903,0,0
44,7,35,0.2,wave,0.075,3,0.034444444444444444,889,0,0
44,7,36,0.2,wave,0.075,3,0.034444444444444444,874,0,0
44,7,37,0.2,wave,0.075,3,0.034444444444444444,860,0,0
44,7,38,0.2,wave,0.075,3,0.034444444444444444,868,0,0
44,7,39,0.2,wave,0.075,3,0.034444444444444444,840,0,0
44,7,40,0.2,wave,0.075,3,0.034444444444444444,845,0,0
44,7,41,0.2,wave,0.075,3,0.034444444444444444,842,0,0
44,7,42,0.2,wave,0.075,3,0.034444444444444444,840,0,0
44,7,43,0.2,wave,0.075,3,0.034444444444444444,834,0,0
44,7,44,0.2,wave,0.075,3,0.034444444444444444,831,0,0
44,7,45,0.2,wave,0.075,3,0.034444444444444444,830,0,0
44,7,46,0.2,wave,0.075,3,0.034444444444444444,828,0,0
44,7,47,0.2,wave,0.075,3,0.034444444444444444,813,0,0
44,7,48,0.2,wave,0.075,3,0.034444444444444444,825,0,0
44,7,49,0.2,wave,0.075,3,0.034444444444444444,811,0,0
44,7,50,0.2,wave,0.075,3,0.034444444444444444,820,0,0
44,7,51,0.2,wave,0.075,3,0.034444444444444444,810,0,0
44,7,52,0.2,wave,0.075,3,0.034444444444444444,811,0,0
44,8,1,0.2,wave,0.075,3,0.034444444444444444,804,0,0
44,8,2,0.2,wave,0.075,3,0.034444444444444444,811,0,0
44,8,3,0.2,wave,0.075,3,0.034444444444444444,788,0,0
44,8,4,0.2,wave,0.075,3,0.034444444444444444,799,0,0
44,8,5,0.2,wave,0.075,3,0.034444444444444444,789,0,0
44,8,6,0.2,wave,0.075,3,0.034444444444444444,799,0,0
44,8,7,0.2,wave,0.075,3,0.034444444444444444,787,0,0
44,8,8,0.2,wave,0.075,3,0.034444444444444444,798,0,0
44,8,9,0.2,wave,0.075,3,0.034444444444444444,788,0,0
44,8,10,0.2,wave,0.075,3,0.034444444444444444,798,0,0
44,8,11,0.2,wave,0.075,3,0.034444444444444444,774,0,0
44,8,12,0.2,wave,0.075,3,0.034444444444444444,785,0,0
44,8,13,0.2,wave,0.075,3,0.034444444444444444,775,0,0
44,8,14,0.2,wave,0.075,3,0.034444444444444444,784,0,0
44,8,15,0.2,wave,0.075,3,0.034444444444444444,771,0,0
44,8,16,0.2,wave,0.075,3,0.034444444444444444,780,0,0
44,8,17,0.2,wave,0.075,3,0.034444444444444444,768,0,0
44,8,18,0.2,wave,0.075,3,0.034444444444444444,779,0,0
44,8,19,0.2,wave,0.075,3,0.034444444444444444,769,0,0
44,8,20,0.2,wave,0.075,3,0.034444444444444444,1129,0,0
44,8,21,0.2,wave,0.075,3,0.034444444444444444,1083,0,0
44,8,22,0.2,wave,0.075,3,0.034444444444444444,1099,0,0
44,8,23,0.2,wave,0.075,3,0.034444444444444444,1070,0,0
44,8,24,0.2,wave,0.075,3,0.034444444444444444,1062,0,0
44,8,25,0.2,wave,0.075,3,0.034444444444444444,1047,0,0
44,8,26,0.2,wave,0.075,3,0.034444444444444444,1020,0,0
44,8,27,0.2,wave,0.075,3,0.034444444444444444,1021,0,0
44,8,28,0.2,wave,0.075,3,0.034444444444444444,1023,0,0
44,8,29,0.2,wave,0.075,3,0.034444444444444444,1020,0,0
44,8,30,0.2,wave,0.075,3,0.034444444444444444,1021,0,0
44,8,31,0.2,wave,0.075,3,0.034444444444444444,1006,0,0
44,8,32,0.2,wave,0.075,3,0.034444444444444444,981,0,0
44,8,33,0.2,wave,0.075,3,0.034444444444444444,966,0,0
44,8,34,0.2,wave,0.075,3,0.034444444444444444,970,0,0
44,8,35,0.2,wave,0.075,3,0.034444444444444444,968,0,0
44,8,36,0.2,wave,0.075,3,0.034444444444444444,969,0,0
44,8,37,0.2,wave,0.075,3,0.034444444444444444,964,0,0
44,8,38,0.2,wave,0.075,3,0.034444444444444444,969,0,0
44,8,39,0.2,wave,0.075,3,0.034444444444444444,952,0,0
44,8,40,0.2,wave,0.075,3,0.034444444444444444,921,0,0
44,8,41,0.2,wave,0.075,3,0.034444444444444444,920,0,0
44,8,42,0.2,wave,0.075,3,0.034444444444444444,922,0,0
44,8,43,0.2,wave,0.075,3,0.034444444444444444,916,0,0
44,8,44,0.2,wave,0.075,3,0.034444444444444444,911,0,0
44,8,45,0.2,wave,0.075,3,0.034444444444444444,902,0,0
44,8,46,0.2,wave,0.075,3,0.034444444444444444,909,0,0
44,8,47,0.2,wave,0.075,3,0.034444444444444444,894,0,0
44,8,48,0.2,wave,0.075,3,0.034444444444444444,897,0,0
44,8,49,0.2,wave,0.075,3,0.034444444444444444,894,0,0
44,8,50,0.2,wave,0.075,3,0.034444444444444444,895,0,0
44,8,51,0.2,wave,0.075,3,0.034444444444444444,886,0,0
44,8,52,0.2,wave,0.075,3,0.034444444444444444,882,0,0
44,9,1,0.2,wave,0.075,3,0.034444444444444444,879,0,0
44,9,2,0.2,wave,0.075,3,0.034444444444444444,881,0,0
44,9,3,0.2,wave,0.075,3,0.034444444444444444,875,0,0
44,9,4,0.2,wave,0.075,3,0.034444444444444444,877,0,0
44,9,5,0.2,wave,0.075,3,0.034444444444444444,875,0,0
44,9,6,0.2,wave,0.075,3,0.034444444444444444,875,0,0
44,9,7,0.2,wave,0.075,3,0.034444444444444444,873,0,0
44,9,8,0.2,wave,0.075,3,0.034444444444444444,866,0,0
44,9,9,0.2,wave,0.075,3,0.034444444444444444,861,0,0
44,9,10,0.2,wave,0.075,3,0.034444444444444444,865,0,0
44,9,11,0.2,wave,0.075,3,0.034444444444444444,861,0,0
44,9,12,0.2,wave,0.075,3,0.034444444444444444,865,0,0
44,9,13,0.2,wave,0.075,3,0.034444444444444444,861,0,0
44,9,14,0.2,wave,0.075,3,0.034444444444444444,865,0,0
44,9,15,0.2,wave,0.075,3,0.034444444444444444,860,0,0
44,9,16,0.2,wave,0.075,3,0.034444444444444444,864,0,0
44,9,17,0.2,wave,0.075,3,0.034444444444444444,858,0,0
44,9,18,0.2,wave,0.075,3,0.034444444444444444,862,0,0
44,9,19,0.2,wave,0.075,3,0.034444444444444444,858,0,0
44,9,20,0.2,wave,0.075,3,0.034444444444444444,1240,0,0
44,9,21,0.2,wave,0.075,3,0.034444444444444444,1186,0,0
44,9,22,0.2,wave,0.075,3,0.034444444444444444,1158,0,0
44,9,23,0.2,wave,0.075,3,0.034444444444444444,1123,0,0
44,9,24,0.2,wave,0.075,3,0.034444444444444444,1090,0,0
44,9,25,0.2,wave,0.075,3,0.034444444444444444,1063,0,0
44,9,26,0.2,wave,0.075,3,0.034444444444444444,1048,0,0
44,9,27,0.2,wave,0.075,3,0.034444444444444444,1037,0,0
44,9,28,0.2,wave,0.075,3,0.034444444444444444,1026,0,0
44,9,29,0.2,wave,0.075,3,0.034444444444444444,1013,0,0
44,9,30,0.2,wave,0.075,3,0.034444444444444444,1002,0,0
44,9,31,0.2,wave,0.075,3,0.034444444444444444,998,0,0
44,9,32,0.2,wave,0.075,3,0.034444444444444444,1001,0,0
44,9,33,0.2,wave,0.075,3,0.034444444444444444,1002,0,0
44,9,34,0.2,wave,0.075,3,0.034444444444444444,989,0,0
44,9,35,0.2,wave,0.075,3,0.034444444444444444,988,0,0
44,9,36,0.2,wave,0.075,3,0.034444444444444444,988,0,0
44,9,37,0.2,wave,0.075,3,0.034444444444444444,988,0,0
44,9,38,0.2,wave,0.075,3,0.034444444444444444,987,0,0
44,9,39,0.2,wave,0.075,3,0.034444444444444444,983,0,0
44,9,40,0.2,wave,0.075,3,0.034444444444444444,985,0,0
44,9,41,0.2,wave,0.075,3,0.034444444444444444,983,0,0
44,9,42,0.2,wave,0.075,3,0.034444444444444444,972,0,0
44,9,43,0.2,wave,0.075,3,0.034444444444444444,948,0,0
44,9,44,0.2,wave,0.075,3,0.034444444444444444,947,0,0
44,9,45,0.2,wave,0.075,3,0.034444444444444444,947,0,0
44,9,46,0.2,wave,0.075,3,0.034444444444444444,945,0,0
44,9,47,0.2,wave,0.075,3,0.034444444444444444,930,0,0
44,9,48,0.2,wave,0.075,3,0.034444444444444444,933,0,0
44,9,49,0.2,wave,0.075,3,0.034444444444444444,930,0,0
44,9,50,0.2,wave,0.075,3,0.034444444444444444,931,0,0
44,9,51,0.2,wave,0.075,3,0.034444444444444444,931,0,0
44,9,52,0.2,wave,0.075,3,0.034444444444444444,926,0,0
44,10,1,0.2,wave,0.075,3,0.034444444444444444,923,0,0
44,10,2,0.2,wave,0.075,3,0.034444444444444444,909,0,0
44,10,3,0.2,wave,0.075,3,0.034444444444444444,909,0,0
44,10,4,0.2,wave,0.075,3,0.034444444444444444,908,0,0
44,10,5,0.2,wave,0.075,3,0.034444444444444444,911,0,0
44,10,6,0.2,wave,0.075,3,0.034444444444444444,907,0,0
44,10,7,0.2,wave,0.075,3,0.034444444444444444,912,0,0
44,10,8,0.2,wave,0.075,3,0.034444444444444444,896,0,0
44,10,9,0.2,wave,0.075,3,0.034444444444444444,897,0,0
44,10,10,0.2,wave,0.075,3,0.034444444444444444,894,0,0
44,10,11,0.2,wave,0.075,3,0.034444444444444444,900,0,0
44,10,12,0.2,wave,0.075,3,0.034444444444444444,896,0,0
44,10,13,0.2,wave,0.075,3,0.034444444444444444,899,0,0
44,10,14,0.2,wave,0.075,3,0.034444444444444444,880,0,0
44,10,15,0.2,wave,0.075,3,0.034444444444444444,887,0,0
44,10,16,0.2,wave,0.075,3,0.034444444444444444,880,0,0
44,10,17,0.2,wave,0.075,3,0.034444444444444444,882,0,0
44,10,18,0.2,wave,0.075,3,0.034444444444444444,880,0,0
44,10,19,0.2,wave,0.075,3,0.034444444444444444,869,0,0
44,10,20,0.2,wave,0.075,3,0.034444444444444444,1206,0,0
44,10,21,0.2,wave,0.075,3,0.034444444444444444,1206,0,0
44,10,22,0.2,wave,0.075,3,0.034444444444444444,1151,0,0
44,10,23,0.2,wave,0.075,3,0.034444444444444444,1144,0,0
44,10,24,0.2,wave,0.075,3,0.034444444444444444,1102,0,0
44,10,25,0.2,wave,0.075,3,0.034444444444444444,1077,0,0
44,10,26,0.2,wave,0.075,3,0.034444444444444444,1013,0,0
44,10,27,0.2,wave,0.075,3,0.034444444444444444,1013,0,0
44,10,28,0.2,wave,0.075,3,0.034444444444444444,991,0,0
44,10,29,0.2,wave,0.075,3,0.034444444444444444,986,0,0
44,10,30,0.2,wave,0.075,3,0.034444444444444444,964,0,0
44,10,31,0.2,wave,0.075,3,0.034444444444444444,971,0,0
44,10,32,0.2,wave,0.075,3,0.034444444444444444,954,0,0
44,10,33,0.2,wave,0.075,3,0.034444444444444444,942,0,0
44,10,34,0.2,wave,0.075,3,0.034444444444444444,941,0,0
44,10,35,0.2,wave,0.075,3,0.034444444444444444,947,0,0
44,10,36,0.2,wave,0.075,3,0.034444444444444444,944,0,0
44,10,37,0.2,wave,0.075,3,0.034444444444444444,948,0,0
44,10,38,0.2,wave,0.075,3,0.034444444444444444,936,0,0
44,10,39,0.2,wave,0.075,3,0.034444444444444444,949,0,0
44,10,40,0.2,wave,0.075,3,0.034444444444444444,943,0,0
44,10,41,0.2,wave,0.075,3,0.034444444444444444,937,0,0
44,10,42,0.2,wave,0.075,3,0.034444444444444444,931,0,0
44,10,43,0.2,wave,0.075,3,0.034444444444444444,935,0,0
44,10,44,0.2,wave,0.075,3,0.034444444444444444,929,0,0
44,10,45,0.2,wave,0.075,3,0.034444444444444444,934,0,0
44,10,46,0.2,wave,0.075,3,0.034444444444444444,917,0,0
44,10,47,0.2,wave,0.075,3,0.034444444444444444,917,0,0
44,10,48,0.2,wave,0.075,3,0.034444444444444444,917,0,0
44,10,49,0.2,wave,0.075,3,0.034444444444444444,918,0,0
44,10,50,0.2,wave,0.075,3,0.034444444444444444,913,0,0
44,10,51,0.2,wave,0.075,3,0.034444444444444444,915,0,0
44,10,52,0.2,wave,0.075,3,0.034444444444444444,902,0,0
45,1,1,0.2,wave,0.075,3,0.05,6480,62,9
45,1,2,0.2,wave,0.075,3,0.05,6465,71,20
45,1,3,0.2,wave,0.075,3,0.05,6345,103,36
45,1,4,0.2,wave,0.075,3,0.05,6236,137,50
45,1,5,0.2,wave,0.075,3,0.05,6132,186,56
45,1,6,0.2,wave,0.075,3,0.05,5983,239,84
45,1,7,0.2,wave,0.075,3,0.05,5852,320,93
45,1,8,0.2,wave,0.075,3,0.05,5670,378,125
45,1,9,0.2,wave,0.075,3,0.05,5503,445,148
45,1,10,0.2,wave,0.075,3,0.05,5298,513,196
45,1,11,0.2,wave,0.075,3,0.05,4998,559,223
45,1,12,0.2,wave,0.075,3,0.05,4746,560,246
45,1,13,0.2,wave,0.075,3,0.05,4563,585,268
45,1,14,0.2,wave,0.075,3,0.05,4357,616,287
45,1,15,0.2,wave,0.075,3,0.05,4183,614,287
45,1,16,0.2,wave,0.075,3,0.05,3983,601,297
45,1,17,0.2,wave,0.075,3,0.05,3816,587,291
45,1,18,0.2,wave,0.075,3,0.05,3695,556,292
45,1,19,0.2,wave,0.075,3,0.05,3532,500,269
45,1,20,0.2,wave,0.075,3,0.05,5125,472,255
45,1,21,0.2,wave,0.075,3,0.05,4862,509,220
45,1,22,0.2,wave,0.075,3,0.05,4747,566,225
45,1,23,0.2,wave,0.075,3,0.05,4716,619,234
45,1,24,0.2,wave,0.075,3,0.05,4544,664,267
45,1,25,0.2,wave,0.075,3,0.05,4382,716,307
45,1,26,0.2,wave,0.075,3,0.05,4220,722,323
45,1,27,0.2,wave,0.075,3,0.05,4102,772,345
45,1,28,0.2,wave,0.075,3,0.05,3896,774,318
45,1,29,0.2,wave,0.075,3,0.05,3633,761,317
45,1,30,0.2,wave,0.075,3,0.05,3458,723,328
45,1,31,0.2,wave,0.075,3,0.05,3321,722,360
45,1,32,0.2,wave,0.075,3,0.05,3142,732,359
45,1,33,0.2,wave,0.075,3,0.05,2975,700,330
45,1,34,0.2,wave,0.075,3,0.05,2788,643,305
45,1,35,0.2,wave,0.075,3,0.05,2643,610,290
45,1,36,0.2,wave,0.075,3,0.05,2496,558,291
45,1,37,0.2,wave,0.075,3,0.05,2373,521,276
45,1,38,0.2,wave,0.075,3,0.05,2260,497,274
45,1,39,0.2,wave,0.075,3,0.05,2096,427,232
45,1,40,0.2,wave,0.075,3,0.05,2000,383,204
45,1,41,0.2,wave,0.075,3,0.05,1913,351,184
45,1,42,0.2,wave,0.075,3,0.05,1825,310,158
45,1,43,0.2,wave,0.075,3,0.05,1774,277,161
45,1,44,0.2,wave,0.075,3,0.05,1707,255,149
45,1,45,0.2,wave,0.075,3,0.05,1649,235,146
45,1,46,0.2,wave,0.075,3,0.05,1578,194,112
45,1,47,0.2,wave,0.075,3,0.05,1511,153,102
45,1,48,0.2,wave,0.075,3,0.05,1460,119,73
45,1,49,0.2,wave,0.075,3,0.05,1428,96,64
45,1,50,0.2,wave,0.075,3,0.05,1371,72,45
45,1,51,0.2,wave,0.075,3,0.05,1347,60,35
45,1,52,0.2,wave,0.075,3,0.05,1318,51,32
45,2,1,0.2,wave,0.075,3,0.05,1294,43,25
45,2,2,0.2,wave,0.075,3,0.05,1264,43,26
45,2,3,0.2,wave,0.075,3,0.05,1243,36,19
45,2,4,0.2,wave,0.075,3,0.05,1221,31,18
45,2,5,0.2,wave,0.075,3,0.05,1215,24,11
45,2,6,0.2,wave,0.075,3,0.05,1185,19,9
45,2,7,0.2,wave,0.075,3,0.05,1184,16,10
45,2,8,0.2,wave,0.075,3,0.05,1169,14,11
45,2,9,0.2,wave,0.075,3,0.05,1153,10,8
45,2,10,0.2,wave,0.075,3,0.05,1135,7,4
45,2,11,0.2,wave,0.075,3,0.05,1124,5,1
45,2,12,0.2,wave,0.075,3,0.05,1108,4,1
45,2,13,0.2,wave,0.075,3,0.05,1101,4,1
45,2,14,0.2,wave,0.075,3,0.05,1091,5,2
45,2,15,0.2,wave,0.075,3,0.05,1079,3,1
45,2,16,0.2,wave,0.075,3,0.05,1069,4,4
45,2,17,0.2,wave,0.075,3,0.05,1066,3,3
45,2,18,0.2,wave,0.075,3,0.05,1057,2,2
45,2,19,0.2,wave,0.075,3,0.05,1053,0,0
45,2,20,0.2,wave,0.075,3,0.05,1591,0,0
45,2,21,0.2,wave,0.075,3,0.05,1597,0,0
45,2,22,0.2,wave,0.075,3,0.05,1572,0,0
45,2,23,0.2,wave,0.075,3,0.05,1572,0,0
45,2,24,0.2,wave,0.075,3,0.05,1553,0,0
45,2,25,0.2,wave,0.075,3,0.05,1565,0,0
45,2,26,0.2,wave,0.075,3,0.05,1534,0,0
45,2,27,0.2,wave,0.075,3,0.05,1521,0,0
45,2,28,0.2,wave,0.075,3,0.05,1486,0,0
45,2,29,0.2,wave,0.075,3,0.05,1481,0,0
45,2,30,0.2,wave,0.075,3,0.05,1465,0,0
45,2,31,0.2,wave,0.075,3,0.05,1457,0,0
45,2,32,0.2,wave,0.075,3,0.05,1461,0,0
45,2,33,0.2,wave,0.075,3,0.05,1433,0,0
45,2,34,0.2,wave,0.075,3,0.05,1434,0,0
45,2,35,0.2,wave,0.075,3,0.05,1420,0,0
45,2,36,0.2,wave,0.075,3,0.05,1420,0,0
45,2,37,0.2,wave,0.075,3,0.05,1404,0,0
45,2,38,0.2,wave,0.075,3,0.05,1390,0,0
45,2,39,0.2,wave,0.075,3,0.05,1359,0,0
45,2,40,0.2,wave,0.075,3,0.05,1337,0,0
45,2,41,0.2,wave,0.075,3,0.05,1337,0,0
45,2,42,0.2,wave,0.075,3,0.05,1308,0,0
45,2,43,0.2,wave,0.075,3,0.05,1305,0,0
45,2,44,0.2,wave,0.075,3,0.05,1278,0,0
45,2,45,0.2,wave,0.075,3,0.05,1242,0,0
45,2,46,0.2,wave,0.075,3,0.05,1236,0,0
45,2,47,0.2,wave,0.075,3,0.05,1224,0,0
45,2,48,0.2,wave,0.075,3,0.05,1219,0,0
45,2,49,0.2,wave,0.075,3,0.05,1185,0,0
45,2,50,0.2,wave,0.075,3,0.05,1186,0,0
45,2,51,0.2,wave,0.075,3,0.05,1167,0,0
45,2,52,0.2,wave,0.075,3,0.05,1161,0,0
45,3,1,0.2,wave,0.075,3,0.05,1135,0,0
45,3,2,0.2,wave,0.075,3,0.05,1137,0,0
45,3,3,0.2,wave,0.075,3,0.05,1092,0,0
45,3,4,0.2,wave,0.075,3,0.05,1090,0,0
45,3,5,0.2,wave,0.075,3,0.05,1084,0,0
45,3,6,0.2,wave,0.075,3,0.05,1072,0,0
45,3,7,0.2,wave,0.075,3,0.05,1059,0,0
45,3,8,0.2,wave,0.075,3,0.05,1054,0,0
45,3,9,0.2,wave,0.075,3,0.05,1038,0,0
45,3,10,0.2,wave,0.075,3,0.05,1030,0,0
45,3,11,0.2,wave,0.075,3,0.05,1030,0,0
45,3,12,0.2,wave,0.075,3,0.05,1021,0,0
45,3,13,0.2,wave,0.075,3,0.05,1021,0,0
45,3,14,0.2,wave,0.075,3,0.05,992,0,0
45,3,15,0.2,wave,0.075,3,0.05,994,0,0
45,3,16,0.2,wave,0.075,3,0.05,970,0,0
45,3,17,0.2,wave,0.075,3,0.05,984,0,0
45,3,18,0.2,wave,0.075,3,0.05,959,0,0
45,3,19,0.2,wave,0.075,3,0.05,967,0,0
45,3,20,0.2,wave,0.075,3,0.05,1448,0,0
45,3,21,0.2,wave,0.075,3,0.05,1452,0,0
45,3,22,0.2,wave,0.075,3,0.05,1416,0,0
45,3,23,0.2,wave,0.075,3,0.05,1397,0,0
45,3,24,0.2,wave,0.075,3,0.05,1367,0,0
45,3,25,0.2,wave,0.075,3,0.05,1354,0,0
45,3,26,0.2,wave,0.075,3,0.05,1343,0,0
45,3,27,0.2,wave,0.075,3,0.05,1314,0,0
45,3,28,0.2,wave,0.075,3,0.05,1272,0,0
45,3,29,0.2,wave,0.075,3,0.05,1264,0,0
45,3,30,0.2,wave,0.075,3,0.05,1223,0,0
45,3,31,0.2,wave,0.075,3,0.05,1186,0,0
45,3,32,0.2,wave,0.075,3,0.05,1183,0,0
45,3,33,0.2,wave,0.075,3,0.05,1162,0,0
45,3,34,0.2,wave,0.075,3,0.05,1150,0,0
45,3,35,0.2,wave,0.075,3,0.05,1110,0,0
45,3,36,0.2,wave,0.075,3,0.05,1091,0,0
45,3,37,0.2,wave,0.075,3,0.05,1088,0,0
45,3,38,0.2,wave,0.075,3,0.05,1075,0,0
45,3,39,0.2,wave,0.075,3,0.05,1073,0,0
45,3,40,0.2,wave,0.075,3,0.05,1039,0,0
45,3,41,0.2,wave,0.075,3,0.05,1012,0,0
45,3,42,0.2,wave,0.075,3,0.05,1010,0,0
45,3,43,0.2,wave,0.075,3,0.05,991,0,0
45,3,44,0.2,wave,0.075,3,0.05,993,0,0
45,3,45,0.2,wave,0.075,3,0.05,975,0,0
45,3,46,0.2,wave,0.075,3,0.05,956,0,0
45,3,47,0.2,wave,0.075,3,0.05,946,0,0
45,3,48,0.2,wave,0.075,3,0.05,938,0,0
45,3,49,0.2,wave,0.075,3,0.05,926,0,0
45,3,50,0.2,wave,0.075,3,0.05,915,0,0
45,3,51,0.2,wave,0.075,3,0.05,897,0,0
45,3,52,0.2,wave,0.075,3,0.05,899,0,0
45,4,1,0.2,wave,0.075,3,0.05,874,0,0
45,4,2,0.2,wave,0.075,3,0.05,869,0,0
45,4,3,0.2,wave,0.075,3,0.05,853,0,0
45,4,4,0.2,wave,0.075,3,0.05,848,0,0
45,4,5,0.2,wave,0.075,3,0.05,835,0,0
45,4,6,0.2,wave,0.075,3,0.05,838,0,0
45,4,7,0.2,wave,0.075,3,0.05,810,0,0
45,4,8,0.2,wave,0.075,3,0.05,824,0,0
45,4,9,0.2,wave,0.075,3,0.05,795,0,0
45,4,10,0.2,wave,0.075,3,0.05,813,0,0
45,4,11,0.2,wave,0.075,3,0.05,789,0,0
45,4,12,0.2,wave,0.075,3,0.05,796,0,0
45,4,13,0.2,wave,0.075,3,0.05,791,0,0
45,4,14,0.2,wave,0.075,3,0.05,794,0,0
45,4,15,0.2,wave,0.075,3,0.05,786,0,0
45,4,16,0.2,wave,0.075,3,0.05,788,0,0
45,4,17,0.2,wave,0.075,3,0.05,782,0,0
45,4,18,0.2,wave,0.075,3,0.05,781,0,0
45,4,19,0.2,wave,0.075,3,0.05,773,0,0
45,4,20,0.2,wave,0.075,3,0.05,1202,0,0
45,4,21,0.2,wave,0.075,3,0.05,1187,0,0
45,4,22,0.2,wave,0.075,3,0.05,1159,0,0
45,4,23,0.2,wave,0.075,3,0.05,1114,0,0
45,4,24,0.2,wave,0.075,3,0.05,1130,0,0
45,4,25,0.2,wave,0.075,3,0.05,1086,0,0
45,4,26,0.2,wave,0.075,3,0.05,1074,0,0
45,4,27,0.2,wave,0.075,3,0.05,1044,0,0
45,4,28,0.2,wave,0.075,3,0.05,1033,0,0
45,4,29,0.2,wave,0.075,3,0.05,1006,0,0
45,4,30,0.2,wave,0.075,3,0.05,998,0,0
45,4,31,0.2,wave,0.075,3,0.05,987,0,0
45,4,32,0.2,wave,0.075,3,0.05,937,0,0
45,4,33,0.2,wave,0.075,3,0.05,926,0,0
45,4,34,0.2,wave,0.075,3,0.05,914,0,0
45,4,35,0.2,wave,0.075,3,0.05,879,0,0
45,4,36,0.2,wave,0.075,3,0.05,872,0,0
45,4,37,0.2,wave,0.075,3,0.05,847,0,0
45,4,38,0.2,wave,0.075,3,0.05,832,0,0
45,4,39,0.2,wave,0.075,3,0.05,814,0,0
45,4,40,0.2,wave,0.075,3,0.05,807,0,0
45,4,41,0.2,wave,0.075,3,0.05,786,0,0
45,4,42,0.2,wave,0.075,3,0.05,763,0,0
45,4,43,0.2,wave,0.075,3,0.05,760,0,0
45,4,44,0.2,wave,0.075,3,0.05,744,0,0
45,4,45,0.2,wave,0.075,3,0.05,726,0,0
45,4,46,0.2,wave,0.075,3,0.05,704,0,0
45,4,47,0.2,wave,0.075,3,0.05,693,0,0
45,4,48,0.2,wave,0.075,3,0.05,687,0,0
45,4,49,0.2,wave,0.075,3,0.05,674,0,0
45,4,50,0.2,wave,0.075,3,0.05,664,0,0
45,4,51,0.2,wave,0.075,3,0.05,655,0,0
45,4,52,0.2,wave,0.075,3,0.05,648,0,0
45,5,1,0.2,wave,0.075,3,0.05,636,0,0
45,5,2,0.2,wave,0.075,3,0.05,636,0,0
45,5,3,0.2,wave,0.075,3,0.05,617,0,0
45,5,4,0.2,wave,0.075,3,0.05,616,0,0
45,5,5,0.2,wave,0.075,3,0.05,603,0,0
45,5,6,0.2,wave,0.075,3,0.05,615,0,0
45,5,7,0.2,wave,0.075,3,0.05,589,0,0
45,5,8,0.2,wave,0.075,3,0.05,595,0,0
45,5,9,0.2,wave,0.075,3,0.05,585,0,0
45,5,10,0.2,wave,0.075,3,0.05,582,0,0
45,5,11,0.2,wave,0.075,3,0.05,580,0,0
45,5,12,0.2,wave,0.075,3,0.05,583,0,0
45,5,13,0.2,wave,0.075,3,0.05,578,0,0
45,5,14,0.2,wave,0.075,3,0.05,581,0,0
45,5,15,0.2,wave,0.075,3,0.05,574,0,0
45,5,16,0.2,wave,0.075,3,0.05,575,0,0
45,5,17,0.2,wave,0.075,3,0.05,568,0,0
45,5,18,0.2,wave,0.075,3,0.05,574,0,0
45,5,19,0.2,wave,0.075,3,0.05,552,0,0
45,5,20,0.2,wave,0.075,3,0.05,807,0,0
45,5,21,0.2,wave,0.075,3,0.05,797,0,0
45,5,22,0.2,wave,0.075,3,0.05,791,0,0
45,5,23,0.2,wave,0.075,3,0.05,795,0,0
45,5,24,0.2,wave,0.075,3,0.05,787,0,0
45,5,25,0.2,wave,0.075,3,0.05,776,0,0
45,5,26,0.2,wave,0.075,3,0.05,750,0,0
45,5,27,0.2,wave,0.075,3,0.05,734,0,0
45,5,28,0.2,wave,0.075,3,0.05,720,0,0
45,5,29,0.2,wave,0.075,3,0.05,707,0,0
45,5,30,0.2,wave,0.075,3,0.05,721,0,0
45,5,31,0.2,wave,0.075,3,0.05,696,0,0
45,5,32,0.2,wave,0.075,3,0.05,695,0,0
45,5,33,0.2,wave,0.075,3,0.05,666,0,0
45,5,34,0.2,wave,0.075,3,0.05,682,0,0
45,5,35,0.2,wave,0.075,3,0.05,637,0,0
45,5,36,0.2,wave,0.075,3,0.05,646,0,0
45,5,37,0.2,wave,0.075,3,0.05,630,0,0
45,5,38,0.2,wave,0.075,3,0.05,638,0,0
45,5,39,0.2,wave,0.075,3,0.05,604,0,0
45,5,40,0.2,wave,0.075,3,0.05,601,0,0
45,5,41,0.2,wave,0.075,3,0.05,590,0,0
45,5,42,0.2,wave,0.075,3,0.05,586,0,0
45,5,43,0.2,wave,0.075,3,0.05,581,0,0
45,5,44,0.2,wave,0.075,3,0.05,575,0,0
45,5,45,0.2,wave,0.075,3,0.05,568,0,0
45,5,46,0.2,wave,0.075,3,0.05,571,0,0
45,5,47,0.2,wave,0.075,3,0.05,561,0,0
45,5,48,0.2,wave,0.075,3,0.05,566,0,0
45,5,49,0.2,wave,0.075,3,0.05,544,0,0
45,5,50,0.2,wave,0.075,3,0.05,547,0,0
45,5,51,0.2,wave,0.075,3,0.05,536,0,0
45,5,52,0.2,wave,0.075,3,0.05,540,0,0
45,6,1,0.2,wave,0.075,3,0.05,524,0,0
45,6,2,0.2,wave,0.075,3,0.05,522,0,0
45,6,3,0.2,wave,0.075,3,0.05,515,0,0
45,6,4,0.2,wave,0.075,3,0.05,507,0,0
45,6,5,0.2,wave,0.075,3,0.05,511,0,0
45,6,6,0.2,wave,0.075,3,0.05,506,0,0
45,6,7,0.2,wave,0.075,3,0.05,511,0,0
45,6,8,0.2,wave,0.075,3,0.05,507,0,0
45,6,9,0.2,wave,0.075,3,0.05,508,0,0
45,6,10,0.2,wave,0.075,3,0.05,505,0,0
45,6,11,0.2,wave,0.075,3,0.05,503,0,0
45,6,12,0.2,wave,0.075,3,0.05,501,0,0
45,6,13,0.2,wave,0.075,3,0.05,502,0,0
45,6,14,0.2,wave,0.075,3,0.05,498,0,0
45,6,15,0.2,wave,0.075,3,0.05,500,0,0
45,6,16,0.2,wave,0.075,3,0.05,496,0,0
45,6,17,0.2,wave,0.075,3,0.05,496,0,0
45,6,18,0.2,wave,0.075,3,0.05,492,0,0
45,6,19,0.2,wave,0.075,3,0.05,490,0,0
45,6,20,0.2,wave,0.075,3,0.05,719,0,0
45,6,21,0.2,wave,0.075,3,0.05,722,0,0
45,6,22,0.2,wave,0.075,3,0.05,728,0,0
45,6,23,0.2,wave,0.075,3,0.05,726,0,0
45,6,24,0.2,wave,0.075,3,0.05,709,0,0
45,6,25,0.2,wave,0.075,3,0.05,706,0,0
45,6,26,0.2,wave,0.075,3,0.05,695,0,0
45,6,27,0.2,wave,0.075,3,0.05,694,0,0
45,6,28,0.2,wave,0.075,3,0.05,676,0,0
45,6,29,0.2,wave,0.075,3,0.05,681,0,0
45,6,30,0.2,wave,0.075,3,0.05,668,0,0
45,6,31,0.2,wave,0.075,3,0.05,651,0,0
45,6,32,0.2,wave,0.075,3,0.05,664,0,0
45,6,33,0.2,wave,0.075,3,0.05,654,0,0
45,6,34,0.2,wave,0.075,3,0.05,665,0,0
45,6,35,0.2,wave,0.075,3,0.05,642,0,0
45,6,36,0.2,wave,0.075,3,0.05,640,0,0
45,6,37,0.2,wave,0.075,3,0.05,622,0,0
45,6,38,0.2,wave,0.075,3,0.05,629,0,0
45,6,39,0.2,wave,0.075,3,0.05,612,0,0
45,6,40,0.2,wave,0.075,3,0.05,606,0,0
45,6,41,0.2,wave,0.075,3,0.05,602,0,0
45,6,42,0.2,wave,0.075,3,0.05,602,0,0
45,6,43,0.2,wave,0.075,3,0.05,591,0,0
45,6,44,0.2,wave,0.075,3,0.05,590,0,0
45,6,45,0.2,wave,0.075,3,0.05,581,0,0
45,6,46,0.2,wave,0.075,3,0.05,585,0,0
45,6,47,0.2,wave,0.075,3,0.05,570,0,0
45,6,48,0.2,wave,0.075,3,0.05,580,0,0
45,6,49,0.2,wave,0.075,3,0.05,565,0,0
45,6,50,0.2,wave,0.075,3,0.05,570,0,0
45,6,51,0.2,wave,0.075,3,0.05,559,0,0
45,6,52,0.2,wave,0.075,3,0.05,559,0,0
45,7,1,0.2,wave,0.075,3,0.05,548,0,0
45,7,2,0.2,wave,0.075,3,0.05,555,0,0
45,7,3,0.2,wave,0.075,3,0.05,546,0,0
45,7,4,0.2,wave,0.075,3,0.05,551,0,0
45,7,5,0.2,wave,0.075,3,0.05,544,0,0
45,7,6,0.2,wave,0.075,3,0.05,550,0,0
45,7,7,0.2,wave,0.075,3,0.05,542,0,0
45,7,8,0.2,wave,0.075,3,0.05,537,0,0
45,7,9,0.2,wave,0.075,3,0.05,537,0,0
45,7,10,0.2,wave,0.075,3,0.05,538,0,0
45,7,11,0.2,wave,0.075,3,0.05,534,0,0
45,7,12,0.2,wave,0.075,3,0.05,534,0,0
45,7,13,0.2,wave,0.075,3,0.05,534,0,0
45,7,14,0.2,wave,0.075,3,0.05,534,0,0
45,7,15,0.2,wave,0.075,3,0.05,533,0,0
45,7,16,0.2,wave,0.075,3,0.05,531,0,0
45,7,17,0.2,wave,0.075,3,0.05,530,0,0
45,7,18,0.2,wave,0.075,3,0.05,531,0,0
45,7,19,0.2,wave,0.075,3,0.05,528,0,0
45,7,20,0.2,wave,0.075,3,0.05,797,0,0
45,7,21,0.2,wave,0.075,3,0.05,775,0,0
45,7,22,0.2,wave,0.075,3,0.05,764,0,0
45,7,23,0.2,wave,0.075,3,0.05,754,0,0
45,7,24,0.2,wave,0.075,3,0.05,729,0,0
45,7,25,0.2,wave,0.075,3,0.05,711,0,0
45,7,26,0.2,wave,0.075,3,0.05,692,0,0
45,7,27,0.2,wave,0.075,3,0.05,663,0,0
45,7,28,0.2,wave,0.075,3,0.05,669,0,0
45,7,29,0.2,wave,0.075,3,0.05,661,0,0
45,7,30,0.2,wave,0.075,3,0.05,653,0,0
45,7,31,0.2,wave,0.075,3,0.05,637,0,0
45,7,32,0.2,wave,0.075,3,0.05,626,0,0
45,7,33,0.2,wave,0.075,3,0.05,604,0,0
45,7,34,0.2,wave,0.075,3,0.05,606,0,0
45,7,35,0.2,wave,0.075,3,0.05,581,0,0
45,7,36,0.2,wave,0.075,3,0.05,589,0,0
45,7,37,0.2,wave,0.075,3,0.05,562,0,0
45,7,38,0.2,wave,0.075,3,0.05,559,0,0
45,7,39,0.2,wave,0.075,3,0.05,554,0,0
45,7,40,0.2,wave,0.075,3,0.05,541,0,0
45,7,41,0.2,wave,0.075,3,0.05,539,0,0
45,7,42,0.2,wave,0.075,3,0.05,540,0,0
45,7,43,0.2,wave,0.075,3,0.05,533,0,0
45,7,44,0.2,wave,0.075,3,0.05,536,0,0
45,7,45,0.2,wave,0.075,3,0.05,528,0,0
45,7,46,0.2,wave,0.075,3,0.05,532,0,0
45,7,47,0.2,wave,0.075,3,0.05,530,0,0
45,7,48,0.2,wave,0.075,3,0.05,530,0,0
45,7,49,0.2,wave,0.075,3,0.05,525,0,0
45,7,50,0.2,wave,0.075,3,0.05,525,0,0
45,7,51,0.2,wave,0.075,3,0.05,518,0,0
45,7,52,0.2,wave,0.075,3,0.05,519,0,0
45,8,1,0.2,wave,0.075,3,0.05,502,0,0
45,8,2,0.2,wave,0.075,3,0.05,507,0,0
45,8,3,0.2,wave,0.075,3,0.05,508,0,0
45,8,4,0.2,wave,0.075,3,0.05,504,0,0
45,8,5,0.2,wave,0.075,3,0.05,503,0,0
45,8,6,0.2,wave,0.075,3,0.05,503,0,0
45,8,7,0.2,wave,0.075,3,0.05,501,0,0
45,8,8,0.2,wave,0.075,3,0.05,503,0,0
45,8,9,0.2,wave,0.075,3,0.05,497,0,0
45,8,10,0.2,wave,0.075,3,0.05,489,0,0
45,8,11,0.2,wave,0.075,3,0.05,467,0,0
45,8,12,0.2,wave,0.075,3,0.05,479,0,0
45,8,13,0.2,wave,0.075,3,0.05,466,0,0
45,8,14,0.2,wave,0.075,3,0.05,475,0,0
45,8,15,0.2,wave,0.075,3,0.05,466,0,0
45,8,16,0.2,wave,0.075,3,0.05,475,0,0
45,8,17,0.2,wave,0.075,3,0.05,464,0,0
45,8,18,0.2,wave,0.075,3,0.05,465,0,0
45,8,19,0.2,wave,0.075,3,0.05,465,0,0
45,8,20,0.2,wave,0.075,3,0.05,720,0,0
45,8,21,0.2,wave,0.075,3,0.05,698,0,0
45,8,22,0.2,wave,0.075,3,0.05,699,0,0
45,8,23,0.2,wave,0.075,3,0.05,684,0,0
45,8,24,0.2,wave,0.075,3,0.05,688,0,0
45,8,25,0.2,wave,0.075,3,0.05,663,0,0
45,8,26,0.2,wave,0.075,3,0.05,656,0,0
45,8,27,0.2,wave,0.075,3,0.05,650,0,0
45,8,28,0.2,wave,0.075,3,0.05,642,0,0
45,8,29,0.2,wave,0.075,3,0.05,608,0,0
45,8,30,0.2,wave,0.075,3,0.05,611,0,0
45,8,31,0.2,wave,0.075,3,0.05,610,0,0
45,8,32,0.2,wave,0.075,3,0.05,593,0,0
45,8,33,0.2,wave,0.075,3,0.05,594,0,0
45,8,34,0.2,wave,0.075,3,0.05,580,0,0
45,8,35,0.2,wave,0.075,3,0.05,578,0,0
45,8,36,0.2,wave,0.075,3,0.05,576,0,0
45,8,37,0.2,wave,0.075,3,0.05,573,0,0
45,8,38,0.2,wave,0.075,3,0.05,544,0,0
45,8,39,0.2,wave,0.075,3,0.05,532,0,0
45,8,40,0.2,wave,0.075,3,0.05,531,0,0
45,8,41,0.2,wave,0.075,3,0.05,529,0,0
45,8,42,0.2,wave,0.075,3,0.05,526,0,0
45,8,43,0.2,wave,0.075,3,0.05,531,0,0
45,8,44,0.2,wave,0.075,3,0.05,522,0,0
45,8,45,0.2,wave,0.075,3,0.05,523,0,0
45,8,46,0.2,wave,0.075,3,0.05,517,0,0
45,8,47,0.2,wave,0.075,3,0.05,523,0,0
45,8,48,0.2,wave,0.075,3,0.05,516,0,0
45,8,49,0.2,wave,0.075,3,0.05,518,0,0
45,8,50,0.2,wave,0.075,3,0.05,518,0,0
45,8,51,0.2,wave,0.075,3,0.05,519,0,0
45,8,52,0.2,wave,0.075,3,0.05,520,0,0
45,9,1,0.2,wave,0.075,3,0.05,520,0,0
45,9,2,0.2,wave,0.075,3,0.05,520,0,0
45,9,3,0.2,wave,0.075,3,0.05,521,0,0
45,9,4,0.2,wave,0.075,3,0.05,517,0,0
45,9,5,0.2,wave,0.075,3,0.05,518,0,0
45,9,6,0.2,wave,0.075,3,0.05,514,0,0
45,9,7,0.2,wave,0.075,3,0.05,521,0,0
45,9,8,0.2,wave,0.075,3,0.05,515,0,0
45,9,9,0.2,wave,0.075,3,0.05,520,0,0
45,9,10,0.2,wave,0.075,3,0.05,512,0,0
45,9,11,0.2,wave,0.075,3,0.05,518,0,0
45,9,12,0.2,wave,0.075,3,0.05,513,0,0
45,9,13,0.2,wave,0.075,3,0.05,516,0,0
45,9,14,0.2,wave,0.075,3,0.05,514,0,0
45,9,15,0.2,wave,0.075,3,0.05,517,0,0
45,9,16,0.2,wave,0.075,3,0.05,514,0,0
45,9,17,0.2,wave,0.075,3,0.05,515,0,0
45,9,18,0.2,wave,0.075,3,0.05,511,0,0
45,9,19,0.2,wave,0.075,3,0.05,513,0,0
45,9,20,0.2,wave,0.075,3,0.05,696,0,0
45,9,21,0.2,wave,0.075,3,0.05,696,0,0
45,9,22,0.2,wave,0.075,3,0.05,681,0,0
45,9,23,0.2,wave,0.075,3,0.05,673,0,0
45,9,24,0.2,wave,0.075,3,0.05,678,0,0
45,9,25,0.2,wave,0.075,3,0.05,664,0,0
45,9,26,0.2,wave,0.075,3,0.05,670,0,0
45,9,27,0.2,wave,0.075,3,0.05,650,0,0
45,9,28,0.2,wave,0.075,3,0.05,652,0,0
45,9,29,0.2,wave,0.075,3,0.05,639,0,0
45,9,30,0.2,wave,0.075,3,0.05,642,0,0
45,9,31,0.2,wave,0.075,3,0.05,591,0,0
45,9,32,0.2,wave,0.075,3,0.05,597,0,0
45,9,33,0.2,wave,0.075,3,0.05,599,0,0
45,9,34,0.2,wave,0.075,3,0.05,584,0,0
45,9,35,0.2,wave,0.075,3,0.05,588,0,0
45,9,36,0.2,wave,0.075,3,0.05,587,0,0
45,9,37,0.2,wave,0.075,3,0.05,562,0,0
45,9,38,0.2,wave,0.075,3,0.05,556,0,0
45,9,39,0.2,wave,0.075,3,0.05,564,0,0
45,9,40,0.2,wave,0.075,3,0.05,557,0,0
45,9,41,0.2,wave,0.075,3,0.05,558,0,0
45,9,42,0.2,wave,0.075,3,0.05,562,0,0
45,9,43,0.2,wave,0.075,3,0.05,564,0,0
45,9,44,0.2,wave,0.075,3,0.05,562,0,0
45,9,45,0.2,wave,0.075,3,0.05,558,0,0
45,9,46,0.2,wave,0.075,3,0.05,562,0,0
45,9,47,0.2,wave,0.075,3,0.05,556,0,0
45,9,48,0.2,wave,0.075,3,0.05,562,0,0
45,9,49,0.2,wave,0.075,3,0.05,559,0,0
45,9,50,0.2,wave,0.075,3,0.05,559,0,0
45,9,51,0.2,wave,0.075,3,0.05,555,0,0
45,9,52,0.2,wave,0.075,3,0.05,560,0,0
45,10,1,0.2,wave,0.075,3,0.05,550,0,0
45,10,2,0.2,wave,0.075,3,0.05,549,0,0
45,10,3,0.2,wave,0.075,3,0.05,547,0,0
45,10,4,0.2,wave,0.075,3,0.05,548,0,0
45,10,5,0.2,wave,0.075,3,0.05,545,0,0
45,10,6,0.2,wave,0.075,3,0.05,546,0,0
45,10,7,0.2,wave,0.075,3,0.05,545,0,0
45,10,8,0.2,wave,0.075,3,0.05,544,0,0
45,10,9,0.2,wave,0.075,3,0.05,545,0,0
45,10,10,0.2,wave,0.075,3,0.05,544,0,0
45,10,11,0.2,wave,0.075,3,0.05,543,0,0
45,10,12,0.2,wave,0.075,3,0.05,543,0,0
45,10,13,0.2,wave,0.075,3,0.05,542,0,0
45,10,14,0.2,wave,0.075,3,0.05,545,0,0
45,10,15,0.2,wave,0.075,3,0.05,541,0,0
45,10,16,0.2,wave,0.075,3,0.05,543,0,0
45,10,17,0.2,wave,0.075,3,0.05,541,0,0
45,10,18,0.2,wave,0.075,3,0.05,545,0,0
45,10,19,0.2,wave,0.075,3,0.05,541,0,0
45,10,20,0.2,wave,0.075,3,0.05,715,0,0
45,10,21,0.2,wave,0.075,3,0.05,716,0,0
45,10,22,0.2,wave,0.075,3,0.05,717,0,0
45,10,23,0.2,wave,0.075,3,0.05,703,0,0
45,10,24,0.2,wave,0.075,3,0.05,694,0,0
45,10,25,0.2,wave,0.075,3,0.05,694,0,0
45,10,26,0.2,wave,0.075,3,0.05,670,0,0
45,10,27,0.2,wave,0.075,3,0.05,661,0,0
45,10,28,0.2,wave,0.075,3,0.05,661,0,0
45,10,29,0.2,wave,0.075,3,0.05,630,0,0
45,10,30,0.2,wave,0.075,3,0.05,634,0,0
45,10,31,0.2,wave,0.075,3,0.05,608,0,0
45,10,32,0.2,wave,0.075,3,0.05,623,0,0
45,10,33,0.2,wave,0.075,3,0.05,613,0,0
45,10,34,0.2,wave,0.075,3,0.05,623,0,0
45,10,35,0.2,wave,0.075,3,0.05,596,0,0
45,10,36,0.2,wave,0.075,3,0.05,606,0,0
45,10,37,0.2,wave,0.075,3,0.05,597,0,0
45,10,38,0.2,wave,0.075,3,0.05,603,0,0
45,10,39,0.2,wave,0.075,3,0.05,600,0,0
45,10,40,0.2,wave,0.075,3,0.05,591,0,0
45,10,41,0.2,wave,0.075,3,0.05,588,0,0
45,10,42,0.2,wave,0.075,3,0.05,589,0,0
45,10,43,0.2,wave,0.075,3,0.05,585,0,0
45,10,44,0.2,wave,0.075,3,0.05,587,0,0
45,10,45,0.2,wave,0.075,3,0.05,583,0,0
45,10,46,0.2,wave,0.075,3,0.05,587,0,0
45,10,47,0.2,wave,0.075,3,0.05,582,0,0
45,10,48,0.2,wave,0.075,3,0.05,583,0,0
45,10,49,0.2,wave,0.075,3,0.05,580,0,0
45,10,50,0.2,wave,0.075,3,0.05,583,0,0
45,10,51,0.2,wave,0.075,3,0.05,579,0,0
45,10,52,0.2,wave,0.075,3,0.05,578,0,0
46,1,1,0.2,wave,0.075,3,0.02277777777777778,6497,65,7
46,1,2,0.2,wave,0.075,3,0.02277777777777778,6384,68,24
46,1,3,0.2,wave,0.075,3,0.02277777777777778,6229,105,44
46,1,4,0.2,wave,0.075,3,0.02277777777777778,6055,154,54
46,1,5,0.2,wave,0.075,3,0.02277777777777778,5934,184,54
46,1,6,0.2,wave,0.075,3,0.02277777777777778,5693,230,66
46,1,7,0.2,wave,0.075,3,0.02277777777777778,5528,282,91
46,1,8,0.2,wave,0.075,3,0.02277777777777778,5313,335,120
46,1,9,0.2,wave,0.075,3,0.02277777777777778,5121,386,143
46,1,10,0.2,wave,0.075,3,0.02277777777777778,4867,423,180
46,1,11,0.2,wave,0.075,3,0.02277777777777778,4682,499,187
46,1,12,0.2,wave,0.075,3,0.02277777777777778,4463,498,200
46,1,13,0.2,wave,0.075,3,0.02277777777777778,4254,510,207
46,1,14,0.2,wave,0.075,3,0.02277777777777778,4088,550,257
46,1,15,0.2,wave,0.075,3,0.02277777777777778,3943,558,250
46,1,16,0.2,wave,0.075,3,0.02277777777777778,3800,587,260
46,1,17,0.2,wave,0.075,3,0.02277777777777778,3607,581,258
46,1,18,0.2,wave,0.075,3,0.02277777777777778,3514,619,301
46,1,19,0.2,wave,0.075,3,0.02277777777777778,3364,612,304
46,1,20,0.2,wave,0.075,3,0.02277777777777778,4903,587,303
46,1,21,0.2,wave,0.075,3,0.02277777777777778,4500,626,281
46,1,22,0.2,wave,0.075,3,0.02277777777777778,4382,676,277
46,1,23,0.2,wave,0.075,3,0.02277777777777778,4181,690,285
46,1,24,0.2,wave,0.075,3,0.02277777777777778,4006,712,320
46,1,25,0.2,wave,0.075,3,0.02277777777777778,3864,751,343
46,1,26,0.2,wave,0.075,3,0.02277777777777778,3710,768,350
46,1,27,0.2,wave,0.075,3,0.02277777777777778,3501,733,346
46,1,28,0.2,wave,0.075,3,0.02277777777777778,3291,720,345
46,1,29,0.2,wave,0.075,3,0.02277777777777778,3099,686,335
46,1,30,0.2,wave,0.075,3,0.02277777777777778,2914,626,307
46,1,31,0.2,wave,0.075,3,0.02277777777777778,2764,575,287
46,1,32,0.2,wave,0.075,3,0.02277777777777778,2619,544,287
46,1,33,0.2,wave,0.075,3,0.02277777777777778,2427,502,251
46,1,34,0.2,wave,0.075,3,0.02277777777777778,2325,480,246
46,1,35,0.2,wave,0.075,3,0.02277777777777778,2167,427,212
46,1,36,0.2,wave,0.075,3,0.02277777777777778,2065,381,195
46,1,37,0.2,wave,0.075,3,0.02277777777777778,1967,355,189
46,1,38,0.2,wave,0.075,3,0.02277777777777778,1881,323,167
46,1,39,0.2,wave,0.075,3,0.02277777777777778,1776,296,162
46,1,40,0.2,wave,0.075,3,0.02277777777777778,1715,253,145
46,1,41,0.2,wave,0.075,3,0.02277777777777778,1632,227,124
46,1,42,0.2,wave,0.075,3,0.02277777777777778,1545,182,101
46,1,43,0.2,wave,0.075,3,0.02277777777777778,1490,158,90
46,1,44,0.2,wave,0.075,3,0.02277777777777778,1455,155,85
46,1,45,0.2,wave,0.075,3,0.02277777777777778,1408,140,71
46,1,46,0.2,wave,0.075,3,0.02277777777777778,1372,114,60
46,1,47,0.2,wave,0.075,3,0.02277777777777778,1329,95,58
46,1,48,0.2,wave,0.075,3,0.02277777777777778,1305,82,54
46,1,49,0.2,wave,0.075,3,0.02277777777777778,1271,67,46
46,1,50,0.2,wave,0.075,3,0.02277777777777778,1246,55,35
46,1,51,0.2,wave,0.075,3,0.02277777777777778,1221,47,28
46,1,52,0.2,wave,0.075,3,0.02277777777777778,1183,35,18
46,2,1,0.2,wave,0.075,3,0.02277777777777778,1168,28,15
46,2,2,0.2,wave,0.075,3,0.02277777777777778,1142,20,14
46,2,3,0.2,wave,0.075,3,0.02277777777777778,1127,20,13
46,2,4,0.2,wave,0.075,3,0.02277777777777778,1116,20,10
46,2,5,0.2,wave,0.075,3,0.02277777777777778,1102,17,7
46,2,6,0.2,wave,0.075,3,0.02277777777777778,1096,15,5
46,2,7,0.2,wave,0.075,3,0.02277777777777778,1084,14,7
46,2,8,0.2,wave,0.075,3,0.02277777777777778,1084,11,8
46,2,9,0.2,wave,0.075,3,0.02277777777777778,1075,13,10
46,2,10,0.2,wave,0.075,3,0.02277777777777778,1060,10,7
46,2,11,0.2,wave,0.075,3,0.02277777777777778,1043,8,4
46,2,12,0.2,wave,0.075,3,0.02277777777777778,1041,7,3
46,2,13,0.2,wave,0.075,3,0.02277777777777778,1021,6,4
46,2,14,0.2,wave,0.075,3,0.02277777777777778,1019,7,3
46,2,15,0.2,wave,0.075,3,0.02277777777777778,1012,6,4
46,2,16,0.2,wave,0.075,3,0.02277777777777778,1010,6,2
46,2,17,0.2,wave,0.075,3,0.02277777777777778,1003,6,2
46,2,18,0.2,wave,0.075,3,0.02277777777777778,1001,5,1
46,2,19,0.2,wave,0.075,3,0.02277777777777778,984,5,2
46,2,20,0.2,wave,0.075,3,0.02277777777777778,1407,5,3
46,2,21,0.2,wave,0.075,3,0.02277777777777778,1396,6,2
46,2,22,0.2,wave,0.075,3,0.02277777777777778,1330,6,3
46,2,23,0.2,wave,0.075,3,0.02277777777777778,1314,4,3
46,2,24,0.2,wave,0.075,3,0.02277777777777778,1302,4,3
46,2,25,0.2,wave,0.075,3,0.02277777777777778,1305,4,2
46,2,26,0.2,wave,0.075,3,0.02277777777777778,1283,3,1
46,2,27,0.2,wave,0.075,3,0.02277777777777778,1283,3,2
46,2,28,0.2,wave,0.075,3,0.02277777777777778,1250,4,3
46,2,29,0.2,wave,0.075,3,0.02277777777777778,1246,4,1
46,2,30,0.2,wave,0.075,3,0.02277777777777778,1222,5,0
46,2,31,0.2,wave,0.075,3,0.02277777777777778,1211,5,1
46,2,32,0.2,wave,0.075,3,0.02277777777777778,1173,2,2
46,2,33,0.2,wave,0.075,3,0.02277777777777778,1155,2,2
46,2,34,0.2,wave,0.075,3,0.02277777777777778,1142,1,1
46,2,35,0.2,wave,0.075,3,0.02277777777777778,1110,0,0
46,2,36,0.2,wave,0.075,3,0.02277777777777778,1115,0,0
46,2,37,0.2,wave,0.075,3,0.02277777777777778,1102,0,0
46,2,38,0.2,wave,0.075,3,0.02277777777777778,1109,0,0
46,2,39,0.2,wave,0.075,3,0.02277777777777778,1098,0,0
46,2,40,0.2,wave,0.075,3,0.02277777777777778,1096,0,0
46,2,41,0.2,wave,0.075,3,0.02277777777777778,1093,0,0
46,2,42,0.2,wave,0.075,3,0.02277777777777778,1089,0,0
46,2,43,0.2,wave,0.075,3,0.02277777777777778,1067,0,0
46,2,44,0.2,wave,0.075,3,0.02277777777777778,1071,0,0
46,2,45,0.2,wave,0.075,3,0.02277777777777778,1040,0,0
46,2,46,0.2,wave,0.075,3,0.02277777777777778,1044,0,0
46,2,47,0.2,wave,0.075,3,0.02277777777777778,1019,0,0
46,2,48,0.2,wave,0.075,3,0.02277777777777778,1026,0,0
46,2,49,0.2,wave,0.075,3,0.02277777777777778,997,0,0
46,2,50,0.2,wave,0.075,3,0.02277777777777778,997,0,0
46,2,51,0.2,wave,0.075,3,0.02277777777777778,978,0,0
46,2,52,0.2,wave,0.075,3,0.02277777777777778,978,0,0
46,3,1,0.2,wave,0.075,3,0.02277777777777778,958,0,0
46,3,2,0.2,wave,0.075,3,0.02277777777777778,963,0,0
46,3,3,0.2,wave,0.075,3,0.02277777777777778,941,0,0
46,3,4,0.2,wave,0.075,3,0.02277777777777778,957,0,0
46,3,5,0.2,wave,0.075,3,0.02277777777777778,938,0,0
46,3,6,0.2,wave,0.075,3,0.02277777777777778,929,0,0
46,3,7,0.2,wave,0.075,3,0.02277777777777778,904,0,0
46,3,8,0.2,wave,0.075,3,0.02277777777777778,916,0,0
46,3,9,0.2,wave,0.075,3,0.02277777777777778,891,0,0
46,3,10,0.2,wave,0.075,3,0.02277777777777778,896,0,0
46,3,11,0.2,wave,0.075,3,0.02277777777777778,883,0,0
46,3,12,0.2,wave,0.075,3,0.02277777777777778,893,0,0
46,3,13,0.2,wave,0.075,3,0.02277777777777778,877,0,0
46,3,14,0.2,wave,0.075,3,0.02277777777777778,886,0,0
46,3,15,0.2,wave,0.075,3,0.02277777777777778,870,0,0
46,3,16,0.2,wave,0.075,3,0.02277777777777778,875,0,0
46,3,17,0.2,wave,0.075,3,0.02277777777777778,861,0,0
46,3,18,0.2,wave,0.075,3,0.02277777777777778,868,0,0
46,3,19,0.2,wave,0.075,3,0.02277777777777778,857,0,0
46,3,20,0.2,wave,0.075,3,0.02277777777777778,1289,0,0
46,3,21,0.2,wave,0.075,3,0.02277777777777778,1262,0,0
46,3,22,0.2,wave,0.075,3,0.02277777777777778,1239,0,0
46,3,23,0.2,wave,0.075,3,0.02277777777777778,1210,0,0
46,3,24,0.2,wave,0.075,3,0.02277777777777778,1187,0,0
46,3,25,0.2,wave,0.075,3,0.02277777777777778,1188,0,0
46,3,26,0.2,wave,0.075,3,0.02277777777777778,1185,0,0
46,3,27,0.2,wave,0.075,3,0.02277777777777778,1169,0,0
46,3,28,0.2,wave,0.075,3,0.02277777777777778,1167,0,0
46,3,29,0.2,wave,0.075,3,0.02277777777777778,1168,1,1
46,3,30,0.2,wave,0.075,3,0.02277777777777778,1139,1,1
46,3,31,0.2,wave,0.075,3,0.02277777777777778,1126,1,1
46,3,32,0.2,wave,0.075,3,0.02277777777777778,1114,0,0
46,3,33,0.2,wave,0.075,3,0.02277777777777778,1103,0,0
46,3,34,0.2,wave,0.075,3,0.02277777777777778,1089,0,0
46,3,35,0.2,wave,0.075,3,0.02277777777777778,1095,0,0
46,3,36,0.2,wave,0.075,3,0.02277777777777778,1071,0,0
46,3,37,0.2,wave,0.075,3,0.02277777777777778,1055,0,0
46,3,38,0.2,wave,0.075,3,0.02277777777777778,1053,0,0
46,3,39,0.2,wave,0.075,3,0.02277777777777778,1023,0,0
46,3,40,0.2,wave,0.075,3,0.02277777777777778,1032,0,0
46,3,41,0.2,wave,0.075,3,0.02277777777777778,996,0,0
46,3,42,0.2,wave,0.075,3,0.02277777777777778,994,0,0
46,3,43,0.2,wave,0.075,3,0.02277777777777778,973,0,0
46,3,44,0.2,wave,0.075,3,0.02277777777777778,980,0,0
46,3,45,0.2,wave,0.075,3,0.02277777777777778,956,0,0
46,3,46,0.2,wave,0.075,3,0.02277777777777778,963,0,0
46,3,47,0.2,wave,0.075,3,0.02277777777777778,933,0,0
46,3,48,0.2,wave,0.075,3,0.02277777777777778,940,0,0
46,3,49,0.2,wave,0.075,3,0.02277777777777778,900,0,0
46,3,50,0.2,wave,0.075,3,0.02277777777777778,911,0,0
46,3,51,0.2,wave,0.075,3,0.02277777777777778,893,0,0
46,3,52,0.2,wave,0.075,3,0.02277777777777778,894,0,0
46,4,1,0.2,wave,0.075,3,0.02277777777777778,867,0,0
46,4,2,0.2,wave,0.075,3,0.02277777777777778,857,0,0
46,4,3,0.2,wave,0.075,3,0.02277777777777778,850,0,0
46,4,4,0.2,wave,0.075,3,0.02277777777777778,846,0,0
46,4,5,0.2,wave,0.075,3,0.02277777777777778,835,0,0
46,4,6,0.2,wave,0.075,3,0.02277777777777778,838,0,0
46,4,7,0.2,wave,0.075,3,0.02277777777777778,827,0,0
46,4,8,0.2,wave,0.075,3,0.02277777777777778,825,0,0
46,4,9,0.2,wave,0.075,3,0.02277777777777778,817,0,0
46,4,10,0.2,wave,0.075,3,0.02277777777777778,817,0,0
46,4,11,0.2,wave,0.075,3,0.02277777777777778,813,0,0
46,4,12,0.2,wave,0.075,3,0.02277777777777778,810,0,0
46,4,13,0.2,wave,0.075,3,0.02277777777777778,805,0,0
46,4,14,0.2,wave,0.075,3,0.02277777777777778,804,0,0
46,4,15,0.2,wave,0.075,3,0.02277777777777778,800,0,0
46,4,16,0.2,wave,0.075,3,0.02277777777777778,801,0,0
46,4,17,0.2,wave,0.075,3,0.02277777777777778,795,0,0
46,4,18,0.2,wave,0.075,3,0.02277777777777778,800,0,0
46,4,19,0.2,wave,0.075,3,0.02277777777777778,793,0,0
46,4,20,0.2,wave,0.075,3,0.02277777777777778,1177,0,0
46,4,21,0.2,wave,0.075,3,0.02277777777777778,1141,0,0
46,4,22,0.2,wave,0.075,3,0.02277777777777778,1148,0,0
46,4,23,0.2,wave,0.075,3,0.02277777777777778,1106,0,0
46,4,24,0.2,wave,0.075,3,0.02277777777777778,1079,0,0
46,4,25,0.2,wave,0.075,3,0.02277777777777778,1046,0,0
46,4,26,0.2,wave,0.075,3,0.02277777777777778,1058,0,0
46,4,27,0.2,wave,0.075,3,0.02277777777777778,1017,0,0
46,4,28,0.2,wave,0.075,3,0.02277777777777778,996,0,0
46,4,29,0.2,wave,0.075,3,0.02277777777777778,978,0,0
46,4,30,0.2,wave,0.075,3,0.02277777777777778,953,0,0
46,4,31,0.2,wave,0.075,3,0.02277777777777778,942,0,0
46,4,32,0.2,wave,0.075,3,0.02277777777777778,943,0,0
46,4,33,0.2,wave,0.075,3,0.02277777777777778,923,0,0
46,4,34,0.2,wave,0.075,3,0.02277777777777778,920,0,0
46,4,35,0.2,wave,0.075,3,0.02277777777777778,914,0,0
46,4,36,0.2,wave,0.075,3,0.02277777777777778,907,0,0
46,4,37,0.2,wave,0.075,3,0.02277777777777778,893,0,0
46,4,38,0.2,wave,0.075,3,0.02277777777777778,886,0,0
46,4,39,0.2,wave,0.075,3,0.02277777777777778,861,0,0
46,4,40,0.2,wave,0.075,3,0.02277777777777778,851,0,0
46,4,41,0.2,wave,0.075,3,0.02277777777777778,836,0,0
46,4,42,0.2,wave,0.075,3,0.02277777777777778,831,0,0
46,4,43,0.2,wave,0.075,3,0.02277777777777778,825,0,0
46,4,44,0.2,wave,0.075,3,0.02277777777777778,821,0,0
46,4,45,0.2,wave,0.075,3,0.02277777777777778,798,0,0
46,4,46,0.2,wave,0.075,3,0.02277777777777778,794,0,0
46,4,47,0.2,wave,0.075,3,0.02277777777777778,790,0,0
46,4,48,0.2,wave,0.075,3,0.02277777777777778,772,0,0
46,4,49,0.2,wave,0.075,3,0.02277777777777778,774,0,0
46,4,50,0.2,wave,0.075,3,0.02277777777777778,755,0,0
46,4,51,0.2,wave,0.075,3,0.02277777777777778,757,0,0
46,4,52,0.2,wave,0.075,3,0.02277777777777778,751,0,0
46,5,1,0.2,wave,0.075,3,0.02277777777777778,753,0,0
46,5,2,0.2,wave,0.075,3,0.02277777777777778,727,0,0
46,5,3,0.2,wave,0.075,3,0.02277777777777778,716,0,0
46,5,4,0.2,wave,0.075,3,0.02277777777777778,707,0,0
46,5,5,0.2,wave,0.075,3,0.02277777777777778,706,0,0
46,5,6,0.2,wave,0.075,3,0.02277777777777778,693,0,0
46,5,7,0.2,wave,0.075,3,0.02277777777777778,694,0,0
46,5,8,0.2,wave,0.075,3,0.02277777777777778,688,0,0
46,5,9,0.2,wave,0.075,3,0.02277777777777778,678,0,0
46,5,10,0.2,wave,0.075,3,0.02277777777777778,669,0,0
46,5,11,0.2,wave,0.075,3,0.02277777777777778,664,0,0
46,5,12,0.2,wave,0.075,3,0.02277777777777778,652,0,0
46,5,13,0.2,wave,0.075,3,0.02277777777777778,658,0,0
46,5,14,0.2,wave,0.075,3,0.02277777777777778,653,0,0
46,5,15,0.2,wave,0.075,3,0.02277777777777778,657,0,0
46,5,16,0.2,wave,0.075,3,0.02277777777777778,643,0,0
46,5,17,0.2,wave,0.075,3,0.02277777777777778,650,0,0
46,5,18,0.2,wave,0.075,3,0.02277777777777778,630,0,0
46,5,19,0.2,wave,0.075,3,0.02277777777777778,631,0,0
46,5,20,0.2,wave,0.075,3,0.02277777777777778,945,0,0
46,5,21,0.2,wave,0.075,3,0.02277777777777778,934,0,0
46,5,22,0.2,wave,0.075,3,0.02277777777777778,899,0,0
46,5,23,0.2,wave,0.075,3,0.02277777777777778,905,0,0
46,5,24,0.2,wave,0.075,3,0.02277777777777778,894,0,0
46,5,25,0.2,wave,0.075,3,0.02277777777777778,877,0,0
46,5,26,0.2,wave,0.075,3,0.02277777777777778,847,0,0
46,5,27,0.2,wave,0.075,3,0.02277777777777778,858,0,0
46,5,28,0.2,wave,0.075,3,0.02277777777777778,834,0,0
46,5,29,0.2,wave,0.075,3,0.02277777777777778,839,0,0
46,5,30,0.2,wave,0.075,3,0.02277777777777778,819,0,0
46,5,31,0.2,wave,0.075,3,0.02277777777777778,833,0,0
46,5,32,0.2,wave,0.075,3,0.02277777777777778,822,0,0
46,5,33,0.2,wave,0.075,3,0.02277777777777778,806,0,0
46,5,34,0.2,wave,0.075,3,0.02277777777777778,815,0,0
46,5,35,0.2,wave,0.075,3,0.02277777777777778,803,0,0
46,5,36,0.2,wave,0.075,3,0.02277777777777778,802,0,0
46,5,37,0.2,wave,0.075,3,0.02277777777777778,810,0,0
46,5,38,0.2,wave,0.075,3,0.02277777777777778,810,0,0
46,5,39,0.2,wave,0.075,3,0.02277777777777778,807,0,0
46,5,40,0.2,wave,0.075,3,0.02277777777777778,791,0,0
46,5,41,0.2,wave,0.075,3,0.02277777777777778,779,0,0
46,5,42,0.2,wave,0.075,3,0.02277777777777778,766,0,0
46,5,43,0.2,wave,0.075,3,0.02277777777777778,762,0,0
46,5,44,0.2,wave,0.075,3,0.02277777777777778,751,0,0
46,5,45,0.2,wave,0.075,3,0.02277777777777778,750,0,0
46,5,46,0.2,wave,0.075,3,0.02277777777777778,746,0,0
46,5,47,0.2,wave,0.075,3,0.02277777777777778,742,0,0
46,5,48,0.2,wave,0.075,3,0.02277777777777778,734,0,0
46,5,49,0.2,wave,0.075,3,0.02277777777777778,730,0,0
46,5,50,0.2,wave,0.075,3,0.02277777777777778,699,0,0
46,5,51,0.2,wave,0.075,3,0.02277777777777778,691,0,0
46,5,52,0.2,wave,0.075,3,0.02277777777777778,686,0,0
46,6,1,0.2,wave,0.075,3,0.02277777777777778,680,0,0
46,6,2,0.2,wave,0.075,3,0.02277777777777778,672,0,0
46,6,3,0.2,wave,0.075,3,0.02277777777777778,675,0,0
46,6,4,0.2,wave,0.075,3,0.02277777777777778,654,0,0
46,6,5,0.2,wave,0.075,3,0.02277777777777778,665,0,0
46,6,6,0.2,wave,0.075,3,0.02277777777777778,649,0,0
46,6,7,0.2,wave,0.075,3,0.02277777777777778,643,0,0
46,6,8,0.2,wave,0.075,3,0.02277777777777778,630,0,0
46,6,9,0.2,wave,0.075,3,0.02277777777777778,641,0,0
46,6,10,0.2,wave,0.075,3,0.02277777777777778,616,0,0
46,6,11,0.2,wave,0.075,3,0.02277777777777778,635,0,0
46,6,12,0.2,wave,0.075,3,0.02277777777777778,611,0,0
46,6,13,0.2,wave,0.075,3,0.02277777777777778,626,0,0
46,6,14,0.2,wave,0.075,3,0.02277777777777778,610,0,0
46,6,15,0.2,wave,0.075,3,0.02277777777777778,626,0,0
46,6,16,0.2,wave,0.075,3,0.02277777777777778,608,0,0
46,6,17,0.2,wave,0.075,3,0.02277777777777778,623,0,0
46,6,18,0.2,wave,0.075,3,0.02277777777777778,610,0,0
46,6,19,0.2,wave,0.075,3,0.02277777777777778,616,0,0
46,6,20,0.2,wave,0.075,3,0.02277777777777778,885,0,0
46,6,21,0.2,wave,0.075,3,0.02277777777777778,890,0,0
46,6,22,0.2,wave,0.075,3,0.02277777777777778,843,0,0
46,6,23,0.2,wave,0.075,3,0.02277777777777778,875,0,0
46,6,24,0.2,wave,0.075,3,0.02277777777777778,840,0,0
46,6,25,0.2,wave,0.075,3,0.02277777777777778,864,0,0
46,6,26,0.2,wave,0.075,3,0.02277777777777778,832,0,0
46,6,27,0.2,wave,0.075,3,0.02277777777777778,846,0,0
46,6,28,0.2,wave,0.075,3,0.02277777777777778,822,0,0
46,6,29,0.2,wave,0.075,3,0.02277777777777778,846,0,0
46,6,30,0.2,wave,0.075,3,0.02277777777777778,820,0,0
46,6,31,0.2,wave,0.075,3,0.02277777777777778,797,0,0
46,6,32,0.2,wave,0.075,3,0.02277777777777778,805,0,0
46,6,33,0.2,wave,0.075,3,0.02277777777777778,794,0,0
46,6,34,0.2,wave,0.075,3,0.02277777777777778,790,0,0
46,6,35,0.2,wave,0.075,3,0.02277777777777778,752,0,0
46,6,36,0.2,wave,0.075,3,0.02277777777777778,745,0,0
46,6,37,0.2,wave,0.075,3,0.02277777777777778,734,0,0
46,6,38,0.2,wave,0.075,3,0.02277777777777778,730,0,0
46,6,39,0.2,wave,0.075,3,0.02277777777777778,717,0,0
46,6,40,0.2,wave,0.075,3,0.02277777777777778,703,0,0
46,6,41,0.2,wave,0.075,3,0.02277777777777778,695,0,0
46,6,42,0.2,wave,0.075,3,0.02277777777777778,691,0,0
46,6,43,0.2,wave,0.075,3,0.02277777777777778,687,0,0
46,6,44,0.2,wave,0.075,3,0.02277777777777778,680,0,0
46,6,45,0.2,wave,0.075,3,0.02277777777777778,669,0,0
46,6,46,0.2,wave,0.075,3,0.02277777777777778,668,0,0
46,6,47,0.2,wave,0.075,3,0.02277777777777778,662,0,0
46,6,48,0.2,wave,0.075,3,0.02277777777777778,667,0,0
46,6,49,0.2,wave,0.075,3,0.02277777777777778,660,0,0
46,6,50,0.2,wave,0.075,3,0.02277777777777778,651,0,0
46,6,51,0.2,wave,0.075,3,0.02277777777777778,633,0,0
46,6,52,0.2,wave,0.075,3,0.02277777777777778,622,0,0
46,7,1,0.2,wave,0.075,3,0.02277777777777778,620,0,0
46,7,2,0.2,wave,0.075,3,0.02277777777777778,611,0,0
46,7,3,0.2,wave,0.075,3,0.02277777777777778,613,0,0
46,7,4,0.2,wave,0.075,3,0.02277777777777778,603,0,0
46,7,5,0.2,wave,0.075,3,0.02277777777777778,606,0,0
46,7,6,0.2,wave,0.075,3,0.02277777777777778,601,0,0
46,7,7,0.2,wave,0.075,3,0.02277777777777778,603,0,0
46,7,8,0.2,wave,0.075,3,0.02277777777777778,599,0,0
46,7,9,0.2,wave,0.075,3,0.02277777777777778,591,0,0
46,7,10,0.2,wave,0.075,3,0.02277777777777778,580,0,0
46,7,11,0.2,wave,0.075,3,0.02277777777777778,588,0,0
46,7,12,0.2,wave,0.075,3,0.02277777777777778,582,0,0
46,7,13,0.2,wave,0.075,3,0.02277777777777778,581,0,0
46,7,14,0.2,wave,0.075,3,0.02277777777777778,577,0,0
46,7,15,0.2,wave,0.075,3,0.02277777777777778,580,0,0
46,7,16,0.2,wave,0.075,3,0.02277777777777778,580,0,0
46,7,17,0.2,wave,0.075,3,0.02277777777777778,579,0,0
46,7,18,0.2,wave,0.075,3,0.02277777777777778,576,0,0
46,7,19,0.2,wave,0.075,3,0.02277777777777778,577,0,0
46,7,20,0.2,wave,0.075,3,0.02277777777777778,873,0,0
46,7,21,0.2,wave,0.075,3,0.02277777777777778,841,0,0
46,7,22,0.2,wave,0.075,3,0.02277777777777778,835,0,0
46,7,23,0.2,wave,0.075,3,0.02277777777777778,815,0,0
46,7,24,0.2,wave,0.075,3,0.02277777777777778,791,0,0
46,7,25,0.2,wave,0.075,3,0.02277777777777778,791,0,0
46,7,26,0.2,wave,0.075,3,0.02277777777777778,782,0,0
46,7,27,0.2,wave,0.075,3,0.02277777777777778,761,0,0
46,7,28,0.2,wave,0.075,3,0.02277777777777778,741,0,0
46,7,29,0.2,wave,0.075,3,0.02277777777777778,749,0,0
46,7,30,0.2,wave,0.075,3,0.02277777777777778,738,0,0
46,7,31,0.2,wave,0.075,3,0.02277777777777778,742,0,0
46,7,32,0.2,wave,0.075,3,0.02277777777777778,711,0,0
46,7,33,0.2,wave,0.075,3,0.02277777777777778,720,0,0
46,7,34,0.2,wave,0.075,3,0.02277777777777778,689,0,0
46,7,35,0.2,wave,0.075,3,0.02277777777777778,684,0,0
46,7,36,0.2,wave,0.075,3,0.02277777777777778,679,0,0
46,7,37,0.2,wave,0.075,3,0.02277777777777778,666,0,0
46,7,38,0.2,wave,0.075,3,0.02277777777777778,658,0,0
46,7,39,0.2,wave,0.075,3,0.02277777777777778,642,0,0
46,7,40,0.2,wave,0.075,3,0.02277777777777778,621,0,0
46,7,41,0.2,wave,0.075,3,0.02277777777777778,603,0,0
46,7,42,0.2,wave,0.075,3,0.02277777777777778,602,0,0
46,7,43,0.2,wave,0.075,3,0.02277777777777778,598,0,0
46,7,44,0.2,wave,0.075,3,0.02277777777777778,583,0,0
46,7,45,0.2,wave,0.075,3,0.02277777777777778,577,0,0
46,7,46,0.2,wave,0.075,3,0.02277777777777778,578,0,0
46,7,47,0.2,wave,0.075,3,0.02277777777777778,570,0,0
46,7,48,0.2,wave,0.075,3,0.02277777777777778,564,0,0
46,7,49,0.2,wave,0.075,3,0.02277777777777778,553,0,0
46,7,50,0.2,wave,0.075,3,0.02277777777777778,549,0,0
46,7,51,0.2,wave,0.075,3,0.02277777777777778,546,0,0
46,7,52,0.2,wave,0.075,3,0.02277777777777778,541,0,0
46,8,1,0.2,wave,0.075,3,0.02277777777777778,539,0,0
46,8,2,0.2,wave,0.075,3,0.02277777777777778,530,0,0
46,8,3,0.2,wave,0.075,3,0.02277777777777778,525,0,0
46,8,4,0.2,wave,0.075,3,0.02277777777777778,525,0,0
46,8,5,0.2,wave,0.075,3,0.02277777777777778,525,0,0
46,8,6,0.2,wave,0.075,3,0.02277777777777778,521,0,0
46,8,7,0.2,wave,0.075,3,0.02277777777777778,521,0,0
46,8,8,0.2,wave,0.075,3,0.02277777777777778,517,0,0
46,8,9,0.2,wave,0.075,3,0.02277777777777778,521,0,0
46,8,10,0.2,wave,0.075,3,0.02277777777777778,516,0,0
46,8,11,0.2,wave,0.075,3,0.02277777777777778,515,0,0
46,8,12,0.2,wave,0.075,3,0.02277777777777778,512,0,0
46,8,13,0.2,wave,0.075,3,0.02277777777777778,504,0,0
46,8,14,0.2,wave,0.075,3,0.02277777777777778,505,0,0
46,8,15,0.2,wave,0.075,3,0.02277777777777778,502,0,0
46,8,16,0.2,wave,0.075,3,0.02277777777777778,503,0,0
46,8,17,0.2,wave,0.075,3,0.02277777777777778,499,0,0
46,8,18,0.2,wave,0.075,3,0.02277777777777778,501,0,0
46,8,19,0.2,wave,0.075,3,0.02277777777777778,501,0,0
46,8,20,0.2,wave,0.075,3,0.02277777777777778,712,0,0
46,8,21,0.2,wave,0.075,3,0.02277777777777778,705,0,0
46,8,22,0.2,wave,0.075,3,0.02277777777777778,694,0,0
46,8,23,0.2,wave,0.075,3,0.02277777777777778,689,0,0
46,8,24,0.2,wave,0.075,3,0.02277777777777778,681,0,0
46,8,25,0.2,wave,0.075,3,0.02277777777777778,689,0,0
46,8,26,0.2,wave,0.075,3,0.02277777777777778,679,0,0
46,8,27,0.2,wave,0.075,3,0.02277777777777778,663,0,0
46,8,28,0.2,wave,0.075,3,0.02277777777777778,657,0,0
46,8,29,0.2,wave,0.075,3,0.02277777777777778,661,0,0
46,8,30,0.2,wave,0.075,3,0.02277777777777778,660,0,0
46,8,31,0.2,wave,0.075,3,0.02277777777777778,663,0,0
46,8,32,0.2,wave,0.075,3,0.02277777777777778,657,0,0
46,8,33,0.2,wave,0.075,3,0.02277777777777778,663,0,0
46,8,34,0.2,wave,0.075,3,0.02277777777777778,654,0,0
46,8,35,0.2,wave,0.075,3,0.02277777777777778,668,0,0
46,8,36,0.2,wave,0.075,3,0.02277777777777778,657,0,0
46,8,37,0.2,wave,0.075,3,0.02277777777777778,662,0,0
46,8,38,0.2,wave,0.075,3,0.02277777777777778,657,0,0
46,8,39,0.2,wave,0.075,3,0.02277777777777778,657,0,0
46,8,40,0.2,wave,0.075,3,0.02277777777777778,655,0,0
46,8,41,0.2,wave,0.075,3,0.02277777777777778,637,0,0
46,8,42,0.2,wave,0.075,3,0.02277777777777778,629,0,0
46,8,43,0.2,wave,0.075,3,0.02277777777777778,632,0,0
46,8,44,0.2,wave,0.075,3,0.02277777777777778,626,0,0
46,8,45,0.2,wave,0.075,3,0.02277777777777778,631,0,0
46,8,46,0.2,wave,0.075,3,0.02277777777777778,623,0,0
46,8,47,0.2,wave,0.075,3,0.02277777777777778,627,0,0
46,8,48,0.2,wave,0.075,3,0.02277777777777778,614,0,0
46,8,49,0.2,wave,0.075,3,0.02277777777777778,602,0,0
46,8,50,0.2,wave,0.075,3,0.02277777777777778,584,0,0
46,8,51,0.2,wave,0.075,3,0.02277777777777778,587,0,0
46,8,52,0.2,wave,0.075,3,0.02277777777777778,582,0,0
46,9,1,0.2,wave,0.075,3,0.02277777777777778,584,0,0
46,9,2,0.2,wave,0.075,3,0.02277777777777778,580,0,0
46,9,3,0.2,wave,0.075,3,0.02277777777777778,579,0,0
46,9,4,0.2,wave,0.075,3,0.02277777777777778,577,0,0
46,9,5,0.2,wave,0.075,3,0.02277777777777778,582,0,0
46,9,6,0.2,wave,0.075,3,0.02277777777777778,573,0,0
46,9,7,0.2,wave,0.075,3,0.02277777777777778,576,0,0
46,9,8,0.2,wave,0.075,3,0.02277777777777778,571,0,0
46,9,9,0.2,wave,0.075,3,0.02277777777777778,579,0,0
46,9,10,0.2,wave,0.075,3,0.02277777777777778,570,0,0
46,9,11,0.2,wave,0.075,3,0.02277777777777778,578,0,0
46,9,12,0.2,wave,0.075,3,0.02277777777777778,571,0,0
46,9,13,0.2,wave,0.075,3,0.02277777777777778,576,0,0
46,9,14,0.2,wave,0.075,3,0.02277777777777778,572,0,0
46,9,15,0.2,wave,0.075,3,0.02277777777777778,577,0,0
46,9,16,0.2,wave,0.075,3,0.02277777777777778,570,0,0
46,9,17,0.2,wave,0.075,3,0.02277777777777778,576,0,0
46,9,18,0.2,wave,0.075,3,0.02277777777777778,571,0,0
46,9,19,0.2,wave,0.075,3,0.02277777777777778,580,0,0
46,9,20,0.2,wave,0.075,3,0.02277777777777778,833,0,0
46,9,21,0.2,wave,0.075,3,0.02277777777777778,840,0,0
46,9,22,0.2,wave,0.075,3,0.02277777777777778,807,0,0
46,9,23,0.2,wave,0.075,3,0.02277777777777778,772,0,0
46,9,24,0.2,wave,0.075,3,0.02277777777777778,766,0,0
46,9,25,0.2,wave,0.075,3,0.02277777777777778,742,0,0
46,9,26,0.2,wave,0.075,3,0.02277777777777778,731,0,0
46,9,27,0.2,wave,0.075,3,0.02277777777777778,724,0,0
46,9,28,0.2,wave,0.075,3,0.02277777777777778,723,0,0
46,9,29,0.2,wave,0.075,3,0.02277777777777778,726,0,0
46,9,30,0.2,wave,0.075,3,0.02277777777777778,723,0,0
46,9,31,0.2,wave,0.075,3,0.02277777777777778,731,0,0
46,9,32,0.2,wave,0.075,3,0.02277777777777778,712,0,0
46,9,33,0.2,wave,0.075,3,0.02277777777777778,714,0,0
46,9,34,0.2,wave,0.075,3,0.02277777777777778,713,0,0
46,9,35,0.2,wave,0.075,3,0.02277777777777778,710,0,0
46,9,36,0.2,wave,0.075,3,0.02277777777777778,711,0,0
46,9,37,0.2,wave,0.075,3,0.02277777777777778,717,0,0
46,9,38,0.2,wave,0.075,3,0.02277777777777778,685,0,0
46,9,39,0.2,wave,0.075,3,0.02277777777777778,688,0,0
46,9,40,0.2,wave,0.075,3,0.02277777777777778,678,0,0
46,9,41,0.2,wave,0.075,3,0.02277777777777778,677,0,0
46,9,42,0.2,wave,0.075,3,0.02277777777777778,667,0,0
46,9,43,0.2,wave,0.075,3,0.02277777777777778,653,0,0
46,9,44,0.2,wave,0.075,3,0.02277777777777778,651,0,0
46,9,45,0.2,wave,0.075,3,0.02277777777777778,650,0,0
46,9,46,0.2,wave,0.075,3,0.02277777777777778,647,0,0
46,9,47,0.2,wave,0.075,3,0.02277777777777778,653,0,0
46,9,48,0.2,wave,0.075,3,0.02277777777777778,643,0,0
46,9,49,0.2,wave,0.075,3,0.02277777777777778,647,0,0
46,9,50,0.2,wave,0.075,3,0.02277777777777778,641,0,0
46,9,51,0.2,wave,0.075,3,0.02277777777777778,639,0,0
46,9,52,0.2,wave,0.075,3,0.02277777777777778,637,0,0
46,10,1,0.2,wave,0.075,3,0.02277777777777778,639,0,0
46,10,2,0.2,wave,0.075,3,0.02277777777777778,638,0,0
46,10,3,0.2,wave,0.075,3,0.02277777777777778,636,0,0
46,10,4,0.2,wave,0.075,3,0.02277777777777778,634,0,0
46,10,5,0.2,wave,0.075,3,0.02277777777777778,625,0,0
46,10,6,0.2,wave,0.075,3,0.02277777777777778,618,0,0
46,10,7,0.2,wave,0.075,3,0.02277777777777778,622,0,0
46,10,8,0.2,wave,0.075,3,0.02277777777777778,617,0,0
46,10,9,0.2,wave,0.075,3,0.02277777777777778,621,0,0
46,10,10,0.2,wave,0.075,3,0.02277777777777778,617,0,0
46,10,11,0.2,wave,0.075,3,0.02277777777777778,621,0,0
46,10,12,0.2,wave,0.075,3,0.02277777777777778,620,0,0
46,10,13,0.2,wave,0.075,3,0.02277777777777778,619,0,0
46,10,14,0.2,wave,0.075,3,0.02277777777777778,615,0,0
46,10,15,0.2,wave,0.075,3,0.02277777777777778,619,0,0
46,10,16,0.2,wave,0.075,3,0.02277777777777778,616,0,0
46,10,17,0.2,wave,0.075,3,0.02277777777777778,619,0,0
46,10,18,0.2,wave,0.075,3,0.02277777777777778,618,0,0
46,10,19,0.2,wave,0.075,3,0.02277777777777778,620,0,0
46,10,20,0.2,wave,0.075,3,0.02277777777777778,852,0,0
46,10,21,0.2,wave,0.075,3,0.02277777777777778,815,0,0
46,10,22,0.2,wave,0.075,3,0.02277777777777778,814,0,0
46,10,23,0.2,wave,0.075,3,0.02277777777777778,805,0,0
46,10,24,0.2,wave,0.075,3,0.02277777777777778,782,0,0
46,10,25,0.2,wave,0.075,3,0.02277777777777778,769,0,0
46,10,26,0.2,wave,0.075,3,0.02277777777777778,760,0,0
46,10,27,0.2,wave,0.075,3,0.02277777777777778,758,0,0
46,10,28,0.2,wave,0.075,3,0.02277777777777778,736,0,0
46,10,29,0.2,wave,0.075,3,0.02277777777777778,718,0,0
46,10,30,0.2,wave,0.075,3,0.02277777777777778,706,0,0
46,10,31,0.2,wave,0.075,3,0.02277777777777778,709,0,0
46,10,32,0.2,wave,0.075,3,0.02277777777777778,706,0,0
46,10,33,0.2,wave,0.075,3,0.02277777777777778,704,0,0
46,10,34,0.2,wave,0.075,3,0.02277777777777778,708,0,0
46,10,35,0.2,wave,0.075,3,0.02277777777777778,695,0,0
46,10,36,0.2,wave,0.075,3,0.02277777777777778,697,0,0
46,10,37,0.2,wave,0.075,3,0.02277777777777778,681,0,0
46,10,38,0.2,wave,0.075,3,0.02277777777777778,681,0,0
46,10,39,0.2,wave,0.075,3,0.02277777777777778,685,0,0
46,10,40,0.2,wave,0.075,3,0.02277777777777778,681,0,0
46,10,41,0.2,wave,0.075,3,0.02277777777777778,675,0,0
46,10,42,0.2,wave,0.075,3,0.02277777777777778,667,0,0
46,10,43,0.2,wave,0.075,3,0.02277777777777778,661,0,0
46,10,44,0.2,wave,0.075,3,0.02277777777777778,641,0,0
46,10,45,0.2,wave,0.075,3,0.02277777777777778,637,0,0
46,10,46,0.2,wave,0.075,3,0.02277777777777778,633,0,0
46,10,47,0.2,wave,0.075,3,0.02277777777777778,636,0,0
46,10,48,0.2,wave,0.075,3,0.02277777777777778,630,0,0
46,10,49,0.2,wave,0.075,3,0.02277777777777778,636,0,0
46,10,50,0.2,wave,0.075,3,0.02277777777777778,622,0,0
46,10,51,0.2,wave,0.075,3,0.02277777777777778,617,0,0
46,10,52,0.2,wave,0.075,3,0.02277777777777778,596,0,0
47,1,1,0.2,wave,0.075,3,0.03861111111111111,6626,57,9
47,1,2,0.2,wave,0.075,3,0.03861111111111111,6562,63,17
47,1,3,0.2,wave,0.075,3,0.03861111111111111,6493,83,35
47,1,4,0.2,wave,0.075,3,0.03861111111111111,6308,114,39
47,1,5,0.2,wave,0.075,3,0.03861111111111111,6105,149,52
47,1,6,0.2,wave,0.075,3,0.03861111111111111,5966,200,58
47,1,7,0.2,wave,0.075,3,0.03861111111111111,5776,245,77
47,1,8,0.2,wave,0.075,3,0.03861111111111111,5567,304,81
47,1,9,0.2,wave,0.075,3,0.03861111111111111,5361,306,103
47,1,10,0.2,wave,0.075,3,0.03861111111111111,5126,359,131
47,1,11,0.2,wave,0.075,3,0.03861111111111111,4840,432,178
47,1,12,0.2,wave,0.075,3,0.03861111111111111,4677,467,187
47,1,13,0.2,wave,0.075,3,0.03861111111111111,4486,464,202
47,1,14,0.2,wave,0.075,3,0.03861111111111111,4326,499,225
47,1,15,0.2,wave,0.075,3,0.03861111111111111,4223,520,255
47,1,16,0.2,wave,0.075,3,0.03861111111111111,3995,520,266
47,1,17,0.2,wave,0.075,3,0.03861111111111111,3782,503,268
47,1,18,0.2,wave,0.075,3,0.03861111111111111,3650,481,235
47,1,19,0.2,wave,0.075,3,0.03861111111111111,3546,452,226
47,1,20,0.2,wave,0.075,3,0.03861111111111111,5044,410,198
47,1,21,0.2,wave,0.075,3,0.03861111111111111,4751,468,203
47,1,22,0.2,wave,0.075,3,0.03861111111111111,4590,534,214
47,1,23,0.2,wave,0.075,3,0.03861111111111111,4405,547,231
47,1,24,0.2,wave,0.075,3,0.03861111111111111,4227,555,213
47,1,25,0.2,wave,0.075,3,0.03861111111111111,4010,547,224
47,1,26,0.2,wave,0.075,3,0.03861111111111111,3920,571,254
47,1,27,0.2,wave,0.075,3,0.03861111111111111,3769,607,280
47,1,28,0.2,wave,0.075,3,0.03861111111111111,3590,591,285
47,1,29,0.2,wave,0.075,3,0.03861111111111111,3466,622,272
47,1,30,0.2,wave,0.075,3,0.03861111111111111,3310,582,266
47,1,31,0.2,wave,0.075,3,0.03861111111111111,3127,550,264
47,1,32,0.2,wave,0.075,3,0.03861111111111111,3020,553,266
47,1,33,0.2,wave,0.075,3,0.03861111111111111,2856,539,261
47,1,34,0.2,wave,0.075,3,0.03861111111111111,2726,501,250
47,1,35,0.2,wave,0.075,3,0.03861111111111111,2573,455,235
47,1,36,0.2,wave,0.075,3,0.03861111111111111,2467,412,219
47,1,37,0.2,wave,0.075,3,0.03861111111111111,2374,369,181
47,1,38,0.2,wave,0.075,3,0.03861111111111111,2305,341,177
47,1,39,0.2,wave,0.075,3,0.03861111111111111,2199,309,167
47,1,40,0.2,wave,0.075,3,0.03861111111111111,2157,292,172
47,1,41,0.2,wave,0.075,3,0.03861111111111111,2078,266,158
47,1,42,0.2,wave,0.075,3,0.03861111111111111,2015,240,122
47,1,43,0.2,wave,0.075,3,0.03861111111111111,1936,205,101
47,1,44,0.2,wave,0.075,3,0.03861111111111111,1893,176,97
47,1,45,0.2,wave,0.075,3,0.03861111111111111,1835,177,96
47,1,46,0.2,wave,0.075,3,0.03861111111111111,1810,157,92
47,1,47,0.2,wave,0.075,3,0.03861111111111111,1746,143,83
47,1,48,0.2,wave,0.075,3,0.03861111111111111,1737,135,81
47,1,49,0.2,wave,0.075,3,0.03861111111111111,1682,112,63
47,1,50,0.2,wave,0.075,3,0.03861111111111111,1667,99,58
47,1,51,0.2,wave,0.075,3,0.03861111111111111,1621,80,50
47,1,52,0.2,wave,0.075,3,0.03861111111111111,1614,74,44
47,2,1,0.2,wave,0.075,3,0.03861111111111111,1560,65,37
47,2,2,0.2,wave,0.075,3,0.03861111111111111,1555,61,33
47,2,3,0.2,wave,0.075,3,0.03861111111111111,1520,52,29
47,2,4,0.2,wave,0.075,3,0.03861111111111111,1520,48,26
47,2,5,0.2,wave,0.075,3,0.03861111111111111,1472,40,26
47,2,6,0.2,wave,0.075,3,0.03861111111111111,1476,39,22
47,2,7,0.2,wave,0.075,3,0.03861111111111111,1441,35,16
47,2,8,0.2,wave,0.075,3,0.03861111111111111,1438,29,16
47,2,9,0.2,wave,0.075,3,0.03861111111111111,1413,28,16
47,2,10,0.2,wave,0.075,3,0.03861111111111111,1421,32,17
47,2,11,0.2,wave,0.075,3,0.03861111111111111,1392,30,10
47,2,12,0.2,wave,0.075,3,0.03861111111111111,1395,33,11
47,2,13,0.2,wave,0.075,3,0.03861111111111111,1369,36,17
47,2,14,0.2,wave,0.075,3,0.03861111111111111,1364,37,18
47,2,15,0.2,wave,0.075,3,0.03861111111111111,1337,34,19
47,2,16,0.2,wave,0.075,3,0.03861111111111111,1336,28,18
47,2,17,0.2,wave,0.075,3,0.03861111111111111,1299,21,15
47,2,18,0.2,wave,0.075,3,0.03861111111111111,1307,24,14
47,2,19,0.2,wave,0.075,3,0.03861111111111111,1270,18,9
47,2,20,0.2,wave,0.075,3,0.03861111111111111,1902,19,8
47,2,21,0.2,wave,0.075,3,0.03861111111111111,1869,18,8
47,2,22,0.2,wave,0.075,3,0.03861111111111111,1882,18,9
47,2,23,0.2,wave,0.075,3,0.03861111111111111,1841,18,11
47,2,24,0.2,wave,0.075,3,0.03861111111111111,1808,16,10
47,2,25,0.2,wave,0.075,3,0.03861111111111111,1771,16,8
47,2,26,0.2,wave,0.075,3,0.03861111111111111,1743,13,8
47,2,27,0.2,wave,0.075,3,0.03861111111111111,1691,14,6
47,2,28,0.2,wave,0.075,3,0.03861111111111111,1670,19,6
47,2,29,0.2,wave,0.075,3,0.03861111111111111,1641,18,4
47,2,30,0.2,wave,0.075,3,0.03861111111111111,1646,20,6
47,2,31,0.2,wave,0.075,3,0.03861111111111111,1627,21,7
47,2,32,0.2,wave,0.075,3,0.03861111111111111,1621,23,11
47,2,33,0.2,wave,0.075,3,0.03861111111111111,1601,27,13
47,2,34,0.2,wave,0.075,3,0.03861111111111111,1608,29,12
47,2,35,0.2,wave,0.075,3,0.03861111111111111,1582,28,13
47,2,36,0.2,wave,0.075,3,0.03861111111111111,1586,28,12
47,2,37,0.2,wave,0.075,3,0.03861111111111111,1587,30,15
47,2,38,0.2,wave,0.075,3,0.03861111111111111,1562,24,11
47,2,39,0.2,wave,0.075,3,0.03861111111111111,1548,25,14
47,2,40,0.2,wave,0.075,3,0.03861111111111111,1517,26,12
47,2,41,0.2,wave,0.075,3,0.03861111111111111,1520,24,12
47,2,42,0.2,wave,0.075,3,0.03861111111111111,1497,21,10
47,2,43,0.2,wave,0.075,3,0.03861111111111111,1483,19,13
47,2,44,0.2,wave,0.075,3,0.03861111111111111,1462,17,10
47,2,45,0.2,wave,0.075,3,0.03861111111111111,1450,20,9
47,2,46,0.2,wave,0.075,3,0.03861111111111111,1408,18,9
47,2,47,0.2,wave,0.075,3,0.03861111111111111,1405,16,10
47,2,48,0.2,wave,0.075,3,0.03861111111111111,1380,14,11
47,2,49,0.2,wave,0.075,3,0.03861111111111111,1367,11,9
47,2,50,0.2,wave,0.075,3,0.03861111111111111,1350,9,6
47,2,51,0.2,wave,0.075,3,0.03861111111111111,1340,7,3
47,2,52,0.2,wave,0.075,3,0.03861111111111111,1322,4,3
47,3,1,0.2,wave,0.075,3,0.03861111111111111,1324,5,4
47,3,2,0.2,wave,0.075,3,0.03861111111111111,1295,6,4
47,3,3,0.2,wave,0.075,3,0.03861111111111111,1288,6,2
47,3,4,0.2,wave,0.075,3,0.03861111111111111,1276,7,2
47,3,5,0.2,wave,0.075,3,0.03861111111111111,1257,8,5
47,3,6,0.2,wave,0.075,3,0.03861111111111111,1259,10,5
47,3,7,0.2,wave,0.075,3,0.03861111111111111,1244,9,6
47,3,8,0.2,wave,0.075,3,0.03861111111111111,1244,6,3
47,3,9,0.2,wave,0.075,3,0.03861111111111111,1231,5,3
47,3,10,0.2,wave,0.075,3,0.03861111111111111,1234,4,2
47,3,11,0.2,wave,0.075,3,0.03861111111111111,1218,6,3
47,3,12,0.2,wave,0.075,3,0.03861111111111111,1222,6,2
47,3,13,0.2,wave,0.075,3,0.03861111111111111,1211,8,2
47,3,14,0.2,wave,0.075,3,0.03861111111111111,1210,7,4
47,3,15,0.2,wave,0.075,3,0.03861111111111111,1192,8,4
47,3,16,0.2,wave,0.075,3,0.03861111111111111,1186,10,3
47,3,17,0.2,wave,0.075,3,0.03861111111111111,1175,7,3
47,3,18,0.2,wave,0.075,3,0.03861111111111111,1173,7,4
47,3,19,0.2,wave,0.075,3,0.03861111111111111,1165,7,5
47,3,20,0.2,wave,0.075,3,0.03861111111111111,1754,5,2
47,3,21,0.2,wave,0.075,3,0.03861111111111111,1719,4,2
47,3,22,0.2,wave,0.075,3,0.03861111111111111,1699,4,2
47,3,23,0.2,wave,0.075,3,0.03861111111111111,1656,6,2
47,3,24,0.2,wave,0.075,3,0.03861111111111111,1640,6,2
47,3,25,0.2,wave,0.075,3,0.03861111111111111,1613,8,2
47,3,26,0.2,wave,0.075,3,0.03861111111111111,1593,9,2
47,3,27,0.2,wave,0.075,3,0.03861111111111111,1572,9,3
47,3,28,0.2,wave,0.075,3,0.03861111111111111,1530,9,2
47,3,29,0.2,wave,0.075,3,0.03861111111111111,1517,9,5
47,3,30,0.2,wave,0.075,3,0.03861111111111111,1511,11,3
47,3,31,0.2,wave,0.075,3,0.03861111111111111,1502,16,4
47,3,32,0.2,wave,0.075,3,0.03861111111111111,1478,13,2
47,3,33,0.2,wave,0.075,3,0.03861111111111111,1480,15,9
47,3,34,0.2,wave,0.075,3,0.03861111111111111,1466,15,9
47,3,35,0.2,wave,0.075,3,0.03861111111111111,1449,17,9
47,3,36,0.2,wave,0.075,3,0.03861111111111111,1433,14,6
47,3,37,0.2,wave,0.075,3,0.03861111111111111,1422,16,8
47,3,38,0.2,wave,0.075,3,0.03861111111111111,1376,19,8
47,3,39,0.2,wave,0.075,3,0.03861111111111111,1353,16,6
47,3,40,0.2,wave,0.075,3,0.03861111111111111,1333,15,6
47,3,41,0.2,wave,0.075,3,0.03861111111111111,1334,16,11
47,3,42,0.2,wave,0.075,3,0.03861111111111111,1313,20,12
47,3,43,0.2,wave,0.075,3,0.03861111111111111,1317,20,12
47,3,44,0.2,wave,0.075,3,0.03861111111111111,1281,21,9
47,3,45,0.2,wave,0.075,3,0.03861111111111111,1273,22,9
47,3,46,0.2,wave,0.075,3,0.03861111111111111,1254,21,11
47,3,47,0.2,wave,0.075,3,0.03861111111111111,1253,20,11
47,3,48,0.2,wave,0.075,3,0.03861111111111111,1232,17,14
47,3,49,0.2,wave,0.075,3,0.03861111111111111,1217,16,10
47,3,50,0.2,wave,0.075,3,0.03861111111111111,1202,18,8
47,3,51,0.2,wave,0.075,3,0.03861111111111111,1194,16,5
47,3,52,0.2,wave,0.075,3,0.03861111111111111,1181,16,6
47,4,1,0.2,wave,0.075,3,0.03861111111111111,1179,19,7
47,4,2,0.2,wave,0.075,3,0.03861111111111111,1156,16,9
47,4,3,0.2,wave,0.075,3,0.03861111111111111,1143,18,9
47,4,4,0.2,wave,0.075,3,0.03861111111111111,1132,19,9
47,4,5,0.2,wave,0.075,3,0.03861111111111111,1107,15,4
47,4,6,0.2,wave,0.075,3,0.03861111111111111,1099,14,5
47,4,7,0.2,wave,0.075,3,0.03861111111111111,1090,16,10
47,4,8,0.2,wave,0.075,3,0.03861111111111111,1083,14,9
47,4,9,0.2,wave,0.075,3,0.03861111111111111,1081,16,9
47,4,10,0.2,wave,0.075,3,0.03861111111111111,1068,10,4
47,4,11,0.2,wave,0.075,3,0.03861111111111111,1061,9,5
47,4,12,0.2,wave,0.075,3,0.03861111111111111,1061,10,4
47,4,13,0.2,wave,0.075,3,0.03861111111111111,1053,14,6
47,4,14,0.2,wave,0.075,3,0.03861111111111111,1049,13,5
47,4,15,0.2,wave,0.075,3,0.03861111111111111,1046,14,7
47,4,16,0.2,wave,0.075,3,0.03861111111111111,1038,13,6
47,4,17,0.2,wave,0.075,3,0.03861111111111111,1034,12,7
47,4,18,0.2,wave,0.075,3,0.03861111111111111,1008,10,8
47,4,19,0.2,wave,0.075,3,0.03861111111111111,1007,10,7
47,4,20,0.2,wave,0.075,3,0.03861111111111111,1462,8,4
47,4,21,0.2,wave,0.075,3,0.03861111111111111,1450,5,3
47,4,22,0.2,wave,0.075,3,0.03861111111111111,1429,5,3
47,4,23,0.2,wave,0.075,3,0.03861111111111111,1400,6,4
47,4,24,0.2,wave,0.075,3,0.03861111111111111,1371,10,3
47,4,25,0.2,wave,0.075,3,0.03861111111111111,1366,10,3
47,4,26,0.2,wave,0.075,3,0.03861111111111111,1369,9,4
47,4,27,0.2,wave,0.075,3,0.03861111111111111,1343,12,6
47,4,28,0.2,wave,0.075,3,0.03861111111111111,1329,15,8
47,4,29,0.2,wave,0.075,3,0.03861111111111111,1311,16,9
47,4,30,0.2,wave,0.075,3,0.03861111111111111,1281,17,6
47,4,31,0.2,wave,0.075,3,0.03861111111111111,1232,18,9
47,4,32,0.2,wave,0.075,3,0.03861111111111111,1227,17,6
47,4,33,0.2,wave,0.075,3,0.03861111111111111,1216,19,11
47,4,34,0.2,wave,0.075,3,0.03861111111111111,1174,16,5
47,4,35,0.2,wave,0.075,3,0.03861111111111111,1179,18,7
47,4,36,0.2,wave,0.075,3,0.03861111111111111,1136,15,6
47,4,37,0.2,wave,0.075,3,0.03861111111111111,1137,17,9
47,4,38,0.2,wave,0.075,3,0.03861111111111111,1112,17,10
47,4,39,0.2,wave,0.075,3,0.03861111111111111,1108,19,9
47,4,40,0.2,wave,0.075,3,0.03861111111111111,1070,20,9
47,4,41,0.2,wave,0.075,3,0.03861111111111111,1076,20,8
47,4,42,0.2,wave,0.075,3,0.03861111111111111,1057,24,8
47,4,43,0.2,wave,0.075,3,0.03861111111111111,1037,22,7
47,4,44,0.2,wave,0.075,3,0.03861111111111111,1033,24,11
47,4,45,0.2,wave,0.075,3,0.03861111111111111,1015,24,13
47,4,46,0.2,wave,0.075,3,0.03861111111111111,993,27,15
47,4,47,0.2,wave,0.075,3,0.03861111111111111,986,25,11
47,4,48,0.2,wave,0.075,3,0.03861111111111111,964,27,8
47,4,49,0.2,wave,0.075,3,0.03861111111111111,959,23,10
47,4,50,0.2,wave,0.075,3,0.03861111111111111,945,27,16
47,4,51,0.2,wave,0.075,3,0.03861111111111111,942,27,17
47,4,52,0.2,wave,0.075,3,0.03861111111111111,924,24,15
47,5,1,0.2,wave,0.075,3,0.03861111111111111,920,20,10
47,5,2,0.2,wave,0.075,3,0.03861111111111111,905,20,11
47,5,3,0.2,wave,0.075,3,0.03861111111111111,906,17,7
47,5,4,0.2,wave,0.075,3,0.03861111111111111,879,17,8
47,5,5,0.2,wave,0.075,3,0.03861111111111111,883,15,6
47,5,6,0.2,wave,0.075,3,0.03861111111111111,867,14,7
47,5,7,0.2,wave,0.075,3,0.03861111111111111,868,11,4
47,5,8,0.2,wave,0.075,3,0.03861111111111111,838,10,4
47,5,9,0.2,wave,0.075,3,0.03861111111111111,846,9,3
47,5,10,0.2,wave,0.075,3,0.03861111111111111,825,8,6
47,5,11,0.2,wave,0.075,3,0.03861111111111111,836,7,5
47,5,12,0.2,wave,0.075,3,0.03861111111111111,823,6,5
47,5,13,0.2,wave,0.075,3,0.03861111111111111,830,2,1
47,5,14,0.2,wave,0.075,3,0.03861111111111111,817,3,2
47,5,15,0.2,wave,0.075,3,0.03861111111111111,829,4,1
47,5,16,0.2,wave,0.075,3,0.03861111111111111,810,4,1
47,5,17,0.2,wave,0.075,3,0.03861111111111111,820,3,1
47,5,18,0.2,wave,0.075,3,0.03861111111111111,803,3,3
47,5,19,0.2,wave,0.075,3,0.03861111111111111,818,4,3
47,5,20,0.2,wave,0.075,3,0.03861111111111111,1171,3,2
47,5,21,0.2,wave,0.075,3,0.03861111111111111,1165,1,1
47,5,22,0.2,wave,0.075,3,0.03861111111111111,1146,1,1
47,5,23,0.2,wave,0.075,3,0.03861111111111111,1165,1,1
47,5,24,0.2,wave,0.075,3,0.03861111111111111,1142,0,0
47,5,25,0.2,wave,0.075,3,0.03861111111111111,1143,0,0
47,5,26,0.2,wave,0.075,3,0.03861111111111111,1097,0,0
47,5,27,0.2,wave,0.075,3,0.03861111111111111,1084,0,0
47,5,28,0.2,wave,0.075,3,0.03861111111111111,1056,0,0
47,5,29,0.2,wave,0.075,3,0.03861111111111111,1059,0,0
47,5,30,0.2,wave,0.075,3,0.03861111111111111,1008,0,0
47,5,31,0.2,wave,0.075,3,0.03861111111111111,1010,0,0
47,5,32,0.2,wave,0.075,3,0.03861111111111111,1006,0,0
47,5,33,0.2,wave,0.075,3,0.03861111111111111,985,0,0
47,5,34,0.2,wave,0.075,3,0.03861111111111111,968,0,0
47,5,35,0.2,wave,0.075,3,0.03861111111111111,978,0,0
47,5,36,0.2,wave,0.075,3,0.03861111111111111,939,0,0
47,5,37,0.2,wave,0.075,3,0.03861111111111111,939,0,0
47,5,38,0.2,wave,0.075,3,0.03861111111111111,923,0,0
47,5,39,0.2,wave,0.075,3,0.03861111111111111,903,0,0
47,5,40,0.2,wave,0.075,3,0.03861111111111111,900,0,0
47,5,41,0.2,wave,0.075,3,0.03861111111111111,895,0,0
47,5,42,0.2,wave,0.075,3,0.03861111111111111,880,0,0
47,5,43,0.2,wave,0.075,3,0.03861111111111111,881,0,0
47,5,44,0.2,wave,0.075,3,0.03861111111111111,854,0,0
47,5,45,0.2,wave,0.075,3,0.03861111111111111,858,0,0
47,5,46,0.2,wave,0.075,3,0.03861111111111111,845,0,0
47,5,47,0.2,wave,0.075,3,0.03861111111111111,843,0,0
47,5,48,0.2,wave,0.075,3,0.03861111111111111,819,0,0
47,5,49,0.2,wave,0.075,3,0.03861111111111111,820,0,0
47,5,50,0.2,wave,0.075,3,0.03861111111111111,811,0,0
47,5,51,0.2,wave,0.075,3,0.03861111111111111,807,0,0
47,5,52,0.2,wave,0.075,3,0.03861111111111111,794,0,0
47,6,1,0.2,wave,0.075,3,0.03861111111111111,778,0,0
47,6,2,0.2,wave,0.075,3,0.03861111111111111,763,0,0
47,6,3,0.2,wave,0.075,3,0.03861111111111111,770,0,0
47,6,4,0.2,wave,0.075,3,0.03861111111111111,754,0,0
47,6,5,0.2,wave,0.075,3,0.03861111111111111,764,0,0
47,6,6,0.2,wave,0.075,3,0.03861111111111111,743,0,0
47,6,7,0.2,wave,0.075,3,0.03861111111111111,745,0,0
47,6,8,0.2,wave,0.075,3,0.03861111111111111,737,0,0
47,6,9,0.2,wave,0.075,3,0.03861111111111111,736,0,0
47,6,10,0.2,wave,0.075,3,0.03861111111111111,737,0,0
47,6,11,0.2,wave,0.075,3,0.03861111111111111,734,0,0
47,6,12,0.2,wave,0.075,3,0.03861111111111111,734,0,0
47,6,13,0.2,wave,0.075,3,0.03861111111111111,733,0,0
47,6,14,0.2,wave,0.075,3,0.03861111111111111,732,0,0
47,6,15,0.2,wave,0.075,3,0.03861111111111111,733,0,0
47,6,16,0.2,wave,0.075,3,0.03861111111111111,730,0,0
47,6,17,0.2,wave,0.075,3,0.03861111111111111,735,0,0
47,6,18,0.2,wave,0.075,3,0.03861111111111111,731,0,0
47,6,19,0.2,wave,0.075,3,0.03861111111111111,720,0,0
47,6,20,0.2,wave,0.075,3,0.03861111111111111,1079,0,0
47,6,21,0.2,wave,0.075,3,0.03861111111111111,1051,0,0
47,6,22,0.2,wave,0.075,3,0.03861111111111111,1015,0,0
47,6,23,0.2,wave,0.075,3,0.03861111111111111,1016,0,0
47,6,24,0.2,wave,0.075,3,0.03861111111111111,984,0,0
47,6,25,0.2,wave,0.075,3,0.03861111111111111,977,0,0
47,6,26,0.2,wave,0.075,3,0.03861111111111111,952,0,0
47,6,27,0.2,wave,0.075,3,0.03861111111111111,954,0,0
47,6,28,0.2,wave,0.075,3,0.03861111111111111,929,0,0
47,6,29,0.2,wave,0.075,3,0.03861111111111111,926,0,0
47,6,30,0.2,wave,0.075,3,0.03861111111111111,894,0,0
47,6,31,0.2,wave,0.075,3,0.03861111111111111,859,0,0
47,6,32,0.2,wave,0.075,3,0.03861111111111111,838,0,0
47,6,33,0.2,wave,0.075,3,0.03861111111111111,841,0,0
47,6,34,0.2,wave,0.075,3,0.03861111111111111,828,0,0
47,6,35,0.2,wave,0.075,3,0.03861111111111111,820,0,0
47,6,36,0.2,wave,0.075,3,0.03861111111111111,810,0,0
47,6,37,0.2,wave,0.075,3,0.03861111111111111,804,0,0
47,6,38,0.2,wave,0.075,3,0.03861111111111111,801,0,0
47,6,39,0.2,wave,0.075,3,0.03861111111111111,799,0,0
47,6,40,0.2,wave,0.075,3,0.03861111111111111,789,0,0
47,6,41,0.2,wave,0.075,3,0.03861111111111111,787,0,0
47,6,42,0.2,wave,0.075,3,0.03861111111111111,782,0,0
47,6,43,0.2,wave,0.075,3,0.03861111111111111,779,0,0
47,6,44,0.2,wave,0.075,3,0.03861111111111111,776,0,0
47,6,45,0.2,wave,0.075,3,0.03861111111111111,772,0,0
47,6,46,0.2,wave,0.075,3,0.03861111111111111,767,0,0
47,6,47,0.2,wave,0.075,3,0.03861111111111111,763,0,0
47,6,48,0.2,wave,0.075,3,0.03861111111111111,761,0,0
47,6,49,0.2,wave,0.075,3,0.03861111111111111,756,0,0
47,6,50,0.2,wave,0.075,3,0.03861111111111111,741,0,0
47,6,51,0.2,wave,0.075,3,0.03861111111111111,738,0,0
47,6,52,0.2,wave,0.075,3,0.03861111111111111,732,0,0
47,7,1,0.2,wave,0.075,3,0.03861111111111111,731,0,0
47,7,2,0.2,wave,0.075,3,0.03861111111111111,728,0,0
47,7,3,0.2,wave,0.075,3,0.03861111111111111,722,0,0
47,7,4,0.2,wave,0.075,3,0.03861111111111111,721,0,0
47,7,5,0.2,wave,0.075,3,0.03861111111111111,720,0,0
47,7,6,0.2,wave,0.075,3,0.03861111111111111,720,0,0
47,7,7,0.2,wave,0.075,3,0.03861111111111111,717,0,0
47,7,8,0.2,wave,0.075,3,0.03861111111111111,704,0,0
47,7,9,0.2,wave,0.075,3,0.03861111111111111,700,0,0
47,7,10,0.2,wave,0.075,3,0.03861111111111111,701,0,0
47,7,11,0.2,wave,0.075,3,0.03861111111111111,693,0,0
47,7,12,0.2,wave,0.075,3,0.03861111111111111,673,0,0
47,7,13,0.2,wave,0.075,3,0.03861111111111111,683,0,0
47,7,14,0.2,wave,0.075,3,0.03861111111111111,674,0,0
47,7,15,0.2,wave,0.075,3,0.03861111111111111,683,0,0
47,7,16,0.2,wave,0.075,3,0.03861111111111111,668,0,0
47,7,17,0.2,wave,0.075,3,0.03861111111111111,681,0,0
47,7,18,0.2,wave,0.075,3,0.03861111111111111,669,0,0
47,7,19,0.2,wave,0.075,3,0.03861111111111111,681,0,0
47,7,20,0.2,wave,0.075,3,0.03861111111111111,968,0,0
47,7,21,0.2,wave,0.075,3,0.03861111111111111,978,0,0
47,7,22,0.2,wave,0.075,3,0.03861111111111111,969,0,0
47,7,23,0.2,wave,0.075,3,0.03861111111111111,975,0,0
47,7,24,0.2,wave,0.075,3,0.03861111111111111,952,0,0
47,7,25,0.2,wave,0.075,3,0.03861111111111111,962,0,0
47,7,26,0.2,wave,0.075,3,0.03861111111111111,951,0,0
47,7,27,0.2,wave,0.075,3,0.03861111111111111,960,0,0
47,7,28,0.2,wave,0.075,3,0.03861111111111111,942,0,0
47,7,29,0.2,wave,0.075,3,0.03861111111111111,947,0,0
47,7,30,0.2,wave,0.075,3,0.03861111111111111,923,0,0
47,7,31,0.2,wave,0.075,3,0.03861111111111111,919,0,0
47,7,32,0.2,wave,0.075,3,0.03861111111111111,897,0,0
47,7,33,0.2,wave,0.075,3,0.03861111111111111,858,0,0
47,7,34,0.2,wave,0.075,3,0.03861111111111111,858,0,0
47,7,35,0.2,wave,0.075,3,0.03861111111111111,854,0,0
47,7,36,0.2,wave,0.075,3,0.03861111111111111,836,0,0
47,7,37,0.2,wave,0.075,3,0.03861111111111111,850,0,0
47,7,38,0.2,wave,0.075,3,0.03861111111111111,835,0,0
47,7,39,0.2,wave,0.075,3,0.03861111111111111,826,0,0
47,7,40,0.2,wave,0.075,3,0.03861111111111111,819,0,0
47,7,41,0.2,wave,0.075,3,0.03861111111111111,825,0,0
47,7,42,0.2,wave,0.075,3,0.03861111111111111,807,0,0
47,7,43,0.2,wave,0.075,3,0.03861111111111111,812,0,0
47,7,44,0.2,wave,0.075,3,0.03861111111111111,795,0,0
47,7,45,0.2,wave,0.075,3,0.03861111111111111,792,0,0
47,7,46,0.2,wave,0.075,3,0.03861111111111111,779,0,0
47,7,47,0.2,wave,0.075,3,0.03861111111111111,787,0,0
47,7,48,0.2,wave,0.075,3,0.03861111111111111,758,0,0
47,7,49,0.2,wave,0.075,3,0.03861111111111111,758,0,0
47,7,50,0.2,wave,0.075,3,0.03861111111111111,738,0,0
47,7,51,0.2,wave,0.075,3,0.03861111111111111,734,0,0
47,7,52,0.2,wave,0.075,3,0.03861111111111111,723,0,0
47,8,1,0.2,wave,0.075,3,0.03861111111111111,732,0,0
47,8,2,0.2,wave,0.075,3,0.03861111111111111,726,0,0
47,8,3,0.2,wave,0.075,3,0.03861111111111111,728,0,0
47,8,4,0.2,wave,0.075,3,0.03861111111111111,722,0,0
47,8,5,0.2,wave,0.075,3,0.03861111111111111,726,0,0
47,8,6,0.2,wave,0.075,3,0.03861111111111111,716,0,0
47,8,7,0.2,wave,0.075,3,0.03861111111111111,725,0,0
47,8,8,0.2,wave,0.075,3,0.03861111111111111,717,0,0
47,8,9,0.2,wave,0.075,3,0.03861111111111111,723,0,0
47,8,10,0.2,wave,0.075,3,0.03861111111111111,713,0,0
47,8,11,0.2,wave,0.075,3,0.03861111111111111,710,0,0
47,8,12,0.2,wave,0.075,3,0.03861111111111111,699,0,0
47,8,13,0.2,wave,0.075,3,0.03861111111111111,708,0,0
47,8,14,0.2,wave,0.075,3,0.03861111111111111,697,0,0
47,8,15,0.2,wave,0.075,3,0.03861111111111111,708,0,0
47,8,16,0.2,wave,0.075,3,0.03861111111111111,696,0,0
47,8,17,0.2,wave,0.075,3,0.03861111111111111,697,0,0
47,8,18,0.2,wave,0.075,3,0.03861111111111111,695,0,0
47,8,19,0.2,wave,0.075,3,0.03861111111111111,697,0,0
47,8,20,0.2,wave,0.075,3,0.03861111111111111,1001,0,0
47,8,21,0.2,wave,0.075,3,0.03861111111111111,979,0,0
47,8,22,0.2,wave,0.075,3,0.03861111111111111,955,0,0
47,8,23,0.2,wave,0.075,3,0.03861111111111111,944,0,0
47,8,24,0.2,wave,0.075,3,0.03861111111111111,943,0,0
47,8,25,0.2,wave,0.075,3,0.03861111111111111,943,0,0
47,8,26,0.2,wave,0.075,3,0.03861111111111111,932,0,0
47,8,27,0.2,wave,0.075,3,0.03861111111111111,899,0,0
47,8,28,0.2,wave,0.075,3,0.03861111111111111,858,0,0
47,8,29,0.2,wave,0.075,3,0.03861111111111111,855,0,0
47,8,30,0.2,wave,0.075,3,0.03861111111111111,846,0,0
47,8,31,0.2,wave,0.075,3,0.03861111111111111,848,0,0
47,8,32,0.2,wave,0.075,3,0.03861111111111111,839,0,0
47,8,33,0.2,wave,0.075,3,0.03861111111111111,820,0,0
47,8,34,0.2,wave,0.075,3,0.03861111111111111,814,0,0
47,8,35,0.2,wave,0.075,3,0.03861111111111111,818,0,0
47,8,36,0.2,wave,0.075,3,0.03861111111111111,813,0,0
47,8,37,0.2,wave,0.075,3,0.03861111111111111,803,0,0
47,8,38,0.2,wave,0.075,3,0.03861111111111111,815,0,0
47,8,39,0.2,wave,0.075,3,0.03861111111111111,801,0,0
47,8,40,0.2,wave,0.075,3,0.03861111111111111,814,0,0
47,8,41,0.2,wave,0.075,3,0.03861111111111111,801,0,0
47,8,42,0.2,wave,0.075,3,0.03861111111111111,817,0,0
47,8,43,0.2,wave,0.075,3,0.03861111111111111,789,0,0
47,8,44,0.2,wave,0.075,3,0.03861111111111111,804,0,0
47,8,45,0.2,wave,0.075,3,0.03861111111111111,779,0,0
47,8,46,0.2,wave,0.075,3,0.03861111111111111,788,0,0
47,8,47,0.2,wave,0.075,3,0.03861111111111111,778,0,0
47,8,48,0.2,wave,0.075,3,0.03861111111111111,782,0,0
47,8,49,0.2,wave,0.075,3,0.03861111111111111,771,0,0
47,8,50,0.2,wave,0.075,3,0.03861111111111111,778,0,0
47,8,51,0.2,wave,0.075,3,0.03861111111111111,752,0,0
47,8,52,0.2,wave,0.075,3,0.03861111111111111,760,0,0
47,9,1,0.2,wave,0.075,3,0.03861111111111111,748,0,0
47,9,2,0.2,wave,0.075,3,0.03861111111111111,755,0,0
47,9,3,0.2,wave,0.075,3,0.03861111111111111,750,0,0
47,9,4,0.2,wave,0.075,3,0.03861111111111111,749,0,0
47,9,5,0.2,wave,0.075,3,0.03861111111111111,745,0,0
47,9,6,0.2,wave,0.075,3,0.03861111111111111,732,0,0
47,9,7,0.2,wave,0.075,3,0.03861111111111111,735,0,0
47,9,8,0.2,wave,0.075,3,0.03861111111111111,731,0,0
47,9,9,0.2,wave,0.075,3,0.03861111111111111,735,0,0
47,9,10,0.2,wave,0.075,3,0.03861111111111111,729,0,0
47,9,11,0.2,wave,0.075,3,0.03861111111111111,721,0,0
47,9,12,0.2,wave,0.075,3,0.03861111111111111,725,0,0
47,9,13,0.2,wave,0.075,3,0.03861111111111111,716,0,0
47,9,14,0.2,wave,0.075,3,0.03861111111111111,725,0,0
47,9,15,0.2,wave,0.075,3,0.03861111111111111,717,0,0
47,9,16,0.2,wave,0.075,3,0.03861111111111111,726,0,0
47,9,17,0.2,wave,0.075,3,0.03861111111111111,715,0,0
47,9,18,0.2,wave,0.075,3,0.03861111111111111,726,0,0
47,9,19,0.2,wave,0.075,3,0.03861111111111111,716,0,0
47,9,20,0.2,wave,0.075,3,0.03861111111111111,980,0,0
47,9,21,0.2,wave,0.075,3,0.03861111111111111,969,0,0
47,9,22,0.2,wave,0.075,3,0.03861111111111111,944,0,0
47,9,23,0.2,wave,0.075,3,0.03861111111111111,932,0,0
47,9,24,0.2,wave,0.075,3,0.03861111111111111,932,0,0
47,9,25,0.2,wave,0.075,3,0.03861111111111111,923,0,0
47,9,26,0.2,wave,0.075,3,0.03861111111111111,927,0,0
47,9,27,0.2,wave,0.075,3,0.03861111111111111,918,0,0
47,9,28,0.2,wave,0.075,3,0.03861111111111111,886,0,0
47,9,29,0.2,wave,0.075,3,0.03861111111111111,867,0,0
47,9,30,0.2,wave,0.075,3,0.03861111111111111,839,0,0
47,9,31,0.2,wave,0.075,3,0.03861111111111111,848,0,0
47,9,32,0.2,wave,0.075,3,0.03861111111111111,836,0,0
47,9,33,0.2,wave,0.075,3,0.03861111111111111,832,0,0
47,9,34,0.2,wave,0.075,3,0.03861111111111111,818,0,0
47,9,35,0.2,wave,0.075,3,0.03861111111111111,831,0,0
47,9,36,0.2,wave,0.075,3,0.03861111111111111,804,0,0
47,9,37,0.2,wave,0.075,3,0.03861111111111111,820,0,0
47,9,38,0.2,wave,0.075,3,0.03861111111111111,810,0,0
47,9,39,0.2,wave,0.075,3,0.03861111111111111,817,0,0
47,9,40,0.2,wave,0.075,3,0.03861111111111111,802,0,0
47,9,41,0.2,wave,0.075,3,0.03861111111111111,821,0,0
47,9,42,0.2,wave,0.075,3,0.03861111111111111,805,0,0
47,9,43,0.2,wave,0.075,3,0.03861111111111111,794,0,0
47,9,44,0.2,wave,0.075,3,0.03861111111111111,752,0,0
47,9,45,0.2,wave,0.075,3,0.03861111111111111,769,0,0
47,9,46,0.2,wave,0.075,3,0.03861111111111111,753,0,0
47,9,47,0.2,wave,0.075,3,0.03861111111111111,767,0,0
47,9,48,0.2,wave,0.075,3,0.03861111111111111,752,0,0
47,9,49,0.2,wave,0.075,3,0.03861111111111111,749,0,0
47,9,50,0.2,wave,0.075,3,0.03861111111111111,735,0,0
47,9,51,0.2,wave,0.075,3,0.03861111111111111,744,0,0
47,9,52,0.2,wave,0.075,3,0.03861111111111111,734,0,0
47,10,1,0.2,wave,0.075,3,0.03861111111111111,740,0,0
47,10,2,0.2,wave,0.075,3,0.03861111111111111,730,0,0
47,10,3,0.2,wave,0.075,3,0.03861111111111111,739,0,0
47,10,4,0.2,wave,0.075,3,0.03861111111111111,732,0,0
47,10,5,0.2,wave,0.075,3,0.03861111111111111,736,0,0
47,10,6,0.2,wave,0.075,3,0.03861111111111111,727,0,0
47,10,7,0.2,wave,0.075,3,0.03861111111111111,740,0,0
47,10,8,0.2,wave,0.075,3,0.03861111111111111,715,0,0
47,10,9,0.2,wave,0.075,3,0.03861111111111111,723,0,0
47,10,10,0.2,wave,0.075,3,0.03861111111111111,701,0,0
47,10,11,0.2,wave,0.075,3,0.03861111111111111,700,0,0
47,10,12,0.2,wave,0.075,3,0.03861111111111111,690,0,0
47,10,13,0.2,wave,0.075,3,0.03861111111111111,700,0,0
47,10,14,0.2,wave,0.075,3,0.03861111111111111,691,0,0
47,10,15,0.2,wave,0.075,3,0.03861111111111111,703,0,0
47,10,16,0.2,wave,0.075,3,0.03861111111111111,690,0,0
47,10,17,0.2,wave,0.075,3,0.03861111111111111,706,0,0
47,10,18,0.2,wave,0.075,3,0.03861111111111111,690,0,0
47,10,19,0.2,wave,0.075,3,0.03861111111111111,699,0,0
47,10,20,0.2,wave,0.075,3,0.03861111111111111,923,0,0
47,10,21,0.2,wave,0.075,3,0.03861111111111111,890,0,0
47,10,22,0.2,wave,0.075,3,0.03861111111111111,866,0,0
47,10,23,0.2,wave,0.075,3,0.03861111111111111,872,0,0
47,10,24,0.2,wave,0.075,3,0.03861111111111111,859,0,0
47,10,25,0.2,wave,0.075,3,0.03861111111111111,874,0,0
47,10,26,0.2,wave,0.075,3,0.03861111111111111,823,0,0
47,10,27,0.2,wave,0.075,3,0.03861111111111111,841,0,0
47,10,28,0.2,wave,0.075,3,0.03861111111111111,823,0,0
47,10,29,0.2,wave,0.075,3,0.03861111111111111,818,0,0
47,10,30,0.2,wave,0.075,3,0.03861111111111111,809,0,0
47,10,31,0.2,wave,0.075,3,0.03861111111111111,794,0,0
47,10,32,0.2,wave,0.075,3,0.03861111111111111,759,0,0
47,10,33,0.2,wave,0.075,3,0.03861111111111111,758,0,0
47,10,34,0.2,wave,0.075,3,0.03861111111111111,750,0,0
47,10,35,0.2,wave,0.075,3,0.03861111111111111,763,0,0
47,10,36,0.2,wave,0.075,3,0.03861111111111111,730,0,0
47,10,37,0.2,wave,0.075,3,0.03861111111111111,748,0,0
47,10,38,0.2,wave,0.075,3,0.03861111111111111,732,0,0
47,10,39,0.2,wave,0.075,3,0.03861111111111111,726,0,0
47,10,40,0.2,wave,0.075,3,0.03861111111111111,720,0,0
47,10,41,0.2,wave,0.075,3,0.03861111111111111,727,0,0
47,10,42,0.2,wave,0.075,3,0.03861111111111111,717,0,0
47,10,43,0.2,wave,0.075,3,0.03861111111111111,723,0,0
47,10,44,0.2,wave,0.075,3,0.03861111111111111,717,0,0
47,10,45,0.2,wave,0.075,3,0.03861111111111111,718,0,0
47,10,46,0.2,wave,0.075,3,0.03861111111111111,713,0,0
47,10,47,0.2,wave,0.075,3,0.03861111111111111,722,0,0
47,10,48,0.2,wave,0.075,3,0.03861111111111111,712,0,0
47,10,49,0.2,wave,0.075,3,0.03861111111111111,720,0,0
47,10,50,0.2,wave,0.075,3,0.03861111111111111,707,0,0
47,10,51,0.2,wave,0.075,3,0.03861111111111111,718,0,0
47,10,52,0.2,wave,0.075,3,0.03861111111111111,696,0,0
48,1,1,0.2,wave,0.075,3,0.024722222222222222,6699,65,11
48,1,2,0.2,wave,0.075,3,0.024722222222222222,6575,77,20
48,1,3,0.2,wave,0.075,3,0.024722222222222222,6436,101,41
48,1,4,0.2,wave,0.075,3,0.024722222222222222,6297,140,53
48,1,5,0.2,wave,0.075,3,0.024722222222222222,6123,171,64
48,1,6,0.2,wave,0.075,3,0.024722222222222222,5840,217,72
48,1,7,0.2,wave,0.075,3,0.024722222222222222,5710,243,73
48,1,8,0.2,wave,0.075,3,0.024722222222222222,5485,280,88
48,1,9,0.2,wave,0.075,3,0.024722222222222222,5212,332,112
48,1,10,0.2,wave,0.075,3,0.024722222222222222,4945,357,147
48,1,11,0.2,wave,0.075,3,0.024722222222222222,4810,421,174
48,1,12,0.2,wave,0.075,3,0.024722222222222222,4542,459,182
48,1,13,0.2,wave,0.075,3,0.024722222222222222,4340,511,199
48,1,14,0.2,wave,0.075,3,0.024722222222222222,4201,555,214
48,1,15,0.2,wave,0.075,3,0.024722222222222222,4080,608,260
48,1,16,0.2,wave,0.075,3,0.024722222222222222,3915,599,267
48,1,17,0.2,wave,0.075,3,0.024722222222222222,3769,590,281
48,1,18,0.2,wave,0.075,3,0.024722222222222222,3591,543,267
48,1,19,0.2,wave,0.075,3,0.024722222222222222,3468,519,276
48,1,20,0.2,wave,0.075,3,0.024722222222222222,4967,471,254
48,1,21,0.2,wave,0.075,3,0.024722222222222222,4682,534,244
48,1,22,0.2,wave,0.075,3,0.024722222222222222,4435,531,233
48,1,23,0.2,wave,0.075,3,0.024722222222222222,4248,537,247
48,1,24,0.2,wave,0.075,3,0.024722222222222222,4202,532,253
48,1,25,0.2,wave,0.075,3,0.024722222222222222,3972,510,251
48,1,26,0.2,wave,0.075,3,0.024722222222222222,3950,507,240
48,1,27,0.2,wave,0.075,3,0.024722222222222222,3778,458,215
48,1,28,0.2,wave,0.075,3,0.024722222222222222,3681,437,209
48,1,29,0.2,wave,0.075,3,0.024722222222222222,3592,434,215
48,1,30,0.2,wave,0.075,3,0.024722222222222222,3454,433,213
48,1,31,0.2,wave,0.075,3,0.024722222222222222,3304,446,211
48,1,32,0.2,wave,0.075,3,0.024722222222222222,3181,427,206
48,1,33,0.2,wave,0.075,3,0.024722222222222222,3071,421,214
48,1,34,0.2,wave,0.075,3,0.024722222222222222,2954,397,196
48,1,35,0.2,wave,0.075,3,0.024722222222222222,2819,387,197
48,1,36,0.2,wave,0.075,3,0.024722222222222222,2677,369,174
48,1,37,0.2,wave,0.075,3,0.024722222222222222,2609,360,180
48,1,38,0.2,wave,0.075,3,0.024722222222222222,2506,348,166
48,1,39,0.2,wave,0.075,3,0.024722222222222222,2416,344,163
48,1,40,0.2,wave,0.075,3,0.024722222222222222,2289,348,160
48,1,41,0.2,wave,0.075,3,0.024722222222222222,2215,333,171
48,1,42,0.2,wave,0.075,3,0.024722222222222222,2120,320,169
48,1,43,0.2,wave,0.075,3,0.024722222222222222,2033,281,158
48,1,44,0.2,wave,0.075,3,0.024722222222222222,1963,269,147
48,1,45,0.2,wave,0.075,3,0.024722222222222222,1868,243,138
48,1,46,0.2,wave,0.075,3,0.024722222222222222,1801,217,122
48,1,47,0.2,wave,0.075,3,0.024722222222222222,1721,179,106
48,1,48,0.2,wave,0.075,3,0.024722222222222222,1649,158,89
48,1,49,0.2,wave,0.075,3,0.024722222222222222,1597,136,76
48,1,50,0.2,wave,0.075,3,0.024722222222222222,1540,119,60
48,1,51,0.2,wave,0.075,3,0.024722222222222222,1506,108,57
48,1,52,0.2,wave,0.075,3,0.024722222222222222,1460,101,54
48,2,1,0.2,wave,0.075,3,0.024722222222222222,1422,82,43
48,2,2,0.2,wave,0.075,3,0.024722222222222222,1370,73,40
48,2,3,0.2,wave,0.075,3,0.024722222222222222,1340,66,35
48,2,4,0.2,wave,0.075,3,0.024722222222222222,1316,62,33
48,2,5,0.2,wave,0.075,3,0.024722222222222222,1295,54,26
48,2,6,0.2,wave,0.075,3,0.024722222222222222,1277,50,23
48,2,7,0.2,wave,0.075,3,0.024722222222222222,1249,44,24
48,2,8,0.2,wave,0.075,3,0.024722222222222222,1231,44,26
48,2,9,0.2,wave,0.075,3,0.024722222222222222,1220,44,26
48,2,10,0.2,wave,0.075,3,0.024722222222222222,1202,39,22
48,2,11,0.2,wave,0.075,3,0.024722222222222222,1184,38,18
48,2,12,0.2,wave,0.075,3,0.024722222222222222,1176,37,24
48,2,13,0.2,wave,0.075,3,0.024722222222222222,1163,37,20
48,2,14,0.2,wave,0.075,3,0.024722222222222222,1160,37,19
48,2,15,0.2,wave,0.075,3,0.024722222222222222,1142,28,8
48,2,16,0.2,wave,0.075,3,0.024722222222222222,1131,27,11
48,2,17,0.2,wave,0.075,3,0.024722222222222222,1115,24,13
48,2,18,0.2,wave,0.075,3,0.024722222222222222,1109,26,14
48,2,19,0.2,wave,0.075,3,0.024722222222222222,1101,20,9
48,2,20,0.2,wave,0.075,3,0.024722222222222222,1588,15,9
48,2,21,0.2,wave,0.075,3,0.024722222222222222,1570,20,11
48,2,22,0.2,wave,0.075,3,0.024722222222222222,1562,21,11
48,2,23,0.2,wave,0.075,3,0.024722222222222222,1557,20,7
48,2,24,0.2,wave,0.075,3,0.024722222222222222,1518,18,9
48,2,25,0.2,wave,0.075,3,0.024722222222222222,1500,17,9
48,2,26,0.2,wave,0.075,3,0.024722222222222222,1494,18,12
48,2,27,0.2,wave,0.075,3,0.024722222222222222,1468,16,7
48,2,28,0.2,wave,0.075,3,0.024722222222222222,1468,18,7
48,2,29,0.2,wave,0.075,3,0.024722222222222222,1437,14,7
48,2,30,0.2,wave,0.075,3,0.024722222222222222,1418,17,7
48,2,31,0.2,wave,0.075,3,0.024722222222222222,1399,16,8
48,2,32,0.2,wave,0.075,3,0.024722222222222222,1384,15,7
48,2,33,0.2,wave,0.075,3,0.024722222222222222,1354,16,8
48,2,34,0.2,wave,0.075,3,0.024722222222222222,1346,13,7
48,2,35,0.2,wave,0.075,3,0.024722222222222222,1302,12,7
48,2,36,0.2,wave,0.075,3,0.024722222222222222,1291,11,5
48,2,37,0.2,wave,0.075,3,0.024722222222222222,1243,7,3
48,2,38,0.2,wave,0.075,3,0.024722222222222222,1213,6,4
48,2,39,0.2,wave,0.075,3,0.024722222222222222,1202,4,3
48,2,40,0.2,wave,0.075,3,0.024722222222222222,1178,9,2
48,2,41,0.2,wave,0.075,3,0.024722222222222222,1154,3,0
48,2,42,0.2,wave,0.075,3,0.024722222222222222,1125,7,5
48,2,43,0.2,wave,0.075,3,0.024722222222222222,1119,4,3
48,2,44,0.2,wave,0.075,3,0.024722222222222222,1103,9,6
48,2,45,0.2,wave,0.075,3,0.024722222222222222,1075,4,0
48,2,46,0.2,wave,0.075,3,0.024722222222222222,1077,4,3
48,2,47,0.2,wave,0.075,3,0.024722222222222222,1051,4,2
48,2,48,0.2,wave,0.075,3,0.024722222222222222,1036,4,3
48,2,49,0.2,wave,0.075,3,0.024722222222222222,1019,2,0
48,2,50,0.2,wave,0.075,3,0.024722222222222222,1014,2,1
48,2,51,0.2,wave,0.075,3,0.024722222222222222,1012,2,1
48,2,52,0.2,wave,0.075,3,0.024722222222222222,999,1,1
48,3,1,0.2,wave,0.075,3,0.024722222222222222,981,1,1
48,3,2,0.2,wave,0.075,3,0.024722222222222222,978,0,0
48,3,3,0.2,wave,0.075,3,0.024722222222222222,975,1,1
48,3,4,0.2,wave,0.075,3,0.024722222222222222,960,0,0
48,3,5,0.2,wave,0.075,3,0.024722222222222222,953,0,0
48,3,6,0.2,wave,0.075,3,0.024722222222222222,951,1,0
48,3,7,0.2,wave,0.075,3,0.024722222222222222,937,0,0
48,3,8,0.2,wave,0.075,3,0.024722222222222222,927,1,0
48,3,9,0.2,wave,0.075,3,0.024722222222222222,924,0,0
48,3,10,0.2,wave,0.075,3,0.024722222222222222,918,1,0
48,3,11,0.2,wave,0.075,3,0.024722222222222222,915,0,0
48,3,12,0.2,wave,0.075,3,0.024722222222222222,900,2,1
48,3,13,0.2,wave,0.075,3,0.024722222222222222,899,1,0
48,3,14,0.2,wave,0.075,3,0.024722222222222222,875,0,0
48,3,15,0.2,wave,0.075,3,0.024722222222222222,874,0,0
48,3,16,0.2,wave,0.075,3,0.024722222222222222,871,0,0
48,3,17,0.2,wave,0.075,3,0.024722222222222222,853,0,0
48,3,18,0.2,wave,0.075,3,0.024722222222222222,853,0,0
48,3,19,0.2,wave,0.075,3,0.024722222222222222,853,0,0
48,3,20,0.2,wave,0.075,3,0.024722222222222222,1281,0,0
48,3,21,0.2,wave,0.075,3,0.024722222222222222,1255,0,0
48,3,22,0.2,wave,0.075,3,0.024722222222222222,1229,0,0
48,3,23,0.2,wave,0.075,3,0.024722222222222222,1200,0,0
48,3,24,0.2,wave,0.075,3,0.024722222222222222,1198,0,0
48,3,25,0.2,wave,0.075,3,0.024722222222222222,1176,0,0
48,3,26,0.2,wave,0.075,3,0.024722222222222222,1168,0,0
48,3,27,0.2,wave,0.075,3,0.024722222222222222,1142,0,0
48,3,28,0.2,wave,0.075,3,0.024722222222222222,1127,0,0
48,3,29,0.2,wave,0.075,3,0.024722222222222222,1098,0,0
48,3,30,0.2,wave,0.075,3,0.024722222222222222,1087,0,0
48,3,31,0.2,wave,0.075,3,0.024722222222222222,1053,0,0
48,3,32,0.2,wave,0.075,3,0.024722222222222222,1026,0,0
48,3,33,0.2,wave,0.075,3,0.024722222222222222,1028,0,0
48,3,34,0.2,wave,0.075,3,0.024722222222222222,1002,0,0
48,3,35,0.2,wave,0.075,3,0.024722222222222222,994,0,0
48,3,36,0.2,wave,0.075,3,0.024722222222222222,957,0,0
48,3,37,0.2,wave,0.075,3,0.024722222222222222,927,0,0
48,3,38,0.2,wave,0.075,3,0.024722222222222222,932,0,0
48,3,39,0.2,wave,0.075,3,0.024722222222222222,896,0,0
48,3,40,0.2,wave,0.075,3,0.024722222222222222,906,0,0
48,3,41,0.2,wave,0.075,3,0.024722222222222222,882,0,0
48,3,42,0.2,wave,0.075,3,0.024722222222222222,876,0,0
48,3,43,0.2,wave,0.075,3,0.024722222222222222,853,0,0
48,3,44,0.2,wave,0.075,3,0.024722222222222222,850,0,0
48,3,45,0.2,wave,0.075,3,0.024722222222222222,835,0,0
48,3,46,0.2,wave,0.075,3,0.024722222222222222,836,0,0
48,3,47,0.2,wave,0.075,3,0.024722222222222222,824,0,0
48,3,48,0.2,wave,0.075,3,0.024722222222222222,818,0,0
48,3,49,0.2,wave,0.075,3,0.024722222222222222,806,2,0
48,3,50,0.2,wave,0.075,3,0.024722222222222222,796,0,0
48,3,51,0.2,wave,0.075,3,0.024722222222222222,788,1,0
48,3,52,0.2,wave,0.075,3,0.024722222222222222,787,0,0
48,4,1,0.2,wave,0.075,3,0.024722222222222222,780,1,0
48,4,2,0.2,wave,0.075,3,0.024722222222222222,774,0,0
48,4,3,0.2,wave,0.075,3,0.024722222222222222,764,1,1
48,4,4,0.2,wave,0.075,3,0.024722222222222222,763,0,0
48,4,5,0.2,wave,0.075,3,0.024722222222222222,756,1,1
48,4,6,0.2,wave,0.075,3,0.024722222222222222,758,0,0
48,4,7,0.2,wave,0.075,3,0.024722222222222222,749,0,0
48,4,8,0.2,wave,0.075,3,0.024722222222222222,751,1,0
48,4,9,0.2,wave,0.075,3,0.024722222222222222,736,1,0
48,4,10,0.2,wave,0.075,3,0.024722222222222222,741,1,0
48,4,11,0.2,wave,0.075,3,0.024722222222222222,737,1,0
48,4,12,0.2,wave,0.075,3,0.024722222222222222,736,1,1
48,4,13,0.2,wave,0.075,3,0.024722222222222222,733,0,0
48,4,14,0.2,wave,0.075,3,0.024722222222222222,729,0,0
48,4,15,0.2,wave,0.075,3,0.024722222222222222,713,0,0
48,4,16,0.2,wave,0.075,3,0.024722222222222222,710,1,0
48,4,17,0.2,wave,0.075,3,0.024722222222222222,706,0,0
48,4,18,0.2,wave,0.075,3,0.024722222222222222,703,0,0
48,4,19,0.2,wave,0.075,3,0.024722222222222222,696,0,0
48,4,20,0.2,wave,0.075,3,0.024722222222222222,1003,0,0
48,4,21,0.2,wave,0.075,3,0.024722222222222222,959,0,0
48,4,22,0.2,wave,0.075,3,0.024722222222222222,966,1,0
48,4,23,0.2,wave,0.075,3,0.024722222222222222,943,1,0
48,4,24,0.2,wave,0.075,3,0.024722222222222222,949,2,1
48,4,25,0.2,wave,0.075,3,0.024722222222222222,917,1,1
48,4,26,0.2,wave,0.075,3,0.024722222222222222,902,0,0
48,4,27,0.2,wave,0.075,3,0.024722222222222222,874,2,2
48,4,28,0.2,wave,0.075,3,0.024722222222222222,878,2,0
48,4,29,0.2,wave,0.075,3,0.024722222222222222,851,3,1
48,4,30,0.2,wave,0.075,3,0.024722222222222222,859,2,1
48,4,31,0.2,wave,0.075,3,0.024722222222222222,816,3,2
48,4,32,0.2,wave,0.075,3,0.024722222222222222,818,0,0
48,4,33,0.2,wave,0.075,3,0.024722222222222222,785,2,2
48,4,34,0.2,wave,0.075,3,0.024722222222222222,779,0,0
48,4,35,0.2,wave,0.075,3,0.024722222222222222,748,1,1
48,4,36,0.2,wave,0.075,3,0.024722222222222222,763,0,0
48,4,37,0.2,wave,0.075,3,0.024722222222222222,736,0,0
48,4,38,0.2,wave,0.075,3,0.024722222222222222,730,0,0
48,4,39,0.2,wave,0.075,3,0.024722222222222222,712,0,0
48,4,40,0.2,wave,0.075,3,0.024722222222222222,700,0,0
48,4,41,0.2,wave,0.075,3,0.024722222222222222,669,0,0
48,4,42,0.2,wave,0.075,3,0.024722222222222222,671,0,0
48,4,43,0.2,wave,0.075,3,0.024722222222222222,651,0,0
48,4,44,0.2,wave,0.075,3,0.024722222222222222,660,0,0
48,4,45,0.2,wave,0.075,3,0.024722222222222222,626,0,0
48,4,46,0.2,wave,0.075,3,0.024722222222222222,635,0,0
48,4,47,0.2,wave,0.075,3,0.024722222222222222,616,0,0
48,4,48,0.2,wave,0.075,3,0.024722222222222222,616,0,0
48,4,49,0.2,wave,0.075,3,0.024722222222222222,603,0,0
48,4,50,0.2,wave,0.075,3,0.024722222222222222,604,0,0
48,4,51,0.2,wave,0.075,3,0.024722222222222222,588,0,0
48,4,52,0.2,wave,0.075,3,0.024722222222222222,582,0,0
48,5,1,0.2,wave,0.075,3,0.024722222222222222,573,0,0
48,5,2,0.2,wave,0.075,3,0.024722222222222222,577,0,0
48,5,3,0.2,wave,0.075,3,0.024722222222222222,571,0,0
48,5,4,0.2,wave,0.075,3,0.024722222222222222,570,0,0
48,5,5,0.2,wave,0.075,3,0.024722222222222222,560,0,0
48,5,6,0.2,wave,0.075,3,0.024722222222222222,560,0,0
48,5,7,0.2,wave,0.075,3,0.024722222222222222,556,0,0
48,5,8,0.2,wave,0.075,3,0.024722222222222222,552,0,0
48,5,9,0.2,wave,0.075,3,0.024722222222222222,556,0,0
48,5,10,0.2,wave,0.075,3,0.024722222222222222,538,0,0
48,5,11,0.2,wave,0.075,3,0.024722222222222222,537,0,0
48,5,12,0.2,wave,0.075,3,0.024722222222222222,539,0,0
48,5,13,0.2,wave,0.075,3,0.024722222222222222,535,0,0
48,5,14,0.2,wave,0.075,3,0.024722222222222222,536,0,0
48,5,15,0.2,wave,0.075,3,0.024722222222222222,529,0,0
48,5,16,0.2,wave,0.075,3,0.024722222222222222,519,0,0
48,5,17,0.2,wave,0.075,3,0.024722222222222222,519,0,0
48,5,18,0.2,wave,0.075,3,0.024722222222222222,518,0,0
48,5,19,0.2,wave,0.075,3,0.024722222222222222,515,0,0
48,5,20,0.2,wave,0.075,3,0.024722222222222222,730,0,0
48,5,21,0.2,wave,0.075,3,0.024722222222222222,717,0,0
48,5,22,0.2,wave,0.075,3,0.024722222222222222,707,0,0
48,5,23,0.2,wave,0.075,3,0.024722222222222222,686,0,0
48,5,24,0.2,wave,0.075,3,0.024722222222222222,695,0,0
48,5,25,0.2,wave,0.075,3,0.024722222222222222,676,0,0
48,5,26,0.2,wave,0.075,3,0.024722222222222222,673,0,0
48,5,27,0.2,wave,0.075,3,0.024722222222222222,663,0,0
48,5,28,0.2,wave,0.075,3,0.024722222222222222,649,0,0
48,5,29,0.2,wave,0.075,3,0.024722222222222222,644,0,0
48,5,30,0.2,wave,0.075,3,0.024722222222222222,624,0,0
48,5,31,0.2,wave,0.075,3,0.024722222222222222,604,0,0
48,5,32,0.2,wave,0.075,3,0.024722222222222222,600,0,0
48,5,33,0.2,wave,0.075,3,0.024722222222222222,582,0,0
48,5,34,0.2,wave,0.075,3,0.024722222222222222,569,0,0
48,5,35,0.2,wave,0.075,3,0.024722222222222222,558,0,0
48,5,36,0.2,wave,0.075,3,0.024722222222222222,544,0,0
48,5,37,0.2,wave,0.075,3,0.024722222222222222,531,0,0
48,5,38,0.2,wave,0.075,3,0.024722222222222222,528,0,0
48,5,39,0.2,wave,0.075,3,0.024722222222222222,522,0,0
48,5,40,0.2,wave,0.075,3,0.024722222222222222,522,0,0
48,5,41,0.2,wave,0.075,3,0.024722222222222222,513,0,0
48,5,42,0.2,wave,0.075,3,0.024722222222222222,512,0,0
48,5,43,0.2,wave,0.075,3,0.024722222222222222,511,0,0
48,5,44,0.2,wave,0.075,3,0.024722222222222222,499,0,0
48,5,45,0.2,wave,0.075,3,0.024722222222222222,494,0,0
48,5,46,0.2,wave,0.075,3,0.024722222222222222,494,0,0
48,5,47,0.2,wave,0.075,3,0.024722222222222222,484,0,0
48,5,48,0.2,wave,0.075,3,0.024722222222222222,484,0,0
48,5,49,0.2,wave,0.075,3,0.024722222222222222,477,0,0
48,5,50,0.2,wave,0.075,3,0.024722222222222222,466,0,0
48,5,51,0.2,wave,0.075,3,0.024722222222222222,453,0,0
48,5,52,0.2,wave,0.075,3,0.024722222222222222,459,0,0
48,6,1,0.2,wave,0.075,3,0.024722222222222222,451,0,0
48,6,2,0.2,wave,0.075,3,0.024722222222222222,453,0,0
48,6,3,0.2,wave,0.075,3,0.024722222222222222,448,0,0
48,6,4,0.2,wave,0.075,3,0.024722222222222222,446,0,0
48,6,5,0.2,wave,0.075,3,0.024722222222222222,437,0,0
48,6,6,0.2,wave,0.075,3,0.024722222222222222,439,0,0
48,6,7,0.2,wave,0.075,3,0.024722222222222222,432,0,0
48,6,8,0.2,wave,0.075,3,0.024722222222222222,437,0,0
48,6,9,0.2,wave,0.075,3,0.024722222222222222,430,0,0
48,6,10,0.2,wave,0.075,3,0.024722222222222222,433,0,0
48,6,11,0.2,wave,0.075,3,0.024722222222222222,426,0,0
48,6,12,0.2,wave,0.075,3,0.024722222222222222,430,0,0
48,6,13,0.2,wave,0.075,3,0.024722222222222222,424,0,0
48,6,14,0.2,wave,0.075,3,0.024722222222222222,428,0,0
48,6,15,0.2,wave,0.075,3,0.024722222222222222,420,0,0
48,6,16,0.2,wave,0.075,3,0.024722222222222222,425,0,0
48,6,17,0.2,wave,0.075,3,0.024722222222222222,417,0,0
48,6,18,0.2,wave,0.075,3,0.024722222222222222,411,0,0
48,6,19,0.2,wave,0.075,3,0.024722222222222222,403,0,0
48,6,20,0.2,wave,0.075,3,0.024722222222222222,603,0,0
48,6,21,0.2,wave,0.075,3,0.024722222222222222,567,0,0
48,6,22,0.2,wave,0.075,3,0.024722222222222222,555,0,0
48,6,23,0.2,wave,0.075,3,0.024722222222222222,549,0,0
48,6,24,0.2,wave,0.075,3,0.024722222222222222,546,0,0
48,6,25,0.2,wave,0.075,3,0.024722222222222222,543,0,0
48,6,26,0.2,wave,0.075,3,0.024722222222222222,540,0,0
48,6,27,0.2,wave,0.075,3,0.024722222222222222,533,0,0
48,6,28,0.2,wave,0.075,3,0.024722222222222222,533,0,0
48,6,29,0.2,wave,0.075,3,0.024722222222222222,532,0,0
48,6,30,0.2,wave,0.075,3,0.024722222222222222,522,0,0
48,6,31,0.2,wave,0.075,3,0.024722222222222222,516,0,0
48,6,32,0.2,wave,0.075,3,0.024722222222222222,511,0,0
48,6,33,0.2,wave,0.075,3,0.024722222222222222,493,0,0
48,6,34,0.2,wave,0.075,3,0.024722222222222222,502,0,0
48,6,35,0.2,wave,0.075,3,0.024722222222222222,493,0,0
48,6,36,0.2,wave,0.075,3,0.024722222222222222,481,0,0
48,6,37,0.2,wave,0.075,3,0.024722222222222222,469,0,0
48,6,38,0.2,wave,0.075,3,0.024722222222222222,476,0,0
48,6,39,0.2,wave,0.075,3,0.024722222222222222,450,0,0
48,6,40,0.2,wave,0.075,3,0.024722222222222222,471,0,0
48,6,41,0.2,wave,0.075,3,0.024722222222222222,451,0,0
48,6,42,0.2,wave,0.075,3,0.024722222222222222,455,0,0
48,6,43,0.2,wave,0.075,3,0.024722222222222222,429,0,0
48,6,44,0.2,wave,0.075,3,0.024722222222222222,442,0,0
48,6,45,0.2,wave,0.075,3,0.024722222222222222,423,0,0
48,6,46,0.2,wave,0.075,3,0.024722222222222222,429,0,0
48,6,47,0.2,wave,0.075,3,0.024722222222222222,414,0,0
48,6,48,0.2,wave,0.075,3,0.024722222222222222,413,0,0
48,6,49,0.2,wave,0.075,3,0.024722222222222222,401,0,0
48,6,50,0.2,wave,0.075,3,0.024722222222222222,406,0,0
48,6,51,0.2,wave,0.075,3,0.024722222222222222,398,0,0
48,6,52,0.2,wave,0.075,3,0.024722222222222222,405,0,0
48,7,1,0.2,wave,0.075,3,0.024722222222222222,398,0,0
48,7,2,0.2,wave,0.075,3,0.024722222222222222,401,0,0
48,7,3,0.2,wave,0.075,3,0.024722222222222222,393,0,0
48,7,4,0.2,wave,0.075,3,0.024722222222222222,389,0,0
48,7,5,0.2,wave,0.075,3,0.024722222222222222,380,0,0
48,7,6,0.2,wave,0.075,3,0.024722222222222222,387,0,0
48,7,7,0.2,wave,0.075,3,0.024722222222222222,381,0,0
48,7,8,0.2,wave,0.075,3,0.024722222222222222,383,0,0
48,7,9,0.2,wave,0.075,3,0.024722222222222222,381,0,0
48,7,10,0.2,wave,0.075,3,0.024722222222222222,382,0,0
48,7,11,0.2,wave,0.075,3,0.024722222222222222,378,0,0
48,7,12,0.2,wave,0.075,3,0.024722222222222222,385,0,0
48,7,13,0.2,wave,0.075,3,0.024722222222222222,377,0,0
48,7,14,0.2,wave,0.075,3,0.024722222222222222,382,0,0
48,7,15,0.2,wave,0.075,3,0.024722222222222222,376,0,0
48,7,16,0.2,wave,0.075,3,0.024722222222222222,381,0,0
48,7,17,0.2,wave,0.075,3,0.024722222222222222,374,0,0
48,7,18,0.2,wave,0.075,3,0.024722222222222222,380,0,0
48,7,19,0.2,wave,0.075,3,0.024722222222222222,373,0,0
48,7,20,0.2,wave,0.075,3,0.024722222222222222,582,0,0
48,7,21,0.2,wave,0.075,3,0.024722222222222222,578,0,0
48,7,22,0.2,wave,0.075,3,0.024722222222222222,575,0,0
48,7,23,0.2,wave,0.075,3,0.024722222222222222,578,0,0
48,7,24,0.2,wave,0.075,3,0.024722222222222222,543,0,0
48,7,25,0.2,wave,0.075,3,0.024722222222222222,553,0,0
48,7,26,0.2,wave,0.075,3,0.024722222222222222,532,0,0
48,7,27,0.2,wave,0.075,3,0.024722222222222222,536,0,0
48,7,28,0.2,wave,0.075,3,0.024722222222222222,525,0,0
48,7,29,0.2,wave,0.075,3,0.024722222222222222,526,0,0
48,7,30,0.2,wave,0.075,3,0.024722222222222222,521,0,0
48,7,31,0.2,wave,0.075,3,0.024722222222222222,511,0,0
48,7,32,0.2,wave,0.075,3,0.024722222222222222,481,0,0
48,7,33,0.2,wave,0.075,3,0.024722222222222222,482,0,0
48,7,34,0.2,wave,0.075,3,0.024722222222222222,470,0,0
48,7,35,0.2,wave,0.075,3,0.024722222222222222,464,0,0
48,7,36,0.2,wave,0.075,3,0.024722222222222222,458,0,0
48,7,37,0.2,wave,0.075,3,0.024722222222222222,461,0,0
48,7,38,0.2,wave,0.075,3,0.024722222222222222,453,0,0
48,7,39,0.2,wave,0.075,3,0.024722222222222222,454,0,0
48,7,40,0.2,wave,0.075,3,0.024722222222222222,454,0,0
48,7,41,0.2,wave,0.075,3,0.024722222222222222,456,0,0
48,7,42,0.2,wave,0.075,3,0.024722222222222222,448,0,0
48,7,43,0.2,wave,0.075,3,0.024722222222222222,448,0,0
48,7,44,0.2,wave,0.075,3,0.024722222222222222,441,0,0
48,7,45,0.2,wave,0.075,3,0.024722222222222222,441,0,0
48,7,46,0.2,wave,0.075,3,0.024722222222222222,438,0,0
48,7,47,0.2,wave,0.075,3,0.024722222222222222,438,0,0
48,7,48,0.2,wave,0.075,3,0.024722222222222222,437,0,0
48,7,49,0.2,wave,0.075,3,0.024722222222222222,432,0,0
48,7,50,0.2,wave,0.075,3,0.024722222222222222,434,0,0
48,7,51,0.2,wave,0.075,3,0.024722222222222222,424,0,0
48,7,52,0.2,wave,0.075,3,0.024722222222222222,431,0,0
48,8,1,0.2,wave,0.075,3,0.024722222222222222,422,0,0
48,8,2,0.2,wave,0.075,3,0.024722222222222222,421,0,0
48,8,3,0.2,wave,0.075,3,0.024722222222222222,421,0,0
48,8,4,0.2,wave,0.075,3,0.024722222222222222,405,0,0
48,8,5,0.2,wave,0.075,3,0.024722222222222222,403,0,0
48,8,6,0.2,wave,0.075,3,0.024722222222222222,402,0,0
48,8,7,0.2,wave,0.075,3,0.024722222222222222,403,0,0
48,8,8,0.2,wave,0.075,3,0.024722222222222222,407,0,0
48,8,9,0.2,wave,0.075,3,0.024722222222222222,402,0,0
48,8,10,0.2,wave,0.075,3,0.024722222222222222,403,0,0
48,8,11,0.2,wave,0.075,3,0.024722222222222222,400,0,0
48,8,12,0.2,wave,0.075,3,0.024722222222222222,402,0,0
48,8,13,0.2,wave,0.075,3,0.024722222222222222,402,0,0
48,8,14,0.2,wave,0.075,3,0.024722222222222222,402,0,0
48,8,15,0.2,wave,0.075,3,0.024722222222222222,401,0,0
48,8,16,0.2,wave,0.075,3,0.024722222222222222,404,0,0
48,8,17,0.2,wave,0.075,3,0.024722222222222222,390,0,0
48,8,18,0.2,wave,0.075,3,0.024722222222222222,390,0,0
48,8,19,0.2,wave,0.075,3,0.024722222222222222,389,0,0
48,8,20,0.2,wave,0.075,3,0.024722222222222222,600,0,0
48,8,21,0.2,wave,0.075,3,0.024722222222222222,575,0,0
48,8,22,0.2,wave,0.075,3,0.024722222222222222,569,0,0
48,8,23,0.2,wave,0.075,3,0.024722222222222222,547,0,0
48,8,24,0.2,wave,0.075,3,0.024722222222222222,557,0,0
48,8,25,0.2,wave,0.075,3,0.024722222222222222,535,0,0
48,8,26,0.2,wave,0.075,3,0.024722222222222222,549,0,0
48,8,27,0.2,wave,0.075,3,0.024722222222222222,529,0,0
48,8,28,0.2,wave,0.075,3,0.024722222222222222,522,0,0
48,8,29,0.2,wave,0.075,3,0.024722222222222222,510,0,0
48,8,30,0.2,wave,0.075,3,0.024722222222222222,521,0,0
48,8,31,0.2,wave,0.075,3,0.024722222222222222,510,0,0
48,8,32,0.2,wave,0.075,3,0.024722222222222222,520,0,0
48,8,33,0.2,wave,0.075,3,0.024722222222222222,508,0,0
48,8,34,0.2,wave,0.075,3,0.024722222222222222,523,0,0
48,8,35,0.2,wave,0.075,3,0.024722222222222222,509,0,0
48,8,36,0.2,wave,0.075,3,0.024722222222222222,522,0,0
48,8,37,0.2,wave,0.075,3,0.024722222222222222,507,0,0
48,8,38,0.2,wave,0.075,3,0.024722222222222222,517,0,0
48,8,39,0.2,wave,0.075,3,0.024722222222222222,508,0,0
48,8,40,0.2,wave,0.075,3,0.024722222222222222,523,0,0
48,8,41,0.2,wave,0.075,3,0.024722222222222222,513,0,0
48,8,42,0.2,wave,0.075,3,0.024722222222222222,520,0,0
48,8,43,0.2,wave,0.075,3,0.024722222222222222,516,0,0
48,8,44,0.2,wave,0.075,3,0.024722222222222222,516,0,0
48,8,45,0.2,wave,0.075,3,0.024722222222222222,516,0,0
48,8,46,0.2,wave,0.075,3,0.024722222222222222,518,0,0
48,8,47,0.2,wave,0.075,3,0.024722222222222222,515,0,0
48,8,48,0.2,wave,0.075,3,0.024722222222222222,518,0,0
48,8,49,0.2,wave,0.075,3,0.024722222222222222,509,0,0
48,8,50,0.2,wave,0.075,3,0.024722222222222222,514,0,0
48,8,51,0.2,wave,0.075,3,0.024722222222222222,508,0,0
48,8,52,0.2,wave,0.075,3,0.024722222222222222,512,0,0
48,9,1,0.2,wave,0.075,3,0.024722222222222222,504,0,0
48,9,2,0.2,wave,0.075,3,0.024722222222222222,504,0,0
48,9,3,0.2,wave,0.075,3,0.024722222222222222,504,0,0
48,9,4,0.2,wave,0.075,3,0.024722222222222222,500,0,0
48,9,5,0.2,wave,0.075,3,0.024722222222222222,502,0,0
48,9,6,0.2,wave,0.075,3,0.024722222222222222,499,0,0
48,9,7,0.2,wave,0.075,3,0.024722222222222222,502,0,0
48,9,8,0.2,wave,0.075,3,0.024722222222222222,501,0,0
48,9,9,0.2,wave,0.075,3,0.024722222222222222,502,0,0
48,9,10,0.2,wave,0.075,3,0.024722222222222222,501,0,0
48,9,11,0.2,wave,0.075,3,0.024722222222222222,502,0,0
48,9,12,0.2,wave,0.075,3,0.024722222222222222,495,0,0
48,9,13,0.2,wave,0.075,3,0.024722222222222222,502,0,0
48,9,14,0.2,wave,0.075,3,0.024722222222222222,495,0,0
48,9,15,0.2,wave,0.075,3,0.024722222222222222,504,0,0
48,9,16,0.2,wave,0.075,3,0.024722222222222222,493,0,0
48,9,17,0.2,wave,0.075,3,0.024722222222222222,504,0,0
48,9,18,0.2,wave,0.075,3,0.024722222222222222,493,0,0
48,9,19,0.2,wave,0.075,3,0.024722222222222222,491,0,0
48,9,20,0.2,wave,0.075,3,0.024722222222222222,738,0,0
48,9,21,0.2,wave,0.075,3,0.024722222222222222,724,0,0
48,9,22,0.2,wave,0.075,3,0.024722222222222222,725,0,0
48,9,23,0.2,wave,0.075,3,0.024722222222222222,721,0,0
48,9,24,0.2,wave,0.075,3,0.024722222222222222,720,0,0
48,9,25,0.2,wave,0.075,3,0.024722222222222222,693,0,0
48,9,26,0.2,wave,0.075,3,0.024722222222222222,690,0,0
48,9,27,0.2,wave,0.075,3,0.024722222222222222,671,0,0
48,9,28,0.2,wave,0.075,3,0.024722222222222222,670,0,0
48,9,29,0.2,wave,0.075,3,0.024722222222222222,649,0,0
48,9,30,0.2,wave,0.075,3,0.024722222222222222,652,0,0
48,9,31,0.2,wave,0.075,3,0.024722222222222222,647,0,0
48,9,32,0.2,wave,0.075,3,0.024722222222222222,633,0,0
48,9,33,0.2,wave,0.075,3,0.024722222222222222,618,0,0
48,9,34,0.2,wave,0.075,3,0.024722222222222222,626,0,0
48,9,35,0.2,wave,0.075,3,0.024722222222222222,614,0,0
48,9,36,0.2,wave,0.075,3,0.024722222222222222,617,0,0
48,9,37,0.2,wave,0.075,3,0.024722222222222222,591,0,0
48,9,38,0.2,wave,0.075,3,0.024722222222222222,590,0,0
48,9,39,0.2,wave,0.075,3,0.024722222222222222,573,0,0
48,9,40,0.2,wave,0.075,3,0.024722222222222222,566,0,0
48,9,41,0.2,wave,0.075,3,0.024722222222222222,568,0,0
48,9,42,0.2,wave,0.075,3,0.024722222222222222,567,0,0
48,9,43,0.2,wave,0.075,3,0.024722222222222222,562,0,0
48,9,44,0.2,wave,0.075,3,0.024722222222222222,571,0,0
48,9,45,0.2,wave,0.075,3,0.024722222222222222,560,0,0
48,9,46,0.2,wave,0.075,3,0.024722222222222222,569,0,0
48,9,47,0.2,wave,0.075,3,0.024722222222222222,558,0,0
48,9,48,0.2,wave,0.075,3,0.024722222222222222,552,0,0
48,9,49,0.2,wave,0.075,3,0.024722222222222222,534,0,0
48,9,50,0.2,wave,0.075,3,0.024722222222222222,547,0,0
48,9,51,0.2,wave,0.075,3,0.024722222222222222,531,0,0
48,9,52,0.2,wave,0.075,3,0.024722222222222222,525,0,0
48,10,1,0.2,wave,0.075,3,0.024722222222222222,525,0,0
48,10,2,0.2,wave,0.075,3,0.024722222222222222,519,0,0
48,10,3,0.2,wave,0.075,3,0.024722222222222222,525,0,0
48,10,4,0.2,wave,0.075,3,0.024722222222222222,520,0,0
48,10,5,0.2,wave,0.075,3,0.024722222222222222,518,0,0
48,10,6,0.2,wave,0.075,3,0.024722222222222222,517,0,0
48,10,7,0.2,wave,0.075,3,0.024722222222222222,516,0,0
48,10,8,0.2,wave,0.075,3,0.024722222222222222,519,0,0
48,10,9,0.2,wave,0.075,3,0.024722222222222222,517,0,0
48,10,10,0.2,wave,0.075,3,0.024722222222222222,519,0,0
48,10,11,0.2,wave,0.075,3,0.024722222222222222,519,0,0
48,10,12,0.2,wave,0.075,3,0.024722222222222222,520,0,0
48,10,13,0.2,wave,0.075,3,0.024722222222222222,522,0,0
48,10,14,0.2,wave,0.075,3,0.024722222222222222,520,0,0
48,10,15,0.2,wave,0.075,3,0.024722222222222222,516,0,0
48,10,16,0.2,wave,0.075,3,0.024722222222222222,507,0,0
48,10,17,0.2,wave,0.075,3,0.024722222222222222,507,0,0
48,10,18,0.2,wave,0.075,3,0.024722222222222222,504,0,0
48,10,19,0.2,wave,0.075,3,0.024722222222222222,507,0,0
48,10,20,0.2,wave,0.075,3,0.024722222222222222,722,0,0
48,10,21,0.2,wave,0.075,3,0.024722222222222222,721,0,0
48,10,22,0.2,wave,0.075,3,0.024722222222222222,702,0,0
48,10,23,0.2,wave,0.075,3,0.024722222222222222,688,0,0
48,10,24,0.2,wave,0.075,3,0.024722222222222222,692,0,0
48,10,25,0.2,wave,0.075,3,0.024722222222222222,687,0,0
48,10,26,0.2,wave,0.075,3,0.024722222222222222,669,0,0
48,10,27,0.2,wave,0.075,3,0.024722222222222222,651,0,0
48,10,28,0.2,wave,0.075,3,0.024722222222222222,657,0,0
48,10,29,0.2,wave,0.075,3,0.024722222222222222,634,0,0
48,10,30,0.2,wave,0.075,3,0.024722222222222222,642,0,0
48,10,31,0.2,wave,0.075,3,0.024722222222222222,621,0,0
48,10,32,0.2,wave,0.075,3,0.024722222222222222,613,0,0
48,10,33,0.2,wave,0.075,3,0.024722222222222222,586,0,0
48,10,34,0.2,wave,0.075,3,0.024722222222222222,593,0,0
48,10,35,0.2,wave,0.075,3,0.024722222222222222,581,0,0
48,10,36,0.2,wave,0.075,3,0.024722222222222222,582,0,0
48,10,37,0.2,wave,0.075,3,0.024722222222222222,584,0,0
48,10,38,0.2,wave,0.075,3,0.024722222222222222,585,0,0
48,10,39,0.2,wave,0.075,3,0.024722222222222222,579,0,0
48,10,40,0.2,wave,0.075,3,0.024722222222222222,584,0,0
48,10,41,0.2,wave,0.075,3,0.024722222222222222,582,0,0
48,10,42,0.2,wave,0.075,3,0.024722222222222222,576,0,0
48,10,43,0.2,wave,0.075,3,0.024722222222222222,576,0,0
48,10,44,0.2,wave,0.075,3,0.024722222222222222,575,0,0
48,10,45,0.2,wave,0.075,3,0.024722222222222222,573,0,0
48,10,46,0.2,wave,0.075,3,0.024722222222222222,570,0,0
48,10,47,0.2,wave,0.075,3,0.024722222222222222,561,0,0
48,10,48,0.2,wave,0.075,3,0.024722222222222222,552,0,0
48,10,49,0.2,wave,0.075,3,0.024722222222222222,559,0,0
48,10,50,0.2,wave,0.075,3,0.024722222222222222,551,0,0
48,10,51,0.2,wave,0.075,3,0.024722222222222222,558,0,0
48,10,52,0.2,wave,0.075,3,0.024722222222222222,548,0,0
49,1,1,0.2,wave,0.075,3,0.029444444444444443,6459,65,15
49,1,2,0.2,wave,0.075,3,0.029444444444444443,6367,80,24
49,1,3,0.2,wave,0.075,3,0.029444444444444443,6261,96,45
49,1,4,0.2,wave,0.075,3,0.029444444444444443,6175,124,47
49,1,5,0.2,wave,0.075,3,0.029444444444444443,6047,168,59
49,1,6,0.2,wave,0.075,3,0.029444444444444443,5907,222,56
49,1,7,0.2,wave,0.075,3,0.029444444444444443,5741,262,75
49,1,8,0.2,wave,0.075,3,0.029444444444444443,5545,324,106
49,1,9,0.2,wave,0.075,3,0.029444444444444443,5372,433,136
49,1,10,0.2,wave,0.075,3,0.029444444444444443,5116,464,161
49,1,11,0.2,wave,0.075,3,0.029444444444444443,4839,513,202
49,1,12,0.2,wave,0.075,3,0.029444444444444443,4693,549,232
49,1,13,0.2,wave,0.075,3,0.029444444444444443,4467,611,268
49,1,14,0.2,wave,0.075,3,0.029444444444444443,4245,633,269
49,1,15,0.2,wave,0.075,3,0.029444444444444443,4065,657,296
49,1,16,0.2,wave,0.075,3,0.029444444444444443,3899,653,312
49,1,17,0.2,wave,0.075,3,0.029444444444444443,3765,637,314
49,1,18,0.2,wave,0.075,3,0.029444444444444443,3617,607,300
49,1,19,0.2,wave,0.075,3,0.029444444444444443,3468,570,300
49,1,20,0.2,wave,0.075,3,0.029444444444444443,4942,540,282
49,1,21,0.2,wave,0.075,3,0.029444444444444443,4667,572,276
49,1,22,0.2,wave,0.075,3,0.029444444444444443,4579,621,262
49,1,23,0.2,wave,0.075,3,0.029444444444444443,4443,657,273
49,1,24,0.2,wave,0.075,3,0.029444444444444443,4292,653,283
49,1,25,0.2,wave,0.075,3,0.029444444444444443,4081,669,300
49,1,26,0.2,wave,0.075,3,0.029444444444444443,3933,714,324
49,1,27,0.2,wave,0.075,3,0.029444444444444443,3717,660,300
49,1,28,0.2,wave,0.075,3,0.029444444444444443,3564,646,303
49,1,29,0.2,wave,0.075,3,0.029444444444444443,3387,596,286
49,1,30,0.2,wave,0.075,3,0.029444444444444443,3304,625,294
49,1,31,0.2,wave,0.075,3,0.029444444444444443,3136,604,288
49,1,32,0.2,wave,0.075,3,0.029444444444444443,2979,614,275
49,1,33,0.2,wave,0.075,3,0.029444444444444443,2831,578,294
49,1,34,0.2,wave,0.075,3,0.029444444444444443,2708,551,279
49,1,35,0.2,wave,0.075,3,0.029444444444444443,2567,500,265
49,1,36,0.2,wave,0.075,3,0.029444444444444443,2392,443,224
49,1,37,0.2,wave,0.075,3,0.029444444444444443,2288,410,221
49,1,38,0.2,wave,0.075,3,0.029444444444444443,2157,381,193
49,1,39,0.2,wave,0.075,3,0.029444444444444443,2106,374,178
49,1,40,0.2,wave,0.075,3,0.029444444444444443,2014,340,152
49,1,41,0.2,wave,0.075,3,0.029444444444444443,1954,349,171
49,1,42,0.2,wave,0.075,3,0.029444444444444443,1880,317,158
49,1,43,0.2,wave,0.075,3,0.029444444444444443,1809,300,155
49,1,44,0.2,wave,0.075,3,0.029444444444444443,1731,261,145
49,1,45,0.2,wave,0.075,3,0.029444444444444443,1683,252,140
49,1,46,0.2,wave,0.075,3,0.029444444444444443,1617,225,127
49,1,47,0.2,wave,0.075,3,0.029444444444444443,1548,181,102
49,1,48,0.2,wave,0.075,3,0.029444444444444443,1496,154,87
49,1,49,0.2,wave,0.075,3,0.029444444444444443,1454,130,73
49,1,50,0.2,wave,0.075,3,0.029444444444444443,1409,102,69
49,1,51,0.2,wave,0.075,3,0.029444444444444443,1363,94,51
49,1,52,0.2,wave,0.075,3,0.029444444444444443,1332,83,44
49,2,1,0.2,wave,0.075,3,0.029444444444444443,1306,71,35
49,2,2,0.2,wave,0.075,3,0.029444444444444443,1289,65,34
49,2,3,0.2,wave,0.075,3,0.029444444444444443,1258,58,31
49,2,4,0.2,wave,0.075,3,0.029444444444444443,1234,50,33
49,2,5,0.2,wave,0.075,3,0.029444444444444443,1211,49,28
49,2,6,0.2,wave,0.075,3,0.029444444444444443,1201,40,24
49,2,7,0.2,wave,0.075,3,0.029444444444444443,1186,34,14
49,2,8,0.2,wave,0.075,3,0.029444444444444443,1166,27,14
49,2,9,0.2,wave,0.075,3,0.029444444444444443,1165,26,12
49,2,10,0.2,wave,0.075,3,0.029444444444444443,1151,25,14
49,2,11,0.2,wave,0.075,3,0.029444444444444443,1143,21,10
49,2,12,0.2,wave,0.075,3,0.029444444444444443,1131,22,10
49,2,13,0.2,wave,0.075,3,0.029444444444444443,1109,18,11
49,2,14,0.2,wave,0.075,3,0.029444444444444443,1096,15,12
49,2,15,0.2,wave,0.075,3,0.029444444444444443,1084,15,10
49,2,16,0.2,wave,0.075,3,0.029444444444444443,1064,7,6
49,2,17,0.2,wave,0.075,3,0.029444444444444443,1059,7,4
49,2,18,0.2,wave,0.075,3,0.029444444444444443,1050,6,4
49,2,19,0.2,wave,0.075,3,0.029444444444444443,1045,6,6
49,2,20,0.2,wave,0.075,3,0.029444444444444443,1584,3,3
49,2,21,0.2,wave,0.075,3,0.029444444444444443,1504,3,1
49,2,22,0.2,wave,0.075,3,0.029444444444444443,1462,2,0
49,2,23,0.2,wave,0.075,3,0.029444444444444443,1461,2,0
49,2,24,0.2,wave,0.075,3,0.029444444444444443,1452,2,0
49,2,25,0.2,wave,0.075,3,0.029444444444444443,1432,2,1
49,2,26,0.2,wave,0.075,3,0.029444444444444443,1417,3,2
49,2,27,0.2,wave,0.075,3,0.029444444444444443,1407,3,2
49,2,28,0.2,wave,0.075,3,0.029444444444444443,1376,4,1
49,2,29,0.2,wave,0.075,3,0.029444444444444443,1385,3,1
49,2,30,0.2,wave,0.075,3,0.029444444444444443,1372,4,2
49,2,31,0.2,wave,0.075,3,0.029444444444444443,1344,5,2
49,2,32,0.2,wave,0.075,3,0.029444444444444443,1307,5,2
49,2,33,0.2,wave,0.075,3,0.029444444444444443,1292,2,1
49,2,34,0.2,wave,0.075,3,0.029444444444444443,1271,2,2
49,2,35,0.2,wave,0.075,3,0.029444444444444443,1253,1,0
49,2,36,0.2,wave,0.075,3,0.029444444444444443,1230,0,0
49,2,37,0.2,wave,0.075,3,0.029444444444444443,1201,1,1
49,2,38,0.2,wave,0.075,3,0.029444444444444443,1182,1,1
49,2,39,0.2,wave,0.075,3,0.029444444444444443,1181,1,1
49,2,40,0.2,wave,0.075,3,0.029444444444444443,1161,0,0
49,2,41,0.2,wave,0.075,3,0.029444444444444443,1158,0,0
49,2,42,0.2,wave,0.075,3,0.029444444444444443,1139,0,0
49,2,43,0.2,wave,0.075,3,0.029444444444444443,1141,0,0
49,2,44,0.2,wave,0.075,3,0.029444444444444443,1123,0,0
49,2,45,0.2,wave,0.075,3,0.029444444444444443,1123,0,0
49,2,46,0.2,wave,0.075,3,0.029444444444444443,1102,0,0
49,2,47,0.2,wave,0.075,3,0.029444444444444443,1108,0,0
49,2,48,0.2,wave,0.075,3,0.029444444444444443,1082,0,0
49,2,49,0.2,wave,0.075,3,0.029444444444444443,1087,0,0
49,2,50,0.2,wave,0.075,3,0.029444444444444443,1067,0,0
49,2,51,0.2,wave,0.075,3,0.029444444444444443,1055,0,0
49,2,52,0.2,wave,0.075,3,0.029444444444444443,1039,0,0
49,3,1,0.2,wave,0.075,3,0.029444444444444443,1032,0,0
49,3,2,0.2,wave,0.075,3,0.029444444444444443,1008,0,0
49,3,3,0.2,wave,0.075,3,0.029444444444444443,1011,0,0
49,3,4,0.2,wave,0.075,3,0.029444444444444443,991,0,0
49,3,5,0.2,wave,0.075,3,0.029444444444444443,991,0,0
49,3,6,0.2,wave,0.075,3,0.029444444444444443,969,0,0
49,3,7,0.2,wave,0.075,3,0.029444444444444443,981,0,0
49,3,8,0.2,wave,0.075,3,0.029444444444444443,960,0,0
49,3,9,0.2,wave,0.075,3,0.029444444444444443,971,0,0
49,3,10,0.2,wave,0.075,3,0.029444444444444443,938,0,0
49,3,11,0.2,wave,0.075,3,0.029444444444444443,944,0,0
49,3,12,0.2,wave,0.075,3,0.029444444444444443,933,0,0
49,3,13,0.2,wave,0.075,3,0.029444444444444443,937,0,0
49,3,14,0.2,wave,0.075,3,0.029444444444444443,918,0,0
49,3,15,0.2,wave,0.075,3,0.029444444444444443,918,0,0
49,3,16,0.2,wave,0.075,3,0.029444444444444443,911,0,0
49,3,17,0.2,wave,0.075,3,0.029444444444444443,912,0,0
49,3,18,0.2,wave,0.075,3,0.029444444444444443,899,0,0
49,3,19,0.2,wave,0.075,3,0.029444444444444443,897,0,0
49,3,20,0.2,wave,0.075,3,0.029444444444444443,1329,0,0
49,3,21,0.2,wave,0.075,3,0.029444444444444443,1319,0,0
49,3,22,0.2,wave,0.075,3,0.029444444444444443,1317,0,0
49,3,23,0.2,wave,0.075,3,0.029444444444444443,1258,0,0
49,3,24,0.2,wave,0.075,3,0.029444444444444443,1246,0,0
49,3,25,0.2,wave,0.075,3,0.029444444444444443,1241,0,0
49,3,26,0.2,wave,0.075,3,0.029444444444444443,1215,0,0
49,3,27,0.2,wave,0.075,3,0.029444444444444443,1206,0,0
49,3,28,0.2,wave,0.075,3,0.029444444444444443,1171,0,0
49,3,29,0.2,wave,0.075,3,0.029444444444444443,1158,0,0
49,3,30,0.2,wave,0.075,3,0.029444444444444443,1149,0,0
49,3,31,0.2,wave,0.075,3,0.029444444444444443,1137,0,0
49,3,32,0.2,wave,0.075,3,0.029444444444444443,1125,0,0
49,3,33,0.2,wave,0.075,3,0.029444444444444443,1088,0,0
49,3,34,0.2,wave,0.075,3,0.029444444444444443,1069,0,0
49,3,35,0.2,wave,0.075,3,0.029444444444444443,1031,0,0
49,3,36,0.2,wave,0.075,3,0.029444444444444443,1028,0,0
49,3,37,0.2,wave,0.075,3,0.029444444444444443,978,0,0
49,3,38,0.2,wave,0.075,3,0.029444444444444443,976,0,0
49,3,39,0.2,wave,0.075,3,0.029444444444444443,938,0,0
49,3,40,0.2,wave,0.075,3,0.029444444444444443,945,0,0
49,3,41,0.2,wave,0.075,3,0.029444444444444443,920,0,0
49,3,42,0.2,wave,0.075,3,0.029444444444444443,928,0,0
49,3,43,0.2,wave,0.075,3,0.029444444444444443,905,0,0
49,3,44,0.2,wave,0.075,3,0.029444444444444443,917,0,0
49,3,45,0.2,wave,0.075,3,0.029444444444444443,891,0,0
49,3,46,0.2,wave,0.075,3,0.029444444444444443,905,0,0
49,3,47,0.2,wave,0.075,3,0.029444444444444443,871,0,0
49,3,48,0.2,wave,0.075,3,0.029444444444444443,889,0,0
49,3,49,0.2,wave,0.075,3,0.029444444444444443,857,0,0
49,3,50,0.2,wave,0.075,3,0.029444444444444443,863,0,0
49,3,51,0.2,wave,0.075,3,0.029444444444444443,825,0,0
49,3,52,0.2,wave,0.075,3,0.029444444444444443,837,0,0
49,4,1,0.2,wave,0.075,3,0.029444444444444443,805,0,0
49,4,2,0.2,wave,0.075,3,0.029444444444444443,814,0,0
49,4,3,0.2,wave,0.075,3,0.029444444444444443,793,0,0
49,4,4,0.2,wave,0.075,3,0.029444444444444443,798,0,0
49,4,5,0.2,wave,0.075,3,0.029444444444444443,784,0,0
49,4,6,0.2,wave,0.075,3,0.029444444444444443,791,0,0
49,4,7,0.2,wave,0.075,3,0.029444444444444443,772,0,0
49,4,8,0.2,wave,0.075,3,0.029444444444444443,787,0,0
49,4,9,0.2,wave,0.075,3,0.029444444444444443,773,0,0
49,4,10,0.2,wave,0.075,3,0.029444444444444443,765,0,0
49,4,11,0.2,wave,0.075,3,0.029444444444444443,749,0,0
49,4,12,0.2,wave,0.075,3,0.029444444444444443,758,0,0
49,4,13,0.2,wave,0.075,3,0.029444444444444443,751,0,0
49,4,14,0.2,wave,0.075,3,0.029444444444444443,755,0,0
49,4,15,0.2,wave,0.075,3,0.029444444444444443,747,0,0
49,4,16,0.2,wave,0.075,3,0.029444444444444443,752,0,0
49,4,17,0.2,wave,0.075,3,0.029444444444444443,738,0,0
49,4,18,0.2,wave,0.075,3,0.029444444444444443,736,0,0
49,4,19,0.2,wave,0.075,3,0.029444444444444443,734,0,0
49,4,20,0.2,wave,0.075,3,0.029444444444444443,1064,0,0
49,4,21,0.2,wave,0.075,3,0.029444444444444443,1067,0,0
49,4,22,0.2,wave,0.075,3,0.029444444444444443,1057,0,0
49,4,23,0.2,wave,0.075,3,0.029444444444444443,1030,0,0
49,4,24,0.2,wave,0.075,3,0.029444444444444443,1011,0,0
49,4,25,0.2,wave,0.075,3,0.029444444444444443,1011,0,0
49,4,26,0.2,wave,0.075,3,0.029444444444444443,1027,0,0
49,4,27,0.2,wave,0.075,3,0.029444444444444443,1018,0,0
49,4,28,0.2,wave,0.075,3,0.029444444444444443,999,0,0
49,4,29,0.2,wave,0.075,3,0.029444444444444443,982,0,0
49,4,30,0.2,wave,0.075,3,0.029444444444444443,995,0,0
49,4,31,0.2,wave,0.075,3,0.029444444444444443,966,0,0
49,4,32,0.2,wave,0.075,3,0.029444444444444443,935,0,0
49,4,33,0.2,wave,0.075,3,0.029444444444444443,946,0,0
49,4,34,0.2,wave,0.075,3,0.029444444444444443,927,0,0
49,4,35,0.2,wave,0.075,3,0.029444444444444443,920,0,0
49,4,36,0.2,wave,0.075,3,0.029444444444444443,901,0,0
49,4,37,0.2,wave,0.075,3,0.029444444444444443,894,0,0
49,4,38,0.2,wave,0.075,3,0.029444444444444443,861,0,0
49,4,39,0.2,wave,0.075,3,0.029444444444444443,861,0,0
49,4,40,0.2,wave,0.075,3,0.029444444444444443,828,0,0
49,4,41,0.2,wave,0.075,3,0.029444444444444443,841,0,0
49,4,42,0.2,wave,0.075,3,0.029444444444444443,811,0,0
49,4,43,0.2,wave,0.075,3,0.029444444444444443,834,0,0
49,4,44,0.2,wave,0.075,3,0.029444444444444443,808,0,0
49,4,45,0.2,wave,0.075,3,0.029444444444444443,813,0,0
49,4,46,0.2,wave,0.075,3,0.029444444444444443,788,0,0
49,4,47,0.2,wave,0.075,3,0.029444444444444443,796,0,0
49,4,48,0.2,wave,0.075,3,0.029444444444444443,775,0,0
49,4,49,0.2,wave,0.075,3,0.029444444444444443,783,0,0
49,4,50,0.2,wave,0.075,3,0.029444444444444443,758,0,0
49,4,51,0.2,wave,0.075,3,0.029444444444444443,747,0,0
49,4,52,0.2,wave,0.075,3,0.029444444444444443,739,0,0
49,5,1,0.2,wave,0.075,3,0.029444444444444443,744,0,0
49,5,2,0.2,wave,0.075,3,0.029444444444444443,733,0,0
49,5,3,0.2,wave,0.075,3,0.029444444444444443,728,0,0
49,5,4,0.2,wave,0.075,3,0.029444444444444443,716,0,0
49,5,5,0.2,wave,0.075,3,0.029444444444444443,705,0,0
49,5,6,0.2,wave,0.075,3,0.029444444444444443,691,0,0
49,5,7,0.2,wave,0.075,3,0.029444444444444443,700,0,0
49,5,8,0.2,wave,0.075,3,0.029444444444444443,690,0,0
49,5,9,0.2,wave,0.075,3,0.029444444444444443,694,0,0
49,5,10,0.2,wave,0.075,3,0.029444444444444443,694,0,0
49,5,11,0.2,wave,0.075,3,0.029444444444444443,691,0,0
49,5,12,0.2,wave,0.075,3,0.029444444444444443,696,0,0
49,5,13,0.2,wave,0.075,3,0.029444444444444443,692,0,0
49,5,14,0.2,wave,0.075,3,0.029444444444444443,692,0,0
49,5,15,0.2,wave,0.075,3,0.029444444444444443,685,0,0
49,5,16,0.2,wave,0.075,3,0.029444444444444443,682,0,0
49,5,17,0.2,wave,0.075,3,0.029444444444444443,684,0,0
49,5,18,0.2,wave,0.075,3,0.029444444444444443,682,0,0
49,5,19,0.2,wave,0.075,3,0.029444444444444443,678,0,0
49,5,20,0.2,wave,0.075,3,0.029444444444444443,985,0,0
49,5,21,0.2,wave,0.075,3,0.029444444444444443,973,0,0
49,5,22,0.2,wave,0.075,3,0.029444444444444443,916,0,0
49,5,23,0.2,wave,0.075,3,0.029444444444444443,928,0,0
49,5,24,0.2,wave,0.075,3,0.029444444444444443,903,0,0
49,5,25,0.2,wave,0.075,3,0.029444444444444443,893,0,0
49,5,26,0.2,wave,0.075,3,0.029444444444444443,883,0,0
49,5,27,0.2,wave,0.075,3,0.029444444444444443,874,0,0
49,5,28,0.2,wave,0.075,3,0.029444444444444443,871,0,0
49,5,29,0.2,wave,0.075,3,0.029444444444444443,872,0,0
49,5,30,0.2,wave,0.075,3,0.029444444444444443,841,0,0
49,5,31,0.2,wave,0.075,3,0.029444444444444443,828,0,0
49,5,32,0.2,wave,0.075,3,0.029444444444444443,813,0,0
49,5,33,0.2,wave,0.075,3,0.029444444444444443,813,0,0
49,5,34,0.2,wave,0.075,3,0.029444444444444443,790,0,0
49,5,35,0.2,wave,0.075,3,0.029444444444444443,781,0,0
49,5,36,0.2,wave,0.075,3,0.029444444444444443,769,0,0
49,5,37,0.2,wave,0.075,3,0.029444444444444443,753,0,0
49,5,38,0.2,wave,0.075,3,0.029444444444444443,743,0,0
49,5,39,0.2,wave,0.075,3,0.029444444444444443,747,0,0
49,5,40,0.2,wave,0.075,3,0.029444444444444443,732,0,0
49,5,41,0.2,wave,0.075,3,0.029444444444444443,721,0,0
49,5,42,0.2,wave,0.075,3,0.029444444444444443,704,0,0
49,5,43,0.2,wave,0.075,3,0.029444444444444443,694,0,0
49,5,44,0.2,wave,0.075,3,0.029444444444444443,671,0,0
49,5,45,0.2,wave,0.075,3,0.029444444444444443,676,0,0
49,5,46,0.2,wave,0.075,3,0.029444444444444443,661,0,0
49,5,47,0.2,wave,0.075,3,0.029444444444444443,661,0,0
49,5,48,0.2,wave,0.075,3,0.029444444444444443,638,0,0
49,5,49,0.2,wave,0.075,3,0.029444444444444443,652,0,0
49,5,50,0.2,wave,0.075,3,0.029444444444444443,631,0,0
49,5,51,0.2,wave,0.075,3,0.029444444444444443,623,0,0
49,5,52,0.2,wave,0.075,3,0.029444444444444443,598,0,0
49,6,1,0.2,wave,0.075,3,0.029444444444444443,609,0,0
49,6,2,0.2,wave,0.075,3,0.029444444444444443,591,0,0
49,6,3,0.2,wave,0.075,3,0.029444444444444443,606,0,0
49,6,4,0.2,wave,0.075,3,0.029444444444444443,587,0,0
49,6,5,0.2,wave,0.075,3,0.029444444444444443,594,0,0
49,6,6,0.2,wave,0.075,3,0.029444444444444443,562,0,0
49,6,7,0.2,wave,0.075,3,0.029444444444444443,581,0,0
49,6,8,0.2,wave,0.075,3,0.029444444444444443,560,0,0
49,6,9,0.2,wave,0.075,3,0.029444444444444443,569,0,0
49,6,10,0.2,wave,0.075,3,0.029444444444444443,552,0,0
49,6,11,0.2,wave,0.075,3,0.029444444444444443,564,0,0
49,6,12,0.2,wave,0.075,3,0.029444444444444443,553,0,0
49,6,13,0.2,wave,0.075,3,0.029444444444444443,566,0,0
49,6,14,0.2,wave,0.075,3,0.029444444444444443,554,0,0
49,6,15,0.2,wave,0.075,3,0.029444444444444443,561,0,0
49,6,16,0.2,wave,0.075,3,0.029444444444444443,548,0,0
49,6,17,0.2,wave,0.075,3,0.029444444444444443,556,0,0
49,6,18,0.2,wave,0.075,3,0.029444444444444443,546,0,0
49,6,19,0.2,wave,0.075,3,0.029444444444444443,558,0,0
49,6,20,0.2,wave,0.075,3,0.029444444444444443,817,0,0
49,6,21,0.2,wave,0.075,3,0.029444444444444443,823,0,0
49,6,22,0.2,wave,0.075,3,0.029444444444444443,804,0,0
49,6,23,0.2,wave,0.075,3,0.029444444444444443,791,0,0
49,6,24,0.2,wave,0.075,3,0.029444444444444443,781,0,0
49,6,25,0.2,wave,0.075,3,0.029444444444444443,777,0,0
49,6,26,0.2,wave,0.075,3,0.029444444444444443,753,0,0
49,6,27,0.2,wave,0.075,3,0.029444444444444443,770,0,0
49,6,28,0.2,wave,0.075,3,0.029444444444444443,755,0,0
49,6,29,0.2,wave,0.075,3,0.029444444444444443,751,0,0
49,6,30,0.2,wave,0.075,3,0.029444444444444443,749,0,0
49,6,31,0.2,wave,0.075,3,0.029444444444444443,736,0,0
49,6,32,0.2,wave,0.075,3,0.029444444444444443,728,0,0
49,6,33,0.2,wave,0.075,3,0.029444444444444443,717,0,0
49,6,34,0.2,wave,0.075,3,0.029444444444444443,697,0,0
49,6,35,0.2,wave,0.075,3,0.029444444444444443,704,0,0
49,6,36,0.2,wave,0.075,3,0.029444444444444443,693,0,0
49,6,37,0.2,wave,0.075,3,0.029444444444444443,696,0,0
49,6,38,0.2,wave,0.075,3,0.029444444444444443,695,0,0
49,6,39,0.2,wave,0.075,3,0.029444444444444443,688,0,0
49,6,40,0.2,wave,0.075,3,0.029444444444444443,697,0,0
49,6,41,0.2,wave,0.075,3,0.029444444444444443,690,0,0
49,6,42,0.2,wave,0.075,3,0.029444444444444443,690,0,0
49,6,43,0.2,wave,0.075,3,0.029444444444444443,684,0,0
49,6,44,0.2,wave,0.075,3,0.029444444444444443,679,0,0
49,6,45,0.2,wave,0.075,3,0.029444444444444443,686,0,0
49,6,46,0.2,wave,0.075,3,0.029444444444444443,678,0,0
49,6,47,0.2,wave,0.075,3,0.029444444444444443,682,0,0
49,6,48,0.2,wave,0.075,3,0.029444444444444443,658,0,0
49,6,49,0.2,wave,0.075,3,0.029444444444444443,670,0,0
49,6,50,0.2,wave,0.075,3,0.029444444444444443,650,0,0
49,6,51,0.2,wave,0.075,3,0.029444444444444443,658,0,0
49,6,52,0.2,wave,0.075,3,0.029444444444444443,645,0,0
49,7,1,0.2,wave,0.075,3,0.029444444444444443,648,0,0
49,7,2,0.2,wave,0.075,3,0.029444444444444443,640,0,0
49,7,3,0.2,wave,0.075,3,0.029444444444444443,639,0,0
49,7,4,0.2,wave,0.075,3,0.029444444444444443,634,0,0
49,7,5,0.2,wave,0.075,3,0.029444444444444443,638,0,0
49,7,6,0.2,wave,0.075,3,0.029444444444444443,629,0,0
49,7,7,0.2,wave,0.075,3,0.029444444444444443,628,0,0
49,7,8,0.2,wave,0.075,3,0.029444444444444443,623,0,0
49,7,9,0.2,wave,0.075,3,0.029444444444444443,615,0,0
49,7,10,0.2,wave,0.075,3,0.029444444444444443,613,0,0
49,7,11,0.2,wave,0.075,3,0.029444444444444443,610,0,0
49,7,12,0.2,wave,0.075,3,0.029444444444444443,611,0,0
49,7,13,0.2,wave,0.075,3,0.029444444444444443,615,0,0
49,7,14,0.2,wave,0.075,3,0.029444444444444443,608,0,0
49,7,15,0.2,wave,0.075,3,0.029444444444444443,609,0,0
49,7,16,0.2,wave,0.075,3,0.029444444444444443,610,0,0
49,7,17,0.2,wave,0.075,3,0.029444444444444443,607,0,0
49,7,18,0.2,wave,0.075,3,0.029444444444444443,613,0,0
49,7,19,0.2,wave,0.075,3,0.029444444444444443,602,0,0
49,7,20,0.2,wave,0.075,3,0.029444444444444443,903,0,0
49,7,21,0.2,wave,0.075,3,0.029444444444444443,880,0,0
49,7,22,0.2,wave,0.075,3,0.029444444444444443,875,0,0
49,7,23,0.2,wave,0.075,3,0.029444444444444443,859,0,0
49,7,24,0.2,wave,0.075,3,0.029444444444444443,858,0,0
49,7,25,0.2,wave,0.075,3,0.029444444444444443,857,0,0
49,7,26,0.2,wave,0.075,3,0.029444444444444443,846,0,0
49,7,27,0.2,wave,0.075,3,0.029444444444444443,830,0,0
49,7,28,0.2,wave,0.075,3,0.029444444444444443,810,0,0
49,7,29,0.2,wave,0.075,3,0.029444444444444443,797,0,0
49,7,30,0.2,wave,0.075,3,0.029444444444444443,782,0,0
49,7,31,0.2,wave,0.075,3,0.029444444444444443,768,0,0
49,7,32,0.2,wave,0.075,3,0.029444444444444443,768,0,0
49,7,33,0.2,wave,0.075,3,0.029444444444444443,766,0,0
49,7,34,0.2,wave,0.075,3,0.029444444444444443,744,0,0
49,7,35,0.2,wave,0.075,3,0.029444444444444443,743,0,0
49,7,36,0.2,wave,0.075,3,0.029444444444444443,729,0,0
49,7,37,0.2,wave,0.075,3,0.029444444444444443,717,0,0
49,7,38,0.2,wave,0.075,3,0.029444444444444443,715,0,0
49,7,39,0.2,wave,0.075,3,0.029444444444444443,709,0,0
49,7,40,0.2,wave,0.075,3,0.029444444444444443,698,0,0
49,7,41,0.2,wave,0.075,3,0.029444444444444443,702,0,0
49,7,42,0.2,wave,0.075,3,0.029444444444444443,684,0,0
49,7,43,0.2,wave,0.075,3,0.029444444444444443,685,0,0
49,7,44,0.2,wave,0.075,3,0.029444444444444443,678,0,0
49,7,45,0.2,wave,0.075,3,0.029444444444444443,688,0,0
49,7,46,0.2,wave,0.075,3,0.029444444444444443,674,0,0
49,7,47,0.2,wave,0.075,3,0.029444444444444443,676,0,0
49,7,48,0.2,wave,0.075,3,0.029444444444444443,674,0,0
49,7,49,0.2,wave,0.075,3,0.029444444444444443,672,0,0
49,7,50,0.2,wave,0.075,3,0.029444444444444443,666,0,0
49,7,51,0.2,wave,0.075,3,0.029444444444444443,656,0,0
49,7,52,0.2,wave,0.075,3,0.029444444444444443,657,0,0
49,8,1,0.2,wave,0.075,3,0.029444444444444443,651,0,0
49,8,2,0.2,wave,0.075,3,0.029444444444444443,650,0,0
49,8,3,0.2,wave,0.075,3,0.029444444444444443,652,0,0
49,8,4,0.2,wave,0.075,3,0.029444444444444443,645,0,0
49,8,5,0.2,wave,0.075,3,0.029444444444444443,642,0,0
49,8,6,0.2,wave,0.075,3,0.029444444444444443,640,0,0
49,8,7,0.2,wave,0.075,3,0.029444444444444443,642,0,0
49,8,8,0.2,wave,0.075,3,0.029444444444444443,641,0,0
49,8,9,0.2,wave,0.075,3,0.029444444444444443,642,0,0
49,8,10,0.2,wave,0.075,3,0.029444444444444443,636,0,0
49,8,11,0.2,wave,0.075,3,0.029444444444444443,634,0,0
49,8,12,0.2,wave,0.075,3,0.029444444444444443,628,0,0
49,8,13,0.2,wave,0.075,3,0.029444444444444443,636,0,0
49,8,14,0.2,wave,0.075,3,0.029444444444444443,627,0,0
49,8,15,0.2,wave,0.075,3,0.029444444444444443,630,0,0
49,8,16,0.2,wave,0.075,3,0.029444444444444443,631,0,0
49,8,17,0.2,wave,0.075,3,0.029444444444444443,631,0,0
49,8,18,0.2,wave,0.075,3,0.029444444444444443,631,0,0
49,8,19,0.2,wave,0.075,3,0.029444444444444443,628,0,0
49,8,20,0.2,wave,0.075,3,0.029444444444444443,958,0,0
49,8,21,0.2,wave,0.075,3,0.029444444444444443,956,0,0
49,8,22,0.2,wave,0.075,3,0.029444444444444443,957,0,0
49,8,23,0.2,wave,0.075,3,0.029444444444444443,936,0,0
49,8,24,0.2,wave,0.075,3,0.029444444444444443,915,0,0
49,8,25,0.2,wave,0.075,3,0.029444444444444443,898,0,0
49,8,26,0.2,wave,0.075,3,0.029444444444444443,885,0,0
49,8,27,0.2,wave,0.075,3,0.029444444444444443,902,0,0
49,8,28,0.2,wave,0.075,3,0.029444444444444443,889,0,0
49,8,29,0.2,wave,0.075,3,0.029444444444444443,908,0,0
49,8,30,0.2,wave,0.075,3,0.029444444444444443,882,0,0
49,8,31,0.2,wave,0.075,3,0.029444444444444443,889,0,0
49,8,32,0.2,wave,0.075,3,0.029444444444444443,844,0,0
49,8,33,0.2,wave,0.075,3,0.029444444444444443,860,0,0
49,8,34,0.2,wave,0.075,3,0.029444444444444443,821,0,0
49,8,35,0.2,wave,0.075,3,0.029444444444444443,830,0,0
49,8,36,0.2,wave,0.075,3,0.029444444444444443,808,0,0
49,8,37,0.2,wave,0.075,3,0.029444444444444443,834,0,0
49,8,38,0.2,wave,0.075,3,0.029444444444444443,808,0,0
49,8,39,0.2,wave,0.075,3,0.029444444444444443,832,0,0
49,8,40,0.2,wave,0.075,3,0.029444444444444443,810,0,0
49,8,41,0.2,wave,0.075,3,0.029444444444444443,818,0,0
49,8,42,0.2,wave,0.075,3,0.029444444444444443,813,0,0
49,8,43,0.2,wave,0.075,3,0.029444444444444443,812,0,0
49,8,44,0.2,wave,0.075,3,0.029444444444444443,810,0,0
49,8,45,0.2,wave,0.075,3,0.029444444444444443,813,0,0
49,8,46,0.2,wave,0.075,3,0.029444444444444443,806,0,0
49,8,47,0.2,wave,0.075,3,0.029444444444444443,795,0,0
49,8,48,0.2,wave,0.075,3,0.029444444444444443,791,0,0
49,8,49,0.2,wave,0.075,3,0.029444444444444443,786,0,0
49,8,50,0.2,wave,0.075,3,0.029444444444444443,781,0,0
49,8,51,0.2,wave,0.075,3,0.029444444444444443,783,0,0
49,8,52,0.2,wave,0.075,3,0.029444444444444443,776,0,0
49,9,1,0.2,wave,0.075,3,0.029444444444444443,783,0,0
49,9,2,0.2,wave,0.075,3,0.029444444444444443,780,0,0
49,9,3,0.2,wave,0.075,3,0.029444444444444443,768,0,0
49,9,4,0.2,wave,0.075,3,0.029444444444444443,765,0,0
49,9,5,0.2,wave,0.075,3,0.029444444444444443,766,0,0
49,9,6,0.2,wave,0.075,3,0.029444444444444443,762,0,0
49,9,7,0.2,wave,0.075,3,0.029444444444444443,750,0,0
49,9,8,0.2,wave,0.075,3,0.029444444444444443,748,0,0
49,9,9,0.2,wave,0.075,3,0.029444444444444443,750,0,0
49,9,10,0.2,wave,0.075,3,0.029444444444444443,742,0,0
49,9,11,0.2,wave,0.075,3,0.029444444444444443,747,0,0
49,9,12,0.2,wave,0.075,3,0.029444444444444443,744,0,0
49,9,13,0.2,wave,0.075,3,0.029444444444444443,746,0,0
49,9,14,0.2,wave,0.075,3,0.029444444444444443,745,0,0
49,9,15,0.2,wave,0.075,3,0.029444444444444443,746,0,0
49,9,16,0.2,wave,0.075,3,0.029444444444444443,743,0,0
49,9,17,0.2,wave,0.075,3,0.029444444444444443,744,0,0
49,9,18,0.2,wave,0.075,3,0.029444444444444443,738,0,0
49,9,19,0.2,wave,0.075,3,0.029444444444444443,741,0,0
49,9,20,0.2,wave,0.075,3,0.029444444444444443,1020,0,0
49,9,21,0.2,wave,0.075,3,0.029444444444444443,1014,0,0
49,9,22,0.2,wave,0.075,3,0.029444444444444443,991,0,0
49,9,23,0.2,wave,0.075,3,0.029444444444444443,1005,0,0
49,9,24,0.2,wave,0.075,3,0.029444444444444443,972,0,0
49,9,25,0.2,wave,0.075,3,0.029444444444444443,968,0,0
49,9,26,0.2,wave,0.075,3,0.029444444444444443,938,0,0
49,9,27,0.2,wave,0.075,3,0.029444444444444443,952,0,0
49,9,28,0.2,wave,0.075,3,0.029444444444444443,933,0,0
49,9,29,0.2,wave,0.075,3,0.029444444444444443,924,0,0
49,9,30,0.2,wave,0.075,3,0.029444444444444443,893,0,0
49,9,31,0.2,wave,0.075,3,0.029444444444444443,884,0,0
49,9,32,0.2,wave,0.075,3,0.029444444444444443,857,0,0
49,9,33,0.2,wave,0.075,3,0.029444444444444443,851,0,0
49,9,34,0.2,wave,0.075,3,0.029444444444444443,840,0,0
49,9,35,0.2,wave,0.075,3,0.029444444444444443,849,0,0
49,9,36,0.2,wave,0.075,3,0.029444444444444443,837,0,0
49,9,37,0.2,wave,0.075,3,0.029444444444444443,832,0,0
49,9,38,0.2,wave,0.075,3,0.029444444444444443,802,0,0
49,9,39,0.2,wave,0.075,3,0.029444444444444443,803,0,0
49,9,40,0.2,wave,0.075,3,0.029444444444444443,799,0,0
49,9,41,0.2,wave,0.075,3,0.029444444444444443,800,0,0
49,9,42,0.2,wave,0.075,3,0.029444444444444443,801,0,0
49,9,43,0.2,wave,0.075,3,0.029444444444444443,795,0,0
49,9,44,0.2,wave,0.075,3,0.029444444444444443,795,0,0
49,9,45,0.2,wave,0.075,3,0.029444444444444443,794,0,0
49,9,46,0.2,wave,0.075,3,0.029444444444444443,792,0,0
49,9,47,0.2,wave,0.075,3,0.029444444444444443,792,0,0
49,9,48,0.2,wave,0.075,3,0.029444444444444443,795,0,0
49,9,49,0.2,wave,0.075,3,0.029444444444444443,792,0,0
49,9,50,0.2,wave,0.075,3,0.029444444444444443,792,0,0
49,9,51,0.2,wave,0.075,3,0.029444444444444443,780,0,0
49,9,52,0.2,wave,0.075,3,0.029444444444444443,785,0,0
49,10,1,0.2,wave,0.075,3,0.029444444444444443,784,0,0
49,10,2,0.2,wave,0.075,3,0.029444444444444443,780,0,0
49,10,3,0.2,wave,0.075,3,0.029444444444444443,770,0,0
49,10,4,0.2,wave,0.075,3,0.029444444444444443,773,0,0
49,10,5,0.2,wave,0.075,3,0.029444444444444443,772,0,0
49,10,6,0.2,wave,0.075,3,0.029444444444444443,769,0,0
49,10,7,0.2,wave,0.075,3,0.029444444444444443,770,0,0
49,10,8,0.2,wave,0.075,3,0.029444444444444443,770,0,0
49,10,9,0.2,wave,0.075,3,0.029444444444444443,769,0,0
49,10,10,0.2,wave,0.075,3,0.029444444444444443,758,0,0
49,10,11,0.2,wave,0.075,3,0.029444444444444443,758,0,0
49,10,12,0.2,wave,0.075,3,0.029444444444444443,760,0,0
49,10,13,0.2,wave,0.075,3,0.029444444444444443,754,0,0
49,10,14,0.2,wave,0.075,3,0.029444444444444443,753,0,0
49,10,15,0.2,wave,0.075,3,0.029444444444444443,753,0,0
49,10,16,0.2,wave,0.075,3,0.029444444444444443,755,0,0
49,10,17,0.2,wave,0.075,3,0.029444444444444443,753,0,0
49,10,18,0.2,wave,0.075,3,0.029444444444444443,755,0,0
49,10,19,0.2,wave,0.075,3,0.029444444444444443,755,0,0
49,10,20,0.2,wave,0.075,3,0.029444444444444443,1001,0,0
49,10,21,0.2,wave,0.075,3,0.029444444444444443,993,0,0
49,10,22,0.2,wave,0.075,3,0.029444444444444443,986,0,0
49,10,23,0.2,wave,0.075,3,0.029444444444444443,980,0,0
49,10,24,0.2,wave,0.075,3,0.029444444444444443,974,0,0
49,10,25,0.2,wave,0.075,3,0.029444444444444443,966,0,0
49,10,26,0.2,wave,0.075,3,0.029444444444444443,951,0,0
49,10,27,0.2,wave,0.075,3,0.029444444444444443,916,0,0
49,10,28,0.2,wave,0.075,3,0.029444444444444443,936,0,0
49,10,29,0.2,wave,0.075,3,0.029444444444444443,863,0,0
49,10,30,0.2,wave,0.075,3,0.029444444444444443,868,0,0
49,10,31,0.2,wave,0.075,3,0.029444444444444443,843,0,0
49,10,32,0.2,wave,0.075,3,0.029444444444444443,839,0,0
49,10,33,0.2,wave,0.075,3,0.029444444444444443,832,0,0
49,10,34,0.2,wave,0.075,3,0.029444444444444443,836,0,0
49,10,35,0.2,wave,0.075,3,0.029444444444444443,825,0,0
49,10,36,0.2,wave,0.075,3,0.029444444444444443,828,0,0
49,10,37,0.2,wave,0.075,3,0.029444444444444443,810,0,0
49,10,38,0.2,wave,0.075,3,0.029444444444444443,812,0,0
49,10,39,0.2,wave,0.075,3,0.029444444444444443,804,0,0
49,10,40,0.2,wave,0.075,3,0.029444444444444443,803,0,0
49,10,41,0.2,wave,0.075,3,0.029444444444444443,791,0,0
49,10,42,0.2,wave,0.075,3,0.029444444444444443,805,0,0
49,10,43,0.2,wave,0.075,3,0.029444444444444443,787,0,0
49,10,44,0.2,wave,0.075,3,0.029444444444444443,802,0,0
49,10,45,0.2,wave,0.075,3,0.029444444444444443,788,0,0
49,10,46,0.2,wave,0.075,3,0.029444444444444443,800,0,0
49,10,47,0.2,wave,0.075,3,0.029444444444444443,782,0,0
49,10,48,0.2,wave,0.075,3,0.029444444444444443,797,0,0
49,10,49,0.2,wave,0.075,3,0.029444444444444443,784,0,0
49,10,50,0.2,wave,0.075,3,0.029444444444444443,790,0,0
49,10,51,0.2,wave,0.075,3,0.029444444444444443,784,0,0
49,10,52,0.2,wave,0.075,3,0.029444444444444443,784,0,0
50,1,1,0.2,wave,0.075,3,0.03833333333333333,6611,68,7
50,1,2,0.2,wave,0.075,3,0.03833333333333333,6517,79,25
50,1,3,0.2,wave,0.075,3,0.03833333333333333,6389,109,39
50,1,4,0.2,wave,0.075,3,0.03833333333333333,6234,148,51
50,1,5,0.2,wave,0.075,3,0.03833333333333333,5909,198,54
50,1,6,0.2,wave,0.075,3,0.03833333333333333,5738,229,77
50,1,7,0.2,wave,0.075,3,0.03833333333333333,5491,285,98
50,1,8,0.2,wave,0.075,3,0.03833333333333333,5307,396,122
50,1,9,0.2,wave,0.075,3,0.03833333333333333,5088,419,154
50,1,10,0.2,wave,0.075,3,0.03833333333333333,4948,485,190
50,1,11,0.2,wave,0.075,3,0.03833333333333333,4783,545,232
50,1,12,0.2,wave,0.075,3,0.03833333333333333,4614,570,251
50,1,13,0.2,wave,0.075,3,0.03833333333333333,4381,587,255
50,1,14,0.2,wave,0.075,3,0.03833333333333333,4188,627,279
50,1,15,0.2,wave,0.075,3,0.03833333333333333,4038,651,284
50,1,16,0.2,wave,0.075,3,0.03833333333333333,3818,644,293
50,1,17,0.2,wave,0.075,3,0.03833333333333333,3668,641,310
50,1,18,0.2,wave,0.075,3,0.03833333333333333,3472,642,324
50,1,19,0.2,wave,0.075,3,0.03833333333333333,3310,618,319
50,1,20,0.2,wave,0.075,3,0.03833333333333333,4747,584,305
50,1,21,0.2,wave,0.075,3,0.03833333333333333,4331,647,282
50,1,22,0.2,wave,0.075,3,0.03833333333333333,4055,669,279
50,1,23,0.2,wave,0.075,3,0.03833333333333333,3926,690,311
50,1,24,0.2,wave,0.075,3,0.03833333333333333,3814,702,305
50,1,25,0.2,wave,0.075,3,0.03833333333333333,3718,715,330
50,1,26,0.2,wave,0.075,3,0.03833333333333333,3512,696,314
50,1,27,0.2,wave,0.075,3,0.03833333333333333,3394,692,344
50,1,28,0.2,wave,0.075,3,0.03833333333333333,3169,633,314
50,1,29,0.2,wave,0.075,3,0.03833333333333333,2969,601,317
50,1,30,0.2,wave,0.075,3,0.03833333333333333,2801,576,309
50,1,31,0.2,wave,0.075,3,0.03833333333333333,2666,555,277
50,1,32,0.2,wave,0.075,3,0.03833333333333333,2539,515,242
50,1,33,0.2,wave,0.075,3,0.03833333333333333,2400,460,232
50,1,34,0.2,wave,0.075,3,0.03833333333333333,2301,434,240
50,1,35,0.2,wave,0.075,3,0.03833333333333333,2193,425,238
50,1,36,0.2,wave,0.075,3,0.03833333333333333,2078,382,205
50,1,37,0.2,wave,0.075,3,0.03833333333333333,1991,354,178
50,1,38,0.2,wave,0.075,3,0.03833333333333333,1921,317,169
50,1,39,0.2,wave,0.075,3,0.03833333333333333,1845,283,148
50,1,40,0.2,wave,0.075,3,0.03833333333333333,1765,260,143
50,1,41,0.2,wave,0.075,3,0.03833333333333333,1698,231,126
50,1,42,0.2,wave,0.075,3,0.03833333333333333,1639,212,121
50,1,43,0.2,wave,0.075,3,0.03833333333333333,1575,186,106
50,1,44,0.2,wave,0.075,3,0.03833333333333333,1526,162,90
50,1,45,0.2,wave,0.075,3,0.03833333333333333,1488,151,85
50,1,46,0.2,wave,0.075,3,0.03833333333333333,1434,133,70
50,1,47,0.2,wave,0.075,3,0.03833333333333333,1398,112,66
50,1,48,0.2,wave,0.075,3,0.03833333333333333,1344,95,51
50,1,49,0.2,wave,0.075,3,0.03833333333333333,1333,86,52
50,1,50,0.2,wave,0.075,3,0.03833333333333333,1290,70,40
50,1,51,0.2,wave,0.075,3,0.03833333333333333,1276,57,35
50,1,52,0.2,wave,0.075,3,0.03833333333333333,1229,51,26
50,2,1,0.2,wave,0.075,3,0.03833333333333333,1205,37,20
50,2,2,0.2,wave,0.075,3,0.03833333333333333,1185,32,19
50,2,3,0.2,wave,0.075,3,0.03833333333333333,1167,26,19
50,2,4,0.2,wave,0.075,3,0.03833333333333333,1159,21,14
50,2,5,0.2,wave,0.075,3,0.03833333333333333,1145,14,10
50,2,6,0.2,wave,0.075,3,0.03833333333333333,1132,14,8
50,2,7,0.2,wave,0.075,3,0.03833333333333333,1124,10,5
50,2,8,0.2,wave,0.075,3,0.03833333333333333,1120,11,7
50,2,9,0.2,wave,0.075,3,0.03833333333333333,1110,8,5
50,2,10,0.2,wave,0.075,3,0.03833333333333333,1105,7,6
50,2,11,0.2,wave,0.075,3,0.03833333333333333,1097,5,4
50,2,12,0.2,wave,0.075,3,0.03833333333333333,1089,4,3
50,2,13,0.2,wave,0.075,3,0.03833333333333333,1084,2,1
50,2,14,0.2,wave,0.075,3,0.03833333333333333,1072,1,0
50,2,15,0.2,wave,0.075,3,0.03833333333333333,1071,1,0
50,2,16,0.2,wave,0.075,3,0.03833333333333333,1058,1,1
50,2,17,0.2,wave,0.075,3,0.03833333333333333,1058,1,1
50,2,18,0.2,wave,0.075,3,0.03833333333333333,1046,1,1
50,2,19,0.2,wave,0.075,3,0.03833333333333333,1040,0,0
50,2,20,0.2,wave,0.075,3,0.03833333333333333,1601,0,0
50,2,21,0.2,wave,0.075,3,0.03833333333333333,1568,0,0
50,2,22,0.2,wave,0.075,3,0.03833333333333333,1552,0,0
50,2,23,0.2,wave,0.075,3,0.03833333333333333,1522,0,0
50,2,24,0.2,wave,0.075,3,0.03833333333333333,1504,0,0
50,2,25,0.2,wave,0.075,3,0.03833333333333333,1514,0,0
50,2,26,0.2,wave,0.075,3,0.03833333333333333,1481,0,0
50,2,27,0.2,wave,0.075,3,0.03833333333333333,1455,0,0
50,2,28,0.2,wave,0.075,3,0.03833333333333333,1451,0,0
50,2,29,0.2,wave,0.075,3,0.03833333333333333,1449,0,0
50,2,30,0.2,wave,0.075,3,0.03833333333333333,1425,0,0
50,2,31,0.2,wave,0.075,3,0.03833333333333333,1399,0,0
50,2,32,0.2,wave,0.075,3,0.03833333333333333,1383,0,0
50,2,33,0.2,wave,0.075,3,0.03833333333333333,1364,0,0
50,2,34,0.2,wave,0.075,3,0.03833333333333333,1358,0,0
50,2,35,0.2,wave,0.075,3,0.03833333333333333,1371,0,0
50,2,36,0.2,wave,0.075,3,0.03833333333333333,1352,0,0
50,2,37,0.2,wave,0.075,3,0.03833333333333333,1331,0,0
50,2,38,0.2,wave,0.075,3,0.03833333333333333,1327,0,0
50,2,39,0.2,wave,0.075,3,0.03833333333333333,1307,0,0
50,2,40,0.2,wave,0.075,3,0.03833333333333333,1289,0,0
50,2,41,0.2,wave,0.075,3,0.03833333333333333,1281,0,0
50,2,42,0.2,wave,0.075,3,0.03833333333333333,1262,0,0
50,2,43,0.2,wave,0.075,3,0.03833333333333333,1259,0,0
50,2,44,0.2,wave,0.075,3,0.03833333333333333,1250,0,0
50,2,45,0.2,wave,0.075,3,0.03833333333333333,1250,0,0
50,2,46,0.2,wave,0.075,3,0.03833333333333333,1226,0,0
50,2,47,0.2,wave,0.075,3,0.03833333333333333,1225,0,0
50,2,48,0.2,wave,0.075,3,0.03833333333333333,1216,0,0
50,2,49,0.2,wave,0.075,3,0.03833333333333333,1188,0,0
50,2,50,0.2,wave,0.075,3,0.03833333333333333,1172,0,0
50,2,51,0.2,wave,0.075,3,0.03833333333333333,1159,0,0
50,2,52,0.2,wave,0.075,3,0.03833333333333333,1151,0,0
50,3,1,0.2,wave,0.075,3,0.03833333333333333,1145,0,0
50,3,2,0.2,wave,0.075,3,0.03833333333333333,1144,0,0
50,3,3,0.2,wave,0.075,3,0.03833333333333333,1134,0,0
50,3,4,0.2,wave,0.075,3,0.03833333333333333,1132,0,0
50,3,5,0.2,wave,0.075,3,0.03833333333333333,1124,0,0
50,3,6,0.2,wave,0.075,3,0.03833333333333333,1114,0,0
50,3,7,0.2,wave,0.075,3,0.03833333333333333,1104,0,0
50,3,8,0.2,wave,0.075,3,0.03833333333333333,1102,0,0
50,3,9,0.2,wave,0.075,3,0.03833333333333333,1081,0,0
50,3,10,0.2,wave,0.075,3,0.03833333333333333,1074,0,0
50,3,11,0.2,wave,0.075,3,0.03833333333333333,1071,0,0
50,3,12,0.2,wave,0.075,3,0.03833333333333333,1068,0,0
50,3,13,0.2,wave,0.075,3,0.03833333333333333,1062,0,0
50,3,14,0.2,wave,0.075,3,0.03833333333333333,1061,0,0
50,3,15,0.2,wave,0.075,3,0.03833333333333333,1053,0,0
50,3,16,0.2,wave,0.075,3,0.03833333333333333,1054,0,0
50,3,17,0.2,wave,0.075,3,0.03833333333333333,1046,0,0
50,3,18,0.2,wave,0.075,3,0.03833333333333333,1048,0,0
50,3,19,0.2,wave,0.075,3,0.03833333333333333,1030,0,0
50,3,20,0.2,wave,0.075,3,0.03833333333333333,1499,0,0
50,3,21,0.2,wave,0.075,3,0.03833333333333333,1477,0,0
50,3,22,0.2,wave,0.075,3,0.03833333333333333,1478,0,0
50,3,23,0.2,wave,0.075,3,0.03833333333333333,1438,0,0
50,3,24,0.2,wave,0.075,3,0.03833333333333333,1434,0,0
50,3,25,0.2,wave,0.075,3,0.03833333333333333,1406,0,0
50,3,26,0.2,wave,0.075,3,0.03833333333333333,1395,0,0
50,3,27,0.2,wave,0.075,3,0.03833333333333333,1348,0,0
50,3,28,0.2,wave,0.075,3,0.03833333333333333,1343,0,0
50,3,29,0.2,wave,0.075,3,0.03833333333333333,1320,0,0
50,3,30,0.2,wave,0.075,3,0.03833333333333333,1324,0,0
50,3,31,0.2,wave,0.075,3,0.03833333333333333,1286,0,0
50,3,32,0.2,wave,0.075,3,0.03833333333333333,1313,0,0
50,3,33,0.2,wave,0.075,3,0.03833333333333333,1294,0,0
50,3,34,0.2,wave,0.075,3,0.03833333333333333,1291,0,0
50,3,35,0.2,wave,0.075,3,0.03833333333333333,1264,0,0
50,3,36,0.2,wave,0.075,3,0.03833333333333333,1247,0,0
50,3,37,0.2,wave,0.075,3,0.03833333333333333,1228,0,0
50,3,38,0.2,wave,0.075,3,0.03833333333333333,1208,0,0
50,3,39,0.2,wave,0.075,3,0.03833333333333333,1205,0,0
50,3,40,0.2,wave,0.075,3,0.03833333333333333,1201,0,0
50,3,41,0.2,wave,0.075,3,0.03833333333333333,1181,0,0
50,3,42,0.2,wave,0.075,3,0.03833333333333333,1173,0,0
50,3,43,0.2,wave,0.075,3,0.03833333333333333,1161,0,0
50,3,44,0.2,wave,0.075,3,0.03833333333333333,1154,0,0
50,3,45,0.2,wave,0.075,3,0.03833333333333333,1130,0,0
50,3,46,0.2,wave,0.075,3,0.03833333333333333,1122,0,0
50,3,47,0.2,wave,0.075,3,0.03833333333333333,1096,0,0
50,3,48,0.2,wave,0.075,3,0.03833333333333333,1090,0,0
50,3,49,0.2,wave,0.075,3,0.03833333333333333,1082,0,0
50,3,50,0.2,wave,0.075,3,0.03833333333333333,1066,0,0
50,3,51,0.2,wave,0.075,3,0.03833333333333333,1052,0,0
50,3,52,0.2,wave,0.075,3,0.03833333333333333,1052,0,0
50,4,1,0.2,wave,0.075,3,0.03833333333333333,1038,0,0
50,4,2,0.2,wave,0.075,3,0.03833333333333333,1027,0,0
50,4,3,0.2,wave,0.075,3,0.03833333333333333,1005,0,0
50,4,4,0.2,wave,0.075,3,0.03833333333333333,1005,0,0
50,4,5,0.2,wave,0.075,3,0.03833333333333333,974,0,0
50,4,6,0.2,wave,0.075,3,0.03833333333333333,984,0,0
50,4,7,0.2,wave,0.075,3,0.03833333333333333,973,0,0
50,4,8,0.2,wave,0.075,3,0.03833333333333333,975,0,0
50,4,9,0.2,wave,0.075,3,0.03833333333333333,965,0,0
50,4,10,0.2,wave,0.075,3,0.03833333333333333,962,0,0
50,4,11,0.2,wave,0.075,3,0.03833333333333333,958,0,0
50,4,12,0.2,wave,0.075,3,0.03833333333333333,961,0,0
50,4,13,0.2,wave,0.075,3,0.03833333333333333,935,0,0
50,4,14,0.2,wave,0.075,3,0.03833333333333333,912,0,0
50,4,15,0.2,wave,0.075,3,0.03833333333333333,901,0,0
50,4,16,0.2,wave,0.075,3,0.03833333333333333,901,0,0
50,4,17,0.2,wave,0.075,3,0.03833333333333333,897,0,0
50,4,18,0.2,wave,0.075,3,0.03833333333333333,889,0,0
50,4,19,0.2,wave,0.075,3,0.03833333333333333,896,0,0
50,4,20,0.2,wave,0.075,3,0.03833333333333333,1303,0,0
50,4,21,0.2,wave,0.075,3,0.03833333333333333,1320,0,0
50,4,22,0.2,wave,0.075,3,0.03833333333333333,1276,0,0
50,4,23,0.2,wave,0.075,3,0.03833333333333333,1281,0,0
50,4,24,0.2,wave,0.075,3,0.03833333333333333,1234,0,0
50,4,25,0.2,wave,0.075,3,0.03833333333333333,1249,0,0
50,4,26,0.2,wave,0.075,3,0.03833333333333333,1213,0,0
50,4,27,0.2,wave,0.075,3,0.03833333333333333,1222,0,0
50,4,28,0.2,wave,0.075,3,0.03833333333333333,1181,0,0
50,4,29,0.2,wave,0.075,3,0.03833333333333333,1182,0,0
50,4,30,0.2,wave,0.075,3,0.03833333333333333,1129,0,0
50,4,31,0.2,wave,0.075,3,0.03833333333333333,1119,0,0
50,4,32,0.2,wave,0.075,3,0.03833333333333333,1081,0,0
50,4,33,0.2,wave,0.075,3,0.03833333333333333,1085,0,0
50,4,34,0.2,wave,0.075,3,0.03833333333333333,1073,0,0
50,4,35,0.2,wave,0.075,3,0.03833333333333333,1089,0,0
50,4,36,0.2,wave,0.075,3,0.03833333333333333,1050,0,0
50,4,37,0.2,wave,0.075,3,0.03833333333333333,1047,0,0
50,4,38,0.2,wave,0.075,3,0.03833333333333333,1033,0,0
50,4,39,0.2,wave,0.075,3,0.03833333333333333,1044,0,0
50,4,40,0.2,wave,0.075,3,0.03833333333333333,1023,0,0
50,4,41,0.2,wave,0.075,3,0.03833333333333333,1028,0,0
50,4,42,0.2,wave,0.075,3,0.03833333333333333,1006,0,0
50,4,43,0.2,wave,0.075,3,0.03833333333333333,1013,0,0
50,4,44,0.2,wave,0.075,3,0.03833333333333333,1003,0,0
50,4,45,0.2,wave,0.075,3,0.03833333333333333,1010,0,0
50,4,46,0.2,wave,0.075,3,0.03833333333333333,999,0,0
50,4,47,0.2,wave,0.075,3,0.03833333333333333,1000,0,0
50,4,48,0.2,wave,0.075,3,0.03833333333333333,981,0,0
50,4,49,0.2,wave,0.075,3,0.03833333333333333,979,0,0
50,4,50,0.2,wave,0.075,3,0.03833333333333333,971,0,0
50,4,51,0.2,wave,0.075,3,0.03833333333333333,963,0,0
50,4,52,0.2,wave,0.075,3,0.03833333333333333,943,0,0
50,5,1,0.2,wave,0.075,3,0.03833333333333333,938,0,0
50,5,2,0.2,wave,0.075,3,0.03833333333333333,933,0,0
50,5,3,0.2,wave,0.075,3,0.03833333333333333,917,0,0
50,5,4,0.2,wave,0.075,3,0.03833333333333333,903,0,0
50,5,5,0.2,wave,0.075,3,0.03833333333333333,899,0,0
50,5,6,0.2,wave,0.075,3,0.03833333333333333,884,0,0
50,5,7,0.2,wave,0.075,3,0.03833333333333333,884,0,0
50,5,8,0.2,wave,0.075,3,0.03833333333333333,883,0,0
50,5,9,0.2,wave,0.075,3,0.03833333333333333,880,0,0
50,5,10,0.2,wave,0.075,3,0.03833333333333333,876,0,0
50,5,11,0.2,wave,0.075,3,0.03833333333333333,878,0,0
50,5,12,0.2,wave,0.075,3,0.03833333333333333,878,0,0
50,5,13,0.2,wave,0.075,3,0.03833333333333333,876,0,0
50,5,14,0.2,wave,0.075,3,0.03833333333333333,876,0,0
50,5,15,0.2,wave,0.075,3,0.03833333333333333,876,0,0
50,5,16,0.2,wave,0.075,3,0.03833333333333333,878,0,0
50,5,17,0.2,wave,0.075,3,0.03833333333333333,872,0,0
50,5,18,0.2,wave,0.075,3,0.03833333333333333,870,0,0
50,5,19,0.2,wave,0.075,3,0.03833333333333333,868,0,0
50,5,20,0.2,wave,0.075,3,0.03833333333333333,1305,0,0
50,5,21,0.2,wave,0.075,3,0.03833333333333333,1265,0,0
50,5,22,0.2,wave,0.075,3,0.03833333333333333,1270,0,0
50,5,23,0.2,wave,0.075,3,0.03833333333333333,1237,0,0
50,5,24,0.2,wave,0.075,3,0.03833333333333333,1211,0,0
50,5,25,0.2,wave,0.075,3,0.03833333333333333,1155,0,0
50,5,26,0.2,wave,0.075,3,0.03833333333333333,1144,0,0
50,5,27,0.2,wave,0.075,3,0.03833333333333333,1140,0,0
50,5,28,0.2,wave,0.075,3,0.03833333333333333,1133,0,0
50,5,29,0.2,wave,0.075,3,0.03833333333333333,1130,0,0
50,5,30,0.2,wave,0.075,3,0.03833333333333333,1133,0,0
50,5,31,0.2,wave,0.075,3,0.03833333333333333,1117,0,0
50,5,32,0.2,wave,0.075,3,0.03833333333333333,1110,0,0
50,5,33,0.2,wave,0.075,3,0.03833333333333333,1089,0,0
50,5,34,0.2,wave,0.075,3,0.03833333333333333,1073,0,0
50,5,35,0.2,wave,0.075,3,0.03833333333333333,1070,0,0
50,5,36,0.2,wave,0.075,3,0.03833333333333333,1049,0,0
50,5,37,0.2,wave,0.075,3,0.03833333333333333,1040,0,0
50,5,38,0.2,wave,0.075,3,0.03833333333333333,1035,0,0
50,5,39,0.2,wave,0.075,3,0.03833333333333333,1044,0,0
50,5,40,0.2,wave,0.075,3,0.03833333333333333,1025,0,0
50,5,41,0.2,wave,0.075,3,0.03833333333333333,1014,0,0
50,5,42,0.2,wave,0.075,3,0.03833333333333333,1010,0,0
50,5,43,0.2,wave,0.075,3,0.03833333333333333,1011,0,0
50,5,44,0.2,wave,0.075,3,0.03833333333333333,1003,0,0
50,5,45,0.2,wave,0.075,3,0.03833333333333333,996,0,0
50,5,46,0.2,wave,0.075,3,0.03833333333333333,982,0,0
50,5,47,0.2,wave,0.075,3,0.03833333333333333,980,0,0
50,5,48,0.2,wave,0.075,3,0.03833333333333333,980,0,0
50,5,49,0.2,wave,0.075,3,0.03833333333333333,959,0,0
50,5,50,0.2,wave,0.075,3,0.03833333333333333,954,0,0
50,5,51,0.2,wave,0.075,3,0.03833333333333333,951,0,0
50,5,52,0.2,wave,0.075,3,0.03833333333333333,945,0,0
50,6,1,0.2,wave,0.075,3,0.03833333333333333,944,0,0
50,6,2,0.2,wave,0.075,3,0.03833333333333333,942,0,0
50,6,3,0.2,wave,0.075,3,0.03833333333333333,931,0,0
50,6,4,0.2,wave,0.075,3,0.03833333333333333,919,0,0
50,6,5,0.2,wave,0.075,3,0.03833333333333333,915,0,0
50,6,6,0.2,wave,0.075,3,0.03833333333333333,913,0,0
50,6,7,0.2,wave,0.075,3,0.03833333333333333,898,0,0
50,6,8,0.2,wave,0.075,3,0.03833333333333333,869,0,0
50,6,9,0.2,wave,0.075,3,0.03833333333333333,865,0,0
50,6,10,0.2,wave,0.075,3,0.03833333333333333,867,0,0
50,6,11,0.2,wave,0.075,3,0.03833333333333333,860,0,0
50,6,12,0.2,wave,0.075,3,0.03833333333333333,865,0,0
50,6,13,0.2,wave,0.075,3,0.03833333333333333,863,0,0
50,6,14,0.2,wave,0.075,3,0.03833333333333333,863,0,0
50,6,15,0.2,wave,0.075,3,0.03833333333333333,857,0,0
50,6,16,0.2,wave,0.075,3,0.03833333333333333,858,0,0
50,6,17,0.2,wave,0.075,3,0.03833333333333333,841,0,0
50,6,18,0.2,wave,0.075,3,0.03833333333333333,832,0,0
50,6,19,0.2,wave,0.075,3,0.03833333333333333,835,0,0
50,6,20,0.2,wave,0.075,3,0.03833333333333333,1241,0,0
50,6,21,0.2,wave,0.075,3,0.03833333333333333,1232,0,0
50,6,22,0.2,wave,0.075,3,0.03833333333333333,1202,0,0
50,6,23,0.2,wave,0.075,3,0.03833333333333333,1169,0,0
50,6,24,0.2,wave,0.075,3,0.03833333333333333,1185,0,0
50,6,25,0.2,wave,0.075,3,0.03833333333333333,1177,0,0
50,6,26,0.2,wave,0.075,3,0.03833333333333333,1141,0,0
50,6,27,0.2,wave,0.075,3,0.03833333333333333,1104,0,0
50,6,28,0.2,wave,0.075,3,0.03833333333333333,1063,0,0
50,6,29,0.2,wave,0.075,3,0.03833333333333333,1072,0,0
50,6,30,0.2,wave,0.075,3,0.03833333333333333,1047,0,0
50,6,31,0.2,wave,0.075,3,0.03833333333333333,1036,0,0
50,6,32,0.2,wave,0.075,3,0.03833333333333333,1043,0,0
50,6,33,0.2,wave,0.075,3,0.03833333333333333,1031,0,0
50,6,34,0.2,wave,0.075,3,0.03833333333333333,1036,0,0
50,6,35,0.2,wave,0.075,3,0.03833333333333333,1028,0,0
50,6,36,0.2,wave,0.075,3,0.03833333333333333,1036,0,0
50,6,37,0.2,wave,0.075,3,0.03833333333333333,1022,0,0
50,6,38,0.2,wave,0.075,3,0.03833333333333333,977,0,0
50,6,39,0.2,wave,0.075,3,0.03833333333333333,934,0,0
50,6,40,0.2,wave,0.075,3,0.03833333333333333,930,0,0
50,6,41,0.2,wave,0.075,3,0.03833333333333333,920,0,0
50,6,42,0.2,wave,0.075,3,0.03833333333333333,922,0,0
50,6,43,0.2,wave,0.075,3,0.03833333333333333,909,0,0
50,6,44,0.2,wave,0.075,3,0.03833333333333333,910,0,0
50,6,45,0.2,wave,0.075,3,0.03833333333333333,888,0,0
50,6,46,0.2,wave,0.075,3,0.03833333333333333,890,0,0
50,6,47,0.2,wave,0.075,3,0.03833333333333333,875,0,0
50,6,48,0.2,wave,0.075,3,0.03833333333333333,882,0,0
50,6,49,0.2,wave,0.075,3,0.03833333333333333,867,0,0
50,6,50,0.2,wave,0.075,3,0.03833333333333333,876,0,0
50,6,51,0.2,wave,0.075,3,0.03833333333333333,861,0,0
50,6,52,0.2,wave,0.075,3,0.03833333333333333,865,0,0
50,7,1,0.2,wave,0.075,3,0.03833333333333333,839,0,0
50,7,2,0.2,wave,0.075,3,0.03833333333333333,849,0,0
50,7,3,0.2,wave,0.075,3,0.03833333333333333,815,0,0
50,7,4,0.2,wave,0.075,3,0.03833333333333333,817,0,0
50,7,5,0.2,wave,0.075,3,0.03833333333333333,814,0,0
50,7,6,0.2,wave,0.075,3,0.03833333333333333,815,0,0
50,7,7,0.2,wave,0.075,3,0.03833333333333333,794,0,0
50,7,8,0.2,wave,0.075,3,0.03833333333333333,782,0,0
50,7,9,0.2,wave,0.075,3,0.03833333333333333,777,0,0
50,7,10,0.2,wave,0.075,3,0.03833333333333333,774,0,0
50,7,11,0.2,wave,0.075,3,0.03833333333333333,772,0,0
50,7,12,0.2,wave,0.075,3,0.03833333333333333,776,0,0
50,7,13,0.2,wave,0.075,3,0.03833333333333333,756,0,0
50,7,14,0.2,wave,0.075,3,0.03833333333333333,759,0,0
50,7,15,0.2,wave,0.075,3,0.03833333333333333,756,0,0
50,7,16,0.2,wave,0.075,3,0.03833333333333333,756,0,0
50,7,17,0.2,wave,0.075,3,0.03833333333333333,755,0,0
50,7,18,0.2,wave,0.075,3,0.03833333333333333,758,0,0
50,7,19,0.2,wave,0.075,3,0.03833333333333333,737,0,0
50,7,20,0.2,wave,0.075,3,0.03833333333333333,1146,0,0
50,7,21,0.2,wave,0.075,3,0.03833333333333333,1128,0,0
50,7,22,0.2,wave,0.075,3,0.03833333333333333,1117,0,0
50,7,23,0.2,wave,0.075,3,0.03833333333333333,1072,0,0
50,7,24,0.2,wave,0.075,3,0.03833333333333333,1033,0,0
50,7,25,0.2,wave,0.075,3,0.03833333333333333,997,0,0
50,7,26,0.2,wave,0.075,3,0.03833333333333333,974,0,0
50,7,27,0.2,wave,0.075,3,0.03833333333333333,957,0,0
50,7,28,0.2,wave,0.075,3,0.03833333333333333,957,0,0
50,7,29,0.2,wave,0.075,3,0.03833333333333333,950,0,0
50,7,30,0.2,wave,0.075,3,0.03833333333333333,904,0,0
50,7,31,0.2,wave,0.075,3,0.03833333333333333,909,0,0
50,7,32,0.2,wave,0.075,3,0.03833333333333333,883,0,0
50,7,33,0.2,wave,0.075,3,0.03833333333333333,895,0,0
50,7,34,0.2,wave,0.075,3,0.03833333333333333,847,0,0
50,7,35,0.2,wave,0.075,3,0.03833333333333333,863,0,0
50,7,36,0.2,wave,0.075,3,0.03833333333333333,819,0,0
50,7,37,0.2,wave,0.075,3,0.03833333333333333,813,0,0
50,7,38,0.2,wave,0.075,3,0.03833333333333333,797,0,0
50,7,39,0.2,wave,0.075,3,0.03833333333333333,805,0,0
50,7,40,0.2,wave,0.075,3,0.03833333333333333,798,0,0
50,7,41,0.2,wave,0.075,3,0.03833333333333333,792,0,0
50,7,42,0.2,wave,0.075,3,0.03833333333333333,792,0,0
50,7,43,0.2,wave,0.075,3,0.03833333333333333,795,0,0
50,7,44,0.2,wave,0.075,3,0.03833333333333333,793,0,0
50,7,45,0.2,wave,0.075,3,0.03833333333333333,797,0,0
50,7,46,0.2,wave,0.075,3,0.03833333333333333,793,0,0
50,7,47,0.2,wave,0.075,3,0.03833333333333333,791,0,0
50,7,48,0.2,wave,0.075,3,0.03833333333333333,786,0,0
50,7,49,0.2,wave,0.075,3,0.03833333333333333,763,0,0
50,7,50,0.2,wave,0.075,3,0.03833333333333333,767,0,0
50,7,51,0.2,wave,0.075,3,0.03833333333333333,755,0,0
50,7,52,0.2,wave,0.075,3,0.03833333333333333,752,0,0
50,8,1,0.2,wave,0.075,3,0.03833333333333333,736,0,0
50,8,2,0.2,wave,0.075,3,0.03833333333333333,740,0,0
50,8,3,0.2,wave,0.075,3,0.03833333333333333,731,0,0
50,8,4,0.2,wave,0.075,3,0.03833333333333333,739,0,0
50,8,5,0.2,wave,0.075,3,0.03833333333333333,727,0,0
50,8,6,0.2,wave,0.075,3,0.03833333333333333,735,0,0
50,8,7,0.2,wave,0.075,3,0.03833333333333333,728,0,0
50,8,8,0.2,wave,0.075,3,0.03833333333333333,730,0,0
50,8,9,0.2,wave,0.075,3,0.03833333333333333,725,0,0
50,8,10,0.2,wave,0.075,3,0.03833333333333333,718,0,0
50,8,11,0.2,wave,0.075,3,0.03833333333333333,722,0,0
50,8,12,0.2,wave,0.075,3,0.03833333333333333,718,0,0
50,8,13,0.2,wave,0.075,3,0.03833333333333333,707,0,0
50,8,14,0.2,wave,0.075,3,0.03833333333333333,703,0,0
50,8,15,0.2,wave,0.075,3,0.03833333333333333,704,0,0
50,8,16,0.2,wave,0.075,3,0.03833333333333333,699,0,0
50,8,17,0.2,wave,0.075,3,0.03833333333333333,704,0,0
50,8,18,0.2,wave,0.075,3,0.03833333333333333,686,0,0
50,8,19,0.2,wave,0.075,3,0.03833333333333333,692,0,0
50,8,20,0.2,wave,0.075,3,0.03833333333333333,1029,0,0
50,8,21,0.2,wave,0.075,3,0.03833333333333333,990,0,0
50,8,22,0.2,wave,0.075,3,0.03833333333333333,955,0,0
50,8,23,0.2,wave,0.075,3,0.03833333333333333,941,0,0
50,8,24,0.2,wave,0.075,3,0.03833333333333333,942,0,0
50,8,25,0.2,wave,0.075,3,0.03833333333333333,937,0,0
50,8,26,0.2,wave,0.075,3,0.03833333333333333,932,0,0
50,8,27,0.2,wave,0.075,3,0.03833333333333333,914,0,0
50,8,28,0.2,wave,0.075,3,0.03833333333333333,893,0,0
50,8,29,0.2,wave,0.075,3,0.03833333333333333,900,0,0
50,8,30,0.2,wave,0.075,3,0.03833333333333333,890,0,0
50,8,31,0.2,wave,0.075,3,0.03833333333333333,889,0,0
50,8,32,0.2,wave,0.075,3,0.03833333333333333,881,0,0
50,8,33,0.2,wave,0.075,3,0.03833333333333333,889,0,0
50,8,34,0.2,wave,0.075,3,0.03833333333333333,871,0,0
50,8,35,0.2,wave,0.075,3,0.03833333333333333,863,0,0
50,8,36,0.2,wave,0.075,3,0.03833333333333333,853,0,0
50,8,37,0.2,wave,0.075,3,0.03833333333333333,861,0,0
50,8,38,0.2,wave,0.075,3,0.03833333333333333,843,0,0
50,8,39,0.2,wave,0.075,3,0.03833333333333333,848,0,0
50,8,40,0.2,wave,0.075,3,0.03833333333333333,829,0,0
50,8,41,0.2,wave,0.075,3,0.03833333333333333,848,0,0
50,8,42,0.2,wave,0.075,3,0.03833333333333333,835,0,0
50,8,43,0.2,wave,0.075,3,0.03833333333333333,851,0,0
50,8,44,0.2,wave,0.075,3,0.03833333333333333,831,0,0
50,8,45,0.2,wave,0.075,3,0.03833333333333333,825,0,0
50,8,46,0.2,wave,0.075,3,0.03833333333333333,805,0,0
50,8,47,0.2,wave,0.075,3,0.03833333333333333,818,0,0
50,8,48,0.2,wave,0.075,3,0.03833333333333333,807,0,0
50,8,49,0.2,wave,0.075,3,0.03833333333333333,812,0,0
50,8,50,0.2,wave,0.075,3,0.03833333333333333,801,0,0
50,8,51,0.2,wave,0.075,3,0.03833333333333333,806,0,0
50,8,52,0.2,wave,0.075,3,0.03833333333333333,781,0,0
50,9,1,0.2,wave,0.075,3,0.03833333333333333,785,0,0
50,9,2,0.2,wave,0.075,3,0.03833333333333333,775,0,0
50,9,3,0.2,wave,0.075,3,0.03833333333333333,780,0,0
50,9,4,0.2,wave,0.075,3,0.03833333333333333,776,0,0
50,9,5,0.2,wave,0.075,3,0.03833333333333333,779,0,0
50,9,6,0.2,wave,0.075,3,0.03833333333333333,754,0,0
50,9,7,0.2,wave,0.075,3,0.03833333333333333,765,0,0
50,9,8,0.2,wave,0.075,3,0.03833333333333333,743,0,0
50,9,9,0.2,wave,0.075,3,0.03833333333333333,753,0,0
50,9,10,0.2,wave,0.075,3,0.03833333333333333,741,0,0
50,9,11,0.2,wave,0.075,3,0.03833333333333333,759,0,0
50,9,12,0.2,wave,0.075,3,0.03833333333333333,731,0,0
50,9,13,0.2,wave,0.075,3,0.03833333333333333,743,0,0
50,9,14,0.2,wave,0.075,3,0.03833333333333333,729,0,0
50,9,15,0.2,wave,0.075,3,0.03833333333333333,745,0,0
50,9,16,0.2,wave,0.075,3,0.03833333333333333,730,0,0
50,9,17,0.2,wave,0.075,3,0.03833333333333333,747,0,0
50,9,18,0.2,wave,0.075,3,0.03833333333333333,729,0,0
50,9,19,0.2,wave,0.075,3,0.03833333333333333,749,0,0
50,9,20,0.2,wave,0.075,3,0.03833333333333333,1050,0,0
50,9,21,0.2,wave,0.075,3,0.03833333333333333,1063,0,0
50,9,22,0.2,wave,0.075,3,0.03833333333333333,1021,0,0
50,9,23,0.2,wave,0.075,3,0.03833333333333333,1031,0,0
50,9,24,0.2,wave,0.075,3,0.03833333333333333,990,0,0
50,9,25,0.2,wave,0.075,3,0.03833333333333333,1008,0,0
50,9,26,0.2,wave,0.075,3,0.03833333333333333,972,0,0
50,9,27,0.2,wave,0.075,3,0.03833333333333333,983,0,0
50,9,28,0.2,wave,0.075,3,0.03833333333333333,970,0,0
50,9,29,0.2,wave,0.075,3,0.03833333333333333,983,0,0
50,9,30,0.2,wave,0.075,3,0.03833333333333333,960,0,0
50,9,31,0.2,wave,0.075,3,0.03833333333333333,942,0,0
50,9,32,0.2,wave,0.075,3,0.03833333333333333,914,0,0
50,9,33,0.2,wave,0.075,3,0.03833333333333333,928,0,0
50,9,34,0.2,wave,0.075,3,0.03833333333333333,915,0,0
50,9,35,0.2,wave,0.075,3,0.03833333333333333,908,0,0
50,9,36,0.2,wave,0.075,3,0.03833333333333333,891,0,0
50,9,37,0.2,wave,0.075,3,0.03833333333333333,908,0,0
50,9,38,0.2,wave,0.075,3,0.03833333333333333,894,0,0
50,9,39,0.2,wave,0.075,3,0.03833333333333333,911,0,0
50,9,40,0.2,wave,0.075,3,0.03833333333333333,891,0,0
50,9,41,0.2,wave,0.075,3,0.03833333333333333,898,0,0
50,9,42,0.2,wave,0.075,3,0.03833333333333333,887,0,0
50,9,43,0.2,wave,0.075,3,0.03833333333333333,885,0,0
50,9,44,0.2,wave,0.075,3,0.03833333333333333,862,0,0
50,9,45,0.2,wave,0.075,3,0.03833333333333333,875,0,0
50,9,46,0.2,wave,0.075,3,0.03833333333333333,863,0,0
50,9,47,0.2,wave,0.075,3,0.03833333333333333,874,0,0
50,9,48,0.2,wave,0.075,3,0.03833333333333333,862,0,0
50,9,49,0.2,wave,0.075,3,0.03833333333333333,873,0,0
50,9,50,0.2,wave,0.075,3,0.03833333333333333,862,0,0
50,9,51,0.2,wave,0.075,3,0.03833333333333333,872,0,0
50,9,52,0.2,wave,0.075,3,0.03833333333333333,859,0,0
50,10,1,0.2,wave,0.075,3,0.03833333333333333,850,0,0
50,10,2,0.2,wave,0.075,3,0.03833333333333333,847,0,0
50,10,3,0.2,wave,0.075,3,0.03833333333333333,821,0,0
50,10,4,0.2,wave,0.075,3,0.03833333333333333,816,0,0
50,10,5,0.2,wave,0.075,3,0.03833333333333333,824,0,0
50,10,6,0.2,wave,0.075,3,0.03833333333333333,814,0,0
50,10,7,0.2,wave,0.075,3,0.03833333333333333,823,0,0
50,10,8,0.2,wave,0.075,3,0.03833333333333333,812,0,0
50,10,9,0.2,wave,0.075,3,0.03833333333333333,818,0,0
50,10,10,0.2,wave,0.075,3,0.03833333333333333,811,0,0
50,10,11,0.2,wave,0.075,3,0.03833333333333333,810,0,0
50,10,12,0.2,wave,0.075,3,0.03833333333333333,800,0,0
50,10,13,0.2,wave,0.075,3,0.03833333333333333,806,0,0
50,10,14,0.2,wave,0.075,3,0.03833333333333333,796,0,0
50,10,15,0.2,wave,0.075,3,0.03833333333333333,803,0,0
50,10,16,0.2,wave,0.075,3,0.03833333333333333,798,0,0
50,10,17,0.2,wave,0.075,3,0.03833333333333333,803,0,0
50,10,18,0.2,wave,0.075,3,0.03833333333333333,798,0,0
50,10,19,0.2,wave,0.075,3,0.03833333333333333,805,0,0
50,10,20,0.2,wave,0.075,3,0.03833333333333333,1106,0,0
50,10,21,0.2,wave,0.075,3,0.03833333333333333,1089,0,0
50,10,22,0.2,wave,0.075,3,0.03833333333333333,1077,0,0
50,10,23,0.2,wave,0.075,3,0.03833333333333333,1060,0,0
50,10,24,0.2,wave,0.075,3,0.03833333333333333,1028,0,0
50,10,25,0.2,wave,0.075,3,0.03833333333333333,1033,0,0
50,10,26,0.2,wave,0.075,3,0.03833333333333333,1017,0,0
50,10,27,0.2,wave,0.075,3,0.03833333333333333,1019,0,0
50,10,28,0.2,wave,0.075,3,0.03833333333333333,1001,0,0
50,10,29,0.2,wave,0.075,3,0.03833333333333333,993,0,0
50,10,30,0.2,wave,0.075,3,0.03833333333333333,963,0,0
50,10,31,0.2,wave,0.075,3,0.03833333333333333,956,0,0
50,10,32,0.2,wave,0.075,3,0.03833333333333333,944,0,0
50,10,33,0.2,wave,0.075,3,0.03833333333333333,943,0,0
50,10,34,0.2,wave,0.075,3,0.03833333333333333,926,0,0
50,10,35,0.2,wave,0.075,3,0.03833333333333333,931,0,0
50,10,36,0.2,wave,0.075,3,0.03833333333333333,927,0,0
50,10,37,0.2,wave,0.075,3,0.03833333333333333,920,0,0
50,10,38,0.2,wave,0.075,3,0.03833333333333333,915,0,0
50,10,39,0.2,wave,0.075,3,0.03833333333333333,927,0,0
50,10,40,0.2,wave,0.075,3,0.03833333333333333,910,0,0
50,10,41,0.2,wave,0.075,3,0.03833333333333333,919,0,0
50,10,42,0.2,wave,0.075,3,0.03833333333333333,910,0,0
50,10,43,0.2,wave,0.075,3,0.03833333333333333,908,0,0
50,10,44,0.2,wave,0.075,3,0.03833333333333333,894,0,0
50,10,45,0.2,wave,0.075,3,0.03833333333333333,905,0,0
50,10,46,0.2,wave,0.075,3,0.03833333333333333,890,0,0
50,10,47,0.2,wave,0.075,3,0.03833333333333333,907,0,0
50,10,48,0.2,wave,0.075,3,0.03833333333333333,894,0,0
50,10,49,0.2,wave,0.075,3,0.03833333333333333,909,0,0
50,10,50,0.2,wave,0.075,3,0.03833333333333333,876,0,0
50,10,51,0.2,wave,0.075,3,0.03833333333333333,890,0,0
50,10,52,0.2,wave,0.075,3,0.03833333333333333,870,0,0
