rep,year,week,sero,rate,im_sero,barrier,total_pop,n_infected,n_symptomatic,actual_sero
1.0,1.0,1.0,0.6,0.1,0.6,2.0,5231.0,52.0,9.0,0.5887975530491302
1.0,1.0,2.0,0.6,0.1,0.6,2.0,5186.0,55.0,16.0,0.5875433860393366
1.0,1.0,3.0,0.6,0.1,0.6,2.0,5108.0,58.0,30.0,0.586335160532498
1.0,1.0,4.0,0.6,0.1,0.6,2.0,4917.0,72.0,35.0,0.5853162497457799
1.0,1.0,5.0,0.6,0.1,0.6,2.0,4965.0,79.0,36.0,0.584491440080564
1.0,1.0,6.0,0.6,0.1,0.6,2.0,4796.0,84.0,33.0,0.585279399499583
1.0,1.0,7.0,0.6,0.1,0.6,2.0,4703.0,83.0,34.0,0.5889857537741867
1.0,1.0,8.0,0.6,0.1,0.6,2.0,4536.0,83.0,40.0,0.5877425044091711
1.0,1.0,9.0,0.6,0.1,0.6,2.0,4439.0,88.0,39.0,0.5895471953142599
1.0,1.0,10.0,0.6,0.1,0.6,2.0,4184.0,88.0,42.0,0.5917782026768642
1.0,1.0,11.0,0.6,0.1,0.6,2.0,4058.0,80.0,37.0,0.5970921636274027
1.0,1.0,12.0,0.6,0.1,0.6,2.0,3990.0,82.0,41.0,0.5967418546365915
1.0,1.0,13.0,0.6,0.1,0.6,2.0,3939.0,91.0,41.0,0.6016755521706016
1.0,1.0,14.0,0.6,0.1,0.6,2.0,3847.0,80.0,38.0,0.60124772550039
1.0,1.0,15.0,0.6,0.1,0.6,2.0,3724.0,81.0,37.0,0.6036519871106337
1.0,1.0,16.0,0.6,0.1,0.6,2.0,3665.0,71.0,38.0,0.6024556616643929
1.0,1.0,17.0,0.6,0.1,0.6,2.0,3532.0,66.0,36.0,0.6056058890147226
1.0,1.0,18.0,0.6,0.1,0.6,2.0,3450.0,71.0,36.0,0.6055072463768116
1.0,1.0,19.0,0.6,0.1,0.6,2.0,3377.0,63.0,30.0,0.6126739709801599
1.0,1.0,20.0,0.6,0.1,0.6,2.0,6170.0,57.0,33.0,0.3286871961102107
1.0,1.0,21.0,0.6,0.1,0.6,2.0,5737.0,76.0,31.0,0.33606414502353144
1.0,1.0,22.0,0.6,0.1,0.6,2.0,5404.0,91.0,34.0,0.33493708364174685
1.0,1.0,23.0,0.6,0.1,0.6,2.0,5110.0,103.0,37.0,0.339334637964775
1.0,1.0,24.0,0.6,0.1,0.6,2.0,4919.0,116.0,44.0,0.34132953852409026
1.0,1.0,25.0,0.6,0.1,0.6,2.0,4801.0,149.0,54.0,0.34555300978962716
1.0,1.0,26.0,0.6,0.1,0.6,2.0,4575.0,156.0,56.0,0.3462295081967213
1.0,1.0,27.0,0.6,0.1,0.6,2.0,4247.0,153.0,54.0,0.3550741700023546
1.0,1.0,28.0,0.6,0.1,0.6,2.0,4085.0,154.0,64.0,0.35789473684210527
1.0,1.0,29.0,0.6,0.1,0.6,2.0,3899.0,163.0,73.0,0.364195947678892
1.0,1.0,30.0,0.6,0.1,0.6,2.0,3712.0,168.0,71.0,0.3628771551724138
1.0,1.0,31.0,0.6,0.1,0.6,2.0,3544.0,168.0,78.0,0.3662528216704289
1.0,1.0,32.0,0.6,0.1,0.6,2.0,3471.0,165.0,80.0,0.37049841544223566
1.0,1.0,33.0,0.6,0.1,0.6,2.0,3389.0,178.0,83.0,0.3735615225730304
1.0,1.0,34.0,0.6,0.1,0.6,2.0,3263.0,167.0,76.0,0.3800183879865155
1.0,1.0,35.0,0.6,0.1,0.6,2.0,3180.0,175.0,77.0,0.3855345911949686
1.0,1.0,36.0,0.6,0.1,0.6,2.0,3092.0,169.0,77.0,0.39036222509702456
1.0,1.0,37.0,0.6,0.1,0.6,2.0,2969.0,167.0,77.0,0.3964297743347929
1.0,1.0,38.0,0.6,0.1,0.6,2.0,2868.0,165.0,79.0,0.40202231520223153
1.0,1.0,39.0,0.6,0.1,0.6,2.0,2789.0,166.0,81.0,0.4087486554320545
1.0,1.0,40.0,0.6,0.1,0.6,2.0,2656.0,167.0,73.0,0.4130271084337349
1.0,1.0,41.0,0.6,0.1,0.6,2.0,2593.0,157.0,66.0,0.41534901658310835
1.0,1.0,42.0,0.6,0.1,0.6,2.0,2481.0,153.0,68.0,0.42361950826279726
1.0,1.0,43.0,0.6,0.1,0.6,2.0,2463.0,151.0,61.0,0.42590336987413724
1.0,1.0,44.0,0.6,0.1,0.6,2.0,2374.0,150.0,64.0,0.42923336141533275
1.0,1.0,45.0,0.6,0.1,0.6,2.0,2298.0,145.0,74.0,0.6775456919060052
1.0,1.0,46.0,0.6,0.1,0.6,2.0,2231.0,136.0,81.0,0.6777229941730166
1.0,1.0,47.0,0.6,0.1,0.6,2.0,2191.0,114.0,73.0,0.6832496576905522
1.0,1.0,48.0,0.6,0.1,0.6,2.0,2085.0,90.0,49.0,0.6896882494004796
1.0,1.0,49.0,0.6,0.1,0.6,2.0,2053.0,78.0,50.0,0.6911836337067706
1.0,1.0,50.0,0.6,0.1,0.6,2.0,1980.0,66.0,40.0,0.6954545454545454
1.0,1.0,51.0,0.6,0.1,0.6,2.0,1956.0,61.0,39.0,0.6947852760736196
1.0,1.0,52.0,0.6,0.1,0.6,2.0,1898.0,49.0,24.0,0.6991570073761855
1.0,2.0,1.0,0.6,0.1,0.6,2.0,1874.0,36.0,17.0,0.7033084311632871
1.0,2.0,2.0,0.6,0.1,0.6,2.0,1830.0,29.0,13.0,0.7060109289617487
1.0,2.0,3.0,0.6,0.1,0.6,2.0,1813.0,27.0,12.0,0.7071152785438499
1.0,2.0,4.0,0.6,0.1,0.6,2.0,1768.0,23.0,11.0,0.7104072398190046
1.0,2.0,5.0,0.6,0.1,0.6,2.0,1746.0,22.0,11.0,0.7124856815578465
1.0,2.0,6.0,0.6,0.1,0.6,2.0,1700.0,24.0,11.0,0.7141176470588235
1.0,2.0,7.0,0.6,0.1,0.6,2.0,1692.0,20.0,11.0,0.7151300236406619
1.0,2.0,8.0,0.6,0.1,0.6,2.0,1649.0,17.0,8.0,0.7186173438447544
1.0,2.0,9.0,0.6,0.1,0.6,2.0,1637.0,17.0,8.0,0.7196090409285278
1.0,2.0,10.0,0.6,0.1,0.6,2.0,1604.0,12.0,7.0,0.7213216957605985
1.0,2.0,11.0,0.6,0.1,0.6,2.0,1591.0,12.0,9.0,0.7228158390949089
1.0,2.0,12.0,0.6,0.1,0.6,2.0,1551.0,15.0,8.0,0.7214700193423598
1.0,2.0,13.0,0.6,0.1,0.6,2.0,1542.0,13.0,6.0,0.72568093385214
1.0,2.0,14.0,0.6,0.1,0.6,2.0,1511.0,13.0,5.0,0.7233620119126406
1.0,2.0,15.0,0.6,0.1,0.6,2.0,1509.0,12.0,7.0,0.7243207422133864
1.0,2.0,16.0,0.6,0.1,0.6,2.0,1478.0,10.0,6.0,0.7219215155615697
1.0,2.0,17.0,0.6,0.1,0.6,2.0,1474.0,9.0,7.0,0.723202170963365
1.0,2.0,18.0,0.6,0.1,0.6,2.0,1451.0,8.0,5.0,0.7215713301171606
1.0,2.0,19.0,0.6,0.1,0.6,2.0,1456.0,8.0,6.0,0.7232142857142857
1.0,2.0,20.0,0.6,0.1,0.6,2.0,2568.0,10.0,4.0,0.3999221183800623
1.0,2.0,21.0,0.6,0.1,0.6,2.0,2494.0,9.0,3.0,0.40016038492381717
1.0,2.0,22.0,0.6,0.1,0.6,2.0,2423.0,10.0,4.0,0.40115559224102354
1.0,2.0,23.0,0.6,0.1,0.6,2.0,2374.0,9.0,5.0,0.4026958719460826
1.0,2.0,24.0,0.6,0.1,0.6,2.0,2272.0,11.0,3.0,0.40669014084507044
1.0,2.0,25.0,0.6,0.1,0.6,2.0,2241.0,11.0,3.0,0.40651494868362337
1.0,2.0,26.0,0.6,0.1,0.6,2.0,2157.0,13.0,3.0,0.40704682429299954
1.0,2.0,27.0,0.6,0.1,0.6,2.0,2108.0,15.0,7.0,0.4122390891840607
1.0,2.0,28.0,0.6,0.1,0.6,2.0,2067.0,20.0,5.0,0.41170778906627964
1.0,2.0,29.0,0.6,0.1,0.6,2.0,2017.0,19.0,9.0,0.41398116013882
1.0,2.0,30.0,0.6,0.1,0.6,2.0,1959.0,19.0,11.0,0.4165390505359878
1.0,2.0,31.0,0.6,0.1,0.6,2.0,1955.0,22.0,12.0,0.4158567774936061
1.0,2.0,32.0,0.6,0.1,0.6,2.0,1888.0,21.0,7.0,0.4205508474576271
1.0,2.0,33.0,0.6,0.1,0.6,2.0,1845.0,16.0,2.0,0.42276422764227645
1.0,2.0,34.0,0.6,0.1,0.6,2.0,1779.0,15.0,4.0,0.42608206857785275
1.0,2.0,35.0,0.6,0.1,0.6,2.0,1783.0,16.0,7.0,0.4212002243409983
1.0,2.0,36.0,0.6,0.1,0.6,2.0,1750.0,18.0,8.0,0.4205714285714286
1.0,2.0,37.0,0.6,0.1,0.6,2.0,1750.0,20.0,9.0,0.41942857142857143
1.0,2.0,38.0,0.6,0.1,0.6,2.0,1714.0,25.0,12.0,0.4206534422403734
1.0,2.0,39.0,0.6,0.1,0.6,2.0,1718.0,36.0,12.0,0.420256111757858
1.0,2.0,40.0,0.6,0.1,0.6,2.0,1640.0,37.0,10.0,0.42134146341463413
1.0,2.0,41.0,0.6,0.1,0.6,2.0,1640.0,33.0,14.0,0.4225609756097561
1.0,2.0,42.0,0.6,0.1,0.6,2.0,1581.0,36.0,20.0,0.4250474383301708
1.0,2.0,43.0,0.6,0.1,0.6,2.0,1563.0,41.0,24.0,0.4248240563019834
1.0,2.0,44.0,0.6,0.1,0.6,2.0,1520.0,41.0,19.0,0.43223684210526314
1.0,2.0,45.0,0.6,0.1,0.6,2.0,1479.0,35.0,14.0,0.6551724137931034
1.0,2.0,46.0,0.6,0.1,0.6,2.0,1445.0,32.0,12.0,0.6560553633217993
1.0,2.0,47.0,0.6,0.1,0.6,2.0,1420.0,29.0,17.0,0.6570422535211268
1.0,2.0,48.0,0.6,0.1,0.6,2.0,1398.0,23.0,16.0,0.6602288984263234
1.0,2.0,49.0,0.6,0.1,0.6,2.0,1382.0,20.0,15.0,0.6562952243125905
1.0,2.0,50.0,0.6,0.1,0.6,2.0,1362.0,13.0,12.0,0.657856093979442
1.0,2.0,51.0,0.6,0.1,0.6,2.0,1348.0,8.0,7.0,0.6609792284866469
1.0,2.0,52.0,0.6,0.1,0.6,2.0,1337.0,6.0,5.0,0.6611817501869858
1.0,3.0,1.0,0.6,0.1,0.6,2.0,1325.0,2.0,1.0,0.6664150943396226
1.0,3.0,2.0,0.6,0.1,0.6,2.0,1306.0,1.0,1.0,0.664624808575804
1.0,3.0,3.0,0.6,0.1,0.6,2.0,1287.0,1.0,1.0,0.6643356643356644
1.0,3.0,4.0,0.6,0.1,0.6,2.0,1281.0,1.0,1.0,0.6627634660421545
1.0,3.0,5.0,0.6,0.1,0.6,2.0,1261.0,0.0,0.0,0.6637589214908802
1.0,3.0,6.0,0.6,0.1,0.6,2.0,1261.0,0.0,0.0,0.6637589214908802
1.0,3.0,7.0,0.6,0.1,0.6,2.0,1243.0,0.0,0.0,0.6621078037007241
1.0,3.0,8.0,0.6,0.1,0.6,2.0,1227.0,0.0,0.0,0.6625916870415648
1.0,3.0,9.0,0.6,0.1,0.6,2.0,1220.0,0.0,0.0,0.6614754098360656
1.0,3.0,10.0,0.6,0.1,0.6,2.0,1210.0,0.0,0.0,0.6603305785123967
1.0,3.0,11.0,0.6,0.1,0.6,2.0,1207.0,0.0,0.0,0.6603148301574151
1.0,3.0,12.0,0.6,0.1,0.6,2.0,1205.0,0.0,0.0,0.6597510373443983
1.0,3.0,13.0,0.6,0.1,0.6,2.0,1197.0,0.0,0.0,0.6574770258980785
1.0,3.0,14.0,0.6,0.1,0.6,2.0,1196.0,0.0,0.0,0.657190635451505
1.0,3.0,15.0,0.6,0.1,0.6,2.0,1171.0,0.0,0.0,0.6558497011101623
1.0,3.0,16.0,0.6,0.1,0.6,2.0,1158.0,0.0,0.0,0.6563039723661486
1.0,3.0,17.0,0.6,0.1,0.6,2.0,1144.0,0.0,0.0,0.6564685314685315
1.0,3.0,18.0,0.6,0.1,0.6,2.0,1149.0,0.0,0.0,0.6562228024369017
1.0,3.0,19.0,0.6,0.1,0.6,2.0,1136.0,0.0,0.0,0.6558098591549296
1.0,3.0,20.0,0.6,0.1,0.6,2.0,2020.0,0.0,0.0,0.3717821782178218
1.0,3.0,21.0,0.6,0.1,0.6,2.0,1978.0,0.0,0.0,0.3705763397371082
1.0,3.0,22.0,0.6,0.1,0.6,2.0,1960.0,0.0,0.0,0.373469387755102
1.0,3.0,23.0,0.6,0.1,0.6,2.0,1868.0,0.0,0.0,0.37259100642398285
1.0,3.0,24.0,0.6,0.1,0.6,2.0,1800.0,0.0,0.0,0.37555555555555553
1.0,3.0,25.0,0.6,0.1,0.6,2.0,1744.0,0.0,0.0,0.3801605504587156
1.0,3.0,26.0,0.6,0.1,0.6,2.0,1714.0,0.0,0.0,0.3798133022170362
1.0,3.0,27.0,0.6,0.1,0.6,2.0,1690.0,0.0,0.0,0.38402366863905324
1.0,3.0,28.0,0.6,0.1,0.6,2.0,1639.0,0.0,0.0,0.38560097620500305
1.0,3.0,29.0,0.6,0.1,0.6,2.0,1617.0,0.0,0.0,0.3883735312306741
1.0,3.0,30.0,0.6,0.1,0.6,2.0,1551.0,0.0,0.0,0.3900709219858156
1.0,3.0,31.0,0.6,0.1,0.6,2.0,1540.0,0.0,0.0,0.39025974025974025
1.0,3.0,32.0,0.6,0.1,0.6,2.0,1525.0,0.0,0.0,0.3881967213114754
1.0,3.0,33.0,0.6,0.1,0.6,2.0,1495.0,0.0,0.0,0.39264214046822743
1.0,3.0,34.0,0.6,0.1,0.6,2.0,1452.0,0.0,0.0,0.39462809917355374
1.0,3.0,35.0,0.6,0.1,0.6,2.0,1453.0,0.0,0.0,0.3971094287680661
1.0,3.0,36.0,0.6,0.1,0.6,2.0,1415.0,0.0,0.0,0.3957597173144876
1.0,3.0,37.0,0.6,0.1,0.6,2.0,1421.0,0.0,0.0,0.3947923997185081
1.0,3.0,38.0,0.6,0.1,0.6,2.0,1388.0,0.0,0.0,0.39553314121037464
1.0,3.0,39.0,0.6,0.1,0.6,2.0,1364.0,0.0,0.0,0.39956011730205276
1.0,3.0,40.0,0.6,0.1,0.6,2.0,1335.0,0.0,0.0,0.399250936329588
1.0,3.0,41.0,0.6,0.1,0.6,2.0,1332.0,0.0,0.0,0.4016516516516517
1.0,3.0,42.0,0.6,0.1,0.6,2.0,1305.0,0.0,0.0,0.40076628352490423
1.0,3.0,43.0,0.6,0.1,0.6,2.0,1313.0,0.0,0.0,0.4006092916984006
1.0,3.0,44.0,0.6,0.1,0.6,2.0,1290.0,0.0,0.0,0.4007751937984496
1.0,3.0,45.0,0.6,0.1,0.6,2.0,1281.0,0.0,0.0,0.6533957845433255
1.0,3.0,46.0,0.6,0.1,0.6,2.0,1239.0,0.0,0.0,0.6561743341404358
1.0,3.0,47.0,0.6,0.1,0.6,2.0,1247.0,0.0,0.0,0.652766639935846
1.0,3.0,48.0,0.6,0.1,0.6,2.0,1212.0,0.0,0.0,0.6592409240924092
1.0,3.0,49.0,0.6,0.1,0.6,2.0,1184.0,0.0,0.0,0.65625
1.0,3.0,50.0,0.6,0.1,0.6,2.0,1169.0,0.0,0.0,0.6578272027373824
1.0,3.0,51.0,0.6,0.1,0.6,2.0,1174.0,0.0,0.0,0.6575809199318569
1.0,3.0,52.0,0.6,0.1,0.6,2.0,1150.0,0.0,0.0,0.6608695652173913
1.0,4.0,1.0,0.6,0.1,0.6,2.0,1154.0,0.0,0.0,0.6594454072790294
1.0,4.0,2.0,0.6,0.1,0.6,2.0,1130.0,0.0,0.0,0.6628318584070797
1.0,4.0,3.0,0.6,0.1,0.6,2.0,1134.0,0.0,0.0,0.6604938271604939
1.0,4.0,4.0,0.6,0.1,0.6,2.0,1103.0,0.0,0.0,0.6591115140525838
1.0,4.0,5.0,0.6,0.1,0.6,2.0,1109.0,0.0,0.0,0.6564472497745717
1.0,4.0,6.0,0.6,0.1,0.6,2.0,1095.0,0.0,0.0,0.6584474885844749
1.0,4.0,7.0,0.6,0.1,0.6,2.0,1100.0,0.0,0.0,0.6554545454545454
1.0,4.0,8.0,0.6,0.1,0.6,2.0,1080.0,0.0,0.0,0.6583333333333333
1.0,4.0,9.0,0.6,0.1,0.6,2.0,1081.0,0.0,0.0,0.6567992599444958
1.0,4.0,10.0,0.6,0.1,0.6,2.0,1064.0,0.0,0.0,0.6560150375939849
1.0,4.0,11.0,0.6,0.1,0.6,2.0,1051.0,0.0,0.0,0.6555661274976213
1.0,4.0,12.0,0.6,0.1,0.6,2.0,1043.0,0.0,0.0,0.6577181208053692
1.0,4.0,13.0,0.6,0.1,0.6,2.0,1031.0,0.0,0.0,0.6547041707080504
1.0,4.0,14.0,0.6,0.1,0.6,2.0,1014.0,0.0,0.0,0.6538461538461539
1.0,4.0,15.0,0.6,0.1,0.6,2.0,1005.0,0.0,0.0,0.6537313432835821
1.0,4.0,16.0,0.6,0.1,0.6,2.0,1005.0,0.0,0.0,0.6537313432835821
1.0,4.0,17.0,0.6,0.1,0.6,2.0,985.0,0.0,0.0,0.6558375634517767
1.0,4.0,18.0,0.6,0.1,0.6,2.0,961.0,0.0,0.0,0.6534859521331946
1.0,4.0,19.0,0.6,0.1,0.6,2.0,959.0,0.0,0.0,0.6538060479666319
1.0,4.0,20.0,0.6,0.1,0.6,2.0,1714.0,0.0,0.0,0.35997666277712953
1.0,4.0,21.0,0.6,0.1,0.6,2.0,1650.0,0.0,0.0,0.3624242424242424
1.0,4.0,22.0,0.6,0.1,0.6,2.0,1624.0,0.0,0.0,0.3645320197044335
1.0,4.0,23.0,0.6,0.1,0.6,2.0,1616.0,0.0,0.0,0.3626237623762376
1.0,4.0,24.0,0.6,0.1,0.6,2.0,1532.0,0.0,0.0,0.3668407310704961
1.0,4.0,25.0,0.6,0.1,0.6,2.0,1525.0,0.0,0.0,0.3619672131147541
1.0,4.0,26.0,0.6,0.1,0.6,2.0,1477.0,0.0,0.0,0.37169939065673663
1.0,4.0,27.0,0.6,0.1,0.6,2.0,1420.0,0.0,0.0,0.36901408450704226
1.0,4.0,28.0,0.6,0.1,0.6,2.0,1407.0,0.0,0.0,0.3724235963041933
1.0,4.0,29.0,0.6,0.1,0.6,2.0,1361.0,0.0,0.0,0.3710506980161646
1.0,4.0,30.0,0.6,0.1,0.6,2.0,1323.0,0.0,0.0,0.37339380196523053
1.0,4.0,31.0,0.6,0.1,0.6,2.0,1326.0,0.0,0.0,0.36877828054298645
1.0,4.0,32.0,0.6,0.1,0.6,2.0,1296.0,0.0,0.0,0.3726851851851852
1.0,4.0,33.0,0.6,0.1,0.6,2.0,1275.0,0.0,0.0,0.36470588235294116
1.0,4.0,34.0,0.6,0.1,0.6,2.0,1244.0,0.0,0.0,0.36736334405144694
1.0,4.0,35.0,0.6,0.1,0.6,2.0,1237.0,0.0,0.0,0.36459175424413903
1.0,4.0,36.0,0.6,0.1,0.6,2.0,1244.0,0.0,0.0,0.3609324758842444
1.0,4.0,37.0,0.6,0.1,0.6,2.0,1227.0,0.0,0.0,0.36511817440912797
1.0,4.0,38.0,0.6,0.1,0.6,2.0,1212.0,0.0,0.0,0.36303630363036304
1.0,4.0,39.0,0.6,0.1,0.6,2.0,1158.0,0.0,0.0,0.36528497409326427
1.0,4.0,40.0,0.6,0.1,0.6,2.0,1159.0,0.0,0.0,0.363244176013805
1.0,4.0,41.0,0.6,0.1,0.6,2.0,1145.0,0.0,0.0,0.36419213973799125
1.0,4.0,42.0,0.6,0.1,0.6,2.0,1125.0,0.0,0.0,0.36444444444444446
1.0,4.0,43.0,0.6,0.1,0.6,2.0,1082.0,0.0,0.0,0.37153419593345655
1.0,4.0,44.0,0.6,0.1,0.6,2.0,1085.0,0.0,0.0,0.36589861751152075
1.0,4.0,45.0,0.6,0.1,0.6,2.0,1071.0,0.0,0.0,0.6125116713352008
1.0,4.0,46.0,0.6,0.1,0.6,2.0,1071.0,0.0,0.0,0.6097105508870215
1.0,4.0,47.0,0.6,0.1,0.6,2.0,1047.0,0.0,0.0,0.6141356255969437
1.0,4.0,48.0,0.6,0.1,0.6,2.0,1052.0,0.0,0.0,0.6112167300380228
1.0,4.0,49.0,0.6,0.1,0.6,2.0,997.0,0.0,0.0,0.6188565697091274
1.0,4.0,50.0,0.6,0.1,0.6,2.0,977.0,0.0,0.0,0.6182190378710338
1.0,4.0,51.0,0.6,0.1,0.6,2.0,981.0,0.0,0.0,0.617737003058104
1.0,4.0,52.0,0.6,0.1,0.6,2.0,969.0,0.0,0.0,0.6171310629514963
1.0,5.0,1.0,0.6,0.1,0.6,2.0,967.0,0.0,0.0,0.6184074457083765
1.0,5.0,2.0,0.6,0.1,0.6,2.0,959.0,0.0,0.0,0.6204379562043796
1.0,5.0,3.0,0.6,0.1,0.6,2.0,958.0,0.0,0.0,0.6179540709812108
1.0,5.0,4.0,0.6,0.1,0.6,2.0,945.0,0.0,0.0,0.6211640211640211
1.0,5.0,5.0,0.6,0.1,0.6,2.0,946.0,0.0,0.0,0.6194503171247357
1.0,5.0,6.0,0.6,0.1,0.6,2.0,934.0,0.0,0.0,0.6220556745182013
1.0,5.0,7.0,0.6,0.1,0.6,2.0,938.0,0.0,0.0,0.6183368869936035
1.0,5.0,8.0,0.6,0.1,0.6,2.0,922.0,0.0,0.0,0.6258134490238612
1.0,5.0,9.0,0.6,0.1,0.6,2.0,914.0,0.0,0.0,0.6236323851203501
1.0,5.0,10.0,0.6,0.1,0.6,2.0,901.0,0.0,0.0,0.6237513873473918
1.0,5.0,11.0,0.6,0.1,0.6,2.0,902.0,0.0,0.0,0.6241685144124168
1.0,5.0,12.0,0.6,0.1,0.6,2.0,878.0,0.0,0.0,0.6241457858769932
1.0,5.0,13.0,0.6,0.1,0.6,2.0,854.0,0.0,0.0,0.6276346604215457
1.0,5.0,14.0,0.6,0.1,0.6,2.0,848.0,0.0,0.0,0.625
1.0,5.0,15.0,0.6,0.1,0.6,2.0,845.0,0.0,0.0,0.6260355029585799
1.0,5.0,16.0,0.6,0.1,0.6,2.0,843.0,0.0,0.0,0.6251482799525504
1.0,5.0,17.0,0.6,0.1,0.6,2.0,843.0,0.0,0.0,0.6263345195729537
1.0,5.0,18.0,0.6,0.1,0.6,2.0,826.0,0.0,0.0,0.6198547215496368
1.0,5.0,19.0,0.6,0.1,0.6,2.0,826.0,0.0,0.0,0.6234866828087167
1.0,5.0,20.0,0.6,0.1,0.6,2.0,1518.0,0.0,0.0,0.3353096179183136
1.0,5.0,21.0,0.6,0.1,0.6,2.0,1440.0,0.0,0.0,0.34097222222222223
1.0,5.0,22.0,0.6,0.1,0.6,2.0,1418.0,0.0,0.0,0.3385049365303244
1.0,5.0,23.0,0.6,0.1,0.6,2.0,1340.0,0.0,0.0,0.3455223880597015
1.0,5.0,24.0,0.6,0.1,0.6,2.0,1320.0,0.0,0.0,0.34015151515151515
1.0,5.0,25.0,0.6,0.1,0.6,2.0,1293.0,0.0,0.0,0.34725444702242847
1.0,5.0,26.0,0.6,0.1,0.6,2.0,1283.0,0.0,0.0,0.34450506625097427
1.0,5.0,27.0,0.6,0.1,0.6,2.0,1252.0,0.0,0.0,0.3498402555910543
1.0,5.0,28.0,0.6,0.1,0.6,2.0,1217.0,0.0,0.0,0.35168447000821695
1.0,5.0,29.0,0.6,0.1,0.6,2.0,1173.0,0.0,0.0,0.3546462063086104
1.0,5.0,30.0,0.6,0.1,0.6,2.0,1177.0,0.0,0.0,0.3517417162276975
1.0,5.0,31.0,0.6,0.1,0.6,2.0,1147.0,0.0,0.0,0.3548387096774194
1.0,5.0,32.0,0.6,0.1,0.6,2.0,1148.0,0.0,0.0,0.3554006968641115
1.0,5.0,33.0,0.6,0.1,0.6,2.0,1136.0,0.0,0.0,0.35651408450704225
1.0,5.0,34.0,0.6,0.1,0.6,2.0,1125.0,0.0,0.0,0.35733333333333334
1.0,5.0,35.0,0.6,0.1,0.6,2.0,1122.0,0.0,0.0,0.3582887700534759
1.0,5.0,36.0,0.6,0.1,0.6,2.0,1093.0,0.0,0.0,0.3559011893870082
1.0,5.0,37.0,0.6,0.1,0.6,2.0,1087.0,0.0,0.0,0.35878564857405704
1.0,5.0,38.0,0.6,0.1,0.6,2.0,1069.0,0.0,0.0,0.3592142188961646
1.0,5.0,39.0,0.6,0.1,0.6,2.0,1077.0,0.0,0.0,0.3584029712163417
1.0,5.0,40.0,0.6,0.1,0.6,2.0,1053.0,0.0,0.0,0.358974358974359
1.0,5.0,41.0,0.6,0.1,0.6,2.0,1029.0,0.0,0.0,0.3663751214771623
1.0,5.0,42.0,0.6,0.1,0.6,2.0,1023.0,0.0,0.0,0.364613880742913
1.0,5.0,43.0,0.6,0.1,0.6,2.0,1012.0,0.0,0.0,0.366600790513834
1.0,5.0,44.0,0.6,0.1,0.6,2.0,998.0,0.0,0.0,0.3667334669338677
1.0,5.0,45.0,0.6,0.1,0.6,2.0,999.0,0.0,0.0,0.6216216216216216
1.0,5.0,46.0,0.6,0.1,0.6,2.0,997.0,0.0,0.0,0.6188565697091274
1.0,5.0,47.0,0.6,0.1,0.6,2.0,964.0,0.0,0.0,0.6296680497925311
1.0,5.0,48.0,0.6,0.1,0.6,2.0,963.0,0.0,0.0,0.6272066458982347
1.0,5.0,49.0,0.6,0.1,0.6,2.0,924.0,0.0,0.0,0.6298701298701299
1.0,5.0,50.0,0.6,0.1,0.6,2.0,923.0,0.0,0.0,0.628385698808234
1.0,5.0,51.0,0.6,0.1,0.6,2.0,921.0,0.0,0.0,0.6319218241042345
1.0,5.0,52.0,0.6,0.1,0.6,2.0,919.0,0.0,0.0,0.6267682263329706
1.0,6.0,1.0,0.6,0.1,0.6,2.0,901.0,0.0,0.0,0.632630410654828
1.0,6.0,2.0,0.6,0.1,0.6,2.0,885.0,0.0,0.0,0.6305084745762712
1.0,6.0,3.0,0.6,0.1,0.6,2.0,872.0,0.0,0.0,0.6364678899082569
1.0,6.0,4.0,0.6,0.1,0.6,2.0,864.0,0.0,0.0,0.6319444444444444
1.0,6.0,5.0,0.6,0.1,0.6,2.0,869.0,0.0,0.0,0.6352128883774454
1.0,6.0,6.0,0.6,0.1,0.6,2.0,857.0,0.0,0.0,0.632438739789965
1.0,6.0,7.0,0.6,0.1,0.6,2.0,863.0,0.0,0.0,0.6361529548088065
1.0,6.0,8.0,0.6,0.1,0.6,2.0,854.0,0.0,0.0,0.6334894613583139
1.0,6.0,9.0,0.6,0.1,0.6,2.0,853.0,0.0,0.0,0.6389214536928488
1.0,6.0,10.0,0.6,0.1,0.6,2.0,845.0,0.0,0.0,0.6343195266272189
1.0,6.0,11.0,0.6,0.1,0.6,2.0,846.0,0.0,0.0,0.6394799054373522
1.0,6.0,12.0,0.6,0.1,0.6,2.0,841.0,0.0,0.0,0.6349583828775267
1.0,6.0,13.0,0.6,0.1,0.6,2.0,845.0,0.0,0.0,0.6402366863905326
1.0,6.0,14.0,0.6,0.1,0.6,2.0,823.0,0.0,0.0,0.637910085054678
1.0,6.0,15.0,0.6,0.1,0.6,2.0,827.0,0.0,0.0,0.6420798065296252
1.0,6.0,16.0,0.6,0.1,0.6,2.0,820.0,0.0,0.0,0.6365853658536585
1.0,6.0,17.0,0.6,0.1,0.6,2.0,826.0,0.0,0.0,0.6416464891041163
1.0,6.0,18.0,0.6,0.1,0.6,2.0,806.0,0.0,0.0,0.6364764267990074
1.0,6.0,19.0,0.6,0.1,0.6,2.0,787.0,0.0,0.0,0.6480304955527318
1.0,6.0,20.0,0.6,0.1,0.6,2.0,1417.0,0.0,0.0,0.35638673253352154
1.0,6.0,21.0,0.6,0.1,0.6,2.0,1397.0,0.0,0.0,0.3593414459556192
1.0,6.0,22.0,0.6,0.1,0.6,2.0,1340.0,0.0,0.0,0.3604477611940298
1.0,6.0,23.0,0.6,0.1,0.6,2.0,1330.0,0.0,0.0,0.3601503759398496
1.0,6.0,24.0,0.6,0.1,0.6,2.0,1275.0,0.0,0.0,0.36470588235294116
1.0,6.0,25.0,0.6,0.1,0.6,2.0,1277.0,0.0,0.0,0.36648394675019574
1.0,6.0,26.0,0.6,0.1,0.6,2.0,1258.0,0.0,0.0,0.3624801271860095
1.0,6.0,27.0,0.6,0.1,0.6,2.0,1242.0,0.0,0.0,0.36553945249597425
1.0,6.0,28.0,0.6,0.1,0.6,2.0,1213.0,0.0,0.0,0.3676834295136026
1.0,6.0,29.0,0.6,0.1,0.6,2.0,1218.0,0.0,0.0,0.36863711001642036
1.0,6.0,30.0,0.6,0.1,0.6,2.0,1194.0,0.0,0.0,0.3685092127303183
1.0,6.0,31.0,0.6,0.1,0.6,2.0,1180.0,0.0,0.0,0.36610169491525424
1.0,6.0,32.0,0.6,0.1,0.6,2.0,1140.0,0.0,0.0,0.3684210526315789
1.0,6.0,33.0,0.6,0.1,0.6,2.0,1129.0,0.0,0.0,0.3675819309123118
1.0,6.0,34.0,0.6,0.1,0.6,2.0,1081.0,0.0,0.0,0.37465309898242366
1.0,6.0,35.0,0.6,0.1,0.6,2.0,1072.0,0.0,0.0,0.373134328358209
1.0,6.0,36.0,0.6,0.1,0.6,2.0,1041.0,0.0,0.0,0.3756003842459174
1.0,6.0,37.0,0.6,0.1,0.6,2.0,1020.0,0.0,0.0,0.37549019607843137
1.0,6.0,38.0,0.6,0.1,0.6,2.0,1000.0,0.0,0.0,0.376
1.0,6.0,39.0,0.6,0.1,0.6,2.0,973.0,0.0,0.0,0.3751284686536485
1.0,6.0,40.0,0.6,0.1,0.6,2.0,946.0,0.0,0.0,0.37315010570824525
1.0,6.0,41.0,0.6,0.1,0.6,2.0,948.0,0.0,0.0,0.3744725738396624
1.0,6.0,42.0,0.6,0.1,0.6,2.0,942.0,0.0,0.0,0.3747346072186836
1.0,6.0,43.0,0.6,0.1,0.6,2.0,932.0,0.0,0.0,0.37339055793991416
1.0,6.0,44.0,0.6,0.1,0.6,2.0,927.0,0.0,0.0,0.37216828478964403
1.0,6.0,45.0,0.6,0.1,0.6,2.0,927.0,0.0,0.0,0.622437971952535
1.0,6.0,46.0,0.6,0.1,0.6,2.0,923.0,0.0,0.0,0.6208017334777898
1.0,6.0,47.0,0.6,0.1,0.6,2.0,921.0,0.0,0.0,0.6221498371335505
1.0,6.0,48.0,0.6,0.1,0.6,2.0,891.0,0.0,0.0,0.6273849607182941
1.0,6.0,49.0,0.6,0.1,0.6,2.0,886.0,0.0,0.0,0.6320541760722348
1.0,6.0,50.0,0.6,0.1,0.6,2.0,890.0,0.0,0.0,0.6280898876404495
1.0,6.0,51.0,0.6,0.1,0.6,2.0,883.0,0.0,0.0,0.6308040770101925
1.0,6.0,52.0,0.6,0.1,0.6,2.0,877.0,0.0,0.0,0.6259977194982896
1.0,7.0,1.0,0.6,0.1,0.6,2.0,866.0,0.0,0.0,0.628175519630485
1.0,7.0,2.0,0.6,0.1,0.6,2.0,872.0,0.0,0.0,0.6261467889908257
1.0,7.0,3.0,0.6,0.1,0.6,2.0,850.0,0.0,0.0,0.6305882352941177
1.0,7.0,4.0,0.6,0.1,0.6,2.0,857.0,0.0,0.0,0.6277712952158693
1.0,7.0,5.0,0.6,0.1,0.6,2.0,848.0,0.0,0.0,0.6297169811320755
1.0,7.0,6.0,0.6,0.1,0.6,2.0,853.0,0.0,0.0,0.6260257913247362
1.0,7.0,7.0,0.6,0.1,0.6,2.0,846.0,0.0,0.0,0.6288416075650118
1.0,7.0,8.0,0.6,0.1,0.6,2.0,851.0,0.0,0.0,0.6263219741480611
1.0,7.0,9.0,0.6,0.1,0.6,2.0,843.0,0.0,0.0,0.627520759193357
1.0,7.0,10.0,0.6,0.1,0.6,2.0,843.0,0.0,0.0,0.6263345195729537
1.0,7.0,11.0,0.6,0.1,0.6,2.0,841.0,0.0,0.0,0.629013079667063
1.0,7.0,12.0,0.6,0.1,0.6,2.0,840.0,0.0,0.0,0.6273809523809524
1.0,7.0,13.0,0.6,0.1,0.6,2.0,832.0,0.0,0.0,0.6298076923076923
1.0,7.0,14.0,0.6,0.1,0.6,2.0,834.0,0.0,0.0,0.6282973621103117
1.0,7.0,15.0,0.6,0.1,0.6,2.0,830.0,0.0,0.0,0.6301204819277109
1.0,7.0,16.0,0.6,0.1,0.6,2.0,809.0,0.0,0.0,0.630407911001236
1.0,7.0,17.0,0.6,0.1,0.6,2.0,808.0,0.0,0.0,0.6311881188118812
1.0,7.0,18.0,0.6,0.1,0.6,2.0,806.0,0.0,0.0,0.630272952853598
1.0,7.0,19.0,0.6,0.1,0.6,2.0,805.0,0.0,0.0,0.631055900621118
1.0,7.0,20.0,0.6,0.1,0.6,2.0,1420.0,0.0,0.0,0.35774647887323946
1.0,7.0,21.0,0.6,0.1,0.6,2.0,1333.0,0.0,0.0,0.36459114778694673
1.0,7.0,22.0,0.6,0.1,0.6,2.0,1298.0,0.0,0.0,0.3667180277349769
1.0,7.0,23.0,0.6,0.1,0.6,2.0,1251.0,0.0,0.0,0.3645083932853717
1.0,7.0,24.0,0.6,0.1,0.6,2.0,1203.0,0.0,0.0,0.36741479634247715
1.0,7.0,25.0,0.6,0.1,0.6,2.0,1150.0,0.0,0.0,0.37130434782608696
1.0,7.0,26.0,0.6,0.1,0.6,2.0,1137.0,0.0,0.0,0.376429199648197
1.0,7.0,27.0,0.6,0.1,0.6,2.0,1047.0,0.0,0.0,0.387774594078319
1.0,7.0,28.0,0.6,0.1,0.6,2.0,1030.0,0.0,0.0,0.3883495145631068
1.0,7.0,29.0,0.6,0.1,0.6,2.0,1019.0,0.0,0.0,0.38665358194308147
1.0,7.0,30.0,0.6,0.1,0.6,2.0,1013.0,0.0,0.0,0.39091806515301086
1.0,7.0,31.0,0.6,0.1,0.6,2.0,993.0,0.0,0.0,0.3907351460221551
1.0,7.0,32.0,0.6,0.1,0.6,2.0,982.0,0.0,0.0,0.395112016293279
1.0,7.0,33.0,0.6,0.1,0.6,2.0,978.0,0.0,0.0,0.39263803680981596
1.0,7.0,34.0,0.6,0.1,0.6,2.0,970.0,0.0,0.0,0.39690721649484534
1.0,7.0,35.0,0.6,0.1,0.6,2.0,964.0,0.0,0.0,0.3941908713692946
1.0,7.0,36.0,0.6,0.1,0.6,2.0,950.0,0.0,0.0,0.3989473684210526
1.0,7.0,37.0,0.6,0.1,0.6,2.0,923.0,0.0,0.0,0.39978331527627303
1.0,7.0,38.0,0.6,0.1,0.6,2.0,899.0,0.0,0.0,0.40266963292547275
1.0,7.0,39.0,0.6,0.1,0.6,2.0,892.0,0.0,0.0,0.3991031390134529
1.0,7.0,40.0,0.6,0.1,0.6,2.0,898.0,0.0,0.0,0.40200445434298443
1.0,7.0,41.0,0.6,0.1,0.6,2.0,864.0,0.0,0.0,0.4050925925925926
1.0,7.0,42.0,0.6,0.1,0.6,2.0,859.0,0.0,0.0,0.409778812572759
1.0,7.0,43.0,0.6,0.1,0.6,2.0,862.0,0.0,0.0,0.4037122969837587
1.0,7.0,44.0,0.6,0.1,0.6,2.0,846.0,0.0,0.0,0.41134751773049644
1.0,7.0,45.0,0.6,0.1,0.6,2.0,852.0,0.0,0.0,0.6502347417840375
1.0,7.0,46.0,0.6,0.1,0.6,2.0,845.0,0.0,0.0,0.6520710059171597
1.0,7.0,47.0,0.6,0.1,0.6,2.0,830.0,0.0,0.0,0.655421686746988
1.0,7.0,48.0,0.6,0.1,0.6,2.0,824.0,0.0,0.0,0.6589805825242718
1.0,7.0,49.0,0.6,0.1,0.6,2.0,831.0,0.0,0.0,0.6558363417569194
1.0,7.0,50.0,0.6,0.1,0.6,2.0,821.0,0.0,0.0,0.6577344701583435
1.0,7.0,51.0,0.6,0.1,0.6,2.0,823.0,0.0,0.0,0.6537059538274606
1.0,7.0,52.0,0.6,0.1,0.6,2.0,822.0,0.0,0.0,0.656934306569343
1.0,8.0,1.0,0.6,0.1,0.6,2.0,823.0,0.0,0.0,0.6537059538274606
1.0,8.0,2.0,0.6,0.1,0.6,2.0,818.0,0.0,0.0,0.656479217603912
1.0,8.0,3.0,0.6,0.1,0.6,2.0,821.0,0.0,0.0,0.6540803897685749
1.0,8.0,4.0,0.6,0.1,0.6,2.0,802.0,0.0,0.0,0.6596009975062345
1.0,8.0,5.0,0.6,0.1,0.6,2.0,797.0,0.0,0.0,0.657465495608532
1.0,8.0,6.0,0.6,0.1,0.6,2.0,791.0,0.0,0.0,0.6599241466498104
1.0,8.0,7.0,0.6,0.1,0.6,2.0,797.0,0.0,0.0,0.657465495608532
1.0,8.0,8.0,0.6,0.1,0.6,2.0,775.0,0.0,0.0,0.6632258064516129
1.0,8.0,9.0,0.6,0.1,0.6,2.0,774.0,0.0,0.0,0.6640826873385013
1.0,8.0,10.0,0.6,0.1,0.6,2.0,775.0,0.0,0.0,0.6619354838709678
1.0,8.0,11.0,0.6,0.1,0.6,2.0,771.0,0.0,0.0,0.6640726329442282
1.0,8.0,12.0,0.6,0.1,0.6,2.0,759.0,0.0,0.0,0.6666666666666666
1.0,8.0,13.0,0.6,0.1,0.6,2.0,757.0,0.0,0.0,0.6684280052840158
1.0,8.0,14.0,0.6,0.1,0.6,2.0,756.0,0.0,0.0,0.6666666666666666
1.0,8.0,15.0,0.6,0.1,0.6,2.0,741.0,0.0,0.0,0.6720647773279352
1.0,8.0,16.0,0.6,0.1,0.6,2.0,738.0,0.0,0.0,0.6693766937669376
1.0,8.0,17.0,0.6,0.1,0.6,2.0,740.0,0.0,0.0,0.6716216216216216
1.0,8.0,18.0,0.6,0.1,0.6,2.0,739.0,0.0,0.0,0.6698240866035182
1.0,8.0,19.0,0.6,0.1,0.6,2.0,739.0,0.0,0.0,0.6711772665764547
1.0,8.0,20.0,0.6,0.1,0.6,2.0,1339.0,0.0,0.0,0.36893203883495146
1.0,8.0,21.0,0.6,0.1,0.6,2.0,1335.0,0.0,0.0,0.3707865168539326
1.0,8.0,22.0,0.6,0.1,0.6,2.0,1318.0,0.0,0.0,0.37025796661608495
1.0,8.0,23.0,0.6,0.1,0.6,2.0,1322.0,0.0,0.0,0.3744326777609682
1.0,8.0,24.0,0.6,0.1,0.6,2.0,1273.0,0.0,0.0,0.37549096622152395
1.0,8.0,25.0,0.6,0.1,0.6,2.0,1263.0,0.0,0.0,0.3784639746634996
1.0,8.0,26.0,0.6,0.1,0.6,2.0,1172.0,0.0,0.0,0.3822525597269625
1.0,8.0,27.0,0.6,0.1,0.6,2.0,1164.0,0.0,0.0,0.38745704467353953
1.0,8.0,28.0,0.6,0.1,0.6,2.0,1136.0,0.0,0.0,0.386443661971831
1.0,8.0,29.0,0.6,0.1,0.6,2.0,1151.0,0.0,0.0,0.38748913987836664
1.0,8.0,30.0,0.6,0.1,0.6,2.0,1078.0,0.0,0.0,0.3942486085343228
1.0,8.0,31.0,0.6,0.1,0.6,2.0,1070.0,0.0,0.0,0.394392523364486
1.0,8.0,32.0,0.6,0.1,0.6,2.0,1065.0,0.0,0.0,0.39436619718309857
1.0,8.0,33.0,0.6,0.1,0.6,2.0,1053.0,0.0,0.0,0.39316239316239315
1.0,8.0,34.0,0.6,0.1,0.6,2.0,1019.0,0.0,0.0,0.3994111874386654
1.0,8.0,35.0,0.6,0.1,0.6,2.0,1003.0,0.0,0.0,0.4017946161515454
1.0,8.0,36.0,0.6,0.1,0.6,2.0,985.0,0.0,0.0,0.4010152284263959
1.0,8.0,37.0,0.6,0.1,0.6,2.0,976.0,0.0,0.0,0.4067622950819672
1.0,8.0,38.0,0.6,0.1,0.6,2.0,960.0,0.0,0.0,0.40729166666666666
1.0,8.0,39.0,0.6,0.1,0.6,2.0,976.0,0.0,0.0,0.4067622950819672
1.0,8.0,40.0,0.6,0.1,0.6,2.0,930.0,0.0,0.0,0.4118279569892473
1.0,8.0,41.0,0.6,0.1,0.6,2.0,947.0,0.0,0.0,0.4118268215417107
1.0,8.0,42.0,0.6,0.1,0.6,2.0,930.0,0.0,0.0,0.4118279569892473
1.0,8.0,43.0,0.6,0.1,0.6,2.0,936.0,0.0,0.0,0.4155982905982906
1.0,8.0,44.0,0.6,0.1,0.6,2.0,904.0,0.0,0.0,0.41814159292035397
1.0,8.0,45.0,0.6,0.1,0.6,2.0,908.0,0.0,0.0,0.6508810572687225
1.0,8.0,46.0,0.6,0.1,0.6,2.0,890.0,0.0,0.0,0.651685393258427
1.0,8.0,47.0,0.6,0.1,0.6,2.0,909.0,0.0,0.0,0.6523652365236524
1.0,8.0,48.0,0.6,0.1,0.6,2.0,895.0,0.0,0.0,0.6513966480446928
1.0,8.0,49.0,0.6,0.1,0.6,2.0,909.0,0.0,0.0,0.6523652365236524
1.0,8.0,50.0,0.6,0.1,0.6,2.0,897.0,0.0,0.0,0.6510590858416946
1.0,8.0,51.0,0.6,0.1,0.6,2.0,908.0,0.0,0.0,0.6519823788546255
1.0,8.0,52.0,0.6,0.1,0.6,2.0,898.0,0.0,0.0,0.6525612472160356
1.0,9.0,1.0,0.6,0.1,0.6,2.0,904.0,0.0,0.0,0.6526548672566371
1.0,9.0,2.0,0.6,0.1,0.6,2.0,884.0,0.0,0.0,0.6583710407239819
1.0,9.0,3.0,0.6,0.1,0.6,2.0,891.0,0.0,0.0,0.6565656565656566
1.0,9.0,4.0,0.6,0.1,0.6,2.0,881.0,0.0,0.0,0.659477866061294
1.0,9.0,5.0,0.6,0.1,0.6,2.0,887.0,0.0,0.0,0.657271702367531
1.0,9.0,6.0,0.6,0.1,0.6,2.0,877.0,0.0,0.0,0.6579247434435576
1.0,9.0,7.0,0.6,0.1,0.6,2.0,873.0,0.0,0.0,0.6597938144329897
1.0,9.0,8.0,0.6,0.1,0.6,2.0,855.0,0.0,0.0,0.6619883040935672
1.0,9.0,9.0,0.6,0.1,0.6,2.0,860.0,0.0,0.0,0.663953488372093
1.0,9.0,10.0,0.6,0.1,0.6,2.0,851.0,0.0,0.0,0.6627497062279671
1.0,9.0,11.0,0.6,0.1,0.6,2.0,860.0,0.0,0.0,0.663953488372093
1.0,9.0,12.0,0.6,0.1,0.6,2.0,850.0,0.0,0.0,0.6635294117647059
1.0,9.0,13.0,0.6,0.1,0.6,2.0,846.0,0.0,0.0,0.6666666666666666
1.0,9.0,14.0,0.6,0.1,0.6,2.0,834.0,0.0,0.0,0.6678657074340527
1.0,9.0,15.0,0.6,0.1,0.6,2.0,843.0,0.0,0.0,0.6690391459074733
1.0,9.0,16.0,0.6,0.1,0.6,2.0,833.0,0.0,0.0,0.6674669867947179
1.0,9.0,17.0,0.6,0.1,0.6,2.0,843.0,0.0,0.0,0.66785290628707
1.0,9.0,18.0,0.6,0.1,0.6,2.0,821.0,0.0,0.0,0.6723507917174177
1.0,9.0,19.0,0.6,0.1,0.6,2.0,828.0,0.0,0.0,0.6739130434782609
1.0,9.0,20.0,0.6,0.1,0.6,2.0,1403.0,0.0,0.0,0.37776193870277974
1.0,9.0,21.0,0.6,0.1,0.6,2.0,1375.0,0.0,0.0,0.38036363636363635
1.0,9.0,22.0,0.6,0.1,0.6,2.0,1330.0,0.0,0.0,0.38421052631578945
1.0,9.0,23.0,0.6,0.1,0.6,2.0,1319.0,0.0,0.0,0.38514025777103866
1.0,9.0,24.0,0.6,0.1,0.6,2.0,1259.0,0.0,0.0,0.38999205718824465
1.0,9.0,25.0,0.6,0.1,0.6,2.0,1225.0,0.0,0.0,0.3942857142857143
1.0,9.0,26.0,0.6,0.1,0.6,2.0,1176.0,0.0,0.0,0.4005102040816326
1.0,9.0,27.0,0.6,0.1,0.6,2.0,1169.0,0.0,0.0,0.4037639007698888
1.0,9.0,28.0,0.6,0.1,0.6,2.0,1120.0,0.0,0.0,0.40714285714285714
1.0,9.0,29.0,0.6,0.1,0.6,2.0,1123.0,0.0,0.0,0.40694568121104185
1.0,9.0,30.0,0.6,0.1,0.6,2.0,1096.0,0.0,0.0,0.4096715328467153
1.0,9.0,31.0,0.6,0.1,0.6,2.0,1084.0,0.0,0.0,0.4077490774907749
1.0,9.0,32.0,0.6,0.1,0.6,2.0,1036.0,0.0,0.0,0.41795366795366795
1.0,9.0,33.0,0.6,0.1,0.6,2.0,1049.0,0.0,0.0,0.41658722592945663
1.0,9.0,34.0,0.6,0.1,0.6,2.0,1026.0,0.0,0.0,0.4152046783625731
1.0,9.0,35.0,0.6,0.1,0.6,2.0,1019.0,0.0,0.0,0.41903827281648676
1.0,9.0,36.0,0.6,0.1,0.6,2.0,1006.0,0.0,0.0,0.42047713717693835
1.0,9.0,37.0,0.6,0.1,0.6,2.0,1001.0,0.0,0.0,0.42157842157842157
1.0,9.0,38.0,0.6,0.1,0.6,2.0,993.0,0.0,0.0,0.4219536757301108
1.0,9.0,39.0,0.6,0.1,0.6,2.0,1005.0,0.0,0.0,0.4208955223880597
1.0,9.0,40.0,0.6,0.1,0.6,2.0,993.0,0.0,0.0,0.4219536757301108
1.0,9.0,41.0,0.6,0.1,0.6,2.0,983.0,0.0,0.0,0.427263479145473
1.0,9.0,42.0,0.6,0.1,0.6,2.0,970.0,0.0,0.0,0.4268041237113402
1.0,9.0,43.0,0.6,0.1,0.6,2.0,980.0,0.0,0.0,0.42653061224489797
1.0,9.0,44.0,0.6,0.1,0.6,2.0,967.0,0.0,0.0,0.4281282316442606
1.0,9.0,45.0,0.6,0.1,0.6,2.0,977.0,0.0,0.0,0.6591606960081884
1.0,9.0,46.0,0.6,0.1,0.6,2.0,963.0,0.0,0.0,0.6656282450674974
1.0,9.0,47.0,0.6,0.1,0.6,2.0,973.0,0.0,0.0,0.6618705035971223
1.0,9.0,48.0,0.6,0.1,0.6,2.0,963.0,0.0,0.0,0.6656282450674974
1.0,9.0,49.0,0.6,0.1,0.6,2.0,936.0,0.0,0.0,0.6666666666666666
1.0,9.0,50.0,0.6,0.1,0.6,2.0,937.0,0.0,0.0,0.6659551760939167
1.0,9.0,51.0,0.6,0.1,0.6,2.0,931.0,0.0,0.0,0.6680988184747583
1.0,9.0,52.0,0.6,0.1,0.6,2.0,932.0,0.0,0.0,0.6684549356223176
1.0,10.0,1.0,0.6,0.1,0.6,2.0,929.0,0.0,0.0,0.6684607104413348
1.0,10.0,2.0,0.6,0.1,0.6,2.0,932.0,0.0,0.0,0.6684549356223176
1.0,10.0,3.0,0.6,0.1,0.6,2.0,928.0,0.0,0.0,0.6691810344827587
1.0,10.0,4.0,0.6,0.1,0.6,2.0,929.0,0.0,0.0,0.6684607104413348
1.0,10.0,5.0,0.6,0.1,0.6,2.0,910.0,0.0,0.0,0.6725274725274726
1.0,10.0,6.0,0.6,0.1,0.6,2.0,915.0,0.0,0.0,0.6721311475409836
1.0,10.0,7.0,0.6,0.1,0.6,2.0,906.0,0.0,0.0,0.67439293598234
1.0,10.0,8.0,0.6,0.1,0.6,2.0,909.0,0.0,0.0,0.6754675467546755
1.0,10.0,9.0,0.6,0.1,0.6,2.0,900.0,0.0,0.0,0.68
1.0,10.0,10.0,0.6,0.1,0.6,2.0,906.0,0.0,0.0,0.6777041942604857
1.0,10.0,11.0,0.6,0.1,0.6,2.0,900.0,0.0,0.0,0.6811111111111111
1.0,10.0,12.0,0.6,0.1,0.6,2.0,899.0,0.0,0.0,0.6796440489432704
1.0,10.0,13.0,0.6,0.1,0.6,2.0,895.0,0.0,0.0,0.6837988826815642
1.0,10.0,14.0,0.6,0.1,0.6,2.0,890.0,0.0,0.0,0.6820224719101123
1.0,10.0,15.0,0.6,0.1,0.6,2.0,883.0,0.0,0.0,0.6874292185730464
1.0,10.0,16.0,0.6,0.1,0.6,2.0,888.0,0.0,0.0,0.6824324324324325
1.0,10.0,17.0,0.6,0.1,0.6,2.0,880.0,0.0,0.0,0.6875
1.0,10.0,18.0,0.6,0.1,0.6,2.0,887.0,0.0,0.0,0.6832018038331454
1.0,10.0,19.0,0.6,0.1,0.6,2.0,881.0,0.0,0.0,0.6878547105561862
1.0,10.0,20.0,0.6,0.1,0.6,2.0,1520.0,0.0,0.0,0.3756578947368421
1.0,10.0,21.0,0.6,0.1,0.6,2.0,1525.0,0.0,0.0,0.37508196721311476
1.0,10.0,22.0,0.6,0.1,0.6,2.0,1506.0,0.0,0.0,0.37649402390438247
1.0,10.0,23.0,0.6,0.1,0.6,2.0,1478.0,0.0,0.0,0.37753721244925575
1.0,10.0,24.0,0.6,0.1,0.6,2.0,1461.0,0.0,0.0,0.379192334017796
1.0,10.0,25.0,0.6,0.1,0.6,2.0,1464.0,0.0,0.0,0.3790983606557377
1.0,10.0,26.0,0.6,0.1,0.6,2.0,1448.0,0.0,0.0,0.3791436464088398
1.0,10.0,27.0,0.6,0.1,0.6,2.0,1453.0,0.0,0.0,0.37921541637990364
1.0,10.0,28.0,0.6,0.1,0.6,2.0,1418.0,0.0,0.0,0.37940761636107195
1.0,10.0,29.0,0.6,0.1,0.6,2.0,1374.0,0.0,0.0,0.38282387190684136
1.0,10.0,30.0,0.6,0.1,0.6,2.0,1337.0,0.0,0.0,0.3889304412864622
1.0,10.0,31.0,0.6,0.1,0.6,2.0,1315.0,0.0,0.0,0.3931558935361217
1.0,10.0,32.0,0.6,0.1,0.6,2.0,1271.0,0.0,0.0,0.3949645948072384
1.0,10.0,33.0,0.6,0.1,0.6,2.0,1235.0,0.0,0.0,0.4
1.0,10.0,34.0,0.6,0.1,0.6,2.0,1230.0,0.0,0.0,0.4008130081300813
1.0,10.0,35.0,0.6,0.1,0.6,2.0,1222.0,0.0,0.0,0.39689034369885434
1.0,10.0,36.0,0.6,0.1,0.6,2.0,1217.0,0.0,0.0,0.3976992604765818
1.0,10.0,37.0,0.6,0.1,0.6,2.0,1200.0,0.0,0.0,0.3975
1.0,10.0,38.0,0.6,0.1,0.6,2.0,1183.0,0.0,0.0,0.4015215553677092
1.0,10.0,39.0,0.6,0.1,0.6,2.0,1144.0,0.0,0.0,0.40821678321678323
1.0,10.0,40.0,0.6,0.1,0.6,2.0,1121.0,0.0,0.0,0.41480820695807313
1.0,10.0,41.0,0.6,0.1,0.6,2.0,1109.0,0.0,0.0,0.4165915238954013
1.0,10.0,42.0,0.6,0.1,0.6,2.0,1104.0,0.0,0.0,0.41757246376811596
1.0,10.0,43.0,0.6,0.1,0.6,2.0,1109.0,0.0,0.0,0.4174932371505861
1.0,10.0,44.0,0.6,0.1,0.6,2.0,1104.0,0.0,0.0,0.41847826086956524
1.0,10.0,45.0,0.6,0.1,0.6,2.0,1108.0,0.0,0.0,0.6453068592057761
1.0,10.0,46.0,0.6,0.1,0.6,2.0,1084.0,0.0,0.0,0.6512915129151291
1.0,10.0,47.0,0.6,0.1,0.6,2.0,1091.0,0.0,0.0,0.6471127406049496
1.0,10.0,48.0,0.6,0.1,0.6,2.0,1076.0,0.0,0.0,0.6524163568773235
1.0,10.0,49.0,0.6,0.1,0.6,2.0,1066.0,0.0,0.0,0.6472795497185742
1.0,10.0,50.0,0.6,0.1,0.6,2.0,1069.0,0.0,0.0,0.646398503274088
1.0,10.0,51.0,0.6,0.1,0.6,2.0,1067.0,0.0,0.0,0.6466729147141518
1.0,10.0,52.0,0.6,0.1,0.6,2.0,1063.0,0.0,0.0,0.6462841015992474
2.0,1.0,1.0,0.6,0.1,0.6,2.0,5120.0,58.0,9.0,0.605859375
2.0,1.0,2.0,0.6,0.1,0.6,2.0,5061.0,59.0,23.0,0.6067970756767437
2.0,1.0,3.0,0.6,0.1,0.6,2.0,4952.0,66.0,37.0,0.6092487883683361
2.0,1.0,4.0,0.6,0.1,0.6,2.0,4888.0,68.0,40.0,0.611088379705401
2.0,1.0,5.0,0.6,0.1,0.6,2.0,4848.0,67.0,35.0,0.6138613861386139
2.0,1.0,6.0,0.6,0.1,0.6,2.0,4778.0,60.0,25.0,0.6176224361657597
2.0,1.0,7.0,0.6,0.1,0.6,2.0,4651.0,61.0,28.0,0.6194366802838099
2.0,1.0,8.0,0.6,0.1,0.6,2.0,4562.0,61.0,33.0,0.6183691363437089
2.0,1.0,9.0,0.6,0.1,0.6,2.0,4463.0,63.0,34.0,0.621106878781089
2.0,1.0,10.0,0.6,0.1,0.6,2.0,4389.0,61.0,29.0,0.6236044657097288
2.0,1.0,11.0,0.6,0.1,0.6,2.0,4293.0,57.0,24.0,0.6266014442115071
2.0,1.0,12.0,0.6,0.1,0.6,2.0,4182.0,59.0,31.0,0.6286465805834529
2.0,1.0,13.0,0.6,0.1,0.6,2.0,4076.0,58.0,31.0,0.626594700686948
2.0,1.0,14.0,0.6,0.1,0.6,2.0,4007.0,59.0,37.0,0.6291489892687796
2.0,1.0,15.0,0.6,0.1,0.6,2.0,3918.0,51.0,26.0,0.6299132210311383
2.0,1.0,16.0,0.6,0.1,0.6,2.0,3849.0,59.0,28.0,0.6305533904910366
2.0,1.0,17.0,0.6,0.1,0.6,2.0,3723.0,52.0,21.0,0.6328229922105829
2.0,1.0,18.0,0.6,0.1,0.6,2.0,3704.0,54.0,24.0,0.6349892008639308
2.0,1.0,19.0,0.6,0.1,0.6,2.0,3664.0,55.0,26.0,0.6353711790393013
2.0,1.0,20.0,0.6,0.1,0.6,2.0,6914.0,56.0,28.0,0.3346832513740237
2.0,1.0,21.0,0.6,0.1,0.6,2.0,6447.0,72.0,22.0,0.3375213277493408
2.0,1.0,22.0,0.6,0.1,0.6,2.0,6115.0,78.0,31.0,0.3401471790678659
2.0,1.0,23.0,0.6,0.1,0.6,2.0,5921.0,101.0,30.0,0.34217193041715926
2.0,1.0,24.0,0.6,0.1,0.6,2.0,5600.0,114.0,33.0,0.3439285714285714
2.0,1.0,25.0,0.6,0.1,0.6,2.0,5402.0,120.0,41.0,0.3478341355053684
2.0,1.0,26.0,0.6,0.1,0.6,2.0,5221.0,145.0,54.0,0.3506990997893124
2.0,1.0,27.0,0.6,0.1,0.6,2.0,4967.0,174.0,69.0,0.3527280048318905
2.0,1.0,28.0,0.6,0.1,0.6,2.0,4684.0,219.0,72.0,0.35888129803586677
2.0,1.0,29.0,0.6,0.1,0.6,2.0,4449.0,225.0,93.0,0.36345246122724206
2.0,1.0,30.0,0.6,0.1,0.6,2.0,4201.0,225.0,90.0,0.3684836943584861
2.0,1.0,31.0,0.6,0.1,0.6,2.0,4038.0,225.0,87.0,0.37246161466072314
2.0,1.0,32.0,0.6,0.1,0.6,2.0,3778.0,223.0,95.0,0.3766543144520911
2.0,1.0,33.0,0.6,0.1,0.6,2.0,3539.0,216.0,95.0,0.38428934727324104
2.0,1.0,34.0,0.6,0.1,0.6,2.0,3426.0,211.0,102.0,0.38820782253356684
2.0,1.0,35.0,0.6,0.1,0.6,2.0,3298.0,196.0,102.0,0.3947847180109157
2.0,1.0,36.0,0.6,0.1,0.6,2.0,3175.0,182.0,94.0,0.3990551181102362
2.0,1.0,37.0,0.6,0.1,0.6,2.0,3050.0,175.0,91.0,0.40524590163934426
2.0,1.0,38.0,0.6,0.1,0.6,2.0,2924.0,170.0,73.0,0.40902872777017785
2.0,1.0,39.0,0.6,0.1,0.6,2.0,2851.0,178.0,86.0,0.4142406173272536
2.0,1.0,40.0,0.6,0.1,0.6,2.0,2748.0,164.0,86.0,0.4181222707423581
2.0,1.0,41.0,0.6,0.1,0.6,2.0,2648.0,167.0,77.0,0.42862537764350456
2.0,1.0,42.0,0.6,0.1,0.6,2.0,2533.0,161.0,73.0,0.43229372285827083
2.0,1.0,43.0,0.6,0.1,0.6,2.0,2423.0,148.0,64.0,0.4399504746182418
2.0,1.0,44.0,0.6,0.1,0.6,2.0,2332.0,144.0,69.0,0.4468267581475129
2.0,1.0,45.0,0.6,0.1,0.6,2.0,2264.0,127.0,63.0,0.6704946996466431
2.0,1.0,46.0,0.6,0.1,0.6,2.0,2206.0,109.0,60.0,0.6731640979147778
2.0,1.0,47.0,0.6,0.1,0.6,2.0,2122.0,96.0,57.0,0.675306314797361
2.0,1.0,48.0,0.6,0.1,0.6,2.0,2066.0,79.0,48.0,0.6815101645692159
2.0,1.0,49.0,0.6,0.1,0.6,2.0,2018.0,67.0,42.0,0.686818632309217
2.0,1.0,50.0,0.6,0.1,0.6,2.0,1977.0,54.0,31.0,0.6914516944865958
2.0,1.0,51.0,0.6,0.1,0.6,2.0,1922.0,47.0,28.0,0.6940686784599376
2.0,1.0,52.0,0.6,0.1,0.6,2.0,1891.0,39.0,23.0,0.6959280803807509
2.0,2.0,1.0,0.6,0.1,0.6,2.0,1872.0,36.0,18.0,0.6976495726495726
2.0,2.0,2.0,0.6,0.1,0.6,2.0,1855.0,30.0,13.0,0.7002695417789757
2.0,2.0,3.0,0.6,0.1,0.6,2.0,1822.0,28.0,13.0,0.7025246981339188
2.0,2.0,4.0,0.6,0.1,0.6,2.0,1795.0,27.0,22.0,0.7025069637883008
2.0,2.0,5.0,0.6,0.1,0.6,2.0,1777.0,23.0,15.0,0.7051209904333146
2.0,2.0,6.0,0.6,0.1,0.6,2.0,1767.0,21.0,13.0,0.7062818336162988
2.0,2.0,7.0,0.6,0.1,0.6,2.0,1719.0,13.0,6.0,0.7126236183827807
2.0,2.0,8.0,0.6,0.1,0.6,2.0,1712.0,12.0,9.0,0.7126168224299065
2.0,2.0,9.0,0.6,0.1,0.6,2.0,1699.0,13.0,8.0,0.7151265450264862
2.0,2.0,10.0,0.6,0.1,0.6,2.0,1680.0,14.0,8.0,0.7148809523809524
2.0,2.0,11.0,0.6,0.1,0.6,2.0,1661.0,11.0,5.0,0.7146297411198074
2.0,2.0,12.0,0.6,0.1,0.6,2.0,1634.0,12.0,4.0,0.7178702570379437
2.0,2.0,13.0,0.6,0.1,0.6,2.0,1614.0,11.0,5.0,0.7199504337050805
2.0,2.0,14.0,0.6,0.1,0.6,2.0,1579.0,10.0,5.0,0.7245091830272324
2.0,2.0,15.0,0.6,0.1,0.6,2.0,1541.0,9.0,5.0,0.7261518494484102
2.0,2.0,16.0,0.6,0.1,0.6,2.0,1517.0,9.0,4.0,0.7251153592617007
2.0,2.0,17.0,0.6,0.1,0.6,2.0,1497.0,9.0,4.0,0.7247828991315965
2.0,2.0,18.0,0.6,0.1,0.6,2.0,1480.0,9.0,4.0,0.7236486486486486
2.0,2.0,19.0,0.6,0.1,0.6,2.0,1474.0,9.0,4.0,0.7245590230664858
2.0,2.0,20.0,0.6,0.1,0.6,2.0,2679.0,9.0,4.0,0.39380365808137363
2.0,2.0,21.0,0.6,0.1,0.6,2.0,2622.0,12.0,5.0,0.39321128909229597
2.0,2.0,22.0,0.6,0.1,0.6,2.0,2547.0,12.0,5.0,0.4000785237534354
2.0,2.0,23.0,0.6,0.1,0.6,2.0,2513.0,15.0,6.0,0.39992041384799043
2.0,2.0,24.0,0.6,0.1,0.6,2.0,2466.0,14.0,5.0,0.4034874290348743
2.0,2.0,25.0,0.6,0.1,0.6,2.0,2376.0,12.0,4.0,0.4048821548821549
2.0,2.0,26.0,0.6,0.1,0.6,2.0,2323.0,14.0,5.0,0.4068015497201894
2.0,2.0,27.0,0.6,0.1,0.6,2.0,2270.0,12.0,6.0,0.41145374449339206
2.0,2.0,28.0,0.6,0.1,0.6,2.0,2253.0,15.0,7.0,0.41233910341766533
2.0,2.0,29.0,0.6,0.1,0.6,2.0,2156.0,13.0,5.0,0.4141929499072356
2.0,2.0,30.0,0.6,0.1,0.6,2.0,2109.0,14.0,5.0,0.4172593646277857
2.0,2.0,31.0,0.6,0.1,0.6,2.0,2065.0,13.0,5.0,0.4159806295399516
2.0,2.0,32.0,0.6,0.1,0.6,2.0,1984.0,16.0,7.0,0.42086693548387094
2.0,2.0,33.0,0.6,0.1,0.6,2.0,1916.0,16.0,9.0,0.4264091858037578
2.0,2.0,34.0,0.6,0.1,0.6,2.0,1884.0,21.0,8.0,0.4299363057324841
2.0,2.0,35.0,0.6,0.1,0.6,2.0,1817.0,21.0,10.0,0.4309301045679692
2.0,2.0,36.0,0.6,0.1,0.6,2.0,1801.0,18.0,11.0,0.4336479733481399
2.0,2.0,37.0,0.6,0.1,0.6,2.0,1772.0,18.0,11.0,0.4339729119638826
2.0,2.0,38.0,0.6,0.1,0.6,2.0,1727.0,18.0,8.0,0.4360162130862768
2.0,2.0,39.0,0.6,0.1,0.6,2.0,1706.0,15.0,4.0,0.43552168815943726
2.0,2.0,40.0,0.6,0.1,0.6,2.0,1676.0,17.0,8.0,0.43854415274463004
2.0,2.0,41.0,0.6,0.1,0.6,2.0,1632.0,21.0,9.0,0.4411764705882353
2.0,2.0,42.0,0.6,0.1,0.6,2.0,1590.0,19.0,9.0,0.44528301886792454
2.0,2.0,43.0,0.6,0.1,0.6,2.0,1548.0,18.0,3.0,0.4476744186046512
2.0,2.0,44.0,0.6,0.1,0.6,2.0,1480.0,17.0,6.0,0.4560810810810811
2.0,2.0,45.0,0.6,0.1,0.6,2.0,1470.0,18.0,8.0,0.673469387755102
2.0,2.0,46.0,0.6,0.1,0.6,2.0,1426.0,21.0,12.0,0.6753155680224404
2.0,2.0,47.0,0.6,0.1,0.6,2.0,1376.0,17.0,12.0,0.6816860465116279
2.0,2.0,48.0,0.6,0.1,0.6,2.0,1339.0,13.0,8.0,0.6825989544436146
2.0,2.0,49.0,0.6,0.1,0.6,2.0,1333.0,10.0,6.0,0.6826706676669168
2.0,2.0,50.0,0.6,0.1,0.6,2.0,1311.0,6.0,2.0,0.6857360793287567
2.0,2.0,51.0,0.6,0.1,0.6,2.0,1303.0,7.0,4.0,0.6822716807367614
2.0,2.0,52.0,0.6,0.1,0.6,2.0,1273.0,6.0,4.0,0.6826394344069128
2.0,3.0,1.0,0.6,0.1,0.6,2.0,1267.0,8.0,4.0,0.6827150749802684
2.0,3.0,2.0,0.6,0.1,0.6,2.0,1248.0,8.0,4.0,0.6850961538461539
2.0,3.0,3.0,0.6,0.1,0.6,2.0,1232.0,2.0,2.0,0.6858766233766234
2.0,3.0,4.0,0.6,0.1,0.6,2.0,1223.0,3.0,2.0,0.6860179885527392
2.0,3.0,5.0,0.6,0.1,0.6,2.0,1216.0,2.0,1.0,0.6833881578947368
2.0,3.0,6.0,0.6,0.1,0.6,2.0,1203.0,1.0,0.0,0.685785536159601
2.0,3.0,7.0,0.6,0.1,0.6,2.0,1188.0,1.0,1.0,0.6826599326599326
2.0,3.0,8.0,0.6,0.1,0.6,2.0,1168.0,2.0,1.0,0.684931506849315
2.0,3.0,9.0,0.6,0.1,0.6,2.0,1147.0,2.0,1.0,0.6826503923278117
2.0,3.0,10.0,0.6,0.1,0.6,2.0,1137.0,1.0,0.0,0.6842568161829375
2.0,3.0,11.0,0.6,0.1,0.6,2.0,1134.0,1.0,0.0,0.6825396825396826
2.0,3.0,12.0,0.6,0.1,0.6,2.0,1126.0,1.0,1.0,0.6838365896980462
2.0,3.0,13.0,0.6,0.1,0.6,2.0,1118.0,1.0,1.0,0.682468694096601
2.0,3.0,14.0,0.6,0.1,0.6,2.0,1106.0,1.0,1.0,0.6799276672694394
2.0,3.0,15.0,0.6,0.1,0.6,2.0,1097.0,1.0,0.0,0.6782133090246126
2.0,3.0,16.0,0.6,0.1,0.6,2.0,1091.0,1.0,0.0,0.6773602199816682
2.0,3.0,17.0,0.6,0.1,0.6,2.0,1074.0,1.0,1.0,0.6722532588454376
2.0,3.0,18.0,0.6,0.1,0.6,2.0,1067.0,1.0,1.0,0.6719775070290535
2.0,3.0,19.0,0.6,0.1,0.6,2.0,1048.0,1.0,1.0,0.6727099236641222
2.0,3.0,20.0,0.6,0.1,0.6,2.0,1876.0,0.0,0.0,0.3726012793176972
2.0,3.0,21.0,0.6,0.1,0.6,2.0,1809.0,0.0,0.0,0.37258153676064126
2.0,3.0,22.0,0.6,0.1,0.6,2.0,1761.0,0.0,0.0,0.3747870528109029
2.0,3.0,23.0,0.6,0.1,0.6,2.0,1712.0,0.0,0.0,0.37616822429906543
2.0,3.0,24.0,0.6,0.1,0.6,2.0,1686.0,0.0,0.0,0.37722419928825623
2.0,3.0,25.0,0.6,0.1,0.6,2.0,1586.0,0.0,0.0,0.38083228247162676
2.0,3.0,26.0,0.6,0.1,0.6,2.0,1560.0,0.0,0.0,0.3814102564102564
2.0,3.0,27.0,0.6,0.1,0.6,2.0,1532.0,0.0,0.0,0.38446475195822455
2.0,3.0,28.0,0.6,0.1,0.6,2.0,1474.0,0.0,0.0,0.38738127544097695
2.0,3.0,29.0,0.6,0.1,0.6,2.0,1435.0,0.0,0.0,0.38815331010452964
2.0,3.0,30.0,0.6,0.1,0.6,2.0,1388.0,0.0,0.0,0.3919308357348703
2.0,3.0,31.0,0.6,0.1,0.6,2.0,1373.0,0.0,0.0,0.39257101238164605
2.0,3.0,32.0,0.6,0.1,0.6,2.0,1344.0,0.0,0.0,0.39285714285714285
2.0,3.0,33.0,0.6,0.1,0.6,2.0,1340.0,0.0,0.0,0.3932835820895522
2.0,3.0,34.0,0.6,0.1,0.6,2.0,1325.0,0.0,0.0,0.3909433962264151
2.0,3.0,35.0,0.6,0.1,0.6,2.0,1311.0,0.0,0.0,0.3897787948131198
2.0,3.0,36.0,0.6,0.1,0.6,2.0,1285.0,0.0,0.0,0.3914396887159533
2.0,3.0,37.0,0.6,0.1,0.6,2.0,1238.0,0.0,0.0,0.3925686591276252
2.0,3.0,38.0,0.6,0.1,0.6,2.0,1193.0,0.0,0.0,0.3964794635373009
2.0,3.0,39.0,0.6,0.1,0.6,2.0,1159.0,0.0,0.0,0.3917169974115617
2.0,3.0,40.0,0.6,0.1,0.6,2.0,1128.0,0.0,0.0,0.39184397163120566
2.0,3.0,41.0,0.6,0.1,0.6,2.0,1118.0,0.0,0.0,0.38998211091234347
2.0,3.0,42.0,0.6,0.1,0.6,2.0,1093.0,0.0,0.0,0.39158279963403475
2.0,3.0,43.0,0.6,0.1,0.6,2.0,1082.0,0.0,0.0,0.3909426987060998
2.0,3.0,44.0,0.6,0.1,0.6,2.0,1045.0,0.0,0.0,0.39330143540669854
2.0,3.0,45.0,0.6,0.1,0.6,2.0,1009.0,0.0,0.0,0.6392467789890981
2.0,3.0,46.0,0.6,0.1,0.6,2.0,984.0,0.0,0.0,0.6463414634146342
2.0,3.0,47.0,0.6,0.1,0.6,2.0,963.0,0.0,0.0,0.6469366562824507
2.0,3.0,48.0,0.6,0.1,0.6,2.0,959.0,0.0,0.0,0.6454640250260688
2.0,3.0,49.0,0.6,0.1,0.6,2.0,949.0,0.0,0.0,0.6459430979978925
2.0,3.0,50.0,0.6,0.1,0.6,2.0,948.0,0.0,0.0,0.6466244725738397
2.0,3.0,51.0,0.6,0.1,0.6,2.0,940.0,0.0,0.0,0.6468085106382979
2.0,3.0,52.0,0.6,0.1,0.6,2.0,934.0,0.0,0.0,0.6466809421841542
2.0,4.0,1.0,0.6,0.1,0.6,2.0,923.0,0.0,0.0,0.6435536294691224
2.0,4.0,2.0,0.6,0.1,0.6,2.0,916.0,0.0,0.0,0.6441048034934498
2.0,4.0,3.0,0.6,0.1,0.6,2.0,887.0,0.0,0.0,0.6426155580608793
2.0,4.0,4.0,0.6,0.1,0.6,2.0,870.0,0.0,0.0,0.6482758620689655
2.0,4.0,5.0,0.6,0.1,0.6,2.0,866.0,0.0,0.0,0.6466512702078522
2.0,4.0,6.0,0.6,0.1,0.6,2.0,861.0,0.0,0.0,0.6492450638792102
2.0,4.0,7.0,0.6,0.1,0.6,2.0,858.0,0.0,0.0,0.6480186480186481
2.0,4.0,8.0,0.6,0.1,0.6,2.0,854.0,0.0,0.0,0.6487119437939111
2.0,4.0,9.0,0.6,0.1,0.6,2.0,848.0,0.0,0.0,0.6485849056603774
2.0,4.0,10.0,0.6,0.1,0.6,2.0,840.0,0.0,0.0,0.6511904761904762
2.0,4.0,11.0,0.6,0.1,0.6,2.0,826.0,0.0,0.0,0.6501210653753027
2.0,4.0,12.0,0.6,0.1,0.6,2.0,816.0,0.0,0.0,0.6507352941176471
2.0,4.0,13.0,0.6,0.1,0.6,2.0,809.0,0.0,0.0,0.6489493201483313
2.0,4.0,14.0,0.6,0.1,0.6,2.0,791.0,0.0,0.0,0.6548672566371682
2.0,4.0,15.0,0.6,0.1,0.6,2.0,783.0,0.0,0.0,0.6526181353767561
2.0,4.0,16.0,0.6,0.1,0.6,2.0,780.0,0.0,0.0,0.6538461538461539
2.0,4.0,17.0,0.6,0.1,0.6,2.0,763.0,0.0,0.0,0.6513761467889908
2.0,4.0,18.0,0.6,0.1,0.6,2.0,762.0,0.0,0.0,0.6535433070866141
2.0,4.0,19.0,0.6,0.1,0.6,2.0,756.0,0.0,0.0,0.6521164021164021
2.0,4.0,20.0,0.6,0.1,0.6,2.0,1348.0,0.0,0.0,0.3672106824925816
2.0,4.0,21.0,0.6,0.1,0.6,2.0,1333.0,0.0,0.0,0.3675918979744936
2.0,4.0,22.0,0.6,0.1,0.6,2.0,1293.0,0.0,0.0,0.3720030935808198
2.0,4.0,23.0,0.6,0.1,0.6,2.0,1268.0,0.0,0.0,0.37381703470031546
2.0,4.0,24.0,0.6,0.1,0.6,2.0,1268.0,0.0,0.0,0.37381703470031546
2.0,4.0,25.0,0.6,0.1,0.6,2.0,1246.0,0.0,0.0,0.37319422150882825
2.0,4.0,26.0,0.6,0.1,0.6,2.0,1228.0,0.0,0.0,0.3745928338762215
2.0,4.0,27.0,0.6,0.1,0.6,2.0,1167.0,0.0,0.0,0.37532133676092544
2.0,4.0,28.0,0.6,0.1,0.6,2.0,1117.0,0.0,0.0,0.37600716204118173
2.0,4.0,29.0,0.6,0.1,0.6,2.0,1110.0,0.0,0.0,0.3738738738738739
2.0,4.0,30.0,0.6,0.1,0.6,2.0,1095.0,0.0,0.0,0.37534246575342467
2.0,4.0,31.0,0.6,0.1,0.6,2.0,1075.0,0.0,0.0,0.3767441860465116
2.0,4.0,32.0,0.6,0.1,0.6,2.0,1040.0,0.0,0.0,0.3836538461538462
2.0,4.0,33.0,0.6,0.1,0.6,2.0,1006.0,0.0,0.0,0.38469184890656066
2.0,4.0,34.0,0.6,0.1,0.6,2.0,954.0,0.0,0.0,0.3920335429769392
2.0,4.0,35.0,0.6,0.1,0.6,2.0,943.0,0.0,0.0,0.391304347826087
2.0,4.0,36.0,0.6,0.1,0.6,2.0,921.0,0.0,0.0,0.3930510314875136
2.0,4.0,37.0,0.6,0.1,0.6,2.0,877.0,0.0,0.0,0.3899657924743444
2.0,4.0,38.0,0.6,0.1,0.6,2.0,863.0,0.0,0.0,0.3870220162224797
2.0,4.0,39.0,0.6,0.1,0.6,2.0,837.0,0.0,0.0,0.3870967741935484
2.0,4.0,40.0,0.6,0.1,0.6,2.0,821.0,0.0,0.0,0.38976857490864797
2.0,4.0,41.0,0.6,0.1,0.6,2.0,816.0,0.0,0.0,0.3897058823529412
2.0,4.0,42.0,0.6,0.1,0.6,2.0,798.0,0.0,0.0,0.38721804511278196
2.0,4.0,43.0,0.6,0.1,0.6,2.0,779.0,0.0,0.0,0.3851091142490372
2.0,4.0,44.0,0.6,0.1,0.6,2.0,765.0,0.0,0.0,0.38562091503267976
2.0,4.0,45.0,0.6,0.1,0.6,2.0,754.0,0.0,0.0,0.6312997347480106
2.0,4.0,46.0,0.6,0.1,0.6,2.0,728.0,0.0,0.0,0.635989010989011
2.0,4.0,47.0,0.6,0.1,0.6,2.0,718.0,0.0,0.0,0.6364902506963789
2.0,4.0,48.0,0.6,0.1,0.6,2.0,712.0,0.0,0.0,0.6362359550561798
2.0,4.0,49.0,0.6,0.1,0.6,2.0,699.0,0.0,0.0,0.6409155937052933
2.0,4.0,50.0,0.6,0.1,0.6,2.0,685.0,0.0,0.0,0.6408759124087591
2.0,4.0,51.0,0.6,0.1,0.6,2.0,685.0,0.0,0.0,0.6408759124087591
2.0,4.0,52.0,0.6,0.1,0.6,2.0,681.0,0.0,0.0,0.6402349486049926
2.0,5.0,1.0,0.6,0.1,0.6,2.0,676.0,0.0,0.0,0.6420118343195266
2.0,5.0,2.0,0.6,0.1,0.6,2.0,658.0,0.0,0.0,0.6413373860182371
2.0,5.0,3.0,0.6,0.1,0.6,2.0,658.0,0.0,0.0,0.6413373860182371
2.0,5.0,4.0,0.6,0.1,0.6,2.0,656.0,0.0,0.0,0.6402439024390244
2.0,5.0,5.0,0.6,0.1,0.6,2.0,653.0,0.0,0.0,0.6385911179173047
2.0,5.0,6.0,0.6,0.1,0.6,2.0,650.0,0.0,0.0,0.6369230769230769
2.0,5.0,7.0,0.6,0.1,0.6,2.0,650.0,0.0,0.0,0.6369230769230769
2.0,5.0,8.0,0.6,0.1,0.6,2.0,648.0,0.0,0.0,0.6373456790123457
2.0,5.0,9.0,0.6,0.1,0.6,2.0,646.0,0.0,0.0,0.6377708978328174
2.0,5.0,10.0,0.6,0.1,0.6,2.0,644.0,0.0,0.0,0.6366459627329193
2.0,5.0,11.0,0.6,0.1,0.6,2.0,642.0,0.0,0.0,0.6417445482866043
2.0,5.0,12.0,0.6,0.1,0.6,2.0,636.0,0.0,0.0,0.6446540880503144
2.0,5.0,13.0,0.6,0.1,0.6,2.0,635.0,0.0,0.0,0.6440944881889764
2.0,5.0,14.0,0.6,0.1,0.6,2.0,630.0,0.0,0.0,0.6444444444444445
2.0,5.0,15.0,0.6,0.1,0.6,2.0,631.0,0.0,0.0,0.6450079239302694
2.0,5.0,16.0,0.6,0.1,0.6,2.0,628.0,0.0,0.0,0.643312101910828
2.0,5.0,17.0,0.6,0.1,0.6,2.0,628.0,0.0,0.0,0.643312101910828
2.0,5.0,18.0,0.6,0.1,0.6,2.0,627.0,0.0,0.0,0.6427432216905901
2.0,5.0,19.0,0.6,0.1,0.6,2.0,627.0,0.0,0.0,0.6427432216905901
2.0,5.0,20.0,0.6,0.1,0.6,2.0,1155.0,0.0,0.0,0.3463203463203463
2.0,5.0,21.0,0.6,0.1,0.6,2.0,1119.0,0.0,0.0,0.35031277926720283
2.0,5.0,22.0,0.6,0.1,0.6,2.0,1097.0,0.0,0.0,0.3527803099361896
2.0,5.0,23.0,0.6,0.1,0.6,2.0,1079.0,0.0,0.0,0.35588507877664505
2.0,5.0,24.0,0.6,0.1,0.6,2.0,1047.0,0.0,0.0,0.35816618911174786
2.0,5.0,25.0,0.6,0.1,0.6,2.0,1037.0,0.0,0.0,0.35776277724204436
2.0,5.0,26.0,0.6,0.1,0.6,2.0,983.0,0.0,0.0,0.36012207527975587
2.0,5.0,27.0,0.6,0.1,0.6,2.0,963.0,0.0,0.0,0.3592938733125649
2.0,5.0,28.0,0.6,0.1,0.6,2.0,928.0,0.0,0.0,0.36314655172413796
2.0,5.0,29.0,0.6,0.1,0.6,2.0,888.0,0.0,0.0,0.36486486486486486
2.0,5.0,30.0,0.6,0.1,0.6,2.0,845.0,0.0,0.0,0.37751479289940826
2.0,5.0,31.0,0.6,0.1,0.6,2.0,834.0,0.0,0.0,0.3776978417266187
2.0,5.0,32.0,0.6,0.1,0.6,2.0,778.0,0.0,0.0,0.38946015424164526
2.0,5.0,33.0,0.6,0.1,0.6,2.0,777.0,0.0,0.0,0.3886743886743887
2.0,5.0,34.0,0.6,0.1,0.6,2.0,773.0,0.0,0.0,0.3855109961190168
2.0,5.0,35.0,0.6,0.1,0.6,2.0,756.0,0.0,0.0,0.3862433862433862
2.0,5.0,36.0,0.6,0.1,0.6,2.0,753.0,0.0,0.0,0.3837981407702523
2.0,5.0,37.0,0.6,0.1,0.6,2.0,746.0,0.0,0.0,0.38337801608579086
2.0,5.0,38.0,0.6,0.1,0.6,2.0,739.0,0.0,0.0,0.38024357239512857
2.0,5.0,39.0,0.6,0.1,0.6,2.0,737.0,0.0,0.0,0.378561736770692
2.0,5.0,40.0,0.6,0.1,0.6,2.0,715.0,0.0,0.0,0.37902097902097903
2.0,5.0,41.0,0.6,0.1,0.6,2.0,703.0,0.0,0.0,0.3783783783783784
2.0,5.0,42.0,0.6,0.1,0.6,2.0,692.0,0.0,0.0,0.3786127167630058
2.0,5.0,43.0,0.6,0.1,0.6,2.0,689.0,0.0,0.0,0.37735849056603776
2.0,5.0,44.0,0.6,0.1,0.6,2.0,671.0,0.0,0.0,0.3770491803278688
2.0,5.0,45.0,0.6,0.1,0.6,2.0,664.0,0.0,0.0,0.6234939759036144
2.0,5.0,46.0,0.6,0.1,0.6,2.0,640.0,0.0,0.0,0.621875
2.0,5.0,47.0,0.6,0.1,0.6,2.0,626.0,0.0,0.0,0.6182108626198083
2.0,5.0,48.0,0.6,0.1,0.6,2.0,614.0,0.0,0.0,0.6205211726384365
2.0,5.0,49.0,0.6,0.1,0.6,2.0,613.0,0.0,0.0,0.6199021207177814
2.0,5.0,50.0,0.6,0.1,0.6,2.0,613.0,0.0,0.0,0.6199021207177814
2.0,5.0,51.0,0.6,0.1,0.6,2.0,597.0,0.0,0.0,0.6231155778894473
2.0,5.0,52.0,0.6,0.1,0.6,2.0,596.0,0.0,0.0,0.62248322147651
2.0,6.0,1.0,0.6,0.1,0.6,2.0,595.0,0.0,0.0,0.6218487394957983
2.0,6.0,2.0,0.6,0.1,0.6,2.0,589.0,0.0,0.0,0.6213921901528013
2.0,6.0,3.0,0.6,0.1,0.6,2.0,567.0,0.0,0.0,0.6155202821869489
2.0,6.0,4.0,0.6,0.1,0.6,2.0,564.0,0.0,0.0,0.6152482269503546
2.0,6.0,5.0,0.6,0.1,0.6,2.0,565.0,0.0,0.0,0.6159292035398231
2.0,6.0,6.0,0.6,0.1,0.6,2.0,561.0,0.0,0.0,0.6185383244206774
2.0,6.0,7.0,0.6,0.1,0.6,2.0,559.0,0.0,0.0,0.6171735241502684
2.0,6.0,8.0,0.6,0.1,0.6,2.0,541.0,0.0,0.0,0.6210720887245841
2.0,6.0,9.0,0.6,0.1,0.6,2.0,539.0,0.0,0.0,0.62152133580705
2.0,6.0,10.0,0.6,0.1,0.6,2.0,538.0,0.0,0.0,0.620817843866171
2.0,6.0,11.0,0.6,0.1,0.6,2.0,536.0,0.0,0.0,0.6194029850746269
2.0,6.0,12.0,0.6,0.1,0.6,2.0,534.0,0.0,0.0,0.6198501872659176
2.0,6.0,13.0,0.6,0.1,0.6,2.0,530.0,0.0,0.0,0.6188679245283019
2.0,6.0,14.0,0.6,0.1,0.6,2.0,530.0,0.0,0.0,0.6188679245283019
2.0,6.0,15.0,0.6,0.1,0.6,2.0,527.0,0.0,0.0,0.6204933586337761
2.0,6.0,16.0,0.6,0.1,0.6,2.0,528.0,0.0,0.0,0.6212121212121212
2.0,6.0,17.0,0.6,0.1,0.6,2.0,515.0,0.0,0.0,0.6213592233009708
2.0,6.0,18.0,0.6,0.1,0.6,2.0,515.0,0.0,0.0,0.6213592233009708
2.0,6.0,19.0,0.6,0.1,0.6,2.0,515.0,0.0,0.0,0.6213592233009708
2.0,6.0,20.0,0.6,0.1,0.6,2.0,942.0,0.0,0.0,0.33970276008492567
2.0,6.0,21.0,0.6,0.1,0.6,2.0,900.0,0.0,0.0,0.3466666666666667
2.0,6.0,22.0,0.6,0.1,0.6,2.0,880.0,0.0,0.0,0.3477272727272727
2.0,6.0,23.0,0.6,0.1,0.6,2.0,856.0,0.0,0.0,0.3516355140186916
2.0,6.0,24.0,0.6,0.1,0.6,2.0,841.0,0.0,0.0,0.3507728894173603
2.0,6.0,25.0,0.6,0.1,0.6,2.0,825.0,0.0,0.0,0.3490909090909091
2.0,6.0,26.0,0.6,0.1,0.6,2.0,827.0,0.0,0.0,0.34945586457073763
2.0,6.0,27.0,0.6,0.1,0.6,2.0,825.0,0.0,0.0,0.3490909090909091
2.0,6.0,28.0,0.6,0.1,0.6,2.0,798.0,0.0,0.0,0.3558897243107769
2.0,6.0,29.0,0.6,0.1,0.6,2.0,796.0,0.0,0.0,0.3555276381909548
2.0,6.0,30.0,0.6,0.1,0.6,2.0,779.0,0.0,0.0,0.362002567394095
2.0,6.0,31.0,0.6,0.1,0.6,2.0,766.0,0.0,0.0,0.35900783289817234
2.0,6.0,32.0,0.6,0.1,0.6,2.0,726.0,0.0,0.0,0.371900826446281
2.0,6.0,33.0,0.6,0.1,0.6,2.0,706.0,0.0,0.0,0.37393767705382436
2.0,6.0,34.0,0.6,0.1,0.6,2.0,664.0,0.0,0.0,0.38403614457831325
2.0,6.0,35.0,0.6,0.1,0.6,2.0,624.0,0.0,0.0,0.3926282051282051
2.0,6.0,36.0,0.6,0.1,0.6,2.0,621.0,0.0,0.0,0.392914653784219
2.0,6.0,37.0,0.6,0.1,0.6,2.0,596.0,0.0,0.0,0.40436241610738255
2.0,6.0,38.0,0.6,0.1,0.6,2.0,594.0,0.0,0.0,0.40404040404040403
2.0,6.0,39.0,0.6,0.1,0.6,2.0,586.0,0.0,0.0,0.40273037542662116
2.0,6.0,40.0,0.6,0.1,0.6,2.0,584.0,0.0,0.0,0.4041095890410959
2.0,6.0,41.0,0.6,0.1,0.6,2.0,574.0,0.0,0.0,0.397212543554007
2.0,6.0,42.0,0.6,0.1,0.6,2.0,556.0,0.0,0.0,0.4028776978417266
2.0,6.0,43.0,0.6,0.1,0.6,2.0,539.0,0.0,0.0,0.4044526901669759
2.0,6.0,44.0,0.6,0.1,0.6,2.0,535.0,0.0,0.0,0.411214953271028
2.0,6.0,45.0,0.6,0.1,0.6,2.0,528.0,0.0,0.0,0.6647727272727273
2.0,6.0,46.0,0.6,0.1,0.6,2.0,527.0,0.0,0.0,0.6622390891840607
2.0,6.0,47.0,0.6,0.1,0.6,2.0,523.0,0.0,0.0,0.6615678776290631
2.0,6.0,48.0,0.6,0.1,0.6,2.0,524.0,0.0,0.0,0.6603053435114504
2.0,6.0,49.0,0.6,0.1,0.6,2.0,522.0,0.0,0.0,0.6609195402298851
2.0,6.0,50.0,0.6,0.1,0.6,2.0,524.0,0.0,0.0,0.6603053435114504
2.0,6.0,51.0,0.6,0.1,0.6,2.0,506.0,0.0,0.0,0.6561264822134387
2.0,6.0,52.0,0.6,0.1,0.6,2.0,495.0,0.0,0.0,0.6545454545454545
2.0,7.0,1.0,0.6,0.1,0.6,2.0,493.0,0.0,0.0,0.6551724137931034
2.0,7.0,2.0,0.6,0.1,0.6,2.0,492.0,0.0,0.0,0.6544715447154471
2.0,7.0,3.0,0.6,0.1,0.6,2.0,488.0,0.0,0.0,0.6536885245901639
2.0,7.0,4.0,0.6,0.1,0.6,2.0,487.0,0.0,0.0,0.6550308008213552
2.0,7.0,5.0,0.6,0.1,0.6,2.0,484.0,0.0,0.0,0.6549586776859504
2.0,7.0,6.0,0.6,0.1,0.6,2.0,484.0,0.0,0.0,0.6549586776859504
2.0,7.0,7.0,0.6,0.1,0.6,2.0,480.0,0.0,0.0,0.6541666666666667
2.0,7.0,8.0,0.6,0.1,0.6,2.0,476.0,0.0,0.0,0.6554621848739496
2.0,7.0,9.0,0.6,0.1,0.6,2.0,472.0,0.0,0.0,0.6546610169491526
2.0,7.0,10.0,0.6,0.1,0.6,2.0,468.0,0.0,0.0,0.6623931623931624
2.0,7.0,11.0,0.6,0.1,0.6,2.0,467.0,0.0,0.0,0.6616702355460385
2.0,7.0,12.0,0.6,0.1,0.6,2.0,462.0,0.0,0.0,0.670995670995671
2.0,7.0,13.0,0.6,0.1,0.6,2.0,462.0,0.0,0.0,0.6688311688311688
2.0,7.0,14.0,0.6,0.1,0.6,2.0,461.0,0.0,0.0,0.6702819956616052
2.0,7.0,15.0,0.6,0.1,0.6,2.0,459.0,0.0,0.0,0.6710239651416122
2.0,7.0,16.0,0.6,0.1,0.6,2.0,446.0,0.0,0.0,0.679372197309417
2.0,7.0,17.0,0.6,0.1,0.6,2.0,443.0,0.0,0.0,0.6772009029345373
2.0,7.0,18.0,0.6,0.1,0.6,2.0,446.0,0.0,0.0,0.6748878923766816
2.0,7.0,19.0,0.6,0.1,0.6,2.0,441.0,0.0,0.0,0.6780045351473923
2.0,7.0,20.0,0.6,0.1,0.6,2.0,755.0,0.0,0.0,0.3973509933774834
2.0,7.0,21.0,0.6,0.1,0.6,2.0,710.0,0.0,0.0,0.4042253521126761
2.0,7.0,22.0,0.6,0.1,0.6,2.0,729.0,0.0,0.0,0.3950617283950617
2.0,7.0,23.0,0.6,0.1,0.6,2.0,705.0,0.0,0.0,0.4
2.0,7.0,24.0,0.6,0.1,0.6,2.0,717.0,0.0,0.0,0.39609483960948394
2.0,7.0,25.0,0.6,0.1,0.6,2.0,706.0,0.0,0.0,0.40084985835694054
2.0,7.0,26.0,0.6,0.1,0.6,2.0,717.0,0.0,0.0,0.39609483960948394
2.0,7.0,27.0,0.6,0.1,0.6,2.0,698.0,0.0,0.0,0.4054441260744986
2.0,7.0,28.0,0.6,0.1,0.6,2.0,717.0,0.0,0.0,0.39609483960948394
2.0,7.0,29.0,0.6,0.1,0.6,2.0,698.0,0.0,0.0,0.4054441260744986
2.0,7.0,30.0,0.6,0.1,0.6,2.0,717.0,0.0,0.0,0.39609483960948394
2.0,7.0,31.0,0.6,0.1,0.6,2.0,706.0,0.0,0.0,0.40084985835694054
2.0,7.0,32.0,0.6,0.1,0.6,2.0,707.0,0.0,0.0,0.3988684582743989
2.0,7.0,33.0,0.6,0.1,0.6,2.0,681.0,0.0,0.0,0.4023494860499266
2.0,7.0,34.0,0.6,0.1,0.6,2.0,692.0,0.0,0.0,0.39739884393063585
2.0,7.0,35.0,0.6,0.1,0.6,2.0,661.0,0.0,0.0,0.405446293494705
2.0,7.0,36.0,0.6,0.1,0.6,2.0,672.0,0.0,0.0,0.40029761904761907
2.0,7.0,37.0,0.6,0.1,0.6,2.0,646.0,0.0,0.0,0.4102167182662539
2.0,7.0,38.0,0.6,0.1,0.6,2.0,657.0,0.0,0.0,0.4048706240487062
2.0,7.0,39.0,0.6,0.1,0.6,2.0,632.0,0.0,0.0,0.41139240506329117
2.0,7.0,40.0,0.6,0.1,0.6,2.0,644.0,0.0,0.0,0.40683229813664595
2.0,7.0,41.0,0.6,0.1,0.6,2.0,632.0,0.0,0.0,0.41139240506329117
2.0,7.0,42.0,0.6,0.1,0.6,2.0,644.0,0.0,0.0,0.40683229813664595
2.0,7.0,43.0,0.6,0.1,0.6,2.0,631.0,0.0,0.0,0.41362916006339145
2.0,7.0,44.0,0.6,0.1,0.6,2.0,644.0,0.0,0.0,0.40683229813664595
2.0,7.0,45.0,0.6,0.1,0.6,2.0,625.0,0.0,0.0,0.6752
2.0,7.0,46.0,0.6,0.1,0.6,2.0,622.0,0.0,0.0,0.6688102893890675
2.0,7.0,47.0,0.6,0.1,0.6,2.0,614.0,0.0,0.0,0.6758957654723127
2.0,7.0,48.0,0.6,0.1,0.6,2.0,623.0,0.0,0.0,0.6677367576243981
2.0,7.0,49.0,0.6,0.1,0.6,2.0,595.0,0.0,0.0,0.6722689075630253
2.0,7.0,50.0,0.6,0.1,0.6,2.0,590.0,0.0,0.0,0.6677966101694915
2.0,7.0,51.0,0.6,0.1,0.6,2.0,585.0,0.0,0.0,0.67008547008547
2.0,7.0,52.0,0.6,0.1,0.6,2.0,585.0,0.0,0.0,0.67008547008547
2.0,8.0,1.0,0.6,0.1,0.6,2.0,582.0,0.0,0.0,0.6701030927835051
2.0,8.0,2.0,0.6,0.1,0.6,2.0,583.0,0.0,0.0,0.6689536878216124
2.0,8.0,3.0,0.6,0.1,0.6,2.0,581.0,0.0,0.0,0.6695352839931153
2.0,8.0,4.0,0.6,0.1,0.6,2.0,583.0,0.0,0.0,0.6689536878216124
2.0,8.0,5.0,0.6,0.1,0.6,2.0,580.0,0.0,0.0,0.6689655172413793
2.0,8.0,6.0,0.6,0.1,0.6,2.0,581.0,0.0,0.0,0.6678141135972461
2.0,8.0,7.0,0.6,0.1,0.6,2.0,579.0,0.0,0.0,0.6683937823834197
2.0,8.0,8.0,0.6,0.1,0.6,2.0,568.0,0.0,0.0,0.670774647887324
2.0,8.0,9.0,0.6,0.1,0.6,2.0,560.0,0.0,0.0,0.675
2.0,8.0,10.0,0.6,0.1,0.6,2.0,557.0,0.0,0.0,0.6768402154398564
2.0,8.0,11.0,0.6,0.1,0.6,2.0,554.0,0.0,0.0,0.6768953068592057
2.0,8.0,12.0,0.6,0.1,0.6,2.0,552.0,0.0,0.0,0.6793478260869565
2.0,8.0,13.0,0.6,0.1,0.6,2.0,548.0,0.0,0.0,0.6788321167883211
2.0,8.0,14.0,0.6,0.1,0.6,2.0,546.0,0.0,0.0,0.6794871794871795
2.0,8.0,15.0,0.6,0.1,0.6,2.0,542.0,0.0,0.0,0.6808118081180812
2.0,8.0,16.0,0.6,0.1,0.6,2.0,544.0,0.0,0.0,0.6801470588235294
2.0,8.0,17.0,0.6,0.1,0.6,2.0,542.0,0.0,0.0,0.6808118081180812
2.0,8.0,18.0,0.6,0.1,0.6,2.0,544.0,0.0,0.0,0.6801470588235294
2.0,8.0,19.0,0.6,0.1,0.6,2.0,541.0,0.0,0.0,0.6820702402957486
2.0,8.0,20.0,0.6,0.1,0.6,2.0,1002.0,0.0,0.0,0.36926147704590817
2.0,8.0,21.0,0.6,0.1,0.6,2.0,984.0,0.0,0.0,0.3699186991869919
2.0,8.0,22.0,0.6,0.1,0.6,2.0,928.0,0.0,0.0,0.37176724137931033
2.0,8.0,23.0,0.6,0.1,0.6,2.0,909.0,0.0,0.0,0.37513751375137516
2.0,8.0,24.0,0.6,0.1,0.6,2.0,875.0,0.0,0.0,0.38171428571428573
2.0,8.0,25.0,0.6,0.1,0.6,2.0,858.0,0.0,0.0,0.38461538461538464
2.0,8.0,26.0,0.6,0.1,0.6,2.0,805.0,0.0,0.0,0.3987577639751553
2.0,8.0,27.0,0.6,0.1,0.6,2.0,794.0,0.0,0.0,0.4017632241813602
2.0,8.0,28.0,0.6,0.1,0.6,2.0,774.0,0.0,0.0,0.4043927648578811
2.0,8.0,29.0,0.6,0.1,0.6,2.0,769.0,0.0,0.0,0.4057217165149545
2.0,8.0,30.0,0.6,0.1,0.6,2.0,774.0,0.0,0.0,0.4043927648578811
2.0,8.0,31.0,0.6,0.1,0.6,2.0,742.0,0.0,0.0,0.40970350404312667
2.0,8.0,32.0,0.6,0.1,0.6,2.0,747.0,0.0,0.0,0.40829986613119146
2.0,8.0,33.0,0.6,0.1,0.6,2.0,742.0,0.0,0.0,0.40970350404312667
2.0,8.0,34.0,0.6,0.1,0.6,2.0,736.0,0.0,0.0,0.4048913043478261
2.0,8.0,35.0,0.6,0.1,0.6,2.0,731.0,0.0,0.0,0.4062927496580027
2.0,8.0,36.0,0.6,0.1,0.6,2.0,736.0,0.0,0.0,0.4048913043478261
2.0,8.0,37.0,0.6,0.1,0.6,2.0,701.0,0.0,0.0,0.4165477888730385
2.0,8.0,38.0,0.6,0.1,0.6,2.0,706.0,0.0,0.0,0.415014164305949
2.0,8.0,39.0,0.6,0.1,0.6,2.0,701.0,0.0,0.0,0.4165477888730385
2.0,8.0,40.0,0.6,0.1,0.6,2.0,706.0,0.0,0.0,0.415014164305949
2.0,8.0,41.0,0.6,0.1,0.6,2.0,701.0,0.0,0.0,0.4165477888730385
2.0,8.0,42.0,0.6,0.1,0.6,2.0,706.0,0.0,0.0,0.415014164305949
2.0,8.0,43.0,0.6,0.1,0.6,2.0,701.0,0.0,0.0,0.4165477888730385
2.0,8.0,44.0,0.6,0.1,0.6,2.0,706.0,0.0,0.0,0.415014164305949
2.0,8.0,45.0,0.6,0.1,0.6,2.0,701.0,0.0,0.0,0.6476462196861626
2.0,8.0,46.0,0.6,0.1,0.6,2.0,694.0,0.0,0.0,0.6440922190201729
2.0,8.0,47.0,0.6,0.1,0.6,2.0,689.0,0.0,0.0,0.6458635703918723
2.0,8.0,48.0,0.6,0.1,0.6,2.0,694.0,0.0,0.0,0.6440922190201729
2.0,8.0,49.0,0.6,0.1,0.6,2.0,675.0,0.0,0.0,0.642962962962963
2.0,8.0,50.0,0.6,0.1,0.6,2.0,680.0,0.0,0.0,0.6426470588235295
2.0,8.0,51.0,0.6,0.1,0.6,2.0,672.0,0.0,0.0,0.6458333333333334
2.0,8.0,52.0,0.6,0.1,0.6,2.0,665.0,0.0,0.0,0.6451127819548872
2.0,9.0,1.0,0.6,0.1,0.6,2.0,648.0,0.0,0.0,0.6466049382716049
2.0,9.0,2.0,0.6,0.1,0.6,2.0,653.0,0.0,0.0,0.6462480857580398
2.0,9.0,3.0,0.6,0.1,0.6,2.0,647.0,0.0,0.0,0.6476043276661515
2.0,9.0,4.0,0.6,0.1,0.6,2.0,651.0,0.0,0.0,0.6466973886328725
2.0,9.0,5.0,0.6,0.1,0.6,2.0,629.0,0.0,0.0,0.6454689984101749
2.0,9.0,6.0,0.6,0.1,0.6,2.0,633.0,0.0,0.0,0.6445497630331753
2.0,9.0,7.0,0.6,0.1,0.6,2.0,628.0,0.0,0.0,0.6464968152866242
2.0,9.0,8.0,0.6,0.1,0.6,2.0,630.0,0.0,0.0,0.6476190476190476
2.0,9.0,9.0,0.6,0.1,0.6,2.0,624.0,0.0,0.0,0.6506410256410257
2.0,9.0,10.0,0.6,0.1,0.6,2.0,622.0,0.0,0.0,0.6527331189710611
2.0,9.0,11.0,0.6,0.1,0.6,2.0,618.0,0.0,0.0,0.6521035598705501
2.0,9.0,12.0,0.6,0.1,0.6,2.0,618.0,0.0,0.0,0.6521035598705501
2.0,9.0,13.0,0.6,0.1,0.6,2.0,616.0,0.0,0.0,0.650974025974026
2.0,9.0,14.0,0.6,0.1,0.6,2.0,618.0,0.0,0.0,0.6521035598705501
2.0,9.0,15.0,0.6,0.1,0.6,2.0,616.0,0.0,0.0,0.650974025974026
2.0,9.0,16.0,0.6,0.1,0.6,2.0,617.0,0.0,0.0,0.6515397082658023
2.0,9.0,17.0,0.6,0.1,0.6,2.0,604.0,0.0,0.0,0.6473509933774835
2.0,9.0,18.0,0.6,0.1,0.6,2.0,606.0,0.0,0.0,0.6485148514851485
2.0,9.0,19.0,0.6,0.1,0.6,2.0,604.0,0.0,0.0,0.6473509933774835
2.0,9.0,20.0,0.6,0.1,0.6,2.0,1096.0,0.0,0.0,0.34124087591240876
2.0,9.0,21.0,0.6,0.1,0.6,2.0,1057.0,0.0,0.0,0.3415326395458846
2.0,9.0,22.0,0.6,0.1,0.6,2.0,1000.0,0.0,0.0,0.344
2.0,9.0,23.0,0.6,0.1,0.6,2.0,983.0,0.0,0.0,0.34384537131230924
2.0,9.0,24.0,0.6,0.1,0.6,2.0,961.0,0.0,0.0,0.34547346514047866
2.0,9.0,25.0,0.6,0.1,0.6,2.0,930.0,0.0,0.0,0.3473118279569892
2.0,9.0,26.0,0.6,0.1,0.6,2.0,908.0,0.0,0.0,0.3513215859030837
2.0,9.0,27.0,0.6,0.1,0.6,2.0,874.0,0.0,0.0,0.35469107551487417
2.0,9.0,28.0,0.6,0.1,0.6,2.0,878.0,0.0,0.0,0.3553530751708428
2.0,9.0,29.0,0.6,0.1,0.6,2.0,862.0,0.0,0.0,0.3561484918793503
2.0,9.0,30.0,0.6,0.1,0.6,2.0,854.0,0.0,0.0,0.36065573770491804
2.0,9.0,31.0,0.6,0.1,0.6,2.0,850.0,0.0,0.0,0.36
2.0,9.0,32.0,0.6,0.1,0.6,2.0,854.0,0.0,0.0,0.36065573770491804
2.0,9.0,33.0,0.6,0.1,0.6,2.0,850.0,0.0,0.0,0.36
2.0,9.0,34.0,0.6,0.1,0.6,2.0,815.0,0.0,0.0,0.36687116564417177
2.0,9.0,35.0,0.6,0.1,0.6,2.0,811.0,0.0,0.0,0.36621454993834773
2.0,9.0,36.0,0.6,0.1,0.6,2.0,789.0,0.0,0.0,0.36755386565272496
2.0,9.0,37.0,0.6,0.1,0.6,2.0,759.0,0.0,0.0,0.36495388669301715
2.0,9.0,38.0,0.6,0.1,0.6,2.0,763.0,0.0,0.0,0.3656618610747051
2.0,9.0,39.0,0.6,0.1,0.6,2.0,759.0,0.0,0.0,0.36495388669301715
2.0,9.0,40.0,0.6,0.1,0.6,2.0,763.0,0.0,0.0,0.3656618610747051
2.0,9.0,41.0,0.6,0.1,0.6,2.0,727.0,0.0,0.0,0.37551581843191195
2.0,9.0,42.0,0.6,0.1,0.6,2.0,731.0,0.0,0.0,0.3761969904240766
2.0,9.0,43.0,0.6,0.1,0.6,2.0,704.0,0.0,0.0,0.3821022727272727
2.0,9.0,44.0,0.6,0.1,0.6,2.0,708.0,0.0,0.0,0.3827683615819209
2.0,9.0,45.0,0.6,0.1,0.6,2.0,691.0,0.0,0.0,0.6309696092619392
2.0,9.0,46.0,0.6,0.1,0.6,2.0,695.0,0.0,0.0,0.6302158273381295
2.0,9.0,47.0,0.6,0.1,0.6,2.0,691.0,0.0,0.0,0.6309696092619392
2.0,9.0,48.0,0.6,0.1,0.6,2.0,680.0,0.0,0.0,0.6279411764705882
2.0,9.0,49.0,0.6,0.1,0.6,2.0,674.0,0.0,0.0,0.629080118694362
2.0,9.0,50.0,0.6,0.1,0.6,2.0,678.0,0.0,0.0,0.6268436578171092
2.0,9.0,51.0,0.6,0.1,0.6,2.0,661.0,0.0,0.0,0.6278366111951589
2.0,9.0,52.0,0.6,0.1,0.6,2.0,666.0,0.0,0.0,0.6276276276276276
2.0,10.0,1.0,0.6,0.1,0.6,2.0,660.0,0.0,0.0,0.6272727272727273
2.0,10.0,2.0,0.6,0.1,0.6,2.0,662.0,0.0,0.0,0.6268882175226587
2.0,10.0,3.0,0.6,0.1,0.6,2.0,656.0,0.0,0.0,0.6280487804878049
2.0,10.0,4.0,0.6,0.1,0.6,2.0,661.0,0.0,0.0,0.6278366111951589
2.0,10.0,5.0,0.6,0.1,0.6,2.0,656.0,0.0,0.0,0.6280487804878049
2.0,10.0,6.0,0.6,0.1,0.6,2.0,649.0,0.0,0.0,0.6302003081664098
2.0,10.0,7.0,0.6,0.1,0.6,2.0,644.0,0.0,0.0,0.6304347826086957
2.0,10.0,8.0,0.6,0.1,0.6,2.0,649.0,0.0,0.0,0.6302003081664098
2.0,10.0,9.0,0.6,0.1,0.6,2.0,643.0,0.0,0.0,0.6314152410575428
2.0,10.0,10.0,0.6,0.1,0.6,2.0,642.0,0.0,0.0,0.6339563862928349
2.0,10.0,11.0,0.6,0.1,0.6,2.0,637.0,0.0,0.0,0.6342229199372057
2.0,10.0,12.0,0.6,0.1,0.6,2.0,633.0,0.0,0.0,0.6398104265402843
2.0,10.0,13.0,0.6,0.1,0.6,2.0,628.0,0.0,0.0,0.6385350318471338
2.0,10.0,14.0,0.6,0.1,0.6,2.0,625.0,0.0,0.0,0.6464
2.0,10.0,15.0,0.6,0.1,0.6,2.0,621.0,0.0,0.0,0.644122383252818
2.0,10.0,16.0,0.6,0.1,0.6,2.0,623.0,0.0,0.0,0.6452648475120385
2.0,10.0,17.0,0.6,0.1,0.6,2.0,620.0,0.0,0.0,0.6451612903225806
2.0,10.0,18.0,0.6,0.1,0.6,2.0,621.0,0.0,0.0,0.6473429951690821
2.0,10.0,19.0,0.6,0.1,0.6,2.0,619.0,0.0,0.0,0.6462035541195477
2.0,10.0,20.0,0.6,0.1,0.6,2.0,1064.0,0.0,0.0,0.35902255639097747
2.0,10.0,21.0,0.6,0.1,0.6,2.0,1009.0,0.0,0.0,0.3657086223984143
2.0,10.0,22.0,0.6,0.1,0.6,2.0,974.0,0.0,0.0,0.37474332648870634
2.0,10.0,23.0,0.6,0.1,0.6,2.0,934.0,0.0,0.0,0.38329764453961457
2.0,10.0,24.0,0.6,0.1,0.6,2.0,896.0,0.0,0.0,0.38950892857142855
2.0,10.0,25.0,0.6,0.1,0.6,2.0,871.0,0.0,0.0,0.39380022962112515
2.0,10.0,26.0,0.6,0.1,0.6,2.0,859.0,0.0,0.0,0.3946449359720605
2.0,10.0,27.0,0.6,0.1,0.6,2.0,844.0,0.0,0.0,0.39454976303317535
2.0,10.0,28.0,0.6,0.1,0.6,2.0,821.0,0.0,0.0,0.3982947624847747
2.0,10.0,29.0,0.6,0.1,0.6,2.0,818.0,0.0,0.0,0.3973105134474328
2.0,10.0,30.0,0.6,0.1,0.6,2.0,810.0,0.0,0.0,0.3987654320987654
2.0,10.0,31.0,0.6,0.1,0.6,2.0,796.0,0.0,0.0,0.39824120603015073
2.0,10.0,32.0,0.6,0.1,0.6,2.0,784.0,0.0,0.0,0.4017857142857143
2.0,10.0,33.0,0.6,0.1,0.6,2.0,769.0,0.0,0.0,0.40052015604681407
2.0,10.0,34.0,0.6,0.1,0.6,2.0,772.0,0.0,0.0,0.4015544041450777
2.0,10.0,35.0,0.6,0.1,0.6,2.0,769.0,0.0,0.0,0.40052015604681407
2.0,10.0,36.0,0.6,0.1,0.6,2.0,771.0,0.0,0.0,0.40077821011673154
2.0,10.0,37.0,0.6,0.1,0.6,2.0,763.0,0.0,0.0,0.399737876802097
2.0,10.0,38.0,0.6,0.1,0.6,2.0,755.0,0.0,0.0,0.40264900662251657
2.0,10.0,39.0,0.6,0.1,0.6,2.0,741.0,0.0,0.0,0.40215924426450744
2.0,10.0,40.0,0.6,0.1,0.6,2.0,744.0,0.0,0.0,0.4032258064516129
2.0,10.0,41.0,0.6,0.1,0.6,2.0,741.0,0.0,0.0,0.40215924426450744
2.0,10.0,42.0,0.6,0.1,0.6,2.0,743.0,0.0,0.0,0.4037685060565276
2.0,10.0,43.0,0.6,0.1,0.6,2.0,741.0,0.0,0.0,0.40215924426450744
2.0,10.0,44.0,0.6,0.1,0.6,2.0,743.0,0.0,0.0,0.4037685060565276
2.0,10.0,45.0,0.6,0.1,0.6,2.0,741.0,0.0,0.0,0.6396761133603239
2.0,10.0,46.0,0.6,0.1,0.6,2.0,730.0,0.0,0.0,0.6410958904109589
2.0,10.0,47.0,0.6,0.1,0.6,2.0,729.0,0.0,0.0,0.6419753086419753
2.0,10.0,48.0,0.6,0.1,0.6,2.0,730.0,0.0,0.0,0.6410958904109589
2.0,10.0,49.0,0.6,0.1,0.6,2.0,728.0,0.0,0.0,0.6414835164835165
2.0,10.0,50.0,0.6,0.1,0.6,2.0,715.0,0.0,0.0,0.6503496503496503
2.0,10.0,51.0,0.6,0.1,0.6,2.0,712.0,0.0,0.0,0.651685393258427
2.0,10.0,52.0,0.6,0.1,0.6,2.0,714.0,0.0,0.0,0.6512605042016807
3.0,1.0,1.0,0.6,0.1,0.6,2.0,5236.0,51.0,10.0,0.6042780748663101
3.0,1.0,2.0,0.6,0.1,0.6,2.0,5180.0,54.0,23.0,0.6034749034749035
3.0,1.0,3.0,0.6,0.1,0.6,2.0,5128.0,58.0,30.0,0.6043291731669267
3.0,1.0,4.0,0.6,0.1,0.6,2.0,4978.0,58.0,34.0,0.6066693451185214
3.0,1.0,5.0,0.6,0.1,0.6,2.0,4988.0,59.0,28.0,0.6112670408981555
3.0,1.0,6.0,0.6,0.1,0.6,2.0,4900.0,61.0,27.0,0.6124489795918368
3.0,1.0,7.0,0.6,0.1,0.6,2.0,4752.0,64.0,21.0,0.6165824915824916
3.0,1.0,8.0,0.6,0.1,0.6,2.0,4636.0,66.0,24.0,0.6151855047454702
3.0,1.0,9.0,0.6,0.1,0.6,2.0,4472.0,70.0,26.0,0.6173971377459749
3.0,1.0,10.0,0.6,0.1,0.6,2.0,4302.0,66.0,35.0,0.6185495118549512
3.0,1.0,11.0,0.6,0.1,0.6,2.0,4144.0,74.0,40.0,0.6182432432432432
3.0,1.0,12.0,0.6,0.1,0.6,2.0,4058.0,93.0,46.0,0.6197634302612124
3.0,1.0,13.0,0.6,0.1,0.6,2.0,4006.0,87.0,38.0,0.6203195207189216
3.0,1.0,14.0,0.6,0.1,0.6,2.0,3839.0,89.0,35.0,0.6235998958061996
3.0,1.0,15.0,0.6,0.1,0.6,2.0,3753.0,86.0,39.0,0.6264321875832667
3.0,1.0,16.0,0.6,0.1,0.6,2.0,3640.0,79.0,40.0,0.6274725274725275
3.0,1.0,17.0,0.6,0.1,0.6,2.0,3627.0,74.0,40.0,0.6297215329473393
3.0,1.0,18.0,0.6,0.1,0.6,2.0,3525.0,71.0,35.0,0.6323404255319149
3.0,1.0,19.0,0.6,0.1,0.6,2.0,3428.0,60.0,34.0,0.6309801633605601
3.0,1.0,20.0,0.6,0.1,0.6,2.0,6510.0,54.0,32.0,0.3278033794162826
3.0,1.0,21.0,0.6,0.1,0.6,2.0,6168.0,71.0,25.0,0.32668612191958496
3.0,1.0,22.0,0.6,0.1,0.6,2.0,5935.0,85.0,28.0,0.32771693344566133
3.0,1.0,23.0,0.6,0.1,0.6,2.0,5588.0,106.0,31.0,0.3301717967072298
3.0,1.0,24.0,0.6,0.1,0.6,2.0,5397.0,133.0,38.0,0.33370390957939594
3.0,1.0,25.0,0.6,0.1,0.6,2.0,5188.0,146.0,60.0,0.33654587509637623
3.0,1.0,26.0,0.6,0.1,0.6,2.0,4938.0,161.0,70.0,0.3404212231672742
3.0,1.0,27.0,0.6,0.1,0.6,2.0,4795.0,182.0,88.0,0.34369134515119915
3.0,1.0,28.0,0.6,0.1,0.6,2.0,4507.0,190.0,79.0,0.35056578655424897
3.0,1.0,29.0,0.6,0.1,0.6,2.0,4420.0,213.0,88.0,0.35226244343891405
3.0,1.0,30.0,0.6,0.1,0.6,2.0,4228.0,229.0,94.0,0.3566698202459792
3.0,1.0,31.0,0.6,0.1,0.6,2.0,4094.0,258.0,112.0,0.361504640937958
3.0,1.0,32.0,0.6,0.1,0.6,2.0,3939.0,279.0,127.0,0.36608276212236607
3.0,1.0,33.0,0.6,0.1,0.6,2.0,3806.0,293.0,127.0,0.37099316868102994
3.0,1.0,34.0,0.6,0.1,0.6,2.0,3632.0,288.0,128.0,0.3788546255506608
3.0,1.0,35.0,0.6,0.1,0.6,2.0,3508.0,295.0,130.0,0.3805587229190422
3.0,1.0,36.0,0.6,0.1,0.6,2.0,3332.0,301.0,131.0,0.3880552220888355
3.0,1.0,37.0,0.6,0.1,0.6,2.0,3168.0,269.0,132.0,0.39457070707070707
3.0,1.0,38.0,0.6,0.1,0.6,2.0,3080.0,273.0,122.0,0.4025974025974026
3.0,1.0,39.0,0.6,0.1,0.6,2.0,2974.0,276.0,132.0,0.4088769334229993
3.0,1.0,40.0,0.6,0.1,0.6,2.0,2836.0,284.0,139.0,0.4199576868829337
3.0,1.0,41.0,0.6,0.1,0.6,2.0,2781.0,277.0,136.0,0.42430780294857967
3.0,1.0,42.0,0.6,0.1,0.6,2.0,2615.0,238.0,128.0,0.4382409177820268
3.0,1.0,43.0,0.6,0.1,0.6,2.0,2509.0,209.0,116.0,0.45157433240334793
3.0,1.0,44.0,0.6,0.1,0.6,2.0,2426.0,191.0,109.0,0.46042868920032975
3.0,1.0,45.0,0.6,0.1,0.6,2.0,2317.0,167.0,88.0,0.6996115666810531
3.0,1.0,46.0,0.6,0.1,0.6,2.0,2217.0,140.0,77.0,0.7059088858818223
3.0,1.0,47.0,0.6,0.1,0.6,2.0,2136.0,123.0,71.0,0.7055243445692884
3.0,1.0,48.0,0.6,0.1,0.6,2.0,2060.0,95.0,66.0,0.7155339805825243
3.0,1.0,49.0,0.6,0.1,0.6,2.0,2006.0,65.0,48.0,0.7173479561316052
3.0,1.0,50.0,0.6,0.1,0.6,2.0,1940.0,53.0,35.0,0.7190721649484536
3.0,1.0,51.0,0.6,0.1,0.6,2.0,1918.0,39.0,26.0,0.721584984358707
3.0,1.0,52.0,0.6,0.1,0.6,2.0,1878.0,32.0,17.0,0.724174653887114
3.0,2.0,1.0,0.6,0.1,0.6,2.0,1865.0,31.0,17.0,0.7254691689008043
3.0,2.0,2.0,0.6,0.1,0.6,2.0,1803.0,25.0,11.0,0.7304492512479202
3.0,2.0,3.0,0.6,0.1,0.6,2.0,1789.0,21.0,16.0,0.7305757406372275
3.0,2.0,4.0,0.6,0.1,0.6,2.0,1753.0,17.0,14.0,0.7353108956075299
3.0,2.0,5.0,0.6,0.1,0.6,2.0,1710.0,17.0,13.0,0.7350877192982456
3.0,2.0,6.0,0.6,0.1,0.6,2.0,1674.0,9.0,7.0,0.7377538829151732
3.0,2.0,7.0,0.6,0.1,0.6,2.0,1663.0,4.0,4.0,0.7378232110643416
3.0,2.0,8.0,0.6,0.1,0.6,2.0,1641.0,3.0,3.0,0.7355271176112127
3.0,2.0,9.0,0.6,0.1,0.6,2.0,1623.0,1.0,1.0,0.7399876771410967
3.0,2.0,10.0,0.6,0.1,0.6,2.0,1602.0,1.0,0.0,0.7421972534332085
3.0,2.0,11.0,0.6,0.1,0.6,2.0,1594.0,1.0,0.0,0.7434127979924717
3.0,2.0,12.0,0.6,0.1,0.6,2.0,1580.0,1.0,0.0,0.7424050632911392
3.0,2.0,13.0,0.6,0.1,0.6,2.0,1557.0,1.0,0.0,0.74373795761079
3.0,2.0,14.0,0.6,0.1,0.6,2.0,1546.0,1.0,0.0,0.741267787839586
3.0,2.0,15.0,0.6,0.1,0.6,2.0,1537.0,1.0,0.0,0.7430058555627846
3.0,2.0,16.0,0.6,0.1,0.6,2.0,1513.0,1.0,1.0,0.7395902181097158
3.0,2.0,17.0,0.6,0.1,0.6,2.0,1502.0,2.0,1.0,0.7403462050599201
3.0,2.0,18.0,0.6,0.1,0.6,2.0,1481.0,3.0,1.0,0.7400405131667792
3.0,2.0,19.0,0.6,0.1,0.6,2.0,1475.0,2.0,1.0,0.744406779661017
3.0,2.0,20.0,0.6,0.1,0.6,2.0,2673.0,2.0,1.0,0.405910961466517
3.0,2.0,21.0,0.6,0.1,0.6,2.0,2627.0,4.0,1.0,0.4092120289303388
3.0,2.0,22.0,0.6,0.1,0.6,2.0,2534.0,5.0,0.0,0.4084451460142068
3.0,2.0,23.0,0.6,0.1,0.6,2.0,2450.0,5.0,2.0,0.4122448979591837
3.0,2.0,24.0,0.6,0.1,0.6,2.0,2440.0,7.0,3.0,0.41147540983606556
3.0,2.0,25.0,0.6,0.1,0.6,2.0,2332.0,9.0,4.0,0.41638078902229847
3.0,2.0,26.0,0.6,0.1,0.6,2.0,2282.0,15.0,5.0,0.41761612620508326
3.0,2.0,27.0,0.6,0.1,0.6,2.0,2195.0,19.0,4.0,0.4173120728929385
3.0,2.0,28.0,0.6,0.1,0.6,2.0,2177.0,14.0,5.0,0.41754708314193845
3.0,2.0,29.0,0.6,0.1,0.6,2.0,2059.0,16.0,5.0,0.42107819329771734
3.0,2.0,30.0,0.6,0.1,0.6,2.0,1944.0,7.0,3.0,0.426440329218107
3.0,2.0,31.0,0.6,0.1,0.6,2.0,1913.0,9.0,4.0,0.42707788813382125
3.0,2.0,32.0,0.6,0.1,0.6,2.0,1876.0,4.0,2.0,0.43070362473347545
3.0,2.0,33.0,0.6,0.1,0.6,2.0,1809.0,5.0,2.0,0.43394140409065785
3.0,2.0,34.0,0.6,0.1,0.6,2.0,1752.0,4.0,2.0,0.4383561643835616
3.0,2.0,35.0,0.6,0.1,0.6,2.0,1688.0,4.0,1.0,0.43483412322274884
3.0,2.0,36.0,0.6,0.1,0.6,2.0,1645.0,5.0,2.0,0.43829787234042555
3.0,2.0,37.0,0.6,0.1,0.6,2.0,1610.0,5.0,1.0,0.43540372670807453
3.0,2.0,38.0,0.6,0.1,0.6,2.0,1589.0,5.0,2.0,0.4380113278791693
3.0,2.0,39.0,0.6,0.1,0.6,2.0,1533.0,2.0,1.0,0.43770384866275275
3.0,2.0,40.0,0.6,0.1,0.6,2.0,1524.0,2.0,2.0,0.4409448818897638
3.0,2.0,41.0,0.6,0.1,0.6,2.0,1439.0,1.0,1.0,0.443363446838082
3.0,2.0,42.0,0.6,0.1,0.6,2.0,1388.0,1.0,1.0,0.4488472622478386
3.0,2.0,43.0,0.6,0.1,0.6,2.0,1342.0,0.0,0.0,0.44783904619970194
3.0,2.0,44.0,0.6,0.1,0.6,2.0,1329.0,0.0,0.0,0.44996237772761477
3.0,2.0,45.0,0.6,0.1,0.6,2.0,1310.0,0.0,0.0,0.6526717557251909
3.0,2.0,46.0,0.6,0.1,0.6,2.0,1280.0,0.0,0.0,0.65546875
3.0,2.0,47.0,0.6,0.1,0.6,2.0,1260.0,0.0,0.0,0.6555555555555556
3.0,2.0,48.0,0.6,0.1,0.6,2.0,1218.0,0.0,0.0,0.6584564860426929
3.0,2.0,49.0,0.6,0.1,0.6,2.0,1184.0,0.0,0.0,0.6596283783783784
3.0,2.0,50.0,0.6,0.1,0.6,2.0,1157.0,0.0,0.0,0.6611927398444253
3.0,2.0,51.0,0.6,0.1,0.6,2.0,1151.0,0.0,0.0,0.6637706342311034
3.0,2.0,52.0,0.6,0.1,0.6,2.0,1136.0,0.0,0.0,0.6637323943661971
3.0,3.0,1.0,0.6,0.1,0.6,2.0,1140.0,0.0,0.0,0.6622807017543859
3.0,3.0,2.0,0.6,0.1,0.6,2.0,1116.0,0.0,0.0,0.6630824372759857
3.0,3.0,3.0,0.6,0.1,0.6,2.0,1113.0,0.0,0.0,0.6621743036837376
3.0,3.0,4.0,0.6,0.1,0.6,2.0,1097.0,0.0,0.0,0.659070191431176
3.0,3.0,5.0,0.6,0.1,0.6,2.0,1097.0,0.0,0.0,0.659070191431176
3.0,3.0,6.0,0.6,0.1,0.6,2.0,1083.0,0.0,0.0,0.6565096952908587
3.0,3.0,7.0,0.6,0.1,0.6,2.0,1077.0,0.0,0.0,0.6555246053853296
3.0,3.0,8.0,0.6,0.1,0.6,2.0,1064.0,0.0,0.0,0.6522556390977443
3.0,3.0,9.0,0.6,0.1,0.6,2.0,1058.0,0.0,0.0,0.6540642722117203
3.0,3.0,10.0,0.6,0.1,0.6,2.0,1046.0,0.0,0.0,0.6539196940726577
3.0,3.0,11.0,0.6,0.1,0.6,2.0,1047.0,0.0,0.0,0.6552053486150907
3.0,3.0,12.0,0.6,0.1,0.6,2.0,1022.0,0.0,0.0,0.6565557729941291
3.0,3.0,13.0,0.6,0.1,0.6,2.0,1023.0,0.0,0.0,0.6559139784946236
3.0,3.0,14.0,0.6,0.1,0.6,2.0,1012.0,0.0,0.0,0.6561264822134387
3.0,3.0,15.0,0.6,0.1,0.6,2.0,1012.0,0.0,0.0,0.6561264822134387
3.0,3.0,16.0,0.6,0.1,0.6,2.0,988.0,0.0,0.0,0.6548582995951417
3.0,3.0,17.0,0.6,0.1,0.6,2.0,989.0,0.0,0.0,0.654196157735086
3.0,3.0,18.0,0.6,0.1,0.6,2.0,977.0,0.0,0.0,0.654042988741044
3.0,3.0,19.0,0.6,0.1,0.6,2.0,981.0,0.0,0.0,0.6523955147808359
3.0,3.0,20.0,0.6,0.1,0.6,2.0,1697.0,0.0,0.0,0.3671184443134944
3.0,3.0,21.0,0.6,0.1,0.6,2.0,1687.0,0.0,0.0,0.3639596917605216
3.0,3.0,22.0,0.6,0.1,0.6,2.0,1633.0,0.0,0.0,0.3692590324556032
3.0,3.0,23.0,0.6,0.1,0.6,2.0,1594.0,0.0,0.0,0.3739021329987453
3.0,3.0,24.0,0.6,0.1,0.6,2.0,1547.0,0.0,0.0,0.37297996121525534
3.0,3.0,25.0,0.6,0.1,0.6,2.0,1501.0,0.0,0.0,0.37841439040639574
3.0,3.0,26.0,0.6,0.1,0.6,2.0,1425.0,0.0,0.0,0.3817543859649123
3.0,3.0,27.0,0.6,0.1,0.6,2.0,1411.0,0.0,0.0,0.3827072997873848
3.0,3.0,28.0,0.6,0.1,0.6,2.0,1342.0,0.0,0.0,0.38077496274217587
3.0,3.0,29.0,0.6,0.1,0.6,2.0,1315.0,0.0,0.0,0.3870722433460076
3.0,3.0,30.0,0.6,0.1,0.6,2.0,1273.0,0.0,0.0,0.38884524744697563
3.0,3.0,31.0,0.6,0.1,0.6,2.0,1233.0,0.0,0.0,0.3933495539334955
3.0,3.0,32.0,0.6,0.1,0.6,2.0,1231.0,0.0,0.0,0.38992688870836717
3.0,3.0,33.0,0.6,0.1,0.6,2.0,1229.0,0.0,0.0,0.3921887713588283
3.0,3.0,34.0,0.6,0.1,0.6,2.0,1203.0,0.0,0.0,0.39068994181213634
3.0,3.0,35.0,0.6,0.1,0.6,2.0,1168.0,0.0,0.0,0.3929794520547945
3.0,3.0,36.0,0.6,0.1,0.6,2.0,1132.0,0.0,0.0,0.39664310954063603
3.0,3.0,37.0,0.6,0.1,0.6,2.0,1106.0,0.0,0.0,0.3996383363471971
3.0,3.0,38.0,0.6,0.1,0.6,2.0,1094.0,0.0,0.0,0.396709323583181
3.0,3.0,39.0,0.6,0.1,0.6,2.0,1077.0,0.0,0.0,0.39647168059424326
3.0,3.0,40.0,0.6,0.1,0.6,2.0,1066.0,0.0,0.0,0.39587242026266417
3.0,3.0,41.0,0.6,0.1,0.6,2.0,1063.0,0.0,0.0,0.39416745061147695
3.0,3.0,42.0,0.6,0.1,0.6,2.0,1050.0,0.0,0.0,0.3952380952380952
3.0,3.0,43.0,0.6,0.1,0.6,2.0,1036.0,0.0,0.0,0.3967181467181467
3.0,3.0,44.0,0.6,0.1,0.6,2.0,1039.0,0.0,0.0,0.39364773820981713
3.0,3.0,45.0,0.6,0.1,0.6,2.0,1026.0,0.0,0.0,0.6354775828460039
3.0,3.0,46.0,0.6,0.1,0.6,2.0,1032.0,0.0,0.0,0.6405038759689923
3.0,3.0,47.0,0.6,0.1,0.6,2.0,1017.0,0.0,0.0,0.6361848574237955
3.0,3.0,48.0,0.6,0.1,0.6,2.0,1025.0,0.0,0.0,0.6419512195121951
3.0,3.0,49.0,0.6,0.1,0.6,2.0,987.0,0.0,0.0,0.6382978723404256
3.0,3.0,50.0,0.6,0.1,0.6,2.0,970.0,0.0,0.0,0.6402061855670103
3.0,3.0,51.0,0.6,0.1,0.6,2.0,973.0,0.0,0.0,0.6423432682425488
3.0,3.0,52.0,0.6,0.1,0.6,2.0,948.0,0.0,0.0,0.6392405063291139
3.0,4.0,1.0,0.6,0.1,0.6,2.0,949.0,0.0,0.0,0.642781875658588
3.0,4.0,2.0,0.6,0.1,0.6,2.0,938.0,0.0,0.0,0.6407249466950959
3.0,4.0,3.0,0.6,0.1,0.6,2.0,946.0,0.0,0.0,0.6437632135306554
3.0,4.0,4.0,0.6,0.1,0.6,2.0,929.0,0.0,0.0,0.6415500538213132
3.0,4.0,5.0,0.6,0.1,0.6,2.0,921.0,0.0,0.0,0.6471226927252985
3.0,4.0,6.0,0.6,0.1,0.6,2.0,906.0,0.0,0.0,0.6445916114790287
3.0,4.0,7.0,0.6,0.1,0.6,2.0,913.0,0.0,0.0,0.6473165388828039
3.0,4.0,8.0,0.6,0.1,0.6,2.0,900.0,0.0,0.0,0.6444444444444445
3.0,4.0,9.0,0.6,0.1,0.6,2.0,896.0,0.0,0.0,0.6506696428571429
3.0,4.0,10.0,0.6,0.1,0.6,2.0,877.0,0.0,0.0,0.6476624857468644
3.0,4.0,11.0,0.6,0.1,0.6,2.0,862.0,0.0,0.0,0.6566125290023201
3.0,4.0,12.0,0.6,0.1,0.6,2.0,852.0,0.0,0.0,0.6514084507042254
3.0,4.0,13.0,0.6,0.1,0.6,2.0,856.0,0.0,0.0,0.6565420560747663
3.0,4.0,14.0,0.6,0.1,0.6,2.0,844.0,0.0,0.0,0.6528436018957346
3.0,4.0,15.0,0.6,0.1,0.6,2.0,850.0,0.0,0.0,0.6564705882352941
3.0,4.0,16.0,0.6,0.1,0.6,2.0,840.0,0.0,0.0,0.6523809523809524
3.0,4.0,17.0,0.6,0.1,0.6,2.0,833.0,0.0,0.0,0.65906362545018
3.0,4.0,18.0,0.6,0.1,0.6,2.0,821.0,0.0,0.0,0.6540803897685749
3.0,4.0,19.0,0.6,0.1,0.6,2.0,828.0,0.0,0.0,0.6570048309178744
3.0,4.0,20.0,0.6,0.1,0.6,2.0,1495.0,0.0,0.0,0.3565217391304348
3.0,4.0,21.0,0.6,0.1,0.6,2.0,1458.0,0.0,0.0,0.3614540466392318
3.0,4.0,22.0,0.6,0.1,0.6,2.0,1420.0,0.0,0.0,0.3570422535211268
3.0,4.0,23.0,0.6,0.1,0.6,2.0,1384.0,0.0,0.0,0.3619942196531792
3.0,4.0,24.0,0.6,0.1,0.6,2.0,1327.0,0.0,0.0,0.36096458176337604
3.0,4.0,25.0,0.6,0.1,0.6,2.0,1324.0,0.0,0.0,0.36253776435045315
3.0,4.0,26.0,0.6,0.1,0.6,2.0,1280.0,0.0,0.0,0.36171875
3.0,4.0,27.0,0.6,0.1,0.6,2.0,1260.0,0.0,0.0,0.36587301587301585
3.0,4.0,28.0,0.6,0.1,0.6,2.0,1259.0,0.0,0.0,0.36457505957108816
3.0,4.0,29.0,0.6,0.1,0.6,2.0,1239.0,0.0,0.0,0.36561743341404357
3.0,4.0,30.0,0.6,0.1,0.6,2.0,1207.0,0.0,0.0,0.36454018227009116
3.0,4.0,31.0,0.6,0.1,0.6,2.0,1180.0,0.0,0.0,0.37033898305084745
3.0,4.0,32.0,0.6,0.1,0.6,2.0,1155.0,0.0,0.0,0.37316017316017314
3.0,4.0,33.0,0.6,0.1,0.6,2.0,1140.0,0.0,0.0,0.37719298245614036
3.0,4.0,34.0,0.6,0.1,0.6,2.0,1123.0,0.0,0.0,0.3748886910062333
3.0,4.0,35.0,0.6,0.1,0.6,2.0,1101.0,0.0,0.0,0.3787465940054496
3.0,4.0,36.0,0.6,0.1,0.6,2.0,1074.0,0.0,0.0,0.3752327746741155
3.0,4.0,37.0,0.6,0.1,0.6,2.0,1069.0,0.0,0.0,0.37885874649204865
3.0,4.0,38.0,0.6,0.1,0.6,2.0,1048.0,0.0,0.0,0.37595419847328243
3.0,4.0,39.0,0.6,0.1,0.6,2.0,1048.0,0.0,0.0,0.37595419847328243
3.0,4.0,40.0,0.6,0.1,0.6,2.0,1025.0,0.0,0.0,0.3746341463414634
3.0,4.0,41.0,0.6,0.1,0.6,2.0,1001.0,0.0,0.0,0.3776223776223776
3.0,4.0,42.0,0.6,0.1,0.6,2.0,981.0,0.0,0.0,0.3781855249745158
3.0,4.0,43.0,0.6,0.1,0.6,2.0,957.0,0.0,0.0,0.3782654127481714
3.0,4.0,44.0,0.6,0.1,0.6,2.0,954.0,0.0,0.0,0.37631027253668764
3.0,4.0,45.0,0.6,0.1,0.6,2.0,951.0,0.0,0.0,0.6067297581493165
3.0,4.0,46.0,0.6,0.1,0.6,2.0,936.0,0.0,0.0,0.6111111111111112
3.0,4.0,47.0,0.6,0.1,0.6,2.0,911.0,0.0,0.0,0.610318331503842
3.0,4.0,48.0,0.6,0.1,0.6,2.0,914.0,0.0,0.0,0.611597374179431
3.0,4.0,49.0,0.6,0.1,0.6,2.0,884.0,0.0,0.0,0.6074660633484162
3.0,4.0,50.0,0.6,0.1,0.6,2.0,883.0,0.0,0.0,0.6070215175537939
3.0,4.0,51.0,0.6,0.1,0.6,2.0,874.0,0.0,0.0,0.6064073226544623
3.0,4.0,52.0,0.6,0.1,0.6,2.0,865.0,0.0,0.0,0.608092485549133
3.0,5.0,1.0,0.6,0.1,0.6,2.0,862.0,0.0,0.0,0.605568445475638
3.0,5.0,2.0,0.6,0.1,0.6,2.0,847.0,0.0,0.0,0.6068476977567887
3.0,5.0,3.0,0.6,0.1,0.6,2.0,834.0,0.0,0.0,0.6091127098321343
3.0,5.0,4.0,0.6,0.1,0.6,2.0,832.0,0.0,0.0,0.609375
3.0,5.0,5.0,0.6,0.1,0.6,2.0,827.0,0.0,0.0,0.6106408706166868
3.0,5.0,6.0,0.6,0.1,0.6,2.0,821.0,0.0,0.0,0.6138855054811205
3.0,5.0,7.0,0.6,0.1,0.6,2.0,805.0,0.0,0.0,0.6099378881987577
3.0,5.0,8.0,0.6,0.1,0.6,2.0,799.0,0.0,0.0,0.6145181476846058
3.0,5.0,9.0,0.6,0.1,0.6,2.0,788.0,0.0,0.0,0.6129441624365483
3.0,5.0,10.0,0.6,0.1,0.6,2.0,773.0,0.0,0.0,0.6144890038809832
3.0,5.0,11.0,0.6,0.1,0.6,2.0,770.0,0.0,0.0,0.612987012987013
3.0,5.0,12.0,0.6,0.1,0.6,2.0,769.0,0.0,0.0,0.6150845253576073
3.0,5.0,13.0,0.6,0.1,0.6,2.0,768.0,0.0,0.0,0.6145833333333334
3.0,5.0,14.0,0.6,0.1,0.6,2.0,762.0,0.0,0.0,0.6128608923884514
3.0,5.0,15.0,0.6,0.1,0.6,2.0,760.0,0.0,0.0,0.6118421052631579
3.0,5.0,16.0,0.6,0.1,0.6,2.0,759.0,0.0,0.0,0.613965744400527
3.0,5.0,17.0,0.6,0.1,0.6,2.0,756.0,0.0,0.0,0.6111111111111112
3.0,5.0,18.0,0.6,0.1,0.6,2.0,754.0,0.0,0.0,0.6127320954907162
3.0,5.0,19.0,0.6,0.1,0.6,2.0,753.0,0.0,0.0,0.6108897742363878
3.0,5.0,20.0,0.6,0.1,0.6,2.0,1359.0,0.0,0.0,0.329654157468727
3.0,5.0,21.0,0.6,0.1,0.6,2.0,1333.0,0.0,0.0,0.33308327081770445
3.0,5.0,22.0,0.6,0.1,0.6,2.0,1284.0,0.0,0.0,0.3341121495327103
3.0,5.0,23.0,0.6,0.1,0.6,2.0,1253.0,0.0,0.0,0.3343974461292897
3.0,5.0,24.0,0.6,0.1,0.6,2.0,1173.0,0.0,0.0,0.340153452685422
3.0,5.0,25.0,0.6,0.1,0.6,2.0,1123.0,0.0,0.0,0.346393588601959
3.0,5.0,26.0,0.6,0.1,0.6,2.0,1089.0,0.0,0.0,0.34710743801652894
3.0,5.0,27.0,0.6,0.1,0.6,2.0,1096.0,0.0,0.0,0.3467153284671533
3.0,5.0,28.0,0.6,0.1,0.6,2.0,1078.0,0.0,0.0,0.3460111317254174
3.0,5.0,29.0,0.6,0.1,0.6,2.0,1063.0,0.0,0.0,0.35183443085606775
3.0,5.0,30.0,0.6,0.1,0.6,2.0,1042.0,0.0,0.0,0.3531669865642994
3.0,5.0,31.0,0.6,0.1,0.6,2.0,999.0,0.0,0.0,0.36036036036036034
3.0,5.0,32.0,0.6,0.1,0.6,2.0,961.0,0.0,0.0,0.3631633714880333
3.0,5.0,33.0,0.6,0.1,0.6,2.0,932.0,0.0,0.0,0.37124463519313305
3.0,5.0,34.0,0.6,0.1,0.6,2.0,927.0,0.0,0.0,0.36785329018338725
3.0,5.0,35.0,0.6,0.1,0.6,2.0,917.0,0.0,0.0,0.3751363140676118
3.0,5.0,36.0,0.6,0.1,0.6,2.0,886.0,0.0,0.0,0.3747178329571106
3.0,5.0,37.0,0.6,0.1,0.6,2.0,877.0,0.0,0.0,0.3774230330672748
3.0,5.0,38.0,0.6,0.1,0.6,2.0,869.0,0.0,0.0,0.37284234752589185
3.0,5.0,39.0,0.6,0.1,0.6,2.0,853.0,0.0,0.0,0.37631887456037516
3.0,5.0,40.0,0.6,0.1,0.6,2.0,851.0,0.0,0.0,0.3689776733254994
3.0,5.0,41.0,0.6,0.1,0.6,2.0,834.0,0.0,0.0,0.3764988009592326
3.0,5.0,42.0,0.6,0.1,0.6,2.0,834.0,0.0,0.0,0.37050359712230213
3.0,5.0,43.0,0.6,0.1,0.6,2.0,822.0,0.0,0.0,0.36982968369829683
3.0,5.0,44.0,0.6,0.1,0.6,2.0,816.0,0.0,0.0,0.36519607843137253
3.0,5.0,45.0,0.6,0.1,0.6,2.0,816.0,0.0,0.0,0.6384803921568627
3.0,5.0,46.0,0.6,0.1,0.6,2.0,810.0,0.0,0.0,0.6370370370370371
3.0,5.0,47.0,0.6,0.1,0.6,2.0,791.0,0.0,0.0,0.6434892541087232
3.0,5.0,48.0,0.6,0.1,0.6,2.0,786.0,0.0,0.0,0.6399491094147582
3.0,5.0,49.0,0.6,0.1,0.6,2.0,773.0,0.0,0.0,0.6455368693402329
3.0,5.0,50.0,0.6,0.1,0.6,2.0,768.0,0.0,0.0,0.6432291666666666
3.0,5.0,51.0,0.6,0.1,0.6,2.0,771.0,0.0,0.0,0.6446173800259404
3.0,5.0,52.0,0.6,0.1,0.6,2.0,754.0,0.0,0.0,0.6445623342175066
3.0,6.0,1.0,0.6,0.1,0.6,2.0,758.0,0.0,0.0,0.6451187335092349
3.0,6.0,2.0,0.6,0.1,0.6,2.0,752.0,0.0,0.0,0.6436170212765957
3.0,6.0,3.0,0.6,0.1,0.6,2.0,756.0,0.0,0.0,0.6441798941798942
3.0,6.0,4.0,0.6,0.1,0.6,2.0,751.0,0.0,0.0,0.6431424766977364
3.0,6.0,5.0,0.6,0.1,0.6,2.0,754.0,0.0,0.0,0.6432360742705571
3.0,6.0,6.0,0.6,0.1,0.6,2.0,744.0,0.0,0.0,0.6438172043010753
3.0,6.0,7.0,0.6,0.1,0.6,2.0,733.0,0.0,0.0,0.6439290586630286
3.0,6.0,8.0,0.6,0.1,0.6,2.0,727.0,0.0,0.0,0.6423658872077029
3.0,6.0,9.0,0.6,0.1,0.6,2.0,727.0,0.0,0.0,0.6451169188445667
3.0,6.0,10.0,0.6,0.1,0.6,2.0,723.0,0.0,0.0,0.6445366528354081
3.0,6.0,11.0,0.6,0.1,0.6,2.0,722.0,0.0,0.0,0.6481994459833795
3.0,6.0,12.0,0.6,0.1,0.6,2.0,717.0,0.0,0.0,0.6457461645746164
3.0,6.0,13.0,0.6,0.1,0.6,2.0,720.0,0.0,0.0,0.6472222222222223
3.0,6.0,14.0,0.6,0.1,0.6,2.0,717.0,0.0,0.0,0.6457461645746164
3.0,6.0,15.0,0.6,0.1,0.6,2.0,717.0,0.0,0.0,0.6457461645746164
3.0,6.0,16.0,0.6,0.1,0.6,2.0,714.0,0.0,0.0,0.6456582633053222
3.0,6.0,17.0,0.6,0.1,0.6,2.0,688.0,0.0,0.0,0.6497093023255814
3.0,6.0,18.0,0.6,0.1,0.6,2.0,685.0,0.0,0.0,0.6525547445255474
3.0,6.0,19.0,0.6,0.1,0.6,2.0,687.0,0.0,0.0,0.6521106259097526
3.0,6.0,20.0,0.6,0.1,0.6,2.0,1284.0,0.0,0.0,0.34813084112149534
3.0,6.0,21.0,0.6,0.1,0.6,2.0,1259.0,0.0,0.0,0.34789515488482925
3.0,6.0,22.0,0.6,0.1,0.6,2.0,1257.0,0.0,0.0,0.34685759745425615
3.0,6.0,23.0,0.6,0.1,0.6,2.0,1213.0,0.0,0.0,0.34872217642209397
3.0,6.0,24.0,0.6,0.1,0.6,2.0,1181.0,0.0,0.0,0.3505503810330229
3.0,6.0,25.0,0.6,0.1,0.6,2.0,1170.0,0.0,0.0,0.3487179487179487
3.0,6.0,26.0,0.6,0.1,0.6,2.0,1133.0,0.0,0.0,0.353045013239188
3.0,6.0,27.0,0.6,0.1,0.6,2.0,1104.0,0.0,0.0,0.35507246376811596
3.0,6.0,28.0,0.6,0.1,0.6,2.0,1099.0,0.0,0.0,0.353958143767061
3.0,6.0,29.0,0.6,0.1,0.6,2.0,1049.0,0.0,0.0,0.35843660629170637
3.0,6.0,30.0,0.6,0.1,0.6,2.0,1060.0,0.0,0.0,0.35471698113207545
3.0,6.0,31.0,0.6,0.1,0.6,2.0,1050.0,0.0,0.0,0.35714285714285715
3.0,6.0,32.0,0.6,0.1,0.6,2.0,1031.0,0.0,0.0,0.3559650824442289
3.0,6.0,33.0,0.6,0.1,0.6,2.0,1043.0,0.0,0.0,0.35570469798657717
3.0,6.0,34.0,0.6,0.1,0.6,2.0,1031.0,0.0,0.0,0.35499515033947626
3.0,6.0,35.0,0.6,0.1,0.6,2.0,1005.0,0.0,0.0,0.3572139303482587
3.0,6.0,36.0,0.6,0.1,0.6,2.0,994.0,0.0,0.0,0.3591549295774648
3.0,6.0,37.0,0.6,0.1,0.6,2.0,970.0,0.0,0.0,0.3556701030927835
3.0,6.0,38.0,0.6,0.1,0.6,2.0,949.0,0.0,0.0,0.36037934668071653
3.0,6.0,39.0,0.6,0.1,0.6,2.0,908.0,0.0,0.0,0.355726872246696
3.0,6.0,40.0,0.6,0.1,0.6,2.0,897.0,0.0,0.0,0.3600891861761427
3.0,6.0,41.0,0.6,0.1,0.6,2.0,903.0,0.0,0.0,0.35658914728682173
3.0,6.0,42.0,0.6,0.1,0.6,2.0,890.0,0.0,0.0,0.36179775280898874
3.0,6.0,43.0,0.6,0.1,0.6,2.0,891.0,0.0,0.0,0.35802469135802467
3.0,6.0,44.0,0.6,0.1,0.6,2.0,870.0,0.0,0.0,0.3632183908045977
3.0,6.0,45.0,0.6,0.1,0.6,2.0,849.0,0.0,0.0,0.6160188457008245
3.0,6.0,46.0,0.6,0.1,0.6,2.0,813.0,0.0,0.0,0.6199261992619927
3.0,6.0,47.0,0.6,0.1,0.6,2.0,819.0,0.0,0.0,0.6166056166056166
3.0,6.0,48.0,0.6,0.1,0.6,2.0,792.0,0.0,0.0,0.6186868686868687
3.0,6.0,49.0,0.6,0.1,0.6,2.0,785.0,0.0,0.0,0.6165605095541401
3.0,6.0,50.0,0.6,0.1,0.6,2.0,771.0,0.0,0.0,0.6160830090791181
3.0,6.0,51.0,0.6,0.1,0.6,2.0,765.0,0.0,0.0,0.6196078431372549
3.0,6.0,52.0,0.6,0.1,0.6,2.0,753.0,0.0,0.0,0.6201859229747676
3.0,7.0,1.0,0.6,0.1,0.6,2.0,753.0,0.0,0.0,0.6188579017264276
3.0,7.0,2.0,0.6,0.1,0.6,2.0,752.0,0.0,0.0,0.6196808510638298
3.0,7.0,3.0,0.6,0.1,0.6,2.0,737.0,0.0,0.0,0.6173677069199457
3.0,7.0,4.0,0.6,0.1,0.6,2.0,735.0,0.0,0.0,0.617687074829932
3.0,7.0,5.0,0.6,0.1,0.6,2.0,732.0,0.0,0.0,0.6161202185792349
3.0,7.0,6.0,0.6,0.1,0.6,2.0,732.0,0.0,0.0,0.6174863387978142
3.0,7.0,7.0,0.6,0.1,0.6,2.0,730.0,0.0,0.0,0.6164383561643836
3.0,7.0,8.0,0.6,0.1,0.6,2.0,727.0,0.0,0.0,0.6189821182943603
3.0,7.0,9.0,0.6,0.1,0.6,2.0,726.0,0.0,0.0,0.6184573002754821
3.0,7.0,10.0,0.6,0.1,0.6,2.0,722.0,0.0,0.0,0.6204986149584487
3.0,7.0,11.0,0.6,0.1,0.6,2.0,723.0,0.0,0.0,0.6210235131396957
3.0,7.0,12.0,0.6,0.1,0.6,2.0,722.0,0.0,0.0,0.6204986149584487
3.0,7.0,13.0,0.6,0.1,0.6,2.0,723.0,0.0,0.0,0.6210235131396957
3.0,7.0,14.0,0.6,0.1,0.6,2.0,721.0,0.0,0.0,0.6213592233009708
3.0,7.0,15.0,0.6,0.1,0.6,2.0,720.0,0.0,0.0,0.6208333333333333
3.0,7.0,16.0,0.6,0.1,0.6,2.0,717.0,0.0,0.0,0.6220362622036262
3.0,7.0,17.0,0.6,0.1,0.6,2.0,719.0,0.0,0.0,0.6230876216968011
3.0,7.0,18.0,0.6,0.1,0.6,2.0,716.0,0.0,0.0,0.6215083798882681
3.0,7.0,19.0,0.6,0.1,0.6,2.0,717.0,0.0,0.0,0.6220362622036262
3.0,7.0,20.0,0.6,0.1,0.6,2.0,1345.0,0.0,0.0,0.33011152416356876
3.0,7.0,21.0,0.6,0.1,0.6,2.0,1334.0,0.0,0.0,0.3313343328335832
3.0,7.0,22.0,0.6,0.1,0.6,2.0,1276.0,0.0,0.0,0.3322884012539185
3.0,7.0,23.0,0.6,0.1,0.6,2.0,1240.0,0.0,0.0,0.3346774193548387
3.0,7.0,24.0,0.6,0.1,0.6,2.0,1200.0,0.0,0.0,0.335
3.0,7.0,25.0,0.6,0.1,0.6,2.0,1176.0,0.0,0.0,0.3401360544217687
3.0,7.0,26.0,0.6,0.1,0.6,2.0,1123.0,0.0,0.0,0.3392698130008905
3.0,7.0,27.0,0.6,0.1,0.6,2.0,1097.0,0.0,0.0,0.3463992707383774
3.0,7.0,28.0,0.6,0.1,0.6,2.0,1067.0,0.0,0.0,0.344892221180881
3.0,7.0,29.0,0.6,0.1,0.6,2.0,1005.0,0.0,0.0,0.3522388059701492
3.0,7.0,30.0,0.6,0.1,0.6,2.0,985.0,0.0,0.0,0.3553299492385787
3.0,7.0,31.0,0.6,0.1,0.6,2.0,968.0,0.0,0.0,0.3584710743801653
3.0,7.0,32.0,0.6,0.1,0.6,2.0,957.0,0.0,0.0,0.35841170323928945
3.0,7.0,33.0,0.6,0.1,0.6,2.0,952.0,0.0,0.0,0.3592436974789916
3.0,7.0,34.0,0.6,0.1,0.6,2.0,943.0,0.0,0.0,0.35949098621421
3.0,7.0,35.0,0.6,0.1,0.6,2.0,940.0,0.0,0.0,0.3595744680851064
3.0,7.0,36.0,0.6,0.1,0.6,2.0,905.0,0.0,0.0,0.3624309392265193
3.0,7.0,37.0,0.6,0.1,0.6,2.0,903.0,0.0,0.0,0.36323366555924697
3.0,7.0,38.0,0.6,0.1,0.6,2.0,904.0,0.0,0.0,0.36172566371681414
3.0,7.0,39.0,0.6,0.1,0.6,2.0,882.0,0.0,0.0,0.36054421768707484
3.0,7.0,40.0,0.6,0.1,0.6,2.0,887.0,0.0,0.0,0.35851183765501693
3.0,7.0,41.0,0.6,0.1,0.6,2.0,876.0,0.0,0.0,0.3607305936073059
3.0,7.0,42.0,0.6,0.1,0.6,2.0,864.0,0.0,0.0,0.3587962962962963
3.0,7.0,43.0,0.6,0.1,0.6,2.0,858.0,0.0,0.0,0.36013986013986016
3.0,7.0,44.0,0.6,0.1,0.6,2.0,838.0,0.0,0.0,0.360381861575179
3.0,7.0,45.0,0.6,0.1,0.6,2.0,819.0,0.0,0.0,0.6190476190476191
3.0,7.0,46.0,0.6,0.1,0.6,2.0,801.0,0.0,0.0,0.6229712858926342
3.0,7.0,47.0,0.6,0.1,0.6,2.0,794.0,0.0,0.0,0.6246851385390428
3.0,7.0,48.0,0.6,0.1,0.6,2.0,797.0,0.0,0.0,0.6210790464240903
3.0,7.0,49.0,0.6,0.1,0.6,2.0,793.0,0.0,0.0,0.6242118537200504
3.0,7.0,50.0,0.6,0.1,0.6,2.0,796.0,0.0,0.0,0.6206030150753769
3.0,7.0,51.0,0.6,0.1,0.6,2.0,792.0,0.0,0.0,0.6237373737373737
3.0,7.0,52.0,0.6,0.1,0.6,2.0,795.0,0.0,0.0,0.6213836477987421
3.0,8.0,1.0,0.6,0.1,0.6,2.0,792.0,0.0,0.0,0.6224747474747475
3.0,8.0,2.0,0.6,0.1,0.6,2.0,794.0,0.0,0.0,0.6209068010075567
3.0,8.0,3.0,0.6,0.1,0.6,2.0,789.0,0.0,0.0,0.6223067173637515
3.0,8.0,4.0,0.6,0.1,0.6,2.0,793.0,0.0,0.0,0.6204287515762925
3.0,8.0,5.0,0.6,0.1,0.6,2.0,788.0,0.0,0.0,0.6218274111675127
3.0,8.0,6.0,0.6,0.1,0.6,2.0,781.0,0.0,0.0,0.617157490396927
3.0,8.0,7.0,0.6,0.1,0.6,2.0,776.0,0.0,0.0,0.6198453608247423
3.0,8.0,8.0,0.6,0.1,0.6,2.0,767.0,0.0,0.0,0.6192959582790091
3.0,8.0,9.0,0.6,0.1,0.6,2.0,770.0,0.0,0.0,0.6220779220779221
3.0,8.0,10.0,0.6,0.1,0.6,2.0,765.0,0.0,0.0,0.6209150326797386
3.0,8.0,11.0,0.6,0.1,0.6,2.0,768.0,0.0,0.0,0.6236979166666666
3.0,8.0,12.0,0.6,0.1,0.6,2.0,750.0,0.0,0.0,0.6253333333333333
3.0,8.0,13.0,0.6,0.1,0.6,2.0,738.0,0.0,0.0,0.6327913279132791
3.0,8.0,14.0,0.6,0.1,0.6,2.0,736.0,0.0,0.0,0.6304347826086957
3.0,8.0,15.0,0.6,0.1,0.6,2.0,734.0,0.0,0.0,0.6348773841961853
3.0,8.0,16.0,0.6,0.1,0.6,2.0,711.0,0.0,0.0,0.6343178621659634
3.0,8.0,17.0,0.6,0.1,0.6,2.0,710.0,0.0,0.0,0.6394366197183099
3.0,8.0,18.0,0.6,0.1,0.6,2.0,709.0,0.0,0.0,0.6361071932299013
3.0,8.0,19.0,0.6,0.1,0.6,2.0,697.0,0.0,0.0,0.642754662840746
3.0,8.0,20.0,0.6,0.1,0.6,2.0,1306.0,0.0,0.0,0.34073506891271055
3.0,8.0,21.0,0.6,0.1,0.6,2.0,1263.0,0.0,0.0,0.34441805225653205
3.0,8.0,22.0,0.6,0.1,0.6,2.0,1246.0,0.0,0.0,0.3451043338683788
3.0,8.0,23.0,0.6,0.1,0.6,2.0,1237.0,0.0,0.0,0.35004042037186744
3.0,8.0,24.0,0.6,0.1,0.6,2.0,1185.0,0.0,0.0,0.3493670886075949
3.0,8.0,25.0,0.6,0.1,0.6,2.0,1117.0,0.0,0.0,0.35810205908683973
3.0,8.0,26.0,0.6,0.1,0.6,2.0,1126.0,0.0,0.0,0.35257548845470693
3.0,8.0,27.0,0.6,0.1,0.6,2.0,1117.0,0.0,0.0,0.35810205908683973
3.0,8.0,28.0,0.6,0.1,0.6,2.0,1079.0,0.0,0.0,0.35588507877664505
3.0,8.0,29.0,0.6,0.1,0.6,2.0,1070.0,0.0,0.0,0.3616822429906542
3.0,8.0,30.0,0.6,0.1,0.6,2.0,1065.0,0.0,0.0,0.35774647887323946
3.0,8.0,31.0,0.6,0.1,0.6,2.0,1017.0,0.0,0.0,0.36184857423795475
3.0,8.0,32.0,0.6,0.1,0.6,2.0,1026.0,0.0,0.0,0.3557504873294347
3.0,8.0,33.0,0.6,0.1,0.6,2.0,994.0,0.0,0.0,0.36519114688128773
3.0,8.0,34.0,0.6,0.1,0.6,2.0,979.0,0.0,0.0,0.3615934627170582
3.0,8.0,35.0,0.6,0.1,0.6,2.0,970.0,0.0,0.0,0.3670103092783505
3.0,8.0,36.0,0.6,0.1,0.6,2.0,979.0,0.0,0.0,0.3615934627170582
3.0,8.0,37.0,0.6,0.1,0.6,2.0,947.0,0.0,0.0,0.3727560718057022
3.0,8.0,38.0,0.6,0.1,0.6,2.0,956.0,0.0,0.0,0.36715481171548114
3.0,8.0,39.0,0.6,0.1,0.6,2.0,930.0,0.0,0.0,0.3763440860215054
3.0,8.0,40.0,0.6,0.1,0.6,2.0,928.0,0.0,0.0,0.3728448275862069
3.0,8.0,41.0,0.6,0.1,0.6,2.0,905.0,0.0,0.0,0.3812154696132597
3.0,8.0,42.0,0.6,0.1,0.6,2.0,902.0,0.0,0.0,0.37583148558758317
3.0,8.0,43.0,0.6,0.1,0.6,2.0,893.0,0.0,0.0,0.3818589025755879
3.0,8.0,44.0,0.6,0.1,0.6,2.0,902.0,0.0,0.0,0.37583148558758317
3.0,8.0,45.0,0.6,0.1,0.6,2.0,893.0,0.0,0.0,0.6259798432250839
3.0,8.0,46.0,0.6,0.1,0.6,2.0,874.0,0.0,0.0,0.6224256292906178
3.0,8.0,47.0,0.6,0.1,0.6,2.0,865.0,0.0,0.0,0.6254335260115607
3.0,8.0,48.0,0.6,0.1,0.6,2.0,874.0,0.0,0.0,0.6224256292906178
3.0,8.0,49.0,0.6,0.1,0.6,2.0,865.0,0.0,0.0,0.6254335260115607
3.0,8.0,50.0,0.6,0.1,0.6,2.0,873.0,0.0,0.0,0.6219931271477663
3.0,8.0,51.0,0.6,0.1,0.6,2.0,848.0,0.0,0.0,0.6261792452830188
3.0,8.0,52.0,0.6,0.1,0.6,2.0,856.0,0.0,0.0,0.6226635514018691
3.0,9.0,1.0,0.6,0.1,0.6,2.0,848.0,0.0,0.0,0.6261792452830188
3.0,9.0,2.0,0.6,0.1,0.6,2.0,856.0,0.0,0.0,0.6226635514018691
3.0,9.0,3.0,0.6,0.1,0.6,2.0,848.0,0.0,0.0,0.6261792452830188
3.0,9.0,4.0,0.6,0.1,0.6,2.0,856.0,0.0,0.0,0.6226635514018691
3.0,9.0,5.0,0.6,0.1,0.6,2.0,848.0,0.0,0.0,0.6261792452830188
3.0,9.0,6.0,0.6,0.1,0.6,2.0,845.0,0.0,0.0,0.6260355029585799
3.0,9.0,7.0,0.6,0.1,0.6,2.0,837.0,0.0,0.0,0.6296296296296297
3.0,9.0,8.0,0.6,0.1,0.6,2.0,841.0,0.0,0.0,0.6266349583828775
3.0,9.0,9.0,0.6,0.1,0.6,2.0,835.0,0.0,0.0,0.6311377245508982
3.0,9.0,10.0,0.6,0.1,0.6,2.0,837.0,0.0,0.0,0.6260454002389486
3.0,9.0,11.0,0.6,0.1,0.6,2.0,830.0,0.0,0.0,0.6325301204819277
3.0,9.0,12.0,0.6,0.1,0.6,2.0,831.0,0.0,0.0,0.6293622141997594
3.0,9.0,13.0,0.6,0.1,0.6,2.0,829.0,0.0,0.0,0.6332931242460796
3.0,9.0,14.0,0.6,0.1,0.6,2.0,804.0,0.0,0.0,0.6330845771144279
3.0,9.0,15.0,0.6,0.1,0.6,2.0,799.0,0.0,0.0,0.6357947434292867
3.0,9.0,16.0,0.6,0.1,0.6,2.0,799.0,0.0,0.0,0.6345431789737171
3.0,9.0,17.0,0.6,0.1,0.6,2.0,796.0,0.0,0.0,0.6381909547738693
3.0,9.0,18.0,0.6,0.1,0.6,2.0,797.0,0.0,0.0,0.6361355081555834
3.0,9.0,19.0,0.6,0.1,0.6,2.0,777.0,0.0,0.0,0.6422136422136422
3.0,9.0,20.0,0.6,0.1,0.6,2.0,1417.0,0.0,0.0,0.34086097388849684
3.0,9.0,21.0,0.6,0.1,0.6,2.0,1369.0,0.0,0.0,0.352081811541271
3.0,9.0,22.0,0.6,0.1,0.6,2.0,1349.0,0.0,0.0,0.35285396590066714
3.0,9.0,23.0,0.6,0.1,0.6,2.0,1309.0,0.0,0.0,0.36134453781512604
3.0,9.0,24.0,0.6,0.1,0.6,2.0,1265.0,0.0,0.0,0.35889328063241105
3.0,9.0,25.0,0.6,0.1,0.6,2.0,1225.0,0.0,0.0,0.3616326530612245
3.0,9.0,26.0,0.6,0.1,0.6,2.0,1218.0,0.0,0.0,0.36042692939244664
3.0,9.0,27.0,0.6,0.1,0.6,2.0,1142.0,0.0,0.0,0.36952714535901926
3.0,9.0,28.0,0.6,0.1,0.6,2.0,1141.0,0.0,0.0,0.3637160385626643
3.0,9.0,29.0,0.6,0.1,0.6,2.0,1092.0,0.0,0.0,0.37637362637362637
3.0,9.0,30.0,0.6,0.1,0.6,2.0,1073.0,0.0,0.0,0.37371854613233924
3.0,9.0,31.0,0.6,0.1,0.6,2.0,1062.0,0.0,0.0,0.3794726930320151
3.0,9.0,32.0,0.6,0.1,0.6,2.0,1061.0,0.0,0.0,0.37323279924599434
3.0,9.0,33.0,0.6,0.1,0.6,2.0,1022.0,0.0,0.0,0.3816046966731898
3.0,9.0,34.0,0.6,0.1,0.6,2.0,1011.0,0.0,0.0,0.3798219584569733
3.0,9.0,35.0,0.6,0.1,0.6,2.0,984.0,0.0,0.0,0.3871951219512195
3.0,9.0,36.0,0.6,0.1,0.6,2.0,983.0,0.0,0.0,0.38351983723296035
3.0,9.0,37.0,0.6,0.1,0.6,2.0,970.0,0.0,0.0,0.388659793814433
3.0,9.0,38.0,0.6,0.1,0.6,2.0,967.0,0.0,0.0,0.38366080661840746
3.0,9.0,39.0,0.6,0.1,0.6,2.0,955.0,0.0,0.0,0.38952879581151834
3.0,9.0,40.0,0.6,0.1,0.6,2.0,967.0,0.0,0.0,0.38366080661840746
3.0,9.0,41.0,0.6,0.1,0.6,2.0,955.0,0.0,0.0,0.38952879581151834
3.0,9.0,42.0,0.6,0.1,0.6,2.0,955.0,0.0,0.0,0.38534031413612563
3.0,9.0,43.0,0.6,0.1,0.6,2.0,943.0,0.0,0.0,0.3934252386002121
3.0,9.0,44.0,0.6,0.1,0.6,2.0,943.0,0.0,0.0,0.38918345705196183
3.0,9.0,45.0,0.6,0.1,0.6,2.0,931.0,0.0,0.0,0.6369495166487648
3.0,9.0,46.0,0.6,0.1,0.6,2.0,931.0,0.0,0.0,0.6337271750805585
3.0,9.0,47.0,0.6,0.1,0.6,2.0,919.0,0.0,0.0,0.6365614798694232
3.0,9.0,48.0,0.6,0.1,0.6,2.0,919.0,0.0,0.0,0.6332970620239391
3.0,9.0,49.0,0.6,0.1,0.6,2.0,919.0,0.0,0.0,0.6365614798694232
3.0,9.0,50.0,0.6,0.1,0.6,2.0,907.0,0.0,0.0,0.6328555678059536
3.0,9.0,51.0,0.6,0.1,0.6,2.0,907.0,0.0,0.0,0.6361631753031973
3.0,9.0,52.0,0.6,0.1,0.6,2.0,896.0,0.0,0.0,0.6283482142857143
3.0,10.0,1.0,0.6,0.1,0.6,2.0,897.0,0.0,0.0,0.6321070234113713
3.0,10.0,2.0,0.6,0.1,0.6,2.0,895.0,0.0,0.0,0.6279329608938548
3.0,10.0,3.0,0.6,0.1,0.6,2.0,895.0,0.0,0.0,0.6324022346368715
3.0,10.0,4.0,0.6,0.1,0.6,2.0,894.0,0.0,0.0,0.6286353467561522
3.0,10.0,5.0,0.6,0.1,0.6,2.0,894.0,0.0,0.0,0.6331096196868009
3.0,10.0,6.0,0.6,0.1,0.6,2.0,893.0,0.0,0.0,0.6293393057110862
3.0,10.0,7.0,0.6,0.1,0.6,2.0,893.0,0.0,0.0,0.6338185890257558
3.0,10.0,8.0,0.6,0.1,0.6,2.0,889.0,0.0,0.0,0.6310461192350956
3.0,10.0,9.0,0.6,0.1,0.6,2.0,890.0,0.0,0.0,0.6348314606741573
3.0,10.0,10.0,0.6,0.1,0.6,2.0,887.0,0.0,0.0,0.6313416009019166
3.0,10.0,11.0,0.6,0.1,0.6,2.0,890.0,0.0,0.0,0.6348314606741573
3.0,10.0,12.0,0.6,0.1,0.6,2.0,886.0,0.0,0.0,0.6320541760722348
3.0,10.0,13.0,0.6,0.1,0.6,2.0,889.0,0.0,0.0,0.6355455568053994
3.0,10.0,14.0,0.6,0.1,0.6,2.0,883.0,0.0,0.0,0.6330690826727067
3.0,10.0,15.0,0.6,0.1,0.6,2.0,886.0,0.0,0.0,0.636568848758465
3.0,10.0,16.0,0.6,0.1,0.6,2.0,880.0,0.0,0.0,0.634090909090909
3.0,10.0,17.0,0.6,0.1,0.6,2.0,883.0,0.0,0.0,0.637599093997735
3.0,10.0,18.0,0.6,0.1,0.6,2.0,880.0,0.0,0.0,0.634090909090909
3.0,10.0,19.0,0.6,0.1,0.6,2.0,870.0,0.0,0.0,0.635632183908046
3.0,10.0,20.0,0.6,0.1,0.6,2.0,1573.0,0.0,0.0,0.33884297520661155
3.0,10.0,21.0,0.6,0.1,0.6,2.0,1516.0,0.0,0.0,0.34366754617414247
3.0,10.0,22.0,0.6,0.1,0.6,2.0,1491.0,0.0,0.0,0.34339369550637155
3.0,10.0,23.0,0.6,0.1,0.6,2.0,1415.0,0.0,0.0,0.3526501766784452
3.0,10.0,24.0,0.6,0.1,0.6,2.0,1401.0,0.0,0.0,0.3468950749464668
3.0,10.0,25.0,0.6,0.1,0.6,2.0,1335.0,0.0,0.0,0.3550561797752809
3.0,10.0,26.0,0.6,0.1,0.6,2.0,1333.0,0.0,0.0,0.35108777194298574
3.0,10.0,27.0,0.6,0.1,0.6,2.0,1294.0,0.0,0.0,0.35780525502318394
3.0,10.0,28.0,0.6,0.1,0.6,2.0,1239.0,0.0,0.0,0.3583535108958838
3.0,10.0,29.0,0.6,0.1,0.6,2.0,1216.0,0.0,0.0,0.3659539473684211
3.0,10.0,30.0,0.6,0.1,0.6,2.0,1209.0,0.0,0.0,0.3631100082712986
3.0,10.0,31.0,0.6,0.1,0.6,2.0,1203.0,0.0,0.0,0.36741479634247715
3.0,10.0,32.0,0.6,0.1,0.6,2.0,1209.0,0.0,0.0,0.3631100082712986
3.0,10.0,33.0,0.6,0.1,0.6,2.0,1186.0,0.0,0.0,0.3684654300168634
3.0,10.0,34.0,0.6,0.1,0.6,2.0,1166.0,0.0,0.0,0.36792452830188677
3.0,10.0,35.0,0.6,0.1,0.6,2.0,1136.0,0.0,0.0,0.3785211267605634
3.0,10.0,36.0,0.6,0.1,0.6,2.0,1143.0,0.0,0.0,0.37445319335083116
3.0,10.0,37.0,0.6,0.1,0.6,2.0,1136.0,0.0,0.0,0.3785211267605634
3.0,10.0,38.0,0.6,0.1,0.6,2.0,1143.0,0.0,0.0,0.37445319335083116
3.0,10.0,39.0,0.6,0.1,0.6,2.0,1112.0,0.0,0.0,0.381294964028777
3.0,10.0,40.0,0.6,0.1,0.6,2.0,1093.0,0.0,0.0,0.38151875571820676
3.0,10.0,41.0,0.6,0.1,0.6,2.0,1068.0,0.0,0.0,0.38670411985018727
3.0,10.0,42.0,0.6,0.1,0.6,2.0,1075.0,0.0,0.0,0.38232558139534883
3.0,10.0,43.0,0.6,0.1,0.6,2.0,1050.0,0.0,0.0,0.38952380952380955
3.0,10.0,44.0,0.6,0.1,0.6,2.0,1038.0,0.0,0.0,0.3872832369942196
3.0,10.0,45.0,0.6,0.1,0.6,2.0,1018.0,0.0,0.0,0.6257367387033399
3.0,10.0,46.0,0.6,0.1,0.6,2.0,1025.0,0.0,0.0,0.6204878048780488
3.0,10.0,47.0,0.6,0.1,0.6,2.0,1018.0,0.0,0.0,0.6257367387033399
3.0,10.0,48.0,0.6,0.1,0.6,2.0,1025.0,0.0,0.0,0.6204878048780488
3.0,10.0,49.0,0.6,0.1,0.6,2.0,1018.0,0.0,0.0,0.6257367387033399
3.0,10.0,50.0,0.6,0.1,0.6,2.0,999.0,0.0,0.0,0.6226226226226226
3.0,10.0,51.0,0.6,0.1,0.6,2.0,1004.0,0.0,0.0,0.6254980079681275
3.0,10.0,52.0,0.6,0.1,0.6,2.0,995.0,0.0,0.0,0.6241206030150753
4.0,1.0,1.0,0.6,0.1,0.6,2.0,5167.0,52.0,6.0,0.6061544416489258
4.0,1.0,2.0,0.6,0.1,0.6,2.0,5103.0,51.0,18.0,0.6063100137174211
4.0,1.0,3.0,0.6,0.1,0.6,2.0,4980.0,58.0,35.0,0.6060240963855422
4.0,1.0,4.0,0.6,0.1,0.6,2.0,4941.0,68.0,34.0,0.6083788706739527
4.0,1.0,5.0,0.6,0.1,0.6,2.0,5005.0,71.0,33.0,0.6127872127872128
4.0,1.0,6.0,0.6,0.1,0.6,2.0,4880.0,70.0,26.0,0.6135245901639345
4.0,1.0,7.0,0.6,0.1,0.6,2.0,4696.0,79.0,28.0,0.6117972742759795
4.0,1.0,8.0,0.6,0.1,0.6,2.0,4565.0,81.0,30.0,0.6138006571741511
4.0,1.0,9.0,0.6,0.1,0.6,2.0,4429.0,75.0,34.0,0.6134567622488146
4.0,1.0,10.0,0.6,0.1,0.6,2.0,4352.0,90.0,49.0,0.6144301470588235
4.0,1.0,11.0,0.6,0.1,0.6,2.0,4234.0,86.0,47.0,0.6162021728861596
4.0,1.0,12.0,0.6,0.1,0.6,2.0,4104.0,89.0,44.0,0.6201267056530214
4.0,1.0,13.0,0.6,0.1,0.6,2.0,3990.0,83.0,31.0,0.6233082706766917
4.0,1.0,14.0,0.6,0.1,0.6,2.0,3858.0,78.0,35.0,0.626490409538621
4.0,1.0,15.0,0.6,0.1,0.6,2.0,3734.0,76.0,36.0,0.62747723620782
4.0,1.0,16.0,0.6,0.1,0.6,2.0,3694.0,79.0,39.0,0.6293990254466703
4.0,1.0,17.0,0.6,0.1,0.6,2.0,3593.0,66.0,35.0,0.6331756192596716
4.0,1.0,18.0,0.6,0.1,0.6,2.0,3522.0,60.0,34.0,0.6345826235093697
4.0,1.0,19.0,0.6,0.1,0.6,2.0,3486.0,62.0,31.0,0.6365461847389559
4.0,1.0,20.0,0.6,0.1,0.6,2.0,6532.0,53.0,26.0,0.3348132271892223
4.0,1.0,21.0,0.6,0.1,0.6,2.0,5952.0,64.0,24.0,0.3385416666666667
4.0,1.0,22.0,0.6,0.1,0.6,2.0,5659.0,78.0,23.0,0.33998939742003886
4.0,1.0,23.0,0.6,0.1,0.6,2.0,5536.0,93.0,35.0,0.34104046242774566
4.0,1.0,24.0,0.6,0.1,0.6,2.0,5270.0,103.0,35.0,0.3461100569259962
4.0,1.0,25.0,0.6,0.1,0.6,2.0,5045.0,113.0,41.0,0.3482656095143707
4.0,1.0,26.0,0.6,0.1,0.6,2.0,4827.0,111.0,42.0,0.3501139424072923
4.0,1.0,27.0,0.6,0.1,0.6,2.0,4595.0,116.0,42.0,0.35538628944504896
4.0,1.0,28.0,0.6,0.1,0.6,2.0,4425.0,141.0,54.0,0.35638418079096046
4.0,1.0,29.0,0.6,0.1,0.6,2.0,4191.0,149.0,61.0,0.3598186590312575
4.0,1.0,30.0,0.6,0.1,0.6,2.0,4088.0,150.0,62.0,0.362279843444227
4.0,1.0,31.0,0.6,0.1,0.6,2.0,3907.0,160.0,68.0,0.36370616841566417
4.0,1.0,32.0,0.6,0.1,0.6,2.0,3819.0,175.0,73.0,0.36684996072270226
4.0,1.0,33.0,0.6,0.1,0.6,2.0,3742.0,186.0,85.0,0.36878674505611975
4.0,1.0,34.0,0.6,0.1,0.6,2.0,3689.0,203.0,88.0,0.3705611276768772
4.0,1.0,35.0,0.6,0.1,0.6,2.0,3574.0,211.0,90.0,0.37604924454392835
4.0,1.0,36.0,0.6,0.1,0.6,2.0,3461.0,200.0,87.0,0.3779254550707888
4.0,1.0,37.0,0.6,0.1,0.6,2.0,3331.0,190.0,96.0,0.38246772740918644
4.0,1.0,38.0,0.6,0.1,0.6,2.0,3226.0,179.0,83.0,0.38871667699938006
4.0,1.0,39.0,0.6,0.1,0.6,2.0,3114.0,181.0,81.0,0.39338471419396276
4.0,1.0,40.0,0.6,0.1,0.6,2.0,2963.0,160.0,80.0,0.39790752615592306
4.0,1.0,41.0,0.6,0.1,0.6,2.0,2846.0,162.0,74.0,0.40302178496134927
4.0,1.0,42.0,0.6,0.1,0.6,2.0,2731.0,157.0,79.0,0.411570853167338
4.0,1.0,43.0,0.6,0.1,0.6,2.0,2682.0,158.0,67.0,0.4161073825503356
4.0,1.0,44.0,0.6,0.1,0.6,2.0,2563.0,144.0,71.0,0.425673039406945
4.0,1.0,45.0,0.6,0.1,0.6,2.0,2515.0,138.0,74.0,0.6600397614314115
4.0,1.0,46.0,0.6,0.1,0.6,2.0,2410.0,125.0,73.0,0.6659751037344398
4.0,1.0,47.0,0.6,0.1,0.6,2.0,2271.0,105.0,63.0,0.6728313518273888
4.0,1.0,48.0,0.6,0.1,0.6,2.0,2158.0,85.0,47.0,0.6788693234476367
4.0,1.0,49.0,0.6,0.1,0.6,2.0,2086.0,71.0,39.0,0.6836049856184084
4.0,1.0,50.0,0.6,0.1,0.6,2.0,2058.0,62.0,38.0,0.685617103984451
4.0,1.0,51.0,0.6,0.1,0.6,2.0,2013.0,51.0,36.0,0.6870342771982116
4.0,1.0,52.0,0.6,0.1,0.6,2.0,1980.0,52.0,33.0,0.6878787878787879
4.0,2.0,1.0,0.6,0.1,0.6,2.0,1906.0,42.0,21.0,0.6888772298006296
4.0,2.0,2.0,0.6,0.1,0.6,2.0,1893.0,35.0,16.0,0.693608029582673
4.0,2.0,3.0,0.6,0.1,0.6,2.0,1847.0,29.0,13.0,0.6940985381700054
4.0,2.0,4.0,0.6,0.1,0.6,2.0,1825.0,25.0,10.0,0.6936986301369863
4.0,2.0,5.0,0.6,0.1,0.6,2.0,1794.0,21.0,12.0,0.6939799331103679
4.0,2.0,6.0,0.6,0.1,0.6,2.0,1786.0,23.0,14.0,0.696528555431131
4.0,2.0,7.0,0.6,0.1,0.6,2.0,1773.0,22.0,11.0,0.6982515510434292
4.0,2.0,8.0,0.6,0.1,0.6,2.0,1746.0,17.0,9.0,0.7004581901489118
4.0,2.0,9.0,0.6,0.1,0.6,2.0,1726.0,12.0,6.0,0.7033603707995365
4.0,2.0,10.0,0.6,0.1,0.6,2.0,1718.0,13.0,10.0,0.7043073341094296
4.0,2.0,11.0,0.6,0.1,0.6,2.0,1692.0,14.0,9.0,0.7056737588652482
4.0,2.0,12.0,0.6,0.1,0.6,2.0,1682.0,14.0,9.0,0.7074910820451843
4.0,2.0,13.0,0.6,0.1,0.6,2.0,1650.0,10.0,5.0,0.7078787878787879
4.0,2.0,14.0,0.6,0.1,0.6,2.0,1651.0,8.0,5.0,0.709267110841914
4.0,2.0,15.0,0.6,0.1,0.6,2.0,1619.0,6.0,3.0,0.7096973440395306
4.0,2.0,16.0,0.6,0.1,0.6,2.0,1612.0,6.0,3.0,0.7084367245657568
4.0,2.0,17.0,0.6,0.1,0.6,2.0,1596.0,4.0,3.0,0.7098997493734336
4.0,2.0,18.0,0.6,0.1,0.6,2.0,1591.0,8.0,4.0,0.7089880578252671
4.0,2.0,19.0,0.6,0.1,0.6,2.0,1573.0,7.0,3.0,0.7126509853782581
4.0,2.0,20.0,0.6,0.1,0.6,2.0,2893.0,5.0,2.0,0.38230210853784996
4.0,2.0,21.0,0.6,0.1,0.6,2.0,2750.0,5.0,3.0,0.37927272727272726
4.0,2.0,22.0,0.6,0.1,0.6,2.0,2620.0,6.0,5.0,0.3851145038167939
4.0,2.0,23.0,0.6,0.1,0.6,2.0,2577.0,7.0,4.0,0.38494373302289486
4.0,2.0,24.0,0.6,0.1,0.6,2.0,2532.0,9.0,2.0,0.3862559241706161
4.0,2.0,25.0,0.6,0.1,0.6,2.0,2472.0,9.0,2.0,0.38794498381877024
4.0,2.0,26.0,0.6,0.1,0.6,2.0,2387.0,9.0,5.0,0.38751571009635527
4.0,2.0,27.0,0.6,0.1,0.6,2.0,2333.0,11.0,5.0,0.3896270895842263
4.0,2.0,28.0,0.6,0.1,0.6,2.0,2296.0,9.0,3.0,0.3906794425087108
4.0,2.0,29.0,0.6,0.1,0.6,2.0,2263.0,11.0,2.0,0.38886433937251436
4.0,2.0,30.0,0.6,0.1,0.6,2.0,2222.0,12.0,4.0,0.3892889288928893
4.0,2.0,31.0,0.6,0.1,0.6,2.0,2207.0,12.0,5.0,0.39057544177616677
4.0,2.0,32.0,0.6,0.1,0.6,2.0,2147.0,14.0,7.0,0.391709361900326
4.0,2.0,33.0,0.6,0.1,0.6,2.0,2108.0,15.0,8.0,0.3946869070208729
4.0,2.0,34.0,0.6,0.1,0.6,2.0,2070.0,17.0,6.0,0.3922705314009662
4.0,2.0,35.0,0.6,0.1,0.6,2.0,2029.0,25.0,7.0,0.3913257762444554
4.0,2.0,36.0,0.6,0.1,0.6,2.0,2007.0,33.0,6.0,0.3901345291479821
4.0,2.0,37.0,0.6,0.1,0.6,2.0,1953.0,28.0,7.0,0.3901689708141321
4.0,2.0,38.0,0.6,0.1,0.6,2.0,1902.0,26.0,9.0,0.39274447949526814
4.0,2.0,39.0,0.6,0.1,0.6,2.0,1855.0,30.0,13.0,0.39191374663072776
4.0,2.0,40.0,0.6,0.1,0.6,2.0,1805.0,34.0,15.0,0.3939058171745152
4.0,2.0,41.0,0.6,0.1,0.6,2.0,1763.0,38.0,14.0,0.39307997731140104
4.0,2.0,42.0,0.6,0.1,0.6,2.0,1714.0,42.0,21.0,0.396732788798133
4.0,2.0,43.0,0.6,0.1,0.6,2.0,1682.0,46.0,22.0,0.39536266349583826
4.0,2.0,44.0,0.6,0.1,0.6,2.0,1631.0,47.0,22.0,0.39975475168608215
4.0,2.0,45.0,0.6,0.1,0.6,2.0,1568.0,42.0,16.0,0.642219387755102
4.0,2.0,46.0,0.6,0.1,0.6,2.0,1543.0,40.0,19.0,0.6403110823071938
4.0,2.0,47.0,0.6,0.1,0.6,2.0,1465.0,35.0,16.0,0.6450511945392492
4.0,2.0,48.0,0.6,0.1,0.6,2.0,1417.0,23.0,13.0,0.6457304163726182
4.0,2.0,49.0,0.6,0.1,0.6,2.0,1383.0,17.0,9.0,0.6442516268980477
4.0,2.0,50.0,0.6,0.1,0.6,2.0,1373.0,18.0,10.0,0.6445739257101238
4.0,2.0,51.0,0.6,0.1,0.6,2.0,1352.0,13.0,9.0,0.6442307692307693
4.0,2.0,52.0,0.6,0.1,0.6,2.0,1352.0,14.0,8.0,0.6457100591715976
4.0,3.0,1.0,0.6,0.1,0.6,2.0,1333.0,11.0,7.0,0.6474118529632408
4.0,3.0,2.0,0.6,0.1,0.6,2.0,1329.0,10.0,3.0,0.6486079759217457
4.0,3.0,3.0,0.6,0.1,0.6,2.0,1305.0,8.0,4.0,0.6467432950191571
4.0,3.0,4.0,0.6,0.1,0.6,2.0,1309.0,7.0,3.0,0.6485867074102368
4.0,3.0,5.0,0.6,0.1,0.6,2.0,1295.0,7.0,3.0,0.6478764478764478
4.0,3.0,6.0,0.6,0.1,0.6,2.0,1295.0,7.0,1.0,0.6471042471042471
4.0,3.0,7.0,0.6,0.1,0.6,2.0,1266.0,6.0,1.0,0.6461295418641391
4.0,3.0,8.0,0.6,0.1,0.6,2.0,1251.0,6.0,3.0,0.6442845723421263
4.0,3.0,9.0,0.6,0.1,0.6,2.0,1230.0,7.0,5.0,0.6439024390243903
4.0,3.0,10.0,0.6,0.1,0.6,2.0,1211.0,6.0,4.0,0.6424442609413707
4.0,3.0,11.0,0.6,0.1,0.6,2.0,1194.0,6.0,2.0,0.644891122278057
4.0,3.0,12.0,0.6,0.1,0.6,2.0,1183.0,5.0,0.0,0.6475063398140322
4.0,3.0,13.0,0.6,0.1,0.6,2.0,1165.0,5.0,0.0,0.6454935622317597
4.0,3.0,14.0,0.6,0.1,0.6,2.0,1155.0,5.0,2.0,0.6467532467532467
4.0,3.0,15.0,0.6,0.1,0.6,2.0,1142.0,6.0,3.0,0.6444833625218914
4.0,3.0,16.0,0.6,0.1,0.6,2.0,1115.0,7.0,4.0,0.6439461883408072
4.0,3.0,17.0,0.6,0.1,0.6,2.0,1096.0,8.0,2.0,0.6405109489051095
4.0,3.0,18.0,0.6,0.1,0.6,2.0,1076.0,9.0,2.0,0.6403345724907064
4.0,3.0,19.0,0.6,0.1,0.6,2.0,1073.0,10.0,6.0,0.6393289841565704
4.0,3.0,20.0,0.6,0.1,0.6,2.0,2025.0,10.0,8.0,0.3362962962962963
4.0,3.0,21.0,0.6,0.1,0.6,2.0,1897.0,20.0,8.0,0.3426462836056932
4.0,3.0,22.0,0.6,0.1,0.6,2.0,1835.0,21.0,6.0,0.3460490463215259
4.0,3.0,23.0,0.6,0.1,0.6,2.0,1792.0,23.0,8.0,0.34765625
4.0,3.0,24.0,0.6,0.1,0.6,2.0,1771.0,28.0,9.0,0.35177865612648224
4.0,3.0,25.0,0.6,0.1,0.6,2.0,1732.0,34.0,12.0,0.35219399538106233
4.0,3.0,26.0,0.6,0.1,0.6,2.0,1710.0,36.0,12.0,0.3543859649122807
4.0,3.0,27.0,0.6,0.1,0.6,2.0,1641.0,46.0,19.0,0.360146252285192
4.0,3.0,28.0,0.6,0.1,0.6,2.0,1592.0,59.0,22.0,0.36432160804020103
4.0,3.0,29.0,0.6,0.1,0.6,2.0,1545.0,54.0,26.0,0.3656957928802589
4.0,3.0,30.0,0.6,0.1,0.6,2.0,1501.0,62.0,27.0,0.3690872751499001
4.0,3.0,31.0,0.6,0.1,0.6,2.0,1474.0,65.0,26.0,0.36702849389416553
4.0,3.0,32.0,0.6,0.1,0.6,2.0,1440.0,59.0,26.0,0.37222222222222223
4.0,3.0,33.0,0.6,0.1,0.6,2.0,1358.0,48.0,22.0,0.37334315169366716
4.0,3.0,34.0,0.6,0.1,0.6,2.0,1348.0,56.0,24.0,0.37611275964391694
4.0,3.0,35.0,0.6,0.1,0.6,2.0,1275.0,45.0,23.0,0.3819607843137255
4.0,3.0,36.0,0.6,0.1,0.6,2.0,1257.0,39.0,19.0,0.3858392999204455
4.0,3.0,37.0,0.6,0.1,0.6,2.0,1245.0,40.0,17.0,0.38473895582329315
4.0,3.0,38.0,0.6,0.1,0.6,2.0,1191.0,33.0,10.0,0.38706968933669184
4.0,3.0,39.0,0.6,0.1,0.6,2.0,1162.0,36.0,13.0,0.38812392426850256
4.0,3.0,40.0,0.6,0.1,0.6,2.0,1139.0,36.0,18.0,0.3915715539947322
4.0,3.0,41.0,0.6,0.1,0.6,2.0,1129.0,42.0,27.0,0.38972542072630645
4.0,3.0,42.0,0.6,0.1,0.6,2.0,1117.0,42.0,22.0,0.39212175470008953
4.0,3.0,43.0,0.6,0.1,0.6,2.0,1079.0,37.0,19.0,0.3994439295644115
4.0,3.0,44.0,0.6,0.1,0.6,2.0,1078.0,33.0,16.0,0.40538033395176254
4.0,3.0,45.0,0.6,0.1,0.6,2.0,1066.0,32.0,14.0,0.6425891181988743
4.0,3.0,46.0,0.6,0.1,0.6,2.0,1068.0,30.0,14.0,0.6441947565543071
4.0,3.0,47.0,0.6,0.1,0.6,2.0,1046.0,26.0,13.0,0.6443594646271511
4.0,3.0,48.0,0.6,0.1,0.6,2.0,1052.0,26.0,15.0,0.6454372623574145
4.0,3.0,49.0,0.6,0.1,0.6,2.0,1024.0,25.0,15.0,0.6484375
4.0,3.0,50.0,0.6,0.1,0.6,2.0,1013.0,23.0,11.0,0.6525172754195459
4.0,3.0,51.0,0.6,0.1,0.6,2.0,994.0,20.0,10.0,0.6539235412474849
4.0,3.0,52.0,0.6,0.1,0.6,2.0,975.0,16.0,8.0,0.6605128205128206
4.0,4.0,1.0,0.6,0.1,0.6,2.0,958.0,16.0,9.0,0.6565762004175365
4.0,4.0,2.0,0.6,0.1,0.6,2.0,960.0,13.0,7.0,0.6604166666666667
4.0,4.0,3.0,0.6,0.1,0.6,2.0,945.0,11.0,9.0,0.6592592592592592
4.0,4.0,4.0,0.6,0.1,0.6,2.0,947.0,9.0,6.0,0.6631467793030623
4.0,4.0,5.0,0.6,0.1,0.6,2.0,924.0,10.0,5.0,0.6601731601731602
4.0,4.0,6.0,0.6,0.1,0.6,2.0,921.0,6.0,2.0,0.6623235613463626
4.0,4.0,7.0,0.6,0.1,0.6,2.0,902.0,6.0,2.0,0.6618625277161863
4.0,4.0,8.0,0.6,0.1,0.6,2.0,899.0,5.0,2.0,0.6618464961067854
4.0,4.0,9.0,0.6,0.1,0.6,2.0,883.0,5.0,1.0,0.6602491506228766
4.0,4.0,10.0,0.6,0.1,0.6,2.0,888.0,6.0,3.0,0.6632882882882883
4.0,4.0,11.0,0.6,0.1,0.6,2.0,877.0,6.0,3.0,0.6624857468643102
4.0,4.0,12.0,0.6,0.1,0.6,2.0,884.0,8.0,4.0,0.6628959276018099
4.0,4.0,13.0,0.6,0.1,0.6,2.0,870.0,8.0,3.0,0.6620689655172414
4.0,4.0,14.0,0.6,0.1,0.6,2.0,877.0,8.0,4.0,0.6647662485746865
4.0,4.0,15.0,0.6,0.1,0.6,2.0,864.0,7.0,5.0,0.6620370370370371
4.0,4.0,16.0,0.6,0.1,0.6,2.0,869.0,6.0,4.0,0.6651323360184119
4.0,4.0,17.0,0.6,0.1,0.6,2.0,856.0,5.0,4.0,0.6647196261682243
4.0,4.0,18.0,0.6,0.1,0.6,2.0,864.0,4.0,2.0,0.6689814814814815
4.0,4.0,19.0,0.6,0.1,0.6,2.0,851.0,4.0,3.0,0.6662749706227967
4.0,4.0,20.0,0.6,0.1,0.6,2.0,1560.0,3.0,1.0,0.3647435897435897
4.0,4.0,21.0,0.6,0.1,0.6,2.0,1512.0,3.0,1.0,0.3637566137566138
4.0,4.0,22.0,0.6,0.1,0.6,2.0,1511.0,2.0,1.0,0.36598279285241564
4.0,4.0,23.0,0.6,0.1,0.6,2.0,1453.0,4.0,2.0,0.36751548520302824
4.0,4.0,24.0,0.6,0.1,0.6,2.0,1449.0,5.0,2.0,0.36645962732919257
4.0,4.0,25.0,0.6,0.1,0.6,2.0,1374.0,3.0,1.0,0.37117903930131
4.0,4.0,26.0,0.6,0.1,0.6,2.0,1377.0,2.0,0.0,0.3710965867828613
4.0,4.0,27.0,0.6,0.1,0.6,2.0,1353.0,2.0,0.0,0.37250554323725055
4.0,4.0,28.0,0.6,0.1,0.6,2.0,1361.0,2.0,2.0,0.37178545187362233
4.0,4.0,29.0,0.6,0.1,0.6,2.0,1300.0,4.0,2.0,0.3723076923076923
4.0,4.0,30.0,0.6,0.1,0.6,2.0,1276.0,6.0,2.0,0.38009404388714735
4.0,4.0,31.0,0.6,0.1,0.6,2.0,1214.0,5.0,1.0,0.38220757825370677
4.0,4.0,32.0,0.6,0.1,0.6,2.0,1217.0,7.0,2.0,0.3845521774856204
4.0,4.0,33.0,0.6,0.1,0.6,2.0,1186.0,8.0,3.0,0.3836424957841484
4.0,4.0,34.0,0.6,0.1,0.6,2.0,1173.0,8.0,5.0,0.3887468030690537
4.0,4.0,35.0,0.6,0.1,0.6,2.0,1158.0,10.0,5.0,0.3842832469775475
4.0,4.0,36.0,0.6,0.1,0.6,2.0,1153.0,10.0,5.0,0.38594969644405897
4.0,4.0,37.0,0.6,0.1,0.6,2.0,1087.0,9.0,3.0,0.38638454461821525
4.0,4.0,38.0,0.6,0.1,0.6,2.0,1069.0,9.0,3.0,0.39195509822263797
4.0,4.0,39.0,0.6,0.1,0.6,2.0,1056.0,9.0,3.0,0.3835227272727273
4.0,4.0,40.0,0.6,0.1,0.6,2.0,994.0,5.0,4.0,0.3853118712273642
4.0,4.0,41.0,0.6,0.1,0.6,2.0,989.0,6.0,4.0,0.3822042467138524
4.0,4.0,42.0,0.6,0.1,0.6,2.0,966.0,12.0,3.0,0.38819875776397517
4.0,4.0,43.0,0.6,0.1,0.6,2.0,934.0,10.0,2.0,0.3811563169164882
4.0,4.0,44.0,0.6,0.1,0.6,2.0,938.0,11.0,2.0,0.38486140724946694
4.0,4.0,45.0,0.6,0.1,0.6,2.0,925.0,14.0,5.0,0.6270270270270271
4.0,4.0,46.0,0.6,0.1,0.6,2.0,889.0,13.0,6.0,0.6310461192350956
4.0,4.0,47.0,0.6,0.1,0.6,2.0,866.0,13.0,9.0,0.6374133949191686
4.0,4.0,48.0,0.6,0.1,0.6,2.0,865.0,11.0,6.0,0.6346820809248555
4.0,4.0,49.0,0.6,0.1,0.6,2.0,834.0,8.0,6.0,0.6438848920863309
4.0,4.0,50.0,0.6,0.1,0.6,2.0,835.0,8.0,4.0,0.6419161676646706
4.0,4.0,51.0,0.6,0.1,0.6,2.0,812.0,9.0,7.0,0.646551724137931
4.0,4.0,52.0,0.6,0.1,0.6,2.0,796.0,6.0,4.0,0.6444723618090452
4.0,5.0,1.0,0.6,0.1,0.6,2.0,789.0,8.0,4.0,0.6438529784537389
4.0,5.0,2.0,0.6,0.1,0.6,2.0,775.0,8.0,1.0,0.6464516129032258
4.0,5.0,3.0,0.6,0.1,0.6,2.0,773.0,8.0,2.0,0.6468305304010349
4.0,5.0,4.0,0.6,0.1,0.6,2.0,761.0,7.0,4.0,0.6438896189224704
4.0,5.0,5.0,0.6,0.1,0.6,2.0,757.0,8.0,4.0,0.6433289299867899
4.0,5.0,6.0,0.6,0.1,0.6,2.0,754.0,9.0,4.0,0.6432360742705571
4.0,5.0,7.0,0.6,0.1,0.6,2.0,742.0,6.0,2.0,0.6455525606469003
4.0,5.0,8.0,0.6,0.1,0.6,2.0,740.0,7.0,5.0,0.6486486486486487
4.0,5.0,9.0,0.6,0.1,0.6,2.0,713.0,7.0,5.0,0.6493688639551192
4.0,5.0,10.0,0.6,0.1,0.6,2.0,702.0,6.0,4.0,0.6566951566951567
4.0,5.0,11.0,0.6,0.1,0.6,2.0,698.0,6.0,2.0,0.6590257879656161
4.0,5.0,12.0,0.6,0.1,0.6,2.0,689.0,5.0,1.0,0.660377358490566
4.0,5.0,13.0,0.6,0.1,0.6,2.0,692.0,5.0,2.0,0.6589595375722543
4.0,5.0,14.0,0.6,0.1,0.6,2.0,673.0,5.0,2.0,0.6597325408618128
4.0,5.0,15.0,0.6,0.1,0.6,2.0,677.0,6.0,3.0,0.6573116691285081
4.0,5.0,16.0,0.6,0.1,0.6,2.0,667.0,8.0,2.0,0.6626686656671664
4.0,5.0,17.0,0.6,0.1,0.6,2.0,653.0,7.0,2.0,0.6615620214395099
4.0,5.0,18.0,0.6,0.1,0.6,2.0,651.0,7.0,3.0,0.663594470046083
4.0,5.0,19.0,0.6,0.1,0.6,2.0,638.0,8.0,6.0,0.6661442006269592
4.0,5.0,20.0,0.6,0.1,0.6,2.0,1147.0,9.0,5.0,0.3714036617262424
4.0,5.0,21.0,0.6,0.1,0.6,2.0,1091.0,13.0,4.0,0.3712190650779102
4.0,5.0,22.0,0.6,0.1,0.6,2.0,1068.0,13.0,3.0,0.37359550561797755
4.0,5.0,23.0,0.6,0.1,0.6,2.0,1053.0,13.0,7.0,0.3741690408357075
4.0,5.0,24.0,0.6,0.1,0.6,2.0,1041.0,14.0,5.0,0.37848222862632086
4.0,5.0,25.0,0.6,0.1,0.6,2.0,979.0,22.0,7.0,0.3840653728294178
4.0,5.0,26.0,0.6,0.1,0.6,2.0,975.0,17.0,8.0,0.38666666666666666
4.0,5.0,27.0,0.6,0.1,0.6,2.0,948.0,21.0,11.0,0.3881856540084388
4.0,5.0,28.0,0.6,0.1,0.6,2.0,917.0,24.0,13.0,0.3914940021810251
4.0,5.0,29.0,0.6,0.1,0.6,2.0,900.0,28.0,10.0,0.39222222222222225
4.0,5.0,30.0,0.6,0.1,0.6,2.0,859.0,28.0,13.0,0.40046565774155995
4.0,5.0,31.0,0.6,0.1,0.6,2.0,829.0,26.0,9.0,0.4028950542822678
4.0,5.0,32.0,0.6,0.1,0.6,2.0,808.0,24.0,14.0,0.4084158415841584
4.0,5.0,33.0,0.6,0.1,0.6,2.0,797.0,22.0,11.0,0.4127979924717691
4.0,5.0,34.0,0.6,0.1,0.6,2.0,761.0,25.0,14.0,0.41655716162943496
4.0,5.0,35.0,0.6,0.1,0.6,2.0,757.0,19.0,12.0,0.41743725231175693
4.0,5.0,36.0,0.6,0.1,0.6,2.0,749.0,20.0,10.0,0.4218958611481976
4.0,5.0,37.0,0.6,0.1,0.6,2.0,713.0,20.0,11.0,0.43338008415147267
4.0,5.0,38.0,0.6,0.1,0.6,2.0,699.0,20.0,9.0,0.43919885550786836
4.0,5.0,39.0,0.6,0.1,0.6,2.0,701.0,24.0,11.0,0.43509272467902993
4.0,5.0,40.0,0.6,0.1,0.6,2.0,686.0,23.0,9.0,0.44169096209912534
4.0,5.0,41.0,0.6,0.1,0.6,2.0,688.0,22.0,9.0,0.4375
4.0,5.0,42.0,0.6,0.1,0.6,2.0,671.0,22.0,11.0,0.44411326378539495
4.0,5.0,43.0,0.6,0.1,0.6,2.0,680.0,26.0,11.0,0.4411764705882353
4.0,5.0,44.0,0.6,0.1,0.6,2.0,668.0,25.0,14.0,0.4491017964071856
4.0,5.0,45.0,0.6,0.1,0.6,2.0,668.0,26.0,14.0,0.6916167664670658
4.0,5.0,46.0,0.6,0.1,0.6,2.0,655.0,23.0,14.0,0.6961832061068702
4.0,5.0,47.0,0.6,0.1,0.6,2.0,659.0,17.0,11.0,0.6965098634294385
4.0,5.0,48.0,0.6,0.1,0.6,2.0,609.0,11.0,6.0,0.7110016420361248
4.0,5.0,49.0,0.6,0.1,0.6,2.0,615.0,10.0,7.0,0.7105691056910569
4.0,5.0,50.0,0.6,0.1,0.6,2.0,605.0,8.0,5.0,0.7140495867768595
4.0,5.0,51.0,0.6,0.1,0.6,2.0,611.0,6.0,4.0,0.7086743044189853
4.0,5.0,52.0,0.6,0.1,0.6,2.0,603.0,4.0,3.0,0.7114427860696517
4.0,6.0,1.0,0.6,0.1,0.6,2.0,607.0,3.0,2.0,0.7067545304777595
4.0,6.0,2.0,0.6,0.1,0.6,2.0,600.0,3.0,1.0,0.7116666666666667
4.0,6.0,3.0,0.6,0.1,0.6,2.0,604.0,2.0,1.0,0.7086092715231788
4.0,6.0,4.0,0.6,0.1,0.6,2.0,597.0,2.0,1.0,0.711892797319933
4.0,6.0,5.0,0.6,0.1,0.6,2.0,599.0,3.0,2.0,0.7061769616026711
4.0,6.0,6.0,0.6,0.1,0.6,2.0,592.0,2.0,1.0,0.7111486486486487
4.0,6.0,7.0,0.6,0.1,0.6,2.0,593.0,2.0,1.0,0.7048903878583473
4.0,6.0,8.0,0.6,0.1,0.6,2.0,587.0,1.0,0.0,0.7103918228279387
4.0,6.0,9.0,0.6,0.1,0.6,2.0,585.0,1.0,1.0,0.705982905982906
4.0,6.0,10.0,0.6,0.1,0.6,2.0,582.0,2.0,1.0,0.7079037800687286
4.0,6.0,11.0,0.6,0.1,0.6,2.0,582.0,2.0,2.0,0.7061855670103093
4.0,6.0,12.0,0.6,0.1,0.6,2.0,575.0,1.0,1.0,0.711304347826087
4.0,6.0,13.0,0.6,0.1,0.6,2.0,577.0,1.0,1.0,0.707105719237435
4.0,6.0,14.0,0.6,0.1,0.6,2.0,575.0,0.0,0.0,0.711304347826087
4.0,6.0,15.0,0.6,0.1,0.6,2.0,575.0,0.0,0.0,0.7078260869565217
4.0,6.0,16.0,0.6,0.1,0.6,2.0,574.0,0.0,0.0,0.7125435540069687
4.0,6.0,17.0,0.6,0.1,0.6,2.0,574.0,0.0,0.0,0.7073170731707317
4.0,6.0,18.0,0.6,0.1,0.6,2.0,572.0,0.0,0.0,0.7097902097902098
4.0,6.0,19.0,0.6,0.1,0.6,2.0,573.0,0.0,0.0,0.7085514834205934
4.0,6.0,20.0,0.6,0.1,0.6,2.0,1063.0,0.0,0.0,0.38005644402634053
4.0,6.0,21.0,0.6,0.1,0.6,2.0,1075.0,0.0,0.0,0.3767441860465116
4.0,6.0,22.0,0.6,0.1,0.6,2.0,1052.0,0.0,0.0,0.3830798479087453
4.0,6.0,23.0,0.6,0.1,0.6,2.0,1019.0,0.0,0.0,0.37684003925417076
4.0,6.0,24.0,0.6,0.1,0.6,2.0,985.0,0.0,0.0,0.3817258883248731
4.0,6.0,25.0,0.6,0.1,0.6,2.0,953.0,0.0,0.0,0.38405036726128017
4.0,6.0,26.0,0.6,0.1,0.6,2.0,937.0,0.0,0.0,0.39060832443970117
4.0,6.0,27.0,0.6,0.1,0.6,2.0,874.0,0.0,0.0,0.39244851258581237
4.0,6.0,28.0,0.6,0.1,0.6,2.0,869.0,0.0,0.0,0.3970080552359033
4.0,6.0,29.0,0.6,0.1,0.6,2.0,859.0,0.0,0.0,0.3958090803259604
4.0,6.0,30.0,0.6,0.1,0.6,2.0,853.0,0.0,0.0,0.39976553341148885
4.0,6.0,31.0,0.6,0.1,0.6,2.0,844.0,0.0,0.0,0.39928909952606634
4.0,6.0,32.0,0.6,0.1,0.6,2.0,830.0,0.0,0.0,0.4036144578313253
4.0,6.0,33.0,0.6,0.1,0.6,2.0,810.0,0.0,0.0,0.40370370370370373
4.0,6.0,34.0,0.6,0.1,0.6,2.0,758.0,0.0,0.0,0.4182058047493404
4.0,6.0,35.0,0.6,0.1,0.6,2.0,761.0,0.0,0.0,0.41130091984231276
4.0,6.0,36.0,0.6,0.1,0.6,2.0,737.0,0.0,0.0,0.417910447761194
4.0,6.0,37.0,0.6,0.1,0.6,2.0,746.0,0.0,0.0,0.4168900804289544
4.0,6.0,38.0,0.6,0.1,0.6,2.0,725.0,0.0,0.0,0.42344827586206896
4.0,6.0,39.0,0.6,0.1,0.6,2.0,706.0,0.0,0.0,0.4263456090651558
4.0,6.0,40.0,0.6,0.1,0.6,2.0,696.0,0.0,0.0,0.4267241379310345
4.0,6.0,41.0,0.6,0.1,0.6,2.0,680.0,0.0,0.0,0.4279411764705882
4.0,6.0,42.0,0.6,0.1,0.6,2.0,675.0,0.0,0.0,0.42962962962962964
4.0,6.0,43.0,0.6,0.1,0.6,2.0,674.0,0.0,0.0,0.4287833827893175
4.0,6.0,44.0,0.6,0.1,0.6,2.0,652.0,0.0,0.0,0.4279141104294479
4.0,6.0,45.0,0.6,0.1,0.6,2.0,635.0,0.0,0.0,0.6645669291338583
4.0,6.0,46.0,0.6,0.1,0.6,2.0,625.0,0.0,0.0,0.664
4.0,6.0,47.0,0.6,0.1,0.6,2.0,632.0,0.0,0.0,0.6645569620253164
4.0,6.0,48.0,0.6,0.1,0.6,2.0,623.0,0.0,0.0,0.6629213483146067
4.0,6.0,49.0,0.6,0.1,0.6,2.0,632.0,0.0,0.0,0.6645569620253164
4.0,6.0,50.0,0.6,0.1,0.6,2.0,623.0,0.0,0.0,0.6629213483146067
4.0,6.0,51.0,0.6,0.1,0.6,2.0,607.0,0.0,0.0,0.6705107084019769
4.0,6.0,52.0,0.6,0.1,0.6,2.0,602.0,0.0,0.0,0.6694352159468439
4.0,7.0,1.0,0.6,0.1,0.6,2.0,607.0,0.0,0.0,0.6705107084019769
4.0,7.0,2.0,0.6,0.1,0.6,2.0,590.0,0.0,0.0,0.6745762711864407
4.0,7.0,3.0,0.6,0.1,0.6,2.0,592.0,0.0,0.0,0.6722972972972973
4.0,7.0,4.0,0.6,0.1,0.6,2.0,589.0,0.0,0.0,0.6740237691001698
4.0,7.0,5.0,0.6,0.1,0.6,2.0,589.0,0.0,0.0,0.6723259762308998
4.0,7.0,6.0,0.6,0.1,0.6,2.0,584.0,0.0,0.0,0.6763698630136986
4.0,7.0,7.0,0.6,0.1,0.6,2.0,583.0,0.0,0.0,0.6723842195540308
4.0,7.0,8.0,0.6,0.1,0.6,2.0,580.0,0.0,0.0,0.6775862068965517
4.0,7.0,9.0,0.6,0.1,0.6,2.0,576.0,0.0,0.0,0.6753472222222222
4.0,7.0,10.0,0.6,0.1,0.6,2.0,570.0,0.0,0.0,0.6842105263157895
4.0,7.0,11.0,0.6,0.1,0.6,2.0,575.0,0.0,0.0,0.6782608695652174
4.0,7.0,12.0,0.6,0.1,0.6,2.0,560.0,0.0,0.0,0.6857142857142857
4.0,7.0,13.0,0.6,0.1,0.6,2.0,547.0,0.0,0.0,0.6873857404021938
4.0,7.0,14.0,0.6,0.1,0.6,2.0,546.0,0.0,0.0,0.6886446886446886
4.0,7.0,15.0,0.6,0.1,0.6,2.0,549.0,0.0,0.0,0.6848816029143898
4.0,7.0,16.0,0.6,0.1,0.6,2.0,546.0,0.0,0.0,0.6868131868131868
4.0,7.0,17.0,0.6,0.1,0.6,2.0,550.0,0.0,0.0,0.6854545454545454
4.0,7.0,18.0,0.6,0.1,0.6,2.0,544.0,0.0,0.0,0.6893382352941176
4.0,7.0,19.0,0.6,0.1,0.6,2.0,546.0,0.0,0.0,0.684981684981685
4.0,7.0,20.0,0.6,0.1,0.6,2.0,963.0,0.0,0.0,0.3883696780893043
4.0,7.0,21.0,0.6,0.1,0.6,2.0,938.0,0.0,0.0,0.3880597014925373
4.0,7.0,22.0,0.6,0.1,0.6,2.0,919.0,0.0,0.0,0.39173014145810664
4.0,7.0,23.0,0.6,0.1,0.6,2.0,886.0,0.0,0.0,0.3927765237020316
4.0,7.0,24.0,0.6,0.1,0.6,2.0,842.0,0.0,0.0,0.40498812351543945
4.0,7.0,25.0,0.6,0.1,0.6,2.0,817.0,0.0,0.0,0.4039167686658507
4.0,7.0,26.0,0.6,0.1,0.6,2.0,794.0,0.0,0.0,0.4093198992443325
4.0,7.0,27.0,0.6,0.1,0.6,2.0,745.0,0.0,0.0,0.4120805369127517
4.0,7.0,28.0,0.6,0.1,0.6,2.0,731.0,0.0,0.0,0.4158686730506156
4.0,7.0,29.0,0.6,0.1,0.6,2.0,713.0,0.0,0.0,0.41374474053295934
4.0,7.0,30.0,0.6,0.1,0.6,2.0,705.0,0.0,0.0,0.41843971631205673
4.0,7.0,31.0,0.6,0.1,0.6,2.0,699.0,0.0,0.0,0.41487839771101576
4.0,7.0,32.0,0.6,0.1,0.6,2.0,705.0,0.0,0.0,0.41843971631205673
4.0,7.0,33.0,0.6,0.1,0.6,2.0,700.0,0.0,0.0,0.4157142857142857
4.0,7.0,34.0,0.6,0.1,0.6,2.0,705.0,0.0,0.0,0.41843971631205673
4.0,7.0,35.0,0.6,0.1,0.6,2.0,699.0,0.0,0.0,0.41487839771101576
4.0,7.0,36.0,0.6,0.1,0.6,2.0,704.0,0.0,0.0,0.41761363636363635
4.0,7.0,37.0,0.6,0.1,0.6,2.0,689.0,0.0,0.0,0.41509433962264153
4.0,7.0,38.0,0.6,0.1,0.6,2.0,693.0,0.0,0.0,0.417027417027417
4.0,7.0,39.0,0.6,0.1,0.6,2.0,690.0,0.0,0.0,0.41594202898550725
4.0,7.0,40.0,0.6,0.1,0.6,2.0,693.0,0.0,0.0,0.4155844155844156
4.0,7.0,41.0,0.6,0.1,0.6,2.0,689.0,0.0,0.0,0.41509433962264153
4.0,7.0,42.0,0.6,0.1,0.6,2.0,691.0,0.0,0.0,0.41389290882778584
4.0,7.0,43.0,0.6,0.1,0.6,2.0,687.0,0.0,0.0,0.413391557496361
4.0,7.0,44.0,0.6,0.1,0.6,2.0,690.0,0.0,0.0,0.4144927536231884
4.0,7.0,45.0,0.6,0.1,0.6,2.0,687.0,0.0,0.0,0.6506550218340611
4.0,7.0,46.0,0.6,0.1,0.6,2.0,692.0,0.0,0.0,0.6546242774566474
4.0,7.0,47.0,0.6,0.1,0.6,2.0,675.0,0.0,0.0,0.6459259259259259
4.0,7.0,48.0,0.6,0.1,0.6,2.0,680.0,0.0,0.0,0.65
4.0,7.0,49.0,0.6,0.1,0.6,2.0,675.0,0.0,0.0,0.6459259259259259
4.0,7.0,50.0,0.6,0.1,0.6,2.0,680.0,0.0,0.0,0.6485294117647059
4.0,7.0,51.0,0.6,0.1,0.6,2.0,674.0,0.0,0.0,0.6468842729970327
4.0,7.0,52.0,0.6,0.1,0.6,2.0,666.0,0.0,0.0,0.6456456456456456
4.0,8.0,1.0,0.6,0.1,0.6,2.0,656.0,0.0,0.0,0.6417682926829268
4.0,8.0,2.0,0.6,0.1,0.6,2.0,663.0,0.0,0.0,0.6470588235294118
4.0,8.0,3.0,0.6,0.1,0.6,2.0,657.0,0.0,0.0,0.6423135464231354
4.0,8.0,4.0,0.6,0.1,0.6,2.0,662.0,0.0,0.0,0.6465256797583081
4.0,8.0,5.0,0.6,0.1,0.6,2.0,657.0,0.0,0.0,0.6423135464231354
4.0,8.0,6.0,0.6,0.1,0.6,2.0,659.0,0.0,0.0,0.6464339908952959
4.0,8.0,7.0,0.6,0.1,0.6,2.0,657.0,0.0,0.0,0.6453576864535768
4.0,8.0,8.0,0.6,0.1,0.6,2.0,659.0,0.0,0.0,0.6479514415781487
4.0,8.0,9.0,0.6,0.1,0.6,2.0,652.0,0.0,0.0,0.647239263803681
4.0,8.0,10.0,0.6,0.1,0.6,2.0,641.0,0.0,0.0,0.6505460218408736
4.0,8.0,11.0,0.6,0.1,0.6,2.0,619.0,0.0,0.0,0.6510500807754442
4.0,8.0,12.0,0.6,0.1,0.6,2.0,623.0,0.0,0.0,0.6548956661316212
4.0,8.0,13.0,0.6,0.1,0.6,2.0,616.0,0.0,0.0,0.6542207792207793
4.0,8.0,14.0,0.6,0.1,0.6,2.0,623.0,0.0,0.0,0.6548956661316212
4.0,8.0,15.0,0.6,0.1,0.6,2.0,614.0,0.0,0.0,0.6547231270358306
4.0,8.0,16.0,0.6,0.1,0.6,2.0,623.0,0.0,0.0,0.6548956661316212
4.0,8.0,17.0,0.6,0.1,0.6,2.0,602.0,0.0,0.0,0.6495016611295681
4.0,8.0,18.0,0.6,0.1,0.6,2.0,610.0,0.0,0.0,0.6524590163934426
4.0,8.0,19.0,0.6,0.1,0.6,2.0,604.0,0.0,0.0,0.6473509933774835
4.0,8.0,20.0,0.6,0.1,0.6,2.0,1074.0,0.0,0.0,0.36964618249534453
4.0,8.0,21.0,0.6,0.1,0.6,2.0,1013.0,0.0,0.0,0.3741362290227048
4.0,8.0,22.0,0.6,0.1,0.6,2.0,973.0,0.0,0.0,0.37410071942446044
4.0,8.0,23.0,0.6,0.1,0.6,2.0,940.0,0.0,0.0,0.3776595744680851
4.0,8.0,24.0,0.6,0.1,0.6,2.0,946.0,0.0,0.0,0.379492600422833
4.0,8.0,25.0,0.6,0.1,0.6,2.0,932.0,0.0,0.0,0.37875536480686695
4.0,8.0,26.0,0.6,0.1,0.6,2.0,914.0,0.0,0.0,0.3851203501094092
4.0,8.0,27.0,0.6,0.1,0.6,2.0,888.0,0.0,0.0,0.38513513513513514
4.0,8.0,28.0,0.6,0.1,0.6,2.0,881.0,0.0,0.0,0.3870601589103292
4.0,8.0,29.0,0.6,0.1,0.6,2.0,880.0,0.0,0.0,0.38295454545454544
4.0,8.0,30.0,0.6,0.1,0.6,2.0,840.0,0.0,0.0,0.39404761904761904
4.0,8.0,31.0,0.6,0.1,0.6,2.0,828.0,0.0,0.0,0.39009661835748793
4.0,8.0,32.0,0.6,0.1,0.6,2.0,808.0,0.0,0.0,0.39851485148514854
4.0,8.0,33.0,0.6,0.1,0.6,2.0,787.0,0.0,0.0,0.39644218551461247
4.0,8.0,34.0,0.6,0.1,0.6,2.0,790.0,0.0,0.0,0.4
4.0,8.0,35.0,0.6,0.1,0.6,2.0,781.0,0.0,0.0,0.39820742637644047
4.0,8.0,36.0,0.6,0.1,0.6,2.0,794.0,0.0,0.0,0.3967254408060453
4.0,8.0,37.0,0.6,0.1,0.6,2.0,761.0,0.0,0.0,0.4021024967148489
4.0,8.0,38.0,0.6,0.1,0.6,2.0,758.0,0.0,0.0,0.4023746701846966
4.0,8.0,39.0,0.6,0.1,0.6,2.0,746.0,0.0,0.0,0.40482573726541554
4.0,8.0,40.0,0.6,0.1,0.6,2.0,758.0,0.0,0.0,0.40369393139841686
4.0,8.0,41.0,0.6,0.1,0.6,2.0,741.0,0.0,0.0,0.40620782726045884
4.0,8.0,42.0,0.6,0.1,0.6,2.0,756.0,0.0,0.0,0.4021164021164021
4.0,8.0,43.0,0.6,0.1,0.6,2.0,741.0,0.0,0.0,0.40620782726045884
4.0,8.0,44.0,0.6,0.1,0.6,2.0,738.0,0.0,0.0,0.4065040650406504
4.0,8.0,45.0,0.6,0.1,0.6,2.0,724.0,0.0,0.0,0.6187845303867403
4.0,8.0,46.0,0.6,0.1,0.6,2.0,727.0,0.0,0.0,0.6162310866574966
4.0,8.0,47.0,0.6,0.1,0.6,2.0,716.0,0.0,0.0,0.61731843575419
4.0,8.0,48.0,0.6,0.1,0.6,2.0,723.0,0.0,0.0,0.6141078838174274
4.0,8.0,49.0,0.6,0.1,0.6,2.0,699.0,0.0,0.0,0.6223175965665236
4.0,8.0,50.0,0.6,0.1,0.6,2.0,712.0,0.0,0.0,0.6179775280898876
4.0,8.0,51.0,0.6,0.1,0.6,2.0,699.0,0.0,0.0,0.6208869814020028
4.0,8.0,52.0,0.6,0.1,0.6,2.0,708.0,0.0,0.0,0.6214689265536724
4.0,9.0,1.0,0.6,0.1,0.6,2.0,699.0,0.0,0.0,0.6194563662374821
4.0,9.0,2.0,0.6,0.1,0.6,2.0,705.0,0.0,0.0,0.6226950354609929
4.0,9.0,3.0,0.6,0.1,0.6,2.0,695.0,0.0,0.0,0.6230215827338129
4.0,9.0,4.0,0.6,0.1,0.6,2.0,700.0,0.0,0.0,0.6242857142857143
4.0,9.0,5.0,0.6,0.1,0.6,2.0,683.0,0.0,0.0,0.623718887262079
4.0,9.0,6.0,0.6,0.1,0.6,2.0,687.0,0.0,0.0,0.6229985443959243
4.0,9.0,7.0,0.6,0.1,0.6,2.0,682.0,0.0,0.0,0.624633431085044
4.0,9.0,8.0,0.6,0.1,0.6,2.0,676.0,0.0,0.0,0.6257396449704142
4.0,9.0,9.0,0.6,0.1,0.6,2.0,654.0,0.0,0.0,0.6299694189602446
4.0,9.0,10.0,0.6,0.1,0.6,2.0,657.0,0.0,0.0,0.6301369863013698
4.0,9.0,11.0,0.6,0.1,0.6,2.0,625.0,0.0,0.0,0.6336
4.0,9.0,12.0,0.6,0.1,0.6,2.0,632.0,0.0,0.0,0.6329113924050633
4.0,9.0,13.0,0.6,0.1,0.6,2.0,626.0,0.0,0.0,0.634185303514377
4.0,9.0,14.0,0.6,0.1,0.6,2.0,633.0,0.0,0.0,0.6334913112164297
4.0,9.0,15.0,0.6,0.1,0.6,2.0,612.0,0.0,0.0,0.6323529411764706
4.0,9.0,16.0,0.6,0.1,0.6,2.0,619.0,0.0,0.0,0.6332794830371568
4.0,9.0,17.0,0.6,0.1,0.6,2.0,611.0,0.0,0.0,0.6333878887070377
4.0,9.0,18.0,0.6,0.1,0.6,2.0,617.0,0.0,0.0,0.6337115072933549
4.0,9.0,19.0,0.6,0.1,0.6,2.0,608.0,0.0,0.0,0.631578947368421
4.0,9.0,20.0,0.6,0.1,0.6,2.0,1084.0,0.0,0.0,0.34501845018450183
4.0,9.0,21.0,0.6,0.1,0.6,2.0,1037.0,0.0,0.0,0.3471552555448409
4.0,9.0,22.0,0.6,0.1,0.6,2.0,1029.0,0.0,0.0,0.3488824101068999
4.0,9.0,23.0,0.6,0.1,0.6,2.0,985.0,0.0,0.0,0.3532994923857868
4.0,9.0,24.0,0.6,0.1,0.6,2.0,947.0,0.0,0.0,0.35374868004223864
4.0,9.0,25.0,0.6,0.1,0.6,2.0,901.0,0.0,0.0,0.3562708102108768
4.0,9.0,26.0,0.6,0.1,0.6,2.0,907.0,0.0,0.0,0.35832414553472985
4.0,9.0,27.0,0.6,0.1,0.6,2.0,890.0,0.0,0.0,0.3550561797752809
4.0,9.0,28.0,0.6,0.1,0.6,2.0,882.0,0.0,0.0,0.35714285714285715
4.0,9.0,29.0,0.6,0.1,0.6,2.0,866.0,0.0,0.0,0.3568129330254042
4.0,9.0,30.0,0.6,0.1,0.6,2.0,847.0,0.0,0.0,0.36481700118063753
4.0,9.0,31.0,0.6,0.1,0.6,2.0,819.0,0.0,0.0,0.3663003663003663
4.0,9.0,32.0,0.6,0.1,0.6,2.0,823.0,0.0,0.0,0.3669501822600243
4.0,9.0,33.0,0.6,0.1,0.6,2.0,815.0,0.0,0.0,0.36441717791411044
4.0,9.0,34.0,0.6,0.1,0.6,2.0,822.0,0.0,0.0,0.36739659367396593
4.0,9.0,35.0,0.6,0.1,0.6,2.0,816.0,0.0,0.0,0.36519607843137253
4.0,9.0,36.0,0.6,0.1,0.6,2.0,822.0,0.0,0.0,0.36739659367396593
4.0,9.0,37.0,0.6,0.1,0.6,2.0,801.0,0.0,0.0,0.3682896379525593
4.0,9.0,38.0,0.6,0.1,0.6,2.0,790.0,0.0,0.0,0.3759493670886076
4.0,9.0,39.0,0.6,0.1,0.6,2.0,772.0,0.0,0.0,0.37305699481865284
4.0,9.0,40.0,0.6,0.1,0.6,2.0,777.0,0.0,0.0,0.3745173745173745
4.0,9.0,41.0,0.6,0.1,0.6,2.0,772.0,0.0,0.0,0.37305699481865284
4.0,9.0,42.0,0.6,0.1,0.6,2.0,760.0,0.0,0.0,0.3736842105263158
4.0,9.0,43.0,0.6,0.1,0.6,2.0,753.0,0.0,0.0,0.3705179282868526
4.0,9.0,44.0,0.6,0.1,0.6,2.0,746.0,0.0,0.0,0.3739946380697051
4.0,9.0,45.0,0.6,0.1,0.6,2.0,740.0,0.0,0.0,0.6148648648648649
4.0,9.0,46.0,0.6,0.1,0.6,2.0,746.0,0.0,0.0,0.6166219839142091
4.0,9.0,47.0,0.6,0.1,0.6,2.0,725.0,0.0,0.0,0.6206896551724138
4.0,9.0,48.0,0.6,0.1,0.6,2.0,719.0,0.0,0.0,0.6230876216968011
4.0,9.0,49.0,0.6,0.1,0.6,2.0,711.0,0.0,0.0,0.6216596343178622
4.0,9.0,50.0,0.6,0.1,0.6,2.0,717.0,0.0,0.0,0.6220362622036262
4.0,9.0,51.0,0.6,0.1,0.6,2.0,714.0,0.0,0.0,0.6190476190476191
4.0,9.0,52.0,0.6,0.1,0.6,2.0,720.0,0.0,0.0,0.6194444444444445
4.0,10.0,1.0,0.6,0.1,0.6,2.0,716.0,0.0,0.0,0.6201117318435754
4.0,10.0,2.0,0.6,0.1,0.6,2.0,721.0,0.0,0.0,0.6213592233009708
4.0,10.0,3.0,0.6,0.1,0.6,2.0,714.0,0.0,0.0,0.6218487394957983
4.0,10.0,4.0,0.6,0.1,0.6,2.0,719.0,0.0,0.0,0.6216968011126565
4.0,10.0,5.0,0.6,0.1,0.6,2.0,715.0,0.0,0.0,0.6223776223776224
4.0,10.0,6.0,0.6,0.1,0.6,2.0,705.0,0.0,0.0,0.6198581560283688
4.0,10.0,7.0,0.6,0.1,0.6,2.0,701.0,0.0,0.0,0.6205420827389444
4.0,10.0,8.0,0.6,0.1,0.6,2.0,701.0,0.0,0.0,0.6219686162624821
4.0,10.0,9.0,0.6,0.1,0.6,2.0,694.0,0.0,0.0,0.6239193083573487
4.0,10.0,10.0,0.6,0.1,0.6,2.0,695.0,0.0,0.0,0.6244604316546762
4.0,10.0,11.0,0.6,0.1,0.6,2.0,680.0,0.0,0.0,0.6294117647058823
4.0,10.0,12.0,0.6,0.1,0.6,2.0,679.0,0.0,0.0,0.6273932253313697
4.0,10.0,13.0,0.6,0.1,0.6,2.0,680.0,0.0,0.0,0.6294117647058823
4.0,10.0,14.0,0.6,0.1,0.6,2.0,678.0,0.0,0.0,0.6283185840707964
4.0,10.0,15.0,0.6,0.1,0.6,2.0,666.0,0.0,0.0,0.6336336336336337
4.0,10.0,16.0,0.6,0.1,0.6,2.0,666.0,0.0,0.0,0.6321321321321322
4.0,10.0,17.0,0.6,0.1,0.6,2.0,664.0,0.0,0.0,0.6340361445783133
4.0,10.0,18.0,0.6,0.1,0.6,2.0,666.0,0.0,0.0,0.6336336336336337
4.0,10.0,19.0,0.6,0.1,0.6,2.0,655.0,0.0,0.0,0.6351145038167939
4.0,10.0,20.0,0.6,0.1,0.6,2.0,1127.0,0.0,0.0,0.33717834960070986
4.0,10.0,21.0,0.6,0.1,0.6,2.0,1090.0,0.0,0.0,0.3440366972477064
4.0,10.0,22.0,0.6,0.1,0.6,2.0,1075.0,0.0,0.0,0.3395348837209302
4.0,10.0,23.0,0.6,0.1,0.6,2.0,1036.0,0.0,0.0,0.3436293436293436
4.0,10.0,24.0,0.6,0.1,0.6,2.0,1043.0,0.0,0.0,0.34132310642377756
4.0,10.0,25.0,0.6,0.1,0.6,2.0,1036.0,0.0,0.0,0.3436293436293436
4.0,10.0,26.0,0.6,0.1,0.6,2.0,1022.0,0.0,0.0,0.34540117416829746
4.0,10.0,27.0,0.6,0.1,0.6,2.0,1002.0,0.0,0.0,0.34530938123752497
4.0,10.0,28.0,0.6,0.1,0.6,2.0,982.0,0.0,0.0,0.34826883910386963
4.0,10.0,29.0,0.6,0.1,0.6,2.0,924.0,0.0,0.0,0.35714285714285715
4.0,10.0,30.0,0.6,0.1,0.6,2.0,929.0,0.0,0.0,0.3573735199138859
4.0,10.0,31.0,0.6,0.1,0.6,2.0,900.0,0.0,0.0,0.36
4.0,10.0,32.0,0.6,0.1,0.6,2.0,891.0,0.0,0.0,0.3602693602693603
4.0,10.0,33.0,0.6,0.1,0.6,2.0,871.0,0.0,0.0,0.36280137772675086
4.0,10.0,34.0,0.6,0.1,0.6,2.0,866.0,0.0,0.0,0.36605080831408776
4.0,10.0,35.0,0.6,0.1,0.6,2.0,858.0,0.0,0.0,0.36596736596736595
4.0,10.0,36.0,0.6,0.1,0.6,2.0,850.0,0.0,0.0,0.36941176470588233
4.0,10.0,37.0,0.6,0.1,0.6,2.0,844.0,0.0,0.0,0.3708530805687204
4.0,10.0,38.0,0.6,0.1,0.6,2.0,838.0,0.0,0.0,0.3747016706443914
4.0,10.0,39.0,0.6,0.1,0.6,2.0,830.0,0.0,0.0,0.3746987951807229
4.0,10.0,40.0,0.6,0.1,0.6,2.0,837.0,0.0,0.0,0.3739545997610514
4.0,10.0,41.0,0.6,0.1,0.6,2.0,804.0,0.0,0.0,0.38308457711442784
4.0,10.0,42.0,0.6,0.1,0.6,2.0,813.0,0.0,0.0,0.3837638376383764
4.0,10.0,43.0,0.6,0.1,0.6,2.0,791.0,0.0,0.0,0.3868520859671302
4.0,10.0,44.0,0.6,0.1,0.6,2.0,799.0,0.0,0.0,0.3867334167709637
4.0,10.0,45.0,0.6,0.1,0.6,2.0,779.0,0.0,0.0,0.6148908857509627
4.0,10.0,46.0,0.6,0.1,0.6,2.0,787.0,0.0,0.0,0.6149936467598475
4.0,10.0,47.0,0.6,0.1,0.6,2.0,779.0,0.0,0.0,0.6148908857509627
4.0,10.0,48.0,0.6,0.1,0.6,2.0,774.0,0.0,0.0,0.6162790697674418
4.0,10.0,49.0,0.6,0.1,0.6,2.0,767.0,0.0,0.0,0.6166883963494133
4.0,10.0,50.0,0.6,0.1,0.6,2.0,779.0,0.0,0.0,0.6161745827984596
4.0,10.0,51.0,0.6,0.1,0.6,2.0,771.0,0.0,0.0,0.6160830090791181
4.0,10.0,52.0,0.6,0.1,0.6,2.0,770.0,0.0,0.0,0.6194805194805195
5.0,1.0,1.0,0.6,0.1,0.6,2.0,5178.0,57.0,8.0,0.6002317497103129
5.0,1.0,2.0,0.6,0.1,0.6,2.0,5105.0,61.0,20.0,0.6013712047012733
5.0,1.0,3.0,0.6,0.1,0.6,2.0,5072.0,66.0,33.0,0.6019321766561514
5.0,1.0,4.0,0.6,0.1,0.6,2.0,5055.0,84.0,36.0,0.6031651829871414
5.0,1.0,5.0,0.6,0.1,0.6,2.0,5013.0,94.0,32.0,0.6084181129064432
5.0,1.0,6.0,0.6,0.1,0.6,2.0,4897.0,95.0,36.0,0.6087400449254645
5.0,1.0,7.0,0.6,0.1,0.6,2.0,4765.0,115.0,45.0,0.6121720881427073
5.0,1.0,8.0,0.6,0.1,0.6,2.0,4683.0,127.0,54.0,0.6105060858424087
5.0,1.0,9.0,0.6,0.1,0.6,2.0,4516.0,131.0,55.0,0.6142604074402126
5.0,1.0,10.0,0.6,0.1,0.6,2.0,4362.0,139.0,51.0,0.6160018340210912
5.0,1.0,11.0,0.6,0.1,0.6,2.0,4262.0,135.0,61.0,0.6213045518535899
5.0,1.0,12.0,0.6,0.1,0.6,2.0,4104.0,142.0,65.0,0.6228070175438597
5.0,1.0,13.0,0.6,0.1,0.6,2.0,4065.0,147.0,70.0,0.6273062730627307
5.0,1.0,14.0,0.6,0.1,0.6,2.0,3941.0,138.0,67.0,0.6280131946206546
5.0,1.0,15.0,0.6,0.1,0.6,2.0,3844.0,124.0,64.0,0.6326742976066597
5.0,1.0,16.0,0.6,0.1,0.6,2.0,3727.0,118.0,66.0,0.6372417493962973
5.0,1.0,17.0,0.6,0.1,0.6,2.0,3654.0,110.0,61.0,0.6392993979200876
5.0,1.0,18.0,0.6,0.1,0.6,2.0,3590.0,113.0,51.0,0.6412256267409471
5.0,1.0,19.0,0.6,0.1,0.6,2.0,3527.0,96.0,39.0,0.6458746810320386
5.0,1.0,20.0,0.6,0.1,0.6,2.0,6560.0,83.0,37.0,0.3367378048780488
5.0,1.0,21.0,0.6,0.1,0.6,2.0,6382.0,118.0,48.0,0.337511751801943
5.0,1.0,22.0,0.6,0.1,0.6,2.0,5908.0,138.0,39.0,0.3429248476641842
5.0,1.0,23.0,0.6,0.1,0.6,2.0,5749.0,152.0,51.0,0.3447556096712472
5.0,1.0,24.0,0.6,0.1,0.6,2.0,5554.0,163.0,68.0,0.34785740007202015
5.0,1.0,25.0,0.6,0.1,0.6,2.0,5273.0,192.0,81.0,0.35103356722928125
5.0,1.0,26.0,0.6,0.1,0.6,2.0,5051.0,213.0,85.0,0.35458325084141756
5.0,1.0,27.0,0.6,0.1,0.6,2.0,4906.0,230.0,80.0,0.3577252344068488
5.0,1.0,28.0,0.6,0.1,0.6,2.0,4695.0,261.0,92.0,0.362087326943557
5.0,1.0,29.0,0.6,0.1,0.6,2.0,4498.0,274.0,112.0,0.3648288128056914
5.0,1.0,30.0,0.6,0.1,0.6,2.0,4267.0,284.0,120.0,0.37309585188657135
5.0,1.0,31.0,0.6,0.1,0.6,2.0,4109.0,284.0,122.0,0.3767339985397907
5.0,1.0,32.0,0.6,0.1,0.6,2.0,3964.0,285.0,126.0,0.3839556004036327
5.0,1.0,33.0,0.6,0.1,0.6,2.0,3801.0,279.0,117.0,0.38884504077874243
5.0,1.0,34.0,0.6,0.1,0.6,2.0,3692.0,277.0,130.0,0.39436619718309857
5.0,1.0,35.0,0.6,0.1,0.6,2.0,3469.0,272.0,129.0,0.3986739694436437
5.0,1.0,36.0,0.6,0.1,0.6,2.0,3327.0,270.0,135.0,0.40396753832281335
5.0,1.0,37.0,0.6,0.1,0.6,2.0,3191.0,279.0,117.0,0.41178314008147915
5.0,1.0,38.0,0.6,0.1,0.6,2.0,3049.0,267.0,124.0,0.4221056083961955
5.0,1.0,39.0,0.6,0.1,0.6,2.0,2903.0,236.0,120.0,0.43196693076128145
5.0,1.0,40.0,0.6,0.1,0.6,2.0,2807.0,232.0,120.0,0.43854649091556824
5.0,1.0,41.0,0.6,0.1,0.6,2.0,2669.0,208.0,98.0,0.4511052828774822
5.0,1.0,42.0,0.6,0.1,0.6,2.0,2570.0,196.0,91.0,0.46070038910505834
5.0,1.0,43.0,0.6,0.1,0.6,2.0,2533.0,191.0,97.0,0.46624555862613504
5.0,1.0,44.0,0.6,0.1,0.6,2.0,2449.0,194.0,95.0,0.47447937933850554
5.0,1.0,45.0,0.6,0.1,0.6,2.0,2343.0,194.0,80.0,0.6764831412718737
5.0,1.0,46.0,0.6,0.1,0.6,2.0,2274.0,162.0,75.0,0.6816182937554969
5.0,1.0,47.0,0.6,0.1,0.6,2.0,2240.0,145.0,88.0,0.6834821428571428
5.0,1.0,48.0,0.6,0.1,0.6,2.0,2175.0,135.0,80.0,0.6896551724137931
5.0,1.0,49.0,0.6,0.1,0.6,2.0,2118.0,115.0,76.0,0.6916902738432483
5.0,1.0,50.0,0.6,0.1,0.6,2.0,2047.0,92.0,52.0,0.6990718124084025
5.0,1.0,51.0,0.6,0.1,0.6,2.0,1975.0,83.0,49.0,0.7007594936708861
5.0,1.0,52.0,0.6,0.1,0.6,2.0,1933.0,68.0,36.0,0.7056389032591827
5.0,2.0,1.0,0.6,0.1,0.6,2.0,1892.0,55.0,29.0,0.7103594080338267
5.0,2.0,2.0,0.6,0.1,0.6,2.0,1863.0,47.0,27.0,0.7144390767579173
5.0,2.0,3.0,0.6,0.1,0.6,2.0,1837.0,44.0,24.0,0.7158410451823626
5.0,2.0,4.0,0.6,0.1,0.6,2.0,1800.0,39.0,19.0,0.7194444444444444
5.0,2.0,5.0,0.6,0.1,0.6,2.0,1755.0,34.0,18.0,0.7236467236467237
5.0,2.0,6.0,0.6,0.1,0.6,2.0,1735.0,32.0,21.0,0.7256484149855907
5.0,2.0,7.0,0.6,0.1,0.6,2.0,1720.0,31.0,19.0,0.7261627906976744
5.0,2.0,8.0,0.6,0.1,0.6,2.0,1686.0,29.0,14.0,0.732502965599051
5.0,2.0,9.0,0.6,0.1,0.6,2.0,1655.0,23.0,11.0,0.7359516616314199
5.0,2.0,10.0,0.6,0.1,0.6,2.0,1599.0,21.0,17.0,0.7373358348968105
5.0,2.0,11.0,0.6,0.1,0.6,2.0,1581.0,19.0,14.0,0.7387729285262492
5.0,2.0,12.0,0.6,0.1,0.6,2.0,1564.0,16.0,10.0,0.7410485933503836
5.0,2.0,13.0,0.6,0.1,0.6,2.0,1551.0,12.0,4.0,0.7440361057382334
5.0,2.0,14.0,0.6,0.1,0.6,2.0,1540.0,11.0,4.0,0.7448051948051948
5.0,2.0,15.0,0.6,0.1,0.6,2.0,1513.0,9.0,4.0,0.7428949107732981
5.0,2.0,16.0,0.6,0.1,0.6,2.0,1489.0,7.0,5.0,0.7461383478844862
5.0,2.0,17.0,0.6,0.1,0.6,2.0,1480.0,7.0,4.0,0.745945945945946
5.0,2.0,18.0,0.6,0.1,0.6,2.0,1457.0,6.0,4.0,0.7453671928620453
5.0,2.0,19.0,0.6,0.1,0.6,2.0,1456.0,5.0,1.0,0.7486263736263736
5.0,2.0,20.0,0.6,0.1,0.6,2.0,2619.0,5.0,2.0,0.4116074837724322
5.0,2.0,21.0,0.6,0.1,0.6,2.0,2507.0,4.0,4.0,0.41404068607897887
5.0,2.0,22.0,0.6,0.1,0.6,2.0,2444.0,5.0,4.0,0.4165302782324059
5.0,2.0,23.0,0.6,0.1,0.6,2.0,2354.0,4.0,3.0,0.4184367034834325
5.0,2.0,24.0,0.6,0.1,0.6,2.0,2295.0,3.0,0.0,0.4200435729847495
5.0,2.0,25.0,0.6,0.1,0.6,2.0,2187.0,3.0,0.0,0.42295381801554643
5.0,2.0,26.0,0.6,0.1,0.6,2.0,2162.0,3.0,0.0,0.4204440333024977
5.0,2.0,27.0,0.6,0.1,0.6,2.0,2084.0,3.0,2.0,0.4246641074856046
5.0,2.0,28.0,0.6,0.1,0.6,2.0,2014.0,7.0,3.0,0.4270109235352532
5.0,2.0,29.0,0.6,0.1,0.6,2.0,1911.0,10.0,4.0,0.4306645735217164
5.0,2.0,30.0,0.6,0.1,0.6,2.0,1834.0,5.0,2.0,0.43293347873500543
5.0,2.0,31.0,0.6,0.1,0.6,2.0,1774.0,4.0,3.0,0.43348365276211953
5.0,2.0,32.0,0.6,0.1,0.6,2.0,1765.0,6.0,2.0,0.43342776203966005
5.0,2.0,33.0,0.6,0.1,0.6,2.0,1711.0,8.0,3.0,0.43658679135008766
5.0,2.0,34.0,0.6,0.1,0.6,2.0,1630.0,6.0,2.0,0.4441717791411043
5.0,2.0,35.0,0.6,0.1,0.6,2.0,1615.0,6.0,3.0,0.4452012383900929
5.0,2.0,36.0,0.6,0.1,0.6,2.0,1602.0,6.0,3.0,0.4431960049937578
5.0,2.0,37.0,0.6,0.1,0.6,2.0,1563.0,7.0,2.0,0.4484964811260397
5.0,2.0,38.0,0.6,0.1,0.6,2.0,1550.0,8.0,3.0,0.4483870967741935
5.0,2.0,39.0,0.6,0.1,0.6,2.0,1523.0,8.0,2.0,0.44911359159553516
5.0,2.0,40.0,0.6,0.1,0.6,2.0,1497.0,9.0,2.0,0.447561790247161
5.0,2.0,41.0,0.6,0.1,0.6,2.0,1463.0,8.0,5.0,0.44771018455228984
5.0,2.0,42.0,0.6,0.1,0.6,2.0,1415.0,11.0,6.0,0.4508833922261484
5.0,2.0,43.0,0.6,0.1,0.6,2.0,1391.0,13.0,7.0,0.45003594536304814
5.0,2.0,44.0,0.6,0.1,0.6,2.0,1353.0,4.0,2.0,0.44789356984478934
5.0,2.0,45.0,0.6,0.1,0.6,2.0,1333.0,3.0,2.0,0.6564141035258815
5.0,2.0,46.0,0.6,0.1,0.6,2.0,1318.0,4.0,2.0,0.6593323216995448
5.0,2.0,47.0,0.6,0.1,0.6,2.0,1288.0,3.0,1.0,0.6614906832298136
5.0,2.0,48.0,0.6,0.1,0.6,2.0,1284.0,2.0,1.0,0.6612149532710281
5.0,2.0,49.0,0.6,0.1,0.6,2.0,1257.0,2.0,1.0,0.6603023070803501
5.0,2.0,50.0,0.6,0.1,0.6,2.0,1230.0,2.0,2.0,0.6609756097560976
5.0,2.0,51.0,0.6,0.1,0.6,2.0,1222.0,1.0,1.0,0.6612111292962357
5.0,2.0,52.0,0.6,0.1,0.6,2.0,1205.0,1.0,1.0,0.6597510373443983
5.0,3.0,1.0,0.6,0.1,0.6,2.0,1201.0,0.0,0.0,0.6594504579517069
5.0,3.0,2.0,0.6,0.1,0.6,2.0,1182.0,0.0,0.0,0.6590524534686971
5.0,3.0,3.0,0.6,0.1,0.6,2.0,1177.0,0.0,0.0,0.6601529311809685
5.0,3.0,4.0,0.6,0.1,0.6,2.0,1159.0,0.0,0.0,0.6600517687661778
5.0,3.0,5.0,0.6,0.1,0.6,2.0,1134.0,0.0,0.0,0.6613756613756614
5.0,3.0,6.0,0.6,0.1,0.6,2.0,1124.0,0.0,0.0,0.6583629893238434
5.0,3.0,7.0,0.6,0.1,0.6,2.0,1104.0,0.0,0.0,0.6603260869565217
5.0,3.0,8.0,0.6,0.1,0.6,2.0,1080.0,0.0,0.0,0.6555555555555556
5.0,3.0,9.0,0.6,0.1,0.6,2.0,1060.0,0.0,0.0,0.6575471698113208
5.0,3.0,10.0,0.6,0.1,0.6,2.0,1038.0,0.0,0.0,0.6551059730250481
5.0,3.0,11.0,0.6,0.1,0.6,2.0,1035.0,0.0,0.0,0.6560386473429952
5.0,3.0,12.0,0.6,0.1,0.6,2.0,1000.0,0.0,0.0,0.65
5.0,3.0,13.0,0.6,0.1,0.6,2.0,994.0,0.0,0.0,0.6529175050301811
5.0,3.0,14.0,0.6,0.1,0.6,2.0,976.0,0.0,0.0,0.6475409836065574
5.0,3.0,15.0,0.6,0.1,0.6,2.0,959.0,0.0,0.0,0.64859228362878
5.0,3.0,16.0,0.6,0.1,0.6,2.0,936.0,0.0,0.0,0.6463675213675214
5.0,3.0,17.0,0.6,0.1,0.6,2.0,934.0,0.0,0.0,0.6477516059957173
5.0,3.0,18.0,0.6,0.1,0.6,2.0,928.0,0.0,0.0,0.6433189655172413
5.0,3.0,19.0,0.6,0.1,0.6,2.0,922.0,0.0,0.0,0.6464208242950108
5.0,3.0,20.0,0.6,0.1,0.6,2.0,1667.0,0.0,0.0,0.34853029394121177
5.0,3.0,21.0,0.6,0.1,0.6,2.0,1577.0,0.0,0.0,0.35510462904248574
5.0,3.0,22.0,0.6,0.1,0.6,2.0,1527.0,0.0,0.0,0.35428945645055665
5.0,3.0,23.0,0.6,0.1,0.6,2.0,1468.0,0.0,0.0,0.3583106267029973
5.0,3.0,24.0,0.6,0.1,0.6,2.0,1429.0,0.0,0.0,0.35969209237228833
5.0,3.0,25.0,0.6,0.1,0.6,2.0,1378.0,0.0,0.0,0.3671988388969521
5.0,3.0,26.0,0.6,0.1,0.6,2.0,1319.0,0.0,0.0,0.36770280515542075
5.0,3.0,27.0,0.6,0.1,0.6,2.0,1279.0,0.0,0.0,0.36903831118060987
5.0,3.0,28.0,0.6,0.1,0.6,2.0,1249.0,0.0,0.0,0.37069655724579664
5.0,3.0,29.0,0.6,0.1,0.6,2.0,1232.0,0.0,0.0,0.3717532467532468
5.0,3.0,30.0,0.6,0.1,0.6,2.0,1226.0,0.0,0.0,0.3719412724306688
5.0,3.0,31.0,0.6,0.1,0.6,2.0,1182.0,0.0,0.0,0.37478849407783416
5.0,3.0,32.0,0.6,0.1,0.6,2.0,1160.0,0.0,0.0,0.371551724137931
5.0,3.0,33.0,0.6,0.1,0.6,2.0,1154.0,0.0,0.0,0.37261698440207974
5.0,3.0,34.0,0.6,0.1,0.6,2.0,1157.0,0.0,0.0,0.3690579083837511
5.0,3.0,35.0,0.6,0.1,0.6,2.0,1134.0,0.0,0.0,0.37037037037037035
5.0,3.0,36.0,0.6,0.1,0.6,2.0,1124.0,0.0,0.0,0.3683274021352313
5.0,3.0,37.0,0.6,0.1,0.6,2.0,1105.0,0.0,0.0,0.3737556561085973
5.0,3.0,38.0,0.6,0.1,0.6,2.0,1105.0,0.0,0.0,0.36923076923076925
5.0,3.0,39.0,0.6,0.1,0.6,2.0,1079.0,0.0,0.0,0.3716404077849861
5.0,3.0,40.0,0.6,0.1,0.6,2.0,1044.0,0.0,0.0,0.36973180076628354
5.0,3.0,41.0,0.6,0.1,0.6,2.0,1029.0,0.0,0.0,0.369290573372206
5.0,3.0,42.0,0.6,0.1,0.6,2.0,1022.0,0.0,0.0,0.3679060665362035
5.0,3.0,43.0,0.6,0.1,0.6,2.0,981.0,0.0,0.0,0.37104994903160043
5.0,3.0,44.0,0.6,0.1,0.6,2.0,962.0,0.0,0.0,0.37525987525987525
5.0,3.0,45.0,0.6,0.1,0.6,2.0,947.0,0.0,0.0,0.6230200633579726
5.0,3.0,46.0,0.6,0.1,0.6,2.0,935.0,0.0,0.0,0.6235294117647059
5.0,3.0,47.0,0.6,0.1,0.6,2.0,926.0,0.0,0.0,0.6231101511879049
5.0,3.0,48.0,0.6,0.1,0.6,2.0,920.0,0.0,0.0,0.6206521739130435
5.0,3.0,49.0,0.6,0.1,0.6,2.0,917.0,0.0,0.0,0.6205016357688113
5.0,3.0,50.0,0.6,0.1,0.6,2.0,909.0,0.0,0.0,0.6182618261826183
5.0,3.0,51.0,0.6,0.1,0.6,2.0,889.0,0.0,0.0,0.6197975253093363
5.0,3.0,52.0,0.6,0.1,0.6,2.0,885.0,0.0,0.0,0.6192090395480226
5.0,4.0,1.0,0.6,0.1,0.6,2.0,861.0,0.0,0.0,0.6202090592334495
5.0,4.0,2.0,0.6,0.1,0.6,2.0,833.0,0.0,0.0,0.6182472989195679
5.0,4.0,3.0,0.6,0.1,0.6,2.0,810.0,0.0,0.0,0.6209876543209877
5.0,4.0,4.0,0.6,0.1,0.6,2.0,807.0,0.0,0.0,0.6183395291201983
5.0,4.0,5.0,0.6,0.1,0.6,2.0,797.0,0.0,0.0,0.6185696361355082
5.0,4.0,6.0,0.6,0.1,0.6,2.0,795.0,0.0,0.0,0.6176100628930817
5.0,4.0,7.0,0.6,0.1,0.6,2.0,786.0,0.0,0.0,0.6170483460559797
5.0,4.0,8.0,0.6,0.1,0.6,2.0,784.0,0.0,0.0,0.6211734693877551
5.0,4.0,9.0,0.6,0.1,0.6,2.0,767.0,0.0,0.0,0.6192959582790091
5.0,4.0,10.0,0.6,0.1,0.6,2.0,763.0,0.0,0.0,0.6225425950196593
5.0,4.0,11.0,0.6,0.1,0.6,2.0,755.0,0.0,0.0,0.6185430463576159
5.0,4.0,12.0,0.6,0.1,0.6,2.0,746.0,0.0,0.0,0.6166219839142091
5.0,4.0,13.0,0.6,0.1,0.6,2.0,742.0,0.0,0.0,0.6132075471698113
5.0,4.0,14.0,0.6,0.1,0.6,2.0,743.0,0.0,0.0,0.6150740242261103
5.0,4.0,15.0,0.6,0.1,0.6,2.0,724.0,0.0,0.0,0.6104972375690608
5.0,4.0,16.0,0.6,0.1,0.6,2.0,714.0,0.0,0.0,0.6148459383753502
5.0,4.0,17.0,0.6,0.1,0.6,2.0,711.0,0.0,0.0,0.6118143459915611
5.0,4.0,18.0,0.6,0.1,0.6,2.0,711.0,0.0,0.0,0.6132208157524613
5.0,4.0,19.0,0.6,0.1,0.6,2.0,708.0,0.0,0.0,0.6101694915254238
5.0,4.0,20.0,0.6,0.1,0.6,2.0,1288.0,0.0,0.0,0.33773291925465837
5.0,4.0,21.0,0.6,0.1,0.6,2.0,1238.0,0.0,0.0,0.3384491114701131
5.0,4.0,22.0,0.6,0.1,0.6,2.0,1191.0,0.0,0.0,0.3425692695214106
5.0,4.0,23.0,0.6,0.1,0.6,2.0,1167.0,0.0,0.0,0.34190231362467866
5.0,4.0,24.0,0.6,0.1,0.6,2.0,1161.0,0.0,0.0,0.34108527131782945
5.0,4.0,25.0,0.6,0.1,0.6,2.0,1153.0,0.0,0.0,0.3443191673894189
5.0,4.0,26.0,0.6,0.1,0.6,2.0,1116.0,0.0,0.0,0.3431899641577061
5.0,4.0,27.0,0.6,0.1,0.6,2.0,1080.0,0.0,0.0,0.34814814814814815
5.0,4.0,28.0,0.6,0.1,0.6,2.0,1064.0,0.0,0.0,0.34868421052631576
5.0,4.0,29.0,0.6,0.1,0.6,2.0,1037.0,0.0,0.0,0.3481195756991321
5.0,4.0,30.0,0.6,0.1,0.6,2.0,1012.0,0.0,0.0,0.35177865612648224
5.0,4.0,31.0,0.6,0.1,0.6,2.0,1004.0,0.0,0.0,0.351593625498008
5.0,4.0,32.0,0.6,0.1,0.6,2.0,961.0,0.0,0.0,0.35796045785639957
5.0,4.0,33.0,0.6,0.1,0.6,2.0,946.0,0.0,0.0,0.36257928118393234
5.0,4.0,34.0,0.6,0.1,0.6,2.0,949.0,0.0,0.0,0.36143308746048475
5.0,4.0,35.0,0.6,0.1,0.6,2.0,908.0,0.0,0.0,0.3645374449339207
5.0,4.0,36.0,0.6,0.1,0.6,2.0,892.0,0.0,0.0,0.3654708520179372
5.0,4.0,37.0,0.6,0.1,0.6,2.0,878.0,0.0,0.0,0.36674259681093396
5.0,4.0,38.0,0.6,0.1,0.6,2.0,866.0,0.0,0.0,0.3683602771362587
5.0,4.0,39.0,0.6,0.1,0.6,2.0,840.0,0.0,0.0,0.36547619047619045
5.0,4.0,40.0,0.6,0.1,0.6,2.0,825.0,0.0,0.0,0.36484848484848487
5.0,4.0,41.0,0.6,0.1,0.6,2.0,825.0,0.0,0.0,0.36363636363636365
5.0,4.0,42.0,0.6,0.1,0.6,2.0,813.0,0.0,0.0,0.36162361623616235
5.0,4.0,43.0,0.6,0.1,0.6,2.0,809.0,0.0,0.0,0.35970333745364647
5.0,4.0,44.0,0.6,0.1,0.6,2.0,796.0,0.0,0.0,0.36180904522613067
5.0,4.0,45.0,0.6,0.1,0.6,2.0,806.0,0.0,0.0,0.6277915632754343
5.0,4.0,46.0,0.6,0.1,0.6,2.0,798.0,0.0,0.0,0.6290726817042607
5.0,4.0,47.0,0.6,0.1,0.6,2.0,792.0,0.0,0.0,0.6287878787878788
5.0,4.0,48.0,0.6,0.1,0.6,2.0,751.0,0.0,0.0,0.6338215712383488
5.0,4.0,49.0,0.6,0.1,0.6,2.0,733.0,0.0,0.0,0.6371077762619373
5.0,4.0,50.0,0.6,0.1,0.6,2.0,715.0,0.0,0.0,0.6377622377622377
5.0,4.0,51.0,0.6,0.1,0.6,2.0,713.0,0.0,0.0,0.6367461430575035
5.0,4.0,52.0,0.6,0.1,0.6,2.0,695.0,0.0,0.0,0.6316546762589929
5.0,5.0,1.0,0.6,0.1,0.6,2.0,697.0,0.0,0.0,0.629842180774749
5.0,5.0,2.0,0.6,0.1,0.6,2.0,696.0,0.0,0.0,0.6307471264367817
5.0,5.0,3.0,0.6,0.1,0.6,2.0,680.0,0.0,0.0,0.6323529411764706
5.0,5.0,4.0,0.6,0.1,0.6,2.0,677.0,0.0,0.0,0.6351550960118169
5.0,5.0,5.0,0.6,0.1,0.6,2.0,674.0,0.0,0.0,0.6320474777448071
5.0,5.0,6.0,0.6,0.1,0.6,2.0,653.0,0.0,0.0,0.6355283307810107
5.0,5.0,7.0,0.6,0.1,0.6,2.0,655.0,0.0,0.0,0.6335877862595419
5.0,5.0,8.0,0.6,0.1,0.6,2.0,647.0,0.0,0.0,0.6398763523956723
5.0,5.0,9.0,0.6,0.1,0.6,2.0,648.0,0.0,0.0,0.6404320987654321
5.0,5.0,10.0,0.6,0.1,0.6,2.0,641.0,0.0,0.0,0.641185647425897
5.0,5.0,11.0,0.6,0.1,0.6,2.0,644.0,0.0,0.0,0.6413043478260869
5.0,5.0,12.0,0.6,0.1,0.6,2.0,631.0,0.0,0.0,0.6434231378763867
5.0,5.0,13.0,0.6,0.1,0.6,2.0,634.0,0.0,0.0,0.6435331230283912
5.0,5.0,14.0,0.6,0.1,0.6,2.0,628.0,0.0,0.0,0.6449044585987261
5.0,5.0,15.0,0.6,0.1,0.6,2.0,631.0,0.0,0.0,0.6434231378763867
5.0,5.0,16.0,0.6,0.1,0.6,2.0,626.0,0.0,0.0,0.6437699680511182
5.0,5.0,17.0,0.6,0.1,0.6,2.0,629.0,0.0,0.0,0.643879173290938
5.0,5.0,18.0,0.6,0.1,0.6,2.0,625.0,0.0,0.0,0.6432
5.0,5.0,19.0,0.6,0.1,0.6,2.0,617.0,0.0,0.0,0.646677471636953
5.0,5.0,20.0,0.6,0.1,0.6,2.0,1048.0,0.0,0.0,0.37690839694656486
5.0,5.0,21.0,0.6,0.1,0.6,2.0,1051.0,0.0,0.0,0.37678401522359656
5.0,5.0,22.0,0.6,0.1,0.6,2.0,1037.0,0.0,0.0,0.3770491803278688
5.0,5.0,23.0,0.6,0.1,0.6,2.0,1047.0,0.0,0.0,0.3753581661891118
5.0,5.0,24.0,0.6,0.1,0.6,2.0,1021.0,0.0,0.0,0.3770812928501469
5.0,5.0,25.0,0.6,0.1,0.6,2.0,1007.0,0.0,0.0,0.37735849056603776
5.0,5.0,26.0,0.6,0.1,0.6,2.0,962.0,0.0,0.0,0.3814968814968815
5.0,5.0,27.0,0.6,0.1,0.6,2.0,960.0,0.0,0.0,0.37916666666666665
5.0,5.0,28.0,0.6,0.1,0.6,2.0,948.0,0.0,0.0,0.3808016877637131
5.0,5.0,29.0,0.6,0.1,0.6,2.0,959.0,0.0,0.0,0.37851929092805003
5.0,5.0,30.0,0.6,0.1,0.6,2.0,948.0,0.0,0.0,0.3808016877637131
5.0,5.0,31.0,0.6,0.1,0.6,2.0,946.0,0.0,0.0,0.38054968287526425
5.0,5.0,32.0,0.6,0.1,0.6,2.0,894.0,0.0,0.0,0.3870246085011186
5.0,5.0,33.0,0.6,0.1,0.6,2.0,878.0,0.0,0.0,0.3906605922551253
5.0,5.0,34.0,0.6,0.1,0.6,2.0,865.0,0.0,0.0,0.3919075144508671
5.0,5.0,35.0,0.6,0.1,0.6,2.0,876.0,0.0,0.0,0.3892694063926941
5.0,5.0,36.0,0.6,0.1,0.6,2.0,832.0,0.0,0.0,0.3954326923076923
5.0,5.0,37.0,0.6,0.1,0.6,2.0,845.0,0.0,0.0,0.3940828402366864
5.0,5.0,38.0,0.6,0.1,0.6,2.0,830.0,0.0,0.0,0.39518072289156625
5.0,5.0,39.0,0.6,0.1,0.6,2.0,841.0,0.0,0.0,0.3923900118906064
5.0,5.0,40.0,0.6,0.1,0.6,2.0,812.0,0.0,0.0,0.39532019704433496
5.0,5.0,41.0,0.6,0.1,0.6,2.0,825.0,0.0,0.0,0.3927272727272727
5.0,5.0,42.0,0.6,0.1,0.6,2.0,789.0,0.0,0.0,0.39670468948035487
5.0,5.0,43.0,0.6,0.1,0.6,2.0,796.0,0.0,0.0,0.3907035175879397
5.0,5.0,44.0,0.6,0.1,0.6,2.0,782.0,0.0,0.0,0.3900255754475703
5.0,5.0,45.0,0.6,0.1,0.6,2.0,786.0,0.0,0.0,0.6183206106870229
5.0,5.0,46.0,0.6,0.1,0.6,2.0,776.0,0.0,0.0,0.6198453608247423
5.0,5.0,47.0,0.6,0.1,0.6,2.0,785.0,0.0,0.0,0.6178343949044586
5.0,5.0,48.0,0.6,0.1,0.6,2.0,773.0,0.0,0.0,0.6183699870633894
5.0,5.0,49.0,0.6,0.1,0.6,2.0,780.0,0.0,0.0,0.6153846153846154
5.0,5.0,50.0,0.6,0.1,0.6,2.0,779.0,0.0,0.0,0.613607188703466
5.0,5.0,51.0,0.6,0.1,0.6,2.0,776.0,0.0,0.0,0.615979381443299
5.0,5.0,52.0,0.6,0.1,0.6,2.0,774.0,0.0,0.0,0.6136950904392765
5.0,6.0,1.0,0.6,0.1,0.6,2.0,773.0,0.0,0.0,0.6183699870633894
5.0,6.0,2.0,0.6,0.1,0.6,2.0,760.0,0.0,0.0,0.6157894736842106
5.0,6.0,3.0,0.6,0.1,0.6,2.0,761.0,0.0,0.0,0.6202365308804205
5.0,6.0,4.0,0.6,0.1,0.6,2.0,755.0,0.0,0.0,0.6172185430463576
5.0,6.0,5.0,0.6,0.1,0.6,2.0,754.0,0.0,0.0,0.623342175066313
5.0,6.0,6.0,0.6,0.1,0.6,2.0,734.0,0.0,0.0,0.6239782016348774
5.0,6.0,7.0,0.6,0.1,0.6,2.0,719.0,0.0,0.0,0.6244784422809457
5.0,6.0,8.0,0.6,0.1,0.6,2.0,718.0,0.0,0.0,0.6211699164345403
5.0,6.0,9.0,0.6,0.1,0.6,2.0,714.0,0.0,0.0,0.6260504201680672
5.0,6.0,10.0,0.6,0.1,0.6,2.0,708.0,0.0,0.0,0.6257062146892656
5.0,6.0,11.0,0.6,0.1,0.6,2.0,712.0,0.0,0.0,0.6264044943820225
5.0,6.0,12.0,0.6,0.1,0.6,2.0,707.0,0.0,0.0,0.6251768033946252
5.0,6.0,13.0,0.6,0.1,0.6,2.0,709.0,0.0,0.0,0.6262341325811002
5.0,6.0,14.0,0.6,0.1,0.6,2.0,697.0,0.0,0.0,0.6269727403156384
5.0,6.0,15.0,0.6,0.1,0.6,2.0,701.0,0.0,0.0,0.6291012838801712
5.0,6.0,16.0,0.6,0.1,0.6,2.0,694.0,0.0,0.0,0.6296829971181557
5.0,6.0,17.0,0.6,0.1,0.6,2.0,696.0,0.0,0.0,0.6307471264367817
5.0,6.0,18.0,0.6,0.1,0.6,2.0,692.0,0.0,0.0,0.630057803468208
5.0,6.0,19.0,0.6,0.1,0.6,2.0,696.0,0.0,0.0,0.6307471264367817
5.0,6.0,20.0,0.6,0.1,0.6,2.0,1260.0,0.0,0.0,0.346031746031746
5.0,6.0,21.0,0.6,0.1,0.6,2.0,1242.0,0.0,0.0,0.3413848631239936
5.0,6.0,22.0,0.6,0.1,0.6,2.0,1170.0,0.0,0.0,0.3504273504273504
5.0,6.0,23.0,0.6,0.1,0.6,2.0,1162.0,0.0,0.0,0.35197934595524955
5.0,6.0,24.0,0.6,0.1,0.6,2.0,1112.0,0.0,0.0,0.3516187050359712
5.0,6.0,25.0,0.6,0.1,0.6,2.0,1121.0,0.0,0.0,0.35325602140945583
5.0,6.0,26.0,0.6,0.1,0.6,2.0,1093.0,0.0,0.0,0.35773101555352244
5.0,6.0,27.0,0.6,0.1,0.6,2.0,1092.0,0.0,0.0,0.35805860805860806
5.0,6.0,28.0,0.6,0.1,0.6,2.0,1071.0,0.0,0.0,0.3604108309990663
5.0,6.0,29.0,0.6,0.1,0.6,2.0,1034.0,0.0,0.0,0.3665377176015474
5.0,6.0,30.0,0.6,0.1,0.6,2.0,1013.0,0.0,0.0,0.3711747285291214
5.0,6.0,31.0,0.6,0.1,0.6,2.0,1014.0,0.0,0.0,0.3708086785009862
5.0,6.0,32.0,0.6,0.1,0.6,2.0,984.0,0.0,0.0,0.37703252032520324
5.0,6.0,33.0,0.6,0.1,0.6,2.0,936.0,0.0,0.0,0.37927350427350426
5.0,6.0,34.0,0.6,0.1,0.6,2.0,911.0,0.0,0.0,0.38199780461031835
5.0,6.0,35.0,0.6,0.1,0.6,2.0,899.0,0.0,0.0,0.38153503893214685
5.0,6.0,36.0,0.6,0.1,0.6,2.0,911.0,0.0,0.0,0.3787047200878156
5.0,6.0,37.0,0.6,0.1,0.6,2.0,888.0,0.0,0.0,0.37725225225225223
5.0,6.0,38.0,0.6,0.1,0.6,2.0,859.0,0.0,0.0,0.37718277066356226
5.0,6.0,39.0,0.6,0.1,0.6,2.0,829.0,0.0,0.0,0.376357056694813
5.0,6.0,40.0,0.6,0.1,0.6,2.0,832.0,0.0,0.0,0.3786057692307692
5.0,6.0,41.0,0.6,0.1,0.6,2.0,820.0,0.0,0.0,0.37682926829268293
5.0,6.0,42.0,0.6,0.1,0.6,2.0,815.0,0.0,0.0,0.3803680981595092
5.0,6.0,43.0,0.6,0.1,0.6,2.0,801.0,0.0,0.0,0.3807740324594257
5.0,6.0,44.0,0.6,0.1,0.6,2.0,812.0,0.0,0.0,0.3817733990147783
5.0,6.0,45.0,0.6,0.1,0.6,2.0,802.0,0.0,0.0,0.6184538653366584
5.0,6.0,46.0,0.6,0.1,0.6,2.0,813.0,0.0,0.0,0.6223862238622386
5.0,6.0,47.0,0.6,0.1,0.6,2.0,773.0,0.0,0.0,0.6209573091849935
5.0,6.0,48.0,0.6,0.1,0.6,2.0,768.0,0.0,0.0,0.625
5.0,6.0,49.0,0.6,0.1,0.6,2.0,751.0,0.0,0.0,0.625832223701731
5.0,6.0,50.0,0.6,0.1,0.6,2.0,765.0,0.0,0.0,0.6248366013071895
5.0,6.0,51.0,0.6,0.1,0.6,2.0,746.0,0.0,0.0,0.6246648793565683
5.0,6.0,52.0,0.6,0.1,0.6,2.0,750.0,0.0,0.0,0.6266666666666667
5.0,7.0,1.0,0.6,0.1,0.6,2.0,741.0,0.0,0.0,0.6234817813765182
5.0,7.0,2.0,0.6,0.1,0.6,2.0,744.0,0.0,0.0,0.625
5.0,7.0,3.0,0.6,0.1,0.6,2.0,733.0,0.0,0.0,0.6234652114597544
5.0,7.0,4.0,0.6,0.1,0.6,2.0,738.0,0.0,0.0,0.6273712737127372
5.0,7.0,5.0,0.6,0.1,0.6,2.0,731.0,0.0,0.0,0.6238030095759234
5.0,7.0,6.0,0.6,0.1,0.6,2.0,733.0,0.0,0.0,0.6275579809004093
5.0,7.0,7.0,0.6,0.1,0.6,2.0,724.0,0.0,0.0,0.6243093922651933
5.0,7.0,8.0,0.6,0.1,0.6,2.0,715.0,0.0,0.0,0.6321678321678321
5.0,7.0,9.0,0.6,0.1,0.6,2.0,701.0,0.0,0.0,0.6333808844507846
5.0,7.0,10.0,0.6,0.1,0.6,2.0,702.0,0.0,0.0,0.6367521367521367
5.0,7.0,11.0,0.6,0.1,0.6,2.0,695.0,0.0,0.0,0.637410071942446
5.0,7.0,12.0,0.6,0.1,0.6,2.0,696.0,0.0,0.0,0.639367816091954
5.0,7.0,13.0,0.6,0.1,0.6,2.0,692.0,0.0,0.0,0.6358381502890174
5.0,7.0,14.0,0.6,0.1,0.6,2.0,694.0,0.0,0.0,0.6412103746397695
5.0,7.0,15.0,0.6,0.1,0.6,2.0,689.0,0.0,0.0,0.6357039187227866
5.0,7.0,16.0,0.6,0.1,0.6,2.0,692.0,0.0,0.0,0.6401734104046243
5.0,7.0,17.0,0.6,0.1,0.6,2.0,687.0,0.0,0.0,0.636098981077147
5.0,7.0,18.0,0.6,0.1,0.6,2.0,690.0,0.0,0.0,0.6391304347826087
5.0,7.0,19.0,0.6,0.1,0.6,2.0,685.0,0.0,0.0,0.6364963503649635
5.0,7.0,20.0,0.6,0.1,0.6,2.0,1250.0,0.0,0.0,0.352
5.0,7.0,21.0,0.6,0.1,0.6,2.0,1215.0,0.0,0.0,0.34897119341563787
5.0,7.0,22.0,0.6,0.1,0.6,2.0,1197.0,0.0,0.0,0.35254803675856305
5.0,7.0,23.0,0.6,0.1,0.6,2.0,1171.0,0.0,0.0,0.3492741246797609
5.0,7.0,24.0,0.6,0.1,0.6,2.0,1166.0,0.0,0.0,0.35334476843910806
5.0,7.0,25.0,0.6,0.1,0.6,2.0,1141.0,0.0,0.0,0.3488168273444347
5.0,7.0,26.0,0.6,0.1,0.6,2.0,1137.0,0.0,0.0,0.3526824978012313
5.0,7.0,27.0,0.6,0.1,0.6,2.0,1105.0,0.0,0.0,0.351131221719457
5.0,7.0,28.0,0.6,0.1,0.6,2.0,1084.0,0.0,0.0,0.35793357933579334
5.0,7.0,29.0,0.6,0.1,0.6,2.0,1060.0,0.0,0.0,0.35094339622641507
5.0,7.0,30.0,0.6,0.1,0.6,2.0,1026.0,0.0,0.0,0.35964912280701755
5.0,7.0,31.0,0.6,0.1,0.6,2.0,1003.0,0.0,0.0,0.3489531405782652
5.0,7.0,32.0,0.6,0.1,0.6,2.0,1001.0,0.0,0.0,0.34665334665334663
5.0,7.0,33.0,0.6,0.1,0.6,2.0,957.0,0.0,0.0,0.35318704284221525
5.0,7.0,34.0,0.6,0.1,0.6,2.0,925.0,0.0,0.0,0.3589189189189189
5.0,7.0,35.0,0.6,0.1,0.6,2.0,926.0,0.0,0.0,0.357451403887689
5.0,7.0,36.0,0.6,0.1,0.6,2.0,901.0,0.0,0.0,0.3584905660377358
5.0,7.0,37.0,0.6,0.1,0.6,2.0,902.0,0.0,0.0,0.35698447893569846
5.0,7.0,38.0,0.6,0.1,0.6,2.0,888.0,0.0,0.0,0.3581081081081081
5.0,7.0,39.0,0.6,0.1,0.6,2.0,889.0,0.0,0.0,0.3577052868391451
5.0,7.0,40.0,0.6,0.1,0.6,2.0,876.0,0.0,0.0,0.3607305936073059
5.0,7.0,41.0,0.6,0.1,0.6,2.0,838.0,0.0,0.0,0.36515513126491644
5.0,7.0,42.0,0.6,0.1,0.6,2.0,839.0,0.0,0.0,0.367103694874851
5.0,7.0,43.0,0.6,0.1,0.6,2.0,835.0,0.0,0.0,0.3652694610778443
5.0,7.0,44.0,0.6,0.1,0.6,2.0,815.0,0.0,0.0,0.3693251533742331
5.0,7.0,45.0,0.6,0.1,0.6,2.0,789.0,0.0,0.0,0.6311787072243346
5.0,7.0,46.0,0.6,0.1,0.6,2.0,788.0,0.0,0.0,0.6281725888324873
5.0,7.0,47.0,0.6,0.1,0.6,2.0,788.0,0.0,0.0,0.6307106598984772
5.0,7.0,48.0,0.6,0.1,0.6,2.0,772.0,0.0,0.0,0.6321243523316062
5.0,7.0,49.0,0.6,0.1,0.6,2.0,771.0,0.0,0.0,0.6355382619974059
5.0,7.0,50.0,0.6,0.1,0.6,2.0,749.0,0.0,0.0,0.6381842456608812
5.0,7.0,51.0,0.6,0.1,0.6,2.0,753.0,0.0,0.0,0.6374501992031872
5.0,7.0,52.0,0.6,0.1,0.6,2.0,747.0,0.0,0.0,0.6398929049531459
5.0,8.0,1.0,0.6,0.1,0.6,2.0,749.0,0.0,0.0,0.6381842456608812
5.0,8.0,2.0,0.6,0.1,0.6,2.0,731.0,0.0,0.0,0.640218878248974
5.0,8.0,3.0,0.6,0.1,0.6,2.0,736.0,0.0,0.0,0.6372282608695652
5.0,8.0,4.0,0.6,0.1,0.6,2.0,731.0,0.0,0.0,0.6374829001367989
5.0,8.0,5.0,0.6,0.1,0.6,2.0,733.0,0.0,0.0,0.635743519781719
5.0,8.0,6.0,0.6,0.1,0.6,2.0,729.0,0.0,0.0,0.6364883401920439
5.0,8.0,7.0,0.6,0.1,0.6,2.0,733.0,0.0,0.0,0.6371077762619373
5.0,8.0,8.0,0.6,0.1,0.6,2.0,724.0,0.0,0.0,0.6422651933701657
5.0,8.0,9.0,0.6,0.1,0.6,2.0,725.0,0.0,0.0,0.64
5.0,8.0,10.0,0.6,0.1,0.6,2.0,720.0,0.0,0.0,0.6444444444444445
5.0,8.0,11.0,0.6,0.1,0.6,2.0,721.0,0.0,0.0,0.6449375866851595
5.0,8.0,12.0,0.6,0.1,0.6,2.0,712.0,0.0,0.0,0.6446629213483146
5.0,8.0,13.0,0.6,0.1,0.6,2.0,716.0,0.0,0.0,0.6452513966480447
5.0,8.0,14.0,0.6,0.1,0.6,2.0,706.0,0.0,0.0,0.6430594900849859
5.0,8.0,15.0,0.6,0.1,0.6,2.0,713.0,0.0,0.0,0.6451612903225806
5.0,8.0,16.0,0.6,0.1,0.6,2.0,680.0,0.0,0.0,0.6470588235294118
5.0,8.0,17.0,0.6,0.1,0.6,2.0,687.0,0.0,0.0,0.6477438136826783
5.0,8.0,18.0,0.6,0.1,0.6,2.0,680.0,0.0,0.0,0.6455882352941177
5.0,8.0,19.0,0.6,0.1,0.6,2.0,685.0,0.0,0.0,0.6481751824817519
5.0,8.0,20.0,0.6,0.1,0.6,2.0,1225.0,0.0,0.0,0.35836734693877553
5.0,8.0,21.0,0.6,0.1,0.6,2.0,1237.0,0.0,0.0,0.3581244947453517
5.0,8.0,22.0,0.6,0.1,0.6,2.0,1199.0,0.0,0.0,0.36447039199332776
5.0,8.0,23.0,0.6,0.1,0.6,2.0,1202.0,0.0,0.0,0.3577371048252912
5.0,8.0,24.0,0.6,0.1,0.6,2.0,1171.0,0.0,0.0,0.3629376601195559
5.0,8.0,25.0,0.6,0.1,0.6,2.0,1166.0,0.0,0.0,0.3567753001715266
5.0,8.0,26.0,0.6,0.1,0.6,2.0,1113.0,0.0,0.0,0.3674752920035939
5.0,8.0,27.0,0.6,0.1,0.6,2.0,1133.0,0.0,0.0,0.36187113857016767
5.0,8.0,28.0,0.6,0.1,0.6,2.0,1097.0,0.0,0.0,0.3682771194165907
5.0,8.0,29.0,0.6,0.1,0.6,2.0,1079.0,0.0,0.0,0.3707136237256719
5.0,8.0,30.0,0.6,0.1,0.6,2.0,1032.0,0.0,0.0,0.3798449612403101
5.0,8.0,31.0,0.6,0.1,0.6,2.0,1014.0,0.0,0.0,0.3767258382642998
5.0,8.0,32.0,0.6,0.1,0.6,2.0,968.0,0.0,0.0,0.3822314049586777
5.0,8.0,33.0,0.6,0.1,0.6,2.0,976.0,0.0,0.0,0.375
5.0,8.0,34.0,0.6,0.1,0.6,2.0,968.0,0.0,0.0,0.3822314049586777
5.0,8.0,35.0,0.6,0.1,0.6,2.0,944.0,0.0,0.0,0.3781779661016949
5.0,8.0,36.0,0.6,0.1,0.6,2.0,915.0,0.0,0.0,0.38579234972677595
5.0,8.0,37.0,0.6,0.1,0.6,2.0,909.0,0.0,0.0,0.38173817381738173
5.0,8.0,38.0,0.6,0.1,0.6,2.0,886.0,0.0,0.0,0.3927765237020316
5.0,8.0,39.0,0.6,0.1,0.6,2.0,896.0,0.0,0.0,0.3861607142857143
5.0,8.0,40.0,0.6,0.1,0.6,2.0,873.0,0.0,0.0,0.3940435280641466
5.0,8.0,41.0,0.6,0.1,0.6,2.0,874.0,0.0,0.0,0.39244851258581237
5.0,8.0,42.0,0.6,0.1,0.6,2.0,850.0,0.0,0.0,0.39647058823529413
5.0,8.0,43.0,0.6,0.1,0.6,2.0,863.0,0.0,0.0,0.3904982618771727
5.0,8.0,44.0,0.6,0.1,0.6,2.0,824.0,0.0,0.0,0.39805825242718446
5.0,8.0,45.0,0.6,0.1,0.6,2.0,819.0,0.0,0.0,0.6483516483516484
5.0,8.0,46.0,0.6,0.1,0.6,2.0,806.0,0.0,0.0,0.6488833746898263
5.0,8.0,47.0,0.6,0.1,0.6,2.0,819.0,0.0,0.0,0.6483516483516484
5.0,8.0,48.0,0.6,0.1,0.6,2.0,806.0,0.0,0.0,0.6488833746898263
5.0,8.0,49.0,0.6,0.1,0.6,2.0,819.0,0.0,0.0,0.6483516483516484
5.0,8.0,50.0,0.6,0.1,0.6,2.0,804.0,0.0,0.0,0.6455223880597015
5.0,8.0,51.0,0.6,0.1,0.6,2.0,800.0,0.0,0.0,0.64875
5.0,8.0,52.0,0.6,0.1,0.6,2.0,789.0,0.0,0.0,0.6476552598225602
5.0,9.0,1.0,0.6,0.1,0.6,2.0,783.0,0.0,0.0,0.6500638569604087
5.0,9.0,2.0,0.6,0.1,0.6,2.0,783.0,0.0,0.0,0.6475095785440613
5.0,9.0,3.0,0.6,0.1,0.6,2.0,767.0,0.0,0.0,0.6479791395045632
5.0,9.0,4.0,0.6,0.1,0.6,2.0,772.0,0.0,0.0,0.6476683937823834
5.0,9.0,5.0,0.6,0.1,0.6,2.0,766.0,0.0,0.0,0.6475195822454308
5.0,9.0,6.0,0.6,0.1,0.6,2.0,770.0,0.0,0.0,0.6480519480519481
5.0,9.0,7.0,0.6,0.1,0.6,2.0,766.0,0.0,0.0,0.6475195822454308
5.0,9.0,8.0,0.6,0.1,0.6,2.0,766.0,0.0,0.0,0.6488250652741514
5.0,9.0,9.0,0.6,0.1,0.6,2.0,761.0,0.0,0.0,0.6491458607095927
5.0,9.0,10.0,0.6,0.1,0.6,2.0,755.0,0.0,0.0,0.6556291390728477
5.0,9.0,11.0,0.6,0.1,0.6,2.0,758.0,0.0,0.0,0.6517150395778364
5.0,9.0,12.0,0.6,0.1,0.6,2.0,753.0,0.0,0.0,0.6547144754316069
5.0,9.0,13.0,0.6,0.1,0.6,2.0,757.0,0.0,0.0,0.6525759577278731
5.0,9.0,14.0,0.6,0.1,0.6,2.0,749.0,0.0,0.0,0.6568758344459279
5.0,9.0,15.0,0.6,0.1,0.6,2.0,757.0,0.0,0.0,0.6525759577278731
5.0,9.0,16.0,0.6,0.1,0.6,2.0,749.0,0.0,0.0,0.6568758344459279
5.0,9.0,17.0,0.6,0.1,0.6,2.0,742.0,0.0,0.0,0.6482479784366577
5.0,9.0,18.0,0.6,0.1,0.6,2.0,735.0,0.0,0.0,0.6530612244897959
5.0,9.0,19.0,0.6,0.1,0.6,2.0,742.0,0.0,0.0,0.6482479784366577
5.0,9.0,20.0,0.6,0.1,0.6,2.0,1284.0,0.0,0.0,0.36682242990654207
5.0,9.0,21.0,0.6,0.1,0.6,2.0,1252.0,0.0,0.0,0.36900958466453676
5.0,9.0,22.0,0.6,0.1,0.6,2.0,1224.0,0.0,0.0,0.37336601307189543
5.0,9.0,23.0,0.6,0.1,0.6,2.0,1172.0,0.0,0.0,0.3728668941979522
5.0,9.0,24.0,0.6,0.1,0.6,2.0,1132.0,0.0,0.0,0.37985865724381623
5.0,9.0,25.0,0.6,0.1,0.6,2.0,1112.0,0.0,0.0,0.37859712230215825
5.0,9.0,26.0,0.6,0.1,0.6,2.0,1085.0,0.0,0.0,0.3824884792626728
5.0,9.0,27.0,0.6,0.1,0.6,2.0,1076.0,0.0,0.0,0.38382899628252787
5.0,9.0,28.0,0.6,0.1,0.6,2.0,1032.0,0.0,0.0,0.39341085271317827
5.0,9.0,29.0,0.6,0.1,0.6,2.0,1034.0,0.0,0.0,0.39361702127659576
5.0,9.0,30.0,0.6,0.1,0.6,2.0,1007.0,0.0,0.0,0.39920556107249255
5.0,9.0,31.0,0.6,0.1,0.6,2.0,991.0,0.0,0.0,0.39656912209889
5.0,9.0,32.0,0.6,0.1,0.6,2.0,946.0,0.0,0.0,0.4048625792811839
5.0,9.0,33.0,0.6,0.1,0.6,2.0,941.0,0.0,0.0,0.3995749202975558
5.0,9.0,34.0,0.6,0.1,0.6,2.0,934.0,0.0,0.0,0.4057815845824411
5.0,9.0,35.0,0.6,0.1,0.6,2.0,941.0,0.0,0.0,0.3995749202975558
5.0,9.0,36.0,0.6,0.1,0.6,2.0,934.0,0.0,0.0,0.4057815845824411
5.0,9.0,37.0,0.6,0.1,0.6,2.0,919.0,0.0,0.0,0.39934711643090315
5.0,9.0,38.0,0.6,0.1,0.6,2.0,896.0,0.0,0.0,0.4095982142857143
5.0,9.0,39.0,0.6,0.1,0.6,2.0,904.0,0.0,0.0,0.40376106194690264
5.0,9.0,40.0,0.6,0.1,0.6,2.0,869.0,0.0,0.0,0.4131185270425777
5.0,9.0,41.0,0.6,0.1,0.6,2.0,866.0,0.0,0.0,0.4122401847575058
5.0,9.0,42.0,0.6,0.1,0.6,2.0,844.0,0.0,0.0,0.41706161137440756
5.0,9.0,43.0,0.6,0.1,0.6,2.0,841.0,0.0,0.0,0.41379310344827586
5.0,9.0,44.0,0.6,0.1,0.6,2.0,829.0,0.0,0.0,0.4161640530759952
5.0,9.0,45.0,0.6,0.1,0.6,2.0,827.0,0.0,0.0,0.6553808948004837
5.0,9.0,46.0,0.6,0.1,0.6,2.0,816.0,0.0,0.0,0.6556372549019608
5.0,9.0,47.0,0.6,0.1,0.6,2.0,803.0,0.0,0.0,0.6550435865504358
5.0,9.0,48.0,0.6,0.1,0.6,2.0,804.0,0.0,0.0,0.6567164179104478
5.0,9.0,49.0,0.6,0.1,0.6,2.0,775.0,0.0,0.0,0.6541935483870968
5.0,9.0,50.0,0.6,0.1,0.6,2.0,777.0,0.0,0.0,0.6563706563706564
5.0,9.0,51.0,0.6,0.1,0.6,2.0,775.0,0.0,0.0,0.655483870967742
5.0,9.0,52.0,0.6,0.1,0.6,2.0,774.0,0.0,0.0,0.6576227390180879
5.0,10.0,1.0,0.6,0.1,0.6,2.0,759.0,0.0,0.0,0.6587615283267457
5.0,10.0,2.0,0.6,0.1,0.6,2.0,761.0,0.0,0.0,0.6596583442838371
5.0,10.0,3.0,0.6,0.1,0.6,2.0,758.0,0.0,0.0,0.658311345646438
5.0,10.0,4.0,0.6,0.1,0.6,2.0,760.0,0.0,0.0,0.6592105263157895
5.0,10.0,5.0,0.6,0.1,0.6,2.0,759.0,0.0,0.0,0.6587615283267457
5.0,10.0,6.0,0.6,0.1,0.6,2.0,760.0,0.0,0.0,0.6592105263157895
5.0,10.0,7.0,0.6,0.1,0.6,2.0,758.0,0.0,0.0,0.658311345646438
5.0,10.0,8.0,0.6,0.1,0.6,2.0,757.0,0.0,0.0,0.6605019815059445
5.0,10.0,9.0,0.6,0.1,0.6,2.0,755.0,0.0,0.0,0.6596026490066225
5.0,10.0,10.0,0.6,0.1,0.6,2.0,755.0,0.0,0.0,0.6622516556291391
5.0,10.0,11.0,0.6,0.1,0.6,2.0,754.0,0.0,0.0,0.6591511936339522
5.0,10.0,12.0,0.6,0.1,0.6,2.0,755.0,0.0,0.0,0.6622516556291391
5.0,10.0,13.0,0.6,0.1,0.6,2.0,755.0,0.0,0.0,0.6609271523178808
5.0,10.0,14.0,0.6,0.1,0.6,2.0,753.0,0.0,0.0,0.6626826029216467
5.0,10.0,15.0,0.6,0.1,0.6,2.0,739.0,0.0,0.0,0.6657645466847091
5.0,10.0,16.0,0.6,0.1,0.6,2.0,739.0,0.0,0.0,0.6671177266576455
5.0,10.0,17.0,0.6,0.1,0.6,2.0,739.0,0.0,0.0,0.6657645466847091
5.0,10.0,18.0,0.6,0.1,0.6,2.0,741.0,0.0,0.0,0.6666666666666666
5.0,10.0,19.0,0.6,0.1,0.6,2.0,736.0,0.0,0.0,0.6657608695652174
5.0,10.0,20.0,0.6,0.1,0.6,2.0,1304.0,0.0,0.0,0.36349693251533743
5.0,10.0,21.0,0.6,0.1,0.6,2.0,1250.0,0.0,0.0,0.3688
5.0,10.0,22.0,0.6,0.1,0.6,2.0,1224.0,0.0,0.0,0.37173202614379086
5.0,10.0,23.0,0.6,0.1,0.6,2.0,1166.0,0.0,0.0,0.3765008576329331
5.0,10.0,24.0,0.6,0.1,0.6,2.0,1165.0,0.0,0.0,0.3759656652360515
5.0,10.0,25.0,0.6,0.1,0.6,2.0,1136.0,0.0,0.0,0.38116197183098594
5.0,10.0,26.0,0.6,0.1,0.6,2.0,1100.0,0.0,0.0,0.38636363636363635
5.0,10.0,27.0,0.6,0.1,0.6,2.0,1090.0,0.0,0.0,0.38807339449541284
5.0,10.0,28.0,0.6,0.1,0.6,2.0,1084.0,0.0,0.0,0.38837638376383765
5.0,10.0,29.0,0.6,0.1,0.6,2.0,1025.0,0.0,0.0,0.3902439024390244
5.0,10.0,30.0,0.6,0.1,0.6,2.0,1023.0,0.0,0.0,0.39002932551319647
5.0,10.0,31.0,0.6,0.1,0.6,2.0,981.0,0.0,0.0,0.39551478083588176
5.0,10.0,32.0,0.6,0.1,0.6,2.0,975.0,0.0,0.0,0.3958974358974359
5.0,10.0,33.0,0.6,0.1,0.6,2.0,953.0,0.0,0.0,0.3987408184679958
5.0,10.0,34.0,0.6,0.1,0.6,2.0,944.0,0.0,0.0,0.4046610169491525
5.0,10.0,35.0,0.6,0.1,0.6,2.0,927.0,0.0,0.0,0.4023732470334412
5.0,10.0,36.0,0.6,0.1,0.6,2.0,911.0,0.0,0.0,0.4083424807903403
5.0,10.0,37.0,0.6,0.1,0.6,2.0,893.0,0.0,0.0,0.4087346024636058
5.0,10.0,38.0,0.6,0.1,0.6,2.0,896.0,0.0,0.0,0.41183035714285715
5.0,10.0,39.0,0.6,0.1,0.6,2.0,870.0,0.0,0.0,0.4091954022988506
5.0,10.0,40.0,0.6,0.1,0.6,2.0,859.0,0.0,0.0,0.41443538998835855
5.0,10.0,41.0,0.6,0.1,0.6,2.0,856.0,0.0,0.0,0.411214953271028
5.0,10.0,42.0,0.6,0.1,0.6,2.0,825.0,0.0,0.0,0.41818181818181815
5.0,10.0,43.0,0.6,0.1,0.6,2.0,822.0,0.0,0.0,0.4148418491484185
5.0,10.0,44.0,0.6,0.1,0.6,2.0,825.0,0.0,0.0,0.41818181818181815
5.0,10.0,45.0,0.6,0.1,0.6,2.0,822.0,0.0,0.0,0.6313868613138686
5.0,10.0,46.0,0.6,0.1,0.6,2.0,788.0,0.0,0.0,0.6408629441624365
5.0,10.0,47.0,0.6,0.1,0.6,2.0,785.0,0.0,0.0,0.6382165605095541
5.0,10.0,48.0,0.6,0.1,0.6,2.0,775.0,0.0,0.0,0.6425806451612903
5.0,10.0,49.0,0.6,0.1,0.6,2.0,761.0,0.0,0.0,0.6399474375821288
5.0,10.0,50.0,0.6,0.1,0.6,2.0,764.0,0.0,0.0,0.6426701570680629
5.0,10.0,51.0,0.6,0.1,0.6,2.0,761.0,0.0,0.0,0.6412614980289093
5.0,10.0,52.0,0.6,0.1,0.6,2.0,760.0,0.0,0.0,0.6447368421052632
6.0,1.0,1.0,0.6,0.1,0.6,2.0,5143.0,57.0,3.0,0.5959556678981139
6.0,1.0,2.0,0.6,0.1,0.6,2.0,5105.0,59.0,16.0,0.5915768854064642
6.0,1.0,3.0,0.6,0.1,0.6,2.0,5015.0,65.0,35.0,0.5926221335992023
6.0,1.0,4.0,0.6,0.1,0.6,2.0,4920.0,66.0,35.0,0.5953252032520325
6.0,1.0,5.0,0.6,0.1,0.6,2.0,4857.0,64.0,33.0,0.5989293802758905
6.0,1.0,6.0,0.6,0.1,0.6,2.0,4714.0,61.0,26.0,0.6005515485787017
6.0,1.0,7.0,0.6,0.1,0.6,2.0,4631.0,64.0,33.0,0.6024616713452818
6.0,1.0,8.0,0.6,0.1,0.6,2.0,4518.0,74.0,30.0,0.6051350154935813
6.0,1.0,9.0,0.6,0.1,0.6,2.0,4369.0,83.0,35.0,0.6067750057221332
6.0,1.0,10.0,0.6,0.1,0.6,2.0,4230.0,75.0,31.0,0.6099290780141844
6.0,1.0,11.0,0.6,0.1,0.6,2.0,4110.0,81.0,39.0,0.6104622871046229
6.0,1.0,12.0,0.6,0.1,0.6,2.0,4019.0,73.0,40.0,0.6123413784523514
6.0,1.0,13.0,0.6,0.1,0.6,2.0,3899.0,67.0,38.0,0.6145165427032573
6.0,1.0,14.0,0.6,0.1,0.6,2.0,3812.0,61.0,40.0,0.6164742917103883
6.0,1.0,15.0,0.6,0.1,0.6,2.0,3704.0,57.0,35.0,0.6193304535637149
6.0,1.0,16.0,0.6,0.1,0.6,2.0,3628.0,53.0,28.0,0.6210033076074972
6.0,1.0,17.0,0.6,0.1,0.6,2.0,3594.0,42.0,25.0,0.6221480244852532
6.0,1.0,18.0,0.6,0.1,0.6,2.0,3554.0,35.0,23.0,0.6249296567248172
6.0,1.0,19.0,0.6,0.1,0.6,2.0,3489.0,37.0,23.0,0.6276870163370594
6.0,1.0,20.0,0.6,0.1,0.6,2.0,6578.0,29.0,16.0,0.32502280328367283
6.0,1.0,21.0,0.6,0.1,0.6,2.0,6124.0,45.0,13.0,0.32740039190071846
6.0,1.0,22.0,0.6,0.1,0.6,2.0,5814.0,52.0,12.0,0.33075335397316824
6.0,1.0,23.0,0.6,0.1,0.6,2.0,5524.0,73.0,18.0,0.3329109341057205
6.0,1.0,24.0,0.6,0.1,0.6,2.0,5321.0,92.0,26.0,0.3337718473971058
6.0,1.0,25.0,0.6,0.1,0.6,2.0,5108.0,102.0,37.0,0.3386844166014096
6.0,1.0,26.0,0.6,0.1,0.6,2.0,4778.0,117.0,40.0,0.34219338635412305
6.0,1.0,27.0,0.6,0.1,0.6,2.0,4527.0,136.0,56.0,0.34393638170974156
6.0,1.0,28.0,0.6,0.1,0.6,2.0,4288.0,139.0,57.0,0.3498134328358209
6.0,1.0,29.0,0.6,0.1,0.6,2.0,4071.0,128.0,60.0,0.35200196511913534
6.0,1.0,30.0,0.6,0.1,0.6,2.0,3877.0,124.0,58.0,0.3577508382770183
6.0,1.0,31.0,0.6,0.1,0.6,2.0,3725.0,131.0,65.0,0.36268456375838926
6.0,1.0,32.0,0.6,0.1,0.6,2.0,3597.0,113.0,66.0,0.3655824298026133
6.0,1.0,33.0,0.6,0.1,0.6,2.0,3508.0,125.0,61.0,0.36573546180159633
6.0,1.0,34.0,0.6,0.1,0.6,2.0,3396.0,134.0,54.0,0.36955241460541816
6.0,1.0,35.0,0.6,0.1,0.6,2.0,3232.0,124.0,44.0,0.37376237623762376
6.0,1.0,36.0,0.6,0.1,0.6,2.0,3063.0,119.0,53.0,0.3770812928501469
6.0,1.0,37.0,0.6,0.1,0.6,2.0,3008.0,123.0,72.0,0.3776595744680851
6.0,1.0,38.0,0.6,0.1,0.6,2.0,2883.0,125.0,68.0,0.3829344432882414
6.0,1.0,39.0,0.6,0.1,0.6,2.0,2781.0,121.0,56.0,0.3858324343761237
6.0,1.0,40.0,0.6,0.1,0.6,2.0,2674.0,111.0,53.0,0.3893044128646223
6.0,1.0,41.0,0.6,0.1,0.6,2.0,2569.0,108.0,51.0,0.3939275982872713
6.0,1.0,42.0,0.6,0.1,0.6,2.0,2532.0,118.0,53.0,0.3957345971563981
6.0,1.0,43.0,0.6,0.1,0.6,2.0,2436.0,106.0,49.0,0.4006568144499179
6.0,1.0,44.0,0.6,0.1,0.6,2.0,2330.0,114.0,54.0,0.40772532188841204
6.0,1.0,45.0,0.6,0.1,0.6,2.0,2225.0,113.0,56.0,0.6489887640449438
6.0,1.0,46.0,0.6,0.1,0.6,2.0,2177.0,100.0,54.0,0.6499770326136886
6.0,1.0,47.0,0.6,0.1,0.6,2.0,2122.0,92.0,47.0,0.6540999057492931
6.0,1.0,48.0,0.6,0.1,0.6,2.0,2086.0,83.0,46.0,0.6543624161073825
6.0,1.0,49.0,0.6,0.1,0.6,2.0,2025.0,67.0,41.0,0.6562962962962963
6.0,1.0,50.0,0.6,0.1,0.6,2.0,1995.0,60.0,38.0,0.6576441102756893
6.0,1.0,51.0,0.6,0.1,0.6,2.0,1966.0,51.0,27.0,0.6612410986775178
6.0,1.0,52.0,0.6,0.1,0.6,2.0,1917.0,42.0,23.0,0.665623369848722
6.0,2.0,1.0,0.6,0.1,0.6,2.0,1848.0,39.0,19.0,0.6645021645021645
6.0,2.0,2.0,0.6,0.1,0.6,2.0,1830.0,45.0,26.0,0.6639344262295082
6.0,2.0,3.0,0.6,0.1,0.6,2.0,1805.0,36.0,24.0,0.6642659279778393
6.0,2.0,4.0,0.6,0.1,0.6,2.0,1777.0,30.0,20.0,0.6674169949352842
6.0,2.0,5.0,0.6,0.1,0.6,2.0,1753.0,22.0,15.0,0.6702795208214489
6.0,2.0,6.0,0.6,0.1,0.6,2.0,1731.0,18.0,10.0,0.6724436741767764
6.0,2.0,7.0,0.6,0.1,0.6,2.0,1693.0,14.0,9.0,0.6739515652687537
6.0,2.0,8.0,0.6,0.1,0.6,2.0,1665.0,11.0,7.0,0.6774774774774774
6.0,2.0,9.0,0.6,0.1,0.6,2.0,1621.0,11.0,6.0,0.6773596545342381
6.0,2.0,10.0,0.6,0.1,0.6,2.0,1584.0,9.0,5.0,0.6799242424242424
6.0,2.0,11.0,0.6,0.1,0.6,2.0,1561.0,7.0,5.0,0.6816143497757847
6.0,2.0,12.0,0.6,0.1,0.6,2.0,1532.0,5.0,3.0,0.6808093994778068
6.0,2.0,13.0,0.6,0.1,0.6,2.0,1517.0,5.0,3.0,0.6816084377059987
6.0,2.0,14.0,0.6,0.1,0.6,2.0,1507.0,4.0,1.0,0.6828135368281354
6.0,2.0,15.0,0.6,0.1,0.6,2.0,1460.0,4.0,2.0,0.684931506849315
6.0,2.0,16.0,0.6,0.1,0.6,2.0,1442.0,2.0,1.0,0.6858529819694869
6.0,2.0,17.0,0.6,0.1,0.6,2.0,1421.0,3.0,1.0,0.6847290640394089
6.0,2.0,18.0,0.6,0.1,0.6,2.0,1412.0,2.0,0.0,0.6898016997167139
6.0,2.0,19.0,0.6,0.1,0.6,2.0,1409.0,2.0,1.0,0.6848828956706884
6.0,2.0,20.0,0.6,0.1,0.6,2.0,2507.0,2.0,1.0,0.3833266852812126
6.0,2.0,21.0,0.6,0.1,0.6,2.0,2412.0,5.0,1.0,0.3855721393034826
6.0,2.0,22.0,0.6,0.1,0.6,2.0,2325.0,6.0,2.0,0.3896774193548387
6.0,2.0,23.0,0.6,0.1,0.6,2.0,2294.0,7.0,3.0,0.38796861377506536
6.0,2.0,24.0,0.6,0.1,0.6,2.0,2182.0,13.0,5.0,0.3918423464711274
6.0,2.0,25.0,0.6,0.1,0.6,2.0,2129.0,14.0,5.0,0.3922029121653358
6.0,2.0,26.0,0.6,0.1,0.6,2.0,2068.0,16.0,5.0,0.39361702127659576
6.0,2.0,27.0,0.6,0.1,0.6,2.0,2056.0,16.0,8.0,0.39105058365758755
6.0,2.0,28.0,0.6,0.1,0.6,2.0,1944.0,14.0,6.0,0.3966049382716049
6.0,2.0,29.0,0.6,0.1,0.6,2.0,1867.0,19.0,8.0,0.40224959828602036
6.0,2.0,30.0,0.6,0.1,0.6,2.0,1832.0,20.0,9.0,0.4066593886462882
6.0,2.0,31.0,0.6,0.1,0.6,2.0,1786.0,20.0,7.0,0.40929451287793955
6.0,2.0,32.0,0.6,0.1,0.6,2.0,1734.0,23.0,7.0,0.4140715109573241
6.0,2.0,33.0,0.6,0.1,0.6,2.0,1674.0,24.0,7.0,0.4145758661887694
6.0,2.0,34.0,0.6,0.1,0.6,2.0,1626.0,23.0,11.0,0.4145141451414514
6.0,2.0,35.0,0.6,0.1,0.6,2.0,1582.0,28.0,11.0,0.4140328697850822
6.0,2.0,36.0,0.6,0.1,0.6,2.0,1560.0,31.0,14.0,0.41923076923076924
6.0,2.0,37.0,0.6,0.1,0.6,2.0,1522.0,29.0,15.0,0.42247043363994746
6.0,2.0,38.0,0.6,0.1,0.6,2.0,1511.0,35.0,18.0,0.42157511581733953
6.0,2.0,39.0,0.6,0.1,0.6,2.0,1472.0,35.0,19.0,0.42391304347826086
6.0,2.0,40.0,0.6,0.1,0.6,2.0,1417.0,26.0,16.0,0.42766407904022585
6.0,2.0,41.0,0.6,0.1,0.6,2.0,1388.0,31.0,14.0,0.430835734870317
6.0,2.0,42.0,0.6,0.1,0.6,2.0,1359.0,29.0,13.0,0.43414275202354674
6.0,2.0,43.0,0.6,0.1,0.6,2.0,1334.0,27.0,12.0,0.43928035982008995
6.0,2.0,44.0,0.6,0.1,0.6,2.0,1302.0,25.0,17.0,0.4377880184331797
6.0,2.0,45.0,0.6,0.1,0.6,2.0,1293.0,25.0,19.0,0.6604795050270689
6.0,2.0,46.0,0.6,0.1,0.6,2.0,1271.0,21.0,16.0,0.6569630212431157
6.0,2.0,47.0,0.6,0.1,0.6,2.0,1237.0,14.0,8.0,0.6604688763136621
6.0,2.0,48.0,0.6,0.1,0.6,2.0,1217.0,9.0,4.0,0.6598192276088742
6.0,2.0,49.0,0.6,0.1,0.6,2.0,1210.0,8.0,5.0,0.6586776859504132
6.0,2.0,50.0,0.6,0.1,0.6,2.0,1186.0,8.0,6.0,0.6610455311973018
6.0,2.0,51.0,0.6,0.1,0.6,2.0,1164.0,7.0,5.0,0.6623711340206185
6.0,2.0,52.0,0.6,0.1,0.6,2.0,1154.0,10.0,2.0,0.6611785095320624
6.0,3.0,1.0,0.6,0.1,0.6,2.0,1148.0,8.0,1.0,0.6611498257839721
6.0,3.0,2.0,0.6,0.1,0.6,2.0,1142.0,9.0,1.0,0.659369527145359
6.0,3.0,3.0,0.6,0.1,0.6,2.0,1127.0,10.0,3.0,0.6592724046140195
6.0,3.0,4.0,0.6,0.1,0.6,2.0,1114.0,9.0,4.0,0.6588868940754039
6.0,3.0,5.0,0.6,0.1,0.6,2.0,1109.0,9.0,6.0,0.6618575293056808
6.0,3.0,6.0,0.6,0.1,0.6,2.0,1099.0,8.0,4.0,0.6596906278434941
6.0,3.0,7.0,0.6,0.1,0.6,2.0,1094.0,9.0,4.0,0.659963436928702
6.0,3.0,8.0,0.6,0.1,0.6,2.0,1078.0,7.0,2.0,0.660482374768089
6.0,3.0,9.0,0.6,0.1,0.6,2.0,1078.0,7.0,3.0,0.6614100185528757
6.0,3.0,10.0,0.6,0.1,0.6,2.0,1065.0,5.0,3.0,0.6600938967136151
6.0,3.0,11.0,0.6,0.1,0.6,2.0,1045.0,5.0,3.0,0.6631578947368421
6.0,3.0,12.0,0.6,0.1,0.6,2.0,1024.0,4.0,3.0,0.6640625
6.0,3.0,13.0,0.6,0.1,0.6,2.0,1010.0,2.0,2.0,0.6653465346534654
6.0,3.0,14.0,0.6,0.1,0.6,2.0,1009.0,2.0,2.0,0.6620416253716551
6.0,3.0,15.0,0.6,0.1,0.6,2.0,1001.0,1.0,1.0,0.6633366633366633
6.0,3.0,16.0,0.6,0.1,0.6,2.0,974.0,0.0,0.0,0.6611909650924025
6.0,3.0,17.0,0.6,0.1,0.6,2.0,964.0,0.0,0.0,0.6607883817427386
6.0,3.0,18.0,0.6,0.1,0.6,2.0,960.0,0.0,0.0,0.6604166666666667
6.0,3.0,19.0,0.6,0.1,0.6,2.0,951.0,0.0,0.0,0.6614090431125131
6.0,3.0,20.0,0.6,0.1,0.6,2.0,1707.0,0.0,0.0,0.36731107205623903
6.0,3.0,21.0,0.6,0.1,0.6,2.0,1683.0,0.0,0.0,0.36957813428401665
6.0,3.0,22.0,0.6,0.1,0.6,2.0,1603.0,0.0,0.0,0.37242669993761696
6.0,3.0,23.0,0.6,0.1,0.6,2.0,1559.0,0.0,0.0,0.37524053880692754
6.0,3.0,24.0,0.6,0.1,0.6,2.0,1424.0,0.0,0.0,0.3806179775280899
6.0,3.0,25.0,0.6,0.1,0.6,2.0,1387.0,0.0,0.0,0.38067772170151404
6.0,3.0,26.0,0.6,0.1,0.6,2.0,1349.0,0.0,0.0,0.38028169014084506
6.0,3.0,27.0,0.6,0.1,0.6,2.0,1320.0,0.0,0.0,0.38484848484848483
6.0,3.0,28.0,0.6,0.1,0.6,2.0,1298.0,0.0,0.0,0.3852080123266564
6.0,3.0,29.0,0.6,0.1,0.6,2.0,1282.0,0.0,0.0,0.3876755070202808
6.0,3.0,30.0,0.6,0.1,0.6,2.0,1238.0,0.0,0.0,0.3861066235864297
6.0,3.0,31.0,0.6,0.1,0.6,2.0,1223.0,0.0,0.0,0.38675388389206866
6.0,3.0,32.0,0.6,0.1,0.6,2.0,1190.0,0.0,0.0,0.38487394957983195
6.0,3.0,33.0,0.6,0.1,0.6,2.0,1174.0,0.0,0.0,0.3841567291311755
6.0,3.0,34.0,0.6,0.1,0.6,2.0,1144.0,0.0,0.0,0.38986013986013984
6.0,3.0,35.0,0.6,0.1,0.6,2.0,1127.0,0.0,0.0,0.3877551020408163
6.0,3.0,36.0,0.6,0.1,0.6,2.0,1112.0,0.0,0.0,0.3857913669064748
6.0,3.0,37.0,0.6,0.1,0.6,2.0,1107.0,0.0,0.0,0.38482384823848237
6.0,3.0,38.0,0.6,0.1,0.6,2.0,1094.0,0.0,0.0,0.3857404021937843
6.0,3.0,39.0,0.6,0.1,0.6,2.0,1070.0,0.0,0.0,0.38878504672897196
6.0,3.0,40.0,0.6,0.1,0.6,2.0,1051.0,0.0,0.0,0.3910561370123692
6.0,3.0,41.0,0.6,0.1,0.6,2.0,1052.0,0.0,0.0,0.38783269961977185
6.0,3.0,42.0,0.6,0.1,0.6,2.0,1040.0,0.0,0.0,0.3903846153846154
6.0,3.0,43.0,0.6,0.1,0.6,2.0,1047.0,0.0,0.0,0.38872970391595035
6.0,3.0,44.0,0.6,0.1,0.6,2.0,1014.0,0.0,0.0,0.3915187376725838
6.0,3.0,45.0,0.6,0.1,0.6,2.0,1015.0,0.0,0.0,0.6246305418719211
6.0,3.0,46.0,0.6,0.1,0.6,2.0,979.0,0.0,0.0,0.6353421859039836
6.0,3.0,47.0,0.6,0.1,0.6,2.0,967.0,0.0,0.0,0.6287487073422957
6.0,3.0,48.0,0.6,0.1,0.6,2.0,942.0,0.0,0.0,0.6369426751592356
6.0,3.0,49.0,0.6,0.1,0.6,2.0,928.0,0.0,0.0,0.6314655172413793
6.0,3.0,50.0,0.6,0.1,0.6,2.0,880.0,0.0,0.0,0.6363636363636364
6.0,3.0,51.0,0.6,0.1,0.6,2.0,871.0,0.0,0.0,0.6371986222732492
6.0,3.0,52.0,0.6,0.1,0.6,2.0,862.0,0.0,0.0,0.6403712296983759
6.0,4.0,1.0,0.6,0.1,0.6,2.0,854.0,0.0,0.0,0.6381733021077284
6.0,4.0,2.0,0.6,0.1,0.6,2.0,850.0,0.0,0.0,0.6376470588235295
6.0,4.0,3.0,0.6,0.1,0.6,2.0,840.0,0.0,0.0,0.6357142857142857
6.0,4.0,4.0,0.6,0.1,0.6,2.0,837.0,0.0,0.0,0.6344086021505376
6.0,4.0,5.0,0.6,0.1,0.6,2.0,829.0,0.0,0.0,0.6332931242460796
6.0,4.0,6.0,0.6,0.1,0.6,2.0,817.0,0.0,0.0,0.6376988984088128
6.0,4.0,7.0,0.6,0.1,0.6,2.0,812.0,0.0,0.0,0.6366995073891626
6.0,4.0,8.0,0.6,0.1,0.6,2.0,782.0,0.0,0.0,0.6406649616368286
6.0,4.0,9.0,0.6,0.1,0.6,2.0,786.0,0.0,0.0,0.6399491094147582
6.0,4.0,10.0,0.6,0.1,0.6,2.0,775.0,0.0,0.0,0.6412903225806451
6.0,4.0,11.0,0.6,0.1,0.6,2.0,764.0,0.0,0.0,0.6387434554973822
6.0,4.0,12.0,0.6,0.1,0.6,2.0,741.0,0.0,0.0,0.6423751686909581
6.0,4.0,13.0,0.6,0.1,0.6,2.0,747.0,0.0,0.0,0.6412315930388219
6.0,4.0,14.0,0.6,0.1,0.6,2.0,728.0,0.0,0.0,0.6401098901098901
6.0,4.0,15.0,0.6,0.1,0.6,2.0,733.0,0.0,0.0,0.6371077762619373
6.0,4.0,16.0,0.6,0.1,0.6,2.0,721.0,0.0,0.0,0.6393897364771152
6.0,4.0,17.0,0.6,0.1,0.6,2.0,717.0,0.0,0.0,0.6401673640167364
6.0,4.0,18.0,0.6,0.1,0.6,2.0,704.0,0.0,0.0,0.6392045454545454
6.0,4.0,19.0,0.6,0.1,0.6,2.0,709.0,0.0,0.0,0.6417489421720733
6.0,4.0,20.0,0.6,0.1,0.6,2.0,1331.0,0.0,0.0,0.33658903080390684
6.0,4.0,21.0,0.6,0.1,0.6,2.0,1262.0,0.0,0.0,0.34310618066561016
6.0,4.0,22.0,0.6,0.1,0.6,2.0,1152.0,0.0,0.0,0.3472222222222222
6.0,4.0,23.0,0.6,0.1,0.6,2.0,1141.0,0.0,0.0,0.3514460999123576
6.0,4.0,24.0,0.6,0.1,0.6,2.0,1130.0,0.0,0.0,0.3495575221238938
6.0,4.0,25.0,0.6,0.1,0.6,2.0,1109.0,0.0,0.0,0.3570784490532011
6.0,4.0,26.0,0.6,0.1,0.6,2.0,1076.0,0.0,0.0,0.3587360594795539
6.0,4.0,27.0,0.6,0.1,0.6,2.0,1065.0,0.0,0.0,0.36338028169014086
6.0,4.0,28.0,0.6,0.1,0.6,2.0,1052.0,0.0,0.0,0.3602661596958175
6.0,4.0,29.0,0.6,0.1,0.6,2.0,1050.0,0.0,0.0,0.36095238095238097
6.0,4.0,30.0,0.6,0.1,0.6,2.0,998.0,0.0,0.0,0.35671342685370744
6.0,4.0,31.0,0.6,0.1,0.6,2.0,992.0,0.0,0.0,0.35786290322580644
6.0,4.0,32.0,0.6,0.1,0.6,2.0,976.0,0.0,0.0,0.35450819672131145
6.0,4.0,33.0,0.6,0.1,0.6,2.0,945.0,0.0,0.0,0.35555555555555557
6.0,4.0,34.0,0.6,0.1,0.6,2.0,931.0,0.0,0.0,0.35660580021482274
6.0,4.0,35.0,0.6,0.1,0.6,2.0,932.0,0.0,0.0,0.3540772532188841
6.0,4.0,36.0,0.6,0.1,0.6,2.0,925.0,0.0,0.0,0.3567567567567568
6.0,4.0,37.0,0.6,0.1,0.6,2.0,908.0,0.0,0.0,0.3590308370044053
6.0,4.0,38.0,0.6,0.1,0.6,2.0,898.0,0.0,0.0,0.36080178173719374
6.0,4.0,39.0,0.6,0.1,0.6,2.0,895.0,0.0,0.0,0.3575418994413408
6.0,4.0,40.0,0.6,0.1,0.6,2.0,884.0,0.0,0.0,0.3552036199095023
6.0,4.0,41.0,0.6,0.1,0.6,2.0,846.0,0.0,0.0,0.3557919621749409
6.0,4.0,42.0,0.6,0.1,0.6,2.0,830.0,0.0,0.0,0.35903614457831323
6.0,4.0,43.0,0.6,0.1,0.6,2.0,818.0,0.0,0.0,0.3594132029339853
6.0,4.0,44.0,0.6,0.1,0.6,2.0,793.0,0.0,0.0,0.35813366960907944
6.0,4.0,45.0,0.6,0.1,0.6,2.0,771.0,0.0,0.0,0.6095979247730221
6.0,4.0,46.0,0.6,0.1,0.6,2.0,773.0,0.0,0.0,0.6093143596377749
6.0,4.0,47.0,0.6,0.1,0.6,2.0,758.0,0.0,0.0,0.6108179419525066
6.0,4.0,48.0,0.6,0.1,0.6,2.0,763.0,0.0,0.0,0.6094364351245085
6.0,4.0,49.0,0.6,0.1,0.6,2.0,750.0,0.0,0.0,0.608
6.0,4.0,50.0,0.6,0.1,0.6,2.0,759.0,0.0,0.0,0.6100131752305665
6.0,4.0,51.0,0.6,0.1,0.6,2.0,747.0,0.0,0.0,0.607764390896921
6.0,4.0,52.0,0.6,0.1,0.6,2.0,752.0,0.0,0.0,0.6063829787234043
6.0,5.0,1.0,0.6,0.1,0.6,2.0,725.0,0.0,0.0,0.6096551724137931
6.0,5.0,2.0,0.6,0.1,0.6,2.0,733.0,0.0,0.0,0.6098226466575716
6.0,5.0,3.0,0.6,0.1,0.6,2.0,701.0,0.0,0.0,0.6148359486447932
6.0,5.0,4.0,0.6,0.1,0.6,2.0,710.0,0.0,0.0,0.6126760563380281
6.0,5.0,5.0,0.6,0.1,0.6,2.0,698.0,0.0,0.0,0.6131805157593123
6.0,5.0,6.0,0.6,0.1,0.6,2.0,697.0,0.0,0.0,0.6097560975609756
6.0,5.0,7.0,0.6,0.1,0.6,2.0,683.0,0.0,0.0,0.6120058565153733
6.0,5.0,8.0,0.6,0.1,0.6,2.0,685.0,0.0,0.0,0.6102189781021898
6.0,5.0,9.0,0.6,0.1,0.6,2.0,676.0,0.0,0.0,0.6109467455621301
6.0,5.0,10.0,0.6,0.1,0.6,2.0,674.0,0.0,0.0,0.6142433234421365
6.0,5.0,11.0,0.6,0.1,0.6,2.0,666.0,0.0,0.0,0.6126126126126126
6.0,5.0,12.0,0.6,0.1,0.6,2.0,668.0,0.0,0.0,0.6152694610778443
6.0,5.0,13.0,0.6,0.1,0.6,2.0,658.0,0.0,0.0,0.6139817629179332
6.0,5.0,14.0,0.6,0.1,0.6,2.0,634.0,0.0,0.0,0.6198738170347003
6.0,5.0,15.0,0.6,0.1,0.6,2.0,625.0,0.0,0.0,0.616
6.0,5.0,16.0,0.6,0.1,0.6,2.0,628.0,0.0,0.0,0.6226114649681529
6.0,5.0,17.0,0.6,0.1,0.6,2.0,624.0,0.0,0.0,0.6153846153846154
6.0,5.0,18.0,0.6,0.1,0.6,2.0,622.0,0.0,0.0,0.6237942122186495
6.0,5.0,19.0,0.6,0.1,0.6,2.0,610.0,0.0,0.0,0.6081967213114754
6.0,5.0,20.0,0.6,0.1,0.6,2.0,1164.0,0.0,0.0,0.3247422680412371
6.0,5.0,21.0,0.6,0.1,0.6,2.0,1112.0,0.0,0.0,0.329136690647482
6.0,5.0,22.0,0.6,0.1,0.6,2.0,1097.0,0.0,0.0,0.33272561531449407
6.0,5.0,23.0,0.6,0.1,0.6,2.0,1067.0,0.0,0.0,0.33083411433926896
6.0,5.0,24.0,0.6,0.1,0.6,2.0,1083.0,0.0,0.0,0.33240997229916897
6.0,5.0,25.0,0.6,0.1,0.6,2.0,1027.0,0.0,0.0,0.3359298928919182
6.0,5.0,26.0,0.6,0.1,0.6,2.0,993.0,0.0,0.0,0.3393756294058409
6.0,5.0,27.0,0.6,0.1,0.6,2.0,977.0,0.0,0.0,0.3398157625383828
6.0,5.0,28.0,0.6,0.1,0.6,2.0,943.0,0.0,0.0,0.3425238600212089
6.0,5.0,29.0,0.6,0.1,0.6,2.0,927.0,0.0,0.0,0.3419633225458468
6.0,5.0,30.0,0.6,0.1,0.6,2.0,909.0,0.0,0.0,0.3465346534653465
6.0,5.0,31.0,0.6,0.1,0.6,2.0,886.0,0.0,0.0,0.3476297968397291
6.0,5.0,32.0,0.6,0.1,0.6,2.0,818.0,0.0,0.0,0.35207823960880197
6.0,5.0,33.0,0.6,0.1,0.6,2.0,787.0,0.0,0.0,0.3519695044472681
6.0,5.0,34.0,0.6,0.1,0.6,2.0,764.0,0.0,0.0,0.35732984293193715
6.0,5.0,35.0,0.6,0.1,0.6,2.0,773.0,0.0,0.0,0.34928848641655885
6.0,5.0,36.0,0.6,0.1,0.6,2.0,765.0,0.0,0.0,0.3516339869281046
6.0,5.0,37.0,0.6,0.1,0.6,2.0,762.0,0.0,0.0,0.34776902887139105
6.0,5.0,38.0,0.6,0.1,0.6,2.0,738.0,0.0,0.0,0.3509485094850949
6.0,5.0,39.0,0.6,0.1,0.6,2.0,735.0,0.0,0.0,0.34965986394557824
6.0,5.0,40.0,0.6,0.1,0.6,2.0,713.0,0.0,0.0,0.3534361851332398
6.0,5.0,41.0,0.6,0.1,0.6,2.0,703.0,0.0,0.0,0.352773826458037
6.0,5.0,42.0,0.6,0.1,0.6,2.0,704.0,0.0,0.0,0.3522727272727273
6.0,5.0,43.0,0.6,0.1,0.6,2.0,695.0,0.0,0.0,0.35683453237410073
6.0,5.0,44.0,0.6,0.1,0.6,2.0,686.0,0.0,0.0,0.34839650145772594
6.0,5.0,45.0,0.6,0.1,0.6,2.0,663.0,0.0,0.0,0.6199095022624435
6.0,5.0,46.0,0.6,0.1,0.6,2.0,666.0,0.0,0.0,0.6156156156156156
6.0,5.0,47.0,0.6,0.1,0.6,2.0,662.0,0.0,0.0,0.6193353474320241
6.0,5.0,48.0,0.6,0.1,0.6,2.0,666.0,0.0,0.0,0.6156156156156156
6.0,5.0,49.0,0.6,0.1,0.6,2.0,657.0,0.0,0.0,0.6179604261796042
6.0,5.0,50.0,0.6,0.1,0.6,2.0,644.0,0.0,0.0,0.6180124223602484
6.0,5.0,51.0,0.6,0.1,0.6,2.0,635.0,0.0,0.0,0.6173228346456693
6.0,5.0,52.0,0.6,0.1,0.6,2.0,634.0,0.0,0.0,0.6151419558359621
6.0,6.0,1.0,0.6,0.1,0.6,2.0,619.0,0.0,0.0,0.6155088852988692
6.0,6.0,2.0,0.6,0.1,0.6,2.0,618.0,0.0,0.0,0.6148867313915858
6.0,6.0,3.0,0.6,0.1,0.6,2.0,617.0,0.0,0.0,0.6158833063209076
6.0,6.0,4.0,0.6,0.1,0.6,2.0,618.0,0.0,0.0,0.6148867313915858
6.0,6.0,5.0,0.6,0.1,0.6,2.0,613.0,0.0,0.0,0.6133768352365416
6.0,6.0,6.0,0.6,0.1,0.6,2.0,611.0,0.0,0.0,0.6153846153846154
6.0,6.0,7.0,0.6,0.1,0.6,2.0,602.0,0.0,0.0,0.6112956810631229
6.0,6.0,8.0,0.6,0.1,0.6,2.0,597.0,0.0,0.0,0.6113902847571189
6.0,6.0,9.0,0.6,0.1,0.6,2.0,597.0,0.0,0.0,0.6130653266331658
6.0,6.0,10.0,0.6,0.1,0.6,2.0,594.0,0.0,0.0,0.6127946127946128
6.0,6.0,11.0,0.6,0.1,0.6,2.0,590.0,0.0,0.0,0.6152542372881356
6.0,6.0,12.0,0.6,0.1,0.6,2.0,594.0,0.0,0.0,0.6127946127946128
6.0,6.0,13.0,0.6,0.1,0.6,2.0,575.0,0.0,0.0,0.6191304347826087
6.0,6.0,14.0,0.6,0.1,0.6,2.0,575.0,0.0,0.0,0.6139130434782609
6.0,6.0,15.0,0.6,0.1,0.6,2.0,573.0,0.0,0.0,0.6178010471204188
6.0,6.0,16.0,0.6,0.1,0.6,2.0,570.0,0.0,0.0,0.6157894736842106
6.0,6.0,17.0,0.6,0.1,0.6,2.0,566.0,0.0,0.0,0.6148409893992933
6.0,6.0,18.0,0.6,0.1,0.6,2.0,571.0,0.0,0.0,0.6182136602451839
6.0,6.0,19.0,0.6,0.1,0.6,2.0,561.0,0.0,0.0,0.6185383244206774
6.0,6.0,20.0,0.6,0.1,0.6,2.0,1048.0,0.0,0.0,0.33110687022900764
6.0,6.0,21.0,0.6,0.1,0.6,2.0,1011.0,0.0,0.0,0.3323442136498516
6.0,6.0,22.0,0.6,0.1,0.6,2.0,997.0,0.0,0.0,0.33600802407221664
6.0,6.0,23.0,0.6,0.1,0.6,2.0,969.0,0.0,0.0,0.33539731682146545
6.0,6.0,24.0,0.6,0.1,0.6,2.0,949.0,0.0,0.0,0.339304531085353
6.0,6.0,25.0,0.6,0.1,0.6,2.0,947.0,0.0,0.0,0.3400211193241816
6.0,6.0,26.0,0.6,0.1,0.6,2.0,898.0,0.0,0.0,0.344097995545657
6.0,6.0,27.0,0.6,0.1,0.6,2.0,839.0,0.0,0.0,0.35518474374255066
6.0,6.0,28.0,0.6,0.1,0.6,2.0,844.0,0.0,0.0,0.35308056872037913
6.0,6.0,29.0,0.6,0.1,0.6,2.0,820.0,0.0,0.0,0.36097560975609755
6.0,6.0,30.0,0.6,0.1,0.6,2.0,815.0,0.0,0.0,0.3570552147239264
6.0,6.0,31.0,0.6,0.1,0.6,2.0,804.0,0.0,0.0,0.36318407960199006
6.0,6.0,32.0,0.6,0.1,0.6,2.0,802.0,0.0,0.0,0.35910224438902744
6.0,6.0,33.0,0.6,0.1,0.6,2.0,788.0,0.0,0.0,0.3629441624365482
6.0,6.0,34.0,0.6,0.1,0.6,2.0,749.0,0.0,0.0,0.3671562082777036
6.0,6.0,35.0,0.6,0.1,0.6,2.0,734.0,0.0,0.0,0.37329700272479566
6.0,6.0,36.0,0.6,0.1,0.6,2.0,719.0,0.0,0.0,0.3741307371349096
6.0,6.0,37.0,0.6,0.1,0.6,2.0,686.0,0.0,0.0,0.38338192419825073
6.0,6.0,38.0,0.6,0.1,0.6,2.0,669.0,0.0,0.0,0.38714499252615847
6.0,6.0,39.0,0.6,0.1,0.6,2.0,670.0,0.0,0.0,0.39104477611940297
6.0,6.0,40.0,0.6,0.1,0.6,2.0,645.0,0.0,0.0,0.3922480620155039
6.0,6.0,41.0,0.6,0.1,0.6,2.0,640.0,0.0,0.0,0.396875
6.0,6.0,42.0,0.6,0.1,0.6,2.0,623.0,0.0,0.0,0.39646869983948635
6.0,6.0,43.0,0.6,0.1,0.6,2.0,628.0,0.0,0.0,0.3996815286624204
6.0,6.0,44.0,0.6,0.1,0.6,2.0,619.0,0.0,0.0,0.39418416801292405
6.0,6.0,45.0,0.6,0.1,0.6,2.0,625.0,0.0,0.0,0.64
6.0,6.0,46.0,0.6,0.1,0.6,2.0,618.0,0.0,0.0,0.63915857605178
6.0,6.0,47.0,0.6,0.1,0.6,2.0,622.0,0.0,0.0,0.6382636655948553
6.0,6.0,48.0,0.6,0.1,0.6,2.0,612.0,0.0,0.0,0.6372549019607843
6.0,6.0,49.0,0.6,0.1,0.6,2.0,610.0,0.0,0.0,0.6377049180327868
6.0,6.0,50.0,0.6,0.1,0.6,2.0,598.0,0.0,0.0,0.6387959866220736
6.0,6.0,51.0,0.6,0.1,0.6,2.0,599.0,0.0,0.0,0.6377295492487479
6.0,6.0,52.0,0.6,0.1,0.6,2.0,595.0,0.0,0.0,0.6369747899159663
6.0,7.0,1.0,0.6,0.1,0.6,2.0,593.0,0.0,0.0,0.6391231028667791
6.0,7.0,2.0,0.6,0.1,0.6,2.0,594.0,0.0,0.0,0.6397306397306397
6.0,7.0,3.0,0.6,0.1,0.6,2.0,583.0,0.0,0.0,0.6415094339622641
6.0,7.0,4.0,0.6,0.1,0.6,2.0,582.0,0.0,0.0,0.6426116838487973
6.0,7.0,5.0,0.6,0.1,0.6,2.0,582.0,0.0,0.0,0.6408934707903781
6.0,7.0,6.0,0.6,0.1,0.6,2.0,581.0,0.0,0.0,0.6419965576592083
6.0,7.0,7.0,0.6,0.1,0.6,2.0,577.0,0.0,0.0,0.6395147313691508
6.0,7.0,8.0,0.6,0.1,0.6,2.0,575.0,0.0,0.0,0.6417391304347826
6.0,7.0,9.0,0.6,0.1,0.6,2.0,578.0,0.0,0.0,0.6401384083044983
6.0,7.0,10.0,0.6,0.1,0.6,2.0,575.0,0.0,0.0,0.6434782608695652
6.0,7.0,11.0,0.6,0.1,0.6,2.0,577.0,0.0,0.0,0.6412478336221837
6.0,7.0,12.0,0.6,0.1,0.6,2.0,569.0,0.0,0.0,0.6449912126537786
6.0,7.0,13.0,0.6,0.1,0.6,2.0,571.0,0.0,0.0,0.6427320490367776
6.0,7.0,14.0,0.6,0.1,0.6,2.0,568.0,0.0,0.0,0.6443661971830986
6.0,7.0,15.0,0.6,0.1,0.6,2.0,569.0,0.0,0.0,0.6414762741652021
6.0,7.0,16.0,0.6,0.1,0.6,2.0,564.0,0.0,0.0,0.6453900709219859
6.0,7.0,17.0,0.6,0.1,0.6,2.0,562.0,0.0,0.0,0.6459074733096085
6.0,7.0,18.0,0.6,0.1,0.6,2.0,559.0,0.0,0.0,0.6440071556350626
6.0,7.0,19.0,0.6,0.1,0.6,2.0,562.0,0.0,0.0,0.6423487544483986
6.0,7.0,20.0,0.6,0.1,0.6,2.0,1031.0,0.0,0.0,0.34820562560620755
6.0,7.0,21.0,0.6,0.1,0.6,2.0,1025.0,0.0,0.0,0.34829268292682924
6.0,7.0,22.0,0.6,0.1,0.6,2.0,992.0,0.0,0.0,0.35181451612903225
6.0,7.0,23.0,0.6,0.1,0.6,2.0,994.0,0.0,0.0,0.352112676056338
6.0,7.0,24.0,0.6,0.1,0.6,2.0,991.0,0.0,0.0,0.3521695257315843
6.0,7.0,25.0,0.6,0.1,0.6,2.0,955.0,0.0,0.0,0.35916230366492147
6.0,7.0,26.0,0.6,0.1,0.6,2.0,933.0,0.0,0.0,0.3579849946409432
6.0,7.0,27.0,0.6,0.1,0.6,2.0,887.0,0.0,0.0,0.36302142051860203
6.0,7.0,28.0,0.6,0.1,0.6,2.0,886.0,0.0,0.0,0.3623024830699774
6.0,7.0,29.0,0.6,0.1,0.6,2.0,879.0,0.0,0.0,0.36063708759954494
6.0,7.0,30.0,0.6,0.1,0.6,2.0,872.0,0.0,0.0,0.36353211009174313
6.0,7.0,31.0,0.6,0.1,0.6,2.0,860.0,0.0,0.0,0.3686046511627907
6.0,7.0,32.0,0.6,0.1,0.6,2.0,846.0,0.0,0.0,0.3735224586288416
6.0,7.0,33.0,0.6,0.1,0.6,2.0,851.0,0.0,0.0,0.3689776733254994
6.0,7.0,34.0,0.6,0.1,0.6,2.0,849.0,0.0,0.0,0.37220259128386335
6.0,7.0,35.0,0.6,0.1,0.6,2.0,842.0,0.0,0.0,0.37173396674584325
6.0,7.0,36.0,0.6,0.1,0.6,2.0,833.0,0.0,0.0,0.3745498199279712
6.0,7.0,37.0,0.6,0.1,0.6,2.0,830.0,0.0,0.0,0.37349397590361444
6.0,7.0,38.0,0.6,0.1,0.6,2.0,820.0,0.0,0.0,0.3780487804878049
6.0,7.0,39.0,0.6,0.1,0.6,2.0,804.0,0.0,0.0,0.3743781094527363
6.0,7.0,40.0,0.6,0.1,0.6,2.0,784.0,0.0,0.0,0.3788265306122449
6.0,7.0,41.0,0.6,0.1,0.6,2.0,757.0,0.0,0.0,0.380449141347424
6.0,7.0,42.0,0.6,0.1,0.6,2.0,753.0,0.0,0.0,0.38247011952191234
6.0,7.0,43.0,0.6,0.1,0.6,2.0,750.0,0.0,0.0,0.384
6.0,7.0,44.0,0.6,0.1,0.6,2.0,739.0,0.0,0.0,0.38971583220568334
6.0,7.0,45.0,0.6,0.1,0.6,2.0,746.0,0.0,0.0,0.6206434316353887
6.0,7.0,46.0,0.6,0.1,0.6,2.0,740.0,0.0,0.0,0.6243243243243243
6.0,7.0,47.0,0.6,0.1,0.6,2.0,732.0,0.0,0.0,0.6256830601092896
6.0,7.0,48.0,0.6,0.1,0.6,2.0,715.0,0.0,0.0,0.634965034965035
6.0,7.0,49.0,0.6,0.1,0.6,2.0,708.0,0.0,0.0,0.632768361581921
6.0,7.0,50.0,0.6,0.1,0.6,2.0,701.0,0.0,0.0,0.6333808844507846
6.0,7.0,51.0,0.6,0.1,0.6,2.0,707.0,0.0,0.0,0.6322489391796322
6.0,7.0,52.0,0.6,0.1,0.6,2.0,700.0,0.0,0.0,0.6357142857142857
6.0,8.0,1.0,0.6,0.1,0.6,2.0,703.0,0.0,0.0,0.6330014224751067
6.0,8.0,2.0,0.6,0.1,0.6,2.0,695.0,0.0,0.0,0.637410071942446
6.0,8.0,3.0,0.6,0.1,0.6,2.0,702.0,0.0,0.0,0.6353276353276354
6.0,8.0,4.0,0.6,0.1,0.6,2.0,694.0,0.0,0.0,0.6368876080691642
6.0,8.0,5.0,0.6,0.1,0.6,2.0,700.0,0.0,0.0,0.6371428571428571
6.0,8.0,6.0,0.6,0.1,0.6,2.0,696.0,0.0,0.0,0.6364942528735632
6.0,8.0,7.0,0.6,0.1,0.6,2.0,699.0,0.0,0.0,0.6351931330472103
6.0,8.0,8.0,0.6,0.1,0.6,2.0,690.0,0.0,0.0,0.636231884057971
6.0,8.0,9.0,0.6,0.1,0.6,2.0,698.0,0.0,0.0,0.6346704871060171
6.0,8.0,10.0,0.6,0.1,0.6,2.0,693.0,0.0,0.0,0.6378066378066378
6.0,8.0,11.0,0.6,0.1,0.6,2.0,700.0,0.0,0.0,0.6342857142857142
6.0,8.0,12.0,0.6,0.1,0.6,2.0,687.0,0.0,0.0,0.6404657933042213
6.0,8.0,13.0,0.6,0.1,0.6,2.0,694.0,0.0,0.0,0.6368876080691642
6.0,8.0,14.0,0.6,0.1,0.6,2.0,642.0,0.0,0.0,0.6433021806853583
6.0,8.0,15.0,0.6,0.1,0.6,2.0,649.0,0.0,0.0,0.6409861325115562
6.0,8.0,16.0,0.6,0.1,0.6,2.0,627.0,0.0,0.0,0.6443381180223285
6.0,8.0,17.0,0.6,0.1,0.6,2.0,634.0,0.0,0.0,0.6466876971608833
6.0,8.0,18.0,0.6,0.1,0.6,2.0,626.0,0.0,0.0,0.646964856230032
6.0,8.0,19.0,0.6,0.1,0.6,2.0,632.0,0.0,0.0,0.6455696202531646
6.0,8.0,20.0,0.6,0.1,0.6,2.0,1158.0,0.0,0.0,0.35060449050086356
6.0,8.0,21.0,0.6,0.1,0.6,2.0,1120.0,0.0,0.0,0.3508928571428571
6.0,8.0,22.0,0.6,0.1,0.6,2.0,1041.0,0.0,0.0,0.356388088376561
6.0,8.0,23.0,0.6,0.1,0.6,2.0,1049.0,0.0,0.0,0.35843660629170637
6.0,8.0,24.0,0.6,0.1,0.6,2.0,1031.0,0.0,0.0,0.3569350145489816
6.0,8.0,25.0,0.6,0.1,0.6,2.0,1046.0,0.0,0.0,0.35946462715105165
6.0,8.0,26.0,0.6,0.1,0.6,2.0,979.0,0.0,0.0,0.36057201225740554
6.0,8.0,27.0,0.6,0.1,0.6,2.0,981.0,0.0,0.0,0.363914373088685
6.0,8.0,28.0,0.6,0.1,0.6,2.0,941.0,0.0,0.0,0.36344314558979807
6.0,8.0,29.0,0.6,0.1,0.6,2.0,954.0,0.0,0.0,0.36792452830188677
6.0,8.0,30.0,0.6,0.1,0.6,2.0,898.0,0.0,0.0,0.3741648106904232
6.0,8.0,31.0,0.6,0.1,0.6,2.0,917.0,0.0,0.0,0.376226826608506
6.0,8.0,32.0,0.6,0.1,0.6,2.0,871.0,0.0,0.0,0.38002296211251435
6.0,8.0,33.0,0.6,0.1,0.6,2.0,883.0,0.0,0.0,0.38165345413363533
6.0,8.0,34.0,0.6,0.1,0.6,2.0,857.0,0.0,0.0,0.38039673278879815
6.0,8.0,35.0,0.6,0.1,0.6,2.0,860.0,0.0,0.0,0.3825581395348837
6.0,8.0,36.0,0.6,0.1,0.6,2.0,840.0,0.0,0.0,0.3821428571428571
6.0,8.0,37.0,0.6,0.1,0.6,2.0,847.0,0.0,0.0,0.38134592680047225
6.0,8.0,38.0,0.6,0.1,0.6,2.0,824.0,0.0,0.0,0.38106796116504854
6.0,8.0,39.0,0.6,0.1,0.6,2.0,828.0,0.0,0.0,0.38164251207729466
6.0,8.0,40.0,0.6,0.1,0.6,2.0,818.0,0.0,0.0,0.3801955990220049
6.0,8.0,41.0,0.6,0.1,0.6,2.0,805.0,0.0,0.0,0.3875776397515528
6.0,8.0,42.0,0.6,0.1,0.6,2.0,763.0,0.0,0.0,0.3905635648754915
6.0,8.0,43.0,0.6,0.1,0.6,2.0,763.0,0.0,0.0,0.3918741808650065
6.0,8.0,44.0,0.6,0.1,0.6,2.0,759.0,0.0,0.0,0.38998682476943347
6.0,8.0,45.0,0.6,0.1,0.6,2.0,756.0,0.0,0.0,0.6587301587301587
6.0,8.0,46.0,0.6,0.1,0.6,2.0,751.0,0.0,0.0,0.6537949400798935
6.0,8.0,47.0,0.6,0.1,0.6,2.0,753.0,0.0,0.0,0.6600265604249668
6.0,8.0,48.0,0.6,0.1,0.6,2.0,742.0,0.0,0.0,0.6549865229110512
6.0,8.0,49.0,0.6,0.1,0.6,2.0,743.0,0.0,0.0,0.6608344549125168
6.0,8.0,50.0,0.6,0.1,0.6,2.0,741.0,0.0,0.0,0.6558704453441295
6.0,8.0,51.0,0.6,0.1,0.6,2.0,732.0,0.0,0.0,0.6612021857923497
6.0,8.0,52.0,0.6,0.1,0.6,2.0,725.0,0.0,0.0,0.6620689655172414
6.0,9.0,1.0,0.6,0.1,0.6,2.0,719.0,0.0,0.0,0.6662030598052852
6.0,9.0,2.0,0.6,0.1,0.6,2.0,728.0,0.0,0.0,0.6607142857142857
6.0,9.0,3.0,0.6,0.1,0.6,2.0,720.0,0.0,0.0,0.6652777777777777
6.0,9.0,4.0,0.6,0.1,0.6,2.0,727.0,0.0,0.0,0.6602475928473177
6.0,9.0,5.0,0.6,0.1,0.6,2.0,718.0,0.0,0.0,0.6657381615598886
6.0,9.0,6.0,0.6,0.1,0.6,2.0,726.0,0.0,0.0,0.6611570247933884
6.0,9.0,7.0,0.6,0.1,0.6,2.0,716.0,0.0,0.0,0.6662011173184358
6.0,9.0,8.0,0.6,0.1,0.6,2.0,722.0,0.0,0.0,0.6634349030470914
6.0,9.0,9.0,0.6,0.1,0.6,2.0,714.0,0.0,0.0,0.6666666666666666
6.0,9.0,10.0,0.6,0.1,0.6,2.0,721.0,0.0,0.0,0.6629680998613038
6.0,9.0,11.0,0.6,0.1,0.6,2.0,711.0,0.0,0.0,0.6652601969057665
6.0,9.0,12.0,0.6,0.1,0.6,2.0,717.0,0.0,0.0,0.6638772663877266
6.0,9.0,13.0,0.6,0.1,0.6,2.0,710.0,0.0,0.0,0.6676056338028169
6.0,9.0,14.0,0.6,0.1,0.6,2.0,714.0,0.0,0.0,0.665266106442577
6.0,9.0,15.0,0.6,0.1,0.6,2.0,708.0,0.0,0.0,0.6694915254237288
6.0,9.0,16.0,0.6,0.1,0.6,2.0,717.0,0.0,0.0,0.6652719665271967
6.0,9.0,17.0,0.6,0.1,0.6,2.0,705.0,0.0,0.0,0.6723404255319149
6.0,9.0,18.0,0.6,0.1,0.6,2.0,711.0,0.0,0.0,0.6680731364275668
6.0,9.0,19.0,0.6,0.1,0.6,2.0,705.0,0.0,0.0,0.6723404255319149
6.0,9.0,20.0,0.6,0.1,0.6,2.0,1233.0,0.0,0.0,0.37550689375506896
6.0,9.0,21.0,0.6,0.1,0.6,2.0,1183.0,0.0,0.0,0.38546069315300086
6.0,9.0,22.0,0.6,0.1,0.6,2.0,1190.0,0.0,0.0,0.38235294117647056
6.0,9.0,23.0,0.6,0.1,0.6,2.0,1151.0,0.0,0.0,0.39270199826238056
6.0,9.0,24.0,0.6,0.1,0.6,2.0,1139.0,0.0,0.0,0.3915715539947322
6.0,9.0,25.0,0.6,0.1,0.6,2.0,1087.0,0.0,0.0,0.39650413983440663
6.0,9.0,26.0,0.6,0.1,0.6,2.0,1093.0,0.0,0.0,0.3934126258005489
6.0,9.0,27.0,0.6,0.1,0.6,2.0,1062.0,0.0,0.0,0.4011299435028249
6.0,9.0,28.0,0.6,0.1,0.6,2.0,1032.0,0.0,0.0,0.4069767441860465
6.0,9.0,29.0,0.6,0.1,0.6,2.0,1023.0,0.0,0.0,0.4095796676441838
6.0,9.0,30.0,0.6,0.1,0.6,2.0,1027.0,0.0,0.0,0.4070107108081792
6.0,9.0,31.0,0.6,0.1,0.6,2.0,1019.0,0.0,0.0,0.4111874386653582
6.0,9.0,32.0,0.6,0.1,0.6,2.0,1000.0,0.0,0.0,0.409
6.0,9.0,33.0,0.6,0.1,0.6,2.0,984.0,0.0,0.0,0.4105691056910569
6.0,9.0,34.0,0.6,0.1,0.6,2.0,986.0,0.0,0.0,0.4077079107505071
6.0,9.0,35.0,0.6,0.1,0.6,2.0,958.0,0.0,0.0,0.4123173277661795
6.0,9.0,36.0,0.6,0.1,0.6,2.0,923.0,0.0,0.0,0.409534127843987
6.0,9.0,37.0,0.6,0.1,0.6,2.0,890.0,0.0,0.0,0.42247191011235957
6.0,9.0,38.0,0.6,0.1,0.6,2.0,844.0,0.0,0.0,0.4206161137440758
6.0,9.0,39.0,0.6,0.1,0.6,2.0,841.0,0.0,0.0,0.4233055885850178
6.0,9.0,40.0,0.6,0.1,0.6,2.0,832.0,0.0,0.0,0.4230769230769231
6.0,9.0,41.0,0.6,0.1,0.6,2.0,822.0,0.0,0.0,0.42944038929440387
6.0,9.0,42.0,0.6,0.1,0.6,2.0,812.0,0.0,0.0,0.4273399014778325
6.0,9.0,43.0,0.6,0.1,0.6,2.0,814.0,0.0,0.0,0.4312039312039312
6.0,9.0,44.0,0.6,0.1,0.6,2.0,814.0,0.0,0.0,0.4275184275184275
6.0,9.0,45.0,0.6,0.1,0.6,2.0,809.0,0.0,0.0,0.6526576019777504
6.0,9.0,46.0,0.6,0.1,0.6,2.0,817.0,0.0,0.0,0.6499388004895961
6.0,9.0,47.0,0.6,0.1,0.6,2.0,801.0,0.0,0.0,0.6541822721598003
6.0,9.0,48.0,0.6,0.1,0.6,2.0,808.0,0.0,0.0,0.6497524752475248
6.0,9.0,49.0,0.6,0.1,0.6,2.0,799.0,0.0,0.0,0.6520650813516896
6.0,9.0,50.0,0.6,0.1,0.6,2.0,783.0,0.0,0.0,0.6577266922094508
6.0,9.0,51.0,0.6,0.1,0.6,2.0,785.0,0.0,0.0,0.6573248407643312
6.0,9.0,52.0,0.6,0.1,0.6,2.0,781.0,0.0,0.0,0.6568501920614597
6.0,10.0,1.0,0.6,0.1,0.6,2.0,785.0,0.0,0.0,0.6573248407643312
6.0,10.0,2.0,0.6,0.1,0.6,2.0,781.0,0.0,0.0,0.6568501920614597
6.0,10.0,3.0,0.6,0.1,0.6,2.0,787.0,0.0,0.0,0.6581956797966964
6.0,10.0,4.0,0.6,0.1,0.6,2.0,780.0,0.0,0.0,0.6564102564102564
6.0,10.0,5.0,0.6,0.1,0.6,2.0,785.0,0.0,0.0,0.6573248407643312
6.0,10.0,6.0,0.6,0.1,0.6,2.0,777.0,0.0,0.0,0.6563706563706564
6.0,10.0,7.0,0.6,0.1,0.6,2.0,783.0,0.0,0.0,0.6590038314176245
6.0,10.0,8.0,0.6,0.1,0.6,2.0,774.0,0.0,0.0,0.6602067183462532
6.0,10.0,9.0,0.6,0.1,0.6,2.0,778.0,0.0,0.0,0.6606683804627249
6.0,10.0,10.0,0.6,0.1,0.6,2.0,769.0,0.0,0.0,0.6631989596879063
6.0,10.0,11.0,0.6,0.1,0.6,2.0,771.0,0.0,0.0,0.6653696498054474
6.0,10.0,12.0,0.6,0.1,0.6,2.0,758.0,0.0,0.0,0.6688654353562006
6.0,10.0,13.0,0.6,0.1,0.6,2.0,765.0,0.0,0.0,0.6692810457516339
6.0,10.0,14.0,0.6,0.1,0.6,2.0,747.0,0.0,0.0,0.6706827309236948
6.0,10.0,15.0,0.6,0.1,0.6,2.0,750.0,0.0,0.0,0.6693333333333333
6.0,10.0,16.0,0.6,0.1,0.6,2.0,742.0,0.0,0.0,0.6671159029649596
6.0,10.0,17.0,0.6,0.1,0.6,2.0,745.0,0.0,0.0,0.6724832214765101
6.0,10.0,18.0,0.6,0.1,0.6,2.0,738.0,0.0,0.0,0.6734417344173442
6.0,10.0,19.0,0.6,0.1,0.6,2.0,742.0,0.0,0.0,0.6738544474393531
6.0,10.0,20.0,0.6,0.1,0.6,2.0,1323.0,0.0,0.0,0.36205593348450493
6.0,10.0,21.0,0.6,0.1,0.6,2.0,1286.0,0.0,0.0,0.36625194401244165
6.0,10.0,22.0,0.6,0.1,0.6,2.0,1217.0,0.0,0.0,0.37551355792933444
6.0,10.0,23.0,0.6,0.1,0.6,2.0,1181.0,0.0,0.0,0.37764606265876377
6.0,10.0,24.0,0.6,0.1,0.6,2.0,1148.0,0.0,0.0,0.3858885017421603
6.0,10.0,25.0,0.6,0.1,0.6,2.0,1122.0,0.0,0.0,0.3877005347593583
6.0,10.0,26.0,0.6,0.1,0.6,2.0,1102.0,0.0,0.0,0.39473684210526316
6.0,10.0,27.0,0.6,0.1,0.6,2.0,1093.0,0.0,0.0,0.3934126258005489
6.0,10.0,28.0,0.6,0.1,0.6,2.0,1064.0,0.0,0.0,0.3966165413533835
6.0,10.0,29.0,0.6,0.1,0.6,2.0,1031.0,0.0,0.0,0.3976721629485936
6.0,10.0,30.0,0.6,0.1,0.6,2.0,1008.0,0.0,0.0,0.40575396825396826
6.0,10.0,31.0,0.6,0.1,0.6,2.0,988.0,0.0,0.0,0.4058704453441296
6.0,10.0,32.0,0.6,0.1,0.6,2.0,984.0,0.0,0.0,0.40447154471544716
6.0,10.0,33.0,0.6,0.1,0.6,2.0,958.0,0.0,0.0,0.4091858037578288
6.0,10.0,34.0,0.6,0.1,0.6,2.0,961.0,0.0,0.0,0.40894901144641
6.0,10.0,35.0,0.6,0.1,0.6,2.0,931.0,0.0,0.0,0.4103114930182599
6.0,10.0,36.0,0.6,0.1,0.6,2.0,942.0,0.0,0.0,0.40976645435244163
6.0,10.0,37.0,0.6,0.1,0.6,2.0,922.0,0.0,0.0,0.41431670281995664
6.0,10.0,38.0,0.6,0.1,0.6,2.0,922.0,0.0,0.0,0.4121475054229935
6.0,10.0,39.0,0.6,0.1,0.6,2.0,915.0,0.0,0.0,0.4131147540983607
6.0,10.0,40.0,0.6,0.1,0.6,2.0,907.0,0.0,0.0,0.4145534729878721
6.0,10.0,41.0,0.6,0.1,0.6,2.0,901.0,0.0,0.0,0.41509433962264153
6.0,10.0,42.0,0.6,0.1,0.6,2.0,896.0,0.0,0.0,0.41294642857142855
6.0,10.0,43.0,0.6,0.1,0.6,2.0,890.0,0.0,0.0,0.4157303370786517
6.0,10.0,44.0,0.6,0.1,0.6,2.0,887.0,0.0,0.0,0.4182638105975197
6.0,10.0,45.0,0.6,0.1,0.6,2.0,886.0,0.0,0.0,0.6512415349887133
6.0,10.0,46.0,0.6,0.1,0.6,2.0,873.0,0.0,0.0,0.6529209621993127
6.0,10.0,47.0,0.6,0.1,0.6,2.0,866.0,0.0,0.0,0.6524249422632794
6.0,10.0,48.0,0.6,0.1,0.6,2.0,860.0,0.0,0.0,0.6546511627906977
6.0,10.0,49.0,0.6,0.1,0.6,2.0,849.0,0.0,0.0,0.6537102473498233
6.0,10.0,50.0,0.6,0.1,0.6,2.0,855.0,0.0,0.0,0.6526315789473685
6.0,10.0,51.0,0.6,0.1,0.6,2.0,852.0,0.0,0.0,0.653755868544601
6.0,10.0,52.0,0.6,0.1,0.6,2.0,855.0,0.0,0.0,0.6514619883040935
7.0,1.0,1.0,0.6,0.1,0.6,2.0,5262.0,55.0,9.0,0.6012922843025466
7.0,1.0,2.0,0.6,0.1,0.6,2.0,5187.0,59.0,24.0,0.6016965490649702
7.0,1.0,3.0,0.6,0.1,0.6,2.0,5088.0,63.0,35.0,0.6022012578616353
7.0,1.0,4.0,0.6,0.1,0.6,2.0,5023.0,70.0,37.0,0.604618753732829
7.0,1.0,5.0,0.6,0.1,0.6,2.0,5065.0,68.0,31.0,0.6059230009871668
7.0,1.0,6.0,0.6,0.1,0.6,2.0,4872.0,58.0,29.0,0.6044745484400657
7.0,1.0,7.0,0.6,0.1,0.6,2.0,4724.0,57.0,28.0,0.6033022861981372
7.0,1.0,8.0,0.6,0.1,0.6,2.0,4580.0,57.0,28.0,0.6037117903930131
7.0,1.0,9.0,0.6,0.1,0.6,2.0,4377.0,62.0,25.0,0.6040667123600639
7.0,1.0,10.0,0.6,0.1,0.6,2.0,4234.0,63.0,24.0,0.6048653755314124
7.0,1.0,11.0,0.6,0.1,0.6,2.0,4041.0,64.0,23.0,0.6085127443702054
7.0,1.0,12.0,0.6,0.1,0.6,2.0,3943.0,63.0,30.0,0.6091808267816383
7.0,1.0,13.0,0.6,0.1,0.6,2.0,3831.0,61.0,34.0,0.6115896632732968
7.0,1.0,14.0,0.6,0.1,0.6,2.0,3756.0,68.0,33.0,0.6150159744408946
7.0,1.0,15.0,0.6,0.1,0.6,2.0,3602.0,60.0,34.0,0.6166018878400888
7.0,1.0,16.0,0.6,0.1,0.6,2.0,3527.0,55.0,30.0,0.617238446271619
7.0,1.0,17.0,0.6,0.1,0.6,2.0,3484.0,50.0,26.0,0.6194029850746269
7.0,1.0,18.0,0.6,0.1,0.6,2.0,3395.0,54.0,25.0,0.6200294550810015
7.0,1.0,19.0,0.6,0.1,0.6,2.0,3305.0,46.0,20.0,0.6220877458396369
7.0,1.0,20.0,0.6,0.1,0.6,2.0,6063.0,42.0,20.0,0.3310242454230579
7.0,1.0,21.0,0.6,0.1,0.6,2.0,5537.0,43.0,18.0,0.33538016976702184
7.0,1.0,22.0,0.6,0.1,0.6,2.0,5381.0,46.0,17.0,0.3345103140680171
7.0,1.0,23.0,0.6,0.1,0.6,2.0,5130.0,47.0,22.0,0.33898635477582845
7.0,1.0,24.0,0.6,0.1,0.6,2.0,4964.0,44.0,22.0,0.3374294923448832
7.0,1.0,25.0,0.6,0.1,0.6,2.0,4873.0,48.0,20.0,0.3394213010465832
7.0,1.0,26.0,0.6,0.1,0.6,2.0,4717.0,45.0,24.0,0.33941064235743057
7.0,1.0,27.0,0.6,0.1,0.6,2.0,4471.0,51.0,18.0,0.34220532319391633
7.0,1.0,28.0,0.6,0.1,0.6,2.0,4331.0,59.0,20.0,0.34149157238513045
7.0,1.0,29.0,0.6,0.1,0.6,2.0,4139.0,63.0,17.0,0.3483933317226383
7.0,1.0,30.0,0.6,0.1,0.6,2.0,3925.0,59.0,26.0,0.3498089171974522
7.0,1.0,31.0,0.6,0.1,0.6,2.0,3805.0,64.0,34.0,0.35295663600525623
7.0,1.0,32.0,0.6,0.1,0.6,2.0,3693.0,74.0,36.0,0.35364202545356077
7.0,1.0,33.0,0.6,0.1,0.6,2.0,3532.0,70.0,36.0,0.3575877689694224
7.0,1.0,34.0,0.6,0.1,0.6,2.0,3442.0,73.0,29.0,0.357931435212086
7.0,1.0,35.0,0.6,0.1,0.6,2.0,3361.0,90.0,30.0,0.36387979767926215
7.0,1.0,36.0,0.6,0.1,0.6,2.0,3241.0,85.0,29.0,0.3677877198395557
7.0,1.0,37.0,0.6,0.1,0.6,2.0,3147.0,91.0,37.0,0.37178265014299333
7.0,1.0,38.0,0.6,0.1,0.6,2.0,3035.0,94.0,46.0,0.3759472817133443
7.0,1.0,39.0,0.6,0.1,0.6,2.0,2931.0,104.0,49.0,0.37836915728420334
7.0,1.0,40.0,0.6,0.1,0.6,2.0,2786.0,92.0,46.0,0.38226848528356067
7.0,1.0,41.0,0.6,0.1,0.6,2.0,2731.0,88.0,44.0,0.3848407176858294
7.0,1.0,42.0,0.6,0.1,0.6,2.0,2670.0,87.0,39.0,0.38614232209737825
7.0,1.0,43.0,0.6,0.1,0.6,2.0,2607.0,79.0,37.0,0.39163789796701187
7.0,1.0,44.0,0.6,0.1,0.6,2.0,2512.0,82.0,38.0,0.39331210191082805
7.0,1.0,45.0,0.6,0.1,0.6,2.0,2433.0,83.0,42.0,0.6391286477599671
7.0,1.0,46.0,0.6,0.1,0.6,2.0,2365.0,69.0,38.0,0.6367864693446089
7.0,1.0,47.0,0.6,0.1,0.6,2.0,2325.0,63.0,38.0,0.6378494623655914
7.0,1.0,48.0,0.6,0.1,0.6,2.0,2246.0,47.0,29.0,0.6406945681211041
7.0,1.0,49.0,0.6,0.1,0.6,2.0,2202.0,43.0,25.0,0.6435059037238874
7.0,1.0,50.0,0.6,0.1,0.6,2.0,2155.0,37.0,18.0,0.6450116009280742
7.0,1.0,51.0,0.6,0.1,0.6,2.0,2098.0,35.0,18.0,0.6477597712106768
7.0,1.0,52.0,0.6,0.1,0.6,2.0,2082.0,31.0,15.0,0.6464937560038425
7.0,2.0,1.0,0.6,0.1,0.6,2.0,2027.0,26.0,10.0,0.6502220029600395
7.0,2.0,2.0,0.6,0.1,0.6,2.0,2019.0,21.0,10.0,0.6532937097573056
7.0,2.0,3.0,0.6,0.1,0.6,2.0,1993.0,22.0,12.0,0.6537882589061716
7.0,2.0,4.0,0.6,0.1,0.6,2.0,1979.0,22.0,10.0,0.6513390601313794
7.0,2.0,5.0,0.6,0.1,0.6,2.0,1900.0,18.0,8.0,0.6536842105263158
7.0,2.0,6.0,0.6,0.1,0.6,2.0,1893.0,16.0,7.0,0.6555731642894875
7.0,2.0,7.0,0.6,0.1,0.6,2.0,1830.0,17.0,7.0,0.6573770491803279
7.0,2.0,8.0,0.6,0.1,0.6,2.0,1807.0,13.0,6.0,0.6574432761483121
7.0,2.0,9.0,0.6,0.1,0.6,2.0,1772.0,11.0,7.0,0.6608352144469526
7.0,2.0,10.0,0.6,0.1,0.6,2.0,1765.0,11.0,8.0,0.6628895184135978
7.0,2.0,11.0,0.6,0.1,0.6,2.0,1734.0,10.0,6.0,0.6626297577854672
7.0,2.0,12.0,0.6,0.1,0.6,2.0,1729.0,7.0,4.0,0.6633892423366108
7.0,2.0,13.0,0.6,0.1,0.6,2.0,1687.0,6.0,3.0,0.6644931831653823
7.0,2.0,14.0,0.6,0.1,0.6,2.0,1689.0,7.0,3.0,0.6637063351095323
7.0,2.0,15.0,0.6,0.1,0.6,2.0,1652.0,5.0,2.0,0.6652542372881356
7.0,2.0,16.0,0.6,0.1,0.6,2.0,1644.0,7.0,4.0,0.6654501216545012
7.0,2.0,17.0,0.6,0.1,0.6,2.0,1618.0,7.0,3.0,0.6674907292954264
7.0,2.0,18.0,0.6,0.1,0.6,2.0,1575.0,7.0,2.0,0.6660317460317461
7.0,2.0,19.0,0.6,0.1,0.6,2.0,1546.0,5.0,0.0,0.6675291073738681
7.0,2.0,20.0,0.6,0.1,0.6,2.0,2918.0,5.0,3.0,0.3550376970527759
7.0,2.0,21.0,0.6,0.1,0.6,2.0,2698.0,12.0,5.0,0.35804299481097107
7.0,2.0,22.0,0.6,0.1,0.6,2.0,2636.0,11.0,5.0,0.3577389984825493
7.0,2.0,23.0,0.6,0.1,0.6,2.0,2463.0,7.0,3.0,0.3686561104344296
7.0,2.0,24.0,0.6,0.1,0.6,2.0,2411.0,7.0,2.0,0.3658233098299461
7.0,2.0,25.0,0.6,0.1,0.6,2.0,2337.0,7.0,5.0,0.3718442447582371
7.0,2.0,26.0,0.6,0.1,0.6,2.0,2251.0,10.0,6.0,0.37227898711683693
7.0,2.0,27.0,0.6,0.1,0.6,2.0,2195.0,12.0,5.0,0.379498861047836
7.0,2.0,28.0,0.6,0.1,0.6,2.0,2164.0,12.0,4.0,0.37569316081330867
7.0,2.0,29.0,0.6,0.1,0.6,2.0,2113.0,14.0,2.0,0.3809749171793658
7.0,2.0,30.0,0.6,0.1,0.6,2.0,2099.0,15.0,4.0,0.3763696998570748
7.0,2.0,31.0,0.6,0.1,0.6,2.0,2008.0,18.0,6.0,0.38695219123505975
7.0,2.0,32.0,0.6,0.1,0.6,2.0,1981.0,18.0,9.0,0.3831398283695103
7.0,2.0,33.0,0.6,0.1,0.6,2.0,1945.0,23.0,10.0,0.38868894601542414
7.0,2.0,34.0,0.6,0.1,0.6,2.0,1927.0,26.0,11.0,0.3860923715620135
7.0,2.0,35.0,0.6,0.1,0.6,2.0,1861.0,29.0,11.0,0.3879634605051048
7.0,2.0,36.0,0.6,0.1,0.6,2.0,1824.0,28.0,15.0,0.3848684210526316
7.0,2.0,37.0,0.6,0.1,0.6,2.0,1773.0,32.0,12.0,0.38917089678510997
7.0,2.0,38.0,0.6,0.1,0.6,2.0,1687.0,32.0,14.0,0.3900414937759336
7.0,2.0,39.0,0.6,0.1,0.6,2.0,1651.0,32.0,20.0,0.3949121744397335
7.0,2.0,40.0,0.6,0.1,0.6,2.0,1597.0,33.0,23.0,0.3976205385097057
7.0,2.0,41.0,0.6,0.1,0.6,2.0,1582.0,40.0,19.0,0.3975979772439949
7.0,2.0,42.0,0.6,0.1,0.6,2.0,1514.0,30.0,5.0,0.4035667107001321
7.0,2.0,43.0,0.6,0.1,0.6,2.0,1481.0,35.0,14.0,0.4098582039162728
7.0,2.0,44.0,0.6,0.1,0.6,2.0,1413.0,29.0,13.0,0.416135881104034
7.0,2.0,45.0,0.6,0.1,0.6,2.0,1366.0,33.0,16.0,0.6361639824304539
7.0,2.0,46.0,0.6,0.1,0.6,2.0,1336.0,31.0,11.0,0.6392215568862275
7.0,2.0,47.0,0.6,0.1,0.6,2.0,1300.0,26.0,10.0,0.6446153846153846
7.0,2.0,48.0,0.6,0.1,0.6,2.0,1285.0,22.0,11.0,0.6490272373540856
7.0,2.0,49.0,0.6,0.1,0.6,2.0,1250.0,23.0,15.0,0.644
7.0,2.0,50.0,0.6,0.1,0.6,2.0,1233.0,26.0,16.0,0.6463909164639091
7.0,2.0,51.0,0.6,0.1,0.6,2.0,1203.0,22.0,13.0,0.6442227763923525
7.0,2.0,52.0,0.6,0.1,0.6,2.0,1178.0,19.0,14.0,0.6460101867572157
7.0,3.0,1.0,0.6,0.1,0.6,2.0,1164.0,16.0,11.0,0.6460481099656358
7.0,3.0,2.0,0.6,0.1,0.6,2.0,1151.0,14.0,9.0,0.6472632493483927
7.0,3.0,3.0,0.6,0.1,0.6,2.0,1134.0,8.0,6.0,0.6507936507936508
7.0,3.0,4.0,0.6,0.1,0.6,2.0,1119.0,8.0,5.0,0.6532618409294012
7.0,3.0,5.0,0.6,0.1,0.6,2.0,1108.0,10.0,4.0,0.6507220216606499
7.0,3.0,6.0,0.6,0.1,0.6,2.0,1086.0,7.0,1.0,0.6537753222836096
7.0,3.0,7.0,0.6,0.1,0.6,2.0,1070.0,6.0,3.0,0.6495327102803738
7.0,3.0,8.0,0.6,0.1,0.6,2.0,1054.0,6.0,6.0,0.6489563567362429
7.0,3.0,9.0,0.6,0.1,0.6,2.0,1043.0,5.0,5.0,0.6538830297219559
7.0,3.0,10.0,0.6,0.1,0.6,2.0,1028.0,3.0,3.0,0.6575875486381323
7.0,3.0,11.0,0.6,0.1,0.6,2.0,1006.0,1.0,0.0,0.6610337972166997
7.0,3.0,12.0,0.6,0.1,0.6,2.0,996.0,1.0,0.0,0.6626506024096386
7.0,3.0,13.0,0.6,0.1,0.6,2.0,987.0,1.0,1.0,0.6636271529888551
7.0,3.0,14.0,0.6,0.1,0.6,2.0,974.0,1.0,1.0,0.6632443531827515
7.0,3.0,15.0,0.6,0.1,0.6,2.0,971.0,1.0,1.0,0.6642636457260556
7.0,3.0,16.0,0.6,0.1,0.6,2.0,958.0,0.0,0.0,0.6701461377870563
7.0,3.0,17.0,0.6,0.1,0.6,2.0,954.0,0.0,0.0,0.6698113207547169
7.0,3.0,18.0,0.6,0.1,0.6,2.0,947.0,0.0,0.0,0.6694825765575502
7.0,3.0,19.0,0.6,0.1,0.6,2.0,922.0,0.0,0.0,0.6713665943600867
7.0,3.0,20.0,0.6,0.1,0.6,2.0,1684.0,0.0,0.0,0.3663895486935867
7.0,3.0,21.0,0.6,0.1,0.6,2.0,1606.0,0.0,0.0,0.3723536737235367
7.0,3.0,22.0,0.6,0.1,0.6,2.0,1587.0,0.0,0.0,0.37303087586641465
7.0,3.0,23.0,0.6,0.1,0.6,2.0,1563.0,0.0,0.0,0.3730006397952655
7.0,3.0,24.0,0.6,0.1,0.6,2.0,1541.0,0.0,0.0,0.3718364698247891
7.0,3.0,25.0,0.6,0.1,0.6,2.0,1526.0,0.0,0.0,0.3748361730013106
7.0,3.0,26.0,0.6,0.1,0.6,2.0,1467.0,0.0,0.0,0.37014314928425357
7.0,3.0,27.0,0.6,0.1,0.6,2.0,1440.0,0.0,0.0,0.37083333333333335
7.0,3.0,28.0,0.6,0.1,0.6,2.0,1425.0,0.0,0.0,0.3705263157894737
7.0,3.0,29.0,0.6,0.1,0.6,2.0,1377.0,0.0,0.0,0.3732752360203341
7.0,3.0,30.0,0.6,0.1,0.6,2.0,1358.0,0.0,0.0,0.37260677466863035
7.0,3.0,31.0,0.6,0.1,0.6,2.0,1350.0,0.0,0.0,0.3748148148148148
7.0,3.0,32.0,0.6,0.1,0.6,2.0,1307.0,0.0,0.0,0.37796480489671
7.0,3.0,33.0,0.6,0.1,0.6,2.0,1276.0,0.0,0.0,0.37460815047021945
7.0,3.0,34.0,0.6,0.1,0.6,2.0,1238.0,0.0,0.0,0.3764135702746365
7.0,3.0,35.0,0.6,0.1,0.6,2.0,1184.0,0.0,0.0,0.3893581081081081
7.0,3.0,36.0,0.6,0.1,0.6,2.0,1135.0,0.0,0.0,0.39559471365638765
7.0,3.0,37.0,0.6,0.1,0.6,2.0,1124.0,0.0,0.0,0.39234875444839856
7.0,3.0,38.0,0.6,0.1,0.6,2.0,1095.0,0.0,0.0,0.3963470319634703
7.0,3.0,39.0,0.6,0.1,0.6,2.0,1058.0,0.0,0.0,0.3960302457466919
7.0,3.0,40.0,0.6,0.1,0.6,2.0,1050.0,0.0,0.0,0.39904761904761904
7.0,3.0,41.0,0.6,0.1,0.6,2.0,1023.0,0.0,0.0,0.3998044965786901
7.0,3.0,42.0,0.6,0.1,0.6,2.0,1029.0,0.0,0.0,0.39844509232264336
7.0,3.0,43.0,0.6,0.1,0.6,2.0,1022.0,0.0,0.0,0.39628180039138944
7.0,3.0,44.0,0.6,0.1,0.6,2.0,999.0,0.0,0.0,0.3993993993993994
7.0,3.0,45.0,0.6,0.1,0.6,2.0,978.0,0.0,0.0,0.6247443762781186
7.0,3.0,46.0,0.6,0.1,0.6,2.0,946.0,0.0,0.0,0.6194503171247357
7.0,3.0,47.0,0.6,0.1,0.6,2.0,943.0,0.0,0.0,0.6256627783669141
7.0,3.0,48.0,0.6,0.1,0.6,2.0,931.0,0.0,0.0,0.6208378088077336
7.0,3.0,49.0,0.6,0.1,0.6,2.0,899.0,0.0,0.0,0.625139043381535
7.0,3.0,50.0,0.6,0.1,0.6,2.0,915.0,0.0,0.0,0.6174863387978142
7.0,3.0,51.0,0.6,0.1,0.6,2.0,892.0,0.0,0.0,0.6233183856502242
7.0,3.0,52.0,0.6,0.1,0.6,2.0,900.0,0.0,0.0,0.6166666666666667
7.0,4.0,1.0,0.6,0.1,0.6,2.0,885.0,0.0,0.0,0.6203389830508474
7.0,4.0,2.0,0.6,0.1,0.6,2.0,893.0,0.0,0.0,0.6147816349384099
7.0,4.0,3.0,0.6,0.1,0.6,2.0,873.0,0.0,0.0,0.6197021764032073
7.0,4.0,4.0,0.6,0.1,0.6,2.0,872.0,0.0,0.0,0.6123853211009175
7.0,4.0,5.0,0.6,0.1,0.6,2.0,847.0,0.0,0.0,0.6174734356552538
7.0,4.0,6.0,0.6,0.1,0.6,2.0,856.0,0.0,0.0,0.6144859813084113
7.0,4.0,7.0,0.6,0.1,0.6,2.0,823.0,0.0,0.0,0.6184690157958688
7.0,4.0,8.0,0.6,0.1,0.6,2.0,825.0,0.0,0.0,0.6193939393939394
7.0,4.0,9.0,0.6,0.1,0.6,2.0,794.0,0.0,0.0,0.6221662468513854
7.0,4.0,10.0,0.6,0.1,0.6,2.0,806.0,0.0,0.0,0.6166253101736973
7.0,4.0,11.0,0.6,0.1,0.6,2.0,768.0,0.0,0.0,0.6263020833333334
7.0,4.0,12.0,0.6,0.1,0.6,2.0,773.0,0.0,0.0,0.6235446313065977
7.0,4.0,13.0,0.6,0.1,0.6,2.0,748.0,0.0,0.0,0.6310160427807486
7.0,4.0,14.0,0.6,0.1,0.6,2.0,757.0,0.0,0.0,0.6301188903566711
7.0,4.0,15.0,0.6,0.1,0.6,2.0,732.0,0.0,0.0,0.6338797814207651
7.0,4.0,16.0,0.6,0.1,0.6,2.0,747.0,0.0,0.0,0.6291834002677377
7.0,4.0,17.0,0.6,0.1,0.6,2.0,725.0,0.0,0.0,0.6344827586206897
7.0,4.0,18.0,0.6,0.1,0.6,2.0,741.0,0.0,0.0,0.6302294197031039
7.0,4.0,19.0,0.6,0.1,0.6,2.0,723.0,0.0,0.0,0.6334716459197787
7.0,4.0,20.0,0.6,0.1,0.6,2.0,1344.0,0.0,0.0,0.34672619047619047
7.0,4.0,21.0,0.6,0.1,0.6,2.0,1285.0,0.0,0.0,0.35097276264591437
7.0,4.0,22.0,0.6,0.1,0.6,2.0,1278.0,0.0,0.0,0.34976525821596244
7.0,4.0,23.0,0.6,0.1,0.6,2.0,1206.0,0.0,0.0,0.35655058043117743
7.0,4.0,24.0,0.6,0.1,0.6,2.0,1250.0,0.0,0.0,0.3504
7.0,4.0,25.0,0.6,0.1,0.6,2.0,1152.0,0.0,0.0,0.3663194444444444
7.0,4.0,26.0,0.6,0.1,0.6,2.0,1165.0,0.0,0.0,0.36137339055793993
7.0,4.0,27.0,0.6,0.1,0.6,2.0,1115.0,0.0,0.0,0.3668161434977579
7.0,4.0,28.0,0.6,0.1,0.6,2.0,1103.0,0.0,0.0,0.3671804170444243
7.0,4.0,29.0,0.6,0.1,0.6,2.0,1051.0,0.0,0.0,0.3748810656517602
7.0,4.0,30.0,0.6,0.1,0.6,2.0,1035.0,0.0,0.0,0.3719806763285024
7.0,4.0,31.0,0.6,0.1,0.6,2.0,1009.0,0.0,0.0,0.3726461843409316
7.0,4.0,32.0,0.6,0.1,0.6,2.0,1013.0,0.0,0.0,0.36920039486673245
7.0,4.0,33.0,0.6,0.1,0.6,2.0,952.0,0.0,0.0,0.3707983193277311
7.0,4.0,34.0,0.6,0.1,0.6,2.0,976.0,0.0,0.0,0.36270491803278687
7.0,4.0,35.0,0.6,0.1,0.6,2.0,914.0,0.0,0.0,0.37636761487964987
7.0,4.0,36.0,0.6,0.1,0.6,2.0,929.0,0.0,0.0,0.3681377825618945
7.0,4.0,37.0,0.6,0.1,0.6,2.0,877.0,0.0,0.0,0.37856328392246297
7.0,4.0,38.0,0.6,0.1,0.6,2.0,881.0,0.0,0.0,0.3711691259931896
7.0,4.0,39.0,0.6,0.1,0.6,2.0,853.0,0.0,0.0,0.3786635404454865
7.0,4.0,40.0,0.6,0.1,0.6,2.0,864.0,0.0,0.0,0.36921296296296297
7.0,4.0,41.0,0.6,0.1,0.6,2.0,834.0,0.0,0.0,0.3764988009592326
7.0,4.0,42.0,0.6,0.1,0.6,2.0,836.0,0.0,0.0,0.37440191387559807
7.0,4.0,43.0,0.6,0.1,0.6,2.0,787.0,0.0,0.0,0.3735705209656925
7.0,4.0,44.0,0.6,0.1,0.6,2.0,762.0,0.0,0.0,0.37401574803149606
7.0,4.0,45.0,0.6,0.1,0.6,2.0,749.0,0.0,0.0,0.6288384512683578
7.0,4.0,46.0,0.6,0.1,0.6,2.0,746.0,0.0,0.0,0.6246648793565683
7.0,4.0,47.0,0.6,0.1,0.6,2.0,741.0,0.0,0.0,0.6275303643724697
7.0,4.0,48.0,0.6,0.1,0.6,2.0,742.0,0.0,0.0,0.6226415094339622
7.0,4.0,49.0,0.6,0.1,0.6,2.0,732.0,0.0,0.0,0.6256830601092896
7.0,4.0,50.0,0.6,0.1,0.6,2.0,727.0,0.0,0.0,0.6258596973865199
7.0,4.0,51.0,0.6,0.1,0.6,2.0,713.0,0.0,0.0,0.6367461430575035
7.0,4.0,52.0,0.6,0.1,0.6,2.0,691.0,0.0,0.0,0.6280752532561505
7.0,5.0,1.0,0.6,0.1,0.6,2.0,685.0,0.0,0.0,0.635036496350365
7.0,5.0,2.0,0.6,0.1,0.6,2.0,665.0,0.0,0.0,0.6270676691729323
7.0,5.0,3.0,0.6,0.1,0.6,2.0,657.0,0.0,0.0,0.6331811263318112
7.0,5.0,4.0,0.6,0.1,0.6,2.0,649.0,0.0,0.0,0.6332819722650231
7.0,5.0,5.0,0.6,0.1,0.6,2.0,640.0,0.0,0.0,0.6390625
7.0,5.0,6.0,0.6,0.1,0.6,2.0,644.0,0.0,0.0,0.6350931677018633
7.0,5.0,7.0,0.6,0.1,0.6,2.0,635.0,0.0,0.0,0.6393700787401575
7.0,5.0,8.0,0.6,0.1,0.6,2.0,624.0,0.0,0.0,0.6410256410256411
7.0,5.0,9.0,0.6,0.1,0.6,2.0,611.0,0.0,0.0,0.646481178396072
7.0,5.0,10.0,0.6,0.1,0.6,2.0,615.0,0.0,0.0,0.6439024390243903
7.0,5.0,11.0,0.6,0.1,0.6,2.0,606.0,0.0,0.0,0.6468646864686468
7.0,5.0,12.0,0.6,0.1,0.6,2.0,611.0,0.0,0.0,0.646481178396072
7.0,5.0,13.0,0.6,0.1,0.6,2.0,600.0,0.0,0.0,0.6483333333333333
7.0,5.0,14.0,0.6,0.1,0.6,2.0,605.0,0.0,0.0,0.6462809917355372
7.0,5.0,15.0,0.6,0.1,0.6,2.0,592.0,0.0,0.0,0.6486486486486487
7.0,5.0,16.0,0.6,0.1,0.6,2.0,600.0,0.0,0.0,0.6483333333333333
7.0,5.0,17.0,0.6,0.1,0.6,2.0,588.0,0.0,0.0,0.6496598639455783
7.0,5.0,18.0,0.6,0.1,0.6,2.0,590.0,0.0,0.0,0.6474576271186441
7.0,5.0,19.0,0.6,0.1,0.6,2.0,585.0,0.0,0.0,0.6495726495726496
7.0,5.0,20.0,0.6,0.1,0.6,2.0,1022.0,0.0,0.0,0.37377690802348335
7.0,5.0,21.0,0.6,0.1,0.6,2.0,966.0,0.0,0.0,0.38095238095238093
7.0,5.0,22.0,0.6,0.1,0.6,2.0,957.0,0.0,0.0,0.3772204806687565
7.0,5.0,23.0,0.6,0.1,0.6,2.0,930.0,0.0,0.0,0.37849462365591396
7.0,5.0,24.0,0.6,0.1,0.6,2.0,893.0,0.0,0.0,0.38521836506159013
7.0,5.0,25.0,0.6,0.1,0.6,2.0,871.0,0.0,0.0,0.3869115958668197
7.0,5.0,26.0,0.6,0.1,0.6,2.0,866.0,0.0,0.0,0.3856812933025404
7.0,5.0,27.0,0.6,0.1,0.6,2.0,839.0,0.0,0.0,0.3873659117997616
7.0,5.0,28.0,0.6,0.1,0.6,2.0,834.0,0.0,0.0,0.38489208633093525
7.0,5.0,29.0,0.6,0.1,0.6,2.0,810.0,0.0,0.0,0.38641975308641974
7.0,5.0,30.0,0.6,0.1,0.6,2.0,822.0,0.0,0.0,0.38321167883211676
7.0,5.0,31.0,0.6,0.1,0.6,2.0,778.0,0.0,0.0,0.38817480719794345
7.0,5.0,32.0,0.6,0.1,0.6,2.0,775.0,0.0,0.0,0.3909677419354839
7.0,5.0,33.0,0.6,0.1,0.6,2.0,754.0,0.0,0.0,0.3925729442970822
7.0,5.0,34.0,0.6,0.1,0.6,2.0,739.0,0.0,0.0,0.3910690121786198
7.0,5.0,35.0,0.6,0.1,0.6,2.0,725.0,0.0,0.0,0.3889655172413793
7.0,5.0,36.0,0.6,0.1,0.6,2.0,733.0,0.0,0.0,0.3888130968622101
7.0,5.0,37.0,0.6,0.1,0.6,2.0,706.0,0.0,0.0,0.3937677053824363
7.0,5.0,38.0,0.6,0.1,0.6,2.0,718.0,0.0,0.0,0.38997214484679665
7.0,5.0,39.0,0.6,0.1,0.6,2.0,706.0,0.0,0.0,0.3937677053824363
7.0,5.0,40.0,0.6,0.1,0.6,2.0,701.0,0.0,0.0,0.38944365192582026
7.0,5.0,41.0,0.6,0.1,0.6,2.0,659.0,0.0,0.0,0.3930197268588771
7.0,5.0,42.0,0.6,0.1,0.6,2.0,672.0,0.0,0.0,0.3898809523809524
7.0,5.0,43.0,0.6,0.1,0.6,2.0,657.0,0.0,0.0,0.3926940639269406
7.0,5.0,44.0,0.6,0.1,0.6,2.0,668.0,0.0,0.0,0.38772455089820357
7.0,5.0,45.0,0.6,0.1,0.6,2.0,650.0,0.0,0.0,0.6538461538461539
7.0,5.0,46.0,0.6,0.1,0.6,2.0,662.0,0.0,0.0,0.6540785498489426
7.0,5.0,47.0,0.6,0.1,0.6,2.0,632.0,0.0,0.0,0.6566455696202531
7.0,5.0,48.0,0.6,0.1,0.6,2.0,640.0,0.0,0.0,0.6546875
7.0,5.0,49.0,0.6,0.1,0.6,2.0,630.0,0.0,0.0,0.6555555555555556
7.0,5.0,50.0,0.6,0.1,0.6,2.0,638.0,0.0,0.0,0.6551724137931034
7.0,5.0,51.0,0.6,0.1,0.6,2.0,627.0,0.0,0.0,0.6539074960127592
7.0,5.0,52.0,0.6,0.1,0.6,2.0,633.0,0.0,0.0,0.6492890995260664
7.0,6.0,1.0,0.6,0.1,0.6,2.0,620.0,0.0,0.0,0.6532258064516129
7.0,6.0,2.0,0.6,0.1,0.6,2.0,629.0,0.0,0.0,0.6486486486486487
7.0,6.0,3.0,0.6,0.1,0.6,2.0,614.0,0.0,0.0,0.6514657980456026
7.0,6.0,4.0,0.6,0.1,0.6,2.0,617.0,0.0,0.0,0.6515397082658023
7.0,6.0,5.0,0.6,0.1,0.6,2.0,609.0,0.0,0.0,0.6535303776683087
7.0,6.0,6.0,0.6,0.1,0.6,2.0,613.0,0.0,0.0,0.6508972267536705
7.0,6.0,7.0,0.6,0.1,0.6,2.0,606.0,0.0,0.0,0.6501650165016502
7.0,6.0,8.0,0.6,0.1,0.6,2.0,611.0,0.0,0.0,0.6481178396072013
7.0,6.0,9.0,0.6,0.1,0.6,2.0,594.0,0.0,0.0,0.6531986531986532
7.0,6.0,10.0,0.6,0.1,0.6,2.0,596.0,0.0,0.0,0.6560402684563759
7.0,6.0,11.0,0.6,0.1,0.6,2.0,584.0,0.0,0.0,0.660958904109589
7.0,6.0,12.0,0.6,0.1,0.6,2.0,589.0,0.0,0.0,0.6621392190152802
7.0,6.0,13.0,0.6,0.1,0.6,2.0,574.0,0.0,0.0,0.6655052264808362
7.0,6.0,14.0,0.6,0.1,0.6,2.0,581.0,0.0,0.0,0.6609294320137694
7.0,6.0,15.0,0.6,0.1,0.6,2.0,562.0,0.0,0.0,0.6583629893238434
7.0,6.0,16.0,0.6,0.1,0.6,2.0,572.0,0.0,0.0,0.6573426573426573
7.0,6.0,17.0,0.6,0.1,0.6,2.0,558.0,0.0,0.0,0.6612903225806451
7.0,6.0,18.0,0.6,0.1,0.6,2.0,570.0,0.0,0.0,0.6596491228070176
7.0,6.0,19.0,0.6,0.1,0.6,2.0,560.0,0.0,0.0,0.6607142857142857
7.0,6.0,20.0,0.6,0.1,0.6,2.0,1016.0,0.0,0.0,0.3700787401574803
7.0,6.0,21.0,0.6,0.1,0.6,2.0,960.0,0.0,0.0,0.37604166666666666
7.0,6.0,22.0,0.6,0.1,0.6,2.0,947.0,0.0,0.0,0.3717001055966209
7.0,6.0,23.0,0.6,0.1,0.6,2.0,918.0,0.0,0.0,0.3769063180827887
7.0,6.0,24.0,0.6,0.1,0.6,2.0,927.0,0.0,0.0,0.3775620280474649
7.0,6.0,25.0,0.6,0.1,0.6,2.0,898.0,0.0,0.0,0.3830734966592428
7.0,6.0,26.0,0.6,0.1,0.6,2.0,915.0,0.0,0.0,0.380327868852459
7.0,6.0,27.0,0.6,0.1,0.6,2.0,887.0,0.0,0.0,0.38669673055242393
7.0,6.0,28.0,0.6,0.1,0.6,2.0,896.0,0.0,0.0,0.38392857142857145
7.0,6.0,29.0,0.6,0.1,0.6,2.0,843.0,0.0,0.0,0.39383155397390274
7.0,6.0,30.0,0.6,0.1,0.6,2.0,835.0,0.0,0.0,0.39281437125748503
7.0,6.0,31.0,0.6,0.1,0.6,2.0,798.0,0.0,0.0,0.40476190476190477
7.0,6.0,32.0,0.6,0.1,0.6,2.0,805.0,0.0,0.0,0.4
7.0,6.0,33.0,0.6,0.1,0.6,2.0,776.0,0.0,0.0,0.40335051546391754
7.0,6.0,34.0,0.6,0.1,0.6,2.0,789.0,0.0,0.0,0.4005069708491762
7.0,6.0,35.0,0.6,0.1,0.6,2.0,768.0,0.0,0.0,0.40625
7.0,6.0,36.0,0.6,0.1,0.6,2.0,778.0,0.0,0.0,0.40488431876606684
7.0,6.0,37.0,0.6,0.1,0.6,2.0,762.0,0.0,0.0,0.40813648293963256
7.0,6.0,38.0,0.6,0.1,0.6,2.0,778.0,0.0,0.0,0.4023136246786632
7.0,6.0,39.0,0.6,0.1,0.6,2.0,754.0,0.0,0.0,0.40716180371352784
7.0,6.0,40.0,0.6,0.1,0.6,2.0,771.0,0.0,0.0,0.40077821011673154
7.0,6.0,41.0,0.6,0.1,0.6,2.0,746.0,0.0,0.0,0.4008042895442359
7.0,6.0,42.0,0.6,0.1,0.6,2.0,754.0,0.0,0.0,0.4005305039787798
7.0,6.0,43.0,0.6,0.1,0.6,2.0,739.0,0.0,0.0,0.39918809201623817
7.0,6.0,44.0,0.6,0.1,0.6,2.0,748.0,0.0,0.0,0.3997326203208556
7.0,6.0,45.0,0.6,0.1,0.6,2.0,726.0,0.0,0.0,0.6225895316804407
7.0,6.0,46.0,0.6,0.1,0.6,2.0,714.0,0.0,0.0,0.623249299719888
7.0,6.0,47.0,0.6,0.1,0.6,2.0,713.0,0.0,0.0,0.6213183730715287
7.0,6.0,48.0,0.6,0.1,0.6,2.0,703.0,0.0,0.0,0.6244665718349929
7.0,6.0,49.0,0.6,0.1,0.6,2.0,701.0,0.0,0.0,0.6205420827389444
7.0,6.0,50.0,0.6,0.1,0.6,2.0,685.0,0.0,0.0,0.6248175182481752
7.0,6.0,51.0,0.6,0.1,0.6,2.0,687.0,0.0,0.0,0.6215429403202329
7.0,6.0,52.0,0.6,0.1,0.6,2.0,679.0,0.0,0.0,0.625920471281296
7.0,7.0,1.0,0.6,0.1,0.6,2.0,679.0,0.0,0.0,0.6229749631811488
7.0,7.0,2.0,0.6,0.1,0.6,2.0,671.0,0.0,0.0,0.624441132637854
7.0,7.0,3.0,0.6,0.1,0.6,2.0,676.0,0.0,0.0,0.6227810650887574
7.0,7.0,4.0,0.6,0.1,0.6,2.0,671.0,0.0,0.0,0.6259314456035767
7.0,7.0,5.0,0.6,0.1,0.6,2.0,676.0,0.0,0.0,0.6227810650887574
7.0,7.0,6.0,0.6,0.1,0.6,2.0,670.0,0.0,0.0,0.6253731343283582
7.0,7.0,7.0,0.6,0.1,0.6,2.0,672.0,0.0,0.0,0.6235119047619048
7.0,7.0,8.0,0.6,0.1,0.6,2.0,662.0,0.0,0.0,0.6299093655589124
7.0,7.0,9.0,0.6,0.1,0.6,2.0,663.0,0.0,0.0,0.6274509803921569
7.0,7.0,10.0,0.6,0.1,0.6,2.0,655.0,0.0,0.0,0.6351145038167939
7.0,7.0,11.0,0.6,0.1,0.6,2.0,656.0,0.0,0.0,0.6326219512195121
7.0,7.0,12.0,0.6,0.1,0.6,2.0,651.0,0.0,0.0,0.6374807987711214
7.0,7.0,13.0,0.6,0.1,0.6,2.0,654.0,0.0,0.0,0.6330275229357798
7.0,7.0,14.0,0.6,0.1,0.6,2.0,646.0,0.0,0.0,0.6377708978328174
7.0,7.0,15.0,0.6,0.1,0.6,2.0,647.0,0.0,0.0,0.633693972179289
7.0,7.0,16.0,0.6,0.1,0.6,2.0,641.0,0.0,0.0,0.6365054602184087
7.0,7.0,17.0,0.6,0.1,0.6,2.0,643.0,0.0,0.0,0.6329704510108864
7.0,7.0,18.0,0.6,0.1,0.6,2.0,640.0,0.0,0.0,0.6375
7.0,7.0,19.0,0.6,0.1,0.6,2.0,642.0,0.0,0.0,0.632398753894081
7.0,7.0,20.0,0.6,0.1,0.6,2.0,1154.0,0.0,0.0,0.35268630849220106
7.0,7.0,21.0,0.6,0.1,0.6,2.0,1145.0,0.0,0.0,0.3519650655021834
7.0,7.0,22.0,0.6,0.1,0.6,2.0,1099.0,0.0,0.0,0.36032757051865333
7.0,7.0,23.0,0.6,0.1,0.6,2.0,1090.0,0.0,0.0,0.3596330275229358
7.0,7.0,24.0,0.6,0.1,0.6,2.0,1051.0,0.0,0.0,0.36726926736441484
7.0,7.0,25.0,0.6,0.1,0.6,2.0,1029.0,0.0,0.0,0.358600583090379
7.0,7.0,26.0,0.6,0.1,0.6,2.0,1027.0,0.0,0.0,0.3622200584225901
7.0,7.0,27.0,0.6,0.1,0.6,2.0,997.0,0.0,0.0,0.36609829488465395
7.0,7.0,28.0,0.6,0.1,0.6,2.0,994.0,0.0,0.0,0.369215291750503
7.0,7.0,29.0,0.6,0.1,0.6,2.0,971.0,0.0,0.0,0.36766220391349125
7.0,7.0,30.0,0.6,0.1,0.6,2.0,971.0,0.0,0.0,0.3728115345005149
7.0,7.0,31.0,0.6,0.1,0.6,2.0,960.0,0.0,0.0,0.36666666666666664
7.0,7.0,32.0,0.6,0.1,0.6,2.0,957.0,0.0,0.0,0.3709508881922675
7.0,7.0,33.0,0.6,0.1,0.6,2.0,957.0,0.0,0.0,0.3657262277951933
7.0,7.0,34.0,0.6,0.1,0.6,2.0,943.0,0.0,0.0,0.3743372216330859
7.0,7.0,35.0,0.6,0.1,0.6,2.0,927.0,0.0,0.0,0.37216828478964403
7.0,7.0,36.0,0.6,0.1,0.6,2.0,910.0,0.0,0.0,0.3813186813186813
7.0,7.0,37.0,0.6,0.1,0.6,2.0,914.0,0.0,0.0,0.3741794310722101
7.0,7.0,38.0,0.6,0.1,0.6,2.0,897.0,0.0,0.0,0.3835005574136009
7.0,7.0,39.0,0.6,0.1,0.6,2.0,885.0,0.0,0.0,0.376271186440678
7.0,7.0,40.0,0.6,0.1,0.6,2.0,885.0,0.0,0.0,0.38192090395480227
7.0,7.0,41.0,0.6,0.1,0.6,2.0,849.0,0.0,0.0,0.3792697290930506
7.0,7.0,42.0,0.6,0.1,0.6,2.0,849.0,0.0,0.0,0.38515901060070673
7.0,7.0,43.0,0.6,0.1,0.6,2.0,822.0,0.0,0.0,0.3795620437956204
7.0,7.0,44.0,0.6,0.1,0.6,2.0,800.0,0.0,0.0,0.39
7.0,7.0,45.0,0.6,0.1,0.6,2.0,801.0,0.0,0.0,0.630461922596754
7.0,7.0,46.0,0.6,0.1,0.6,2.0,799.0,0.0,0.0,0.6320400500625782
7.0,7.0,47.0,0.6,0.1,0.6,2.0,800.0,0.0,0.0,0.63125
7.0,7.0,48.0,0.6,0.1,0.6,2.0,799.0,0.0,0.0,0.6320400500625782
7.0,7.0,49.0,0.6,0.1,0.6,2.0,787.0,0.0,0.0,0.6340533672172808
7.0,7.0,50.0,0.6,0.1,0.6,2.0,779.0,0.0,0.0,0.6354300385109114
7.0,7.0,51.0,0.6,0.1,0.6,2.0,778.0,0.0,0.0,0.6349614395886889
7.0,7.0,52.0,0.6,0.1,0.6,2.0,774.0,0.0,0.0,0.6317829457364341
7.0,8.0,1.0,0.6,0.1,0.6,2.0,775.0,0.0,0.0,0.6335483870967742
7.0,8.0,2.0,0.6,0.1,0.6,2.0,768.0,0.0,0.0,0.6315104166666666
7.0,8.0,3.0,0.6,0.1,0.6,2.0,753.0,0.0,0.0,0.6334661354581673
7.0,8.0,4.0,0.6,0.1,0.6,2.0,735.0,0.0,0.0,0.6340136054421769
7.0,8.0,5.0,0.6,0.1,0.6,2.0,737.0,0.0,0.0,0.6322930800542741
7.0,8.0,6.0,0.6,0.1,0.6,2.0,718.0,0.0,0.0,0.6350974930362117
7.0,8.0,7.0,0.6,0.1,0.6,2.0,722.0,0.0,0.0,0.6357340720221607
7.0,8.0,8.0,0.6,0.1,0.6,2.0,716.0,0.0,0.0,0.6354748603351955
7.0,8.0,9.0,0.6,0.1,0.6,2.0,716.0,0.0,0.0,0.6354748603351955
7.0,8.0,10.0,0.6,0.1,0.6,2.0,705.0,0.0,0.0,0.6354609929078014
7.0,8.0,11.0,0.6,0.1,0.6,2.0,705.0,0.0,0.0,0.6382978723404256
7.0,8.0,12.0,0.6,0.1,0.6,2.0,696.0,0.0,0.0,0.6364942528735632
7.0,8.0,13.0,0.6,0.1,0.6,2.0,700.0,0.0,0.0,0.6371428571428571
7.0,8.0,14.0,0.6,0.1,0.6,2.0,686.0,0.0,0.0,0.641399416909621
7.0,8.0,15.0,0.6,0.1,0.6,2.0,681.0,0.0,0.0,0.644640234948605
7.0,8.0,16.0,0.6,0.1,0.6,2.0,678.0,0.0,0.0,0.6460176991150443
7.0,8.0,17.0,0.6,0.1,0.6,2.0,677.0,0.0,0.0,0.6454948301329394
7.0,8.0,18.0,0.6,0.1,0.6,2.0,675.0,0.0,0.0,0.6474074074074074
7.0,8.0,19.0,0.6,0.1,0.6,2.0,675.0,0.0,0.0,0.6459259259259259
7.0,8.0,20.0,0.6,0.1,0.6,2.0,1207.0,0.0,0.0,0.3603976801988401
7.0,8.0,21.0,0.6,0.1,0.6,2.0,1196.0,0.0,0.0,0.3612040133779264
7.0,8.0,22.0,0.6,0.1,0.6,2.0,1156.0,0.0,0.0,0.36418685121107264
7.0,8.0,23.0,0.6,0.1,0.6,2.0,1164.0,0.0,0.0,0.36254295532646047
7.0,8.0,24.0,0.6,0.1,0.6,2.0,1129.0,0.0,0.0,0.366696191319752
7.0,8.0,25.0,0.6,0.1,0.6,2.0,1096.0,0.0,0.0,0.36405109489051096
7.0,8.0,26.0,0.6,0.1,0.6,2.0,1080.0,0.0,0.0,0.3685185185185185
7.0,8.0,27.0,0.6,0.1,0.6,2.0,1069.0,0.0,0.0,0.3638914873713751
7.0,8.0,28.0,0.6,0.1,0.6,2.0,1054.0,0.0,0.0,0.36432637571157495
7.0,8.0,29.0,0.6,0.1,0.6,2.0,1015.0,0.0,0.0,0.3645320197044335
7.0,8.0,30.0,0.6,0.1,0.6,2.0,1011.0,0.0,0.0,0.36795252225519287
7.0,8.0,31.0,0.6,0.1,0.6,2.0,1015.0,0.0,0.0,0.3645320197044335
7.0,8.0,32.0,0.6,0.1,0.6,2.0,998.0,0.0,0.0,0.37074148296593185
7.0,8.0,33.0,0.6,0.1,0.6,2.0,973.0,0.0,0.0,0.37307297019527236
7.0,8.0,34.0,0.6,0.1,0.6,2.0,928.0,0.0,0.0,0.38362068965517243
7.0,8.0,35.0,0.6,0.1,0.6,2.0,922.0,0.0,0.0,0.3839479392624729
7.0,8.0,36.0,0.6,0.1,0.6,2.0,916.0,0.0,0.0,0.3875545851528384
7.0,8.0,37.0,0.6,0.1,0.6,2.0,923.0,0.0,0.0,0.38461538461538464
7.0,8.0,38.0,0.6,0.1,0.6,2.0,905.0,0.0,0.0,0.3878453038674033
7.0,8.0,39.0,0.6,0.1,0.6,2.0,908.0,0.0,0.0,0.3854625550660793
7.0,8.0,40.0,0.6,0.1,0.6,2.0,883.0,0.0,0.0,0.3895809739524349
7.0,8.0,41.0,0.6,0.1,0.6,2.0,866.0,0.0,0.0,0.394919168591224
7.0,8.0,42.0,0.6,0.1,0.6,2.0,843.0,0.0,0.0,0.4033214709371293
7.0,8.0,43.0,0.6,0.1,0.6,2.0,832.0,0.0,0.0,0.4050480769230769
7.0,8.0,44.0,0.6,0.1,0.6,2.0,805.0,0.0,0.0,0.4049689440993789
7.0,8.0,45.0,0.6,0.1,0.6,2.0,800.0,0.0,0.0,0.635
7.0,8.0,46.0,0.6,0.1,0.6,2.0,780.0,0.0,0.0,0.6384615384615384
7.0,8.0,47.0,0.6,0.1,0.6,2.0,788.0,0.0,0.0,0.6370558375634517
7.0,8.0,48.0,0.6,0.1,0.6,2.0,780.0,0.0,0.0,0.6384615384615384
7.0,8.0,49.0,0.6,0.1,0.6,2.0,788.0,0.0,0.0,0.6370558375634517
7.0,8.0,50.0,0.6,0.1,0.6,2.0,775.0,0.0,0.0,0.6387096774193548
7.0,8.0,51.0,0.6,0.1,0.6,2.0,784.0,0.0,0.0,0.6377551020408163
7.0,8.0,52.0,0.6,0.1,0.6,2.0,775.0,0.0,0.0,0.6387096774193548
7.0,9.0,1.0,0.6,0.1,0.6,2.0,783.0,0.0,0.0,0.6372924648786717
7.0,9.0,2.0,0.6,0.1,0.6,2.0,773.0,0.0,0.0,0.6377749029754204
7.0,9.0,3.0,0.6,0.1,0.6,2.0,782.0,0.0,0.0,0.6368286445012787
7.0,9.0,4.0,0.6,0.1,0.6,2.0,763.0,0.0,0.0,0.6408912188728703
7.0,9.0,5.0,0.6,0.1,0.6,2.0,757.0,0.0,0.0,0.6433289299867899
7.0,9.0,6.0,0.6,0.1,0.6,2.0,751.0,0.0,0.0,0.6458055925432756
7.0,9.0,7.0,0.6,0.1,0.6,2.0,758.0,0.0,0.0,0.6451187335092349
7.0,9.0,8.0,0.6,0.1,0.6,2.0,748.0,0.0,0.0,0.6483957219251337
7.0,9.0,9.0,0.6,0.1,0.6,2.0,751.0,0.0,0.0,0.6471371504660453
7.0,9.0,10.0,0.6,0.1,0.6,2.0,742.0,0.0,0.0,0.6482479784366577
7.0,9.0,11.0,0.6,0.1,0.6,2.0,746.0,0.0,0.0,0.6514745308310992
7.0,9.0,12.0,0.6,0.1,0.6,2.0,741.0,0.0,0.0,0.650472334682861
7.0,9.0,13.0,0.6,0.1,0.6,2.0,729.0,0.0,0.0,0.6488340192043895
7.0,9.0,14.0,0.6,0.1,0.6,2.0,721.0,0.0,0.0,0.651872399445215
7.0,9.0,15.0,0.6,0.1,0.6,2.0,725.0,0.0,0.0,0.6524137931034483
7.0,9.0,16.0,0.6,0.1,0.6,2.0,718.0,0.0,0.0,0.6532033426183844
7.0,9.0,17.0,0.6,0.1,0.6,2.0,719.0,0.0,0.0,0.655076495132128
7.0,9.0,18.0,0.6,0.1,0.6,2.0,713.0,0.0,0.0,0.6577840112201964
7.0,9.0,19.0,0.6,0.1,0.6,2.0,713.0,0.0,0.0,0.6605890603085554
7.0,9.0,20.0,0.6,0.1,0.6,2.0,1285.0,0.0,0.0,0.34941634241245134
7.0,9.0,21.0,0.6,0.1,0.6,2.0,1304.0,0.0,0.0,0.3473926380368098
7.0,9.0,22.0,0.6,0.1,0.6,2.0,1273.0,0.0,0.0,0.3495679497250589
7.0,9.0,23.0,0.6,0.1,0.6,2.0,1248.0,0.0,0.0,0.35336538461538464
7.0,9.0,24.0,0.6,0.1,0.6,2.0,1201.0,0.0,0.0,0.3572023313905079
7.0,9.0,25.0,0.6,0.1,0.6,2.0,1179.0,0.0,0.0,0.359626802374894
7.0,9.0,26.0,0.6,0.1,0.6,2.0,1157.0,0.0,0.0,0.3612791702679343
7.0,9.0,27.0,0.6,0.1,0.6,2.0,1157.0,0.0,0.0,0.36041486603284356
7.0,9.0,28.0,0.6,0.1,0.6,2.0,1129.0,0.0,0.0,0.36049601417183347
7.0,9.0,29.0,0.6,0.1,0.6,2.0,1117.0,0.0,0.0,0.35989256938227393
7.0,9.0,30.0,0.6,0.1,0.6,2.0,1086.0,0.0,0.0,0.36556169429097607
7.0,9.0,31.0,0.6,0.1,0.6,2.0,1095.0,0.0,0.0,0.3643835616438356
7.0,9.0,32.0,0.6,0.1,0.6,2.0,1027.0,0.0,0.0,0.3777994157740993
7.0,9.0,33.0,0.6,0.1,0.6,2.0,1037.0,0.0,0.0,0.3751205400192864
7.0,9.0,34.0,0.6,0.1,0.6,2.0,1029.0,0.0,0.0,0.3780369290573372
7.0,9.0,35.0,0.6,0.1,0.6,2.0,998.0,0.0,0.0,0.3817635270541082
7.0,9.0,36.0,0.6,0.1,0.6,2.0,989.0,0.0,0.0,0.38422649140546006
7.0,9.0,37.0,0.6,0.1,0.6,2.0,977.0,0.0,0.0,0.38485158648925283
7.0,9.0,38.0,0.6,0.1,0.6,2.0,967.0,0.0,0.0,0.38676318510858326
7.0,9.0,39.0,0.6,0.1,0.6,2.0,963.0,0.0,0.0,0.3852544132917965
7.0,9.0,40.0,0.6,0.1,0.6,2.0,933.0,0.0,0.0,0.3912111468381565
7.0,9.0,41.0,0.6,0.1,0.6,2.0,922.0,0.0,0.0,0.3947939262472885
7.0,9.0,42.0,0.6,0.1,0.6,2.0,915.0,0.0,0.0,0.39562841530054643
7.0,9.0,43.0,0.6,0.1,0.6,2.0,906.0,0.0,0.0,0.3973509933774834
7.0,9.0,44.0,0.6,0.1,0.6,2.0,897.0,0.0,0.0,0.3979933110367893
7.0,9.0,45.0,0.6,0.1,0.6,2.0,895.0,0.0,0.0,0.6603351955307263
7.0,9.0,46.0,0.6,0.1,0.6,2.0,888.0,0.0,0.0,0.6587837837837838
7.0,9.0,47.0,0.6,0.1,0.6,2.0,855.0,0.0,0.0,0.6713450292397661
7.0,9.0,48.0,0.6,0.1,0.6,2.0,847.0,0.0,0.0,0.6694214876033058
7.0,9.0,49.0,0.6,0.1,0.6,2.0,842.0,0.0,0.0,0.6733966745843231
7.0,9.0,50.0,0.6,0.1,0.6,2.0,837.0,0.0,0.0,0.6726403823178017
7.0,9.0,51.0,0.6,0.1,0.6,2.0,841.0,0.0,0.0,0.6718192627824019
7.0,9.0,52.0,0.6,0.1,0.6,2.0,836.0,0.0,0.0,0.6722488038277512
7.0,10.0,1.0,0.6,0.1,0.6,2.0,840.0,0.0,0.0,0.6738095238095239
7.0,10.0,2.0,0.6,0.1,0.6,2.0,832.0,0.0,0.0,0.6742788461538461
7.0,10.0,3.0,0.6,0.1,0.6,2.0,837.0,0.0,0.0,0.6738351254480287
7.0,10.0,4.0,0.6,0.1,0.6,2.0,833.0,0.0,0.0,0.6746698679471789
7.0,10.0,5.0,0.6,0.1,0.6,2.0,833.0,0.0,0.0,0.673469387755102
7.0,10.0,6.0,0.6,0.1,0.6,2.0,818.0,0.0,0.0,0.6735941320293398
7.0,10.0,7.0,0.6,0.1,0.6,2.0,822.0,0.0,0.0,0.6727493917274939
7.0,10.0,8.0,0.6,0.1,0.6,2.0,814.0,0.0,0.0,0.6744471744471745
7.0,10.0,9.0,0.6,0.1,0.6,2.0,821.0,0.0,0.0,0.6735688185140073
7.0,10.0,10.0,0.6,0.1,0.6,2.0,781.0,0.0,0.0,0.677336747759283
7.0,10.0,11.0,0.6,0.1,0.6,2.0,789.0,0.0,0.0,0.6755386565272496
7.0,10.0,12.0,0.6,0.1,0.6,2.0,782.0,0.0,0.0,0.6777493606138107
7.0,10.0,13.0,0.6,0.1,0.6,2.0,781.0,0.0,0.0,0.6811779769526248
7.0,10.0,14.0,0.6,0.1,0.6,2.0,779.0,0.0,0.0,0.6777920410783055
7.0,10.0,15.0,0.6,0.1,0.6,2.0,781.0,0.0,0.0,0.678617157490397
7.0,10.0,16.0,0.6,0.1,0.6,2.0,780.0,0.0,0.0,0.676923076923077
7.0,10.0,17.0,0.6,0.1,0.6,2.0,776.0,0.0,0.0,0.6804123711340206
7.0,10.0,18.0,0.6,0.1,0.6,2.0,781.0,0.0,0.0,0.676056338028169
7.0,10.0,19.0,0.6,0.1,0.6,2.0,779.0,0.0,0.0,0.6790757381258024
7.0,10.0,20.0,0.6,0.1,0.6,2.0,1382.0,0.0,0.0,0.3668596237337192
7.0,10.0,21.0,0.6,0.1,0.6,2.0,1359.0,0.0,0.0,0.37380426784400295
7.0,10.0,22.0,0.6,0.1,0.6,2.0,1314.0,0.0,0.0,0.3713850837138508
7.0,10.0,23.0,0.6,0.1,0.6,2.0,1272.0,0.0,0.0,0.375
7.0,10.0,24.0,0.6,0.1,0.6,2.0,1190.0,0.0,0.0,0.3840336134453782
7.0,10.0,25.0,0.6,0.1,0.6,2.0,1165.0,0.0,0.0,0.3905579399141631
7.0,10.0,26.0,0.6,0.1,0.6,2.0,1141.0,0.0,0.0,0.39263803680981596
7.0,10.0,27.0,0.6,0.1,0.6,2.0,1140.0,0.0,0.0,0.393859649122807
7.0,10.0,28.0,0.6,0.1,0.6,2.0,1117.0,0.0,0.0,0.39480752014324083
7.0,10.0,29.0,0.6,0.1,0.6,2.0,1124.0,0.0,0.0,0.39679715302491103
7.0,10.0,30.0,0.6,0.1,0.6,2.0,1119.0,0.0,0.0,0.3958891867739053
7.0,10.0,31.0,0.6,0.1,0.6,2.0,1092.0,0.0,0.0,0.40293040293040294
7.0,10.0,32.0,0.6,0.1,0.6,2.0,1053.0,0.0,0.0,0.40550807217473883
7.0,10.0,33.0,0.6,0.1,0.6,2.0,1036.0,0.0,0.0,0.40733590733590735
7.0,10.0,34.0,0.6,0.1,0.6,2.0,1017.0,0.0,0.0,0.40412979351032446
7.0,10.0,35.0,0.6,0.1,0.6,2.0,1020.0,0.0,0.0,0.40490196078431373
7.0,10.0,36.0,0.6,0.1,0.6,2.0,991.0,0.0,0.0,0.4056508577194753
7.0,10.0,37.0,0.6,0.1,0.6,2.0,984.0,0.0,0.0,0.40853658536585363
7.0,10.0,38.0,0.6,0.1,0.6,2.0,968.0,0.0,0.0,0.4059917355371901
7.0,10.0,39.0,0.6,0.1,0.6,2.0,942.0,0.0,0.0,0.4129511677282378
7.0,10.0,40.0,0.6,0.1,0.6,2.0,914.0,0.0,0.0,0.4135667396061269
7.0,10.0,41.0,0.6,0.1,0.6,2.0,915.0,0.0,0.0,0.4163934426229508
7.0,10.0,42.0,0.6,0.1,0.6,2.0,910.0,0.0,0.0,0.4142857142857143
7.0,10.0,43.0,0.6,0.1,0.6,2.0,919.0,0.0,0.0,0.41566920565832427
7.0,10.0,44.0,0.6,0.1,0.6,2.0,911.0,0.0,0.0,0.4149286498353458
7.0,10.0,45.0,0.6,0.1,0.6,2.0,919.0,0.0,0.0,0.6507072905331882
7.0,10.0,46.0,0.6,0.1,0.6,2.0,913.0,0.0,0.0,0.6506024096385542
7.0,10.0,47.0,0.6,0.1,0.6,2.0,918.0,0.0,0.0,0.6503267973856209
7.0,10.0,48.0,0.6,0.1,0.6,2.0,898.0,0.0,0.0,0.6503340757238307
7.0,10.0,49.0,0.6,0.1,0.6,2.0,903.0,0.0,0.0,0.6500553709856035
7.0,10.0,50.0,0.6,0.1,0.6,2.0,885.0,0.0,0.0,0.655367231638418
7.0,10.0,51.0,0.6,0.1,0.6,2.0,877.0,0.0,0.0,0.6567844925883695
7.0,10.0,52.0,0.6,0.1,0.6,2.0,872.0,0.0,0.0,0.661697247706422
8.0,1.0,1.0,0.6,0.1,0.6,2.0,5089.0,54.0,6.0,0.6016899194340735
8.0,1.0,2.0,0.6,0.1,0.6,2.0,5077.0,62.0,22.0,0.6009454402206027
8.0,1.0,3.0,0.6,0.1,0.6,2.0,4987.0,68.0,36.0,0.5999598957288951
8.0,1.0,4.0,0.6,0.1,0.6,2.0,4903.0,73.0,41.0,0.6028961860085662
8.0,1.0,5.0,0.6,0.1,0.6,2.0,4955.0,75.0,32.0,0.6030272452068618
8.0,1.0,6.0,0.6,0.1,0.6,2.0,4797.0,68.0,30.0,0.6051698978528247
8.0,1.0,7.0,0.6,0.1,0.6,2.0,4639.0,67.0,33.0,0.6053028669971977
8.0,1.0,8.0,0.6,0.1,0.6,2.0,4482.0,75.0,34.0,0.6102186523873271
8.0,1.0,9.0,0.6,0.1,0.6,2.0,4362.0,72.0,34.0,0.6111875286565795
8.0,1.0,10.0,0.6,0.1,0.6,2.0,4124.0,67.0,27.0,0.6151794374393792
8.0,1.0,11.0,0.6,0.1,0.6,2.0,3964.0,59.0,33.0,0.6185671039354188
8.0,1.0,12.0,0.6,0.1,0.6,2.0,3845.0,59.0,34.0,0.6215864759427828
8.0,1.0,13.0,0.6,0.1,0.6,2.0,3699.0,61.0,29.0,0.6204379562043796
8.0,1.0,14.0,0.6,0.1,0.6,2.0,3639.0,59.0,23.0,0.6221489420170376
8.0,1.0,15.0,0.6,0.1,0.6,2.0,3519.0,51.0,21.0,0.6248934356351236
8.0,1.0,16.0,0.6,0.1,0.6,2.0,3454.0,55.0,29.0,0.6273885350318471
8.0,1.0,17.0,0.6,0.1,0.6,2.0,3328.0,50.0,27.0,0.6292067307692307
8.0,1.0,18.0,0.6,0.1,0.6,2.0,3251.0,47.0,28.0,0.6336511842509996
8.0,1.0,19.0,0.6,0.1,0.6,2.0,3202.0,42.0,27.0,0.6336664584634604
8.0,1.0,20.0,0.6,0.1,0.6,2.0,6086.0,42.0,24.0,0.32911600394347684
8.0,1.0,21.0,0.6,0.1,0.6,2.0,5656.0,52.0,19.0,0.33097595473833097
8.0,1.0,22.0,0.6,0.1,0.6,2.0,5330.0,45.0,16.0,0.33583489681050654
8.0,1.0,23.0,0.6,0.1,0.6,2.0,5068.0,49.0,18.0,0.3387924230465667
8.0,1.0,24.0,0.6,0.1,0.6,2.0,4793.0,55.0,21.0,0.3448779470060505
8.0,1.0,25.0,0.6,0.1,0.6,2.0,4604.0,58.0,24.0,0.34513466550825367
8.0,1.0,26.0,0.6,0.1,0.6,2.0,4395.0,58.0,28.0,0.35017064846416385
8.0,1.0,27.0,0.6,0.1,0.6,2.0,4267.0,69.0,25.0,0.35106632294352
8.0,1.0,28.0,0.6,0.1,0.6,2.0,4139.0,83.0,26.0,0.35515825078521385
8.0,1.0,29.0,0.6,0.1,0.6,2.0,3981.0,87.0,39.0,0.35644310474755087
8.0,1.0,30.0,0.6,0.1,0.6,2.0,3856.0,111.0,45.0,0.3620331950207469
8.0,1.0,31.0,0.6,0.1,0.6,2.0,3746.0,117.0,48.0,0.36412172984516816
8.0,1.0,32.0,0.6,0.1,0.6,2.0,3578.0,121.0,40.0,0.3742314141978759
8.0,1.0,33.0,0.6,0.1,0.6,2.0,3370.0,122.0,51.0,0.37566765578635014
8.0,1.0,34.0,0.6,0.1,0.6,2.0,3273.0,126.0,50.0,0.38038496791934007
8.0,1.0,35.0,0.6,0.1,0.6,2.0,3170.0,130.0,55.0,0.38201892744479493
8.0,1.0,36.0,0.6,0.1,0.6,2.0,3031.0,119.0,58.0,0.3876608380072583
8.0,1.0,37.0,0.6,0.1,0.6,2.0,2903.0,121.0,57.0,0.3933861522562866
8.0,1.0,38.0,0.6,0.1,0.6,2.0,2827.0,117.0,58.0,0.39617969579059076
8.0,1.0,39.0,0.6,0.1,0.6,2.0,2747.0,115.0,52.0,0.4026210411357845
8.0,1.0,40.0,0.6,0.1,0.6,2.0,2672.0,102.0,53.0,0.406437125748503
8.0,1.0,41.0,0.6,0.1,0.6,2.0,2570.0,94.0,47.0,0.4132295719844358
8.0,1.0,42.0,0.6,0.1,0.6,2.0,2521.0,94.0,51.0,0.4172947243157477
8.0,1.0,43.0,0.6,0.1,0.6,2.0,2471.0,96.0,41.0,0.4216916228247673
8.0,1.0,44.0,0.6,0.1,0.6,2.0,2377.0,83.0,35.0,0.4249053428691628
8.0,1.0,45.0,0.6,0.1,0.6,2.0,2303.0,78.0,31.0,0.6630481980026053
8.0,1.0,46.0,0.6,0.1,0.6,2.0,2271.0,71.0,34.0,0.6631439894319683
8.0,1.0,47.0,0.6,0.1,0.6,2.0,2180.0,56.0,27.0,0.6651376146788991
8.0,1.0,48.0,0.6,0.1,0.6,2.0,2078.0,47.0,28.0,0.6693936477382099
8.0,1.0,49.0,0.6,0.1,0.6,2.0,2028.0,37.0,26.0,0.6706114398422091
8.0,1.0,50.0,0.6,0.1,0.6,2.0,2011.0,31.0,23.0,0.6718050721034311
8.0,1.0,51.0,0.6,0.1,0.6,2.0,1974.0,22.0,15.0,0.6727456940222898
8.0,1.0,52.0,0.6,0.1,0.6,2.0,1956.0,16.0,11.0,0.6733128834355828
8.0,2.0,1.0,0.6,0.1,0.6,2.0,1938.0,14.0,10.0,0.6718266253869969
8.0,2.0,2.0,0.6,0.1,0.6,2.0,1916.0,12.0,7.0,0.6717118997912317
8.0,2.0,3.0,0.6,0.1,0.6,2.0,1895.0,10.0,6.0,0.6717678100263852
8.0,2.0,4.0,0.6,0.1,0.6,2.0,1884.0,10.0,5.0,0.6725053078556263
8.0,2.0,5.0,0.6,0.1,0.6,2.0,1844.0,5.0,3.0,0.6724511930585684
8.0,2.0,6.0,0.6,0.1,0.6,2.0,1830.0,5.0,3.0,0.6721311475409836
8.0,2.0,7.0,0.6,0.1,0.6,2.0,1817.0,5.0,2.0,0.6697853604843148
8.0,2.0,8.0,0.6,0.1,0.6,2.0,1804.0,4.0,2.0,0.667960088691796
8.0,2.0,9.0,0.6,0.1,0.6,2.0,1791.0,6.0,2.0,0.6683417085427136
8.0,2.0,10.0,0.6,0.1,0.6,2.0,1779.0,7.0,3.0,0.6694772344013491
8.0,2.0,11.0,0.6,0.1,0.6,2.0,1752.0,7.0,2.0,0.6689497716894978
8.0,2.0,12.0,0.6,0.1,0.6,2.0,1732.0,7.0,2.0,0.6685912240184757
8.0,2.0,13.0,0.6,0.1,0.6,2.0,1714.0,7.0,3.0,0.6697782963827305
8.0,2.0,14.0,0.6,0.1,0.6,2.0,1712.0,7.0,4.0,0.6688084112149533
8.0,2.0,15.0,0.6,0.1,0.6,2.0,1694.0,6.0,5.0,0.666469893742621
8.0,2.0,16.0,0.6,0.1,0.6,2.0,1685.0,5.0,3.0,0.6664688427299703
8.0,2.0,17.0,0.6,0.1,0.6,2.0,1674.0,7.0,4.0,0.6648745519713262
8.0,2.0,18.0,0.6,0.1,0.6,2.0,1660.0,6.0,2.0,0.6650602409638554
8.0,2.0,19.0,0.6,0.1,0.6,2.0,1637.0,7.0,2.0,0.662797800855223
8.0,2.0,20.0,0.6,0.1,0.6,2.0,2914.0,5.0,2.0,0.3630748112560055
8.0,2.0,21.0,0.6,0.1,0.6,2.0,2834.0,5.0,2.0,0.3641496118560339
8.0,2.0,22.0,0.6,0.1,0.6,2.0,2724.0,7.0,3.0,0.36637298091042586
8.0,2.0,23.0,0.6,0.1,0.6,2.0,2689.0,7.0,2.0,0.36593529193008556
8.0,2.0,24.0,0.6,0.1,0.6,2.0,2624.0,12.0,5.0,0.3647103658536585
8.0,2.0,25.0,0.6,0.1,0.6,2.0,2594.0,13.0,6.0,0.3643022359290671
8.0,2.0,26.0,0.6,0.1,0.6,2.0,2483.0,13.0,8.0,0.36528393072895693
8.0,2.0,27.0,0.6,0.1,0.6,2.0,2454.0,13.0,4.0,0.36756316218418905
8.0,2.0,28.0,0.6,0.1,0.6,2.0,2411.0,15.0,6.0,0.36623807548734966
8.0,2.0,29.0,0.6,0.1,0.6,2.0,2317.0,14.0,4.0,0.3694432455761761
8.0,2.0,30.0,0.6,0.1,0.6,2.0,2309.0,16.0,6.0,0.36855781723689907
8.0,2.0,31.0,0.6,0.1,0.6,2.0,2232.0,17.0,8.0,0.3709677419354839
8.0,2.0,32.0,0.6,0.1,0.6,2.0,2160.0,22.0,11.0,0.3763888888888889
8.0,2.0,33.0,0.6,0.1,0.6,2.0,2115.0,29.0,14.0,0.3791962174940898
8.0,2.0,34.0,0.6,0.1,0.6,2.0,2029.0,34.0,10.0,0.3849186791522918
8.0,2.0,35.0,0.6,0.1,0.6,2.0,1997.0,37.0,10.0,0.38507761642463695
8.0,2.0,36.0,0.6,0.1,0.6,2.0,1950.0,37.0,16.0,0.38871794871794874
8.0,2.0,37.0,0.6,0.1,0.6,2.0,1890.0,39.0,19.0,0.3862433862433862
8.0,2.0,38.0,0.6,0.1,0.6,2.0,1842.0,48.0,22.0,0.38925081433224756
8.0,2.0,39.0,0.6,0.1,0.6,2.0,1802.0,56.0,17.0,0.3912319644839068
8.0,2.0,40.0,0.6,0.1,0.6,2.0,1732.0,52.0,24.0,0.3966512702078522
8.0,2.0,41.0,0.6,0.1,0.6,2.0,1686.0,51.0,23.0,0.3997627520759193
8.0,2.0,42.0,0.6,0.1,0.6,2.0,1649.0,54.0,29.0,0.40024257125530627
8.0,2.0,43.0,0.6,0.1,0.6,2.0,1605.0,44.0,18.0,0.405607476635514
8.0,2.0,44.0,0.6,0.1,0.6,2.0,1584.0,40.0,22.0,0.4059343434343434
8.0,2.0,45.0,0.6,0.1,0.6,2.0,1547.0,38.0,19.0,0.6561085972850679
8.0,2.0,46.0,0.6,0.1,0.6,2.0,1534.0,37.0,24.0,0.6551499348109517
8.0,2.0,47.0,0.6,0.1,0.6,2.0,1507.0,30.0,19.0,0.6536164565361645
8.0,2.0,48.0,0.6,0.1,0.6,2.0,1462.0,26.0,17.0,0.6559507523939808
8.0,2.0,49.0,0.6,0.1,0.6,2.0,1411.0,22.0,12.0,0.6605244507441531
8.0,2.0,50.0,0.6,0.1,0.6,2.0,1389.0,20.0,9.0,0.6580273578113751
8.0,2.0,51.0,0.6,0.1,0.6,2.0,1375.0,14.0,7.0,0.6618181818181819
8.0,2.0,52.0,0.6,0.1,0.6,2.0,1361.0,15.0,7.0,0.659808963997061
8.0,3.0,1.0,0.6,0.1,0.6,2.0,1356.0,15.0,7.0,0.661504424778761
8.0,3.0,2.0,0.6,0.1,0.6,2.0,1345.0,12.0,6.0,0.6609665427509294
8.0,3.0,3.0,0.6,0.1,0.6,2.0,1308.0,12.0,8.0,0.6613149847094801
8.0,3.0,4.0,0.6,0.1,0.6,2.0,1304.0,11.0,8.0,0.6595092024539877
8.0,3.0,5.0,0.6,0.1,0.6,2.0,1292.0,8.0,6.0,0.6640866873065016
8.0,3.0,6.0,0.6,0.1,0.6,2.0,1266.0,7.0,2.0,0.6642969984202212
8.0,3.0,7.0,0.6,0.1,0.6,2.0,1239.0,6.0,4.0,0.6666666666666666
8.0,3.0,8.0,0.6,0.1,0.6,2.0,1238.0,5.0,4.0,0.6655896607431341
8.0,3.0,9.0,0.6,0.1,0.6,2.0,1218.0,6.0,4.0,0.6666666666666666
8.0,3.0,10.0,0.6,0.1,0.6,2.0,1211.0,4.0,2.0,0.6688687035507844
8.0,3.0,11.0,0.6,0.1,0.6,2.0,1183.0,3.0,1.0,0.6661031276415892
8.0,3.0,12.0,0.6,0.1,0.6,2.0,1176.0,3.0,2.0,0.6658163265306123
8.0,3.0,13.0,0.6,0.1,0.6,2.0,1164.0,4.0,2.0,0.6649484536082474
8.0,3.0,14.0,0.6,0.1,0.6,2.0,1157.0,4.0,3.0,0.665514261019879
8.0,3.0,15.0,0.6,0.1,0.6,2.0,1152.0,3.0,3.0,0.6649305555555556
8.0,3.0,16.0,0.6,0.1,0.6,2.0,1150.0,3.0,2.0,0.6660869565217391
8.0,3.0,17.0,0.6,0.1,0.6,2.0,1132.0,2.0,1.0,0.6634275618374559
8.0,3.0,18.0,0.6,0.1,0.6,2.0,1141.0,2.0,0.0,0.6660823838737949
8.0,3.0,19.0,0.6,0.1,0.6,2.0,1109.0,2.0,0.0,0.6618575293056808
8.0,3.0,20.0,0.6,0.1,0.6,2.0,2006.0,2.0,0.0,0.3664007976071785
8.0,3.0,21.0,0.6,0.1,0.6,2.0,1870.0,2.0,1.0,0.367379679144385
8.0,3.0,22.0,0.6,0.1,0.6,2.0,1874.0,3.0,2.0,0.368196371398079
8.0,3.0,23.0,0.6,0.1,0.6,2.0,1792.0,4.0,2.0,0.3677455357142857
8.0,3.0,24.0,0.6,0.1,0.6,2.0,1765.0,2.0,1.0,0.36883852691218133
8.0,3.0,25.0,0.6,0.1,0.6,2.0,1694.0,3.0,1.0,0.3689492325855962
8.0,3.0,26.0,0.6,0.1,0.6,2.0,1670.0,5.0,2.0,0.37005988023952097
8.0,3.0,27.0,0.6,0.1,0.6,2.0,1615.0,5.0,2.0,0.37089783281733746
8.0,3.0,28.0,0.6,0.1,0.6,2.0,1603.0,7.0,1.0,0.37305053025577045
8.0,3.0,29.0,0.6,0.1,0.6,2.0,1562.0,7.0,1.0,0.3706786171574904
8.0,3.0,30.0,0.6,0.1,0.6,2.0,1555.0,7.0,3.0,0.3710610932475884
8.0,3.0,31.0,0.6,0.1,0.6,2.0,1511.0,14.0,4.0,0.37061548643282594
8.0,3.0,32.0,0.6,0.1,0.6,2.0,1436.0,16.0,7.0,0.3746518105849582
8.0,3.0,33.0,0.6,0.1,0.6,2.0,1360.0,18.0,6.0,0.3801470588235294
8.0,3.0,34.0,0.6,0.1,0.6,2.0,1324.0,16.0,7.0,0.38368580060422963
8.0,3.0,35.0,0.6,0.1,0.6,2.0,1253.0,14.0,6.0,0.38786911412609737
8.0,3.0,36.0,0.6,0.1,0.6,2.0,1240.0,16.0,7.0,0.3879032258064516
8.0,3.0,37.0,0.6,0.1,0.6,2.0,1203.0,17.0,6.0,0.3923524522028263
8.0,3.0,38.0,0.6,0.1,0.6,2.0,1179.0,14.0,7.0,0.3944020356234097
8.0,3.0,39.0,0.6,0.1,0.6,2.0,1163.0,16.0,9.0,0.39552880481513325
8.0,3.0,40.0,0.6,0.1,0.6,2.0,1140.0,15.0,8.0,0.3973684210526316
8.0,3.0,41.0,0.6,0.1,0.6,2.0,1107.0,16.0,4.0,0.4010840108401084
8.0,3.0,42.0,0.6,0.1,0.6,2.0,1092.0,14.0,5.0,0.40384615384615385
8.0,3.0,43.0,0.6,0.1,0.6,2.0,1068.0,12.0,5.0,0.398876404494382
8.0,3.0,44.0,0.6,0.1,0.6,2.0,1060.0,14.0,7.0,0.39811320754716983
8.0,3.0,45.0,0.6,0.1,0.6,2.0,1038.0,12.0,6.0,0.6416184971098265
8.0,3.0,46.0,0.6,0.1,0.6,2.0,1034.0,11.0,7.0,0.6402321083172147
8.0,3.0,47.0,0.6,0.1,0.6,2.0,1022.0,10.0,5.0,0.6379647749510763
8.0,3.0,48.0,0.6,0.1,0.6,2.0,1002.0,7.0,3.0,0.6377245508982036
8.0,3.0,49.0,0.6,0.1,0.6,2.0,997.0,5.0,2.0,0.6389167502507522
8.0,3.0,50.0,0.6,0.1,0.6,2.0,989.0,5.0,2.0,0.6380182002022244
8.0,3.0,51.0,0.6,0.1,0.6,2.0,980.0,4.0,3.0,0.6408163265306123
8.0,3.0,52.0,0.6,0.1,0.6,2.0,970.0,3.0,3.0,0.6371134020618556
8.0,4.0,1.0,0.6,0.1,0.6,2.0,960.0,5.0,3.0,0.6375
8.0,4.0,2.0,0.6,0.1,0.6,2.0,949.0,3.0,1.0,0.6364594309799789
8.0,4.0,3.0,0.6,0.1,0.6,2.0,940.0,2.0,1.0,0.6361702127659574
8.0,4.0,4.0,0.6,0.1,0.6,2.0,934.0,2.0,1.0,0.6349036402569593
8.0,4.0,5.0,0.6,0.1,0.6,2.0,935.0,2.0,1.0,0.6331550802139038
8.0,4.0,6.0,0.6,0.1,0.6,2.0,929.0,2.0,0.0,0.635091496232508
8.0,4.0,7.0,0.6,0.1,0.6,2.0,913.0,2.0,2.0,0.6341730558598029
8.0,4.0,8.0,0.6,0.1,0.6,2.0,906.0,1.0,1.0,0.6346578366445916
8.0,4.0,9.0,0.6,0.1,0.6,2.0,898.0,1.0,1.0,0.6380846325167038
8.0,4.0,10.0,0.6,0.1,0.6,2.0,873.0,0.0,0.0,0.6403207331042382
8.0,4.0,11.0,0.6,0.1,0.6,2.0,851.0,0.0,0.0,0.6380728554641598
8.0,4.0,12.0,0.6,0.1,0.6,2.0,843.0,0.0,0.0,0.6393831553973903
8.0,4.0,13.0,0.6,0.1,0.6,2.0,841.0,0.0,0.0,0.6409036860879905
8.0,4.0,14.0,0.6,0.1,0.6,2.0,834.0,0.0,0.0,0.6378896882494005
8.0,4.0,15.0,0.6,0.1,0.6,2.0,818.0,0.0,0.0,0.6393643031784841
8.0,4.0,16.0,0.6,0.1,0.6,2.0,815.0,0.0,0.0,0.6392638036809816
8.0,4.0,17.0,0.6,0.1,0.6,2.0,813.0,0.0,0.0,0.6371463714637147
8.0,4.0,18.0,0.6,0.1,0.6,2.0,799.0,0.0,0.0,0.6382978723404256
8.0,4.0,19.0,0.6,0.1,0.6,2.0,796.0,0.0,0.0,0.6369346733668342
8.0,4.0,20.0,0.6,0.1,0.6,2.0,1459.0,0.0,0.0,0.34681288553803974
8.0,4.0,21.0,0.6,0.1,0.6,2.0,1390.0,0.0,0.0,0.35251798561151076
8.0,4.0,22.0,0.6,0.1,0.6,2.0,1397.0,0.0,0.0,0.3514674302075877
8.0,4.0,23.0,0.6,0.1,0.6,2.0,1388.0,0.0,0.0,0.3523054755043228
8.0,4.0,24.0,0.6,0.1,0.6,2.0,1345.0,0.0,0.0,0.3516728624535316
8.0,4.0,25.0,0.6,0.1,0.6,2.0,1324.0,0.0,0.0,0.3527190332326284
8.0,4.0,26.0,0.6,0.1,0.6,2.0,1286.0,0.0,0.0,0.35303265940902023
8.0,4.0,27.0,0.6,0.1,0.6,2.0,1270.0,0.0,0.0,0.35826771653543305
8.0,4.0,28.0,0.6,0.1,0.6,2.0,1256.0,0.0,0.0,0.3535031847133758
8.0,4.0,29.0,0.6,0.1,0.6,2.0,1249.0,0.0,0.0,0.35708566853482787
8.0,4.0,30.0,0.6,0.1,0.6,2.0,1215.0,0.0,0.0,0.35390946502057613
8.0,4.0,31.0,0.6,0.1,0.6,2.0,1167.0,0.0,0.0,0.36418166238217653
8.0,4.0,32.0,0.6,0.1,0.6,2.0,1159.0,0.0,0.0,0.361518550474547
8.0,4.0,33.0,0.6,0.1,0.6,2.0,1141.0,0.0,0.0,0.36459246275197194
8.0,4.0,34.0,0.6,0.1,0.6,2.0,1101.0,0.0,0.0,0.3642143505903724
8.0,4.0,35.0,0.6,0.1,0.6,2.0,1075.0,0.0,0.0,0.3655813953488372
8.0,4.0,36.0,0.6,0.1,0.6,2.0,1029.0,0.0,0.0,0.36345966958211856
8.0,4.0,37.0,0.6,0.1,0.6,2.0,1013.0,0.0,0.0,0.368213228035538
8.0,4.0,38.0,0.6,0.1,0.6,2.0,980.0,0.0,0.0,0.3663265306122449
8.0,4.0,39.0,0.6,0.1,0.6,2.0,925.0,0.0,0.0,0.37513513513513513
8.0,4.0,40.0,0.6,0.1,0.6,2.0,902.0,0.0,0.0,0.369179600886918
8.0,4.0,41.0,0.6,0.1,0.6,2.0,834.0,0.0,0.0,0.37889688249400477
8.0,4.0,42.0,0.6,0.1,0.6,2.0,824.0,0.0,0.0,0.37985436893203883
8.0,4.0,43.0,0.6,0.1,0.6,2.0,821.0,0.0,0.0,0.3800243605359318
8.0,4.0,44.0,0.6,0.1,0.6,2.0,806.0,0.0,0.0,0.3784119106699752
8.0,4.0,45.0,0.6,0.1,0.6,2.0,792.0,0.0,0.0,0.6325757575757576
8.0,4.0,46.0,0.6,0.1,0.6,2.0,802.0,0.0,0.0,0.6259351620947631
8.0,4.0,47.0,0.6,0.1,0.6,2.0,787.0,0.0,0.0,0.6302414231257941
8.0,4.0,48.0,0.6,0.1,0.6,2.0,777.0,0.0,0.0,0.6280566280566281
8.0,4.0,49.0,0.6,0.1,0.6,2.0,756.0,0.0,0.0,0.6335978835978836
8.0,4.0,50.0,0.6,0.1,0.6,2.0,752.0,0.0,0.0,0.6343085106382979
8.0,4.0,51.0,0.6,0.1,0.6,2.0,754.0,0.0,0.0,0.6352785145888594
8.0,4.0,52.0,0.6,0.1,0.6,2.0,751.0,0.0,0.0,0.6351531291611185
8.0,5.0,1.0,0.6,0.1,0.6,2.0,751.0,0.0,0.0,0.6351531291611185
8.0,5.0,2.0,0.6,0.1,0.6,2.0,744.0,0.0,0.0,0.635752688172043
8.0,5.0,3.0,0.6,0.1,0.6,2.0,744.0,0.0,0.0,0.6370967741935484
8.0,5.0,4.0,0.6,0.1,0.6,2.0,740.0,0.0,0.0,0.6391891891891892
8.0,5.0,5.0,0.6,0.1,0.6,2.0,726.0,0.0,0.0,0.6446280991735537
8.0,5.0,6.0,0.6,0.1,0.6,2.0,720.0,0.0,0.0,0.6430555555555556
8.0,5.0,7.0,0.6,0.1,0.6,2.0,704.0,0.0,0.0,0.6463068181818182
8.0,5.0,8.0,0.6,0.1,0.6,2.0,708.0,0.0,0.0,0.6483050847457628
8.0,5.0,9.0,0.6,0.1,0.6,2.0,697.0,0.0,0.0,0.6499282639885222
8.0,5.0,10.0,0.6,0.1,0.6,2.0,698.0,0.0,0.0,0.6518624641833811
8.0,5.0,11.0,0.6,0.1,0.6,2.0,665.0,0.0,0.0,0.6631578947368421
8.0,5.0,12.0,0.6,0.1,0.6,2.0,669.0,0.0,0.0,0.6621823617339312
8.0,5.0,13.0,0.6,0.1,0.6,2.0,661.0,0.0,0.0,0.6626323751891074
8.0,5.0,14.0,0.6,0.1,0.6,2.0,666.0,0.0,0.0,0.6636636636636637
8.0,5.0,15.0,0.6,0.1,0.6,2.0,658.0,0.0,0.0,0.662613981762918
8.0,5.0,16.0,0.6,0.1,0.6,2.0,657.0,0.0,0.0,0.6636225266362252
8.0,5.0,17.0,0.6,0.1,0.6,2.0,651.0,0.0,0.0,0.6620583717357911
8.0,5.0,18.0,0.6,0.1,0.6,2.0,654.0,0.0,0.0,0.6620795107033639
8.0,5.0,19.0,0.6,0.1,0.6,2.0,632.0,0.0,0.0,0.6677215189873418
8.0,5.0,20.0,0.6,0.1,0.6,2.0,1119.0,0.0,0.0,0.3717605004468275
8.0,5.0,21.0,0.6,0.1,0.6,2.0,1100.0,0.0,0.0,0.37454545454545457
8.0,5.0,22.0,0.6,0.1,0.6,2.0,1075.0,0.0,0.0,0.3776744186046512
8.0,5.0,23.0,0.6,0.1,0.6,2.0,1056.0,0.0,0.0,0.3787878787878788
8.0,5.0,24.0,0.6,0.1,0.6,2.0,1049.0,0.0,0.0,0.3822688274547188
8.0,5.0,25.0,0.6,0.1,0.6,2.0,1016.0,0.0,0.0,0.3809055118110236
8.0,5.0,26.0,0.6,0.1,0.6,2.0,997.0,0.0,0.0,0.3831494483450351
8.0,5.0,27.0,0.6,0.1,0.6,2.0,945.0,0.0,0.0,0.38306878306878306
8.0,5.0,28.0,0.6,0.1,0.6,2.0,922.0,0.0,0.0,0.38177874186550975
8.0,5.0,29.0,0.6,0.1,0.6,2.0,895.0,0.0,0.0,0.3877094972067039
8.0,5.0,30.0,0.6,0.1,0.6,2.0,898.0,0.0,0.0,0.38752783964365256
8.0,5.0,31.0,0.6,0.1,0.6,2.0,891.0,0.0,0.0,0.38496071829405165
8.0,5.0,32.0,0.6,0.1,0.6,2.0,894.0,0.0,0.0,0.38478747203579416
8.0,5.0,33.0,0.6,0.1,0.6,2.0,887.0,0.0,0.0,0.38218714768883877
8.0,5.0,34.0,0.6,0.1,0.6,2.0,893.0,0.0,0.0,0.3840985442329227
8.0,5.0,35.0,0.6,0.1,0.6,2.0,888.0,0.0,0.0,0.38288288288288286
8.0,5.0,36.0,0.6,0.1,0.6,2.0,888.0,0.0,0.0,0.38400900900900903
8.0,5.0,37.0,0.6,0.1,0.6,2.0,866.0,0.0,0.0,0.38683602771362585
8.0,5.0,38.0,0.6,0.1,0.6,2.0,855.0,0.0,0.0,0.3894736842105263
8.0,5.0,39.0,0.6,0.1,0.6,2.0,852.0,0.0,0.0,0.3873239436619718
8.0,5.0,40.0,0.6,0.1,0.6,2.0,851.0,0.0,0.0,0.38777908343125733
8.0,5.0,41.0,0.6,0.1,0.6,2.0,845.0,0.0,0.0,0.3893491124260355
8.0,5.0,42.0,0.6,0.1,0.6,2.0,831.0,0.0,0.0,0.3910950661853189
8.0,5.0,43.0,0.6,0.1,0.6,2.0,838.0,0.0,0.0,0.38902147971360385
8.0,5.0,44.0,0.6,0.1,0.6,2.0,827.0,0.0,0.0,0.3905683192261185
8.0,5.0,45.0,0.6,0.1,0.6,2.0,814.0,0.0,0.0,0.6179361179361179
8.0,5.0,46.0,0.6,0.1,0.6,2.0,787.0,0.0,0.0,0.6200762388818297
8.0,5.0,47.0,0.6,0.1,0.6,2.0,798.0,0.0,0.0,0.6177944862155389
8.0,5.0,48.0,0.6,0.1,0.6,2.0,784.0,0.0,0.0,0.6186224489795918
8.0,5.0,49.0,0.6,0.1,0.6,2.0,782.0,0.0,0.0,0.6138107416879796
8.0,5.0,50.0,0.6,0.1,0.6,2.0,783.0,0.0,0.0,0.6168582375478927
8.0,5.0,51.0,0.6,0.1,0.6,2.0,775.0,0.0,0.0,0.6129032258064516
8.0,5.0,52.0,0.6,0.1,0.6,2.0,775.0,0.0,0.0,0.6154838709677419
8.0,6.0,1.0,0.6,0.1,0.6,2.0,767.0,0.0,0.0,0.6153846153846154
8.0,6.0,2.0,0.6,0.1,0.6,2.0,766.0,0.0,0.0,0.618798955613577
8.0,6.0,3.0,0.6,0.1,0.6,2.0,762.0,0.0,0.0,0.6181102362204725
8.0,6.0,4.0,0.6,0.1,0.6,2.0,761.0,0.0,0.0,0.6202365308804205
8.0,6.0,5.0,0.6,0.1,0.6,2.0,743.0,0.0,0.0,0.6177658142664872
8.0,6.0,6.0,0.6,0.1,0.6,2.0,740.0,0.0,0.0,0.6229729729729729
8.0,6.0,7.0,0.6,0.1,0.6,2.0,739.0,0.0,0.0,0.6211096075778079
8.0,6.0,8.0,0.6,0.1,0.6,2.0,735.0,0.0,0.0,0.6258503401360545
8.0,6.0,9.0,0.6,0.1,0.6,2.0,725.0,0.0,0.0,0.6289655172413793
8.0,6.0,10.0,0.6,0.1,0.6,2.0,723.0,0.0,0.0,0.632088520055325
8.0,6.0,11.0,0.6,0.1,0.6,2.0,723.0,0.0,0.0,0.6293222683264177
8.0,6.0,12.0,0.6,0.1,0.6,2.0,716.0,0.0,0.0,0.6340782122905028
8.0,6.0,13.0,0.6,0.1,0.6,2.0,707.0,0.0,0.0,0.6364922206506365
8.0,6.0,14.0,0.6,0.1,0.6,2.0,709.0,0.0,0.0,0.6375176304654443
8.0,6.0,15.0,0.6,0.1,0.6,2.0,702.0,0.0,0.0,0.6381766381766382
8.0,6.0,16.0,0.6,0.1,0.6,2.0,697.0,0.0,0.0,0.6384505021520803
8.0,6.0,17.0,0.6,0.1,0.6,2.0,703.0,0.0,0.0,0.6372688477951636
8.0,6.0,18.0,0.6,0.1,0.6,2.0,700.0,0.0,0.0,0.6371428571428571
8.0,6.0,19.0,0.6,0.1,0.6,2.0,702.0,0.0,0.0,0.6367521367521367
8.0,6.0,20.0,0.6,0.1,0.6,2.0,1298.0,0.0,0.0,0.34129429892141755
8.0,6.0,21.0,0.6,0.1,0.6,2.0,1298.0,0.0,0.0,0.3405238828967643
8.0,6.0,22.0,0.6,0.1,0.6,2.0,1195.0,0.0,0.0,0.3523012552301255
8.0,6.0,23.0,0.6,0.1,0.6,2.0,1169.0,0.0,0.0,0.3455945252352438
8.0,6.0,24.0,0.6,0.1,0.6,2.0,1137.0,0.0,0.0,0.3482849604221636
8.0,6.0,25.0,0.6,0.1,0.6,2.0,1132.0,0.0,0.0,0.3480565371024735
8.0,6.0,26.0,0.6,0.1,0.6,2.0,1102.0,0.0,0.0,0.3457350272232305
8.0,6.0,27.0,0.6,0.1,0.6,2.0,1094.0,0.0,0.0,0.3446069469835466
8.0,6.0,28.0,0.6,0.1,0.6,2.0,1076.0,0.0,0.0,0.3475836431226766
8.0,6.0,29.0,0.6,0.1,0.6,2.0,1027.0,0.0,0.0,0.3485881207400195
8.0,6.0,30.0,0.6,0.1,0.6,2.0,994.0,0.0,0.0,0.3501006036217304
8.0,6.0,31.0,0.6,0.1,0.6,2.0,1001.0,0.0,0.0,0.3436563436563437
8.0,6.0,32.0,0.6,0.1,0.6,2.0,988.0,0.0,0.0,0.35020242914979755
8.0,6.0,33.0,0.6,0.1,0.6,2.0,967.0,0.0,0.0,0.3485005170630817
8.0,6.0,34.0,0.6,0.1,0.6,2.0,952.0,0.0,0.0,0.3539915966386555
8.0,6.0,35.0,0.6,0.1,0.6,2.0,939.0,0.0,0.0,0.3514376996805112
8.0,6.0,36.0,0.6,0.1,0.6,2.0,932.0,0.0,0.0,0.3530042918454936
8.0,6.0,37.0,0.6,0.1,0.6,2.0,934.0,0.0,0.0,0.34796573875803
8.0,6.0,38.0,0.6,0.1,0.6,2.0,919.0,0.0,0.0,0.352557127312296
8.0,6.0,39.0,0.6,0.1,0.6,2.0,909.0,0.0,0.0,0.35203520352035206
8.0,6.0,40.0,0.6,0.1,0.6,2.0,894.0,0.0,0.0,0.35570469798657717
8.0,6.0,41.0,0.6,0.1,0.6,2.0,869.0,0.0,0.0,0.35443037974683544
8.0,6.0,42.0,0.6,0.1,0.6,2.0,863.0,0.0,0.0,0.35921205098493625
8.0,6.0,43.0,0.6,0.1,0.6,2.0,852.0,0.0,0.0,0.357981220657277
8.0,6.0,44.0,0.6,0.1,0.6,2.0,837.0,0.0,0.0,0.35722819593787336
8.0,6.0,45.0,0.6,0.1,0.6,2.0,841.0,0.0,0.0,0.6266349583828775
8.0,6.0,46.0,0.6,0.1,0.6,2.0,834.0,0.0,0.0,0.6258992805755396
8.0,6.0,47.0,0.6,0.1,0.6,2.0,818.0,0.0,0.0,0.628361858190709
8.0,6.0,48.0,0.6,0.1,0.6,2.0,809.0,0.0,0.0,0.6279357231149567
8.0,6.0,49.0,0.6,0.1,0.6,2.0,812.0,0.0,0.0,0.625615763546798
8.0,6.0,50.0,0.6,0.1,0.6,2.0,807.0,0.0,0.0,0.6257744733581165
8.0,6.0,51.0,0.6,0.1,0.6,2.0,802.0,0.0,0.0,0.6246882793017456
8.0,6.0,52.0,0.6,0.1,0.6,2.0,802.0,0.0,0.0,0.6246882793017456
8.0,7.0,1.0,0.6,0.1,0.6,2.0,801.0,0.0,0.0,0.6242197253433208
8.0,7.0,2.0,0.6,0.1,0.6,2.0,793.0,0.0,0.0,0.6229508196721312
8.0,7.0,3.0,0.6,0.1,0.6,2.0,794.0,0.0,0.0,0.6209068010075567
8.0,7.0,4.0,0.6,0.1,0.6,2.0,781.0,0.0,0.0,0.6209987195902689
8.0,7.0,5.0,0.6,0.1,0.6,2.0,780.0,0.0,0.0,0.6192307692307693
8.0,7.0,6.0,0.6,0.1,0.6,2.0,778.0,0.0,0.0,0.6208226221079691
8.0,7.0,7.0,0.6,0.1,0.6,2.0,766.0,0.0,0.0,0.618798955613577
8.0,7.0,8.0,0.6,0.1,0.6,2.0,758.0,0.0,0.0,0.6213720316622692
8.0,7.0,9.0,0.6,0.1,0.6,2.0,755.0,0.0,0.0,0.6225165562913907
8.0,7.0,10.0,0.6,0.1,0.6,2.0,751.0,0.0,0.0,0.6245006657789614
8.0,7.0,11.0,0.6,0.1,0.6,2.0,751.0,0.0,0.0,0.6231691078561917
8.0,7.0,12.0,0.6,0.1,0.6,2.0,743.0,0.0,0.0,0.6218034993270525
8.0,7.0,13.0,0.6,0.1,0.6,2.0,739.0,0.0,0.0,0.6265223274695535
8.0,7.0,14.0,0.6,0.1,0.6,2.0,723.0,0.0,0.0,0.627939142461964
8.0,7.0,15.0,0.6,0.1,0.6,2.0,720.0,0.0,0.0,0.6263888888888889
8.0,7.0,16.0,0.6,0.1,0.6,2.0,721.0,0.0,0.0,0.6269070735090153
8.0,7.0,17.0,0.6,0.1,0.6,2.0,719.0,0.0,0.0,0.6258692628650904
8.0,7.0,18.0,0.6,0.1,0.6,2.0,718.0,0.0,0.0,0.6253481894150418
8.0,7.0,19.0,0.6,0.1,0.6,2.0,713.0,0.0,0.0,0.6255259467040674
8.0,7.0,20.0,0.6,0.1,0.6,2.0,1287.0,0.0,0.0,0.3473193473193473
8.0,7.0,21.0,0.6,0.1,0.6,2.0,1271.0,0.0,0.0,0.34539732494099135
8.0,7.0,22.0,0.6,0.1,0.6,2.0,1218.0,0.0,0.0,0.3464696223316913
8.0,7.0,23.0,0.6,0.1,0.6,2.0,1174.0,0.0,0.0,0.3534923339011925
8.0,7.0,24.0,0.6,0.1,0.6,2.0,1135.0,0.0,0.0,0.3568281938325991
8.0,7.0,25.0,0.6,0.1,0.6,2.0,1117.0,0.0,0.0,0.35720680393912263
8.0,7.0,26.0,0.6,0.1,0.6,2.0,1085.0,0.0,0.0,0.3631336405529954
8.0,7.0,27.0,0.6,0.1,0.6,2.0,1060.0,0.0,0.0,0.3650943396226415
8.0,7.0,28.0,0.6,0.1,0.6,2.0,1015.0,0.0,0.0,0.36847290640394087
8.0,7.0,29.0,0.6,0.1,0.6,2.0,996.0,0.0,0.0,0.3704819277108434
8.0,7.0,30.0,0.6,0.1,0.6,2.0,979.0,0.0,0.0,0.3738508682328907
8.0,7.0,31.0,0.6,0.1,0.6,2.0,965.0,0.0,0.0,0.3761658031088083
8.0,7.0,32.0,0.6,0.1,0.6,2.0,964.0,0.0,0.0,0.37655601659751037
8.0,7.0,33.0,0.6,0.1,0.6,2.0,942.0,0.0,0.0,0.38110403397027603
8.0,7.0,34.0,0.6,0.1,0.6,2.0,936.0,0.0,0.0,0.38247863247863245
8.0,7.0,35.0,0.6,0.1,0.6,2.0,940.0,0.0,0.0,0.38085106382978723
8.0,7.0,36.0,0.6,0.1,0.6,2.0,921.0,0.0,0.0,0.38436482084690554
8.0,7.0,37.0,0.6,0.1,0.6,2.0,918.0,0.0,0.0,0.38235294117647056
8.0,7.0,38.0,0.6,0.1,0.6,2.0,906.0,0.0,0.0,0.3852097130242826
8.0,7.0,39.0,0.6,0.1,0.6,2.0,894.0,0.0,0.0,0.38814317673378074
8.0,7.0,40.0,0.6,0.1,0.6,2.0,883.0,0.0,0.0,0.39071347678369195
8.0,7.0,41.0,0.6,0.1,0.6,2.0,880.0,0.0,0.0,0.38977272727272727
8.0,7.0,42.0,0.6,0.1,0.6,2.0,870.0,0.0,0.0,0.3931034482758621
8.0,7.0,43.0,0.6,0.1,0.6,2.0,873.0,0.0,0.0,0.39060710194730813
8.0,7.0,44.0,0.6,0.1,0.6,2.0,862.0,0.0,0.0,0.39327146171693733
8.0,7.0,45.0,0.6,0.1,0.6,2.0,861.0,0.0,0.0,0.6329849012775842
8.0,7.0,46.0,0.6,0.1,0.6,2.0,845.0,0.0,0.0,0.6343195266272189
8.0,7.0,47.0,0.6,0.1,0.6,2.0,853.0,0.0,0.0,0.6318874560375146
8.0,7.0,48.0,0.6,0.1,0.6,2.0,840.0,0.0,0.0,0.6333333333333333
8.0,7.0,49.0,0.6,0.1,0.6,2.0,827.0,0.0,0.0,0.6299879081015719
8.0,7.0,50.0,0.6,0.1,0.6,2.0,834.0,0.0,0.0,0.6306954436450839
8.0,7.0,51.0,0.6,0.1,0.6,2.0,805.0,0.0,0.0,0.6347826086956522
8.0,7.0,52.0,0.6,0.1,0.6,2.0,778.0,0.0,0.0,0.6311053984575835
8.0,8.0,1.0,0.6,0.1,0.6,2.0,760.0,0.0,0.0,0.6355263157894737
8.0,8.0,2.0,0.6,0.1,0.6,2.0,761.0,0.0,0.0,0.633377135348226
8.0,8.0,3.0,0.6,0.1,0.6,2.0,759.0,0.0,0.0,0.6350461133069829
8.0,8.0,4.0,0.6,0.1,0.6,2.0,757.0,0.0,0.0,0.6354029062087186
8.0,8.0,5.0,0.6,0.1,0.6,2.0,752.0,0.0,0.0,0.636968085106383
8.0,8.0,6.0,0.6,0.1,0.6,2.0,737.0,0.0,0.0,0.6350067842605156
8.0,8.0,7.0,0.6,0.1,0.6,2.0,733.0,0.0,0.0,0.6384720327421555
8.0,8.0,8.0,0.6,0.1,0.6,2.0,733.0,0.0,0.0,0.635743519781719
8.0,8.0,9.0,0.6,0.1,0.6,2.0,725.0,0.0,0.0,0.6386206896551724
8.0,8.0,10.0,0.6,0.1,0.6,2.0,725.0,0.0,0.0,0.6386206896551724
8.0,8.0,11.0,0.6,0.1,0.6,2.0,722.0,0.0,0.0,0.6412742382271468
8.0,8.0,12.0,0.6,0.1,0.6,2.0,721.0,0.0,0.0,0.6407766990291263
8.0,8.0,13.0,0.6,0.1,0.6,2.0,718.0,0.0,0.0,0.6420612813370473
8.0,8.0,14.0,0.6,0.1,0.6,2.0,719.0,0.0,0.0,0.6411682892906815
8.0,8.0,15.0,0.6,0.1,0.6,2.0,709.0,0.0,0.0,0.6488011283497884
8.0,8.0,16.0,0.6,0.1,0.6,2.0,715.0,0.0,0.0,0.6447552447552447
8.0,8.0,17.0,0.6,0.1,0.6,2.0,707.0,0.0,0.0,0.6492220650636492
8.0,8.0,18.0,0.6,0.1,0.6,2.0,710.0,0.0,0.0,0.6464788732394366
8.0,8.0,19.0,0.6,0.1,0.6,2.0,682.0,0.0,0.0,0.656891495601173
8.0,8.0,20.0,0.6,0.1,0.6,2.0,1272.0,0.0,0.0,0.3522012578616352
8.0,8.0,21.0,0.6,0.1,0.6,2.0,1168.0,0.0,0.0,0.3647260273972603
8.0,8.0,22.0,0.6,0.1,0.6,2.0,1161.0,0.0,0.0,0.35917312661498707
8.0,8.0,23.0,0.6,0.1,0.6,2.0,1102.0,0.0,0.0,0.36388384754990927
8.0,8.0,24.0,0.6,0.1,0.6,2.0,1075.0,0.0,0.0,0.36372093023255814
8.0,8.0,25.0,0.6,0.1,0.6,2.0,1034.0,0.0,0.0,0.37620889748549324
8.0,8.0,26.0,0.6,0.1,0.6,2.0,1016.0,0.0,0.0,0.37598425196850394
8.0,8.0,27.0,0.6,0.1,0.6,2.0,993.0,0.0,0.0,0.37865055387714
8.0,8.0,28.0,0.6,0.1,0.6,2.0,971.0,0.0,0.0,0.37899073120494337
8.0,8.0,29.0,0.6,0.1,0.6,2.0,979.0,0.0,0.0,0.38100102145045966
8.0,8.0,30.0,0.6,0.1,0.6,2.0,959.0,0.0,0.0,0.3795620437956204
8.0,8.0,31.0,0.6,0.1,0.6,2.0,964.0,0.0,0.0,0.3817427385892116
8.0,8.0,32.0,0.6,0.1,0.6,2.0,944.0,0.0,0.0,0.3802966101694915
8.0,8.0,33.0,0.6,0.1,0.6,2.0,940.0,0.0,0.0,0.3861702127659574
8.0,8.0,34.0,0.6,0.1,0.6,2.0,932.0,0.0,0.0,0.38412017167381973
8.0,8.0,35.0,0.6,0.1,0.6,2.0,941.0,0.0,0.0,0.38575982996811903
8.0,8.0,36.0,0.6,0.1,0.6,2.0,907.0,0.0,0.0,0.38478500551267913
8.0,8.0,37.0,0.6,0.1,0.6,2.0,901.0,0.0,0.0,0.3895671476137625
8.0,8.0,38.0,0.6,0.1,0.6,2.0,888.0,0.0,0.0,0.3885135135135135
8.0,8.0,39.0,0.6,0.1,0.6,2.0,878.0,0.0,0.0,0.3940774487471526
8.0,8.0,40.0,0.6,0.1,0.6,2.0,842.0,0.0,0.0,0.3978622327790974
8.0,8.0,41.0,0.6,0.1,0.6,2.0,854.0,0.0,0.0,0.3981264637002342
8.0,8.0,42.0,0.6,0.1,0.6,2.0,838.0,0.0,0.0,0.39856801909307876
8.0,8.0,43.0,0.6,0.1,0.6,2.0,854.0,0.0,0.0,0.3992974238875878
8.0,8.0,44.0,0.6,0.1,0.6,2.0,824.0,0.0,0.0,0.4016990291262136
8.0,8.0,45.0,0.6,0.1,0.6,2.0,842.0,0.0,0.0,0.649643705463183
8.0,8.0,46.0,0.6,0.1,0.6,2.0,822.0,0.0,0.0,0.648418491484185
8.0,8.0,47.0,0.6,0.1,0.6,2.0,838.0,0.0,0.0,0.649164677804296
8.0,8.0,48.0,0.6,0.1,0.6,2.0,796.0,0.0,0.0,0.6532663316582915
8.0,8.0,49.0,0.6,0.1,0.6,2.0,763.0,0.0,0.0,0.653997378768021
8.0,8.0,50.0,0.6,0.1,0.6,2.0,763.0,0.0,0.0,0.6553079947575361
8.0,8.0,51.0,0.6,0.1,0.6,2.0,763.0,0.0,0.0,0.653997378768021
8.0,8.0,52.0,0.6,0.1,0.6,2.0,763.0,0.0,0.0,0.6553079947575361
8.0,9.0,1.0,0.6,0.1,0.6,2.0,762.0,0.0,0.0,0.6535433070866141
8.0,9.0,2.0,0.6,0.1,0.6,2.0,751.0,0.0,0.0,0.6564580559254327
8.0,9.0,3.0,0.6,0.1,0.6,2.0,750.0,0.0,0.0,0.6573333333333333
8.0,9.0,4.0,0.6,0.1,0.6,2.0,747.0,0.0,0.0,0.6586345381526104
8.0,9.0,5.0,0.6,0.1,0.6,2.0,747.0,0.0,0.0,0.6599732262382865
8.0,9.0,6.0,0.6,0.1,0.6,2.0,745.0,0.0,0.0,0.6590604026845638
8.0,9.0,7.0,0.6,0.1,0.6,2.0,743.0,0.0,0.0,0.6608344549125168
8.0,9.0,8.0,0.6,0.1,0.6,2.0,743.0,0.0,0.0,0.6608344549125168
8.0,9.0,9.0,0.6,0.1,0.6,2.0,740.0,0.0,0.0,0.6621621621621622
8.0,9.0,10.0,0.6,0.1,0.6,2.0,739.0,0.0,0.0,0.6644113667117727
8.0,9.0,11.0,0.6,0.1,0.6,2.0,723.0,0.0,0.0,0.6680497925311203
8.0,9.0,12.0,0.6,0.1,0.6,2.0,721.0,0.0,0.0,0.6699029126213593
8.0,9.0,13.0,0.6,0.1,0.6,2.0,717.0,0.0,0.0,0.6694560669456067
8.0,9.0,14.0,0.6,0.1,0.6,2.0,717.0,0.0,0.0,0.6708507670850767
8.0,9.0,15.0,0.6,0.1,0.6,2.0,713.0,0.0,0.0,0.6690042075736325
8.0,9.0,16.0,0.6,0.1,0.6,2.0,715.0,0.0,0.0,0.66993006993007
8.0,9.0,17.0,0.6,0.1,0.6,2.0,713.0,0.0,0.0,0.6690042075736325
8.0,9.0,18.0,0.6,0.1,0.6,2.0,714.0,0.0,0.0,0.6708683473389355
8.0,9.0,19.0,0.6,0.1,0.6,2.0,713.0,0.0,0.0,0.6690042075736325
8.0,9.0,20.0,0.6,0.1,0.6,2.0,1268.0,0.0,0.0,0.3643533123028391
8.0,9.0,21.0,0.6,0.1,0.6,2.0,1231.0,0.0,0.0,0.3647441104792851
8.0,9.0,22.0,0.6,0.1,0.6,2.0,1148.0,0.0,0.0,0.3702090592334495
8.0,9.0,23.0,0.6,0.1,0.6,2.0,1095.0,0.0,0.0,0.3780821917808219
8.0,9.0,24.0,0.6,0.1,0.6,2.0,1075.0,0.0,0.0,0.38046511627906976
8.0,9.0,25.0,0.6,0.1,0.6,2.0,1046.0,0.0,0.0,0.3776290630975143
8.0,9.0,26.0,0.6,0.1,0.6,2.0,1035.0,0.0,0.0,0.37874396135265703
8.0,9.0,27.0,0.6,0.1,0.6,2.0,985.0,0.0,0.0,0.3847715736040609
8.0,9.0,28.0,0.6,0.1,0.6,2.0,982.0,0.0,0.0,0.3859470468431772
8.0,9.0,29.0,0.6,0.1,0.6,2.0,973.0,0.0,0.0,0.3864337101747174
8.0,9.0,30.0,0.6,0.1,0.6,2.0,960.0,0.0,0.0,0.384375
8.0,9.0,31.0,0.6,0.1,0.6,2.0,936.0,0.0,0.0,0.3888888888888889
8.0,9.0,32.0,0.6,0.1,0.6,2.0,915.0,0.0,0.0,0.3901639344262295
8.0,9.0,33.0,0.6,0.1,0.6,2.0,875.0,0.0,0.0,0.3954285714285714
8.0,9.0,34.0,0.6,0.1,0.6,2.0,876.0,0.0,0.0,0.3949771689497717
8.0,9.0,35.0,0.6,0.1,0.6,2.0,875.0,0.0,0.0,0.3954285714285714
8.0,9.0,36.0,0.6,0.1,0.6,2.0,865.0,0.0,0.0,0.3942196531791908
8.0,9.0,37.0,0.6,0.1,0.6,2.0,851.0,0.0,0.0,0.39247943595769685
8.0,9.0,38.0,0.6,0.1,0.6,2.0,828.0,0.0,0.0,0.40096618357487923
8.0,9.0,39.0,0.6,0.1,0.6,2.0,828.0,0.0,0.0,0.40217391304347827
8.0,9.0,40.0,0.6,0.1,0.6,2.0,829.0,0.0,0.0,0.4016887816646562
8.0,9.0,41.0,0.6,0.1,0.6,2.0,828.0,0.0,0.0,0.40217391304347827
8.0,9.0,42.0,0.6,0.1,0.6,2.0,829.0,0.0,0.0,0.4016887816646562
8.0,9.0,43.0,0.6,0.1,0.6,2.0,815.0,0.0,0.0,0.403680981595092
8.0,9.0,44.0,0.6,0.1,0.6,2.0,817.0,0.0,0.0,0.4039167686658507
8.0,9.0,45.0,0.6,0.1,0.6,2.0,805.0,0.0,0.0,0.6521739130434783
8.0,9.0,46.0,0.6,0.1,0.6,2.0,806.0,0.0,0.0,0.6501240694789082
8.0,9.0,47.0,0.6,0.1,0.6,2.0,805.0,0.0,0.0,0.6521739130434783
8.0,9.0,48.0,0.6,0.1,0.6,2.0,794.0,0.0,0.0,0.6523929471032746
8.0,9.0,49.0,0.6,0.1,0.6,2.0,794.0,0.0,0.0,0.654911838790932
8.0,9.0,50.0,0.6,0.1,0.6,2.0,779.0,0.0,0.0,0.6559691912708601
8.0,9.0,51.0,0.6,0.1,0.6,2.0,774.0,0.0,0.0,0.6640826873385013
8.0,9.0,52.0,0.6,0.1,0.6,2.0,761.0,0.0,0.0,0.6609724047306176
8.0,10.0,1.0,0.6,0.1,0.6,2.0,762.0,0.0,0.0,0.6653543307086615
8.0,10.0,2.0,0.6,0.1,0.6,2.0,761.0,0.0,0.0,0.6609724047306176
8.0,10.0,3.0,0.6,0.1,0.6,2.0,761.0,0.0,0.0,0.6649145860709592
8.0,10.0,4.0,0.6,0.1,0.6,2.0,758.0,0.0,0.0,0.6609498680738787
8.0,10.0,5.0,0.6,0.1,0.6,2.0,752.0,0.0,0.0,0.6688829787234043
8.0,10.0,6.0,0.6,0.1,0.6,2.0,749.0,0.0,0.0,0.6662216288384513
8.0,10.0,7.0,0.6,0.1,0.6,2.0,752.0,0.0,0.0,0.6688829787234043
8.0,10.0,8.0,0.6,0.1,0.6,2.0,747.0,0.0,0.0,0.6653279785809906
8.0,10.0,9.0,0.6,0.1,0.6,2.0,748.0,0.0,0.0,0.6684491978609626
8.0,10.0,10.0,0.6,0.1,0.6,2.0,740.0,0.0,0.0,0.6716216216216216
8.0,10.0,11.0,0.6,0.1,0.6,2.0,748.0,0.0,0.0,0.6684491978609626
8.0,10.0,12.0,0.6,0.1,0.6,2.0,736.0,0.0,0.0,0.6725543478260869
8.0,10.0,13.0,0.6,0.1,0.6,2.0,741.0,0.0,0.0,0.6761133603238867
8.0,10.0,14.0,0.6,0.1,0.6,2.0,732.0,0.0,0.0,0.6775956284153005
8.0,10.0,15.0,0.6,0.1,0.6,2.0,737.0,0.0,0.0,0.6757123473541384
8.0,10.0,16.0,0.6,0.1,0.6,2.0,732.0,0.0,0.0,0.6775956284153005
8.0,10.0,17.0,0.6,0.1,0.6,2.0,733.0,0.0,0.0,0.6780354706684857
8.0,10.0,18.0,0.6,0.1,0.6,2.0,732.0,0.0,0.0,0.6775956284153005
8.0,10.0,19.0,0.6,0.1,0.6,2.0,734.0,0.0,0.0,0.6771117166212534
8.0,10.0,20.0,0.6,0.1,0.6,2.0,1286.0,0.0,0.0,0.3654743390357698
8.0,10.0,21.0,0.6,0.1,0.6,2.0,1250.0,0.0,0.0,0.3712
8.0,10.0,22.0,0.6,0.1,0.6,2.0,1220.0,0.0,0.0,0.37131147540983606
8.0,10.0,23.0,0.6,0.1,0.6,2.0,1190.0,0.0,0.0,0.3764705882352941
8.0,10.0,24.0,0.6,0.1,0.6,2.0,1132.0,0.0,0.0,0.39045936395759717
8.0,10.0,25.0,0.6,0.1,0.6,2.0,1045.0,0.0,0.0,0.39330143540669854
8.0,10.0,26.0,0.6,0.1,0.6,2.0,1034.0,0.0,0.0,0.3945841392649903
8.0,10.0,27.0,0.6,0.1,0.6,2.0,1048.0,0.0,0.0,0.3931297709923664
8.0,10.0,28.0,0.6,0.1,0.6,2.0,1015.0,0.0,0.0,0.3980295566502463
8.0,10.0,29.0,0.6,0.1,0.6,2.0,1027.0,0.0,0.0,0.39629990262901654
8.0,10.0,30.0,0.6,0.1,0.6,2.0,973.0,0.0,0.0,0.4028776978417266
8.0,10.0,31.0,0.6,0.1,0.6,2.0,954.0,0.0,0.0,0.40146750524109015
8.0,10.0,32.0,0.6,0.1,0.6,2.0,947.0,0.0,0.0,0.4033790918690602
8.0,10.0,33.0,0.6,0.1,0.6,2.0,954.0,0.0,0.0,0.40146750524109015
8.0,10.0,34.0,0.6,0.1,0.6,2.0,937.0,0.0,0.0,0.4055496264674493
8.0,10.0,35.0,0.6,0.1,0.6,2.0,941.0,0.0,0.0,0.40488841657810837
8.0,10.0,36.0,0.6,0.1,0.6,2.0,926.0,0.0,0.0,0.408207343412527
8.0,10.0,37.0,0.6,0.1,0.6,2.0,930.0,0.0,0.0,0.4075268817204301
8.0,10.0,38.0,0.6,0.1,0.6,2.0,926.0,0.0,0.0,0.408207343412527
8.0,10.0,39.0,0.6,0.1,0.6,2.0,932.0,0.0,0.0,0.40665236051502146
8.0,10.0,40.0,0.6,0.1,0.6,2.0,926.0,0.0,0.0,0.408207343412527
8.0,10.0,41.0,0.6,0.1,0.6,2.0,912.0,0.0,0.0,0.41118421052631576
8.0,10.0,42.0,0.6,0.1,0.6,2.0,910.0,0.0,0.0,0.41098901098901097
8.0,10.0,43.0,0.6,0.1,0.6,2.0,911.0,0.0,0.0,0.411635565312843
8.0,10.0,44.0,0.6,0.1,0.6,2.0,908.0,0.0,0.0,0.4118942731277533
8.0,10.0,45.0,0.6,0.1,0.6,2.0,900.0,0.0,0.0,0.6544444444444445
8.0,10.0,46.0,0.6,0.1,0.6,2.0,875.0,0.0,0.0,0.656
8.0,10.0,47.0,0.6,0.1,0.6,2.0,873.0,0.0,0.0,0.6563573883161512
8.0,10.0,48.0,0.6,0.1,0.6,2.0,861.0,0.0,0.0,0.6562137049941928
8.0,10.0,49.0,0.6,0.1,0.6,2.0,861.0,0.0,0.0,0.6562137049941928
8.0,10.0,50.0,0.6,0.1,0.6,2.0,859.0,0.0,0.0,0.6565774155995343
8.0,10.0,51.0,0.6,0.1,0.6,2.0,856.0,0.0,0.0,0.6577102803738317
8.0,10.0,52.0,0.6,0.1,0.6,2.0,845.0,0.0,0.0,0.6615384615384615
9.0,1.0,1.0,0.6,0.1,0.6,2.0,5107.0,53.0,9.0,0.6003524574113961
9.0,1.0,2.0,0.6,0.1,0.6,2.0,5045.0,52.0,21.0,0.600792864222002
9.0,1.0,3.0,0.6,0.1,0.6,2.0,4943.0,61.0,27.0,0.6040865870928586
9.0,1.0,4.0,0.6,0.1,0.6,2.0,4858.0,62.0,26.0,0.6074516261836147
9.0,1.0,5.0,0.6,0.1,0.6,2.0,4849.0,60.0,28.0,0.6116725097958342
9.0,1.0,6.0,0.6,0.1,0.6,2.0,4743.0,63.0,28.0,0.6135357368753953
9.0,1.0,7.0,0.6,0.1,0.6,2.0,4622.0,68.0,35.0,0.6129381220250973
9.0,1.0,8.0,0.6,0.1,0.6,2.0,4495.0,75.0,33.0,0.6135706340378198
9.0,1.0,9.0,0.6,0.1,0.6,2.0,4373.0,82.0,30.0,0.616967756688772
9.0,1.0,10.0,0.6,0.1,0.6,2.0,4232.0,81.0,31.0,0.6183837429111532
9.0,1.0,11.0,0.6,0.1,0.6,2.0,4160.0,85.0,37.0,0.6204326923076923
9.0,1.0,12.0,0.6,0.1,0.6,2.0,3988.0,86.0,48.0,0.620110330992979
9.0,1.0,13.0,0.6,0.1,0.6,2.0,3921.0,88.0,42.0,0.6238204539658251
9.0,1.0,14.0,0.6,0.1,0.6,2.0,3805.0,85.0,37.0,0.6249671484888305
9.0,1.0,15.0,0.6,0.1,0.6,2.0,3715.0,68.0,31.0,0.6285329744279946
9.0,1.0,16.0,0.6,0.1,0.6,2.0,3600.0,69.0,36.0,0.6286111111111111
9.0,1.0,17.0,0.6,0.1,0.6,2.0,3593.0,62.0,32.0,0.6295574728639021
9.0,1.0,18.0,0.6,0.1,0.6,2.0,3502.0,57.0,29.0,0.6307824100513992
9.0,1.0,19.0,0.6,0.1,0.6,2.0,3448.0,49.0,28.0,0.6371809744779582
9.0,1.0,20.0,0.6,0.1,0.6,2.0,6439.0,51.0,33.0,0.3304861003261376
9.0,1.0,21.0,0.6,0.1,0.6,2.0,6005.0,80.0,27.0,0.33588676103247295
9.0,1.0,22.0,0.6,0.1,0.6,2.0,5699.0,86.0,30.0,0.34023512896999475
9.0,1.0,23.0,0.6,0.1,0.6,2.0,5462.0,97.0,32.0,0.3418161845477847
9.0,1.0,24.0,0.6,0.1,0.6,2.0,5172.0,114.0,40.0,0.34358081979891725
9.0,1.0,25.0,0.6,0.1,0.6,2.0,4881.0,130.0,37.0,0.34910878918254457
9.0,1.0,26.0,0.6,0.1,0.6,2.0,4653.0,146.0,53.0,0.35224586288416077
9.0,1.0,27.0,0.6,0.1,0.6,2.0,4477.0,172.0,65.0,0.3560419924056288
9.0,1.0,28.0,0.6,0.1,0.6,2.0,4279.0,184.0,79.0,0.35849497546155645
9.0,1.0,29.0,0.6,0.1,0.6,2.0,4057.0,173.0,81.0,0.36701996549174265
9.0,1.0,30.0,0.6,0.1,0.6,2.0,3868.0,183.0,79.0,0.3699586349534643
9.0,1.0,31.0,0.6,0.1,0.6,2.0,3712.0,182.0,79.0,0.38038793103448276
9.0,1.0,32.0,0.6,0.1,0.6,2.0,3606.0,194.0,82.0,0.3840820854132002
9.0,1.0,33.0,0.6,0.1,0.6,2.0,3417.0,194.0,87.0,0.39186420836991515
9.0,1.0,34.0,0.6,0.1,0.6,2.0,3311.0,183.0,87.0,0.3944427665357898
9.0,1.0,35.0,0.6,0.1,0.6,2.0,3104.0,167.0,80.0,0.40399484536082475
9.0,1.0,36.0,0.6,0.1,0.6,2.0,3025.0,159.0,77.0,0.4092561983471074
9.0,1.0,37.0,0.6,0.1,0.6,2.0,2922.0,145.0,69.0,0.4086242299794661
9.0,1.0,38.0,0.6,0.1,0.6,2.0,2831.0,136.0,70.0,0.41292829388908514
9.0,1.0,39.0,0.6,0.1,0.6,2.0,2691.0,126.0,58.0,0.41917502787068006
9.0,1.0,40.0,0.6,0.1,0.6,2.0,2616.0,124.0,67.0,0.42048929663608564
9.0,1.0,41.0,0.6,0.1,0.6,2.0,2522.0,111.0,55.0,0.42783505154639173
9.0,1.0,42.0,0.6,0.1,0.6,2.0,2416.0,111.0,54.0,0.4333609271523179
9.0,1.0,43.0,0.6,0.1,0.6,2.0,2326.0,98.0,45.0,0.43938091143594155
9.0,1.0,44.0,0.6,0.1,0.6,2.0,2235.0,99.0,47.0,0.44563758389261743
9.0,1.0,45.0,0.6,0.1,0.6,2.0,2196.0,104.0,46.0,0.6794171220400729
9.0,1.0,46.0,0.6,0.1,0.6,2.0,2141.0,91.0,49.0,0.6795889771134984
9.0,1.0,47.0,0.6,0.1,0.6,2.0,2057.0,68.0,46.0,0.6869227029654837
9.0,1.0,48.0,0.6,0.1,0.6,2.0,1995.0,58.0,44.0,0.6852130325814536
9.0,1.0,49.0,0.6,0.1,0.6,2.0,1952.0,41.0,32.0,0.6931352459016393
9.0,1.0,50.0,0.6,0.1,0.6,2.0,1919.0,31.0,20.0,0.6951537258989057
9.0,1.0,51.0,0.6,0.1,0.6,2.0,1882.0,24.0,14.0,0.6955366631243358
9.0,1.0,52.0,0.6,0.1,0.6,2.0,1847.0,20.0,13.0,0.6968056307525717
9.0,2.0,1.0,0.6,0.1,0.6,2.0,1816.0,17.0,10.0,0.7004405286343612
9.0,2.0,2.0,0.6,0.1,0.6,2.0,1807.0,14.0,9.0,0.6989485334809076
9.0,2.0,3.0,0.6,0.1,0.6,2.0,1769.0,10.0,5.0,0.7037874505370265
9.0,2.0,4.0,0.6,0.1,0.6,2.0,1763.0,10.0,6.0,0.7016449234259784
9.0,2.0,5.0,0.6,0.1,0.6,2.0,1715.0,9.0,5.0,0.7061224489795919
9.0,2.0,6.0,0.6,0.1,0.6,2.0,1725.0,8.0,5.0,0.7043478260869566
9.0,2.0,7.0,0.6,0.1,0.6,2.0,1663.0,6.0,4.0,0.708959711365003
9.0,2.0,8.0,0.6,0.1,0.6,2.0,1672.0,5.0,4.0,0.7063397129186603
9.0,2.0,9.0,0.6,0.1,0.6,2.0,1626.0,5.0,3.0,0.7152521525215252
9.0,2.0,10.0,0.6,0.1,0.6,2.0,1630.0,4.0,3.0,0.7134969325153374
9.0,2.0,11.0,0.6,0.1,0.6,2.0,1566.0,3.0,2.0,0.7177522349936143
9.0,2.0,12.0,0.6,0.1,0.6,2.0,1539.0,3.0,2.0,0.7186484730344379
9.0,2.0,13.0,0.6,0.1,0.6,2.0,1478.0,3.0,2.0,0.7158322056833559
9.0,2.0,14.0,0.6,0.1,0.6,2.0,1472.0,2.0,1.0,0.7160326086956522
9.0,2.0,15.0,0.6,0.1,0.6,2.0,1413.0,2.0,1.0,0.7169143665958952
9.0,2.0,16.0,0.6,0.1,0.6,2.0,1420.0,1.0,1.0,0.7211267605633803
9.0,2.0,17.0,0.6,0.1,0.6,2.0,1387.0,1.0,1.0,0.7180966113914924
9.0,2.0,18.0,0.6,0.1,0.6,2.0,1380.0,1.0,1.0,0.7217391304347827
9.0,2.0,19.0,0.6,0.1,0.6,2.0,1365.0,0.0,0.0,0.717948717948718
9.0,2.0,20.0,0.6,0.1,0.6,2.0,2488.0,0.0,0.0,0.39188102893890675
9.0,2.0,21.0,0.6,0.1,0.6,2.0,2378.0,0.0,0.0,0.39444911690496215
9.0,2.0,22.0,0.6,0.1,0.6,2.0,2344.0,0.0,0.0,0.39547781569965873
9.0,2.0,23.0,0.6,0.1,0.6,2.0,2274.0,0.0,0.0,0.39313984168865435
9.0,2.0,24.0,0.6,0.1,0.6,2.0,2214.0,0.0,0.0,0.3961156278229449
9.0,2.0,25.0,0.6,0.1,0.6,2.0,2148.0,0.0,0.0,0.39432029795158285
9.0,2.0,26.0,0.6,0.1,0.6,2.0,2095.0,0.0,0.0,0.39761336515513124
9.0,2.0,27.0,0.6,0.1,0.6,2.0,2064.0,0.0,0.0,0.39825581395348836
9.0,2.0,28.0,0.6,0.1,0.6,2.0,1975.0,0.0,0.0,0.4020253164556962
9.0,2.0,29.0,0.6,0.1,0.6,2.0,1923.0,0.0,0.0,0.4004160166406656
9.0,2.0,30.0,0.6,0.1,0.6,2.0,1851.0,0.0,0.0,0.4057266342517558
9.0,2.0,31.0,0.6,0.1,0.6,2.0,1831.0,0.0,0.0,0.4030584380120153
9.0,2.0,32.0,0.6,0.1,0.6,2.0,1792.0,0.0,0.0,0.40234375
9.0,2.0,33.0,0.6,0.1,0.6,2.0,1769.0,0.0,0.0,0.4036178631995478
9.0,2.0,34.0,0.6,0.1,0.6,2.0,1725.0,0.0,0.0,0.4052173913043478
9.0,2.0,35.0,0.6,0.1,0.6,2.0,1694.0,0.0,0.0,0.4090909090909091
9.0,2.0,36.0,0.6,0.1,0.6,2.0,1666.0,0.0,0.0,0.4069627851140456
9.0,2.0,37.0,0.6,0.1,0.6,2.0,1622.0,0.0,0.0,0.40998766954377314
9.0,2.0,38.0,0.6,0.1,0.6,2.0,1600.0,0.0,0.0,0.411875
9.0,2.0,39.0,0.6,0.1,0.6,2.0,1536.0,0.0,0.0,0.4166666666666667
9.0,2.0,40.0,0.6,0.1,0.6,2.0,1547.0,0.0,0.0,0.4130575307045895
9.0,2.0,41.0,0.6,0.1,0.6,2.0,1502.0,0.0,0.0,0.4207723035952064
9.0,2.0,42.0,0.6,0.1,0.6,2.0,1487.0,0.0,0.0,0.4189643577673167
9.0,2.0,43.0,0.6,0.1,0.6,2.0,1439.0,0.0,0.0,0.41834607366226545
9.0,2.0,44.0,0.6,0.1,0.6,2.0,1424.0,0.0,0.0,0.4199438202247191
9.0,2.0,45.0,0.6,0.1,0.6,2.0,1378.0,0.0,0.0,0.6415094339622641
9.0,2.0,46.0,0.6,0.1,0.6,2.0,1359.0,0.0,0.0,0.6431199411331862
9.0,2.0,47.0,0.6,0.1,0.6,2.0,1303.0,0.0,0.0,0.6400613967766692
9.0,2.0,48.0,0.6,0.1,0.6,2.0,1284.0,0.0,0.0,0.6456386292834891
9.0,2.0,49.0,0.6,0.1,0.6,2.0,1232.0,0.0,0.0,0.6444805194805194
9.0,2.0,50.0,0.6,0.1,0.6,2.0,1212.0,0.0,0.0,0.6427392739273927
9.0,2.0,51.0,0.6,0.1,0.6,2.0,1173.0,0.0,0.0,0.6351236146632566
9.0,2.0,52.0,0.6,0.1,0.6,2.0,1165.0,0.0,0.0,0.6420600858369099
9.0,3.0,1.0,0.6,0.1,0.6,2.0,1136.0,0.0,0.0,0.6338028169014085
9.0,3.0,2.0,0.6,0.1,0.6,2.0,1122.0,0.0,0.0,0.6372549019607843
9.0,3.0,3.0,0.6,0.1,0.6,2.0,1113.0,0.0,0.0,0.6316262353998203
9.0,3.0,4.0,0.6,0.1,0.6,2.0,1087.0,0.0,0.0,0.6430542778288868
9.0,3.0,5.0,0.6,0.1,0.6,2.0,1078.0,0.0,0.0,0.634508348794063
9.0,3.0,6.0,0.6,0.1,0.6,2.0,1060.0,0.0,0.0,0.6424528301886793
9.0,3.0,7.0,0.6,0.1,0.6,2.0,1037.0,0.0,0.0,0.6297010607521697
9.0,3.0,8.0,0.6,0.1,0.6,2.0,1027.0,0.0,0.0,0.6387536514118792
9.0,3.0,9.0,0.6,0.1,0.6,2.0,999.0,0.0,0.0,0.6336336336336337
9.0,3.0,10.0,0.6,0.1,0.6,2.0,968.0,0.0,0.0,0.6394628099173554
9.0,3.0,11.0,0.6,0.1,0.6,2.0,946.0,0.0,0.0,0.6331923890063424
9.0,3.0,12.0,0.6,0.1,0.6,2.0,934.0,0.0,0.0,0.639186295503212
9.0,3.0,13.0,0.6,0.1,0.6,2.0,932.0,0.0,0.0,0.628755364806867
9.0,3.0,14.0,0.6,0.1,0.6,2.0,899.0,0.0,0.0,0.6318131256952169
9.0,3.0,15.0,0.6,0.1,0.6,2.0,887.0,0.0,0.0,0.6302142051860203
9.0,3.0,16.0,0.6,0.1,0.6,2.0,870.0,0.0,0.0,0.635632183908046
9.0,3.0,17.0,0.6,0.1,0.6,2.0,871.0,0.0,0.0,0.6291618828932262
9.0,3.0,18.0,0.6,0.1,0.6,2.0,859.0,0.0,0.0,0.6344586728754366
9.0,3.0,19.0,0.6,0.1,0.6,2.0,860.0,0.0,0.0,0.6255813953488372
9.0,3.0,20.0,0.6,0.1,0.6,2.0,1560.0,0.0,0.0,0.34423076923076923
9.0,3.0,21.0,0.6,0.1,0.6,2.0,1508.0,0.0,0.0,0.3421750663129973
9.0,3.0,22.0,0.6,0.1,0.6,2.0,1404.0,0.0,0.0,0.34472934472934474
9.0,3.0,23.0,0.6,0.1,0.6,2.0,1411.0,0.0,0.0,0.3408929836995039
9.0,3.0,24.0,0.6,0.1,0.6,2.0,1357.0,0.0,0.0,0.3485630066322771
9.0,3.0,25.0,0.6,0.1,0.6,2.0,1315.0,0.0,0.0,0.35133079847908744
9.0,3.0,26.0,0.6,0.1,0.6,2.0,1285.0,0.0,0.0,0.35330739299610897
9.0,3.0,27.0,0.6,0.1,0.6,2.0,1270.0,0.0,0.0,0.35590551181102364
9.0,3.0,28.0,0.6,0.1,0.6,2.0,1231.0,0.0,0.0,0.35743298131600326
9.0,3.0,29.0,0.6,0.1,0.6,2.0,1210.0,0.0,0.0,0.36198347107438017
9.0,3.0,30.0,0.6,0.1,0.6,2.0,1184.0,0.0,0.0,0.3623310810810811
9.0,3.0,31.0,0.6,0.1,0.6,2.0,1157.0,0.0,0.0,0.36646499567847884
9.0,3.0,32.0,0.6,0.1,0.6,2.0,1121.0,0.0,0.0,0.36306868867082964
9.0,3.0,33.0,0.6,0.1,0.6,2.0,1080.0,0.0,0.0,0.3685185185185185
9.0,3.0,34.0,0.6,0.1,0.6,2.0,1061.0,0.0,0.0,0.3609802073515551
9.0,3.0,35.0,0.6,0.1,0.6,2.0,1065.0,0.0,0.0,0.36807511737089205
9.0,3.0,36.0,0.6,0.1,0.6,2.0,1028.0,0.0,0.0,0.3647859922178988
9.0,3.0,37.0,0.6,0.1,0.6,2.0,1037.0,0.0,0.0,0.3712632594021215
9.0,3.0,38.0,0.6,0.1,0.6,2.0,991.0,0.0,0.0,0.36427850655903127
9.0,3.0,39.0,0.6,0.1,0.6,2.0,975.0,0.0,0.0,0.3712820512820513
9.0,3.0,40.0,0.6,0.1,0.6,2.0,959.0,0.0,0.0,0.36496350364963503
9.0,3.0,41.0,0.6,0.1,0.6,2.0,956.0,0.0,0.0,0.36506276150627615
9.0,3.0,42.0,0.6,0.1,0.6,2.0,941.0,0.0,0.0,0.36344314558979807
9.0,3.0,43.0,0.6,0.1,0.6,2.0,936.0,0.0,0.0,0.3643162393162393
9.0,3.0,44.0,0.6,0.1,0.6,2.0,917.0,0.0,0.0,0.35877862595419846
9.0,3.0,45.0,0.6,0.1,0.6,2.0,893.0,0.0,0.0,0.6270996640537514
9.0,3.0,46.0,0.6,0.1,0.6,2.0,885.0,0.0,0.0,0.6248587570621469
9.0,3.0,47.0,0.6,0.1,0.6,2.0,855.0,0.0,0.0,0.6362573099415205
9.0,3.0,48.0,0.6,0.1,0.6,2.0,829.0,0.0,0.0,0.6344993968636912
9.0,3.0,49.0,0.6,0.1,0.6,2.0,819.0,0.0,0.0,0.6446886446886447
9.0,3.0,50.0,0.6,0.1,0.6,2.0,810.0,0.0,0.0,0.6333333333333333
9.0,3.0,51.0,0.6,0.1,0.6,2.0,802.0,0.0,0.0,0.6433915211970075
9.0,3.0,52.0,0.6,0.1,0.6,2.0,783.0,0.0,0.0,0.6334610472541508
9.0,4.0,1.0,0.6,0.1,0.6,2.0,768.0,0.0,0.0,0.6432291666666666
9.0,4.0,2.0,0.6,0.1,0.6,2.0,768.0,0.0,0.0,0.6315104166666666
9.0,4.0,3.0,0.6,0.1,0.6,2.0,739.0,0.0,0.0,0.6441136671177267
9.0,4.0,4.0,0.6,0.1,0.6,2.0,737.0,0.0,0.0,0.6336499321573948
9.0,4.0,5.0,0.6,0.1,0.6,2.0,722.0,0.0,0.0,0.6481994459833795
9.0,4.0,6.0,0.6,0.1,0.6,2.0,727.0,0.0,0.0,0.6327372764786795
9.0,4.0,7.0,0.6,0.1,0.6,2.0,712.0,0.0,0.0,0.6474719101123596
9.0,4.0,8.0,0.6,0.1,0.6,2.0,713.0,0.0,0.0,0.6339410939691444
9.0,4.0,9.0,0.6,0.1,0.6,2.0,688.0,0.0,0.0,0.6438953488372093
9.0,4.0,10.0,0.6,0.1,0.6,2.0,686.0,0.0,0.0,0.6355685131195336
9.0,4.0,11.0,0.6,0.1,0.6,2.0,664.0,0.0,0.0,0.6430722891566265
9.0,4.0,12.0,0.6,0.1,0.6,2.0,668.0,0.0,0.0,0.6392215568862275
9.0,4.0,13.0,0.6,0.1,0.6,2.0,655.0,0.0,0.0,0.6412213740458015
9.0,4.0,14.0,0.6,0.1,0.6,2.0,659.0,0.0,0.0,0.6388467374810318
9.0,4.0,15.0,0.6,0.1,0.6,2.0,647.0,0.0,0.0,0.6414219474497682
9.0,4.0,16.0,0.6,0.1,0.6,2.0,652.0,0.0,0.0,0.6395705521472392
9.0,4.0,17.0,0.6,0.1,0.6,2.0,641.0,0.0,0.0,0.6396255850234009
9.0,4.0,18.0,0.6,0.1,0.6,2.0,647.0,0.0,0.0,0.6383307573415765
9.0,4.0,19.0,0.6,0.1,0.6,2.0,637.0,0.0,0.0,0.6389324960753532
9.0,4.0,20.0,0.6,0.1,0.6,2.0,1221.0,0.0,0.0,0.3366093366093366
9.0,4.0,21.0,0.6,0.1,0.6,2.0,1149.0,0.0,0.0,0.33507397737162753
9.0,4.0,22.0,0.6,0.1,0.6,2.0,1098.0,0.0,0.0,0.3442622950819672
9.0,4.0,23.0,0.6,0.1,0.6,2.0,1100.0,0.0,0.0,0.3418181818181818
9.0,4.0,24.0,0.6,0.1,0.6,2.0,1057.0,0.0,0.0,0.34531693472090824
9.0,4.0,25.0,0.6,0.1,0.6,2.0,1059.0,0.0,0.0,0.33899905571293676
9.0,4.0,26.0,0.6,0.1,0.6,2.0,985.0,0.0,0.0,0.34822335025380713
9.0,4.0,27.0,0.6,0.1,0.6,2.0,989.0,0.0,0.0,0.3417593528816987
9.0,4.0,28.0,0.6,0.1,0.6,2.0,962.0,0.0,0.0,0.34407484407484407
9.0,4.0,29.0,0.6,0.1,0.6,2.0,974.0,0.0,0.0,0.3398357289527721
9.0,4.0,30.0,0.6,0.1,0.6,2.0,955.0,0.0,0.0,0.3403141361256545
9.0,4.0,31.0,0.6,0.1,0.6,2.0,966.0,0.0,0.0,0.3364389233954451
9.0,4.0,32.0,0.6,0.1,0.6,2.0,929.0,0.0,0.0,0.3401506996770721
9.0,4.0,33.0,0.6,0.1,0.6,2.0,910.0,0.0,0.0,0.34065934065934067
9.0,4.0,34.0,0.6,0.1,0.6,2.0,911.0,0.0,0.0,0.3402854006586169
9.0,4.0,35.0,0.6,0.1,0.6,2.0,903.0,0.0,0.0,0.3377630121816168
9.0,4.0,36.0,0.6,0.1,0.6,2.0,895.0,0.0,0.0,0.33854748603351953
9.0,4.0,37.0,0.6,0.1,0.6,2.0,842.0,0.0,0.0,0.336104513064133
9.0,4.0,38.0,0.6,0.1,0.6,2.0,818.0,0.0,0.0,0.3422982885085575
9.0,4.0,39.0,0.6,0.1,0.6,2.0,815.0,0.0,0.0,0.3374233128834356
9.0,4.0,40.0,0.6,0.1,0.6,2.0,788.0,0.0,0.0,0.3477157360406091
9.0,4.0,41.0,0.6,0.1,0.6,2.0,768.0,0.0,0.0,0.3411458333333333
9.0,4.0,42.0,0.6,0.1,0.6,2.0,737.0,0.0,0.0,0.34599728629579374
9.0,4.0,43.0,0.6,0.1,0.6,2.0,729.0,0.0,0.0,0.3429355281207133
9.0,4.0,44.0,0.6,0.1,0.6,2.0,732.0,0.0,0.0,0.3483606557377049
9.0,4.0,45.0,0.6,0.1,0.6,2.0,705.0,0.0,0.0,0.6056737588652482
9.0,4.0,46.0,0.6,0.1,0.6,2.0,685.0,0.0,0.0,0.6087591240875913
9.0,4.0,47.0,0.6,0.1,0.6,2.0,671.0,0.0,0.0,0.6080476900149031
9.0,4.0,48.0,0.6,0.1,0.6,2.0,658.0,0.0,0.0,0.6155015197568389
9.0,4.0,49.0,0.6,0.1,0.6,2.0,655.0,0.0,0.0,0.6076335877862595
9.0,4.0,50.0,0.6,0.1,0.6,2.0,647.0,0.0,0.0,0.6120556414219475
9.0,4.0,51.0,0.6,0.1,0.6,2.0,641.0,0.0,0.0,0.6053042121684867
9.0,4.0,52.0,0.6,0.1,0.6,2.0,641.0,0.0,0.0,0.6115444617784711
9.0,5.0,1.0,0.6,0.1,0.6,2.0,634.0,0.0,0.0,0.6056782334384858
9.0,5.0,2.0,0.6,0.1,0.6,2.0,633.0,0.0,0.0,0.6129541864139021
9.0,5.0,3.0,0.6,0.1,0.6,2.0,623.0,0.0,0.0,0.6019261637239165
9.0,5.0,4.0,0.6,0.1,0.6,2.0,610.0,0.0,0.0,0.6098360655737705
9.0,5.0,5.0,0.6,0.1,0.6,2.0,611.0,0.0,0.0,0.5990180032733224
9.0,5.0,6.0,0.6,0.1,0.6,2.0,605.0,0.0,0.0,0.6099173553719008
9.0,5.0,7.0,0.6,0.1,0.6,2.0,592.0,0.0,0.0,0.6013513513513513
9.0,5.0,8.0,0.6,0.1,0.6,2.0,586.0,0.0,0.0,0.6126279863481229
9.0,5.0,9.0,0.6,0.1,0.6,2.0,583.0,0.0,0.0,0.6054888507718696
9.0,5.0,10.0,0.6,0.1,0.6,2.0,573.0,0.0,0.0,0.6143106457242583
9.0,5.0,11.0,0.6,0.1,0.6,2.0,567.0,0.0,0.0,0.6084656084656085
9.0,5.0,12.0,0.6,0.1,0.6,2.0,566.0,0.0,0.0,0.6130742049469965
9.0,5.0,13.0,0.6,0.1,0.6,2.0,561.0,0.0,0.0,0.6114081996434938
9.0,5.0,14.0,0.6,0.1,0.6,2.0,563.0,0.0,0.0,0.61101243339254
9.0,5.0,15.0,0.6,0.1,0.6,2.0,557.0,0.0,0.0,0.6086175942549371
9.0,5.0,16.0,0.6,0.1,0.6,2.0,562.0,0.0,0.0,0.608540925266904
9.0,5.0,17.0,0.6,0.1,0.6,2.0,549.0,0.0,0.0,0.604735883424408
9.0,5.0,18.0,0.6,0.1,0.6,2.0,554.0,0.0,0.0,0.6101083032490975
9.0,5.0,19.0,0.6,0.1,0.6,2.0,547.0,0.0,0.0,0.6051188299817185
9.0,5.0,20.0,0.6,0.1,0.6,2.0,1086.0,0.0,0.0,0.30939226519337015
9.0,5.0,21.0,0.6,0.1,0.6,2.0,1054.0,0.0,0.0,0.30740037950664134
9.0,5.0,22.0,0.6,0.1,0.6,2.0,1053.0,0.0,0.0,0.3114909781576448
9.0,5.0,23.0,0.6,0.1,0.6,2.0,987.0,0.0,0.0,0.3140830800405269
9.0,5.0,24.0,0.6,0.1,0.6,2.0,900.0,0.0,0.0,0.3277777777777778
9.0,5.0,25.0,0.6,0.1,0.6,2.0,866.0,0.0,0.0,0.33140877598152424
9.0,5.0,26.0,0.6,0.1,0.6,2.0,874.0,0.0,0.0,0.32608695652173914
9.0,5.0,27.0,0.6,0.1,0.6,2.0,863.0,0.0,0.0,0.32792584009269987
9.0,5.0,28.0,0.6,0.1,0.6,2.0,856.0,0.0,0.0,0.3294392523364486
9.0,5.0,29.0,0.6,0.1,0.6,2.0,846.0,0.0,0.0,0.3321513002364066
9.0,5.0,30.0,0.6,0.1,0.6,2.0,821.0,0.0,0.0,0.33495736906211937
9.0,5.0,31.0,0.6,0.1,0.6,2.0,829.0,0.0,0.0,0.33293124246079614
9.0,5.0,32.0,0.6,0.1,0.6,2.0,820.0,0.0,0.0,0.33414634146341465
9.0,5.0,33.0,0.6,0.1,0.6,2.0,810.0,0.0,0.0,0.3333333333333333
9.0,5.0,34.0,0.6,0.1,0.6,2.0,805.0,0.0,0.0,0.33664596273291925
9.0,5.0,35.0,0.6,0.1,0.6,2.0,796.0,0.0,0.0,0.33668341708542715
9.0,5.0,36.0,0.6,0.1,0.6,2.0,802.0,0.0,0.0,0.3341645885286783
9.0,5.0,37.0,0.6,0.1,0.6,2.0,783.0,0.0,0.0,0.3397190293742018
9.0,5.0,38.0,0.6,0.1,0.6,2.0,791.0,0.0,0.0,0.336283185840708
9.0,5.0,39.0,0.6,0.1,0.6,2.0,778.0,0.0,0.0,0.33676092544987146
9.0,5.0,40.0,0.6,0.1,0.6,2.0,788.0,0.0,0.0,0.3350253807106599
9.0,5.0,41.0,0.6,0.1,0.6,2.0,765.0,0.0,0.0,0.33725490196078434
9.0,5.0,42.0,0.6,0.1,0.6,2.0,776.0,0.0,0.0,0.33505154639175255
9.0,5.0,43.0,0.6,0.1,0.6,2.0,766.0,0.0,0.0,0.3368146214099217
9.0,5.0,44.0,0.6,0.1,0.6,2.0,765.0,0.0,0.0,0.3359477124183007
9.0,5.0,45.0,0.6,0.1,0.6,2.0,752.0,0.0,0.0,0.5904255319148937
9.0,5.0,46.0,0.6,0.1,0.6,2.0,762.0,0.0,0.0,0.5879265091863517
9.0,5.0,47.0,0.6,0.1,0.6,2.0,736.0,0.0,0.0,0.592391304347826
9.0,5.0,48.0,0.6,0.1,0.6,2.0,744.0,0.0,0.0,0.5913978494623656
9.0,5.0,49.0,0.6,0.1,0.6,2.0,722.0,0.0,0.0,0.5941828254847645
9.0,5.0,50.0,0.6,0.1,0.6,2.0,718.0,0.0,0.0,0.596100278551532
9.0,5.0,51.0,0.6,0.1,0.6,2.0,716.0,0.0,0.0,0.5921787709497207
9.0,5.0,52.0,0.6,0.1,0.6,2.0,711.0,0.0,0.0,0.5935302390998594
9.0,6.0,1.0,0.6,0.1,0.6,2.0,701.0,0.0,0.0,0.5891583452211127
9.0,6.0,2.0,0.6,0.1,0.6,2.0,703.0,0.0,0.0,0.5945945945945946
9.0,6.0,3.0,0.6,0.1,0.6,2.0,694.0,0.0,0.0,0.5893371757925072
9.0,6.0,4.0,0.6,0.1,0.6,2.0,700.0,0.0,0.0,0.5928571428571429
9.0,6.0,5.0,0.6,0.1,0.6,2.0,689.0,0.0,0.0,0.5878084179970973
9.0,6.0,6.0,0.6,0.1,0.6,2.0,693.0,0.0,0.0,0.5945165945165946
9.0,6.0,7.0,0.6,0.1,0.6,2.0,682.0,0.0,0.0,0.5879765395894428
9.0,6.0,8.0,0.6,0.1,0.6,2.0,689.0,0.0,0.0,0.5936139332365747
9.0,6.0,9.0,0.6,0.1,0.6,2.0,675.0,0.0,0.0,0.5896296296296296
9.0,6.0,10.0,0.6,0.1,0.6,2.0,675.0,0.0,0.0,0.6
9.0,6.0,11.0,0.6,0.1,0.6,2.0,662.0,0.0,0.0,0.595166163141994
9.0,6.0,12.0,0.6,0.1,0.6,2.0,666.0,0.0,0.0,0.5990990990990991
9.0,6.0,13.0,0.6,0.1,0.6,2.0,661.0,0.0,0.0,0.5960665658093798
9.0,6.0,14.0,0.6,0.1,0.6,2.0,659.0,0.0,0.0,0.6024279210925645
9.0,6.0,15.0,0.6,0.1,0.6,2.0,639.0,0.0,0.0,0.6040688575899843
9.0,6.0,16.0,0.6,0.1,0.6,2.0,643.0,0.0,0.0,0.6127527216174183
9.0,6.0,17.0,0.6,0.1,0.6,2.0,639.0,0.0,0.0,0.6025039123630673
9.0,6.0,18.0,0.6,0.1,0.6,2.0,639.0,0.0,0.0,0.6103286384976526
9.0,6.0,19.0,0.6,0.1,0.6,2.0,634.0,0.0,0.0,0.6056782334384858
9.0,6.0,20.0,0.6,0.1,0.6,2.0,1172.0,0.0,0.0,0.33361774744027306
9.0,6.0,21.0,0.6,0.1,0.6,2.0,1107.0,0.0,0.0,0.34146341463414637
9.0,6.0,22.0,0.6,0.1,0.6,2.0,1074.0,0.0,0.0,0.3435754189944134
9.0,6.0,23.0,0.6,0.1,0.6,2.0,1063.0,0.0,0.0,0.34524929444967073
9.0,6.0,24.0,0.6,0.1,0.6,2.0,1030.0,0.0,0.0,0.34757281553398056
9.0,6.0,25.0,0.6,0.1,0.6,2.0,1051.0,0.0,0.0,0.3434823977164605
9.0,6.0,26.0,0.6,0.1,0.6,2.0,1002.0,0.0,0.0,0.3473053892215569
9.0,6.0,27.0,0.6,0.1,0.6,2.0,989.0,0.0,0.0,0.3437815975733064
9.0,6.0,28.0,0.6,0.1,0.6,2.0,914.0,0.0,0.0,0.35120350109409193
9.0,6.0,29.0,0.6,0.1,0.6,2.0,938.0,0.0,0.0,0.35074626865671643
9.0,6.0,30.0,0.6,0.1,0.6,2.0,898.0,0.0,0.0,0.34743875278396436
9.0,6.0,31.0,0.6,0.1,0.6,2.0,904.0,0.0,0.0,0.3506637168141593
9.0,6.0,32.0,0.6,0.1,0.6,2.0,884.0,0.0,0.0,0.34728506787330315
9.0,6.0,33.0,0.6,0.1,0.6,2.0,876.0,0.0,0.0,0.3538812785388128
9.0,6.0,34.0,0.6,0.1,0.6,2.0,834.0,0.0,0.0,0.35731414868105515
9.0,6.0,35.0,0.6,0.1,0.6,2.0,836.0,0.0,0.0,0.36004784688995217
9.0,6.0,36.0,0.6,0.1,0.6,2.0,817.0,0.0,0.0,0.3574051407588739
9.0,6.0,37.0,0.6,0.1,0.6,2.0,827.0,0.0,0.0,0.3615477629987908
9.0,6.0,38.0,0.6,0.1,0.6,2.0,803.0,0.0,0.0,0.35990037359900373
9.0,6.0,39.0,0.6,0.1,0.6,2.0,815.0,0.0,0.0,0.3619631901840491
9.0,6.0,40.0,0.6,0.1,0.6,2.0,798.0,0.0,0.0,0.3634085213032581
9.0,6.0,41.0,0.6,0.1,0.6,2.0,820.0,0.0,0.0,0.35853658536585364
9.0,6.0,42.0,0.6,0.1,0.6,2.0,786.0,0.0,0.0,0.36005089058524176
9.0,6.0,43.0,0.6,0.1,0.6,2.0,808.0,0.0,0.0,0.3589108910891089
9.0,6.0,44.0,0.6,0.1,0.6,2.0,774.0,0.0,0.0,0.36046511627906974
9.0,6.0,45.0,0.6,0.1,0.6,2.0,772.0,0.0,0.0,0.6139896373056994
9.0,6.0,46.0,0.6,0.1,0.6,2.0,731.0,0.0,0.0,0.6196990424076607
9.0,6.0,47.0,0.6,0.1,0.6,2.0,733.0,0.0,0.0,0.6193724420190996
9.0,6.0,48.0,0.6,0.1,0.6,2.0,734.0,0.0,0.0,0.6171662125340599
9.0,6.0,49.0,0.6,0.1,0.6,2.0,722.0,0.0,0.0,0.6191135734072022
9.0,6.0,50.0,0.6,0.1,0.6,2.0,700.0,0.0,0.0,0.6228571428571429
9.0,6.0,51.0,0.6,0.1,0.6,2.0,707.0,0.0,0.0,0.6237623762376238
9.0,6.0,52.0,0.6,0.1,0.6,2.0,695.0,0.0,0.0,0.6258992805755396
9.0,7.0,1.0,0.6,0.1,0.6,2.0,703.0,0.0,0.0,0.6273115220483642
9.0,7.0,2.0,0.6,0.1,0.6,2.0,692.0,0.0,0.0,0.6286127167630058
9.0,7.0,3.0,0.6,0.1,0.6,2.0,697.0,0.0,0.0,0.6284074605451937
9.0,7.0,4.0,0.6,0.1,0.6,2.0,691.0,0.0,0.0,0.6309696092619392
9.0,7.0,5.0,0.6,0.1,0.6,2.0,688.0,0.0,0.0,0.6322674418604651
9.0,7.0,6.0,0.6,0.1,0.6,2.0,687.0,0.0,0.0,0.6331877729257642
9.0,7.0,7.0,0.6,0.1,0.6,2.0,685.0,0.0,0.0,0.635036496350365
9.0,7.0,8.0,0.6,0.1,0.6,2.0,684.0,0.0,0.0,0.6345029239766082
9.0,7.0,9.0,0.6,0.1,0.6,2.0,680.0,0.0,0.0,0.638235294117647
9.0,7.0,10.0,0.6,0.1,0.6,2.0,673.0,0.0,0.0,0.6404160475482912
9.0,7.0,11.0,0.6,0.1,0.6,2.0,675.0,0.0,0.0,0.64
9.0,7.0,12.0,0.6,0.1,0.6,2.0,670.0,0.0,0.0,0.6402985074626866
9.0,7.0,13.0,0.6,0.1,0.6,2.0,662.0,0.0,0.0,0.6404833836858006
9.0,7.0,14.0,0.6,0.1,0.6,2.0,653.0,0.0,0.0,0.6401225114854517
9.0,7.0,15.0,0.6,0.1,0.6,2.0,659.0,0.0,0.0,0.644916540212443
9.0,7.0,16.0,0.6,0.1,0.6,2.0,641.0,0.0,0.0,0.6443057722308893
9.0,7.0,17.0,0.6,0.1,0.6,2.0,645.0,0.0,0.0,0.6496124031007752
9.0,7.0,18.0,0.6,0.1,0.6,2.0,639.0,0.0,0.0,0.6447574334898278
9.0,7.0,19.0,0.6,0.1,0.6,2.0,643.0,0.0,0.0,0.6516329704510109
9.0,7.0,20.0,0.6,0.1,0.6,2.0,1186.0,0.0,0.0,0.34654300168634067
9.0,7.0,21.0,0.6,0.1,0.6,2.0,1129.0,0.0,0.0,0.35783879539415414
9.0,7.0,22.0,0.6,0.1,0.6,2.0,1073.0,0.0,0.0,0.35228331780055916
9.0,7.0,23.0,0.6,0.1,0.6,2.0,1056.0,0.0,0.0,0.36174242424242425
9.0,7.0,24.0,0.6,0.1,0.6,2.0,1023.0,0.0,0.0,0.3587487781036168
9.0,7.0,25.0,0.6,0.1,0.6,2.0,985.0,0.0,0.0,0.3695431472081218
9.0,7.0,26.0,0.6,0.1,0.6,2.0,975.0,0.0,0.0,0.36205128205128206
9.0,7.0,27.0,0.6,0.1,0.6,2.0,961.0,0.0,0.0,0.37356919875130074
9.0,7.0,28.0,0.6,0.1,0.6,2.0,948.0,0.0,0.0,0.36603375527426163
9.0,7.0,29.0,0.6,0.1,0.6,2.0,933.0,0.0,0.0,0.3729903536977492
9.0,7.0,30.0,0.6,0.1,0.6,2.0,932.0,0.0,0.0,0.3648068669527897
9.0,7.0,31.0,0.6,0.1,0.6,2.0,925.0,0.0,0.0,0.372972972972973
9.0,7.0,32.0,0.6,0.1,0.6,2.0,886.0,0.0,0.0,0.37020316027088035
9.0,7.0,33.0,0.6,0.1,0.6,2.0,869.0,0.0,0.0,0.37284234752589185
9.0,7.0,34.0,0.6,0.1,0.6,2.0,842.0,0.0,0.0,0.3669833729216152
9.0,7.0,35.0,0.6,0.1,0.6,2.0,842.0,0.0,0.0,0.37173396674584325
9.0,7.0,36.0,0.6,0.1,0.6,2.0,817.0,0.0,0.0,0.3671970624235006
9.0,7.0,37.0,0.6,0.1,0.6,2.0,822.0,0.0,0.0,0.3734793187347932
9.0,7.0,38.0,0.6,0.1,0.6,2.0,792.0,0.0,0.0,0.3661616161616162
9.0,7.0,39.0,0.6,0.1,0.6,2.0,796.0,0.0,0.0,0.3731155778894472
9.0,7.0,40.0,0.6,0.1,0.6,2.0,777.0,0.0,0.0,0.36936936936936937
9.0,7.0,41.0,0.6,0.1,0.6,2.0,771.0,0.0,0.0,0.377431906614786
9.0,7.0,42.0,0.6,0.1,0.6,2.0,763.0,0.0,0.0,0.3722149410222805
9.0,7.0,43.0,0.6,0.1,0.6,2.0,713.0,0.0,0.0,0.3870967741935484
9.0,7.0,44.0,0.6,0.1,0.6,2.0,696.0,0.0,0.0,0.3807471264367816
9.0,7.0,45.0,0.6,0.1,0.6,2.0,681.0,0.0,0.0,0.6666666666666666
9.0,7.0,46.0,0.6,0.1,0.6,2.0,687.0,0.0,0.0,0.6622998544395924
9.0,7.0,47.0,0.6,0.1,0.6,2.0,673.0,0.0,0.0,0.6701337295690936
9.0,7.0,48.0,0.6,0.1,0.6,2.0,687.0,0.0,0.0,0.6622998544395924
9.0,7.0,49.0,0.6,0.1,0.6,2.0,673.0,0.0,0.0,0.6701337295690936
9.0,7.0,50.0,0.6,0.1,0.6,2.0,683.0,0.0,0.0,0.6603221083455344
9.0,7.0,51.0,0.6,0.1,0.6,2.0,669.0,0.0,0.0,0.6711509715994021
9.0,7.0,52.0,0.6,0.1,0.6,2.0,678.0,0.0,0.0,0.6607669616519174
9.0,8.0,1.0,0.6,0.1,0.6,2.0,664.0,0.0,0.0,0.6716867469879518
9.0,8.0,2.0,0.6,0.1,0.6,2.0,674.0,0.0,0.0,0.6602373887240356
9.0,8.0,3.0,0.6,0.1,0.6,2.0,660.0,0.0,0.0,0.6712121212121213
9.0,8.0,4.0,0.6,0.1,0.6,2.0,672.0,0.0,0.0,0.6636904761904762
9.0,8.0,5.0,0.6,0.1,0.6,2.0,657.0,0.0,0.0,0.6742770167427702
9.0,8.0,6.0,0.6,0.1,0.6,2.0,669.0,0.0,0.0,0.6666666666666666
9.0,8.0,7.0,0.6,0.1,0.6,2.0,653.0,0.0,0.0,0.6768759571209801
9.0,8.0,8.0,0.6,0.1,0.6,2.0,661.0,0.0,0.0,0.670196671709531
9.0,8.0,9.0,0.6,0.1,0.6,2.0,644.0,0.0,0.0,0.6832298136645962
9.0,8.0,10.0,0.6,0.1,0.6,2.0,639.0,0.0,0.0,0.6791862284820032
9.0,8.0,11.0,0.6,0.1,0.6,2.0,608.0,0.0,0.0,0.6875
9.0,8.0,12.0,0.6,0.1,0.6,2.0,608.0,0.0,0.0,0.680921052631579
9.0,8.0,13.0,0.6,0.1,0.6,2.0,605.0,0.0,0.0,0.6909090909090909
9.0,8.0,14.0,0.6,0.1,0.6,2.0,601.0,0.0,0.0,0.6838602329450915
9.0,8.0,15.0,0.6,0.1,0.6,2.0,592.0,0.0,0.0,0.6942567567567568
9.0,8.0,16.0,0.6,0.1,0.6,2.0,588.0,0.0,0.0,0.6887755102040817
9.0,8.0,17.0,0.6,0.1,0.6,2.0,592.0,0.0,0.0,0.6942567567567568
9.0,8.0,18.0,0.6,0.1,0.6,2.0,587.0,0.0,0.0,0.6899488926746167
9.0,8.0,19.0,0.6,0.1,0.6,2.0,592.0,0.0,0.0,0.6942567567567568
9.0,8.0,20.0,0.6,0.1,0.6,2.0,1055.0,0.0,0.0,0.3753554502369668
9.0,8.0,21.0,0.6,0.1,0.6,2.0,1021.0,0.0,0.0,0.38393731635651324
9.0,8.0,22.0,0.6,0.1,0.6,2.0,1024.0,0.0,0.0,0.376953125
9.0,8.0,23.0,0.6,0.1,0.6,2.0,984.0,0.0,0.0,0.3861788617886179
9.0,8.0,24.0,0.6,0.1,0.6,2.0,988.0,0.0,0.0,0.37550607287449395
9.0,8.0,25.0,0.6,0.1,0.6,2.0,923.0,0.0,0.0,0.39328277356446373
9.0,8.0,26.0,0.6,0.1,0.6,2.0,944.0,0.0,0.0,0.3813559322033898
9.0,8.0,27.0,0.6,0.1,0.6,2.0,880.0,0.0,0.0,0.39886363636363636
9.0,8.0,28.0,0.6,0.1,0.6,2.0,916.0,0.0,0.0,0.38427947598253276
9.0,8.0,29.0,0.6,0.1,0.6,2.0,857.0,0.0,0.0,0.4014002333722287
9.0,8.0,30.0,0.6,0.1,0.6,2.0,841.0,0.0,0.0,0.39595719381688466
9.0,8.0,31.0,0.6,0.1,0.6,2.0,828.0,0.0,0.0,0.4057971014492754
9.0,8.0,32.0,0.6,0.1,0.6,2.0,841.0,0.0,0.0,0.39595719381688466
9.0,8.0,33.0,0.6,0.1,0.6,2.0,828.0,0.0,0.0,0.4057971014492754
9.0,8.0,34.0,0.6,0.1,0.6,2.0,838.0,0.0,0.0,0.39737470167064437
9.0,8.0,35.0,0.6,0.1,0.6,2.0,814.0,0.0,0.0,0.4090909090909091
9.0,8.0,36.0,0.6,0.1,0.6,2.0,787.0,0.0,0.0,0.40533672172808133
9.0,8.0,37.0,0.6,0.1,0.6,2.0,785.0,0.0,0.0,0.41273885350318473
9.0,8.0,38.0,0.6,0.1,0.6,2.0,787.0,0.0,0.0,0.40533672172808133
9.0,8.0,39.0,0.6,0.1,0.6,2.0,785.0,0.0,0.0,0.41273885350318473
9.0,8.0,40.0,0.6,0.1,0.6,2.0,787.0,0.0,0.0,0.40533672172808133
9.0,8.0,41.0,0.6,0.1,0.6,2.0,774.0,0.0,0.0,0.4134366925064599
9.0,8.0,42.0,0.6,0.1,0.6,2.0,776.0,0.0,0.0,0.4059278350515464
9.0,8.0,43.0,0.6,0.1,0.6,2.0,759.0,0.0,0.0,0.4163372859025033
9.0,8.0,44.0,0.6,0.1,0.6,2.0,763.0,0.0,0.0,0.4076015727391874
9.0,8.0,45.0,0.6,0.1,0.6,2.0,760.0,0.0,0.0,0.6421052631578947
9.0,8.0,46.0,0.6,0.1,0.6,2.0,762.0,0.0,0.0,0.6496062992125984
9.0,8.0,47.0,0.6,0.1,0.6,2.0,749.0,0.0,0.0,0.6421895861148198
9.0,8.0,48.0,0.6,0.1,0.6,2.0,750.0,0.0,0.0,0.6493333333333333
9.0,8.0,49.0,0.6,0.1,0.6,2.0,726.0,0.0,0.0,0.6487603305785123
9.0,8.0,50.0,0.6,0.1,0.6,2.0,718.0,0.0,0.0,0.658774373259053
9.0,8.0,51.0,0.6,0.1,0.6,2.0,715.0,0.0,0.0,0.6517482517482518
9.0,8.0,52.0,0.6,0.1,0.6,2.0,714.0,0.0,0.0,0.6568627450980392
9.0,9.0,1.0,0.6,0.1,0.6,2.0,713.0,0.0,0.0,0.6507713884992987
9.0,9.0,2.0,0.6,0.1,0.6,2.0,713.0,0.0,0.0,0.6563814866760168
9.0,9.0,3.0,0.6,0.1,0.6,2.0,710.0,0.0,0.0,0.6507042253521127
9.0,9.0,4.0,0.6,0.1,0.6,2.0,713.0,0.0,0.0,0.6563814866760168
9.0,9.0,5.0,0.6,0.1,0.6,2.0,689.0,0.0,0.0,0.6618287373004355
9.0,9.0,6.0,0.6,0.1,0.6,2.0,689.0,0.0,0.0,0.6690856313497823
9.0,9.0,7.0,0.6,0.1,0.6,2.0,687.0,0.0,0.0,0.6622998544395924
9.0,9.0,8.0,0.6,0.1,0.6,2.0,685.0,0.0,0.0,0.67007299270073
9.0,9.0,9.0,0.6,0.1,0.6,2.0,681.0,0.0,0.0,0.6696035242290749
9.0,9.0,10.0,0.6,0.1,0.6,2.0,668.0,0.0,0.0,0.6751497005988024
9.0,9.0,11.0,0.6,0.1,0.6,2.0,666.0,0.0,0.0,0.6741741741741741
9.0,9.0,12.0,0.6,0.1,0.6,2.0,664.0,0.0,0.0,0.6762048192771084
9.0,9.0,13.0,0.6,0.1,0.6,2.0,662.0,0.0,0.0,0.6737160120845922
9.0,9.0,14.0,0.6,0.1,0.6,2.0,650.0,0.0,0.0,0.683076923076923
9.0,9.0,15.0,0.6,0.1,0.6,2.0,649.0,0.0,0.0,0.6810477657935285
9.0,9.0,16.0,0.6,0.1,0.6,2.0,649.0,0.0,0.0,0.6841294298921418
9.0,9.0,17.0,0.6,0.1,0.6,2.0,636.0,0.0,0.0,0.6839622641509434
9.0,9.0,18.0,0.6,0.1,0.6,2.0,635.0,0.0,0.0,0.6866141732283465
9.0,9.0,19.0,0.6,0.1,0.6,2.0,636.0,0.0,0.0,0.6839622641509434
9.0,9.0,20.0,0.6,0.1,0.6,2.0,1114.0,0.0,0.0,0.38240574506283664
9.0,9.0,21.0,0.6,0.1,0.6,2.0,1053.0,0.0,0.0,0.39411206077872746
9.0,9.0,22.0,0.6,0.1,0.6,2.0,1011.0,0.0,0.0,0.39762611275964393
9.0,9.0,23.0,0.6,0.1,0.6,2.0,988.0,0.0,0.0,0.4048582995951417
9.0,9.0,24.0,0.6,0.1,0.6,2.0,1000.0,0.0,0.0,0.398
9.0,9.0,25.0,0.6,0.1,0.6,2.0,974.0,0.0,0.0,0.4075975359342916
9.0,9.0,26.0,0.6,0.1,0.6,2.0,978.0,0.0,0.0,0.3997955010224949
9.0,9.0,27.0,0.6,0.1,0.6,2.0,940.0,0.0,0.0,0.41382978723404257
9.0,9.0,28.0,0.6,0.1,0.6,2.0,936.0,0.0,0.0,0.4091880341880342
9.0,9.0,29.0,0.6,0.1,0.6,2.0,909.0,0.0,0.0,0.41914191419141916
9.0,9.0,30.0,0.6,0.1,0.6,2.0,887.0,0.0,0.0,0.41262683201803835
9.0,9.0,31.0,0.6,0.1,0.6,2.0,868.0,0.0,0.0,0.4228110599078341
9.0,9.0,32.0,0.6,0.1,0.6,2.0,873.0,0.0,0.0,0.41580756013745707
9.0,9.0,33.0,0.6,0.1,0.6,2.0,870.0,0.0,0.0,0.42298850574712643
9.0,9.0,34.0,0.6,0.1,0.6,2.0,872.0,0.0,0.0,0.4151376146788991
9.0,9.0,35.0,0.6,0.1,0.6,2.0,843.0,0.0,0.0,0.42823250296559906
9.0,9.0,36.0,0.6,0.1,0.6,2.0,846.0,0.0,0.0,0.42080378250591016
9.0,9.0,37.0,0.6,0.1,0.6,2.0,843.0,0.0,0.0,0.42823250296559906
9.0,9.0,38.0,0.6,0.1,0.6,2.0,835.0,0.0,0.0,0.4239520958083832
9.0,9.0,39.0,0.6,0.1,0.6,2.0,820.0,0.0,0.0,0.43414634146341463
9.0,9.0,40.0,0.6,0.1,0.6,2.0,823.0,0.0,0.0,0.4264884568651276
9.0,9.0,41.0,0.6,0.1,0.6,2.0,820.0,0.0,0.0,0.43414634146341463
9.0,9.0,42.0,0.6,0.1,0.6,2.0,797.0,0.0,0.0,0.4341279799247177
9.0,9.0,43.0,0.6,0.1,0.6,2.0,794.0,0.0,0.0,0.4420654911838791
9.0,9.0,44.0,0.6,0.1,0.6,2.0,797.0,0.0,0.0,0.4341279799247177
9.0,9.0,45.0,0.6,0.1,0.6,2.0,780.0,0.0,0.0,0.6576923076923077
9.0,9.0,46.0,0.6,0.1,0.6,2.0,783.0,0.0,0.0,0.6475095785440613
9.0,9.0,47.0,0.6,0.1,0.6,2.0,779.0,0.0,0.0,0.6572528883183568
9.0,9.0,48.0,0.6,0.1,0.6,2.0,782.0,0.0,0.0,0.6470588235294118
9.0,9.0,49.0,0.6,0.1,0.6,2.0,779.0,0.0,0.0,0.6572528883183568
9.0,9.0,50.0,0.6,0.1,0.6,2.0,779.0,0.0,0.0,0.6482670089858793
9.0,9.0,51.0,0.6,0.1,0.6,2.0,777.0,0.0,0.0,0.6563706563706564
9.0,9.0,52.0,0.6,0.1,0.6,2.0,770.0,0.0,0.0,0.6545454545454545
9.0,10.0,1.0,0.6,0.1,0.6,2.0,768.0,0.0,0.0,0.6640625
9.0,10.0,2.0,0.6,0.1,0.6,2.0,763.0,0.0,0.0,0.6605504587155964
9.0,10.0,3.0,0.6,0.1,0.6,2.0,761.0,0.0,0.0,0.668856767411301
9.0,10.0,4.0,0.6,0.1,0.6,2.0,748.0,0.0,0.0,0.6644385026737968
9.0,10.0,5.0,0.6,0.1,0.6,2.0,748.0,0.0,0.0,0.6724598930481284
9.0,10.0,6.0,0.6,0.1,0.6,2.0,745.0,0.0,0.0,0.6644295302013423
9.0,10.0,7.0,0.6,0.1,0.6,2.0,745.0,0.0,0.0,0.6738255033557047
9.0,10.0,8.0,0.6,0.1,0.6,2.0,718.0,0.0,0.0,0.6727019498607242
9.0,10.0,9.0,0.6,0.1,0.6,2.0,718.0,0.0,0.0,0.6782729805013927
9.0,10.0,10.0,0.6,0.1,0.6,2.0,710.0,0.0,0.0,0.6788732394366197
9.0,10.0,11.0,0.6,0.1,0.6,2.0,710.0,0.0,0.0,0.6845070422535211
9.0,10.0,12.0,0.6,0.1,0.6,2.0,702.0,0.0,0.0,0.6851851851851852
9.0,10.0,13.0,0.6,0.1,0.6,2.0,706.0,0.0,0.0,0.6855524079320113
9.0,10.0,14.0,0.6,0.1,0.6,2.0,699.0,0.0,0.0,0.6852646638054364
9.0,10.0,15.0,0.6,0.1,0.6,2.0,705.0,0.0,0.0,0.6851063829787234
9.0,10.0,16.0,0.6,0.1,0.6,2.0,697.0,0.0,0.0,0.6857962697274032
9.0,10.0,17.0,0.6,0.1,0.6,2.0,701.0,0.0,0.0,0.6861626248216833
9.0,10.0,18.0,0.6,0.1,0.6,2.0,696.0,0.0,0.0,0.6853448275862069
9.0,10.0,19.0,0.6,0.1,0.6,2.0,699.0,0.0,0.0,0.6881258941344778
9.0,10.0,20.0,0.6,0.1,0.6,2.0,1220.0,0.0,0.0,0.3737704918032787
9.0,10.0,21.0,0.6,0.1,0.6,2.0,1198.0,0.0,0.0,0.3781302170283806
9.0,10.0,22.0,0.6,0.1,0.6,2.0,1179.0,0.0,0.0,0.37659033078880405
9.0,10.0,23.0,0.6,0.1,0.6,2.0,1159.0,0.0,0.0,0.3830888697152718
9.0,10.0,24.0,0.6,0.1,0.6,2.0,1111.0,0.0,0.0,0.3852385238523852
9.0,10.0,25.0,0.6,0.1,0.6,2.0,1082.0,0.0,0.0,0.3946395563770795
9.0,10.0,26.0,0.6,0.1,0.6,2.0,1039.0,0.0,0.0,0.3946102021174206
9.0,10.0,27.0,0.6,0.1,0.6,2.0,1031.0,0.0,0.0,0.3957322987390883
9.0,10.0,28.0,0.6,0.1,0.6,2.0,1008.0,0.0,0.0,0.39384920634920634
9.0,10.0,29.0,0.6,0.1,0.6,2.0,1014.0,0.0,0.0,0.39644970414201186
9.0,10.0,30.0,0.6,0.1,0.6,2.0,975.0,0.0,0.0,0.39076923076923076
9.0,10.0,31.0,0.6,0.1,0.6,2.0,951.0,0.0,0.0,0.39747634069400634
9.0,10.0,32.0,0.6,0.1,0.6,2.0,932.0,0.0,0.0,0.3948497854077253
9.0,10.0,33.0,0.6,0.1,0.6,2.0,904.0,0.0,0.0,0.40376106194690264
9.0,10.0,34.0,0.6,0.1,0.6,2.0,882.0,0.0,0.0,0.40476190476190477
9.0,10.0,35.0,0.6,0.1,0.6,2.0,890.0,0.0,0.0,0.40786516853932586
9.0,10.0,36.0,0.6,0.1,0.6,2.0,872.0,0.0,0.0,0.40825688073394495
9.0,10.0,37.0,0.6,0.1,0.6,2.0,878.0,0.0,0.0,0.41116173120728927
9.0,10.0,38.0,0.6,0.1,0.6,2.0,872.0,0.0,0.0,0.40825688073394495
9.0,10.0,39.0,0.6,0.1,0.6,2.0,878.0,0.0,0.0,0.41116173120728927
9.0,10.0,40.0,0.6,0.1,0.6,2.0,870.0,0.0,0.0,0.40804597701149425
9.0,10.0,41.0,0.6,0.1,0.6,2.0,878.0,0.0,0.0,0.41116173120728927
9.0,10.0,42.0,0.6,0.1,0.6,2.0,870.0,0.0,0.0,0.40804597701149425
9.0,10.0,43.0,0.6,0.1,0.6,2.0,877.0,0.0,0.0,0.41163055872291904
9.0,10.0,44.0,0.6,0.1,0.6,2.0,872.0,0.0,0.0,0.40825688073394495
9.0,10.0,45.0,0.6,0.1,0.6,2.0,852.0,0.0,0.0,0.6514084507042254
9.0,10.0,46.0,0.6,0.1,0.6,2.0,859.0,0.0,0.0,0.6484284051222352
9.0,10.0,47.0,0.6,0.1,0.6,2.0,842.0,0.0,0.0,0.6532066508313539
9.0,10.0,48.0,0.6,0.1,0.6,2.0,836.0,0.0,0.0,0.65311004784689
9.0,10.0,49.0,0.6,0.1,0.6,2.0,817.0,0.0,0.0,0.6609547123623011
9.0,10.0,50.0,0.6,0.1,0.6,2.0,808.0,0.0,0.0,0.6584158415841584
9.0,10.0,51.0,0.6,0.1,0.6,2.0,786.0,0.0,0.0,0.6641221374045801
9.0,10.0,52.0,0.6,0.1,0.6,2.0,791.0,0.0,0.0,0.6624525916561315
10.0,1.0,1.0,0.6,0.1,0.6,2.0,5304.0,60.0,10.0,0.5827677224736049
10.0,1.0,2.0,0.6,0.1,0.6,2.0,5282.0,63.0,24.0,0.5821658462703522
10.0,1.0,3.0,0.6,0.1,0.6,2.0,5170.0,76.0,34.0,0.5810444874274662
10.0,1.0,4.0,0.6,0.1,0.6,2.0,5135.0,75.0,39.0,0.5828627069133399
10.0,1.0,5.0,0.6,0.1,0.6,2.0,5135.0,74.0,31.0,0.5890944498539435
10.0,1.0,6.0,0.6,0.1,0.6,2.0,5020.0,78.0,38.0,0.5920318725099601
10.0,1.0,7.0,0.6,0.1,0.6,2.0,4819.0,86.0,37.0,0.5963892923843122
10.0,1.0,8.0,0.6,0.1,0.6,2.0,4696.0,89.0,40.0,0.598381601362862
10.0,1.0,9.0,0.6,0.1,0.6,2.0,4553.0,91.0,37.0,0.5985064792444542
10.0,1.0,10.0,0.6,0.1,0.6,2.0,4367.0,96.0,41.0,0.5990382413556217
10.0,1.0,11.0,0.6,0.1,0.6,2.0,4228.0,92.0,42.0,0.6017029328287606
10.0,1.0,12.0,0.6,0.1,0.6,2.0,4141.0,89.0,48.0,0.6005795701521371
10.0,1.0,13.0,0.6,0.1,0.6,2.0,4003.0,81.0,41.0,0.6022982762927804
10.0,1.0,14.0,0.6,0.1,0.6,2.0,3875.0,75.0,42.0,0.6046451612903225
10.0,1.0,15.0,0.6,0.1,0.6,2.0,3749.0,71.0,36.0,0.6076287009869299
10.0,1.0,16.0,0.6,0.1,0.6,2.0,3712.0,72.0,31.0,0.6091056034482759
10.0,1.0,17.0,0.6,0.1,0.6,2.0,3594.0,66.0,30.0,0.6112966054535337
10.0,1.0,18.0,0.6,0.1,0.6,2.0,3498.0,66.0,29.0,0.6097770154373928
10.0,1.0,19.0,0.6,0.1,0.6,2.0,3451.0,74.0,35.0,0.6117067516661837
10.0,1.0,20.0,0.6,0.1,0.6,2.0,6592.0,66.0,37.0,0.31750606796116504
10.0,1.0,21.0,0.6,0.1,0.6,2.0,6119.0,114.0,32.0,0.32260173230920086
10.0,1.0,22.0,0.6,0.1,0.6,2.0,5742.0,129.0,34.0,0.32061999303378613
10.0,1.0,23.0,0.6,0.1,0.6,2.0,5441.0,135.0,38.0,0.324940268333027
10.0,1.0,24.0,0.6,0.1,0.6,2.0,5117.0,151.0,58.0,0.3251905413328122
10.0,1.0,25.0,0.6,0.1,0.6,2.0,4897.0,173.0,73.0,0.3291811313048805
10.0,1.0,26.0,0.6,0.1,0.6,2.0,4670.0,195.0,77.0,0.3314775160599572
10.0,1.0,27.0,0.6,0.1,0.6,2.0,4488.0,217.0,83.0,0.33511586452762926
10.0,1.0,28.0,0.6,0.1,0.6,2.0,4284.0,238.0,92.0,0.33986928104575165
10.0,1.0,29.0,0.6,0.1,0.6,2.0,4087.0,256.0,108.0,0.34230486909713725
10.0,1.0,30.0,0.6,0.1,0.6,2.0,3932.0,269.0,117.0,0.34791454730417093
10.0,1.0,31.0,0.6,0.1,0.6,2.0,3769.0,250.0,139.0,0.35394003714513134
10.0,1.0,32.0,0.6,0.1,0.6,2.0,3593.0,257.0,133.0,0.3584748121347064
10.0,1.0,33.0,0.6,0.1,0.6,2.0,3439.0,247.0,118.0,0.36493166618202966
10.0,1.0,34.0,0.6,0.1,0.6,2.0,3275.0,220.0,104.0,0.36793893129770994
10.0,1.0,35.0,0.6,0.1,0.6,2.0,3173.0,201.0,104.0,0.3763000315159155
10.0,1.0,36.0,0.6,0.1,0.6,2.0,3020.0,199.0,102.0,0.3791390728476821
10.0,1.0,37.0,0.6,0.1,0.6,2.0,2896.0,180.0,92.0,0.3884668508287293
10.0,1.0,38.0,0.6,0.1,0.6,2.0,2800.0,170.0,73.0,0.3925
10.0,1.0,39.0,0.6,0.1,0.6,2.0,2715.0,173.0,77.0,0.3988950276243094
10.0,1.0,40.0,0.6,0.1,0.6,2.0,2632.0,162.0,76.0,0.40425531914893614
10.0,1.0,41.0,0.6,0.1,0.6,2.0,2556.0,173.0,86.0,0.41001564945226915
10.0,1.0,42.0,0.6,0.1,0.6,2.0,2446.0,171.0,82.0,0.41496320523303354
10.0,1.0,43.0,0.6,0.1,0.6,2.0,2355.0,170.0,75.0,0.42165605095541403
10.0,1.0,44.0,0.6,0.1,0.6,2.0,2254.0,168.0,71.0,0.4321206743566992
10.0,1.0,45.0,0.6,0.1,0.6,2.0,2185.0,167.0,80.0,0.6727688787185355
10.0,1.0,46.0,0.6,0.1,0.6,2.0,2106.0,133.0,78.0,0.6794871794871795
10.0,1.0,47.0,0.6,0.1,0.6,2.0,2058.0,115.0,75.0,0.6865889212827988
10.0,1.0,48.0,0.6,0.1,0.6,2.0,1986.0,95.0,64.0,0.6903323262839879
10.0,1.0,49.0,0.6,0.1,0.6,2.0,1914.0,71.0,46.0,0.7001044932079414
10.0,1.0,50.0,0.6,0.1,0.6,2.0,1866.0,55.0,34.0,0.7031082529474812
10.0,1.0,51.0,0.6,0.1,0.6,2.0,1829.0,48.0,28.0,0.708037178786222
10.0,1.0,52.0,0.6,0.1,0.6,2.0,1793.0,47.0,28.0,0.709425543781372
10.0,2.0,1.0,0.6,0.1,0.6,2.0,1760.0,39.0,21.0,0.7147727272727272
10.0,2.0,2.0,0.6,0.1,0.6,2.0,1737.0,32.0,21.0,0.7161773172135867
10.0,2.0,3.0,0.6,0.1,0.6,2.0,1701.0,25.0,17.0,0.7225161669606114
10.0,2.0,4.0,0.6,0.1,0.6,2.0,1665.0,27.0,15.0,0.7213213213213213
10.0,2.0,5.0,0.6,0.1,0.6,2.0,1649.0,24.0,10.0,0.7252880533656761
10.0,2.0,6.0,0.6,0.1,0.6,2.0,1633.0,22.0,8.0,0.7268830373545622
10.0,2.0,7.0,0.6,0.1,0.6,2.0,1607.0,20.0,15.0,0.730553827006845
10.0,2.0,8.0,0.6,0.1,0.6,2.0,1588.0,21.0,14.0,0.7317380352644837
10.0,2.0,9.0,0.6,0.1,0.6,2.0,1566.0,18.0,10.0,0.7362707535121328
10.0,2.0,10.0,0.6,0.1,0.6,2.0,1527.0,9.0,3.0,0.7380484610347086
10.0,2.0,11.0,0.6,0.1,0.6,2.0,1515.0,8.0,3.0,0.7372937293729372
10.0,2.0,12.0,0.6,0.1,0.6,2.0,1494.0,9.0,5.0,0.7376171352074966
10.0,2.0,13.0,0.6,0.1,0.6,2.0,1487.0,9.0,5.0,0.7370544720914594
10.0,2.0,14.0,0.6,0.1,0.6,2.0,1464.0,10.0,4.0,0.7363387978142076
10.0,2.0,15.0,0.6,0.1,0.6,2.0,1461.0,8.0,4.0,0.7364818617385352
10.0,2.0,16.0,0.6,0.1,0.6,2.0,1448.0,8.0,5.0,0.7361878453038674
10.0,2.0,17.0,0.6,0.1,0.6,2.0,1445.0,10.0,7.0,0.7377162629757785
10.0,2.0,18.0,0.6,0.1,0.6,2.0,1427.0,9.0,5.0,0.7365101611772951
10.0,2.0,19.0,0.6,0.1,0.6,2.0,1427.0,8.0,5.0,0.7379117028731604
10.0,2.0,20.0,0.6,0.1,0.6,2.0,2613.0,6.0,4.0,0.39724454649827784
10.0,2.0,21.0,0.6,0.1,0.6,2.0,2543.0,13.0,4.0,0.40306724341329137
10.0,2.0,22.0,0.6,0.1,0.6,2.0,2471.0,10.0,2.0,0.4018615944961554
10.0,2.0,23.0,0.6,0.1,0.6,2.0,2414.0,13.0,6.0,0.40637945318972657
10.0,2.0,24.0,0.6,0.1,0.6,2.0,2307.0,17.0,9.0,0.4091894234937148
10.0,2.0,25.0,0.6,0.1,0.6,2.0,2282.0,22.0,9.0,0.41148115687992987
10.0,2.0,26.0,0.6,0.1,0.6,2.0,2168.0,24.0,11.0,0.4128228782287823
10.0,2.0,27.0,0.6,0.1,0.6,2.0,2117.0,24.0,11.0,0.4180444024563061
10.0,2.0,28.0,0.6,0.1,0.6,2.0,2023.0,25.0,9.0,0.41917943648047457
10.0,2.0,29.0,0.6,0.1,0.6,2.0,1961.0,24.0,6.0,0.42529321774604795
10.0,2.0,30.0,0.6,0.1,0.6,2.0,1888.0,22.0,7.0,0.4274364406779661
10.0,2.0,31.0,0.6,0.1,0.6,2.0,1837.0,24.0,11.0,0.43549265106151336
10.0,2.0,32.0,0.6,0.1,0.6,2.0,1761.0,25.0,13.0,0.4383872799545713
10.0,2.0,33.0,0.6,0.1,0.6,2.0,1703.0,27.0,15.0,0.44685848502642395
10.0,2.0,34.0,0.6,0.1,0.6,2.0,1675.0,27.0,11.0,0.44656716417910447
10.0,2.0,35.0,0.6,0.1,0.6,2.0,1629.0,23.0,8.0,0.44935543278084716
10.0,2.0,36.0,0.6,0.1,0.6,2.0,1619.0,25.0,7.0,0.44471896232242125
10.0,2.0,37.0,0.6,0.1,0.6,2.0,1574.0,29.0,11.0,0.4548919949174079
10.0,2.0,38.0,0.6,0.1,0.6,2.0,1576.0,32.0,18.0,0.45241116751269034
10.0,2.0,39.0,0.6,0.1,0.6,2.0,1515.0,34.0,17.0,0.4633663366336634
10.0,2.0,40.0,0.6,0.1,0.6,2.0,1489.0,33.0,17.0,0.45936870382807254
10.0,2.0,41.0,0.6,0.1,0.6,2.0,1462.0,30.0,12.0,0.46990424076607384
10.0,2.0,42.0,0.6,0.1,0.6,2.0,1426.0,30.0,12.0,0.4691444600280505
10.0,2.0,43.0,0.6,0.1,0.6,2.0,1411.0,25.0,11.0,0.4712969525159461
10.0,2.0,44.0,0.6,0.1,0.6,2.0,1365.0,21.0,14.0,0.4717948717948718
10.0,2.0,45.0,0.6,0.1,0.6,2.0,1343.0,18.0,10.0,0.6760982874162323
10.0,2.0,46.0,0.6,0.1,0.6,2.0,1296.0,16.0,10.0,0.6782407407407407
10.0,2.0,47.0,0.6,0.1,0.6,2.0,1260.0,9.0,5.0,0.6841269841269841
10.0,2.0,48.0,0.6,0.1,0.6,2.0,1246.0,8.0,8.0,0.6845906902086677
10.0,2.0,49.0,0.6,0.1,0.6,2.0,1241.0,7.0,5.0,0.6873489121676067
10.0,2.0,50.0,0.6,0.1,0.6,2.0,1204.0,5.0,4.0,0.686046511627907
10.0,2.0,51.0,0.6,0.1,0.6,2.0,1203.0,2.0,1.0,0.6874480465502909
10.0,2.0,52.0,0.6,0.1,0.6,2.0,1183.0,2.0,2.0,0.6855452240067624
10.0,3.0,1.0,0.6,0.1,0.6,2.0,1188.0,1.0,1.0,0.6851851851851852
10.0,3.0,2.0,0.6,0.1,0.6,2.0,1176.0,1.0,1.0,0.6836734693877551
10.0,3.0,3.0,0.6,0.1,0.6,2.0,1174.0,0.0,0.0,0.6831345826235093
10.0,3.0,4.0,0.6,0.1,0.6,2.0,1160.0,0.0,0.0,0.6810344827586207
10.0,3.0,5.0,0.6,0.1,0.6,2.0,1164.0,0.0,0.0,0.6812714776632303
10.0,3.0,6.0,0.6,0.1,0.6,2.0,1143.0,0.0,0.0,0.6824146981627297
10.0,3.0,7.0,0.6,0.1,0.6,2.0,1148.0,0.0,0.0,0.681184668989547
10.0,3.0,8.0,0.6,0.1,0.6,2.0,1128.0,0.0,0.0,0.6790780141843972
10.0,3.0,9.0,0.6,0.1,0.6,2.0,1101.0,0.0,0.0,0.6784741144414169
10.0,3.0,10.0,0.6,0.1,0.6,2.0,1089.0,0.0,0.0,0.6795224977043158
10.0,3.0,11.0,0.6,0.1,0.6,2.0,1077.0,0.0,0.0,0.6787372330547818
10.0,3.0,12.0,0.6,0.1,0.6,2.0,1067.0,0.0,0.0,0.676663542642924
10.0,3.0,13.0,0.6,0.1,0.6,2.0,1069.0,0.0,0.0,0.6753975678203928
10.0,3.0,14.0,0.6,0.1,0.6,2.0,1055.0,0.0,0.0,0.6767772511848341
10.0,3.0,15.0,0.6,0.1,0.6,2.0,1051.0,0.0,0.0,0.6755470980019029
10.0,3.0,16.0,0.6,0.1,0.6,2.0,1044.0,0.0,0.0,0.6752873563218391
10.0,3.0,17.0,0.6,0.1,0.6,2.0,1043.0,0.0,0.0,0.6740172579098753
10.0,3.0,18.0,0.6,0.1,0.6,2.0,1038.0,0.0,0.0,0.6753371868978806
10.0,3.0,19.0,0.6,0.1,0.6,2.0,1026.0,0.0,0.0,0.6754385964912281
10.0,3.0,20.0,0.6,0.1,0.6,2.0,1846.0,0.0,0.0,0.3743228602383532
10.0,3.0,21.0,0.6,0.1,0.6,2.0,1774.0,0.0,0.0,0.3765501691093574
10.0,3.0,22.0,0.6,0.1,0.6,2.0,1715.0,0.0,0.0,0.37376093294460644
10.0,3.0,23.0,0.6,0.1,0.6,2.0,1644.0,0.0,0.0,0.3789537712895377
10.0,3.0,24.0,0.6,0.1,0.6,2.0,1614.0,0.0,0.0,0.3742255266418835
10.0,3.0,25.0,0.6,0.1,0.6,2.0,1542.0,0.0,0.0,0.383916990920882
10.0,3.0,26.0,0.6,0.1,0.6,2.0,1514.0,0.0,0.0,0.38507265521796563
10.0,3.0,27.0,0.6,0.1,0.6,2.0,1448.0,0.0,0.0,0.39226519337016574
10.0,3.0,28.0,0.6,0.1,0.6,2.0,1461.0,0.0,0.0,0.3860369609856263
10.0,3.0,29.0,0.6,0.1,0.6,2.0,1425.0,0.0,0.0,0.3880701754385965
10.0,3.0,30.0,0.6,0.1,0.6,2.0,1431.0,0.0,0.0,0.3857442348008386
10.0,3.0,31.0,0.6,0.1,0.6,2.0,1390.0,0.0,0.0,0.3906474820143885
10.0,3.0,32.0,0.6,0.1,0.6,2.0,1368.0,0.0,0.0,0.39035087719298245
10.0,3.0,33.0,0.6,0.1,0.6,2.0,1318.0,0.0,0.0,0.3930197268588771
10.0,3.0,34.0,0.6,0.1,0.6,2.0,1314.0,0.0,0.0,0.3896499238964992
10.0,3.0,35.0,0.6,0.1,0.6,2.0,1306.0,0.0,0.0,0.39127105666156203
10.0,3.0,36.0,0.6,0.1,0.6,2.0,1305.0,0.0,0.0,0.38620689655172413
10.0,3.0,37.0,0.6,0.1,0.6,2.0,1270.0,0.0,0.0,0.3937007874015748
10.0,3.0,38.0,0.6,0.1,0.6,2.0,1273.0,0.0,0.0,0.391987431264729
10.0,3.0,39.0,0.6,0.1,0.6,2.0,1240.0,0.0,0.0,0.3951612903225806
10.0,3.0,40.0,0.6,0.1,0.6,2.0,1227.0,0.0,0.0,0.39364303178484106
10.0,3.0,41.0,0.6,0.1,0.6,2.0,1160.0,0.0,0.0,0.40086206896551724
10.0,3.0,42.0,0.6,0.1,0.6,2.0,1145.0,0.0,0.0,0.39737991266375544
10.0,3.0,43.0,0.6,0.1,0.6,2.0,1119.0,0.0,0.0,0.3958891867739053
10.0,3.0,44.0,0.6,0.1,0.6,2.0,1088.0,0.0,0.0,0.39889705882352944
10.0,3.0,45.0,0.6,0.1,0.6,2.0,1063.0,0.0,0.0,0.6368767638758231
10.0,3.0,46.0,0.6,0.1,0.6,2.0,1052.0,0.0,0.0,0.6349809885931559
10.0,3.0,47.0,0.6,0.1,0.6,2.0,1038.0,0.0,0.0,0.6339113680154143
10.0,3.0,48.0,0.6,0.1,0.6,2.0,1023.0,0.0,0.0,0.6334310850439883
10.0,3.0,49.0,0.6,0.1,0.6,2.0,990.0,0.0,0.0,0.6363636363636364
10.0,3.0,50.0,0.6,0.1,0.6,2.0,976.0,0.0,0.0,0.6372950819672131
10.0,3.0,51.0,0.6,0.1,0.6,2.0,967.0,0.0,0.0,0.640124095139607
10.0,3.0,52.0,0.6,0.1,0.6,2.0,968.0,0.0,0.0,0.6384297520661157
10.0,4.0,1.0,0.6,0.1,0.6,2.0,945.0,0.0,0.0,0.6391534391534391
10.0,4.0,2.0,0.6,0.1,0.6,2.0,934.0,0.0,0.0,0.6359743040685225
10.0,4.0,3.0,0.6,0.1,0.6,2.0,913.0,0.0,0.0,0.6385542168674698
10.0,4.0,4.0,0.6,0.1,0.6,2.0,916.0,0.0,0.0,0.6331877729257642
10.0,4.0,5.0,0.6,0.1,0.6,2.0,889.0,0.0,0.0,0.6389201349831272
10.0,4.0,6.0,0.6,0.1,0.6,2.0,891.0,0.0,0.0,0.6374859708193041
10.0,4.0,7.0,0.6,0.1,0.6,2.0,884.0,0.0,0.0,0.6414027149321267
10.0,4.0,8.0,0.6,0.1,0.6,2.0,881.0,0.0,0.0,0.637911464245176
10.0,4.0,9.0,0.6,0.1,0.6,2.0,871.0,0.0,0.0,0.642939150401837
10.0,4.0,10.0,0.6,0.1,0.6,2.0,867.0,0.0,0.0,0.6412918108419838
10.0,4.0,11.0,0.6,0.1,0.6,2.0,858.0,0.0,0.0,0.6456876456876457
10.0,4.0,12.0,0.6,0.1,0.6,2.0,862.0,0.0,0.0,0.6415313225058005
10.0,4.0,13.0,0.6,0.1,0.6,2.0,847.0,0.0,0.0,0.6422668240850059
10.0,4.0,14.0,0.6,0.1,0.6,2.0,858.0,0.0,0.0,0.6410256410256411
10.0,4.0,15.0,0.6,0.1,0.6,2.0,841.0,0.0,0.0,0.6420927467300832
10.0,4.0,16.0,0.6,0.1,0.6,2.0,854.0,0.0,0.0,0.6416861826697893
10.0,4.0,17.0,0.6,0.1,0.6,2.0,840.0,0.0,0.0,0.6404761904761904
10.0,4.0,18.0,0.6,0.1,0.6,2.0,840.0,0.0,0.0,0.6452380952380953
10.0,4.0,19.0,0.6,0.1,0.6,2.0,826.0,0.0,0.0,0.6428571428571429
10.0,4.0,20.0,0.6,0.1,0.6,2.0,1487.0,0.0,0.0,0.36314727639542704
10.0,4.0,21.0,0.6,0.1,0.6,2.0,1435.0,0.0,0.0,0.3623693379790941
10.0,4.0,22.0,0.6,0.1,0.6,2.0,1385.0,0.0,0.0,0.3667870036101083
10.0,4.0,23.0,0.6,0.1,0.6,2.0,1337.0,0.0,0.0,0.36574420344053854
10.0,4.0,24.0,0.6,0.1,0.6,2.0,1314.0,0.0,0.0,0.3698630136986301
10.0,4.0,25.0,0.6,0.1,0.6,2.0,1243.0,0.0,0.0,0.3684633950120676
10.0,4.0,26.0,0.6,0.1,0.6,2.0,1246.0,0.0,0.0,0.3683788121990369
10.0,4.0,27.0,0.6,0.1,0.6,2.0,1227.0,0.0,0.0,0.3691931540342298
10.0,4.0,28.0,0.6,0.1,0.6,2.0,1223.0,0.0,0.0,0.3712183156173344
10.0,4.0,29.0,0.6,0.1,0.6,2.0,1196.0,0.0,0.0,0.3720735785953177
10.0,4.0,30.0,0.6,0.1,0.6,2.0,1202.0,0.0,0.0,0.3718801996672213
10.0,4.0,31.0,0.6,0.1,0.6,2.0,1157.0,0.0,0.0,0.37337942955920483
10.0,4.0,32.0,0.6,0.1,0.6,2.0,1154.0,0.0,0.0,0.3708838821490468
10.0,4.0,33.0,0.6,0.1,0.6,2.0,1077.0,0.0,0.0,0.3686165273909007
10.0,4.0,34.0,0.6,0.1,0.6,2.0,1060.0,0.0,0.0,0.37358490566037733
10.0,4.0,35.0,0.6,0.1,0.6,2.0,1050.0,0.0,0.0,0.3742857142857143
10.0,4.0,36.0,0.6,0.1,0.6,2.0,1043.0,0.0,0.0,0.37488015340364333
10.0,4.0,37.0,0.6,0.1,0.6,2.0,1017.0,0.0,0.0,0.3726647000983284
10.0,4.0,38.0,0.6,0.1,0.6,2.0,994.0,0.0,0.0,0.37424547283702214
10.0,4.0,39.0,0.6,0.1,0.6,2.0,992.0,0.0,0.0,0.3719758064516129
10.0,4.0,40.0,0.6,0.1,0.6,2.0,975.0,0.0,0.0,0.3712820512820513
10.0,4.0,41.0,0.6,0.1,0.6,2.0,963.0,0.0,0.0,0.37279335410176534
10.0,4.0,42.0,0.6,0.1,0.6,2.0,953.0,0.0,0.0,0.37355718782791186
10.0,4.0,43.0,0.6,0.1,0.6,2.0,948.0,0.0,0.0,0.370253164556962
10.0,4.0,44.0,0.6,0.1,0.6,2.0,931.0,0.0,0.0,0.37379162191192267
10.0,4.0,45.0,0.6,0.1,0.6,2.0,921.0,0.0,0.0,0.6123778501628665
10.0,4.0,46.0,0.6,0.1,0.6,2.0,900.0,0.0,0.0,0.6111111111111112
10.0,4.0,47.0,0.6,0.1,0.6,2.0,902.0,0.0,0.0,0.606430155210643
10.0,4.0,48.0,0.6,0.1,0.6,2.0,887.0,0.0,0.0,0.6133032694475761
10.0,4.0,49.0,0.6,0.1,0.6,2.0,894.0,0.0,0.0,0.6085011185682326
10.0,4.0,50.0,0.6,0.1,0.6,2.0,871.0,0.0,0.0,0.616532721010333
10.0,4.0,51.0,0.6,0.1,0.6,2.0,876.0,0.0,0.0,0.6118721461187214
10.0,4.0,52.0,0.6,0.1,0.6,2.0,868.0,0.0,0.0,0.6163594470046083
10.0,5.0,1.0,0.6,0.1,0.6,2.0,849.0,0.0,0.0,0.6136631330977621
10.0,5.0,2.0,0.6,0.1,0.6,2.0,826.0,0.0,0.0,0.6150121065375302
10.0,5.0,3.0,0.6,0.1,0.6,2.0,832.0,0.0,0.0,0.6117788461538461
10.0,5.0,4.0,0.6,0.1,0.6,2.0,811.0,0.0,0.0,0.6128236744759556
10.0,5.0,5.0,0.6,0.1,0.6,2.0,815.0,0.0,0.0,0.6098159509202454
10.0,5.0,6.0,0.6,0.1,0.6,2.0,808.0,0.0,0.0,0.6150990099009901
10.0,5.0,7.0,0.6,0.1,0.6,2.0,813.0,0.0,0.0,0.6100861008610086
10.0,5.0,8.0,0.6,0.1,0.6,2.0,788.0,0.0,0.0,0.6205583756345178
10.0,5.0,9.0,0.6,0.1,0.6,2.0,791.0,0.0,0.0,0.6131479140328698
10.0,5.0,10.0,0.6,0.1,0.6,2.0,785.0,0.0,0.0,0.6178343949044586
10.0,5.0,11.0,0.6,0.1,0.6,2.0,789.0,0.0,0.0,0.6108998732572877
10.0,5.0,12.0,0.6,0.1,0.6,2.0,784.0,0.0,0.0,0.6160714285714286
10.0,5.0,13.0,0.6,0.1,0.6,2.0,784.0,0.0,0.0,0.610969387755102
10.0,5.0,14.0,0.6,0.1,0.6,2.0,779.0,0.0,0.0,0.6187419768934531
10.0,5.0,15.0,0.6,0.1,0.6,2.0,769.0,0.0,0.0,0.6150845253576073
10.0,5.0,16.0,0.6,0.1,0.6,2.0,766.0,0.0,0.0,0.618798955613577
10.0,5.0,17.0,0.6,0.1,0.6,2.0,765.0,0.0,0.0,0.6169934640522876
10.0,5.0,18.0,0.6,0.1,0.6,2.0,761.0,0.0,0.0,0.6189224704336399
10.0,5.0,19.0,0.6,0.1,0.6,2.0,759.0,0.0,0.0,0.616600790513834
10.0,5.0,20.0,0.6,0.1,0.6,2.0,1359.0,0.0,0.0,0.34584253127299486
10.0,5.0,21.0,0.6,0.1,0.6,2.0,1279.0,0.0,0.0,0.34714620797498047
10.0,5.0,22.0,0.6,0.1,0.6,2.0,1261.0,0.0,0.0,0.3481363996827914
10.0,5.0,23.0,0.6,0.1,0.6,2.0,1210.0,0.0,0.0,0.3512396694214876
10.0,5.0,24.0,0.6,0.1,0.6,2.0,1198.0,0.0,0.0,0.35141903171953254
10.0,5.0,25.0,0.6,0.1,0.6,2.0,1164.0,0.0,0.0,0.35738831615120276
10.0,5.0,26.0,0.6,0.1,0.6,2.0,1111.0,0.0,0.0,0.35733573357335735
10.0,5.0,27.0,0.6,0.1,0.6,2.0,1107.0,0.0,0.0,0.35772357723577236
10.0,5.0,28.0,0.6,0.1,0.6,2.0,1112.0,0.0,0.0,0.3579136690647482
10.0,5.0,29.0,0.6,0.1,0.6,2.0,1102.0,0.0,0.0,0.3566243194192377
10.0,5.0,30.0,0.6,0.1,0.6,2.0,1098.0,0.0,0.0,0.35792349726775957
10.0,5.0,31.0,0.6,0.1,0.6,2.0,1072.0,0.0,0.0,0.3591417910447761
10.0,5.0,32.0,0.6,0.1,0.6,2.0,1037.0,0.0,0.0,0.36354869816779173
10.0,5.0,33.0,0.6,0.1,0.6,2.0,1007.0,0.0,0.0,0.3644488579940417
10.0,5.0,34.0,0.6,0.1,0.6,2.0,1003.0,0.0,0.0,0.3629112662013958
10.0,5.0,35.0,0.6,0.1,0.6,2.0,989.0,0.0,0.0,0.3619817997977755
10.0,5.0,36.0,0.6,0.1,0.6,2.0,977.0,0.0,0.0,0.3633572159672467
10.0,5.0,37.0,0.6,0.1,0.6,2.0,974.0,0.0,0.0,0.36344969199178645
10.0,5.0,38.0,0.6,0.1,0.6,2.0,926.0,0.0,0.0,0.36285097192224625
10.0,5.0,39.0,0.6,0.1,0.6,2.0,934.0,0.0,0.0,0.3618843683083512
10.0,5.0,40.0,0.6,0.1,0.6,2.0,908.0,0.0,0.0,0.3623348017621145
10.0,5.0,41.0,0.6,0.1,0.6,2.0,884.0,0.0,0.0,0.36199095022624433
10.0,5.0,42.0,0.6,0.1,0.6,2.0,869.0,0.0,0.0,0.3578826237054085
10.0,5.0,43.0,0.6,0.1,0.6,2.0,882.0,0.0,0.0,0.35827664399092973
10.0,5.0,44.0,0.6,0.1,0.6,2.0,870.0,0.0,0.0,0.3586206896551724
10.0,5.0,45.0,0.6,0.1,0.6,2.0,860.0,0.0,0.0,0.6197674418604651
10.0,5.0,46.0,0.6,0.1,0.6,2.0,829.0,0.0,0.0,0.6188178528347407
10.0,5.0,47.0,0.6,0.1,0.6,2.0,836.0,0.0,0.0,0.618421052631579
10.0,5.0,48.0,0.6,0.1,0.6,2.0,829.0,0.0,0.0,0.6188178528347407
10.0,5.0,49.0,0.6,0.1,0.6,2.0,836.0,0.0,0.0,0.618421052631579
10.0,5.0,50.0,0.6,0.1,0.6,2.0,829.0,0.0,0.0,0.6188178528347407
10.0,5.0,51.0,0.6,0.1,0.6,2.0,819.0,0.0,0.0,0.6153846153846154
10.0,5.0,52.0,0.6,0.1,0.6,2.0,799.0,0.0,0.0,0.6182728410513142
10.0,6.0,1.0,0.6,0.1,0.6,2.0,805.0,0.0,0.0,0.6161490683229813
10.0,6.0,2.0,0.6,0.1,0.6,2.0,797.0,0.0,0.0,0.6198243412797992
10.0,6.0,3.0,0.6,0.1,0.6,2.0,803.0,0.0,0.0,0.6151930261519303
10.0,6.0,4.0,0.6,0.1,0.6,2.0,792.0,0.0,0.0,0.6186868686868687
10.0,6.0,5.0,0.6,0.1,0.6,2.0,801.0,0.0,0.0,0.616729088639201
10.0,6.0,6.0,0.6,0.1,0.6,2.0,792.0,0.0,0.0,0.6199494949494949
10.0,6.0,7.0,0.6,0.1,0.6,2.0,798.0,0.0,0.0,0.6177944862155389
10.0,6.0,8.0,0.6,0.1,0.6,2.0,783.0,0.0,0.0,0.6232439335887612
10.0,6.0,9.0,0.6,0.1,0.6,2.0,774.0,0.0,0.0,0.6266149870801033
10.0,6.0,10.0,0.6,0.1,0.6,2.0,764.0,0.0,0.0,0.6243455497382199
10.0,6.0,11.0,0.6,0.1,0.6,2.0,765.0,0.0,0.0,0.6274509803921569
10.0,6.0,12.0,0.6,0.1,0.6,2.0,761.0,0.0,0.0,0.6241787122207622
10.0,6.0,13.0,0.6,0.1,0.6,2.0,765.0,0.0,0.0,0.6248366013071895
10.0,6.0,14.0,0.6,0.1,0.6,2.0,759.0,0.0,0.0,0.6245059288537549
10.0,6.0,15.0,0.6,0.1,0.6,2.0,761.0,0.0,0.0,0.6228646517739816
10.0,6.0,16.0,0.6,0.1,0.6,2.0,757.0,0.0,0.0,0.6221928665785997
10.0,6.0,17.0,0.6,0.1,0.6,2.0,759.0,0.0,0.0,0.6231884057971014
10.0,6.0,18.0,0.6,0.1,0.6,2.0,745.0,0.0,0.0,0.6281879194630873
10.0,6.0,19.0,0.6,0.1,0.6,2.0,746.0,0.0,0.0,0.6273458445040214
10.0,6.0,20.0,0.6,0.1,0.6,2.0,1368.0,0.0,0.0,0.34210526315789475
10.0,6.0,21.0,0.6,0.1,0.6,2.0,1324.0,0.0,0.0,0.3391238670694864
10.0,6.0,22.0,0.6,0.1,0.6,2.0,1308.0,0.0,0.0,0.3425076452599388
10.0,6.0,23.0,0.6,0.1,0.6,2.0,1294.0,0.0,0.0,0.34312210200927357
10.0,6.0,24.0,0.6,0.1,0.6,2.0,1249.0,0.0,0.0,0.3466773418734988
10.0,6.0,25.0,0.6,0.1,0.6,2.0,1234.0,0.0,0.0,0.34683954619124796
10.0,6.0,26.0,0.6,0.1,0.6,2.0,1203.0,0.0,0.0,0.3507896924355777
10.0,6.0,27.0,0.6,0.1,0.6,2.0,1219.0,0.0,0.0,0.34782608695652173
10.0,6.0,28.0,0.6,0.1,0.6,2.0,1187.0,0.0,0.0,0.35299073294018535
10.0,6.0,29.0,0.6,0.1,0.6,2.0,1165.0,0.0,0.0,0.351931330472103
10.0,6.0,30.0,0.6,0.1,0.6,2.0,1121.0,0.0,0.0,0.360392506690455
10.0,6.0,31.0,0.6,0.1,0.6,2.0,1093.0,0.0,0.0,0.3613906678865508
10.0,6.0,32.0,0.6,0.1,0.6,2.0,1058.0,0.0,0.0,0.3686200378071834
10.0,6.0,33.0,0.6,0.1,0.6,2.0,1060.0,0.0,0.0,0.3660377358490566
10.0,6.0,34.0,0.6,0.1,0.6,2.0,1009.0,0.0,0.0,0.3785926660059465
10.0,6.0,35.0,0.6,0.1,0.6,2.0,984.0,0.0,0.0,0.37296747967479676
10.0,6.0,36.0,0.6,0.1,0.6,2.0,966.0,0.0,0.0,0.37681159420289856
10.0,6.0,37.0,0.6,0.1,0.6,2.0,972.0,0.0,0.0,0.3734567901234568
10.0,6.0,38.0,0.6,0.1,0.6,2.0,959.0,0.0,0.0,0.3753910323253389
10.0,6.0,39.0,0.6,0.1,0.6,2.0,975.0,0.0,0.0,0.3723076923076923
10.0,6.0,40.0,0.6,0.1,0.6,2.0,959.0,0.0,0.0,0.3753910323253389
10.0,6.0,41.0,0.6,0.1,0.6,2.0,954.0,0.0,0.0,0.37631027253668764
10.0,6.0,42.0,0.6,0.1,0.6,2.0,926.0,0.0,0.0,0.38228941684665224
10.0,6.0,43.0,0.6,0.1,0.6,2.0,924.0,0.0,0.0,0.38311688311688313
10.0,6.0,44.0,0.6,0.1,0.6,2.0,903.0,0.0,0.0,0.3875968992248062
10.0,6.0,45.0,0.6,0.1,0.6,2.0,903.0,0.0,0.0,0.6411960132890365
10.0,6.0,46.0,0.6,0.1,0.6,2.0,879.0,0.0,0.0,0.646188850967008
10.0,6.0,47.0,0.6,0.1,0.6,2.0,845.0,0.0,0.0,0.6461538461538462
10.0,6.0,48.0,0.6,0.1,0.6,2.0,824.0,0.0,0.0,0.654126213592233
10.0,6.0,49.0,0.6,0.1,0.6,2.0,827.0,0.0,0.0,0.6493349455864571
10.0,6.0,50.0,0.6,0.1,0.6,2.0,824.0,0.0,0.0,0.6529126213592233
10.0,6.0,51.0,0.6,0.1,0.6,2.0,815.0,0.0,0.0,0.649079754601227
10.0,6.0,52.0,0.6,0.1,0.6,2.0,800.0,0.0,0.0,0.64875
10.0,7.0,1.0,0.6,0.1,0.6,2.0,801.0,0.0,0.0,0.6441947565543071
10.0,7.0,2.0,0.6,0.1,0.6,2.0,798.0,0.0,0.0,0.6478696741854637
10.0,7.0,3.0,0.6,0.1,0.6,2.0,800.0,0.0,0.0,0.64625
10.0,7.0,4.0,0.6,0.1,0.6,2.0,792.0,0.0,0.0,0.6527777777777778
10.0,7.0,5.0,0.6,0.1,0.6,2.0,796.0,0.0,0.0,0.6482412060301508
10.0,7.0,6.0,0.6,0.1,0.6,2.0,791.0,0.0,0.0,0.6523388116308471
10.0,7.0,7.0,0.6,0.1,0.6,2.0,796.0,0.0,0.0,0.6482412060301508
10.0,7.0,8.0,0.6,0.1,0.6,2.0,790.0,0.0,0.0,0.6518987341772152
10.0,7.0,9.0,0.6,0.1,0.6,2.0,792.0,0.0,0.0,0.6464646464646465
10.0,7.0,10.0,0.6,0.1,0.6,2.0,776.0,0.0,0.0,0.6533505154639175
10.0,7.0,11.0,0.6,0.1,0.6,2.0,778.0,0.0,0.0,0.6503856041131105
10.0,7.0,12.0,0.6,0.1,0.6,2.0,773.0,0.0,0.0,0.6545924967658473
10.0,7.0,13.0,0.6,0.1,0.6,2.0,779.0,0.0,0.0,0.6508344030808729
10.0,7.0,14.0,0.6,0.1,0.6,2.0,775.0,0.0,0.0,0.655483870967742
10.0,7.0,15.0,0.6,0.1,0.6,2.0,775.0,0.0,0.0,0.6490322580645161
10.0,7.0,16.0,0.6,0.1,0.6,2.0,774.0,0.0,0.0,0.6537467700258398
10.0,7.0,17.0,0.6,0.1,0.6,2.0,775.0,0.0,0.0,0.6490322580645161
10.0,7.0,18.0,0.6,0.1,0.6,2.0,774.0,0.0,0.0,0.6550387596899225
10.0,7.0,19.0,0.6,0.1,0.6,2.0,775.0,0.0,0.0,0.6490322580645161
10.0,7.0,20.0,0.6,0.1,0.6,2.0,1353.0,0.0,0.0,0.3762010347376201
10.0,7.0,21.0,0.6,0.1,0.6,2.0,1354.0,0.0,0.0,0.3707533234859675
10.0,7.0,22.0,0.6,0.1,0.6,2.0,1312.0,0.0,0.0,0.3803353658536585
10.0,7.0,23.0,0.6,0.1,0.6,2.0,1317.0,0.0,0.0,0.37585421412300685
10.0,7.0,24.0,0.6,0.1,0.6,2.0,1294.0,0.0,0.0,0.38098918083462135
10.0,7.0,25.0,0.6,0.1,0.6,2.0,1273.0,0.0,0.0,0.3809897879025923
10.0,7.0,26.0,0.6,0.1,0.6,2.0,1248.0,0.0,0.0,0.3854166666666667
10.0,7.0,27.0,0.6,0.1,0.6,2.0,1189.0,0.0,0.0,0.3826745164003364
10.0,7.0,28.0,0.6,0.1,0.6,2.0,1177.0,0.0,0.0,0.3882752761257434
10.0,7.0,29.0,0.6,0.1,0.6,2.0,1165.0,0.0,0.0,0.3888412017167382
10.0,7.0,30.0,0.6,0.1,0.6,2.0,1110.0,0.0,0.0,0.3954954954954955
10.0,7.0,31.0,0.6,0.1,0.6,2.0,1089.0,0.0,0.0,0.39302112029384756
10.0,7.0,32.0,0.6,0.1,0.6,2.0,1021.0,0.0,0.0,0.40254652301665034
10.0,7.0,33.0,0.6,0.1,0.6,2.0,1009.0,0.0,0.0,0.3994053518334985
10.0,7.0,34.0,0.6,0.1,0.6,2.0,985.0,0.0,0.0,0.4020304568527919
10.0,7.0,35.0,0.6,0.1,0.6,2.0,993.0,0.0,0.0,0.3957703927492447
10.0,7.0,36.0,0.6,0.1,0.6,2.0,968.0,0.0,0.0,0.4018595041322314
10.0,7.0,37.0,0.6,0.1,0.6,2.0,972.0,0.0,0.0,0.39609053497942387
10.0,7.0,38.0,0.6,0.1,0.6,2.0,962.0,0.0,0.0,0.4022869022869023
10.0,7.0,39.0,0.6,0.1,0.6,2.0,936.0,0.0,0.0,0.39850427350427353
10.0,7.0,40.0,0.6,0.1,0.6,2.0,918.0,0.0,0.0,0.40522875816993464
10.0,7.0,41.0,0.6,0.1,0.6,2.0,919.0,0.0,0.0,0.4015233949945593
10.0,7.0,42.0,0.6,0.1,0.6,2.0,913.0,0.0,0.0,0.40525739320920046
10.0,7.0,43.0,0.6,0.1,0.6,2.0,887.0,0.0,0.0,0.4069898534385569
10.0,7.0,44.0,0.6,0.1,0.6,2.0,870.0,0.0,0.0,0.4103448275862069
10.0,7.0,45.0,0.6,0.1,0.6,2.0,846.0,0.0,0.0,0.640661938534279
10.0,7.0,46.0,0.6,0.1,0.6,2.0,830.0,0.0,0.0,0.6385542168674698
10.0,7.0,47.0,0.6,0.1,0.6,2.0,822.0,0.0,0.0,0.6423357664233577
10.0,7.0,48.0,0.6,0.1,0.6,2.0,795.0,0.0,0.0,0.6427672955974842
10.0,7.0,49.0,0.6,0.1,0.6,2.0,789.0,0.0,0.0,0.6463878326996197
10.0,7.0,50.0,0.6,0.1,0.6,2.0,779.0,0.0,0.0,0.6431322207958922
10.0,7.0,51.0,0.6,0.1,0.6,2.0,789.0,0.0,0.0,0.6438529784537389
10.0,7.0,52.0,0.6,0.1,0.6,2.0,777.0,0.0,0.0,0.6435006435006435
10.0,8.0,1.0,0.6,0.1,0.6,2.0,788.0,0.0,0.0,0.6434010152284264
10.0,8.0,2.0,0.6,0.1,0.6,2.0,764.0,0.0,0.0,0.6452879581151832
10.0,8.0,3.0,0.6,0.1,0.6,2.0,776.0,0.0,0.0,0.6443298969072165
10.0,8.0,4.0,0.6,0.1,0.6,2.0,762.0,0.0,0.0,0.6443569553805775
10.0,8.0,5.0,0.6,0.1,0.6,2.0,773.0,0.0,0.0,0.6442432082794308
10.0,8.0,6.0,0.6,0.1,0.6,2.0,758.0,0.0,0.0,0.6451187335092349
10.0,8.0,7.0,0.6,0.1,0.6,2.0,770.0,0.0,0.0,0.6441558441558441
10.0,8.0,8.0,0.6,0.1,0.6,2.0,754.0,0.0,0.0,0.6458885941644562
10.0,8.0,9.0,0.6,0.1,0.6,2.0,763.0,0.0,0.0,0.6461336828309305
10.0,8.0,10.0,0.6,0.1,0.6,2.0,752.0,0.0,0.0,0.6476063829787234
10.0,8.0,11.0,0.6,0.1,0.6,2.0,758.0,0.0,0.0,0.6477572559366754
10.0,8.0,12.0,0.6,0.1,0.6,2.0,735.0,0.0,0.0,0.6530612244897959
10.0,8.0,13.0,0.6,0.1,0.6,2.0,744.0,0.0,0.0,0.6505376344086021
10.0,8.0,14.0,0.6,0.1,0.6,2.0,736.0,0.0,0.0,0.6535326086956522
10.0,8.0,15.0,0.6,0.1,0.6,2.0,744.0,0.0,0.0,0.6505376344086021
10.0,8.0,16.0,0.6,0.1,0.6,2.0,735.0,0.0,0.0,0.6530612244897959
10.0,8.0,17.0,0.6,0.1,0.6,2.0,729.0,0.0,0.0,0.6460905349794238
10.0,8.0,18.0,0.6,0.1,0.6,2.0,720.0,0.0,0.0,0.6486111111111111
10.0,8.0,19.0,0.6,0.1,0.6,2.0,728.0,0.0,0.0,0.6456043956043956
10.0,8.0,20.0,0.6,0.1,0.6,2.0,1266.0,0.0,0.0,0.3688783570300158
10.0,8.0,21.0,0.6,0.1,0.6,2.0,1243.0,0.0,0.0,0.37248592115848755
10.0,8.0,22.0,0.6,0.1,0.6,2.0,1218.0,0.0,0.0,0.3760262725779967
10.0,8.0,23.0,0.6,0.1,0.6,2.0,1218.0,0.0,0.0,0.3702791461412151
10.0,8.0,24.0,0.6,0.1,0.6,2.0,1181.0,0.0,0.0,0.37425910245554617
10.0,8.0,25.0,0.6,0.1,0.6,2.0,1155.0,0.0,0.0,0.3774891774891775
10.0,8.0,26.0,0.6,0.1,0.6,2.0,1091.0,0.0,0.0,0.38588450962419796
10.0,8.0,27.0,0.6,0.1,0.6,2.0,1088.0,0.0,0.0,0.38235294117647056
10.0,8.0,28.0,0.6,0.1,0.6,2.0,1048.0,0.0,0.0,0.38645038167938933
10.0,8.0,29.0,0.6,0.1,0.6,2.0,1061.0,0.0,0.0,0.3836003770028275
10.0,8.0,30.0,0.6,0.1,0.6,2.0,1031.0,0.0,0.0,0.38700290979631424
10.0,8.0,31.0,0.6,0.1,0.6,2.0,1033.0,0.0,0.0,0.3872216844143272
10.0,8.0,32.0,0.6,0.1,0.6,2.0,992.0,0.0,0.0,0.3961693548387097
10.0,8.0,33.0,0.6,0.1,0.6,2.0,1005.0,0.0,0.0,0.39303482587064675
10.0,8.0,34.0,0.6,0.1,0.6,2.0,975.0,0.0,0.0,0.39897435897435896
10.0,8.0,35.0,0.6,0.1,0.6,2.0,980.0,0.0,0.0,0.39591836734693875
10.0,8.0,36.0,0.6,0.1,0.6,2.0,962.0,0.0,0.0,0.4002079002079002
10.0,8.0,37.0,0.6,0.1,0.6,2.0,943.0,0.0,0.0,0.3987274655355249
10.0,8.0,38.0,0.6,0.1,0.6,2.0,927.0,0.0,0.0,0.4045307443365696
10.0,8.0,39.0,0.6,0.1,0.6,2.0,923.0,0.0,0.0,0.40303358613217766
10.0,8.0,40.0,0.6,0.1,0.6,2.0,899.0,0.0,0.0,0.41156840934371525
10.0,8.0,41.0,0.6,0.1,0.6,2.0,884.0,0.0,0.0,0.4106334841628959
10.0,8.0,42.0,0.6,0.1,0.6,2.0,885.0,0.0,0.0,0.41468926553672314
10.0,8.0,43.0,0.6,0.1,0.6,2.0,885.0,0.0,0.0,0.4101694915254237
10.0,8.0,44.0,0.6,0.1,0.6,2.0,873.0,0.0,0.0,0.41695303550973656
10.0,8.0,45.0,0.6,0.1,0.6,2.0,859.0,0.0,0.0,0.6426076833527358
10.0,8.0,46.0,0.6,0.1,0.6,2.0,860.0,0.0,0.0,0.6465116279069767
10.0,8.0,47.0,0.6,0.1,0.6,2.0,856.0,0.0,0.0,0.6425233644859814
10.0,8.0,48.0,0.6,0.1,0.6,2.0,855.0,0.0,0.0,0.6479532163742691
10.0,8.0,49.0,0.6,0.1,0.6,2.0,855.0,0.0,0.0,0.6444444444444445
10.0,8.0,50.0,0.6,0.1,0.6,2.0,855.0,0.0,0.0,0.6479532163742691
10.0,8.0,51.0,0.6,0.1,0.6,2.0,852.0,0.0,0.0,0.6467136150234741
10.0,8.0,52.0,0.6,0.1,0.6,2.0,841.0,0.0,0.0,0.6480380499405469
10.0,9.0,1.0,0.6,0.1,0.6,2.0,839.0,0.0,0.0,0.6471990464839095
10.0,9.0,2.0,0.6,0.1,0.6,2.0,838.0,0.0,0.0,0.649164677804296
10.0,9.0,3.0,0.6,0.1,0.6,2.0,835.0,0.0,0.0,0.6467065868263473
10.0,9.0,4.0,0.6,0.1,0.6,2.0,842.0,0.0,0.0,0.649643705463183
10.0,9.0,5.0,0.6,0.1,0.6,2.0,826.0,0.0,0.0,0.6513317191283293
10.0,9.0,6.0,0.6,0.1,0.6,2.0,829.0,0.0,0.0,0.6537997587454765
10.0,9.0,7.0,0.6,0.1,0.6,2.0,824.0,0.0,0.0,0.6504854368932039
10.0,9.0,8.0,0.6,0.1,0.6,2.0,815.0,0.0,0.0,0.6539877300613497
10.0,9.0,9.0,0.6,0.1,0.6,2.0,812.0,0.0,0.0,0.6502463054187192
10.0,9.0,10.0,0.6,0.1,0.6,2.0,811.0,0.0,0.0,0.655980271270037
10.0,9.0,11.0,0.6,0.1,0.6,2.0,810.0,0.0,0.0,0.6506172839506172
10.0,9.0,12.0,0.6,0.1,0.6,2.0,812.0,0.0,0.0,0.6564039408866995
10.0,9.0,13.0,0.6,0.1,0.6,2.0,810.0,0.0,0.0,0.6518518518518519
10.0,9.0,14.0,0.6,0.1,0.6,2.0,800.0,0.0,0.0,0.65875
10.0,9.0,15.0,0.6,0.1,0.6,2.0,797.0,0.0,0.0,0.6549560853199499
10.0,9.0,16.0,0.6,0.1,0.6,2.0,799.0,0.0,0.0,0.6583229036295369
10.0,9.0,17.0,0.6,0.1,0.6,2.0,800.0,0.0,0.0,0.655
10.0,9.0,18.0,0.6,0.1,0.6,2.0,800.0,0.0,0.0,0.6575
10.0,9.0,19.0,0.6,0.1,0.6,2.0,799.0,0.0,0.0,0.6545682102628285
10.0,9.0,20.0,0.6,0.1,0.6,2.0,1357.0,0.0,0.0,0.37361827560795874
10.0,9.0,21.0,0.6,0.1,0.6,2.0,1318.0,0.0,0.0,0.37405159332321697
10.0,9.0,22.0,0.6,0.1,0.6,2.0,1317.0,0.0,0.0,0.3735763097949886
10.0,9.0,23.0,0.6,0.1,0.6,2.0,1315.0,0.0,0.0,0.3741444866920152
10.0,9.0,24.0,0.6,0.1,0.6,2.0,1285.0,0.0,0.0,0.38132295719844356
10.0,9.0,25.0,0.6,0.1,0.6,2.0,1229.0,0.0,0.0,0.386493083807974
10.0,9.0,26.0,0.6,0.1,0.6,2.0,1178.0,0.0,0.0,0.3930390492359932
10.0,9.0,27.0,0.6,0.1,0.6,2.0,1171.0,0.0,0.0,0.39111870196413323
10.0,9.0,28.0,0.6,0.1,0.6,2.0,1163.0,0.0,0.0,0.39466895958727427
10.0,9.0,29.0,0.6,0.1,0.6,2.0,1154.0,0.0,0.0,0.3925476603119584
10.0,9.0,30.0,0.6,0.1,0.6,2.0,1130.0,0.0,0.0,0.3938053097345133
10.0,9.0,31.0,0.6,0.1,0.6,2.0,1114.0,0.0,0.0,0.39317773788150806
10.0,9.0,32.0,0.6,0.1,0.6,2.0,1109.0,0.0,0.0,0.3958521190261497
10.0,9.0,33.0,0.6,0.1,0.6,2.0,1081.0,0.0,0.0,0.3940795559666975
10.0,9.0,34.0,0.6,0.1,0.6,2.0,1090.0,0.0,0.0,0.39541284403669724
10.0,9.0,35.0,0.6,0.1,0.6,2.0,1080.0,0.0,0.0,0.39444444444444443
10.0,9.0,36.0,0.6,0.1,0.6,2.0,1078.0,0.0,0.0,0.3961038961038961
10.0,9.0,37.0,0.6,0.1,0.6,2.0,1063.0,0.0,0.0,0.39604891815616183
10.0,9.0,38.0,0.6,0.1,0.6,2.0,1044.0,0.0,0.0,0.40325670498084293
10.0,9.0,39.0,0.6,0.1,0.6,2.0,1042.0,0.0,0.0,0.39923224568138194
10.0,9.0,40.0,0.6,0.1,0.6,2.0,1030.0,0.0,0.0,0.40194174757281553
10.0,9.0,41.0,0.6,0.1,0.6,2.0,1006.0,0.0,0.0,0.40159045725646125
10.0,9.0,42.0,0.6,0.1,0.6,2.0,1016.0,0.0,0.0,0.40255905511811024
10.0,9.0,43.0,0.6,0.1,0.6,2.0,1006.0,0.0,0.0,0.40159045725646125
10.0,9.0,44.0,0.6,0.1,0.6,2.0,1017.0,0.0,0.0,0.4031465093411996
10.0,9.0,45.0,0.6,0.1,0.6,2.0,1005.0,0.0,0.0,0.6398009950248756
10.0,9.0,46.0,0.6,0.1,0.6,2.0,992.0,0.0,0.0,0.6421370967741935
10.0,9.0,47.0,0.6,0.1,0.6,2.0,963.0,0.0,0.0,0.6500519210799585
10.0,9.0,48.0,0.6,0.1,0.6,2.0,962.0,0.0,0.0,0.6507276507276507
10.0,9.0,49.0,0.6,0.1,0.6,2.0,953.0,0.0,0.0,0.6505771248688352
10.0,9.0,50.0,0.6,0.1,0.6,2.0,951.0,0.0,0.0,0.6487907465825447
10.0,9.0,51.0,0.6,0.1,0.6,2.0,939.0,0.0,0.0,0.6485623003194888
10.0,9.0,52.0,0.6,0.1,0.6,2.0,935.0,0.0,0.0,0.651336898395722
10.0,10.0,1.0,0.6,0.1,0.6,2.0,929.0,0.0,0.0,0.6512378902045209
10.0,10.0,2.0,0.6,0.1,0.6,2.0,933.0,0.0,0.0,0.6516613076098606
10.0,10.0,3.0,0.6,0.1,0.6,2.0,925.0,0.0,0.0,0.6508108108108108
10.0,10.0,4.0,0.6,0.1,0.6,2.0,918.0,0.0,0.0,0.6514161220043573
10.0,10.0,5.0,0.6,0.1,0.6,2.0,896.0,0.0,0.0,0.65625
10.0,10.0,6.0,0.6,0.1,0.6,2.0,905.0,0.0,0.0,0.656353591160221
10.0,10.0,7.0,0.6,0.1,0.6,2.0,897.0,0.0,0.0,0.6599777034559643
10.0,10.0,8.0,0.6,0.1,0.6,2.0,905.0,0.0,0.0,0.6596685082872928
10.0,10.0,9.0,0.6,0.1,0.6,2.0,883.0,0.0,0.0,0.6636466591166478
10.0,10.0,10.0,0.6,0.1,0.6,2.0,886.0,0.0,0.0,0.6636568848758465
10.0,10.0,11.0,0.6,0.1,0.6,2.0,875.0,0.0,0.0,0.664
10.0,10.0,12.0,0.6,0.1,0.6,2.0,880.0,0.0,0.0,0.6647727272727273
10.0,10.0,13.0,0.6,0.1,0.6,2.0,875.0,0.0,0.0,0.6662857142857143
10.0,10.0,14.0,0.6,0.1,0.6,2.0,870.0,0.0,0.0,0.6655172413793103
10.0,10.0,15.0,0.6,0.1,0.6,2.0,857.0,0.0,0.0,0.6662777129521587
10.0,10.0,16.0,0.6,0.1,0.6,2.0,869.0,0.0,0.0,0.6651323360184119
10.0,10.0,17.0,0.6,0.1,0.6,2.0,859.0,0.0,0.0,0.6658905704307334
10.0,10.0,18.0,0.6,0.1,0.6,2.0,854.0,0.0,0.0,0.6686182669789227
10.0,10.0,19.0,0.6,0.1,0.6,2.0,848.0,0.0,0.0,0.6674528301886793
10.0,10.0,20.0,0.6,0.1,0.6,2.0,1464.0,0.0,0.0,0.3756830601092896
10.0,10.0,21.0,0.6,0.1,0.6,2.0,1406.0,0.0,0.0,0.3783783783783784
10.0,10.0,22.0,0.6,0.1,0.6,2.0,1386.0,0.0,0.0,0.3795093795093795
10.0,10.0,23.0,0.6,0.1,0.6,2.0,1265.0,0.0,0.0,0.391304347826087
10.0,10.0,24.0,0.6,0.1,0.6,2.0,1240.0,0.0,0.0,0.3935483870967742
10.0,10.0,25.0,0.6,0.1,0.6,2.0,1195.0,0.0,0.0,0.39748953974895396
10.0,10.0,26.0,0.6,0.1,0.6,2.0,1187.0,0.0,0.0,0.3993260320134794
10.0,10.0,27.0,0.6,0.1,0.6,2.0,1144.0,0.0,0.0,0.40472027972027974
10.0,10.0,28.0,0.6,0.1,0.6,2.0,1122.0,0.0,0.0,0.40819964349376114
10.0,10.0,29.0,0.6,0.1,0.6,2.0,1103.0,0.0,0.0,0.41160471441523117
10.0,10.0,30.0,0.6,0.1,0.6,2.0,1090.0,0.0,0.0,0.41009174311926605
10.0,10.0,31.0,0.6,0.1,0.6,2.0,1072.0,0.0,0.0,0.41511194029850745
10.0,10.0,32.0,0.6,0.1,0.6,2.0,1070.0,0.0,0.0,0.41495327102803736
10.0,10.0,33.0,0.6,0.1,0.6,2.0,1070.0,0.0,0.0,0.41495327102803736
10.0,10.0,34.0,0.6,0.1,0.6,2.0,1030.0,0.0,0.0,0.4203883495145631
10.0,10.0,35.0,0.6,0.1,0.6,2.0,1011.0,0.0,0.0,0.42334322453016815
10.0,10.0,36.0,0.6,0.1,0.6,2.0,973.0,0.0,0.0,0.42754367934224047
10.0,10.0,37.0,0.6,0.1,0.6,2.0,979.0,0.0,0.0,0.4279877425944842
10.0,10.0,38.0,0.6,0.1,0.6,2.0,975.0,0.0,0.0,0.4256410256410256
10.0,10.0,39.0,0.6,0.1,0.6,2.0,966.0,0.0,0.0,0.4306418219461698
10.0,10.0,40.0,0.6,0.1,0.6,2.0,955.0,0.0,0.0,0.431413612565445
10.0,10.0,41.0,0.6,0.1,0.6,2.0,942.0,0.0,0.0,0.43524416135881105
10.0,10.0,42.0,0.6,0.1,0.6,2.0,923.0,0.0,0.0,0.4344528710725894
10.0,10.0,43.0,0.6,0.1,0.6,2.0,918.0,0.0,0.0,0.43790849673202614
10.0,10.0,44.0,0.6,0.1,0.6,2.0,890.0,0.0,0.0,0.4438202247191011
10.0,10.0,45.0,0.6,0.1,0.6,2.0,876.0,0.0,0.0,0.6940639269406392
10.0,10.0,46.0,0.6,0.1,0.6,2.0,857.0,0.0,0.0,0.6989498249708285
10.0,10.0,47.0,0.6,0.1,0.6,2.0,856.0,0.0,0.0,0.6985981308411215
10.0,10.0,48.0,0.6,0.1,0.6,2.0,853.0,0.0,0.0,0.7010550996483002
10.0,10.0,49.0,0.6,0.1,0.6,2.0,857.0,0.0,0.0,0.6977829638273045
10.0,10.0,50.0,0.6,0.1,0.6,2.0,848.0,0.0,0.0,0.7016509433962265
10.0,10.0,51.0,0.6,0.1,0.6,2.0,853.0,0.0,0.0,0.7022274325908558
10.0,10.0,52.0,0.6,0.1,0.6,2.0,843.0,0.0,0.0,0.7022538552787663
11.0,1.0,1.0,0.6,0.1,0.6,2.0,5205.0,59.0,11.0,0.589433237271854
11.0,1.0,2.0,0.6,0.1,0.6,2.0,5120.0,57.0,29.0,0.589453125
11.0,1.0,3.0,0.6,0.1,0.6,2.0,5005.0,66.0,36.0,0.5886113886113886
11.0,1.0,4.0,0.6,0.1,0.6,2.0,4942.0,71.0,35.0,0.5928773775799272
11.0,1.0,5.0,0.6,0.1,0.6,2.0,4923.0,67.0,26.0,0.5978062157221207
11.0,1.0,6.0,0.6,0.1,0.6,2.0,4827.0,79.0,26.0,0.5989227263310545
11.0,1.0,7.0,0.6,0.1,0.6,2.0,4746.0,78.0,34.0,0.599873577749684
11.0,1.0,8.0,0.6,0.1,0.6,2.0,4637.0,83.0,39.0,0.6014664653871037
11.0,1.0,9.0,0.6,0.1,0.6,2.0,4438.0,87.0,42.0,0.599594411897251
11.0,1.0,10.0,0.6,0.1,0.6,2.0,4226.0,79.0,38.0,0.603880738286796
11.0,1.0,11.0,0.6,0.1,0.6,2.0,4122.0,79.0,37.0,0.6052886948083455
11.0,1.0,12.0,0.6,0.1,0.6,2.0,4000.0,74.0,39.0,0.60775
11.0,1.0,13.0,0.6,0.1,0.6,2.0,3866.0,70.0,34.0,0.6101914123124677
11.0,1.0,14.0,0.6,0.1,0.6,2.0,3755.0,70.0,29.0,0.6143808255659121
11.0,1.0,15.0,0.6,0.1,0.6,2.0,3666.0,60.0,23.0,0.6159301691216584
11.0,1.0,16.0,0.6,0.1,0.6,2.0,3575.0,50.0,26.0,0.6204195804195805
11.0,1.0,17.0,0.6,0.1,0.6,2.0,3542.0,51.0,28.0,0.6194240542066629
11.0,1.0,18.0,0.6,0.1,0.6,2.0,3452.0,50.0,28.0,0.6242757821552724
11.0,1.0,19.0,0.6,0.1,0.6,2.0,3389.0,49.0,26.0,0.622897609914429
11.0,1.0,20.0,0.6,0.1,0.6,2.0,6242.0,45.0,25.0,0.33162447933354694
11.0,1.0,21.0,0.6,0.1,0.6,2.0,5823.0,71.0,22.0,0.33127253992787226
11.0,1.0,22.0,0.6,0.1,0.6,2.0,5594.0,66.0,19.0,0.33285663210582767
11.0,1.0,23.0,0.6,0.1,0.6,2.0,5259.0,70.0,23.0,0.3382772390188249
11.0,1.0,24.0,0.6,0.1,0.6,2.0,5054.0,76.0,37.0,0.33854372774040364
11.0,1.0,25.0,0.6,0.1,0.6,2.0,4902.0,100.0,41.0,0.33965728274173806
11.0,1.0,26.0,0.6,0.1,0.6,2.0,4655.0,106.0,41.0,0.3430719656283566
11.0,1.0,27.0,0.6,0.1,0.6,2.0,4403.0,117.0,39.0,0.34794458323870087
11.0,1.0,28.0,0.6,0.1,0.6,2.0,4347.0,143.0,53.0,0.3473659995399126
11.0,1.0,29.0,0.6,0.1,0.6,2.0,4213.0,156.0,70.0,0.3482079278423926
11.0,1.0,30.0,0.6,0.1,0.6,2.0,4058.0,185.0,78.0,0.3499260719566289
11.0,1.0,31.0,0.6,0.1,0.6,2.0,3861.0,194.0,87.0,0.3524993524993525
11.0,1.0,32.0,0.6,0.1,0.6,2.0,3607.0,202.0,76.0,0.35819240365955085
11.0,1.0,33.0,0.6,0.1,0.6,2.0,3522.0,223.0,88.0,0.36229415105053947
11.0,1.0,34.0,0.6,0.1,0.6,2.0,3307.0,219.0,83.0,0.36861203507710916
11.0,1.0,35.0,0.6,0.1,0.6,2.0,3237.0,228.0,111.0,0.3707136237256719
11.0,1.0,36.0,0.6,0.1,0.6,2.0,3137.0,227.0,114.0,0.3758367867389225
11.0,1.0,37.0,0.6,0.1,0.6,2.0,3058.0,236.0,125.0,0.38260300850228907
11.0,1.0,38.0,0.6,0.1,0.6,2.0,2949.0,214.0,109.0,0.389284503221431
11.0,1.0,39.0,0.6,0.1,0.6,2.0,2827.0,213.0,105.0,0.3979483551467987
11.0,1.0,40.0,0.6,0.1,0.6,2.0,2691.0,204.0,95.0,0.40542549238201414
11.0,1.0,41.0,0.6,0.1,0.6,2.0,2627.0,216.0,102.0,0.40997335363532544
11.0,1.0,42.0,0.6,0.1,0.6,2.0,2521.0,216.0,102.0,0.41769139230464103
11.0,1.0,43.0,0.6,0.1,0.6,2.0,2421.0,202.0,100.0,0.4221396117306898
11.0,1.0,44.0,0.6,0.1,0.6,2.0,2316.0,185.0,87.0,0.43480138169257343
11.0,1.0,45.0,0.6,0.1,0.6,2.0,2234.0,177.0,80.0,0.6566696508504923
11.0,1.0,46.0,0.6,0.1,0.6,2.0,2166.0,152.0,76.0,0.6638965835641736
11.0,1.0,47.0,0.6,0.1,0.6,2.0,2039.0,124.0,73.0,0.6694458067680236
11.0,1.0,48.0,0.6,0.1,0.6,2.0,2008.0,110.0,73.0,0.6757968127490039
11.0,1.0,49.0,0.6,0.1,0.6,2.0,1945.0,82.0,57.0,0.6760925449871465
11.0,1.0,50.0,0.6,0.1,0.6,2.0,1914.0,65.0,40.0,0.680773249738767
11.0,1.0,51.0,0.6,0.1,0.6,2.0,1871.0,50.0,34.0,0.6825227151256013
11.0,1.0,52.0,0.6,0.1,0.6,2.0,1853.0,42.0,26.0,0.6880733944954128
11.0,2.0,1.0,0.6,0.1,0.6,2.0,1838.0,38.0,22.0,0.6893362350380848
11.0,2.0,2.0,0.6,0.1,0.6,2.0,1809.0,26.0,12.0,0.6937534549474847
11.0,2.0,3.0,0.6,0.1,0.6,2.0,1792.0,26.0,15.0,0.6930803571428571
11.0,2.0,4.0,0.6,0.1,0.6,2.0,1727.0,22.0,13.0,0.6977417486971627
11.0,2.0,5.0,0.6,0.1,0.6,2.0,1679.0,19.0,15.0,0.6968433591423466
11.0,2.0,6.0,0.6,0.1,0.6,2.0,1655.0,16.0,11.0,0.7003021148036254
11.0,2.0,7.0,0.6,0.1,0.6,2.0,1627.0,15.0,8.0,0.7012907191149355
11.0,2.0,8.0,0.6,0.1,0.6,2.0,1582.0,10.0,4.0,0.7010113780025284
11.0,2.0,9.0,0.6,0.1,0.6,2.0,1552.0,8.0,4.0,0.6997422680412371
11.0,2.0,10.0,0.6,0.1,0.6,2.0,1541.0,8.0,5.0,0.7014925373134329
11.0,2.0,11.0,0.6,0.1,0.6,2.0,1526.0,6.0,3.0,0.7018348623853211
11.0,2.0,12.0,0.6,0.1,0.6,2.0,1515.0,6.0,2.0,0.7029702970297029
11.0,2.0,13.0,0.6,0.1,0.6,2.0,1499.0,6.0,3.0,0.7004669779853235
11.0,2.0,14.0,0.6,0.1,0.6,2.0,1478.0,6.0,4.0,0.7009472259810555
11.0,2.0,15.0,0.6,0.1,0.6,2.0,1464.0,6.0,3.0,0.6960382513661202
11.0,2.0,16.0,0.6,0.1,0.6,2.0,1435.0,4.0,2.0,0.697560975609756
11.0,2.0,17.0,0.6,0.1,0.6,2.0,1424.0,3.0,2.0,0.6959269662921348
11.0,2.0,18.0,0.6,0.1,0.6,2.0,1414.0,3.0,3.0,0.6966053748231966
11.0,2.0,19.0,0.6,0.1,0.6,2.0,1401.0,2.0,2.0,0.6952177016416845
11.0,2.0,20.0,0.6,0.1,0.6,2.0,2471.0,1.0,1.0,0.3909348441926346
11.0,2.0,21.0,0.6,0.1,0.6,2.0,2419.0,4.0,0.0,0.39107069036792064
11.0,2.0,22.0,0.6,0.1,0.6,2.0,2375.0,4.0,1.0,0.3953684210526316
11.0,2.0,23.0,0.6,0.1,0.6,2.0,2309.0,4.0,1.0,0.3949761801645734
11.0,2.0,24.0,0.6,0.1,0.6,2.0,2220.0,6.0,2.0,0.39774774774774774
11.0,2.0,25.0,0.6,0.1,0.6,2.0,2135.0,6.0,3.0,0.39765807962529276
11.0,2.0,26.0,0.6,0.1,0.6,2.0,2070.0,5.0,2.0,0.3966183574879227
11.0,2.0,27.0,0.6,0.1,0.6,2.0,2029.0,7.0,2.0,0.3952686052242484
11.0,2.0,28.0,0.6,0.1,0.6,2.0,1948.0,11.0,3.0,0.3993839835728953
11.0,2.0,29.0,0.6,0.1,0.6,2.0,1927.0,14.0,4.0,0.3990659055526726
11.0,2.0,30.0,0.6,0.1,0.6,2.0,1891.0,15.0,5.0,0.402432575356954
11.0,2.0,31.0,0.6,0.1,0.6,2.0,1843.0,20.0,7.0,0.40477482365708084
11.0,2.0,32.0,0.6,0.1,0.6,2.0,1828.0,24.0,8.0,0.4048140043763676
11.0,2.0,33.0,0.6,0.1,0.6,2.0,1760.0,27.0,10.0,0.4005681818181818
11.0,2.0,34.0,0.6,0.1,0.6,2.0,1675.0,30.0,13.0,0.4071641791044776
11.0,2.0,35.0,0.6,0.1,0.6,2.0,1646.0,35.0,13.0,0.40583232077764275
11.0,2.0,36.0,0.6,0.1,0.6,2.0,1591.0,36.0,12.0,0.4110622250157134
11.0,2.0,37.0,0.6,0.1,0.6,2.0,1566.0,38.0,11.0,0.41315453384418904
11.0,2.0,38.0,0.6,0.1,0.6,2.0,1528.0,40.0,22.0,0.4142670157068063
11.0,2.0,39.0,0.6,0.1,0.6,2.0,1516.0,45.0,24.0,0.41424802110817943
11.0,2.0,40.0,0.6,0.1,0.6,2.0,1478.0,48.0,20.0,0.4181326116373478
11.0,2.0,41.0,0.6,0.1,0.6,2.0,1465.0,42.0,12.0,0.41911262798634813
11.0,2.0,42.0,0.6,0.1,0.6,2.0,1390.0,36.0,11.0,0.4266187050359712
11.0,2.0,43.0,0.6,0.1,0.6,2.0,1394.0,38.0,18.0,0.42252510760401724
11.0,2.0,44.0,0.6,0.1,0.6,2.0,1319.0,31.0,17.0,0.4275966641394996
11.0,2.0,45.0,0.6,0.1,0.6,2.0,1308.0,32.0,16.0,0.6651376146788991
11.0,2.0,46.0,0.6,0.1,0.6,2.0,1292.0,25.0,12.0,0.6671826625386997
11.0,2.0,47.0,0.6,0.1,0.6,2.0,1279.0,22.0,13.0,0.6653635652853792
11.0,2.0,48.0,0.6,0.1,0.6,2.0,1247.0,19.0,13.0,0.6639935846030474
11.0,2.0,49.0,0.6,0.1,0.6,2.0,1226.0,16.0,11.0,0.6623164763458401
11.0,2.0,50.0,0.6,0.1,0.6,2.0,1197.0,11.0,9.0,0.6649958228905597
11.0,2.0,51.0,0.6,0.1,0.6,2.0,1180.0,9.0,6.0,0.6601694915254237
11.0,2.0,52.0,0.6,0.1,0.6,2.0,1169.0,7.0,4.0,0.6612489307100086
11.0,3.0,1.0,0.6,0.1,0.6,2.0,1131.0,3.0,2.0,0.6657824933687002
11.0,3.0,2.0,0.6,0.1,0.6,2.0,1116.0,3.0,2.0,0.6666666666666666
11.0,3.0,3.0,0.6,0.1,0.6,2.0,1110.0,3.0,2.0,0.6666666666666666
11.0,3.0,4.0,0.6,0.1,0.6,2.0,1087.0,1.0,1.0,0.671573137074517
11.0,3.0,5.0,0.6,0.1,0.6,2.0,1066.0,1.0,1.0,0.6735459662288931
11.0,3.0,6.0,0.6,0.1,0.6,2.0,1064.0,1.0,1.0,0.6719924812030075
11.0,3.0,7.0,0.6,0.1,0.6,2.0,1038.0,0.0,0.0,0.6695568400770713
11.0,3.0,8.0,0.6,0.1,0.6,2.0,1031.0,0.0,0.0,0.6702230843840931
11.0,3.0,9.0,0.6,0.1,0.6,2.0,1019.0,0.0,0.0,0.6673209028459274
11.0,3.0,10.0,0.6,0.1,0.6,2.0,1013.0,0.0,0.0,0.667324777887463
11.0,3.0,11.0,0.6,0.1,0.6,2.0,1008.0,0.0,0.0,0.6656746031746031
11.0,3.0,12.0,0.6,0.1,0.6,2.0,1001.0,0.0,0.0,0.6633366633366633
11.0,3.0,13.0,0.6,0.1,0.6,2.0,999.0,0.0,0.0,0.6636636636636637
11.0,3.0,14.0,0.6,0.1,0.6,2.0,976.0,0.0,0.0,0.6639344262295082
11.0,3.0,15.0,0.6,0.1,0.6,2.0,973.0,0.0,0.0,0.6680369989722508
11.0,3.0,16.0,0.6,0.1,0.6,2.0,966.0,0.0,0.0,0.6666666666666666
11.0,3.0,17.0,0.6,0.1,0.6,2.0,964.0,0.0,0.0,0.6680497925311203
11.0,3.0,18.0,0.6,0.1,0.6,2.0,959.0,0.0,0.0,0.6652763295099061
11.0,3.0,19.0,0.6,0.1,0.6,2.0,958.0,0.0,0.0,0.6670146137787056
11.0,3.0,20.0,0.6,0.1,0.6,2.0,1782.0,0.0,0.0,0.3569023569023569
11.0,3.0,21.0,0.6,0.1,0.6,2.0,1710.0,0.0,0.0,0.3631578947368421
11.0,3.0,22.0,0.6,0.1,0.6,2.0,1673.0,0.0,0.0,0.3634190077704722
11.0,3.0,23.0,0.6,0.1,0.6,2.0,1624.0,0.0,0.0,0.3657635467980296
11.0,3.0,24.0,0.6,0.1,0.6,2.0,1611.0,0.0,0.0,0.36685288640595903
11.0,3.0,25.0,0.6,0.1,0.6,2.0,1551.0,0.0,0.0,0.3694390715667311
11.0,3.0,26.0,0.6,0.1,0.6,2.0,1478.0,0.0,0.0,0.36874154262516917
11.0,3.0,27.0,0.6,0.1,0.6,2.0,1466.0,0.0,0.0,0.3683492496589359
11.0,3.0,28.0,0.6,0.1,0.6,2.0,1435.0,0.0,0.0,0.3693379790940767
11.0,3.0,29.0,0.6,0.1,0.6,2.0,1437.0,0.0,0.0,0.36812804453723036
11.0,3.0,30.0,0.6,0.1,0.6,2.0,1402.0,0.0,0.0,0.3673323823109843
11.0,3.0,31.0,0.6,0.1,0.6,2.0,1359.0,0.0,0.0,0.3723325974981604
11.0,3.0,32.0,0.6,0.1,0.6,2.0,1333.0,0.0,0.0,0.3735933983495874
11.0,3.0,33.0,0.6,0.1,0.6,2.0,1290.0,0.0,0.0,0.3798449612403101
11.0,3.0,34.0,0.6,0.1,0.6,2.0,1278.0,0.0,0.0,0.37871674491392804
11.0,3.0,35.0,0.6,0.1,0.6,2.0,1267.0,0.0,0.0,0.3788476716653512
11.0,3.0,36.0,0.6,0.1,0.6,2.0,1220.0,0.0,0.0,0.380327868852459
11.0,3.0,37.0,0.6,0.1,0.6,2.0,1188.0,0.0,0.0,0.3838383838383838
11.0,3.0,38.0,0.6,0.1,0.6,2.0,1167.0,0.0,0.0,0.38303341902313626
11.0,3.0,39.0,0.6,0.1,0.6,2.0,1160.0,0.0,0.0,0.38448275862068965
11.0,3.0,40.0,0.6,0.1,0.6,2.0,1138.0,0.0,0.0,0.38576449912126537
11.0,3.0,41.0,0.6,0.1,0.6,2.0,1091.0,0.0,0.0,0.38863428047662696
11.0,3.0,42.0,0.6,0.1,0.6,2.0,1089.0,0.0,0.0,0.3884297520661157
11.0,3.0,43.0,0.6,0.1,0.6,2.0,1034.0,0.0,0.0,0.3916827852998066
11.0,3.0,44.0,0.6,0.1,0.6,2.0,1005.0,0.0,0.0,0.39502487562189054
11.0,3.0,45.0,0.6,0.1,0.6,2.0,949.0,0.0,0.0,0.6512118018967334
11.0,3.0,46.0,0.6,0.1,0.6,2.0,949.0,0.0,0.0,0.649104320337197
11.0,3.0,47.0,0.6,0.1,0.6,2.0,946.0,0.0,0.0,0.6490486257928119
11.0,3.0,48.0,0.6,0.1,0.6,2.0,920.0,0.0,0.0,0.6543478260869565
11.0,3.0,49.0,0.6,0.1,0.6,2.0,906.0,0.0,0.0,0.6556291390728477
11.0,3.0,50.0,0.6,0.1,0.6,2.0,917.0,0.0,0.0,0.6510359869138496
11.0,3.0,51.0,0.6,0.1,0.6,2.0,905.0,0.0,0.0,0.6541436464088398
11.0,3.0,52.0,0.6,0.1,0.6,2.0,913.0,0.0,0.0,0.651697699890471
11.0,4.0,1.0,0.6,0.1,0.6,2.0,900.0,0.0,0.0,0.6555555555555556
11.0,4.0,2.0,0.6,0.1,0.6,2.0,905.0,0.0,0.0,0.6519337016574586
11.0,4.0,3.0,0.6,0.1,0.6,2.0,896.0,0.0,0.0,0.6506696428571429
11.0,4.0,4.0,0.6,0.1,0.6,2.0,899.0,0.0,0.0,0.6496106785317018
11.0,4.0,5.0,0.6,0.1,0.6,2.0,889.0,0.0,0.0,0.6524184476940382
11.0,4.0,6.0,0.6,0.1,0.6,2.0,891.0,0.0,0.0,0.6509539842873177
11.0,4.0,7.0,0.6,0.1,0.6,2.0,869.0,0.0,0.0,0.6501726121979287
11.0,4.0,8.0,0.6,0.1,0.6,2.0,851.0,0.0,0.0,0.6486486486486487
11.0,4.0,9.0,0.6,0.1,0.6,2.0,828.0,0.0,0.0,0.6461352657004831
11.0,4.0,10.0,0.6,0.1,0.6,2.0,811.0,0.0,0.0,0.6461159062885327
11.0,4.0,11.0,0.6,0.1,0.6,2.0,785.0,0.0,0.0,0.6509554140127388
11.0,4.0,12.0,0.6,0.1,0.6,2.0,786.0,0.0,0.0,0.6475826972010178
11.0,4.0,13.0,0.6,0.1,0.6,2.0,779.0,0.0,0.0,0.6508344030808729
11.0,4.0,14.0,0.6,0.1,0.6,2.0,783.0,0.0,0.0,0.6475095785440613
11.0,4.0,15.0,0.6,0.1,0.6,2.0,779.0,0.0,0.0,0.6482670089858793
11.0,4.0,16.0,0.6,0.1,0.6,2.0,780.0,0.0,0.0,0.6474358974358975
11.0,4.0,17.0,0.6,0.1,0.6,2.0,765.0,0.0,0.0,0.6496732026143791
11.0,4.0,18.0,0.6,0.1,0.6,2.0,751.0,0.0,0.0,0.6511318242343542
11.0,4.0,19.0,0.6,0.1,0.6,2.0,735.0,0.0,0.0,0.6503401360544218
11.0,4.0,20.0,0.6,0.1,0.6,2.0,1304.0,0.0,0.0,0.3665644171779141
11.0,4.0,21.0,0.6,0.1,0.6,2.0,1233.0,0.0,0.0,0.37145174371451745
11.0,4.0,22.0,0.6,0.1,0.6,2.0,1216.0,0.0,0.0,0.3684210526315789
11.0,4.0,23.0,0.6,0.1,0.6,2.0,1198.0,0.0,0.0,0.37145242070116863
11.0,4.0,24.0,0.6,0.1,0.6,2.0,1189.0,0.0,0.0,0.3675357443229605
11.0,4.0,25.0,0.6,0.1,0.6,2.0,1144.0,0.0,0.0,0.36975524475524474
11.0,4.0,26.0,0.6,0.1,0.6,2.0,1149.0,0.0,0.0,0.3646649260226284
11.0,4.0,27.0,0.6,0.1,0.6,2.0,1132.0,0.0,0.0,0.37014134275618377
11.0,4.0,28.0,0.6,0.1,0.6,2.0,1152.0,0.0,0.0,0.3645833333333333
11.0,4.0,29.0,0.6,0.1,0.6,2.0,1126.0,0.0,0.0,0.3685612788632327
11.0,4.0,30.0,0.6,0.1,0.6,2.0,1123.0,0.0,0.0,0.3659839715048976
11.0,4.0,31.0,0.6,0.1,0.6,2.0,1073.0,0.0,0.0,0.3746505125815471
11.0,4.0,32.0,0.6,0.1,0.6,2.0,1080.0,0.0,0.0,0.37037037037037035
11.0,4.0,33.0,0.6,0.1,0.6,2.0,1058.0,0.0,0.0,0.3733459357277883
11.0,4.0,34.0,0.6,0.1,0.6,2.0,1038.0,0.0,0.0,0.37475915221579964
11.0,4.0,35.0,0.6,0.1,0.6,2.0,1019.0,0.0,0.0,0.37389597644749756
11.0,4.0,36.0,0.6,0.1,0.6,2.0,1019.0,0.0,0.0,0.3729146221786065
11.0,4.0,37.0,0.6,0.1,0.6,2.0,971.0,0.0,0.0,0.37384140061791965
11.0,4.0,38.0,0.6,0.1,0.6,2.0,987.0,0.0,0.0,0.3728470111448835
11.0,4.0,39.0,0.6,0.1,0.6,2.0,958.0,0.0,0.0,0.3747390396659708
11.0,4.0,40.0,0.6,0.1,0.6,2.0,955.0,0.0,0.0,0.3769633507853403
11.0,4.0,41.0,0.6,0.1,0.6,2.0,919.0,0.0,0.0,0.3786724700761698
11.0,4.0,42.0,0.6,0.1,0.6,2.0,927.0,0.0,0.0,0.37648327939590076
11.0,4.0,43.0,0.6,0.1,0.6,2.0,910.0,0.0,0.0,0.3758241758241758
11.0,4.0,44.0,0.6,0.1,0.6,2.0,921.0,0.0,0.0,0.3735070575461455
11.0,4.0,45.0,0.6,0.1,0.6,2.0,906.0,0.0,0.0,0.6203090507726269
11.0,4.0,46.0,0.6,0.1,0.6,2.0,919.0,0.0,0.0,0.6180631120783461
11.0,4.0,47.0,0.6,0.1,0.6,2.0,904.0,0.0,0.0,0.6194690265486725
11.0,4.0,48.0,0.6,0.1,0.6,2.0,910.0,0.0,0.0,0.6186813186813187
11.0,4.0,49.0,0.6,0.1,0.6,2.0,885.0,0.0,0.0,0.6192090395480226
11.0,4.0,50.0,0.6,0.1,0.6,2.0,891.0,0.0,0.0,0.6172839506172839
11.0,4.0,51.0,0.6,0.1,0.6,2.0,873.0,0.0,0.0,0.6162657502863689
11.0,4.0,52.0,0.6,0.1,0.6,2.0,873.0,0.0,0.0,0.6162657502863689
11.0,5.0,1.0,0.6,0.1,0.6,2.0,865.0,0.0,0.0,0.6173410404624278
11.0,5.0,2.0,0.6,0.1,0.6,2.0,870.0,0.0,0.0,0.6160919540229886
11.0,5.0,3.0,0.6,0.1,0.6,2.0,853.0,0.0,0.0,0.6189917936694022
11.0,5.0,4.0,0.6,0.1,0.6,2.0,851.0,0.0,0.0,0.6192714453584018
11.0,5.0,5.0,0.6,0.1,0.6,2.0,841.0,0.0,0.0,0.6218787158145065
11.0,5.0,6.0,0.6,0.1,0.6,2.0,820.0,0.0,0.0,0.6182926829268293
11.0,5.0,7.0,0.6,0.1,0.6,2.0,813.0,0.0,0.0,0.6174661746617466
11.0,5.0,8.0,0.6,0.1,0.6,2.0,815.0,0.0,0.0,0.6184049079754601
11.0,5.0,9.0,0.6,0.1,0.6,2.0,793.0,0.0,0.0,0.6216897856242118
11.0,5.0,10.0,0.6,0.1,0.6,2.0,792.0,0.0,0.0,0.625
11.0,5.0,11.0,0.6,0.1,0.6,2.0,777.0,0.0,0.0,0.6229086229086229
11.0,5.0,12.0,0.6,0.1,0.6,2.0,776.0,0.0,0.0,0.6262886597938144
11.0,5.0,13.0,0.6,0.1,0.6,2.0,770.0,0.0,0.0,0.6246753246753247
11.0,5.0,14.0,0.6,0.1,0.6,2.0,768.0,0.0,0.0,0.6276041666666666
11.0,5.0,15.0,0.6,0.1,0.6,2.0,767.0,0.0,0.0,0.6258148631029987
11.0,5.0,16.0,0.6,0.1,0.6,2.0,767.0,0.0,0.0,0.6271186440677966
11.0,5.0,17.0,0.6,0.1,0.6,2.0,763.0,0.0,0.0,0.6264744429882044
11.0,5.0,18.0,0.6,0.1,0.6,2.0,763.0,0.0,0.0,0.6264744429882044
11.0,5.0,19.0,0.6,0.1,0.6,2.0,760.0,0.0,0.0,0.625
11.0,5.0,20.0,0.6,0.1,0.6,2.0,1363.0,0.0,0.0,0.3499633162142333
11.0,5.0,21.0,0.6,0.1,0.6,2.0,1342.0,0.0,0.0,0.3464977645305514
11.0,5.0,22.0,0.6,0.1,0.6,2.0,1284.0,0.0,0.0,0.35202492211838005
11.0,5.0,23.0,0.6,0.1,0.6,2.0,1285.0,0.0,0.0,0.34941634241245134
11.0,5.0,24.0,0.6,0.1,0.6,2.0,1242.0,0.0,0.0,0.35426731078904994
11.0,5.0,25.0,0.6,0.1,0.6,2.0,1207.0,0.0,0.0,0.35294117647058826
11.0,5.0,26.0,0.6,0.1,0.6,2.0,1172.0,0.0,0.0,0.35580204778157
11.0,5.0,27.0,0.6,0.1,0.6,2.0,1159.0,0.0,0.0,0.35202761000862814
11.0,5.0,28.0,0.6,0.1,0.6,2.0,1131.0,0.0,0.0,0.35455349248452694
11.0,5.0,29.0,0.6,0.1,0.6,2.0,1125.0,0.0,0.0,0.3511111111111111
11.0,5.0,30.0,0.6,0.1,0.6,2.0,1116.0,0.0,0.0,0.3548387096774194
11.0,5.0,31.0,0.6,0.1,0.6,2.0,1111.0,0.0,0.0,0.35193519351935193
11.0,5.0,32.0,0.6,0.1,0.6,2.0,1090.0,0.0,0.0,0.3568807339449541
11.0,5.0,33.0,0.6,0.1,0.6,2.0,1094.0,0.0,0.0,0.35283363802559414
11.0,5.0,34.0,0.6,0.1,0.6,2.0,1089.0,0.0,0.0,0.35720844811753905
11.0,5.0,35.0,0.6,0.1,0.6,2.0,1083.0,0.0,0.0,0.3545706371191136
11.0,5.0,36.0,0.6,0.1,0.6,2.0,1065.0,0.0,0.0,0.3596244131455399
11.0,5.0,37.0,0.6,0.1,0.6,2.0,1069.0,0.0,0.0,0.35640785781103834
11.0,5.0,38.0,0.6,0.1,0.6,2.0,1027.0,0.0,0.0,0.3563777994157741
11.0,5.0,39.0,0.6,0.1,0.6,2.0,1003.0,0.0,0.0,0.3589232303090728
11.0,5.0,40.0,0.6,0.1,0.6,2.0,1000.0,0.0,0.0,0.36
11.0,5.0,41.0,0.6,0.1,0.6,2.0,983.0,0.0,0.0,0.3641912512716175
11.0,5.0,42.0,0.6,0.1,0.6,2.0,971.0,0.0,0.0,0.3635427394438723
11.0,5.0,43.0,0.6,0.1,0.6,2.0,966.0,0.0,0.0,0.36645962732919257
11.0,5.0,44.0,0.6,0.1,0.6,2.0,965.0,0.0,0.0,0.36476683937823834
11.0,5.0,45.0,0.6,0.1,0.6,2.0,964.0,0.0,0.0,0.6286307053941909
11.0,5.0,46.0,0.6,0.1,0.6,2.0,949.0,0.0,0.0,0.6301369863013698
11.0,5.0,47.0,0.6,0.1,0.6,2.0,941.0,0.0,0.0,0.6301806588735388
11.0,5.0,48.0,0.6,0.1,0.6,2.0,925.0,0.0,0.0,0.6335135135135135
11.0,5.0,49.0,0.6,0.1,0.6,2.0,917.0,0.0,0.0,0.6314067611777535
11.0,5.0,50.0,0.6,0.1,0.6,2.0,911.0,0.0,0.0,0.6333699231613611
11.0,5.0,51.0,0.6,0.1,0.6,2.0,914.0,0.0,0.0,0.6312910284463895
11.0,5.0,52.0,0.6,0.1,0.6,2.0,909.0,0.0,0.0,0.6336633663366337
11.0,6.0,1.0,0.6,0.1,0.6,2.0,895.0,0.0,0.0,0.6346368715083799
11.0,6.0,2.0,0.6,0.1,0.6,2.0,892.0,0.0,0.0,0.6356502242152466
11.0,6.0,3.0,0.6,0.1,0.6,2.0,891.0,0.0,0.0,0.6341189674523008
11.0,6.0,4.0,0.6,0.1,0.6,2.0,890.0,0.0,0.0,0.6370786516853932
11.0,6.0,5.0,0.6,0.1,0.6,2.0,888.0,0.0,0.0,0.6362612612612613
11.0,6.0,6.0,0.6,0.1,0.6,2.0,888.0,0.0,0.0,0.6373873873873874
11.0,6.0,7.0,0.6,0.1,0.6,2.0,886.0,0.0,0.0,0.6354401805869074
11.0,6.0,8.0,0.6,0.1,0.6,2.0,882.0,0.0,0.0,0.6383219954648526
11.0,6.0,9.0,0.6,0.1,0.6,2.0,878.0,0.0,0.0,0.6355353075170843
11.0,6.0,10.0,0.6,0.1,0.6,2.0,881.0,0.0,0.0,0.637911464245176
11.0,6.0,11.0,0.6,0.1,0.6,2.0,877.0,0.0,0.0,0.6351197263397947
11.0,6.0,12.0,0.6,0.1,0.6,2.0,877.0,0.0,0.0,0.637400228050171
11.0,6.0,13.0,0.6,0.1,0.6,2.0,861.0,0.0,0.0,0.6387921022067363
11.0,6.0,14.0,0.6,0.1,0.6,2.0,859.0,0.0,0.0,0.6414435389988359
11.0,6.0,15.0,0.6,0.1,0.6,2.0,857.0,0.0,0.0,0.6382730455075846
11.0,6.0,16.0,0.6,0.1,0.6,2.0,858.0,0.0,0.0,0.6410256410256411
11.0,6.0,17.0,0.6,0.1,0.6,2.0,858.0,0.0,0.0,0.6375291375291375
11.0,6.0,18.0,0.6,0.1,0.6,2.0,845.0,0.0,0.0,0.642603550295858
11.0,6.0,19.0,0.6,0.1,0.6,2.0,845.0,0.0,0.0,0.6414201183431952
11.0,6.0,20.0,0.6,0.1,0.6,2.0,1535.0,0.0,0.0,0.35309446254071664
11.0,6.0,21.0,0.6,0.1,0.6,2.0,1469.0,0.0,0.0,0.35330156569094623
11.0,6.0,22.0,0.6,0.1,0.6,2.0,1426.0,0.0,0.0,0.3534361851332398
11.0,6.0,23.0,0.6,0.1,0.6,2.0,1363.0,0.0,0.0,0.35803374908290536
11.0,6.0,24.0,0.6,0.1,0.6,2.0,1326.0,0.0,0.0,0.363499245852187
11.0,6.0,25.0,0.6,0.1,0.6,2.0,1303.0,0.0,0.0,0.3607060629316961
11.0,6.0,26.0,0.6,0.1,0.6,2.0,1287.0,0.0,0.0,0.3620823620823621
11.0,6.0,27.0,0.6,0.1,0.6,2.0,1284.0,0.0,0.0,0.3605919003115265
11.0,6.0,28.0,0.6,0.1,0.6,2.0,1248.0,0.0,0.0,0.3613782051282051
11.0,6.0,29.0,0.6,0.1,0.6,2.0,1217.0,0.0,0.0,0.36318816762530814
11.0,6.0,30.0,0.6,0.1,0.6,2.0,1201.0,0.0,0.0,0.3638634471273938
11.0,6.0,31.0,0.6,0.1,0.6,2.0,1165.0,0.0,0.0,0.36394849785407724
11.0,6.0,32.0,0.6,0.1,0.6,2.0,1133.0,0.0,0.0,0.36893203883495146
11.0,6.0,33.0,0.6,0.1,0.6,2.0,1126.0,0.0,0.0,0.3703374777975133
11.0,6.0,34.0,0.6,0.1,0.6,2.0,1097.0,0.0,0.0,0.37283500455788515
11.0,6.0,35.0,0.6,0.1,0.6,2.0,1090.0,0.0,0.0,0.3724770642201835
11.0,6.0,36.0,0.6,0.1,0.6,2.0,1086.0,0.0,0.0,0.3729281767955801
11.0,6.0,37.0,0.6,0.1,0.6,2.0,1086.0,0.0,0.0,0.3720073664825046
11.0,6.0,38.0,0.6,0.1,0.6,2.0,1058.0,0.0,0.0,0.3771266540642722
11.0,6.0,39.0,0.6,0.1,0.6,2.0,1058.0,0.0,0.0,0.3761814744801512
11.0,6.0,40.0,0.6,0.1,0.6,2.0,1048.0,0.0,0.0,0.37690839694656486
11.0,6.0,41.0,0.6,0.1,0.6,2.0,1015.0,0.0,0.0,0.38029556650246304
11.0,6.0,42.0,0.6,0.1,0.6,2.0,1015.0,0.0,0.0,0.3812807881773399
11.0,6.0,43.0,0.6,0.1,0.6,2.0,969.0,0.0,0.0,0.3746130030959752
11.0,6.0,44.0,0.6,0.1,0.6,2.0,949.0,0.0,0.0,0.37829293993677554
11.0,6.0,45.0,0.6,0.1,0.6,2.0,924.0,0.0,0.0,0.6266233766233766
11.0,6.0,46.0,0.6,0.1,0.6,2.0,909.0,0.0,0.0,0.6281628162816282
11.0,6.0,47.0,0.6,0.1,0.6,2.0,866.0,0.0,0.0,0.6316397228637414
11.0,6.0,48.0,0.6,0.1,0.6,2.0,864.0,0.0,0.0,0.6342592592592593
11.0,6.0,49.0,0.6,0.1,0.6,2.0,850.0,0.0,0.0,0.6317647058823529
11.0,6.0,50.0,0.6,0.1,0.6,2.0,831.0,0.0,0.0,0.6365824308062575
11.0,6.0,51.0,0.6,0.1,0.6,2.0,830.0,0.0,0.0,0.6349397590361445
11.0,6.0,52.0,0.6,0.1,0.6,2.0,819.0,0.0,0.0,0.6410256410256411
11.0,7.0,1.0,0.6,0.1,0.6,2.0,814.0,0.0,0.0,0.6375921375921376
11.0,7.0,2.0,0.6,0.1,0.6,2.0,811.0,0.0,0.0,0.6411837237977805
11.0,7.0,3.0,0.6,0.1,0.6,2.0,814.0,0.0,0.0,0.6375921375921376
11.0,7.0,4.0,0.6,0.1,0.6,2.0,808.0,0.0,0.0,0.6410891089108911
11.0,7.0,5.0,0.6,0.1,0.6,2.0,809.0,0.0,0.0,0.6378244746600742
11.0,7.0,6.0,0.6,0.1,0.6,2.0,804.0,0.0,0.0,0.6405472636815921
11.0,7.0,7.0,0.6,0.1,0.6,2.0,783.0,0.0,0.0,0.6334610472541508
11.0,7.0,8.0,0.6,0.1,0.6,2.0,778.0,0.0,0.0,0.6388174807197944
11.0,7.0,9.0,0.6,0.1,0.6,2.0,774.0,0.0,0.0,0.6369509043927648
11.0,7.0,10.0,0.6,0.1,0.6,2.0,768.0,0.0,0.0,0.6393229166666666
11.0,7.0,11.0,0.6,0.1,0.6,2.0,767.0,0.0,0.0,0.6375488917861799
11.0,7.0,12.0,0.6,0.1,0.6,2.0,765.0,0.0,0.0,0.6405228758169934
11.0,7.0,13.0,0.6,0.1,0.6,2.0,765.0,0.0,0.0,0.6379084967320261
11.0,7.0,14.0,0.6,0.1,0.6,2.0,762.0,0.0,0.0,0.6404199475065617
11.0,7.0,15.0,0.6,0.1,0.6,2.0,762.0,0.0,0.0,0.636482939632546
11.0,7.0,16.0,0.6,0.1,0.6,2.0,760.0,0.0,0.0,0.6394736842105263
11.0,7.0,17.0,0.6,0.1,0.6,2.0,760.0,0.0,0.0,0.6355263157894737
11.0,7.0,18.0,0.6,0.1,0.6,2.0,757.0,0.0,0.0,0.6380449141347424
11.0,7.0,19.0,0.6,0.1,0.6,2.0,759.0,0.0,0.0,0.6350461133069829
11.0,7.0,20.0,0.6,0.1,0.6,2.0,1382.0,0.0,0.0,0.35021707670043417
11.0,7.0,21.0,0.6,0.1,0.6,2.0,1329.0,0.0,0.0,0.3551542513167795
11.0,7.0,22.0,0.6,0.1,0.6,2.0,1299.0,0.0,0.0,0.35642802155504233
11.0,7.0,23.0,0.6,0.1,0.6,2.0,1272.0,0.0,0.0,0.35377358490566035
11.0,7.0,24.0,0.6,0.1,0.6,2.0,1253.0,0.0,0.0,0.3575418994413408
11.0,7.0,25.0,0.6,0.1,0.6,2.0,1244.0,0.0,0.0,0.35610932475884244
11.0,7.0,26.0,0.6,0.1,0.6,2.0,1199.0,0.0,0.0,0.359466221851543
11.0,7.0,27.0,0.6,0.1,0.6,2.0,1187.0,0.0,0.0,0.35888795282224095
11.0,7.0,28.0,0.6,0.1,0.6,2.0,1152.0,0.0,0.0,0.3628472222222222
11.0,7.0,29.0,0.6,0.1,0.6,2.0,1131.0,0.0,0.0,0.36074270557029176
11.0,7.0,30.0,0.6,0.1,0.6,2.0,1104.0,0.0,0.0,0.3704710144927536
11.0,7.0,31.0,0.6,0.1,0.6,2.0,1071.0,0.0,0.0,0.3734827264239029
11.0,7.0,32.0,0.6,0.1,0.6,2.0,1069.0,0.0,0.0,0.37979420018709076
11.0,7.0,33.0,0.6,0.1,0.6,2.0,1024.0,0.0,0.0,0.3828125
11.0,7.0,34.0,0.6,0.1,0.6,2.0,1016.0,0.0,0.0,0.3887795275590551
11.0,7.0,35.0,0.6,0.1,0.6,2.0,991.0,0.0,0.0,0.38647830474268413
11.0,7.0,36.0,0.6,0.1,0.6,2.0,977.0,0.0,0.0,0.39508700102354144
11.0,7.0,37.0,0.6,0.1,0.6,2.0,955.0,0.0,0.0,0.3947643979057592
11.0,7.0,38.0,0.6,0.1,0.6,2.0,964.0,0.0,0.0,0.39730290456431533
11.0,7.0,39.0,0.6,0.1,0.6,2.0,951.0,0.0,0.0,0.3922187171398528
11.0,7.0,40.0,0.6,0.1,0.6,2.0,961.0,0.0,0.0,0.39542143600416235
11.0,7.0,41.0,0.6,0.1,0.6,2.0,934.0,0.0,0.0,0.3950749464668094
11.0,7.0,42.0,0.6,0.1,0.6,2.0,931.0,0.0,0.0,0.3963480128893663
11.0,7.0,43.0,0.6,0.1,0.6,2.0,921.0,0.0,0.0,0.3930510314875136
11.0,7.0,44.0,0.6,0.1,0.6,2.0,909.0,0.0,0.0,0.39603960396039606
11.0,7.0,45.0,0.6,0.1,0.6,2.0,899.0,0.0,0.0,0.6062291434927698
11.0,7.0,46.0,0.6,0.1,0.6,2.0,897.0,0.0,0.0,0.6086956521739131
11.0,7.0,47.0,0.6,0.1,0.6,2.0,888.0,0.0,0.0,0.6047297297297297
11.0,7.0,48.0,0.6,0.1,0.6,2.0,896.0,0.0,0.0,0.6082589285714286
11.0,7.0,49.0,0.6,0.1,0.6,2.0,856.0,0.0,0.0,0.6144859813084113
11.0,7.0,50.0,0.6,0.1,0.6,2.0,851.0,0.0,0.0,0.6169212690951822
11.0,7.0,51.0,0.6,0.1,0.6,2.0,843.0,0.0,0.0,0.6132858837485172
11.0,7.0,52.0,0.6,0.1,0.6,2.0,850.0,0.0,0.0,0.6164705882352941
11.0,8.0,1.0,0.6,0.1,0.6,2.0,828.0,0.0,0.0,0.6171497584541062
11.0,8.0,2.0,0.6,0.1,0.6,2.0,834.0,0.0,0.0,0.6223021582733813
11.0,8.0,3.0,0.6,0.1,0.6,2.0,825.0,0.0,0.0,0.6206060606060606
11.0,8.0,4.0,0.6,0.1,0.6,2.0,831.0,0.0,0.0,0.6245487364620939
11.0,8.0,5.0,0.6,0.1,0.6,2.0,820.0,0.0,0.0,0.6231707317073171
11.0,8.0,6.0,0.6,0.1,0.6,2.0,825.0,0.0,0.0,0.6278787878787879
11.0,8.0,7.0,0.6,0.1,0.6,2.0,818.0,0.0,0.0,0.6246943765281173
11.0,8.0,8.0,0.6,0.1,0.6,2.0,821.0,0.0,0.0,0.6285018270401949
11.0,8.0,9.0,0.6,0.1,0.6,2.0,800.0,0.0,0.0,0.6275
11.0,8.0,10.0,0.6,0.1,0.6,2.0,806.0,0.0,0.0,0.630272952853598
11.0,8.0,11.0,0.6,0.1,0.6,2.0,798.0,0.0,0.0,0.6290726817042607
11.0,8.0,12.0,0.6,0.1,0.6,2.0,805.0,0.0,0.0,0.631055900621118
11.0,8.0,13.0,0.6,0.1,0.6,2.0,798.0,0.0,0.0,0.6278195488721805
11.0,8.0,14.0,0.6,0.1,0.6,2.0,804.0,0.0,0.0,0.6305970149253731
11.0,8.0,15.0,0.6,0.1,0.6,2.0,772.0,0.0,0.0,0.6321243523316062
11.0,8.0,16.0,0.6,0.1,0.6,2.0,780.0,0.0,0.0,0.6358974358974359
11.0,8.0,17.0,0.6,0.1,0.6,2.0,770.0,0.0,0.0,0.6324675324675325
11.0,8.0,18.0,0.6,0.1,0.6,2.0,777.0,0.0,0.0,0.6357786357786358
11.0,8.0,19.0,0.6,0.1,0.6,2.0,771.0,0.0,0.0,0.6329442282749675
11.0,8.0,20.0,0.6,0.1,0.6,2.0,1442.0,0.0,0.0,0.3432732316227462
11.0,8.0,21.0,0.6,0.1,0.6,2.0,1402.0,0.0,0.0,0.3437945791726106
11.0,8.0,22.0,0.6,0.1,0.6,2.0,1372.0,0.0,0.0,0.3469387755102041
11.0,8.0,23.0,0.6,0.1,0.6,2.0,1300.0,0.0,0.0,0.35
11.0,8.0,24.0,0.6,0.1,0.6,2.0,1279.0,0.0,0.0,0.3534010946051603
11.0,8.0,25.0,0.6,0.1,0.6,2.0,1248.0,0.0,0.0,0.35336538461538464
11.0,8.0,26.0,0.6,0.1,0.6,2.0,1248.0,0.0,0.0,0.35657051282051283
11.0,8.0,27.0,0.6,0.1,0.6,2.0,1176.0,0.0,0.0,0.36054421768707484
11.0,8.0,28.0,0.6,0.1,0.6,2.0,1142.0,0.0,0.0,0.36690017513134854
11.0,8.0,29.0,0.6,0.1,0.6,2.0,1114.0,0.0,0.0,0.36624775583482944
11.0,8.0,30.0,0.6,0.1,0.6,2.0,1085.0,0.0,0.0,0.37511520737327186
11.0,8.0,31.0,0.6,0.1,0.6,2.0,1072.0,0.0,0.0,0.37406716417910446
11.0,8.0,32.0,0.6,0.1,0.6,2.0,1071.0,0.0,0.0,0.37628384687208216
11.0,8.0,33.0,0.6,0.1,0.6,2.0,1048.0,0.0,0.0,0.37786259541984735
11.0,8.0,34.0,0.6,0.1,0.6,2.0,1022.0,0.0,0.0,0.38258317025440314
11.0,8.0,35.0,0.6,0.1,0.6,2.0,1011.0,0.0,0.0,0.380811078140455
11.0,8.0,36.0,0.6,0.1,0.6,2.0,1022.0,0.0,0.0,0.38258317025440314
11.0,8.0,37.0,0.6,0.1,0.6,2.0,999.0,0.0,0.0,0.3833833833833834
11.0,8.0,38.0,0.6,0.1,0.6,2.0,1010.0,0.0,0.0,0.38514851485148516
11.0,8.0,39.0,0.6,0.1,0.6,2.0,999.0,0.0,0.0,0.3833833833833834
11.0,8.0,40.0,0.6,0.1,0.6,2.0,983.0,0.0,0.0,0.3886063072227874
11.0,8.0,41.0,0.6,0.1,0.6,2.0,957.0,0.0,0.0,0.39080459770114945
11.0,8.0,42.0,0.6,0.1,0.6,2.0,968.0,0.0,0.0,0.3925619834710744
11.0,8.0,43.0,0.6,0.1,0.6,2.0,942.0,0.0,0.0,0.39490445859872614
11.0,8.0,44.0,0.6,0.1,0.6,2.0,927.0,0.0,0.0,0.4034519956850054
11.0,8.0,45.0,0.6,0.1,0.6,2.0,904.0,0.0,0.0,0.6670353982300885
11.0,8.0,46.0,0.6,0.1,0.6,2.0,903.0,0.0,0.0,0.6699889258028793
11.0,8.0,47.0,0.6,0.1,0.6,2.0,889.0,0.0,0.0,0.6670416197975253
11.0,8.0,48.0,0.6,0.1,0.6,2.0,878.0,0.0,0.0,0.6697038724373576
11.0,8.0,49.0,0.6,0.1,0.6,2.0,867.0,0.0,0.0,0.6678200692041523
11.0,8.0,50.0,0.6,0.1,0.6,2.0,873.0,0.0,0.0,0.6701030927835051
11.0,8.0,51.0,0.6,0.1,0.6,2.0,868.0,0.0,0.0,0.6682027649769585
11.0,8.0,52.0,0.6,0.1,0.6,2.0,872.0,0.0,0.0,0.6708715596330275
11.0,9.0,1.0,0.6,0.1,0.6,2.0,867.0,0.0,0.0,0.6678200692041523
11.0,9.0,2.0,0.6,0.1,0.6,2.0,872.0,0.0,0.0,0.6708715596330275
11.0,9.0,3.0,0.6,0.1,0.6,2.0,867.0,0.0,0.0,0.6678200692041523
11.0,9.0,4.0,0.6,0.1,0.6,2.0,845.0,0.0,0.0,0.676923076923077
11.0,9.0,5.0,0.6,0.1,0.6,2.0,828.0,0.0,0.0,0.6751207729468599
11.0,9.0,6.0,0.6,0.1,0.6,2.0,829.0,0.0,0.0,0.6803377563329313
11.0,9.0,7.0,0.6,0.1,0.6,2.0,823.0,0.0,0.0,0.675577156743621
11.0,9.0,8.0,0.6,0.1,0.6,2.0,812.0,0.0,0.0,0.6847290640394089
11.0,9.0,9.0,0.6,0.1,0.6,2.0,805.0,0.0,0.0,0.6832298136645962
11.0,9.0,10.0,0.6,0.1,0.6,2.0,810.0,0.0,0.0,0.6851851851851852
11.0,9.0,11.0,0.6,0.1,0.6,2.0,801.0,0.0,0.0,0.6853932584269663
11.0,9.0,12.0,0.6,0.1,0.6,2.0,806.0,0.0,0.0,0.6885856079404467
11.0,9.0,13.0,0.6,0.1,0.6,2.0,800.0,0.0,0.0,0.68625
11.0,9.0,14.0,0.6,0.1,0.6,2.0,794.0,0.0,0.0,0.690176322418136
11.0,9.0,15.0,0.6,0.1,0.6,2.0,787.0,0.0,0.0,0.6874205844980941
11.0,9.0,16.0,0.6,0.1,0.6,2.0,792.0,0.0,0.0,0.6893939393939394
11.0,9.0,17.0,0.6,0.1,0.6,2.0,786.0,0.0,0.0,0.6870229007633588
11.0,9.0,18.0,0.6,0.1,0.6,2.0,792.0,0.0,0.0,0.6893939393939394
11.0,9.0,19.0,0.6,0.1,0.6,2.0,786.0,0.0,0.0,0.6870229007633588
11.0,9.0,20.0,0.6,0.1,0.6,2.0,1362.0,0.0,0.0,0.3803230543318649
11.0,9.0,21.0,0.6,0.1,0.6,2.0,1302.0,0.0,0.0,0.3878648233486943
11.0,9.0,22.0,0.6,0.1,0.6,2.0,1305.0,0.0,0.0,0.39080459770114945
11.0,9.0,23.0,0.6,0.1,0.6,2.0,1266.0,0.0,0.0,0.39178515007898895
11.0,9.0,24.0,0.6,0.1,0.6,2.0,1225.0,0.0,0.0,0.39918367346938777
11.0,9.0,25.0,0.6,0.1,0.6,2.0,1168.0,0.0,0.0,0.4041095890410959
11.0,9.0,26.0,0.6,0.1,0.6,2.0,1139.0,0.0,0.0,0.40913081650570676
11.0,9.0,27.0,0.6,0.1,0.6,2.0,1100.0,0.0,0.0,0.4081818181818182
11.0,9.0,28.0,0.6,0.1,0.6,2.0,1116.0,0.0,0.0,0.40949820788530467
11.0,9.0,29.0,0.6,0.1,0.6,2.0,1101.0,0.0,0.0,0.4087193460490463
11.0,9.0,30.0,0.6,0.1,0.6,2.0,1093.0,0.0,0.0,0.41171088746569073
11.0,9.0,31.0,0.6,0.1,0.6,2.0,1067.0,0.0,0.0,0.4114339268978444
11.0,9.0,32.0,0.6,0.1,0.6,2.0,1059.0,0.0,0.0,0.4126534466477809
11.0,9.0,33.0,0.6,0.1,0.6,2.0,1032.0,0.0,0.0,0.41375968992248063
11.0,9.0,34.0,0.6,0.1,0.6,2.0,1034.0,0.0,0.0,0.41779497098646035
11.0,9.0,35.0,0.6,0.1,0.6,2.0,1020.0,0.0,0.0,0.4176470588235294
11.0,9.0,36.0,0.6,0.1,0.6,2.0,1021.0,0.0,0.0,0.42115572967678744
11.0,9.0,37.0,0.6,0.1,0.6,2.0,1006.0,0.0,0.0,0.42047713717693835
11.0,9.0,38.0,0.6,0.1,0.6,2.0,1021.0,0.0,0.0,0.42115572967678744
11.0,9.0,39.0,0.6,0.1,0.6,2.0,995.0,0.0,0.0,0.42412060301507537
11.0,9.0,40.0,0.6,0.1,0.6,2.0,1009.0,0.0,0.0,0.4241823587710605
11.0,9.0,41.0,0.6,0.1,0.6,2.0,995.0,0.0,0.0,0.42412060301507537
11.0,9.0,42.0,0.6,0.1,0.6,2.0,998.0,0.0,0.0,0.4218436873747495
11.0,9.0,43.0,0.6,0.1,0.6,2.0,972.0,0.0,0.0,0.42489711934156377
11.0,9.0,44.0,0.6,0.1,0.6,2.0,957.0,0.0,0.0,0.43051201671891326
11.0,9.0,45.0,0.6,0.1,0.6,2.0,942.0,0.0,0.0,0.6263269639065817
11.0,9.0,46.0,0.6,0.1,0.6,2.0,958.0,0.0,0.0,0.627348643006263
11.0,9.0,47.0,0.6,0.1,0.6,2.0,942.0,0.0,0.0,0.6263269639065817
11.0,9.0,48.0,0.6,0.1,0.6,2.0,957.0,0.0,0.0,0.6269592476489029
11.0,9.0,49.0,0.6,0.1,0.6,2.0,942.0,0.0,0.0,0.6263269639065817
11.0,9.0,50.0,0.6,0.1,0.6,2.0,954.0,0.0,0.0,0.6257861635220126
11.0,9.0,51.0,0.6,0.1,0.6,2.0,943.0,0.0,0.0,0.6256627783669141
11.0,9.0,52.0,0.6,0.1,0.6,2.0,956.0,0.0,0.0,0.6265690376569037
11.0,10.0,1.0,0.6,0.1,0.6,2.0,943.0,0.0,0.0,0.6256627783669141
11.0,10.0,2.0,0.6,0.1,0.6,2.0,954.0,0.0,0.0,0.6257861635220126
11.0,10.0,3.0,0.6,0.1,0.6,2.0,942.0,0.0,0.0,0.6252653927813163
11.0,10.0,4.0,0.6,0.1,0.6,2.0,927.0,0.0,0.0,0.6332254584681769
11.0,10.0,5.0,0.6,0.1,0.6,2.0,915.0,0.0,0.0,0.6338797814207651
11.0,10.0,6.0,0.6,0.1,0.6,2.0,923.0,0.0,0.0,0.6348862405200434
11.0,10.0,7.0,0.6,0.1,0.6,2.0,908.0,0.0,0.0,0.6354625550660793
11.0,10.0,8.0,0.6,0.1,0.6,2.0,917.0,0.0,0.0,0.6368593238822247
11.0,10.0,9.0,0.6,0.1,0.6,2.0,902.0,0.0,0.0,0.6374722838137472
11.0,10.0,10.0,0.6,0.1,0.6,2.0,910.0,0.0,0.0,0.6395604395604395
11.0,10.0,11.0,0.6,0.1,0.6,2.0,897.0,0.0,0.0,0.6376811594202898
11.0,10.0,12.0,0.6,0.1,0.6,2.0,907.0,0.0,0.0,0.639470782800441
11.0,10.0,13.0,0.6,0.1,0.6,2.0,899.0,0.0,0.0,0.6373748609566184
11.0,10.0,14.0,0.6,0.1,0.6,2.0,903.0,0.0,0.0,0.6400885935769657
11.0,10.0,15.0,0.6,0.1,0.6,2.0,894.0,0.0,0.0,0.639821029082774
11.0,10.0,16.0,0.6,0.1,0.6,2.0,903.0,0.0,0.0,0.6423034330011074
11.0,10.0,17.0,0.6,0.1,0.6,2.0,895.0,0.0,0.0,0.6402234636871509
11.0,10.0,18.0,0.6,0.1,0.6,2.0,900.0,0.0,0.0,0.6422222222222222
11.0,10.0,19.0,0.6,0.1,0.6,2.0,881.0,0.0,0.0,0.6390465380249716
11.0,10.0,20.0,0.6,0.1,0.6,2.0,1587.0,0.0,0.0,0.3390044108380592
11.0,10.0,21.0,0.6,0.1,0.6,2.0,1458.0,0.0,0.0,0.3401920438957476
11.0,10.0,22.0,0.6,0.1,0.6,2.0,1448.0,0.0,0.0,0.3411602209944751
11.0,10.0,23.0,0.6,0.1,0.6,2.0,1413.0,0.0,0.0,0.33970276008492567
11.0,10.0,24.0,0.6,0.1,0.6,2.0,1373.0,0.0,0.0,0.3394027676620539
11.0,10.0,25.0,0.6,0.1,0.6,2.0,1320.0,0.0,0.0,0.3424242424242424
11.0,10.0,26.0,0.6,0.1,0.6,2.0,1258.0,0.0,0.0,0.3465818759936407
11.0,10.0,27.0,0.6,0.1,0.6,2.0,1201.0,0.0,0.0,0.34970857618651124
11.0,10.0,28.0,0.6,0.1,0.6,2.0,1194.0,0.0,0.0,0.35175879396984927
11.0,10.0,29.0,0.6,0.1,0.6,2.0,1172.0,0.0,0.0,0.3515358361774744
11.0,10.0,30.0,0.6,0.1,0.6,2.0,1152.0,0.0,0.0,0.3532986111111111
11.0,10.0,31.0,0.6,0.1,0.6,2.0,1134.0,0.0,0.0,0.35361552028218696
11.0,10.0,32.0,0.6,0.1,0.6,2.0,1102.0,0.0,0.0,0.3602540834845735
11.0,10.0,33.0,0.6,0.1,0.6,2.0,1096.0,0.0,0.0,0.3604014598540146
11.0,10.0,34.0,0.6,0.1,0.6,2.0,1102.0,0.0,0.0,0.3602540834845735
11.0,10.0,35.0,0.6,0.1,0.6,2.0,1083.0,0.0,0.0,0.3619575253924284
11.0,10.0,36.0,0.6,0.1,0.6,2.0,1075.0,0.0,0.0,0.36372093023255814
11.0,10.0,37.0,0.6,0.1,0.6,2.0,1041.0,0.0,0.0,0.3659942363112392
11.0,10.0,38.0,0.6,0.1,0.6,2.0,1020.0,0.0,0.0,0.37254901960784315
11.0,10.0,39.0,0.6,0.1,0.6,2.0,1014.0,0.0,0.0,0.3727810650887574
11.0,10.0,40.0,0.6,0.1,0.6,2.0,1020.0,0.0,0.0,0.37254901960784315
11.0,10.0,41.0,0.6,0.1,0.6,2.0,1002.0,0.0,0.0,0.3722554890219561
11.0,10.0,42.0,0.6,0.1,0.6,2.0,996.0,0.0,0.0,0.37349397590361444
11.0,10.0,43.0,0.6,0.1,0.6,2.0,978.0,0.0,0.0,0.3721881390593047
11.0,10.0,44.0,0.6,0.1,0.6,2.0,972.0,0.0,0.0,0.3713991769547325
11.0,10.0,45.0,0.6,0.1,0.6,2.0,950.0,0.0,0.0,0.6463157894736842
11.0,10.0,46.0,0.6,0.1,0.6,2.0,957.0,0.0,0.0,0.644723092998955
11.0,10.0,47.0,0.6,0.1,0.6,2.0,940.0,0.0,0.0,0.6468085106382979
11.0,10.0,48.0,0.6,0.1,0.6,2.0,922.0,0.0,0.0,0.6442516268980477
11.0,10.0,49.0,0.6,0.1,0.6,2.0,912.0,0.0,0.0,0.6491228070175439
11.0,10.0,50.0,0.6,0.1,0.6,2.0,911.0,0.0,0.0,0.6487376509330406
11.0,10.0,51.0,0.6,0.1,0.6,2.0,905.0,0.0,0.0,0.6508287292817679
11.0,10.0,52.0,0.6,0.1,0.6,2.0,900.0,0.0,0.0,0.6511111111111111
12.0,1.0,1.0,0.6,0.1,0.6,2.0,5182.0,50.0,8.0,0.5847163257429564
12.0,1.0,2.0,0.6,0.1,0.6,2.0,5148.0,53.0,20.0,0.5878010878010878
12.0,1.0,3.0,0.6,0.1,0.6,2.0,5075.0,61.0,37.0,0.5891625615763547
12.0,1.0,4.0,0.6,0.1,0.6,2.0,5056.0,76.0,33.0,0.5901898734177216
12.0,1.0,5.0,0.6,0.1,0.6,2.0,5074.0,81.0,34.0,0.5900670082774931
12.0,1.0,6.0,0.6,0.1,0.6,2.0,4931.0,70.0,30.0,0.592171973230582
12.0,1.0,7.0,0.6,0.1,0.6,2.0,4738.0,70.0,34.0,0.5926551287463064
12.0,1.0,8.0,0.6,0.1,0.6,2.0,4581.0,85.0,35.0,0.5917921851124208
12.0,1.0,9.0,0.6,0.1,0.6,2.0,4482.0,94.0,42.0,0.5952699687639447
12.0,1.0,10.0,0.6,0.1,0.6,2.0,4349.0,102.0,34.0,0.5957691423315705
12.0,1.0,11.0,0.6,0.1,0.6,2.0,4189.0,102.0,46.0,0.5982334686082598
12.0,1.0,12.0,0.6,0.1,0.6,2.0,4023.0,106.0,45.0,0.6032811334824758
12.0,1.0,13.0,0.6,0.1,0.6,2.0,3964.0,120.0,59.0,0.6026740665993946
12.0,1.0,14.0,0.6,0.1,0.6,2.0,3835.0,111.0,58.0,0.6065189048239896
12.0,1.0,15.0,0.6,0.1,0.6,2.0,3787.0,103.0,56.0,0.609981515711645
12.0,1.0,16.0,0.6,0.1,0.6,2.0,3677.0,82.0,41.0,0.612727767201523
12.0,1.0,17.0,0.6,0.1,0.6,2.0,3587.0,64.0,36.0,0.6144410370783384
12.0,1.0,18.0,0.6,0.1,0.6,2.0,3557.0,56.0,33.0,0.6187798706775373
12.0,1.0,19.0,0.6,0.1,0.6,2.0,3490.0,53.0,35.0,0.6183381088825215
12.0,1.0,20.0,0.6,0.1,0.6,2.0,6649.0,44.0,24.0,0.3224545044367574
12.0,1.0,21.0,0.6,0.1,0.6,2.0,6340.0,73.0,24.0,0.323186119873817
12.0,1.0,22.0,0.6,0.1,0.6,2.0,5776.0,77.0,28.0,0.33119806094182824
12.0,1.0,23.0,0.6,0.1,0.6,2.0,5514.0,84.0,34.0,0.33424011606819004
12.0,1.0,24.0,0.6,0.1,0.6,2.0,5213.0,107.0,34.0,0.3368501822367159
12.0,1.0,25.0,0.6,0.1,0.6,2.0,5049.0,110.0,38.0,0.33868092691622104
12.0,1.0,26.0,0.6,0.1,0.6,2.0,4728.0,125.0,40.0,0.34581218274111675
12.0,1.0,27.0,0.6,0.1,0.6,2.0,4654.0,156.0,63.0,0.3450795015040825
12.0,1.0,28.0,0.6,0.1,0.6,2.0,4424.0,172.0,69.0,0.35149186256781195
12.0,1.0,29.0,0.6,0.1,0.6,2.0,4294.0,190.0,90.0,0.35491383325570564
12.0,1.0,30.0,0.6,0.1,0.6,2.0,4102.0,205.0,91.0,0.3612871769868357
12.0,1.0,31.0,0.6,0.1,0.6,2.0,4019.0,232.0,98.0,0.36053744712615077
12.0,1.0,32.0,0.6,0.1,0.6,2.0,3799.0,236.0,100.0,0.36904448539089235
12.0,1.0,33.0,0.6,0.1,0.6,2.0,3665.0,244.0,102.0,0.37462482946793996
12.0,1.0,34.0,0.6,0.1,0.6,2.0,3467.0,247.0,112.0,0.3804441880588405
12.0,1.0,35.0,0.6,0.1,0.6,2.0,3374.0,225.0,111.0,0.38441019561351514
12.0,1.0,36.0,0.6,0.1,0.6,2.0,3234.0,217.0,108.0,0.38868274582560297
12.0,1.0,37.0,0.6,0.1,0.6,2.0,3161.0,207.0,108.0,0.39101550142360014
12.0,1.0,38.0,0.6,0.1,0.6,2.0,3007.0,190.0,93.0,0.4017292983039574
12.0,1.0,39.0,0.6,0.1,0.6,2.0,2907.0,185.0,89.0,0.4066047471620227
12.0,1.0,40.0,0.6,0.1,0.6,2.0,2796.0,173.0,79.0,0.41416309012875535
12.0,1.0,41.0,0.6,0.1,0.6,2.0,2672.0,158.0,79.0,0.4221556886227545
12.0,1.0,42.0,0.6,0.1,0.6,2.0,2595.0,163.0,81.0,0.42890173410404625
12.0,1.0,43.0,0.6,0.1,0.6,2.0,2485.0,153.0,69.0,0.4346076458752515
12.0,1.0,44.0,0.6,0.1,0.6,2.0,2402.0,149.0,70.0,0.4408825978351374
12.0,1.0,45.0,0.6,0.1,0.6,2.0,2364.0,137.0,65.0,0.6814720812182741
12.0,1.0,46.0,0.6,0.1,0.6,2.0,2236.0,123.0,65.0,0.6909660107334525
12.0,1.0,47.0,0.6,0.1,0.6,2.0,2142.0,99.0,64.0,0.6909430438842203
12.0,1.0,48.0,0.6,0.1,0.6,2.0,2055.0,77.0,48.0,0.6944038929440389
12.0,1.0,49.0,0.6,0.1,0.6,2.0,1971.0,66.0,41.0,0.7016742770167428
12.0,1.0,50.0,0.6,0.1,0.6,2.0,1920.0,48.0,26.0,0.7036458333333333
12.0,1.0,51.0,0.6,0.1,0.6,2.0,1887.0,45.0,25.0,0.7053524112347642
12.0,1.0,52.0,0.6,0.1,0.6,2.0,1838.0,40.0,22.0,0.7083786724700761
12.0,2.0,1.0,0.6,0.1,0.6,2.0,1837.0,36.0,22.0,0.7093086554164398
12.0,2.0,2.0,0.6,0.1,0.6,2.0,1780.0,33.0,20.0,0.7101123595505618
12.0,2.0,3.0,0.6,0.1,0.6,2.0,1769.0,27.0,17.0,0.7122668174109666
12.0,2.0,4.0,0.6,0.1,0.6,2.0,1729.0,21.0,14.0,0.7165991902834008
12.0,2.0,5.0,0.6,0.1,0.6,2.0,1734.0,16.0,11.0,0.7168396770472895
12.0,2.0,6.0,0.6,0.1,0.6,2.0,1690.0,14.0,10.0,0.7201183431952662
12.0,2.0,7.0,0.6,0.1,0.6,2.0,1688.0,13.0,5.0,0.7209715639810427
12.0,2.0,8.0,0.6,0.1,0.6,2.0,1631.0,11.0,4.0,0.7222562844880441
12.0,2.0,9.0,0.6,0.1,0.6,2.0,1627.0,8.0,2.0,0.7234173325138291
12.0,2.0,10.0,0.6,0.1,0.6,2.0,1607.0,8.0,3.0,0.7205973864343497
12.0,2.0,11.0,0.6,0.1,0.6,2.0,1606.0,8.0,6.0,0.7222914072229141
12.0,2.0,12.0,0.6,0.1,0.6,2.0,1587.0,9.0,6.0,0.7208569628229363
12.0,2.0,13.0,0.6,0.1,0.6,2.0,1581.0,8.0,5.0,0.7216951296647691
12.0,2.0,14.0,0.6,0.1,0.6,2.0,1556.0,4.0,2.0,0.7223650385604113
12.0,2.0,15.0,0.6,0.1,0.6,2.0,1545.0,4.0,2.0,0.7236245954692556
12.0,2.0,16.0,0.6,0.1,0.6,2.0,1522.0,4.0,2.0,0.721419185282523
12.0,2.0,17.0,0.6,0.1,0.6,2.0,1517.0,3.0,2.0,0.7237969676994067
12.0,2.0,18.0,0.6,0.1,0.6,2.0,1494.0,2.0,2.0,0.7182061579651942
12.0,2.0,19.0,0.6,0.1,0.6,2.0,1478.0,2.0,2.0,0.7239512855209743
12.0,2.0,20.0,0.6,0.1,0.6,2.0,2713.0,2.0,1.0,0.3870254330998894
12.0,2.0,21.0,0.6,0.1,0.6,2.0,2599.0,2.0,0.0,0.391304347826087
12.0,2.0,22.0,0.6,0.1,0.6,2.0,2493.0,2.0,1.0,0.3898916967509025
12.0,2.0,23.0,0.6,0.1,0.6,2.0,2432.0,2.0,1.0,0.3951480263157895
12.0,2.0,24.0,0.6,0.1,0.6,2.0,2384.0,2.0,1.0,0.39429530201342283
12.0,2.0,25.0,0.6,0.1,0.6,2.0,2280.0,3.0,0.0,0.40307017543859647
12.0,2.0,26.0,0.6,0.1,0.6,2.0,2169.0,3.0,0.0,0.4001844167819272
12.0,2.0,27.0,0.6,0.1,0.6,2.0,2102.0,3.0,0.0,0.40247383444338725
12.0,2.0,28.0,0.6,0.1,0.6,2.0,2068.0,3.0,3.0,0.4018375241779497
12.0,2.0,29.0,0.6,0.1,0.6,2.0,2030.0,3.0,3.0,0.40295566502463054
12.0,2.0,30.0,0.6,0.1,0.6,2.0,2018.0,8.0,3.0,0.40237859266600595
12.0,2.0,31.0,0.6,0.1,0.6,2.0,1957.0,4.0,0.0,0.40112416964741954
12.0,2.0,32.0,0.6,0.1,0.6,2.0,1914.0,4.0,2.0,0.400208986415883
12.0,2.0,33.0,0.6,0.1,0.6,2.0,1869.0,8.0,2.0,0.4044943820224719
12.0,2.0,34.0,0.6,0.1,0.6,2.0,1835.0,10.0,6.0,0.4016348773841962
12.0,2.0,35.0,0.6,0.1,0.6,2.0,1790.0,15.0,4.0,0.40558659217877097
12.0,2.0,36.0,0.6,0.1,0.6,2.0,1736.0,19.0,5.0,0.4055299539170507
12.0,2.0,37.0,0.6,0.1,0.6,2.0,1689.0,13.0,2.0,0.4132622853759621
12.0,2.0,38.0,0.6,0.1,0.6,2.0,1653.0,13.0,6.0,0.40955837870538414
12.0,2.0,39.0,0.6,0.1,0.6,2.0,1648.0,14.0,7.0,0.41140776699029125
12.0,2.0,40.0,0.6,0.1,0.6,2.0,1617.0,14.0,10.0,0.4075448361162647
12.0,2.0,41.0,0.6,0.1,0.6,2.0,1584.0,9.0,5.0,0.41414141414141414
12.0,2.0,42.0,0.6,0.1,0.6,2.0,1517.0,11.0,4.0,0.41727092946605143
12.0,2.0,43.0,0.6,0.1,0.6,2.0,1478.0,10.0,2.0,0.4208389715832206
12.0,2.0,44.0,0.6,0.1,0.6,2.0,1447.0,13.0,7.0,0.42225293711126466
12.0,2.0,45.0,0.6,0.1,0.6,2.0,1399.0,17.0,7.0,0.6375982844889206
12.0,2.0,46.0,0.6,0.1,0.6,2.0,1369.0,18.0,7.0,0.635500365230095
12.0,2.0,47.0,0.6,0.1,0.6,2.0,1314.0,12.0,6.0,0.636986301369863
12.0,2.0,48.0,0.6,0.1,0.6,2.0,1297.0,15.0,8.0,0.6353122590593677
12.0,2.0,49.0,0.6,0.1,0.6,2.0,1275.0,13.0,6.0,0.6384313725490196
12.0,2.0,50.0,0.6,0.1,0.6,2.0,1264.0,10.0,2.0,0.6368670886075949
12.0,2.0,51.0,0.6,0.1,0.6,2.0,1254.0,9.0,5.0,0.6395534290271132
12.0,2.0,52.0,0.6,0.1,0.6,2.0,1242.0,12.0,7.0,0.6392914653784219
12.0,3.0,1.0,0.6,0.1,0.6,2.0,1222.0,13.0,8.0,0.6407528641571195
12.0,3.0,2.0,0.6,0.1,0.6,2.0,1207.0,10.0,5.0,0.6396023198011599
12.0,3.0,3.0,0.6,0.1,0.6,2.0,1196.0,10.0,3.0,0.6413043478260869
12.0,3.0,4.0,0.6,0.1,0.6,2.0,1170.0,9.0,4.0,0.6410256410256411
12.0,3.0,5.0,0.6,0.1,0.6,2.0,1145.0,7.0,5.0,0.6427947598253275
12.0,3.0,6.0,0.6,0.1,0.6,2.0,1139.0,8.0,7.0,0.6400351185250219
12.0,3.0,7.0,0.6,0.1,0.6,2.0,1127.0,6.0,6.0,0.6406388642413487
12.0,3.0,8.0,0.6,0.1,0.6,2.0,1106.0,5.0,3.0,0.6401446654611211
12.0,3.0,9.0,0.6,0.1,0.6,2.0,1096.0,5.0,1.0,0.6450729927007299
12.0,3.0,10.0,0.6,0.1,0.6,2.0,1079.0,4.0,0.0,0.6468952734012975
12.0,3.0,11.0,0.6,0.1,0.6,2.0,1077.0,4.0,1.0,0.6453110492107706
12.0,3.0,12.0,0.6,0.1,0.6,2.0,1068.0,5.0,2.0,0.6479400749063671
12.0,3.0,13.0,0.6,0.1,0.6,2.0,1064.0,5.0,3.0,0.6456766917293233
12.0,3.0,14.0,0.6,0.1,0.6,2.0,1025.0,4.0,3.0,0.6458536585365854
12.0,3.0,15.0,0.6,0.1,0.6,2.0,1028.0,4.0,3.0,0.6478599221789884
12.0,3.0,16.0,0.6,0.1,0.6,2.0,999.0,3.0,2.0,0.6436436436436437
12.0,3.0,17.0,0.6,0.1,0.6,2.0,996.0,2.0,1.0,0.641566265060241
12.0,3.0,18.0,0.6,0.1,0.6,2.0,983.0,2.0,0.0,0.6398779247202442
12.0,3.0,19.0,0.6,0.1,0.6,2.0,986.0,2.0,0.0,0.6399594320486816
12.0,3.0,20.0,0.6,0.1,0.6,2.0,1801.0,2.0,1.0,0.3459189339255969
12.0,3.0,21.0,0.6,0.1,0.6,2.0,1750.0,5.0,2.0,0.3497142857142857
12.0,3.0,22.0,0.6,0.1,0.6,2.0,1662.0,9.0,2.0,0.35439229843561976
12.0,3.0,23.0,0.6,0.1,0.6,2.0,1620.0,11.0,3.0,0.3567901234567901
12.0,3.0,24.0,0.6,0.1,0.6,2.0,1601.0,12.0,3.0,0.3547782635852592
12.0,3.0,25.0,0.6,0.1,0.6,2.0,1520.0,14.0,5.0,0.35986842105263156
12.0,3.0,26.0,0.6,0.1,0.6,2.0,1490.0,16.0,5.0,0.36308724832214767
12.0,3.0,27.0,0.6,0.1,0.6,2.0,1432.0,12.0,4.0,0.3547486033519553
12.0,3.0,28.0,0.6,0.1,0.6,2.0,1379.0,17.0,6.0,0.3633067440174039
12.0,3.0,29.0,0.6,0.1,0.6,2.0,1358.0,20.0,8.0,0.3630338733431517
12.0,3.0,30.0,0.6,0.1,0.6,2.0,1337.0,20.0,11.0,0.36649214659685864
12.0,3.0,31.0,0.6,0.1,0.6,2.0,1288.0,22.0,10.0,0.3641304347826087
12.0,3.0,32.0,0.6,0.1,0.6,2.0,1283.0,25.0,9.0,0.36321122369446607
12.0,3.0,33.0,0.6,0.1,0.6,2.0,1263.0,26.0,9.0,0.36342042755344417
12.0,3.0,34.0,0.6,0.1,0.6,2.0,1246.0,24.0,11.0,0.3707865168539326
12.0,3.0,35.0,0.6,0.1,0.6,2.0,1207.0,27.0,15.0,0.3728251864125932
12.0,3.0,36.0,0.6,0.1,0.6,2.0,1188.0,28.0,13.0,0.3787878787878788
12.0,3.0,37.0,0.6,0.1,0.6,2.0,1154.0,26.0,13.0,0.38128249566724437
12.0,3.0,38.0,0.6,0.1,0.6,2.0,1125.0,23.0,9.0,0.3857777777777778
12.0,3.0,39.0,0.6,0.1,0.6,2.0,1086.0,21.0,11.0,0.3876611418047882
12.0,3.0,40.0,0.6,0.1,0.6,2.0,1076.0,22.0,10.0,0.3912639405204461
12.0,3.0,41.0,0.6,0.1,0.6,2.0,1052.0,25.0,12.0,0.3906844106463878
12.0,3.0,42.0,0.6,0.1,0.6,2.0,1031.0,18.0,6.0,0.3947623666343356
12.0,3.0,43.0,0.6,0.1,0.6,2.0,1008.0,14.0,7.0,0.3968253968253968
12.0,3.0,44.0,0.6,0.1,0.6,2.0,988.0,15.0,5.0,0.39979757085020245
12.0,3.0,45.0,0.6,0.1,0.6,2.0,977.0,13.0,6.0,0.6376663254861822
12.0,3.0,46.0,0.6,0.1,0.6,2.0,959.0,11.0,6.0,0.6381647549530761
12.0,3.0,47.0,0.6,0.1,0.6,2.0,954.0,10.0,8.0,0.6373165618448637
12.0,3.0,48.0,0.6,0.1,0.6,2.0,915.0,7.0,6.0,0.6338797814207651
12.0,3.0,49.0,0.6,0.1,0.6,2.0,920.0,5.0,4.0,0.6326086956521739
12.0,3.0,50.0,0.6,0.1,0.6,2.0,899.0,2.0,1.0,0.628476084538376
12.0,3.0,51.0,0.6,0.1,0.6,2.0,894.0,1.0,1.0,0.6297539149888143
12.0,3.0,52.0,0.6,0.1,0.6,2.0,883.0,1.0,1.0,0.6251415628539071
12.0,4.0,1.0,0.6,0.1,0.6,2.0,879.0,1.0,1.0,0.6257110352673493
12.0,4.0,2.0,0.6,0.1,0.6,2.0,867.0,0.0,0.0,0.6228373702422145
12.0,4.0,3.0,0.6,0.1,0.6,2.0,848.0,0.0,0.0,0.6214622641509434
12.0,4.0,4.0,0.6,0.1,0.6,2.0,841.0,0.0,0.0,0.6183115338882283
12.0,4.0,5.0,0.6,0.1,0.6,2.0,842.0,0.0,0.0,0.6211401425178147
12.0,4.0,6.0,0.6,0.1,0.6,2.0,839.0,0.0,0.0,0.6174016686531585
12.0,4.0,7.0,0.6,0.1,0.6,2.0,826.0,0.0,0.0,0.6210653753026635
12.0,4.0,8.0,0.6,0.1,0.6,2.0,811.0,0.0,0.0,0.6202219482120839
12.0,4.0,9.0,0.6,0.1,0.6,2.0,795.0,0.0,0.0,0.6238993710691824
12.0,4.0,10.0,0.6,0.1,0.6,2.0,790.0,0.0,0.0,0.6189873417721519
12.0,4.0,11.0,0.6,0.1,0.6,2.0,785.0,0.0,0.0,0.6267515923566879
12.0,4.0,12.0,0.6,0.1,0.6,2.0,780.0,0.0,0.0,0.6205128205128205
12.0,4.0,13.0,0.6,0.1,0.6,2.0,780.0,0.0,0.0,0.6256410256410256
12.0,4.0,14.0,0.6,0.1,0.6,2.0,775.0,0.0,0.0,0.6193548387096774
12.0,4.0,15.0,0.6,0.1,0.6,2.0,773.0,0.0,0.0,0.6248382923673997
12.0,4.0,16.0,0.6,0.1,0.6,2.0,769.0,0.0,0.0,0.6176853055916776
12.0,4.0,17.0,0.6,0.1,0.6,2.0,771.0,0.0,0.0,0.6238651102464332
12.0,4.0,18.0,0.6,0.1,0.6,2.0,766.0,0.0,0.0,0.6161879895561357
12.0,4.0,19.0,0.6,0.1,0.6,2.0,766.0,0.0,0.0,0.6214099216710183
12.0,4.0,20.0,0.6,0.1,0.6,2.0,1402.0,0.0,0.0,0.3338088445078459
12.0,4.0,21.0,0.6,0.1,0.6,2.0,1350.0,0.0,0.0,0.33555555555555555
12.0,4.0,22.0,0.6,0.1,0.6,2.0,1310.0,0.0,0.0,0.33435114503816793
12.0,4.0,23.0,0.6,0.1,0.6,2.0,1278.0,0.0,0.0,0.3380281690140845
12.0,4.0,24.0,0.6,0.1,0.6,2.0,1239.0,0.0,0.0,0.3357546408393866
12.0,4.0,25.0,0.6,0.1,0.6,2.0,1220.0,0.0,0.0,0.33524590163934426
12.0,4.0,26.0,0.6,0.1,0.6,2.0,1196.0,0.0,0.0,0.33361204013377926
12.0,4.0,27.0,0.6,0.1,0.6,2.0,1180.0,0.0,0.0,0.3364406779661017
12.0,4.0,28.0,0.6,0.1,0.6,2.0,1167.0,0.0,0.0,0.3341902313624679
12.0,4.0,29.0,0.6,0.1,0.6,2.0,1159.0,0.0,0.0,0.3373597929249353
12.0,4.0,30.0,0.6,0.1,0.6,2.0,1151.0,0.0,0.0,0.3353605560382276
12.0,4.0,31.0,0.6,0.1,0.6,2.0,1115.0,0.0,0.0,0.3417040358744395
12.0,4.0,32.0,0.6,0.1,0.6,2.0,1071.0,0.0,0.0,0.34360410830999066
12.0,4.0,33.0,0.6,0.1,0.6,2.0,1035.0,0.0,0.0,0.3497584541062802
12.0,4.0,34.0,0.6,0.1,0.6,2.0,994.0,0.0,0.0,0.352112676056338
12.0,4.0,35.0,0.6,0.1,0.6,2.0,963.0,0.0,0.0,0.35514018691588783
12.0,4.0,36.0,0.6,0.1,0.6,2.0,961.0,0.0,0.0,0.3558792924037461
12.0,4.0,37.0,0.6,0.1,0.6,2.0,942.0,0.0,0.0,0.351380042462845
12.0,4.0,38.0,0.6,0.1,0.6,2.0,928.0,0.0,0.0,0.35129310344827586
12.0,4.0,39.0,0.6,0.1,0.6,2.0,928.0,0.0,0.0,0.34913793103448276
12.0,4.0,40.0,0.6,0.1,0.6,2.0,927.0,0.0,0.0,0.34735706580366776
12.0,4.0,41.0,0.6,0.1,0.6,2.0,893.0,0.0,0.0,0.3538633818589026
12.0,4.0,42.0,0.6,0.1,0.6,2.0,873.0,0.0,0.0,0.35624284077892326
12.0,4.0,43.0,0.6,0.1,0.6,2.0,869.0,0.0,0.0,0.35558112773302647
12.0,4.0,44.0,0.6,0.1,0.6,2.0,854.0,0.0,0.0,0.3559718969555035
12.0,4.0,45.0,0.6,0.1,0.6,2.0,852.0,0.0,0.0,0.6068075117370892
12.0,4.0,46.0,0.6,0.1,0.6,2.0,849.0,0.0,0.0,0.607773851590106
12.0,4.0,47.0,0.6,0.1,0.6,2.0,843.0,0.0,0.0,0.6037959667852907
12.0,4.0,48.0,0.6,0.1,0.6,2.0,843.0,0.0,0.0,0.6061684460260973
12.0,4.0,49.0,0.6,0.1,0.6,2.0,809.0,0.0,0.0,0.6106304079110012
12.0,4.0,50.0,0.6,0.1,0.6,2.0,799.0,0.0,0.0,0.6145181476846058
12.0,4.0,51.0,0.6,0.1,0.6,2.0,792.0,0.0,0.0,0.6111111111111112
12.0,4.0,52.0,0.6,0.1,0.6,2.0,790.0,0.0,0.0,0.6126582278481013
12.0,5.0,1.0,0.6,0.1,0.6,2.0,785.0,0.0,0.0,0.6114649681528662
12.0,5.0,2.0,0.6,0.1,0.6,2.0,786.0,0.0,0.0,0.6106870229007634
12.0,5.0,3.0,0.6,0.1,0.6,2.0,778.0,0.0,0.0,0.609254498714653
12.0,5.0,4.0,0.6,0.1,0.6,2.0,780.0,0.0,0.0,0.6089743589743589
12.0,5.0,5.0,0.6,0.1,0.6,2.0,771.0,0.0,0.0,0.6121919584954605
12.0,5.0,6.0,0.6,0.1,0.6,2.0,768.0,0.0,0.0,0.609375
12.0,5.0,7.0,0.6,0.1,0.6,2.0,753.0,0.0,0.0,0.6135458167330677
12.0,5.0,8.0,0.6,0.1,0.6,2.0,733.0,0.0,0.0,0.6193724420190996
12.0,5.0,9.0,0.6,0.1,0.6,2.0,722.0,0.0,0.0,0.6204986149584487
12.0,5.0,10.0,0.6,0.1,0.6,2.0,722.0,0.0,0.0,0.6204986149584487
12.0,5.0,11.0,0.6,0.1,0.6,2.0,704.0,0.0,0.0,0.6193181818181818
12.0,5.0,12.0,0.6,0.1,0.6,2.0,701.0,0.0,0.0,0.6191155492154066
12.0,5.0,13.0,0.6,0.1,0.6,2.0,700.0,0.0,0.0,0.62
12.0,5.0,14.0,0.6,0.1,0.6,2.0,698.0,0.0,0.0,0.6203438395415473
12.0,5.0,15.0,0.6,0.1,0.6,2.0,698.0,0.0,0.0,0.6189111747851003
12.0,5.0,16.0,0.6,0.1,0.6,2.0,695.0,0.0,0.0,0.6187050359712231
12.0,5.0,17.0,0.6,0.1,0.6,2.0,694.0,0.0,0.0,0.6167146974063401
12.0,5.0,18.0,0.6,0.1,0.6,2.0,690.0,0.0,0.0,0.618840579710145
12.0,5.0,19.0,0.6,0.1,0.6,2.0,687.0,0.0,0.0,0.61863173216885
12.0,5.0,20.0,0.6,0.1,0.6,2.0,1262.0,0.0,0.0,0.33438985736925514
12.0,5.0,21.0,0.6,0.1,0.6,2.0,1242.0,0.0,0.0,0.3357487922705314
12.0,5.0,22.0,0.6,0.1,0.6,2.0,1228.0,0.0,0.0,0.33631921824104233
12.0,5.0,23.0,0.6,0.1,0.6,2.0,1221.0,0.0,0.0,0.3366093366093366
12.0,5.0,24.0,0.6,0.1,0.6,2.0,1169.0,0.0,0.0,0.3455945252352438
12.0,5.0,25.0,0.6,0.1,0.6,2.0,1136.0,0.0,0.0,0.3485915492957746
12.0,5.0,26.0,0.6,0.1,0.6,2.0,1104.0,0.0,0.0,0.3496376811594203
12.0,5.0,27.0,0.6,0.1,0.6,2.0,1103.0,0.0,0.0,0.34904805077062556
12.0,5.0,28.0,0.6,0.1,0.6,2.0,1040.0,0.0,0.0,0.35673076923076924
12.0,5.0,29.0,0.6,0.1,0.6,2.0,1010.0,0.0,0.0,0.36237623762376237
12.0,5.0,30.0,0.6,0.1,0.6,2.0,999.0,0.0,0.0,0.36436436436436437
12.0,5.0,31.0,0.6,0.1,0.6,2.0,973.0,0.0,0.0,0.36793422404933196
12.0,5.0,32.0,0.6,0.1,0.6,2.0,967.0,0.0,0.0,0.36814891416752843
12.0,5.0,33.0,0.6,0.1,0.6,2.0,941.0,0.0,0.0,0.3687566418703507
12.0,5.0,34.0,0.6,0.1,0.6,2.0,941.0,0.0,0.0,0.3687566418703507
12.0,5.0,35.0,0.6,0.1,0.6,2.0,934.0,0.0,0.0,0.3693790149892934
12.0,5.0,36.0,0.6,0.1,0.6,2.0,893.0,0.0,0.0,0.3729003359462486
12.0,5.0,37.0,0.6,0.1,0.6,2.0,897.0,0.0,0.0,0.37235228539576365
12.0,5.0,38.0,0.6,0.1,0.6,2.0,877.0,0.0,0.0,0.3751425313568985
12.0,5.0,39.0,0.6,0.1,0.6,2.0,873.0,0.0,0.0,0.36884306987399773
12.0,5.0,40.0,0.6,0.1,0.6,2.0,865.0,0.0,0.0,0.3699421965317919
12.0,5.0,41.0,0.6,0.1,0.6,2.0,861.0,0.0,0.0,0.3693379790940767
12.0,5.0,42.0,0.6,0.1,0.6,2.0,837.0,0.0,0.0,0.36798088410991636
12.0,5.0,43.0,0.6,0.1,0.6,2.0,836.0,0.0,0.0,0.36483253588516745
12.0,5.0,44.0,0.6,0.1,0.6,2.0,815.0,0.0,0.0,0.37055214723926383
12.0,5.0,45.0,0.6,0.1,0.6,2.0,804.0,0.0,0.0,0.6343283582089553
12.0,5.0,46.0,0.6,0.1,0.6,2.0,788.0,0.0,0.0,0.6345177664974619
12.0,5.0,47.0,0.6,0.1,0.6,2.0,782.0,0.0,0.0,0.6368286445012787
12.0,5.0,48.0,0.6,0.1,0.6,2.0,782.0,0.0,0.0,0.6329923273657289
12.0,5.0,49.0,0.6,0.1,0.6,2.0,766.0,0.0,0.0,0.6331592689295039
12.0,5.0,50.0,0.6,0.1,0.6,2.0,763.0,0.0,0.0,0.63564875491481
12.0,5.0,51.0,0.6,0.1,0.6,2.0,746.0,0.0,0.0,0.6327077747989276
12.0,5.0,52.0,0.6,0.1,0.6,2.0,747.0,0.0,0.0,0.6318607764390897
12.0,6.0,1.0,0.6,0.1,0.6,2.0,742.0,0.0,0.0,0.6361185983827493
12.0,6.0,2.0,0.6,0.1,0.6,2.0,742.0,0.0,0.0,0.6361185983827493
12.0,6.0,3.0,0.6,0.1,0.6,2.0,740.0,0.0,0.0,0.6364864864864865
12.0,6.0,4.0,0.6,0.1,0.6,2.0,739.0,0.0,0.0,0.6373477672530447
12.0,6.0,5.0,0.6,0.1,0.6,2.0,737.0,0.0,0.0,0.6377204884667571
12.0,6.0,6.0,0.6,0.1,0.6,2.0,734.0,0.0,0.0,0.6362397820163488
12.0,6.0,7.0,0.6,0.1,0.6,2.0,734.0,0.0,0.0,0.6362397820163488
12.0,6.0,8.0,0.6,0.1,0.6,2.0,728.0,0.0,0.0,0.6387362637362637
12.0,6.0,9.0,0.6,0.1,0.6,2.0,723.0,0.0,0.0,0.6417704011065007
12.0,6.0,10.0,0.6,0.1,0.6,2.0,716.0,0.0,0.0,0.6396648044692738
12.0,6.0,11.0,0.6,0.1,0.6,2.0,703.0,0.0,0.0,0.6458036984352774
12.0,6.0,12.0,0.6,0.1,0.6,2.0,697.0,0.0,0.0,0.6470588235294118
12.0,6.0,13.0,0.6,0.1,0.6,2.0,699.0,0.0,0.0,0.6466380543633763
12.0,6.0,14.0,0.6,0.1,0.6,2.0,694.0,0.0,0.0,0.6455331412103746
12.0,6.0,15.0,0.6,0.1,0.6,2.0,696.0,0.0,0.0,0.6451149425287356
12.0,6.0,16.0,0.6,0.1,0.6,2.0,689.0,0.0,0.0,0.6473149492017417
12.0,6.0,17.0,0.6,0.1,0.6,2.0,691.0,0.0,0.0,0.6468885672937771
12.0,6.0,18.0,0.6,0.1,0.6,2.0,684.0,0.0,0.0,0.6491228070175439
12.0,6.0,19.0,0.6,0.1,0.6,2.0,688.0,0.0,0.0,0.6482558139534884
12.0,6.0,20.0,0.6,0.1,0.6,2.0,1178.0,0.0,0.0,0.3709677419354839
12.0,6.0,21.0,0.6,0.1,0.6,2.0,1145.0,0.0,0.0,0.3720524017467249
12.0,6.0,22.0,0.6,0.1,0.6,2.0,1117.0,0.0,0.0,0.37600716204118173
12.0,6.0,23.0,0.6,0.1,0.6,2.0,1081.0,0.0,0.0,0.3792784458834413
12.0,6.0,24.0,0.6,0.1,0.6,2.0,1081.0,0.0,0.0,0.3811285846438483
12.0,6.0,25.0,0.6,0.1,0.6,2.0,1066.0,0.0,0.0,0.3799249530956848
12.0,6.0,26.0,0.6,0.1,0.6,2.0,980.0,0.0,0.0,0.38571428571428573
12.0,6.0,27.0,0.6,0.1,0.6,2.0,950.0,0.0,0.0,0.38421052631578945
12.0,6.0,28.0,0.6,0.1,0.6,2.0,913.0,0.0,0.0,0.3899233296823658
12.0,6.0,29.0,0.6,0.1,0.6,2.0,877.0,0.0,0.0,0.3933865450399088
12.0,6.0,30.0,0.6,0.1,0.6,2.0,872.0,0.0,0.0,0.3944954128440367
12.0,6.0,31.0,0.6,0.1,0.6,2.0,867.0,0.0,0.0,0.39215686274509803
12.0,6.0,32.0,0.6,0.1,0.6,2.0,852.0,0.0,0.0,0.38967136150234744
12.0,6.0,33.0,0.6,0.1,0.6,2.0,853.0,0.0,0.0,0.3892145369284877
12.0,6.0,34.0,0.6,0.1,0.6,2.0,835.0,0.0,0.0,0.39520958083832336
12.0,6.0,35.0,0.6,0.1,0.6,2.0,812.0,0.0,0.0,0.39901477832512317
12.0,6.0,36.0,0.6,0.1,0.6,2.0,793.0,0.0,0.0,0.40226986128625475
12.0,6.0,37.0,0.6,0.1,0.6,2.0,793.0,0.0,0.0,0.4010088272383354
12.0,6.0,38.0,0.6,0.1,0.6,2.0,769.0,0.0,0.0,0.4057217165149545
12.0,6.0,39.0,0.6,0.1,0.6,2.0,750.0,0.0,0.0,0.4066666666666667
12.0,6.0,40.0,0.6,0.1,0.6,2.0,751.0,0.0,0.0,0.41011984021304926
12.0,6.0,41.0,0.6,0.1,0.6,2.0,748.0,0.0,0.0,0.40641711229946526
12.0,6.0,42.0,0.6,0.1,0.6,2.0,744.0,0.0,0.0,0.40591397849462363
12.0,6.0,43.0,0.6,0.1,0.6,2.0,730.0,0.0,0.0,0.4054794520547945
12.0,6.0,44.0,0.6,0.1,0.6,2.0,717.0,0.0,0.0,0.4100418410041841
12.0,6.0,45.0,0.6,0.1,0.6,2.0,719.0,0.0,0.0,0.6411682892906815
12.0,6.0,46.0,0.6,0.1,0.6,2.0,717.0,0.0,0.0,0.6415620641562064
12.0,6.0,47.0,0.6,0.1,0.6,2.0,718.0,0.0,0.0,0.6406685236768802
12.0,6.0,48.0,0.6,0.1,0.6,2.0,716.0,0.0,0.0,0.6410614525139665
12.0,6.0,49.0,0.6,0.1,0.6,2.0,714.0,0.0,0.0,0.6414565826330533
12.0,6.0,50.0,0.6,0.1,0.6,2.0,711.0,0.0,0.0,0.639943741209564
12.0,6.0,51.0,0.6,0.1,0.6,2.0,710.0,0.0,0.0,0.6394366197183099
12.0,6.0,52.0,0.6,0.1,0.6,2.0,695.0,0.0,0.0,0.6402877697841727
12.0,7.0,1.0,0.6,0.1,0.6,2.0,696.0,0.0,0.0,0.6408045977011494
12.0,7.0,2.0,0.6,0.1,0.6,2.0,692.0,0.0,0.0,0.6416184971098265
12.0,7.0,3.0,0.6,0.1,0.6,2.0,695.0,0.0,0.0,0.641726618705036
12.0,7.0,4.0,0.6,0.1,0.6,2.0,688.0,0.0,0.0,0.6424418604651163
12.0,7.0,5.0,0.6,0.1,0.6,2.0,693.0,0.0,0.0,0.6406926406926406
12.0,7.0,6.0,0.6,0.1,0.6,2.0,687.0,0.0,0.0,0.6419213973799127
12.0,7.0,7.0,0.6,0.1,0.6,2.0,690.0,0.0,0.0,0.6405797101449275
12.0,7.0,8.0,0.6,0.1,0.6,2.0,685.0,0.0,0.0,0.6423357664233577
12.0,7.0,9.0,0.6,0.1,0.6,2.0,687.0,0.0,0.0,0.6433770014556041
12.0,7.0,10.0,0.6,0.1,0.6,2.0,683.0,0.0,0.0,0.6427525622254758
12.0,7.0,11.0,0.6,0.1,0.6,2.0,684.0,0.0,0.0,0.6418128654970761
12.0,7.0,12.0,0.6,0.1,0.6,2.0,678.0,0.0,0.0,0.644542772861357
12.0,7.0,13.0,0.6,0.1,0.6,2.0,682.0,0.0,0.0,0.6436950146627566
12.0,7.0,14.0,0.6,0.1,0.6,2.0,678.0,0.0,0.0,0.644542772861357
12.0,7.0,15.0,0.6,0.1,0.6,2.0,681.0,0.0,0.0,0.6431718061674009
12.0,7.0,16.0,0.6,0.1,0.6,2.0,677.0,0.0,0.0,0.6440177252584933
12.0,7.0,17.0,0.6,0.1,0.6,2.0,669.0,0.0,0.0,0.6442451420029895
12.0,7.0,18.0,0.6,0.1,0.6,2.0,665.0,0.0,0.0,0.6451127819548872
12.0,7.0,19.0,0.6,0.1,0.6,2.0,669.0,0.0,0.0,0.6442451420029895
12.0,7.0,20.0,0.6,0.1,0.6,2.0,1112.0,0.0,0.0,0.3857913669064748
12.0,7.0,21.0,0.6,0.1,0.6,2.0,1067.0,0.0,0.0,0.38425492033739456
12.0,7.0,22.0,0.6,0.1,0.6,2.0,1050.0,0.0,0.0,0.3914285714285714
12.0,7.0,23.0,0.6,0.1,0.6,2.0,1043.0,0.0,0.0,0.39022051773729627
12.0,7.0,24.0,0.6,0.1,0.6,2.0,1033.0,0.0,0.0,0.3920619554695063
12.0,7.0,25.0,0.6,0.1,0.6,2.0,999.0,0.0,0.0,0.3933933933933934
12.0,7.0,26.0,0.6,0.1,0.6,2.0,1005.0,0.0,0.0,0.39502487562189054
12.0,7.0,27.0,0.6,0.1,0.6,2.0,985.0,0.0,0.0,0.3928934010152284
12.0,7.0,28.0,0.6,0.1,0.6,2.0,971.0,0.0,0.0,0.39546858908341914
12.0,7.0,29.0,0.6,0.1,0.6,2.0,952.0,0.0,0.0,0.39705882352941174
12.0,7.0,30.0,0.6,0.1,0.6,2.0,920.0,0.0,0.0,0.4032608695652174
12.0,7.0,31.0,0.6,0.1,0.6,2.0,887.0,0.0,0.0,0.4036076662908681
12.0,7.0,32.0,0.6,0.1,0.6,2.0,894.0,0.0,0.0,0.40492170022371365
12.0,7.0,33.0,0.6,0.1,0.6,2.0,849.0,0.0,0.0,0.41578327444051827
12.0,7.0,34.0,0.6,0.1,0.6,2.0,829.0,0.0,0.0,0.42460796139927626
12.0,7.0,35.0,0.6,0.1,0.6,2.0,825.0,0.0,0.0,0.42303030303030303
12.0,7.0,36.0,0.6,0.1,0.6,2.0,817.0,0.0,0.0,0.4259485924112607
12.0,7.0,37.0,0.6,0.1,0.6,2.0,813.0,0.0,0.0,0.42435424354243545
12.0,7.0,38.0,0.6,0.1,0.6,2.0,816.0,0.0,0.0,0.4264705882352941
12.0,7.0,39.0,0.6,0.1,0.6,2.0,813.0,0.0,0.0,0.42435424354243545
12.0,7.0,40.0,0.6,0.1,0.6,2.0,816.0,0.0,0.0,0.4264705882352941
12.0,7.0,41.0,0.6,0.1,0.6,2.0,800.0,0.0,0.0,0.4275
12.0,7.0,42.0,0.6,0.1,0.6,2.0,789.0,0.0,0.0,0.43346007604562736
12.0,7.0,43.0,0.6,0.1,0.6,2.0,789.0,0.0,0.0,0.4309252217997465
12.0,7.0,44.0,0.6,0.1,0.6,2.0,786.0,0.0,0.0,0.43384223918575066
12.0,7.0,45.0,0.6,0.1,0.6,2.0,767.0,0.0,0.0,0.6505867014341591
12.0,7.0,46.0,0.6,0.1,0.6,2.0,764.0,0.0,0.0,0.6544502617801047
12.0,7.0,47.0,0.6,0.1,0.6,2.0,752.0,0.0,0.0,0.6542553191489362
12.0,7.0,48.0,0.6,0.1,0.6,2.0,750.0,0.0,0.0,0.6573333333333333
12.0,7.0,49.0,0.6,0.1,0.6,2.0,751.0,0.0,0.0,0.6537949400798935
12.0,7.0,50.0,0.6,0.1,0.6,2.0,749.0,0.0,0.0,0.6568758344459279
12.0,7.0,51.0,0.6,0.1,0.6,2.0,740.0,0.0,0.0,0.6513513513513514
12.0,7.0,52.0,0.6,0.1,0.6,2.0,714.0,0.0,0.0,0.665266106442577
12.0,8.0,1.0,0.6,0.1,0.6,2.0,716.0,0.0,0.0,0.6620111731843575
12.0,8.0,2.0,0.6,0.1,0.6,2.0,714.0,0.0,0.0,0.665266106442577
12.0,8.0,3.0,0.6,0.1,0.6,2.0,716.0,0.0,0.0,0.6620111731843575
12.0,8.0,4.0,0.6,0.1,0.6,2.0,714.0,0.0,0.0,0.6666666666666666
12.0,8.0,5.0,0.6,0.1,0.6,2.0,715.0,0.0,0.0,0.6629370629370629
12.0,8.0,6.0,0.6,0.1,0.6,2.0,711.0,0.0,0.0,0.6694796061884669
12.0,8.0,7.0,0.6,0.1,0.6,2.0,702.0,0.0,0.0,0.6638176638176638
12.0,8.0,8.0,0.6,0.1,0.6,2.0,696.0,0.0,0.0,0.6724137931034483
12.0,8.0,9.0,0.6,0.1,0.6,2.0,693.0,0.0,0.0,0.670995670995671
12.0,8.0,10.0,0.6,0.1,0.6,2.0,691.0,0.0,0.0,0.6758321273516642
12.0,8.0,11.0,0.6,0.1,0.6,2.0,690.0,0.0,0.0,0.6710144927536232
12.0,8.0,12.0,0.6,0.1,0.6,2.0,688.0,0.0,0.0,0.6787790697674418
12.0,8.0,13.0,0.6,0.1,0.6,2.0,692.0,0.0,0.0,0.6719653179190751
12.0,8.0,14.0,0.6,0.1,0.6,2.0,688.0,0.0,0.0,0.6802325581395349
12.0,8.0,15.0,0.6,0.1,0.6,2.0,692.0,0.0,0.0,0.6719653179190751
12.0,8.0,16.0,0.6,0.1,0.6,2.0,687.0,0.0,0.0,0.6797671033478894
12.0,8.0,17.0,0.6,0.1,0.6,2.0,691.0,0.0,0.0,0.6729377713458755
12.0,8.0,18.0,0.6,0.1,0.6,2.0,688.0,0.0,0.0,0.6802325581395349
12.0,8.0,19.0,0.6,0.1,0.6,2.0,691.0,0.0,0.0,0.6729377713458755
12.0,8.0,20.0,0.6,0.1,0.6,2.0,1280.0,0.0,0.0,0.36484375
12.0,8.0,21.0,0.6,0.1,0.6,2.0,1268.0,0.0,0.0,0.3635646687697161
12.0,8.0,22.0,0.6,0.1,0.6,2.0,1229.0,0.0,0.0,0.3677786818551668
12.0,8.0,23.0,0.6,0.1,0.6,2.0,1177.0,0.0,0.0,0.3678844519966015
12.0,8.0,24.0,0.6,0.1,0.6,2.0,1117.0,0.0,0.0,0.38495971351835273
12.0,8.0,25.0,0.6,0.1,0.6,2.0,1100.0,0.0,0.0,0.38545454545454544
12.0,8.0,26.0,0.6,0.1,0.6,2.0,1102.0,0.0,0.0,0.38838475499092556
12.0,8.0,27.0,0.6,0.1,0.6,2.0,1038.0,0.0,0.0,0.394990366088632
12.0,8.0,28.0,0.6,0.1,0.6,2.0,1043.0,0.0,0.0,0.3969319271332694
12.0,8.0,29.0,0.6,0.1,0.6,2.0,1013.0,0.0,0.0,0.3998025666337611
12.0,8.0,30.0,0.6,0.1,0.6,2.0,1003.0,0.0,0.0,0.4017946161515454
12.0,8.0,31.0,0.6,0.1,0.6,2.0,963.0,0.0,0.0,0.40602284527518173
12.0,8.0,32.0,0.6,0.1,0.6,2.0,967.0,0.0,0.0,0.4074457083764219
12.0,8.0,33.0,0.6,0.1,0.6,2.0,941.0,0.0,0.0,0.40488841657810837
12.0,8.0,34.0,0.6,0.1,0.6,2.0,938.0,0.0,0.0,0.40831556503198296
12.0,8.0,35.0,0.6,0.1,0.6,2.0,927.0,0.0,0.0,0.4045307443365696
12.0,8.0,36.0,0.6,0.1,0.6,2.0,906.0,0.0,0.0,0.4116997792494481
12.0,8.0,37.0,0.6,0.1,0.6,2.0,916.0,0.0,0.0,0.40611353711790393
12.0,8.0,38.0,0.6,0.1,0.6,2.0,890.0,0.0,0.0,0.41235955056179774
12.0,8.0,39.0,0.6,0.1,0.6,2.0,889.0,0.0,0.0,0.40832395950506184
12.0,8.0,40.0,0.6,0.1,0.6,2.0,864.0,0.0,0.0,0.41898148148148145
12.0,8.0,41.0,0.6,0.1,0.6,2.0,870.0,0.0,0.0,0.41379310344827586
12.0,8.0,42.0,0.6,0.1,0.6,2.0,849.0,0.0,0.0,0.425206124852768
12.0,8.0,43.0,0.6,0.1,0.6,2.0,837.0,0.0,0.0,0.42054958183990443
12.0,8.0,44.0,0.6,0.1,0.6,2.0,827.0,0.0,0.0,0.4268440145102781
12.0,8.0,45.0,0.6,0.1,0.6,2.0,837.0,0.0,0.0,0.6439665471923537
12.0,8.0,46.0,0.6,0.1,0.6,2.0,816.0,0.0,0.0,0.6482843137254902
12.0,8.0,47.0,0.6,0.1,0.6,2.0,814.0,0.0,0.0,0.6437346437346437
12.0,8.0,48.0,0.6,0.1,0.6,2.0,804.0,0.0,0.0,0.6480099502487562
12.0,8.0,49.0,0.6,0.1,0.6,2.0,814.0,0.0,0.0,0.6437346437346437
12.0,8.0,50.0,0.6,0.1,0.6,2.0,804.0,0.0,0.0,0.6480099502487562
12.0,8.0,51.0,0.6,0.1,0.6,2.0,802.0,0.0,0.0,0.6458852867830424
12.0,8.0,52.0,0.6,0.1,0.6,2.0,800.0,0.0,0.0,0.65
12.0,9.0,1.0,0.6,0.1,0.6,2.0,787.0,0.0,0.0,0.6480304955527318
12.0,9.0,2.0,0.6,0.1,0.6,2.0,785.0,0.0,0.0,0.6509554140127388
12.0,9.0,3.0,0.6,0.1,0.6,2.0,787.0,0.0,0.0,0.6480304955527318
12.0,9.0,4.0,0.6,0.1,0.6,2.0,774.0,0.0,0.0,0.6550387596899225
12.0,9.0,5.0,0.6,0.1,0.6,2.0,776.0,0.0,0.0,0.6520618556701031
12.0,9.0,6.0,0.6,0.1,0.6,2.0,774.0,0.0,0.0,0.6550387596899225
12.0,9.0,7.0,0.6,0.1,0.6,2.0,773.0,0.0,0.0,0.6532988357050453
12.0,9.0,8.0,0.6,0.1,0.6,2.0,759.0,0.0,0.0,0.6600790513833992
12.0,9.0,9.0,0.6,0.1,0.6,2.0,757.0,0.0,0.0,0.6591809775429326
12.0,9.0,10.0,0.6,0.1,0.6,2.0,756.0,0.0,0.0,0.66005291005291
12.0,9.0,11.0,0.6,0.1,0.6,2.0,754.0,0.0,0.0,0.6604774535809018
12.0,9.0,12.0,0.6,0.1,0.6,2.0,755.0,0.0,0.0,0.6609271523178808
12.0,9.0,13.0,0.6,0.1,0.6,2.0,752.0,0.0,0.0,0.660904255319149
12.0,9.0,14.0,0.6,0.1,0.6,2.0,754.0,0.0,0.0,0.6618037135278515
12.0,9.0,15.0,0.6,0.1,0.6,2.0,751.0,0.0,0.0,0.6617842876165113
12.0,9.0,16.0,0.6,0.1,0.6,2.0,752.0,0.0,0.0,0.660904255319149
12.0,9.0,17.0,0.6,0.1,0.6,2.0,749.0,0.0,0.0,0.6608811748998665
12.0,9.0,18.0,0.6,0.1,0.6,2.0,741.0,0.0,0.0,0.6626180836707153
12.0,9.0,19.0,0.6,0.1,0.6,2.0,737.0,0.0,0.0,0.6635006784260515
12.0,9.0,20.0,0.6,0.1,0.6,2.0,1227.0,0.0,0.0,0.38875305623471884
12.0,9.0,21.0,0.6,0.1,0.6,2.0,1168.0,0.0,0.0,0.3981164383561644
12.0,9.0,22.0,0.6,0.1,0.6,2.0,1157.0,0.0,0.0,0.40017286084701814
12.0,9.0,23.0,0.6,0.1,0.6,2.0,1156.0,0.0,0.0,0.39878892733564014
12.0,9.0,24.0,0.6,0.1,0.6,2.0,1157.0,0.0,0.0,0.40017286084701814
12.0,9.0,25.0,0.6,0.1,0.6,2.0,1117.0,0.0,0.0,0.40555058191584603
12.0,9.0,26.0,0.6,0.1,0.6,2.0,1084.0,0.0,0.0,0.41051660516605165
12.0,9.0,27.0,0.6,0.1,0.6,2.0,1067.0,0.0,0.0,0.408622305529522
12.0,9.0,28.0,0.6,0.1,0.6,2.0,1027.0,0.0,0.0,0.4118792599805258
12.0,9.0,29.0,0.6,0.1,0.6,2.0,1026.0,0.0,0.0,0.4093567251461988
12.0,9.0,30.0,0.6,0.1,0.6,2.0,1017.0,0.0,0.0,0.41297935103244837
12.0,9.0,31.0,0.6,0.1,0.6,2.0,1013.0,0.0,0.0,0.4076999012833169
12.0,9.0,32.0,0.6,0.1,0.6,2.0,1004.0,0.0,0.0,0.4113545816733068
12.0,9.0,33.0,0.6,0.1,0.6,2.0,987.0,0.0,0.0,0.41236068895643363
12.0,9.0,34.0,0.6,0.1,0.6,2.0,963.0,0.0,0.0,0.4195223260643821
12.0,9.0,35.0,0.6,0.1,0.6,2.0,960.0,0.0,0.0,0.41770833333333335
12.0,9.0,36.0,0.6,0.1,0.6,2.0,934.0,0.0,0.0,0.42184154175588867
12.0,9.0,37.0,0.6,0.1,0.6,2.0,931.0,0.0,0.0,0.41997851772287864
12.0,9.0,38.0,0.6,0.1,0.6,2.0,919.0,0.0,0.0,0.4243743199129489
12.0,9.0,39.0,0.6,0.1,0.6,2.0,917.0,0.0,0.0,0.42202835332606325
12.0,9.0,40.0,0.6,0.1,0.6,2.0,919.0,0.0,0.0,0.4243743199129489
12.0,9.0,41.0,0.6,0.1,0.6,2.0,906.0,0.0,0.0,0.4205298013245033
12.0,9.0,42.0,0.6,0.1,0.6,2.0,894.0,0.0,0.0,0.4228187919463087
12.0,9.0,43.0,0.6,0.1,0.6,2.0,892.0,0.0,0.0,0.4204035874439462
12.0,9.0,44.0,0.6,0.1,0.6,2.0,893.0,0.0,0.0,0.4232922732362822
12.0,9.0,45.0,0.6,0.1,0.6,2.0,865.0,0.0,0.0,0.6497109826589595
12.0,9.0,46.0,0.6,0.1,0.6,2.0,866.0,0.0,0.0,0.651270207852194
12.0,9.0,47.0,0.6,0.1,0.6,2.0,853.0,0.0,0.0,0.6541617819460727
12.0,9.0,48.0,0.6,0.1,0.6,2.0,843.0,0.0,0.0,0.6571767497034401
12.0,9.0,49.0,0.6,0.1,0.6,2.0,842.0,0.0,0.0,0.6555819477434679
12.0,9.0,50.0,0.6,0.1,0.6,2.0,842.0,0.0,0.0,0.6579572446555819
12.0,9.0,51.0,0.6,0.1,0.6,2.0,828.0,0.0,0.0,0.6545893719806763
12.0,9.0,52.0,0.6,0.1,0.6,2.0,828.0,0.0,0.0,0.6557971014492754
12.0,10.0,1.0,0.6,0.1,0.6,2.0,828.0,0.0,0.0,0.6545893719806763
12.0,10.0,2.0,0.6,0.1,0.6,2.0,828.0,0.0,0.0,0.6557971014492754
12.0,10.0,3.0,0.6,0.1,0.6,2.0,828.0,0.0,0.0,0.6545893719806763
12.0,10.0,4.0,0.6,0.1,0.6,2.0,828.0,0.0,0.0,0.6557971014492754
12.0,10.0,5.0,0.6,0.1,0.6,2.0,828.0,0.0,0.0,0.6545893719806763
12.0,10.0,6.0,0.6,0.1,0.6,2.0,828.0,0.0,0.0,0.6557971014492754
12.0,10.0,7.0,0.6,0.1,0.6,2.0,828.0,0.0,0.0,0.6545893719806763
12.0,10.0,8.0,0.6,0.1,0.6,2.0,826.0,0.0,0.0,0.6573849878934624
12.0,10.0,9.0,0.6,0.1,0.6,2.0,815.0,0.0,0.0,0.6625766871165644
12.0,10.0,10.0,0.6,0.1,0.6,2.0,813.0,0.0,0.0,0.6642066420664207
12.0,10.0,11.0,0.6,0.1,0.6,2.0,811.0,0.0,0.0,0.6633785450061652
12.0,10.0,12.0,0.6,0.1,0.6,2.0,812.0,0.0,0.0,0.6650246305418719
12.0,10.0,13.0,0.6,0.1,0.6,2.0,788.0,0.0,0.0,0.6687817258883249
12.0,10.0,14.0,0.6,0.1,0.6,2.0,779.0,0.0,0.0,0.6726572528883183
12.0,10.0,15.0,0.6,0.1,0.6,2.0,777.0,0.0,0.0,0.6718146718146718
12.0,10.0,16.0,0.6,0.1,0.6,2.0,779.0,0.0,0.0,0.6726572528883183
12.0,10.0,17.0,0.6,0.1,0.6,2.0,776.0,0.0,0.0,0.6713917525773195
12.0,10.0,18.0,0.6,0.1,0.6,2.0,776.0,0.0,0.0,0.6739690721649485
12.0,10.0,19.0,0.6,0.1,0.6,2.0,773.0,0.0,0.0,0.6739974126778784
12.0,10.0,20.0,0.6,0.1,0.6,2.0,1328.0,0.0,0.0,0.37650602409638556
12.0,10.0,21.0,0.6,0.1,0.6,2.0,1283.0,0.0,0.0,0.3764614185502728
12.0,10.0,22.0,0.6,0.1,0.6,2.0,1244.0,0.0,0.0,0.3770096463022508
12.0,10.0,23.0,0.6,0.1,0.6,2.0,1201.0,0.0,0.0,0.37885095753538717
12.0,10.0,24.0,0.6,0.1,0.6,2.0,1149.0,0.0,0.0,0.3838120104438642
12.0,10.0,25.0,0.6,0.1,0.6,2.0,1135.0,0.0,0.0,0.3859030837004405
12.0,10.0,26.0,0.6,0.1,0.6,2.0,1110.0,0.0,0.0,0.38828828828828826
12.0,10.0,27.0,0.6,0.1,0.6,2.0,1111.0,0.0,0.0,0.38793879387938796
12.0,10.0,28.0,0.6,0.1,0.6,2.0,1110.0,0.0,0.0,0.38828828828828826
12.0,10.0,29.0,0.6,0.1,0.6,2.0,1043.0,0.0,0.0,0.3969319271332694
12.0,10.0,30.0,0.6,0.1,0.6,2.0,1042.0,0.0,0.0,0.39923224568138194
12.0,10.0,31.0,0.6,0.1,0.6,2.0,1029.0,0.0,0.0,0.3974732750242954
12.0,10.0,32.0,0.6,0.1,0.6,2.0,1030.0,0.0,0.0,0.3990291262135922
12.0,10.0,33.0,0.6,0.1,0.6,2.0,1016.0,0.0,0.0,0.3986220472440945
12.0,10.0,34.0,0.6,0.1,0.6,2.0,985.0,0.0,0.0,0.4020304568527919
12.0,10.0,35.0,0.6,0.1,0.6,2.0,974.0,0.0,0.0,0.40349075975359344
12.0,10.0,36.0,0.6,0.1,0.6,2.0,942.0,0.0,0.0,0.40870488322717624
12.0,10.0,37.0,0.6,0.1,0.6,2.0,943.0,0.0,0.0,0.40827147401908803
12.0,10.0,38.0,0.6,0.1,0.6,2.0,929.0,0.0,0.0,0.41227125941872983
12.0,10.0,39.0,0.6,0.1,0.6,2.0,917.0,0.0,0.0,0.4122137404580153
12.0,10.0,40.0,0.6,0.1,0.6,2.0,916.0,0.0,0.0,0.4126637554585153
12.0,10.0,41.0,0.6,0.1,0.6,2.0,917.0,0.0,0.0,0.4122137404580153
12.0,10.0,42.0,0.6,0.1,0.6,2.0,906.0,0.0,0.0,0.4116997792494481
12.0,10.0,43.0,0.6,0.1,0.6,2.0,879.0,0.0,0.0,0.41865756541524457
12.0,10.0,44.0,0.6,0.1,0.6,2.0,879.0,0.0,0.0,0.4197952218430034
12.0,10.0,45.0,0.6,0.1,0.6,2.0,879.0,0.0,0.0,0.6507394766780432
12.0,10.0,46.0,0.6,0.1,0.6,2.0,866.0,0.0,0.0,0.651270207852194
12.0,10.0,47.0,0.6,0.1,0.6,2.0,866.0,0.0,0.0,0.651270207852194
12.0,10.0,48.0,0.6,0.1,0.6,2.0,866.0,0.0,0.0,0.651270207852194
12.0,10.0,49.0,0.6,0.1,0.6,2.0,855.0,0.0,0.0,0.6502923976608187
12.0,10.0,50.0,0.6,0.1,0.6,2.0,843.0,0.0,0.0,0.6512455516014235
12.0,10.0,51.0,0.6,0.1,0.6,2.0,830.0,0.0,0.0,0.6566265060240963
12.0,10.0,52.0,0.6,0.1,0.6,2.0,828.0,0.0,0.0,0.6570048309178744
13.0,1.0,1.0,0.6,0.1,0.6,2.0,5103.0,44.0,8.0,0.5929845189104448
13.0,1.0,2.0,0.6,0.1,0.6,2.0,5092.0,48.0,15.0,0.5921052631578947
13.0,1.0,3.0,0.6,0.1,0.6,2.0,4969.0,55.0,21.0,0.5910646005232442
13.0,1.0,4.0,0.6,0.1,0.6,2.0,4985.0,60.0,24.0,0.5921765295887663
13.0,1.0,5.0,0.6,0.1,0.6,2.0,5010.0,74.0,26.0,0.5932135728542914
13.0,1.0,6.0,0.6,0.1,0.6,2.0,4944.0,78.0,38.0,0.5964805825242718
13.0,1.0,7.0,0.6,0.1,0.6,2.0,4840.0,87.0,34.0,0.5952479338842975
13.0,1.0,8.0,0.6,0.1,0.6,2.0,4695.0,88.0,35.0,0.5959531416400426
13.0,1.0,9.0,0.6,0.1,0.6,2.0,4580.0,86.0,31.0,0.5975982532751092
13.0,1.0,10.0,0.6,0.1,0.6,2.0,4447.0,91.0,35.0,0.5956824825725208
13.0,1.0,11.0,0.6,0.1,0.6,2.0,4307.0,93.0,50.0,0.5948456001857442
13.0,1.0,12.0,0.6,0.1,0.6,2.0,4159.0,97.0,45.0,0.5974993988939649
13.0,1.0,13.0,0.6,0.1,0.6,2.0,4066.0,103.0,56.0,0.5998524348253812
13.0,1.0,14.0,0.6,0.1,0.6,2.0,3901.0,106.0,45.0,0.6052294283517047
13.0,1.0,15.0,0.6,0.1,0.6,2.0,3855.0,119.0,51.0,0.6088197146562905
13.0,1.0,16.0,0.6,0.1,0.6,2.0,3708.0,108.0,47.0,0.6081445523193096
13.0,1.0,17.0,0.6,0.1,0.6,2.0,3672.0,106.0,50.0,0.6124727668845316
13.0,1.0,18.0,0.6,0.1,0.6,2.0,3573.0,104.0,51.0,0.6132101875174923
13.0,1.0,19.0,0.6,0.1,0.6,2.0,3526.0,94.0,52.0,0.6182643221781055
13.0,1.0,20.0,0.6,0.1,0.6,2.0,6292.0,90.0,46.0,0.3394787031150667
13.0,1.0,21.0,0.6,0.1,0.6,2.0,5983.0,108.0,47.0,0.342804613070366
13.0,1.0,22.0,0.6,0.1,0.6,2.0,5744.0,125.0,45.0,0.3476671309192201
13.0,1.0,23.0,0.6,0.1,0.6,2.0,5604.0,151.0,51.0,0.3465381870092791
13.0,1.0,24.0,0.6,0.1,0.6,2.0,5448.0,174.0,67.0,0.35077092511013214
13.0,1.0,25.0,0.6,0.1,0.6,2.0,5161.0,202.0,83.0,0.35303235807014144
13.0,1.0,26.0,0.6,0.1,0.6,2.0,5008.0,243.0,95.0,0.35503194888178913
13.0,1.0,27.0,0.6,0.1,0.6,2.0,4728.0,257.0,94.0,0.36146362098138746
13.0,1.0,28.0,0.6,0.1,0.6,2.0,4491.0,255.0,102.0,0.3667334669338677
13.0,1.0,29.0,0.6,0.1,0.6,2.0,4310.0,251.0,118.0,0.37099767981438514
13.0,1.0,30.0,0.6,0.1,0.6,2.0,4248.0,268.0,136.0,0.3745291902071563
13.0,1.0,31.0,0.6,0.1,0.6,2.0,3944.0,251.0,118.0,0.3815922920892495
13.0,1.0,32.0,0.6,0.1,0.6,2.0,3772.0,241.0,113.0,0.3883881230116649
13.0,1.0,33.0,0.6,0.1,0.6,2.0,3631.0,224.0,95.0,0.39162765078490774
13.0,1.0,34.0,0.6,0.1,0.6,2.0,3541.0,237.0,103.0,0.3973453826602655
13.0,1.0,35.0,0.6,0.1,0.6,2.0,3453.0,243.0,111.0,0.40312771503040834
13.0,1.0,36.0,0.6,0.1,0.6,2.0,3320.0,254.0,113.0,0.40843373493975904
13.0,1.0,37.0,0.6,0.1,0.6,2.0,3198.0,242.0,107.0,0.41369606003752346
13.0,1.0,38.0,0.6,0.1,0.6,2.0,3060.0,220.0,97.0,0.4222222222222222
13.0,1.0,39.0,0.6,0.1,0.6,2.0,2930.0,210.0,101.0,0.42457337883959045
13.0,1.0,40.0,0.6,0.1,0.6,2.0,2866.0,221.0,107.0,0.43126308443824146
13.0,1.0,41.0,0.6,0.1,0.6,2.0,2767.0,220.0,108.0,0.4365739067582219
13.0,1.0,42.0,0.6,0.1,0.6,2.0,2688.0,218.0,103.0,0.44345238095238093
13.0,1.0,43.0,0.6,0.1,0.6,2.0,2600.0,199.0,95.0,0.4480769230769231
13.0,1.0,44.0,0.6,0.1,0.6,2.0,2513.0,188.0,99.0,0.4568245125348189
13.0,1.0,45.0,0.6,0.1,0.6,2.0,2394.0,171.0,89.0,0.6917293233082706
13.0,1.0,46.0,0.6,0.1,0.6,2.0,2339.0,152.0,87.0,0.6955964087216759
13.0,1.0,47.0,0.6,0.1,0.6,2.0,2269.0,133.0,74.0,0.6994270603790216
13.0,1.0,48.0,0.6,0.1,0.6,2.0,2181.0,103.0,55.0,0.7047226043099496
13.0,1.0,49.0,0.6,0.1,0.6,2.0,2149.0,90.0,54.0,0.708236389018148
13.0,1.0,50.0,0.6,0.1,0.6,2.0,2112.0,77.0,45.0,0.709280303030303
13.0,1.0,51.0,0.6,0.1,0.6,2.0,2054.0,59.0,41.0,0.7108081791626095
13.0,1.0,52.0,0.6,0.1,0.6,2.0,1995.0,52.0,32.0,0.7147869674185464
13.0,2.0,1.0,0.6,0.1,0.6,2.0,1975.0,46.0,33.0,0.7169620253164557
13.0,2.0,2.0,0.6,0.1,0.6,2.0,1948.0,35.0,23.0,0.721252566735113
13.0,2.0,3.0,0.6,0.1,0.6,2.0,1932.0,34.0,17.0,0.7246376811594203
13.0,2.0,4.0,0.6,0.1,0.6,2.0,1893.0,24.0,10.0,0.7274167987321711
13.0,2.0,5.0,0.6,0.1,0.6,2.0,1851.0,19.0,5.0,0.7271745002701242
13.0,2.0,6.0,0.6,0.1,0.6,2.0,1807.0,21.0,11.0,0.7288323187603764
13.0,2.0,7.0,0.6,0.1,0.6,2.0,1794.0,21.0,10.0,0.7279821627647715
13.0,2.0,8.0,0.6,0.1,0.6,2.0,1783.0,24.0,15.0,0.7302299495232754
13.0,2.0,9.0,0.6,0.1,0.6,2.0,1729.0,20.0,10.0,0.7316367842683632
13.0,2.0,10.0,0.6,0.1,0.6,2.0,1701.0,18.0,11.0,0.7336860670194003
13.0,2.0,11.0,0.6,0.1,0.6,2.0,1680.0,14.0,7.0,0.7363095238095239
13.0,2.0,12.0,0.6,0.1,0.6,2.0,1669.0,14.0,6.0,0.738166566806471
13.0,2.0,13.0,0.6,0.1,0.6,2.0,1654.0,11.0,7.0,0.7400241837968561
13.0,2.0,14.0,0.6,0.1,0.6,2.0,1635.0,11.0,7.0,0.7412844036697248
13.0,2.0,15.0,0.6,0.1,0.6,2.0,1616.0,13.0,7.0,0.7419554455445545
13.0,2.0,16.0,0.6,0.1,0.6,2.0,1590.0,10.0,2.0,0.7433962264150943
13.0,2.0,17.0,0.6,0.1,0.6,2.0,1538.0,9.0,4.0,0.7451235370611183
13.0,2.0,18.0,0.6,0.1,0.6,2.0,1537.0,10.0,4.0,0.7462589459986988
13.0,2.0,19.0,0.6,0.1,0.6,2.0,1487.0,13.0,5.0,0.7451244115669132
13.0,2.0,20.0,0.6,0.1,0.6,2.0,2694.0,13.0,6.0,0.41202672605790647
13.0,2.0,21.0,0.6,0.1,0.6,2.0,2535.0,26.0,6.0,0.4185404339250493
13.0,2.0,22.0,0.6,0.1,0.6,2.0,2483.0,29.0,12.0,0.4212645992750705
13.0,2.0,23.0,0.6,0.1,0.6,2.0,2431.0,36.0,11.0,0.4204031262854792
13.0,2.0,24.0,0.6,0.1,0.6,2.0,2365.0,44.0,14.0,0.42198731501057085
13.0,2.0,25.0,0.6,0.1,0.6,2.0,2246.0,40.0,14.0,0.42341941228851293
13.0,2.0,26.0,0.6,0.1,0.6,2.0,2181.0,46.0,14.0,0.4300779458963778
13.0,2.0,27.0,0.6,0.1,0.6,2.0,2110.0,51.0,19.0,0.42748815165876775
13.0,2.0,28.0,0.6,0.1,0.6,2.0,2060.0,47.0,22.0,0.4286407766990291
13.0,2.0,29.0,0.6,0.1,0.6,2.0,2016.0,39.0,24.0,0.4270833333333333
13.0,2.0,30.0,0.6,0.1,0.6,2.0,1989.0,34.0,19.0,0.4298642533936652
13.0,2.0,31.0,0.6,0.1,0.6,2.0,1917.0,34.0,19.0,0.4329681794470527
13.0,2.0,32.0,0.6,0.1,0.6,2.0,1893.0,31.0,13.0,0.4363444268357105
13.0,2.0,33.0,0.6,0.1,0.6,2.0,1861.0,27.0,12.0,0.43578721117678665
13.0,2.0,34.0,0.6,0.1,0.6,2.0,1824.0,26.0,11.0,0.4375
13.0,2.0,35.0,0.6,0.1,0.6,2.0,1782.0,27.0,11.0,0.44163860830527496
13.0,2.0,36.0,0.6,0.1,0.6,2.0,1727.0,27.0,15.0,0.4470179502026636
13.0,2.0,37.0,0.6,0.1,0.6,2.0,1705.0,33.0,15.0,0.4469208211143695
13.0,2.0,38.0,0.6,0.1,0.6,2.0,1692.0,32.0,14.0,0.44680851063829785
13.0,2.0,39.0,0.6,0.1,0.6,2.0,1665.0,27.0,12.0,0.45165165165165166
13.0,2.0,40.0,0.6,0.1,0.6,2.0,1623.0,28.0,17.0,0.45286506469500926
13.0,2.0,41.0,0.6,0.1,0.6,2.0,1558.0,33.0,17.0,0.4544287548138639
13.0,2.0,42.0,0.6,0.1,0.6,2.0,1536.0,26.0,12.0,0.45703125
13.0,2.0,43.0,0.6,0.1,0.6,2.0,1485.0,25.0,10.0,0.465993265993266
13.0,2.0,44.0,0.6,0.1,0.6,2.0,1475.0,26.0,13.0,0.46644067796610167
13.0,2.0,45.0,0.6,0.1,0.6,2.0,1437.0,28.0,16.0,0.6701461377870563
13.0,2.0,46.0,0.6,0.1,0.6,2.0,1431.0,24.0,15.0,0.6701607267645003
13.0,2.0,47.0,0.6,0.1,0.6,2.0,1406.0,22.0,16.0,0.6735419630156472
13.0,2.0,48.0,0.6,0.1,0.6,2.0,1377.0,15.0,10.0,0.673202614379085
13.0,2.0,49.0,0.6,0.1,0.6,2.0,1337.0,10.0,7.0,0.6768885564697082
13.0,2.0,50.0,0.6,0.1,0.6,2.0,1333.0,8.0,4.0,0.6751687921980495
13.0,2.0,51.0,0.6,0.1,0.6,2.0,1315.0,8.0,4.0,0.6768060836501901
13.0,2.0,52.0,0.6,0.1,0.6,2.0,1305.0,7.0,4.0,0.6758620689655173
13.0,3.0,1.0,0.6,0.1,0.6,2.0,1279.0,8.0,4.0,0.6794370602032838
13.0,3.0,2.0,0.6,0.1,0.6,2.0,1278.0,8.0,5.0,0.676056338028169
13.0,3.0,3.0,0.6,0.1,0.6,2.0,1263.0,8.0,5.0,0.6793349168646081
13.0,3.0,4.0,0.6,0.1,0.6,2.0,1249.0,8.0,5.0,0.677341873498799
13.0,3.0,5.0,0.6,0.1,0.6,2.0,1223.0,9.0,3.0,0.6811120196238757
13.0,3.0,6.0,0.6,0.1,0.6,2.0,1205.0,7.0,3.0,0.6771784232365146
13.0,3.0,7.0,0.6,0.1,0.6,2.0,1193.0,9.0,3.0,0.6839899413243923
13.0,3.0,8.0,0.6,0.1,0.6,2.0,1173.0,9.0,3.0,0.6786018755328218
13.0,3.0,9.0,0.6,0.1,0.6,2.0,1155.0,8.0,4.0,0.683982683982684
13.0,3.0,10.0,0.6,0.1,0.6,2.0,1139.0,7.0,4.0,0.6786654960491659
13.0,3.0,11.0,0.6,0.1,0.6,2.0,1121.0,8.0,4.0,0.6815343443354148
13.0,3.0,12.0,0.6,0.1,0.6,2.0,1113.0,5.0,1.0,0.6801437556154537
13.0,3.0,13.0,0.6,0.1,0.6,2.0,1104.0,4.0,2.0,0.6847826086956522
13.0,3.0,14.0,0.6,0.1,0.6,2.0,1091.0,4.0,3.0,0.6810265811182401
13.0,3.0,15.0,0.6,0.1,0.6,2.0,1081.0,4.0,3.0,0.6864014801110083
13.0,3.0,16.0,0.6,0.1,0.6,2.0,1081.0,3.0,2.0,0.6845513413506013
13.0,3.0,17.0,0.6,0.1,0.6,2.0,1054.0,3.0,1.0,0.6888045540796964
13.0,3.0,18.0,0.6,0.1,0.6,2.0,1055.0,3.0,1.0,0.6824644549763034
13.0,3.0,19.0,0.6,0.1,0.6,2.0,1040.0,3.0,0.0,0.6875
13.0,3.0,20.0,0.6,0.1,0.6,2.0,1849.0,3.0,0.0,0.38453217955651703
13.0,3.0,21.0,0.6,0.1,0.6,2.0,1693.0,3.0,1.0,0.38984051978735973
13.0,3.0,22.0,0.6,0.1,0.6,2.0,1643.0,5.0,2.0,0.39196591600730374
13.0,3.0,23.0,0.6,0.1,0.6,2.0,1569.0,3.0,1.0,0.3989802421924793
13.0,3.0,24.0,0.6,0.1,0.6,2.0,1558.0,4.0,2.0,0.3992297817715019
13.0,3.0,25.0,0.6,0.1,0.6,2.0,1517.0,6.0,1.0,0.4040870138431114
13.0,3.0,26.0,0.6,0.1,0.6,2.0,1513.0,3.0,1.0,0.403172504957039
13.0,3.0,27.0,0.6,0.1,0.6,2.0,1468.0,3.0,2.0,0.4087193460490463
13.0,3.0,28.0,0.6,0.1,0.6,2.0,1472.0,7.0,3.0,0.406929347826087
13.0,3.0,29.0,0.6,0.1,0.6,2.0,1428.0,12.0,3.0,0.4096638655462185
13.0,3.0,30.0,0.6,0.1,0.6,2.0,1375.0,13.0,2.0,0.4138181818181818
13.0,3.0,31.0,0.6,0.1,0.6,2.0,1327.0,14.0,5.0,0.4235116804822909
13.0,3.0,32.0,0.6,0.1,0.6,2.0,1315.0,20.0,6.0,0.4190114068441065
13.0,3.0,33.0,0.6,0.1,0.6,2.0,1288.0,24.0,9.0,0.4277950310559006
13.0,3.0,34.0,0.6,0.1,0.6,2.0,1281.0,25.0,10.0,0.4262295081967213
13.0,3.0,35.0,0.6,0.1,0.6,2.0,1229.0,27.0,13.0,0.42961757526444266
13.0,3.0,36.0,0.6,0.1,0.6,2.0,1218.0,23.0,16.0,0.4293924466338259
13.0,3.0,37.0,0.6,0.1,0.6,2.0,1197.0,24.0,12.0,0.4319131161236424
13.0,3.0,38.0,0.6,0.1,0.6,2.0,1169.0,24.0,8.0,0.43627031650983744
13.0,3.0,39.0,0.6,0.1,0.6,2.0,1124.0,20.0,9.0,0.4386120996441281
13.0,3.0,40.0,0.6,0.1,0.6,2.0,1114.0,24.0,12.0,0.43895870736086173
13.0,3.0,41.0,0.6,0.1,0.6,2.0,1095.0,26.0,13.0,0.4383561643835616
13.0,3.0,42.0,0.6,0.1,0.6,2.0,1065.0,26.0,9.0,0.4422535211267606
13.0,3.0,43.0,0.6,0.1,0.6,2.0,1035.0,25.0,13.0,0.4454106280193237
13.0,3.0,44.0,0.6,0.1,0.6,2.0,1022.0,24.0,11.0,0.449119373776908
13.0,3.0,45.0,0.6,0.1,0.6,2.0,1013.0,29.0,10.0,0.6515301085883515
13.0,3.0,46.0,0.6,0.1,0.6,2.0,1000.0,24.0,9.0,0.653
13.0,3.0,47.0,0.6,0.1,0.6,2.0,984.0,24.0,12.0,0.6554878048780488
13.0,3.0,48.0,0.6,0.1,0.6,2.0,968.0,20.0,13.0,0.6570247933884298
13.0,3.0,49.0,0.6,0.1,0.6,2.0,947.0,19.0,12.0,0.6589229144667371
13.0,3.0,50.0,0.6,0.1,0.6,2.0,923.0,18.0,11.0,0.6598049837486457
13.0,3.0,51.0,0.6,0.1,0.6,2.0,914.0,14.0,9.0,0.661925601750547
13.0,3.0,52.0,0.6,0.1,0.6,2.0,891.0,11.0,6.0,0.6666666666666666
13.0,4.0,1.0,0.6,0.1,0.6,2.0,876.0,9.0,6.0,0.6678082191780822
13.0,4.0,2.0,0.6,0.1,0.6,2.0,872.0,8.0,4.0,0.6708715596330275
13.0,4.0,3.0,0.6,0.1,0.6,2.0,865.0,8.0,5.0,0.6658959537572254
13.0,4.0,4.0,0.6,0.1,0.6,2.0,857.0,5.0,3.0,0.6697782963827305
13.0,4.0,5.0,0.6,0.1,0.6,2.0,847.0,5.0,4.0,0.6694214876033058
13.0,4.0,6.0,0.6,0.1,0.6,2.0,846.0,3.0,2.0,0.6713947990543735
13.0,4.0,7.0,0.6,0.1,0.6,2.0,840.0,2.0,2.0,0.6702380952380952
13.0,4.0,8.0,0.6,0.1,0.6,2.0,834.0,2.0,1.0,0.6726618705035972
13.0,4.0,9.0,0.6,0.1,0.6,2.0,826.0,2.0,1.0,0.6719128329297821
13.0,4.0,10.0,0.6,0.1,0.6,2.0,823.0,2.0,0.0,0.6731470230862697
13.0,4.0,11.0,0.6,0.1,0.6,2.0,812.0,2.0,0.0,0.6711822660098522
13.0,4.0,12.0,0.6,0.1,0.6,2.0,812.0,2.0,1.0,0.6711822660098522
13.0,4.0,13.0,0.6,0.1,0.6,2.0,804.0,4.0,1.0,0.6703980099502488
13.0,4.0,14.0,0.6,0.1,0.6,2.0,800.0,4.0,3.0,0.67375
13.0,4.0,15.0,0.6,0.1,0.6,2.0,797.0,4.0,3.0,0.6750313676286073
13.0,4.0,16.0,0.6,0.1,0.6,2.0,793.0,5.0,3.0,0.6746532156368222
13.0,4.0,17.0,0.6,0.1,0.6,2.0,789.0,5.0,2.0,0.6755386565272496
13.0,4.0,18.0,0.6,0.1,0.6,2.0,781.0,4.0,1.0,0.677336747759283
13.0,4.0,19.0,0.6,0.1,0.6,2.0,784.0,4.0,2.0,0.6760204081632653
13.0,4.0,20.0,0.6,0.1,0.6,2.0,1363.0,3.0,1.0,0.38517975055025677
13.0,4.0,21.0,0.6,0.1,0.6,2.0,1317.0,3.0,1.0,0.38648443432042523
13.0,4.0,22.0,0.6,0.1,0.6,2.0,1296.0,2.0,1.0,0.38425925925925924
13.0,4.0,23.0,0.6,0.1,0.6,2.0,1277.0,4.0,2.0,0.38684416601409555
13.0,4.0,24.0,0.6,0.1,0.6,2.0,1271.0,4.0,2.0,0.3823760818253344
13.0,4.0,25.0,0.6,0.1,0.6,2.0,1255.0,5.0,1.0,0.38725099601593627
13.0,4.0,26.0,0.6,0.1,0.6,2.0,1229.0,4.0,2.0,0.38974776240846215
13.0,4.0,27.0,0.6,0.1,0.6,2.0,1217.0,5.0,3.0,0.390304026294166
13.0,4.0,28.0,0.6,0.1,0.6,2.0,1196.0,6.0,4.0,0.391304347826087
13.0,4.0,29.0,0.6,0.1,0.6,2.0,1166.0,7.0,3.0,0.39193825042881647
13.0,4.0,30.0,0.6,0.1,0.6,2.0,1135.0,6.0,2.0,0.39559471365638765
13.0,4.0,31.0,0.6,0.1,0.6,2.0,1123.0,4.0,2.0,0.396260017809439
13.0,4.0,32.0,0.6,0.1,0.6,2.0,1111.0,4.0,2.0,0.3951395139513951
13.0,4.0,33.0,0.6,0.1,0.6,2.0,1099.0,4.0,4.0,0.39308462238398545
13.0,4.0,34.0,0.6,0.1,0.6,2.0,1084.0,6.0,3.0,0.39391143911439114
13.0,4.0,35.0,0.6,0.1,0.6,2.0,1087.0,6.0,2.0,0.3937442502299908
13.0,4.0,36.0,0.6,0.1,0.6,2.0,1059.0,4.0,1.0,0.39660056657223797
13.0,4.0,37.0,0.6,0.1,0.6,2.0,1048.0,5.0,2.0,0.3969465648854962
13.0,4.0,38.0,0.6,0.1,0.6,2.0,1010.0,5.0,4.0,0.39900990099009903
13.0,4.0,39.0,0.6,0.1,0.6,2.0,1013.0,5.0,3.0,0.39881539980256664
13.0,4.0,40.0,0.6,0.1,0.6,2.0,969.0,6.0,3.0,0.3973168214654283
13.0,4.0,41.0,0.6,0.1,0.6,2.0,956.0,4.0,0.0,0.40481171548117156
13.0,4.0,42.0,0.6,0.1,0.6,2.0,933.0,4.0,0.0,0.4062165058949625
13.0,4.0,43.0,0.6,0.1,0.6,2.0,938.0,4.0,2.0,0.40618336886993606
13.0,4.0,44.0,0.6,0.1,0.6,2.0,923.0,4.0,2.0,0.40520043336944744
13.0,4.0,45.0,0.6,0.1,0.6,2.0,929.0,4.0,3.0,0.6512378902045209
13.0,4.0,46.0,0.6,0.1,0.6,2.0,911.0,2.0,1.0,0.6498353457738749
13.0,4.0,47.0,0.6,0.1,0.6,2.0,881.0,2.0,2.0,0.6503972758229285
13.0,4.0,48.0,0.6,0.1,0.6,2.0,836.0,1.0,1.0,0.6590909090909091
13.0,4.0,49.0,0.6,0.1,0.6,2.0,818.0,1.0,1.0,0.6552567237163814
13.0,4.0,50.0,0.6,0.1,0.6,2.0,783.0,0.0,0.0,0.6564495530012772
13.0,4.0,51.0,0.6,0.1,0.6,2.0,781.0,0.0,0.0,0.6568501920614597
13.0,4.0,52.0,0.6,0.1,0.6,2.0,774.0,0.0,0.0,0.6524547803617571
13.0,5.0,1.0,0.6,0.1,0.6,2.0,770.0,0.0,0.0,0.6532467532467533
13.0,5.0,2.0,0.6,0.1,0.6,2.0,766.0,0.0,0.0,0.6514360313315927
13.0,5.0,3.0,0.6,0.1,0.6,2.0,760.0,0.0,0.0,0.6526315789473685
13.0,5.0,4.0,0.6,0.1,0.6,2.0,754.0,0.0,0.0,0.6511936339522546
13.0,5.0,5.0,0.6,0.1,0.6,2.0,745.0,0.0,0.0,0.6523489932885906
13.0,5.0,6.0,0.6,0.1,0.6,2.0,725.0,0.0,0.0,0.6524137931034483
13.0,5.0,7.0,0.6,0.1,0.6,2.0,730.0,0.0,0.0,0.6547945205479452
13.0,5.0,8.0,0.6,0.1,0.6,2.0,718.0,0.0,0.0,0.6532033426183844
13.0,5.0,9.0,0.6,0.1,0.6,2.0,721.0,0.0,0.0,0.6574202496532594
13.0,5.0,10.0,0.6,0.1,0.6,2.0,713.0,0.0,0.0,0.6535764375876578
13.0,5.0,11.0,0.6,0.1,0.6,2.0,716.0,0.0,0.0,0.6550279329608939
13.0,5.0,12.0,0.6,0.1,0.6,2.0,706.0,0.0,0.0,0.6515580736543909
13.0,5.0,13.0,0.6,0.1,0.6,2.0,708.0,0.0,0.0,0.652542372881356
13.0,5.0,14.0,0.6,0.1,0.6,2.0,700.0,0.0,0.0,0.6514285714285715
13.0,5.0,15.0,0.6,0.1,0.6,2.0,696.0,0.0,0.0,0.6566091954022989
13.0,5.0,16.0,0.6,0.1,0.6,2.0,689.0,0.0,0.0,0.6531204644412192
13.0,5.0,17.0,0.6,0.1,0.6,2.0,697.0,0.0,0.0,0.6527977044476327
13.0,5.0,18.0,0.6,0.1,0.6,2.0,685.0,0.0,0.0,0.6510948905109489
13.0,5.0,19.0,0.6,0.1,0.6,2.0,695.0,0.0,0.0,0.6517985611510791
13.0,5.0,20.0,0.6,0.1,0.6,2.0,1265.0,0.0,0.0,0.35098814229249015
13.0,5.0,21.0,0.6,0.1,0.6,2.0,1200.0,0.0,0.0,0.3591666666666667
13.0,5.0,22.0,0.6,0.1,0.6,2.0,1167.0,0.0,0.0,0.35732647814910024
13.0,5.0,23.0,0.6,0.1,0.6,2.0,1162.0,0.0,0.0,0.3614457831325301
13.0,5.0,24.0,0.6,0.1,0.6,2.0,1119.0,0.0,0.0,0.3646112600536193
13.0,5.0,25.0,0.6,0.1,0.6,2.0,1112.0,0.0,0.0,0.3669064748201439
13.0,5.0,26.0,0.6,0.1,0.6,2.0,1080.0,0.0,0.0,0.3648148148148148
13.0,5.0,27.0,0.6,0.1,0.6,2.0,1070.0,0.0,0.0,0.36822429906542054
13.0,5.0,28.0,0.6,0.1,0.6,2.0,1033.0,0.0,0.0,0.3659244917715392
13.0,5.0,29.0,0.6,0.1,0.6,2.0,1020.0,0.0,0.0,0.36666666666666664
13.0,5.0,30.0,0.6,0.1,0.6,2.0,994.0,0.0,0.0,0.36519114688128773
13.0,5.0,31.0,0.6,0.1,0.6,2.0,984.0,0.0,0.0,0.36890243902439024
13.0,5.0,32.0,0.6,0.1,0.6,2.0,947.0,0.0,0.0,0.3706441393875396
13.0,5.0,33.0,0.6,0.1,0.6,2.0,938.0,0.0,0.0,0.373134328358209
13.0,5.0,34.0,0.6,0.1,0.6,2.0,906.0,0.0,0.0,0.3675496688741722
13.0,5.0,35.0,0.6,0.1,0.6,2.0,921.0,0.0,0.0,0.36699239956568946
13.0,5.0,36.0,0.6,0.1,0.6,2.0,908.0,0.0,0.0,0.3667400881057269
13.0,5.0,37.0,0.6,0.1,0.6,2.0,880.0,0.0,0.0,0.3693181818181818
13.0,5.0,38.0,0.6,0.1,0.6,2.0,859.0,0.0,0.0,0.3690337601862631
13.0,5.0,39.0,0.6,0.1,0.6,2.0,861.0,0.0,0.0,0.3704994192799071
13.0,5.0,40.0,0.6,0.1,0.6,2.0,827.0,0.0,0.0,0.3724304715840387
13.0,5.0,41.0,0.6,0.1,0.6,2.0,827.0,0.0,0.0,0.37484885126964934
13.0,5.0,42.0,0.6,0.1,0.6,2.0,814.0,0.0,0.0,0.37346437346437344
13.0,5.0,43.0,0.6,0.1,0.6,2.0,821.0,0.0,0.0,0.37271619975639464
13.0,5.0,44.0,0.6,0.1,0.6,2.0,765.0,0.0,0.0,0.37777777777777777
13.0,5.0,45.0,0.6,0.1,0.6,2.0,766.0,0.0,0.0,0.6109660574412533
13.0,5.0,46.0,0.6,0.1,0.6,2.0,753.0,0.0,0.0,0.6108897742363878
13.0,5.0,47.0,0.6,0.1,0.6,2.0,750.0,0.0,0.0,0.6106666666666667
13.0,5.0,48.0,0.6,0.1,0.6,2.0,748.0,0.0,0.0,0.6109625668449198
13.0,5.0,49.0,0.6,0.1,0.6,2.0,746.0,0.0,0.0,0.6085790884718498
13.0,5.0,50.0,0.6,0.1,0.6,2.0,729.0,0.0,0.0,0.6117969821673526
13.0,5.0,51.0,0.6,0.1,0.6,2.0,706.0,0.0,0.0,0.6147308781869688
13.0,5.0,52.0,0.6,0.1,0.6,2.0,703.0,0.0,0.0,0.615931721194879
13.0,6.0,1.0,0.6,0.1,0.6,2.0,699.0,0.0,0.0,0.6123032904148784
13.0,6.0,2.0,0.6,0.1,0.6,2.0,684.0,0.0,0.0,0.6154970760233918
13.0,6.0,3.0,0.6,0.1,0.6,2.0,685.0,0.0,0.0,0.6131386861313869
13.0,6.0,4.0,0.6,0.1,0.6,2.0,683.0,0.0,0.0,0.6134699853587116
13.0,6.0,5.0,0.6,0.1,0.6,2.0,684.0,0.0,0.0,0.6125730994152047
13.0,6.0,6.0,0.6,0.1,0.6,2.0,679.0,0.0,0.0,0.6111929307805597
13.0,6.0,7.0,0.6,0.1,0.6,2.0,682.0,0.0,0.0,0.6114369501466276
13.0,6.0,8.0,0.6,0.1,0.6,2.0,672.0,0.0,0.0,0.6116071428571429
13.0,6.0,9.0,0.6,0.1,0.6,2.0,673.0,0.0,0.0,0.6151560178306092
13.0,6.0,10.0,0.6,0.1,0.6,2.0,657.0,0.0,0.0,0.6164383561643836
13.0,6.0,11.0,0.6,0.1,0.6,2.0,654.0,0.0,0.0,0.6207951070336392
13.0,6.0,12.0,0.6,0.1,0.6,2.0,647.0,0.0,0.0,0.6213292117465224
13.0,6.0,13.0,0.6,0.1,0.6,2.0,649.0,0.0,0.0,0.6209553158705701
13.0,6.0,14.0,0.6,0.1,0.6,2.0,646.0,0.0,0.0,0.6207430340557275
13.0,6.0,15.0,0.6,0.1,0.6,2.0,650.0,0.0,0.0,0.6215384615384615
13.0,6.0,16.0,0.6,0.1,0.6,2.0,643.0,0.0,0.0,0.6220839813374806
13.0,6.0,17.0,0.6,0.1,0.6,2.0,633.0,0.0,0.0,0.627172195892575
13.0,6.0,18.0,0.6,0.1,0.6,2.0,628.0,0.0,0.0,0.6257961783439491
13.0,6.0,19.0,0.6,0.1,0.6,2.0,631.0,0.0,0.0,0.6275752773375595
13.0,6.0,20.0,0.6,0.1,0.6,2.0,1154.0,0.0,0.0,0.341421143847487
13.0,6.0,21.0,0.6,0.1,0.6,2.0,1120.0,0.0,0.0,0.3455357142857143
13.0,6.0,22.0,0.6,0.1,0.6,2.0,1112.0,0.0,0.0,0.3426258992805755
13.0,6.0,23.0,0.6,0.1,0.6,2.0,1071.0,0.0,0.0,0.34827264239028943
13.0,6.0,24.0,0.6,0.1,0.6,2.0,1042.0,0.0,0.0,0.34644913627639157
13.0,6.0,25.0,0.6,0.1,0.6,2.0,1023.0,0.0,0.0,0.35288367546432065
13.0,6.0,26.0,0.6,0.1,0.6,2.0,1002.0,0.0,0.0,0.3532934131736527
13.0,6.0,27.0,0.6,0.1,0.6,2.0,1011.0,0.0,0.0,0.35113748763600394
13.0,6.0,28.0,0.6,0.1,0.6,2.0,982.0,0.0,0.0,0.3533604887983707
13.0,6.0,29.0,0.6,0.1,0.6,2.0,956.0,0.0,0.0,0.35564853556485354
13.0,6.0,30.0,0.6,0.1,0.6,2.0,928.0,0.0,0.0,0.3620689655172414
13.0,6.0,31.0,0.6,0.1,0.6,2.0,930.0,0.0,0.0,0.36236559139784946
13.0,6.0,32.0,0.6,0.1,0.6,2.0,909.0,0.0,0.0,0.36523652365236525
13.0,6.0,33.0,0.6,0.1,0.6,2.0,920.0,0.0,0.0,0.36195652173913045
13.0,6.0,34.0,0.6,0.1,0.6,2.0,893.0,0.0,0.0,0.3639417693169093
13.0,6.0,35.0,0.6,0.1,0.6,2.0,890.0,0.0,0.0,0.36067415730337077
13.0,6.0,36.0,0.6,0.1,0.6,2.0,876.0,0.0,0.0,0.363013698630137
13.0,6.0,37.0,0.6,0.1,0.6,2.0,866.0,0.0,0.0,0.36605080831408776
13.0,6.0,38.0,0.6,0.1,0.6,2.0,865.0,0.0,0.0,0.3606936416184971
13.0,6.0,39.0,0.6,0.1,0.6,2.0,864.0,0.0,0.0,0.3645833333333333
13.0,6.0,40.0,0.6,0.1,0.6,2.0,859.0,0.0,0.0,0.3620488940628638
13.0,6.0,41.0,0.6,0.1,0.6,2.0,862.0,0.0,0.0,0.3654292343387471
13.0,6.0,42.0,0.6,0.1,0.6,2.0,828.0,0.0,0.0,0.3635265700483092
13.0,6.0,43.0,0.6,0.1,0.6,2.0,828.0,0.0,0.0,0.36594202898550726
13.0,6.0,44.0,0.6,0.1,0.6,2.0,799.0,0.0,0.0,0.36545682102628285
13.0,6.0,45.0,0.6,0.1,0.6,2.0,798.0,0.0,0.0,0.6015037593984962
13.0,6.0,46.0,0.6,0.1,0.6,2.0,798.0,0.0,0.0,0.5977443609022557
13.0,6.0,47.0,0.6,0.1,0.6,2.0,786.0,0.0,0.0,0.6043256997455471
13.0,6.0,48.0,0.6,0.1,0.6,2.0,776.0,0.0,0.0,0.6056701030927835
13.0,6.0,49.0,0.6,0.1,0.6,2.0,772.0,0.0,0.0,0.6088082901554405
13.0,6.0,50.0,0.6,0.1,0.6,2.0,766.0,0.0,0.0,0.608355091383812
13.0,6.0,51.0,0.6,0.1,0.6,2.0,759.0,0.0,0.0,0.613965744400527
13.0,6.0,52.0,0.6,0.1,0.6,2.0,761.0,0.0,0.0,0.607095926412615
13.0,7.0,1.0,0.6,0.1,0.6,2.0,755.0,0.0,0.0,0.6119205298013245
13.0,7.0,2.0,0.6,0.1,0.6,2.0,761.0,0.0,0.0,0.607095926412615
13.0,7.0,3.0,0.6,0.1,0.6,2.0,752.0,0.0,0.0,0.6117021276595744
13.0,7.0,4.0,0.6,0.1,0.6,2.0,755.0,0.0,0.0,0.6066225165562914
13.0,7.0,5.0,0.6,0.1,0.6,2.0,736.0,0.0,0.0,0.6141304347826086
13.0,7.0,6.0,0.6,0.1,0.6,2.0,741.0,0.0,0.0,0.6099865047233468
13.0,7.0,7.0,0.6,0.1,0.6,2.0,721.0,0.0,0.0,0.6227461858529819
13.0,7.0,8.0,0.6,0.1,0.6,2.0,723.0,0.0,0.0,0.6168741355463347
13.0,7.0,9.0,0.6,0.1,0.6,2.0,691.0,0.0,0.0,0.6237337192474675
13.0,7.0,10.0,0.6,0.1,0.6,2.0,692.0,0.0,0.0,0.6213872832369942
13.0,7.0,11.0,0.6,0.1,0.6,2.0,686.0,0.0,0.0,0.6268221574344023
13.0,7.0,12.0,0.6,0.1,0.6,2.0,685.0,0.0,0.0,0.6233576642335766
13.0,7.0,13.0,0.6,0.1,0.6,2.0,682.0,0.0,0.0,0.626099706744868
13.0,7.0,14.0,0.6,0.1,0.6,2.0,680.0,0.0,0.0,0.6235294117647059
13.0,7.0,15.0,0.6,0.1,0.6,2.0,679.0,0.0,0.0,0.6288659793814433
13.0,7.0,16.0,0.6,0.1,0.6,2.0,681.0,0.0,0.0,0.6226138032305433
13.0,7.0,17.0,0.6,0.1,0.6,2.0,676.0,0.0,0.0,0.628698224852071
13.0,7.0,18.0,0.6,0.1,0.6,2.0,680.0,0.0,0.0,0.6235294117647059
13.0,7.0,19.0,0.6,0.1,0.6,2.0,678.0,0.0,0.0,0.6283185840707964
13.0,7.0,20.0,0.6,0.1,0.6,2.0,1211.0,0.0,0.0,0.34847233691164325
13.0,7.0,21.0,0.6,0.1,0.6,2.0,1200.0,0.0,0.0,0.35
13.0,7.0,22.0,0.6,0.1,0.6,2.0,1190.0,0.0,0.0,0.34789915966386553
13.0,7.0,23.0,0.6,0.1,0.6,2.0,1183.0,0.0,0.0,0.3499577345731192
13.0,7.0,24.0,0.6,0.1,0.6,2.0,1162.0,0.0,0.0,0.35370051635111877
13.0,7.0,25.0,0.6,0.1,0.6,2.0,1132.0,0.0,0.0,0.35600706713780916
13.0,7.0,26.0,0.6,0.1,0.6,2.0,1095.0,0.0,0.0,0.35707762557077627
13.0,7.0,27.0,0.6,0.1,0.6,2.0,1091.0,0.0,0.0,0.3593033913840513
13.0,7.0,28.0,0.6,0.1,0.6,2.0,1065.0,0.0,0.0,0.36338028169014086
13.0,7.0,29.0,0.6,0.1,0.6,2.0,1054.0,0.0,0.0,0.36717267552182165
13.0,7.0,30.0,0.6,0.1,0.6,2.0,1043.0,0.0,0.0,0.36720997123681687
13.0,7.0,31.0,0.6,0.1,0.6,2.0,1009.0,0.0,0.0,0.3686818632309217
13.0,7.0,32.0,0.6,0.1,0.6,2.0,973.0,0.0,0.0,0.3699897225077081
13.0,7.0,33.0,0.6,0.1,0.6,2.0,966.0,0.0,0.0,0.37577639751552794
13.0,7.0,34.0,0.6,0.1,0.6,2.0,961.0,0.0,0.0,0.372528616024974
13.0,7.0,35.0,0.6,0.1,0.6,2.0,951.0,0.0,0.0,0.3732912723449001
13.0,7.0,36.0,0.6,0.1,0.6,2.0,940.0,0.0,0.0,0.36914893617021277
13.0,7.0,37.0,0.6,0.1,0.6,2.0,879.0,0.0,0.0,0.36973833902161546
13.0,7.0,38.0,0.6,0.1,0.6,2.0,884.0,0.0,0.0,0.36877828054298645
13.0,7.0,39.0,0.6,0.1,0.6,2.0,873.0,0.0,0.0,0.36884306987399773
13.0,7.0,40.0,0.6,0.1,0.6,2.0,880.0,0.0,0.0,0.3693181818181818
13.0,7.0,41.0,0.6,0.1,0.6,2.0,861.0,0.0,0.0,0.3704994192799071
13.0,7.0,42.0,0.6,0.1,0.6,2.0,869.0,0.0,0.0,0.36823935558112775
13.0,7.0,43.0,0.6,0.1,0.6,2.0,832.0,0.0,0.0,0.3737980769230769
13.0,7.0,44.0,0.6,0.1,0.6,2.0,820.0,0.0,0.0,0.37926829268292683
13.0,7.0,45.0,0.6,0.1,0.6,2.0,786.0,0.0,0.0,0.638676844783715
13.0,7.0,46.0,0.6,0.1,0.6,2.0,782.0,0.0,0.0,0.639386189258312
13.0,7.0,47.0,0.6,0.1,0.6,2.0,771.0,0.0,0.0,0.6394293125810635
13.0,7.0,48.0,0.6,0.1,0.6,2.0,781.0,0.0,0.0,0.6389244558258643
13.0,7.0,49.0,0.6,0.1,0.6,2.0,766.0,0.0,0.0,0.6409921671018277
13.0,7.0,50.0,0.6,0.1,0.6,2.0,752.0,0.0,0.0,0.6502659574468085
13.0,7.0,51.0,0.6,0.1,0.6,2.0,736.0,0.0,0.0,0.6494565217391305
13.0,7.0,52.0,0.6,0.1,0.6,2.0,751.0,0.0,0.0,0.6498002663115846
13.0,8.0,1.0,0.6,0.1,0.6,2.0,734.0,0.0,0.0,0.6498637602179836
13.0,8.0,2.0,0.6,0.1,0.6,2.0,748.0,0.0,0.0,0.6524064171122995
13.0,8.0,3.0,0.6,0.1,0.6,2.0,732.0,0.0,0.0,0.6516393442622951
13.0,8.0,4.0,0.6,0.1,0.6,2.0,734.0,0.0,0.0,0.6525885558583107
13.0,8.0,5.0,0.6,0.1,0.6,2.0,720.0,0.0,0.0,0.65
13.0,8.0,6.0,0.6,0.1,0.6,2.0,732.0,0.0,0.0,0.6516393442622951
13.0,8.0,7.0,0.6,0.1,0.6,2.0,718.0,0.0,0.0,0.6504178272980501
13.0,8.0,8.0,0.6,0.1,0.6,2.0,726.0,0.0,0.0,0.6542699724517906
13.0,8.0,9.0,0.6,0.1,0.6,2.0,703.0,0.0,0.0,0.65149359886202
13.0,8.0,10.0,0.6,0.1,0.6,2.0,713.0,0.0,0.0,0.6549789621318373
13.0,8.0,11.0,0.6,0.1,0.6,2.0,697.0,0.0,0.0,0.6527977044476327
13.0,8.0,12.0,0.6,0.1,0.6,2.0,689.0,0.0,0.0,0.6647314949201741
13.0,8.0,13.0,0.6,0.1,0.6,2.0,679.0,0.0,0.0,0.6597938144329897
13.0,8.0,14.0,0.6,0.1,0.6,2.0,684.0,0.0,0.0,0.6652046783625731
13.0,8.0,15.0,0.6,0.1,0.6,2.0,675.0,0.0,0.0,0.6622222222222223
13.0,8.0,16.0,0.6,0.1,0.6,2.0,683.0,0.0,0.0,0.664714494875549
13.0,8.0,17.0,0.6,0.1,0.6,2.0,677.0,0.0,0.0,0.6587887740029542
13.0,8.0,18.0,0.6,0.1,0.6,2.0,681.0,0.0,0.0,0.6666666666666666
13.0,8.0,19.0,0.6,0.1,0.6,2.0,676.0,0.0,0.0,0.6597633136094675
13.0,8.0,20.0,0.6,0.1,0.6,2.0,1172.0,0.0,0.0,0.38054607508532423
13.0,8.0,21.0,0.6,0.1,0.6,2.0,1106.0,0.0,0.0,0.38788426763110306
13.0,8.0,22.0,0.6,0.1,0.6,2.0,1088.0,0.0,0.0,0.39338235294117646
13.0,8.0,23.0,0.6,0.1,0.6,2.0,1044.0,0.0,0.0,0.3975095785440613
13.0,8.0,24.0,0.6,0.1,0.6,2.0,1036.0,0.0,0.0,0.39864864864864863
13.0,8.0,25.0,0.6,0.1,0.6,2.0,1008.0,0.0,0.0,0.4037698412698413
13.0,8.0,26.0,0.6,0.1,0.6,2.0,995.0,0.0,0.0,0.4040201005025126
13.0,8.0,27.0,0.6,0.1,0.6,2.0,979.0,0.0,0.0,0.40551583248212464
13.0,8.0,28.0,0.6,0.1,0.6,2.0,956.0,0.0,0.0,0.40794979079497906
13.0,8.0,29.0,0.6,0.1,0.6,2.0,937.0,0.0,0.0,0.4087513340448239
13.0,8.0,30.0,0.6,0.1,0.6,2.0,941.0,0.0,0.0,0.410201912858661
13.0,8.0,31.0,0.6,0.1,0.6,2.0,919.0,0.0,0.0,0.41131664853101196
13.0,8.0,32.0,0.6,0.1,0.6,2.0,919.0,0.0,0.0,0.41131664853101196
13.0,8.0,33.0,0.6,0.1,0.6,2.0,899.0,0.0,0.0,0.41268075639599555
13.0,8.0,34.0,0.6,0.1,0.6,2.0,902.0,0.0,0.0,0.4124168514412417
13.0,8.0,35.0,0.6,0.1,0.6,2.0,884.0,0.0,0.0,0.41855203619909503
13.0,8.0,36.0,0.6,0.1,0.6,2.0,889.0,0.0,0.0,0.41732283464566927
13.0,8.0,37.0,0.6,0.1,0.6,2.0,877.0,0.0,0.0,0.42303306727480045
13.0,8.0,38.0,0.6,0.1,0.6,2.0,860.0,0.0,0.0,0.4232558139534884
13.0,8.0,39.0,0.6,0.1,0.6,2.0,856.0,0.0,0.0,0.4252336448598131
13.0,8.0,40.0,0.6,0.1,0.6,2.0,849.0,0.0,0.0,0.4216725559481743
13.0,8.0,41.0,0.6,0.1,0.6,2.0,843.0,0.0,0.0,0.4199288256227758
13.0,8.0,42.0,0.6,0.1,0.6,2.0,849.0,0.0,0.0,0.42285041224970554
13.0,8.0,43.0,0.6,0.1,0.6,2.0,842.0,0.0,0.0,0.42161520190023755
13.0,8.0,44.0,0.6,0.1,0.6,2.0,850.0,0.0,0.0,0.4223529411764706
13.0,8.0,45.0,0.6,0.1,0.6,2.0,841.0,0.0,0.0,0.6801426872770512
13.0,8.0,46.0,0.6,0.1,0.6,2.0,808.0,0.0,0.0,0.6856435643564357
13.0,8.0,47.0,0.6,0.1,0.6,2.0,788.0,0.0,0.0,0.6878172588832487
13.0,8.0,48.0,0.6,0.1,0.6,2.0,795.0,0.0,0.0,0.6855345911949685
13.0,8.0,49.0,0.6,0.1,0.6,2.0,782.0,0.0,0.0,0.6879795396419437
13.0,8.0,50.0,0.6,0.1,0.6,2.0,779.0,0.0,0.0,0.6893453145057766
13.0,8.0,51.0,0.6,0.1,0.6,2.0,774.0,0.0,0.0,0.6912144702842378
13.0,8.0,52.0,0.6,0.1,0.6,2.0,781.0,0.0,0.0,0.6888604353393086
13.0,9.0,1.0,0.6,0.1,0.6,2.0,775.0,0.0,0.0,0.6903225806451613
13.0,9.0,2.0,0.6,0.1,0.6,2.0,783.0,0.0,0.0,0.6896551724137931
13.0,9.0,3.0,0.6,0.1,0.6,2.0,775.0,0.0,0.0,0.6916129032258065
13.0,9.0,4.0,0.6,0.1,0.6,2.0,779.0,0.0,0.0,0.6906290115532734
13.0,9.0,5.0,0.6,0.1,0.6,2.0,772.0,0.0,0.0,0.6917098445595855
13.0,9.0,6.0,0.6,0.1,0.6,2.0,778.0,0.0,0.0,0.6915167095115681
13.0,9.0,7.0,0.6,0.1,0.6,2.0,771.0,0.0,0.0,0.6926070038910506
13.0,9.0,8.0,0.6,0.1,0.6,2.0,779.0,0.0,0.0,0.693196405648267
13.0,9.0,9.0,0.6,0.1,0.6,2.0,772.0,0.0,0.0,0.6930051813471503
13.0,9.0,10.0,0.6,0.1,0.6,2.0,771.0,0.0,0.0,0.695201037613489
13.0,9.0,11.0,0.6,0.1,0.6,2.0,770.0,0.0,0.0,0.6948051948051948
13.0,9.0,12.0,0.6,0.1,0.6,2.0,768.0,0.0,0.0,0.6953125
13.0,9.0,13.0,0.6,0.1,0.6,2.0,762.0,0.0,0.0,0.6981627296587927
13.0,9.0,14.0,0.6,0.1,0.6,2.0,759.0,0.0,0.0,0.7009222661396575
13.0,9.0,15.0,0.6,0.1,0.6,2.0,757.0,0.0,0.0,0.6974900924702774
13.0,9.0,16.0,0.6,0.1,0.6,2.0,762.0,0.0,0.0,0.7007874015748031
13.0,9.0,17.0,0.6,0.1,0.6,2.0,757.0,0.0,0.0,0.6974900924702774
13.0,9.0,18.0,0.6,0.1,0.6,2.0,766.0,0.0,0.0,0.6984334203655352
13.0,9.0,19.0,0.6,0.1,0.6,2.0,757.0,0.0,0.0,0.6988110964332893
13.0,9.0,20.0,0.6,0.1,0.6,2.0,1280.0,0.0,0.0,0.40078125
13.0,9.0,21.0,0.6,0.1,0.6,2.0,1277.0,0.0,0.0,0.4009397024275646
13.0,9.0,22.0,0.6,0.1,0.6,2.0,1267.0,0.0,0.0,0.40173638516179955
13.0,9.0,23.0,0.6,0.1,0.6,2.0,1250.0,0.0,0.0,0.4056
13.0,9.0,24.0,0.6,0.1,0.6,2.0,1230.0,0.0,0.0,0.408130081300813
13.0,9.0,25.0,0.6,0.1,0.6,2.0,1139.0,0.0,0.0,0.417910447761194
13.0,9.0,26.0,0.6,0.1,0.6,2.0,1147.0,0.0,0.0,0.41935483870967744
13.0,9.0,27.0,0.6,0.1,0.6,2.0,1132.0,0.0,0.0,0.41872791519434627
13.0,9.0,28.0,0.6,0.1,0.6,2.0,1095.0,0.0,0.0,0.4237442922374429
13.0,9.0,29.0,0.6,0.1,0.6,2.0,1087.0,0.0,0.0,0.42318307267709293
13.0,9.0,30.0,0.6,0.1,0.6,2.0,1095.0,0.0,0.0,0.4237442922374429
13.0,9.0,31.0,0.6,0.1,0.6,2.0,1043.0,0.0,0.0,0.4304889741131352
13.0,9.0,32.0,0.6,0.1,0.6,2.0,1038.0,0.0,0.0,0.430635838150289
13.0,9.0,33.0,0.6,0.1,0.6,2.0,996.0,0.0,0.0,0.4367469879518072
13.0,9.0,34.0,0.6,0.1,0.6,2.0,1000.0,0.0,0.0,0.436
13.0,9.0,35.0,0.6,0.1,0.6,2.0,993.0,0.0,0.0,0.43705941591137965
13.0,9.0,36.0,0.6,0.1,0.6,2.0,984.0,0.0,0.0,0.43902439024390244
13.0,9.0,37.0,0.6,0.1,0.6,2.0,976.0,0.0,0.0,0.4405737704918033
13.0,9.0,38.0,0.6,0.1,0.6,2.0,977.0,0.0,0.0,0.4390992835209826
13.0,9.0,39.0,0.6,0.1,0.6,2.0,957.0,0.0,0.0,0.4440961337513062
13.0,9.0,40.0,0.6,0.1,0.6,2.0,945.0,0.0,0.0,0.44761904761904764
13.0,9.0,41.0,0.6,0.1,0.6,2.0,947.0,0.0,0.0,0.44878563885955647
13.0,9.0,42.0,0.6,0.1,0.6,2.0,942.0,0.0,0.0,0.44798301486199577
13.0,9.0,43.0,0.6,0.1,0.6,2.0,946.0,0.0,0.0,0.44714587737843553
13.0,9.0,44.0,0.6,0.1,0.6,2.0,942.0,0.0,0.0,0.445859872611465
13.0,9.0,45.0,0.6,0.1,0.6,2.0,946.0,0.0,0.0,0.6606765327695561
13.0,9.0,46.0,0.6,0.1,0.6,2.0,934.0,0.0,0.0,0.6595289079229122
13.0,9.0,47.0,0.6,0.1,0.6,2.0,913.0,0.0,0.0,0.6681270536692223
13.0,9.0,48.0,0.6,0.1,0.6,2.0,905.0,0.0,0.0,0.6662983425414365
13.0,9.0,49.0,0.6,0.1,0.6,2.0,906.0,0.0,0.0,0.6677704194260485
13.0,9.0,50.0,0.6,0.1,0.6,2.0,914.0,0.0,0.0,0.6663019693654267
13.0,9.0,51.0,0.6,0.1,0.6,2.0,881.0,0.0,0.0,0.6662883087400681
13.0,9.0,52.0,0.6,0.1,0.6,2.0,890.0,0.0,0.0,0.6674157303370787
13.0,10.0,1.0,0.6,0.1,0.6,2.0,886.0,0.0,0.0,0.6681715575620768
13.0,10.0,2.0,0.6,0.1,0.6,2.0,887.0,0.0,0.0,0.6662908680947013
13.0,10.0,3.0,0.6,0.1,0.6,2.0,883.0,0.0,0.0,0.6681766704416761
13.0,10.0,4.0,0.6,0.1,0.6,2.0,886.0,0.0,0.0,0.6681715575620768
13.0,10.0,5.0,0.6,0.1,0.6,2.0,884.0,0.0,0.0,0.669683257918552
13.0,10.0,6.0,0.6,0.1,0.6,2.0,873.0,0.0,0.0,0.6701030927835051
13.0,10.0,7.0,0.6,0.1,0.6,2.0,869.0,0.0,0.0,0.6708860759493671
13.0,10.0,8.0,0.6,0.1,0.6,2.0,865.0,0.0,0.0,0.6705202312138728
13.0,10.0,9.0,0.6,0.1,0.6,2.0,869.0,0.0,0.0,0.6720368239355581
13.0,10.0,10.0,0.6,0.1,0.6,2.0,862.0,0.0,0.0,0.6740139211136891
13.0,10.0,11.0,0.6,0.1,0.6,2.0,860.0,0.0,0.0,0.6767441860465117
13.0,10.0,12.0,0.6,0.1,0.6,2.0,859.0,0.0,0.0,0.6786961583236322
13.0,10.0,13.0,0.6,0.1,0.6,2.0,844.0,0.0,0.0,0.6777251184834123
13.0,10.0,14.0,0.6,0.1,0.6,2.0,838.0,0.0,0.0,0.6801909307875895
13.0,10.0,15.0,0.6,0.1,0.6,2.0,842.0,0.0,0.0,0.6781472684085511
13.0,10.0,16.0,0.6,0.1,0.6,2.0,838.0,0.0,0.0,0.6825775656324582
13.0,10.0,17.0,0.6,0.1,0.6,2.0,843.0,0.0,0.0,0.6785290628706999
13.0,10.0,18.0,0.6,0.1,0.6,2.0,838.0,0.0,0.0,0.6825775656324582
13.0,10.0,19.0,0.6,0.1,0.6,2.0,838.0,0.0,0.0,0.6813842482100239
13.0,10.0,20.0,0.6,0.1,0.6,2.0,1512.0,0.0,0.0,0.36177248677248675
13.0,10.0,21.0,0.6,0.1,0.6,2.0,1397.0,0.0,0.0,0.37365783822476734
13.0,10.0,22.0,0.6,0.1,0.6,2.0,1365.0,0.0,0.0,0.3728937728937729
13.0,10.0,23.0,0.6,0.1,0.6,2.0,1299.0,0.0,0.0,0.37952270977675134
13.0,10.0,24.0,0.6,0.1,0.6,2.0,1282.0,0.0,0.0,0.3790951638065523
13.0,10.0,25.0,0.6,0.1,0.6,2.0,1195.0,0.0,0.0,0.39497907949790795
13.0,10.0,26.0,0.6,0.1,0.6,2.0,1185.0,0.0,0.0,0.389873417721519
13.0,10.0,27.0,0.6,0.1,0.6,2.0,1118.0,0.0,0.0,0.39713774597495527
13.0,10.0,28.0,0.6,0.1,0.6,2.0,1146.0,0.0,0.0,0.39179755671902267
13.0,10.0,29.0,0.6,0.1,0.6,2.0,1114.0,0.0,0.0,0.39587073608617596
13.0,10.0,30.0,0.6,0.1,0.6,2.0,1105.0,0.0,0.0,0.39638009049773754
13.0,10.0,31.0,0.6,0.1,0.6,2.0,1053.0,0.0,0.0,0.402659069325736
13.0,10.0,32.0,0.6,0.1,0.6,2.0,1072.0,0.0,0.0,0.3983208955223881
13.0,10.0,33.0,0.6,0.1,0.6,2.0,1034.0,0.0,0.0,0.3994197292069632
13.0,10.0,34.0,0.6,0.1,0.6,2.0,1033.0,0.0,0.0,0.3969022265246854
13.0,10.0,35.0,0.6,0.1,0.6,2.0,1008.0,0.0,0.0,0.4027777777777778
13.0,10.0,36.0,0.6,0.1,0.6,2.0,1025.0,0.0,0.0,0.39902439024390246
13.0,10.0,37.0,0.6,0.1,0.6,2.0,977.0,0.0,0.0,0.4083930399181167
13.0,10.0,38.0,0.6,0.1,0.6,2.0,1000.0,0.0,0.0,0.401
13.0,10.0,39.0,0.6,0.1,0.6,2.0,949.0,0.0,0.0,0.4130663856691254
13.0,10.0,40.0,0.6,0.1,0.6,2.0,961.0,0.0,0.0,0.40894901144641
13.0,10.0,41.0,0.6,0.1,0.6,2.0,948.0,0.0,0.0,0.41244725738396626
13.0,10.0,42.0,0.6,0.1,0.6,2.0,939.0,0.0,0.0,0.41214057507987223
13.0,10.0,43.0,0.6,0.1,0.6,2.0,920.0,0.0,0.0,0.41847826086956524
13.0,10.0,44.0,0.6,0.1,0.6,2.0,927.0,0.0,0.0,0.4120819848975189
13.0,10.0,45.0,0.6,0.1,0.6,2.0,888.0,0.0,0.0,0.6587837837837838
13.0,10.0,46.0,0.6,0.1,0.6,2.0,909.0,0.0,0.0,0.6501650165016502
13.0,10.0,47.0,0.6,0.1,0.6,2.0,887.0,0.0,0.0,0.6550169109357384
13.0,10.0,48.0,0.6,0.1,0.6,2.0,909.0,0.0,0.0,0.6501650165016502
13.0,10.0,49.0,0.6,0.1,0.6,2.0,880.0,0.0,0.0,0.6590909090909091
13.0,10.0,50.0,0.6,0.1,0.6,2.0,907.0,0.0,0.0,0.6527012127894156
13.0,10.0,51.0,0.6,0.1,0.6,2.0,891.0,0.0,0.0,0.6554433221099888
13.0,10.0,52.0,0.6,0.1,0.6,2.0,903.0,0.0,0.0,0.6522702104097453
14.0,1.0,1.0,0.6,0.1,0.6,2.0,5263.0,56.0,12.0,0.5971879156374691
14.0,1.0,2.0,0.6,0.1,0.6,2.0,5224.0,57.0,24.0,0.597052067381317
14.0,1.0,3.0,0.6,0.1,0.6,2.0,5146.0,84.0,36.0,0.5958025650991061
14.0,1.0,4.0,0.6,0.1,0.6,2.0,5109.0,80.0,28.0,0.5995302407516148
14.0,1.0,5.0,0.6,0.1,0.6,2.0,5158.0,81.0,37.0,0.6019775106630477
14.0,1.0,6.0,0.6,0.1,0.6,2.0,5023.0,93.0,41.0,0.6034242484570973
14.0,1.0,7.0,0.6,0.1,0.6,2.0,4863.0,109.0,53.0,0.6053876208101995
14.0,1.0,8.0,0.6,0.1,0.6,2.0,4694.0,118.0,46.0,0.6082232637409459
14.0,1.0,9.0,0.6,0.1,0.6,2.0,4574.0,112.0,46.0,0.6093135111499781
14.0,1.0,10.0,0.6,0.1,0.6,2.0,4453.0,101.0,48.0,0.611497866606782
14.0,1.0,11.0,0.6,0.1,0.6,2.0,4259.0,94.0,50.0,0.614698285982625
14.0,1.0,12.0,0.6,0.1,0.6,2.0,4123.0,91.0,44.0,0.6150861023526558
14.0,1.0,13.0,0.6,0.1,0.6,2.0,3973.0,86.0,41.0,0.6161590737477977
14.0,1.0,14.0,0.6,0.1,0.6,2.0,3857.0,83.0,37.0,0.6178376976925072
14.0,1.0,15.0,0.6,0.1,0.6,2.0,3779.0,77.0,41.0,0.6186821910558349
14.0,1.0,16.0,0.6,0.1,0.6,2.0,3682.0,71.0,32.0,0.6216730038022814
14.0,1.0,17.0,0.6,0.1,0.6,2.0,3578.0,74.0,36.0,0.6221352711011738
14.0,1.0,18.0,0.6,0.1,0.6,2.0,3489.0,65.0,29.0,0.6253940957294354
14.0,1.0,19.0,0.6,0.1,0.6,2.0,3406.0,63.0,36.0,0.6277157956547269
14.0,1.0,20.0,0.6,0.1,0.6,2.0,6298.0,56.0,33.0,0.329946014607812
14.0,1.0,21.0,0.6,0.1,0.6,2.0,5924.0,88.0,32.0,0.3340648210668467
14.0,1.0,22.0,0.6,0.1,0.6,2.0,5666.0,107.0,28.0,0.33515707730321215
14.0,1.0,23.0,0.6,0.1,0.6,2.0,5408.0,120.0,41.0,0.33838757396449703
14.0,1.0,24.0,0.6,0.1,0.6,2.0,5143.0,125.0,44.0,0.3404627649231966
14.0,1.0,25.0,0.6,0.1,0.6,2.0,4904.0,136.0,58.0,0.34543230016313214
14.0,1.0,26.0,0.6,0.1,0.6,2.0,4730.0,121.0,47.0,0.347568710359408
14.0,1.0,27.0,0.6,0.1,0.6,2.0,4617.0,136.0,57.0,0.3508771929824561
14.0,1.0,28.0,0.6,0.1,0.6,2.0,4424.0,136.0,53.0,0.35375226039783003
14.0,1.0,29.0,0.6,0.1,0.6,2.0,4342.0,145.0,57.0,0.35766927683095345
14.0,1.0,30.0,0.6,0.1,0.6,2.0,4164.0,151.0,61.0,0.3628722382324688
14.0,1.0,31.0,0.6,0.1,0.6,2.0,4061.0,155.0,63.0,0.3659197242058606
14.0,1.0,32.0,0.6,0.1,0.6,2.0,3926.0,163.0,75.0,0.37137035150280184
14.0,1.0,33.0,0.6,0.1,0.6,2.0,3780.0,160.0,71.0,0.37513227513227515
14.0,1.0,34.0,0.6,0.1,0.6,2.0,3593.0,157.0,77.0,0.37851377678819925
14.0,1.0,35.0,0.6,0.1,0.6,2.0,3516.0,162.0,80.0,0.38139931740614336
14.0,1.0,36.0,0.6,0.1,0.6,2.0,3364.0,147.0,68.0,0.3855529131985731
14.0,1.0,37.0,0.6,0.1,0.6,2.0,3250.0,135.0,66.0,0.39076923076923076
14.0,1.0,38.0,0.6,0.1,0.6,2.0,3156.0,126.0,49.0,0.39638783269961975
14.0,1.0,39.0,0.6,0.1,0.6,2.0,3082.0,119.0,58.0,0.40136275146009087
14.0,1.0,40.0,0.6,0.1,0.6,2.0,2973.0,114.0,58.0,0.4066599394550959
14.0,1.0,41.0,0.6,0.1,0.6,2.0,2853.0,103.0,60.0,0.40904311251314407
14.0,1.0,42.0,0.6,0.1,0.6,2.0,2736.0,92.0,48.0,0.4141081871345029
14.0,1.0,43.0,0.6,0.1,0.6,2.0,2664.0,91.0,51.0,0.42004504504504503
14.0,1.0,44.0,0.6,0.1,0.6,2.0,2564.0,92.0,41.0,0.4243369734789392
14.0,1.0,45.0,0.6,0.1,0.6,2.0,2527.0,90.0,42.0,0.6521567075583696
14.0,1.0,46.0,0.6,0.1,0.6,2.0,2473.0,81.0,36.0,0.6530529720986656
14.0,1.0,47.0,0.6,0.1,0.6,2.0,2367.0,75.0,36.0,0.65694972539079
14.0,1.0,48.0,0.6,0.1,0.6,2.0,2277.0,67.0,35.0,0.6574440052700923
14.0,1.0,49.0,0.6,0.1,0.6,2.0,2251.0,60.0,38.0,0.6597067969791204
14.0,1.0,50.0,0.6,0.1,0.6,2.0,2172.0,58.0,40.0,0.6634438305709024
14.0,1.0,51.0,0.6,0.1,0.6,2.0,2139.0,45.0,29.0,0.6666666666666666
14.0,1.0,52.0,0.6,0.1,0.6,2.0,2078.0,33.0,21.0,0.6679499518768046
14.0,2.0,1.0,0.6,0.1,0.6,2.0,2069.0,28.0,15.0,0.6718221362977284
14.0,2.0,2.0,0.6,0.1,0.6,2.0,2000.0,23.0,13.0,0.675
14.0,2.0,3.0,0.6,0.1,0.6,2.0,2002.0,19.0,10.0,0.6758241758241759
14.0,2.0,4.0,0.6,0.1,0.6,2.0,1932.0,14.0,7.0,0.677536231884058
14.0,2.0,5.0,0.6,0.1,0.6,2.0,1924.0,14.0,10.0,0.6798336798336798
14.0,2.0,6.0,0.6,0.1,0.6,2.0,1885.0,12.0,6.0,0.6816976127320955
14.0,2.0,7.0,0.6,0.1,0.6,2.0,1874.0,9.0,6.0,0.6819637139807898
14.0,2.0,8.0,0.6,0.1,0.6,2.0,1846.0,6.0,4.0,0.6841820151679306
14.0,2.0,9.0,0.6,0.1,0.6,2.0,1805.0,8.0,6.0,0.6858725761772854
14.0,2.0,10.0,0.6,0.1,0.6,2.0,1752.0,6.0,5.0,0.6877853881278538
14.0,2.0,11.0,0.6,0.1,0.6,2.0,1739.0,4.0,3.0,0.6883266244968372
14.0,2.0,12.0,0.6,0.1,0.6,2.0,1701.0,2.0,2.0,0.689594356261023
14.0,2.0,13.0,0.6,0.1,0.6,2.0,1686.0,2.0,1.0,0.6874258600237247
14.0,2.0,14.0,0.6,0.1,0.6,2.0,1666.0,2.0,2.0,0.687875150060024
14.0,2.0,15.0,0.6,0.1,0.6,2.0,1660.0,1.0,1.0,0.6867469879518072
14.0,2.0,16.0,0.6,0.1,0.6,2.0,1645.0,1.0,1.0,0.686322188449848
14.0,2.0,17.0,0.6,0.1,0.6,2.0,1647.0,0.0,0.0,0.6860959319975714
14.0,2.0,18.0,0.6,0.1,0.6,2.0,1617.0,0.0,0.0,0.686456400742115
14.0,2.0,19.0,0.6,0.1,0.6,2.0,1595.0,0.0,0.0,0.6852664576802507
14.0,2.0,20.0,0.6,0.1,0.6,2.0,2855.0,0.0,0.0,0.380385288966725
14.0,2.0,21.0,0.6,0.1,0.6,2.0,2807.0,0.0,0.0,0.38190238688991807
14.0,2.0,22.0,0.6,0.1,0.6,2.0,2697.0,0.0,0.0,0.38153503893214685
14.0,2.0,23.0,0.6,0.1,0.6,2.0,2608.0,0.0,0.0,0.3845858895705521
14.0,2.0,24.0,0.6,0.1,0.6,2.0,2556.0,0.0,0.0,0.3884976525821596
14.0,2.0,25.0,0.6,0.1,0.6,2.0,2513.0,0.0,0.0,0.3863907680063669
14.0,2.0,26.0,0.6,0.1,0.6,2.0,2453.0,0.0,0.0,0.39054219323277617
14.0,2.0,27.0,0.6,0.1,0.6,2.0,2367.0,0.0,0.0,0.39036755386565275
14.0,2.0,28.0,0.6,0.1,0.6,2.0,2288.0,0.0,0.0,0.3937937062937063
14.0,2.0,29.0,0.6,0.1,0.6,2.0,2237.0,0.0,0.0,0.39293696915511844
14.0,2.0,30.0,0.6,0.1,0.6,2.0,2126.0,0.0,0.0,0.39840075258701785
14.0,2.0,31.0,0.6,0.1,0.6,2.0,2055.0,0.0,0.0,0.4029197080291971
14.0,2.0,32.0,0.6,0.1,0.6,2.0,1980.0,0.0,0.0,0.402020202020202
14.0,2.0,33.0,0.6,0.1,0.6,2.0,1960.0,0.0,0.0,0.40153061224489794
14.0,2.0,34.0,0.6,0.1,0.6,2.0,1858.0,0.0,0.0,0.4025834230355221
14.0,2.0,35.0,0.6,0.1,0.6,2.0,1826.0,0.0,0.0,0.40470974808324206
14.0,2.0,36.0,0.6,0.1,0.6,2.0,1731.0,0.0,0.0,0.4095898324667822
14.0,2.0,37.0,0.6,0.1,0.6,2.0,1707.0,0.0,0.0,0.4083186877562976
14.0,2.0,38.0,0.6,0.1,0.6,2.0,1676.0,0.0,0.0,0.4087112171837709
14.0,2.0,39.0,0.6,0.1,0.6,2.0,1656.0,0.0,0.0,0.40700483091787437
14.0,2.0,40.0,0.6,0.1,0.6,2.0,1621.0,0.0,0.0,0.4096236890808143
14.0,2.0,41.0,0.6,0.1,0.6,2.0,1606.0,0.0,0.0,0.40971357409713577
14.0,2.0,42.0,0.6,0.1,0.6,2.0,1548.0,0.0,0.0,0.41537467700258396
14.0,2.0,43.0,0.6,0.1,0.6,2.0,1546.0,0.0,0.0,0.41461836998706336
14.0,2.0,44.0,0.6,0.1,0.6,2.0,1504.0,0.0,0.0,0.4162234042553192
14.0,2.0,45.0,0.6,0.1,0.6,2.0,1497.0,0.0,0.0,0.6579826319305278
14.0,2.0,46.0,0.6,0.1,0.6,2.0,1461.0,0.0,0.0,0.6591375770020534
14.0,2.0,47.0,0.6,0.1,0.6,2.0,1454.0,0.0,0.0,0.6595598349381018
14.0,2.0,48.0,0.6,0.1,0.6,2.0,1417.0,0.0,0.0,0.6577275935074101
14.0,2.0,49.0,0.6,0.1,0.6,2.0,1397.0,0.0,0.0,0.6592698639942735
14.0,2.0,50.0,0.6,0.1,0.6,2.0,1381.0,0.0,0.0,0.6553222302679218
14.0,2.0,51.0,0.6,0.1,0.6,2.0,1326.0,0.0,0.0,0.6568627450980392
14.0,2.0,52.0,0.6,0.1,0.6,2.0,1306.0,0.0,0.0,0.6592649310872895
14.0,3.0,1.0,0.6,0.1,0.6,2.0,1299.0,0.0,0.0,0.657428791377983
14.0,3.0,2.0,0.6,0.1,0.6,2.0,1294.0,0.0,0.0,0.6584234930448223
14.0,3.0,3.0,0.6,0.1,0.6,2.0,1285.0,0.0,0.0,0.6575875486381323
14.0,3.0,4.0,0.6,0.1,0.6,2.0,1281.0,0.0,0.0,0.6565183450429352
14.0,3.0,5.0,0.6,0.1,0.6,2.0,1260.0,0.0,0.0,0.6547619047619048
14.0,3.0,6.0,0.6,0.1,0.6,2.0,1235.0,0.0,0.0,0.6534412955465587
14.0,3.0,7.0,0.6,0.1,0.6,2.0,1222.0,0.0,0.0,0.6513911620294599
14.0,3.0,8.0,0.6,0.1,0.6,2.0,1205.0,0.0,0.0,0.6522821576763486
14.0,3.0,9.0,0.6,0.1,0.6,2.0,1155.0,0.0,0.0,0.6528138528138528
14.0,3.0,10.0,0.6,0.1,0.6,2.0,1127.0,0.0,0.0,0.6548358473824313
14.0,3.0,11.0,0.6,0.1,0.6,2.0,1110.0,0.0,0.0,0.6522522522522523
14.0,3.0,12.0,0.6,0.1,0.6,2.0,1098.0,0.0,0.0,0.6502732240437158
14.0,3.0,13.0,0.6,0.1,0.6,2.0,1089.0,0.0,0.0,0.650137741046832
14.0,3.0,14.0,0.6,0.1,0.6,2.0,1087.0,0.0,0.0,0.6504139834406624
14.0,3.0,15.0,0.6,0.1,0.6,2.0,1057.0,0.0,0.0,0.6490066225165563
14.0,3.0,16.0,0.6,0.1,0.6,2.0,1054.0,0.0,0.0,0.6499051233396584
14.0,3.0,17.0,0.6,0.1,0.6,2.0,1034.0,0.0,0.0,0.6508704061895552
14.0,3.0,18.0,0.6,0.1,0.6,2.0,1034.0,0.0,0.0,0.6499032882011605
14.0,3.0,19.0,0.6,0.1,0.6,2.0,1024.0,0.0,0.0,0.6513671875
14.0,3.0,20.0,0.6,0.1,0.6,2.0,1795.0,0.0,0.0,0.3671309192200557
14.0,3.0,21.0,0.6,0.1,0.6,2.0,1679.0,0.0,0.0,0.3650982727814175
14.0,3.0,22.0,0.6,0.1,0.6,2.0,1609.0,0.0,0.0,0.36917339962709755
14.0,3.0,23.0,0.6,0.1,0.6,2.0,1585.0,0.0,0.0,0.37097791798107255
14.0,3.0,24.0,0.6,0.1,0.6,2.0,1564.0,0.0,0.0,0.3695652173913043
14.0,3.0,25.0,0.6,0.1,0.6,2.0,1504.0,0.0,0.0,0.3690159574468085
14.0,3.0,26.0,0.6,0.1,0.6,2.0,1484.0,0.0,0.0,0.3706199460916442
14.0,3.0,27.0,0.6,0.1,0.6,2.0,1425.0,0.0,0.0,0.37473684210526315
14.0,3.0,28.0,0.6,0.1,0.6,2.0,1366.0,0.0,0.0,0.37920937042459735
14.0,3.0,29.0,0.6,0.1,0.6,2.0,1324.0,0.0,0.0,0.3821752265861027
14.0,3.0,30.0,0.6,0.1,0.6,2.0,1287.0,0.0,0.0,0.3853923853923854
14.0,3.0,31.0,0.6,0.1,0.6,2.0,1279.0,0.0,0.0,0.3846755277560594
14.0,3.0,32.0,0.6,0.1,0.6,2.0,1253.0,0.0,0.0,0.3862729449321628
14.0,3.0,33.0,0.6,0.1,0.6,2.0,1225.0,0.0,0.0,0.3877551020408163
14.0,3.0,34.0,0.6,0.1,0.6,2.0,1200.0,0.0,0.0,0.38666666666666666
14.0,3.0,35.0,0.6,0.1,0.6,2.0,1206.0,0.0,0.0,0.3864013266998342
14.0,3.0,36.0,0.6,0.1,0.6,2.0,1149.0,0.0,0.0,0.38990426457789384
14.0,3.0,37.0,0.6,0.1,0.6,2.0,1151.0,0.0,0.0,0.39009556907037357
14.0,3.0,38.0,0.6,0.1,0.6,2.0,1144.0,0.0,0.0,0.38986013986013984
14.0,3.0,39.0,0.6,0.1,0.6,2.0,1107.0,0.0,0.0,0.3875338753387534
14.0,3.0,40.0,0.6,0.1,0.6,2.0,1096.0,0.0,0.0,0.38594890510948904
14.0,3.0,41.0,0.6,0.1,0.6,2.0,1064.0,0.0,0.0,0.3919172932330827
14.0,3.0,42.0,0.6,0.1,0.6,2.0,1046.0,0.0,0.0,0.39101338432122373
14.0,3.0,43.0,0.6,0.1,0.6,2.0,1034.0,0.0,0.0,0.3916827852998066
14.0,3.0,44.0,0.6,0.1,0.6,2.0,1025.0,0.0,0.0,0.3902439024390244
14.0,3.0,45.0,0.6,0.1,0.6,2.0,1010.0,0.0,0.0,0.6405940594059406
14.0,3.0,46.0,0.6,0.1,0.6,2.0,1005.0,0.0,0.0,0.6368159203980099
14.0,3.0,47.0,0.6,0.1,0.6,2.0,999.0,0.0,0.0,0.6406406406406406
14.0,3.0,48.0,0.6,0.1,0.6,2.0,981.0,0.0,0.0,0.6381243628950051
14.0,3.0,49.0,0.6,0.1,0.6,2.0,976.0,0.0,0.0,0.6424180327868853
14.0,3.0,50.0,0.6,0.1,0.6,2.0,965.0,0.0,0.0,0.6373056994818653
14.0,3.0,51.0,0.6,0.1,0.6,2.0,966.0,0.0,0.0,0.6376811594202898
14.0,3.0,52.0,0.6,0.1,0.6,2.0,948.0,0.0,0.0,0.6360759493670886
14.0,4.0,1.0,0.6,0.1,0.6,2.0,947.0,0.0,0.0,0.6388595564941922
14.0,4.0,2.0,0.6,0.1,0.6,2.0,936.0,0.0,0.0,0.6367521367521367
14.0,4.0,3.0,0.6,0.1,0.6,2.0,944.0,0.0,0.0,0.6377118644067796
14.0,4.0,4.0,0.6,0.1,0.6,2.0,936.0,0.0,0.0,0.6346153846153846
14.0,4.0,5.0,0.6,0.1,0.6,2.0,933.0,0.0,0.0,0.6366559485530546
14.0,4.0,6.0,0.6,0.1,0.6,2.0,913.0,0.0,0.0,0.6352683461117196
14.0,4.0,7.0,0.6,0.1,0.6,2.0,914.0,0.0,0.0,0.6356673960612691
14.0,4.0,8.0,0.6,0.1,0.6,2.0,900.0,0.0,0.0,0.6355555555555555
14.0,4.0,9.0,0.6,0.1,0.6,2.0,895.0,0.0,0.0,0.6357541899441341
14.0,4.0,10.0,0.6,0.1,0.6,2.0,888.0,0.0,0.0,0.6351351351351351
14.0,4.0,11.0,0.6,0.1,0.6,2.0,887.0,0.0,0.0,0.6347237880496054
14.0,4.0,12.0,0.6,0.1,0.6,2.0,886.0,0.0,0.0,0.6331828442437923
14.0,4.0,13.0,0.6,0.1,0.6,2.0,873.0,0.0,0.0,0.6334478808705613
14.0,4.0,14.0,0.6,0.1,0.6,2.0,871.0,0.0,0.0,0.6314580941446614
14.0,4.0,15.0,0.6,0.1,0.6,2.0,855.0,0.0,0.0,0.6280701754385964
14.0,4.0,16.0,0.6,0.1,0.6,2.0,852.0,0.0,0.0,0.6267605633802817
14.0,4.0,17.0,0.6,0.1,0.6,2.0,850.0,0.0,0.0,0.6270588235294118
14.0,4.0,18.0,0.6,0.1,0.6,2.0,849.0,0.0,0.0,0.6254416961130742
14.0,4.0,19.0,0.6,0.1,0.6,2.0,847.0,0.0,0.0,0.6269185360094451
14.0,4.0,20.0,0.6,0.1,0.6,2.0,1550.0,0.0,0.0,0.3412903225806452
14.0,4.0,21.0,0.6,0.1,0.6,2.0,1538.0,0.0,0.0,0.3420026007802341
14.0,4.0,22.0,0.6,0.1,0.6,2.0,1474.0,0.0,0.0,0.34531886024423336
14.0,4.0,23.0,0.6,0.1,0.6,2.0,1467.0,0.0,0.0,0.3449216087252897
14.0,4.0,24.0,0.6,0.1,0.6,2.0,1410.0,0.0,0.0,0.349645390070922
14.0,4.0,25.0,0.6,0.1,0.6,2.0,1382.0,0.0,0.0,0.35021707670043417
14.0,4.0,26.0,0.6,0.1,0.6,2.0,1361.0,0.0,0.0,0.3541513592946363
14.0,4.0,27.0,0.6,0.1,0.6,2.0,1330.0,0.0,0.0,0.3548872180451128
14.0,4.0,28.0,0.6,0.1,0.6,2.0,1318.0,0.0,0.0,0.3558421851289833
14.0,4.0,29.0,0.6,0.1,0.6,2.0,1265.0,0.0,0.0,0.36047430830039523
14.0,4.0,30.0,0.6,0.1,0.6,2.0,1265.0,0.0,0.0,0.36047430830039523
14.0,4.0,31.0,0.6,0.1,0.6,2.0,1232.0,0.0,0.0,0.36038961038961037
14.0,4.0,32.0,0.6,0.1,0.6,2.0,1199.0,0.0,0.0,0.3628023352793995
14.0,4.0,33.0,0.6,0.1,0.6,2.0,1176.0,0.0,0.0,0.3673469387755102
14.0,4.0,34.0,0.6,0.1,0.6,2.0,1151.0,0.0,0.0,0.37098175499565594
14.0,4.0,35.0,0.6,0.1,0.6,2.0,1100.0,0.0,0.0,0.37545454545454543
14.0,4.0,36.0,0.6,0.1,0.6,2.0,1090.0,0.0,0.0,0.37339449541284403
14.0,4.0,37.0,0.6,0.1,0.6,2.0,1061.0,0.0,0.0,0.3770028275212064
14.0,4.0,38.0,0.6,0.1,0.6,2.0,1044.0,0.0,0.0,0.3764367816091954
14.0,4.0,39.0,0.6,0.1,0.6,2.0,1014.0,0.0,0.0,0.3777120315581854
14.0,4.0,40.0,0.6,0.1,0.6,2.0,1001.0,0.0,0.0,0.3776223776223776
14.0,4.0,41.0,0.6,0.1,0.6,2.0,981.0,0.0,0.0,0.381243628950051
14.0,4.0,42.0,0.6,0.1,0.6,2.0,945.0,0.0,0.0,0.382010582010582
14.0,4.0,43.0,0.6,0.1,0.6,2.0,936.0,0.0,0.0,0.3803418803418803
14.0,4.0,44.0,0.6,0.1,0.6,2.0,912.0,0.0,0.0,0.38048245614035087
14.0,4.0,45.0,0.6,0.1,0.6,2.0,912.0,0.0,0.0,0.618421052631579
14.0,4.0,46.0,0.6,0.1,0.6,2.0,906.0,0.0,0.0,0.6181015452538632
14.0,4.0,47.0,0.6,0.1,0.6,2.0,904.0,0.0,0.0,0.6172566371681416
14.0,4.0,48.0,0.6,0.1,0.6,2.0,895.0,0.0,0.0,0.6156424581005586
14.0,4.0,49.0,0.6,0.1,0.6,2.0,885.0,0.0,0.0,0.6180790960451977
14.0,4.0,50.0,0.6,0.1,0.6,2.0,885.0,0.0,0.0,0.6169491525423729
14.0,4.0,51.0,0.6,0.1,0.6,2.0,871.0,0.0,0.0,0.6199770378874856
14.0,4.0,52.0,0.6,0.1,0.6,2.0,865.0,0.0,0.0,0.6184971098265896
14.0,5.0,1.0,0.6,0.1,0.6,2.0,836.0,0.0,0.0,0.618421052631579
14.0,5.0,2.0,0.6,0.1,0.6,2.0,818.0,0.0,0.0,0.6136919315403423
14.0,5.0,3.0,0.6,0.1,0.6,2.0,816.0,0.0,0.0,0.6139705882352942
14.0,5.0,4.0,0.6,0.1,0.6,2.0,803.0,0.0,0.0,0.613947696139477
14.0,5.0,5.0,0.6,0.1,0.6,2.0,799.0,0.0,0.0,0.6145181476846058
14.0,5.0,6.0,0.6,0.1,0.6,2.0,794.0,0.0,0.0,0.6120906801007556
14.0,5.0,7.0,0.6,0.1,0.6,2.0,782.0,0.0,0.0,0.6150895140664961
14.0,5.0,8.0,0.6,0.1,0.6,2.0,768.0,0.0,0.0,0.6171875
14.0,5.0,9.0,0.6,0.1,0.6,2.0,768.0,0.0,0.0,0.6184895833333334
14.0,5.0,10.0,0.6,0.1,0.6,2.0,765.0,0.0,0.0,0.6183006535947713
14.0,5.0,11.0,0.6,0.1,0.6,2.0,766.0,0.0,0.0,0.618798955613577
14.0,5.0,12.0,0.6,0.1,0.6,2.0,763.0,0.0,0.0,0.6186107470511141
14.0,5.0,13.0,0.6,0.1,0.6,2.0,761.0,0.0,0.0,0.6176084099868594
14.0,5.0,14.0,0.6,0.1,0.6,2.0,758.0,0.0,0.0,0.6160949868073878
14.0,5.0,15.0,0.6,0.1,0.6,2.0,746.0,0.0,0.0,0.6193029490616622
14.0,5.0,16.0,0.6,0.1,0.6,2.0,744.0,0.0,0.0,0.6196236559139785
14.0,5.0,17.0,0.6,0.1,0.6,2.0,733.0,0.0,0.0,0.6248294679399727
14.0,5.0,18.0,0.6,0.1,0.6,2.0,731.0,0.0,0.0,0.6238030095759234
14.0,5.0,19.0,0.6,0.1,0.6,2.0,729.0,0.0,0.0,0.6227709190672154
14.0,5.0,20.0,0.6,0.1,0.6,2.0,1303.0,0.0,0.0,0.3476592478894858
14.0,5.0,21.0,0.6,0.1,0.6,2.0,1259.0,0.0,0.0,0.35186656076250994
14.0,5.0,22.0,0.6,0.1,0.6,2.0,1217.0,0.0,0.0,0.35497124075595726
14.0,5.0,23.0,0.6,0.1,0.6,2.0,1184.0,0.0,0.0,0.35557432432432434
14.0,5.0,24.0,0.6,0.1,0.6,2.0,1157.0,0.0,0.0,0.35695764909248057
14.0,5.0,25.0,0.6,0.1,0.6,2.0,1139.0,0.0,0.0,0.35645302897278314
14.0,5.0,26.0,0.6,0.1,0.6,2.0,1127.0,0.0,0.0,0.35581188997338065
14.0,5.0,27.0,0.6,0.1,0.6,2.0,1122.0,0.0,0.0,0.35472370766488415
14.0,5.0,28.0,0.6,0.1,0.6,2.0,1092.0,0.0,0.0,0.35714285714285715
14.0,5.0,29.0,0.6,0.1,0.6,2.0,1067.0,0.0,0.0,0.3570759137769447
14.0,5.0,30.0,0.6,0.1,0.6,2.0,1041.0,0.0,0.0,0.3573487031700288
14.0,5.0,31.0,0.6,0.1,0.6,2.0,979.0,0.0,0.0,0.36363636363636365
14.0,5.0,32.0,0.6,0.1,0.6,2.0,957.0,0.0,0.0,0.361546499477534
14.0,5.0,33.0,0.6,0.1,0.6,2.0,939.0,0.0,0.0,0.36421725239616615
14.0,5.0,34.0,0.6,0.1,0.6,2.0,938.0,0.0,0.0,0.36673773987206826
14.0,5.0,35.0,0.6,0.1,0.6,2.0,909.0,0.0,0.0,0.37403740374037403
14.0,5.0,36.0,0.6,0.1,0.6,2.0,896.0,0.0,0.0,0.37388392857142855
14.0,5.0,37.0,0.6,0.1,0.6,2.0,887.0,0.0,0.0,0.3754227733934611
14.0,5.0,38.0,0.6,0.1,0.6,2.0,882.0,0.0,0.0,0.3764172335600907
14.0,5.0,39.0,0.6,0.1,0.6,2.0,861.0,0.0,0.0,0.37746806039488967
14.0,5.0,40.0,0.6,0.1,0.6,2.0,835.0,0.0,0.0,0.3784431137724551
14.0,5.0,41.0,0.6,0.1,0.6,2.0,814.0,0.0,0.0,0.3796068796068796
14.0,5.0,42.0,0.6,0.1,0.6,2.0,803.0,0.0,0.0,0.37982565379825656
14.0,5.0,43.0,0.6,0.1,0.6,2.0,788.0,0.0,0.0,0.38071065989847713
14.0,5.0,44.0,0.6,0.1,0.6,2.0,791.0,0.0,0.0,0.3805309734513274
14.0,5.0,45.0,0.6,0.1,0.6,2.0,782.0,0.0,0.0,0.629156010230179
14.0,5.0,46.0,0.6,0.1,0.6,2.0,787.0,0.0,0.0,0.6289707750952986
14.0,5.0,47.0,0.6,0.1,0.6,2.0,780.0,0.0,0.0,0.6282051282051282
14.0,5.0,48.0,0.6,0.1,0.6,2.0,756.0,0.0,0.0,0.6322751322751323
14.0,5.0,49.0,0.6,0.1,0.6,2.0,746.0,0.0,0.0,0.6327077747989276
14.0,5.0,50.0,0.6,0.1,0.6,2.0,750.0,0.0,0.0,0.632
14.0,5.0,51.0,0.6,0.1,0.6,2.0,742.0,0.0,0.0,0.6320754716981132
14.0,5.0,52.0,0.6,0.1,0.6,2.0,745.0,0.0,0.0,0.6322147651006711
14.0,6.0,1.0,0.6,0.1,0.6,2.0,736.0,0.0,0.0,0.6345108695652174
14.0,6.0,2.0,0.6,0.1,0.6,2.0,739.0,0.0,0.0,0.6332882273342354
14.0,6.0,3.0,0.6,0.1,0.6,2.0,733.0,0.0,0.0,0.6316507503410641
14.0,6.0,4.0,0.6,0.1,0.6,2.0,737.0,0.0,0.0,0.6309362279511533
14.0,6.0,5.0,0.6,0.1,0.6,2.0,726.0,0.0,0.0,0.6294765840220385
14.0,6.0,6.0,0.6,0.1,0.6,2.0,731.0,0.0,0.0,0.6292749658002736
14.0,6.0,7.0,0.6,0.1,0.6,2.0,723.0,0.0,0.0,0.627939142461964
14.0,6.0,8.0,0.6,0.1,0.6,2.0,724.0,0.0,0.0,0.6325966850828729
14.0,6.0,9.0,0.6,0.1,0.6,2.0,717.0,0.0,0.0,0.6317991631799164
14.0,6.0,10.0,0.6,0.1,0.6,2.0,720.0,0.0,0.0,0.6333333333333333
14.0,6.0,11.0,0.6,0.1,0.6,2.0,715.0,0.0,0.0,0.6321678321678321
14.0,6.0,12.0,0.6,0.1,0.6,2.0,720.0,0.0,0.0,0.6333333333333333
14.0,6.0,13.0,0.6,0.1,0.6,2.0,713.0,0.0,0.0,0.6311360448807855
14.0,6.0,14.0,0.6,0.1,0.6,2.0,715.0,0.0,0.0,0.6321678321678321
14.0,6.0,15.0,0.6,0.1,0.6,2.0,710.0,0.0,0.0,0.6309859154929578
14.0,6.0,16.0,0.6,0.1,0.6,2.0,704.0,0.0,0.0,0.6335227272727273
14.0,6.0,17.0,0.6,0.1,0.6,2.0,696.0,0.0,0.0,0.6307471264367817
14.0,6.0,18.0,0.6,0.1,0.6,2.0,702.0,0.0,0.0,0.6324786324786325
14.0,6.0,19.0,0.6,0.1,0.6,2.0,686.0,0.0,0.0,0.6326530612244898
14.0,6.0,20.0,0.6,0.1,0.6,2.0,1183.0,0.0,0.0,0.3626373626373626
14.0,6.0,21.0,0.6,0.1,0.6,2.0,1131.0,0.0,0.0,0.3651635720601238
14.0,6.0,22.0,0.6,0.1,0.6,2.0,1082.0,0.0,0.0,0.37153419593345655
14.0,6.0,23.0,0.6,0.1,0.6,2.0,1006.0,0.0,0.0,0.3697813121272366
14.0,6.0,24.0,0.6,0.1,0.6,2.0,991.0,0.0,0.0,0.37336024217961655
14.0,6.0,25.0,0.6,0.1,0.6,2.0,969.0,0.0,0.0,0.37254901960784315
14.0,6.0,26.0,0.6,0.1,0.6,2.0,956.0,0.0,0.0,0.3786610878661088
14.0,6.0,27.0,0.6,0.1,0.6,2.0,919.0,0.0,0.0,0.3797606093579978
14.0,6.0,28.0,0.6,0.1,0.6,2.0,911.0,0.0,0.0,0.38419319429198684
14.0,6.0,29.0,0.6,0.1,0.6,2.0,892.0,0.0,0.0,0.3834080717488789
14.0,6.0,30.0,0.6,0.1,0.6,2.0,878.0,0.0,0.0,0.38838268792710706
14.0,6.0,31.0,0.6,0.1,0.6,2.0,873.0,0.0,0.0,0.38717067583046966
14.0,6.0,32.0,0.6,0.1,0.6,2.0,857.0,0.0,0.0,0.3908984830805134
14.0,6.0,33.0,0.6,0.1,0.6,2.0,849.0,0.0,0.0,0.38987043580683156
14.0,6.0,34.0,0.6,0.1,0.6,2.0,845.0,0.0,0.0,0.39289940828402364
14.0,6.0,35.0,0.6,0.1,0.6,2.0,845.0,0.0,0.0,0.3893491124260355
14.0,6.0,36.0,0.6,0.1,0.6,2.0,830.0,0.0,0.0,0.39036144578313253
14.0,6.0,37.0,0.6,0.1,0.6,2.0,830.0,0.0,0.0,0.38795180722891565
14.0,6.0,38.0,0.6,0.1,0.6,2.0,825.0,0.0,0.0,0.3890909090909091
14.0,6.0,39.0,0.6,0.1,0.6,2.0,804.0,0.0,0.0,0.3917910447761194
14.0,6.0,40.0,0.6,0.1,0.6,2.0,803.0,0.0,0.0,0.39352428393524286
14.0,6.0,41.0,0.6,0.1,0.6,2.0,803.0,0.0,0.0,0.39103362391033625
14.0,6.0,42.0,0.6,0.1,0.6,2.0,759.0,0.0,0.0,0.4005270092226614
14.0,6.0,43.0,0.6,0.1,0.6,2.0,760.0,0.0,0.0,0.3986842105263158
14.0,6.0,44.0,0.6,0.1,0.6,2.0,743.0,0.0,0.0,0.3997308209959623
14.0,6.0,45.0,0.6,0.1,0.6,2.0,744.0,0.0,0.0,0.6733870967741935
14.0,6.0,46.0,0.6,0.1,0.6,2.0,743.0,0.0,0.0,0.6742934051144011
14.0,6.0,47.0,0.6,0.1,0.6,2.0,728.0,0.0,0.0,0.6744505494505495
14.0,6.0,48.0,0.6,0.1,0.6,2.0,726.0,0.0,0.0,0.6749311294765841
14.0,6.0,49.0,0.6,0.1,0.6,2.0,728.0,0.0,0.0,0.6744505494505495
14.0,6.0,50.0,0.6,0.1,0.6,2.0,725.0,0.0,0.0,0.6758620689655173
14.0,6.0,51.0,0.6,0.1,0.6,2.0,727.0,0.0,0.0,0.671251719394773
14.0,6.0,52.0,0.6,0.1,0.6,2.0,722.0,0.0,0.0,0.6745152354570637
14.0,7.0,1.0,0.6,0.1,0.6,2.0,726.0,0.0,0.0,0.6721763085399449
14.0,7.0,2.0,0.6,0.1,0.6,2.0,720.0,0.0,0.0,0.6777777777777778
14.0,7.0,3.0,0.6,0.1,0.6,2.0,724.0,0.0,0.0,0.6726519337016574
14.0,7.0,4.0,0.6,0.1,0.6,2.0,721.0,0.0,0.0,0.6754507628294036
14.0,7.0,5.0,0.6,0.1,0.6,2.0,723.0,0.0,0.0,0.673582295988935
14.0,7.0,6.0,0.6,0.1,0.6,2.0,720.0,0.0,0.0,0.6763888888888889
14.0,7.0,7.0,0.6,0.1,0.6,2.0,721.0,0.0,0.0,0.6754507628294036
14.0,7.0,8.0,0.6,0.1,0.6,2.0,714.0,0.0,0.0,0.6834733893557423
14.0,7.0,9.0,0.6,0.1,0.6,2.0,704.0,0.0,0.0,0.6789772727272727
14.0,7.0,10.0,0.6,0.1,0.6,2.0,699.0,0.0,0.0,0.6852646638054364
14.0,7.0,11.0,0.6,0.1,0.6,2.0,699.0,0.0,0.0,0.6838340486409156
14.0,7.0,12.0,0.6,0.1,0.6,2.0,682.0,0.0,0.0,0.6920821114369502
14.0,7.0,13.0,0.6,0.1,0.6,2.0,683.0,0.0,0.0,0.6925329428989752
14.0,7.0,14.0,0.6,0.1,0.6,2.0,682.0,0.0,0.0,0.6920821114369502
14.0,7.0,15.0,0.6,0.1,0.6,2.0,682.0,0.0,0.0,0.6920821114369502
14.0,7.0,16.0,0.6,0.1,0.6,2.0,679.0,0.0,0.0,0.6936671575846833
14.0,7.0,17.0,0.6,0.1,0.6,2.0,679.0,0.0,0.0,0.6921944035346097
14.0,7.0,18.0,0.6,0.1,0.6,2.0,678.0,0.0,0.0,0.6932153392330384
14.0,7.0,19.0,0.6,0.1,0.6,2.0,679.0,0.0,0.0,0.6921944035346097
14.0,7.0,20.0,0.6,0.1,0.6,2.0,1147.0,0.0,0.0,0.40889276373147343
14.0,7.0,21.0,0.6,0.1,0.6,2.0,1115.0,0.0,0.0,0.4125560538116592
14.0,7.0,22.0,0.6,0.1,0.6,2.0,1035.0,0.0,0.0,0.4251207729468599
14.0,7.0,23.0,0.6,0.1,0.6,2.0,1008.0,0.0,0.0,0.42162698412698413
14.0,7.0,24.0,0.6,0.1,0.6,2.0,977.0,0.0,0.0,0.42681678607983625
14.0,7.0,25.0,0.6,0.1,0.6,2.0,932.0,0.0,0.0,0.4248927038626609
14.0,7.0,26.0,0.6,0.1,0.6,2.0,900.0,0.0,0.0,0.43
14.0,7.0,27.0,0.6,0.1,0.6,2.0,904.0,0.0,0.0,0.4258849557522124
14.0,7.0,28.0,0.6,0.1,0.6,2.0,879.0,0.0,0.0,0.43458475540386804
14.0,7.0,29.0,0.6,0.1,0.6,2.0,842.0,0.0,0.0,0.4358669833729216
14.0,7.0,30.0,0.6,0.1,0.6,2.0,826.0,0.0,0.0,0.44188861985472155
14.0,7.0,31.0,0.6,0.1,0.6,2.0,831.0,0.0,0.0,0.4380264741275572
14.0,7.0,32.0,0.6,0.1,0.6,2.0,825.0,0.0,0.0,0.44242424242424244
14.0,7.0,33.0,0.6,0.1,0.6,2.0,804.0,0.0,0.0,0.4427860696517413
14.0,7.0,34.0,0.6,0.1,0.6,2.0,766.0,0.0,0.0,0.45430809399477806
14.0,7.0,35.0,0.6,0.1,0.6,2.0,775.0,0.0,0.0,0.44903225806451613
14.0,7.0,36.0,0.6,0.1,0.6,2.0,753.0,0.0,0.0,0.45285524568393093
14.0,7.0,37.0,0.6,0.1,0.6,2.0,750.0,0.0,0.0,0.45066666666666666
14.0,7.0,38.0,0.6,0.1,0.6,2.0,737.0,0.0,0.0,0.4559023066485753
14.0,7.0,39.0,0.6,0.1,0.6,2.0,748.0,0.0,0.0,0.4505347593582888
14.0,7.0,40.0,0.6,0.1,0.6,2.0,717.0,0.0,0.0,0.4560669456066946
14.0,7.0,41.0,0.6,0.1,0.6,2.0,712.0,0.0,0.0,0.45365168539325845
14.0,7.0,42.0,0.6,0.1,0.6,2.0,704.0,0.0,0.0,0.4588068181818182
14.0,7.0,43.0,0.6,0.1,0.6,2.0,692.0,0.0,0.0,0.4653179190751445
14.0,7.0,44.0,0.6,0.1,0.6,2.0,678.0,0.0,0.0,0.47345132743362833
14.0,7.0,45.0,0.6,0.1,0.6,2.0,685.0,0.0,0.0,0.6846715328467153
14.0,7.0,46.0,0.6,0.1,0.6,2.0,678.0,0.0,0.0,0.6843657817109144
14.0,7.0,47.0,0.6,0.1,0.6,2.0,683.0,0.0,0.0,0.6866764275256223
14.0,7.0,48.0,0.6,0.1,0.6,2.0,678.0,0.0,0.0,0.6843657817109144
14.0,7.0,49.0,0.6,0.1,0.6,2.0,683.0,0.0,0.0,0.6866764275256223
14.0,7.0,50.0,0.6,0.1,0.6,2.0,678.0,0.0,0.0,0.6843657817109144
14.0,7.0,51.0,0.6,0.1,0.6,2.0,679.0,0.0,0.0,0.6877761413843888
14.0,7.0,52.0,0.6,0.1,0.6,2.0,674.0,0.0,0.0,0.6839762611275965
14.0,8.0,1.0,0.6,0.1,0.6,2.0,679.0,0.0,0.0,0.6877761413843888
14.0,8.0,2.0,0.6,0.1,0.6,2.0,675.0,0.0,0.0,0.6844444444444444
14.0,8.0,3.0,0.6,0.1,0.6,2.0,679.0,0.0,0.0,0.6877761413843888
14.0,8.0,4.0,0.6,0.1,0.6,2.0,674.0,0.0,0.0,0.685459940652819
14.0,8.0,5.0,0.6,0.1,0.6,2.0,678.0,0.0,0.0,0.6887905604719764
14.0,8.0,6.0,0.6,0.1,0.6,2.0,672.0,0.0,0.0,0.6845238095238095
14.0,8.0,7.0,0.6,0.1,0.6,2.0,676.0,0.0,0.0,0.6878698224852071
14.0,8.0,8.0,0.6,0.1,0.6,2.0,672.0,0.0,0.0,0.6860119047619048
14.0,8.0,9.0,0.6,0.1,0.6,2.0,671.0,0.0,0.0,0.6870342771982116
14.0,8.0,10.0,0.6,0.1,0.6,2.0,670.0,0.0,0.0,0.6865671641791045
14.0,8.0,11.0,0.6,0.1,0.6,2.0,668.0,0.0,0.0,0.6901197604790419
14.0,8.0,12.0,0.6,0.1,0.6,2.0,670.0,0.0,0.0,0.6880597014925374
14.0,8.0,13.0,0.6,0.1,0.6,2.0,668.0,0.0,0.0,0.6901197604790419
14.0,8.0,14.0,0.6,0.1,0.6,2.0,669.0,0.0,0.0,0.6890881913303438
14.0,8.0,15.0,0.6,0.1,0.6,2.0,667.0,0.0,0.0,0.6896551724137931
14.0,8.0,16.0,0.6,0.1,0.6,2.0,668.0,0.0,0.0,0.6901197604790419
14.0,8.0,17.0,0.6,0.1,0.6,2.0,667.0,0.0,0.0,0.6896551724137931
14.0,8.0,18.0,0.6,0.1,0.6,2.0,667.0,0.0,0.0,0.6896551724137931
14.0,8.0,19.0,0.6,0.1,0.6,2.0,666.0,0.0,0.0,0.6906906906906907
14.0,8.0,20.0,0.6,0.1,0.6,2.0,1160.0,0.0,0.0,0.39655172413793105
14.0,8.0,21.0,0.6,0.1,0.6,2.0,1153.0,0.0,0.0,0.39375542064180397
14.0,8.0,22.0,0.6,0.1,0.6,2.0,1124.0,0.0,0.0,0.39768683274021355
14.0,8.0,23.0,0.6,0.1,0.6,2.0,1112.0,0.0,0.0,0.3983812949640288
14.0,8.0,24.0,0.6,0.1,0.6,2.0,1069.0,0.0,0.0,0.4031805425631431
14.0,8.0,25.0,0.6,0.1,0.6,2.0,1024.0,0.0,0.0,0.4111328125
14.0,8.0,26.0,0.6,0.1,0.6,2.0,984.0,0.0,0.0,0.41565040650406504
14.0,8.0,27.0,0.6,0.1,0.6,2.0,968.0,0.0,0.0,0.41632231404958675
14.0,8.0,28.0,0.6,0.1,0.6,2.0,947.0,0.0,0.0,0.4149947201689546
14.0,8.0,29.0,0.6,0.1,0.6,2.0,953.0,0.0,0.0,0.41343126967471144
14.0,8.0,30.0,0.6,0.1,0.6,2.0,947.0,0.0,0.0,0.4149947201689546
14.0,8.0,31.0,0.6,0.1,0.6,2.0,897.0,0.0,0.0,0.4236343366778149
14.0,8.0,32.0,0.6,0.1,0.6,2.0,862.0,0.0,0.0,0.42923433874709976
14.0,8.0,33.0,0.6,0.1,0.6,2.0,856.0,0.0,0.0,0.4287383177570093
14.0,8.0,34.0,0.6,0.1,0.6,2.0,849.0,0.0,0.0,0.4299175500588928
14.0,8.0,35.0,0.6,0.1,0.6,2.0,856.0,0.0,0.0,0.42757009345794394
14.0,8.0,36.0,0.6,0.1,0.6,2.0,849.0,0.0,0.0,0.4299175500588928
14.0,8.0,37.0,0.6,0.1,0.6,2.0,856.0,0.0,0.0,0.42757009345794394
14.0,8.0,38.0,0.6,0.1,0.6,2.0,836.0,0.0,0.0,0.430622009569378
14.0,8.0,39.0,0.6,0.1,0.6,2.0,842.0,0.0,0.0,0.42874109263657956
14.0,8.0,40.0,0.6,0.1,0.6,2.0,835.0,0.0,0.0,0.4311377245508982
14.0,8.0,41.0,0.6,0.1,0.6,2.0,841.0,0.0,0.0,0.4280618311533888
14.0,8.0,42.0,0.6,0.1,0.6,2.0,836.0,0.0,0.0,0.430622009569378
14.0,8.0,43.0,0.6,0.1,0.6,2.0,830.0,0.0,0.0,0.43253012048192774
14.0,8.0,44.0,0.6,0.1,0.6,2.0,783.0,0.0,0.0,0.44316730523627074
14.0,8.0,45.0,0.6,0.1,0.6,2.0,778.0,0.0,0.0,0.6825192802056556
14.0,8.0,46.0,0.6,0.1,0.6,2.0,761.0,0.0,0.0,0.6885676741130092
14.0,8.0,47.0,0.6,0.1,0.6,2.0,766.0,0.0,0.0,0.6840731070496083
14.0,8.0,48.0,0.6,0.1,0.6,2.0,750.0,0.0,0.0,0.6893333333333334
14.0,8.0,49.0,0.6,0.1,0.6,2.0,755.0,0.0,0.0,0.6847682119205298
14.0,8.0,50.0,0.6,0.1,0.6,2.0,738.0,0.0,0.0,0.6883468834688347
14.0,8.0,51.0,0.6,0.1,0.6,2.0,744.0,0.0,0.0,0.6854838709677419
14.0,8.0,52.0,0.6,0.1,0.6,2.0,738.0,0.0,0.0,0.6883468834688347
14.0,9.0,1.0,0.6,0.1,0.6,2.0,733.0,0.0,0.0,0.6903137789904502
14.0,9.0,2.0,0.6,0.1,0.6,2.0,728.0,0.0,0.0,0.6923076923076923
14.0,9.0,3.0,0.6,0.1,0.6,2.0,732.0,0.0,0.0,0.6898907103825137
14.0,9.0,4.0,0.6,0.1,0.6,2.0,727.0,0.0,0.0,0.6932599724896836
14.0,9.0,5.0,0.6,0.1,0.6,2.0,732.0,0.0,0.0,0.6898907103825137
14.0,9.0,6.0,0.6,0.1,0.6,2.0,727.0,0.0,0.0,0.6932599724896836
14.0,9.0,7.0,0.6,0.1,0.6,2.0,732.0,0.0,0.0,0.6898907103825137
14.0,9.0,8.0,0.6,0.1,0.6,2.0,726.0,0.0,0.0,0.6928374655647382
14.0,9.0,9.0,0.6,0.1,0.6,2.0,728.0,0.0,0.0,0.6909340659340659
14.0,9.0,10.0,0.6,0.1,0.6,2.0,700.0,0.0,0.0,0.6971428571428572
14.0,9.0,11.0,0.6,0.1,0.6,2.0,700.0,0.0,0.0,0.6985714285714286
14.0,9.0,12.0,0.6,0.1,0.6,2.0,696.0,0.0,0.0,0.6997126436781609
14.0,9.0,13.0,0.6,0.1,0.6,2.0,697.0,0.0,0.0,0.7001434720229556
14.0,9.0,14.0,0.6,0.1,0.6,2.0,698.0,0.0,0.0,0.6991404011461319
14.0,9.0,15.0,0.6,0.1,0.6,2.0,697.0,0.0,0.0,0.7001434720229556
14.0,9.0,16.0,0.6,0.1,0.6,2.0,696.0,0.0,0.0,0.7011494252873564
14.0,9.0,17.0,0.6,0.1,0.6,2.0,695.0,0.0,0.0,0.702158273381295
14.0,9.0,18.0,0.6,0.1,0.6,2.0,693.0,0.0,0.0,0.7027417027417028
14.0,9.0,19.0,0.6,0.1,0.6,2.0,693.0,0.0,0.0,0.7012987012987013
14.0,9.0,20.0,0.6,0.1,0.6,2.0,1172.0,0.0,0.0,0.3993174061433447
14.0,9.0,21.0,0.6,0.1,0.6,2.0,1126.0,0.0,0.0,0.40319715808170514
14.0,9.0,22.0,0.6,0.1,0.6,2.0,1112.0,0.0,0.0,0.41007194244604317
14.0,9.0,23.0,0.6,0.1,0.6,2.0,1113.0,0.0,0.0,0.4079065588499551
14.0,9.0,24.0,0.6,0.1,0.6,2.0,1098.0,0.0,0.0,0.4116575591985428
14.0,9.0,25.0,0.6,0.1,0.6,2.0,1072.0,0.0,0.0,0.41511194029850745
14.0,9.0,26.0,0.6,0.1,0.6,2.0,1023.0,0.0,0.0,0.41935483870967744
14.0,9.0,27.0,0.6,0.1,0.6,2.0,999.0,0.0,0.0,0.42342342342342343
14.0,9.0,28.0,0.6,0.1,0.6,2.0,998.0,0.0,0.0,0.4258517034068136
14.0,9.0,29.0,0.6,0.1,0.6,2.0,976.0,0.0,0.0,0.42725409836065575
14.0,9.0,30.0,0.6,0.1,0.6,2.0,961.0,0.0,0.0,0.4287200832466181
14.0,9.0,31.0,0.6,0.1,0.6,2.0,937.0,0.0,0.0,0.42689434364994666
14.0,9.0,32.0,0.6,0.1,0.6,2.0,919.0,0.0,0.0,0.4319912948857454
14.0,9.0,33.0,0.6,0.1,0.6,2.0,925.0,0.0,0.0,0.4281081081081081
14.0,9.0,34.0,0.6,0.1,0.6,2.0,920.0,0.0,0.0,0.4315217391304348
14.0,9.0,35.0,0.6,0.1,0.6,2.0,925.0,0.0,0.0,0.4281081081081081
14.0,9.0,36.0,0.6,0.1,0.6,2.0,883.0,0.0,0.0,0.4360135900339751
14.0,9.0,37.0,0.6,0.1,0.6,2.0,876.0,0.0,0.0,0.4372146118721461
14.0,9.0,38.0,0.6,0.1,0.6,2.0,853.0,0.0,0.0,0.447831184056272
14.0,9.0,39.0,0.6,0.1,0.6,2.0,854.0,0.0,0.0,0.4449648711943794
14.0,9.0,40.0,0.6,0.1,0.6,2.0,827.0,0.0,0.0,0.45102781136638453
14.0,9.0,41.0,0.6,0.1,0.6,2.0,819.0,0.0,0.0,0.45054945054945056
14.0,9.0,42.0,0.6,0.1,0.6,2.0,817.0,0.0,0.0,0.4528763769889841
14.0,9.0,43.0,0.6,0.1,0.6,2.0,788.0,0.0,0.0,0.4593908629441624
14.0,9.0,44.0,0.6,0.1,0.6,2.0,802.0,0.0,0.0,0.456359102244389
14.0,9.0,45.0,0.6,0.1,0.6,2.0,788.0,0.0,0.0,0.666243654822335
14.0,9.0,46.0,0.6,0.1,0.6,2.0,798.0,0.0,0.0,0.6629072681704261
14.0,9.0,47.0,0.6,0.1,0.6,2.0,788.0,0.0,0.0,0.666243654822335
14.0,9.0,48.0,0.6,0.1,0.6,2.0,802.0,0.0,0.0,0.6620947630922693
14.0,9.0,49.0,0.6,0.1,0.6,2.0,788.0,0.0,0.0,0.666243654822335
14.0,9.0,50.0,0.6,0.1,0.6,2.0,802.0,0.0,0.0,0.6620947630922693
14.0,9.0,51.0,0.6,0.1,0.6,2.0,795.0,0.0,0.0,0.6628930817610063
14.0,9.0,52.0,0.6,0.1,0.6,2.0,801.0,0.0,0.0,0.66167290886392
14.0,10.0,1.0,0.6,0.1,0.6,2.0,794.0,0.0,0.0,0.6624685138539043
14.0,10.0,2.0,0.6,0.1,0.6,2.0,799.0,0.0,0.0,0.6633291614518148
14.0,10.0,3.0,0.6,0.1,0.6,2.0,792.0,0.0,0.0,0.6641414141414141
14.0,10.0,4.0,0.6,0.1,0.6,2.0,799.0,0.0,0.0,0.6633291614518148
14.0,10.0,5.0,0.6,0.1,0.6,2.0,793.0,0.0,0.0,0.6658259773013872
14.0,10.0,6.0,0.6,0.1,0.6,2.0,797.0,0.0,0.0,0.6649937264742786
14.0,10.0,7.0,0.6,0.1,0.6,2.0,791.0,0.0,0.0,0.6662452591656132
14.0,10.0,8.0,0.6,0.1,0.6,2.0,795.0,0.0,0.0,0.6666666666666666
14.0,10.0,9.0,0.6,0.1,0.6,2.0,785.0,0.0,0.0,0.6713375796178344
14.0,10.0,10.0,0.6,0.1,0.6,2.0,788.0,0.0,0.0,0.6725888324873096
14.0,10.0,11.0,0.6,0.1,0.6,2.0,783.0,0.0,0.0,0.6717752234993615
14.0,10.0,12.0,0.6,0.1,0.6,2.0,785.0,0.0,0.0,0.6726114649681528
14.0,10.0,13.0,0.6,0.1,0.6,2.0,781.0,0.0,0.0,0.6734955185659411
14.0,10.0,14.0,0.6,0.1,0.6,2.0,782.0,0.0,0.0,0.6726342710997443
14.0,10.0,15.0,0.6,0.1,0.6,2.0,781.0,0.0,0.0,0.6734955185659411
14.0,10.0,16.0,0.6,0.1,0.6,2.0,782.0,0.0,0.0,0.6739130434782609
14.0,10.0,17.0,0.6,0.1,0.6,2.0,767.0,0.0,0.0,0.6779661016949152
14.0,10.0,18.0,0.6,0.1,0.6,2.0,771.0,0.0,0.0,0.6783398184176395
14.0,10.0,19.0,0.6,0.1,0.6,2.0,766.0,0.0,0.0,0.6788511749347258
14.0,10.0,20.0,0.6,0.1,0.6,2.0,1334.0,0.0,0.0,0.3733133433283358
14.0,10.0,21.0,0.6,0.1,0.6,2.0,1284.0,0.0,0.0,0.37616822429906543
14.0,10.0,22.0,0.6,0.1,0.6,2.0,1281.0,0.0,0.0,0.37861046057767367
14.0,10.0,23.0,0.6,0.1,0.6,2.0,1248.0,0.0,0.0,0.3782051282051282
14.0,10.0,24.0,0.6,0.1,0.6,2.0,1245.0,0.0,0.0,0.38072289156626504
14.0,10.0,25.0,0.6,0.1,0.6,2.0,1194.0,0.0,0.0,0.3768844221105528
14.0,10.0,26.0,0.6,0.1,0.6,2.0,1147.0,0.0,0.0,0.38099389712292936
14.0,10.0,27.0,0.6,0.1,0.6,2.0,1124.0,0.0,0.0,0.38256227758007116
14.0,10.0,28.0,0.6,0.1,0.6,2.0,1111.0,0.0,0.0,0.38883888388838883
14.0,10.0,29.0,0.6,0.1,0.6,2.0,1082.0,0.0,0.0,0.39186691312384475
14.0,10.0,30.0,0.6,0.1,0.6,2.0,1068.0,0.0,0.0,0.3951310861423221
14.0,10.0,31.0,0.6,0.1,0.6,2.0,1037.0,0.0,0.0,0.39633558341369335
14.0,10.0,32.0,0.6,0.1,0.6,2.0,1034.0,0.0,0.0,0.3994197292069632
14.0,10.0,33.0,0.6,0.1,0.6,2.0,1026.0,0.0,0.0,0.40058479532163743
14.0,10.0,34.0,0.6,0.1,0.6,2.0,1023.0,0.0,0.0,0.40371456500488756
14.0,10.0,35.0,0.6,0.1,0.6,2.0,1009.0,0.0,0.0,0.40237859266600595
14.0,10.0,36.0,0.6,0.1,0.6,2.0,996.0,0.0,0.0,0.40562248995983935
14.0,10.0,37.0,0.6,0.1,0.6,2.0,996.0,0.0,0.0,0.40160642570281124
14.0,10.0,38.0,0.6,0.1,0.6,2.0,996.0,0.0,0.0,0.40562248995983935
14.0,10.0,39.0,0.6,0.1,0.6,2.0,957.0,0.0,0.0,0.4043887147335423
14.0,10.0,40.0,0.6,0.1,0.6,2.0,915.0,0.0,0.0,0.4131147540983607
14.0,10.0,41.0,0.6,0.1,0.6,2.0,892.0,0.0,0.0,0.4125560538116592
14.0,10.0,42.0,0.6,0.1,0.6,2.0,874.0,0.0,0.0,0.41762013729977115
14.0,10.0,43.0,0.6,0.1,0.6,2.0,859.0,0.0,0.0,0.4190919674039581
14.0,10.0,44.0,0.6,0.1,0.6,2.0,864.0,0.0,0.0,0.4201388888888889
14.0,10.0,45.0,0.6,0.1,0.6,2.0,850.0,0.0,0.0,0.6517647058823529
14.0,10.0,46.0,0.6,0.1,0.6,2.0,838.0,0.0,0.0,0.649164677804296
14.0,10.0,47.0,0.6,0.1,0.6,2.0,839.0,0.0,0.0,0.6495828367103695
14.0,10.0,48.0,0.6,0.1,0.6,2.0,806.0,0.0,0.0,0.6513647642679901
14.0,10.0,49.0,0.6,0.1,0.6,2.0,810.0,0.0,0.0,0.6506172839506172
14.0,10.0,50.0,0.6,0.1,0.6,2.0,806.0,0.0,0.0,0.6513647642679901
14.0,10.0,51.0,0.6,0.1,0.6,2.0,797.0,0.0,0.0,0.6537013801756587
14.0,10.0,52.0,0.6,0.1,0.6,2.0,790.0,0.0,0.0,0.6569620253164556
15.0,1.0,1.0,0.6,0.1,0.6,2.0,5287.0,52.0,6.0,0.5874787213920938
15.0,1.0,2.0,0.6,0.1,0.6,2.0,5248.0,51.0,17.0,0.584984756097561
15.0,1.0,3.0,0.6,0.1,0.6,2.0,5207.0,58.0,31.0,0.5867101978106395
15.0,1.0,4.0,0.6,0.1,0.6,2.0,5145.0,63.0,32.0,0.5879494655004859
15.0,1.0,5.0,0.6,0.1,0.6,2.0,5154.0,65.0,28.0,0.5898331393092744
15.0,1.0,6.0,0.6,0.1,0.6,2.0,5011.0,55.0,27.0,0.5932947515465975
15.0,1.0,7.0,0.6,0.1,0.6,2.0,4867.0,58.0,29.0,0.5968769262379289
15.0,1.0,8.0,0.6,0.1,0.6,2.0,4691.0,57.0,27.0,0.5977403538691111
15.0,1.0,9.0,0.6,0.1,0.6,2.0,4502.0,59.0,21.0,0.5970679697912039
15.0,1.0,10.0,0.6,0.1,0.6,2.0,4401.0,60.0,25.0,0.5991820040899796
15.0,1.0,11.0,0.6,0.1,0.6,2.0,4296.0,60.0,26.0,0.6014897579143389
15.0,1.0,12.0,0.6,0.1,0.6,2.0,4200.0,66.0,32.0,0.6014285714285714
15.0,1.0,13.0,0.6,0.1,0.6,2.0,4107.0,64.0,30.0,0.600681762843925
15.0,1.0,14.0,0.6,0.1,0.6,2.0,4054.0,62.0,29.0,0.6021213616181549
15.0,1.0,15.0,0.6,0.1,0.6,2.0,3889.0,50.0,28.0,0.6050398560041141
15.0,1.0,16.0,0.6,0.1,0.6,2.0,3841.0,54.0,29.0,0.6084353033064306
15.0,1.0,17.0,0.6,0.1,0.6,2.0,3721.0,53.0,30.0,0.6092448266595001
15.0,1.0,18.0,0.6,0.1,0.6,2.0,3639.0,49.0,23.0,0.6117065127782357
15.0,1.0,19.0,0.6,0.1,0.6,2.0,3544.0,49.0,24.0,0.6097629796839729
15.0,1.0,20.0,0.6,0.1,0.6,2.0,6670.0,46.0,24.0,0.32263868065967016
15.0,1.0,21.0,0.6,0.1,0.6,2.0,6149.0,62.0,19.0,0.32558139534883723
15.0,1.0,22.0,0.6,0.1,0.6,2.0,5782.0,60.0,19.0,0.33120027672085783
15.0,1.0,23.0,0.6,0.1,0.6,2.0,5583.0,59.0,22.0,0.3340497940175533
15.0,1.0,24.0,0.6,0.1,0.6,2.0,5260.0,64.0,28.0,0.3344106463878327
15.0,1.0,25.0,0.6,0.1,0.6,2.0,4988.0,64.0,24.0,0.33941459502806737
15.0,1.0,26.0,0.6,0.1,0.6,2.0,4905.0,71.0,27.0,0.3382262996941896
15.0,1.0,27.0,0.6,0.1,0.6,2.0,4758.0,74.0,31.0,0.34237074401008827
15.0,1.0,28.0,0.6,0.1,0.6,2.0,4519.0,93.0,35.0,0.3460942686435052
15.0,1.0,29.0,0.6,0.1,0.6,2.0,4333.0,90.0,33.0,0.351257789060697
15.0,1.0,30.0,0.6,0.1,0.6,2.0,4214.0,93.0,39.0,0.3502610346464167
15.0,1.0,31.0,0.6,0.1,0.6,2.0,4027.0,104.0,40.0,0.35684132108269184
15.0,1.0,32.0,0.6,0.1,0.6,2.0,3849.0,115.0,42.0,0.359573915302676
15.0,1.0,33.0,0.6,0.1,0.6,2.0,3688.0,120.0,37.0,0.36496746203904556
15.0,1.0,34.0,0.6,0.1,0.6,2.0,3555.0,128.0,50.0,0.3659634317862166
15.0,1.0,35.0,0.6,0.1,0.6,2.0,3486.0,127.0,55.0,0.3683304647160069
15.0,1.0,36.0,0.6,0.1,0.6,2.0,3354.0,144.0,70.0,0.3694096601073345
15.0,1.0,37.0,0.6,0.1,0.6,2.0,3278.0,144.0,66.0,0.3727882855399634
15.0,1.0,38.0,0.6,0.1,0.6,2.0,3140.0,136.0,73.0,0.37515923566878984
15.0,1.0,39.0,0.6,0.1,0.6,2.0,3028.0,114.0,56.0,0.38110964332893
15.0,1.0,40.0,0.6,0.1,0.6,2.0,2952.0,112.0,49.0,0.38482384823848237
15.0,1.0,41.0,0.6,0.1,0.6,2.0,2886.0,97.0,42.0,0.3908523908523909
15.0,1.0,42.0,0.6,0.1,0.6,2.0,2772.0,98.0,39.0,0.3943001443001443
15.0,1.0,43.0,0.6,0.1,0.6,2.0,2681.0,113.0,50.0,0.3961208504289444
15.0,1.0,44.0,0.6,0.1,0.6,2.0,2621.0,119.0,54.0,0.40022892025944296
15.0,1.0,45.0,0.6,0.1,0.6,2.0,2562.0,128.0,58.0,0.6436377829820453
15.0,1.0,46.0,0.6,0.1,0.6,2.0,2516.0,120.0,61.0,0.643879173290938
15.0,1.0,47.0,0.6,0.1,0.6,2.0,2420.0,106.0,56.0,0.6454545454545455
15.0,1.0,48.0,0.6,0.1,0.6,2.0,2370.0,102.0,57.0,0.6481012658227848
15.0,1.0,49.0,0.6,0.1,0.6,2.0,2290.0,82.0,45.0,0.6567685589519651
15.0,1.0,50.0,0.6,0.1,0.6,2.0,2231.0,73.0,44.0,0.6597938144329897
15.0,1.0,51.0,0.6,0.1,0.6,2.0,2174.0,59.0,38.0,0.6628334866605335
15.0,1.0,52.0,0.6,0.1,0.6,2.0,2158.0,46.0,30.0,0.6631139944392956
15.0,2.0,1.0,0.6,0.1,0.6,2.0,2113.0,33.0,23.0,0.6672976810222433
15.0,2.0,2.0,0.6,0.1,0.6,2.0,2084.0,29.0,17.0,0.6665067178502879
15.0,2.0,3.0,0.6,0.1,0.6,2.0,2044.0,26.0,14.0,0.6692759295499021
15.0,2.0,4.0,0.6,0.1,0.6,2.0,2012.0,20.0,12.0,0.6699801192842942
15.0,2.0,5.0,0.6,0.1,0.6,2.0,1965.0,21.0,9.0,0.6692111959287532
15.0,2.0,6.0,0.6,0.1,0.6,2.0,1948.0,17.0,8.0,0.669917864476386
15.0,2.0,7.0,0.6,0.1,0.6,2.0,1901.0,14.0,7.0,0.6749079431877959
15.0,2.0,8.0,0.6,0.1,0.6,2.0,1882.0,15.0,6.0,0.6748140276301806
15.0,2.0,9.0,0.6,0.1,0.6,2.0,1838.0,13.0,7.0,0.676278563656148
15.0,2.0,10.0,0.6,0.1,0.6,2.0,1823.0,9.0,5.0,0.6769061985737795
15.0,2.0,11.0,0.6,0.1,0.6,2.0,1803.0,7.0,5.0,0.6766500277315585
15.0,2.0,12.0,0.6,0.1,0.6,2.0,1795.0,5.0,4.0,0.6791086350974931
15.0,2.0,13.0,0.6,0.1,0.6,2.0,1771.0,3.0,2.0,0.67871259175607
15.0,2.0,14.0,0.6,0.1,0.6,2.0,1766.0,6.0,3.0,0.6772366930917327
15.0,2.0,15.0,0.6,0.1,0.6,2.0,1734.0,7.0,1.0,0.6770472895040369
15.0,2.0,16.0,0.6,0.1,0.6,2.0,1727.0,7.0,4.0,0.6763173132599885
15.0,2.0,17.0,0.6,0.1,0.6,2.0,1711.0,7.0,5.0,0.6756282875511397
15.0,2.0,18.0,0.6,0.1,0.6,2.0,1659.0,7.0,5.0,0.6787221217600965
15.0,2.0,19.0,0.6,0.1,0.6,2.0,1639.0,7.0,2.0,0.6790726052471019
15.0,2.0,20.0,0.6,0.1,0.6,2.0,3025.0,5.0,0.0,0.36727272727272725
15.0,2.0,21.0,0.6,0.1,0.6,2.0,2838.0,5.0,1.0,0.37315010570824525
15.0,2.0,22.0,0.6,0.1,0.6,2.0,2762.0,6.0,2.0,0.3740043446777697
15.0,2.0,23.0,0.6,0.1,0.6,2.0,2690.0,7.0,4.0,0.3736059479553903
15.0,2.0,24.0,0.6,0.1,0.6,2.0,2609.0,11.0,4.0,0.3756228440015332
15.0,2.0,25.0,0.6,0.1,0.6,2.0,2521.0,15.0,6.0,0.3728679095596985
15.0,2.0,26.0,0.6,0.1,0.6,2.0,2449.0,10.0,2.0,0.3728052266231115
15.0,2.0,27.0,0.6,0.1,0.6,2.0,2403.0,7.0,3.0,0.3736995422388681
15.0,2.0,28.0,0.6,0.1,0.6,2.0,2307.0,8.0,4.0,0.37451235370611186
15.0,2.0,29.0,0.6,0.1,0.6,2.0,2276.0,8.0,4.0,0.37521968365553604
15.0,2.0,30.0,0.6,0.1,0.6,2.0,2224.0,7.0,2.0,0.3767985611510791
15.0,2.0,31.0,0.6,0.1,0.6,2.0,2176.0,7.0,1.0,0.37775735294117646
15.0,2.0,32.0,0.6,0.1,0.6,2.0,2162.0,6.0,2.0,0.37650323774283073
15.0,2.0,33.0,0.6,0.1,0.6,2.0,2081.0,6.0,3.0,0.37818356559346467
15.0,2.0,34.0,0.6,0.1,0.6,2.0,2066.0,7.0,4.0,0.37802516940948694
15.0,2.0,35.0,0.6,0.1,0.6,2.0,1997.0,9.0,5.0,0.3780671006509765
15.0,2.0,36.0,0.6,0.1,0.6,2.0,1932.0,10.0,5.0,0.3778467908902691
15.0,2.0,37.0,0.6,0.1,0.6,2.0,1855.0,12.0,4.0,0.38221024258760106
15.0,2.0,38.0,0.6,0.1,0.6,2.0,1817.0,8.0,2.0,0.38359933957072095
15.0,2.0,39.0,0.6,0.1,0.6,2.0,1773.0,8.0,6.0,0.38804286520022563
15.0,2.0,40.0,0.6,0.1,0.6,2.0,1754.0,9.0,5.0,0.3882554161915621
15.0,2.0,41.0,0.6,0.1,0.6,2.0,1724.0,9.0,6.0,0.39037122969837584
15.0,2.0,42.0,0.6,0.1,0.6,2.0,1680.0,7.0,2.0,0.3886904761904762
15.0,2.0,43.0,0.6,0.1,0.6,2.0,1621.0,7.0,3.0,0.3892658852560148
15.0,2.0,44.0,0.6,0.1,0.6,2.0,1606.0,6.0,3.0,0.3854296388542964
15.0,2.0,45.0,0.6,0.1,0.6,2.0,1570.0,7.0,4.0,0.6089171974522293
15.0,2.0,46.0,0.6,0.1,0.6,2.0,1546.0,7.0,4.0,0.6054333764553687
15.0,2.0,47.0,0.6,0.1,0.6,2.0,1521.0,7.0,2.0,0.6068376068376068
15.0,2.0,48.0,0.6,0.1,0.6,2.0,1489.0,6.0,1.0,0.6064472800537274
15.0,2.0,49.0,0.6,0.1,0.6,2.0,1460.0,5.0,3.0,0.6089041095890411
15.0,2.0,50.0,0.6,0.1,0.6,2.0,1452.0,6.0,3.0,0.6081267217630854
15.0,2.0,51.0,0.6,0.1,0.6,2.0,1437.0,7.0,5.0,0.6096033402922756
15.0,2.0,52.0,0.6,0.1,0.6,2.0,1425.0,4.0,2.0,0.607719298245614
15.0,3.0,1.0,0.6,0.1,0.6,2.0,1406.0,4.0,3.0,0.6081081081081081
15.0,3.0,2.0,0.6,0.1,0.6,2.0,1392.0,3.0,1.0,0.6056034482758621
15.0,3.0,3.0,0.6,0.1,0.6,2.0,1373.0,5.0,2.0,0.607428987618354
15.0,3.0,4.0,0.6,0.1,0.6,2.0,1352.0,7.0,2.0,0.6042899408284024
15.0,3.0,5.0,0.6,0.1,0.6,2.0,1329.0,7.0,2.0,0.6087283671933785
15.0,3.0,6.0,0.6,0.1,0.6,2.0,1306.0,6.0,3.0,0.6018376722817764
15.0,3.0,7.0,0.6,0.1,0.6,2.0,1268.0,5.0,4.0,0.6056782334384858
15.0,3.0,8.0,0.6,0.1,0.6,2.0,1249.0,7.0,5.0,0.6028823058446757
15.0,3.0,9.0,0.6,0.1,0.6,2.0,1228.0,5.0,3.0,0.6083061889250815
15.0,3.0,10.0,0.6,0.1,0.6,2.0,1221.0,5.0,1.0,0.6076986076986077
15.0,3.0,11.0,0.6,0.1,0.6,2.0,1195.0,5.0,1.0,0.6125523012552301
15.0,3.0,12.0,0.6,0.1,0.6,2.0,1174.0,5.0,2.0,0.6175468483816013
15.0,3.0,13.0,0.6,0.1,0.6,2.0,1158.0,5.0,2.0,0.6200345423143351
15.0,3.0,14.0,0.6,0.1,0.6,2.0,1145.0,4.0,4.0,0.6157205240174672
15.0,3.0,15.0,0.6,0.1,0.6,2.0,1126.0,5.0,3.0,0.6181172291296625
15.0,3.0,16.0,0.6,0.1,0.6,2.0,1126.0,5.0,3.0,0.6154529307282416
15.0,3.0,17.0,0.6,0.1,0.6,2.0,1116.0,3.0,2.0,0.6182795698924731
15.0,3.0,18.0,0.6,0.1,0.6,2.0,1115.0,3.0,2.0,0.6152466367713004
15.0,3.0,19.0,0.6,0.1,0.6,2.0,1095.0,3.0,2.0,0.6146118721461187
15.0,3.0,20.0,0.6,0.1,0.6,2.0,2032.0,1.0,0.0,0.328248031496063
15.0,3.0,21.0,0.6,0.1,0.6,2.0,1928.0,1.0,1.0,0.32935684647302904
15.0,3.0,22.0,0.6,0.1,0.6,2.0,1920.0,1.0,1.0,0.3265625
15.0,3.0,23.0,0.6,0.1,0.6,2.0,1884.0,1.0,1.0,0.32908704883227174
15.0,3.0,24.0,0.6,0.1,0.6,2.0,1843.0,0.0,0.0,0.33206728160607707
15.0,3.0,25.0,0.6,0.1,0.6,2.0,1758.0,0.0,0.0,0.33503981797497157
15.0,3.0,26.0,0.6,0.1,0.6,2.0,1742.0,0.0,0.0,0.33237657864523534
15.0,3.0,27.0,0.6,0.1,0.6,2.0,1685.0,0.0,0.0,0.3347181008902077
15.0,3.0,28.0,0.6,0.1,0.6,2.0,1644.0,0.0,0.0,0.33454987834549876
15.0,3.0,29.0,0.6,0.1,0.6,2.0,1598.0,0.0,0.0,0.3354192740926158
15.0,3.0,30.0,0.6,0.1,0.6,2.0,1527.0,0.0,0.0,0.33988212180746563
15.0,3.0,31.0,0.6,0.1,0.6,2.0,1497.0,0.0,0.0,0.34001336005344024
15.0,3.0,32.0,0.6,0.1,0.6,2.0,1476.0,0.0,0.0,0.33875338753387535
15.0,3.0,33.0,0.6,0.1,0.6,2.0,1466.0,0.0,0.0,0.3383356070941337
15.0,3.0,34.0,0.6,0.1,0.6,2.0,1421.0,0.0,0.0,0.3413089373680507
15.0,3.0,35.0,0.6,0.1,0.6,2.0,1411.0,0.0,0.0,0.3401842664776754
15.0,3.0,36.0,0.6,0.1,0.6,2.0,1394.0,0.0,0.0,0.3450502152080344
15.0,3.0,37.0,0.6,0.1,0.6,2.0,1375.0,0.0,0.0,0.3447272727272727
15.0,3.0,38.0,0.6,0.1,0.6,2.0,1361.0,0.0,0.0,0.3423952975753123
15.0,3.0,39.0,0.6,0.1,0.6,2.0,1318.0,0.0,0.0,0.34749620637329287
15.0,3.0,40.0,0.6,0.1,0.6,2.0,1296.0,0.0,0.0,0.35030864197530864
15.0,3.0,41.0,0.6,0.1,0.6,2.0,1279.0,0.0,0.0,0.3487099296325254
15.0,3.0,42.0,0.6,0.1,0.6,2.0,1267.0,0.0,0.0,0.34885556432517756
15.0,3.0,43.0,0.6,0.1,0.6,2.0,1231.0,0.0,0.0,0.35012185215272135
15.0,3.0,44.0,0.6,0.1,0.6,2.0,1198.0,0.0,0.0,0.34724540901502504
15.0,3.0,45.0,0.6,0.1,0.6,2.0,1178.0,0.0,0.0,0.6264855687606112
15.0,3.0,46.0,0.6,0.1,0.6,2.0,1161.0,0.0,0.0,0.6253229974160207
15.0,3.0,47.0,0.6,0.1,0.6,2.0,1147.0,0.0,0.0,0.6224934612031386
15.0,3.0,48.0,0.6,0.1,0.6,2.0,1140.0,0.0,0.0,0.6228070175438597
15.0,3.0,49.0,0.6,0.1,0.6,2.0,1127.0,0.0,0.0,0.6211180124223602
15.0,3.0,50.0,0.6,0.1,0.6,2.0,1122.0,0.0,0.0,0.6221033868092691
15.0,3.0,51.0,0.6,0.1,0.6,2.0,1113.0,0.0,0.0,0.6217430368373764
15.0,3.0,52.0,0.6,0.1,0.6,2.0,1103.0,0.0,0.0,0.6246600181323663
15.0,4.0,1.0,0.6,0.1,0.6,2.0,1074.0,0.0,0.0,0.6247672253258846
15.0,4.0,2.0,0.6,0.1,0.6,2.0,1056.0,0.0,0.0,0.625
15.0,4.0,3.0,0.6,0.1,0.6,2.0,1043.0,0.0,0.0,0.6241610738255033
15.0,4.0,4.0,0.6,0.1,0.6,2.0,1040.0,0.0,0.0,0.6201923076923077
15.0,4.0,5.0,0.6,0.1,0.6,2.0,1033.0,0.0,0.0,0.6185866408518877
15.0,4.0,6.0,0.6,0.1,0.6,2.0,1034.0,0.0,0.0,0.6189555125725339
15.0,4.0,7.0,0.6,0.1,0.6,2.0,1016.0,0.0,0.0,0.6181102362204725
15.0,4.0,8.0,0.6,0.1,0.6,2.0,1007.0,0.0,0.0,0.6216484607745779
15.0,4.0,9.0,0.6,0.1,0.6,2.0,988.0,0.0,0.0,0.6234817813765182
15.0,4.0,10.0,0.6,0.1,0.6,2.0,983.0,0.0,0.0,0.6266531027466938
15.0,4.0,11.0,0.6,0.1,0.6,2.0,970.0,0.0,0.0,0.6268041237113402
15.0,4.0,12.0,0.6,0.1,0.6,2.0,970.0,0.0,0.0,0.6278350515463917
15.0,4.0,13.0,0.6,0.1,0.6,2.0,957.0,0.0,0.0,0.625914315569488
15.0,4.0,14.0,0.6,0.1,0.6,2.0,945.0,0.0,0.0,0.6232804232804233
15.0,4.0,15.0,0.6,0.1,0.6,2.0,942.0,0.0,0.0,0.6220806794055201
15.0,4.0,16.0,0.6,0.1,0.6,2.0,940.0,0.0,0.0,0.6223404255319149
15.0,4.0,17.0,0.6,0.1,0.6,2.0,925.0,0.0,0.0,0.6216216216216216
15.0,4.0,18.0,0.6,0.1,0.6,2.0,919.0,0.0,0.0,0.6213275299238302
15.0,4.0,19.0,0.6,0.1,0.6,2.0,904.0,0.0,0.0,0.620575221238938
15.0,4.0,20.0,0.6,0.1,0.6,2.0,1628.0,0.0,0.0,0.3452088452088452
15.0,4.0,21.0,0.6,0.1,0.6,2.0,1619.0,0.0,0.0,0.34156886967263744
15.0,4.0,22.0,0.6,0.1,0.6,2.0,1570.0,0.0,0.0,0.343312101910828
15.0,4.0,23.0,0.6,0.1,0.6,2.0,1531.0,0.0,0.0,0.34225996080992815
15.0,4.0,24.0,0.6,0.1,0.6,2.0,1502.0,0.0,0.0,0.34687083888149134
15.0,4.0,25.0,0.6,0.1,0.6,2.0,1426.0,0.0,0.0,0.35133239831697055
15.0,4.0,26.0,0.6,0.1,0.6,2.0,1337.0,0.0,0.0,0.3530291697830965
15.0,4.0,27.0,0.6,0.1,0.6,2.0,1315.0,0.0,0.0,0.3543726235741445
15.0,4.0,28.0,0.6,0.1,0.6,2.0,1248.0,0.0,0.0,0.359775641025641
15.0,4.0,29.0,0.6,0.1,0.6,2.0,1235.0,0.0,0.0,0.357085020242915
15.0,4.0,30.0,0.6,0.1,0.6,2.0,1212.0,0.0,0.0,0.36221122112211224
15.0,4.0,31.0,0.6,0.1,0.6,2.0,1191.0,0.0,0.0,0.36607892527287994
15.0,4.0,32.0,0.6,0.1,0.6,2.0,1180.0,0.0,0.0,0.36694915254237287
15.0,4.0,33.0,0.6,0.1,0.6,2.0,1095.0,0.0,0.0,0.3726027397260274
15.0,4.0,34.0,0.6,0.1,0.6,2.0,1083.0,0.0,0.0,0.37119113573407203
15.0,4.0,35.0,0.6,0.1,0.6,2.0,1025.0,0.0,0.0,0.375609756097561
15.0,4.0,36.0,0.6,0.1,0.6,2.0,1012.0,0.0,0.0,0.37648221343873517
15.0,4.0,37.0,0.6,0.1,0.6,2.0,1006.0,0.0,0.0,0.37673956262425445
15.0,4.0,38.0,0.6,0.1,0.6,2.0,1005.0,0.0,0.0,0.3761194029850746
15.0,4.0,39.0,0.6,0.1,0.6,2.0,980.0,0.0,0.0,0.37857142857142856
15.0,4.0,40.0,0.6,0.1,0.6,2.0,964.0,0.0,0.0,0.3775933609958506
15.0,4.0,41.0,0.6,0.1,0.6,2.0,953.0,0.0,0.0,0.3809024134312697
15.0,4.0,42.0,0.6,0.1,0.6,2.0,937.0,0.0,0.0,0.37780149413020275
15.0,4.0,43.0,0.6,0.1,0.6,2.0,928.0,0.0,0.0,0.38038793103448276
15.0,4.0,44.0,0.6,0.1,0.6,2.0,921.0,0.0,0.0,0.3789359391965255
15.0,4.0,45.0,0.6,0.1,0.6,2.0,894.0,0.0,0.0,0.6442953020134228
15.0,4.0,46.0,0.6,0.1,0.6,2.0,891.0,0.0,0.0,0.6442199775533108
15.0,4.0,47.0,0.6,0.1,0.6,2.0,882.0,0.0,0.0,0.6439909297052154
15.0,4.0,48.0,0.6,0.1,0.6,2.0,867.0,0.0,0.0,0.6424452133794695
15.0,4.0,49.0,0.6,0.1,0.6,2.0,861.0,0.0,0.0,0.6376306620209059
15.0,4.0,50.0,0.6,0.1,0.6,2.0,844.0,0.0,0.0,0.6386255924170616
15.0,4.0,51.0,0.6,0.1,0.6,2.0,836.0,0.0,0.0,0.6363636363636364
15.0,4.0,52.0,0.6,0.1,0.6,2.0,834.0,0.0,0.0,0.6366906474820144
15.0,5.0,1.0,0.6,0.1,0.6,2.0,825.0,0.0,0.0,0.6351515151515151
15.0,5.0,2.0,0.6,0.1,0.6,2.0,809.0,0.0,0.0,0.6365883807169345
15.0,5.0,3.0,0.6,0.1,0.6,2.0,800.0,0.0,0.0,0.63375
15.0,5.0,4.0,0.6,0.1,0.6,2.0,797.0,0.0,0.0,0.6348808030112923
15.0,5.0,5.0,0.6,0.1,0.6,2.0,790.0,0.0,0.0,0.6316455696202532
15.0,5.0,6.0,0.6,0.1,0.6,2.0,786.0,0.0,0.0,0.6323155216284987
15.0,5.0,7.0,0.6,0.1,0.6,2.0,780.0,0.0,0.0,0.6282051282051282
15.0,5.0,8.0,0.6,0.1,0.6,2.0,775.0,0.0,0.0,0.6335483870967742
15.0,5.0,9.0,0.6,0.1,0.6,2.0,765.0,0.0,0.0,0.6326797385620915
15.0,5.0,10.0,0.6,0.1,0.6,2.0,757.0,0.0,0.0,0.6367239101717305
15.0,5.0,11.0,0.6,0.1,0.6,2.0,747.0,0.0,0.0,0.6331994645247657
15.0,5.0,12.0,0.6,0.1,0.6,2.0,741.0,0.0,0.0,0.6410256410256411
15.0,5.0,13.0,0.6,0.1,0.6,2.0,727.0,0.0,0.0,0.6368638239339752
15.0,5.0,14.0,0.6,0.1,0.6,2.0,729.0,0.0,0.0,0.6419753086419753
15.0,5.0,15.0,0.6,0.1,0.6,2.0,724.0,0.0,0.0,0.6353591160220995
15.0,5.0,16.0,0.6,0.1,0.6,2.0,726.0,0.0,0.0,0.6391184573002755
15.0,5.0,17.0,0.6,0.1,0.6,2.0,721.0,0.0,0.0,0.636615811373093
15.0,5.0,18.0,0.6,0.1,0.6,2.0,710.0,0.0,0.0,0.6394366197183099
15.0,5.0,19.0,0.6,0.1,0.6,2.0,703.0,0.0,0.0,0.635846372688478
15.0,5.0,20.0,0.6,0.1,0.6,2.0,1246.0,0.0,0.0,0.3611556982343499
15.0,5.0,21.0,0.6,0.1,0.6,2.0,1195.0,0.0,0.0,0.3573221757322176
15.0,5.0,22.0,0.6,0.1,0.6,2.0,1196.0,0.0,0.0,0.35618729096989965
15.0,5.0,23.0,0.6,0.1,0.6,2.0,1091.0,0.0,0.0,0.3620531622364803
15.0,5.0,24.0,0.6,0.1,0.6,2.0,1081.0,0.0,0.0,0.3700277520814061
15.0,5.0,25.0,0.6,0.1,0.6,2.0,1062.0,0.0,0.0,0.3672316384180791
15.0,5.0,26.0,0.6,0.1,0.6,2.0,1074.0,0.0,0.0,0.36778398510242083
15.0,5.0,27.0,0.6,0.1,0.6,2.0,1051.0,0.0,0.0,0.36726926736441484
15.0,5.0,28.0,0.6,0.1,0.6,2.0,1035.0,0.0,0.0,0.3671497584541063
15.0,5.0,29.0,0.6,0.1,0.6,2.0,1018.0,0.0,0.0,0.3664047151277014
15.0,5.0,30.0,0.6,0.1,0.6,2.0,1019.0,0.0,0.0,0.36702649656526004
15.0,5.0,31.0,0.6,0.1,0.6,2.0,992.0,0.0,0.0,0.36693548387096775
15.0,5.0,32.0,0.6,0.1,0.6,2.0,972.0,0.0,0.0,0.3713991769547325
15.0,5.0,33.0,0.6,0.1,0.6,2.0,959.0,0.0,0.0,0.3680917622523462
15.0,5.0,34.0,0.6,0.1,0.6,2.0,956.0,0.0,0.0,0.3692468619246862
15.0,5.0,35.0,0.6,0.1,0.6,2.0,942.0,0.0,0.0,0.3662420382165605
15.0,5.0,36.0,0.6,0.1,0.6,2.0,929.0,0.0,0.0,0.3681377825618945
15.0,5.0,37.0,0.6,0.1,0.6,2.0,924.0,0.0,0.0,0.3647186147186147
15.0,5.0,38.0,0.6,0.1,0.6,2.0,928.0,0.0,0.0,0.36853448275862066
15.0,5.0,39.0,0.6,0.1,0.6,2.0,909.0,0.0,0.0,0.36523652365236525
15.0,5.0,40.0,0.6,0.1,0.6,2.0,919.0,0.0,0.0,0.367791077257889
15.0,5.0,41.0,0.6,0.1,0.6,2.0,908.0,0.0,0.0,0.3645374449339207
15.0,5.0,42.0,0.6,0.1,0.6,2.0,898.0,0.0,0.0,0.37082405345211583
15.0,5.0,43.0,0.6,0.1,0.6,2.0,880.0,0.0,0.0,0.3715909090909091
15.0,5.0,44.0,0.6,0.1,0.6,2.0,869.0,0.0,0.0,0.36823935558112775
15.0,5.0,45.0,0.6,0.1,0.6,2.0,838.0,0.0,0.0,0.649164677804296
15.0,5.0,46.0,0.6,0.1,0.6,2.0,839.0,0.0,0.0,0.6519666269368296
15.0,5.0,47.0,0.6,0.1,0.6,2.0,825.0,0.0,0.0,0.6533333333333333
15.0,5.0,48.0,0.6,0.1,0.6,2.0,838.0,0.0,0.0,0.6503579952267303
15.0,5.0,49.0,0.6,0.1,0.6,2.0,817.0,0.0,0.0,0.6511627906976745
15.0,5.0,50.0,0.6,0.1,0.6,2.0,826.0,0.0,0.0,0.6501210653753027
15.0,5.0,51.0,0.6,0.1,0.6,2.0,798.0,0.0,0.0,0.6516290726817042
15.0,5.0,52.0,0.6,0.1,0.6,2.0,807.0,0.0,0.0,0.6505576208178439
15.0,6.0,1.0,0.6,0.1,0.6,2.0,785.0,0.0,0.0,0.6509554140127388
15.0,6.0,2.0,0.6,0.1,0.6,2.0,793.0,0.0,0.0,0.6506935687263556
15.0,6.0,3.0,0.6,0.1,0.6,2.0,775.0,0.0,0.0,0.6529032258064517
15.0,6.0,4.0,0.6,0.1,0.6,2.0,784.0,0.0,0.0,0.6492346938775511
15.0,6.0,5.0,0.6,0.1,0.6,2.0,768.0,0.0,0.0,0.65234375
15.0,6.0,6.0,0.6,0.1,0.6,2.0,768.0,0.0,0.0,0.65234375
15.0,6.0,7.0,0.6,0.1,0.6,2.0,752.0,0.0,0.0,0.6555851063829787
15.0,6.0,8.0,0.6,0.1,0.6,2.0,746.0,0.0,0.0,0.6581769436997319
15.0,6.0,9.0,0.6,0.1,0.6,2.0,730.0,0.0,0.0,0.6616438356164384
15.0,6.0,10.0,0.6,0.1,0.6,2.0,725.0,0.0,0.0,0.6620689655172414
15.0,6.0,11.0,0.6,0.1,0.6,2.0,704.0,0.0,0.0,0.6661931818181818
15.0,6.0,12.0,0.6,0.1,0.6,2.0,703.0,0.0,0.0,0.6657183499288762
15.0,6.0,13.0,0.6,0.1,0.6,2.0,696.0,0.0,0.0,0.6666666666666666
15.0,6.0,14.0,0.6,0.1,0.6,2.0,698.0,0.0,0.0,0.667621776504298
15.0,6.0,15.0,0.6,0.1,0.6,2.0,689.0,0.0,0.0,0.6676342525399129
15.0,6.0,16.0,0.6,0.1,0.6,2.0,693.0,0.0,0.0,0.6681096681096681
15.0,6.0,17.0,0.6,0.1,0.6,2.0,685.0,0.0,0.0,0.6671532846715329
15.0,6.0,18.0,0.6,0.1,0.6,2.0,690.0,0.0,0.0,0.6681159420289855
15.0,6.0,19.0,0.6,0.1,0.6,2.0,682.0,0.0,0.0,0.6671554252199413
15.0,6.0,20.0,0.6,0.1,0.6,2.0,1238.0,0.0,0.0,0.37075928917609047
15.0,6.0,21.0,0.6,0.1,0.6,2.0,1202.0,0.0,0.0,0.37104825291181365
15.0,6.0,22.0,0.6,0.1,0.6,2.0,1136.0,0.0,0.0,0.3785211267605634
15.0,6.0,23.0,0.6,0.1,0.6,2.0,1106.0,0.0,0.0,0.3806509945750452
15.0,6.0,24.0,0.6,0.1,0.6,2.0,1093.0,0.0,0.0,0.38151875571820676
15.0,6.0,25.0,0.6,0.1,0.6,2.0,1038.0,0.0,0.0,0.38631984585741813
15.0,6.0,26.0,0.6,0.1,0.6,2.0,1030.0,0.0,0.0,0.38349514563106796
15.0,6.0,27.0,0.6,0.1,0.6,2.0,1022.0,0.0,0.0,0.38454011741682975
15.0,6.0,28.0,0.6,0.1,0.6,2.0,1010.0,0.0,0.0,0.38415841584158417
15.0,6.0,29.0,0.6,0.1,0.6,2.0,992.0,0.0,0.0,0.3840725806451613
15.0,6.0,30.0,0.6,0.1,0.6,2.0,961.0,0.0,0.0,0.3891779396462019
15.0,6.0,31.0,0.6,0.1,0.6,2.0,927.0,0.0,0.0,0.39158576051779936
15.0,6.0,32.0,0.6,0.1,0.6,2.0,922.0,0.0,0.0,0.3915401301518438
15.0,6.0,33.0,0.6,0.1,0.6,2.0,890.0,0.0,0.0,0.39325842696629215
15.0,6.0,34.0,0.6,0.1,0.6,2.0,890.0,0.0,0.0,0.39325842696629215
15.0,6.0,35.0,0.6,0.1,0.6,2.0,868.0,0.0,0.0,0.391705069124424
15.0,6.0,36.0,0.6,0.1,0.6,2.0,813.0,0.0,0.0,0.3985239852398524
15.0,6.0,37.0,0.6,0.1,0.6,2.0,807.0,0.0,0.0,0.39776951672862454
15.0,6.0,38.0,0.6,0.1,0.6,2.0,779.0,0.0,0.0,0.3992297817715019
15.0,6.0,39.0,0.6,0.1,0.6,2.0,772.0,0.0,0.0,0.40025906735751293
15.0,6.0,40.0,0.6,0.1,0.6,2.0,775.0,0.0,0.0,0.3987096774193548
15.0,6.0,41.0,0.6,0.1,0.6,2.0,768.0,0.0,0.0,0.3997395833333333
15.0,6.0,42.0,0.6,0.1,0.6,2.0,769.0,0.0,0.0,0.39791937581274384
15.0,6.0,43.0,0.6,0.1,0.6,2.0,749.0,0.0,0.0,0.40186915887850466
15.0,6.0,44.0,0.6,0.1,0.6,2.0,752.0,0.0,0.0,0.39893617021276595
15.0,6.0,45.0,0.6,0.1,0.6,2.0,748.0,0.0,0.0,0.6457219251336899
15.0,6.0,46.0,0.6,0.1,0.6,2.0,752.0,0.0,0.0,0.6449468085106383
15.0,6.0,47.0,0.6,0.1,0.6,2.0,744.0,0.0,0.0,0.646505376344086
15.0,6.0,48.0,0.6,0.1,0.6,2.0,746.0,0.0,0.0,0.6447721179624665
15.0,6.0,49.0,0.6,0.1,0.6,2.0,725.0,0.0,0.0,0.6482758620689655
15.0,6.0,50.0,0.6,0.1,0.6,2.0,727.0,0.0,0.0,0.6492434662998624
15.0,6.0,51.0,0.6,0.1,0.6,2.0,719.0,0.0,0.0,0.6467315716272601
15.0,6.0,52.0,0.6,0.1,0.6,2.0,721.0,0.0,0.0,0.6477115117891817
15.0,7.0,1.0,0.6,0.1,0.6,2.0,706.0,0.0,0.0,0.6529745042492918
15.0,7.0,2.0,0.6,0.1,0.6,2.0,707.0,0.0,0.0,0.6506364922206507
15.0,7.0,3.0,0.6,0.1,0.6,2.0,700.0,0.0,0.0,0.6528571428571428
15.0,7.0,4.0,0.6,0.1,0.6,2.0,704.0,0.0,0.0,0.6519886363636364
15.0,7.0,5.0,0.6,0.1,0.6,2.0,698.0,0.0,0.0,0.6532951289398281
15.0,7.0,6.0,0.6,0.1,0.6,2.0,700.0,0.0,0.0,0.6542857142857142
15.0,7.0,7.0,0.6,0.1,0.6,2.0,690.0,0.0,0.0,0.6565217391304348
15.0,7.0,8.0,0.6,0.1,0.6,2.0,691.0,0.0,0.0,0.6570188133140377
15.0,7.0,9.0,0.6,0.1,0.6,2.0,664.0,0.0,0.0,0.661144578313253
15.0,7.0,10.0,0.6,0.1,0.6,2.0,669.0,0.0,0.0,0.6606875934230194
15.0,7.0,11.0,0.6,0.1,0.6,2.0,662.0,0.0,0.0,0.6616314199395771
15.0,7.0,12.0,0.6,0.1,0.6,2.0,663.0,0.0,0.0,0.6606334841628959
15.0,7.0,13.0,0.6,0.1,0.6,2.0,657.0,0.0,0.0,0.6605783866057838
15.0,7.0,14.0,0.6,0.1,0.6,2.0,662.0,0.0,0.0,0.6601208459214502
15.0,7.0,15.0,0.6,0.1,0.6,2.0,656.0,0.0,0.0,0.6600609756097561
15.0,7.0,16.0,0.6,0.1,0.6,2.0,659.0,0.0,0.0,0.661608497723824
15.0,7.0,17.0,0.6,0.1,0.6,2.0,653.0,0.0,0.0,0.6615620214395099
15.0,7.0,18.0,0.6,0.1,0.6,2.0,657.0,0.0,0.0,0.6605783866057838
15.0,7.0,19.0,0.6,0.1,0.6,2.0,653.0,0.0,0.0,0.6615620214395099
15.0,7.0,20.0,0.6,0.1,0.6,2.0,1198.0,0.0,0.0,0.3631051752921536
15.0,7.0,21.0,0.6,0.1,0.6,2.0,1196.0,0.0,0.0,0.3603678929765886
15.0,7.0,22.0,0.6,0.1,0.6,2.0,1165.0,0.0,0.0,0.36394849785407724
15.0,7.0,23.0,0.6,0.1,0.6,2.0,1126.0,0.0,0.0,0.3614564831261101
15.0,7.0,24.0,0.6,0.1,0.6,2.0,1120.0,0.0,0.0,0.36428571428571427
15.0,7.0,25.0,0.6,0.1,0.6,2.0,1080.0,0.0,0.0,0.36574074074074076
15.0,7.0,26.0,0.6,0.1,0.6,2.0,1065.0,0.0,0.0,0.3643192488262911
15.0,7.0,27.0,0.6,0.1,0.6,2.0,1032.0,0.0,0.0,0.3653100775193798
15.0,7.0,28.0,0.6,0.1,0.6,2.0,1028.0,0.0,0.0,0.3667315175097276
15.0,7.0,29.0,0.6,0.1,0.6,2.0,1010.0,0.0,0.0,0.36633663366336633
15.0,7.0,30.0,0.6,0.1,0.6,2.0,1003.0,0.0,0.0,0.3708873379860419
15.0,7.0,31.0,0.6,0.1,0.6,2.0,985.0,0.0,0.0,0.3695431472081218
15.0,7.0,32.0,0.6,0.1,0.6,2.0,965.0,0.0,0.0,0.37305699481865284
15.0,7.0,33.0,0.6,0.1,0.6,2.0,952.0,0.0,0.0,0.36764705882352944
15.0,7.0,34.0,0.6,0.1,0.6,2.0,905.0,0.0,0.0,0.3723756906077348
15.0,7.0,35.0,0.6,0.1,0.6,2.0,875.0,0.0,0.0,0.37485714285714283
15.0,7.0,36.0,0.6,0.1,0.6,2.0,866.0,0.0,0.0,0.3787528868360277
15.0,7.0,37.0,0.6,0.1,0.6,2.0,868.0,0.0,0.0,0.3778801843317972
15.0,7.0,38.0,0.6,0.1,0.6,2.0,843.0,0.0,0.0,0.38552787663107946
15.0,7.0,39.0,0.6,0.1,0.6,2.0,836.0,0.0,0.0,0.3839712918660287
15.0,7.0,40.0,0.6,0.1,0.6,2.0,814.0,0.0,0.0,0.3894348894348894
15.0,7.0,41.0,0.6,0.1,0.6,2.0,807.0,0.0,0.0,0.3878562577447336
15.0,7.0,42.0,0.6,0.1,0.6,2.0,791.0,0.0,0.0,0.3906447534766119
15.0,7.0,43.0,0.6,0.1,0.6,2.0,786.0,0.0,0.0,0.3905852417302799
15.0,7.0,44.0,0.6,0.1,0.6,2.0,771.0,0.0,0.0,0.38910505836575876
15.0,7.0,45.0,0.6,0.1,0.6,2.0,770.0,0.0,0.0,0.6402597402597403
15.0,7.0,46.0,0.6,0.1,0.6,2.0,770.0,0.0,0.0,0.6415584415584416
15.0,7.0,47.0,0.6,0.1,0.6,2.0,767.0,0.0,0.0,0.6414602346805737
15.0,7.0,48.0,0.6,0.1,0.6,2.0,762.0,0.0,0.0,0.6443569553805775
15.0,7.0,49.0,0.6,0.1,0.6,2.0,756.0,0.0,0.0,0.6455026455026455
15.0,7.0,50.0,0.6,0.1,0.6,2.0,749.0,0.0,0.0,0.6461949265687583
15.0,7.0,51.0,0.6,0.1,0.6,2.0,746.0,0.0,0.0,0.6434316353887399
15.0,7.0,52.0,0.6,0.1,0.6,2.0,750.0,0.0,0.0,0.6453333333333333
15.0,8.0,1.0,0.6,0.1,0.6,2.0,725.0,0.0,0.0,0.646896551724138
15.0,8.0,2.0,0.6,0.1,0.6,2.0,705.0,0.0,0.0,0.649645390070922
15.0,8.0,3.0,0.6,0.1,0.6,2.0,700.0,0.0,0.0,0.65
15.0,8.0,4.0,0.6,0.1,0.6,2.0,703.0,0.0,0.0,0.6500711237553343
15.0,8.0,5.0,0.6,0.1,0.6,2.0,698.0,0.0,0.0,0.6489971346704871
15.0,8.0,6.0,0.6,0.1,0.6,2.0,701.0,0.0,0.0,0.6504992867332382
15.0,8.0,7.0,0.6,0.1,0.6,2.0,696.0,0.0,0.0,0.6508620689655172
15.0,8.0,8.0,0.6,0.1,0.6,2.0,698.0,0.0,0.0,0.6547277936962751
15.0,8.0,9.0,0.6,0.1,0.6,2.0,691.0,0.0,0.0,0.6526772793053546
15.0,8.0,10.0,0.6,0.1,0.6,2.0,685.0,0.0,0.0,0.656934306569343
15.0,8.0,11.0,0.6,0.1,0.6,2.0,680.0,0.0,0.0,0.6602941176470588
15.0,8.0,12.0,0.6,0.1,0.6,2.0,669.0,0.0,0.0,0.6576980568011959
15.0,8.0,13.0,0.6,0.1,0.6,2.0,660.0,0.0,0.0,0.6621212121212121
15.0,8.0,14.0,0.6,0.1,0.6,2.0,663.0,0.0,0.0,0.6606334841628959
15.0,8.0,15.0,0.6,0.1,0.6,2.0,657.0,0.0,0.0,0.6636225266362252
15.0,8.0,16.0,0.6,0.1,0.6,2.0,645.0,0.0,0.0,0.6651162790697674
15.0,8.0,17.0,0.6,0.1,0.6,2.0,638.0,0.0,0.0,0.6677115987460815
15.0,8.0,18.0,0.6,0.1,0.6,2.0,644.0,0.0,0.0,0.6661490683229814
15.0,8.0,19.0,0.6,0.1,0.6,2.0,636.0,0.0,0.0,0.6682389937106918
15.0,8.0,20.0,0.6,0.1,0.6,2.0,1138.0,0.0,0.0,0.37609841827768015
15.0,8.0,21.0,0.6,0.1,0.6,2.0,1080.0,0.0,0.0,0.38425925925925924
15.0,8.0,22.0,0.6,0.1,0.6,2.0,1062.0,0.0,0.0,0.3888888888888889
15.0,8.0,23.0,0.6,0.1,0.6,2.0,1025.0,0.0,0.0,0.3960975609756098
15.0,8.0,24.0,0.6,0.1,0.6,2.0,998.0,0.0,0.0,0.39879759519038077
15.0,8.0,25.0,0.6,0.1,0.6,2.0,967.0,0.0,0.0,0.4012409513960703
15.0,8.0,26.0,0.6,0.1,0.6,2.0,979.0,0.0,0.0,0.39938712972420837
15.0,8.0,27.0,0.6,0.1,0.6,2.0,927.0,0.0,0.0,0.4002157497303128
15.0,8.0,28.0,0.6,0.1,0.6,2.0,916.0,0.0,0.0,0.4028384279475983
15.0,8.0,29.0,0.6,0.1,0.6,2.0,916.0,0.0,0.0,0.4028384279475983
15.0,8.0,30.0,0.6,0.1,0.6,2.0,898.0,0.0,0.0,0.4042316258351893
15.0,8.0,31.0,0.6,0.1,0.6,2.0,897.0,0.0,0.0,0.40468227424749165
15.0,8.0,32.0,0.6,0.1,0.6,2.0,879.0,0.0,0.0,0.40955631399317405
15.0,8.0,33.0,0.6,0.1,0.6,2.0,862.0,0.0,0.0,0.41415313225058004
15.0,8.0,34.0,0.6,0.1,0.6,2.0,863.0,0.0,0.0,0.41367323290845887
15.0,8.0,35.0,0.6,0.1,0.6,2.0,841.0,0.0,0.0,0.4161712247324614
15.0,8.0,36.0,0.6,0.1,0.6,2.0,828.0,0.0,0.0,0.4178743961352657
15.0,8.0,37.0,0.6,0.1,0.6,2.0,829.0,0.0,0.0,0.41737032569360677
15.0,8.0,38.0,0.6,0.1,0.6,2.0,828.0,0.0,0.0,0.4178743961352657
15.0,8.0,39.0,0.6,0.1,0.6,2.0,828.0,0.0,0.0,0.4178743961352657
15.0,8.0,40.0,0.6,0.1,0.6,2.0,826.0,0.0,0.0,0.41767554479418884
15.0,8.0,41.0,0.6,0.1,0.6,2.0,809.0,0.0,0.0,0.42027194066749074
15.0,8.0,42.0,0.6,0.1,0.6,2.0,795.0,0.0,0.0,0.4238993710691824
15.0,8.0,43.0,0.6,0.1,0.6,2.0,793.0,0.0,0.0,0.42370744010088274
15.0,8.0,44.0,0.6,0.1,0.6,2.0,794.0,0.0,0.0,0.4244332493702771
15.0,8.0,45.0,0.6,0.1,0.6,2.0,783.0,0.0,0.0,0.6513409961685823
15.0,8.0,46.0,0.6,0.1,0.6,2.0,783.0,0.0,0.0,0.6526181353767561
15.0,8.0,47.0,0.6,0.1,0.6,2.0,783.0,0.0,0.0,0.6513409961685823
15.0,8.0,48.0,0.6,0.1,0.6,2.0,783.0,0.0,0.0,0.6526181353767561
15.0,8.0,49.0,0.6,0.1,0.6,2.0,783.0,0.0,0.0,0.6513409961685823
15.0,8.0,50.0,0.6,0.1,0.6,2.0,786.0,0.0,0.0,0.6526717557251909
15.0,8.0,51.0,0.6,0.1,0.6,2.0,786.0,0.0,0.0,0.6526717557251909
15.0,8.0,52.0,0.6,0.1,0.6,2.0,787.0,0.0,0.0,0.6531130876747141
15.0,9.0,1.0,0.6,0.1,0.6,2.0,785.0,0.0,0.0,0.6522292993630573
15.0,9.0,2.0,0.6,0.1,0.6,2.0,783.0,0.0,0.0,0.6538952745849298
15.0,9.0,3.0,0.6,0.1,0.6,2.0,784.0,0.0,0.0,0.6530612244897959
15.0,9.0,4.0,0.6,0.1,0.6,2.0,783.0,0.0,0.0,0.6538952745849298
15.0,9.0,5.0,0.6,0.1,0.6,2.0,784.0,0.0,0.0,0.6543367346938775
15.0,9.0,6.0,0.6,0.1,0.6,2.0,769.0,0.0,0.0,0.6566970091027308
15.0,9.0,7.0,0.6,0.1,0.6,2.0,769.0,0.0,0.0,0.657997399219766
15.0,9.0,8.0,0.6,0.1,0.6,2.0,763.0,0.0,0.0,0.6592398427260813
15.0,9.0,9.0,0.6,0.1,0.6,2.0,756.0,0.0,0.0,0.6587301587301587
15.0,9.0,10.0,0.6,0.1,0.6,2.0,750.0,0.0,0.0,0.6613333333333333
15.0,9.0,11.0,0.6,0.1,0.6,2.0,747.0,0.0,0.0,0.6599732262382865
15.0,9.0,12.0,0.6,0.1,0.6,2.0,746.0,0.0,0.0,0.6635388739946381
15.0,9.0,13.0,0.6,0.1,0.6,2.0,745.0,0.0,0.0,0.661744966442953
15.0,9.0,14.0,0.6,0.1,0.6,2.0,746.0,0.0,0.0,0.6621983914209115
15.0,9.0,15.0,0.6,0.1,0.6,2.0,744.0,0.0,0.0,0.6599462365591398
15.0,9.0,16.0,0.6,0.1,0.6,2.0,734.0,0.0,0.0,0.6634877384196185
15.0,9.0,17.0,0.6,0.1,0.6,2.0,732.0,0.0,0.0,0.662568306010929
15.0,9.0,18.0,0.6,0.1,0.6,2.0,733.0,0.0,0.0,0.6643929058663028
15.0,9.0,19.0,0.6,0.1,0.6,2.0,732.0,0.0,0.0,0.6639344262295082
15.0,9.0,20.0,0.6,0.1,0.6,2.0,1186.0,0.0,0.0,0.3954468802698145
15.0,9.0,21.0,0.6,0.1,0.6,2.0,1157.0,0.0,0.0,0.39844425237683667
15.0,9.0,22.0,0.6,0.1,0.6,2.0,1122.0,0.0,0.0,0.40463458110516937
15.0,9.0,23.0,0.6,0.1,0.6,2.0,1109.0,0.0,0.0,0.4048692515779982
15.0,9.0,24.0,0.6,0.1,0.6,2.0,1083.0,0.0,0.0,0.40627885503231764
15.0,9.0,25.0,0.6,0.1,0.6,2.0,1066.0,0.0,0.0,0.4080675422138837
15.0,9.0,26.0,0.6,0.1,0.6,2.0,1064.0,0.0,0.0,0.4107142857142857
15.0,9.0,27.0,0.6,0.1,0.6,2.0,1038.0,0.0,0.0,0.40655105973025046
15.0,9.0,28.0,0.6,0.1,0.6,2.0,1018.0,0.0,0.0,0.40962671905697445
15.0,9.0,29.0,0.6,0.1,0.6,2.0,1017.0,0.0,0.0,0.408062930186824
15.0,9.0,30.0,0.6,0.1,0.6,2.0,992.0,0.0,0.0,0.40826612903225806
15.0,9.0,31.0,0.6,0.1,0.6,2.0,980.0,0.0,0.0,0.4091836734693878
15.0,9.0,32.0,0.6,0.1,0.6,2.0,980.0,0.0,0.0,0.41122448979591836
15.0,9.0,33.0,0.6,0.1,0.6,2.0,966.0,0.0,0.0,0.4109730848861284
15.0,9.0,34.0,0.6,0.1,0.6,2.0,953.0,0.0,0.0,0.41343126967471144
15.0,9.0,35.0,0.6,0.1,0.6,2.0,912.0,0.0,0.0,0.41885964912280704
15.0,9.0,36.0,0.6,0.1,0.6,2.0,911.0,0.0,0.0,0.42151481888035125
15.0,9.0,37.0,0.6,0.1,0.6,2.0,913.0,0.0,0.0,0.4184008762322015
15.0,9.0,38.0,0.6,0.1,0.6,2.0,912.0,0.0,0.0,0.42105263157894735
15.0,9.0,39.0,0.6,0.1,0.6,2.0,902.0,0.0,0.0,0.42017738359201773
15.0,9.0,40.0,0.6,0.1,0.6,2.0,899.0,0.0,0.0,0.42269187986651835
15.0,9.0,41.0,0.6,0.1,0.6,2.0,885.0,0.0,0.0,0.42824858757062145
15.0,9.0,42.0,0.6,0.1,0.6,2.0,851.0,0.0,0.0,0.4406580493537015
15.0,9.0,43.0,0.6,0.1,0.6,2.0,852.0,0.0,0.0,0.43779342723004694
15.0,9.0,44.0,0.6,0.1,0.6,2.0,826.0,0.0,0.0,0.4443099273607748
15.0,9.0,45.0,0.6,0.1,0.6,2.0,829.0,0.0,0.0,0.6658624849215923
15.0,9.0,46.0,0.6,0.1,0.6,2.0,826.0,0.0,0.0,0.6682808716707022
15.0,9.0,47.0,0.6,0.1,0.6,2.0,818.0,0.0,0.0,0.6650366748166259
15.0,9.0,48.0,0.6,0.1,0.6,2.0,803.0,0.0,0.0,0.663760896637609
15.0,9.0,49.0,0.6,0.1,0.6,2.0,806.0,0.0,0.0,0.6612903225806451
15.0,9.0,50.0,0.6,0.1,0.6,2.0,802.0,0.0,0.0,0.6608478802992519
15.0,9.0,51.0,0.6,0.1,0.6,2.0,809.0,0.0,0.0,0.6588380716934487
15.0,9.0,52.0,0.6,0.1,0.6,2.0,805.0,0.0,0.0,0.6596273291925466
15.0,10.0,1.0,0.6,0.1,0.6,2.0,805.0,0.0,0.0,0.6608695652173913
15.0,10.0,2.0,0.6,0.1,0.6,2.0,800.0,0.0,0.0,0.6625
15.0,10.0,3.0,0.6,0.1,0.6,2.0,804.0,0.0,0.0,0.6604477611940298
15.0,10.0,4.0,0.6,0.1,0.6,2.0,799.0,0.0,0.0,0.6620775969962454
15.0,10.0,5.0,0.6,0.1,0.6,2.0,798.0,0.0,0.0,0.6641604010025063
15.0,10.0,6.0,0.6,0.1,0.6,2.0,797.0,0.0,0.0,0.6649937264742786
15.0,10.0,7.0,0.6,0.1,0.6,2.0,794.0,0.0,0.0,0.6675062972292192
15.0,10.0,8.0,0.6,0.1,0.6,2.0,788.0,0.0,0.0,0.6725888324873096
15.0,10.0,9.0,0.6,0.1,0.6,2.0,788.0,0.0,0.0,0.6713197969543148
15.0,10.0,10.0,0.6,0.1,0.6,2.0,778.0,0.0,0.0,0.6773778920308483
15.0,10.0,11.0,0.6,0.1,0.6,2.0,781.0,0.0,0.0,0.676056338028169
15.0,10.0,12.0,0.6,0.1,0.6,2.0,776.0,0.0,0.0,0.6791237113402062
15.0,10.0,13.0,0.6,0.1,0.6,2.0,775.0,0.0,0.0,0.6774193548387096
15.0,10.0,14.0,0.6,0.1,0.6,2.0,760.0,0.0,0.0,0.6763157894736842
15.0,10.0,15.0,0.6,0.1,0.6,2.0,763.0,0.0,0.0,0.6762778505897772
15.0,10.0,16.0,0.6,0.1,0.6,2.0,749.0,0.0,0.0,0.6809078771695594
15.0,10.0,17.0,0.6,0.1,0.6,2.0,753.0,0.0,0.0,0.6799468791500664
15.0,10.0,18.0,0.6,0.1,0.6,2.0,749.0,0.0,0.0,0.6809078771695594
15.0,10.0,19.0,0.6,0.1,0.6,2.0,748.0,0.0,0.0,0.6818181818181818
15.0,10.0,20.0,0.6,0.1,0.6,2.0,1248.0,0.0,0.0,0.3854166666666667
15.0,10.0,21.0,0.6,0.1,0.6,2.0,1230.0,0.0,0.0,0.3886178861788618
15.0,10.0,22.0,0.6,0.1,0.6,2.0,1170.0,0.0,0.0,0.39316239316239315
15.0,10.0,23.0,0.6,0.1,0.6,2.0,1112.0,0.0,0.0,0.3983812949640288
15.0,10.0,24.0,0.6,0.1,0.6,2.0,1080.0,0.0,0.0,0.4
15.0,10.0,25.0,0.6,0.1,0.6,2.0,1080.0,0.0,0.0,0.40185185185185185
15.0,10.0,26.0,0.6,0.1,0.6,2.0,1054.0,0.0,0.0,0.40417457305502846
15.0,10.0,27.0,0.6,0.1,0.6,2.0,1045.0,0.0,0.0,0.40669856459330145
15.0,10.0,28.0,0.6,0.1,0.6,2.0,1029.0,0.0,0.0,0.4071914480077745
15.0,10.0,29.0,0.6,0.1,0.6,2.0,1031.0,0.0,0.0,0.40834141610087293
15.0,10.0,30.0,0.6,0.1,0.6,2.0,1028.0,0.0,0.0,0.4066147859922179
15.0,10.0,31.0,0.6,0.1,0.6,2.0,943.0,0.0,0.0,0.4209968186638388
15.0,10.0,32.0,0.6,0.1,0.6,2.0,917.0,0.0,0.0,0.42202835332606325
15.0,10.0,33.0,0.6,0.1,0.6,2.0,913.0,0.0,0.0,0.4249726177437021
15.0,10.0,34.0,0.6,0.1,0.6,2.0,910.0,0.0,0.0,0.4230769230769231
15.0,10.0,35.0,0.6,0.1,0.6,2.0,902.0,0.0,0.0,0.4246119733924612
15.0,10.0,36.0,0.6,0.1,0.6,2.0,855.0,0.0,0.0,0.4304093567251462
15.0,10.0,37.0,0.6,0.1,0.6,2.0,858.0,0.0,0.0,0.4324009324009324
15.0,10.0,38.0,0.6,0.1,0.6,2.0,855.0,0.0,0.0,0.4304093567251462
15.0,10.0,39.0,0.6,0.1,0.6,2.0,833.0,0.0,0.0,0.4381752701080432
15.0,10.0,40.0,0.6,0.1,0.6,2.0,830.0,0.0,0.0,0.43614457831325304
15.0,10.0,41.0,0.6,0.1,0.6,2.0,833.0,0.0,0.0,0.4381752701080432
15.0,10.0,42.0,0.6,0.1,0.6,2.0,825.0,0.0,0.0,0.43757575757575756
15.0,10.0,43.0,0.6,0.1,0.6,2.0,828.0,0.0,0.0,0.4396135265700483
15.0,10.0,44.0,0.6,0.1,0.6,2.0,825.0,0.0,0.0,0.43757575757575756
15.0,10.0,45.0,0.6,0.1,0.6,2.0,828.0,0.0,0.0,0.6642512077294686
15.0,10.0,46.0,0.6,0.1,0.6,2.0,825.0,0.0,0.0,0.6630303030303031
15.0,10.0,47.0,0.6,0.1,0.6,2.0,828.0,0.0,0.0,0.6642512077294686
15.0,10.0,48.0,0.6,0.1,0.6,2.0,825.0,0.0,0.0,0.6630303030303031
15.0,10.0,49.0,0.6,0.1,0.6,2.0,827.0,0.0,0.0,0.6638452237001209
15.0,10.0,50.0,0.6,0.1,0.6,2.0,808.0,0.0,0.0,0.6596534653465347
15.0,10.0,51.0,0.6,0.1,0.6,2.0,811.0,0.0,0.0,0.6621454993834772
15.0,10.0,52.0,0.6,0.1,0.6,2.0,805.0,0.0,0.0,0.6608695652173913
16.0,1.0,1.0,0.6,0.1,0.6,2.0,5203.0,54.0,10.0,0.5940803382663847
16.0,1.0,2.0,0.6,0.1,0.6,2.0,5192.0,55.0,26.0,0.5968798151001541
16.0,1.0,3.0,0.6,0.1,0.6,2.0,5171.0,66.0,37.0,0.5962096306323729
16.0,1.0,4.0,0.6,0.1,0.6,2.0,5064.0,66.0,35.0,0.594391785150079
16.0,1.0,5.0,0.6,0.1,0.6,2.0,5091.0,67.0,32.0,0.5955607935572579
16.0,1.0,6.0,0.6,0.1,0.6,2.0,4963.0,72.0,29.0,0.5958089865001007
16.0,1.0,7.0,0.6,0.1,0.6,2.0,4804.0,78.0,31.0,0.5967943380516236
16.0,1.0,8.0,0.6,0.1,0.6,2.0,4627.0,87.0,32.0,0.5943375837475686
16.0,1.0,9.0,0.6,0.1,0.6,2.0,4480.0,90.0,37.0,0.5984375
16.0,1.0,10.0,0.6,0.1,0.6,2.0,4348.0,91.0,41.0,0.6016559337626495
16.0,1.0,11.0,0.6,0.1,0.6,2.0,4265.0,88.0,48.0,0.6060961313012896
16.0,1.0,12.0,0.6,0.1,0.6,2.0,4044.0,85.0,43.0,0.607566765578635
16.0,1.0,13.0,0.6,0.1,0.6,2.0,3920.0,83.0,38.0,0.6084183673469388
16.0,1.0,14.0,0.6,0.1,0.6,2.0,3820.0,83.0,36.0,0.6112565445026178
16.0,1.0,15.0,0.6,0.1,0.6,2.0,3708.0,80.0,39.0,0.6121898597626753
16.0,1.0,16.0,0.6,0.1,0.6,2.0,3619.0,76.0,39.0,0.6128764852169107
16.0,1.0,17.0,0.6,0.1,0.6,2.0,3555.0,72.0,40.0,0.6171589310829817
16.0,1.0,18.0,0.6,0.1,0.6,2.0,3513.0,67.0,39.0,0.6191289496157131
16.0,1.0,19.0,0.6,0.1,0.6,2.0,3465.0,66.0,35.0,0.6216450216450217
16.0,1.0,20.0,0.6,0.1,0.6,2.0,6599.0,59.0,31.0,0.32398848310350054
16.0,1.0,21.0,0.6,0.1,0.6,2.0,6225.0,91.0,25.0,0.32995983935742973
16.0,1.0,22.0,0.6,0.1,0.6,2.0,5850.0,102.0,33.0,0.3333333333333333
16.0,1.0,23.0,0.6,0.1,0.6,2.0,5579.0,126.0,42.0,0.3378741709983868
16.0,1.0,24.0,0.6,0.1,0.6,2.0,5306.0,150.0,53.0,0.34074632491519036
16.0,1.0,25.0,0.6,0.1,0.6,2.0,5090.0,156.0,64.0,0.3424361493123772
16.0,1.0,26.0,0.6,0.1,0.6,2.0,4826.0,190.0,64.0,0.35142975549108996
16.0,1.0,27.0,0.6,0.1,0.6,2.0,4665.0,185.0,72.0,0.35262593783494106
16.0,1.0,28.0,0.6,0.1,0.6,2.0,4445.0,203.0,75.0,0.3597300337457818
16.0,1.0,29.0,0.6,0.1,0.6,2.0,4250.0,210.0,90.0,0.3604705882352941
16.0,1.0,30.0,0.6,0.1,0.6,2.0,4035.0,230.0,97.0,0.3660470879801735
16.0,1.0,31.0,0.6,0.1,0.6,2.0,3812.0,221.0,97.0,0.37355718782791186
16.0,1.0,32.0,0.6,0.1,0.6,2.0,3658.0,225.0,92.0,0.3791689447785675
16.0,1.0,33.0,0.6,0.1,0.6,2.0,3475.0,208.0,101.0,0.3841726618705036
16.0,1.0,34.0,0.6,0.1,0.6,2.0,3362.0,210.0,106.0,0.38994646044021414
16.0,1.0,35.0,0.6,0.1,0.6,2.0,3227.0,209.0,99.0,0.3941741555624419
16.0,1.0,36.0,0.6,0.1,0.6,2.0,3047.0,200.0,89.0,0.4056448966196259
16.0,1.0,37.0,0.6,0.1,0.6,2.0,2968.0,194.0,94.0,0.41206199460916443
16.0,1.0,38.0,0.6,0.1,0.6,2.0,2868.0,190.0,94.0,0.41562064156206413
16.0,1.0,39.0,0.6,0.1,0.6,2.0,2783.0,177.0,93.0,0.42112827883578874
16.0,1.0,40.0,0.6,0.1,0.6,2.0,2646.0,158.0,78.0,0.4308390022675737
16.0,1.0,41.0,0.6,0.1,0.6,2.0,2580.0,139.0,70.0,0.437984496124031
16.0,1.0,42.0,0.6,0.1,0.6,2.0,2456.0,107.0,60.0,0.44340390879478825
16.0,1.0,43.0,0.6,0.1,0.6,2.0,2420.0,102.0,54.0,0.4462809917355372
16.0,1.0,44.0,0.6,0.1,0.6,2.0,2318.0,101.0,56.0,0.4542709232096635
16.0,1.0,45.0,0.6,0.1,0.6,2.0,2279.0,100.0,43.0,0.6761737604212373
16.0,1.0,46.0,0.6,0.1,0.6,2.0,2217.0,89.0,42.0,0.6792963464140731
16.0,1.0,47.0,0.6,0.1,0.6,2.0,2160.0,72.0,41.0,0.6828703703703703
16.0,1.0,48.0,0.6,0.1,0.6,2.0,2101.0,65.0,43.0,0.6820561637315564
16.0,1.0,49.0,0.6,0.1,0.6,2.0,2058.0,56.0,38.0,0.6841593780369291
16.0,1.0,50.0,0.6,0.1,0.6,2.0,2008.0,42.0,27.0,0.6877490039840638
16.0,1.0,51.0,0.6,0.1,0.6,2.0,1990.0,32.0,24.0,0.6889447236180904
16.0,1.0,52.0,0.6,0.1,0.6,2.0,1945.0,23.0,16.0,0.6910025706940874
16.0,2.0,1.0,0.6,0.1,0.6,2.0,1908.0,17.0,12.0,0.6933962264150944
16.0,2.0,2.0,0.6,0.1,0.6,2.0,1876.0,11.0,6.0,0.6950959488272921
16.0,2.0,3.0,0.6,0.1,0.6,2.0,1847.0,11.0,5.0,0.6935571196534922
16.0,2.0,4.0,0.6,0.1,0.6,2.0,1799.0,8.0,4.0,0.697609783212896
16.0,2.0,5.0,0.6,0.1,0.6,2.0,1789.0,7.0,4.0,0.6975964225824483
16.0,2.0,6.0,0.6,0.1,0.6,2.0,1753.0,8.0,5.0,0.6988020536223617
16.0,2.0,7.0,0.6,0.1,0.6,2.0,1729.0,7.0,3.0,0.7015615962984384
16.0,2.0,8.0,0.6,0.1,0.6,2.0,1698.0,5.0,2.0,0.7037691401648999
16.0,2.0,9.0,0.6,0.1,0.6,2.0,1680.0,4.0,2.0,0.7053571428571429
16.0,2.0,10.0,0.6,0.1,0.6,2.0,1645.0,4.0,3.0,0.7094224924012158
16.0,2.0,11.0,0.6,0.1,0.6,2.0,1613.0,3.0,2.0,0.7117172969621822
16.0,2.0,12.0,0.6,0.1,0.6,2.0,1589.0,2.0,2.0,0.7136563876651982
16.0,2.0,13.0,0.6,0.1,0.6,2.0,1576.0,1.0,1.0,0.7157360406091371
16.0,2.0,14.0,0.6,0.1,0.6,2.0,1568.0,1.0,1.0,0.7130102040816326
16.0,2.0,15.0,0.6,0.1,0.6,2.0,1545.0,0.0,0.0,0.713915857605178
16.0,2.0,16.0,0.6,0.1,0.6,2.0,1534.0,0.0,0.0,0.711864406779661
16.0,2.0,17.0,0.6,0.1,0.6,2.0,1520.0,0.0,0.0,0.7131578947368421
16.0,2.0,18.0,0.6,0.1,0.6,2.0,1505.0,0.0,0.0,0.7136212624584718
16.0,2.0,19.0,0.6,0.1,0.6,2.0,1494.0,0.0,0.0,0.715528781793842
16.0,2.0,20.0,0.6,0.1,0.6,2.0,2785.0,0.0,0.0,0.3791741472172352
16.0,2.0,21.0,0.6,0.1,0.6,2.0,2748.0,0.0,0.0,0.37954876273653565
16.0,2.0,22.0,0.6,0.1,0.6,2.0,2701.0,0.0,0.0,0.3798593113661607
16.0,2.0,23.0,0.6,0.1,0.6,2.0,2601.0,0.0,0.0,0.3806228373702422
16.0,2.0,24.0,0.6,0.1,0.6,2.0,2544.0,0.0,0.0,0.37971698113207547
16.0,2.0,25.0,0.6,0.1,0.6,2.0,2460.0,0.0,0.0,0.38170731707317074
16.0,2.0,26.0,0.6,0.1,0.6,2.0,2341.0,0.0,0.0,0.3827424177701837
16.0,2.0,27.0,0.6,0.1,0.6,2.0,2304.0,0.0,0.0,0.3819444444444444
16.0,2.0,28.0,0.6,0.1,0.6,2.0,2221.0,0.0,0.0,0.38316073840612336
16.0,2.0,29.0,0.6,0.1,0.6,2.0,2146.0,0.0,0.0,0.38397017707362535
16.0,2.0,30.0,0.6,0.1,0.6,2.0,2062.0,0.0,0.0,0.3860329776915616
16.0,2.0,31.0,0.6,0.1,0.6,2.0,1987.0,0.0,0.0,0.3920483140412682
16.0,2.0,32.0,0.6,0.1,0.6,2.0,1929.0,0.0,0.0,0.39450492483151894
16.0,2.0,33.0,0.6,0.1,0.6,2.0,1892.0,0.0,0.0,0.39587737843551796
16.0,2.0,34.0,0.6,0.1,0.6,2.0,1829.0,0.0,0.0,0.39529797703663205
16.0,2.0,35.0,0.6,0.1,0.6,2.0,1800.0,0.0,0.0,0.39555555555555555
16.0,2.0,36.0,0.6,0.1,0.6,2.0,1749.0,0.0,0.0,0.39622641509433965
16.0,2.0,37.0,0.6,0.1,0.6,2.0,1710.0,0.0,0.0,0.39883040935672515
16.0,2.0,38.0,0.6,0.1,0.6,2.0,1699.0,0.0,0.0,0.3961153619776339
16.0,2.0,39.0,0.6,0.1,0.6,2.0,1629.0,0.0,0.0,0.3996316758747698
16.0,2.0,40.0,0.6,0.1,0.6,2.0,1594.0,0.0,0.0,0.4002509410288582
16.0,2.0,41.0,0.6,0.1,0.6,2.0,1586.0,0.0,0.0,0.39974779319041615
16.0,2.0,42.0,0.6,0.1,0.6,2.0,1526.0,0.0,0.0,0.4043250327653997
16.0,2.0,43.0,0.6,0.1,0.6,2.0,1518.0,0.0,0.0,0.4038208168642951
16.0,2.0,44.0,0.6,0.1,0.6,2.0,1475.0,0.0,0.0,0.4061016949152542
16.0,2.0,45.0,0.6,0.1,0.6,2.0,1456.0,0.0,0.0,0.6188186813186813
16.0,2.0,46.0,0.6,0.1,0.6,2.0,1441.0,0.0,0.0,0.6197085357390701
16.0,2.0,47.0,0.6,0.1,0.6,2.0,1425.0,0.0,0.0,0.6168421052631579
16.0,2.0,48.0,0.6,0.1,0.6,2.0,1389.0,0.0,0.0,0.6169906407487401
16.0,2.0,49.0,0.6,0.1,0.6,2.0,1375.0,0.0,0.0,0.618909090909091
16.0,2.0,50.0,0.6,0.1,0.6,2.0,1346.0,0.0,0.0,0.6173848439821694
16.0,2.0,51.0,0.6,0.1,0.6,2.0,1334.0,0.0,0.0,0.6124437781109445
16.0,2.0,52.0,0.6,0.1,0.6,2.0,1311.0,0.0,0.0,0.6140350877192983
16.0,3.0,1.0,0.6,0.1,0.6,2.0,1274.0,0.0,0.0,0.6114599686028257
16.0,3.0,2.0,0.6,0.1,0.6,2.0,1261.0,0.0,0.0,0.612212529738303
16.0,3.0,3.0,0.6,0.1,0.6,2.0,1242.0,0.0,0.0,0.6078904991948471
16.0,3.0,4.0,0.6,0.1,0.6,2.0,1207.0,0.0,0.0,0.6106048053024027
16.0,3.0,5.0,0.6,0.1,0.6,2.0,1213.0,0.0,0.0,0.6084089035449299
16.0,3.0,6.0,0.6,0.1,0.6,2.0,1191.0,0.0,0.0,0.6095717884130982
16.0,3.0,7.0,0.6,0.1,0.6,2.0,1198.0,0.0,0.0,0.6085141903171953
16.0,3.0,8.0,0.6,0.1,0.6,2.0,1166.0,0.0,0.0,0.6106346483704974
16.0,3.0,9.0,0.6,0.1,0.6,2.0,1165.0,0.0,0.0,0.6094420600858369
16.0,3.0,10.0,0.6,0.1,0.6,2.0,1152.0,0.0,0.0,0.6111111111111112
16.0,3.0,11.0,0.6,0.1,0.6,2.0,1151.0,0.0,0.0,0.6099044309296264
16.0,3.0,12.0,0.6,0.1,0.6,2.0,1120.0,0.0,0.0,0.6089285714285714
16.0,3.0,13.0,0.6,0.1,0.6,2.0,1127.0,0.0,0.0,0.6078083407275954
16.0,3.0,14.0,0.6,0.1,0.6,2.0,1111.0,0.0,0.0,0.6084608460846085
16.0,3.0,15.0,0.6,0.1,0.6,2.0,1117.0,0.0,0.0,0.6069829901521934
16.0,3.0,16.0,0.6,0.1,0.6,2.0,1104.0,0.0,0.0,0.6059782608695652
16.0,3.0,17.0,0.6,0.1,0.6,2.0,1095.0,0.0,0.0,0.6082191780821918
16.0,3.0,18.0,0.6,0.1,0.6,2.0,1068.0,0.0,0.0,0.6086142322097379
16.0,3.0,19.0,0.6,0.1,0.6,2.0,1059.0,0.0,0.0,0.6090651558073654
16.0,3.0,20.0,0.6,0.1,0.6,2.0,2006.0,0.0,0.0,0.3165503489531406
16.0,3.0,21.0,0.6,0.1,0.6,2.0,1948.0,0.0,0.0,0.3228952772073922
16.0,3.0,22.0,0.6,0.1,0.6,2.0,1855.0,0.0,0.0,0.32345013477088946
16.0,3.0,23.0,0.6,0.1,0.6,2.0,1811.0,0.0,0.0,0.32578685808945335
16.0,3.0,24.0,0.6,0.1,0.6,2.0,1777.0,0.0,0.0,0.3241418120427687
16.0,3.0,25.0,0.6,0.1,0.6,2.0,1731.0,0.0,0.0,0.32351242056614676
16.0,3.0,26.0,0.6,0.1,0.6,2.0,1692.0,0.0,0.0,0.32387706855791965
16.0,3.0,27.0,0.6,0.1,0.6,2.0,1660.0,0.0,0.0,0.32469879518072287
16.0,3.0,28.0,0.6,0.1,0.6,2.0,1603.0,0.0,0.0,0.32501559575795386
16.0,3.0,29.0,0.6,0.1,0.6,2.0,1548.0,0.0,0.0,0.32945736434108525
16.0,3.0,30.0,0.6,0.1,0.6,2.0,1508.0,0.0,0.0,0.3275862068965517
16.0,3.0,31.0,0.6,0.1,0.6,2.0,1491.0,0.0,0.0,0.32930918846411805
16.0,3.0,32.0,0.6,0.1,0.6,2.0,1477.0,0.0,0.0,0.3263371699390657
16.0,3.0,33.0,0.6,0.1,0.6,2.0,1438.0,0.0,0.0,0.325452016689847
16.0,3.0,34.0,0.6,0.1,0.6,2.0,1419.0,0.0,0.0,0.3276955602536998
16.0,3.0,35.0,0.6,0.1,0.6,2.0,1388.0,0.0,0.0,0.3292507204610951
16.0,3.0,36.0,0.6,0.1,0.6,2.0,1370.0,0.0,0.0,0.327007299270073
16.0,3.0,37.0,0.6,0.1,0.6,2.0,1332.0,0.0,0.0,0.3280780780780781
16.0,3.0,38.0,0.6,0.1,0.6,2.0,1324.0,0.0,0.0,0.3285498489425982
16.0,3.0,39.0,0.6,0.1,0.6,2.0,1285.0,0.0,0.0,0.3291828793774319
16.0,3.0,40.0,0.6,0.1,0.6,2.0,1261.0,0.0,0.0,0.3275178429817605
16.0,3.0,41.0,0.6,0.1,0.6,2.0,1252.0,0.0,0.0,0.3258785942492013
16.0,3.0,42.0,0.6,0.1,0.6,2.0,1238.0,0.0,0.0,0.327140549273021
16.0,3.0,43.0,0.6,0.1,0.6,2.0,1219.0,0.0,0.0,0.3273174733388023
16.0,3.0,44.0,0.6,0.1,0.6,2.0,1194.0,0.0,0.0,0.3274706867671692
16.0,3.0,45.0,0.6,0.1,0.6,2.0,1179.0,0.0,0.0,0.5835453774385072
16.0,3.0,46.0,0.6,0.1,0.6,2.0,1141.0,0.0,0.0,0.5836985100788782
16.0,3.0,47.0,0.6,0.1,0.6,2.0,1126.0,0.0,0.0,0.5808170515097691
16.0,3.0,48.0,0.6,0.1,0.6,2.0,1073.0,0.0,0.0,0.5852749301025163
16.0,3.0,49.0,0.6,0.1,0.6,2.0,1064.0,0.0,0.0,0.5845864661654135
16.0,3.0,50.0,0.6,0.1,0.6,2.0,1041.0,0.0,0.0,0.5840537944284342
16.0,3.0,51.0,0.6,0.1,0.6,2.0,1039.0,0.0,0.0,0.5803657362848893
16.0,3.0,52.0,0.6,0.1,0.6,2.0,998.0,0.0,0.0,0.5861723446893787
16.0,4.0,1.0,0.6,0.1,0.6,2.0,998.0,0.0,0.0,0.5851703406813628
16.0,4.0,2.0,0.6,0.1,0.6,2.0,979.0,0.0,0.0,0.5801838610827375
16.0,4.0,3.0,0.6,0.1,0.6,2.0,982.0,0.0,0.0,0.5804480651731161
16.0,4.0,4.0,0.6,0.1,0.6,2.0,974.0,0.0,0.0,0.582135523613963
16.0,4.0,5.0,0.6,0.1,0.6,2.0,972.0,0.0,0.0,0.5792181069958847
16.0,4.0,6.0,0.6,0.1,0.6,2.0,954.0,0.0,0.0,0.5807127882599581
16.0,4.0,7.0,0.6,0.1,0.6,2.0,936.0,0.0,0.0,0.5801282051282052
16.0,4.0,8.0,0.6,0.1,0.6,2.0,922.0,0.0,0.0,0.5802603036876356
16.0,4.0,9.0,0.6,0.1,0.6,2.0,920.0,0.0,0.0,0.5804347826086956
16.0,4.0,10.0,0.6,0.1,0.6,2.0,912.0,0.0,0.0,0.5800438596491229
16.0,4.0,11.0,0.6,0.1,0.6,2.0,910.0,0.0,0.0,0.5824175824175825
16.0,4.0,12.0,0.6,0.1,0.6,2.0,878.0,0.0,0.0,0.5820045558086561
16.0,4.0,13.0,0.6,0.1,0.6,2.0,868.0,0.0,0.0,0.5794930875576036
16.0,4.0,14.0,0.6,0.1,0.6,2.0,860.0,0.0,0.0,0.5802325581395349
16.0,4.0,15.0,0.6,0.1,0.6,2.0,857.0,0.0,0.0,0.5775962660443408
16.0,4.0,16.0,0.6,0.1,0.6,2.0,854.0,0.0,0.0,0.5784543325526932
16.0,4.0,17.0,0.6,0.1,0.6,2.0,834.0,0.0,0.0,0.579136690647482
16.0,4.0,18.0,0.6,0.1,0.6,2.0,830.0,0.0,0.0,0.5783132530120482
16.0,4.0,19.0,0.6,0.1,0.6,2.0,828.0,0.0,0.0,0.5772946859903382
16.0,4.0,20.0,0.6,0.1,0.6,2.0,1529.0,0.0,0.0,0.31131458469587964
16.0,4.0,21.0,0.6,0.1,0.6,2.0,1494.0,0.0,0.0,0.31057563587684067
16.0,4.0,22.0,0.6,0.1,0.6,2.0,1442.0,0.0,0.0,0.31484049930651875
16.0,4.0,23.0,0.6,0.1,0.6,2.0,1447.0,0.0,0.0,0.3144436765722184
16.0,4.0,24.0,0.6,0.1,0.6,2.0,1407.0,0.0,0.0,0.31627576403695806
16.0,4.0,25.0,0.6,0.1,0.6,2.0,1343.0,0.0,0.0,0.31720029784065523
16.0,4.0,26.0,0.6,0.1,0.6,2.0,1333.0,0.0,0.0,0.31882970742685673
16.0,4.0,27.0,0.6,0.1,0.6,2.0,1306.0,0.0,0.0,0.31852986217457885
16.0,4.0,28.0,0.6,0.1,0.6,2.0,1240.0,0.0,0.0,0.32983870967741935
16.0,4.0,29.0,0.6,0.1,0.6,2.0,1198.0,0.0,0.0,0.3280467445742905
16.0,4.0,30.0,0.6,0.1,0.6,2.0,1180.0,0.0,0.0,0.3313559322033898
16.0,4.0,31.0,0.6,0.1,0.6,2.0,1167.0,0.0,0.0,0.32904884318766064
16.0,4.0,32.0,0.6,0.1,0.6,2.0,1154.0,0.0,0.0,0.3344887348353553
16.0,4.0,33.0,0.6,0.1,0.6,2.0,1134.0,0.0,0.0,0.3324514991181658
16.0,4.0,34.0,0.6,0.1,0.6,2.0,1134.0,0.0,0.0,0.3350970017636684
16.0,4.0,35.0,0.6,0.1,0.6,2.0,1127.0,0.0,0.0,0.33096716947648624
16.0,4.0,36.0,0.6,0.1,0.6,2.0,1128.0,0.0,0.0,0.3351063829787234
16.0,4.0,37.0,0.6,0.1,0.6,2.0,1123.0,0.0,0.0,0.3303650934995548
16.0,4.0,38.0,0.6,0.1,0.6,2.0,1121.0,0.0,0.0,0.33363068688670827
16.0,4.0,39.0,0.6,0.1,0.6,2.0,1118.0,0.0,0.0,0.3291592128801431
16.0,4.0,40.0,0.6,0.1,0.6,2.0,1087.0,0.0,0.0,0.3311867525298988
16.0,4.0,41.0,0.6,0.1,0.6,2.0,1054.0,0.0,0.0,0.32922201138519924
16.0,4.0,42.0,0.6,0.1,0.6,2.0,1034.0,0.0,0.0,0.3307543520309478
16.0,4.0,43.0,0.6,0.1,0.6,2.0,1004.0,0.0,0.0,0.3237051792828685
16.0,4.0,44.0,0.6,0.1,0.6,2.0,964.0,0.0,0.0,0.33402489626556015
16.0,4.0,45.0,0.6,0.1,0.6,2.0,948.0,0.0,0.0,0.6086497890295358
16.0,4.0,46.0,0.6,0.1,0.6,2.0,909.0,0.0,0.0,0.6138613861386139
16.0,4.0,47.0,0.6,0.1,0.6,2.0,900.0,0.0,0.0,0.6133333333333333
16.0,4.0,48.0,0.6,0.1,0.6,2.0,888.0,0.0,0.0,0.6137387387387387
16.0,4.0,49.0,0.6,0.1,0.6,2.0,867.0,0.0,0.0,0.6170703575547867
16.0,4.0,50.0,0.6,0.1,0.6,2.0,872.0,0.0,0.0,0.6169724770642202
16.0,4.0,51.0,0.6,0.1,0.6,2.0,863.0,0.0,0.0,0.6176129779837776
16.0,4.0,52.0,0.6,0.1,0.6,2.0,853.0,0.0,0.0,0.6213364595545134
16.0,5.0,1.0,0.6,0.1,0.6,2.0,828.0,0.0,0.0,0.6219806763285024
16.0,5.0,2.0,0.6,0.1,0.6,2.0,827.0,0.0,0.0,0.6251511487303507
16.0,5.0,3.0,0.6,0.1,0.6,2.0,823.0,0.0,0.0,0.6221142162818954
16.0,5.0,4.0,0.6,0.1,0.6,2.0,823.0,0.0,0.0,0.6233292831105711
16.0,5.0,5.0,0.6,0.1,0.6,2.0,815.0,0.0,0.0,0.6208588957055214
16.0,5.0,6.0,0.6,0.1,0.6,2.0,815.0,0.0,0.0,0.6233128834355828
16.0,5.0,7.0,0.6,0.1,0.6,2.0,807.0,0.0,0.0,0.620817843866171
16.0,5.0,8.0,0.6,0.1,0.6,2.0,795.0,0.0,0.0,0.630188679245283
16.0,5.0,9.0,0.6,0.1,0.6,2.0,792.0,0.0,0.0,0.6275252525252525
16.0,5.0,10.0,0.6,0.1,0.6,2.0,789.0,0.0,0.0,0.632446134347275
16.0,5.0,11.0,0.6,0.1,0.6,2.0,786.0,0.0,0.0,0.6310432569974554
16.0,5.0,12.0,0.6,0.1,0.6,2.0,782.0,0.0,0.0,0.6342710997442456
16.0,5.0,13.0,0.6,0.1,0.6,2.0,778.0,0.0,0.0,0.6323907455012854
16.0,5.0,14.0,0.6,0.1,0.6,2.0,777.0,0.0,0.0,0.6332046332046332
16.0,5.0,15.0,0.6,0.1,0.6,2.0,764.0,0.0,0.0,0.6321989528795812
16.0,5.0,16.0,0.6,0.1,0.6,2.0,763.0,0.0,0.0,0.6343381389252949
16.0,5.0,17.0,0.6,0.1,0.6,2.0,759.0,0.0,0.0,0.6337285902503293
16.0,5.0,18.0,0.6,0.1,0.6,2.0,758.0,0.0,0.0,0.6345646437994723
16.0,5.0,19.0,0.6,0.1,0.6,2.0,758.0,0.0,0.0,0.633245382585752
16.0,5.0,20.0,0.6,0.1,0.6,2.0,1452.0,0.0,0.0,0.331267217630854
16.0,5.0,21.0,0.6,0.1,0.6,2.0,1429.0,0.0,0.0,0.3331000699790063
16.0,5.0,22.0,0.6,0.1,0.6,2.0,1424.0,0.0,0.0,0.3335674157303371
16.0,5.0,23.0,0.6,0.1,0.6,2.0,1392.0,0.0,0.0,0.33405172413793105
16.0,5.0,24.0,0.6,0.1,0.6,2.0,1362.0,0.0,0.0,0.33480176211453744
16.0,5.0,25.0,0.6,0.1,0.6,2.0,1319.0,0.0,0.0,0.33813495072024263
16.0,5.0,26.0,0.6,0.1,0.6,2.0,1303.0,0.0,0.0,0.340752110514198
16.0,5.0,27.0,0.6,0.1,0.6,2.0,1260.0,0.0,0.0,0.3404761904761905
16.0,5.0,28.0,0.6,0.1,0.6,2.0,1200.0,0.0,0.0,0.35
16.0,5.0,29.0,0.6,0.1,0.6,2.0,1201.0,0.0,0.0,0.3480432972522898
16.0,5.0,30.0,0.6,0.1,0.6,2.0,1166.0,0.0,0.0,0.3507718696397942
16.0,5.0,31.0,0.6,0.1,0.6,2.0,1158.0,0.0,0.0,0.34974093264248707
16.0,5.0,32.0,0.6,0.1,0.6,2.0,1148.0,0.0,0.0,0.3519163763066202
16.0,5.0,33.0,0.6,0.1,0.6,2.0,1147.0,0.0,0.0,0.34786399302528337
16.0,5.0,34.0,0.6,0.1,0.6,2.0,1095.0,0.0,0.0,0.35251141552511417
16.0,5.0,35.0,0.6,0.1,0.6,2.0,1073.0,0.0,0.0,0.3560111835973905
16.0,5.0,36.0,0.6,0.1,0.6,2.0,1066.0,0.0,0.0,0.3592870544090056
16.0,5.0,37.0,0.6,0.1,0.6,2.0,1026.0,0.0,0.0,0.35964912280701755
16.0,5.0,38.0,0.6,0.1,0.6,2.0,1021.0,0.0,0.0,0.3633692458374143
16.0,5.0,39.0,0.6,0.1,0.6,2.0,967.0,0.0,0.0,0.36814891416752843
16.0,5.0,40.0,0.6,0.1,0.6,2.0,944.0,0.0,0.0,0.3728813559322034
16.0,5.0,41.0,0.6,0.1,0.6,2.0,942.0,0.0,0.0,0.36942675159235666
16.0,5.0,42.0,0.6,0.1,0.6,2.0,924.0,0.0,0.0,0.37445887445887444
16.0,5.0,43.0,0.6,0.1,0.6,2.0,898.0,0.0,0.0,0.3685968819599109
16.0,5.0,44.0,0.6,0.1,0.6,2.0,878.0,0.0,0.0,0.3701594533029613
16.0,5.0,45.0,0.6,0.1,0.6,2.0,837.0,0.0,0.0,0.6152927120669056
16.0,5.0,46.0,0.6,0.1,0.6,2.0,828.0,0.0,0.0,0.6147342995169082
16.0,5.0,47.0,0.6,0.1,0.6,2.0,802.0,0.0,0.0,0.6134663341645885
16.0,5.0,48.0,0.6,0.1,0.6,2.0,783.0,0.0,0.0,0.6181353767560664
16.0,5.0,49.0,0.6,0.1,0.6,2.0,782.0,0.0,0.0,0.6176470588235294
16.0,5.0,50.0,0.6,0.1,0.6,2.0,782.0,0.0,0.0,0.6176470588235294
16.0,5.0,51.0,0.6,0.1,0.6,2.0,776.0,0.0,0.0,0.6185567010309279
16.0,5.0,52.0,0.6,0.1,0.6,2.0,774.0,0.0,0.0,0.6188630490956072
16.0,6.0,1.0,0.6,0.1,0.6,2.0,770.0,0.0,0.0,0.6168831168831169
16.0,6.0,2.0,0.6,0.1,0.6,2.0,771.0,0.0,0.0,0.6173800259403373
16.0,6.0,3.0,0.6,0.1,0.6,2.0,768.0,0.0,0.0,0.6158854166666666
16.0,6.0,4.0,0.6,0.1,0.6,2.0,768.0,0.0,0.0,0.6171875
16.0,6.0,5.0,0.6,0.1,0.6,2.0,756.0,0.0,0.0,0.6190476190476191
16.0,6.0,6.0,0.6,0.1,0.6,2.0,756.0,0.0,0.0,0.6190476190476191
16.0,6.0,7.0,0.6,0.1,0.6,2.0,754.0,0.0,0.0,0.6193633952254642
16.0,6.0,8.0,0.6,0.1,0.6,2.0,754.0,0.0,0.0,0.6193633952254642
16.0,6.0,9.0,0.6,0.1,0.6,2.0,750.0,0.0,0.0,0.6213333333333333
16.0,6.0,10.0,0.6,0.1,0.6,2.0,748.0,0.0,0.0,0.6203208556149733
16.0,6.0,11.0,0.6,0.1,0.6,2.0,735.0,0.0,0.0,0.6217687074829932
16.0,6.0,12.0,0.6,0.1,0.6,2.0,732.0,0.0,0.0,0.6202185792349727
16.0,6.0,13.0,0.6,0.1,0.6,2.0,731.0,0.0,0.0,0.6210670314637483
16.0,6.0,14.0,0.6,0.1,0.6,2.0,729.0,0.0,0.0,0.6186556927297668
16.0,6.0,15.0,0.6,0.1,0.6,2.0,726.0,0.0,0.0,0.6212121212121212
16.0,6.0,16.0,0.6,0.1,0.6,2.0,727.0,0.0,0.0,0.6189821182943603
16.0,6.0,17.0,0.6,0.1,0.6,2.0,724.0,0.0,0.0,0.6215469613259669
16.0,6.0,18.0,0.6,0.1,0.6,2.0,709.0,0.0,0.0,0.6248236953455572
16.0,6.0,19.0,0.6,0.1,0.6,2.0,710.0,0.0,0.0,0.6253521126760564
16.0,6.0,20.0,0.6,0.1,0.6,2.0,1288.0,0.0,0.0,0.3385093167701863
16.0,6.0,21.0,0.6,0.1,0.6,2.0,1208.0,0.0,0.0,0.34271523178807944
16.0,6.0,22.0,0.6,0.1,0.6,2.0,1125.0,0.0,0.0,0.3537777777777778
16.0,6.0,23.0,0.6,0.1,0.6,2.0,1107.0,0.0,0.0,0.35591689250225833
16.0,6.0,24.0,0.6,0.1,0.6,2.0,1087.0,0.0,0.0,0.35694572217111314
16.0,6.0,25.0,0.6,0.1,0.6,2.0,1058.0,0.0,0.0,0.3601134215500945
16.0,6.0,26.0,0.6,0.1,0.6,2.0,1046.0,0.0,0.0,0.35564053537284895
16.0,6.0,27.0,0.6,0.1,0.6,2.0,1012.0,0.0,0.0,0.358695652173913
16.0,6.0,28.0,0.6,0.1,0.6,2.0,970.0,0.0,0.0,0.3597938144329897
16.0,6.0,29.0,0.6,0.1,0.6,2.0,911.0,0.0,0.0,0.3677277716794731
16.0,6.0,30.0,0.6,0.1,0.6,2.0,910.0,0.0,0.0,0.36813186813186816
16.0,6.0,31.0,0.6,0.1,0.6,2.0,910.0,0.0,0.0,0.367032967032967
16.0,6.0,32.0,0.6,0.1,0.6,2.0,910.0,0.0,0.0,0.36813186813186816
16.0,6.0,33.0,0.6,0.1,0.6,2.0,896.0,0.0,0.0,0.3671875
16.0,6.0,34.0,0.6,0.1,0.6,2.0,874.0,0.0,0.0,0.37299771167048057
16.0,6.0,35.0,0.6,0.1,0.6,2.0,874.0,0.0,0.0,0.3718535469107552
16.0,6.0,36.0,0.6,0.1,0.6,2.0,874.0,0.0,0.0,0.37299771167048057
16.0,6.0,37.0,0.6,0.1,0.6,2.0,840.0,0.0,0.0,0.375
16.0,6.0,38.0,0.6,0.1,0.6,2.0,821.0,0.0,0.0,0.3812423873325213
16.0,6.0,39.0,0.6,0.1,0.6,2.0,817.0,0.0,0.0,0.3806609547123623
16.0,6.0,40.0,0.6,0.1,0.6,2.0,780.0,0.0,0.0,0.382051282051282
16.0,6.0,41.0,0.6,0.1,0.6,2.0,765.0,0.0,0.0,0.38300653594771245
16.0,6.0,42.0,0.6,0.1,0.6,2.0,761.0,0.0,0.0,0.3823915900131406
16.0,6.0,43.0,0.6,0.1,0.6,2.0,760.0,0.0,0.0,0.38026315789473686
16.0,6.0,44.0,0.6,0.1,0.6,2.0,747.0,0.0,0.0,0.38420348058902276
16.0,6.0,45.0,0.6,0.1,0.6,2.0,738.0,0.0,0.0,0.6341463414634146
16.0,6.0,46.0,0.6,0.1,0.6,2.0,722.0,0.0,0.0,0.6385041551246537
16.0,6.0,47.0,0.6,0.1,0.6,2.0,723.0,0.0,0.0,0.636237897648686
16.0,6.0,48.0,0.6,0.1,0.6,2.0,721.0,0.0,0.0,0.6380027739251041
16.0,6.0,49.0,0.6,0.1,0.6,2.0,722.0,0.0,0.0,0.6357340720221607
16.0,6.0,50.0,0.6,0.1,0.6,2.0,708.0,0.0,0.0,0.6370056497175142
16.0,6.0,51.0,0.6,0.1,0.6,2.0,709.0,0.0,0.0,0.6361071932299013
16.0,6.0,52.0,0.6,0.1,0.6,2.0,691.0,0.0,0.0,0.6367583212735166
16.0,7.0,1.0,0.6,0.1,0.6,2.0,693.0,0.0,0.0,0.6349206349206349
16.0,7.0,2.0,0.6,0.1,0.6,2.0,690.0,0.0,0.0,0.6376811594202898
16.0,7.0,3.0,0.6,0.1,0.6,2.0,687.0,0.0,0.0,0.636098981077147
16.0,7.0,4.0,0.6,0.1,0.6,2.0,673.0,0.0,0.0,0.637444279346211
16.0,7.0,5.0,0.6,0.1,0.6,2.0,675.0,0.0,0.0,0.6355555555555555
16.0,7.0,6.0,0.6,0.1,0.6,2.0,660.0,0.0,0.0,0.6378787878787879
16.0,7.0,7.0,0.6,0.1,0.6,2.0,662.0,0.0,0.0,0.6344410876132931
16.0,7.0,8.0,0.6,0.1,0.6,2.0,658.0,0.0,0.0,0.6382978723404256
16.0,7.0,9.0,0.6,0.1,0.6,2.0,656.0,0.0,0.0,0.6371951219512195
16.0,7.0,10.0,0.6,0.1,0.6,2.0,651.0,0.0,0.0,0.6390168970814132
16.0,7.0,11.0,0.6,0.1,0.6,2.0,652.0,0.0,0.0,0.6380368098159509
16.0,7.0,12.0,0.6,0.1,0.6,2.0,650.0,0.0,0.0,0.64
16.0,7.0,13.0,0.6,0.1,0.6,2.0,650.0,0.0,0.0,0.64
16.0,7.0,14.0,0.6,0.1,0.6,2.0,649.0,0.0,0.0,0.6409861325115562
16.0,7.0,15.0,0.6,0.1,0.6,2.0,638.0,0.0,0.0,0.6410658307210031
16.0,7.0,16.0,0.6,0.1,0.6,2.0,635.0,0.0,0.0,0.6425196850393701
16.0,7.0,17.0,0.6,0.1,0.6,2.0,636.0,0.0,0.0,0.6415094339622641
16.0,7.0,18.0,0.6,0.1,0.6,2.0,634.0,0.0,0.0,0.6419558359621451
16.0,7.0,19.0,0.6,0.1,0.6,2.0,636.0,0.0,0.0,0.639937106918239
16.0,7.0,20.0,0.6,0.1,0.6,2.0,1074.0,0.0,0.0,0.3770949720670391
16.0,7.0,21.0,0.6,0.1,0.6,2.0,1083.0,0.0,0.0,0.3739612188365651
16.0,7.0,22.0,0.6,0.1,0.6,2.0,1061.0,0.0,0.0,0.37794533459000945
16.0,7.0,23.0,0.6,0.1,0.6,2.0,1029.0,0.0,0.0,0.37998056365403304
16.0,7.0,24.0,0.6,0.1,0.6,2.0,998.0,0.0,0.0,0.38276553106212424
16.0,7.0,25.0,0.6,0.1,0.6,2.0,999.0,0.0,0.0,0.3793793793793794
16.0,7.0,26.0,0.6,0.1,0.6,2.0,975.0,0.0,0.0,0.38256410256410256
16.0,7.0,27.0,0.6,0.1,0.6,2.0,946.0,0.0,0.0,0.3879492600422833
16.0,7.0,28.0,0.6,0.1,0.6,2.0,912.0,0.0,0.0,0.3969298245614035
16.0,7.0,29.0,0.6,0.1,0.6,2.0,824.0,0.0,0.0,0.39563106796116504
16.0,7.0,30.0,0.6,0.1,0.6,2.0,791.0,0.0,0.0,0.40581542351453853
16.0,7.0,31.0,0.6,0.1,0.6,2.0,803.0,0.0,0.0,0.39975093399750933
16.0,7.0,32.0,0.6,0.1,0.6,2.0,776.0,0.0,0.0,0.4097938144329897
16.0,7.0,33.0,0.6,0.1,0.6,2.0,761.0,0.0,0.0,0.40867279894875164
16.0,7.0,34.0,0.6,0.1,0.6,2.0,735.0,0.0,0.0,0.41904761904761906
16.0,7.0,35.0,0.6,0.1,0.6,2.0,735.0,0.0,0.0,0.4163265306122449
16.0,7.0,36.0,0.6,0.1,0.6,2.0,692.0,0.0,0.0,0.4277456647398844
16.0,7.0,37.0,0.6,0.1,0.6,2.0,679.0,0.0,0.0,0.42415316642120765
16.0,7.0,38.0,0.6,0.1,0.6,2.0,661.0,0.0,0.0,0.4296520423600605
16.0,7.0,39.0,0.6,0.1,0.6,2.0,661.0,0.0,0.0,0.42511346444780634
16.0,7.0,40.0,0.6,0.1,0.6,2.0,646.0,0.0,0.0,0.43343653250773995
16.0,7.0,41.0,0.6,0.1,0.6,2.0,659.0,0.0,0.0,0.4264036418816389
16.0,7.0,42.0,0.6,0.1,0.6,2.0,645.0,0.0,0.0,0.4325581395348837
16.0,7.0,43.0,0.6,0.1,0.6,2.0,658.0,0.0,0.0,0.425531914893617
16.0,7.0,44.0,0.6,0.1,0.6,2.0,643.0,0.0,0.0,0.432348367029549
16.0,7.0,45.0,0.6,0.1,0.6,2.0,654.0,0.0,0.0,0.6483180428134556
16.0,7.0,46.0,0.6,0.1,0.6,2.0,628.0,0.0,0.0,0.6576433121019108
16.0,7.0,47.0,0.6,0.1,0.6,2.0,641.0,0.0,0.0,0.6489859594383776
16.0,7.0,48.0,0.6,0.1,0.6,2.0,628.0,0.0,0.0,0.6576433121019108
16.0,7.0,49.0,0.6,0.1,0.6,2.0,639.0,0.0,0.0,0.6494522691705791
16.0,7.0,50.0,0.6,0.1,0.6,2.0,615.0,0.0,0.0,0.6552845528455284
16.0,7.0,51.0,0.6,0.1,0.6,2.0,628.0,0.0,0.0,0.6464968152866242
16.0,7.0,52.0,0.6,0.1,0.6,2.0,615.0,0.0,0.0,0.6552845528455284
16.0,8.0,1.0,0.6,0.1,0.6,2.0,626.0,0.0,0.0,0.646964856230032
16.0,8.0,2.0,0.6,0.1,0.6,2.0,614.0,0.0,0.0,0.6547231270358306
16.0,8.0,3.0,0.6,0.1,0.6,2.0,624.0,0.0,0.0,0.6474358974358975
16.0,8.0,4.0,0.6,0.1,0.6,2.0,610.0,0.0,0.0,0.6557377049180327
16.0,8.0,5.0,0.6,0.1,0.6,2.0,623.0,0.0,0.0,0.6484751203852327
16.0,8.0,6.0,0.6,0.1,0.6,2.0,611.0,0.0,0.0,0.6563011456628478
16.0,8.0,7.0,0.6,0.1,0.6,2.0,622.0,0.0,0.0,0.6495176848874598
16.0,8.0,8.0,0.6,0.1,0.6,2.0,610.0,0.0,0.0,0.6557377049180327
16.0,8.0,9.0,0.6,0.1,0.6,2.0,617.0,0.0,0.0,0.653160453808752
16.0,8.0,10.0,0.6,0.1,0.6,2.0,609.0,0.0,0.0,0.6568144499178982
16.0,8.0,11.0,0.6,0.1,0.6,2.0,615.0,0.0,0.0,0.6552845528455284
16.0,8.0,12.0,0.6,0.1,0.6,2.0,609.0,0.0,0.0,0.6568144499178982
16.0,8.0,13.0,0.6,0.1,0.6,2.0,615.0,0.0,0.0,0.6552845528455284
16.0,8.0,14.0,0.6,0.1,0.6,2.0,609.0,0.0,0.0,0.6568144499178982
16.0,8.0,15.0,0.6,0.1,0.6,2.0,615.0,0.0,0.0,0.6552845528455284
16.0,8.0,16.0,0.6,0.1,0.6,2.0,609.0,0.0,0.0,0.6568144499178982
16.0,8.0,17.0,0.6,0.1,0.6,2.0,603.0,0.0,0.0,0.6600331674958541
16.0,8.0,18.0,0.6,0.1,0.6,2.0,598.0,0.0,0.0,0.6622073578595318
16.0,8.0,19.0,0.6,0.1,0.6,2.0,603.0,0.0,0.0,0.6600331674958541
16.0,8.0,20.0,0.6,0.1,0.6,2.0,1009.0,0.0,0.0,0.3924677898909812
16.0,8.0,21.0,0.6,0.1,0.6,2.0,959.0,0.0,0.0,0.39520333680917624
16.0,8.0,22.0,0.6,0.1,0.6,2.0,922.0,0.0,0.0,0.403470715835141
16.0,8.0,23.0,0.6,0.1,0.6,2.0,888.0,0.0,0.0,0.40765765765765766
16.0,8.0,24.0,0.6,0.1,0.6,2.0,816.0,0.0,0.0,0.41421568627450983
16.0,8.0,25.0,0.6,0.1,0.6,2.0,802.0,0.0,0.0,0.4177057356608479
16.0,8.0,26.0,0.6,0.1,0.6,2.0,780.0,0.0,0.0,0.4205128205128205
16.0,8.0,27.0,0.6,0.1,0.6,2.0,791.0,0.0,0.0,0.41719342604298354
16.0,8.0,28.0,0.6,0.1,0.6,2.0,780.0,0.0,0.0,0.4205128205128205
16.0,8.0,29.0,0.6,0.1,0.6,2.0,766.0,0.0,0.0,0.4216710182767624
16.0,8.0,30.0,0.6,0.1,0.6,2.0,752.0,0.0,0.0,0.4242021276595745
16.0,8.0,31.0,0.6,0.1,0.6,2.0,750.0,0.0,0.0,0.42533333333333334
16.0,8.0,32.0,0.6,0.1,0.6,2.0,752.0,0.0,0.0,0.4242021276595745
16.0,8.0,33.0,0.6,0.1,0.6,2.0,749.0,0.0,0.0,0.4259012016021362
16.0,8.0,34.0,0.6,0.1,0.6,2.0,751.0,0.0,0.0,0.4247669773635153
16.0,8.0,35.0,0.6,0.1,0.6,2.0,749.0,0.0,0.0,0.4259012016021362
16.0,8.0,36.0,0.6,0.1,0.6,2.0,751.0,0.0,0.0,0.4247669773635153
16.0,8.0,37.0,0.6,0.1,0.6,2.0,734.0,0.0,0.0,0.4305177111716621
16.0,8.0,38.0,0.6,0.1,0.6,2.0,736.0,0.0,0.0,0.42934782608695654
16.0,8.0,39.0,0.6,0.1,0.6,2.0,711.0,0.0,0.0,0.43319268635724334
16.0,8.0,40.0,0.6,0.1,0.6,2.0,713.0,0.0,0.0,0.4319775596072931
16.0,8.0,41.0,0.6,0.1,0.6,2.0,699.0,0.0,0.0,0.4334763948497854
16.0,8.0,42.0,0.6,0.1,0.6,2.0,701.0,0.0,0.0,0.4322396576319544
16.0,8.0,43.0,0.6,0.1,0.6,2.0,686.0,0.0,0.0,0.4358600583090379
16.0,8.0,44.0,0.6,0.1,0.6,2.0,684.0,0.0,0.0,0.43567251461988304
16.0,8.0,45.0,0.6,0.1,0.6,2.0,686.0,0.0,0.0,0.6588921282798834
16.0,8.0,46.0,0.6,0.1,0.6,2.0,673.0,0.0,0.0,0.6597325408618128
16.0,8.0,47.0,0.6,0.1,0.6,2.0,647.0,0.0,0.0,0.6630602782071098
16.0,8.0,48.0,0.6,0.1,0.6,2.0,649.0,0.0,0.0,0.662557781201849
16.0,8.0,49.0,0.6,0.1,0.6,2.0,647.0,0.0,0.0,0.6630602782071098
16.0,8.0,50.0,0.6,0.1,0.6,2.0,647.0,0.0,0.0,0.6646058732612056
16.0,8.0,51.0,0.6,0.1,0.6,2.0,647.0,0.0,0.0,0.6630602782071098
16.0,8.0,52.0,0.6,0.1,0.6,2.0,647.0,0.0,0.0,0.6646058732612056
16.0,9.0,1.0,0.6,0.1,0.6,2.0,647.0,0.0,0.0,0.6630602782071098
16.0,9.0,2.0,0.6,0.1,0.6,2.0,647.0,0.0,0.0,0.6646058732612056
16.0,9.0,3.0,0.6,0.1,0.6,2.0,646.0,0.0,0.0,0.6625386996904025
16.0,9.0,4.0,0.6,0.1,0.6,2.0,645.0,0.0,0.0,0.6651162790697674
16.0,9.0,5.0,0.6,0.1,0.6,2.0,645.0,0.0,0.0,0.6635658914728683
16.0,9.0,6.0,0.6,0.1,0.6,2.0,645.0,0.0,0.0,0.6651162790697674
16.0,9.0,7.0,0.6,0.1,0.6,2.0,644.0,0.0,0.0,0.6630434782608695
16.0,9.0,8.0,0.6,0.1,0.6,2.0,640.0,0.0,0.0,0.665625
16.0,9.0,9.0,0.6,0.1,0.6,2.0,638.0,0.0,0.0,0.6661442006269592
16.0,9.0,10.0,0.6,0.1,0.6,2.0,639.0,0.0,0.0,0.6651017214397497
16.0,9.0,11.0,0.6,0.1,0.6,2.0,638.0,0.0,0.0,0.6661442006269592
16.0,9.0,12.0,0.6,0.1,0.6,2.0,639.0,0.0,0.0,0.6651017214397497
16.0,9.0,13.0,0.6,0.1,0.6,2.0,638.0,0.0,0.0,0.6661442006269592
16.0,9.0,14.0,0.6,0.1,0.6,2.0,635.0,0.0,0.0,0.6661417322834645
16.0,9.0,15.0,0.6,0.1,0.6,2.0,636.0,0.0,0.0,0.6682389937106918
16.0,9.0,16.0,0.6,0.1,0.6,2.0,635.0,0.0,0.0,0.6661417322834645
16.0,9.0,17.0,0.6,0.1,0.6,2.0,636.0,0.0,0.0,0.6682389937106918
16.0,9.0,18.0,0.6,0.1,0.6,2.0,635.0,0.0,0.0,0.6661417322834645
16.0,9.0,19.0,0.6,0.1,0.6,2.0,636.0,0.0,0.0,0.6682389937106918
16.0,9.0,20.0,0.6,0.1,0.6,2.0,1068.0,0.0,0.0,0.3792134831460674
16.0,9.0,21.0,0.6,0.1,0.6,2.0,1047.0,0.0,0.0,0.3858643744030564
16.0,9.0,22.0,0.6,0.1,0.6,2.0,1026.0,0.0,0.0,0.38791423001949316
16.0,9.0,23.0,0.6,0.1,0.6,2.0,1022.0,0.0,0.0,0.38943248532289626
16.0,9.0,24.0,0.6,0.1,0.6,2.0,1009.0,0.0,0.0,0.3904856293359762
16.0,9.0,25.0,0.6,0.1,0.6,2.0,963.0,0.0,0.0,0.40290758047767394
16.0,9.0,26.0,0.6,0.1,0.6,2.0,956.0,0.0,0.0,0.401673640167364
16.0,9.0,27.0,0.6,0.1,0.6,2.0,952.0,0.0,0.0,0.40336134453781514
16.0,9.0,28.0,0.6,0.1,0.6,2.0,932.0,0.0,0.0,0.40772532188841204
16.0,9.0,29.0,0.6,0.1,0.6,2.0,917.0,0.0,0.0,0.4100327153762268
16.0,9.0,30.0,0.6,0.1,0.6,2.0,920.0,0.0,0.0,0.40869565217391307
16.0,9.0,31.0,0.6,0.1,0.6,2.0,892.0,0.0,0.0,0.4125560538116592
16.0,9.0,32.0,0.6,0.1,0.6,2.0,898.0,0.0,0.0,0.41202672605790647
16.0,9.0,33.0,0.6,0.1,0.6,2.0,876.0,0.0,0.0,0.4132420091324201
16.0,9.0,34.0,0.6,0.1,0.6,2.0,882.0,0.0,0.0,0.4126984126984127
16.0,9.0,35.0,0.6,0.1,0.6,2.0,863.0,0.0,0.0,0.4159907300115875
16.0,9.0,36.0,0.6,0.1,0.6,2.0,869.0,0.0,0.0,0.4154200230149597
16.0,9.0,37.0,0.6,0.1,0.6,2.0,863.0,0.0,0.0,0.4159907300115875
16.0,9.0,38.0,0.6,0.1,0.6,2.0,857.0,0.0,0.0,0.41890315052508753
16.0,9.0,39.0,0.6,0.1,0.6,2.0,851.0,0.0,0.0,0.4195064629847238
16.0,9.0,40.0,0.6,0.1,0.6,2.0,857.0,0.0,0.0,0.41890315052508753
16.0,9.0,41.0,0.6,0.1,0.6,2.0,840.0,0.0,0.0,0.42023809523809524
16.0,9.0,42.0,0.6,0.1,0.6,2.0,833.0,0.0,0.0,0.4189675870348139
16.0,9.0,43.0,0.6,0.1,0.6,2.0,829.0,0.0,0.0,0.41978287092882993
16.0,9.0,44.0,0.6,0.1,0.6,2.0,804.0,0.0,0.0,0.42039800995024873
16.0,9.0,45.0,0.6,0.1,0.6,2.0,802.0,0.0,0.0,0.628428927680798
16.0,9.0,46.0,0.6,0.1,0.6,2.0,806.0,0.0,0.0,0.6265508684863523
16.0,9.0,47.0,0.6,0.1,0.6,2.0,802.0,0.0,0.0,0.628428927680798
16.0,9.0,48.0,0.6,0.1,0.6,2.0,806.0,0.0,0.0,0.6265508684863523
16.0,9.0,49.0,0.6,0.1,0.6,2.0,785.0,0.0,0.0,0.6343949044585987
16.0,9.0,50.0,0.6,0.1,0.6,2.0,787.0,0.0,0.0,0.6340533672172808
16.0,9.0,51.0,0.6,0.1,0.6,2.0,772.0,0.0,0.0,0.6360103626943006
16.0,9.0,52.0,0.6,0.1,0.6,2.0,761.0,0.0,0.0,0.6294349540078844
16.0,10.0,1.0,0.6,0.1,0.6,2.0,758.0,0.0,0.0,0.6319261213720316
16.0,10.0,2.0,0.6,0.1,0.6,2.0,760.0,0.0,0.0,0.6289473684210526
16.0,10.0,3.0,0.6,0.1,0.6,2.0,757.0,0.0,0.0,0.631439894319683
16.0,10.0,4.0,0.6,0.1,0.6,2.0,760.0,0.0,0.0,0.6289473684210526
16.0,10.0,5.0,0.6,0.1,0.6,2.0,757.0,0.0,0.0,0.631439894319683
16.0,10.0,6.0,0.6,0.1,0.6,2.0,760.0,0.0,0.0,0.6289473684210526
16.0,10.0,7.0,0.6,0.1,0.6,2.0,743.0,0.0,0.0,0.6366083445491252
16.0,10.0,8.0,0.6,0.1,0.6,2.0,734.0,0.0,0.0,0.6348773841961853
16.0,10.0,9.0,0.6,0.1,0.6,2.0,718.0,0.0,0.0,0.6462395543175488
16.0,10.0,10.0,0.6,0.1,0.6,2.0,723.0,0.0,0.0,0.6417704011065007
16.0,10.0,11.0,0.6,0.1,0.6,2.0,717.0,0.0,0.0,0.6457461645746164
16.0,10.0,12.0,0.6,0.1,0.6,2.0,722.0,0.0,0.0,0.6412742382271468
16.0,10.0,13.0,0.6,0.1,0.6,2.0,716.0,0.0,0.0,0.6452513966480447
16.0,10.0,14.0,0.6,0.1,0.6,2.0,722.0,0.0,0.0,0.6412742382271468
16.0,10.0,15.0,0.6,0.1,0.6,2.0,716.0,0.0,0.0,0.6452513966480447
16.0,10.0,16.0,0.6,0.1,0.6,2.0,721.0,0.0,0.0,0.6407766990291263
16.0,10.0,17.0,0.6,0.1,0.6,2.0,715.0,0.0,0.0,0.6447552447552447
16.0,10.0,18.0,0.6,0.1,0.6,2.0,719.0,0.0,0.0,0.6397774687065368
16.0,10.0,19.0,0.6,0.1,0.6,2.0,703.0,0.0,0.0,0.6486486486486487
16.0,10.0,20.0,0.6,0.1,0.6,2.0,1212.0,0.0,0.0,0.35396039603960394
16.0,10.0,21.0,0.6,0.1,0.6,2.0,1192.0,0.0,0.0,0.3548657718120805
16.0,10.0,22.0,0.6,0.1,0.6,2.0,1182.0,0.0,0.0,0.3553299492385787
16.0,10.0,23.0,0.6,0.1,0.6,2.0,1135.0,0.0,0.0,0.3585903083700441
16.0,10.0,24.0,0.6,0.1,0.6,2.0,1125.0,0.0,0.0,0.35644444444444445
16.0,10.0,25.0,0.6,0.1,0.6,2.0,1054.0,0.0,0.0,0.36148007590132825
16.0,10.0,26.0,0.6,0.1,0.6,2.0,1011.0,0.0,0.0,0.3659742828882295
16.0,10.0,27.0,0.6,0.1,0.6,2.0,990.0,0.0,0.0,0.3686868686868687
16.0,10.0,28.0,0.6,0.1,0.6,2.0,986.0,0.0,0.0,0.37018255578093306
16.0,10.0,29.0,0.6,0.1,0.6,2.0,955.0,0.0,0.0,0.37591623036649213
16.0,10.0,30.0,0.6,0.1,0.6,2.0,951.0,0.0,0.0,0.3753943217665615
16.0,10.0,31.0,0.6,0.1,0.6,2.0,933.0,0.0,0.0,0.37727759914255093
16.0,10.0,32.0,0.6,0.1,0.6,2.0,925.0,0.0,0.0,0.37513513513513513
16.0,10.0,33.0,0.6,0.1,0.6,2.0,906.0,0.0,0.0,0.3818984547461369
16.0,10.0,34.0,0.6,0.1,0.6,2.0,891.0,0.0,0.0,0.38271604938271603
16.0,10.0,35.0,0.6,0.1,0.6,2.0,884.0,0.0,0.0,0.38461538461538464
16.0,10.0,36.0,0.6,0.1,0.6,2.0,880.0,0.0,0.0,0.3840909090909091
16.0,10.0,37.0,0.6,0.1,0.6,2.0,823.0,0.0,0.0,0.39246658566221143
16.0,10.0,38.0,0.6,0.1,0.6,2.0,830.0,0.0,0.0,0.39036144578313253
16.0,10.0,39.0,0.6,0.1,0.6,2.0,823.0,0.0,0.0,0.39246658566221143
16.0,10.0,40.0,0.6,0.1,0.6,2.0,787.0,0.0,0.0,0.3951715374841169
16.0,10.0,41.0,0.6,0.1,0.6,2.0,780.0,0.0,0.0,0.3974358974358974
16.0,10.0,42.0,0.6,0.1,0.6,2.0,775.0,0.0,0.0,0.3987096774193548
16.0,10.0,43.0,0.6,0.1,0.6,2.0,755.0,0.0,0.0,0.4052980132450331
16.0,10.0,44.0,0.6,0.1,0.6,2.0,751.0,0.0,0.0,0.4021304926764314
16.0,10.0,45.0,0.6,0.1,0.6,2.0,744.0,0.0,0.0,0.6411290322580645
16.0,10.0,46.0,0.6,0.1,0.6,2.0,751.0,0.0,0.0,0.6418109187749668
16.0,10.0,47.0,0.6,0.1,0.6,2.0,744.0,0.0,0.0,0.6411290322580645
16.0,10.0,48.0,0.6,0.1,0.6,2.0,751.0,0.0,0.0,0.6418109187749668
16.0,10.0,49.0,0.6,0.1,0.6,2.0,721.0,0.0,0.0,0.6477115117891817
16.0,10.0,50.0,0.6,0.1,0.6,2.0,728.0,0.0,0.0,0.6483516483516484
16.0,10.0,51.0,0.6,0.1,0.6,2.0,710.0,0.0,0.0,0.652112676056338
16.0,10.0,52.0,0.6,0.1,0.6,2.0,717.0,0.0,0.0,0.6527196652719666
17.0,1.0,1.0,0.6,0.1,0.6,2.0,5123.0,47.0,3.0,0.5934023033378879
17.0,1.0,2.0,0.6,0.1,0.6,2.0,5102.0,50.0,15.0,0.5915327322618581
17.0,1.0,3.0,0.6,0.1,0.6,2.0,5083.0,51.0,24.0,0.5923667125713161
17.0,1.0,4.0,0.6,0.1,0.6,2.0,5020.0,55.0,36.0,0.5902390438247012
17.0,1.0,5.0,0.6,0.1,0.6,2.0,5023.0,64.0,34.0,0.591678279912403
17.0,1.0,6.0,0.6,0.1,0.6,2.0,4808.0,70.0,31.0,0.5929700499168054
17.0,1.0,7.0,0.6,0.1,0.6,2.0,4623.0,69.0,21.0,0.5957170668397145
17.0,1.0,8.0,0.6,0.1,0.6,2.0,4451.0,71.0,21.0,0.5967198382385981
17.0,1.0,9.0,0.6,0.1,0.6,2.0,4334.0,72.0,27.0,0.596677434240886
17.0,1.0,10.0,0.6,0.1,0.6,2.0,4225.0,70.0,39.0,0.5971597633136094
17.0,1.0,11.0,0.6,0.1,0.6,2.0,4077.0,76.0,36.0,0.5965170468481726
17.0,1.0,12.0,0.6,0.1,0.6,2.0,3923.0,80.0,38.0,0.5972470048432322
17.0,1.0,13.0,0.6,0.1,0.6,2.0,3848.0,70.0,32.0,0.5982328482328483
17.0,1.0,14.0,0.6,0.1,0.6,2.0,3784.0,72.0,34.0,0.6025369978858351
17.0,1.0,15.0,0.6,0.1,0.6,2.0,3708.0,70.0,39.0,0.6008629989212514
17.0,1.0,16.0,0.6,0.1,0.6,2.0,3597.0,66.0,34.0,0.6043925493466777
17.0,1.0,17.0,0.6,0.1,0.6,2.0,3512.0,70.0,38.0,0.6042141230068337
17.0,1.0,18.0,0.6,0.1,0.6,2.0,3476.0,60.0,32.0,0.6078826237054085
17.0,1.0,19.0,0.6,0.1,0.6,2.0,3410.0,56.0,30.0,0.606158357771261
17.0,1.0,20.0,0.6,0.1,0.6,2.0,6373.0,48.0,26.0,0.318688215910874
17.0,1.0,21.0,0.6,0.1,0.6,2.0,6012.0,74.0,26.0,0.32285429141716565
17.0,1.0,22.0,0.6,0.1,0.6,2.0,5616.0,75.0,22.0,0.32905982905982906
17.0,1.0,23.0,0.6,0.1,0.6,2.0,5310.0,89.0,25.0,0.332391713747646
17.0,1.0,24.0,0.6,0.1,0.6,2.0,4942.0,89.0,35.0,0.3348846620801295
17.0,1.0,25.0,0.6,0.1,0.6,2.0,4772.0,107.0,43.0,0.3369656328583403
17.0,1.0,26.0,0.6,0.1,0.6,2.0,4530.0,114.0,44.0,0.33995584988962474
17.0,1.0,27.0,0.6,0.1,0.6,2.0,4341.0,131.0,45.0,0.34231743837825385
17.0,1.0,28.0,0.6,0.1,0.6,2.0,4123.0,132.0,44.0,0.34319670143099684
17.0,1.0,29.0,0.6,0.1,0.6,2.0,3940.0,136.0,61.0,0.3474619289340102
17.0,1.0,30.0,0.6,0.1,0.6,2.0,3798.0,135.0,61.0,0.35176408636124273
17.0,1.0,31.0,0.6,0.1,0.6,2.0,3683.0,141.0,67.0,0.3532446375237578
17.0,1.0,32.0,0.6,0.1,0.6,2.0,3590.0,149.0,59.0,0.3584958217270195
17.0,1.0,33.0,0.6,0.1,0.6,2.0,3399.0,140.0,54.0,0.36245954692556637
17.0,1.0,34.0,0.6,0.1,0.6,2.0,3263.0,149.0,58.0,0.3668403309837573
17.0,1.0,35.0,0.6,0.1,0.6,2.0,3159.0,160.0,69.0,0.3684710351377018
17.0,1.0,36.0,0.6,0.1,0.6,2.0,3026.0,166.0,71.0,0.3730998017184402
17.0,1.0,37.0,0.6,0.1,0.6,2.0,2912.0,195.0,83.0,0.37809065934065933
17.0,1.0,38.0,0.6,0.1,0.6,2.0,2822.0,183.0,81.0,0.38128986534372783
17.0,1.0,39.0,0.6,0.1,0.6,2.0,2677.0,183.0,88.0,0.38737392603660814
17.0,1.0,40.0,0.6,0.1,0.6,2.0,2588.0,176.0,81.0,0.39180834621329214
17.0,1.0,41.0,0.6,0.1,0.6,2.0,2528.0,169.0,83.0,0.3963607594936709
17.0,1.0,42.0,0.6,0.1,0.6,2.0,2424.0,163.0,80.0,0.40305280528052806
17.0,1.0,43.0,0.6,0.1,0.6,2.0,2299.0,145.0,85.0,0.41061331013484126
17.0,1.0,44.0,0.6,0.1,0.6,2.0,2239.0,140.0,74.0,0.4180437695399732
17.0,1.0,45.0,0.6,0.1,0.6,2.0,2137.0,114.0,55.0,0.6621431913897988
17.0,1.0,46.0,0.6,0.1,0.6,2.0,2080.0,93.0,49.0,0.666826923076923
17.0,1.0,47.0,0.6,0.1,0.6,2.0,2013.0,85.0,47.0,0.6726279185295578
17.0,1.0,48.0,0.6,0.1,0.6,2.0,1983.0,79.0,51.0,0.6742309631870903
17.0,1.0,49.0,0.6,0.1,0.6,2.0,1936.0,62.0,41.0,0.6766528925619835
17.0,1.0,50.0,0.6,0.1,0.6,2.0,1902.0,57.0,35.0,0.676130389064143
17.0,1.0,51.0,0.6,0.1,0.6,2.0,1863.0,43.0,25.0,0.677938808373591
17.0,1.0,52.0,0.6,0.1,0.6,2.0,1799.0,34.0,20.0,0.6820455808782657
17.0,2.0,1.0,0.6,0.1,0.6,2.0,1777.0,33.0,19.0,0.6826111423747889
17.0,2.0,2.0,0.6,0.1,0.6,2.0,1752.0,27.0,18.0,0.6855022831050228
17.0,2.0,3.0,0.6,0.1,0.6,2.0,1729.0,22.0,16.0,0.6859456333140543
17.0,2.0,4.0,0.6,0.1,0.6,2.0,1709.0,21.0,12.0,0.6904622586307783
17.0,2.0,5.0,0.6,0.1,0.6,2.0,1678.0,14.0,7.0,0.6883194278903456
17.0,2.0,6.0,0.6,0.1,0.6,2.0,1660.0,12.0,4.0,0.6909638554216867
17.0,2.0,7.0,0.6,0.1,0.6,2.0,1649.0,11.0,6.0,0.6889023650697392
17.0,2.0,8.0,0.6,0.1,0.6,2.0,1629.0,10.0,5.0,0.6930632289748312
17.0,2.0,9.0,0.6,0.1,0.6,2.0,1595.0,10.0,5.0,0.6927899686520376
17.0,2.0,10.0,0.6,0.1,0.6,2.0,1580.0,7.0,4.0,0.6962025316455697
17.0,2.0,11.0,0.6,0.1,0.6,2.0,1537.0,6.0,3.0,0.697462589459987
17.0,2.0,12.0,0.6,0.1,0.6,2.0,1511.0,5.0,2.0,0.700860357379219
17.0,2.0,13.0,0.6,0.1,0.6,2.0,1497.0,3.0,1.0,0.7007348029392118
17.0,2.0,14.0,0.6,0.1,0.6,2.0,1471.0,3.0,2.0,0.7002039428959891
17.0,2.0,15.0,0.6,0.1,0.6,2.0,1459.0,3.0,2.0,0.6977381768334475
17.0,2.0,16.0,0.6,0.1,0.6,2.0,1439.0,3.0,1.0,0.700486448922863
17.0,2.0,17.0,0.6,0.1,0.6,2.0,1431.0,2.0,0.0,0.70020964360587
17.0,2.0,18.0,0.6,0.1,0.6,2.0,1411.0,2.0,2.0,0.69950389794472
17.0,2.0,19.0,0.6,0.1,0.6,2.0,1392.0,2.0,2.0,0.6954022988505747
17.0,2.0,20.0,0.6,0.1,0.6,2.0,2553.0,3.0,2.0,0.3752448100274187
17.0,2.0,21.0,0.6,0.1,0.6,2.0,2489.0,3.0,0.0,0.3756528726396143
17.0,2.0,22.0,0.6,0.1,0.6,2.0,2419.0,3.0,0.0,0.374948325754444
17.0,2.0,23.0,0.6,0.1,0.6,2.0,2354.0,3.0,2.0,0.3746813933729822
17.0,2.0,24.0,0.6,0.1,0.6,2.0,2240.0,5.0,2.0,0.3776785714285714
17.0,2.0,25.0,0.6,0.1,0.6,2.0,2189.0,6.0,3.0,0.37871174052078577
17.0,2.0,26.0,0.6,0.1,0.6,2.0,2154.0,6.0,1.0,0.37836583101207055
17.0,2.0,27.0,0.6,0.1,0.6,2.0,2120.0,6.0,1.0,0.38018867924528305
17.0,2.0,28.0,0.6,0.1,0.6,2.0,2067.0,7.0,2.0,0.3826802128688921
17.0,2.0,29.0,0.6,0.1,0.6,2.0,1996.0,9.0,3.0,0.38226452905811625
17.0,2.0,30.0,0.6,0.1,0.6,2.0,1956.0,15.0,3.0,0.38445807770961143
17.0,2.0,31.0,0.6,0.1,0.6,2.0,1855.0,15.0,4.0,0.3881401617250674
17.0,2.0,32.0,0.6,0.1,0.6,2.0,1818.0,16.0,6.0,0.38943894389438943
17.0,2.0,33.0,0.6,0.1,0.6,2.0,1787.0,17.0,11.0,0.39171796306659207
17.0,2.0,34.0,0.6,0.1,0.6,2.0,1752.0,24.0,11.0,0.3926940639269406
17.0,2.0,35.0,0.6,0.1,0.6,2.0,1672.0,24.0,12.0,0.39892344497607657
17.0,2.0,36.0,0.6,0.1,0.6,2.0,1656.0,23.0,9.0,0.3991545893719807
17.0,2.0,37.0,0.6,0.1,0.6,2.0,1609.0,22.0,8.0,0.4045991298943443
17.0,2.0,38.0,0.6,0.1,0.6,2.0,1548.0,23.0,7.0,0.4050387596899225
17.0,2.0,39.0,0.6,0.1,0.6,2.0,1501.0,22.0,13.0,0.4083944037308461
17.0,2.0,40.0,0.6,0.1,0.6,2.0,1486.0,22.0,16.0,0.40713324360699865
17.0,2.0,41.0,0.6,0.1,0.6,2.0,1455.0,19.0,15.0,0.40962199312714775
17.0,2.0,42.0,0.6,0.1,0.6,2.0,1423.0,15.0,9.0,0.4125087842586086
17.0,2.0,43.0,0.6,0.1,0.6,2.0,1391.0,10.0,5.0,0.4184040258806614
17.0,2.0,44.0,0.6,0.1,0.6,2.0,1345.0,8.0,5.0,0.41858736059479557
17.0,2.0,45.0,0.6,0.1,0.6,2.0,1325.0,7.0,4.0,0.6528301886792452
17.0,2.0,46.0,0.6,0.1,0.6,2.0,1272.0,3.0,2.0,0.660377358490566
17.0,2.0,47.0,0.6,0.1,0.6,2.0,1226.0,1.0,1.0,0.6639477977161501
17.0,2.0,48.0,0.6,0.1,0.6,2.0,1194.0,1.0,1.0,0.6633165829145728
17.0,2.0,49.0,0.6,0.1,0.6,2.0,1177.0,1.0,1.0,0.6677994902293968
17.0,2.0,50.0,0.6,0.1,0.6,2.0,1149.0,0.0,0.0,0.6640557006092254
17.0,2.0,51.0,0.6,0.1,0.6,2.0,1134.0,0.0,0.0,0.6649029982363316
17.0,2.0,52.0,0.6,0.1,0.6,2.0,1124.0,0.0,0.0,0.6645907473309609
17.0,3.0,1.0,0.6,0.1,0.6,2.0,1107.0,0.0,0.0,0.6675700090334237
17.0,3.0,2.0,0.6,0.1,0.6,2.0,1096.0,0.0,0.0,0.6633211678832117
17.0,3.0,3.0,0.6,0.1,0.6,2.0,1082.0,0.0,0.0,0.6645101663585952
17.0,3.0,4.0,0.6,0.1,0.6,2.0,1075.0,0.0,0.0,0.6586046511627907
17.0,3.0,5.0,0.6,0.1,0.6,2.0,1065.0,0.0,0.0,0.6591549295774648
17.0,3.0,6.0,0.6,0.1,0.6,2.0,1052.0,0.0,0.0,0.6539923954372624
17.0,3.0,7.0,0.6,0.1,0.6,2.0,1046.0,0.0,0.0,0.6586998087954111
17.0,3.0,8.0,0.6,0.1,0.6,2.0,1038.0,0.0,0.0,0.6551059730250481
17.0,3.0,9.0,0.6,0.1,0.6,2.0,1026.0,0.0,0.0,0.6588693957115009
17.0,3.0,10.0,0.6,0.1,0.6,2.0,1016.0,0.0,0.0,0.6545275590551181
17.0,3.0,11.0,0.6,0.1,0.6,2.0,1002.0,0.0,0.0,0.6606786427145709
17.0,3.0,12.0,0.6,0.1,0.6,2.0,997.0,0.0,0.0,0.6569709127382146
17.0,3.0,13.0,0.6,0.1,0.6,2.0,985.0,0.0,0.0,0.6598984771573604
17.0,3.0,14.0,0.6,0.1,0.6,2.0,977.0,0.0,0.0,0.6581371545547595
17.0,3.0,15.0,0.6,0.1,0.6,2.0,969.0,0.0,0.0,0.6615067079463365
17.0,3.0,16.0,0.6,0.1,0.6,2.0,963.0,0.0,0.0,0.6593977154724818
17.0,3.0,17.0,0.6,0.1,0.6,2.0,953.0,0.0,0.0,0.6631689401888772
17.0,3.0,18.0,0.6,0.1,0.6,2.0,949.0,0.0,0.0,0.6585879873551106
17.0,3.0,19.0,0.6,0.1,0.6,2.0,940.0,0.0,0.0,0.6606382978723404
17.0,3.0,20.0,0.6,0.1,0.6,2.0,1754.0,0.0,0.0,0.34948688711516535
17.0,3.0,21.0,0.6,0.1,0.6,2.0,1720.0,0.0,0.0,0.3540697674418605
17.0,3.0,22.0,0.6,0.1,0.6,2.0,1701.0,0.0,0.0,0.3533215755437978
17.0,3.0,23.0,0.6,0.1,0.6,2.0,1657.0,0.0,0.0,0.3548581774290887
17.0,3.0,24.0,0.6,0.1,0.6,2.0,1623.0,0.0,0.0,0.35489833641404805
17.0,3.0,25.0,0.6,0.1,0.6,2.0,1594.0,0.0,0.0,0.35445420326223337
17.0,3.0,26.0,0.6,0.1,0.6,2.0,1584.0,0.0,0.0,0.3529040404040404
17.0,3.0,27.0,0.6,0.1,0.6,2.0,1532.0,0.0,0.0,0.35704960835509136
17.0,3.0,28.0,0.6,0.1,0.6,2.0,1504.0,0.0,0.0,0.35438829787234044
17.0,3.0,29.0,0.6,0.1,0.6,2.0,1450.0,0.0,0.0,0.3586206896551724
17.0,3.0,30.0,0.6,0.1,0.6,2.0,1431.0,0.0,0.0,0.35709294199860236
17.0,3.0,31.0,0.6,0.1,0.6,2.0,1400.0,0.0,0.0,0.3585714285714286
17.0,3.0,32.0,0.6,0.1,0.6,2.0,1343.0,0.0,0.0,0.3603871928518243
17.0,3.0,33.0,0.6,0.1,0.6,2.0,1328.0,0.0,0.0,0.36069277108433734
17.0,3.0,34.0,0.6,0.1,0.6,2.0,1311.0,0.0,0.0,0.36003051106025935
17.0,3.0,35.0,0.6,0.1,0.6,2.0,1296.0,0.0,0.0,0.3595679012345679
17.0,3.0,36.0,0.6,0.1,0.6,2.0,1267.0,0.0,0.0,0.35674822415153906
17.0,3.0,37.0,0.6,0.1,0.6,2.0,1249.0,0.0,0.0,0.3578863090472378
17.0,3.0,38.0,0.6,0.1,0.6,2.0,1222.0,0.0,0.0,0.35597381342062195
17.0,3.0,39.0,0.6,0.1,0.6,2.0,1171.0,0.0,0.0,0.3569598633646456
17.0,3.0,40.0,0.6,0.1,0.6,2.0,1156.0,0.0,0.0,0.35726643598615915
17.0,3.0,41.0,0.6,0.1,0.6,2.0,1132.0,0.0,0.0,0.3568904593639576
17.0,3.0,42.0,0.6,0.1,0.6,2.0,1134.0,0.0,0.0,0.3527336860670194
17.0,3.0,43.0,0.6,0.1,0.6,2.0,1096.0,0.0,0.0,0.35492700729927007
17.0,3.0,44.0,0.6,0.1,0.6,2.0,1095.0,0.0,0.0,0.3552511415525114
17.0,3.0,45.0,0.6,0.1,0.6,2.0,1071.0,0.0,0.0,0.6181139122315593
17.0,3.0,46.0,0.6,0.1,0.6,2.0,1071.0,0.0,0.0,0.6171802054154996
17.0,3.0,47.0,0.6,0.1,0.6,2.0,1031.0,0.0,0.0,0.623666343355965
17.0,3.0,48.0,0.6,0.1,0.6,2.0,1029.0,0.0,0.0,0.6229348882410107
17.0,3.0,49.0,0.6,0.1,0.6,2.0,988.0,0.0,0.0,0.6244939271255061
17.0,3.0,50.0,0.6,0.1,0.6,2.0,1001.0,0.0,0.0,0.6193806193806194
17.0,3.0,51.0,0.6,0.1,0.6,2.0,967.0,0.0,0.0,0.6225439503619442
17.0,3.0,52.0,0.6,0.1,0.6,2.0,975.0,0.0,0.0,0.6194871794871795
17.0,4.0,1.0,0.6,0.1,0.6,2.0,955.0,0.0,0.0,0.6219895287958115
17.0,4.0,2.0,0.6,0.1,0.6,2.0,948.0,0.0,0.0,0.6160337552742616
17.0,4.0,3.0,0.6,0.1,0.6,2.0,923.0,0.0,0.0,0.6186348862405201
17.0,4.0,4.0,0.6,0.1,0.6,2.0,914.0,0.0,0.0,0.6192560175054704
17.0,4.0,5.0,0.6,0.1,0.6,2.0,891.0,0.0,0.0,0.622895622895623
17.0,4.0,6.0,0.6,0.1,0.6,2.0,894.0,0.0,0.0,0.6219239373601789
17.0,4.0,7.0,0.6,0.1,0.6,2.0,862.0,0.0,0.0,0.6241299303944315
17.0,4.0,8.0,0.6,0.1,0.6,2.0,861.0,0.0,0.0,0.6178861788617886
17.0,4.0,9.0,0.6,0.1,0.6,2.0,837.0,0.0,0.0,0.6224611708482676
17.0,4.0,10.0,0.6,0.1,0.6,2.0,819.0,0.0,0.0,0.6251526251526252
17.0,4.0,11.0,0.6,0.1,0.6,2.0,802.0,0.0,0.0,0.628428927680798
17.0,4.0,12.0,0.6,0.1,0.6,2.0,804.0,0.0,0.0,0.6293532338308457
17.0,4.0,13.0,0.6,0.1,0.6,2.0,789.0,0.0,0.0,0.632446134347275
17.0,4.0,14.0,0.6,0.1,0.6,2.0,798.0,0.0,0.0,0.6278195488721805
17.0,4.0,15.0,0.6,0.1,0.6,2.0,779.0,0.0,0.0,0.6290115532734275
17.0,4.0,16.0,0.6,0.1,0.6,2.0,775.0,0.0,0.0,0.6270967741935484
17.0,4.0,17.0,0.6,0.1,0.6,2.0,755.0,0.0,0.0,0.6304635761589404
17.0,4.0,18.0,0.6,0.1,0.6,2.0,764.0,0.0,0.0,0.6308900523560209
17.0,4.0,19.0,0.6,0.1,0.6,2.0,754.0,0.0,0.0,0.6312997347480106
17.0,4.0,20.0,0.6,0.1,0.6,2.0,1367.0,0.0,0.0,0.3511338697878566
17.0,4.0,21.0,0.6,0.1,0.6,2.0,1296.0,0.0,0.0,0.35648148148148145
17.0,4.0,22.0,0.6,0.1,0.6,2.0,1264.0,0.0,0.0,0.36075949367088606
17.0,4.0,23.0,0.6,0.1,0.6,2.0,1206.0,0.0,0.0,0.36318407960199006
17.0,4.0,24.0,0.6,0.1,0.6,2.0,1185.0,0.0,0.0,0.3670886075949367
17.0,4.0,25.0,0.6,0.1,0.6,2.0,1179.0,0.0,0.0,0.3655640373197625
17.0,4.0,26.0,0.6,0.1,0.6,2.0,1169.0,0.0,0.0,0.369546621043627
17.0,4.0,27.0,0.6,0.1,0.6,2.0,1152.0,0.0,0.0,0.3706597222222222
17.0,4.0,28.0,0.6,0.1,0.6,2.0,1139.0,0.0,0.0,0.3713784021071115
17.0,4.0,29.0,0.6,0.1,0.6,2.0,1109.0,0.0,0.0,0.37240757439134353
17.0,4.0,30.0,0.6,0.1,0.6,2.0,1080.0,0.0,0.0,0.37962962962962965
17.0,4.0,31.0,0.6,0.1,0.6,2.0,1059.0,0.0,0.0,0.37677053824362605
17.0,4.0,32.0,0.6,0.1,0.6,2.0,1065.0,0.0,0.0,0.37464788732394366
17.0,4.0,33.0,0.6,0.1,0.6,2.0,1044.0,0.0,0.0,0.37452107279693486
17.0,4.0,34.0,0.6,0.1,0.6,2.0,1039.0,0.0,0.0,0.3753609239653513
17.0,4.0,35.0,0.6,0.1,0.6,2.0,1009.0,0.0,0.0,0.3736372646184341
17.0,4.0,36.0,0.6,0.1,0.6,2.0,988.0,0.0,0.0,0.37449392712550605
17.0,4.0,37.0,0.6,0.1,0.6,2.0,967.0,0.0,0.0,0.37435367114788004
17.0,4.0,38.0,0.6,0.1,0.6,2.0,958.0,0.0,0.0,0.3768267223382046
17.0,4.0,39.0,0.6,0.1,0.6,2.0,938.0,0.0,0.0,0.3763326226012793
17.0,4.0,40.0,0.6,0.1,0.6,2.0,922.0,0.0,0.0,0.3774403470715835
17.0,4.0,41.0,0.6,0.1,0.6,2.0,884.0,0.0,0.0,0.3778280542986425
17.0,4.0,42.0,0.6,0.1,0.6,2.0,863.0,0.0,0.0,0.388180764774044
17.0,4.0,43.0,0.6,0.1,0.6,2.0,844.0,0.0,0.0,0.38388625592417064
17.0,4.0,44.0,0.6,0.1,0.6,2.0,836.0,0.0,0.0,0.3839712918660287
17.0,4.0,45.0,0.6,0.1,0.6,2.0,818.0,0.0,0.0,0.6308068459657702
17.0,4.0,46.0,0.6,0.1,0.6,2.0,817.0,0.0,0.0,0.6340269277845777
17.0,4.0,47.0,0.6,0.1,0.6,2.0,805.0,0.0,0.0,0.6285714285714286
17.0,4.0,48.0,0.6,0.1,0.6,2.0,785.0,0.0,0.0,0.6318471337579618
17.0,4.0,49.0,0.6,0.1,0.6,2.0,782.0,0.0,0.0,0.6355498721227621
17.0,4.0,50.0,0.6,0.1,0.6,2.0,772.0,0.0,0.0,0.6360103626943006
17.0,4.0,51.0,0.6,0.1,0.6,2.0,769.0,0.0,0.0,0.635890767230169
17.0,4.0,52.0,0.6,0.1,0.6,2.0,763.0,0.0,0.0,0.6343381389252949
17.0,5.0,1.0,0.6,0.1,0.6,2.0,743.0,0.0,0.0,0.6271870794078062
17.0,5.0,2.0,0.6,0.1,0.6,2.0,740.0,0.0,0.0,0.6256756756756757
17.0,5.0,3.0,0.6,0.1,0.6,2.0,736.0,0.0,0.0,0.626358695652174
17.0,5.0,4.0,0.6,0.1,0.6,2.0,736.0,0.0,0.0,0.625
17.0,5.0,5.0,0.6,0.1,0.6,2.0,734.0,0.0,0.0,0.6253405994550408
17.0,5.0,6.0,0.6,0.1,0.6,2.0,732.0,0.0,0.0,0.6243169398907104
17.0,5.0,7.0,0.6,0.1,0.6,2.0,727.0,0.0,0.0,0.6231086657496562
17.0,5.0,8.0,0.6,0.1,0.6,2.0,720.0,0.0,0.0,0.625
17.0,5.0,9.0,0.6,0.1,0.6,2.0,714.0,0.0,0.0,0.6274509803921569
17.0,5.0,10.0,0.6,0.1,0.6,2.0,709.0,0.0,0.0,0.6276445698166432
17.0,5.0,11.0,0.6,0.1,0.6,2.0,692.0,0.0,0.0,0.6315028901734104
17.0,5.0,12.0,0.6,0.1,0.6,2.0,685.0,0.0,0.0,0.6335766423357664
17.0,5.0,13.0,0.6,0.1,0.6,2.0,680.0,0.0,0.0,0.6352941176470588
17.0,5.0,14.0,0.6,0.1,0.6,2.0,676.0,0.0,0.0,0.636094674556213
17.0,5.0,15.0,0.6,0.1,0.6,2.0,675.0,0.0,0.0,0.6325925925925926
17.0,5.0,16.0,0.6,0.1,0.6,2.0,673.0,0.0,0.0,0.6359583952451708
17.0,5.0,17.0,0.6,0.1,0.6,2.0,673.0,0.0,0.0,0.6344725111441307
17.0,5.0,18.0,0.6,0.1,0.6,2.0,671.0,0.0,0.0,0.6348733233979136
17.0,5.0,19.0,0.6,0.1,0.6,2.0,670.0,0.0,0.0,0.6313432835820896
17.0,5.0,20.0,0.6,0.1,0.6,2.0,1201.0,0.0,0.0,0.3513738551207327
17.0,5.0,21.0,0.6,0.1,0.6,2.0,1168.0,0.0,0.0,0.3493150684931507
17.0,5.0,22.0,0.6,0.1,0.6,2.0,1044.0,0.0,0.0,0.3649425287356322
17.0,5.0,23.0,0.6,0.1,0.6,2.0,1037.0,0.0,0.0,0.35969141755062684
17.0,5.0,24.0,0.6,0.1,0.6,2.0,1006.0,0.0,0.0,0.36779324055666
17.0,5.0,25.0,0.6,0.1,0.6,2.0,982.0,0.0,0.0,0.3655804480651731
17.0,5.0,26.0,0.6,0.1,0.6,2.0,955.0,0.0,0.0,0.37277486910994767
17.0,5.0,27.0,0.6,0.1,0.6,2.0,966.0,0.0,0.0,0.36542443064182195
17.0,5.0,28.0,0.6,0.1,0.6,2.0,942.0,0.0,0.0,0.37367303609341823
17.0,5.0,29.0,0.6,0.1,0.6,2.0,941.0,0.0,0.0,0.3687566418703507
17.0,5.0,30.0,0.6,0.1,0.6,2.0,921.0,0.0,0.0,0.3767643865363735
17.0,5.0,31.0,0.6,0.1,0.6,2.0,919.0,0.0,0.0,0.3710554951033732
17.0,5.0,32.0,0.6,0.1,0.6,2.0,882.0,0.0,0.0,0.3832199546485261
17.0,5.0,33.0,0.6,0.1,0.6,2.0,898.0,0.0,0.0,0.37193763919821826
17.0,5.0,34.0,0.6,0.1,0.6,2.0,849.0,0.0,0.0,0.3875147232037691
17.0,5.0,35.0,0.6,0.1,0.6,2.0,857.0,0.0,0.0,0.38039673278879815
17.0,5.0,36.0,0.6,0.1,0.6,2.0,814.0,0.0,0.0,0.3845208845208845
17.0,5.0,37.0,0.6,0.1,0.6,2.0,810.0,0.0,0.0,0.3802469135802469
17.0,5.0,38.0,0.6,0.1,0.6,2.0,789.0,0.0,0.0,0.3865652724968314
17.0,5.0,39.0,0.6,0.1,0.6,2.0,773.0,0.0,0.0,0.38421733505821476
17.0,5.0,40.0,0.6,0.1,0.6,2.0,743.0,0.0,0.0,0.39030955585464333
17.0,5.0,41.0,0.6,0.1,0.6,2.0,751.0,0.0,0.0,0.3848202396804261
17.0,5.0,42.0,0.6,0.1,0.6,2.0,733.0,0.0,0.0,0.39154160982264663
17.0,5.0,43.0,0.6,0.1,0.6,2.0,726.0,0.0,0.0,0.3856749311294766
17.0,5.0,44.0,0.6,0.1,0.6,2.0,711.0,0.0,0.0,0.3924050632911392
17.0,5.0,45.0,0.6,0.1,0.6,2.0,724.0,0.0,0.0,0.6367403314917127
17.0,5.0,46.0,0.6,0.1,0.6,2.0,702.0,0.0,0.0,0.6438746438746439
17.0,5.0,47.0,0.6,0.1,0.6,2.0,703.0,0.0,0.0,0.6372688477951636
17.0,5.0,48.0,0.6,0.1,0.6,2.0,686.0,0.0,0.0,0.6428571428571429
17.0,5.0,49.0,0.6,0.1,0.6,2.0,691.0,0.0,0.0,0.6425470332850941
17.0,5.0,50.0,0.6,0.1,0.6,2.0,680.0,0.0,0.0,0.6426470588235295
17.0,5.0,51.0,0.6,0.1,0.6,2.0,666.0,0.0,0.0,0.6516516516516516
17.0,5.0,52.0,0.6,0.1,0.6,2.0,658.0,0.0,0.0,0.648936170212766
17.0,6.0,1.0,0.6,0.1,0.6,2.0,645.0,0.0,0.0,0.6511627906976745
17.0,6.0,2.0,0.6,0.1,0.6,2.0,635.0,0.0,0.0,0.6503937007874016
17.0,6.0,3.0,0.6,0.1,0.6,2.0,632.0,0.0,0.0,0.6550632911392406
17.0,6.0,4.0,0.6,0.1,0.6,2.0,628.0,0.0,0.0,0.6528662420382165
17.0,6.0,5.0,0.6,0.1,0.6,2.0,627.0,0.0,0.0,0.6570972886762361
17.0,6.0,6.0,0.6,0.1,0.6,2.0,623.0,0.0,0.0,0.6548956661316212
17.0,6.0,7.0,0.6,0.1,0.6,2.0,622.0,0.0,0.0,0.6559485530546624
17.0,6.0,8.0,0.6,0.1,0.6,2.0,614.0,0.0,0.0,0.6579804560260586
17.0,6.0,9.0,0.6,0.1,0.6,2.0,610.0,0.0,0.0,0.659016393442623
17.0,6.0,10.0,0.6,0.1,0.6,2.0,606.0,0.0,0.0,0.6617161716171617
17.0,6.0,11.0,0.6,0.1,0.6,2.0,599.0,0.0,0.0,0.666110183639399
17.0,6.0,12.0,0.6,0.1,0.6,2.0,595.0,0.0,0.0,0.66890756302521
17.0,6.0,13.0,0.6,0.1,0.6,2.0,592.0,0.0,0.0,0.6706081081081081
17.0,6.0,14.0,0.6,0.1,0.6,2.0,591.0,0.0,0.0,0.6683587140439933
17.0,6.0,15.0,0.6,0.1,0.6,2.0,588.0,0.0,0.0,0.6700680272108843
17.0,6.0,16.0,0.6,0.1,0.6,2.0,581.0,0.0,0.0,0.6746987951807228
17.0,6.0,17.0,0.6,0.1,0.6,2.0,580.0,0.0,0.0,0.6741379310344827
17.0,6.0,18.0,0.6,0.1,0.6,2.0,578.0,0.0,0.0,0.6747404844290658
17.0,6.0,19.0,0.6,0.1,0.6,2.0,564.0,0.0,0.0,0.675531914893617
17.0,6.0,20.0,0.6,0.1,0.6,2.0,1029.0,0.0,0.0,0.37123420796890183
17.0,6.0,21.0,0.6,0.1,0.6,2.0,1017.0,0.0,0.0,0.3746312684365782
17.0,6.0,22.0,0.6,0.1,0.6,2.0,960.0,0.0,0.0,0.384375
17.0,6.0,23.0,0.6,0.1,0.6,2.0,965.0,0.0,0.0,0.38238341968911915
17.0,6.0,24.0,0.6,0.1,0.6,2.0,954.0,0.0,0.0,0.3857442348008386
17.0,6.0,25.0,0.6,0.1,0.6,2.0,958.0,0.0,0.0,0.38308977035490605
17.0,6.0,26.0,0.6,0.1,0.6,2.0,934.0,0.0,0.0,0.3854389721627409
17.0,6.0,27.0,0.6,0.1,0.6,2.0,912.0,0.0,0.0,0.38377192982456143
17.0,6.0,28.0,0.6,0.1,0.6,2.0,873.0,0.0,0.0,0.3928980526918671
17.0,6.0,29.0,0.6,0.1,0.6,2.0,868.0,0.0,0.0,0.39055299539170507
17.0,6.0,30.0,0.6,0.1,0.6,2.0,849.0,0.0,0.0,0.3957597173144876
17.0,6.0,31.0,0.6,0.1,0.6,2.0,849.0,0.0,0.0,0.3957597173144876
17.0,6.0,32.0,0.6,0.1,0.6,2.0,829.0,0.0,0.0,0.40048250904704463
17.0,6.0,33.0,0.6,0.1,0.6,2.0,840.0,0.0,0.0,0.3952380952380952
17.0,6.0,34.0,0.6,0.1,0.6,2.0,819.0,0.0,0.0,0.4004884004884005
17.0,6.0,35.0,0.6,0.1,0.6,2.0,828.0,0.0,0.0,0.3973429951690821
17.0,6.0,36.0,0.6,0.1,0.6,2.0,805.0,0.0,0.0,0.40248447204968946
17.0,6.0,37.0,0.6,0.1,0.6,2.0,812.0,0.0,0.0,0.3977832512315271
17.0,6.0,38.0,0.6,0.1,0.6,2.0,787.0,0.0,0.0,0.4104193138500635
17.0,6.0,39.0,0.6,0.1,0.6,2.0,797.0,0.0,0.0,0.4065244667503137
17.0,6.0,40.0,0.6,0.1,0.6,2.0,784.0,0.0,0.0,0.4107142857142857
17.0,6.0,41.0,0.6,0.1,0.6,2.0,777.0,0.0,0.0,0.40797940797940796
17.0,6.0,42.0,0.6,0.1,0.6,2.0,745.0,0.0,0.0,0.4147651006711409
17.0,6.0,43.0,0.6,0.1,0.6,2.0,753.0,0.0,0.0,0.4116865869853918
17.0,6.0,44.0,0.6,0.1,0.6,2.0,738.0,0.0,0.0,0.4173441734417344
17.0,6.0,45.0,0.6,0.1,0.6,2.0,753.0,0.0,0.0,0.6454183266932271
17.0,6.0,46.0,0.6,0.1,0.6,2.0,741.0,0.0,0.0,0.6491228070175439
17.0,6.0,47.0,0.6,0.1,0.6,2.0,749.0,0.0,0.0,0.6448598130841121
17.0,6.0,48.0,0.6,0.1,0.6,2.0,735.0,0.0,0.0,0.6476190476190476
17.0,6.0,49.0,0.6,0.1,0.6,2.0,741.0,0.0,0.0,0.6464237516869096
17.0,6.0,50.0,0.6,0.1,0.6,2.0,735.0,0.0,0.0,0.6448979591836734
17.0,6.0,51.0,0.6,0.1,0.6,2.0,716.0,0.0,0.0,0.6480446927374302
17.0,6.0,52.0,0.6,0.1,0.6,2.0,709.0,0.0,0.0,0.6488011283497884
17.0,7.0,1.0,0.6,0.1,0.6,2.0,714.0,0.0,0.0,0.6498599439775911
17.0,7.0,2.0,0.6,0.1,0.6,2.0,706.0,0.0,0.0,0.6473087818696884
17.0,7.0,3.0,0.6,0.1,0.6,2.0,705.0,0.0,0.0,0.6510638297872341
17.0,7.0,4.0,0.6,0.1,0.6,2.0,701.0,0.0,0.0,0.651925820256776
17.0,7.0,5.0,0.6,0.1,0.6,2.0,699.0,0.0,0.0,0.6523605150214592
17.0,7.0,6.0,0.6,0.1,0.6,2.0,680.0,0.0,0.0,0.6558823529411765
17.0,7.0,7.0,0.6,0.1,0.6,2.0,682.0,0.0,0.0,0.6539589442815249
17.0,7.0,8.0,0.6,0.1,0.6,2.0,670.0,0.0,0.0,0.655223880597015
17.0,7.0,9.0,0.6,0.1,0.6,2.0,673.0,0.0,0.0,0.6552748885586924
17.0,7.0,10.0,0.6,0.1,0.6,2.0,669.0,0.0,0.0,0.6547085201793722
17.0,7.0,11.0,0.6,0.1,0.6,2.0,668.0,0.0,0.0,0.655688622754491
17.0,7.0,12.0,0.6,0.1,0.6,2.0,662.0,0.0,0.0,0.6570996978851964
17.0,7.0,13.0,0.6,0.1,0.6,2.0,658.0,0.0,0.0,0.6565349544072948
17.0,7.0,14.0,0.6,0.1,0.6,2.0,658.0,0.0,0.0,0.6595744680851063
17.0,7.0,15.0,0.6,0.1,0.6,2.0,654.0,0.0,0.0,0.6559633027522935
17.0,7.0,16.0,0.6,0.1,0.6,2.0,648.0,0.0,0.0,0.6589506172839507
17.0,7.0,17.0,0.6,0.1,0.6,2.0,650.0,0.0,0.0,0.6584615384615384
17.0,7.0,18.0,0.6,0.1,0.6,2.0,647.0,0.0,0.0,0.6599690880989181
17.0,7.0,19.0,0.6,0.1,0.6,2.0,645.0,0.0,0.0,0.6589147286821705
17.0,7.0,20.0,0.6,0.1,0.6,2.0,1191.0,0.0,0.0,0.3593618807724601
17.0,7.0,21.0,0.6,0.1,0.6,2.0,1103.0,0.0,0.0,0.36990027198549413
17.0,7.0,22.0,0.6,0.1,0.6,2.0,1081.0,0.0,0.0,0.3700277520814061
17.0,7.0,23.0,0.6,0.1,0.6,2.0,1000.0,0.0,0.0,0.375
17.0,7.0,24.0,0.6,0.1,0.6,2.0,998.0,0.0,0.0,0.37074148296593185
17.0,7.0,25.0,0.6,0.1,0.6,2.0,965.0,0.0,0.0,0.37927461139896373
17.0,7.0,26.0,0.6,0.1,0.6,2.0,943.0,0.0,0.0,0.38176033934252385
17.0,7.0,27.0,0.6,0.1,0.6,2.0,916.0,0.0,0.0,0.3864628820960699
17.0,7.0,28.0,0.6,0.1,0.6,2.0,905.0,0.0,0.0,0.3867403314917127
17.0,7.0,29.0,0.6,0.1,0.6,2.0,879.0,0.0,0.0,0.38680318543799774
17.0,7.0,30.0,0.6,0.1,0.6,2.0,859.0,0.0,0.0,0.3911525029103609
17.0,7.0,31.0,0.6,0.1,0.6,2.0,860.0,0.0,0.0,0.3930232558139535
17.0,7.0,32.0,0.6,0.1,0.6,2.0,853.0,0.0,0.0,0.39155920281359907
17.0,7.0,33.0,0.6,0.1,0.6,2.0,824.0,0.0,0.0,0.39927184466019416
17.0,7.0,34.0,0.6,0.1,0.6,2.0,800.0,0.0,0.0,0.40375
17.0,7.0,35.0,0.6,0.1,0.6,2.0,777.0,0.0,0.0,0.4144144144144144
17.0,7.0,36.0,0.6,0.1,0.6,2.0,759.0,0.0,0.0,0.4163372859025033
17.0,7.0,37.0,0.6,0.1,0.6,2.0,717.0,0.0,0.0,0.42538354253835425
17.0,7.0,38.0,0.6,0.1,0.6,2.0,718.0,0.0,0.0,0.42479108635097496
17.0,7.0,39.0,0.6,0.1,0.6,2.0,716.0,0.0,0.0,0.4245810055865922
17.0,7.0,40.0,0.6,0.1,0.6,2.0,713.0,0.0,0.0,0.42496493688639553
17.0,7.0,41.0,0.6,0.1,0.6,2.0,704.0,0.0,0.0,0.4275568181818182
17.0,7.0,42.0,0.6,0.1,0.6,2.0,689.0,0.0,0.0,0.432510885341074
17.0,7.0,43.0,0.6,0.1,0.6,2.0,685.0,0.0,0.0,0.4335766423357664
17.0,7.0,44.0,0.6,0.1,0.6,2.0,680.0,0.0,0.0,0.4338235294117647
17.0,7.0,45.0,0.6,0.1,0.6,2.0,679.0,0.0,0.0,0.6642120765832106
17.0,7.0,46.0,0.6,0.1,0.6,2.0,687.0,0.0,0.0,0.6593886462882096
17.0,7.0,47.0,0.6,0.1,0.6,2.0,670.0,0.0,0.0,0.6671641791044776
17.0,7.0,48.0,0.6,0.1,0.6,2.0,655.0,0.0,0.0,0.665648854961832
17.0,7.0,49.0,0.6,0.1,0.6,2.0,648.0,0.0,0.0,0.6682098765432098
17.0,7.0,50.0,0.6,0.1,0.6,2.0,635.0,0.0,0.0,0.658267716535433
17.0,7.0,51.0,0.6,0.1,0.6,2.0,624.0,0.0,0.0,0.6618589743589743
17.0,7.0,52.0,0.6,0.1,0.6,2.0,625.0,0.0,0.0,0.6592
17.0,8.0,1.0,0.6,0.1,0.6,2.0,617.0,0.0,0.0,0.6612641815235009
17.0,8.0,2.0,0.6,0.1,0.6,2.0,620.0,0.0,0.0,0.6596774193548387
17.0,8.0,3.0,0.6,0.1,0.6,2.0,612.0,0.0,0.0,0.6633986928104575
17.0,8.0,4.0,0.6,0.1,0.6,2.0,613.0,0.0,0.0,0.6655791190864601
17.0,8.0,5.0,0.6,0.1,0.6,2.0,607.0,0.0,0.0,0.6655683690280065
17.0,8.0,6.0,0.6,0.1,0.6,2.0,608.0,0.0,0.0,0.6661184210526315
17.0,8.0,7.0,0.6,0.1,0.6,2.0,604.0,0.0,0.0,0.6655629139072847
17.0,8.0,8.0,0.6,0.1,0.6,2.0,604.0,0.0,0.0,0.6688741721854304
17.0,8.0,9.0,0.6,0.1,0.6,2.0,594.0,0.0,0.0,0.6717171717171717
17.0,8.0,10.0,0.6,0.1,0.6,2.0,590.0,0.0,0.0,0.676271186440678
17.0,8.0,11.0,0.6,0.1,0.6,2.0,582.0,0.0,0.0,0.6786941580756014
17.0,8.0,12.0,0.6,0.1,0.6,2.0,578.0,0.0,0.0,0.6833910034602076
17.0,8.0,13.0,0.6,0.1,0.6,2.0,573.0,0.0,0.0,0.6858638743455497
17.0,8.0,14.0,0.6,0.1,0.6,2.0,575.0,0.0,0.0,0.6869565217391305
17.0,8.0,15.0,0.6,0.1,0.6,2.0,571.0,0.0,0.0,0.6847635726795096
17.0,8.0,16.0,0.6,0.1,0.6,2.0,572.0,0.0,0.0,0.6853146853146853
17.0,8.0,17.0,0.6,0.1,0.6,2.0,567.0,0.0,0.0,0.6843033509700176
17.0,8.0,18.0,0.6,0.1,0.6,2.0,571.0,0.0,0.0,0.6830122591943958
17.0,8.0,19.0,0.6,0.1,0.6,2.0,564.0,0.0,0.0,0.6861702127659575
17.0,8.0,20.0,0.6,0.1,0.6,2.0,1053.0,0.0,0.0,0.37037037037037035
17.0,8.0,21.0,0.6,0.1,0.6,2.0,1017.0,0.0,0.0,0.37659783677482794
17.0,8.0,22.0,0.6,0.1,0.6,2.0,969.0,0.0,0.0,0.3735810113519092
17.0,8.0,23.0,0.6,0.1,0.6,2.0,921.0,0.0,0.0,0.3800217155266015
17.0,8.0,24.0,0.6,0.1,0.6,2.0,910.0,0.0,0.0,0.3747252747252747
17.0,8.0,25.0,0.6,0.1,0.6,2.0,887.0,0.0,0.0,0.38218714768883877
17.0,8.0,26.0,0.6,0.1,0.6,2.0,846.0,0.0,0.0,0.3806146572104019
17.0,8.0,27.0,0.6,0.1,0.6,2.0,804.0,0.0,0.0,0.39800995024875624
17.0,8.0,28.0,0.6,0.1,0.6,2.0,778.0,0.0,0.0,0.39974293059125965
17.0,8.0,29.0,0.6,0.1,0.6,2.0,757.0,0.0,0.0,0.41215323645970936
17.0,8.0,30.0,0.6,0.1,0.6,2.0,758.0,0.0,0.0,0.40633245382585753
17.0,8.0,31.0,0.6,0.1,0.6,2.0,760.0,0.0,0.0,0.40789473684210525
17.0,8.0,32.0,0.6,0.1,0.6,2.0,756.0,0.0,0.0,0.4087301587301587
17.0,8.0,33.0,0.6,0.1,0.6,2.0,755.0,0.0,0.0,0.40794701986754967
17.0,8.0,34.0,0.6,0.1,0.6,2.0,757.0,0.0,0.0,0.4081902245706737
17.0,8.0,35.0,0.6,0.1,0.6,2.0,755.0,0.0,0.0,0.40927152317880794
17.0,8.0,36.0,0.6,0.1,0.6,2.0,757.0,0.0,0.0,0.4081902245706737
17.0,8.0,37.0,0.6,0.1,0.6,2.0,704.0,0.0,0.0,0.4161931818181818
17.0,8.0,38.0,0.6,0.1,0.6,2.0,707.0,0.0,0.0,0.4158415841584158
17.0,8.0,39.0,0.6,0.1,0.6,2.0,705.0,0.0,0.0,0.41702127659574467
17.0,8.0,40.0,0.6,0.1,0.6,2.0,707.0,0.0,0.0,0.4158415841584158
17.0,8.0,41.0,0.6,0.1,0.6,2.0,704.0,0.0,0.0,0.41761363636363635
17.0,8.0,42.0,0.6,0.1,0.6,2.0,705.0,0.0,0.0,0.4156028368794326
17.0,8.0,43.0,0.6,0.1,0.6,2.0,703.0,0.0,0.0,0.4167852062588905
17.0,8.0,44.0,0.6,0.1,0.6,2.0,705.0,0.0,0.0,0.4156028368794326
17.0,8.0,45.0,0.6,0.1,0.6,2.0,703.0,0.0,0.0,0.6529160739687055
17.0,8.0,46.0,0.6,0.1,0.6,2.0,693.0,0.0,0.0,0.6565656565656566
17.0,8.0,47.0,0.6,0.1,0.6,2.0,691.0,0.0,0.0,0.658465991316932
17.0,8.0,48.0,0.6,0.1,0.6,2.0,678.0,0.0,0.0,0.6578171091445427
17.0,8.0,49.0,0.6,0.1,0.6,2.0,676.0,0.0,0.0,0.6597633136094675
17.0,8.0,50.0,0.6,0.1,0.6,2.0,664.0,0.0,0.0,0.6566265060240963
17.0,8.0,51.0,0.6,0.1,0.6,2.0,664.0,0.0,0.0,0.6581325301204819
17.0,8.0,52.0,0.6,0.1,0.6,2.0,665.0,0.0,0.0,0.6571428571428571
17.0,9.0,1.0,0.6,0.1,0.6,2.0,661.0,0.0,0.0,0.6580937972768532
17.0,9.0,2.0,0.6,0.1,0.6,2.0,664.0,0.0,0.0,0.6581325301204819
17.0,9.0,3.0,0.6,0.1,0.6,2.0,661.0,0.0,0.0,0.6565809379727685
17.0,9.0,4.0,0.6,0.1,0.6,2.0,665.0,0.0,0.0,0.6571428571428571
17.0,9.0,5.0,0.6,0.1,0.6,2.0,649.0,0.0,0.0,0.6563944530046225
17.0,9.0,6.0,0.6,0.1,0.6,2.0,652.0,0.0,0.0,0.656441717791411
17.0,9.0,7.0,0.6,0.1,0.6,2.0,649.0,0.0,0.0,0.6563944530046225
17.0,9.0,8.0,0.6,0.1,0.6,2.0,650.0,0.0,0.0,0.6569230769230769
17.0,9.0,9.0,0.6,0.1,0.6,2.0,645.0,0.0,0.0,0.6573643410852713
17.0,9.0,10.0,0.6,0.1,0.6,2.0,646.0,0.0,0.0,0.6578947368421053
17.0,9.0,11.0,0.6,0.1,0.6,2.0,642.0,0.0,0.0,0.661993769470405
17.0,9.0,12.0,0.6,0.1,0.6,2.0,629.0,0.0,0.0,0.6629570747217806
17.0,9.0,13.0,0.6,0.1,0.6,2.0,622.0,0.0,0.0,0.6639871382636656
17.0,9.0,14.0,0.6,0.1,0.6,2.0,625.0,0.0,0.0,0.6624
17.0,9.0,15.0,0.6,0.1,0.6,2.0,621.0,0.0,0.0,0.6650563607085346
17.0,9.0,16.0,0.6,0.1,0.6,2.0,609.0,0.0,0.0,0.6683087027914614
17.0,9.0,17.0,0.6,0.1,0.6,2.0,606.0,0.0,0.0,0.6683168316831684
17.0,9.0,18.0,0.6,0.1,0.6,2.0,609.0,0.0,0.0,0.6666666666666666
17.0,9.0,19.0,0.6,0.1,0.6,2.0,606.0,0.0,0.0,0.66996699669967
17.0,9.0,20.0,0.6,0.1,0.6,2.0,1078.0,0.0,0.0,0.35992578849721707
17.0,9.0,21.0,0.6,0.1,0.6,2.0,1016.0,0.0,0.0,0.3690944881889764
17.0,9.0,22.0,0.6,0.1,0.6,2.0,980.0,0.0,0.0,0.37448979591836734
17.0,9.0,23.0,0.6,0.1,0.6,2.0,942.0,0.0,0.0,0.38110403397027603
17.0,9.0,24.0,0.6,0.1,0.6,2.0,918.0,0.0,0.0,0.3801742919389978
17.0,9.0,25.0,0.6,0.1,0.6,2.0,872.0,0.0,0.0,0.3853211009174312
17.0,9.0,26.0,0.6,0.1,0.6,2.0,850.0,0.0,0.0,0.3905882352941176
17.0,9.0,27.0,0.6,0.1,0.6,2.0,831.0,0.0,0.0,0.3983152827918171
17.0,9.0,28.0,0.6,0.1,0.6,2.0,824.0,0.0,0.0,0.39684466019417475
17.0,9.0,29.0,0.6,0.1,0.6,2.0,815.0,0.0,0.0,0.40245398773006136
17.0,9.0,30.0,0.6,0.1,0.6,2.0,825.0,0.0,0.0,0.3975757575757576
17.0,9.0,31.0,0.6,0.1,0.6,2.0,816.0,0.0,0.0,0.40318627450980393
17.0,9.0,32.0,0.6,0.1,0.6,2.0,826.0,0.0,0.0,0.39709443099273606
17.0,9.0,33.0,0.6,0.1,0.6,2.0,803.0,0.0,0.0,0.40348692403486924
17.0,9.0,34.0,0.6,0.1,0.6,2.0,788.0,0.0,0.0,0.399746192893401
17.0,9.0,35.0,0.6,0.1,0.6,2.0,781.0,0.0,0.0,0.4046094750320102
17.0,9.0,36.0,0.6,0.1,0.6,2.0,766.0,0.0,0.0,0.4046997389033943
17.0,9.0,37.0,0.6,0.1,0.6,2.0,756.0,0.0,0.0,0.4060846560846561
17.0,9.0,38.0,0.6,0.1,0.6,2.0,763.0,0.0,0.0,0.4036697247706422
17.0,9.0,39.0,0.6,0.1,0.6,2.0,742.0,0.0,0.0,0.4110512129380054
17.0,9.0,40.0,0.6,0.1,0.6,2.0,724.0,0.0,0.0,0.4143646408839779
17.0,9.0,41.0,0.6,0.1,0.6,2.0,685.0,0.0,0.0,0.4218978102189781
17.0,9.0,42.0,0.6,0.1,0.6,2.0,692.0,0.0,0.0,0.4190751445086705
17.0,9.0,43.0,0.6,0.1,0.6,2.0,685.0,0.0,0.0,0.4218978102189781
17.0,9.0,44.0,0.6,0.1,0.6,2.0,681.0,0.0,0.0,0.4243759177679883
17.0,9.0,45.0,0.6,0.1,0.6,2.0,674.0,0.0,0.0,0.6528189910979229
17.0,9.0,46.0,0.6,0.1,0.6,2.0,682.0,0.0,0.0,0.6510263929618768
17.0,9.0,47.0,0.6,0.1,0.6,2.0,674.0,0.0,0.0,0.6528189910979229
17.0,9.0,48.0,0.6,0.1,0.6,2.0,681.0,0.0,0.0,0.6519823788546255
17.0,9.0,49.0,0.6,0.1,0.6,2.0,675.0,0.0,0.0,0.6533333333333333
17.0,9.0,50.0,0.6,0.1,0.6,2.0,677.0,0.0,0.0,0.654357459379616
17.0,9.0,51.0,0.6,0.1,0.6,2.0,671.0,0.0,0.0,0.6527570789865872
17.0,9.0,52.0,0.6,0.1,0.6,2.0,661.0,0.0,0.0,0.6565809379727685
17.0,10.0,1.0,0.6,0.1,0.6,2.0,656.0,0.0,0.0,0.6554878048780488
17.0,10.0,2.0,0.6,0.1,0.6,2.0,660.0,0.0,0.0,0.6545454545454545
17.0,10.0,3.0,0.6,0.1,0.6,2.0,657.0,0.0,0.0,0.6529680365296804
17.0,10.0,4.0,0.6,0.1,0.6,2.0,660.0,0.0,0.0,0.6545454545454545
17.0,10.0,5.0,0.6,0.1,0.6,2.0,656.0,0.0,0.0,0.6524390243902439
17.0,10.0,6.0,0.6,0.1,0.6,2.0,658.0,0.0,0.0,0.6550151975683891
17.0,10.0,7.0,0.6,0.1,0.6,2.0,654.0,0.0,0.0,0.6574923547400612
17.0,10.0,8.0,0.6,0.1,0.6,2.0,654.0,0.0,0.0,0.6559633027522935
17.0,10.0,9.0,0.6,0.1,0.6,2.0,652.0,0.0,0.0,0.6595092024539877
17.0,10.0,10.0,0.6,0.1,0.6,2.0,653.0,0.0,0.0,0.6600306278713629
17.0,10.0,11.0,0.6,0.1,0.6,2.0,642.0,0.0,0.0,0.661993769470405
17.0,10.0,12.0,0.6,0.1,0.6,2.0,643.0,0.0,0.0,0.6609642301710731
17.0,10.0,13.0,0.6,0.1,0.6,2.0,626.0,0.0,0.0,0.6597444089456869
17.0,10.0,14.0,0.6,0.1,0.6,2.0,625.0,0.0,0.0,0.6592
17.0,10.0,15.0,0.6,0.1,0.6,2.0,624.0,0.0,0.0,0.6602564102564102
17.0,10.0,16.0,0.6,0.1,0.6,2.0,617.0,0.0,0.0,0.6628849270664505
17.0,10.0,17.0,0.6,0.1,0.6,2.0,617.0,0.0,0.0,0.6628849270664505
17.0,10.0,18.0,0.6,0.1,0.6,2.0,615.0,0.0,0.0,0.6666666666666666
17.0,10.0,19.0,0.6,0.1,0.6,2.0,614.0,0.0,0.0,0.6661237785016286
17.0,10.0,20.0,0.6,0.1,0.6,2.0,1062.0,0.0,0.0,0.3672316384180791
17.0,10.0,21.0,0.6,0.1,0.6,2.0,1013.0,0.0,0.0,0.3800592300098717
17.0,10.0,22.0,0.6,0.1,0.6,2.0,990.0,0.0,0.0,0.3787878787878788
17.0,10.0,23.0,0.6,0.1,0.6,2.0,937.0,0.0,0.0,0.3927427961579509
17.0,10.0,24.0,0.6,0.1,0.6,2.0,931.0,0.0,0.0,0.3877551020408163
17.0,10.0,25.0,0.6,0.1,0.6,2.0,916.0,0.0,0.0,0.3930131004366812
17.0,10.0,26.0,0.6,0.1,0.6,2.0,915.0,0.0,0.0,0.38907103825136613
17.0,10.0,27.0,0.6,0.1,0.6,2.0,895.0,0.0,0.0,0.39664804469273746
17.0,10.0,28.0,0.6,0.1,0.6,2.0,905.0,0.0,0.0,0.39226519337016574
17.0,10.0,29.0,0.6,0.1,0.6,2.0,898.0,0.0,0.0,0.39643652561247217
17.0,10.0,30.0,0.6,0.1,0.6,2.0,893.0,0.0,0.0,0.3919372900335946
17.0,10.0,31.0,0.6,0.1,0.6,2.0,858.0,0.0,0.0,0.40326340326340326
17.0,10.0,32.0,0.6,0.1,0.6,2.0,862.0,0.0,0.0,0.40023201856148494
17.0,10.0,33.0,0.6,0.1,0.6,2.0,816.0,0.0,0.0,0.41421568627450983
17.0,10.0,34.0,0.6,0.1,0.6,2.0,808.0,0.0,0.0,0.41707920792079206
17.0,10.0,35.0,0.6,0.1,0.6,2.0,780.0,0.0,0.0,0.4205128205128205
17.0,10.0,36.0,0.6,0.1,0.6,2.0,787.0,0.0,0.0,0.4167725540025413
17.0,10.0,37.0,0.6,0.1,0.6,2.0,782.0,0.0,0.0,0.4194373401534527
17.0,10.0,38.0,0.6,0.1,0.6,2.0,787.0,0.0,0.0,0.4167725540025413
17.0,10.0,39.0,0.6,0.1,0.6,2.0,765.0,0.0,0.0,0.4222222222222222
17.0,10.0,40.0,0.6,0.1,0.6,2.0,771.0,0.0,0.0,0.41893644617380027
17.0,10.0,41.0,0.6,0.1,0.6,2.0,765.0,0.0,0.0,0.4222222222222222
17.0,10.0,42.0,0.6,0.1,0.6,2.0,774.0,0.0,0.0,0.4186046511627907
17.0,10.0,43.0,0.6,0.1,0.6,2.0,763.0,0.0,0.0,0.42201834862385323
17.0,10.0,44.0,0.6,0.1,0.6,2.0,775.0,0.0,0.0,0.4180645161290323
17.0,10.0,45.0,0.6,0.1,0.6,2.0,763.0,0.0,0.0,0.6435124508519003
17.0,10.0,46.0,0.6,0.1,0.6,2.0,743.0,0.0,0.0,0.6446837146702558
17.0,10.0,47.0,0.6,0.1,0.6,2.0,721.0,0.0,0.0,0.6601941747572816
17.0,10.0,48.0,0.6,0.1,0.6,2.0,731.0,0.0,0.0,0.6511627906976745
17.0,10.0,49.0,0.6,0.1,0.6,2.0,719.0,0.0,0.0,0.6606397774687065
17.0,10.0,50.0,0.6,0.1,0.6,2.0,728.0,0.0,0.0,0.6524725274725275
17.0,10.0,51.0,0.6,0.1,0.6,2.0,715.0,0.0,0.0,0.6615384615384615
17.0,10.0,52.0,0.6,0.1,0.6,2.0,711.0,0.0,0.0,0.6568213783403657
18.0,1.0,1.0,0.6,0.1,0.6,2.0,5288.0,52.0,8.0,0.5919062027231468
18.0,1.0,2.0,0.6,0.1,0.6,2.0,5273.0,56.0,21.0,0.5918831784562868
18.0,1.0,3.0,0.6,0.1,0.6,2.0,5200.0,62.0,35.0,0.5909615384615384
18.0,1.0,4.0,0.6,0.1,0.6,2.0,5112.0,72.0,36.0,0.5927230046948356
18.0,1.0,5.0,0.6,0.1,0.6,2.0,5173.0,71.0,33.0,0.5926928281461434
18.0,1.0,6.0,0.6,0.1,0.6,2.0,5060.0,69.0,28.0,0.5922924901185771
18.0,1.0,7.0,0.6,0.1,0.6,2.0,4971.0,74.0,32.0,0.5926372963186481
18.0,1.0,8.0,0.6,0.1,0.6,2.0,4846.0,73.0,28.0,0.5903838217086257
18.0,1.0,9.0,0.6,0.1,0.6,2.0,4697.0,82.0,38.0,0.5914413455397062
18.0,1.0,10.0,0.6,0.1,0.6,2.0,4536.0,86.0,32.0,0.5925925925925926
18.0,1.0,11.0,0.6,0.1,0.6,2.0,4375.0,95.0,36.0,0.5958857142857142
18.0,1.0,12.0,0.6,0.1,0.6,2.0,4160.0,91.0,40.0,0.596875
18.0,1.0,13.0,0.6,0.1,0.6,2.0,4107.0,92.0,47.0,0.5987338690041393
18.0,1.0,14.0,0.6,0.1,0.6,2.0,3984.0,102.0,53.0,0.5988955823293173
18.0,1.0,15.0,0.6,0.1,0.6,2.0,3902.0,89.0,40.0,0.6035366478728857
18.0,1.0,16.0,0.6,0.1,0.6,2.0,3787.0,87.0,42.0,0.6036440454185371
18.0,1.0,17.0,0.6,0.1,0.6,2.0,3719.0,78.0,38.0,0.6076902393116429
18.0,1.0,18.0,0.6,0.1,0.6,2.0,3659.0,80.0,42.0,0.6059032522547144
18.0,1.0,19.0,0.6,0.1,0.6,2.0,3594.0,70.0,37.0,0.6087924318308292
18.0,1.0,20.0,0.6,0.1,0.6,2.0,6679.0,72.0,36.0,0.32310226081748766
18.0,1.0,21.0,0.6,0.1,0.6,2.0,6265.0,83.0,29.0,0.32641660015961693
18.0,1.0,22.0,0.6,0.1,0.6,2.0,5941.0,96.0,30.0,0.3267126746339
18.0,1.0,23.0,0.6,0.1,0.6,2.0,5678.0,108.0,42.0,0.3300457907713984
18.0,1.0,24.0,0.6,0.1,0.6,2.0,5408.0,128.0,42.0,0.3322855029585799
18.0,1.0,25.0,0.6,0.1,0.6,2.0,5198.0,163.0,53.0,0.33435936898807234
18.0,1.0,26.0,0.6,0.1,0.6,2.0,4913.0,159.0,58.0,0.33787909627518825
18.0,1.0,27.0,0.6,0.1,0.6,2.0,4690.0,168.0,73.0,0.3392324093816631
18.0,1.0,28.0,0.6,0.1,0.6,2.0,4457.0,168.0,74.0,0.34148530401615435
18.0,1.0,29.0,0.6,0.1,0.6,2.0,4259.0,168.0,73.0,0.34444705329889647
18.0,1.0,30.0,0.6,0.1,0.6,2.0,4063.0,143.0,74.0,0.3497415702682747
18.0,1.0,31.0,0.6,0.1,0.6,2.0,3940.0,144.0,70.0,0.35
18.0,1.0,32.0,0.6,0.1,0.6,2.0,3805.0,156.0,76.0,0.3553219448094612
18.0,1.0,33.0,0.6,0.1,0.6,2.0,3678.0,159.0,66.0,0.35970636215334423
18.0,1.0,34.0,0.6,0.1,0.6,2.0,3497.0,163.0,64.0,0.3648841864455247
18.0,1.0,35.0,0.6,0.1,0.6,2.0,3363.0,162.0,69.0,0.3684210526315789
18.0,1.0,36.0,0.6,0.1,0.6,2.0,3204.0,170.0,85.0,0.3751560549313358
18.0,1.0,37.0,0.6,0.1,0.6,2.0,3116.0,183.0,87.0,0.38093709884467264
18.0,1.0,38.0,0.6,0.1,0.6,2.0,2954.0,179.0,81.0,0.3896411645226811
18.0,1.0,39.0,0.6,0.1,0.6,2.0,2830.0,167.0,66.0,0.3978798586572438
18.0,1.0,40.0,0.6,0.1,0.6,2.0,2754.0,169.0,75.0,0.3990559186637618
18.0,1.0,41.0,0.6,0.1,0.6,2.0,2617.0,166.0,80.0,0.411539931218953
18.0,1.0,42.0,0.6,0.1,0.6,2.0,2528.0,175.0,85.0,0.4165348101265823
18.0,1.0,43.0,0.6,0.1,0.6,2.0,2430.0,175.0,83.0,0.42592592592592593
18.0,1.0,44.0,0.6,0.1,0.6,2.0,2326.0,164.0,78.0,0.4350816852966466
18.0,1.0,45.0,0.6,0.1,0.6,2.0,2232.0,154.0,71.0,0.6706989247311828
18.0,1.0,46.0,0.6,0.1,0.6,2.0,2140.0,135.0,76.0,0.6766355140186916
18.0,1.0,47.0,0.6,0.1,0.6,2.0,2051.0,116.0,69.0,0.6840565577766943
18.0,1.0,48.0,0.6,0.1,0.6,2.0,2002.0,95.0,68.0,0.6858141858141859
18.0,1.0,49.0,0.6,0.1,0.6,2.0,1956.0,80.0,53.0,0.6922290388548057
18.0,1.0,50.0,0.6,0.1,0.6,2.0,1868.0,72.0,45.0,0.7012847965738758
18.0,1.0,51.0,0.6,0.1,0.6,2.0,1836.0,57.0,31.0,0.7075163398692811
18.0,1.0,52.0,0.6,0.1,0.6,2.0,1794.0,50.0,25.0,0.7123745819397993
18.0,2.0,1.0,0.6,0.1,0.6,2.0,1755.0,39.0,23.0,0.7202279202279203
18.0,2.0,2.0,0.6,0.1,0.6,2.0,1720.0,32.0,18.0,0.7209302325581395
18.0,2.0,3.0,0.6,0.1,0.6,2.0,1698.0,27.0,16.0,0.726148409893993
18.0,2.0,4.0,0.6,0.1,0.6,2.0,1662.0,20.0,13.0,0.7268351383874849
18.0,2.0,5.0,0.6,0.1,0.6,2.0,1647.0,18.0,10.0,0.7304189435336976
18.0,2.0,6.0,0.6,0.1,0.6,2.0,1631.0,15.0,7.0,0.7296137339055794
18.0,2.0,7.0,0.6,0.1,0.6,2.0,1581.0,10.0,7.0,0.734977862112587
18.0,2.0,8.0,0.6,0.1,0.6,2.0,1561.0,10.0,8.0,0.7341447789878283
18.0,2.0,9.0,0.6,0.1,0.6,2.0,1541.0,10.0,8.0,0.7345879299156391
18.0,2.0,10.0,0.6,0.1,0.6,2.0,1515.0,4.0,2.0,0.7386138613861386
18.0,2.0,11.0,0.6,0.1,0.6,2.0,1501.0,3.0,2.0,0.7428381079280479
18.0,2.0,12.0,0.6,0.1,0.6,2.0,1495.0,2.0,2.0,0.7418060200668897
18.0,2.0,13.0,0.6,0.1,0.6,2.0,1470.0,2.0,2.0,0.7414965986394558
18.0,2.0,14.0,0.6,0.1,0.6,2.0,1461.0,2.0,1.0,0.7399041752224503
18.0,2.0,15.0,0.6,0.1,0.6,2.0,1442.0,1.0,0.0,0.7413314840499307
18.0,2.0,16.0,0.6,0.1,0.6,2.0,1426.0,1.0,0.0,0.7405329593267882
18.0,2.0,17.0,0.6,0.1,0.6,2.0,1417.0,1.0,1.0,0.7417078334509527
18.0,2.0,18.0,0.6,0.1,0.6,2.0,1415.0,1.0,1.0,0.7406360424028269
18.0,2.0,19.0,0.6,0.1,0.6,2.0,1409.0,1.0,1.0,0.7409510290986515
18.0,2.0,20.0,0.6,0.1,0.6,2.0,2423.0,0.0,0.0,0.4246801485761453
18.0,2.0,21.0,0.6,0.1,0.6,2.0,2352.0,0.0,0.0,0.4268707482993197
18.0,2.0,22.0,0.6,0.1,0.6,2.0,2258.0,0.0,0.0,0.4304694419840567
18.0,2.0,23.0,0.6,0.1,0.6,2.0,2172.0,0.0,0.0,0.43416206261510126
18.0,2.0,24.0,0.6,0.1,0.6,2.0,2150.0,0.0,0.0,0.4367441860465116
18.0,2.0,25.0,0.6,0.1,0.6,2.0,2059.0,0.0,0.0,0.4424477901894123
18.0,2.0,26.0,0.6,0.1,0.6,2.0,2045.0,0.0,0.0,0.4415647921760391
18.0,2.0,27.0,0.6,0.1,0.6,2.0,1980.0,0.0,0.0,0.44696969696969696
18.0,2.0,28.0,0.6,0.1,0.6,2.0,1864.0,0.0,0.0,0.4517167381974249
18.0,2.0,29.0,0.6,0.1,0.6,2.0,1812.0,0.0,0.0,0.45253863134657835
18.0,2.0,30.0,0.6,0.1,0.6,2.0,1801.0,0.0,0.0,0.45141588006662964
18.0,2.0,31.0,0.6,0.1,0.6,2.0,1717.0,0.0,0.0,0.45952242283051836
18.0,2.0,32.0,0.6,0.1,0.6,2.0,1677.0,0.0,0.0,0.46153846153846156
18.0,2.0,33.0,0.6,0.1,0.6,2.0,1631.0,0.0,0.0,0.4653586756591048
18.0,2.0,34.0,0.6,0.1,0.6,2.0,1617.0,0.0,0.0,0.4675324675324675
18.0,2.0,35.0,0.6,0.1,0.6,2.0,1588.0,0.0,0.0,0.46914357682619645
18.0,2.0,36.0,0.6,0.1,0.6,2.0,1559.0,0.0,0.0,0.4663245670301475
18.0,2.0,37.0,0.6,0.1,0.6,2.0,1532.0,0.0,0.0,0.46475195822454307
18.0,2.0,38.0,0.6,0.1,0.6,2.0,1519.0,0.0,0.0,0.4608294930875576
18.0,2.0,39.0,0.6,0.1,0.6,2.0,1478.0,0.0,0.0,0.4634641407307172
18.0,2.0,40.0,0.6,0.1,0.6,2.0,1434.0,0.0,0.0,0.4616457461645746
18.0,2.0,41.0,0.6,0.1,0.6,2.0,1377.0,0.0,0.0,0.4684095860566449
18.0,2.0,42.0,0.6,0.1,0.6,2.0,1355.0,0.0,0.0,0.4708487084870849
18.0,2.0,43.0,0.6,0.1,0.6,2.0,1326.0,0.0,0.0,0.4720965309200603
18.0,2.0,44.0,0.6,0.1,0.6,2.0,1301.0,0.0,0.0,0.47425057647963104
18.0,2.0,45.0,0.6,0.1,0.6,2.0,1296.0,0.0,0.0,0.6612654320987654
18.0,2.0,46.0,0.6,0.1,0.6,2.0,1280.0,0.0,0.0,0.6609375
18.0,2.0,47.0,0.6,0.1,0.6,2.0,1272.0,0.0,0.0,0.6595911949685535
18.0,2.0,48.0,0.6,0.1,0.6,2.0,1264.0,0.0,0.0,0.6621835443037974
18.0,2.0,49.0,0.6,0.1,0.6,2.0,1229.0,0.0,0.0,0.6590724165988608
18.0,2.0,50.0,0.6,0.1,0.6,2.0,1216.0,0.0,0.0,0.6603618421052632
18.0,2.0,51.0,0.6,0.1,0.6,2.0,1197.0,0.0,0.0,0.6574770258980785
18.0,2.0,52.0,0.6,0.1,0.6,2.0,1187.0,0.0,0.0,0.6579612468407751
18.0,3.0,1.0,0.6,0.1,0.6,2.0,1182.0,0.0,0.0,0.6573604060913706
18.0,3.0,2.0,0.6,0.1,0.6,2.0,1147.0,0.0,0.0,0.6608544027898866
18.0,3.0,3.0,0.6,0.1,0.6,2.0,1122.0,0.0,0.0,0.6595365418894831
18.0,3.0,4.0,0.6,0.1,0.6,2.0,1091.0,0.0,0.0,0.6636113657195234
18.0,3.0,5.0,0.6,0.1,0.6,2.0,1081.0,0.0,0.0,0.6586493987049029
18.0,3.0,6.0,0.6,0.1,0.6,2.0,1054.0,0.0,0.0,0.6593927893738141
18.0,3.0,7.0,0.6,0.1,0.6,2.0,1054.0,0.0,0.0,0.6546489563567363
18.0,3.0,8.0,0.6,0.1,0.6,2.0,1037.0,0.0,0.0,0.6615236258437801
18.0,3.0,9.0,0.6,0.1,0.6,2.0,1036.0,0.0,0.0,0.6592664092664092
18.0,3.0,10.0,0.6,0.1,0.6,2.0,1013.0,0.0,0.0,0.6633761105626851
18.0,3.0,11.0,0.6,0.1,0.6,2.0,995.0,0.0,0.0,0.6613065326633166
18.0,3.0,12.0,0.6,0.1,0.6,2.0,983.0,0.0,0.0,0.6642929806714141
18.0,3.0,13.0,0.6,0.1,0.6,2.0,977.0,0.0,0.0,0.6653019447287615
18.0,3.0,14.0,0.6,0.1,0.6,2.0,969.0,0.0,0.0,0.6687306501547987
18.0,3.0,15.0,0.6,0.1,0.6,2.0,965.0,0.0,0.0,0.6673575129533679
18.0,3.0,16.0,0.6,0.1,0.6,2.0,950.0,0.0,0.0,0.6684210526315789
18.0,3.0,17.0,0.6,0.1,0.6,2.0,947.0,0.0,0.0,0.6673706441393875
18.0,3.0,18.0,0.6,0.1,0.6,2.0,940.0,0.0,0.0,0.6670212765957447
18.0,3.0,19.0,0.6,0.1,0.6,2.0,938.0,0.0,0.0,0.664179104477612
18.0,3.0,20.0,0.6,0.1,0.6,2.0,1651.0,0.0,0.0,0.37431859479103574
18.0,3.0,21.0,0.6,0.1,0.6,2.0,1622.0,0.0,0.0,0.37299630086313196
18.0,3.0,22.0,0.6,0.1,0.6,2.0,1538.0,0.0,0.0,0.3784135240572172
18.0,3.0,23.0,0.6,0.1,0.6,2.0,1475.0,0.0,0.0,0.3823728813559322
18.0,3.0,24.0,0.6,0.1,0.6,2.0,1413.0,0.0,0.0,0.386411889596603
18.0,3.0,25.0,0.6,0.1,0.6,2.0,1364.0,0.0,0.0,0.3848973607038123
18.0,3.0,26.0,0.6,0.1,0.6,2.0,1359.0,0.0,0.0,0.3818984547461369
18.0,3.0,27.0,0.6,0.1,0.6,2.0,1339.0,0.0,0.0,0.38461538461538464
18.0,3.0,28.0,0.6,0.1,0.6,2.0,1299.0,0.0,0.0,0.38645111624326406
18.0,3.0,29.0,0.6,0.1,0.6,2.0,1252.0,0.0,0.0,0.38817891373801916
18.0,3.0,30.0,0.6,0.1,0.6,2.0,1213.0,0.0,0.0,0.39406430338004944
18.0,3.0,31.0,0.6,0.1,0.6,2.0,1173.0,0.0,0.0,0.3955669224211424
18.0,3.0,32.0,0.6,0.1,0.6,2.0,1135.0,0.0,0.0,0.3903083700440529
18.0,3.0,33.0,0.6,0.1,0.6,2.0,1102.0,0.0,0.0,0.3929219600725953
18.0,3.0,34.0,0.6,0.1,0.6,2.0,1056.0,0.0,0.0,0.39204545454545453
18.0,3.0,35.0,0.6,0.1,0.6,2.0,1050.0,0.0,0.0,0.3904761904761905
18.0,3.0,36.0,0.6,0.1,0.6,2.0,1024.0,0.0,0.0,0.3916015625
18.0,3.0,37.0,0.6,0.1,0.6,2.0,980.0,0.0,0.0,0.39285714285714285
18.0,3.0,38.0,0.6,0.1,0.6,2.0,962.0,0.0,0.0,0.39501039501039503
18.0,3.0,39.0,0.6,0.1,0.6,2.0,932.0,0.0,0.0,0.3959227467811159
18.0,3.0,40.0,0.6,0.1,0.6,2.0,892.0,0.0,0.0,0.40582959641255606
18.0,3.0,41.0,0.6,0.1,0.6,2.0,870.0,0.0,0.0,0.4114942528735632
18.0,3.0,42.0,0.6,0.1,0.6,2.0,855.0,0.0,0.0,0.4128654970760234
18.0,3.0,43.0,0.6,0.1,0.6,2.0,845.0,0.0,0.0,0.41301775147928993
18.0,3.0,44.0,0.6,0.1,0.6,2.0,805.0,0.0,0.0,0.4161490683229814
18.0,3.0,45.0,0.6,0.1,0.6,2.0,786.0,0.0,0.0,0.6450381679389313
18.0,3.0,46.0,0.6,0.1,0.6,2.0,772.0,0.0,0.0,0.6424870466321243
18.0,3.0,47.0,0.6,0.1,0.6,2.0,761.0,0.0,0.0,0.6491458607095927
18.0,3.0,48.0,0.6,0.1,0.6,2.0,760.0,0.0,0.0,0.6486842105263158
18.0,3.0,49.0,0.6,0.1,0.6,2.0,718.0,0.0,0.0,0.6518105849582173
18.0,3.0,50.0,0.6,0.1,0.6,2.0,700.0,0.0,0.0,0.6557142857142857
18.0,3.0,51.0,0.6,0.1,0.6,2.0,694.0,0.0,0.0,0.654178674351585
18.0,3.0,52.0,0.6,0.1,0.6,2.0,693.0,0.0,0.0,0.6522366522366523
18.0,4.0,1.0,0.6,0.1,0.6,2.0,683.0,0.0,0.0,0.6500732064421669
18.0,4.0,2.0,0.6,0.1,0.6,2.0,675.0,0.0,0.0,0.6488888888888888
18.0,4.0,3.0,0.6,0.1,0.6,2.0,671.0,0.0,0.0,0.6497764530551415
18.0,4.0,4.0,0.6,0.1,0.6,2.0,647.0,0.0,0.0,0.6491499227202473
18.0,4.0,5.0,0.6,0.1,0.6,2.0,634.0,0.0,0.0,0.6514195583596214
18.0,4.0,6.0,0.6,0.1,0.6,2.0,622.0,0.0,0.0,0.6511254019292605
18.0,4.0,7.0,0.6,0.1,0.6,2.0,613.0,0.0,0.0,0.6508972267536705
18.0,4.0,8.0,0.6,0.1,0.6,2.0,607.0,0.0,0.0,0.6540362438220758
18.0,4.0,9.0,0.6,0.1,0.6,2.0,602.0,0.0,0.0,0.654485049833887
18.0,4.0,10.0,0.6,0.1,0.6,2.0,595.0,0.0,0.0,0.653781512605042
18.0,4.0,11.0,0.6,0.1,0.6,2.0,590.0,0.0,0.0,0.652542372881356
18.0,4.0,12.0,0.6,0.1,0.6,2.0,592.0,0.0,0.0,0.6537162162162162
18.0,4.0,13.0,0.6,0.1,0.6,2.0,587.0,0.0,0.0,0.6524701873935264
18.0,4.0,14.0,0.6,0.1,0.6,2.0,581.0,0.0,0.0,0.6540447504302926
18.0,4.0,15.0,0.6,0.1,0.6,2.0,575.0,0.0,0.0,0.6539130434782608
18.0,4.0,16.0,0.6,0.1,0.6,2.0,561.0,0.0,0.0,0.6559714795008913
18.0,4.0,17.0,0.6,0.1,0.6,2.0,561.0,0.0,0.0,0.6559714795008913
18.0,4.0,18.0,0.6,0.1,0.6,2.0,558.0,0.0,0.0,0.6541218637992832
18.0,4.0,19.0,0.6,0.1,0.6,2.0,556.0,0.0,0.0,0.6546762589928058
18.0,4.0,20.0,0.6,0.1,0.6,2.0,963.0,0.0,0.0,0.37487019730010385
18.0,4.0,21.0,0.6,0.1,0.6,2.0,931.0,0.0,0.0,0.3770139634801289
18.0,4.0,22.0,0.6,0.1,0.6,2.0,916.0,0.0,0.0,0.37663755458515286
18.0,4.0,23.0,0.6,0.1,0.6,2.0,898.0,0.0,0.0,0.3752783964365256
18.0,4.0,24.0,0.6,0.1,0.6,2.0,885.0,0.0,0.0,0.3785310734463277
18.0,4.0,25.0,0.6,0.1,0.6,2.0,871.0,0.0,0.0,0.3788748564867968
18.0,4.0,26.0,0.6,0.1,0.6,2.0,839.0,0.0,0.0,0.3778307508939213
18.0,4.0,27.0,0.6,0.1,0.6,2.0,828.0,0.0,0.0,0.37922705314009664
18.0,4.0,28.0,0.6,0.1,0.6,2.0,799.0,0.0,0.0,0.38172715894868586
18.0,4.0,29.0,0.6,0.1,0.6,2.0,759.0,0.0,0.0,0.38735177865612647
18.0,4.0,30.0,0.6,0.1,0.6,2.0,745.0,0.0,0.0,0.38926174496644295
18.0,4.0,31.0,0.6,0.1,0.6,2.0,722.0,0.0,0.0,0.39335180055401664
18.0,4.0,32.0,0.6,0.1,0.6,2.0,719.0,0.0,0.0,0.3908205841446453
18.0,4.0,33.0,0.6,0.1,0.6,2.0,710.0,0.0,0.0,0.39436619718309857
18.0,4.0,34.0,0.6,0.1,0.6,2.0,704.0,0.0,0.0,0.39204545454545453
18.0,4.0,35.0,0.6,0.1,0.6,2.0,695.0,0.0,0.0,0.3942446043165468
18.0,4.0,36.0,0.6,0.1,0.6,2.0,692.0,0.0,0.0,0.38583815028901736
18.0,4.0,37.0,0.6,0.1,0.6,2.0,684.0,0.0,0.0,0.3888888888888889
18.0,4.0,38.0,0.6,0.1,0.6,2.0,689.0,0.0,0.0,0.38461538461538464
18.0,4.0,39.0,0.6,0.1,0.6,2.0,684.0,0.0,0.0,0.3845029239766082
18.0,4.0,40.0,0.6,0.1,0.6,2.0,685.0,0.0,0.0,0.38394160583941606
18.0,4.0,41.0,0.6,0.1,0.6,2.0,675.0,0.0,0.0,0.3837037037037037
18.0,4.0,42.0,0.6,0.1,0.6,2.0,671.0,0.0,0.0,0.38152011922503726
18.0,4.0,43.0,0.6,0.1,0.6,2.0,650.0,0.0,0.0,0.3861538461538462
18.0,4.0,44.0,0.6,0.1,0.6,2.0,652.0,0.0,0.0,0.38190184049079756
18.0,4.0,45.0,0.6,0.1,0.6,2.0,646.0,0.0,0.0,0.6625386996904025
18.0,4.0,46.0,0.6,0.1,0.6,2.0,645.0,0.0,0.0,0.6604651162790698
18.0,4.0,47.0,0.6,0.1,0.6,2.0,625.0,0.0,0.0,0.6656
18.0,4.0,48.0,0.6,0.1,0.6,2.0,609.0,0.0,0.0,0.6732348111658456
18.0,4.0,49.0,0.6,0.1,0.6,2.0,568.0,0.0,0.0,0.6742957746478874
18.0,4.0,50.0,0.6,0.1,0.6,2.0,564.0,0.0,0.0,0.6737588652482269
18.0,4.0,51.0,0.6,0.1,0.6,2.0,566.0,0.0,0.0,0.6713780918727915
18.0,4.0,52.0,0.6,0.1,0.6,2.0,547.0,0.0,0.0,0.680073126142596
18.0,5.0,1.0,0.6,0.1,0.6,2.0,529.0,0.0,0.0,0.6805293005671077
18.0,5.0,2.0,0.6,0.1,0.6,2.0,528.0,0.0,0.0,0.6799242424242424
18.0,5.0,3.0,0.6,0.1,0.6,2.0,523.0,0.0,0.0,0.6787762906309751
18.0,5.0,4.0,0.6,0.1,0.6,2.0,525.0,0.0,0.0,0.6780952380952381
18.0,5.0,5.0,0.6,0.1,0.6,2.0,521.0,0.0,0.0,0.6775431861804223
18.0,5.0,6.0,0.6,0.1,0.6,2.0,520.0,0.0,0.0,0.6788461538461539
18.0,5.0,7.0,0.6,0.1,0.6,2.0,516.0,0.0,0.0,0.6782945736434108
18.0,5.0,8.0,0.6,0.1,0.6,2.0,513.0,0.0,0.0,0.6744639376218323
18.0,5.0,9.0,0.6,0.1,0.6,2.0,511.0,0.0,0.0,0.6771037181996086
18.0,5.0,10.0,0.6,0.1,0.6,2.0,509.0,0.0,0.0,0.6777996070726916
18.0,5.0,11.0,0.6,0.1,0.6,2.0,508.0,0.0,0.0,0.6791338582677166
18.0,5.0,12.0,0.6,0.1,0.6,2.0,509.0,0.0,0.0,0.6777996070726916
18.0,5.0,13.0,0.6,0.1,0.6,2.0,503.0,0.0,0.0,0.6779324055666004
18.0,5.0,14.0,0.6,0.1,0.6,2.0,501.0,0.0,0.0,0.6806387225548902
18.0,5.0,15.0,0.6,0.1,0.6,2.0,500.0,0.0,0.0,0.68
18.0,5.0,16.0,0.6,0.1,0.6,2.0,492.0,0.0,0.0,0.6747967479674797
18.0,5.0,17.0,0.6,0.1,0.6,2.0,494.0,0.0,0.0,0.6781376518218624
18.0,5.0,18.0,0.6,0.1,0.6,2.0,494.0,0.0,0.0,0.6761133603238867
18.0,5.0,19.0,0.6,0.1,0.6,2.0,493.0,0.0,0.0,0.6774847870182555
18.0,5.0,20.0,0.6,0.1,0.6,2.0,912.0,0.0,0.0,0.36403508771929827
18.0,5.0,21.0,0.6,0.1,0.6,2.0,916.0,0.0,0.0,0.3635371179039301
18.0,5.0,22.0,0.6,0.1,0.6,2.0,861.0,0.0,0.0,0.3623693379790941
18.0,5.0,23.0,0.6,0.1,0.6,2.0,868.0,0.0,0.0,0.3617511520737327
18.0,5.0,24.0,0.6,0.1,0.6,2.0,855.0,0.0,0.0,0.36374269005847953
18.0,5.0,25.0,0.6,0.1,0.6,2.0,827.0,0.0,0.0,0.36275695284159615
18.0,5.0,26.0,0.6,0.1,0.6,2.0,813.0,0.0,0.0,0.3640836408364084
18.0,5.0,27.0,0.6,0.1,0.6,2.0,816.0,0.0,0.0,0.3627450980392157
18.0,5.0,28.0,0.6,0.1,0.6,2.0,765.0,0.0,0.0,0.36993464052287583
18.0,5.0,29.0,0.6,0.1,0.6,2.0,756.0,0.0,0.0,0.3637566137566138
18.0,5.0,30.0,0.6,0.1,0.6,2.0,755.0,0.0,0.0,0.3629139072847682
18.0,5.0,31.0,0.6,0.1,0.6,2.0,736.0,0.0,0.0,0.3654891304347826
18.0,5.0,32.0,0.6,0.1,0.6,2.0,718.0,0.0,0.0,0.362116991643454
18.0,5.0,33.0,0.6,0.1,0.6,2.0,711.0,0.0,0.0,0.360056258790436
18.0,5.0,34.0,0.6,0.1,0.6,2.0,674.0,0.0,0.0,0.3649851632047478
18.0,5.0,35.0,0.6,0.1,0.6,2.0,669.0,0.0,0.0,0.3602391629297459
18.0,5.0,36.0,0.6,0.1,0.6,2.0,663.0,0.0,0.0,0.36199095022624433
18.0,5.0,37.0,0.6,0.1,0.6,2.0,659.0,0.0,0.0,0.3596358118361153
18.0,5.0,38.0,0.6,0.1,0.6,2.0,651.0,0.0,0.0,0.36251920122887865
18.0,5.0,39.0,0.6,0.1,0.6,2.0,658.0,0.0,0.0,0.3586626139817629
18.0,5.0,40.0,0.6,0.1,0.6,2.0,649.0,0.0,0.0,0.3559322033898305
18.0,5.0,41.0,0.6,0.1,0.6,2.0,646.0,0.0,0.0,0.3560371517027864
18.0,5.0,42.0,0.6,0.1,0.6,2.0,619.0,0.0,0.0,0.36187399030694667
18.0,5.0,43.0,0.6,0.1,0.6,2.0,626.0,0.0,0.0,0.3562300319488818
18.0,5.0,44.0,0.6,0.1,0.6,2.0,603.0,0.0,0.0,0.36318407960199006
18.0,5.0,45.0,0.6,0.1,0.6,2.0,612.0,0.0,0.0,0.6209150326797386
18.0,5.0,46.0,0.6,0.1,0.6,2.0,597.0,0.0,0.0,0.626465661641541
18.0,5.0,47.0,0.6,0.1,0.6,2.0,599.0,0.0,0.0,0.6260434056761269
18.0,5.0,48.0,0.6,0.1,0.6,2.0,595.0,0.0,0.0,0.626890756302521
18.0,5.0,49.0,0.6,0.1,0.6,2.0,600.0,0.0,0.0,0.625
18.0,5.0,50.0,0.6,0.1,0.6,2.0,590.0,0.0,0.0,0.6237288135593221
18.0,5.0,51.0,0.6,0.1,0.6,2.0,590.0,0.0,0.0,0.6254237288135593
18.0,5.0,52.0,0.6,0.1,0.6,2.0,587.0,0.0,0.0,0.626916524701874
18.0,6.0,1.0,0.6,0.1,0.6,2.0,585.0,0.0,0.0,0.629059829059829
18.0,6.0,2.0,0.6,0.1,0.6,2.0,581.0,0.0,0.0,0.6282271944922547
18.0,6.0,3.0,0.6,0.1,0.6,2.0,579.0,0.0,0.0,0.6321243523316062
18.0,6.0,4.0,0.6,0.1,0.6,2.0,577.0,0.0,0.0,0.6291161178509532
18.0,6.0,5.0,0.6,0.1,0.6,2.0,564.0,0.0,0.0,0.6347517730496454
18.0,6.0,6.0,0.6,0.1,0.6,2.0,560.0,0.0,0.0,0.6375
18.0,6.0,7.0,0.6,0.1,0.6,2.0,560.0,0.0,0.0,0.6357142857142857
18.0,6.0,8.0,0.6,0.1,0.6,2.0,554.0,0.0,0.0,0.6389891696750902
18.0,6.0,9.0,0.6,0.1,0.6,2.0,559.0,0.0,0.0,0.6350626118067979
18.0,6.0,10.0,0.6,0.1,0.6,2.0,554.0,0.0,0.0,0.6371841155234657
18.0,6.0,11.0,0.6,0.1,0.6,2.0,551.0,0.0,0.0,0.6388384754990926
18.0,6.0,12.0,0.6,0.1,0.6,2.0,545.0,0.0,0.0,0.6403669724770642
18.0,6.0,13.0,0.6,0.1,0.6,2.0,545.0,0.0,0.0,0.6422018348623854
18.0,6.0,14.0,0.6,0.1,0.6,2.0,541.0,0.0,0.0,0.6451016635859519
18.0,6.0,15.0,0.6,0.1,0.6,2.0,539.0,0.0,0.0,0.6456400742115028
18.0,6.0,16.0,0.6,0.1,0.6,2.0,535.0,0.0,0.0,0.6448598130841121
18.0,6.0,17.0,0.6,0.1,0.6,2.0,536.0,0.0,0.0,0.6455223880597015
18.0,6.0,18.0,0.6,0.1,0.6,2.0,525.0,0.0,0.0,0.6419047619047619
18.0,6.0,19.0,0.6,0.1,0.6,2.0,525.0,0.0,0.0,0.638095238095238
18.0,6.0,20.0,0.6,0.1,0.6,2.0,925.0,0.0,0.0,0.36108108108108106
18.0,6.0,21.0,0.6,0.1,0.6,2.0,900.0,0.0,0.0,0.3611111111111111
18.0,6.0,22.0,0.6,0.1,0.6,2.0,858.0,0.0,0.0,0.36247086247086246
18.0,6.0,23.0,0.6,0.1,0.6,2.0,824.0,0.0,0.0,0.37014563106796117
18.0,6.0,24.0,0.6,0.1,0.6,2.0,809.0,0.0,0.0,0.3695920889987639
18.0,6.0,25.0,0.6,0.1,0.6,2.0,769.0,0.0,0.0,0.37971391417425226
18.0,6.0,26.0,0.6,0.1,0.6,2.0,768.0,0.0,0.0,0.3776041666666667
18.0,6.0,27.0,0.6,0.1,0.6,2.0,738.0,0.0,0.0,0.3821138211382114
18.0,6.0,28.0,0.6,0.1,0.6,2.0,737.0,0.0,0.0,0.3812754409769335
18.0,6.0,29.0,0.6,0.1,0.6,2.0,719.0,0.0,0.0,0.38386648122392214
18.0,6.0,30.0,0.6,0.1,0.6,2.0,722.0,0.0,0.0,0.38365650969529086
18.0,6.0,31.0,0.6,0.1,0.6,2.0,713.0,0.0,0.0,0.38429172510518933
18.0,6.0,32.0,0.6,0.1,0.6,2.0,699.0,0.0,0.0,0.38626609442060084
18.0,6.0,33.0,0.6,0.1,0.6,2.0,699.0,0.0,0.0,0.38197424892703863
18.0,6.0,34.0,0.6,0.1,0.6,2.0,681.0,0.0,0.0,0.38619676945668135
18.0,6.0,35.0,0.6,0.1,0.6,2.0,680.0,0.0,0.0,0.38529411764705884
18.0,6.0,36.0,0.6,0.1,0.6,2.0,679.0,0.0,0.0,0.3873343151693667
18.0,6.0,37.0,0.6,0.1,0.6,2.0,680.0,0.0,0.0,0.38529411764705884
18.0,6.0,38.0,0.6,0.1,0.6,2.0,672.0,0.0,0.0,0.3869047619047619
18.0,6.0,39.0,0.6,0.1,0.6,2.0,633.0,0.0,0.0,0.3886255924170616
18.0,6.0,40.0,0.6,0.1,0.6,2.0,617.0,0.0,0.0,0.39222042139384117
18.0,6.0,41.0,0.6,0.1,0.6,2.0,604.0,0.0,0.0,0.39403973509933776
18.0,6.0,42.0,0.6,0.1,0.6,2.0,583.0,0.0,0.0,0.3979416809605489
18.0,6.0,43.0,0.6,0.1,0.6,2.0,567.0,0.0,0.0,0.4074074074074074
18.0,6.0,44.0,0.6,0.1,0.6,2.0,541.0,0.0,0.0,0.4121996303142329
18.0,6.0,45.0,0.6,0.1,0.6,2.0,543.0,0.0,0.0,0.6795580110497238
18.0,6.0,46.0,0.6,0.1,0.6,2.0,521.0,0.0,0.0,0.6890595009596929
18.0,6.0,47.0,0.6,0.1,0.6,2.0,530.0,0.0,0.0,0.6867924528301886
18.0,6.0,48.0,0.6,0.1,0.6,2.0,521.0,0.0,0.0,0.6890595009596929
18.0,6.0,49.0,0.6,0.1,0.6,2.0,528.0,0.0,0.0,0.6856060606060606
18.0,6.0,50.0,0.6,0.1,0.6,2.0,517.0,0.0,0.0,0.688588007736944
18.0,6.0,51.0,0.6,0.1,0.6,2.0,523.0,0.0,0.0,0.6864244741873805
18.0,6.0,52.0,0.6,0.1,0.6,2.0,512.0,0.0,0.0,0.689453125
18.0,7.0,1.0,0.6,0.1,0.6,2.0,520.0,0.0,0.0,0.6846153846153846
18.0,7.0,2.0,0.6,0.1,0.6,2.0,506.0,0.0,0.0,0.6857707509881423
18.0,7.0,3.0,0.6,0.1,0.6,2.0,513.0,0.0,0.0,0.682261208576998
18.0,7.0,4.0,0.6,0.1,0.6,2.0,501.0,0.0,0.0,0.6866267465069861
18.0,7.0,5.0,0.6,0.1,0.6,2.0,507.0,0.0,0.0,0.6844181459566075
18.0,7.0,6.0,0.6,0.1,0.6,2.0,496.0,0.0,0.0,0.6854838709677419
18.0,7.0,7.0,0.6,0.1,0.6,2.0,501.0,0.0,0.0,0.6866267465069861
18.0,7.0,8.0,0.6,0.1,0.6,2.0,494.0,0.0,0.0,0.6882591093117408
18.0,7.0,9.0,0.6,0.1,0.6,2.0,497.0,0.0,0.0,0.6901408450704225
18.0,7.0,10.0,0.6,0.1,0.6,2.0,491.0,0.0,0.0,0.6924643584521385
18.0,7.0,11.0,0.6,0.1,0.6,2.0,494.0,0.0,0.0,0.6902834008097166
18.0,7.0,12.0,0.6,0.1,0.6,2.0,488.0,0.0,0.0,0.6905737704918032
18.0,7.0,13.0,0.6,0.1,0.6,2.0,491.0,0.0,0.0,0.6883910386965377
18.0,7.0,14.0,0.6,0.1,0.6,2.0,486.0,0.0,0.0,0.6893004115226338
18.0,7.0,15.0,0.6,0.1,0.6,2.0,490.0,0.0,0.0,0.6918367346938775
18.0,7.0,16.0,0.6,0.1,0.6,2.0,483.0,0.0,0.0,0.6915113871635611
18.0,7.0,17.0,0.6,0.1,0.6,2.0,486.0,0.0,0.0,0.6934156378600823
18.0,7.0,18.0,0.6,0.1,0.6,2.0,482.0,0.0,0.0,0.6950207468879668
18.0,7.0,19.0,0.6,0.1,0.6,2.0,486.0,0.0,0.0,0.6934156378600823
18.0,7.0,20.0,0.6,0.1,0.6,2.0,837.0,0.0,0.0,0.3978494623655914
18.0,7.0,21.0,0.6,0.1,0.6,2.0,845.0,0.0,0.0,0.39644970414201186
18.0,7.0,22.0,0.6,0.1,0.6,2.0,799.0,0.0,0.0,0.40550688360450565
18.0,7.0,23.0,0.6,0.1,0.6,2.0,792.0,0.0,0.0,0.4078282828282828
18.0,7.0,24.0,0.6,0.1,0.6,2.0,771.0,0.0,0.0,0.41115434500648507
18.0,7.0,25.0,0.6,0.1,0.6,2.0,739.0,0.0,0.0,0.4167794316644114
18.0,7.0,26.0,0.6,0.1,0.6,2.0,724.0,0.0,0.0,0.4171270718232044
18.0,7.0,27.0,0.6,0.1,0.6,2.0,734.0,0.0,0.0,0.41689373297002724
18.0,7.0,28.0,0.6,0.1,0.6,2.0,708.0,0.0,0.0,0.4180790960451977
18.0,7.0,29.0,0.6,0.1,0.6,2.0,704.0,0.0,0.0,0.42329545454545453
18.0,7.0,30.0,0.6,0.1,0.6,2.0,690.0,0.0,0.0,0.4260869565217391
18.0,7.0,31.0,0.6,0.1,0.6,2.0,678.0,0.0,0.0,0.4336283185840708
18.0,7.0,32.0,0.6,0.1,0.6,2.0,669.0,0.0,0.0,0.4319880418535127
18.0,7.0,33.0,0.6,0.1,0.6,2.0,650.0,0.0,0.0,0.4369230769230769
18.0,7.0,34.0,0.6,0.1,0.6,2.0,638.0,0.0,0.0,0.438871473354232
18.0,7.0,35.0,0.6,0.1,0.6,2.0,619.0,0.0,0.0,0.4394184168012924
18.0,7.0,36.0,0.6,0.1,0.6,2.0,612.0,0.0,0.0,0.4395424836601307
18.0,7.0,37.0,0.6,0.1,0.6,2.0,618.0,0.0,0.0,0.43851132686084143
18.0,7.0,38.0,0.6,0.1,0.6,2.0,600.0,0.0,0.0,0.44166666666666665
18.0,7.0,39.0,0.6,0.1,0.6,2.0,605.0,0.0,0.0,0.4396694214876033
18.0,7.0,40.0,0.6,0.1,0.6,2.0,593.0,0.0,0.0,0.44350758853288363
18.0,7.0,41.0,0.6,0.1,0.6,2.0,604.0,0.0,0.0,0.43874172185430466
18.0,7.0,42.0,0.6,0.1,0.6,2.0,591.0,0.0,0.0,0.4416243654822335
18.0,7.0,43.0,0.6,0.1,0.6,2.0,604.0,0.0,0.0,0.43874172185430466
18.0,7.0,44.0,0.6,0.1,0.6,2.0,576.0,0.0,0.0,0.4409722222222222
18.0,7.0,45.0,0.6,0.1,0.6,2.0,536.0,0.0,0.0,0.6585820895522388
18.0,7.0,46.0,0.6,0.1,0.6,2.0,539.0,0.0,0.0,0.6567717996289425
18.0,7.0,47.0,0.6,0.1,0.6,2.0,541.0,0.0,0.0,0.6580406654343808
18.0,7.0,48.0,0.6,0.1,0.6,2.0,525.0,0.0,0.0,0.659047619047619
18.0,7.0,49.0,0.6,0.1,0.6,2.0,529.0,0.0,0.0,0.6616257088846881
18.0,7.0,50.0,0.6,0.1,0.6,2.0,524.0,0.0,0.0,0.6583969465648855
18.0,7.0,51.0,0.6,0.1,0.6,2.0,528.0,0.0,0.0,0.6609848484848485
18.0,7.0,52.0,0.6,0.1,0.6,2.0,523.0,0.0,0.0,0.6596558317399618
18.0,8.0,1.0,0.6,0.1,0.6,2.0,523.0,0.0,0.0,0.6615678776290631
18.0,8.0,2.0,0.6,0.1,0.6,2.0,521.0,0.0,0.0,0.6602687140115163
18.0,8.0,3.0,0.6,0.1,0.6,2.0,522.0,0.0,0.0,0.6628352490421456
18.0,8.0,4.0,0.6,0.1,0.6,2.0,521.0,0.0,0.0,0.6602687140115163
18.0,8.0,5.0,0.6,0.1,0.6,2.0,520.0,0.0,0.0,0.6615384615384615
18.0,8.0,6.0,0.6,0.1,0.6,2.0,518.0,0.0,0.0,0.6602316602316602
18.0,8.0,7.0,0.6,0.1,0.6,2.0,520.0,0.0,0.0,0.6634615384615384
18.0,8.0,8.0,0.6,0.1,0.6,2.0,518.0,0.0,0.0,0.6602316602316602
18.0,8.0,9.0,0.6,0.1,0.6,2.0,518.0,0.0,0.0,0.6640926640926641
18.0,8.0,10.0,0.6,0.1,0.6,2.0,516.0,0.0,0.0,0.6589147286821705
18.0,8.0,11.0,0.6,0.1,0.6,2.0,518.0,0.0,0.0,0.6640926640926641
18.0,8.0,12.0,0.6,0.1,0.6,2.0,517.0,0.0,0.0,0.6595744680851063
18.0,8.0,13.0,0.6,0.1,0.6,2.0,517.0,0.0,0.0,0.6653771760154739
18.0,8.0,14.0,0.6,0.1,0.6,2.0,516.0,0.0,0.0,0.6627906976744186
18.0,8.0,15.0,0.6,0.1,0.6,2.0,514.0,0.0,0.0,0.6653696498054474
18.0,8.0,16.0,0.6,0.1,0.6,2.0,515.0,0.0,0.0,0.6621359223300971
18.0,8.0,17.0,0.6,0.1,0.6,2.0,514.0,0.0,0.0,0.6634241245136187
18.0,8.0,18.0,0.6,0.1,0.6,2.0,514.0,0.0,0.0,0.6653696498054474
18.0,8.0,19.0,0.6,0.1,0.6,2.0,516.0,0.0,0.0,0.6647286821705426
18.0,8.0,20.0,0.6,0.1,0.6,2.0,901.0,0.0,0.0,0.3806881243063263
18.0,8.0,21.0,0.6,0.1,0.6,2.0,882.0,0.0,0.0,0.3832199546485261
18.0,8.0,22.0,0.6,0.1,0.6,2.0,872.0,0.0,0.0,0.3853211009174312
18.0,8.0,23.0,0.6,0.1,0.6,2.0,842.0,0.0,0.0,0.38836104513064135
18.0,8.0,24.0,0.6,0.1,0.6,2.0,788.0,0.0,0.0,0.39720812182741116
18.0,8.0,25.0,0.6,0.1,0.6,2.0,719.0,0.0,0.0,0.39221140472878996
18.0,8.0,26.0,0.6,0.1,0.6,2.0,720.0,0.0,0.0,0.39166666666666666
18.0,8.0,27.0,0.6,0.1,0.6,2.0,705.0,0.0,0.0,0.39574468085106385
18.0,8.0,28.0,0.6,0.1,0.6,2.0,685.0,0.0,0.0,0.4
18.0,8.0,29.0,0.6,0.1,0.6,2.0,691.0,0.0,0.0,0.39652677279305354
18.0,8.0,30.0,0.6,0.1,0.6,2.0,689.0,0.0,0.0,0.39622641509433965
18.0,8.0,31.0,0.6,0.1,0.6,2.0,677.0,0.0,0.0,0.38995568685376664
18.0,8.0,32.0,0.6,0.1,0.6,2.0,664.0,0.0,0.0,0.39457831325301207
18.0,8.0,33.0,0.6,0.1,0.6,2.0,653.0,0.0,0.0,0.3981623277182236
18.0,8.0,34.0,0.6,0.1,0.6,2.0,637.0,0.0,0.0,0.3987441130298273
18.0,8.0,35.0,0.6,0.1,0.6,2.0,639.0,0.0,0.0,0.39906103286384975
18.0,8.0,36.0,0.6,0.1,0.6,2.0,612.0,0.0,0.0,0.39705882352941174
18.0,8.0,37.0,0.6,0.1,0.6,2.0,614.0,0.0,0.0,0.3973941368078176
18.0,8.0,38.0,0.6,0.1,0.6,2.0,613.0,0.0,0.0,0.39804241435562804
18.0,8.0,39.0,0.6,0.1,0.6,2.0,613.0,0.0,0.0,0.39804241435562804
18.0,8.0,40.0,0.6,0.1,0.6,2.0,587.0,0.0,0.0,0.41056218057921634
18.0,8.0,41.0,0.6,0.1,0.6,2.0,562.0,0.0,0.0,0.41637010676156583
18.0,8.0,42.0,0.6,0.1,0.6,2.0,563.0,0.0,0.0,0.41740674955595025
18.0,8.0,43.0,0.6,0.1,0.6,2.0,563.0,0.0,0.0,0.41740674955595025
18.0,8.0,44.0,0.6,0.1,0.6,2.0,563.0,0.0,0.0,0.41740674955595025
18.0,8.0,45.0,0.6,0.1,0.6,2.0,563.0,0.0,0.0,0.6731793960923623
18.0,8.0,46.0,0.6,0.1,0.6,2.0,532.0,0.0,0.0,0.6842105263157895
18.0,8.0,47.0,0.6,0.1,0.6,2.0,531.0,0.0,0.0,0.6836158192090396
18.0,8.0,48.0,0.6,0.1,0.6,2.0,521.0,0.0,0.0,0.6890595009596929
18.0,8.0,49.0,0.6,0.1,0.6,2.0,518.0,0.0,0.0,0.6911196911196911
18.0,8.0,50.0,0.6,0.1,0.6,2.0,519.0,0.0,0.0,0.6897880539499036
18.0,8.0,51.0,0.6,0.1,0.6,2.0,516.0,0.0,0.0,0.6918604651162791
18.0,8.0,52.0,0.6,0.1,0.6,2.0,518.0,0.0,0.0,0.6891891891891891
18.0,9.0,1.0,0.6,0.1,0.6,2.0,515.0,0.0,0.0,0.6912621359223301
18.0,9.0,2.0,0.6,0.1,0.6,2.0,514.0,0.0,0.0,0.6926070038910506
18.0,9.0,3.0,0.6,0.1,0.6,2.0,515.0,0.0,0.0,0.6932038834951456
18.0,9.0,4.0,0.6,0.1,0.6,2.0,516.0,0.0,0.0,0.6918604651162791
18.0,9.0,5.0,0.6,0.1,0.6,2.0,511.0,0.0,0.0,0.6927592954990215
18.0,9.0,6.0,0.6,0.1,0.6,2.0,515.0,0.0,0.0,0.6932038834951456
18.0,9.0,7.0,0.6,0.1,0.6,2.0,499.0,0.0,0.0,0.6953907815631263
18.0,9.0,8.0,0.6,0.1,0.6,2.0,501.0,0.0,0.0,0.6926147704590818
18.0,9.0,9.0,0.6,0.1,0.6,2.0,498.0,0.0,0.0,0.6967871485943775
18.0,9.0,10.0,0.6,0.1,0.6,2.0,499.0,0.0,0.0,0.6933867735470942
18.0,9.0,11.0,0.6,0.1,0.6,2.0,495.0,0.0,0.0,0.694949494949495
18.0,9.0,12.0,0.6,0.1,0.6,2.0,495.0,0.0,0.0,0.694949494949495
18.0,9.0,13.0,0.6,0.1,0.6,2.0,494.0,0.0,0.0,0.6983805668016194
18.0,9.0,14.0,0.6,0.1,0.6,2.0,496.0,0.0,0.0,0.6955645161290323
18.0,9.0,15.0,0.6,0.1,0.6,2.0,492.0,0.0,0.0,0.6991869918699187
18.0,9.0,16.0,0.6,0.1,0.6,2.0,482.0,0.0,0.0,0.7053941908713693
18.0,9.0,17.0,0.6,0.1,0.6,2.0,481.0,0.0,0.0,0.7068607068607069
18.0,9.0,18.0,0.6,0.1,0.6,2.0,483.0,0.0,0.0,0.7060041407867494
18.0,9.0,19.0,0.6,0.1,0.6,2.0,483.0,0.0,0.0,0.7060041407867494
18.0,9.0,20.0,0.6,0.1,0.6,2.0,820.0,0.0,0.0,0.39878048780487807
18.0,9.0,21.0,0.6,0.1,0.6,2.0,805.0,0.0,0.0,0.40248447204968946
18.0,9.0,22.0,0.6,0.1,0.6,2.0,782.0,0.0,0.0,0.4040920716112532
18.0,9.0,23.0,0.6,0.1,0.6,2.0,771.0,0.0,0.0,0.4033722438391699
18.0,9.0,24.0,0.6,0.1,0.6,2.0,748.0,0.0,0.0,0.4050802139037433
18.0,9.0,25.0,0.6,0.1,0.6,2.0,734.0,0.0,0.0,0.40463215258855584
18.0,9.0,26.0,0.6,0.1,0.6,2.0,713.0,0.0,0.0,0.40953716690042075
18.0,9.0,27.0,0.6,0.1,0.6,2.0,700.0,0.0,0.0,0.41
18.0,9.0,28.0,0.6,0.1,0.6,2.0,689.0,0.0,0.0,0.41364296081277213
18.0,9.0,29.0,0.6,0.1,0.6,2.0,689.0,0.0,0.0,0.41364296081277213
18.0,9.0,30.0,0.6,0.1,0.6,2.0,677.0,0.0,0.0,0.4150664697193501
18.0,9.0,31.0,0.6,0.1,0.6,2.0,679.0,0.0,0.0,0.41531664212076586
18.0,9.0,32.0,0.6,0.1,0.6,2.0,647.0,0.0,0.0,0.42194744976816073
18.0,9.0,33.0,0.6,0.1,0.6,2.0,648.0,0.0,0.0,0.4212962962962963
18.0,9.0,34.0,0.6,0.1,0.6,2.0,646.0,0.0,0.0,0.42105263157894735
18.0,9.0,35.0,0.6,0.1,0.6,2.0,646.0,0.0,0.0,0.42105263157894735
18.0,9.0,36.0,0.6,0.1,0.6,2.0,644.0,0.0,0.0,0.42080745341614906
18.0,9.0,37.0,0.6,0.1,0.6,2.0,648.0,0.0,0.0,0.4212962962962963
18.0,9.0,38.0,0.6,0.1,0.6,2.0,645.0,0.0,0.0,0.4201550387596899
18.0,9.0,39.0,0.6,0.1,0.6,2.0,647.0,0.0,0.0,0.42040185471406494
18.0,9.0,40.0,0.6,0.1,0.6,2.0,645.0,0.0,0.0,0.42170542635658914
18.0,9.0,41.0,0.6,0.1,0.6,2.0,646.0,0.0,0.0,0.42105263157894735
18.0,9.0,42.0,0.6,0.1,0.6,2.0,643.0,0.0,0.0,0.4230171073094868
18.0,9.0,43.0,0.6,0.1,0.6,2.0,647.0,0.0,0.0,0.42194744976816073
18.0,9.0,44.0,0.6,0.1,0.6,2.0,642.0,0.0,0.0,0.4221183800623053
18.0,9.0,45.0,0.6,0.1,0.6,2.0,645.0,0.0,0.0,0.6604651162790698
18.0,9.0,46.0,0.6,0.1,0.6,2.0,646.0,0.0,0.0,0.6609907120743034
18.0,9.0,47.0,0.6,0.1,0.6,2.0,645.0,0.0,0.0,0.6604651162790698
18.0,9.0,48.0,0.6,0.1,0.6,2.0,647.0,0.0,0.0,0.6615146831530139
18.0,9.0,49.0,0.6,0.1,0.6,2.0,646.0,0.0,0.0,0.6609907120743034
18.0,9.0,50.0,0.6,0.1,0.6,2.0,646.0,0.0,0.0,0.6609907120743034
18.0,9.0,51.0,0.6,0.1,0.6,2.0,645.0,0.0,0.0,0.6604651162790698
18.0,9.0,52.0,0.6,0.1,0.6,2.0,646.0,0.0,0.0,0.6609907120743034
18.0,10.0,1.0,0.6,0.1,0.6,2.0,645.0,0.0,0.0,0.6604651162790698
18.0,10.0,2.0,0.6,0.1,0.6,2.0,641.0,0.0,0.0,0.6614664586583463
18.0,10.0,3.0,0.6,0.1,0.6,2.0,641.0,0.0,0.0,0.6614664586583463
18.0,10.0,4.0,0.6,0.1,0.6,2.0,640.0,0.0,0.0,0.6609375
18.0,10.0,5.0,0.6,0.1,0.6,2.0,641.0,0.0,0.0,0.6614664586583463
18.0,10.0,6.0,0.6,0.1,0.6,2.0,639.0,0.0,0.0,0.6604068857589984
18.0,10.0,7.0,0.6,0.1,0.6,2.0,640.0,0.0,0.0,0.6609375
18.0,10.0,8.0,0.6,0.1,0.6,2.0,635.0,0.0,0.0,0.6645669291338583
18.0,10.0,9.0,0.6,0.1,0.6,2.0,634.0,0.0,0.0,0.6640378548895899
18.0,10.0,10.0,0.6,0.1,0.6,2.0,631.0,0.0,0.0,0.6687797147385103
18.0,10.0,11.0,0.6,0.1,0.6,2.0,613.0,0.0,0.0,0.6688417618270799
18.0,10.0,12.0,0.6,0.1,0.6,2.0,596.0,0.0,0.0,0.6694630872483222
18.0,10.0,13.0,0.6,0.1,0.6,2.0,591.0,0.0,0.0,0.6683587140439933
18.0,10.0,14.0,0.6,0.1,0.6,2.0,594.0,0.0,0.0,0.67003367003367
18.0,10.0,15.0,0.6,0.1,0.6,2.0,589.0,0.0,0.0,0.6723259762308998
18.0,10.0,16.0,0.6,0.1,0.6,2.0,594.0,0.0,0.0,0.6683501683501684
18.0,10.0,17.0,0.6,0.1,0.6,2.0,589.0,0.0,0.0,0.6706281833616299
18.0,10.0,18.0,0.6,0.1,0.6,2.0,593.0,0.0,0.0,0.6694772344013491
18.0,10.0,19.0,0.6,0.1,0.6,2.0,586.0,0.0,0.0,0.6706484641638225
18.0,10.0,20.0,0.6,0.1,0.6,2.0,1041.0,0.0,0.0,0.3679154658981748
18.0,10.0,21.0,0.6,0.1,0.6,2.0,1024.0,0.0,0.0,0.3701171875
18.0,10.0,22.0,0.6,0.1,0.6,2.0,1026.0,0.0,0.0,0.37037037037037035
18.0,10.0,23.0,0.6,0.1,0.6,2.0,1011.0,0.0,0.0,0.37289812067260136
18.0,10.0,24.0,0.6,0.1,0.6,2.0,972.0,0.0,0.0,0.3765432098765432
18.0,10.0,25.0,0.6,0.1,0.6,2.0,962.0,0.0,0.0,0.3794178794178794
18.0,10.0,26.0,0.6,0.1,0.6,2.0,920.0,0.0,0.0,0.39021739130434785
18.0,10.0,27.0,0.6,0.1,0.6,2.0,887.0,0.0,0.0,0.3968432919954904
18.0,10.0,28.0,0.6,0.1,0.6,2.0,870.0,0.0,0.0,0.3988505747126437
18.0,10.0,29.0,0.6,0.1,0.6,2.0,857.0,0.0,0.0,0.3990665110851809
18.0,10.0,30.0,0.6,0.1,0.6,2.0,836.0,0.0,0.0,0.39952153110047844
18.0,10.0,31.0,0.6,0.1,0.6,2.0,817.0,0.0,0.0,0.40636474908200737
18.0,10.0,32.0,0.6,0.1,0.6,2.0,818.0,0.0,0.0,0.4070904645476773
18.0,10.0,33.0,0.6,0.1,0.6,2.0,804.0,0.0,0.0,0.40671641791044777
18.0,10.0,34.0,0.6,0.1,0.6,2.0,789.0,0.0,0.0,0.40811153358681873
18.0,10.0,35.0,0.6,0.1,0.6,2.0,788.0,0.0,0.0,0.4073604060913706
18.0,10.0,36.0,0.6,0.1,0.6,2.0,790.0,0.0,0.0,0.40759493670886077
18.0,10.0,37.0,0.6,0.1,0.6,2.0,775.0,0.0,0.0,0.40903225806451615
18.0,10.0,38.0,0.6,0.1,0.6,2.0,753.0,0.0,0.0,0.41434262948207173
18.0,10.0,39.0,0.6,0.1,0.6,2.0,726.0,0.0,0.0,0.41735537190082644
18.0,10.0,40.0,0.6,0.1,0.6,2.0,723.0,0.0,0.0,0.4149377593360996
18.0,10.0,41.0,0.6,0.1,0.6,2.0,714.0,0.0,0.0,0.4173669467787115
18.0,10.0,42.0,0.6,0.1,0.6,2.0,713.0,0.0,0.0,0.4165497896213184
18.0,10.0,43.0,0.6,0.1,0.6,2.0,703.0,0.0,0.0,0.42105263157894735
18.0,10.0,44.0,0.6,0.1,0.6,2.0,687.0,0.0,0.0,0.4192139737991266
18.0,10.0,45.0,0.6,0.1,0.6,2.0,662.0,0.0,0.0,0.6450151057401813
18.0,10.0,46.0,0.6,0.1,0.6,2.0,646.0,0.0,0.0,0.6408668730650154
18.0,10.0,47.0,0.6,0.1,0.6,2.0,650.0,0.0,0.0,0.6415384615384615
18.0,10.0,48.0,0.6,0.1,0.6,2.0,637.0,0.0,0.0,0.6420722135007849
18.0,10.0,49.0,0.6,0.1,0.6,2.0,619.0,0.0,0.0,0.6510500807754442
18.0,10.0,50.0,0.6,0.1,0.6,2.0,622.0,0.0,0.0,0.6479099678456591
18.0,10.0,51.0,0.6,0.1,0.6,2.0,623.0,0.0,0.0,0.6484751203852327
18.0,10.0,52.0,0.6,0.1,0.6,2.0,624.0,0.0,0.0,0.6458333333333334
19.0,1.0,1.0,0.6,0.1,0.6,2.0,5163.0,46.0,8.0,0.5938407902382336
19.0,1.0,2.0,0.6,0.1,0.6,2.0,5107.0,49.0,21.0,0.5925200704914823
19.0,1.0,3.0,0.6,0.1,0.6,2.0,5037.0,54.0,32.0,0.5947984911653762
19.0,1.0,4.0,0.6,0.1,0.6,2.0,5004.0,64.0,31.0,0.5953237410071942
19.0,1.0,5.0,0.6,0.1,0.6,2.0,4984.0,63.0,25.0,0.5985152487961477
19.0,1.0,6.0,0.6,0.1,0.6,2.0,4837.0,60.0,27.0,0.5964440769071738
19.0,1.0,7.0,0.6,0.1,0.6,2.0,4682.0,64.0,29.0,0.6001708671507903
19.0,1.0,8.0,0.6,0.1,0.6,2.0,4567.0,78.0,29.0,0.5999562075760894
19.0,1.0,9.0,0.6,0.1,0.6,2.0,4468.0,69.0,29.0,0.6031781557743957
19.0,1.0,10.0,0.6,0.1,0.6,2.0,4252.0,71.0,32.0,0.6037158984007526
19.0,1.0,11.0,0.6,0.1,0.6,2.0,4160.0,75.0,39.0,0.6069711538461539
19.0,1.0,12.0,0.6,0.1,0.6,2.0,3971.0,65.0,30.0,0.6099219340216571
19.0,1.0,13.0,0.6,0.1,0.6,2.0,3901.0,54.0,30.0,0.6136887977441682
19.0,1.0,14.0,0.6,0.1,0.6,2.0,3844.0,47.0,28.0,0.6144640998959418
19.0,1.0,15.0,0.6,0.1,0.6,2.0,3784.0,48.0,23.0,0.6157505285412262
19.0,1.0,16.0,0.6,0.1,0.6,2.0,3749.0,45.0,21.0,0.6174979994665244
19.0,1.0,17.0,0.6,0.1,0.6,2.0,3678.0,39.0,24.0,0.6212615551930397
19.0,1.0,18.0,0.6,0.1,0.6,2.0,3676.0,40.0,25.0,0.6218715995647442
19.0,1.0,19.0,0.6,0.1,0.6,2.0,3555.0,45.0,23.0,0.620815752461322
19.0,1.0,20.0,0.6,0.1,0.6,2.0,6671.0,30.0,12.0,0.32483885474441615
19.0,1.0,21.0,0.6,0.1,0.6,2.0,6238.0,38.0,12.0,0.3281500480923373
19.0,1.0,22.0,0.6,0.1,0.6,2.0,5891.0,36.0,11.0,0.33033440841962314
19.0,1.0,23.0,0.6,0.1,0.6,2.0,5589.0,46.0,14.0,0.3324387189121489
19.0,1.0,24.0,0.6,0.1,0.6,2.0,5334.0,49.0,23.0,0.33445819272590926
19.0,1.0,25.0,0.6,0.1,0.6,2.0,5190.0,71.0,28.0,0.3354527938342967
19.0,1.0,26.0,0.6,0.1,0.6,2.0,4980.0,88.0,32.0,0.336144578313253
19.0,1.0,27.0,0.6,0.1,0.6,2.0,4786.0,88.0,32.0,0.3403677392394484
19.0,1.0,28.0,0.6,0.1,0.6,2.0,4664.0,105.0,37.0,0.34326758147512865
19.0,1.0,29.0,0.6,0.1,0.6,2.0,4524.0,113.0,48.0,0.34526967285587973
19.0,1.0,30.0,0.6,0.1,0.6,2.0,4391.0,118.0,52.0,0.34957868367114553
19.0,1.0,31.0,0.6,0.1,0.6,2.0,4257.0,115.0,50.0,0.35306553911205074
19.0,1.0,32.0,0.6,0.1,0.6,2.0,4171.0,120.0,52.0,0.3541117238072405
19.0,1.0,33.0,0.6,0.1,0.6,2.0,3975.0,124.0,55.0,0.35924528301886793
19.0,1.0,34.0,0.6,0.1,0.6,2.0,3879.0,130.0,52.0,0.36040216550657383
19.0,1.0,35.0,0.6,0.1,0.6,2.0,3702.0,136.0,51.0,0.3665586169638034
19.0,1.0,36.0,0.6,0.1,0.6,2.0,3591.0,137.0,59.0,0.36981342244500137
19.0,1.0,37.0,0.6,0.1,0.6,2.0,3467.0,148.0,71.0,0.3726564753389097
19.0,1.0,38.0,0.6,0.1,0.6,2.0,3376.0,144.0,76.0,0.3755924170616114
19.0,1.0,39.0,0.6,0.1,0.6,2.0,3263.0,152.0,72.0,0.3809377873122893
19.0,1.0,40.0,0.6,0.1,0.6,2.0,3163.0,149.0,66.0,0.3838128359152703
19.0,1.0,41.0,0.6,0.1,0.6,2.0,3031.0,124.0,58.0,0.3906301550643352
19.0,1.0,42.0,0.6,0.1,0.6,2.0,2873.0,124.0,55.0,0.39819004524886875
19.0,1.0,43.0,0.6,0.1,0.6,2.0,2782.0,120.0,59.0,0.40186915887850466
19.0,1.0,44.0,0.6,0.1,0.6,2.0,2673.0,115.0,57.0,0.40778151889263
19.0,1.0,45.0,0.6,0.1,0.6,2.0,2650.0,119.0,65.0,0.6426415094339623
19.0,1.0,46.0,0.6,0.1,0.6,2.0,2595.0,101.0,56.0,0.6466281310211947
19.0,1.0,47.0,0.6,0.1,0.6,2.0,2521.0,83.0,49.0,0.6493454978183261
19.0,1.0,48.0,0.6,0.1,0.6,2.0,2438.0,60.0,40.0,0.6484823625922888
19.0,1.0,49.0,0.6,0.1,0.6,2.0,2338.0,50.0,35.0,0.6505560307955518
19.0,1.0,50.0,0.6,0.1,0.6,2.0,2302.0,38.0,25.0,0.6524761077324066
19.0,1.0,51.0,0.6,0.1,0.6,2.0,2256.0,31.0,18.0,0.6555851063829787
19.0,1.0,52.0,0.6,0.1,0.6,2.0,2226.0,25.0,14.0,0.6590296495956873
19.0,2.0,1.0,0.6,0.1,0.6,2.0,2188.0,26.0,13.0,0.6595063985374772
19.0,2.0,2.0,0.6,0.1,0.6,2.0,2160.0,25.0,11.0,0.6587962962962963
19.0,2.0,3.0,0.6,0.1,0.6,2.0,2139.0,22.0,9.0,0.6601215521271622
19.0,2.0,4.0,0.6,0.1,0.6,2.0,2098.0,19.0,9.0,0.6596758817921831
19.0,2.0,5.0,0.6,0.1,0.6,2.0,2064.0,16.0,9.0,0.6618217054263565
19.0,2.0,6.0,0.6,0.1,0.6,2.0,2044.0,16.0,9.0,0.6614481409001957
19.0,2.0,7.0,0.6,0.1,0.6,2.0,2025.0,14.0,9.0,0.6617283950617284
19.0,2.0,8.0,0.6,0.1,0.6,2.0,2003.0,16.0,6.0,0.6640039940089866
19.0,2.0,9.0,0.6,0.1,0.6,2.0,1971.0,16.0,5.0,0.6615930999492643
19.0,2.0,10.0,0.6,0.1,0.6,2.0,1947.0,14.0,4.0,0.662557781201849
19.0,2.0,11.0,0.6,0.1,0.6,2.0,1924.0,12.0,5.0,0.6632016632016632
19.0,2.0,12.0,0.6,0.1,0.6,2.0,1893.0,11.0,8.0,0.664553618594823
19.0,2.0,13.0,0.6,0.1,0.6,2.0,1881.0,11.0,10.0,0.6645401382243488
19.0,2.0,14.0,0.6,0.1,0.6,2.0,1867.0,10.0,7.0,0.6657739689341189
19.0,2.0,15.0,0.6,0.1,0.6,2.0,1820.0,11.0,3.0,0.6675824175824175
19.0,2.0,16.0,0.6,0.1,0.6,2.0,1807.0,9.0,1.0,0.6696181516325401
19.0,2.0,17.0,0.6,0.1,0.6,2.0,1782.0,9.0,4.0,0.6677890011223344
19.0,2.0,18.0,0.6,0.1,0.6,2.0,1749.0,10.0,7.0,0.6706689536878216
19.0,2.0,19.0,0.6,0.1,0.6,2.0,1719.0,10.0,7.0,0.6724840023269343
19.0,2.0,20.0,0.6,0.1,0.6,2.0,3178.0,9.0,5.0,0.3618628067967275
19.0,2.0,21.0,0.6,0.1,0.6,2.0,3112.0,22.0,3.0,0.3634318766066838
19.0,2.0,22.0,0.6,0.1,0.6,2.0,2911.0,25.0,7.0,0.3665407076605977
19.0,2.0,23.0,0.6,0.1,0.6,2.0,2789.0,35.0,11.0,0.3693079956973826
19.0,2.0,24.0,0.6,0.1,0.6,2.0,2789.0,49.0,16.0,0.3671566869845823
19.0,2.0,25.0,0.6,0.1,0.6,2.0,2606.0,50.0,15.0,0.3679969301611665
19.0,2.0,26.0,0.6,0.1,0.6,2.0,2493.0,55.0,20.0,0.37103890894504615
19.0,2.0,27.0,0.6,0.1,0.6,2.0,2378.0,50.0,27.0,0.3742640874684609
19.0,2.0,28.0,0.6,0.1,0.6,2.0,2319.0,58.0,32.0,0.3773178094006037
19.0,2.0,29.0,0.6,0.1,0.6,2.0,2261.0,54.0,31.0,0.37770897832817335
19.0,2.0,30.0,0.6,0.1,0.6,2.0,2221.0,52.0,26.0,0.3813597478613237
19.0,2.0,31.0,0.6,0.1,0.6,2.0,2179.0,51.0,20.0,0.38320330426801286
19.0,2.0,32.0,0.6,0.1,0.6,2.0,2142.0,44.0,20.0,0.38375350140056025
19.0,2.0,33.0,0.6,0.1,0.6,2.0,2091.0,43.0,17.0,0.3864179818268771
19.0,2.0,34.0,0.6,0.1,0.6,2.0,2053.0,52.0,29.0,0.38918655625913295
19.0,2.0,35.0,0.6,0.1,0.6,2.0,2015.0,51.0,24.0,0.3900744416873449
19.0,2.0,36.0,0.6,0.1,0.6,2.0,1983.0,54.0,24.0,0.3918305597579425
19.0,2.0,37.0,0.6,0.1,0.6,2.0,1936.0,51.0,16.0,0.39617768595041325
19.0,2.0,38.0,0.6,0.1,0.6,2.0,1910.0,53.0,20.0,0.39842931937172776
19.0,2.0,39.0,0.6,0.1,0.6,2.0,1866.0,57.0,29.0,0.4008574490889603
19.0,2.0,40.0,0.6,0.1,0.6,2.0,1811.0,66.0,32.0,0.40474875759249035
19.0,2.0,41.0,0.6,0.1,0.6,2.0,1771.0,68.0,33.0,0.40767927724449465
19.0,2.0,42.0,0.6,0.1,0.6,2.0,1743.0,70.0,28.0,0.4113597246127367
19.0,2.0,43.0,0.6,0.1,0.6,2.0,1673.0,67.0,34.0,0.4190077704722056
19.0,2.0,44.0,0.6,0.1,0.6,2.0,1641.0,69.0,34.0,0.42169408897014016
19.0,2.0,45.0,0.6,0.1,0.6,2.0,1606.0,76.0,37.0,0.6537982565379825
19.0,2.0,46.0,0.6,0.1,0.6,2.0,1568.0,67.0,33.0,0.6543367346938775
19.0,2.0,47.0,0.6,0.1,0.6,2.0,1542.0,58.0,35.0,0.6569390402075227
19.0,2.0,48.0,0.6,0.1,0.6,2.0,1503.0,53.0,33.0,0.6606786427145709
19.0,2.0,49.0,0.6,0.1,0.6,2.0,1442.0,40.0,29.0,0.6636615811373093
19.0,2.0,50.0,0.6,0.1,0.6,2.0,1423.0,28.0,20.0,0.6654954321855235
19.0,2.0,51.0,0.6,0.1,0.6,2.0,1388.0,20.0,15.0,0.6685878962536023
19.0,2.0,52.0,0.6,0.1,0.6,2.0,1361.0,14.0,8.0,0.6708302718589273
19.0,3.0,1.0,0.6,0.1,0.6,2.0,1352.0,11.0,5.0,0.6730769230769231
19.0,3.0,2.0,0.6,0.1,0.6,2.0,1337.0,12.0,4.0,0.6716529543754675
19.0,3.0,3.0,0.6,0.1,0.6,2.0,1320.0,11.0,5.0,0.6727272727272727
19.0,3.0,4.0,0.6,0.1,0.6,2.0,1307.0,12.0,7.0,0.6717674062739097
19.0,3.0,5.0,0.6,0.1,0.6,2.0,1281.0,11.0,8.0,0.6736924277907884
19.0,3.0,6.0,0.6,0.1,0.6,2.0,1274.0,9.0,7.0,0.673469387755102
19.0,3.0,7.0,0.6,0.1,0.6,2.0,1259.0,7.0,4.0,0.6743447180301827
19.0,3.0,8.0,0.6,0.1,0.6,2.0,1248.0,4.0,2.0,0.6770833333333334
19.0,3.0,9.0,0.6,0.1,0.6,2.0,1225.0,4.0,2.0,0.6808163265306122
19.0,3.0,10.0,0.6,0.1,0.6,2.0,1208.0,4.0,3.0,0.6821192052980133
19.0,3.0,11.0,0.6,0.1,0.6,2.0,1194.0,3.0,2.0,0.6834170854271356
19.0,3.0,12.0,0.6,0.1,0.6,2.0,1184.0,3.0,1.0,0.683277027027027
19.0,3.0,13.0,0.6,0.1,0.6,2.0,1172.0,2.0,1.0,0.6860068259385665
19.0,3.0,14.0,0.6,0.1,0.6,2.0,1170.0,2.0,2.0,0.6811965811965812
19.0,3.0,15.0,0.6,0.1,0.6,2.0,1159.0,2.0,2.0,0.6850733390854185
19.0,3.0,16.0,0.6,0.1,0.6,2.0,1161.0,3.0,1.0,0.6821705426356589
19.0,3.0,17.0,0.6,0.1,0.6,2.0,1140.0,2.0,1.0,0.6877192982456141
19.0,3.0,18.0,0.6,0.1,0.6,2.0,1140.0,2.0,1.0,0.6833333333333333
19.0,3.0,19.0,0.6,0.1,0.6,2.0,1134.0,2.0,1.0,0.6860670194003528
19.0,3.0,20.0,0.6,0.1,0.6,2.0,2134.0,1.0,1.0,0.3622305529522024
19.0,3.0,21.0,0.6,0.1,0.6,2.0,1981.0,2.0,1.0,0.36648157496214034
19.0,3.0,22.0,0.6,0.1,0.6,2.0,1923.0,4.0,1.0,0.3640145605824233
19.0,3.0,23.0,0.6,0.1,0.6,2.0,1872.0,4.0,1.0,0.3659188034188034
19.0,3.0,24.0,0.6,0.1,0.6,2.0,1825.0,6.0,1.0,0.3665753424657534
19.0,3.0,25.0,0.6,0.1,0.6,2.0,1770.0,8.0,2.0,0.3655367231638418
19.0,3.0,26.0,0.6,0.1,0.6,2.0,1702.0,8.0,5.0,0.3701527614571093
19.0,3.0,27.0,0.6,0.1,0.6,2.0,1681.0,16.0,6.0,0.3682331945270672
19.0,3.0,28.0,0.6,0.1,0.6,2.0,1631.0,21.0,6.0,0.3703249540159411
19.0,3.0,29.0,0.6,0.1,0.6,2.0,1552.0,23.0,4.0,0.3743556701030928
19.0,3.0,30.0,0.6,0.1,0.6,2.0,1513.0,26.0,9.0,0.37409120951751484
19.0,3.0,31.0,0.6,0.1,0.6,2.0,1495.0,30.0,15.0,0.3732441471571906
19.0,3.0,32.0,0.6,0.1,0.6,2.0,1459.0,34.0,13.0,0.3742289239204935
19.0,3.0,33.0,0.6,0.1,0.6,2.0,1426.0,39.0,15.0,0.37657784011220197
19.0,3.0,34.0,0.6,0.1,0.6,2.0,1405.0,37.0,12.0,0.3779359430604982
19.0,3.0,35.0,0.6,0.1,0.6,2.0,1384.0,34.0,19.0,0.37789017341040465
19.0,3.0,36.0,0.6,0.1,0.6,2.0,1356.0,42.0,20.0,0.37831858407079644
19.0,3.0,37.0,0.6,0.1,0.6,2.0,1339.0,47.0,18.0,0.3786407766990291
19.0,3.0,38.0,0.6,0.1,0.6,2.0,1326.0,42.0,13.0,0.38235294117647056
19.0,3.0,39.0,0.6,0.1,0.6,2.0,1295.0,42.0,14.0,0.3853281853281853
19.0,3.0,40.0,0.6,0.1,0.6,2.0,1281.0,46.0,21.0,0.3871975019516003
19.0,3.0,41.0,0.6,0.1,0.6,2.0,1240.0,42.0,24.0,0.3911290322580645
19.0,3.0,42.0,0.6,0.1,0.6,2.0,1209.0,45.0,22.0,0.3937138130686518
19.0,3.0,43.0,0.6,0.1,0.6,2.0,1162.0,38.0,20.0,0.3993115318416523
19.0,3.0,44.0,0.6,0.1,0.6,2.0,1153.0,38.0,17.0,0.4032957502168257
19.0,3.0,45.0,0.6,0.1,0.6,2.0,1140.0,41.0,18.0,0.6228070175438597
19.0,3.0,46.0,0.6,0.1,0.6,2.0,1133.0,34.0,15.0,0.6248896734333628
19.0,3.0,47.0,0.6,0.1,0.6,2.0,1097.0,26.0,12.0,0.6326344576116681
19.0,3.0,48.0,0.6,0.1,0.6,2.0,1089.0,23.0,15.0,0.6308539944903582
19.0,3.0,49.0,0.6,0.1,0.6,2.0,1073.0,21.0,15.0,0.6272134203168686
19.0,3.0,50.0,0.6,0.1,0.6,2.0,1058.0,20.0,13.0,0.6266540642722117
19.0,3.0,51.0,0.6,0.1,0.6,2.0,1040.0,16.0,10.0,0.6240384615384615
19.0,3.0,52.0,0.6,0.1,0.6,2.0,1026.0,14.0,7.0,0.6267056530214425
19.0,4.0,1.0,0.6,0.1,0.6,2.0,1011.0,14.0,7.0,0.6271018793273986
19.0,4.0,2.0,0.6,0.1,0.6,2.0,1002.0,10.0,4.0,0.6287425149700598
19.0,4.0,3.0,0.6,0.1,0.6,2.0,996.0,9.0,7.0,0.6285140562248996
19.0,4.0,4.0,0.6,0.1,0.6,2.0,987.0,9.0,5.0,0.6281661600810537
19.0,4.0,5.0,0.6,0.1,0.6,2.0,970.0,8.0,6.0,0.6247422680412371
19.0,4.0,6.0,0.6,0.1,0.6,2.0,958.0,4.0,3.0,0.6252609603340292
19.0,4.0,7.0,0.6,0.1,0.6,2.0,955.0,5.0,3.0,0.625130890052356
19.0,4.0,8.0,0.6,0.1,0.6,2.0,938.0,5.0,2.0,0.6279317697228145
19.0,4.0,9.0,0.6,0.1,0.6,2.0,932.0,5.0,2.0,0.6255364806866953
19.0,4.0,10.0,0.6,0.1,0.6,2.0,923.0,5.0,2.0,0.6251354279523293
19.0,4.0,11.0,0.6,0.1,0.6,2.0,920.0,4.0,2.0,0.625
19.0,4.0,12.0,0.6,0.1,0.6,2.0,899.0,3.0,1.0,0.6318131256952169
19.0,4.0,13.0,0.6,0.1,0.6,2.0,897.0,3.0,3.0,0.6309921962095875
19.0,4.0,14.0,0.6,0.1,0.6,2.0,891.0,1.0,1.0,0.632996632996633
19.0,4.0,15.0,0.6,0.1,0.6,2.0,887.0,3.0,1.0,0.6313416009019166
19.0,4.0,16.0,0.6,0.1,0.6,2.0,881.0,2.0,0.0,0.6322360953461975
19.0,4.0,17.0,0.6,0.1,0.6,2.0,880.0,2.0,2.0,0.6295454545454545
19.0,4.0,18.0,0.6,0.1,0.6,2.0,872.0,2.0,2.0,0.6295871559633027
19.0,4.0,19.0,0.6,0.1,0.6,2.0,868.0,2.0,2.0,0.6290322580645161
19.0,4.0,20.0,0.6,0.1,0.6,2.0,1638.0,0.0,0.0,0.3308913308913309
19.0,4.0,21.0,0.6,0.1,0.6,2.0,1642.0,0.0,0.0,0.33008526187576126
19.0,4.0,22.0,0.6,0.1,0.6,2.0,1623.0,0.0,0.0,0.3314849044978435
19.0,4.0,23.0,0.6,0.1,0.6,2.0,1625.0,0.0,0.0,0.3310769230769231
19.0,4.0,24.0,0.6,0.1,0.6,2.0,1611.0,0.0,0.0,0.329608938547486
19.0,4.0,25.0,0.6,0.1,0.6,2.0,1552.0,0.0,0.0,0.33762886597938147
19.0,4.0,26.0,0.6,0.1,0.6,2.0,1506.0,0.0,0.0,0.3386454183266932
19.0,4.0,27.0,0.6,0.1,0.6,2.0,1465.0,0.0,0.0,0.33993174061433445
19.0,4.0,28.0,0.6,0.1,0.6,2.0,1399.0,0.0,0.0,0.3402430307362402
19.0,4.0,29.0,0.6,0.1,0.6,2.0,1350.0,0.0,0.0,0.34074074074074073
19.0,4.0,30.0,0.6,0.1,0.6,2.0,1322.0,0.0,0.0,0.3388804841149773
19.0,4.0,31.0,0.6,0.1,0.6,2.0,1289.0,0.0,0.0,0.3359193173002327
19.0,4.0,32.0,0.6,0.1,0.6,2.0,1287.0,0.0,0.0,0.337995337995338
19.0,4.0,33.0,0.6,0.1,0.6,2.0,1237.0,0.0,0.0,0.33387227162489896
19.0,4.0,34.0,0.6,0.1,0.6,2.0,1208.0,0.0,0.0,0.33278145695364236
19.0,4.0,35.0,0.6,0.1,0.6,2.0,1159.0,0.0,0.0,0.3364969801553063
19.0,4.0,36.0,0.6,0.1,0.6,2.0,1158.0,0.0,0.0,0.33592400690846286
19.0,4.0,37.0,0.6,0.1,0.6,2.0,1135.0,0.0,0.0,0.3365638766519824
19.0,4.0,38.0,0.6,0.1,0.6,2.0,1086.0,0.0,0.0,0.3397790055248619
19.0,4.0,39.0,0.6,0.1,0.6,2.0,1077.0,0.0,0.0,0.33797585886722376
19.0,4.0,40.0,0.6,0.1,0.6,2.0,1068.0,0.0,0.0,0.3408239700374532
19.0,4.0,41.0,0.6,0.1,0.6,2.0,1038.0,0.0,0.0,0.34296724470134876
19.0,4.0,42.0,0.6,0.1,0.6,2.0,1022.0,0.0,0.0,0.34442270058708413
19.0,4.0,43.0,0.6,0.1,0.6,2.0,1000.0,0.0,0.0,0.345
19.0,4.0,44.0,0.6,0.1,0.6,2.0,973.0,0.0,0.0,0.3473792394655704
19.0,4.0,45.0,0.6,0.1,0.6,2.0,959.0,0.0,0.0,0.6235662148070907
19.0,4.0,46.0,0.6,0.1,0.6,2.0,942.0,0.0,0.0,0.6199575371549894
19.0,4.0,47.0,0.6,0.1,0.6,2.0,937.0,0.0,0.0,0.6179295624332978
19.0,4.0,48.0,0.6,0.1,0.6,2.0,932.0,0.0,0.0,0.6180257510729614
19.0,4.0,49.0,0.6,0.1,0.6,2.0,913.0,0.0,0.0,0.6188389923329682
19.0,4.0,50.0,0.6,0.1,0.6,2.0,907.0,0.0,0.0,0.61742006615215
19.0,4.0,51.0,0.6,0.1,0.6,2.0,905.0,0.0,0.0,0.6176795580110497
19.0,4.0,52.0,0.6,0.1,0.6,2.0,901.0,0.0,0.0,0.6170921198668147
19.0,5.0,1.0,0.6,0.1,0.6,2.0,899.0,0.0,0.0,0.6162402669632926
19.0,5.0,2.0,0.6,0.1,0.6,2.0,883.0,0.0,0.0,0.6206115515288788
19.0,5.0,3.0,0.6,0.1,0.6,2.0,876.0,0.0,0.0,0.6210045662100456
19.0,5.0,4.0,0.6,0.1,0.6,2.0,875.0,0.0,0.0,0.6217142857142857
19.0,5.0,5.0,0.6,0.1,0.6,2.0,872.0,0.0,0.0,0.6204128440366973
19.0,5.0,6.0,0.6,0.1,0.6,2.0,865.0,0.0,0.0,0.623121387283237
19.0,5.0,7.0,0.6,0.1,0.6,2.0,851.0,0.0,0.0,0.6251468860164512
19.0,5.0,8.0,0.6,0.1,0.6,2.0,847.0,0.0,0.0,0.6245572609208973
19.0,5.0,9.0,0.6,0.1,0.6,2.0,844.0,0.0,0.0,0.6244075829383886
19.0,5.0,10.0,0.6,0.1,0.6,2.0,838.0,0.0,0.0,0.6241050119331742
19.0,5.0,11.0,0.6,0.1,0.6,2.0,833.0,0.0,0.0,0.6266506602641057
19.0,5.0,12.0,0.6,0.1,0.6,2.0,827.0,0.0,0.0,0.6275695284159613
19.0,5.0,13.0,0.6,0.1,0.6,2.0,808.0,0.0,0.0,0.629950495049505
19.0,5.0,14.0,0.6,0.1,0.6,2.0,804.0,0.0,0.0,0.6305970149253731
19.0,5.0,15.0,0.6,0.1,0.6,2.0,805.0,0.0,0.0,0.631055900621118
19.0,5.0,16.0,0.6,0.1,0.6,2.0,801.0,0.0,0.0,0.6279650436953808
19.0,5.0,17.0,0.6,0.1,0.6,2.0,804.0,0.0,0.0,0.6293532338308457
19.0,5.0,18.0,0.6,0.1,0.6,2.0,779.0,0.0,0.0,0.6328626444159179
19.0,5.0,19.0,0.6,0.1,0.6,2.0,768.0,0.0,0.0,0.6393229166666666
19.0,5.0,20.0,0.6,0.1,0.6,2.0,1383.0,0.0,0.0,0.35213304410701374
19.0,5.0,21.0,0.6,0.1,0.6,2.0,1365.0,0.0,0.0,0.3567765567765568
19.0,5.0,22.0,0.6,0.1,0.6,2.0,1342.0,0.0,0.0,0.3554396423248882
19.0,5.0,23.0,0.6,0.1,0.6,2.0,1287.0,0.0,0.0,0.35742035742035744
19.0,5.0,24.0,0.6,0.1,0.6,2.0,1260.0,0.0,0.0,0.3626984126984127
19.0,5.0,25.0,0.6,0.1,0.6,2.0,1221.0,0.0,0.0,0.3628173628173628
19.0,5.0,26.0,0.6,0.1,0.6,2.0,1174.0,0.0,0.0,0.36541737649063033
19.0,5.0,27.0,0.6,0.1,0.6,2.0,1163.0,0.0,0.0,0.3645743766122098
19.0,5.0,28.0,0.6,0.1,0.6,2.0,1133.0,0.0,0.0,0.3662842012356575
19.0,5.0,29.0,0.6,0.1,0.6,2.0,1104.0,0.0,0.0,0.36594202898550726
19.0,5.0,30.0,0.6,0.1,0.6,2.0,1079.0,0.0,0.0,0.3670064874884152
19.0,5.0,31.0,0.6,0.1,0.6,2.0,1069.0,0.0,0.0,0.3695042095416277
19.0,5.0,32.0,0.6,0.1,0.6,2.0,1055.0,0.0,0.0,0.3687203791469194
19.0,5.0,33.0,0.6,0.1,0.6,2.0,1009.0,0.0,0.0,0.3686818632309217
19.0,5.0,34.0,0.6,0.1,0.6,2.0,999.0,0.0,0.0,0.37037037037037035
19.0,5.0,35.0,0.6,0.1,0.6,2.0,989.0,0.0,0.0,0.37209302325581395
19.0,5.0,36.0,0.6,0.1,0.6,2.0,988.0,0.0,0.0,0.37044534412955465
19.0,5.0,37.0,0.6,0.1,0.6,2.0,960.0,0.0,0.0,0.375
19.0,5.0,38.0,0.6,0.1,0.6,2.0,938.0,0.0,0.0,0.3805970149253731
19.0,5.0,39.0,0.6,0.1,0.6,2.0,934.0,0.0,0.0,0.37901498929336186
19.0,5.0,40.0,0.6,0.1,0.6,2.0,910.0,0.0,0.0,0.3802197802197802
19.0,5.0,41.0,0.6,0.1,0.6,2.0,908.0,0.0,0.0,0.3799559471365639
19.0,5.0,42.0,0.6,0.1,0.6,2.0,895.0,0.0,0.0,0.37988826815642457
19.0,5.0,43.0,0.6,0.1,0.6,2.0,892.0,0.0,0.0,0.3789237668161435
19.0,5.0,44.0,0.6,0.1,0.6,2.0,892.0,0.0,0.0,0.3778026905829596
19.0,5.0,45.0,0.6,0.1,0.6,2.0,869.0,0.0,0.0,0.6317606444188723
19.0,5.0,46.0,0.6,0.1,0.6,2.0,854.0,0.0,0.0,0.6358313817330211
19.0,5.0,47.0,0.6,0.1,0.6,2.0,843.0,0.0,0.0,0.6346381969157769
19.0,5.0,48.0,0.6,0.1,0.6,2.0,829.0,0.0,0.0,0.6357056694813028
19.0,5.0,49.0,0.6,0.1,0.6,2.0,833.0,0.0,0.0,0.6326530612244898
19.0,5.0,50.0,0.6,0.1,0.6,2.0,821.0,0.0,0.0,0.6370280146163215
19.0,5.0,51.0,0.6,0.1,0.6,2.0,796.0,0.0,0.0,0.6394472361809045
19.0,5.0,52.0,0.6,0.1,0.6,2.0,791.0,0.0,0.0,0.638432364096081
19.0,6.0,1.0,0.6,0.1,0.6,2.0,788.0,0.0,0.0,0.6408629441624365
19.0,6.0,2.0,0.6,0.1,0.6,2.0,763.0,0.0,0.0,0.6382699868938401
19.0,6.0,3.0,0.6,0.1,0.6,2.0,762.0,0.0,0.0,0.6377952755905512
19.0,6.0,4.0,0.6,0.1,0.6,2.0,761.0,0.0,0.0,0.6386333771353482
19.0,6.0,5.0,0.6,0.1,0.6,2.0,758.0,0.0,0.0,0.637203166226913
19.0,6.0,6.0,0.6,0.1,0.6,2.0,743.0,0.0,0.0,0.6379542395693136
19.0,6.0,7.0,0.6,0.1,0.6,2.0,742.0,0.0,0.0,0.637466307277628
19.0,6.0,8.0,0.6,0.1,0.6,2.0,741.0,0.0,0.0,0.6369770580296896
19.0,6.0,9.0,0.6,0.1,0.6,2.0,739.0,0.0,0.0,0.6373477672530447
19.0,6.0,10.0,0.6,0.1,0.6,2.0,739.0,0.0,0.0,0.6373477672530447
19.0,6.0,11.0,0.6,0.1,0.6,2.0,734.0,0.0,0.0,0.6389645776566758
19.0,6.0,12.0,0.6,0.1,0.6,2.0,730.0,0.0,0.0,0.6383561643835617
19.0,6.0,13.0,0.6,0.1,0.6,2.0,727.0,0.0,0.0,0.6382393397524071
19.0,6.0,14.0,0.6,0.1,0.6,2.0,727.0,0.0,0.0,0.6382393397524071
19.0,6.0,15.0,0.6,0.1,0.6,2.0,727.0,0.0,0.0,0.6382393397524071
19.0,6.0,16.0,0.6,0.1,0.6,2.0,725.0,0.0,0.0,0.6372413793103449
19.0,6.0,17.0,0.6,0.1,0.6,2.0,712.0,0.0,0.0,0.6362359550561798
19.0,6.0,18.0,0.6,0.1,0.6,2.0,711.0,0.0,0.0,0.6357243319268636
19.0,6.0,19.0,0.6,0.1,0.6,2.0,708.0,0.0,0.0,0.634180790960452
19.0,6.0,20.0,0.6,0.1,0.6,2.0,1274.0,0.0,0.0,0.3532182103610675
19.0,6.0,21.0,0.6,0.1,0.6,2.0,1240.0,0.0,0.0,0.3548387096774194
19.0,6.0,22.0,0.6,0.1,0.6,2.0,1203.0,0.0,0.0,0.3557772236076476
19.0,6.0,23.0,0.6,0.1,0.6,2.0,1181.0,0.0,0.0,0.35647756138865366
19.0,6.0,24.0,0.6,0.1,0.6,2.0,1154.0,0.0,0.0,0.3613518197573657
19.0,6.0,25.0,0.6,0.1,0.6,2.0,1125.0,0.0,0.0,0.36444444444444446
19.0,6.0,26.0,0.6,0.1,0.6,2.0,1111.0,0.0,0.0,0.369036903690369
19.0,6.0,27.0,0.6,0.1,0.6,2.0,1107.0,0.0,0.0,0.3676603432700994
19.0,6.0,28.0,0.6,0.1,0.6,2.0,1104.0,0.0,0.0,0.3686594202898551
19.0,6.0,29.0,0.6,0.1,0.6,2.0,1092.0,0.0,0.0,0.36904761904761907
19.0,6.0,30.0,0.6,0.1,0.6,2.0,1088.0,0.0,0.0,0.3704044117647059
19.0,6.0,31.0,0.6,0.1,0.6,2.0,1090.0,0.0,0.0,0.3688073394495413
19.0,6.0,32.0,0.6,0.1,0.6,2.0,1077.0,0.0,0.0,0.37047353760445684
19.0,6.0,33.0,0.6,0.1,0.6,2.0,1078.0,0.0,0.0,0.3682745825602968
19.0,6.0,34.0,0.6,0.1,0.6,2.0,1032.0,0.0,0.0,0.37209302325581395
19.0,6.0,35.0,0.6,0.1,0.6,2.0,1022.0,0.0,0.0,0.37279843444227007
19.0,6.0,36.0,0.6,0.1,0.6,2.0,1005.0,0.0,0.0,0.373134328358209
19.0,6.0,37.0,0.6,0.1,0.6,2.0,1006.0,0.0,0.0,0.3717693836978131
19.0,6.0,38.0,0.6,0.1,0.6,2.0,1003.0,0.0,0.0,0.3728813559322034
19.0,6.0,39.0,0.6,0.1,0.6,2.0,1005.0,0.0,0.0,0.37213930348258706
19.0,6.0,40.0,0.6,0.1,0.6,2.0,985.0,0.0,0.0,0.3746192893401015
19.0,6.0,41.0,0.6,0.1,0.6,2.0,986.0,0.0,0.0,0.3742393509127789
19.0,6.0,42.0,0.6,0.1,0.6,2.0,980.0,0.0,0.0,0.37551020408163266
19.0,6.0,43.0,0.6,0.1,0.6,2.0,982.0,0.0,0.0,0.37474541751527496
19.0,6.0,44.0,0.6,0.1,0.6,2.0,974.0,0.0,0.0,0.37474332648870634
19.0,6.0,45.0,0.6,0.1,0.6,2.0,959.0,0.0,0.0,0.6266944734098019
19.0,6.0,46.0,0.6,0.1,0.6,2.0,956.0,0.0,0.0,0.6286610878661087
19.0,6.0,47.0,0.6,0.1,0.6,2.0,946.0,0.0,0.0,0.6257928118393234
19.0,6.0,48.0,0.6,0.1,0.6,2.0,944.0,0.0,0.0,0.628177966101695
19.0,6.0,49.0,0.6,0.1,0.6,2.0,921.0,0.0,0.0,0.6286644951140065
19.0,6.0,50.0,0.6,0.1,0.6,2.0,915.0,0.0,0.0,0.6316939890710382
19.0,6.0,51.0,0.6,0.1,0.6,2.0,906.0,0.0,0.0,0.6280353200883002
19.0,6.0,52.0,0.6,0.1,0.6,2.0,889.0,0.0,0.0,0.6299212598425197
19.0,7.0,1.0,0.6,0.1,0.6,2.0,876.0,0.0,0.0,0.6301369863013698
19.0,7.0,2.0,0.6,0.1,0.6,2.0,874.0,0.0,0.0,0.6327231121281465
19.0,7.0,3.0,0.6,0.1,0.6,2.0,860.0,0.0,0.0,0.6313953488372093
19.0,7.0,4.0,0.6,0.1,0.6,2.0,857.0,0.0,0.0,0.6336056009334889
19.0,7.0,5.0,0.6,0.1,0.6,2.0,858.0,0.0,0.0,0.6317016317016317
19.0,7.0,6.0,0.6,0.1,0.6,2.0,854.0,0.0,0.0,0.6334894613583139
19.0,7.0,7.0,0.6,0.1,0.6,2.0,835.0,0.0,0.0,0.6335329341317365
19.0,7.0,8.0,0.6,0.1,0.6,2.0,828.0,0.0,0.0,0.6364734299516909
19.0,7.0,9.0,0.6,0.1,0.6,2.0,828.0,0.0,0.0,0.6352657004830918
19.0,7.0,10.0,0.6,0.1,0.6,2.0,824.0,0.0,0.0,0.6371359223300971
19.0,7.0,11.0,0.6,0.1,0.6,2.0,823.0,0.0,0.0,0.6366950182260024
19.0,7.0,12.0,0.6,0.1,0.6,2.0,809.0,0.0,0.0,0.6427688504326329
19.0,7.0,13.0,0.6,0.1,0.6,2.0,809.0,0.0,0.0,0.6415327564894932
19.0,7.0,14.0,0.6,0.1,0.6,2.0,805.0,0.0,0.0,0.6434782608695652
19.0,7.0,15.0,0.6,0.1,0.6,2.0,806.0,0.0,0.0,0.641439205955335
19.0,7.0,16.0,0.6,0.1,0.6,2.0,804.0,0.0,0.0,0.6430348258706468
19.0,7.0,17.0,0.6,0.1,0.6,2.0,806.0,0.0,0.0,0.641439205955335
19.0,7.0,18.0,0.6,0.1,0.6,2.0,804.0,0.0,0.0,0.6430348258706468
19.0,7.0,19.0,0.6,0.1,0.6,2.0,803.0,0.0,0.0,0.6400996264009963
19.0,7.0,20.0,0.6,0.1,0.6,2.0,1505.0,0.0,0.0,0.34285714285714286
19.0,7.0,21.0,0.6,0.1,0.6,2.0,1479.0,0.0,0.0,0.3441514536849222
19.0,7.0,22.0,0.6,0.1,0.6,2.0,1449.0,0.0,0.0,0.34575569358178054
19.0,7.0,23.0,0.6,0.1,0.6,2.0,1433.0,0.0,0.0,0.34752267969295186
19.0,7.0,24.0,0.6,0.1,0.6,2.0,1380.0,0.0,0.0,0.3521739130434783
19.0,7.0,25.0,0.6,0.1,0.6,2.0,1358.0,0.0,0.0,0.3490427098674521
19.0,7.0,26.0,0.6,0.1,0.6,2.0,1309.0,0.0,0.0,0.35294117647058826
19.0,7.0,27.0,0.6,0.1,0.6,2.0,1265.0,0.0,0.0,0.3565217391304348
19.0,7.0,28.0,0.6,0.1,0.6,2.0,1212.0,0.0,0.0,0.36303630363036304
19.0,7.0,29.0,0.6,0.1,0.6,2.0,1171.0,0.0,0.0,0.36891545687446625
19.0,7.0,30.0,0.6,0.1,0.6,2.0,1146.0,0.0,0.0,0.37085514834205935
19.0,7.0,31.0,0.6,0.1,0.6,2.0,1123.0,0.0,0.0,0.37043633125556547
19.0,7.0,32.0,0.6,0.1,0.6,2.0,1115.0,0.0,0.0,0.3695067264573991
19.0,7.0,33.0,0.6,0.1,0.6,2.0,1101.0,0.0,0.0,0.3678474114441417
19.0,7.0,34.0,0.6,0.1,0.6,2.0,1066.0,0.0,0.0,0.3724202626641651
19.0,7.0,35.0,0.6,0.1,0.6,2.0,1070.0,0.0,0.0,0.3719626168224299
19.0,7.0,36.0,0.6,0.1,0.6,2.0,1066.0,0.0,0.0,0.3724202626641651
19.0,7.0,37.0,0.6,0.1,0.6,2.0,1002.0,0.0,0.0,0.3842315369261477
19.0,7.0,38.0,0.6,0.1,0.6,2.0,998.0,0.0,0.0,0.3847695390781563
19.0,7.0,39.0,0.6,0.1,0.6,2.0,980.0,0.0,0.0,0.38877551020408163
19.0,7.0,40.0,0.6,0.1,0.6,2.0,964.0,0.0,0.0,0.38900414937759337
19.0,7.0,41.0,0.6,0.1,0.6,2.0,955.0,0.0,0.0,0.39162303664921466
19.0,7.0,42.0,0.6,0.1,0.6,2.0,931.0,0.0,0.0,0.3941997851772288
19.0,7.0,43.0,0.6,0.1,0.6,2.0,914.0,0.0,0.0,0.39606126914660833
19.0,7.0,44.0,0.6,0.1,0.6,2.0,910.0,0.0,0.0,0.3967032967032967
19.0,7.0,45.0,0.6,0.1,0.6,2.0,908.0,0.0,0.0,0.6387665198237885
19.0,7.0,46.0,0.6,0.1,0.6,2.0,882.0,0.0,0.0,0.6417233560090703
19.0,7.0,47.0,0.6,0.1,0.6,2.0,884.0,0.0,0.0,0.6414027149321267
19.0,7.0,48.0,0.6,0.1,0.6,2.0,882.0,0.0,0.0,0.6417233560090703
19.0,7.0,49.0,0.6,0.1,0.6,2.0,868.0,0.0,0.0,0.6486175115207373
19.0,7.0,50.0,0.6,0.1,0.6,2.0,854.0,0.0,0.0,0.6475409836065574
19.0,7.0,51.0,0.6,0.1,0.6,2.0,844.0,0.0,0.0,0.6445497630331753
19.0,7.0,52.0,0.6,0.1,0.6,2.0,840.0,0.0,0.0,0.6452380952380953
19.0,8.0,1.0,0.6,0.1,0.6,2.0,842.0,0.0,0.0,0.6448931116389549
19.0,8.0,2.0,0.6,0.1,0.6,2.0,839.0,0.0,0.0,0.6460071513706794
19.0,8.0,3.0,0.6,0.1,0.6,2.0,840.0,0.0,0.0,0.6464285714285715
19.0,8.0,4.0,0.6,0.1,0.6,2.0,834.0,0.0,0.0,0.6474820143884892
19.0,8.0,5.0,0.6,0.1,0.6,2.0,833.0,0.0,0.0,0.6458583433373349
19.0,8.0,6.0,0.6,0.1,0.6,2.0,830.0,0.0,0.0,0.6469879518072289
19.0,8.0,7.0,0.6,0.1,0.6,2.0,829.0,0.0,0.0,0.646562123039807
19.0,8.0,8.0,0.6,0.1,0.6,2.0,816.0,0.0,0.0,0.6507352941176471
19.0,8.0,9.0,0.6,0.1,0.6,2.0,812.0,0.0,0.0,0.6502463054187192
19.0,8.0,10.0,0.6,0.1,0.6,2.0,797.0,0.0,0.0,0.6549560853199499
19.0,8.0,11.0,0.6,0.1,0.6,2.0,782.0,0.0,0.0,0.6534526854219949
19.0,8.0,12.0,0.6,0.1,0.6,2.0,780.0,0.0,0.0,0.6538461538461539
19.0,8.0,13.0,0.6,0.1,0.6,2.0,780.0,0.0,0.0,0.6551282051282051
19.0,8.0,14.0,0.6,0.1,0.6,2.0,777.0,0.0,0.0,0.6537966537966537
19.0,8.0,15.0,0.6,0.1,0.6,2.0,774.0,0.0,0.0,0.6563307493540051
19.0,8.0,16.0,0.6,0.1,0.6,2.0,772.0,0.0,0.0,0.655440414507772
19.0,8.0,17.0,0.6,0.1,0.6,2.0,773.0,0.0,0.0,0.6558861578266494
19.0,8.0,18.0,0.6,0.1,0.6,2.0,760.0,0.0,0.0,0.6578947368421053
19.0,8.0,19.0,0.6,0.1,0.6,2.0,762.0,0.0,0.0,0.6587926509186351
19.0,8.0,20.0,0.6,0.1,0.6,2.0,1376.0,0.0,0.0,0.3633720930232558
19.0,8.0,21.0,0.6,0.1,0.6,2.0,1304.0,0.0,0.0,0.36733128834355827
19.0,8.0,22.0,0.6,0.1,0.6,2.0,1256.0,0.0,0.0,0.37101910828025475
19.0,8.0,23.0,0.6,0.1,0.6,2.0,1214.0,0.0,0.0,0.37644151565074135
19.0,8.0,24.0,0.6,0.1,0.6,2.0,1177.0,0.0,0.0,0.3772302463891249
19.0,8.0,25.0,0.6,0.1,0.6,2.0,1175.0,0.0,0.0,0.37957446808510636
19.0,8.0,26.0,0.6,0.1,0.6,2.0,1131.0,0.0,0.0,0.3819628647214854
19.0,8.0,27.0,0.6,0.1,0.6,2.0,1105.0,0.0,0.0,0.38280542986425337
19.0,8.0,28.0,0.6,0.1,0.6,2.0,1118.0,0.0,0.0,0.38014311270125223
19.0,8.0,29.0,0.6,0.1,0.6,2.0,1074.0,0.0,0.0,0.3845437616387337
19.0,8.0,30.0,0.6,0.1,0.6,2.0,1082.0,0.0,0.0,0.38170055452865065
19.0,8.0,31.0,0.6,0.1,0.6,2.0,1056.0,0.0,0.0,0.38446969696969696
19.0,8.0,32.0,0.6,0.1,0.6,2.0,1052.0,0.0,0.0,0.3811787072243346
19.0,8.0,33.0,0.6,0.1,0.6,2.0,1032.0,0.0,0.0,0.3846899224806202
19.0,8.0,34.0,0.6,0.1,0.6,2.0,1028.0,0.0,0.0,0.3852140077821012
19.0,8.0,35.0,0.6,0.1,0.6,2.0,1008.0,0.0,0.0,0.3898809523809524
19.0,8.0,36.0,0.6,0.1,0.6,2.0,1002.0,0.0,0.0,0.3872255489021956
19.0,8.0,37.0,0.6,0.1,0.6,2.0,975.0,0.0,0.0,0.39076923076923076
19.0,8.0,38.0,0.6,0.1,0.6,2.0,959.0,0.0,0.0,0.3910323253388947
19.0,8.0,39.0,0.6,0.1,0.6,2.0,953.0,0.0,0.0,0.3945435466946485
19.0,8.0,40.0,0.6,0.1,0.6,2.0,961.0,0.0,0.0,0.39125910509885536
19.0,8.0,41.0,0.6,0.1,0.6,2.0,941.0,0.0,0.0,0.3985122210414453
19.0,8.0,42.0,0.6,0.1,0.6,2.0,950.0,0.0,0.0,0.39473684210526316
19.0,8.0,43.0,0.6,0.1,0.6,2.0,941.0,0.0,0.0,0.3985122210414453
19.0,8.0,44.0,0.6,0.1,0.6,2.0,950.0,0.0,0.0,0.39473684210526316
19.0,8.0,45.0,0.6,0.1,0.6,2.0,919.0,0.0,0.0,0.6485310119695321
19.0,8.0,46.0,0.6,0.1,0.6,2.0,930.0,0.0,0.0,0.6451612903225806
19.0,8.0,47.0,0.6,0.1,0.6,2.0,919.0,0.0,0.0,0.6485310119695321
19.0,8.0,48.0,0.6,0.1,0.6,2.0,930.0,0.0,0.0,0.6451612903225806
19.0,8.0,49.0,0.6,0.1,0.6,2.0,919.0,0.0,0.0,0.6485310119695321
19.0,8.0,50.0,0.6,0.1,0.6,2.0,929.0,0.0,0.0,0.6458557588805167
19.0,8.0,51.0,0.6,0.1,0.6,2.0,924.0,0.0,0.0,0.6471861471861472
19.0,8.0,52.0,0.6,0.1,0.6,2.0,929.0,0.0,0.0,0.6458557588805167
19.0,9.0,1.0,0.6,0.1,0.6,2.0,908.0,0.0,0.0,0.6508810572687225
19.0,9.0,2.0,0.6,0.1,0.6,2.0,912.0,0.0,0.0,0.6502192982456141
19.0,9.0,3.0,0.6,0.1,0.6,2.0,894.0,0.0,0.0,0.6532438478747203
19.0,9.0,4.0,0.6,0.1,0.6,2.0,886.0,0.0,0.0,0.654627539503386
19.0,9.0,5.0,0.6,0.1,0.6,2.0,883.0,0.0,0.0,0.6545866364665912
19.0,9.0,6.0,0.6,0.1,0.6,2.0,886.0,0.0,0.0,0.6534988713318285
19.0,9.0,7.0,0.6,0.1,0.6,2.0,881.0,0.0,0.0,0.6549375709421112
19.0,9.0,8.0,0.6,0.1,0.6,2.0,879.0,0.0,0.0,0.6564277588168373
19.0,9.0,9.0,0.6,0.1,0.6,2.0,870.0,0.0,0.0,0.6574712643678161
19.0,9.0,10.0,0.6,0.1,0.6,2.0,872.0,0.0,0.0,0.658256880733945
19.0,9.0,11.0,0.6,0.1,0.6,2.0,862.0,0.0,0.0,0.6624129930394431
19.0,9.0,12.0,0.6,0.1,0.6,2.0,860.0,0.0,0.0,0.6662790697674419
19.0,9.0,13.0,0.6,0.1,0.6,2.0,856.0,0.0,0.0,0.6670560747663551
19.0,9.0,14.0,0.6,0.1,0.6,2.0,844.0,0.0,0.0,0.6753554502369669
19.0,9.0,15.0,0.6,0.1,0.6,2.0,825.0,0.0,0.0,0.68
19.0,9.0,16.0,0.6,0.1,0.6,2.0,825.0,0.0,0.0,0.6812121212121212
19.0,9.0,17.0,0.6,0.1,0.6,2.0,825.0,0.0,0.0,0.68
19.0,9.0,18.0,0.6,0.1,0.6,2.0,827.0,0.0,0.0,0.6807738814993954
19.0,9.0,19.0,0.6,0.1,0.6,2.0,824.0,0.0,0.0,0.6808252427184466
19.0,9.0,20.0,0.6,0.1,0.6,2.0,1451.0,0.0,0.0,0.3728463128876637
19.0,9.0,21.0,0.6,0.1,0.6,2.0,1390.0,0.0,0.0,0.3726618705035971
19.0,9.0,22.0,0.6,0.1,0.6,2.0,1352.0,0.0,0.0,0.375
19.0,9.0,23.0,0.6,0.1,0.6,2.0,1348.0,0.0,0.0,0.37537091988130566
19.0,9.0,24.0,0.6,0.1,0.6,2.0,1274.0,0.0,0.0,0.3877551020408163
19.0,9.0,25.0,0.6,0.1,0.6,2.0,1215.0,0.0,0.0,0.3934156378600823
19.0,9.0,26.0,0.6,0.1,0.6,2.0,1207.0,0.0,0.0,0.39270919635459817
19.0,9.0,27.0,0.6,0.1,0.6,2.0,1189.0,0.0,0.0,0.3927670311185871
19.0,9.0,28.0,0.6,0.1,0.6,2.0,1192.0,0.0,0.0,0.39177852348993286
19.0,9.0,29.0,0.6,0.1,0.6,2.0,1174.0,0.0,0.0,0.39267461669505965
19.0,9.0,30.0,0.6,0.1,0.6,2.0,1178.0,0.0,0.0,0.3921901528013582
19.0,9.0,31.0,0.6,0.1,0.6,2.0,1174.0,0.0,0.0,0.39267461669505965
19.0,9.0,32.0,0.6,0.1,0.6,2.0,1177.0,0.0,0.0,0.3925233644859813
19.0,9.0,33.0,0.6,0.1,0.6,2.0,1160.0,0.0,0.0,0.3939655172413793
19.0,9.0,34.0,0.6,0.1,0.6,2.0,1157.0,0.0,0.0,0.39325842696629215
19.0,9.0,35.0,0.6,0.1,0.6,2.0,1144.0,0.0,0.0,0.3951048951048951
19.0,9.0,36.0,0.6,0.1,0.6,2.0,1094.0,0.0,0.0,0.4031078610603291
19.0,9.0,37.0,0.6,0.1,0.6,2.0,1092.0,0.0,0.0,0.40384615384615385
19.0,9.0,38.0,0.6,0.1,0.6,2.0,1095.0,0.0,0.0,0.40273972602739727
19.0,9.0,39.0,0.6,0.1,0.6,2.0,1092.0,0.0,0.0,0.40384615384615385
19.0,9.0,40.0,0.6,0.1,0.6,2.0,1079.0,0.0,0.0,0.40500463392029656
19.0,9.0,41.0,0.6,0.1,0.6,2.0,1076.0,0.0,0.0,0.40613382899628253
19.0,9.0,42.0,0.6,0.1,0.6,2.0,1028.0,0.0,0.0,0.41050583657587547
19.0,9.0,43.0,0.6,0.1,0.6,2.0,1013.0,0.0,0.0,0.4126357354392892
19.0,9.0,44.0,0.6,0.1,0.6,2.0,1015.0,0.0,0.0,0.41182266009852214
19.0,9.0,45.0,0.6,0.1,0.6,2.0,1006.0,0.0,0.0,0.6481113320079522
19.0,9.0,46.0,0.6,0.1,0.6,2.0,1001.0,0.0,0.0,0.6473526473526473
19.0,9.0,47.0,0.6,0.1,0.6,2.0,997.0,0.0,0.0,0.6479438314944834
19.0,9.0,48.0,0.6,0.1,0.6,2.0,977.0,0.0,0.0,0.6509723643807575
19.0,9.0,49.0,0.6,0.1,0.6,2.0,974.0,0.0,0.0,0.6519507186858317
19.0,9.0,50.0,0.6,0.1,0.6,2.0,972.0,0.0,0.0,0.6532921810699589
19.0,9.0,51.0,0.6,0.1,0.6,2.0,961.0,0.0,0.0,0.6503642039542143
19.0,9.0,52.0,0.6,0.1,0.6,2.0,961.0,0.0,0.0,0.6514047866805411
19.0,10.0,1.0,0.6,0.1,0.6,2.0,949.0,0.0,0.0,0.6533192834562698
19.0,10.0,2.0,0.6,0.1,0.6,2.0,949.0,0.0,0.0,0.6543730242360379
19.0,10.0,3.0,0.6,0.1,0.6,2.0,948.0,0.0,0.0,0.6540084388185654
19.0,10.0,4.0,0.6,0.1,0.6,2.0,948.0,0.0,0.0,0.6550632911392406
19.0,10.0,5.0,0.6,0.1,0.6,2.0,944.0,0.0,0.0,0.6546610169491526
19.0,10.0,6.0,0.6,0.1,0.6,2.0,934.0,0.0,0.0,0.6573875802997858
19.0,10.0,7.0,0.6,0.1,0.6,2.0,932.0,0.0,0.0,0.6566523605150214
19.0,10.0,8.0,0.6,0.1,0.6,2.0,932.0,0.0,0.0,0.657725321888412
19.0,10.0,9.0,0.6,0.1,0.6,2.0,926.0,0.0,0.0,0.6565874730021598
19.0,10.0,10.0,0.6,0.1,0.6,2.0,915.0,0.0,0.0,0.659016393442623
19.0,10.0,11.0,0.6,0.1,0.6,2.0,911.0,0.0,0.0,0.6597145993413831
19.0,10.0,12.0,0.6,0.1,0.6,2.0,886.0,0.0,0.0,0.664785553047404
19.0,10.0,13.0,0.6,0.1,0.6,2.0,869.0,0.0,0.0,0.6685845799769851
19.0,10.0,14.0,0.6,0.1,0.6,2.0,866.0,0.0,0.0,0.6720554272517321
19.0,10.0,15.0,0.6,0.1,0.6,2.0,864.0,0.0,0.0,0.6712962962962963
19.0,10.0,16.0,0.6,0.1,0.6,2.0,864.0,0.0,0.0,0.6724537037037037
19.0,10.0,17.0,0.6,0.1,0.6,2.0,864.0,0.0,0.0,0.6712962962962963
19.0,10.0,18.0,0.6,0.1,0.6,2.0,863.0,0.0,0.0,0.6720741599073001
19.0,10.0,19.0,0.6,0.1,0.6,2.0,863.0,0.0,0.0,0.6709154113557358
19.0,10.0,20.0,0.6,0.1,0.6,2.0,1583.0,0.0,0.0,0.35944409349336703
19.0,10.0,21.0,0.6,0.1,0.6,2.0,1569.0,0.0,0.0,0.3601019757807521
19.0,10.0,22.0,0.6,0.1,0.6,2.0,1572.0,0.0,0.0,0.36005089058524176
19.0,10.0,23.0,0.6,0.1,0.6,2.0,1519.0,0.0,0.0,0.3640552995391705
19.0,10.0,24.0,0.6,0.1,0.6,2.0,1491.0,0.0,0.0,0.3682092555331992
19.0,10.0,25.0,0.6,0.1,0.6,2.0,1454.0,0.0,0.0,0.37276478679504815
19.0,10.0,26.0,0.6,0.1,0.6,2.0,1412.0,0.0,0.0,0.37464589235127477
19.0,10.0,27.0,0.6,0.1,0.6,2.0,1413.0,0.0,0.0,0.3743807501769285
19.0,10.0,28.0,0.6,0.1,0.6,2.0,1400.0,0.0,0.0,0.37642857142857145
19.0,10.0,29.0,0.6,0.1,0.6,2.0,1389.0,0.0,0.0,0.37652987760979123
19.0,10.0,30.0,0.6,0.1,0.6,2.0,1345.0,0.0,0.0,0.38066914498141263
19.0,10.0,31.0,0.6,0.1,0.6,2.0,1347.0,0.0,0.0,0.38084632516703787
19.0,10.0,32.0,0.6,0.1,0.6,2.0,1329.0,0.0,0.0,0.38148984198645597
19.0,10.0,33.0,0.6,0.1,0.6,2.0,1302.0,0.0,0.0,0.38018433179723504
19.0,10.0,34.0,0.6,0.1,0.6,2.0,1289.0,0.0,0.0,0.3816912335143522
19.0,10.0,35.0,0.6,0.1,0.6,2.0,1263.0,0.0,0.0,0.3832145684877276
19.0,10.0,36.0,0.6,0.1,0.6,2.0,1217.0,0.0,0.0,0.3853738701725555
19.0,10.0,37.0,0.6,0.1,0.6,2.0,1189.0,0.0,0.0,0.3885618166526493
19.0,10.0,38.0,0.6,0.1,0.6,2.0,1165.0,0.0,0.0,0.3931330472103004
19.0,10.0,39.0,0.6,0.1,0.6,2.0,1130.0,0.0,0.0,0.39646017699115044
19.0,10.0,40.0,0.6,0.1,0.6,2.0,1103.0,0.0,0.0,0.4016319129646419
19.0,10.0,41.0,0.6,0.1,0.6,2.0,1104.0,0.0,0.0,0.401268115942029
19.0,10.0,42.0,0.6,0.1,0.6,2.0,1073.0,0.0,0.0,0.4082013047530289
19.0,10.0,43.0,0.6,0.1,0.6,2.0,1074.0,0.0,0.0,0.40782122905027934
19.0,10.0,44.0,0.6,0.1,0.6,2.0,1072.0,0.0,0.0,0.4076492537313433
19.0,10.0,45.0,0.6,0.1,0.6,2.0,1073.0,0.0,0.0,0.625349487418453
19.0,10.0,46.0,0.6,0.1,0.6,2.0,1057.0,0.0,0.0,0.6225165562913907
19.0,10.0,47.0,0.6,0.1,0.6,2.0,1042.0,0.0,0.0,0.6238003838771593
19.0,10.0,48.0,0.6,0.1,0.6,2.0,1008.0,0.0,0.0,0.6279761904761905
19.0,10.0,49.0,0.6,0.1,0.6,2.0,1007.0,0.0,0.0,0.6285998013902682
19.0,10.0,50.0,0.6,0.1,0.6,2.0,1009.0,0.0,0.0,0.6283448959365708
19.0,10.0,51.0,0.6,0.1,0.6,2.0,1003.0,0.0,0.0,0.6311066799601196
19.0,10.0,52.0,0.6,0.1,0.6,2.0,1001.0,0.0,0.0,0.6313686313686314
20.0,1.0,1.0,0.6,0.1,0.6,2.0,5240.0,49.0,9.0,0.6013358778625955
20.0,1.0,2.0,0.6,0.1,0.6,2.0,5183.0,53.0,19.0,0.6019679722168628
20.0,1.0,3.0,0.6,0.1,0.6,2.0,5047.0,55.0,30.0,0.6053100851991282
20.0,1.0,4.0,0.6,0.1,0.6,2.0,4992.0,63.0,31.0,0.6083733974358975
20.0,1.0,5.0,0.6,0.1,0.6,2.0,5003.0,69.0,27.0,0.6112332600439736
20.0,1.0,6.0,0.6,0.1,0.6,2.0,4886.0,67.0,24.0,0.6129758493655342
20.0,1.0,7.0,0.6,0.1,0.6,2.0,4830.0,66.0,27.0,0.6146997929606626
20.0,1.0,8.0,0.6,0.1,0.6,2.0,4585.0,75.0,26.0,0.6159214830970556
20.0,1.0,9.0,0.6,0.1,0.6,2.0,4502.0,78.0,34.0,0.6175033318525099
20.0,1.0,10.0,0.6,0.1,0.6,2.0,4396.0,78.0,35.0,0.6201091901728845
20.0,1.0,11.0,0.6,0.1,0.6,2.0,4283.0,90.0,44.0,0.6224608918982022
20.0,1.0,12.0,0.6,0.1,0.6,2.0,4209.0,87.0,40.0,0.624376336421953
20.0,1.0,13.0,0.6,0.1,0.6,2.0,4083.0,89.0,42.0,0.6269899583639481
20.0,1.0,14.0,0.6,0.1,0.6,2.0,3913.0,78.0,33.0,0.627906976744186
20.0,1.0,15.0,0.6,0.1,0.6,2.0,3842.0,79.0,40.0,0.6301405517959396
20.0,1.0,16.0,0.6,0.1,0.6,2.0,3754.0,70.0,38.0,0.6334576451784762
20.0,1.0,17.0,0.6,0.1,0.6,2.0,3654.0,79.0,40.0,0.6379310344827587
20.0,1.0,18.0,0.6,0.1,0.6,2.0,3611.0,69.0,33.0,0.6402658543339795
20.0,1.0,19.0,0.6,0.1,0.6,2.0,3537.0,62.0,27.0,0.6437659033078881
20.0,1.0,20.0,0.6,0.1,0.6,2.0,6764.0,59.0,29.0,0.3332347723240686
20.0,1.0,21.0,0.6,0.1,0.6,2.0,6170.0,89.0,24.0,0.3379254457050243
20.0,1.0,22.0,0.6,0.1,0.6,2.0,5898.0,94.0,27.0,0.3396066463207867
20.0,1.0,23.0,0.6,0.1,0.6,2.0,5675.0,97.0,32.0,0.34273127753303967
20.0,1.0,24.0,0.6,0.1,0.6,2.0,5383.0,99.0,35.0,0.3453464610811815
20.0,1.0,25.0,0.6,0.1,0.6,2.0,5180.0,116.0,42.0,0.34826254826254827
20.0,1.0,26.0,0.6,0.1,0.6,2.0,4897.0,108.0,48.0,0.35062283030426794
20.0,1.0,27.0,0.6,0.1,0.6,2.0,4622.0,125.0,54.0,0.35374296841194286
20.0,1.0,28.0,0.6,0.1,0.6,2.0,4438.0,120.0,52.0,0.35714285714285715
20.0,1.0,29.0,0.6,0.1,0.6,2.0,4163.0,122.0,50.0,0.3619985587316839
20.0,1.0,30.0,0.6,0.1,0.6,2.0,4066.0,138.0,54.0,0.36399409739301525
20.0,1.0,31.0,0.6,0.1,0.6,2.0,3936.0,146.0,66.0,0.3671239837398374
20.0,1.0,32.0,0.6,0.1,0.6,2.0,3869.0,160.0,68.0,0.37089687257689324
20.0,1.0,33.0,0.6,0.1,0.6,2.0,3698.0,155.0,74.0,0.37263385613845323
20.0,1.0,34.0,0.6,0.1,0.6,2.0,3585.0,156.0,77.0,0.3796373779637378
20.0,1.0,35.0,0.6,0.1,0.6,2.0,3445.0,172.0,79.0,0.38171262699564584
20.0,1.0,36.0,0.6,0.1,0.6,2.0,3337.0,167.0,83.0,0.38717410848067124
20.0,1.0,37.0,0.6,0.1,0.6,2.0,3178.0,161.0,77.0,0.39175582127123976
20.0,1.0,38.0,0.6,0.1,0.6,2.0,3116.0,175.0,85.0,0.39730423620025673
20.0,1.0,39.0,0.6,0.1,0.6,2.0,2957.0,176.0,83.0,0.40142035847142377
20.0,1.0,40.0,0.6,0.1,0.6,2.0,2848.0,163.0,75.0,0.4122191011235955
20.0,1.0,41.0,0.6,0.1,0.6,2.0,2743.0,162.0,73.0,0.41851986875683556
20.0,1.0,42.0,0.6,0.1,0.6,2.0,2680.0,173.0,77.0,0.42313432835820897
20.0,1.0,43.0,0.6,0.1,0.6,2.0,2602.0,165.0,77.0,0.4292851652574942
20.0,1.0,44.0,0.6,0.1,0.6,2.0,2550.0,172.0,78.0,0.43098039215686273
20.0,1.0,45.0,0.6,0.1,0.6,2.0,2463.0,178.0,77.0,0.6593585058871295
20.0,1.0,46.0,0.6,0.1,0.6,2.0,2380.0,166.0,88.0,0.6647058823529411
20.0,1.0,47.0,0.6,0.1,0.6,2.0,2284.0,151.0,75.0,0.6668126094570929
20.0,1.0,48.0,0.6,0.1,0.6,2.0,2197.0,132.0,67.0,0.6750113791533909
20.0,1.0,49.0,0.6,0.1,0.6,2.0,2124.0,100.0,57.0,0.6807909604519774
20.0,1.0,50.0,0.6,0.1,0.6,2.0,2075.0,94.0,62.0,0.6828915662650602
20.0,1.0,51.0,0.6,0.1,0.6,2.0,2005.0,82.0,55.0,0.6847880299251871
20.0,1.0,52.0,0.6,0.1,0.6,2.0,1923.0,57.0,34.0,0.6911076443057722
20.0,2.0,1.0,0.6,0.1,0.6,2.0,1895.0,47.0,29.0,0.6934036939313984
20.0,2.0,2.0,0.6,0.1,0.6,2.0,1867.0,41.0,23.0,0.6979110873058383
20.0,2.0,3.0,0.6,0.1,0.6,2.0,1839.0,37.0,23.0,0.6992930940728657
20.0,2.0,4.0,0.6,0.1,0.6,2.0,1797.0,32.0,16.0,0.7033945464663328
20.0,2.0,5.0,0.6,0.1,0.6,2.0,1784.0,28.0,15.0,0.7051569506726457
20.0,2.0,6.0,0.6,0.1,0.6,2.0,1765.0,21.0,13.0,0.7087818696883853
20.0,2.0,7.0,0.6,0.1,0.6,2.0,1754.0,21.0,14.0,0.7092360319270239
20.0,2.0,8.0,0.6,0.1,0.6,2.0,1736.0,19.0,12.0,0.7125576036866359
20.0,2.0,9.0,0.6,0.1,0.6,2.0,1707.0,14.0,8.0,0.7193907439953134
20.0,2.0,10.0,0.6,0.1,0.6,2.0,1688.0,13.0,6.0,0.7233412322274881
20.0,2.0,11.0,0.6,0.1,0.6,2.0,1682.0,14.0,7.0,0.7223543400713437
20.0,2.0,12.0,0.6,0.1,0.6,2.0,1647.0,15.0,8.0,0.726775956284153
20.0,2.0,13.0,0.6,0.1,0.6,2.0,1645.0,17.0,6.0,0.7252279635258359
20.0,2.0,14.0,0.6,0.1,0.6,2.0,1627.0,14.0,5.0,0.7289489858635525
20.0,2.0,15.0,0.6,0.1,0.6,2.0,1623.0,13.0,5.0,0.7258163894023414
20.0,2.0,16.0,0.6,0.1,0.6,2.0,1580.0,7.0,5.0,0.7322784810126582
20.0,2.0,17.0,0.6,0.1,0.6,2.0,1546.0,6.0,5.0,0.7302716688227684
20.0,2.0,18.0,0.6,0.1,0.6,2.0,1534.0,7.0,5.0,0.7320730117340287
20.0,2.0,19.0,0.6,0.1,0.6,2.0,1513.0,4.0,2.0,0.7303370786516854
20.0,2.0,20.0,0.6,0.1,0.6,2.0,2749.0,2.0,0.0,0.3983266642415424
20.0,2.0,21.0,0.6,0.1,0.6,2.0,2655.0,2.0,1.0,0.40037664783427496
20.0,2.0,22.0,0.6,0.1,0.6,2.0,2578.0,3.0,1.0,0.4010861132660978
20.0,2.0,23.0,0.6,0.1,0.6,2.0,2514.0,4.0,1.0,0.4001591089896579
20.0,2.0,24.0,0.6,0.1,0.6,2.0,2444.0,6.0,1.0,0.4026186579378069
20.0,2.0,25.0,0.6,0.1,0.6,2.0,2389.0,9.0,1.0,0.4035161155295103
20.0,2.0,26.0,0.6,0.1,0.6,2.0,2337.0,8.0,3.0,0.40607616602481816
20.0,2.0,27.0,0.6,0.1,0.6,2.0,2279.0,12.0,5.0,0.4050021939447126
20.0,2.0,28.0,0.6,0.1,0.6,2.0,2177.0,9.0,4.0,0.41019751952227834
20.0,2.0,29.0,0.6,0.1,0.6,2.0,2086.0,10.0,4.0,0.4137104506232023
20.0,2.0,30.0,0.6,0.1,0.6,2.0,2023.0,14.0,6.0,0.4181908057340583
20.0,2.0,31.0,0.6,0.1,0.6,2.0,1980.0,18.0,7.0,0.41868686868686866
20.0,2.0,32.0,0.6,0.1,0.6,2.0,1935.0,22.0,9.0,0.41550387596899224
20.0,2.0,33.0,0.6,0.1,0.6,2.0,1904.0,22.0,7.0,0.4175420168067227
20.0,2.0,34.0,0.6,0.1,0.6,2.0,1838.0,25.0,8.0,0.41947769314472255
20.0,2.0,35.0,0.6,0.1,0.6,2.0,1809.0,21.0,11.0,0.4201216141514649
20.0,2.0,36.0,0.6,0.1,0.6,2.0,1758.0,22.0,11.0,0.4243458475540387
20.0,2.0,37.0,0.6,0.1,0.6,2.0,1740.0,26.0,13.0,0.42528735632183906
20.0,2.0,38.0,0.6,0.1,0.6,2.0,1700.0,27.0,9.0,0.4294117647058823
20.0,2.0,39.0,0.6,0.1,0.6,2.0,1687.0,26.0,14.0,0.42797866034380555
20.0,2.0,40.0,0.6,0.1,0.6,2.0,1656.0,24.0,12.0,0.428743961352657
20.0,2.0,41.0,0.6,0.1,0.6,2.0,1631.0,23.0,12.0,0.4273451870018394
20.0,2.0,42.0,0.6,0.1,0.6,2.0,1595.0,16.0,5.0,0.42946708463949845
20.0,2.0,43.0,0.6,0.1,0.6,2.0,1551.0,16.0,8.0,0.4326241134751773
20.0,2.0,44.0,0.6,0.1,0.6,2.0,1529.0,18.0,9.0,0.4329627207325049
20.0,2.0,45.0,0.6,0.1,0.6,2.0,1515.0,28.0,12.0,0.6574257425742575
20.0,2.0,46.0,0.6,0.1,0.6,2.0,1485.0,24.0,9.0,0.6585858585858586
20.0,2.0,47.0,0.6,0.1,0.6,2.0,1456.0,21.0,10.0,0.6614010989010989
20.0,2.0,48.0,0.6,0.1,0.6,2.0,1414.0,20.0,11.0,0.6654879773691655
20.0,2.0,49.0,0.6,0.1,0.6,2.0,1365.0,17.0,10.0,0.6652014652014652
20.0,2.0,50.0,0.6,0.1,0.6,2.0,1336.0,16.0,9.0,0.6691616766467066
20.0,2.0,51.0,0.6,0.1,0.6,2.0,1331.0,13.0,10.0,0.6664162283996995
20.0,2.0,52.0,0.6,0.1,0.6,2.0,1304.0,11.0,8.0,0.6687116564417178
20.0,3.0,1.0,0.6,0.1,0.6,2.0,1275.0,8.0,5.0,0.668235294117647
20.0,3.0,2.0,0.6,0.1,0.6,2.0,1244.0,4.0,2.0,0.6736334405144695
20.0,3.0,3.0,0.6,0.1,0.6,2.0,1207.0,3.0,3.0,0.6669428334714167
20.0,3.0,4.0,0.6,0.1,0.6,2.0,1195.0,4.0,2.0,0.6686192468619246
20.0,3.0,5.0,0.6,0.1,0.6,2.0,1177.0,3.0,2.0,0.6669498725573492
20.0,3.0,6.0,0.6,0.1,0.6,2.0,1156.0,2.0,1.0,0.6678200692041523
20.0,3.0,7.0,0.6,0.1,0.6,2.0,1134.0,2.0,2.0,0.6613756613756614
20.0,3.0,8.0,0.6,0.1,0.6,2.0,1124.0,1.0,1.0,0.6628113879003559
20.0,3.0,9.0,0.6,0.1,0.6,2.0,1125.0,1.0,1.0,0.6586666666666666
20.0,3.0,10.0,0.6,0.1,0.6,2.0,1105.0,0.0,0.0,0.6624434389140271
20.0,3.0,11.0,0.6,0.1,0.6,2.0,1103.0,0.0,0.0,0.6618313689936537
20.0,3.0,12.0,0.6,0.1,0.6,2.0,1085.0,0.0,0.0,0.6672811059907834
20.0,3.0,13.0,0.6,0.1,0.6,2.0,1084.0,0.0,0.0,0.6642066420664207
20.0,3.0,14.0,0.6,0.1,0.6,2.0,1074.0,0.0,0.0,0.6638733705772812
20.0,3.0,15.0,0.6,0.1,0.6,2.0,1070.0,0.0,0.0,0.6644859813084112
20.0,3.0,16.0,0.6,0.1,0.6,2.0,1057.0,0.0,0.0,0.6660359508041628
20.0,3.0,17.0,0.6,0.1,0.6,2.0,1057.0,0.0,0.0,0.6650898770104068
20.0,3.0,18.0,0.6,0.1,0.6,2.0,1028.0,0.0,0.0,0.6682879377431906
20.0,3.0,19.0,0.6,0.1,0.6,2.0,1025.0,0.0,0.0,0.6673170731707317
20.0,3.0,20.0,0.6,0.1,0.6,2.0,1849.0,0.0,0.0,0.3628988642509465
20.0,3.0,21.0,0.6,0.1,0.6,2.0,1835.0,0.0,0.0,0.3629427792915531
20.0,3.0,22.0,0.6,0.1,0.6,2.0,1776.0,0.0,0.0,0.36824324324324326
20.0,3.0,23.0,0.6,0.1,0.6,2.0,1758.0,0.0,0.0,0.36973833902161546
20.0,3.0,24.0,0.6,0.1,0.6,2.0,1701.0,0.0,0.0,0.37213403880070545
20.0,3.0,25.0,0.6,0.1,0.6,2.0,1701.0,0.0,0.0,0.3680188124632569
20.0,3.0,26.0,0.6,0.1,0.6,2.0,1635.0,0.0,0.0,0.37186544342507644
20.0,3.0,27.0,0.6,0.1,0.6,2.0,1603.0,0.0,0.0,0.3705552089831566
20.0,3.0,28.0,0.6,0.1,0.6,2.0,1549.0,0.0,0.0,0.3737895416397676
20.0,3.0,29.0,0.6,0.1,0.6,2.0,1524.0,0.0,0.0,0.37401574803149606
20.0,3.0,30.0,0.6,0.1,0.6,2.0,1511.0,0.0,0.0,0.3745863666446062
20.0,3.0,31.0,0.6,0.1,0.6,2.0,1496.0,0.0,0.0,0.37566844919786097
20.0,3.0,32.0,0.6,0.1,0.6,2.0,1473.0,0.0,0.0,0.3754243041412084
20.0,3.0,33.0,0.6,0.1,0.6,2.0,1451.0,0.0,0.0,0.3783597518952447
20.0,3.0,34.0,0.6,0.1,0.6,2.0,1432.0,0.0,0.0,0.3784916201117318
20.0,3.0,35.0,0.6,0.1,0.6,2.0,1416.0,0.0,0.0,0.3778248587570621
20.0,3.0,36.0,0.6,0.1,0.6,2.0,1399.0,0.0,0.0,0.3781272337383846
20.0,3.0,37.0,0.6,0.1,0.6,2.0,1382.0,0.0,0.0,0.37771345875542695
20.0,3.0,38.0,0.6,0.1,0.6,2.0,1344.0,0.0,0.0,0.38318452380952384
20.0,3.0,39.0,0.6,0.1,0.6,2.0,1326.0,0.0,0.0,0.38009049773755654
20.0,3.0,40.0,0.6,0.1,0.6,2.0,1305.0,0.0,0.0,0.3839080459770115
20.0,3.0,41.0,0.6,0.1,0.6,2.0,1279.0,0.0,0.0,0.37998436278342457
20.0,3.0,42.0,0.6,0.1,0.6,2.0,1282.0,0.0,0.0,0.3845553822152886
20.0,3.0,43.0,0.6,0.1,0.6,2.0,1263.0,0.0,0.0,0.38163103721298497
20.0,3.0,44.0,0.6,0.1,0.6,2.0,1247.0,0.0,0.0,0.3817161186848436
20.0,3.0,45.0,0.6,0.1,0.6,2.0,1225.0,0.0,0.0,0.6342857142857142
20.0,3.0,46.0,0.6,0.1,0.6,2.0,1203.0,0.0,0.0,0.6392352452202826
20.0,3.0,47.0,0.6,0.1,0.6,2.0,1195.0,0.0,0.0,0.6376569037656904
20.0,3.0,48.0,0.6,0.1,0.6,2.0,1190.0,0.0,0.0,0.6378151260504201
20.0,3.0,49.0,0.6,0.1,0.6,2.0,1171.0,0.0,0.0,0.6353543979504697
20.0,3.0,50.0,0.6,0.1,0.6,2.0,1141.0,0.0,0.0,0.6371603856266433
20.0,3.0,51.0,0.6,0.1,0.6,2.0,1127.0,0.0,0.0,0.6388642413487134
20.0,3.0,52.0,0.6,0.1,0.6,2.0,1097.0,0.0,0.0,0.6390154968094804
20.0,4.0,1.0,0.6,0.1,0.6,2.0,1073.0,0.0,0.0,0.6393289841565704
20.0,4.0,2.0,0.6,0.1,0.6,2.0,1072.0,0.0,0.0,0.6371268656716418
20.0,4.0,3.0,0.6,0.1,0.6,2.0,1061.0,0.0,0.0,0.6399622997172478
20.0,4.0,4.0,0.6,0.1,0.6,2.0,1059.0,0.0,0.0,0.6383380547686497
20.0,4.0,5.0,0.6,0.1,0.6,2.0,1054.0,0.0,0.0,0.6385199240986718
20.0,4.0,6.0,0.6,0.1,0.6,2.0,1054.0,0.0,0.0,0.6385199240986718
20.0,4.0,7.0,0.6,0.1,0.6,2.0,1045.0,0.0,0.0,0.6411483253588517
20.0,4.0,8.0,0.6,0.1,0.6,2.0,1042.0,0.0,0.0,0.6401151631477927
20.0,4.0,9.0,0.6,0.1,0.6,2.0,1017.0,0.0,0.0,0.6440511307767945
20.0,4.0,10.0,0.6,0.1,0.6,2.0,1009.0,0.0,0.0,0.645193260654113
20.0,4.0,11.0,0.6,0.1,0.6,2.0,982.0,0.0,0.0,0.6446028513238289
20.0,4.0,12.0,0.6,0.1,0.6,2.0,979.0,0.0,0.0,0.6435137895812053
20.0,4.0,13.0,0.6,0.1,0.6,2.0,956.0,0.0,0.0,0.6464435146443515
20.0,4.0,14.0,0.6,0.1,0.6,2.0,944.0,0.0,0.0,0.6440677966101694
20.0,4.0,15.0,0.6,0.1,0.6,2.0,940.0,0.0,0.0,0.6446808510638298
20.0,4.0,16.0,0.6,0.1,0.6,2.0,937.0,0.0,0.0,0.6446104589114194
20.0,4.0,17.0,0.6,0.1,0.6,2.0,931.0,0.0,0.0,0.644468313641246
20.0,4.0,18.0,0.6,0.1,0.6,2.0,929.0,0.0,0.0,0.6447793326157158
20.0,4.0,19.0,0.6,0.1,0.6,2.0,926.0,0.0,0.0,0.6447084233261339
20.0,4.0,20.0,0.6,0.1,0.6,2.0,1718.0,0.0,0.0,0.34749708963911524
20.0,4.0,21.0,0.6,0.1,0.6,2.0,1668.0,0.0,0.0,0.35251798561151076
20.0,4.0,22.0,0.6,0.1,0.6,2.0,1593.0,0.0,0.0,0.3559322033898305
20.0,4.0,23.0,0.6,0.1,0.6,2.0,1516.0,0.0,0.0,0.3641160949868074
20.0,4.0,24.0,0.6,0.1,0.6,2.0,1516.0,0.0,0.0,0.36213720316622694
20.0,4.0,25.0,0.6,0.1,0.6,2.0,1423.0,0.0,0.0,0.3689388615600843
20.0,4.0,26.0,0.6,0.1,0.6,2.0,1398.0,0.0,0.0,0.37052932761087265
20.0,4.0,27.0,0.6,0.1,0.6,2.0,1356.0,0.0,0.0,0.37610619469026546
20.0,4.0,28.0,0.6,0.1,0.6,2.0,1305.0,0.0,0.0,0.37777777777777777
20.0,4.0,29.0,0.6,0.1,0.6,2.0,1287.0,0.0,0.0,0.3752913752913753
20.0,4.0,30.0,0.6,0.1,0.6,2.0,1264.0,0.0,0.0,0.3805379746835443
20.0,4.0,31.0,0.6,0.1,0.6,2.0,1264.0,0.0,0.0,0.37579113924050633
20.0,4.0,32.0,0.6,0.1,0.6,2.0,1265.0,0.0,0.0,0.37549407114624506
20.0,4.0,33.0,0.6,0.1,0.6,2.0,1221.0,0.0,0.0,0.37919737919737917
20.0,4.0,34.0,0.6,0.1,0.6,2.0,1174.0,0.0,0.0,0.37649063032367974
20.0,4.0,35.0,0.6,0.1,0.6,2.0,1163.0,0.0,0.0,0.3757523645743766
20.0,4.0,36.0,0.6,0.1,0.6,2.0,1155.0,0.0,0.0,0.3774891774891775
20.0,4.0,37.0,0.6,0.1,0.6,2.0,1109.0,0.0,0.0,0.3769161406672678
20.0,4.0,38.0,0.6,0.1,0.6,2.0,1096.0,0.0,0.0,0.37864963503649635
20.0,4.0,39.0,0.6,0.1,0.6,2.0,1090.0,0.0,0.0,0.3779816513761468
20.0,4.0,40.0,0.6,0.1,0.6,2.0,1069.0,0.0,0.0,0.3816651075771749
20.0,4.0,41.0,0.6,0.1,0.6,2.0,1065.0,0.0,0.0,0.38028169014084506
20.0,4.0,42.0,0.6,0.1,0.6,2.0,1060.0,0.0,0.0,0.37924528301886795
20.0,4.0,43.0,0.6,0.1,0.6,2.0,1024.0,0.0,0.0,0.38671875
20.0,4.0,44.0,0.6,0.1,0.6,2.0,1021.0,0.0,0.0,0.3868756121449559
20.0,4.0,45.0,0.6,0.1,0.6,2.0,1008.0,0.0,0.0,0.6309523809523809
20.0,4.0,46.0,0.6,0.1,0.6,2.0,1009.0,0.0,0.0,0.6313181367690783
20.0,4.0,47.0,0.6,0.1,0.6,2.0,989.0,0.0,0.0,0.6289180990899899
20.0,4.0,48.0,0.6,0.1,0.6,2.0,977.0,0.0,0.0,0.6325486182190379
20.0,4.0,49.0,0.6,0.1,0.6,2.0,967.0,0.0,0.0,0.6318510858324715
20.0,4.0,50.0,0.6,0.1,0.6,2.0,953.0,0.0,0.0,0.6348373557187827
20.0,4.0,51.0,0.6,0.1,0.6,2.0,934.0,0.0,0.0,0.6316916488222698
20.0,4.0,52.0,0.6,0.1,0.6,2.0,926.0,0.0,0.0,0.6317494600431965
20.0,5.0,1.0,0.6,0.1,0.6,2.0,893.0,0.0,0.0,0.631578947368421
20.0,5.0,2.0,0.6,0.1,0.6,2.0,892.0,0.0,0.0,0.6322869955156951
20.0,5.0,3.0,0.6,0.1,0.6,2.0,891.0,0.0,0.0,0.6318742985409652
20.0,5.0,4.0,0.6,0.1,0.6,2.0,884.0,0.0,0.0,0.6300904977375565
20.0,5.0,5.0,0.6,0.1,0.6,2.0,859.0,0.0,0.0,0.6332945285215367
20.0,5.0,6.0,0.6,0.1,0.6,2.0,859.0,0.0,0.0,0.6332945285215367
20.0,5.0,7.0,0.6,0.1,0.6,2.0,854.0,0.0,0.0,0.6311475409836066
20.0,5.0,8.0,0.6,0.1,0.6,2.0,848.0,0.0,0.0,0.6308962264150944
20.0,5.0,9.0,0.6,0.1,0.6,2.0,844.0,0.0,0.0,0.6338862559241706
20.0,5.0,10.0,0.6,0.1,0.6,2.0,839.0,0.0,0.0,0.636471990464839
20.0,5.0,11.0,0.6,0.1,0.6,2.0,833.0,0.0,0.0,0.6386554621848739
20.0,5.0,12.0,0.6,0.1,0.6,2.0,830.0,0.0,0.0,0.6397590361445783
20.0,5.0,13.0,0.6,0.1,0.6,2.0,829.0,0.0,0.0,0.6405307599517491
20.0,5.0,14.0,0.6,0.1,0.6,2.0,827.0,0.0,0.0,0.6396614268440145
20.0,5.0,15.0,0.6,0.1,0.6,2.0,824.0,0.0,0.0,0.6419902912621359
20.0,5.0,16.0,0.6,0.1,0.6,2.0,825.0,0.0,0.0,0.6412121212121212
20.0,5.0,17.0,0.6,0.1,0.6,2.0,818.0,0.0,0.0,0.6418092909535452
20.0,5.0,18.0,0.6,0.1,0.6,2.0,816.0,0.0,0.0,0.6409313725490197
20.0,5.0,19.0,0.6,0.1,0.6,2.0,811.0,0.0,0.0,0.6424167694204685
20.0,5.0,20.0,0.6,0.1,0.6,2.0,1452.0,0.0,0.0,0.35330578512396693
20.0,5.0,21.0,0.6,0.1,0.6,2.0,1399.0,0.0,0.0,0.35811293781272335
20.0,5.0,22.0,0.6,0.1,0.6,2.0,1314.0,0.0,0.0,0.3622526636225266
20.0,5.0,23.0,0.6,0.1,0.6,2.0,1281.0,0.0,0.0,0.36143637782982047
20.0,5.0,24.0,0.6,0.1,0.6,2.0,1226.0,0.0,0.0,0.367047308319739
20.0,5.0,25.0,0.6,0.1,0.6,2.0,1208.0,0.0,0.0,0.37003311258278143
20.0,5.0,26.0,0.6,0.1,0.6,2.0,1142.0,0.0,0.0,0.37390542907180385
20.0,5.0,27.0,0.6,0.1,0.6,2.0,1118.0,0.0,0.0,0.37656529516994636
20.0,5.0,28.0,0.6,0.1,0.6,2.0,1101.0,0.0,0.0,0.3787465940054496
20.0,5.0,29.0,0.6,0.1,0.6,2.0,1075.0,0.0,0.0,0.38046511627906976
20.0,5.0,30.0,0.6,0.1,0.6,2.0,1034.0,0.0,0.0,0.3839458413926499
20.0,5.0,31.0,0.6,0.1,0.6,2.0,1010.0,0.0,0.0,0.3831683168316832
20.0,5.0,32.0,0.6,0.1,0.6,2.0,960.0,0.0,0.0,0.39166666666666666
20.0,5.0,33.0,0.6,0.1,0.6,2.0,937.0,0.0,0.0,0.39381003201707576
20.0,5.0,34.0,0.6,0.1,0.6,2.0,923.0,0.0,0.0,0.39544962080173346
20.0,5.0,35.0,0.6,0.1,0.6,2.0,915.0,0.0,0.0,0.3912568306010929
20.0,5.0,36.0,0.6,0.1,0.6,2.0,917.0,0.0,0.0,0.3925845147219193
20.0,5.0,37.0,0.6,0.1,0.6,2.0,901.0,0.0,0.0,0.39289678135405104
20.0,5.0,38.0,0.6,0.1,0.6,2.0,899.0,0.0,0.0,0.3971078976640712
20.0,5.0,39.0,0.6,0.1,0.6,2.0,886.0,0.0,0.0,0.39503386004514673
20.0,5.0,40.0,0.6,0.1,0.6,2.0,883.0,0.0,0.0,0.39637599093997733
20.0,5.0,41.0,0.6,0.1,0.6,2.0,881.0,0.0,0.0,0.3938706015891033
20.0,5.0,42.0,0.6,0.1,0.6,2.0,867.0,0.0,0.0,0.39677047289504036
20.0,5.0,43.0,0.6,0.1,0.6,2.0,846.0,0.0,0.0,0.3983451536643026
20.0,5.0,44.0,0.6,0.1,0.6,2.0,842.0,0.0,0.0,0.3978622327790974
20.0,5.0,45.0,0.6,0.1,0.6,2.0,840.0,0.0,0.0,0.6607142857142857
20.0,5.0,46.0,0.6,0.1,0.6,2.0,815.0,0.0,0.0,0.6625766871165644
20.0,5.0,47.0,0.6,0.1,0.6,2.0,773.0,0.0,0.0,0.6597671410090556
20.0,5.0,48.0,0.6,0.1,0.6,2.0,760.0,0.0,0.0,0.6539473684210526
20.0,5.0,49.0,0.6,0.1,0.6,2.0,751.0,0.0,0.0,0.6537949400798935
20.0,5.0,50.0,0.6,0.1,0.6,2.0,749.0,0.0,0.0,0.6515353805073432
20.0,5.0,51.0,0.6,0.1,0.6,2.0,746.0,0.0,0.0,0.6528150134048257
20.0,5.0,52.0,0.6,0.1,0.6,2.0,731.0,0.0,0.0,0.6593707250341997
20.0,6.0,1.0,0.6,0.1,0.6,2.0,728.0,0.0,0.0,0.6593406593406593
20.0,6.0,2.0,0.6,0.1,0.6,2.0,711.0,0.0,0.0,0.6582278481012658
20.0,6.0,3.0,0.6,0.1,0.6,2.0,705.0,0.0,0.0,0.6595744680851063
20.0,6.0,4.0,0.6,0.1,0.6,2.0,704.0,0.0,0.0,0.6605113636363636
20.0,6.0,5.0,0.6,0.1,0.6,2.0,704.0,0.0,0.0,0.6590909090909091
20.0,6.0,6.0,0.6,0.1,0.6,2.0,700.0,0.0,0.0,0.6614285714285715
20.0,6.0,7.0,0.6,0.1,0.6,2.0,700.0,0.0,0.0,0.66
20.0,6.0,8.0,0.6,0.1,0.6,2.0,693.0,0.0,0.0,0.6608946608946609
20.0,6.0,9.0,0.6,0.1,0.6,2.0,689.0,0.0,0.0,0.6618287373004355
20.0,6.0,10.0,0.6,0.1,0.6,2.0,690.0,0.0,0.0,0.6608695652173913
20.0,6.0,11.0,0.6,0.1,0.6,2.0,688.0,0.0,0.0,0.6598837209302325
20.0,6.0,12.0,0.6,0.1,0.6,2.0,682.0,0.0,0.0,0.6627565982404692
20.0,6.0,13.0,0.6,0.1,0.6,2.0,683.0,0.0,0.0,0.6617862371888726
20.0,6.0,14.0,0.6,0.1,0.6,2.0,677.0,0.0,0.0,0.6646971935007385
20.0,6.0,15.0,0.6,0.1,0.6,2.0,678.0,0.0,0.0,0.6637168141592921
20.0,6.0,16.0,0.6,0.1,0.6,2.0,676.0,0.0,0.0,0.665680473372781
20.0,6.0,17.0,0.6,0.1,0.6,2.0,677.0,0.0,0.0,0.6617429837518464
20.0,6.0,18.0,0.6,0.1,0.6,2.0,675.0,0.0,0.0,0.6651851851851852
20.0,6.0,19.0,0.6,0.1,0.6,2.0,678.0,0.0,0.0,0.6622418879056047
20.0,6.0,20.0,0.6,0.1,0.6,2.0,1209.0,0.0,0.0,0.37138130686517784
20.0,6.0,21.0,0.6,0.1,0.6,2.0,1182.0,0.0,0.0,0.3680203045685279
20.0,6.0,22.0,0.6,0.1,0.6,2.0,1174.0,0.0,0.0,0.37223168654173766
20.0,6.0,23.0,0.6,0.1,0.6,2.0,1160.0,0.0,0.0,0.36810344827586206
20.0,6.0,24.0,0.6,0.1,0.6,2.0,1128.0,0.0,0.0,0.37322695035460995
20.0,6.0,25.0,0.6,0.1,0.6,2.0,1125.0,0.0,0.0,0.37155555555555553
20.0,6.0,26.0,0.6,0.1,0.6,2.0,1122.0,0.0,0.0,0.37344028520499106
20.0,6.0,27.0,0.6,0.1,0.6,2.0,1083.0,0.0,0.0,0.3739612188365651
20.0,6.0,28.0,0.6,0.1,0.6,2.0,1039.0,0.0,0.0,0.3782483156881617
20.0,6.0,29.0,0.6,0.1,0.6,2.0,1029.0,0.0,0.0,0.37900874635568516
20.0,6.0,30.0,0.6,0.1,0.6,2.0,1011.0,0.0,0.0,0.3798219584569733
20.0,6.0,31.0,0.6,0.1,0.6,2.0,1005.0,0.0,0.0,0.382089552238806
20.0,6.0,32.0,0.6,0.1,0.6,2.0,1002.0,0.0,0.0,0.38223552894211577
20.0,6.0,33.0,0.6,0.1,0.6,2.0,981.0,0.0,0.0,0.3853211009174312
20.0,6.0,34.0,0.6,0.1,0.6,2.0,965.0,0.0,0.0,0.38341968911917096
20.0,6.0,35.0,0.6,0.1,0.6,2.0,968.0,0.0,0.0,0.3822314049586777
20.0,6.0,36.0,0.6,0.1,0.6,2.0,963.0,0.0,0.0,0.3811007268951194
20.0,6.0,37.0,0.6,0.1,0.6,2.0,956.0,0.0,0.0,0.3786610878661088
20.0,6.0,38.0,0.6,0.1,0.6,2.0,934.0,0.0,0.0,0.37901498929336186
20.0,6.0,39.0,0.6,0.1,0.6,2.0,926.0,0.0,0.0,0.37904967602591794
20.0,6.0,40.0,0.6,0.1,0.6,2.0,892.0,0.0,0.0,0.3811659192825112
20.0,6.0,41.0,0.6,0.1,0.6,2.0,878.0,0.0,0.0,0.3804100227790433
20.0,6.0,42.0,0.6,0.1,0.6,2.0,857.0,0.0,0.0,0.3838973162193699
20.0,6.0,43.0,0.6,0.1,0.6,2.0,854.0,0.0,0.0,0.3840749414519906
20.0,6.0,44.0,0.6,0.1,0.6,2.0,833.0,0.0,0.0,0.38415366146458585
20.0,6.0,45.0,0.6,0.1,0.6,2.0,837.0,0.0,0.0,0.6332138590203107
20.0,6.0,46.0,0.6,0.1,0.6,2.0,832.0,0.0,0.0,0.6334134615384616
20.0,6.0,47.0,0.6,0.1,0.6,2.0,833.0,0.0,0.0,0.6338535414165666
20.0,6.0,48.0,0.6,0.1,0.6,2.0,828.0,0.0,0.0,0.6340579710144928
20.0,6.0,49.0,0.6,0.1,0.6,2.0,833.0,0.0,0.0,0.6338535414165666
20.0,6.0,50.0,0.6,0.1,0.6,2.0,832.0,0.0,0.0,0.6334134615384616
20.0,6.0,51.0,0.6,0.1,0.6,2.0,823.0,0.0,0.0,0.6366950182260024
20.0,6.0,52.0,0.6,0.1,0.6,2.0,821.0,0.0,0.0,0.6370280146163215
20.0,7.0,1.0,0.6,0.1,0.6,2.0,818.0,0.0,0.0,0.6356968215158925
20.0,7.0,2.0,0.6,0.1,0.6,2.0,814.0,0.0,0.0,0.6363636363636364
20.0,7.0,3.0,0.6,0.1,0.6,2.0,812.0,0.0,0.0,0.6379310344827587
20.0,7.0,4.0,0.6,0.1,0.6,2.0,810.0,0.0,0.0,0.6382716049382716
20.0,7.0,5.0,0.6,0.1,0.6,2.0,809.0,0.0,0.0,0.6365883807169345
20.0,7.0,6.0,0.6,0.1,0.6,2.0,805.0,0.0,0.0,0.6385093167701863
20.0,7.0,7.0,0.6,0.1,0.6,2.0,802.0,0.0,0.0,0.6359102244389028
20.0,7.0,8.0,0.6,0.1,0.6,2.0,797.0,0.0,0.0,0.6411543287327478
20.0,7.0,9.0,0.6,0.1,0.6,2.0,784.0,0.0,0.0,0.6479591836734694
20.0,7.0,10.0,0.6,0.1,0.6,2.0,783.0,0.0,0.0,0.6500638569604087
20.0,7.0,11.0,0.6,0.1,0.6,2.0,779.0,0.0,0.0,0.6521181001283697
20.0,7.0,12.0,0.6,0.1,0.6,2.0,772.0,0.0,0.0,0.6541450777202072
20.0,7.0,13.0,0.6,0.1,0.6,2.0,769.0,0.0,0.0,0.6540962288686606
20.0,7.0,14.0,0.6,0.1,0.6,2.0,771.0,0.0,0.0,0.6562905317769131
20.0,7.0,15.0,0.6,0.1,0.6,2.0,756.0,0.0,0.0,0.6547619047619048
20.0,7.0,16.0,0.6,0.1,0.6,2.0,757.0,0.0,0.0,0.655217965653897
20.0,7.0,17.0,0.6,0.1,0.6,2.0,754.0,0.0,0.0,0.656498673740053
20.0,7.0,18.0,0.6,0.1,0.6,2.0,756.0,0.0,0.0,0.656084656084656
20.0,7.0,19.0,0.6,0.1,0.6,2.0,755.0,0.0,0.0,0.6556291390728477
20.0,7.0,20.0,0.6,0.1,0.6,2.0,1327.0,0.0,0.0,0.37226827430293896
20.0,7.0,21.0,0.6,0.1,0.6,2.0,1255.0,0.0,0.0,0.3737051792828685
20.0,7.0,22.0,0.6,0.1,0.6,2.0,1245.0,0.0,0.0,0.37269076305220883
20.0,7.0,23.0,0.6,0.1,0.6,2.0,1237.0,0.0,0.0,0.3742926434923201
20.0,7.0,24.0,0.6,0.1,0.6,2.0,1204.0,0.0,0.0,0.37624584717607973
20.0,7.0,25.0,0.6,0.1,0.6,2.0,1154.0,0.0,0.0,0.378682842287695
20.0,7.0,26.0,0.6,0.1,0.6,2.0,1164.0,0.0,0.0,0.3788659793814433
20.0,7.0,27.0,0.6,0.1,0.6,2.0,1104.0,0.0,0.0,0.38858695652173914
20.0,7.0,28.0,0.6,0.1,0.6,2.0,1104.0,0.0,0.0,0.3894927536231884
20.0,7.0,29.0,0.6,0.1,0.6,2.0,1079.0,0.0,0.0,0.3938832252085264
20.0,7.0,30.0,0.6,0.1,0.6,2.0,1057.0,0.0,0.0,0.3935666982024598
20.0,7.0,31.0,0.6,0.1,0.6,2.0,980.0,0.0,0.0,0.40816326530612246
20.0,7.0,32.0,0.6,0.1,0.6,2.0,937.0,0.0,0.0,0.41088580576307365
20.0,7.0,33.0,0.6,0.1,0.6,2.0,934.0,0.0,0.0,0.4079229122055675
20.0,7.0,34.0,0.6,0.1,0.6,2.0,920.0,0.0,0.0,0.41195652173913044
20.0,7.0,35.0,0.6,0.1,0.6,2.0,913.0,0.0,0.0,0.411829134720701
20.0,7.0,36.0,0.6,0.1,0.6,2.0,914.0,0.0,0.0,0.4113785557986871
20.0,7.0,37.0,0.6,0.1,0.6,2.0,914.0,0.0,0.0,0.4102844638949672
20.0,7.0,38.0,0.6,0.1,0.6,2.0,893.0,0.0,0.0,0.4154535274356103
20.0,7.0,39.0,0.6,0.1,0.6,2.0,870.0,0.0,0.0,0.4149425287356322
20.0,7.0,40.0,0.6,0.1,0.6,2.0,863.0,0.0,0.0,0.4148319814600232
20.0,7.0,41.0,0.6,0.1,0.6,2.0,869.0,0.0,0.0,0.4131185270425777
20.0,7.0,42.0,0.6,0.1,0.6,2.0,850.0,0.0,0.0,0.41058823529411764
20.0,7.0,43.0,0.6,0.1,0.6,2.0,850.0,0.0,0.0,0.41058823529411764
20.0,7.0,44.0,0.6,0.1,0.6,2.0,843.0,0.0,0.0,0.41043890865954924
20.0,7.0,45.0,0.6,0.1,0.6,2.0,827.0,0.0,0.0,0.6348246674727932
20.0,7.0,46.0,0.6,0.1,0.6,2.0,829.0,0.0,0.0,0.6332931242460796
20.0,7.0,47.0,0.6,0.1,0.6,2.0,827.0,0.0,0.0,0.6360338573155986
20.0,7.0,48.0,0.6,0.1,0.6,2.0,812.0,0.0,0.0,0.6354679802955665
20.0,7.0,49.0,0.6,0.1,0.6,2.0,778.0,0.0,0.0,0.6362467866323908
20.0,7.0,50.0,0.6,0.1,0.6,2.0,785.0,0.0,0.0,0.6343949044585987
20.0,7.0,51.0,0.6,0.1,0.6,2.0,782.0,0.0,0.0,0.6355498721227621
20.0,7.0,52.0,0.6,0.1,0.6,2.0,779.0,0.0,0.0,0.6354300385109114
20.0,8.0,1.0,0.6,0.1,0.6,2.0,755.0,0.0,0.0,0.6423841059602649
20.0,8.0,2.0,0.6,0.1,0.6,2.0,753.0,0.0,0.0,0.6427622841965471
20.0,8.0,3.0,0.6,0.1,0.6,2.0,752.0,0.0,0.0,0.6449468085106383
20.0,8.0,4.0,0.6,0.1,0.6,2.0,738.0,0.0,0.0,0.6436314363143631
20.0,8.0,5.0,0.6,0.1,0.6,2.0,735.0,0.0,0.0,0.6448979591836734
20.0,8.0,6.0,0.6,0.1,0.6,2.0,725.0,0.0,0.0,0.64
20.0,8.0,7.0,0.6,0.1,0.6,2.0,720.0,0.0,0.0,0.6430555555555556
20.0,8.0,8.0,0.6,0.1,0.6,2.0,716.0,0.0,0.0,0.6396648044692738
20.0,8.0,9.0,0.6,0.1,0.6,2.0,712.0,0.0,0.0,0.6418539325842697
20.0,8.0,10.0,0.6,0.1,0.6,2.0,709.0,0.0,0.0,0.6361071932299013
20.0,8.0,11.0,0.6,0.1,0.6,2.0,709.0,0.0,0.0,0.6389280677009873
20.0,8.0,12.0,0.6,0.1,0.6,2.0,706.0,0.0,0.0,0.6373937677053825
20.0,8.0,13.0,0.6,0.1,0.6,2.0,704.0,0.0,0.0,0.640625
20.0,8.0,14.0,0.6,0.1,0.6,2.0,703.0,0.0,0.0,0.6386913229018493
20.0,8.0,15.0,0.6,0.1,0.6,2.0,690.0,0.0,0.0,0.6434782608695652
20.0,8.0,16.0,0.6,0.1,0.6,2.0,691.0,0.0,0.0,0.6425470332850941
20.0,8.0,17.0,0.6,0.1,0.6,2.0,648.0,0.0,0.0,0.6527777777777778
20.0,8.0,18.0,0.6,0.1,0.6,2.0,651.0,0.0,0.0,0.6543778801843319
20.0,8.0,19.0,0.6,0.1,0.6,2.0,650.0,0.0,0.0,0.6553846153846153
20.0,8.0,20.0,0.6,0.1,0.6,2.0,1130.0,0.0,0.0,0.3769911504424779
20.0,8.0,21.0,0.6,0.1,0.6,2.0,1124.0,0.0,0.0,0.37722419928825623
20.0,8.0,22.0,0.6,0.1,0.6,2.0,1119.0,0.0,0.0,0.3771224307417337
20.0,8.0,23.0,0.6,0.1,0.6,2.0,1108.0,0.0,0.0,0.3799638989169675
20.0,8.0,24.0,0.6,0.1,0.6,2.0,1062.0,0.0,0.0,0.384180790960452
20.0,8.0,25.0,0.6,0.1,0.6,2.0,1048.0,0.0,0.0,0.38549618320610685
20.0,8.0,26.0,0.6,0.1,0.6,2.0,1020.0,0.0,0.0,0.38823529411764707
20.0,8.0,27.0,0.6,0.1,0.6,2.0,1008.0,0.0,0.0,0.38591269841269843
20.0,8.0,28.0,0.6,0.1,0.6,2.0,990.0,0.0,0.0,0.3898989898989899
20.0,8.0,29.0,0.6,0.1,0.6,2.0,991.0,0.0,0.0,0.3895055499495459
20.0,8.0,30.0,0.6,0.1,0.6,2.0,991.0,0.0,0.0,0.3895055499495459
20.0,8.0,31.0,0.6,0.1,0.6,2.0,954.0,0.0,0.0,0.3920335429769392
20.0,8.0,32.0,0.6,0.1,0.6,2.0,925.0,0.0,0.0,0.3956756756756757
20.0,8.0,33.0,0.6,0.1,0.6,2.0,926.0,0.0,0.0,0.3952483801295896
20.0,8.0,34.0,0.6,0.1,0.6,2.0,926.0,0.0,0.0,0.3952483801295896
20.0,8.0,35.0,0.6,0.1,0.6,2.0,926.0,0.0,0.0,0.3952483801295896
20.0,8.0,36.0,0.6,0.1,0.6,2.0,915.0,0.0,0.0,0.39672131147540984
20.0,8.0,37.0,0.6,0.1,0.6,2.0,915.0,0.0,0.0,0.39672131147540984
20.0,8.0,38.0,0.6,0.1,0.6,2.0,903.0,0.0,0.0,0.39867109634551495
20.0,8.0,39.0,0.6,0.1,0.6,2.0,890.0,0.0,0.0,0.40337078651685393
20.0,8.0,40.0,0.6,0.1,0.6,2.0,877.0,0.0,0.0,0.4070695553021665
20.0,8.0,41.0,0.6,0.1,0.6,2.0,877.0,0.0,0.0,0.4070695553021665
20.0,8.0,42.0,0.6,0.1,0.6,2.0,854.0,0.0,0.0,0.4098360655737705
20.0,8.0,43.0,0.6,0.1,0.6,2.0,841.0,0.0,0.0,0.40665873959571935
20.0,8.0,44.0,0.6,0.1,0.6,2.0,842.0,0.0,0.0,0.40617577197149646
20.0,8.0,45.0,0.6,0.1,0.6,2.0,842.0,0.0,0.0,0.649643705463183
20.0,8.0,46.0,0.6,0.1,0.6,2.0,827.0,0.0,0.0,0.6493349455864571
20.0,8.0,47.0,0.6,0.1,0.6,2.0,812.0,0.0,0.0,0.6502463054187192
20.0,8.0,48.0,0.6,0.1,0.6,2.0,813.0,0.0,0.0,0.6494464944649446
20.0,8.0,49.0,0.6,0.1,0.6,2.0,813.0,0.0,0.0,0.6506765067650676
20.0,8.0,50.0,0.6,0.1,0.6,2.0,815.0,0.0,0.0,0.6478527607361964
20.0,8.0,51.0,0.6,0.1,0.6,2.0,812.0,0.0,0.0,0.6514778325123153
20.0,8.0,52.0,0.6,0.1,0.6,2.0,802.0,0.0,0.0,0.6508728179551122
20.0,9.0,1.0,0.6,0.1,0.6,2.0,800.0,0.0,0.0,0.65375
20.0,9.0,2.0,0.6,0.1,0.6,2.0,802.0,0.0,0.0,0.6508728179551122
20.0,9.0,3.0,0.6,0.1,0.6,2.0,798.0,0.0,0.0,0.6553884711779449
20.0,9.0,4.0,0.6,0.1,0.6,2.0,790.0,0.0,0.0,0.6518987341772152
20.0,9.0,5.0,0.6,0.1,0.6,2.0,776.0,0.0,0.0,0.654639175257732
20.0,9.0,6.0,0.6,0.1,0.6,2.0,776.0,0.0,0.0,0.6520618556701031
20.0,9.0,7.0,0.6,0.1,0.6,2.0,776.0,0.0,0.0,0.654639175257732
20.0,9.0,8.0,0.6,0.1,0.6,2.0,769.0,0.0,0.0,0.6527958387516255
20.0,9.0,9.0,0.6,0.1,0.6,2.0,767.0,0.0,0.0,0.6558018252933507
20.0,9.0,10.0,0.6,0.1,0.6,2.0,764.0,0.0,0.0,0.6544502617801047
20.0,9.0,11.0,0.6,0.1,0.6,2.0,763.0,0.0,0.0,0.6553079947575361
20.0,9.0,12.0,0.6,0.1,0.6,2.0,764.0,0.0,0.0,0.6544502617801047
20.0,9.0,13.0,0.6,0.1,0.6,2.0,761.0,0.0,0.0,0.6557161629434954
20.0,9.0,14.0,0.6,0.1,0.6,2.0,740.0,0.0,0.0,0.6621621621621622
20.0,9.0,15.0,0.6,0.1,0.6,2.0,739.0,0.0,0.0,0.6630581867388363
20.0,9.0,16.0,0.6,0.1,0.6,2.0,737.0,0.0,0.0,0.6648575305291723
20.0,9.0,17.0,0.6,0.1,0.6,2.0,736.0,0.0,0.0,0.6644021739130435
20.0,9.0,18.0,0.6,0.1,0.6,2.0,737.0,0.0,0.0,0.6635006784260515
20.0,9.0,19.0,0.6,0.1,0.6,2.0,735.0,0.0,0.0,0.6639455782312925
20.0,9.0,20.0,0.6,0.1,0.6,2.0,1305.0,0.0,0.0,0.36398467432950193
20.0,9.0,21.0,0.6,0.1,0.6,2.0,1232.0,0.0,0.0,0.3685064935064935
20.0,9.0,22.0,0.6,0.1,0.6,2.0,1228.0,0.0,0.0,0.3688925081433225
20.0,9.0,23.0,0.6,0.1,0.6,2.0,1193.0,0.0,0.0,0.3704945515507125
20.0,9.0,24.0,0.6,0.1,0.6,2.0,1164.0,0.0,0.0,0.3754295532646048
20.0,9.0,25.0,0.6,0.1,0.6,2.0,1150.0,0.0,0.0,0.3730434782608696
20.0,9.0,26.0,0.6,0.1,0.6,2.0,1154.0,0.0,0.0,0.3734835355285962
20.0,9.0,27.0,0.6,0.1,0.6,2.0,1150.0,0.0,0.0,0.3730434782608696
20.0,9.0,28.0,0.6,0.1,0.6,2.0,1125.0,0.0,0.0,0.37866666666666665
20.0,9.0,29.0,0.6,0.1,0.6,2.0,1095.0,0.0,0.0,0.3780821917808219
20.0,9.0,30.0,0.6,0.1,0.6,2.0,1075.0,0.0,0.0,0.37953488372093025
20.0,9.0,31.0,0.6,0.1,0.6,2.0,1061.0,0.0,0.0,0.37888784165881245
20.0,9.0,32.0,0.6,0.1,0.6,2.0,1052.0,0.0,0.0,0.3821292775665399
20.0,9.0,33.0,0.6,0.1,0.6,2.0,1036.0,0.0,0.0,0.38513513513513514
20.0,9.0,34.0,0.6,0.1,0.6,2.0,1039.0,0.0,0.0,0.3859480269489894
20.0,9.0,35.0,0.6,0.1,0.6,2.0,1036.0,0.0,0.0,0.38513513513513514
20.0,9.0,36.0,0.6,0.1,0.6,2.0,1039.0,0.0,0.0,0.3859480269489894
20.0,9.0,37.0,0.6,0.1,0.6,2.0,1036.0,0.0,0.0,0.38513513513513514
20.0,9.0,38.0,0.6,0.1,0.6,2.0,1039.0,0.0,0.0,0.3859480269489894
20.0,9.0,39.0,0.6,0.1,0.6,2.0,1011.0,0.0,0.0,0.3897131552917903
20.0,9.0,40.0,0.6,0.1,0.6,2.0,976.0,0.0,0.0,0.39549180327868855
20.0,9.0,41.0,0.6,0.1,0.6,2.0,973.0,0.0,0.0,0.394655704008222
20.0,9.0,42.0,0.6,0.1,0.6,2.0,976.0,0.0,0.0,0.39549180327868855
20.0,9.0,43.0,0.6,0.1,0.6,2.0,959.0,0.0,0.0,0.3962460896767466
20.0,9.0,44.0,0.6,0.1,0.6,2.0,949.0,0.0,0.0,0.3993677555321391
20.0,9.0,45.0,0.6,0.1,0.6,2.0,947.0,0.0,0.0,0.6568109820485745
20.0,9.0,46.0,0.6,0.1,0.6,2.0,948.0,0.0,0.0,0.6571729957805907
20.0,9.0,47.0,0.6,0.1,0.6,2.0,947.0,0.0,0.0,0.6568109820485745
20.0,9.0,48.0,0.6,0.1,0.6,2.0,947.0,0.0,0.0,0.6568109820485745
20.0,9.0,49.0,0.6,0.1,0.6,2.0,946.0,0.0,0.0,0.6564482029598309
20.0,9.0,50.0,0.6,0.1,0.6,2.0,947.0,0.0,0.0,0.6568109820485745
20.0,9.0,51.0,0.6,0.1,0.6,2.0,936.0,0.0,0.0,0.6591880341880342
20.0,9.0,52.0,0.6,0.1,0.6,2.0,921.0,0.0,0.0,0.6601520086862106
20.0,10.0,1.0,0.6,0.1,0.6,2.0,913.0,0.0,0.0,0.6637458926615553
20.0,10.0,2.0,0.6,0.1,0.6,2.0,915.0,0.0,0.0,0.6622950819672131
20.0,10.0,3.0,0.6,0.1,0.6,2.0,914.0,0.0,0.0,0.6630196936542669
20.0,10.0,4.0,0.6,0.1,0.6,2.0,914.0,0.0,0.0,0.661925601750547
20.0,10.0,5.0,0.6,0.1,0.6,2.0,913.0,0.0,0.0,0.6637458926615553
20.0,10.0,6.0,0.6,0.1,0.6,2.0,914.0,0.0,0.0,0.661925601750547
20.0,10.0,7.0,0.6,0.1,0.6,2.0,914.0,0.0,0.0,0.6630196936542669
20.0,10.0,8.0,0.6,0.1,0.6,2.0,906.0,0.0,0.0,0.6644591611479028
20.0,10.0,9.0,0.6,0.1,0.6,2.0,907.0,0.0,0.0,0.6659316427783903
20.0,10.0,10.0,0.6,0.1,0.6,2.0,905.0,0.0,0.0,0.6651933701657459
20.0,10.0,11.0,0.6,0.1,0.6,2.0,884.0,0.0,0.0,0.669683257918552
20.0,10.0,12.0,0.6,0.1,0.6,2.0,869.0,0.0,0.0,0.6754890678941312
20.0,10.0,13.0,0.6,0.1,0.6,2.0,866.0,0.0,0.0,0.6778290993071594
20.0,10.0,14.0,0.6,0.1,0.6,2.0,866.0,0.0,0.0,0.6778290993071594
20.0,10.0,15.0,0.6,0.1,0.6,2.0,867.0,0.0,0.0,0.6770472895040369
20.0,10.0,16.0,0.6,0.1,0.6,2.0,865.0,0.0,0.0,0.6774566473988439
20.0,10.0,17.0,0.6,0.1,0.6,2.0,867.0,0.0,0.0,0.6770472895040369
20.0,10.0,18.0,0.6,0.1,0.6,2.0,864.0,0.0,0.0,0.6770833333333334
20.0,10.0,19.0,0.6,0.1,0.6,2.0,862.0,0.0,0.0,0.6809744779582366
20.0,10.0,20.0,0.6,0.1,0.6,2.0,1541.0,0.0,0.0,0.3646982478909799
20.0,10.0,21.0,0.6,0.1,0.6,2.0,1509.0,0.0,0.0,0.3704440026507621
20.0,10.0,22.0,0.6,0.1,0.6,2.0,1470.0,0.0,0.0,0.37142857142857144
20.0,10.0,23.0,0.6,0.1,0.6,2.0,1375.0,0.0,0.0,0.38181818181818183
20.0,10.0,24.0,0.6,0.1,0.6,2.0,1314.0,0.0,0.0,0.3866057838660578
20.0,10.0,25.0,0.6,0.1,0.6,2.0,1304.0,0.0,0.0,0.38726993865030673
20.0,10.0,26.0,0.6,0.1,0.6,2.0,1254.0,0.0,0.0,0.3915470494417863
20.0,10.0,27.0,0.6,0.1,0.6,2.0,1244.0,0.0,0.0,0.39067524115755625
20.0,10.0,28.0,0.6,0.1,0.6,2.0,1228.0,0.0,0.0,0.3941368078175896
20.0,10.0,29.0,0.6,0.1,0.6,2.0,1213.0,0.0,0.0,0.39406430338004944
20.0,10.0,30.0,0.6,0.1,0.6,2.0,1177.0,0.0,0.0,0.3976210705182668
20.0,10.0,31.0,0.6,0.1,0.6,2.0,1152.0,0.0,0.0,0.3975694444444444
20.0,10.0,32.0,0.6,0.1,0.6,2.0,1133.0,0.0,0.0,0.4007060900264784
20.0,10.0,33.0,0.6,0.1,0.6,2.0,1117.0,0.0,0.0,0.40107430617726053
20.0,10.0,34.0,0.6,0.1,0.6,2.0,1122.0,0.0,0.0,0.4019607843137255
20.0,10.0,35.0,0.6,0.1,0.6,2.0,1115.0,0.0,0.0,0.4008968609865471
20.0,10.0,36.0,0.6,0.1,0.6,2.0,1108.0,0.0,0.0,0.40342960288808666
20.0,10.0,37.0,0.6,0.1,0.6,2.0,1091.0,0.0,0.0,0.40421631530705776
20.0,10.0,38.0,0.6,0.1,0.6,2.0,1096.0,0.0,0.0,0.4051094890510949
20.0,10.0,39.0,0.6,0.1,0.6,2.0,1080.0,0.0,0.0,0.40555555555555556
20.0,10.0,40.0,0.6,0.1,0.6,2.0,1031.0,0.0,0.0,0.4122211445198836
20.0,10.0,41.0,0.6,0.1,0.6,2.0,1009.0,0.0,0.0,0.4122893954410307
20.0,10.0,42.0,0.6,0.1,0.6,2.0,995.0,0.0,0.0,0.41608040201005025
20.0,10.0,43.0,0.6,0.1,0.6,2.0,980.0,0.0,0.0,0.4163265306122449
20.0,10.0,44.0,0.6,0.1,0.6,2.0,974.0,0.0,0.0,0.41786447638603696
20.0,10.0,45.0,0.6,0.1,0.6,2.0,969.0,0.0,0.0,0.6615067079463365
20.0,10.0,46.0,0.6,0.1,0.6,2.0,973.0,0.0,0.0,0.6649537512846866
20.0,10.0,47.0,0.6,0.1,0.6,2.0,961.0,0.0,0.0,0.663891779396462
20.0,10.0,48.0,0.6,0.1,0.6,2.0,959.0,0.0,0.0,0.6652763295099061
20.0,10.0,49.0,0.6,0.1,0.6,2.0,961.0,0.0,0.0,0.663891779396462
20.0,10.0,50.0,0.6,0.1,0.6,2.0,960.0,0.0,0.0,0.665625
20.0,10.0,51.0,0.6,0.1,0.6,2.0,962.0,0.0,0.0,0.6642411642411642
20.0,10.0,52.0,0.6,0.1,0.6,2.0,963.0,0.0,0.0,0.6656282450674974
21.0,1.0,1.0,0.6,0.1,0.6,2.0,5122.0,57.0,5.0,0.5888324873096447
21.0,1.0,2.0,0.6,0.1,0.6,2.0,5114.0,55.0,20.0,0.5883848259679312
21.0,1.0,3.0,0.6,0.1,0.6,2.0,5034.0,65.0,33.0,0.5874056416368693
21.0,1.0,4.0,0.6,0.1,0.6,2.0,5013.0,74.0,42.0,0.5866746459206065
21.0,1.0,5.0,0.6,0.1,0.6,2.0,4991.0,71.0,29.0,0.5932678821879382
21.0,1.0,6.0,0.6,0.1,0.6,2.0,4864.0,70.0,31.0,0.59375
21.0,1.0,7.0,0.6,0.1,0.6,2.0,4741.0,70.0,31.0,0.5967095549462139
21.0,1.0,8.0,0.6,0.1,0.6,2.0,4570.0,73.0,37.0,0.5962800875273523
21.0,1.0,9.0,0.6,0.1,0.6,2.0,4403.0,69.0,34.0,0.6000454235748354
21.0,1.0,10.0,0.6,0.1,0.6,2.0,4301.0,67.0,37.0,0.6007905138339921
21.0,1.0,11.0,0.6,0.1,0.6,2.0,4194.0,79.0,37.0,0.5999046256556986
21.0,1.0,12.0,0.6,0.1,0.6,2.0,4081.0,82.0,36.0,0.6005880911541289
21.0,1.0,13.0,0.6,0.1,0.6,2.0,3987.0,85.0,34.0,0.6019563581640331
21.0,1.0,14.0,0.6,0.1,0.6,2.0,3869.0,70.0,38.0,0.6050659085034893
21.0,1.0,15.0,0.6,0.1,0.6,2.0,3775.0,63.0,38.0,0.6087417218543046
21.0,1.0,16.0,0.6,0.1,0.6,2.0,3710.0,65.0,30.0,0.6086253369272238
21.0,1.0,17.0,0.6,0.1,0.6,2.0,3587.0,49.0,25.0,0.6127683300808475
21.0,1.0,18.0,0.6,0.1,0.6,2.0,3529.0,45.0,23.0,0.6143383394729385
21.0,1.0,19.0,0.6,0.1,0.6,2.0,3484.0,50.0,22.0,0.616532721010333
21.0,1.0,20.0,0.6,0.1,0.6,2.0,6384.0,45.0,21.0,0.32957393483709274
21.0,1.0,21.0,0.6,0.1,0.6,2.0,5805.0,55.0,18.0,0.3326442721791559
21.0,1.0,22.0,0.6,0.1,0.6,2.0,5433.0,72.0,24.0,0.3379348426283821
21.0,1.0,23.0,0.6,0.1,0.6,2.0,5317.0,90.0,30.0,0.33797254090652623
21.0,1.0,24.0,0.6,0.1,0.6,2.0,5063.0,119.0,42.0,0.34287971558364605
21.0,1.0,25.0,0.6,0.1,0.6,2.0,4891.0,141.0,59.0,0.3434880392557759
21.0,1.0,26.0,0.6,0.1,0.6,2.0,4765.0,157.0,61.0,0.3477439664218258
21.0,1.0,27.0,0.6,0.1,0.6,2.0,4555.0,172.0,78.0,0.35192096597145994
21.0,1.0,28.0,0.6,0.1,0.6,2.0,4341.0,183.0,81.0,0.3565998617829993
21.0,1.0,29.0,0.6,0.1,0.6,2.0,4198.0,189.0,87.0,0.35898046688899476
21.0,1.0,30.0,0.6,0.1,0.6,2.0,4012.0,181.0,83.0,0.3686440677966102
21.0,1.0,31.0,0.6,0.1,0.6,2.0,3870.0,181.0,83.0,0.3710594315245478
21.0,1.0,32.0,0.6,0.1,0.6,2.0,3698.0,185.0,86.0,0.3761492698756084
21.0,1.0,33.0,0.6,0.1,0.6,2.0,3524.0,167.0,79.0,0.3811010215664018
21.0,1.0,34.0,0.6,0.1,0.6,2.0,3354.0,164.0,73.0,0.39177101967799643
21.0,1.0,35.0,0.6,0.1,0.6,2.0,3219.0,145.0,74.0,0.3951537744641193
21.0,1.0,36.0,0.6,0.1,0.6,2.0,3127.0,144.0,69.0,0.3997441637352095
21.0,1.0,37.0,0.6,0.1,0.6,2.0,3040.0,142.0,71.0,0.4016447368421053
21.0,1.0,38.0,0.6,0.1,0.6,2.0,2970.0,131.0,65.0,0.40606060606060607
21.0,1.0,39.0,0.6,0.1,0.6,2.0,2892.0,126.0,66.0,0.406984785615491
21.0,1.0,40.0,0.6,0.1,0.6,2.0,2814.0,125.0,57.0,0.4129353233830846
21.0,1.0,41.0,0.6,0.1,0.6,2.0,2682.0,124.0,47.0,0.4190902311707681
21.0,1.0,42.0,0.6,0.1,0.6,2.0,2616.0,123.0,54.0,0.42507645259938837
21.0,1.0,43.0,0.6,0.1,0.6,2.0,2562.0,120.0,53.0,0.4309133489461358
21.0,1.0,44.0,0.6,0.1,0.6,2.0,2497.0,123.0,63.0,0.4329195034040849
21.0,1.0,45.0,0.6,0.1,0.6,2.0,2420.0,128.0,56.0,0.6768595041322314
21.0,1.0,46.0,0.6,0.1,0.6,2.0,2361.0,108.0,59.0,0.6781024989411266
21.0,1.0,47.0,0.6,0.1,0.6,2.0,2305.0,91.0,53.0,0.6789587852494577
21.0,1.0,48.0,0.6,0.1,0.6,2.0,2199.0,82.0,53.0,0.6880400181900864
21.0,1.0,49.0,0.6,0.1,0.6,2.0,2076.0,68.0,39.0,0.697495183044316
21.0,1.0,50.0,0.6,0.1,0.6,2.0,2051.0,59.0,32.0,0.6991711360312043
21.0,1.0,51.0,0.6,0.1,0.6,2.0,2018.0,51.0,27.0,0.6997026759167493
21.0,1.0,52.0,0.6,0.1,0.6,2.0,1983.0,43.0,23.0,0.7034795763993948
21.0,2.0,1.0,0.6,0.1,0.6,2.0,1967.0,41.0,22.0,0.7061514997458058
21.0,2.0,2.0,0.6,0.1,0.6,2.0,1923.0,32.0,21.0,0.7082683307332294
21.0,2.0,3.0,0.6,0.1,0.6,2.0,1848.0,24.0,15.0,0.7121212121212122
21.0,2.0,4.0,0.6,0.1,0.6,2.0,1829.0,22.0,16.0,0.7145981410606889
21.0,2.0,5.0,0.6,0.1,0.6,2.0,1783.0,18.0,10.0,0.7173303421200224
21.0,2.0,6.0,0.6,0.1,0.6,2.0,1773.0,19.0,10.0,0.7179921037789058
21.0,2.0,7.0,0.6,0.1,0.6,2.0,1745.0,16.0,6.0,0.7197707736389685
21.0,2.0,8.0,0.6,0.1,0.6,2.0,1722.0,15.0,6.0,0.7212543554006968
21.0,2.0,9.0,0.6,0.1,0.6,2.0,1684.0,14.0,7.0,0.7220902612826603
21.0,2.0,10.0,0.6,0.1,0.6,2.0,1672.0,12.0,6.0,0.722488038277512
21.0,2.0,11.0,0.6,0.1,0.6,2.0,1660.0,12.0,7.0,0.7253012048192771
21.0,2.0,12.0,0.6,0.1,0.6,2.0,1641.0,10.0,5.0,0.7245581962218159
21.0,2.0,13.0,0.6,0.1,0.6,2.0,1622.0,8.0,5.0,0.7237977805178791
21.0,2.0,14.0,0.6,0.1,0.6,2.0,1616.0,6.0,5.0,0.7233910891089109
21.0,2.0,15.0,0.6,0.1,0.6,2.0,1597.0,8.0,4.0,0.7269881026925485
21.0,2.0,16.0,0.6,0.1,0.6,2.0,1559.0,8.0,5.0,0.7273893521488134
21.0,2.0,17.0,0.6,0.1,0.6,2.0,1548.0,5.0,3.0,0.7286821705426356
21.0,2.0,18.0,0.6,0.1,0.6,2.0,1520.0,6.0,4.0,0.7296052631578948
21.0,2.0,19.0,0.6,0.1,0.6,2.0,1503.0,5.0,3.0,0.7325349301397206
21.0,2.0,20.0,0.6,0.1,0.6,2.0,2691.0,4.0,3.0,0.40245261984392416
21.0,2.0,21.0,0.6,0.1,0.6,2.0,2542.0,3.0,2.0,0.4114870180959874
21.0,2.0,22.0,0.6,0.1,0.6,2.0,2467.0,3.0,1.0,0.4094041345764086
21.0,2.0,23.0,0.6,0.1,0.6,2.0,2422.0,2.0,0.0,0.4116432700247729
21.0,2.0,24.0,0.6,0.1,0.6,2.0,2334.0,2.0,1.0,0.4104541559554413
21.0,2.0,25.0,0.6,0.1,0.6,2.0,2215.0,4.0,2.0,0.4126410835214447
21.0,2.0,26.0,0.6,0.1,0.6,2.0,2168.0,8.0,2.0,0.4109778597785978
21.0,2.0,27.0,0.6,0.1,0.6,2.0,2100.0,9.0,2.0,0.41619047619047617
21.0,2.0,28.0,0.6,0.1,0.6,2.0,2034.0,13.0,4.0,0.40904621435594885
21.0,2.0,29.0,0.6,0.1,0.6,2.0,1979.0,11.0,4.0,0.41232945932289033
21.0,2.0,30.0,0.6,0.1,0.6,2.0,1952.0,11.0,6.0,0.4093237704918033
21.0,2.0,31.0,0.6,0.1,0.6,2.0,1890.0,13.0,3.0,0.4142857142857143
21.0,2.0,32.0,0.6,0.1,0.6,2.0,1837.0,11.0,2.0,0.4109961894393032
21.0,2.0,33.0,0.6,0.1,0.6,2.0,1758.0,7.0,3.0,0.41467576791808874
21.0,2.0,34.0,0.6,0.1,0.6,2.0,1742.0,8.0,5.0,0.4121699196326062
21.0,2.0,35.0,0.6,0.1,0.6,2.0,1698.0,8.0,5.0,0.4163722025912839
21.0,2.0,36.0,0.6,0.1,0.6,2.0,1671.0,5.0,2.0,0.4153201675643327
21.0,2.0,37.0,0.6,0.1,0.6,2.0,1626.0,3.0,2.0,0.4188191881918819
21.0,2.0,38.0,0.6,0.1,0.6,2.0,1617.0,3.0,2.0,0.4174397031539889
21.0,2.0,39.0,0.6,0.1,0.6,2.0,1581.0,3.0,2.0,0.4206198608475648
21.0,2.0,40.0,0.6,0.1,0.6,2.0,1532.0,2.0,1.0,0.42036553524804177
21.0,2.0,41.0,0.6,0.1,0.6,2.0,1470.0,2.0,1.0,0.42244897959183675
21.0,2.0,42.0,0.6,0.1,0.6,2.0,1458.0,4.0,1.0,0.4224965706447188
21.0,2.0,43.0,0.6,0.1,0.6,2.0,1370.0,3.0,2.0,0.42627737226277373
21.0,2.0,44.0,0.6,0.1,0.6,2.0,1369.0,3.0,2.0,0.42731921110299487
21.0,2.0,45.0,0.6,0.1,0.6,2.0,1342.0,3.0,2.0,0.6520119225037257
21.0,2.0,46.0,0.6,0.1,0.6,2.0,1337.0,2.0,0.0,0.6522064323111444
21.0,2.0,47.0,0.6,0.1,0.6,2.0,1307.0,2.0,1.0,0.6511094108645754
21.0,2.0,48.0,0.6,0.1,0.6,2.0,1286.0,3.0,2.0,0.6500777604976672
21.0,2.0,49.0,0.6,0.1,0.6,2.0,1229.0,3.0,2.0,0.6476810414971521
21.0,2.0,50.0,0.6,0.1,0.6,2.0,1222.0,2.0,2.0,0.6448445171849427
21.0,2.0,51.0,0.6,0.1,0.6,2.0,1203.0,1.0,1.0,0.6458852867830424
21.0,2.0,52.0,0.6,0.1,0.6,2.0,1175.0,1.0,1.0,0.6451063829787234
21.0,3.0,1.0,0.6,0.1,0.6,2.0,1153.0,0.0,0.0,0.6461405030355594
21.0,3.0,2.0,0.6,0.1,0.6,2.0,1146.0,0.0,0.0,0.6474694589877836
21.0,3.0,3.0,0.6,0.1,0.6,2.0,1136.0,0.0,0.0,0.647887323943662
21.0,3.0,4.0,0.6,0.1,0.6,2.0,1110.0,0.0,0.0,0.6468468468468469
21.0,3.0,5.0,0.6,0.1,0.6,2.0,1086.0,0.0,0.0,0.6482504604051565
21.0,3.0,6.0,0.6,0.1,0.6,2.0,1072.0,0.0,0.0,0.6473880597014925
21.0,3.0,7.0,0.6,0.1,0.6,2.0,1018.0,0.0,0.0,0.6473477406679764
21.0,3.0,8.0,0.6,0.1,0.6,2.0,996.0,0.0,0.0,0.6516064257028112
21.0,3.0,9.0,0.6,0.1,0.6,2.0,987.0,0.0,0.0,0.6524822695035462
21.0,3.0,10.0,0.6,0.1,0.6,2.0,975.0,0.0,0.0,0.6512820512820513
21.0,3.0,11.0,0.6,0.1,0.6,2.0,965.0,0.0,0.0,0.6538860103626943
21.0,3.0,12.0,0.6,0.1,0.6,2.0,942.0,0.0,0.0,0.6528662420382165
21.0,3.0,13.0,0.6,0.1,0.6,2.0,933.0,0.0,0.0,0.6538049303322615
21.0,3.0,14.0,0.6,0.1,0.6,2.0,919.0,0.0,0.0,0.6528835690968444
21.0,3.0,15.0,0.6,0.1,0.6,2.0,909.0,0.0,0.0,0.6534653465346535
21.0,3.0,16.0,0.6,0.1,0.6,2.0,912.0,0.0,0.0,0.6535087719298246
21.0,3.0,17.0,0.6,0.1,0.6,2.0,902.0,0.0,0.0,0.6529933481152993
21.0,3.0,18.0,0.6,0.1,0.6,2.0,892.0,0.0,0.0,0.6535874439461884
21.0,3.0,19.0,0.6,0.1,0.6,2.0,880.0,0.0,0.0,0.6534090909090909
21.0,3.0,20.0,0.6,0.1,0.6,2.0,1585.0,0.0,0.0,0.3634069400630915
21.0,3.0,21.0,0.6,0.1,0.6,2.0,1546.0,0.0,0.0,0.3667529107373868
21.0,3.0,22.0,0.6,0.1,0.6,2.0,1546.0,0.0,0.0,0.3628719275549806
21.0,3.0,23.0,0.6,0.1,0.6,2.0,1488.0,0.0,0.0,0.3689516129032258
21.0,3.0,24.0,0.6,0.1,0.6,2.0,1461.0,0.0,0.0,0.3668720054757016
21.0,3.0,25.0,0.6,0.1,0.6,2.0,1417.0,0.0,0.0,0.36485532815808047
21.0,3.0,26.0,0.6,0.1,0.6,2.0,1418.0,0.0,0.0,0.3624823695345557
21.0,3.0,27.0,0.6,0.1,0.6,2.0,1357.0,0.0,0.0,0.36698599852616065
21.0,3.0,28.0,0.6,0.1,0.6,2.0,1343.0,0.0,0.0,0.3648548026805659
21.0,3.0,29.0,0.6,0.1,0.6,2.0,1305.0,0.0,0.0,0.3685823754789272
21.0,3.0,30.0,0.6,0.1,0.6,2.0,1294.0,0.0,0.0,0.36321483771251933
21.0,3.0,31.0,0.6,0.1,0.6,2.0,1242.0,0.0,0.0,0.3663446054750403
21.0,3.0,32.0,0.6,0.1,0.6,2.0,1219.0,0.0,0.0,0.3642329778506973
21.0,3.0,33.0,0.6,0.1,0.6,2.0,1216.0,0.0,0.0,0.3651315789473684
21.0,3.0,34.0,0.6,0.1,0.6,2.0,1200.0,0.0,0.0,0.36333333333333334
21.0,3.0,35.0,0.6,0.1,0.6,2.0,1172.0,0.0,0.0,0.3651877133105802
21.0,3.0,36.0,0.6,0.1,0.6,2.0,1148.0,0.0,0.0,0.3667247386759582
21.0,3.0,37.0,0.6,0.1,0.6,2.0,1104.0,0.0,0.0,0.3677536231884058
21.0,3.0,38.0,0.6,0.1,0.6,2.0,1116.0,0.0,0.0,0.3673835125448029
21.0,3.0,39.0,0.6,0.1,0.6,2.0,1081.0,0.0,0.0,0.3709528214616096
21.0,3.0,40.0,0.6,0.1,0.6,2.0,1060.0,0.0,0.0,0.37264150943396224
21.0,3.0,41.0,0.6,0.1,0.6,2.0,1048.0,0.0,0.0,0.37213740458015265
21.0,3.0,42.0,0.6,0.1,0.6,2.0,1040.0,0.0,0.0,0.37403846153846154
21.0,3.0,43.0,0.6,0.1,0.6,2.0,1021.0,0.0,0.0,0.3770812928501469
21.0,3.0,44.0,0.6,0.1,0.6,2.0,1014.0,0.0,0.0,0.3757396449704142
21.0,3.0,45.0,0.6,0.1,0.6,2.0,985.0,0.0,0.0,0.6142131979695431
21.0,3.0,46.0,0.6,0.1,0.6,2.0,978.0,0.0,0.0,0.614519427402863
21.0,3.0,47.0,0.6,0.1,0.6,2.0,946.0,0.0,0.0,0.620507399577167
21.0,3.0,48.0,0.6,0.1,0.6,2.0,935.0,0.0,0.0,0.6213903743315508
21.0,3.0,49.0,0.6,0.1,0.6,2.0,930.0,0.0,0.0,0.621505376344086
21.0,3.0,50.0,0.6,0.1,0.6,2.0,917.0,0.0,0.0,0.6215921483097055
21.0,3.0,51.0,0.6,0.1,0.6,2.0,909.0,0.0,0.0,0.6160616061606161
21.0,3.0,52.0,0.6,0.1,0.6,2.0,868.0,0.0,0.0,0.6232718894009217
21.0,4.0,1.0,0.6,0.1,0.6,2.0,878.0,0.0,0.0,0.6161731207289294
21.0,4.0,2.0,0.6,0.1,0.6,2.0,855.0,0.0,0.0,0.6210526315789474
21.0,4.0,3.0,0.6,0.1,0.6,2.0,865.0,0.0,0.0,0.6161849710982659
21.0,4.0,4.0,0.6,0.1,0.6,2.0,847.0,0.0,0.0,0.6174734356552538
21.0,4.0,5.0,0.6,0.1,0.6,2.0,841.0,0.0,0.0,0.6159334126040428
21.0,4.0,6.0,0.6,0.1,0.6,2.0,809.0,0.0,0.0,0.61557478368356
21.0,4.0,7.0,0.6,0.1,0.6,2.0,818.0,0.0,0.0,0.6100244498777506
21.0,4.0,8.0,0.6,0.1,0.6,2.0,794.0,0.0,0.0,0.6158690176322418
21.0,4.0,9.0,0.6,0.1,0.6,2.0,777.0,0.0,0.0,0.6126126126126126
21.0,4.0,10.0,0.6,0.1,0.6,2.0,759.0,0.0,0.0,0.6205533596837944
21.0,4.0,11.0,0.6,0.1,0.6,2.0,752.0,0.0,0.0,0.6183510638297872
21.0,4.0,12.0,0.6,0.1,0.6,2.0,748.0,0.0,0.0,0.6176470588235294
21.0,4.0,13.0,0.6,0.1,0.6,2.0,745.0,0.0,0.0,0.6174496644295302
21.0,4.0,14.0,0.6,0.1,0.6,2.0,742.0,0.0,0.0,0.6185983827493261
21.0,4.0,15.0,0.6,0.1,0.6,2.0,742.0,0.0,0.0,0.6172506738544474
21.0,4.0,16.0,0.6,0.1,0.6,2.0,736.0,0.0,0.0,0.6209239130434783
21.0,4.0,17.0,0.6,0.1,0.6,2.0,725.0,0.0,0.0,0.623448275862069
21.0,4.0,18.0,0.6,0.1,0.6,2.0,732.0,0.0,0.0,0.6202185792349727
21.0,4.0,19.0,0.6,0.1,0.6,2.0,713.0,0.0,0.0,0.6185133239831697
21.0,4.0,20.0,0.6,0.1,0.6,2.0,1286.0,0.0,0.0,0.3390357698289269
21.0,4.0,21.0,0.6,0.1,0.6,2.0,1232.0,0.0,0.0,0.3417207792207792
21.0,4.0,22.0,0.6,0.1,0.6,2.0,1228.0,0.0,0.0,0.34283387622149836
21.0,4.0,23.0,0.6,0.1,0.6,2.0,1177.0,0.0,0.0,0.3449447748513169
21.0,4.0,24.0,0.6,0.1,0.6,2.0,1163.0,0.0,0.0,0.3456577815993121
21.0,4.0,25.0,0.6,0.1,0.6,2.0,1154.0,0.0,0.0,0.3466204506065858
21.0,4.0,26.0,0.6,0.1,0.6,2.0,1140.0,0.0,0.0,0.3482456140350877
21.0,4.0,27.0,0.6,0.1,0.6,2.0,1124.0,0.0,0.0,0.3487544483985765
21.0,4.0,28.0,0.6,0.1,0.6,2.0,1130.0,0.0,0.0,0.34601769911504426
21.0,4.0,29.0,0.6,0.1,0.6,2.0,1102.0,0.0,0.0,0.3466424682395644
21.0,4.0,30.0,0.6,0.1,0.6,2.0,1077.0,0.0,0.0,0.3435468895078923
21.0,4.0,31.0,0.6,0.1,0.6,2.0,1062.0,0.0,0.0,0.3427495291902072
21.0,4.0,32.0,0.6,0.1,0.6,2.0,1060.0,0.0,0.0,0.3424528301886792
21.0,4.0,33.0,0.6,0.1,0.6,2.0,1028.0,0.0,0.0,0.3453307392996109
21.0,4.0,34.0,0.6,0.1,0.6,2.0,1009.0,0.0,0.0,0.3508424182358771
21.0,4.0,35.0,0.6,0.1,0.6,2.0,998.0,0.0,0.0,0.3496993987975952
21.0,4.0,36.0,0.6,0.1,0.6,2.0,987.0,0.0,0.0,0.3515704154002026
21.0,4.0,37.0,0.6,0.1,0.6,2.0,979.0,0.0,0.0,0.3503575076608784
21.0,4.0,38.0,0.6,0.1,0.6,2.0,967.0,0.0,0.0,0.34953464322647365
21.0,4.0,39.0,0.6,0.1,0.6,2.0,956.0,0.0,0.0,0.348326359832636
21.0,4.0,40.0,0.6,0.1,0.6,2.0,951.0,0.0,0.0,0.3491062039957939
21.0,4.0,41.0,0.6,0.1,0.6,2.0,916.0,0.0,0.0,0.3482532751091703
21.0,4.0,42.0,0.6,0.1,0.6,2.0,904.0,0.0,0.0,0.3506637168141593
21.0,4.0,43.0,0.6,0.1,0.6,2.0,898.0,0.0,0.0,0.34521158129175944
21.0,4.0,44.0,0.6,0.1,0.6,2.0,877.0,0.0,0.0,0.35119726339794755
21.0,4.0,45.0,0.6,0.1,0.6,2.0,863.0,0.0,0.0,0.6187717265353418
21.0,4.0,46.0,0.6,0.1,0.6,2.0,865.0,0.0,0.0,0.6173410404624278
21.0,4.0,47.0,0.6,0.1,0.6,2.0,834.0,0.0,0.0,0.6223021582733813
21.0,4.0,48.0,0.6,0.1,0.6,2.0,821.0,0.0,0.0,0.6224116930572473
21.0,4.0,49.0,0.6,0.1,0.6,2.0,819.0,0.0,0.0,0.6202686202686203
21.0,4.0,50.0,0.6,0.1,0.6,2.0,820.0,0.0,0.0,0.6207317073170732
21.0,4.0,51.0,0.6,0.1,0.6,2.0,814.0,0.0,0.0,0.6191646191646192
21.0,4.0,52.0,0.6,0.1,0.6,2.0,817.0,0.0,0.0,0.6193390452876377
21.0,5.0,1.0,0.6,0.1,0.6,2.0,787.0,0.0,0.0,0.6200762388818297
21.0,5.0,2.0,0.6,0.1,0.6,2.0,787.0,0.0,0.0,0.6226175349428208
21.0,5.0,3.0,0.6,0.1,0.6,2.0,777.0,0.0,0.0,0.6203346203346203
21.0,5.0,4.0,0.6,0.1,0.6,2.0,778.0,0.0,0.0,0.6195372750642674
21.0,5.0,5.0,0.6,0.1,0.6,2.0,769.0,0.0,0.0,0.6215864759427828
21.0,5.0,6.0,0.6,0.1,0.6,2.0,771.0,0.0,0.0,0.6199740596627756
21.0,5.0,7.0,0.6,0.1,0.6,2.0,759.0,0.0,0.0,0.6205533596837944
21.0,5.0,8.0,0.6,0.1,0.6,2.0,736.0,0.0,0.0,0.6154891304347826
21.0,5.0,9.0,0.6,0.1,0.6,2.0,726.0,0.0,0.0,0.6157024793388429
21.0,5.0,10.0,0.6,0.1,0.6,2.0,726.0,0.0,0.0,0.6225895316804407
21.0,5.0,11.0,0.6,0.1,0.6,2.0,712.0,0.0,0.0,0.6221910112359551
21.0,5.0,12.0,0.6,0.1,0.6,2.0,714.0,0.0,0.0,0.623249299719888
21.0,5.0,13.0,0.6,0.1,0.6,2.0,702.0,0.0,0.0,0.6239316239316239
21.0,5.0,14.0,0.6,0.1,0.6,2.0,702.0,0.0,0.0,0.6253561253561254
21.0,5.0,15.0,0.6,0.1,0.6,2.0,696.0,0.0,0.0,0.6235632183908046
21.0,5.0,16.0,0.6,0.1,0.6,2.0,699.0,0.0,0.0,0.6251788268955651
21.0,5.0,17.0,0.6,0.1,0.6,2.0,691.0,0.0,0.0,0.622286541244573
21.0,5.0,18.0,0.6,0.1,0.6,2.0,692.0,0.0,0.0,0.6228323699421965
21.0,5.0,19.0,0.6,0.1,0.6,2.0,686.0,0.0,0.0,0.6209912536443148
21.0,5.0,20.0,0.6,0.1,0.6,2.0,1222.0,0.0,0.0,0.35106382978723405
21.0,5.0,21.0,0.6,0.1,0.6,2.0,1170.0,0.0,0.0,0.3547008547008547
21.0,5.0,22.0,0.6,0.1,0.6,2.0,1122.0,0.0,0.0,0.3627450980392157
21.0,5.0,23.0,0.6,0.1,0.6,2.0,1092.0,0.0,0.0,0.3626373626373626
21.0,5.0,24.0,0.6,0.1,0.6,2.0,1057.0,0.0,0.0,0.36991485335856195
21.0,5.0,25.0,0.6,0.1,0.6,2.0,1055.0,0.0,0.0,0.3696682464454976
21.0,5.0,26.0,0.6,0.1,0.6,2.0,1024.0,0.0,0.0,0.3740234375
21.0,5.0,27.0,0.6,0.1,0.6,2.0,989.0,0.0,0.0,0.3731041456016178
21.0,5.0,28.0,0.6,0.1,0.6,2.0,967.0,0.0,0.0,0.3764219234746639
21.0,5.0,29.0,0.6,0.1,0.6,2.0,942.0,0.0,0.0,0.3747346072186836
21.0,5.0,30.0,0.6,0.1,0.6,2.0,931.0,0.0,0.0,0.38238453276047263
21.0,5.0,31.0,0.6,0.1,0.6,2.0,935.0,0.0,0.0,0.37967914438502676
21.0,5.0,32.0,0.6,0.1,0.6,2.0,927.0,0.0,0.0,0.3807982740021575
21.0,5.0,33.0,0.6,0.1,0.6,2.0,896.0,0.0,0.0,0.38058035714285715
21.0,5.0,34.0,0.6,0.1,0.6,2.0,888.0,0.0,0.0,0.38400900900900903
21.0,5.0,35.0,0.6,0.1,0.6,2.0,885.0,0.0,0.0,0.384180790960452
21.0,5.0,36.0,0.6,0.1,0.6,2.0,872.0,0.0,0.0,0.38876146788990823
21.0,5.0,37.0,0.6,0.1,0.6,2.0,870.0,0.0,0.0,0.3873563218390805
21.0,5.0,38.0,0.6,0.1,0.6,2.0,852.0,0.0,0.0,0.38967136150234744
21.0,5.0,39.0,0.6,0.1,0.6,2.0,824.0,0.0,0.0,0.39563106796116504
21.0,5.0,40.0,0.6,0.1,0.6,2.0,822.0,0.0,0.0,0.39416058394160586
21.0,5.0,41.0,0.6,0.1,0.6,2.0,801.0,0.0,0.0,0.39575530586766544
21.0,5.0,42.0,0.6,0.1,0.6,2.0,802.0,0.0,0.0,0.39526184538653364
21.0,5.0,43.0,0.6,0.1,0.6,2.0,768.0,0.0,0.0,0.3984375
21.0,5.0,44.0,0.6,0.1,0.6,2.0,767.0,0.0,0.0,0.39765319426336376
21.0,5.0,45.0,0.6,0.1,0.6,2.0,751.0,0.0,0.0,0.6631158455392809
21.0,5.0,46.0,0.6,0.1,0.6,2.0,751.0,0.0,0.0,0.6657789613848203
21.0,5.0,47.0,0.6,0.1,0.6,2.0,737.0,0.0,0.0,0.6580732700135685
21.0,5.0,48.0,0.6,0.1,0.6,2.0,703.0,0.0,0.0,0.6685633001422475
21.0,5.0,49.0,0.6,0.1,0.6,2.0,681.0,0.0,0.0,0.6681350954478708
21.0,5.0,50.0,0.6,0.1,0.6,2.0,666.0,0.0,0.0,0.6726726726726727
21.0,5.0,51.0,0.6,0.1,0.6,2.0,661.0,0.0,0.0,0.6747352496217852
21.0,5.0,52.0,0.6,0.1,0.6,2.0,656.0,0.0,0.0,0.6707317073170732
21.0,6.0,1.0,0.6,0.1,0.6,2.0,647.0,0.0,0.0,0.6738794435857806
21.0,6.0,2.0,0.6,0.1,0.6,2.0,643.0,0.0,0.0,0.6702954898911353
21.0,6.0,3.0,0.6,0.1,0.6,2.0,640.0,0.0,0.0,0.671875
21.0,6.0,4.0,0.6,0.1,0.6,2.0,639.0,0.0,0.0,0.6713615023474179
21.0,6.0,5.0,0.6,0.1,0.6,2.0,634.0,0.0,0.0,0.6719242902208202
21.0,6.0,6.0,0.6,0.1,0.6,2.0,632.0,0.0,0.0,0.6693037974683544
21.0,6.0,7.0,0.6,0.1,0.6,2.0,629.0,0.0,0.0,0.6693163751987281
21.0,6.0,8.0,0.6,0.1,0.6,2.0,623.0,0.0,0.0,0.6725521669341894
21.0,6.0,9.0,0.6,0.1,0.6,2.0,620.0,0.0,0.0,0.6741935483870968
21.0,6.0,10.0,0.6,0.1,0.6,2.0,612.0,0.0,0.0,0.6748366013071896
21.0,6.0,11.0,0.6,0.1,0.6,2.0,608.0,0.0,0.0,0.6792763157894737
21.0,6.0,12.0,0.6,0.1,0.6,2.0,600.0,0.0,0.0,0.6816666666666666
21.0,6.0,13.0,0.6,0.1,0.6,2.0,600.0,0.0,0.0,0.6833333333333333
21.0,6.0,14.0,0.6,0.1,0.6,2.0,595.0,0.0,0.0,0.6857142857142857
21.0,6.0,15.0,0.6,0.1,0.6,2.0,593.0,0.0,0.0,0.6863406408094435
21.0,6.0,16.0,0.6,0.1,0.6,2.0,590.0,0.0,0.0,0.6864406779661016
21.0,6.0,17.0,0.6,0.1,0.6,2.0,590.0,0.0,0.0,0.6864406779661016
21.0,6.0,18.0,0.6,0.1,0.6,2.0,571.0,0.0,0.0,0.6830122591943958
21.0,6.0,19.0,0.6,0.1,0.6,2.0,567.0,0.0,0.0,0.6843033509700176
21.0,6.0,20.0,0.6,0.1,0.6,2.0,976.0,0.0,0.0,0.3944672131147541
21.0,6.0,21.0,0.6,0.1,0.6,2.0,895.0,0.0,0.0,0.39888268156424583
21.0,6.0,22.0,0.6,0.1,0.6,2.0,841.0,0.0,0.0,0.4114149821640904
21.0,6.0,23.0,0.6,0.1,0.6,2.0,798.0,0.0,0.0,0.41729323308270677
21.0,6.0,24.0,0.6,0.1,0.6,2.0,770.0,0.0,0.0,0.41948051948051945
21.0,6.0,25.0,0.6,0.1,0.6,2.0,764.0,0.0,0.0,0.4201570680628272
21.0,6.0,26.0,0.6,0.1,0.6,2.0,747.0,0.0,0.0,0.42302543507362783
21.0,6.0,27.0,0.6,0.1,0.6,2.0,741.0,0.0,0.0,0.42375168690958165
21.0,6.0,28.0,0.6,0.1,0.6,2.0,722.0,0.0,0.0,0.425207756232687
21.0,6.0,29.0,0.6,0.1,0.6,2.0,698.0,0.0,0.0,0.4340974212034384
21.0,6.0,30.0,0.6,0.1,0.6,2.0,705.0,0.0,0.0,0.4297872340425532
21.0,6.0,31.0,0.6,0.1,0.6,2.0,700.0,0.0,0.0,0.43142857142857144
21.0,6.0,32.0,0.6,0.1,0.6,2.0,704.0,0.0,0.0,0.4289772727272727
21.0,6.0,33.0,0.6,0.1,0.6,2.0,698.0,0.0,0.0,0.4297994269340974
21.0,6.0,34.0,0.6,0.1,0.6,2.0,703.0,0.0,0.0,0.42816500711237554
21.0,6.0,35.0,0.6,0.1,0.6,2.0,696.0,0.0,0.0,0.43103448275862066
21.0,6.0,36.0,0.6,0.1,0.6,2.0,687.0,0.0,0.0,0.43377001455604075
21.0,6.0,37.0,0.6,0.1,0.6,2.0,674.0,0.0,0.0,0.43768545994065283
21.0,6.0,38.0,0.6,0.1,0.6,2.0,678.0,0.0,0.0,0.4351032448377581
21.0,6.0,39.0,0.6,0.1,0.6,2.0,661.0,0.0,0.0,0.43872919818456885
21.0,6.0,40.0,0.6,0.1,0.6,2.0,660.0,0.0,0.0,0.43636363636363634
21.0,6.0,41.0,0.6,0.1,0.6,2.0,652.0,0.0,0.0,0.4401840490797546
21.0,6.0,42.0,0.6,0.1,0.6,2.0,655.0,0.0,0.0,0.4351145038167939
21.0,6.0,43.0,0.6,0.1,0.6,2.0,654.0,0.0,0.0,0.43730886850152906
21.0,6.0,44.0,0.6,0.1,0.6,2.0,653.0,0.0,0.0,0.4333843797856049
21.0,6.0,45.0,0.6,0.1,0.6,2.0,654.0,0.0,0.0,0.6666666666666666
21.0,6.0,46.0,0.6,0.1,0.6,2.0,653.0,0.0,0.0,0.664624808575804
21.0,6.0,47.0,0.6,0.1,0.6,2.0,653.0,0.0,0.0,0.666156202143951
21.0,6.0,48.0,0.6,0.1,0.6,2.0,652.0,0.0,0.0,0.6641104294478528
21.0,6.0,49.0,0.6,0.1,0.6,2.0,648.0,0.0,0.0,0.6651234567901234
21.0,6.0,50.0,0.6,0.1,0.6,2.0,650.0,0.0,0.0,0.6630769230769231
21.0,6.0,51.0,0.6,0.1,0.6,2.0,645.0,0.0,0.0,0.6651162790697674
21.0,6.0,52.0,0.6,0.1,0.6,2.0,645.0,0.0,0.0,0.662015503875969
21.0,7.0,1.0,0.6,0.1,0.6,2.0,642.0,0.0,0.0,0.6635514018691588
21.0,7.0,2.0,0.6,0.1,0.6,2.0,643.0,0.0,0.0,0.6609642301710731
21.0,7.0,3.0,0.6,0.1,0.6,2.0,635.0,0.0,0.0,0.6661417322834645
21.0,7.0,4.0,0.6,0.1,0.6,2.0,635.0,0.0,0.0,0.662992125984252
21.0,7.0,5.0,0.6,0.1,0.6,2.0,634.0,0.0,0.0,0.6656151419558359
21.0,7.0,6.0,0.6,0.1,0.6,2.0,630.0,0.0,0.0,0.6666666666666666
21.0,7.0,7.0,0.6,0.1,0.6,2.0,629.0,0.0,0.0,0.670906200317965
21.0,7.0,8.0,0.6,0.1,0.6,2.0,626.0,0.0,0.0,0.6645367412140575
21.0,7.0,9.0,0.6,0.1,0.6,2.0,623.0,0.0,0.0,0.6709470304975923
21.0,7.0,10.0,0.6,0.1,0.6,2.0,616.0,0.0,0.0,0.6753246753246753
21.0,7.0,11.0,0.6,0.1,0.6,2.0,617.0,0.0,0.0,0.6774716369529984
21.0,7.0,12.0,0.6,0.1,0.6,2.0,612.0,0.0,0.0,0.6781045751633987
21.0,7.0,13.0,0.6,0.1,0.6,2.0,611.0,0.0,0.0,0.6808510638297872
21.0,7.0,14.0,0.6,0.1,0.6,2.0,610.0,0.0,0.0,0.6786885245901639
21.0,7.0,15.0,0.6,0.1,0.6,2.0,600.0,0.0,0.0,0.6816666666666666
21.0,7.0,16.0,0.6,0.1,0.6,2.0,593.0,0.0,0.0,0.6863406408094435
21.0,7.0,17.0,0.6,0.1,0.6,2.0,595.0,0.0,0.0,0.6873949579831933
21.0,7.0,18.0,0.6,0.1,0.6,2.0,594.0,0.0,0.0,0.6851851851851852
21.0,7.0,19.0,0.6,0.1,0.6,2.0,594.0,0.0,0.0,0.6868686868686869
21.0,7.0,20.0,0.6,0.1,0.6,2.0,1076.0,0.0,0.0,0.37732342007434944
21.0,7.0,21.0,0.6,0.1,0.6,2.0,1054.0,0.0,0.0,0.3766603415559772
21.0,7.0,22.0,0.6,0.1,0.6,2.0,1028.0,0.0,0.0,0.38035019455252916
21.0,7.0,23.0,0.6,0.1,0.6,2.0,1029.0,0.0,0.0,0.3819241982507289
21.0,7.0,24.0,0.6,0.1,0.6,2.0,1028.0,0.0,0.0,0.38035019455252916
21.0,7.0,25.0,0.6,0.1,0.6,2.0,1000.0,0.0,0.0,0.384
21.0,7.0,26.0,0.6,0.1,0.6,2.0,931.0,0.0,0.0,0.38882921589688507
21.0,7.0,27.0,0.6,0.1,0.6,2.0,914.0,0.0,0.0,0.3927789934354486
21.0,7.0,28.0,0.6,0.1,0.6,2.0,873.0,0.0,0.0,0.3928980526918671
21.0,7.0,29.0,0.6,0.1,0.6,2.0,873.0,0.0,0.0,0.3951890034364261
21.0,7.0,30.0,0.6,0.1,0.6,2.0,851.0,0.0,0.0,0.3889541715628672
21.0,7.0,31.0,0.6,0.1,0.6,2.0,804.0,0.0,0.0,0.39925373134328357
21.0,7.0,32.0,0.6,0.1,0.6,2.0,806.0,0.0,0.0,0.3945409429280397
21.0,7.0,33.0,0.6,0.1,0.6,2.0,793.0,0.0,0.0,0.39722572509457754
21.0,7.0,34.0,0.6,0.1,0.6,2.0,805.0,0.0,0.0,0.3937888198757764
21.0,7.0,35.0,0.6,0.1,0.6,2.0,792.0,0.0,0.0,0.39646464646464646
21.0,7.0,36.0,0.6,0.1,0.6,2.0,787.0,0.0,0.0,0.39644218551461247
21.0,7.0,37.0,0.6,0.1,0.6,2.0,726.0,0.0,0.0,0.4118457300275482
21.0,7.0,38.0,0.6,0.1,0.6,2.0,727.0,0.0,0.0,0.41127922971114167
21.0,7.0,39.0,0.6,0.1,0.6,2.0,725.0,0.0,0.0,0.4110344827586207
21.0,7.0,40.0,0.6,0.1,0.6,2.0,721.0,0.0,0.0,0.4105409153952843
21.0,7.0,41.0,0.6,0.1,0.6,2.0,718.0,0.0,0.0,0.41086350974930363
21.0,7.0,42.0,0.6,0.1,0.6,2.0,706.0,0.0,0.0,0.41359773371104813
21.0,7.0,43.0,0.6,0.1,0.6,2.0,703.0,0.0,0.0,0.41251778093883357
21.0,7.0,44.0,0.6,0.1,0.6,2.0,700.0,0.0,0.0,0.4114285714285714
21.0,7.0,45.0,0.6,0.1,0.6,2.0,698.0,0.0,0.0,0.6561604584527221
21.0,7.0,46.0,0.6,0.1,0.6,2.0,691.0,0.0,0.0,0.6555716353111433
21.0,7.0,47.0,0.6,0.1,0.6,2.0,676.0,0.0,0.0,0.6597633136094675
21.0,7.0,48.0,0.6,0.1,0.6,2.0,658.0,0.0,0.0,0.6595744680851063
21.0,7.0,49.0,0.6,0.1,0.6,2.0,632.0,0.0,0.0,0.6645569620253164
21.0,7.0,50.0,0.6,0.1,0.6,2.0,633.0,0.0,0.0,0.665086887835703
21.0,7.0,51.0,0.6,0.1,0.6,2.0,628.0,0.0,0.0,0.6656050955414012
21.0,7.0,52.0,0.6,0.1,0.6,2.0,631.0,0.0,0.0,0.6656101426307448
21.0,8.0,1.0,0.6,0.1,0.6,2.0,627.0,0.0,0.0,0.6650717703349283
21.0,8.0,2.0,0.6,0.1,0.6,2.0,627.0,0.0,0.0,0.6666666666666666
21.0,8.0,3.0,0.6,0.1,0.6,2.0,621.0,0.0,0.0,0.6666666666666666
21.0,8.0,4.0,0.6,0.1,0.6,2.0,623.0,0.0,0.0,0.6677367576243981
21.0,8.0,5.0,0.6,0.1,0.6,2.0,616.0,0.0,0.0,0.6672077922077922
21.0,8.0,6.0,0.6,0.1,0.6,2.0,606.0,0.0,0.0,0.6683168316831684
21.0,8.0,7.0,0.6,0.1,0.6,2.0,602.0,0.0,0.0,0.6661129568106312
21.0,8.0,8.0,0.6,0.1,0.6,2.0,587.0,0.0,0.0,0.6678023850085179
21.0,8.0,9.0,0.6,0.1,0.6,2.0,583.0,0.0,0.0,0.6638078902229846
21.0,8.0,10.0,0.6,0.1,0.6,2.0,582.0,0.0,0.0,0.6683848797250859
21.0,8.0,11.0,0.6,0.1,0.6,2.0,578.0,0.0,0.0,0.6695501730103807
21.0,8.0,12.0,0.6,0.1,0.6,2.0,579.0,0.0,0.0,0.6718480138169257
21.0,8.0,13.0,0.6,0.1,0.6,2.0,561.0,0.0,0.0,0.6702317290552585
21.0,8.0,14.0,0.6,0.1,0.6,2.0,567.0,0.0,0.0,0.673721340388007
21.0,8.0,15.0,0.6,0.1,0.6,2.0,559.0,0.0,0.0,0.669051878354204
21.0,8.0,16.0,0.6,0.1,0.6,2.0,561.0,0.0,0.0,0.6773618538324421
21.0,8.0,17.0,0.6,0.1,0.6,2.0,555.0,0.0,0.0,0.6738738738738739
21.0,8.0,18.0,0.6,0.1,0.6,2.0,559.0,0.0,0.0,0.6797853309481217
21.0,8.0,19.0,0.6,0.1,0.6,2.0,553.0,0.0,0.0,0.674502712477396
21.0,8.0,20.0,0.6,0.1,0.6,2.0,959.0,0.0,0.0,0.3795620437956204
21.0,8.0,21.0,0.6,0.1,0.6,2.0,953.0,0.0,0.0,0.3756558237145855
21.0,8.0,22.0,0.6,0.1,0.6,2.0,930.0,0.0,0.0,0.3795698924731183
21.0,8.0,23.0,0.6,0.1,0.6,2.0,902.0,0.0,0.0,0.3780487804878049
21.0,8.0,24.0,0.6,0.1,0.6,2.0,888.0,0.0,0.0,0.38513513513513514
21.0,8.0,25.0,0.6,0.1,0.6,2.0,879.0,0.0,0.0,0.38111490329920367
21.0,8.0,26.0,0.6,0.1,0.6,2.0,854.0,0.0,0.0,0.382903981264637
21.0,8.0,27.0,0.6,0.1,0.6,2.0,845.0,0.0,0.0,0.37988165680473374
21.0,8.0,28.0,0.6,0.1,0.6,2.0,792.0,0.0,0.0,0.3926767676767677
21.0,8.0,29.0,0.6,0.1,0.6,2.0,786.0,0.0,0.0,0.3880407124681934
21.0,8.0,30.0,0.6,0.1,0.6,2.0,774.0,0.0,0.0,0.39664082687338503
21.0,8.0,31.0,0.6,0.1,0.6,2.0,756.0,0.0,0.0,0.39285714285714285
21.0,8.0,32.0,0.6,0.1,0.6,2.0,749.0,0.0,0.0,0.3991989319092123
21.0,8.0,33.0,0.6,0.1,0.6,2.0,743.0,0.0,0.0,0.3943472409152086
21.0,8.0,34.0,0.6,0.1,0.6,2.0,700.0,0.0,0.0,0.4042857142857143
21.0,8.0,35.0,0.6,0.1,0.6,2.0,701.0,0.0,0.0,0.39657631954350925
21.0,8.0,36.0,0.6,0.1,0.6,2.0,686.0,0.0,0.0,0.40524781341107874
21.0,8.0,37.0,0.6,0.1,0.6,2.0,674.0,0.0,0.0,0.3991097922848665
21.0,8.0,38.0,0.6,0.1,0.6,2.0,662.0,0.0,0.0,0.4108761329305136
21.0,8.0,39.0,0.6,0.1,0.6,2.0,650.0,0.0,0.0,0.4015384615384615
21.0,8.0,40.0,0.6,0.1,0.6,2.0,625.0,0.0,0.0,0.4144
21.0,8.0,41.0,0.6,0.1,0.6,2.0,610.0,0.0,0.0,0.41147540983606556
21.0,8.0,42.0,0.6,0.1,0.6,2.0,610.0,0.0,0.0,0.42131147540983604
21.0,8.0,43.0,0.6,0.1,0.6,2.0,610.0,0.0,0.0,0.41147540983606556
21.0,8.0,44.0,0.6,0.1,0.6,2.0,601.0,0.0,0.0,0.4242928452579035
21.0,8.0,45.0,0.6,0.1,0.6,2.0,608.0,0.0,0.0,0.6463815789473685
21.0,8.0,46.0,0.6,0.1,0.6,2.0,608.0,0.0,0.0,0.6513157894736842
21.0,8.0,47.0,0.6,0.1,0.6,2.0,601.0,0.0,0.0,0.64891846921797
21.0,8.0,48.0,0.6,0.1,0.6,2.0,603.0,0.0,0.0,0.6533996683250415
21.0,8.0,49.0,0.6,0.1,0.6,2.0,603.0,0.0,0.0,0.648424543946932
21.0,8.0,50.0,0.6,0.1,0.6,2.0,610.0,0.0,0.0,0.6508196721311476
21.0,8.0,51.0,0.6,0.1,0.6,2.0,587.0,0.0,0.0,0.6439522998296422
21.0,8.0,52.0,0.6,0.1,0.6,2.0,596.0,0.0,0.0,0.6459731543624161
21.0,9.0,1.0,0.6,0.1,0.6,2.0,576.0,0.0,0.0,0.6527777777777778
21.0,9.0,2.0,0.6,0.1,0.6,2.0,584.0,0.0,0.0,0.6541095890410958
21.0,9.0,3.0,0.6,0.1,0.6,2.0,575.0,0.0,0.0,0.6539130434782608
21.0,9.0,4.0,0.6,0.1,0.6,2.0,580.0,0.0,0.0,0.656896551724138
21.0,9.0,5.0,0.6,0.1,0.6,2.0,575.0,0.0,0.0,0.6539130434782608
21.0,9.0,6.0,0.6,0.1,0.6,2.0,579.0,0.0,0.0,0.6580310880829016
21.0,9.0,7.0,0.6,0.1,0.6,2.0,561.0,0.0,0.0,0.6595365418894831
21.0,9.0,8.0,0.6,0.1,0.6,2.0,564.0,0.0,0.0,0.6631205673758865
21.0,9.0,9.0,0.6,0.1,0.6,2.0,549.0,0.0,0.0,0.6593806921675774
21.0,9.0,10.0,0.6,0.1,0.6,2.0,548.0,0.0,0.0,0.6697080291970803
21.0,9.0,11.0,0.6,0.1,0.6,2.0,544.0,0.0,0.0,0.6654411764705882
21.0,9.0,12.0,0.6,0.1,0.6,2.0,534.0,0.0,0.0,0.6741573033707865
21.0,9.0,13.0,0.6,0.1,0.6,2.0,532.0,0.0,0.0,0.6672932330827067
21.0,9.0,14.0,0.6,0.1,0.6,2.0,520.0,0.0,0.0,0.6788461538461539
21.0,9.0,15.0,0.6,0.1,0.6,2.0,518.0,0.0,0.0,0.6718146718146718
21.0,9.0,16.0,0.6,0.1,0.6,2.0,517.0,0.0,0.0,0.6827852998065764
21.0,9.0,17.0,0.6,0.1,0.6,2.0,515.0,0.0,0.0,0.6776699029126214
21.0,9.0,18.0,0.6,0.1,0.6,2.0,517.0,0.0,0.0,0.6827852998065764
21.0,9.0,19.0,0.6,0.1,0.6,2.0,514.0,0.0,0.0,0.6770428015564203
21.0,9.0,20.0,0.6,0.1,0.6,2.0,862.0,0.0,0.0,0.39443155452436196
21.0,9.0,21.0,0.6,0.1,0.6,2.0,872.0,0.0,0.0,0.3841743119266055
21.0,9.0,22.0,0.6,0.1,0.6,2.0,854.0,0.0,0.0,0.3957845433255269
21.0,9.0,23.0,0.6,0.1,0.6,2.0,822.0,0.0,0.0,0.39659367396593675
21.0,9.0,24.0,0.6,0.1,0.6,2.0,802.0,0.0,0.0,0.39900249376558605
21.0,9.0,25.0,0.6,0.1,0.6,2.0,780.0,0.0,0.0,0.39871794871794874
21.0,9.0,26.0,0.6,0.1,0.6,2.0,787.0,0.0,0.0,0.40152477763659467
21.0,9.0,27.0,0.6,0.1,0.6,2.0,735.0,0.0,0.0,0.4095238095238095
21.0,9.0,28.0,0.6,0.1,0.6,2.0,731.0,0.0,0.0,0.4131326949384405
21.0,9.0,29.0,0.6,0.1,0.6,2.0,700.0,0.0,0.0,0.4157142857142857
21.0,9.0,30.0,0.6,0.1,0.6,2.0,701.0,0.0,0.0,0.4222539229671897
21.0,9.0,31.0,0.6,0.1,0.6,2.0,699.0,0.0,0.0,0.41487839771101576
21.0,9.0,32.0,0.6,0.1,0.6,2.0,703.0,0.0,0.0,0.41963015647226176
21.0,9.0,33.0,0.6,0.1,0.6,2.0,684.0,0.0,0.0,0.4137426900584795
21.0,9.0,34.0,0.6,0.1,0.6,2.0,670.0,0.0,0.0,0.4208955223880597
21.0,9.0,35.0,0.6,0.1,0.6,2.0,617.0,0.0,0.0,0.42787682333873583
21.0,9.0,36.0,0.6,0.1,0.6,2.0,623.0,0.0,0.0,0.434991974317817
21.0,9.0,37.0,0.6,0.1,0.6,2.0,619.0,0.0,0.0,0.4297253634894992
21.0,9.0,38.0,0.6,0.1,0.6,2.0,595.0,0.0,0.0,0.4470588235294118
21.0,9.0,39.0,0.6,0.1,0.6,2.0,593.0,0.0,0.0,0.44013490725126475
21.0,9.0,40.0,0.6,0.1,0.6,2.0,598.0,0.0,0.0,0.44648829431438125
21.0,9.0,41.0,0.6,0.1,0.6,2.0,593.0,0.0,0.0,0.4418212478920742
21.0,9.0,42.0,0.6,0.1,0.6,2.0,599.0,0.0,0.0,0.44574290484140233
21.0,9.0,43.0,0.6,0.1,0.6,2.0,593.0,0.0,0.0,0.4418212478920742
21.0,9.0,44.0,0.6,0.1,0.6,2.0,599.0,0.0,0.0,0.44574290484140233
21.0,9.0,45.0,0.6,0.1,0.6,2.0,593.0,0.0,0.0,0.6627318718381113
21.0,9.0,46.0,0.6,0.1,0.6,2.0,586.0,0.0,0.0,0.674061433447099
21.0,9.0,47.0,0.6,0.1,0.6,2.0,578.0,0.0,0.0,0.6695501730103807
21.0,9.0,48.0,0.6,0.1,0.6,2.0,583.0,0.0,0.0,0.6758147512864494
21.0,9.0,49.0,0.6,0.1,0.6,2.0,580.0,0.0,0.0,0.6689655172413793
21.0,9.0,50.0,0.6,0.1,0.6,2.0,585.0,0.0,0.0,0.6717948717948717
21.0,9.0,51.0,0.6,0.1,0.6,2.0,579.0,0.0,0.0,0.6683937823834197
21.0,9.0,52.0,0.6,0.1,0.6,2.0,587.0,0.0,0.0,0.6712095400340715
21.0,10.0,1.0,0.6,0.1,0.6,2.0,578.0,0.0,0.0,0.6678200692041523
21.0,10.0,2.0,0.6,0.1,0.6,2.0,587.0,0.0,0.0,0.6712095400340715
21.0,10.0,3.0,0.6,0.1,0.6,2.0,577.0,0.0,0.0,0.6689774696707106
21.0,10.0,4.0,0.6,0.1,0.6,2.0,581.0,0.0,0.0,0.6729776247848537
21.0,10.0,5.0,0.6,0.1,0.6,2.0,572.0,0.0,0.0,0.6713286713286714
21.0,10.0,6.0,0.6,0.1,0.6,2.0,579.0,0.0,0.0,0.6753022452504318
21.0,10.0,7.0,0.6,0.1,0.6,2.0,569.0,0.0,0.0,0.671353251318102
21.0,10.0,8.0,0.6,0.1,0.6,2.0,574.0,0.0,0.0,0.6742160278745645
21.0,10.0,9.0,0.6,0.1,0.6,2.0,567.0,0.0,0.0,0.673721340388007
21.0,10.0,10.0,0.6,0.1,0.6,2.0,570.0,0.0,0.0,0.6789473684210526
21.0,10.0,11.0,0.6,0.1,0.6,2.0,553.0,0.0,0.0,0.6799276672694394
21.0,10.0,12.0,0.6,0.1,0.6,2.0,558.0,0.0,0.0,0.6863799283154122
21.0,10.0,13.0,0.6,0.1,0.6,2.0,551.0,0.0,0.0,0.6842105263157895
21.0,10.0,14.0,0.6,0.1,0.6,2.0,554.0,0.0,0.0,0.6913357400722022
21.0,10.0,15.0,0.6,0.1,0.6,2.0,550.0,0.0,0.0,0.6854545454545454
21.0,10.0,16.0,0.6,0.1,0.6,2.0,555.0,0.0,0.0,0.69009009009009
21.0,10.0,17.0,0.6,0.1,0.6,2.0,549.0,0.0,0.0,0.6867030965391621
21.0,10.0,18.0,0.6,0.1,0.6,2.0,553.0,0.0,0.0,0.6907775768535263
21.0,10.0,19.0,0.6,0.1,0.6,2.0,549.0,0.0,0.0,0.6867030965391621
21.0,10.0,20.0,0.6,0.1,0.6,2.0,931.0,0.0,0.0,0.3877551020408163
21.0,10.0,21.0,0.6,0.1,0.6,2.0,911.0,0.0,0.0,0.38748627881448955
21.0,10.0,22.0,0.6,0.1,0.6,2.0,910.0,0.0,0.0,0.3923076923076923
21.0,10.0,23.0,0.6,0.1,0.6,2.0,891.0,0.0,0.0,0.3894500561167228
21.0,10.0,24.0,0.6,0.1,0.6,2.0,880.0,0.0,0.0,0.39204545454545453
21.0,10.0,25.0,0.6,0.1,0.6,2.0,854.0,0.0,0.0,0.38875878220140514
21.0,10.0,26.0,0.6,0.1,0.6,2.0,834.0,0.0,0.0,0.39688249400479614
21.0,10.0,27.0,0.6,0.1,0.6,2.0,814.0,0.0,0.0,0.39926289926289926
21.0,10.0,28.0,0.6,0.1,0.6,2.0,808.0,0.0,0.0,0.40470297029702973
21.0,10.0,29.0,0.6,0.1,0.6,2.0,803.0,0.0,0.0,0.40224159402241594
21.0,10.0,30.0,0.6,0.1,0.6,2.0,804.0,0.0,0.0,0.4054726368159204
21.0,10.0,31.0,0.6,0.1,0.6,2.0,772.0,0.0,0.0,0.40803108808290156
21.0,10.0,32.0,0.6,0.1,0.6,2.0,778.0,0.0,0.0,0.41131105398457585
21.0,10.0,33.0,0.6,0.1,0.6,2.0,760.0,0.0,0.0,0.40921052631578947
21.0,10.0,34.0,0.6,0.1,0.6,2.0,734.0,0.0,0.0,0.4223433242506812
21.0,10.0,35.0,0.6,0.1,0.6,2.0,729.0,0.0,0.0,0.41975308641975306
21.0,10.0,36.0,0.6,0.1,0.6,2.0,735.0,0.0,0.0,0.4217687074829932
21.0,10.0,37.0,0.6,0.1,0.6,2.0,730.0,0.0,0.0,0.4191780821917808
21.0,10.0,38.0,0.6,0.1,0.6,2.0,703.0,0.0,0.0,0.42532005689900426
21.0,10.0,39.0,0.6,0.1,0.6,2.0,703.0,0.0,0.0,0.41963015647226176
21.0,10.0,40.0,0.6,0.1,0.6,2.0,708.0,0.0,0.0,0.423728813559322
21.0,10.0,41.0,0.6,0.1,0.6,2.0,692.0,0.0,0.0,0.4234104046242775
21.0,10.0,42.0,0.6,0.1,0.6,2.0,696.0,0.0,0.0,0.4267241379310345
21.0,10.0,43.0,0.6,0.1,0.6,2.0,690.0,0.0,0.0,0.4217391304347826
21.0,10.0,44.0,0.6,0.1,0.6,2.0,695.0,0.0,0.0,0.4244604316546763
21.0,10.0,45.0,0.6,0.1,0.6,2.0,690.0,0.0,0.0,0.6565217391304348
21.0,10.0,46.0,0.6,0.1,0.6,2.0,689.0,0.0,0.0,0.6589259796806967
21.0,10.0,47.0,0.6,0.1,0.6,2.0,690.0,0.0,0.0,0.6565217391304348
21.0,10.0,48.0,0.6,0.1,0.6,2.0,692.0,0.0,0.0,0.6575144508670521
21.0,10.0,49.0,0.6,0.1,0.6,2.0,686.0,0.0,0.0,0.6545189504373178
21.0,10.0,50.0,0.6,0.1,0.6,2.0,689.0,0.0,0.0,0.6574746008708273
21.0,10.0,51.0,0.6,0.1,0.6,2.0,675.0,0.0,0.0,0.6533333333333333
21.0,10.0,52.0,0.6,0.1,0.6,2.0,676.0,0.0,0.0,0.6568047337278107
22.0,1.0,1.0,0.6,0.1,0.6,2.0,5225.0,53.0,11.0,0.5906220095693779
22.0,1.0,2.0,0.6,0.1,0.6,2.0,5154.0,59.0,26.0,0.5906092355452076
22.0,1.0,3.0,0.6,0.1,0.6,2.0,5053.0,70.0,37.0,0.5891549574510192
22.0,1.0,4.0,0.6,0.1,0.6,2.0,5044.0,85.0,42.0,0.588223632038065
22.0,1.0,5.0,0.6,0.1,0.6,2.0,5045.0,84.0,35.0,0.5920713577799802
22.0,1.0,6.0,0.6,0.1,0.6,2.0,4937.0,82.0,36.0,0.5940854770103302
22.0,1.0,7.0,0.6,0.1,0.6,2.0,4779.0,81.0,38.0,0.5932203389830508
22.0,1.0,8.0,0.6,0.1,0.6,2.0,4698.0,83.0,37.0,0.5964240102171137
22.0,1.0,9.0,0.6,0.1,0.6,2.0,4554.0,80.0,36.0,0.5974967061923584
22.0,1.0,10.0,0.6,0.1,0.6,2.0,4419.0,81.0,39.0,0.5987780040733197
22.0,1.0,11.0,0.6,0.1,0.6,2.0,4323.0,88.0,43.0,0.5975017349063151
22.0,1.0,12.0,0.6,0.1,0.6,2.0,4239.0,86.0,49.0,0.5989620193441849
22.0,1.0,13.0,0.6,0.1,0.6,2.0,4090.0,86.0,39.0,0.5997555012224939
22.0,1.0,14.0,0.6,0.1,0.6,2.0,3943.0,79.0,36.0,0.6048693887902612
22.0,1.0,15.0,0.6,0.1,0.6,2.0,3875.0,77.0,36.0,0.6049032258064516
22.0,1.0,16.0,0.6,0.1,0.6,2.0,3799.0,78.0,43.0,0.609897341405633
22.0,1.0,17.0,0.6,0.1,0.6,2.0,3718.0,74.0,39.0,0.6097364174287251
22.0,1.0,18.0,0.6,0.1,0.6,2.0,3644.0,65.0,39.0,0.612788144895719
22.0,1.0,19.0,0.6,0.1,0.6,2.0,3575.0,61.0,38.0,0.6145454545454545
22.0,1.0,20.0,0.6,0.1,0.6,2.0,6591.0,64.0,34.0,0.3260506751631012
22.0,1.0,21.0,0.6,0.1,0.6,2.0,6159.0,90.0,23.0,0.33041078097093685
22.0,1.0,22.0,0.6,0.1,0.6,2.0,5811.0,91.0,24.0,0.33522629495783857
22.0,1.0,23.0,0.6,0.1,0.6,2.0,5542.0,105.0,34.0,0.3397690364489354
22.0,1.0,24.0,0.6,0.1,0.6,2.0,5387.0,128.0,52.0,0.34007796547243363
22.0,1.0,25.0,0.6,0.1,0.6,2.0,5099.0,137.0,59.0,0.34438125122573054
22.0,1.0,26.0,0.6,0.1,0.6,2.0,4942.0,145.0,60.0,0.34459732901659246
22.0,1.0,27.0,0.6,0.1,0.6,2.0,4748.0,168.0,61.0,0.3481465880370682
22.0,1.0,28.0,0.6,0.1,0.6,2.0,4542.0,167.0,65.0,0.35358872743284897
22.0,1.0,29.0,0.6,0.1,0.6,2.0,4339.0,178.0,77.0,0.35952984558654066
22.0,1.0,30.0,0.6,0.1,0.6,2.0,4135.0,195.0,76.0,0.3644498186215236
22.0,1.0,31.0,0.6,0.1,0.6,2.0,3991.0,186.0,80.0,0.3693309947381609
22.0,1.0,32.0,0.6,0.1,0.6,2.0,3835.0,198.0,88.0,0.3734028683181226
22.0,1.0,33.0,0.6,0.1,0.6,2.0,3710.0,213.0,99.0,0.3789757412398922
22.0,1.0,34.0,0.6,0.1,0.6,2.0,3482.0,209.0,93.0,0.3879954049396898
22.0,1.0,35.0,0.6,0.1,0.6,2.0,3405.0,211.0,94.0,0.3894273127753304
22.0,1.0,36.0,0.6,0.1,0.6,2.0,3260.0,216.0,105.0,0.39570552147239263
22.0,1.0,37.0,0.6,0.1,0.6,2.0,3075.0,198.0,96.0,0.4029268292682927
22.0,1.0,38.0,0.6,0.1,0.6,2.0,2997.0,206.0,92.0,0.4087420754087421
22.0,1.0,39.0,0.6,0.1,0.6,2.0,2885.0,200.0,83.0,0.41594454072790293
22.0,1.0,40.0,0.6,0.1,0.6,2.0,2785.0,196.0,82.0,0.4236983842010772
22.0,1.0,41.0,0.6,0.1,0.6,2.0,2689.0,197.0,95.0,0.42655262179248793
22.0,1.0,42.0,0.6,0.1,0.6,2.0,2596.0,200.0,92.0,0.4352850539291217
22.0,1.0,43.0,0.6,0.1,0.6,2.0,2528.0,195.0,94.0,0.43947784810126583
22.0,1.0,44.0,0.6,0.1,0.6,2.0,2450.0,190.0,88.0,0.4493877551020408
22.0,1.0,45.0,0.6,0.1,0.6,2.0,2338.0,183.0,91.0,0.6753635585970915
22.0,1.0,46.0,0.6,0.1,0.6,2.0,2271.0,153.0,99.0,0.6833993835314839
22.0,1.0,47.0,0.6,0.1,0.6,2.0,2172.0,119.0,85.0,0.6896869244935543
22.0,1.0,48.0,0.6,0.1,0.6,2.0,2085.0,88.0,64.0,0.6954436450839329
22.0,1.0,49.0,0.6,0.1,0.6,2.0,1958.0,61.0,41.0,0.7027579162410623
22.0,1.0,50.0,0.6,0.1,0.6,2.0,1926.0,50.0,28.0,0.7066458982346833
22.0,1.0,51.0,0.6,0.1,0.6,2.0,1886.0,40.0,24.0,0.707847295864263
22.0,1.0,52.0,0.6,0.1,0.6,2.0,1869.0,31.0,16.0,0.709470304975923
22.0,2.0,1.0,0.6,0.1,0.6,2.0,1846.0,30.0,15.0,0.7085590465872156
22.0,2.0,2.0,0.6,0.1,0.6,2.0,1827.0,25.0,11.0,0.7110016420361248
22.0,2.0,3.0,0.6,0.1,0.6,2.0,1783.0,22.0,13.0,0.7128435221536736
22.0,2.0,4.0,0.6,0.1,0.6,2.0,1774.0,19.0,9.0,0.7158962795941376
22.0,2.0,5.0,0.6,0.1,0.6,2.0,1749.0,17.0,9.0,0.7158376214979989
22.0,2.0,6.0,0.6,0.1,0.6,2.0,1723.0,13.0,6.0,0.7196749854904236
22.0,2.0,7.0,0.6,0.1,0.6,2.0,1706.0,12.0,7.0,0.7209847596717468
22.0,2.0,8.0,0.6,0.1,0.6,2.0,1680.0,10.0,6.0,0.7208333333333333
22.0,2.0,9.0,0.6,0.1,0.6,2.0,1667.0,11.0,6.0,0.7210557888422315
22.0,2.0,10.0,0.6,0.1,0.6,2.0,1646.0,9.0,5.0,0.724179829890644
22.0,2.0,11.0,0.6,0.1,0.6,2.0,1616.0,9.0,5.0,0.7252475247524752
22.0,2.0,12.0,0.6,0.1,0.6,2.0,1602.0,7.0,3.0,0.7278401997503121
22.0,2.0,13.0,0.6,0.1,0.6,2.0,1588.0,8.0,3.0,0.7279596977329975
22.0,2.0,14.0,0.6,0.1,0.6,2.0,1579.0,7.0,4.0,0.727675744141862
22.0,2.0,15.0,0.6,0.1,0.6,2.0,1564.0,6.0,4.0,0.729539641943734
22.0,2.0,16.0,0.6,0.1,0.6,2.0,1534.0,6.0,3.0,0.7301173402868318
22.0,2.0,17.0,0.6,0.1,0.6,2.0,1517.0,7.0,3.0,0.7290705339485827
22.0,2.0,18.0,0.6,0.1,0.6,2.0,1513.0,6.0,3.0,0.7290152015862524
22.0,2.0,19.0,0.6,0.1,0.6,2.0,1505.0,7.0,3.0,0.7295681063122924
22.0,2.0,20.0,0.6,0.1,0.6,2.0,2605.0,5.0,4.0,0.417658349328215
22.0,2.0,21.0,0.6,0.1,0.6,2.0,2532.0,8.0,1.0,0.4178515007898894
22.0,2.0,22.0,0.6,0.1,0.6,2.0,2407.0,7.0,1.0,0.42501038637307853
22.0,2.0,23.0,0.6,0.1,0.6,2.0,2350.0,6.0,2.0,0.42638297872340425
22.0,2.0,24.0,0.6,0.1,0.6,2.0,2219.0,6.0,4.0,0.42857142857142855
22.0,2.0,25.0,0.6,0.1,0.6,2.0,2189.0,10.0,4.0,0.4303334856098675
22.0,2.0,26.0,0.6,0.1,0.6,2.0,2139.0,12.0,5.0,0.43478260869565216
22.0,2.0,27.0,0.6,0.1,0.6,2.0,2073.0,11.0,4.0,0.43463579353593823
22.0,2.0,28.0,0.6,0.1,0.6,2.0,2009.0,18.0,8.0,0.4420109507217521
22.0,2.0,29.0,0.6,0.1,0.6,2.0,2000.0,17.0,7.0,0.441
22.0,2.0,30.0,0.6,0.1,0.6,2.0,1965.0,18.0,8.0,0.44274809160305345
22.0,2.0,31.0,0.6,0.1,0.6,2.0,1935.0,18.0,7.0,0.43979328165374676
22.0,2.0,32.0,0.6,0.1,0.6,2.0,1869.0,16.0,9.0,0.4446227929373997
22.0,2.0,33.0,0.6,0.1,0.6,2.0,1830.0,13.0,7.0,0.44043715846994536
22.0,2.0,34.0,0.6,0.1,0.6,2.0,1806.0,10.0,6.0,0.44462901439645625
22.0,2.0,35.0,0.6,0.1,0.6,2.0,1760.0,11.0,4.0,0.44772727272727275
22.0,2.0,36.0,0.6,0.1,0.6,2.0,1687.0,9.0,3.0,0.45406046235921754
22.0,2.0,37.0,0.6,0.1,0.6,2.0,1648.0,7.0,5.0,0.4526699029126214
22.0,2.0,38.0,0.6,0.1,0.6,2.0,1611.0,7.0,4.0,0.4587212911235258
22.0,2.0,39.0,0.6,0.1,0.6,2.0,1609.0,11.0,5.0,0.4555624611559975
22.0,2.0,40.0,0.6,0.1,0.6,2.0,1563.0,10.0,4.0,0.4580934101087652
22.0,2.0,41.0,0.6,0.1,0.6,2.0,1547.0,11.0,6.0,0.4563671622495152
22.0,2.0,42.0,0.6,0.1,0.6,2.0,1532.0,10.0,8.0,0.45430809399477806
22.0,2.0,43.0,0.6,0.1,0.6,2.0,1503.0,12.0,6.0,0.4550898203592814
22.0,2.0,44.0,0.6,0.1,0.6,2.0,1479.0,12.0,6.0,0.4563894523326572
22.0,2.0,45.0,0.6,0.1,0.6,2.0,1453.0,11.0,4.0,0.673778389538885
22.0,2.0,46.0,0.6,0.1,0.6,2.0,1427.0,10.0,4.0,0.6713384723195515
22.0,2.0,47.0,0.6,0.1,0.6,2.0,1388.0,8.0,6.0,0.6721902017291066
22.0,2.0,48.0,0.6,0.1,0.6,2.0,1332.0,7.0,5.0,0.6786786786786787
22.0,2.0,49.0,0.6,0.1,0.6,2.0,1319.0,5.0,4.0,0.6785443517816527
22.0,2.0,50.0,0.6,0.1,0.6,2.0,1268.0,2.0,1.0,0.6821766561514195
22.0,2.0,51.0,0.6,0.1,0.6,2.0,1283.0,2.0,1.0,0.6827747466874513
22.0,2.0,52.0,0.6,0.1,0.6,2.0,1247.0,3.0,0.0,0.6800320769847634
22.0,3.0,1.0,0.6,0.1,0.6,2.0,1260.0,3.0,1.0,0.6801587301587302
22.0,3.0,2.0,0.6,0.1,0.6,2.0,1228.0,3.0,2.0,0.6799674267100977
22.0,3.0,3.0,0.6,0.1,0.6,2.0,1230.0,3.0,2.0,0.6796747967479675
22.0,3.0,4.0,0.6,0.1,0.6,2.0,1194.0,2.0,2.0,0.6775544388609716
22.0,3.0,5.0,0.6,0.1,0.6,2.0,1207.0,2.0,1.0,0.6752278376139188
22.0,3.0,6.0,0.6,0.1,0.6,2.0,1177.0,2.0,1.0,0.675446049277825
22.0,3.0,7.0,0.6,0.1,0.6,2.0,1176.0,2.0,1.0,0.6726190476190477
22.0,3.0,8.0,0.6,0.1,0.6,2.0,1145.0,2.0,1.0,0.674235807860262
22.0,3.0,9.0,0.6,0.1,0.6,2.0,1156.0,2.0,1.0,0.6730103806228374
22.0,3.0,10.0,0.6,0.1,0.6,2.0,1117.0,2.0,0.0,0.675022381378693
22.0,3.0,11.0,0.6,0.1,0.6,2.0,1110.0,2.0,0.0,0.6765765765765765
22.0,3.0,12.0,0.6,0.1,0.6,2.0,1057.0,2.0,2.0,0.6773888363292336
22.0,3.0,13.0,0.6,0.1,0.6,2.0,1052.0,2.0,2.0,0.6815589353612167
22.0,3.0,14.0,0.6,0.1,0.6,2.0,1031.0,2.0,2.0,0.6808923375363725
22.0,3.0,15.0,0.6,0.1,0.6,2.0,1031.0,1.0,0.0,0.6789524733268671
22.0,3.0,16.0,0.6,0.1,0.6,2.0,1015.0,1.0,1.0,0.6788177339901478
22.0,3.0,17.0,0.6,0.1,0.6,2.0,1010.0,2.0,1.0,0.6792079207920793
22.0,3.0,18.0,0.6,0.1,0.6,2.0,990.0,2.0,1.0,0.6767676767676768
22.0,3.0,19.0,0.6,0.1,0.6,2.0,1003.0,2.0,0.0,0.6769690927218345
22.0,3.0,20.0,0.6,0.1,0.6,2.0,1746.0,2.0,1.0,0.37628865979381443
22.0,3.0,21.0,0.6,0.1,0.6,2.0,1748.0,5.0,1.0,0.37871853546910755
22.0,3.0,22.0,0.6,0.1,0.6,2.0,1685.0,5.0,1.0,0.3821958456973294
22.0,3.0,23.0,0.6,0.1,0.6,2.0,1644.0,6.0,0.0,0.3838199513381995
22.0,3.0,24.0,0.6,0.1,0.6,2.0,1532.0,6.0,2.0,0.3870757180156658
22.0,3.0,25.0,0.6,0.1,0.6,2.0,1494.0,10.0,3.0,0.38821954484605087
22.0,3.0,26.0,0.6,0.1,0.6,2.0,1416.0,12.0,4.0,0.3912429378531073
22.0,3.0,27.0,0.6,0.1,0.6,2.0,1389.0,11.0,4.0,0.3923686105111591
22.0,3.0,28.0,0.6,0.1,0.6,2.0,1331.0,10.0,5.0,0.39519158527422993
22.0,3.0,29.0,0.6,0.1,0.6,2.0,1317.0,13.0,7.0,0.39939255884586183
22.0,3.0,30.0,0.6,0.1,0.6,2.0,1244.0,14.0,4.0,0.40514469453376206
22.0,3.0,31.0,0.6,0.1,0.6,2.0,1247.0,16.0,5.0,0.40096230954290296
22.0,3.0,32.0,0.6,0.1,0.6,2.0,1183.0,15.0,6.0,0.4057480980557904
22.0,3.0,33.0,0.6,0.1,0.6,2.0,1154.0,15.0,8.0,0.40641247833622185
22.0,3.0,34.0,0.6,0.1,0.6,2.0,1088.0,20.0,8.0,0.41452205882352944
22.0,3.0,35.0,0.6,0.1,0.6,2.0,1085.0,19.0,8.0,0.4129032258064516
22.0,3.0,36.0,0.6,0.1,0.6,2.0,1052.0,22.0,9.0,0.41920152091254753
22.0,3.0,37.0,0.6,0.1,0.6,2.0,1048.0,26.0,9.0,0.41412213740458015
22.0,3.0,38.0,0.6,0.1,0.6,2.0,1010.0,27.0,10.0,0.4188118811881188
22.0,3.0,39.0,0.6,0.1,0.6,2.0,1028.0,24.0,13.0,0.41245136186770426
22.0,3.0,40.0,0.6,0.1,0.6,2.0,978.0,26.0,17.0,0.4233128834355828
22.0,3.0,41.0,0.6,0.1,0.6,2.0,1005.0,23.0,15.0,0.41592039800995023
22.0,3.0,42.0,0.6,0.1,0.6,2.0,950.0,19.0,11.0,0.43157894736842106
22.0,3.0,43.0,0.6,0.1,0.6,2.0,965.0,17.0,7.0,0.42487046632124353
22.0,3.0,44.0,0.6,0.1,0.6,2.0,920.0,17.0,8.0,0.4391304347826087
22.0,3.0,45.0,0.6,0.1,0.6,2.0,906.0,18.0,6.0,0.6777041942604857
22.0,3.0,46.0,0.6,0.1,0.6,2.0,871.0,17.0,12.0,0.6842709529276694
22.0,3.0,47.0,0.6,0.1,0.6,2.0,848.0,11.0,9.0,0.6804245283018868
22.0,3.0,48.0,0.6,0.1,0.6,2.0,838.0,11.0,10.0,0.6825775656324582
22.0,3.0,49.0,0.6,0.1,0.6,2.0,797.0,4.0,3.0,0.6825595984943539
22.0,3.0,50.0,0.6,0.1,0.6,2.0,788.0,3.0,3.0,0.6852791878172588
22.0,3.0,51.0,0.6,0.1,0.6,2.0,773.0,1.0,1.0,0.6791720569210866
22.0,3.0,52.0,0.6,0.1,0.6,2.0,763.0,1.0,1.0,0.6828309305373526
22.0,4.0,1.0,0.6,0.1,0.6,2.0,763.0,0.0,0.0,0.6775884665792923
22.0,4.0,2.0,0.6,0.1,0.6,2.0,758.0,0.0,0.0,0.683377308707124
22.0,4.0,3.0,0.6,0.1,0.6,2.0,747.0,0.0,0.0,0.6800535475234271
22.0,4.0,4.0,0.6,0.1,0.6,2.0,746.0,0.0,0.0,0.6863270777479893
22.0,4.0,5.0,0.6,0.1,0.6,2.0,724.0,0.0,0.0,0.6795580110497238
22.0,4.0,6.0,0.6,0.1,0.6,2.0,720.0,0.0,0.0,0.6833333333333333
22.0,4.0,7.0,0.6,0.1,0.6,2.0,718.0,0.0,0.0,0.6796657381615598
22.0,4.0,8.0,0.6,0.1,0.6,2.0,715.0,0.0,0.0,0.6853146853146853
22.0,4.0,9.0,0.6,0.1,0.6,2.0,700.0,0.0,0.0,0.6785714285714286
22.0,4.0,10.0,0.6,0.1,0.6,2.0,702.0,0.0,0.0,0.6866096866096866
22.0,4.0,11.0,0.6,0.1,0.6,2.0,676.0,0.0,0.0,0.6804733727810651
22.0,4.0,12.0,0.6,0.1,0.6,2.0,677.0,0.0,0.0,0.6853766617429837
22.0,4.0,13.0,0.6,0.1,0.6,2.0,666.0,0.0,0.0,0.6786786786786787
22.0,4.0,14.0,0.6,0.1,0.6,2.0,670.0,0.0,0.0,0.6850746268656717
22.0,4.0,15.0,0.6,0.1,0.6,2.0,661.0,0.0,0.0,0.6762481089258698
22.0,4.0,16.0,0.6,0.1,0.6,2.0,669.0,0.0,0.0,0.6846038863976084
22.0,4.0,17.0,0.6,0.1,0.6,2.0,662.0,0.0,0.0,0.676737160120846
22.0,4.0,18.0,0.6,0.1,0.6,2.0,670.0,0.0,0.0,0.6850746268656717
22.0,4.0,19.0,0.6,0.1,0.6,2.0,647.0,0.0,0.0,0.6738794435857806
22.0,4.0,20.0,0.6,0.1,0.6,2.0,1181.0,0.0,0.0,0.37764606265876377
22.0,4.0,21.0,0.6,0.1,0.6,2.0,1147.0,0.0,0.0,0.37053182214472535
22.0,4.0,22.0,0.6,0.1,0.6,2.0,1077.0,0.0,0.0,0.372330547818013
22.0,4.0,23.0,0.6,0.1,0.6,2.0,1066.0,0.0,0.0,0.3696060037523452
22.0,4.0,24.0,0.6,0.1,0.6,2.0,1018.0,0.0,0.0,0.3703339882121807
22.0,4.0,25.0,0.6,0.1,0.6,2.0,1021.0,0.0,0.0,0.3672869735553379
22.0,4.0,26.0,0.6,0.1,0.6,2.0,987.0,0.0,0.0,0.3738601823708207
22.0,4.0,27.0,0.6,0.1,0.6,2.0,991.0,0.0,0.0,0.3713420787083754
22.0,4.0,28.0,0.6,0.1,0.6,2.0,972.0,0.0,0.0,0.37448559670781895
22.0,4.0,29.0,0.6,0.1,0.6,2.0,960.0,0.0,0.0,0.36875
22.0,4.0,30.0,0.6,0.1,0.6,2.0,932.0,0.0,0.0,0.37339055793991416
22.0,4.0,31.0,0.6,0.1,0.6,2.0,933.0,0.0,0.0,0.3708467309753483
22.0,4.0,32.0,0.6,0.1,0.6,2.0,929.0,0.0,0.0,0.3713670613562971
22.0,4.0,33.0,0.6,0.1,0.6,2.0,927.0,0.0,0.0,0.37001078748651567
22.0,4.0,34.0,0.6,0.1,0.6,2.0,921.0,0.0,0.0,0.3724212812160695
22.0,4.0,35.0,0.6,0.1,0.6,2.0,896.0,0.0,0.0,0.36941964285714285
22.0,4.0,36.0,0.6,0.1,0.6,2.0,884.0,0.0,0.0,0.36877828054298645
22.0,4.0,37.0,0.6,0.1,0.6,2.0,878.0,0.0,0.0,0.3690205011389522
22.0,4.0,38.0,0.6,0.1,0.6,2.0,867.0,0.0,0.0,0.3679354094579008
22.0,4.0,39.0,0.6,0.1,0.6,2.0,865.0,0.0,0.0,0.3699421965317919
22.0,4.0,40.0,0.6,0.1,0.6,2.0,850.0,0.0,0.0,0.36823529411764705
22.0,4.0,41.0,0.6,0.1,0.6,2.0,843.0,0.0,0.0,0.365361803084223
22.0,4.0,42.0,0.6,0.1,0.6,2.0,792.0,0.0,0.0,0.3787878787878788
22.0,4.0,43.0,0.6,0.1,0.6,2.0,794.0,0.0,0.0,0.37531486146095716
22.0,4.0,44.0,0.6,0.1,0.6,2.0,790.0,0.0,0.0,0.37721518987341773
22.0,4.0,45.0,0.6,0.1,0.6,2.0,775.0,0.0,0.0,0.6258064516129033
22.0,4.0,46.0,0.6,0.1,0.6,2.0,760.0,0.0,0.0,0.6276315789473684
22.0,4.0,47.0,0.6,0.1,0.6,2.0,753.0,0.0,0.0,0.6294820717131474
22.0,4.0,48.0,0.6,0.1,0.6,2.0,733.0,0.0,0.0,0.6289222373806276
22.0,4.0,49.0,0.6,0.1,0.6,2.0,728.0,0.0,0.0,0.6332417582417582
22.0,4.0,50.0,0.6,0.1,0.6,2.0,721.0,0.0,0.0,0.6338418862690708
22.0,4.0,51.0,0.6,0.1,0.6,2.0,718.0,0.0,0.0,0.6350974930362117
22.0,4.0,52.0,0.6,0.1,0.6,2.0,718.0,0.0,0.0,0.6309192200557103
22.0,5.0,1.0,0.6,0.1,0.6,2.0,696.0,0.0,0.0,0.6408045977011494
22.0,5.0,2.0,0.6,0.1,0.6,2.0,683.0,0.0,0.0,0.6383601756954612
22.0,5.0,3.0,0.6,0.1,0.6,2.0,657.0,0.0,0.0,0.6453576864535768
22.0,5.0,4.0,0.6,0.1,0.6,2.0,654.0,0.0,0.0,0.6422018348623854
22.0,5.0,5.0,0.6,0.1,0.6,2.0,652.0,0.0,0.0,0.6441717791411042
22.0,5.0,6.0,0.6,0.1,0.6,2.0,652.0,0.0,0.0,0.6411042944785276
22.0,5.0,7.0,0.6,0.1,0.6,2.0,635.0,0.0,0.0,0.6519685039370079
22.0,5.0,8.0,0.6,0.1,0.6,2.0,635.0,0.0,0.0,0.6503937007874016
22.0,5.0,9.0,0.6,0.1,0.6,2.0,602.0,0.0,0.0,0.6578073089700996
22.0,5.0,10.0,0.6,0.1,0.6,2.0,606.0,0.0,0.0,0.6567656765676567
22.0,5.0,11.0,0.6,0.1,0.6,2.0,595.0,0.0,0.0,0.6588235294117647
22.0,5.0,12.0,0.6,0.1,0.6,2.0,603.0,0.0,0.0,0.6583747927031509
22.0,5.0,13.0,0.6,0.1,0.6,2.0,587.0,0.0,0.0,0.6609880749574105
22.0,5.0,14.0,0.6,0.1,0.6,2.0,596.0,0.0,0.0,0.6577181208053692
22.0,5.0,15.0,0.6,0.1,0.6,2.0,575.0,0.0,0.0,0.6608695652173913
22.0,5.0,16.0,0.6,0.1,0.6,2.0,583.0,0.0,0.0,0.6569468267581475
22.0,5.0,17.0,0.6,0.1,0.6,2.0,572.0,0.0,0.0,0.6590909090909091
22.0,5.0,18.0,0.6,0.1,0.6,2.0,580.0,0.0,0.0,0.656896551724138
22.0,5.0,19.0,0.6,0.1,0.6,2.0,571.0,0.0,0.0,0.658493870402802
22.0,5.0,20.0,0.6,0.1,0.6,2.0,1067.0,0.0,0.0,0.3570759137769447
22.0,5.0,21.0,0.6,0.1,0.6,2.0,993.0,0.0,0.0,0.3595166163141994
22.0,5.0,22.0,0.6,0.1,0.6,2.0,996.0,0.0,0.0,0.35843373493975905
22.0,5.0,23.0,0.6,0.1,0.6,2.0,978.0,0.0,0.0,0.35991820040899797
22.0,5.0,24.0,0.6,0.1,0.6,2.0,982.0,0.0,0.0,0.35845213849287166
22.0,5.0,25.0,0.6,0.1,0.6,2.0,962.0,0.0,0.0,0.3596673596673597
22.0,5.0,26.0,0.6,0.1,0.6,2.0,963.0,0.0,0.0,0.3603322949117342
22.0,5.0,27.0,0.6,0.1,0.6,2.0,929.0,0.0,0.0,0.35844994617868675
22.0,5.0,28.0,0.6,0.1,0.6,2.0,927.0,0.0,0.0,0.36138079827400216
22.0,5.0,29.0,0.6,0.1,0.6,2.0,899.0,0.0,0.0,0.3615127919911012
22.0,5.0,30.0,0.6,0.1,0.6,2.0,899.0,0.0,0.0,0.36373748609566187
22.0,5.0,31.0,0.6,0.1,0.6,2.0,894.0,0.0,0.0,0.36129753914988816
22.0,5.0,32.0,0.6,0.1,0.6,2.0,864.0,0.0,0.0,0.36574074074074076
22.0,5.0,33.0,0.6,0.1,0.6,2.0,852.0,0.0,0.0,0.36384976525821594
22.0,5.0,34.0,0.6,0.1,0.6,2.0,839.0,0.0,0.0,0.36233611442193087
22.0,5.0,35.0,0.6,0.1,0.6,2.0,811.0,0.0,0.0,0.3686806411837238
22.0,5.0,36.0,0.6,0.1,0.6,2.0,816.0,0.0,0.0,0.3602941176470588
22.0,5.0,37.0,0.6,0.1,0.6,2.0,781.0,0.0,0.0,0.36619718309859156
22.0,5.0,38.0,0.6,0.1,0.6,2.0,788.0,0.0,0.0,0.3604060913705584
22.0,5.0,39.0,0.6,0.1,0.6,2.0,749.0,0.0,0.0,0.3671562082777036
22.0,5.0,40.0,0.6,0.1,0.6,2.0,762.0,0.0,0.0,0.36220472440944884
22.0,5.0,41.0,0.6,0.1,0.6,2.0,727.0,0.0,0.0,0.3713892709766162
22.0,5.0,42.0,0.6,0.1,0.6,2.0,708.0,0.0,0.0,0.3672316384180791
22.0,5.0,43.0,0.6,0.1,0.6,2.0,684.0,0.0,0.0,0.3742690058479532
22.0,5.0,44.0,0.6,0.1,0.6,2.0,672.0,0.0,0.0,0.36755952380952384
22.0,5.0,45.0,0.6,0.1,0.6,2.0,661.0,0.0,0.0,0.6565809379727685
22.0,5.0,46.0,0.6,0.1,0.6,2.0,669.0,0.0,0.0,0.6457399103139013
22.0,5.0,47.0,0.6,0.1,0.6,2.0,645.0,0.0,0.0,0.6542635658914728
22.0,5.0,48.0,0.6,0.1,0.6,2.0,639.0,0.0,0.0,0.6447574334898278
22.0,5.0,49.0,0.6,0.1,0.6,2.0,601.0,0.0,0.0,0.6572379367720466
22.0,5.0,50.0,0.6,0.1,0.6,2.0,610.0,0.0,0.0,0.6459016393442623
22.0,5.0,51.0,0.6,0.1,0.6,2.0,595.0,0.0,0.0,0.6554621848739496
22.0,5.0,52.0,0.6,0.1,0.6,2.0,607.0,0.0,0.0,0.6474464579901154
22.0,6.0,1.0,0.6,0.1,0.6,2.0,593.0,0.0,0.0,0.6559865092748736
22.0,6.0,2.0,0.6,0.1,0.6,2.0,606.0,0.0,0.0,0.6468646864686468
22.0,6.0,3.0,0.6,0.1,0.6,2.0,592.0,0.0,0.0,0.6570945945945946
22.0,6.0,4.0,0.6,0.1,0.6,2.0,600.0,0.0,0.0,0.6483333333333333
22.0,6.0,5.0,0.6,0.1,0.6,2.0,582.0,0.0,0.0,0.6580756013745704
22.0,6.0,6.0,0.6,0.1,0.6,2.0,595.0,0.0,0.0,0.6470588235294118
22.0,6.0,7.0,0.6,0.1,0.6,2.0,582.0,0.0,0.0,0.6580756013745704
22.0,6.0,8.0,0.6,0.1,0.6,2.0,590.0,0.0,0.0,0.6457627118644068
22.0,6.0,9.0,0.6,0.1,0.6,2.0,585.0,0.0,0.0,0.652991452991453
22.0,6.0,10.0,0.6,0.1,0.6,2.0,587.0,0.0,0.0,0.6490630323679727
22.0,6.0,11.0,0.6,0.1,0.6,2.0,580.0,0.0,0.0,0.653448275862069
22.0,6.0,12.0,0.6,0.1,0.6,2.0,583.0,0.0,0.0,0.6500857632933105
22.0,6.0,13.0,0.6,0.1,0.6,2.0,578.0,0.0,0.0,0.6557093425605537
22.0,6.0,14.0,0.6,0.1,0.6,2.0,566.0,0.0,0.0,0.6431095406360424
22.0,6.0,15.0,0.6,0.1,0.6,2.0,564.0,0.0,0.0,0.6471631205673759
22.0,6.0,16.0,0.6,0.1,0.6,2.0,564.0,0.0,0.0,0.6436170212765957
22.0,6.0,17.0,0.6,0.1,0.6,2.0,567.0,0.0,0.0,0.6490299823633157
22.0,6.0,18.0,0.6,0.1,0.6,2.0,562.0,0.0,0.0,0.6423487544483986
22.0,6.0,19.0,0.6,0.1,0.6,2.0,567.0,0.0,0.0,0.6490299823633157
22.0,6.0,20.0,0.6,0.1,0.6,2.0,1053.0,0.0,0.0,0.34283000949667614
22.0,6.0,21.0,0.6,0.1,0.6,2.0,1006.0,0.0,0.0,0.34493041749502984
22.0,6.0,22.0,0.6,0.1,0.6,2.0,991.0,0.0,0.0,0.3410696266397578
22.0,6.0,23.0,0.6,0.1,0.6,2.0,994.0,0.0,0.0,0.34507042253521125
22.0,6.0,24.0,0.6,0.1,0.6,2.0,977.0,0.0,0.0,0.34390992835209827
22.0,6.0,25.0,0.6,0.1,0.6,2.0,937.0,0.0,0.0,0.35005336179295626
22.0,6.0,26.0,0.6,0.1,0.6,2.0,901.0,0.0,0.0,0.34517203107658156
22.0,6.0,27.0,0.6,0.1,0.6,2.0,884.0,0.0,0.0,0.34728506787330315
22.0,6.0,28.0,0.6,0.1,0.6,2.0,870.0,0.0,0.0,0.3482758620689655
22.0,6.0,29.0,0.6,0.1,0.6,2.0,824.0,0.0,0.0,0.35194174757281554
22.0,6.0,30.0,0.6,0.1,0.6,2.0,841.0,0.0,0.0,0.34958382877526756
22.0,6.0,31.0,0.6,0.1,0.6,2.0,808.0,0.0,0.0,0.349009900990099
22.0,6.0,32.0,0.6,0.1,0.6,2.0,793.0,0.0,0.0,0.3530895334174023
22.0,6.0,33.0,0.6,0.1,0.6,2.0,777.0,0.0,0.0,0.35263835263835264
22.0,6.0,34.0,0.6,0.1,0.6,2.0,779.0,0.0,0.0,0.35173299101412064
22.0,6.0,35.0,0.6,0.1,0.6,2.0,756.0,0.0,0.0,0.3584656084656085
22.0,6.0,36.0,0.6,0.1,0.6,2.0,763.0,0.0,0.0,0.3577981651376147
22.0,6.0,37.0,0.6,0.1,0.6,2.0,737.0,0.0,0.0,0.36363636363636365
22.0,6.0,38.0,0.6,0.1,0.6,2.0,747.0,0.0,0.0,0.3614457831325301
22.0,6.0,39.0,0.6,0.1,0.6,2.0,725.0,0.0,0.0,0.36
22.0,6.0,40.0,0.6,0.1,0.6,2.0,735.0,0.0,0.0,0.3578231292517007
22.0,6.0,41.0,0.6,0.1,0.6,2.0,708.0,0.0,0.0,0.365819209039548
22.0,6.0,42.0,0.6,0.1,0.6,2.0,716.0,0.0,0.0,0.36312849162011174
22.0,6.0,43.0,0.6,0.1,0.6,2.0,703.0,0.0,0.0,0.36415362731152207
22.0,6.0,44.0,0.6,0.1,0.6,2.0,712.0,0.0,0.0,0.3609550561797753
22.0,6.0,45.0,0.6,0.1,0.6,2.0,701.0,0.0,0.0,0.6219686162624821
22.0,6.0,46.0,0.6,0.1,0.6,2.0,713.0,0.0,0.0,0.6213183730715287
22.0,6.0,47.0,0.6,0.1,0.6,2.0,683.0,0.0,0.0,0.6251830161054173
22.0,6.0,48.0,0.6,0.1,0.6,2.0,679.0,0.0,0.0,0.6244477172312224
22.0,6.0,49.0,0.6,0.1,0.6,2.0,670.0,0.0,0.0,0.6253731343283582
22.0,6.0,50.0,0.6,0.1,0.6,2.0,677.0,0.0,0.0,0.6233382570162481
22.0,6.0,51.0,0.6,0.1,0.6,2.0,668.0,0.0,0.0,0.625748502994012
22.0,6.0,52.0,0.6,0.1,0.6,2.0,676.0,0.0,0.0,0.6242603550295858
22.0,7.0,1.0,0.6,0.1,0.6,2.0,668.0,0.0,0.0,0.624251497005988
22.0,7.0,2.0,0.6,0.1,0.6,2.0,675.0,0.0,0.0,0.6237037037037036
22.0,7.0,3.0,0.6,0.1,0.6,2.0,666.0,0.0,0.0,0.6231231231231231
22.0,7.0,4.0,0.6,0.1,0.6,2.0,674.0,0.0,0.0,0.6231454005934718
22.0,7.0,5.0,0.6,0.1,0.6,2.0,665.0,0.0,0.0,0.6225563909774436
22.0,7.0,6.0,0.6,0.1,0.6,2.0,662.0,0.0,0.0,0.6238670694864048
22.0,7.0,7.0,0.6,0.1,0.6,2.0,653.0,0.0,0.0,0.6232771822358346
22.0,7.0,8.0,0.6,0.1,0.6,2.0,659.0,0.0,0.0,0.6236722306525038
22.0,7.0,9.0,0.6,0.1,0.6,2.0,639.0,0.0,0.0,0.6197183098591549
22.0,7.0,10.0,0.6,0.1,0.6,2.0,641.0,0.0,0.0,0.6193447737909517
22.0,7.0,11.0,0.6,0.1,0.6,2.0,634.0,0.0,0.0,0.6214511041009464
22.0,7.0,12.0,0.6,0.1,0.6,2.0,640.0,0.0,0.0,0.621875
22.0,7.0,13.0,0.6,0.1,0.6,2.0,632.0,0.0,0.0,0.6218354430379747
22.0,7.0,14.0,0.6,0.1,0.6,2.0,639.0,0.0,0.0,0.621283255086072
22.0,7.0,15.0,0.6,0.1,0.6,2.0,620.0,0.0,0.0,0.6225806451612903
22.0,7.0,16.0,0.6,0.1,0.6,2.0,626.0,0.0,0.0,0.6214057507987221
22.0,7.0,17.0,0.6,0.1,0.6,2.0,619.0,0.0,0.0,0.6235864297253635
22.0,7.0,18.0,0.6,0.1,0.6,2.0,614.0,0.0,0.0,0.6205211726384365
22.0,7.0,19.0,0.6,0.1,0.6,2.0,608.0,0.0,0.0,0.6217105263157895
22.0,7.0,20.0,0.6,0.1,0.6,2.0,1176.0,0.0,0.0,0.3239795918367347
22.0,7.0,21.0,0.6,0.1,0.6,2.0,1097.0,0.0,0.0,0.3272561531449407
22.0,7.0,22.0,0.6,0.1,0.6,2.0,1032.0,0.0,0.0,0.33430232558139533
22.0,7.0,23.0,0.6,0.1,0.6,2.0,991.0,0.0,0.0,0.3360242179616549
22.0,7.0,24.0,0.6,0.1,0.6,2.0,977.0,0.0,0.0,0.33776867963152507
22.0,7.0,25.0,0.6,0.1,0.6,2.0,979.0,0.0,0.0,0.338100102145046
22.0,7.0,26.0,0.6,0.1,0.6,2.0,929.0,0.0,0.0,0.3444564047362756
22.0,7.0,27.0,0.6,0.1,0.6,2.0,900.0,0.0,0.0,0.34
22.0,7.0,28.0,0.6,0.1,0.6,2.0,889.0,0.0,0.0,0.33970753655793023
22.0,7.0,29.0,0.6,0.1,0.6,2.0,869.0,0.0,0.0,0.33601841196777904
22.0,7.0,30.0,0.6,0.1,0.6,2.0,846.0,0.0,0.0,0.33687943262411346
22.0,7.0,31.0,0.6,0.1,0.6,2.0,856.0,0.0,0.0,0.3352803738317757
22.0,7.0,32.0,0.6,0.1,0.6,2.0,831.0,0.0,0.0,0.33935018050541516
22.0,7.0,33.0,0.6,0.1,0.6,2.0,830.0,0.0,0.0,0.3397590361445783
22.0,7.0,34.0,0.6,0.1,0.6,2.0,806.0,0.0,0.0,0.3424317617866005
22.0,7.0,35.0,0.6,0.1,0.6,2.0,801.0,0.0,0.0,0.3445692883895131
22.0,7.0,36.0,0.6,0.1,0.6,2.0,788.0,0.0,0.0,0.34390862944162437
22.0,7.0,37.0,0.6,0.1,0.6,2.0,799.0,0.0,0.0,0.3429286608260325
22.0,7.0,38.0,0.6,0.1,0.6,2.0,777.0,0.0,0.0,0.34234234234234234
22.0,7.0,39.0,0.6,0.1,0.6,2.0,772.0,0.0,0.0,0.3432642487046632
22.0,7.0,40.0,0.6,0.1,0.6,2.0,761.0,0.0,0.0,0.3442838370565046
22.0,7.0,41.0,0.6,0.1,0.6,2.0,747.0,0.0,0.0,0.3386880856760375
22.0,7.0,42.0,0.6,0.1,0.6,2.0,729.0,0.0,0.0,0.3401920438957476
22.0,7.0,43.0,0.6,0.1,0.6,2.0,729.0,0.0,0.0,0.33607681755829905
22.0,7.0,44.0,0.6,0.1,0.6,2.0,716.0,0.0,0.0,0.3407821229050279
22.0,7.0,45.0,0.6,0.1,0.6,2.0,691.0,0.0,0.0,0.5918958031837916
22.0,7.0,46.0,0.6,0.1,0.6,2.0,691.0,0.0,0.0,0.5947901591895803
22.0,7.0,47.0,0.6,0.1,0.6,2.0,690.0,0.0,0.0,0.591304347826087
22.0,7.0,48.0,0.6,0.1,0.6,2.0,690.0,0.0,0.0,0.5942028985507246
22.0,7.0,49.0,0.6,0.1,0.6,2.0,668.0,0.0,0.0,0.5973053892215568
22.0,7.0,50.0,0.6,0.1,0.6,2.0,667.0,0.0,0.0,0.5997001499250375
22.0,7.0,51.0,0.6,0.1,0.6,2.0,664.0,0.0,0.0,0.5963855421686747
22.0,7.0,52.0,0.6,0.1,0.6,2.0,665.0,0.0,0.0,0.5984962406015037
22.0,8.0,1.0,0.6,0.1,0.6,2.0,636.0,0.0,0.0,0.6069182389937107
22.0,8.0,2.0,0.6,0.1,0.6,2.0,640.0,0.0,0.0,0.60625
22.0,8.0,3.0,0.6,0.1,0.6,2.0,636.0,0.0,0.0,0.6069182389937107
22.0,8.0,4.0,0.6,0.1,0.6,2.0,639.0,0.0,0.0,0.6071987480438185
22.0,8.0,5.0,0.6,0.1,0.6,2.0,635.0,0.0,0.0,0.6062992125984252
22.0,8.0,6.0,0.6,0.1,0.6,2.0,637.0,0.0,0.0,0.6075353218210361
22.0,8.0,7.0,0.6,0.1,0.6,2.0,633.0,0.0,0.0,0.6066350710900474
22.0,8.0,8.0,0.6,0.1,0.6,2.0,635.0,0.0,0.0,0.6094488188976378
22.0,8.0,9.0,0.6,0.1,0.6,2.0,629.0,0.0,0.0,0.6104928457869634
22.0,8.0,10.0,0.6,0.1,0.6,2.0,635.0,0.0,0.0,0.6094488188976378
22.0,8.0,11.0,0.6,0.1,0.6,2.0,615.0,0.0,0.0,0.6146341463414634
22.0,8.0,12.0,0.6,0.1,0.6,2.0,620.0,0.0,0.0,0.614516129032258
22.0,8.0,13.0,0.6,0.1,0.6,2.0,613.0,0.0,0.0,0.6133768352365416
22.0,8.0,14.0,0.6,0.1,0.6,2.0,619.0,0.0,0.0,0.6138933764135702
22.0,8.0,15.0,0.6,0.1,0.6,2.0,601.0,0.0,0.0,0.6123128119800333
22.0,8.0,16.0,0.6,0.1,0.6,2.0,592.0,0.0,0.0,0.6148648648648649
22.0,8.0,17.0,0.6,0.1,0.6,2.0,577.0,0.0,0.0,0.6152512998266898
22.0,8.0,18.0,0.6,0.1,0.6,2.0,580.0,0.0,0.0,0.6137931034482759
22.0,8.0,19.0,0.6,0.1,0.6,2.0,576.0,0.0,0.0,0.6163194444444444
22.0,8.0,20.0,0.6,0.1,0.6,2.0,1058.0,0.0,0.0,0.33648393194706994
22.0,8.0,21.0,0.6,0.1,0.6,2.0,1029.0,0.0,0.0,0.3430515063168124
22.0,8.0,22.0,0.6,0.1,0.6,2.0,965.0,0.0,0.0,0.34404145077720205
22.0,8.0,23.0,0.6,0.1,0.6,2.0,935.0,0.0,0.0,0.3497326203208556
22.0,8.0,24.0,0.6,0.1,0.6,2.0,943.0,0.0,0.0,0.34358430540827145
22.0,8.0,25.0,0.6,0.1,0.6,2.0,911.0,0.0,0.0,0.3468715697036224
22.0,8.0,26.0,0.6,0.1,0.6,2.0,892.0,0.0,0.0,0.34977578475336324
22.0,8.0,27.0,0.6,0.1,0.6,2.0,871.0,0.0,0.0,0.3547646383467279
22.0,8.0,28.0,0.6,0.1,0.6,2.0,881.0,0.0,0.0,0.3473325766174801
22.0,8.0,29.0,0.6,0.1,0.6,2.0,860.0,0.0,0.0,0.35232558139534886
22.0,8.0,30.0,0.6,0.1,0.6,2.0,869.0,0.0,0.0,0.3475258918296893
22.0,8.0,31.0,0.6,0.1,0.6,2.0,832.0,0.0,0.0,0.35216346153846156
22.0,8.0,32.0,0.6,0.1,0.6,2.0,853.0,0.0,0.0,0.347010550996483
22.0,8.0,33.0,0.6,0.1,0.6,2.0,814.0,0.0,0.0,0.3525798525798526
22.0,8.0,34.0,0.6,0.1,0.6,2.0,824.0,0.0,0.0,0.3483009708737864
22.0,8.0,35.0,0.6,0.1,0.6,2.0,780.0,0.0,0.0,0.35512820512820514
22.0,8.0,36.0,0.6,0.1,0.6,2.0,801.0,0.0,0.0,0.3495630461922597
22.0,8.0,37.0,0.6,0.1,0.6,2.0,780.0,0.0,0.0,0.35512820512820514
22.0,8.0,38.0,0.6,0.1,0.6,2.0,777.0,0.0,0.0,0.3552123552123552
22.0,8.0,39.0,0.6,0.1,0.6,2.0,756.0,0.0,0.0,0.3611111111111111
22.0,8.0,40.0,0.6,0.1,0.6,2.0,753.0,0.0,0.0,0.3612217795484728
22.0,8.0,41.0,0.6,0.1,0.6,2.0,731.0,0.0,0.0,0.3679890560875513
22.0,8.0,42.0,0.6,0.1,0.6,2.0,730.0,0.0,0.0,0.36575342465753424
22.0,8.0,43.0,0.6,0.1,0.6,2.0,720.0,0.0,0.0,0.3680555555555556
22.0,8.0,44.0,0.6,0.1,0.6,2.0,713.0,0.0,0.0,0.36746143057503505
22.0,8.0,45.0,0.6,0.1,0.6,2.0,688.0,0.0,0.0,0.6409883720930233
22.0,8.0,46.0,0.6,0.1,0.6,2.0,686.0,0.0,0.0,0.6399416909620991
22.0,8.0,47.0,0.6,0.1,0.6,2.0,665.0,0.0,0.0,0.6481203007518797
22.0,8.0,48.0,0.6,0.1,0.6,2.0,664.0,0.0,0.0,0.6430722891566265
22.0,8.0,49.0,0.6,0.1,0.6,2.0,654.0,0.0,0.0,0.6467889908256881
22.0,8.0,50.0,0.6,0.1,0.6,2.0,665.0,0.0,0.0,0.6421052631578947
22.0,8.0,51.0,0.6,0.1,0.6,2.0,655.0,0.0,0.0,0.6458015267175573
22.0,8.0,52.0,0.6,0.1,0.6,2.0,660.0,0.0,0.0,0.6454545454545455
22.0,9.0,1.0,0.6,0.1,0.6,2.0,652.0,0.0,0.0,0.647239263803681
22.0,9.0,2.0,0.6,0.1,0.6,2.0,658.0,0.0,0.0,0.6458966565349544
22.0,9.0,3.0,0.6,0.1,0.6,2.0,647.0,0.0,0.0,0.6491499227202473
22.0,9.0,4.0,0.6,0.1,0.6,2.0,655.0,0.0,0.0,0.6473282442748092
22.0,9.0,5.0,0.6,0.1,0.6,2.0,622.0,0.0,0.0,0.6543408360128617
22.0,9.0,6.0,0.6,0.1,0.6,2.0,630.0,0.0,0.0,0.6523809523809524
22.0,9.0,7.0,0.6,0.1,0.6,2.0,622.0,0.0,0.0,0.6543408360128617
22.0,9.0,8.0,0.6,0.1,0.6,2.0,629.0,0.0,0.0,0.6534181240063593
22.0,9.0,9.0,0.6,0.1,0.6,2.0,621.0,0.0,0.0,0.6553945249597424
22.0,9.0,10.0,0.6,0.1,0.6,2.0,627.0,0.0,0.0,0.6555023923444976
22.0,9.0,11.0,0.6,0.1,0.6,2.0,619.0,0.0,0.0,0.6575121163166397
22.0,9.0,12.0,0.6,0.1,0.6,2.0,623.0,0.0,0.0,0.6565008025682183
22.0,9.0,13.0,0.6,0.1,0.6,2.0,606.0,0.0,0.0,0.6617161716171617
22.0,9.0,14.0,0.6,0.1,0.6,2.0,597.0,0.0,0.0,0.6599664991624791
22.0,9.0,15.0,0.6,0.1,0.6,2.0,592.0,0.0,0.0,0.6638513513513513
22.0,9.0,16.0,0.6,0.1,0.6,2.0,597.0,0.0,0.0,0.6599664991624791
22.0,9.0,17.0,0.6,0.1,0.6,2.0,592.0,0.0,0.0,0.6638513513513513
22.0,9.0,18.0,0.6,0.1,0.6,2.0,596.0,0.0,0.0,0.6610738255033557
22.0,9.0,19.0,0.6,0.1,0.6,2.0,591.0,0.0,0.0,0.6632825719120136
22.0,9.0,20.0,0.6,0.1,0.6,2.0,1019.0,0.0,0.0,0.37684003925417076
22.0,9.0,21.0,0.6,0.1,0.6,2.0,993.0,0.0,0.0,0.3826787512588117
22.0,9.0,22.0,0.6,0.1,0.6,2.0,970.0,0.0,0.0,0.3845360824742268
22.0,9.0,23.0,0.6,0.1,0.6,2.0,947.0,0.0,0.0,0.3885955649419219
22.0,9.0,24.0,0.6,0.1,0.6,2.0,917.0,0.0,0.0,0.39476553980370777
22.0,9.0,25.0,0.6,0.1,0.6,2.0,905.0,0.0,0.0,0.3966850828729282
22.0,9.0,26.0,0.6,0.1,0.6,2.0,917.0,0.0,0.0,0.39476553980370777
22.0,9.0,27.0,0.6,0.1,0.6,2.0,905.0,0.0,0.0,0.3966850828729282
22.0,9.0,28.0,0.6,0.1,0.6,2.0,889.0,0.0,0.0,0.3914510686164229
22.0,9.0,29.0,0.6,0.1,0.6,2.0,854.0,0.0,0.0,0.3957845433255269
22.0,9.0,30.0,0.6,0.1,0.6,2.0,829.0,0.0,0.0,0.39927623642943305
22.0,9.0,31.0,0.6,0.1,0.6,2.0,817.0,0.0,0.0,0.401468788249694
22.0,9.0,32.0,0.6,0.1,0.6,2.0,814.0,0.0,0.0,0.3968058968058968
22.0,9.0,33.0,0.6,0.1,0.6,2.0,785.0,0.0,0.0,0.4012738853503185
22.0,9.0,34.0,0.6,0.1,0.6,2.0,782.0,0.0,0.0,0.3976982097186701
22.0,9.0,35.0,0.6,0.1,0.6,2.0,761.0,0.0,0.0,0.40473061760841
22.0,9.0,36.0,0.6,0.1,0.6,2.0,770.0,0.0,0.0,0.3987012987012987
22.0,9.0,37.0,0.6,0.1,0.6,2.0,748.0,0.0,0.0,0.40641711229946526
22.0,9.0,38.0,0.6,0.1,0.6,2.0,759.0,0.0,0.0,0.39920948616600793
22.0,9.0,39.0,0.6,0.1,0.6,2.0,732.0,0.0,0.0,0.412568306010929
22.0,9.0,40.0,0.6,0.1,0.6,2.0,743.0,0.0,0.0,0.40511440107671604
22.0,9.0,41.0,0.6,0.1,0.6,2.0,717.0,0.0,0.0,0.41701534170153415
22.0,9.0,42.0,0.6,0.1,0.6,2.0,715.0,0.0,0.0,0.4097902097902098
22.0,9.0,43.0,0.6,0.1,0.6,2.0,707.0,0.0,0.0,0.41725601131541723
22.0,9.0,44.0,0.6,0.1,0.6,2.0,714.0,0.0,0.0,0.4103641456582633
22.0,9.0,45.0,0.6,0.1,0.6,2.0,697.0,0.0,0.0,0.667144906743185
22.0,9.0,46.0,0.6,0.1,0.6,2.0,691.0,0.0,0.0,0.658465991316932
22.0,9.0,47.0,0.6,0.1,0.6,2.0,685.0,0.0,0.0,0.6656934306569343
22.0,9.0,48.0,0.6,0.1,0.6,2.0,678.0,0.0,0.0,0.6578171091445427
22.0,9.0,49.0,0.6,0.1,0.6,2.0,671.0,0.0,0.0,0.6646795827123696
22.0,9.0,50.0,0.6,0.1,0.6,2.0,664.0,0.0,0.0,0.661144578313253
22.0,9.0,51.0,0.6,0.1,0.6,2.0,655.0,0.0,0.0,0.667175572519084
22.0,9.0,52.0,0.6,0.1,0.6,2.0,663.0,0.0,0.0,0.6621417797888386
22.0,10.0,1.0,0.6,0.1,0.6,2.0,654.0,0.0,0.0,0.6681957186544343
22.0,10.0,2.0,0.6,0.1,0.6,2.0,657.0,0.0,0.0,0.6621004566210046
22.0,10.0,3.0,0.6,0.1,0.6,2.0,653.0,0.0,0.0,0.669218989280245
22.0,10.0,4.0,0.6,0.1,0.6,2.0,661.0,0.0,0.0,0.6611195158850227
22.0,10.0,5.0,0.6,0.1,0.6,2.0,653.0,0.0,0.0,0.669218989280245
22.0,10.0,6.0,0.6,0.1,0.6,2.0,636.0,0.0,0.0,0.6650943396226415
22.0,10.0,7.0,0.6,0.1,0.6,2.0,625.0,0.0,0.0,0.6752
22.0,10.0,8.0,0.6,0.1,0.6,2.0,632.0,0.0,0.0,0.6677215189873418
22.0,10.0,9.0,0.6,0.1,0.6,2.0,623.0,0.0,0.0,0.6773675762439807
22.0,10.0,10.0,0.6,0.1,0.6,2.0,628.0,0.0,0.0,0.6687898089171974
22.0,10.0,11.0,0.6,0.1,0.6,2.0,620.0,0.0,0.0,0.6790322580645162
22.0,10.0,12.0,0.6,0.1,0.6,2.0,625.0,0.0,0.0,0.672
22.0,10.0,13.0,0.6,0.1,0.6,2.0,607.0,0.0,0.0,0.6869851729818781
22.0,10.0,14.0,0.6,0.1,0.6,2.0,609.0,0.0,0.0,0.6814449917898193
22.0,10.0,15.0,0.6,0.1,0.6,2.0,606.0,0.0,0.0,0.6848184818481848
22.0,10.0,16.0,0.6,0.1,0.6,2.0,608.0,0.0,0.0,0.6825657894736842
22.0,10.0,17.0,0.6,0.1,0.6,2.0,607.0,0.0,0.0,0.6836902800658978
22.0,10.0,18.0,0.6,0.1,0.6,2.0,608.0,0.0,0.0,0.6825657894736842
22.0,10.0,19.0,0.6,0.1,0.6,2.0,607.0,0.0,0.0,0.6836902800658978
22.0,10.0,20.0,0.6,0.1,0.6,2.0,995.0,0.0,0.0,0.4030150753768844
22.0,10.0,21.0,0.6,0.1,0.6,2.0,992.0,0.0,0.0,0.40423387096774194
22.0,10.0,22.0,0.6,0.1,0.6,2.0,955.0,0.0,0.0,0.406282722513089
22.0,10.0,23.0,0.6,0.1,0.6,2.0,934.0,0.0,0.0,0.40471092077087795
22.0,10.0,24.0,0.6,0.1,0.6,2.0,935.0,0.0,0.0,0.4042780748663102
22.0,10.0,25.0,0.6,0.1,0.6,2.0,934.0,0.0,0.0,0.40471092077087795
22.0,10.0,26.0,0.6,0.1,0.6,2.0,912.0,0.0,0.0,0.40789473684210525
22.0,10.0,27.0,0.6,0.1,0.6,2.0,910.0,0.0,0.0,0.4076923076923077
22.0,10.0,28.0,0.6,0.1,0.6,2.0,913.0,0.0,0.0,0.4085432639649507
22.0,10.0,29.0,0.6,0.1,0.6,2.0,855.0,0.0,0.0,0.41169590643274856
22.0,10.0,30.0,0.6,0.1,0.6,2.0,847.0,0.0,0.0,0.4155844155844156
22.0,10.0,31.0,0.6,0.1,0.6,2.0,801.0,0.0,0.0,0.4157303370786517
22.0,10.0,32.0,0.6,0.1,0.6,2.0,787.0,0.0,0.0,0.420584498094028
22.0,10.0,33.0,0.6,0.1,0.6,2.0,784.0,0.0,0.0,0.41964285714285715
22.0,10.0,34.0,0.6,0.1,0.6,2.0,787.0,0.0,0.0,0.420584498094028
22.0,10.0,35.0,0.6,0.1,0.6,2.0,784.0,0.0,0.0,0.41964285714285715
22.0,10.0,36.0,0.6,0.1,0.6,2.0,786.0,0.0,0.0,0.4198473282442748
22.0,10.0,37.0,0.6,0.1,0.6,2.0,772.0,0.0,0.0,0.42487046632124353
22.0,10.0,38.0,0.6,0.1,0.6,2.0,773.0,0.0,0.0,0.4243208279430789
22.0,10.0,39.0,0.6,0.1,0.6,2.0,761.0,0.0,0.0,0.4283837056504599
22.0,10.0,40.0,0.6,0.1,0.6,2.0,762.0,0.0,0.0,0.42782152230971127
22.0,10.0,41.0,0.6,0.1,0.6,2.0,761.0,0.0,0.0,0.4283837056504599
22.0,10.0,42.0,0.6,0.1,0.6,2.0,762.0,0.0,0.0,0.42782152230971127
22.0,10.0,43.0,0.6,0.1,0.6,2.0,761.0,0.0,0.0,0.4283837056504599
22.0,10.0,44.0,0.6,0.1,0.6,2.0,732.0,0.0,0.0,0.43989071038251365
22.0,10.0,45.0,0.6,0.1,0.6,2.0,697.0,0.0,0.0,0.7073170731707317
22.0,10.0,46.0,0.6,0.1,0.6,2.0,682.0,0.0,0.0,0.7067448680351907
22.0,10.0,47.0,0.6,0.1,0.6,2.0,683.0,0.0,0.0,0.7071742313323572
22.0,10.0,48.0,0.6,0.1,0.6,2.0,672.0,0.0,0.0,0.7098214285714286
22.0,10.0,49.0,0.6,0.1,0.6,2.0,650.0,0.0,0.0,0.7092307692307692
22.0,10.0,50.0,0.6,0.1,0.6,2.0,650.0,0.0,0.0,0.7092307692307692
22.0,10.0,51.0,0.6,0.1,0.6,2.0,647.0,0.0,0.0,0.7094281298299846
22.0,10.0,52.0,0.6,0.1,0.6,2.0,648.0,0.0,0.0,0.7098765432098766
23.0,1.0,1.0,0.6,0.1,0.6,2.0,5273.0,56.0,10.0,0.5897970794614071
23.0,1.0,2.0,0.6,0.1,0.6,2.0,5258.0,62.0,22.0,0.5903385317611259
23.0,1.0,3.0,0.6,0.1,0.6,2.0,5157.0,64.0,33.0,0.5894900135737832
23.0,1.0,4.0,0.6,0.1,0.6,2.0,5123.0,71.0,33.0,0.5935975014639859
23.0,1.0,5.0,0.6,0.1,0.6,2.0,5195.0,72.0,33.0,0.5963426371511068
23.0,1.0,6.0,0.6,0.1,0.6,2.0,5035.0,62.0,30.0,0.5980139026812313
23.0,1.0,7.0,0.6,0.1,0.6,2.0,4952.0,68.0,30.0,0.6001615508885298
23.0,1.0,8.0,0.6,0.1,0.6,2.0,4821.0,69.0,32.0,0.602572080481228
23.0,1.0,9.0,0.6,0.1,0.6,2.0,4665.0,75.0,30.0,0.602572347266881
23.0,1.0,10.0,0.6,0.1,0.6,2.0,4545.0,72.0,34.0,0.6026402640264027
23.0,1.0,11.0,0.6,0.1,0.6,2.0,4448.0,64.0,35.0,0.6031924460431655
23.0,1.0,12.0,0.6,0.1,0.6,2.0,4371.0,71.0,34.0,0.605353466026081
23.0,1.0,13.0,0.6,0.1,0.6,2.0,4270.0,63.0,28.0,0.6063231850117096
23.0,1.0,14.0,0.6,0.1,0.6,2.0,4148.0,57.0,25.0,0.6099324975891997
23.0,1.0,15.0,0.6,0.1,0.6,2.0,4058.0,55.0,28.0,0.60990635781173
23.0,1.0,16.0,0.6,0.1,0.6,2.0,3932.0,54.0,29.0,0.6131739572736521
23.0,1.0,17.0,0.6,0.1,0.6,2.0,3788.0,46.0,29.0,0.6129883843717001
23.0,1.0,18.0,0.6,0.1,0.6,2.0,3705.0,41.0,23.0,0.6161943319838057
23.0,1.0,19.0,0.6,0.1,0.6,2.0,3649.0,35.0,16.0,0.619073718827076
23.0,1.0,20.0,0.6,0.1,0.6,2.0,6825.0,36.0,14.0,0.32644688644688646
23.0,1.0,21.0,0.6,0.1,0.6,2.0,6515.0,48.0,18.0,0.3270913277052955
23.0,1.0,22.0,0.6,0.1,0.6,2.0,6079.0,63.0,16.0,0.3309754893897022
23.0,1.0,23.0,0.6,0.1,0.6,2.0,5713.0,61.0,20.0,0.3345002625590758
23.0,1.0,24.0,0.6,0.1,0.6,2.0,5485.0,83.0,24.0,0.3376481312670921
23.0,1.0,25.0,0.6,0.1,0.6,2.0,5285.0,92.0,31.0,0.34058656575212864
23.0,1.0,26.0,0.6,0.1,0.6,2.0,5141.0,101.0,41.0,0.34312390585489205
23.0,1.0,27.0,0.6,0.1,0.6,2.0,4967.0,108.0,42.0,0.34507751157640426
23.0,1.0,28.0,0.6,0.1,0.6,2.0,4777.0,110.0,44.0,0.3491731212057777
23.0,1.0,29.0,0.6,0.1,0.6,2.0,4595.0,117.0,42.0,0.3488574537540805
23.0,1.0,30.0,0.6,0.1,0.6,2.0,4400.0,118.0,44.0,0.35159090909090907
23.0,1.0,31.0,0.6,0.1,0.6,2.0,4282.0,124.0,54.0,0.35263895375992527
23.0,1.0,32.0,0.6,0.1,0.6,2.0,4180.0,135.0,58.0,0.35526315789473684
23.0,1.0,33.0,0.6,0.1,0.6,2.0,4108.0,136.0,59.0,0.3571080817916261
23.0,1.0,34.0,0.6,0.1,0.6,2.0,3967.0,124.0,61.0,0.3627426266700277
23.0,1.0,35.0,0.6,0.1,0.6,2.0,3849.0,117.0,57.0,0.36243180046765394
23.0,1.0,36.0,0.6,0.1,0.6,2.0,3700.0,126.0,58.0,0.3659459459459459
23.0,1.0,37.0,0.6,0.1,0.6,2.0,3544.0,119.0,51.0,0.3690744920993228
23.0,1.0,38.0,0.6,0.1,0.6,2.0,3443.0,123.0,49.0,0.3720592506534999
23.0,1.0,39.0,0.6,0.1,0.6,2.0,3384.0,130.0,55.0,0.3723404255319149
23.0,1.0,40.0,0.6,0.1,0.6,2.0,3252.0,133.0,49.0,0.37669126691266913
23.0,1.0,41.0,0.6,0.1,0.6,2.0,3203.0,138.0,60.0,0.3765220106150484
23.0,1.0,42.0,0.6,0.1,0.6,2.0,3125.0,133.0,63.0,0.3808
23.0,1.0,43.0,0.6,0.1,0.6,2.0,3054.0,134.0,77.0,0.38179436804191225
23.0,1.0,44.0,0.6,0.1,0.6,2.0,2888.0,126.0,69.0,0.3871191135734072
23.0,1.0,45.0,0.6,0.1,0.6,2.0,2798.0,127.0,58.0,0.6358112937812723
23.0,1.0,46.0,0.6,0.1,0.6,2.0,2712.0,98.0,51.0,0.6390117994100295
23.0,1.0,47.0,0.6,0.1,0.6,2.0,2655.0,88.0,50.0,0.6391713747645951
23.0,1.0,48.0,0.6,0.1,0.6,2.0,2572.0,79.0,48.0,0.645800933125972
23.0,1.0,49.0,0.6,0.1,0.6,2.0,2510.0,67.0,38.0,0.647410358565737
23.0,1.0,50.0,0.6,0.1,0.6,2.0,2453.0,61.0,34.0,0.6502242152466368
23.0,1.0,51.0,0.6,0.1,0.6,2.0,2417.0,53.0,29.0,0.6520479933802235
23.0,1.0,52.0,0.6,0.1,0.6,2.0,2367.0,54.0,28.0,0.6544148711449091
23.0,2.0,1.0,0.6,0.1,0.6,2.0,2325.0,49.0,28.0,0.6541935483870968
23.0,2.0,2.0,0.6,0.1,0.6,2.0,2298.0,46.0,26.0,0.6583986074847694
23.0,2.0,3.0,0.6,0.1,0.6,2.0,2269.0,45.0,24.0,0.6575583957690613
23.0,2.0,4.0,0.6,0.1,0.6,2.0,2199.0,40.0,22.0,0.6616643929058663
23.0,2.0,5.0,0.6,0.1,0.6,2.0,2147.0,42.0,19.0,0.6623195156031673
23.0,2.0,6.0,0.6,0.1,0.6,2.0,2097.0,36.0,16.0,0.6642823080591321
23.0,2.0,7.0,0.6,0.1,0.6,2.0,2063.0,33.0,14.0,0.6645661657779932
23.0,2.0,8.0,0.6,0.1,0.6,2.0,2031.0,36.0,21.0,0.6696208764155588
23.0,2.0,9.0,0.6,0.1,0.6,2.0,2002.0,38.0,19.0,0.6693306693306693
23.0,2.0,10.0,0.6,0.1,0.6,2.0,1977.0,40.0,19.0,0.6722306525037937
23.0,2.0,11.0,0.6,0.1,0.6,2.0,1958.0,35.0,15.0,0.6726251276813074
23.0,2.0,12.0,0.6,0.1,0.6,2.0,1926.0,37.0,17.0,0.6749740394600208
23.0,2.0,13.0,0.6,0.1,0.6,2.0,1921.0,33.0,20.0,0.6772514315460697
23.0,2.0,14.0,0.6,0.1,0.6,2.0,1886.0,31.0,18.0,0.6802757158006363
23.0,2.0,15.0,0.6,0.1,0.6,2.0,1855.0,25.0,15.0,0.6792452830188679
23.0,2.0,16.0,0.6,0.1,0.6,2.0,1837.0,27.0,10.0,0.6842678279804029
23.0,2.0,17.0,0.6,0.1,0.6,2.0,1837.0,25.0,9.0,0.6831790963527491
23.0,2.0,18.0,0.6,0.1,0.6,2.0,1805.0,22.0,11.0,0.6869806094182825
23.0,2.0,19.0,0.6,0.1,0.6,2.0,1793.0,21.0,12.0,0.6854433909648634
23.0,2.0,20.0,0.6,0.1,0.6,2.0,3307.0,24.0,12.0,0.36921681282128815
23.0,2.0,21.0,0.6,0.1,0.6,2.0,3190.0,43.0,9.0,0.3702194357366771
23.0,2.0,22.0,0.6,0.1,0.6,2.0,3139.0,41.0,11.0,0.37018158649251354
23.0,2.0,23.0,0.6,0.1,0.6,2.0,3001.0,43.0,12.0,0.37387537487504163
23.0,2.0,24.0,0.6,0.1,0.6,2.0,2897.0,48.0,18.0,0.37625129444252675
23.0,2.0,25.0,0.6,0.1,0.6,2.0,2793.0,52.0,19.0,0.3798782670963122
23.0,2.0,26.0,0.6,0.1,0.6,2.0,2704.0,57.0,23.0,0.3809171597633136
23.0,2.0,27.0,0.6,0.1,0.6,2.0,2617.0,79.0,23.0,0.38288116163546043
23.0,2.0,28.0,0.6,0.1,0.6,2.0,2523.0,73.0,30.0,0.3812921125644074
23.0,2.0,29.0,0.6,0.1,0.6,2.0,2466.0,71.0,33.0,0.38564476885644766
23.0,2.0,30.0,0.6,0.1,0.6,2.0,2396.0,76.0,42.0,0.38814691151919867
23.0,2.0,31.0,0.6,0.1,0.6,2.0,2318.0,80.0,34.0,0.3912855910267472
23.0,2.0,32.0,0.6,0.1,0.6,2.0,2235.0,85.0,36.0,0.39552572706935124
23.0,2.0,33.0,0.6,0.1,0.6,2.0,2187.0,89.0,45.0,0.3996342021033379
23.0,2.0,34.0,0.6,0.1,0.6,2.0,2155.0,105.0,48.0,0.4009280742459397
23.0,2.0,35.0,0.6,0.1,0.6,2.0,2138.0,107.0,44.0,0.40505144995322734
23.0,2.0,36.0,0.6,0.1,0.6,2.0,2098.0,109.0,41.0,0.40800762631077214
23.0,2.0,37.0,0.6,0.1,0.6,2.0,2038.0,116.0,51.0,0.4151128557409225
23.0,2.0,38.0,0.6,0.1,0.6,2.0,1989.0,119.0,53.0,0.41729512317747613
23.0,2.0,39.0,0.6,0.1,0.6,2.0,1918.0,119.0,49.0,0.4233576642335766
23.0,2.0,40.0,0.6,0.1,0.6,2.0,1878.0,113.0,50.0,0.42598509052183176
23.0,2.0,41.0,0.6,0.1,0.6,2.0,1818.0,121.0,51.0,0.4328932893289329
23.0,2.0,42.0,0.6,0.1,0.6,2.0,1799.0,122.0,60.0,0.43468593663146193
23.0,2.0,43.0,0.6,0.1,0.6,2.0,1770.0,116.0,56.0,0.4384180790960452
23.0,2.0,44.0,0.6,0.1,0.6,2.0,1734.0,114.0,60.0,0.44348327566320644
23.0,2.0,45.0,0.6,0.1,0.6,2.0,1670.0,108.0,47.0,0.6640718562874252
23.0,2.0,46.0,0.6,0.1,0.6,2.0,1637.0,101.0,52.0,0.6664630421502749
23.0,2.0,47.0,0.6,0.1,0.6,2.0,1607.0,86.0,50.0,0.6695706285003111
23.0,2.0,48.0,0.6,0.1,0.6,2.0,1523.0,74.0,46.0,0.6789231779382797
23.0,2.0,49.0,0.6,0.1,0.6,2.0,1495.0,59.0,33.0,0.6822742474916388
23.0,2.0,50.0,0.6,0.1,0.6,2.0,1470.0,49.0,24.0,0.6870748299319728
23.0,2.0,51.0,0.6,0.1,0.6,2.0,1449.0,43.0,21.0,0.6908212560386473
23.0,2.0,52.0,0.6,0.1,0.6,2.0,1426.0,39.0,26.0,0.6914446002805049
23.0,3.0,1.0,0.6,0.1,0.6,2.0,1417.0,33.0,21.0,0.6944248412138321
23.0,3.0,2.0,0.6,0.1,0.6,2.0,1380.0,28.0,18.0,0.7
23.0,3.0,3.0,0.6,0.1,0.6,2.0,1363.0,21.0,11.0,0.7050623624358033
23.0,3.0,4.0,0.6,0.1,0.6,2.0,1347.0,22.0,9.0,0.7037861915367484
23.0,3.0,5.0,0.6,0.1,0.6,2.0,1332.0,18.0,10.0,0.7102102102102102
23.0,3.0,6.0,0.6,0.1,0.6,2.0,1311.0,16.0,10.0,0.7086193745232647
23.0,3.0,7.0,0.6,0.1,0.6,2.0,1307.0,19.0,12.0,0.7100229533282326
23.0,3.0,8.0,0.6,0.1,0.6,2.0,1278.0,16.0,7.0,0.7136150234741784
23.0,3.0,9.0,0.6,0.1,0.6,2.0,1270.0,16.0,7.0,0.7173228346456693
23.0,3.0,10.0,0.6,0.1,0.6,2.0,1258.0,14.0,6.0,0.7170111287758346
23.0,3.0,11.0,0.6,0.1,0.6,2.0,1254.0,13.0,7.0,0.7185007974481659
23.0,3.0,12.0,0.6,0.1,0.6,2.0,1236.0,11.0,7.0,0.7176375404530745
23.0,3.0,13.0,0.6,0.1,0.6,2.0,1225.0,11.0,6.0,0.7175510204081633
23.0,3.0,14.0,0.6,0.1,0.6,2.0,1199.0,10.0,6.0,0.7155963302752294
23.0,3.0,15.0,0.6,0.1,0.6,2.0,1173.0,10.0,4.0,0.7144075021312873
23.0,3.0,16.0,0.6,0.1,0.6,2.0,1148.0,9.0,5.0,0.7134146341463414
23.0,3.0,17.0,0.6,0.1,0.6,2.0,1149.0,8.0,4.0,0.7136640557006092
23.0,3.0,18.0,0.6,0.1,0.6,2.0,1137.0,7.0,4.0,0.714160070360598
23.0,3.0,19.0,0.6,0.1,0.6,2.0,1134.0,7.0,2.0,0.7160493827160493
23.0,3.0,20.0,0.6,0.1,0.6,2.0,2062.0,6.0,1.0,0.3894277400581959
23.0,3.0,21.0,0.6,0.1,0.6,2.0,1975.0,7.0,1.0,0.390379746835443
23.0,3.0,22.0,0.6,0.1,0.6,2.0,1910.0,6.0,2.0,0.3910994764397906
23.0,3.0,23.0,0.6,0.1,0.6,2.0,1812.0,6.0,3.0,0.3990066225165563
23.0,3.0,24.0,0.6,0.1,0.6,2.0,1782.0,5.0,3.0,0.4006734006734007
23.0,3.0,25.0,0.6,0.1,0.6,2.0,1752.0,5.0,4.0,0.4023972602739726
23.0,3.0,26.0,0.6,0.1,0.6,2.0,1703.0,9.0,3.0,0.4004697592483852
23.0,3.0,27.0,0.6,0.1,0.6,2.0,1657.0,11.0,3.0,0.40736270368135186
23.0,3.0,28.0,0.6,0.1,0.6,2.0,1635.0,10.0,2.0,0.40856269113149846
23.0,3.0,29.0,0.6,0.1,0.6,2.0,1591.0,10.0,4.0,0.41609050911376494
23.0,3.0,30.0,0.6,0.1,0.6,2.0,1555.0,9.0,6.0,0.41672025723472667
23.0,3.0,31.0,0.6,0.1,0.6,2.0,1527.0,11.0,7.0,0.412573673870334
23.0,3.0,32.0,0.6,0.1,0.6,2.0,1502.0,16.0,6.0,0.41278295605858856
23.0,3.0,33.0,0.6,0.1,0.6,2.0,1478.0,18.0,6.0,0.41610284167794315
23.0,3.0,34.0,0.6,0.1,0.6,2.0,1429.0,15.0,7.0,0.4198740377886634
23.0,3.0,35.0,0.6,0.1,0.6,2.0,1408.0,15.0,7.0,0.42329545454545453
23.0,3.0,36.0,0.6,0.1,0.6,2.0,1351.0,14.0,6.0,0.42709104367135453
23.0,3.0,37.0,0.6,0.1,0.6,2.0,1336.0,15.0,5.0,0.4296407185628742
23.0,3.0,38.0,0.6,0.1,0.6,2.0,1316.0,15.0,5.0,0.4316109422492401
23.0,3.0,39.0,0.6,0.1,0.6,2.0,1315.0,13.0,6.0,0.4311787072243346
23.0,3.0,40.0,0.6,0.1,0.6,2.0,1279.0,14.0,7.0,0.43080531665363564
23.0,3.0,41.0,0.6,0.1,0.6,2.0,1266.0,15.0,8.0,0.4304897314375987
23.0,3.0,42.0,0.6,0.1,0.6,2.0,1243.0,13.0,8.0,0.42880128720836685
23.0,3.0,43.0,0.6,0.1,0.6,2.0,1200.0,9.0,6.0,0.43083333333333335
23.0,3.0,44.0,0.6,0.1,0.6,2.0,1171.0,9.0,7.0,0.43467122117847995
23.0,3.0,45.0,0.6,0.1,0.6,2.0,1148.0,6.0,3.0,0.6567944250871081
23.0,3.0,46.0,0.6,0.1,0.6,2.0,1130.0,5.0,4.0,0.6557522123893805
23.0,3.0,47.0,0.6,0.1,0.6,2.0,1095.0,3.0,2.0,0.6584474885844749
23.0,3.0,48.0,0.6,0.1,0.6,2.0,1078.0,3.0,2.0,0.6567717996289425
23.0,3.0,49.0,0.6,0.1,0.6,2.0,1031.0,1.0,1.0,0.6644034917555771
23.0,3.0,50.0,0.6,0.1,0.6,2.0,1035.0,1.0,1.0,0.6589371980676328
23.0,3.0,51.0,0.6,0.1,0.6,2.0,1023.0,1.0,1.0,0.6617790811339198
23.0,3.0,52.0,0.6,0.1,0.6,2.0,1024.0,1.0,0.0,0.6591796875
23.0,4.0,1.0,0.6,0.1,0.6,2.0,1011.0,1.0,1.0,0.6617210682492581
23.0,4.0,2.0,0.6,0.1,0.6,2.0,1012.0,1.0,1.0,0.6590909090909091
23.0,4.0,3.0,0.6,0.1,0.6,2.0,991.0,1.0,1.0,0.6629667003027245
23.0,4.0,4.0,0.6,0.1,0.6,2.0,990.0,0.0,0.0,0.6606060606060606
23.0,4.0,5.0,0.6,0.1,0.6,2.0,980.0,0.0,0.0,0.6622448979591836
23.0,4.0,6.0,0.6,0.1,0.6,2.0,965.0,0.0,0.0,0.661139896373057
23.0,4.0,7.0,0.6,0.1,0.6,2.0,945.0,0.0,0.0,0.6656084656084656
23.0,4.0,8.0,0.6,0.1,0.6,2.0,930.0,0.0,0.0,0.6645161290322581
23.0,4.0,9.0,0.6,0.1,0.6,2.0,920.0,0.0,0.0,0.6695652173913044
23.0,4.0,10.0,0.6,0.1,0.6,2.0,924.0,0.0,0.0,0.6677489177489178
23.0,4.0,11.0,0.6,0.1,0.6,2.0,912.0,0.0,0.0,0.668859649122807
23.0,4.0,12.0,0.6,0.1,0.6,2.0,911.0,0.0,0.0,0.6673984632272228
23.0,4.0,13.0,0.6,0.1,0.6,2.0,889.0,0.0,0.0,0.6692913385826772
23.0,4.0,14.0,0.6,0.1,0.6,2.0,889.0,0.0,0.0,0.6647919010123734
23.0,4.0,15.0,0.6,0.1,0.6,2.0,869.0,0.0,0.0,0.663981588032221
23.0,4.0,16.0,0.6,0.1,0.6,2.0,871.0,0.0,0.0,0.661308840413318
23.0,4.0,17.0,0.6,0.1,0.6,2.0,863.0,0.0,0.0,0.6628041714947857
23.0,4.0,18.0,0.6,0.1,0.6,2.0,868.0,0.0,0.0,0.6601382488479263
23.0,4.0,19.0,0.6,0.1,0.6,2.0,862.0,0.0,0.0,0.6612529002320185
23.0,4.0,20.0,0.6,0.1,0.6,2.0,1542.0,0.0,0.0,0.36964980544747084
23.0,4.0,21.0,0.6,0.1,0.6,2.0,1465.0,0.0,0.0,0.37610921501706485
23.0,4.0,22.0,0.6,0.1,0.6,2.0,1446.0,0.0,0.0,0.3769017980636238
23.0,4.0,23.0,0.6,0.1,0.6,2.0,1425.0,0.0,0.0,0.3817543859649123
23.0,4.0,24.0,0.6,0.1,0.6,2.0,1361.0,0.0,0.0,0.38648052902277735
23.0,4.0,25.0,0.6,0.1,0.6,2.0,1339.0,0.0,0.0,0.38760268857356234
23.0,4.0,26.0,0.6,0.1,0.6,2.0,1304.0,0.0,0.0,0.3918711656441718
23.0,4.0,27.0,0.6,0.1,0.6,2.0,1274.0,0.0,0.0,0.3940345368916798
23.0,4.0,28.0,0.6,0.1,0.6,2.0,1250.0,0.0,0.0,0.392
23.0,4.0,29.0,0.6,0.1,0.6,2.0,1228.0,0.0,0.0,0.3973941368078176
23.0,4.0,30.0,0.6,0.1,0.6,2.0,1204.0,0.0,0.0,0.3945182724252492
23.0,4.0,31.0,0.6,0.1,0.6,2.0,1167.0,0.0,0.0,0.39931448157669236
23.0,4.0,32.0,0.6,0.1,0.6,2.0,1165.0,0.0,0.0,0.3982832618025751
23.0,4.0,33.0,0.6,0.1,0.6,2.0,1151.0,0.0,0.0,0.4005212858384014
23.0,4.0,34.0,0.6,0.1,0.6,2.0,1120.0,0.0,0.0,0.3991071428571429
23.0,4.0,35.0,0.6,0.1,0.6,2.0,1125.0,0.0,0.0,0.3973333333333333
23.0,4.0,36.0,0.6,0.1,0.6,2.0,1117.0,0.0,0.0,0.39749328558639213
23.0,4.0,37.0,0.6,0.1,0.6,2.0,1121.0,0.0,0.0,0.39696699375557537
23.0,4.0,38.0,0.6,0.1,0.6,2.0,1098.0,0.0,0.0,0.3989071038251366
23.0,4.0,39.0,0.6,0.1,0.6,2.0,1099.0,0.0,0.0,0.3976342129208371
23.0,4.0,40.0,0.6,0.1,0.6,2.0,1073.0,0.0,0.0,0.4026095060577819
23.0,4.0,41.0,0.6,0.1,0.6,2.0,1074.0,0.0,0.0,0.3994413407821229
23.0,4.0,42.0,0.6,0.1,0.6,2.0,1065.0,0.0,0.0,0.39906103286384975
23.0,4.0,43.0,0.6,0.1,0.6,2.0,1057.0,0.0,0.0,0.4001892147587512
23.0,4.0,44.0,0.6,0.1,0.6,2.0,1044.0,0.0,0.0,0.40325670498084293
23.0,4.0,45.0,0.6,0.1,0.6,2.0,1041.0,0.0,0.0,0.6388088376560999
23.0,4.0,46.0,0.6,0.1,0.6,2.0,1008.0,0.0,0.0,0.6448412698412699
23.0,4.0,47.0,0.6,0.1,0.6,2.0,1006.0,0.0,0.0,0.6421471172962226
23.0,4.0,48.0,0.6,0.1,0.6,2.0,998.0,0.0,0.0,0.6442885771543087
23.0,4.0,49.0,0.6,0.1,0.6,2.0,1006.0,0.0,0.0,0.6411530815109344
23.0,4.0,50.0,0.6,0.1,0.6,2.0,984.0,0.0,0.0,0.6402439024390244
23.0,4.0,51.0,0.6,0.1,0.6,2.0,988.0,0.0,0.0,0.6406882591093117
23.0,4.0,52.0,0.6,0.1,0.6,2.0,963.0,0.0,0.0,0.6386292834890965
23.0,5.0,1.0,0.6,0.1,0.6,2.0,968.0,0.0,0.0,0.6394628099173554
23.0,5.0,2.0,0.6,0.1,0.6,2.0,940.0,0.0,0.0,0.6361702127659574
23.0,5.0,3.0,0.6,0.1,0.6,2.0,927.0,0.0,0.0,0.6429341963322546
23.0,5.0,4.0,0.6,0.1,0.6,2.0,888.0,0.0,0.0,0.6497747747747747
23.0,5.0,5.0,0.6,0.1,0.6,2.0,894.0,0.0,0.0,0.6498881431767338
23.0,5.0,6.0,0.6,0.1,0.6,2.0,872.0,0.0,0.0,0.6456422018348624
23.0,5.0,7.0,0.6,0.1,0.6,2.0,868.0,0.0,0.0,0.6474654377880185
23.0,5.0,8.0,0.6,0.1,0.6,2.0,857.0,0.0,0.0,0.646441073512252
23.0,5.0,9.0,0.6,0.1,0.6,2.0,859.0,0.0,0.0,0.6484284051222352
23.0,5.0,10.0,0.6,0.1,0.6,2.0,840.0,0.0,0.0,0.65
23.0,5.0,11.0,0.6,0.1,0.6,2.0,839.0,0.0,0.0,0.6531585220500596
23.0,5.0,12.0,0.6,0.1,0.6,2.0,832.0,0.0,0.0,0.6550480769230769
23.0,5.0,13.0,0.6,0.1,0.6,2.0,834.0,0.0,0.0,0.6558752997601919
23.0,5.0,14.0,0.6,0.1,0.6,2.0,826.0,0.0,0.0,0.6549636803874092
23.0,5.0,15.0,0.6,0.1,0.6,2.0,827.0,0.0,0.0,0.6553808948004837
23.0,5.0,16.0,0.6,0.1,0.6,2.0,820.0,0.0,0.0,0.6560975609756098
23.0,5.0,17.0,0.6,0.1,0.6,2.0,826.0,0.0,0.0,0.6549636803874092
23.0,5.0,18.0,0.6,0.1,0.6,2.0,814.0,0.0,0.0,0.6560196560196561
23.0,5.0,19.0,0.6,0.1,0.6,2.0,823.0,0.0,0.0,0.6549210206561361
23.0,5.0,20.0,0.6,0.1,0.6,2.0,1554.0,0.0,0.0,0.3410553410553411
23.0,5.0,21.0,0.6,0.1,0.6,2.0,1572.0,0.0,0.0,0.34096692111959287
23.0,5.0,22.0,0.6,0.1,0.6,2.0,1513.0,0.0,0.0,0.34236615994712494
23.0,5.0,23.0,0.6,0.1,0.6,2.0,1436.0,0.0,0.0,0.3474930362116992
23.0,5.0,24.0,0.6,0.1,0.6,2.0,1387.0,0.0,0.0,0.3460706560922855
23.0,5.0,25.0,0.6,0.1,0.6,2.0,1361.0,0.0,0.0,0.35488611315209406
23.0,5.0,26.0,0.6,0.1,0.6,2.0,1287.0,0.0,0.0,0.35742035742035744
23.0,5.0,27.0,0.6,0.1,0.6,2.0,1278.0,0.0,0.0,0.3591549295774648
23.0,5.0,28.0,0.6,0.1,0.6,2.0,1230.0,0.0,0.0,0.36016260162601627
23.0,5.0,29.0,0.6,0.1,0.6,2.0,1232.0,0.0,0.0,0.3612012987012987
23.0,5.0,30.0,0.6,0.1,0.6,2.0,1208.0,0.0,0.0,0.35927152317880795
23.0,5.0,31.0,0.6,0.1,0.6,2.0,1201.0,0.0,0.0,0.36219816819317235
23.0,5.0,32.0,0.6,0.1,0.6,2.0,1159.0,0.0,0.0,0.36496980155306297
23.0,5.0,33.0,0.6,0.1,0.6,2.0,1152.0,0.0,0.0,0.3654513888888889
23.0,5.0,34.0,0.6,0.1,0.6,2.0,1117.0,0.0,0.0,0.36615935541629363
23.0,5.0,35.0,0.6,0.1,0.6,2.0,1112.0,0.0,0.0,0.368705035971223
23.0,5.0,36.0,0.6,0.1,0.6,2.0,1073.0,0.0,0.0,0.37092264678471576
23.0,5.0,37.0,0.6,0.1,0.6,2.0,1084.0,0.0,0.0,0.37177121771217714
23.0,5.0,38.0,0.6,0.1,0.6,2.0,1065.0,0.0,0.0,0.37089201877934275
23.0,5.0,39.0,0.6,0.1,0.6,2.0,1082.0,0.0,0.0,0.3706099815157117
23.0,5.0,40.0,0.6,0.1,0.6,2.0,1059.0,0.0,0.0,0.3692162417374882
23.0,5.0,41.0,0.6,0.1,0.6,2.0,1063.0,0.0,0.0,0.36970837253057387
23.0,5.0,42.0,0.6,0.1,0.6,2.0,1036.0,0.0,0.0,0.3687258687258687
23.0,5.0,43.0,0.6,0.1,0.6,2.0,1050.0,0.0,0.0,0.37142857142857144
23.0,5.0,44.0,0.6,0.1,0.6,2.0,987.0,0.0,0.0,0.37487335359675783
23.0,5.0,45.0,0.6,0.1,0.6,2.0,992.0,0.0,0.0,0.623991935483871
23.0,5.0,46.0,0.6,0.1,0.6,2.0,958.0,0.0,0.0,0.6283924843423799
23.0,5.0,47.0,0.6,0.1,0.6,2.0,965.0,0.0,0.0,0.6248704663212435
23.0,5.0,48.0,0.6,0.1,0.6,2.0,935.0,0.0,0.0,0.6267379679144385
23.0,5.0,49.0,0.6,0.1,0.6,2.0,943.0,0.0,0.0,0.6267232237539767
23.0,5.0,50.0,0.6,0.1,0.6,2.0,913.0,0.0,0.0,0.624315443592552
23.0,5.0,51.0,0.6,0.1,0.6,2.0,898.0,0.0,0.0,0.6247216035634744
23.0,5.0,52.0,0.6,0.1,0.6,2.0,895.0,0.0,0.0,0.6256983240223464
23.0,6.0,1.0,0.6,0.1,0.6,2.0,880.0,0.0,0.0,0.6238636363636364
23.0,6.0,2.0,0.6,0.1,0.6,2.0,881.0,0.0,0.0,0.6254256526674233
23.0,6.0,3.0,0.6,0.1,0.6,2.0,877.0,0.0,0.0,0.6248574686431014
23.0,6.0,4.0,0.6,0.1,0.6,2.0,844.0,0.0,0.0,0.6267772511848341
23.0,6.0,5.0,0.6,0.1,0.6,2.0,829.0,0.0,0.0,0.6248492159227985
23.0,6.0,6.0,0.6,0.1,0.6,2.0,828.0,0.0,0.0,0.6231884057971014
23.0,6.0,7.0,0.6,0.1,0.6,2.0,800.0,0.0,0.0,0.6275
23.0,6.0,8.0,0.6,0.1,0.6,2.0,797.0,0.0,0.0,0.6260978670012547
23.0,6.0,9.0,0.6,0.1,0.6,2.0,785.0,0.0,0.0,0.6280254777070063
23.0,6.0,10.0,0.6,0.1,0.6,2.0,777.0,0.0,0.0,0.6241956241956242
23.0,6.0,11.0,0.6,0.1,0.6,2.0,778.0,0.0,0.0,0.6272493573264781
23.0,6.0,12.0,0.6,0.1,0.6,2.0,775.0,0.0,0.0,0.6245161290322581
23.0,6.0,13.0,0.6,0.1,0.6,2.0,774.0,0.0,0.0,0.6266149870801033
23.0,6.0,14.0,0.6,0.1,0.6,2.0,772.0,0.0,0.0,0.6256476683937824
23.0,6.0,15.0,0.6,0.1,0.6,2.0,766.0,0.0,0.0,0.6279373368146214
23.0,6.0,16.0,0.6,0.1,0.6,2.0,766.0,0.0,0.0,0.6279373368146214
23.0,6.0,17.0,0.6,0.1,0.6,2.0,750.0,0.0,0.0,0.6306666666666667
23.0,6.0,18.0,0.6,0.1,0.6,2.0,751.0,0.0,0.0,0.6271637816245007
23.0,6.0,19.0,0.6,0.1,0.6,2.0,752.0,0.0,0.0,0.6316489361702128
23.0,6.0,20.0,0.6,0.1,0.6,2.0,1328.0,0.0,0.0,0.35316265060240964
23.0,6.0,21.0,0.6,0.1,0.6,2.0,1305.0,0.0,0.0,0.35402298850574715
23.0,6.0,22.0,0.6,0.1,0.6,2.0,1268.0,0.0,0.0,0.3509463722397476
23.0,6.0,23.0,0.6,0.1,0.6,2.0,1225.0,0.0,0.0,0.35591836734693877
23.0,6.0,24.0,0.6,0.1,0.6,2.0,1183.0,0.0,0.0,0.3516483516483517
23.0,6.0,25.0,0.6,0.1,0.6,2.0,1167.0,0.0,0.0,0.35304198800342756
23.0,6.0,26.0,0.6,0.1,0.6,2.0,1155.0,0.0,0.0,0.35064935064935066
23.0,6.0,27.0,0.6,0.1,0.6,2.0,1140.0,0.0,0.0,0.3526315789473684
23.0,6.0,28.0,0.6,0.1,0.6,2.0,1121.0,0.0,0.0,0.35057983942908116
23.0,6.0,29.0,0.6,0.1,0.6,2.0,1087.0,0.0,0.0,0.35510579576816925
23.0,6.0,30.0,0.6,0.1,0.6,2.0,1070.0,0.0,0.0,0.3532710280373832
23.0,6.0,31.0,0.6,0.1,0.6,2.0,1060.0,0.0,0.0,0.35471698113207545
23.0,6.0,32.0,0.6,0.1,0.6,2.0,1040.0,0.0,0.0,0.3548076923076923
23.0,6.0,33.0,0.6,0.1,0.6,2.0,1042.0,0.0,0.0,0.3550863723608445
23.0,6.0,34.0,0.6,0.1,0.6,2.0,1021.0,0.0,0.0,0.3584720861900098
23.0,6.0,35.0,0.6,0.1,0.6,2.0,1020.0,0.0,0.0,0.3568627450980392
23.0,6.0,36.0,0.6,0.1,0.6,2.0,990.0,0.0,0.0,0.35858585858585856
23.0,6.0,37.0,0.6,0.1,0.6,2.0,980.0,0.0,0.0,0.35306122448979593
23.0,6.0,38.0,0.6,0.1,0.6,2.0,975.0,0.0,0.0,0.3558974358974359
23.0,6.0,39.0,0.6,0.1,0.6,2.0,978.0,0.0,0.0,0.35173824130879344
23.0,6.0,40.0,0.6,0.1,0.6,2.0,958.0,0.0,0.0,0.35490605427974947
23.0,6.0,41.0,0.6,0.1,0.6,2.0,941.0,0.0,0.0,0.35069075451647186
23.0,6.0,42.0,0.6,0.1,0.6,2.0,926.0,0.0,0.0,0.3531317494600432
23.0,6.0,43.0,0.6,0.1,0.6,2.0,916.0,0.0,0.0,0.34934497816593885
23.0,6.0,44.0,0.6,0.1,0.6,2.0,917.0,0.0,0.0,0.35223555070883317
23.0,6.0,45.0,0.6,0.1,0.6,2.0,913.0,0.0,0.0,0.5980284775465499
23.0,6.0,46.0,0.6,0.1,0.6,2.0,900.0,0.0,0.0,0.6022222222222222
23.0,6.0,47.0,0.6,0.1,0.6,2.0,872.0,0.0,0.0,0.6020642201834863
23.0,6.0,48.0,0.6,0.1,0.6,2.0,832.0,0.0,0.0,0.6141826923076923
23.0,6.0,49.0,0.6,0.1,0.6,2.0,832.0,0.0,0.0,0.609375
23.0,6.0,50.0,0.6,0.1,0.6,2.0,818.0,0.0,0.0,0.6161369193154034
23.0,6.0,51.0,0.6,0.1,0.6,2.0,819.0,0.0,0.0,0.6117216117216118
23.0,6.0,52.0,0.6,0.1,0.6,2.0,816.0,0.0,0.0,0.6151960784313726
23.0,7.0,1.0,0.6,0.1,0.6,2.0,812.0,0.0,0.0,0.6108374384236454
23.0,7.0,2.0,0.6,0.1,0.6,2.0,811.0,0.0,0.0,0.6128236744759556
23.0,7.0,3.0,0.6,0.1,0.6,2.0,807.0,0.0,0.0,0.6084262701363073
23.0,7.0,4.0,0.6,0.1,0.6,2.0,799.0,0.0,0.0,0.6145181476846058
23.0,7.0,5.0,0.6,0.1,0.6,2.0,796.0,0.0,0.0,0.6105527638190955
23.0,7.0,6.0,0.6,0.1,0.6,2.0,793.0,0.0,0.0,0.6141235813366961
23.0,7.0,7.0,0.6,0.1,0.6,2.0,793.0,0.0,0.0,0.6103404791929382
23.0,7.0,8.0,0.6,0.1,0.6,2.0,782.0,0.0,0.0,0.612531969309463
23.0,7.0,9.0,0.6,0.1,0.6,2.0,763.0,0.0,0.0,0.6120576671035387
23.0,7.0,10.0,0.6,0.1,0.6,2.0,765.0,0.0,0.0,0.615686274509804
23.0,7.0,11.0,0.6,0.1,0.6,2.0,761.0,0.0,0.0,0.6110381077529566
23.0,7.0,12.0,0.6,0.1,0.6,2.0,761.0,0.0,0.0,0.6162943495400789
23.0,7.0,13.0,0.6,0.1,0.6,2.0,759.0,0.0,0.0,0.61133069828722
23.0,7.0,14.0,0.6,0.1,0.6,2.0,757.0,0.0,0.0,0.6142668428005285
23.0,7.0,15.0,0.6,0.1,0.6,2.0,758.0,0.0,0.0,0.6121372031662269
23.0,7.0,16.0,0.6,0.1,0.6,2.0,758.0,0.0,0.0,0.6147757255936676
23.0,7.0,17.0,0.6,0.1,0.6,2.0,753.0,0.0,0.0,0.6122177954847278
23.0,7.0,18.0,0.6,0.1,0.6,2.0,757.0,0.0,0.0,0.6142668428005285
23.0,7.0,19.0,0.6,0.1,0.6,2.0,753.0,0.0,0.0,0.6108897742363878
23.0,7.0,20.0,0.6,0.1,0.6,2.0,1372.0,0.0,0.0,0.33819241982507287
23.0,7.0,21.0,0.6,0.1,0.6,2.0,1362.0,0.0,0.0,0.33480176211453744
23.0,7.0,22.0,0.6,0.1,0.6,2.0,1354.0,0.0,0.0,0.3353028064992615
23.0,7.0,23.0,0.6,0.1,0.6,2.0,1276.0,0.0,0.0,0.34247648902821315
23.0,7.0,24.0,0.6,0.1,0.6,2.0,1268.0,0.0,0.0,0.3470031545741325
23.0,7.0,25.0,0.6,0.1,0.6,2.0,1251.0,0.0,0.0,0.3445243804956035
23.0,7.0,26.0,0.6,0.1,0.6,2.0,1222.0,0.0,0.0,0.3486088379705401
23.0,7.0,27.0,0.6,0.1,0.6,2.0,1217.0,0.0,0.0,0.3492193919474117
23.0,7.0,28.0,0.6,0.1,0.6,2.0,1174.0,0.0,0.0,0.3543441226575809
23.0,7.0,29.0,0.6,0.1,0.6,2.0,1134.0,0.0,0.0,0.3527336860670194
23.0,7.0,30.0,0.6,0.1,0.6,2.0,1116.0,0.0,0.0,0.3575268817204301
23.0,7.0,31.0,0.6,0.1,0.6,2.0,1118.0,0.0,0.0,0.3542039355992844
23.0,7.0,32.0,0.6,0.1,0.6,2.0,1066.0,0.0,0.0,0.3611632270168856
23.0,7.0,33.0,0.6,0.1,0.6,2.0,1034.0,0.0,0.0,0.3607350096711799
23.0,7.0,34.0,0.6,0.1,0.6,2.0,1028.0,0.0,0.0,0.3647859922178988
23.0,7.0,35.0,0.6,0.1,0.6,2.0,1017.0,0.0,0.0,0.36283185840707965
23.0,7.0,36.0,0.6,0.1,0.6,2.0,1008.0,0.0,0.0,0.3680555555555556
23.0,7.0,37.0,0.6,0.1,0.6,2.0,967.0,0.0,0.0,0.3671147880041365
23.0,7.0,38.0,0.6,0.1,0.6,2.0,926.0,0.0,0.0,0.37257019438444927
23.0,7.0,39.0,0.6,0.1,0.6,2.0,916.0,0.0,0.0,0.37117903930131
23.0,7.0,40.0,0.6,0.1,0.6,2.0,882.0,0.0,0.0,0.37528344671201813
23.0,7.0,41.0,0.6,0.1,0.6,2.0,889.0,0.0,0.0,0.37232845894263217
23.0,7.0,42.0,0.6,0.1,0.6,2.0,882.0,0.0,0.0,0.37528344671201813
23.0,7.0,43.0,0.6,0.1,0.6,2.0,865.0,0.0,0.0,0.37109826589595374
23.0,7.0,44.0,0.6,0.1,0.6,2.0,836.0,0.0,0.0,0.37799043062200954
23.0,7.0,45.0,0.6,0.1,0.6,2.0,821.0,0.0,0.0,0.6479902557856273
23.0,7.0,46.0,0.6,0.1,0.6,2.0,816.0,0.0,0.0,0.6495098039215687
23.0,7.0,47.0,0.6,0.1,0.6,2.0,811.0,0.0,0.0,0.654747225647349
23.0,7.0,48.0,0.6,0.1,0.6,2.0,793.0,0.0,0.0,0.6582597730138714
23.0,7.0,49.0,0.6,0.1,0.6,2.0,788.0,0.0,0.0,0.6611675126903553
23.0,7.0,50.0,0.6,0.1,0.6,2.0,757.0,0.0,0.0,0.6644649933949802
23.0,7.0,51.0,0.6,0.1,0.6,2.0,758.0,0.0,0.0,0.662269129287599
23.0,7.0,52.0,0.6,0.1,0.6,2.0,751.0,0.0,0.0,0.6631158455392809
23.0,8.0,1.0,0.6,0.1,0.6,2.0,755.0,0.0,0.0,0.6622516556291391
23.0,8.0,2.0,0.6,0.1,0.6,2.0,750.0,0.0,0.0,0.6626666666666666
23.0,8.0,3.0,0.6,0.1,0.6,2.0,755.0,0.0,0.0,0.6635761589403973
23.0,8.0,4.0,0.6,0.1,0.6,2.0,749.0,0.0,0.0,0.6635514018691588
23.0,8.0,5.0,0.6,0.1,0.6,2.0,742.0,0.0,0.0,0.6617250673854448
23.0,8.0,6.0,0.6,0.1,0.6,2.0,737.0,0.0,0.0,0.6621438263229308
23.0,8.0,7.0,0.6,0.1,0.6,2.0,743.0,0.0,0.0,0.6621803499327052
23.0,8.0,8.0,0.6,0.1,0.6,2.0,735.0,0.0,0.0,0.6625850340136055
23.0,8.0,9.0,0.6,0.1,0.6,2.0,737.0,0.0,0.0,0.6635006784260515
23.0,8.0,10.0,0.6,0.1,0.6,2.0,735.0,0.0,0.0,0.6625850340136055
23.0,8.0,11.0,0.6,0.1,0.6,2.0,737.0,0.0,0.0,0.6635006784260515
23.0,8.0,12.0,0.6,0.1,0.6,2.0,734.0,0.0,0.0,0.6634877384196185
23.0,8.0,13.0,0.6,0.1,0.6,2.0,737.0,0.0,0.0,0.6635006784260515
23.0,8.0,14.0,0.6,0.1,0.6,2.0,734.0,0.0,0.0,0.6634877384196185
23.0,8.0,15.0,0.6,0.1,0.6,2.0,736.0,0.0,0.0,0.6630434782608695
23.0,8.0,16.0,0.6,0.1,0.6,2.0,734.0,0.0,0.0,0.6634877384196185
23.0,8.0,17.0,0.6,0.1,0.6,2.0,736.0,0.0,0.0,0.6630434782608695
23.0,8.0,18.0,0.6,0.1,0.6,2.0,734.0,0.0,0.0,0.6634877384196185
23.0,8.0,19.0,0.6,0.1,0.6,2.0,722.0,0.0,0.0,0.6662049861495845
23.0,8.0,20.0,0.6,0.1,0.6,2.0,1302.0,0.0,0.0,0.3686635944700461
23.0,8.0,21.0,0.6,0.1,0.6,2.0,1310.0,0.0,0.0,0.36717557251908395
23.0,8.0,22.0,0.6,0.1,0.6,2.0,1242.0,0.0,0.0,0.37278582930756843
23.0,8.0,23.0,0.6,0.1,0.6,2.0,1239.0,0.0,0.0,0.3704600484261501
23.0,8.0,24.0,0.6,0.1,0.6,2.0,1206.0,0.0,0.0,0.3706467661691542
23.0,8.0,25.0,0.6,0.1,0.6,2.0,1174.0,0.0,0.0,0.37137989778534924
23.0,8.0,26.0,0.6,0.1,0.6,2.0,1139.0,0.0,0.0,0.37050043898156276
23.0,8.0,27.0,0.6,0.1,0.6,2.0,1139.0,0.0,0.0,0.3713784021071115
23.0,8.0,28.0,0.6,0.1,0.6,2.0,1117.0,0.0,0.0,0.37421665174574753
23.0,8.0,29.0,0.6,0.1,0.6,2.0,1080.0,0.0,0.0,0.37962962962962965
23.0,8.0,30.0,0.6,0.1,0.6,2.0,1047.0,0.0,0.0,0.384909264565425
23.0,8.0,31.0,0.6,0.1,0.6,2.0,1042.0,0.0,0.0,0.3848368522072937
23.0,8.0,32.0,0.6,0.1,0.6,2.0,1022.0,0.0,0.0,0.38747553816046965
23.0,8.0,33.0,0.6,0.1,0.6,2.0,995.0,0.0,0.0,0.39899497487437185
23.0,8.0,34.0,0.6,0.1,0.6,2.0,976.0,0.0,0.0,0.4016393442622951
23.0,8.0,35.0,0.6,0.1,0.6,2.0,948.0,0.0,0.0,0.410337552742616
23.0,8.0,36.0,0.6,0.1,0.6,2.0,940.0,0.0,0.0,0.4106382978723404
23.0,8.0,37.0,0.6,0.1,0.6,2.0,948.0,0.0,0.0,0.410337552742616
23.0,8.0,38.0,0.6,0.1,0.6,2.0,900.0,0.0,0.0,0.42
23.0,8.0,39.0,0.6,0.1,0.6,2.0,904.0,0.0,0.0,0.42035398230088494
23.0,8.0,40.0,0.6,0.1,0.6,2.0,888.0,0.0,0.0,0.42342342342342343
23.0,8.0,41.0,0.6,0.1,0.6,2.0,887.0,0.0,0.0,0.4250281848928974
23.0,8.0,42.0,0.6,0.1,0.6,2.0,885.0,0.0,0.0,0.4248587570621469
23.0,8.0,43.0,0.6,0.1,0.6,2.0,876.0,0.0,0.0,0.4280821917808219
23.0,8.0,44.0,0.6,0.1,0.6,2.0,877.0,0.0,0.0,0.4264538198403649
23.0,8.0,45.0,0.6,0.1,0.6,2.0,865.0,0.0,0.0,0.661271676300578
23.0,8.0,46.0,0.6,0.1,0.6,2.0,827.0,0.0,0.0,0.6711003627569528
23.0,8.0,47.0,0.6,0.1,0.6,2.0,828.0,0.0,0.0,0.6714975845410628
23.0,8.0,48.0,0.6,0.1,0.6,2.0,812.0,0.0,0.0,0.6773399014778325
23.0,8.0,49.0,0.6,0.1,0.6,2.0,806.0,0.0,0.0,0.6761786600496278
23.0,8.0,50.0,0.6,0.1,0.6,2.0,792.0,0.0,0.0,0.6755050505050505
23.0,8.0,51.0,0.6,0.1,0.6,2.0,794.0,0.0,0.0,0.6750629722921915
23.0,8.0,52.0,0.6,0.1,0.6,2.0,791.0,0.0,0.0,0.6750948166877371
23.0,9.0,1.0,0.6,0.1,0.6,2.0,780.0,0.0,0.0,0.6782051282051282
23.0,9.0,2.0,0.6,0.1,0.6,2.0,778.0,0.0,0.0,0.6786632390745502
23.0,9.0,3.0,0.6,0.1,0.6,2.0,778.0,0.0,0.0,0.6773778920308483
23.0,9.0,4.0,0.6,0.1,0.6,2.0,779.0,0.0,0.0,0.6790757381258024
23.0,9.0,5.0,0.6,0.1,0.6,2.0,779.0,0.0,0.0,0.6790757381258024
23.0,9.0,6.0,0.6,0.1,0.6,2.0,778.0,0.0,0.0,0.6799485861182519
23.0,9.0,7.0,0.6,0.1,0.6,2.0,766.0,0.0,0.0,0.6827676240208878
23.0,9.0,8.0,0.6,0.1,0.6,2.0,766.0,0.0,0.0,0.6827676240208878
23.0,9.0,9.0,0.6,0.1,0.6,2.0,764.0,0.0,0.0,0.6832460732984293
23.0,9.0,10.0,0.6,0.1,0.6,2.0,762.0,0.0,0.0,0.6850393700787402
23.0,9.0,11.0,0.6,0.1,0.6,2.0,763.0,0.0,0.0,0.6841415465268676
23.0,9.0,12.0,0.6,0.1,0.6,2.0,761.0,0.0,0.0,0.6859395532194481
23.0,9.0,13.0,0.6,0.1,0.6,2.0,762.0,0.0,0.0,0.6850393700787402
23.0,9.0,14.0,0.6,0.1,0.6,2.0,761.0,0.0,0.0,0.6859395532194481
23.0,9.0,15.0,0.6,0.1,0.6,2.0,751.0,0.0,0.0,0.6844207723035952
23.0,9.0,16.0,0.6,0.1,0.6,2.0,736.0,0.0,0.0,0.6875
23.0,9.0,17.0,0.6,0.1,0.6,2.0,737.0,0.0,0.0,0.689280868385346
23.0,9.0,18.0,0.6,0.1,0.6,2.0,737.0,0.0,0.0,0.6879240162822252
23.0,9.0,19.0,0.6,0.1,0.6,2.0,736.0,0.0,0.0,0.688858695652174
23.0,9.0,20.0,0.6,0.1,0.6,2.0,1279.0,0.0,0.0,0.38702111024237684
23.0,9.0,21.0,0.6,0.1,0.6,2.0,1226.0,0.0,0.0,0.39559543230016314
23.0,9.0,22.0,0.6,0.1,0.6,2.0,1200.0,0.0,0.0,0.3983333333333333
23.0,9.0,23.0,0.6,0.1,0.6,2.0,1194.0,0.0,0.0,0.39865996649916247
23.0,9.0,24.0,0.6,0.1,0.6,2.0,1140.0,0.0,0.0,0.40964912280701754
23.0,9.0,25.0,0.6,0.1,0.6,2.0,1105.0,0.0,0.0,0.4153846153846154
23.0,9.0,26.0,0.6,0.1,0.6,2.0,1085.0,0.0,0.0,0.41566820276497696
23.0,9.0,27.0,0.6,0.1,0.6,2.0,1079.0,0.0,0.0,0.4161260426320667
23.0,9.0,28.0,0.6,0.1,0.6,2.0,1058.0,0.0,0.0,0.41965973534971646
23.0,9.0,29.0,0.6,0.1,0.6,2.0,1063.0,0.0,0.0,0.41768579492003766
23.0,9.0,30.0,0.6,0.1,0.6,2.0,1046.0,0.0,0.0,0.4216061185468451
23.0,9.0,31.0,0.6,0.1,0.6,2.0,1020.0,0.0,0.0,0.4245098039215686
23.0,9.0,32.0,0.6,0.1,0.6,2.0,1003.0,0.0,0.0,0.4267198404785643
23.0,9.0,33.0,0.6,0.1,0.6,2.0,1009.0,0.0,0.0,0.4251734390485629
23.0,9.0,34.0,0.6,0.1,0.6,2.0,993.0,0.0,0.0,0.42900302114803623
23.0,9.0,35.0,0.6,0.1,0.6,2.0,998.0,0.0,0.0,0.42685370741482964
23.0,9.0,36.0,0.6,0.1,0.6,2.0,991.0,0.0,0.0,0.42785065590312815
23.0,9.0,37.0,0.6,0.1,0.6,2.0,994.0,0.0,0.0,0.4275653923541248
23.0,9.0,38.0,0.6,0.1,0.6,2.0,946.0,0.0,0.0,0.4334038054968288
23.0,9.0,39.0,0.6,0.1,0.6,2.0,945.0,0.0,0.0,0.4328042328042328
23.0,9.0,40.0,0.6,0.1,0.6,2.0,913.0,0.0,0.0,0.43811610076670315
23.0,9.0,41.0,0.6,0.1,0.6,2.0,908.0,0.0,0.0,0.43722466960352424
23.0,9.0,42.0,0.6,0.1,0.6,2.0,902.0,0.0,0.0,0.43902439024390244
23.0,9.0,43.0,0.6,0.1,0.6,2.0,893.0,0.0,0.0,0.4412094064949608
23.0,9.0,44.0,0.6,0.1,0.6,2.0,887.0,0.0,0.0,0.44306651634723787
23.0,9.0,45.0,0.6,0.1,0.6,2.0,882.0,0.0,0.0,0.6439909297052154
23.0,9.0,46.0,0.6,0.1,0.6,2.0,864.0,0.0,0.0,0.6458333333333334
23.0,9.0,47.0,0.6,0.1,0.6,2.0,869.0,0.0,0.0,0.6432681242807825
23.0,9.0,48.0,0.6,0.1,0.6,2.0,847.0,0.0,0.0,0.6469893742621016
23.0,9.0,49.0,0.6,0.1,0.6,2.0,854.0,0.0,0.0,0.6451990632318502
23.0,9.0,50.0,0.6,0.1,0.6,2.0,844.0,0.0,0.0,0.6481042654028436
23.0,9.0,51.0,0.6,0.1,0.6,2.0,851.0,0.0,0.0,0.6462984723854289
23.0,9.0,52.0,0.6,0.1,0.6,2.0,845.0,0.0,0.0,0.6473372781065089
23.0,10.0,1.0,0.6,0.1,0.6,2.0,849.0,0.0,0.0,0.6466431095406361
23.0,10.0,2.0,0.6,0.1,0.6,2.0,842.0,0.0,0.0,0.6472684085510689
23.0,10.0,3.0,0.6,0.1,0.6,2.0,848.0,0.0,0.0,0.6474056603773585
23.0,10.0,4.0,0.6,0.1,0.6,2.0,840.0,0.0,0.0,0.65
23.0,10.0,5.0,0.6,0.1,0.6,2.0,846.0,0.0,0.0,0.648936170212766
23.0,10.0,6.0,0.6,0.1,0.6,2.0,838.0,0.0,0.0,0.6503579952267303
23.0,10.0,7.0,0.6,0.1,0.6,2.0,843.0,0.0,0.0,0.6488730723606169
23.0,10.0,8.0,0.6,0.1,0.6,2.0,837.0,0.0,0.0,0.6511350059737157
23.0,10.0,9.0,0.6,0.1,0.6,2.0,842.0,0.0,0.0,0.649643705463183
23.0,10.0,10.0,0.6,0.1,0.6,2.0,833.0,0.0,0.0,0.6530612244897959
23.0,10.0,11.0,0.6,0.1,0.6,2.0,829.0,0.0,0.0,0.6489746682750301
23.0,10.0,12.0,0.6,0.1,0.6,2.0,823.0,0.0,0.0,0.6512758201701093
23.0,10.0,13.0,0.6,0.1,0.6,2.0,806.0,0.0,0.0,0.652605459057072
23.0,10.0,14.0,0.6,0.1,0.6,2.0,797.0,0.0,0.0,0.6549560853199499
23.0,10.0,15.0,0.6,0.1,0.6,2.0,804.0,0.0,0.0,0.6529850746268657
23.0,10.0,16.0,0.6,0.1,0.6,2.0,796.0,0.0,0.0,0.6557788944723618
23.0,10.0,17.0,0.6,0.1,0.6,2.0,804.0,0.0,0.0,0.6529850746268657
23.0,10.0,18.0,0.6,0.1,0.6,2.0,799.0,0.0,0.0,0.6545682102628285
23.0,10.0,19.0,0.6,0.1,0.6,2.0,805.0,0.0,0.0,0.653416149068323
23.0,10.0,20.0,0.6,0.1,0.6,2.0,1335.0,0.0,0.0,0.37303370786516854
23.0,10.0,21.0,0.6,0.1,0.6,2.0,1320.0,0.0,0.0,0.375
23.0,10.0,22.0,0.6,0.1,0.6,2.0,1236.0,0.0,0.0,0.37702265372168287
23.0,10.0,23.0,0.6,0.1,0.6,2.0,1236.0,0.0,0.0,0.37702265372168287
23.0,10.0,24.0,0.6,0.1,0.6,2.0,1172.0,0.0,0.0,0.3856655290102389
23.0,10.0,25.0,0.6,0.1,0.6,2.0,1172.0,0.0,0.0,0.3848122866894198
23.0,10.0,26.0,0.6,0.1,0.6,2.0,1159.0,0.0,0.0,0.3856773080241588
23.0,10.0,27.0,0.6,0.1,0.6,2.0,1155.0,0.0,0.0,0.38701298701298703
23.0,10.0,28.0,0.6,0.1,0.6,2.0,1117.0,0.0,0.0,0.39301700984780663
23.0,10.0,29.0,0.6,0.1,0.6,2.0,1128.0,0.0,0.0,0.39184397163120566
23.0,10.0,30.0,0.6,0.1,0.6,2.0,1089.0,0.0,0.0,0.39669421487603307
23.0,10.0,31.0,0.6,0.1,0.6,2.0,1088.0,0.0,0.0,0.3961397058823529
23.0,10.0,32.0,0.6,0.1,0.6,2.0,1065.0,0.0,0.0,0.3971830985915493
23.0,10.0,33.0,0.6,0.1,0.6,2.0,1078.0,0.0,0.0,0.3961038961038961
23.0,10.0,34.0,0.6,0.1,0.6,2.0,1053.0,0.0,0.0,0.3969610636277303
23.0,10.0,35.0,0.6,0.1,0.6,2.0,1052.0,0.0,0.0,0.3925855513307985
23.0,10.0,36.0,0.6,0.1,0.6,2.0,1029.0,0.0,0.0,0.3935860058309038
23.0,10.0,37.0,0.6,0.1,0.6,2.0,1015.0,0.0,0.0,0.3960591133004926
23.0,10.0,38.0,0.6,0.1,0.6,2.0,991.0,0.0,0.0,0.3985872855701312
23.0,10.0,39.0,0.6,0.1,0.6,2.0,991.0,0.0,0.0,0.3985872855701312
23.0,10.0,40.0,0.6,0.1,0.6,2.0,964.0,0.0,0.0,0.4024896265560166
23.0,10.0,41.0,0.6,0.1,0.6,2.0,914.0,0.0,0.0,0.41575492341356673
23.0,10.0,42.0,0.6,0.1,0.6,2.0,907.0,0.0,0.0,0.41565600882028664
23.0,10.0,43.0,0.6,0.1,0.6,2.0,904.0,0.0,0.0,0.413716814159292
23.0,10.0,44.0,0.6,0.1,0.6,2.0,895.0,0.0,0.0,0.4145251396648045
23.0,10.0,45.0,0.6,0.1,0.6,2.0,905.0,0.0,0.0,0.6574585635359116
23.0,10.0,46.0,0.6,0.1,0.6,2.0,895.0,0.0,0.0,0.6603351955307263
23.0,10.0,47.0,0.6,0.1,0.6,2.0,879.0,0.0,0.0,0.658703071672355
23.0,10.0,48.0,0.6,0.1,0.6,2.0,868.0,0.0,0.0,0.6612903225806451
23.0,10.0,49.0,0.6,0.1,0.6,2.0,879.0,0.0,0.0,0.658703071672355
23.0,10.0,50.0,0.6,0.1,0.6,2.0,853.0,0.0,0.0,0.6647127784290738
23.0,10.0,51.0,0.6,0.1,0.6,2.0,861.0,0.0,0.0,0.6631823461091754
23.0,10.0,52.0,0.6,0.1,0.6,2.0,851.0,0.0,0.0,0.6650998824911868
24.0,1.0,1.0,0.6,0.1,0.6,2.0,5106.0,49.0,14.0,0.5949862906384645
24.0,1.0,2.0,0.6,0.1,0.6,2.0,5041.0,51.0,24.0,0.5994842293195795
24.0,1.0,3.0,0.6,0.1,0.6,2.0,4942.0,54.0,31.0,0.6001618777822744
24.0,1.0,4.0,0.6,0.1,0.6,2.0,4904.0,54.0,23.0,0.6023654159869495
24.0,1.0,5.0,0.6,0.1,0.6,2.0,4957.0,56.0,23.0,0.6003631228565665
24.0,1.0,6.0,0.6,0.1,0.6,2.0,4879.0,58.0,24.0,0.6009428161508505
24.0,1.0,7.0,0.6,0.1,0.6,2.0,4822.0,63.0,22.0,0.6026545002073829
24.0,1.0,8.0,0.6,0.1,0.6,2.0,4634.0,68.0,28.0,0.6014242555028053
24.0,1.0,9.0,0.6,0.1,0.6,2.0,4445.0,68.0,33.0,0.6038245219347581
24.0,1.0,10.0,0.6,0.1,0.6,2.0,4301.0,71.0,34.0,0.605208091141595
24.0,1.0,11.0,0.6,0.1,0.6,2.0,4141.0,68.0,33.0,0.6054093214199469
24.0,1.0,12.0,0.6,0.1,0.6,2.0,4048.0,65.0,29.0,0.6089426877470355
24.0,1.0,13.0,0.6,0.1,0.6,2.0,3963.0,74.0,39.0,0.6063588190764573
24.0,1.0,14.0,0.6,0.1,0.6,2.0,3800.0,57.0,30.0,0.6065789473684211
24.0,1.0,15.0,0.6,0.1,0.6,2.0,3744.0,51.0,27.0,0.6076388888888888
24.0,1.0,16.0,0.6,0.1,0.6,2.0,3602.0,48.0,20.0,0.6102165463631316
24.0,1.0,17.0,0.6,0.1,0.6,2.0,3526.0,43.0,21.0,0.6120249574588769
24.0,1.0,18.0,0.6,0.1,0.6,2.0,3506.0,44.0,24.0,0.6146605818596691
24.0,1.0,19.0,0.6,0.1,0.6,2.0,3441.0,44.0,25.0,0.6143562917756467
24.0,1.0,20.0,0.6,0.1,0.6,2.0,6534.0,37.0,20.0,0.3209366391184573
24.0,1.0,21.0,0.6,0.1,0.6,2.0,6180.0,46.0,18.0,0.32362459546925565
24.0,1.0,22.0,0.6,0.1,0.6,2.0,5899.0,63.0,18.0,0.32463129343956604
24.0,1.0,23.0,0.6,0.1,0.6,2.0,5598.0,77.0,26.0,0.3281529117541979
24.0,1.0,24.0,0.6,0.1,0.6,2.0,5337.0,71.0,29.0,0.32902379614015365
24.0,1.0,25.0,0.6,0.1,0.6,2.0,5116.0,93.0,39.0,0.3326817826426896
24.0,1.0,26.0,0.6,0.1,0.6,2.0,4882.0,103.0,44.0,0.3357230643179025
24.0,1.0,27.0,0.6,0.1,0.6,2.0,4704.0,114.0,54.0,0.3394982993197279
24.0,1.0,28.0,0.6,0.1,0.6,2.0,4588.0,115.0,47.0,0.3415431560592851
24.0,1.0,29.0,0.6,0.1,0.6,2.0,4352.0,117.0,51.0,0.3446691176470588
24.0,1.0,30.0,0.6,0.1,0.6,2.0,4181.0,106.0,50.0,0.34872040181774694
24.0,1.0,31.0,0.6,0.1,0.6,2.0,4114.0,128.0,64.0,0.3497812348079728
24.0,1.0,32.0,0.6,0.1,0.6,2.0,3887.0,141.0,55.0,0.35785953177257523
24.0,1.0,33.0,0.6,0.1,0.6,2.0,3788.0,148.0,58.0,0.3595564941921858
24.0,1.0,34.0,0.6,0.1,0.6,2.0,3607.0,147.0,64.0,0.36456889381757696
24.0,1.0,35.0,0.6,0.1,0.6,2.0,3541.0,155.0,81.0,0.36458627506354135
24.0,1.0,36.0,0.6,0.1,0.6,2.0,3433.0,168.0,81.0,0.3687736673463443
24.0,1.0,37.0,0.6,0.1,0.6,2.0,3317.0,160.0,74.0,0.3735302984624661
24.0,1.0,38.0,0.6,0.1,0.6,2.0,3217.0,155.0,65.0,0.3779919179359652
24.0,1.0,39.0,0.6,0.1,0.6,2.0,3136.0,155.0,63.0,0.3823341836734694
24.0,1.0,40.0,0.6,0.1,0.6,2.0,3028.0,165.0,73.0,0.38837516512549536
24.0,1.0,41.0,0.6,0.1,0.6,2.0,2885.0,154.0,74.0,0.395840554592721
24.0,1.0,42.0,0.6,0.1,0.6,2.0,2780.0,156.0,75.0,0.39928057553956836
24.0,1.0,43.0,0.6,0.1,0.6,2.0,2694.0,140.0,73.0,0.4038604305864885
24.0,1.0,44.0,0.6,0.1,0.6,2.0,2589.0,137.0,71.0,0.41135573580533025
24.0,1.0,45.0,0.6,0.1,0.6,2.0,2483.0,119.0,58.0,0.6669351590817559
24.0,1.0,46.0,0.6,0.1,0.6,2.0,2385.0,102.0,41.0,0.670020964360587
24.0,1.0,47.0,0.6,0.1,0.6,2.0,2330.0,90.0,49.0,0.672961373390558
24.0,1.0,48.0,0.6,0.1,0.6,2.0,2292.0,80.0,41.0,0.675392670157068
24.0,1.0,49.0,0.6,0.1,0.6,2.0,2257.0,77.0,47.0,0.6770048737261852
24.0,1.0,50.0,0.6,0.1,0.6,2.0,2192.0,58.0,34.0,0.6811131386861314
24.0,1.0,51.0,0.6,0.1,0.6,2.0,2146.0,51.0,37.0,0.6798695246971109
24.0,1.0,52.0,0.6,0.1,0.6,2.0,2109.0,48.0,29.0,0.6818397344713134
24.0,2.0,1.0,0.6,0.1,0.6,2.0,2078.0,39.0,24.0,0.6814244465832531
24.0,2.0,2.0,0.6,0.1,0.6,2.0,2025.0,30.0,19.0,0.688395061728395
24.0,2.0,3.0,0.6,0.1,0.6,2.0,2002.0,27.0,18.0,0.6893106893106893
24.0,2.0,4.0,0.6,0.1,0.6,2.0,1942.0,20.0,13.0,0.6905252317198765
24.0,2.0,5.0,0.6,0.1,0.6,2.0,1886.0,13.0,8.0,0.6956521739130435
24.0,2.0,6.0,0.6,0.1,0.6,2.0,1873.0,11.0,5.0,0.6972770955686065
24.0,2.0,7.0,0.6,0.1,0.6,2.0,1844.0,9.0,5.0,0.6957700650759219
24.0,2.0,8.0,0.6,0.1,0.6,2.0,1827.0,6.0,5.0,0.6978653530377669
24.0,2.0,9.0,0.6,0.1,0.6,2.0,1818.0,5.0,5.0,0.6969196919691969
24.0,2.0,10.0,0.6,0.1,0.6,2.0,1804.0,5.0,3.0,0.6962305986696231
24.0,2.0,11.0,0.6,0.1,0.6,2.0,1767.0,3.0,1.0,0.6960950764006791
24.0,2.0,12.0,0.6,0.1,0.6,2.0,1752.0,2.0,1.0,0.6963470319634704
24.0,2.0,13.0,0.6,0.1,0.6,2.0,1738.0,2.0,1.0,0.6979286536248561
24.0,2.0,14.0,0.6,0.1,0.6,2.0,1728.0,2.0,1.0,0.6979166666666666
24.0,2.0,15.0,0.6,0.1,0.6,2.0,1716.0,2.0,0.0,0.6981351981351981
24.0,2.0,16.0,0.6,0.1,0.6,2.0,1684.0,2.0,1.0,0.7001187648456056
24.0,2.0,17.0,0.6,0.1,0.6,2.0,1676.0,2.0,2.0,0.7004773269689738
24.0,2.0,18.0,0.6,0.1,0.6,2.0,1664.0,2.0,2.0,0.7001201923076923
24.0,2.0,19.0,0.6,0.1,0.6,2.0,1633.0,2.0,1.0,0.7017758726270668
24.0,2.0,20.0,0.6,0.1,0.6,2.0,2926.0,1.0,0.0,0.38824333561175667
24.0,2.0,21.0,0.6,0.1,0.6,2.0,2738.0,1.0,0.0,0.3889700511322133
24.0,2.0,22.0,0.6,0.1,0.6,2.0,2598.0,1.0,0.0,0.39107005388760585
24.0,2.0,23.0,0.6,0.1,0.6,2.0,2530.0,1.0,1.0,0.39288537549407115
24.0,2.0,24.0,0.6,0.1,0.6,2.0,2481.0,4.0,1.0,0.3958081418782749
24.0,2.0,25.0,0.6,0.1,0.6,2.0,2467.0,4.0,3.0,0.3956222132144305
24.0,2.0,26.0,0.6,0.1,0.6,2.0,2390.0,1.0,1.0,0.39748953974895396
24.0,2.0,27.0,0.6,0.1,0.6,2.0,2342.0,3.0,1.0,0.39837745516652434
24.0,2.0,28.0,0.6,0.1,0.6,2.0,2254.0,3.0,0.0,0.4023957409050577
24.0,2.0,29.0,0.6,0.1,0.6,2.0,2139.0,3.0,0.0,0.40392706872370265
24.0,2.0,30.0,0.6,0.1,0.6,2.0,2085.0,3.0,1.0,0.4062350119904077
24.0,2.0,31.0,0.6,0.1,0.6,2.0,2069.0,5.0,3.0,0.4064765587240213
24.0,2.0,32.0,0.6,0.1,0.6,2.0,1987.0,6.0,3.0,0.4076497232008052
24.0,2.0,33.0,0.6,0.1,0.6,2.0,1938.0,6.0,2.0,0.4086687306501548
24.0,2.0,34.0,0.6,0.1,0.6,2.0,1855.0,4.0,2.0,0.4091644204851752
24.0,2.0,35.0,0.6,0.1,0.6,2.0,1823.0,4.0,2.0,0.4108612177729018
24.0,2.0,36.0,0.6,0.1,0.6,2.0,1785.0,6.0,3.0,0.41120448179271707
24.0,2.0,37.0,0.6,0.1,0.6,2.0,1769.0,5.0,1.0,0.41209723007348786
24.0,2.0,38.0,0.6,0.1,0.6,2.0,1749.0,5.0,3.0,0.4128073184676958
24.0,2.0,39.0,0.6,0.1,0.6,2.0,1733.0,5.0,2.0,0.41315637622619733
24.0,2.0,40.0,0.6,0.1,0.6,2.0,1668.0,5.0,3.0,0.41786570743405277
24.0,2.0,41.0,0.6,0.1,0.6,2.0,1652.0,3.0,1.0,0.4188861985472155
24.0,2.0,42.0,0.6,0.1,0.6,2.0,1599.0,3.0,2.0,0.41776110068792993
24.0,2.0,43.0,0.6,0.1,0.6,2.0,1559.0,3.0,1.0,0.41821680564464403
24.0,2.0,44.0,0.6,0.1,0.6,2.0,1532.0,5.0,1.0,0.4197127937336815
24.0,2.0,45.0,0.6,0.1,0.6,2.0,1514.0,4.0,2.0,0.6677675033025099
24.0,2.0,46.0,0.6,0.1,0.6,2.0,1482.0,4.0,3.0,0.6686909581646424
24.0,2.0,47.0,0.6,0.1,0.6,2.0,1423.0,4.0,3.0,0.6690091356289529
24.0,2.0,48.0,0.6,0.1,0.6,2.0,1376.0,3.0,1.0,0.6729651162790697
24.0,2.0,49.0,0.6,0.1,0.6,2.0,1358.0,3.0,0.0,0.6715758468335787
24.0,2.0,50.0,0.6,0.1,0.6,2.0,1350.0,3.0,1.0,0.6725925925925926
24.0,2.0,51.0,0.6,0.1,0.6,2.0,1343.0,4.0,3.0,0.6723752792256142
24.0,2.0,52.0,0.6,0.1,0.6,2.0,1317.0,5.0,3.0,0.6735003796507213
24.0,3.0,1.0,0.6,0.1,0.6,2.0,1309.0,4.0,2.0,0.6730328495034378
24.0,3.0,2.0,0.6,0.1,0.6,2.0,1299.0,4.0,1.0,0.6735950731331793
24.0,3.0,3.0,0.6,0.1,0.6,2.0,1274.0,4.0,2.0,0.6726844583987441
24.0,3.0,4.0,0.6,0.1,0.6,2.0,1269.0,6.0,3.0,0.6745468873128447
24.0,3.0,5.0,0.6,0.1,0.6,2.0,1253.0,5.0,2.0,0.6775738228252195
24.0,3.0,6.0,0.6,0.1,0.6,2.0,1245.0,4.0,2.0,0.678714859437751
24.0,3.0,7.0,0.6,0.1,0.6,2.0,1223.0,4.0,1.0,0.6762060506950123
24.0,3.0,8.0,0.6,0.1,0.6,2.0,1217.0,4.0,3.0,0.6787181594083813
24.0,3.0,9.0,0.6,0.1,0.6,2.0,1192.0,4.0,2.0,0.6803691275167785
24.0,3.0,10.0,0.6,0.1,0.6,2.0,1187.0,4.0,3.0,0.6798652064026959
24.0,3.0,11.0,0.6,0.1,0.6,2.0,1167.0,3.0,2.0,0.6795201371036846
24.0,3.0,12.0,0.6,0.1,0.6,2.0,1145.0,3.0,2.0,0.6786026200873363
24.0,3.0,13.0,0.6,0.1,0.6,2.0,1144.0,2.0,1.0,0.6756993006993007
24.0,3.0,14.0,0.6,0.1,0.6,2.0,1119.0,1.0,0.0,0.677390527256479
24.0,3.0,15.0,0.6,0.1,0.6,2.0,1115.0,1.0,1.0,0.6753363228699552
24.0,3.0,16.0,0.6,0.1,0.6,2.0,1096.0,1.0,1.0,0.677007299270073
24.0,3.0,17.0,0.6,0.1,0.6,2.0,1095.0,1.0,1.0,0.6757990867579908
24.0,3.0,18.0,0.6,0.1,0.6,2.0,1090.0,0.0,0.0,0.6761467889908257
24.0,3.0,19.0,0.6,0.1,0.6,2.0,1071.0,0.0,0.0,0.6760037348272643
24.0,3.0,20.0,0.6,0.1,0.6,2.0,1900.0,0.0,0.0,0.3757894736842105
24.0,3.0,21.0,0.6,0.1,0.6,2.0,1884.0,0.0,0.0,0.37579617834394907
24.0,3.0,22.0,0.6,0.1,0.6,2.0,1840.0,0.0,0.0,0.3755434782608696
24.0,3.0,23.0,0.6,0.1,0.6,2.0,1778.0,0.0,0.0,0.37682789651293586
24.0,3.0,24.0,0.6,0.1,0.6,2.0,1740.0,0.0,0.0,0.3781609195402299
24.0,3.0,25.0,0.6,0.1,0.6,2.0,1676.0,0.0,0.0,0.38126491646778043
24.0,3.0,26.0,0.6,0.1,0.6,2.0,1654.0,0.0,0.0,0.3851269649334946
24.0,3.0,27.0,0.6,0.1,0.6,2.0,1605.0,0.0,0.0,0.3850467289719626
24.0,3.0,28.0,0.6,0.1,0.6,2.0,1574.0,0.0,0.0,0.3856416772554003
24.0,3.0,29.0,0.6,0.1,0.6,2.0,1547.0,0.0,0.0,0.3878474466709761
24.0,3.0,30.0,0.6,0.1,0.6,2.0,1501.0,0.0,0.0,0.3844103930712858
24.0,3.0,31.0,0.6,0.1,0.6,2.0,1460.0,0.0,0.0,0.38835616438356163
24.0,3.0,32.0,0.6,0.1,0.6,2.0,1431.0,0.0,0.0,0.389937106918239
24.0,3.0,33.0,0.6,0.1,0.6,2.0,1399.0,0.0,0.0,0.39385275196568975
24.0,3.0,34.0,0.6,0.1,0.6,2.0,1370.0,0.0,0.0,0.39197080291970804
24.0,3.0,35.0,0.6,0.1,0.6,2.0,1351.0,0.0,0.0,0.3930421909696521
24.0,3.0,36.0,0.6,0.1,0.6,2.0,1317.0,0.0,0.0,0.3917995444191344
24.0,3.0,37.0,0.6,0.1,0.6,2.0,1306.0,0.0,0.0,0.3943338437978561
24.0,3.0,38.0,0.6,0.1,0.6,2.0,1283.0,0.0,0.0,0.39438815276695244
24.0,3.0,39.0,0.6,0.1,0.6,2.0,1241.0,0.0,0.0,0.39564867042707497
24.0,3.0,40.0,0.6,0.1,0.6,2.0,1225.0,0.0,0.0,0.39591836734693875
24.0,3.0,41.0,0.6,0.1,0.6,2.0,1224.0,0.0,0.0,0.3954248366013072
24.0,3.0,42.0,0.6,0.1,0.6,2.0,1196.0,0.0,0.0,0.3979933110367893
24.0,3.0,43.0,0.6,0.1,0.6,2.0,1185.0,0.0,0.0,0.3983122362869198
24.0,3.0,44.0,0.6,0.1,0.6,2.0,1163.0,0.0,0.0,0.3963886500429923
24.0,3.0,45.0,0.6,0.1,0.6,2.0,1134.0,0.0,0.0,0.6463844797178131
24.0,3.0,46.0,0.6,0.1,0.6,2.0,1120.0,0.0,0.0,0.6446428571428572
24.0,3.0,47.0,0.6,0.1,0.6,2.0,1087.0,0.0,0.0,0.6458141674333027
24.0,3.0,48.0,0.6,0.1,0.6,2.0,1083.0,0.0,0.0,0.644506001846722
24.0,3.0,49.0,0.6,0.1,0.6,2.0,1058.0,0.0,0.0,0.6465028355387523
24.0,3.0,50.0,0.6,0.1,0.6,2.0,1061.0,0.0,0.0,0.644674835061263
24.0,3.0,51.0,0.6,0.1,0.6,2.0,1035.0,0.0,0.0,0.6444444444444445
24.0,3.0,52.0,0.6,0.1,0.6,2.0,1033.0,0.0,0.0,0.6418199419167473
24.0,4.0,1.0,0.6,0.1,0.6,2.0,1026.0,0.0,0.0,0.6423001949317739
24.0,4.0,2.0,0.6,0.1,0.6,2.0,1015.0,0.0,0.0,0.6443349753694582
24.0,4.0,3.0,0.6,0.1,0.6,2.0,1003.0,0.0,0.0,0.6450648055832503
24.0,4.0,4.0,0.6,0.1,0.6,2.0,992.0,0.0,0.0,0.6431451612903226
24.0,4.0,5.0,0.6,0.1,0.6,2.0,965.0,0.0,0.0,0.6435233160621762
24.0,4.0,6.0,0.6,0.1,0.6,2.0,967.0,0.0,0.0,0.6421923474663909
24.0,4.0,7.0,0.6,0.1,0.6,2.0,958.0,0.0,0.0,0.6419624217118998
24.0,4.0,8.0,0.6,0.1,0.6,2.0,951.0,0.0,0.0,0.6435331230283912
24.0,4.0,9.0,0.6,0.1,0.6,2.0,934.0,0.0,0.0,0.6445396145610278
24.0,4.0,10.0,0.6,0.1,0.6,2.0,927.0,0.0,0.0,0.6461704422869471
24.0,4.0,11.0,0.6,0.1,0.6,2.0,923.0,0.0,0.0,0.6446370530877573
24.0,4.0,12.0,0.6,0.1,0.6,2.0,920.0,0.0,0.0,0.6456521739130435
24.0,4.0,13.0,0.6,0.1,0.6,2.0,916.0,0.0,0.0,0.6451965065502183
24.0,4.0,14.0,0.6,0.1,0.6,2.0,917.0,0.0,0.0,0.6444929116684842
24.0,4.0,15.0,0.6,0.1,0.6,2.0,914.0,0.0,0.0,0.6466083150984683
24.0,4.0,16.0,0.6,0.1,0.6,2.0,897.0,0.0,0.0,0.6454849498327759
24.0,4.0,17.0,0.6,0.1,0.6,2.0,886.0,0.0,0.0,0.6467268623024831
24.0,4.0,18.0,0.6,0.1,0.6,2.0,881.0,0.0,0.0,0.64472190692395
24.0,4.0,19.0,0.6,0.1,0.6,2.0,875.0,0.0,0.0,0.6445714285714286
24.0,4.0,20.0,0.6,0.1,0.6,2.0,1558.0,0.0,0.0,0.3626444159178434
24.0,4.0,21.0,0.6,0.1,0.6,2.0,1516.0,0.0,0.0,0.35883905013192613
24.0,4.0,22.0,0.6,0.1,0.6,2.0,1488.0,0.0,0.0,0.36155913978494625
24.0,4.0,23.0,0.6,0.1,0.6,2.0,1428.0,0.0,0.0,0.36904761904761907
24.0,4.0,24.0,0.6,0.1,0.6,2.0,1364.0,0.0,0.0,0.37609970674486803
24.0,4.0,25.0,0.6,0.1,0.6,2.0,1320.0,0.0,0.0,0.37727272727272726
24.0,4.0,26.0,0.6,0.1,0.6,2.0,1290.0,0.0,0.0,0.3813953488372093
24.0,4.0,27.0,0.6,0.1,0.6,2.0,1262.0,0.0,0.0,0.38114104595879555
24.0,4.0,28.0,0.6,0.1,0.6,2.0,1190.0,0.0,0.0,0.3831932773109244
24.0,4.0,29.0,0.6,0.1,0.6,2.0,1194.0,0.0,0.0,0.3777219430485762
24.0,4.0,30.0,0.6,0.1,0.6,2.0,1163.0,0.0,0.0,0.3791917454858126
24.0,4.0,31.0,0.6,0.1,0.6,2.0,1150.0,0.0,0.0,0.37565217391304345
24.0,4.0,32.0,0.6,0.1,0.6,2.0,1113.0,0.0,0.0,0.38005390835579517
24.0,4.0,33.0,0.6,0.1,0.6,2.0,1103.0,0.0,0.0,0.38168631006346326
24.0,4.0,34.0,0.6,0.1,0.6,2.0,1085.0,0.0,0.0,0.38341013824884795
24.0,4.0,35.0,0.6,0.1,0.6,2.0,1089.0,0.0,0.0,0.3810835629017447
24.0,4.0,36.0,0.6,0.1,0.6,2.0,1056.0,0.0,0.0,0.38636363636363635
24.0,4.0,37.0,0.6,0.1,0.6,2.0,1070.0,0.0,0.0,0.3822429906542056
24.0,4.0,38.0,0.6,0.1,0.6,2.0,1044.0,0.0,0.0,0.3850574712643678
24.0,4.0,39.0,0.6,0.1,0.6,2.0,1068.0,0.0,0.0,0.38108614232209737
24.0,4.0,40.0,0.6,0.1,0.6,2.0,1035.0,0.0,0.0,0.38357487922705313
24.0,4.0,41.0,0.6,0.1,0.6,2.0,1049.0,0.0,0.0,0.3813155386081983
24.0,4.0,42.0,0.6,0.1,0.6,2.0,1029.0,0.0,0.0,0.3848396501457726
24.0,4.0,43.0,0.6,0.1,0.6,2.0,1050.0,0.0,0.0,0.38095238095238093
24.0,4.0,44.0,0.6,0.1,0.6,2.0,1014.0,0.0,0.0,0.38461538461538464
24.0,4.0,45.0,0.6,0.1,0.6,2.0,1013.0,0.0,0.0,0.6426456071076012
24.0,4.0,46.0,0.6,0.1,0.6,2.0,985.0,0.0,0.0,0.6436548223350254
24.0,4.0,47.0,0.6,0.1,0.6,2.0,988.0,0.0,0.0,0.645748987854251
24.0,4.0,48.0,0.6,0.1,0.6,2.0,946.0,0.0,0.0,0.6448202959830867
24.0,4.0,49.0,0.6,0.1,0.6,2.0,959.0,0.0,0.0,0.6412930135557873
24.0,4.0,50.0,0.6,0.1,0.6,2.0,895.0,0.0,0.0,0.6424581005586593
24.0,4.0,51.0,0.6,0.1,0.6,2.0,912.0,0.0,0.0,0.6414473684210527
24.0,4.0,52.0,0.6,0.1,0.6,2.0,888.0,0.0,0.0,0.6418918918918919
24.0,5.0,1.0,0.6,0.1,0.6,2.0,885.0,0.0,0.0,0.63954802259887
24.0,5.0,2.0,0.6,0.1,0.6,2.0,862.0,0.0,0.0,0.6392111368909513
24.0,5.0,3.0,0.6,0.1,0.6,2.0,882.0,0.0,0.0,0.6383219954648526
24.0,5.0,4.0,0.6,0.1,0.6,2.0,853.0,0.0,0.0,0.6377491207502931
24.0,5.0,5.0,0.6,0.1,0.6,2.0,858.0,0.0,0.0,0.6386946386946387
24.0,5.0,6.0,0.6,0.1,0.6,2.0,829.0,0.0,0.0,0.638118214716526
24.0,5.0,7.0,0.6,0.1,0.6,2.0,853.0,0.0,0.0,0.6365767878077374
24.0,5.0,8.0,0.6,0.1,0.6,2.0,820.0,0.0,0.0,0.6402439024390244
24.0,5.0,9.0,0.6,0.1,0.6,2.0,836.0,0.0,0.0,0.6399521531100478
24.0,5.0,10.0,0.6,0.1,0.6,2.0,790.0,0.0,0.0,0.6443037974683544
24.0,5.0,11.0,0.6,0.1,0.6,2.0,806.0,0.0,0.0,0.6451612903225806
24.0,5.0,12.0,0.6,0.1,0.6,2.0,785.0,0.0,0.0,0.6420382165605095
24.0,5.0,13.0,0.6,0.1,0.6,2.0,803.0,0.0,0.0,0.6438356164383562
24.0,5.0,14.0,0.6,0.1,0.6,2.0,785.0,0.0,0.0,0.6420382165605095
24.0,5.0,15.0,0.6,0.1,0.6,2.0,800.0,0.0,0.0,0.6425
24.0,5.0,16.0,0.6,0.1,0.6,2.0,773.0,0.0,0.0,0.6429495472186287
24.0,5.0,17.0,0.6,0.1,0.6,2.0,790.0,0.0,0.0,0.6430379746835443
24.0,5.0,18.0,0.6,0.1,0.6,2.0,770.0,0.0,0.0,0.6428571428571429
24.0,5.0,19.0,0.6,0.1,0.6,2.0,787.0,0.0,0.0,0.6416772554002541
24.0,5.0,20.0,0.6,0.1,0.6,2.0,1451.0,0.0,0.0,0.3397656788421778
24.0,5.0,21.0,0.6,0.1,0.6,2.0,1441.0,0.0,0.0,0.34073560027758504
24.0,5.0,22.0,0.6,0.1,0.6,2.0,1299.0,0.0,0.0,0.34719014626635875
24.0,5.0,23.0,0.6,0.1,0.6,2.0,1315.0,0.0,0.0,0.3505703422053232
24.0,5.0,24.0,0.6,0.1,0.6,2.0,1270.0,0.0,0.0,0.34960629921259845
24.0,5.0,25.0,0.6,0.1,0.6,2.0,1273.0,0.0,0.0,0.35035349567949725
24.0,5.0,26.0,0.6,0.1,0.6,2.0,1258.0,0.0,0.0,0.3465818759936407
24.0,5.0,27.0,0.6,0.1,0.6,2.0,1254.0,0.0,0.0,0.35007974481658694
24.0,5.0,28.0,0.6,0.1,0.6,2.0,1208.0,0.0,0.0,0.347682119205298
24.0,5.0,29.0,0.6,0.1,0.6,2.0,1200.0,0.0,0.0,0.355
24.0,5.0,30.0,0.6,0.1,0.6,2.0,1158.0,0.0,0.0,0.35233160621761656
24.0,5.0,31.0,0.6,0.1,0.6,2.0,1146.0,0.0,0.0,0.3542757417102967
24.0,5.0,32.0,0.6,0.1,0.6,2.0,1123.0,0.0,0.0,0.3561887800534283
24.0,5.0,33.0,0.6,0.1,0.6,2.0,1110.0,0.0,0.0,0.35855855855855856
24.0,5.0,34.0,0.6,0.1,0.6,2.0,1092.0,0.0,0.0,0.35805860805860806
24.0,5.0,35.0,0.6,0.1,0.6,2.0,1105.0,0.0,0.0,0.3583710407239819
24.0,5.0,36.0,0.6,0.1,0.6,2.0,1080.0,0.0,0.0,0.35648148148148145
24.0,5.0,37.0,0.6,0.1,0.6,2.0,1067.0,0.0,0.0,0.36082474226804123
24.0,5.0,38.0,0.6,0.1,0.6,2.0,1029.0,0.0,0.0,0.358600583090379
24.0,5.0,39.0,0.6,0.1,0.6,2.0,1019.0,0.0,0.0,0.3650637880274779
24.0,5.0,40.0,0.6,0.1,0.6,2.0,990.0,0.0,0.0,0.36262626262626263
24.0,5.0,41.0,0.6,0.1,0.6,2.0,979.0,0.0,0.0,0.36772216547497444
24.0,5.0,42.0,0.6,0.1,0.6,2.0,947.0,0.0,0.0,0.36430834213305174
24.0,5.0,43.0,0.6,0.1,0.6,2.0,962.0,0.0,0.0,0.367983367983368
24.0,5.0,44.0,0.6,0.1,0.6,2.0,947.0,0.0,0.0,0.36536430834213307
24.0,5.0,45.0,0.6,0.1,0.6,2.0,962.0,0.0,0.0,0.6008316008316008
24.0,5.0,46.0,0.6,0.1,0.6,2.0,944.0,0.0,0.0,0.5995762711864406
24.0,5.0,47.0,0.6,0.1,0.6,2.0,958.0,0.0,0.0,0.5991649269311065
24.0,5.0,48.0,0.6,0.1,0.6,2.0,944.0,0.0,0.0,0.5995762711864406
24.0,5.0,49.0,0.6,0.1,0.6,2.0,925.0,0.0,0.0,0.6021621621621621
24.0,5.0,50.0,0.6,0.1,0.6,2.0,910.0,0.0,0.0,0.6043956043956044
24.0,5.0,51.0,0.6,0.1,0.6,2.0,913.0,0.0,0.0,0.6046002190580504
24.0,5.0,52.0,0.6,0.1,0.6,2.0,905.0,0.0,0.0,0.6022099447513812
24.0,6.0,1.0,0.6,0.1,0.6,2.0,909.0,0.0,0.0,0.6039603960396039
24.0,6.0,2.0,0.6,0.1,0.6,2.0,895.0,0.0,0.0,0.6011173184357542
24.0,6.0,3.0,0.6,0.1,0.6,2.0,903.0,0.0,0.0,0.602436323366556
24.0,6.0,4.0,0.6,0.1,0.6,2.0,869.0,0.0,0.0,0.6018411967779056
24.0,6.0,5.0,0.6,0.1,0.6,2.0,866.0,0.0,0.0,0.6062355658198614
24.0,6.0,6.0,0.6,0.1,0.6,2.0,854.0,0.0,0.0,0.6030444964871194
24.0,6.0,7.0,0.6,0.1,0.6,2.0,861.0,0.0,0.0,0.6039488966318235
24.0,6.0,8.0,0.6,0.1,0.6,2.0,846.0,0.0,0.0,0.6004728132387707
24.0,6.0,9.0,0.6,0.1,0.6,2.0,849.0,0.0,0.0,0.6065959952885748
24.0,6.0,10.0,0.6,0.1,0.6,2.0,824.0,0.0,0.0,0.6007281553398058
24.0,6.0,11.0,0.6,0.1,0.6,2.0,818.0,0.0,0.0,0.6075794621026895
24.0,6.0,12.0,0.6,0.1,0.6,2.0,805.0,0.0,0.0,0.6024844720496895
24.0,6.0,13.0,0.6,0.1,0.6,2.0,794.0,0.0,0.0,0.6095717884130982
24.0,6.0,14.0,0.6,0.1,0.6,2.0,766.0,0.0,0.0,0.6109660574412533
24.0,6.0,15.0,0.6,0.1,0.6,2.0,773.0,0.0,0.0,0.6157826649417852
24.0,6.0,16.0,0.6,0.1,0.6,2.0,736.0,0.0,0.0,0.6154891304347826
24.0,6.0,17.0,0.6,0.1,0.6,2.0,743.0,0.0,0.0,0.6191117092866757
24.0,6.0,18.0,0.6,0.1,0.6,2.0,718.0,0.0,0.0,0.6114206128133705
24.0,6.0,19.0,0.6,0.1,0.6,2.0,732.0,0.0,0.0,0.6174863387978142
24.0,6.0,20.0,0.6,0.1,0.6,2.0,1336.0,0.0,0.0,0.3263473053892216
24.0,6.0,21.0,0.6,0.1,0.6,2.0,1313.0,0.0,0.0,0.3351104341203351
24.0,6.0,22.0,0.6,0.1,0.6,2.0,1278.0,0.0,0.0,0.3317683881064163
24.0,6.0,23.0,0.6,0.1,0.6,2.0,1265.0,0.0,0.0,0.33438735177865614
24.0,6.0,24.0,0.6,0.1,0.6,2.0,1181.0,0.0,0.0,0.34038950042337
24.0,6.0,25.0,0.6,0.1,0.6,2.0,1179.0,0.0,0.0,0.3452078032230704
24.0,6.0,26.0,0.6,0.1,0.6,2.0,1157.0,0.0,0.0,0.34053586862575624
24.0,6.0,27.0,0.6,0.1,0.6,2.0,1151.0,0.0,0.0,0.3466550825369244
24.0,6.0,28.0,0.6,0.1,0.6,2.0,1119.0,0.0,0.0,0.34226988382484363
24.0,6.0,29.0,0.6,0.1,0.6,2.0,1128.0,0.0,0.0,0.3475177304964539
24.0,6.0,30.0,0.6,0.1,0.6,2.0,1095.0,0.0,0.0,0.3452054794520548
24.0,6.0,31.0,0.6,0.1,0.6,2.0,1114.0,0.0,0.0,0.3491921005385996
24.0,6.0,32.0,0.6,0.1,0.6,2.0,1046.0,0.0,0.0,0.3489483747609943
24.0,6.0,33.0,0.6,0.1,0.6,2.0,1046.0,0.0,0.0,0.35564053537284895
24.0,6.0,34.0,0.6,0.1,0.6,2.0,1012.0,0.0,0.0,0.35177865612648224
24.0,6.0,35.0,0.6,0.1,0.6,2.0,1005.0,0.0,0.0,0.3592039800995025
24.0,6.0,36.0,0.6,0.1,0.6,2.0,990.0,0.0,0.0,0.35353535353535354
24.0,6.0,37.0,0.6,0.1,0.6,2.0,1002.0,0.0,0.0,0.3592814371257485
24.0,6.0,38.0,0.6,0.1,0.6,2.0,959.0,0.0,0.0,0.3555787278415016
24.0,6.0,39.0,0.6,0.1,0.6,2.0,974.0,0.0,0.0,0.3613963039014374
24.0,6.0,40.0,0.6,0.1,0.6,2.0,948.0,0.0,0.0,0.35548523206751054
24.0,6.0,41.0,0.6,0.1,0.6,2.0,946.0,0.0,0.0,0.36152219873150104
24.0,6.0,42.0,0.6,0.1,0.6,2.0,907.0,0.0,0.0,0.35832414553472985
24.0,6.0,43.0,0.6,0.1,0.6,2.0,912.0,0.0,0.0,0.3607456140350877
24.0,6.0,44.0,0.6,0.1,0.6,2.0,895.0,0.0,0.0,0.3575418994413408
24.0,6.0,45.0,0.6,0.1,0.6,2.0,912.0,0.0,0.0,0.6173245614035088
24.0,6.0,46.0,0.6,0.1,0.6,2.0,879.0,0.0,0.0,0.6166097838452788
24.0,6.0,47.0,0.6,0.1,0.6,2.0,895.0,0.0,0.0,0.6167597765363129
24.0,6.0,48.0,0.6,0.1,0.6,2.0,879.0,0.0,0.0,0.6166097838452788
24.0,6.0,49.0,0.6,0.1,0.6,2.0,882.0,0.0,0.0,0.6133786848072562
24.0,6.0,50.0,0.6,0.1,0.6,2.0,856.0,0.0,0.0,0.6098130841121495
24.0,6.0,51.0,0.6,0.1,0.6,2.0,868.0,0.0,0.0,0.6129032258064516
24.0,6.0,52.0,0.6,0.1,0.6,2.0,840.0,0.0,0.0,0.611904761904762
24.0,7.0,1.0,0.6,0.1,0.6,2.0,862.0,0.0,0.0,0.6136890951276102
24.0,7.0,2.0,0.6,0.1,0.6,2.0,833.0,0.0,0.0,0.6146458583433373
24.0,7.0,3.0,0.6,0.1,0.6,2.0,858.0,0.0,0.0,0.6153846153846154
24.0,7.0,4.0,0.6,0.1,0.6,2.0,830.0,0.0,0.0,0.6144578313253012
24.0,7.0,5.0,0.6,0.1,0.6,2.0,854.0,0.0,0.0,0.6147540983606558
24.0,7.0,6.0,0.6,0.1,0.6,2.0,831.0,0.0,0.0,0.6137184115523465
24.0,7.0,7.0,0.6,0.1,0.6,2.0,853.0,0.0,0.0,0.6154747948417351
24.0,7.0,8.0,0.6,0.1,0.6,2.0,825.0,0.0,0.0,0.6157575757575757
24.0,7.0,9.0,0.6,0.1,0.6,2.0,842.0,0.0,0.0,0.6211401425178147
24.0,7.0,10.0,0.6,0.1,0.6,2.0,824.0,0.0,0.0,0.6140776699029126
24.0,7.0,11.0,0.6,0.1,0.6,2.0,840.0,0.0,0.0,0.6190476190476191
24.0,7.0,12.0,0.6,0.1,0.6,2.0,793.0,0.0,0.0,0.6191677175283733
24.0,7.0,13.0,0.6,0.1,0.6,2.0,811.0,0.0,0.0,0.623921085080148
24.0,7.0,14.0,0.6,0.1,0.6,2.0,791.0,0.0,0.0,0.6194690265486725
24.0,7.0,15.0,0.6,0.1,0.6,2.0,797.0,0.0,0.0,0.6298619824341279
24.0,7.0,16.0,0.6,0.1,0.6,2.0,781.0,0.0,0.0,0.6248399487836107
24.0,7.0,17.0,0.6,0.1,0.6,2.0,798.0,0.0,0.0,0.6290726817042607
24.0,7.0,18.0,0.6,0.1,0.6,2.0,768.0,0.0,0.0,0.6263020833333334
24.0,7.0,19.0,0.6,0.1,0.6,2.0,783.0,0.0,0.0,0.6296296296296297
24.0,7.0,20.0,0.6,0.1,0.6,2.0,1365.0,0.0,0.0,0.3516483516483517
24.0,7.0,21.0,0.6,0.1,0.6,2.0,1387.0,0.0,0.0,0.34967555875991346
24.0,7.0,22.0,0.6,0.1,0.6,2.0,1326.0,0.0,0.0,0.3521870286576169
24.0,7.0,23.0,0.6,0.1,0.6,2.0,1314.0,0.0,0.0,0.3546423135464231
24.0,7.0,24.0,0.6,0.1,0.6,2.0,1247.0,0.0,0.0,0.35765838011226947
24.0,7.0,25.0,0.6,0.1,0.6,2.0,1251.0,0.0,0.0,0.35571542765787373
24.0,7.0,26.0,0.6,0.1,0.6,2.0,1193.0,0.0,0.0,0.3570829840737636
24.0,7.0,27.0,0.6,0.1,0.6,2.0,1201.0,0.0,0.0,0.3597002497918401
24.0,7.0,28.0,0.6,0.1,0.6,2.0,1151.0,0.0,0.0,0.3622936576889661
24.0,7.0,29.0,0.6,0.1,0.6,2.0,1150.0,0.0,0.0,0.36434782608695654
24.0,7.0,30.0,0.6,0.1,0.6,2.0,1073.0,0.0,0.0,0.3699906803355079
24.0,7.0,31.0,0.6,0.1,0.6,2.0,1094.0,0.0,0.0,0.3702010968921389
24.0,7.0,32.0,0.6,0.1,0.6,2.0,1024.0,0.0,0.0,0.375
24.0,7.0,33.0,0.6,0.1,0.6,2.0,1013.0,0.0,0.0,0.3810463968410661
24.0,7.0,34.0,0.6,0.1,0.6,2.0,980.0,0.0,0.0,0.3816326530612245
24.0,7.0,35.0,0.6,0.1,0.6,2.0,1009.0,0.0,0.0,0.3815659068384539
24.0,7.0,36.0,0.6,0.1,0.6,2.0,984.0,0.0,0.0,0.3821138211382114
24.0,7.0,37.0,0.6,0.1,0.6,2.0,1012.0,0.0,0.0,0.3814229249011858
24.0,7.0,38.0,0.6,0.1,0.6,2.0,957.0,0.0,0.0,0.39080459770114945
24.0,7.0,39.0,0.6,0.1,0.6,2.0,961.0,0.0,0.0,0.3881373569198751
24.0,7.0,40.0,0.6,0.1,0.6,2.0,919.0,0.0,0.0,0.3939064200217628
24.0,7.0,41.0,0.6,0.1,0.6,2.0,907.0,0.0,0.0,0.4002205071664829
24.0,7.0,42.0,0.6,0.1,0.6,2.0,883.0,0.0,0.0,0.4043035107587769
24.0,7.0,43.0,0.6,0.1,0.6,2.0,887.0,0.0,0.0,0.40135287485907556
24.0,7.0,44.0,0.6,0.1,0.6,2.0,842.0,0.0,0.0,0.4144893111638955
24.0,7.0,45.0,0.6,0.1,0.6,2.0,851.0,0.0,0.0,0.6533490011750881
24.0,7.0,46.0,0.6,0.1,0.6,2.0,843.0,0.0,0.0,0.6559905100830368
24.0,7.0,47.0,0.6,0.1,0.6,2.0,851.0,0.0,0.0,0.6533490011750881
24.0,7.0,48.0,0.6,0.1,0.6,2.0,835.0,0.0,0.0,0.6550898203592814
24.0,7.0,49.0,0.6,0.1,0.6,2.0,836.0,0.0,0.0,0.6566985645933014
24.0,7.0,50.0,0.6,0.1,0.6,2.0,830.0,0.0,0.0,0.655421686746988
24.0,7.0,51.0,0.6,0.1,0.6,2.0,822.0,0.0,0.0,0.656934306569343
24.0,7.0,52.0,0.6,0.1,0.6,2.0,814.0,0.0,0.0,0.6560196560196561
24.0,8.0,1.0,0.6,0.1,0.6,2.0,816.0,0.0,0.0,0.6544117647058824
24.0,8.0,2.0,0.6,0.1,0.6,2.0,810.0,0.0,0.0,0.6567901234567901
24.0,8.0,3.0,0.6,0.1,0.6,2.0,801.0,0.0,0.0,0.6591760299625468
24.0,8.0,4.0,0.6,0.1,0.6,2.0,796.0,0.0,0.0,0.6608040201005025
24.0,8.0,5.0,0.6,0.1,0.6,2.0,798.0,0.0,0.0,0.6578947368421053
24.0,8.0,6.0,0.6,0.1,0.6,2.0,793.0,0.0,0.0,0.6607818411097099
24.0,8.0,7.0,0.6,0.1,0.6,2.0,799.0,0.0,0.0,0.6583229036295369
24.0,8.0,8.0,0.6,0.1,0.6,2.0,794.0,0.0,0.0,0.6612090680100756
24.0,8.0,9.0,0.6,0.1,0.6,2.0,781.0,0.0,0.0,0.6581306017925737
24.0,8.0,10.0,0.6,0.1,0.6,2.0,769.0,0.0,0.0,0.6618985695708712
24.0,8.0,11.0,0.6,0.1,0.6,2.0,769.0,0.0,0.0,0.6605981794538361
24.0,8.0,12.0,0.6,0.1,0.6,2.0,770.0,0.0,0.0,0.6610389610389611
24.0,8.0,13.0,0.6,0.1,0.6,2.0,753.0,0.0,0.0,0.6626826029216467
24.0,8.0,14.0,0.6,0.1,0.6,2.0,754.0,0.0,0.0,0.6631299734748011
24.0,8.0,15.0,0.6,0.1,0.6,2.0,754.0,0.0,0.0,0.6631299734748011
24.0,8.0,16.0,0.6,0.1,0.6,2.0,754.0,0.0,0.0,0.6631299734748011
24.0,8.0,17.0,0.6,0.1,0.6,2.0,754.0,0.0,0.0,0.6631299734748011
24.0,8.0,18.0,0.6,0.1,0.6,2.0,741.0,0.0,0.0,0.6666666666666666
24.0,8.0,19.0,0.6,0.1,0.6,2.0,741.0,0.0,0.0,0.6666666666666666
24.0,8.0,20.0,0.6,0.1,0.6,2.0,1398.0,0.0,0.0,0.3540772532188841
24.0,8.0,21.0,0.6,0.1,0.6,2.0,1336.0,0.0,0.0,0.35404191616766467
24.0,8.0,22.0,0.6,0.1,0.6,2.0,1251.0,0.0,0.0,0.3613109512390088
24.0,8.0,23.0,0.6,0.1,0.6,2.0,1225.0,0.0,0.0,0.36489795918367346
24.0,8.0,24.0,0.6,0.1,0.6,2.0,1169.0,0.0,0.0,0.3729683490162532
24.0,8.0,25.0,0.6,0.1,0.6,2.0,1147.0,0.0,0.0,0.3757628596338274
24.0,8.0,26.0,0.6,0.1,0.6,2.0,1111.0,0.0,0.0,0.38343834383438347
24.0,8.0,27.0,0.6,0.1,0.6,2.0,1108.0,0.0,0.0,0.38267148014440433
24.0,8.0,28.0,0.6,0.1,0.6,2.0,1093.0,0.0,0.0,0.38243366880146384
24.0,8.0,29.0,0.6,0.1,0.6,2.0,1076.0,0.0,0.0,0.3847583643122677
24.0,8.0,30.0,0.6,0.1,0.6,2.0,1068.0,0.0,0.0,0.38670411985018727
24.0,8.0,31.0,0.6,0.1,0.6,2.0,1024.0,0.0,0.0,0.3876953125
24.0,8.0,32.0,0.6,0.1,0.6,2.0,1020.0,0.0,0.0,0.3892156862745098
24.0,8.0,33.0,0.6,0.1,0.6,2.0,1025.0,0.0,0.0,0.3882926829268293
24.0,8.0,34.0,0.6,0.1,0.6,2.0,1011.0,0.0,0.0,0.3936696340257171
24.0,8.0,35.0,0.6,0.1,0.6,2.0,1000.0,0.0,0.0,0.393
24.0,8.0,36.0,0.6,0.1,0.6,2.0,990.0,0.0,0.0,0.39595959595959596
24.0,8.0,37.0,0.6,0.1,0.6,2.0,1000.0,0.0,0.0,0.393
24.0,8.0,38.0,0.6,0.1,0.6,2.0,984.0,0.0,0.0,0.3943089430894309
24.0,8.0,39.0,0.6,0.1,0.6,2.0,989.0,0.0,0.0,0.3923154701718908
24.0,8.0,40.0,0.6,0.1,0.6,2.0,967.0,0.0,0.0,0.40020682523267836
24.0,8.0,41.0,0.6,0.1,0.6,2.0,962.0,0.0,0.0,0.3970893970893971
24.0,8.0,42.0,0.6,0.1,0.6,2.0,947.0,0.0,0.0,0.3991552270327349
24.0,8.0,43.0,0.6,0.1,0.6,2.0,905.0,0.0,0.0,0.4088397790055249
24.0,8.0,44.0,0.6,0.1,0.6,2.0,908.0,0.0,0.0,0.40969162995594716
24.0,8.0,45.0,0.6,0.1,0.6,2.0,896.0,0.0,0.0,0.6350446428571429
24.0,8.0,46.0,0.6,0.1,0.6,2.0,879.0,0.0,0.0,0.6405005688282139
24.0,8.0,47.0,0.6,0.1,0.6,2.0,874.0,0.0,0.0,0.6395881006864989
24.0,8.0,48.0,0.6,0.1,0.6,2.0,868.0,0.0,0.0,0.6405529953917051
24.0,8.0,49.0,0.6,0.1,0.6,2.0,870.0,0.0,0.0,0.6425287356321839
24.0,8.0,50.0,0.6,0.1,0.6,2.0,866.0,0.0,0.0,0.6397228637413395
24.0,8.0,51.0,0.6,0.1,0.6,2.0,852.0,0.0,0.0,0.6408450704225352
24.0,8.0,52.0,0.6,0.1,0.6,2.0,846.0,0.0,0.0,0.6394799054373522
24.0,9.0,1.0,0.6,0.1,0.6,2.0,853.0,0.0,0.0,0.6412661195779601
24.0,9.0,2.0,0.6,0.1,0.6,2.0,843.0,0.0,0.0,0.6429418742586003
24.0,9.0,3.0,0.6,0.1,0.6,2.0,851.0,0.0,0.0,0.6427732079905993
24.0,9.0,4.0,0.6,0.1,0.6,2.0,829.0,0.0,0.0,0.6417370325693607
24.0,9.0,5.0,0.6,0.1,0.6,2.0,838.0,0.0,0.0,0.6420047732696897
24.0,9.0,6.0,0.6,0.1,0.6,2.0,831.0,0.0,0.0,0.641395908543923
24.0,9.0,7.0,0.6,0.1,0.6,2.0,837.0,0.0,0.0,0.6415770609318996
24.0,9.0,8.0,0.6,0.1,0.6,2.0,806.0,0.0,0.0,0.6426799007444168
24.0,9.0,9.0,0.6,0.1,0.6,2.0,810.0,0.0,0.0,0.6469135802469136
24.0,9.0,10.0,0.6,0.1,0.6,2.0,787.0,0.0,0.0,0.650571791613723
24.0,9.0,11.0,0.6,0.1,0.6,2.0,784.0,0.0,0.0,0.6530612244897959
24.0,9.0,12.0,0.6,0.1,0.6,2.0,769.0,0.0,0.0,0.6540962288686606
24.0,9.0,13.0,0.6,0.1,0.6,2.0,781.0,0.0,0.0,0.6530089628681178
24.0,9.0,14.0,0.6,0.1,0.6,2.0,770.0,0.0,0.0,0.6532467532467533
24.0,9.0,15.0,0.6,0.1,0.6,2.0,779.0,0.0,0.0,0.6521181001283697
24.0,9.0,16.0,0.6,0.1,0.6,2.0,772.0,0.0,0.0,0.6541450777202072
24.0,9.0,17.0,0.6,0.1,0.6,2.0,777.0,0.0,0.0,0.6525096525096525
24.0,9.0,18.0,0.6,0.1,0.6,2.0,749.0,0.0,0.0,0.6635514018691588
24.0,9.0,19.0,0.6,0.1,0.6,2.0,753.0,0.0,0.0,0.6626826029216467
24.0,9.0,20.0,0.6,0.1,0.6,2.0,1341.0,0.0,0.0,0.36092468307233405
24.0,9.0,21.0,0.6,0.1,0.6,2.0,1285.0,0.0,0.0,0.3595330739299611
24.0,9.0,22.0,0.6,0.1,0.6,2.0,1183.0,0.0,0.0,0.3710904480135249
24.0,9.0,23.0,0.6,0.1,0.6,2.0,1204.0,0.0,0.0,0.36627906976744184
24.0,9.0,24.0,0.6,0.1,0.6,2.0,1122.0,0.0,0.0,0.3805704099821747
24.0,9.0,25.0,0.6,0.1,0.6,2.0,1123.0,0.0,0.0,0.3784505788067676
24.0,9.0,26.0,0.6,0.1,0.6,2.0,1087.0,0.0,0.0,0.3845446182152714
24.0,9.0,27.0,0.6,0.1,0.6,2.0,1078.0,0.0,0.0,0.38589981447124305
24.0,9.0,28.0,0.6,0.1,0.6,2.0,1032.0,0.0,0.0,0.39147286821705424
24.0,9.0,29.0,0.6,0.1,0.6,2.0,1050.0,0.0,0.0,0.38666666666666666
24.0,9.0,30.0,0.6,0.1,0.6,2.0,1027.0,0.0,0.0,0.3924050632911392
24.0,9.0,31.0,0.6,0.1,0.6,2.0,1002.0,0.0,0.0,0.39421157684630737
24.0,9.0,32.0,0.6,0.1,0.6,2.0,980.0,0.0,0.0,0.4030612244897959
24.0,9.0,33.0,0.6,0.1,0.6,2.0,974.0,0.0,0.0,0.40143737166324434
24.0,9.0,34.0,0.6,0.1,0.6,2.0,969.0,0.0,0.0,0.40350877192982454
24.0,9.0,35.0,0.6,0.1,0.6,2.0,950.0,0.0,0.0,0.40421052631578946
24.0,9.0,36.0,0.6,0.1,0.6,2.0,948.0,0.0,0.0,0.40717299578059074
24.0,9.0,37.0,0.6,0.1,0.6,2.0,949.0,0.0,0.0,0.4035827186512118
24.0,9.0,38.0,0.6,0.1,0.6,2.0,934.0,0.0,0.0,0.4079229122055675
24.0,9.0,39.0,0.6,0.1,0.6,2.0,926.0,0.0,0.0,0.40280777537796975
24.0,9.0,40.0,0.6,0.1,0.6,2.0,919.0,0.0,0.0,0.4091403699673558
24.0,9.0,41.0,0.6,0.1,0.6,2.0,928.0,0.0,0.0,0.4019396551724138
24.0,9.0,42.0,0.6,0.1,0.6,2.0,886.0,0.0,0.0,0.41309255079006774
24.0,9.0,43.0,0.6,0.1,0.6,2.0,878.0,0.0,0.0,0.41002277904328016
24.0,9.0,44.0,0.6,0.1,0.6,2.0,861.0,0.0,0.0,0.4146341463414634
24.0,9.0,45.0,0.6,0.1,0.6,2.0,861.0,0.0,0.0,0.6562137049941928
24.0,9.0,46.0,0.6,0.1,0.6,2.0,861.0,0.0,0.0,0.6550522648083623
24.0,9.0,47.0,0.6,0.1,0.6,2.0,854.0,0.0,0.0,0.6557377049180327
24.0,9.0,48.0,0.6,0.1,0.6,2.0,831.0,0.0,0.0,0.6558363417569194
24.0,9.0,49.0,0.6,0.1,0.6,2.0,817.0,0.0,0.0,0.6585067319461444
24.0,9.0,50.0,0.6,0.1,0.6,2.0,813.0,0.0,0.0,0.6592865928659286
24.0,9.0,51.0,0.6,0.1,0.6,2.0,813.0,0.0,0.0,0.6592865928659286
24.0,9.0,52.0,0.6,0.1,0.6,2.0,812.0,0.0,0.0,0.6588669950738916
24.0,10.0,1.0,0.6,0.1,0.6,2.0,798.0,0.0,0.0,0.6604010025062657
24.0,10.0,2.0,0.6,0.1,0.6,2.0,798.0,0.0,0.0,0.6616541353383458
24.0,10.0,3.0,0.6,0.1,0.6,2.0,798.0,0.0,0.0,0.6604010025062657
24.0,10.0,4.0,0.6,0.1,0.6,2.0,798.0,0.0,0.0,0.6616541353383458
24.0,10.0,5.0,0.6,0.1,0.6,2.0,798.0,0.0,0.0,0.6604010025062657
24.0,10.0,6.0,0.6,0.1,0.6,2.0,798.0,0.0,0.0,0.6616541353383458
24.0,10.0,7.0,0.6,0.1,0.6,2.0,797.0,0.0,0.0,0.6599749058971142
24.0,10.0,8.0,0.6,0.1,0.6,2.0,796.0,0.0,0.0,0.6620603015075377
24.0,10.0,9.0,0.6,0.1,0.6,2.0,795.0,0.0,0.0,0.660377358490566
24.0,10.0,10.0,0.6,0.1,0.6,2.0,784.0,0.0,0.0,0.6581632653061225
24.0,10.0,11.0,0.6,0.1,0.6,2.0,782.0,0.0,0.0,0.6560102301790282
24.0,10.0,12.0,0.6,0.1,0.6,2.0,779.0,0.0,0.0,0.6598202824133504
24.0,10.0,13.0,0.6,0.1,0.6,2.0,781.0,0.0,0.0,0.6581306017925737
24.0,10.0,14.0,0.6,0.1,0.6,2.0,767.0,0.0,0.0,0.666232073011734
24.0,10.0,15.0,0.6,0.1,0.6,2.0,770.0,0.0,0.0,0.6636363636363637
24.0,10.0,16.0,0.6,0.1,0.6,2.0,767.0,0.0,0.0,0.666232073011734
24.0,10.0,17.0,0.6,0.1,0.6,2.0,770.0,0.0,0.0,0.6636363636363637
24.0,10.0,18.0,0.6,0.1,0.6,2.0,769.0,0.0,0.0,0.6657997399219766
24.0,10.0,19.0,0.6,0.1,0.6,2.0,770.0,0.0,0.0,0.6636363636363637
24.0,10.0,20.0,0.6,0.1,0.6,2.0,1307.0,0.0,0.0,0.36648814078041314
24.0,10.0,21.0,0.6,0.1,0.6,2.0,1259.0,0.0,0.0,0.3709293089753773
24.0,10.0,22.0,0.6,0.1,0.6,2.0,1233.0,0.0,0.0,0.3722627737226277
24.0,10.0,23.0,0.6,0.1,0.6,2.0,1212.0,0.0,0.0,0.37458745874587457
24.0,10.0,24.0,0.6,0.1,0.6,2.0,1200.0,0.0,0.0,0.37416666666666665
24.0,10.0,25.0,0.6,0.1,0.6,2.0,1150.0,0.0,0.0,0.38
24.0,10.0,26.0,0.6,0.1,0.6,2.0,1116.0,0.0,0.0,0.38530465949820786
24.0,10.0,27.0,0.6,0.1,0.6,2.0,1117.0,0.0,0.0,0.38675022381378693
24.0,10.0,28.0,0.6,0.1,0.6,2.0,1067.0,0.0,0.0,0.3908153701968135
24.0,10.0,29.0,0.6,0.1,0.6,2.0,1069.0,0.0,0.0,0.3928905519176801
24.0,10.0,30.0,0.6,0.1,0.6,2.0,1055.0,0.0,0.0,0.3924170616113744
24.0,10.0,31.0,0.6,0.1,0.6,2.0,1069.0,0.0,0.0,0.3928905519176801
24.0,10.0,32.0,0.6,0.1,0.6,2.0,1044.0,0.0,0.0,0.3955938697318008
24.0,10.0,33.0,0.6,0.1,0.6,2.0,1039.0,0.0,0.0,0.39846005774783444
24.0,10.0,34.0,0.6,0.1,0.6,2.0,1021.0,0.0,0.0,0.39764936336924583
24.0,10.0,35.0,0.6,0.1,0.6,2.0,1005.0,0.0,0.0,0.4059701492537313
24.0,10.0,36.0,0.6,0.1,0.6,2.0,976.0,0.0,0.0,0.4088114754098361
24.0,10.0,37.0,0.6,0.1,0.6,2.0,964.0,0.0,0.0,0.41597510373443985
24.0,10.0,38.0,0.6,0.1,0.6,2.0,950.0,0.0,0.0,0.4147368421052632
24.0,10.0,39.0,0.6,0.1,0.6,2.0,963.0,0.0,0.0,0.4164070612668744
24.0,10.0,40.0,0.6,0.1,0.6,2.0,953.0,0.0,0.0,0.4144805876180483
24.0,10.0,41.0,0.6,0.1,0.6,2.0,961.0,0.0,0.0,0.4162330905306972
24.0,10.0,42.0,0.6,0.1,0.6,2.0,953.0,0.0,0.0,0.4144805876180483
24.0,10.0,43.0,0.6,0.1,0.6,2.0,939.0,0.0,0.0,0.4206602768903088
24.0,10.0,44.0,0.6,0.1,0.6,2.0,928.0,0.0,0.0,0.4191810344827586
24.0,10.0,45.0,0.6,0.1,0.6,2.0,940.0,0.0,0.0,0.65
24.0,10.0,46.0,0.6,0.1,0.6,2.0,931.0,0.0,0.0,0.6466165413533834
24.0,10.0,47.0,0.6,0.1,0.6,2.0,943.0,0.0,0.0,0.6489925768822906
24.0,10.0,48.0,0.6,0.1,0.6,2.0,909.0,0.0,0.0,0.6512651265126512
24.0,10.0,49.0,0.6,0.1,0.6,2.0,914.0,0.0,0.0,0.6531728665207878
24.0,10.0,50.0,0.6,0.1,0.6,2.0,906.0,0.0,0.0,0.652317880794702
24.0,10.0,51.0,0.6,0.1,0.6,2.0,900.0,0.0,0.0,0.66
24.0,10.0,52.0,0.6,0.1,0.6,2.0,881.0,0.0,0.0,0.6606129398410897
25.0,1.0,1.0,0.6,0.1,0.6,2.0,5068.0,54.0,6.0,0.5883977900552486
25.0,1.0,2.0,0.6,0.1,0.6,2.0,4985.0,58.0,27.0,0.58716148445336
25.0,1.0,3.0,0.6,0.1,0.6,2.0,4938.0,70.0,34.0,0.5874848116646415
25.0,1.0,4.0,0.6,0.1,0.6,2.0,4788.0,78.0,37.0,0.5885547201336675
25.0,1.0,5.0,0.6,0.1,0.6,2.0,4851.0,78.0,32.0,0.5941043083900227
25.0,1.0,6.0,0.6,0.1,0.6,2.0,4724.0,79.0,37.0,0.594623200677392
25.0,1.0,7.0,0.6,0.1,0.6,2.0,4611.0,84.0,39.0,0.5968336586423769
25.0,1.0,8.0,0.6,0.1,0.6,2.0,4551.0,92.0,44.0,0.5998681608437706
25.0,1.0,9.0,0.6,0.1,0.6,2.0,4418.0,95.0,44.0,0.5993662290629244
25.0,1.0,10.0,0.6,0.1,0.6,2.0,4258.0,91.0,43.0,0.6021606387975575
25.0,1.0,11.0,0.6,0.1,0.6,2.0,4130.0,88.0,45.0,0.6043583535108958
25.0,1.0,12.0,0.6,0.1,0.6,2.0,4080.0,87.0,46.0,0.6049019607843137
25.0,1.0,13.0,0.6,0.1,0.6,2.0,3970.0,86.0,48.0,0.608816120906801
25.0,1.0,14.0,0.6,0.1,0.6,2.0,3906.0,76.0,38.0,0.6121351766513057
25.0,1.0,15.0,0.6,0.1,0.6,2.0,3821.0,75.0,36.0,0.6139753991101806
25.0,1.0,16.0,0.6,0.1,0.6,2.0,3689.0,65.0,33.0,0.6177825969097316
25.0,1.0,17.0,0.6,0.1,0.6,2.0,3588.0,58.0,32.0,0.6195652173913043
25.0,1.0,18.0,0.6,0.1,0.6,2.0,3495.0,54.0,35.0,0.6223175965665236
25.0,1.0,19.0,0.6,0.1,0.6,2.0,3427.0,45.0,29.0,0.6238692734169828
25.0,1.0,20.0,0.6,0.1,0.6,2.0,6464.0,41.0,25.0,0.3276608910891089
25.0,1.0,21.0,0.6,0.1,0.6,2.0,5991.0,54.0,16.0,0.3314972458688032
25.0,1.0,22.0,0.6,0.1,0.6,2.0,5775.0,61.0,19.0,0.33454545454545453
25.0,1.0,23.0,0.6,0.1,0.6,2.0,5575.0,62.0,26.0,0.33739910313901345
25.0,1.0,24.0,0.6,0.1,0.6,2.0,5279.0,73.0,30.0,0.3404053798067816
25.0,1.0,25.0,0.6,0.1,0.6,2.0,5035.0,90.0,34.0,0.34240317775571005
25.0,1.0,26.0,0.6,0.1,0.6,2.0,4925.0,103.0,38.0,0.34375634517766496
25.0,1.0,27.0,0.6,0.1,0.6,2.0,4738.0,117.0,38.0,0.34698184888138456
25.0,1.0,28.0,0.6,0.1,0.6,2.0,4596.0,139.0,50.0,0.35117493472584854
25.0,1.0,29.0,0.6,0.1,0.6,2.0,4384.0,137.0,53.0,0.3531021897810219
25.0,1.0,30.0,0.6,0.1,0.6,2.0,4340.0,168.0,64.0,0.3548387096774194
25.0,1.0,31.0,0.6,0.1,0.6,2.0,4145.0,181.0,68.0,0.35850422195416165
25.0,1.0,32.0,0.6,0.1,0.6,2.0,4009.0,187.0,76.0,0.36293339985033674
25.0,1.0,33.0,0.6,0.1,0.6,2.0,3789.0,207.0,79.0,0.3655318025864344
25.0,1.0,34.0,0.6,0.1,0.6,2.0,3676.0,202.0,74.0,0.3691512513601741
25.0,1.0,35.0,0.6,0.1,0.6,2.0,3501.0,189.0,84.0,0.3733219080262782
25.0,1.0,36.0,0.6,0.1,0.6,2.0,3434.0,195.0,102.0,0.3765288293535236
25.0,1.0,37.0,0.6,0.1,0.6,2.0,3325.0,204.0,106.0,0.3804511278195489
25.0,1.0,38.0,0.6,0.1,0.6,2.0,3208.0,214.0,98.0,0.385286783042394
25.0,1.0,39.0,0.6,0.1,0.6,2.0,3090.0,191.0,87.0,0.39093851132686086
25.0,1.0,40.0,0.6,0.1,0.6,2.0,2997.0,184.0,97.0,0.39305972639305975
25.0,1.0,41.0,0.6,0.1,0.6,2.0,2841.0,174.0,84.0,0.40232312565997885
25.0,1.0,42.0,0.6,0.1,0.6,2.0,2782.0,190.0,87.0,0.4051042415528397
25.0,1.0,43.0,0.6,0.1,0.6,2.0,2656.0,177.0,76.0,0.4145331325301205
25.0,1.0,44.0,0.6,0.1,0.6,2.0,2615.0,178.0,82.0,0.4175908221797323
25.0,1.0,45.0,0.6,0.1,0.6,2.0,2452.0,166.0,74.0,0.6635399673735726
25.0,1.0,46.0,0.6,0.1,0.6,2.0,2322.0,148.0,78.0,0.6679586563307494
25.0,1.0,47.0,0.6,0.1,0.6,2.0,2234.0,118.0,73.0,0.6741271262309758
25.0,1.0,48.0,0.6,0.1,0.6,2.0,2171.0,104.0,73.0,0.6798710271764163
25.0,1.0,49.0,0.6,0.1,0.6,2.0,2089.0,82.0,53.0,0.6859741503111536
25.0,1.0,50.0,0.6,0.1,0.6,2.0,2051.0,65.0,36.0,0.6889322281813749
25.0,1.0,51.0,0.6,0.1,0.6,2.0,2001.0,52.0,27.0,0.6921539230384808
25.0,1.0,52.0,0.6,0.1,0.6,2.0,1979.0,49.0,26.0,0.6958059626073775
25.0,2.0,1.0,0.6,0.1,0.6,2.0,1922.0,41.0,24.0,0.6997918834547346
25.0,2.0,2.0,0.6,0.1,0.6,2.0,1923.0,37.0,24.0,0.7015080603224129
25.0,2.0,3.0,0.6,0.1,0.6,2.0,1887.0,34.0,20.0,0.7048224695283519
25.0,2.0,4.0,0.6,0.1,0.6,2.0,1877.0,30.0,19.0,0.7048481619605754
25.0,2.0,5.0,0.6,0.1,0.6,2.0,1839.0,26.0,14.0,0.7079934747145188
25.0,2.0,6.0,0.6,0.1,0.6,2.0,1844.0,26.0,17.0,0.7066160520607375
25.0,2.0,7.0,0.6,0.1,0.6,2.0,1795.0,18.0,12.0,0.7103064066852368
25.0,2.0,8.0,0.6,0.1,0.6,2.0,1791.0,18.0,12.0,0.7107761027359017
25.0,2.0,9.0,0.6,0.1,0.6,2.0,1744.0,14.0,8.0,0.713302752293578
25.0,2.0,10.0,0.6,0.1,0.6,2.0,1722.0,11.0,6.0,0.7160278745644599
25.0,2.0,11.0,0.6,0.1,0.6,2.0,1692.0,14.0,4.0,0.716903073286052
25.0,2.0,12.0,0.6,0.1,0.6,2.0,1682.0,12.0,5.0,0.7140309155766944
25.0,2.0,13.0,0.6,0.1,0.6,2.0,1629.0,11.0,6.0,0.7213014119091468
25.0,2.0,14.0,0.6,0.1,0.6,2.0,1629.0,13.0,8.0,0.7157765500306936
25.0,2.0,15.0,0.6,0.1,0.6,2.0,1585.0,14.0,8.0,0.7249211356466877
25.0,2.0,16.0,0.6,0.1,0.6,2.0,1575.0,8.0,5.0,0.72
25.0,2.0,17.0,0.6,0.1,0.6,2.0,1535.0,12.0,4.0,0.7237785016286645
25.0,2.0,18.0,0.6,0.1,0.6,2.0,1525.0,6.0,2.0,0.7219672131147541
25.0,2.0,19.0,0.6,0.1,0.6,2.0,1481.0,9.0,4.0,0.7272113436866982
25.0,2.0,20.0,0.6,0.1,0.6,2.0,2701.0,5.0,2.0,0.3972602739726027
25.0,2.0,21.0,0.6,0.1,0.6,2.0,2588.0,12.0,2.0,0.4034003091190108
25.0,2.0,22.0,0.6,0.1,0.6,2.0,2436.0,6.0,1.0,0.41174055829228245
25.0,2.0,23.0,0.6,0.1,0.6,2.0,2394.0,14.0,4.0,0.4089390142021721
25.0,2.0,24.0,0.6,0.1,0.6,2.0,2307.0,12.0,5.0,0.4104898136107499
25.0,2.0,25.0,0.6,0.1,0.6,2.0,2261.0,20.0,9.0,0.41264927023440956
25.0,2.0,26.0,0.6,0.1,0.6,2.0,2192.0,18.0,8.0,0.4101277372262774
25.0,2.0,27.0,0.6,0.1,0.6,2.0,2125.0,20.0,7.0,0.41741176470588237
25.0,2.0,28.0,0.6,0.1,0.6,2.0,2063.0,17.0,9.0,0.4134755210857974
25.0,2.0,29.0,0.6,0.1,0.6,2.0,2036.0,15.0,9.0,0.41453831041257366
25.0,2.0,30.0,0.6,0.1,0.6,2.0,1971.0,19.0,9.0,0.4180618975139523
25.0,2.0,31.0,0.6,0.1,0.6,2.0,1958.0,19.0,6.0,0.4167517875383044
25.0,2.0,32.0,0.6,0.1,0.6,2.0,1920.0,15.0,5.0,0.41875
25.0,2.0,33.0,0.6,0.1,0.6,2.0,1879.0,15.0,7.0,0.4167110164981373
25.0,2.0,34.0,0.6,0.1,0.6,2.0,1851.0,22.0,11.0,0.41923284710967046
25.0,2.0,35.0,0.6,0.1,0.6,2.0,1807.0,22.0,9.0,0.417819590481461
25.0,2.0,36.0,0.6,0.1,0.6,2.0,1776.0,22.0,9.0,0.41835585585585583
25.0,2.0,37.0,0.6,0.1,0.6,2.0,1727.0,25.0,12.0,0.4180660104226983
25.0,2.0,38.0,0.6,0.1,0.6,2.0,1712.0,30.0,16.0,0.4199766355140187
25.0,2.0,39.0,0.6,0.1,0.6,2.0,1671.0,35.0,20.0,0.42190305206463197
25.0,2.0,40.0,0.6,0.1,0.6,2.0,1662.0,32.0,16.0,0.42539109506618533
25.0,2.0,41.0,0.6,0.1,0.6,2.0,1604.0,36.0,20.0,0.4295511221945137
25.0,2.0,42.0,0.6,0.1,0.6,2.0,1588.0,42.0,19.0,0.43198992443324935
25.0,2.0,43.0,0.6,0.1,0.6,2.0,1542.0,44.0,20.0,0.43060959792477305
25.0,2.0,44.0,0.6,0.1,0.6,2.0,1497.0,39.0,17.0,0.4348697394789579
25.0,2.0,45.0,0.6,0.1,0.6,2.0,1406.0,36.0,19.0,0.6408250355618776
25.0,2.0,46.0,0.6,0.1,0.6,2.0,1392.0,40.0,20.0,0.6415229885057471
25.0,2.0,47.0,0.6,0.1,0.6,2.0,1351.0,26.0,11.0,0.6447076239822354
25.0,2.0,48.0,0.6,0.1,0.6,2.0,1326.0,22.0,10.0,0.6470588235294118
25.0,2.0,49.0,0.6,0.1,0.6,2.0,1300.0,19.0,16.0,0.6484615384615384
25.0,2.0,50.0,0.6,0.1,0.6,2.0,1290.0,18.0,13.0,0.648062015503876
25.0,2.0,51.0,0.6,0.1,0.6,2.0,1272.0,16.0,12.0,0.6477987421383647
25.0,2.0,52.0,0.6,0.1,0.6,2.0,1245.0,11.0,6.0,0.6514056224899598
25.0,3.0,1.0,0.6,0.1,0.6,2.0,1218.0,11.0,6.0,0.6486042692939245
25.0,3.0,2.0,0.6,0.1,0.6,2.0,1205.0,8.0,4.0,0.6547717842323652
25.0,3.0,3.0,0.6,0.1,0.6,2.0,1192.0,8.0,3.0,0.6501677852348994
25.0,3.0,4.0,0.6,0.1,0.6,2.0,1182.0,8.0,2.0,0.6531302876480541
25.0,3.0,5.0,0.6,0.1,0.6,2.0,1157.0,9.0,5.0,0.648228176318064
25.0,3.0,6.0,0.6,0.1,0.6,2.0,1135.0,9.0,6.0,0.6519823788546255
25.0,3.0,7.0,0.6,0.1,0.6,2.0,1129.0,11.0,6.0,0.6483613817537643
25.0,3.0,8.0,0.6,0.1,0.6,2.0,1110.0,8.0,3.0,0.6585585585585586
25.0,3.0,9.0,0.6,0.1,0.6,2.0,1066.0,6.0,2.0,0.649155722326454
25.0,3.0,10.0,0.6,0.1,0.6,2.0,1039.0,5.0,4.0,0.6496631376323387
25.0,3.0,11.0,0.6,0.1,0.6,2.0,1014.0,4.0,3.0,0.6489151873767258
25.0,3.0,12.0,0.6,0.1,0.6,2.0,1014.0,4.0,2.0,0.6518737672583826
25.0,3.0,13.0,0.6,0.1,0.6,2.0,997.0,2.0,1.0,0.649949849548646
25.0,3.0,14.0,0.6,0.1,0.6,2.0,998.0,2.0,2.0,0.6513026052104208
25.0,3.0,15.0,0.6,0.1,0.6,2.0,988.0,3.0,2.0,0.6477732793522267
25.0,3.0,16.0,0.6,0.1,0.6,2.0,985.0,4.0,1.0,0.650761421319797
25.0,3.0,17.0,0.6,0.1,0.6,2.0,975.0,3.0,0.0,0.6512820512820513
25.0,3.0,18.0,0.6,0.1,0.6,2.0,979.0,3.0,2.0,0.6506639427987743
25.0,3.0,19.0,0.6,0.1,0.6,2.0,967.0,3.0,3.0,0.6494312306101344
25.0,3.0,20.0,0.6,0.1,0.6,2.0,1785.0,4.0,3.0,0.35182072829131655
25.0,3.0,21.0,0.6,0.1,0.6,2.0,1747.0,6.0,1.0,0.3554665140240412
25.0,3.0,22.0,0.6,0.1,0.6,2.0,1655.0,6.0,1.0,0.3631419939577039
25.0,3.0,23.0,0.6,0.1,0.6,2.0,1599.0,5.0,4.0,0.36522826766729205
25.0,3.0,24.0,0.6,0.1,0.6,2.0,1554.0,9.0,4.0,0.36743886743886744
25.0,3.0,25.0,0.6,0.1,0.6,2.0,1526.0,10.0,3.0,0.3669724770642202
25.0,3.0,26.0,0.6,0.1,0.6,2.0,1467.0,7.0,1.0,0.36877982276755283
25.0,3.0,27.0,0.6,0.1,0.6,2.0,1451.0,7.0,3.0,0.36871123363197794
25.0,3.0,28.0,0.6,0.1,0.6,2.0,1429.0,8.0,5.0,0.370888733379986
25.0,3.0,29.0,0.6,0.1,0.6,2.0,1377.0,9.0,6.0,0.3747276688453159
25.0,3.0,30.0,0.6,0.1,0.6,2.0,1336.0,8.0,4.0,0.3772455089820359
25.0,3.0,31.0,0.6,0.1,0.6,2.0,1329.0,8.0,2.0,0.3732129420617005
25.0,3.0,32.0,0.6,0.1,0.6,2.0,1266.0,6.0,2.0,0.3791469194312796
25.0,3.0,33.0,0.6,0.1,0.6,2.0,1225.0,5.0,3.0,0.3787755102040816
25.0,3.0,34.0,0.6,0.1,0.6,2.0,1157.0,5.0,3.0,0.3898012100259291
25.0,3.0,35.0,0.6,0.1,0.6,2.0,1125.0,4.0,1.0,0.392
25.0,3.0,36.0,0.6,0.1,0.6,2.0,1108.0,5.0,0.0,0.3953068592057762
25.0,3.0,37.0,0.6,0.1,0.6,2.0,1081.0,4.0,4.0,0.391304347826087
25.0,3.0,38.0,0.6,0.1,0.6,2.0,1079.0,6.0,4.0,0.39295644114921224
25.0,3.0,39.0,0.6,0.1,0.6,2.0,1058.0,5.0,3.0,0.3941398865784499
25.0,3.0,40.0,0.6,0.1,0.6,2.0,1049.0,3.0,1.0,0.3994280266920877
25.0,3.0,41.0,0.6,0.1,0.6,2.0,1014.0,3.0,1.0,0.40138067061143984
25.0,3.0,42.0,0.6,0.1,0.6,2.0,990.0,3.0,1.0,0.401010101010101
25.0,3.0,43.0,0.6,0.1,0.6,2.0,972.0,2.0,1.0,0.3991769547325103
25.0,3.0,44.0,0.6,0.1,0.6,2.0,967.0,2.0,1.0,0.4012409513960703
25.0,3.0,45.0,0.6,0.1,0.6,2.0,917.0,2.0,1.0,0.6324972737186477
25.0,3.0,46.0,0.6,0.1,0.6,2.0,920.0,1.0,1.0,0.6315217391304347
25.0,3.0,47.0,0.6,0.1,0.6,2.0,885.0,0.0,0.0,0.6338983050847458
25.0,3.0,48.0,0.6,0.1,0.6,2.0,871.0,1.0,1.0,0.6337543053960965
25.0,3.0,49.0,0.6,0.1,0.6,2.0,868.0,0.0,0.0,0.631336405529954
25.0,3.0,50.0,0.6,0.1,0.6,2.0,862.0,0.0,0.0,0.6310904872389791
25.0,3.0,51.0,0.6,0.1,0.6,2.0,843.0,0.0,0.0,0.6298932384341637
25.0,3.0,52.0,0.6,0.1,0.6,2.0,836.0,0.0,0.0,0.6339712918660287
25.0,4.0,1.0,0.6,0.1,0.6,2.0,835.0,0.0,0.0,0.6335329341317365
25.0,4.0,2.0,0.6,0.1,0.6,2.0,832.0,0.0,0.0,0.6370192307692307
25.0,4.0,3.0,0.6,0.1,0.6,2.0,830.0,0.0,0.0,0.6337349397590362
25.0,4.0,4.0,0.6,0.1,0.6,2.0,823.0,0.0,0.0,0.6330498177399757
25.0,4.0,5.0,0.6,0.1,0.6,2.0,822.0,0.0,0.0,0.6313868613138686
25.0,4.0,6.0,0.6,0.1,0.6,2.0,808.0,0.0,0.0,0.6324257425742574
25.0,4.0,7.0,0.6,0.1,0.6,2.0,809.0,0.0,0.0,0.6328800988875154
25.0,4.0,8.0,0.6,0.1,0.6,2.0,801.0,0.0,0.0,0.634207240948814
25.0,4.0,9.0,0.6,0.1,0.6,2.0,795.0,0.0,0.0,0.6339622641509434
25.0,4.0,10.0,0.6,0.1,0.6,2.0,792.0,0.0,0.0,0.6325757575757576
25.0,4.0,11.0,0.6,0.1,0.6,2.0,783.0,0.0,0.0,0.6347381864623244
25.0,4.0,12.0,0.6,0.1,0.6,2.0,772.0,0.0,0.0,0.633419689119171
25.0,4.0,13.0,0.6,0.1,0.6,2.0,768.0,0.0,0.0,0.6315104166666666
25.0,4.0,14.0,0.6,0.1,0.6,2.0,765.0,0.0,0.0,0.6326797385620915
25.0,4.0,15.0,0.6,0.1,0.6,2.0,758.0,0.0,0.0,0.6306068601583114
25.0,4.0,16.0,0.6,0.1,0.6,2.0,759.0,0.0,0.0,0.6297760210803689
25.0,4.0,17.0,0.6,0.1,0.6,2.0,754.0,0.0,0.0,0.629973474801061
25.0,4.0,18.0,0.6,0.1,0.6,2.0,755.0,0.0,0.0,0.6291390728476821
25.0,4.0,19.0,0.6,0.1,0.6,2.0,750.0,0.0,0.0,0.6306666666666667
25.0,4.0,20.0,0.6,0.1,0.6,2.0,1404.0,0.0,0.0,0.33618233618233617
25.0,4.0,21.0,0.6,0.1,0.6,2.0,1355.0,0.0,0.0,0.3328413284132841
25.0,4.0,22.0,0.6,0.1,0.6,2.0,1313.0,0.0,0.0,0.33587204874333587
25.0,4.0,23.0,0.6,0.1,0.6,2.0,1281.0,0.0,0.0,0.33099141295862605
25.0,4.0,24.0,0.6,0.1,0.6,2.0,1250.0,0.0,0.0,0.3368
25.0,4.0,25.0,0.6,0.1,0.6,2.0,1215.0,0.0,0.0,0.3374485596707819
25.0,4.0,26.0,0.6,0.1,0.6,2.0,1213.0,0.0,0.0,0.3388293487221764
25.0,4.0,27.0,0.6,0.1,0.6,2.0,1149.0,0.0,0.0,0.34464751958224543
25.0,4.0,28.0,0.6,0.1,0.6,2.0,1133.0,0.0,0.0,0.34598411297440423
25.0,4.0,29.0,0.6,0.1,0.6,2.0,1088.0,0.0,0.0,0.3483455882352941
25.0,4.0,30.0,0.6,0.1,0.6,2.0,1096.0,0.0,0.0,0.3476277372262774
25.0,4.0,31.0,0.6,0.1,0.6,2.0,1078.0,0.0,0.0,0.3469387755102041
25.0,4.0,32.0,0.6,0.1,0.6,2.0,1067.0,0.0,0.0,0.34957825679475163
25.0,4.0,33.0,0.6,0.1,0.6,2.0,1003.0,0.0,0.0,0.35294117647058826
25.0,4.0,34.0,0.6,0.1,0.6,2.0,1013.0,0.0,0.0,0.35241855873642647
25.0,4.0,35.0,0.6,0.1,0.6,2.0,991.0,0.0,0.0,0.3511604439959637
25.0,4.0,36.0,0.6,0.1,0.6,2.0,978.0,0.0,0.0,0.3558282208588957
25.0,4.0,37.0,0.6,0.1,0.6,2.0,945.0,0.0,0.0,0.35343915343915344
25.0,4.0,38.0,0.6,0.1,0.6,2.0,950.0,0.0,0.0,0.3526315789473684
25.0,4.0,39.0,0.6,0.1,0.6,2.0,908.0,0.0,0.0,0.3535242290748899
25.0,4.0,40.0,0.6,0.1,0.6,2.0,887.0,0.0,0.0,0.3596392333709132
25.0,4.0,41.0,0.6,0.1,0.6,2.0,880.0,0.0,0.0,0.35568181818181815
25.0,4.0,42.0,0.6,0.1,0.6,2.0,861.0,0.0,0.0,0.3623693379790941
25.0,4.0,43.0,0.6,0.1,0.6,2.0,851.0,0.0,0.0,0.3595769682726204
25.0,4.0,44.0,0.6,0.1,0.6,2.0,856.0,0.0,0.0,0.36098130841121495
25.0,4.0,45.0,0.6,0.1,0.6,2.0,817.0,0.0,0.0,0.627906976744186
25.0,4.0,46.0,0.6,0.1,0.6,2.0,793.0,0.0,0.0,0.6292559899117276
25.0,4.0,47.0,0.6,0.1,0.6,2.0,786.0,0.0,0.0,0.6259541984732825
25.0,4.0,48.0,0.6,0.1,0.6,2.0,759.0,0.0,0.0,0.6297760210803689
25.0,4.0,49.0,0.6,0.1,0.6,2.0,750.0,0.0,0.0,0.628
25.0,4.0,50.0,0.6,0.1,0.6,2.0,751.0,0.0,0.0,0.6311584553928096
25.0,4.0,51.0,0.6,0.1,0.6,2.0,743.0,0.0,0.0,0.6271870794078062
25.0,4.0,52.0,0.6,0.1,0.6,2.0,748.0,0.0,0.0,0.6310160427807486
25.0,5.0,1.0,0.6,0.1,0.6,2.0,739.0,0.0,0.0,0.6265223274695535
25.0,5.0,2.0,0.6,0.1,0.6,2.0,745.0,0.0,0.0,0.6295302013422819
25.0,5.0,3.0,0.6,0.1,0.6,2.0,736.0,0.0,0.0,0.6277173913043478
25.0,5.0,4.0,0.6,0.1,0.6,2.0,718.0,0.0,0.0,0.6309192200557103
25.0,5.0,5.0,0.6,0.1,0.6,2.0,710.0,0.0,0.0,0.6281690140845071
25.0,5.0,6.0,0.6,0.1,0.6,2.0,712.0,0.0,0.0,0.6292134831460674
25.0,5.0,7.0,0.6,0.1,0.6,2.0,693.0,0.0,0.0,0.6291486291486291
25.0,5.0,8.0,0.6,0.1,0.6,2.0,695.0,0.0,0.0,0.6359712230215827
25.0,5.0,9.0,0.6,0.1,0.6,2.0,686.0,0.0,0.0,0.6326530612244898
25.0,5.0,10.0,0.6,0.1,0.6,2.0,688.0,0.0,0.0,0.6380813953488372
25.0,5.0,11.0,0.6,0.1,0.6,2.0,682.0,0.0,0.0,0.6319648093841642
25.0,5.0,12.0,0.6,0.1,0.6,2.0,682.0,0.0,0.0,0.6392961876832844
25.0,5.0,13.0,0.6,0.1,0.6,2.0,677.0,0.0,0.0,0.6351550960118169
25.0,5.0,14.0,0.6,0.1,0.6,2.0,675.0,0.0,0.0,0.6385185185185185
25.0,5.0,15.0,0.6,0.1,0.6,2.0,668.0,0.0,0.0,0.6332335329341318
25.0,5.0,16.0,0.6,0.1,0.6,2.0,660.0,0.0,0.0,0.6439393939393939
25.0,5.0,17.0,0.6,0.1,0.6,2.0,655.0,0.0,0.0,0.6396946564885496
25.0,5.0,18.0,0.6,0.1,0.6,2.0,658.0,0.0,0.0,0.6443768996960486
25.0,5.0,19.0,0.6,0.1,0.6,2.0,648.0,0.0,0.0,0.6373456790123457
25.0,5.0,20.0,0.6,0.1,0.6,2.0,1191.0,0.0,0.0,0.3501259445843829
25.0,5.0,21.0,0.6,0.1,0.6,2.0,1122.0,0.0,0.0,0.34759358288770054
25.0,5.0,22.0,0.6,0.1,0.6,2.0,1058.0,0.0,0.0,0.3591682419659735
25.0,5.0,23.0,0.6,0.1,0.6,2.0,978.0,0.0,0.0,0.36503067484662577
25.0,5.0,24.0,0.6,0.1,0.6,2.0,960.0,0.0,0.0,0.365625
25.0,5.0,25.0,0.6,0.1,0.6,2.0,950.0,0.0,0.0,0.36736842105263157
25.0,5.0,26.0,0.6,0.1,0.6,2.0,940.0,0.0,0.0,0.3702127659574468
25.0,5.0,27.0,0.6,0.1,0.6,2.0,925.0,0.0,0.0,0.3675675675675676
25.0,5.0,28.0,0.6,0.1,0.6,2.0,893.0,0.0,0.0,0.3729003359462486
25.0,5.0,29.0,0.6,0.1,0.6,2.0,881.0,0.0,0.0,0.3711691259931896
25.0,5.0,30.0,0.6,0.1,0.6,2.0,877.0,0.0,0.0,0.37400228050171036
25.0,5.0,31.0,0.6,0.1,0.6,2.0,870.0,0.0,0.0,0.3735632183908046
25.0,5.0,32.0,0.6,0.1,0.6,2.0,852.0,0.0,0.0,0.3732394366197183
25.0,5.0,33.0,0.6,0.1,0.6,2.0,854.0,0.0,0.0,0.3711943793911007
25.0,5.0,34.0,0.6,0.1,0.6,2.0,847.0,0.0,0.0,0.371900826446281
25.0,5.0,35.0,0.6,0.1,0.6,2.0,834.0,0.0,0.0,0.37170263788968827
25.0,5.0,36.0,0.6,0.1,0.6,2.0,774.0,0.0,0.0,0.38242894056847543
25.0,5.0,37.0,0.6,0.1,0.6,2.0,767.0,0.0,0.0,0.3833116036505867
25.0,5.0,38.0,0.6,0.1,0.6,2.0,742.0,0.0,0.0,0.38274932614555257
25.0,5.0,39.0,0.6,0.1,0.6,2.0,736.0,0.0,0.0,0.38179347826086957
25.0,5.0,40.0,0.6,0.1,0.6,2.0,712.0,0.0,0.0,0.3848314606741573
25.0,5.0,41.0,0.6,0.1,0.6,2.0,716.0,0.0,0.0,0.38268156424581007
25.0,5.0,42.0,0.6,0.1,0.6,2.0,707.0,0.0,0.0,0.38472418670438474
25.0,5.0,43.0,0.6,0.1,0.6,2.0,705.0,0.0,0.0,0.38581560283687943
25.0,5.0,44.0,0.6,0.1,0.6,2.0,696.0,0.0,0.0,0.3864942528735632
25.0,5.0,45.0,0.6,0.1,0.6,2.0,704.0,0.0,0.0,0.6321022727272727
25.0,5.0,46.0,0.6,0.1,0.6,2.0,689.0,0.0,0.0,0.637155297532656
25.0,5.0,47.0,0.6,0.1,0.6,2.0,679.0,0.0,0.0,0.6332842415316642
25.0,5.0,48.0,0.6,0.1,0.6,2.0,664.0,0.0,0.0,0.6370481927710844
25.0,5.0,49.0,0.6,0.1,0.6,2.0,669.0,0.0,0.0,0.6322869955156951
25.0,5.0,50.0,0.6,0.1,0.6,2.0,654.0,0.0,0.0,0.636085626911315
25.0,5.0,51.0,0.6,0.1,0.6,2.0,654.0,0.0,0.0,0.6314984709480123
25.0,5.0,52.0,0.6,0.1,0.6,2.0,652.0,0.0,0.0,0.6365030674846626
25.0,6.0,1.0,0.6,0.1,0.6,2.0,654.0,0.0,0.0,0.6314984709480123
25.0,6.0,2.0,0.6,0.1,0.6,2.0,641.0,0.0,0.0,0.6349453978159126
25.0,6.0,3.0,0.6,0.1,0.6,2.0,633.0,0.0,0.0,0.6303317535545023
25.0,6.0,4.0,0.6,0.1,0.6,2.0,631.0,0.0,0.0,0.6354992076069731
25.0,6.0,5.0,0.6,0.1,0.6,2.0,635.0,0.0,0.0,0.631496062992126
25.0,6.0,6.0,0.6,0.1,0.6,2.0,630.0,0.0,0.0,0.6349206349206349
25.0,6.0,7.0,0.6,0.1,0.6,2.0,630.0,0.0,0.0,0.6317460317460317
25.0,6.0,8.0,0.6,0.1,0.6,2.0,626.0,0.0,0.0,0.6373801916932907
25.0,6.0,9.0,0.6,0.1,0.6,2.0,627.0,0.0,0.0,0.6331738437001595
25.0,6.0,10.0,0.6,0.1,0.6,2.0,625.0,0.0,0.0,0.6368
25.0,6.0,11.0,0.6,0.1,0.6,2.0,621.0,0.0,0.0,0.6312399355877617
25.0,6.0,12.0,0.6,0.1,0.6,2.0,619.0,0.0,0.0,0.6332794830371568
25.0,6.0,13.0,0.6,0.1,0.6,2.0,620.0,0.0,0.0,0.6306451612903226
25.0,6.0,14.0,0.6,0.1,0.6,2.0,618.0,0.0,0.0,0.6343042071197411
25.0,6.0,15.0,0.6,0.1,0.6,2.0,618.0,0.0,0.0,0.6326860841423948
25.0,6.0,16.0,0.6,0.1,0.6,2.0,592.0,0.0,0.0,0.6402027027027027
25.0,6.0,17.0,0.6,0.1,0.6,2.0,592.0,0.0,0.0,0.6368243243243243
25.0,6.0,18.0,0.6,0.1,0.6,2.0,591.0,0.0,0.0,0.6395939086294417
25.0,6.0,19.0,0.6,0.1,0.6,2.0,581.0,0.0,0.0,0.6385542168674698
25.0,6.0,20.0,0.6,0.1,0.6,2.0,1058.0,0.0,0.0,0.3487712665406427
25.0,6.0,21.0,0.6,0.1,0.6,2.0,1013.0,0.0,0.0,0.3543928923988154
25.0,6.0,22.0,0.6,0.1,0.6,2.0,986.0,0.0,0.0,0.35598377281947263
25.0,6.0,23.0,0.6,0.1,0.6,2.0,936.0,0.0,0.0,0.35683760683760685
25.0,6.0,24.0,0.6,0.1,0.6,2.0,872.0,0.0,0.0,0.3623853211009174
25.0,6.0,25.0,0.6,0.1,0.6,2.0,872.0,0.0,0.0,0.3623853211009174
25.0,6.0,26.0,0.6,0.1,0.6,2.0,835.0,0.0,0.0,0.3652694610778443
25.0,6.0,27.0,0.6,0.1,0.6,2.0,809.0,0.0,0.0,0.3720642768850433
25.0,6.0,28.0,0.6,0.1,0.6,2.0,808.0,0.0,0.0,0.37004950495049505
25.0,6.0,29.0,0.6,0.1,0.6,2.0,795.0,0.0,0.0,0.37358490566037733
25.0,6.0,30.0,0.6,0.1,0.6,2.0,758.0,0.0,0.0,0.3786279683377309
25.0,6.0,31.0,0.6,0.1,0.6,2.0,756.0,0.0,0.0,0.3783068783068783
25.0,6.0,32.0,0.6,0.1,0.6,2.0,737.0,0.0,0.0,0.3758480325644505
25.0,6.0,33.0,0.6,0.1,0.6,2.0,724.0,0.0,0.0,0.3798342541436464
25.0,6.0,34.0,0.6,0.1,0.6,2.0,725.0,0.0,0.0,0.3793103448275862
25.0,6.0,35.0,0.6,0.1,0.6,2.0,721.0,0.0,0.0,0.3800277392510402
25.0,6.0,36.0,0.6,0.1,0.6,2.0,722.0,0.0,0.0,0.37950138504155123
25.0,6.0,37.0,0.6,0.1,0.6,2.0,709.0,0.0,0.0,0.38081805359661497
25.0,6.0,38.0,0.6,0.1,0.6,2.0,709.0,0.0,0.0,0.37940761636107195
25.0,6.0,39.0,0.6,0.1,0.6,2.0,671.0,0.0,0.0,0.37853949329359166
25.0,6.0,40.0,0.6,0.1,0.6,2.0,649.0,0.0,0.0,0.38366718027734975
25.0,6.0,41.0,0.6,0.1,0.6,2.0,645.0,0.0,0.0,0.3813953488372093
25.0,6.0,42.0,0.6,0.1,0.6,2.0,640.0,0.0,0.0,0.38125
25.0,6.0,43.0,0.6,0.1,0.6,2.0,635.0,0.0,0.0,0.3826771653543307
25.0,6.0,44.0,0.6,0.1,0.6,2.0,639.0,0.0,0.0,0.37871674491392804
25.0,6.0,45.0,0.6,0.1,0.6,2.0,634.0,0.0,0.0,0.6246056782334385
25.0,6.0,46.0,0.6,0.1,0.6,2.0,639.0,0.0,0.0,0.621283255086072
25.0,6.0,47.0,0.6,0.1,0.6,2.0,613.0,0.0,0.0,0.6199021207177814
25.0,6.0,48.0,0.6,0.1,0.6,2.0,619.0,0.0,0.0,0.6155088852988692
25.0,6.0,49.0,0.6,0.1,0.6,2.0,611.0,0.0,0.0,0.6202945990180033
25.0,6.0,50.0,0.6,0.1,0.6,2.0,618.0,0.0,0.0,0.616504854368932
25.0,6.0,51.0,0.6,0.1,0.6,2.0,596.0,0.0,0.0,0.6157718120805369
25.0,6.0,52.0,0.6,0.1,0.6,2.0,588.0,0.0,0.0,0.6139455782312925
25.0,7.0,1.0,0.6,0.1,0.6,2.0,567.0,0.0,0.0,0.6243386243386243
25.0,7.0,2.0,0.6,0.1,0.6,2.0,570.0,0.0,0.0,0.6192982456140351
25.0,7.0,3.0,0.6,0.1,0.6,2.0,562.0,0.0,0.0,0.6263345195729537
25.0,7.0,4.0,0.6,0.1,0.6,2.0,566.0,0.0,0.0,0.6219081272084805
25.0,7.0,5.0,0.6,0.1,0.6,2.0,561.0,0.0,0.0,0.6256684491978609
25.0,7.0,6.0,0.6,0.1,0.6,2.0,563.0,0.0,0.0,0.6216696269982238
25.0,7.0,7.0,0.6,0.1,0.6,2.0,559.0,0.0,0.0,0.6243291592128801
25.0,7.0,8.0,0.6,0.1,0.6,2.0,562.0,0.0,0.0,0.6209964412811388
25.0,7.0,9.0,0.6,0.1,0.6,2.0,555.0,0.0,0.0,0.6270270270270271
25.0,7.0,10.0,0.6,0.1,0.6,2.0,554.0,0.0,0.0,0.6263537906137184
25.0,7.0,11.0,0.6,0.1,0.6,2.0,553.0,0.0,0.0,0.6256781193490054
25.0,7.0,12.0,0.6,0.1,0.6,2.0,550.0,0.0,0.0,0.6254545454545455
25.0,7.0,13.0,0.6,0.1,0.6,2.0,551.0,0.0,0.0,0.6243194192377496
25.0,7.0,14.0,0.6,0.1,0.6,2.0,550.0,0.0,0.0,0.6254545454545455
25.0,7.0,15.0,0.6,0.1,0.6,2.0,551.0,0.0,0.0,0.6225045372050817
25.0,7.0,16.0,0.6,0.1,0.6,2.0,549.0,0.0,0.0,0.6247723132969034
25.0,7.0,17.0,0.6,0.1,0.6,2.0,552.0,0.0,0.0,0.6213768115942029
25.0,7.0,18.0,0.6,0.1,0.6,2.0,536.0,0.0,0.0,0.621268656716418
25.0,7.0,19.0,0.6,0.1,0.6,2.0,538.0,0.0,0.0,0.6152416356877324
25.0,7.0,20.0,0.6,0.1,0.6,2.0,943.0,0.0,0.0,0.35100742311770944
25.0,7.0,21.0,0.6,0.1,0.6,2.0,926.0,0.0,0.0,0.3488120950323974
25.0,7.0,22.0,0.6,0.1,0.6,2.0,880.0,0.0,0.0,0.35568181818181815
25.0,7.0,23.0,0.6,0.1,0.6,2.0,883.0,0.0,0.0,0.3510758776896942
25.0,7.0,24.0,0.6,0.1,0.6,2.0,840.0,0.0,0.0,0.35119047619047616
25.0,7.0,25.0,0.6,0.1,0.6,2.0,845.0,0.0,0.0,0.34911242603550297
25.0,7.0,26.0,0.6,0.1,0.6,2.0,812.0,0.0,0.0,0.35591133004926107
25.0,7.0,27.0,0.6,0.1,0.6,2.0,812.0,0.0,0.0,0.35467980295566504
25.0,7.0,28.0,0.6,0.1,0.6,2.0,802.0,0.0,0.0,0.36159600997506236
25.0,7.0,29.0,0.6,0.1,0.6,2.0,807.0,0.0,0.0,0.35687732342007433
25.0,7.0,30.0,0.6,0.1,0.6,2.0,776.0,0.0,0.0,0.36597938144329895
25.0,7.0,31.0,0.6,0.1,0.6,2.0,768.0,0.0,0.0,0.36328125
25.0,7.0,32.0,0.6,0.1,0.6,2.0,768.0,0.0,0.0,0.3645833333333333
25.0,7.0,33.0,0.6,0.1,0.6,2.0,774.0,0.0,0.0,0.36175710594315247
25.0,7.0,34.0,0.6,0.1,0.6,2.0,741.0,0.0,0.0,0.3684210526315789
25.0,7.0,35.0,0.6,0.1,0.6,2.0,736.0,0.0,0.0,0.3654891304347826
25.0,7.0,36.0,0.6,0.1,0.6,2.0,730.0,0.0,0.0,0.3684931506849315
25.0,7.0,37.0,0.6,0.1,0.6,2.0,729.0,0.0,0.0,0.36488340192043894
25.0,7.0,38.0,0.6,0.1,0.6,2.0,706.0,0.0,0.0,0.3668555240793201
25.0,7.0,39.0,0.6,0.1,0.6,2.0,710.0,0.0,0.0,0.36338028169014086
25.0,7.0,40.0,0.6,0.1,0.6,2.0,702.0,0.0,0.0,0.36894586894586895
25.0,7.0,41.0,0.6,0.1,0.6,2.0,705.0,0.0,0.0,0.3659574468085106
25.0,7.0,42.0,0.6,0.1,0.6,2.0,687.0,0.0,0.0,0.37409024745269287
25.0,7.0,43.0,0.6,0.1,0.6,2.0,681.0,0.0,0.0,0.37151248164464024
25.0,7.0,44.0,0.6,0.1,0.6,2.0,666.0,0.0,0.0,0.3783783783783784
25.0,7.0,45.0,0.6,0.1,0.6,2.0,666.0,0.0,0.0,0.6456456456456456
25.0,7.0,46.0,0.6,0.1,0.6,2.0,662.0,0.0,0.0,0.648036253776435
25.0,7.0,47.0,0.6,0.1,0.6,2.0,662.0,0.0,0.0,0.6465256797583081
25.0,7.0,48.0,0.6,0.1,0.6,2.0,658.0,0.0,0.0,0.648936170212766
25.0,7.0,49.0,0.6,0.1,0.6,2.0,662.0,0.0,0.0,0.6465256797583081
25.0,7.0,50.0,0.6,0.1,0.6,2.0,631.0,0.0,0.0,0.6561014263074485
25.0,7.0,51.0,0.6,0.1,0.6,2.0,643.0,0.0,0.0,0.6547433903576982
25.0,7.0,52.0,0.6,0.1,0.6,2.0,629.0,0.0,0.0,0.6581875993640699
25.0,8.0,1.0,0.6,0.1,0.6,2.0,640.0,0.0,0.0,0.65625
25.0,8.0,2.0,0.6,0.1,0.6,2.0,628.0,0.0,0.0,0.6592356687898089
25.0,8.0,3.0,0.6,0.1,0.6,2.0,638.0,0.0,0.0,0.6551724137931034
25.0,8.0,4.0,0.6,0.1,0.6,2.0,616.0,0.0,0.0,0.6558441558441559
25.0,8.0,5.0,0.6,0.1,0.6,2.0,627.0,0.0,0.0,0.6523125996810207
25.0,8.0,6.0,0.6,0.1,0.6,2.0,617.0,0.0,0.0,0.6547811993517018
25.0,8.0,7.0,0.6,0.1,0.6,2.0,625.0,0.0,0.0,0.6528
25.0,8.0,8.0,0.6,0.1,0.6,2.0,618.0,0.0,0.0,0.6553398058252428
25.0,8.0,9.0,0.6,0.1,0.6,2.0,621.0,0.0,0.0,0.6570048309178744
25.0,8.0,10.0,0.6,0.1,0.6,2.0,613.0,0.0,0.0,0.6574225122349103
25.0,8.0,11.0,0.6,0.1,0.6,2.0,616.0,0.0,0.0,0.6574675324675324
25.0,8.0,12.0,0.6,0.1,0.6,2.0,611.0,0.0,0.0,0.6546644844517185
25.0,8.0,13.0,0.6,0.1,0.6,2.0,616.0,0.0,0.0,0.6558441558441559
25.0,8.0,14.0,0.6,0.1,0.6,2.0,610.0,0.0,0.0,0.659016393442623
25.0,8.0,15.0,0.6,0.1,0.6,2.0,615.0,0.0,0.0,0.656910569105691
25.0,8.0,16.0,0.6,0.1,0.6,2.0,611.0,0.0,0.0,0.6563011456628478
25.0,8.0,17.0,0.6,0.1,0.6,2.0,604.0,0.0,0.0,0.6572847682119205
25.0,8.0,18.0,0.6,0.1,0.6,2.0,598.0,0.0,0.0,0.6605351170568562
25.0,8.0,19.0,0.6,0.1,0.6,2.0,601.0,0.0,0.0,0.6605657237936772
25.0,8.0,20.0,0.6,0.1,0.6,2.0,1115.0,0.0,0.0,0.35336322869955156
25.0,8.0,21.0,0.6,0.1,0.6,2.0,1103.0,0.0,0.0,0.35448776065276516
25.0,8.0,22.0,0.6,0.1,0.6,2.0,1071.0,0.0,0.0,0.3622782446311858
25.0,8.0,23.0,0.6,0.1,0.6,2.0,1069.0,0.0,0.0,0.35547240411599623
25.0,8.0,24.0,0.6,0.1,0.6,2.0,1013.0,0.0,0.0,0.37018756169792694
25.0,8.0,25.0,0.6,0.1,0.6,2.0,1035.0,0.0,0.0,0.3642512077294686
25.0,8.0,26.0,0.6,0.1,0.6,2.0,1002.0,0.0,0.0,0.36826347305389223
25.0,8.0,27.0,0.6,0.1,0.6,2.0,985.0,0.0,0.0,0.3634517766497462
25.0,8.0,28.0,0.6,0.1,0.6,2.0,963.0,0.0,0.0,0.3707165109034268
25.0,8.0,29.0,0.6,0.1,0.6,2.0,958.0,0.0,0.0,0.3674321503131524
25.0,8.0,30.0,0.6,0.1,0.6,2.0,863.0,0.0,0.0,0.3823870220162225
25.0,8.0,31.0,0.6,0.1,0.6,2.0,856.0,0.0,0.0,0.3808411214953271
25.0,8.0,32.0,0.6,0.1,0.6,2.0,810.0,0.0,0.0,0.391358024691358
25.0,8.0,33.0,0.6,0.1,0.6,2.0,838.0,0.0,0.0,0.3818615751789976
25.0,8.0,34.0,0.6,0.1,0.6,2.0,803.0,0.0,0.0,0.3848069738480697
25.0,8.0,35.0,0.6,0.1,0.6,2.0,800.0,0.0,0.0,0.385
25.0,8.0,36.0,0.6,0.1,0.6,2.0,775.0,0.0,0.0,0.39483870967741935
25.0,8.0,37.0,0.6,0.1,0.6,2.0,774.0,0.0,0.0,0.39405684754521964
25.0,8.0,38.0,0.6,0.1,0.6,2.0,763.0,0.0,0.0,0.3984272608125819
25.0,8.0,39.0,0.6,0.1,0.6,2.0,778.0,0.0,0.0,0.39460154241645246
25.0,8.0,40.0,0.6,0.1,0.6,2.0,749.0,0.0,0.0,0.3991989319092123
25.0,8.0,41.0,0.6,0.1,0.6,2.0,760.0,0.0,0.0,0.3960526315789474
25.0,8.0,42.0,0.6,0.1,0.6,2.0,750.0,0.0,0.0,0.3973333333333333
25.0,8.0,43.0,0.6,0.1,0.6,2.0,764.0,0.0,0.0,0.39397905759162305
25.0,8.0,44.0,0.6,0.1,0.6,2.0,752.0,0.0,0.0,0.3976063829787234
25.0,8.0,45.0,0.6,0.1,0.6,2.0,766.0,0.0,0.0,0.6370757180156658
25.0,8.0,46.0,0.6,0.1,0.6,2.0,724.0,0.0,0.0,0.643646408839779
25.0,8.0,47.0,0.6,0.1,0.6,2.0,738.0,0.0,0.0,0.6409214092140921
25.0,8.0,48.0,0.6,0.1,0.6,2.0,699.0,0.0,0.0,0.6452074391988555
25.0,8.0,49.0,0.6,0.1,0.6,2.0,697.0,0.0,0.0,0.6441893830703013
25.0,8.0,50.0,0.6,0.1,0.6,2.0,688.0,0.0,0.0,0.6438953488372093
25.0,8.0,51.0,0.6,0.1,0.6,2.0,693.0,0.0,0.0,0.6464646464646465
25.0,8.0,52.0,0.6,0.1,0.6,2.0,687.0,0.0,0.0,0.6433770014556041
25.0,9.0,1.0,0.6,0.1,0.6,2.0,690.0,0.0,0.0,0.6463768115942029
25.0,9.0,2.0,0.6,0.1,0.6,2.0,688.0,0.0,0.0,0.6453488372093024
25.0,9.0,3.0,0.6,0.1,0.6,2.0,689.0,0.0,0.0,0.6458635703918723
25.0,9.0,4.0,0.6,0.1,0.6,2.0,687.0,0.0,0.0,0.6448326055312955
25.0,9.0,5.0,0.6,0.1,0.6,2.0,689.0,0.0,0.0,0.6458635703918723
25.0,9.0,6.0,0.6,0.1,0.6,2.0,688.0,0.0,0.0,0.6453488372093024
25.0,9.0,7.0,0.6,0.1,0.6,2.0,689.0,0.0,0.0,0.6458635703918723
25.0,9.0,8.0,0.6,0.1,0.6,2.0,684.0,0.0,0.0,0.6476608187134503
25.0,9.0,9.0,0.6,0.1,0.6,2.0,676.0,0.0,0.0,0.6523668639053254
25.0,9.0,10.0,0.6,0.1,0.6,2.0,670.0,0.0,0.0,0.6522388059701493
25.0,9.0,11.0,0.6,0.1,0.6,2.0,658.0,0.0,0.0,0.6550151975683891
25.0,9.0,12.0,0.6,0.1,0.6,2.0,644.0,0.0,0.0,0.656832298136646
25.0,9.0,13.0,0.6,0.1,0.6,2.0,643.0,0.0,0.0,0.6578538102643857
25.0,9.0,14.0,0.6,0.1,0.6,2.0,643.0,0.0,0.0,0.6547433903576982
25.0,9.0,15.0,0.6,0.1,0.6,2.0,641.0,0.0,0.0,0.6583463338533542
25.0,9.0,16.0,0.6,0.1,0.6,2.0,631.0,0.0,0.0,0.659270998415214
25.0,9.0,17.0,0.6,0.1,0.6,2.0,627.0,0.0,0.0,0.6602870813397129
25.0,9.0,18.0,0.6,0.1,0.6,2.0,629.0,0.0,0.0,0.6581875993640699
25.0,9.0,19.0,0.6,0.1,0.6,2.0,628.0,0.0,0.0,0.660828025477707
25.0,9.0,20.0,0.6,0.1,0.6,2.0,1134.0,0.0,0.0,0.35008818342151676
25.0,9.0,21.0,0.6,0.1,0.6,2.0,1075.0,0.0,0.0,0.3581395348837209
25.0,9.0,22.0,0.6,0.1,0.6,2.0,1052.0,0.0,0.0,0.3602661596958175
25.0,9.0,23.0,0.6,0.1,0.6,2.0,1006.0,0.0,0.0,0.36182902584493043
25.0,9.0,24.0,0.6,0.1,0.6,2.0,1002.0,0.0,0.0,0.3652694610778443
25.0,9.0,25.0,0.6,0.1,0.6,2.0,959.0,0.0,0.0,0.37122002085505734
25.0,9.0,26.0,0.6,0.1,0.6,2.0,931.0,0.0,0.0,0.37593984962406013
25.0,9.0,27.0,0.6,0.1,0.6,2.0,897.0,0.0,0.0,0.3779264214046823
25.0,9.0,28.0,0.6,0.1,0.6,2.0,863.0,0.0,0.0,0.3870220162224797
25.0,9.0,29.0,0.6,0.1,0.6,2.0,866.0,0.0,0.0,0.384526558891455
25.0,9.0,30.0,0.6,0.1,0.6,2.0,863.0,0.0,0.0,0.388180764774044
25.0,9.0,31.0,0.6,0.1,0.6,2.0,839.0,0.0,0.0,0.3873659117997616
25.0,9.0,32.0,0.6,0.1,0.6,2.0,829.0,0.0,0.0,0.39203860072376356
25.0,9.0,33.0,0.6,0.1,0.6,2.0,844.0,0.0,0.0,0.38507109004739337
25.0,9.0,34.0,0.6,0.1,0.6,2.0,805.0,0.0,0.0,0.39751552795031053
25.0,9.0,35.0,0.6,0.1,0.6,2.0,791.0,0.0,0.0,0.39570164348925413
25.0,9.0,36.0,0.6,0.1,0.6,2.0,795.0,0.0,0.0,0.39622641509433965
25.0,9.0,37.0,0.6,0.1,0.6,2.0,758.0,0.0,0.0,0.40105540897097625
25.0,9.0,38.0,0.6,0.1,0.6,2.0,759.0,0.0,0.0,0.4031620553359684
25.0,9.0,39.0,0.6,0.1,0.6,2.0,762.0,0.0,0.0,0.400262467191601
25.0,9.0,40.0,0.6,0.1,0.6,2.0,729.0,0.0,0.0,0.411522633744856
25.0,9.0,41.0,0.6,0.1,0.6,2.0,725.0,0.0,0.0,0.4110344827586207
25.0,9.0,42.0,0.6,0.1,0.6,2.0,685.0,0.0,0.0,0.42773722627737226
25.0,9.0,43.0,0.6,0.1,0.6,2.0,700.0,0.0,0.0,0.42
25.0,9.0,44.0,0.6,0.1,0.6,2.0,671.0,0.0,0.0,0.4277198211624441
25.0,9.0,45.0,0.6,0.1,0.6,2.0,662.0,0.0,0.0,0.6586102719033232
25.0,9.0,46.0,0.6,0.1,0.6,2.0,650.0,0.0,0.0,0.6646153846153846
25.0,9.0,47.0,0.6,0.1,0.6,2.0,660.0,0.0,0.0,0.6590909090909091
25.0,9.0,48.0,0.6,0.1,0.6,2.0,641.0,0.0,0.0,0.6645865834633385
25.0,9.0,49.0,0.6,0.1,0.6,2.0,650.0,0.0,0.0,0.6553846153846153
25.0,9.0,50.0,0.6,0.1,0.6,2.0,649.0,0.0,0.0,0.6594761171032357
25.0,9.0,51.0,0.6,0.1,0.6,2.0,649.0,0.0,0.0,0.6563944530046225
25.0,9.0,52.0,0.6,0.1,0.6,2.0,641.0,0.0,0.0,0.6583463338533542
25.0,10.0,1.0,0.6,0.1,0.6,2.0,647.0,0.0,0.0,0.6599690880989181
25.0,10.0,2.0,0.6,0.1,0.6,2.0,635.0,0.0,0.0,0.6645669291338583
25.0,10.0,3.0,0.6,0.1,0.6,2.0,644.0,0.0,0.0,0.6583850931677019
25.0,10.0,4.0,0.6,0.1,0.6,2.0,635.0,0.0,0.0,0.662992125984252
25.0,10.0,5.0,0.6,0.1,0.6,2.0,643.0,0.0,0.0,0.6578538102643857
25.0,10.0,6.0,0.6,0.1,0.6,2.0,637.0,0.0,0.0,0.6624803767660911
25.0,10.0,7.0,0.6,0.1,0.6,2.0,643.0,0.0,0.0,0.6578538102643857
25.0,10.0,8.0,0.6,0.1,0.6,2.0,634.0,0.0,0.0,0.667192429022082
25.0,10.0,9.0,0.6,0.1,0.6,2.0,640.0,0.0,0.0,0.659375
25.0,10.0,10.0,0.6,0.1,0.6,2.0,623.0,0.0,0.0,0.666131621187801
25.0,10.0,11.0,0.6,0.1,0.6,2.0,625.0,0.0,0.0,0.6592
25.0,10.0,12.0,0.6,0.1,0.6,2.0,621.0,0.0,0.0,0.6650563607085346
25.0,10.0,13.0,0.6,0.1,0.6,2.0,624.0,0.0,0.0,0.657051282051282
25.0,10.0,14.0,0.6,0.1,0.6,2.0,619.0,0.0,0.0,0.6639741518578353
25.0,10.0,15.0,0.6,0.1,0.6,2.0,623.0,0.0,0.0,0.6581059390048154
25.0,10.0,16.0,0.6,0.1,0.6,2.0,618.0,0.0,0.0,0.6650485436893204
25.0,10.0,17.0,0.6,0.1,0.6,2.0,625.0,0.0,0.0,0.6576
25.0,10.0,18.0,0.6,0.1,0.6,2.0,621.0,0.0,0.0,0.6618357487922706
25.0,10.0,19.0,0.6,0.1,0.6,2.0,624.0,0.0,0.0,0.657051282051282
25.0,10.0,20.0,0.6,0.1,0.6,2.0,1041.0,0.0,0.0,0.37175792507204614
25.0,10.0,21.0,0.6,0.1,0.6,2.0,1001.0,0.0,0.0,0.37362637362637363
25.0,10.0,22.0,0.6,0.1,0.6,2.0,978.0,0.0,0.0,0.37525562372188137
25.0,10.0,23.0,0.6,0.1,0.6,2.0,968.0,0.0,0.0,0.3760330578512397
25.0,10.0,24.0,0.6,0.1,0.6,2.0,947.0,0.0,0.0,0.382259767687434
25.0,10.0,25.0,0.6,0.1,0.6,2.0,949.0,0.0,0.0,0.3793466807165437
25.0,10.0,26.0,0.6,0.1,0.6,2.0,931.0,0.0,0.0,0.38345864661654133
25.0,10.0,27.0,0.6,0.1,0.6,2.0,934.0,0.0,0.0,0.3811563169164882
25.0,10.0,28.0,0.6,0.1,0.6,2.0,932.0,0.0,0.0,0.38412017167381973
25.0,10.0,29.0,0.6,0.1,0.6,2.0,885.0,0.0,0.0,0.39096045197740115
25.0,10.0,30.0,0.6,0.1,0.6,2.0,838.0,0.0,0.0,0.3937947494033413
25.0,10.0,31.0,0.6,0.1,0.6,2.0,829.0,0.0,0.0,0.39203860072376356
25.0,10.0,32.0,0.6,0.1,0.6,2.0,815.0,0.0,0.0,0.39386503067484663
25.0,10.0,33.0,0.6,0.1,0.6,2.0,813.0,0.0,0.0,0.3936039360393604
25.0,10.0,34.0,0.6,0.1,0.6,2.0,817.0,0.0,0.0,0.39412484700122397
25.0,10.0,35.0,0.6,0.1,0.6,2.0,786.0,0.0,0.0,0.3944020356234097
25.0,10.0,36.0,0.6,0.1,0.6,2.0,787.0,0.0,0.0,0.39390088945362134
25.0,10.0,37.0,0.6,0.1,0.6,2.0,774.0,0.0,0.0,0.3992248062015504
25.0,10.0,38.0,0.6,0.1,0.6,2.0,764.0,0.0,0.0,0.4018324607329843
25.0,10.0,39.0,0.6,0.1,0.6,2.0,758.0,0.0,0.0,0.40105540897097625
25.0,10.0,40.0,0.6,0.1,0.6,2.0,760.0,0.0,0.0,0.4026315789473684
25.0,10.0,41.0,0.6,0.1,0.6,2.0,753.0,0.0,0.0,0.40239043824701193
25.0,10.0,42.0,0.6,0.1,0.6,2.0,768.0,0.0,0.0,0.3997395833333333
25.0,10.0,43.0,0.6,0.1,0.6,2.0,754.0,0.0,0.0,0.40318302387267907
25.0,10.0,44.0,0.6,0.1,0.6,2.0,767.0,0.0,0.0,0.4015645371577575
25.0,10.0,45.0,0.6,0.1,0.6,2.0,730.0,0.0,0.0,0.6547945205479452
25.0,10.0,46.0,0.6,0.1,0.6,2.0,739.0,0.0,0.0,0.6576454668470907
25.0,10.0,47.0,0.6,0.1,0.6,2.0,734.0,0.0,0.0,0.6553133514986376
25.0,10.0,48.0,0.6,0.1,0.6,2.0,733.0,0.0,0.0,0.6575716234652115
25.0,10.0,49.0,0.6,0.1,0.6,2.0,718.0,0.0,0.0,0.6545961002785515
25.0,10.0,50.0,0.6,0.1,0.6,2.0,703.0,0.0,0.0,0.6586059743954481
25.0,10.0,51.0,0.6,0.1,0.6,2.0,701.0,0.0,0.0,0.6562054208273894
25.0,10.0,52.0,0.6,0.1,0.6,2.0,698.0,0.0,0.0,0.6575931232091691
26.0,1.0,1.0,0.6,0.1,0.6,2.0,5247.0,50.0,9.0,0.5942443300933867
26.0,1.0,2.0,0.6,0.1,0.6,2.0,5176.0,50.0,16.0,0.5935085007727975
26.0,1.0,3.0,0.6,0.1,0.6,2.0,5065.0,51.0,27.0,0.5909180651530108
26.0,1.0,4.0,0.6,0.1,0.6,2.0,5009.0,55.0,28.0,0.5917348772210022
26.0,1.0,5.0,0.6,0.1,0.6,2.0,5088.0,60.0,30.0,0.5884433962264151
26.0,1.0,6.0,0.6,0.1,0.6,2.0,4999.0,67.0,28.0,0.5893178635727145
26.0,1.0,7.0,0.6,0.1,0.6,2.0,4903.0,68.0,29.0,0.590250866816235
26.0,1.0,8.0,0.6,0.1,0.6,2.0,4743.0,77.0,26.0,0.5901328273244781
26.0,1.0,9.0,0.6,0.1,0.6,2.0,4576.0,87.0,30.0,0.5913461538461539
26.0,1.0,10.0,0.6,0.1,0.6,2.0,4431.0,91.0,33.0,0.5926427443015121
26.0,1.0,11.0,0.6,0.1,0.6,2.0,4269.0,93.0,44.0,0.5954556102131646
26.0,1.0,12.0,0.6,0.1,0.6,2.0,4167.0,86.0,44.0,0.5977921766258699
26.0,1.0,13.0,0.6,0.1,0.6,2.0,4004.0,78.0,41.0,0.5991508491508492
26.0,1.0,14.0,0.6,0.1,0.6,2.0,3904.0,71.0,35.0,0.6027151639344263
26.0,1.0,15.0,0.6,0.1,0.6,2.0,3771.0,71.0,27.0,0.6083267037920976
26.0,1.0,16.0,0.6,0.1,0.6,2.0,3717.0,59.0,26.0,0.6120527306967984
26.0,1.0,17.0,0.6,0.1,0.6,2.0,3660.0,62.0,32.0,0.6114754098360655
26.0,1.0,18.0,0.6,0.1,0.6,2.0,3612.0,59.0,33.0,0.6143410852713178
26.0,1.0,19.0,0.6,0.1,0.6,2.0,3531.0,50.0,33.0,0.6142735768903993
26.0,1.0,20.0,0.6,0.1,0.6,2.0,6539.0,42.0,26.0,0.3283376663098333
26.0,1.0,21.0,0.6,0.1,0.6,2.0,6196.0,61.0,23.0,0.3313428018076178
26.0,1.0,22.0,0.6,0.1,0.6,2.0,5917.0,61.0,18.0,0.3326009802264661
26.0,1.0,23.0,0.6,0.1,0.6,2.0,5599.0,63.0,23.0,0.333631005536703
26.0,1.0,24.0,0.6,0.1,0.6,2.0,5250.0,57.0,23.0,0.33676190476190476
26.0,1.0,25.0,0.6,0.1,0.6,2.0,4932.0,60.0,29.0,0.3422546634225466
26.0,1.0,26.0,0.6,0.1,0.6,2.0,4729.0,63.0,27.0,0.34764220765489534
26.0,1.0,27.0,0.6,0.1,0.6,2.0,4603.0,76.0,35.0,0.3465131436019987
26.0,1.0,28.0,0.6,0.1,0.6,2.0,4432.0,70.0,30.0,0.3476985559566787
26.0,1.0,29.0,0.6,0.1,0.6,2.0,4267.0,72.0,31.0,0.350597609561753
26.0,1.0,30.0,0.6,0.1,0.6,2.0,4108.0,72.0,33.0,0.3512658227848101
26.0,1.0,31.0,0.6,0.1,0.6,2.0,3996.0,71.0,33.0,0.35285285285285284
26.0,1.0,32.0,0.6,0.1,0.6,2.0,3830.0,82.0,30.0,0.3548302872062663
26.0,1.0,33.0,0.6,0.1,0.6,2.0,3691.0,75.0,40.0,0.35898130587916555
26.0,1.0,34.0,0.6,0.1,0.6,2.0,3621.0,85.0,34.0,0.3612261806130903
26.0,1.0,35.0,0.6,0.1,0.6,2.0,3533.0,94.0,40.0,0.362298330031135
26.0,1.0,36.0,0.6,0.1,0.6,2.0,3396.0,89.0,23.0,0.36837455830388693
26.0,1.0,37.0,0.6,0.1,0.6,2.0,3307.0,103.0,34.0,0.3704263683096462
26.0,1.0,38.0,0.6,0.1,0.6,2.0,3223.0,111.0,41.0,0.37294446168166306
26.0,1.0,39.0,0.6,0.1,0.6,2.0,3187.0,132.0,59.0,0.37401945403200504
26.0,1.0,40.0,0.6,0.1,0.6,2.0,3058.0,142.0,58.0,0.380967952910399
26.0,1.0,41.0,0.6,0.1,0.6,2.0,3013.0,148.0,72.0,0.3816793893129771
26.0,1.0,42.0,0.6,0.1,0.6,2.0,2888.0,138.0,62.0,0.3871191135734072
26.0,1.0,43.0,0.6,0.1,0.6,2.0,2851.0,140.0,74.0,0.38547877937565767
26.0,1.0,44.0,0.6,0.1,0.6,2.0,2759.0,129.0,62.0,0.39470822761870245
26.0,1.0,45.0,0.6,0.1,0.6,2.0,2698.0,130.0,73.0,0.6371386212008896
26.0,1.0,46.0,0.6,0.1,0.6,2.0,2589.0,107.0,65.0,0.6404016994978756
26.0,1.0,47.0,0.6,0.1,0.6,2.0,2547.0,96.0,56.0,0.6419316843345112
26.0,1.0,48.0,0.6,0.1,0.6,2.0,2446.0,78.0,43.0,0.6475878986099755
26.0,1.0,49.0,0.6,0.1,0.6,2.0,2400.0,68.0,35.0,0.6495833333333333
26.0,1.0,50.0,0.6,0.1,0.6,2.0,2348.0,62.0,36.0,0.6545996592844975
26.0,1.0,51.0,0.6,0.1,0.6,2.0,2324.0,53.0,31.0,0.6536144578313253
26.0,1.0,52.0,0.6,0.1,0.6,2.0,2274.0,50.0,28.0,0.6574318381706244
26.0,2.0,1.0,0.6,0.1,0.6,2.0,2261.0,42.0,23.0,0.6585581601061478
26.0,2.0,2.0,0.6,0.1,0.6,2.0,2211.0,33.0,17.0,0.6612392582541836
26.0,2.0,3.0,0.6,0.1,0.6,2.0,2192.0,29.0,15.0,0.6633211678832117
26.0,2.0,4.0,0.6,0.1,0.6,2.0,2136.0,21.0,12.0,0.6676029962546817
26.0,2.0,5.0,0.6,0.1,0.6,2.0,2106.0,17.0,12.0,0.6652421652421653
26.0,2.0,6.0,0.6,0.1,0.6,2.0,2068.0,18.0,13.0,0.6658607350096711
26.0,2.0,7.0,0.6,0.1,0.6,2.0,2056.0,16.0,9.0,0.6682879377431906
26.0,2.0,8.0,0.6,0.1,0.6,2.0,2008.0,11.0,4.0,0.6713147410358565
26.0,2.0,9.0,0.6,0.1,0.6,2.0,2008.0,8.0,3.0,0.6713147410358565
26.0,2.0,10.0,0.6,0.1,0.6,2.0,1978.0,8.0,3.0,0.6749241658240647
26.0,2.0,11.0,0.6,0.1,0.6,2.0,1967.0,8.0,4.0,0.6741230299949161
26.0,2.0,12.0,0.6,0.1,0.6,2.0,1938.0,9.0,4.0,0.6775025799793601
26.0,2.0,13.0,0.6,0.1,0.6,2.0,1913.0,8.0,4.0,0.676424464192368
26.0,2.0,14.0,0.6,0.1,0.6,2.0,1888.0,7.0,3.0,0.676906779661017
26.0,2.0,15.0,0.6,0.1,0.6,2.0,1884.0,5.0,4.0,0.6772823779193206
26.0,2.0,16.0,0.6,0.1,0.6,2.0,1844.0,4.0,3.0,0.678416485900217
26.0,2.0,17.0,0.6,0.1,0.6,2.0,1820.0,6.0,3.0,0.6774725274725275
26.0,2.0,18.0,0.6,0.1,0.6,2.0,1802.0,3.0,1.0,0.6781354051054383
26.0,2.0,19.0,0.6,0.1,0.6,2.0,1797.0,3.0,1.0,0.6766833611574847
26.0,2.0,20.0,0.6,0.1,0.6,2.0,3268.0,3.0,1.0,0.3681150550795594
26.0,2.0,21.0,0.6,0.1,0.6,2.0,3126.0,2.0,1.0,0.3691618682021753
26.0,2.0,22.0,0.6,0.1,0.6,2.0,3044.0,6.0,2.0,0.3708935611038108
26.0,2.0,23.0,0.6,0.1,0.6,2.0,2966.0,8.0,2.0,0.3671611598111935
26.0,2.0,24.0,0.6,0.1,0.6,2.0,2754.0,8.0,3.0,0.36891793754538854
26.0,2.0,25.0,0.6,0.1,0.6,2.0,2707.0,13.0,3.0,0.37052087181381604
26.0,2.0,26.0,0.6,0.1,0.6,2.0,2615.0,15.0,4.0,0.37093690248565964
26.0,2.0,27.0,0.6,0.1,0.6,2.0,2566.0,15.0,3.0,0.3768511301636789
26.0,2.0,28.0,0.6,0.1,0.6,2.0,2509.0,17.0,5.0,0.3762455161418892
26.0,2.0,29.0,0.6,0.1,0.6,2.0,2459.0,19.0,5.0,0.3773891825945506
26.0,2.0,30.0,0.6,0.1,0.6,2.0,2410.0,27.0,12.0,0.3784232365145228
26.0,2.0,31.0,0.6,0.1,0.6,2.0,2328.0,38.0,13.0,0.38101374570446733
26.0,2.0,32.0,0.6,0.1,0.6,2.0,2284.0,42.0,20.0,0.3839754816112084
26.0,2.0,33.0,0.6,0.1,0.6,2.0,2254.0,53.0,19.0,0.3846495119787045
26.0,2.0,34.0,0.6,0.1,0.6,2.0,2190.0,53.0,17.0,0.38995433789954337
26.0,2.0,35.0,0.6,0.1,0.6,2.0,2097.0,47.0,20.0,0.3943729136862184
26.0,2.0,36.0,0.6,0.1,0.6,2.0,2045.0,46.0,24.0,0.3946210268948655
26.0,2.0,37.0,0.6,0.1,0.6,2.0,1995.0,47.0,27.0,0.39649122807017545
26.0,2.0,38.0,0.6,0.1,0.6,2.0,1931.0,34.0,17.0,0.4013464526152253
26.0,2.0,39.0,0.6,0.1,0.6,2.0,1885.0,28.0,13.0,0.40371352785145886
26.0,2.0,40.0,0.6,0.1,0.6,2.0,1841.0,29.0,10.0,0.4057577403585008
26.0,2.0,41.0,0.6,0.1,0.6,2.0,1788.0,28.0,12.0,0.4110738255033557
26.0,2.0,42.0,0.6,0.1,0.6,2.0,1690.0,27.0,11.0,0.41597633136094675
26.0,2.0,43.0,0.6,0.1,0.6,2.0,1657.0,31.0,15.0,0.42063971031985514
26.0,2.0,44.0,0.6,0.1,0.6,2.0,1631.0,33.0,14.0,0.4193746167995095
26.0,2.0,45.0,0.6,0.1,0.6,2.0,1595.0,33.0,12.0,0.6551724137931034
26.0,2.0,46.0,0.6,0.1,0.6,2.0,1587.0,26.0,8.0,0.6559546313799622
26.0,2.0,47.0,0.6,0.1,0.6,2.0,1554.0,22.0,10.0,0.6544401544401545
26.0,2.0,48.0,0.6,0.1,0.6,2.0,1529.0,21.0,12.0,0.6553302812295618
26.0,2.0,49.0,0.6,0.1,0.6,2.0,1496.0,19.0,12.0,0.6544117647058824
26.0,2.0,50.0,0.6,0.1,0.6,2.0,1462.0,17.0,11.0,0.6532147742818057
26.0,2.0,51.0,0.6,0.1,0.6,2.0,1444.0,20.0,9.0,0.6558171745152355
26.0,2.0,52.0,0.6,0.1,0.6,2.0,1420.0,19.0,7.0,0.6598591549295775
26.0,3.0,1.0,0.6,0.1,0.6,2.0,1413.0,18.0,6.0,0.6588818117480538
26.0,3.0,2.0,0.6,0.1,0.6,2.0,1403.0,19.0,10.0,0.6600142551674982
26.0,3.0,3.0,0.6,0.1,0.6,2.0,1390.0,18.0,12.0,0.660431654676259
26.0,3.0,4.0,0.6,0.1,0.6,2.0,1372.0,16.0,11.0,0.6632653061224489
26.0,3.0,5.0,0.6,0.1,0.6,2.0,1364.0,12.0,9.0,0.6656891495601173
26.0,3.0,6.0,0.6,0.1,0.6,2.0,1348.0,9.0,5.0,0.6683976261127597
26.0,3.0,7.0,0.6,0.1,0.6,2.0,1320.0,8.0,5.0,0.6681818181818182
26.0,3.0,8.0,0.6,0.1,0.6,2.0,1306.0,6.0,3.0,0.669218989280245
26.0,3.0,9.0,0.6,0.1,0.6,2.0,1299.0,9.0,3.0,0.6705157813702848
26.0,3.0,10.0,0.6,0.1,0.6,2.0,1283.0,7.0,1.0,0.6726422447388932
26.0,3.0,11.0,0.6,0.1,0.6,2.0,1277.0,6.0,3.0,0.6734534064212999
26.0,3.0,12.0,0.6,0.1,0.6,2.0,1265.0,6.0,3.0,0.6719367588932806
26.0,3.0,13.0,0.6,0.1,0.6,2.0,1259.0,6.0,5.0,0.6727561556791104
26.0,3.0,14.0,0.6,0.1,0.6,2.0,1239.0,4.0,3.0,0.672316384180791
26.0,3.0,15.0,0.6,0.1,0.6,2.0,1238.0,5.0,3.0,0.6736672051696284
26.0,3.0,16.0,0.6,0.1,0.6,2.0,1231.0,5.0,1.0,0.6726238830219334
26.0,3.0,17.0,0.6,0.1,0.6,2.0,1211.0,4.0,1.0,0.6754748142031379
26.0,3.0,18.0,0.6,0.1,0.6,2.0,1208.0,4.0,2.0,0.6763245033112583
26.0,3.0,19.0,0.6,0.1,0.6,2.0,1203.0,6.0,2.0,0.6766417290108063
26.0,3.0,20.0,0.6,0.1,0.6,2.0,2157.0,5.0,1.0,0.3759851645804358
26.0,3.0,21.0,0.6,0.1,0.6,2.0,2037.0,4.0,1.0,0.37800687285223367
26.0,3.0,22.0,0.6,0.1,0.6,2.0,2019.0,7.0,2.0,0.37592867756315007
26.0,3.0,23.0,0.6,0.1,0.6,2.0,1961.0,7.0,3.0,0.37582865884752675
26.0,3.0,24.0,0.6,0.1,0.6,2.0,1934.0,7.0,2.0,0.37435367114788004
26.0,3.0,25.0,0.6,0.1,0.6,2.0,1890.0,8.0,4.0,0.37354497354497357
26.0,3.0,26.0,0.6,0.1,0.6,2.0,1845.0,10.0,5.0,0.3734417344173442
26.0,3.0,27.0,0.6,0.1,0.6,2.0,1825.0,16.0,6.0,0.3693150684931507
26.0,3.0,28.0,0.6,0.1,0.6,2.0,1745.0,14.0,5.0,0.37363896848137534
26.0,3.0,29.0,0.6,0.1,0.6,2.0,1689.0,15.0,7.0,0.3724097098875074
26.0,3.0,30.0,0.6,0.1,0.6,2.0,1640.0,18.0,8.0,0.37134146341463414
26.0,3.0,31.0,0.6,0.1,0.6,2.0,1598.0,24.0,9.0,0.3742177722152691
26.0,3.0,32.0,0.6,0.1,0.6,2.0,1569.0,25.0,9.0,0.37476099426386233
26.0,3.0,33.0,0.6,0.1,0.6,2.0,1552.0,27.0,11.0,0.37628865979381443
26.0,3.0,34.0,0.6,0.1,0.6,2.0,1527.0,30.0,13.0,0.3785199738048461
26.0,3.0,35.0,0.6,0.1,0.6,2.0,1497.0,40.0,12.0,0.3787575150300601
26.0,3.0,36.0,0.6,0.1,0.6,2.0,1416.0,32.0,10.0,0.3862994350282486
26.0,3.0,37.0,0.6,0.1,0.6,2.0,1402.0,32.0,13.0,0.3880171184022825
26.0,3.0,38.0,0.6,0.1,0.6,2.0,1378.0,34.0,17.0,0.38824383164005805
26.0,3.0,39.0,0.6,0.1,0.6,2.0,1357.0,35.0,20.0,0.3868828297715549
26.0,3.0,40.0,0.6,0.1,0.6,2.0,1330.0,37.0,19.0,0.39097744360902253
26.0,3.0,41.0,0.6,0.1,0.6,2.0,1301.0,33.0,18.0,0.3943120676402767
26.0,3.0,42.0,0.6,0.1,0.6,2.0,1255.0,30.0,14.0,0.398406374501992
26.0,3.0,43.0,0.6,0.1,0.6,2.0,1249.0,31.0,16.0,0.3987189751801441
26.0,3.0,44.0,0.6,0.1,0.6,2.0,1216.0,28.0,14.0,0.4037828947368421
26.0,3.0,45.0,0.6,0.1,0.6,2.0,1198.0,27.0,14.0,0.6435726210350584
26.0,3.0,46.0,0.6,0.1,0.6,2.0,1181.0,24.0,13.0,0.6435224386113463
26.0,3.0,47.0,0.6,0.1,0.6,2.0,1152.0,23.0,17.0,0.6449652777777778
26.0,3.0,48.0,0.6,0.1,0.6,2.0,1109.0,23.0,15.0,0.6510369702434626
26.0,3.0,49.0,0.6,0.1,0.6,2.0,1102.0,19.0,13.0,0.6515426497277677
26.0,3.0,50.0,0.6,0.1,0.6,2.0,1087.0,18.0,10.0,0.6522539098436062
26.0,3.0,51.0,0.6,0.1,0.6,2.0,1080.0,17.0,8.0,0.6527777777777778
26.0,3.0,52.0,0.6,0.1,0.6,2.0,1069.0,16.0,8.0,0.6538821328344246
26.0,4.0,1.0,0.6,0.1,0.6,2.0,1066.0,15.0,5.0,0.6547842401500938
26.0,4.0,2.0,0.6,0.1,0.6,2.0,1038.0,10.0,6.0,0.6570327552986512
26.0,4.0,3.0,0.6,0.1,0.6,2.0,1033.0,7.0,5.0,0.6573088092933205
26.0,4.0,4.0,0.6,0.1,0.6,2.0,1018.0,7.0,6.0,0.6571709233791748
26.0,4.0,5.0,0.6,0.1,0.6,2.0,1016.0,4.0,4.0,0.6584645669291339
26.0,4.0,6.0,0.6,0.1,0.6,2.0,1009.0,4.0,2.0,0.6590683845391476
26.0,4.0,7.0,0.6,0.1,0.6,2.0,1004.0,3.0,1.0,0.6593625498007968
26.0,4.0,8.0,0.6,0.1,0.6,2.0,996.0,2.0,0.0,0.6606425702811245
26.0,4.0,9.0,0.6,0.1,0.6,2.0,997.0,2.0,0.0,0.6589769307923772
26.0,4.0,10.0,0.6,0.1,0.6,2.0,988.0,2.0,0.0,0.659919028340081
26.0,4.0,11.0,0.6,0.1,0.6,2.0,981.0,2.0,1.0,0.6615698267074414
26.0,4.0,12.0,0.6,0.1,0.6,2.0,976.0,2.0,2.0,0.6618852459016393
26.0,4.0,13.0,0.6,0.1,0.6,2.0,971.0,2.0,2.0,0.6632337796086509
26.0,4.0,14.0,0.6,0.1,0.6,2.0,969.0,2.0,1.0,0.6635706914344686
26.0,4.0,15.0,0.6,0.1,0.6,2.0,961.0,1.0,0.0,0.6649323621227887
26.0,4.0,16.0,0.6,0.1,0.6,2.0,964.0,1.0,0.0,0.6649377593360996
26.0,4.0,17.0,0.6,0.1,0.6,2.0,957.0,1.0,1.0,0.664576802507837
26.0,4.0,18.0,0.6,0.1,0.6,2.0,958.0,1.0,1.0,0.6638830897703549
26.0,4.0,19.0,0.6,0.1,0.6,2.0,942.0,2.0,1.0,0.6666666666666666
26.0,4.0,20.0,0.6,0.1,0.6,2.0,1703.0,1.0,1.0,0.36817381092190254
26.0,4.0,21.0,0.6,0.1,0.6,2.0,1678.0,2.0,1.0,0.367699642431466
26.0,4.0,22.0,0.6,0.1,0.6,2.0,1629.0,2.0,1.0,0.36586863106200124
26.0,4.0,23.0,0.6,0.1,0.6,2.0,1599.0,1.0,1.0,0.367104440275172
26.0,4.0,24.0,0.6,0.1,0.6,2.0,1546.0,1.0,1.0,0.36998706338939197
26.0,4.0,25.0,0.6,0.1,0.6,2.0,1472.0,2.0,1.0,0.37228260869565216
26.0,4.0,26.0,0.6,0.1,0.6,2.0,1468.0,2.0,0.0,0.3698910081743869
26.0,4.0,27.0,0.6,0.1,0.6,2.0,1451.0,2.0,0.0,0.3728463128876637
26.0,4.0,28.0,0.6,0.1,0.6,2.0,1395.0,1.0,1.0,0.3763440860215054
26.0,4.0,29.0,0.6,0.1,0.6,2.0,1385.0,3.0,1.0,0.3783393501805054
26.0,4.0,30.0,0.6,0.1,0.6,2.0,1359.0,5.0,1.0,0.3745401030169242
26.0,4.0,31.0,0.6,0.1,0.6,2.0,1289.0,5.0,4.0,0.3770364623739333
26.0,4.0,32.0,0.6,0.1,0.6,2.0,1277.0,7.0,4.0,0.3727486296006265
26.0,4.0,33.0,0.6,0.1,0.6,2.0,1270.0,7.0,5.0,0.3763779527559055
26.0,4.0,34.0,0.6,0.1,0.6,2.0,1239.0,5.0,1.0,0.37530266343825663
26.0,4.0,35.0,0.6,0.1,0.6,2.0,1225.0,5.0,1.0,0.3812244897959184
26.0,4.0,36.0,0.6,0.1,0.6,2.0,1219.0,4.0,1.0,0.37981952420016407
26.0,4.0,37.0,0.6,0.1,0.6,2.0,1207.0,4.0,1.0,0.38111019055509526
26.0,4.0,38.0,0.6,0.1,0.6,2.0,1181.0,2.0,1.0,0.37849280270956814
26.0,4.0,39.0,0.6,0.1,0.6,2.0,1171.0,5.0,1.0,0.38001707941929974
26.0,4.0,40.0,0.6,0.1,0.6,2.0,1152.0,9.0,2.0,0.3810763888888889
26.0,4.0,41.0,0.6,0.1,0.6,2.0,1145.0,11.0,4.0,0.3860262008733624
26.0,4.0,42.0,0.6,0.1,0.6,2.0,1109.0,11.0,6.0,0.3814247069431921
26.0,4.0,43.0,0.6,0.1,0.6,2.0,1112.0,12.0,6.0,0.38489208633093525
26.0,4.0,44.0,0.6,0.1,0.6,2.0,1095.0,9.0,6.0,0.382648401826484
26.0,4.0,45.0,0.6,0.1,0.6,2.0,1086.0,8.0,6.0,0.6132596685082873
26.0,4.0,46.0,0.6,0.1,0.6,2.0,1047.0,7.0,7.0,0.6217765042979942
26.0,4.0,47.0,0.6,0.1,0.6,2.0,1033.0,6.0,4.0,0.6263310745401742
26.0,4.0,48.0,0.6,0.1,0.6,2.0,980.0,5.0,3.0,0.6326530612244898
26.0,4.0,49.0,0.6,0.1,0.6,2.0,974.0,3.0,1.0,0.6344969199178645
26.0,4.0,50.0,0.6,0.1,0.6,2.0,958.0,3.0,2.0,0.6336116910229646
26.0,4.0,51.0,0.6,0.1,0.6,2.0,959.0,2.0,1.0,0.6360792492179353
26.0,4.0,52.0,0.6,0.1,0.6,2.0,928.0,2.0,2.0,0.634698275862069
26.0,5.0,1.0,0.6,0.1,0.6,2.0,929.0,2.0,1.0,0.6372443487621098
26.0,5.0,2.0,0.6,0.1,0.6,2.0,902.0,2.0,1.0,0.6341463414634146
26.0,5.0,3.0,0.6,0.1,0.6,2.0,906.0,1.0,0.0,0.6346578366445916
26.0,5.0,4.0,0.6,0.1,0.6,2.0,876.0,1.0,0.0,0.636986301369863
26.0,5.0,5.0,0.6,0.1,0.6,2.0,875.0,1.0,0.0,0.64
26.0,5.0,6.0,0.6,0.1,0.6,2.0,861.0,1.0,1.0,0.6411149825783972
26.0,5.0,7.0,0.6,0.1,0.6,2.0,862.0,1.0,1.0,0.6403712296983759
26.0,5.0,8.0,0.6,0.1,0.6,2.0,836.0,1.0,1.0,0.6447368421052632
26.0,5.0,9.0,0.6,0.1,0.6,2.0,837.0,0.0,0.0,0.6475507765830346
26.0,5.0,10.0,0.6,0.1,0.6,2.0,822.0,0.0,0.0,0.6447688564476886
26.0,5.0,11.0,0.6,0.1,0.6,2.0,826.0,0.0,0.0,0.6440677966101694
26.0,5.0,12.0,0.6,0.1,0.6,2.0,814.0,0.0,0.0,0.6437346437346437
26.0,5.0,13.0,0.6,0.1,0.6,2.0,820.0,0.0,0.0,0.6463414634146342
26.0,5.0,14.0,0.6,0.1,0.6,2.0,811.0,0.0,0.0,0.6448828606658447
26.0,5.0,15.0,0.6,0.1,0.6,2.0,812.0,0.0,0.0,0.6440886699507389
26.0,5.0,16.0,0.6,0.1,0.6,2.0,801.0,0.0,0.0,0.6429463171036205
26.0,5.0,17.0,0.6,0.1,0.6,2.0,808.0,0.0,0.0,0.6435643564356436
26.0,5.0,18.0,0.6,0.1,0.6,2.0,799.0,0.0,0.0,0.6433041301627034
26.0,5.0,19.0,0.6,0.1,0.6,2.0,804.0,0.0,0.0,0.6455223880597015
26.0,5.0,20.0,0.6,0.1,0.6,2.0,1398.0,0.0,0.0,0.36337625178826893
26.0,5.0,21.0,0.6,0.1,0.6,2.0,1384.0,0.0,0.0,0.36416184971098264
26.0,5.0,22.0,0.6,0.1,0.6,2.0,1345.0,0.0,0.0,0.36728624535315985
26.0,5.0,23.0,0.6,0.1,0.6,2.0,1328.0,0.0,0.0,0.3689759036144578
26.0,5.0,24.0,0.6,0.1,0.6,2.0,1297.0,0.0,0.0,0.36931380107941403
26.0,5.0,25.0,0.6,0.1,0.6,2.0,1287.0,0.0,0.0,0.3690753690753691
26.0,5.0,26.0,0.6,0.1,0.6,2.0,1243.0,0.0,0.0,0.37087691069991957
26.0,5.0,27.0,0.6,0.1,0.6,2.0,1236.0,0.0,0.0,0.3713592233009709
26.0,5.0,28.0,0.6,0.1,0.6,2.0,1174.0,0.0,0.0,0.3730834752981261
26.0,5.0,29.0,0.6,0.1,0.6,2.0,1170.0,0.0,0.0,0.3735042735042735
26.0,5.0,30.0,0.6,0.1,0.6,2.0,1141.0,0.0,0.0,0.3768624014022787
26.0,5.0,31.0,0.6,0.1,0.6,2.0,1135.0,0.0,0.0,0.3814977973568282
26.0,5.0,32.0,0.6,0.1,0.6,2.0,1092.0,0.0,0.0,0.38095238095238093
26.0,5.0,33.0,0.6,0.1,0.6,2.0,1104.0,0.0,0.0,0.3813405797101449
26.0,5.0,34.0,0.6,0.1,0.6,2.0,1079.0,0.0,0.0,0.3809082483781279
26.0,5.0,35.0,0.6,0.1,0.6,2.0,1086.0,0.0,0.0,0.38029465930018413
26.0,5.0,36.0,0.6,0.1,0.6,2.0,1080.0,0.0,0.0,0.37962962962962965
26.0,5.0,37.0,0.6,0.1,0.6,2.0,1073.0,0.0,0.0,0.38024231127679403
26.0,5.0,38.0,0.6,0.1,0.6,2.0,1064.0,0.0,0.0,0.3806390977443609
26.0,5.0,39.0,0.6,0.1,0.6,2.0,1069.0,0.0,0.0,0.3807296538821328
26.0,5.0,40.0,0.6,0.1,0.6,2.0,1048.0,0.0,0.0,0.3816793893129771
26.0,5.0,41.0,0.6,0.1,0.6,2.0,1041.0,0.0,0.0,0.3861671469740634
26.0,5.0,42.0,0.6,0.1,0.6,2.0,1026.0,0.0,0.0,0.3820662768031189
26.0,5.0,43.0,0.6,0.1,0.6,2.0,1010.0,0.0,0.0,0.37524752475247525
26.0,5.0,44.0,0.6,0.1,0.6,2.0,990.0,0.0,0.0,0.3787878787878788
26.0,5.0,45.0,0.6,0.1,0.6,2.0,985.0,0.0,0.0,0.649746192893401
26.0,5.0,46.0,0.6,0.1,0.6,2.0,981.0,0.0,0.0,0.6483180428134556
26.0,5.0,47.0,0.6,0.1,0.6,2.0,984.0,0.0,0.0,0.6473577235772358
26.0,5.0,48.0,0.6,0.1,0.6,2.0,958.0,0.0,0.0,0.6482254697286013
26.0,5.0,49.0,0.6,0.1,0.6,2.0,958.0,0.0,0.0,0.6482254697286013
26.0,5.0,50.0,0.6,0.1,0.6,2.0,951.0,0.0,0.0,0.6498422712933754
26.0,5.0,51.0,0.6,0.1,0.6,2.0,950.0,0.0,0.0,0.6505263157894737
26.0,5.0,52.0,0.6,0.1,0.6,2.0,914.0,0.0,0.0,0.6542669584245077
26.0,6.0,1.0,0.6,0.1,0.6,2.0,918.0,0.0,0.0,0.6535947712418301
26.0,6.0,2.0,0.6,0.1,0.6,2.0,908.0,0.0,0.0,0.6541850220264317
26.0,6.0,3.0,0.6,0.1,0.6,2.0,896.0,0.0,0.0,0.6584821428571429
26.0,6.0,4.0,0.6,0.1,0.6,2.0,889.0,0.0,0.0,0.6569178852643419
26.0,6.0,5.0,0.6,0.1,0.6,2.0,890.0,0.0,0.0,0.6584269662921348
26.0,6.0,6.0,0.6,0.1,0.6,2.0,883.0,0.0,0.0,0.6579841449603624
26.0,6.0,7.0,0.6,0.1,0.6,2.0,885.0,0.0,0.0,0.6576271186440678
26.0,6.0,8.0,0.6,0.1,0.6,2.0,878.0,0.0,0.0,0.6594533029612756
26.0,6.0,9.0,0.6,0.1,0.6,2.0,876.0,0.0,0.0,0.658675799086758
26.0,6.0,10.0,0.6,0.1,0.6,2.0,870.0,0.0,0.0,0.6586206896551724
26.0,6.0,11.0,0.6,0.1,0.6,2.0,866.0,0.0,0.0,0.6605080831408776
26.0,6.0,12.0,0.6,0.1,0.6,2.0,860.0,0.0,0.0,0.6616279069767442
26.0,6.0,13.0,0.6,0.1,0.6,2.0,858.0,0.0,0.0,0.662004662004662
26.0,6.0,14.0,0.6,0.1,0.6,2.0,851.0,0.0,0.0,0.6615746180963572
26.0,6.0,15.0,0.6,0.1,0.6,2.0,855.0,0.0,0.0,0.6608187134502924
26.0,6.0,16.0,0.6,0.1,0.6,2.0,846.0,0.0,0.0,0.6595744680851063
26.0,6.0,17.0,0.6,0.1,0.6,2.0,836.0,0.0,0.0,0.6602870813397129
26.0,6.0,18.0,0.6,0.1,0.6,2.0,831.0,0.0,0.0,0.6606498194945848
26.0,6.0,19.0,0.6,0.1,0.6,2.0,834.0,0.0,0.0,0.6594724220623501
26.0,6.0,20.0,0.6,0.1,0.6,2.0,1572.0,0.0,0.0,0.3473282442748092
26.0,6.0,21.0,0.6,0.1,0.6,2.0,1533.0,0.0,0.0,0.34833659491193736
26.0,6.0,22.0,0.6,0.1,0.6,2.0,1461.0,0.0,0.0,0.35728952772073924
26.0,6.0,23.0,0.6,0.1,0.6,2.0,1428.0,0.0,0.0,0.3599439775910364
26.0,6.0,24.0,0.6,0.1,0.6,2.0,1392.0,0.0,0.0,0.3613505747126437
26.0,6.0,25.0,0.6,0.1,0.6,2.0,1340.0,0.0,0.0,0.35895522388059703
26.0,6.0,26.0,0.6,0.1,0.6,2.0,1310.0,0.0,0.0,0.3610687022900763
26.0,6.0,27.0,0.6,0.1,0.6,2.0,1217.0,0.0,0.0,0.3648315529991783
26.0,6.0,28.0,0.6,0.1,0.6,2.0,1156.0,0.0,0.0,0.3719723183391003
26.0,6.0,29.0,0.6,0.1,0.6,2.0,1116.0,0.0,0.0,0.3718637992831541
26.0,6.0,30.0,0.6,0.1,0.6,2.0,1115.0,0.0,0.0,0.3721973094170404
26.0,6.0,31.0,0.6,0.1,0.6,2.0,1101.0,0.0,0.0,0.3723887375113533
26.0,6.0,32.0,0.6,0.1,0.6,2.0,1081.0,0.0,0.0,0.3681776133209991
26.0,6.0,33.0,0.6,0.1,0.6,2.0,1038.0,0.0,0.0,0.3699421965317919
26.0,6.0,34.0,0.6,0.1,0.6,2.0,1018.0,0.0,0.0,0.37721021611001965
26.0,6.0,35.0,0.6,0.1,0.6,2.0,983.0,0.0,0.0,0.38046795523906407
26.0,6.0,36.0,0.6,0.1,0.6,2.0,978.0,0.0,0.0,0.3803680981595092
26.0,6.0,37.0,0.6,0.1,0.6,2.0,970.0,0.0,0.0,0.37938144329896906
26.0,6.0,38.0,0.6,0.1,0.6,2.0,956.0,0.0,0.0,0.3807531380753138
26.0,6.0,39.0,0.6,0.1,0.6,2.0,951.0,0.0,0.0,0.38065194532071506
26.0,6.0,40.0,0.6,0.1,0.6,2.0,948.0,0.0,0.0,0.3808016877637131
26.0,6.0,41.0,0.6,0.1,0.6,2.0,936.0,0.0,0.0,0.3803418803418803
26.0,6.0,42.0,0.6,0.1,0.6,2.0,930.0,0.0,0.0,0.3817204301075269
26.0,6.0,43.0,0.6,0.1,0.6,2.0,920.0,0.0,0.0,0.3826086956521739
26.0,6.0,44.0,0.6,0.1,0.6,2.0,916.0,0.0,0.0,0.38318777292576417
26.0,6.0,45.0,0.6,0.1,0.6,2.0,919.0,0.0,0.0,0.6322089227421109
26.0,6.0,46.0,0.6,0.1,0.6,2.0,882.0,0.0,0.0,0.6360544217687075
26.0,6.0,47.0,0.6,0.1,0.6,2.0,872.0,0.0,0.0,0.6364678899082569
26.0,6.0,48.0,0.6,0.1,0.6,2.0,876.0,0.0,0.0,0.634703196347032
26.0,6.0,49.0,0.6,0.1,0.6,2.0,866.0,0.0,0.0,0.6304849884526559
26.0,6.0,50.0,0.6,0.1,0.6,2.0,861.0,0.0,0.0,0.6329849012775842
26.0,6.0,51.0,0.6,0.1,0.6,2.0,859.0,0.0,0.0,0.6309662398137369
26.0,6.0,52.0,0.6,0.1,0.6,2.0,845.0,0.0,0.0,0.6272189349112426
26.0,7.0,1.0,0.6,0.1,0.6,2.0,840.0,0.0,0.0,0.6261904761904762
26.0,7.0,2.0,0.6,0.1,0.6,2.0,809.0,0.0,0.0,0.6266996291718171
26.0,7.0,3.0,0.6,0.1,0.6,2.0,807.0,0.0,0.0,0.6270136307311028
26.0,7.0,4.0,0.6,0.1,0.6,2.0,792.0,0.0,0.0,0.6300505050505051
26.0,7.0,5.0,0.6,0.1,0.6,2.0,779.0,0.0,0.0,0.6277278562259306
26.0,7.0,6.0,0.6,0.1,0.6,2.0,776.0,0.0,0.0,0.6288659793814433
26.0,7.0,7.0,0.6,0.1,0.6,2.0,779.0,0.0,0.0,0.6277278562259306
26.0,7.0,8.0,0.6,0.1,0.6,2.0,762.0,0.0,0.0,0.6259842519685039
26.0,7.0,9.0,0.6,0.1,0.6,2.0,761.0,0.0,0.0,0.6254927726675427
26.0,7.0,10.0,0.6,0.1,0.6,2.0,757.0,0.0,0.0,0.6274768824306473
26.0,7.0,11.0,0.6,0.1,0.6,2.0,757.0,0.0,0.0,0.6287978863936592
26.0,7.0,12.0,0.6,0.1,0.6,2.0,749.0,0.0,0.0,0.630173564753004
26.0,7.0,13.0,0.6,0.1,0.6,2.0,749.0,0.0,0.0,0.6315086782376502
26.0,7.0,14.0,0.6,0.1,0.6,2.0,744.0,0.0,0.0,0.6317204301075269
26.0,7.0,15.0,0.6,0.1,0.6,2.0,734.0,0.0,0.0,0.6321525885558583
26.0,7.0,16.0,0.6,0.1,0.6,2.0,732.0,0.0,0.0,0.6325136612021858
26.0,7.0,17.0,0.6,0.1,0.6,2.0,733.0,0.0,0.0,0.6316507503410641
26.0,7.0,18.0,0.6,0.1,0.6,2.0,731.0,0.0,0.0,0.6320109439124487
26.0,7.0,19.0,0.6,0.1,0.6,2.0,733.0,0.0,0.0,0.6316507503410641
26.0,7.0,20.0,0.6,0.1,0.6,2.0,1309.0,0.0,0.0,0.3521772345301757
26.0,7.0,21.0,0.6,0.1,0.6,2.0,1270.0,0.0,0.0,0.35196850393700785
26.0,7.0,22.0,0.6,0.1,0.6,2.0,1199.0,0.0,0.0,0.35529608006672225
26.0,7.0,23.0,0.6,0.1,0.6,2.0,1172.0,0.0,0.0,0.3583617747440273
26.0,7.0,24.0,0.6,0.1,0.6,2.0,1151.0,0.0,0.0,0.35881841876629017
26.0,7.0,25.0,0.6,0.1,0.6,2.0,1155.0,0.0,0.0,0.35844155844155845
26.0,7.0,26.0,0.6,0.1,0.6,2.0,1127.0,0.0,0.0,0.36024844720496896
26.0,7.0,27.0,0.6,0.1,0.6,2.0,1078.0,0.0,0.0,0.3654916512059369
26.0,7.0,28.0,0.6,0.1,0.6,2.0,1057.0,0.0,0.0,0.36707663197729423
26.0,7.0,29.0,0.6,0.1,0.6,2.0,1014.0,0.0,0.0,0.3727810650887574
26.0,7.0,30.0,0.6,0.1,0.6,2.0,993.0,0.0,0.0,0.37361530715005037
26.0,7.0,31.0,0.6,0.1,0.6,2.0,979.0,0.0,0.0,0.37793667007150156
26.0,7.0,32.0,0.6,0.1,0.6,2.0,977.0,0.0,0.0,0.37768679631525076
26.0,7.0,33.0,0.6,0.1,0.6,2.0,950.0,0.0,0.0,0.38
26.0,7.0,34.0,0.6,0.1,0.6,2.0,952.0,0.0,0.0,0.3792016806722689
26.0,7.0,35.0,0.6,0.1,0.6,2.0,947.0,0.0,0.0,0.3790918690601901
26.0,7.0,36.0,0.6,0.1,0.6,2.0,936.0,0.0,0.0,0.37927350427350426
26.0,7.0,37.0,0.6,0.1,0.6,2.0,916.0,0.0,0.0,0.3799126637554585
26.0,7.0,38.0,0.6,0.1,0.6,2.0,894.0,0.0,0.0,0.38478747203579416
26.0,7.0,39.0,0.6,0.1,0.6,2.0,870.0,0.0,0.0,0.3896551724137931
26.0,7.0,40.0,0.6,0.1,0.6,2.0,875.0,0.0,0.0,0.38857142857142857
26.0,7.0,41.0,0.6,0.1,0.6,2.0,872.0,0.0,0.0,0.38990825688073394
26.0,7.0,42.0,0.6,0.1,0.6,2.0,857.0,0.0,0.0,0.38739789964994165
26.0,7.0,43.0,0.6,0.1,0.6,2.0,857.0,0.0,0.0,0.38739789964994165
26.0,7.0,44.0,0.6,0.1,0.6,2.0,856.0,0.0,0.0,0.3866822429906542
26.0,7.0,45.0,0.6,0.1,0.6,2.0,845.0,0.0,0.0,0.6366863905325444
26.0,7.0,46.0,0.6,0.1,0.6,2.0,843.0,0.0,0.0,0.6358244365361803
26.0,7.0,47.0,0.6,0.1,0.6,2.0,830.0,0.0,0.0,0.6373493975903615
26.0,7.0,48.0,0.6,0.1,0.6,2.0,817.0,0.0,0.0,0.6352509179926561
26.0,7.0,49.0,0.6,0.1,0.6,2.0,817.0,0.0,0.0,0.6352509179926561
26.0,7.0,50.0,0.6,0.1,0.6,2.0,816.0,0.0,0.0,0.6348039215686274
26.0,7.0,51.0,0.6,0.1,0.6,2.0,799.0,0.0,0.0,0.6370463078848561
26.0,7.0,52.0,0.6,0.1,0.6,2.0,797.0,0.0,0.0,0.6361355081555834
26.0,8.0,1.0,0.6,0.1,0.6,2.0,796.0,0.0,0.0,0.6369346733668342
26.0,8.0,2.0,0.6,0.1,0.6,2.0,791.0,0.0,0.0,0.638432364096081
26.0,8.0,3.0,0.6,0.1,0.6,2.0,791.0,0.0,0.0,0.638432364096081
26.0,8.0,4.0,0.6,0.1,0.6,2.0,791.0,0.0,0.0,0.638432364096081
26.0,8.0,5.0,0.6,0.1,0.6,2.0,776.0,0.0,0.0,0.6391752577319587
26.0,8.0,6.0,0.6,0.1,0.6,2.0,776.0,0.0,0.0,0.6391752577319587
26.0,8.0,7.0,0.6,0.1,0.6,2.0,761.0,0.0,0.0,0.6399474375821288
26.0,8.0,8.0,0.6,0.1,0.6,2.0,760.0,0.0,0.0,0.6407894736842106
26.0,8.0,9.0,0.6,0.1,0.6,2.0,760.0,0.0,0.0,0.6407894736842106
26.0,8.0,10.0,0.6,0.1,0.6,2.0,760.0,0.0,0.0,0.6407894736842106
26.0,8.0,11.0,0.6,0.1,0.6,2.0,759.0,0.0,0.0,0.6416337285902504
26.0,8.0,12.0,0.6,0.1,0.6,2.0,744.0,0.0,0.0,0.6384408602150538
26.0,8.0,13.0,0.6,0.1,0.6,2.0,732.0,0.0,0.0,0.639344262295082
26.0,8.0,14.0,0.6,0.1,0.6,2.0,708.0,0.0,0.0,0.6398305084745762
26.0,8.0,15.0,0.6,0.1,0.6,2.0,707.0,0.0,0.0,0.6407355021216408
26.0,8.0,16.0,0.6,0.1,0.6,2.0,707.0,0.0,0.0,0.6407355021216408
26.0,8.0,17.0,0.6,0.1,0.6,2.0,707.0,0.0,0.0,0.6407355021216408
26.0,8.0,18.0,0.6,0.1,0.6,2.0,707.0,0.0,0.0,0.6407355021216408
26.0,8.0,19.0,0.6,0.1,0.6,2.0,707.0,0.0,0.0,0.6407355021216408
26.0,8.0,20.0,0.6,0.1,0.6,2.0,1309.0,0.0,0.0,0.3460656990068755
26.0,8.0,21.0,0.6,0.1,0.6,2.0,1293.0,0.0,0.0,0.34725444702242847
26.0,8.0,22.0,0.6,0.1,0.6,2.0,1263.0,0.0,0.0,0.35391923990498814
26.0,8.0,23.0,0.6,0.1,0.6,2.0,1230.0,0.0,0.0,0.35365853658536583
26.0,8.0,24.0,0.6,0.1,0.6,2.0,1193.0,0.0,0.0,0.36043587594300086
26.0,8.0,25.0,0.6,0.1,0.6,2.0,1175.0,0.0,0.0,0.36340425531914894
26.0,8.0,26.0,0.6,0.1,0.6,2.0,1146.0,0.0,0.0,0.36387434554973824
26.0,8.0,27.0,0.6,0.1,0.6,2.0,1103.0,0.0,0.0,0.36990027198549413
26.0,8.0,28.0,0.6,0.1,0.6,2.0,1092.0,0.0,0.0,0.36996336996337
26.0,8.0,29.0,0.6,0.1,0.6,2.0,1049.0,0.0,0.0,0.3708293612964728
26.0,8.0,30.0,0.6,0.1,0.6,2.0,980.0,0.0,0.0,0.3795918367346939
26.0,8.0,31.0,0.6,0.1,0.6,2.0,969.0,0.0,0.0,0.3797729618163055
26.0,8.0,32.0,0.6,0.1,0.6,2.0,969.0,0.0,0.0,0.3797729618163055
26.0,8.0,33.0,0.6,0.1,0.6,2.0,957.0,0.0,0.0,0.3793103448275862
26.0,8.0,34.0,0.6,0.1,0.6,2.0,946.0,0.0,0.0,0.38266384778012685
26.0,8.0,35.0,0.6,0.1,0.6,2.0,921.0,0.0,0.0,0.38762214983713356
26.0,8.0,36.0,0.6,0.1,0.6,2.0,894.0,0.0,0.0,0.3926174496644295
26.0,8.0,37.0,0.6,0.1,0.6,2.0,894.0,0.0,0.0,0.3926174496644295
26.0,8.0,38.0,0.6,0.1,0.6,2.0,894.0,0.0,0.0,0.3926174496644295
26.0,8.0,39.0,0.6,0.1,0.6,2.0,880.0,0.0,0.0,0.3931818181818182
26.0,8.0,40.0,0.6,0.1,0.6,2.0,880.0,0.0,0.0,0.3931818181818182
26.0,8.0,41.0,0.6,0.1,0.6,2.0,880.0,0.0,0.0,0.3931818181818182
26.0,8.0,42.0,0.6,0.1,0.6,2.0,880.0,0.0,0.0,0.3931818181818182
26.0,8.0,43.0,0.6,0.1,0.6,2.0,880.0,0.0,0.0,0.3931818181818182
26.0,8.0,44.0,0.6,0.1,0.6,2.0,869.0,0.0,0.0,0.3947065592635213
26.0,8.0,45.0,0.6,0.1,0.6,2.0,840.0,0.0,0.0,0.6273809523809524
26.0,8.0,46.0,0.6,0.1,0.6,2.0,840.0,0.0,0.0,0.6273809523809524
26.0,8.0,47.0,0.6,0.1,0.6,2.0,824.0,0.0,0.0,0.6347087378640777
26.0,8.0,48.0,0.6,0.1,0.6,2.0,797.0,0.0,0.0,0.6398996235884568
26.0,8.0,49.0,0.6,0.1,0.6,2.0,797.0,0.0,0.0,0.6398996235884568
26.0,8.0,50.0,0.6,0.1,0.6,2.0,797.0,0.0,0.0,0.6398996235884568
26.0,8.0,51.0,0.6,0.1,0.6,2.0,797.0,0.0,0.0,0.6398996235884568
26.0,8.0,52.0,0.6,0.1,0.6,2.0,786.0,0.0,0.0,0.6412213740458015
26.0,9.0,1.0,0.6,0.1,0.6,2.0,773.0,0.0,0.0,0.6403622250970246
26.0,9.0,2.0,0.6,0.1,0.6,2.0,773.0,0.0,0.0,0.6403622250970246
26.0,9.0,3.0,0.6,0.1,0.6,2.0,773.0,0.0,0.0,0.6403622250970246
26.0,9.0,4.0,0.6,0.1,0.6,2.0,772.0,0.0,0.0,0.6411917098445595
26.0,9.0,5.0,0.6,0.1,0.6,2.0,772.0,0.0,0.0,0.6411917098445595
26.0,9.0,6.0,0.6,0.1,0.6,2.0,772.0,0.0,0.0,0.6411917098445595
26.0,9.0,7.0,0.6,0.1,0.6,2.0,772.0,0.0,0.0,0.6411917098445595
26.0,9.0,8.0,0.6,0.1,0.6,2.0,768.0,0.0,0.0,0.6419270833333334
26.0,9.0,9.0,0.6,0.1,0.6,2.0,768.0,0.0,0.0,0.6419270833333334
26.0,9.0,10.0,0.6,0.1,0.6,2.0,768.0,0.0,0.0,0.6419270833333334
26.0,9.0,11.0,0.6,0.1,0.6,2.0,765.0,0.0,0.0,0.6418300653594772
26.0,9.0,12.0,0.6,0.1,0.6,2.0,765.0,0.0,0.0,0.6418300653594772
26.0,9.0,13.0,0.6,0.1,0.6,2.0,761.0,0.0,0.0,0.6425755584756899
26.0,9.0,14.0,0.6,0.1,0.6,2.0,761.0,0.0,0.0,0.6425755584756899
26.0,9.0,15.0,0.6,0.1,0.6,2.0,759.0,0.0,0.0,0.6442687747035574
26.0,9.0,16.0,0.6,0.1,0.6,2.0,759.0,0.0,0.0,0.6442687747035574
26.0,9.0,17.0,0.6,0.1,0.6,2.0,758.0,0.0,0.0,0.6437994722955145
26.0,9.0,18.0,0.6,0.1,0.6,2.0,748.0,0.0,0.0,0.6470588235294118
26.0,9.0,19.0,0.6,0.1,0.6,2.0,747.0,0.0,0.0,0.6465863453815262
26.0,9.0,20.0,0.6,0.1,0.6,2.0,1355.0,0.0,0.0,0.34981549815498153
26.0,9.0,21.0,0.6,0.1,0.6,2.0,1343.0,0.0,0.0,0.35070737155621745
26.0,9.0,22.0,0.6,0.1,0.6,2.0,1318.0,0.0,0.0,0.3550834597875569
26.0,9.0,23.0,0.6,0.1,0.6,2.0,1304.0,0.0,0.0,0.3535276073619632
26.0,9.0,24.0,0.6,0.1,0.6,2.0,1280.0,0.0,0.0,0.35703125
26.0,9.0,25.0,0.6,0.1,0.6,2.0,1268.0,0.0,0.0,0.3580441640378549
26.0,9.0,26.0,0.6,0.1,0.6,2.0,1247.0,0.0,0.0,0.36327185244587007
26.0,9.0,27.0,0.6,0.1,0.6,2.0,1206.0,0.0,0.0,0.36650082918739635
26.0,9.0,28.0,0.6,0.1,0.6,2.0,1157.0,0.0,0.0,0.3690579083837511
26.0,9.0,29.0,0.6,0.1,0.6,2.0,1131.0,0.0,0.0,0.3695844385499558
26.0,9.0,30.0,0.6,0.1,0.6,2.0,1105.0,0.0,0.0,0.3737556561085973
26.0,9.0,31.0,0.6,0.1,0.6,2.0,1079.0,0.0,0.0,0.3716404077849861
26.0,9.0,32.0,0.6,0.1,0.6,2.0,1048.0,0.0,0.0,0.37595419847328243
26.0,9.0,33.0,0.6,0.1,0.6,2.0,1047.0,0.0,0.0,0.3753581661891118
26.0,9.0,34.0,0.6,0.1,0.6,2.0,1009.0,0.0,0.0,0.377601585728444
26.0,9.0,35.0,0.6,0.1,0.6,2.0,996.0,0.0,0.0,0.37650602409638556
26.0,9.0,36.0,0.6,0.1,0.6,2.0,982.0,0.0,0.0,0.3788187372708758
26.0,9.0,37.0,0.6,0.1,0.6,2.0,968.0,0.0,0.0,0.3822314049586777
26.0,9.0,38.0,0.6,0.1,0.6,2.0,939.0,0.0,0.0,0.3844515441959531
26.0,9.0,39.0,0.6,0.1,0.6,2.0,916.0,0.0,0.0,0.3864628820960699
26.0,9.0,40.0,0.6,0.1,0.6,2.0,904.0,0.0,0.0,0.38827433628318586
26.0,9.0,41.0,0.6,0.1,0.6,2.0,891.0,0.0,0.0,0.39169472502805835
26.0,9.0,42.0,0.6,0.1,0.6,2.0,891.0,0.0,0.0,0.39169472502805835
26.0,9.0,43.0,0.6,0.1,0.6,2.0,880.0,0.0,0.0,0.39204545454545453
26.0,9.0,44.0,0.6,0.1,0.6,2.0,880.0,0.0,0.0,0.39204545454545453
26.0,9.0,45.0,0.6,0.1,0.6,2.0,880.0,0.0,0.0,0.6397727272727273
26.0,9.0,46.0,0.6,0.1,0.6,2.0,853.0,0.0,0.0,0.6412661195779601
26.0,9.0,47.0,0.6,0.1,0.6,2.0,829.0,0.0,0.0,0.6453558504221955
26.0,9.0,48.0,0.6,0.1,0.6,2.0,829.0,0.0,0.0,0.6453558504221955
26.0,9.0,49.0,0.6,0.1,0.6,2.0,829.0,0.0,0.0,0.6453558504221955
26.0,9.0,50.0,0.6,0.1,0.6,2.0,829.0,0.0,0.0,0.6453558504221955
26.0,9.0,51.0,0.6,0.1,0.6,2.0,829.0,0.0,0.0,0.6453558504221955
26.0,9.0,52.0,0.6,0.1,0.6,2.0,828.0,0.0,0.0,0.644927536231884
26.0,10.0,1.0,0.6,0.1,0.6,2.0,828.0,0.0,0.0,0.644927536231884
26.0,10.0,2.0,0.6,0.1,0.6,2.0,827.0,0.0,0.0,0.6457073760580411
26.0,10.0,3.0,0.6,0.1,0.6,2.0,828.0,0.0,0.0,0.644927536231884
26.0,10.0,4.0,0.6,0.1,0.6,2.0,826.0,0.0,0.0,0.6464891041162227
26.0,10.0,5.0,0.6,0.1,0.6,2.0,813.0,0.0,0.0,0.6482164821648216
26.0,10.0,6.0,0.6,0.1,0.6,2.0,812.0,0.0,0.0,0.6490147783251231
26.0,10.0,7.0,0.6,0.1,0.6,2.0,811.0,0.0,0.0,0.6498150431565968
26.0,10.0,8.0,0.6,0.1,0.6,2.0,809.0,0.0,0.0,0.6501854140914709
26.0,10.0,9.0,0.6,0.1,0.6,2.0,809.0,0.0,0.0,0.6501854140914709
26.0,10.0,10.0,0.6,0.1,0.6,2.0,809.0,0.0,0.0,0.6501854140914709
26.0,10.0,11.0,0.6,0.1,0.6,2.0,808.0,0.0,0.0,0.650990099009901
26.0,10.0,12.0,0.6,0.1,0.6,2.0,807.0,0.0,0.0,0.6517967781908303
26.0,10.0,13.0,0.6,0.1,0.6,2.0,807.0,0.0,0.0,0.6517967781908303
26.0,10.0,14.0,0.6,0.1,0.6,2.0,806.0,0.0,0.0,0.6513647642679901
26.0,10.0,15.0,0.6,0.1,0.6,2.0,807.0,0.0,0.0,0.6517967781908303
26.0,10.0,16.0,0.6,0.1,0.6,2.0,807.0,0.0,0.0,0.6517967781908303
26.0,10.0,17.0,0.6,0.1,0.6,2.0,807.0,0.0,0.0,0.6517967781908303
26.0,10.0,18.0,0.6,0.1,0.6,2.0,807.0,0.0,0.0,0.6517967781908303
26.0,10.0,19.0,0.6,0.1,0.6,2.0,807.0,0.0,0.0,0.6517967781908303
26.0,10.0,20.0,0.6,0.1,0.6,2.0,1425.0,0.0,0.0,0.35789473684210527
26.0,10.0,21.0,0.6,0.1,0.6,2.0,1360.0,0.0,0.0,0.3654411764705882
26.0,10.0,22.0,0.6,0.1,0.6,2.0,1291.0,0.0,0.0,0.3694810224632068
26.0,10.0,23.0,0.6,0.1,0.6,2.0,1239.0,0.0,0.0,0.3785310734463277
26.0,10.0,24.0,0.6,0.1,0.6,2.0,1172.0,0.0,0.0,0.3848122866894198
26.0,10.0,25.0,0.6,0.1,0.6,2.0,1134.0,0.0,0.0,0.3888888888888889
26.0,10.0,26.0,0.6,0.1,0.6,2.0,1103.0,0.0,0.0,0.39075249320036265
26.0,10.0,27.0,0.6,0.1,0.6,2.0,1079.0,0.0,0.0,0.3938832252085264
26.0,10.0,28.0,0.6,0.1,0.6,2.0,1054.0,0.0,0.0,0.3984819734345351
26.0,10.0,29.0,0.6,0.1,0.6,2.0,1031.0,0.0,0.0,0.4015518913676043
26.0,10.0,30.0,0.6,0.1,0.6,2.0,1009.0,0.0,0.0,0.40138751238850345
26.0,10.0,31.0,0.6,0.1,0.6,2.0,980.0,0.0,0.0,0.40816326530612246
26.0,10.0,32.0,0.6,0.1,0.6,2.0,944.0,0.0,0.0,0.413135593220339
26.0,10.0,33.0,0.6,0.1,0.6,2.0,944.0,0.0,0.0,0.413135593220339
26.0,10.0,34.0,0.6,0.1,0.6,2.0,944.0,0.0,0.0,0.413135593220339
26.0,10.0,35.0,0.6,0.1,0.6,2.0,917.0,0.0,0.0,0.41657579062159217
26.0,10.0,36.0,0.6,0.1,0.6,2.0,917.0,0.0,0.0,0.41657579062159217
26.0,10.0,37.0,0.6,0.1,0.6,2.0,904.0,0.0,0.0,0.4192477876106195
26.0,10.0,38.0,0.6,0.1,0.6,2.0,868.0,0.0,0.0,0.41705069124423966
26.0,10.0,39.0,0.6,0.1,0.6,2.0,856.0,0.0,0.0,0.4182242990654206
26.0,10.0,40.0,0.6,0.1,0.6,2.0,856.0,0.0,0.0,0.4182242990654206
26.0,10.0,41.0,0.6,0.1,0.6,2.0,842.0,0.0,0.0,0.42161520190023755
26.0,10.0,42.0,0.6,0.1,0.6,2.0,842.0,0.0,0.0,0.42161520190023755
26.0,10.0,43.0,0.6,0.1,0.6,2.0,819.0,0.0,0.0,0.42857142857142855
26.0,10.0,44.0,0.6,0.1,0.6,2.0,819.0,0.0,0.0,0.42857142857142855
26.0,10.0,45.0,0.6,0.1,0.6,2.0,819.0,0.0,0.0,0.6666666666666666
26.0,10.0,46.0,0.6,0.1,0.6,2.0,808.0,0.0,0.0,0.6720297029702971
26.0,10.0,47.0,0.6,0.1,0.6,2.0,808.0,0.0,0.0,0.6720297029702971
26.0,10.0,48.0,0.6,0.1,0.6,2.0,796.0,0.0,0.0,0.6733668341708543
26.0,10.0,49.0,0.6,0.1,0.6,2.0,785.0,0.0,0.0,0.6751592356687898
26.0,10.0,50.0,0.6,0.1,0.6,2.0,785.0,0.0,0.0,0.6751592356687898
26.0,10.0,51.0,0.6,0.1,0.6,2.0,785.0,0.0,0.0,0.6751592356687898
26.0,10.0,52.0,0.6,0.1,0.6,2.0,785.0,0.0,0.0,0.6751592356687898
27.0,1.0,1.0,0.6,0.1,0.6,2.0,5012.0,54.0,9.0,0.5921787709497207
27.0,1.0,2.0,0.6,0.1,0.6,2.0,4985.0,52.0,26.0,0.5939819458375125
27.0,1.0,3.0,0.6,0.1,0.6,2.0,4896.0,53.0,35.0,0.5929330065359477
27.0,1.0,4.0,0.6,0.1,0.6,2.0,4862.0,57.0,35.0,0.5952283011106541
27.0,1.0,5.0,0.6,0.1,0.6,2.0,4856.0,52.0,27.0,0.5951400329489291
27.0,1.0,6.0,0.6,0.1,0.6,2.0,4810.0,51.0,26.0,0.5972972972972973
27.0,1.0,7.0,0.6,0.1,0.6,2.0,4655.0,59.0,26.0,0.599140708915145
27.0,1.0,8.0,0.6,0.1,0.6,2.0,4534.0,55.0,23.0,0.6029995588883987
27.0,1.0,9.0,0.6,0.1,0.6,2.0,4400.0,42.0,23.0,0.6031818181818182
27.0,1.0,10.0,0.6,0.1,0.6,2.0,4245.0,39.0,25.0,0.6044758539458186
27.0,1.0,11.0,0.6,0.1,0.6,2.0,4213.0,41.0,23.0,0.6062188464277237
27.0,1.0,12.0,0.6,0.1,0.6,2.0,4119.0,40.0,22.0,0.6076717649915028
27.0,1.0,13.0,0.6,0.1,0.6,2.0,4013.0,33.0,17.0,0.6105158235733865
27.0,1.0,14.0,0.6,0.1,0.6,2.0,3932.0,31.0,13.0,0.6121566632756866
27.0,1.0,15.0,0.6,0.1,0.6,2.0,3902.0,32.0,10.0,0.6135315222962583
27.0,1.0,16.0,0.6,0.1,0.6,2.0,3764.0,29.0,10.0,0.6131774707757705
27.0,1.0,17.0,0.6,0.1,0.6,2.0,3729.0,31.0,18.0,0.6154465004022526
27.0,1.0,18.0,0.6,0.1,0.6,2.0,3712.0,33.0,19.0,0.6142241379310345
27.0,1.0,19.0,0.6,0.1,0.6,2.0,3601.0,31.0,18.0,0.6164954179394613
27.0,1.0,20.0,0.6,0.1,0.6,2.0,6713.0,32.0,13.0,0.32697750633099953
27.0,1.0,21.0,0.6,0.1,0.6,2.0,6438.0,46.0,14.0,0.33053743398570984
27.0,1.0,22.0,0.6,0.1,0.6,2.0,6088.0,45.0,13.0,0.33163600525624176
27.0,1.0,23.0,0.6,0.1,0.6,2.0,5849.0,53.0,22.0,0.3333903231321593
27.0,1.0,24.0,0.6,0.1,0.6,2.0,5651.0,58.0,29.0,0.3364006370553884
27.0,1.0,25.0,0.6,0.1,0.6,2.0,5333.0,65.0,29.0,0.33883367710481904
27.0,1.0,26.0,0.6,0.1,0.6,2.0,5074.0,70.0,28.0,0.34134804887662595
27.0,1.0,27.0,0.6,0.1,0.6,2.0,4930.0,69.0,28.0,0.34239350912778904
27.0,1.0,28.0,0.6,0.1,0.6,2.0,4661.0,81.0,30.0,0.34198669813344773
27.0,1.0,29.0,0.6,0.1,0.6,2.0,4536.0,86.0,44.0,0.3419312169312169
27.0,1.0,30.0,0.6,0.1,0.6,2.0,4317.0,79.0,44.0,0.344683808200139
27.0,1.0,31.0,0.6,0.1,0.6,2.0,4159.0,82.0,41.0,0.3471988458764126
27.0,1.0,32.0,0.6,0.1,0.6,2.0,3996.0,70.0,33.0,0.34934934934934936
27.0,1.0,33.0,0.6,0.1,0.6,2.0,3881.0,68.0,25.0,0.3524864725586189
27.0,1.0,34.0,0.6,0.1,0.6,2.0,3770.0,65.0,27.0,0.3541114058355438
27.0,1.0,35.0,0.6,0.1,0.6,2.0,3650.0,64.0,32.0,0.3558904109589041
27.0,1.0,36.0,0.6,0.1,0.6,2.0,3523.0,64.0,34.0,0.3596366732898098
27.0,1.0,37.0,0.6,0.1,0.6,2.0,3410.0,55.0,28.0,0.35865102639296187
27.0,1.0,38.0,0.6,0.1,0.6,2.0,3292.0,60.0,25.0,0.35844471445929527
27.0,1.0,39.0,0.6,0.1,0.6,2.0,3204.0,52.0,29.0,0.36079900124843944
27.0,1.0,40.0,0.6,0.1,0.6,2.0,3042.0,51.0,29.0,0.3668639053254438
27.0,1.0,41.0,0.6,0.1,0.6,2.0,2978.0,49.0,21.0,0.3653458697112156
27.0,1.0,42.0,0.6,0.1,0.6,2.0,2900.0,43.0,14.0,0.3682758620689655
27.0,1.0,43.0,0.6,0.1,0.6,2.0,2826.0,49.0,15.0,0.37048832271762205
27.0,1.0,44.0,0.6,0.1,0.6,2.0,2777.0,53.0,26.0,0.3719841555635578
27.0,1.0,45.0,0.6,0.1,0.6,2.0,2708.0,58.0,28.0,0.6189069423929099
27.0,1.0,46.0,0.6,0.1,0.6,2.0,2608.0,54.0,30.0,0.620398773006135
27.0,1.0,47.0,0.6,0.1,0.6,2.0,2520.0,41.0,22.0,0.6226190476190476
27.0,1.0,48.0,0.6,0.1,0.6,2.0,2463.0,34.0,17.0,0.6244417377182298
27.0,1.0,49.0,0.6,0.1,0.6,2.0,2411.0,31.0,14.0,0.6238075487349647
27.0,1.0,50.0,0.6,0.1,0.6,2.0,2338.0,27.0,11.0,0.6240376390076989
27.0,1.0,51.0,0.6,0.1,0.6,2.0,2268.0,26.0,14.0,0.6225749559082893
27.0,1.0,52.0,0.6,0.1,0.6,2.0,2220.0,21.0,12.0,0.6234234234234234
27.0,2.0,1.0,0.6,0.1,0.6,2.0,2190.0,21.0,14.0,0.6214611872146119
27.0,2.0,2.0,0.6,0.1,0.6,2.0,2177.0,20.0,11.0,0.6233348644924208
27.0,2.0,3.0,0.6,0.1,0.6,2.0,2146.0,22.0,9.0,0.6230195712954334
27.0,2.0,4.0,0.6,0.1,0.6,2.0,2127.0,18.0,10.0,0.6210625293841091
27.0,2.0,5.0,0.6,0.1,0.6,2.0,2105.0,19.0,8.0,0.6204275534441805
27.0,2.0,6.0,0.6,0.1,0.6,2.0,2065.0,18.0,8.0,0.6227602905569007
27.0,2.0,7.0,0.6,0.1,0.6,2.0,2038.0,12.0,7.0,0.6256133464180569
27.0,2.0,8.0,0.6,0.1,0.6,2.0,2000.0,18.0,9.0,0.6275
27.0,2.0,9.0,0.6,0.1,0.6,2.0,1957.0,17.0,7.0,0.6290240163515585
27.0,2.0,10.0,0.6,0.1,0.6,2.0,1919.0,14.0,6.0,0.6284523189161021
27.0,2.0,11.0,0.6,0.1,0.6,2.0,1899.0,14.0,8.0,0.6266456029489205
27.0,2.0,12.0,0.6,0.1,0.6,2.0,1856.0,15.0,10.0,0.6282327586206896
27.0,2.0,13.0,0.6,0.1,0.6,2.0,1826.0,12.0,8.0,0.627053669222344
27.0,2.0,14.0,0.6,0.1,0.6,2.0,1803.0,12.0,6.0,0.627287853577371
27.0,2.0,15.0,0.6,0.1,0.6,2.0,1779.0,11.0,4.0,0.6245081506464306
27.0,2.0,16.0,0.6,0.1,0.6,2.0,1771.0,10.0,3.0,0.6250705815923208
27.0,2.0,17.0,0.6,0.1,0.6,2.0,1757.0,9.0,2.0,0.6254980079681275
27.0,2.0,18.0,0.6,0.1,0.6,2.0,1746.0,8.0,2.0,0.6248568155784651
27.0,2.0,19.0,0.6,0.1,0.6,2.0,1707.0,6.0,2.0,0.6262448740480375
27.0,2.0,20.0,0.6,0.1,0.6,2.0,3125.0,5.0,2.0,0.33728
27.0,2.0,21.0,0.6,0.1,0.6,2.0,3022.0,7.0,3.0,0.3368630046326936
27.0,2.0,22.0,0.6,0.1,0.6,2.0,2891.0,13.0,5.0,0.3386371497751643
27.0,2.0,23.0,0.6,0.1,0.6,2.0,2749.0,16.0,7.0,0.34230629319752637
27.0,2.0,24.0,0.6,0.1,0.6,2.0,2634.0,19.0,7.0,0.34358390280941536
27.0,2.0,25.0,0.6,0.1,0.6,2.0,2541.0,21.0,8.0,0.3482880755608028
27.0,2.0,26.0,0.6,0.1,0.6,2.0,2503.0,23.0,11.0,0.34878146224530565
27.0,2.0,27.0,0.6,0.1,0.6,2.0,2384.0,31.0,10.0,0.35318791946308725
27.0,2.0,28.0,0.6,0.1,0.6,2.0,2336.0,27.0,12.0,0.3527397260273973
27.0,2.0,29.0,0.6,0.1,0.6,2.0,2240.0,27.0,13.0,0.3575892857142857
27.0,2.0,30.0,0.6,0.1,0.6,2.0,2191.0,38.0,17.0,0.35782747603833864
27.0,2.0,31.0,0.6,0.1,0.6,2.0,2117.0,41.0,16.0,0.36230514879546527
27.0,2.0,32.0,0.6,0.1,0.6,2.0,2061.0,37.0,15.0,0.368753032508491
27.0,2.0,33.0,0.6,0.1,0.6,2.0,1993.0,41.0,22.0,0.37330657300551934
27.0,2.0,34.0,0.6,0.1,0.6,2.0,1957.0,44.0,21.0,0.37455288707204903
27.0,2.0,35.0,0.6,0.1,0.6,2.0,1877.0,52.0,25.0,0.37932871603622803
27.0,2.0,36.0,0.6,0.1,0.6,2.0,1847.0,46.0,17.0,0.38007579859231183
27.0,2.0,37.0,0.6,0.1,0.6,2.0,1733.0,47.0,17.0,0.3871898442008078
27.0,2.0,38.0,0.6,0.1,0.6,2.0,1695.0,53.0,19.0,0.3852507374631268
27.0,2.0,39.0,0.6,0.1,0.6,2.0,1673.0,62.0,25.0,0.38673042438732813
27.0,2.0,40.0,0.6,0.1,0.6,2.0,1623.0,68.0,29.0,0.3900184842883549
27.0,2.0,41.0,0.6,0.1,0.6,2.0,1562.0,76.0,33.0,0.39628681177976954
27.0,2.0,42.0,0.6,0.1,0.6,2.0,1528.0,75.0,38.0,0.39725130890052357
27.0,2.0,43.0,0.6,0.1,0.6,2.0,1488.0,79.0,41.0,0.4018817204301075
27.0,2.0,44.0,0.6,0.1,0.6,2.0,1466.0,80.0,34.0,0.4038199181446112
27.0,2.0,45.0,0.6,0.1,0.6,2.0,1430.0,74.0,32.0,0.6573426573426573
27.0,2.0,46.0,0.6,0.1,0.6,2.0,1367.0,71.0,34.0,0.6634967081199707
27.0,2.0,47.0,0.6,0.1,0.6,2.0,1334.0,70.0,37.0,0.6656671664167916
27.0,2.0,48.0,0.6,0.1,0.6,2.0,1304.0,65.0,38.0,0.6702453987730062
27.0,2.0,49.0,0.6,0.1,0.6,2.0,1254.0,55.0,34.0,0.6706539074960127
27.0,2.0,50.0,0.6,0.1,0.6,2.0,1247.0,53.0,30.0,0.6720128307939054
27.0,2.0,51.0,0.6,0.1,0.6,2.0,1222.0,49.0,28.0,0.6710310965630114
27.0,2.0,52.0,0.6,0.1,0.6,2.0,1210.0,38.0,20.0,0.675206611570248
27.0,3.0,1.0,0.6,0.1,0.6,2.0,1172.0,39.0,21.0,0.6783276450511946
27.0,3.0,2.0,0.6,0.1,0.6,2.0,1144.0,32.0,17.0,0.6818181818181818
27.0,3.0,3.0,0.6,0.1,0.6,2.0,1125.0,31.0,18.0,0.6826666666666666
27.0,3.0,4.0,0.6,0.1,0.6,2.0,1106.0,25.0,15.0,0.6889692585895117
27.0,3.0,5.0,0.6,0.1,0.6,2.0,1077.0,19.0,14.0,0.6935933147632312
27.0,3.0,6.0,0.6,0.1,0.6,2.0,1073.0,16.0,10.0,0.6980428704566636
27.0,3.0,7.0,0.6,0.1,0.6,2.0,1057.0,12.0,9.0,0.6991485335856197
27.0,3.0,8.0,0.6,0.1,0.6,2.0,1048.0,8.0,6.0,0.7051526717557252
27.0,3.0,9.0,0.6,0.1,0.6,2.0,1037.0,9.0,5.0,0.703953712632594
27.0,3.0,10.0,0.6,0.1,0.6,2.0,1033.0,6.0,3.0,0.7105517909002904
27.0,3.0,11.0,0.6,0.1,0.6,2.0,1015.0,5.0,2.0,0.7103448275862069
27.0,3.0,12.0,0.6,0.1,0.6,2.0,1012.0,5.0,2.0,0.7134387351778656
27.0,3.0,13.0,0.6,0.1,0.6,2.0,996.0,5.0,2.0,0.713855421686747
27.0,3.0,14.0,0.6,0.1,0.6,2.0,989.0,4.0,1.0,0.7148634984833164
27.0,3.0,15.0,0.6,0.1,0.6,2.0,970.0,4.0,4.0,0.7123711340206186
27.0,3.0,16.0,0.6,0.1,0.6,2.0,955.0,4.0,3.0,0.7162303664921466
27.0,3.0,17.0,0.6,0.1,0.6,2.0,946.0,4.0,3.0,0.7124735729386892
27.0,3.0,18.0,0.6,0.1,0.6,2.0,940.0,1.0,0.0,0.7159574468085106
27.0,3.0,19.0,0.6,0.1,0.6,2.0,938.0,1.0,1.0,0.7132196162046909
27.0,3.0,20.0,0.6,0.1,0.6,2.0,1731.0,1.0,1.0,0.3801270941652224
27.0,3.0,21.0,0.6,0.1,0.6,2.0,1702.0,3.0,1.0,0.381903642773208
27.0,3.0,22.0,0.6,0.1,0.6,2.0,1624.0,2.0,0.0,0.3873152709359606
27.0,3.0,23.0,0.6,0.1,0.6,2.0,1593.0,2.0,0.0,0.38857501569365976
27.0,3.0,24.0,0.6,0.1,0.6,2.0,1518.0,2.0,0.0,0.3952569169960474
27.0,3.0,25.0,0.6,0.1,0.6,2.0,1457.0,2.0,1.0,0.3973919011667811
27.0,3.0,26.0,0.6,0.1,0.6,2.0,1435.0,3.0,2.0,0.39442508710801394
27.0,3.0,27.0,0.6,0.1,0.6,2.0,1389.0,6.0,2.0,0.3959683225341973
27.0,3.0,28.0,0.6,0.1,0.6,2.0,1374.0,6.0,1.0,0.3988355167394469
27.0,3.0,29.0,0.6,0.1,0.6,2.0,1342.0,5.0,1.0,0.4008941877794337
27.0,3.0,30.0,0.6,0.1,0.6,2.0,1304.0,4.0,1.0,0.4026073619631902
27.0,3.0,31.0,0.6,0.1,0.6,2.0,1262.0,6.0,3.0,0.4001584786053883
27.0,3.0,32.0,0.6,0.1,0.6,2.0,1248.0,7.0,3.0,0.4014423076923077
27.0,3.0,33.0,0.6,0.1,0.6,2.0,1228.0,8.0,4.0,0.4022801302931596
27.0,3.0,34.0,0.6,0.1,0.6,2.0,1204.0,9.0,4.0,0.4053156146179402
27.0,3.0,35.0,0.6,0.1,0.6,2.0,1177.0,10.0,3.0,0.4078164825828377
27.0,3.0,36.0,0.6,0.1,0.6,2.0,1144.0,10.0,5.0,0.40559440559440557
27.0,3.0,37.0,0.6,0.1,0.6,2.0,1116.0,11.0,4.0,0.40949820788530467
27.0,3.0,38.0,0.6,0.1,0.6,2.0,1103.0,11.0,6.0,0.40888485947416137
27.0,3.0,39.0,0.6,0.1,0.6,2.0,1079.0,10.0,5.0,0.40963855421686746
27.0,3.0,40.0,0.6,0.1,0.6,2.0,1045.0,10.0,7.0,0.415311004784689
27.0,3.0,41.0,0.6,0.1,0.6,2.0,1012.0,10.0,5.0,0.4199604743083004
27.0,3.0,42.0,0.6,0.1,0.6,2.0,1005.0,9.0,5.0,0.4218905472636816
27.0,3.0,43.0,0.6,0.1,0.6,2.0,956.0,8.0,3.0,0.4246861924686193
27.0,3.0,44.0,0.6,0.1,0.6,2.0,958.0,10.0,4.0,0.42066805845511485
27.0,3.0,45.0,0.6,0.1,0.6,2.0,934.0,9.0,4.0,0.6531049250535332
27.0,3.0,46.0,0.6,0.1,0.6,2.0,935.0,8.0,6.0,0.653475935828877
27.0,3.0,47.0,0.6,0.1,0.6,2.0,927.0,7.0,5.0,0.651564185544768
27.0,3.0,48.0,0.6,0.1,0.6,2.0,908.0,5.0,3.0,0.6519823788546255
27.0,3.0,49.0,0.6,0.1,0.6,2.0,896.0,2.0,2.0,0.6506696428571429
27.0,3.0,50.0,0.6,0.1,0.6,2.0,899.0,2.0,2.0,0.6473859844271412
27.0,3.0,51.0,0.6,0.1,0.6,2.0,863.0,2.0,2.0,0.6500579374275782
27.0,3.0,52.0,0.6,0.1,0.6,2.0,866.0,0.0,0.0,0.648960739030023
27.0,4.0,1.0,0.6,0.1,0.6,2.0,856.0,0.0,0.0,0.6507009345794392
27.0,4.0,2.0,0.6,0.1,0.6,2.0,860.0,0.0,0.0,0.65
27.0,4.0,3.0,0.6,0.1,0.6,2.0,852.0,0.0,0.0,0.6502347417840375
27.0,4.0,4.0,0.6,0.1,0.6,2.0,854.0,0.0,0.0,0.6475409836065574
27.0,4.0,5.0,0.6,0.1,0.6,2.0,844.0,0.0,0.0,0.6481042654028436
27.0,4.0,6.0,0.6,0.1,0.6,2.0,846.0,0.0,0.0,0.6477541371158393
27.0,4.0,7.0,0.6,0.1,0.6,2.0,838.0,0.0,0.0,0.649164677804296
27.0,4.0,8.0,0.6,0.1,0.6,2.0,839.0,0.0,0.0,0.6495828367103695
27.0,4.0,9.0,0.6,0.1,0.6,2.0,826.0,0.0,0.0,0.648910411622276
27.0,4.0,10.0,0.6,0.1,0.6,2.0,830.0,0.0,0.0,0.6481927710843374
27.0,4.0,11.0,0.6,0.1,0.6,2.0,825.0,0.0,0.0,0.6484848484848484
27.0,4.0,12.0,0.6,0.1,0.6,2.0,821.0,0.0,0.0,0.6467722289890377
27.0,4.0,13.0,0.6,0.1,0.6,2.0,803.0,0.0,0.0,0.6438356164383562
27.0,4.0,14.0,0.6,0.1,0.6,2.0,807.0,0.0,0.0,0.6431226765799256
27.0,4.0,15.0,0.6,0.1,0.6,2.0,799.0,0.0,0.0,0.6445556946182729
27.0,4.0,16.0,0.6,0.1,0.6,2.0,801.0,0.0,0.0,0.6416978776529338
27.0,4.0,17.0,0.6,0.1,0.6,2.0,796.0,0.0,0.0,0.6432160804020101
27.0,4.0,18.0,0.6,0.1,0.6,2.0,796.0,0.0,0.0,0.6407035175879398
27.0,4.0,19.0,0.6,0.1,0.6,2.0,792.0,0.0,0.0,0.6401515151515151
27.0,4.0,20.0,0.6,0.1,0.6,2.0,1412.0,0.0,0.0,0.35127478753541075
27.0,4.0,21.0,0.6,0.1,0.6,2.0,1384.0,0.0,0.0,0.3540462427745665
27.0,4.0,22.0,0.6,0.1,0.6,2.0,1350.0,0.0,0.0,0.35703703703703704
27.0,4.0,23.0,0.6,0.1,0.6,2.0,1349.0,0.0,0.0,0.35804299481097107
27.0,4.0,24.0,0.6,0.1,0.6,2.0,1321.0,0.0,0.0,0.35654806964420893
27.0,4.0,25.0,0.6,0.1,0.6,2.0,1287.0,0.0,0.0,0.358974358974359
27.0,4.0,26.0,0.6,0.1,0.6,2.0,1244.0,0.0,0.0,0.3617363344051447
27.0,4.0,27.0,0.6,0.1,0.6,2.0,1232.0,0.0,0.0,0.36444805194805197
27.0,4.0,28.0,0.6,0.1,0.6,2.0,1192.0,0.0,0.0,0.36661073825503354
27.0,4.0,29.0,0.6,0.1,0.6,2.0,1201.0,0.0,0.0,0.36636136552872606
27.0,4.0,30.0,0.6,0.1,0.6,2.0,1188.0,0.0,0.0,0.3653198653198653
27.0,4.0,31.0,0.6,0.1,0.6,2.0,1182.0,0.0,0.0,0.36717428087986465
27.0,4.0,32.0,0.6,0.1,0.6,2.0,1119.0,0.0,0.0,0.36550491510277033
27.0,4.0,33.0,0.6,0.1,0.6,2.0,1124.0,0.0,0.0,0.36565836298932386
27.0,4.0,34.0,0.6,0.1,0.6,2.0,1114.0,0.0,0.0,0.3644524236983842
27.0,4.0,35.0,0.6,0.1,0.6,2.0,1063.0,0.0,0.0,0.37064910630291625
27.0,4.0,36.0,0.6,0.1,0.6,2.0,1055.0,0.0,0.0,0.3687203791469194
27.0,4.0,37.0,0.6,0.1,0.6,2.0,1056.0,0.0,0.0,0.3702651515151515
27.0,4.0,38.0,0.6,0.1,0.6,2.0,1051.0,0.0,0.0,0.36631779257849667
27.0,4.0,39.0,0.6,0.1,0.6,2.0,1038.0,0.0,0.0,0.36608863198458574
27.0,4.0,40.0,0.6,0.1,0.6,2.0,1033.0,0.0,0.0,0.36302032913843174
27.0,4.0,41.0,0.6,0.1,0.6,2.0,1014.0,0.0,0.0,0.36489151873767256
27.0,4.0,42.0,0.6,0.1,0.6,2.0,998.0,0.0,0.0,0.3637274549098196
27.0,4.0,43.0,0.6,0.1,0.6,2.0,1001.0,0.0,0.0,0.3626373626373626
27.0,4.0,44.0,0.6,0.1,0.6,2.0,980.0,0.0,0.0,0.36428571428571427
27.0,4.0,45.0,0.6,0.1,0.6,2.0,980.0,0.0,0.0,0.6051020408163266
27.0,4.0,46.0,0.6,0.1,0.6,2.0,956.0,0.0,0.0,0.606694560669456
27.0,4.0,47.0,0.6,0.1,0.6,2.0,954.0,0.0,0.0,0.610062893081761
27.0,4.0,48.0,0.6,0.1,0.6,2.0,946.0,0.0,0.0,0.6078224101479915
27.0,4.0,49.0,0.6,0.1,0.6,2.0,942.0,0.0,0.0,0.6093418259023354
27.0,4.0,50.0,0.6,0.1,0.6,2.0,937.0,0.0,0.0,0.6061899679829242
27.0,4.0,51.0,0.6,0.1,0.6,2.0,939.0,0.0,0.0,0.6091586794462194
27.0,4.0,52.0,0.6,0.1,0.6,2.0,922.0,0.0,0.0,0.6095444685466378
27.0,5.0,1.0,0.6,0.1,0.6,2.0,898.0,0.0,0.0,0.611358574610245
27.0,5.0,2.0,0.6,0.1,0.6,2.0,892.0,0.0,0.0,0.6087443946188341
27.0,5.0,3.0,0.6,0.1,0.6,2.0,891.0,0.0,0.0,0.6083052749719416
27.0,5.0,4.0,0.6,0.1,0.6,2.0,886.0,0.0,0.0,0.6072234762979684
27.0,5.0,5.0,0.6,0.1,0.6,2.0,885.0,0.0,0.0,0.6101694915254238
27.0,5.0,6.0,0.6,0.1,0.6,2.0,858.0,0.0,0.0,0.6118881118881119
27.0,5.0,7.0,0.6,0.1,0.6,2.0,835.0,0.0,0.0,0.615568862275449
27.0,5.0,8.0,0.6,0.1,0.6,2.0,830.0,0.0,0.0,0.6144578313253012
27.0,5.0,9.0,0.6,0.1,0.6,2.0,828.0,0.0,0.0,0.6159420289855072
27.0,5.0,10.0,0.6,0.1,0.6,2.0,823.0,0.0,0.0,0.6148238153098421
27.0,5.0,11.0,0.6,0.1,0.6,2.0,823.0,0.0,0.0,0.6160388821385177
27.0,5.0,12.0,0.6,0.1,0.6,2.0,808.0,0.0,0.0,0.6163366336633663
27.0,5.0,13.0,0.6,0.1,0.6,2.0,806.0,0.0,0.0,0.6191066997518611
27.0,5.0,14.0,0.6,0.1,0.6,2.0,803.0,0.0,0.0,0.6164383561643836
27.0,5.0,15.0,0.6,0.1,0.6,2.0,803.0,0.0,0.0,0.6151930261519303
27.0,5.0,16.0,0.6,0.1,0.6,2.0,788.0,0.0,0.0,0.616751269035533
27.0,5.0,17.0,0.6,0.1,0.6,2.0,786.0,0.0,0.0,0.6157760814249363
27.0,5.0,18.0,0.6,0.1,0.6,2.0,784.0,0.0,0.0,0.6160714285714286
27.0,5.0,19.0,0.6,0.1,0.6,2.0,784.0,0.0,0.0,0.6160714285714286
27.0,5.0,20.0,0.6,0.1,0.6,2.0,1435.0,0.0,0.0,0.335191637630662
27.0,5.0,21.0,0.6,0.1,0.6,2.0,1405.0,0.0,0.0,0.3373665480427046
27.0,5.0,22.0,0.6,0.1,0.6,2.0,1391.0,0.0,0.0,0.33501078360891445
27.0,5.0,23.0,0.6,0.1,0.6,2.0,1334.0,0.0,0.0,0.33883058470764615
27.0,5.0,24.0,0.6,0.1,0.6,2.0,1241.0,0.0,0.0,0.33843674456083805
27.0,5.0,25.0,0.6,0.1,0.6,2.0,1215.0,0.0,0.0,0.3440329218106996
27.0,5.0,26.0,0.6,0.1,0.6,2.0,1188.0,0.0,0.0,0.3493265993265993
27.0,5.0,27.0,0.6,0.1,0.6,2.0,1149.0,0.0,0.0,0.3524804177545692
27.0,5.0,28.0,0.6,0.1,0.6,2.0,1104.0,0.0,0.0,0.3496376811594203
27.0,5.0,29.0,0.6,0.1,0.6,2.0,1068.0,0.0,0.0,0.35580524344569286
27.0,5.0,30.0,0.6,0.1,0.6,2.0,1065.0,0.0,0.0,0.3530516431924883
27.0,5.0,31.0,0.6,0.1,0.6,2.0,1027.0,0.0,0.0,0.35832521908471276
27.0,5.0,32.0,0.6,0.1,0.6,2.0,1038.0,0.0,0.0,0.35645472061657035
27.0,5.0,33.0,0.6,0.1,0.6,2.0,1021.0,0.0,0.0,0.356513222331048
27.0,5.0,34.0,0.6,0.1,0.6,2.0,1013.0,0.0,0.0,0.3543928923988154
27.0,5.0,35.0,0.6,0.1,0.6,2.0,997.0,0.0,0.0,0.35707121364092276
27.0,5.0,36.0,0.6,0.1,0.6,2.0,1000.0,0.0,0.0,0.355
27.0,5.0,37.0,0.6,0.1,0.6,2.0,985.0,0.0,0.0,0.35736040609137054
27.0,5.0,38.0,0.6,0.1,0.6,2.0,970.0,0.0,0.0,0.3556701030927835
27.0,5.0,39.0,0.6,0.1,0.6,2.0,936.0,0.0,0.0,0.3643162393162393
27.0,5.0,40.0,0.6,0.1,0.6,2.0,927.0,0.0,0.0,0.36245954692556637
27.0,5.0,41.0,0.6,0.1,0.6,2.0,907.0,0.0,0.0,0.3671444321940463
27.0,5.0,42.0,0.6,0.1,0.6,2.0,908.0,0.0,0.0,0.36123348017621143
27.0,5.0,43.0,0.6,0.1,0.6,2.0,897.0,0.0,0.0,0.3690078037904125
27.0,5.0,44.0,0.6,0.1,0.6,2.0,872.0,0.0,0.0,0.36811926605504586
27.0,5.0,45.0,0.6,0.1,0.6,2.0,855.0,0.0,0.0,0.6257309941520468
27.0,5.0,46.0,0.6,0.1,0.6,2.0,820.0,0.0,0.0,0.6268292682926829
27.0,5.0,47.0,0.6,0.1,0.6,2.0,806.0,0.0,0.0,0.6339950372208437
27.0,5.0,48.0,0.6,0.1,0.6,2.0,805.0,0.0,0.0,0.6273291925465838
27.0,5.0,49.0,0.6,0.1,0.6,2.0,805.0,0.0,0.0,0.6298136645962733
27.0,5.0,50.0,0.6,0.1,0.6,2.0,802.0,0.0,0.0,0.6246882793017456
27.0,5.0,51.0,0.6,0.1,0.6,2.0,799.0,0.0,0.0,0.6307884856070087
27.0,5.0,52.0,0.6,0.1,0.6,2.0,789.0,0.0,0.0,0.6299112801013942
27.0,6.0,1.0,0.6,0.1,0.6,2.0,774.0,0.0,0.0,0.6382428940568475
27.0,6.0,2.0,0.6,0.1,0.6,2.0,776.0,0.0,0.0,0.6314432989690721
27.0,6.0,3.0,0.6,0.1,0.6,2.0,765.0,0.0,0.0,0.6379084967320261
27.0,6.0,4.0,0.6,0.1,0.6,2.0,766.0,0.0,0.0,0.6305483028720626
27.0,6.0,5.0,0.6,0.1,0.6,2.0,751.0,0.0,0.0,0.6391478029294274
27.0,6.0,6.0,0.6,0.1,0.6,2.0,756.0,0.0,0.0,0.6322751322751323
27.0,6.0,7.0,0.6,0.1,0.6,2.0,750.0,0.0,0.0,0.6386666666666667
27.0,6.0,8.0,0.6,0.1,0.6,2.0,748.0,0.0,0.0,0.6336898395721925
27.0,6.0,9.0,0.6,0.1,0.6,2.0,745.0,0.0,0.0,0.6389261744966444
27.0,6.0,10.0,0.6,0.1,0.6,2.0,745.0,0.0,0.0,0.6335570469798658
27.0,6.0,11.0,0.6,0.1,0.6,2.0,740.0,0.0,0.0,0.6391891891891892
27.0,6.0,12.0,0.6,0.1,0.6,2.0,740.0,0.0,0.0,0.6324324324324324
27.0,6.0,13.0,0.6,0.1,0.6,2.0,738.0,0.0,0.0,0.6368563685636857
27.0,6.0,14.0,0.6,0.1,0.6,2.0,738.0,0.0,0.0,0.6327913279132791
27.0,6.0,15.0,0.6,0.1,0.6,2.0,733.0,0.0,0.0,0.6371077762619373
27.0,6.0,16.0,0.6,0.1,0.6,2.0,735.0,0.0,0.0,0.6326530612244898
27.0,6.0,17.0,0.6,0.1,0.6,2.0,709.0,0.0,0.0,0.6417489421720733
27.0,6.0,18.0,0.6,0.1,0.6,2.0,710.0,0.0,0.0,0.6366197183098592
27.0,6.0,19.0,0.6,0.1,0.6,2.0,708.0,0.0,0.0,0.6412429378531074
27.0,6.0,20.0,0.6,0.1,0.6,2.0,1292.0,0.0,0.0,0.3498452012383901
27.0,6.0,21.0,0.6,0.1,0.6,2.0,1239.0,0.0,0.0,0.3583535108958838
27.0,6.0,22.0,0.6,0.1,0.6,2.0,1248.0,0.0,0.0,0.3541666666666667
27.0,6.0,23.0,0.6,0.1,0.6,2.0,1185.0,0.0,0.0,0.3620253164556962
27.0,6.0,24.0,0.6,0.1,0.6,2.0,1180.0,0.0,0.0,0.3601694915254237
27.0,6.0,25.0,0.6,0.1,0.6,2.0,1123.0,0.0,0.0,0.371326803205699
27.0,6.0,26.0,0.6,0.1,0.6,2.0,1115.0,0.0,0.0,0.36591928251121075
27.0,6.0,27.0,0.6,0.1,0.6,2.0,1081.0,0.0,0.0,0.37280296022201664
27.0,6.0,28.0,0.6,0.1,0.6,2.0,1063.0,0.0,0.0,0.374412041392286
27.0,6.0,29.0,0.6,0.1,0.6,2.0,1016.0,0.0,0.0,0.3828740157480315
27.0,6.0,30.0,0.6,0.1,0.6,2.0,1005.0,0.0,0.0,0.382089552238806
27.0,6.0,31.0,0.6,0.1,0.6,2.0,972.0,0.0,0.0,0.3868312757201646
27.0,6.0,32.0,0.6,0.1,0.6,2.0,943.0,0.0,0.0,0.38918345705196183
27.0,6.0,33.0,0.6,0.1,0.6,2.0,943.0,0.0,0.0,0.39236479321314954
27.0,6.0,34.0,0.6,0.1,0.6,2.0,936.0,0.0,0.0,0.3888888888888889
27.0,6.0,35.0,0.6,0.1,0.6,2.0,938.0,0.0,0.0,0.39019189765458423
27.0,6.0,36.0,0.6,0.1,0.6,2.0,930.0,0.0,0.0,0.3881720430107527
27.0,6.0,37.0,0.6,0.1,0.6,2.0,926.0,0.0,0.0,0.39092872570194387
27.0,6.0,38.0,0.6,0.1,0.6,2.0,921.0,0.0,0.0,0.38870792616720956
27.0,6.0,39.0,0.6,0.1,0.6,2.0,919.0,0.0,0.0,0.3928182807399347
27.0,6.0,40.0,0.6,0.1,0.6,2.0,912.0,0.0,0.0,0.3892543859649123
27.0,6.0,41.0,0.6,0.1,0.6,2.0,899.0,0.0,0.0,0.39265850945494996
27.0,6.0,42.0,0.6,0.1,0.6,2.0,890.0,0.0,0.0,0.39101123595505616
27.0,6.0,43.0,0.6,0.1,0.6,2.0,871.0,0.0,0.0,0.3960964408725603
27.0,6.0,44.0,0.6,0.1,0.6,2.0,863.0,0.0,0.0,0.3928157589803013
27.0,6.0,45.0,0.6,0.1,0.6,2.0,855.0,0.0,0.0,0.6479532163742691
27.0,6.0,46.0,0.6,0.1,0.6,2.0,832.0,0.0,0.0,0.6466346153846154
27.0,6.0,47.0,0.6,0.1,0.6,2.0,837.0,0.0,0.0,0.6451612903225806
27.0,6.0,48.0,0.6,0.1,0.6,2.0,806.0,0.0,0.0,0.6501240694789082
27.0,6.0,49.0,0.6,0.1,0.6,2.0,804.0,0.0,0.0,0.6517412935323383
27.0,6.0,50.0,0.6,0.1,0.6,2.0,805.0,0.0,0.0,0.6472049689440994
27.0,6.0,51.0,0.6,0.1,0.6,2.0,810.0,0.0,0.0,0.6481481481481481
27.0,6.0,52.0,0.6,0.1,0.6,2.0,785.0,0.0,0.0,0.6484076433121019
27.0,7.0,1.0,0.6,0.1,0.6,2.0,788.0,0.0,0.0,0.649746192893401
27.0,7.0,2.0,0.6,0.1,0.6,2.0,780.0,0.0,0.0,0.6461538461538462
27.0,7.0,3.0,0.6,0.1,0.6,2.0,784.0,0.0,0.0,0.6479591836734694
27.0,7.0,4.0,0.6,0.1,0.6,2.0,779.0,0.0,0.0,0.6456996148908858
27.0,7.0,5.0,0.6,0.1,0.6,2.0,760.0,0.0,0.0,0.65
27.0,7.0,6.0,0.6,0.1,0.6,2.0,755.0,0.0,0.0,0.6476821192052981
27.0,7.0,7.0,0.6,0.1,0.6,2.0,760.0,0.0,0.0,0.65
27.0,7.0,8.0,0.6,0.1,0.6,2.0,752.0,0.0,0.0,0.6462765957446809
27.0,7.0,9.0,0.6,0.1,0.6,2.0,758.0,0.0,0.0,0.6490765171503958
27.0,7.0,10.0,0.6,0.1,0.6,2.0,749.0,0.0,0.0,0.6448598130841121
27.0,7.0,11.0,0.6,0.1,0.6,2.0,756.0,0.0,0.0,0.6468253968253969
27.0,7.0,12.0,0.6,0.1,0.6,2.0,734.0,0.0,0.0,0.6444141689373297
27.0,7.0,13.0,0.6,0.1,0.6,2.0,740.0,0.0,0.0,0.6472972972972973
27.0,7.0,14.0,0.6,0.1,0.6,2.0,733.0,0.0,0.0,0.645293315143247
27.0,7.0,15.0,0.6,0.1,0.6,2.0,734.0,0.0,0.0,0.6471389645776566
27.0,7.0,16.0,0.6,0.1,0.6,2.0,730.0,0.0,0.0,0.6465753424657534
27.0,7.0,17.0,0.6,0.1,0.6,2.0,733.0,0.0,0.0,0.6493860845839018
27.0,7.0,18.0,0.6,0.1,0.6,2.0,730.0,0.0,0.0,0.6465753424657534
27.0,7.0,19.0,0.6,0.1,0.6,2.0,730.0,0.0,0.0,0.647945205479452
27.0,7.0,20.0,0.6,0.1,0.6,2.0,1329.0,0.0,0.0,0.35289691497366443
27.0,7.0,21.0,0.6,0.1,0.6,2.0,1248.0,0.0,0.0,0.36538461538461536
27.0,7.0,22.0,0.6,0.1,0.6,2.0,1159.0,0.0,0.0,0.364106988783434
27.0,7.0,23.0,0.6,0.1,0.6,2.0,1140.0,0.0,0.0,0.37105263157894736
27.0,7.0,24.0,0.6,0.1,0.6,2.0,1114.0,0.0,0.0,0.37073608617594256
27.0,7.0,25.0,0.6,0.1,0.6,2.0,1077.0,0.0,0.0,0.3751160631383473
27.0,7.0,26.0,0.6,0.1,0.6,2.0,1048.0,0.0,0.0,0.37213740458015265
27.0,7.0,27.0,0.6,0.1,0.6,2.0,1030.0,0.0,0.0,0.37281553398058254
27.0,7.0,28.0,0.6,0.1,0.6,2.0,1030.0,0.0,0.0,0.36893203883495146
27.0,7.0,29.0,0.6,0.1,0.6,2.0,994.0,0.0,0.0,0.3782696177062374
27.0,7.0,30.0,0.6,0.1,0.6,2.0,968.0,0.0,0.0,0.37913223140495866
27.0,7.0,31.0,0.6,0.1,0.6,2.0,958.0,0.0,0.0,0.38204592901878914
27.0,7.0,32.0,0.6,0.1,0.6,2.0,907.0,0.0,0.0,0.38257993384785005
27.0,7.0,33.0,0.6,0.1,0.6,2.0,868.0,0.0,0.0,0.39285714285714285
27.0,7.0,34.0,0.6,0.1,0.6,2.0,844.0,0.0,0.0,0.3933649289099526
27.0,7.0,35.0,0.6,0.1,0.6,2.0,825.0,0.0,0.0,0.39636363636363636
27.0,7.0,36.0,0.6,0.1,0.6,2.0,808.0,0.0,0.0,0.3948019801980198
27.0,7.0,37.0,0.6,0.1,0.6,2.0,827.0,0.0,0.0,0.3954050785973398
27.0,7.0,38.0,0.6,0.1,0.6,2.0,812.0,0.0,0.0,0.3916256157635468
27.0,7.0,39.0,0.6,0.1,0.6,2.0,827.0,0.0,0.0,0.39298669891172916
27.0,7.0,40.0,0.6,0.1,0.6,2.0,801.0,0.0,0.0,0.39076154806491886
27.0,7.0,41.0,0.6,0.1,0.6,2.0,798.0,0.0,0.0,0.39223057644110276
27.0,7.0,42.0,0.6,0.1,0.6,2.0,781.0,0.0,0.0,0.3905249679897567
27.0,7.0,43.0,0.6,0.1,0.6,2.0,782.0,0.0,0.0,0.3938618925831202
27.0,7.0,44.0,0.6,0.1,0.6,2.0,768.0,0.0,0.0,0.3932291666666667
27.0,7.0,45.0,0.6,0.1,0.6,2.0,766.0,0.0,0.0,0.6540469973890339
27.0,7.0,46.0,0.6,0.1,0.6,2.0,729.0,0.0,0.0,0.6570644718792867
27.0,7.0,47.0,0.6,0.1,0.6,2.0,729.0,0.0,0.0,0.6570644718792867
27.0,7.0,48.0,0.6,0.1,0.6,2.0,697.0,0.0,0.0,0.6614060258249641
27.0,7.0,49.0,0.6,0.1,0.6,2.0,704.0,0.0,0.0,0.6590909090909091
27.0,7.0,50.0,0.6,0.1,0.6,2.0,697.0,0.0,0.0,0.6556671449067432
27.0,7.0,51.0,0.6,0.1,0.6,2.0,698.0,0.0,0.0,0.6590257879656161
27.0,7.0,52.0,0.6,0.1,0.6,2.0,696.0,0.0,0.0,0.6566091954022989
27.0,8.0,1.0,0.6,0.1,0.6,2.0,692.0,0.0,0.0,0.661849710982659
27.0,8.0,2.0,0.6,0.1,0.6,2.0,691.0,0.0,0.0,0.6570188133140377
27.0,8.0,3.0,0.6,0.1,0.6,2.0,692.0,0.0,0.0,0.661849710982659
27.0,8.0,4.0,0.6,0.1,0.6,2.0,691.0,0.0,0.0,0.6570188133140377
27.0,8.0,5.0,0.6,0.1,0.6,2.0,694.0,0.0,0.0,0.659942363112392
27.0,8.0,6.0,0.6,0.1,0.6,2.0,688.0,0.0,0.0,0.6584302325581395
27.0,8.0,7.0,0.6,0.1,0.6,2.0,693.0,0.0,0.0,0.6608946608946609
27.0,8.0,8.0,0.6,0.1,0.6,2.0,689.0,0.0,0.0,0.6589259796806967
27.0,8.0,9.0,0.6,0.1,0.6,2.0,689.0,0.0,0.0,0.6632801161103048
27.0,8.0,10.0,0.6,0.1,0.6,2.0,689.0,0.0,0.0,0.660377358490566
27.0,8.0,11.0,0.6,0.1,0.6,2.0,691.0,0.0,0.0,0.6613603473227206
27.0,8.0,12.0,0.6,0.1,0.6,2.0,691.0,0.0,0.0,0.658465991316932
27.0,8.0,13.0,0.6,0.1,0.6,2.0,692.0,0.0,0.0,0.6604046242774566
27.0,8.0,14.0,0.6,0.1,0.6,2.0,688.0,0.0,0.0,0.6598837209302325
27.0,8.0,15.0,0.6,0.1,0.6,2.0,691.0,0.0,0.0,0.6613603473227206
27.0,8.0,16.0,0.6,0.1,0.6,2.0,689.0,0.0,0.0,0.6574746008708273
27.0,8.0,17.0,0.6,0.1,0.6,2.0,691.0,0.0,0.0,0.6613603473227206
27.0,8.0,18.0,0.6,0.1,0.6,2.0,688.0,0.0,0.0,0.6569767441860465
27.0,8.0,19.0,0.6,0.1,0.6,2.0,678.0,0.0,0.0,0.6607669616519174
27.0,8.0,20.0,0.6,0.1,0.6,2.0,1167.0,0.0,0.0,0.38303341902313626
27.0,8.0,21.0,0.6,0.1,0.6,2.0,1140.0,0.0,0.0,0.38333333333333336
27.0,8.0,22.0,0.6,0.1,0.6,2.0,1114.0,0.0,0.0,0.388689407540395
27.0,8.0,23.0,0.6,0.1,0.6,2.0,1085.0,0.0,0.0,0.391705069124424
27.0,8.0,24.0,0.6,0.1,0.6,2.0,1062.0,0.0,0.0,0.3926553672316384
27.0,8.0,25.0,0.6,0.1,0.6,2.0,1050.0,0.0,0.0,0.3942857142857143
27.0,8.0,26.0,0.6,0.1,0.6,2.0,1033.0,0.0,0.0,0.3978702807357212
27.0,8.0,27.0,0.6,0.1,0.6,2.0,1044.0,0.0,0.0,0.39655172413793105
27.0,8.0,28.0,0.6,0.1,0.6,2.0,1018.0,0.0,0.0,0.40078585461689586
27.0,8.0,29.0,0.6,0.1,0.6,2.0,1032.0,0.0,0.0,0.39825581395348836
27.0,8.0,30.0,0.6,0.1,0.6,2.0,1009.0,0.0,0.0,0.40336967294350845
27.0,8.0,31.0,0.6,0.1,0.6,2.0,1003.0,0.0,0.0,0.4067796610169492
27.0,8.0,32.0,0.6,0.1,0.6,2.0,995.0,0.0,0.0,0.40703517587939697
27.0,8.0,33.0,0.6,0.1,0.6,2.0,993.0,0.0,0.0,0.4078549848942598
27.0,8.0,34.0,0.6,0.1,0.6,2.0,966.0,0.0,0.0,0.41304347826086957
27.0,8.0,35.0,0.6,0.1,0.6,2.0,982.0,0.0,0.0,0.40835030549898166
27.0,8.0,36.0,0.6,0.1,0.6,2.0,965.0,0.0,0.0,0.41243523316062175
27.0,8.0,37.0,0.6,0.1,0.6,2.0,982.0,0.0,0.0,0.4103869653767821
27.0,8.0,38.0,0.6,0.1,0.6,2.0,969.0,0.0,0.0,0.4117647058823529
27.0,8.0,39.0,0.6,0.1,0.6,2.0,972.0,0.0,0.0,0.411522633744856
27.0,8.0,40.0,0.6,0.1,0.6,2.0,964.0,0.0,0.0,0.41286307053941906
27.0,8.0,41.0,0.6,0.1,0.6,2.0,963.0,0.0,0.0,0.411214953271028
27.0,8.0,42.0,0.6,0.1,0.6,2.0,939.0,0.0,0.0,0.4164004259850905
27.0,8.0,43.0,0.6,0.1,0.6,2.0,945.0,0.0,0.0,0.4158730158730159
27.0,8.0,44.0,0.6,0.1,0.6,2.0,940.0,0.0,0.0,0.41702127659574467
27.0,8.0,45.0,0.6,0.1,0.6,2.0,944.0,0.0,0.0,0.6430084745762712
27.0,8.0,46.0,0.6,0.1,0.6,2.0,940.0,0.0,0.0,0.6446808510638298
27.0,8.0,47.0,0.6,0.1,0.6,2.0,948.0,0.0,0.0,0.6445147679324894
27.0,8.0,48.0,0.6,0.1,0.6,2.0,927.0,0.0,0.0,0.6472491909385113
27.0,8.0,49.0,0.6,0.1,0.6,2.0,935.0,0.0,0.0,0.6470588235294118
27.0,8.0,50.0,0.6,0.1,0.6,2.0,927.0,0.0,0.0,0.6472491909385113
27.0,8.0,51.0,0.6,0.1,0.6,2.0,935.0,0.0,0.0,0.6481283422459893
27.0,8.0,52.0,0.6,0.1,0.6,2.0,928.0,0.0,0.0,0.6454741379310345
27.0,9.0,1.0,0.6,0.1,0.6,2.0,932.0,0.0,0.0,0.648068669527897
27.0,9.0,2.0,0.6,0.1,0.6,2.0,924.0,0.0,0.0,0.6482683982683982
27.0,9.0,3.0,0.6,0.1,0.6,2.0,929.0,0.0,0.0,0.6490850376749193
27.0,9.0,4.0,0.6,0.1,0.6,2.0,924.0,0.0,0.0,0.6482683982683982
27.0,9.0,5.0,0.6,0.1,0.6,2.0,925.0,0.0,0.0,0.6475675675675676
27.0,9.0,6.0,0.6,0.1,0.6,2.0,919.0,0.0,0.0,0.6474428726877041
27.0,9.0,7.0,0.6,0.1,0.6,2.0,923.0,0.0,0.0,0.647887323943662
27.0,9.0,8.0,0.6,0.1,0.6,2.0,919.0,0.0,0.0,0.6474428726877041
27.0,9.0,9.0,0.6,0.1,0.6,2.0,896.0,0.0,0.0,0.6462053571428571
27.0,9.0,10.0,0.6,0.1,0.6,2.0,891.0,0.0,0.0,0.6442199775533108
27.0,9.0,11.0,0.6,0.1,0.6,2.0,894.0,0.0,0.0,0.6465324384787472
27.0,9.0,12.0,0.6,0.1,0.6,2.0,878.0,0.0,0.0,0.6469248291571754
27.0,9.0,13.0,0.6,0.1,0.6,2.0,881.0,0.0,0.0,0.6503972758229285
27.0,9.0,14.0,0.6,0.1,0.6,2.0,878.0,0.0,0.0,0.6492027334851936
27.0,9.0,15.0,0.6,0.1,0.6,2.0,883.0,0.0,0.0,0.6500566251415628
27.0,9.0,16.0,0.6,0.1,0.6,2.0,878.0,0.0,0.0,0.6480637813211845
27.0,9.0,17.0,0.6,0.1,0.6,2.0,871.0,0.0,0.0,0.6509758897818599
27.0,9.0,18.0,0.6,0.1,0.6,2.0,859.0,0.0,0.0,0.6519208381839348
27.0,9.0,19.0,0.6,0.1,0.6,2.0,838.0,0.0,0.0,0.6610978520286396
27.0,9.0,20.0,0.6,0.1,0.6,2.0,1473.0,0.0,0.0,0.3577732518669382
27.0,9.0,21.0,0.6,0.1,0.6,2.0,1435.0,0.0,0.0,0.3623693379790941
27.0,9.0,22.0,0.6,0.1,0.6,2.0,1374.0,0.0,0.0,0.3682678311499272
27.0,9.0,23.0,0.6,0.1,0.6,2.0,1339.0,0.0,0.0,0.37341299477221807
27.0,9.0,24.0,0.6,0.1,0.6,2.0,1305.0,0.0,0.0,0.37624521072796935
27.0,9.0,25.0,0.6,0.1,0.6,2.0,1292.0,0.0,0.0,0.37770897832817335
27.0,9.0,26.0,0.6,0.1,0.6,2.0,1240.0,0.0,0.0,0.38225806451612904
27.0,9.0,27.0,0.6,0.1,0.6,2.0,1232.0,0.0,0.0,0.3806818181818182
27.0,9.0,28.0,0.6,0.1,0.6,2.0,1176.0,0.0,0.0,0.3835034013605442
27.0,9.0,29.0,0.6,0.1,0.6,2.0,1189.0,0.0,0.0,0.3826745164003364
27.0,9.0,30.0,0.6,0.1,0.6,2.0,1177.0,0.0,0.0,0.38317757009345793
27.0,9.0,31.0,0.6,0.1,0.6,2.0,1178.0,0.0,0.0,0.3845500848896435
27.0,9.0,32.0,0.6,0.1,0.6,2.0,1139.0,0.0,0.0,0.3880597014925373
27.0,9.0,33.0,0.6,0.1,0.6,2.0,1152.0,0.0,0.0,0.3871527777777778
27.0,9.0,34.0,0.6,0.1,0.6,2.0,1129.0,0.0,0.0,0.3870682019486271
27.0,9.0,35.0,0.6,0.1,0.6,2.0,1140.0,0.0,0.0,0.38596491228070173
27.0,9.0,36.0,0.6,0.1,0.6,2.0,1054.0,0.0,0.0,0.3908918406072106
27.0,9.0,37.0,0.6,0.1,0.6,2.0,1043.0,0.0,0.0,0.3950143815915628
27.0,9.0,38.0,0.6,0.1,0.6,2.0,1003.0,0.0,0.0,0.3988035892323031
27.0,9.0,39.0,0.6,0.1,0.6,2.0,991.0,0.0,0.0,0.40161453077699294
27.0,9.0,40.0,0.6,0.1,0.6,2.0,967.0,0.0,0.0,0.40330920372285417
27.0,9.0,41.0,0.6,0.1,0.6,2.0,968.0,0.0,0.0,0.4059917355371901
27.0,9.0,42.0,0.6,0.1,0.6,2.0,958.0,0.0,0.0,0.40605427974947805
27.0,9.0,43.0,0.6,0.1,0.6,2.0,954.0,0.0,0.0,0.4088050314465409
27.0,9.0,44.0,0.6,0.1,0.6,2.0,928.0,0.0,0.0,0.41163793103448276
27.0,9.0,45.0,0.6,0.1,0.6,2.0,928.0,0.0,0.0,0.6368534482758621
27.0,9.0,46.0,0.6,0.1,0.6,2.0,921.0,0.0,0.0,0.6373507057546145
27.0,9.0,47.0,0.6,0.1,0.6,2.0,931.0,0.0,0.0,0.6380236305048335
27.0,9.0,48.0,0.6,0.1,0.6,2.0,917.0,0.0,0.0,0.6390403489640131
27.0,9.0,49.0,0.6,0.1,0.6,2.0,931.0,0.0,0.0,0.6380236305048335
27.0,9.0,50.0,0.6,0.1,0.6,2.0,921.0,0.0,0.0,0.6373507057546145
27.0,9.0,51.0,0.6,0.1,0.6,2.0,904.0,0.0,0.0,0.6449115044247787
27.0,9.0,52.0,0.6,0.1,0.6,2.0,885.0,0.0,0.0,0.6451977401129944
27.0,10.0,1.0,0.6,0.1,0.6,2.0,892.0,0.0,0.0,0.647982062780269
27.0,10.0,2.0,0.6,0.1,0.6,2.0,885.0,0.0,0.0,0.6463276836158192
27.0,10.0,3.0,0.6,0.1,0.6,2.0,888.0,0.0,0.0,0.6475225225225225
27.0,10.0,4.0,0.6,0.1,0.6,2.0,883.0,0.0,0.0,0.6466591166477916
27.0,10.0,5.0,0.6,0.1,0.6,2.0,888.0,0.0,0.0,0.6486486486486487
27.0,10.0,6.0,0.6,0.1,0.6,2.0,885.0,0.0,0.0,0.6474576271186441
27.0,10.0,7.0,0.6,0.1,0.6,2.0,883.0,0.0,0.0,0.6489241223103058
27.0,10.0,8.0,0.6,0.1,0.6,2.0,875.0,0.0,0.0,0.6491428571428571
27.0,10.0,9.0,0.6,0.1,0.6,2.0,875.0,0.0,0.0,0.6491428571428571
27.0,10.0,10.0,0.6,0.1,0.6,2.0,876.0,0.0,0.0,0.6484018264840182
27.0,10.0,11.0,0.6,0.1,0.6,2.0,877.0,0.0,0.0,0.6510832383124288
27.0,10.0,12.0,0.6,0.1,0.6,2.0,864.0,0.0,0.0,0.6504629629629629
27.0,10.0,13.0,0.6,0.1,0.6,2.0,868.0,0.0,0.0,0.6509216589861752
27.0,10.0,14.0,0.6,0.1,0.6,2.0,865.0,0.0,0.0,0.6485549132947976
27.0,10.0,15.0,0.6,0.1,0.6,2.0,854.0,0.0,0.0,0.6522248243559718
27.0,10.0,16.0,0.6,0.1,0.6,2.0,851.0,0.0,0.0,0.6498237367802585
27.0,10.0,17.0,0.6,0.1,0.6,2.0,854.0,0.0,0.0,0.6533957845433255
27.0,10.0,18.0,0.6,0.1,0.6,2.0,840.0,0.0,0.0,0.6535714285714286
27.0,10.0,19.0,0.6,0.1,0.6,2.0,843.0,0.0,0.0,0.6559905100830368
27.0,10.0,20.0,0.6,0.1,0.6,2.0,1477.0,0.0,0.0,0.35748138117806366
27.0,10.0,21.0,0.6,0.1,0.6,2.0,1463.0,0.0,0.0,0.3622693096377307
27.0,10.0,22.0,0.6,0.1,0.6,2.0,1422.0,0.0,0.0,0.35794655414908577
27.0,10.0,23.0,0.6,0.1,0.6,2.0,1382.0,0.0,0.0,0.36396526772793053
27.0,10.0,24.0,0.6,0.1,0.6,2.0,1352.0,0.0,0.0,0.363905325443787
27.0,10.0,25.0,0.6,0.1,0.6,2.0,1360.0,0.0,0.0,0.36617647058823527
27.0,10.0,26.0,0.6,0.1,0.6,2.0,1343.0,0.0,0.0,0.3626209977661951
27.0,10.0,27.0,0.6,0.1,0.6,2.0,1349.0,0.0,0.0,0.36619718309859156
27.0,10.0,28.0,0.6,0.1,0.6,2.0,1341.0,0.0,0.0,0.3624161073825503
27.0,10.0,29.0,0.6,0.1,0.6,2.0,1285.0,0.0,0.0,0.3673151750972763
27.0,10.0,30.0,0.6,0.1,0.6,2.0,1252.0,0.0,0.0,0.3682108626198083
27.0,10.0,31.0,0.6,0.1,0.6,2.0,1254.0,0.0,0.0,0.3708133971291866
27.0,10.0,32.0,0.6,0.1,0.6,2.0,1229.0,0.0,0.0,0.37021969080553296
27.0,10.0,33.0,0.6,0.1,0.6,2.0,1221.0,0.0,0.0,0.37428337428337427
27.0,10.0,34.0,0.6,0.1,0.6,2.0,1175.0,0.0,0.0,0.37446808510638296
27.0,10.0,35.0,0.6,0.1,0.6,2.0,1156.0,0.0,0.0,0.379757785467128
27.0,10.0,36.0,0.6,0.1,0.6,2.0,1126.0,0.0,0.0,0.37921847246891655
27.0,10.0,37.0,0.6,0.1,0.6,2.0,1114.0,0.0,0.0,0.3850987432675045
27.0,10.0,38.0,0.6,0.1,0.6,2.0,1110.0,0.0,0.0,0.3810810810810811
27.0,10.0,39.0,0.6,0.1,0.6,2.0,1091.0,0.0,0.0,0.387717690192484
27.0,10.0,40.0,0.6,0.1,0.6,2.0,1066.0,0.0,0.0,0.3883677298311445
27.0,10.0,41.0,0.6,0.1,0.6,2.0,1064.0,0.0,0.0,0.3919172932330827
27.0,10.0,42.0,0.6,0.1,0.6,2.0,1049.0,0.0,0.0,0.38894184938036225
27.0,10.0,43.0,0.6,0.1,0.6,2.0,1022.0,0.0,0.0,0.3923679060665362
27.0,10.0,44.0,0.6,0.1,0.6,2.0,998.0,0.0,0.0,0.3907815631262525
27.0,10.0,45.0,0.6,0.1,0.6,2.0,978.0,0.0,0.0,0.6165644171779141
27.0,10.0,46.0,0.6,0.1,0.6,2.0,948.0,0.0,0.0,0.6160337552742616
27.0,10.0,47.0,0.6,0.1,0.6,2.0,941.0,0.0,0.0,0.6238044633368757
27.0,10.0,48.0,0.6,0.1,0.6,2.0,931.0,0.0,0.0,0.6208378088077336
27.0,10.0,49.0,0.6,0.1,0.6,2.0,940.0,0.0,0.0,0.624468085106383
27.0,10.0,50.0,0.6,0.1,0.6,2.0,932.0,0.0,0.0,0.6201716738197425
27.0,10.0,51.0,0.6,0.1,0.6,2.0,940.0,0.0,0.0,0.6223404255319149
27.0,10.0,52.0,0.6,0.1,0.6,2.0,934.0,0.0,0.0,0.6220556745182013
28.0,1.0,1.0,0.6,0.1,0.6,2.0,5037.0,52.0,5.0,0.5902322811197142
28.0,1.0,2.0,0.6,0.1,0.6,2.0,4935.0,49.0,14.0,0.5900709219858156
28.0,1.0,3.0,0.6,0.1,0.6,2.0,4922.0,53.0,32.0,0.5898008939455506
28.0,1.0,4.0,0.6,0.1,0.6,2.0,4880.0,52.0,36.0,0.5942622950819673
28.0,1.0,5.0,0.6,0.1,0.6,2.0,4936.0,62.0,31.0,0.5944084278768234
28.0,1.0,6.0,0.6,0.1,0.6,2.0,4832.0,59.0,21.0,0.5966473509933775
28.0,1.0,7.0,0.6,0.1,0.6,2.0,4702.0,55.0,19.0,0.5952786048490004
28.0,1.0,8.0,0.6,0.1,0.6,2.0,4553.0,58.0,23.0,0.5980672084339995
28.0,1.0,9.0,0.6,0.1,0.6,2.0,4460.0,54.0,30.0,0.6004484304932736
28.0,1.0,10.0,0.6,0.1,0.6,2.0,4368.0,57.0,27.0,0.6016483516483516
28.0,1.0,11.0,0.6,0.1,0.6,2.0,4242.0,59.0,31.0,0.6008958038661009
28.0,1.0,12.0,0.6,0.1,0.6,2.0,4146.0,51.0,26.0,0.6020260492040521
28.0,1.0,13.0,0.6,0.1,0.6,2.0,3995.0,59.0,23.0,0.6040050062578223
28.0,1.0,14.0,0.6,0.1,0.6,2.0,3907.0,57.0,23.0,0.6060916304069619
28.0,1.0,15.0,0.6,0.1,0.6,2.0,3789.0,46.0,17.0,0.6070203219846926
28.0,1.0,16.0,0.6,0.1,0.6,2.0,3682.0,49.0,25.0,0.6072786529060293
28.0,1.0,17.0,0.6,0.1,0.6,2.0,3583.0,51.0,24.0,0.6106614568797097
28.0,1.0,18.0,0.6,0.1,0.6,2.0,3476.0,38.0,23.0,0.6093210586881473
28.0,1.0,19.0,0.6,0.1,0.6,2.0,3426.0,29.0,16.0,0.6138353765323993
28.0,1.0,20.0,0.6,0.1,0.6,2.0,6409.0,31.0,15.0,0.3211109377437978
28.0,1.0,21.0,0.6,0.1,0.6,2.0,5970.0,43.0,13.0,0.3254606365159129
28.0,1.0,22.0,0.6,0.1,0.6,2.0,5738.0,49.0,14.0,0.3260718020216103
28.0,1.0,23.0,0.6,0.1,0.6,2.0,5545.0,61.0,22.0,0.3291253381424707
28.0,1.0,24.0,0.6,0.1,0.6,2.0,5191.0,61.0,23.0,0.33365440184935463
28.0,1.0,25.0,0.6,0.1,0.6,2.0,5010.0,70.0,28.0,0.3385229540918164
28.0,1.0,26.0,0.6,0.1,0.6,2.0,4706.0,72.0,29.0,0.33871653208669783
28.0,1.0,27.0,0.6,0.1,0.6,2.0,4552.0,73.0,33.0,0.3413884007029877
28.0,1.0,28.0,0.6,0.1,0.6,2.0,4360.0,85.0,33.0,0.3438073394495413
28.0,1.0,29.0,0.6,0.1,0.6,2.0,4195.0,90.0,40.0,0.34541120381406437
28.0,1.0,30.0,0.6,0.1,0.6,2.0,4085.0,98.0,43.0,0.34761321909424725
28.0,1.0,31.0,0.6,0.1,0.6,2.0,3932.0,121.0,45.0,0.3527466937945066
28.0,1.0,32.0,0.6,0.1,0.6,2.0,3780.0,123.0,47.0,0.3544973544973545
28.0,1.0,33.0,0.6,0.1,0.6,2.0,3629.0,127.0,46.0,0.3598787544778176
28.0,1.0,34.0,0.6,0.1,0.6,2.0,3466.0,123.0,54.0,0.36324293133294866
28.0,1.0,35.0,0.6,0.1,0.6,2.0,3358.0,139.0,60.0,0.3650982727814175
28.0,1.0,36.0,0.6,0.1,0.6,2.0,3170.0,130.0,60.0,0.3719242902208202
28.0,1.0,37.0,0.6,0.1,0.6,2.0,3048.0,109.0,57.0,0.37696850393700787
28.0,1.0,38.0,0.6,0.1,0.6,2.0,2921.0,113.0,55.0,0.3806915439917836
28.0,1.0,39.0,0.6,0.1,0.6,2.0,2842.0,116.0,53.0,0.3842364532019704
28.0,1.0,40.0,0.6,0.1,0.6,2.0,2793.0,115.0,54.0,0.38847117794486213
28.0,1.0,41.0,0.6,0.1,0.6,2.0,2712.0,117.0,51.0,0.39085545722713866
28.0,1.0,42.0,0.6,0.1,0.6,2.0,2677.0,120.0,52.0,0.3940978707508405
28.0,1.0,43.0,0.6,0.1,0.6,2.0,2583.0,109.0,50.0,0.3995354239256678
28.0,1.0,44.0,0.6,0.1,0.6,2.0,2569.0,117.0,56.0,0.4017127286882055
28.0,1.0,45.0,0.6,0.1,0.6,2.0,2474.0,127.0,57.0,0.6483427647534358
28.0,1.0,46.0,0.6,0.1,0.6,2.0,2352.0,109.0,52.0,0.6479591836734694
28.0,1.0,47.0,0.6,0.1,0.6,2.0,2307.0,89.0,52.0,0.6501950585175552
28.0,1.0,48.0,0.6,0.1,0.6,2.0,2241.0,82.0,52.0,0.6501561802766622
28.0,1.0,49.0,0.6,0.1,0.6,2.0,2187.0,70.0,48.0,0.6524919981710106
28.0,1.0,50.0,0.6,0.1,0.6,2.0,2104.0,60.0,40.0,0.6525665399239544
28.0,1.0,51.0,0.6,0.1,0.6,2.0,2065.0,50.0,27.0,0.6547215496368038
28.0,1.0,52.0,0.6,0.1,0.6,2.0,2005.0,43.0,21.0,0.6548628428927681
28.0,2.0,1.0,0.6,0.1,0.6,2.0,1974.0,37.0,18.0,0.6585612968591692
28.0,2.0,2.0,0.6,0.1,0.6,2.0,1940.0,33.0,20.0,0.6572164948453608
28.0,2.0,3.0,0.6,0.1,0.6,2.0,1909.0,30.0,18.0,0.6605552645364065
28.0,2.0,4.0,0.6,0.1,0.6,2.0,1864.0,24.0,12.0,0.6614806866952789
28.0,2.0,5.0,0.6,0.1,0.6,2.0,1865.0,23.0,8.0,0.664343163538874
28.0,2.0,6.0,0.6,0.1,0.6,2.0,1823.0,21.0,8.0,0.6631925397696106
28.0,2.0,7.0,0.6,0.1,0.6,2.0,1800.0,20.0,11.0,0.6661111111111111
28.0,2.0,8.0,0.6,0.1,0.6,2.0,1756.0,23.0,12.0,0.6657175398633257
28.0,2.0,9.0,0.6,0.1,0.6,2.0,1757.0,21.0,12.0,0.6676152532726238
28.0,2.0,10.0,0.6,0.1,0.6,2.0,1700.0,19.0,11.0,0.6717647058823529
28.0,2.0,11.0,0.6,0.1,0.6,2.0,1665.0,17.0,11.0,0.6726726726726727
28.0,2.0,12.0,0.6,0.1,0.6,2.0,1629.0,14.0,8.0,0.6740331491712708
28.0,2.0,13.0,0.6,0.1,0.6,2.0,1593.0,13.0,8.0,0.677338355304457
28.0,2.0,14.0,0.6,0.1,0.6,2.0,1541.0,12.0,7.0,0.6748864373783258
28.0,2.0,15.0,0.6,0.1,0.6,2.0,1526.0,11.0,5.0,0.6782437745740498
28.0,2.0,16.0,0.6,0.1,0.6,2.0,1478.0,9.0,3.0,0.6765899864682002
28.0,2.0,17.0,0.6,0.1,0.6,2.0,1492.0,7.0,4.0,0.675603217158177
28.0,2.0,18.0,0.6,0.1,0.6,2.0,1461.0,11.0,4.0,0.676249144421629
28.0,2.0,19.0,0.6,0.1,0.6,2.0,1458.0,11.0,5.0,0.6762688614540466
28.0,2.0,20.0,0.6,0.1,0.6,2.0,2701.0,8.0,3.0,0.3546834505738615
28.0,2.0,21.0,0.6,0.1,0.6,2.0,2630.0,17.0,3.0,0.3596958174904943
28.0,2.0,22.0,0.6,0.1,0.6,2.0,2529.0,20.0,5.0,0.3641755634638197
28.0,2.0,23.0,0.6,0.1,0.6,2.0,2394.0,25.0,10.0,0.37009189640768586
28.0,2.0,24.0,0.6,0.1,0.6,2.0,2281.0,38.0,13.0,0.36869793950021923
28.0,2.0,25.0,0.6,0.1,0.6,2.0,2227.0,40.0,12.0,0.3749438706780422
28.0,2.0,26.0,0.6,0.1,0.6,2.0,2172.0,38.0,14.0,0.3747697974217311
28.0,2.0,27.0,0.6,0.1,0.6,2.0,2117.0,32.0,13.0,0.3764761454888994
28.0,2.0,28.0,0.6,0.1,0.6,2.0,2024.0,43.0,22.0,0.3769762845849802
28.0,2.0,29.0,0.6,0.1,0.6,2.0,1990.0,46.0,19.0,0.38140703517587937
28.0,2.0,30.0,0.6,0.1,0.6,2.0,1951.0,48.0,23.0,0.38083034341363403
28.0,2.0,31.0,0.6,0.1,0.6,2.0,1928.0,49.0,24.0,0.3848547717842324
28.0,2.0,32.0,0.6,0.1,0.6,2.0,1799.0,50.0,22.0,0.3841022790439133
28.0,2.0,33.0,0.6,0.1,0.6,2.0,1755.0,44.0,20.0,0.38632478632478634
28.0,2.0,34.0,0.6,0.1,0.6,2.0,1721.0,37.0,17.0,0.38582219639744336
28.0,2.0,35.0,0.6,0.1,0.6,2.0,1693.0,36.0,21.0,0.38629651506202006
28.0,2.0,36.0,0.6,0.1,0.6,2.0,1594.0,26.0,12.0,0.3808030112923463
28.0,2.0,37.0,0.6,0.1,0.6,2.0,1544.0,23.0,10.0,0.38277202072538863
28.0,2.0,38.0,0.6,0.1,0.6,2.0,1520.0,20.0,13.0,0.38421052631578945
28.0,2.0,39.0,0.6,0.1,0.6,2.0,1502.0,23.0,15.0,0.38615179760319573
28.0,2.0,40.0,0.6,0.1,0.6,2.0,1458.0,27.0,15.0,0.39094650205761317
28.0,2.0,41.0,0.6,0.1,0.6,2.0,1398.0,23.0,10.0,0.39413447782546496
28.0,2.0,42.0,0.6,0.1,0.6,2.0,1361.0,20.0,9.0,0.39750183688464363
28.0,2.0,43.0,0.6,0.1,0.6,2.0,1339.0,18.0,7.0,0.39731142643764
28.0,2.0,44.0,0.6,0.1,0.6,2.0,1333.0,16.0,8.0,0.3983495873968492
28.0,2.0,45.0,0.6,0.1,0.6,2.0,1312.0,16.0,9.0,0.6211890243902439
28.0,2.0,46.0,0.6,0.1,0.6,2.0,1285.0,15.0,9.0,0.6217898832684825
28.0,2.0,47.0,0.6,0.1,0.6,2.0,1259.0,12.0,8.0,0.6227164416203336
28.0,2.0,48.0,0.6,0.1,0.6,2.0,1236.0,9.0,4.0,0.622168284789644
28.0,2.0,49.0,0.6,0.1,0.6,2.0,1221.0,7.0,4.0,0.6257166257166257
28.0,2.0,50.0,0.6,0.1,0.6,2.0,1205.0,7.0,3.0,0.6215767634854772
28.0,2.0,51.0,0.6,0.1,0.6,2.0,1181.0,9.0,3.0,0.628281117696867
28.0,2.0,52.0,0.6,0.1,0.6,2.0,1177.0,10.0,2.0,0.627017841971113
28.0,3.0,1.0,0.6,0.1,0.6,2.0,1146.0,9.0,3.0,0.62478184991274
28.0,3.0,2.0,0.6,0.1,0.6,2.0,1129.0,8.0,2.0,0.6226749335695305
28.0,3.0,3.0,0.6,0.1,0.6,2.0,1100.0,5.0,4.0,0.6172727272727273
28.0,3.0,4.0,0.6,0.1,0.6,2.0,1091.0,4.0,4.0,0.615032080659945
28.0,3.0,5.0,0.6,0.1,0.6,2.0,1076.0,4.0,4.0,0.6143122676579925
28.0,3.0,6.0,0.6,0.1,0.6,2.0,1069.0,1.0,1.0,0.6145930776426567
28.0,3.0,7.0,0.6,0.1,0.6,2.0,1060.0,0.0,0.0,0.6103773584905661
28.0,3.0,8.0,0.6,0.1,0.6,2.0,1057.0,0.0,0.0,0.6130558183538316
28.0,3.0,9.0,0.6,0.1,0.6,2.0,1051.0,0.0,0.0,0.6127497621313035
28.0,3.0,10.0,0.6,0.1,0.6,2.0,1028.0,0.0,0.0,0.6108949416342413
28.0,3.0,11.0,0.6,0.1,0.6,2.0,1025.0,0.0,0.0,0.608780487804878
28.0,3.0,12.0,0.6,0.1,0.6,2.0,1018.0,0.0,0.0,0.6110019646365422
28.0,3.0,13.0,0.6,0.1,0.6,2.0,1004.0,0.0,0.0,0.6115537848605578
28.0,3.0,14.0,0.6,0.1,0.6,2.0,999.0,0.0,0.0,0.6106106106106106
28.0,3.0,15.0,0.6,0.1,0.6,2.0,993.0,0.0,0.0,0.6112789526686808
28.0,3.0,16.0,0.6,0.1,0.6,2.0,972.0,0.0,0.0,0.6049382716049383
28.0,3.0,17.0,0.6,0.1,0.6,2.0,966.0,0.0,0.0,0.6055900621118012
28.0,3.0,18.0,0.6,0.1,0.6,2.0,962.0,0.0,0.0,0.606029106029106
28.0,3.0,19.0,0.6,0.1,0.6,2.0,957.0,0.0,0.0,0.6071055381400209
28.0,3.0,20.0,0.6,0.1,0.6,2.0,1806.0,0.0,0.0,0.3183831672203765
28.0,3.0,21.0,0.6,0.1,0.6,2.0,1782.0,0.0,0.0,0.31930415263748596
28.0,3.0,22.0,0.6,0.1,0.6,2.0,1711.0,0.0,0.0,0.32086499123319695
28.0,3.0,23.0,0.6,0.1,0.6,2.0,1659.0,0.0,0.0,0.321880650994575
28.0,3.0,24.0,0.6,0.1,0.6,2.0,1621.0,0.0,0.0,0.3232572486119679
28.0,3.0,25.0,0.6,0.1,0.6,2.0,1547.0,0.0,0.0,0.32449903038138334
28.0,3.0,26.0,0.6,0.1,0.6,2.0,1514.0,0.0,0.0,0.3236459709379128
28.0,3.0,27.0,0.6,0.1,0.6,2.0,1456.0,0.0,0.0,0.32211538461538464
28.0,3.0,28.0,0.6,0.1,0.6,2.0,1435.0,0.0,0.0,0.3226480836236934
28.0,3.0,29.0,0.6,0.1,0.6,2.0,1394.0,0.0,0.0,0.32711621233859395
28.0,3.0,30.0,0.6,0.1,0.6,2.0,1368.0,0.0,0.0,0.3267543859649123
28.0,3.0,31.0,0.6,0.1,0.6,2.0,1371.0,0.0,0.0,0.325309992706054
28.0,3.0,32.0,0.6,0.1,0.6,2.0,1315.0,0.0,0.0,0.32015209125475286
28.0,3.0,33.0,0.6,0.1,0.6,2.0,1289.0,0.0,0.0,0.32505818463925523
28.0,3.0,34.0,0.6,0.1,0.6,2.0,1222.0,0.0,0.0,0.3265139116202946
28.0,3.0,35.0,0.6,0.1,0.6,2.0,1194.0,0.0,0.0,0.3257956448911223
28.0,3.0,36.0,0.6,0.1,0.6,2.0,1148.0,0.0,0.0,0.32578397212543553
28.0,3.0,37.0,0.6,0.1,0.6,2.0,1163.0,0.0,0.0,0.32674118658641443
28.0,3.0,38.0,0.6,0.1,0.6,2.0,1120.0,0.0,0.0,0.32410714285714287
28.0,3.0,39.0,0.6,0.1,0.6,2.0,1114.0,0.0,0.0,0.3276481149012567
28.0,3.0,40.0,0.6,0.1,0.6,2.0,1070.0,0.0,0.0,0.32242990654205606
28.0,3.0,41.0,0.6,0.1,0.6,2.0,1075.0,0.0,0.0,0.32465116279069767
28.0,3.0,42.0,0.6,0.1,0.6,2.0,1057.0,0.0,0.0,0.32450331125827814
28.0,3.0,43.0,0.6,0.1,0.6,2.0,1042.0,0.0,0.0,0.32629558541266795
28.0,3.0,44.0,0.6,0.1,0.6,2.0,1012.0,0.0,0.0,0.3241106719367589
28.0,3.0,45.0,0.6,0.1,0.6,2.0,1019.0,0.0,0.0,0.5986261040235525
28.0,3.0,46.0,0.6,0.1,0.6,2.0,981.0,0.0,0.0,0.5922528032619776
28.0,3.0,47.0,0.6,0.1,0.6,2.0,966.0,0.0,0.0,0.5962732919254659
28.0,3.0,48.0,0.6,0.1,0.6,2.0,943.0,0.0,0.0,0.5927889713679746
28.0,3.0,49.0,0.6,0.1,0.6,2.0,943.0,0.0,0.0,0.5938494167550371
28.0,3.0,50.0,0.6,0.1,0.6,2.0,909.0,0.0,0.0,0.5896589658965896
28.0,3.0,51.0,0.6,0.1,0.6,2.0,912.0,0.0,0.0,0.5910087719298246
28.0,3.0,52.0,0.6,0.1,0.6,2.0,881.0,0.0,0.0,0.5902383654937571
28.0,4.0,1.0,0.6,0.1,0.6,2.0,882.0,0.0,0.0,0.5963718820861678
28.0,4.0,2.0,0.6,0.1,0.6,2.0,872.0,0.0,0.0,0.5940366972477065
28.0,4.0,3.0,0.6,0.1,0.6,2.0,872.0,0.0,0.0,0.5974770642201835
28.0,4.0,4.0,0.6,0.1,0.6,2.0,859.0,0.0,0.0,0.5913853317811408
28.0,4.0,5.0,0.6,0.1,0.6,2.0,864.0,0.0,0.0,0.5949074074074074
28.0,4.0,6.0,0.6,0.1,0.6,2.0,850.0,0.0,0.0,0.5905882352941176
28.0,4.0,7.0,0.6,0.1,0.6,2.0,836.0,0.0,0.0,0.59688995215311
28.0,4.0,8.0,0.6,0.1,0.6,2.0,825.0,0.0,0.0,0.5915151515151515
28.0,4.0,9.0,0.6,0.1,0.6,2.0,823.0,0.0,0.0,0.5978128797083839
28.0,4.0,10.0,0.6,0.1,0.6,2.0,796.0,0.0,0.0,0.5904522613065326
28.0,4.0,11.0,0.6,0.1,0.6,2.0,798.0,0.0,0.0,0.5977443609022557
28.0,4.0,12.0,0.6,0.1,0.6,2.0,785.0,0.0,0.0,0.5923566878980892
28.0,4.0,13.0,0.6,0.1,0.6,2.0,780.0,0.0,0.0,0.5974358974358974
28.0,4.0,14.0,0.6,0.1,0.6,2.0,770.0,0.0,0.0,0.5961038961038961
28.0,4.0,15.0,0.6,0.1,0.6,2.0,772.0,0.0,0.0,0.6049222797927462
28.0,4.0,16.0,0.6,0.1,0.6,2.0,759.0,0.0,0.0,0.5994729907773386
28.0,4.0,17.0,0.6,0.1,0.6,2.0,758.0,0.0,0.0,0.6055408970976254
28.0,4.0,18.0,0.6,0.1,0.6,2.0,743.0,0.0,0.0,0.5989232839838493
28.0,4.0,19.0,0.6,0.1,0.6,2.0,732.0,0.0,0.0,0.5969945355191257
28.0,4.0,20.0,0.6,0.1,0.6,2.0,1289.0,0.0,0.0,0.33281613653995346
28.0,4.0,21.0,0.6,0.1,0.6,2.0,1242.0,0.0,0.0,0.3389694041867955
28.0,4.0,22.0,0.6,0.1,0.6,2.0,1194.0,0.0,0.0,0.33668341708542715
28.0,4.0,23.0,0.6,0.1,0.6,2.0,1188.0,0.0,0.0,0.34175084175084175
28.0,4.0,24.0,0.6,0.1,0.6,2.0,1139.0,0.0,0.0,0.34064969271290607
28.0,4.0,25.0,0.6,0.1,0.6,2.0,1112.0,0.0,0.0,0.3444244604316547
28.0,4.0,26.0,0.6,0.1,0.6,2.0,1099.0,0.0,0.0,0.34121929026387626
28.0,4.0,27.0,0.6,0.1,0.6,2.0,1059.0,0.0,0.0,0.34277620396600567
28.0,4.0,28.0,0.6,0.1,0.6,2.0,1046.0,0.0,0.0,0.33938814531548755
28.0,4.0,29.0,0.6,0.1,0.6,2.0,1009.0,0.0,0.0,0.3458870168483647
28.0,4.0,30.0,0.6,0.1,0.6,2.0,974.0,0.0,0.0,0.3408624229979466
28.0,4.0,31.0,0.6,0.1,0.6,2.0,971.0,0.0,0.0,0.34397528321318227
28.0,4.0,32.0,0.6,0.1,0.6,2.0,944.0,0.0,0.0,0.3411016949152542
28.0,4.0,33.0,0.6,0.1,0.6,2.0,941.0,0.0,0.0,0.3421891604675877
28.0,4.0,34.0,0.6,0.1,0.6,2.0,925.0,0.0,0.0,0.33837837837837836
28.0,4.0,35.0,0.6,0.1,0.6,2.0,923.0,0.0,0.0,0.3423618634886241
28.0,4.0,36.0,0.6,0.1,0.6,2.0,915.0,0.0,0.0,0.3366120218579235
28.0,4.0,37.0,0.6,0.1,0.6,2.0,910.0,0.0,0.0,0.34175824175824177
28.0,4.0,38.0,0.6,0.1,0.6,2.0,899.0,0.0,0.0,0.3370411568409344
28.0,4.0,39.0,0.6,0.1,0.6,2.0,883.0,0.0,0.0,0.33975084937712347
28.0,4.0,40.0,0.6,0.1,0.6,2.0,868.0,0.0,0.0,0.33755760368663595
28.0,4.0,41.0,0.6,0.1,0.6,2.0,848.0,0.0,0.0,0.3431603773584906
28.0,4.0,42.0,0.6,0.1,0.6,2.0,842.0,0.0,0.0,0.33847980997624705
28.0,4.0,43.0,0.6,0.1,0.6,2.0,841.0,0.0,0.0,0.3412604042806183
28.0,4.0,44.0,0.6,0.1,0.6,2.0,818.0,0.0,0.0,0.33863080684596575
28.0,4.0,45.0,0.6,0.1,0.6,2.0,820.0,0.0,0.0,0.5975609756097561
28.0,4.0,46.0,0.6,0.1,0.6,2.0,805.0,0.0,0.0,0.5937888198757764
28.0,4.0,47.0,0.6,0.1,0.6,2.0,762.0,0.0,0.0,0.6036745406824147
28.0,4.0,48.0,0.6,0.1,0.6,2.0,768.0,0.0,0.0,0.6015625
28.0,4.0,49.0,0.6,0.1,0.6,2.0,742.0,0.0,0.0,0.5997304582210242
28.0,4.0,50.0,0.6,0.1,0.6,2.0,741.0,0.0,0.0,0.6005398110661269
28.0,4.0,51.0,0.6,0.1,0.6,2.0,739.0,0.0,0.0,0.6021650879566982
28.0,4.0,52.0,0.6,0.1,0.6,2.0,728.0,0.0,0.0,0.6002747252747253
28.0,5.0,1.0,0.6,0.1,0.6,2.0,720.0,0.0,0.0,0.6055555555555555
28.0,5.0,2.0,0.6,0.1,0.6,2.0,696.0,0.0,0.0,0.6063218390804598
28.0,5.0,3.0,0.6,0.1,0.6,2.0,684.0,0.0,0.0,0.6096491228070176
28.0,5.0,4.0,0.6,0.1,0.6,2.0,676.0,0.0,0.0,0.6094674556213018
28.0,5.0,5.0,0.6,0.1,0.6,2.0,674.0,0.0,0.0,0.6068249258160238
28.0,5.0,6.0,0.6,0.1,0.6,2.0,669.0,0.0,0.0,0.6053811659192825
28.0,5.0,7.0,0.6,0.1,0.6,2.0,671.0,0.0,0.0,0.6050670640834576
28.0,5.0,8.0,0.6,0.1,0.6,2.0,660.0,0.0,0.0,0.6060606060606061
28.0,5.0,9.0,0.6,0.1,0.6,2.0,658.0,0.0,0.0,0.6094224924012158
28.0,5.0,10.0,0.6,0.1,0.6,2.0,650.0,0.0,0.0,0.6046153846153847
28.0,5.0,11.0,0.6,0.1,0.6,2.0,645.0,0.0,0.0,0.6093023255813953
28.0,5.0,12.0,0.6,0.1,0.6,2.0,634.0,0.0,0.0,0.6072555205047319
28.0,5.0,13.0,0.6,0.1,0.6,2.0,634.0,0.0,0.0,0.61198738170347
28.0,5.0,14.0,0.6,0.1,0.6,2.0,630.0,0.0,0.0,0.6111111111111112
28.0,5.0,15.0,0.6,0.1,0.6,2.0,614.0,0.0,0.0,0.6140065146579805
28.0,5.0,16.0,0.6,0.1,0.6,2.0,616.0,0.0,0.0,0.6103896103896104
28.0,5.0,17.0,0.6,0.1,0.6,2.0,610.0,0.0,0.0,0.6163934426229508
28.0,5.0,18.0,0.6,0.1,0.6,2.0,607.0,0.0,0.0,0.6112026359143328
28.0,5.0,19.0,0.6,0.1,0.6,2.0,612.0,0.0,0.0,0.6143790849673203
28.0,5.0,20.0,0.6,0.1,0.6,2.0,1133.0,0.0,0.0,0.3283318623124448
28.0,5.0,21.0,0.6,0.1,0.6,2.0,1086.0,0.0,0.0,0.3397790055248619
28.0,5.0,22.0,0.6,0.1,0.6,2.0,1056.0,0.0,0.0,0.3371212121212121
28.0,5.0,23.0,0.6,0.1,0.6,2.0,1025.0,0.0,0.0,0.34146341463414637
28.0,5.0,24.0,0.6,0.1,0.6,2.0,1008.0,0.0,0.0,0.34325396825396826
28.0,5.0,25.0,0.6,0.1,0.6,2.0,982.0,0.0,0.0,0.34623217922606925
28.0,5.0,26.0,0.6,0.1,0.6,2.0,966.0,0.0,0.0,0.34886128364389235
28.0,5.0,27.0,0.6,0.1,0.6,2.0,949.0,0.0,0.0,0.3530031612223393
28.0,5.0,28.0,0.6,0.1,0.6,2.0,904.0,0.0,0.0,0.3561946902654867
28.0,5.0,29.0,0.6,0.1,0.6,2.0,893.0,0.0,0.0,0.3628219484882419
28.0,5.0,30.0,0.6,0.1,0.6,2.0,876.0,0.0,0.0,0.3573059360730594
28.0,5.0,31.0,0.6,0.1,0.6,2.0,863.0,0.0,0.0,0.3638470451911935
28.0,5.0,32.0,0.6,0.1,0.6,2.0,845.0,0.0,0.0,0.35976331360946745
28.0,5.0,33.0,0.6,0.1,0.6,2.0,845.0,0.0,0.0,0.3621301775147929
28.0,5.0,34.0,0.6,0.1,0.6,2.0,828.0,0.0,0.0,0.36231884057971014
28.0,5.0,35.0,0.6,0.1,0.6,2.0,816.0,0.0,0.0,0.36764705882352944
28.0,5.0,36.0,0.6,0.1,0.6,2.0,812.0,0.0,0.0,0.3657635467980296
28.0,5.0,37.0,0.6,0.1,0.6,2.0,797.0,0.0,0.0,0.36386449184441655
28.0,5.0,38.0,0.6,0.1,0.6,2.0,793.0,0.0,0.0,0.3644388398486759
28.0,5.0,39.0,0.6,0.1,0.6,2.0,781.0,0.0,0.0,0.36619718309859156
28.0,5.0,40.0,0.6,0.1,0.6,2.0,763.0,0.0,0.0,0.36435124508519
28.0,5.0,41.0,0.6,0.1,0.6,2.0,764.0,0.0,0.0,0.36649214659685864
28.0,5.0,42.0,0.6,0.1,0.6,2.0,759.0,0.0,0.0,0.36495388669301715
28.0,5.0,43.0,0.6,0.1,0.6,2.0,750.0,0.0,0.0,0.36666666666666664
28.0,5.0,44.0,0.6,0.1,0.6,2.0,737.0,0.0,0.0,0.36906377204884666
28.0,5.0,45.0,0.6,0.1,0.6,2.0,734.0,0.0,0.0,0.6348773841961853
28.0,5.0,46.0,0.6,0.1,0.6,2.0,732.0,0.0,0.0,0.6325136612021858
28.0,5.0,47.0,0.6,0.1,0.6,2.0,728.0,0.0,0.0,0.6332417582417582
28.0,5.0,48.0,0.6,0.1,0.6,2.0,722.0,0.0,0.0,0.6301939058171745
28.0,5.0,49.0,0.6,0.1,0.6,2.0,705.0,0.0,0.0,0.6312056737588653
28.0,5.0,50.0,0.6,0.1,0.6,2.0,703.0,0.0,0.0,0.6301564722617354
28.0,5.0,51.0,0.6,0.1,0.6,2.0,700.0,0.0,0.0,0.6314285714285715
28.0,5.0,52.0,0.6,0.1,0.6,2.0,697.0,0.0,0.0,0.6312769010043041
28.0,6.0,1.0,0.6,0.1,0.6,2.0,689.0,0.0,0.0,0.6313497822931785
28.0,6.0,2.0,0.6,0.1,0.6,2.0,688.0,0.0,0.0,0.6337209302325582
28.0,6.0,3.0,0.6,0.1,0.6,2.0,682.0,0.0,0.0,0.6334310850439883
28.0,6.0,4.0,0.6,0.1,0.6,2.0,681.0,0.0,0.0,0.6343612334801763
28.0,6.0,5.0,0.6,0.1,0.6,2.0,665.0,0.0,0.0,0.637593984962406
28.0,6.0,6.0,0.6,0.1,0.6,2.0,666.0,0.0,0.0,0.6381381381381381
28.0,6.0,7.0,0.6,0.1,0.6,2.0,664.0,0.0,0.0,0.6370481927710844
28.0,6.0,8.0,0.6,0.1,0.6,2.0,659.0,0.0,0.0,0.637329286798179
28.0,6.0,9.0,0.6,0.1,0.6,2.0,639.0,0.0,0.0,0.647887323943662
28.0,6.0,10.0,0.6,0.1,0.6,2.0,633.0,0.0,0.0,0.65086887835703
28.0,6.0,11.0,0.6,0.1,0.6,2.0,625.0,0.0,0.0,0.6544
28.0,6.0,12.0,0.6,0.1,0.6,2.0,629.0,0.0,0.0,0.6486486486486487
28.0,6.0,13.0,0.6,0.1,0.6,2.0,622.0,0.0,0.0,0.6527331189710611
28.0,6.0,14.0,0.6,0.1,0.6,2.0,623.0,0.0,0.0,0.6500802568218299
28.0,6.0,15.0,0.6,0.1,0.6,2.0,619.0,0.0,0.0,0.654281098546042
28.0,6.0,16.0,0.6,0.1,0.6,2.0,620.0,0.0,0.0,0.6564516129032258
28.0,6.0,17.0,0.6,0.1,0.6,2.0,613.0,0.0,0.0,0.6557911908646004
28.0,6.0,18.0,0.6,0.1,0.6,2.0,615.0,0.0,0.0,0.6552845528455284
28.0,6.0,19.0,0.6,0.1,0.6,2.0,600.0,0.0,0.0,0.6533333333333333
28.0,6.0,20.0,0.6,0.1,0.6,2.0,1087.0,0.0,0.0,0.36338546458141674
28.0,6.0,21.0,0.6,0.1,0.6,2.0,1066.0,0.0,0.0,0.3649155722326454
28.0,6.0,22.0,0.6,0.1,0.6,2.0,1074.0,0.0,0.0,0.3649906890130354
28.0,6.0,23.0,0.6,0.1,0.6,2.0,1001.0,0.0,0.0,0.3696303696303696
28.0,6.0,24.0,0.6,0.1,0.6,2.0,1012.0,0.0,0.0,0.3695652173913043
28.0,6.0,25.0,0.6,0.1,0.6,2.0,933.0,0.0,0.0,0.3783494105037513
28.0,6.0,26.0,0.6,0.1,0.6,2.0,941.0,0.0,0.0,0.37725823591923485
28.0,6.0,27.0,0.6,0.1,0.6,2.0,901.0,0.0,0.0,0.3873473917869034
28.0,6.0,28.0,0.6,0.1,0.6,2.0,910.0,0.0,0.0,0.38351648351648354
28.0,6.0,29.0,0.6,0.1,0.6,2.0,896.0,0.0,0.0,0.3872767857142857
28.0,6.0,30.0,0.6,0.1,0.6,2.0,894.0,0.0,0.0,0.38478747203579416
28.0,6.0,31.0,0.6,0.1,0.6,2.0,877.0,0.0,0.0,0.3888255416191562
28.0,6.0,32.0,0.6,0.1,0.6,2.0,863.0,0.0,0.0,0.388180764774044
28.0,6.0,33.0,0.6,0.1,0.6,2.0,842.0,0.0,0.0,0.39311163895486934
28.0,6.0,34.0,0.6,0.1,0.6,2.0,828.0,0.0,0.0,0.392512077294686
28.0,6.0,35.0,0.6,0.1,0.6,2.0,795.0,0.0,0.0,0.3987421383647799
28.0,6.0,36.0,0.6,0.1,0.6,2.0,800.0,0.0,0.0,0.395
28.0,6.0,37.0,0.6,0.1,0.6,2.0,790.0,0.0,0.0,0.3987341772151899
28.0,6.0,38.0,0.6,0.1,0.6,2.0,788.0,0.0,0.0,0.3934010152284264
28.0,6.0,39.0,0.6,0.1,0.6,2.0,787.0,0.0,0.0,0.3951715374841169
28.0,6.0,40.0,0.6,0.1,0.6,2.0,775.0,0.0,0.0,0.3935483870967742
28.0,6.0,41.0,0.6,0.1,0.6,2.0,770.0,0.0,0.0,0.3948051948051948
28.0,6.0,42.0,0.6,0.1,0.6,2.0,750.0,0.0,0.0,0.39066666666666666
28.0,6.0,43.0,0.6,0.1,0.6,2.0,739.0,0.0,0.0,0.395128552097429
28.0,6.0,44.0,0.6,0.1,0.6,2.0,706.0,0.0,0.0,0.40226628895184136
28.0,6.0,45.0,0.6,0.1,0.6,2.0,708.0,0.0,0.0,0.6370056497175142
28.0,6.0,46.0,0.6,0.1,0.6,2.0,689.0,0.0,0.0,0.6429608127721336
28.0,6.0,47.0,0.6,0.1,0.6,2.0,689.0,0.0,0.0,0.6415094339622641
28.0,6.0,48.0,0.6,0.1,0.6,2.0,667.0,0.0,0.0,0.6431784107946027
28.0,6.0,49.0,0.6,0.1,0.6,2.0,667.0,0.0,0.0,0.6431784107946027
28.0,6.0,50.0,0.6,0.1,0.6,2.0,666.0,0.0,0.0,0.6426426426426426
28.0,6.0,51.0,0.6,0.1,0.6,2.0,666.0,0.0,0.0,0.6411411411411412
28.0,6.0,52.0,0.6,0.1,0.6,2.0,662.0,0.0,0.0,0.6419939577039275
28.0,7.0,1.0,0.6,0.1,0.6,2.0,662.0,0.0,0.0,0.6435045317220544
28.0,7.0,2.0,0.6,0.1,0.6,2.0,656.0,0.0,0.0,0.6432926829268293
28.0,7.0,3.0,0.6,0.1,0.6,2.0,650.0,0.0,0.0,0.6446153846153846
28.0,7.0,4.0,0.6,0.1,0.6,2.0,643.0,0.0,0.0,0.645412130637636
28.0,7.0,5.0,0.6,0.1,0.6,2.0,640.0,0.0,0.0,0.646875
28.0,7.0,6.0,0.6,0.1,0.6,2.0,623.0,0.0,0.0,0.6404494382022472
28.0,7.0,7.0,0.6,0.1,0.6,2.0,622.0,0.0,0.0,0.6414790996784566
28.0,7.0,8.0,0.6,0.1,0.6,2.0,614.0,0.0,0.0,0.6416938110749185
28.0,7.0,9.0,0.6,0.1,0.6,2.0,614.0,0.0,0.0,0.6384364820846905
28.0,7.0,10.0,0.6,0.1,0.6,2.0,604.0,0.0,0.0,0.6440397350993378
28.0,7.0,11.0,0.6,0.1,0.6,2.0,603.0,0.0,0.0,0.6451077943615257
28.0,7.0,12.0,0.6,0.1,0.6,2.0,600.0,0.0,0.0,0.645
28.0,7.0,13.0,0.6,0.1,0.6,2.0,602.0,0.0,0.0,0.6428571428571429
28.0,7.0,14.0,0.6,0.1,0.6,2.0,596.0,0.0,0.0,0.6426174496644296
28.0,7.0,15.0,0.6,0.1,0.6,2.0,601.0,0.0,0.0,0.6422628951747088
28.0,7.0,16.0,0.6,0.1,0.6,2.0,584.0,0.0,0.0,0.6404109589041096
28.0,7.0,17.0,0.6,0.1,0.6,2.0,584.0,0.0,0.0,0.6404109589041096
28.0,7.0,18.0,0.6,0.1,0.6,2.0,581.0,0.0,0.0,0.6419965576592083
28.0,7.0,19.0,0.6,0.1,0.6,2.0,583.0,0.0,0.0,0.6397941680960549
28.0,7.0,20.0,0.6,0.1,0.6,2.0,1055.0,0.0,0.0,0.35260663507109
28.0,7.0,21.0,0.6,0.1,0.6,2.0,1014.0,0.0,0.0,0.358974358974359
28.0,7.0,22.0,0.6,0.1,0.6,2.0,984.0,0.0,0.0,0.36077235772357724
28.0,7.0,23.0,0.6,0.1,0.6,2.0,979.0,0.0,0.0,0.3626149131767109
28.0,7.0,24.0,0.6,0.1,0.6,2.0,928.0,0.0,0.0,0.36853448275862066
28.0,7.0,25.0,0.6,0.1,0.6,2.0,939.0,0.0,0.0,0.36847710330138445
28.0,7.0,26.0,0.6,0.1,0.6,2.0,928.0,0.0,0.0,0.36853448275862066
28.0,7.0,27.0,0.6,0.1,0.6,2.0,925.0,0.0,0.0,0.36864864864864866
28.0,7.0,28.0,0.6,0.1,0.6,2.0,911.0,0.0,0.0,0.3677277716794731
28.0,7.0,29.0,0.6,0.1,0.6,2.0,901.0,0.0,0.0,0.3706992230854606
28.0,7.0,30.0,0.6,0.1,0.6,2.0,889.0,0.0,0.0,0.3712035995500562
28.0,7.0,31.0,0.6,0.1,0.6,2.0,889.0,0.0,0.0,0.37232845894263217
28.0,7.0,32.0,0.6,0.1,0.6,2.0,878.0,0.0,0.0,0.3712984054669704
28.0,7.0,33.0,0.6,0.1,0.6,2.0,891.0,0.0,0.0,0.37149270482603813
28.0,7.0,34.0,0.6,0.1,0.6,2.0,880.0,0.0,0.0,0.3715909090909091
28.0,7.0,35.0,0.6,0.1,0.6,2.0,880.0,0.0,0.0,0.37386363636363634
28.0,7.0,36.0,0.6,0.1,0.6,2.0,868.0,0.0,0.0,0.37442396313364057
28.0,7.0,37.0,0.6,0.1,0.6,2.0,867.0,0.0,0.0,0.3760092272202999
28.0,7.0,38.0,0.6,0.1,0.6,2.0,856.0,0.0,0.0,0.37616822429906543
28.0,7.0,39.0,0.6,0.1,0.6,2.0,864.0,0.0,0.0,0.375
28.0,7.0,40.0,0.6,0.1,0.6,2.0,850.0,0.0,0.0,0.37529411764705883
28.0,7.0,41.0,0.6,0.1,0.6,2.0,835.0,0.0,0.0,0.37604790419161677
28.0,7.0,42.0,0.6,0.1,0.6,2.0,831.0,0.0,0.0,0.37545126353790614
28.0,7.0,43.0,0.6,0.1,0.6,2.0,831.0,0.0,0.0,0.3730445246690734
28.0,7.0,44.0,0.6,0.1,0.6,2.0,827.0,0.0,0.0,0.373639661426844
28.0,7.0,45.0,0.6,0.1,0.6,2.0,825.0,0.0,0.0,0.6121212121212121
28.0,7.0,46.0,0.6,0.1,0.6,2.0,804.0,0.0,0.0,0.6144278606965174
28.0,7.0,47.0,0.6,0.1,0.6,2.0,806.0,0.0,0.0,0.6116625310173698
28.0,7.0,48.0,0.6,0.1,0.6,2.0,802.0,0.0,0.0,0.6134663341645885
28.0,7.0,49.0,0.6,0.1,0.6,2.0,787.0,0.0,0.0,0.6124523506988564
28.0,7.0,50.0,0.6,0.1,0.6,2.0,780.0,0.0,0.0,0.6141025641025641
28.0,7.0,51.0,0.6,0.1,0.6,2.0,780.0,0.0,0.0,0.6115384615384616
28.0,7.0,52.0,0.6,0.1,0.6,2.0,756.0,0.0,0.0,0.6137566137566137
28.0,8.0,1.0,0.6,0.1,0.6,2.0,759.0,0.0,0.0,0.61133069828722
28.0,8.0,2.0,0.6,0.1,0.6,2.0,752.0,0.0,0.0,0.6143617021276596
28.0,8.0,3.0,0.6,0.1,0.6,2.0,740.0,0.0,0.0,0.6121621621621621
28.0,8.0,4.0,0.6,0.1,0.6,2.0,732.0,0.0,0.0,0.6147540983606558
28.0,8.0,5.0,0.6,0.1,0.6,2.0,732.0,0.0,0.0,0.6133879781420765
28.0,8.0,6.0,0.6,0.1,0.6,2.0,729.0,0.0,0.0,0.6159122085048011
28.0,8.0,7.0,0.6,0.1,0.6,2.0,727.0,0.0,0.0,0.6134800550206327
28.0,8.0,8.0,0.6,0.1,0.6,2.0,719.0,0.0,0.0,0.6175243393602226
28.0,8.0,9.0,0.6,0.1,0.6,2.0,718.0,0.0,0.0,0.6183844011142061
28.0,8.0,10.0,0.6,0.1,0.6,2.0,715.0,0.0,0.0,0.620979020979021
28.0,8.0,11.0,0.6,0.1,0.6,2.0,717.0,0.0,0.0,0.6192468619246861
28.0,8.0,12.0,0.6,0.1,0.6,2.0,713.0,0.0,0.0,0.6213183730715287
28.0,8.0,13.0,0.6,0.1,0.6,2.0,713.0,0.0,0.0,0.6213183730715287
28.0,8.0,14.0,0.6,0.1,0.6,2.0,704.0,0.0,0.0,0.625
28.0,8.0,15.0,0.6,0.1,0.6,2.0,702.0,0.0,0.0,0.6239316239316239
28.0,8.0,16.0,0.6,0.1,0.6,2.0,699.0,0.0,0.0,0.6280400572246065
28.0,8.0,17.0,0.6,0.1,0.6,2.0,700.0,0.0,0.0,0.6285714285714286
28.0,8.0,18.0,0.6,0.1,0.6,2.0,693.0,0.0,0.0,0.6291486291486291
28.0,8.0,19.0,0.6,0.1,0.6,2.0,695.0,0.0,0.0,0.6273381294964029
28.0,8.0,20.0,0.6,0.1,0.6,2.0,1202.0,0.0,0.0,0.3610648918469218
28.0,8.0,21.0,0.6,0.1,0.6,2.0,1156.0,0.0,0.0,0.3624567474048443
28.0,8.0,22.0,0.6,0.1,0.6,2.0,1151.0,0.0,0.0,0.3640312771503041
28.0,8.0,23.0,0.6,0.1,0.6,2.0,1119.0,0.0,0.0,0.36907953529937443
28.0,8.0,24.0,0.6,0.1,0.6,2.0,1098.0,0.0,0.0,0.37340619307832423
28.0,8.0,25.0,0.6,0.1,0.6,2.0,1080.0,0.0,0.0,0.3731481481481482
28.0,8.0,26.0,0.6,0.1,0.6,2.0,1051.0,0.0,0.0,0.3786869647954329
28.0,8.0,27.0,0.6,0.1,0.6,2.0,1055.0,0.0,0.0,0.37819905213270144
28.0,8.0,28.0,0.6,0.1,0.6,2.0,1044.0,0.0,0.0,0.38122605363984674
28.0,8.0,29.0,0.6,0.1,0.6,2.0,1038.0,0.0,0.0,0.3815028901734104
28.0,8.0,30.0,0.6,0.1,0.6,2.0,1004.0,0.0,0.0,0.3854581673306773
28.0,8.0,31.0,0.6,0.1,0.6,2.0,986.0,0.0,0.0,0.38843813387423937
28.0,8.0,32.0,0.6,0.1,0.6,2.0,981.0,0.0,0.0,0.3873598369011213
28.0,8.0,33.0,0.6,0.1,0.6,2.0,961.0,0.0,0.0,0.3891779396462019
28.0,8.0,34.0,0.6,0.1,0.6,2.0,951.0,0.0,0.0,0.3911671924290221
28.0,8.0,35.0,0.6,0.1,0.6,2.0,938.0,0.0,0.0,0.39445628997867804
28.0,8.0,36.0,0.6,0.1,0.6,2.0,917.0,0.0,0.0,0.3969465648854962
28.0,8.0,37.0,0.6,0.1,0.6,2.0,905.0,0.0,0.0,0.3988950276243094
28.0,8.0,38.0,0.6,0.1,0.6,2.0,912.0,0.0,0.0,0.3969298245614035
28.0,8.0,39.0,0.6,0.1,0.6,2.0,905.0,0.0,0.0,0.3988950276243094
28.0,8.0,40.0,0.6,0.1,0.6,2.0,912.0,0.0,0.0,0.3969298245614035
28.0,8.0,41.0,0.6,0.1,0.6,2.0,892.0,0.0,0.0,0.40358744394618834
28.0,8.0,42.0,0.6,0.1,0.6,2.0,899.0,0.0,0.0,0.40155728587319245
28.0,8.0,43.0,0.6,0.1,0.6,2.0,892.0,0.0,0.0,0.40358744394618834
28.0,8.0,44.0,0.6,0.1,0.6,2.0,899.0,0.0,0.0,0.40155728587319245
28.0,8.0,45.0,0.6,0.1,0.6,2.0,892.0,0.0,0.0,0.6300448430493274
28.0,8.0,46.0,0.6,0.1,0.6,2.0,870.0,0.0,0.0,0.6344827586206897
28.0,8.0,47.0,0.6,0.1,0.6,2.0,852.0,0.0,0.0,0.6408450704225352
28.0,8.0,48.0,0.6,0.1,0.6,2.0,833.0,0.0,0.0,0.6422569027611045
28.0,8.0,49.0,0.6,0.1,0.6,2.0,799.0,0.0,0.0,0.6483103879849812
28.0,8.0,50.0,0.6,0.1,0.6,2.0,802.0,0.0,0.0,0.6471321695760599
28.0,8.0,51.0,0.6,0.1,0.6,2.0,787.0,0.0,0.0,0.6480304955527318
28.0,8.0,52.0,0.6,0.1,0.6,2.0,790.0,0.0,0.0,0.6468354430379747
28.0,9.0,1.0,0.6,0.1,0.6,2.0,782.0,0.0,0.0,0.6483375959079284
28.0,9.0,2.0,0.6,0.1,0.6,2.0,785.0,0.0,0.0,0.6484076433121019
28.0,9.0,3.0,0.6,0.1,0.6,2.0,778.0,0.0,0.0,0.6503856041131105
28.0,9.0,4.0,0.6,0.1,0.6,2.0,782.0,0.0,0.0,0.6508951406649617
28.0,9.0,5.0,0.6,0.1,0.6,2.0,766.0,0.0,0.0,0.6553524804177546
28.0,9.0,6.0,0.6,0.1,0.6,2.0,771.0,0.0,0.0,0.6549935149156939
28.0,9.0,7.0,0.6,0.1,0.6,2.0,765.0,0.0,0.0,0.6549019607843137
28.0,9.0,8.0,0.6,0.1,0.6,2.0,770.0,0.0,0.0,0.6558441558441559
28.0,9.0,9.0,0.6,0.1,0.6,2.0,755.0,0.0,0.0,0.6582781456953642
28.0,9.0,10.0,0.6,0.1,0.6,2.0,753.0,0.0,0.0,0.6600265604249668
28.0,9.0,11.0,0.6,0.1,0.6,2.0,748.0,0.0,0.0,0.660427807486631
28.0,9.0,12.0,0.6,0.1,0.6,2.0,749.0,0.0,0.0,0.6622162883845126
28.0,9.0,13.0,0.6,0.1,0.6,2.0,744.0,0.0,0.0,0.6639784946236559
28.0,9.0,14.0,0.6,0.1,0.6,2.0,746.0,0.0,0.0,0.6648793565683646
28.0,9.0,15.0,0.6,0.1,0.6,2.0,741.0,0.0,0.0,0.6653171390013495
28.0,9.0,16.0,0.6,0.1,0.6,2.0,743.0,0.0,0.0,0.6662180349932705
28.0,9.0,17.0,0.6,0.1,0.6,2.0,740.0,0.0,0.0,0.6662162162162162
28.0,9.0,18.0,0.6,0.1,0.6,2.0,743.0,0.0,0.0,0.6662180349932705
28.0,9.0,19.0,0.6,0.1,0.6,2.0,740.0,0.0,0.0,0.6662162162162162
28.0,9.0,20.0,0.6,0.1,0.6,2.0,1338.0,0.0,0.0,0.3639760837070254
28.0,9.0,21.0,0.6,0.1,0.6,2.0,1304.0,0.0,0.0,0.3665644171779141
28.0,9.0,22.0,0.6,0.1,0.6,2.0,1272.0,0.0,0.0,0.3663522012578616
28.0,9.0,23.0,0.6,0.1,0.6,2.0,1220.0,0.0,0.0,0.369672131147541
28.0,9.0,24.0,0.6,0.1,0.6,2.0,1192.0,0.0,0.0,0.3724832214765101
28.0,9.0,25.0,0.6,0.1,0.6,2.0,1141.0,0.0,0.0,0.37598597721297106
28.0,9.0,26.0,0.6,0.1,0.6,2.0,1100.0,0.0,0.0,0.38181818181818183
28.0,9.0,27.0,0.6,0.1,0.6,2.0,1093.0,0.0,0.0,0.38151875571820676
28.0,9.0,28.0,0.6,0.1,0.6,2.0,1100.0,0.0,0.0,0.38181818181818183
28.0,9.0,29.0,0.6,0.1,0.6,2.0,1074.0,0.0,0.0,0.3845437616387337
28.0,9.0,30.0,0.6,0.1,0.6,2.0,1081.0,0.0,0.0,0.38482886216466233
28.0,9.0,31.0,0.6,0.1,0.6,2.0,1074.0,0.0,0.0,0.3845437616387337
28.0,9.0,32.0,0.6,0.1,0.6,2.0,1070.0,0.0,0.0,0.38317757009345793
28.0,9.0,33.0,0.6,0.1,0.6,2.0,1041.0,0.0,0.0,0.38328530259365995
28.0,9.0,34.0,0.6,0.1,0.6,2.0,1048.0,0.0,0.0,0.383587786259542
28.0,9.0,35.0,0.6,0.1,0.6,2.0,1014.0,0.0,0.0,0.3875739644970414
28.0,9.0,36.0,0.6,0.1,0.6,2.0,1009.0,0.0,0.0,0.3865213082259663
28.0,9.0,37.0,0.6,0.1,0.6,2.0,970.0,0.0,0.0,0.3907216494845361
28.0,9.0,38.0,0.6,0.1,0.6,2.0,966.0,0.0,0.0,0.39337474120082816
28.0,9.0,39.0,0.6,0.1,0.6,2.0,959.0,0.0,0.0,0.3931178310740355
28.0,9.0,40.0,0.6,0.1,0.6,2.0,935.0,0.0,0.0,0.39786096256684494
28.0,9.0,41.0,0.6,0.1,0.6,2.0,917.0,0.0,0.0,0.3980370774263904
28.0,9.0,42.0,0.6,0.1,0.6,2.0,896.0,0.0,0.0,0.40625
28.0,9.0,43.0,0.6,0.1,0.6,2.0,866.0,0.0,0.0,0.407621247113164
28.0,9.0,44.0,0.6,0.1,0.6,2.0,859.0,0.0,0.0,0.4086146682188591
28.0,9.0,45.0,0.6,0.1,0.6,2.0,843.0,0.0,0.0,0.6239620403321471
28.0,9.0,46.0,0.6,0.1,0.6,2.0,825.0,0.0,0.0,0.6242424242424243
28.0,9.0,47.0,0.6,0.1,0.6,2.0,806.0,0.0,0.0,0.6240694789081885
28.0,9.0,48.0,0.6,0.1,0.6,2.0,811.0,0.0,0.0,0.6263871763255241
28.0,9.0,49.0,0.6,0.1,0.6,2.0,806.0,0.0,0.0,0.6240694789081885
28.0,9.0,50.0,0.6,0.1,0.6,2.0,809.0,0.0,0.0,0.6266996291718171
28.0,9.0,51.0,0.6,0.1,0.6,2.0,806.0,0.0,0.0,0.6240694789081885
28.0,9.0,52.0,0.6,0.1,0.6,2.0,805.0,0.0,0.0,0.6273291925465838
28.0,10.0,1.0,0.6,0.1,0.6,2.0,804.0,0.0,0.0,0.6256218905472637
28.0,10.0,2.0,0.6,0.1,0.6,2.0,803.0,0.0,0.0,0.6301369863013698
28.0,10.0,3.0,0.6,0.1,0.6,2.0,801.0,0.0,0.0,0.6279650436953808
28.0,10.0,4.0,0.6,0.1,0.6,2.0,791.0,0.0,0.0,0.6308470290771175
28.0,10.0,5.0,0.6,0.1,0.6,2.0,787.0,0.0,0.0,0.6289707750952986
28.0,10.0,6.0,0.6,0.1,0.6,2.0,778.0,0.0,0.0,0.6323907455012854
28.0,10.0,7.0,0.6,0.1,0.6,2.0,762.0,0.0,0.0,0.6299212598425197
28.0,10.0,8.0,0.6,0.1,0.6,2.0,761.0,0.0,0.0,0.6320630749014454
28.0,10.0,9.0,0.6,0.1,0.6,2.0,744.0,0.0,0.0,0.6344086021505376
28.0,10.0,10.0,0.6,0.1,0.6,2.0,741.0,0.0,0.0,0.6369770580296896
28.0,10.0,11.0,0.6,0.1,0.6,2.0,739.0,0.0,0.0,0.6373477672530447
28.0,10.0,12.0,0.6,0.1,0.6,2.0,736.0,0.0,0.0,0.6399456521739131
28.0,10.0,13.0,0.6,0.1,0.6,2.0,733.0,0.0,0.0,0.6384720327421555
28.0,10.0,14.0,0.6,0.1,0.6,2.0,727.0,0.0,0.0,0.640990371389271
28.0,10.0,15.0,0.6,0.1,0.6,2.0,727.0,0.0,0.0,0.640990371389271
28.0,10.0,16.0,0.6,0.1,0.6,2.0,725.0,0.0,0.0,0.6441379310344828
28.0,10.0,17.0,0.6,0.1,0.6,2.0,726.0,0.0,0.0,0.6418732782369146
28.0,10.0,18.0,0.6,0.1,0.6,2.0,724.0,0.0,0.0,0.6450276243093923
28.0,10.0,19.0,0.6,0.1,0.6,2.0,724.0,0.0,0.0,0.643646408839779
28.0,10.0,20.0,0.6,0.1,0.6,2.0,1213.0,0.0,0.0,0.3536685902720528
28.0,10.0,21.0,0.6,0.1,0.6,2.0,1161.0,0.0,0.0,0.36089577950043067
28.0,10.0,22.0,0.6,0.1,0.6,2.0,1116.0,0.0,0.0,0.36379928315412186
28.0,10.0,23.0,0.6,0.1,0.6,2.0,1102.0,0.0,0.0,0.36569872958257715
28.0,10.0,24.0,0.6,0.1,0.6,2.0,1054.0,0.0,0.0,0.372865275142315
28.0,10.0,25.0,0.6,0.1,0.6,2.0,1041.0,0.0,0.0,0.3756003842459174
28.0,10.0,26.0,0.6,0.1,0.6,2.0,1020.0,0.0,0.0,0.37941176470588234
28.0,10.0,27.0,0.6,0.1,0.6,2.0,988.0,0.0,0.0,0.3856275303643725
28.0,10.0,28.0,0.6,0.1,0.6,2.0,979.0,0.0,0.0,0.3881511746680286
28.0,10.0,29.0,0.6,0.1,0.6,2.0,965.0,0.0,0.0,0.38963730569948185
28.0,10.0,30.0,0.6,0.1,0.6,2.0,955.0,0.0,0.0,0.39057591623036647
28.0,10.0,31.0,0.6,0.1,0.6,2.0,952.0,0.0,0.0,0.3907563025210084
28.0,10.0,32.0,0.6,0.1,0.6,2.0,954.0,0.0,0.0,0.389937106918239
28.0,10.0,33.0,0.6,0.1,0.6,2.0,952.0,0.0,0.0,0.3907563025210084
28.0,10.0,34.0,0.6,0.1,0.6,2.0,930.0,0.0,0.0,0.3946236559139785
28.0,10.0,35.0,0.6,0.1,0.6,2.0,928.0,0.0,0.0,0.3954741379310345
28.0,10.0,36.0,0.6,0.1,0.6,2.0,896.0,0.0,0.0,0.40401785714285715
28.0,10.0,37.0,0.6,0.1,0.6,2.0,894.0,0.0,0.0,0.40492170022371365
28.0,10.0,38.0,0.6,0.1,0.6,2.0,885.0,0.0,0.0,0.4067796610169492
28.0,10.0,39.0,0.6,0.1,0.6,2.0,883.0,0.0,0.0,0.40770101925254815
28.0,10.0,40.0,0.6,0.1,0.6,2.0,885.0,0.0,0.0,0.4067796610169492
28.0,10.0,41.0,0.6,0.1,0.6,2.0,883.0,0.0,0.0,0.40770101925254815
28.0,10.0,42.0,0.6,0.1,0.6,2.0,860.0,0.0,0.0,0.41511627906976745
28.0,10.0,43.0,0.6,0.1,0.6,2.0,858.0,0.0,0.0,0.4160839160839161
28.0,10.0,44.0,0.6,0.1,0.6,2.0,860.0,0.0,0.0,0.41511627906976745
28.0,10.0,45.0,0.6,0.1,0.6,2.0,842.0,0.0,0.0,0.6437054631828979
28.0,10.0,46.0,0.6,0.1,0.6,2.0,844.0,0.0,0.0,0.6433649289099526
28.0,10.0,47.0,0.6,0.1,0.6,2.0,831.0,0.0,0.0,0.6425992779783394
28.0,10.0,48.0,0.6,0.1,0.6,2.0,833.0,0.0,0.0,0.6422569027611045
28.0,10.0,49.0,0.6,0.1,0.6,2.0,831.0,0.0,0.0,0.6425992779783394
28.0,10.0,50.0,0.6,0.1,0.6,2.0,833.0,0.0,0.0,0.6422569027611045
28.0,10.0,51.0,0.6,0.1,0.6,2.0,830.0,0.0,0.0,0.6433734939759036
28.0,10.0,52.0,0.6,0.1,0.6,2.0,829.0,0.0,0.0,0.6453558504221955
29.0,1.0,1.0,0.6,0.1,0.6,2.0,5147.0,53.0,7.0,0.5908296094812512
29.0,1.0,2.0,0.6,0.1,0.6,2.0,5048.0,54.0,18.0,0.589540412044374
29.0,1.0,3.0,0.6,0.1,0.6,2.0,4942.0,63.0,28.0,0.5866046135167948
29.0,1.0,4.0,0.6,0.1,0.6,2.0,4864.0,66.0,39.0,0.5894325657894737
29.0,1.0,5.0,0.6,0.1,0.6,2.0,4869.0,62.0,33.0,0.59211337030191
29.0,1.0,6.0,0.6,0.1,0.6,2.0,4726.0,63.0,29.0,0.592890393567499
29.0,1.0,7.0,0.6,0.1,0.6,2.0,4580.0,51.0,17.0,0.5951965065502184
29.0,1.0,8.0,0.6,0.1,0.6,2.0,4446.0,55.0,25.0,0.5953666216824112
29.0,1.0,9.0,0.6,0.1,0.6,2.0,4316.0,50.0,26.0,0.5980074142724745
29.0,1.0,10.0,0.6,0.1,0.6,2.0,4154.0,57.0,26.0,0.5982185844968705
29.0,1.0,11.0,0.6,0.1,0.6,2.0,3927.0,42.0,18.0,0.6037687802393685
29.0,1.0,12.0,0.6,0.1,0.6,2.0,3852.0,47.0,18.0,0.6012461059190031
29.0,1.0,13.0,0.6,0.1,0.6,2.0,3761.0,48.0,21.0,0.6027652220154214
29.0,1.0,14.0,0.6,0.1,0.6,2.0,3699.0,43.0,17.0,0.6028656393619898
29.0,1.0,15.0,0.6,0.1,0.6,2.0,3623.0,40.0,19.0,0.6011592602815347
29.0,1.0,16.0,0.6,0.1,0.6,2.0,3551.0,41.0,19.0,0.6040551957195156
29.0,1.0,17.0,0.6,0.1,0.6,2.0,3456.0,39.0,20.0,0.6035879629629629
29.0,1.0,18.0,0.6,0.1,0.6,2.0,3363.0,31.0,17.0,0.6051144811180493
29.0,1.0,19.0,0.6,0.1,0.6,2.0,3310.0,31.0,18.0,0.6063444108761329
29.0,1.0,20.0,0.6,0.1,0.6,2.0,6364.0,30.0,15.0,0.3120678818353237
29.0,1.0,21.0,0.6,0.1,0.6,2.0,6046.0,52.0,14.0,0.314257360238174
29.0,1.0,22.0,0.6,0.1,0.6,2.0,5682.0,60.0,15.0,0.31819781766983457
29.0,1.0,23.0,0.6,0.1,0.6,2.0,5372.0,57.0,22.0,0.3207371556217424
29.0,1.0,24.0,0.6,0.1,0.6,2.0,5226.0,74.0,26.0,0.31955606582472257
29.0,1.0,25.0,0.6,0.1,0.6,2.0,4881.0,84.0,34.0,0.3241139110837943
29.0,1.0,26.0,0.6,0.1,0.6,2.0,4764.0,91.0,35.0,0.3255667506297229
29.0,1.0,27.0,0.6,0.1,0.6,2.0,4564.0,97.0,44.0,0.32975460122699385
29.0,1.0,28.0,0.6,0.1,0.6,2.0,4400.0,100.0,40.0,0.33204545454545453
29.0,1.0,29.0,0.6,0.1,0.6,2.0,4218.0,107.0,44.0,0.33214793741109533
29.0,1.0,30.0,0.6,0.1,0.6,2.0,4086.0,115.0,47.0,0.33308859520313266
29.0,1.0,31.0,0.6,0.1,0.6,2.0,3967.0,140.0,62.0,0.3347617847239728
29.0,1.0,32.0,0.6,0.1,0.6,2.0,3801.0,146.0,65.0,0.3359642199421205
29.0,1.0,33.0,0.6,0.1,0.6,2.0,3673.0,144.0,66.0,0.3397767492512932
29.0,1.0,34.0,0.6,0.1,0.6,2.0,3494.0,133.0,57.0,0.34602175157412707
29.0,1.0,35.0,0.6,0.1,0.6,2.0,3338.0,145.0,64.0,0.35020970641102456
29.0,1.0,36.0,0.6,0.1,0.6,2.0,3161.0,138.0,60.0,0.3549509648845302
29.0,1.0,37.0,0.6,0.1,0.6,2.0,3055.0,137.0,72.0,0.35842880523731585
29.0,1.0,38.0,0.6,0.1,0.6,2.0,2928.0,138.0,72.0,0.3620218579234973
29.0,1.0,39.0,0.6,0.1,0.6,2.0,2879.0,142.0,71.0,0.3667940257033692
29.0,1.0,40.0,0.6,0.1,0.6,2.0,2788.0,128.0,63.0,0.3733859397417504
29.0,1.0,41.0,0.6,0.1,0.6,2.0,2694.0,116.0,62.0,0.37787676317743135
29.0,1.0,42.0,0.6,0.1,0.6,2.0,2645.0,122.0,54.0,0.38071833648393194
29.0,1.0,43.0,0.6,0.1,0.6,2.0,2543.0,119.0,53.0,0.38379866299646087
29.0,1.0,44.0,0.6,0.1,0.6,2.0,2506.0,119.0,51.0,0.3874700718276137
29.0,1.0,45.0,0.6,0.1,0.6,2.0,2437.0,126.0,58.0,0.6425933524825606
29.0,1.0,46.0,0.6,0.1,0.6,2.0,2388.0,113.0,60.0,0.6482412060301508
29.0,1.0,47.0,0.6,0.1,0.6,2.0,2281.0,96.0,63.0,0.6523454625164402
29.0,1.0,48.0,0.6,0.1,0.6,2.0,2229.0,84.0,55.0,0.6558995065051593
29.0,1.0,49.0,0.6,0.1,0.6,2.0,2158.0,69.0,48.0,0.6603336422613532
29.0,1.0,50.0,0.6,0.1,0.6,2.0,2079.0,51.0,27.0,0.6623376623376623
29.0,1.0,51.0,0.6,0.1,0.6,2.0,2059.0,46.0,25.0,0.6653715395823215
29.0,1.0,52.0,0.6,0.1,0.6,2.0,2023.0,39.0,20.0,0.6648541769649036
29.0,2.0,1.0,0.6,0.1,0.6,2.0,2011.0,38.0,21.0,0.6668324216807558
29.0,2.0,2.0,0.6,0.1,0.6,2.0,1983.0,30.0,17.0,0.6666666666666666
29.0,2.0,3.0,0.6,0.1,0.6,2.0,1970.0,28.0,15.0,0.6700507614213198
29.0,2.0,4.0,0.6,0.1,0.6,2.0,1925.0,22.0,11.0,0.6690909090909091
29.0,2.0,5.0,0.6,0.1,0.6,2.0,1915.0,19.0,9.0,0.6736292428198434
29.0,2.0,6.0,0.6,0.1,0.6,2.0,1882.0,15.0,7.0,0.6742826780021254
29.0,2.0,7.0,0.6,0.1,0.6,2.0,1860.0,15.0,9.0,0.6758064516129032
29.0,2.0,8.0,0.6,0.1,0.6,2.0,1830.0,16.0,8.0,0.674863387978142
29.0,2.0,9.0,0.6,0.1,0.6,2.0,1811.0,17.0,10.0,0.6780784097183876
29.0,2.0,10.0,0.6,0.1,0.6,2.0,1781.0,16.0,6.0,0.6788321167883211
29.0,2.0,11.0,0.6,0.1,0.6,2.0,1764.0,19.0,6.0,0.6825396825396826
29.0,2.0,12.0,0.6,0.1,0.6,2.0,1745.0,15.0,8.0,0.6848137535816619
29.0,2.0,13.0,0.6,0.1,0.6,2.0,1699.0,19.0,9.0,0.6892289582107122
29.0,2.0,14.0,0.6,0.1,0.6,2.0,1679.0,18.0,9.0,0.6920786182251341
29.0,2.0,15.0,0.6,0.1,0.6,2.0,1659.0,14.0,6.0,0.6968053044002411
29.0,2.0,16.0,0.6,0.1,0.6,2.0,1628.0,14.0,7.0,0.6947174447174447
29.0,2.0,17.0,0.6,0.1,0.6,2.0,1600.0,14.0,9.0,0.695
29.0,2.0,18.0,0.6,0.1,0.6,2.0,1595.0,13.0,8.0,0.6946708463949843
29.0,2.0,19.0,0.6,0.1,0.6,2.0,1548.0,12.0,8.0,0.6996124031007752
29.0,2.0,20.0,0.6,0.1,0.6,2.0,2899.0,9.0,4.0,0.371852362883753
29.0,2.0,21.0,0.6,0.1,0.6,2.0,2779.0,13.0,2.0,0.3756747031306225
29.0,2.0,22.0,0.6,0.1,0.6,2.0,2725.0,11.0,3.0,0.37688073394495414
29.0,2.0,23.0,0.6,0.1,0.6,2.0,2683.0,16.0,6.0,0.3790532985464033
29.0,2.0,24.0,0.6,0.1,0.6,2.0,2560.0,22.0,7.0,0.3828125
29.0,2.0,25.0,0.6,0.1,0.6,2.0,2487.0,24.0,8.0,0.3839967832730197
29.0,2.0,26.0,0.6,0.1,0.6,2.0,2414.0,32.0,9.0,0.3835956917978459
29.0,2.0,27.0,0.6,0.1,0.6,2.0,2288.0,32.0,13.0,0.3902972027972028
29.0,2.0,28.0,0.6,0.1,0.6,2.0,2182.0,26.0,14.0,0.3913840513290559
29.0,2.0,29.0,0.6,0.1,0.6,2.0,2138.0,27.0,16.0,0.3914873713751169
29.0,2.0,30.0,0.6,0.1,0.6,2.0,2054.0,35.0,16.0,0.39483933787731257
29.0,2.0,31.0,0.6,0.1,0.6,2.0,2013.0,38.0,13.0,0.395926477893691
29.0,2.0,32.0,0.6,0.1,0.6,2.0,1965.0,46.0,16.0,0.3989821882951654
29.0,2.0,33.0,0.6,0.1,0.6,2.0,1919.0,50.0,18.0,0.3996873371547681
29.0,2.0,34.0,0.6,0.1,0.6,2.0,1871.0,46.0,17.0,0.40138963121325494
29.0,2.0,35.0,0.6,0.1,0.6,2.0,1854.0,49.0,15.0,0.4023732470334412
29.0,2.0,36.0,0.6,0.1,0.6,2.0,1783.0,48.0,21.0,0.40661805945036456
29.0,2.0,37.0,0.6,0.1,0.6,2.0,1769.0,53.0,26.0,0.40757490107405314
29.0,2.0,38.0,0.6,0.1,0.6,2.0,1680.0,55.0,22.0,0.41309523809523807
29.0,2.0,39.0,0.6,0.1,0.6,2.0,1657.0,58.0,24.0,0.415811707905854
29.0,2.0,40.0,0.6,0.1,0.6,2.0,1570.0,58.0,21.0,0.4229299363057325
29.0,2.0,41.0,0.6,0.1,0.6,2.0,1538.0,64.0,28.0,0.4226267880364109
29.0,2.0,42.0,0.6,0.1,0.6,2.0,1510.0,62.0,28.0,0.4278145695364238
29.0,2.0,43.0,0.6,0.1,0.6,2.0,1486.0,61.0,36.0,0.4313593539703903
29.0,2.0,44.0,0.6,0.1,0.6,2.0,1423.0,57.0,31.0,0.44202389318341534
29.0,2.0,45.0,0.6,0.1,0.6,2.0,1381.0,64.0,28.0,0.6770456191165822
29.0,2.0,46.0,0.6,0.1,0.6,2.0,1352.0,51.0,22.0,0.6812130177514792
29.0,2.0,47.0,0.6,0.1,0.6,2.0,1333.0,49.0,22.0,0.68192048012003
29.0,2.0,48.0,0.6,0.1,0.6,2.0,1295.0,44.0,22.0,0.6826254826254826
29.0,2.0,49.0,0.6,0.1,0.6,2.0,1286.0,40.0,25.0,0.6850699844479005
29.0,2.0,50.0,0.6,0.1,0.6,2.0,1258.0,37.0,23.0,0.6868044515103339
29.0,2.0,51.0,0.6,0.1,0.6,2.0,1256.0,31.0,15.0,0.6902866242038217
29.0,2.0,52.0,0.6,0.1,0.6,2.0,1233.0,26.0,10.0,0.6918085969180859
29.0,3.0,1.0,0.6,0.1,0.6,2.0,1229.0,21.0,11.0,0.6956875508543532
29.0,3.0,2.0,0.6,0.1,0.6,2.0,1217.0,20.0,15.0,0.6976170912078883
29.0,3.0,3.0,0.6,0.1,0.6,2.0,1212.0,19.0,13.0,0.6996699669966997
29.0,3.0,4.0,0.6,0.1,0.6,2.0,1189.0,16.0,9.0,0.6980656013456686
29.0,3.0,5.0,0.6,0.1,0.6,2.0,1184.0,11.0,7.0,0.7018581081081081
29.0,3.0,6.0,0.6,0.1,0.6,2.0,1165.0,10.0,6.0,0.7021459227467811
29.0,3.0,7.0,0.6,0.1,0.6,2.0,1165.0,10.0,5.0,0.703862660944206
29.0,3.0,8.0,0.6,0.1,0.6,2.0,1141.0,7.0,4.0,0.7046450482033304
29.0,3.0,9.0,0.6,0.1,0.6,2.0,1140.0,6.0,3.0,0.7070175438596491
29.0,3.0,10.0,0.6,0.1,0.6,2.0,1119.0,5.0,3.0,0.7033065236818588
29.0,3.0,11.0,0.6,0.1,0.6,2.0,1111.0,3.0,2.0,0.7074707470747075
29.0,3.0,12.0,0.6,0.1,0.6,2.0,1097.0,3.0,2.0,0.7055606198723792
29.0,3.0,13.0,0.6,0.1,0.6,2.0,1094.0,3.0,1.0,0.7084095063985375
29.0,3.0,14.0,0.6,0.1,0.6,2.0,1082.0,2.0,1.0,0.7051756007393716
29.0,3.0,15.0,0.6,0.1,0.6,2.0,1074.0,3.0,1.0,0.7067039106145251
29.0,3.0,16.0,0.6,0.1,0.6,2.0,1066.0,4.0,2.0,0.7035647279549718
29.0,3.0,17.0,0.6,0.1,0.6,2.0,1065.0,4.0,1.0,0.7070422535211267
29.0,3.0,18.0,0.6,0.1,0.6,2.0,1054.0,4.0,3.0,0.7039848197343453
29.0,3.0,19.0,0.6,0.1,0.6,2.0,1054.0,4.0,3.0,0.7058823529411765
29.0,3.0,20.0,0.6,0.1,0.6,2.0,1924.0,4.0,4.0,0.38253638253638256
29.0,3.0,21.0,0.6,0.1,0.6,2.0,1854.0,5.0,2.0,0.3824163969795038
29.0,3.0,22.0,0.6,0.1,0.6,2.0,1769.0,4.0,2.0,0.38552854720180896
29.0,3.0,23.0,0.6,0.1,0.6,2.0,1745.0,5.0,1.0,0.3856733524355301
29.0,3.0,24.0,0.6,0.1,0.6,2.0,1656.0,5.0,3.0,0.3882850241545894
29.0,3.0,25.0,0.6,0.1,0.6,2.0,1650.0,7.0,2.0,0.38606060606060605
29.0,3.0,26.0,0.6,0.1,0.6,2.0,1571.0,11.0,6.0,0.3857415658816041
29.0,3.0,27.0,0.6,0.1,0.6,2.0,1567.0,13.0,4.0,0.3860880663688577
29.0,3.0,28.0,0.6,0.1,0.6,2.0,1478.0,22.0,5.0,0.3944519621109608
29.0,3.0,29.0,0.6,0.1,0.6,2.0,1439.0,22.0,7.0,0.3940236275191105
29.0,3.0,30.0,0.6,0.1,0.6,2.0,1390.0,29.0,14.0,0.3964028776978417
29.0,3.0,31.0,0.6,0.1,0.6,2.0,1384.0,32.0,22.0,0.3930635838150289
29.0,3.0,32.0,0.6,0.1,0.6,2.0,1344.0,29.0,17.0,0.39657738095238093
29.0,3.0,33.0,0.6,0.1,0.6,2.0,1301.0,28.0,17.0,0.398923904688701
29.0,3.0,34.0,0.6,0.1,0.6,2.0,1285.0,26.0,13.0,0.4
29.0,3.0,35.0,0.6,0.1,0.6,2.0,1255.0,27.0,12.0,0.39760956175298806
29.0,3.0,36.0,0.6,0.1,0.6,2.0,1210.0,24.0,7.0,0.4024793388429752
29.0,3.0,37.0,0.6,0.1,0.6,2.0,1180.0,24.0,11.0,0.40847457627118644
29.0,3.0,38.0,0.6,0.1,0.6,2.0,1158.0,25.0,13.0,0.41450777202072536
29.0,3.0,39.0,0.6,0.1,0.6,2.0,1120.0,33.0,15.0,0.4205357142857143
29.0,3.0,40.0,0.6,0.1,0.6,2.0,1081.0,28.0,14.0,0.42738205365402404
29.0,3.0,41.0,0.6,0.1,0.6,2.0,1071.0,32.0,12.0,0.4257703081232493
29.0,3.0,42.0,0.6,0.1,0.6,2.0,1058.0,32.0,16.0,0.42911153119092627
29.0,3.0,43.0,0.6,0.1,0.6,2.0,1020.0,29.0,17.0,0.4303921568627451
29.0,3.0,44.0,0.6,0.1,0.6,2.0,1019.0,32.0,18.0,0.4308145240431796
29.0,3.0,45.0,0.6,0.1,0.6,2.0,991.0,30.0,14.0,0.649848637739657
29.0,3.0,46.0,0.6,0.1,0.6,2.0,962.0,21.0,13.0,0.6507276507276507
29.0,3.0,47.0,0.6,0.1,0.6,2.0,940.0,17.0,13.0,0.6510638297872341
29.0,3.0,48.0,0.6,0.1,0.6,2.0,930.0,10.0,7.0,0.6473118279569893
29.0,3.0,49.0,0.6,0.1,0.6,2.0,857.0,6.0,4.0,0.6581096849474912
29.0,3.0,50.0,0.6,0.1,0.6,2.0,851.0,2.0,1.0,0.6580493537015276
29.0,3.0,51.0,0.6,0.1,0.6,2.0,825.0,2.0,1.0,0.6581818181818182
29.0,3.0,52.0,0.6,0.1,0.6,2.0,821.0,2.0,1.0,0.658952496954933
29.0,4.0,1.0,0.6,0.1,0.6,2.0,811.0,1.0,1.0,0.6609124537607891
29.0,4.0,2.0,0.6,0.1,0.6,2.0,815.0,2.0,1.0,0.656441717791411
29.0,4.0,3.0,0.6,0.1,0.6,2.0,807.0,2.0,1.0,0.6579925650557621
29.0,4.0,4.0,0.6,0.1,0.6,2.0,810.0,1.0,0.0,0.6567901234567901
29.0,4.0,5.0,0.6,0.1,0.6,2.0,800.0,1.0,1.0,0.66125
29.0,4.0,6.0,0.6,0.1,0.6,2.0,806.0,1.0,1.0,0.6575682382133995
29.0,4.0,7.0,0.6,0.1,0.6,2.0,795.0,1.0,1.0,0.660377358490566
29.0,4.0,8.0,0.6,0.1,0.6,2.0,782.0,0.0,0.0,0.6636828644501279
29.0,4.0,9.0,0.6,0.1,0.6,2.0,752.0,0.0,0.0,0.6662234042553191
29.0,4.0,10.0,0.6,0.1,0.6,2.0,757.0,0.0,0.0,0.665785997357992
29.0,4.0,11.0,0.6,0.1,0.6,2.0,745.0,0.0,0.0,0.6671140939597315
29.0,4.0,12.0,0.6,0.1,0.6,2.0,747.0,0.0,0.0,0.6693440428380187
29.0,4.0,13.0,0.6,0.1,0.6,2.0,742.0,0.0,0.0,0.6684636118598383
29.0,4.0,14.0,0.6,0.1,0.6,2.0,742.0,0.0,0.0,0.6698113207547169
29.0,4.0,15.0,0.6,0.1,0.6,2.0,736.0,0.0,0.0,0.6684782608695652
29.0,4.0,16.0,0.6,0.1,0.6,2.0,735.0,0.0,0.0,0.6693877551020408
29.0,4.0,17.0,0.6,0.1,0.6,2.0,731.0,0.0,0.0,0.667578659370725
29.0,4.0,18.0,0.6,0.1,0.6,2.0,720.0,0.0,0.0,0.6708333333333333
29.0,4.0,19.0,0.6,0.1,0.6,2.0,716.0,0.0,0.0,0.6689944134078212
29.0,4.0,20.0,0.6,0.1,0.6,2.0,1235.0,0.0,0.0,0.38299595141700404
29.0,4.0,21.0,0.6,0.1,0.6,2.0,1169.0,0.0,0.0,0.3943541488451668
29.0,4.0,22.0,0.6,0.1,0.6,2.0,1163.0,0.0,0.0,0.3929492691315563
29.0,4.0,23.0,0.6,0.1,0.6,2.0,1126.0,0.0,0.0,0.39520426287744226
29.0,4.0,24.0,0.6,0.1,0.6,2.0,1097.0,0.0,0.0,0.39471285323609845
29.0,4.0,25.0,0.6,0.1,0.6,2.0,1067.0,0.0,0.0,0.40112464854732893
29.0,4.0,26.0,0.6,0.1,0.6,2.0,1070.0,0.0,0.0,0.3981308411214953
29.0,4.0,27.0,0.6,0.1,0.6,2.0,1051.0,0.0,0.0,0.40247383444338725
29.0,4.0,28.0,0.6,0.1,0.6,2.0,1013.0,0.0,0.0,0.40868706811451133
29.0,4.0,29.0,0.6,0.1,0.6,2.0,996.0,0.0,0.0,0.4126506024096386
29.0,4.0,30.0,0.6,0.1,0.6,2.0,978.0,0.0,0.0,0.4130879345603272
29.0,4.0,31.0,0.6,0.1,0.6,2.0,958.0,0.0,0.0,0.418580375782881
29.0,4.0,32.0,0.6,0.1,0.6,2.0,961.0,0.0,0.0,0.4183142559833507
29.0,4.0,33.0,0.6,0.1,0.6,2.0,947.0,0.0,0.0,0.42027455121436114
29.0,4.0,34.0,0.6,0.1,0.6,2.0,940.0,0.0,0.0,0.41702127659574467
29.0,4.0,35.0,0.6,0.1,0.6,2.0,933.0,0.0,0.0,0.4180064308681672
29.0,4.0,36.0,0.6,0.1,0.6,2.0,908.0,0.0,0.0,0.4118942731277533
29.0,4.0,37.0,0.6,0.1,0.6,2.0,914.0,0.0,0.0,0.412472647702407
29.0,4.0,38.0,0.6,0.1,0.6,2.0,882.0,0.0,0.0,0.40816326530612246
29.0,4.0,39.0,0.6,0.1,0.6,2.0,887.0,0.0,0.0,0.41037204058624577
29.0,4.0,40.0,0.6,0.1,0.6,2.0,871.0,0.0,0.0,0.40757749712973596
29.0,4.0,41.0,0.6,0.1,0.6,2.0,866.0,0.0,0.0,0.41454965357967666
29.0,4.0,42.0,0.6,0.1,0.6,2.0,829.0,0.0,0.0,0.41737032569360677
29.0,4.0,43.0,0.6,0.1,0.6,2.0,829.0,0.0,0.0,0.4209891435464415
29.0,4.0,44.0,0.6,0.1,0.6,2.0,808.0,0.0,0.0,0.4207920792079208
29.0,4.0,45.0,0.6,0.1,0.6,2.0,819.0,0.0,0.0,0.6752136752136753
29.0,4.0,46.0,0.6,0.1,0.6,2.0,806.0,0.0,0.0,0.6699751861042184
29.0,4.0,47.0,0.6,0.1,0.6,2.0,807.0,0.0,0.0,0.6728624535315985
29.0,4.0,48.0,0.6,0.1,0.6,2.0,780.0,0.0,0.0,0.6756410256410257
29.0,4.0,49.0,0.6,0.1,0.6,2.0,760.0,0.0,0.0,0.6789473684210526
29.0,4.0,50.0,0.6,0.1,0.6,2.0,745.0,0.0,0.0,0.6724832214765101
29.0,4.0,51.0,0.6,0.1,0.6,2.0,741.0,0.0,0.0,0.6761133603238867
29.0,4.0,52.0,0.6,0.1,0.6,2.0,741.0,0.0,0.0,0.6720647773279352
29.0,5.0,1.0,0.6,0.1,0.6,2.0,734.0,0.0,0.0,0.6784741144414169
29.0,5.0,2.0,0.6,0.1,0.6,2.0,712.0,0.0,0.0,0.6797752808988764
29.0,5.0,3.0,0.6,0.1,0.6,2.0,713.0,0.0,0.0,0.6788218793828892
29.0,5.0,4.0,0.6,0.1,0.6,2.0,701.0,0.0,0.0,0.6833095577746077
29.0,5.0,5.0,0.6,0.1,0.6,2.0,697.0,0.0,0.0,0.6829268292682927
29.0,5.0,6.0,0.6,0.1,0.6,2.0,686.0,0.0,0.0,0.6807580174927114
29.0,5.0,7.0,0.6,0.1,0.6,2.0,685.0,0.0,0.0,0.6788321167883211
29.0,5.0,8.0,0.6,0.1,0.6,2.0,676.0,0.0,0.0,0.6789940828402367
29.0,5.0,9.0,0.6,0.1,0.6,2.0,672.0,0.0,0.0,0.6845238095238095
29.0,5.0,10.0,0.6,0.1,0.6,2.0,663.0,0.0,0.0,0.6847662141779789
29.0,5.0,11.0,0.6,0.1,0.6,2.0,662.0,0.0,0.0,0.6888217522658611
29.0,5.0,12.0,0.6,0.1,0.6,2.0,657.0,0.0,0.0,0.6879756468797564
29.0,5.0,13.0,0.6,0.1,0.6,2.0,655.0,0.0,0.0,0.6900763358778625
29.0,5.0,14.0,0.6,0.1,0.6,2.0,650.0,0.0,0.0,0.6892307692307692
29.0,5.0,15.0,0.6,0.1,0.6,2.0,650.0,0.0,0.0,0.6923076923076923
29.0,5.0,16.0,0.6,0.1,0.6,2.0,644.0,0.0,0.0,0.6925465838509317
29.0,5.0,17.0,0.6,0.1,0.6,2.0,646.0,0.0,0.0,0.6919504643962848
29.0,5.0,18.0,0.6,0.1,0.6,2.0,639.0,0.0,0.0,0.6932707355242567
29.0,5.0,19.0,0.6,0.1,0.6,2.0,639.0,0.0,0.0,0.6932707355242567
29.0,5.0,20.0,0.6,0.1,0.6,2.0,1125.0,0.0,0.0,0.392
29.0,5.0,21.0,0.6,0.1,0.6,2.0,1109.0,0.0,0.0,0.3913435527502254
29.0,5.0,22.0,0.6,0.1,0.6,2.0,1059.0,0.0,0.0,0.3937677053824363
29.0,5.0,23.0,0.6,0.1,0.6,2.0,1035.0,0.0,0.0,0.391304347826087
29.0,5.0,24.0,0.6,0.1,0.6,2.0,1019.0,0.0,0.0,0.39548577036310106
29.0,5.0,25.0,0.6,0.1,0.6,2.0,972.0,0.0,0.0,0.3991769547325103
29.0,5.0,26.0,0.6,0.1,0.6,2.0,922.0,0.0,0.0,0.4067245119305857
29.0,5.0,27.0,0.6,0.1,0.6,2.0,890.0,0.0,0.0,0.4044943820224719
29.0,5.0,28.0,0.6,0.1,0.6,2.0,873.0,0.0,0.0,0.41122565864833904
29.0,5.0,29.0,0.6,0.1,0.6,2.0,845.0,0.0,0.0,0.41420118343195267
29.0,5.0,30.0,0.6,0.1,0.6,2.0,841.0,0.0,0.0,0.4126040428061831
29.0,5.0,31.0,0.6,0.1,0.6,2.0,809.0,0.0,0.0,0.411619283065513
29.0,5.0,32.0,0.6,0.1,0.6,2.0,811.0,0.0,0.0,0.4093711467324291
29.0,5.0,33.0,0.6,0.1,0.6,2.0,786.0,0.0,0.0,0.40966921119592875
29.0,5.0,34.0,0.6,0.1,0.6,2.0,782.0,0.0,0.0,0.41304347826086957
29.0,5.0,35.0,0.6,0.1,0.6,2.0,721.0,0.0,0.0,0.42718446601941745
29.0,5.0,36.0,0.6,0.1,0.6,2.0,729.0,0.0,0.0,0.42661179698216734
29.0,5.0,37.0,0.6,0.1,0.6,2.0,694.0,0.0,0.0,0.430835734870317
29.0,5.0,38.0,0.6,0.1,0.6,2.0,690.0,0.0,0.0,0.4318840579710145
29.0,5.0,39.0,0.6,0.1,0.6,2.0,654.0,0.0,0.0,0.43577981651376146
29.0,5.0,40.0,0.6,0.1,0.6,2.0,637.0,0.0,0.0,0.4364207221350079
29.0,5.0,41.0,0.6,0.1,0.6,2.0,629.0,0.0,0.0,0.4356120826709062
29.0,5.0,42.0,0.6,0.1,0.6,2.0,625.0,0.0,0.0,0.44
29.0,5.0,43.0,0.6,0.1,0.6,2.0,619.0,0.0,0.0,0.44426494345718903
29.0,5.0,44.0,0.6,0.1,0.6,2.0,619.0,0.0,0.0,0.44426494345718903
29.0,5.0,45.0,0.6,0.1,0.6,2.0,604.0,0.0,0.0,0.6738410596026491
29.0,5.0,46.0,0.6,0.1,0.6,2.0,599.0,0.0,0.0,0.67779632721202
29.0,5.0,47.0,0.6,0.1,0.6,2.0,582.0,0.0,0.0,0.6769759450171822
29.0,5.0,48.0,0.6,0.1,0.6,2.0,591.0,0.0,0.0,0.6734348561759729
29.0,5.0,49.0,0.6,0.1,0.6,2.0,582.0,0.0,0.0,0.6752577319587629
29.0,5.0,50.0,0.6,0.1,0.6,2.0,591.0,0.0,0.0,0.6734348561759729
29.0,5.0,51.0,0.6,0.1,0.6,2.0,581.0,0.0,0.0,0.6781411359724613
29.0,5.0,52.0,0.6,0.1,0.6,2.0,568.0,0.0,0.0,0.6725352112676056
29.0,6.0,1.0,0.6,0.1,0.6,2.0,560.0,0.0,0.0,0.6767857142857143
29.0,6.0,2.0,0.6,0.1,0.6,2.0,569.0,0.0,0.0,0.6748681898066784
29.0,6.0,3.0,0.6,0.1,0.6,2.0,546.0,0.0,0.0,0.6794871794871795
29.0,6.0,4.0,0.6,0.1,0.6,2.0,550.0,0.0,0.0,0.6781818181818182
29.0,6.0,5.0,0.6,0.1,0.6,2.0,544.0,0.0,0.0,0.6819852941176471
29.0,6.0,6.0,0.6,0.1,0.6,2.0,541.0,0.0,0.0,0.6746765249537893
29.0,6.0,7.0,0.6,0.1,0.6,2.0,533.0,0.0,0.0,0.6791744840525328
29.0,6.0,8.0,0.6,0.1,0.6,2.0,532.0,0.0,0.0,0.674812030075188
29.0,6.0,9.0,0.6,0.1,0.6,2.0,529.0,0.0,0.0,0.6824196597353497
29.0,6.0,10.0,0.6,0.1,0.6,2.0,519.0,0.0,0.0,0.6840077071290944
29.0,6.0,11.0,0.6,0.1,0.6,2.0,515.0,0.0,0.0,0.6854368932038835
29.0,6.0,12.0,0.6,0.1,0.6,2.0,510.0,0.0,0.0,0.6882352941176471
29.0,6.0,13.0,0.6,0.1,0.6,2.0,510.0,0.0,0.0,0.6882352941176471
29.0,6.0,14.0,0.6,0.1,0.6,2.0,500.0,0.0,0.0,0.69
29.0,6.0,15.0,0.6,0.1,0.6,2.0,504.0,0.0,0.0,0.6904761904761905
29.0,6.0,16.0,0.6,0.1,0.6,2.0,498.0,0.0,0.0,0.6907630522088354
29.0,6.0,17.0,0.6,0.1,0.6,2.0,504.0,0.0,0.0,0.6904761904761905
29.0,6.0,18.0,0.6,0.1,0.6,2.0,498.0,0.0,0.0,0.6907630522088354
29.0,6.0,19.0,0.6,0.1,0.6,2.0,503.0,0.0,0.0,0.6898608349900597
29.0,6.0,20.0,0.6,0.1,0.6,2.0,850.0,0.0,0.0,0.4
29.0,6.0,21.0,0.6,0.1,0.6,2.0,828.0,0.0,0.0,0.40700483091787437
29.0,6.0,22.0,0.6,0.1,0.6,2.0,820.0,0.0,0.0,0.4036585365853659
29.0,6.0,23.0,0.6,0.1,0.6,2.0,797.0,0.0,0.0,0.4090338770388959
29.0,6.0,24.0,0.6,0.1,0.6,2.0,763.0,0.0,0.0,0.41415465268676277
29.0,6.0,25.0,0.6,0.1,0.6,2.0,770.0,0.0,0.0,0.4155844155844156
29.0,6.0,26.0,0.6,0.1,0.6,2.0,744.0,0.0,0.0,0.41397849462365593
29.0,6.0,27.0,0.6,0.1,0.6,2.0,735.0,0.0,0.0,0.4217687074829932
29.0,6.0,28.0,0.6,0.1,0.6,2.0,718.0,0.0,0.0,0.4220055710306407
29.0,6.0,29.0,0.6,0.1,0.6,2.0,704.0,0.0,0.0,0.42613636363636365
29.0,6.0,30.0,0.6,0.1,0.6,2.0,696.0,0.0,0.0,0.4267241379310345
29.0,6.0,31.0,0.6,0.1,0.6,2.0,680.0,0.0,0.0,0.4279411764705882
29.0,6.0,32.0,0.6,0.1,0.6,2.0,694.0,0.0,0.0,0.42363112391930835
29.0,6.0,33.0,0.6,0.1,0.6,2.0,655.0,0.0,0.0,0.43206106870229005
29.0,6.0,34.0,0.6,0.1,0.6,2.0,660.0,0.0,0.0,0.4287878787878788
29.0,6.0,35.0,0.6,0.1,0.6,2.0,654.0,0.0,0.0,0.43119266055045874
29.0,6.0,36.0,0.6,0.1,0.6,2.0,642.0,0.0,0.0,0.43146417445482865
29.0,6.0,37.0,0.6,0.1,0.6,2.0,628.0,0.0,0.0,0.43630573248407645
29.0,6.0,38.0,0.6,0.1,0.6,2.0,632.0,0.0,0.0,0.435126582278481
29.0,6.0,39.0,0.6,0.1,0.6,2.0,622.0,0.0,0.0,0.43569131832797425
29.0,6.0,40.0,0.6,0.1,0.6,2.0,631.0,0.0,0.0,0.4326465927099842
29.0,6.0,41.0,0.6,0.1,0.6,2.0,614.0,0.0,0.0,0.4381107491856677
29.0,6.0,42.0,0.6,0.1,0.6,2.0,614.0,0.0,0.0,0.43973941368078173
29.0,6.0,43.0,0.6,0.1,0.6,2.0,602.0,0.0,0.0,0.4435215946843854
29.0,6.0,44.0,0.6,0.1,0.6,2.0,607.0,0.0,0.0,0.43657331136738053
29.0,6.0,45.0,0.6,0.1,0.6,2.0,597.0,0.0,0.0,0.6683417085427136
29.0,6.0,46.0,0.6,0.1,0.6,2.0,596.0,0.0,0.0,0.6677852348993288
29.0,6.0,47.0,0.6,0.1,0.6,2.0,586.0,0.0,0.0,0.6723549488054608
29.0,6.0,48.0,0.6,0.1,0.6,2.0,589.0,0.0,0.0,0.6723259762308998
29.0,6.0,49.0,0.6,0.1,0.6,2.0,585.0,0.0,0.0,0.6735042735042736
29.0,6.0,50.0,0.6,0.1,0.6,2.0,589.0,0.0,0.0,0.6706281833616299
29.0,6.0,51.0,0.6,0.1,0.6,2.0,579.0,0.0,0.0,0.6753022452504318
29.0,6.0,52.0,0.6,0.1,0.6,2.0,587.0,0.0,0.0,0.6695059625212947
29.0,7.0,1.0,0.6,0.1,0.6,2.0,578.0,0.0,0.0,0.6747404844290658
29.0,7.0,2.0,0.6,0.1,0.6,2.0,581.0,0.0,0.0,0.6712564543889845
29.0,7.0,3.0,0.6,0.1,0.6,2.0,570.0,0.0,0.0,0.6771929824561403
29.0,7.0,4.0,0.6,0.1,0.6,2.0,573.0,0.0,0.0,0.6719022687609075
29.0,7.0,5.0,0.6,0.1,0.6,2.0,563.0,0.0,0.0,0.6767317939609236
29.0,7.0,6.0,0.6,0.1,0.6,2.0,568.0,0.0,0.0,0.6690140845070423
29.0,7.0,7.0,0.6,0.1,0.6,2.0,561.0,0.0,0.0,0.6737967914438503
29.0,7.0,8.0,0.6,0.1,0.6,2.0,560.0,0.0,0.0,0.675
29.0,7.0,9.0,0.6,0.1,0.6,2.0,555.0,0.0,0.0,0.6792792792792792
29.0,7.0,10.0,0.6,0.1,0.6,2.0,554.0,0.0,0.0,0.6787003610108303
29.0,7.0,11.0,0.6,0.1,0.6,2.0,555.0,0.0,0.0,0.6792792792792792
29.0,7.0,12.0,0.6,0.1,0.6,2.0,551.0,0.0,0.0,0.6823956442831216
29.0,7.0,13.0,0.6,0.1,0.6,2.0,551.0,0.0,0.0,0.6823956442831216
29.0,7.0,14.0,0.6,0.1,0.6,2.0,551.0,0.0,0.0,0.6823956442831216
29.0,7.0,15.0,0.6,0.1,0.6,2.0,547.0,0.0,0.0,0.6873857404021938
29.0,7.0,16.0,0.6,0.1,0.6,2.0,548.0,0.0,0.0,0.6843065693430657
29.0,7.0,17.0,0.6,0.1,0.6,2.0,545.0,0.0,0.0,0.6862385321100918
29.0,7.0,18.0,0.6,0.1,0.6,2.0,544.0,0.0,0.0,0.6838235294117647
29.0,7.0,19.0,0.6,0.1,0.6,2.0,538.0,0.0,0.0,0.6895910780669146
29.0,7.0,20.0,0.6,0.1,0.6,2.0,967.0,0.0,0.0,0.38366080661840746
29.0,7.0,21.0,0.6,0.1,0.6,2.0,962.0,0.0,0.0,0.38565488565488565
29.0,7.0,22.0,0.6,0.1,0.6,2.0,961.0,0.0,0.0,0.3839750260145682
29.0,7.0,23.0,0.6,0.1,0.6,2.0,924.0,0.0,0.0,0.3874458874458874
29.0,7.0,24.0,0.6,0.1,0.6,2.0,874.0,0.0,0.0,0.39816933638443935
29.0,7.0,25.0,0.6,0.1,0.6,2.0,850.0,0.0,0.0,0.4
29.0,7.0,26.0,0.6,0.1,0.6,2.0,826.0,0.0,0.0,0.40314769975786924
29.0,7.0,27.0,0.6,0.1,0.6,2.0,804.0,0.0,0.0,0.40422885572139305
29.0,7.0,28.0,0.6,0.1,0.6,2.0,800.0,0.0,0.0,0.40125
29.0,7.0,29.0,0.6,0.1,0.6,2.0,798.0,0.0,0.0,0.39974937343358397
29.0,7.0,30.0,0.6,0.1,0.6,2.0,798.0,0.0,0.0,0.39974937343358397
29.0,7.0,31.0,0.6,0.1,0.6,2.0,780.0,0.0,0.0,0.4012820512820513
29.0,7.0,32.0,0.6,0.1,0.6,2.0,756.0,0.0,0.0,0.40476190476190477
29.0,7.0,33.0,0.6,0.1,0.6,2.0,752.0,0.0,0.0,0.40691489361702127
29.0,7.0,34.0,0.6,0.1,0.6,2.0,729.0,0.0,0.0,0.40877914951989025
29.0,7.0,35.0,0.6,0.1,0.6,2.0,735.0,0.0,0.0,0.4095238095238095
29.0,7.0,36.0,0.6,0.1,0.6,2.0,726.0,0.0,0.0,0.4090909090909091
29.0,7.0,37.0,0.6,0.1,0.6,2.0,718.0,0.0,0.0,0.4136490250696379
29.0,7.0,38.0,0.6,0.1,0.6,2.0,710.0,0.0,0.0,0.4126760563380282
29.0,7.0,39.0,0.6,0.1,0.6,2.0,709.0,0.0,0.0,0.4146685472496474
29.0,7.0,40.0,0.6,0.1,0.6,2.0,689.0,0.0,0.0,0.41219158200290273
29.0,7.0,41.0,0.6,0.1,0.6,2.0,691.0,0.0,0.0,0.4153400868306802
29.0,7.0,42.0,0.6,0.1,0.6,2.0,683.0,0.0,0.0,0.4143484626647145
29.0,7.0,43.0,0.6,0.1,0.6,2.0,690.0,0.0,0.0,0.41594202898550725
29.0,7.0,44.0,0.6,0.1,0.6,2.0,683.0,0.0,0.0,0.4143484626647145
29.0,7.0,45.0,0.6,0.1,0.6,2.0,676.0,0.0,0.0,0.6346153846153846
29.0,7.0,46.0,0.6,0.1,0.6,2.0,667.0,0.0,0.0,0.631184407796102
29.0,7.0,47.0,0.6,0.1,0.6,2.0,655.0,0.0,0.0,0.6335877862595419
29.0,7.0,48.0,0.6,0.1,0.6,2.0,626.0,0.0,0.0,0.6357827476038339
29.0,7.0,49.0,0.6,0.1,0.6,2.0,632.0,0.0,0.0,0.6376582278481012
29.0,7.0,50.0,0.6,0.1,0.6,2.0,625.0,0.0,0.0,0.6352
29.0,7.0,51.0,0.6,0.1,0.6,2.0,627.0,0.0,0.0,0.6379585326953748
29.0,7.0,52.0,0.6,0.1,0.6,2.0,621.0,0.0,0.0,0.6344605475040258
29.0,8.0,1.0,0.6,0.1,0.6,2.0,622.0,0.0,0.0,0.639871382636656
29.0,8.0,2.0,0.6,0.1,0.6,2.0,615.0,0.0,0.0,0.6357723577235772
29.0,8.0,3.0,0.6,0.1,0.6,2.0,618.0,0.0,0.0,0.63915857605178
29.0,8.0,4.0,0.6,0.1,0.6,2.0,608.0,0.0,0.0,0.6365131578947368
29.0,8.0,5.0,0.6,0.1,0.6,2.0,616.0,0.0,0.0,0.6396103896103896
29.0,8.0,6.0,0.6,0.1,0.6,2.0,605.0,0.0,0.0,0.6380165289256199
29.0,8.0,7.0,0.6,0.1,0.6,2.0,612.0,0.0,0.0,0.6421568627450981
29.0,8.0,8.0,0.6,0.1,0.6,2.0,604.0,0.0,0.0,0.6374172185430463
29.0,8.0,9.0,0.6,0.1,0.6,2.0,604.0,0.0,0.0,0.6440397350993378
29.0,8.0,10.0,0.6,0.1,0.6,2.0,597.0,0.0,0.0,0.6381909547738693
29.0,8.0,11.0,0.6,0.1,0.6,2.0,600.0,0.0,0.0,0.645
29.0,8.0,12.0,0.6,0.1,0.6,2.0,596.0,0.0,0.0,0.639261744966443
29.0,8.0,13.0,0.6,0.1,0.6,2.0,600.0,0.0,0.0,0.645
29.0,8.0,14.0,0.6,0.1,0.6,2.0,592.0,0.0,0.0,0.6402027027027027
29.0,8.0,15.0,0.6,0.1,0.6,2.0,597.0,0.0,0.0,0.6465661641541038
29.0,8.0,16.0,0.6,0.1,0.6,2.0,591.0,0.0,0.0,0.6412859560067682
29.0,8.0,17.0,0.6,0.1,0.6,2.0,593.0,0.0,0.0,0.6475548060708263
29.0,8.0,18.0,0.6,0.1,0.6,2.0,590.0,0.0,0.0,0.6389830508474577
29.0,8.0,19.0,0.6,0.1,0.6,2.0,596.0,0.0,0.0,0.6476510067114094
29.0,8.0,20.0,0.6,0.1,0.6,2.0,1057.0,0.0,0.0,0.3576158940397351
29.0,8.0,21.0,0.6,0.1,0.6,2.0,1043.0,0.0,0.0,0.36433365292425696
29.0,8.0,22.0,0.6,0.1,0.6,2.0,1039.0,0.0,0.0,0.3570741097208855
29.0,8.0,23.0,0.6,0.1,0.6,2.0,1038.0,0.0,0.0,0.36416184971098264
29.0,8.0,24.0,0.6,0.1,0.6,2.0,1008.0,0.0,0.0,0.35912698412698413
29.0,8.0,25.0,0.6,0.1,0.6,2.0,965.0,0.0,0.0,0.37409326424870465
29.0,8.0,26.0,0.6,0.1,0.6,2.0,940.0,0.0,0.0,0.36914893617021277
29.0,8.0,27.0,0.6,0.1,0.6,2.0,951.0,0.0,0.0,0.3743427970557308
29.0,8.0,28.0,0.6,0.1,0.6,2.0,899.0,0.0,0.0,0.3681868743047831
29.0,8.0,29.0,0.6,0.1,0.6,2.0,898.0,0.0,0.0,0.37193763919821826
29.0,8.0,30.0,0.6,0.1,0.6,2.0,888.0,0.0,0.0,0.36824324324324326
29.0,8.0,31.0,0.6,0.1,0.6,2.0,897.0,0.0,0.0,0.37235228539576365
29.0,8.0,32.0,0.6,0.1,0.6,2.0,888.0,0.0,0.0,0.36824324324324326
29.0,8.0,33.0,0.6,0.1,0.6,2.0,897.0,0.0,0.0,0.37235228539576365
29.0,8.0,34.0,0.6,0.1,0.6,2.0,877.0,0.0,0.0,0.3694412770809578
29.0,8.0,35.0,0.6,0.1,0.6,2.0,886.0,0.0,0.0,0.37358916478555304
29.0,8.0,36.0,0.6,0.1,0.6,2.0,829.0,0.0,0.0,0.376357056694813
29.0,8.0,37.0,0.6,0.1,0.6,2.0,825.0,0.0,0.0,0.3806060606060606
29.0,8.0,38.0,0.6,0.1,0.6,2.0,803.0,0.0,0.0,0.37733499377334995
29.0,8.0,39.0,0.6,0.1,0.6,2.0,814.0,0.0,0.0,0.3808353808353808
29.0,8.0,40.0,0.6,0.1,0.6,2.0,789.0,0.0,0.0,0.37896070975918883
29.0,8.0,41.0,0.6,0.1,0.6,2.0,783.0,0.0,0.0,0.38697318007662834
29.0,8.0,42.0,0.6,0.1,0.6,2.0,774.0,0.0,0.0,0.3850129198966408
29.0,8.0,43.0,0.6,0.1,0.6,2.0,779.0,0.0,0.0,0.3889602053915276
29.0,8.0,44.0,0.6,0.1,0.6,2.0,752.0,0.0,0.0,0.3949468085106383
29.0,8.0,45.0,0.6,0.1,0.6,2.0,761.0,0.0,0.0,0.6412614980289093
29.0,8.0,46.0,0.6,0.1,0.6,2.0,752.0,0.0,0.0,0.6396276595744681
29.0,8.0,47.0,0.6,0.1,0.6,2.0,760.0,0.0,0.0,0.6421052631578947
29.0,8.0,48.0,0.6,0.1,0.6,2.0,752.0,0.0,0.0,0.6396276595744681
29.0,8.0,49.0,0.6,0.1,0.6,2.0,758.0,0.0,0.0,0.6411609498680739
29.0,8.0,50.0,0.6,0.1,0.6,2.0,748.0,0.0,0.0,0.6403743315508021
29.0,8.0,51.0,0.6,0.1,0.6,2.0,746.0,0.0,0.0,0.6434316353887399
29.0,8.0,52.0,0.6,0.1,0.6,2.0,735.0,0.0,0.0,0.6408163265306123
29.0,9.0,1.0,0.6,0.1,0.6,2.0,745.0,0.0,0.0,0.6442953020134228
29.0,9.0,2.0,0.6,0.1,0.6,2.0,736.0,0.0,0.0,0.6426630434782609
29.0,9.0,3.0,0.6,0.1,0.6,2.0,742.0,0.0,0.0,0.6442048517520216
29.0,9.0,4.0,0.6,0.1,0.6,2.0,729.0,0.0,0.0,0.644718792866941
29.0,9.0,5.0,0.6,0.1,0.6,2.0,739.0,0.0,0.0,0.645466847090663
29.0,9.0,6.0,0.6,0.1,0.6,2.0,729.0,0.0,0.0,0.644718792866941
29.0,9.0,7.0,0.6,0.1,0.6,2.0,737.0,0.0,0.0,0.6485753052917232
29.0,9.0,8.0,0.6,0.1,0.6,2.0,725.0,0.0,0.0,0.646896551724138
29.0,9.0,9.0,0.6,0.1,0.6,2.0,727.0,0.0,0.0,0.6519944979367263
29.0,9.0,10.0,0.6,0.1,0.6,2.0,722.0,0.0,0.0,0.646814404432133
29.0,9.0,11.0,0.6,0.1,0.6,2.0,726.0,0.0,0.0,0.6528925619834711
29.0,9.0,12.0,0.6,0.1,0.6,2.0,721.0,0.0,0.0,0.6477115117891817
29.0,9.0,13.0,0.6,0.1,0.6,2.0,720.0,0.0,0.0,0.6569444444444444
29.0,9.0,14.0,0.6,0.1,0.6,2.0,715.0,0.0,0.0,0.6503496503496503
29.0,9.0,15.0,0.6,0.1,0.6,2.0,721.0,0.0,0.0,0.6560332871012483
29.0,9.0,16.0,0.6,0.1,0.6,2.0,712.0,0.0,0.0,0.651685393258427
29.0,9.0,17.0,0.6,0.1,0.6,2.0,718.0,0.0,0.0,0.6573816155988857
29.0,9.0,18.0,0.6,0.1,0.6,2.0,711.0,0.0,0.0,0.6526019690576652
29.0,9.0,19.0,0.6,0.1,0.6,2.0,718.0,0.0,0.0,0.658774373259053
29.0,9.0,20.0,0.6,0.1,0.6,2.0,1213.0,0.0,0.0,0.36933223413025557
29.0,9.0,21.0,0.6,0.1,0.6,2.0,1194.0,0.0,0.0,0.3760469011725293
29.0,9.0,22.0,0.6,0.1,0.6,2.0,1164.0,0.0,0.0,0.37371134020618557
29.0,9.0,23.0,0.6,0.1,0.6,2.0,1146.0,0.0,0.0,0.37783595113438045
29.0,9.0,24.0,0.6,0.1,0.6,2.0,1125.0,0.0,0.0,0.3768888888888889
29.0,9.0,25.0,0.6,0.1,0.6,2.0,1109.0,0.0,0.0,0.38052299368800724
29.0,9.0,26.0,0.6,0.1,0.6,2.0,1082.0,0.0,0.0,0.3807763401109057
29.0,9.0,27.0,0.6,0.1,0.6,2.0,1053.0,0.0,0.0,0.38461538461538464
29.0,9.0,28.0,0.6,0.1,0.6,2.0,1029.0,0.0,0.0,0.3848396501457726
29.0,9.0,29.0,0.6,0.1,0.6,2.0,1042.0,0.0,0.0,0.3838771593090211
29.0,9.0,30.0,0.6,0.1,0.6,2.0,987.0,0.0,0.0,0.3850050658561297
29.0,9.0,31.0,0.6,0.1,0.6,2.0,999.0,0.0,0.0,0.3833833833833834
29.0,9.0,32.0,0.6,0.1,0.6,2.0,957.0,0.0,0.0,0.3834900731452456
29.0,9.0,33.0,0.6,0.1,0.6,2.0,944.0,0.0,0.0,0.3877118644067797
29.0,9.0,34.0,0.6,0.1,0.6,2.0,910.0,0.0,0.0,0.3868131868131868
29.0,9.0,35.0,0.6,0.1,0.6,2.0,899.0,0.0,0.0,0.39265850945494996
29.0,9.0,36.0,0.6,0.1,0.6,2.0,897.0,0.0,0.0,0.3890746934225195
29.0,9.0,37.0,0.6,0.1,0.6,2.0,898.0,0.0,0.0,0.39198218262806234
29.0,9.0,38.0,0.6,0.1,0.6,2.0,885.0,0.0,0.0,0.392090395480226
29.0,9.0,39.0,0.6,0.1,0.6,2.0,887.0,0.0,0.0,0.3968432919954904
29.0,9.0,40.0,0.6,0.1,0.6,2.0,884.0,0.0,0.0,0.3914027149321267
29.0,9.0,41.0,0.6,0.1,0.6,2.0,887.0,0.0,0.0,0.3968432919954904
29.0,9.0,42.0,0.6,0.1,0.6,2.0,886.0,0.0,0.0,0.3927765237020316
29.0,9.0,43.0,0.6,0.1,0.6,2.0,875.0,0.0,0.0,0.3977142857142857
29.0,9.0,44.0,0.6,0.1,0.6,2.0,873.0,0.0,0.0,0.3928980526918671
29.0,9.0,45.0,0.6,0.1,0.6,2.0,846.0,0.0,0.0,0.6560283687943262
29.0,9.0,46.0,0.6,0.1,0.6,2.0,847.0,0.0,0.0,0.6528925619834711
29.0,9.0,47.0,0.6,0.1,0.6,2.0,848.0,0.0,0.0,0.6556603773584906
29.0,9.0,48.0,0.6,0.1,0.6,2.0,832.0,0.0,0.0,0.6550480769230769
29.0,9.0,49.0,0.6,0.1,0.6,2.0,823.0,0.0,0.0,0.6597812879708383
29.0,9.0,50.0,0.6,0.1,0.6,2.0,821.0,0.0,0.0,0.656516443361754
29.0,9.0,51.0,0.6,0.1,0.6,2.0,821.0,0.0,0.0,0.658952496954933
29.0,9.0,52.0,0.6,0.1,0.6,2.0,805.0,0.0,0.0,0.6583850931677019
29.0,10.0,1.0,0.6,0.1,0.6,2.0,808.0,0.0,0.0,0.6633663366336634
29.0,10.0,2.0,0.6,0.1,0.6,2.0,802.0,0.0,0.0,0.6571072319201995
29.0,10.0,3.0,0.6,0.1,0.6,2.0,806.0,0.0,0.0,0.6625310173697271
29.0,10.0,4.0,0.6,0.1,0.6,2.0,788.0,0.0,0.0,0.6598984771573604
29.0,10.0,5.0,0.6,0.1,0.6,2.0,792.0,0.0,0.0,0.6641414141414141
29.0,10.0,6.0,0.6,0.1,0.6,2.0,790.0,0.0,0.0,0.6620253164556962
29.0,10.0,7.0,0.6,0.1,0.6,2.0,788.0,0.0,0.0,0.6637055837563451
29.0,10.0,8.0,0.6,0.1,0.6,2.0,784.0,0.0,0.0,0.6645408163265306
29.0,10.0,9.0,0.6,0.1,0.6,2.0,780.0,0.0,0.0,0.6679487179487179
29.0,10.0,10.0,0.6,0.1,0.6,2.0,778.0,0.0,0.0,0.6683804627249358
29.0,10.0,11.0,0.6,0.1,0.6,2.0,760.0,0.0,0.0,0.6697368421052632
29.0,10.0,12.0,0.6,0.1,0.6,2.0,755.0,0.0,0.0,0.6688741721854304
29.0,10.0,13.0,0.6,0.1,0.6,2.0,755.0,0.0,0.0,0.671523178807947
29.0,10.0,14.0,0.6,0.1,0.6,2.0,749.0,0.0,0.0,0.6702269692923899
29.0,10.0,15.0,0.6,0.1,0.6,2.0,740.0,0.0,0.0,0.6783783783783783
29.0,10.0,16.0,0.6,0.1,0.6,2.0,736.0,0.0,0.0,0.6752717391304348
29.0,10.0,17.0,0.6,0.1,0.6,2.0,737.0,0.0,0.0,0.6770691994572592
29.0,10.0,18.0,0.6,0.1,0.6,2.0,735.0,0.0,0.0,0.6748299319727891
29.0,10.0,19.0,0.6,0.1,0.6,2.0,739.0,0.0,0.0,0.6779431664411367
29.0,10.0,20.0,0.6,0.1,0.6,2.0,1248.0,0.0,0.0,0.37419871794871795
29.0,10.0,21.0,0.6,0.1,0.6,2.0,1217.0,0.0,0.0,0.38044371405094496
29.0,10.0,22.0,0.6,0.1,0.6,2.0,1196.0,0.0,0.0,0.38461538461538464
29.0,10.0,23.0,0.6,0.1,0.6,2.0,1138.0,0.0,0.0,0.38488576449912126
29.0,10.0,24.0,0.6,0.1,0.6,2.0,1113.0,0.0,0.0,0.389937106918239
29.0,10.0,25.0,0.6,0.1,0.6,2.0,1111.0,0.0,0.0,0.3915391539153915
29.0,10.0,26.0,0.6,0.1,0.6,2.0,1112.0,0.0,0.0,0.3893884892086331
29.0,10.0,27.0,0.6,0.1,0.6,2.0,1101.0,0.0,0.0,0.3932788374205268
29.0,10.0,28.0,0.6,0.1,0.6,2.0,1062.0,0.0,0.0,0.3964218455743879
29.0,10.0,29.0,0.6,0.1,0.6,2.0,1021.0,0.0,0.0,0.3917727717923604
29.0,10.0,30.0,0.6,0.1,0.6,2.0,1024.0,0.0,0.0,0.3916015625
29.0,10.0,31.0,0.6,0.1,0.6,2.0,995.0,0.0,0.0,0.3969849246231156
29.0,10.0,32.0,0.6,0.1,0.6,2.0,983.0,0.0,0.0,0.3987792472024415
29.0,10.0,33.0,0.6,0.1,0.6,2.0,981.0,0.0,0.0,0.399592252803262
29.0,10.0,34.0,0.6,0.1,0.6,2.0,970.0,0.0,0.0,0.40309278350515465
29.0,10.0,35.0,0.6,0.1,0.6,2.0,967.0,0.0,0.0,0.40330920372285417
29.0,10.0,36.0,0.6,0.1,0.6,2.0,944.0,0.0,0.0,0.4067796610169492
29.0,10.0,37.0,0.6,0.1,0.6,2.0,925.0,0.0,0.0,0.40756756756756757
29.0,10.0,38.0,0.6,0.1,0.6,2.0,928.0,0.0,0.0,0.4073275862068966
29.0,10.0,39.0,0.6,0.1,0.6,2.0,899.0,0.0,0.0,0.41045606229143494
29.0,10.0,40.0,0.6,0.1,0.6,2.0,891.0,0.0,0.0,0.4107744107744108
29.0,10.0,41.0,0.6,0.1,0.6,2.0,888.0,0.0,0.0,0.41103603603603606
29.0,10.0,42.0,0.6,0.1,0.6,2.0,891.0,0.0,0.0,0.4107744107744108
29.0,10.0,43.0,0.6,0.1,0.6,2.0,877.0,0.0,0.0,0.40935005701254273
29.0,10.0,44.0,0.6,0.1,0.6,2.0,877.0,0.0,0.0,0.40935005701254273
29.0,10.0,45.0,0.6,0.1,0.6,2.0,876.0,0.0,0.0,0.6472602739726028
29.0,10.0,46.0,0.6,0.1,0.6,2.0,871.0,0.0,0.0,0.6498277841561424
29.0,10.0,47.0,0.6,0.1,0.6,2.0,859.0,0.0,0.0,0.6507566938300349
29.0,10.0,48.0,0.6,0.1,0.6,2.0,858.0,0.0,0.0,0.6515151515151515
29.0,10.0,49.0,0.6,0.1,0.6,2.0,841.0,0.0,0.0,0.652794292508918
29.0,10.0,50.0,0.6,0.1,0.6,2.0,829.0,0.0,0.0,0.6550060313630881
29.0,10.0,51.0,0.6,0.1,0.6,2.0,808.0,0.0,0.0,0.655940594059406
29.0,10.0,52.0,0.6,0.1,0.6,2.0,798.0,0.0,0.0,0.656641604010025
30.0,1.0,1.0,0.6,0.1,0.6,2.0,5160.0,49.0,8.0,0.5965116279069768
30.0,1.0,2.0,0.6,0.1,0.6,2.0,5138.0,52.0,18.0,0.5924484235110938
30.0,1.0,3.0,0.6,0.1,0.6,2.0,5120.0,56.0,29.0,0.5953125
30.0,1.0,4.0,0.6,0.1,0.6,2.0,4995.0,65.0,32.0,0.5961961961961962
30.0,1.0,5.0,0.6,0.1,0.6,2.0,5043.0,69.0,33.0,0.5986515962720603
30.0,1.0,6.0,0.6,0.1,0.6,2.0,5000.0,69.0,32.0,0.5984
30.0,1.0,7.0,0.6,0.1,0.6,2.0,4830.0,70.0,32.0,0.6020703933747412
30.0,1.0,8.0,0.6,0.1,0.6,2.0,4735.0,76.0,42.0,0.6
30.0,1.0,9.0,0.6,0.1,0.6,2.0,4564.0,79.0,42.0,0.6036371603856266
30.0,1.0,10.0,0.6,0.1,0.6,2.0,4492.0,82.0,34.0,0.6059661620658949
30.0,1.0,11.0,0.6,0.1,0.6,2.0,4359.0,77.0,28.0,0.6109199357650837
30.0,1.0,12.0,0.6,0.1,0.6,2.0,4263.0,81.0,34.0,0.6077879427633123
30.0,1.0,13.0,0.6,0.1,0.6,2.0,4176.0,81.0,40.0,0.6118295019157088
30.0,1.0,14.0,0.6,0.1,0.6,2.0,4141.0,86.0,43.0,0.611446510504709
30.0,1.0,15.0,0.6,0.1,0.6,2.0,4013.0,79.0,38.0,0.6152504360827311
30.0,1.0,16.0,0.6,0.1,0.6,2.0,3923.0,70.0,34.0,0.6161101198062707
30.0,1.0,17.0,0.6,0.1,0.6,2.0,3886.0,63.0,37.0,0.6186309830159548
30.0,1.0,18.0,0.6,0.1,0.6,2.0,3820.0,63.0,35.0,0.6204188481675392
30.0,1.0,19.0,0.6,0.1,0.6,2.0,3747.0,65.0,35.0,0.6210301574593008
30.0,1.0,20.0,0.6,0.1,0.6,2.0,6955.0,53.0,22.0,0.3296908698777858
30.0,1.0,21.0,0.6,0.1,0.6,2.0,6373.0,67.0,26.0,0.33532088498352425
30.0,1.0,22.0,0.6,0.1,0.6,2.0,6004.0,80.0,27.0,0.3394403730846103
30.0,1.0,23.0,0.6,0.1,0.6,2.0,5805.0,100.0,34.0,0.34160206718346253
30.0,1.0,24.0,0.6,0.1,0.6,2.0,5585.0,114.0,41.0,0.3434198746642793
30.0,1.0,25.0,0.6,0.1,0.6,2.0,5357.0,125.0,51.0,0.3468359156244166
30.0,1.0,26.0,0.6,0.1,0.6,2.0,4968.0,136.0,52.0,0.3508454106280193
30.0,1.0,27.0,0.6,0.1,0.6,2.0,4712.0,152.0,57.0,0.351018675721562
30.0,1.0,28.0,0.6,0.1,0.6,2.0,4496.0,158.0,64.0,0.35876334519572955
30.0,1.0,29.0,0.6,0.1,0.6,2.0,4321.0,190.0,73.0,0.36172182365193245
30.0,1.0,30.0,0.6,0.1,0.6,2.0,4149.0,199.0,79.0,0.36346107495782115
30.0,1.0,31.0,0.6,0.1,0.6,2.0,4009.0,188.0,90.0,0.3676727363432277
30.0,1.0,32.0,0.6,0.1,0.6,2.0,3852.0,211.0,96.0,0.372533748701973
30.0,1.0,33.0,0.6,0.1,0.6,2.0,3679.0,216.0,91.0,0.37917912476216364
30.0,1.0,34.0,0.6,0.1,0.6,2.0,3537.0,205.0,99.0,0.3850720949957591
30.0,1.0,35.0,0.6,0.1,0.6,2.0,3400.0,210.0,87.0,0.39029411764705885
30.0,1.0,36.0,0.6,0.1,0.6,2.0,3336.0,233.0,102.0,0.3935851318944844
30.0,1.0,37.0,0.6,0.1,0.6,2.0,3261.0,225.0,100.0,0.40110395584176634
30.0,1.0,38.0,0.6,0.1,0.6,2.0,3138.0,226.0,117.0,0.4059910771191842
30.0,1.0,39.0,0.6,0.1,0.6,2.0,3047.0,224.0,111.0,0.41155234657039713
30.0,1.0,40.0,0.6,0.1,0.6,2.0,2956.0,225.0,109.0,0.41542625169147496
30.0,1.0,41.0,0.6,0.1,0.6,2.0,2859.0,212.0,97.0,0.4267226302903113
30.0,1.0,42.0,0.6,0.1,0.6,2.0,2776.0,203.0,106.0,0.4329971181556196
30.0,1.0,43.0,0.6,0.1,0.6,2.0,2667.0,188.0,98.0,0.4394450693663292
30.0,1.0,44.0,0.6,0.1,0.6,2.0,2578.0,190.0,102.0,0.4472459270752521
30.0,1.0,45.0,0.6,0.1,0.6,2.0,2495.0,174.0,79.0,0.6661322645290582
30.0,1.0,46.0,0.6,0.1,0.6,2.0,2362.0,151.0,87.0,0.6714648602878917
30.0,1.0,47.0,0.6,0.1,0.6,2.0,2296.0,131.0,75.0,0.6763937282229965
30.0,1.0,48.0,0.6,0.1,0.6,2.0,2255.0,120.0,77.0,0.6811529933481153
30.0,1.0,49.0,0.6,0.1,0.6,2.0,2194.0,95.0,58.0,0.6836827711941659
30.0,1.0,50.0,0.6,0.1,0.6,2.0,2125.0,80.0,49.0,0.6889411764705883
30.0,1.0,51.0,0.6,0.1,0.6,2.0,2086.0,68.0,41.0,0.6907957813998082
30.0,1.0,52.0,0.6,0.1,0.6,2.0,2032.0,56.0,33.0,0.6973425196850394
30.0,2.0,1.0,0.6,0.1,0.6,2.0,1986.0,53.0,30.0,0.7009063444108762
30.0,2.0,2.0,0.6,0.1,0.6,2.0,1962.0,48.0,25.0,0.7038735983690112
30.0,2.0,3.0,0.6,0.1,0.6,2.0,1932.0,47.0,28.0,0.7070393374741201
30.0,2.0,4.0,0.6,0.1,0.6,2.0,1904.0,40.0,21.0,0.7121848739495799
30.0,2.0,5.0,0.6,0.1,0.6,2.0,1877.0,36.0,18.0,0.717101758124667
30.0,2.0,6.0,0.6,0.1,0.6,2.0,1857.0,35.0,16.0,0.7189014539579968
30.0,2.0,7.0,0.6,0.1,0.6,2.0,1832.0,33.0,19.0,0.7232532751091703
30.0,2.0,8.0,0.6,0.1,0.6,2.0,1804.0,29.0,18.0,0.7239467849223947
30.0,2.0,9.0,0.6,0.1,0.6,2.0,1742.0,25.0,15.0,0.7324913892078071
30.0,2.0,10.0,0.6,0.1,0.6,2.0,1721.0,21.0,12.0,0.7350377687391052
30.0,2.0,11.0,0.6,0.1,0.6,2.0,1704.0,20.0,12.0,0.738849765258216
30.0,2.0,12.0,0.6,0.1,0.6,2.0,1672.0,18.0,11.0,0.7392344497607656
30.0,2.0,13.0,0.6,0.1,0.6,2.0,1658.0,14.0,9.0,0.7436670687575392
30.0,2.0,14.0,0.6,0.1,0.6,2.0,1618.0,14.0,9.0,0.742274412855377
30.0,2.0,15.0,0.6,0.1,0.6,2.0,1600.0,14.0,8.0,0.743125
30.0,2.0,16.0,0.6,0.1,0.6,2.0,1575.0,13.0,6.0,0.7403174603174603
30.0,2.0,17.0,0.6,0.1,0.6,2.0,1553.0,9.0,3.0,0.74243399871217
30.0,2.0,18.0,0.6,0.1,0.6,2.0,1541.0,10.0,4.0,0.7404282933160286
30.0,2.0,19.0,0.6,0.1,0.6,2.0,1525.0,9.0,6.0,0.7422950819672132
30.0,2.0,20.0,0.6,0.1,0.6,2.0,2642.0,8.0,7.0,0.4242997728993187
30.0,2.0,21.0,0.6,0.1,0.6,2.0,2598.0,11.0,3.0,0.42455735180908394
30.0,2.0,22.0,0.6,0.1,0.6,2.0,2520.0,12.0,1.0,0.42777777777777776
30.0,2.0,23.0,0.6,0.1,0.6,2.0,2457.0,14.0,3.0,0.42735042735042733
30.0,2.0,24.0,0.6,0.1,0.6,2.0,2420.0,15.0,8.0,0.4289256198347107
30.0,2.0,25.0,0.6,0.1,0.6,2.0,2326.0,21.0,12.0,0.4337919174548581
30.0,2.0,26.0,0.6,0.1,0.6,2.0,2304.0,22.0,13.0,0.4348958333333333
30.0,2.0,27.0,0.6,0.1,0.6,2.0,2265.0,33.0,10.0,0.43752759381898454
30.0,2.0,28.0,0.6,0.1,0.6,2.0,2253.0,38.0,12.0,0.4376387039502885
30.0,2.0,29.0,0.6,0.1,0.6,2.0,2182.0,43.0,15.0,0.4390467461044913
30.0,2.0,30.0,0.6,0.1,0.6,2.0,2156.0,50.0,20.0,0.4387755102040816
30.0,2.0,31.0,0.6,0.1,0.6,2.0,2043.0,54.0,27.0,0.44297601566324035
30.0,2.0,32.0,0.6,0.1,0.6,2.0,1977.0,61.0,29.0,0.44764795144157815
30.0,2.0,33.0,0.6,0.1,0.6,2.0,1914.0,55.0,32.0,0.45297805642633227
30.0,2.0,34.0,0.6,0.1,0.6,2.0,1846.0,43.0,24.0,0.4561213434452871
30.0,2.0,35.0,0.6,0.1,0.6,2.0,1819.0,36.0,20.0,0.45794392523364486
30.0,2.0,36.0,0.6,0.1,0.6,2.0,1759.0,31.0,13.0,0.46276293348493464
30.0,2.0,37.0,0.6,0.1,0.6,2.0,1696.0,27.0,17.0,0.46285377358490565
30.0,2.0,38.0,0.6,0.1,0.6,2.0,1665.0,31.0,14.0,0.46726726726726725
30.0,2.0,39.0,0.6,0.1,0.6,2.0,1640.0,29.0,16.0,0.4676829268292683
30.0,2.0,40.0,0.6,0.1,0.6,2.0,1591.0,23.0,14.0,0.4751728472658705
30.0,2.0,41.0,0.6,0.1,0.6,2.0,1594.0,23.0,17.0,0.4749058971141782
30.0,2.0,42.0,0.6,0.1,0.6,2.0,1560.0,23.0,13.0,0.47692307692307695
30.0,2.0,43.0,0.6,0.1,0.6,2.0,1544.0,18.0,11.0,0.47797927461139894
30.0,2.0,44.0,0.6,0.1,0.6,2.0,1488.0,17.0,7.0,0.4825268817204301
30.0,2.0,45.0,0.6,0.1,0.6,2.0,1485.0,16.0,10.0,0.6686868686868687
30.0,2.0,46.0,0.6,0.1,0.6,2.0,1458.0,12.0,8.0,0.6700960219478738
30.0,2.0,47.0,0.6,0.1,0.6,2.0,1428.0,11.0,10.0,0.6729691876750701
30.0,2.0,48.0,0.6,0.1,0.6,2.0,1420.0,7.0,6.0,0.6725352112676056
30.0,2.0,49.0,0.6,0.1,0.6,2.0,1387.0,6.0,4.0,0.6755587599134824
30.0,2.0,50.0,0.6,0.1,0.6,2.0,1372.0,2.0,0.0,0.6771137026239067
30.0,2.0,51.0,0.6,0.1,0.6,2.0,1365.0,2.0,2.0,0.6776556776556777
30.0,2.0,52.0,0.6,0.1,0.6,2.0,1355.0,3.0,2.0,0.6745387453874538
30.0,3.0,1.0,0.6,0.1,0.6,2.0,1334.0,3.0,2.0,0.6709145427286357
30.0,3.0,2.0,0.6,0.1,0.6,2.0,1333.0,1.0,1.0,0.6729182295573893
30.0,3.0,3.0,0.6,0.1,0.6,2.0,1308.0,1.0,1.0,0.672782874617737
30.0,3.0,4.0,0.6,0.1,0.6,2.0,1306.0,2.0,1.0,0.6730474732006125
30.0,3.0,5.0,0.6,0.1,0.6,2.0,1285.0,2.0,0.0,0.6715953307392996
30.0,3.0,6.0,0.6,0.1,0.6,2.0,1288.0,2.0,1.0,0.6692546583850931
30.0,3.0,7.0,0.6,0.1,0.6,2.0,1280.0,2.0,1.0,0.66875
30.0,3.0,8.0,0.6,0.1,0.6,2.0,1263.0,2.0,2.0,0.6682501979414094
30.0,3.0,9.0,0.6,0.1,0.6,2.0,1240.0,4.0,1.0,0.6653225806451613
30.0,3.0,10.0,0.6,0.1,0.6,2.0,1220.0,4.0,1.0,0.6639344262295082
30.0,3.0,11.0,0.6,0.1,0.6,2.0,1203.0,3.0,0.0,0.6633416458852868
30.0,3.0,12.0,0.6,0.1,0.6,2.0,1194.0,3.0,2.0,0.6624790619765494
30.0,3.0,13.0,0.6,0.1,0.6,2.0,1163.0,4.0,2.0,0.6603611349957008
30.0,3.0,14.0,0.6,0.1,0.6,2.0,1152.0,4.0,2.0,0.6605902777777778
30.0,3.0,15.0,0.6,0.1,0.6,2.0,1145.0,2.0,1.0,0.6602620087336245
30.0,3.0,16.0,0.6,0.1,0.6,2.0,1142.0,2.0,2.0,0.6619964973730298
30.0,3.0,17.0,0.6,0.1,0.6,2.0,1139.0,3.0,2.0,0.6602282704126426
30.0,3.0,18.0,0.6,0.1,0.6,2.0,1130.0,2.0,1.0,0.6610619469026549
30.0,3.0,19.0,0.6,0.1,0.6,2.0,1128.0,1.0,0.0,0.6613475177304965
30.0,3.0,20.0,0.6,0.1,0.6,2.0,1931.0,1.0,1.0,0.3795960642154324
30.0,3.0,21.0,0.6,0.1,0.6,2.0,1859.0,1.0,1.0,0.385691231845078
30.0,3.0,22.0,0.6,0.1,0.6,2.0,1787.0,2.0,1.0,0.38668158925573587
30.0,3.0,23.0,0.6,0.1,0.6,2.0,1727.0,2.0,0.0,0.38911407064273307
30.0,3.0,24.0,0.6,0.1,0.6,2.0,1690.0,2.0,0.0,0.39112426035502956
30.0,3.0,25.0,0.6,0.1,0.6,2.0,1669.0,2.0,1.0,0.39185140802875973
30.0,3.0,26.0,0.6,0.1,0.6,2.0,1603.0,2.0,1.0,0.3898939488459139
30.0,3.0,27.0,0.6,0.1,0.6,2.0,1554.0,2.0,2.0,0.39510939510939513
30.0,3.0,28.0,0.6,0.1,0.6,2.0,1491.0,3.0,1.0,0.3997317236753856
30.0,3.0,29.0,0.6,0.1,0.6,2.0,1498.0,3.0,2.0,0.3991989319092123
30.0,3.0,30.0,0.6,0.1,0.6,2.0,1471.0,2.0,2.0,0.3990482664853841
30.0,3.0,31.0,0.6,0.1,0.6,2.0,1414.0,3.0,2.0,0.4016973125884017
30.0,3.0,32.0,0.6,0.1,0.6,2.0,1374.0,3.0,1.0,0.4053857350800582
30.0,3.0,33.0,0.6,0.1,0.6,2.0,1315.0,2.0,0.0,0.4091254752851711
30.0,3.0,34.0,0.6,0.1,0.6,2.0,1310.0,2.0,1.0,0.41068702290076337
30.0,3.0,35.0,0.6,0.1,0.6,2.0,1285.0,2.0,2.0,0.41167315175097274
30.0,3.0,36.0,0.6,0.1,0.6,2.0,1282.0,2.0,2.0,0.4110764430577223
30.0,3.0,37.0,0.6,0.1,0.6,2.0,1267.0,2.0,1.0,0.409629044988161
30.0,3.0,38.0,0.6,0.1,0.6,2.0,1251.0,1.0,0.0,0.4108713029576339
30.0,3.0,39.0,0.6,0.1,0.6,2.0,1232.0,1.0,0.0,0.4107142857142857
30.0,3.0,40.0,0.6,0.1,0.6,2.0,1220.0,1.0,0.0,0.4122950819672131
30.0,3.0,41.0,0.6,0.1,0.6,2.0,1199.0,1.0,0.0,0.41618015012510423
30.0,3.0,42.0,0.6,0.1,0.6,2.0,1188.0,1.0,0.0,0.41414141414141414
30.0,3.0,43.0,0.6,0.1,0.6,2.0,1148.0,1.0,1.0,0.4155052264808362
30.0,3.0,44.0,0.6,0.1,0.6,2.0,1126.0,1.0,1.0,0.41740674955595025
30.0,3.0,45.0,0.6,0.1,0.6,2.0,1092.0,1.0,1.0,0.6446886446886447
30.0,3.0,46.0,0.6,0.1,0.6,2.0,1090.0,0.0,0.0,0.6449541284403669
30.0,3.0,47.0,0.6,0.1,0.6,2.0,1044.0,0.0,0.0,0.6484674329501916
30.0,3.0,48.0,0.6,0.1,0.6,2.0,1013.0,0.0,0.0,0.6446199407699901
30.0,3.0,49.0,0.6,0.1,0.6,2.0,1000.0,0.0,0.0,0.643
30.0,3.0,50.0,0.6,0.1,0.6,2.0,993.0,0.0,0.0,0.6445115810674723
30.0,3.0,51.0,0.6,0.1,0.6,2.0,978.0,0.0,0.0,0.6421267893660532
30.0,3.0,52.0,0.6,0.1,0.6,2.0,975.0,0.0,0.0,0.642051282051282
30.0,4.0,1.0,0.6,0.1,0.6,2.0,975.0,0.0,0.0,0.6410256410256411
30.0,4.0,2.0,0.6,0.1,0.6,2.0,943.0,0.0,0.0,0.6426299045599152
30.0,4.0,3.0,0.6,0.1,0.6,2.0,927.0,0.0,0.0,0.6429341963322546
30.0,4.0,4.0,0.6,0.1,0.6,2.0,890.0,0.0,0.0,0.6382022471910113
30.0,4.0,5.0,0.6,0.1,0.6,2.0,887.0,0.0,0.0,0.6403607666290868
30.0,4.0,6.0,0.6,0.1,0.6,2.0,871.0,0.0,0.0,0.6452353616532721
30.0,4.0,7.0,0.6,0.1,0.6,2.0,861.0,0.0,0.0,0.6434378629500581
30.0,4.0,8.0,0.6,0.1,0.6,2.0,856.0,0.0,0.0,0.6448598130841121
30.0,4.0,9.0,0.6,0.1,0.6,2.0,852.0,0.0,0.0,0.6455399061032864
30.0,4.0,10.0,0.6,0.1,0.6,2.0,838.0,0.0,0.0,0.6443914081145584
30.0,4.0,11.0,0.6,0.1,0.6,2.0,842.0,0.0,0.0,0.6437054631828979
30.0,4.0,12.0,0.6,0.1,0.6,2.0,836.0,0.0,0.0,0.645933014354067
30.0,4.0,13.0,0.6,0.1,0.6,2.0,833.0,0.0,0.0,0.6434573829531812
30.0,4.0,14.0,0.6,0.1,0.6,2.0,828.0,0.0,0.0,0.642512077294686
30.0,4.0,15.0,0.6,0.1,0.6,2.0,826.0,0.0,0.0,0.639225181598063
30.0,4.0,16.0,0.6,0.1,0.6,2.0,819.0,0.0,0.0,0.6398046398046398
30.0,4.0,17.0,0.6,0.1,0.6,2.0,807.0,0.0,0.0,0.6369268897149938
30.0,4.0,18.0,0.6,0.1,0.6,2.0,802.0,0.0,0.0,0.6384039900249376
30.0,4.0,19.0,0.6,0.1,0.6,2.0,805.0,0.0,0.0,0.6360248447204969
30.0,4.0,20.0,0.6,0.1,0.6,2.0,1364.0,0.0,0.0,0.37390029325513197
30.0,4.0,21.0,0.6,0.1,0.6,2.0,1354.0,0.0,0.0,0.3759231905465288
30.0,4.0,22.0,0.6,0.1,0.6,2.0,1311.0,0.0,0.0,0.37757437070938216
30.0,4.0,23.0,0.6,0.1,0.6,2.0,1258.0,0.0,0.0,0.3783783783783784
30.0,4.0,24.0,0.6,0.1,0.6,2.0,1252.0,0.0,0.0,0.37859424920127793
30.0,4.0,25.0,0.6,0.1,0.6,2.0,1236.0,0.0,0.0,0.3762135922330097
30.0,4.0,26.0,0.6,0.1,0.6,2.0,1209.0,0.0,0.0,0.37799834574028124
30.0,4.0,27.0,0.6,0.1,0.6,2.0,1200.0,0.0,0.0,0.3775
30.0,4.0,28.0,0.6,0.1,0.6,2.0,1163.0,0.0,0.0,0.3817712811693895
30.0,4.0,29.0,0.6,0.1,0.6,2.0,1135.0,0.0,0.0,0.3814977973568282
30.0,4.0,30.0,0.6,0.1,0.6,2.0,1111.0,0.0,0.0,0.387038703870387
30.0,4.0,31.0,0.6,0.1,0.6,2.0,1111.0,0.0,0.0,0.38613861386138615
30.0,4.0,32.0,0.6,0.1,0.6,2.0,1101.0,0.0,0.0,0.3860127157129882
30.0,4.0,33.0,0.6,0.1,0.6,2.0,1079.0,0.0,0.0,0.38924930491195553
30.0,4.0,34.0,0.6,0.1,0.6,2.0,1052.0,0.0,0.0,0.39448669201520914
30.0,4.0,35.0,0.6,0.1,0.6,2.0,1052.0,0.0,0.0,0.3925855513307985
30.0,4.0,36.0,0.6,0.1,0.6,2.0,1032.0,0.0,0.0,0.39244186046511625
30.0,4.0,37.0,0.6,0.1,0.6,2.0,1033.0,0.0,0.0,0.39012584704743464
30.0,4.0,38.0,0.6,0.1,0.6,2.0,1011.0,0.0,0.0,0.390702274975272
30.0,4.0,39.0,0.6,0.1,0.6,2.0,960.0,0.0,0.0,0.39479166666666665
30.0,4.0,40.0,0.6,0.1,0.6,2.0,927.0,0.0,0.0,0.3969795037756203
30.0,4.0,41.0,0.6,0.1,0.6,2.0,928.0,0.0,0.0,0.3933189655172414
30.0,4.0,42.0,0.6,0.1,0.6,2.0,876.0,0.0,0.0,0.4041095890410959
30.0,4.0,43.0,0.6,0.1,0.6,2.0,875.0,0.0,0.0,0.4
30.0,4.0,44.0,0.6,0.1,0.6,2.0,858.0,0.0,0.0,0.40326340326340326
30.0,4.0,45.0,0.6,0.1,0.6,2.0,832.0,0.0,0.0,0.6382211538461539
30.0,4.0,46.0,0.6,0.1,0.6,2.0,815.0,0.0,0.0,0.6417177914110429
30.0,4.0,47.0,0.6,0.1,0.6,2.0,754.0,0.0,0.0,0.6511936339522546
30.0,4.0,48.0,0.6,0.1,0.6,2.0,763.0,0.0,0.0,0.6500655307994757
30.0,4.0,49.0,0.6,0.1,0.6,2.0,736.0,0.0,0.0,0.654891304347826
30.0,4.0,50.0,0.6,0.1,0.6,2.0,724.0,0.0,0.0,0.6574585635359116
30.0,4.0,51.0,0.6,0.1,0.6,2.0,710.0,0.0,0.0,0.6605633802816901
30.0,4.0,52.0,0.6,0.1,0.6,2.0,708.0,0.0,0.0,0.6610169491525424
30.0,5.0,1.0,0.6,0.1,0.6,2.0,706.0,0.0,0.0,0.6586402266288952
30.0,5.0,2.0,0.6,0.1,0.6,2.0,702.0,0.0,0.0,0.6581196581196581
30.0,5.0,3.0,0.6,0.1,0.6,2.0,696.0,0.0,0.0,0.6580459770114943
30.0,5.0,4.0,0.6,0.1,0.6,2.0,692.0,0.0,0.0,0.6604046242774566
30.0,5.0,5.0,0.6,0.1,0.6,2.0,690.0,0.0,0.0,0.6565217391304348
30.0,5.0,6.0,0.6,0.1,0.6,2.0,686.0,0.0,0.0,0.6559766763848397
30.0,5.0,7.0,0.6,0.1,0.6,2.0,687.0,0.0,0.0,0.6564774381368268
30.0,5.0,8.0,0.6,0.1,0.6,2.0,671.0,0.0,0.0,0.6587183308494784
30.0,5.0,9.0,0.6,0.1,0.6,2.0,656.0,0.0,0.0,0.663109756097561
30.0,5.0,10.0,0.6,0.1,0.6,2.0,648.0,0.0,0.0,0.6666666666666666
30.0,5.0,11.0,0.6,0.1,0.6,2.0,647.0,0.0,0.0,0.6676970633693973
30.0,5.0,12.0,0.6,0.1,0.6,2.0,644.0,0.0,0.0,0.6677018633540373
30.0,5.0,13.0,0.6,0.1,0.6,2.0,643.0,0.0,0.0,0.6671850699844479
30.0,5.0,14.0,0.6,0.1,0.6,2.0,638.0,0.0,0.0,0.6661442006269592
30.0,5.0,15.0,0.6,0.1,0.6,2.0,636.0,0.0,0.0,0.6650943396226415
30.0,5.0,16.0,0.6,0.1,0.6,2.0,637.0,0.0,0.0,0.6656200941915228
30.0,5.0,17.0,0.6,0.1,0.6,2.0,634.0,0.0,0.0,0.6640378548895899
30.0,5.0,18.0,0.6,0.1,0.6,2.0,635.0,0.0,0.0,0.6645669291338583
30.0,5.0,19.0,0.6,0.1,0.6,2.0,632.0,0.0,0.0,0.6629746835443038
30.0,5.0,20.0,0.6,0.1,0.6,2.0,1103.0,0.0,0.0,0.3798730734360834
30.0,5.0,21.0,0.6,0.1,0.6,2.0,1072.0,0.0,0.0,0.38619402985074625
30.0,5.0,22.0,0.6,0.1,0.6,2.0,1070.0,0.0,0.0,0.3850467289719626
30.0,5.0,23.0,0.6,0.1,0.6,2.0,1045.0,0.0,0.0,0.38851674641148326
30.0,5.0,24.0,0.6,0.1,0.6,2.0,1041.0,0.0,0.0,0.3871277617675312
30.0,5.0,25.0,0.6,0.1,0.6,2.0,1015.0,0.0,0.0,0.387192118226601
30.0,5.0,26.0,0.6,0.1,0.6,2.0,1028.0,0.0,0.0,0.3842412451361868
30.0,5.0,27.0,0.6,0.1,0.6,2.0,998.0,0.0,0.0,0.3877755511022044
30.0,5.0,28.0,0.6,0.1,0.6,2.0,996.0,0.0,0.0,0.38353413654618473
30.0,5.0,29.0,0.6,0.1,0.6,2.0,932.0,0.0,0.0,0.3905579399141631
30.0,5.0,30.0,0.6,0.1,0.6,2.0,908.0,0.0,0.0,0.38876651982378857
30.0,5.0,31.0,0.6,0.1,0.6,2.0,877.0,0.0,0.0,0.39680729760547323
30.0,5.0,32.0,0.6,0.1,0.6,2.0,866.0,0.0,0.0,0.38799076212471134
30.0,5.0,33.0,0.6,0.1,0.6,2.0,849.0,0.0,0.0,0.38869257950530034
30.0,5.0,34.0,0.6,0.1,0.6,2.0,857.0,0.0,0.0,0.38739789964994165
30.0,5.0,35.0,0.6,0.1,0.6,2.0,811.0,0.0,0.0,0.3933415536374846
30.0,5.0,36.0,0.6,0.1,0.6,2.0,823.0,0.0,0.0,0.39125151883353587
30.0,5.0,37.0,0.6,0.1,0.6,2.0,786.0,0.0,0.0,0.3944020356234097
30.0,5.0,38.0,0.6,0.1,0.6,2.0,797.0,0.0,0.0,0.39523212045169387
30.0,5.0,39.0,0.6,0.1,0.6,2.0,744.0,0.0,0.0,0.3978494623655914
30.0,5.0,40.0,0.6,0.1,0.6,2.0,750.0,0.0,0.0,0.4013333333333333
30.0,5.0,41.0,0.6,0.1,0.6,2.0,729.0,0.0,0.0,0.3991769547325103
30.0,5.0,42.0,0.6,0.1,0.6,2.0,726.0,0.0,0.0,0.4035812672176309
30.0,5.0,43.0,0.6,0.1,0.6,2.0,717.0,0.0,0.0,0.398884239888424
30.0,5.0,44.0,0.6,0.1,0.6,2.0,722.0,0.0,0.0,0.40304709141274236
30.0,5.0,45.0,0.6,0.1,0.6,2.0,702.0,0.0,0.0,0.6410256410256411
30.0,5.0,46.0,0.6,0.1,0.6,2.0,703.0,0.0,0.0,0.6443812233285917
30.0,5.0,47.0,0.6,0.1,0.6,2.0,673.0,0.0,0.0,0.6389301634472511
30.0,5.0,48.0,0.6,0.1,0.6,2.0,661.0,0.0,0.0,0.653555219364599
30.0,5.0,49.0,0.6,0.1,0.6,2.0,617.0,0.0,0.0,0.6547811993517018
30.0,5.0,50.0,0.6,0.1,0.6,2.0,625.0,0.0,0.0,0.656
30.0,5.0,51.0,0.6,0.1,0.6,2.0,616.0,0.0,0.0,0.6525974025974026
30.0,5.0,52.0,0.6,0.1,0.6,2.0,623.0,0.0,0.0,0.6548956661316212
30.0,6.0,1.0,0.6,0.1,0.6,2.0,597.0,0.0,0.0,0.6432160804020101
30.0,6.0,2.0,0.6,0.1,0.6,2.0,594.0,0.0,0.0,0.6498316498316499
30.0,6.0,3.0,0.6,0.1,0.6,2.0,592.0,0.0,0.0,0.6452702702702703
30.0,6.0,4.0,0.6,0.1,0.6,2.0,593.0,0.0,0.0,0.6526138279932546
30.0,6.0,5.0,0.6,0.1,0.6,2.0,590.0,0.0,0.0,0.6457627118644068
30.0,6.0,6.0,0.6,0.1,0.6,2.0,589.0,0.0,0.0,0.6519524617996605
30.0,6.0,7.0,0.6,0.1,0.6,2.0,585.0,0.0,0.0,0.6427350427350428
30.0,6.0,8.0,0.6,0.1,0.6,2.0,585.0,0.0,0.0,0.6512820512820513
30.0,6.0,9.0,0.6,0.1,0.6,2.0,580.0,0.0,0.0,0.6431034482758621
30.0,6.0,10.0,0.6,0.1,0.6,2.0,582.0,0.0,0.0,0.6512027491408935
30.0,6.0,11.0,0.6,0.1,0.6,2.0,577.0,0.0,0.0,0.6395147313691508
30.0,6.0,12.0,0.6,0.1,0.6,2.0,580.0,0.0,0.0,0.6482758620689655
30.0,6.0,13.0,0.6,0.1,0.6,2.0,564.0,0.0,0.0,0.6418439716312057
30.0,6.0,14.0,0.6,0.1,0.6,2.0,567.0,0.0,0.0,0.6525573192239859
30.0,6.0,15.0,0.6,0.1,0.6,2.0,564.0,0.0,0.0,0.6418439716312057
30.0,6.0,16.0,0.6,0.1,0.6,2.0,563.0,0.0,0.0,0.650088809946714
30.0,6.0,17.0,0.6,0.1,0.6,2.0,559.0,0.0,0.0,0.6404293381037567
30.0,6.0,18.0,0.6,0.1,0.6,2.0,561.0,0.0,0.0,0.6488413547237076
30.0,6.0,19.0,0.6,0.1,0.6,2.0,556.0,0.0,0.0,0.6366906474820144
30.0,6.0,20.0,0.6,0.1,0.6,2.0,966.0,0.0,0.0,0.37163561076604557
30.0,6.0,21.0,0.6,0.1,0.6,2.0,927.0,0.0,0.0,0.37216828478964403
30.0,6.0,22.0,0.6,0.1,0.6,2.0,902.0,0.0,0.0,0.38470066518847007
30.0,6.0,23.0,0.6,0.1,0.6,2.0,862.0,0.0,0.0,0.38167053364269143
30.0,6.0,24.0,0.6,0.1,0.6,2.0,834.0,0.0,0.0,0.3932853717026379
30.0,6.0,25.0,0.6,0.1,0.6,2.0,828.0,0.0,0.0,0.38768115942028986
30.0,6.0,26.0,0.6,0.1,0.6,2.0,818.0,0.0,0.0,0.3973105134474328
30.0,6.0,27.0,0.6,0.1,0.6,2.0,772.0,0.0,0.0,0.39378238341968913
30.0,6.0,28.0,0.6,0.1,0.6,2.0,773.0,0.0,0.0,0.40103492884864167
30.0,6.0,29.0,0.6,0.1,0.6,2.0,752.0,0.0,0.0,0.3962765957446808
30.0,6.0,30.0,0.6,0.1,0.6,2.0,698.0,0.0,0.0,0.3997134670487106
30.0,6.0,31.0,0.6,0.1,0.6,2.0,660.0,0.0,0.0,0.4015151515151515
30.0,6.0,32.0,0.6,0.1,0.6,2.0,649.0,0.0,0.0,0.4067796610169492
30.0,6.0,33.0,0.6,0.1,0.6,2.0,642.0,0.0,0.0,0.40342679127725856
30.0,6.0,34.0,0.6,0.1,0.6,2.0,641.0,0.0,0.0,0.40873634945397813
30.0,6.0,35.0,0.6,0.1,0.6,2.0,647.0,0.0,0.0,0.401854714064915
30.0,6.0,36.0,0.6,0.1,0.6,2.0,642.0,0.0,0.0,0.411214953271028
30.0,6.0,37.0,0.6,0.1,0.6,2.0,636.0,0.0,0.0,0.4056603773584906
30.0,6.0,38.0,0.6,0.1,0.6,2.0,633.0,0.0,0.0,0.41390205371248023
30.0,6.0,39.0,0.6,0.1,0.6,2.0,633.0,0.0,0.0,0.4075829383886256
30.0,6.0,40.0,0.6,0.1,0.6,2.0,619.0,0.0,0.0,0.4184168012924071
30.0,6.0,41.0,0.6,0.1,0.6,2.0,610.0,0.0,0.0,0.4098360655737705
30.0,6.0,42.0,0.6,0.1,0.6,2.0,595.0,0.0,0.0,0.4235294117647059
30.0,6.0,43.0,0.6,0.1,0.6,2.0,592.0,0.0,0.0,0.4155405405405405
30.0,6.0,44.0,0.6,0.1,0.6,2.0,585.0,0.0,0.0,0.4239316239316239
30.0,6.0,45.0,0.6,0.1,0.6,2.0,577.0,0.0,0.0,0.6481802426343154
30.0,6.0,46.0,0.6,0.1,0.6,2.0,578.0,0.0,0.0,0.6505190311418685
30.0,6.0,47.0,0.6,0.1,0.6,2.0,573.0,0.0,0.0,0.6509598603839442
30.0,6.0,48.0,0.6,0.1,0.6,2.0,577.0,0.0,0.0,0.6499133448873483
30.0,6.0,49.0,0.6,0.1,0.6,2.0,571.0,0.0,0.0,0.6532399299474606
30.0,6.0,50.0,0.6,0.1,0.6,2.0,573.0,0.0,0.0,0.6544502617801047
30.0,6.0,51.0,0.6,0.1,0.6,2.0,556.0,0.0,0.0,0.658273381294964
30.0,6.0,52.0,0.6,0.1,0.6,2.0,558.0,0.0,0.0,0.6594982078853047
30.0,7.0,1.0,0.6,0.1,0.6,2.0,556.0,0.0,0.0,0.658273381294964
30.0,7.0,2.0,0.6,0.1,0.6,2.0,558.0,0.0,0.0,0.6594982078853047
30.0,7.0,3.0,0.6,0.1,0.6,2.0,555.0,0.0,0.0,0.6576576576576577
30.0,7.0,4.0,0.6,0.1,0.6,2.0,557.0,0.0,0.0,0.6588868940754039
30.0,7.0,5.0,0.6,0.1,0.6,2.0,555.0,0.0,0.0,0.6576576576576577
30.0,7.0,6.0,0.6,0.1,0.6,2.0,557.0,0.0,0.0,0.6606822262118492
30.0,7.0,7.0,0.6,0.1,0.6,2.0,552.0,0.0,0.0,0.657608695652174
30.0,7.0,8.0,0.6,0.1,0.6,2.0,552.0,0.0,0.0,0.6612318840579711
30.0,7.0,9.0,0.6,0.1,0.6,2.0,547.0,0.0,0.0,0.6617915904936015
30.0,7.0,10.0,0.6,0.1,0.6,2.0,550.0,0.0,0.0,0.6636363636363637
30.0,7.0,11.0,0.6,0.1,0.6,2.0,543.0,0.0,0.0,0.6629834254143646
30.0,7.0,12.0,0.6,0.1,0.6,2.0,547.0,0.0,0.0,0.6654478976234004
30.0,7.0,13.0,0.6,0.1,0.6,2.0,540.0,0.0,0.0,0.6611111111111111
30.0,7.0,14.0,0.6,0.1,0.6,2.0,546.0,0.0,0.0,0.663003663003663
30.0,7.0,15.0,0.6,0.1,0.6,2.0,539.0,0.0,0.0,0.6641929499072357
30.0,7.0,16.0,0.6,0.1,0.6,2.0,546.0,0.0,0.0,0.6648351648351648
30.0,7.0,17.0,0.6,0.1,0.6,2.0,539.0,0.0,0.0,0.6641929499072357
30.0,7.0,18.0,0.6,0.1,0.6,2.0,544.0,0.0,0.0,0.6654411764705882
30.0,7.0,19.0,0.6,0.1,0.6,2.0,538.0,0.0,0.0,0.6635687732342007
30.0,7.0,20.0,0.6,0.1,0.6,2.0,950.0,0.0,0.0,0.38
30.0,7.0,21.0,0.6,0.1,0.6,2.0,934.0,0.0,0.0,0.3811563169164882
30.0,7.0,22.0,0.6,0.1,0.6,2.0,924.0,0.0,0.0,0.37987012987012986
30.0,7.0,23.0,0.6,0.1,0.6,2.0,902.0,0.0,0.0,0.38470066518847007
30.0,7.0,24.0,0.6,0.1,0.6,2.0,864.0,0.0,0.0,0.3888888888888889
30.0,7.0,25.0,0.6,0.1,0.6,2.0,832.0,0.0,0.0,0.39302884615384615
30.0,7.0,26.0,0.6,0.1,0.6,2.0,843.0,0.0,0.0,0.3926453143534994
30.0,7.0,27.0,0.6,0.1,0.6,2.0,792.0,0.0,0.0,0.3939393939393939
30.0,7.0,28.0,0.6,0.1,0.6,2.0,802.0,0.0,0.0,0.3940149625935162
30.0,7.0,29.0,0.6,0.1,0.6,2.0,767.0,0.0,0.0,0.3963494132985658
30.0,7.0,30.0,0.6,0.1,0.6,2.0,753.0,0.0,0.0,0.3930942895086321
30.0,7.0,31.0,0.6,0.1,0.6,2.0,743.0,0.0,0.0,0.3943472409152086
30.0,7.0,32.0,0.6,0.1,0.6,2.0,739.0,0.0,0.0,0.39648173207036536
30.0,7.0,33.0,0.6,0.1,0.6,2.0,728.0,0.0,0.0,0.39697802197802196
30.0,7.0,34.0,0.6,0.1,0.6,2.0,738.0,0.0,0.0,0.3956639566395664
30.0,7.0,35.0,0.6,0.1,0.6,2.0,703.0,0.0,0.0,0.3968705547652916
30.0,7.0,36.0,0.6,0.1,0.6,2.0,688.0,0.0,0.0,0.39825581395348836
30.0,7.0,37.0,0.6,0.1,0.6,2.0,675.0,0.0,0.0,0.397037037037037
30.0,7.0,38.0,0.6,0.1,0.6,2.0,674.0,0.0,0.0,0.39762611275964393
30.0,7.0,39.0,0.6,0.1,0.6,2.0,663.0,0.0,0.0,0.39668174962292607
30.0,7.0,40.0,0.6,0.1,0.6,2.0,673.0,0.0,0.0,0.39821693907875183
30.0,7.0,41.0,0.6,0.1,0.6,2.0,647.0,0.0,0.0,0.3972179289026275
30.0,7.0,42.0,0.6,0.1,0.6,2.0,657.0,0.0,0.0,0.3987823439878234
30.0,7.0,43.0,0.6,0.1,0.6,2.0,630.0,0.0,0.0,0.4
30.0,7.0,44.0,0.6,0.1,0.6,2.0,629.0,0.0,0.0,0.40540540540540543
30.0,7.0,45.0,0.6,0.1,0.6,2.0,607.0,0.0,0.0,0.6672158154859967
30.0,7.0,46.0,0.6,0.1,0.6,2.0,604.0,0.0,0.0,0.6672185430463576
30.0,7.0,47.0,0.6,0.1,0.6,2.0,594.0,0.0,0.0,0.67003367003367
30.0,7.0,48.0,0.6,0.1,0.6,2.0,604.0,0.0,0.0,0.6672185430463576
30.0,7.0,49.0,0.6,0.1,0.6,2.0,593.0,0.0,0.0,0.6694772344013491
30.0,7.0,50.0,0.6,0.1,0.6,2.0,599.0,0.0,0.0,0.667779632721202
30.0,7.0,51.0,0.6,0.1,0.6,2.0,600.0,0.0,0.0,0.6666666666666666
30.0,7.0,52.0,0.6,0.1,0.6,2.0,599.0,0.0,0.0,0.667779632721202
30.0,8.0,1.0,0.6,0.1,0.6,2.0,598.0,0.0,0.0,0.6655518394648829
30.0,8.0,2.0,0.6,0.1,0.6,2.0,594.0,0.0,0.0,0.67003367003367
30.0,8.0,3.0,0.6,0.1,0.6,2.0,594.0,0.0,0.0,0.6666666666666666
30.0,8.0,4.0,0.6,0.1,0.6,2.0,591.0,0.0,0.0,0.6683587140439933
30.0,8.0,5.0,0.6,0.1,0.6,2.0,591.0,0.0,0.0,0.6683587140439933
30.0,8.0,6.0,0.6,0.1,0.6,2.0,575.0,0.0,0.0,0.6730434782608695
30.0,8.0,7.0,0.6,0.1,0.6,2.0,577.0,0.0,0.0,0.6724436741767764
30.0,8.0,8.0,0.6,0.1,0.6,2.0,576.0,0.0,0.0,0.6736111111111112
30.0,8.0,9.0,0.6,0.1,0.6,2.0,575.0,0.0,0.0,0.6730434782608695
30.0,8.0,10.0,0.6,0.1,0.6,2.0,565.0,0.0,0.0,0.6814159292035398
30.0,8.0,11.0,0.6,0.1,0.6,2.0,563.0,0.0,0.0,0.6820603907637656
30.0,8.0,12.0,0.6,0.1,0.6,2.0,564.0,0.0,0.0,0.6808510638297872
30.0,8.0,13.0,0.6,0.1,0.6,2.0,562.0,0.0,0.0,0.6832740213523132
30.0,8.0,14.0,0.6,0.1,0.6,2.0,565.0,0.0,0.0,0.679646017699115
30.0,8.0,15.0,0.6,0.1,0.6,2.0,563.0,0.0,0.0,0.6802841918294849
30.0,8.0,16.0,0.6,0.1,0.6,2.0,565.0,0.0,0.0,0.679646017699115
30.0,8.0,17.0,0.6,0.1,0.6,2.0,562.0,0.0,0.0,0.6797153024911032
30.0,8.0,18.0,0.6,0.1,0.6,2.0,563.0,0.0,0.0,0.6785079928952042
30.0,8.0,19.0,0.6,0.1,0.6,2.0,561.0,0.0,0.0,0.679144385026738
30.0,8.0,20.0,0.6,0.1,0.6,2.0,933.0,0.0,0.0,0.40836012861736337
30.0,8.0,21.0,0.6,0.1,0.6,2.0,928.0,0.0,0.0,0.40948275862068967
30.0,8.0,22.0,0.6,0.1,0.6,2.0,933.0,0.0,0.0,0.40836012861736337
30.0,8.0,23.0,0.6,0.1,0.6,2.0,915.0,0.0,0.0,0.41202185792349727
30.0,8.0,24.0,0.6,0.1,0.6,2.0,908.0,0.0,0.0,0.4118942731277533
30.0,8.0,25.0,0.6,0.1,0.6,2.0,892.0,0.0,0.0,0.4170403587443946
30.0,8.0,26.0,0.6,0.1,0.6,2.0,874.0,0.0,0.0,0.4107551487414188
30.0,8.0,27.0,0.6,0.1,0.6,2.0,869.0,0.0,0.0,0.41196777905638665
30.0,8.0,28.0,0.6,0.1,0.6,2.0,863.0,0.0,0.0,0.4148319814600232
30.0,8.0,29.0,0.6,0.1,0.6,2.0,855.0,0.0,0.0,0.41403508771929826
30.0,8.0,30.0,0.6,0.1,0.6,2.0,813.0,0.0,0.0,0.42435424354243545
30.0,8.0,31.0,0.6,0.1,0.6,2.0,794.0,0.0,0.0,0.4256926952141058
30.0,8.0,32.0,0.6,0.1,0.6,2.0,762.0,0.0,0.0,0.4304461942257218
30.0,8.0,33.0,0.6,0.1,0.6,2.0,755.0,0.0,0.0,0.4304635761589404
30.0,8.0,34.0,0.6,0.1,0.6,2.0,739.0,0.0,0.0,0.4397834912043302
30.0,8.0,35.0,0.6,0.1,0.6,2.0,728.0,0.0,0.0,0.4340659340659341
30.0,8.0,36.0,0.6,0.1,0.6,2.0,723.0,0.0,0.0,0.4384508990318119
30.0,8.0,37.0,0.6,0.1,0.6,2.0,727.0,0.0,0.0,0.4346629986244842
30.0,8.0,38.0,0.6,0.1,0.6,2.0,723.0,0.0,0.0,0.4384508990318119
30.0,8.0,39.0,0.6,0.1,0.6,2.0,711.0,0.0,0.0,0.43741209563994377
30.0,8.0,40.0,0.6,0.1,0.6,2.0,694.0,0.0,0.0,0.4438040345821326
30.0,8.0,41.0,0.6,0.1,0.6,2.0,687.0,0.0,0.0,0.4395924308588064
30.0,8.0,42.0,0.6,0.1,0.6,2.0,682.0,0.0,0.0,0.44281524926686217
30.0,8.0,43.0,0.6,0.1,0.6,2.0,687.0,0.0,0.0,0.4395924308588064
30.0,8.0,44.0,0.6,0.1,0.6,2.0,682.0,0.0,0.0,0.44281524926686217
30.0,8.0,45.0,0.6,0.1,0.6,2.0,687.0,0.0,0.0,0.660844250363901
30.0,8.0,46.0,0.6,0.1,0.6,2.0,682.0,0.0,0.0,0.6627565982404692
30.0,8.0,47.0,0.6,0.1,0.6,2.0,687.0,0.0,0.0,0.660844250363901
30.0,8.0,48.0,0.6,0.1,0.6,2.0,682.0,0.0,0.0,0.6627565982404692
30.0,8.0,49.0,0.6,0.1,0.6,2.0,687.0,0.0,0.0,0.660844250363901
30.0,8.0,50.0,0.6,0.1,0.6,2.0,683.0,0.0,0.0,0.6617862371888726
30.0,8.0,51.0,0.6,0.1,0.6,2.0,688.0,0.0,0.0,0.6613372093023255
30.0,8.0,52.0,0.6,0.1,0.6,2.0,684.0,0.0,0.0,0.6622807017543859
30.0,9.0,1.0,0.6,0.1,0.6,2.0,684.0,0.0,0.0,0.6652046783625731
30.0,9.0,2.0,0.6,0.1,0.6,2.0,684.0,0.0,0.0,0.6622807017543859
30.0,9.0,3.0,0.6,0.1,0.6,2.0,686.0,0.0,0.0,0.6618075801749271
30.0,9.0,4.0,0.6,0.1,0.6,2.0,685.0,0.0,0.0,0.6627737226277373
30.0,9.0,5.0,0.6,0.1,0.6,2.0,684.0,0.0,0.0,0.6608187134502924
30.0,9.0,6.0,0.6,0.1,0.6,2.0,682.0,0.0,0.0,0.6627565982404692
30.0,9.0,7.0,0.6,0.1,0.6,2.0,684.0,0.0,0.0,0.6608187134502924
30.0,9.0,8.0,0.6,0.1,0.6,2.0,683.0,0.0,0.0,0.6632503660322109
30.0,9.0,9.0,0.6,0.1,0.6,2.0,683.0,0.0,0.0,0.6617862371888726
30.0,9.0,10.0,0.6,0.1,0.6,2.0,670.0,0.0,0.0,0.664179104477612
30.0,9.0,11.0,0.6,0.1,0.6,2.0,670.0,0.0,0.0,0.6611940298507463
30.0,9.0,12.0,0.6,0.1,0.6,2.0,670.0,0.0,0.0,0.6656716417910448
30.0,9.0,13.0,0.6,0.1,0.6,2.0,668.0,0.0,0.0,0.6616766467065869
30.0,9.0,14.0,0.6,0.1,0.6,2.0,668.0,0.0,0.0,0.6661676646706587
30.0,9.0,15.0,0.6,0.1,0.6,2.0,669.0,0.0,0.0,0.6621823617339312
30.0,9.0,16.0,0.6,0.1,0.6,2.0,667.0,0.0,0.0,0.6656671664167916
30.0,9.0,17.0,0.6,0.1,0.6,2.0,668.0,0.0,0.0,0.6631736526946108
30.0,9.0,18.0,0.6,0.1,0.6,2.0,656.0,0.0,0.0,0.6676829268292683
30.0,9.0,19.0,0.6,0.1,0.6,2.0,658.0,0.0,0.0,0.6641337386018237
30.0,9.0,20.0,0.6,0.1,0.6,2.0,1056.0,0.0,0.0,0.3939393939393939
30.0,9.0,21.0,0.6,0.1,0.6,2.0,1042.0,0.0,0.0,0.39539347408829173
30.0,9.0,22.0,0.6,0.1,0.6,2.0,1005.0,0.0,0.0,0.39601990049751246
30.0,9.0,23.0,0.6,0.1,0.6,2.0,952.0,0.0,0.0,0.4065126050420168
30.0,9.0,24.0,0.6,0.1,0.6,2.0,945.0,0.0,0.0,0.4095238095238095
30.0,9.0,25.0,0.6,0.1,0.6,2.0,951.0,0.0,0.0,0.4069400630914827
30.0,9.0,26.0,0.6,0.1,0.6,2.0,941.0,0.0,0.0,0.4112646121147715
30.0,9.0,27.0,0.6,0.1,0.6,2.0,931.0,0.0,0.0,0.40816326530612246
30.0,9.0,28.0,0.6,0.1,0.6,2.0,913.0,0.0,0.0,0.4129244249726177
30.0,9.0,29.0,0.6,0.1,0.6,2.0,915.0,0.0,0.0,0.41202185792349727
30.0,9.0,30.0,0.6,0.1,0.6,2.0,874.0,0.0,0.0,0.41990846681922195
30.0,9.0,31.0,0.6,0.1,0.6,2.0,868.0,0.0,0.0,0.41935483870967744
30.0,9.0,32.0,0.6,0.1,0.6,2.0,839.0,0.0,0.0,0.42431466030989273
30.0,9.0,33.0,0.6,0.1,0.6,2.0,845.0,0.0,0.0,0.421301775147929
30.0,9.0,34.0,0.6,0.1,0.6,2.0,839.0,0.0,0.0,0.42431466030989273
30.0,9.0,35.0,0.6,0.1,0.6,2.0,830.0,0.0,0.0,0.42409638554216866
30.0,9.0,36.0,0.6,0.1,0.6,2.0,820.0,0.0,0.0,0.4268292682926829
30.0,9.0,37.0,0.6,0.1,0.6,2.0,809.0,0.0,0.0,0.4252163164400494
30.0,9.0,38.0,0.6,0.1,0.6,2.0,806.0,0.0,0.0,0.4292803970223325
30.0,9.0,39.0,0.6,0.1,0.6,2.0,809.0,0.0,0.0,0.4252163164400494
30.0,9.0,40.0,0.6,0.1,0.6,2.0,795.0,0.0,0.0,0.43144654088050316
30.0,9.0,41.0,0.6,0.1,0.6,2.0,794.0,0.0,0.0,0.42947103274559195
30.0,9.0,42.0,0.6,0.1,0.6,2.0,768.0,0.0,0.0,0.4388020833333333
30.0,9.0,43.0,0.6,0.1,0.6,2.0,750.0,0.0,0.0,0.436
30.0,9.0,44.0,0.6,0.1,0.6,2.0,729.0,0.0,0.0,0.4458161865569273
30.0,9.0,45.0,0.6,0.1,0.6,2.0,732.0,0.0,0.0,0.6721311475409836
30.0,9.0,46.0,0.6,0.1,0.6,2.0,718.0,0.0,0.0,0.6824512534818942
30.0,9.0,47.0,0.6,0.1,0.6,2.0,717.0,0.0,0.0,0.6820083682008368
30.0,9.0,48.0,0.6,0.1,0.6,2.0,718.0,0.0,0.0,0.6824512534818942
30.0,9.0,49.0,0.6,0.1,0.6,2.0,717.0,0.0,0.0,0.6820083682008368
30.0,9.0,50.0,0.6,0.1,0.6,2.0,716.0,0.0,0.0,0.6871508379888268
30.0,9.0,51.0,0.6,0.1,0.6,2.0,718.0,0.0,0.0,0.6824512534818942
30.0,9.0,52.0,0.6,0.1,0.6,2.0,716.0,0.0,0.0,0.6871508379888268
30.0,10.0,1.0,0.6,0.1,0.6,2.0,715.0,0.0,0.0,0.6853146853146853
30.0,10.0,2.0,0.6,0.1,0.6,2.0,701.0,0.0,0.0,0.6890156918687589
30.0,10.0,3.0,0.6,0.1,0.6,2.0,704.0,0.0,0.0,0.6860795454545454
30.0,10.0,4.0,0.6,0.1,0.6,2.0,702.0,0.0,0.0,0.6908831908831908
30.0,10.0,5.0,0.6,0.1,0.6,2.0,705.0,0.0,0.0,0.6851063829787234
30.0,10.0,6.0,0.6,0.1,0.6,2.0,703.0,0.0,0.0,0.689900426742532
30.0,10.0,7.0,0.6,0.1,0.6,2.0,705.0,0.0,0.0,0.6851063829787234
30.0,10.0,8.0,0.6,0.1,0.6,2.0,689.0,0.0,0.0,0.690856313497823
30.0,10.0,9.0,0.6,0.1,0.6,2.0,692.0,0.0,0.0,0.684971098265896
30.0,10.0,10.0,0.6,0.1,0.6,2.0,689.0,0.0,0.0,0.6894049346879536
30.0,10.0,11.0,0.6,0.1,0.6,2.0,692.0,0.0,0.0,0.684971098265896
30.0,10.0,12.0,0.6,0.1,0.6,2.0,690.0,0.0,0.0,0.6898550724637681
30.0,10.0,13.0,0.6,0.1,0.6,2.0,688.0,0.0,0.0,0.686046511627907
30.0,10.0,14.0,0.6,0.1,0.6,2.0,690.0,0.0,0.0,0.6898550724637681
30.0,10.0,15.0,0.6,0.1,0.6,2.0,687.0,0.0,0.0,0.6870451237263464
30.0,10.0,16.0,0.6,0.1,0.6,2.0,688.0,0.0,0.0,0.690406976744186
30.0,10.0,17.0,0.6,0.1,0.6,2.0,677.0,0.0,0.0,0.6853766617429837
30.0,10.0,18.0,0.6,0.1,0.6,2.0,678.0,0.0,0.0,0.6887905604719764
30.0,10.0,19.0,0.6,0.1,0.6,2.0,678.0,0.0,0.0,0.6858407079646017
30.0,10.0,20.0,0.6,0.1,0.6,2.0,1119.0,0.0,0.0,0.3905272564789991
30.0,10.0,21.0,0.6,0.1,0.6,2.0,1096.0,0.0,0.0,0.395985401459854
30.0,10.0,22.0,0.6,0.1,0.6,2.0,1053.0,0.0,0.0,0.39886039886039887
30.0,10.0,23.0,0.6,0.1,0.6,2.0,1046.0,0.0,0.0,0.4005736137667304
30.0,10.0,24.0,0.6,0.1,0.6,2.0,983.0,0.0,0.0,0.40488301119023395
30.0,10.0,25.0,0.6,0.1,0.6,2.0,970.0,0.0,0.0,0.4061855670103093
30.0,10.0,26.0,0.6,0.1,0.6,2.0,970.0,0.0,0.0,0.4072164948453608
30.0,10.0,27.0,0.6,0.1,0.6,2.0,962.0,0.0,0.0,0.40540540540540543
30.0,10.0,28.0,0.6,0.1,0.6,2.0,950.0,0.0,0.0,0.4073684210526316
30.0,10.0,29.0,0.6,0.1,0.6,2.0,935.0,0.0,0.0,0.40855614973262033
30.0,10.0,30.0,0.6,0.1,0.6,2.0,924.0,0.0,0.0,0.41233766233766234
30.0,10.0,31.0,0.6,0.1,0.6,2.0,908.0,0.0,0.0,0.4129955947136564
30.0,10.0,32.0,0.6,0.1,0.6,2.0,897.0,0.0,0.0,0.4158305462653289
30.0,10.0,33.0,0.6,0.1,0.6,2.0,880.0,0.0,0.0,0.4193181818181818
30.0,10.0,34.0,0.6,0.1,0.6,2.0,864.0,0.0,0.0,0.42476851851851855
30.0,10.0,35.0,0.6,0.1,0.6,2.0,864.0,0.0,0.0,0.4236111111111111
30.0,10.0,36.0,0.6,0.1,0.6,2.0,865.0,0.0,0.0,0.42427745664739885
30.0,10.0,37.0,0.6,0.1,0.6,2.0,864.0,0.0,0.0,0.4236111111111111
30.0,10.0,38.0,0.6,0.1,0.6,2.0,864.0,0.0,0.0,0.42476851851851855
30.0,10.0,39.0,0.6,0.1,0.6,2.0,862.0,0.0,0.0,0.4234338747099768
30.0,10.0,40.0,0.6,0.1,0.6,2.0,864.0,0.0,0.0,0.42476851851851855
30.0,10.0,41.0,0.6,0.1,0.6,2.0,851.0,0.0,0.0,0.42655699177438305
30.0,10.0,42.0,0.6,0.1,0.6,2.0,840.0,0.0,0.0,0.42857142857142855
30.0,10.0,43.0,0.6,0.1,0.6,2.0,811.0,0.0,0.0,0.42909987669543775
30.0,10.0,44.0,0.6,0.1,0.6,2.0,798.0,0.0,0.0,0.4323308270676692
30.0,10.0,45.0,0.6,0.1,0.6,2.0,798.0,0.0,0.0,0.6553884711779449
30.0,10.0,46.0,0.6,0.1,0.6,2.0,798.0,0.0,0.0,0.656641604010025
30.0,10.0,47.0,0.6,0.1,0.6,2.0,787.0,0.0,0.0,0.6581956797966964
30.0,10.0,48.0,0.6,0.1,0.6,2.0,787.0,0.0,0.0,0.6594663278271918
30.0,10.0,49.0,0.6,0.1,0.6,2.0,787.0,0.0,0.0,0.6581956797966964
30.0,10.0,50.0,0.6,0.1,0.6,2.0,763.0,0.0,0.0,0.6579292267365662
30.0,10.0,51.0,0.6,0.1,0.6,2.0,765.0,0.0,0.0,0.6549019607843137
30.0,10.0,52.0,0.6,0.1,0.6,2.0,765.0,0.0,0.0,0.657516339869281
31.0,1.0,1.0,0.6,0.1,0.6,2.0,5128.0,53.0,9.0,0.592823712948518
31.0,1.0,2.0,0.6,0.1,0.6,2.0,5067.0,57.0,24.0,0.590882178804026
31.0,1.0,3.0,0.6,0.1,0.6,2.0,5045.0,63.0,32.0,0.5896927651139743
31.0,1.0,4.0,0.6,0.1,0.6,2.0,4975.0,65.0,34.0,0.591356783919598
31.0,1.0,5.0,0.6,0.1,0.6,2.0,5027.0,64.0,30.0,0.5925999602148398
31.0,1.0,6.0,0.6,0.1,0.6,2.0,4916.0,74.0,26.0,0.5935720097640358
31.0,1.0,7.0,0.6,0.1,0.6,2.0,4795.0,80.0,25.0,0.5966631908237747
31.0,1.0,8.0,0.6,0.1,0.6,2.0,4630.0,81.0,31.0,0.5952483801295896
31.0,1.0,9.0,0.6,0.1,0.6,2.0,4526.0,85.0,42.0,0.5976579761378701
31.0,1.0,10.0,0.6,0.1,0.6,2.0,4406.0,97.0,48.0,0.598729005901044
31.0,1.0,11.0,0.6,0.1,0.6,2.0,4320.0,93.0,43.0,0.6025462962962963
31.0,1.0,12.0,0.6,0.1,0.6,2.0,4183.0,94.0,43.0,0.604829070045422
31.0,1.0,13.0,0.6,0.1,0.6,2.0,4101.0,93.0,44.0,0.606925140209705
31.0,1.0,14.0,0.6,0.1,0.6,2.0,3948.0,95.0,46.0,0.6089159067882473
31.0,1.0,15.0,0.6,0.1,0.6,2.0,3888.0,87.0,46.0,0.6147119341563786
31.0,1.0,16.0,0.6,0.1,0.6,2.0,3786.0,81.0,46.0,0.6164817749603804
31.0,1.0,17.0,0.6,0.1,0.6,2.0,3710.0,70.0,44.0,0.6188679245283019
31.0,1.0,18.0,0.6,0.1,0.6,2.0,3586.0,70.0,37.0,0.6210262130507529
31.0,1.0,19.0,0.6,0.1,0.6,2.0,3554.0,62.0,33.0,0.6252110298255487
31.0,1.0,20.0,0.6,0.1,0.6,2.0,6586.0,52.0,29.0,0.3316125113877923
31.0,1.0,21.0,0.6,0.1,0.6,2.0,6078.0,68.0,23.0,0.3376110562685094
31.0,1.0,22.0,0.6,0.1,0.6,2.0,5826.0,69.0,24.0,0.33848266392035703
31.0,1.0,23.0,0.6,0.1,0.6,2.0,5646.0,68.0,25.0,0.3393552957846263
31.0,1.0,24.0,0.6,0.1,0.6,2.0,5418.0,83.0,34.0,0.3418235511258767
31.0,1.0,25.0,0.6,0.1,0.6,2.0,5201.0,93.0,37.0,0.34474139588540664
31.0,1.0,26.0,0.6,0.1,0.6,2.0,4947.0,104.0,40.0,0.3488983222154841
31.0,1.0,27.0,0.6,0.1,0.6,2.0,4774.0,106.0,43.0,0.35379136992040217
31.0,1.0,28.0,0.6,0.1,0.6,2.0,4577.0,110.0,44.0,0.35459908236836357
31.0,1.0,29.0,0.6,0.1,0.6,2.0,4399.0,118.0,49.0,0.35576267333484884
31.0,1.0,30.0,0.6,0.1,0.6,2.0,4264.0,122.0,51.0,0.3574108818011257
31.0,1.0,31.0,0.6,0.1,0.6,2.0,4075.0,124.0,59.0,0.36122699386503065
31.0,1.0,32.0,0.6,0.1,0.6,2.0,3967.0,142.0,67.0,0.3634988656415427
31.0,1.0,33.0,0.6,0.1,0.6,2.0,3871.0,149.0,60.0,0.3665719452337897
31.0,1.0,34.0,0.6,0.1,0.6,2.0,3683.0,136.0,50.0,0.370893293510725
31.0,1.0,35.0,0.6,0.1,0.6,2.0,3591.0,136.0,52.0,0.37287663603453075
31.0,1.0,36.0,0.6,0.1,0.6,2.0,3418.0,140.0,64.0,0.3756582796957285
31.0,1.0,37.0,0.6,0.1,0.6,2.0,3281.0,142.0,67.0,0.37915269734836937
31.0,1.0,38.0,0.6,0.1,0.6,2.0,3161.0,143.0,66.0,0.3831066118316988
31.0,1.0,39.0,0.6,0.1,0.6,2.0,3096.0,146.0,59.0,0.3866279069767442
31.0,1.0,40.0,0.6,0.1,0.6,2.0,2992.0,139.0,69.0,0.3917112299465241
31.0,1.0,41.0,0.6,0.1,0.6,2.0,2871.0,145.0,69.0,0.3946360153256705
31.0,1.0,42.0,0.6,0.1,0.6,2.0,2834.0,160.0,76.0,0.3976711362032463
31.0,1.0,43.0,0.6,0.1,0.6,2.0,2778.0,160.0,77.0,0.4017278617710583
31.0,1.0,44.0,0.6,0.1,0.6,2.0,2655.0,152.0,77.0,0.4090395480225989
31.0,1.0,45.0,0.6,0.1,0.6,2.0,2596.0,158.0,78.0,0.662557781201849
31.0,1.0,46.0,0.6,0.1,0.6,2.0,2510.0,139.0,67.0,0.6669322709163347
31.0,1.0,47.0,0.6,0.1,0.6,2.0,2408.0,120.0,58.0,0.670265780730897
31.0,1.0,48.0,0.6,0.1,0.6,2.0,2368.0,109.0,62.0,0.6735641891891891
31.0,1.0,49.0,0.6,0.1,0.6,2.0,2298.0,95.0,60.0,0.6775456919060052
31.0,1.0,50.0,0.6,0.1,0.6,2.0,2171.0,88.0,51.0,0.6794104099493321
31.0,1.0,51.0,0.6,0.1,0.6,2.0,2134.0,75.0,46.0,0.6818181818181818
31.0,1.0,52.0,0.6,0.1,0.6,2.0,2061.0,64.0,43.0,0.6860747210092188
31.0,2.0,1.0,0.6,0.1,0.6,2.0,2020.0,58.0,38.0,0.691089108910891
31.0,2.0,2.0,0.6,0.1,0.6,2.0,1992.0,48.0,26.0,0.6977911646586346
31.0,2.0,3.0,0.6,0.1,0.6,2.0,1964.0,38.0,18.0,0.7016293279022403
31.0,2.0,4.0,0.6,0.1,0.6,2.0,1921.0,31.0,15.0,0.706923477355544
31.0,2.0,5.0,0.6,0.1,0.6,2.0,1913.0,32.0,15.0,0.7062205959226346
31.0,2.0,6.0,0.6,0.1,0.6,2.0,1833.0,28.0,15.0,0.7092198581560284
31.0,2.0,7.0,0.6,0.1,0.6,2.0,1793.0,25.0,12.0,0.7122141662018963
31.0,2.0,8.0,0.6,0.1,0.6,2.0,1744.0,24.0,17.0,0.716743119266055
31.0,2.0,9.0,0.6,0.1,0.6,2.0,1717.0,24.0,18.0,0.7186953989516599
31.0,2.0,10.0,0.6,0.1,0.6,2.0,1683.0,22.0,14.0,0.720736779560309
31.0,2.0,11.0,0.6,0.1,0.6,2.0,1669.0,15.0,8.0,0.7243858597962852
31.0,2.0,12.0,0.6,0.1,0.6,2.0,1640.0,13.0,4.0,0.725609756097561
31.0,2.0,13.0,0.6,0.1,0.6,2.0,1612.0,12.0,7.0,0.7289081885856079
31.0,2.0,14.0,0.6,0.1,0.6,2.0,1598.0,11.0,5.0,0.7315394242803505
31.0,2.0,15.0,0.6,0.1,0.6,2.0,1601.0,13.0,9.0,0.7301686445971268
31.0,2.0,16.0,0.6,0.1,0.6,2.0,1569.0,11.0,6.0,0.7335882727852135
31.0,2.0,17.0,0.6,0.1,0.6,2.0,1539.0,12.0,5.0,0.737491877842755
31.0,2.0,18.0,0.6,0.1,0.6,2.0,1514.0,8.0,6.0,0.7357992073976222
31.0,2.0,19.0,0.6,0.1,0.6,2.0,1511.0,8.0,6.0,0.7359364659166115
31.0,2.0,20.0,0.6,0.1,0.6,2.0,2774.0,9.0,6.0,0.3972602739726027
31.0,2.0,21.0,0.6,0.1,0.6,2.0,2637.0,7.0,2.0,0.40538490709139174
31.0,2.0,22.0,0.6,0.1,0.6,2.0,2578.0,7.0,1.0,0.40806826997672613
31.0,2.0,23.0,0.6,0.1,0.6,2.0,2445.0,7.0,3.0,0.4102249488752556
31.0,2.0,24.0,0.6,0.1,0.6,2.0,2402.0,6.0,3.0,0.41298917568692756
31.0,2.0,25.0,0.6,0.1,0.6,2.0,2321.0,7.0,6.0,0.41706161137440756
31.0,2.0,26.0,0.6,0.1,0.6,2.0,2270.0,10.0,5.0,0.4198237885462555
31.0,2.0,27.0,0.6,0.1,0.6,2.0,2211.0,12.0,4.0,0.42152872003618275
31.0,2.0,28.0,0.6,0.1,0.6,2.0,2141.0,9.0,3.0,0.423633815973844
31.0,2.0,29.0,0.6,0.1,0.6,2.0,2126.0,11.0,2.0,0.42191909689557855
31.0,2.0,30.0,0.6,0.1,0.6,2.0,2082.0,11.0,6.0,0.4217098943323727
31.0,2.0,31.0,0.6,0.1,0.6,2.0,2057.0,13.0,4.0,0.4214876033057851
31.0,2.0,32.0,0.6,0.1,0.6,2.0,2022.0,15.0,9.0,0.4228486646884273
31.0,2.0,33.0,0.6,0.1,0.6,2.0,1972.0,11.0,6.0,0.422920892494929
31.0,2.0,34.0,0.6,0.1,0.6,2.0,1952.0,11.0,7.0,0.42418032786885246
31.0,2.0,35.0,0.6,0.1,0.6,2.0,1873.0,10.0,5.0,0.42925787506673785
31.0,2.0,36.0,0.6,0.1,0.6,2.0,1836.0,15.0,6.0,0.42919389978213507
31.0,2.0,37.0,0.6,0.1,0.6,2.0,1817.0,17.0,9.0,0.4287286736378646
31.0,2.0,38.0,0.6,0.1,0.6,2.0,1736.0,18.0,9.0,0.43548387096774194
31.0,2.0,39.0,0.6,0.1,0.6,2.0,1711.0,22.0,10.0,0.43658679135008766
31.0,2.0,40.0,0.6,0.1,0.6,2.0,1647.0,21.0,8.0,0.43776563448694594
31.0,2.0,41.0,0.6,0.1,0.6,2.0,1578.0,22.0,8.0,0.4448669201520912
31.0,2.0,42.0,0.6,0.1,0.6,2.0,1512.0,24.0,6.0,0.453042328042328
31.0,2.0,43.0,0.6,0.1,0.6,2.0,1496.0,23.0,7.0,0.45120320855614976
31.0,2.0,44.0,0.6,0.1,0.6,2.0,1472.0,22.0,14.0,0.452445652173913
31.0,2.0,45.0,0.6,0.1,0.6,2.0,1460.0,26.0,14.0,0.6657534246575343
31.0,2.0,46.0,0.6,0.1,0.6,2.0,1446.0,24.0,14.0,0.6666666666666666
31.0,2.0,47.0,0.6,0.1,0.6,2.0,1414.0,16.0,6.0,0.6647807637906648
31.0,2.0,48.0,0.6,0.1,0.6,2.0,1401.0,16.0,6.0,0.6659528907922913
31.0,2.0,49.0,0.6,0.1,0.6,2.0,1366.0,14.0,6.0,0.664714494875549
31.0,2.0,50.0,0.6,0.1,0.6,2.0,1354.0,14.0,9.0,0.6676514032496307
31.0,2.0,51.0,0.6,0.1,0.6,2.0,1354.0,15.0,11.0,0.6632200886262924
31.0,2.0,52.0,0.6,0.1,0.6,2.0,1333.0,12.0,9.0,0.6654163540885222
31.0,3.0,1.0,0.6,0.1,0.6,2.0,1286.0,9.0,5.0,0.6671850699844479
31.0,3.0,2.0,0.6,0.1,0.6,2.0,1265.0,6.0,3.0,0.6711462450592885
31.0,3.0,3.0,0.6,0.1,0.6,2.0,1261.0,4.0,2.0,0.6708961141950832
31.0,3.0,4.0,0.6,0.1,0.6,2.0,1248.0,5.0,3.0,0.6722756410256411
31.0,3.0,5.0,0.6,0.1,0.6,2.0,1251.0,4.0,2.0,0.6698641087130296
31.0,3.0,6.0,0.6,0.1,0.6,2.0,1214.0,3.0,3.0,0.6738056013179572
31.0,3.0,7.0,0.6,0.1,0.6,2.0,1198.0,2.0,2.0,0.672787979966611
31.0,3.0,8.0,0.6,0.1,0.6,2.0,1174.0,3.0,2.0,0.6729131175468483
31.0,3.0,9.0,0.6,0.1,0.6,2.0,1163.0,1.0,0.0,0.6732588134135855
31.0,3.0,10.0,0.6,0.1,0.6,2.0,1131.0,1.0,0.0,0.6755083996463307
31.0,3.0,11.0,0.6,0.1,0.6,2.0,1138.0,1.0,1.0,0.6731107205623902
31.0,3.0,12.0,0.6,0.1,0.6,2.0,1105.0,2.0,1.0,0.6723981900452489
31.0,3.0,13.0,0.6,0.1,0.6,2.0,1112.0,4.0,1.0,0.670863309352518
31.0,3.0,14.0,0.6,0.1,0.6,2.0,1098.0,3.0,2.0,0.6730418943533698
31.0,3.0,15.0,0.6,0.1,0.6,2.0,1090.0,1.0,1.0,0.671559633027523
31.0,3.0,16.0,0.6,0.1,0.6,2.0,1067.0,1.0,1.0,0.6701030927835051
31.0,3.0,17.0,0.6,0.1,0.6,2.0,1043.0,0.0,0.0,0.675934803451582
31.0,3.0,18.0,0.6,0.1,0.6,2.0,1031.0,0.0,0.0,0.6750727449078564
31.0,3.0,19.0,0.6,0.1,0.6,2.0,1037.0,0.0,0.0,0.6740597878495661
31.0,3.0,20.0,0.6,0.1,0.6,2.0,1869.0,0.0,0.0,0.36757624398073835
31.0,3.0,21.0,0.6,0.1,0.6,2.0,1811.0,0.0,0.0,0.3677526228602982
31.0,3.0,22.0,0.6,0.1,0.6,2.0,1726.0,0.0,0.0,0.3702201622247972
31.0,3.0,23.0,0.6,0.1,0.6,2.0,1671.0,0.0,0.0,0.3746259724715739
31.0,3.0,24.0,0.6,0.1,0.6,2.0,1623.0,0.0,0.0,0.3752310536044362
31.0,3.0,25.0,0.6,0.1,0.6,2.0,1601.0,0.0,0.0,0.37539038101186756
31.0,3.0,26.0,0.6,0.1,0.6,2.0,1570.0,0.0,0.0,0.3777070063694268
31.0,3.0,27.0,0.6,0.1,0.6,2.0,1519.0,0.0,0.0,0.3739302172481896
31.0,3.0,28.0,0.6,0.1,0.6,2.0,1437.0,0.0,0.0,0.37647877522616563
31.0,3.0,29.0,0.6,0.1,0.6,2.0,1414.0,0.0,0.0,0.3797736916548798
31.0,3.0,30.0,0.6,0.1,0.6,2.0,1400.0,0.0,0.0,0.3757142857142857
31.0,3.0,31.0,0.6,0.1,0.6,2.0,1369.0,0.0,0.0,0.38130021913805695
31.0,3.0,32.0,0.6,0.1,0.6,2.0,1306.0,0.0,0.0,0.3683001531393568
31.0,3.0,33.0,0.6,0.1,0.6,2.0,1249.0,0.0,0.0,0.37389911929543634
31.0,3.0,34.0,0.6,0.1,0.6,2.0,1201.0,0.0,0.0,0.3755203996669442
31.0,3.0,35.0,0.6,0.1,0.6,2.0,1201.0,0.0,0.0,0.3771856786011657
31.0,3.0,36.0,0.6,0.1,0.6,2.0,1186.0,0.0,0.0,0.3718381112984823
31.0,3.0,37.0,0.6,0.1,0.6,2.0,1163.0,0.0,0.0,0.3791917454858126
31.0,3.0,38.0,0.6,0.1,0.6,2.0,1138.0,0.0,0.0,0.37961335676625657
31.0,3.0,39.0,0.6,0.1,0.6,2.0,1113.0,0.0,0.0,0.38185085354896675
31.0,3.0,40.0,0.6,0.1,0.6,2.0,1091.0,0.0,0.0,0.38221814848762603
31.0,3.0,41.0,0.6,0.1,0.6,2.0,1086.0,0.0,0.0,0.3812154696132597
31.0,3.0,42.0,0.6,0.1,0.6,2.0,1035.0,0.0,0.0,0.38454106280193234
31.0,3.0,43.0,0.6,0.1,0.6,2.0,1011.0,0.0,0.0,0.3887240356083086
31.0,3.0,44.0,0.6,0.1,0.6,2.0,1002.0,0.0,0.0,0.38622754491017963
31.0,3.0,45.0,0.6,0.1,0.6,2.0,998.0,0.0,0.0,0.6302605210420842
31.0,3.0,46.0,0.6,0.1,0.6,2.0,978.0,0.0,0.0,0.630879345603272
31.0,3.0,47.0,0.6,0.1,0.6,2.0,964.0,0.0,0.0,0.6317427385892116
31.0,3.0,48.0,0.6,0.1,0.6,2.0,962.0,0.0,0.0,0.6309771309771309
31.0,3.0,49.0,0.6,0.1,0.6,2.0,948.0,0.0,0.0,0.6276371308016878
31.0,3.0,50.0,0.6,0.1,0.6,2.0,932.0,0.0,0.0,0.628755364806867
31.0,3.0,51.0,0.6,0.1,0.6,2.0,917.0,0.0,0.0,0.6270447110141767
31.0,3.0,52.0,0.6,0.1,0.6,2.0,909.0,0.0,0.0,0.6259625962596259
31.0,4.0,1.0,0.6,0.1,0.6,2.0,909.0,0.0,0.0,0.6259625962596259
31.0,4.0,2.0,0.6,0.1,0.6,2.0,905.0,0.0,0.0,0.6265193370165746
31.0,4.0,3.0,0.6,0.1,0.6,2.0,899.0,0.0,0.0,0.6262513904338154
31.0,4.0,4.0,0.6,0.1,0.6,2.0,893.0,0.0,0.0,0.6259798432250839
31.0,4.0,5.0,0.6,0.1,0.6,2.0,889.0,0.0,0.0,0.6265466816647919
31.0,4.0,6.0,0.6,0.1,0.6,2.0,873.0,0.0,0.0,0.6231386025200458
31.0,4.0,7.0,0.6,0.1,0.6,2.0,858.0,0.0,0.0,0.627039627039627
31.0,4.0,8.0,0.6,0.1,0.6,2.0,853.0,0.0,0.0,0.6260257913247362
31.0,4.0,9.0,0.6,0.1,0.6,2.0,842.0,0.0,0.0,0.6282660332541568
31.0,4.0,10.0,0.6,0.1,0.6,2.0,828.0,0.0,0.0,0.6292270531400966
31.0,4.0,11.0,0.6,0.1,0.6,2.0,823.0,0.0,0.0,0.6318347509113001
31.0,4.0,12.0,0.6,0.1,0.6,2.0,821.0,0.0,0.0,0.6321559074299634
31.0,4.0,13.0,0.6,0.1,0.6,2.0,819.0,0.0,0.0,0.6324786324786325
31.0,4.0,14.0,0.6,0.1,0.6,2.0,818.0,0.0,0.0,0.6320293398533008
31.0,4.0,15.0,0.6,0.1,0.6,2.0,817.0,0.0,0.0,0.6328029375764994
31.0,4.0,16.0,0.6,0.1,0.6,2.0,813.0,0.0,0.0,0.6322263222632226
31.0,4.0,17.0,0.6,0.1,0.6,2.0,812.0,0.0,0.0,0.6330049261083743
31.0,4.0,18.0,0.6,0.1,0.6,2.0,808.0,0.0,0.0,0.629950495049505
31.0,4.0,19.0,0.6,0.1,0.6,2.0,806.0,0.0,0.0,0.630272952853598
31.0,4.0,20.0,0.6,0.1,0.6,2.0,1391.0,0.0,0.0,0.35873472322070454
31.0,4.0,21.0,0.6,0.1,0.6,2.0,1387.0,0.0,0.0,0.361211247296323
31.0,4.0,22.0,0.6,0.1,0.6,2.0,1376.0,0.0,0.0,0.35828488372093026
31.0,4.0,23.0,0.6,0.1,0.6,2.0,1295.0,0.0,0.0,0.3637065637065637
31.0,4.0,24.0,0.6,0.1,0.6,2.0,1222.0,0.0,0.0,0.36333878887070375
31.0,4.0,25.0,0.6,0.1,0.6,2.0,1211.0,0.0,0.0,0.36416184971098264
31.0,4.0,26.0,0.6,0.1,0.6,2.0,1204.0,0.0,0.0,0.36046511627906974
31.0,4.0,27.0,0.6,0.1,0.6,2.0,1154.0,0.0,0.0,0.3682842287694974
31.0,4.0,28.0,0.6,0.1,0.6,2.0,1128.0,0.0,0.0,0.3670212765957447
31.0,4.0,29.0,0.6,0.1,0.6,2.0,1111.0,0.0,0.0,0.3708370837083708
31.0,4.0,30.0,0.6,0.1,0.6,2.0,1094.0,0.0,0.0,0.3702010968921389
31.0,4.0,31.0,0.6,0.1,0.6,2.0,1100.0,0.0,0.0,0.3718181818181818
31.0,4.0,32.0,0.6,0.1,0.6,2.0,1089.0,0.0,0.0,0.37006427915518825
31.0,4.0,33.0,0.6,0.1,0.6,2.0,1090.0,0.0,0.0,0.37155963302752293
31.0,4.0,34.0,0.6,0.1,0.6,2.0,1069.0,0.0,0.0,0.3713751169317119
31.0,4.0,35.0,0.6,0.1,0.6,2.0,1069.0,0.0,0.0,0.37324602432179604
31.0,4.0,36.0,0.6,0.1,0.6,2.0,1048.0,0.0,0.0,0.3711832061068702
31.0,4.0,37.0,0.6,0.1,0.6,2.0,1038.0,0.0,0.0,0.37572254335260113
31.0,4.0,38.0,0.6,0.1,0.6,2.0,1002.0,0.0,0.0,0.3782435129740519
31.0,4.0,39.0,0.6,0.1,0.6,2.0,1002.0,0.0,0.0,0.37924151696606784
31.0,4.0,40.0,0.6,0.1,0.6,2.0,979.0,0.0,0.0,0.3769152196118488
31.0,4.0,41.0,0.6,0.1,0.6,2.0,973.0,0.0,0.0,0.37821171634121276
31.0,4.0,42.0,0.6,0.1,0.6,2.0,966.0,0.0,0.0,0.37577639751552794
31.0,4.0,43.0,0.6,0.1,0.6,2.0,971.0,0.0,0.0,0.3769309989701339
31.0,4.0,44.0,0.6,0.1,0.6,2.0,960.0,0.0,0.0,0.37395833333333334
31.0,4.0,45.0,0.6,0.1,0.6,2.0,931.0,0.0,0.0,0.6240601503759399
31.0,4.0,46.0,0.6,0.1,0.6,2.0,918.0,0.0,0.0,0.6241830065359477
31.0,4.0,47.0,0.6,0.1,0.6,2.0,920.0,0.0,0.0,0.6239130434782608
31.0,4.0,48.0,0.6,0.1,0.6,2.0,907.0,0.0,0.0,0.6262403528114664
31.0,4.0,49.0,0.6,0.1,0.6,2.0,912.0,0.0,0.0,0.6271929824561403
31.0,4.0,50.0,0.6,0.1,0.6,2.0,900.0,0.0,0.0,0.6288888888888889
31.0,4.0,51.0,0.6,0.1,0.6,2.0,904.0,0.0,0.0,0.629424778761062
31.0,4.0,52.0,0.6,0.1,0.6,2.0,893.0,0.0,0.0,0.6293393057110862
31.0,5.0,1.0,0.6,0.1,0.6,2.0,896.0,0.0,0.0,0.6283482142857143
31.0,5.0,2.0,0.6,0.1,0.6,2.0,885.0,0.0,0.0,0.6293785310734463
31.0,5.0,3.0,0.6,0.1,0.6,2.0,891.0,0.0,0.0,0.6296296296296297
31.0,5.0,4.0,0.6,0.1,0.6,2.0,868.0,0.0,0.0,0.631336405529954
31.0,5.0,5.0,0.6,0.1,0.6,2.0,862.0,0.0,0.0,0.62877030162413
31.0,5.0,6.0,0.6,0.1,0.6,2.0,853.0,0.0,0.0,0.6283704572098476
31.0,5.0,7.0,0.6,0.1,0.6,2.0,855.0,0.0,0.0,0.6280701754385964
31.0,5.0,8.0,0.6,0.1,0.6,2.0,841.0,0.0,0.0,0.629013079667063
31.0,5.0,9.0,0.6,0.1,0.6,2.0,826.0,0.0,0.0,0.6295399515738499
31.0,5.0,10.0,0.6,0.1,0.6,2.0,815.0,0.0,0.0,0.6306748466257669
31.0,5.0,11.0,0.6,0.1,0.6,2.0,800.0,0.0,0.0,0.63125
31.0,5.0,12.0,0.6,0.1,0.6,2.0,780.0,0.0,0.0,0.6333333333333333
31.0,5.0,13.0,0.6,0.1,0.6,2.0,783.0,0.0,0.0,0.632183908045977
31.0,5.0,14.0,0.6,0.1,0.6,2.0,778.0,0.0,0.0,0.6323907455012854
31.0,5.0,15.0,0.6,0.1,0.6,2.0,777.0,0.0,0.0,0.631917631917632
31.0,5.0,16.0,0.6,0.1,0.6,2.0,772.0,0.0,0.0,0.6321243523316062
31.0,5.0,17.0,0.6,0.1,0.6,2.0,775.0,0.0,0.0,0.6309677419354839
31.0,5.0,18.0,0.6,0.1,0.6,2.0,770.0,0.0,0.0,0.6298701298701299
31.0,5.0,19.0,0.6,0.1,0.6,2.0,772.0,0.0,0.0,0.6295336787564767
31.0,5.0,20.0,0.6,0.1,0.6,2.0,1350.0,0.0,0.0,0.3592592592592593
31.0,5.0,21.0,0.6,0.1,0.6,2.0,1305.0,0.0,0.0,0.357088122605364
31.0,5.0,22.0,0.6,0.1,0.6,2.0,1262.0,0.0,0.0,0.36053882725832015
31.0,5.0,23.0,0.6,0.1,0.6,2.0,1255.0,0.0,0.0,0.3609561752988048
31.0,5.0,24.0,0.6,0.1,0.6,2.0,1212.0,0.0,0.0,0.36633663366336633
31.0,5.0,25.0,0.6,0.1,0.6,2.0,1205.0,0.0,0.0,0.3651452282157676
31.0,5.0,26.0,0.6,0.1,0.6,2.0,1178.0,0.0,0.0,0.3684210526315789
31.0,5.0,27.0,0.6,0.1,0.6,2.0,1181.0,0.0,0.0,0.3674851820491109
31.0,5.0,28.0,0.6,0.1,0.6,2.0,1155.0,0.0,0.0,0.36883116883116884
31.0,5.0,29.0,0.6,0.1,0.6,2.0,1154.0,0.0,0.0,0.3708838821490468
31.0,5.0,30.0,0.6,0.1,0.6,2.0,1102.0,0.0,0.0,0.37477313974591653
31.0,5.0,31.0,0.6,0.1,0.6,2.0,1105.0,0.0,0.0,0.3773755656108597
31.0,5.0,32.0,0.6,0.1,0.6,2.0,1073.0,0.0,0.0,0.37744641192917056
31.0,5.0,33.0,0.6,0.1,0.6,2.0,1039.0,0.0,0.0,0.38209817131857554
31.0,5.0,34.0,0.6,0.1,0.6,2.0,995.0,0.0,0.0,0.38391959798994973
31.0,5.0,35.0,0.6,0.1,0.6,2.0,997.0,0.0,0.0,0.38615847542627885
31.0,5.0,36.0,0.6,0.1,0.6,2.0,993.0,0.0,0.0,0.38368580060422963
31.0,5.0,37.0,0.6,0.1,0.6,2.0,967.0,0.0,0.0,0.3877973112719752
31.0,5.0,38.0,0.6,0.1,0.6,2.0,927.0,0.0,0.0,0.3851132686084142
31.0,5.0,39.0,0.6,0.1,0.6,2.0,924.0,0.0,0.0,0.3852813852813853
31.0,5.0,40.0,0.6,0.1,0.6,2.0,923.0,0.0,0.0,0.38461538461538464
31.0,5.0,41.0,0.6,0.1,0.6,2.0,889.0,0.0,0.0,0.39032620922384703
31.0,5.0,42.0,0.6,0.1,0.6,2.0,889.0,0.0,0.0,0.3892013498312711
31.0,5.0,43.0,0.6,0.1,0.6,2.0,869.0,0.0,0.0,0.3947065592635213
31.0,5.0,44.0,0.6,0.1,0.6,2.0,875.0,0.0,0.0,0.39085714285714285
31.0,5.0,45.0,0.6,0.1,0.6,2.0,864.0,0.0,0.0,0.6365740740740741
31.0,5.0,46.0,0.6,0.1,0.6,2.0,854.0,0.0,0.0,0.6381733021077284
31.0,5.0,47.0,0.6,0.1,0.6,2.0,841.0,0.0,0.0,0.6373365041617123
31.0,5.0,48.0,0.6,0.1,0.6,2.0,831.0,0.0,0.0,0.641395908543923
31.0,5.0,49.0,0.6,0.1,0.6,2.0,834.0,0.0,0.0,0.6354916067146283
31.0,5.0,50.0,0.6,0.1,0.6,2.0,827.0,0.0,0.0,0.6372430471584039
31.0,5.0,51.0,0.6,0.1,0.6,2.0,830.0,0.0,0.0,0.6337349397590362
31.0,5.0,52.0,0.6,0.1,0.6,2.0,819.0,0.0,0.0,0.6373626373626373
31.0,6.0,1.0,0.6,0.1,0.6,2.0,822.0,0.0,0.0,0.6362530413625304
31.0,6.0,2.0,0.6,0.1,0.6,2.0,812.0,0.0,0.0,0.6366995073891626
31.0,6.0,3.0,0.6,0.1,0.6,2.0,814.0,0.0,0.0,0.6375921375921376
31.0,6.0,4.0,0.6,0.1,0.6,2.0,789.0,0.0,0.0,0.6400506970849176
31.0,6.0,5.0,0.6,0.1,0.6,2.0,790.0,0.0,0.0,0.6417721518987342
31.0,6.0,6.0,0.6,0.1,0.6,2.0,776.0,0.0,0.0,0.6417525773195877
31.0,6.0,7.0,0.6,0.1,0.6,2.0,778.0,0.0,0.0,0.6413881748071979
31.0,6.0,8.0,0.6,0.1,0.6,2.0,752.0,0.0,0.0,0.6436170212765957
31.0,6.0,9.0,0.6,0.1,0.6,2.0,754.0,0.0,0.0,0.6472148541114059
31.0,6.0,10.0,0.6,0.1,0.6,2.0,723.0,0.0,0.0,0.65283540802213
31.0,6.0,11.0,0.6,0.1,0.6,2.0,725.0,0.0,0.0,0.6565517241379311
31.0,6.0,12.0,0.6,0.1,0.6,2.0,716.0,0.0,0.0,0.6550279329608939
31.0,6.0,13.0,0.6,0.1,0.6,2.0,720.0,0.0,0.0,0.6569444444444444
31.0,6.0,14.0,0.6,0.1,0.6,2.0,712.0,0.0,0.0,0.6544943820224719
31.0,6.0,15.0,0.6,0.1,0.6,2.0,715.0,0.0,0.0,0.6545454545454545
31.0,6.0,16.0,0.6,0.1,0.6,2.0,711.0,0.0,0.0,0.6540084388185654
31.0,6.0,17.0,0.6,0.1,0.6,2.0,691.0,0.0,0.0,0.6555716353111433
31.0,6.0,18.0,0.6,0.1,0.6,2.0,686.0,0.0,0.0,0.6545189504373178
31.0,6.0,19.0,0.6,0.1,0.6,2.0,690.0,0.0,0.0,0.6550724637681159
31.0,6.0,20.0,0.6,0.1,0.6,2.0,1242.0,0.0,0.0,0.3607085346215781
31.0,6.0,21.0,0.6,0.1,0.6,2.0,1238.0,0.0,0.0,0.364297253634895
31.0,6.0,22.0,0.6,0.1,0.6,2.0,1199.0,0.0,0.0,0.36363636363636365
31.0,6.0,23.0,0.6,0.1,0.6,2.0,1139.0,0.0,0.0,0.3722563652326602
31.0,6.0,24.0,0.6,0.1,0.6,2.0,1135.0,0.0,0.0,0.3682819383259912
31.0,6.0,25.0,0.6,0.1,0.6,2.0,1101.0,0.0,0.0,0.3723887375113533
31.0,6.0,26.0,0.6,0.1,0.6,2.0,1088.0,0.0,0.0,0.37224264705882354
31.0,6.0,27.0,0.6,0.1,0.6,2.0,1040.0,0.0,0.0,0.3798076923076923
31.0,6.0,28.0,0.6,0.1,0.6,2.0,940.0,0.0,0.0,0.3893617021276596
31.0,6.0,29.0,0.6,0.1,0.6,2.0,880.0,0.0,0.0,0.4034090909090909
31.0,6.0,30.0,0.6,0.1,0.6,2.0,855.0,0.0,0.0,0.4058479532163743
31.0,6.0,31.0,0.6,0.1,0.6,2.0,834.0,0.0,0.0,0.4028776978417266
31.0,6.0,32.0,0.6,0.1,0.6,2.0,825.0,0.0,0.0,0.4036363636363636
31.0,6.0,33.0,0.6,0.1,0.6,2.0,812.0,0.0,0.0,0.4088669950738916
31.0,6.0,34.0,0.6,0.1,0.6,2.0,801.0,0.0,0.0,0.4094881398252185
31.0,6.0,35.0,0.6,0.1,0.6,2.0,794.0,0.0,0.0,0.41183879093198994
31.0,6.0,36.0,0.6,0.1,0.6,2.0,787.0,0.0,0.0,0.41168996188055906
31.0,6.0,37.0,0.6,0.1,0.6,2.0,792.0,0.0,0.0,0.4116161616161616
31.0,6.0,38.0,0.6,0.1,0.6,2.0,765.0,0.0,0.0,0.4117647058823529
31.0,6.0,39.0,0.6,0.1,0.6,2.0,768.0,0.0,0.0,0.41015625
31.0,6.0,40.0,0.6,0.1,0.6,2.0,745.0,0.0,0.0,0.4161073825503356
31.0,6.0,41.0,0.6,0.1,0.6,2.0,745.0,0.0,0.0,0.4147651006711409
31.0,6.0,42.0,0.6,0.1,0.6,2.0,738.0,0.0,0.0,0.4132791327913279
31.0,6.0,43.0,0.6,0.1,0.6,2.0,739.0,0.0,0.0,0.41542625169147496
31.0,6.0,44.0,0.6,0.1,0.6,2.0,715.0,0.0,0.0,0.4167832167832168
31.0,6.0,45.0,0.6,0.1,0.6,2.0,719.0,0.0,0.0,0.6328233657858137
31.0,6.0,46.0,0.6,0.1,0.6,2.0,697.0,0.0,0.0,0.629842180774749
31.0,6.0,47.0,0.6,0.1,0.6,2.0,696.0,0.0,0.0,0.6293103448275862
31.0,6.0,48.0,0.6,0.1,0.6,2.0,689.0,0.0,0.0,0.6269956458635704
31.0,6.0,49.0,0.6,0.1,0.6,2.0,695.0,0.0,0.0,0.6273381294964029
31.0,6.0,50.0,0.6,0.1,0.6,2.0,687.0,0.0,0.0,0.6244541484716157
31.0,6.0,51.0,0.6,0.1,0.6,2.0,676.0,0.0,0.0,0.6257396449704142
31.0,6.0,52.0,0.6,0.1,0.6,2.0,673.0,0.0,0.0,0.6225854383358098
31.0,7.0,1.0,0.6,0.1,0.6,2.0,674.0,0.0,0.0,0.6246290801186943
31.0,7.0,2.0,0.6,0.1,0.6,2.0,661.0,0.0,0.0,0.6202723146747352
31.0,7.0,3.0,0.6,0.1,0.6,2.0,662.0,0.0,0.0,0.622356495468278
31.0,7.0,4.0,0.6,0.1,0.6,2.0,656.0,0.0,0.0,0.6204268292682927
31.0,7.0,5.0,0.6,0.1,0.6,2.0,656.0,0.0,0.0,0.6234756097560976
31.0,7.0,6.0,0.6,0.1,0.6,2.0,650.0,0.0,0.0,0.6169230769230769
31.0,7.0,7.0,0.6,0.1,0.6,2.0,652.0,0.0,0.0,0.6211656441717791
31.0,7.0,8.0,0.6,0.1,0.6,2.0,644.0,0.0,0.0,0.6180124223602484
31.0,7.0,9.0,0.6,0.1,0.6,2.0,648.0,0.0,0.0,0.6203703703703703
31.0,7.0,10.0,0.6,0.1,0.6,2.0,641.0,0.0,0.0,0.6177847113884556
31.0,7.0,11.0,0.6,0.1,0.6,2.0,635.0,0.0,0.0,0.6220472440944882
31.0,7.0,12.0,0.6,0.1,0.6,2.0,628.0,0.0,0.0,0.6210191082802548
31.0,7.0,13.0,0.6,0.1,0.6,2.0,631.0,0.0,0.0,0.6228209191759112
31.0,7.0,14.0,0.6,0.1,0.6,2.0,626.0,0.0,0.0,0.6198083067092651
31.0,7.0,15.0,0.6,0.1,0.6,2.0,628.0,0.0,0.0,0.6210191082802548
31.0,7.0,16.0,0.6,0.1,0.6,2.0,622.0,0.0,0.0,0.6205787781350482
31.0,7.0,17.0,0.6,0.1,0.6,2.0,624.0,0.0,0.0,0.6217948717948718
31.0,7.0,18.0,0.6,0.1,0.6,2.0,620.0,0.0,0.0,0.6193548387096774
31.0,7.0,19.0,0.6,0.1,0.6,2.0,611.0,0.0,0.0,0.6202945990180033
31.0,7.0,20.0,0.6,0.1,0.6,2.0,1070.0,0.0,0.0,0.35233644859813085
31.0,7.0,21.0,0.6,0.1,0.6,2.0,1006.0,0.0,0.0,0.3658051689860835
31.0,7.0,22.0,0.6,0.1,0.6,2.0,957.0,0.0,0.0,0.3667711598746082
31.0,7.0,23.0,0.6,0.1,0.6,2.0,893.0,0.0,0.0,0.3762597984322508
31.0,7.0,24.0,0.6,0.1,0.6,2.0,889.0,0.0,0.0,0.374578177727784
31.0,7.0,25.0,0.6,0.1,0.6,2.0,879.0,0.0,0.0,0.37770193401592717
31.0,7.0,26.0,0.6,0.1,0.6,2.0,858.0,0.0,0.0,0.3764568764568765
31.0,7.0,27.0,0.6,0.1,0.6,2.0,862.0,0.0,0.0,0.37819025522041766
31.0,7.0,28.0,0.6,0.1,0.6,2.0,846.0,0.0,0.0,0.3747044917257683
31.0,7.0,29.0,0.6,0.1,0.6,2.0,819.0,0.0,0.0,0.38217338217338215
31.0,7.0,30.0,0.6,0.1,0.6,2.0,803.0,0.0,0.0,0.37982565379825656
31.0,7.0,31.0,0.6,0.1,0.6,2.0,807.0,0.0,0.0,0.38166047087980176
31.0,7.0,32.0,0.6,0.1,0.6,2.0,799.0,0.0,0.0,0.3804755944931164
31.0,7.0,33.0,0.6,0.1,0.6,2.0,788.0,0.0,0.0,0.3819796954314721
31.0,7.0,34.0,0.6,0.1,0.6,2.0,748.0,0.0,0.0,0.3810160427807487
31.0,7.0,35.0,0.6,0.1,0.6,2.0,742.0,0.0,0.0,0.38409703504043125
31.0,7.0,36.0,0.6,0.1,0.6,2.0,734.0,0.0,0.0,0.38419618528610355
31.0,7.0,37.0,0.6,0.1,0.6,2.0,733.0,0.0,0.0,0.38335607094133695
31.0,7.0,38.0,0.6,0.1,0.6,2.0,716.0,0.0,0.0,0.37988826815642457
31.0,7.0,39.0,0.6,0.1,0.6,2.0,719.0,0.0,0.0,0.3796940194714882
31.0,7.0,40.0,0.6,0.1,0.6,2.0,704.0,0.0,0.0,0.3721590909090909
31.0,7.0,41.0,0.6,0.1,0.6,2.0,698.0,0.0,0.0,0.3753581661891118
31.0,7.0,42.0,0.6,0.1,0.6,2.0,693.0,0.0,0.0,0.37373737373737376
31.0,7.0,43.0,0.6,0.1,0.6,2.0,695.0,0.0,0.0,0.37553956834532376
31.0,7.0,44.0,0.6,0.1,0.6,2.0,695.0,0.0,0.0,0.3726618705035971
31.0,7.0,45.0,0.6,0.1,0.6,2.0,683.0,0.0,0.0,0.6530014641288433
31.0,7.0,46.0,0.6,0.1,0.6,2.0,670.0,0.0,0.0,0.6597014925373135
31.0,7.0,47.0,0.6,0.1,0.6,2.0,668.0,0.0,0.0,0.657185628742515
31.0,7.0,48.0,0.6,0.1,0.6,2.0,669.0,0.0,0.0,0.6591928251121076
31.0,7.0,49.0,0.6,0.1,0.6,2.0,654.0,0.0,0.0,0.6605504587155964
31.0,7.0,50.0,0.6,0.1,0.6,2.0,655.0,0.0,0.0,0.665648854961832
31.0,7.0,51.0,0.6,0.1,0.6,2.0,646.0,0.0,0.0,0.6640866873065016
31.0,7.0,52.0,0.6,0.1,0.6,2.0,647.0,0.0,0.0,0.6661514683153014
31.0,8.0,1.0,0.6,0.1,0.6,2.0,646.0,0.0,0.0,0.6625386996904025
31.0,8.0,2.0,0.6,0.1,0.6,2.0,644.0,0.0,0.0,0.6661490683229814
31.0,8.0,3.0,0.6,0.1,0.6,2.0,643.0,0.0,0.0,0.6625194401244168
31.0,8.0,4.0,0.6,0.1,0.6,2.0,643.0,0.0,0.0,0.6671850699844479
31.0,8.0,5.0,0.6,0.1,0.6,2.0,641.0,0.0,0.0,0.6630265210608425
31.0,8.0,6.0,0.6,0.1,0.6,2.0,641.0,0.0,0.0,0.6677067082683308
31.0,8.0,7.0,0.6,0.1,0.6,2.0,625.0,0.0,0.0,0.6672
31.0,8.0,8.0,0.6,0.1,0.6,2.0,623.0,0.0,0.0,0.6709470304975923
31.0,8.0,9.0,0.6,0.1,0.6,2.0,621.0,0.0,0.0,0.6698872785829307
31.0,8.0,10.0,0.6,0.1,0.6,2.0,620.0,0.0,0.0,0.6725806451612903
31.0,8.0,11.0,0.6,0.1,0.6,2.0,615.0,0.0,0.0,0.6731707317073171
31.0,8.0,12.0,0.6,0.1,0.6,2.0,602.0,0.0,0.0,0.6827242524916943
31.0,8.0,13.0,0.6,0.1,0.6,2.0,602.0,0.0,0.0,0.6794019933554817
31.0,8.0,14.0,0.6,0.1,0.6,2.0,602.0,0.0,0.0,0.6827242524916943
31.0,8.0,15.0,0.6,0.1,0.6,2.0,601.0,0.0,0.0,0.6788685524126455
31.0,8.0,16.0,0.6,0.1,0.6,2.0,599.0,0.0,0.0,0.6828046744574291
31.0,8.0,17.0,0.6,0.1,0.6,2.0,595.0,0.0,0.0,0.6789915966386555
31.0,8.0,18.0,0.6,0.1,0.6,2.0,578.0,0.0,0.0,0.6937716262975778
31.0,8.0,19.0,0.6,0.1,0.6,2.0,578.0,0.0,0.0,0.6903114186851211
31.0,8.0,20.0,0.6,0.1,0.6,2.0,1034.0,0.0,0.0,0.38781431334622823
31.0,8.0,21.0,0.6,0.1,0.6,2.0,998.0,0.0,0.0,0.39178356713426854
31.0,8.0,22.0,0.6,0.1,0.6,2.0,982.0,0.0,0.0,0.3920570264765784
31.0,8.0,23.0,0.6,0.1,0.6,2.0,977.0,0.0,0.0,0.39201637666325484
31.0,8.0,24.0,0.6,0.1,0.6,2.0,969.0,0.0,0.0,0.39215686274509803
31.0,8.0,25.0,0.6,0.1,0.6,2.0,941.0,0.0,0.0,0.3953241232731137
31.0,8.0,26.0,0.6,0.1,0.6,2.0,899.0,0.0,0.0,0.3971078976640712
31.0,8.0,27.0,0.6,0.1,0.6,2.0,894.0,0.0,0.0,0.3970917225950783
31.0,8.0,28.0,0.6,0.1,0.6,2.0,886.0,0.0,0.0,0.3972911963882618
31.0,8.0,29.0,0.6,0.1,0.6,2.0,869.0,0.0,0.0,0.39815880322209435
31.0,8.0,30.0,0.6,0.1,0.6,2.0,860.0,0.0,0.0,0.4
31.0,8.0,31.0,0.6,0.1,0.6,2.0,854.0,0.0,0.0,0.40046838407494145
31.0,8.0,32.0,0.6,0.1,0.6,2.0,835.0,0.0,0.0,0.4035928143712575
31.0,8.0,33.0,0.6,0.1,0.6,2.0,810.0,0.0,0.0,0.40617283950617283
31.0,8.0,34.0,0.6,0.1,0.6,2.0,791.0,0.0,0.0,0.4108723135271808
31.0,8.0,35.0,0.6,0.1,0.6,2.0,765.0,0.0,0.0,0.4091503267973856
31.0,8.0,36.0,0.6,0.1,0.6,2.0,770.0,0.0,0.0,0.4090909090909091
31.0,8.0,37.0,0.6,0.1,0.6,2.0,763.0,0.0,0.0,0.4089121887287025
31.0,8.0,38.0,0.6,0.1,0.6,2.0,759.0,0.0,0.0,0.41106719367588934
31.0,8.0,39.0,0.6,0.1,0.6,2.0,752.0,0.0,0.0,0.4109042553191489
31.0,8.0,40.0,0.6,0.1,0.6,2.0,756.0,0.0,0.0,0.4126984126984127
31.0,8.0,41.0,0.6,0.1,0.6,2.0,716.0,0.0,0.0,0.4175977653631285
31.0,8.0,42.0,0.6,0.1,0.6,2.0,710.0,0.0,0.0,0.4211267605633803
31.0,8.0,43.0,0.6,0.1,0.6,2.0,677.0,0.0,0.0,0.42688330871491875
31.0,8.0,44.0,0.6,0.1,0.6,2.0,684.0,0.0,0.0,0.4269005847953216
31.0,8.0,45.0,0.6,0.1,0.6,2.0,677.0,0.0,0.0,0.6514032496307238
31.0,8.0,46.0,0.6,0.1,0.6,2.0,684.0,0.0,0.0,0.6491228070175439
31.0,8.0,47.0,0.6,0.1,0.6,2.0,677.0,0.0,0.0,0.6514032496307238
31.0,8.0,48.0,0.6,0.1,0.6,2.0,684.0,0.0,0.0,0.6491228070175439
31.0,8.0,49.0,0.6,0.1,0.6,2.0,677.0,0.0,0.0,0.6514032496307238
31.0,8.0,50.0,0.6,0.1,0.6,2.0,670.0,0.0,0.0,0.6522388059701493
31.0,8.0,51.0,0.6,0.1,0.6,2.0,665.0,0.0,0.0,0.6541353383458647
31.0,8.0,52.0,0.6,0.1,0.6,2.0,670.0,0.0,0.0,0.6522388059701493
31.0,9.0,1.0,0.6,0.1,0.6,2.0,665.0,0.0,0.0,0.6541353383458647
31.0,9.0,2.0,0.6,0.1,0.6,2.0,670.0,0.0,0.0,0.6522388059701493
31.0,9.0,3.0,0.6,0.1,0.6,2.0,664.0,0.0,0.0,0.6536144578313253
31.0,9.0,4.0,0.6,0.1,0.6,2.0,670.0,0.0,0.0,0.6522388059701493
31.0,9.0,5.0,0.6,0.1,0.6,2.0,662.0,0.0,0.0,0.6540785498489426
31.0,9.0,6.0,0.6,0.1,0.6,2.0,667.0,0.0,0.0,0.6521739130434783
31.0,9.0,7.0,0.6,0.1,0.6,2.0,662.0,0.0,0.0,0.6540785498489426
31.0,9.0,8.0,0.6,0.1,0.6,2.0,666.0,0.0,0.0,0.6531531531531531
31.0,9.0,9.0,0.6,0.1,0.6,2.0,655.0,0.0,0.0,0.6564885496183206
31.0,9.0,10.0,0.6,0.1,0.6,2.0,659.0,0.0,0.0,0.65402124430956
31.0,9.0,11.0,0.6,0.1,0.6,2.0,649.0,0.0,0.0,0.6594761171032357
31.0,9.0,12.0,0.6,0.1,0.6,2.0,656.0,0.0,0.0,0.6570121951219512
31.0,9.0,13.0,0.6,0.1,0.6,2.0,645.0,0.0,0.0,0.662015503875969
31.0,9.0,14.0,0.6,0.1,0.6,2.0,652.0,0.0,0.0,0.6595092024539877
31.0,9.0,15.0,0.6,0.1,0.6,2.0,643.0,0.0,0.0,0.6640746500777605
31.0,9.0,16.0,0.6,0.1,0.6,2.0,649.0,0.0,0.0,0.6610169491525424
31.0,9.0,17.0,0.6,0.1,0.6,2.0,640.0,0.0,0.0,0.665625
31.0,9.0,18.0,0.6,0.1,0.6,2.0,645.0,0.0,0.0,0.6635658914728683
31.0,9.0,19.0,0.6,0.1,0.6,2.0,639.0,0.0,0.0,0.6651017214397497
31.0,9.0,20.0,0.6,0.1,0.6,2.0,1139.0,0.0,0.0,0.36611062335381916
31.0,9.0,21.0,0.6,0.1,0.6,2.0,1089.0,0.0,0.0,0.3673094582185491
31.0,9.0,22.0,0.6,0.1,0.6,2.0,1103.0,0.0,0.0,0.3653671804170444
31.0,9.0,23.0,0.6,0.1,0.6,2.0,1063.0,0.0,0.0,0.37064910630291625
31.0,9.0,24.0,0.6,0.1,0.6,2.0,1052.0,0.0,0.0,0.36977186311787075
31.0,9.0,25.0,0.6,0.1,0.6,2.0,1021.0,0.0,0.0,0.37414299706170423
31.0,9.0,26.0,0.6,0.1,0.6,2.0,1034.0,0.0,0.0,0.3723404255319149
31.0,9.0,27.0,0.6,0.1,0.6,2.0,1005.0,0.0,0.0,0.37213930348258706
31.0,9.0,28.0,0.6,0.1,0.6,2.0,999.0,0.0,0.0,0.37237237237237236
31.0,9.0,29.0,0.6,0.1,0.6,2.0,985.0,0.0,0.0,0.3746192893401015
31.0,9.0,30.0,0.6,0.1,0.6,2.0,988.0,0.0,0.0,0.37449392712550605
31.0,9.0,31.0,0.6,0.1,0.6,2.0,945.0,0.0,0.0,0.3798941798941799
31.0,9.0,32.0,0.6,0.1,0.6,2.0,896.0,0.0,0.0,0.37611607142857145
31.0,9.0,33.0,0.6,0.1,0.6,2.0,869.0,0.0,0.0,0.38434982738780205
31.0,9.0,34.0,0.6,0.1,0.6,2.0,884.0,0.0,0.0,0.38122171945701355
31.0,9.0,35.0,0.6,0.1,0.6,2.0,856.0,0.0,0.0,0.3866822429906542
31.0,9.0,36.0,0.6,0.1,0.6,2.0,852.0,0.0,0.0,0.3884976525821596
31.0,9.0,37.0,0.6,0.1,0.6,2.0,838.0,0.0,0.0,0.3914081145584726
31.0,9.0,38.0,0.6,0.1,0.6,2.0,851.0,0.0,0.0,0.38777908343125733
31.0,9.0,39.0,0.6,0.1,0.6,2.0,837.0,0.0,0.0,0.3906810035842294
31.0,9.0,40.0,0.6,0.1,0.6,2.0,821.0,0.0,0.0,0.39585870889159563
31.0,9.0,41.0,0.6,0.1,0.6,2.0,807.0,0.0,0.0,0.3990086741016109
31.0,9.0,42.0,0.6,0.1,0.6,2.0,808.0,0.0,0.0,0.39603960396039606
31.0,9.0,43.0,0.6,0.1,0.6,2.0,794.0,0.0,0.0,0.3992443324937028
31.0,9.0,44.0,0.6,0.1,0.6,2.0,808.0,0.0,0.0,0.39603960396039606
31.0,9.0,45.0,0.6,0.1,0.6,2.0,754.0,0.0,0.0,0.6551724137931034
31.0,9.0,46.0,0.6,0.1,0.6,2.0,742.0,0.0,0.0,0.6549865229110512
31.0,9.0,47.0,0.6,0.1,0.6,2.0,743.0,0.0,0.0,0.6554508748317631
31.0,9.0,48.0,0.6,0.1,0.6,2.0,743.0,0.0,0.0,0.6554508748317631
31.0,9.0,49.0,0.6,0.1,0.6,2.0,743.0,0.0,0.0,0.6554508748317631
31.0,9.0,50.0,0.6,0.1,0.6,2.0,734.0,0.0,0.0,0.6553133514986376
31.0,9.0,51.0,0.6,0.1,0.6,2.0,732.0,0.0,0.0,0.6557377049180327
31.0,9.0,52.0,0.6,0.1,0.6,2.0,734.0,0.0,0.0,0.6539509536784741
31.0,10.0,1.0,0.6,0.1,0.6,2.0,734.0,0.0,0.0,0.6553133514986376
31.0,10.0,2.0,0.6,0.1,0.6,2.0,735.0,0.0,0.0,0.654421768707483
31.0,10.0,3.0,0.6,0.1,0.6,2.0,733.0,0.0,0.0,0.6562073669849932
31.0,10.0,4.0,0.6,0.1,0.6,2.0,735.0,0.0,0.0,0.654421768707483
31.0,10.0,5.0,0.6,0.1,0.6,2.0,730.0,0.0,0.0,0.6575342465753424
31.0,10.0,6.0,0.6,0.1,0.6,2.0,733.0,0.0,0.0,0.6562073669849932
31.0,10.0,7.0,0.6,0.1,0.6,2.0,731.0,0.0,0.0,0.6580027359781122
31.0,10.0,8.0,0.6,0.1,0.6,2.0,731.0,0.0,0.0,0.6580027359781122
31.0,10.0,9.0,0.6,0.1,0.6,2.0,724.0,0.0,0.0,0.6616022099447514
31.0,10.0,10.0,0.6,0.1,0.6,2.0,707.0,0.0,0.0,0.6619519094766619
31.0,10.0,11.0,0.6,0.1,0.6,2.0,701.0,0.0,0.0,0.666191155492154
31.0,10.0,12.0,0.6,0.1,0.6,2.0,700.0,0.0,0.0,0.6671428571428571
31.0,10.0,13.0,0.6,0.1,0.6,2.0,697.0,0.0,0.0,0.6685796269727403
31.0,10.0,14.0,0.6,0.1,0.6,2.0,687.0,0.0,0.0,0.6666666666666666
31.0,10.0,15.0,0.6,0.1,0.6,2.0,686.0,0.0,0.0,0.6676384839650146
31.0,10.0,16.0,0.6,0.1,0.6,2.0,680.0,0.0,0.0,0.6720588235294118
31.0,10.0,17.0,0.6,0.1,0.6,2.0,678.0,0.0,0.0,0.6710914454277286
31.0,10.0,18.0,0.6,0.1,0.6,2.0,679.0,0.0,0.0,0.6715758468335787
31.0,10.0,19.0,0.6,0.1,0.6,2.0,677.0,0.0,0.0,0.672082717872969
31.0,10.0,20.0,0.6,0.1,0.6,2.0,1197.0,0.0,0.0,0.36006683375104426
31.0,10.0,21.0,0.6,0.1,0.6,2.0,1163.0,0.0,0.0,0.3576956147893379
31.0,10.0,22.0,0.6,0.1,0.6,2.0,1098.0,0.0,0.0,0.366120218579235
31.0,10.0,23.0,0.6,0.1,0.6,2.0,1050.0,0.0,0.0,0.36857142857142855
31.0,10.0,24.0,0.6,0.1,0.6,2.0,1037.0,0.0,0.0,0.3702989392478303
31.0,10.0,25.0,0.6,0.1,0.6,2.0,984.0,0.0,0.0,0.3821138211382114
31.0,10.0,26.0,0.6,0.1,0.6,2.0,981.0,0.0,0.0,0.38328236493374107
31.0,10.0,27.0,0.6,0.1,0.6,2.0,979.0,0.0,0.0,0.3840653728294178
31.0,10.0,28.0,0.6,0.1,0.6,2.0,959.0,0.0,0.0,0.38269030239833157
31.0,10.0,29.0,0.6,0.1,0.6,2.0,960.0,0.0,0.0,0.38229166666666664
31.0,10.0,30.0,0.6,0.1,0.6,2.0,958.0,0.0,0.0,0.38308977035490605
31.0,10.0,31.0,0.6,0.1,0.6,2.0,960.0,0.0,0.0,0.38229166666666664
31.0,10.0,32.0,0.6,0.1,0.6,2.0,942.0,0.0,0.0,0.3821656050955414
31.0,10.0,33.0,0.6,0.1,0.6,2.0,937.0,0.0,0.0,0.3831376734258271
31.0,10.0,34.0,0.6,0.1,0.6,2.0,899.0,0.0,0.0,0.39265850945494996
31.0,10.0,35.0,0.6,0.1,0.6,2.0,906.0,0.0,0.0,0.39072847682119205
31.0,10.0,36.0,0.6,0.1,0.6,2.0,888.0,0.0,0.0,0.39414414414414417
31.0,10.0,37.0,0.6,0.1,0.6,2.0,895.0,0.0,0.0,0.39217877094972065
31.0,10.0,38.0,0.6,0.1,0.6,2.0,868.0,0.0,0.0,0.39976958525345624
31.0,10.0,39.0,0.6,0.1,0.6,2.0,860.0,0.0,0.0,0.3988372093023256
31.0,10.0,40.0,0.6,0.1,0.6,2.0,853.0,0.0,0.0,0.40093786635404455
31.0,10.0,41.0,0.6,0.1,0.6,2.0,860.0,0.0,0.0,0.3988372093023256
31.0,10.0,42.0,0.6,0.1,0.6,2.0,858.0,0.0,0.0,0.3997668997668998
31.0,10.0,43.0,0.6,0.1,0.6,2.0,859.0,0.0,0.0,0.3981373690337602
31.0,10.0,44.0,0.6,0.1,0.6,2.0,846.0,0.0,0.0,0.40189125295508277
31.0,10.0,45.0,0.6,0.1,0.6,2.0,845.0,0.0,0.0,0.6461538461538462
31.0,10.0,46.0,0.6,0.1,0.6,2.0,833.0,0.0,0.0,0.6506602641056423
31.0,10.0,47.0,0.6,0.1,0.6,2.0,835.0,0.0,0.0,0.6479041916167665
31.0,10.0,48.0,0.6,0.1,0.6,2.0,833.0,0.0,0.0,0.6506602641056423
31.0,10.0,49.0,0.6,0.1,0.6,2.0,835.0,0.0,0.0,0.6479041916167665
31.0,10.0,50.0,0.6,0.1,0.6,2.0,831.0,0.0,0.0,0.6522262334536703
31.0,10.0,51.0,0.6,0.1,0.6,2.0,832.0,0.0,0.0,0.6490384615384616
31.0,10.0,52.0,0.6,0.1,0.6,2.0,831.0,0.0,0.0,0.6522262334536703
32.0,1.0,1.0,0.6,0.1,0.6,2.0,5234.0,50.0,9.0,0.5905617118838364
32.0,1.0,2.0,0.6,0.1,0.6,2.0,5189.0,56.0,23.0,0.5906725766043553
32.0,1.0,3.0,0.6,0.1,0.6,2.0,5149.0,59.0,32.0,0.590600116527481
32.0,1.0,4.0,0.6,0.1,0.6,2.0,5087.0,56.0,31.0,0.5924906624729703
32.0,1.0,5.0,0.6,0.1,0.6,2.0,5111.0,56.0,23.0,0.5963607904519663
32.0,1.0,6.0,0.6,0.1,0.6,2.0,4991.0,61.0,24.0,0.5960729312762973
32.0,1.0,7.0,0.6,0.1,0.6,2.0,4801.0,66.0,24.0,0.5961258071235159
32.0,1.0,8.0,0.6,0.1,0.6,2.0,4684.0,67.0,35.0,0.5964987190435526
32.0,1.0,9.0,0.6,0.1,0.6,2.0,4516.0,66.0,38.0,0.5983170947741364
32.0,1.0,10.0,0.6,0.1,0.6,2.0,4419.0,77.0,38.0,0.6021724372029871
32.0,1.0,11.0,0.6,0.1,0.6,2.0,4209.0,80.0,29.0,0.6032311712995961
32.0,1.0,12.0,0.6,0.1,0.6,2.0,4084.0,70.0,36.0,0.6057786483839374
32.0,1.0,13.0,0.6,0.1,0.6,2.0,4007.0,72.0,35.0,0.605690042425755
32.0,1.0,14.0,0.6,0.1,0.6,2.0,3867.0,71.0,32.0,0.6071890354279803
32.0,1.0,15.0,0.6,0.1,0.6,2.0,3786.0,65.0,27.0,0.6080295826730058
32.0,1.0,16.0,0.6,0.1,0.6,2.0,3715.0,67.0,34.0,0.6107671601615074
32.0,1.0,17.0,0.6,0.1,0.6,2.0,3624.0,66.0,32.0,0.6095474613686535
32.0,1.0,18.0,0.6,0.1,0.6,2.0,3528.0,67.0,32.0,0.6133786848072562
32.0,1.0,19.0,0.6,0.1,0.6,2.0,3466.0,60.0,28.0,0.6145412579342181
32.0,1.0,20.0,0.6,0.1,0.6,2.0,6487.0,59.0,32.0,0.32542007091105285
32.0,1.0,21.0,0.6,0.1,0.6,2.0,5959.0,99.0,27.0,0.3295855009229737
32.0,1.0,22.0,0.6,0.1,0.6,2.0,5571.0,106.0,30.0,0.3336923353078442
32.0,1.0,23.0,0.6,0.1,0.6,2.0,5437.0,117.0,48.0,0.33584697443443073
32.0,1.0,24.0,0.6,0.1,0.6,2.0,5212.0,144.0,59.0,0.33691481197237144
32.0,1.0,25.0,0.6,0.1,0.6,2.0,4954.0,158.0,65.0,0.3407347597900686
32.0,1.0,26.0,0.6,0.1,0.6,2.0,4646.0,154.0,63.0,0.34459750322858373
32.0,1.0,27.0,0.6,0.1,0.6,2.0,4472.0,168.0,79.0,0.3477191413237925
32.0,1.0,28.0,0.6,0.1,0.6,2.0,4295.0,166.0,86.0,0.35250291036088477
32.0,1.0,29.0,0.6,0.1,0.6,2.0,4156.0,194.0,73.0,0.3553897978825794
32.0,1.0,30.0,0.6,0.1,0.6,2.0,4044.0,198.0,72.0,0.36053412462908013
32.0,1.0,31.0,0.6,0.1,0.6,2.0,3899.0,195.0,75.0,0.36624775583482944
32.0,1.0,32.0,0.6,0.1,0.6,2.0,3754.0,201.0,91.0,0.3692061800745871
32.0,1.0,33.0,0.6,0.1,0.6,2.0,3674.0,209.0,95.0,0.37370713119216115
32.0,1.0,34.0,0.6,0.1,0.6,2.0,3541.0,217.0,89.0,0.3789889861621011
32.0,1.0,35.0,0.6,0.1,0.6,2.0,3418.0,213.0,86.0,0.382387361029842
32.0,1.0,36.0,0.6,0.1,0.6,2.0,3316.0,213.0,94.0,0.38721351025331724
32.0,1.0,37.0,0.6,0.1,0.6,2.0,3230.0,225.0,107.0,0.39009287925696595
32.0,1.0,38.0,0.6,0.1,0.6,2.0,3122.0,209.0,100.0,0.39814221652786674
32.0,1.0,39.0,0.6,0.1,0.6,2.0,3001.0,209.0,96.0,0.40586471176274574
32.0,1.0,40.0,0.6,0.1,0.6,2.0,2900.0,208.0,104.0,0.4106896551724138
32.0,1.0,41.0,0.6,0.1,0.6,2.0,2837.0,212.0,100.0,0.41769474797321116
32.0,1.0,42.0,0.6,0.1,0.6,2.0,2766.0,227.0,107.0,0.4222704266088214
32.0,1.0,43.0,0.6,0.1,0.6,2.0,2626.0,200.0,95.0,0.42993145468392996
32.0,1.0,44.0,0.6,0.1,0.6,2.0,2546.0,195.0,100.0,0.43715632364493323
32.0,1.0,45.0,0.6,0.1,0.6,2.0,2476.0,186.0,102.0,0.6615508885298869
32.0,1.0,46.0,0.6,0.1,0.6,2.0,2417.0,164.0,96.0,0.6685974348365743
32.0,1.0,47.0,0.6,0.1,0.6,2.0,2319.0,130.0,73.0,0.671841310909875
32.0,1.0,48.0,0.6,0.1,0.6,2.0,2218.0,102.0,67.0,0.6762849413886384
32.0,1.0,49.0,0.6,0.1,0.6,2.0,2159.0,85.0,52.0,0.6845761926817971
32.0,1.0,50.0,0.6,0.1,0.6,2.0,2107.0,79.0,49.0,0.6862838158519222
32.0,1.0,51.0,0.6,0.1,0.6,2.0,2065.0,64.0,34.0,0.6910411622276029
32.0,1.0,52.0,0.6,0.1,0.6,2.0,2041.0,56.0,34.0,0.6932876041156296
32.0,2.0,1.0,0.6,0.1,0.6,2.0,1993.0,51.0,29.0,0.6964375313597592
32.0,2.0,2.0,0.6,0.1,0.6,2.0,1939.0,47.0,25.0,0.6993295513151109
32.0,2.0,3.0,0.6,0.1,0.6,2.0,1917.0,35.0,21.0,0.7057902973395931
32.0,2.0,4.0,0.6,0.1,0.6,2.0,1890.0,37.0,22.0,0.7042328042328042
32.0,2.0,5.0,0.6,0.1,0.6,2.0,1867.0,28.0,15.0,0.7080878414568827
32.0,2.0,6.0,0.6,0.1,0.6,2.0,1818.0,23.0,10.0,0.7084708470847084
32.0,2.0,7.0,0.6,0.1,0.6,2.0,1792.0,20.0,10.0,0.7103794642857143
32.0,2.0,8.0,0.6,0.1,0.6,2.0,1781.0,19.0,13.0,0.7097136440202133
32.0,2.0,9.0,0.6,0.1,0.6,2.0,1753.0,20.0,13.0,0.7113519680547633
32.0,2.0,10.0,0.6,0.1,0.6,2.0,1741.0,19.0,12.0,0.7122343480758185
32.0,2.0,11.0,0.6,0.1,0.6,2.0,1723.0,14.0,7.0,0.7132907719094602
32.0,2.0,12.0,0.6,0.1,0.6,2.0,1708.0,15.0,7.0,0.7137002341920374
32.0,2.0,13.0,0.6,0.1,0.6,2.0,1679.0,13.0,6.0,0.7164979154258487
32.0,2.0,14.0,0.6,0.1,0.6,2.0,1639.0,12.0,6.0,0.7162904209884076
32.0,2.0,15.0,0.6,0.1,0.6,2.0,1627.0,10.0,4.0,0.7178856791641057
32.0,2.0,16.0,0.6,0.1,0.6,2.0,1613.0,9.0,5.0,0.7203967761934283
32.0,2.0,17.0,0.6,0.1,0.6,2.0,1605.0,7.0,6.0,0.7227414330218068
32.0,2.0,18.0,0.6,0.1,0.6,2.0,1601.0,8.0,5.0,0.7207995003123048
32.0,2.0,19.0,0.6,0.1,0.6,2.0,1563.0,7.0,4.0,0.7229686500319897
32.0,2.0,20.0,0.6,0.1,0.6,2.0,2828.0,4.0,1.0,0.3886138613861386
32.0,2.0,21.0,0.6,0.1,0.6,2.0,2743.0,5.0,1.0,0.38826102807145463
32.0,2.0,22.0,0.6,0.1,0.6,2.0,2663.0,4.0,0.0,0.3890349230191513
32.0,2.0,23.0,0.6,0.1,0.6,2.0,2555.0,4.0,2.0,0.3929549902152642
32.0,2.0,24.0,0.6,0.1,0.6,2.0,2506.0,6.0,3.0,0.3922585794094174
32.0,2.0,25.0,0.6,0.1,0.6,2.0,2457.0,7.0,4.0,0.393976393976394
32.0,2.0,26.0,0.6,0.1,0.6,2.0,2406.0,10.0,2.0,0.39027431421446385
32.0,2.0,27.0,0.6,0.1,0.6,2.0,2351.0,16.0,4.0,0.3943002977456401
32.0,2.0,28.0,0.6,0.1,0.6,2.0,2316.0,18.0,5.0,0.38946459412780654
32.0,2.0,29.0,0.6,0.1,0.6,2.0,2256.0,23.0,8.0,0.39095744680851063
32.0,2.0,30.0,0.6,0.1,0.6,2.0,2196.0,26.0,9.0,0.3911657559198543
32.0,2.0,31.0,0.6,0.1,0.6,2.0,2131.0,26.0,12.0,0.3937118723603942
32.0,2.0,32.0,0.6,0.1,0.6,2.0,2071.0,27.0,13.0,0.39835828102366005
32.0,2.0,33.0,0.6,0.1,0.6,2.0,2037.0,31.0,15.0,0.3942071674030437
32.0,2.0,34.0,0.6,0.1,0.6,2.0,1982.0,31.0,9.0,0.3970736629667003
32.0,2.0,35.0,0.6,0.1,0.6,2.0,1925.0,25.0,9.0,0.39896103896103896
32.0,2.0,36.0,0.6,0.1,0.6,2.0,1901.0,28.0,8.0,0.40031562335612836
32.0,2.0,37.0,0.6,0.1,0.6,2.0,1845.0,28.0,14.0,0.3989159891598916
32.0,2.0,38.0,0.6,0.1,0.6,2.0,1771.0,36.0,13.0,0.40372670807453415
32.0,2.0,39.0,0.6,0.1,0.6,2.0,1716.0,38.0,14.0,0.40734265734265734
32.0,2.0,40.0,0.6,0.1,0.6,2.0,1709.0,31.0,15.0,0.409011117612639
32.0,2.0,41.0,0.6,0.1,0.6,2.0,1681.0,39.0,17.0,0.4080904223676383
32.0,2.0,42.0,0.6,0.1,0.6,2.0,1659.0,42.0,19.0,0.4074743821579265
32.0,2.0,43.0,0.6,0.1,0.6,2.0,1641.0,37.0,18.0,0.4113345521023766
32.0,2.0,44.0,0.6,0.1,0.6,2.0,1600.0,41.0,18.0,0.41125
32.0,2.0,45.0,0.6,0.1,0.6,2.0,1563.0,40.0,15.0,0.6577095329494562
32.0,2.0,46.0,0.6,0.1,0.6,2.0,1519.0,37.0,16.0,0.6616194865042792
32.0,2.0,47.0,0.6,0.1,0.6,2.0,1471.0,35.0,15.0,0.6655336505778382
32.0,2.0,48.0,0.6,0.1,0.6,2.0,1432.0,32.0,22.0,0.6662011173184358
32.0,2.0,49.0,0.6,0.1,0.6,2.0,1398.0,23.0,12.0,0.67310443490701
32.0,2.0,50.0,0.6,0.1,0.6,2.0,1365.0,20.0,14.0,0.6725274725274726
32.0,2.0,51.0,0.6,0.1,0.6,2.0,1343.0,16.0,11.0,0.6783320923306031
32.0,2.0,52.0,0.6,0.1,0.6,2.0,1326.0,15.0,10.0,0.6742081447963801
32.0,3.0,1.0,0.6,0.1,0.6,2.0,1302.0,11.0,4.0,0.6804915514592934
32.0,3.0,2.0,0.6,0.1,0.6,2.0,1272.0,10.0,1.0,0.6800314465408805
32.0,3.0,3.0,0.6,0.1,0.6,2.0,1271.0,9.0,4.0,0.6805664830841857
32.0,3.0,4.0,0.6,0.1,0.6,2.0,1266.0,11.0,5.0,0.6785150078988942
32.0,3.0,5.0,0.6,0.1,0.6,2.0,1262.0,12.0,7.0,0.6798732171156894
32.0,3.0,6.0,0.6,0.1,0.6,2.0,1253.0,10.0,4.0,0.6799680766161214
32.0,3.0,7.0,0.6,0.1,0.6,2.0,1231.0,8.0,5.0,0.6823720552396426
32.0,3.0,8.0,0.6,0.1,0.6,2.0,1208.0,6.0,4.0,0.6829470198675497
32.0,3.0,9.0,0.6,0.1,0.6,2.0,1174.0,5.0,3.0,0.6873935264054515
32.0,3.0,10.0,0.6,0.1,0.6,2.0,1164.0,4.0,2.0,0.6872852233676976
32.0,3.0,11.0,0.6,0.1,0.6,2.0,1154.0,3.0,1.0,0.6889081455805892
32.0,3.0,12.0,0.6,0.1,0.6,2.0,1132.0,3.0,2.0,0.6872791519434629
32.0,3.0,13.0,0.6,0.1,0.6,2.0,1113.0,2.0,1.0,0.6891284815813118
32.0,3.0,14.0,0.6,0.1,0.6,2.0,1104.0,2.0,1.0,0.6884057971014492
32.0,3.0,15.0,0.6,0.1,0.6,2.0,1081.0,0.0,0.0,0.6864014801110083
32.0,3.0,16.0,0.6,0.1,0.6,2.0,1073.0,0.0,0.0,0.6859273066169618
32.0,3.0,17.0,0.6,0.1,0.6,2.0,1074.0,0.0,0.0,0.686219739292365
32.0,3.0,18.0,0.6,0.1,0.6,2.0,1063.0,0.0,0.0,0.6848541862652869
32.0,3.0,19.0,0.6,0.1,0.6,2.0,1065.0,0.0,0.0,0.6845070422535211
32.0,3.0,20.0,0.6,0.1,0.6,2.0,1935.0,0.0,0.0,0.3695090439276486
32.0,3.0,21.0,0.6,0.1,0.6,2.0,1918.0,0.0,0.0,0.36965589155370177
32.0,3.0,22.0,0.6,0.1,0.6,2.0,1827.0,0.0,0.0,0.37110016420361247
32.0,3.0,23.0,0.6,0.1,0.6,2.0,1768.0,0.0,0.0,0.375
32.0,3.0,24.0,0.6,0.1,0.6,2.0,1718.0,0.0,0.0,0.3760186263096624
32.0,3.0,25.0,0.6,0.1,0.6,2.0,1683.0,0.0,0.0,0.38027332144979203
32.0,3.0,26.0,0.6,0.1,0.6,2.0,1648.0,0.0,0.0,0.38228155339805825
32.0,3.0,27.0,0.6,0.1,0.6,2.0,1621.0,0.0,0.0,0.3800123380629241
32.0,3.0,28.0,0.6,0.1,0.6,2.0,1564.0,0.0,0.0,0.3804347826086957
32.0,3.0,29.0,0.6,0.1,0.6,2.0,1582.0,0.0,0.0,0.3780025284450063
32.0,3.0,30.0,0.6,0.1,0.6,2.0,1535.0,0.0,0.0,0.38436482084690554
32.0,3.0,31.0,0.6,0.1,0.6,2.0,1505.0,0.0,0.0,0.3840531561461794
32.0,3.0,32.0,0.6,0.1,0.6,2.0,1472.0,0.0,0.0,0.38654891304347827
32.0,3.0,33.0,0.6,0.1,0.6,2.0,1472.0,0.0,0.0,0.38383152173913043
32.0,3.0,34.0,0.6,0.1,0.6,2.0,1447.0,0.0,0.0,0.3849343469246717
32.0,3.0,35.0,0.6,0.1,0.6,2.0,1403.0,0.0,0.0,0.38774055595153245
32.0,3.0,36.0,0.6,0.1,0.6,2.0,1391.0,0.0,0.0,0.39108554996405465
32.0,3.0,37.0,0.6,0.1,0.6,2.0,1375.0,0.0,0.0,0.38981818181818184
32.0,3.0,38.0,0.6,0.1,0.6,2.0,1348.0,0.0,0.0,0.39243323442136496
32.0,3.0,39.0,0.6,0.1,0.6,2.0,1343.0,0.0,0.0,0.3901712583767684
32.0,3.0,40.0,0.6,0.1,0.6,2.0,1337.0,0.0,0.0,0.39267015706806285
32.0,3.0,41.0,0.6,0.1,0.6,2.0,1331.0,0.0,0.0,0.3899323816679189
32.0,3.0,42.0,0.6,0.1,0.6,2.0,1303.0,0.0,0.0,0.39217191097467385
32.0,3.0,43.0,0.6,0.1,0.6,2.0,1269.0,0.0,0.0,0.39401103230890466
32.0,3.0,44.0,0.6,0.1,0.6,2.0,1232.0,0.0,0.0,0.3944805194805195
32.0,3.0,45.0,0.6,0.1,0.6,2.0,1233.0,0.0,0.0,0.6423357664233577
32.0,3.0,46.0,0.6,0.1,0.6,2.0,1198.0,0.0,0.0,0.6460767946577629
32.0,3.0,47.0,0.6,0.1,0.6,2.0,1199.0,0.0,0.0,0.6447039199332777
32.0,3.0,48.0,0.6,0.1,0.6,2.0,1165.0,0.0,0.0,0.6446351931330472
32.0,3.0,49.0,0.6,0.1,0.6,2.0,1164.0,0.0,0.0,0.6434707903780069
32.0,3.0,50.0,0.6,0.1,0.6,2.0,1159.0,0.0,0.0,0.6436583261432269
32.0,3.0,51.0,0.6,0.1,0.6,2.0,1151.0,0.0,0.0,0.6455256298870548
32.0,3.0,52.0,0.6,0.1,0.6,2.0,1141.0,0.0,0.0,0.6441717791411042
32.0,4.0,1.0,0.6,0.1,0.6,2.0,1140.0,0.0,0.0,0.6456140350877193
32.0,4.0,2.0,0.6,0.1,0.6,2.0,1128.0,0.0,0.0,0.6427304964539007
32.0,4.0,3.0,0.6,0.1,0.6,2.0,1132.0,0.0,0.0,0.642226148409894
32.0,4.0,4.0,0.6,0.1,0.6,2.0,1126.0,0.0,0.0,0.6403197158081705
32.0,4.0,5.0,0.6,0.1,0.6,2.0,1086.0,0.0,0.0,0.641804788213628
32.0,4.0,6.0,0.6,0.1,0.6,2.0,1079.0,0.0,0.0,0.6404077849860983
32.0,4.0,7.0,0.6,0.1,0.6,2.0,1076.0,0.0,0.0,0.6421933085501859
32.0,4.0,8.0,0.6,0.1,0.6,2.0,1069.0,0.0,0.0,0.6398503274087932
32.0,4.0,9.0,0.6,0.1,0.6,2.0,1067.0,0.0,0.0,0.6429240862230553
32.0,4.0,10.0,0.6,0.1,0.6,2.0,1060.0,0.0,0.0,0.6386792452830189
32.0,4.0,11.0,0.6,0.1,0.6,2.0,1034.0,0.0,0.0,0.6450676982591876
32.0,4.0,12.0,0.6,0.1,0.6,2.0,1015.0,0.0,0.0,0.6423645320197044
32.0,4.0,13.0,0.6,0.1,0.6,2.0,996.0,0.0,0.0,0.6485943775100401
32.0,4.0,14.0,0.6,0.1,0.6,2.0,991.0,0.0,0.0,0.6458123107971746
32.0,4.0,15.0,0.6,0.1,0.6,2.0,989.0,0.0,0.0,0.6491405460060667
32.0,4.0,16.0,0.6,0.1,0.6,2.0,983.0,0.0,0.0,0.6439471007121058
32.0,4.0,17.0,0.6,0.1,0.6,2.0,983.0,0.0,0.0,0.6480162767039674
32.0,4.0,18.0,0.6,0.1,0.6,2.0,977.0,0.0,0.0,0.6448311156601843
32.0,4.0,19.0,0.6,0.1,0.6,2.0,979.0,0.0,0.0,0.6475995914198162
32.0,4.0,20.0,0.6,0.1,0.6,2.0,1755.0,0.0,0.0,0.3572649572649573
32.0,4.0,21.0,0.6,0.1,0.6,2.0,1691.0,0.0,0.0,0.35541099940863397
32.0,4.0,22.0,0.6,0.1,0.6,2.0,1635.0,0.0,0.0,0.3553516819571865
32.0,4.0,23.0,0.6,0.1,0.6,2.0,1528.0,0.0,0.0,0.3632198952879581
32.0,4.0,24.0,0.6,0.1,0.6,2.0,1484.0,0.0,0.0,0.36725067385444743
32.0,4.0,25.0,0.6,0.1,0.6,2.0,1453.0,0.0,0.0,0.3682037164487268
32.0,4.0,26.0,0.6,0.1,0.6,2.0,1421.0,0.0,0.0,0.3645320197044335
32.0,4.0,27.0,0.6,0.1,0.6,2.0,1393.0,0.0,0.0,0.36611629576453697
32.0,4.0,28.0,0.6,0.1,0.6,2.0,1313.0,0.0,0.0,0.37242955064737243
32.0,4.0,29.0,0.6,0.1,0.6,2.0,1257.0,0.0,0.0,0.3739061256961018
32.0,4.0,30.0,0.6,0.1,0.6,2.0,1222.0,0.0,0.0,0.37643207855973815
32.0,4.0,31.0,0.6,0.1,0.6,2.0,1197.0,0.0,0.0,0.37009189640768586
32.0,4.0,32.0,0.6,0.1,0.6,2.0,1181.0,0.0,0.0,0.37171888230313294
32.0,4.0,33.0,0.6,0.1,0.6,2.0,1154.0,0.0,0.0,0.3717504332755633
32.0,4.0,34.0,0.6,0.1,0.6,2.0,1122.0,0.0,0.0,0.37344028520499106
32.0,4.0,35.0,0.6,0.1,0.6,2.0,1098.0,0.0,0.0,0.37340619307832423
32.0,4.0,36.0,0.6,0.1,0.6,2.0,1062.0,0.0,0.0,0.3785310734463277
32.0,4.0,37.0,0.6,0.1,0.6,2.0,1059.0,0.0,0.0,0.3777148253068933
32.0,4.0,38.0,0.6,0.1,0.6,2.0,1031.0,0.0,0.0,0.3792434529582929
32.0,4.0,39.0,0.6,0.1,0.6,2.0,1024.0,0.0,0.0,0.37890625
32.0,4.0,40.0,0.6,0.1,0.6,2.0,1000.0,0.0,0.0,0.382
32.0,4.0,41.0,0.6,0.1,0.6,2.0,980.0,0.0,0.0,0.3816326530612245
32.0,4.0,42.0,0.6,0.1,0.6,2.0,952.0,0.0,0.0,0.37710084033613445
32.0,4.0,43.0,0.6,0.1,0.6,2.0,933.0,0.0,0.0,0.37942122186495175
32.0,4.0,44.0,0.6,0.1,0.6,2.0,909.0,0.0,0.0,0.37843784378437845
32.0,4.0,45.0,0.6,0.1,0.6,2.0,886.0,0.0,0.0,0.6467268623024831
32.0,4.0,46.0,0.6,0.1,0.6,2.0,881.0,0.0,0.0,0.6458569807037458
32.0,4.0,47.0,0.6,0.1,0.6,2.0,878.0,0.0,0.0,0.6446469248291572
32.0,4.0,48.0,0.6,0.1,0.6,2.0,866.0,0.0,0.0,0.6466512702078522
32.0,4.0,49.0,0.6,0.1,0.6,2.0,854.0,0.0,0.0,0.6498829039812647
32.0,4.0,50.0,0.6,0.1,0.6,2.0,846.0,0.0,0.0,0.6513002364066194
32.0,4.0,51.0,0.6,0.1,0.6,2.0,833.0,0.0,0.0,0.6458583433373349
32.0,4.0,52.0,0.6,0.1,0.6,2.0,828.0,0.0,0.0,0.6461352657004831
32.0,5.0,1.0,0.6,0.1,0.6,2.0,829.0,0.0,0.0,0.6441495778045838
32.0,5.0,2.0,0.6,0.1,0.6,2.0,812.0,0.0,0.0,0.6440886699507389
32.0,5.0,3.0,0.6,0.1,0.6,2.0,810.0,0.0,0.0,0.6419753086419753
32.0,5.0,4.0,0.6,0.1,0.6,2.0,796.0,0.0,0.0,0.6457286432160804
32.0,5.0,5.0,0.6,0.1,0.6,2.0,783.0,0.0,0.0,0.644955300127714
32.0,5.0,6.0,0.6,0.1,0.6,2.0,777.0,0.0,0.0,0.646074646074646
32.0,5.0,7.0,0.6,0.1,0.6,2.0,778.0,0.0,0.0,0.6439588688946015
32.0,5.0,8.0,0.6,0.1,0.6,2.0,776.0,0.0,0.0,0.645618556701031
32.0,5.0,9.0,0.6,0.1,0.6,2.0,772.0,0.0,0.0,0.6450777202072538
32.0,5.0,10.0,0.6,0.1,0.6,2.0,763.0,0.0,0.0,0.6487549148099607
32.0,5.0,11.0,0.6,0.1,0.6,2.0,759.0,0.0,0.0,0.6495388669301713
32.0,5.0,12.0,0.6,0.1,0.6,2.0,758.0,0.0,0.0,0.6490765171503958
32.0,5.0,13.0,0.6,0.1,0.6,2.0,749.0,0.0,0.0,0.6488651535380507
32.0,5.0,14.0,0.6,0.1,0.6,2.0,744.0,0.0,0.0,0.6505376344086021
32.0,5.0,15.0,0.6,0.1,0.6,2.0,738.0,0.0,0.0,0.6517615176151762
32.0,5.0,16.0,0.6,0.1,0.6,2.0,729.0,0.0,0.0,0.6488340192043895
32.0,5.0,17.0,0.6,0.1,0.6,2.0,726.0,0.0,0.0,0.650137741046832
32.0,5.0,18.0,0.6,0.1,0.6,2.0,715.0,0.0,0.0,0.6531468531468532
32.0,5.0,19.0,0.6,0.1,0.6,2.0,712.0,0.0,0.0,0.6544943820224719
32.0,5.0,20.0,0.6,0.1,0.6,2.0,1278.0,0.0,0.0,0.36384976525821594
32.0,5.0,21.0,0.6,0.1,0.6,2.0,1239.0,0.0,0.0,0.3648103309120258
32.0,5.0,22.0,0.6,0.1,0.6,2.0,1143.0,0.0,0.0,0.36832895888014
32.0,5.0,23.0,0.6,0.1,0.6,2.0,1103.0,0.0,0.0,0.3744333635539438
32.0,5.0,24.0,0.6,0.1,0.6,2.0,1069.0,0.0,0.0,0.37418147801683815
32.0,5.0,25.0,0.6,0.1,0.6,2.0,1019.0,0.0,0.0,0.3817468105986261
32.0,5.0,26.0,0.6,0.1,0.6,2.0,1030.0,0.0,0.0,0.37766990291262137
32.0,5.0,27.0,0.6,0.1,0.6,2.0,1017.0,0.0,0.0,0.3815142576204523
32.0,5.0,28.0,0.6,0.1,0.6,2.0,1028.0,0.0,0.0,0.377431906614786
32.0,5.0,29.0,0.6,0.1,0.6,2.0,1009.0,0.0,0.0,0.38255698711595637
32.0,5.0,30.0,0.6,0.1,0.6,2.0,982.0,0.0,0.0,0.384928716904277
32.0,5.0,31.0,0.6,0.1,0.6,2.0,963.0,0.0,0.0,0.3935617860851506
32.0,5.0,32.0,0.6,0.1,0.6,2.0,965.0,0.0,0.0,0.39067357512953366
32.0,5.0,33.0,0.6,0.1,0.6,2.0,922.0,0.0,0.0,0.4067245119305857
32.0,5.0,34.0,0.6,0.1,0.6,2.0,919.0,0.0,0.0,0.4058759521218716
32.0,5.0,35.0,0.6,0.1,0.6,2.0,897.0,0.0,0.0,0.40914158305462656
32.0,5.0,36.0,0.6,0.1,0.6,2.0,898.0,0.0,0.0,0.4086859688195991
32.0,5.0,37.0,0.6,0.1,0.6,2.0,892.0,0.0,0.0,0.4069506726457399
32.0,5.0,38.0,0.6,0.1,0.6,2.0,879.0,0.0,0.0,0.4072810011376564
32.0,5.0,39.0,0.6,0.1,0.6,2.0,876.0,0.0,0.0,0.4052511415525114
32.0,5.0,40.0,0.6,0.1,0.6,2.0,857.0,0.0,0.0,0.40373395565927656
32.0,5.0,41.0,0.6,0.1,0.6,2.0,835.0,0.0,0.0,0.4059880239520958
32.0,5.0,42.0,0.6,0.1,0.6,2.0,820.0,0.0,0.0,0.4097560975609756
32.0,5.0,43.0,0.6,0.1,0.6,2.0,805.0,0.0,0.0,0.40993788819875776
32.0,5.0,44.0,0.6,0.1,0.6,2.0,802.0,0.0,0.0,0.4089775561097257
32.0,5.0,45.0,0.6,0.1,0.6,2.0,798.0,0.0,0.0,0.6441102756892231
32.0,5.0,46.0,0.6,0.1,0.6,2.0,797.0,0.0,0.0,0.64366373902133
32.0,5.0,47.0,0.6,0.1,0.6,2.0,790.0,0.0,0.0,0.6443037974683544
32.0,5.0,48.0,0.6,0.1,0.6,2.0,791.0,0.0,0.0,0.6447534766118836
32.0,5.0,49.0,0.6,0.1,0.6,2.0,769.0,0.0,0.0,0.6449934980494149
32.0,5.0,50.0,0.6,0.1,0.6,2.0,769.0,0.0,0.0,0.64629388816645
32.0,5.0,51.0,0.6,0.1,0.6,2.0,763.0,0.0,0.0,0.6474442988204456
32.0,5.0,52.0,0.6,0.1,0.6,2.0,742.0,0.0,0.0,0.6495956873315364
32.0,6.0,1.0,0.6,0.1,0.6,2.0,727.0,0.0,0.0,0.6519944979367263
32.0,6.0,2.0,0.6,0.1,0.6,2.0,727.0,0.0,0.0,0.6519944979367263
32.0,6.0,3.0,0.6,0.1,0.6,2.0,722.0,0.0,0.0,0.6509695290858726
32.0,6.0,4.0,0.6,0.1,0.6,2.0,722.0,0.0,0.0,0.6509695290858726
32.0,6.0,5.0,0.6,0.1,0.6,2.0,717.0,0.0,0.0,0.6527196652719666
32.0,6.0,6.0,0.6,0.1,0.6,2.0,718.0,0.0,0.0,0.6532033426183844
32.0,6.0,7.0,0.6,0.1,0.6,2.0,714.0,0.0,0.0,0.6526610644257703
32.0,6.0,8.0,0.6,0.1,0.6,2.0,711.0,0.0,0.0,0.6526019690576652
32.0,6.0,9.0,0.6,0.1,0.6,2.0,705.0,0.0,0.0,0.6539007092198581
32.0,6.0,10.0,0.6,0.1,0.6,2.0,707.0,0.0,0.0,0.6548797736916548
32.0,6.0,11.0,0.6,0.1,0.6,2.0,702.0,0.0,0.0,0.6552706552706553
32.0,6.0,12.0,0.6,0.1,0.6,2.0,702.0,0.0,0.0,0.6566951566951567
32.0,6.0,13.0,0.6,0.1,0.6,2.0,696.0,0.0,0.0,0.6551724137931034
32.0,6.0,14.0,0.6,0.1,0.6,2.0,697.0,0.0,0.0,0.6571018651362984
32.0,6.0,15.0,0.6,0.1,0.6,2.0,693.0,0.0,0.0,0.6565656565656566
32.0,6.0,16.0,0.6,0.1,0.6,2.0,692.0,0.0,0.0,0.6560693641618497
32.0,6.0,17.0,0.6,0.1,0.6,2.0,689.0,0.0,0.0,0.6560232220609579
32.0,6.0,18.0,0.6,0.1,0.6,2.0,692.0,0.0,0.0,0.6560693641618497
32.0,6.0,19.0,0.6,0.1,0.6,2.0,691.0,0.0,0.0,0.6555716353111433
32.0,6.0,20.0,0.6,0.1,0.6,2.0,1264.0,0.0,0.0,0.3575949367088608
32.0,6.0,21.0,0.6,0.1,0.6,2.0,1207.0,0.0,0.0,0.3620546810273405
32.0,6.0,22.0,0.6,0.1,0.6,2.0,1214.0,0.0,0.0,0.35831960461285006
32.0,6.0,23.0,0.6,0.1,0.6,2.0,1189.0,0.0,0.0,0.36248948696383515
32.0,6.0,24.0,0.6,0.1,0.6,2.0,1173.0,0.0,0.0,0.36231884057971014
32.0,6.0,25.0,0.6,0.1,0.6,2.0,1181.0,0.0,0.0,0.3615580016934801
32.0,6.0,26.0,0.6,0.1,0.6,2.0,1110.0,0.0,0.0,0.3675675675675676
32.0,6.0,27.0,0.6,0.1,0.6,2.0,1088.0,0.0,0.0,0.36672794117647056
32.0,6.0,28.0,0.6,0.1,0.6,2.0,1062.0,0.0,0.0,0.3709981167608286
32.0,6.0,29.0,0.6,0.1,0.6,2.0,1059.0,0.0,0.0,0.37016052880075545
32.0,6.0,30.0,0.6,0.1,0.6,2.0,1022.0,0.0,0.0,0.37377690802348335
32.0,6.0,31.0,0.6,0.1,0.6,2.0,979.0,0.0,0.0,0.3769152196118488
32.0,6.0,32.0,0.6,0.1,0.6,2.0,977.0,0.0,0.0,0.3766632548618219
32.0,6.0,33.0,0.6,0.1,0.6,2.0,948.0,0.0,0.0,0.37763713080168776
32.0,6.0,34.0,0.6,0.1,0.6,2.0,914.0,0.0,0.0,0.38183807439824946
32.0,6.0,35.0,0.6,0.1,0.6,2.0,903.0,0.0,0.0,0.3831672203765227
32.0,6.0,36.0,0.6,0.1,0.6,2.0,897.0,0.0,0.0,0.38127090301003347
32.0,6.0,37.0,0.6,0.1,0.6,2.0,887.0,0.0,0.0,0.38218714768883877
32.0,6.0,38.0,0.6,0.1,0.6,2.0,884.0,0.0,0.0,0.38009049773755654
32.0,6.0,39.0,0.6,0.1,0.6,2.0,870.0,0.0,0.0,0.38275862068965516
32.0,6.0,40.0,0.6,0.1,0.6,2.0,835.0,0.0,0.0,0.38323353293413176
32.0,6.0,41.0,0.6,0.1,0.6,2.0,837.0,0.0,0.0,0.3847072879330944
32.0,6.0,42.0,0.6,0.1,0.6,2.0,826.0,0.0,0.0,0.38256658595641646
32.0,6.0,43.0,0.6,0.1,0.6,2.0,805.0,0.0,0.0,0.39254658385093166
32.0,6.0,44.0,0.6,0.1,0.6,2.0,792.0,0.0,0.0,0.3939393939393939
32.0,6.0,45.0,0.6,0.1,0.6,2.0,793.0,0.0,0.0,0.6343001261034048
32.0,6.0,46.0,0.6,0.1,0.6,2.0,793.0,0.0,0.0,0.6317780580075663
32.0,6.0,47.0,0.6,0.1,0.6,2.0,791.0,0.0,0.0,0.6321112515802781
32.0,6.0,48.0,0.6,0.1,0.6,2.0,787.0,0.0,0.0,0.6353240152477764
32.0,6.0,49.0,0.6,0.1,0.6,2.0,779.0,0.0,0.0,0.6367137355584083
32.0,6.0,50.0,0.6,0.1,0.6,2.0,766.0,0.0,0.0,0.6383812010443864
32.0,6.0,51.0,0.6,0.1,0.6,2.0,762.0,0.0,0.0,0.636482939632546
32.0,6.0,52.0,0.6,0.1,0.6,2.0,758.0,0.0,0.0,0.6358839050131926
32.0,7.0,1.0,0.6,0.1,0.6,2.0,756.0,0.0,0.0,0.6349206349206349
32.0,7.0,2.0,0.6,0.1,0.6,2.0,740.0,0.0,0.0,0.6351351351351351
32.0,7.0,3.0,0.6,0.1,0.6,2.0,735.0,0.0,0.0,0.636734693877551
32.0,7.0,4.0,0.6,0.1,0.6,2.0,733.0,0.0,0.0,0.6384720327421555
32.0,7.0,5.0,0.6,0.1,0.6,2.0,730.0,0.0,0.0,0.6383561643835617
32.0,7.0,6.0,0.6,0.1,0.6,2.0,718.0,0.0,0.0,0.6406685236768802
32.0,7.0,7.0,0.6,0.1,0.6,2.0,713.0,0.0,0.0,0.6395511921458625
32.0,7.0,8.0,0.6,0.1,0.6,2.0,682.0,0.0,0.0,0.6422287390029325
32.0,7.0,9.0,0.6,0.1,0.6,2.0,678.0,0.0,0.0,0.6430678466076696
32.0,7.0,10.0,0.6,0.1,0.6,2.0,676.0,0.0,0.0,0.643491124260355
32.0,7.0,11.0,0.6,0.1,0.6,2.0,672.0,0.0,0.0,0.6458333333333334
32.0,7.0,12.0,0.6,0.1,0.6,2.0,668.0,0.0,0.0,0.6437125748502994
32.0,7.0,13.0,0.6,0.1,0.6,2.0,664.0,0.0,0.0,0.6460843373493976
32.0,7.0,14.0,0.6,0.1,0.6,2.0,663.0,0.0,0.0,0.6470588235294118
32.0,7.0,15.0,0.6,0.1,0.6,2.0,662.0,0.0,0.0,0.648036253776435
32.0,7.0,16.0,0.6,0.1,0.6,2.0,661.0,0.0,0.0,0.6475037821482602
32.0,7.0,17.0,0.6,0.1,0.6,2.0,648.0,0.0,0.0,0.6496913580246914
32.0,7.0,18.0,0.6,0.1,0.6,2.0,646.0,0.0,0.0,0.651702786377709
32.0,7.0,19.0,0.6,0.1,0.6,2.0,647.0,0.0,0.0,0.652241112828439
32.0,7.0,20.0,0.6,0.1,0.6,2.0,1123.0,0.0,0.0,0.3748886910062333
32.0,7.0,21.0,0.6,0.1,0.6,2.0,1084.0,0.0,0.0,0.3800738007380074
32.0,7.0,22.0,0.6,0.1,0.6,2.0,1083.0,0.0,0.0,0.37950138504155123
32.0,7.0,23.0,0.6,0.1,0.6,2.0,1073.0,0.0,0.0,0.3830382106244175
32.0,7.0,24.0,0.6,0.1,0.6,2.0,1048.0,0.0,0.0,0.3797709923664122
32.0,7.0,25.0,0.6,0.1,0.6,2.0,1028.0,0.0,0.0,0.3842412451361868
32.0,7.0,26.0,0.6,0.1,0.6,2.0,1027.0,0.0,0.0,0.38364167478091526
32.0,7.0,27.0,0.6,0.1,0.6,2.0,977.0,0.0,0.0,0.38792221084953943
32.0,7.0,28.0,0.6,0.1,0.6,2.0,954.0,0.0,0.0,0.389937106918239
32.0,7.0,29.0,0.6,0.1,0.6,2.0,954.0,0.0,0.0,0.389937106918239
32.0,7.0,30.0,0.6,0.1,0.6,2.0,938.0,0.0,0.0,0.3880597014925373
32.0,7.0,31.0,0.6,0.1,0.6,2.0,939.0,0.0,0.0,0.3887113951011715
32.0,7.0,32.0,0.6,0.1,0.6,2.0,930.0,0.0,0.0,0.3903225806451613
32.0,7.0,33.0,0.6,0.1,0.6,2.0,929.0,0.0,0.0,0.3907427341227126
32.0,7.0,34.0,0.6,0.1,0.6,2.0,912.0,0.0,0.0,0.39473684210526316
32.0,7.0,35.0,0.6,0.1,0.6,2.0,901.0,0.0,0.0,0.39844617092119866
32.0,7.0,36.0,0.6,0.1,0.6,2.0,898.0,0.0,0.0,0.3975501113585746
32.0,7.0,37.0,0.6,0.1,0.6,2.0,898.0,0.0,0.0,0.39643652561247217
32.0,7.0,38.0,0.6,0.1,0.6,2.0,882.0,0.0,0.0,0.3979591836734694
32.0,7.0,39.0,0.6,0.1,0.6,2.0,880.0,0.0,0.0,0.3977272727272727
32.0,7.0,40.0,0.6,0.1,0.6,2.0,861.0,0.0,0.0,0.39605110336817656
32.0,7.0,41.0,0.6,0.1,0.6,2.0,858.0,0.0,0.0,0.3951048951048951
32.0,7.0,42.0,0.6,0.1,0.6,2.0,832.0,0.0,0.0,0.40625
32.0,7.0,43.0,0.6,0.1,0.6,2.0,822.0,0.0,0.0,0.4075425790754258
32.0,7.0,44.0,0.6,0.1,0.6,2.0,823.0,0.0,0.0,0.4082624544349939
32.0,7.0,45.0,0.6,0.1,0.6,2.0,796.0,0.0,0.0,0.6469849246231156
32.0,7.0,46.0,0.6,0.1,0.6,2.0,793.0,0.0,0.0,0.6456494325346784
32.0,7.0,47.0,0.6,0.1,0.6,2.0,791.0,0.0,0.0,0.6447534766118836
32.0,7.0,48.0,0.6,0.1,0.6,2.0,791.0,0.0,0.0,0.6447534766118836
32.0,7.0,49.0,0.6,0.1,0.6,2.0,790.0,0.0,0.0,0.6443037974683544
32.0,7.0,50.0,0.6,0.1,0.6,2.0,788.0,0.0,0.0,0.6434010152284264
32.0,7.0,51.0,0.6,0.1,0.6,2.0,786.0,0.0,0.0,0.6424936386768448
32.0,7.0,52.0,0.6,0.1,0.6,2.0,785.0,0.0,0.0,0.643312101910828
32.0,8.0,1.0,0.6,0.1,0.6,2.0,770.0,0.0,0.0,0.6441558441558441
32.0,8.0,2.0,0.6,0.1,0.6,2.0,768.0,0.0,0.0,0.64453125
32.0,8.0,3.0,0.6,0.1,0.6,2.0,755.0,0.0,0.0,0.6423841059602649
32.0,8.0,4.0,0.6,0.1,0.6,2.0,755.0,0.0,0.0,0.6437086092715232
32.0,8.0,5.0,0.6,0.1,0.6,2.0,753.0,0.0,0.0,0.6440903054448871
32.0,8.0,6.0,0.6,0.1,0.6,2.0,752.0,0.0,0.0,0.6436170212765957
32.0,8.0,7.0,0.6,0.1,0.6,2.0,753.0,0.0,0.0,0.6440903054448871
32.0,8.0,8.0,0.6,0.1,0.6,2.0,747.0,0.0,0.0,0.643908969210174
32.0,8.0,9.0,0.6,0.1,0.6,2.0,746.0,0.0,0.0,0.646112600536193
32.0,8.0,10.0,0.6,0.1,0.6,2.0,742.0,0.0,0.0,0.6469002695417789
32.0,8.0,11.0,0.6,0.1,0.6,2.0,726.0,0.0,0.0,0.6487603305785123
32.0,8.0,12.0,0.6,0.1,0.6,2.0,723.0,0.0,0.0,0.648686030428769
32.0,8.0,13.0,0.6,0.1,0.6,2.0,712.0,0.0,0.0,0.6558988764044944
32.0,8.0,14.0,0.6,0.1,0.6,2.0,678.0,0.0,0.0,0.6637168141592921
32.0,8.0,15.0,0.6,0.1,0.6,2.0,679.0,0.0,0.0,0.6642120765832106
32.0,8.0,16.0,0.6,0.1,0.6,2.0,677.0,0.0,0.0,0.6661742983751846
32.0,8.0,17.0,0.6,0.1,0.6,2.0,677.0,0.0,0.0,0.6661742983751846
32.0,8.0,18.0,0.6,0.1,0.6,2.0,677.0,0.0,0.0,0.6661742983751846
32.0,8.0,19.0,0.6,0.1,0.6,2.0,677.0,0.0,0.0,0.6661742983751846
32.0,8.0,20.0,0.6,0.1,0.6,2.0,1184.0,0.0,0.0,0.38091216216216217
32.0,8.0,21.0,0.6,0.1,0.6,2.0,1141.0,0.0,0.0,0.38562664329535495
32.0,8.0,22.0,0.6,0.1,0.6,2.0,1129.0,0.0,0.0,0.3852967227635075
32.0,8.0,23.0,0.6,0.1,0.6,2.0,1117.0,0.0,0.0,0.38585496866606983
32.0,8.0,24.0,0.6,0.1,0.6,2.0,1084.0,0.0,0.0,0.3929889298892989
32.0,8.0,25.0,0.6,0.1,0.6,2.0,1083.0,0.0,0.0,0.39242843951985223
32.0,8.0,26.0,0.6,0.1,0.6,2.0,1084.0,0.0,0.0,0.3929889298892989
32.0,8.0,27.0,0.6,0.1,0.6,2.0,1049.0,0.0,0.0,0.3984747378455672
32.0,8.0,28.0,0.6,0.1,0.6,2.0,1049.0,0.0,0.0,0.3984747378455672
32.0,8.0,29.0,0.6,0.1,0.6,2.0,1048.0,0.0,0.0,0.3979007633587786
32.0,8.0,30.0,0.6,0.1,0.6,2.0,1026.0,0.0,0.0,0.398635477582846
32.0,8.0,31.0,0.6,0.1,0.6,2.0,971.0,0.0,0.0,0.4016477857878476
32.0,8.0,32.0,0.6,0.1,0.6,2.0,972.0,0.0,0.0,0.4022633744855967
32.0,8.0,33.0,0.6,0.1,0.6,2.0,959.0,0.0,0.0,0.4035453597497393
32.0,8.0,34.0,0.6,0.1,0.6,2.0,947.0,0.0,0.0,0.40232312565997885
32.0,8.0,35.0,0.6,0.1,0.6,2.0,946.0,0.0,0.0,0.40169133192389006
32.0,8.0,36.0,0.6,0.1,0.6,2.0,946.0,0.0,0.0,0.40169133192389006
32.0,8.0,37.0,0.6,0.1,0.6,2.0,923.0,0.0,0.0,0.40628385698808234
32.0,8.0,38.0,0.6,0.1,0.6,2.0,924.0,0.0,0.0,0.4069264069264069
32.0,8.0,39.0,0.6,0.1,0.6,2.0,911.0,0.0,0.0,0.407244785949506
32.0,8.0,40.0,0.6,0.1,0.6,2.0,912.0,0.0,0.0,0.40789473684210525
32.0,8.0,41.0,0.6,0.1,0.6,2.0,889.0,0.0,0.0,0.41169853768278963
32.0,8.0,42.0,0.6,0.1,0.6,2.0,890.0,0.0,0.0,0.41235955056179774
32.0,8.0,43.0,0.6,0.1,0.6,2.0,888.0,0.0,0.0,0.41103603603603606
32.0,8.0,44.0,0.6,0.1,0.6,2.0,877.0,0.0,0.0,0.4150513112884835
32.0,8.0,45.0,0.6,0.1,0.6,2.0,864.0,0.0,0.0,0.6574074074074074
32.0,8.0,46.0,0.6,0.1,0.6,2.0,866.0,0.0,0.0,0.6581986143187067
32.0,8.0,47.0,0.6,0.1,0.6,2.0,865.0,0.0,0.0,0.6578034682080924
32.0,8.0,48.0,0.6,0.1,0.6,2.0,865.0,0.0,0.0,0.6578034682080924
32.0,8.0,49.0,0.6,0.1,0.6,2.0,864.0,0.0,0.0,0.6574074074074074
32.0,8.0,50.0,0.6,0.1,0.6,2.0,854.0,0.0,0.0,0.65807962529274
32.0,8.0,51.0,0.6,0.1,0.6,2.0,853.0,0.0,0.0,0.6576787807737398
32.0,8.0,52.0,0.6,0.1,0.6,2.0,828.0,0.0,0.0,0.6654589371980676
32.0,9.0,1.0,0.6,0.1,0.6,2.0,827.0,0.0,0.0,0.6650544135429263
32.0,9.0,2.0,0.6,0.1,0.6,2.0,812.0,0.0,0.0,0.6674876847290641
32.0,9.0,3.0,0.6,0.1,0.6,2.0,795.0,0.0,0.0,0.670440251572327
32.0,9.0,4.0,0.6,0.1,0.6,2.0,796.0,0.0,0.0,0.6708542713567839
32.0,9.0,5.0,0.6,0.1,0.6,2.0,795.0,0.0,0.0,0.670440251572327
32.0,9.0,6.0,0.6,0.1,0.6,2.0,796.0,0.0,0.0,0.6708542713567839
32.0,9.0,7.0,0.6,0.1,0.6,2.0,794.0,0.0,0.0,0.6712846347607053
32.0,9.0,8.0,0.6,0.1,0.6,2.0,782.0,0.0,0.0,0.6726342710997443
32.0,9.0,9.0,0.6,0.1,0.6,2.0,779.0,0.0,0.0,0.6726572528883183
32.0,9.0,10.0,0.6,0.1,0.6,2.0,778.0,0.0,0.0,0.6722365038560412
32.0,9.0,11.0,0.6,0.1,0.6,2.0,777.0,0.0,0.0,0.6731016731016731
32.0,9.0,12.0,0.6,0.1,0.6,2.0,778.0,0.0,0.0,0.6735218508997429
32.0,9.0,13.0,0.6,0.1,0.6,2.0,777.0,0.0,0.0,0.6731016731016731
32.0,9.0,14.0,0.6,0.1,0.6,2.0,776.0,0.0,0.0,0.6726804123711341
32.0,9.0,15.0,0.6,0.1,0.6,2.0,775.0,0.0,0.0,0.6735483870967742
32.0,9.0,16.0,0.6,0.1,0.6,2.0,778.0,0.0,0.0,0.6722365038560412
32.0,9.0,17.0,0.6,0.1,0.6,2.0,776.0,0.0,0.0,0.6726804123711341
32.0,9.0,18.0,0.6,0.1,0.6,2.0,777.0,0.0,0.0,0.6718146718146718
32.0,9.0,19.0,0.6,0.1,0.6,2.0,777.0,0.0,0.0,0.6718146718146718
32.0,9.0,20.0,0.6,0.1,0.6,2.0,1331.0,0.0,0.0,0.3786626596543952
32.0,9.0,21.0,0.6,0.1,0.6,2.0,1304.0,0.0,0.0,0.38190184049079756
32.0,9.0,22.0,0.6,0.1,0.6,2.0,1288.0,0.0,0.0,0.38354037267080743
32.0,9.0,23.0,0.6,0.1,0.6,2.0,1254.0,0.0,0.0,0.3843700159489633
32.0,9.0,24.0,0.6,0.1,0.6,2.0,1254.0,0.0,0.0,0.3843700159489633
32.0,9.0,25.0,0.6,0.1,0.6,2.0,1212.0,0.0,0.0,0.38531353135313534
32.0,9.0,26.0,0.6,0.1,0.6,2.0,1200.0,0.0,0.0,0.3858333333333333
32.0,9.0,27.0,0.6,0.1,0.6,2.0,1156.0,0.0,0.0,0.39186851211072665
32.0,9.0,28.0,0.6,0.1,0.6,2.0,1114.0,0.0,0.0,0.3994614003590664
32.0,9.0,29.0,0.6,0.1,0.6,2.0,1101.0,0.0,0.0,0.4014532243415077
32.0,9.0,30.0,0.6,0.1,0.6,2.0,1076.0,0.0,0.0,0.4052044609665427
32.0,9.0,31.0,0.6,0.1,0.6,2.0,1050.0,0.0,0.0,0.4085714285714286
32.0,9.0,32.0,0.6,0.1,0.6,2.0,1012.0,0.0,0.0,0.4140316205533597
32.0,9.0,33.0,0.6,0.1,0.6,2.0,988.0,0.0,0.0,0.4159919028340081
32.0,9.0,34.0,0.6,0.1,0.6,2.0,965.0,0.0,0.0,0.41761658031088084
32.0,9.0,35.0,0.6,0.1,0.6,2.0,964.0,0.0,0.0,0.41804979253112035
32.0,9.0,36.0,0.6,0.1,0.6,2.0,950.0,0.0,0.0,0.42210526315789476
32.0,9.0,37.0,0.6,0.1,0.6,2.0,939.0,0.0,0.0,0.42385516506922255
32.0,9.0,38.0,0.6,0.1,0.6,2.0,926.0,0.0,0.0,0.42548596112311016
32.0,9.0,39.0,0.6,0.1,0.6,2.0,903.0,0.0,0.0,0.42967884828349945
32.0,9.0,40.0,0.6,0.1,0.6,2.0,903.0,0.0,0.0,0.42967884828349945
32.0,9.0,41.0,0.6,0.1,0.6,2.0,902.0,0.0,0.0,0.43015521064301554
32.0,9.0,42.0,0.6,0.1,0.6,2.0,892.0,0.0,0.0,0.4282511210762332
32.0,9.0,43.0,0.6,0.1,0.6,2.0,892.0,0.0,0.0,0.4282511210762332
32.0,9.0,44.0,0.6,0.1,0.6,2.0,892.0,0.0,0.0,0.4282511210762332
32.0,9.0,45.0,0.6,0.1,0.6,2.0,891.0,0.0,0.0,0.6632996632996633
32.0,9.0,46.0,0.6,0.1,0.6,2.0,879.0,0.0,0.0,0.6632536973833902
32.0,9.0,47.0,0.6,0.1,0.6,2.0,879.0,0.0,0.0,0.6632536973833902
32.0,9.0,48.0,0.6,0.1,0.6,2.0,879.0,0.0,0.0,0.6632536973833902
32.0,9.0,49.0,0.6,0.1,0.6,2.0,862.0,0.0,0.0,0.6647331786542924
32.0,9.0,50.0,0.6,0.1,0.6,2.0,845.0,0.0,0.0,0.6686390532544378
32.0,9.0,51.0,0.6,0.1,0.6,2.0,844.0,0.0,0.0,0.6682464454976303
32.0,9.0,52.0,0.6,0.1,0.6,2.0,844.0,0.0,0.0,0.6682464454976303
32.0,10.0,1.0,0.6,0.1,0.6,2.0,843.0,0.0,0.0,0.6690391459074733
32.0,10.0,2.0,0.6,0.1,0.6,2.0,841.0,0.0,0.0,0.6706302021403091
32.0,10.0,3.0,0.6,0.1,0.6,2.0,841.0,0.0,0.0,0.6706302021403091
32.0,10.0,4.0,0.6,0.1,0.6,2.0,840.0,0.0,0.0,0.6702380952380952
32.0,10.0,5.0,0.6,0.1,0.6,2.0,841.0,0.0,0.0,0.6706302021403091
32.0,10.0,6.0,0.6,0.1,0.6,2.0,840.0,0.0,0.0,0.6702380952380952
32.0,10.0,7.0,0.6,0.1,0.6,2.0,840.0,0.0,0.0,0.6702380952380952
32.0,10.0,8.0,0.6,0.1,0.6,2.0,838.0,0.0,0.0,0.6706443914081146
32.0,10.0,9.0,0.6,0.1,0.6,2.0,832.0,0.0,0.0,0.6742788461538461
32.0,10.0,10.0,0.6,0.1,0.6,2.0,829.0,0.0,0.0,0.6767189384800965
32.0,10.0,11.0,0.6,0.1,0.6,2.0,829.0,0.0,0.0,0.6767189384800965
32.0,10.0,12.0,0.6,0.1,0.6,2.0,824.0,0.0,0.0,0.6796116504854369
32.0,10.0,13.0,0.6,0.1,0.6,2.0,812.0,0.0,0.0,0.6822660098522167
32.0,10.0,14.0,0.6,0.1,0.6,2.0,809.0,0.0,0.0,0.6823238566131026
32.0,10.0,15.0,0.6,0.1,0.6,2.0,805.0,0.0,0.0,0.6832298136645962
32.0,10.0,16.0,0.6,0.1,0.6,2.0,803.0,0.0,0.0,0.6836861768368617
32.0,10.0,17.0,0.6,0.1,0.6,2.0,804.0,0.0,0.0,0.6828358208955224
32.0,10.0,18.0,0.6,0.1,0.6,2.0,803.0,0.0,0.0,0.6836861768368617
32.0,10.0,19.0,0.6,0.1,0.6,2.0,802.0,0.0,0.0,0.683291770573566
32.0,10.0,20.0,0.6,0.1,0.6,2.0,1390.0,0.0,0.0,0.3776978417266187
32.0,10.0,21.0,0.6,0.1,0.6,2.0,1340.0,0.0,0.0,0.3843283582089552
32.0,10.0,22.0,0.6,0.1,0.6,2.0,1286.0,0.0,0.0,0.3856920684292379
32.0,10.0,23.0,0.6,0.1,0.6,2.0,1231.0,0.0,0.0,0.3891145410235581
32.0,10.0,24.0,0.6,0.1,0.6,2.0,1197.0,0.0,0.0,0.39515455304928987
32.0,10.0,25.0,0.6,0.1,0.6,2.0,1143.0,0.0,0.0,0.4006999125109361
32.0,10.0,26.0,0.6,0.1,0.6,2.0,1114.0,0.0,0.0,0.4066427289048474
32.0,10.0,27.0,0.6,0.1,0.6,2.0,1044.0,0.0,0.0,0.4118773946360153
32.0,10.0,28.0,0.6,0.1,0.6,2.0,1022.0,0.0,0.0,0.4158512720156556
32.0,10.0,29.0,0.6,0.1,0.6,2.0,992.0,0.0,0.0,0.4213709677419355
32.0,10.0,30.0,0.6,0.1,0.6,2.0,991.0,0.0,0.0,0.42179616548940463
32.0,10.0,31.0,0.6,0.1,0.6,2.0,992.0,0.0,0.0,0.4213709677419355
32.0,10.0,32.0,0.6,0.1,0.6,2.0,978.0,0.0,0.0,0.4233128834355828
32.0,10.0,33.0,0.6,0.1,0.6,2.0,950.0,0.0,0.0,0.4263157894736842
32.0,10.0,34.0,0.6,0.1,0.6,2.0,911.0,0.0,0.0,0.429198682766191
32.0,10.0,35.0,0.6,0.1,0.6,2.0,913.0,0.0,0.0,0.4304490690032859
32.0,10.0,36.0,0.6,0.1,0.6,2.0,911.0,0.0,0.0,0.4313940724478595
32.0,10.0,37.0,0.6,0.1,0.6,2.0,900.0,0.0,0.0,0.43222222222222223
32.0,10.0,38.0,0.6,0.1,0.6,2.0,898.0,0.0,0.0,0.43318485523385303
32.0,10.0,39.0,0.6,0.1,0.6,2.0,879.0,0.0,0.0,0.43458475540386804
32.0,10.0,40.0,0.6,0.1,0.6,2.0,864.0,0.0,0.0,0.4386574074074074
32.0,10.0,41.0,0.6,0.1,0.6,2.0,866.0,0.0,0.0,0.4376443418013857
32.0,10.0,42.0,0.6,0.1,0.6,2.0,853.0,0.0,0.0,0.4361078546307151
32.0,10.0,43.0,0.6,0.1,0.6,2.0,855.0,0.0,0.0,0.43508771929824563
32.0,10.0,44.0,0.6,0.1,0.6,2.0,853.0,0.0,0.0,0.4361078546307151
32.0,10.0,45.0,0.6,0.1,0.6,2.0,855.0,0.0,0.0,0.6538011695906433
32.0,10.0,46.0,0.6,0.1,0.6,2.0,854.0,0.0,0.0,0.6545667447306791
32.0,10.0,47.0,0.6,0.1,0.6,2.0,842.0,0.0,0.0,0.6543942992874109
32.0,10.0,48.0,0.6,0.1,0.6,2.0,830.0,0.0,0.0,0.655421686746988
32.0,10.0,49.0,0.6,0.1,0.6,2.0,831.0,0.0,0.0,0.6546329723225031
32.0,10.0,50.0,0.6,0.1,0.6,2.0,829.0,0.0,0.0,0.6550060313630881
32.0,10.0,51.0,0.6,0.1,0.6,2.0,830.0,0.0,0.0,0.6542168674698795
32.0,10.0,52.0,0.6,0.1,0.6,2.0,818.0,0.0,0.0,0.6552567237163814
33.0,1.0,1.0,0.6,0.1,0.6,2.0,5207.0,53.0,14.0,0.5903591319377761
33.0,1.0,2.0,0.6,0.1,0.6,2.0,5123.0,58.0,26.0,0.5908647276986141
33.0,1.0,3.0,0.6,0.1,0.6,2.0,5063.0,67.0,34.0,0.5935216274935808
33.0,1.0,4.0,0.6,0.1,0.6,2.0,4992.0,70.0,29.0,0.5933493589743589
33.0,1.0,5.0,0.6,0.1,0.6,2.0,4931.0,83.0,33.0,0.6004867166903265
33.0,1.0,6.0,0.6,0.1,0.6,2.0,4805.0,93.0,33.0,0.5995837669094694
33.0,1.0,7.0,0.6,0.1,0.6,2.0,4654.0,92.0,36.0,0.6024924795874517
33.0,1.0,8.0,0.6,0.1,0.6,2.0,4504.0,98.0,39.0,0.6059058614564832
33.0,1.0,9.0,0.6,0.1,0.6,2.0,4380.0,100.0,44.0,0.6038812785388128
33.0,1.0,10.0,0.6,0.1,0.6,2.0,4221.0,107.0,46.0,0.607438995498697
33.0,1.0,11.0,0.6,0.1,0.6,2.0,4115.0,98.0,47.0,0.608505467800729
33.0,1.0,12.0,0.6,0.1,0.6,2.0,3976.0,89.0,53.0,0.6106639839034205
33.0,1.0,13.0,0.6,0.1,0.6,2.0,3905.0,93.0,51.0,0.6143405889884763
33.0,1.0,14.0,0.6,0.1,0.6,2.0,3812.0,87.0,44.0,0.6175236096537251
33.0,1.0,15.0,0.6,0.1,0.6,2.0,3748.0,77.0,34.0,0.62059765208111
33.0,1.0,16.0,0.6,0.1,0.6,2.0,3675.0,71.0,33.0,0.622312925170068
33.0,1.0,17.0,0.6,0.1,0.6,2.0,3598.0,67.0,26.0,0.6234018899388549
33.0,1.0,18.0,0.6,0.1,0.6,2.0,3473.0,51.0,24.0,0.6282752663403398
33.0,1.0,19.0,0.6,0.1,0.6,2.0,3416.0,43.0,27.0,0.6305620608899297
33.0,1.0,20.0,0.6,0.1,0.6,2.0,6515.0,47.0,28.0,0.32770529547198773
33.0,1.0,21.0,0.6,0.1,0.6,2.0,5900.0,63.0,20.0,0.33491525423728813
33.0,1.0,22.0,0.6,0.1,0.6,2.0,5695.0,65.0,22.0,0.33713784021071114
33.0,1.0,23.0,0.6,0.1,0.6,2.0,5455.0,66.0,27.0,0.33968835930339136
33.0,1.0,24.0,0.6,0.1,0.6,2.0,5254.0,73.0,33.0,0.34411876665397795
33.0,1.0,25.0,0.6,0.1,0.6,2.0,5050.0,82.0,38.0,0.3451485148514851
33.0,1.0,26.0,0.6,0.1,0.6,2.0,4931.0,101.0,41.0,0.3471912390995741
33.0,1.0,27.0,0.6,0.1,0.6,2.0,4682.0,119.0,39.0,0.35177274668944897
33.0,1.0,28.0,0.6,0.1,0.6,2.0,4493.0,124.0,43.0,0.35410638771422215
33.0,1.0,29.0,0.6,0.1,0.6,2.0,4326.0,138.0,53.0,0.3582986592695331
33.0,1.0,30.0,0.6,0.1,0.6,2.0,4108.0,143.0,59.0,0.35905550146056475
33.0,1.0,31.0,0.6,0.1,0.6,2.0,3946.0,162.0,65.0,0.3639128231120122
33.0,1.0,32.0,0.6,0.1,0.6,2.0,3785.0,145.0,64.0,0.3690885072655218
33.0,1.0,33.0,0.6,0.1,0.6,2.0,3677.0,136.0,60.0,0.371498504215393
33.0,1.0,34.0,0.6,0.1,0.6,2.0,3543.0,137.0,62.0,0.3745413491391476
33.0,1.0,35.0,0.6,0.1,0.6,2.0,3407.0,120.0,54.0,0.3777516877017904
33.0,1.0,36.0,0.6,0.1,0.6,2.0,3299.0,127.0,56.0,0.3807214307365868
33.0,1.0,37.0,0.6,0.1,0.6,2.0,3185.0,136.0,60.0,0.38712715855573
33.0,1.0,38.0,0.6,0.1,0.6,2.0,3100.0,135.0,63.0,0.38870967741935486
33.0,1.0,39.0,0.6,0.1,0.6,2.0,3029.0,142.0,65.0,0.3892373720699901
33.0,1.0,40.0,0.6,0.1,0.6,2.0,2964.0,134.0,60.0,0.39439946018893385
33.0,1.0,41.0,0.6,0.1,0.6,2.0,2859.0,125.0,56.0,0.40048968170689053
33.0,1.0,42.0,0.6,0.1,0.6,2.0,2792.0,121.0,65.0,0.4050859598853868
33.0,1.0,43.0,0.6,0.1,0.6,2.0,2684.0,123.0,69.0,0.4109538002980626
33.0,1.0,44.0,0.6,0.1,0.6,2.0,2602.0,110.0,62.0,0.41621829362029206
33.0,1.0,45.0,0.6,0.1,0.6,2.0,2528.0,102.0,50.0,0.6542721518987342
33.0,1.0,46.0,0.6,0.1,0.6,2.0,2504.0,92.0,45.0,0.6557507987220448
33.0,1.0,47.0,0.6,0.1,0.6,2.0,2394.0,71.0,39.0,0.6587301587301587
33.0,1.0,48.0,0.6,0.1,0.6,2.0,2386.0,61.0,38.0,0.6617770326906958
33.0,1.0,49.0,0.6,0.1,0.6,2.0,2306.0,51.0,38.0,0.6652211621856028
33.0,1.0,50.0,0.6,0.1,0.6,2.0,2269.0,48.0,29.0,0.6672542970471573
33.0,1.0,51.0,0.6,0.1,0.6,2.0,2203.0,44.0,23.0,0.6681797548797095
33.0,1.0,52.0,0.6,0.1,0.6,2.0,2183.0,35.0,16.0,0.6715529088410445
33.0,2.0,1.0,0.6,0.1,0.6,2.0,2097.0,30.0,17.0,0.6738197424892703
33.0,2.0,2.0,0.6,0.1,0.6,2.0,2037.0,32.0,16.0,0.6740304369170349
33.0,2.0,3.0,0.6,0.1,0.6,2.0,2001.0,26.0,16.0,0.6771614192903548
33.0,2.0,4.0,0.6,0.1,0.6,2.0,1982.0,19.0,10.0,0.6770938446014128
33.0,2.0,5.0,0.6,0.1,0.6,2.0,1968.0,17.0,12.0,0.679369918699187
33.0,2.0,6.0,0.6,0.1,0.6,2.0,1934.0,12.0,10.0,0.6778697001034126
33.0,2.0,7.0,0.6,0.1,0.6,2.0,1909.0,12.0,9.0,0.6820324777370351
33.0,2.0,8.0,0.6,0.1,0.6,2.0,1888.0,10.0,6.0,0.6822033898305084
33.0,2.0,9.0,0.6,0.1,0.6,2.0,1883.0,9.0,3.0,0.682421667551779
33.0,2.0,10.0,0.6,0.1,0.6,2.0,1857.0,9.0,5.0,0.6801292407108239
33.0,2.0,11.0,0.6,0.1,0.6,2.0,1835.0,9.0,5.0,0.68283378746594
33.0,2.0,12.0,0.6,0.1,0.6,2.0,1798.0,9.0,7.0,0.6802002224694105
33.0,2.0,13.0,0.6,0.1,0.6,2.0,1790.0,11.0,4.0,0.6832402234636872
33.0,2.0,14.0,0.6,0.1,0.6,2.0,1774.0,10.0,4.0,0.6826381059751973
33.0,2.0,15.0,0.6,0.1,0.6,2.0,1763.0,7.0,3.0,0.6840612592172434
33.0,2.0,16.0,0.6,0.1,0.6,2.0,1748.0,7.0,4.0,0.683066361556064
33.0,2.0,17.0,0.6,0.1,0.6,2.0,1727.0,6.0,5.0,0.6867400115807759
33.0,2.0,18.0,0.6,0.1,0.6,2.0,1727.0,6.0,4.0,0.6855819339895773
33.0,2.0,19.0,0.6,0.1,0.6,2.0,1685.0,5.0,3.0,0.686053412462908
33.0,2.0,20.0,0.6,0.1,0.6,2.0,3048.0,4.0,1.0,0.37368766404199477
33.0,2.0,21.0,0.6,0.1,0.6,2.0,2915.0,4.0,1.0,0.3753001715265866
33.0,2.0,22.0,0.6,0.1,0.6,2.0,2891.0,10.0,2.0,0.37357315807679004
33.0,2.0,23.0,0.6,0.1,0.6,2.0,2753.0,11.0,3.0,0.37667998547039594
33.0,2.0,24.0,0.6,0.1,0.6,2.0,2643.0,9.0,3.0,0.3817631479379493
33.0,2.0,25.0,0.6,0.1,0.6,2.0,2566.0,10.0,4.0,0.38503507404520654
33.0,2.0,26.0,0.6,0.1,0.6,2.0,2507.0,12.0,4.0,0.3853211009174312
33.0,2.0,27.0,0.6,0.1,0.6,2.0,2406.0,12.0,7.0,0.38902743142144636
33.0,2.0,28.0,0.6,0.1,0.6,2.0,2333.0,13.0,4.0,0.390484354907844
33.0,2.0,29.0,0.6,0.1,0.6,2.0,2236.0,12.0,6.0,0.39221824686940965
33.0,2.0,30.0,0.6,0.1,0.6,2.0,2219.0,9.0,4.0,0.3911671924290221
33.0,2.0,31.0,0.6,0.1,0.6,2.0,2165.0,9.0,6.0,0.3935334872979215
33.0,2.0,32.0,0.6,0.1,0.6,2.0,2093.0,4.0,2.0,0.3932154801720019
33.0,2.0,33.0,0.6,0.1,0.6,2.0,2032.0,4.0,2.0,0.39763779527559057
33.0,2.0,34.0,0.6,0.1,0.6,2.0,2004.0,3.0,1.0,0.39570858283433136
33.0,2.0,35.0,0.6,0.1,0.6,2.0,1962.0,2.0,2.0,0.3985728848114169
33.0,2.0,36.0,0.6,0.1,0.6,2.0,1945.0,2.0,2.0,0.39845758354755784
33.0,2.0,37.0,0.6,0.1,0.6,2.0,1862.0,2.0,2.0,0.40601503759398494
33.0,2.0,38.0,0.6,0.1,0.6,2.0,1859.0,3.0,0.0,0.40236686390532544
33.0,2.0,39.0,0.6,0.1,0.6,2.0,1762.0,3.0,0.0,0.40805902383654935
33.0,2.0,40.0,0.6,0.1,0.6,2.0,1705.0,2.0,1.0,0.40703812316715543
33.0,2.0,41.0,0.6,0.1,0.6,2.0,1672.0,3.0,2.0,0.4126794258373206
33.0,2.0,42.0,0.6,0.1,0.6,2.0,1653.0,4.0,2.0,0.41258318209316397
33.0,2.0,43.0,0.6,0.1,0.6,2.0,1573.0,5.0,1.0,0.42085187539732993
33.0,2.0,44.0,0.6,0.1,0.6,2.0,1565.0,5.0,0.0,0.41789137380191693
33.0,2.0,45.0,0.6,0.1,0.6,2.0,1483.0,5.0,0.0,0.6466621712744437
33.0,2.0,46.0,0.6,0.1,0.6,2.0,1458.0,4.0,1.0,0.6481481481481481
33.0,2.0,47.0,0.6,0.1,0.6,2.0,1438.0,5.0,4.0,0.6488178025034771
33.0,2.0,48.0,0.6,0.1,0.6,2.0,1446.0,7.0,5.0,0.6459197786998617
33.0,2.0,49.0,0.6,0.1,0.6,2.0,1392.0,7.0,5.0,0.6508620689655172
33.0,2.0,50.0,0.6,0.1,0.6,2.0,1373.0,5.0,3.0,0.6467589220684632
33.0,2.0,51.0,0.6,0.1,0.6,2.0,1349.0,4.0,2.0,0.6501111934766494
33.0,2.0,52.0,0.6,0.1,0.6,2.0,1354.0,3.0,1.0,0.6469719350073855
33.0,3.0,1.0,0.6,0.1,0.6,2.0,1320.0,2.0,0.0,0.6515151515151515
33.0,3.0,2.0,0.6,0.1,0.6,2.0,1313.0,1.0,0.0,0.6488956587966489
33.0,3.0,3.0,0.6,0.1,0.6,2.0,1291.0,1.0,0.0,0.65143299767622
33.0,3.0,4.0,0.6,0.1,0.6,2.0,1274.0,1.0,1.0,0.6444270015698587
33.0,3.0,5.0,0.6,0.1,0.6,2.0,1245.0,1.0,1.0,0.6522088353413654
33.0,3.0,6.0,0.6,0.1,0.6,2.0,1241.0,1.0,1.0,0.6462530217566479
33.0,3.0,7.0,0.6,0.1,0.6,2.0,1213.0,1.0,0.0,0.6496290189612531
33.0,3.0,8.0,0.6,0.1,0.6,2.0,1211.0,1.0,0.0,0.6424442609413707
33.0,3.0,9.0,0.6,0.1,0.6,2.0,1206.0,1.0,0.0,0.6492537313432836
33.0,3.0,10.0,0.6,0.1,0.6,2.0,1200.0,1.0,0.0,0.6441666666666667
33.0,3.0,11.0,0.6,0.1,0.6,2.0,1197.0,1.0,1.0,0.647451963241437
33.0,3.0,12.0,0.6,0.1,0.6,2.0,1186.0,1.0,1.0,0.642495784148398
33.0,3.0,13.0,0.6,0.1,0.6,2.0,1189.0,1.0,1.0,0.6467619848612279
33.0,3.0,14.0,0.6,0.1,0.6,2.0,1181.0,0.0,0.0,0.6409822184589331
33.0,3.0,15.0,0.6,0.1,0.6,2.0,1178.0,0.0,0.0,0.6468590831918506
33.0,3.0,16.0,0.6,0.1,0.6,2.0,1176.0,0.0,0.0,0.641156462585034
33.0,3.0,17.0,0.6,0.1,0.6,2.0,1158.0,0.0,0.0,0.6424870466321243
33.0,3.0,18.0,0.6,0.1,0.6,2.0,1155.0,0.0,0.0,0.6398268398268399
33.0,3.0,19.0,0.6,0.1,0.6,2.0,1144.0,0.0,0.0,0.6433566433566433
33.0,3.0,20.0,0.6,0.1,0.6,2.0,2039.0,0.0,0.0,0.3565473271211378
33.0,3.0,21.0,0.6,0.1,0.6,2.0,1934.0,0.0,0.0,0.3609100310237849
33.0,3.0,22.0,0.6,0.1,0.6,2.0,1864.0,0.0,0.0,0.365343347639485
33.0,3.0,23.0,0.6,0.1,0.6,2.0,1801.0,0.0,0.0,0.36535258189894504
33.0,3.0,24.0,0.6,0.1,0.6,2.0,1729.0,0.0,0.0,0.36610757663389243
33.0,3.0,25.0,0.6,0.1,0.6,2.0,1594.0,0.0,0.0,0.37703889585947303
33.0,3.0,26.0,0.6,0.1,0.6,2.0,1637.0,0.0,0.0,0.37018937080024433
33.0,3.0,27.0,0.6,0.1,0.6,2.0,1582.0,0.0,0.0,0.3748419721871049
33.0,3.0,28.0,0.6,0.1,0.6,2.0,1595.0,0.0,0.0,0.36990595611285265
33.0,3.0,29.0,0.6,0.1,0.6,2.0,1562.0,0.0,0.0,0.3732394366197183
33.0,3.0,30.0,0.6,0.1,0.6,2.0,1555.0,0.0,0.0,0.3710610932475884
33.0,3.0,31.0,0.6,0.1,0.6,2.0,1500.0,0.0,0.0,0.37333333333333335
33.0,3.0,32.0,0.6,0.1,0.6,2.0,1477.0,0.0,0.0,0.37169939065673663
33.0,3.0,33.0,0.6,0.1,0.6,2.0,1434.0,0.0,0.0,0.3737796373779637
33.0,3.0,34.0,0.6,0.1,0.6,2.0,1417.0,0.0,0.0,0.37191249117854625
33.0,3.0,35.0,0.6,0.1,0.6,2.0,1364.0,0.0,0.0,0.3782991202346041
33.0,3.0,36.0,0.6,0.1,0.6,2.0,1344.0,0.0,0.0,0.37797619047619047
33.0,3.0,37.0,0.6,0.1,0.6,2.0,1306.0,0.0,0.0,0.38131699846860645
33.0,3.0,38.0,0.6,0.1,0.6,2.0,1257.0,0.0,0.0,0.3794749403341289
33.0,3.0,39.0,0.6,0.1,0.6,2.0,1240.0,0.0,0.0,0.3782258064516129
33.0,3.0,40.0,0.6,0.1,0.6,2.0,1240.0,0.0,0.0,0.375
33.0,3.0,41.0,0.6,0.1,0.6,2.0,1224.0,0.0,0.0,0.37663398692810457
33.0,3.0,42.0,0.6,0.1,0.6,2.0,1217.0,0.0,0.0,0.3722267871815941
33.0,3.0,43.0,0.6,0.1,0.6,2.0,1204.0,0.0,0.0,0.37375415282392027
33.0,3.0,44.0,0.6,0.1,0.6,2.0,1193.0,0.0,0.0,0.3738474434199497
33.0,3.0,45.0,0.6,0.1,0.6,2.0,1147.0,0.0,0.0,0.6285963382737576
33.0,3.0,46.0,0.6,0.1,0.6,2.0,1129.0,0.0,0.0,0.6262178919397697
33.0,3.0,47.0,0.6,0.1,0.6,2.0,1116.0,0.0,0.0,0.6263440860215054
33.0,3.0,48.0,0.6,0.1,0.6,2.0,1093.0,0.0,0.0,0.6294602012808783
33.0,3.0,49.0,0.6,0.1,0.6,2.0,1085.0,0.0,0.0,0.6304147465437788
33.0,3.0,50.0,0.6,0.1,0.6,2.0,1086.0,0.0,0.0,0.6298342541436464
33.0,3.0,51.0,0.6,0.1,0.6,2.0,1074.0,0.0,0.0,0.6322160148975792
33.0,3.0,52.0,0.6,0.1,0.6,2.0,1067.0,0.0,0.0,0.6307403936269915
33.0,4.0,1.0,0.6,0.1,0.6,2.0,1061.0,0.0,0.0,0.6314797360980208
33.0,4.0,2.0,0.6,0.1,0.6,2.0,1059.0,0.0,0.0,0.6298394711992445
33.0,4.0,3.0,0.6,0.1,0.6,2.0,1040.0,0.0,0.0,0.6317307692307692
33.0,4.0,4.0,0.6,0.1,0.6,2.0,1022.0,0.0,0.0,0.6281800391389433
33.0,4.0,5.0,0.6,0.1,0.6,2.0,1022.0,0.0,0.0,0.6291585127201565
33.0,4.0,6.0,0.6,0.1,0.6,2.0,1015.0,0.0,0.0,0.6266009852216748
33.0,4.0,7.0,0.6,0.1,0.6,2.0,1013.0,0.0,0.0,0.6268509378084897
33.0,4.0,8.0,0.6,0.1,0.6,2.0,1006.0,0.0,0.0,0.6262425447316103
33.0,4.0,9.0,0.6,0.1,0.6,2.0,1002.0,0.0,0.0,0.626746506986028
33.0,4.0,10.0,0.6,0.1,0.6,2.0,996.0,0.0,0.0,0.6265060240963856
33.0,4.0,11.0,0.6,0.1,0.6,2.0,993.0,0.0,0.0,0.6273917421953675
33.0,4.0,12.0,0.6,0.1,0.6,2.0,977.0,0.0,0.0,0.6274309109518935
33.0,4.0,13.0,0.6,0.1,0.6,2.0,965.0,0.0,0.0,0.6269430051813472
33.0,4.0,14.0,0.6,0.1,0.6,2.0,963.0,0.0,0.0,0.6261682242990654
33.0,4.0,15.0,0.6,0.1,0.6,2.0,952.0,0.0,0.0,0.6302521008403361
33.0,4.0,16.0,0.6,0.1,0.6,2.0,936.0,0.0,0.0,0.6260683760683761
33.0,4.0,17.0,0.6,0.1,0.6,2.0,934.0,0.0,0.0,0.6263383297644539
33.0,4.0,18.0,0.6,0.1,0.6,2.0,920.0,0.0,0.0,0.6239130434782608
33.0,4.0,19.0,0.6,0.1,0.6,2.0,914.0,0.0,0.0,0.62472647702407
33.0,4.0,20.0,0.6,0.1,0.6,2.0,1645.0,0.0,0.0,0.3458966565349544
33.0,4.0,21.0,0.6,0.1,0.6,2.0,1614.0,0.0,0.0,0.34634448574969023
33.0,4.0,22.0,0.6,0.1,0.6,2.0,1519.0,0.0,0.0,0.35023041474654376
33.0,4.0,23.0,0.6,0.1,0.6,2.0,1506.0,0.0,0.0,0.350597609561753
33.0,4.0,24.0,0.6,0.1,0.6,2.0,1426.0,0.0,0.0,0.3541374474053296
33.0,4.0,25.0,0.6,0.1,0.6,2.0,1387.0,0.0,0.0,0.35400144196106703
33.0,4.0,26.0,0.6,0.1,0.6,2.0,1325.0,0.0,0.0,0.3539622641509434
33.0,4.0,27.0,0.6,0.1,0.6,2.0,1301.0,0.0,0.0,0.35588009223674094
33.0,4.0,28.0,0.6,0.1,0.6,2.0,1253.0,0.0,0.0,0.3575418994413408
33.0,4.0,29.0,0.6,0.1,0.6,2.0,1245.0,0.0,0.0,0.35582329317269074
33.0,4.0,30.0,0.6,0.1,0.6,2.0,1206.0,0.0,0.0,0.357379767827529
33.0,4.0,31.0,0.6,0.1,0.6,2.0,1187.0,0.0,0.0,0.35720303285593935
33.0,4.0,32.0,0.6,0.1,0.6,2.0,1160.0,0.0,0.0,0.3594827586206897
33.0,4.0,33.0,0.6,0.1,0.6,2.0,1148.0,0.0,0.0,0.35714285714285715
33.0,4.0,34.0,0.6,0.1,0.6,2.0,1122.0,0.0,0.0,0.3609625668449198
33.0,4.0,35.0,0.6,0.1,0.6,2.0,1122.0,0.0,0.0,0.357397504456328
33.0,4.0,36.0,0.6,0.1,0.6,2.0,1120.0,0.0,0.0,0.35625
33.0,4.0,37.0,0.6,0.1,0.6,2.0,1118.0,0.0,0.0,0.3550983899821109
33.0,4.0,38.0,0.6,0.1,0.6,2.0,1112.0,0.0,0.0,0.35431654676258995
33.0,4.0,39.0,0.6,0.1,0.6,2.0,1100.0,0.0,0.0,0.3527272727272727
33.0,4.0,40.0,0.6,0.1,0.6,2.0,1060.0,0.0,0.0,0.35377358490566035
33.0,4.0,41.0,0.6,0.1,0.6,2.0,1052.0,0.0,0.0,0.35551330798479086
33.0,4.0,42.0,0.6,0.1,0.6,2.0,1025.0,0.0,0.0,0.35804878048780486
33.0,4.0,43.0,0.6,0.1,0.6,2.0,999.0,0.0,0.0,0.36536536536536535
33.0,4.0,44.0,0.6,0.1,0.6,2.0,974.0,0.0,0.0,0.3624229979466119
33.0,4.0,45.0,0.6,0.1,0.6,2.0,953.0,0.0,0.0,0.6285414480587618
33.0,4.0,46.0,0.6,0.1,0.6,2.0,942.0,0.0,0.0,0.6295116772823779
33.0,4.0,47.0,0.6,0.1,0.6,2.0,922.0,0.0,0.0,0.6323210412147505
33.0,4.0,48.0,0.6,0.1,0.6,2.0,885.0,0.0,0.0,0.6418079096045197
33.0,4.0,49.0,0.6,0.1,0.6,2.0,869.0,0.0,0.0,0.6409666283084005
33.0,4.0,50.0,0.6,0.1,0.6,2.0,864.0,0.0,0.0,0.6412037037037037
33.0,4.0,51.0,0.6,0.1,0.6,2.0,851.0,0.0,0.0,0.6415981198589894
33.0,4.0,52.0,0.6,0.1,0.6,2.0,843.0,0.0,0.0,0.6441281138790036
33.0,5.0,1.0,0.6,0.1,0.6,2.0,846.0,0.0,0.0,0.640661938534279
33.0,5.0,2.0,0.6,0.1,0.6,2.0,841.0,0.0,0.0,0.6420927467300832
33.0,5.0,3.0,0.6,0.1,0.6,2.0,840.0,0.0,0.0,0.6392857142857142
33.0,5.0,4.0,0.6,0.1,0.6,2.0,822.0,0.0,0.0,0.6435523114355232
33.0,5.0,5.0,0.6,0.1,0.6,2.0,827.0,0.0,0.0,0.6408706166868199
33.0,5.0,6.0,0.6,0.1,0.6,2.0,817.0,0.0,0.0,0.6413708690330477
33.0,5.0,7.0,0.6,0.1,0.6,2.0,808.0,0.0,0.0,0.6373762376237624
33.0,5.0,8.0,0.6,0.1,0.6,2.0,796.0,0.0,0.0,0.6381909547738693
33.0,5.0,9.0,0.6,0.1,0.6,2.0,802.0,0.0,0.0,0.6371571072319202
33.0,5.0,10.0,0.6,0.1,0.6,2.0,794.0,0.0,0.0,0.6372795969773299
33.0,5.0,11.0,0.6,0.1,0.6,2.0,797.0,0.0,0.0,0.6373902132998746
33.0,5.0,12.0,0.6,0.1,0.6,2.0,791.0,0.0,0.0,0.6359039190897599
33.0,5.0,13.0,0.6,0.1,0.6,2.0,794.0,0.0,0.0,0.6360201511335013
33.0,5.0,14.0,0.6,0.1,0.6,2.0,791.0,0.0,0.0,0.6371681415929203
33.0,5.0,15.0,0.6,0.1,0.6,2.0,792.0,0.0,0.0,0.6363636363636364
33.0,5.0,16.0,0.6,0.1,0.6,2.0,790.0,0.0,0.0,0.6379746835443038
33.0,5.0,17.0,0.6,0.1,0.6,2.0,788.0,0.0,0.0,0.6345177664974619
33.0,5.0,18.0,0.6,0.1,0.6,2.0,787.0,0.0,0.0,0.636594663278272
33.0,5.0,19.0,0.6,0.1,0.6,2.0,777.0,0.0,0.0,0.640926640926641
33.0,5.0,20.0,0.6,0.1,0.6,2.0,1388.0,0.0,0.0,0.3580691642651297
33.0,5.0,21.0,0.6,0.1,0.6,2.0,1399.0,0.0,0.0,0.35525375268048603
33.0,5.0,22.0,0.6,0.1,0.6,2.0,1358.0,0.0,0.0,0.35787923416789397
33.0,5.0,23.0,0.6,0.1,0.6,2.0,1349.0,0.0,0.0,0.35656041512231285
33.0,5.0,24.0,0.6,0.1,0.6,2.0,1293.0,0.0,0.0,0.35962877030162416
33.0,5.0,25.0,0.6,0.1,0.6,2.0,1252.0,0.0,0.0,0.3634185303514377
33.0,5.0,26.0,0.6,0.1,0.6,2.0,1210.0,0.0,0.0,0.36611570247933883
33.0,5.0,27.0,0.6,0.1,0.6,2.0,1209.0,0.0,0.0,0.3639371381306865
33.0,5.0,28.0,0.6,0.1,0.6,2.0,1202.0,0.0,0.0,0.36356073211314477
33.0,5.0,29.0,0.6,0.1,0.6,2.0,1164.0,0.0,0.0,0.3651202749140893
33.0,5.0,30.0,0.6,0.1,0.6,2.0,1141.0,0.0,0.0,0.3672217353198948
33.0,5.0,31.0,0.6,0.1,0.6,2.0,1143.0,0.0,0.0,0.3648293963254593
33.0,5.0,32.0,0.6,0.1,0.6,2.0,1084.0,0.0,0.0,0.36531365313653136
33.0,5.0,33.0,0.6,0.1,0.6,2.0,1081.0,0.0,0.0,0.364477335800185
33.0,5.0,34.0,0.6,0.1,0.6,2.0,1037.0,0.0,0.0,0.3674059787849566
33.0,5.0,35.0,0.6,0.1,0.6,2.0,1035.0,0.0,0.0,0.3739130434782609
33.0,5.0,36.0,0.6,0.1,0.6,2.0,988.0,0.0,0.0,0.3694331983805668
33.0,5.0,37.0,0.6,0.1,0.6,2.0,1008.0,0.0,0.0,0.37202380952380953
33.0,5.0,38.0,0.6,0.1,0.6,2.0,976.0,0.0,0.0,0.3709016393442623
33.0,5.0,39.0,0.6,0.1,0.6,2.0,969.0,0.0,0.0,0.3735810113519092
33.0,5.0,40.0,0.6,0.1,0.6,2.0,942.0,0.0,0.0,0.37154989384288745
33.0,5.0,41.0,0.6,0.1,0.6,2.0,942.0,0.0,0.0,0.3747346072186836
33.0,5.0,42.0,0.6,0.1,0.6,2.0,907.0,0.0,0.0,0.3748621830209482
33.0,5.0,43.0,0.6,0.1,0.6,2.0,898.0,0.0,0.0,0.3741648106904232
33.0,5.0,44.0,0.6,0.1,0.6,2.0,893.0,0.0,0.0,0.374020156774916
33.0,5.0,45.0,0.6,0.1,0.6,2.0,894.0,0.0,0.0,0.6476510067114094
33.0,5.0,46.0,0.6,0.1,0.6,2.0,890.0,0.0,0.0,0.6460674157303371
33.0,5.0,47.0,0.6,0.1,0.6,2.0,882.0,0.0,0.0,0.6417233560090703
33.0,5.0,48.0,0.6,0.1,0.6,2.0,865.0,0.0,0.0,0.6416184971098265
33.0,5.0,49.0,0.6,0.1,0.6,2.0,868.0,0.0,0.0,0.6405529953917051
33.0,5.0,50.0,0.6,0.1,0.6,2.0,863.0,0.0,0.0,0.6396292004634995
33.0,5.0,51.0,0.6,0.1,0.6,2.0,866.0,0.0,0.0,0.6397228637413395
33.0,5.0,52.0,0.6,0.1,0.6,2.0,862.0,0.0,0.0,0.6392111368909513
33.0,6.0,1.0,0.6,0.1,0.6,2.0,861.0,0.0,0.0,0.6376306620209059
33.0,6.0,2.0,0.6,0.1,0.6,2.0,858.0,0.0,0.0,0.6375291375291375
33.0,6.0,3.0,0.6,0.1,0.6,2.0,858.0,0.0,0.0,0.6386946386946387
33.0,6.0,4.0,0.6,0.1,0.6,2.0,855.0,0.0,0.0,0.6385964912280702
33.0,6.0,5.0,0.6,0.1,0.6,2.0,832.0,0.0,0.0,0.640625
33.0,6.0,6.0,0.6,0.1,0.6,2.0,829.0,0.0,0.0,0.6417370325693607
33.0,6.0,7.0,0.6,0.1,0.6,2.0,829.0,0.0,0.0,0.6405307599517491
33.0,6.0,8.0,0.6,0.1,0.6,2.0,811.0,0.0,0.0,0.6424167694204685
33.0,6.0,9.0,0.6,0.1,0.6,2.0,814.0,0.0,0.0,0.6425061425061425
33.0,6.0,10.0,0.6,0.1,0.6,2.0,812.0,0.0,0.0,0.6428571428571429
33.0,6.0,11.0,0.6,0.1,0.6,2.0,799.0,0.0,0.0,0.6445556946182729
33.0,6.0,12.0,0.6,0.1,0.6,2.0,795.0,0.0,0.0,0.6452830188679245
33.0,6.0,13.0,0.6,0.1,0.6,2.0,792.0,0.0,0.0,0.6452020202020202
33.0,6.0,14.0,0.6,0.1,0.6,2.0,794.0,0.0,0.0,0.6448362720403022
33.0,6.0,15.0,0.6,0.1,0.6,2.0,779.0,0.0,0.0,0.6405648267008985
33.0,6.0,16.0,0.6,0.1,0.6,2.0,780.0,0.0,0.0,0.6397435897435897
33.0,6.0,17.0,0.6,0.1,0.6,2.0,777.0,0.0,0.0,0.6396396396396397
33.0,6.0,18.0,0.6,0.1,0.6,2.0,780.0,0.0,0.0,0.6397435897435897
33.0,6.0,19.0,0.6,0.1,0.6,2.0,775.0,0.0,0.0,0.64
33.0,6.0,20.0,0.6,0.1,0.6,2.0,1425.0,0.0,0.0,0.3487719298245614
33.0,6.0,21.0,0.6,0.1,0.6,2.0,1424.0,0.0,0.0,0.3476123595505618
33.0,6.0,22.0,0.6,0.1,0.6,2.0,1382.0,0.0,0.0,0.35021707670043417
33.0,6.0,23.0,0.6,0.1,0.6,2.0,1330.0,0.0,0.0,0.35413533834586464
33.0,6.0,24.0,0.6,0.1,0.6,2.0,1286.0,0.0,0.0,0.3584758942457232
33.0,6.0,25.0,0.6,0.1,0.6,2.0,1259.0,0.0,0.0,0.3598093725178713
33.0,6.0,26.0,0.6,0.1,0.6,2.0,1245.0,0.0,0.0,0.36224899598393573
33.0,6.0,27.0,0.6,0.1,0.6,2.0,1156.0,0.0,0.0,0.3728373702422145
33.0,6.0,28.0,0.6,0.1,0.6,2.0,1146.0,0.0,0.0,0.36910994764397903
33.0,6.0,29.0,0.6,0.1,0.6,2.0,1105.0,0.0,0.0,0.3764705882352941
33.0,6.0,30.0,0.6,0.1,0.6,2.0,1069.0,0.0,0.0,0.37698783910196443
33.0,6.0,31.0,0.6,0.1,0.6,2.0,1044.0,0.0,0.0,0.38026819923371646
33.0,6.0,32.0,0.6,0.1,0.6,2.0,1017.0,0.0,0.0,0.3815142576204523
33.0,6.0,33.0,0.6,0.1,0.6,2.0,993.0,0.0,0.0,0.3877139979859013
33.0,6.0,34.0,0.6,0.1,0.6,2.0,951.0,0.0,0.0,0.38696109358569925
33.0,6.0,35.0,0.6,0.1,0.6,2.0,912.0,0.0,0.0,0.39035087719298245
33.0,6.0,36.0,0.6,0.1,0.6,2.0,914.0,0.0,0.0,0.38949671772428884
33.0,6.0,37.0,0.6,0.1,0.6,2.0,911.0,0.0,0.0,0.3896816684961581
33.0,6.0,38.0,0.6,0.1,0.6,2.0,889.0,0.0,0.0,0.3925759280089989
33.0,6.0,39.0,0.6,0.1,0.6,2.0,873.0,0.0,0.0,0.3940435280641466
33.0,6.0,40.0,0.6,0.1,0.6,2.0,876.0,0.0,0.0,0.3938356164383562
33.0,6.0,41.0,0.6,0.1,0.6,2.0,862.0,0.0,0.0,0.3909512761020882
33.0,6.0,42.0,0.6,0.1,0.6,2.0,865.0,0.0,0.0,0.39075144508670523
33.0,6.0,43.0,0.6,0.1,0.6,2.0,851.0,0.0,0.0,0.3901292596944771
33.0,6.0,44.0,0.6,0.1,0.6,2.0,806.0,0.0,0.0,0.40074441687344914
33.0,6.0,45.0,0.6,0.1,0.6,2.0,809.0,0.0,0.0,0.6501854140914709
33.0,6.0,46.0,0.6,0.1,0.6,2.0,805.0,0.0,0.0,0.6509316770186335
33.0,6.0,47.0,0.6,0.1,0.6,2.0,805.0,0.0,0.0,0.6509316770186335
33.0,6.0,48.0,0.6,0.1,0.6,2.0,788.0,0.0,0.0,0.6548223350253807
33.0,6.0,49.0,0.6,0.1,0.6,2.0,793.0,0.0,0.0,0.6544766708701135
33.0,6.0,50.0,0.6,0.1,0.6,2.0,787.0,0.0,0.0,0.6543837357052097
33.0,6.0,51.0,0.6,0.1,0.6,2.0,783.0,0.0,0.0,0.6526181353767561
33.0,6.0,52.0,0.6,0.1,0.6,2.0,775.0,0.0,0.0,0.6529032258064517
33.0,7.0,1.0,0.6,0.1,0.6,2.0,768.0,0.0,0.0,0.65625
33.0,7.0,2.0,0.6,0.1,0.6,2.0,762.0,0.0,0.0,0.6561679790026247
33.0,7.0,3.0,0.6,0.1,0.6,2.0,767.0,0.0,0.0,0.6571056062581486
33.0,7.0,4.0,0.6,0.1,0.6,2.0,759.0,0.0,0.0,0.6548089591567853
33.0,7.0,5.0,0.6,0.1,0.6,2.0,753.0,0.0,0.0,0.6547144754316069
33.0,7.0,6.0,0.6,0.1,0.6,2.0,746.0,0.0,0.0,0.6528150134048257
33.0,7.0,7.0,0.6,0.1,0.6,2.0,753.0,0.0,0.0,0.6547144754316069
33.0,7.0,8.0,0.6,0.1,0.6,2.0,733.0,0.0,0.0,0.654843110504775
33.0,7.0,9.0,0.6,0.1,0.6,2.0,738.0,0.0,0.0,0.6585365853658537
33.0,7.0,10.0,0.6,0.1,0.6,2.0,719.0,0.0,0.0,0.655076495132128
33.0,7.0,11.0,0.6,0.1,0.6,2.0,718.0,0.0,0.0,0.6629526462395543
33.0,7.0,12.0,0.6,0.1,0.6,2.0,704.0,0.0,0.0,0.6576704545454546
33.0,7.0,13.0,0.6,0.1,0.6,2.0,706.0,0.0,0.0,0.660056657223796
33.0,7.0,14.0,0.6,0.1,0.6,2.0,706.0,0.0,0.0,0.6586402266288952
33.0,7.0,15.0,0.6,0.1,0.6,2.0,704.0,0.0,0.0,0.6605113636363636
33.0,7.0,16.0,0.6,0.1,0.6,2.0,703.0,0.0,0.0,0.6586059743954481
33.0,7.0,17.0,0.6,0.1,0.6,2.0,702.0,0.0,0.0,0.6595441595441596
33.0,7.0,18.0,0.6,0.1,0.6,2.0,702.0,0.0,0.0,0.6566951566951567
33.0,7.0,19.0,0.6,0.1,0.6,2.0,700.0,0.0,0.0,0.66
33.0,7.0,20.0,0.6,0.1,0.6,2.0,1278.0,0.0,0.0,0.36071987480438183
33.0,7.0,21.0,0.6,0.1,0.6,2.0,1216.0,0.0,0.0,0.3675986842105263
33.0,7.0,22.0,0.6,0.1,0.6,2.0,1168.0,0.0,0.0,0.3741438356164384
33.0,7.0,23.0,0.6,0.1,0.6,2.0,1156.0,0.0,0.0,0.3771626297577855
33.0,7.0,24.0,0.6,0.1,0.6,2.0,1104.0,0.0,0.0,0.38315217391304346
33.0,7.0,25.0,0.6,0.1,0.6,2.0,1089.0,0.0,0.0,0.3875114784205693
33.0,7.0,26.0,0.6,0.1,0.6,2.0,1064.0,0.0,0.0,0.3890977443609023
33.0,7.0,27.0,0.6,0.1,0.6,2.0,1063.0,0.0,0.0,0.39040451552210725
33.0,7.0,28.0,0.6,0.1,0.6,2.0,1052.0,0.0,0.0,0.3887832699619772
33.0,7.0,29.0,0.6,0.1,0.6,2.0,1027.0,0.0,0.0,0.3933787731256086
33.0,7.0,30.0,0.6,0.1,0.6,2.0,1028.0,0.0,0.0,0.39105058365758755
33.0,7.0,31.0,0.6,0.1,0.6,2.0,1027.0,0.0,0.0,0.3933787731256086
33.0,7.0,32.0,0.6,0.1,0.6,2.0,1028.0,0.0,0.0,0.39105058365758755
33.0,7.0,33.0,0.6,0.1,0.6,2.0,1004.0,0.0,0.0,0.40039840637450197
33.0,7.0,34.0,0.6,0.1,0.6,2.0,976.0,0.0,0.0,0.4026639344262295
33.0,7.0,35.0,0.6,0.1,0.6,2.0,921.0,0.0,0.0,0.4191096634093377
33.0,7.0,36.0,0.6,0.1,0.6,2.0,901.0,0.0,0.0,0.4195338512763596
33.0,7.0,37.0,0.6,0.1,0.6,2.0,881.0,0.0,0.0,0.42224744608399545
33.0,7.0,38.0,0.6,0.1,0.6,2.0,873.0,0.0,0.0,0.42038946162657503
33.0,7.0,39.0,0.6,0.1,0.6,2.0,854.0,0.0,0.0,0.4309133489461358
33.0,7.0,40.0,0.6,0.1,0.6,2.0,837.0,0.0,0.0,0.42891278375149344
33.0,7.0,41.0,0.6,0.1,0.6,2.0,822.0,0.0,0.0,0.4343065693430657
33.0,7.0,42.0,0.6,0.1,0.6,2.0,823.0,0.0,0.0,0.4313487241798299
33.0,7.0,43.0,0.6,0.1,0.6,2.0,822.0,0.0,0.0,0.4343065693430657
33.0,7.0,44.0,0.6,0.1,0.6,2.0,823.0,0.0,0.0,0.4313487241798299
33.0,7.0,45.0,0.6,0.1,0.6,2.0,809.0,0.0,0.0,0.6711990111248455
33.0,7.0,46.0,0.6,0.1,0.6,2.0,809.0,0.0,0.0,0.6699629171817059
33.0,7.0,47.0,0.6,0.1,0.6,2.0,804.0,0.0,0.0,0.6703980099502488
33.0,7.0,48.0,0.6,0.1,0.6,2.0,805.0,0.0,0.0,0.6695652173913044
33.0,7.0,49.0,0.6,0.1,0.6,2.0,802.0,0.0,0.0,0.669576059850374
33.0,7.0,50.0,0.6,0.1,0.6,2.0,801.0,0.0,0.0,0.6691635455680399
33.0,7.0,51.0,0.6,0.1,0.6,2.0,801.0,0.0,0.0,0.6691635455680399
33.0,7.0,52.0,0.6,0.1,0.6,2.0,799.0,0.0,0.0,0.6695869837296621
33.0,8.0,1.0,0.6,0.1,0.6,2.0,799.0,0.0,0.0,0.6695869837296621
33.0,8.0,2.0,0.6,0.1,0.6,2.0,799.0,0.0,0.0,0.6695869837296621
33.0,8.0,3.0,0.6,0.1,0.6,2.0,799.0,0.0,0.0,0.6695869837296621
33.0,8.0,4.0,0.6,0.1,0.6,2.0,797.0,0.0,0.0,0.6687578419071518
33.0,8.0,5.0,0.6,0.1,0.6,2.0,799.0,0.0,0.0,0.6695869837296621
33.0,8.0,6.0,0.6,0.1,0.6,2.0,785.0,0.0,0.0,0.6675159235668789
33.0,8.0,7.0,0.6,0.1,0.6,2.0,788.0,0.0,0.0,0.6675126903553299
33.0,8.0,8.0,0.6,0.1,0.6,2.0,761.0,0.0,0.0,0.668856767411301
33.0,8.0,9.0,0.6,0.1,0.6,2.0,762.0,0.0,0.0,0.6706036745406824
33.0,8.0,10.0,0.6,0.1,0.6,2.0,758.0,0.0,0.0,0.6715039577836411
33.0,8.0,11.0,0.6,0.1,0.6,2.0,758.0,0.0,0.0,0.6741424802110818
33.0,8.0,12.0,0.6,0.1,0.6,2.0,756.0,0.0,0.0,0.6732804232804233
33.0,8.0,13.0,0.6,0.1,0.6,2.0,758.0,0.0,0.0,0.6741424802110818
33.0,8.0,14.0,0.6,0.1,0.6,2.0,755.0,0.0,0.0,0.6741721854304635
33.0,8.0,15.0,0.6,0.1,0.6,2.0,756.0,0.0,0.0,0.6759259259259259
33.0,8.0,16.0,0.6,0.1,0.6,2.0,739.0,0.0,0.0,0.6752368064952639
33.0,8.0,17.0,0.6,0.1,0.6,2.0,740.0,0.0,0.0,0.677027027027027
33.0,8.0,18.0,0.6,0.1,0.6,2.0,739.0,0.0,0.0,0.6752368064952639
33.0,8.0,19.0,0.6,0.1,0.6,2.0,740.0,0.0,0.0,0.677027027027027
33.0,8.0,20.0,0.6,0.1,0.6,2.0,1246.0,0.0,0.0,0.39486356340288925
33.0,8.0,21.0,0.6,0.1,0.6,2.0,1217.0,0.0,0.0,0.3976992604765818
33.0,8.0,22.0,0.6,0.1,0.6,2.0,1131.0,0.0,0.0,0.40760389036251105
33.0,8.0,23.0,0.6,0.1,0.6,2.0,1115.0,0.0,0.0,0.4080717488789238
33.0,8.0,24.0,0.6,0.1,0.6,2.0,1069.0,0.0,0.0,0.4106641721234799
33.0,8.0,25.0,0.6,0.1,0.6,2.0,1060.0,0.0,0.0,0.40943396226415096
33.0,8.0,26.0,0.6,0.1,0.6,2.0,1053.0,0.0,0.0,0.41025641025641024
33.0,8.0,27.0,0.6,0.1,0.6,2.0,1045.0,0.0,0.0,0.4105263157894737
33.0,8.0,28.0,0.6,0.1,0.6,2.0,1027.0,0.0,0.0,0.41285296981499514
33.0,8.0,29.0,0.6,0.1,0.6,2.0,996.0,0.0,0.0,0.41767068273092367
33.0,8.0,30.0,0.6,0.1,0.6,2.0,978.0,0.0,0.0,0.41922290388548056
33.0,8.0,31.0,0.6,0.1,0.6,2.0,957.0,0.0,0.0,0.4200626959247649
33.0,8.0,32.0,0.6,0.1,0.6,2.0,953.0,0.0,0.0,0.42077649527806926
33.0,8.0,33.0,0.6,0.1,0.6,2.0,943.0,0.0,0.0,0.4188759278897137
33.0,8.0,34.0,0.6,0.1,0.6,2.0,917.0,0.0,0.0,0.42311886586695746
33.0,8.0,35.0,0.6,0.1,0.6,2.0,921.0,0.0,0.0,0.4223669923995657
33.0,8.0,36.0,0.6,0.1,0.6,2.0,903.0,0.0,0.0,0.4186046511627907
33.0,8.0,37.0,0.6,0.1,0.6,2.0,908.0,0.0,0.0,0.4185022026431718
33.0,8.0,38.0,0.6,0.1,0.6,2.0,903.0,0.0,0.0,0.4186046511627907
33.0,8.0,39.0,0.6,0.1,0.6,2.0,896.0,0.0,0.0,0.41964285714285715
33.0,8.0,40.0,0.6,0.1,0.6,2.0,893.0,0.0,0.0,0.42105263157894735
33.0,8.0,41.0,0.6,0.1,0.6,2.0,896.0,0.0,0.0,0.41964285714285715
33.0,8.0,42.0,0.6,0.1,0.6,2.0,882.0,0.0,0.0,0.42063492063492064
33.0,8.0,43.0,0.6,0.1,0.6,2.0,881.0,0.0,0.0,0.4199772985244041
33.0,8.0,44.0,0.6,0.1,0.6,2.0,878.0,0.0,0.0,0.4214123006833713
33.0,8.0,45.0,0.6,0.1,0.6,2.0,881.0,0.0,0.0,0.6311010215664018
33.0,8.0,46.0,0.6,0.1,0.6,2.0,878.0,0.0,0.0,0.6321184510250569
33.0,8.0,47.0,0.6,0.1,0.6,2.0,856.0,0.0,0.0,0.6320093457943925
33.0,8.0,48.0,0.6,0.1,0.6,2.0,842.0,0.0,0.0,0.6342042755344418
33.0,8.0,49.0,0.6,0.1,0.6,2.0,834.0,0.0,0.0,0.6366906474820144
33.0,8.0,50.0,0.6,0.1,0.6,2.0,819.0,0.0,0.0,0.6422466422466423
33.0,8.0,51.0,0.6,0.1,0.6,2.0,821.0,0.0,0.0,0.6406820950060901
33.0,8.0,52.0,0.6,0.1,0.6,2.0,807.0,0.0,0.0,0.6456009913258984
33.0,9.0,1.0,0.6,0.1,0.6,2.0,798.0,0.0,0.0,0.6478696741854637
33.0,9.0,2.0,0.6,0.1,0.6,2.0,796.0,0.0,0.0,0.6494974874371859
33.0,9.0,3.0,0.6,0.1,0.6,2.0,785.0,0.0,0.0,0.6522292993630573
33.0,9.0,4.0,0.6,0.1,0.6,2.0,783.0,0.0,0.0,0.6538952745849298
33.0,9.0,5.0,0.6,0.1,0.6,2.0,785.0,0.0,0.0,0.6522292993630573
33.0,9.0,6.0,0.6,0.1,0.6,2.0,783.0,0.0,0.0,0.6538952745849298
33.0,9.0,7.0,0.6,0.1,0.6,2.0,785.0,0.0,0.0,0.6522292993630573
33.0,9.0,8.0,0.6,0.1,0.6,2.0,782.0,0.0,0.0,0.6534526854219949
33.0,9.0,9.0,0.6,0.1,0.6,2.0,782.0,0.0,0.0,0.6521739130434783
33.0,9.0,10.0,0.6,0.1,0.6,2.0,778.0,0.0,0.0,0.6542416452442159
33.0,9.0,11.0,0.6,0.1,0.6,2.0,775.0,0.0,0.0,0.655483870967742
33.0,9.0,12.0,0.6,0.1,0.6,2.0,774.0,0.0,0.0,0.6576227390180879
33.0,9.0,13.0,0.6,0.1,0.6,2.0,776.0,0.0,0.0,0.6559278350515464
33.0,9.0,14.0,0.6,0.1,0.6,2.0,774.0,0.0,0.0,0.6576227390180879
33.0,9.0,15.0,0.6,0.1,0.6,2.0,776.0,0.0,0.0,0.6559278350515464
33.0,9.0,16.0,0.6,0.1,0.6,2.0,775.0,0.0,0.0,0.6567741935483871
33.0,9.0,17.0,0.6,0.1,0.6,2.0,775.0,0.0,0.0,0.6567741935483871
33.0,9.0,18.0,0.6,0.1,0.6,2.0,752.0,0.0,0.0,0.6582446808510638
33.0,9.0,19.0,0.6,0.1,0.6,2.0,751.0,0.0,0.0,0.6591211717709721
33.0,9.0,20.0,0.6,0.1,0.6,2.0,1317.0,0.0,0.0,0.3568716780561883
33.0,9.0,21.0,0.6,0.1,0.6,2.0,1229.0,0.0,0.0,0.35882831570382423
33.0,9.0,22.0,0.6,0.1,0.6,2.0,1170.0,0.0,0.0,0.36495726495726494
33.0,9.0,23.0,0.6,0.1,0.6,2.0,1140.0,0.0,0.0,0.3649122807017544
33.0,9.0,24.0,0.6,0.1,0.6,2.0,1119.0,0.0,0.0,0.3681858802502234
33.0,9.0,25.0,0.6,0.1,0.6,2.0,1055.0,0.0,0.0,0.37251184834123224
33.0,9.0,26.0,0.6,0.1,0.6,2.0,1021.0,0.0,0.0,0.3751224289911851
33.0,9.0,27.0,0.6,0.1,0.6,2.0,1002.0,0.0,0.0,0.37624750499001997
33.0,9.0,28.0,0.6,0.1,0.6,2.0,977.0,0.0,0.0,0.37871033776867963
33.0,9.0,29.0,0.6,0.1,0.6,2.0,954.0,0.0,0.0,0.3805031446540881
33.0,9.0,30.0,0.6,0.1,0.6,2.0,948.0,0.0,0.0,0.3818565400843882
33.0,9.0,31.0,0.6,0.1,0.6,2.0,929.0,0.0,0.0,0.38428417653390745
33.0,9.0,32.0,0.6,0.1,0.6,2.0,936.0,0.0,0.0,0.3856837606837607
33.0,9.0,33.0,0.6,0.1,0.6,2.0,914.0,0.0,0.0,0.387308533916849
33.0,9.0,34.0,0.6,0.1,0.6,2.0,908.0,0.0,0.0,0.3898678414096916
33.0,9.0,35.0,0.6,0.1,0.6,2.0,902.0,0.0,0.0,0.38913525498891355
33.0,9.0,36.0,0.6,0.1,0.6,2.0,886.0,0.0,0.0,0.3905191873589165
33.0,9.0,37.0,0.6,0.1,0.6,2.0,849.0,0.0,0.0,0.3934040047114252
33.0,9.0,38.0,0.6,0.1,0.6,2.0,855.0,0.0,0.0,0.39415204678362575
33.0,9.0,39.0,0.6,0.1,0.6,2.0,850.0,0.0,0.0,0.39294117647058824
33.0,9.0,40.0,0.6,0.1,0.6,2.0,842.0,0.0,0.0,0.3978622327790974
33.0,9.0,41.0,0.6,0.1,0.6,2.0,838.0,0.0,0.0,0.39618138424821003
33.0,9.0,42.0,0.6,0.1,0.6,2.0,793.0,0.0,0.0,0.403530895334174
33.0,9.0,43.0,0.6,0.1,0.6,2.0,778.0,0.0,0.0,0.4074550128534704
33.0,9.0,44.0,0.6,0.1,0.6,2.0,782.0,0.0,0.0,0.4092071611253197
33.0,9.0,45.0,0.6,0.1,0.6,2.0,778.0,0.0,0.0,0.6375321336760925
33.0,9.0,46.0,0.6,0.1,0.6,2.0,782.0,0.0,0.0,0.639386189258312
33.0,9.0,47.0,0.6,0.1,0.6,2.0,778.0,0.0,0.0,0.6375321336760925
33.0,9.0,48.0,0.6,0.1,0.6,2.0,782.0,0.0,0.0,0.639386189258312
33.0,9.0,49.0,0.6,0.1,0.6,2.0,753.0,0.0,0.0,0.6387782204515272
33.0,9.0,50.0,0.6,0.1,0.6,2.0,757.0,0.0,0.0,0.6406869220607662
33.0,9.0,51.0,0.6,0.1,0.6,2.0,756.0,0.0,0.0,0.6402116402116402
33.0,9.0,52.0,0.6,0.1,0.6,2.0,756.0,0.0,0.0,0.6415343915343915
33.0,10.0,1.0,0.6,0.1,0.6,2.0,755.0,0.0,0.0,0.6397350993377483
33.0,10.0,2.0,0.6,0.1,0.6,2.0,756.0,0.0,0.0,0.6415343915343915
33.0,10.0,3.0,0.6,0.1,0.6,2.0,752.0,0.0,0.0,0.6396276595744681
33.0,10.0,4.0,0.6,0.1,0.6,2.0,754.0,0.0,0.0,0.6419098143236074
33.0,10.0,5.0,0.6,0.1,0.6,2.0,752.0,0.0,0.0,0.6396276595744681
33.0,10.0,6.0,0.6,0.1,0.6,2.0,754.0,0.0,0.0,0.6419098143236074
33.0,10.0,7.0,0.6,0.1,0.6,2.0,741.0,0.0,0.0,0.6410256410256411
33.0,10.0,8.0,0.6,0.1,0.6,2.0,728.0,0.0,0.0,0.646978021978022
33.0,10.0,9.0,0.6,0.1,0.6,2.0,725.0,0.0,0.0,0.6441379310344828
33.0,10.0,10.0,0.6,0.1,0.6,2.0,729.0,0.0,0.0,0.6460905349794238
33.0,10.0,11.0,0.6,0.1,0.6,2.0,722.0,0.0,0.0,0.6454293628808865
33.0,10.0,12.0,0.6,0.1,0.6,2.0,729.0,0.0,0.0,0.6460905349794238
33.0,10.0,13.0,0.6,0.1,0.6,2.0,724.0,0.0,0.0,0.6464088397790055
33.0,10.0,14.0,0.6,0.1,0.6,2.0,728.0,0.0,0.0,0.6456043956043956
33.0,10.0,15.0,0.6,0.1,0.6,2.0,724.0,0.0,0.0,0.6464088397790055
33.0,10.0,16.0,0.6,0.1,0.6,2.0,728.0,0.0,0.0,0.6456043956043956
33.0,10.0,17.0,0.6,0.1,0.6,2.0,724.0,0.0,0.0,0.6464088397790055
33.0,10.0,18.0,0.6,0.1,0.6,2.0,727.0,0.0,0.0,0.6451169188445667
33.0,10.0,19.0,0.6,0.1,0.6,2.0,725.0,0.0,0.0,0.646896551724138
33.0,10.0,20.0,0.6,0.1,0.6,2.0,1291.0,0.0,0.0,0.35011618900077457
33.0,10.0,21.0,0.6,0.1,0.6,2.0,1247.0,0.0,0.0,0.3536487570168404
33.0,10.0,22.0,0.6,0.1,0.6,2.0,1243.0,0.0,0.0,0.35478680611423974
33.0,10.0,23.0,0.6,0.1,0.6,2.0,1202.0,0.0,0.0,0.35524126455906824
33.0,10.0,24.0,0.6,0.1,0.6,2.0,1146.0,0.0,0.0,0.35951134380453753
33.0,10.0,25.0,0.6,0.1,0.6,2.0,1106.0,0.0,0.0,0.36256781193490056
33.0,10.0,26.0,0.6,0.1,0.6,2.0,1119.0,0.0,0.0,0.36014298480786416
33.0,10.0,27.0,0.6,0.1,0.6,2.0,1063.0,0.0,0.0,0.36970837253057387
33.0,10.0,28.0,0.6,0.1,0.6,2.0,1012.0,0.0,0.0,0.3725296442687747
33.0,10.0,29.0,0.6,0.1,0.6,2.0,997.0,0.0,0.0,0.3741223671013039
33.0,10.0,30.0,0.6,0.1,0.6,2.0,1009.0,0.0,0.0,0.3726461843409316
33.0,10.0,31.0,0.6,0.1,0.6,2.0,981.0,0.0,0.0,0.3751274209989806
33.0,10.0,32.0,0.6,0.1,0.6,2.0,996.0,0.0,0.0,0.37349397590361444
33.0,10.0,33.0,0.6,0.1,0.6,2.0,970.0,0.0,0.0,0.37731958762886597
33.0,10.0,34.0,0.6,0.1,0.6,2.0,972.0,0.0,0.0,0.37448559670781895
33.0,10.0,35.0,0.6,0.1,0.6,2.0,957.0,0.0,0.0,0.3761755485893417
33.0,10.0,36.0,0.6,0.1,0.6,2.0,972.0,0.0,0.0,0.37448559670781895
33.0,10.0,37.0,0.6,0.1,0.6,2.0,957.0,0.0,0.0,0.3761755485893417
33.0,10.0,38.0,0.6,0.1,0.6,2.0,972.0,0.0,0.0,0.37448559670781895
33.0,10.0,39.0,0.6,0.1,0.6,2.0,957.0,0.0,0.0,0.3761755485893417
33.0,10.0,40.0,0.6,0.1,0.6,2.0,972.0,0.0,0.0,0.37448559670781895
33.0,10.0,41.0,0.6,0.1,0.6,2.0,935.0,0.0,0.0,0.3764705882352941
33.0,10.0,42.0,0.6,0.1,0.6,2.0,924.0,0.0,0.0,0.37554112554112556
33.0,10.0,43.0,0.6,0.1,0.6,2.0,916.0,0.0,0.0,0.3777292576419214
33.0,10.0,44.0,0.6,0.1,0.6,2.0,891.0,0.0,0.0,0.3771043771043771
33.0,10.0,45.0,0.6,0.1,0.6,2.0,884.0,0.0,0.0,0.6481900452488688
33.0,10.0,46.0,0.6,0.1,0.6,2.0,891.0,0.0,0.0,0.6453423120089786
33.0,10.0,47.0,0.6,0.1,0.6,2.0,884.0,0.0,0.0,0.6481900452488688
33.0,10.0,48.0,0.6,0.1,0.6,2.0,879.0,0.0,0.0,0.6450511945392492
33.0,10.0,49.0,0.6,0.1,0.6,2.0,872.0,0.0,0.0,0.6479357798165137
33.0,10.0,50.0,0.6,0.1,0.6,2.0,868.0,0.0,0.0,0.6474654377880185
33.0,10.0,51.0,0.6,0.1,0.6,2.0,851.0,0.0,0.0,0.6509988249118684
33.0,10.0,52.0,0.6,0.1,0.6,2.0,856.0,0.0,0.0,0.6495327102803738
34.0,1.0,1.0,0.6,0.1,0.6,2.0,5164.0,53.0,10.0,0.6016653756777691
34.0,1.0,2.0,0.6,0.1,0.6,2.0,5125.0,58.0,20.0,0.6001951219512195
34.0,1.0,3.0,0.6,0.1,0.6,2.0,5101.0,60.0,33.0,0.6026269358949226
34.0,1.0,4.0,0.6,0.1,0.6,2.0,5019.0,69.0,34.0,0.6031081888822475
34.0,1.0,5.0,0.6,0.1,0.6,2.0,5055.0,81.0,40.0,0.6017804154302671
34.0,1.0,6.0,0.6,0.1,0.6,2.0,4928.0,89.0,34.0,0.6034902597402597
34.0,1.0,7.0,0.6,0.1,0.6,2.0,4791.0,86.0,31.0,0.6065539553329159
34.0,1.0,8.0,0.6,0.1,0.6,2.0,4709.0,87.0,33.0,0.6075599915056276
34.0,1.0,9.0,0.6,0.1,0.6,2.0,4504.0,93.0,44.0,0.6085701598579041
34.0,1.0,10.0,0.6,0.1,0.6,2.0,4343.0,108.0,51.0,0.6090260188809579
34.0,1.0,11.0,0.6,0.1,0.6,2.0,4226.0,104.0,53.0,0.6112162801703739
34.0,1.0,12.0,0.6,0.1,0.6,2.0,4083.0,105.0,46.0,0.6147440607396523
34.0,1.0,13.0,0.6,0.1,0.6,2.0,4010.0,108.0,41.0,0.6184538653366584
34.0,1.0,14.0,0.6,0.1,0.6,2.0,3912.0,106.0,41.0,0.6209100204498977
34.0,1.0,15.0,0.6,0.1,0.6,2.0,3785.0,107.0,50.0,0.6232496697490092
34.0,1.0,16.0,0.6,0.1,0.6,2.0,3658.0,113.0,53.0,0.6230180426462548
34.0,1.0,17.0,0.6,0.1,0.6,2.0,3581.0,110.0,53.0,0.6277576096062553
34.0,1.0,18.0,0.6,0.1,0.6,2.0,3505.0,100.0,55.0,0.6296718972895863
34.0,1.0,19.0,0.6,0.1,0.6,2.0,3400.0,99.0,57.0,0.6308823529411764
34.0,1.0,20.0,0.6,0.1,0.6,2.0,6287.0,92.0,50.0,0.3372037537776364
34.0,1.0,21.0,0.6,0.1,0.6,2.0,5861.0,123.0,38.0,0.3417505545128818
34.0,1.0,22.0,0.6,0.1,0.6,2.0,5494.0,137.0,42.0,0.34710593374590465
34.0,1.0,23.0,0.6,0.1,0.6,2.0,5321.0,147.0,55.0,0.34824281150159747
34.0,1.0,24.0,0.6,0.1,0.6,2.0,5103.0,179.0,66.0,0.35390946502057613
34.0,1.0,25.0,0.6,0.1,0.6,2.0,4889.0,197.0,73.0,0.3554919206381673
34.0,1.0,26.0,0.6,0.1,0.6,2.0,4708.0,226.0,92.0,0.3600254885301614
34.0,1.0,27.0,0.6,0.1,0.6,2.0,4419.0,244.0,94.0,0.3681828467979181
34.0,1.0,28.0,0.6,0.1,0.6,2.0,4254.0,271.0,99.0,0.3723554301833568
34.0,1.0,29.0,0.6,0.1,0.6,2.0,4062.0,268.0,106.0,0.38010832102412606
34.0,1.0,30.0,0.6,0.1,0.6,2.0,3884.0,282.0,129.0,0.38105046343975285
34.0,1.0,31.0,0.6,0.1,0.6,2.0,3726.0,289.0,142.0,0.38727858293075684
34.0,1.0,32.0,0.6,0.1,0.6,2.0,3595.0,307.0,126.0,0.3941585535465925
34.0,1.0,33.0,0.6,0.1,0.6,2.0,3435.0,304.0,119.0,0.4008733624454148
34.0,1.0,34.0,0.6,0.1,0.6,2.0,3242.0,268.0,127.0,0.4108574953732264
34.0,1.0,35.0,0.6,0.1,0.6,2.0,3154.0,278.0,147.0,0.4166138237159163
34.0,1.0,36.0,0.6,0.1,0.6,2.0,2992.0,276.0,144.0,0.42513368983957217
34.0,1.0,37.0,0.6,0.1,0.6,2.0,2868.0,270.0,126.0,0.4306136680613668
34.0,1.0,38.0,0.6,0.1,0.6,2.0,2732.0,243.0,120.0,0.44143484626647145
34.0,1.0,39.0,0.6,0.1,0.6,2.0,2652.0,232.0,131.0,0.4468325791855204
34.0,1.0,40.0,0.6,0.1,0.6,2.0,2552.0,232.0,122.0,0.454153605015674
34.0,1.0,41.0,0.6,0.1,0.6,2.0,2458.0,208.0,99.0,0.4650122050447518
34.0,1.0,42.0,0.6,0.1,0.6,2.0,2381.0,188.0,91.0,0.4750104997900042
34.0,1.0,43.0,0.6,0.1,0.6,2.0,2295.0,199.0,98.0,0.48278867102396517
34.0,1.0,44.0,0.6,0.1,0.6,2.0,2229.0,201.0,104.0,0.49035441902198296
34.0,1.0,45.0,0.6,0.1,0.6,2.0,2158.0,190.0,92.0,0.6997219647822057
34.0,1.0,46.0,0.6,0.1,0.6,2.0,2094.0,168.0,88.0,0.7077363896848138
34.0,1.0,47.0,0.6,0.1,0.6,2.0,2034.0,146.0,85.0,0.7133726647000983
34.0,1.0,48.0,0.6,0.1,0.6,2.0,1965.0,125.0,88.0,0.7221374045801526
34.0,1.0,49.0,0.6,0.1,0.6,2.0,1907.0,102.0,71.0,0.7241740954378605
34.0,1.0,50.0,0.6,0.1,0.6,2.0,1869.0,81.0,52.0,0.7314071696094168
34.0,1.0,51.0,0.6,0.1,0.6,2.0,1798.0,59.0,31.0,0.7330367074527252
34.0,1.0,52.0,0.6,0.1,0.6,2.0,1759.0,49.0,29.0,0.740193291642979
34.0,2.0,1.0,0.6,0.1,0.6,2.0,1721.0,45.0,28.0,0.7379430563625798
34.0,2.0,2.0,0.6,0.1,0.6,2.0,1691.0,39.0,23.0,0.7433471318746304
34.0,2.0,3.0,0.6,0.1,0.6,2.0,1679.0,31.0,20.0,0.7444907683144729
34.0,2.0,4.0,0.6,0.1,0.6,2.0,1657.0,26.0,17.0,0.7513578756789379
34.0,2.0,5.0,0.6,0.1,0.6,2.0,1630.0,24.0,17.0,0.7478527607361963
34.0,2.0,6.0,0.6,0.1,0.6,2.0,1612.0,15.0,8.0,0.7568238213399504
34.0,2.0,7.0,0.6,0.1,0.6,2.0,1576.0,12.0,6.0,0.7538071065989848
34.0,2.0,8.0,0.6,0.1,0.6,2.0,1551.0,9.0,5.0,0.758220502901354
34.0,2.0,9.0,0.6,0.1,0.6,2.0,1523.0,9.0,6.0,0.7570584372948129
34.0,2.0,10.0,0.6,0.1,0.6,2.0,1504.0,5.0,5.0,0.7586436170212766
34.0,2.0,11.0,0.6,0.1,0.6,2.0,1477.0,2.0,2.0,0.7616790792146242
34.0,2.0,12.0,0.6,0.1,0.6,2.0,1458.0,2.0,2.0,0.7633744855967078
34.0,2.0,13.0,0.6,0.1,0.6,2.0,1429.0,1.0,0.0,0.762071378586424
34.0,2.0,14.0,0.6,0.1,0.6,2.0,1420.0,1.0,0.0,0.7619718309859155
34.0,2.0,15.0,0.6,0.1,0.6,2.0,1399.0,1.0,0.0,0.7591136526090064
34.0,2.0,16.0,0.6,0.1,0.6,2.0,1372.0,1.0,0.0,0.7623906705539358
34.0,2.0,17.0,0.6,0.1,0.6,2.0,1348.0,1.0,0.0,0.7596439169139466
34.0,2.0,18.0,0.6,0.1,0.6,2.0,1344.0,1.0,0.0,0.7604166666666666
34.0,2.0,19.0,0.6,0.1,0.6,2.0,1333.0,1.0,0.0,0.7576894223555889
34.0,2.0,20.0,0.6,0.1,0.6,2.0,2386.0,1.0,1.0,0.42330259849119867
34.0,2.0,21.0,0.6,0.1,0.6,2.0,2275.0,3.0,1.0,0.4259340659340659
34.0,2.0,22.0,0.6,0.1,0.6,2.0,2177.0,4.0,1.0,0.42903077629765735
34.0,2.0,23.0,0.6,0.1,0.6,2.0,2114.0,3.0,1.0,0.4323557237464522
34.0,2.0,24.0,0.6,0.1,0.6,2.0,2060.0,3.0,1.0,0.4344660194174757
34.0,2.0,25.0,0.6,0.1,0.6,2.0,2049.0,3.0,2.0,0.42947779404587605
34.0,2.0,26.0,0.6,0.1,0.6,2.0,1999.0,6.0,2.0,0.42971485742871435
34.0,2.0,27.0,0.6,0.1,0.6,2.0,1959.0,7.0,3.0,0.43134252169474224
34.0,2.0,28.0,0.6,0.1,0.6,2.0,1895.0,7.0,2.0,0.43905013192612136
34.0,2.0,29.0,0.6,0.1,0.6,2.0,1860.0,6.0,4.0,0.4403225806451613
34.0,2.0,30.0,0.6,0.1,0.6,2.0,1820.0,7.0,3.0,0.44175824175824174
34.0,2.0,31.0,0.6,0.1,0.6,2.0,1776.0,9.0,4.0,0.44538288288288286
34.0,2.0,32.0,0.6,0.1,0.6,2.0,1764.0,10.0,4.0,0.44614512471655327
34.0,2.0,33.0,0.6,0.1,0.6,2.0,1727.0,12.0,5.0,0.44470179502026635
34.0,2.0,34.0,0.6,0.1,0.6,2.0,1718.0,12.0,6.0,0.4458672875436554
34.0,2.0,35.0,0.6,0.1,0.6,2.0,1705.0,11.0,4.0,0.44516129032258067
34.0,2.0,36.0,0.6,0.1,0.6,2.0,1668.0,12.0,6.0,0.4520383693045564
34.0,2.0,37.0,0.6,0.1,0.6,2.0,1615.0,17.0,6.0,0.45263157894736844
34.0,2.0,38.0,0.6,0.1,0.6,2.0,1601.0,18.0,7.0,0.4547158026233604
34.0,2.0,39.0,0.6,0.1,0.6,2.0,1535.0,20.0,9.0,0.45732899022801304
34.0,2.0,40.0,0.6,0.1,0.6,2.0,1534.0,23.0,9.0,0.4589308996088657
34.0,2.0,41.0,0.6,0.1,0.6,2.0,1491.0,24.0,9.0,0.4574111334674715
34.0,2.0,42.0,0.6,0.1,0.6,2.0,1476.0,19.0,6.0,0.45867208672086723
34.0,2.0,43.0,0.6,0.1,0.6,2.0,1463.0,21.0,7.0,0.45522898154477104
34.0,2.0,44.0,0.6,0.1,0.6,2.0,1457.0,22.0,9.0,0.456417295813315
34.0,2.0,45.0,0.6,0.1,0.6,2.0,1413.0,22.0,10.0,0.6666666666666666
34.0,2.0,46.0,0.6,0.1,0.6,2.0,1395.0,24.0,12.0,0.6645161290322581
34.0,2.0,47.0,0.6,0.1,0.6,2.0,1350.0,23.0,15.0,0.6718518518518518
34.0,2.0,48.0,0.6,0.1,0.6,2.0,1338.0,19.0,12.0,0.6711509715994021
34.0,2.0,49.0,0.6,0.1,0.6,2.0,1303.0,15.0,12.0,0.6738296239447429
34.0,2.0,50.0,0.6,0.1,0.6,2.0,1292.0,9.0,6.0,0.6710526315789473
34.0,2.0,51.0,0.6,0.1,0.6,2.0,1276.0,8.0,6.0,0.6724137931034483
34.0,2.0,52.0,0.6,0.1,0.6,2.0,1273.0,4.0,3.0,0.6716417910447762
34.0,3.0,1.0,0.6,0.1,0.6,2.0,1251.0,3.0,3.0,0.6746602717825739
34.0,3.0,2.0,0.6,0.1,0.6,2.0,1253.0,2.0,2.0,0.6735833998403831
34.0,3.0,3.0,0.6,0.1,0.6,2.0,1239.0,1.0,1.0,0.6739305891848265
34.0,3.0,4.0,0.6,0.1,0.6,2.0,1229.0,0.0,0.0,0.6745321399511798
34.0,3.0,5.0,0.6,0.1,0.6,2.0,1193.0,0.0,0.0,0.6714165968147527
34.0,3.0,6.0,0.6,0.1,0.6,2.0,1192.0,0.0,0.0,0.6703020134228188
34.0,3.0,7.0,0.6,0.1,0.6,2.0,1159.0,0.0,0.0,0.6678170836928387
34.0,3.0,8.0,0.6,0.1,0.6,2.0,1162.0,0.0,0.0,0.6712564543889845
34.0,3.0,9.0,0.6,0.1,0.6,2.0,1128.0,0.0,0.0,0.6684397163120568
34.0,3.0,10.0,0.6,0.1,0.6,2.0,1133.0,0.0,0.0,0.6716681376875552
34.0,3.0,11.0,0.6,0.1,0.6,2.0,1113.0,0.0,0.0,0.6729559748427673
34.0,3.0,12.0,0.6,0.1,0.6,2.0,1103.0,0.0,0.0,0.6745240253853128
34.0,3.0,13.0,0.6,0.1,0.6,2.0,1099.0,0.0,0.0,0.6742493175614195
34.0,3.0,14.0,0.6,0.1,0.6,2.0,1095.0,0.0,0.0,0.6767123287671233
34.0,3.0,15.0,0.6,0.1,0.6,2.0,1086.0,0.0,0.0,0.6767955801104972
34.0,3.0,16.0,0.6,0.1,0.6,2.0,1073.0,0.0,0.0,0.6756756756756757
34.0,3.0,17.0,0.6,0.1,0.6,2.0,1048.0,0.0,0.0,0.6755725190839694
34.0,3.0,18.0,0.6,0.1,0.6,2.0,1040.0,0.0,0.0,0.6730769230769231
34.0,3.0,19.0,0.6,0.1,0.6,2.0,1025.0,0.0,0.0,0.6702439024390244
34.0,3.0,20.0,0.6,0.1,0.6,2.0,1923.0,0.0,0.0,0.35569422776911075
34.0,3.0,21.0,0.6,0.1,0.6,2.0,1876.0,0.0,0.0,0.35501066098081024
34.0,3.0,22.0,0.6,0.1,0.6,2.0,1815.0,0.0,0.0,0.3597796143250689
34.0,3.0,23.0,0.6,0.1,0.6,2.0,1769.0,0.0,0.0,0.36235161107970604
34.0,3.0,24.0,0.6,0.1,0.6,2.0,1706.0,0.0,0.0,0.36635404454865184
34.0,3.0,25.0,0.6,0.1,0.6,2.0,1676.0,0.0,0.0,0.3639618138424821
34.0,3.0,26.0,0.6,0.1,0.6,2.0,1610.0,0.0,0.0,0.3658385093167702
34.0,3.0,27.0,0.6,0.1,0.6,2.0,1553.0,0.0,0.0,0.3702511268512556
34.0,3.0,28.0,0.6,0.1,0.6,2.0,1501.0,0.0,0.0,0.37241838774150565
34.0,3.0,29.0,0.6,0.1,0.6,2.0,1504.0,0.0,0.0,0.3670212765957447
34.0,3.0,30.0,0.6,0.1,0.6,2.0,1453.0,0.0,0.0,0.370956641431521
34.0,3.0,31.0,0.6,0.1,0.6,2.0,1447.0,0.0,0.0,0.3697304768486524
34.0,3.0,32.0,0.6,0.1,0.6,2.0,1371.0,0.0,0.0,0.37636761487964987
34.0,3.0,33.0,0.6,0.1,0.6,2.0,1319.0,0.0,0.0,0.37907505686125853
34.0,3.0,34.0,0.6,0.1,0.6,2.0,1274.0,0.0,0.0,0.37990580847723704
34.0,3.0,35.0,0.6,0.1,0.6,2.0,1252.0,0.0,0.0,0.38099041533546324
34.0,3.0,36.0,0.6,0.1,0.6,2.0,1209.0,0.0,0.0,0.3771712158808933
34.0,3.0,37.0,0.6,0.1,0.6,2.0,1194.0,0.0,0.0,0.38107202680067004
34.0,3.0,38.0,0.6,0.1,0.6,2.0,1191.0,0.0,0.0,0.37699412258606213
34.0,3.0,39.0,0.6,0.1,0.6,2.0,1132.0,0.0,0.0,0.38162544169611307
34.0,3.0,40.0,0.6,0.1,0.6,2.0,1136.0,0.0,0.0,0.37764084507042256
34.0,3.0,41.0,0.6,0.1,0.6,2.0,1093.0,0.0,0.0,0.38517840805123515
34.0,3.0,42.0,0.6,0.1,0.6,2.0,1087.0,0.0,0.0,0.37902483900643974
34.0,3.0,43.0,0.6,0.1,0.6,2.0,1076.0,0.0,0.0,0.3856877323420074
34.0,3.0,44.0,0.6,0.1,0.6,2.0,1078.0,0.0,0.0,0.3812615955473098
34.0,3.0,45.0,0.6,0.1,0.6,2.0,1054.0,0.0,0.0,0.642314990512334
34.0,3.0,46.0,0.6,0.1,0.6,2.0,1055.0,0.0,0.0,0.6388625592417062
34.0,3.0,47.0,0.6,0.1,0.6,2.0,1046.0,0.0,0.0,0.6424474187380497
34.0,3.0,48.0,0.6,0.1,0.6,2.0,1041.0,0.0,0.0,0.6368876080691642
34.0,3.0,49.0,0.6,0.1,0.6,2.0,1032.0,0.0,0.0,0.6395348837209303
34.0,3.0,50.0,0.6,0.1,0.6,2.0,1018.0,0.0,0.0,0.6365422396856582
34.0,3.0,51.0,0.6,0.1,0.6,2.0,1018.0,0.0,0.0,0.6355599214145383
34.0,3.0,52.0,0.6,0.1,0.6,2.0,990.0,0.0,0.0,0.6363636363636364
34.0,4.0,1.0,0.6,0.1,0.6,2.0,975.0,0.0,0.0,0.637948717948718
34.0,4.0,2.0,0.6,0.1,0.6,2.0,943.0,0.0,0.0,0.6362672322375398
34.0,4.0,3.0,0.6,0.1,0.6,2.0,944.0,0.0,0.0,0.6377118644067796
34.0,4.0,4.0,0.6,0.1,0.6,2.0,937.0,0.0,0.0,0.6360725720384205
34.0,4.0,5.0,0.6,0.1,0.6,2.0,932.0,0.0,0.0,0.6394849785407726
34.0,4.0,6.0,0.6,0.1,0.6,2.0,918.0,0.0,0.0,0.6383442265795207
34.0,4.0,7.0,0.6,0.1,0.6,2.0,903.0,0.0,0.0,0.6434108527131783
34.0,4.0,8.0,0.6,0.1,0.6,2.0,885.0,0.0,0.0,0.6451977401129944
34.0,4.0,9.0,0.6,0.1,0.6,2.0,890.0,0.0,0.0,0.6449438202247191
34.0,4.0,10.0,0.6,0.1,0.6,2.0,880.0,0.0,0.0,0.6454545454545455
34.0,4.0,11.0,0.6,0.1,0.6,2.0,879.0,0.0,0.0,0.646188850967008
34.0,4.0,12.0,0.6,0.1,0.6,2.0,866.0,0.0,0.0,0.6478060046189377
34.0,4.0,13.0,0.6,0.1,0.6,2.0,867.0,0.0,0.0,0.6482122260668973
34.0,4.0,14.0,0.6,0.1,0.6,2.0,858.0,0.0,0.0,0.6491841491841492
34.0,4.0,15.0,0.6,0.1,0.6,2.0,861.0,0.0,0.0,0.6492450638792102
34.0,4.0,16.0,0.6,0.1,0.6,2.0,855.0,0.0,0.0,0.6479532163742691
34.0,4.0,17.0,0.6,0.1,0.6,2.0,856.0,0.0,0.0,0.647196261682243
34.0,4.0,18.0,0.6,0.1,0.6,2.0,852.0,0.0,0.0,0.6455399061032864
34.0,4.0,19.0,0.6,0.1,0.6,2.0,853.0,0.0,0.0,0.6483001172332943
34.0,4.0,20.0,0.6,0.1,0.6,2.0,1530.0,0.0,0.0,0.35555555555555557
34.0,4.0,21.0,0.6,0.1,0.6,2.0,1483.0,0.0,0.0,0.36277815239379635
34.0,4.0,22.0,0.6,0.1,0.6,2.0,1436.0,0.0,0.0,0.3607242339832869
34.0,4.0,23.0,0.6,0.1,0.6,2.0,1424.0,0.0,0.0,0.36235955056179775
34.0,4.0,24.0,0.6,0.1,0.6,2.0,1379.0,0.0,0.0,0.36113125453226974
34.0,4.0,25.0,0.6,0.1,0.6,2.0,1363.0,0.0,0.0,0.36243580337490827
34.0,4.0,26.0,0.6,0.1,0.6,2.0,1293.0,0.0,0.0,0.36349574632637277
34.0,4.0,27.0,0.6,0.1,0.6,2.0,1258.0,0.0,0.0,0.3672496025437202
34.0,4.0,28.0,0.6,0.1,0.6,2.0,1256.0,0.0,0.0,0.3662420382165605
34.0,4.0,29.0,0.6,0.1,0.6,2.0,1224.0,0.0,0.0,0.36764705882352944
34.0,4.0,30.0,0.6,0.1,0.6,2.0,1205.0,0.0,0.0,0.3651452282157676
34.0,4.0,31.0,0.6,0.1,0.6,2.0,1147.0,0.0,0.0,0.3757628596338274
34.0,4.0,32.0,0.6,0.1,0.6,2.0,1135.0,0.0,0.0,0.37092511013215856
34.0,4.0,33.0,0.6,0.1,0.6,2.0,1119.0,0.0,0.0,0.3744414655942806
34.0,4.0,34.0,0.6,0.1,0.6,2.0,1080.0,0.0,0.0,0.3787037037037037
34.0,4.0,35.0,0.6,0.1,0.6,2.0,1053.0,0.0,0.0,0.3808167141500475
34.0,4.0,36.0,0.6,0.1,0.6,2.0,1039.0,0.0,0.0,0.3763233878729548
34.0,4.0,37.0,0.6,0.1,0.6,2.0,999.0,0.0,0.0,0.3863863863863864
34.0,4.0,38.0,0.6,0.1,0.6,2.0,984.0,0.0,0.0,0.3821138211382114
34.0,4.0,39.0,0.6,0.1,0.6,2.0,952.0,0.0,0.0,0.3897058823529412
34.0,4.0,40.0,0.6,0.1,0.6,2.0,947.0,0.0,0.0,0.38542766631467795
34.0,4.0,41.0,0.6,0.1,0.6,2.0,931.0,0.0,0.0,0.3866809881847476
34.0,4.0,42.0,0.6,0.1,0.6,2.0,925.0,0.0,0.0,0.3848648648648649
34.0,4.0,43.0,0.6,0.1,0.6,2.0,917.0,0.0,0.0,0.38495092693565974
34.0,4.0,44.0,0.6,0.1,0.6,2.0,889.0,0.0,0.0,0.38695163104611924
34.0,4.0,45.0,0.6,0.1,0.6,2.0,871.0,0.0,0.0,0.6280137772675086
34.0,4.0,46.0,0.6,0.1,0.6,2.0,819.0,0.0,0.0,0.6312576312576312
34.0,4.0,47.0,0.6,0.1,0.6,2.0,808.0,0.0,0.0,0.6311881188118812
34.0,4.0,48.0,0.6,0.1,0.6,2.0,792.0,0.0,0.0,0.6313131313131313
34.0,4.0,49.0,0.6,0.1,0.6,2.0,803.0,0.0,0.0,0.6326276463262764
34.0,4.0,50.0,0.6,0.1,0.6,2.0,778.0,0.0,0.0,0.6311053984575835
34.0,4.0,51.0,0.6,0.1,0.6,2.0,786.0,0.0,0.0,0.6297709923664122
34.0,4.0,52.0,0.6,0.1,0.6,2.0,769.0,0.0,0.0,0.6319895968790638
34.0,5.0,1.0,0.6,0.1,0.6,2.0,769.0,0.0,0.0,0.6306892067620286
34.0,5.0,2.0,0.6,0.1,0.6,2.0,761.0,0.0,0.0,0.6320630749014454
34.0,5.0,3.0,0.6,0.1,0.6,2.0,760.0,0.0,0.0,0.6302631578947369
34.0,5.0,4.0,0.6,0.1,0.6,2.0,748.0,0.0,0.0,0.6336898395721925
34.0,5.0,5.0,0.6,0.1,0.6,2.0,750.0,0.0,0.0,0.632
34.0,5.0,6.0,0.6,0.1,0.6,2.0,739.0,0.0,0.0,0.6359945872801083
34.0,5.0,7.0,0.6,0.1,0.6,2.0,744.0,0.0,0.0,0.6317204301075269
34.0,5.0,8.0,0.6,0.1,0.6,2.0,731.0,0.0,0.0,0.6347469220246238
34.0,5.0,9.0,0.6,0.1,0.6,2.0,743.0,0.0,0.0,0.629878869448183
34.0,5.0,10.0,0.6,0.1,0.6,2.0,735.0,0.0,0.0,0.6353741496598639
34.0,5.0,11.0,0.6,0.1,0.6,2.0,719.0,0.0,0.0,0.6369958275382476
34.0,5.0,12.0,0.6,0.1,0.6,2.0,719.0,0.0,0.0,0.6383866481223922
34.0,5.0,13.0,0.6,0.1,0.6,2.0,709.0,0.0,0.0,0.6417489421720733
34.0,5.0,14.0,0.6,0.1,0.6,2.0,712.0,0.0,0.0,0.6446629213483146
34.0,5.0,15.0,0.6,0.1,0.6,2.0,700.0,0.0,0.0,0.6414285714285715
34.0,5.0,16.0,0.6,0.1,0.6,2.0,710.0,0.0,0.0,0.6450704225352113
34.0,5.0,17.0,0.6,0.1,0.6,2.0,697.0,0.0,0.0,0.642754662840746
34.0,5.0,18.0,0.6,0.1,0.6,2.0,700.0,0.0,0.0,0.64
34.0,5.0,19.0,0.6,0.1,0.6,2.0,691.0,0.0,0.0,0.638205499276411
34.0,5.0,20.0,0.6,0.1,0.6,2.0,1259.0,0.0,0.0,0.3526608419380461
34.0,5.0,21.0,0.6,0.1,0.6,2.0,1199.0,0.0,0.0,0.3519599666388657
34.0,5.0,22.0,0.6,0.1,0.6,2.0,1199.0,0.0,0.0,0.353628023352794
34.0,5.0,23.0,0.6,0.1,0.6,2.0,1158.0,0.0,0.0,0.3549222797927461
34.0,5.0,24.0,0.6,0.1,0.6,2.0,1131.0,0.0,0.0,0.36074270557029176
34.0,5.0,25.0,0.6,0.1,0.6,2.0,1100.0,0.0,0.0,0.36
34.0,5.0,26.0,0.6,0.1,0.6,2.0,1108.0,0.0,0.0,0.3637184115523466
34.0,5.0,27.0,0.6,0.1,0.6,2.0,1108.0,0.0,0.0,0.3592057761732852
34.0,5.0,28.0,0.6,0.1,0.6,2.0,1094.0,0.0,0.0,0.36288848263254114
34.0,5.0,29.0,0.6,0.1,0.6,2.0,1088.0,0.0,0.0,0.359375
34.0,5.0,30.0,0.6,0.1,0.6,2.0,1072.0,0.0,0.0,0.3628731343283582
34.0,5.0,31.0,0.6,0.1,0.6,2.0,1065.0,0.0,0.0,0.36056338028169016
34.0,5.0,32.0,0.6,0.1,0.6,2.0,1034.0,0.0,0.0,0.36750483558994196
34.0,5.0,33.0,0.6,0.1,0.6,2.0,1045.0,0.0,0.0,0.3617224880382775
34.0,5.0,34.0,0.6,0.1,0.6,2.0,1024.0,0.0,0.0,0.365234375
34.0,5.0,35.0,0.6,0.1,0.6,2.0,1017.0,0.0,0.0,0.35889872173058013
34.0,5.0,36.0,0.6,0.1,0.6,2.0,1000.0,0.0,0.0,0.363
34.0,5.0,37.0,0.6,0.1,0.6,2.0,983.0,0.0,0.0,0.3631739572736521
34.0,5.0,38.0,0.6,0.1,0.6,2.0,971.0,0.0,0.0,0.36766220391349125
34.0,5.0,39.0,0.6,0.1,0.6,2.0,929.0,0.0,0.0,0.36706135629709363
34.0,5.0,40.0,0.6,0.1,0.6,2.0,898.0,0.0,0.0,0.37082405345211583
34.0,5.0,41.0,0.6,0.1,0.6,2.0,916.0,0.0,0.0,0.36681222707423583
34.0,5.0,42.0,0.6,0.1,0.6,2.0,893.0,0.0,0.0,0.3684210526315789
34.0,5.0,43.0,0.6,0.1,0.6,2.0,889.0,0.0,0.0,0.3689538807649044
34.0,5.0,44.0,0.6,0.1,0.6,2.0,871.0,0.0,0.0,0.3719862227324914
34.0,5.0,45.0,0.6,0.1,0.6,2.0,876.0,0.0,0.0,0.6267123287671232
34.0,5.0,46.0,0.6,0.1,0.6,2.0,856.0,0.0,0.0,0.6308411214953271
34.0,5.0,47.0,0.6,0.1,0.6,2.0,852.0,0.0,0.0,0.6291079812206573
34.0,5.0,48.0,0.6,0.1,0.6,2.0,847.0,0.0,0.0,0.6328217237308147
34.0,5.0,49.0,0.6,0.1,0.6,2.0,822.0,0.0,0.0,0.6289537712895377
34.0,5.0,50.0,0.6,0.1,0.6,2.0,810.0,0.0,0.0,0.6320987654320988
34.0,5.0,51.0,0.6,0.1,0.6,2.0,808.0,0.0,0.0,0.6311881188118812
34.0,5.0,52.0,0.6,0.1,0.6,2.0,797.0,0.0,0.0,0.6348808030112923
34.0,6.0,1.0,0.6,0.1,0.6,2.0,793.0,0.0,0.0,0.6355611601513241
34.0,6.0,2.0,0.6,0.1,0.6,2.0,792.0,0.0,0.0,0.63510101010101
34.0,6.0,3.0,0.6,0.1,0.6,2.0,794.0,0.0,0.0,0.6372795969773299
34.0,6.0,4.0,0.6,0.1,0.6,2.0,773.0,0.0,0.0,0.6364812419146184
34.0,6.0,5.0,0.6,0.1,0.6,2.0,773.0,0.0,0.0,0.6377749029754204
34.0,6.0,6.0,0.6,0.1,0.6,2.0,769.0,0.0,0.0,0.6371911573472041
34.0,6.0,7.0,0.6,0.1,0.6,2.0,759.0,0.0,0.0,0.6376811594202898
34.0,6.0,8.0,0.6,0.1,0.6,2.0,748.0,0.0,0.0,0.6390374331550802
34.0,6.0,9.0,0.6,0.1,0.6,2.0,747.0,0.0,0.0,0.6412315930388219
34.0,6.0,10.0,0.6,0.1,0.6,2.0,746.0,0.0,0.0,0.6380697050938338
34.0,6.0,11.0,0.6,0.1,0.6,2.0,727.0,0.0,0.0,0.6437414030261348
34.0,6.0,12.0,0.6,0.1,0.6,2.0,722.0,0.0,0.0,0.6412742382271468
34.0,6.0,13.0,0.6,0.1,0.6,2.0,722.0,0.0,0.0,0.6426592797783933
34.0,6.0,14.0,0.6,0.1,0.6,2.0,717.0,0.0,0.0,0.6415620641562064
34.0,6.0,15.0,0.6,0.1,0.6,2.0,717.0,0.0,0.0,0.6415620641562064
34.0,6.0,16.0,0.6,0.1,0.6,2.0,710.0,0.0,0.0,0.6422535211267606
34.0,6.0,17.0,0.6,0.1,0.6,2.0,713.0,0.0,0.0,0.6409537166900421
34.0,6.0,18.0,0.6,0.1,0.6,2.0,710.0,0.0,0.0,0.643661971830986
34.0,6.0,19.0,0.6,0.1,0.6,2.0,711.0,0.0,0.0,0.6413502109704642
34.0,6.0,20.0,0.6,0.1,0.6,2.0,1329.0,0.0,0.0,0.34236267870579384
34.0,6.0,21.0,0.6,0.1,0.6,2.0,1308.0,0.0,0.0,0.34327217125382264
34.0,6.0,22.0,0.6,0.1,0.6,2.0,1290.0,0.0,0.0,0.3488372093023256
34.0,6.0,23.0,0.6,0.1,0.6,2.0,1291.0,0.0,0.0,0.34546862896979086
34.0,6.0,24.0,0.6,0.1,0.6,2.0,1268.0,0.0,0.0,0.3509463722397476
34.0,6.0,25.0,0.6,0.1,0.6,2.0,1252.0,0.0,0.0,0.3490415335463259
34.0,6.0,26.0,0.6,0.1,0.6,2.0,1247.0,0.0,0.0,0.3496391339214114
34.0,6.0,27.0,0.6,0.1,0.6,2.0,1229.0,0.0,0.0,0.3482506102522376
34.0,6.0,28.0,0.6,0.1,0.6,2.0,1201.0,0.0,0.0,0.3522064945878435
34.0,6.0,29.0,0.6,0.1,0.6,2.0,1176.0,0.0,0.0,0.3554421768707483
34.0,6.0,30.0,0.6,0.1,0.6,2.0,1135.0,0.0,0.0,0.3568281938325991
34.0,6.0,31.0,0.6,0.1,0.6,2.0,1124.0,0.0,0.0,0.3567615658362989
34.0,6.0,32.0,0.6,0.1,0.6,2.0,1110.0,0.0,0.0,0.3567567567567568
34.0,6.0,33.0,0.6,0.1,0.6,2.0,1097.0,0.0,0.0,0.35733819507748404
34.0,6.0,34.0,0.6,0.1,0.6,2.0,1064.0,0.0,0.0,0.36466165413533835
34.0,6.0,35.0,0.6,0.1,0.6,2.0,1057.0,0.0,0.0,0.36423841059602646
34.0,6.0,36.0,0.6,0.1,0.6,2.0,1040.0,0.0,0.0,0.3663461538461538
34.0,6.0,37.0,0.6,0.1,0.6,2.0,1035.0,0.0,0.0,0.3652173913043478
34.0,6.0,38.0,0.6,0.1,0.6,2.0,1036.0,0.0,0.0,0.3658301158301158
34.0,6.0,39.0,0.6,0.1,0.6,2.0,1007.0,0.0,0.0,0.365441906653426
34.0,6.0,40.0,0.6,0.1,0.6,2.0,990.0,0.0,0.0,0.36666666666666664
34.0,6.0,41.0,0.6,0.1,0.6,2.0,932.0,0.0,0.0,0.36587982832618027
34.0,6.0,42.0,0.6,0.1,0.6,2.0,943.0,0.0,0.0,0.36903499469777307
34.0,6.0,43.0,0.6,0.1,0.6,2.0,928.0,0.0,0.0,0.3620689655172414
34.0,6.0,44.0,0.6,0.1,0.6,2.0,919.0,0.0,0.0,0.36887921653971706
34.0,6.0,45.0,0.6,0.1,0.6,2.0,891.0,0.0,0.0,0.6341189674523008
34.0,6.0,46.0,0.6,0.1,0.6,2.0,892.0,0.0,0.0,0.6334080717488789
34.0,6.0,47.0,0.6,0.1,0.6,2.0,865.0,0.0,0.0,0.6369942196531792
34.0,6.0,48.0,0.6,0.1,0.6,2.0,870.0,0.0,0.0,0.6333333333333333
34.0,6.0,49.0,0.6,0.1,0.6,2.0,863.0,0.0,0.0,0.6373117033603708
34.0,6.0,50.0,0.6,0.1,0.6,2.0,838.0,0.0,0.0,0.636038186157518
34.0,6.0,51.0,0.6,0.1,0.6,2.0,818.0,0.0,0.0,0.6442542787286064
34.0,6.0,52.0,0.6,0.1,0.6,2.0,815.0,0.0,0.0,0.6441717791411042
34.0,7.0,1.0,0.6,0.1,0.6,2.0,808.0,0.0,0.0,0.6460396039603961
34.0,7.0,2.0,0.6,0.1,0.6,2.0,788.0,0.0,0.0,0.649746192893401
34.0,7.0,3.0,0.6,0.1,0.6,2.0,768.0,0.0,0.0,0.6497395833333334
34.0,7.0,4.0,0.6,0.1,0.6,2.0,770.0,0.0,0.0,0.6480519480519481
34.0,7.0,5.0,0.6,0.1,0.6,2.0,759.0,0.0,0.0,0.6548089591567853
34.0,7.0,6.0,0.6,0.1,0.6,2.0,763.0,0.0,0.0,0.6500655307994757
34.0,7.0,7.0,0.6,0.1,0.6,2.0,745.0,0.0,0.0,0.6550335570469799
34.0,7.0,8.0,0.6,0.1,0.6,2.0,754.0,0.0,0.0,0.6538461538461539
34.0,7.0,9.0,0.6,0.1,0.6,2.0,737.0,0.0,0.0,0.655359565807327
34.0,7.0,10.0,0.6,0.1,0.6,2.0,748.0,0.0,0.0,0.6537433155080213
34.0,7.0,11.0,0.6,0.1,0.6,2.0,735.0,0.0,0.0,0.654421768707483
34.0,7.0,12.0,0.6,0.1,0.6,2.0,740.0,0.0,0.0,0.654054054054054
34.0,7.0,13.0,0.6,0.1,0.6,2.0,729.0,0.0,0.0,0.6556927297668038
34.0,7.0,14.0,0.6,0.1,0.6,2.0,733.0,0.0,0.0,0.6562073669849932
34.0,7.0,15.0,0.6,0.1,0.6,2.0,718.0,0.0,0.0,0.658774373259053
34.0,7.0,16.0,0.6,0.1,0.6,2.0,726.0,0.0,0.0,0.6597796143250688
34.0,7.0,17.0,0.6,0.1,0.6,2.0,717.0,0.0,0.0,0.6596931659693166
34.0,7.0,18.0,0.6,0.1,0.6,2.0,722.0,0.0,0.0,0.6578947368421053
34.0,7.0,19.0,0.6,0.1,0.6,2.0,709.0,0.0,0.0,0.6600846262341326
34.0,7.0,20.0,0.6,0.1,0.6,2.0,1293.0,0.0,0.0,0.3681361175560712
34.0,7.0,21.0,0.6,0.1,0.6,2.0,1215.0,0.0,0.0,0.3720164609053498
34.0,7.0,22.0,0.6,0.1,0.6,2.0,1183.0,0.0,0.0,0.3727810650887574
34.0,7.0,23.0,0.6,0.1,0.6,2.0,1185.0,0.0,0.0,0.37130801687763715
34.0,7.0,24.0,0.6,0.1,0.6,2.0,1183.0,0.0,0.0,0.3702451394759087
34.0,7.0,25.0,0.6,0.1,0.6,2.0,1167.0,0.0,0.0,0.3693230505569837
34.0,7.0,26.0,0.6,0.1,0.6,2.0,1161.0,0.0,0.0,0.37209302325581395
34.0,7.0,27.0,0.6,0.1,0.6,2.0,1105.0,0.0,0.0,0.37104072398190047
34.0,7.0,28.0,0.6,0.1,0.6,2.0,1063.0,0.0,0.0,0.37629350893697083
34.0,7.0,29.0,0.6,0.1,0.6,2.0,1054.0,0.0,0.0,0.372865275142315
34.0,7.0,30.0,0.6,0.1,0.6,2.0,1030.0,0.0,0.0,0.3757281553398058
34.0,7.0,31.0,0.6,0.1,0.6,2.0,1013.0,0.0,0.0,0.37018756169792694
34.0,7.0,32.0,0.6,0.1,0.6,2.0,969.0,0.0,0.0,0.3746130030959752
34.0,7.0,33.0,0.6,0.1,0.6,2.0,952.0,0.0,0.0,0.3760504201680672
34.0,7.0,34.0,0.6,0.1,0.6,2.0,925.0,0.0,0.0,0.3816216216216216
34.0,7.0,35.0,0.6,0.1,0.6,2.0,904.0,0.0,0.0,0.3805309734513274
34.0,7.0,36.0,0.6,0.1,0.6,2.0,870.0,0.0,0.0,0.38275862068965516
34.0,7.0,37.0,0.6,0.1,0.6,2.0,850.0,0.0,0.0,0.3847058823529412
34.0,7.0,38.0,0.6,0.1,0.6,2.0,841.0,0.0,0.0,0.38525564803804996
34.0,7.0,39.0,0.6,0.1,0.6,2.0,798.0,0.0,0.0,0.39473684210526316
34.0,7.0,40.0,0.6,0.1,0.6,2.0,765.0,0.0,0.0,0.396078431372549
34.0,7.0,41.0,0.6,0.1,0.6,2.0,752.0,0.0,0.0,0.3949468085106383
34.0,7.0,42.0,0.6,0.1,0.6,2.0,723.0,0.0,0.0,0.40525587828492393
34.0,7.0,43.0,0.6,0.1,0.6,2.0,730.0,0.0,0.0,0.40136986301369865
34.0,7.0,44.0,0.6,0.1,0.6,2.0,718.0,0.0,0.0,0.4052924791086351
34.0,7.0,45.0,0.6,0.1,0.6,2.0,713.0,0.0,0.0,0.6690042075736325
34.0,7.0,46.0,0.6,0.1,0.6,2.0,698.0,0.0,0.0,0.669054441260745
34.0,7.0,47.0,0.6,0.1,0.6,2.0,671.0,0.0,0.0,0.6751117734724292
34.0,7.0,48.0,0.6,0.1,0.6,2.0,634.0,0.0,0.0,0.6798107255520505
34.0,7.0,49.0,0.6,0.1,0.6,2.0,639.0,0.0,0.0,0.6823161189358372
34.0,7.0,50.0,0.6,0.1,0.6,2.0,626.0,0.0,0.0,0.6837060702875399
34.0,7.0,51.0,0.6,0.1,0.6,2.0,619.0,0.0,0.0,0.6865912762520194
34.0,7.0,52.0,0.6,0.1,0.6,2.0,599.0,0.0,0.0,0.6944908180300501
34.0,8.0,1.0,0.6,0.1,0.6,2.0,605.0,0.0,0.0,0.6942148760330579
34.0,8.0,2.0,0.6,0.1,0.6,2.0,567.0,0.0,0.0,0.6948853615520282
34.0,8.0,3.0,0.6,0.1,0.6,2.0,575.0,0.0,0.0,0.6939130434782609
34.0,8.0,4.0,0.6,0.1,0.6,2.0,551.0,0.0,0.0,0.6987295825771325
34.0,8.0,5.0,0.6,0.1,0.6,2.0,551.0,0.0,0.0,0.7005444646098004
34.0,8.0,6.0,0.6,0.1,0.6,2.0,548.0,0.0,0.0,0.6952554744525548
34.0,8.0,7.0,0.6,0.1,0.6,2.0,551.0,0.0,0.0,0.6987295825771325
34.0,8.0,8.0,0.6,0.1,0.6,2.0,540.0,0.0,0.0,0.6962962962962963
34.0,8.0,9.0,0.6,0.1,0.6,2.0,547.0,0.0,0.0,0.6983546617915904
34.0,8.0,10.0,0.6,0.1,0.6,2.0,540.0,0.0,0.0,0.7
34.0,8.0,11.0,0.6,0.1,0.6,2.0,540.0,0.0,0.0,0.7
34.0,8.0,12.0,0.6,0.1,0.6,2.0,534.0,0.0,0.0,0.702247191011236
34.0,8.0,13.0,0.6,0.1,0.6,2.0,538.0,0.0,0.0,0.7007434944237918
34.0,8.0,14.0,0.6,0.1,0.6,2.0,531.0,0.0,0.0,0.7024482109227872
34.0,8.0,15.0,0.6,0.1,0.6,2.0,532.0,0.0,0.0,0.7048872180451128
34.0,8.0,16.0,0.6,0.1,0.6,2.0,528.0,0.0,0.0,0.7026515151515151
34.0,8.0,17.0,0.6,0.1,0.6,2.0,534.0,0.0,0.0,0.704119850187266
34.0,8.0,18.0,0.6,0.1,0.6,2.0,529.0,0.0,0.0,0.7032136105860114
34.0,8.0,19.0,0.6,0.1,0.6,2.0,533.0,0.0,0.0,0.7035647279549718
34.0,8.0,20.0,0.6,0.1,0.6,2.0,960.0,0.0,0.0,0.3875
34.0,8.0,21.0,0.6,0.1,0.6,2.0,928.0,0.0,0.0,0.3933189655172414
34.0,8.0,22.0,0.6,0.1,0.6,2.0,904.0,0.0,0.0,0.3926991150442478
34.0,8.0,23.0,0.6,0.1,0.6,2.0,875.0,0.0,0.0,0.3965714285714286
34.0,8.0,24.0,0.6,0.1,0.6,2.0,846.0,0.0,0.0,0.40070921985815605
34.0,8.0,25.0,0.6,0.1,0.6,2.0,853.0,0.0,0.0,0.39976553341148885
34.0,8.0,26.0,0.6,0.1,0.6,2.0,847.0,0.0,0.0,0.4002361275088548
34.0,8.0,27.0,0.6,0.1,0.6,2.0,838.0,0.0,0.0,0.4033412887828162
34.0,8.0,28.0,0.6,0.1,0.6,2.0,834.0,0.0,0.0,0.4052757793764988
34.0,8.0,29.0,0.6,0.1,0.6,2.0,793.0,0.0,0.0,0.4047919293820933
34.0,8.0,30.0,0.6,0.1,0.6,2.0,789.0,0.0,0.0,0.4068441064638783
34.0,8.0,31.0,0.6,0.1,0.6,2.0,793.0,0.0,0.0,0.4047919293820933
34.0,8.0,32.0,0.6,0.1,0.6,2.0,789.0,0.0,0.0,0.4068441064638783
34.0,8.0,33.0,0.6,0.1,0.6,2.0,768.0,0.0,0.0,0.4088541666666667
34.0,8.0,34.0,0.6,0.1,0.6,2.0,766.0,0.0,0.0,0.4112271540469974
34.0,8.0,35.0,0.6,0.1,0.6,2.0,754.0,0.0,0.0,0.41379310344827586
34.0,8.0,36.0,0.6,0.1,0.6,2.0,709.0,0.0,0.0,0.4287729196050776
34.0,8.0,37.0,0.6,0.1,0.6,2.0,697.0,0.0,0.0,0.4332855093256815
34.0,8.0,38.0,0.6,0.1,0.6,2.0,697.0,0.0,0.0,0.43185078909612623
34.0,8.0,39.0,0.6,0.1,0.6,2.0,701.0,0.0,0.0,0.43081312410841655
34.0,8.0,40.0,0.6,0.1,0.6,2.0,696.0,0.0,0.0,0.43103448275862066
34.0,8.0,41.0,0.6,0.1,0.6,2.0,701.0,0.0,0.0,0.43081312410841655
34.0,8.0,42.0,0.6,0.1,0.6,2.0,679.0,0.0,0.0,0.4374079528718704
34.0,8.0,43.0,0.6,0.1,0.6,2.0,669.0,0.0,0.0,0.43647234678624813
34.0,8.0,44.0,0.6,0.1,0.6,2.0,653.0,0.0,0.0,0.43797856049004597
34.0,8.0,45.0,0.6,0.1,0.6,2.0,646.0,0.0,0.0,0.6578947368421053
34.0,8.0,46.0,0.6,0.1,0.6,2.0,642.0,0.0,0.0,0.6588785046728972
34.0,8.0,47.0,0.6,0.1,0.6,2.0,636.0,0.0,0.0,0.6588050314465409
34.0,8.0,48.0,0.6,0.1,0.6,2.0,618.0,0.0,0.0,0.6618122977346278
34.0,8.0,49.0,0.6,0.1,0.6,2.0,622.0,0.0,0.0,0.6607717041800643
34.0,8.0,50.0,0.6,0.1,0.6,2.0,618.0,0.0,0.0,0.6601941747572816
34.0,8.0,51.0,0.6,0.1,0.6,2.0,619.0,0.0,0.0,0.6607431340872375
34.0,8.0,52.0,0.6,0.1,0.6,2.0,616.0,0.0,0.0,0.6607142857142857
34.0,9.0,1.0,0.6,0.1,0.6,2.0,619.0,0.0,0.0,0.6607431340872375
34.0,9.0,2.0,0.6,0.1,0.6,2.0,615.0,0.0,0.0,0.6601626016260163
34.0,9.0,3.0,0.6,0.1,0.6,2.0,618.0,0.0,0.0,0.6634304207119741
34.0,9.0,4.0,0.6,0.1,0.6,2.0,603.0,0.0,0.0,0.6650082918739635
34.0,9.0,5.0,0.6,0.1,0.6,2.0,606.0,0.0,0.0,0.665016501650165
34.0,9.0,6.0,0.6,0.1,0.6,2.0,603.0,0.0,0.0,0.6650082918739635
34.0,9.0,7.0,0.6,0.1,0.6,2.0,604.0,0.0,0.0,0.6655629139072847
34.0,9.0,8.0,0.6,0.1,0.6,2.0,598.0,0.0,0.0,0.6688963210702341
34.0,9.0,9.0,0.6,0.1,0.6,2.0,601.0,0.0,0.0,0.6722129783693843
34.0,9.0,10.0,0.6,0.1,0.6,2.0,596.0,0.0,0.0,0.6694630872483222
34.0,9.0,11.0,0.6,0.1,0.6,2.0,598.0,0.0,0.0,0.6739130434782609
34.0,9.0,12.0,0.6,0.1,0.6,2.0,581.0,0.0,0.0,0.6746987951807228
34.0,9.0,13.0,0.6,0.1,0.6,2.0,585.0,0.0,0.0,0.676923076923077
34.0,9.0,14.0,0.6,0.1,0.6,2.0,579.0,0.0,0.0,0.6770293609671848
34.0,9.0,15.0,0.6,0.1,0.6,2.0,582.0,0.0,0.0,0.6804123711340206
34.0,9.0,16.0,0.6,0.1,0.6,2.0,572.0,0.0,0.0,0.6800699300699301
34.0,9.0,17.0,0.6,0.1,0.6,2.0,579.0,0.0,0.0,0.6822107081174439
34.0,9.0,18.0,0.6,0.1,0.6,2.0,570.0,0.0,0.0,0.6789473684210526
34.0,9.0,19.0,0.6,0.1,0.6,2.0,577.0,0.0,0.0,0.6811091854419411
34.0,9.0,20.0,0.6,0.1,0.6,2.0,954.0,0.0,0.0,0.39308176100628933
34.0,9.0,21.0,0.6,0.1,0.6,2.0,944.0,0.0,0.0,0.3983050847457627
34.0,9.0,22.0,0.6,0.1,0.6,2.0,930.0,0.0,0.0,0.3946236559139785
34.0,9.0,23.0,0.6,0.1,0.6,2.0,915.0,0.0,0.0,0.40327868852459015
34.0,9.0,24.0,0.6,0.1,0.6,2.0,887.0,0.0,0.0,0.40586245772266066
34.0,9.0,25.0,0.6,0.1,0.6,2.0,855.0,0.0,0.0,0.41169590643274856
34.0,9.0,26.0,0.6,0.1,0.6,2.0,831.0,0.0,0.0,0.4127557160048135
34.0,9.0,27.0,0.6,0.1,0.6,2.0,806.0,0.0,0.0,0.4218362282878412
34.0,9.0,28.0,0.6,0.1,0.6,2.0,797.0,0.0,0.0,0.4190715181932246
34.0,9.0,29.0,0.6,0.1,0.6,2.0,787.0,0.0,0.0,0.4218551461245235
34.0,9.0,30.0,0.6,0.1,0.6,2.0,756.0,0.0,0.0,0.4246031746031746
34.0,9.0,31.0,0.6,0.1,0.6,2.0,763.0,0.0,0.0,0.4272608125819135
34.0,9.0,32.0,0.6,0.1,0.6,2.0,733.0,0.0,0.0,0.4256480218281037
34.0,9.0,33.0,0.6,0.1,0.6,2.0,722.0,0.0,0.0,0.4307479224376731
34.0,9.0,34.0,0.6,0.1,0.6,2.0,720.0,0.0,0.0,0.425
34.0,9.0,35.0,0.6,0.1,0.6,2.0,717.0,0.0,0.0,0.43235704323570434
34.0,9.0,36.0,0.6,0.1,0.6,2.0,701.0,0.0,0.0,0.43081312410841655
34.0,9.0,37.0,0.6,0.1,0.6,2.0,715.0,0.0,0.0,0.4307692307692308
34.0,9.0,38.0,0.6,0.1,0.6,2.0,702.0,0.0,0.0,0.4301994301994302
34.0,9.0,39.0,0.6,0.1,0.6,2.0,704.0,0.0,0.0,0.4346590909090909
34.0,9.0,40.0,0.6,0.1,0.6,2.0,697.0,0.0,0.0,0.43185078909612623
34.0,9.0,41.0,0.6,0.1,0.6,2.0,693.0,0.0,0.0,0.4357864357864358
34.0,9.0,42.0,0.6,0.1,0.6,2.0,686.0,0.0,0.0,0.4329446064139942
34.0,9.0,43.0,0.6,0.1,0.6,2.0,687.0,0.0,0.0,0.438136826783115
34.0,9.0,44.0,0.6,0.1,0.6,2.0,685.0,0.0,0.0,0.4321167883211679
34.0,9.0,45.0,0.6,0.1,0.6,2.0,668.0,0.0,0.0,0.6781437125748503
34.0,9.0,46.0,0.6,0.1,0.6,2.0,659.0,0.0,0.0,0.6752655538694993
34.0,9.0,47.0,0.6,0.1,0.6,2.0,665.0,0.0,0.0,0.6796992481203008
34.0,9.0,48.0,0.6,0.1,0.6,2.0,645.0,0.0,0.0,0.6821705426356589
34.0,9.0,49.0,0.6,0.1,0.6,2.0,651.0,0.0,0.0,0.6866359447004609
34.0,9.0,50.0,0.6,0.1,0.6,2.0,646.0,0.0,0.0,0.6842105263157895
34.0,9.0,51.0,0.6,0.1,0.6,2.0,641.0,0.0,0.0,0.6879875195007801
34.0,9.0,52.0,0.6,0.1,0.6,2.0,634.0,0.0,0.0,0.6845425867507886
34.0,10.0,1.0,0.6,0.1,0.6,2.0,639.0,0.0,0.0,0.6885758998435054
34.0,10.0,2.0,0.6,0.1,0.6,2.0,634.0,0.0,0.0,0.6861198738170347
34.0,10.0,3.0,0.6,0.1,0.6,2.0,640.0,0.0,0.0,0.6875
34.0,10.0,4.0,0.6,0.1,0.6,2.0,633.0,0.0,0.0,0.6856240126382307
34.0,10.0,5.0,0.6,0.1,0.6,2.0,638.0,0.0,0.0,0.6865203761755486
34.0,10.0,6.0,0.6,0.1,0.6,2.0,632.0,0.0,0.0,0.685126582278481
34.0,10.0,7.0,0.6,0.1,0.6,2.0,635.0,0.0,0.0,0.6881889763779527
34.0,10.0,8.0,0.6,0.1,0.6,2.0,629.0,0.0,0.0,0.6883942766295708
34.0,10.0,9.0,0.6,0.1,0.6,2.0,635.0,0.0,0.0,0.6913385826771653
34.0,10.0,10.0,0.6,0.1,0.6,2.0,629.0,0.0,0.0,0.6899841017488076
34.0,10.0,11.0,0.6,0.1,0.6,2.0,633.0,0.0,0.0,0.6903633491311216
34.0,10.0,12.0,0.6,0.1,0.6,2.0,627.0,0.0,0.0,0.6889952153110048
34.0,10.0,13.0,0.6,0.1,0.6,2.0,628.0,0.0,0.0,0.695859872611465
34.0,10.0,14.0,0.6,0.1,0.6,2.0,625.0,0.0,0.0,0.6912
34.0,10.0,15.0,0.6,0.1,0.6,2.0,627.0,0.0,0.0,0.69377990430622
34.0,10.0,16.0,0.6,0.1,0.6,2.0,623.0,0.0,0.0,0.6934189406099518
34.0,10.0,17.0,0.6,0.1,0.6,2.0,616.0,0.0,0.0,0.698051948051948
34.0,10.0,18.0,0.6,0.1,0.6,2.0,610.0,0.0,0.0,0.6934426229508197
34.0,10.0,19.0,0.6,0.1,0.6,2.0,616.0,0.0,0.0,0.6996753246753247
34.0,10.0,20.0,0.6,0.1,0.6,2.0,1036.0,0.0,0.0,0.40057915057915056
34.0,10.0,21.0,0.6,0.1,0.6,2.0,993.0,0.0,0.0,0.40986908358509566
34.0,10.0,22.0,0.6,0.1,0.6,2.0,999.0,0.0,0.0,0.4064064064064064
34.0,10.0,23.0,0.6,0.1,0.6,2.0,969.0,0.0,0.0,0.41279669762641896
34.0,10.0,24.0,0.6,0.1,0.6,2.0,965.0,0.0,0.0,0.41139896373056994
34.0,10.0,25.0,0.6,0.1,0.6,2.0,945.0,0.0,0.0,0.41375661375661377
34.0,10.0,26.0,0.6,0.1,0.6,2.0,928.0,0.0,0.0,0.41487068965517243
34.0,10.0,27.0,0.6,0.1,0.6,2.0,928.0,0.0,0.0,0.4191810344827586
34.0,10.0,28.0,0.6,0.1,0.6,2.0,912.0,0.0,0.0,0.4133771929824561
34.0,10.0,29.0,0.6,0.1,0.6,2.0,880.0,0.0,0.0,0.4193181818181818
34.0,10.0,30.0,0.6,0.1,0.6,2.0,847.0,0.0,0.0,0.4179456906729634
34.0,10.0,31.0,0.6,0.1,0.6,2.0,826.0,0.0,0.0,0.423728813559322
34.0,10.0,32.0,0.6,0.1,0.6,2.0,814.0,0.0,0.0,0.4201474201474201
34.0,10.0,33.0,0.6,0.1,0.6,2.0,802.0,0.0,0.0,0.43017456359102246
34.0,10.0,34.0,0.6,0.1,0.6,2.0,786.0,0.0,0.0,0.4312977099236641
34.0,10.0,35.0,0.6,0.1,0.6,2.0,776.0,0.0,0.0,0.43556701030927836
34.0,10.0,36.0,0.6,0.1,0.6,2.0,782.0,0.0,0.0,0.4309462915601023
34.0,10.0,37.0,0.6,0.1,0.6,2.0,778.0,0.0,0.0,0.43573264781491
34.0,10.0,38.0,0.6,0.1,0.6,2.0,783.0,0.0,0.0,0.43039591315453385
34.0,10.0,39.0,0.6,0.1,0.6,2.0,782.0,0.0,0.0,0.43350383631713557
34.0,10.0,40.0,0.6,0.1,0.6,2.0,777.0,0.0,0.0,0.43243243243243246
34.0,10.0,41.0,0.6,0.1,0.6,2.0,784.0,0.0,0.0,0.43494897959183676
34.0,10.0,42.0,0.6,0.1,0.6,2.0,750.0,0.0,0.0,0.43733333333333335
34.0,10.0,43.0,0.6,0.1,0.6,2.0,755.0,0.0,0.0,0.43973509933774835
34.0,10.0,44.0,0.6,0.1,0.6,2.0,744.0,0.0,0.0,0.43951612903225806
34.0,10.0,45.0,0.6,0.1,0.6,2.0,742.0,0.0,0.0,0.6495956873315364
34.0,10.0,46.0,0.6,0.1,0.6,2.0,735.0,0.0,0.0,0.6476190476190476
34.0,10.0,47.0,0.6,0.1,0.6,2.0,729.0,0.0,0.0,0.6529492455418381
34.0,10.0,48.0,0.6,0.1,0.6,2.0,690.0,0.0,0.0,0.6652173913043479
34.0,10.0,49.0,0.6,0.1,0.6,2.0,707.0,0.0,0.0,0.6591230551626591
34.0,10.0,50.0,0.6,0.1,0.6,2.0,694.0,0.0,0.0,0.6613832853025937
34.0,10.0,51.0,0.6,0.1,0.6,2.0,708.0,0.0,0.0,0.6581920903954802
34.0,10.0,52.0,0.6,0.1,0.6,2.0,682.0,0.0,0.0,0.6642228739002932
35.0,1.0,1.0,0.6,0.1,0.6,2.0,5089.0,48.0,3.0,0.5973668697190018
35.0,1.0,2.0,0.6,0.1,0.6,2.0,5070.0,49.0,13.0,0.5994082840236686
35.0,1.0,3.0,0.6,0.1,0.6,2.0,5022.0,53.0,25.0,0.5961768219832736
35.0,1.0,4.0,0.6,0.1,0.6,2.0,5005.0,64.0,32.0,0.5972027972027972
35.0,1.0,5.0,0.6,0.1,0.6,2.0,4964.0,64.0,30.0,0.5985092667203867
35.0,1.0,6.0,0.6,0.1,0.6,2.0,4891.0,58.0,29.0,0.5982416683704764
35.0,1.0,7.0,0.6,0.1,0.6,2.0,4719.0,65.0,32.0,0.6003390548845094
35.0,1.0,8.0,0.6,0.1,0.6,2.0,4533.0,65.0,34.0,0.5980586807853518
35.0,1.0,9.0,0.6,0.1,0.6,2.0,4417.0,65.0,28.0,0.5983699343445777
35.0,1.0,10.0,0.6,0.1,0.6,2.0,4282.0,57.0,27.0,0.6006539000467072
35.0,1.0,11.0,0.6,0.1,0.6,2.0,4191.0,60.0,20.0,0.602481507993319
35.0,1.0,12.0,0.6,0.1,0.6,2.0,4104.0,65.0,27.0,0.6018518518518519
35.0,1.0,13.0,0.6,0.1,0.6,2.0,4023.0,67.0,27.0,0.6022868506089982
35.0,1.0,14.0,0.6,0.1,0.6,2.0,3953.0,71.0,32.0,0.6005565393372122
35.0,1.0,15.0,0.6,0.1,0.6,2.0,3889.0,63.0,30.0,0.6034970429416302
35.0,1.0,16.0,0.6,0.1,0.6,2.0,3798.0,59.0,31.0,0.6042654028436019
35.0,1.0,17.0,0.6,0.1,0.6,2.0,3645.0,50.0,28.0,0.6093278463648834
35.0,1.0,18.0,0.6,0.1,0.6,2.0,3607.0,46.0,26.0,0.6088161907402273
35.0,1.0,19.0,0.6,0.1,0.6,2.0,3489.0,40.0,22.0,0.6107767268558326
35.0,1.0,20.0,0.6,0.1,0.6,2.0,6423.0,42.0,19.0,0.33037521407442005
35.0,1.0,21.0,0.6,0.1,0.6,2.0,6023.0,57.0,18.0,0.330400132824174
35.0,1.0,22.0,0.6,0.1,0.6,2.0,5692.0,66.0,21.0,0.33292340126493325
35.0,1.0,23.0,0.6,0.1,0.6,2.0,5493.0,72.0,25.0,0.3362461314400146
35.0,1.0,24.0,0.6,0.1,0.6,2.0,5139.0,85.0,31.0,0.3387818641759097
35.0,1.0,25.0,0.6,0.1,0.6,2.0,4978.0,98.0,36.0,0.34130172760144634
35.0,1.0,26.0,0.6,0.1,0.6,2.0,4817.0,117.0,49.0,0.3439900352916753
35.0,1.0,27.0,0.6,0.1,0.6,2.0,4587.0,123.0,49.0,0.34772182254196643
35.0,1.0,28.0,0.6,0.1,0.6,2.0,4452.0,138.0,49.0,0.3490566037735849
35.0,1.0,29.0,0.6,0.1,0.6,2.0,4305.0,149.0,56.0,0.35145180023228806
35.0,1.0,30.0,0.6,0.1,0.6,2.0,4123.0,157.0,60.0,0.35556633519282077
35.0,1.0,31.0,0.6,0.1,0.6,2.0,4024.0,155.0,69.0,0.3585984095427435
35.0,1.0,32.0,0.6,0.1,0.6,2.0,3879.0,164.0,68.0,0.36272235112142304
35.0,1.0,33.0,0.6,0.1,0.6,2.0,3776.0,169.0,64.0,0.3675847457627119
35.0,1.0,34.0,0.6,0.1,0.6,2.0,3608.0,173.0,69.0,0.37028824833702884
35.0,1.0,35.0,0.6,0.1,0.6,2.0,3504.0,173.0,86.0,0.3752853881278539
35.0,1.0,36.0,0.6,0.1,0.6,2.0,3400.0,163.0,91.0,0.3776470588235294
35.0,1.0,37.0,0.6,0.1,0.6,2.0,3248.0,165.0,86.0,0.38454433497536944
35.0,1.0,38.0,0.6,0.1,0.6,2.0,3131.0,150.0,71.0,0.38837432130309807
35.0,1.0,39.0,0.6,0.1,0.6,2.0,2973.0,134.0,59.0,0.3962327615203498
35.0,1.0,40.0,0.6,0.1,0.6,2.0,2878.0,121.0,51.0,0.401320361362057
35.0,1.0,41.0,0.6,0.1,0.6,2.0,2765.0,111.0,53.0,0.4097649186256781
35.0,1.0,42.0,0.6,0.1,0.6,2.0,2728.0,120.0,63.0,0.4112903225806452
35.0,1.0,43.0,0.6,0.1,0.6,2.0,2649.0,134.0,66.0,0.41676104190260477
35.0,1.0,44.0,0.6,0.1,0.6,2.0,2539.0,130.0,62.0,0.4230011815675463
35.0,1.0,45.0,0.6,0.1,0.6,2.0,2462.0,133.0,59.0,0.6673436230706743
35.0,1.0,46.0,0.6,0.1,0.6,2.0,2367.0,106.0,55.0,0.6662441909590199
35.0,1.0,47.0,0.6,0.1,0.6,2.0,2268.0,88.0,50.0,0.6715167548500882
35.0,1.0,48.0,0.6,0.1,0.6,2.0,2241.0,76.0,52.0,0.6720214190093708
35.0,1.0,49.0,0.6,0.1,0.6,2.0,2155.0,52.0,35.0,0.6747099767981438
35.0,1.0,50.0,0.6,0.1,0.6,2.0,2108.0,48.0,31.0,0.676944971537002
35.0,1.0,51.0,0.6,0.1,0.6,2.0,2072.0,37.0,15.0,0.6771235521235521
35.0,1.0,52.0,0.6,0.1,0.6,2.0,2034.0,27.0,14.0,0.6819075712881023
35.0,2.0,1.0,0.6,0.1,0.6,2.0,2013.0,26.0,14.0,0.682066567312469
35.0,2.0,2.0,0.6,0.1,0.6,2.0,1988.0,27.0,16.0,0.6830985915492958
35.0,2.0,3.0,0.6,0.1,0.6,2.0,1966.0,23.0,11.0,0.6846388606307223
35.0,2.0,4.0,0.6,0.1,0.6,2.0,1952.0,21.0,12.0,0.6844262295081968
35.0,2.0,5.0,0.6,0.1,0.6,2.0,1926.0,21.0,12.0,0.6832814122533749
35.0,2.0,6.0,0.6,0.1,0.6,2.0,1881.0,20.0,10.0,0.6863370547581074
35.0,2.0,7.0,0.6,0.1,0.6,2.0,1867.0,19.0,6.0,0.6861274772362078
35.0,2.0,8.0,0.6,0.1,0.6,2.0,1826.0,16.0,10.0,0.6922234392113911
35.0,2.0,9.0,0.6,0.1,0.6,2.0,1811.0,15.0,10.0,0.6918829376035339
35.0,2.0,10.0,0.6,0.1,0.6,2.0,1779.0,18.0,11.0,0.6958965711073637
35.0,2.0,11.0,0.6,0.1,0.6,2.0,1756.0,12.0,5.0,0.69874715261959
35.0,2.0,12.0,0.6,0.1,0.6,2.0,1728.0,11.0,4.0,0.7019675925925926
35.0,2.0,13.0,0.6,0.1,0.6,2.0,1718.0,12.0,5.0,0.69965075669383
35.0,2.0,14.0,0.6,0.1,0.6,2.0,1688.0,12.0,6.0,0.7043838862559242
35.0,2.0,15.0,0.6,0.1,0.6,2.0,1688.0,11.0,6.0,0.70260663507109
35.0,2.0,16.0,0.6,0.1,0.6,2.0,1667.0,10.0,6.0,0.7054589082183563
35.0,2.0,17.0,0.6,0.1,0.6,2.0,1627.0,5.0,2.0,0.7043638598647818
35.0,2.0,18.0,0.6,0.1,0.6,2.0,1611.0,5.0,1.0,0.7070142768466791
35.0,2.0,19.0,0.6,0.1,0.6,2.0,1613.0,5.0,3.0,0.703657780533168
35.0,2.0,20.0,0.6,0.1,0.6,2.0,2818.0,7.0,4.0,0.39815471965933286
35.0,2.0,21.0,0.6,0.1,0.6,2.0,2721.0,11.0,5.0,0.4013230429988975
35.0,2.0,22.0,0.6,0.1,0.6,2.0,2632.0,8.0,4.0,0.40577507598784196
35.0,2.0,23.0,0.6,0.1,0.6,2.0,2600.0,9.0,4.0,0.405
35.0,2.0,24.0,0.6,0.1,0.6,2.0,2519.0,10.0,3.0,0.406907502977372
35.0,2.0,25.0,0.6,0.1,0.6,2.0,2507.0,17.0,4.0,0.40446749102512963
35.0,2.0,26.0,0.6,0.1,0.6,2.0,2403.0,24.0,7.0,0.40282979608822306
35.0,2.0,27.0,0.6,0.1,0.6,2.0,2368.0,29.0,6.0,0.4045608108108108
35.0,2.0,28.0,0.6,0.1,0.6,2.0,2316.0,31.0,13.0,0.4045768566493955
35.0,2.0,29.0,0.6,0.1,0.6,2.0,2280.0,40.0,16.0,0.4074561403508772
35.0,2.0,30.0,0.6,0.1,0.6,2.0,2229.0,51.0,21.0,0.4055630327501122
35.0,2.0,31.0,0.6,0.1,0.6,2.0,2170.0,50.0,25.0,0.40691244239631336
35.0,2.0,32.0,0.6,0.1,0.6,2.0,2095.0,41.0,19.0,0.4109785202863962
35.0,2.0,33.0,0.6,0.1,0.6,2.0,2069.0,39.0,22.0,0.41469308844852587
35.0,2.0,34.0,0.6,0.1,0.6,2.0,2027.0,46.0,17.0,0.41884558460779475
35.0,2.0,35.0,0.6,0.1,0.6,2.0,1994.0,48.0,21.0,0.4242728184553661
35.0,2.0,36.0,0.6,0.1,0.6,2.0,1927.0,44.0,19.0,0.42501297353399065
35.0,2.0,37.0,0.6,0.1,0.6,2.0,1824.0,39.0,17.0,0.43201754385964913
35.0,2.0,38.0,0.6,0.1,0.6,2.0,1764.0,34.0,19.0,0.43140589569161
35.0,2.0,39.0,0.6,0.1,0.6,2.0,1743.0,40.0,17.0,0.4394721744119334
35.0,2.0,40.0,0.6,0.1,0.6,2.0,1693.0,41.0,16.0,0.4388659184878913
35.0,2.0,41.0,0.6,0.1,0.6,2.0,1648.0,32.0,10.0,0.44599514563106796
35.0,2.0,42.0,0.6,0.1,0.6,2.0,1628.0,36.0,18.0,0.44103194103194104
35.0,2.0,43.0,0.6,0.1,0.6,2.0,1588.0,40.0,22.0,0.44584382871536526
35.0,2.0,44.0,0.6,0.1,0.6,2.0,1563.0,43.0,22.0,0.4491362763915547
35.0,2.0,45.0,0.6,0.1,0.6,2.0,1535.0,46.0,20.0,0.6736156351791531
35.0,2.0,46.0,0.6,0.1,0.6,2.0,1488.0,43.0,19.0,0.6673387096774194
35.0,2.0,47.0,0.6,0.1,0.6,2.0,1478.0,39.0,23.0,0.6684709066305818
35.0,2.0,48.0,0.6,0.1,0.6,2.0,1437.0,37.0,21.0,0.6715379262352122
35.0,2.0,49.0,0.6,0.1,0.6,2.0,1416.0,37.0,22.0,0.672316384180791
35.0,2.0,50.0,0.6,0.1,0.6,2.0,1402.0,27.0,16.0,0.6718972895863052
35.0,2.0,51.0,0.6,0.1,0.6,2.0,1348.0,27.0,13.0,0.68026706231454
35.0,2.0,52.0,0.6,0.1,0.6,2.0,1351.0,23.0,14.0,0.6794966691339749
35.0,3.0,1.0,0.6,0.1,0.6,2.0,1316.0,22.0,12.0,0.682370820668693
35.0,3.0,2.0,0.6,0.1,0.6,2.0,1263.0,20.0,12.0,0.6832937450514648
35.0,3.0,3.0,0.6,0.1,0.6,2.0,1255.0,16.0,10.0,0.6868525896414343
35.0,3.0,4.0,0.6,0.1,0.6,2.0,1245.0,14.0,9.0,0.685140562248996
35.0,3.0,5.0,0.6,0.1,0.6,2.0,1242.0,12.0,6.0,0.6892109500805152
35.0,3.0,6.0,0.6,0.1,0.6,2.0,1217.0,9.0,4.0,0.6885784716516024
35.0,3.0,7.0,0.6,0.1,0.6,2.0,1214.0,9.0,4.0,0.6902800658978583
35.0,3.0,8.0,0.6,0.1,0.6,2.0,1179.0,8.0,4.0,0.6895674300254453
35.0,3.0,9.0,0.6,0.1,0.6,2.0,1171.0,5.0,2.0,0.6925704526046115
35.0,3.0,10.0,0.6,0.1,0.6,2.0,1151.0,4.0,3.0,0.6907037358818419
35.0,3.0,11.0,0.6,0.1,0.6,2.0,1159.0,5.0,3.0,0.6928386540120793
35.0,3.0,12.0,0.6,0.1,0.6,2.0,1145.0,5.0,4.0,0.6899563318777293
35.0,3.0,13.0,0.6,0.1,0.6,2.0,1146.0,6.0,2.0,0.6963350785340314
35.0,3.0,14.0,0.6,0.1,0.6,2.0,1134.0,8.0,3.0,0.691358024691358
35.0,3.0,15.0,0.6,0.1,0.6,2.0,1129.0,7.0,2.0,0.6979627989371124
35.0,3.0,16.0,0.6,0.1,0.6,2.0,1101.0,7.0,5.0,0.6930063578564941
35.0,3.0,17.0,0.6,0.1,0.6,2.0,1097.0,8.0,4.0,0.699179580674567
35.0,3.0,18.0,0.6,0.1,0.6,2.0,1073.0,7.0,4.0,0.6915191053122087
35.0,3.0,19.0,0.6,0.1,0.6,2.0,1070.0,5.0,3.0,0.6962616822429907
35.0,3.0,20.0,0.6,0.1,0.6,2.0,1807.0,7.0,4.0,0.39346983951300496
35.0,3.0,21.0,0.6,0.1,0.6,2.0,1734.0,11.0,3.0,0.40426758938869667
35.0,3.0,22.0,0.6,0.1,0.6,2.0,1675.0,11.0,2.0,0.40298507462686567
35.0,3.0,23.0,0.6,0.1,0.6,2.0,1659.0,12.0,4.0,0.4098854731766124
35.0,3.0,24.0,0.6,0.1,0.6,2.0,1588.0,16.0,6.0,0.4093198992443325
35.0,3.0,25.0,0.6,0.1,0.6,2.0,1598.0,19.0,8.0,0.4130162703379224
35.0,3.0,26.0,0.6,0.1,0.6,2.0,1505.0,21.0,11.0,0.41794019933554816
35.0,3.0,27.0,0.6,0.1,0.6,2.0,1513.0,27.0,11.0,0.4183740912095175
35.0,3.0,28.0,0.6,0.1,0.6,2.0,1422.0,28.0,11.0,0.4212376933895921
35.0,3.0,29.0,0.6,0.1,0.6,2.0,1388.0,25.0,8.0,0.4272334293948127
35.0,3.0,30.0,0.6,0.1,0.6,2.0,1330.0,26.0,12.0,0.42857142857142855
35.0,3.0,31.0,0.6,0.1,0.6,2.0,1342.0,31.0,11.0,0.4314456035767511
35.0,3.0,32.0,0.6,0.1,0.6,2.0,1306.0,35.0,12.0,0.42955589586523735
35.0,3.0,33.0,0.6,0.1,0.6,2.0,1266.0,30.0,16.0,0.4320695102685624
35.0,3.0,34.0,0.6,0.1,0.6,2.0,1223.0,34.0,15.0,0.4333605887162715
35.0,3.0,35.0,0.6,0.1,0.6,2.0,1195.0,37.0,18.0,0.4351464435146444
35.0,3.0,36.0,0.6,0.1,0.6,2.0,1126.0,33.0,14.0,0.44582593250444047
35.0,3.0,37.0,0.6,0.1,0.6,2.0,1127.0,38.0,19.0,0.44809228039041704
35.0,3.0,38.0,0.6,0.1,0.6,2.0,1113.0,37.0,16.0,0.44833782569631625
35.0,3.0,39.0,0.6,0.1,0.6,2.0,1071.0,34.0,13.0,0.450046685340803
35.0,3.0,40.0,0.6,0.1,0.6,2.0,1065.0,30.0,11.0,0.4535211267605634
35.0,3.0,41.0,0.6,0.1,0.6,2.0,1054.0,28.0,18.0,0.45161290322580644
35.0,3.0,42.0,0.6,0.1,0.6,2.0,1005.0,28.0,18.0,0.4507462686567164
35.0,3.0,43.0,0.6,0.1,0.6,2.0,1001.0,26.0,18.0,0.44955044955044954
35.0,3.0,44.0,0.6,0.1,0.6,2.0,980.0,22.0,11.0,0.45510204081632655
35.0,3.0,45.0,0.6,0.1,0.6,2.0,964.0,20.0,8.0,0.671161825726141
35.0,3.0,46.0,0.6,0.1,0.6,2.0,937.0,17.0,9.0,0.6776947705442903
35.0,3.0,47.0,0.6,0.1,0.6,2.0,919.0,17.0,9.0,0.675734494015234
35.0,3.0,48.0,0.6,0.1,0.6,2.0,897.0,15.0,10.0,0.6800445930880713
35.0,3.0,49.0,0.6,0.1,0.6,2.0,890.0,9.0,6.0,0.6820224719101123
35.0,3.0,50.0,0.6,0.1,0.6,2.0,877.0,9.0,5.0,0.6875712656784493
35.0,3.0,51.0,0.6,0.1,0.6,2.0,879.0,7.0,4.0,0.6837315130830489
35.0,3.0,52.0,0.6,0.1,0.6,2.0,865.0,5.0,3.0,0.6890173410404624
35.0,4.0,1.0,0.6,0.1,0.6,2.0,868.0,5.0,3.0,0.6831797235023042
35.0,4.0,2.0,0.6,0.1,0.6,2.0,841.0,4.0,3.0,0.6920332936979786
35.0,4.0,3.0,0.6,0.1,0.6,2.0,845.0,3.0,2.0,0.6887573964497041
35.0,4.0,4.0,0.6,0.1,0.6,2.0,833.0,3.0,3.0,0.6926770708283313
35.0,4.0,5.0,0.6,0.1,0.6,2.0,834.0,1.0,1.0,0.6882494004796164
35.0,4.0,6.0,0.6,0.1,0.6,2.0,823.0,1.0,1.0,0.6913730255164034
35.0,4.0,7.0,0.6,0.1,0.6,2.0,828.0,1.0,0.0,0.6884057971014492
35.0,4.0,8.0,0.6,0.1,0.6,2.0,816.0,1.0,0.0,0.6911764705882353
35.0,4.0,9.0,0.6,0.1,0.6,2.0,820.0,1.0,1.0,0.6914634146341463
35.0,4.0,10.0,0.6,0.1,0.6,2.0,809.0,1.0,1.0,0.6909765142150803
35.0,4.0,11.0,0.6,0.1,0.6,2.0,815.0,1.0,1.0,0.69079754601227
35.0,4.0,12.0,0.6,0.1,0.6,2.0,800.0,0.0,0.0,0.69125
35.0,4.0,13.0,0.6,0.1,0.6,2.0,810.0,0.0,0.0,0.691358024691358
35.0,4.0,14.0,0.6,0.1,0.6,2.0,798.0,0.0,0.0,0.6929824561403509
35.0,4.0,15.0,0.6,0.1,0.6,2.0,792.0,0.0,0.0,0.6944444444444444
35.0,4.0,16.0,0.6,0.1,0.6,2.0,778.0,0.0,0.0,0.6966580976863753
35.0,4.0,17.0,0.6,0.1,0.6,2.0,786.0,0.0,0.0,0.6972010178117048
35.0,4.0,18.0,0.6,0.1,0.6,2.0,756.0,0.0,0.0,0.6984126984126984
35.0,4.0,19.0,0.6,0.1,0.6,2.0,764.0,0.0,0.0,0.6963350785340314
35.0,4.0,20.0,0.6,0.1,0.6,2.0,1377.0,0.0,0.0,0.38198983297022515
35.0,4.0,21.0,0.6,0.1,0.6,2.0,1363.0,0.0,0.0,0.384446074834923
35.0,4.0,22.0,0.6,0.1,0.6,2.0,1319.0,0.0,0.0,0.3843821076573162
35.0,4.0,23.0,0.6,0.1,0.6,2.0,1328.0,0.0,0.0,0.38403614457831325
35.0,4.0,24.0,0.6,0.1,0.6,2.0,1299.0,0.0,0.0,0.38414164742109314
35.0,4.0,25.0,0.6,0.1,0.6,2.0,1249.0,0.0,0.0,0.388310648518815
35.0,4.0,26.0,0.6,0.1,0.6,2.0,1205.0,0.0,0.0,0.38340248962655604
35.0,4.0,27.0,0.6,0.1,0.6,2.0,1196.0,0.0,0.0,0.38461538461538464
35.0,4.0,28.0,0.6,0.1,0.6,2.0,1172.0,0.0,0.0,0.3856655290102389
35.0,4.0,29.0,0.6,0.1,0.6,2.0,1149.0,0.0,0.0,0.3907745865970409
35.0,4.0,30.0,0.6,0.1,0.6,2.0,1070.0,0.0,0.0,0.39626168224299063
35.0,4.0,31.0,0.6,0.1,0.6,2.0,1088.0,0.0,0.0,0.39705882352941174
35.0,4.0,32.0,0.6,0.1,0.6,2.0,1042.0,0.0,0.0,0.4001919385796545
35.0,4.0,33.0,0.6,0.1,0.6,2.0,1045.0,0.0,0.0,0.4019138755980861
35.0,4.0,34.0,0.6,0.1,0.6,2.0,1019.0,0.0,0.0,0.4013738959764475
35.0,4.0,35.0,0.6,0.1,0.6,2.0,1027.0,0.0,0.0,0.39922103213242455
35.0,4.0,36.0,0.6,0.1,0.6,2.0,951.0,0.0,0.0,0.4048370136698212
35.0,4.0,37.0,0.6,0.1,0.6,2.0,965.0,0.0,0.0,0.40207253886010363
35.0,4.0,38.0,0.6,0.1,0.6,2.0,934.0,0.0,0.0,0.3993576017130621
35.0,4.0,39.0,0.6,0.1,0.6,2.0,931.0,0.0,0.0,0.39742212674543503
35.0,4.0,40.0,0.6,0.1,0.6,2.0,899.0,0.0,0.0,0.40044493882091214
35.0,4.0,41.0,0.6,0.1,0.6,2.0,908.0,0.0,0.0,0.3997797356828194
35.0,4.0,42.0,0.6,0.1,0.6,2.0,869.0,0.0,0.0,0.4039125431530495
35.0,4.0,43.0,0.6,0.1,0.6,2.0,820.0,0.0,0.0,0.4060975609756098
35.0,4.0,44.0,0.6,0.1,0.6,2.0,789.0,0.0,0.0,0.41064638783269963
35.0,4.0,45.0,0.6,0.1,0.6,2.0,803.0,0.0,0.0,0.6525529265255293
35.0,4.0,46.0,0.6,0.1,0.6,2.0,775.0,0.0,0.0,0.6529032258064517
35.0,4.0,47.0,0.6,0.1,0.6,2.0,790.0,0.0,0.0,0.6518987341772152
35.0,4.0,48.0,0.6,0.1,0.6,2.0,768.0,0.0,0.0,0.6536458333333334
35.0,4.0,49.0,0.6,0.1,0.6,2.0,785.0,0.0,0.0,0.6496815286624203
35.0,4.0,50.0,0.6,0.1,0.6,2.0,762.0,0.0,0.0,0.6509186351706037
35.0,4.0,51.0,0.6,0.1,0.6,2.0,779.0,0.0,0.0,0.6469833119383825
35.0,4.0,52.0,0.6,0.1,0.6,2.0,758.0,0.0,0.0,0.6477572559366754
35.0,5.0,1.0,0.6,0.1,0.6,2.0,763.0,0.0,0.0,0.6474442988204456
35.0,5.0,2.0,0.6,0.1,0.6,2.0,736.0,0.0,0.0,0.6535326086956522
35.0,5.0,3.0,0.6,0.1,0.6,2.0,740.0,0.0,0.0,0.65
35.0,5.0,4.0,0.6,0.1,0.6,2.0,728.0,0.0,0.0,0.6510989010989011
35.0,5.0,5.0,0.6,0.1,0.6,2.0,737.0,0.0,0.0,0.649932157394844
35.0,5.0,6.0,0.6,0.1,0.6,2.0,726.0,0.0,0.0,0.6515151515151515
35.0,5.0,7.0,0.6,0.1,0.6,2.0,717.0,0.0,0.0,0.6457461645746164
35.0,5.0,8.0,0.6,0.1,0.6,2.0,698.0,0.0,0.0,0.6446991404011462
35.0,5.0,9.0,0.6,0.1,0.6,2.0,701.0,0.0,0.0,0.6405135520684736
35.0,5.0,10.0,0.6,0.1,0.6,2.0,694.0,0.0,0.0,0.6440922190201729
35.0,5.0,11.0,0.6,0.1,0.6,2.0,684.0,0.0,0.0,0.6432748538011696
35.0,5.0,12.0,0.6,0.1,0.6,2.0,680.0,0.0,0.0,0.6470588235294118
35.0,5.0,13.0,0.6,0.1,0.6,2.0,676.0,0.0,0.0,0.6464497041420119
35.0,5.0,14.0,0.6,0.1,0.6,2.0,670.0,0.0,0.0,0.6477611940298508
35.0,5.0,15.0,0.6,0.1,0.6,2.0,668.0,0.0,0.0,0.6467065868263473
35.0,5.0,16.0,0.6,0.1,0.6,2.0,655.0,0.0,0.0,0.648854961832061
35.0,5.0,17.0,0.6,0.1,0.6,2.0,641.0,0.0,0.0,0.6474258970358814
35.0,5.0,18.0,0.6,0.1,0.6,2.0,641.0,0.0,0.0,0.6474258970358814
35.0,5.0,19.0,0.6,0.1,0.6,2.0,639.0,0.0,0.0,0.6463223787167449
35.0,5.0,20.0,0.6,0.1,0.6,2.0,1121.0,0.0,0.0,0.36752899197145406
35.0,5.0,21.0,0.6,0.1,0.6,2.0,1081.0,0.0,0.0,0.3709528214616096
35.0,5.0,22.0,0.6,0.1,0.6,2.0,1027.0,0.0,0.0,0.3729308666017527
35.0,5.0,23.0,0.6,0.1,0.6,2.0,1024.0,0.0,0.0,0.373046875
35.0,5.0,24.0,0.6,0.1,0.6,2.0,996.0,0.0,0.0,0.3744979919678715
35.0,5.0,25.0,0.6,0.1,0.6,2.0,1006.0,0.0,0.0,0.3697813121272366
35.0,5.0,26.0,0.6,0.1,0.6,2.0,987.0,0.0,0.0,0.3718338399189463
35.0,5.0,27.0,0.6,0.1,0.6,2.0,982.0,0.0,0.0,0.36863543788187375
35.0,5.0,28.0,0.6,0.1,0.6,2.0,972.0,0.0,0.0,0.36934156378600824
35.0,5.0,29.0,0.6,0.1,0.6,2.0,951.0,0.0,0.0,0.3711882229232387
35.0,5.0,30.0,0.6,0.1,0.6,2.0,928.0,0.0,0.0,0.36745689655172414
35.0,5.0,31.0,0.6,0.1,0.6,2.0,922.0,0.0,0.0,0.3676789587852495
35.0,5.0,32.0,0.6,0.1,0.6,2.0,884.0,0.0,0.0,0.36990950226244346
35.0,5.0,33.0,0.6,0.1,0.6,2.0,884.0,0.0,0.0,0.36990950226244346
35.0,5.0,34.0,0.6,0.1,0.6,2.0,844.0,0.0,0.0,0.3732227488151659
35.0,5.0,35.0,0.6,0.1,0.6,2.0,845.0,0.0,0.0,0.3739644970414201
35.0,5.0,36.0,0.6,0.1,0.6,2.0,823.0,0.0,0.0,0.370595382746051
35.0,5.0,37.0,0.6,0.1,0.6,2.0,823.0,0.0,0.0,0.37424058323207776
35.0,5.0,38.0,0.6,0.1,0.6,2.0,761.0,0.0,0.0,0.37582128777923784
35.0,5.0,39.0,0.6,0.1,0.6,2.0,754.0,0.0,0.0,0.3779840848806366
35.0,5.0,40.0,0.6,0.1,0.6,2.0,753.0,0.0,0.0,0.3745019920318725
35.0,5.0,41.0,0.6,0.1,0.6,2.0,753.0,0.0,0.0,0.37715803452855245
35.0,5.0,42.0,0.6,0.1,0.6,2.0,745.0,0.0,0.0,0.37583892617449666
35.0,5.0,43.0,0.6,0.1,0.6,2.0,741.0,0.0,0.0,0.37516869095816463
35.0,5.0,44.0,0.6,0.1,0.6,2.0,715.0,0.0,0.0,0.3748251748251748
35.0,5.0,45.0,0.6,0.1,0.6,2.0,718.0,0.0,0.0,0.6350974930362117
35.0,5.0,46.0,0.6,0.1,0.6,2.0,716.0,0.0,0.0,0.6298882681564246
35.0,5.0,47.0,0.6,0.1,0.6,2.0,717.0,0.0,0.0,0.6345885634588564
35.0,5.0,48.0,0.6,0.1,0.6,2.0,703.0,0.0,0.0,0.6287339971550497
35.0,5.0,49.0,0.6,0.1,0.6,2.0,689.0,0.0,0.0,0.6328011611030478
35.0,5.0,50.0,0.6,0.1,0.6,2.0,685.0,0.0,0.0,0.6262773722627737
35.0,5.0,51.0,0.6,0.1,0.6,2.0,673.0,0.0,0.0,0.6285289747399703
35.0,5.0,52.0,0.6,0.1,0.6,2.0,655.0,0.0,0.0,0.6198473282442748
35.0,6.0,1.0,0.6,0.1,0.6,2.0,656.0,0.0,0.0,0.625
35.0,6.0,2.0,0.6,0.1,0.6,2.0,648.0,0.0,0.0,0.6219135802469136
35.0,6.0,3.0,0.6,0.1,0.6,2.0,647.0,0.0,0.0,0.6259659969088099
35.0,6.0,4.0,0.6,0.1,0.6,2.0,641.0,0.0,0.0,0.6224648985959438
35.0,6.0,5.0,0.6,0.1,0.6,2.0,643.0,0.0,0.0,0.6251944012441679
35.0,6.0,6.0,0.6,0.1,0.6,2.0,639.0,0.0,0.0,0.622848200312989
35.0,6.0,7.0,0.6,0.1,0.6,2.0,639.0,0.0,0.0,0.6259780907668232
35.0,6.0,8.0,0.6,0.1,0.6,2.0,633.0,0.0,0.0,0.627172195892575
35.0,6.0,9.0,0.6,0.1,0.6,2.0,619.0,0.0,0.0,0.6284329563812601
35.0,6.0,10.0,0.6,0.1,0.6,2.0,613.0,0.0,0.0,0.6264274061990212
35.0,6.0,11.0,0.6,0.1,0.6,2.0,616.0,0.0,0.0,0.6298701298701299
35.0,6.0,12.0,0.6,0.1,0.6,2.0,610.0,0.0,0.0,0.6245901639344262
35.0,6.0,13.0,0.6,0.1,0.6,2.0,610.0,0.0,0.0,0.6311475409836066
35.0,6.0,14.0,0.6,0.1,0.6,2.0,603.0,0.0,0.0,0.6268656716417911
35.0,6.0,15.0,0.6,0.1,0.6,2.0,607.0,0.0,0.0,0.6326194398682042
35.0,6.0,16.0,0.6,0.1,0.6,2.0,603.0,0.0,0.0,0.6268656716417911
35.0,6.0,17.0,0.6,0.1,0.6,2.0,604.0,0.0,0.0,0.6307947019867549
35.0,6.0,18.0,0.6,0.1,0.6,2.0,600.0,0.0,0.0,0.625
35.0,6.0,19.0,0.6,0.1,0.6,2.0,603.0,0.0,0.0,0.6301824212271974
35.0,6.0,20.0,0.6,0.1,0.6,2.0,1017.0,0.0,0.0,0.36774827925270404
35.0,6.0,21.0,0.6,0.1,0.6,2.0,959.0,0.0,0.0,0.3753910323253389
35.0,6.0,22.0,0.6,0.1,0.6,2.0,948.0,0.0,0.0,0.37236286919831224
35.0,6.0,23.0,0.6,0.1,0.6,2.0,940.0,0.0,0.0,0.3776595744680851
35.0,6.0,24.0,0.6,0.1,0.6,2.0,889.0,0.0,0.0,0.3779527559055118
35.0,6.0,25.0,0.6,0.1,0.6,2.0,885.0,0.0,0.0,0.38192090395480227
35.0,6.0,26.0,0.6,0.1,0.6,2.0,874.0,0.0,0.0,0.37986270022883295
35.0,6.0,27.0,0.6,0.1,0.6,2.0,885.0,0.0,0.0,0.38192090395480227
35.0,6.0,28.0,0.6,0.1,0.6,2.0,859.0,0.0,0.0,0.3830034924330617
35.0,6.0,29.0,0.6,0.1,0.6,2.0,833.0,0.0,0.0,0.39015606242497
35.0,6.0,30.0,0.6,0.1,0.6,2.0,818.0,0.0,0.0,0.38875305623471884
35.0,6.0,31.0,0.6,0.1,0.6,2.0,782.0,0.0,0.0,0.40025575447570333
35.0,6.0,32.0,0.6,0.1,0.6,2.0,766.0,0.0,0.0,0.3981723237597911
35.0,6.0,33.0,0.6,0.1,0.6,2.0,742.0,0.0,0.0,0.3935309973045822
35.0,6.0,34.0,0.6,0.1,0.6,2.0,725.0,0.0,0.0,0.39448275862068966
35.0,6.0,35.0,0.6,0.1,0.6,2.0,710.0,0.0,0.0,0.4
35.0,6.0,36.0,0.6,0.1,0.6,2.0,714.0,0.0,0.0,0.3963585434173669
35.0,6.0,37.0,0.6,0.1,0.6,2.0,690.0,0.0,0.0,0.4057971014492754
35.0,6.0,38.0,0.6,0.1,0.6,2.0,692.0,0.0,0.0,0.40028901734104044
35.0,6.0,39.0,0.6,0.1,0.6,2.0,692.0,0.0,0.0,0.4046242774566474
35.0,6.0,40.0,0.6,0.1,0.6,2.0,692.0,0.0,0.0,0.40028901734104044
35.0,6.0,41.0,0.6,0.1,0.6,2.0,691.0,0.0,0.0,0.4037626628075253
35.0,6.0,42.0,0.6,0.1,0.6,2.0,678.0,0.0,0.0,0.4026548672566372
35.0,6.0,43.0,0.6,0.1,0.6,2.0,676.0,0.0,0.0,0.40532544378698226
35.0,6.0,44.0,0.6,0.1,0.6,2.0,676.0,0.0,0.0,0.40088757396449703
35.0,6.0,45.0,0.6,0.1,0.6,2.0,673.0,0.0,0.0,0.6433878157503715
35.0,6.0,46.0,0.6,0.1,0.6,2.0,676.0,0.0,0.0,0.6420118343195266
35.0,6.0,47.0,0.6,0.1,0.6,2.0,670.0,0.0,0.0,0.6417910447761194
35.0,6.0,48.0,0.6,0.1,0.6,2.0,675.0,0.0,0.0,0.6414814814814814
35.0,6.0,49.0,0.6,0.1,0.6,2.0,671.0,0.0,0.0,0.6423248882265276
35.0,6.0,50.0,0.6,0.1,0.6,2.0,660.0,0.0,0.0,0.6424242424242425
35.0,6.0,51.0,0.6,0.1,0.6,2.0,661.0,0.0,0.0,0.6399394856278366
35.0,6.0,52.0,0.6,0.1,0.6,2.0,665.0,0.0,0.0,0.6390977443609023
35.0,7.0,1.0,0.6,0.1,0.6,2.0,660.0,0.0,0.0,0.6393939393939394
35.0,7.0,2.0,0.6,0.1,0.6,2.0,664.0,0.0,0.0,0.6400602409638554
35.0,7.0,3.0,0.6,0.1,0.6,2.0,649.0,0.0,0.0,0.6409861325115562
35.0,7.0,4.0,0.6,0.1,0.6,2.0,649.0,0.0,0.0,0.6394453004622496
35.0,7.0,5.0,0.6,0.1,0.6,2.0,648.0,0.0,0.0,0.6419753086419753
35.0,7.0,6.0,0.6,0.1,0.6,2.0,649.0,0.0,0.0,0.6409861325115562
35.0,7.0,7.0,0.6,0.1,0.6,2.0,646.0,0.0,0.0,0.6439628482972136
35.0,7.0,8.0,0.6,0.1,0.6,2.0,646.0,0.0,0.0,0.6424148606811145
35.0,7.0,9.0,0.6,0.1,0.6,2.0,646.0,0.0,0.0,0.6439628482972136
35.0,7.0,10.0,0.6,0.1,0.6,2.0,643.0,0.0,0.0,0.640746500777605
35.0,7.0,11.0,0.6,0.1,0.6,2.0,640.0,0.0,0.0,0.646875
35.0,7.0,12.0,0.6,0.1,0.6,2.0,640.0,0.0,0.0,0.640625
35.0,7.0,13.0,0.6,0.1,0.6,2.0,634.0,0.0,0.0,0.6482649842271293
35.0,7.0,14.0,0.6,0.1,0.6,2.0,634.0,0.0,0.0,0.6403785488958991
35.0,7.0,15.0,0.6,0.1,0.6,2.0,632.0,0.0,0.0,0.6487341772151899
35.0,7.0,16.0,0.6,0.1,0.6,2.0,628.0,0.0,0.0,0.6449044585987261
35.0,7.0,17.0,0.6,0.1,0.6,2.0,624.0,0.0,0.0,0.6490384615384616
35.0,7.0,18.0,0.6,0.1,0.6,2.0,625.0,0.0,0.0,0.6432
35.0,7.0,19.0,0.6,0.1,0.6,2.0,622.0,0.0,0.0,0.6479099678456591
35.0,7.0,20.0,0.6,0.1,0.6,2.0,1106.0,0.0,0.0,0.3616636528028933
35.0,7.0,21.0,0.6,0.1,0.6,2.0,1075.0,0.0,0.0,0.36930232558139536
35.0,7.0,22.0,0.6,0.1,0.6,2.0,1077.0,0.0,0.0,0.36397400185701023
35.0,7.0,23.0,0.6,0.1,0.6,2.0,1046.0,0.0,0.0,0.3738049713193117
35.0,7.0,24.0,0.6,0.1,0.6,2.0,1053.0,0.0,0.0,0.36657169990503324
35.0,7.0,25.0,0.6,0.1,0.6,2.0,1028.0,0.0,0.0,0.37937743190661477
35.0,7.0,26.0,0.6,0.1,0.6,2.0,1001.0,0.0,0.0,0.37162837162837165
35.0,7.0,27.0,0.6,0.1,0.6,2.0,992.0,0.0,0.0,0.3790322580645161
35.0,7.0,28.0,0.6,0.1,0.6,2.0,954.0,0.0,0.0,0.37631027253668764
35.0,7.0,29.0,0.6,0.1,0.6,2.0,890.0,0.0,0.0,0.3898876404494382
35.0,7.0,30.0,0.6,0.1,0.6,2.0,893.0,0.0,0.0,0.3829787234042553
35.0,7.0,31.0,0.6,0.1,0.6,2.0,865.0,0.0,0.0,0.3942196531791908
35.0,7.0,32.0,0.6,0.1,0.6,2.0,874.0,0.0,0.0,0.38558352402745993
35.0,7.0,33.0,0.6,0.1,0.6,2.0,841.0,0.0,0.0,0.3995243757431629
35.0,7.0,34.0,0.6,0.1,0.6,2.0,831.0,0.0,0.0,0.3935018050541516
35.0,7.0,35.0,0.6,0.1,0.6,2.0,839.0,0.0,0.0,0.39809296781883197
35.0,7.0,36.0,0.6,0.1,0.6,2.0,800.0,0.0,0.0,0.39625
35.0,7.0,37.0,0.6,0.1,0.6,2.0,787.0,0.0,0.0,0.40660736975857686
35.0,7.0,38.0,0.6,0.1,0.6,2.0,757.0,0.0,0.0,0.404227212681638
35.0,7.0,39.0,0.6,0.1,0.6,2.0,747.0,0.0,0.0,0.41767068273092367
35.0,7.0,40.0,0.6,0.1,0.6,2.0,731.0,0.0,0.0,0.4103967168262654
35.0,7.0,41.0,0.6,0.1,0.6,2.0,732.0,0.0,0.0,0.4166666666666667
35.0,7.0,42.0,0.6,0.1,0.6,2.0,730.0,0.0,0.0,0.4095890410958904
35.0,7.0,43.0,0.6,0.1,0.6,2.0,733.0,0.0,0.0,0.417462482946794
35.0,7.0,44.0,0.6,0.1,0.6,2.0,730.0,0.0,0.0,0.4095890410958904
35.0,7.0,45.0,0.6,0.1,0.6,2.0,731.0,0.0,0.0,0.6361149110807114
35.0,7.0,46.0,0.6,0.1,0.6,2.0,729.0,0.0,0.0,0.6323731138545954
35.0,7.0,47.0,0.6,0.1,0.6,2.0,730.0,0.0,0.0,0.636986301369863
35.0,7.0,48.0,0.6,0.1,0.6,2.0,717.0,0.0,0.0,0.6359832635983264
35.0,7.0,49.0,0.6,0.1,0.6,2.0,711.0,0.0,0.0,0.6385372714486639
35.0,7.0,50.0,0.6,0.1,0.6,2.0,710.0,0.0,0.0,0.6366197183098592
35.0,7.0,51.0,0.6,0.1,0.6,2.0,711.0,0.0,0.0,0.6385372714486639
35.0,7.0,52.0,0.6,0.1,0.6,2.0,708.0,0.0,0.0,0.6370056497175142
35.0,8.0,1.0,0.6,0.1,0.6,2.0,710.0,0.0,0.0,0.6380281690140845
35.0,8.0,2.0,0.6,0.1,0.6,2.0,708.0,0.0,0.0,0.6370056497175142
35.0,8.0,3.0,0.6,0.1,0.6,2.0,708.0,0.0,0.0,0.6384180790960452
35.0,8.0,4.0,0.6,0.1,0.6,2.0,705.0,0.0,0.0,0.6368794326241135
35.0,8.0,5.0,0.6,0.1,0.6,2.0,708.0,0.0,0.0,0.6384180790960452
35.0,8.0,6.0,0.6,0.1,0.6,2.0,703.0,0.0,0.0,0.6386913229018493
35.0,8.0,7.0,0.6,0.1,0.6,2.0,706.0,0.0,0.0,0.6402266288951841
35.0,8.0,8.0,0.6,0.1,0.6,2.0,699.0,0.0,0.0,0.6409155937052933
35.0,8.0,9.0,0.6,0.1,0.6,2.0,705.0,0.0,0.0,0.6425531914893617
35.0,8.0,10.0,0.6,0.1,0.6,2.0,696.0,0.0,0.0,0.6422413793103449
35.0,8.0,11.0,0.6,0.1,0.6,2.0,704.0,0.0,0.0,0.6420454545454546
35.0,8.0,12.0,0.6,0.1,0.6,2.0,695.0,0.0,0.0,0.6431654676258993
35.0,8.0,13.0,0.6,0.1,0.6,2.0,694.0,0.0,0.0,0.6498559077809798
35.0,8.0,14.0,0.6,0.1,0.6,2.0,688.0,0.0,0.0,0.6482558139534884
35.0,8.0,15.0,0.6,0.1,0.6,2.0,685.0,0.0,0.0,0.6525547445255474
35.0,8.0,16.0,0.6,0.1,0.6,2.0,688.0,0.0,0.0,0.6453488372093024
35.0,8.0,17.0,0.6,0.1,0.6,2.0,686.0,0.0,0.0,0.6516034985422741
35.0,8.0,18.0,0.6,0.1,0.6,2.0,674.0,0.0,0.0,0.6483679525222552
35.0,8.0,19.0,0.6,0.1,0.6,2.0,661.0,0.0,0.0,0.6580937972768532
35.0,8.0,20.0,0.6,0.1,0.6,2.0,1170.0,0.0,0.0,0.3683760683760684
35.0,8.0,21.0,0.6,0.1,0.6,2.0,1105.0,0.0,0.0,0.38009049773755654
35.0,8.0,22.0,0.6,0.1,0.6,2.0,1122.0,0.0,0.0,0.3770053475935829
35.0,8.0,23.0,0.6,0.1,0.6,2.0,1085.0,0.0,0.0,0.3815668202764977
35.0,8.0,24.0,0.6,0.1,0.6,2.0,1105.0,0.0,0.0,0.3773755656108597
35.0,8.0,25.0,0.6,0.1,0.6,2.0,1084.0,0.0,0.0,0.38191881918819187
35.0,8.0,26.0,0.6,0.1,0.6,2.0,1075.0,0.0,0.0,0.3813953488372093
35.0,8.0,27.0,0.6,0.1,0.6,2.0,1039.0,0.0,0.0,0.3897978825794033
35.0,8.0,28.0,0.6,0.1,0.6,2.0,999.0,0.0,0.0,0.3953953953953954
35.0,8.0,29.0,0.6,0.1,0.6,2.0,980.0,0.0,0.0,0.4
35.0,8.0,30.0,0.6,0.1,0.6,2.0,994.0,0.0,0.0,0.3963782696177062
35.0,8.0,31.0,0.6,0.1,0.6,2.0,949.0,0.0,0.0,0.40147523709167543
35.0,8.0,32.0,0.6,0.1,0.6,2.0,958.0,0.0,0.0,0.3987473903966597
35.0,8.0,33.0,0.6,0.1,0.6,2.0,948.0,0.0,0.0,0.4008438818565401
35.0,8.0,34.0,0.6,0.1,0.6,2.0,957.0,0.0,0.0,0.3981191222570533
35.0,8.0,35.0,0.6,0.1,0.6,2.0,945.0,0.0,0.0,0.4021164021164021
35.0,8.0,36.0,0.6,0.1,0.6,2.0,930.0,0.0,0.0,0.4064516129032258
35.0,8.0,37.0,0.6,0.1,0.6,2.0,904.0,0.0,0.0,0.41261061946902655
35.0,8.0,38.0,0.6,0.1,0.6,2.0,902.0,0.0,0.0,0.4124168514412417
35.0,8.0,39.0,0.6,0.1,0.6,2.0,890.0,0.0,0.0,0.4157303370786517
35.0,8.0,40.0,0.6,0.1,0.6,2.0,874.0,0.0,0.0,0.41762013729977115
35.0,8.0,41.0,0.6,0.1,0.6,2.0,865.0,0.0,0.0,0.4208092485549133
35.0,8.0,42.0,0.6,0.1,0.6,2.0,870.0,0.0,0.0,0.41724137931034483
35.0,8.0,43.0,0.6,0.1,0.6,2.0,851.0,0.0,0.0,0.42420681551116335
35.0,8.0,44.0,0.6,0.1,0.6,2.0,848.0,0.0,0.0,0.4233490566037736
35.0,8.0,45.0,0.6,0.1,0.6,2.0,850.0,0.0,0.0,0.6588235294117647
35.0,8.0,46.0,0.6,0.1,0.6,2.0,849.0,0.0,0.0,0.6584216725559482
35.0,8.0,47.0,0.6,0.1,0.6,2.0,851.0,0.0,0.0,0.6592244418331374
35.0,8.0,48.0,0.6,0.1,0.6,2.0,849.0,0.0,0.0,0.6584216725559482
35.0,8.0,49.0,0.6,0.1,0.6,2.0,825.0,0.0,0.0,0.6593939393939394
35.0,8.0,50.0,0.6,0.1,0.6,2.0,825.0,0.0,0.0,0.656969696969697
35.0,8.0,51.0,0.6,0.1,0.6,2.0,828.0,0.0,0.0,0.6570048309178744
35.0,8.0,52.0,0.6,0.1,0.6,2.0,826.0,0.0,0.0,0.6585956416464891
35.0,9.0,1.0,0.6,0.1,0.6,2.0,817.0,0.0,0.0,0.6658506731946144
35.0,9.0,2.0,0.6,0.1,0.6,2.0,810.0,0.0,0.0,0.6666666666666666
35.0,9.0,3.0,0.6,0.1,0.6,2.0,814.0,0.0,0.0,0.6670761670761671
35.0,9.0,4.0,0.6,0.1,0.6,2.0,809.0,0.0,0.0,0.6687268232385661
35.0,9.0,5.0,0.6,0.1,0.6,2.0,798.0,0.0,0.0,0.6679197994987469
35.0,9.0,6.0,0.6,0.1,0.6,2.0,782.0,0.0,0.0,0.6777493606138107
35.0,9.0,7.0,0.6,0.1,0.6,2.0,786.0,0.0,0.0,0.6768447837150128
35.0,9.0,8.0,0.6,0.1,0.6,2.0,777.0,0.0,0.0,0.6808236808236808
35.0,9.0,9.0,0.6,0.1,0.6,2.0,778.0,0.0,0.0,0.6799485861182519
35.0,9.0,10.0,0.6,0.1,0.6,2.0,777.0,0.0,0.0,0.6795366795366795
35.0,9.0,11.0,0.6,0.1,0.6,2.0,775.0,0.0,0.0,0.6825806451612904
35.0,9.0,12.0,0.6,0.1,0.6,2.0,752.0,0.0,0.0,0.6835106382978723
35.0,9.0,13.0,0.6,0.1,0.6,2.0,751.0,0.0,0.0,0.681757656458056
35.0,9.0,14.0,0.6,0.1,0.6,2.0,743.0,0.0,0.0,0.6837146702557201
35.0,9.0,15.0,0.6,0.1,0.6,2.0,750.0,0.0,0.0,0.684
35.0,9.0,16.0,0.6,0.1,0.6,2.0,740.0,0.0,0.0,0.6851351351351351
35.0,9.0,17.0,0.6,0.1,0.6,2.0,751.0,0.0,0.0,0.6830892143808256
35.0,9.0,18.0,0.6,0.1,0.6,2.0,730.0,0.0,0.0,0.6876712328767123
35.0,9.0,19.0,0.6,0.1,0.6,2.0,739.0,0.0,0.0,0.6874154262516915
35.0,9.0,20.0,0.6,0.1,0.6,2.0,1309.0,0.0,0.0,0.3735676088617265
35.0,9.0,21.0,0.6,0.1,0.6,2.0,1307.0,0.0,0.0,0.3703136954858455
35.0,9.0,22.0,0.6,0.1,0.6,2.0,1252.0,0.0,0.0,0.3777955271565495
35.0,9.0,23.0,0.6,0.1,0.6,2.0,1252.0,0.0,0.0,0.3777955271565495
35.0,9.0,24.0,0.6,0.1,0.6,2.0,1222.0,0.0,0.0,0.3788870703764321
35.0,9.0,25.0,0.6,0.1,0.6,2.0,1223.0,0.0,0.0,0.3761242845461979
35.0,9.0,26.0,0.6,0.1,0.6,2.0,1187.0,0.0,0.0,0.38079191238416177
35.0,9.0,27.0,0.6,0.1,0.6,2.0,1193.0,0.0,0.0,0.38055322715842416
35.0,9.0,28.0,0.6,0.1,0.6,2.0,1165.0,0.0,0.0,0.37939914163090127
35.0,9.0,29.0,0.6,0.1,0.6,2.0,1170.0,0.0,0.0,0.3803418803418803
35.0,9.0,30.0,0.6,0.1,0.6,2.0,1138.0,0.0,0.0,0.38400702987697716
35.0,9.0,31.0,0.6,0.1,0.6,2.0,1139.0,0.0,0.0,0.3863037752414399
35.0,9.0,32.0,0.6,0.1,0.6,2.0,1123.0,0.0,0.0,0.38557435440783616
35.0,9.0,33.0,0.6,0.1,0.6,2.0,1121.0,0.0,0.0,0.38893844781445136
35.0,9.0,34.0,0.6,0.1,0.6,2.0,1108.0,0.0,0.0,0.3871841155234657
35.0,9.0,35.0,0.6,0.1,0.6,2.0,1081.0,0.0,0.0,0.396854764107308
35.0,9.0,36.0,0.6,0.1,0.6,2.0,1083.0,0.0,0.0,0.394275161588181
35.0,9.0,37.0,0.6,0.1,0.6,2.0,1067.0,0.0,0.0,0.39456419868791004
35.0,9.0,38.0,0.6,0.1,0.6,2.0,1030.0,0.0,0.0,0.39611650485436894
35.0,9.0,39.0,0.6,0.1,0.6,2.0,1016.0,0.0,0.0,0.4045275590551181
35.0,9.0,40.0,0.6,0.1,0.6,2.0,1018.0,0.0,0.0,0.40078585461689586
35.0,9.0,41.0,0.6,0.1,0.6,2.0,1015.0,0.0,0.0,0.4039408866995074
35.0,9.0,42.0,0.6,0.1,0.6,2.0,1009.0,0.0,0.0,0.40237859266600595
35.0,9.0,43.0,0.6,0.1,0.6,2.0,1001.0,0.0,0.0,0.4065934065934066
35.0,9.0,44.0,0.6,0.1,0.6,2.0,982.0,0.0,0.0,0.40224032586558045
35.0,9.0,45.0,0.6,0.1,0.6,2.0,948.0,0.0,0.0,0.6434599156118144
35.0,9.0,46.0,0.6,0.1,0.6,2.0,939.0,0.0,0.0,0.6411075612353567
35.0,9.0,47.0,0.6,0.1,0.6,2.0,935.0,0.0,0.0,0.6470588235294118
35.0,9.0,48.0,0.6,0.1,0.6,2.0,925.0,0.0,0.0,0.6454054054054054
35.0,9.0,49.0,0.6,0.1,0.6,2.0,894.0,0.0,0.0,0.6543624161073825
35.0,9.0,50.0,0.6,0.1,0.6,2.0,893.0,0.0,0.0,0.6539753639417694
35.0,9.0,51.0,0.6,0.1,0.6,2.0,884.0,0.0,0.0,0.6561085972850679
35.0,9.0,52.0,0.6,0.1,0.6,2.0,883.0,0.0,0.0,0.6557191392978482
35.0,10.0,1.0,0.6,0.1,0.6,2.0,870.0,0.0,0.0,0.6563218390804598
35.0,10.0,2.0,0.6,0.1,0.6,2.0,879.0,0.0,0.0,0.6564277588168373
35.0,10.0,3.0,0.6,0.1,0.6,2.0,865.0,0.0,0.0,0.6589595375722543
35.0,10.0,4.0,0.6,0.1,0.6,2.0,874.0,0.0,0.0,0.6578947368421053
35.0,10.0,5.0,0.6,0.1,0.6,2.0,860.0,0.0,0.0,0.6604651162790698
35.0,10.0,6.0,0.6,0.1,0.6,2.0,873.0,0.0,0.0,0.6586483390607102
35.0,10.0,7.0,0.6,0.1,0.6,2.0,862.0,0.0,0.0,0.6612529002320185
35.0,10.0,8.0,0.6,0.1,0.6,2.0,869.0,0.0,0.0,0.6593785960874569
35.0,10.0,9.0,0.6,0.1,0.6,2.0,860.0,0.0,0.0,0.6627906976744186
35.0,10.0,10.0,0.6,0.1,0.6,2.0,850.0,0.0,0.0,0.6623529411764706
35.0,10.0,11.0,0.6,0.1,0.6,2.0,830.0,0.0,0.0,0.6662650602409639
35.0,10.0,12.0,0.6,0.1,0.6,2.0,835.0,0.0,0.0,0.6634730538922156
35.0,10.0,13.0,0.6,0.1,0.6,2.0,820.0,0.0,0.0,0.6695121951219513
35.0,10.0,14.0,0.6,0.1,0.6,2.0,826.0,0.0,0.0,0.6670702179176755
35.0,10.0,15.0,0.6,0.1,0.6,2.0,818.0,0.0,0.0,0.6699266503667481
35.0,10.0,16.0,0.6,0.1,0.6,2.0,822.0,0.0,0.0,0.670316301703163
35.0,10.0,17.0,0.6,0.1,0.6,2.0,817.0,0.0,0.0,0.6707466340269278
35.0,10.0,18.0,0.6,0.1,0.6,2.0,820.0,0.0,0.0,0.6707317073170732
35.0,10.0,19.0,0.6,0.1,0.6,2.0,807.0,0.0,0.0,0.6728624535315985
35.0,10.0,20.0,0.6,0.1,0.6,2.0,1386.0,0.0,0.0,0.37373737373737376
35.0,10.0,21.0,0.6,0.1,0.6,2.0,1345.0,0.0,0.0,0.38066914498141263
35.0,10.0,22.0,0.6,0.1,0.6,2.0,1340.0,0.0,0.0,0.376865671641791
35.0,10.0,23.0,0.6,0.1,0.6,2.0,1255.0,0.0,0.0,0.3856573705179283
35.0,10.0,24.0,0.6,0.1,0.6,2.0,1245.0,0.0,0.0,0.3863453815261044
35.0,10.0,25.0,0.6,0.1,0.6,2.0,1212.0,0.0,0.0,0.3935643564356436
35.0,10.0,26.0,0.6,0.1,0.6,2.0,1211.0,0.0,0.0,0.3938893476465731
35.0,10.0,27.0,0.6,0.1,0.6,2.0,1149.0,0.0,0.0,0.39338555265448216
35.0,10.0,28.0,0.6,0.1,0.6,2.0,1105.0,0.0,0.0,0.3927601809954751
35.0,10.0,29.0,0.6,0.1,0.6,2.0,1063.0,0.0,0.0,0.3988711194731891
35.0,10.0,30.0,0.6,0.1,0.6,2.0,1063.0,0.0,0.0,0.3969896519285042
35.0,10.0,31.0,0.6,0.1,0.6,2.0,1048.0,0.0,0.0,0.3979007633587786
35.0,10.0,32.0,0.6,0.1,0.6,2.0,1036.0,0.0,0.0,0.39768339768339767
35.0,10.0,33.0,0.6,0.1,0.6,2.0,1021.0,0.0,0.0,0.4005876591576885
35.0,10.0,34.0,0.6,0.1,0.6,2.0,1003.0,0.0,0.0,0.4017946161515454
35.0,10.0,35.0,0.6,0.1,0.6,2.0,991.0,0.0,0.0,0.4066599394550959
35.0,10.0,36.0,0.6,0.1,0.6,2.0,942.0,0.0,0.0,0.4118895966029724
35.0,10.0,37.0,0.6,0.1,0.6,2.0,943.0,0.0,0.0,0.4135737009544008
35.0,10.0,38.0,0.6,0.1,0.6,2.0,929.0,0.0,0.0,0.4133476856835307
35.0,10.0,39.0,0.6,0.1,0.6,2.0,919.0,0.0,0.0,0.4167573449401523
35.0,10.0,40.0,0.6,0.1,0.6,2.0,918.0,0.0,0.0,0.4139433551198257
35.0,10.0,41.0,0.6,0.1,0.6,2.0,916.0,0.0,0.0,0.4148471615720524
35.0,10.0,42.0,0.6,0.1,0.6,2.0,918.0,0.0,0.0,0.4139433551198257
35.0,10.0,43.0,0.6,0.1,0.6,2.0,915.0,0.0,0.0,0.41530054644808745
35.0,10.0,44.0,0.6,0.1,0.6,2.0,917.0,0.0,0.0,0.4133042529989095
35.0,10.0,45.0,0.6,0.1,0.6,2.0,901.0,0.0,0.0,0.6448390677025527
35.0,10.0,46.0,0.6,0.1,0.6,2.0,910.0,0.0,0.0,0.6373626373626373
35.0,10.0,47.0,0.6,0.1,0.6,2.0,888.0,0.0,0.0,0.6463963963963963
35.0,10.0,48.0,0.6,0.1,0.6,2.0,868.0,0.0,0.0,0.6382488479262672
35.0,10.0,49.0,0.6,0.1,0.6,2.0,862.0,0.0,0.0,0.6438515081206496
35.0,10.0,50.0,0.6,0.1,0.6,2.0,873.0,0.0,0.0,0.6380297823596792
35.0,10.0,51.0,0.6,0.1,0.6,2.0,865.0,0.0,0.0,0.6427745664739885
35.0,10.0,52.0,0.6,0.1,0.6,2.0,875.0,0.0,0.0,0.6365714285714286
36.0,1.0,1.0,0.6,0.1,0.6,2.0,5106.0,48.0,10.0,0.5932236584410497
36.0,1.0,2.0,0.6,0.1,0.6,2.0,5085.0,53.0,23.0,0.592330383480826
36.0,1.0,3.0,0.6,0.1,0.6,2.0,5017.0,62.0,33.0,0.5937811441100259
36.0,1.0,4.0,0.6,0.1,0.6,2.0,4969.0,66.0,27.0,0.5928758301469108
36.0,1.0,5.0,0.6,0.1,0.6,2.0,5022.0,72.0,31.0,0.5973715651135006
36.0,1.0,6.0,0.6,0.1,0.6,2.0,4928.0,78.0,31.0,0.6004464285714286
36.0,1.0,7.0,0.6,0.1,0.6,2.0,4735.0,91.0,34.0,0.6021119324181626
36.0,1.0,8.0,0.6,0.1,0.6,2.0,4625.0,98.0,41.0,0.6062702702702703
36.0,1.0,9.0,0.6,0.1,0.6,2.0,4412.0,106.0,47.0,0.6078875793291024
36.0,1.0,10.0,0.6,0.1,0.6,2.0,4271.0,112.0,59.0,0.6101615546710373
36.0,1.0,11.0,0.6,0.1,0.6,2.0,4114.0,102.0,51.0,0.6137578998541565
36.0,1.0,12.0,0.6,0.1,0.6,2.0,4058.0,101.0,47.0,0.6165598817151307
36.0,1.0,13.0,0.6,0.1,0.6,2.0,3961.0,96.0,39.0,0.6190355970714466
36.0,1.0,14.0,0.6,0.1,0.6,2.0,3922.0,98.0,49.0,0.6216216216216216
36.0,1.0,15.0,0.6,0.1,0.6,2.0,3807.0,90.0,47.0,0.6249014972419228
36.0,1.0,16.0,0.6,0.1,0.6,2.0,3739.0,82.0,49.0,0.6263706873495587
36.0,1.0,17.0,0.6,0.1,0.6,2.0,3659.0,74.0,40.0,0.6299535392183657
36.0,1.0,18.0,0.6,0.1,0.6,2.0,3608.0,66.0,40.0,0.6316518847006651
36.0,1.0,19.0,0.6,0.1,0.6,2.0,3544.0,56.0,33.0,0.6362866817155757
36.0,1.0,20.0,0.6,0.1,0.6,2.0,6575.0,47.0,30.0,0.3347528517110266
36.0,1.0,21.0,0.6,0.1,0.6,2.0,6244.0,70.0,22.0,0.33728379244074314
36.0,1.0,22.0,0.6,0.1,0.6,2.0,5960.0,87.0,26.0,0.3412751677852349
36.0,1.0,23.0,0.6,0.1,0.6,2.0,5701.0,89.0,25.0,0.34257147868794946
36.0,1.0,24.0,0.6,0.1,0.6,2.0,5492.0,113.0,37.0,0.3446831755280408
36.0,1.0,25.0,0.6,0.1,0.6,2.0,5218.0,125.0,40.0,0.3487926408585665
36.0,1.0,26.0,0.6,0.1,0.6,2.0,4988.0,147.0,56.0,0.351242983159583
36.0,1.0,27.0,0.6,0.1,0.6,2.0,4816.0,159.0,68.0,0.3561046511627907
36.0,1.0,28.0,0.6,0.1,0.6,2.0,4642.0,179.0,77.0,0.35889702714347266
36.0,1.0,29.0,0.6,0.1,0.6,2.0,4421.0,183.0,74.0,0.36168287717710923
36.0,1.0,30.0,0.6,0.1,0.6,2.0,4310.0,197.0,78.0,0.36241299303944313
36.0,1.0,31.0,0.6,0.1,0.6,2.0,4075.0,203.0,82.0,0.37055214723926383
36.0,1.0,32.0,0.6,0.1,0.6,2.0,3957.0,225.0,84.0,0.37275713924690423
36.0,1.0,33.0,0.6,0.1,0.6,2.0,3845.0,242.0,106.0,0.376592977893368
36.0,1.0,34.0,0.6,0.1,0.6,2.0,3693.0,236.0,99.0,0.38072028161386406
36.0,1.0,35.0,0.6,0.1,0.6,2.0,3534.0,227.0,103.0,0.38794567062818336
36.0,1.0,36.0,0.6,0.1,0.6,2.0,3406.0,226.0,103.0,0.39430416911332944
36.0,1.0,37.0,0.6,0.1,0.6,2.0,3321.0,244.0,112.0,0.39626618488407106
36.0,1.0,38.0,0.6,0.1,0.6,2.0,3179.0,256.0,119.0,0.4023277760301982
36.0,1.0,39.0,0.6,0.1,0.6,2.0,3035.0,250.0,112.0,0.4098846787479407
36.0,1.0,40.0,0.6,0.1,0.6,2.0,2845.0,244.0,117.0,0.4165202108963093
36.0,1.0,41.0,0.6,0.1,0.6,2.0,2754.0,241.0,113.0,0.4277414669571532
36.0,1.0,42.0,0.6,0.1,0.6,2.0,2652.0,249.0,113.0,0.4343891402714932
36.0,1.0,43.0,0.6,0.1,0.6,2.0,2530.0,232.0,112.0,0.4450592885375494
36.0,1.0,44.0,0.6,0.1,0.6,2.0,2454.0,228.0,107.0,0.4519152404237979
36.0,1.0,45.0,0.6,0.1,0.6,2.0,2383.0,222.0,105.0,0.6672261854804867
36.0,1.0,46.0,0.6,0.1,0.6,2.0,2285.0,194.0,97.0,0.6722100656455142
36.0,1.0,47.0,0.6,0.1,0.6,2.0,2215.0,172.0,89.0,0.6794582392776524
36.0,1.0,48.0,0.6,0.1,0.6,2.0,2146.0,156.0,86.0,0.6845293569431501
36.0,1.0,49.0,0.6,0.1,0.6,2.0,2086.0,135.0,75.0,0.6927133269415149
36.0,1.0,50.0,0.6,0.1,0.6,2.0,2047.0,118.0,71.0,0.6927210552027357
36.0,1.0,51.0,0.6,0.1,0.6,2.0,2011.0,98.0,58.0,0.6996519144704128
36.0,1.0,52.0,0.6,0.1,0.6,2.0,1988.0,90.0,54.0,0.7027162977867203
36.0,2.0,1.0,0.6,0.1,0.6,2.0,1953.0,73.0,46.0,0.7091653865847414
36.0,2.0,2.0,0.6,0.1,0.6,2.0,1922.0,66.0,40.0,0.7127991675338189
36.0,2.0,3.0,0.6,0.1,0.6,2.0,1893.0,52.0,32.0,0.7189646064447967
36.0,2.0,4.0,0.6,0.1,0.6,2.0,1848.0,41.0,20.0,0.7251082251082251
36.0,2.0,5.0,0.6,0.1,0.6,2.0,1832.0,39.0,16.0,0.7270742358078602
36.0,2.0,6.0,0.6,0.1,0.6,2.0,1809.0,34.0,16.0,0.7307904919845218
36.0,2.0,7.0,0.6,0.1,0.6,2.0,1788.0,34.0,22.0,0.7309843400447428
36.0,2.0,8.0,0.6,0.1,0.6,2.0,1748.0,33.0,22.0,0.7305491990846682
36.0,2.0,9.0,0.6,0.1,0.6,2.0,1726.0,26.0,15.0,0.7305909617612978
36.0,2.0,10.0,0.6,0.1,0.6,2.0,1689.0,17.0,11.0,0.7377146240378922
36.0,2.0,11.0,0.6,0.1,0.6,2.0,1674.0,16.0,10.0,0.7371565113500598
36.0,2.0,12.0,0.6,0.1,0.6,2.0,1627.0,18.0,11.0,0.7424708051628764
36.0,2.0,13.0,0.6,0.1,0.6,2.0,1604.0,15.0,7.0,0.7425187032418953
36.0,2.0,14.0,0.6,0.1,0.6,2.0,1586.0,13.0,6.0,0.7459016393442623
36.0,2.0,15.0,0.6,0.1,0.6,2.0,1570.0,10.0,3.0,0.743312101910828
36.0,2.0,16.0,0.6,0.1,0.6,2.0,1556.0,9.0,5.0,0.7461439588688946
36.0,2.0,17.0,0.6,0.1,0.6,2.0,1534.0,9.0,5.0,0.7398956975228161
36.0,2.0,18.0,0.6,0.1,0.6,2.0,1508.0,9.0,5.0,0.7427055702917772
36.0,2.0,19.0,0.6,0.1,0.6,2.0,1468.0,8.0,3.0,0.7431880108991825
36.0,2.0,20.0,0.6,0.1,0.6,2.0,2674.0,9.0,4.0,0.406133133881825
36.0,2.0,21.0,0.6,0.1,0.6,2.0,2594.0,15.0,5.0,0.40593677717810334
36.0,2.0,22.0,0.6,0.1,0.6,2.0,2492.0,17.0,7.0,0.40730337078651685
36.0,2.0,23.0,0.6,0.1,0.6,2.0,2398.0,19.0,8.0,0.41367806505421184
36.0,2.0,24.0,0.6,0.1,0.6,2.0,2323.0,23.0,6.0,0.4136891950064572
36.0,2.0,25.0,0.6,0.1,0.6,2.0,2302.0,21.0,8.0,0.4174630755864466
36.0,2.0,26.0,0.6,0.1,0.6,2.0,2289.0,29.0,13.0,0.41284403669724773
36.0,2.0,27.0,0.6,0.1,0.6,2.0,2225.0,33.0,15.0,0.41797752808988764
36.0,2.0,28.0,0.6,0.1,0.6,2.0,2142.0,31.0,16.0,0.4211017740429505
36.0,2.0,29.0,0.6,0.1,0.6,2.0,2087.0,29.0,13.0,0.42788691902252035
36.0,2.0,30.0,0.6,0.1,0.6,2.0,2044.0,33.0,15.0,0.4261252446183953
36.0,2.0,31.0,0.6,0.1,0.6,2.0,1971.0,31.0,18.0,0.4337899543378995
36.0,2.0,32.0,0.6,0.1,0.6,2.0,1905.0,39.0,16.0,0.4346456692913386
36.0,2.0,33.0,0.6,0.1,0.6,2.0,1873.0,45.0,20.0,0.4399359316604378
36.0,2.0,34.0,0.6,0.1,0.6,2.0,1818.0,50.0,14.0,0.4394939493949395
36.0,2.0,35.0,0.6,0.1,0.6,2.0,1804.0,59.0,26.0,0.4434589800443459
36.0,2.0,36.0,0.6,0.1,0.6,2.0,1783.0,60.0,27.0,0.44307347167694894
36.0,2.0,37.0,0.6,0.1,0.6,2.0,1751.0,64.0,25.0,0.4471730439748715
36.0,2.0,38.0,0.6,0.1,0.6,2.0,1726.0,58.0,26.0,0.4484356894553882
36.0,2.0,39.0,0.6,0.1,0.6,2.0,1681.0,50.0,27.0,0.4562760261748959
36.0,2.0,40.0,0.6,0.1,0.6,2.0,1677.0,57.0,29.0,0.45497912939773405
36.0,2.0,41.0,0.6,0.1,0.6,2.0,1608.0,54.0,20.0,0.4583333333333333
36.0,2.0,42.0,0.6,0.1,0.6,2.0,1597.0,51.0,27.0,0.4577332498434565
36.0,2.0,43.0,0.6,0.1,0.6,2.0,1558.0,47.0,23.0,0.4634146341463415
36.0,2.0,44.0,0.6,0.1,0.6,2.0,1549.0,50.0,24.0,0.46223369916074886
36.0,2.0,45.0,0.6,0.1,0.6,2.0,1491.0,42.0,16.0,0.6639839034205232
36.0,2.0,46.0,0.6,0.1,0.6,2.0,1446.0,39.0,25.0,0.6632088520055325
36.0,2.0,47.0,0.6,0.1,0.6,2.0,1396.0,38.0,23.0,0.667621776504298
36.0,2.0,48.0,0.6,0.1,0.6,2.0,1396.0,33.0,22.0,0.6669054441260746
36.0,2.0,49.0,0.6,0.1,0.6,2.0,1350.0,22.0,18.0,0.674074074074074
36.0,2.0,50.0,0.6,0.1,0.6,2.0,1341.0,22.0,15.0,0.6718866517524236
36.0,2.0,51.0,0.6,0.1,0.6,2.0,1311.0,20.0,11.0,0.6758199847444699
36.0,2.0,52.0,0.6,0.1,0.6,2.0,1303.0,10.0,6.0,0.6768994627782041
36.0,3.0,1.0,0.6,0.1,0.6,2.0,1276.0,11.0,6.0,0.6786833855799373
36.0,3.0,2.0,0.6,0.1,0.6,2.0,1275.0,11.0,6.0,0.676078431372549
36.0,3.0,3.0,0.6,0.1,0.6,2.0,1235.0,7.0,2.0,0.6817813765182186
36.0,3.0,4.0,0.6,0.1,0.6,2.0,1239.0,7.0,4.0,0.6771589991928975
36.0,3.0,5.0,0.6,0.1,0.6,2.0,1224.0,6.0,5.0,0.678921568627451
36.0,3.0,6.0,0.6,0.1,0.6,2.0,1224.0,6.0,4.0,0.6756535947712419
36.0,3.0,7.0,0.6,0.1,0.6,2.0,1195.0,6.0,2.0,0.6786610878661088
36.0,3.0,8.0,0.6,0.1,0.6,2.0,1184.0,5.0,1.0,0.6798986486486487
36.0,3.0,9.0,0.6,0.1,0.6,2.0,1171.0,7.0,3.0,0.6823228010247652
36.0,3.0,10.0,0.6,0.1,0.6,2.0,1171.0,11.0,5.0,0.6797608881298036
36.0,3.0,11.0,0.6,0.1,0.6,2.0,1149.0,11.0,5.0,0.6832027850304613
36.0,3.0,12.0,0.6,0.1,0.6,2.0,1147.0,10.0,5.0,0.6809067131647777
36.0,3.0,13.0,0.6,0.1,0.6,2.0,1127.0,10.0,5.0,0.6858917480035492
36.0,3.0,14.0,0.6,0.1,0.6,2.0,1122.0,9.0,7.0,0.6844919786096256
36.0,3.0,15.0,0.6,0.1,0.6,2.0,1112.0,12.0,7.0,0.685251798561151
36.0,3.0,16.0,0.6,0.1,0.6,2.0,1110.0,13.0,5.0,0.6855855855855856
36.0,3.0,17.0,0.6,0.1,0.6,2.0,1100.0,11.0,4.0,0.6872727272727273
36.0,3.0,18.0,0.6,0.1,0.6,2.0,1099.0,11.0,5.0,0.6869881710646042
36.0,3.0,19.0,0.6,0.1,0.6,2.0,1084.0,12.0,8.0,0.6872693726937269
36.0,3.0,20.0,0.6,0.1,0.6,2.0,1970.0,11.0,7.0,0.37918781725888323
36.0,3.0,21.0,0.6,0.1,0.6,2.0,1897.0,14.0,5.0,0.38323668950975226
36.0,3.0,22.0,0.6,0.1,0.6,2.0,1864.0,15.0,7.0,0.38358369098712447
36.0,3.0,23.0,0.6,0.1,0.6,2.0,1797.0,20.0,6.0,0.3867557039510295
36.0,3.0,24.0,0.6,0.1,0.6,2.0,1780.0,21.0,7.0,0.38764044943820225
36.0,3.0,25.0,0.6,0.1,0.6,2.0,1720.0,31.0,10.0,0.39244186046511625
36.0,3.0,26.0,0.6,0.1,0.6,2.0,1672.0,36.0,11.0,0.39473684210526316
36.0,3.0,27.0,0.6,0.1,0.6,2.0,1620.0,42.0,12.0,0.3993827160493827
36.0,3.0,28.0,0.6,0.1,0.6,2.0,1625.0,39.0,11.0,0.3993846153846154
36.0,3.0,29.0,0.6,0.1,0.6,2.0,1556.0,39.0,19.0,0.40488431876606684
36.0,3.0,30.0,0.6,0.1,0.6,2.0,1555.0,39.0,23.0,0.4032154340836013
36.0,3.0,31.0,0.6,0.1,0.6,2.0,1508.0,39.0,24.0,0.4078249336870027
36.0,3.0,32.0,0.6,0.1,0.6,2.0,1494.0,43.0,16.0,0.4069611780455154
36.0,3.0,33.0,0.6,0.1,0.6,2.0,1465.0,42.0,16.0,0.41228668941979524
36.0,3.0,34.0,0.6,0.1,0.6,2.0,1437.0,41.0,16.0,0.4140570633263744
36.0,3.0,35.0,0.6,0.1,0.6,2.0,1390.0,43.0,22.0,0.420863309352518
36.0,3.0,36.0,0.6,0.1,0.6,2.0,1335.0,39.0,19.0,0.4232209737827715
36.0,3.0,37.0,0.6,0.1,0.6,2.0,1283.0,41.0,17.0,0.4224473889321902
36.0,3.0,38.0,0.6,0.1,0.6,2.0,1239.0,41.0,14.0,0.4245359160613398
36.0,3.0,39.0,0.6,0.1,0.6,2.0,1200.0,39.0,15.0,0.42833333333333334
36.0,3.0,40.0,0.6,0.1,0.6,2.0,1186.0,41.0,21.0,0.4291736930860034
36.0,3.0,41.0,0.6,0.1,0.6,2.0,1152.0,38.0,21.0,0.4357638888888889
36.0,3.0,42.0,0.6,0.1,0.6,2.0,1140.0,37.0,18.0,0.43859649122807015
36.0,3.0,43.0,0.6,0.1,0.6,2.0,1115.0,37.0,15.0,0.4439461883408072
36.0,3.0,44.0,0.6,0.1,0.6,2.0,1096.0,33.0,18.0,0.44525547445255476
36.0,3.0,45.0,0.6,0.1,0.6,2.0,1076.0,37.0,17.0,0.6524163568773235
36.0,3.0,46.0,0.6,0.1,0.6,2.0,1072.0,34.0,21.0,0.6511194029850746
36.0,3.0,47.0,0.6,0.1,0.6,2.0,1059.0,25.0,16.0,0.6543909348441926
36.0,3.0,48.0,0.6,0.1,0.6,2.0,1052.0,22.0,15.0,0.653041825095057
36.0,3.0,49.0,0.6,0.1,0.6,2.0,1040.0,18.0,10.0,0.6567307692307692
36.0,3.0,50.0,0.6,0.1,0.6,2.0,1019.0,18.0,11.0,0.6516192345436702
36.0,3.0,51.0,0.6,0.1,0.6,2.0,1016.0,17.0,10.0,0.6545275590551181
36.0,3.0,52.0,0.6,0.1,0.6,2.0,1001.0,19.0,10.0,0.6543456543456544
36.0,4.0,1.0,0.6,0.1,0.6,2.0,993.0,18.0,8.0,0.6565961732124874
36.0,4.0,2.0,0.6,0.1,0.6,2.0,966.0,16.0,7.0,0.6583850931677019
36.0,4.0,3.0,0.6,0.1,0.6,2.0,961.0,15.0,8.0,0.6607700312174818
36.0,4.0,4.0,0.6,0.1,0.6,2.0,940.0,14.0,9.0,0.6648936170212766
36.0,4.0,5.0,0.6,0.1,0.6,2.0,940.0,13.0,10.0,0.6680851063829787
36.0,4.0,6.0,0.6,0.1,0.6,2.0,929.0,10.0,9.0,0.667384284176534
36.0,4.0,7.0,0.6,0.1,0.6,2.0,923.0,9.0,7.0,0.6695557963163596
36.0,4.0,8.0,0.6,0.1,0.6,2.0,913.0,7.0,5.0,0.6703176341730559
36.0,4.0,9.0,0.6,0.1,0.6,2.0,911.0,6.0,3.0,0.6739846322722283
36.0,4.0,10.0,0.6,0.1,0.6,2.0,906.0,7.0,2.0,0.6721854304635762
36.0,4.0,11.0,0.6,0.1,0.6,2.0,904.0,6.0,2.0,0.672566371681416
36.0,4.0,12.0,0.6,0.1,0.6,2.0,901.0,5.0,2.0,0.6748057713651499
36.0,4.0,13.0,0.6,0.1,0.6,2.0,886.0,5.0,2.0,0.6749435665914221
36.0,4.0,14.0,0.6,0.1,0.6,2.0,879.0,4.0,2.0,0.676905574516496
36.0,4.0,15.0,0.6,0.1,0.6,2.0,880.0,4.0,1.0,0.6772727272727272
36.0,4.0,16.0,0.6,0.1,0.6,2.0,876.0,6.0,2.0,0.6769406392694064
36.0,4.0,17.0,0.6,0.1,0.6,2.0,875.0,6.0,2.0,0.6754285714285714
36.0,4.0,18.0,0.6,0.1,0.6,2.0,870.0,7.0,2.0,0.6758620689655173
36.0,4.0,19.0,0.6,0.1,0.6,2.0,866.0,8.0,4.0,0.674364896073903
36.0,4.0,20.0,0.6,0.1,0.6,2.0,1551.0,9.0,3.0,0.37459703417150225
36.0,4.0,21.0,0.6,0.1,0.6,2.0,1470.0,10.0,4.0,0.38231292517006804
36.0,4.0,22.0,0.6,0.1,0.6,2.0,1392.0,15.0,2.0,0.3742816091954023
36.0,4.0,23.0,0.6,0.1,0.6,2.0,1372.0,15.0,6.0,0.3782798833819242
36.0,4.0,24.0,0.6,0.1,0.6,2.0,1337.0,21.0,8.0,0.37621540762902017
36.0,4.0,25.0,0.6,0.1,0.6,2.0,1338.0,29.0,9.0,0.3796711509715994
36.0,4.0,26.0,0.6,0.1,0.6,2.0,1311.0,28.0,9.0,0.37757437070938216
36.0,4.0,27.0,0.6,0.1,0.6,2.0,1292.0,27.0,9.0,0.3815789473684211
36.0,4.0,28.0,0.6,0.1,0.6,2.0,1267.0,27.0,13.0,0.38595106550907654
36.0,4.0,29.0,0.6,0.1,0.6,2.0,1257.0,29.0,15.0,0.3858392999204455
36.0,4.0,30.0,0.6,0.1,0.6,2.0,1236.0,28.0,15.0,0.38754045307443363
36.0,4.0,31.0,0.6,0.1,0.6,2.0,1232.0,35.0,12.0,0.3887987012987013
36.0,4.0,32.0,0.6,0.1,0.6,2.0,1212.0,36.0,12.0,0.3919141914191419
36.0,4.0,33.0,0.6,0.1,0.6,2.0,1183.0,38.0,16.0,0.39222316145393066
36.0,4.0,34.0,0.6,0.1,0.6,2.0,1161.0,33.0,17.0,0.3953488372093023
36.0,4.0,35.0,0.6,0.1,0.6,2.0,1155.0,34.0,20.0,0.3930735930735931
36.0,4.0,36.0,0.6,0.1,0.6,2.0,1109.0,28.0,16.0,0.4012623985572588
36.0,4.0,37.0,0.6,0.1,0.6,2.0,1079.0,27.0,14.0,0.4040778498609824
36.0,4.0,38.0,0.6,0.1,0.6,2.0,1050.0,25.0,10.0,0.4104761904761905
36.0,4.0,39.0,0.6,0.1,0.6,2.0,1038.0,29.0,11.0,0.4113680154142582
36.0,4.0,40.0,0.6,0.1,0.6,2.0,1018.0,23.0,10.0,0.4066797642436149
36.0,4.0,41.0,0.6,0.1,0.6,2.0,990.0,25.0,11.0,0.40505050505050505
36.0,4.0,42.0,0.6,0.1,0.6,2.0,962.0,24.0,10.0,0.4126819126819127
36.0,4.0,43.0,0.6,0.1,0.6,2.0,922.0,22.0,9.0,0.41865509761388287
36.0,4.0,44.0,0.6,0.1,0.6,2.0,924.0,23.0,9.0,0.4199134199134199
36.0,4.0,45.0,0.6,0.1,0.6,2.0,913.0,20.0,13.0,0.6538882803943045
36.0,4.0,46.0,0.6,0.1,0.6,2.0,906.0,21.0,12.0,0.6545253863134658
36.0,4.0,47.0,0.6,0.1,0.6,2.0,888.0,17.0,12.0,0.6554054054054054
36.0,4.0,48.0,0.6,0.1,0.6,2.0,883.0,10.0,8.0,0.6545866364665912
36.0,4.0,49.0,0.6,0.1,0.6,2.0,863.0,12.0,7.0,0.6593279258400927
36.0,4.0,50.0,0.6,0.1,0.6,2.0,849.0,10.0,3.0,0.6584216725559482
36.0,4.0,51.0,0.6,0.1,0.6,2.0,838.0,7.0,3.0,0.6634844868735084
36.0,4.0,52.0,0.6,0.1,0.6,2.0,810.0,6.0,3.0,0.6604938271604939
36.0,5.0,1.0,0.6,0.1,0.6,2.0,800.0,6.0,4.0,0.665
36.0,5.0,2.0,0.6,0.1,0.6,2.0,801.0,4.0,2.0,0.6629213483146067
36.0,5.0,3.0,0.6,0.1,0.6,2.0,795.0,5.0,3.0,0.6654088050314465
36.0,5.0,4.0,0.6,0.1,0.6,2.0,792.0,5.0,2.0,0.6641414141414141
36.0,5.0,5.0,0.6,0.1,0.6,2.0,787.0,6.0,2.0,0.6658195679796697
36.0,5.0,6.0,0.6,0.1,0.6,2.0,772.0,6.0,1.0,0.6593264248704663
36.0,5.0,7.0,0.6,0.1,0.6,2.0,764.0,6.0,3.0,0.6649214659685864
36.0,5.0,8.0,0.6,0.1,0.6,2.0,767.0,5.0,5.0,0.6610169491525424
36.0,5.0,9.0,0.6,0.1,0.6,2.0,762.0,7.0,5.0,0.6666666666666666
36.0,5.0,10.0,0.6,0.1,0.6,2.0,758.0,6.0,3.0,0.662269129287599
36.0,5.0,11.0,0.6,0.1,0.6,2.0,736.0,3.0,1.0,0.6684782608695652
36.0,5.0,12.0,0.6,0.1,0.6,2.0,733.0,4.0,3.0,0.6643929058663028
36.0,5.0,13.0,0.6,0.1,0.6,2.0,726.0,4.0,3.0,0.6652892561983471
36.0,5.0,14.0,0.6,0.1,0.6,2.0,714.0,3.0,2.0,0.6666666666666666
36.0,5.0,15.0,0.6,0.1,0.6,2.0,697.0,1.0,0.0,0.6700143472022956
36.0,5.0,16.0,0.6,0.1,0.6,2.0,701.0,1.0,0.0,0.6676176890156919
36.0,5.0,17.0,0.6,0.1,0.6,2.0,697.0,1.0,0.0,0.6685796269727403
36.0,5.0,18.0,0.6,0.1,0.6,2.0,699.0,1.0,1.0,0.6666666666666666
36.0,5.0,19.0,0.6,0.1,0.6,2.0,694.0,1.0,1.0,0.6685878962536023
36.0,5.0,20.0,0.6,0.1,0.6,2.0,1318.0,1.0,1.0,0.3528072837632777
36.0,5.0,21.0,0.6,0.1,0.6,2.0,1197.0,3.0,0.0,0.36507936507936506
36.0,5.0,22.0,0.6,0.1,0.6,2.0,1167.0,3.0,0.0,0.3676092544987147
36.0,5.0,23.0,0.6,0.1,0.6,2.0,1114.0,2.0,0.0,0.37073608617594256
36.0,5.0,24.0,0.6,0.1,0.6,2.0,1078.0,2.0,0.0,0.3784786641929499
36.0,5.0,25.0,0.6,0.1,0.6,2.0,1069.0,2.0,1.0,0.37792329279700654
36.0,5.0,26.0,0.6,0.1,0.6,2.0,1024.0,5.0,2.0,0.384765625
36.0,5.0,27.0,0.6,0.1,0.6,2.0,994.0,5.0,2.0,0.3873239436619718
36.0,5.0,28.0,0.6,0.1,0.6,2.0,986.0,4.0,1.0,0.3924949290060852
36.0,5.0,29.0,0.6,0.1,0.6,2.0,974.0,3.0,1.0,0.39117043121149897
36.0,5.0,30.0,0.6,0.1,0.6,2.0,960.0,3.0,2.0,0.3875
36.0,5.0,31.0,0.6,0.1,0.6,2.0,959.0,3.0,3.0,0.3910323253388947
36.0,5.0,32.0,0.6,0.1,0.6,2.0,959.0,3.0,2.0,0.38894681960375393
36.0,5.0,33.0,0.6,0.1,0.6,2.0,943.0,3.0,1.0,0.3934252386002121
36.0,5.0,34.0,0.6,0.1,0.6,2.0,912.0,2.0,0.0,0.3980263157894737
36.0,5.0,35.0,0.6,0.1,0.6,2.0,906.0,2.0,1.0,0.40397350993377484
36.0,5.0,36.0,0.6,0.1,0.6,2.0,887.0,2.0,2.0,0.3945885005636979
36.0,5.0,37.0,0.6,0.1,0.6,2.0,872.0,2.0,1.0,0.39908256880733944
36.0,5.0,38.0,0.6,0.1,0.6,2.0,855.0,5.0,3.0,0.39883040935672515
36.0,5.0,39.0,0.6,0.1,0.6,2.0,810.0,2.0,1.0,0.4012345679012346
36.0,5.0,40.0,0.6,0.1,0.6,2.0,795.0,3.0,2.0,0.3949685534591195
36.0,5.0,41.0,0.6,0.1,0.6,2.0,798.0,1.0,1.0,0.39974937343358397
36.0,5.0,42.0,0.6,0.1,0.6,2.0,790.0,2.0,1.0,0.39746835443037976
36.0,5.0,43.0,0.6,0.1,0.6,2.0,783.0,2.0,1.0,0.40102171136653897
36.0,5.0,44.0,0.6,0.1,0.6,2.0,754.0,2.0,1.0,0.40583554376657827
36.0,5.0,45.0,0.6,0.1,0.6,2.0,764.0,2.0,1.0,0.650523560209424
36.0,5.0,46.0,0.6,0.1,0.6,2.0,747.0,2.0,1.0,0.6506024096385542
36.0,5.0,47.0,0.6,0.1,0.6,2.0,749.0,2.0,0.0,0.6542056074766355
36.0,5.0,48.0,0.6,0.1,0.6,2.0,733.0,2.0,0.0,0.6534788540245566
36.0,5.0,49.0,0.6,0.1,0.6,2.0,736.0,2.0,2.0,0.6521739130434783
36.0,5.0,50.0,0.6,0.1,0.6,2.0,731.0,2.0,2.0,0.652530779753762
36.0,5.0,51.0,0.6,0.1,0.6,2.0,734.0,2.0,2.0,0.6485013623978202
36.0,5.0,52.0,0.6,0.1,0.6,2.0,724.0,0.0,0.0,0.6519337016574586
36.0,6.0,1.0,0.6,0.1,0.6,2.0,728.0,0.0,0.0,0.6510989010989011
36.0,6.0,2.0,0.6,0.1,0.6,2.0,722.0,0.0,0.0,0.6509695290858726
36.0,6.0,3.0,0.6,0.1,0.6,2.0,715.0,0.0,0.0,0.6531468531468532
36.0,6.0,4.0,0.6,0.1,0.6,2.0,709.0,0.0,0.0,0.6544428772919605
36.0,6.0,5.0,0.6,0.1,0.6,2.0,709.0,0.0,0.0,0.6544428772919605
36.0,6.0,6.0,0.6,0.1,0.6,2.0,691.0,0.0,0.0,0.6497829232995659
36.0,6.0,7.0,0.6,0.1,0.6,2.0,693.0,0.0,0.0,0.6507936507936508
36.0,6.0,8.0,0.6,0.1,0.6,2.0,687.0,0.0,0.0,0.6521106259097526
36.0,6.0,9.0,0.6,0.1,0.6,2.0,689.0,0.0,0.0,0.6531204644412192
36.0,6.0,10.0,0.6,0.1,0.6,2.0,685.0,0.0,0.0,0.6510948905109489
36.0,6.0,11.0,0.6,0.1,0.6,2.0,687.0,0.0,0.0,0.6521106259097526
36.0,6.0,12.0,0.6,0.1,0.6,2.0,664.0,0.0,0.0,0.6490963855421686
36.0,6.0,13.0,0.6,0.1,0.6,2.0,666.0,0.0,0.0,0.6501501501501501
36.0,6.0,14.0,0.6,0.1,0.6,2.0,664.0,0.0,0.0,0.6475903614457831
36.0,6.0,15.0,0.6,0.1,0.6,2.0,661.0,0.0,0.0,0.649016641452345
36.0,6.0,16.0,0.6,0.1,0.6,2.0,659.0,0.0,0.0,0.644916540212443
36.0,6.0,17.0,0.6,0.1,0.6,2.0,658.0,0.0,0.0,0.6474164133738601
36.0,6.0,18.0,0.6,0.1,0.6,2.0,655.0,0.0,0.0,0.6442748091603053
36.0,6.0,19.0,0.6,0.1,0.6,2.0,653.0,0.0,0.0,0.6477794793261868
36.0,6.0,20.0,0.6,0.1,0.6,2.0,1116.0,0.0,0.0,0.3763440860215054
36.0,6.0,21.0,0.6,0.1,0.6,2.0,1078.0,0.0,0.0,0.37662337662337664
36.0,6.0,22.0,0.6,0.1,0.6,2.0,1055.0,0.0,0.0,0.37819905213270144
36.0,6.0,23.0,0.6,0.1,0.6,2.0,1021.0,0.0,0.0,0.38001958863858964
36.0,6.0,24.0,0.6,0.1,0.6,2.0,1005.0,0.0,0.0,0.38308457711442784
36.0,6.0,25.0,0.6,0.1,0.6,2.0,986.0,0.0,0.0,0.3803245436105477
36.0,6.0,26.0,0.6,0.1,0.6,2.0,940.0,0.0,0.0,0.3840425531914894
36.0,6.0,27.0,0.6,0.1,0.6,2.0,866.0,0.0,0.0,0.3960739030023095
36.0,6.0,28.0,0.6,0.1,0.6,2.0,845.0,0.0,0.0,0.3988165680473373
36.0,6.0,29.0,0.6,0.1,0.6,2.0,834.0,0.0,0.0,0.40167865707434053
36.0,6.0,30.0,0.6,0.1,0.6,2.0,820.0,0.0,0.0,0.40853658536585363
36.0,6.0,31.0,0.6,0.1,0.6,2.0,795.0,0.0,0.0,0.4075471698113208
36.0,6.0,32.0,0.6,0.1,0.6,2.0,781.0,0.0,0.0,0.4084507042253521
36.0,6.0,33.0,0.6,0.1,0.6,2.0,782.0,0.0,0.0,0.4053708439897698
36.0,6.0,34.0,0.6,0.1,0.6,2.0,764.0,0.0,0.0,0.4096858638743455
36.0,6.0,35.0,0.6,0.1,0.6,2.0,763.0,0.0,0.0,0.4089121887287025
36.0,6.0,36.0,0.6,0.1,0.6,2.0,763.0,0.0,0.0,0.4089121887287025
36.0,6.0,37.0,0.6,0.1,0.6,2.0,746.0,0.0,0.0,0.40884718498659517
36.0,6.0,38.0,0.6,0.1,0.6,2.0,735.0,0.0,0.0,0.4054421768707483
36.0,6.0,39.0,0.6,0.1,0.6,2.0,731.0,0.0,0.0,0.4062927496580027
36.0,6.0,40.0,0.6,0.1,0.6,2.0,734.0,0.0,0.0,0.40599455040871935
36.0,6.0,41.0,0.6,0.1,0.6,2.0,718.0,0.0,0.0,0.40947075208913647
36.0,6.0,42.0,0.6,0.1,0.6,2.0,722.0,0.0,0.0,0.4085872576177285
36.0,6.0,43.0,0.6,0.1,0.6,2.0,717.0,0.0,0.0,0.4086471408647141
36.0,6.0,44.0,0.6,0.1,0.6,2.0,719.0,0.0,0.0,0.40751043115438107
36.0,6.0,45.0,0.6,0.1,0.6,2.0,716.0,0.0,0.0,0.6578212290502793
36.0,6.0,46.0,0.6,0.1,0.6,2.0,707.0,0.0,0.0,0.6577086280056577
36.0,6.0,47.0,0.6,0.1,0.6,2.0,705.0,0.0,0.0,0.6624113475177305
36.0,6.0,48.0,0.6,0.1,0.6,2.0,704.0,0.0,0.0,0.6576704545454546
36.0,6.0,49.0,0.6,0.1,0.6,2.0,702.0,0.0,0.0,0.6623931623931624
36.0,6.0,50.0,0.6,0.1,0.6,2.0,702.0,0.0,0.0,0.6581196581196581
36.0,6.0,51.0,0.6,0.1,0.6,2.0,703.0,0.0,0.0,0.662873399715505
36.0,6.0,52.0,0.6,0.1,0.6,2.0,688.0,0.0,0.0,0.6555232558139535
36.0,7.0,1.0,0.6,0.1,0.6,2.0,685.0,0.0,0.0,0.6583941605839416
36.0,7.0,2.0,0.6,0.1,0.6,2.0,683.0,0.0,0.0,0.6544655929721815
36.0,7.0,3.0,0.6,0.1,0.6,2.0,680.0,0.0,0.0,0.6573529411764706
36.0,7.0,4.0,0.6,0.1,0.6,2.0,681.0,0.0,0.0,0.6534508076358296
36.0,7.0,5.0,0.6,0.1,0.6,2.0,680.0,0.0,0.0,0.6573529411764706
36.0,7.0,6.0,0.6,0.1,0.6,2.0,679.0,0.0,0.0,0.6524300441826215
36.0,7.0,7.0,0.6,0.1,0.6,2.0,676.0,0.0,0.0,0.6553254437869822
36.0,7.0,8.0,0.6,0.1,0.6,2.0,675.0,0.0,0.0,0.6518518518518519
36.0,7.0,9.0,0.6,0.1,0.6,2.0,671.0,0.0,0.0,0.6572280178837556
36.0,7.0,10.0,0.6,0.1,0.6,2.0,670.0,0.0,0.0,0.6537313432835821
36.0,7.0,11.0,0.6,0.1,0.6,2.0,668.0,0.0,0.0,0.655688622754491
36.0,7.0,12.0,0.6,0.1,0.6,2.0,670.0,0.0,0.0,0.6537313432835821
36.0,7.0,13.0,0.6,0.1,0.6,2.0,669.0,0.0,0.0,0.656203288490284
36.0,7.0,14.0,0.6,0.1,0.6,2.0,670.0,0.0,0.0,0.6537313432835821
36.0,7.0,15.0,0.6,0.1,0.6,2.0,650.0,0.0,0.0,0.6646153846153846
36.0,7.0,16.0,0.6,0.1,0.6,2.0,637.0,0.0,0.0,0.6593406593406593
36.0,7.0,17.0,0.6,0.1,0.6,2.0,636.0,0.0,0.0,0.6619496855345912
36.0,7.0,18.0,0.6,0.1,0.6,2.0,636.0,0.0,0.0,0.6588050314465409
36.0,7.0,19.0,0.6,0.1,0.6,2.0,636.0,0.0,0.0,0.6619496855345912
36.0,7.0,20.0,0.6,0.1,0.6,2.0,1197.0,0.0,0.0,0.3492063492063492
36.0,7.0,21.0,0.6,0.1,0.6,2.0,1165.0,0.0,0.0,0.35536480686695276
36.0,7.0,22.0,0.6,0.1,0.6,2.0,1156.0,0.0,0.0,0.35207612456747406
36.0,7.0,23.0,0.6,0.1,0.6,2.0,1066.0,0.0,0.0,0.3630393996247655
36.0,7.0,24.0,0.6,0.1,0.6,2.0,1054.0,0.0,0.0,0.3605313092979127
36.0,7.0,25.0,0.6,0.1,0.6,2.0,1028.0,0.0,0.0,0.3647859922178988
36.0,7.0,26.0,0.6,0.1,0.6,2.0,1008.0,0.0,0.0,0.36607142857142855
36.0,7.0,27.0,0.6,0.1,0.6,2.0,922.0,0.0,0.0,0.37635574837310193
36.0,7.0,28.0,0.6,0.1,0.6,2.0,914.0,0.0,0.0,0.3741794310722101
36.0,7.0,29.0,0.6,0.1,0.6,2.0,898.0,0.0,0.0,0.37973273942093544
36.0,7.0,30.0,0.6,0.1,0.6,2.0,887.0,0.0,0.0,0.3765501691093574
36.0,7.0,31.0,0.6,0.1,0.6,2.0,863.0,0.0,0.0,0.38122827346465815
36.0,7.0,32.0,0.6,0.1,0.6,2.0,835.0,0.0,0.0,0.38682634730538923
36.0,7.0,33.0,0.6,0.1,0.6,2.0,800.0,0.0,0.0,0.39125
36.0,7.0,34.0,0.6,0.1,0.6,2.0,792.0,0.0,0.0,0.39141414141414144
36.0,7.0,35.0,0.6,0.1,0.6,2.0,788.0,0.0,0.0,0.3934010152284264
36.0,7.0,36.0,0.6,0.1,0.6,2.0,789.0,0.0,0.0,0.39036755386565275
36.0,7.0,37.0,0.6,0.1,0.6,2.0,772.0,0.0,0.0,0.39378238341968913
36.0,7.0,38.0,0.6,0.1,0.6,2.0,773.0,0.0,0.0,0.3906856403622251
36.0,7.0,39.0,0.6,0.1,0.6,2.0,767.0,0.0,0.0,0.39374185136897
36.0,7.0,40.0,0.6,0.1,0.6,2.0,728.0,0.0,0.0,0.3914835164835165
36.0,7.0,41.0,0.6,0.1,0.6,2.0,722.0,0.0,0.0,0.3961218836565097
36.0,7.0,42.0,0.6,0.1,0.6,2.0,720.0,0.0,0.0,0.39305555555555555
36.0,7.0,43.0,0.6,0.1,0.6,2.0,679.0,0.0,0.0,0.39911634756995584
36.0,7.0,44.0,0.6,0.1,0.6,2.0,667.0,0.0,0.0,0.39580209895052476
36.0,7.0,45.0,0.6,0.1,0.6,2.0,657.0,0.0,0.0,0.649923896499239
36.0,7.0,46.0,0.6,0.1,0.6,2.0,641.0,0.0,0.0,0.6536661466458659
36.0,7.0,47.0,0.6,0.1,0.6,2.0,642.0,0.0,0.0,0.6542056074766355
36.0,7.0,48.0,0.6,0.1,0.6,2.0,641.0,0.0,0.0,0.6536661466458659
36.0,7.0,49.0,0.6,0.1,0.6,2.0,642.0,0.0,0.0,0.6542056074766355
36.0,7.0,50.0,0.6,0.1,0.6,2.0,641.0,0.0,0.0,0.6536661466458659
36.0,7.0,51.0,0.6,0.1,0.6,2.0,640.0,0.0,0.0,0.6546875
36.0,7.0,52.0,0.6,0.1,0.6,2.0,643.0,0.0,0.0,0.6516329704510109
36.0,8.0,1.0,0.6,0.1,0.6,2.0,627.0,0.0,0.0,0.6523125996810207
36.0,8.0,2.0,0.6,0.1,0.6,2.0,626.0,0.0,0.0,0.6517571884984026
36.0,8.0,3.0,0.6,0.1,0.6,2.0,621.0,0.0,0.0,0.6570048309178744
36.0,8.0,4.0,0.6,0.1,0.6,2.0,625.0,0.0,0.0,0.6512
36.0,8.0,5.0,0.6,0.1,0.6,2.0,621.0,0.0,0.0,0.6570048309178744
36.0,8.0,6.0,0.6,0.1,0.6,2.0,624.0,0.0,0.0,0.6522435897435898
36.0,8.0,7.0,0.6,0.1,0.6,2.0,620.0,0.0,0.0,0.6564516129032258
36.0,8.0,8.0,0.6,0.1,0.6,2.0,621.0,0.0,0.0,0.6537842190016103
36.0,8.0,9.0,0.6,0.1,0.6,2.0,618.0,0.0,0.0,0.656957928802589
36.0,8.0,10.0,0.6,0.1,0.6,2.0,618.0,0.0,0.0,0.6553398058252428
36.0,8.0,11.0,0.6,0.1,0.6,2.0,619.0,0.0,0.0,0.6575121163166397
36.0,8.0,12.0,0.6,0.1,0.6,2.0,617.0,0.0,0.0,0.6547811993517018
36.0,8.0,13.0,0.6,0.1,0.6,2.0,620.0,0.0,0.0,0.6564516129032258
36.0,8.0,14.0,0.6,0.1,0.6,2.0,615.0,0.0,0.0,0.656910569105691
36.0,8.0,15.0,0.6,0.1,0.6,2.0,620.0,0.0,0.0,0.6564516129032258
36.0,8.0,16.0,0.6,0.1,0.6,2.0,615.0,0.0,0.0,0.6552845528455284
36.0,8.0,17.0,0.6,0.1,0.6,2.0,619.0,0.0,0.0,0.6558966074313409
36.0,8.0,18.0,0.6,0.1,0.6,2.0,605.0,0.0,0.0,0.6545454545454545
36.0,8.0,19.0,0.6,0.1,0.6,2.0,607.0,0.0,0.0,0.657331136738056
36.0,8.0,20.0,0.6,0.1,0.6,2.0,1044.0,0.0,0.0,0.3793103448275862
36.0,8.0,21.0,0.6,0.1,0.6,2.0,1025.0,0.0,0.0,0.37853658536585366
36.0,8.0,22.0,0.6,0.1,0.6,2.0,1018.0,0.0,0.0,0.3781925343811395
36.0,8.0,23.0,0.6,0.1,0.6,2.0,1024.0,0.0,0.0,0.3779296875
36.0,8.0,24.0,0.6,0.1,0.6,2.0,987.0,0.0,0.0,0.3819655521783181
36.0,8.0,25.0,0.6,0.1,0.6,2.0,979.0,0.0,0.0,0.38508682328907046
36.0,8.0,26.0,0.6,0.1,0.6,2.0,940.0,0.0,0.0,0.3829787234042553
36.0,8.0,27.0,0.6,0.1,0.6,2.0,946.0,0.0,0.0,0.38477801268498946
36.0,8.0,28.0,0.6,0.1,0.6,2.0,901.0,0.0,0.0,0.3940066592674806
36.0,8.0,29.0,0.6,0.1,0.6,2.0,906.0,0.0,0.0,0.39514348785871967
36.0,8.0,30.0,0.6,0.1,0.6,2.0,855.0,0.0,0.0,0.4070175438596491
36.0,8.0,31.0,0.6,0.1,0.6,2.0,844.0,0.0,0.0,0.4075829383886256
36.0,8.0,32.0,0.6,0.1,0.6,2.0,839.0,0.0,0.0,0.4064362336114422
36.0,8.0,33.0,0.6,0.1,0.6,2.0,844.0,0.0,0.0,0.4075829383886256
36.0,8.0,34.0,0.6,0.1,0.6,2.0,816.0,0.0,0.0,0.41299019607843135
36.0,8.0,35.0,0.6,0.1,0.6,2.0,788.0,0.0,0.0,0.42385786802030456
36.0,8.0,36.0,0.6,0.1,0.6,2.0,782.0,0.0,0.0,0.4219948849104859
36.0,8.0,37.0,0.6,0.1,0.6,2.0,789.0,0.0,0.0,0.4233206590621039
36.0,8.0,38.0,0.6,0.1,0.6,2.0,758.0,0.0,0.0,0.420844327176781
36.0,8.0,39.0,0.6,0.1,0.6,2.0,766.0,0.0,0.0,0.4216710182767624
36.0,8.0,40.0,0.6,0.1,0.6,2.0,758.0,0.0,0.0,0.420844327176781
36.0,8.0,41.0,0.6,0.1,0.6,2.0,744.0,0.0,0.0,0.4274193548387097
36.0,8.0,42.0,0.6,0.1,0.6,2.0,711.0,0.0,0.0,0.43037974683544306
36.0,8.0,43.0,0.6,0.1,0.6,2.0,716.0,0.0,0.0,0.4329608938547486
36.0,8.0,44.0,0.6,0.1,0.6,2.0,712.0,0.0,0.0,0.4311797752808989
36.0,8.0,45.0,0.6,0.1,0.6,2.0,717.0,0.0,0.0,0.6638772663877266
36.0,8.0,46.0,0.6,0.1,0.6,2.0,713.0,0.0,0.0,0.6633941093969145
36.0,8.0,47.0,0.6,0.1,0.6,2.0,717.0,0.0,0.0,0.6638772663877266
36.0,8.0,48.0,0.6,0.1,0.6,2.0,713.0,0.0,0.0,0.6633941093969145
36.0,8.0,49.0,0.6,0.1,0.6,2.0,717.0,0.0,0.0,0.6638772663877266
36.0,8.0,50.0,0.6,0.1,0.6,2.0,685.0,0.0,0.0,0.6686131386861314
36.0,8.0,51.0,0.6,0.1,0.6,2.0,687.0,0.0,0.0,0.6710334788937409
36.0,8.0,52.0,0.6,0.1,0.6,2.0,685.0,0.0,0.0,0.6686131386861314
36.0,9.0,1.0,0.6,0.1,0.6,2.0,684.0,0.0,0.0,0.672514619883041
36.0,9.0,2.0,0.6,0.1,0.6,2.0,682.0,0.0,0.0,0.6700879765395894
36.0,9.0,3.0,0.6,0.1,0.6,2.0,684.0,0.0,0.0,0.672514619883041
36.0,9.0,4.0,0.6,0.1,0.6,2.0,681.0,0.0,0.0,0.6696035242290749
36.0,9.0,5.0,0.6,0.1,0.6,2.0,682.0,0.0,0.0,0.6730205278592375
36.0,9.0,6.0,0.6,0.1,0.6,2.0,684.0,0.0,0.0,0.6710526315789473
36.0,9.0,7.0,0.6,0.1,0.6,2.0,683.0,0.0,0.0,0.6720351390922401
36.0,9.0,8.0,0.6,0.1,0.6,2.0,683.0,0.0,0.0,0.6734992679355783
36.0,9.0,9.0,0.6,0.1,0.6,2.0,680.0,0.0,0.0,0.6705882352941176
36.0,9.0,10.0,0.6,0.1,0.6,2.0,679.0,0.0,0.0,0.6745213549337261
36.0,9.0,11.0,0.6,0.1,0.6,2.0,680.0,0.0,0.0,0.6705882352941176
36.0,9.0,12.0,0.6,0.1,0.6,2.0,678.0,0.0,0.0,0.6755162241887905
36.0,9.0,13.0,0.6,0.1,0.6,2.0,680.0,0.0,0.0,0.6720588235294118
36.0,9.0,14.0,0.6,0.1,0.6,2.0,680.0,0.0,0.0,0.675
36.0,9.0,15.0,0.6,0.1,0.6,2.0,680.0,0.0,0.0,0.6720588235294118
36.0,9.0,16.0,0.6,0.1,0.6,2.0,680.0,0.0,0.0,0.6764705882352942
36.0,9.0,17.0,0.6,0.1,0.6,2.0,680.0,0.0,0.0,0.6720588235294118
36.0,9.0,18.0,0.6,0.1,0.6,2.0,680.0,0.0,0.0,0.6764705882352942
36.0,9.0,19.0,0.6,0.1,0.6,2.0,679.0,0.0,0.0,0.6730486008836525
36.0,9.0,20.0,0.6,0.1,0.6,2.0,1168.0,0.0,0.0,0.3835616438356164
36.0,9.0,21.0,0.6,0.1,0.6,2.0,1092.0,0.0,0.0,0.38461538461538464
36.0,9.0,22.0,0.6,0.1,0.6,2.0,1072.0,0.0,0.0,0.3917910447761194
36.0,9.0,23.0,0.6,0.1,0.6,2.0,1028.0,0.0,0.0,0.39299610894941633
36.0,9.0,24.0,0.6,0.1,0.6,2.0,1027.0,0.0,0.0,0.39824732229795523
36.0,9.0,25.0,0.6,0.1,0.6,2.0,985.0,0.0,0.0,0.39695431472081216
36.0,9.0,26.0,0.6,0.1,0.6,2.0,938.0,0.0,0.0,0.4093816631130064
36.0,9.0,27.0,0.6,0.1,0.6,2.0,927.0,0.0,0.0,0.4045307443365696
36.0,9.0,28.0,0.6,0.1,0.6,2.0,912.0,0.0,0.0,0.4155701754385965
36.0,9.0,29.0,0.6,0.1,0.6,2.0,881.0,0.0,0.0,0.41430192962542567
36.0,9.0,30.0,0.6,0.1,0.6,2.0,868.0,0.0,0.0,0.423963133640553
36.0,9.0,31.0,0.6,0.1,0.6,2.0,857.0,0.0,0.0,0.41890315052508753
36.0,9.0,32.0,0.6,0.1,0.6,2.0,870.0,0.0,0.0,0.42298850574712643
36.0,9.0,33.0,0.6,0.1,0.6,2.0,835.0,0.0,0.0,0.41916167664670656
36.0,9.0,34.0,0.6,0.1,0.6,2.0,835.0,0.0,0.0,0.4227544910179641
36.0,9.0,35.0,0.6,0.1,0.6,2.0,822.0,0.0,0.0,0.4209245742092457
36.0,9.0,36.0,0.6,0.1,0.6,2.0,835.0,0.0,0.0,0.4227544910179641
36.0,9.0,37.0,0.6,0.1,0.6,2.0,822.0,0.0,0.0,0.4209245742092457
36.0,9.0,38.0,0.6,0.1,0.6,2.0,820.0,0.0,0.0,0.424390243902439
36.0,9.0,39.0,0.6,0.1,0.6,2.0,802.0,0.0,0.0,0.4226932668329177
36.0,9.0,40.0,0.6,0.1,0.6,2.0,786.0,0.0,0.0,0.42493638676844786
36.0,9.0,41.0,0.6,0.1,0.6,2.0,776.0,0.0,0.0,0.422680412371134
36.0,9.0,42.0,0.6,0.1,0.6,2.0,785.0,0.0,0.0,0.4267515923566879
36.0,9.0,43.0,0.6,0.1,0.6,2.0,775.0,0.0,0.0,0.4232258064516129
36.0,9.0,44.0,0.6,0.1,0.6,2.0,784.0,0.0,0.0,0.4272959183673469
36.0,9.0,45.0,0.6,0.1,0.6,2.0,774.0,0.0,0.0,0.661498708010336
36.0,9.0,46.0,0.6,0.1,0.6,2.0,773.0,0.0,0.0,0.666235446313066
36.0,9.0,47.0,0.6,0.1,0.6,2.0,763.0,0.0,0.0,0.6618610747051114
36.0,9.0,48.0,0.6,0.1,0.6,2.0,772.0,0.0,0.0,0.6658031088082902
36.0,9.0,49.0,0.6,0.1,0.6,2.0,763.0,0.0,0.0,0.6618610747051114
36.0,9.0,50.0,0.6,0.1,0.6,2.0,772.0,0.0,0.0,0.667098445595855
36.0,9.0,51.0,0.6,0.1,0.6,2.0,766.0,0.0,0.0,0.6631853785900783
36.0,9.0,52.0,0.6,0.1,0.6,2.0,760.0,0.0,0.0,0.6671052631578948
36.0,10.0,1.0,0.6,0.1,0.6,2.0,753.0,0.0,0.0,0.6640106241699867
36.0,10.0,2.0,0.6,0.1,0.6,2.0,758.0,0.0,0.0,0.6662269129287599
36.0,10.0,3.0,0.6,0.1,0.6,2.0,748.0,0.0,0.0,0.6657754010695187
36.0,10.0,4.0,0.6,0.1,0.6,2.0,755.0,0.0,0.0,0.6675496688741722
36.0,10.0,5.0,0.6,0.1,0.6,2.0,747.0,0.0,0.0,0.6653279785809906
36.0,10.0,6.0,0.6,0.1,0.6,2.0,756.0,0.0,0.0,0.667989417989418
36.0,10.0,7.0,0.6,0.1,0.6,2.0,747.0,0.0,0.0,0.6639892904953146
36.0,10.0,8.0,0.6,0.1,0.6,2.0,751.0,0.0,0.0,0.6671105193075899
36.0,10.0,9.0,0.6,0.1,0.6,2.0,745.0,0.0,0.0,0.6657718120805369
36.0,10.0,10.0,0.6,0.1,0.6,2.0,751.0,0.0,0.0,0.6671105193075899
36.0,10.0,11.0,0.6,0.1,0.6,2.0,743.0,0.0,0.0,0.6635262449528937
36.0,10.0,12.0,0.6,0.1,0.6,2.0,731.0,0.0,0.0,0.6716826265389877
36.0,10.0,13.0,0.6,0.1,0.6,2.0,725.0,0.0,0.0,0.670344827586207
36.0,10.0,14.0,0.6,0.1,0.6,2.0,731.0,0.0,0.0,0.6730506155950753
36.0,10.0,15.0,0.6,0.1,0.6,2.0,715.0,0.0,0.0,0.66993006993007
36.0,10.0,16.0,0.6,0.1,0.6,2.0,718.0,0.0,0.0,0.6727019498607242
36.0,10.0,17.0,0.6,0.1,0.6,2.0,714.0,0.0,0.0,0.6708683473389355
36.0,10.0,18.0,0.6,0.1,0.6,2.0,716.0,0.0,0.0,0.6731843575418994
36.0,10.0,19.0,0.6,0.1,0.6,2.0,688.0,0.0,0.0,0.6758720930232558
36.0,10.0,20.0,0.6,0.1,0.6,2.0,1218.0,0.0,0.0,0.3645320197044335
36.0,10.0,21.0,0.6,0.1,0.6,2.0,1174.0,0.0,0.0,0.36712095400340716
36.0,10.0,22.0,0.6,0.1,0.6,2.0,1146.0,0.0,0.0,0.36649214659685864
36.0,10.0,23.0,0.6,0.1,0.6,2.0,1109.0,0.0,0.0,0.36699729486023447
36.0,10.0,24.0,0.6,0.1,0.6,2.0,1089.0,0.0,0.0,0.3709825528007346
36.0,10.0,25.0,0.6,0.1,0.6,2.0,1053.0,0.0,0.0,0.3694207027540361
36.0,10.0,26.0,0.6,0.1,0.6,2.0,1011.0,0.0,0.0,0.37289812067260136
36.0,10.0,27.0,0.6,0.1,0.6,2.0,987.0,0.0,0.0,0.37487335359675783
36.0,10.0,28.0,0.6,0.1,0.6,2.0,960.0,0.0,0.0,0.3770833333333333
36.0,10.0,29.0,0.6,0.1,0.6,2.0,945.0,0.0,0.0,0.37777777777777777
36.0,10.0,30.0,0.6,0.1,0.6,2.0,948.0,0.0,0.0,0.37658227848101267
36.0,10.0,31.0,0.6,0.1,0.6,2.0,944.0,0.0,0.0,0.3781779661016949
36.0,10.0,32.0,0.6,0.1,0.6,2.0,919.0,0.0,0.0,0.3786724700761698
36.0,10.0,33.0,0.6,0.1,0.6,2.0,874.0,0.0,0.0,0.3901601830663616
36.0,10.0,34.0,0.6,0.1,0.6,2.0,852.0,0.0,0.0,0.392018779342723
36.0,10.0,35.0,0.6,0.1,0.6,2.0,833.0,0.0,0.0,0.3985594237695078
36.0,10.0,36.0,0.6,0.1,0.6,2.0,837.0,0.0,0.0,0.3966547192353644
36.0,10.0,37.0,0.6,0.1,0.6,2.0,810.0,0.0,0.0,0.4074074074074074
36.0,10.0,38.0,0.6,0.1,0.6,2.0,819.0,0.0,0.0,0.40293040293040294
36.0,10.0,39.0,0.6,0.1,0.6,2.0,827.0,0.0,0.0,0.40386940749697703
36.0,10.0,40.0,0.6,0.1,0.6,2.0,795.0,0.0,0.0,0.4050314465408805
36.0,10.0,41.0,0.6,0.1,0.6,2.0,795.0,0.0,0.0,0.4088050314465409
36.0,10.0,42.0,0.6,0.1,0.6,2.0,772.0,0.0,0.0,0.4067357512953368
36.0,10.0,43.0,0.6,0.1,0.6,2.0,768.0,0.0,0.0,0.4127604166666667
36.0,10.0,44.0,0.6,0.1,0.6,2.0,760.0,0.0,0.0,0.40789473684210525
36.0,10.0,45.0,0.6,0.1,0.6,2.0,749.0,0.0,0.0,0.6448598130841121
36.0,10.0,46.0,0.6,0.1,0.6,2.0,744.0,0.0,0.0,0.6478494623655914
36.0,10.0,47.0,0.6,0.1,0.6,2.0,748.0,0.0,0.0,0.6457219251336899
36.0,10.0,48.0,0.6,0.1,0.6,2.0,738.0,0.0,0.0,0.6490514905149052
36.0,10.0,49.0,0.6,0.1,0.6,2.0,751.0,0.0,0.0,0.644474034620506
36.0,10.0,50.0,0.6,0.1,0.6,2.0,741.0,0.0,0.0,0.6477732793522267
36.0,10.0,51.0,0.6,0.1,0.6,2.0,751.0,0.0,0.0,0.644474034620506
36.0,10.0,52.0,0.6,0.1,0.6,2.0,736.0,0.0,0.0,0.6521739130434783
37.0,1.0,1.0,0.6,0.1,0.6,2.0,5058.0,50.0,7.0,0.5887702649268486
37.0,1.0,2.0,0.6,0.1,0.6,2.0,5043.0,54.0,20.0,0.586357326987904
37.0,1.0,3.0,0.6,0.1,0.6,2.0,4966.0,62.0,30.0,0.5877970197341925
37.0,1.0,4.0,0.6,0.1,0.6,2.0,4915.0,62.0,33.0,0.5879959308240081
37.0,1.0,5.0,0.6,0.1,0.6,2.0,4940.0,64.0,34.0,0.5890688259109311
37.0,1.0,6.0,0.6,0.1,0.6,2.0,4838.0,77.0,31.0,0.5892930963207937
37.0,1.0,7.0,0.6,0.1,0.6,2.0,4625.0,75.0,34.0,0.588972972972973
37.0,1.0,8.0,0.6,0.1,0.6,2.0,4506.0,75.0,36.0,0.5932090545938749
37.0,1.0,9.0,0.6,0.1,0.6,2.0,4361.0,86.0,43.0,0.5964228387984407
37.0,1.0,10.0,0.6,0.1,0.6,2.0,4259.0,90.0,45.0,0.5992016905376849
37.0,1.0,11.0,0.6,0.1,0.6,2.0,4110.0,91.0,33.0,0.602676399026764
37.0,1.0,12.0,0.6,0.1,0.6,2.0,3964.0,82.0,37.0,0.6036831483350151
37.0,1.0,13.0,0.6,0.1,0.6,2.0,3858.0,72.0,34.0,0.6052358735095905
37.0,1.0,14.0,0.6,0.1,0.6,2.0,3751.0,85.0,39.0,0.6091708877632631
37.0,1.0,15.0,0.6,0.1,0.6,2.0,3656.0,75.0,38.0,0.6140590809628009
37.0,1.0,16.0,0.6,0.1,0.6,2.0,3596.0,70.0,34.0,0.6159621802002224
37.0,1.0,17.0,0.6,0.1,0.6,2.0,3542.0,67.0,38.0,0.6168831168831169
37.0,1.0,18.0,0.6,0.1,0.6,2.0,3525.0,58.0,30.0,0.6181560283687944
37.0,1.0,19.0,0.6,0.1,0.6,2.0,3464.0,52.0,32.0,0.6198036951501155
37.0,1.0,20.0,0.6,0.1,0.6,2.0,6445.0,41.0,27.0,0.3281613653995345
37.0,1.0,21.0,0.6,0.1,0.6,2.0,5996.0,63.0,23.0,0.3322214809873249
37.0,1.0,22.0,0.6,0.1,0.6,2.0,5712.0,60.0,14.0,0.33420868347338933
37.0,1.0,23.0,0.6,0.1,0.6,2.0,5502.0,75.0,24.0,0.33587786259541985
37.0,1.0,24.0,0.6,0.1,0.6,2.0,5295.0,79.0,34.0,0.33918791312559016
37.0,1.0,25.0,0.6,0.1,0.6,2.0,5027.0,87.0,40.0,0.34493733837278695
37.0,1.0,26.0,0.6,0.1,0.6,2.0,4687.0,91.0,38.0,0.3505440580328568
37.0,1.0,27.0,0.6,0.1,0.6,2.0,4462.0,97.0,37.0,0.35230838189152847
37.0,1.0,28.0,0.6,0.1,0.6,2.0,4337.0,102.0,34.0,0.354853585427715
37.0,1.0,29.0,0.6,0.1,0.6,2.0,4123.0,108.0,47.0,0.3592044627698278
37.0,1.0,30.0,0.6,0.1,0.6,2.0,3884.0,124.0,53.0,0.3650875386199794
37.0,1.0,31.0,0.6,0.1,0.6,2.0,3759.0,134.0,61.0,0.36738494280393724
37.0,1.0,32.0,0.6,0.1,0.6,2.0,3602.0,137.0,61.0,0.3717379233759023
37.0,1.0,33.0,0.6,0.1,0.6,2.0,3537.0,138.0,59.0,0.3737630760531524
37.0,1.0,34.0,0.6,0.1,0.6,2.0,3424.0,147.0,64.0,0.379088785046729
37.0,1.0,35.0,0.6,0.1,0.6,2.0,3348.0,147.0,77.0,0.38082437275985664
37.0,1.0,36.0,0.6,0.1,0.6,2.0,3218.0,155.0,80.0,0.3862647607209447
37.0,1.0,37.0,0.6,0.1,0.6,2.0,3067.0,160.0,76.0,0.3889794587544832
37.0,1.0,38.0,0.6,0.1,0.6,2.0,2973.0,158.0,62.0,0.3952236797847292
37.0,1.0,39.0,0.6,0.1,0.6,2.0,2917.0,159.0,72.0,0.39766883784710316
37.0,1.0,40.0,0.6,0.1,0.6,2.0,2734.0,157.0,73.0,0.40782735918068763
37.0,1.0,41.0,0.6,0.1,0.6,2.0,2654.0,146.0,74.0,0.4107008289374529
37.0,1.0,42.0,0.6,0.1,0.6,2.0,2530.0,139.0,67.0,0.4209486166007905
37.0,1.0,43.0,0.6,0.1,0.6,2.0,2465.0,126.0,69.0,0.4255578093306288
37.0,1.0,44.0,0.6,0.1,0.6,2.0,2386.0,124.0,60.0,0.4316848281642917
37.0,1.0,45.0,0.6,0.1,0.6,2.0,2310.0,116.0,55.0,0.664069264069264
37.0,1.0,46.0,0.6,0.1,0.6,2.0,2202.0,97.0,43.0,0.6707538601271571
37.0,1.0,47.0,0.6,0.1,0.6,2.0,2162.0,86.0,44.0,0.6725254394079556
37.0,1.0,48.0,0.6,0.1,0.6,2.0,2041.0,64.0,37.0,0.6741793238608526
37.0,1.0,49.0,0.6,0.1,0.6,2.0,1956.0,61.0,35.0,0.6794478527607362
37.0,1.0,50.0,0.6,0.1,0.6,2.0,1960.0,52.0,29.0,0.6801020408163265
37.0,1.0,51.0,0.6,0.1,0.6,2.0,1907.0,41.0,26.0,0.6811746198217095
37.0,1.0,52.0,0.6,0.1,0.6,2.0,1891.0,35.0,23.0,0.6837652035959809
37.0,2.0,1.0,0.6,0.1,0.6,2.0,1839.0,31.0,20.0,0.6829798803697662
37.0,2.0,2.0,0.6,0.1,0.6,2.0,1839.0,24.0,15.0,0.6873300706905927
37.0,2.0,3.0,0.6,0.1,0.6,2.0,1778.0,18.0,12.0,0.6861642294713161
37.0,2.0,4.0,0.6,0.1,0.6,2.0,1774.0,12.0,7.0,0.6888387824126269
37.0,2.0,5.0,0.6,0.1,0.6,2.0,1730.0,10.0,7.0,0.6884393063583815
37.0,2.0,6.0,0.6,0.1,0.6,2.0,1733.0,7.0,6.0,0.6907097518753607
37.0,2.0,7.0,0.6,0.1,0.6,2.0,1672.0,8.0,5.0,0.6854066985645934
37.0,2.0,8.0,0.6,0.1,0.6,2.0,1673.0,5.0,3.0,0.6885833831440527
37.0,2.0,9.0,0.6,0.1,0.6,2.0,1641.0,4.0,1.0,0.687995124923827
37.0,2.0,10.0,0.6,0.1,0.6,2.0,1602.0,4.0,1.0,0.6960049937578028
37.0,2.0,11.0,0.6,0.1,0.6,2.0,1570.0,5.0,3.0,0.6923566878980891
37.0,2.0,12.0,0.6,0.1,0.6,2.0,1560.0,5.0,3.0,0.6961538461538461
37.0,2.0,13.0,0.6,0.1,0.6,2.0,1531.0,7.0,4.0,0.6903984323971261
37.0,2.0,14.0,0.6,0.1,0.6,2.0,1528.0,4.0,1.0,0.6956806282722513
37.0,2.0,15.0,0.6,0.1,0.6,2.0,1499.0,4.0,3.0,0.6917945296864576
37.0,2.0,16.0,0.6,0.1,0.6,2.0,1483.0,4.0,3.0,0.693863789615644
37.0,2.0,17.0,0.6,0.1,0.6,2.0,1457.0,4.0,3.0,0.6904598490048044
37.0,2.0,18.0,0.6,0.1,0.6,2.0,1458.0,2.0,2.0,0.696159122085048
37.0,2.0,19.0,0.6,0.1,0.6,2.0,1428.0,1.0,1.0,0.688375350140056
37.0,2.0,20.0,0.6,0.1,0.6,2.0,2683.0,1.0,1.0,0.36936265374580696
37.0,2.0,21.0,0.6,0.1,0.6,2.0,2476.0,0.0,0.0,0.36873990306946686
37.0,2.0,22.0,0.6,0.1,0.6,2.0,2408.0,0.0,0.0,0.37250830564784054
37.0,2.0,23.0,0.6,0.1,0.6,2.0,2291.0,0.0,0.0,0.3731994762112615
37.0,2.0,24.0,0.6,0.1,0.6,2.0,2231.0,0.0,0.0,0.37651277454056475
37.0,2.0,25.0,0.6,0.1,0.6,2.0,2134.0,0.0,0.0,0.37488284910965325
37.0,2.0,26.0,0.6,0.1,0.6,2.0,2117.0,0.0,0.0,0.37128011336797356
37.0,2.0,27.0,0.6,0.1,0.6,2.0,2030.0,0.0,0.0,0.37438423645320196
37.0,2.0,28.0,0.6,0.1,0.6,2.0,1992.0,0.0,0.0,0.3790160642570281
37.0,2.0,29.0,0.6,0.1,0.6,2.0,1909.0,0.0,0.0,0.3761131482451545
37.0,2.0,30.0,0.6,0.1,0.6,2.0,1867.0,0.0,0.0,0.37707552222817353
37.0,2.0,31.0,0.6,0.1,0.6,2.0,1786.0,0.0,0.0,0.3840985442329227
37.0,2.0,32.0,0.6,0.1,0.6,2.0,1747.0,0.0,0.0,0.38294218660560964
37.0,2.0,33.0,0.6,0.1,0.6,2.0,1675.0,0.0,0.0,0.3856716417910448
37.0,2.0,34.0,0.6,0.1,0.6,2.0,1635.0,0.0,0.0,0.3834862385321101
37.0,2.0,35.0,0.6,0.1,0.6,2.0,1577.0,0.0,0.0,0.3874445149017121
37.0,2.0,36.0,0.6,0.1,0.6,2.0,1572.0,0.0,0.0,0.383587786259542
37.0,2.0,37.0,0.6,0.1,0.6,2.0,1532.0,0.0,0.0,0.38642297650130547
37.0,2.0,38.0,0.6,0.1,0.6,2.0,1496.0,0.0,0.0,0.3870320855614973
37.0,2.0,39.0,0.6,0.1,0.6,2.0,1440.0,0.0,0.0,0.3902777777777778
37.0,2.0,40.0,0.6,0.1,0.6,2.0,1420.0,0.0,0.0,0.39154929577464787
37.0,2.0,41.0,0.6,0.1,0.6,2.0,1387.0,0.0,0.0,0.39005046863734677
37.0,2.0,42.0,0.6,0.1,0.6,2.0,1363.0,0.0,0.0,0.3917828319882612
37.0,2.0,43.0,0.6,0.1,0.6,2.0,1331.0,0.0,0.0,0.39368895567242673
37.0,2.0,44.0,0.6,0.1,0.6,2.0,1329.0,0.0,0.0,0.3935289691497366
37.0,2.0,45.0,0.6,0.1,0.6,2.0,1281.0,0.0,0.0,0.6237314597970336
37.0,2.0,46.0,0.6,0.1,0.6,2.0,1287.0,0.0,0.0,0.627039627039627
37.0,2.0,47.0,0.6,0.1,0.6,2.0,1221.0,0.0,0.0,0.6273546273546273
37.0,2.0,48.0,0.6,0.1,0.6,2.0,1225.0,0.0,0.0,0.6326530612244898
37.0,2.0,49.0,0.6,0.1,0.6,2.0,1197.0,0.0,0.0,0.6299081035923141
37.0,2.0,50.0,0.6,0.1,0.6,2.0,1199.0,0.0,0.0,0.628023352793995
37.0,2.0,51.0,0.6,0.1,0.6,2.0,1189.0,0.0,0.0,0.6257359125315392
37.0,2.0,52.0,0.6,0.1,0.6,2.0,1183.0,0.0,0.0,0.6263736263736264
37.0,3.0,1.0,0.6,0.1,0.6,2.0,1163.0,0.0,0.0,0.6276870163370594
37.0,3.0,2.0,0.6,0.1,0.6,2.0,1129.0,0.0,0.0,0.6288751107174491
37.0,3.0,3.0,0.6,0.1,0.6,2.0,1117.0,0.0,0.0,0.6230975828111012
37.0,3.0,4.0,0.6,0.1,0.6,2.0,1111.0,0.0,0.0,0.6255625562556255
37.0,3.0,5.0,0.6,0.1,0.6,2.0,1099.0,0.0,0.0,0.6223839854413102
37.0,3.0,6.0,0.6,0.1,0.6,2.0,1087.0,0.0,0.0,0.62557497700092
37.0,3.0,7.0,0.6,0.1,0.6,2.0,1047.0,0.0,0.0,0.6246418338108882
37.0,3.0,8.0,0.6,0.1,0.6,2.0,1029.0,0.0,0.0,0.6297376093294461
37.0,3.0,9.0,0.6,0.1,0.6,2.0,1004.0,0.0,0.0,0.6254980079681275
37.0,3.0,10.0,0.6,0.1,0.6,2.0,998.0,0.0,0.0,0.6322645290581163
37.0,3.0,11.0,0.6,0.1,0.6,2.0,944.0,0.0,0.0,0.6366525423728814
37.0,3.0,12.0,0.6,0.1,0.6,2.0,953.0,0.0,0.0,0.6379853095487933
37.0,3.0,13.0,0.6,0.1,0.6,2.0,919.0,0.0,0.0,0.6376496191512514
37.0,3.0,14.0,0.6,0.1,0.6,2.0,925.0,0.0,0.0,0.6345945945945946
37.0,3.0,15.0,0.6,0.1,0.6,2.0,904.0,0.0,0.0,0.6360619469026548
37.0,3.0,16.0,0.6,0.1,0.6,2.0,915.0,0.0,0.0,0.6360655737704918
37.0,3.0,17.0,0.6,0.1,0.6,2.0,891.0,0.0,0.0,0.6341189674523008
37.0,3.0,18.0,0.6,0.1,0.6,2.0,901.0,0.0,0.0,0.6359600443951166
37.0,3.0,19.0,0.6,0.1,0.6,2.0,884.0,0.0,0.0,0.6334841628959276
37.0,3.0,20.0,0.6,0.1,0.6,2.0,1655.0,0.0,0.0,0.34259818731117825
37.0,3.0,21.0,0.6,0.1,0.6,2.0,1570.0,0.0,0.0,0.34777070063694265
37.0,3.0,22.0,0.6,0.1,0.6,2.0,1492.0,0.0,0.0,0.34718498659517427
37.0,3.0,23.0,0.6,0.1,0.6,2.0,1398.0,0.0,0.0,0.3547925608011445
37.0,3.0,24.0,0.6,0.1,0.6,2.0,1370.0,0.0,0.0,0.3532846715328467
37.0,3.0,25.0,0.6,0.1,0.6,2.0,1323.0,0.0,0.0,0.35525321239606955
37.0,3.0,26.0,0.6,0.1,0.6,2.0,1278.0,0.0,0.0,0.3615023474178404
37.0,3.0,27.0,0.6,0.1,0.6,2.0,1270.0,0.0,0.0,0.3637795275590551
37.0,3.0,28.0,0.6,0.1,0.6,2.0,1250.0,0.0,0.0,0.3608
37.0,3.0,29.0,0.6,0.1,0.6,2.0,1238.0,0.0,0.0,0.36268174474959614
37.0,3.0,30.0,0.6,0.1,0.6,2.0,1195.0,0.0,0.0,0.36652719665271966
37.0,3.0,31.0,0.6,0.1,0.6,2.0,1155.0,0.0,0.0,0.3696969696969697
37.0,3.0,32.0,0.6,0.1,0.6,2.0,1142.0,0.0,0.0,0.36427320490367776
37.0,3.0,33.0,0.6,0.1,0.6,2.0,1105.0,0.0,0.0,0.36742081447963804
37.0,3.0,34.0,0.6,0.1,0.6,2.0,1098.0,0.0,0.0,0.36247723132969034
37.0,3.0,35.0,0.6,0.1,0.6,2.0,1049.0,0.0,0.0,0.36606291706387034
37.0,3.0,36.0,0.6,0.1,0.6,2.0,1034.0,0.0,0.0,0.36363636363636365
37.0,3.0,37.0,0.6,0.1,0.6,2.0,985.0,0.0,0.0,0.35939086294416245
37.0,3.0,38.0,0.6,0.1,0.6,2.0,945.0,0.0,0.0,0.364021164021164
37.0,3.0,39.0,0.6,0.1,0.6,2.0,938.0,0.0,0.0,0.3624733475479744
37.0,3.0,40.0,0.6,0.1,0.6,2.0,931.0,0.0,0.0,0.359828141783029
37.0,3.0,41.0,0.6,0.1,0.6,2.0,890.0,0.0,0.0,0.3651685393258427
37.0,3.0,42.0,0.6,0.1,0.6,2.0,889.0,0.0,0.0,0.3577052868391451
37.0,3.0,43.0,0.6,0.1,0.6,2.0,875.0,0.0,0.0,0.36342857142857143
37.0,3.0,44.0,0.6,0.1,0.6,2.0,840.0,0.0,0.0,0.35595238095238096
37.0,3.0,45.0,0.6,0.1,0.6,2.0,830.0,0.0,0.0,0.6578313253012048
37.0,3.0,46.0,0.6,0.1,0.6,2.0,825.0,0.0,0.0,0.6521212121212121
37.0,3.0,47.0,0.6,0.1,0.6,2.0,809.0,0.0,0.0,0.6563658838071693
37.0,3.0,48.0,0.6,0.1,0.6,2.0,798.0,0.0,0.0,0.6516290726817042
37.0,3.0,49.0,0.6,0.1,0.6,2.0,763.0,0.0,0.0,0.6566186107470511
37.0,3.0,50.0,0.6,0.1,0.6,2.0,743.0,0.0,0.0,0.6554508748317631
37.0,3.0,51.0,0.6,0.1,0.6,2.0,726.0,0.0,0.0,0.6542699724517906
37.0,3.0,52.0,0.6,0.1,0.6,2.0,719.0,0.0,0.0,0.6536856745479833
37.0,4.0,1.0,0.6,0.1,0.6,2.0,713.0,0.0,0.0,0.6577840112201964
37.0,4.0,2.0,0.6,0.1,0.6,2.0,705.0,0.0,0.0,0.6539007092198581
37.0,4.0,3.0,0.6,0.1,0.6,2.0,703.0,0.0,0.0,0.6529160739687055
37.0,4.0,4.0,0.6,0.1,0.6,2.0,688.0,0.0,0.0,0.6526162790697675
37.0,4.0,5.0,0.6,0.1,0.6,2.0,677.0,0.0,0.0,0.654357459379616
37.0,4.0,6.0,0.6,0.1,0.6,2.0,665.0,0.0,0.0,0.6541353383458647
37.0,4.0,7.0,0.6,0.1,0.6,2.0,651.0,0.0,0.0,0.6559139784946236
37.0,4.0,8.0,0.6,0.1,0.6,2.0,648.0,0.0,0.0,0.6574074074074074
37.0,4.0,9.0,0.6,0.1,0.6,2.0,634.0,0.0,0.0,0.6593059936908517
37.0,4.0,10.0,0.6,0.1,0.6,2.0,627.0,0.0,0.0,0.6650717703349283
37.0,4.0,11.0,0.6,0.1,0.6,2.0,618.0,0.0,0.0,0.6650485436893204
37.0,4.0,12.0,0.6,0.1,0.6,2.0,610.0,0.0,0.0,0.6655737704918033
37.0,4.0,13.0,0.6,0.1,0.6,2.0,607.0,0.0,0.0,0.6622734761120264
37.0,4.0,14.0,0.6,0.1,0.6,2.0,606.0,0.0,0.0,0.6633663366336634
37.0,4.0,15.0,0.6,0.1,0.6,2.0,601.0,0.0,0.0,0.6622296173044925
37.0,4.0,16.0,0.6,0.1,0.6,2.0,600.0,0.0,0.0,0.6633333333333333
37.0,4.0,17.0,0.6,0.1,0.6,2.0,594.0,0.0,0.0,0.664983164983165
37.0,4.0,18.0,0.6,0.1,0.6,2.0,595.0,0.0,0.0,0.6638655462184874
37.0,4.0,19.0,0.6,0.1,0.6,2.0,591.0,0.0,0.0,0.6615905245346869
37.0,4.0,20.0,0.6,0.1,0.6,2.0,1077.0,0.0,0.0,0.36397400185701023
37.0,4.0,21.0,0.6,0.1,0.6,2.0,1070.0,0.0,0.0,0.36074766355140186
37.0,4.0,22.0,0.6,0.1,0.6,2.0,1075.0,0.0,0.0,0.36186046511627906
37.0,4.0,23.0,0.6,0.1,0.6,2.0,1034.0,0.0,0.0,0.3578336557059961
37.0,4.0,24.0,0.6,0.1,0.6,2.0,1019.0,0.0,0.0,0.36408243375858684
37.0,4.0,25.0,0.6,0.1,0.6,2.0,990.0,0.0,0.0,0.36262626262626263
37.0,4.0,26.0,0.6,0.1,0.6,2.0,961.0,0.0,0.0,0.3673257023933403
37.0,4.0,27.0,0.6,0.1,0.6,2.0,941.0,0.0,0.0,0.3687566418703507
37.0,4.0,28.0,0.6,0.1,0.6,2.0,924.0,0.0,0.0,0.37012987012987014
37.0,4.0,29.0,0.6,0.1,0.6,2.0,885.0,0.0,0.0,0.37740112994350283
37.0,4.0,30.0,0.6,0.1,0.6,2.0,881.0,0.0,0.0,0.376844494892168
37.0,4.0,31.0,0.6,0.1,0.6,2.0,874.0,0.0,0.0,0.37643020594965676
37.0,4.0,32.0,0.6,0.1,0.6,2.0,825.0,0.0,0.0,0.38545454545454544
37.0,4.0,33.0,0.6,0.1,0.6,2.0,802.0,0.0,0.0,0.38403990024937656
37.0,4.0,34.0,0.6,0.1,0.6,2.0,800.0,0.0,0.0,0.39
37.0,4.0,35.0,0.6,0.1,0.6,2.0,790.0,0.0,0.0,0.38354430379746834
37.0,4.0,36.0,0.6,0.1,0.6,2.0,776.0,0.0,0.0,0.38917525773195877
37.0,4.0,37.0,0.6,0.1,0.6,2.0,774.0,0.0,0.0,0.38242894056847543
37.0,4.0,38.0,0.6,0.1,0.6,2.0,756.0,0.0,0.0,0.3915343915343915
37.0,4.0,39.0,0.6,0.1,0.6,2.0,734.0,0.0,0.0,0.3896457765667575
37.0,4.0,40.0,0.6,0.1,0.6,2.0,743.0,0.0,0.0,0.39030955585464333
37.0,4.0,41.0,0.6,0.1,0.6,2.0,730.0,0.0,0.0,0.38767123287671235
37.0,4.0,42.0,0.6,0.1,0.6,2.0,731.0,0.0,0.0,0.3912448700410397
37.0,4.0,43.0,0.6,0.1,0.6,2.0,730.0,0.0,0.0,0.3863013698630137
37.0,4.0,44.0,0.6,0.1,0.6,2.0,729.0,0.0,0.0,0.3895747599451303
37.0,4.0,45.0,0.6,0.1,0.6,2.0,715.0,0.0,0.0,0.6433566433566433
37.0,4.0,46.0,0.6,0.1,0.6,2.0,700.0,0.0,0.0,0.6414285714285715
37.0,4.0,47.0,0.6,0.1,0.6,2.0,680.0,0.0,0.0,0.6426470588235295
37.0,4.0,48.0,0.6,0.1,0.6,2.0,677.0,0.0,0.0,0.6440177252584933
37.0,4.0,49.0,0.6,0.1,0.6,2.0,661.0,0.0,0.0,0.6459909228441755
37.0,4.0,50.0,0.6,0.1,0.6,2.0,669.0,0.0,0.0,0.6457399103139013
37.0,4.0,51.0,0.6,0.1,0.6,2.0,650.0,0.0,0.0,0.64
37.0,4.0,52.0,0.6,0.1,0.6,2.0,658.0,0.0,0.0,0.6428571428571429
37.0,5.0,1.0,0.6,0.1,0.6,2.0,648.0,0.0,0.0,0.6388888888888888
37.0,5.0,2.0,0.6,0.1,0.6,2.0,622.0,0.0,0.0,0.639871382636656
37.0,5.0,3.0,0.6,0.1,0.6,2.0,613.0,0.0,0.0,0.6411092985318108
37.0,5.0,4.0,0.6,0.1,0.6,2.0,605.0,0.0,0.0,0.6396694214876033
37.0,5.0,5.0,0.6,0.1,0.6,2.0,606.0,0.0,0.0,0.6402640264026402
37.0,5.0,6.0,0.6,0.1,0.6,2.0,599.0,0.0,0.0,0.6377295492487479
37.0,5.0,7.0,0.6,0.1,0.6,2.0,601.0,0.0,0.0,0.6389351081530782
37.0,5.0,8.0,0.6,0.1,0.6,2.0,591.0,0.0,0.0,0.6395939086294417
37.0,5.0,9.0,0.6,0.1,0.6,2.0,584.0,0.0,0.0,0.6455479452054794
37.0,5.0,10.0,0.6,0.1,0.6,2.0,577.0,0.0,0.0,0.6464471403812825
37.0,5.0,11.0,0.6,0.1,0.6,2.0,571.0,0.0,0.0,0.6514886164623468
37.0,5.0,12.0,0.6,0.1,0.6,2.0,561.0,0.0,0.0,0.6506238859180036
37.0,5.0,13.0,0.6,0.1,0.6,2.0,562.0,0.0,0.0,0.6494661921708185
37.0,5.0,14.0,0.6,0.1,0.6,2.0,553.0,0.0,0.0,0.6528028933092225
37.0,5.0,15.0,0.6,0.1,0.6,2.0,550.0,0.0,0.0,0.6581818181818182
37.0,5.0,16.0,0.6,0.1,0.6,2.0,543.0,0.0,0.0,0.6574585635359116
37.0,5.0,17.0,0.6,0.1,0.6,2.0,545.0,0.0,0.0,0.6605504587155964
37.0,5.0,18.0,0.6,0.1,0.6,2.0,539.0,0.0,0.0,0.6567717996289425
37.0,5.0,19.0,0.6,0.1,0.6,2.0,546.0,0.0,0.0,0.6593406593406593
37.0,5.0,20.0,0.6,0.1,0.6,2.0,939.0,0.0,0.0,0.3780617678381257
37.0,5.0,21.0,0.6,0.1,0.6,2.0,892.0,0.0,0.0,0.3811659192825112
37.0,5.0,22.0,0.6,0.1,0.6,2.0,885.0,0.0,0.0,0.37966101694915255
37.0,5.0,23.0,0.6,0.1,0.6,2.0,875.0,0.0,0.0,0.3862857142857143
37.0,5.0,24.0,0.6,0.1,0.6,2.0,825.0,0.0,0.0,0.4
37.0,5.0,25.0,0.6,0.1,0.6,2.0,828.0,0.0,0.0,0.40217391304347827
37.0,5.0,26.0,0.6,0.1,0.6,2.0,826.0,0.0,0.0,0.39709443099273606
37.0,5.0,27.0,0.6,0.1,0.6,2.0,818.0,0.0,0.0,0.4034229828850856
37.0,5.0,28.0,0.6,0.1,0.6,2.0,799.0,0.0,0.0,0.4030037546933667
37.0,5.0,29.0,0.6,0.1,0.6,2.0,794.0,0.0,0.0,0.4080604534005038
37.0,5.0,30.0,0.6,0.1,0.6,2.0,787.0,0.0,0.0,0.40533672172808133
37.0,5.0,31.0,0.6,0.1,0.6,2.0,794.0,0.0,0.0,0.4068010075566751
37.0,5.0,32.0,0.6,0.1,0.6,2.0,781.0,0.0,0.0,0.4058898847631242
37.0,5.0,33.0,0.6,0.1,0.6,2.0,756.0,0.0,0.0,0.414021164021164
37.0,5.0,34.0,0.6,0.1,0.6,2.0,743.0,0.0,0.0,0.4104979811574697
37.0,5.0,35.0,0.6,0.1,0.6,2.0,721.0,0.0,0.0,0.4160887656033287
37.0,5.0,36.0,0.6,0.1,0.6,2.0,724.0,0.0,0.0,0.4129834254143646
37.0,5.0,37.0,0.6,0.1,0.6,2.0,712.0,0.0,0.0,0.41151685393258425
37.0,5.0,38.0,0.6,0.1,0.6,2.0,709.0,0.0,0.0,0.4104372355430183
37.0,5.0,39.0,0.6,0.1,0.6,2.0,704.0,0.0,0.0,0.4119318181818182
37.0,5.0,40.0,0.6,0.1,0.6,2.0,689.0,0.0,0.0,0.41799709724238027
37.0,5.0,41.0,0.6,0.1,0.6,2.0,674.0,0.0,0.0,0.41839762611275966
37.0,5.0,42.0,0.6,0.1,0.6,2.0,677.0,0.0,0.0,0.41654357459379615
37.0,5.0,43.0,0.6,0.1,0.6,2.0,667.0,0.0,0.0,0.4197901049475262
37.0,5.0,44.0,0.6,0.1,0.6,2.0,671.0,0.0,0.0,0.4172876304023845
37.0,5.0,45.0,0.6,0.1,0.6,2.0,648.0,0.0,0.0,0.6481481481481481
37.0,5.0,46.0,0.6,0.1,0.6,2.0,651.0,0.0,0.0,0.6466973886328725
37.0,5.0,47.0,0.6,0.1,0.6,2.0,633.0,0.0,0.0,0.6492890995260664
37.0,5.0,48.0,0.6,0.1,0.6,2.0,625.0,0.0,0.0,0.6432
37.0,5.0,49.0,0.6,0.1,0.6,2.0,606.0,0.0,0.0,0.6518151815181518
37.0,5.0,50.0,0.6,0.1,0.6,2.0,611.0,0.0,0.0,0.6497545008183306
37.0,5.0,51.0,0.6,0.1,0.6,2.0,605.0,0.0,0.0,0.6479338842975206
37.0,5.0,52.0,0.6,0.1,0.6,2.0,605.0,0.0,0.0,0.6479338842975206
37.0,6.0,1.0,0.6,0.1,0.6,2.0,603.0,0.0,0.0,0.6467661691542289
37.0,6.0,2.0,0.6,0.1,0.6,2.0,603.0,0.0,0.0,0.6467661691542289
37.0,6.0,3.0,0.6,0.1,0.6,2.0,603.0,0.0,0.0,0.6451077943615257
37.0,6.0,4.0,0.6,0.1,0.6,2.0,598.0,0.0,0.0,0.6488294314381271
37.0,6.0,5.0,0.6,0.1,0.6,2.0,591.0,0.0,0.0,0.6463620981387479
37.0,6.0,6.0,0.6,0.1,0.6,2.0,591.0,0.0,0.0,0.6446700507614214
37.0,6.0,7.0,0.6,0.1,0.6,2.0,580.0,0.0,0.0,0.6431034482758621
37.0,6.0,8.0,0.6,0.1,0.6,2.0,580.0,0.0,0.0,0.6448275862068965
37.0,6.0,9.0,0.6,0.1,0.6,2.0,566.0,0.0,0.0,0.6554770318021201
37.0,6.0,10.0,0.6,0.1,0.6,2.0,561.0,0.0,0.0,0.6577540106951871
37.0,6.0,11.0,0.6,0.1,0.6,2.0,550.0,0.0,0.0,0.6636363636363637
37.0,6.0,12.0,0.6,0.1,0.6,2.0,556.0,0.0,0.0,0.6618705035971223
37.0,6.0,13.0,0.6,0.1,0.6,2.0,547.0,0.0,0.0,0.6691042047531993
37.0,6.0,14.0,0.6,0.1,0.6,2.0,553.0,0.0,0.0,0.6672694394213382
37.0,6.0,15.0,0.6,0.1,0.6,2.0,545.0,0.0,0.0,0.673394495412844
37.0,6.0,16.0,0.6,0.1,0.6,2.0,548.0,0.0,0.0,0.6715328467153284
37.0,6.0,17.0,0.6,0.1,0.6,2.0,536.0,0.0,0.0,0.6716417910447762
37.0,6.0,18.0,0.6,0.1,0.6,2.0,538.0,0.0,0.0,0.671003717472119
37.0,6.0,19.0,0.6,0.1,0.6,2.0,534.0,0.0,0.0,0.6741573033707865
37.0,6.0,20.0,0.6,0.1,0.6,2.0,985.0,0.0,0.0,0.36446700507614216
37.0,6.0,21.0,0.6,0.1,0.6,2.0,930.0,0.0,0.0,0.37311827956989246
37.0,6.0,22.0,0.6,0.1,0.6,2.0,899.0,0.0,0.0,0.3793103448275862
37.0,6.0,23.0,0.6,0.1,0.6,2.0,820.0,0.0,0.0,0.38170731707317074
37.0,6.0,24.0,0.6,0.1,0.6,2.0,811.0,0.0,0.0,0.3871763255240444
37.0,6.0,25.0,0.6,0.1,0.6,2.0,798.0,0.0,0.0,0.38847117794486213
37.0,6.0,26.0,0.6,0.1,0.6,2.0,781.0,0.0,0.0,0.3892445582586428
37.0,6.0,27.0,0.6,0.1,0.6,2.0,777.0,0.0,0.0,0.3886743886743887
37.0,6.0,28.0,0.6,0.1,0.6,2.0,776.0,0.0,0.0,0.3904639175257732
37.0,6.0,29.0,0.6,0.1,0.6,2.0,733.0,0.0,0.0,0.3874488403819918
37.0,6.0,30.0,0.6,0.1,0.6,2.0,740.0,0.0,0.0,0.3878378378378378
37.0,6.0,31.0,0.6,0.1,0.6,2.0,708.0,0.0,0.0,0.3884180790960452
37.0,6.0,32.0,0.6,0.1,0.6,2.0,703.0,0.0,0.0,0.39544807965860596
37.0,6.0,33.0,0.6,0.1,0.6,2.0,693.0,0.0,0.0,0.3924963924963925
37.0,6.0,34.0,0.6,0.1,0.6,2.0,679.0,0.0,0.0,0.3946980854197349
37.0,6.0,35.0,0.6,0.1,0.6,2.0,672.0,0.0,0.0,0.3943452380952381
37.0,6.0,36.0,0.6,0.1,0.6,2.0,673.0,0.0,0.0,0.3967310549777117
37.0,6.0,37.0,0.6,0.1,0.6,2.0,668.0,0.0,0.0,0.39520958083832336
37.0,6.0,38.0,0.6,0.1,0.6,2.0,656.0,0.0,0.0,0.39634146341463417
37.0,6.0,39.0,0.6,0.1,0.6,2.0,650.0,0.0,0.0,0.39384615384615385
37.0,6.0,40.0,0.6,0.1,0.6,2.0,649.0,0.0,0.0,0.39599383667180277
37.0,6.0,41.0,0.6,0.1,0.6,2.0,638.0,0.0,0.0,0.3981191222570533
37.0,6.0,42.0,0.6,0.1,0.6,2.0,644.0,0.0,0.0,0.39751552795031053
37.0,6.0,43.0,0.6,0.1,0.6,2.0,634.0,0.0,0.0,0.39747634069400634
37.0,6.0,44.0,0.6,0.1,0.6,2.0,638.0,0.0,0.0,0.3981191222570533
37.0,6.0,45.0,0.6,0.1,0.6,2.0,601.0,0.0,0.0,0.6306156405990017
37.0,6.0,46.0,0.6,0.1,0.6,2.0,612.0,0.0,0.0,0.6274509803921569
37.0,6.0,47.0,0.6,0.1,0.6,2.0,600.0,0.0,0.0,0.63
37.0,6.0,48.0,0.6,0.1,0.6,2.0,610.0,0.0,0.0,0.6262295081967213
37.0,6.0,49.0,0.6,0.1,0.6,2.0,570.0,0.0,0.0,0.6280701754385964
37.0,6.0,50.0,0.6,0.1,0.6,2.0,572.0,0.0,0.0,0.6241258741258742
37.0,6.0,51.0,0.6,0.1,0.6,2.0,565.0,0.0,0.0,0.6283185840707964
37.0,6.0,52.0,0.6,0.1,0.6,2.0,571.0,0.0,0.0,0.6252189141856392
37.0,7.0,1.0,0.6,0.1,0.6,2.0,561.0,0.0,0.0,0.6327985739750446
37.0,7.0,2.0,0.6,0.1,0.6,2.0,565.0,0.0,0.0,0.6247787610619469
37.0,7.0,3.0,0.6,0.1,0.6,2.0,554.0,0.0,0.0,0.6263537906137184
37.0,7.0,4.0,0.6,0.1,0.6,2.0,558.0,0.0,0.0,0.6218637992831542
37.0,7.0,5.0,0.6,0.1,0.6,2.0,551.0,0.0,0.0,0.6243194192377496
37.0,7.0,6.0,0.6,0.1,0.6,2.0,555.0,0.0,0.0,0.6216216216216216
37.0,7.0,7.0,0.6,0.1,0.6,2.0,544.0,0.0,0.0,0.6286764705882353
37.0,7.0,8.0,0.6,0.1,0.6,2.0,545.0,0.0,0.0,0.6238532110091743
37.0,7.0,9.0,0.6,0.1,0.6,2.0,530.0,0.0,0.0,0.630188679245283
37.0,7.0,10.0,0.6,0.1,0.6,2.0,531.0,0.0,0.0,0.6308851224105462
37.0,7.0,11.0,0.6,0.1,0.6,2.0,521.0,0.0,0.0,0.6333973128598849
37.0,7.0,12.0,0.6,0.1,0.6,2.0,522.0,0.0,0.0,0.6340996168582376
37.0,7.0,13.0,0.6,0.1,0.6,2.0,509.0,0.0,0.0,0.6444007858546169
37.0,7.0,14.0,0.6,0.1,0.6,2.0,513.0,0.0,0.0,0.6432748538011696
37.0,7.0,15.0,0.6,0.1,0.6,2.0,505.0,0.0,0.0,0.6396039603960396
37.0,7.0,16.0,0.6,0.1,0.6,2.0,505.0,0.0,0.0,0.6415841584158416
37.0,7.0,17.0,0.6,0.1,0.6,2.0,495.0,0.0,0.0,0.6424242424242425
37.0,7.0,18.0,0.6,0.1,0.6,2.0,498.0,0.0,0.0,0.6405622489959839
37.0,7.0,19.0,0.6,0.1,0.6,2.0,494.0,0.0,0.0,0.6396761133603239
37.0,7.0,20.0,0.6,0.1,0.6,2.0,890.0,0.0,0.0,0.35842696629213483
37.0,7.0,21.0,0.6,0.1,0.6,2.0,884.0,0.0,0.0,0.3563348416289593
37.0,7.0,22.0,0.6,0.1,0.6,2.0,855.0,0.0,0.0,0.3649122807017544
37.0,7.0,23.0,0.6,0.1,0.6,2.0,838.0,0.0,0.0,0.36992840095465396
37.0,7.0,24.0,0.6,0.1,0.6,2.0,797.0,0.0,0.0,0.3726474278544542
37.0,7.0,25.0,0.6,0.1,0.6,2.0,790.0,0.0,0.0,0.3721518987341772
37.0,7.0,26.0,0.6,0.1,0.6,2.0,761.0,0.0,0.0,0.37844940867279897
37.0,7.0,27.0,0.6,0.1,0.6,2.0,755.0,0.0,0.0,0.376158940397351
37.0,7.0,28.0,0.6,0.1,0.6,2.0,759.0,0.0,0.0,0.37812911725955206
37.0,7.0,29.0,0.6,0.1,0.6,2.0,729.0,0.0,0.0,0.37448559670781895
37.0,7.0,30.0,0.6,0.1,0.6,2.0,715.0,0.0,0.0,0.3804195804195804
37.0,7.0,31.0,0.6,0.1,0.6,2.0,705.0,0.0,0.0,0.375886524822695
37.0,7.0,32.0,0.6,0.1,0.6,2.0,688.0,0.0,0.0,0.3851744186046512
37.0,7.0,33.0,0.6,0.1,0.6,2.0,681.0,0.0,0.0,0.38472834067547723
37.0,7.0,34.0,0.6,0.1,0.6,2.0,677.0,0.0,0.0,0.38847858197932056
37.0,7.0,35.0,0.6,0.1,0.6,2.0,664.0,0.0,0.0,0.3885542168674699
37.0,7.0,36.0,0.6,0.1,0.6,2.0,661.0,0.0,0.0,0.3918305597579425
37.0,7.0,37.0,0.6,0.1,0.6,2.0,651.0,0.0,0.0,0.38863287250384027
37.0,7.0,38.0,0.6,0.1,0.6,2.0,648.0,0.0,0.0,0.39351851851851855
37.0,7.0,39.0,0.6,0.1,0.6,2.0,649.0,0.0,0.0,0.3898305084745763
37.0,7.0,40.0,0.6,0.1,0.6,2.0,615.0,0.0,0.0,0.3934959349593496
37.0,7.0,41.0,0.6,0.1,0.6,2.0,609.0,0.0,0.0,0.39408866995073893
37.0,7.0,42.0,0.6,0.1,0.6,2.0,590.0,0.0,0.0,0.3983050847457627
37.0,7.0,43.0,0.6,0.1,0.6,2.0,592.0,0.0,0.0,0.3952702702702703
37.0,7.0,44.0,0.6,0.1,0.6,2.0,568.0,0.0,0.0,0.40316901408450706
37.0,7.0,45.0,0.6,0.1,0.6,2.0,564.0,0.0,0.0,0.6578014184397163
37.0,7.0,46.0,0.6,0.1,0.6,2.0,561.0,0.0,0.0,0.6559714795008913
37.0,7.0,47.0,0.6,0.1,0.6,2.0,561.0,0.0,0.0,0.6577540106951871
37.0,7.0,48.0,0.6,0.1,0.6,2.0,558.0,0.0,0.0,0.6541218637992832
37.0,7.0,49.0,0.6,0.1,0.6,2.0,560.0,0.0,0.0,0.6571428571428571
37.0,7.0,50.0,0.6,0.1,0.6,2.0,556.0,0.0,0.0,0.6564748201438849
37.0,7.0,51.0,0.6,0.1,0.6,2.0,553.0,0.0,0.0,0.6582278481012658
37.0,7.0,52.0,0.6,0.1,0.6,2.0,556.0,0.0,0.0,0.6564748201438849
37.0,8.0,1.0,0.6,0.1,0.6,2.0,552.0,0.0,0.0,0.6594202898550725
37.0,8.0,2.0,0.6,0.1,0.6,2.0,553.0,0.0,0.0,0.6582278481012658
37.0,8.0,3.0,0.6,0.1,0.6,2.0,548.0,0.0,0.0,0.6605839416058394
37.0,8.0,4.0,0.6,0.1,0.6,2.0,552.0,0.0,0.0,0.6612318840579711
37.0,8.0,5.0,0.6,0.1,0.6,2.0,548.0,0.0,0.0,0.6642335766423357
37.0,8.0,6.0,0.6,0.1,0.6,2.0,550.0,0.0,0.0,0.6618181818181819
37.0,8.0,7.0,0.6,0.1,0.6,2.0,530.0,0.0,0.0,0.660377358490566
37.0,8.0,8.0,0.6,0.1,0.6,2.0,542.0,0.0,0.0,0.6623616236162362
37.0,8.0,9.0,0.6,0.1,0.6,2.0,530.0,0.0,0.0,0.660377358490566
37.0,8.0,10.0,0.6,0.1,0.6,2.0,535.0,0.0,0.0,0.6672897196261682
37.0,8.0,11.0,0.6,0.1,0.6,2.0,524.0,0.0,0.0,0.666030534351145
37.0,8.0,12.0,0.6,0.1,0.6,2.0,528.0,0.0,0.0,0.6723484848484849
37.0,8.0,13.0,0.6,0.1,0.6,2.0,515.0,0.0,0.0,0.6699029126213593
37.0,8.0,14.0,0.6,0.1,0.6,2.0,523.0,0.0,0.0,0.6749521988527725
37.0,8.0,15.0,0.6,0.1,0.6,2.0,511.0,0.0,0.0,0.6712328767123288
37.0,8.0,16.0,0.6,0.1,0.6,2.0,521.0,0.0,0.0,0.6775431861804223
37.0,8.0,17.0,0.6,0.1,0.6,2.0,499.0,0.0,0.0,0.6753507014028056
37.0,8.0,18.0,0.6,0.1,0.6,2.0,508.0,0.0,0.0,0.6811023622047244
37.0,8.0,19.0,0.6,0.1,0.6,2.0,496.0,0.0,0.0,0.6774193548387096
37.0,8.0,20.0,0.6,0.1,0.6,2.0,925.0,0.0,0.0,0.372972972972973
37.0,8.0,21.0,0.6,0.1,0.6,2.0,890.0,0.0,0.0,0.3741573033707865
37.0,8.0,22.0,0.6,0.1,0.6,2.0,893.0,0.0,0.0,0.3784994400895857
37.0,8.0,23.0,0.6,0.1,0.6,2.0,880.0,0.0,0.0,0.375
37.0,8.0,24.0,0.6,0.1,0.6,2.0,893.0,0.0,0.0,0.3784994400895857
37.0,8.0,25.0,0.6,0.1,0.6,2.0,839.0,0.0,0.0,0.37544696066746125
37.0,8.0,26.0,0.6,0.1,0.6,2.0,837.0,0.0,0.0,0.3823178016726404
37.0,8.0,27.0,0.6,0.1,0.6,2.0,826.0,0.0,0.0,0.3765133171912833
37.0,8.0,28.0,0.6,0.1,0.6,2.0,826.0,0.0,0.0,0.38256658595641646
37.0,8.0,29.0,0.6,0.1,0.6,2.0,800.0,0.0,0.0,0.37875
37.0,8.0,30.0,0.6,0.1,0.6,2.0,797.0,0.0,0.0,0.3877038895859473
37.0,8.0,31.0,0.6,0.1,0.6,2.0,787.0,0.0,0.0,0.38373570520965694
37.0,8.0,32.0,0.6,0.1,0.6,2.0,786.0,0.0,0.0,0.38549618320610685
37.0,8.0,33.0,0.6,0.1,0.6,2.0,750.0,0.0,0.0,0.388
37.0,8.0,34.0,0.6,0.1,0.6,2.0,757.0,0.0,0.0,0.39233817701453105
37.0,8.0,35.0,0.6,0.1,0.6,2.0,749.0,0.0,0.0,0.3871829105473965
37.0,8.0,36.0,0.6,0.1,0.6,2.0,725.0,0.0,0.0,0.3972413793103448
37.0,8.0,37.0,0.6,0.1,0.6,2.0,714.0,0.0,0.0,0.39215686274509803
37.0,8.0,38.0,0.6,0.1,0.6,2.0,724.0,0.0,0.0,0.39640883977900554
37.0,8.0,39.0,0.6,0.1,0.6,2.0,690.0,0.0,0.0,0.39710144927536234
37.0,8.0,40.0,0.6,0.1,0.6,2.0,678.0,0.0,0.0,0.40412979351032446
37.0,8.0,41.0,0.6,0.1,0.6,2.0,651.0,0.0,0.0,0.40860215053763443
37.0,8.0,42.0,0.6,0.1,0.6,2.0,660.0,0.0,0.0,0.4121212121212121
37.0,8.0,43.0,0.6,0.1,0.6,2.0,639.0,0.0,0.0,0.4084507042253521
37.0,8.0,44.0,0.6,0.1,0.6,2.0,649.0,0.0,0.0,0.41294298921417566
37.0,8.0,45.0,0.6,0.1,0.6,2.0,638.0,0.0,0.0,0.6504702194357367
37.0,8.0,46.0,0.6,0.1,0.6,2.0,645.0,0.0,0.0,0.6542635658914728
37.0,8.0,47.0,0.6,0.1,0.6,2.0,639.0,0.0,0.0,0.6494522691705791
37.0,8.0,48.0,0.6,0.1,0.6,2.0,634.0,0.0,0.0,0.6561514195583596
37.0,8.0,49.0,0.6,0.1,0.6,2.0,625.0,0.0,0.0,0.6528
37.0,8.0,50.0,0.6,0.1,0.6,2.0,629.0,0.0,0.0,0.6597774244833068
37.0,8.0,51.0,0.6,0.1,0.6,2.0,623.0,0.0,0.0,0.6532905296950241
37.0,8.0,52.0,0.6,0.1,0.6,2.0,630.0,0.0,0.0,0.6587301587301587
37.0,9.0,1.0,0.6,0.1,0.6,2.0,621.0,0.0,0.0,0.6553945249597424
37.0,9.0,2.0,0.6,0.1,0.6,2.0,626.0,0.0,0.0,0.6613418530351438
37.0,9.0,3.0,0.6,0.1,0.6,2.0,617.0,0.0,0.0,0.6580226904376013
37.0,9.0,4.0,0.6,0.1,0.6,2.0,622.0,0.0,0.0,0.6655948553054662
37.0,9.0,5.0,0.6,0.1,0.6,2.0,615.0,0.0,0.0,0.6601626016260163
37.0,9.0,6.0,0.6,0.1,0.6,2.0,619.0,0.0,0.0,0.6672051696284329
37.0,9.0,7.0,0.6,0.1,0.6,2.0,609.0,0.0,0.0,0.6617405582922824
37.0,9.0,8.0,0.6,0.1,0.6,2.0,616.0,0.0,0.0,0.6655844155844156
37.0,9.0,9.0,0.6,0.1,0.6,2.0,608.0,0.0,0.0,0.6644736842105263
37.0,9.0,10.0,0.6,0.1,0.6,2.0,615.0,0.0,0.0,0.6666666666666666
37.0,9.0,11.0,0.6,0.1,0.6,2.0,607.0,0.0,0.0,0.6655683690280065
37.0,9.0,12.0,0.6,0.1,0.6,2.0,612.0,0.0,0.0,0.6699346405228758
37.0,9.0,13.0,0.6,0.1,0.6,2.0,606.0,0.0,0.0,0.6666666666666666
37.0,9.0,14.0,0.6,0.1,0.6,2.0,609.0,0.0,0.0,0.6732348111658456
37.0,9.0,15.0,0.6,0.1,0.6,2.0,597.0,0.0,0.0,0.6733668341708543
37.0,9.0,16.0,0.6,0.1,0.6,2.0,602.0,0.0,0.0,0.6794019933554817
37.0,9.0,17.0,0.6,0.1,0.6,2.0,593.0,0.0,0.0,0.6762225969645869
37.0,9.0,18.0,0.6,0.1,0.6,2.0,599.0,0.0,0.0,0.6811352253756261
37.0,9.0,19.0,0.6,0.1,0.6,2.0,589.0,0.0,0.0,0.6774193548387096
37.0,9.0,20.0,0.6,0.1,0.6,2.0,1078.0,0.0,0.0,0.36178107606679033
37.0,9.0,21.0,0.6,0.1,0.6,2.0,1052.0,0.0,0.0,0.3593155893536122
37.0,9.0,22.0,0.6,0.1,0.6,2.0,1042.0,0.0,0.0,0.36084452975047987
37.0,9.0,23.0,0.6,0.1,0.6,2.0,1045.0,0.0,0.0,0.3588516746411483
37.0,9.0,24.0,0.6,0.1,0.6,2.0,976.0,0.0,0.0,0.3698770491803279
37.0,9.0,25.0,0.6,0.1,0.6,2.0,960.0,0.0,0.0,0.36770833333333336
37.0,9.0,26.0,0.6,0.1,0.6,2.0,953.0,0.0,0.0,0.3704092339979014
37.0,9.0,27.0,0.6,0.1,0.6,2.0,934.0,0.0,0.0,0.3693790149892934
37.0,9.0,28.0,0.6,0.1,0.6,2.0,932.0,0.0,0.0,0.3723175965665236
37.0,9.0,29.0,0.6,0.1,0.6,2.0,892.0,0.0,0.0,0.3778026905829596
37.0,9.0,30.0,0.6,0.1,0.6,2.0,891.0,0.0,0.0,0.38047138047138046
37.0,9.0,31.0,0.6,0.1,0.6,2.0,854.0,0.0,0.0,0.38524590163934425
37.0,9.0,32.0,0.6,0.1,0.6,2.0,869.0,0.0,0.0,0.38434982738780205
37.0,9.0,33.0,0.6,0.1,0.6,2.0,829.0,0.0,0.0,0.3884197828709288
37.0,9.0,34.0,0.6,0.1,0.6,2.0,800.0,0.0,0.0,0.395
37.0,9.0,35.0,0.6,0.1,0.6,2.0,781.0,0.0,0.0,0.39564660691421255
37.0,9.0,36.0,0.6,0.1,0.6,2.0,799.0,0.0,0.0,0.3954943679599499
37.0,9.0,37.0,0.6,0.1,0.6,2.0,745.0,0.0,0.0,0.4
37.0,9.0,38.0,0.6,0.1,0.6,2.0,758.0,0.0,0.0,0.3970976253298153
37.0,9.0,39.0,0.6,0.1,0.6,2.0,745.0,0.0,0.0,0.4
37.0,9.0,40.0,0.6,0.1,0.6,2.0,756.0,0.0,0.0,0.3994708994708995
37.0,9.0,41.0,0.6,0.1,0.6,2.0,742.0,0.0,0.0,0.40161725067385445
37.0,9.0,42.0,0.6,0.1,0.6,2.0,756.0,0.0,0.0,0.3994708994708995
37.0,9.0,43.0,0.6,0.1,0.6,2.0,713.0,0.0,0.0,0.40813464235624125
37.0,9.0,44.0,0.6,0.1,0.6,2.0,714.0,0.0,0.0,0.40476190476190477
37.0,9.0,45.0,0.6,0.1,0.6,2.0,700.0,0.0,0.0,0.6514285714285715
37.0,9.0,46.0,0.6,0.1,0.6,2.0,716.0,0.0,0.0,0.6480446927374302
37.0,9.0,47.0,0.6,0.1,0.6,2.0,701.0,0.0,0.0,0.651925820256776
37.0,9.0,48.0,0.6,0.1,0.6,2.0,716.0,0.0,0.0,0.6480446927374302
37.0,9.0,49.0,0.6,0.1,0.6,2.0,699.0,0.0,0.0,0.6509298998569385
37.0,9.0,50.0,0.6,0.1,0.6,2.0,678.0,0.0,0.0,0.6622418879056047
37.0,9.0,51.0,0.6,0.1,0.6,2.0,668.0,0.0,0.0,0.6631736526946108
37.0,9.0,52.0,0.6,0.1,0.6,2.0,679.0,0.0,0.0,0.6597938144329897
37.0,10.0,1.0,0.6,0.1,0.6,2.0,641.0,0.0,0.0,0.6677067082683308
37.0,10.0,2.0,0.6,0.1,0.6,2.0,655.0,0.0,0.0,0.665648854961832
37.0,10.0,3.0,0.6,0.1,0.6,2.0,642.0,0.0,0.0,0.6682242990654206
37.0,10.0,4.0,0.6,0.1,0.6,2.0,650.0,0.0,0.0,0.6661538461538462
37.0,10.0,5.0,0.6,0.1,0.6,2.0,641.0,0.0,0.0,0.6677067082683308
37.0,10.0,6.0,0.6,0.1,0.6,2.0,648.0,0.0,0.0,0.6651234567901234
37.0,10.0,7.0,0.6,0.1,0.6,2.0,623.0,0.0,0.0,0.6725521669341894
37.0,10.0,8.0,0.6,0.1,0.6,2.0,613.0,0.0,0.0,0.6737357259380098
37.0,10.0,9.0,0.6,0.1,0.6,2.0,611.0,0.0,0.0,0.67430441898527
37.0,10.0,10.0,0.6,0.1,0.6,2.0,610.0,0.0,0.0,0.6754098360655738
37.0,10.0,11.0,0.6,0.1,0.6,2.0,602.0,0.0,0.0,0.6794019933554817
37.0,10.0,12.0,0.6,0.1,0.6,2.0,602.0,0.0,0.0,0.6827242524916943
37.0,10.0,13.0,0.6,0.1,0.6,2.0,598.0,0.0,0.0,0.68561872909699
37.0,10.0,14.0,0.6,0.1,0.6,2.0,597.0,0.0,0.0,0.6850921273031826
37.0,10.0,15.0,0.6,0.1,0.6,2.0,594.0,0.0,0.0,0.6851851851851852
37.0,10.0,16.0,0.6,0.1,0.6,2.0,595.0,0.0,0.0,0.6857142857142857
37.0,10.0,17.0,0.6,0.1,0.6,2.0,594.0,0.0,0.0,0.6868686868686869
37.0,10.0,18.0,0.6,0.1,0.6,2.0,593.0,0.0,0.0,0.684654300168634
37.0,10.0,19.0,0.6,0.1,0.6,2.0,595.0,0.0,0.0,0.6873949579831933
37.0,10.0,20.0,0.6,0.1,0.6,2.0,1010.0,0.0,0.0,0.3821782178217822
37.0,10.0,21.0,0.6,0.1,0.6,2.0,992.0,0.0,0.0,0.3901209677419355
37.0,10.0,22.0,0.6,0.1,0.6,2.0,972.0,0.0,0.0,0.3816872427983539
37.0,10.0,23.0,0.6,0.1,0.6,2.0,950.0,0.0,0.0,0.3873684210526316
37.0,10.0,24.0,0.6,0.1,0.6,2.0,941.0,0.0,0.0,0.383634431455898
37.0,10.0,25.0,0.6,0.1,0.6,2.0,918.0,0.0,0.0,0.39106753812636164
37.0,10.0,26.0,0.6,0.1,0.6,2.0,911.0,0.0,0.0,0.38638858397365533
37.0,10.0,27.0,0.6,0.1,0.6,2.0,830.0,0.0,0.0,0.39397590361445783
37.0,10.0,28.0,0.6,0.1,0.6,2.0,838.0,0.0,0.0,0.3902147971360382
37.0,10.0,29.0,0.6,0.1,0.6,2.0,803.0,0.0,0.0,0.39476961394769616
37.0,10.0,30.0,0.6,0.1,0.6,2.0,803.0,0.0,0.0,0.38978829389788294
37.0,10.0,31.0,0.6,0.1,0.6,2.0,757.0,0.0,0.0,0.4002642007926024
37.0,10.0,32.0,0.6,0.1,0.6,2.0,768.0,0.0,0.0,0.3958333333333333
37.0,10.0,33.0,0.6,0.1,0.6,2.0,757.0,0.0,0.0,0.4002642007926024
37.0,10.0,34.0,0.6,0.1,0.6,2.0,767.0,0.0,0.0,0.3963494132985658
37.0,10.0,35.0,0.6,0.1,0.6,2.0,743.0,0.0,0.0,0.4037685060565276
37.0,10.0,36.0,0.6,0.1,0.6,2.0,739.0,0.0,0.0,0.401894451962111
37.0,10.0,37.0,0.6,0.1,0.6,2.0,708.0,0.0,0.0,0.4138418079096045
37.0,10.0,38.0,0.6,0.1,0.6,2.0,715.0,0.0,0.0,0.4083916083916084
37.0,10.0,39.0,0.6,0.1,0.6,2.0,708.0,0.0,0.0,0.4138418079096045
37.0,10.0,40.0,0.6,0.1,0.6,2.0,715.0,0.0,0.0,0.4083916083916084
37.0,10.0,41.0,0.6,0.1,0.6,2.0,708.0,0.0,0.0,0.4138418079096045
37.0,10.0,42.0,0.6,0.1,0.6,2.0,702.0,0.0,0.0,0.41452991452991456
37.0,10.0,43.0,0.6,0.1,0.6,2.0,695.0,0.0,0.0,0.4201438848920863
37.0,10.0,44.0,0.6,0.1,0.6,2.0,699.0,0.0,0.0,0.41630901287553645
37.0,10.0,45.0,0.6,0.1,0.6,2.0,693.0,0.0,0.0,0.6378066378066378
37.0,10.0,46.0,0.6,0.1,0.6,2.0,697.0,0.0,0.0,0.6370157819225251
37.0,10.0,47.0,0.6,0.1,0.6,2.0,693.0,0.0,0.0,0.6378066378066378
37.0,10.0,48.0,0.6,0.1,0.6,2.0,700.0,0.0,0.0,0.6357142857142857
37.0,10.0,49.0,0.6,0.1,0.6,2.0,694.0,0.0,0.0,0.638328530259366
37.0,10.0,50.0,0.6,0.1,0.6,2.0,691.0,0.0,0.0,0.6410998552821997
37.0,10.0,51.0,0.6,0.1,0.6,2.0,679.0,0.0,0.0,0.6421207658321061
37.0,10.0,52.0,0.6,0.1,0.6,2.0,677.0,0.0,0.0,0.6410635155096012
38.0,1.0,1.0,0.6,0.1,0.6,2.0,5162.0,51.0,8.0,0.5927934908950019
38.0,1.0,2.0,0.6,0.1,0.6,2.0,5106.0,53.0,19.0,0.5912651782217
38.0,1.0,3.0,0.6,0.1,0.6,2.0,4979.0,51.0,27.0,0.5930909821249247
38.0,1.0,4.0,0.6,0.1,0.6,2.0,4876.0,52.0,30.0,0.5933141919606235
38.0,1.0,5.0,0.6,0.1,0.6,2.0,4914.0,55.0,25.0,0.592999592999593
38.0,1.0,6.0,0.6,0.1,0.6,2.0,4711.0,64.0,29.0,0.5937168329441732
38.0,1.0,7.0,0.6,0.1,0.6,2.0,4487.0,49.0,22.0,0.5954981056385112
38.0,1.0,8.0,0.6,0.1,0.6,2.0,4359.0,52.0,25.0,0.596696490020647
38.0,1.0,9.0,0.6,0.1,0.6,2.0,4220.0,49.0,23.0,0.5973933649289099
38.0,1.0,10.0,0.6,0.1,0.6,2.0,4086.0,46.0,19.0,0.6013215859030837
38.0,1.0,11.0,0.6,0.1,0.6,2.0,3959.0,49.0,20.0,0.6031826218742107
38.0,1.0,12.0,0.6,0.1,0.6,2.0,3831.0,50.0,23.0,0.6068911511354738
38.0,1.0,13.0,0.6,0.1,0.6,2.0,3782.0,57.0,23.0,0.606292966684294
38.0,1.0,14.0,0.6,0.1,0.6,2.0,3707.0,53.0,23.0,0.6099271648233072
38.0,1.0,15.0,0.6,0.1,0.6,2.0,3605.0,50.0,24.0,0.6094313453536755
38.0,1.0,16.0,0.6,0.1,0.6,2.0,3510.0,52.0,31.0,0.6125356125356125
38.0,1.0,17.0,0.6,0.1,0.6,2.0,3441.0,48.0,24.0,0.6131938390002906
38.0,1.0,18.0,0.6,0.1,0.6,2.0,3396.0,48.0,19.0,0.6160188457008245
38.0,1.0,19.0,0.6,0.1,0.6,2.0,3360.0,43.0,20.0,0.6151785714285715
38.0,1.0,20.0,0.6,0.1,0.6,2.0,6290.0,47.0,27.0,0.32368839427662954
38.0,1.0,21.0,0.6,0.1,0.6,2.0,5797.0,63.0,26.0,0.32465068138692427
38.0,1.0,22.0,0.6,0.1,0.6,2.0,5496.0,70.0,25.0,0.3269650655021834
38.0,1.0,23.0,0.6,0.1,0.6,2.0,5226.0,85.0,26.0,0.33275928052047454
38.0,1.0,24.0,0.6,0.1,0.6,2.0,4914.0,99.0,32.0,0.3363858363858364
38.0,1.0,25.0,0.6,0.1,0.6,2.0,4717.0,111.0,45.0,0.33792664829340685
38.0,1.0,26.0,0.6,0.1,0.6,2.0,4532.0,146.0,53.0,0.3411297440423654
38.0,1.0,27.0,0.6,0.1,0.6,2.0,4355.0,159.0,66.0,0.34695752009184844
38.0,1.0,28.0,0.6,0.1,0.6,2.0,4234.0,162.0,61.0,0.3504959848842702
38.0,1.0,29.0,0.6,0.1,0.6,2.0,4047.0,166.0,68.0,0.3568075117370892
38.0,1.0,30.0,0.6,0.1,0.6,2.0,3960.0,183.0,76.0,0.3595959595959596
38.0,1.0,31.0,0.6,0.1,0.6,2.0,3735.0,175.0,79.0,0.36572958500669345
38.0,1.0,32.0,0.6,0.1,0.6,2.0,3616.0,169.0,83.0,0.3678097345132743
38.0,1.0,33.0,0.6,0.1,0.6,2.0,3464.0,164.0,72.0,0.37355658198614317
38.0,1.0,34.0,0.6,0.1,0.6,2.0,3322.0,174.0,71.0,0.378687537627935
38.0,1.0,35.0,0.6,0.1,0.6,2.0,3222.0,162.0,62.0,0.38423339540657975
38.0,1.0,36.0,0.6,0.1,0.6,2.0,3129.0,162.0,73.0,0.3895813358900607
38.0,1.0,37.0,0.6,0.1,0.6,2.0,3056.0,171.0,85.0,0.39168848167539266
38.0,1.0,38.0,0.6,0.1,0.6,2.0,2955.0,177.0,90.0,0.39526226734348563
38.0,1.0,39.0,0.6,0.1,0.6,2.0,2862.0,172.0,83.0,0.39937106918238996
38.0,1.0,40.0,0.6,0.1,0.6,2.0,2769.0,168.0,77.0,0.40303358613217766
38.0,1.0,41.0,0.6,0.1,0.6,2.0,2645.0,160.0,69.0,0.40945179584120983
38.0,1.0,42.0,0.6,0.1,0.6,2.0,2548.0,150.0,73.0,0.4171899529042386
38.0,1.0,43.0,0.6,0.1,0.6,2.0,2456.0,143.0,74.0,0.4234527687296417
38.0,1.0,44.0,0.6,0.1,0.6,2.0,2341.0,139.0,71.0,0.4318667236223836
38.0,1.0,45.0,0.6,0.1,0.6,2.0,2265.0,132.0,55.0,0.6688741721854304
38.0,1.0,46.0,0.6,0.1,0.6,2.0,2202.0,117.0,56.0,0.6766575840145322
38.0,1.0,47.0,0.6,0.1,0.6,2.0,2059.0,91.0,55.0,0.6799417192812045
38.0,1.0,48.0,0.6,0.1,0.6,2.0,2018.0,96.0,59.0,0.6858275520317145
38.0,1.0,49.0,0.6,0.1,0.6,2.0,1962.0,78.0,45.0,0.6896024464831805
38.0,1.0,50.0,0.6,0.1,0.6,2.0,1929.0,64.0,35.0,0.6946604458268533
38.0,1.0,51.0,0.6,0.1,0.6,2.0,1889.0,57.0,29.0,0.6961355214399153
38.0,1.0,52.0,0.6,0.1,0.6,2.0,1853.0,54.0,33.0,0.6999460334592552
38.0,2.0,1.0,0.6,0.1,0.6,2.0,1799.0,44.0,27.0,0.7031684269038355
38.0,2.0,2.0,0.6,0.1,0.6,2.0,1760.0,38.0,26.0,0.7073863636363636
38.0,2.0,3.0,0.6,0.1,0.6,2.0,1736.0,27.0,16.0,0.7079493087557603
38.0,2.0,4.0,0.6,0.1,0.6,2.0,1709.0,22.0,12.0,0.7126974839087186
38.0,2.0,5.0,0.6,0.1,0.6,2.0,1683.0,17.0,11.0,0.7136066547831253
38.0,2.0,6.0,0.6,0.1,0.6,2.0,1664.0,15.0,12.0,0.7157451923076923
38.0,2.0,7.0,0.6,0.1,0.6,2.0,1628.0,13.0,10.0,0.7125307125307125
38.0,2.0,8.0,0.6,0.1,0.6,2.0,1586.0,11.0,6.0,0.7168978562421185
38.0,2.0,9.0,0.6,0.1,0.6,2.0,1554.0,8.0,5.0,0.7175032175032175
38.0,2.0,10.0,0.6,0.1,0.6,2.0,1515.0,6.0,3.0,0.7201320132013201
38.0,2.0,11.0,0.6,0.1,0.6,2.0,1504.0,6.0,2.0,0.7207446808510638
38.0,2.0,12.0,0.6,0.1,0.6,2.0,1466.0,5.0,2.0,0.7203274215552524
38.0,2.0,13.0,0.6,0.1,0.6,2.0,1457.0,5.0,5.0,0.7206588881262869
38.0,2.0,14.0,0.6,0.1,0.6,2.0,1423.0,5.0,5.0,0.7203092059030218
38.0,2.0,15.0,0.6,0.1,0.6,2.0,1404.0,2.0,2.0,0.7222222222222222
38.0,2.0,16.0,0.6,0.1,0.6,2.0,1391.0,0.0,0.0,0.7232207045291158
38.0,2.0,17.0,0.6,0.1,0.6,2.0,1370.0,0.0,0.0,0.7248175182481752
38.0,2.0,18.0,0.6,0.1,0.6,2.0,1361.0,0.0,0.0,0.7244673034533431
38.0,2.0,19.0,0.6,0.1,0.6,2.0,1355.0,0.0,0.0,0.7239852398523985
38.0,2.0,20.0,0.6,0.1,0.6,2.0,2437.0,0.0,0.0,0.3881821912187115
38.0,2.0,21.0,0.6,0.1,0.6,2.0,2318.0,0.0,0.0,0.3908541846419327
38.0,2.0,22.0,0.6,0.1,0.6,2.0,2244.0,0.0,0.0,0.392602495543672
38.0,2.0,23.0,0.6,0.1,0.6,2.0,2158.0,0.0,0.0,0.397126969416126
38.0,2.0,24.0,0.6,0.1,0.6,2.0,2136.0,0.0,0.0,0.39653558052434457
38.0,2.0,25.0,0.6,0.1,0.6,2.0,2065.0,0.0,0.0,0.39709443099273606
38.0,2.0,26.0,0.6,0.1,0.6,2.0,2018.0,0.0,0.0,0.3949454905847374
38.0,2.0,27.0,0.6,0.1,0.6,2.0,1965.0,0.0,0.0,0.40050890585241733
38.0,2.0,28.0,0.6,0.1,0.6,2.0,1926.0,0.0,0.0,0.39927310488058154
38.0,2.0,29.0,0.6,0.1,0.6,2.0,1870.0,0.0,0.0,0.40802139037433155
38.0,2.0,30.0,0.6,0.1,0.6,2.0,1832.0,0.0,0.0,0.40338427947598254
38.0,2.0,31.0,0.6,0.1,0.6,2.0,1768.0,0.0,0.0,0.4111990950226244
38.0,2.0,32.0,0.6,0.1,0.6,2.0,1774.0,0.0,0.0,0.40529875986471253
38.0,2.0,33.0,0.6,0.1,0.6,2.0,1699.0,0.0,0.0,0.4043555032371984
38.0,2.0,34.0,0.6,0.1,0.6,2.0,1662.0,0.0,0.0,0.4043321299638989
38.0,2.0,35.0,0.6,0.1,0.6,2.0,1647.0,0.0,0.0,0.40619307832422585
38.0,2.0,36.0,0.6,0.1,0.6,2.0,1624.0,0.0,0.0,0.4064039408866995
38.0,2.0,37.0,0.6,0.1,0.6,2.0,1551.0,0.0,0.0,0.41328175370728565
38.0,2.0,38.0,0.6,0.1,0.6,2.0,1530.0,0.0,0.0,0.40980392156862744
38.0,2.0,39.0,0.6,0.1,0.6,2.0,1458.0,0.0,0.0,0.41426611796982166
38.0,2.0,40.0,0.6,0.1,0.6,2.0,1414.0,0.0,0.0,0.41654879773691655
38.0,2.0,41.0,0.6,0.1,0.6,2.0,1363.0,0.0,0.0,0.41966250917094644
38.0,2.0,42.0,0.6,0.1,0.6,2.0,1349.0,0.0,0.0,0.4173461823573017
38.0,2.0,43.0,0.6,0.1,0.6,2.0,1324.0,0.0,0.0,0.4161631419939577
38.0,2.0,44.0,0.6,0.1,0.6,2.0,1312.0,0.0,0.0,0.4146341463414634
38.0,2.0,45.0,0.6,0.1,0.6,2.0,1289.0,0.0,0.0,0.65244375484872
38.0,2.0,46.0,0.6,0.1,0.6,2.0,1270.0,0.0,0.0,0.6503937007874016
38.0,2.0,47.0,0.6,0.1,0.6,2.0,1260.0,0.0,0.0,0.6507936507936508
38.0,2.0,48.0,0.6,0.1,0.6,2.0,1242.0,0.0,0.0,0.6505636070853462
38.0,2.0,49.0,0.6,0.1,0.6,2.0,1238.0,0.0,0.0,0.6510500807754442
38.0,2.0,50.0,0.6,0.1,0.6,2.0,1225.0,0.0,0.0,0.649795918367347
38.0,2.0,51.0,0.6,0.1,0.6,2.0,1209.0,0.0,0.0,0.6517783291976841
38.0,2.0,52.0,0.6,0.1,0.6,2.0,1179.0,0.0,0.0,0.6564885496183206
38.0,3.0,1.0,0.6,0.1,0.6,2.0,1149.0,0.0,0.0,0.6614447345517842
38.0,3.0,2.0,0.6,0.1,0.6,2.0,1122.0,0.0,0.0,0.6631016042780749
38.0,3.0,3.0,0.6,0.1,0.6,2.0,1122.0,0.0,0.0,0.6631016042780749
38.0,3.0,4.0,0.6,0.1,0.6,2.0,1121.0,0.0,0.0,0.6619090098126673
38.0,3.0,5.0,0.6,0.1,0.6,2.0,1111.0,0.0,0.0,0.6606660666066607
38.0,3.0,6.0,0.6,0.1,0.6,2.0,1105.0,0.0,0.0,0.6579185520361991
38.0,3.0,7.0,0.6,0.1,0.6,2.0,1097.0,0.0,0.0,0.6572470373746582
38.0,3.0,8.0,0.6,0.1,0.6,2.0,1088.0,0.0,0.0,0.65625
38.0,3.0,9.0,0.6,0.1,0.6,2.0,1045.0,0.0,0.0,0.6650717703349283
38.0,3.0,10.0,0.6,0.1,0.6,2.0,1035.0,0.0,0.0,0.663768115942029
38.0,3.0,11.0,0.6,0.1,0.6,2.0,1026.0,0.0,0.0,0.665692007797271
38.0,3.0,12.0,0.6,0.1,0.6,2.0,992.0,0.0,0.0,0.6663306451612904
38.0,3.0,13.0,0.6,0.1,0.6,2.0,977.0,0.0,0.0,0.6693961105424769
38.0,3.0,14.0,0.6,0.1,0.6,2.0,970.0,0.0,0.0,0.6649484536082474
38.0,3.0,15.0,0.6,0.1,0.6,2.0,958.0,0.0,0.0,0.6711899791231732
38.0,3.0,16.0,0.6,0.1,0.6,2.0,956.0,0.0,0.0,0.6694560669456067
38.0,3.0,17.0,0.6,0.1,0.6,2.0,945.0,0.0,0.0,0.671957671957672
38.0,3.0,18.0,0.6,0.1,0.6,2.0,942.0,0.0,0.0,0.6709129511677282
38.0,3.0,19.0,0.6,0.1,0.6,2.0,921.0,0.0,0.0,0.6742671009771987
38.0,3.0,20.0,0.6,0.1,0.6,2.0,1644.0,0.0,0.0,0.37165450121654503
38.0,3.0,21.0,0.6,0.1,0.6,2.0,1605.0,0.0,0.0,0.3744548286604361
38.0,3.0,22.0,0.6,0.1,0.6,2.0,1573.0,0.0,0.0,0.3757151938970121
38.0,3.0,23.0,0.6,0.1,0.6,2.0,1553.0,0.0,0.0,0.37797810688989053
38.0,3.0,24.0,0.6,0.1,0.6,2.0,1505.0,0.0,0.0,0.3787375415282392
38.0,3.0,25.0,0.6,0.1,0.6,2.0,1490.0,0.0,0.0,0.3785234899328859
38.0,3.0,26.0,0.6,0.1,0.6,2.0,1460.0,0.0,0.0,0.38082191780821917
38.0,3.0,27.0,0.6,0.1,0.6,2.0,1441.0,0.0,0.0,0.37820957668285915
38.0,3.0,28.0,0.6,0.1,0.6,2.0,1404.0,0.0,0.0,0.3831908831908832
38.0,3.0,29.0,0.6,0.1,0.6,2.0,1365.0,0.0,0.0,0.38461538461538464
38.0,3.0,30.0,0.6,0.1,0.6,2.0,1342.0,0.0,0.0,0.38450074515648286
38.0,3.0,31.0,0.6,0.1,0.6,2.0,1342.0,0.0,0.0,0.37928464977645304
38.0,3.0,32.0,0.6,0.1,0.6,2.0,1333.0,0.0,0.0,0.3810952738184546
38.0,3.0,33.0,0.6,0.1,0.6,2.0,1325.0,0.0,0.0,0.379622641509434
38.0,3.0,34.0,0.6,0.1,0.6,2.0,1265.0,0.0,0.0,0.38181818181818183
38.0,3.0,35.0,0.6,0.1,0.6,2.0,1230.0,0.0,0.0,0.3804878048780488
38.0,3.0,36.0,0.6,0.1,0.6,2.0,1209.0,0.0,0.0,0.38213399503722084
38.0,3.0,37.0,0.6,0.1,0.6,2.0,1181.0,0.0,0.0,0.38187976291278575
38.0,3.0,38.0,0.6,0.1,0.6,2.0,1174.0,0.0,0.0,0.38160136286201024
38.0,3.0,39.0,0.6,0.1,0.6,2.0,1138.0,0.0,0.0,0.3804920913884007
38.0,3.0,40.0,0.6,0.1,0.6,2.0,1100.0,0.0,0.0,0.38181818181818183
38.0,3.0,41.0,0.6,0.1,0.6,2.0,1090.0,0.0,0.0,0.38256880733944953
38.0,3.0,42.0,0.6,0.1,0.6,2.0,1085.0,0.0,0.0,0.3797235023041475
38.0,3.0,43.0,0.6,0.1,0.6,2.0,1062.0,0.0,0.0,0.3813559322033898
38.0,3.0,44.0,0.6,0.1,0.6,2.0,1026.0,0.0,0.0,0.3830409356725146
38.0,3.0,45.0,0.6,0.1,0.6,2.0,1013.0,0.0,0.0,0.6347482724580454
38.0,3.0,46.0,0.6,0.1,0.6,2.0,976.0,0.0,0.0,0.6331967213114754
38.0,3.0,47.0,0.6,0.1,0.6,2.0,971.0,0.0,0.0,0.6333676622039135
38.0,3.0,48.0,0.6,0.1,0.6,2.0,942.0,0.0,0.0,0.6337579617834395
38.0,3.0,49.0,0.6,0.1,0.6,2.0,922.0,0.0,0.0,0.6388286334056399
38.0,3.0,50.0,0.6,0.1,0.6,2.0,916.0,0.0,0.0,0.6408296943231441
38.0,3.0,51.0,0.6,0.1,0.6,2.0,905.0,0.0,0.0,0.6353591160220995
38.0,3.0,52.0,0.6,0.1,0.6,2.0,892.0,0.0,0.0,0.6334080717488789
38.0,4.0,1.0,0.6,0.1,0.6,2.0,878.0,0.0,0.0,0.6332574031890661
38.0,4.0,2.0,0.6,0.1,0.6,2.0,866.0,0.0,0.0,0.628175519630485
38.0,4.0,3.0,0.6,0.1,0.6,2.0,860.0,0.0,0.0,0.627906976744186
38.0,4.0,4.0,0.6,0.1,0.6,2.0,851.0,0.0,0.0,0.6298472385428907
38.0,4.0,5.0,0.6,0.1,0.6,2.0,847.0,0.0,0.0,0.628099173553719
38.0,4.0,6.0,0.6,0.1,0.6,2.0,838.0,0.0,0.0,0.630071599045346
38.0,4.0,7.0,0.6,0.1,0.6,2.0,837.0,0.0,0.0,0.6284348864994026
38.0,4.0,8.0,0.6,0.1,0.6,2.0,828.0,0.0,0.0,0.6316425120772947
38.0,4.0,9.0,0.6,0.1,0.6,2.0,817.0,0.0,0.0,0.6303549571603427
38.0,4.0,10.0,0.6,0.1,0.6,2.0,814.0,0.0,0.0,0.6314496314496314
38.0,4.0,11.0,0.6,0.1,0.6,2.0,807.0,0.0,0.0,0.6344485749690211
38.0,4.0,12.0,0.6,0.1,0.6,2.0,796.0,0.0,0.0,0.6319095477386935
38.0,4.0,13.0,0.6,0.1,0.6,2.0,787.0,0.0,0.0,0.6327827191867853
38.0,4.0,14.0,0.6,0.1,0.6,2.0,784.0,0.0,0.0,0.6313775510204082
38.0,4.0,15.0,0.6,0.1,0.6,2.0,777.0,0.0,0.0,0.6280566280566281
38.0,4.0,16.0,0.6,0.1,0.6,2.0,771.0,0.0,0.0,0.6303501945525292
38.0,4.0,17.0,0.6,0.1,0.6,2.0,763.0,0.0,0.0,0.6264744429882044
38.0,4.0,18.0,0.6,0.1,0.6,2.0,761.0,0.0,0.0,0.6307490144546649
38.0,4.0,19.0,0.6,0.1,0.6,2.0,762.0,0.0,0.0,0.6272965879265092
38.0,4.0,20.0,0.6,0.1,0.6,2.0,1425.0,0.0,0.0,0.3354385964912281
38.0,4.0,21.0,0.6,0.1,0.6,2.0,1371.0,0.0,0.0,0.337709700948213
38.0,4.0,22.0,0.6,0.1,0.6,2.0,1336.0,0.0,0.0,0.3398203592814371
38.0,4.0,23.0,0.6,0.1,0.6,2.0,1302.0,0.0,0.0,0.337173579109063
38.0,4.0,24.0,0.6,0.1,0.6,2.0,1272.0,0.0,0.0,0.34040880503144655
38.0,4.0,25.0,0.6,0.1,0.6,2.0,1256.0,0.0,0.0,0.33996815286624205
38.0,4.0,26.0,0.6,0.1,0.6,2.0,1196.0,0.0,0.0,0.34531772575250835
38.0,4.0,27.0,0.6,0.1,0.6,2.0,1184.0,0.0,0.0,0.34375
38.0,4.0,28.0,0.6,0.1,0.6,2.0,1182.0,0.0,0.0,0.34517766497461927
38.0,4.0,29.0,0.6,0.1,0.6,2.0,1159.0,0.0,0.0,0.34771354616048317
38.0,4.0,30.0,0.6,0.1,0.6,2.0,1089.0,0.0,0.0,0.3608815426997245
38.0,4.0,31.0,0.6,0.1,0.6,2.0,1092.0,0.0,0.0,0.3598901098901099
38.0,4.0,32.0,0.6,0.1,0.6,2.0,1069.0,0.0,0.0,0.36576239476145933
38.0,4.0,33.0,0.6,0.1,0.6,2.0,1055.0,0.0,0.0,0.3639810426540284
38.0,4.0,34.0,0.6,0.1,0.6,2.0,1049.0,0.0,0.0,0.36415633937082936
38.0,4.0,35.0,0.6,0.1,0.6,2.0,1040.0,0.0,0.0,0.36346153846153845
38.0,4.0,36.0,0.6,0.1,0.6,2.0,1041.0,0.0,0.0,0.36023054755043227
38.0,4.0,37.0,0.6,0.1,0.6,2.0,1032.0,0.0,0.0,0.3633720930232558
38.0,4.0,38.0,0.6,0.1,0.6,2.0,1014.0,0.0,0.0,0.3629191321499014
38.0,4.0,39.0,0.6,0.1,0.6,2.0,995.0,0.0,0.0,0.3597989949748744
38.0,4.0,40.0,0.6,0.1,0.6,2.0,942.0,0.0,0.0,0.3641188959660297
38.0,4.0,41.0,0.6,0.1,0.6,2.0,937.0,0.0,0.0,0.3628601921024546
38.0,4.0,42.0,0.6,0.1,0.6,2.0,926.0,0.0,0.0,0.3650107991360691
38.0,4.0,43.0,0.6,0.1,0.6,2.0,896.0,0.0,0.0,0.3638392857142857
38.0,4.0,44.0,0.6,0.1,0.6,2.0,888.0,0.0,0.0,0.36373873873873874
38.0,4.0,45.0,0.6,0.1,0.6,2.0,893.0,0.0,0.0,0.6282194848824189
38.0,4.0,46.0,0.6,0.1,0.6,2.0,882.0,0.0,0.0,0.6292517006802721
38.0,4.0,47.0,0.6,0.1,0.6,2.0,874.0,0.0,0.0,0.6304347826086957
38.0,4.0,48.0,0.6,0.1,0.6,2.0,857.0,0.0,0.0,0.6312718786464411
38.0,4.0,49.0,0.6,0.1,0.6,2.0,847.0,0.0,0.0,0.6351829988193625
38.0,4.0,50.0,0.6,0.1,0.6,2.0,844.0,0.0,0.0,0.6350710900473934
38.0,4.0,51.0,0.6,0.1,0.6,2.0,842.0,0.0,0.0,0.6342042755344418
38.0,4.0,52.0,0.6,0.1,0.6,2.0,821.0,0.0,0.0,0.6382460414129111
38.0,5.0,1.0,0.6,0.1,0.6,2.0,807.0,0.0,0.0,0.6418835192069393
38.0,5.0,2.0,0.6,0.1,0.6,2.0,801.0,0.0,0.0,0.6416978776529338
38.0,5.0,3.0,0.6,0.1,0.6,2.0,791.0,0.0,0.0,0.6434892541087232
38.0,5.0,4.0,0.6,0.1,0.6,2.0,787.0,0.0,0.0,0.639135959339263
38.0,5.0,5.0,0.6,0.1,0.6,2.0,775.0,0.0,0.0,0.6412903225806451
38.0,5.0,6.0,0.6,0.1,0.6,2.0,773.0,0.0,0.0,0.6403622250970246
38.0,5.0,7.0,0.6,0.1,0.6,2.0,770.0,0.0,0.0,0.6402597402597403
38.0,5.0,8.0,0.6,0.1,0.6,2.0,771.0,0.0,0.0,0.6407263294422828
38.0,5.0,9.0,0.6,0.1,0.6,2.0,758.0,0.0,0.0,0.6451187335092349
38.0,5.0,10.0,0.6,0.1,0.6,2.0,758.0,0.0,0.0,0.6464379947229552
38.0,5.0,11.0,0.6,0.1,0.6,2.0,753.0,0.0,0.0,0.648074369189907
38.0,5.0,12.0,0.6,0.1,0.6,2.0,755.0,0.0,0.0,0.6463576158940397
38.0,5.0,13.0,0.6,0.1,0.6,2.0,744.0,0.0,0.0,0.6491935483870968
38.0,5.0,14.0,0.6,0.1,0.6,2.0,732.0,0.0,0.0,0.6461748633879781
38.0,5.0,15.0,0.6,0.1,0.6,2.0,726.0,0.0,0.0,0.6460055096418733
38.0,5.0,16.0,0.6,0.1,0.6,2.0,727.0,0.0,0.0,0.6451169188445667
38.0,5.0,17.0,0.6,0.1,0.6,2.0,721.0,0.0,0.0,0.6463245492371706
38.0,5.0,18.0,0.6,0.1,0.6,2.0,724.0,0.0,0.0,0.6450276243093923
38.0,5.0,19.0,0.6,0.1,0.6,2.0,720.0,0.0,0.0,0.6458333333333334
38.0,5.0,20.0,0.6,0.1,0.6,2.0,1362.0,0.0,0.0,0.3406754772393539
38.0,5.0,21.0,0.6,0.1,0.6,2.0,1297.0,0.0,0.0,0.34232845026985353
38.0,5.0,22.0,0.6,0.1,0.6,2.0,1286.0,0.0,0.0,0.3429237947122862
38.0,5.0,23.0,0.6,0.1,0.6,2.0,1250.0,0.0,0.0,0.3464
38.0,5.0,24.0,0.6,0.1,0.6,2.0,1225.0,0.0,0.0,0.34775510204081633
38.0,5.0,25.0,0.6,0.1,0.6,2.0,1183.0,0.0,0.0,0.3499577345731192
38.0,5.0,26.0,0.6,0.1,0.6,2.0,1170.0,0.0,0.0,0.35213675213675216
38.0,5.0,27.0,0.6,0.1,0.6,2.0,1162.0,0.0,0.0,0.35111876075731496
38.0,5.0,28.0,0.6,0.1,0.6,2.0,1107.0,0.0,0.0,0.36133694670280037
38.0,5.0,29.0,0.6,0.1,0.6,2.0,1091.0,0.0,0.0,0.3638863428047663
38.0,5.0,30.0,0.6,0.1,0.6,2.0,1078.0,0.0,0.0,0.362708719851577
38.0,5.0,31.0,0.6,0.1,0.6,2.0,1064.0,0.0,0.0,0.36278195488721804
38.0,5.0,32.0,0.6,0.1,0.6,2.0,1053.0,0.0,0.0,0.3627730294396961
38.0,5.0,33.0,0.6,0.1,0.6,2.0,1034.0,0.0,0.0,0.3646034816247582
38.0,5.0,34.0,0.6,0.1,0.6,2.0,1027.0,0.0,0.0,0.3661148977604674
38.0,5.0,35.0,0.6,0.1,0.6,2.0,1003.0,0.0,0.0,0.3678963110667996
38.0,5.0,36.0,0.6,0.1,0.6,2.0,1004.0,0.0,0.0,0.36852589641434264
38.0,5.0,37.0,0.6,0.1,0.6,2.0,989.0,0.0,0.0,0.3690596562184024
38.0,5.0,38.0,0.6,0.1,0.6,2.0,970.0,0.0,0.0,0.3711340206185567
38.0,5.0,39.0,0.6,0.1,0.6,2.0,943.0,0.0,0.0,0.3722163308589608
38.0,5.0,40.0,0.6,0.1,0.6,2.0,951.0,0.0,0.0,0.37013669821240797
38.0,5.0,41.0,0.6,0.1,0.6,2.0,938.0,0.0,0.0,0.37100213219616207
38.0,5.0,42.0,0.6,0.1,0.6,2.0,926.0,0.0,0.0,0.37041036717062636
38.0,5.0,43.0,0.6,0.1,0.6,2.0,891.0,0.0,0.0,0.37485970819304154
38.0,5.0,44.0,0.6,0.1,0.6,2.0,890.0,0.0,0.0,0.3741573033707865
38.0,5.0,45.0,0.6,0.1,0.6,2.0,873.0,0.0,0.0,0.6093928980526919
38.0,5.0,46.0,0.6,0.1,0.6,2.0,868.0,0.0,0.0,0.6059907834101382
38.0,5.0,47.0,0.6,0.1,0.6,2.0,853.0,0.0,0.0,0.6037514654161782
38.0,5.0,48.0,0.6,0.1,0.6,2.0,818.0,0.0,0.0,0.6075794621026895
38.0,5.0,49.0,0.6,0.1,0.6,2.0,803.0,0.0,0.0,0.6089663760896638
38.0,5.0,50.0,0.6,0.1,0.6,2.0,805.0,0.0,0.0,0.6111801242236025
38.0,5.0,51.0,0.6,0.1,0.6,2.0,797.0,0.0,0.0,0.6047678795483061
38.0,5.0,52.0,0.6,0.1,0.6,2.0,801.0,0.0,0.0,0.6092384519350812
38.0,6.0,1.0,0.6,0.1,0.6,2.0,794.0,0.0,0.0,0.6057934508816121
38.0,6.0,2.0,0.6,0.1,0.6,2.0,789.0,0.0,0.0,0.605830164765526
38.0,6.0,3.0,0.6,0.1,0.6,2.0,786.0,0.0,0.0,0.6030534351145038
38.0,6.0,4.0,0.6,0.1,0.6,2.0,785.0,0.0,0.0,0.6063694267515923
38.0,6.0,5.0,0.6,0.1,0.6,2.0,780.0,0.0,0.0,0.6025641025641025
38.0,6.0,6.0,0.6,0.1,0.6,2.0,782.0,0.0,0.0,0.6061381074168798
38.0,6.0,7.0,0.6,0.1,0.6,2.0,775.0,0.0,0.0,0.6025806451612903
38.0,6.0,8.0,0.6,0.1,0.6,2.0,777.0,0.0,0.0,0.6061776061776062
38.0,6.0,9.0,0.6,0.1,0.6,2.0,768.0,0.0,0.0,0.6080729166666666
38.0,6.0,10.0,0.6,0.1,0.6,2.0,770.0,0.0,0.0,0.6077922077922078
38.0,6.0,11.0,0.6,0.1,0.6,2.0,749.0,0.0,0.0,0.6141522029372497
38.0,6.0,12.0,0.6,0.1,0.6,2.0,748.0,0.0,0.0,0.6163101604278075
38.0,6.0,13.0,0.6,0.1,0.6,2.0,745.0,0.0,0.0,0.614765100671141
38.0,6.0,14.0,0.6,0.1,0.6,2.0,742.0,0.0,0.0,0.6172506738544474
38.0,6.0,15.0,0.6,0.1,0.6,2.0,740.0,0.0,0.0,0.6162162162162163
38.0,6.0,16.0,0.6,0.1,0.6,2.0,739.0,0.0,0.0,0.618403247631935
38.0,6.0,17.0,0.6,0.1,0.6,2.0,737.0,0.0,0.0,0.6173677069199457
38.0,6.0,18.0,0.6,0.1,0.6,2.0,727.0,0.0,0.0,0.6189821182943603
38.0,6.0,19.0,0.6,0.1,0.6,2.0,722.0,0.0,0.0,0.6191135734072022
38.0,6.0,20.0,0.6,0.1,0.6,2.0,1380.0,0.0,0.0,0.3239130434782609
38.0,6.0,21.0,0.6,0.1,0.6,2.0,1326.0,0.0,0.0,0.3295625942684766
38.0,6.0,22.0,0.6,0.1,0.6,2.0,1310.0,0.0,0.0,0.3297709923664122
38.0,6.0,23.0,0.6,0.1,0.6,2.0,1272.0,0.0,0.0,0.3270440251572327
38.0,6.0,24.0,0.6,0.1,0.6,2.0,1248.0,0.0,0.0,0.3293269230769231
38.0,6.0,25.0,0.6,0.1,0.6,2.0,1201.0,0.0,0.0,0.3347210657785179
38.0,6.0,26.0,0.6,0.1,0.6,2.0,1173.0,0.0,0.0,0.3375959079283887
38.0,6.0,27.0,0.6,0.1,0.6,2.0,1126.0,0.0,0.0,0.34547069271758435
38.0,6.0,28.0,0.6,0.1,0.6,2.0,1121.0,0.0,0.0,0.34611953612845675
38.0,6.0,29.0,0.6,0.1,0.6,2.0,1113.0,0.0,0.0,0.34591194968553457
38.0,6.0,30.0,0.6,0.1,0.6,2.0,1070.0,0.0,0.0,0.3485981308411215
38.0,6.0,31.0,0.6,0.1,0.6,2.0,1083.0,0.0,0.0,0.34533702677746997
38.0,6.0,32.0,0.6,0.1,0.6,2.0,1073.0,0.0,0.0,0.3466915191053122
38.0,6.0,33.0,0.6,0.1,0.6,2.0,1064.0,0.0,0.0,0.34868421052631576
38.0,6.0,34.0,0.6,0.1,0.6,2.0,1045.0,0.0,0.0,0.34545454545454546
38.0,6.0,35.0,0.6,0.1,0.6,2.0,1019.0,0.0,0.0,0.34838076545632973
38.0,6.0,36.0,0.6,0.1,0.6,2.0,989.0,0.0,0.0,0.3488372093023256
38.0,6.0,37.0,0.6,0.1,0.6,2.0,960.0,0.0,0.0,0.35
38.0,6.0,38.0,0.6,0.1,0.6,2.0,962.0,0.0,0.0,0.35550935550935553
38.0,6.0,39.0,0.6,0.1,0.6,2.0,934.0,0.0,0.0,0.3511777301927195
38.0,6.0,40.0,0.6,0.1,0.6,2.0,939.0,0.0,0.0,0.3556975505857295
38.0,6.0,41.0,0.6,0.1,0.6,2.0,931.0,0.0,0.0,0.3523093447905478
38.0,6.0,42.0,0.6,0.1,0.6,2.0,914.0,0.0,0.0,0.3610503282275711
38.0,6.0,43.0,0.6,0.1,0.6,2.0,892.0,0.0,0.0,0.35874439461883406
38.0,6.0,44.0,0.6,0.1,0.6,2.0,899.0,0.0,0.0,0.36373748609566187
38.0,6.0,45.0,0.6,0.1,0.6,2.0,892.0,0.0,0.0,0.6154708520179372
38.0,6.0,46.0,0.6,0.1,0.6,2.0,901.0,0.0,0.0,0.6193118756936737
38.0,6.0,47.0,0.6,0.1,0.6,2.0,877.0,0.0,0.0,0.6111744583808438
38.0,6.0,48.0,0.6,0.1,0.6,2.0,887.0,0.0,0.0,0.6155580608793687
38.0,6.0,49.0,0.6,0.1,0.6,2.0,876.0,0.0,0.0,0.6118721461187214
38.0,6.0,50.0,0.6,0.1,0.6,2.0,888.0,0.0,0.0,0.6148648648648649
38.0,6.0,51.0,0.6,0.1,0.6,2.0,875.0,0.0,0.0,0.6114285714285714
38.0,6.0,52.0,0.6,0.1,0.6,2.0,880.0,0.0,0.0,0.6170454545454546
38.0,7.0,1.0,0.6,0.1,0.6,2.0,872.0,0.0,0.0,0.6135321100917431
38.0,7.0,2.0,0.6,0.1,0.6,2.0,881.0,0.0,0.0,0.6152099886492622
38.0,7.0,3.0,0.6,0.1,0.6,2.0,870.0,0.0,0.0,0.6126436781609196
38.0,7.0,4.0,0.6,0.1,0.6,2.0,875.0,0.0,0.0,0.6194285714285714
38.0,7.0,5.0,0.6,0.1,0.6,2.0,864.0,0.0,0.0,0.6180555555555556
38.0,7.0,6.0,0.6,0.1,0.6,2.0,873.0,0.0,0.0,0.6185567010309279
38.0,7.0,7.0,0.6,0.1,0.6,2.0,864.0,0.0,0.0,0.6168981481481481
38.0,7.0,8.0,0.6,0.1,0.6,2.0,871.0,0.0,0.0,0.6199770378874856
38.0,7.0,9.0,0.6,0.1,0.6,2.0,840.0,0.0,0.0,0.6154761904761905
38.0,7.0,10.0,0.6,0.1,0.6,2.0,850.0,0.0,0.0,0.6188235294117647
38.0,7.0,11.0,0.6,0.1,0.6,2.0,837.0,0.0,0.0,0.6176821983273596
38.0,7.0,12.0,0.6,0.1,0.6,2.0,843.0,0.0,0.0,0.6215895610913404
38.0,7.0,13.0,0.6,0.1,0.6,2.0,833.0,0.0,0.0,0.6182472989195679
38.0,7.0,14.0,0.6,0.1,0.6,2.0,841.0,0.0,0.0,0.6218787158145065
38.0,7.0,15.0,0.6,0.1,0.6,2.0,818.0,0.0,0.0,0.6198044009779952
38.0,7.0,16.0,0.6,0.1,0.6,2.0,815.0,0.0,0.0,0.6220858895705521
38.0,7.0,17.0,0.6,0.1,0.6,2.0,805.0,0.0,0.0,0.6186335403726708
38.0,7.0,18.0,0.6,0.1,0.6,2.0,814.0,0.0,0.0,0.6240786240786241
38.0,7.0,19.0,0.6,0.1,0.6,2.0,799.0,0.0,0.0,0.6207759699624531
38.0,7.0,20.0,0.6,0.1,0.6,2.0,1467.0,0.0,0.0,0.3442399454669393
38.0,7.0,21.0,0.6,0.1,0.6,2.0,1391.0,0.0,0.0,0.3486700215672178
38.0,7.0,22.0,0.6,0.1,0.6,2.0,1318.0,0.0,0.0,0.3588770864946889
38.0,7.0,23.0,0.6,0.1,0.6,2.0,1285.0,0.0,0.0,0.3595330739299611
38.0,7.0,24.0,0.6,0.1,0.6,2.0,1229.0,0.0,0.0,0.36371033360455657
38.0,7.0,25.0,0.6,0.1,0.6,2.0,1219.0,0.0,0.0,0.3634126333059885
38.0,7.0,26.0,0.6,0.1,0.6,2.0,1184.0,0.0,0.0,0.36993243243243246
38.0,7.0,27.0,0.6,0.1,0.6,2.0,1189.0,0.0,0.0,0.36585365853658536
38.0,7.0,28.0,0.6,0.1,0.6,2.0,1154.0,0.0,0.0,0.378682842287695
38.0,7.0,29.0,0.6,0.1,0.6,2.0,1162.0,0.0,0.0,0.3743545611015491
38.0,7.0,30.0,0.6,0.1,0.6,2.0,1099.0,0.0,0.0,0.37852593266606005
38.0,7.0,31.0,0.6,0.1,0.6,2.0,1080.0,0.0,0.0,0.3824074074074074
38.0,7.0,32.0,0.6,0.1,0.6,2.0,1066.0,0.0,0.0,0.38555347091932457
38.0,7.0,33.0,0.6,0.1,0.6,2.0,1034.0,0.0,0.0,0.3849129593810445
38.0,7.0,34.0,0.6,0.1,0.6,2.0,1019.0,0.0,0.0,0.3886162904808636
38.0,7.0,35.0,0.6,0.1,0.6,2.0,1007.0,0.0,0.0,0.38927507447864945
38.0,7.0,36.0,0.6,0.1,0.6,2.0,969.0,0.0,0.0,0.39525283797729616
38.0,7.0,37.0,0.6,0.1,0.6,2.0,956.0,0.0,0.0,0.39330543933054396
38.0,7.0,38.0,0.6,0.1,0.6,2.0,929.0,0.0,0.0,0.3961248654467169
38.0,7.0,39.0,0.6,0.1,0.6,2.0,914.0,0.0,0.0,0.3938730853391685
38.0,7.0,40.0,0.6,0.1,0.6,2.0,894.0,0.0,0.0,0.3970917225950783
38.0,7.0,41.0,0.6,0.1,0.6,2.0,888.0,0.0,0.0,0.3963963963963964
38.0,7.0,42.0,0.6,0.1,0.6,2.0,895.0,0.0,0.0,0.39664804469273746
38.0,7.0,43.0,0.6,0.1,0.6,2.0,888.0,0.0,0.0,0.3963963963963964
38.0,7.0,44.0,0.6,0.1,0.6,2.0,894.0,0.0,0.0,0.3959731543624161
38.0,7.0,45.0,0.6,0.1,0.6,2.0,888.0,0.0,0.0,0.6452702702702703
38.0,7.0,46.0,0.6,0.1,0.6,2.0,893.0,0.0,0.0,0.6427771556550952
38.0,7.0,47.0,0.6,0.1,0.6,2.0,872.0,0.0,0.0,0.6456422018348624
38.0,7.0,48.0,0.6,0.1,0.6,2.0,867.0,0.0,0.0,0.6447520184544406
38.0,7.0,49.0,0.6,0.1,0.6,2.0,859.0,0.0,0.0,0.6461001164144354
38.0,7.0,50.0,0.6,0.1,0.6,2.0,866.0,0.0,0.0,0.6431870669745958
38.0,7.0,51.0,0.6,0.1,0.6,2.0,858.0,0.0,0.0,0.6445221445221445
38.0,7.0,52.0,0.6,0.1,0.6,2.0,862.0,0.0,0.0,0.6450116009280742
38.0,8.0,1.0,0.6,0.1,0.6,2.0,857.0,0.0,0.0,0.646441073512252
38.0,8.0,2.0,0.6,0.1,0.6,2.0,864.0,0.0,0.0,0.6446759259259259
38.0,8.0,3.0,0.6,0.1,0.6,2.0,858.0,0.0,0.0,0.6468531468531469
38.0,8.0,4.0,0.6,0.1,0.6,2.0,849.0,0.0,0.0,0.6466431095406361
38.0,8.0,5.0,0.6,0.1,0.6,2.0,829.0,0.0,0.0,0.6513872135102533
38.0,8.0,6.0,0.6,0.1,0.6,2.0,835.0,0.0,0.0,0.6502994011976048
38.0,8.0,7.0,0.6,0.1,0.6,2.0,825.0,0.0,0.0,0.6533333333333333
38.0,8.0,8.0,0.6,0.1,0.6,2.0,818.0,0.0,0.0,0.6528117359413202
38.0,8.0,9.0,0.6,0.1,0.6,2.0,806.0,0.0,0.0,0.6600496277915633
38.0,8.0,10.0,0.6,0.1,0.6,2.0,809.0,0.0,0.0,0.657601977750309
38.0,8.0,11.0,0.6,0.1,0.6,2.0,796.0,0.0,0.0,0.6633165829145728
38.0,8.0,12.0,0.6,0.1,0.6,2.0,803.0,0.0,0.0,0.6587795765877957
38.0,8.0,13.0,0.6,0.1,0.6,2.0,795.0,0.0,0.0,0.6641509433962264
38.0,8.0,14.0,0.6,0.1,0.6,2.0,803.0,0.0,0.0,0.6612702366127023
38.0,8.0,15.0,0.6,0.1,0.6,2.0,792.0,0.0,0.0,0.6666666666666666
38.0,8.0,16.0,0.6,0.1,0.6,2.0,797.0,0.0,0.0,0.6649937264742786
38.0,8.0,17.0,0.6,0.1,0.6,2.0,775.0,0.0,0.0,0.6709677419354839
38.0,8.0,18.0,0.6,0.1,0.6,2.0,782.0,0.0,0.0,0.670076726342711
38.0,8.0,19.0,0.6,0.1,0.6,2.0,773.0,0.0,0.0,0.6739974126778784
38.0,8.0,20.0,0.6,0.1,0.6,2.0,1405.0,0.0,0.0,0.3715302491103203
38.0,8.0,21.0,0.6,0.1,0.6,2.0,1340.0,0.0,0.0,0.3761194029850746
38.0,8.0,22.0,0.6,0.1,0.6,2.0,1315.0,0.0,0.0,0.37870722433460074
38.0,8.0,23.0,0.6,0.1,0.6,2.0,1302.0,0.0,0.0,0.3794162826420891
38.0,8.0,24.0,0.6,0.1,0.6,2.0,1254.0,0.0,0.0,0.3843700159489633
38.0,8.0,25.0,0.6,0.1,0.6,2.0,1250.0,0.0,0.0,0.3832
38.0,8.0,26.0,0.6,0.1,0.6,2.0,1230.0,0.0,0.0,0.3861788617886179
38.0,8.0,27.0,0.6,0.1,0.6,2.0,1172.0,0.0,0.0,0.39590443686006827
38.0,8.0,28.0,0.6,0.1,0.6,2.0,1178.0,0.0,0.0,0.39643463497453313
38.0,8.0,29.0,0.6,0.1,0.6,2.0,1153.0,0.0,0.0,0.401561144839549
38.0,8.0,30.0,0.6,0.1,0.6,2.0,1150.0,0.0,0.0,0.3991304347826087
38.0,8.0,31.0,0.6,0.1,0.6,2.0,1139.0,0.0,0.0,0.4003511852502195
38.0,8.0,32.0,0.6,0.1,0.6,2.0,1135.0,0.0,0.0,0.4008810572687225
38.0,8.0,33.0,0.6,0.1,0.6,2.0,1088.0,0.0,0.0,0.40625
38.0,8.0,34.0,0.6,0.1,0.6,2.0,1086.0,0.0,0.0,0.40607734806629836
38.0,8.0,35.0,0.6,0.1,0.6,2.0,1076.0,0.0,0.0,0.4070631970260223
38.0,8.0,36.0,0.6,0.1,0.6,2.0,1063.0,0.0,0.0,0.40921919096895576
38.0,8.0,37.0,0.6,0.1,0.6,2.0,1054.0,0.0,0.0,0.4117647058823529
38.0,8.0,38.0,0.6,0.1,0.6,2.0,1061.0,0.0,0.0,0.410933081998115
38.0,8.0,39.0,0.6,0.1,0.6,2.0,1043.0,0.0,0.0,0.41323106423777567
38.0,8.0,40.0,0.6,0.1,0.6,2.0,1049.0,0.0,0.0,0.4127740705433746
38.0,8.0,41.0,0.6,0.1,0.6,2.0,1009.0,0.0,0.0,0.4241823587710605
38.0,8.0,42.0,0.6,0.1,0.6,2.0,954.0,0.0,0.0,0.43186582809224316
38.0,8.0,43.0,0.6,0.1,0.6,2.0,956.0,0.0,0.0,0.4341004184100418
38.0,8.0,44.0,0.6,0.1,0.6,2.0,943.0,0.0,0.0,0.43160127253446445
38.0,8.0,45.0,0.6,0.1,0.6,2.0,931.0,0.0,0.0,0.6530612244897959
38.0,8.0,46.0,0.6,0.1,0.6,2.0,908.0,0.0,0.0,0.6530837004405287
38.0,8.0,47.0,0.6,0.1,0.6,2.0,908.0,0.0,0.0,0.6541850220264317
38.0,8.0,48.0,0.6,0.1,0.6,2.0,912.0,0.0,0.0,0.6546052631578947
38.0,8.0,49.0,0.6,0.1,0.6,2.0,910.0,0.0,0.0,0.6516483516483517
38.0,8.0,50.0,0.6,0.1,0.6,2.0,916.0,0.0,0.0,0.6517467248908297
38.0,8.0,51.0,0.6,0.1,0.6,2.0,911.0,0.0,0.0,0.6520307354555434
38.0,8.0,52.0,0.6,0.1,0.6,2.0,916.0,0.0,0.0,0.6539301310043668
38.0,9.0,1.0,0.6,0.1,0.6,2.0,903.0,0.0,0.0,0.654485049833887
38.0,9.0,2.0,0.6,0.1,0.6,2.0,894.0,0.0,0.0,0.656599552572707
38.0,9.0,3.0,0.6,0.1,0.6,2.0,886.0,0.0,0.0,0.6557562076749436
38.0,9.0,4.0,0.6,0.1,0.6,2.0,890.0,0.0,0.0,0.6584269662921348
38.0,9.0,5.0,0.6,0.1,0.6,2.0,884.0,0.0,0.0,0.6572398190045249
38.0,9.0,6.0,0.6,0.1,0.6,2.0,890.0,0.0,0.0,0.6595505617977528
38.0,9.0,7.0,0.6,0.1,0.6,2.0,874.0,0.0,0.0,0.6578947368421053
38.0,9.0,8.0,0.6,0.1,0.6,2.0,867.0,0.0,0.0,0.6643598615916955
38.0,9.0,9.0,0.6,0.1,0.6,2.0,850.0,0.0,0.0,0.668235294117647
38.0,9.0,10.0,0.6,0.1,0.6,2.0,837.0,0.0,0.0,0.6750298685782556
38.0,9.0,11.0,0.6,0.1,0.6,2.0,827.0,0.0,0.0,0.6759371221281741
38.0,9.0,12.0,0.6,0.1,0.6,2.0,832.0,0.0,0.0,0.6790865384615384
38.0,9.0,13.0,0.6,0.1,0.6,2.0,827.0,0.0,0.0,0.6771463119709794
38.0,9.0,14.0,0.6,0.1,0.6,2.0,827.0,0.0,0.0,0.6795646916565901
38.0,9.0,15.0,0.6,0.1,0.6,2.0,823.0,0.0,0.0,0.6767922235722965
38.0,9.0,16.0,0.6,0.1,0.6,2.0,815.0,0.0,0.0,0.6822085889570552
38.0,9.0,17.0,0.6,0.1,0.6,2.0,812.0,0.0,0.0,0.6798029556650246
38.0,9.0,18.0,0.6,0.1,0.6,2.0,816.0,0.0,0.0,0.6825980392156863
38.0,9.0,19.0,0.6,0.1,0.6,2.0,810.0,0.0,0.0,0.6790123456790124
38.0,9.0,20.0,0.6,0.1,0.6,2.0,1421.0,0.0,0.0,0.3771991555242787
38.0,9.0,21.0,0.6,0.1,0.6,2.0,1407.0,0.0,0.0,0.373134328358209
38.0,9.0,22.0,0.6,0.1,0.6,2.0,1369.0,0.0,0.0,0.3739956172388605
38.0,9.0,23.0,0.6,0.1,0.6,2.0,1351.0,0.0,0.0,0.37823834196891193
38.0,9.0,24.0,0.6,0.1,0.6,2.0,1299.0,0.0,0.0,0.37952270977675134
38.0,9.0,25.0,0.6,0.1,0.6,2.0,1278.0,0.0,0.0,0.3841940532081377
38.0,9.0,26.0,0.6,0.1,0.6,2.0,1267.0,0.0,0.0,0.3851617995264404
38.0,9.0,27.0,0.6,0.1,0.6,2.0,1240.0,0.0,0.0,0.3879032258064516
38.0,9.0,28.0,0.6,0.1,0.6,2.0,1231.0,0.0,0.0,0.3891145410235581
38.0,9.0,29.0,0.6,0.1,0.6,2.0,1227.0,0.0,0.0,0.3895680521597392
38.0,9.0,30.0,0.6,0.1,0.6,2.0,1197.0,0.0,0.0,0.39348370927318294
38.0,9.0,31.0,0.6,0.1,0.6,2.0,1177.0,0.0,0.0,0.4001699235344095
38.0,9.0,32.0,0.6,0.1,0.6,2.0,1140.0,0.0,0.0,0.4043859649122807
38.0,9.0,33.0,0.6,0.1,0.6,2.0,1131.0,0.0,0.0,0.40583554376657827
38.0,9.0,34.0,0.6,0.1,0.6,2.0,1124.0,0.0,0.0,0.40658362989323843
38.0,9.0,35.0,0.6,0.1,0.6,2.0,1058.0,0.0,0.0,0.41493383742911155
38.0,9.0,36.0,0.6,0.1,0.6,2.0,1035.0,0.0,0.0,0.41835748792270533
38.0,9.0,37.0,0.6,0.1,0.6,2.0,1036.0,0.0,0.0,0.416023166023166
38.0,9.0,38.0,0.6,0.1,0.6,2.0,1026.0,0.0,0.0,0.41812865497076024
38.0,9.0,39.0,0.6,0.1,0.6,2.0,990.0,0.0,0.0,0.42424242424242425
38.0,9.0,40.0,0.6,0.1,0.6,2.0,970.0,0.0,0.0,0.4288659793814433
38.0,9.0,41.0,0.6,0.1,0.6,2.0,962.0,0.0,0.0,0.4313929313929314
38.0,9.0,42.0,0.6,0.1,0.6,2.0,940.0,0.0,0.0,0.43617021276595747
38.0,9.0,43.0,0.6,0.1,0.6,2.0,948.0,0.0,0.0,0.4356540084388186
38.0,9.0,44.0,0.6,0.1,0.6,2.0,937.0,0.0,0.0,0.4375667022411953
38.0,9.0,45.0,0.6,0.1,0.6,2.0,921.0,0.0,0.0,0.6688382193268186
38.0,9.0,46.0,0.6,0.1,0.6,2.0,901.0,0.0,0.0,0.6725860155382908
38.0,9.0,47.0,0.6,0.1,0.6,2.0,894.0,0.0,0.0,0.674496644295302
38.0,9.0,48.0,0.6,0.1,0.6,2.0,887.0,0.0,0.0,0.6741826381059752
38.0,9.0,49.0,0.6,0.1,0.6,2.0,899.0,0.0,0.0,0.6740823136818688
38.0,9.0,50.0,0.6,0.1,0.6,2.0,893.0,0.0,0.0,0.6763717805151176
38.0,9.0,51.0,0.6,0.1,0.6,2.0,895.0,0.0,0.0,0.6748603351955307
38.0,9.0,52.0,0.6,0.1,0.6,2.0,889.0,0.0,0.0,0.6771653543307087
38.0,10.0,1.0,0.6,0.1,0.6,2.0,893.0,0.0,0.0,0.6763717805151176
38.0,10.0,2.0,0.6,0.1,0.6,2.0,889.0,0.0,0.0,0.6771653543307087
38.0,10.0,3.0,0.6,0.1,0.6,2.0,882.0,0.0,0.0,0.6746031746031746
38.0,10.0,4.0,0.6,0.1,0.6,2.0,877.0,0.0,0.0,0.6761687571265679
38.0,10.0,5.0,0.6,0.1,0.6,2.0,877.0,0.0,0.0,0.6761687571265679
38.0,10.0,6.0,0.6,0.1,0.6,2.0,877.0,0.0,0.0,0.6761687571265679
38.0,10.0,7.0,0.6,0.1,0.6,2.0,881.0,0.0,0.0,0.674233825198638
38.0,10.0,8.0,0.6,0.1,0.6,2.0,858.0,0.0,0.0,0.6771561771561772
38.0,10.0,9.0,0.6,0.1,0.6,2.0,861.0,0.0,0.0,0.6771196283391405
38.0,10.0,10.0,0.6,0.1,0.6,2.0,854.0,0.0,0.0,0.6791569086651054
38.0,10.0,11.0,0.6,0.1,0.6,2.0,855.0,0.0,0.0,0.6783625730994152
38.0,10.0,12.0,0.6,0.1,0.6,2.0,851.0,0.0,0.0,0.6780258519388954
38.0,10.0,13.0,0.6,0.1,0.6,2.0,843.0,0.0,0.0,0.6809015421115066
38.0,10.0,14.0,0.6,0.1,0.6,2.0,814.0,0.0,0.0,0.6842751842751843
38.0,10.0,15.0,0.6,0.1,0.6,2.0,818.0,0.0,0.0,0.684596577017115
38.0,10.0,16.0,0.6,0.1,0.6,2.0,809.0,0.0,0.0,0.6872682323856613
38.0,10.0,17.0,0.6,0.1,0.6,2.0,813.0,0.0,0.0,0.6875768757687577
38.0,10.0,18.0,0.6,0.1,0.6,2.0,809.0,0.0,0.0,0.6897404202719407
38.0,10.0,19.0,0.6,0.1,0.6,2.0,809.0,0.0,0.0,0.688504326328801
38.0,10.0,20.0,0.6,0.1,0.6,2.0,1380.0,0.0,0.0,0.37971014492753624
38.0,10.0,21.0,0.6,0.1,0.6,2.0,1391.0,0.0,0.0,0.3774263120057513
38.0,10.0,22.0,0.6,0.1,0.6,2.0,1304.0,0.0,0.0,0.3857361963190184
38.0,10.0,23.0,0.6,0.1,0.6,2.0,1245.0,0.0,0.0,0.39196787148594375
38.0,10.0,24.0,0.6,0.1,0.6,2.0,1207.0,0.0,0.0,0.39353769676884837
38.0,10.0,25.0,0.6,0.1,0.6,2.0,1180.0,0.0,0.0,0.39661016949152544
38.0,10.0,26.0,0.6,0.1,0.6,2.0,1132.0,0.0,0.0,0.40547703180212014
38.0,10.0,27.0,0.6,0.1,0.6,2.0,1127.0,0.0,0.0,0.40195208518189884
38.0,10.0,28.0,0.6,0.1,0.6,2.0,1121.0,0.0,0.0,0.4049955396966994
38.0,10.0,29.0,0.6,0.1,0.6,2.0,1116.0,0.0,0.0,0.40232974910394265
38.0,10.0,30.0,0.6,0.1,0.6,2.0,1077.0,0.0,0.0,0.4141132776230269
38.0,10.0,31.0,0.6,0.1,0.6,2.0,1056.0,0.0,0.0,0.4119318181818182
38.0,10.0,32.0,0.6,0.1,0.6,2.0,1033.0,0.0,0.0,0.42013552758954503
38.0,10.0,33.0,0.6,0.1,0.6,2.0,1042.0,0.0,0.0,0.4145873320537428
38.0,10.0,34.0,0.6,0.1,0.6,2.0,1022.0,0.0,0.0,0.4217221135029354
38.0,10.0,35.0,0.6,0.1,0.6,2.0,996.0,0.0,0.0,0.4267068273092369
38.0,10.0,36.0,0.6,0.1,0.6,2.0,985.0,0.0,0.0,0.43147208121827413
38.0,10.0,37.0,0.6,0.1,0.6,2.0,982.0,0.0,0.0,0.42769857433808556
38.0,10.0,38.0,0.6,0.1,0.6,2.0,984.0,0.0,0.0,0.43089430894308944
38.0,10.0,39.0,0.6,0.1,0.6,2.0,964.0,0.0,0.0,0.4315352697095436
38.0,10.0,40.0,0.6,0.1,0.6,2.0,970.0,0.0,0.0,0.4329896907216495
38.0,10.0,41.0,0.6,0.1,0.6,2.0,937.0,0.0,0.0,0.4407684098185699
38.0,10.0,42.0,0.6,0.1,0.6,2.0,919.0,0.0,0.0,0.44504896626768226
38.0,10.0,43.0,0.6,0.1,0.6,2.0,913.0,0.0,0.0,0.44359255202628695
38.0,10.0,44.0,0.6,0.1,0.6,2.0,905.0,0.0,0.0,0.4486187845303867
38.0,10.0,45.0,0.6,0.1,0.6,2.0,885.0,0.0,0.0,0.6632768361581921
38.0,10.0,46.0,0.6,0.1,0.6,2.0,882.0,0.0,0.0,0.6655328798185941
38.0,10.0,47.0,0.6,0.1,0.6,2.0,876.0,0.0,0.0,0.6655251141552512
38.0,10.0,48.0,0.6,0.1,0.6,2.0,837.0,0.0,0.0,0.6606929510155317
38.0,10.0,49.0,0.6,0.1,0.6,2.0,833.0,0.0,0.0,0.6602641056422569
38.0,10.0,50.0,0.6,0.1,0.6,2.0,838.0,0.0,0.0,0.6610978520286396
38.0,10.0,51.0,0.6,0.1,0.6,2.0,833.0,0.0,0.0,0.6602641056422569
38.0,10.0,52.0,0.6,0.1,0.6,2.0,837.0,0.0,0.0,0.6630824372759857
39.0,1.0,1.0,0.6,0.1,0.6,2.0,5099.0,51.0,8.0,0.5887428907628947
39.0,1.0,2.0,0.6,0.1,0.6,2.0,5045.0,56.0,19.0,0.5881070366699702
39.0,1.0,3.0,0.6,0.1,0.6,2.0,4986.0,61.0,35.0,0.5872442839951865
39.0,1.0,4.0,0.6,0.1,0.6,2.0,5042.0,67.0,36.0,0.5892502975009917
39.0,1.0,5.0,0.6,0.1,0.6,2.0,4986.0,72.0,34.0,0.5878459687123947
39.0,1.0,6.0,0.6,0.1,0.6,2.0,4826.0,71.0,31.0,0.5882718607542479
39.0,1.0,7.0,0.6,0.1,0.6,2.0,4670.0,86.0,32.0,0.5875802997858672
39.0,1.0,8.0,0.6,0.1,0.6,2.0,4527.0,86.0,30.0,0.589573669096532
39.0,1.0,9.0,0.6,0.1,0.6,2.0,4390.0,85.0,35.0,0.5899772209567198
39.0,1.0,10.0,0.6,0.1,0.6,2.0,4242.0,87.0,37.0,0.5921735030645922
39.0,1.0,11.0,0.6,0.1,0.6,2.0,4111.0,94.0,51.0,0.5915835563123327
39.0,1.0,12.0,0.6,0.1,0.6,2.0,4038.0,89.0,41.0,0.5948489351163943
39.0,1.0,13.0,0.6,0.1,0.6,2.0,3946.0,86.0,38.0,0.5955397871262037
39.0,1.0,14.0,0.6,0.1,0.6,2.0,3866.0,70.0,30.0,0.6011381272633213
39.0,1.0,15.0,0.6,0.1,0.6,2.0,3767.0,70.0,45.0,0.5991505176533051
39.0,1.0,16.0,0.6,0.1,0.6,2.0,3680.0,69.0,40.0,0.6027173913043479
39.0,1.0,17.0,0.6,0.1,0.6,2.0,3547.0,63.0,32.0,0.6021990414434734
39.0,1.0,18.0,0.6,0.1,0.6,2.0,3469.0,57.0,23.0,0.6033439031421158
39.0,1.0,19.0,0.6,0.1,0.6,2.0,3363.0,56.0,23.0,0.607790663098424
39.0,1.0,20.0,0.6,0.1,0.6,2.0,6409.0,53.0,31.0,0.31752223435793414
39.0,1.0,21.0,0.6,0.1,0.6,2.0,5961.0,71.0,28.0,0.3187384667002181
39.0,1.0,22.0,0.6,0.1,0.6,2.0,5688.0,81.0,32.0,0.3217299578059072
39.0,1.0,23.0,0.6,0.1,0.6,2.0,5431.0,91.0,29.0,0.3233290370097588
39.0,1.0,24.0,0.6,0.1,0.6,2.0,5185.0,96.0,32.0,0.32651880424300866
39.0,1.0,25.0,0.6,0.1,0.6,2.0,4990.0,110.0,42.0,0.3316633266533066
39.0,1.0,26.0,0.6,0.1,0.6,2.0,4774.0,119.0,43.0,0.33368244658567237
39.0,1.0,27.0,0.6,0.1,0.6,2.0,4598.0,131.0,56.0,0.3355806872553284
39.0,1.0,28.0,0.6,0.1,0.6,2.0,4425.0,161.0,65.0,0.33943502824858757
39.0,1.0,29.0,0.6,0.1,0.6,2.0,4308.0,198.0,86.0,0.3414577530176416
39.0,1.0,30.0,0.6,0.1,0.6,2.0,4090.0,195.0,75.0,0.34792176039119804
39.0,1.0,31.0,0.6,0.1,0.6,2.0,3978.0,211.0,82.0,0.34967320261437906
39.0,1.0,32.0,0.6,0.1,0.6,2.0,3807.0,223.0,87.0,0.3546099290780142
39.0,1.0,33.0,0.6,0.1,0.6,2.0,3691.0,242.0,104.0,0.3570848008669737
39.0,1.0,34.0,0.6,0.1,0.6,2.0,3485.0,241.0,112.0,0.36470588235294116
39.0,1.0,35.0,0.6,0.1,0.6,2.0,3311.0,233.0,104.0,0.3684687405617638
39.0,1.0,36.0,0.6,0.1,0.6,2.0,3191.0,237.0,100.0,0.37417737386399247
39.0,1.0,37.0,0.6,0.1,0.6,2.0,3094.0,245.0,102.0,0.37815126050420167
39.0,1.0,38.0,0.6,0.1,0.6,2.0,2953.0,245.0,114.0,0.3890958347443278
39.0,1.0,39.0,0.6,0.1,0.6,2.0,2779.0,241.0,118.0,0.3940266282835552
39.0,1.0,40.0,0.6,0.1,0.6,2.0,2693.0,227.0,123.0,0.39955440029706646
39.0,1.0,41.0,0.6,0.1,0.6,2.0,2581.0,205.0,112.0,0.41069352963967454
39.0,1.0,42.0,0.6,0.1,0.6,2.0,2421.0,190.0,107.0,0.41966129698471705
39.0,1.0,43.0,0.6,0.1,0.6,2.0,2326.0,167.0,87.0,0.42605331040412725
39.0,1.0,44.0,0.6,0.1,0.6,2.0,2236.0,151.0,74.0,0.43917710196779963
39.0,1.0,45.0,0.6,0.1,0.6,2.0,2148.0,131.0,63.0,0.6731843575418994
39.0,1.0,46.0,0.6,0.1,0.6,2.0,2081.0,111.0,65.0,0.679961556943777
39.0,1.0,47.0,0.6,0.1,0.6,2.0,2028.0,92.0,57.0,0.685404339250493
39.0,1.0,48.0,0.6,0.1,0.6,2.0,1920.0,66.0,47.0,0.6911458333333333
39.0,1.0,49.0,0.6,0.1,0.6,2.0,1890.0,49.0,33.0,0.6947089947089947
39.0,1.0,50.0,0.6,0.1,0.6,2.0,1824.0,38.0,25.0,0.6946271929824561
39.0,1.0,51.0,0.6,0.1,0.6,2.0,1780.0,32.0,19.0,0.697752808988764
39.0,1.0,52.0,0.6,0.1,0.6,2.0,1728.0,27.0,15.0,0.6950231481481481
39.0,2.0,1.0,0.6,0.1,0.6,2.0,1715.0,21.0,12.0,0.6991253644314869
39.0,2.0,2.0,0.6,0.1,0.6,2.0,1689.0,18.0,12.0,0.6998223801065719
39.0,2.0,3.0,0.6,0.1,0.6,2.0,1670.0,17.0,12.0,0.7035928143712575
39.0,2.0,4.0,0.6,0.1,0.6,2.0,1644.0,13.0,8.0,0.7031630170316302
39.0,2.0,5.0,0.6,0.1,0.6,2.0,1624.0,8.0,5.0,0.7099753694581281
39.0,2.0,6.0,0.6,0.1,0.6,2.0,1603.0,8.0,3.0,0.7061759201497193
39.0,2.0,7.0,0.6,0.1,0.6,2.0,1597.0,6.0,2.0,0.7075767063243582
39.0,2.0,8.0,0.6,0.1,0.6,2.0,1573.0,6.0,3.0,0.7101080737444374
39.0,2.0,9.0,0.6,0.1,0.6,2.0,1550.0,6.0,4.0,0.7096774193548387
39.0,2.0,10.0,0.6,0.1,0.6,2.0,1525.0,7.0,4.0,0.7101639344262295
39.0,2.0,11.0,0.6,0.1,0.6,2.0,1500.0,7.0,3.0,0.71
39.0,2.0,12.0,0.6,0.1,0.6,2.0,1487.0,5.0,3.0,0.7088096839273705
39.0,2.0,13.0,0.6,0.1,0.6,2.0,1463.0,4.0,3.0,0.7101845522898155
39.0,2.0,14.0,0.6,0.1,0.6,2.0,1435.0,5.0,3.0,0.7087108013937282
39.0,2.0,15.0,0.6,0.1,0.6,2.0,1405.0,3.0,2.0,0.7124555160142348
39.0,2.0,16.0,0.6,0.1,0.6,2.0,1392.0,2.0,2.0,0.7112068965517241
39.0,2.0,17.0,0.6,0.1,0.6,2.0,1376.0,2.0,2.0,0.7129360465116279
39.0,2.0,18.0,0.6,0.1,0.6,2.0,1370.0,1.0,1.0,0.710948905109489
39.0,2.0,19.0,0.6,0.1,0.6,2.0,1359.0,0.0,0.0,0.7130242825607064
39.0,2.0,20.0,0.6,0.1,0.6,2.0,2503.0,0.0,0.0,0.37994406711945666
39.0,2.0,21.0,0.6,0.1,0.6,2.0,2412.0,0.0,0.0,0.3814262023217247
39.0,2.0,22.0,0.6,0.1,0.6,2.0,2336.0,0.0,0.0,0.3805650684931507
39.0,2.0,23.0,0.6,0.1,0.6,2.0,2253.0,0.0,0.0,0.3812694185530404
39.0,2.0,24.0,0.6,0.1,0.6,2.0,2227.0,0.0,0.0,0.37943421643466546
39.0,2.0,25.0,0.6,0.1,0.6,2.0,2069.0,0.0,0.0,0.39342677622039635
39.0,2.0,26.0,0.6,0.1,0.6,2.0,2001.0,0.0,0.0,0.3938030984507746
39.0,2.0,27.0,0.6,0.1,0.6,2.0,1958.0,0.0,0.0,0.3978549540347293
39.0,2.0,28.0,0.6,0.1,0.6,2.0,1932.0,0.0,0.0,0.39803312629399584
39.0,2.0,29.0,0.6,0.1,0.6,2.0,1849.0,0.0,0.0,0.4083288263926447
39.0,2.0,30.0,0.6,0.1,0.6,2.0,1792.0,0.0,0.0,0.4095982142857143
39.0,2.0,31.0,0.6,0.1,0.6,2.0,1747.0,0.0,0.0,0.41327990841442475
39.0,2.0,32.0,0.6,0.1,0.6,2.0,1687.0,0.0,0.0,0.4143449911084766
39.0,2.0,33.0,0.6,0.1,0.6,2.0,1661.0,0.0,0.0,0.41721854304635764
39.0,2.0,34.0,0.6,0.1,0.6,2.0,1620.0,0.0,0.0,0.4160493827160494
39.0,2.0,35.0,0.6,0.1,0.6,2.0,1607.0,0.0,0.0,0.4194150591163659
39.0,2.0,36.0,0.6,0.1,0.6,2.0,1569.0,0.0,0.0,0.420012746972594
39.0,2.0,37.0,0.6,0.1,0.6,2.0,1553.0,0.0,0.0,0.4204764971023825
39.0,2.0,38.0,0.6,0.1,0.6,2.0,1532.0,0.0,0.0,0.41840731070496084
39.0,2.0,39.0,0.6,0.1,0.6,2.0,1509.0,0.0,0.0,0.42213386348575216
39.0,2.0,40.0,0.6,0.1,0.6,2.0,1455.0,0.0,0.0,0.422680412371134
39.0,2.0,41.0,0.6,0.1,0.6,2.0,1443.0,0.0,0.0,0.42411642411642414
39.0,2.0,42.0,0.6,0.1,0.6,2.0,1382.0,0.0,0.0,0.4232995658465991
39.0,2.0,43.0,0.6,0.1,0.6,2.0,1322.0,0.0,0.0,0.4236006051437216
39.0,2.0,44.0,0.6,0.1,0.6,2.0,1281.0,0.0,0.0,0.4207650273224044
39.0,2.0,45.0,0.6,0.1,0.6,2.0,1277.0,0.0,0.0,0.6601409553641346
39.0,2.0,46.0,0.6,0.1,0.6,2.0,1229.0,0.0,0.0,0.6680227827502034
39.0,2.0,47.0,0.6,0.1,0.6,2.0,1215.0,0.0,0.0,0.6699588477366255
39.0,2.0,48.0,0.6,0.1,0.6,2.0,1183.0,0.0,0.0,0.6686390532544378
39.0,2.0,49.0,0.6,0.1,0.6,2.0,1151.0,0.0,0.0,0.6663770634231103
39.0,2.0,50.0,0.6,0.1,0.6,2.0,1119.0,0.0,0.0,0.6684539767649688
39.0,2.0,51.0,0.6,0.1,0.6,2.0,1091.0,0.0,0.0,0.6645279560036663
39.0,2.0,52.0,0.6,0.1,0.6,2.0,1063.0,0.0,0.0,0.6669802445907808
39.0,3.0,1.0,0.6,0.1,0.6,2.0,1057.0,0.0,0.0,0.6622516556291391
39.0,3.0,2.0,0.6,0.1,0.6,2.0,1020.0,0.0,0.0,0.6696078431372549
39.0,3.0,3.0,0.6,0.1,0.6,2.0,985.0,0.0,0.0,0.6680203045685279
39.0,3.0,4.0,0.6,0.1,0.6,2.0,972.0,0.0,0.0,0.6728395061728395
39.0,3.0,5.0,0.6,0.1,0.6,2.0,966.0,0.0,0.0,0.6656314699792961
39.0,3.0,6.0,0.6,0.1,0.6,2.0,956.0,0.0,0.0,0.6705020920502092
39.0,3.0,7.0,0.6,0.1,0.6,2.0,955.0,0.0,0.0,0.6680628272251309
39.0,3.0,8.0,0.6,0.1,0.6,2.0,931.0,0.0,0.0,0.6745435016111708
39.0,3.0,9.0,0.6,0.1,0.6,2.0,932.0,0.0,0.0,0.6727467811158798
39.0,3.0,10.0,0.6,0.1,0.6,2.0,921.0,0.0,0.0,0.6731813246471227
39.0,3.0,11.0,0.6,0.1,0.6,2.0,918.0,0.0,0.0,0.6721132897603486
39.0,3.0,12.0,0.6,0.1,0.6,2.0,892.0,0.0,0.0,0.6748878923766816
39.0,3.0,13.0,0.6,0.1,0.6,2.0,893.0,0.0,0.0,0.6730123180291153
39.0,3.0,14.0,0.6,0.1,0.6,2.0,885.0,0.0,0.0,0.6700564971751413
39.0,3.0,15.0,0.6,0.1,0.6,2.0,884.0,0.0,0.0,0.669683257918552
39.0,3.0,16.0,0.6,0.1,0.6,2.0,870.0,0.0,0.0,0.674712643678161
39.0,3.0,17.0,0.6,0.1,0.6,2.0,865.0,0.0,0.0,0.6728323699421965
39.0,3.0,18.0,0.6,0.1,0.6,2.0,846.0,0.0,0.0,0.6773049645390071
39.0,3.0,19.0,0.6,0.1,0.6,2.0,848.0,0.0,0.0,0.6745283018867925
39.0,3.0,20.0,0.6,0.1,0.6,2.0,1530.0,0.0,0.0,0.3627450980392157
39.0,3.0,21.0,0.6,0.1,0.6,2.0,1500.0,0.0,0.0,0.35933333333333334
39.0,3.0,22.0,0.6,0.1,0.6,2.0,1447.0,0.0,0.0,0.364201796821009
39.0,3.0,23.0,0.6,0.1,0.6,2.0,1400.0,0.0,0.0,0.36357142857142855
39.0,3.0,24.0,0.6,0.1,0.6,2.0,1362.0,0.0,0.0,0.368575624082232
39.0,3.0,25.0,0.6,0.1,0.6,2.0,1335.0,0.0,0.0,0.36779026217228467
39.0,3.0,26.0,0.6,0.1,0.6,2.0,1297.0,0.0,0.0,0.3708558211256746
39.0,3.0,27.0,0.6,0.1,0.6,2.0,1271.0,0.0,0.0,0.37136113296616835
39.0,3.0,28.0,0.6,0.1,0.6,2.0,1235.0,0.0,0.0,0.3740890688259109
39.0,3.0,29.0,0.6,0.1,0.6,2.0,1232.0,0.0,0.0,0.37662337662337664
39.0,3.0,30.0,0.6,0.1,0.6,2.0,1167.0,0.0,0.0,0.3796058269065981
39.0,3.0,31.0,0.6,0.1,0.6,2.0,1153.0,0.0,0.0,0.38508239375542064
39.0,3.0,32.0,0.6,0.1,0.6,2.0,1103.0,0.0,0.0,0.38349954669084313
39.0,3.0,33.0,0.6,0.1,0.6,2.0,1093.0,0.0,0.0,0.38243366880146384
39.0,3.0,34.0,0.6,0.1,0.6,2.0,1078.0,0.0,0.0,0.38311688311688313
39.0,3.0,35.0,0.6,0.1,0.6,2.0,1074.0,0.0,0.0,0.3770949720670391
39.0,3.0,36.0,0.6,0.1,0.6,2.0,1015.0,0.0,0.0,0.37733990147783253
39.0,3.0,37.0,0.6,0.1,0.6,2.0,979.0,0.0,0.0,0.3871297242083759
39.0,3.0,38.0,0.6,0.1,0.6,2.0,942.0,0.0,0.0,0.3874734607218684
39.0,3.0,39.0,0.6,0.1,0.6,2.0,943.0,0.0,0.0,0.38812301166489926
39.0,3.0,40.0,0.6,0.1,0.6,2.0,930.0,0.0,0.0,0.3860215053763441
39.0,3.0,41.0,0.6,0.1,0.6,2.0,929.0,0.0,0.0,0.38105489773950485
39.0,3.0,42.0,0.6,0.1,0.6,2.0,914.0,0.0,0.0,0.38293216630196936
39.0,3.0,43.0,0.6,0.1,0.6,2.0,924.0,0.0,0.0,0.37987012987012986
39.0,3.0,44.0,0.6,0.1,0.6,2.0,911.0,0.0,0.0,0.3809001097694841
39.0,3.0,45.0,0.6,0.1,0.6,2.0,913.0,0.0,0.0,0.6089813800657174
39.0,3.0,46.0,0.6,0.1,0.6,2.0,876.0,0.0,0.0,0.6084474885844748
39.0,3.0,47.0,0.6,0.1,0.6,2.0,865.0,0.0,0.0,0.608092485549133
39.0,3.0,48.0,0.6,0.1,0.6,2.0,840.0,0.0,0.0,0.6107142857142858
39.0,3.0,49.0,0.6,0.1,0.6,2.0,835.0,0.0,0.0,0.6119760479041916
39.0,3.0,50.0,0.6,0.1,0.6,2.0,822.0,0.0,0.0,0.610705596107056
39.0,3.0,51.0,0.6,0.1,0.6,2.0,810.0,0.0,0.0,0.6074074074074074
39.0,3.0,52.0,0.6,0.1,0.6,2.0,795.0,0.0,0.0,0.6125786163522012
39.0,4.0,1.0,0.6,0.1,0.6,2.0,800.0,0.0,0.0,0.61
39.0,4.0,2.0,0.6,0.1,0.6,2.0,786.0,0.0,0.0,0.6157760814249363
39.0,4.0,3.0,0.6,0.1,0.6,2.0,775.0,0.0,0.0,0.6090322580645161
39.0,4.0,4.0,0.6,0.1,0.6,2.0,761.0,0.0,0.0,0.6149802890932983
39.0,4.0,5.0,0.6,0.1,0.6,2.0,771.0,0.0,0.0,0.6095979247730221
39.0,4.0,6.0,0.6,0.1,0.6,2.0,752.0,0.0,0.0,0.6170212765957447
39.0,4.0,7.0,0.6,0.1,0.6,2.0,767.0,0.0,0.0,0.6088657105606258
39.0,4.0,8.0,0.6,0.1,0.6,2.0,744.0,0.0,0.0,0.6155913978494624
39.0,4.0,9.0,0.6,0.1,0.6,2.0,748.0,0.0,0.0,0.6096256684491979
39.0,4.0,10.0,0.6,0.1,0.6,2.0,734.0,0.0,0.0,0.6158038147138964
39.0,4.0,11.0,0.6,0.1,0.6,2.0,732.0,0.0,0.0,0.6147540983606558
39.0,4.0,12.0,0.6,0.1,0.6,2.0,722.0,0.0,0.0,0.6191135734072022
39.0,4.0,13.0,0.6,0.1,0.6,2.0,722.0,0.0,0.0,0.6163434903047091
39.0,4.0,14.0,0.6,0.1,0.6,2.0,715.0,0.0,0.0,0.6181818181818182
39.0,4.0,15.0,0.6,0.1,0.6,2.0,709.0,0.0,0.0,0.614950634696756
39.0,4.0,16.0,0.6,0.1,0.6,2.0,697.0,0.0,0.0,0.6197991391678622
39.0,4.0,17.0,0.6,0.1,0.6,2.0,689.0,0.0,0.0,0.6197387518142236
39.0,4.0,18.0,0.6,0.1,0.6,2.0,680.0,0.0,0.0,0.6235294117647059
39.0,4.0,19.0,0.6,0.1,0.6,2.0,668.0,0.0,0.0,0.625748502994012
39.0,4.0,20.0,0.6,0.1,0.6,2.0,1209.0,0.0,0.0,0.34077750206782464
39.0,4.0,21.0,0.6,0.1,0.6,2.0,1209.0,0.0,0.0,0.3399503722084367
39.0,4.0,22.0,0.6,0.1,0.6,2.0,1149.0,0.0,0.0,0.3411662315056571
39.0,4.0,23.0,0.6,0.1,0.6,2.0,1137.0,0.0,0.0,0.33948988566402816
39.0,4.0,24.0,0.6,0.1,0.6,2.0,1120.0,0.0,0.0,0.34017857142857144
39.0,4.0,25.0,0.6,0.1,0.6,2.0,1082.0,0.0,0.0,0.3410351201478743
39.0,4.0,26.0,0.6,0.1,0.6,2.0,1084.0,0.0,0.0,0.3413284132841328
39.0,4.0,27.0,0.6,0.1,0.6,2.0,1034.0,0.0,0.0,0.3481624758220503
39.0,4.0,28.0,0.6,0.1,0.6,2.0,1025.0,0.0,0.0,0.35024390243902437
39.0,4.0,29.0,0.6,0.1,0.6,2.0,989.0,0.0,0.0,0.35490394337714865
39.0,4.0,30.0,0.6,0.1,0.6,2.0,943.0,0.0,0.0,0.3584305408271474
39.0,4.0,31.0,0.6,0.1,0.6,2.0,930.0,0.0,0.0,0.3580645161290323
39.0,4.0,32.0,0.6,0.1,0.6,2.0,926.0,0.0,0.0,0.35853131749460043
39.0,4.0,33.0,0.6,0.1,0.6,2.0,917.0,0.0,0.0,0.35659760087241005
39.0,4.0,34.0,0.6,0.1,0.6,2.0,880.0,0.0,0.0,0.3625
39.0,4.0,35.0,0.6,0.1,0.6,2.0,880.0,0.0,0.0,0.3613636363636364
39.0,4.0,36.0,0.6,0.1,0.6,2.0,874.0,0.0,0.0,0.36041189931350115
39.0,4.0,37.0,0.6,0.1,0.6,2.0,863.0,0.0,0.0,0.35921205098493625
39.0,4.0,38.0,0.6,0.1,0.6,2.0,851.0,0.0,0.0,0.35605170387779084
39.0,4.0,39.0,0.6,0.1,0.6,2.0,825.0,0.0,0.0,0.3575757575757576
39.0,4.0,40.0,0.6,0.1,0.6,2.0,818.0,0.0,0.0,0.3594132029339853
39.0,4.0,41.0,0.6,0.1,0.6,2.0,799.0,0.0,0.0,0.3591989987484355
39.0,4.0,42.0,0.6,0.1,0.6,2.0,791.0,0.0,0.0,0.359039190897598
39.0,4.0,43.0,0.6,0.1,0.6,2.0,774.0,0.0,0.0,0.35400516795865633
39.0,4.0,44.0,0.6,0.1,0.6,2.0,756.0,0.0,0.0,0.3584656084656085
39.0,4.0,45.0,0.6,0.1,0.6,2.0,741.0,0.0,0.0,0.6302294197031039
39.0,4.0,46.0,0.6,0.1,0.6,2.0,727.0,0.0,0.0,0.6286107290233838
39.0,4.0,47.0,0.6,0.1,0.6,2.0,714.0,0.0,0.0,0.6316526610644257
39.0,4.0,48.0,0.6,0.1,0.6,2.0,696.0,0.0,0.0,0.632183908045977
39.0,4.0,49.0,0.6,0.1,0.6,2.0,693.0,0.0,0.0,0.6363636363636364
39.0,4.0,50.0,0.6,0.1,0.6,2.0,678.0,0.0,0.0,0.6327433628318584
39.0,4.0,51.0,0.6,0.1,0.6,2.0,677.0,0.0,0.0,0.638109305760709
39.0,4.0,52.0,0.6,0.1,0.6,2.0,667.0,0.0,0.0,0.6281859070464768
39.0,5.0,1.0,0.6,0.1,0.6,2.0,663.0,0.0,0.0,0.6365007541478129
39.0,5.0,2.0,0.6,0.1,0.6,2.0,658.0,0.0,0.0,0.6322188449848024
39.0,5.0,3.0,0.6,0.1,0.6,2.0,647.0,0.0,0.0,0.6398763523956723
39.0,5.0,4.0,0.6,0.1,0.6,2.0,647.0,0.0,0.0,0.6352395672333848
39.0,5.0,5.0,0.6,0.1,0.6,2.0,632.0,0.0,0.0,0.6376582278481012
39.0,5.0,6.0,0.6,0.1,0.6,2.0,629.0,0.0,0.0,0.6311605723370429
39.0,5.0,7.0,0.6,0.1,0.6,2.0,626.0,0.0,0.0,0.6357827476038339
39.0,5.0,8.0,0.6,0.1,0.6,2.0,623.0,0.0,0.0,0.6324237560192616
39.0,5.0,9.0,0.6,0.1,0.6,2.0,616.0,0.0,0.0,0.6314935064935064
39.0,5.0,10.0,0.6,0.1,0.6,2.0,602.0,0.0,0.0,0.632890365448505
39.0,5.0,11.0,0.6,0.1,0.6,2.0,586.0,0.0,0.0,0.636518771331058
39.0,5.0,12.0,0.6,0.1,0.6,2.0,584.0,0.0,0.0,0.6318493150684932
39.0,5.0,13.0,0.6,0.1,0.6,2.0,583.0,0.0,0.0,0.6329331046312179
39.0,5.0,14.0,0.6,0.1,0.6,2.0,576.0,0.0,0.0,0.6319444444444444
39.0,5.0,15.0,0.6,0.1,0.6,2.0,578.0,0.0,0.0,0.6314878892733564
39.0,5.0,16.0,0.6,0.1,0.6,2.0,569.0,0.0,0.0,0.632688927943761
39.0,5.0,17.0,0.6,0.1,0.6,2.0,575.0,0.0,0.0,0.6330434782608696
39.0,5.0,18.0,0.6,0.1,0.6,2.0,572.0,0.0,0.0,0.6293706293706294
39.0,5.0,19.0,0.6,0.1,0.6,2.0,576.0,0.0,0.0,0.6319444444444444
39.0,5.0,20.0,0.6,0.1,0.6,2.0,1063.0,0.0,0.0,0.3377234242709313
39.0,5.0,21.0,0.6,0.1,0.6,2.0,1071.0,0.0,0.0,0.3389355742296919
39.0,5.0,22.0,0.6,0.1,0.6,2.0,1037.0,0.0,0.0,0.3355834136933462
39.0,5.0,23.0,0.6,0.1,0.6,2.0,1023.0,0.0,0.0,0.3391984359726295
39.0,5.0,24.0,0.6,0.1,0.6,2.0,972.0,0.0,0.0,0.34670781893004116
39.0,5.0,25.0,0.6,0.1,0.6,2.0,945.0,0.0,0.0,0.3492063492063492
39.0,5.0,26.0,0.6,0.1,0.6,2.0,925.0,0.0,0.0,0.34594594594594597
39.0,5.0,27.0,0.6,0.1,0.6,2.0,905.0,0.0,0.0,0.35138121546961326
39.0,5.0,28.0,0.6,0.1,0.6,2.0,894.0,0.0,0.0,0.348993288590604
39.0,5.0,29.0,0.6,0.1,0.6,2.0,873.0,0.0,0.0,0.35624284077892326
39.0,5.0,30.0,0.6,0.1,0.6,2.0,800.0,0.0,0.0,0.36
39.0,5.0,31.0,0.6,0.1,0.6,2.0,803.0,0.0,0.0,0.36239103362391034
39.0,5.0,32.0,0.6,0.1,0.6,2.0,767.0,0.0,0.0,0.36114732724902215
39.0,5.0,33.0,0.6,0.1,0.6,2.0,772.0,0.0,0.0,0.36139896373056996
39.0,5.0,34.0,0.6,0.1,0.6,2.0,765.0,0.0,0.0,0.3581699346405229
39.0,5.0,35.0,0.6,0.1,0.6,2.0,740.0,0.0,0.0,0.3675675675675676
39.0,5.0,36.0,0.6,0.1,0.6,2.0,710.0,0.0,0.0,0.3676056338028169
39.0,5.0,37.0,0.6,0.1,0.6,2.0,713.0,0.0,0.0,0.3702664796633941
39.0,5.0,38.0,0.6,0.1,0.6,2.0,694.0,0.0,0.0,0.3703170028818444
39.0,5.0,39.0,0.6,0.1,0.6,2.0,693.0,0.0,0.0,0.3708513708513709
39.0,5.0,40.0,0.6,0.1,0.6,2.0,691.0,0.0,0.0,0.3675832127351664
39.0,5.0,41.0,0.6,0.1,0.6,2.0,686.0,0.0,0.0,0.37026239067055394
39.0,5.0,42.0,0.6,0.1,0.6,2.0,669.0,0.0,0.0,0.37369207772795215
39.0,5.0,43.0,0.6,0.1,0.6,2.0,667.0,0.0,0.0,0.37631184407796103
39.0,5.0,44.0,0.6,0.1,0.6,2.0,667.0,0.0,0.0,0.3733133433283358
39.0,5.0,45.0,0.6,0.1,0.6,2.0,664.0,0.0,0.0,0.5993975903614458
39.0,5.0,46.0,0.6,0.1,0.6,2.0,663.0,0.0,0.0,0.5972850678733032
39.0,5.0,47.0,0.6,0.1,0.6,2.0,663.0,0.0,0.0,0.5987933634992458
39.0,5.0,48.0,0.6,0.1,0.6,2.0,651.0,0.0,0.0,0.5990783410138248
39.0,5.0,49.0,0.6,0.1,0.6,2.0,649.0,0.0,0.0,0.5993836671802774
39.0,5.0,50.0,0.6,0.1,0.6,2.0,650.0,0.0,0.0,0.5953846153846154
39.0,5.0,51.0,0.6,0.1,0.6,2.0,647.0,0.0,0.0,0.598145285935085
39.0,5.0,52.0,0.6,0.1,0.6,2.0,645.0,0.0,0.0,0.5984496124031008
39.0,6.0,1.0,0.6,0.1,0.6,2.0,641.0,0.0,0.0,0.5990639625585024
39.0,6.0,2.0,0.6,0.1,0.6,2.0,648.0,0.0,0.0,0.5972222222222222
39.0,6.0,3.0,0.6,0.1,0.6,2.0,641.0,0.0,0.0,0.5990639625585024
39.0,6.0,4.0,0.6,0.1,0.6,2.0,641.0,0.0,0.0,0.6021840873634945
39.0,6.0,5.0,0.6,0.1,0.6,2.0,638.0,0.0,0.0,0.603448275862069
39.0,6.0,6.0,0.6,0.1,0.6,2.0,638.0,0.0,0.0,0.6003134796238244
39.0,6.0,7.0,0.6,0.1,0.6,2.0,636.0,0.0,0.0,0.6037735849056604
39.0,6.0,8.0,0.6,0.1,0.6,2.0,633.0,0.0,0.0,0.6034755134281201
39.0,6.0,9.0,0.6,0.1,0.6,2.0,613.0,0.0,0.0,0.6068515497553018
39.0,6.0,10.0,0.6,0.1,0.6,2.0,617.0,0.0,0.0,0.6094003241491086
39.0,6.0,11.0,0.6,0.1,0.6,2.0,611.0,0.0,0.0,0.6088379705400983
39.0,6.0,12.0,0.6,0.1,0.6,2.0,612.0,0.0,0.0,0.6111111111111112
39.0,6.0,13.0,0.6,0.1,0.6,2.0,607.0,0.0,0.0,0.6128500823723229
39.0,6.0,14.0,0.6,0.1,0.6,2.0,594.0,0.0,0.0,0.6111111111111112
39.0,6.0,15.0,0.6,0.1,0.6,2.0,585.0,0.0,0.0,0.6153846153846154
39.0,6.0,16.0,0.6,0.1,0.6,2.0,589.0,0.0,0.0,0.6112054329371817
39.0,6.0,17.0,0.6,0.1,0.6,2.0,567.0,0.0,0.0,0.6155202821869489
39.0,6.0,18.0,0.6,0.1,0.6,2.0,573.0,0.0,0.0,0.6108202443280978
39.0,6.0,19.0,0.6,0.1,0.6,2.0,563.0,0.0,0.0,0.6163410301953819
39.0,6.0,20.0,0.6,0.1,0.6,2.0,1027.0,0.0,0.0,0.33787731256085685
39.0,6.0,21.0,0.6,0.1,0.6,2.0,955.0,0.0,0.0,0.34554973821989526
39.0,6.0,22.0,0.6,0.1,0.6,2.0,932.0,0.0,0.0,0.3487124463519313
39.0,6.0,23.0,0.6,0.1,0.6,2.0,888.0,0.0,0.0,0.3524774774774775
39.0,6.0,24.0,0.6,0.1,0.6,2.0,864.0,0.0,0.0,0.35648148148148145
39.0,6.0,25.0,0.6,0.1,0.6,2.0,862.0,0.0,0.0,0.3561484918793503
39.0,6.0,26.0,0.6,0.1,0.6,2.0,863.0,0.0,0.0,0.35573580533024335
39.0,6.0,27.0,0.6,0.1,0.6,2.0,861.0,0.0,0.0,0.35772357723577236
39.0,6.0,28.0,0.6,0.1,0.6,2.0,822.0,0.0,0.0,0.36253041362530414
39.0,6.0,29.0,0.6,0.1,0.6,2.0,832.0,0.0,0.0,0.3605769230769231
39.0,6.0,30.0,0.6,0.1,0.6,2.0,781.0,0.0,0.0,0.3700384122919334
39.0,6.0,31.0,0.6,0.1,0.6,2.0,791.0,0.0,0.0,0.36788874841972186
39.0,6.0,32.0,0.6,0.1,0.6,2.0,751.0,0.0,0.0,0.3648468708388815
39.0,6.0,33.0,0.6,0.1,0.6,2.0,753.0,0.0,0.0,0.36786188579017265
39.0,6.0,34.0,0.6,0.1,0.6,2.0,737.0,0.0,0.0,0.36906377204884666
39.0,6.0,35.0,0.6,0.1,0.6,2.0,749.0,0.0,0.0,0.3658210947930574
39.0,6.0,36.0,0.6,0.1,0.6,2.0,737.0,0.0,0.0,0.3677069199457259
39.0,6.0,37.0,0.6,0.1,0.6,2.0,748.0,0.0,0.0,0.3649732620320856
39.0,6.0,38.0,0.6,0.1,0.6,2.0,734.0,0.0,0.0,0.3651226158038147
39.0,6.0,39.0,0.6,0.1,0.6,2.0,728.0,0.0,0.0,0.36813186813186816
39.0,6.0,40.0,0.6,0.1,0.6,2.0,723.0,0.0,0.0,0.367911479944675
39.0,6.0,41.0,0.6,0.1,0.6,2.0,730.0,0.0,0.0,0.3684931506849315
39.0,6.0,42.0,0.6,0.1,0.6,2.0,706.0,0.0,0.0,0.3696883852691218
39.0,6.0,43.0,0.6,0.1,0.6,2.0,702.0,0.0,0.0,0.36894586894586895
39.0,6.0,44.0,0.6,0.1,0.6,2.0,692.0,0.0,0.0,0.3699421965317919
39.0,6.0,45.0,0.6,0.1,0.6,2.0,687.0,0.0,0.0,0.6069868995633187
39.0,6.0,46.0,0.6,0.1,0.6,2.0,678.0,0.0,0.0,0.6091445427728613
39.0,6.0,47.0,0.6,0.1,0.6,2.0,688.0,0.0,0.0,0.6075581395348837
39.0,6.0,48.0,0.6,0.1,0.6,2.0,678.0,0.0,0.0,0.6091445427728613
39.0,6.0,49.0,0.6,0.1,0.6,2.0,686.0,0.0,0.0,0.6064139941690962
39.0,6.0,50.0,0.6,0.1,0.6,2.0,676.0,0.0,0.0,0.6094674556213018
39.0,6.0,51.0,0.6,0.1,0.6,2.0,678.0,0.0,0.0,0.6091445427728613
39.0,6.0,52.0,0.6,0.1,0.6,2.0,670.0,0.0,0.0,0.6104477611940299
39.0,7.0,1.0,0.6,0.1,0.6,2.0,677.0,0.0,0.0,0.6085672082717873
39.0,7.0,2.0,0.6,0.1,0.6,2.0,669.0,0.0,0.0,0.6098654708520179
39.0,7.0,3.0,0.6,0.1,0.6,2.0,673.0,0.0,0.0,0.612184249628529
39.0,7.0,4.0,0.6,0.1,0.6,2.0,663.0,0.0,0.0,0.6153846153846154
39.0,7.0,5.0,0.6,0.1,0.6,2.0,669.0,0.0,0.0,0.6158445440956651
39.0,7.0,6.0,0.6,0.1,0.6,2.0,662.0,0.0,0.0,0.6163141993957704
39.0,7.0,7.0,0.6,0.1,0.6,2.0,667.0,0.0,0.0,0.6176911544227887
39.0,7.0,8.0,0.6,0.1,0.6,2.0,661.0,0.0,0.0,0.6157337367624811
39.0,7.0,9.0,0.6,0.1,0.6,2.0,660.0,0.0,0.0,0.6227272727272727
39.0,7.0,10.0,0.6,0.1,0.6,2.0,660.0,0.0,0.0,0.6196969696969697
39.0,7.0,11.0,0.6,0.1,0.6,2.0,652.0,0.0,0.0,0.6211656441717791
39.0,7.0,12.0,0.6,0.1,0.6,2.0,654.0,0.0,0.0,0.617737003058104
39.0,7.0,13.0,0.6,0.1,0.6,2.0,648.0,0.0,0.0,0.6219135802469136
39.0,7.0,14.0,0.6,0.1,0.6,2.0,649.0,0.0,0.0,0.6163328197226502
39.0,7.0,15.0,0.6,0.1,0.6,2.0,644.0,0.0,0.0,0.6211180124223602
39.0,7.0,16.0,0.6,0.1,0.6,2.0,644.0,0.0,0.0,0.6195652173913043
39.0,7.0,17.0,0.6,0.1,0.6,2.0,643.0,0.0,0.0,0.6251944012441679
39.0,7.0,18.0,0.6,0.1,0.6,2.0,645.0,0.0,0.0,0.6201550387596899
39.0,7.0,19.0,0.6,0.1,0.6,2.0,642.0,0.0,0.0,0.6261682242990654
39.0,7.0,20.0,0.6,0.1,0.6,2.0,1143.0,0.0,0.0,0.34908136482939633
39.0,7.0,21.0,0.6,0.1,0.6,2.0,1099.0,0.0,0.0,0.353958143767061
39.0,7.0,22.0,0.6,0.1,0.6,2.0,1097.0,0.0,0.0,0.3536918869644485
39.0,7.0,23.0,0.6,0.1,0.6,2.0,1051.0,0.0,0.0,0.36060894386298764
39.0,7.0,24.0,0.6,0.1,0.6,2.0,1025.0,0.0,0.0,0.35804878048780486
39.0,7.0,25.0,0.6,0.1,0.6,2.0,979.0,0.0,0.0,0.3626149131767109
39.0,7.0,26.0,0.6,0.1,0.6,2.0,946.0,0.0,0.0,0.3678646934460888
39.0,7.0,27.0,0.6,0.1,0.6,2.0,911.0,0.0,0.0,0.36882546652030734
39.0,7.0,28.0,0.6,0.1,0.6,2.0,911.0,0.0,0.0,0.36443468715697036
39.0,7.0,29.0,0.6,0.1,0.6,2.0,884.0,0.0,0.0,0.36764705882352944
39.0,7.0,30.0,0.6,0.1,0.6,2.0,874.0,0.0,0.0,0.36613272311212813
39.0,7.0,31.0,0.6,0.1,0.6,2.0,838.0,0.0,0.0,0.3723150357995227
39.0,7.0,32.0,0.6,0.1,0.6,2.0,834.0,0.0,0.0,0.36810551558752996
39.0,7.0,33.0,0.6,0.1,0.6,2.0,823.0,0.0,0.0,0.3730255164034022
39.0,7.0,34.0,0.6,0.1,0.6,2.0,795.0,0.0,0.0,0.37610062893081764
39.0,7.0,35.0,0.6,0.1,0.6,2.0,790.0,0.0,0.0,0.379746835443038
39.0,7.0,36.0,0.6,0.1,0.6,2.0,793.0,0.0,0.0,0.37578814627994955
39.0,7.0,37.0,0.6,0.1,0.6,2.0,760.0,0.0,0.0,0.3881578947368421
39.0,7.0,38.0,0.6,0.1,0.6,2.0,766.0,0.0,0.0,0.3825065274151436
39.0,7.0,39.0,0.6,0.1,0.6,2.0,747.0,0.0,0.0,0.3895582329317269
39.0,7.0,40.0,0.6,0.1,0.6,2.0,747.0,0.0,0.0,0.38420348058902276
39.0,7.0,41.0,0.6,0.1,0.6,2.0,737.0,0.0,0.0,0.39348710990502034
39.0,7.0,42.0,0.6,0.1,0.6,2.0,734.0,0.0,0.0,0.388283378746594
39.0,7.0,43.0,0.6,0.1,0.6,2.0,732.0,0.0,0.0,0.3907103825136612
39.0,7.0,44.0,0.6,0.1,0.6,2.0,730.0,0.0,0.0,0.38493150684931504
39.0,7.0,45.0,0.6,0.1,0.6,2.0,729.0,0.0,0.0,0.6460905349794238
39.0,7.0,46.0,0.6,0.1,0.6,2.0,719.0,0.0,0.0,0.6397774687065368
39.0,7.0,47.0,0.6,0.1,0.6,2.0,700.0,0.0,0.0,0.6471428571428571
39.0,7.0,48.0,0.6,0.1,0.6,2.0,694.0,0.0,0.0,0.6426512968299711
39.0,7.0,49.0,0.6,0.1,0.6,2.0,689.0,0.0,0.0,0.6458635703918723
39.0,7.0,50.0,0.6,0.1,0.6,2.0,682.0,0.0,0.0,0.6407624633431085
39.0,7.0,51.0,0.6,0.1,0.6,2.0,683.0,0.0,0.0,0.6442166910688141
39.0,7.0,52.0,0.6,0.1,0.6,2.0,665.0,0.0,0.0,0.6360902255639098
39.0,8.0,1.0,0.6,0.1,0.6,2.0,666.0,0.0,0.0,0.6426426426426426
39.0,8.0,2.0,0.6,0.1,0.6,2.0,660.0,0.0,0.0,0.6363636363636364
39.0,8.0,3.0,0.6,0.1,0.6,2.0,666.0,0.0,0.0,0.6426426426426426
39.0,8.0,4.0,0.6,0.1,0.6,2.0,661.0,0.0,0.0,0.6369137670196672
39.0,8.0,5.0,0.6,0.1,0.6,2.0,666.0,0.0,0.0,0.6426426426426426
39.0,8.0,6.0,0.6,0.1,0.6,2.0,660.0,0.0,0.0,0.6363636363636364
39.0,8.0,7.0,0.6,0.1,0.6,2.0,651.0,0.0,0.0,0.6513056835637481
39.0,8.0,8.0,0.6,0.1,0.6,2.0,642.0,0.0,0.0,0.6479750778816199
39.0,8.0,9.0,0.6,0.1,0.6,2.0,619.0,0.0,0.0,0.6591276252019386
39.0,8.0,10.0,0.6,0.1,0.6,2.0,610.0,0.0,0.0,0.6524590163934426
39.0,8.0,11.0,0.6,0.1,0.6,2.0,616.0,0.0,0.0,0.6590909090909091
39.0,8.0,12.0,0.6,0.1,0.6,2.0,610.0,0.0,0.0,0.6524590163934426
39.0,8.0,13.0,0.6,0.1,0.6,2.0,609.0,0.0,0.0,0.6600985221674877
39.0,8.0,14.0,0.6,0.1,0.6,2.0,610.0,0.0,0.0,0.6540983606557377
39.0,8.0,15.0,0.6,0.1,0.6,2.0,608.0,0.0,0.0,0.6595394736842105
39.0,8.0,16.0,0.6,0.1,0.6,2.0,606.0,0.0,0.0,0.6534653465346535
39.0,8.0,17.0,0.6,0.1,0.6,2.0,607.0,0.0,0.0,0.6606260296540363
39.0,8.0,18.0,0.6,0.1,0.6,2.0,598.0,0.0,0.0,0.6555183946488294
39.0,8.0,19.0,0.6,0.1,0.6,2.0,599.0,0.0,0.0,0.66110183639399
39.0,8.0,20.0,0.6,0.1,0.6,2.0,1066.0,0.0,0.0,0.36679174484052535
39.0,8.0,21.0,0.6,0.1,0.6,2.0,1010.0,0.0,0.0,0.37623762376237624
39.0,8.0,22.0,0.6,0.1,0.6,2.0,979.0,0.0,0.0,0.36976506639427986
39.0,8.0,23.0,0.6,0.1,0.6,2.0,952.0,0.0,0.0,0.37815126050420167
39.0,8.0,24.0,0.6,0.1,0.6,2.0,924.0,0.0,0.0,0.38095238095238093
39.0,8.0,25.0,0.6,0.1,0.6,2.0,866.0,0.0,0.0,0.38683602771362585
39.0,8.0,26.0,0.6,0.1,0.6,2.0,819.0,0.0,0.0,0.3882783882783883
39.0,8.0,27.0,0.6,0.1,0.6,2.0,814.0,0.0,0.0,0.3931203931203931
39.0,8.0,28.0,0.6,0.1,0.6,2.0,803.0,0.0,0.0,0.39352428393524286
39.0,8.0,29.0,0.6,0.1,0.6,2.0,813.0,0.0,0.0,0.3936039360393604
39.0,8.0,30.0,0.6,0.1,0.6,2.0,776.0,0.0,0.0,0.39690721649484534
39.0,8.0,31.0,0.6,0.1,0.6,2.0,787.0,0.0,0.0,0.39644218551461247
39.0,8.0,32.0,0.6,0.1,0.6,2.0,767.0,0.0,0.0,0.4002607561929596
39.0,8.0,33.0,0.6,0.1,0.6,2.0,776.0,0.0,0.0,0.4007731958762887
39.0,8.0,34.0,0.6,0.1,0.6,2.0,752.0,0.0,0.0,0.4029255319148936
39.0,8.0,35.0,0.6,0.1,0.6,2.0,749.0,0.0,0.0,0.4045393858477971
39.0,8.0,36.0,0.6,0.1,0.6,2.0,738.0,0.0,0.0,0.4037940379403794
39.0,8.0,37.0,0.6,0.1,0.6,2.0,749.0,0.0,0.0,0.4045393858477971
39.0,8.0,38.0,0.6,0.1,0.6,2.0,739.0,0.0,0.0,0.401894451962111
39.0,8.0,39.0,0.6,0.1,0.6,2.0,749.0,0.0,0.0,0.4045393858477971
39.0,8.0,40.0,0.6,0.1,0.6,2.0,727.0,0.0,0.0,0.40852819807427787
39.0,8.0,41.0,0.6,0.1,0.6,2.0,738.0,0.0,0.0,0.4092140921409214
39.0,8.0,42.0,0.6,0.1,0.6,2.0,719.0,0.0,0.0,0.41307371349095967
39.0,8.0,43.0,0.6,0.1,0.6,2.0,729.0,0.0,0.0,0.41426611796982166
39.0,8.0,44.0,0.6,0.1,0.6,2.0,705.0,0.0,0.0,0.41843971631205673
39.0,8.0,45.0,0.6,0.1,0.6,2.0,717.0,0.0,0.0,0.6485355648535565
39.0,8.0,46.0,0.6,0.1,0.6,2.0,706.0,0.0,0.0,0.6501416430594901
39.0,8.0,47.0,0.6,0.1,0.6,2.0,721.0,0.0,0.0,0.6490984743411928
39.0,8.0,48.0,0.6,0.1,0.6,2.0,707.0,0.0,0.0,0.6492220650636492
39.0,8.0,49.0,0.6,0.1,0.6,2.0,717.0,0.0,0.0,0.6485355648535565
39.0,8.0,50.0,0.6,0.1,0.6,2.0,710.0,0.0,0.0,0.6464788732394366
39.0,8.0,51.0,0.6,0.1,0.6,2.0,717.0,0.0,0.0,0.6499302649930265
39.0,8.0,52.0,0.6,0.1,0.6,2.0,705.0,0.0,0.0,0.649645390070922
39.0,9.0,1.0,0.6,0.1,0.6,2.0,713.0,0.0,0.0,0.6507713884992987
39.0,9.0,2.0,0.6,0.1,0.6,2.0,698.0,0.0,0.0,0.6532951289398281
39.0,9.0,3.0,0.6,0.1,0.6,2.0,704.0,0.0,0.0,0.65625
39.0,9.0,4.0,0.6,0.1,0.6,2.0,697.0,0.0,0.0,0.6542324246771879
39.0,9.0,5.0,0.6,0.1,0.6,2.0,704.0,0.0,0.0,0.65625
39.0,9.0,6.0,0.6,0.1,0.6,2.0,695.0,0.0,0.0,0.6546762589928058
39.0,9.0,7.0,0.6,0.1,0.6,2.0,701.0,0.0,0.0,0.6562054208273894
39.0,9.0,8.0,0.6,0.1,0.6,2.0,695.0,0.0,0.0,0.6561151079136691
39.0,9.0,9.0,0.6,0.1,0.6,2.0,700.0,0.0,0.0,0.6585714285714286
39.0,9.0,10.0,0.6,0.1,0.6,2.0,695.0,0.0,0.0,0.6546762589928058
39.0,9.0,11.0,0.6,0.1,0.6,2.0,693.0,0.0,0.0,0.6594516594516594
39.0,9.0,12.0,0.6,0.1,0.6,2.0,685.0,0.0,0.0,0.656934306569343
39.0,9.0,13.0,0.6,0.1,0.6,2.0,692.0,0.0,0.0,0.6589595375722543
39.0,9.0,14.0,0.6,0.1,0.6,2.0,673.0,0.0,0.0,0.6582466567607727
39.0,9.0,15.0,0.6,0.1,0.6,2.0,678.0,0.0,0.0,0.6637168141592921
39.0,9.0,16.0,0.6,0.1,0.6,2.0,668.0,0.0,0.0,0.6616766467065869
39.0,9.0,17.0,0.6,0.1,0.6,2.0,678.0,0.0,0.0,0.6637168141592921
39.0,9.0,18.0,0.6,0.1,0.6,2.0,667.0,0.0,0.0,0.6611694152923538
39.0,9.0,19.0,0.6,0.1,0.6,2.0,675.0,0.0,0.0,0.6637037037037037
39.0,9.0,20.0,0.6,0.1,0.6,2.0,1196.0,0.0,0.0,0.35618729096989965
39.0,9.0,21.0,0.6,0.1,0.6,2.0,1167.0,0.0,0.0,0.35989717223650386
39.0,9.0,22.0,0.6,0.1,0.6,2.0,1095.0,0.0,0.0,0.3589041095890411
39.0,9.0,23.0,0.6,0.1,0.6,2.0,1096.0,0.0,0.0,0.36313868613138683
39.0,9.0,24.0,0.6,0.1,0.6,2.0,1044.0,0.0,0.0,0.36398467432950193
39.0,9.0,25.0,0.6,0.1,0.6,2.0,1033.0,0.0,0.0,0.3707647628267183
39.0,9.0,26.0,0.6,0.1,0.6,2.0,1019.0,0.0,0.0,0.3680078508341511
39.0,9.0,27.0,0.6,0.1,0.6,2.0,1012.0,0.0,0.0,0.3725296442687747
39.0,9.0,28.0,0.6,0.1,0.6,2.0,958.0,0.0,0.0,0.3757828810020877
39.0,9.0,29.0,0.6,0.1,0.6,2.0,929.0,0.0,0.0,0.3767491926803014
39.0,9.0,30.0,0.6,0.1,0.6,2.0,910.0,0.0,0.0,0.3747252747252747
39.0,9.0,31.0,0.6,0.1,0.6,2.0,905.0,0.0,0.0,0.37790055248618787
39.0,9.0,32.0,0.6,0.1,0.6,2.0,898.0,0.0,0.0,0.3775055679287305
39.0,9.0,33.0,0.6,0.1,0.6,2.0,905.0,0.0,0.0,0.37790055248618787
39.0,9.0,34.0,0.6,0.1,0.6,2.0,898.0,0.0,0.0,0.3775055679287305
39.0,9.0,35.0,0.6,0.1,0.6,2.0,892.0,0.0,0.0,0.3744394618834081
39.0,9.0,36.0,0.6,0.1,0.6,2.0,884.0,0.0,0.0,0.3733031674208145
39.0,9.0,37.0,0.6,0.1,0.6,2.0,878.0,0.0,0.0,0.37813211845102507
39.0,9.0,38.0,0.6,0.1,0.6,2.0,858.0,0.0,0.0,0.3787878787878788
39.0,9.0,39.0,0.6,0.1,0.6,2.0,855.0,0.0,0.0,0.37894736842105264
39.0,9.0,40.0,0.6,0.1,0.6,2.0,847.0,0.0,0.0,0.3778040141676505
39.0,9.0,41.0,0.6,0.1,0.6,2.0,843.0,0.0,0.0,0.37959667852906287
39.0,9.0,42.0,0.6,0.1,0.6,2.0,823.0,0.0,0.0,0.38031591737545567
39.0,9.0,43.0,0.6,0.1,0.6,2.0,807.0,0.0,0.0,0.379182156133829
39.0,9.0,44.0,0.6,0.1,0.6,2.0,800.0,0.0,0.0,0.37875
39.0,9.0,45.0,0.6,0.1,0.6,2.0,807.0,0.0,0.0,0.6282527881040892
39.0,9.0,46.0,0.6,0.1,0.6,2.0,786.0,0.0,0.0,0.6335877862595419
39.0,9.0,47.0,0.6,0.1,0.6,2.0,795.0,0.0,0.0,0.630188679245283
39.0,9.0,48.0,0.6,0.1,0.6,2.0,785.0,0.0,0.0,0.6331210191082802
39.0,9.0,49.0,0.6,0.1,0.6,2.0,776.0,0.0,0.0,0.634020618556701
39.0,9.0,50.0,0.6,0.1,0.6,2.0,772.0,0.0,0.0,0.633419689119171
39.0,9.0,51.0,0.6,0.1,0.6,2.0,775.0,0.0,0.0,0.6335483870967742
39.0,9.0,52.0,0.6,0.1,0.6,2.0,766.0,0.0,0.0,0.6357702349869452
39.0,10.0,1.0,0.6,0.1,0.6,2.0,772.0,0.0,0.0,0.6347150259067358
39.0,10.0,2.0,0.6,0.1,0.6,2.0,761.0,0.0,0.0,0.6386333771353482
39.0,10.0,3.0,0.6,0.1,0.6,2.0,764.0,0.0,0.0,0.637434554973822
39.0,10.0,4.0,0.6,0.1,0.6,2.0,748.0,0.0,0.0,0.6363636363636364
39.0,10.0,5.0,0.6,0.1,0.6,2.0,753.0,0.0,0.0,0.6361221779548473
39.0,10.0,6.0,0.6,0.1,0.6,2.0,747.0,0.0,0.0,0.6358768406961178
39.0,10.0,7.0,0.6,0.1,0.6,2.0,750.0,0.0,0.0,0.636
39.0,10.0,8.0,0.6,0.1,0.6,2.0,745.0,0.0,0.0,0.6375838926174496
39.0,10.0,9.0,0.6,0.1,0.6,2.0,746.0,0.0,0.0,0.6394101876675603
39.0,10.0,10.0,0.6,0.1,0.6,2.0,743.0,0.0,0.0,0.639300134589502
39.0,10.0,11.0,0.6,0.1,0.6,2.0,743.0,0.0,0.0,0.6419919246298789
39.0,10.0,12.0,0.6,0.1,0.6,2.0,740.0,0.0,0.0,0.6405405405405405
39.0,10.0,13.0,0.6,0.1,0.6,2.0,743.0,0.0,0.0,0.6419919246298789
39.0,10.0,14.0,0.6,0.1,0.6,2.0,736.0,0.0,0.0,0.6399456521739131
39.0,10.0,15.0,0.6,0.1,0.6,2.0,737.0,0.0,0.0,0.6458616010854816
39.0,10.0,16.0,0.6,0.1,0.6,2.0,733.0,0.0,0.0,0.6425648021828103
39.0,10.0,17.0,0.6,0.1,0.6,2.0,734.0,0.0,0.0,0.6444141689373297
39.0,10.0,18.0,0.6,0.1,0.6,2.0,731.0,0.0,0.0,0.6415868673050615
39.0,10.0,19.0,0.6,0.1,0.6,2.0,711.0,0.0,0.0,0.6497890295358649
39.0,10.0,20.0,0.6,0.1,0.6,2.0,1255.0,0.0,0.0,0.349800796812749
39.0,10.0,21.0,0.6,0.1,0.6,2.0,1249.0,0.0,0.0,0.3498799039231385
39.0,10.0,22.0,0.6,0.1,0.6,2.0,1242.0,0.0,0.0,0.3494363929146538
39.0,10.0,23.0,0.6,0.1,0.6,2.0,1206.0,0.0,0.0,0.3524046434494196
39.0,10.0,24.0,0.6,0.1,0.6,2.0,1162.0,0.0,0.0,0.35456110154905335
39.0,10.0,25.0,0.6,0.1,0.6,2.0,1158.0,0.0,0.0,0.3540587219343696
39.0,10.0,26.0,0.6,0.1,0.6,2.0,1125.0,0.0,0.0,0.35644444444444445
39.0,10.0,27.0,0.6,0.1,0.6,2.0,1069.0,0.0,0.0,0.36576239476145933
39.0,10.0,28.0,0.6,0.1,0.6,2.0,1031.0,0.0,0.0,0.3676042677012609
39.0,10.0,29.0,0.6,0.1,0.6,2.0,988.0,0.0,0.0,0.3765182186234818
39.0,10.0,30.0,0.6,0.1,0.6,2.0,964.0,0.0,0.0,0.3775933609958506
39.0,10.0,31.0,0.6,0.1,0.6,2.0,941.0,0.0,0.0,0.3846971307120085
39.0,10.0,32.0,0.6,0.1,0.6,2.0,930.0,0.0,0.0,0.3849462365591398
39.0,10.0,33.0,0.6,0.1,0.6,2.0,928.0,0.0,0.0,0.38469827586206895
39.0,10.0,34.0,0.6,0.1,0.6,2.0,906.0,0.0,0.0,0.3830022075055188
39.0,10.0,35.0,0.6,0.1,0.6,2.0,917.0,0.0,0.0,0.38386041439476554
39.0,10.0,36.0,0.6,0.1,0.6,2.0,894.0,0.0,0.0,0.38478747203579416
39.0,10.0,37.0,0.6,0.1,0.6,2.0,892.0,0.0,0.0,0.38565022421524664
39.0,10.0,38.0,0.6,0.1,0.6,2.0,878.0,0.0,0.0,0.38496583143507973
39.0,10.0,39.0,0.6,0.1,0.6,2.0,881.0,0.0,0.0,0.38819523269012485
39.0,10.0,40.0,0.6,0.1,0.6,2.0,868.0,0.0,0.0,0.3882488479262673
39.0,10.0,41.0,0.6,0.1,0.6,2.0,867.0,0.0,0.0,0.3875432525951557
39.0,10.0,42.0,0.6,0.1,0.6,2.0,851.0,0.0,0.0,0.3889541715628672
39.0,10.0,43.0,0.6,0.1,0.6,2.0,851.0,0.0,0.0,0.3889541715628672
39.0,10.0,44.0,0.6,0.1,0.6,2.0,839.0,0.0,0.0,0.38855780691299163
39.0,10.0,45.0,0.6,0.1,0.6,2.0,853.0,0.0,0.0,0.6178194607268465
39.0,10.0,46.0,0.6,0.1,0.6,2.0,841.0,0.0,0.0,0.6147443519619501
39.0,10.0,47.0,0.6,0.1,0.6,2.0,831.0,0.0,0.0,0.6221419975932612
39.0,10.0,48.0,0.6,0.1,0.6,2.0,817.0,0.0,0.0,0.6193390452876377
39.0,10.0,49.0,0.6,0.1,0.6,2.0,831.0,0.0,0.0,0.6221419975932612
39.0,10.0,50.0,0.6,0.1,0.6,2.0,816.0,0.0,0.0,0.6188725490196079
39.0,10.0,51.0,0.6,0.1,0.6,2.0,818.0,0.0,0.0,0.6210268948655256
39.0,10.0,52.0,0.6,0.1,0.6,2.0,802.0,0.0,0.0,0.6184538653366584
40.0,1.0,1.0,0.6,0.1,0.6,2.0,5125.0,48.0,4.0,0.5955121951219512
40.0,1.0,2.0,0.6,0.1,0.6,2.0,5045.0,48.0,14.0,0.5930624380574827
40.0,1.0,3.0,0.6,0.1,0.6,2.0,4904.0,53.0,21.0,0.5948205546492659
40.0,1.0,4.0,0.6,0.1,0.6,2.0,4882.0,55.0,27.0,0.5989348627611635
40.0,1.0,5.0,0.6,0.1,0.6,2.0,4935.0,67.0,33.0,0.5971631205673759
40.0,1.0,6.0,0.6,0.1,0.6,2.0,4797.0,64.0,31.0,0.6010006253908693
40.0,1.0,7.0,0.6,0.1,0.6,2.0,4644.0,60.0,25.0,0.60099052540913
40.0,1.0,8.0,0.6,0.1,0.6,2.0,4516.0,69.0,25.0,0.6027457927369353
40.0,1.0,9.0,0.6,0.1,0.6,2.0,4364.0,64.0,23.0,0.6040329972502292
40.0,1.0,10.0,0.6,0.1,0.6,2.0,4308.0,68.0,27.0,0.6042246982358404
40.0,1.0,11.0,0.6,0.1,0.6,2.0,4113.0,66.0,29.0,0.6066131777291515
40.0,1.0,12.0,0.6,0.1,0.6,2.0,4047.0,67.0,33.0,0.6090931554237707
40.0,1.0,13.0,0.6,0.1,0.6,2.0,3909.0,65.0,34.0,0.6111537477615758
40.0,1.0,14.0,0.6,0.1,0.6,2.0,3849.0,64.0,33.0,0.6110678098207326
40.0,1.0,15.0,0.6,0.1,0.6,2.0,3772.0,66.0,34.0,0.6155885471898197
40.0,1.0,16.0,0.6,0.1,0.6,2.0,3650.0,65.0,31.0,0.6134246575342466
40.0,1.0,17.0,0.6,0.1,0.6,2.0,3543.0,59.0,23.0,0.6167090036692069
40.0,1.0,18.0,0.6,0.1,0.6,2.0,3477.0,52.0,19.0,0.6146102962323843
40.0,1.0,19.0,0.6,0.1,0.6,2.0,3424.0,49.0,23.0,0.6188668224299065
40.0,1.0,20.0,0.6,0.1,0.6,2.0,6406.0,55.0,28.0,0.32516390883546675
40.0,1.0,21.0,0.6,0.1,0.6,2.0,5867.0,68.0,26.0,0.3313448099539799
40.0,1.0,22.0,0.6,0.1,0.6,2.0,5555.0,74.0,23.0,0.336993699369937
40.0,1.0,23.0,0.6,0.1,0.6,2.0,5370.0,75.0,29.0,0.3398510242085661
40.0,1.0,24.0,0.6,0.1,0.6,2.0,5193.0,87.0,32.0,0.3437319468515309
40.0,1.0,25.0,0.6,0.1,0.6,2.0,4976.0,88.0,28.0,0.34766881028938906
40.0,1.0,26.0,0.6,0.1,0.6,2.0,4838.0,91.0,35.0,0.34869780901198844
40.0,1.0,27.0,0.6,0.1,0.6,2.0,4729.0,107.0,39.0,0.3503912032142102
40.0,1.0,28.0,0.6,0.1,0.6,2.0,4414.0,108.0,43.0,0.3570457634798369
40.0,1.0,29.0,0.6,0.1,0.6,2.0,4299.0,105.0,46.0,0.35659455687369157
40.0,1.0,30.0,0.6,0.1,0.6,2.0,4141.0,94.0,41.0,0.36126539483216613
40.0,1.0,31.0,0.6,0.1,0.6,2.0,3985.0,107.0,45.0,0.3641154328732748
40.0,1.0,32.0,0.6,0.1,0.6,2.0,3836.0,126.0,47.0,0.36626694473409804
40.0,1.0,33.0,0.6,0.1,0.6,2.0,3702.0,133.0,56.0,0.3687196110210697
40.0,1.0,34.0,0.6,0.1,0.6,2.0,3541.0,133.0,67.0,0.37164642756283534
40.0,1.0,35.0,0.6,0.1,0.6,2.0,3389.0,137.0,65.0,0.3741516671584538
40.0,1.0,36.0,0.6,0.1,0.6,2.0,3276.0,130.0,61.0,0.3766788766788767
40.0,1.0,37.0,0.6,0.1,0.6,2.0,3096.0,122.0,53.0,0.3840439276485788
40.0,1.0,38.0,0.6,0.1,0.6,2.0,3011.0,119.0,47.0,0.3865825307206908
40.0,1.0,39.0,0.6,0.1,0.6,2.0,2891.0,121.0,52.0,0.3901764095468696
40.0,1.0,40.0,0.6,0.1,0.6,2.0,2800.0,119.0,52.0,0.39285714285714285
40.0,1.0,41.0,0.6,0.1,0.6,2.0,2705.0,115.0,60.0,0.3963031423290203
40.0,1.0,42.0,0.6,0.1,0.6,2.0,2610.0,114.0,65.0,0.3988505747126437
40.0,1.0,43.0,0.6,0.1,0.6,2.0,2550.0,120.0,63.0,0.4019607843137255
40.0,1.0,44.0,0.6,0.1,0.6,2.0,2416.0,108.0,53.0,0.4093543046357616
40.0,1.0,45.0,0.6,0.1,0.6,2.0,2328.0,97.0,46.0,0.6374570446735395
40.0,1.0,46.0,0.6,0.1,0.6,2.0,2230.0,84.0,52.0,0.6443946188340807
40.0,1.0,47.0,0.6,0.1,0.6,2.0,2163.0,68.0,43.0,0.6472491909385113
40.0,1.0,48.0,0.6,0.1,0.6,2.0,2137.0,57.0,41.0,0.6485727655591952
40.0,1.0,49.0,0.6,0.1,0.6,2.0,2060.0,43.0,26.0,0.6533980582524271
40.0,1.0,50.0,0.6,0.1,0.6,2.0,2045.0,39.0,25.0,0.6528117359413202
40.0,1.0,51.0,0.6,0.1,0.6,2.0,1998.0,30.0,18.0,0.6566566566566566
40.0,1.0,52.0,0.6,0.1,0.6,2.0,1986.0,29.0,17.0,0.6525679758308157
40.0,2.0,1.0,0.6,0.1,0.6,2.0,1956.0,25.0,12.0,0.6549079754601227
40.0,2.0,2.0,0.6,0.1,0.6,2.0,1939.0,22.0,8.0,0.6554925219185147
40.0,2.0,3.0,0.6,0.1,0.6,2.0,1902.0,19.0,7.0,0.6598317560462671
40.0,2.0,4.0,0.6,0.1,0.6,2.0,1891.0,18.0,7.0,0.6583818085668959
40.0,2.0,5.0,0.6,0.1,0.6,2.0,1817.0,21.0,15.0,0.6615299944964227
40.0,2.0,6.0,0.6,0.1,0.6,2.0,1800.0,22.0,14.0,0.6622222222222223
40.0,2.0,7.0,0.6,0.1,0.6,2.0,1779.0,23.0,14.0,0.6649803260258572
40.0,2.0,8.0,0.6,0.1,0.6,2.0,1747.0,18.0,7.0,0.6662850601030338
40.0,2.0,9.0,0.6,0.1,0.6,2.0,1723.0,15.0,8.0,0.669762042948346
40.0,2.0,10.0,0.6,0.1,0.6,2.0,1717.0,16.0,6.0,0.6703552708211997
40.0,2.0,11.0,0.6,0.1,0.6,2.0,1700.0,16.0,9.0,0.6711764705882353
40.0,2.0,12.0,0.6,0.1,0.6,2.0,1676.0,12.0,10.0,0.6694510739856802
40.0,2.0,13.0,0.6,0.1,0.6,2.0,1630.0,15.0,10.0,0.6730061349693252
40.0,2.0,14.0,0.6,0.1,0.6,2.0,1596.0,11.0,6.0,0.6735588972431078
40.0,2.0,15.0,0.6,0.1,0.6,2.0,1574.0,9.0,3.0,0.6797966963151207
40.0,2.0,16.0,0.6,0.1,0.6,2.0,1581.0,8.0,3.0,0.6761543327008223
40.0,2.0,17.0,0.6,0.1,0.6,2.0,1530.0,9.0,3.0,0.6803921568627451
40.0,2.0,18.0,0.6,0.1,0.6,2.0,1521.0,8.0,3.0,0.6745562130177515
40.0,2.0,19.0,0.6,0.1,0.6,2.0,1487.0,8.0,3.0,0.6792199058507061
40.0,2.0,20.0,0.6,0.1,0.6,2.0,2727.0,8.0,4.0,0.3689035570223689
40.0,2.0,21.0,0.6,0.1,0.6,2.0,2680.0,12.0,5.0,0.36977611940298505
40.0,2.0,22.0,0.6,0.1,0.6,2.0,2604.0,18.0,5.0,0.36789554531490015
40.0,2.0,23.0,0.6,0.1,0.6,2.0,2430.0,19.0,4.0,0.3757201646090535
40.0,2.0,24.0,0.6,0.1,0.6,2.0,2359.0,13.0,3.0,0.37770241627808393
40.0,2.0,25.0,0.6,0.1,0.6,2.0,2285.0,13.0,5.0,0.38030634573304156
40.0,2.0,26.0,0.6,0.1,0.6,2.0,2206.0,12.0,5.0,0.37941976427923846
40.0,2.0,27.0,0.6,0.1,0.6,2.0,2133.0,14.0,6.0,0.38115330520393814
40.0,2.0,28.0,0.6,0.1,0.6,2.0,2038.0,16.0,7.0,0.38469087340529934
40.0,2.0,29.0,0.6,0.1,0.6,2.0,2008.0,19.0,10.0,0.3809760956175299
40.0,2.0,30.0,0.6,0.1,0.6,2.0,1942.0,17.0,8.0,0.38722966014418125
40.0,2.0,31.0,0.6,0.1,0.6,2.0,1893.0,17.0,8.0,0.38827258320126784
40.0,2.0,32.0,0.6,0.1,0.6,2.0,1834.0,15.0,7.0,0.3925845147219193
40.0,2.0,33.0,0.6,0.1,0.6,2.0,1763.0,16.0,9.0,0.38740782756664777
40.0,2.0,34.0,0.6,0.1,0.6,2.0,1721.0,17.0,8.0,0.389308541545613
40.0,2.0,35.0,0.6,0.1,0.6,2.0,1676.0,16.0,9.0,0.39200477326968974
40.0,2.0,36.0,0.6,0.1,0.6,2.0,1640.0,15.0,10.0,0.39695121951219514
40.0,2.0,37.0,0.6,0.1,0.6,2.0,1617.0,21.0,10.0,0.39826839826839827
40.0,2.0,38.0,0.6,0.1,0.6,2.0,1583.0,25.0,8.0,0.4036639292482628
40.0,2.0,39.0,0.6,0.1,0.6,2.0,1543.0,22.0,8.0,0.40051847051198963
40.0,2.0,40.0,0.6,0.1,0.6,2.0,1532.0,23.0,10.0,0.40143603133159267
40.0,2.0,41.0,0.6,0.1,0.6,2.0,1516.0,21.0,13.0,0.4003957783641161
40.0,2.0,42.0,0.6,0.1,0.6,2.0,1457.0,18.0,11.0,0.40631434454358273
40.0,2.0,43.0,0.6,0.1,0.6,2.0,1422.0,17.0,9.0,0.4057665260196906
40.0,2.0,44.0,0.6,0.1,0.6,2.0,1381.0,14.0,5.0,0.4091238233164374
40.0,2.0,45.0,0.6,0.1,0.6,2.0,1339.0,11.0,2.0,0.6422703510082151
40.0,2.0,46.0,0.6,0.1,0.6,2.0,1320.0,10.0,5.0,0.6446969696969697
40.0,2.0,47.0,0.6,0.1,0.6,2.0,1292.0,9.0,7.0,0.6455108359133127
40.0,2.0,48.0,0.6,0.1,0.6,2.0,1294.0,10.0,8.0,0.6452859350850078
40.0,2.0,49.0,0.6,0.1,0.6,2.0,1261.0,8.0,6.0,0.6510705789056305
40.0,2.0,50.0,0.6,0.1,0.6,2.0,1230.0,8.0,3.0,0.651219512195122
40.0,2.0,51.0,0.6,0.1,0.6,2.0,1219.0,7.0,4.0,0.649712879409352
40.0,2.0,52.0,0.6,0.1,0.6,2.0,1196.0,6.0,2.0,0.6496655518394648
40.0,3.0,1.0,0.6,0.1,0.6,2.0,1175.0,6.0,3.0,0.6476595744680851
40.0,3.0,2.0,0.6,0.1,0.6,2.0,1151.0,4.0,1.0,0.6472632493483927
40.0,3.0,3.0,0.6,0.1,0.6,2.0,1129.0,4.0,2.0,0.6492471213463242
40.0,3.0,4.0,0.6,0.1,0.6,2.0,1111.0,3.0,2.0,0.648964896489649
40.0,3.0,5.0,0.6,0.1,0.6,2.0,1104.0,3.0,3.0,0.6521739130434783
40.0,3.0,6.0,0.6,0.1,0.6,2.0,1088.0,2.0,2.0,0.6516544117647058
40.0,3.0,7.0,0.6,0.1,0.6,2.0,1071.0,1.0,1.0,0.6507936507936508
40.0,3.0,8.0,0.6,0.1,0.6,2.0,1060.0,0.0,0.0,0.6518867924528302
40.0,3.0,9.0,0.6,0.1,0.6,2.0,1035.0,0.0,0.0,0.6521739130434783
40.0,3.0,10.0,0.6,0.1,0.6,2.0,1029.0,0.0,0.0,0.652089407191448
40.0,3.0,11.0,0.6,0.1,0.6,2.0,1017.0,0.0,0.0,0.6538839724680433
40.0,3.0,12.0,0.6,0.1,0.6,2.0,1008.0,0.0,0.0,0.6527777777777778
40.0,3.0,13.0,0.6,0.1,0.6,2.0,1002.0,0.0,0.0,0.654690618762475
40.0,3.0,14.0,0.6,0.1,0.6,2.0,987.0,0.0,0.0,0.6514690982776089
40.0,3.0,15.0,0.6,0.1,0.6,2.0,970.0,0.0,0.0,0.6515463917525773
40.0,3.0,16.0,0.6,0.1,0.6,2.0,966.0,0.0,0.0,0.6469979296066253
40.0,3.0,17.0,0.6,0.1,0.6,2.0,963.0,0.0,0.0,0.6490134994807892
40.0,3.0,18.0,0.6,0.1,0.6,2.0,964.0,0.0,0.0,0.6452282157676349
40.0,3.0,19.0,0.6,0.1,0.6,2.0,943.0,0.0,0.0,0.6511134676564156
40.0,3.0,20.0,0.6,0.1,0.6,2.0,1730.0,0.0,0.0,0.35202312138728326
40.0,3.0,21.0,0.6,0.1,0.6,2.0,1688.0,0.0,0.0,0.3542654028436019
40.0,3.0,22.0,0.6,0.1,0.6,2.0,1646.0,0.0,0.0,0.35479951397326853
40.0,3.0,23.0,0.6,0.1,0.6,2.0,1584.0,0.0,0.0,0.35669191919191917
40.0,3.0,24.0,0.6,0.1,0.6,2.0,1546.0,0.0,0.0,0.35705045278137126
40.0,3.0,25.0,0.6,0.1,0.6,2.0,1521.0,0.0,0.0,0.3609467455621302
40.0,3.0,26.0,0.6,0.1,0.6,2.0,1504.0,0.0,0.0,0.3583776595744681
40.0,3.0,27.0,0.6,0.1,0.6,2.0,1468.0,0.0,0.0,0.3630790190735695
40.0,3.0,28.0,0.6,0.1,0.6,2.0,1422.0,0.0,0.0,0.3649789029535865
40.0,3.0,29.0,0.6,0.1,0.6,2.0,1396.0,0.0,0.0,0.3660458452722063
40.0,3.0,30.0,0.6,0.1,0.6,2.0,1358.0,0.0,0.0,0.36597938144329895
40.0,3.0,31.0,0.6,0.1,0.6,2.0,1335.0,0.0,0.0,0.3685393258426966
40.0,3.0,32.0,0.6,0.1,0.6,2.0,1242.0,0.0,0.0,0.37278582930756843
40.0,3.0,33.0,0.6,0.1,0.6,2.0,1236.0,0.0,0.0,0.3705501618122977
40.0,3.0,34.0,0.6,0.1,0.6,2.0,1185.0,0.0,0.0,0.3755274261603376
40.0,3.0,35.0,0.6,0.1,0.6,2.0,1151.0,0.0,0.0,0.37532580364900087
40.0,3.0,36.0,0.6,0.1,0.6,2.0,1142.0,0.0,0.0,0.37653239929947463
40.0,3.0,37.0,0.6,0.1,0.6,2.0,1126.0,0.0,0.0,0.37300177619893427
40.0,3.0,38.0,0.6,0.1,0.6,2.0,1113.0,0.0,0.0,0.3728661275831087
40.0,3.0,39.0,0.6,0.1,0.6,2.0,1103.0,0.0,0.0,0.371713508612874
40.0,3.0,40.0,0.6,0.1,0.6,2.0,1093.0,0.0,0.0,0.37236962488563585
40.0,3.0,41.0,0.6,0.1,0.6,2.0,1052.0,0.0,0.0,0.376425855513308
40.0,3.0,42.0,0.6,0.1,0.6,2.0,1042.0,0.0,0.0,0.3742802303262956
40.0,3.0,43.0,0.6,0.1,0.6,2.0,1013.0,0.0,0.0,0.3790720631786772
40.0,3.0,44.0,0.6,0.1,0.6,2.0,994.0,0.0,0.0,0.37525150905432597
40.0,3.0,45.0,0.6,0.1,0.6,2.0,976.0,0.0,0.0,0.6444672131147541
40.0,3.0,46.0,0.6,0.1,0.6,2.0,961.0,0.0,0.0,0.6420395421436004
40.0,3.0,47.0,0.6,0.1,0.6,2.0,936.0,0.0,0.0,0.6485042735042735
40.0,3.0,48.0,0.6,0.1,0.6,2.0,920.0,0.0,0.0,0.6423913043478261
40.0,3.0,49.0,0.6,0.1,0.6,2.0,909.0,0.0,0.0,0.6457645764576457
40.0,3.0,50.0,0.6,0.1,0.6,2.0,880.0,0.0,0.0,0.6397727272727273
40.0,3.0,51.0,0.6,0.1,0.6,2.0,867.0,0.0,0.0,0.643598615916955
40.0,3.0,52.0,0.6,0.1,0.6,2.0,844.0,0.0,0.0,0.6409952606635071
40.0,4.0,1.0,0.6,0.1,0.6,2.0,843.0,0.0,0.0,0.6465005931198102
40.0,4.0,2.0,0.6,0.1,0.6,2.0,824.0,0.0,0.0,0.6456310679611651
40.0,4.0,3.0,0.6,0.1,0.6,2.0,824.0,0.0,0.0,0.6480582524271845
40.0,4.0,4.0,0.6,0.1,0.6,2.0,806.0,0.0,0.0,0.6488833746898263
40.0,4.0,5.0,0.6,0.1,0.6,2.0,802.0,0.0,0.0,0.6508728179551122
40.0,4.0,6.0,0.6,0.1,0.6,2.0,797.0,0.0,0.0,0.6461731493099122
40.0,4.0,7.0,0.6,0.1,0.6,2.0,784.0,0.0,0.0,0.6530612244897959
40.0,4.0,8.0,0.6,0.1,0.6,2.0,780.0,0.0,0.0,0.6487179487179487
40.0,4.0,9.0,0.6,0.1,0.6,2.0,772.0,0.0,0.0,0.6528497409326425
40.0,4.0,10.0,0.6,0.1,0.6,2.0,745.0,0.0,0.0,0.6536912751677852
40.0,4.0,11.0,0.6,0.1,0.6,2.0,733.0,0.0,0.0,0.6575716234652115
40.0,4.0,12.0,0.6,0.1,0.6,2.0,721.0,0.0,0.0,0.6504854368932039
40.0,4.0,13.0,0.6,0.1,0.6,2.0,712.0,0.0,0.0,0.6544943820224719
40.0,4.0,14.0,0.6,0.1,0.6,2.0,712.0,0.0,0.0,0.6474719101123596
40.0,4.0,15.0,0.6,0.1,0.6,2.0,708.0,0.0,0.0,0.652542372881356
40.0,4.0,16.0,0.6,0.1,0.6,2.0,711.0,0.0,0.0,0.6469760900140648
40.0,4.0,17.0,0.6,0.1,0.6,2.0,705.0,0.0,0.0,0.6524822695035462
40.0,4.0,18.0,0.6,0.1,0.6,2.0,706.0,0.0,0.0,0.6458923512747875
40.0,4.0,19.0,0.6,0.1,0.6,2.0,701.0,0.0,0.0,0.651925820256776
40.0,4.0,20.0,0.6,0.1,0.6,2.0,1291.0,0.0,0.0,0.3508907823392719
40.0,4.0,21.0,0.6,0.1,0.6,2.0,1245.0,0.0,0.0,0.3542168674698795
40.0,4.0,22.0,0.6,0.1,0.6,2.0,1117.0,0.0,0.0,0.36436884512085943
40.0,4.0,23.0,0.6,0.1,0.6,2.0,1106.0,0.0,0.0,0.364376130198915
40.0,4.0,24.0,0.6,0.1,0.6,2.0,1076.0,0.0,0.0,0.3671003717472119
40.0,4.0,25.0,0.6,0.1,0.6,2.0,1066.0,0.0,0.0,0.3649155722326454
40.0,4.0,26.0,0.6,0.1,0.6,2.0,1050.0,0.0,0.0,0.3657142857142857
40.0,4.0,27.0,0.6,0.1,0.6,2.0,1043.0,0.0,0.0,0.3652924256951103
40.0,4.0,28.0,0.6,0.1,0.6,2.0,1014.0,0.0,0.0,0.3678500986193294
40.0,4.0,29.0,0.6,0.1,0.6,2.0,985.0,0.0,0.0,0.3715736040609137
40.0,4.0,30.0,0.6,0.1,0.6,2.0,977.0,0.0,0.0,0.36745138178096215
40.0,4.0,31.0,0.6,0.1,0.6,2.0,959.0,0.0,0.0,0.36392075078206465
40.0,4.0,32.0,0.6,0.1,0.6,2.0,944.0,0.0,0.0,0.3633474576271186
40.0,4.0,33.0,0.6,0.1,0.6,2.0,931.0,0.0,0.0,0.3651987110633727
40.0,4.0,34.0,0.6,0.1,0.6,2.0,874.0,0.0,0.0,0.3695652173913043
40.0,4.0,35.0,0.6,0.1,0.6,2.0,859.0,0.0,0.0,0.37718277066356226
40.0,4.0,36.0,0.6,0.1,0.6,2.0,846.0,0.0,0.0,0.37825059101654845
40.0,4.0,37.0,0.6,0.1,0.6,2.0,850.0,0.0,0.0,0.37529411764705883
40.0,4.0,38.0,0.6,0.1,0.6,2.0,834.0,0.0,0.0,0.37889688249400477
40.0,4.0,39.0,0.6,0.1,0.6,2.0,823.0,0.0,0.0,0.37667071688942894
40.0,4.0,40.0,0.6,0.1,0.6,2.0,791.0,0.0,0.0,0.38305941845764857
40.0,4.0,41.0,0.6,0.1,0.6,2.0,803.0,0.0,0.0,0.37484433374844334
40.0,4.0,42.0,0.6,0.1,0.6,2.0,787.0,0.0,0.0,0.38246505717916135
40.0,4.0,43.0,0.6,0.1,0.6,2.0,793.0,0.0,0.0,0.37326607818411095
40.0,4.0,44.0,0.6,0.1,0.6,2.0,775.0,0.0,0.0,0.3832258064516129
40.0,4.0,45.0,0.6,0.1,0.6,2.0,761.0,0.0,0.0,0.6241787122207622
40.0,4.0,46.0,0.6,0.1,0.6,2.0,744.0,0.0,0.0,0.6236559139784946
40.0,4.0,47.0,0.6,0.1,0.6,2.0,746.0,0.0,0.0,0.6273458445040214
40.0,4.0,48.0,0.6,0.1,0.6,2.0,719.0,0.0,0.0,0.627260083449235
40.0,4.0,49.0,0.6,0.1,0.6,2.0,724.0,0.0,0.0,0.6270718232044199
40.0,4.0,50.0,0.6,0.1,0.6,2.0,696.0,0.0,0.0,0.6235632183908046
40.0,4.0,51.0,0.6,0.1,0.6,2.0,695.0,0.0,0.0,0.6201438848920864
40.0,4.0,52.0,0.6,0.1,0.6,2.0,689.0,0.0,0.0,0.6211901306240929
40.0,5.0,1.0,0.6,0.1,0.6,2.0,688.0,0.0,0.0,0.6191860465116279
40.0,5.0,2.0,0.6,0.1,0.6,2.0,674.0,0.0,0.0,0.6201780415430267
40.0,5.0,3.0,0.6,0.1,0.6,2.0,675.0,0.0,0.0,0.6192592592592593
40.0,5.0,4.0,0.6,0.1,0.6,2.0,669.0,0.0,0.0,0.6218236173393124
40.0,5.0,5.0,0.6,0.1,0.6,2.0,671.0,0.0,0.0,0.6184798807749627
40.0,5.0,6.0,0.6,0.1,0.6,2.0,654.0,0.0,0.0,0.6192660550458715
40.0,5.0,7.0,0.6,0.1,0.6,2.0,654.0,0.0,0.0,0.6162079510703364
40.0,5.0,8.0,0.6,0.1,0.6,2.0,649.0,0.0,0.0,0.6163328197226502
40.0,5.0,9.0,0.6,0.1,0.6,2.0,648.0,0.0,0.0,0.6141975308641975
40.0,5.0,10.0,0.6,0.1,0.6,2.0,648.0,0.0,0.0,0.6188271604938271
40.0,5.0,11.0,0.6,0.1,0.6,2.0,642.0,0.0,0.0,0.616822429906542
40.0,5.0,12.0,0.6,0.1,0.6,2.0,646.0,0.0,0.0,0.6191950464396285
40.0,5.0,13.0,0.6,0.1,0.6,2.0,641.0,0.0,0.0,0.6177847113884556
40.0,5.0,14.0,0.6,0.1,0.6,2.0,643.0,0.0,0.0,0.6220839813374806
40.0,5.0,15.0,0.6,0.1,0.6,2.0,638.0,0.0,0.0,0.6191222570532915
40.0,5.0,16.0,0.6,0.1,0.6,2.0,640.0,0.0,0.0,0.621875
40.0,5.0,17.0,0.6,0.1,0.6,2.0,636.0,0.0,0.0,0.6226415094339622
40.0,5.0,18.0,0.6,0.1,0.6,2.0,625.0,0.0,0.0,0.6256
40.0,5.0,19.0,0.6,0.1,0.6,2.0,621.0,0.0,0.0,0.6247987117552335
40.0,5.0,20.0,0.6,0.1,0.6,2.0,1156.0,0.0,0.0,0.3365051903114187
40.0,5.0,21.0,0.6,0.1,0.6,2.0,1139.0,0.0,0.0,0.33801580333625986
40.0,5.0,22.0,0.6,0.1,0.6,2.0,1149.0,0.0,0.0,0.3359442993907746
40.0,5.0,23.0,0.6,0.1,0.6,2.0,1116.0,0.0,0.0,0.3396057347670251
40.0,5.0,24.0,0.6,0.1,0.6,2.0,1109.0,0.0,0.0,0.3381424706943192
40.0,5.0,25.0,0.6,0.1,0.6,2.0,1038.0,0.0,0.0,0.34296724470134876
40.0,5.0,26.0,0.6,0.1,0.6,2.0,1033.0,0.0,0.0,0.3436592449177154
40.0,5.0,27.0,0.6,0.1,0.6,2.0,1001.0,0.0,0.0,0.34665334665334663
40.0,5.0,28.0,0.6,0.1,0.6,2.0,1013.0,0.0,0.0,0.3425468904244817
40.0,5.0,29.0,0.6,0.1,0.6,2.0,973.0,0.0,0.0,0.3473792394655704
40.0,5.0,30.0,0.6,0.1,0.6,2.0,989.0,0.0,0.0,0.34580384226491406
40.0,5.0,31.0,0.6,0.1,0.6,2.0,965.0,0.0,0.0,0.3461139896373057
40.0,5.0,32.0,0.6,0.1,0.6,2.0,967.0,0.0,0.0,0.34643226473629785
40.0,5.0,33.0,0.6,0.1,0.6,2.0,919.0,0.0,0.0,0.3514689880304679
40.0,5.0,34.0,0.6,0.1,0.6,2.0,922.0,0.0,0.0,0.35357917570498915
40.0,5.0,35.0,0.6,0.1,0.6,2.0,879.0,0.0,0.0,0.35494880546075086
40.0,5.0,36.0,0.6,0.1,0.6,2.0,885.0,0.0,0.0,0.35480225988700564
40.0,5.0,37.0,0.6,0.1,0.6,2.0,856.0,0.0,0.0,0.352803738317757
40.0,5.0,38.0,0.6,0.1,0.6,2.0,855.0,0.0,0.0,0.35555555555555557
40.0,5.0,39.0,0.6,0.1,0.6,2.0,827.0,0.0,0.0,0.3555018137847642
40.0,5.0,40.0,0.6,0.1,0.6,2.0,839.0,0.0,0.0,0.3575685339690107
40.0,5.0,41.0,0.6,0.1,0.6,2.0,797.0,0.0,0.0,0.3588456712672522
40.0,5.0,42.0,0.6,0.1,0.6,2.0,814.0,0.0,0.0,0.35995085995085996
40.0,5.0,43.0,0.6,0.1,0.6,2.0,794.0,0.0,0.0,0.3589420654911839
40.0,5.0,44.0,0.6,0.1,0.6,2.0,801.0,0.0,0.0,0.3545568039950062
40.0,5.0,45.0,0.6,0.1,0.6,2.0,776.0,0.0,0.0,0.6095360824742269
40.0,5.0,46.0,0.6,0.1,0.6,2.0,777.0,0.0,0.0,0.6113256113256114
40.0,5.0,47.0,0.6,0.1,0.6,2.0,735.0,0.0,0.0,0.6108843537414966
40.0,5.0,48.0,0.6,0.1,0.6,2.0,755.0,0.0,0.0,0.6132450331125828
40.0,5.0,49.0,0.6,0.1,0.6,2.0,732.0,0.0,0.0,0.610655737704918
40.0,5.0,50.0,0.6,0.1,0.6,2.0,750.0,0.0,0.0,0.6106666666666667
40.0,5.0,51.0,0.6,0.1,0.6,2.0,723.0,0.0,0.0,0.6141078838174274
40.0,5.0,52.0,0.6,0.1,0.6,2.0,735.0,0.0,0.0,0.6136054421768707
40.0,6.0,1.0,0.6,0.1,0.6,2.0,709.0,0.0,0.0,0.6205923836389281
40.0,6.0,2.0,0.6,0.1,0.6,2.0,726.0,0.0,0.0,0.6184573002754821
40.0,6.0,3.0,0.6,0.1,0.6,2.0,695.0,0.0,0.0,0.6244604316546762
40.0,6.0,4.0,0.6,0.1,0.6,2.0,712.0,0.0,0.0,0.625
40.0,6.0,5.0,0.6,0.1,0.6,2.0,676.0,0.0,0.0,0.6242603550295858
40.0,6.0,6.0,0.6,0.1,0.6,2.0,699.0,0.0,0.0,0.6223175965665236
40.0,6.0,7.0,0.6,0.1,0.6,2.0,677.0,0.0,0.0,0.6233382570162481
40.0,6.0,8.0,0.6,0.1,0.6,2.0,694.0,0.0,0.0,0.6239193083573487
40.0,6.0,9.0,0.6,0.1,0.6,2.0,674.0,0.0,0.0,0.6216617210682492
40.0,6.0,10.0,0.6,0.1,0.6,2.0,676.0,0.0,0.0,0.621301775147929
40.0,6.0,11.0,0.6,0.1,0.6,2.0,658.0,0.0,0.0,0.6200607902735562
40.0,6.0,12.0,0.6,0.1,0.6,2.0,668.0,0.0,0.0,0.6227544910179641
40.0,6.0,13.0,0.6,0.1,0.6,2.0,648.0,0.0,0.0,0.6203703703703703
40.0,6.0,14.0,0.6,0.1,0.6,2.0,647.0,0.0,0.0,0.6197836166924265
40.0,6.0,15.0,0.6,0.1,0.6,2.0,629.0,0.0,0.0,0.6184419713831478
40.0,6.0,16.0,0.6,0.1,0.6,2.0,644.0,0.0,0.0,0.6195652173913043
40.0,6.0,17.0,0.6,0.1,0.6,2.0,627.0,0.0,0.0,0.6172248803827751
40.0,6.0,18.0,0.6,0.1,0.6,2.0,643.0,0.0,0.0,0.6189735614307932
40.0,6.0,19.0,0.6,0.1,0.6,2.0,602.0,0.0,0.0,0.6179401993355482
40.0,6.0,20.0,0.6,0.1,0.6,2.0,1176.0,0.0,0.0,0.32568027210884354
40.0,6.0,21.0,0.6,0.1,0.6,2.0,1108.0,0.0,0.0,0.32581227436823107
40.0,6.0,22.0,0.6,0.1,0.6,2.0,1078.0,0.0,0.0,0.33302411873840443
40.0,6.0,23.0,0.6,0.1,0.6,2.0,1037.0,0.0,0.0,0.33365477338476374
40.0,6.0,24.0,0.6,0.1,0.6,2.0,1063.0,0.0,0.0,0.3339604891815616
40.0,6.0,25.0,0.6,0.1,0.6,2.0,1018.0,0.0,0.0,0.33398821218074654
40.0,6.0,26.0,0.6,0.1,0.6,2.0,1032.0,0.0,0.0,0.33624031007751937
40.0,6.0,27.0,0.6,0.1,0.6,2.0,1009.0,0.0,0.0,0.33498513379583744
40.0,6.0,28.0,0.6,0.1,0.6,2.0,1022.0,0.0,0.0,0.3336594911937378
40.0,6.0,29.0,0.6,0.1,0.6,2.0,967.0,0.0,0.0,0.33505687693898656
40.0,6.0,30.0,0.6,0.1,0.6,2.0,972.0,0.0,0.0,0.3343621399176955
40.0,6.0,31.0,0.6,0.1,0.6,2.0,968.0,0.0,0.0,0.3357438016528926
40.0,6.0,32.0,0.6,0.1,0.6,2.0,939.0,0.0,0.0,0.3407880724174654
40.0,6.0,33.0,0.6,0.1,0.6,2.0,921.0,0.0,0.0,0.34201954397394135
40.0,6.0,34.0,0.6,0.1,0.6,2.0,904.0,0.0,0.0,0.3418141592920354
40.0,6.0,35.0,0.6,0.1,0.6,2.0,895.0,0.0,0.0,0.34413407821229053
40.0,6.0,36.0,0.6,0.1,0.6,2.0,872.0,0.0,0.0,0.34174311926605505
40.0,6.0,37.0,0.6,0.1,0.6,2.0,868.0,0.0,0.0,0.3456221198156682
40.0,6.0,38.0,0.6,0.1,0.6,2.0,844.0,0.0,0.0,0.3471563981042654
40.0,6.0,39.0,0.6,0.1,0.6,2.0,829.0,0.0,0.0,0.3498190591073583
40.0,6.0,40.0,0.6,0.1,0.6,2.0,820.0,0.0,0.0,0.35121951219512193
40.0,6.0,41.0,0.6,0.1,0.6,2.0,812.0,0.0,0.0,0.35467980295566504
40.0,6.0,42.0,0.6,0.1,0.6,2.0,787.0,0.0,0.0,0.3545108005082592
40.0,6.0,43.0,0.6,0.1,0.6,2.0,781.0,0.0,0.0,0.3559539052496799
40.0,6.0,44.0,0.6,0.1,0.6,2.0,782.0,0.0,0.0,0.3554987212276215
40.0,6.0,45.0,0.6,0.1,0.6,2.0,772.0,0.0,0.0,0.594559585492228
40.0,6.0,46.0,0.6,0.1,0.6,2.0,758.0,0.0,0.0,0.5949868073878628
40.0,6.0,47.0,0.6,0.1,0.6,2.0,752.0,0.0,0.0,0.5944148936170213
40.0,6.0,48.0,0.6,0.1,0.6,2.0,752.0,0.0,0.0,0.5930851063829787
40.0,6.0,49.0,0.6,0.1,0.6,2.0,735.0,0.0,0.0,0.5959183673469388
40.0,6.0,50.0,0.6,0.1,0.6,2.0,723.0,0.0,0.0,0.5947441217150761
40.0,6.0,51.0,0.6,0.1,0.6,2.0,708.0,0.0,0.0,0.594632768361582
40.0,6.0,52.0,0.6,0.1,0.6,2.0,704.0,0.0,0.0,0.5923295454545454
40.0,7.0,1.0,0.6,0.1,0.6,2.0,701.0,0.0,0.0,0.5934379457917262
40.0,7.0,2.0,0.6,0.1,0.6,2.0,686.0,0.0,0.0,0.5947521865889213
40.0,7.0,3.0,0.6,0.1,0.6,2.0,684.0,0.0,0.0,0.5964912280701754
40.0,7.0,4.0,0.6,0.1,0.6,2.0,672.0,0.0,0.0,0.5907738095238095
40.0,7.0,5.0,0.6,0.1,0.6,2.0,670.0,0.0,0.0,0.5940298507462687
40.0,7.0,6.0,0.6,0.1,0.6,2.0,659.0,0.0,0.0,0.5978755690440061
40.0,7.0,7.0,0.6,0.1,0.6,2.0,659.0,0.0,0.0,0.6009104704097117
40.0,7.0,8.0,0.6,0.1,0.6,2.0,658.0,0.0,0.0,0.5987841945288754
40.0,7.0,9.0,0.6,0.1,0.6,2.0,656.0,0.0,0.0,0.600609756097561
40.0,7.0,10.0,0.6,0.1,0.6,2.0,657.0,0.0,0.0,0.5996955859969558
40.0,7.0,11.0,0.6,0.1,0.6,2.0,651.0,0.0,0.0,0.6052227342549923
40.0,7.0,12.0,0.6,0.1,0.6,2.0,656.0,0.0,0.0,0.600609756097561
40.0,7.0,13.0,0.6,0.1,0.6,2.0,652.0,0.0,0.0,0.6042944785276073
40.0,7.0,14.0,0.6,0.1,0.6,2.0,654.0,0.0,0.0,0.6009174311926605
40.0,7.0,15.0,0.6,0.1,0.6,2.0,638.0,0.0,0.0,0.6065830721003135
40.0,7.0,16.0,0.6,0.1,0.6,2.0,641.0,0.0,0.0,0.6006240249609984
40.0,7.0,17.0,0.6,0.1,0.6,2.0,625.0,0.0,0.0,0.6048
40.0,7.0,18.0,0.6,0.1,0.6,2.0,628.0,0.0,0.0,0.6019108280254777
40.0,7.0,19.0,0.6,0.1,0.6,2.0,620.0,0.0,0.0,0.6064516129032258
40.0,7.0,20.0,0.6,0.1,0.6,2.0,1118.0,0.0,0.0,0.3372093023255814
40.0,7.0,21.0,0.6,0.1,0.6,2.0,1080.0,0.0,0.0,0.337037037037037
40.0,7.0,22.0,0.6,0.1,0.6,2.0,1090.0,0.0,0.0,0.3348623853211009
40.0,7.0,23.0,0.6,0.1,0.6,2.0,1079.0,0.0,0.0,0.3373493975903614
40.0,7.0,24.0,0.6,0.1,0.6,2.0,1078.0,0.0,0.0,0.33487940630797774
40.0,7.0,25.0,0.6,0.1,0.6,2.0,1038.0,0.0,0.0,0.33911368015414256
40.0,7.0,26.0,0.6,0.1,0.6,2.0,963.0,0.0,0.0,0.3406022845275182
40.0,7.0,27.0,0.6,0.1,0.6,2.0,932.0,0.0,0.0,0.35085836909871243
40.0,7.0,28.0,0.6,0.1,0.6,2.0,927.0,0.0,0.0,0.3451995685005394
40.0,7.0,29.0,0.6,0.1,0.6,2.0,917.0,0.0,0.0,0.3489640130861505
40.0,7.0,30.0,0.6,0.1,0.6,2.0,926.0,0.0,0.0,0.3444924406047516
40.0,7.0,31.0,0.6,0.1,0.6,2.0,892.0,0.0,0.0,0.3486547085201794
40.0,7.0,32.0,0.6,0.1,0.6,2.0,885.0,0.0,0.0,0.34915254237288135
40.0,7.0,33.0,0.6,0.1,0.6,2.0,880.0,0.0,0.0,0.35113636363636364
40.0,7.0,34.0,0.6,0.1,0.6,2.0,885.0,0.0,0.0,0.34576271186440677
40.0,7.0,35.0,0.6,0.1,0.6,2.0,843.0,0.0,0.0,0.3534994068801898
40.0,7.0,36.0,0.6,0.1,0.6,2.0,855.0,0.0,0.0,0.3485380116959064
40.0,7.0,37.0,0.6,0.1,0.6,2.0,843.0,0.0,0.0,0.35112692763938314
40.0,7.0,38.0,0.6,0.1,0.6,2.0,827.0,0.0,0.0,0.35308343409915355
40.0,7.0,39.0,0.6,0.1,0.6,2.0,802.0,0.0,0.0,0.35785536159601
40.0,7.0,40.0,0.6,0.1,0.6,2.0,808.0,0.0,0.0,0.3564356435643564
40.0,7.0,41.0,0.6,0.1,0.6,2.0,782.0,0.0,0.0,0.3593350383631714
40.0,7.0,42.0,0.6,0.1,0.6,2.0,792.0,0.0,0.0,0.35858585858585856
40.0,7.0,43.0,0.6,0.1,0.6,2.0,765.0,0.0,0.0,0.35947712418300654
40.0,7.0,44.0,0.6,0.1,0.6,2.0,770.0,0.0,0.0,0.35974025974025975
40.0,7.0,45.0,0.6,0.1,0.6,2.0,766.0,0.0,0.0,0.643603133159269
40.0,7.0,46.0,0.6,0.1,0.6,2.0,760.0,0.0,0.0,0.6407894736842106
40.0,7.0,47.0,0.6,0.1,0.6,2.0,749.0,0.0,0.0,0.6448598130841121
40.0,7.0,48.0,0.6,0.1,0.6,2.0,758.0,0.0,0.0,0.6398416886543535
40.0,7.0,49.0,0.6,0.1,0.6,2.0,747.0,0.0,0.0,0.6452476572958501
40.0,7.0,50.0,0.6,0.1,0.6,2.0,753.0,0.0,0.0,0.6414342629482072
40.0,7.0,51.0,0.6,0.1,0.6,2.0,747.0,0.0,0.0,0.6452476572958501
40.0,7.0,52.0,0.6,0.1,0.6,2.0,750.0,0.0,0.0,0.648
40.0,8.0,1.0,0.6,0.1,0.6,2.0,729.0,0.0,0.0,0.6502057613168725
40.0,8.0,2.0,0.6,0.1,0.6,2.0,730.0,0.0,0.0,0.6520547945205479
40.0,8.0,3.0,0.6,0.1,0.6,2.0,727.0,0.0,0.0,0.6492434662998624
40.0,8.0,4.0,0.6,0.1,0.6,2.0,728.0,0.0,0.0,0.6497252747252747
40.0,8.0,5.0,0.6,0.1,0.6,2.0,723.0,0.0,0.0,0.6500691562932227
40.0,8.0,6.0,0.6,0.1,0.6,2.0,729.0,0.0,0.0,0.6502057613168725
40.0,8.0,7.0,0.6,0.1,0.6,2.0,722.0,0.0,0.0,0.649584487534626
40.0,8.0,8.0,0.6,0.1,0.6,2.0,728.0,0.0,0.0,0.6510989010989011
40.0,8.0,9.0,0.6,0.1,0.6,2.0,719.0,0.0,0.0,0.6522948539638387
40.0,8.0,10.0,0.6,0.1,0.6,2.0,722.0,0.0,0.0,0.6523545706371191
40.0,8.0,11.0,0.6,0.1,0.6,2.0,706.0,0.0,0.0,0.6543909348441926
40.0,8.0,12.0,0.6,0.1,0.6,2.0,710.0,0.0,0.0,0.6535211267605634
40.0,8.0,13.0,0.6,0.1,0.6,2.0,706.0,0.0,0.0,0.6529745042492918
40.0,8.0,14.0,0.6,0.1,0.6,2.0,710.0,0.0,0.0,0.6549295774647887
40.0,8.0,15.0,0.6,0.1,0.6,2.0,707.0,0.0,0.0,0.652050919377652
40.0,8.0,16.0,0.6,0.1,0.6,2.0,711.0,0.0,0.0,0.6540084388185654
40.0,8.0,17.0,0.6,0.1,0.6,2.0,704.0,0.0,0.0,0.6534090909090909
40.0,8.0,18.0,0.6,0.1,0.6,2.0,712.0,0.0,0.0,0.6544943820224719
40.0,8.0,19.0,0.6,0.1,0.6,2.0,704.0,0.0,0.0,0.6534090909090909
40.0,8.0,20.0,0.6,0.1,0.6,2.0,1228.0,0.0,0.0,0.3745928338762215
40.0,8.0,21.0,0.6,0.1,0.6,2.0,1185.0,0.0,0.0,0.3780590717299578
40.0,8.0,22.0,0.6,0.1,0.6,2.0,1138.0,0.0,0.0,0.38488576449912126
40.0,8.0,23.0,0.6,0.1,0.6,2.0,1101.0,0.0,0.0,0.38782924613987285
40.0,8.0,24.0,0.6,0.1,0.6,2.0,1074.0,0.0,0.0,0.39106145251396646
40.0,8.0,25.0,0.6,0.1,0.6,2.0,1018.0,0.0,0.0,0.393909626719057
40.0,8.0,26.0,0.6,0.1,0.6,2.0,1009.0,0.0,0.0,0.398414271555996
40.0,8.0,27.0,0.6,0.1,0.6,2.0,988.0,0.0,0.0,0.3977732793522267
40.0,8.0,28.0,0.6,0.1,0.6,2.0,997.0,0.0,0.0,0.4002006018054162
40.0,8.0,29.0,0.6,0.1,0.6,2.0,954.0,0.0,0.0,0.39832285115303984
40.0,8.0,30.0,0.6,0.1,0.6,2.0,953.0,0.0,0.0,0.39769150052465896
40.0,8.0,31.0,0.6,0.1,0.6,2.0,924.0,0.0,0.0,0.4004329004329004
40.0,8.0,32.0,0.6,0.1,0.6,2.0,935.0,0.0,0.0,0.4
40.0,8.0,33.0,0.6,0.1,0.6,2.0,908.0,0.0,0.0,0.40308370044052866
40.0,8.0,34.0,0.6,0.1,0.6,2.0,924.0,0.0,0.0,0.4004329004329004
40.0,8.0,35.0,0.6,0.1,0.6,2.0,911.0,0.0,0.0,0.40065861690450055
40.0,8.0,36.0,0.6,0.1,0.6,2.0,909.0,0.0,0.0,0.40264026402640263
40.0,8.0,37.0,0.6,0.1,0.6,2.0,874.0,0.0,0.0,0.40045766590389015
40.0,8.0,38.0,0.6,0.1,0.6,2.0,872.0,0.0,0.0,0.4059633027522936
40.0,8.0,39.0,0.6,0.1,0.6,2.0,847.0,0.0,0.0,0.4049586776859504
40.0,8.0,40.0,0.6,0.1,0.6,2.0,841.0,0.0,0.0,0.4090368608799049
40.0,8.0,41.0,0.6,0.1,0.6,2.0,831.0,0.0,0.0,0.41034897713598073
40.0,8.0,42.0,0.6,0.1,0.6,2.0,824.0,0.0,0.0,0.41383495145631066
40.0,8.0,43.0,0.6,0.1,0.6,2.0,812.0,0.0,0.0,0.41502463054187194
40.0,8.0,44.0,0.6,0.1,0.6,2.0,797.0,0.0,0.0,0.4190715181932246
40.0,8.0,45.0,0.6,0.1,0.6,2.0,785.0,0.0,0.0,0.6356687898089172
40.0,8.0,46.0,0.6,0.1,0.6,2.0,795.0,0.0,0.0,0.6327044025157232
40.0,8.0,47.0,0.6,0.1,0.6,2.0,784.0,0.0,0.0,0.6352040816326531
40.0,8.0,48.0,0.6,0.1,0.6,2.0,782.0,0.0,0.0,0.6317135549872123
40.0,8.0,49.0,0.6,0.1,0.6,2.0,772.0,0.0,0.0,0.633419689119171
40.0,8.0,50.0,0.6,0.1,0.6,2.0,773.0,0.0,0.0,0.6351875808538163
40.0,8.0,51.0,0.6,0.1,0.6,2.0,773.0,0.0,0.0,0.6338939197930142
40.0,8.0,52.0,0.6,0.1,0.6,2.0,775.0,0.0,0.0,0.6361290322580645
40.0,9.0,1.0,0.6,0.1,0.6,2.0,772.0,0.0,0.0,0.6347150259067358
40.0,9.0,2.0,0.6,0.1,0.6,2.0,761.0,0.0,0.0,0.6386333771353482
40.0,9.0,3.0,0.6,0.1,0.6,2.0,756.0,0.0,0.0,0.6362433862433863
40.0,9.0,4.0,0.6,0.1,0.6,2.0,760.0,0.0,0.0,0.6381578947368421
40.0,9.0,5.0,0.6,0.1,0.6,2.0,745.0,0.0,0.0,0.6322147651006711
40.0,9.0,6.0,0.6,0.1,0.6,2.0,733.0,0.0,0.0,0.635743519781719
40.0,9.0,7.0,0.6,0.1,0.6,2.0,728.0,0.0,0.0,0.6332417582417582
40.0,9.0,8.0,0.6,0.1,0.6,2.0,731.0,0.0,0.0,0.6374829001367989
40.0,9.0,9.0,0.6,0.1,0.6,2.0,715.0,0.0,0.0,0.634965034965035
40.0,9.0,10.0,0.6,0.1,0.6,2.0,701.0,0.0,0.0,0.637660485021398
40.0,9.0,11.0,0.6,0.1,0.6,2.0,700.0,0.0,0.0,0.6371428571428571
40.0,9.0,12.0,0.6,0.1,0.6,2.0,701.0,0.0,0.0,0.637660485021398
40.0,9.0,13.0,0.6,0.1,0.6,2.0,701.0,0.0,0.0,0.6362339514978602
40.0,9.0,14.0,0.6,0.1,0.6,2.0,700.0,0.0,0.0,0.6385714285714286
40.0,9.0,15.0,0.6,0.1,0.6,2.0,701.0,0.0,0.0,0.6348074179743224
40.0,9.0,16.0,0.6,0.1,0.6,2.0,702.0,0.0,0.0,0.6381766381766382
40.0,9.0,17.0,0.6,0.1,0.6,2.0,698.0,0.0,0.0,0.6346704871060171
40.0,9.0,18.0,0.6,0.1,0.6,2.0,701.0,0.0,0.0,0.6390870185449358
40.0,9.0,19.0,0.6,0.1,0.6,2.0,697.0,0.0,0.0,0.6355810616929699
40.0,9.0,20.0,0.6,0.1,0.6,2.0,1271.0,0.0,0.0,0.34067663257277736
40.0,9.0,21.0,0.6,0.1,0.6,2.0,1223.0,0.0,0.0,0.34341782502044155
40.0,9.0,22.0,0.6,0.1,0.6,2.0,1193.0,0.0,0.0,0.34450963956412406
40.0,9.0,23.0,0.6,0.1,0.6,2.0,1161.0,0.0,0.0,0.3462532299741602
40.0,9.0,24.0,0.6,0.1,0.6,2.0,1107.0,0.0,0.0,0.35501355013550134
40.0,9.0,25.0,0.6,0.1,0.6,2.0,1074.0,0.0,0.0,0.3547486033519553
40.0,9.0,26.0,0.6,0.1,0.6,2.0,1054.0,0.0,0.0,0.3605313092979127
40.0,9.0,27.0,0.6,0.1,0.6,2.0,1049.0,0.0,0.0,0.3574833174451859
40.0,9.0,28.0,0.6,0.1,0.6,2.0,1020.0,0.0,0.0,0.36470588235294116
40.0,9.0,29.0,0.6,0.1,0.6,2.0,1030.0,0.0,0.0,0.3592233009708738
40.0,9.0,30.0,0.6,0.1,0.6,2.0,1010.0,0.0,0.0,0.36435643564356435
40.0,9.0,31.0,0.6,0.1,0.6,2.0,1006.0,0.0,0.0,0.35785288270377735
40.0,9.0,32.0,0.6,0.1,0.6,2.0,974.0,0.0,0.0,0.3655030800821355
40.0,9.0,33.0,0.6,0.1,0.6,2.0,988.0,0.0,0.0,0.36133603238866396
40.0,9.0,34.0,0.6,0.1,0.6,2.0,946.0,0.0,0.0,0.37209302325581395
40.0,9.0,35.0,0.6,0.1,0.6,2.0,958.0,0.0,0.0,0.3663883089770355
40.0,9.0,36.0,0.6,0.1,0.6,2.0,913.0,0.0,0.0,0.37349397590361444
40.0,9.0,37.0,0.6,0.1,0.6,2.0,907.0,0.0,0.0,0.37265711135611906
40.0,9.0,38.0,0.6,0.1,0.6,2.0,893.0,0.0,0.0,0.3762597984322508
40.0,9.0,39.0,0.6,0.1,0.6,2.0,889.0,0.0,0.0,0.3779527559055118
40.0,9.0,40.0,0.6,0.1,0.6,2.0,882.0,0.0,0.0,0.3832199546485261
40.0,9.0,41.0,0.6,0.1,0.6,2.0,889.0,0.0,0.0,0.3779527559055118
40.0,9.0,42.0,0.6,0.1,0.6,2.0,860.0,0.0,0.0,0.38372093023255816
40.0,9.0,43.0,0.6,0.1,0.6,2.0,853.0,0.0,0.0,0.3786635404454865
40.0,9.0,44.0,0.6,0.1,0.6,2.0,844.0,0.0,0.0,0.38507109004739337
40.0,9.0,45.0,0.6,0.1,0.6,2.0,856.0,0.0,0.0,0.6401869158878505
40.0,9.0,46.0,0.6,0.1,0.6,2.0,845.0,0.0,0.0,0.6402366863905326
40.0,9.0,47.0,0.6,0.1,0.6,2.0,848.0,0.0,0.0,0.6426886792452831
40.0,9.0,48.0,0.6,0.1,0.6,2.0,838.0,0.0,0.0,0.6420047732696897
40.0,9.0,49.0,0.6,0.1,0.6,2.0,835.0,0.0,0.0,0.6455089820359281
40.0,9.0,50.0,0.6,0.1,0.6,2.0,828.0,0.0,0.0,0.6473429951690821
40.0,9.0,51.0,0.6,0.1,0.6,2.0,838.0,0.0,0.0,0.6420047732696897
40.0,9.0,52.0,0.6,0.1,0.6,2.0,823.0,0.0,0.0,0.6488456865127582
40.0,10.0,1.0,0.6,0.1,0.6,2.0,831.0,0.0,0.0,0.6462093862815884
40.0,10.0,2.0,0.6,0.1,0.6,2.0,822.0,0.0,0.0,0.648418491484185
40.0,10.0,3.0,0.6,0.1,0.6,2.0,830.0,0.0,0.0,0.6457831325301204
40.0,10.0,4.0,0.6,0.1,0.6,2.0,821.0,0.0,0.0,0.6479902557856273
40.0,10.0,5.0,0.6,0.1,0.6,2.0,816.0,0.0,0.0,0.6470588235294118
40.0,10.0,6.0,0.6,0.1,0.6,2.0,808.0,0.0,0.0,0.650990099009901
40.0,10.0,7.0,0.6,0.1,0.6,2.0,816.0,0.0,0.0,0.6470588235294118
40.0,10.0,8.0,0.6,0.1,0.6,2.0,794.0,0.0,0.0,0.6486146095717884
40.0,10.0,9.0,0.6,0.1,0.6,2.0,800.0,0.0,0.0,0.64875
40.0,10.0,10.0,0.6,0.1,0.6,2.0,785.0,0.0,0.0,0.6535031847133758
40.0,10.0,11.0,0.6,0.1,0.6,2.0,778.0,0.0,0.0,0.6516709511568124
40.0,10.0,12.0,0.6,0.1,0.6,2.0,772.0,0.0,0.0,0.6528497409326425
40.0,10.0,13.0,0.6,0.1,0.6,2.0,773.0,0.0,0.0,0.6520051746442432
40.0,10.0,14.0,0.6,0.1,0.6,2.0,770.0,0.0,0.0,0.6519480519480519
40.0,10.0,15.0,0.6,0.1,0.6,2.0,775.0,0.0,0.0,0.6529032258064517
40.0,10.0,16.0,0.6,0.1,0.6,2.0,771.0,0.0,0.0,0.6523994811932555
40.0,10.0,17.0,0.6,0.1,0.6,2.0,777.0,0.0,0.0,0.6512226512226512
40.0,10.0,18.0,0.6,0.1,0.6,2.0,772.0,0.0,0.0,0.6515544041450777
40.0,10.0,19.0,0.6,0.1,0.6,2.0,777.0,0.0,0.0,0.6499356499356499
40.0,10.0,20.0,0.6,0.1,0.6,2.0,1375.0,0.0,0.0,0.35345454545454547
40.0,10.0,21.0,0.6,0.1,0.6,2.0,1370.0,0.0,0.0,0.3532846715328467
40.0,10.0,22.0,0.6,0.1,0.6,2.0,1295.0,0.0,0.0,0.3598455598455598
40.0,10.0,23.0,0.6,0.1,0.6,2.0,1277.0,0.0,0.0,0.36256851996867656
40.0,10.0,24.0,0.6,0.1,0.6,2.0,1233.0,0.0,0.0,0.3657745336577453
40.0,10.0,25.0,0.6,0.1,0.6,2.0,1240.0,0.0,0.0,0.36451612903225805
40.0,10.0,26.0,0.6,0.1,0.6,2.0,1202.0,0.0,0.0,0.36772046589018303
40.0,10.0,27.0,0.6,0.1,0.6,2.0,1166.0,0.0,0.0,0.362778730703259
40.0,10.0,28.0,0.6,0.1,0.6,2.0,1126.0,0.0,0.0,0.37122557726465366
40.0,10.0,29.0,0.6,0.1,0.6,2.0,1085.0,0.0,0.0,0.3723502304147465
40.0,10.0,30.0,0.6,0.1,0.6,2.0,1061.0,0.0,0.0,0.3751178133836004
40.0,10.0,31.0,0.6,0.1,0.6,2.0,1054.0,0.0,0.0,0.3757115749525617
40.0,10.0,32.0,0.6,0.1,0.6,2.0,1023.0,0.0,0.0,0.3782991202346041
40.0,10.0,33.0,0.6,0.1,0.6,2.0,1027.0,0.0,0.0,0.3758519961051607
40.0,10.0,34.0,0.6,0.1,0.6,2.0,1021.0,0.0,0.0,0.38001958863858964
40.0,10.0,35.0,0.6,0.1,0.6,2.0,1012.0,0.0,0.0,0.3804347826086957
40.0,10.0,36.0,0.6,0.1,0.6,2.0,952.0,0.0,0.0,0.3897058823529412
40.0,10.0,37.0,0.6,0.1,0.6,2.0,957.0,0.0,0.0,0.3897596656217346
40.0,10.0,38.0,0.6,0.1,0.6,2.0,943.0,0.0,0.0,0.391304347826087
40.0,10.0,39.0,0.6,0.1,0.6,2.0,942.0,0.0,0.0,0.39065817409766457
40.0,10.0,40.0,0.6,0.1,0.6,2.0,917.0,0.0,0.0,0.3936750272628135
40.0,10.0,41.0,0.6,0.1,0.6,2.0,926.0,0.0,0.0,0.39200863930885527
40.0,10.0,42.0,0.6,0.1,0.6,2.0,917.0,0.0,0.0,0.39476553980370777
40.0,10.0,43.0,0.6,0.1,0.6,2.0,909.0,0.0,0.0,0.39383938393839385
40.0,10.0,44.0,0.6,0.1,0.6,2.0,906.0,0.0,0.0,0.39624724061810157
40.0,10.0,45.0,0.6,0.1,0.6,2.0,909.0,0.0,0.0,0.6358635863586358
40.0,10.0,46.0,0.6,0.1,0.6,2.0,907.0,0.0,0.0,0.6383682469680264
40.0,10.0,47.0,0.6,0.1,0.6,2.0,914.0,0.0,0.0,0.6356673960612691
40.0,10.0,48.0,0.6,0.1,0.6,2.0,906.0,0.0,0.0,0.6379690949227373
40.0,10.0,49.0,0.6,0.1,0.6,2.0,915.0,0.0,0.0,0.6360655737704918
40.0,10.0,50.0,0.6,0.1,0.6,2.0,907.0,0.0,0.0,0.6361631753031973
40.0,10.0,51.0,0.6,0.1,0.6,2.0,908.0,0.0,0.0,0.6376651982378855
40.0,10.0,52.0,0.6,0.1,0.6,2.0,898.0,0.0,0.0,0.6403118040089086
41.0,1.0,1.0,0.6,0.1,0.6,2.0,5066.0,53.0,8.0,0.6014607185155941
41.0,1.0,2.0,0.6,0.1,0.6,2.0,5017.0,55.0,21.0,0.599760813235001
41.0,1.0,3.0,0.6,0.1,0.6,2.0,4986.0,70.0,31.0,0.598676293622142
41.0,1.0,4.0,0.6,0.1,0.6,2.0,4960.0,64.0,36.0,0.6008064516129032
41.0,1.0,5.0,0.6,0.1,0.6,2.0,4955.0,73.0,38.0,0.6016145307769929
41.0,1.0,6.0,0.6,0.1,0.6,2.0,4893.0,86.0,42.0,0.6024933578581647
41.0,1.0,7.0,0.6,0.1,0.6,2.0,4792.0,87.0,35.0,0.6043405676126878
41.0,1.0,8.0,0.6,0.1,0.6,2.0,4688.0,87.0,36.0,0.6053754266211604
41.0,1.0,9.0,0.6,0.1,0.6,2.0,4569.0,87.0,40.0,0.6071350404902605
41.0,1.0,10.0,0.6,0.1,0.6,2.0,4431.0,93.0,45.0,0.611600090273076
41.0,1.0,11.0,0.6,0.1,0.6,2.0,4295.0,87.0,38.0,0.6135040745052387
41.0,1.0,12.0,0.6,0.1,0.6,2.0,4160.0,90.0,39.0,0.6163461538461539
41.0,1.0,13.0,0.6,0.1,0.6,2.0,4027.0,82.0,38.0,0.6185746213061832
41.0,1.0,14.0,0.6,0.1,0.6,2.0,3977.0,89.0,45.0,0.6223283882323359
41.0,1.0,15.0,0.6,0.1,0.6,2.0,3854.0,78.0,37.0,0.6242864556305138
41.0,1.0,16.0,0.6,0.1,0.6,2.0,3707.0,67.0,36.0,0.6285405988670084
41.0,1.0,17.0,0.6,0.1,0.6,2.0,3624.0,63.0,28.0,0.6296909492273731
41.0,1.0,18.0,0.6,0.1,0.6,2.0,3506.0,57.0,28.0,0.6306332002281803
41.0,1.0,19.0,0.6,0.1,0.6,2.0,3430.0,43.0,24.0,0.6341107871720116
41.0,1.0,20.0,0.6,0.1,0.6,2.0,6294.0,38.0,22.0,0.3349221480775342
41.0,1.0,21.0,0.6,0.1,0.6,2.0,5833.0,47.0,16.0,0.33893365335162007
41.0,1.0,22.0,0.6,0.1,0.6,2.0,5584.0,54.0,19.0,0.3406160458452722
41.0,1.0,23.0,0.6,0.1,0.6,2.0,5343.0,60.0,24.0,0.3432528542017593
41.0,1.0,24.0,0.6,0.1,0.6,2.0,5104.0,73.0,29.0,0.3448275862068966
41.0,1.0,25.0,0.6,0.1,0.6,2.0,4828.0,74.0,31.0,0.34776304888152443
41.0,1.0,26.0,0.6,0.1,0.6,2.0,4642.0,95.0,33.0,0.35028005170185267
41.0,1.0,27.0,0.6,0.1,0.6,2.0,4499.0,108.0,39.0,0.3531895976883752
41.0,1.0,28.0,0.6,0.1,0.6,2.0,4269.0,123.0,46.0,0.3581635043335676
41.0,1.0,29.0,0.6,0.1,0.6,2.0,4082.0,135.0,56.0,0.3601175894169525
41.0,1.0,30.0,0.6,0.1,0.6,2.0,3983.0,145.0,56.0,0.3640472006025609
41.0,1.0,31.0,0.6,0.1,0.6,2.0,3838.0,142.0,54.0,0.36633663366336633
41.0,1.0,32.0,0.6,0.1,0.6,2.0,3704.0,148.0,61.0,0.37041036717062636
41.0,1.0,33.0,0.6,0.1,0.6,2.0,3520.0,151.0,69.0,0.3755681818181818
41.0,1.0,34.0,0.6,0.1,0.6,2.0,3430.0,155.0,75.0,0.37988338192419824
41.0,1.0,35.0,0.6,0.1,0.6,2.0,3327.0,164.0,70.0,0.3844304177938082
41.0,1.0,36.0,0.6,0.1,0.6,2.0,3226.0,154.0,66.0,0.38964662120272786
41.0,1.0,37.0,0.6,0.1,0.6,2.0,3092.0,162.0,75.0,0.3948900388098318
41.0,1.0,38.0,0.6,0.1,0.6,2.0,2990.0,151.0,81.0,0.39933110367892977
41.0,1.0,39.0,0.6,0.1,0.6,2.0,2845.0,133.0,69.0,0.40527240773286466
41.0,1.0,40.0,0.6,0.1,0.6,2.0,2758.0,132.0,58.0,0.4071791153009427
41.0,1.0,41.0,0.6,0.1,0.6,2.0,2667.0,130.0,53.0,0.4146981627296588
41.0,1.0,42.0,0.6,0.1,0.6,2.0,2615.0,132.0,55.0,0.4160611854684512
41.0,1.0,43.0,0.6,0.1,0.6,2.0,2538.0,127.0,58.0,0.41883372734436564
41.0,1.0,44.0,0.6,0.1,0.6,2.0,2467.0,126.0,68.0,0.42237535468179976
41.0,1.0,45.0,0.6,0.1,0.6,2.0,2406.0,123.0,64.0,0.6650041562759768
41.0,1.0,46.0,0.6,0.1,0.6,2.0,2330.0,104.0,60.0,0.6686695278969957
41.0,1.0,47.0,0.6,0.1,0.6,2.0,2249.0,85.0,50.0,0.6731880835927079
41.0,1.0,48.0,0.6,0.1,0.6,2.0,2207.0,73.0,45.0,0.6705935659265972
41.0,1.0,49.0,0.6,0.1,0.6,2.0,2107.0,55.0,36.0,0.677266255339345
41.0,1.0,50.0,0.6,0.1,0.6,2.0,2078.0,44.0,27.0,0.6770933589990376
41.0,1.0,51.0,0.6,0.1,0.6,2.0,2033.0,34.0,19.0,0.6797835710772258
41.0,1.0,52.0,0.6,0.1,0.6,2.0,1962.0,25.0,15.0,0.6809378185524975
41.0,2.0,1.0,0.6,0.1,0.6,2.0,1927.0,20.0,15.0,0.6860404774260509
41.0,2.0,2.0,0.6,0.1,0.6,2.0,1913.0,23.0,13.0,0.6863565081024569
41.0,2.0,3.0,0.6,0.1,0.6,2.0,1881.0,21.0,10.0,0.6932482721956407
41.0,2.0,4.0,0.6,0.1,0.6,2.0,1852.0,16.0,5.0,0.6938444924406048
41.0,2.0,5.0,0.6,0.1,0.6,2.0,1826.0,14.0,7.0,0.6944140197152245
41.0,2.0,6.0,0.6,0.1,0.6,2.0,1795.0,13.0,6.0,0.6935933147632312
41.0,2.0,7.0,0.6,0.1,0.6,2.0,1743.0,16.0,8.0,0.6947791164658634
41.0,2.0,8.0,0.6,0.1,0.6,2.0,1715.0,13.0,6.0,0.6973760932944606
41.0,2.0,9.0,0.6,0.1,0.6,2.0,1700.0,13.0,7.0,0.6964705882352941
41.0,2.0,10.0,0.6,0.1,0.6,2.0,1686.0,13.0,7.0,0.7004744958481613
41.0,2.0,11.0,0.6,0.1,0.6,2.0,1669.0,11.0,5.0,0.701617735170761
41.0,2.0,12.0,0.6,0.1,0.6,2.0,1643.0,11.0,6.0,0.7054169202678028
41.0,2.0,13.0,0.6,0.1,0.6,2.0,1620.0,10.0,6.0,0.7043209876543209
41.0,2.0,14.0,0.6,0.1,0.6,2.0,1609.0,11.0,7.0,0.7060285891858297
41.0,2.0,15.0,0.6,0.1,0.6,2.0,1565.0,10.0,6.0,0.7060702875399361
41.0,2.0,16.0,0.6,0.1,0.6,2.0,1551.0,10.0,5.0,0.7079303675048356
41.0,2.0,17.0,0.6,0.1,0.6,2.0,1532.0,9.0,5.0,0.7101827676240209
41.0,2.0,18.0,0.6,0.1,0.6,2.0,1508.0,9.0,6.0,0.7141909814323607
41.0,2.0,19.0,0.6,0.1,0.6,2.0,1484.0,14.0,6.0,0.7142857142857143
41.0,2.0,20.0,0.6,0.1,0.6,2.0,2668.0,12.0,5.0,0.39580209895052476
41.0,2.0,21.0,0.6,0.1,0.6,2.0,2633.0,10.0,3.0,0.39536650208887203
41.0,2.0,22.0,0.6,0.1,0.6,2.0,2513.0,18.0,6.0,0.3979307600477517
41.0,2.0,23.0,0.6,0.1,0.6,2.0,2451.0,23.0,7.0,0.3982048143614851
41.0,2.0,24.0,0.6,0.1,0.6,2.0,2362.0,26.0,7.0,0.40262489415749364
41.0,2.0,25.0,0.6,0.1,0.6,2.0,2312.0,26.0,7.0,0.40527681660899656
41.0,2.0,26.0,0.6,0.1,0.6,2.0,2207.0,28.0,9.0,0.4019030357951971
41.0,2.0,27.0,0.6,0.1,0.6,2.0,2148.0,28.0,9.0,0.4022346368715084
41.0,2.0,28.0,0.6,0.1,0.6,2.0,2050.0,26.0,12.0,0.4053658536585366
41.0,2.0,29.0,0.6,0.1,0.6,2.0,1951.0,22.0,7.0,0.41158380317785753
41.0,2.0,30.0,0.6,0.1,0.6,2.0,1918.0,21.0,8.0,0.41397288842544316
41.0,2.0,31.0,0.6,0.1,0.6,2.0,1870.0,23.0,14.0,0.4112299465240642
41.0,2.0,32.0,0.6,0.1,0.6,2.0,1810.0,15.0,9.0,0.4165745856353591
41.0,2.0,33.0,0.6,0.1,0.6,2.0,1774.0,12.0,6.0,0.41488162344983087
41.0,2.0,34.0,0.6,0.1,0.6,2.0,1742.0,17.0,5.0,0.4190585533869116
41.0,2.0,35.0,0.6,0.1,0.6,2.0,1693.0,15.0,2.0,0.4217365623154164
41.0,2.0,36.0,0.6,0.1,0.6,2.0,1632.0,16.0,6.0,0.42340686274509803
41.0,2.0,37.0,0.6,0.1,0.6,2.0,1606.0,17.0,7.0,0.42341220423412207
41.0,2.0,38.0,0.6,0.1,0.6,2.0,1568.0,20.0,9.0,0.42538265306122447
41.0,2.0,39.0,0.6,0.1,0.6,2.0,1563.0,19.0,11.0,0.42418426103646834
41.0,2.0,40.0,0.6,0.1,0.6,2.0,1543.0,28.0,11.0,0.42838626053143225
41.0,2.0,41.0,0.6,0.1,0.6,2.0,1521.0,28.0,12.0,0.42735042735042733
41.0,2.0,42.0,0.6,0.1,0.6,2.0,1441.0,24.0,10.0,0.4358084663428175
41.0,2.0,43.0,0.6,0.1,0.6,2.0,1425.0,26.0,10.0,0.43508771929824563
41.0,2.0,44.0,0.6,0.1,0.6,2.0,1389.0,28.0,11.0,0.43700503959683223
41.0,2.0,45.0,0.6,0.1,0.6,2.0,1385.0,24.0,8.0,0.6555956678700361
41.0,2.0,46.0,0.6,0.1,0.6,2.0,1360.0,24.0,10.0,0.6566176470588235
41.0,2.0,47.0,0.6,0.1,0.6,2.0,1349.0,24.0,9.0,0.6604892512972572
41.0,2.0,48.0,0.6,0.1,0.6,2.0,1307.0,22.0,11.0,0.6648814078041316
41.0,2.0,49.0,0.6,0.1,0.6,2.0,1267.0,21.0,14.0,0.6708760852407262
41.0,2.0,50.0,0.6,0.1,0.6,2.0,1259.0,22.0,15.0,0.6711675933280381
41.0,2.0,51.0,0.6,0.1,0.6,2.0,1236.0,17.0,9.0,0.6699029126213593
41.0,2.0,52.0,0.6,0.1,0.6,2.0,1197.0,11.0,4.0,0.6758563074352548
41.0,3.0,1.0,0.6,0.1,0.6,2.0,1196.0,8.0,6.0,0.6747491638795987
41.0,3.0,2.0,0.6,0.1,0.6,2.0,1178.0,8.0,6.0,0.6765704584040747
41.0,3.0,3.0,0.6,0.1,0.6,2.0,1176.0,7.0,4.0,0.6751700680272109
41.0,3.0,4.0,0.6,0.1,0.6,2.0,1155.0,4.0,1.0,0.6761904761904762
41.0,3.0,5.0,0.6,0.1,0.6,2.0,1154.0,4.0,2.0,0.6733102253032929
41.0,3.0,6.0,0.6,0.1,0.6,2.0,1141.0,4.0,4.0,0.6739702015775635
41.0,3.0,7.0,0.6,0.1,0.6,2.0,1114.0,3.0,3.0,0.6750448833034112
41.0,3.0,8.0,0.6,0.1,0.6,2.0,1105.0,2.0,2.0,0.6760180995475114
41.0,3.0,9.0,0.6,0.1,0.6,2.0,1091.0,1.0,0.0,0.6755270394133822
41.0,3.0,10.0,0.6,0.1,0.6,2.0,1091.0,1.0,0.0,0.6764436296975253
41.0,3.0,11.0,0.6,0.1,0.6,2.0,1085.0,1.0,0.0,0.6764976958525346
41.0,3.0,12.0,0.6,0.1,0.6,2.0,1081.0,1.0,0.0,0.6743755781683626
41.0,3.0,13.0,0.6,0.1,0.6,2.0,1073.0,1.0,0.0,0.67381174277726
41.0,3.0,14.0,0.6,0.1,0.6,2.0,1071.0,1.0,0.0,0.673202614379085
41.0,3.0,15.0,0.6,0.1,0.6,2.0,1052.0,1.0,0.0,0.6758555133079848
41.0,3.0,16.0,0.6,0.1,0.6,2.0,1037.0,1.0,0.0,0.6759884281581485
41.0,3.0,17.0,0.6,0.1,0.6,2.0,1033.0,1.0,0.0,0.675701839303001
41.0,3.0,18.0,0.6,0.1,0.6,2.0,1022.0,1.0,0.0,0.678082191780822
41.0,3.0,19.0,0.6,0.1,0.6,2.0,1005.0,1.0,1.0,0.6756218905472637
41.0,3.0,20.0,0.6,0.1,0.6,2.0,1831.0,1.0,1.0,0.3648279628618241
41.0,3.0,21.0,0.6,0.1,0.6,2.0,1769.0,8.0,1.0,0.36743923120407007
41.0,3.0,22.0,0.6,0.1,0.6,2.0,1689.0,9.0,2.0,0.3724097098875074
41.0,3.0,23.0,0.6,0.1,0.6,2.0,1618.0,15.0,2.0,0.37453646477132263
41.0,3.0,24.0,0.6,0.1,0.6,2.0,1581.0,24.0,4.0,0.3757115749525617
41.0,3.0,25.0,0.6,0.1,0.6,2.0,1526.0,23.0,6.0,0.37876802096985585
41.0,3.0,26.0,0.6,0.1,0.6,2.0,1498.0,23.0,11.0,0.3771695594125501
41.0,3.0,27.0,0.6,0.1,0.6,2.0,1460.0,24.0,12.0,0.3815068493150685
41.0,3.0,28.0,0.6,0.1,0.6,2.0,1429.0,25.0,14.0,0.3834849545136459
41.0,3.0,29.0,0.6,0.1,0.6,2.0,1386.0,24.0,13.0,0.38311688311688313
41.0,3.0,30.0,0.6,0.1,0.6,2.0,1283.0,18.0,7.0,0.38659392049883085
41.0,3.0,31.0,0.6,0.1,0.6,2.0,1271.0,27.0,10.0,0.3894571203776554
41.0,3.0,32.0,0.6,0.1,0.6,2.0,1231.0,26.0,9.0,0.3891145410235581
41.0,3.0,33.0,0.6,0.1,0.6,2.0,1203.0,28.0,11.0,0.3948462177888612
41.0,3.0,34.0,0.6,0.1,0.6,2.0,1167.0,24.0,8.0,0.3976006855184233
41.0,3.0,35.0,0.6,0.1,0.6,2.0,1144.0,27.0,11.0,0.4012237762237762
41.0,3.0,36.0,0.6,0.1,0.6,2.0,1127.0,20.0,9.0,0.4028393966282165
41.0,3.0,37.0,0.6,0.1,0.6,2.0,1105.0,13.0,9.0,0.4063348416289593
41.0,3.0,38.0,0.6,0.1,0.6,2.0,1101.0,15.0,8.0,0.40417801998183467
41.0,3.0,39.0,0.6,0.1,0.6,2.0,1069.0,15.0,5.0,0.4097287184284378
41.0,3.0,40.0,0.6,0.1,0.6,2.0,1074.0,14.0,2.0,0.40782122905027934
41.0,3.0,41.0,0.6,0.1,0.6,2.0,1051.0,12.0,4.0,0.41294005708848713
41.0,3.0,42.0,0.6,0.1,0.6,2.0,1033.0,17.0,11.0,0.4143272023233301
41.0,3.0,43.0,0.6,0.1,0.6,2.0,995.0,17.0,9.0,0.4150753768844221
41.0,3.0,44.0,0.6,0.1,0.6,2.0,982.0,14.0,9.0,0.4154786150712831
41.0,3.0,45.0,0.6,0.1,0.6,2.0,960.0,7.0,4.0,0.6447916666666667
41.0,3.0,46.0,0.6,0.1,0.6,2.0,935.0,7.0,6.0,0.6470588235294118
41.0,3.0,47.0,0.6,0.1,0.6,2.0,932.0,5.0,4.0,0.6469957081545065
41.0,3.0,48.0,0.6,0.1,0.6,2.0,916.0,4.0,2.0,0.6473799126637555
41.0,3.0,49.0,0.6,0.1,0.6,2.0,903.0,2.0,1.0,0.6478405315614618
41.0,3.0,50.0,0.6,0.1,0.6,2.0,893.0,2.0,1.0,0.6472564389697648
41.0,3.0,51.0,0.6,0.1,0.6,2.0,888.0,2.0,1.0,0.6441441441441441
41.0,3.0,52.0,0.6,0.1,0.6,2.0,877.0,1.0,1.0,0.6442417331812998
41.0,4.0,1.0,0.6,0.1,0.6,2.0,876.0,1.0,1.0,0.6449771689497716
41.0,4.0,2.0,0.6,0.1,0.6,2.0,864.0,1.0,1.0,0.6435185185185185
41.0,4.0,3.0,0.6,0.1,0.6,2.0,853.0,0.0,0.0,0.6412661195779601
41.0,4.0,4.0,0.6,0.1,0.6,2.0,850.0,0.0,0.0,0.6411764705882353
41.0,4.0,5.0,0.6,0.1,0.6,2.0,841.0,0.0,0.0,0.6397146254458977
41.0,4.0,6.0,0.6,0.1,0.6,2.0,833.0,0.0,0.0,0.6386554621848739
41.0,4.0,7.0,0.6,0.1,0.6,2.0,829.0,0.0,0.0,0.6369119420989143
41.0,4.0,8.0,0.6,0.1,0.6,2.0,820.0,0.0,0.0,0.6365853658536585
41.0,4.0,9.0,0.6,0.1,0.6,2.0,818.0,0.0,0.0,0.636919315403423
41.0,4.0,10.0,0.6,0.1,0.6,2.0,811.0,0.0,0.0,0.6362515413070283
41.0,4.0,11.0,0.6,0.1,0.6,2.0,810.0,0.0,0.0,0.6358024691358025
41.0,4.0,12.0,0.6,0.1,0.6,2.0,801.0,0.0,0.0,0.6329588014981273
41.0,4.0,13.0,0.6,0.1,0.6,2.0,804.0,0.0,0.0,0.6318407960199005
41.0,4.0,14.0,0.6,0.1,0.6,2.0,780.0,0.0,0.0,0.6333333333333333
41.0,4.0,15.0,0.6,0.1,0.6,2.0,781.0,0.0,0.0,0.6338028169014085
41.0,4.0,16.0,0.6,0.1,0.6,2.0,775.0,0.0,0.0,0.6335483870967742
41.0,4.0,17.0,0.6,0.1,0.6,2.0,758.0,0.0,0.0,0.633245382585752
41.0,4.0,18.0,0.6,0.1,0.6,2.0,755.0,0.0,0.0,0.6317880794701987
41.0,4.0,19.0,0.6,0.1,0.6,2.0,757.0,0.0,0.0,0.6327608982826949
41.0,4.0,20.0,0.6,0.1,0.6,2.0,1304.0,0.0,0.0,0.3642638036809816
41.0,4.0,21.0,0.6,0.1,0.6,2.0,1305.0,0.0,0.0,0.36475095785440614
41.0,4.0,22.0,0.6,0.1,0.6,2.0,1283.0,0.0,0.0,0.36321122369446607
41.0,4.0,23.0,0.6,0.1,0.6,2.0,1270.0,0.0,0.0,0.3669291338582677
41.0,4.0,24.0,0.6,0.1,0.6,2.0,1223.0,0.0,0.0,0.36467702371218313
41.0,4.0,25.0,0.6,0.1,0.6,2.0,1222.0,0.0,0.0,0.3641571194762684
41.0,4.0,26.0,0.6,0.1,0.6,2.0,1187.0,0.0,0.0,0.36478517270429656
41.0,4.0,27.0,0.6,0.1,0.6,2.0,1164.0,0.0,0.0,0.36597938144329895
41.0,4.0,28.0,0.6,0.1,0.6,2.0,1117.0,0.0,0.0,0.36615935541629363
41.0,4.0,29.0,0.6,0.1,0.6,2.0,1089.0,0.0,0.0,0.36363636363636365
41.0,4.0,30.0,0.6,0.1,0.6,2.0,1016.0,0.0,0.0,0.3700787401574803
41.0,4.0,31.0,0.6,0.1,0.6,2.0,993.0,0.0,0.0,0.364551863041289
41.0,4.0,32.0,0.6,0.1,0.6,2.0,961.0,0.0,0.0,0.36420395421436
41.0,4.0,33.0,0.6,0.1,0.6,2.0,936.0,0.0,0.0,0.36752136752136755
41.0,4.0,34.0,0.6,0.1,0.6,2.0,914.0,0.0,0.0,0.3730853391684901
41.0,4.0,35.0,0.6,0.1,0.6,2.0,887.0,0.0,0.0,0.3742953776775648
41.0,4.0,36.0,0.6,0.1,0.6,2.0,849.0,0.0,0.0,0.37691401648998824
41.0,4.0,37.0,0.6,0.1,0.6,2.0,841.0,0.0,0.0,0.375743162901308
41.0,4.0,38.0,0.6,0.1,0.6,2.0,823.0,0.0,0.0,0.38153098420413123
41.0,4.0,39.0,0.6,0.1,0.6,2.0,827.0,0.0,0.0,0.3784764207980653
41.0,4.0,40.0,0.6,0.1,0.6,2.0,790.0,0.0,0.0,0.379746835443038
41.0,4.0,41.0,0.6,0.1,0.6,2.0,790.0,0.0,0.0,0.37848101265822787
41.0,4.0,42.0,0.6,0.1,0.6,2.0,779.0,0.0,0.0,0.37869062901155326
41.0,4.0,43.0,0.6,0.1,0.6,2.0,764.0,0.0,0.0,0.38089005235602097
41.0,4.0,44.0,0.6,0.1,0.6,2.0,727.0,0.0,0.0,0.3810178817056396
41.0,4.0,45.0,0.6,0.1,0.6,2.0,722.0,0.0,0.0,0.6481994459833795
41.0,4.0,46.0,0.6,0.1,0.6,2.0,720.0,0.0,0.0,0.6486111111111111
41.0,4.0,47.0,0.6,0.1,0.6,2.0,716.0,0.0,0.0,0.6508379888268156
41.0,4.0,48.0,0.6,0.1,0.6,2.0,709.0,0.0,0.0,0.6473906911142454
41.0,4.0,49.0,0.6,0.1,0.6,2.0,706.0,0.0,0.0,0.6487252124645893
41.0,4.0,50.0,0.6,0.1,0.6,2.0,706.0,0.0,0.0,0.6458923512747875
41.0,4.0,51.0,0.6,0.1,0.6,2.0,694.0,0.0,0.0,0.6455331412103746
41.0,4.0,52.0,0.6,0.1,0.6,2.0,696.0,0.0,0.0,0.6436781609195402
41.0,5.0,1.0,0.6,0.1,0.6,2.0,677.0,0.0,0.0,0.6425406203840472
41.0,5.0,2.0,0.6,0.1,0.6,2.0,676.0,0.0,0.0,0.6405325443786982
41.0,5.0,3.0,0.6,0.1,0.6,2.0,671.0,0.0,0.0,0.6423248882265276
41.0,5.0,4.0,0.6,0.1,0.6,2.0,673.0,0.0,0.0,0.6419019316493314
41.0,5.0,5.0,0.6,0.1,0.6,2.0,656.0,0.0,0.0,0.6417682926829268
41.0,5.0,6.0,0.6,0.1,0.6,2.0,656.0,0.0,0.0,0.6402439024390244
41.0,5.0,7.0,0.6,0.1,0.6,2.0,652.0,0.0,0.0,0.6426380368098159
41.0,5.0,8.0,0.6,0.1,0.6,2.0,638.0,0.0,0.0,0.6394984326018809
41.0,5.0,9.0,0.6,0.1,0.6,2.0,637.0,0.0,0.0,0.640502354788069
41.0,5.0,10.0,0.6,0.1,0.6,2.0,634.0,0.0,0.0,0.6403785488958991
41.0,5.0,11.0,0.6,0.1,0.6,2.0,630.0,0.0,0.0,0.6460317460317461
41.0,5.0,12.0,0.6,0.1,0.6,2.0,624.0,0.0,0.0,0.6458333333333334
41.0,5.0,13.0,0.6,0.1,0.6,2.0,624.0,0.0,0.0,0.6458333333333334
41.0,5.0,14.0,0.6,0.1,0.6,2.0,619.0,0.0,0.0,0.6445880452342488
41.0,5.0,15.0,0.6,0.1,0.6,2.0,599.0,0.0,0.0,0.6460767946577629
41.0,5.0,16.0,0.6,0.1,0.6,2.0,596.0,0.0,0.0,0.6442953020134228
41.0,5.0,17.0,0.6,0.1,0.6,2.0,586.0,0.0,0.0,0.6450511945392492
41.0,5.0,18.0,0.6,0.1,0.6,2.0,583.0,0.0,0.0,0.6432246998284734
41.0,5.0,19.0,0.6,0.1,0.6,2.0,584.0,0.0,0.0,0.6455479452054794
41.0,5.0,20.0,0.6,0.1,0.6,2.0,1026.0,0.0,0.0,0.361598440545809
41.0,5.0,21.0,0.6,0.1,0.6,2.0,1031.0,0.0,0.0,0.36372453928225024
41.0,5.0,22.0,0.6,0.1,0.6,2.0,998.0,0.0,0.0,0.3637274549098196
41.0,5.0,23.0,0.6,0.1,0.6,2.0,980.0,0.0,0.0,0.3683673469387755
41.0,5.0,24.0,0.6,0.1,0.6,2.0,981.0,0.0,0.0,0.3669724770642202
41.0,5.0,25.0,0.6,0.1,0.6,2.0,919.0,0.0,0.0,0.3797606093579978
41.0,5.0,26.0,0.6,0.1,0.6,2.0,906.0,0.0,0.0,0.38079470198675497
41.0,5.0,27.0,0.6,0.1,0.6,2.0,879.0,0.0,0.0,0.3833902161547213
41.0,5.0,28.0,0.6,0.1,0.6,2.0,843.0,0.0,0.0,0.3926453143534994
41.0,5.0,29.0,0.6,0.1,0.6,2.0,834.0,0.0,0.0,0.39448441247002397
41.0,5.0,30.0,0.6,0.1,0.6,2.0,804.0,0.0,0.0,0.3917910447761194
41.0,5.0,31.0,0.6,0.1,0.6,2.0,793.0,0.0,0.0,0.39596469104665827
41.0,5.0,32.0,0.6,0.1,0.6,2.0,792.0,0.0,0.0,0.3939393939393939
41.0,5.0,33.0,0.6,0.1,0.6,2.0,762.0,0.0,0.0,0.3963254593175853
41.0,5.0,34.0,0.6,0.1,0.6,2.0,738.0,0.0,0.0,0.3970189701897019
41.0,5.0,35.0,0.6,0.1,0.6,2.0,726.0,0.0,0.0,0.39807162534435264
41.0,5.0,36.0,0.6,0.1,0.6,2.0,703.0,0.0,0.0,0.40256045519203415
41.0,5.0,37.0,0.6,0.1,0.6,2.0,685.0,0.0,0.0,0.40875912408759124
41.0,5.0,38.0,0.6,0.1,0.6,2.0,686.0,0.0,0.0,0.40816326530612246
41.0,5.0,39.0,0.6,0.1,0.6,2.0,681.0,0.0,0.0,0.40969162995594716
41.0,5.0,40.0,0.6,0.1,0.6,2.0,669.0,0.0,0.0,0.40956651718983555
41.0,5.0,41.0,0.6,0.1,0.6,2.0,657.0,0.0,0.0,0.4124809741248097
41.0,5.0,42.0,0.6,0.1,0.6,2.0,644.0,0.0,0.0,0.41459627329192544
41.0,5.0,43.0,0.6,0.1,0.6,2.0,619.0,0.0,0.0,0.4135702746365105
41.0,5.0,44.0,0.6,0.1,0.6,2.0,619.0,0.0,0.0,0.41195476575121165
41.0,5.0,45.0,0.6,0.1,0.6,2.0,596.0,0.0,0.0,0.6694630872483222
41.0,5.0,46.0,0.6,0.1,0.6,2.0,567.0,0.0,0.0,0.6649029982363316
41.0,5.0,47.0,0.6,0.1,0.6,2.0,560.0,0.0,0.0,0.6660714285714285
41.0,5.0,48.0,0.6,0.1,0.6,2.0,552.0,0.0,0.0,0.6612318840579711
41.0,5.0,49.0,0.6,0.1,0.6,2.0,547.0,0.0,0.0,0.6636197440585009
41.0,5.0,50.0,0.6,0.1,0.6,2.0,550.0,0.0,0.0,0.6618181818181819
41.0,5.0,51.0,0.6,0.1,0.6,2.0,545.0,0.0,0.0,0.6623853211009174
41.0,5.0,52.0,0.6,0.1,0.6,2.0,545.0,0.0,0.0,0.6587155963302752
41.0,6.0,1.0,0.6,0.1,0.6,2.0,542.0,0.0,0.0,0.6623616236162362
41.0,6.0,2.0,0.6,0.1,0.6,2.0,542.0,0.0,0.0,0.6586715867158671
41.0,6.0,3.0,0.6,0.1,0.6,2.0,541.0,0.0,0.0,0.6617375231053605
41.0,6.0,4.0,0.6,0.1,0.6,2.0,528.0,0.0,0.0,0.6571969696969697
41.0,6.0,5.0,0.6,0.1,0.6,2.0,525.0,0.0,0.0,0.660952380952381
41.0,6.0,6.0,0.6,0.1,0.6,2.0,523.0,0.0,0.0,0.655831739961759
41.0,6.0,7.0,0.6,0.1,0.6,2.0,512.0,0.0,0.0,0.6640625
41.0,6.0,8.0,0.6,0.1,0.6,2.0,506.0,0.0,0.0,0.6600790513833992
41.0,6.0,9.0,0.6,0.1,0.6,2.0,506.0,0.0,0.0,0.6679841897233202
41.0,6.0,10.0,0.6,0.1,0.6,2.0,503.0,0.0,0.0,0.6620278330019881
41.0,6.0,11.0,0.6,0.1,0.6,2.0,502.0,0.0,0.0,0.6713147410358565
41.0,6.0,12.0,0.6,0.1,0.6,2.0,500.0,0.0,0.0,0.664
41.0,6.0,13.0,0.6,0.1,0.6,2.0,501.0,0.0,0.0,0.6726546906187625
41.0,6.0,14.0,0.6,0.1,0.6,2.0,498.0,0.0,0.0,0.6666666666666666
41.0,6.0,15.0,0.6,0.1,0.6,2.0,497.0,0.0,0.0,0.6740442655935613
41.0,6.0,16.0,0.6,0.1,0.6,2.0,482.0,0.0,0.0,0.6721991701244814
41.0,6.0,17.0,0.6,0.1,0.6,2.0,483.0,0.0,0.0,0.6790890269151139
41.0,6.0,18.0,0.6,0.1,0.6,2.0,481.0,0.0,0.0,0.6694386694386695
41.0,6.0,19.0,0.6,0.1,0.6,2.0,481.0,0.0,0.0,0.6777546777546778
41.0,6.0,20.0,0.6,0.1,0.6,2.0,866.0,0.0,0.0,0.371824480369515
41.0,6.0,21.0,0.6,0.1,0.6,2.0,863.0,0.0,0.0,0.3765932792584009
41.0,6.0,22.0,0.6,0.1,0.6,2.0,821.0,0.0,0.0,0.37271619975639464
41.0,6.0,23.0,0.6,0.1,0.6,2.0,831.0,0.0,0.0,0.3730445246690734
41.0,6.0,24.0,0.6,0.1,0.6,2.0,800.0,0.0,0.0,0.37625
41.0,6.0,25.0,0.6,0.1,0.6,2.0,791.0,0.0,0.0,0.3805309734513274
41.0,6.0,26.0,0.6,0.1,0.6,2.0,780.0,0.0,0.0,0.37948717948717947
41.0,6.0,27.0,0.6,0.1,0.6,2.0,776.0,0.0,0.0,0.38402061855670105
41.0,6.0,28.0,0.6,0.1,0.6,2.0,766.0,0.0,0.0,0.3838120104438642
41.0,6.0,29.0,0.6,0.1,0.6,2.0,757.0,0.0,0.0,0.38837516512549536
41.0,6.0,30.0,0.6,0.1,0.6,2.0,729.0,0.0,0.0,0.38545953360768176
41.0,6.0,31.0,0.6,0.1,0.6,2.0,738.0,0.0,0.0,0.3861788617886179
41.0,6.0,32.0,0.6,0.1,0.6,2.0,727.0,0.0,0.0,0.38651994497936726
41.0,6.0,33.0,0.6,0.1,0.6,2.0,738.0,0.0,0.0,0.3861788617886179
41.0,6.0,34.0,0.6,0.1,0.6,2.0,728.0,0.0,0.0,0.385989010989011
41.0,6.0,35.0,0.6,0.1,0.6,2.0,729.0,0.0,0.0,0.38271604938271603
41.0,6.0,36.0,0.6,0.1,0.6,2.0,710.0,0.0,0.0,0.38309859154929576
41.0,6.0,37.0,0.6,0.1,0.6,2.0,721.0,0.0,0.0,0.3841886269070735
41.0,6.0,38.0,0.6,0.1,0.6,2.0,682.0,0.0,0.0,0.38563049853372433
41.0,6.0,39.0,0.6,0.1,0.6,2.0,685.0,0.0,0.0,0.3883211678832117
41.0,6.0,40.0,0.6,0.1,0.6,2.0,629.0,0.0,0.0,0.3942766295707472
41.0,6.0,41.0,0.6,0.1,0.6,2.0,632.0,0.0,0.0,0.3939873417721519
41.0,6.0,42.0,0.6,0.1,0.6,2.0,626.0,0.0,0.0,0.3913738019169329
41.0,6.0,43.0,0.6,0.1,0.6,2.0,615.0,0.0,0.0,0.3934959349593496
41.0,6.0,44.0,0.6,0.1,0.6,2.0,610.0,0.0,0.0,0.3918032786885246
41.0,6.0,45.0,0.6,0.1,0.6,2.0,601.0,0.0,0.0,0.6356073211314476
41.0,6.0,46.0,0.6,0.1,0.6,2.0,592.0,0.0,0.0,0.6385135135135135
41.0,6.0,47.0,0.6,0.1,0.6,2.0,596.0,0.0,0.0,0.639261744966443
41.0,6.0,48.0,0.6,0.1,0.6,2.0,586.0,0.0,0.0,0.6382252559726962
41.0,6.0,49.0,0.6,0.1,0.6,2.0,574.0,0.0,0.0,0.6480836236933798
41.0,6.0,50.0,0.6,0.1,0.6,2.0,568.0,0.0,0.0,0.6461267605633803
41.0,6.0,51.0,0.6,0.1,0.6,2.0,573.0,0.0,0.0,0.6457242582897034
41.0,6.0,52.0,0.6,0.1,0.6,2.0,552.0,0.0,0.0,0.644927536231884
41.0,7.0,1.0,0.6,0.1,0.6,2.0,558.0,0.0,0.0,0.6469534050179212
41.0,7.0,2.0,0.6,0.1,0.6,2.0,546.0,0.0,0.0,0.6446886446886447
41.0,7.0,3.0,0.6,0.1,0.6,2.0,554.0,0.0,0.0,0.644404332129964
41.0,7.0,4.0,0.6,0.1,0.6,2.0,531.0,0.0,0.0,0.6440677966101694
41.0,7.0,5.0,0.6,0.1,0.6,2.0,536.0,0.0,0.0,0.6455223880597015
41.0,7.0,6.0,0.6,0.1,0.6,2.0,498.0,0.0,0.0,0.6465863453815262
41.0,7.0,7.0,0.6,0.1,0.6,2.0,504.0,0.0,0.0,0.6468253968253969
41.0,7.0,8.0,0.6,0.1,0.6,2.0,494.0,0.0,0.0,0.6497975708502024
41.0,7.0,9.0,0.6,0.1,0.6,2.0,485.0,0.0,0.0,0.6494845360824743
41.0,7.0,10.0,0.6,0.1,0.6,2.0,478.0,0.0,0.0,0.6485355648535565
41.0,7.0,11.0,0.6,0.1,0.6,2.0,482.0,0.0,0.0,0.6514522821576764
41.0,7.0,12.0,0.6,0.1,0.6,2.0,475.0,0.0,0.0,0.6463157894736842
41.0,7.0,13.0,0.6,0.1,0.6,2.0,462.0,0.0,0.0,0.6515151515151515
41.0,7.0,14.0,0.6,0.1,0.6,2.0,457.0,0.0,0.0,0.6455142231947484
41.0,7.0,15.0,0.6,0.1,0.6,2.0,460.0,0.0,0.0,0.6521739130434783
41.0,7.0,16.0,0.6,0.1,0.6,2.0,456.0,0.0,0.0,0.6469298245614035
41.0,7.0,17.0,0.6,0.1,0.6,2.0,458.0,0.0,0.0,0.6528384279475983
41.0,7.0,18.0,0.6,0.1,0.6,2.0,444.0,0.0,0.0,0.6554054054054054
41.0,7.0,19.0,0.6,0.1,0.6,2.0,446.0,0.0,0.0,0.6614349775784754
41.0,7.0,20.0,0.6,0.1,0.6,2.0,798.0,0.0,0.0,0.35463659147869675
41.0,7.0,21.0,0.6,0.1,0.6,2.0,784.0,0.0,0.0,0.35331632653061223
41.0,7.0,22.0,0.6,0.1,0.6,2.0,761.0,0.0,0.0,0.35348226018396844
41.0,7.0,23.0,0.6,0.1,0.6,2.0,754.0,0.0,0.0,0.35278514588859416
41.0,7.0,24.0,0.6,0.1,0.6,2.0,725.0,0.0,0.0,0.3503448275862069
41.0,7.0,25.0,0.6,0.1,0.6,2.0,716.0,0.0,0.0,0.34916201117318435
41.0,7.0,26.0,0.6,0.1,0.6,2.0,659.0,0.0,0.0,0.3520485584218513
41.0,7.0,27.0,0.6,0.1,0.6,2.0,659.0,0.0,0.0,0.3535660091047041
41.0,7.0,28.0,0.6,0.1,0.6,2.0,600.0,0.0,0.0,0.36
41.0,7.0,29.0,0.6,0.1,0.6,2.0,615.0,0.0,0.0,0.35772357723577236
41.0,7.0,30.0,0.6,0.1,0.6,2.0,598.0,0.0,0.0,0.3595317725752508
41.0,7.0,31.0,0.6,0.1,0.6,2.0,592.0,0.0,0.0,0.3597972972972973
41.0,7.0,32.0,0.6,0.1,0.6,2.0,571.0,0.0,0.0,0.3660245183887916
41.0,7.0,33.0,0.6,0.1,0.6,2.0,552.0,0.0,0.0,0.3677536231884058
41.0,7.0,34.0,0.6,0.1,0.6,2.0,558.0,0.0,0.0,0.3655913978494624
41.0,7.0,35.0,0.6,0.1,0.6,2.0,552.0,0.0,0.0,0.3677536231884058
41.0,7.0,36.0,0.6,0.1,0.6,2.0,558.0,0.0,0.0,0.3655913978494624
41.0,7.0,37.0,0.6,0.1,0.6,2.0,550.0,0.0,0.0,0.3654545454545455
41.0,7.0,38.0,0.6,0.1,0.6,2.0,556.0,0.0,0.0,0.36330935251798563
41.0,7.0,39.0,0.6,0.1,0.6,2.0,550.0,0.0,0.0,0.3654545454545455
41.0,7.0,40.0,0.6,0.1,0.6,2.0,555.0,0.0,0.0,0.3621621621621622
41.0,7.0,41.0,0.6,0.1,0.6,2.0,548.0,0.0,0.0,0.36496350364963503
41.0,7.0,42.0,0.6,0.1,0.6,2.0,555.0,0.0,0.0,0.3621621621621622
41.0,7.0,43.0,0.6,0.1,0.6,2.0,533.0,0.0,0.0,0.36585365853658536
41.0,7.0,44.0,0.6,0.1,0.6,2.0,540.0,0.0,0.0,0.362962962962963
41.0,7.0,45.0,0.6,0.1,0.6,2.0,534.0,0.0,0.0,0.601123595505618
41.0,7.0,46.0,0.6,0.1,0.6,2.0,539.0,0.0,0.0,0.6029684601113172
41.0,7.0,47.0,0.6,0.1,0.6,2.0,535.0,0.0,0.0,0.6037383177570094
41.0,7.0,48.0,0.6,0.1,0.6,2.0,539.0,0.0,0.0,0.6029684601113172
41.0,7.0,49.0,0.6,0.1,0.6,2.0,535.0,0.0,0.0,0.6037383177570094
41.0,7.0,50.0,0.6,0.1,0.6,2.0,537.0,0.0,0.0,0.6052141527001862
41.0,7.0,51.0,0.6,0.1,0.6,2.0,536.0,0.0,0.0,0.6044776119402985
41.0,7.0,52.0,0.6,0.1,0.6,2.0,536.0,0.0,0.0,0.6063432835820896
41.0,8.0,1.0,0.6,0.1,0.6,2.0,534.0,0.0,0.0,0.6048689138576779
41.0,8.0,2.0,0.6,0.1,0.6,2.0,535.0,0.0,0.0,0.6056074766355141
41.0,8.0,3.0,0.6,0.1,0.6,2.0,534.0,0.0,0.0,0.6048689138576779
41.0,8.0,4.0,0.6,0.1,0.6,2.0,533.0,0.0,0.0,0.6060037523452158
41.0,8.0,5.0,0.6,0.1,0.6,2.0,533.0,0.0,0.0,0.6060037523452158
41.0,8.0,6.0,0.6,0.1,0.6,2.0,518.0,0.0,0.0,0.6081081081081081
41.0,8.0,7.0,0.6,0.1,0.6,2.0,517.0,0.0,0.0,0.6073500967117988
41.0,8.0,8.0,0.6,0.1,0.6,2.0,514.0,0.0,0.0,0.6128404669260701
41.0,8.0,9.0,0.6,0.1,0.6,2.0,495.0,0.0,0.0,0.6161616161616161
41.0,8.0,10.0,0.6,0.1,0.6,2.0,493.0,0.0,0.0,0.6146044624746451
41.0,8.0,11.0,0.6,0.1,0.6,2.0,495.0,0.0,0.0,0.6161616161616161
41.0,8.0,12.0,0.6,0.1,0.6,2.0,491.0,0.0,0.0,0.615071283095723
41.0,8.0,13.0,0.6,0.1,0.6,2.0,489.0,0.0,0.0,0.6175869120654397
41.0,8.0,14.0,0.6,0.1,0.6,2.0,487.0,0.0,0.0,0.6201232032854209
41.0,8.0,15.0,0.6,0.1,0.6,2.0,487.0,0.0,0.0,0.6201232032854209
41.0,8.0,16.0,0.6,0.1,0.6,2.0,486.0,0.0,0.0,0.6213991769547325
41.0,8.0,17.0,0.6,0.1,0.6,2.0,486.0,0.0,0.0,0.6213991769547325
41.0,8.0,18.0,0.6,0.1,0.6,2.0,486.0,0.0,0.0,0.6213991769547325
41.0,8.0,19.0,0.6,0.1,0.6,2.0,485.0,0.0,0.0,0.622680412371134
41.0,8.0,20.0,0.6,0.1,0.6,2.0,940.0,0.0,0.0,0.32127659574468087
41.0,8.0,21.0,0.6,0.1,0.6,2.0,927.0,0.0,0.0,0.3225458468176915
41.0,8.0,22.0,0.6,0.1,0.6,2.0,929.0,0.0,0.0,0.3218514531754575
41.0,8.0,23.0,0.6,0.1,0.6,2.0,901.0,0.0,0.0,0.32297447280799113
41.0,8.0,24.0,0.6,0.1,0.6,2.0,875.0,0.0,0.0,0.3222857142857143
41.0,8.0,25.0,0.6,0.1,0.6,2.0,863.0,0.0,0.0,0.3267670915411356
41.0,8.0,26.0,0.6,0.1,0.6,2.0,837.0,0.0,0.0,0.32855436081242534
41.0,8.0,27.0,0.6,0.1,0.6,2.0,831.0,0.0,0.0,0.3309265944645006
41.0,8.0,28.0,0.6,0.1,0.6,2.0,823.0,0.0,0.0,0.33171324422843257
41.0,8.0,29.0,0.6,0.1,0.6,2.0,791.0,0.0,0.0,0.33754740834386854
41.0,8.0,30.0,0.6,0.1,0.6,2.0,764.0,0.0,0.0,0.3390052356020942
41.0,8.0,31.0,0.6,0.1,0.6,2.0,736.0,0.0,0.0,0.3423913043478261
41.0,8.0,32.0,0.6,0.1,0.6,2.0,724.0,0.0,0.0,0.34668508287292815
41.0,8.0,33.0,0.6,0.1,0.6,2.0,718.0,0.0,0.0,0.34958217270194986
41.0,8.0,34.0,0.6,0.1,0.6,2.0,724.0,0.0,0.0,0.34668508287292815
41.0,8.0,35.0,0.6,0.1,0.6,2.0,682.0,0.0,0.0,0.35043988269794724
41.0,8.0,36.0,0.6,0.1,0.6,2.0,688.0,0.0,0.0,0.34738372093023256
41.0,8.0,37.0,0.6,0.1,0.6,2.0,671.0,0.0,0.0,0.3561847988077496
41.0,8.0,38.0,0.6,0.1,0.6,2.0,663.0,0.0,0.0,0.3514328808446455
41.0,8.0,39.0,0.6,0.1,0.6,2.0,657.0,0.0,0.0,0.3561643835616438
41.0,8.0,40.0,0.6,0.1,0.6,2.0,663.0,0.0,0.0,0.3514328808446455
41.0,8.0,41.0,0.6,0.1,0.6,2.0,658.0,0.0,0.0,0.3556231003039514
41.0,8.0,42.0,0.6,0.1,0.6,2.0,663.0,0.0,0.0,0.3514328808446455
41.0,8.0,43.0,0.6,0.1,0.6,2.0,647.0,0.0,0.0,0.3554868624420402
41.0,8.0,44.0,0.6,0.1,0.6,2.0,638.0,0.0,0.0,0.3557993730407524
41.0,8.0,45.0,0.6,0.1,0.6,2.0,636.0,0.0,0.0,0.5974842767295597
41.0,8.0,46.0,0.6,0.1,0.6,2.0,624.0,0.0,0.0,0.6073717948717948
41.0,8.0,47.0,0.6,0.1,0.6,2.0,606.0,0.0,0.0,0.6039603960396039
41.0,8.0,48.0,0.6,0.1,0.6,2.0,611.0,0.0,0.0,0.602291325695581
41.0,8.0,49.0,0.6,0.1,0.6,2.0,604.0,0.0,0.0,0.6026490066225165
41.0,8.0,50.0,0.6,0.1,0.6,2.0,596.0,0.0,0.0,0.6057046979865772
41.0,8.0,51.0,0.6,0.1,0.6,2.0,595.0,0.0,0.0,0.6033613445378151
41.0,8.0,52.0,0.6,0.1,0.6,2.0,578.0,0.0,0.0,0.6072664359861591
41.0,9.0,1.0,0.6,0.1,0.6,2.0,559.0,0.0,0.0,0.6082289803220036
41.0,9.0,2.0,0.6,0.1,0.6,2.0,565.0,0.0,0.0,0.6106194690265486
41.0,9.0,3.0,0.6,0.1,0.6,2.0,559.0,0.0,0.0,0.6064400715563506
41.0,9.0,4.0,0.6,0.1,0.6,2.0,565.0,0.0,0.0,0.6106194690265486
41.0,9.0,5.0,0.6,0.1,0.6,2.0,558.0,0.0,0.0,0.6075268817204301
41.0,9.0,6.0,0.6,0.1,0.6,2.0,565.0,0.0,0.0,0.6106194690265486
41.0,9.0,7.0,0.6,0.1,0.6,2.0,557.0,0.0,0.0,0.6068222621184919
41.0,9.0,8.0,0.6,0.1,0.6,2.0,563.0,0.0,0.0,0.61101243339254
41.0,9.0,9.0,0.6,0.1,0.6,2.0,558.0,0.0,0.0,0.6057347670250897
41.0,9.0,10.0,0.6,0.1,0.6,2.0,563.0,0.0,0.0,0.61101243339254
41.0,9.0,11.0,0.6,0.1,0.6,2.0,557.0,0.0,0.0,0.6050269299820467
41.0,9.0,12.0,0.6,0.1,0.6,2.0,561.0,0.0,0.0,0.6114081996434938
41.0,9.0,13.0,0.6,0.1,0.6,2.0,553.0,0.0,0.0,0.6075949367088608
41.0,9.0,14.0,0.6,0.1,0.6,2.0,559.0,0.0,0.0,0.6135957066189625
41.0,9.0,15.0,0.6,0.1,0.6,2.0,552.0,0.0,0.0,0.6086956521739131
41.0,9.0,16.0,0.6,0.1,0.6,2.0,558.0,0.0,0.0,0.6146953405017921
41.0,9.0,17.0,0.6,0.1,0.6,2.0,552.0,0.0,0.0,0.6086956521739131
41.0,9.0,18.0,0.6,0.1,0.6,2.0,557.0,0.0,0.0,0.6157989228007181
41.0,9.0,19.0,0.6,0.1,0.6,2.0,551.0,0.0,0.0,0.6098003629764065
41.0,9.0,20.0,0.6,0.1,0.6,2.0,1000.0,0.0,0.0,0.326
41.0,9.0,21.0,0.6,0.1,0.6,2.0,954.0,0.0,0.0,0.330188679245283
41.0,9.0,22.0,0.6,0.1,0.6,2.0,950.0,0.0,0.0,0.33473684210526317
41.0,9.0,23.0,0.6,0.1,0.6,2.0,915.0,0.0,0.0,0.3333333333333333
41.0,9.0,24.0,0.6,0.1,0.6,2.0,922.0,0.0,0.0,0.33731019522776573
41.0,9.0,25.0,0.6,0.1,0.6,2.0,865.0,0.0,0.0,0.34335260115606936
41.0,9.0,26.0,0.6,0.1,0.6,2.0,828.0,0.0,0.0,0.3526570048309179
41.0,9.0,27.0,0.6,0.1,0.6,2.0,801.0,0.0,0.0,0.3533083645443196
41.0,9.0,28.0,0.6,0.1,0.6,2.0,796.0,0.0,0.0,0.3592964824120603
41.0,9.0,29.0,0.6,0.1,0.6,2.0,759.0,0.0,0.0,0.36363636363636365
41.0,9.0,30.0,0.6,0.1,0.6,2.0,755.0,0.0,0.0,0.3695364238410596
41.0,9.0,31.0,0.6,0.1,0.6,2.0,748.0,0.0,0.0,0.3649732620320856
41.0,9.0,32.0,0.6,0.1,0.6,2.0,731.0,0.0,0.0,0.37209302325581395
41.0,9.0,33.0,0.6,0.1,0.6,2.0,710.0,0.0,0.0,0.36901408450704226
41.0,9.0,34.0,0.6,0.1,0.6,2.0,720.0,0.0,0.0,0.3736111111111111
41.0,9.0,35.0,0.6,0.1,0.6,2.0,711.0,0.0,0.0,0.36849507735583686
41.0,9.0,36.0,0.6,0.1,0.6,2.0,690.0,0.0,0.0,0.372463768115942
41.0,9.0,37.0,0.6,0.1,0.6,2.0,680.0,0.0,0.0,0.36617647058823527
41.0,9.0,38.0,0.6,0.1,0.6,2.0,675.0,0.0,0.0,0.3762962962962963
41.0,9.0,39.0,0.6,0.1,0.6,2.0,666.0,0.0,0.0,0.3708708708708709
41.0,9.0,40.0,0.6,0.1,0.6,2.0,675.0,0.0,0.0,0.3762962962962963
41.0,9.0,41.0,0.6,0.1,0.6,2.0,667.0,0.0,0.0,0.37031484257871067
41.0,9.0,42.0,0.6,0.1,0.6,2.0,676.0,0.0,0.0,0.3757396449704142
41.0,9.0,43.0,0.6,0.1,0.6,2.0,641.0,0.0,0.0,0.37285491419656785
41.0,9.0,44.0,0.6,0.1,0.6,2.0,640.0,0.0,0.0,0.378125
41.0,9.0,45.0,0.6,0.1,0.6,2.0,631.0,0.0,0.0,0.6228209191759112
41.0,9.0,46.0,0.6,0.1,0.6,2.0,628.0,0.0,0.0,0.6273885350318471
41.0,9.0,47.0,0.6,0.1,0.6,2.0,619.0,0.0,0.0,0.6235864297253635
41.0,9.0,48.0,0.6,0.1,0.6,2.0,616.0,0.0,0.0,0.6298701298701299
41.0,9.0,49.0,0.6,0.1,0.6,2.0,607.0,0.0,0.0,0.6260296540362438
41.0,9.0,50.0,0.6,0.1,0.6,2.0,615.0,0.0,0.0,0.6308943089430894
41.0,9.0,51.0,0.6,0.1,0.6,2.0,597.0,0.0,0.0,0.626465661641541
41.0,9.0,52.0,0.6,0.1,0.6,2.0,597.0,0.0,0.0,0.6314907872696818
41.0,10.0,1.0,0.6,0.1,0.6,2.0,594.0,0.0,0.0,0.6279461279461279
41.0,10.0,2.0,0.6,0.1,0.6,2.0,599.0,0.0,0.0,0.6310517529215359
41.0,10.0,3.0,0.6,0.1,0.6,2.0,593.0,0.0,0.0,0.627318718381113
41.0,10.0,4.0,0.6,0.1,0.6,2.0,595.0,0.0,0.0,0.6319327731092437
41.0,10.0,5.0,0.6,0.1,0.6,2.0,593.0,0.0,0.0,0.627318718381113
41.0,10.0,6.0,0.6,0.1,0.6,2.0,595.0,0.0,0.0,0.6319327731092437
41.0,10.0,7.0,0.6,0.1,0.6,2.0,592.0,0.0,0.0,0.6283783783783784
41.0,10.0,8.0,0.6,0.1,0.6,2.0,593.0,0.0,0.0,0.6340640809443507
41.0,10.0,9.0,0.6,0.1,0.6,2.0,590.0,0.0,0.0,0.6271186440677966
41.0,10.0,10.0,0.6,0.1,0.6,2.0,591.0,0.0,0.0,0.6345177664974619
41.0,10.0,11.0,0.6,0.1,0.6,2.0,585.0,0.0,0.0,0.629059829059829
41.0,10.0,12.0,0.6,0.1,0.6,2.0,588.0,0.0,0.0,0.6343537414965986
41.0,10.0,13.0,0.6,0.1,0.6,2.0,584.0,0.0,0.0,0.6301369863013698
41.0,10.0,14.0,0.6,0.1,0.6,2.0,587.0,0.0,0.0,0.6354344122657581
41.0,10.0,15.0,0.6,0.1,0.6,2.0,584.0,0.0,0.0,0.6301369863013698
41.0,10.0,16.0,0.6,0.1,0.6,2.0,586.0,0.0,0.0,0.636518771331058
41.0,10.0,17.0,0.6,0.1,0.6,2.0,583.0,0.0,0.0,0.6312178387650086
41.0,10.0,18.0,0.6,0.1,0.6,2.0,586.0,0.0,0.0,0.636518771331058
41.0,10.0,19.0,0.6,0.1,0.6,2.0,583.0,0.0,0.0,0.6312178387650086
41.0,10.0,20.0,0.6,0.1,0.6,2.0,1047.0,0.0,0.0,0.34765998089780326
41.0,10.0,21.0,0.6,0.1,0.6,2.0,1028.0,0.0,0.0,0.3453307392996109
41.0,10.0,22.0,0.6,0.1,0.6,2.0,1011.0,0.0,0.0,0.35014836795252224
41.0,10.0,23.0,0.6,0.1,0.6,2.0,989.0,0.0,0.0,0.35085945399393326
41.0,10.0,24.0,0.6,0.1,0.6,2.0,977.0,0.0,0.0,0.3541453428863869
41.0,10.0,25.0,0.6,0.1,0.6,2.0,960.0,0.0,0.0,0.35520833333333335
41.0,10.0,26.0,0.6,0.1,0.6,2.0,937.0,0.0,0.0,0.35859124866595515
41.0,10.0,27.0,0.6,0.1,0.6,2.0,914.0,0.0,0.0,0.35557986870897157
41.0,10.0,28.0,0.6,0.1,0.6,2.0,906.0,0.0,0.0,0.3609271523178808
41.0,10.0,29.0,0.6,0.1,0.6,2.0,895.0,0.0,0.0,0.36089385474860336
41.0,10.0,30.0,0.6,0.1,0.6,2.0,887.0,0.0,0.0,0.3664036076662909
41.0,10.0,31.0,0.6,0.1,0.6,2.0,883.0,0.0,0.0,0.362400906002265
41.0,10.0,32.0,0.6,0.1,0.6,2.0,845.0,0.0,0.0,0.3739644970414201
41.0,10.0,33.0,0.6,0.1,0.6,2.0,840.0,0.0,0.0,0.36666666666666664
41.0,10.0,34.0,0.6,0.1,0.6,2.0,804.0,0.0,0.0,0.376865671641791
41.0,10.0,35.0,0.6,0.1,0.6,2.0,799.0,0.0,0.0,0.3692115143929912
41.0,10.0,36.0,0.6,0.1,0.6,2.0,765.0,0.0,0.0,0.37516339869281046
41.0,10.0,37.0,0.6,0.1,0.6,2.0,772.0,0.0,0.0,0.36917098445595853
41.0,10.0,38.0,0.6,0.1,0.6,2.0,740.0,0.0,0.0,0.38513513513513514
41.0,10.0,39.0,0.6,0.1,0.6,2.0,748.0,0.0,0.0,0.3783422459893048
41.0,10.0,40.0,0.6,0.1,0.6,2.0,727.0,0.0,0.0,0.3878954607977992
41.0,10.0,41.0,0.6,0.1,0.6,2.0,722.0,0.0,0.0,0.38227146814404434
41.0,10.0,42.0,0.6,0.1,0.6,2.0,704.0,0.0,0.0,0.39488636363636365
41.0,10.0,43.0,0.6,0.1,0.6,2.0,712.0,0.0,0.0,0.38764044943820225
41.0,10.0,44.0,0.6,0.1,0.6,2.0,704.0,0.0,0.0,0.39488636363636365
41.0,10.0,45.0,0.6,0.1,0.6,2.0,711.0,0.0,0.0,0.6357243319268636
41.0,10.0,46.0,0.6,0.1,0.6,2.0,676.0,0.0,0.0,0.643491124260355
41.0,10.0,47.0,0.6,0.1,0.6,2.0,683.0,0.0,0.0,0.636896046852123
41.0,10.0,48.0,0.6,0.1,0.6,2.0,676.0,0.0,0.0,0.643491124260355
41.0,10.0,49.0,0.6,0.1,0.6,2.0,684.0,0.0,0.0,0.6359649122807017
41.0,10.0,50.0,0.6,0.1,0.6,2.0,675.0,0.0,0.0,0.6444444444444445
41.0,10.0,51.0,0.6,0.1,0.6,2.0,680.0,0.0,0.0,0.638235294117647
41.0,10.0,52.0,0.6,0.1,0.6,2.0,663.0,0.0,0.0,0.6500754147812972
42.0,1.0,1.0,0.6,0.1,0.6,2.0,5181.0,52.0,9.0,0.5898475197838255
42.0,1.0,2.0,0.6,0.1,0.6,2.0,5148.0,57.0,22.0,0.5895493395493395
42.0,1.0,3.0,0.6,0.1,0.6,2.0,5074.0,60.0,36.0,0.5912495072920773
42.0,1.0,4.0,0.6,0.1,0.6,2.0,5015.0,63.0,35.0,0.5936191425722831
42.0,1.0,5.0,0.6,0.1,0.6,2.0,5047.0,65.0,33.0,0.5957994848424807
42.0,1.0,6.0,0.6,0.1,0.6,2.0,5004.0,70.0,25.0,0.5985211830535572
42.0,1.0,7.0,0.6,0.1,0.6,2.0,4860.0,71.0,32.0,0.5987654320987654
42.0,1.0,8.0,0.6,0.1,0.6,2.0,4758.0,89.0,35.0,0.5994115174443043
42.0,1.0,9.0,0.6,0.1,0.6,2.0,4567.0,82.0,35.0,0.6012699802934093
42.0,1.0,10.0,0.6,0.1,0.6,2.0,4431.0,72.0,32.0,0.6032498307379824
42.0,1.0,11.0,0.6,0.1,0.6,2.0,4300.0,74.0,33.0,0.6009302325581395
42.0,1.0,12.0,0.6,0.1,0.6,2.0,4227.0,74.0,38.0,0.6044475987698131
42.0,1.0,13.0,0.6,0.1,0.6,2.0,4041.0,74.0,39.0,0.6060381093788666
42.0,1.0,14.0,0.6,0.1,0.6,2.0,3959.0,72.0,40.0,0.6067188684011114
42.0,1.0,15.0,0.6,0.1,0.6,2.0,3868.0,64.0,35.0,0.609358841778697
42.0,1.0,16.0,0.6,0.1,0.6,2.0,3773.0,56.0,33.0,0.6127749801219189
42.0,1.0,17.0,0.6,0.1,0.6,2.0,3711.0,47.0,25.0,0.6146591215305848
42.0,1.0,18.0,0.6,0.1,0.6,2.0,3623.0,37.0,24.0,0.6193762075627932
42.0,1.0,19.0,0.6,0.1,0.6,2.0,3554.0,36.0,19.0,0.6201463140123804
42.0,1.0,20.0,0.6,0.1,0.6,2.0,6645.0,33.0,17.0,0.327313769751693
42.0,1.0,21.0,0.6,0.1,0.6,2.0,6194.0,39.0,14.0,0.32660639328382307
42.0,1.0,22.0,0.6,0.1,0.6,2.0,5760.0,46.0,17.0,0.33055555555555555
42.0,1.0,23.0,0.6,0.1,0.6,2.0,5508.0,56.0,14.0,0.3307915758896151
42.0,1.0,24.0,0.6,0.1,0.6,2.0,5270.0,52.0,17.0,0.3345351043643264
42.0,1.0,25.0,0.6,0.1,0.6,2.0,5003.0,56.0,26.0,0.33519888067159703
42.0,1.0,26.0,0.6,0.1,0.6,2.0,4768.0,79.0,34.0,0.33682885906040266
42.0,1.0,27.0,0.6,0.1,0.6,2.0,4565.0,94.0,35.0,0.33866374589266157
42.0,1.0,28.0,0.6,0.1,0.6,2.0,4391.0,96.0,34.0,0.34251878843088135
42.0,1.0,29.0,0.6,0.1,0.6,2.0,4172.0,96.0,46.0,0.3468360498561841
42.0,1.0,30.0,0.6,0.1,0.6,2.0,3971.0,101.0,48.0,0.35255603122639134
42.0,1.0,31.0,0.6,0.1,0.6,2.0,3867.0,110.0,50.0,0.35427980346521853
42.0,1.0,32.0,0.6,0.1,0.6,2.0,3741.0,91.0,47.0,0.3589949211440791
42.0,1.0,33.0,0.6,0.1,0.6,2.0,3635.0,102.0,48.0,0.36148555708390645
42.0,1.0,34.0,0.6,0.1,0.6,2.0,3564.0,103.0,48.0,0.36195286195286197
42.0,1.0,35.0,0.6,0.1,0.6,2.0,3444.0,96.0,48.0,0.3635307781649245
42.0,1.0,36.0,0.6,0.1,0.6,2.0,3347.0,99.0,49.0,0.36779205258440395
42.0,1.0,37.0,0.6,0.1,0.6,2.0,3233.0,90.0,48.0,0.3727188369935045
42.0,1.0,38.0,0.6,0.1,0.6,2.0,3165.0,85.0,42.0,0.3769352290679305
42.0,1.0,39.0,0.6,0.1,0.6,2.0,3035.0,85.0,36.0,0.3799011532125206
42.0,1.0,40.0,0.6,0.1,0.6,2.0,2945.0,81.0,33.0,0.3864176570458404
42.0,1.0,41.0,0.6,0.1,0.6,2.0,2782.0,79.0,32.0,0.3900071890726096
42.0,1.0,42.0,0.6,0.1,0.6,2.0,2716.0,82.0,43.0,0.38843888070692195
42.0,1.0,43.0,0.6,0.1,0.6,2.0,2638.0,79.0,37.0,0.3931008339651251
42.0,1.0,44.0,0.6,0.1,0.6,2.0,2570.0,78.0,39.0,0.3961089494163424
42.0,1.0,45.0,0.6,0.1,0.6,2.0,2524.0,72.0,31.0,0.6446117274167987
42.0,1.0,46.0,0.6,0.1,0.6,2.0,2490.0,61.0,29.0,0.6453815261044177
42.0,1.0,47.0,0.6,0.1,0.6,2.0,2463.0,50.0,27.0,0.6488022736500203
42.0,1.0,48.0,0.6,0.1,0.6,2.0,2325.0,43.0,23.0,0.6486021505376344
42.0,1.0,49.0,0.6,0.1,0.6,2.0,2289.0,39.0,27.0,0.6491917868064657
42.0,1.0,50.0,0.6,0.1,0.6,2.0,2258.0,30.0,21.0,0.6505757307351638
42.0,1.0,51.0,0.6,0.1,0.6,2.0,2196.0,18.0,14.0,0.650728597449909
42.0,1.0,52.0,0.6,0.1,0.6,2.0,2139.0,14.0,10.0,0.6535764375876578
42.0,2.0,1.0,0.6,0.1,0.6,2.0,2120.0,12.0,9.0,0.654245283018868
42.0,2.0,2.0,0.6,0.1,0.6,2.0,2101.0,10.0,7.0,0.6563541170871013
42.0,2.0,3.0,0.6,0.1,0.6,2.0,2081.0,8.0,4.0,0.6554541086016338
42.0,2.0,4.0,0.6,0.1,0.6,2.0,2044.0,8.0,3.0,0.6541095890410958
42.0,2.0,5.0,0.6,0.1,0.6,2.0,2038.0,7.0,3.0,0.6530912659470068
42.0,2.0,6.0,0.6,0.1,0.6,2.0,2018.0,7.0,4.0,0.6526263627353815
42.0,2.0,7.0,0.6,0.1,0.6,2.0,1975.0,5.0,4.0,0.6506329113924051
42.0,2.0,8.0,0.6,0.1,0.6,2.0,1932.0,5.0,3.0,0.6526915113871635
42.0,2.0,9.0,0.6,0.1,0.6,2.0,1915.0,4.0,2.0,0.6522193211488251
42.0,2.0,10.0,0.6,0.1,0.6,2.0,1884.0,3.0,1.0,0.6544585987261147
42.0,2.0,11.0,0.6,0.1,0.6,2.0,1859.0,3.0,1.0,0.6541151156535772
42.0,2.0,12.0,0.6,0.1,0.6,2.0,1839.0,2.0,1.0,0.6525285481239804
42.0,2.0,13.0,0.6,0.1,0.6,2.0,1809.0,2.0,1.0,0.6545052515201769
42.0,2.0,14.0,0.6,0.1,0.6,2.0,1783.0,3.0,1.0,0.6522714526079642
42.0,2.0,15.0,0.6,0.1,0.6,2.0,1764.0,2.0,1.0,0.6570294784580499
42.0,2.0,16.0,0.6,0.1,0.6,2.0,1734.0,2.0,2.0,0.6539792387543253
42.0,2.0,17.0,0.6,0.1,0.6,2.0,1722.0,3.0,2.0,0.6562137049941928
42.0,2.0,18.0,0.6,0.1,0.6,2.0,1699.0,2.0,1.0,0.6539140670982931
42.0,2.0,19.0,0.6,0.1,0.6,2.0,1668.0,2.0,1.0,0.657074340527578
42.0,2.0,20.0,0.6,0.1,0.6,2.0,3050.0,2.0,1.0,0.3534426229508197
42.0,2.0,21.0,0.6,0.1,0.6,2.0,2926.0,2.0,1.0,0.3557758031442242
42.0,2.0,22.0,0.6,0.1,0.6,2.0,2723.0,2.0,0.0,0.3554902680866691
42.0,2.0,23.0,0.6,0.1,0.6,2.0,2624.0,2.0,0.0,0.3601371951219512
42.0,2.0,24.0,0.6,0.1,0.6,2.0,2557.0,2.0,0.0,0.3597966366836136
42.0,2.0,25.0,0.6,0.1,0.6,2.0,2487.0,2.0,0.0,0.3618817852834741
42.0,2.0,26.0,0.6,0.1,0.6,2.0,2416.0,2.0,2.0,0.3580298013245033
42.0,2.0,27.0,0.6,0.1,0.6,2.0,2370.0,3.0,2.0,0.3594936708860759
42.0,2.0,28.0,0.6,0.1,0.6,2.0,2259.0,3.0,3.0,0.35723771580345287
42.0,2.0,29.0,0.6,0.1,0.6,2.0,2205.0,2.0,1.0,0.35873015873015873
42.0,2.0,30.0,0.6,0.1,0.6,2.0,2160.0,3.0,2.0,0.3578703703703704
42.0,2.0,31.0,0.6,0.1,0.6,2.0,2114.0,0.0,0.0,0.3576158940397351
42.0,2.0,32.0,0.6,0.1,0.6,2.0,2073.0,0.0,0.0,0.3569705740472745
42.0,2.0,33.0,0.6,0.1,0.6,2.0,1977.0,0.0,0.0,0.3611532625189681
42.0,2.0,34.0,0.6,0.1,0.6,2.0,1916.0,0.0,0.0,0.3606471816283925
42.0,2.0,35.0,0.6,0.1,0.6,2.0,1883.0,0.0,0.0,0.363781200212427
42.0,2.0,36.0,0.6,0.1,0.6,2.0,1841.0,0.0,0.0,0.3650190114068441
42.0,2.0,37.0,0.6,0.1,0.6,2.0,1774.0,0.0,0.0,0.36753100338218714
42.0,2.0,38.0,0.6,0.1,0.6,2.0,1743.0,0.0,0.0,0.3683304647160069
42.0,2.0,39.0,0.6,0.1,0.6,2.0,1676.0,0.0,0.0,0.37171837708830546
42.0,2.0,40.0,0.6,0.1,0.6,2.0,1660.0,0.0,0.0,0.3710843373493976
42.0,2.0,41.0,0.6,0.1,0.6,2.0,1623.0,0.0,0.0,0.3733826247689464
42.0,2.0,42.0,0.6,0.1,0.6,2.0,1577.0,0.0,0.0,0.3753963221306278
42.0,2.0,43.0,0.6,0.1,0.6,2.0,1536.0,0.0,0.0,0.3795572916666667
42.0,2.0,44.0,0.6,0.1,0.6,2.0,1463.0,0.0,0.0,0.37799043062200954
42.0,2.0,45.0,0.6,0.1,0.6,2.0,1428.0,0.0,0.0,0.6211484593837535
42.0,2.0,46.0,0.6,0.1,0.6,2.0,1411.0,0.0,0.0,0.6201275690999292
42.0,2.0,47.0,0.6,0.1,0.6,2.0,1386.0,0.0,0.0,0.6197691197691197
42.0,2.0,48.0,0.6,0.1,0.6,2.0,1347.0,0.0,0.0,0.6198960653303638
42.0,2.0,49.0,0.6,0.1,0.6,2.0,1335.0,0.0,0.0,0.6187265917602996
42.0,2.0,50.0,0.6,0.1,0.6,2.0,1293.0,0.0,0.0,0.6241299303944315
42.0,2.0,51.0,0.6,0.1,0.6,2.0,1286.0,0.0,0.0,0.6244167962674961
42.0,2.0,52.0,0.6,0.1,0.6,2.0,1261.0,0.0,0.0,0.6217287866772403
42.0,3.0,1.0,0.6,0.1,0.6,2.0,1256.0,0.0,0.0,0.6234076433121019
42.0,3.0,2.0,0.6,0.1,0.6,2.0,1248.0,0.0,0.0,0.6217948717948718
42.0,3.0,3.0,0.6,0.1,0.6,2.0,1235.0,0.0,0.0,0.6251012145748988
42.0,3.0,4.0,0.6,0.1,0.6,2.0,1222.0,0.0,0.0,0.6211129296235679
42.0,3.0,5.0,0.6,0.1,0.6,2.0,1206.0,0.0,0.0,0.6235489220563848
42.0,3.0,6.0,0.6,0.1,0.6,2.0,1204.0,0.0,0.0,0.6196013289036545
42.0,3.0,7.0,0.6,0.1,0.6,2.0,1197.0,0.0,0.0,0.6223893065998329
42.0,3.0,8.0,0.6,0.1,0.6,2.0,1178.0,0.0,0.0,0.6222410865874364
42.0,3.0,9.0,0.6,0.1,0.6,2.0,1141.0,0.0,0.0,0.6275197195442594
42.0,3.0,10.0,0.6,0.1,0.6,2.0,1143.0,0.0,0.0,0.6281714785651793
42.0,3.0,11.0,0.6,0.1,0.6,2.0,1115.0,0.0,0.0,0.6304932735426009
42.0,3.0,12.0,0.6,0.1,0.6,2.0,1119.0,0.0,0.0,0.6291331546023236
42.0,3.0,13.0,0.6,0.1,0.6,2.0,1089.0,0.0,0.0,0.6317722681359045
42.0,3.0,14.0,0.6,0.1,0.6,2.0,1100.0,0.0,0.0,0.6309090909090909
42.0,3.0,15.0,0.6,0.1,0.6,2.0,1084.0,0.0,0.0,0.6319188191881919
42.0,3.0,16.0,0.6,0.1,0.6,2.0,1092.0,0.0,0.0,0.6309523809523809
42.0,3.0,17.0,0.6,0.1,0.6,2.0,1078.0,0.0,0.0,0.6326530612244898
42.0,3.0,18.0,0.6,0.1,0.6,2.0,1082.0,0.0,0.0,0.6321626617375231
42.0,3.0,19.0,0.6,0.1,0.6,2.0,1058.0,0.0,0.0,0.6323251417769377
42.0,3.0,20.0,0.6,0.1,0.6,2.0,1859.0,0.0,0.0,0.3523399677245831
42.0,3.0,21.0,0.6,0.1,0.6,2.0,1780.0,0.0,0.0,0.3556179775280899
42.0,3.0,22.0,0.6,0.1,0.6,2.0,1712.0,0.0,0.0,0.3633177570093458
42.0,3.0,23.0,0.6,0.1,0.6,2.0,1614.0,0.0,0.0,0.3674101610904585
42.0,3.0,24.0,0.6,0.1,0.6,2.0,1605.0,0.0,0.0,0.36573208722741435
42.0,3.0,25.0,0.6,0.1,0.6,2.0,1569.0,0.0,0.0,0.36966220522625876
42.0,3.0,26.0,0.6,0.1,0.6,2.0,1571.0,0.0,0.0,0.36855506047103753
42.0,3.0,27.0,0.6,0.1,0.6,2.0,1510.0,0.0,0.0,0.37350993377483444
42.0,3.0,28.0,0.6,0.1,0.6,2.0,1495.0,0.0,0.0,0.368561872909699
42.0,3.0,29.0,0.6,0.1,0.6,2.0,1434.0,0.0,0.0,0.3695955369595537
42.0,3.0,30.0,0.6,0.1,0.6,2.0,1415.0,0.0,0.0,0.37031802120141344
42.0,3.0,31.0,0.6,0.1,0.6,2.0,1372.0,0.0,0.0,0.3688046647230321
42.0,3.0,32.0,0.6,0.1,0.6,2.0,1348.0,0.0,0.0,0.36795252225519287
42.0,3.0,33.0,0.6,0.1,0.6,2.0,1279.0,0.0,0.0,0.37685691946833466
42.0,3.0,34.0,0.6,0.1,0.6,2.0,1272.0,0.0,0.0,0.37264150943396224
42.0,3.0,35.0,0.6,0.1,0.6,2.0,1233.0,0.0,0.0,0.37631792376317924
42.0,3.0,36.0,0.6,0.1,0.6,2.0,1224.0,0.0,0.0,0.3741830065359477
42.0,3.0,37.0,0.6,0.1,0.6,2.0,1161.0,0.0,0.0,0.3832902670111972
42.0,3.0,38.0,0.6,0.1,0.6,2.0,1158.0,0.0,0.0,0.38082901554404147
42.0,3.0,39.0,0.6,0.1,0.6,2.0,1111.0,0.0,0.0,0.3852385238523852
42.0,3.0,40.0,0.6,0.1,0.6,2.0,1121.0,0.0,0.0,0.3773416592328278
42.0,3.0,41.0,0.6,0.1,0.6,2.0,1054.0,0.0,0.0,0.38804554079696396
42.0,3.0,42.0,0.6,0.1,0.6,2.0,1047.0,0.0,0.0,0.38108882521489973
42.0,3.0,43.0,0.6,0.1,0.6,2.0,1019.0,0.0,0.0,0.39057899901864573
42.0,3.0,44.0,0.6,0.1,0.6,2.0,1018.0,0.0,0.0,0.38212180746561886
42.0,3.0,45.0,0.6,0.1,0.6,2.0,982.0,0.0,0.0,0.6374745417515275
42.0,3.0,46.0,0.6,0.1,0.6,2.0,956.0,0.0,0.0,0.6391213389121339
42.0,3.0,47.0,0.6,0.1,0.6,2.0,943.0,0.0,0.0,0.6405090137857901
42.0,3.0,48.0,0.6,0.1,0.6,2.0,933.0,0.0,0.0,0.6441586280814576
42.0,3.0,49.0,0.6,0.1,0.6,2.0,920.0,0.0,0.0,0.6445652173913043
42.0,3.0,50.0,0.6,0.1,0.6,2.0,919.0,0.0,0.0,0.6420021762785637
42.0,3.0,51.0,0.6,0.1,0.6,2.0,909.0,0.0,0.0,0.6424642464246425
42.0,3.0,52.0,0.6,0.1,0.6,2.0,892.0,0.0,0.0,0.6423766816143498
42.0,4.0,1.0,0.6,0.1,0.6,2.0,877.0,0.0,0.0,0.6431014823261118
42.0,4.0,2.0,0.6,0.1,0.6,2.0,880.0,0.0,0.0,0.6409090909090909
42.0,4.0,3.0,0.6,0.1,0.6,2.0,863.0,0.0,0.0,0.6431054461181923
42.0,4.0,4.0,0.6,0.1,0.6,2.0,873.0,0.0,0.0,0.6391752577319587
42.0,4.0,5.0,0.6,0.1,0.6,2.0,858.0,0.0,0.0,0.6410256410256411
42.0,4.0,6.0,0.6,0.1,0.6,2.0,866.0,0.0,0.0,0.6362586605080831
42.0,4.0,7.0,0.6,0.1,0.6,2.0,852.0,0.0,0.0,0.636150234741784
42.0,4.0,8.0,0.6,0.1,0.6,2.0,854.0,0.0,0.0,0.6381733021077284
42.0,4.0,9.0,0.6,0.1,0.6,2.0,840.0,0.0,0.0,0.6392857142857142
42.0,4.0,10.0,0.6,0.1,0.6,2.0,827.0,0.0,0.0,0.6396614268440145
42.0,4.0,11.0,0.6,0.1,0.6,2.0,811.0,0.0,0.0,0.6387176325524044
42.0,4.0,12.0,0.6,0.1,0.6,2.0,815.0,0.0,0.0,0.6429447852760736
42.0,4.0,13.0,0.6,0.1,0.6,2.0,798.0,0.0,0.0,0.6428571428571429
42.0,4.0,14.0,0.6,0.1,0.6,2.0,785.0,0.0,0.0,0.6420382165605095
42.0,4.0,15.0,0.6,0.1,0.6,2.0,782.0,0.0,0.0,0.6432225063938619
42.0,4.0,16.0,0.6,0.1,0.6,2.0,772.0,0.0,0.0,0.6424870466321243
42.0,4.0,17.0,0.6,0.1,0.6,2.0,768.0,0.0,0.0,0.6432291666666666
42.0,4.0,18.0,0.6,0.1,0.6,2.0,748.0,0.0,0.0,0.643048128342246
42.0,4.0,19.0,0.6,0.1,0.6,2.0,747.0,0.0,0.0,0.6412315930388219
42.0,4.0,20.0,0.6,0.1,0.6,2.0,1349.0,0.0,0.0,0.352112676056338
42.0,4.0,21.0,0.6,0.1,0.6,2.0,1329.0,0.0,0.0,0.3544018058690745
42.0,4.0,22.0,0.6,0.1,0.6,2.0,1280.0,0.0,0.0,0.35859375
42.0,4.0,23.0,0.6,0.1,0.6,2.0,1222.0,0.0,0.0,0.3608837970540098
42.0,4.0,24.0,0.6,0.1,0.6,2.0,1197.0,0.0,0.0,0.36507936507936506
42.0,4.0,25.0,0.6,0.1,0.6,2.0,1168.0,0.0,0.0,0.3664383561643836
42.0,4.0,26.0,0.6,0.1,0.6,2.0,1131.0,0.0,0.0,0.3695844385499558
42.0,4.0,27.0,0.6,0.1,0.6,2.0,1119.0,0.0,0.0,0.3672922252010724
42.0,4.0,28.0,0.6,0.1,0.6,2.0,1102.0,0.0,0.0,0.367513611615245
42.0,4.0,29.0,0.6,0.1,0.6,2.0,1088.0,0.0,0.0,0.3694852941176471
42.0,4.0,30.0,0.6,0.1,0.6,2.0,1055.0,0.0,0.0,0.3687203791469194
42.0,4.0,31.0,0.6,0.1,0.6,2.0,1067.0,0.0,0.0,0.3683223992502343
42.0,4.0,32.0,0.6,0.1,0.6,2.0,1025.0,0.0,0.0,0.3726829268292683
42.0,4.0,33.0,0.6,0.1,0.6,2.0,1013.0,0.0,0.0,0.368213228035538
42.0,4.0,34.0,0.6,0.1,0.6,2.0,996.0,0.0,0.0,0.37650602409638556
42.0,4.0,35.0,0.6,0.1,0.6,2.0,970.0,0.0,0.0,0.3752577319587629
42.0,4.0,36.0,0.6,0.1,0.6,2.0,948.0,0.0,0.0,0.3829113924050633
42.0,4.0,37.0,0.6,0.1,0.6,2.0,907.0,0.0,0.0,0.37816979051819183
42.0,4.0,38.0,0.6,0.1,0.6,2.0,868.0,0.0,0.0,0.3870967741935484
42.0,4.0,39.0,0.6,0.1,0.6,2.0,874.0,0.0,0.0,0.38100686498855835
42.0,4.0,40.0,0.6,0.1,0.6,2.0,859.0,0.0,0.0,0.3818393480791618
42.0,4.0,41.0,0.6,0.1,0.6,2.0,853.0,0.0,0.0,0.37749120750293086
42.0,4.0,42.0,0.6,0.1,0.6,2.0,849.0,0.0,0.0,0.38044758539458184
42.0,4.0,43.0,0.6,0.1,0.6,2.0,818.0,0.0,0.0,0.38141809290953543
42.0,4.0,44.0,0.6,0.1,0.6,2.0,811.0,0.0,0.0,0.3834771886559803
42.0,4.0,45.0,0.6,0.1,0.6,2.0,811.0,0.0,0.0,0.625154130702836
42.0,4.0,46.0,0.6,0.1,0.6,2.0,787.0,0.0,0.0,0.6289707750952986
42.0,4.0,47.0,0.6,0.1,0.6,2.0,791.0,0.0,0.0,0.6219974715549936
42.0,4.0,48.0,0.6,0.1,0.6,2.0,744.0,0.0,0.0,0.6330645161290323
42.0,4.0,49.0,0.6,0.1,0.6,2.0,743.0,0.0,0.0,0.6312247644683715
42.0,4.0,50.0,0.6,0.1,0.6,2.0,719.0,0.0,0.0,0.631432545201669
42.0,4.0,51.0,0.6,0.1,0.6,2.0,711.0,0.0,0.0,0.6371308016877637
42.0,4.0,52.0,0.6,0.1,0.6,2.0,712.0,0.0,0.0,0.6362359550561798
42.0,5.0,1.0,0.6,0.1,0.6,2.0,700.0,0.0,0.0,0.6414285714285715
42.0,5.0,2.0,0.6,0.1,0.6,2.0,697.0,0.0,0.0,0.6413199426111909
42.0,5.0,3.0,0.6,0.1,0.6,2.0,696.0,0.0,0.0,0.6408045977011494
42.0,5.0,4.0,0.6,0.1,0.6,2.0,696.0,0.0,0.0,0.6408045977011494
42.0,5.0,5.0,0.6,0.1,0.6,2.0,690.0,0.0,0.0,0.6420289855072464
42.0,5.0,6.0,0.6,0.1,0.6,2.0,689.0,0.0,0.0,0.6400580551523948
42.0,5.0,7.0,0.6,0.1,0.6,2.0,685.0,0.0,0.0,0.6394160583941606
42.0,5.0,8.0,0.6,0.1,0.6,2.0,680.0,0.0,0.0,0.6397058823529411
42.0,5.0,9.0,0.6,0.1,0.6,2.0,672.0,0.0,0.0,0.6458333333333334
42.0,5.0,10.0,0.6,0.1,0.6,2.0,671.0,0.0,0.0,0.6453055141579732
42.0,5.0,11.0,0.6,0.1,0.6,2.0,662.0,0.0,0.0,0.648036253776435
42.0,5.0,12.0,0.6,0.1,0.6,2.0,664.0,0.0,0.0,0.6475903614457831
42.0,5.0,13.0,0.6,0.1,0.6,2.0,658.0,0.0,0.0,0.6504559270516718
42.0,5.0,14.0,0.6,0.1,0.6,2.0,664.0,0.0,0.0,0.6475903614457831
42.0,5.0,15.0,0.6,0.1,0.6,2.0,656.0,0.0,0.0,0.6509146341463414
42.0,5.0,16.0,0.6,0.1,0.6,2.0,658.0,0.0,0.0,0.6474164133738601
42.0,5.0,17.0,0.6,0.1,0.6,2.0,652.0,0.0,0.0,0.6503067484662577
42.0,5.0,18.0,0.6,0.1,0.6,2.0,655.0,0.0,0.0,0.6458015267175573
42.0,5.0,19.0,0.6,0.1,0.6,2.0,652.0,0.0,0.0,0.651840490797546
42.0,5.0,20.0,0.6,0.1,0.6,2.0,1194.0,0.0,0.0,0.3525963149078727
42.0,5.0,21.0,0.6,0.1,0.6,2.0,1172.0,0.0,0.0,0.35580204778157
42.0,5.0,22.0,0.6,0.1,0.6,2.0,1137.0,0.0,0.0,0.3579595426561126
42.0,5.0,23.0,0.6,0.1,0.6,2.0,1108.0,0.0,0.0,0.361913357400722
42.0,5.0,24.0,0.6,0.1,0.6,2.0,1085.0,0.0,0.0,0.3622119815668203
42.0,5.0,25.0,0.6,0.1,0.6,2.0,1031.0,0.0,0.0,0.3685741998060136
42.0,5.0,26.0,0.6,0.1,0.6,2.0,1004.0,0.0,0.0,0.3794820717131474
42.0,5.0,27.0,0.6,0.1,0.6,2.0,954.0,0.0,0.0,0.37945492662473795
42.0,5.0,28.0,0.6,0.1,0.6,2.0,928.0,0.0,0.0,0.3879310344827586
42.0,5.0,29.0,0.6,0.1,0.6,2.0,889.0,0.0,0.0,0.3880764904386952
42.0,5.0,30.0,0.6,0.1,0.6,2.0,907.0,0.0,0.0,0.38919514884233736
42.0,5.0,31.0,0.6,0.1,0.6,2.0,890.0,0.0,0.0,0.3865168539325843
42.0,5.0,32.0,0.6,0.1,0.6,2.0,881.0,0.0,0.0,0.39160045402951194
42.0,5.0,33.0,0.6,0.1,0.6,2.0,857.0,0.0,0.0,0.3838973162193699
42.0,5.0,34.0,0.6,0.1,0.6,2.0,862.0,0.0,0.0,0.3874709976798144
42.0,5.0,35.0,0.6,0.1,0.6,2.0,846.0,0.0,0.0,0.38534278959810875
42.0,5.0,36.0,0.6,0.1,0.6,2.0,855.0,0.0,0.0,0.3871345029239766
42.0,5.0,37.0,0.6,0.1,0.6,2.0,825.0,0.0,0.0,0.3842424242424242
42.0,5.0,38.0,0.6,0.1,0.6,2.0,817.0,0.0,0.0,0.386780905752754
42.0,5.0,39.0,0.6,0.1,0.6,2.0,801.0,0.0,0.0,0.38451935081148564
42.0,5.0,40.0,0.6,0.1,0.6,2.0,784.0,0.0,0.0,0.3852040816326531
42.0,5.0,41.0,0.6,0.1,0.6,2.0,754.0,0.0,0.0,0.38726790450928383
42.0,5.0,42.0,0.6,0.1,0.6,2.0,745.0,0.0,0.0,0.3825503355704698
42.0,5.0,43.0,0.6,0.1,0.6,2.0,732.0,0.0,0.0,0.38524590163934425
42.0,5.0,44.0,0.6,0.1,0.6,2.0,731.0,0.0,0.0,0.3844049247606019
42.0,5.0,45.0,0.6,0.1,0.6,2.0,700.0,0.0,0.0,0.6214285714285714
42.0,5.0,46.0,0.6,0.1,0.6,2.0,703.0,0.0,0.0,0.6173541963015647
42.0,5.0,47.0,0.6,0.1,0.6,2.0,691.0,0.0,0.0,0.6193921852387844
42.0,5.0,48.0,0.6,0.1,0.6,2.0,662.0,0.0,0.0,0.622356495468278
42.0,5.0,49.0,0.6,0.1,0.6,2.0,654.0,0.0,0.0,0.6284403669724771
42.0,5.0,50.0,0.6,0.1,0.6,2.0,652.0,0.0,0.0,0.6273006134969326
42.0,5.0,51.0,0.6,0.1,0.6,2.0,650.0,0.0,0.0,0.6292307692307693
42.0,5.0,52.0,0.6,0.1,0.6,2.0,645.0,0.0,0.0,0.6263565891472869
42.0,6.0,1.0,0.6,0.1,0.6,2.0,641.0,0.0,0.0,0.6287051482059283
42.0,6.0,2.0,0.6,0.1,0.6,2.0,642.0,0.0,0.0,0.6261682242990654
42.0,6.0,3.0,0.6,0.1,0.6,2.0,637.0,0.0,0.0,0.6279434850863422
42.0,6.0,4.0,0.6,0.1,0.6,2.0,638.0,0.0,0.0,0.6285266457680251
42.0,6.0,5.0,0.6,0.1,0.6,2.0,633.0,0.0,0.0,0.6287519747235387
42.0,6.0,6.0,0.6,0.1,0.6,2.0,636.0,0.0,0.0,0.6273584905660378
42.0,6.0,7.0,0.6,0.1,0.6,2.0,636.0,0.0,0.0,0.6305031446540881
42.0,6.0,8.0,0.6,0.1,0.6,2.0,610.0,0.0,0.0,0.6360655737704918
42.0,6.0,9.0,0.6,0.1,0.6,2.0,607.0,0.0,0.0,0.6392092257001647
42.0,6.0,10.0,0.6,0.1,0.6,2.0,604.0,0.0,0.0,0.6390728476821192
42.0,6.0,11.0,0.6,0.1,0.6,2.0,605.0,0.0,0.0,0.6396694214876033
42.0,6.0,12.0,0.6,0.1,0.6,2.0,602.0,0.0,0.0,0.6378737541528239
42.0,6.0,13.0,0.6,0.1,0.6,2.0,603.0,0.0,0.0,0.6384742951907131
42.0,6.0,14.0,0.6,0.1,0.6,2.0,600.0,0.0,0.0,0.6366666666666667
42.0,6.0,15.0,0.6,0.1,0.6,2.0,603.0,0.0,0.0,0.6384742951907131
42.0,6.0,16.0,0.6,0.1,0.6,2.0,599.0,0.0,0.0,0.6360601001669449
42.0,6.0,17.0,0.6,0.1,0.6,2.0,600.0,0.0,0.0,0.6366666666666667
42.0,6.0,18.0,0.6,0.1,0.6,2.0,598.0,0.0,0.0,0.6354515050167224
42.0,6.0,19.0,0.6,0.1,0.6,2.0,598.0,0.0,0.0,0.6354515050167224
42.0,6.0,20.0,0.6,0.1,0.6,2.0,1029.0,0.0,0.0,0.3683187560738581
42.0,6.0,21.0,0.6,0.1,0.6,2.0,984.0,0.0,0.0,0.3719512195121951
42.0,6.0,22.0,0.6,0.1,0.6,2.0,925.0,0.0,0.0,0.3816216216216216
42.0,6.0,23.0,0.6,0.1,0.6,2.0,872.0,0.0,0.0,0.38646788990825687
42.0,6.0,24.0,0.6,0.1,0.6,2.0,855.0,0.0,0.0,0.3883040935672515
42.0,6.0,25.0,0.6,0.1,0.6,2.0,835.0,0.0,0.0,0.3844311377245509
42.0,6.0,26.0,0.6,0.1,0.6,2.0,819.0,0.0,0.0,0.38461538461538464
42.0,6.0,27.0,0.6,0.1,0.6,2.0,813.0,0.0,0.0,0.3813038130381304
42.0,6.0,28.0,0.6,0.1,0.6,2.0,788.0,0.0,0.0,0.38578680203045684
42.0,6.0,29.0,0.6,0.1,0.6,2.0,770.0,0.0,0.0,0.38181818181818183
42.0,6.0,30.0,0.6,0.1,0.6,2.0,759.0,0.0,0.0,0.383399209486166
42.0,6.0,31.0,0.6,0.1,0.6,2.0,753.0,0.0,0.0,0.3837981407702523
42.0,6.0,32.0,0.6,0.1,0.6,2.0,750.0,0.0,0.0,0.384
42.0,6.0,33.0,0.6,0.1,0.6,2.0,735.0,0.0,0.0,0.3891156462585034
42.0,6.0,34.0,0.6,0.1,0.6,2.0,724.0,0.0,0.0,0.39088397790055246
42.0,6.0,35.0,0.6,0.1,0.6,2.0,719.0,0.0,0.0,0.39360222531293465
42.0,6.0,36.0,0.6,0.1,0.6,2.0,724.0,0.0,0.0,0.39088397790055246
42.0,6.0,37.0,0.6,0.1,0.6,2.0,719.0,0.0,0.0,0.39360222531293465
42.0,6.0,38.0,0.6,0.1,0.6,2.0,707.0,0.0,0.0,0.39603960396039606
42.0,6.0,39.0,0.6,0.1,0.6,2.0,707.0,0.0,0.0,0.39745403111739747
42.0,6.0,40.0,0.6,0.1,0.6,2.0,708.0,0.0,0.0,0.3968926553672316
42.0,6.0,41.0,0.6,0.1,0.6,2.0,707.0,0.0,0.0,0.39745403111739747
42.0,6.0,42.0,0.6,0.1,0.6,2.0,707.0,0.0,0.0,0.39603960396039606
42.0,6.0,43.0,0.6,0.1,0.6,2.0,665.0,0.0,0.0,0.4045112781954887
42.0,6.0,44.0,0.6,0.1,0.6,2.0,663.0,0.0,0.0,0.40120663650075417
42.0,6.0,45.0,0.6,0.1,0.6,2.0,662.0,0.0,0.0,0.6570996978851964
42.0,6.0,46.0,0.6,0.1,0.6,2.0,662.0,0.0,0.0,0.6555891238670695
42.0,6.0,47.0,0.6,0.1,0.6,2.0,661.0,0.0,0.0,0.6565809379727685
42.0,6.0,48.0,0.6,0.1,0.6,2.0,658.0,0.0,0.0,0.6550151975683891
42.0,6.0,49.0,0.6,0.1,0.6,2.0,651.0,0.0,0.0,0.6543778801843319
42.0,6.0,50.0,0.6,0.1,0.6,2.0,642.0,0.0,0.0,0.6526479750778816
42.0,6.0,51.0,0.6,0.1,0.6,2.0,634.0,0.0,0.0,0.6529968454258676
42.0,6.0,52.0,0.6,0.1,0.6,2.0,638.0,0.0,0.0,0.6520376175548589
42.0,7.0,1.0,0.6,0.1,0.6,2.0,631.0,0.0,0.0,0.6513470681458003
42.0,7.0,2.0,0.6,0.1,0.6,2.0,636.0,0.0,0.0,0.6525157232704403
42.0,7.0,3.0,0.6,0.1,0.6,2.0,626.0,0.0,0.0,0.6501597444089456
42.0,7.0,4.0,0.6,0.1,0.6,2.0,618.0,0.0,0.0,0.6521035598705501
42.0,7.0,5.0,0.6,0.1,0.6,2.0,609.0,0.0,0.0,0.6486042692939245
42.0,7.0,6.0,0.6,0.1,0.6,2.0,601.0,0.0,0.0,0.64891846921797
42.0,7.0,7.0,0.6,0.1,0.6,2.0,603.0,0.0,0.0,0.6500829187396352
42.0,7.0,8.0,0.6,0.1,0.6,2.0,598.0,0.0,0.0,0.6488294314381271
42.0,7.0,9.0,0.6,0.1,0.6,2.0,600.0,0.0,0.0,0.65
42.0,7.0,10.0,0.6,0.1,0.6,2.0,592.0,0.0,0.0,0.6503378378378378
42.0,7.0,11.0,0.6,0.1,0.6,2.0,598.0,0.0,0.0,0.6505016722408027
42.0,7.0,12.0,0.6,0.1,0.6,2.0,594.0,0.0,0.0,0.6498316498316499
42.0,7.0,13.0,0.6,0.1,0.6,2.0,593.0,0.0,0.0,0.6492411467116358
42.0,7.0,14.0,0.6,0.1,0.6,2.0,592.0,0.0,0.0,0.6486486486486487
42.0,7.0,15.0,0.6,0.1,0.6,2.0,593.0,0.0,0.0,0.6492411467116358
42.0,7.0,16.0,0.6,0.1,0.6,2.0,592.0,0.0,0.0,0.6503378378378378
42.0,7.0,17.0,0.6,0.1,0.6,2.0,593.0,0.0,0.0,0.6475548060708263
42.0,7.0,18.0,0.6,0.1,0.6,2.0,591.0,0.0,0.0,0.649746192893401
42.0,7.0,19.0,0.6,0.1,0.6,2.0,590.0,0.0,0.0,0.6474576271186441
42.0,7.0,20.0,0.6,0.1,0.6,2.0,1067.0,0.0,0.0,0.3570759137769447
42.0,7.0,21.0,0.6,0.1,0.6,2.0,1046.0,0.0,0.0,0.3565965583173996
42.0,7.0,22.0,0.6,0.1,0.6,2.0,978.0,0.0,0.0,0.3588957055214724
42.0,7.0,23.0,0.6,0.1,0.6,2.0,942.0,0.0,0.0,0.3609341825902335
42.0,7.0,24.0,0.6,0.1,0.6,2.0,929.0,0.0,0.0,0.3606027987082885
42.0,7.0,25.0,0.6,0.1,0.6,2.0,918.0,0.0,0.0,0.35947712418300654
42.0,7.0,26.0,0.6,0.1,0.6,2.0,876.0,0.0,0.0,0.3664383561643836
42.0,7.0,27.0,0.6,0.1,0.6,2.0,859.0,0.0,0.0,0.36670547147846333
42.0,7.0,28.0,0.6,0.1,0.6,2.0,839.0,0.0,0.0,0.36471990464839094
42.0,7.0,29.0,0.6,0.1,0.6,2.0,835.0,0.0,0.0,0.362874251497006
42.0,7.0,30.0,0.6,0.1,0.6,2.0,802.0,0.0,0.0,0.3653366583541147
42.0,7.0,31.0,0.6,0.1,0.6,2.0,801.0,0.0,0.0,0.3645443196004994
42.0,7.0,32.0,0.6,0.1,0.6,2.0,801.0,0.0,0.0,0.365792759051186
42.0,7.0,33.0,0.6,0.1,0.6,2.0,784.0,0.0,0.0,0.36607142857142855
42.0,7.0,34.0,0.6,0.1,0.6,2.0,787.0,0.0,0.0,0.3697585768742058
42.0,7.0,35.0,0.6,0.1,0.6,2.0,780.0,0.0,0.0,0.36666666666666664
42.0,7.0,36.0,0.6,0.1,0.6,2.0,774.0,0.0,0.0,0.3733850129198966
42.0,7.0,37.0,0.6,0.1,0.6,2.0,753.0,0.0,0.0,0.37715803452855245
42.0,7.0,38.0,0.6,0.1,0.6,2.0,745.0,0.0,0.0,0.3785234899328859
42.0,7.0,39.0,0.6,0.1,0.6,2.0,740.0,0.0,0.0,0.377027027027027
42.0,7.0,40.0,0.6,0.1,0.6,2.0,747.0,0.0,0.0,0.37617135207496655
42.0,7.0,41.0,0.6,0.1,0.6,2.0,739.0,0.0,0.0,0.3761840324763194
42.0,7.0,42.0,0.6,0.1,0.6,2.0,747.0,0.0,0.0,0.37617135207496655
42.0,7.0,43.0,0.6,0.1,0.6,2.0,739.0,0.0,0.0,0.3761840324763194
42.0,7.0,44.0,0.6,0.1,0.6,2.0,747.0,0.0,0.0,0.37617135207496655
42.0,7.0,45.0,0.6,0.1,0.6,2.0,738.0,0.0,0.0,0.6219512195121951
42.0,7.0,46.0,0.6,0.1,0.6,2.0,747.0,0.0,0.0,0.6211512717536813
42.0,7.0,47.0,0.6,0.1,0.6,2.0,737.0,0.0,0.0,0.621438263229308
42.0,7.0,48.0,0.6,0.1,0.6,2.0,732.0,0.0,0.0,0.6202185792349727
42.0,7.0,49.0,0.6,0.1,0.6,2.0,714.0,0.0,0.0,0.6218487394957983
42.0,7.0,50.0,0.6,0.1,0.6,2.0,710.0,0.0,0.0,0.6211267605633802
42.0,7.0,51.0,0.6,0.1,0.6,2.0,693.0,0.0,0.0,0.6248196248196248
42.0,7.0,52.0,0.6,0.1,0.6,2.0,690.0,0.0,0.0,0.6246376811594203
42.0,8.0,1.0,0.6,0.1,0.6,2.0,691.0,0.0,0.0,0.6251808972503617
42.0,8.0,2.0,0.6,0.1,0.6,2.0,677.0,0.0,0.0,0.6248153618906942
42.0,8.0,3.0,0.6,0.1,0.6,2.0,679.0,0.0,0.0,0.625920471281296
42.0,8.0,4.0,0.6,0.1,0.6,2.0,662.0,0.0,0.0,0.6314199395770392
42.0,8.0,5.0,0.6,0.1,0.6,2.0,665.0,0.0,0.0,0.631578947368421
42.0,8.0,6.0,0.6,0.1,0.6,2.0,648.0,0.0,0.0,0.6342592592592593
42.0,8.0,7.0,0.6,0.1,0.6,2.0,652.0,0.0,0.0,0.6349693251533742
42.0,8.0,8.0,0.6,0.1,0.6,2.0,641.0,0.0,0.0,0.6380655226209049
42.0,8.0,9.0,0.6,0.1,0.6,2.0,644.0,0.0,0.0,0.6381987577639752
42.0,8.0,10.0,0.6,0.1,0.6,2.0,634.0,0.0,0.0,0.6419558359621451
42.0,8.0,11.0,0.6,0.1,0.6,2.0,638.0,0.0,0.0,0.6442006269592476
42.0,8.0,12.0,0.6,0.1,0.6,2.0,634.0,0.0,0.0,0.6419558359621451
42.0,8.0,13.0,0.6,0.1,0.6,2.0,637.0,0.0,0.0,0.6436420722135008
42.0,8.0,14.0,0.6,0.1,0.6,2.0,633.0,0.0,0.0,0.641390205371248
42.0,8.0,15.0,0.6,0.1,0.6,2.0,638.0,0.0,0.0,0.6426332288401254
42.0,8.0,16.0,0.6,0.1,0.6,2.0,633.0,0.0,0.0,0.641390205371248
42.0,8.0,17.0,0.6,0.1,0.6,2.0,637.0,0.0,0.0,0.640502354788069
42.0,8.0,18.0,0.6,0.1,0.6,2.0,631.0,0.0,0.0,0.6402535657686212
42.0,8.0,19.0,0.6,0.1,0.6,2.0,637.0,0.0,0.0,0.640502354788069
42.0,8.0,20.0,0.6,0.1,0.6,2.0,1040.0,0.0,0.0,0.3778846153846154
42.0,8.0,21.0,0.6,0.1,0.6,2.0,1020.0,0.0,0.0,0.37941176470588234
42.0,8.0,22.0,0.6,0.1,0.6,2.0,963.0,0.0,0.0,0.3852544132917965
42.0,8.0,23.0,0.6,0.1,0.6,2.0,952.0,0.0,0.0,0.3865546218487395
42.0,8.0,24.0,0.6,0.1,0.6,2.0,940.0,0.0,0.0,0.3882978723404255
42.0,8.0,25.0,0.6,0.1,0.6,2.0,939.0,0.0,0.0,0.3876464323748669
42.0,8.0,26.0,0.6,0.1,0.6,2.0,920.0,0.0,0.0,0.391304347826087
42.0,8.0,27.0,0.6,0.1,0.6,2.0,930.0,0.0,0.0,0.38924731182795697
42.0,8.0,28.0,0.6,0.1,0.6,2.0,894.0,0.0,0.0,0.39485458612975394
42.0,8.0,29.0,0.6,0.1,0.6,2.0,879.0,0.0,0.0,0.39590443686006827
42.0,8.0,30.0,0.6,0.1,0.6,2.0,873.0,0.0,0.0,0.3974799541809851
42.0,8.0,31.0,0.6,0.1,0.6,2.0,860.0,0.0,0.0,0.4
42.0,8.0,32.0,0.6,0.1,0.6,2.0,841.0,0.0,0.0,0.4042806183115339
42.0,8.0,33.0,0.6,0.1,0.6,2.0,834.0,0.0,0.0,0.4040767386091127
42.0,8.0,34.0,0.6,0.1,0.6,2.0,802.0,0.0,0.0,0.415211970074813
42.0,8.0,35.0,0.6,0.1,0.6,2.0,769.0,0.0,0.0,0.42002600780234073
42.0,8.0,36.0,0.6,0.1,0.6,2.0,762.0,0.0,0.0,0.4238845144356955
42.0,8.0,37.0,0.6,0.1,0.6,2.0,741.0,0.0,0.0,0.42375168690958165
42.0,8.0,38.0,0.6,0.1,0.6,2.0,721.0,0.0,0.0,0.43134535367545074
42.0,8.0,39.0,0.6,0.1,0.6,2.0,708.0,0.0,0.0,0.4293785310734463
42.0,8.0,40.0,0.6,0.1,0.6,2.0,708.0,0.0,0.0,0.4307909604519774
42.0,8.0,41.0,0.6,0.1,0.6,2.0,696.0,0.0,0.0,0.4324712643678161
42.0,8.0,42.0,0.6,0.1,0.6,2.0,695.0,0.0,0.0,0.43453237410071943
42.0,8.0,43.0,0.6,0.1,0.6,2.0,695.0,0.0,0.0,0.4316546762589928
42.0,8.0,44.0,0.6,0.1,0.6,2.0,694.0,0.0,0.0,0.43515850144092216
42.0,8.0,45.0,0.6,0.1,0.6,2.0,691.0,0.0,0.0,0.6700434153400868
42.0,8.0,46.0,0.6,0.1,0.6,2.0,694.0,0.0,0.0,0.6714697406340058
42.0,8.0,47.0,0.6,0.1,0.6,2.0,680.0,0.0,0.0,0.675
42.0,8.0,48.0,0.6,0.1,0.6,2.0,682.0,0.0,0.0,0.6759530791788856
42.0,8.0,49.0,0.6,0.1,0.6,2.0,678.0,0.0,0.0,0.6740412979351033
42.0,8.0,50.0,0.6,0.1,0.6,2.0,681.0,0.0,0.0,0.6754772393538914
42.0,8.0,51.0,0.6,0.1,0.6,2.0,679.0,0.0,0.0,0.6759941089837997
42.0,8.0,52.0,0.6,0.1,0.6,2.0,676.0,0.0,0.0,0.6775147928994083
42.0,9.0,1.0,0.6,0.1,0.6,2.0,678.0,0.0,0.0,0.6784660766961652
42.0,9.0,2.0,0.6,0.1,0.6,2.0,676.0,0.0,0.0,0.6775147928994083
42.0,9.0,3.0,0.6,0.1,0.6,2.0,665.0,0.0,0.0,0.6781954887218045
42.0,9.0,4.0,0.6,0.1,0.6,2.0,639.0,0.0,0.0,0.6823161189358372
42.0,9.0,5.0,0.6,0.1,0.6,2.0,640.0,0.0,0.0,0.68125
42.0,9.0,6.0,0.6,0.1,0.6,2.0,640.0,0.0,0.0,0.6828125
42.0,9.0,7.0,0.6,0.1,0.6,2.0,642.0,0.0,0.0,0.6822429906542056
42.0,9.0,8.0,0.6,0.1,0.6,2.0,620.0,0.0,0.0,0.6854838709677419
42.0,9.0,9.0,0.6,0.1,0.6,2.0,624.0,0.0,0.0,0.6891025641025641
42.0,9.0,10.0,0.6,0.1,0.6,2.0,618.0,0.0,0.0,0.6893203883495146
42.0,9.0,11.0,0.6,0.1,0.6,2.0,623.0,0.0,0.0,0.6902086677367576
42.0,9.0,12.0,0.6,0.1,0.6,2.0,618.0,0.0,0.0,0.6877022653721683
42.0,9.0,13.0,0.6,0.1,0.6,2.0,621.0,0.0,0.0,0.6908212560386473
42.0,9.0,14.0,0.6,0.1,0.6,2.0,621.0,0.0,0.0,0.6876006441223832
42.0,9.0,15.0,0.6,0.1,0.6,2.0,618.0,0.0,0.0,0.6925566343042071
42.0,9.0,16.0,0.6,0.1,0.6,2.0,622.0,0.0,0.0,0.6881028938906752
42.0,9.0,17.0,0.6,0.1,0.6,2.0,606.0,0.0,0.0,0.693069306930693
42.0,9.0,18.0,0.6,0.1,0.6,2.0,609.0,0.0,0.0,0.6912972085385879
42.0,9.0,19.0,0.6,0.1,0.6,2.0,605.0,0.0,0.0,0.6942148760330579
42.0,9.0,20.0,0.6,0.1,0.6,2.0,1051.0,0.0,0.0,0.384395813510942
42.0,9.0,21.0,0.6,0.1,0.6,2.0,1001.0,0.0,0.0,0.3906093906093906
42.0,9.0,22.0,0.6,0.1,0.6,2.0,962.0,0.0,0.0,0.3887733887733888
42.0,9.0,23.0,0.6,0.1,0.6,2.0,928.0,0.0,0.0,0.3954741379310345
42.0,9.0,24.0,0.6,0.1,0.6,2.0,905.0,0.0,0.0,0.39226519337016574
42.0,9.0,25.0,0.6,0.1,0.6,2.0,866.0,0.0,0.0,0.39838337182448036
42.0,9.0,26.0,0.6,0.1,0.6,2.0,872.0,0.0,0.0,0.3944954128440367
42.0,9.0,27.0,0.6,0.1,0.6,2.0,792.0,0.0,0.0,0.4128787878787879
42.0,9.0,28.0,0.6,0.1,0.6,2.0,804.0,0.0,0.0,0.4116915422885572
42.0,9.0,29.0,0.6,0.1,0.6,2.0,773.0,0.0,0.0,0.4152652005174644
42.0,9.0,30.0,0.6,0.1,0.6,2.0,769.0,0.0,0.0,0.41482444733420026
42.0,9.0,31.0,0.6,0.1,0.6,2.0,766.0,0.0,0.0,0.412532637075718
42.0,9.0,32.0,0.6,0.1,0.6,2.0,755.0,0.0,0.0,0.41589403973509936
42.0,9.0,33.0,0.6,0.1,0.6,2.0,738.0,0.0,0.0,0.4146341463414634
42.0,9.0,34.0,0.6,0.1,0.6,2.0,744.0,0.0,0.0,0.4166666666666667
42.0,9.0,35.0,0.6,0.1,0.6,2.0,726.0,0.0,0.0,0.418732782369146
42.0,9.0,36.0,0.6,0.1,0.6,2.0,727.0,0.0,0.0,0.422283356258597
42.0,9.0,37.0,0.6,0.1,0.6,2.0,689.0,0.0,0.0,0.4339622641509434
42.0,9.0,38.0,0.6,0.1,0.6,2.0,692.0,0.0,0.0,0.4320809248554913
42.0,9.0,39.0,0.6,0.1,0.6,2.0,662.0,0.0,0.0,0.4395770392749245
42.0,9.0,40.0,0.6,0.1,0.6,2.0,678.0,0.0,0.0,0.4336283185840708
42.0,9.0,41.0,0.6,0.1,0.6,2.0,665.0,0.0,0.0,0.43909774436090226
42.0,9.0,42.0,0.6,0.1,0.6,2.0,665.0,0.0,0.0,0.43759398496240604
42.0,9.0,43.0,0.6,0.1,0.6,2.0,653.0,0.0,0.0,0.444104134762634
42.0,9.0,44.0,0.6,0.1,0.6,2.0,653.0,0.0,0.0,0.442572741194487
42.0,9.0,45.0,0.6,0.1,0.6,2.0,657.0,0.0,0.0,0.6529680365296804
42.0,9.0,46.0,0.6,0.1,0.6,2.0,641.0,0.0,0.0,0.6552262090483619
42.0,9.0,47.0,0.6,0.1,0.6,2.0,634.0,0.0,0.0,0.6498422712933754
42.0,9.0,48.0,0.6,0.1,0.6,2.0,630.0,0.0,0.0,0.653968253968254
42.0,9.0,49.0,0.6,0.1,0.6,2.0,634.0,0.0,0.0,0.6498422712933754
42.0,9.0,50.0,0.6,0.1,0.6,2.0,632.0,0.0,0.0,0.6534810126582279
42.0,9.0,51.0,0.6,0.1,0.6,2.0,628.0,0.0,0.0,0.6544585987261147
42.0,9.0,52.0,0.6,0.1,0.6,2.0,624.0,0.0,0.0,0.6586538461538461
42.0,10.0,1.0,0.6,0.1,0.6,2.0,626.0,0.0,0.0,0.6565495207667732
42.0,10.0,2.0,0.6,0.1,0.6,2.0,624.0,0.0,0.0,0.6586538461538461
42.0,10.0,3.0,0.6,0.1,0.6,2.0,626.0,0.0,0.0,0.6565495207667732
42.0,10.0,4.0,0.6,0.1,0.6,2.0,624.0,0.0,0.0,0.657051282051282
42.0,10.0,5.0,0.6,0.1,0.6,2.0,625.0,0.0,0.0,0.6576
42.0,10.0,6.0,0.6,0.1,0.6,2.0,623.0,0.0,0.0,0.6581059390048154
42.0,10.0,7.0,0.6,0.1,0.6,2.0,624.0,0.0,0.0,0.657051282051282
42.0,10.0,8.0,0.6,0.1,0.6,2.0,609.0,0.0,0.0,0.6584564860426929
42.0,10.0,9.0,0.6,0.1,0.6,2.0,610.0,0.0,0.0,0.659016393442623
42.0,10.0,10.0,0.6,0.1,0.6,2.0,604.0,0.0,0.0,0.6589403973509934
42.0,10.0,11.0,0.6,0.1,0.6,2.0,604.0,0.0,0.0,0.6572847682119205
42.0,10.0,12.0,0.6,0.1,0.6,2.0,603.0,0.0,0.0,0.6600331674958541
42.0,10.0,13.0,0.6,0.1,0.6,2.0,604.0,0.0,0.0,0.6572847682119205
42.0,10.0,14.0,0.6,0.1,0.6,2.0,603.0,0.0,0.0,0.6600331674958541
42.0,10.0,15.0,0.6,0.1,0.6,2.0,605.0,0.0,0.0,0.6578512396694215
42.0,10.0,16.0,0.6,0.1,0.6,2.0,603.0,0.0,0.0,0.6583747927031509
42.0,10.0,17.0,0.6,0.1,0.6,2.0,602.0,0.0,0.0,0.6578073089700996
42.0,10.0,18.0,0.6,0.1,0.6,2.0,601.0,0.0,0.0,0.6572379367720466
42.0,10.0,19.0,0.6,0.1,0.6,2.0,592.0,0.0,0.0,0.6587837837837838
42.0,10.0,20.0,0.6,0.1,0.6,2.0,1010.0,0.0,0.0,0.36336633663366336
42.0,10.0,21.0,0.6,0.1,0.6,2.0,993.0,0.0,0.0,0.364551863041289
42.0,10.0,22.0,0.6,0.1,0.6,2.0,953.0,0.0,0.0,0.36621196222455404
42.0,10.0,23.0,0.6,0.1,0.6,2.0,938.0,0.0,0.0,0.3646055437100213
42.0,10.0,24.0,0.6,0.1,0.6,2.0,930.0,0.0,0.0,0.3688172043010753
42.0,10.0,25.0,0.6,0.1,0.6,2.0,907.0,0.0,0.0,0.37265711135611906
42.0,10.0,26.0,0.6,0.1,0.6,2.0,880.0,0.0,0.0,0.37727272727272726
42.0,10.0,27.0,0.6,0.1,0.6,2.0,857.0,0.0,0.0,0.3757292882147025
42.0,10.0,28.0,0.6,0.1,0.6,2.0,852.0,0.0,0.0,0.37910798122065725
42.0,10.0,29.0,0.6,0.1,0.6,2.0,787.0,0.0,0.0,0.386277001270648
42.0,10.0,30.0,0.6,0.1,0.6,2.0,757.0,0.0,0.0,0.3910171730515192
42.0,10.0,31.0,0.6,0.1,0.6,2.0,762.0,0.0,0.0,0.38713910761154857
42.0,10.0,32.0,0.6,0.1,0.6,2.0,756.0,0.0,0.0,0.3915343915343915
42.0,10.0,33.0,0.6,0.1,0.6,2.0,749.0,0.0,0.0,0.38584779706275035
42.0,10.0,34.0,0.6,0.1,0.6,2.0,726.0,0.0,0.0,0.3939393939393939
42.0,10.0,35.0,0.6,0.1,0.6,2.0,718.0,0.0,0.0,0.39275766016713093
42.0,10.0,36.0,0.6,0.1,0.6,2.0,715.0,0.0,0.0,0.3972027972027972
42.0,10.0,37.0,0.6,0.1,0.6,2.0,706.0,0.0,0.0,0.3937677053824363
42.0,10.0,38.0,0.6,0.1,0.6,2.0,703.0,0.0,0.0,0.39829302987197723
42.0,10.0,39.0,0.6,0.1,0.6,2.0,706.0,0.0,0.0,0.3937677053824363
42.0,10.0,40.0,0.6,0.1,0.6,2.0,687.0,0.0,0.0,0.40611353711790393
42.0,10.0,41.0,0.6,0.1,0.6,2.0,692.0,0.0,0.0,0.40173410404624277
42.0,10.0,42.0,0.6,0.1,0.6,2.0,685.0,0.0,0.0,0.4058394160583942
42.0,10.0,43.0,0.6,0.1,0.6,2.0,692.0,0.0,0.0,0.40173410404624277
42.0,10.0,44.0,0.6,0.1,0.6,2.0,685.0,0.0,0.0,0.4058394160583942
42.0,10.0,45.0,0.6,0.1,0.6,2.0,692.0,0.0,0.0,0.6416184971098265
42.0,10.0,46.0,0.6,0.1,0.6,2.0,659.0,0.0,0.0,0.6327769347496206
42.0,10.0,47.0,0.6,0.1,0.6,2.0,661.0,0.0,0.0,0.6338880484114977
42.0,10.0,48.0,0.6,0.1,0.6,2.0,659.0,0.0,0.0,0.6327769347496206
42.0,10.0,49.0,0.6,0.1,0.6,2.0,662.0,0.0,0.0,0.6344410876132931
42.0,10.0,50.0,0.6,0.1,0.6,2.0,658.0,0.0,0.0,0.6352583586626139
42.0,10.0,51.0,0.6,0.1,0.6,2.0,661.0,0.0,0.0,0.6354009077155824
42.0,10.0,52.0,0.6,0.1,0.6,2.0,642.0,0.0,0.0,0.6386292834890965
43.0,1.0,1.0,0.6,0.1,0.6,2.0,5107.0,51.0,10.0,0.6038770315253573
43.0,1.0,2.0,0.6,0.1,0.6,2.0,5061.0,52.0,15.0,0.6032404663110057
43.0,1.0,3.0,0.6,0.1,0.6,2.0,4975.0,56.0,33.0,0.6044221105527638
43.0,1.0,4.0,0.6,0.1,0.6,2.0,4924.0,64.0,31.0,0.6060113728675873
43.0,1.0,5.0,0.6,0.1,0.6,2.0,4946.0,80.0,32.0,0.6067529316619491
43.0,1.0,6.0,0.6,0.1,0.6,2.0,4808.0,72.0,25.0,0.6071131447587355
43.0,1.0,7.0,0.6,0.1,0.6,2.0,4659.0,73.0,33.0,0.6087143163769049
43.0,1.0,8.0,0.6,0.1,0.6,2.0,4536.0,82.0,37.0,0.6108906525573192
43.0,1.0,9.0,0.6,0.1,0.6,2.0,4459.0,87.0,44.0,0.6106750392464678
43.0,1.0,10.0,0.6,0.1,0.6,2.0,4332.0,86.0,37.0,0.6128808864265928
43.0,1.0,11.0,0.6,0.1,0.6,2.0,4238.0,91.0,43.0,0.6137328928739971
43.0,1.0,12.0,0.6,0.1,0.6,2.0,4147.0,89.0,40.0,0.616349168073306
43.0,1.0,13.0,0.6,0.1,0.6,2.0,4047.0,99.0,39.0,0.6162589572522856
43.0,1.0,14.0,0.6,0.1,0.6,2.0,3966.0,93.0,38.0,0.6177508825012608
43.0,1.0,15.0,0.6,0.1,0.6,2.0,3911.0,89.0,42.0,0.6192789567885452
43.0,1.0,16.0,0.6,0.1,0.6,2.0,3825.0,89.0,42.0,0.6201307189542483
43.0,1.0,17.0,0.6,0.1,0.6,2.0,3726.0,87.0,50.0,0.6221148684916801
43.0,1.0,18.0,0.6,0.1,0.6,2.0,3622.0,80.0,39.0,0.6258972943125345
43.0,1.0,19.0,0.6,0.1,0.6,2.0,3575.0,81.0,35.0,0.62993006993007
43.0,1.0,20.0,0.6,0.1,0.6,2.0,6594.0,69.0,28.0,0.33363663936912347
43.0,1.0,21.0,0.6,0.1,0.6,2.0,6247.0,106.0,33.0,0.3374419721466304
43.0,1.0,22.0,0.6,0.1,0.6,2.0,5979.0,124.0,45.0,0.33968891118916206
43.0,1.0,23.0,0.6,0.1,0.6,2.0,5715.0,144.0,54.0,0.3429571303587052
43.0,1.0,24.0,0.6,0.1,0.6,2.0,5287.0,144.0,63.0,0.3487800264800454
43.0,1.0,25.0,0.6,0.1,0.6,2.0,5071.0,146.0,64.0,0.35397357523170975
43.0,1.0,26.0,0.6,0.1,0.6,2.0,4819.0,153.0,63.0,0.3583731064536211
43.0,1.0,27.0,0.6,0.1,0.6,2.0,4606.0,154.0,58.0,0.3617021276595745
43.0,1.0,28.0,0.6,0.1,0.6,2.0,4330.0,172.0,64.0,0.36327944572748266
43.0,1.0,29.0,0.6,0.1,0.6,2.0,4085.0,172.0,71.0,0.36866585067319463
43.0,1.0,30.0,0.6,0.1,0.6,2.0,3929.0,178.0,74.0,0.37185034359888014
43.0,1.0,31.0,0.6,0.1,0.6,2.0,3783.0,185.0,81.0,0.3753634681469733
43.0,1.0,32.0,0.6,0.1,0.6,2.0,3659.0,201.0,86.0,0.37879201967750753
43.0,1.0,33.0,0.6,0.1,0.6,2.0,3551.0,213.0,98.0,0.381019431146156
43.0,1.0,34.0,0.6,0.1,0.6,2.0,3431.0,213.0,101.0,0.3835616438356164
43.0,1.0,35.0,0.6,0.1,0.6,2.0,3293.0,220.0,111.0,0.38748861220771336
43.0,1.0,36.0,0.6,0.1,0.6,2.0,3150.0,212.0,93.0,0.3933333333333333
43.0,1.0,37.0,0.6,0.1,0.6,2.0,3033.0,224.0,98.0,0.39564787339268054
43.0,1.0,38.0,0.6,0.1,0.6,2.0,2922.0,230.0,89.0,0.40314852840520193
43.0,1.0,39.0,0.6,0.1,0.6,2.0,2851.0,242.0,100.0,0.4061732725359523
43.0,1.0,40.0,0.6,0.1,0.6,2.0,2722.0,238.0,99.0,0.4132990448199853
43.0,1.0,41.0,0.6,0.1,0.6,2.0,2593.0,224.0,115.0,0.42113382182799847
43.0,1.0,42.0,0.6,0.1,0.6,2.0,2470.0,218.0,101.0,0.43360323886639673
43.0,1.0,43.0,0.6,0.1,0.6,2.0,2387.0,207.0,84.0,0.4407205697528278
43.0,1.0,44.0,0.6,0.1,0.6,2.0,2282.0,191.0,91.0,0.4504820333041192
43.0,1.0,45.0,0.6,0.1,0.6,2.0,2219.0,199.0,95.0,0.6719242902208202
43.0,1.0,46.0,0.6,0.1,0.6,2.0,2145.0,188.0,101.0,0.6801864801864802
43.0,1.0,47.0,0.6,0.1,0.6,2.0,2055.0,139.0,79.0,0.6895377128953771
43.0,1.0,48.0,0.6,0.1,0.6,2.0,1971.0,115.0,65.0,0.6945712836123795
43.0,1.0,49.0,0.6,0.1,0.6,2.0,1878.0,90.0,56.0,0.6980830670926518
43.0,1.0,50.0,0.6,0.1,0.6,2.0,1852.0,79.0,52.0,0.7046436285097192
43.0,1.0,51.0,0.6,0.1,0.6,2.0,1810.0,67.0,47.0,0.7066298342541436
43.0,1.0,52.0,0.6,0.1,0.6,2.0,1752.0,48.0,32.0,0.7134703196347032
43.0,2.0,1.0,0.6,0.1,0.6,2.0,1716.0,39.0,20.0,0.7156177156177156
43.0,2.0,2.0,0.6,0.1,0.6,2.0,1689.0,27.0,14.0,0.7211367673179396
43.0,2.0,3.0,0.6,0.1,0.6,2.0,1658.0,28.0,16.0,0.7219541616405307
43.0,2.0,4.0,0.6,0.1,0.6,2.0,1637.0,28.0,15.0,0.723885155772755
43.0,2.0,5.0,0.6,0.1,0.6,2.0,1611.0,22.0,9.0,0.7237740533829919
43.0,2.0,6.0,0.6,0.1,0.6,2.0,1595.0,16.0,8.0,0.7266457680250784
43.0,2.0,7.0,0.6,0.1,0.6,2.0,1579.0,16.0,9.0,0.7264091196960102
43.0,2.0,8.0,0.6,0.1,0.6,2.0,1563.0,18.0,12.0,0.72808701215611
43.0,2.0,9.0,0.6,0.1,0.6,2.0,1543.0,14.0,8.0,0.7310434219053791
43.0,2.0,10.0,0.6,0.1,0.6,2.0,1534.0,12.0,7.0,0.7320730117340287
43.0,2.0,11.0,0.6,0.1,0.6,2.0,1518.0,11.0,4.0,0.7338603425559947
43.0,2.0,12.0,0.6,0.1,0.6,2.0,1511.0,9.0,4.0,0.7359364659166115
43.0,2.0,13.0,0.6,0.1,0.6,2.0,1487.0,8.0,5.0,0.7350369872225958
43.0,2.0,14.0,0.6,0.1,0.6,2.0,1474.0,8.0,6.0,0.7367706919945726
43.0,2.0,15.0,0.6,0.1,0.6,2.0,1453.0,7.0,4.0,0.735719201651755
43.0,2.0,16.0,0.6,0.1,0.6,2.0,1430.0,6.0,3.0,0.7335664335664336
43.0,2.0,17.0,0.6,0.1,0.6,2.0,1405.0,5.0,2.0,0.7323843416370107
43.0,2.0,18.0,0.6,0.1,0.6,2.0,1378.0,6.0,2.0,0.7343976777939042
43.0,2.0,19.0,0.6,0.1,0.6,2.0,1359.0,5.0,2.0,0.7328918322295805
43.0,2.0,20.0,0.6,0.1,0.6,2.0,2516.0,4.0,3.0,0.39109697933227344
43.0,2.0,21.0,0.6,0.1,0.6,2.0,2454.0,4.0,4.0,0.39364303178484106
43.0,2.0,22.0,0.6,0.1,0.6,2.0,2367.0,4.0,3.0,0.39585973806506125
43.0,2.0,23.0,0.6,0.1,0.6,2.0,2330.0,6.0,1.0,0.3969957081545064
43.0,2.0,24.0,0.6,0.1,0.6,2.0,2254.0,6.0,1.0,0.3997338065661047
43.0,2.0,25.0,0.6,0.1,0.6,2.0,2233.0,8.0,3.0,0.3994626063591581
43.0,2.0,26.0,0.6,0.1,0.6,2.0,2198.0,9.0,6.0,0.4021838034576888
43.0,2.0,27.0,0.6,0.1,0.6,2.0,2146.0,12.0,5.0,0.3998136067101584
43.0,2.0,28.0,0.6,0.1,0.6,2.0,2054.0,12.0,4.0,0.4079844206426485
43.0,2.0,29.0,0.6,0.1,0.6,2.0,2020.0,13.0,4.0,0.4089108910891089
43.0,2.0,30.0,0.6,0.1,0.6,2.0,1962.0,17.0,7.0,0.4077471967380224
43.0,2.0,31.0,0.6,0.1,0.6,2.0,1941.0,21.0,11.0,0.40752189592993304
43.0,2.0,32.0,0.6,0.1,0.6,2.0,1918.0,25.0,10.0,0.40875912408759124
43.0,2.0,33.0,0.6,0.1,0.6,2.0,1854.0,25.0,10.0,0.41262135922330095
43.0,2.0,34.0,0.6,0.1,0.6,2.0,1829.0,27.0,12.0,0.41388737014762167
43.0,2.0,35.0,0.6,0.1,0.6,2.0,1765.0,30.0,11.0,0.41246458923512747
43.0,2.0,36.0,0.6,0.1,0.6,2.0,1697.0,29.0,12.0,0.41131408367707717
43.0,2.0,37.0,0.6,0.1,0.6,2.0,1667.0,25.0,11.0,0.4133173365326935
43.0,2.0,38.0,0.6,0.1,0.6,2.0,1637.0,32.0,14.0,0.4160048869883934
43.0,2.0,39.0,0.6,0.1,0.6,2.0,1598.0,35.0,12.0,0.4142678347934919
43.0,2.0,40.0,0.6,0.1,0.6,2.0,1579.0,37.0,14.0,0.4167194426852438
43.0,2.0,41.0,0.6,0.1,0.6,2.0,1563.0,44.0,17.0,0.4197056941778631
43.0,2.0,42.0,0.6,0.1,0.6,2.0,1545.0,42.0,25.0,0.41941747572815535
43.0,2.0,43.0,0.6,0.1,0.6,2.0,1497.0,47.0,25.0,0.42084168336673344
43.0,2.0,44.0,0.6,0.1,0.6,2.0,1454.0,46.0,21.0,0.42572214580467677
43.0,2.0,45.0,0.6,0.1,0.6,2.0,1430.0,43.0,17.0,0.6398601398601399
43.0,2.0,46.0,0.6,0.1,0.6,2.0,1380.0,37.0,18.0,0.6427536231884058
43.0,2.0,47.0,0.6,0.1,0.6,2.0,1319.0,32.0,19.0,0.6474601971190296
43.0,2.0,48.0,0.6,0.1,0.6,2.0,1295.0,33.0,21.0,0.6463320463320463
43.0,2.0,49.0,0.6,0.1,0.6,2.0,1247.0,23.0,16.0,0.644747393744988
43.0,2.0,50.0,0.6,0.1,0.6,2.0,1243.0,21.0,13.0,0.6444086886564763
43.0,2.0,51.0,0.6,0.1,0.6,2.0,1207.0,16.0,9.0,0.6462303231151616
43.0,2.0,52.0,0.6,0.1,0.6,2.0,1188.0,14.0,8.0,0.6456228956228957
43.0,3.0,1.0,0.6,0.1,0.6,2.0,1175.0,13.0,7.0,0.6476595744680851
43.0,3.0,2.0,0.6,0.1,0.6,2.0,1173.0,11.0,6.0,0.6479113384484229
43.0,3.0,3.0,0.6,0.1,0.6,2.0,1141.0,7.0,2.0,0.6432953549517967
43.0,3.0,4.0,0.6,0.1,0.6,2.0,1140.0,6.0,2.0,0.6429824561403509
43.0,3.0,5.0,0.6,0.1,0.6,2.0,1129.0,6.0,2.0,0.6430469441984057
43.0,3.0,6.0,0.6,0.1,0.6,2.0,1134.0,6.0,4.0,0.6419753086419753
43.0,3.0,7.0,0.6,0.1,0.6,2.0,1112.0,4.0,3.0,0.6402877697841727
43.0,3.0,8.0,0.6,0.1,0.6,2.0,1108.0,5.0,4.0,0.6407942238267148
43.0,3.0,9.0,0.6,0.1,0.6,2.0,1090.0,4.0,2.0,0.6422018348623854
43.0,3.0,10.0,0.6,0.1,0.6,2.0,1086.0,3.0,1.0,0.641804788213628
43.0,3.0,11.0,0.6,0.1,0.6,2.0,1076.0,2.0,0.0,0.6403345724907064
43.0,3.0,12.0,0.6,0.1,0.6,2.0,1078.0,2.0,2.0,0.640074211502783
43.0,3.0,13.0,0.6,0.1,0.6,2.0,1074.0,2.0,2.0,0.6405959031657356
43.0,3.0,14.0,0.6,0.1,0.6,2.0,1063.0,2.0,2.0,0.638758231420508
43.0,3.0,15.0,0.6,0.1,0.6,2.0,1053.0,1.0,0.0,0.6400759734093068
43.0,3.0,16.0,0.6,0.1,0.6,2.0,1052.0,1.0,1.0,0.6378326996197718
43.0,3.0,17.0,0.6,0.1,0.6,2.0,1045.0,1.0,1.0,0.6382775119617224
43.0,3.0,18.0,0.6,0.1,0.6,2.0,1044.0,1.0,1.0,0.6360153256704981
43.0,3.0,19.0,0.6,0.1,0.6,2.0,1040.0,2.0,0.0,0.6375
43.0,3.0,20.0,0.6,0.1,0.6,2.0,1948.0,2.0,0.0,0.33880903490759756
43.0,3.0,21.0,0.6,0.1,0.6,2.0,1801.0,2.0,0.0,0.3453636868406441
43.0,3.0,22.0,0.6,0.1,0.6,2.0,1796.0,2.0,2.0,0.34075723830734966
43.0,3.0,23.0,0.6,0.1,0.6,2.0,1713.0,4.0,2.0,0.3461762988908348
43.0,3.0,24.0,0.6,0.1,0.6,2.0,1658.0,2.0,0.0,0.3455971049457177
43.0,3.0,25.0,0.6,0.1,0.6,2.0,1595.0,2.0,0.0,0.34796238244514105
43.0,3.0,26.0,0.6,0.1,0.6,2.0,1557.0,1.0,1.0,0.3481053307642903
43.0,3.0,27.0,0.6,0.1,0.6,2.0,1524.0,1.0,1.0,0.35236220472440943
43.0,3.0,28.0,0.6,0.1,0.6,2.0,1503.0,1.0,1.0,0.35063206919494344
43.0,3.0,29.0,0.6,0.1,0.6,2.0,1431.0,1.0,0.0,0.3584905660377358
43.0,3.0,30.0,0.6,0.1,0.6,2.0,1432.0,1.0,0.0,0.35614525139664804
43.0,3.0,31.0,0.6,0.1,0.6,2.0,1416.0,1.0,0.0,0.355225988700565
43.0,3.0,32.0,0.6,0.1,0.6,2.0,1403.0,1.0,0.0,0.3556664290805417
43.0,3.0,33.0,0.6,0.1,0.6,2.0,1364.0,1.0,1.0,0.3563049853372434
43.0,3.0,34.0,0.6,0.1,0.6,2.0,1317.0,2.0,1.0,0.3561123766135156
43.0,3.0,35.0,0.6,0.1,0.6,2.0,1291.0,2.0,1.0,0.3601859024012393
43.0,3.0,36.0,0.6,0.1,0.6,2.0,1286.0,2.0,0.0,0.36003110419906686
43.0,3.0,37.0,0.6,0.1,0.6,2.0,1268.0,2.0,1.0,0.3635646687697161
43.0,3.0,38.0,0.6,0.1,0.6,2.0,1268.0,2.0,1.0,0.3627760252365931
43.0,3.0,39.0,0.6,0.1,0.6,2.0,1239.0,2.0,1.0,0.3615819209039548
43.0,3.0,40.0,0.6,0.1,0.6,2.0,1227.0,2.0,1.0,0.3594132029339853
43.0,3.0,41.0,0.6,0.1,0.6,2.0,1206.0,2.0,1.0,0.3623548922056385
43.0,3.0,42.0,0.6,0.1,0.6,2.0,1178.0,2.0,2.0,0.3633276740237691
43.0,3.0,43.0,0.6,0.1,0.6,2.0,1168.0,1.0,1.0,0.3638698630136986
43.0,3.0,44.0,0.6,0.1,0.6,2.0,1154.0,1.0,1.0,0.3596187175043328
43.0,3.0,45.0,0.6,0.1,0.6,2.0,1126.0,0.0,0.0,0.6287744227353463
43.0,3.0,46.0,0.6,0.1,0.6,2.0,1109.0,0.0,0.0,0.630297565374211
43.0,3.0,47.0,0.6,0.1,0.6,2.0,1088.0,0.0,0.0,0.6314338235294118
43.0,3.0,48.0,0.6,0.1,0.6,2.0,1087.0,0.0,0.0,0.6292548298068077
43.0,3.0,49.0,0.6,0.1,0.6,2.0,1069.0,0.0,0.0,0.6286248830682881
43.0,3.0,50.0,0.6,0.1,0.6,2.0,1058.0,0.0,0.0,0.6304347826086957
43.0,3.0,51.0,0.6,0.1,0.6,2.0,1053.0,0.0,0.0,0.630579297245964
43.0,3.0,52.0,0.6,0.1,0.6,2.0,1042.0,0.0,0.0,0.6314779270633397
43.0,4.0,1.0,0.6,0.1,0.6,2.0,1022.0,0.0,0.0,0.6262230919765166
43.0,4.0,2.0,0.6,0.1,0.6,2.0,1024.0,0.0,0.0,0.6259765625
43.0,4.0,3.0,0.6,0.1,0.6,2.0,1018.0,0.0,0.0,0.6277013752455796
43.0,4.0,4.0,0.6,0.1,0.6,2.0,1013.0,0.0,0.0,0.6258637709772952
43.0,4.0,5.0,0.6,0.1,0.6,2.0,991.0,0.0,0.0,0.6215943491422805
43.0,4.0,6.0,0.6,0.1,0.6,2.0,981.0,0.0,0.0,0.6197757390417941
43.0,4.0,7.0,0.6,0.1,0.6,2.0,971.0,0.0,0.0,0.6189495365602472
43.0,4.0,8.0,0.6,0.1,0.6,2.0,971.0,0.0,0.0,0.6189495365602472
43.0,4.0,9.0,0.6,0.1,0.6,2.0,961.0,0.0,0.0,0.619146722164412
43.0,4.0,10.0,0.6,0.1,0.6,2.0,950.0,0.0,0.0,0.6136842105263158
43.0,4.0,11.0,0.6,0.1,0.6,2.0,945.0,0.0,0.0,0.6126984126984127
43.0,4.0,12.0,0.6,0.1,0.6,2.0,948.0,0.0,0.0,0.6118143459915611
43.0,4.0,13.0,0.6,0.1,0.6,2.0,942.0,0.0,0.0,0.6114649681528662
43.0,4.0,14.0,0.6,0.1,0.6,2.0,941.0,0.0,0.0,0.6099893730074389
43.0,4.0,15.0,0.6,0.1,0.6,2.0,933.0,0.0,0.0,0.609860664523044
43.0,4.0,16.0,0.6,0.1,0.6,2.0,935.0,0.0,0.0,0.6096256684491979
43.0,4.0,17.0,0.6,0.1,0.6,2.0,929.0,0.0,0.0,0.6103336921420882
43.0,4.0,18.0,0.6,0.1,0.6,2.0,930.0,0.0,0.0,0.6096774193548387
43.0,4.0,19.0,0.6,0.1,0.6,2.0,924.0,0.0,0.0,0.6082251082251082
43.0,4.0,20.0,0.6,0.1,0.6,2.0,1712.0,0.0,0.0,0.32885514018691586
43.0,4.0,21.0,0.6,0.1,0.6,2.0,1692.0,0.0,0.0,0.32978723404255317
43.0,4.0,22.0,0.6,0.1,0.6,2.0,1648.0,0.0,0.0,0.3313106796116505
43.0,4.0,23.0,0.6,0.1,0.6,2.0,1598.0,0.0,0.0,0.33479349186483104
43.0,4.0,24.0,0.6,0.1,0.6,2.0,1543.0,0.0,0.0,0.338950097213221
43.0,4.0,25.0,0.6,0.1,0.6,2.0,1485.0,0.0,0.0,0.3447811447811448
43.0,4.0,26.0,0.6,0.1,0.6,2.0,1471.0,0.0,0.0,0.34466349422161796
43.0,4.0,27.0,0.6,0.1,0.6,2.0,1430.0,0.0,0.0,0.34685314685314683
43.0,4.0,28.0,0.6,0.1,0.6,2.0,1420.0,0.0,0.0,0.3464788732394366
43.0,4.0,29.0,0.6,0.1,0.6,2.0,1366.0,0.0,0.0,0.34992679355783307
43.0,4.0,30.0,0.6,0.1,0.6,2.0,1333.0,0.0,0.0,0.3533383345836459
43.0,4.0,31.0,0.6,0.1,0.6,2.0,1318.0,0.0,0.0,0.3520485584218513
43.0,4.0,32.0,0.6,0.1,0.6,2.0,1294.0,0.0,0.0,0.3554868624420402
43.0,4.0,33.0,0.6,0.1,0.6,2.0,1248.0,0.0,0.0,0.35657051282051283
43.0,4.0,34.0,0.6,0.1,0.6,2.0,1247.0,0.0,0.0,0.35525260625501204
43.0,4.0,35.0,0.6,0.1,0.6,2.0,1192.0,0.0,0.0,0.35570469798657717
43.0,4.0,36.0,0.6,0.1,0.6,2.0,1191.0,0.0,0.0,0.3534844668345928
43.0,4.0,37.0,0.6,0.1,0.6,2.0,1172.0,0.0,0.0,0.35409556313993173
43.0,4.0,38.0,0.6,0.1,0.6,2.0,1145.0,0.0,0.0,0.3563318777292576
43.0,4.0,39.0,0.6,0.1,0.6,2.0,1136.0,0.0,0.0,0.35651408450704225
43.0,4.0,40.0,0.6,0.1,0.6,2.0,1139.0,0.0,0.0,0.3555750658472344
43.0,4.0,41.0,0.6,0.1,0.6,2.0,1130.0,0.0,0.0,0.3566371681415929
43.0,4.0,42.0,0.6,0.1,0.6,2.0,1093.0,0.0,0.0,0.3586459286367795
43.0,4.0,43.0,0.6,0.1,0.6,2.0,1087.0,0.0,0.0,0.35878564857405704
43.0,4.0,44.0,0.6,0.1,0.6,2.0,1075.0,0.0,0.0,0.36093023255813955
43.0,4.0,45.0,0.6,0.1,0.6,2.0,1067.0,0.0,0.0,0.619493908153702
43.0,4.0,46.0,0.6,0.1,0.6,2.0,1070.0,0.0,0.0,0.6177570093457944
43.0,4.0,47.0,0.6,0.1,0.6,2.0,1058.0,0.0,0.0,0.6172022684310019
43.0,4.0,48.0,0.6,0.1,0.6,2.0,1067.0,0.0,0.0,0.6166822867853796
43.0,4.0,49.0,0.6,0.1,0.6,2.0,1040.0,0.0,0.0,0.614423076923077
43.0,4.0,50.0,0.6,0.1,0.6,2.0,1033.0,0.0,0.0,0.6147144240077445
43.0,4.0,51.0,0.6,0.1,0.6,2.0,1022.0,0.0,0.0,0.6154598825831703
43.0,4.0,52.0,0.6,0.1,0.6,2.0,1027.0,0.0,0.0,0.6134371957156767
43.0,5.0,1.0,0.6,0.1,0.6,2.0,1008.0,0.0,0.0,0.6170634920634921
43.0,5.0,2.0,0.6,0.1,0.6,2.0,994.0,0.0,0.0,0.6146881287726358
43.0,5.0,3.0,0.6,0.1,0.6,2.0,982.0,0.0,0.0,0.615071283095723
43.0,5.0,4.0,0.6,0.1,0.6,2.0,955.0,0.0,0.0,0.6146596858638743
43.0,5.0,5.0,0.6,0.1,0.6,2.0,948.0,0.0,0.0,0.6160337552742616
43.0,5.0,6.0,0.6,0.1,0.6,2.0,953.0,0.0,0.0,0.6138509968520461
43.0,5.0,7.0,0.6,0.1,0.6,2.0,934.0,0.0,0.0,0.6156316916488223
43.0,5.0,8.0,0.6,0.1,0.6,2.0,932.0,0.0,0.0,0.6169527896995708
43.0,5.0,9.0,0.6,0.1,0.6,2.0,926.0,0.0,0.0,0.6177105831533477
43.0,5.0,10.0,0.6,0.1,0.6,2.0,926.0,0.0,0.0,0.6144708423326134
43.0,5.0,11.0,0.6,0.1,0.6,2.0,917.0,0.0,0.0,0.6150490730643402
43.0,5.0,12.0,0.6,0.1,0.6,2.0,916.0,0.0,0.0,0.6146288209606987
43.0,5.0,13.0,0.6,0.1,0.6,2.0,909.0,0.0,0.0,0.6149614961496149
43.0,5.0,14.0,0.6,0.1,0.6,2.0,911.0,0.0,0.0,0.6136114160263447
43.0,5.0,15.0,0.6,0.1,0.6,2.0,907.0,0.0,0.0,0.6152149944873209
43.0,5.0,16.0,0.6,0.1,0.6,2.0,909.0,0.0,0.0,0.6127612761276128
43.0,5.0,17.0,0.6,0.1,0.6,2.0,905.0,0.0,0.0,0.6143646408839779
43.0,5.0,18.0,0.6,0.1,0.6,2.0,909.0,0.0,0.0,0.6127612761276128
43.0,5.0,19.0,0.6,0.1,0.6,2.0,904.0,0.0,0.0,0.6139380530973452
43.0,5.0,20.0,0.6,0.1,0.6,2.0,1670.0,0.0,0.0,0.332934131736527
43.0,5.0,21.0,0.6,0.1,0.6,2.0,1573.0,0.0,0.0,0.336935791481246
43.0,5.0,22.0,0.6,0.1,0.6,2.0,1531.0,0.0,0.0,0.3363814500326584
43.0,5.0,23.0,0.6,0.1,0.6,2.0,1465.0,0.0,0.0,0.3392491467576792
43.0,5.0,24.0,0.6,0.1,0.6,2.0,1459.0,0.0,0.0,0.33721727210418095
43.0,5.0,25.0,0.6,0.1,0.6,2.0,1413.0,0.0,0.0,0.34182590233545646
43.0,5.0,26.0,0.6,0.1,0.6,2.0,1373.0,0.0,0.0,0.33867443554260745
43.0,5.0,27.0,0.6,0.1,0.6,2.0,1350.0,0.0,0.0,0.34
43.0,5.0,28.0,0.6,0.1,0.6,2.0,1291.0,0.0,0.0,0.33849728892331526
43.0,5.0,29.0,0.6,0.1,0.6,2.0,1293.0,0.0,0.0,0.337200309358082
43.0,5.0,30.0,0.6,0.1,0.6,2.0,1290.0,0.0,0.0,0.33798449612403103
43.0,5.0,31.0,0.6,0.1,0.6,2.0,1291.0,0.0,0.0,0.3361735089078234
43.0,5.0,32.0,0.6,0.1,0.6,2.0,1257.0,0.0,0.0,0.33890214797136037
43.0,5.0,33.0,0.6,0.1,0.6,2.0,1220.0,0.0,0.0,0.34098360655737703
43.0,5.0,34.0,0.6,0.1,0.6,2.0,1193.0,0.0,0.0,0.34115674769488685
43.0,5.0,35.0,0.6,0.1,0.6,2.0,1160.0,0.0,0.0,0.33879310344827585
43.0,5.0,36.0,0.6,0.1,0.6,2.0,1141.0,0.0,0.0,0.34005258545135847
43.0,5.0,37.0,0.6,0.1,0.6,2.0,1141.0,0.0,0.0,0.33917616126205086
43.0,5.0,38.0,0.6,0.1,0.6,2.0,1122.0,0.0,0.0,0.33689839572192515
43.0,5.0,39.0,0.6,0.1,0.6,2.0,1093.0,0.0,0.0,0.3394327538883806
43.0,5.0,40.0,0.6,0.1,0.6,2.0,1054.0,0.0,0.0,0.3415559772296015
43.0,5.0,41.0,0.6,0.1,0.6,2.0,1036.0,0.0,0.0,0.34266409266409265
43.0,5.0,42.0,0.6,0.1,0.6,2.0,1024.0,0.0,0.0,0.3427734375
43.0,5.0,43.0,0.6,0.1,0.6,2.0,1020.0,0.0,0.0,0.34411764705882353
43.0,5.0,44.0,0.6,0.1,0.6,2.0,999.0,0.0,0.0,0.34534534534534533
43.0,5.0,45.0,0.6,0.1,0.6,2.0,969.0,0.0,0.0,0.608875128998968
43.0,5.0,46.0,0.6,0.1,0.6,2.0,960.0,0.0,0.0,0.609375
43.0,5.0,47.0,0.6,0.1,0.6,2.0,960.0,0.0,0.0,0.609375
43.0,5.0,48.0,0.6,0.1,0.6,2.0,956.0,0.0,0.0,0.608786610878661
43.0,5.0,49.0,0.6,0.1,0.6,2.0,930.0,0.0,0.0,0.6086021505376344
43.0,5.0,50.0,0.6,0.1,0.6,2.0,927.0,0.0,0.0,0.6084142394822006
43.0,5.0,51.0,0.6,0.1,0.6,2.0,929.0,0.0,0.0,0.6081808396124866
43.0,5.0,52.0,0.6,0.1,0.6,2.0,910.0,0.0,0.0,0.6076923076923076
43.0,6.0,1.0,0.6,0.1,0.6,2.0,910.0,0.0,0.0,0.6065934065934065
43.0,6.0,2.0,0.6,0.1,0.6,2.0,895.0,0.0,0.0,0.6067039106145251
43.0,6.0,3.0,0.6,0.1,0.6,2.0,896.0,0.0,0.0,0.6071428571428571
43.0,6.0,4.0,0.6,0.1,0.6,2.0,890.0,0.0,0.0,0.6089887640449438
43.0,6.0,5.0,0.6,0.1,0.6,2.0,891.0,0.0,0.0,0.6094276094276094
43.0,6.0,6.0,0.6,0.1,0.6,2.0,887.0,0.0,0.0,0.6099210822998873
43.0,6.0,7.0,0.6,0.1,0.6,2.0,862.0,0.0,0.0,0.611368909512761
43.0,6.0,8.0,0.6,0.1,0.6,2.0,854.0,0.0,0.0,0.6112412177985949
43.0,6.0,9.0,0.6,0.1,0.6,2.0,834.0,0.0,0.0,0.6115107913669064
43.0,6.0,10.0,0.6,0.1,0.6,2.0,831.0,0.0,0.0,0.6101083032490975
43.0,6.0,11.0,0.6,0.1,0.6,2.0,831.0,0.0,0.0,0.6101083032490975
43.0,6.0,12.0,0.6,0.1,0.6,2.0,828.0,0.0,0.0,0.6111111111111112
43.0,6.0,13.0,0.6,0.1,0.6,2.0,827.0,0.0,0.0,0.6118500604594922
43.0,6.0,14.0,0.6,0.1,0.6,2.0,826.0,0.0,0.0,0.6113801452784504
43.0,6.0,15.0,0.6,0.1,0.6,2.0,826.0,0.0,0.0,0.6113801452784504
43.0,6.0,16.0,0.6,0.1,0.6,2.0,825.0,0.0,0.0,0.610909090909091
43.0,6.0,17.0,0.6,0.1,0.6,2.0,824.0,0.0,0.0,0.6116504854368932
43.0,6.0,18.0,0.6,0.1,0.6,2.0,824.0,0.0,0.0,0.6104368932038835
43.0,6.0,19.0,0.6,0.1,0.6,2.0,809.0,0.0,0.0,0.6131025957972805
43.0,6.0,20.0,0.6,0.1,0.6,2.0,1458.0,0.0,0.0,0.3395061728395062
43.0,6.0,21.0,0.6,0.1,0.6,2.0,1419.0,0.0,0.0,0.34319943622269206
43.0,6.0,22.0,0.6,0.1,0.6,2.0,1387.0,0.0,0.0,0.3453496755587599
43.0,6.0,23.0,0.6,0.1,0.6,2.0,1359.0,0.0,0.0,0.34731420161883736
43.0,6.0,24.0,0.6,0.1,0.6,2.0,1328.0,0.0,0.0,0.3501506024096386
43.0,6.0,25.0,0.6,0.1,0.6,2.0,1279.0,0.0,0.0,0.3502736512900704
43.0,6.0,26.0,0.6,0.1,0.6,2.0,1280.0,0.0,0.0,0.35
43.0,6.0,27.0,0.6,0.1,0.6,2.0,1262.0,0.0,0.0,0.3478605388272583
43.0,6.0,28.0,0.6,0.1,0.6,2.0,1208.0,0.0,0.0,0.34933774834437087
43.0,6.0,29.0,0.6,0.1,0.6,2.0,1194.0,0.0,0.0,0.3500837520938023
43.0,6.0,30.0,0.6,0.1,0.6,2.0,1165.0,0.0,0.0,0.35107296137339056
43.0,6.0,31.0,0.6,0.1,0.6,2.0,1165.0,0.0,0.0,0.351931330472103
43.0,6.0,32.0,0.6,0.1,0.6,2.0,1147.0,0.0,0.0,0.35396687009590233
43.0,6.0,33.0,0.6,0.1,0.6,2.0,1133.0,0.0,0.0,0.3556928508384819
43.0,6.0,34.0,0.6,0.1,0.6,2.0,1119.0,0.0,0.0,0.354781054512958
43.0,6.0,35.0,0.6,0.1,0.6,2.0,1101.0,0.0,0.0,0.3578564940962761
43.0,6.0,36.0,0.6,0.1,0.6,2.0,1096.0,0.0,0.0,0.35675182481751827
43.0,6.0,37.0,0.6,0.1,0.6,2.0,1080.0,0.0,0.0,0.36018518518518516
43.0,6.0,38.0,0.6,0.1,0.6,2.0,1069.0,0.0,0.0,0.3592142188961646
43.0,6.0,39.0,0.6,0.1,0.6,2.0,1034.0,0.0,0.0,0.35880077369439073
43.0,6.0,40.0,0.6,0.1,0.6,2.0,1011.0,0.0,0.0,0.3600395647873393
43.0,6.0,41.0,0.6,0.1,0.6,2.0,1002.0,0.0,0.0,0.36227544910179643
43.0,6.0,42.0,0.6,0.1,0.6,2.0,973.0,0.0,0.0,0.3669064748201439
43.0,6.0,43.0,0.6,0.1,0.6,2.0,951.0,0.0,0.0,0.3648790746582545
43.0,6.0,44.0,0.6,0.1,0.6,2.0,927.0,0.0,0.0,0.37001078748651567
43.0,6.0,45.0,0.6,0.1,0.6,2.0,927.0,0.0,0.0,0.6170442286947141
43.0,6.0,46.0,0.6,0.1,0.6,2.0,916.0,0.0,0.0,0.6157205240174672
43.0,6.0,47.0,0.6,0.1,0.6,2.0,896.0,0.0,0.0,0.6216517857142857
43.0,6.0,48.0,0.6,0.1,0.6,2.0,882.0,0.0,0.0,0.6190476190476191
43.0,6.0,49.0,0.6,0.1,0.6,2.0,868.0,0.0,0.0,0.6209677419354839
43.0,6.0,50.0,0.6,0.1,0.6,2.0,870.0,0.0,0.0,0.6183908045977011
43.0,6.0,51.0,0.6,0.1,0.6,2.0,868.0,0.0,0.0,0.6209677419354839
43.0,6.0,52.0,0.6,0.1,0.6,2.0,870.0,0.0,0.0,0.6183908045977011
43.0,7.0,1.0,0.6,0.1,0.6,2.0,867.0,0.0,0.0,0.6205305651672434
43.0,7.0,2.0,0.6,0.1,0.6,2.0,869.0,0.0,0.0,0.61795166858458
43.0,7.0,3.0,0.6,0.1,0.6,2.0,862.0,0.0,0.0,0.6194895591647331
43.0,7.0,4.0,0.6,0.1,0.6,2.0,852.0,0.0,0.0,0.6173708920187794
43.0,7.0,5.0,0.6,0.1,0.6,2.0,850.0,0.0,0.0,0.62
43.0,7.0,6.0,0.6,0.1,0.6,2.0,851.0,0.0,0.0,0.6169212690951822
43.0,7.0,7.0,0.6,0.1,0.6,2.0,837.0,0.0,0.0,0.6224611708482676
43.0,7.0,8.0,0.6,0.1,0.6,2.0,834.0,0.0,0.0,0.6187050359712231
43.0,7.0,9.0,0.6,0.1,0.6,2.0,833.0,0.0,0.0,0.6218487394957983
43.0,7.0,10.0,0.6,0.1,0.6,2.0,832.0,0.0,0.0,0.6201923076923077
43.0,7.0,11.0,0.6,0.1,0.6,2.0,832.0,0.0,0.0,0.6213942307692307
43.0,7.0,12.0,0.6,0.1,0.6,2.0,829.0,0.0,0.0,0.6200241254523522
43.0,7.0,13.0,0.6,0.1,0.6,2.0,828.0,0.0,0.0,0.6207729468599034
43.0,7.0,14.0,0.6,0.1,0.6,2.0,827.0,0.0,0.0,0.619105199516324
43.0,7.0,15.0,0.6,0.1,0.6,2.0,828.0,0.0,0.0,0.6207729468599034
43.0,7.0,16.0,0.6,0.1,0.6,2.0,826.0,0.0,0.0,0.6198547215496368
43.0,7.0,17.0,0.6,0.1,0.6,2.0,826.0,0.0,0.0,0.6210653753026635
43.0,7.0,18.0,0.6,0.1,0.6,2.0,799.0,0.0,0.0,0.6207759699624531
43.0,7.0,19.0,0.6,0.1,0.6,2.0,799.0,0.0,0.0,0.6220275344180225
43.0,7.0,20.0,0.6,0.1,0.6,2.0,1439.0,0.0,0.0,0.3439888811674774
43.0,7.0,21.0,0.6,0.1,0.6,2.0,1336.0,0.0,0.0,0.34805389221556887
43.0,7.0,22.0,0.6,0.1,0.6,2.0,1322.0,0.0,0.0,0.34795763993948564
43.0,7.0,23.0,0.6,0.1,0.6,2.0,1301.0,0.0,0.0,0.3474250576479631
43.0,7.0,24.0,0.6,0.1,0.6,2.0,1286.0,0.0,0.0,0.3468118195956454
43.0,7.0,25.0,0.6,0.1,0.6,2.0,1287.0,0.0,0.0,0.3480963480963481
43.0,7.0,26.0,0.6,0.1,0.6,2.0,1273.0,0.0,0.0,0.3479968578161822
43.0,7.0,27.0,0.6,0.1,0.6,2.0,1230.0,0.0,0.0,0.3544715447154472
43.0,7.0,28.0,0.6,0.1,0.6,2.0,1211.0,0.0,0.0,0.35672997522708505
43.0,7.0,29.0,0.6,0.1,0.6,2.0,1209.0,0.0,0.0,0.3564929693961952
43.0,7.0,30.0,0.6,0.1,0.6,2.0,1195.0,0.0,0.0,0.35397489539748955
43.0,7.0,31.0,0.6,0.1,0.6,2.0,1182.0,0.0,0.0,0.3536379018612521
43.0,7.0,32.0,0.6,0.1,0.6,2.0,1183.0,0.0,0.0,0.3533389687235841
43.0,7.0,33.0,0.6,0.1,0.6,2.0,1177.0,0.0,0.0,0.35344095157179267
43.0,7.0,34.0,0.6,0.1,0.6,2.0,1148.0,0.0,0.0,0.35627177700348434
43.0,7.0,35.0,0.6,0.1,0.6,2.0,1119.0,0.0,0.0,0.3574620196604111
43.0,7.0,36.0,0.6,0.1,0.6,2.0,1103.0,0.0,0.0,0.3590208522212149
43.0,7.0,37.0,0.6,0.1,0.6,2.0,1103.0,0.0,0.0,0.3590208522212149
43.0,7.0,38.0,0.6,0.1,0.6,2.0,1091.0,0.0,0.0,0.3602199816681943
43.0,7.0,39.0,0.6,0.1,0.6,2.0,1068.0,0.0,0.0,0.3595505617977528
43.0,7.0,40.0,0.6,0.1,0.6,2.0,1020.0,0.0,0.0,0.36666666666666664
43.0,7.0,41.0,0.6,0.1,0.6,2.0,1009.0,0.0,0.0,0.3666997026759167
43.0,7.0,42.0,0.6,0.1,0.6,2.0,1009.0,0.0,0.0,0.3666997026759167
43.0,7.0,43.0,0.6,0.1,0.6,2.0,966.0,0.0,0.0,0.37163561076604557
43.0,7.0,44.0,0.6,0.1,0.6,2.0,949.0,0.0,0.0,0.37513171759747105
43.0,7.0,45.0,0.6,0.1,0.6,2.0,937.0,0.0,0.0,0.6328708644610459
43.0,7.0,46.0,0.6,0.1,0.6,2.0,924.0,0.0,0.0,0.6341991341991342
43.0,7.0,47.0,0.6,0.1,0.6,2.0,912.0,0.0,0.0,0.631578947368421
43.0,7.0,48.0,0.6,0.1,0.6,2.0,911.0,0.0,0.0,0.6311745334796927
43.0,7.0,49.0,0.6,0.1,0.6,2.0,898.0,0.0,0.0,0.6336302895322939
43.0,7.0,50.0,0.6,0.1,0.6,2.0,896.0,0.0,0.0,0.6328125
43.0,7.0,51.0,0.6,0.1,0.6,2.0,871.0,0.0,0.0,0.6371986222732492
43.0,7.0,52.0,0.6,0.1,0.6,2.0,855.0,0.0,0.0,0.639766081871345
43.0,8.0,1.0,0.6,0.1,0.6,2.0,844.0,0.0,0.0,0.6398104265402843
43.0,8.0,2.0,0.6,0.1,0.6,2.0,844.0,0.0,0.0,0.6398104265402843
43.0,8.0,3.0,0.6,0.1,0.6,2.0,844.0,0.0,0.0,0.6398104265402843
43.0,8.0,4.0,0.6,0.1,0.6,2.0,844.0,0.0,0.0,0.6398104265402843
43.0,8.0,5.0,0.6,0.1,0.6,2.0,843.0,0.0,0.0,0.6393831553973903
43.0,8.0,6.0,0.6,0.1,0.6,2.0,843.0,0.0,0.0,0.6393831553973903
43.0,8.0,7.0,0.6,0.1,0.6,2.0,842.0,0.0,0.0,0.6389548693586699
43.0,8.0,8.0,0.6,0.1,0.6,2.0,839.0,0.0,0.0,0.6400476758045291
43.0,8.0,9.0,0.6,0.1,0.6,2.0,836.0,0.0,0.0,0.6399521531100478
43.0,8.0,10.0,0.6,0.1,0.6,2.0,836.0,0.0,0.0,0.6399521531100478
43.0,8.0,11.0,0.6,0.1,0.6,2.0,836.0,0.0,0.0,0.6399521531100478
43.0,8.0,12.0,0.6,0.1,0.6,2.0,836.0,0.0,0.0,0.6399521531100478
43.0,8.0,13.0,0.6,0.1,0.6,2.0,836.0,0.0,0.0,0.6399521531100478
43.0,8.0,14.0,0.6,0.1,0.6,2.0,836.0,0.0,0.0,0.6399521531100478
43.0,8.0,15.0,0.6,0.1,0.6,2.0,836.0,0.0,0.0,0.6399521531100478
43.0,8.0,16.0,0.6,0.1,0.6,2.0,836.0,0.0,0.0,0.6399521531100478
43.0,8.0,17.0,0.6,0.1,0.6,2.0,836.0,0.0,0.0,0.6399521531100478
43.0,8.0,18.0,0.6,0.1,0.6,2.0,836.0,0.0,0.0,0.6399521531100478
43.0,8.0,19.0,0.6,0.1,0.6,2.0,836.0,0.0,0.0,0.6399521531100478
43.0,8.0,20.0,0.6,0.1,0.6,2.0,1523.0,0.0,0.0,0.35128036769533816
43.0,8.0,21.0,0.6,0.1,0.6,2.0,1505.0,0.0,0.0,0.35282392026578074
43.0,8.0,22.0,0.6,0.1,0.6,2.0,1494.0,0.0,0.0,0.3514056224899598
43.0,8.0,23.0,0.6,0.1,0.6,2.0,1438.0,0.0,0.0,0.3553546592489569
43.0,8.0,24.0,0.6,0.1,0.6,2.0,1412.0,0.0,0.0,0.35694050991501414
43.0,8.0,25.0,0.6,0.1,0.6,2.0,1356.0,0.0,0.0,0.362094395280236
43.0,8.0,26.0,0.6,0.1,0.6,2.0,1304.0,0.0,0.0,0.3665644171779141
43.0,8.0,27.0,0.6,0.1,0.6,2.0,1293.0,0.0,0.0,0.36736272235112144
43.0,8.0,28.0,0.6,0.1,0.6,2.0,1245.0,0.0,0.0,0.37269076305220883
43.0,8.0,29.0,0.6,0.1,0.6,2.0,1220.0,0.0,0.0,0.3770491803278688
43.0,8.0,30.0,0.6,0.1,0.6,2.0,1206.0,0.0,0.0,0.3805970149253731
43.0,8.0,31.0,0.6,0.1,0.6,2.0,1191.0,0.0,0.0,0.382031905961377
43.0,8.0,32.0,0.6,0.1,0.6,2.0,1165.0,0.0,0.0,0.38369098712446353
43.0,8.0,33.0,0.6,0.1,0.6,2.0,1165.0,0.0,0.0,0.38369098712446353
43.0,8.0,34.0,0.6,0.1,0.6,2.0,1153.0,0.0,0.0,0.383347788378144
43.0,8.0,35.0,0.6,0.1,0.6,2.0,1153.0,0.0,0.0,0.383347788378144
43.0,8.0,36.0,0.6,0.1,0.6,2.0,1127.0,0.0,0.0,0.38864241348713396
43.0,8.0,37.0,0.6,0.1,0.6,2.0,1105.0,0.0,0.0,0.38642533936651585
43.0,8.0,38.0,0.6,0.1,0.6,2.0,1105.0,0.0,0.0,0.38642533936651585
43.0,8.0,39.0,0.6,0.1,0.6,2.0,1077.0,0.0,0.0,0.39090064995357476
43.0,8.0,40.0,0.6,0.1,0.6,2.0,1077.0,0.0,0.0,0.39090064995357476
43.0,8.0,41.0,0.6,0.1,0.6,2.0,1077.0,0.0,0.0,0.39090064995357476
43.0,8.0,42.0,0.6,0.1,0.6,2.0,1063.0,0.0,0.0,0.3932267168391345
43.0,8.0,43.0,0.6,0.1,0.6,2.0,1063.0,0.0,0.0,0.3932267168391345
43.0,8.0,44.0,0.6,0.1,0.6,2.0,1052.0,0.0,0.0,0.39448669201520914
43.0,8.0,45.0,0.6,0.1,0.6,2.0,1022.0,0.0,0.0,0.639921722113503
43.0,8.0,46.0,0.6,0.1,0.6,2.0,1022.0,0.0,0.0,0.639921722113503
43.0,8.0,47.0,0.6,0.1,0.6,2.0,1022.0,0.0,0.0,0.639921722113503
43.0,8.0,48.0,0.6,0.1,0.6,2.0,1022.0,0.0,0.0,0.639921722113503
43.0,8.0,49.0,0.6,0.1,0.6,2.0,994.0,0.0,0.0,0.6438631790744467
43.0,8.0,50.0,0.6,0.1,0.6,2.0,993.0,0.0,0.0,0.6445115810674723
43.0,8.0,51.0,0.6,0.1,0.6,2.0,992.0,0.0,0.0,0.6451612903225806
43.0,8.0,52.0,0.6,0.1,0.6,2.0,992.0,0.0,0.0,0.6451612903225806
43.0,9.0,1.0,0.6,0.1,0.6,2.0,992.0,0.0,0.0,0.6451612903225806
43.0,9.0,2.0,0.6,0.1,0.6,2.0,992.0,0.0,0.0,0.6451612903225806
43.0,9.0,3.0,0.6,0.1,0.6,2.0,992.0,0.0,0.0,0.6451612903225806
43.0,9.0,4.0,0.6,0.1,0.6,2.0,978.0,0.0,0.0,0.6503067484662577
43.0,9.0,5.0,0.6,0.1,0.6,2.0,977.0,0.0,0.0,0.6499488229273286
43.0,9.0,6.0,0.6,0.1,0.6,2.0,977.0,0.0,0.0,0.6499488229273286
43.0,9.0,7.0,0.6,0.1,0.6,2.0,976.0,0.0,0.0,0.6506147540983607
43.0,9.0,8.0,0.6,0.1,0.6,2.0,974.0,0.0,0.0,0.6509240246406571
43.0,9.0,9.0,0.6,0.1,0.6,2.0,974.0,0.0,0.0,0.6509240246406571
43.0,9.0,10.0,0.6,0.1,0.6,2.0,974.0,0.0,0.0,0.6509240246406571
43.0,9.0,11.0,0.6,0.1,0.6,2.0,974.0,0.0,0.0,0.6509240246406571
43.0,9.0,12.0,0.6,0.1,0.6,2.0,960.0,0.0,0.0,0.6520833333333333
43.0,9.0,13.0,0.6,0.1,0.6,2.0,960.0,0.0,0.0,0.6520833333333333
43.0,9.0,14.0,0.6,0.1,0.6,2.0,960.0,0.0,0.0,0.6520833333333333
43.0,9.0,15.0,0.6,0.1,0.6,2.0,960.0,0.0,0.0,0.6520833333333333
43.0,9.0,16.0,0.6,0.1,0.6,2.0,960.0,0.0,0.0,0.6520833333333333
43.0,9.0,17.0,0.6,0.1,0.6,2.0,960.0,0.0,0.0,0.6520833333333333
43.0,9.0,18.0,0.6,0.1,0.6,2.0,947.0,0.0,0.0,0.6546990496304118
43.0,9.0,19.0,0.6,0.1,0.6,2.0,947.0,0.0,0.0,0.6546990496304118
43.0,9.0,20.0,0.6,0.1,0.6,2.0,1681.0,0.0,0.0,0.36109458655562165
43.0,9.0,21.0,0.6,0.1,0.6,2.0,1637.0,0.0,0.0,0.3628588882101405
43.0,9.0,22.0,0.6,0.1,0.6,2.0,1576.0,0.0,0.0,0.36611675126903553
43.0,9.0,23.0,0.6,0.1,0.6,2.0,1575.0,0.0,0.0,0.36634920634920637
43.0,9.0,24.0,0.6,0.1,0.6,2.0,1552.0,0.0,0.0,0.36533505154639173
43.0,9.0,25.0,0.6,0.1,0.6,2.0,1497.0,0.0,0.0,0.3620574482297929
43.0,9.0,26.0,0.6,0.1,0.6,2.0,1449.0,0.0,0.0,0.3636991028295376
43.0,9.0,27.0,0.6,0.1,0.6,2.0,1408.0,0.0,0.0,0.36860795454545453
43.0,9.0,28.0,0.6,0.1,0.6,2.0,1387.0,0.0,0.0,0.3698630136986301
43.0,9.0,29.0,0.6,0.1,0.6,2.0,1368.0,0.0,0.0,0.37280701754385964
43.0,9.0,30.0,0.6,0.1,0.6,2.0,1372.0,0.0,0.0,0.3717201166180758
43.0,9.0,31.0,0.6,0.1,0.6,2.0,1345.0,0.0,0.0,0.3769516728624535
43.0,9.0,32.0,0.6,0.1,0.6,2.0,1349.0,0.0,0.0,0.3758339510748703
43.0,9.0,33.0,0.6,0.1,0.6,2.0,1283.0,0.0,0.0,0.3803585346843336
43.0,9.0,34.0,0.6,0.1,0.6,2.0,1271.0,0.0,0.0,0.3831628638867034
43.0,9.0,35.0,0.6,0.1,0.6,2.0,1256.0,0.0,0.0,0.3853503184713376
43.0,9.0,36.0,0.6,0.1,0.6,2.0,1247.0,0.0,0.0,0.38813151563753007
43.0,9.0,37.0,0.6,0.1,0.6,2.0,1227.0,0.0,0.0,0.39445802770986144
43.0,9.0,38.0,0.6,0.1,0.6,2.0,1231.0,0.0,0.0,0.3931762794476036
43.0,9.0,39.0,0.6,0.1,0.6,2.0,1203.0,0.0,0.0,0.39733998337489607
43.0,9.0,40.0,0.6,0.1,0.6,2.0,1145.0,0.0,0.0,0.40611353711790393
43.0,9.0,41.0,0.6,0.1,0.6,2.0,1130.0,0.0,0.0,0.4088495575221239
43.0,9.0,42.0,0.6,0.1,0.6,2.0,1123.0,0.0,0.0,0.40961709706144256
43.0,9.0,43.0,0.6,0.1,0.6,2.0,1107.0,0.0,0.0,0.4128274616079494
43.0,9.0,44.0,0.6,0.1,0.6,2.0,1111.0,0.0,0.0,0.41134113411341133
43.0,9.0,45.0,0.6,0.1,0.6,2.0,1107.0,0.0,0.0,0.6386630532971996
43.0,9.0,46.0,0.6,0.1,0.6,2.0,1111.0,0.0,0.0,0.6372637263726373
43.0,9.0,47.0,0.6,0.1,0.6,2.0,1111.0,0.0,0.0,0.6372637263726373
43.0,9.0,48.0,0.6,0.1,0.6,2.0,1111.0,0.0,0.0,0.6372637263726373
43.0,9.0,49.0,0.6,0.1,0.6,2.0,1094.0,0.0,0.0,0.6398537477148081
43.0,9.0,50.0,0.6,0.1,0.6,2.0,1094.0,0.0,0.0,0.6398537477148081
43.0,9.0,51.0,0.6,0.1,0.6,2.0,1094.0,0.0,0.0,0.6398537477148081
43.0,9.0,52.0,0.6,0.1,0.6,2.0,1094.0,0.0,0.0,0.6398537477148081
43.0,10.0,1.0,0.6,0.1,0.6,2.0,1094.0,0.0,0.0,0.6398537477148081
43.0,10.0,2.0,0.6,0.1,0.6,2.0,1094.0,0.0,0.0,0.6398537477148081
43.0,10.0,3.0,0.6,0.1,0.6,2.0,1082.0,0.0,0.0,0.6404805914972274
43.0,10.0,4.0,0.6,0.1,0.6,2.0,1070.0,0.0,0.0,0.6411214953271028
43.0,10.0,5.0,0.6,0.1,0.6,2.0,1070.0,0.0,0.0,0.6411214953271028
43.0,10.0,6.0,0.6,0.1,0.6,2.0,1069.0,0.0,0.0,0.6417212347988774
43.0,10.0,7.0,0.6,0.1,0.6,2.0,1070.0,0.0,0.0,0.6411214953271028
43.0,10.0,8.0,0.6,0.1,0.6,2.0,1066.0,0.0,0.0,0.6435272045028143
43.0,10.0,9.0,0.6,0.1,0.6,2.0,1055.0,0.0,0.0,0.6454976303317536
43.0,10.0,10.0,0.6,0.1,0.6,2.0,1055.0,0.0,0.0,0.6454976303317536
43.0,10.0,11.0,0.6,0.1,0.6,2.0,1055.0,0.0,0.0,0.6454976303317536
43.0,10.0,12.0,0.6,0.1,0.6,2.0,1055.0,0.0,0.0,0.6454976303317536
43.0,10.0,13.0,0.6,0.1,0.6,2.0,1055.0,0.0,0.0,0.6454976303317536
43.0,10.0,14.0,0.6,0.1,0.6,2.0,1055.0,0.0,0.0,0.6454976303317536
43.0,10.0,15.0,0.6,0.1,0.6,2.0,1055.0,0.0,0.0,0.6454976303317536
43.0,10.0,16.0,0.6,0.1,0.6,2.0,1040.0,0.0,0.0,0.6471153846153846
43.0,10.0,17.0,0.6,0.1,0.6,2.0,1040.0,0.0,0.0,0.6471153846153846
43.0,10.0,18.0,0.6,0.1,0.6,2.0,1024.0,0.0,0.0,0.65234375
43.0,10.0,19.0,0.6,0.1,0.6,2.0,1024.0,0.0,0.0,0.65234375
43.0,10.0,20.0,0.6,0.1,0.6,2.0,1839.0,0.0,0.0,0.3518216421968461
43.0,10.0,21.0,0.6,0.1,0.6,2.0,1764.0,0.0,0.0,0.35090702947845803
43.0,10.0,22.0,0.6,0.1,0.6,2.0,1729.0,0.0,0.0,0.3533834586466165
43.0,10.0,23.0,0.6,0.1,0.6,2.0,1657.0,0.0,0.0,0.35425467712733855
43.0,10.0,24.0,0.6,0.1,0.6,2.0,1647.0,0.0,0.0,0.3533697632058288
43.0,10.0,25.0,0.6,0.1,0.6,2.0,1620.0,0.0,0.0,0.35432098765432096
43.0,10.0,26.0,0.6,0.1,0.6,2.0,1545.0,0.0,0.0,0.3598705501618123
43.0,10.0,27.0,0.6,0.1,0.6,2.0,1531.0,0.0,0.0,0.3598954931417374
43.0,10.0,28.0,0.6,0.1,0.6,2.0,1501.0,0.0,0.0,0.36175882744836774
43.0,10.0,29.0,0.6,0.1,0.6,2.0,1426.0,0.0,0.0,0.36746143057503505
43.0,10.0,30.0,0.6,0.1,0.6,2.0,1410.0,0.0,0.0,0.3680851063829787
43.0,10.0,31.0,0.6,0.1,0.6,2.0,1386.0,0.0,0.0,0.3694083694083694
43.0,10.0,32.0,0.6,0.1,0.6,2.0,1364.0,0.0,0.0,0.3717008797653959
43.0,10.0,33.0,0.6,0.1,0.6,2.0,1363.0,0.0,0.0,0.37123991195891415
43.0,10.0,34.0,0.6,0.1,0.6,2.0,1349.0,0.0,0.0,0.37212750185322463
43.0,10.0,35.0,0.6,0.1,0.6,2.0,1312.0,0.0,0.0,0.3757621951219512
43.0,10.0,36.0,0.6,0.1,0.6,2.0,1313.0,0.0,0.0,0.37623762376237624
43.0,10.0,37.0,0.6,0.1,0.6,2.0,1312.0,0.0,0.0,0.3757621951219512
43.0,10.0,38.0,0.6,0.1,0.6,2.0,1287.0,0.0,0.0,0.37839937839937837
43.0,10.0,39.0,0.6,0.1,0.6,2.0,1261.0,0.0,0.0,0.3766851704996035
43.0,10.0,40.0,0.6,0.1,0.6,2.0,1261.0,0.0,0.0,0.3766851704996035
43.0,10.0,41.0,0.6,0.1,0.6,2.0,1261.0,0.0,0.0,0.3766851704996035
43.0,10.0,42.0,0.6,0.1,0.6,2.0,1248.0,0.0,0.0,0.3798076923076923
43.0,10.0,43.0,0.6,0.1,0.6,2.0,1210.0,0.0,0.0,0.3867768595041322
43.0,10.0,44.0,0.6,0.1,0.6,2.0,1185.0,0.0,0.0,0.389873417721519
43.0,10.0,45.0,0.6,0.1,0.6,2.0,1185.0,0.0,0.0,0.6210970464135022
43.0,10.0,46.0,0.6,0.1,0.6,2.0,1172.0,0.0,0.0,0.6237201365187713
43.0,10.0,47.0,0.6,0.1,0.6,2.0,1172.0,0.0,0.0,0.6237201365187713
43.0,10.0,48.0,0.6,0.1,0.6,2.0,1160.0,0.0,0.0,0.625
43.0,10.0,49.0,0.6,0.1,0.6,2.0,1160.0,0.0,0.0,0.625
43.0,10.0,50.0,0.6,0.1,0.6,2.0,1160.0,0.0,0.0,0.625
43.0,10.0,51.0,0.6,0.1,0.6,2.0,1160.0,0.0,0.0,0.625
43.0,10.0,52.0,0.6,0.1,0.6,2.0,1160.0,0.0,0.0,0.625
44.0,1.0,1.0,0.6,0.1,0.6,2.0,5204.0,49.0,5.0,0.602229054573405
44.0,1.0,2.0,0.6,0.1,0.6,2.0,5127.0,49.0,13.0,0.6021064950263312
44.0,1.0,3.0,0.6,0.1,0.6,2.0,5039.0,52.0,26.0,0.6011113316134153
44.0,1.0,4.0,0.6,0.1,0.6,2.0,4903.0,54.0,28.0,0.603508056292066
44.0,1.0,5.0,0.6,0.1,0.6,2.0,4880.0,60.0,26.0,0.6020491803278688
44.0,1.0,6.0,0.6,0.1,0.6,2.0,4750.0,62.0,29.0,0.6050526315789474
44.0,1.0,7.0,0.6,0.1,0.6,2.0,4679.0,64.0,23.0,0.6067535798247489
44.0,1.0,8.0,0.6,0.1,0.6,2.0,4562.0,73.0,34.0,0.6063130206049978
44.0,1.0,9.0,0.6,0.1,0.6,2.0,4457.0,71.0,32.0,0.608256674893426
44.0,1.0,10.0,0.6,0.1,0.6,2.0,4304.0,70.0,36.0,0.6061802973977695
44.0,1.0,11.0,0.6,0.1,0.6,2.0,4253.0,70.0,36.0,0.6087467669880084
44.0,1.0,12.0,0.6,0.1,0.6,2.0,4157.0,66.0,33.0,0.6122203512148183
44.0,1.0,13.0,0.6,0.1,0.6,2.0,4079.0,64.0,30.0,0.616817847511645
44.0,1.0,14.0,0.6,0.1,0.6,2.0,4034.0,63.0,25.0,0.6175012394645513
44.0,1.0,15.0,0.6,0.1,0.6,2.0,3965.0,56.0,22.0,0.6191677175283733
44.0,1.0,16.0,0.6,0.1,0.6,2.0,3864.0,52.0,24.0,0.6195652173913043
44.0,1.0,17.0,0.6,0.1,0.6,2.0,3729.0,50.0,28.0,0.6237597211048539
44.0,1.0,18.0,0.6,0.1,0.6,2.0,3688.0,47.0,28.0,0.6236442516268981
44.0,1.0,19.0,0.6,0.1,0.6,2.0,3638.0,46.0,22.0,0.6250687190764156
44.0,1.0,20.0,0.6,0.1,0.6,2.0,6921.0,39.0,23.0,0.3261089437942494
44.0,1.0,21.0,0.6,0.1,0.6,2.0,6393.0,45.0,20.0,0.3300484905365243
44.0,1.0,22.0,0.6,0.1,0.6,2.0,6035.0,59.0,22.0,0.3295774647887324
44.0,1.0,23.0,0.6,0.1,0.6,2.0,5842.0,73.0,20.0,0.3310510099281068
44.0,1.0,24.0,0.6,0.1,0.6,2.0,5440.0,80.0,23.0,0.33290441176470587
44.0,1.0,25.0,0.6,0.1,0.6,2.0,5258.0,94.0,33.0,0.33491821985545833
44.0,1.0,26.0,0.6,0.1,0.6,2.0,5044.0,124.0,34.0,0.3364393338620143
44.0,1.0,27.0,0.6,0.1,0.6,2.0,4796.0,135.0,50.0,0.3377814845704754
44.0,1.0,28.0,0.6,0.1,0.6,2.0,4673.0,145.0,56.0,0.3383265568157501
44.0,1.0,29.0,0.6,0.1,0.6,2.0,4511.0,156.0,74.0,0.3413877189093327
44.0,1.0,30.0,0.6,0.1,0.6,2.0,4264.0,135.0,72.0,0.3419324577861163
44.0,1.0,31.0,0.6,0.1,0.6,2.0,4196.0,145.0,70.0,0.3455672068636797
44.0,1.0,32.0,0.6,0.1,0.6,2.0,4055.0,140.0,52.0,0.3494451294697904
44.0,1.0,33.0,0.6,0.1,0.6,2.0,3861.0,147.0,55.0,0.35405335405335403
44.0,1.0,34.0,0.6,0.1,0.6,2.0,3719.0,131.0,54.0,0.35735412745361655
44.0,1.0,35.0,0.6,0.1,0.6,2.0,3628.0,139.0,59.0,0.35970231532524805
44.0,1.0,36.0,0.6,0.1,0.6,2.0,3539.0,165.0,65.0,0.362531788640859
44.0,1.0,37.0,0.6,0.1,0.6,2.0,3424.0,178.0,72.0,0.365946261682243
44.0,1.0,38.0,0.6,0.1,0.6,2.0,3288.0,187.0,80.0,0.3701338199513382
44.0,1.0,39.0,0.6,0.1,0.6,2.0,3219.0,204.0,80.0,0.37247592420006215
44.0,1.0,40.0,0.6,0.1,0.6,2.0,3038.0,200.0,83.0,0.37886767610269917
44.0,1.0,41.0,0.6,0.1,0.6,2.0,2876.0,190.0,82.0,0.38803894297635605
44.0,1.0,42.0,0.6,0.1,0.6,2.0,2833.0,193.0,92.0,0.39181080127073775
44.0,1.0,43.0,0.6,0.1,0.6,2.0,2752.0,197.0,88.0,0.39825581395348836
44.0,1.0,44.0,0.6,0.1,0.6,2.0,2690.0,187.0,89.0,0.40148698884758366
44.0,1.0,45.0,0.6,0.1,0.6,2.0,2611.0,187.0,90.0,0.6487935656836461
44.0,1.0,46.0,0.6,0.1,0.6,2.0,2576.0,172.0,89.0,0.6510093167701864
44.0,1.0,47.0,0.6,0.1,0.6,2.0,2448.0,154.0,85.0,0.6580882352941176
44.0,1.0,48.0,0.6,0.1,0.6,2.0,2402.0,127.0,74.0,0.6586178184845962
44.0,1.0,49.0,0.6,0.1,0.6,2.0,2305.0,108.0,68.0,0.6655097613882863
44.0,1.0,50.0,0.6,0.1,0.6,2.0,2256.0,96.0,59.0,0.6653368794326241
44.0,1.0,51.0,0.6,0.1,0.6,2.0,2155.0,77.0,47.0,0.6709976798143852
44.0,1.0,52.0,0.6,0.1,0.6,2.0,2134.0,68.0,40.0,0.6719775070290535
44.0,2.0,1.0,0.6,0.1,0.6,2.0,2086.0,58.0,36.0,0.6768935762224353
44.0,2.0,2.0,0.6,0.1,0.6,2.0,2056.0,57.0,35.0,0.6804474708171206
44.0,2.0,3.0,0.6,0.1,0.6,2.0,1997.0,49.0,29.0,0.6840260390585878
44.0,2.0,4.0,0.6,0.1,0.6,2.0,1972.0,38.0,20.0,0.6866125760649088
44.0,2.0,5.0,0.6,0.1,0.6,2.0,1926.0,30.0,17.0,0.6905503634475597
44.0,2.0,6.0,0.6,0.1,0.6,2.0,1904.0,25.0,13.0,0.6911764705882353
44.0,2.0,7.0,0.6,0.1,0.6,2.0,1882.0,23.0,14.0,0.6923485653560042
44.0,2.0,8.0,0.6,0.1,0.6,2.0,1856.0,18.0,11.0,0.6912715517241379
44.0,2.0,9.0,0.6,0.1,0.6,2.0,1831.0,19.0,11.0,0.6919716002184598
44.0,2.0,10.0,0.6,0.1,0.6,2.0,1822.0,17.0,11.0,0.6926454445664105
44.0,2.0,11.0,0.6,0.1,0.6,2.0,1803.0,13.0,9.0,0.694952856350527
44.0,2.0,12.0,0.6,0.1,0.6,2.0,1784.0,13.0,7.0,0.6961883408071748
44.0,2.0,13.0,0.6,0.1,0.6,2.0,1767.0,13.0,3.0,0.6977928692699491
44.0,2.0,14.0,0.6,0.1,0.6,2.0,1766.0,12.0,6.0,0.6981879954699887
44.0,2.0,15.0,0.6,0.1,0.6,2.0,1753.0,12.0,6.0,0.6993725042783799
44.0,2.0,16.0,0.6,0.1,0.6,2.0,1753.0,15.0,8.0,0.6982316029663435
44.0,2.0,17.0,0.6,0.1,0.6,2.0,1731.0,14.0,5.0,0.6990179087232813
44.0,2.0,18.0,0.6,0.1,0.6,2.0,1729.0,13.0,6.0,0.6986697513013302
44.0,2.0,19.0,0.6,0.1,0.6,2.0,1712.0,11.0,7.0,0.697429906542056
44.0,2.0,20.0,0.6,0.1,0.6,2.0,3173.0,12.0,6.0,0.37377875827292784
44.0,2.0,21.0,0.6,0.1,0.6,2.0,3075.0,13.0,6.0,0.37658536585365854
44.0,2.0,22.0,0.6,0.1,0.6,2.0,2940.0,14.0,4.0,0.3792517006802721
44.0,2.0,23.0,0.6,0.1,0.6,2.0,2751.0,15.0,8.0,0.386041439476554
44.0,2.0,24.0,0.6,0.1,0.6,2.0,2631.0,17.0,10.0,0.3880653743823641
44.0,2.0,25.0,0.6,0.1,0.6,2.0,2564.0,24.0,12.0,0.391185647425897
44.0,2.0,26.0,0.6,0.1,0.6,2.0,2516.0,24.0,11.0,0.3934817170111288
44.0,2.0,27.0,0.6,0.1,0.6,2.0,2423.0,22.0,9.0,0.39702847709451095
44.0,2.0,28.0,0.6,0.1,0.6,2.0,2371.0,23.0,9.0,0.39645719105862504
44.0,2.0,29.0,0.6,0.1,0.6,2.0,2318.0,23.0,9.0,0.3990509059534081
44.0,2.0,30.0,0.6,0.1,0.6,2.0,2259.0,27.0,14.0,0.40061974324922534
44.0,2.0,31.0,0.6,0.1,0.6,2.0,2120.0,25.0,16.0,0.4037735849056604
44.0,2.0,32.0,0.6,0.1,0.6,2.0,2072.0,26.0,17.0,0.402992277992278
44.0,2.0,33.0,0.6,0.1,0.6,2.0,1980.0,24.0,11.0,0.4075757575757576
44.0,2.0,34.0,0.6,0.1,0.6,2.0,1965.0,19.0,9.0,0.40865139949109414
44.0,2.0,35.0,0.6,0.1,0.6,2.0,1932.0,16.0,8.0,0.40993788819875776
44.0,2.0,36.0,0.6,0.1,0.6,2.0,1912.0,17.0,11.0,0.4084728033472803
44.0,2.0,37.0,0.6,0.1,0.6,2.0,1875.0,14.0,8.0,0.41226666666666667
44.0,2.0,38.0,0.6,0.1,0.6,2.0,1878.0,13.0,7.0,0.40947816826411076
44.0,2.0,39.0,0.6,0.1,0.6,2.0,1826.0,10.0,6.0,0.4145673603504929
44.0,2.0,40.0,0.6,0.1,0.6,2.0,1815.0,9.0,5.0,0.4132231404958678
44.0,2.0,41.0,0.6,0.1,0.6,2.0,1784.0,8.0,7.0,0.41535874439461884
44.0,2.0,42.0,0.6,0.1,0.6,2.0,1727.0,8.0,5.0,0.4157498552403011
44.0,2.0,43.0,0.6,0.1,0.6,2.0,1684.0,6.0,4.0,0.42102137767220904
44.0,2.0,44.0,0.6,0.1,0.6,2.0,1672.0,3.0,2.0,0.42105263157894735
44.0,2.0,45.0,0.6,0.1,0.6,2.0,1628.0,5.0,3.0,0.6357493857493858
44.0,2.0,46.0,0.6,0.1,0.6,2.0,1614.0,4.0,2.0,0.6319702602230484
44.0,2.0,47.0,0.6,0.1,0.6,2.0,1582.0,4.0,2.0,0.6346396965865992
44.0,2.0,48.0,0.6,0.1,0.6,2.0,1589.0,5.0,1.0,0.631214600377596
44.0,2.0,49.0,0.6,0.1,0.6,2.0,1566.0,5.0,3.0,0.6340996168582376
44.0,2.0,50.0,0.6,0.1,0.6,2.0,1559.0,6.0,2.0,0.6298909557408595
44.0,2.0,51.0,0.6,0.1,0.6,2.0,1541.0,6.0,5.0,0.6301103179753407
44.0,2.0,52.0,0.6,0.1,0.6,2.0,1526.0,4.0,3.0,0.6310615989515073
44.0,3.0,1.0,0.6,0.1,0.6,2.0,1509.0,6.0,3.0,0.6308813783962889
44.0,3.0,2.0,0.6,0.1,0.6,2.0,1507.0,3.0,1.0,0.6310550763105508
44.0,3.0,3.0,0.6,0.1,0.6,2.0,1460.0,3.0,3.0,0.6342465753424658
44.0,3.0,4.0,0.6,0.1,0.6,2.0,1452.0,4.0,3.0,0.6336088154269972
44.0,3.0,5.0,0.6,0.1,0.6,2.0,1444.0,3.0,2.0,0.6336565096952909
44.0,3.0,6.0,0.6,0.1,0.6,2.0,1446.0,1.0,0.0,0.6334716459197787
44.0,3.0,7.0,0.6,0.1,0.6,2.0,1435.0,1.0,1.0,0.6327526132404181
44.0,3.0,8.0,0.6,0.1,0.6,2.0,1431.0,1.0,1.0,0.6331236897274634
44.0,3.0,9.0,0.6,0.1,0.6,2.0,1403.0,1.0,1.0,0.632216678545973
44.0,3.0,10.0,0.6,0.1,0.6,2.0,1381.0,0.0,0.0,0.6321506154960174
44.0,3.0,11.0,0.6,0.1,0.6,2.0,1361.0,0.0,0.0,0.6340925789860397
44.0,3.0,12.0,0.6,0.1,0.6,2.0,1345.0,0.0,0.0,0.633457249070632
44.0,3.0,13.0,0.6,0.1,0.6,2.0,1333.0,0.0,0.0,0.63615903975994
44.0,3.0,14.0,0.6,0.1,0.6,2.0,1332.0,0.0,0.0,0.6351351351351351
44.0,3.0,15.0,0.6,0.1,0.6,2.0,1312.0,0.0,0.0,0.6349085365853658
44.0,3.0,16.0,0.6,0.1,0.6,2.0,1311.0,0.0,0.0,0.6331045003813882
44.0,3.0,17.0,0.6,0.1,0.6,2.0,1307.0,0.0,0.0,0.6335118592195869
44.0,3.0,18.0,0.6,0.1,0.6,2.0,1300.0,0.0,0.0,0.6323076923076923
44.0,3.0,19.0,0.6,0.1,0.6,2.0,1285.0,0.0,0.0,0.6311284046692607
44.0,3.0,20.0,0.6,0.1,0.6,2.0,2340.0,0.0,0.0,0.3401709401709402
44.0,3.0,21.0,0.6,0.1,0.6,2.0,2299.0,0.0,0.0,0.3397129186602871
44.0,3.0,22.0,0.6,0.1,0.6,2.0,2223.0,0.0,0.0,0.33873144399460187
44.0,3.0,23.0,0.6,0.1,0.6,2.0,2176.0,0.0,0.0,0.33731617647058826
44.0,3.0,24.0,0.6,0.1,0.6,2.0,2105.0,0.0,0.0,0.33919239904988124
44.0,3.0,25.0,0.6,0.1,0.6,2.0,2047.0,0.0,0.0,0.34049829018075234
44.0,3.0,26.0,0.6,0.1,0.6,2.0,1980.0,0.0,0.0,0.3409090909090909
44.0,3.0,27.0,0.6,0.1,0.6,2.0,1937.0,0.0,0.0,0.34331440371708827
44.0,3.0,28.0,0.6,0.1,0.6,2.0,1910.0,0.0,0.0,0.3424083769633508
44.0,3.0,29.0,0.6,0.1,0.6,2.0,1883.0,0.0,0.0,0.34360063728093465
44.0,3.0,30.0,0.6,0.1,0.6,2.0,1839.0,0.0,0.0,0.344752582925503
44.0,3.0,31.0,0.6,0.1,0.6,2.0,1777.0,0.0,0.0,0.34440067529544177
44.0,3.0,32.0,0.6,0.1,0.6,2.0,1755.0,0.0,0.0,0.34415954415954414
44.0,3.0,33.0,0.6,0.1,0.6,2.0,1712.0,0.0,0.0,0.3475467289719626
44.0,3.0,34.0,0.6,0.1,0.6,2.0,1677.0,0.0,0.0,0.34824090638044125
44.0,3.0,35.0,0.6,0.1,0.6,2.0,1642.0,0.0,0.0,0.34652862362971987
44.0,3.0,36.0,0.6,0.1,0.6,2.0,1622.0,0.0,0.0,0.3471023427866831
44.0,3.0,37.0,0.6,0.1,0.6,2.0,1595.0,0.0,0.0,0.34608150470219434
44.0,3.0,38.0,0.6,0.1,0.6,2.0,1582.0,0.0,0.0,0.3495575221238938
44.0,3.0,39.0,0.6,0.1,0.6,2.0,1516.0,0.0,0.0,0.34564643799472294
44.0,3.0,40.0,0.6,0.1,0.6,2.0,1484.0,0.0,0.0,0.34568733153638814
44.0,3.0,41.0,0.6,0.1,0.6,2.0,1461.0,0.0,0.0,0.3483915126625599
44.0,3.0,42.0,0.6,0.1,0.6,2.0,1454.0,0.0,0.0,0.3500687757909216
44.0,3.0,43.0,0.6,0.1,0.6,2.0,1445.0,0.0,0.0,0.3501730103806228
44.0,3.0,44.0,0.6,0.1,0.6,2.0,1408.0,0.0,0.0,0.3515625
44.0,3.0,45.0,0.6,0.1,0.6,2.0,1381.0,0.0,0.0,0.5966690803765388
44.0,3.0,46.0,0.6,0.1,0.6,2.0,1380.0,0.0,0.0,0.5971014492753624
44.0,3.0,47.0,0.6,0.1,0.6,2.0,1344.0,0.0,0.0,0.59375
44.0,3.0,48.0,0.6,0.1,0.6,2.0,1339.0,0.0,0.0,0.5944734876773712
44.0,3.0,49.0,0.6,0.1,0.6,2.0,1310.0,0.0,0.0,0.5938931297709924
44.0,3.0,50.0,0.6,0.1,0.6,2.0,1313.0,0.0,0.0,0.594059405940594
44.0,3.0,51.0,0.6,0.1,0.6,2.0,1257.0,0.0,0.0,0.5950676213206046
44.0,3.0,52.0,0.6,0.1,0.6,2.0,1258.0,0.0,0.0,0.5969793322734499
44.0,4.0,1.0,0.6,0.1,0.6,2.0,1234.0,0.0,0.0,0.5956239870340356
44.0,4.0,2.0,0.6,0.1,0.6,2.0,1221.0,0.0,0.0,0.601965601965602
44.0,4.0,3.0,0.6,0.1,0.6,2.0,1204.0,0.0,0.0,0.5988372093023255
44.0,4.0,4.0,0.6,0.1,0.6,2.0,1212.0,0.0,0.0,0.6014851485148515
44.0,4.0,5.0,0.6,0.1,0.6,2.0,1193.0,0.0,0.0,0.5968147527242247
44.0,4.0,6.0,0.6,0.1,0.6,2.0,1202.0,0.0,0.0,0.6006655574043261
44.0,4.0,7.0,0.6,0.1,0.6,2.0,1182.0,0.0,0.0,0.5972927241962775
44.0,4.0,8.0,0.6,0.1,0.6,2.0,1182.0,0.0,0.0,0.6040609137055838
44.0,4.0,9.0,0.6,0.1,0.6,2.0,1158.0,0.0,0.0,0.6010362694300518
44.0,4.0,10.0,0.6,0.1,0.6,2.0,1152.0,0.0,0.0,0.6067708333333334
44.0,4.0,11.0,0.6,0.1,0.6,2.0,1133.0,0.0,0.0,0.6054721977052074
44.0,4.0,12.0,0.6,0.1,0.6,2.0,1129.0,0.0,0.0,0.608503100088574
44.0,4.0,13.0,0.6,0.1,0.6,2.0,1102.0,0.0,0.0,0.6052631578947368
44.0,4.0,14.0,0.6,0.1,0.6,2.0,1104.0,0.0,0.0,0.6068840579710145
44.0,4.0,15.0,0.6,0.1,0.6,2.0,1079.0,0.0,0.0,0.6051899907321594
44.0,4.0,16.0,0.6,0.1,0.6,2.0,1079.0,0.0,0.0,0.6070435588507878
44.0,4.0,17.0,0.6,0.1,0.6,2.0,1075.0,0.0,0.0,0.6046511627906976
44.0,4.0,18.0,0.6,0.1,0.6,2.0,1064.0,0.0,0.0,0.606203007518797
44.0,4.0,19.0,0.6,0.1,0.6,2.0,1044.0,0.0,0.0,0.6063218390804598
44.0,4.0,20.0,0.6,0.1,0.6,2.0,1848.0,0.0,0.0,0.3446969696969697
44.0,4.0,21.0,0.6,0.1,0.6,2.0,1826.0,0.0,0.0,0.343921139101862
44.0,4.0,22.0,0.6,0.1,0.6,2.0,1756.0,0.0,0.0,0.3456719817767654
44.0,4.0,23.0,0.6,0.1,0.6,2.0,1705.0,0.0,0.0,0.3448680351906158
44.0,4.0,24.0,0.6,0.1,0.6,2.0,1665.0,0.0,0.0,0.34954954954954953
44.0,4.0,25.0,0.6,0.1,0.6,2.0,1611.0,0.0,0.0,0.35505896958410926
44.0,4.0,26.0,0.6,0.1,0.6,2.0,1570.0,0.0,0.0,0.354140127388535
44.0,4.0,27.0,0.6,0.1,0.6,2.0,1559.0,0.0,0.0,0.3527902501603592
44.0,4.0,28.0,0.6,0.1,0.6,2.0,1526.0,0.0,0.0,0.3532110091743119
44.0,4.0,29.0,0.6,0.1,0.6,2.0,1492.0,0.0,0.0,0.3558981233243968
44.0,4.0,30.0,0.6,0.1,0.6,2.0,1473.0,0.0,0.0,0.35505770536320436
44.0,4.0,31.0,0.6,0.1,0.6,2.0,1432.0,0.0,0.0,0.3575418994413408
44.0,4.0,32.0,0.6,0.1,0.6,2.0,1417.0,0.0,0.0,0.3542695836273818
44.0,4.0,33.0,0.6,0.1,0.6,2.0,1392.0,0.0,0.0,0.35488505747126436
44.0,4.0,34.0,0.6,0.1,0.6,2.0,1397.0,0.0,0.0,0.3543307086614173
44.0,4.0,35.0,0.6,0.1,0.6,2.0,1364.0,0.0,0.0,0.35410557184750735
44.0,4.0,36.0,0.6,0.1,0.6,2.0,1340.0,0.0,0.0,0.3582089552238806
44.0,4.0,37.0,0.6,0.1,0.6,2.0,1329.0,0.0,0.0,0.35741158765989467
44.0,4.0,38.0,0.6,0.1,0.6,2.0,1309.0,0.0,0.0,0.3605805958747135
44.0,4.0,39.0,0.6,0.1,0.6,2.0,1260.0,0.0,0.0,0.36507936507936506
44.0,4.0,40.0,0.6,0.1,0.6,2.0,1275.0,0.0,0.0,0.36549019607843136
44.0,4.0,41.0,0.6,0.1,0.6,2.0,1255.0,0.0,0.0,0.36254980079681276
44.0,4.0,42.0,0.6,0.1,0.6,2.0,1256.0,0.0,0.0,0.3638535031847134
44.0,4.0,43.0,0.6,0.1,0.6,2.0,1214.0,0.0,0.0,0.357495881383855
44.0,4.0,44.0,0.6,0.1,0.6,2.0,1191.0,0.0,0.0,0.3593618807724601
44.0,4.0,45.0,0.6,0.1,0.6,2.0,1180.0,0.0,0.0,0.6203389830508474
44.0,4.0,46.0,0.6,0.1,0.6,2.0,1163.0,0.0,0.0,0.6233877901977644
44.0,4.0,47.0,0.6,0.1,0.6,2.0,1156.0,0.0,0.0,0.6211072664359861
44.0,4.0,48.0,0.6,0.1,0.6,2.0,1161.0,0.0,0.0,0.6218776916451335
44.0,4.0,49.0,0.6,0.1,0.6,2.0,1153.0,0.0,0.0,0.6175195143104943
44.0,4.0,50.0,0.6,0.1,0.6,2.0,1148.0,0.0,0.0,0.6202090592334495
44.0,4.0,51.0,0.6,0.1,0.6,2.0,1137.0,0.0,0.0,0.6182937554969217
44.0,4.0,52.0,0.6,0.1,0.6,2.0,1130.0,0.0,0.0,0.6176991150442478
44.0,5.0,1.0,0.6,0.1,0.6,2.0,1109.0,0.0,0.0,0.6167718665464382
44.0,5.0,2.0,0.6,0.1,0.6,2.0,1080.0,0.0,0.0,0.6175925925925926
44.0,5.0,3.0,0.6,0.1,0.6,2.0,1071.0,0.0,0.0,0.61531279178338
44.0,5.0,4.0,0.6,0.1,0.6,2.0,1059.0,0.0,0.0,0.615675165250236
44.0,5.0,5.0,0.6,0.1,0.6,2.0,1053.0,0.0,0.0,0.6153846153846154
44.0,5.0,6.0,0.6,0.1,0.6,2.0,1011.0,0.0,0.0,0.6122650840751731
44.0,5.0,7.0,0.6,0.1,0.6,2.0,1006.0,0.0,0.0,0.6123260437375746
44.0,5.0,8.0,0.6,0.1,0.6,2.0,998.0,0.0,0.0,0.6132264529058116
44.0,5.0,9.0,0.6,0.1,0.6,2.0,993.0,0.0,0.0,0.6153071500503524
44.0,5.0,10.0,0.6,0.1,0.6,2.0,983.0,0.0,0.0,0.6154628687690743
44.0,5.0,11.0,0.6,0.1,0.6,2.0,972.0,0.0,0.0,0.6183127572016461
44.0,5.0,12.0,0.6,0.1,0.6,2.0,959.0,0.0,0.0,0.6193952033368092
44.0,5.0,13.0,0.6,0.1,0.6,2.0,940.0,0.0,0.0,0.624468085106383
44.0,5.0,14.0,0.6,0.1,0.6,2.0,936.0,0.0,0.0,0.6260683760683761
44.0,5.0,15.0,0.6,0.1,0.6,2.0,934.0,0.0,0.0,0.6252676659528907
44.0,5.0,16.0,0.6,0.1,0.6,2.0,933.0,0.0,0.0,0.6259378349410504
44.0,5.0,17.0,0.6,0.1,0.6,2.0,933.0,0.0,0.0,0.6259378349410504
44.0,5.0,18.0,0.6,0.1,0.6,2.0,933.0,0.0,0.0,0.6259378349410504
44.0,5.0,19.0,0.6,0.1,0.6,2.0,931.0,0.0,0.0,0.6262083780880774
44.0,5.0,20.0,0.6,0.1,0.6,2.0,1724.0,0.0,0.0,0.33700696055684454
44.0,5.0,21.0,0.6,0.1,0.6,2.0,1624.0,0.0,0.0,0.3380541871921182
44.0,5.0,22.0,0.6,0.1,0.6,2.0,1589.0,0.0,0.0,0.3392070484581498
44.0,5.0,23.0,0.6,0.1,0.6,2.0,1532.0,0.0,0.0,0.3433420365535248
44.0,5.0,24.0,0.6,0.1,0.6,2.0,1508.0,0.0,0.0,0.34416445623342173
44.0,5.0,25.0,0.6,0.1,0.6,2.0,1488.0,0.0,0.0,0.34610215053763443
44.0,5.0,26.0,0.6,0.1,0.6,2.0,1490.0,0.0,0.0,0.34496644295302015
44.0,5.0,27.0,0.6,0.1,0.6,2.0,1425.0,0.0,0.0,0.34456140350877196
44.0,5.0,28.0,0.6,0.1,0.6,2.0,1432.0,0.0,0.0,0.34567039106145253
44.0,5.0,29.0,0.6,0.1,0.6,2.0,1414.0,0.0,0.0,0.34582743988684583
44.0,5.0,30.0,0.6,0.1,0.6,2.0,1371.0,0.0,0.0,0.34938001458789203
44.0,5.0,31.0,0.6,0.1,0.6,2.0,1334.0,0.0,0.0,0.35082458770614694
44.0,5.0,32.0,0.6,0.1,0.6,2.0,1260.0,0.0,0.0,0.3595238095238095
44.0,5.0,33.0,0.6,0.1,0.6,2.0,1249.0,0.0,0.0,0.3602882305844676
44.0,5.0,34.0,0.6,0.1,0.6,2.0,1248.0,0.0,0.0,0.36217948717948717
44.0,5.0,35.0,0.6,0.1,0.6,2.0,1243.0,0.0,0.0,0.3596138374899437
44.0,5.0,36.0,0.6,0.1,0.6,2.0,1217.0,0.0,0.0,0.3599013968775678
44.0,5.0,37.0,0.6,0.1,0.6,2.0,1201.0,0.0,0.0,0.3597002497918401
44.0,5.0,38.0,0.6,0.1,0.6,2.0,1169.0,0.0,0.0,0.3627031650983747
44.0,5.0,39.0,0.6,0.1,0.6,2.0,1144.0,0.0,0.0,0.35926573426573427
44.0,5.0,40.0,0.6,0.1,0.6,2.0,1123.0,0.0,0.0,0.365093499554764
44.0,5.0,41.0,0.6,0.1,0.6,2.0,1124.0,0.0,0.0,0.36298932384341637
44.0,5.0,42.0,0.6,0.1,0.6,2.0,1102.0,0.0,0.0,0.3629764065335753
44.0,5.0,43.0,0.6,0.1,0.6,2.0,1087.0,0.0,0.0,0.36338546458141674
44.0,5.0,44.0,0.6,0.1,0.6,2.0,1051.0,0.0,0.0,0.362511893434824
44.0,5.0,45.0,0.6,0.1,0.6,2.0,1050.0,0.0,0.0,0.62
44.0,5.0,46.0,0.6,0.1,0.6,2.0,1044.0,0.0,0.0,0.6197318007662835
44.0,5.0,47.0,0.6,0.1,0.6,2.0,1046.0,0.0,0.0,0.6204588910133844
44.0,5.0,48.0,0.6,0.1,0.6,2.0,1041.0,0.0,0.0,0.6205571565802114
44.0,5.0,49.0,0.6,0.1,0.6,2.0,1039.0,0.0,0.0,0.6188642925890279
44.0,5.0,50.0,0.6,0.1,0.6,2.0,1029.0,0.0,0.0,0.6171039844509232
44.0,5.0,51.0,0.6,0.1,0.6,2.0,1033.0,0.0,0.0,0.6176185866408519
44.0,5.0,52.0,0.6,0.1,0.6,2.0,1022.0,0.0,0.0,0.6183953033268101
44.0,6.0,1.0,0.6,0.1,0.6,2.0,993.0,0.0,0.0,0.6243705941591138
44.0,6.0,2.0,0.6,0.1,0.6,2.0,984.0,0.0,0.0,0.6260162601626016
44.0,6.0,3.0,0.6,0.1,0.6,2.0,979.0,0.0,0.0,0.6241062308478039
44.0,6.0,4.0,0.6,0.1,0.6,2.0,967.0,0.0,0.0,0.6246122026887281
44.0,6.0,5.0,0.6,0.1,0.6,2.0,973.0,0.0,0.0,0.6228160328879754
44.0,6.0,6.0,0.6,0.1,0.6,2.0,961.0,0.0,0.0,0.6243496357960457
44.0,6.0,7.0,0.6,0.1,0.6,2.0,945.0,0.0,0.0,0.6253968253968254
44.0,6.0,8.0,0.6,0.1,0.6,2.0,933.0,0.0,0.0,0.6259378349410504
44.0,6.0,9.0,0.6,0.1,0.6,2.0,929.0,0.0,0.0,0.6264800861141012
44.0,6.0,10.0,0.6,0.1,0.6,2.0,904.0,0.0,0.0,0.6238938053097345
44.0,6.0,11.0,0.6,0.1,0.6,2.0,904.0,0.0,0.0,0.625
44.0,6.0,12.0,0.6,0.1,0.6,2.0,894.0,0.0,0.0,0.6241610738255033
44.0,6.0,13.0,0.6,0.1,0.6,2.0,891.0,0.0,0.0,0.6285072951739619
44.0,6.0,14.0,0.6,0.1,0.6,2.0,882.0,0.0,0.0,0.6281179138321995
44.0,6.0,15.0,0.6,0.1,0.6,2.0,876.0,0.0,0.0,0.6312785388127854
44.0,6.0,16.0,0.6,0.1,0.6,2.0,866.0,0.0,0.0,0.6293302540415704
44.0,6.0,17.0,0.6,0.1,0.6,2.0,874.0,0.0,0.0,0.6292906178489702
44.0,6.0,18.0,0.6,0.1,0.6,2.0,864.0,0.0,0.0,0.6284722222222222
44.0,6.0,19.0,0.6,0.1,0.6,2.0,872.0,0.0,0.0,0.6295871559633027
44.0,6.0,20.0,0.6,0.1,0.6,2.0,1585.0,0.0,0.0,0.34132492113564666
44.0,6.0,21.0,0.6,0.1,0.6,2.0,1512.0,0.0,0.0,0.3439153439153439
44.0,6.0,22.0,0.6,0.1,0.6,2.0,1429.0,0.0,0.0,0.3449965010496851
44.0,6.0,23.0,0.6,0.1,0.6,2.0,1402.0,0.0,0.0,0.34522111269614836
44.0,6.0,24.0,0.6,0.1,0.6,2.0,1324.0,0.0,0.0,0.34894259818731116
44.0,6.0,25.0,0.6,0.1,0.6,2.0,1322.0,0.0,0.0,0.34795763993948564
44.0,6.0,26.0,0.6,0.1,0.6,2.0,1287.0,0.0,0.0,0.3504273504273504
44.0,6.0,27.0,0.6,0.1,0.6,2.0,1263.0,0.0,0.0,0.35233570863024544
44.0,6.0,28.0,0.6,0.1,0.6,2.0,1219.0,0.0,0.0,0.3560295324036095
44.0,6.0,29.0,0.6,0.1,0.6,2.0,1183.0,0.0,0.0,0.36010143702451397
44.0,6.0,30.0,0.6,0.1,0.6,2.0,1180.0,0.0,0.0,0.3610169491525424
44.0,6.0,31.0,0.6,0.1,0.6,2.0,1131.0,0.0,0.0,0.3660477453580902
44.0,6.0,32.0,0.6,0.1,0.6,2.0,1123.0,0.0,0.0,0.3659839715048976
44.0,6.0,33.0,0.6,0.1,0.6,2.0,1102.0,0.0,0.0,0.36932849364791287
44.0,6.0,34.0,0.6,0.1,0.6,2.0,1079.0,0.0,0.0,0.3716404077849861
44.0,6.0,35.0,0.6,0.1,0.6,2.0,1036.0,0.0,0.0,0.3764478764478765
44.0,6.0,36.0,0.6,0.1,0.6,2.0,1039.0,0.0,0.0,0.3763233878729548
44.0,6.0,37.0,0.6,0.1,0.6,2.0,1027.0,0.0,0.0,0.3777994157740993
44.0,6.0,38.0,0.6,0.1,0.6,2.0,1018.0,0.0,0.0,0.3781925343811395
44.0,6.0,39.0,0.6,0.1,0.6,2.0,1008.0,0.0,0.0,0.37996031746031744
44.0,6.0,40.0,0.6,0.1,0.6,2.0,1016.0,0.0,0.0,0.37893700787401574
44.0,6.0,41.0,0.6,0.1,0.6,2.0,993.0,0.0,0.0,0.3776435045317221
44.0,6.0,42.0,0.6,0.1,0.6,2.0,1002.0,0.0,0.0,0.37624750499001997
44.0,6.0,43.0,0.6,0.1,0.6,2.0,990.0,0.0,0.0,0.37777777777777777
44.0,6.0,44.0,0.6,0.1,0.6,2.0,988.0,0.0,0.0,0.3775303643724696
44.0,6.0,45.0,0.6,0.1,0.6,2.0,978.0,0.0,0.0,0.6165644171779141
44.0,6.0,46.0,0.6,0.1,0.6,2.0,972.0,0.0,0.0,0.6121399176954733
44.0,6.0,47.0,0.6,0.1,0.6,2.0,948.0,0.0,0.0,0.6170886075949367
44.0,6.0,48.0,0.6,0.1,0.6,2.0,960.0,0.0,0.0,0.6125
44.0,6.0,49.0,0.6,0.1,0.6,2.0,946.0,0.0,0.0,0.6162790697674418
44.0,6.0,50.0,0.6,0.1,0.6,2.0,954.0,0.0,0.0,0.6121593291404612
44.0,6.0,51.0,0.6,0.1,0.6,2.0,937.0,0.0,0.0,0.6179295624332978
44.0,6.0,52.0,0.6,0.1,0.6,2.0,951.0,0.0,0.0,0.6151419558359621
44.0,7.0,1.0,0.6,0.1,0.6,2.0,914.0,0.0,0.0,0.6258205689277899
44.0,7.0,2.0,0.6,0.1,0.6,2.0,921.0,0.0,0.0,0.6210640608034745
44.0,7.0,3.0,0.6,0.1,0.6,2.0,900.0,0.0,0.0,0.6244444444444445
44.0,7.0,4.0,0.6,0.1,0.6,2.0,906.0,0.0,0.0,0.6203090507726269
44.0,7.0,5.0,0.6,0.1,0.6,2.0,897.0,0.0,0.0,0.6254180602006689
44.0,7.0,6.0,0.6,0.1,0.6,2.0,903.0,0.0,0.0,0.6212624584717608
44.0,7.0,7.0,0.6,0.1,0.6,2.0,894.0,0.0,0.0,0.62751677852349
44.0,7.0,8.0,0.6,0.1,0.6,2.0,890.0,0.0,0.0,0.6224719101123596
44.0,7.0,9.0,0.6,0.1,0.6,2.0,878.0,0.0,0.0,0.6264236902050114
44.0,7.0,10.0,0.6,0.1,0.6,2.0,881.0,0.0,0.0,0.6242905788876277
44.0,7.0,11.0,0.6,0.1,0.6,2.0,867.0,0.0,0.0,0.6320645905420992
44.0,7.0,12.0,0.6,0.1,0.6,2.0,873.0,0.0,0.0,0.6277205040091638
44.0,7.0,13.0,0.6,0.1,0.6,2.0,856.0,0.0,0.0,0.6378504672897196
44.0,7.0,14.0,0.6,0.1,0.6,2.0,853.0,0.0,0.0,0.634232121922626
44.0,7.0,15.0,0.6,0.1,0.6,2.0,844.0,0.0,0.0,0.6386255924170616
44.0,7.0,16.0,0.6,0.1,0.6,2.0,853.0,0.0,0.0,0.6354044548651817
44.0,7.0,17.0,0.6,0.1,0.6,2.0,831.0,0.0,0.0,0.6389891696750902
44.0,7.0,18.0,0.6,0.1,0.6,2.0,839.0,0.0,0.0,0.6376638855780691
44.0,7.0,19.0,0.6,0.1,0.6,2.0,816.0,0.0,0.0,0.6446078431372549
44.0,7.0,20.0,0.6,0.1,0.6,2.0,1517.0,0.0,0.0,0.35003295978905735
44.0,7.0,21.0,0.6,0.1,0.6,2.0,1467.0,0.0,0.0,0.3537832310838446
44.0,7.0,22.0,0.6,0.1,0.6,2.0,1459.0,0.0,0.0,0.3570938999314599
44.0,7.0,23.0,0.6,0.1,0.6,2.0,1429.0,0.0,0.0,0.3582925122463261
44.0,7.0,24.0,0.6,0.1,0.6,2.0,1420.0,0.0,0.0,0.3591549295774648
44.0,7.0,25.0,0.6,0.1,0.6,2.0,1329.0,0.0,0.0,0.36343115124153497
44.0,7.0,26.0,0.6,0.1,0.6,2.0,1297.0,0.0,0.0,0.36314572089437164
44.0,7.0,27.0,0.6,0.1,0.6,2.0,1257.0,0.0,0.0,0.36595067621320604
44.0,7.0,28.0,0.6,0.1,0.6,2.0,1260.0,0.0,0.0,0.36428571428571427
44.0,7.0,29.0,0.6,0.1,0.6,2.0,1223.0,0.0,0.0,0.36631234668847096
44.0,7.0,30.0,0.6,0.1,0.6,2.0,1244.0,0.0,0.0,0.3633440514469453
44.0,7.0,31.0,0.6,0.1,0.6,2.0,1225.0,0.0,0.0,0.36489795918367346
44.0,7.0,32.0,0.6,0.1,0.6,2.0,1201.0,0.0,0.0,0.36636136552872606
44.0,7.0,33.0,0.6,0.1,0.6,2.0,1166.0,0.0,0.0,0.36620926243567753
44.0,7.0,34.0,0.6,0.1,0.6,2.0,1145.0,0.0,0.0,0.37292576419213974
44.0,7.0,35.0,0.6,0.1,0.6,2.0,1111.0,0.0,0.0,0.38163816381638166
44.0,7.0,36.0,0.6,0.1,0.6,2.0,1116.0,0.0,0.0,0.38082437275985664
44.0,7.0,37.0,0.6,0.1,0.6,2.0,1102.0,0.0,0.0,0.382032667876588
44.0,7.0,38.0,0.6,0.1,0.6,2.0,1087.0,0.0,0.0,0.3845446182152714
44.0,7.0,39.0,0.6,0.1,0.6,2.0,1082.0,0.0,0.0,0.38632162661737524
44.0,7.0,40.0,0.6,0.1,0.6,2.0,1074.0,0.0,0.0,0.3854748603351955
44.0,7.0,41.0,0.6,0.1,0.6,2.0,1074.0,0.0,0.0,0.38361266294227186
44.0,7.0,42.0,0.6,0.1,0.6,2.0,1075.0,0.0,0.0,0.38232558139534883
44.0,7.0,43.0,0.6,0.1,0.6,2.0,1065.0,0.0,0.0,0.38497652582159625
44.0,7.0,44.0,0.6,0.1,0.6,2.0,1069.0,0.0,0.0,0.38260056127221703
44.0,7.0,45.0,0.6,0.1,0.6,2.0,1059.0,0.0,0.0,0.6175637393767706
44.0,7.0,46.0,0.6,0.1,0.6,2.0,1044.0,0.0,0.0,0.6245210727969349
44.0,7.0,47.0,0.6,0.1,0.6,2.0,1040.0,0.0,0.0,0.6240384615384615
44.0,7.0,48.0,0.6,0.1,0.6,2.0,1033.0,0.0,0.0,0.6243949661181026
44.0,7.0,49.0,0.6,0.1,0.6,2.0,1030.0,0.0,0.0,0.6233009708737864
44.0,7.0,50.0,0.6,0.1,0.6,2.0,1023.0,0.0,0.0,0.6217008797653959
44.0,7.0,51.0,0.6,0.1,0.6,2.0,987.0,0.0,0.0,0.6261398176291794
44.0,7.0,52.0,0.6,0.1,0.6,2.0,996.0,0.0,0.0,0.6255020080321285
44.0,8.0,1.0,0.6,0.1,0.6,2.0,987.0,0.0,0.0,0.6251266464032421
44.0,8.0,2.0,0.6,0.1,0.6,2.0,979.0,0.0,0.0,0.627170582226762
44.0,8.0,3.0,0.6,0.1,0.6,2.0,970.0,0.0,0.0,0.6278350515463917
44.0,8.0,4.0,0.6,0.1,0.6,2.0,975.0,0.0,0.0,0.6297435897435898
44.0,8.0,5.0,0.6,0.1,0.6,2.0,964.0,0.0,0.0,0.6286307053941909
44.0,8.0,6.0,0.6,0.1,0.6,2.0,971.0,0.0,0.0,0.6292481977342945
44.0,8.0,7.0,0.6,0.1,0.6,2.0,963.0,0.0,0.0,0.6303219106957425
44.0,8.0,8.0,0.6,0.1,0.6,2.0,966.0,0.0,0.0,0.6304347826086957
44.0,8.0,9.0,0.6,0.1,0.6,2.0,963.0,0.0,0.0,0.6303219106957425
44.0,8.0,10.0,0.6,0.1,0.6,2.0,964.0,0.0,0.0,0.6327800829875518
44.0,8.0,11.0,0.6,0.1,0.6,2.0,956.0,0.0,0.0,0.6328451882845189
44.0,8.0,12.0,0.6,0.1,0.6,2.0,958.0,0.0,0.0,0.6356993736951984
44.0,8.0,13.0,0.6,0.1,0.6,2.0,949.0,0.0,0.0,0.6354056902002108
44.0,8.0,14.0,0.6,0.1,0.6,2.0,946.0,0.0,0.0,0.635306553911205
44.0,8.0,15.0,0.6,0.1,0.6,2.0,943.0,0.0,0.0,0.6362672322375398
44.0,8.0,16.0,0.6,0.1,0.6,2.0,949.0,0.0,0.0,0.6375131717597471
44.0,8.0,17.0,0.6,0.1,0.6,2.0,944.0,0.0,0.0,0.6366525423728814
44.0,8.0,18.0,0.6,0.1,0.6,2.0,948.0,0.0,0.0,0.6381856540084389
44.0,8.0,19.0,0.6,0.1,0.6,2.0,942.0,0.0,0.0,0.6369426751592356
44.0,8.0,20.0,0.6,0.1,0.6,2.0,1689.0,0.0,0.0,0.35642391947898167
44.0,8.0,21.0,0.6,0.1,0.6,2.0,1616.0,0.0,0.0,0.3613861386138614
44.0,8.0,22.0,0.6,0.1,0.6,2.0,1601.0,0.0,0.0,0.36477201748906934
44.0,8.0,23.0,0.6,0.1,0.6,2.0,1496.0,0.0,0.0,0.3689839572192513
44.0,8.0,24.0,0.6,0.1,0.6,2.0,1491.0,0.0,0.0,0.3722334004024145
44.0,8.0,25.0,0.6,0.1,0.6,2.0,1484.0,0.0,0.0,0.3706199460916442
44.0,8.0,26.0,0.6,0.1,0.6,2.0,1485.0,0.0,0.0,0.37104377104377106
44.0,8.0,27.0,0.6,0.1,0.6,2.0,1420.0,0.0,0.0,0.3767605633802817
44.0,8.0,28.0,0.6,0.1,0.6,2.0,1395.0,0.0,0.0,0.3763440860215054
44.0,8.0,29.0,0.6,0.1,0.6,2.0,1354.0,0.0,0.0,0.3810930576070901
44.0,8.0,30.0,0.6,0.1,0.6,2.0,1338.0,0.0,0.0,0.3841554559043348
44.0,8.0,31.0,0.6,0.1,0.6,2.0,1313.0,0.0,0.0,0.38461538461538464
44.0,8.0,32.0,0.6,0.1,0.6,2.0,1312.0,0.0,0.0,0.3864329268292683
44.0,8.0,33.0,0.6,0.1,0.6,2.0,1261.0,0.0,0.0,0.3885804916732752
44.0,8.0,34.0,0.6,0.1,0.6,2.0,1271.0,0.0,0.0,0.3894571203776554
44.0,8.0,35.0,0.6,0.1,0.6,2.0,1248.0,0.0,0.0,0.3894230769230769
44.0,8.0,36.0,0.6,0.1,0.6,2.0,1248.0,0.0,0.0,0.391025641025641
44.0,8.0,37.0,0.6,0.1,0.6,2.0,1222.0,0.0,0.0,0.39279869067103107
44.0,8.0,38.0,0.6,0.1,0.6,2.0,1216.0,0.0,0.0,0.39473684210526316
44.0,8.0,39.0,0.6,0.1,0.6,2.0,1190.0,0.0,0.0,0.39663865546218485
44.0,8.0,40.0,0.6,0.1,0.6,2.0,1188.0,0.0,0.0,0.3956228956228956
44.0,8.0,41.0,0.6,0.1,0.6,2.0,1178.0,0.0,0.0,0.39643463497453313
44.0,8.0,42.0,0.6,0.1,0.6,2.0,1162.0,0.0,0.0,0.4018932874354561
44.0,8.0,43.0,0.6,0.1,0.6,2.0,1140.0,0.0,0.0,0.40087719298245617
44.0,8.0,44.0,0.6,0.1,0.6,2.0,1151.0,0.0,0.0,0.3996524761077324
44.0,8.0,45.0,0.6,0.1,0.6,2.0,1138.0,0.0,0.0,0.6476274165202109
44.0,8.0,46.0,0.6,0.1,0.6,2.0,1139.0,0.0,0.0,0.6453028972783144
44.0,8.0,47.0,0.6,0.1,0.6,2.0,1136.0,0.0,0.0,0.6470070422535211
44.0,8.0,48.0,0.6,0.1,0.6,2.0,1115.0,0.0,0.0,0.6493273542600897
44.0,8.0,49.0,0.6,0.1,0.6,2.0,1113.0,0.0,0.0,0.6495956873315364
44.0,8.0,50.0,0.6,0.1,0.6,2.0,1117.0,0.0,0.0,0.649059982094897
44.0,8.0,51.0,0.6,0.1,0.6,2.0,1107.0,0.0,0.0,0.6513098464317977
44.0,8.0,52.0,0.6,0.1,0.6,2.0,1112.0,0.0,0.0,0.6501798561151079
44.0,9.0,1.0,0.6,0.1,0.6,2.0,1103.0,0.0,0.0,0.6527651858567544
44.0,9.0,2.0,0.6,0.1,0.6,2.0,1105.0,0.0,0.0,0.6506787330316742
44.0,9.0,3.0,0.6,0.1,0.6,2.0,1103.0,0.0,0.0,0.6527651858567544
44.0,9.0,4.0,0.6,0.1,0.6,2.0,1105.0,0.0,0.0,0.6515837104072398
44.0,9.0,5.0,0.6,0.1,0.6,2.0,1091.0,0.0,0.0,0.6581118240146654
44.0,9.0,6.0,0.6,0.1,0.6,2.0,1061.0,0.0,0.0,0.6578699340245052
44.0,9.0,7.0,0.6,0.1,0.6,2.0,1061.0,0.0,0.0,0.6597549481621112
44.0,9.0,8.0,0.6,0.1,0.6,2.0,1050.0,0.0,0.0,0.66
44.0,9.0,9.0,0.6,0.1,0.6,2.0,1052.0,0.0,0.0,0.6596958174904943
44.0,9.0,10.0,0.6,0.1,0.6,2.0,1042.0,0.0,0.0,0.6621880998080614
44.0,9.0,11.0,0.6,0.1,0.6,2.0,1029.0,0.0,0.0,0.6656948493683188
44.0,9.0,12.0,0.6,0.1,0.6,2.0,1010.0,0.0,0.0,0.6683168316831684
44.0,9.0,13.0,0.6,0.1,0.6,2.0,1007.0,0.0,0.0,0.6742800397219464
44.0,9.0,14.0,0.6,0.1,0.6,2.0,1007.0,0.0,0.0,0.6703078450844091
44.0,9.0,15.0,0.6,0.1,0.6,2.0,1002.0,0.0,0.0,0.6726546906187625
44.0,9.0,16.0,0.6,0.1,0.6,2.0,1003.0,0.0,0.0,0.6729810568295115
44.0,9.0,17.0,0.6,0.1,0.6,2.0,1001.0,0.0,0.0,0.6753246753246753
44.0,9.0,18.0,0.6,0.1,0.6,2.0,1002.0,0.0,0.0,0.6736526946107785
44.0,9.0,19.0,0.6,0.1,0.6,2.0,1000.0,0.0,0.0,0.675
44.0,9.0,20.0,0.6,0.1,0.6,2.0,1745.0,0.0,0.0,0.3742120343839542
44.0,9.0,21.0,0.6,0.1,0.6,2.0,1666.0,0.0,0.0,0.3835534213685474
44.0,9.0,22.0,0.6,0.1,0.6,2.0,1632.0,0.0,0.0,0.38480392156862747
44.0,9.0,23.0,0.6,0.1,0.6,2.0,1593.0,0.0,0.0,0.389202762084118
44.0,9.0,24.0,0.6,0.1,0.6,2.0,1538.0,0.0,0.0,0.39076723016905074
44.0,9.0,25.0,0.6,0.1,0.6,2.0,1499.0,0.0,0.0,0.39559706470980655
44.0,9.0,26.0,0.6,0.1,0.6,2.0,1460.0,0.0,0.0,0.40273972602739727
44.0,9.0,27.0,0.6,0.1,0.6,2.0,1403.0,0.0,0.0,0.4091233071988596
44.0,9.0,28.0,0.6,0.1,0.6,2.0,1347.0,0.0,0.0,0.41202672605790647
44.0,9.0,29.0,0.6,0.1,0.6,2.0,1334.0,0.0,0.0,0.41529235382308843
44.0,9.0,30.0,0.6,0.1,0.6,2.0,1296.0,0.0,0.0,0.4166666666666667
44.0,9.0,31.0,0.6,0.1,0.6,2.0,1296.0,0.0,0.0,0.4174382716049383
44.0,9.0,32.0,0.6,0.1,0.6,2.0,1291.0,0.0,0.0,0.41750580945003873
44.0,9.0,33.0,0.6,0.1,0.6,2.0,1274.0,0.0,0.0,0.41444270015698587
44.0,9.0,34.0,0.6,0.1,0.6,2.0,1244.0,0.0,0.0,0.4115755627009646
44.0,9.0,35.0,0.6,0.1,0.6,2.0,1226.0,0.0,0.0,0.4159869494290375
44.0,9.0,36.0,0.6,0.1,0.6,2.0,1207.0,0.0,0.0,0.415907207953604
44.0,9.0,37.0,0.6,0.1,0.6,2.0,1176.0,0.0,0.0,0.4217687074829932
44.0,9.0,38.0,0.6,0.1,0.6,2.0,1174.0,0.0,0.0,0.42078364565587734
44.0,9.0,39.0,0.6,0.1,0.6,2.0,1153.0,0.0,0.0,0.42324371205550737
44.0,9.0,40.0,0.6,0.1,0.6,2.0,1135.0,0.0,0.0,0.4281938325991189
44.0,9.0,41.0,0.6,0.1,0.6,2.0,1106.0,0.0,0.0,0.43037974683544306
44.0,9.0,42.0,0.6,0.1,0.6,2.0,1090.0,0.0,0.0,0.43027522935779816
44.0,9.0,43.0,0.6,0.1,0.6,2.0,1082.0,0.0,0.0,0.4297597042513863
44.0,9.0,44.0,0.6,0.1,0.6,2.0,1080.0,0.0,0.0,0.43425925925925923
44.0,9.0,45.0,0.6,0.1,0.6,2.0,1057.0,0.0,0.0,0.6546830652790918
44.0,9.0,46.0,0.6,0.1,0.6,2.0,1050.0,0.0,0.0,0.66
44.0,9.0,47.0,0.6,0.1,0.6,2.0,1031.0,0.0,0.0,0.6576139670223085
44.0,9.0,48.0,0.6,0.1,0.6,2.0,1038.0,0.0,0.0,0.6589595375722543
44.0,9.0,49.0,0.6,0.1,0.6,2.0,987.0,0.0,0.0,0.6636271529888551
44.0,9.0,50.0,0.6,0.1,0.6,2.0,997.0,0.0,0.0,0.6639919759277834
44.0,9.0,51.0,0.6,0.1,0.6,2.0,981.0,0.0,0.0,0.6646279306829765
44.0,9.0,52.0,0.6,0.1,0.6,2.0,973.0,0.0,0.0,0.6680369989722508
44.0,10.0,1.0,0.6,0.1,0.6,2.0,953.0,0.0,0.0,0.6715634837355718
44.0,10.0,2.0,0.6,0.1,0.6,2.0,960.0,0.0,0.0,0.6697916666666667
44.0,10.0,3.0,0.6,0.1,0.6,2.0,946.0,0.0,0.0,0.671247357293869
44.0,10.0,4.0,0.6,0.1,0.6,2.0,957.0,0.0,0.0,0.6698014629049112
44.0,10.0,5.0,0.6,0.1,0.6,2.0,945.0,0.0,0.0,0.671957671957672
44.0,10.0,6.0,0.6,0.1,0.6,2.0,953.0,0.0,0.0,0.6694648478488983
44.0,10.0,7.0,0.6,0.1,0.6,2.0,932.0,0.0,0.0,0.6716738197424893
44.0,10.0,8.0,0.6,0.1,0.6,2.0,936.0,0.0,0.0,0.6730769230769231
44.0,10.0,9.0,0.6,0.1,0.6,2.0,924.0,0.0,0.0,0.672077922077922
44.0,10.0,10.0,0.6,0.1,0.6,2.0,915.0,0.0,0.0,0.673224043715847
44.0,10.0,11.0,0.6,0.1,0.6,2.0,906.0,0.0,0.0,0.6754966887417219
44.0,10.0,12.0,0.6,0.1,0.6,2.0,903.0,0.0,0.0,0.6777408637873754
44.0,10.0,13.0,0.6,0.1,0.6,2.0,890.0,0.0,0.0,0.6808988764044944
44.0,10.0,14.0,0.6,0.1,0.6,2.0,896.0,0.0,0.0,0.6796875
44.0,10.0,15.0,0.6,0.1,0.6,2.0,888.0,0.0,0.0,0.6813063063063063
44.0,10.0,16.0,0.6,0.1,0.6,2.0,890.0,0.0,0.0,0.6808988764044944
44.0,10.0,17.0,0.6,0.1,0.6,2.0,880.0,0.0,0.0,0.6818181818181818
44.0,10.0,18.0,0.6,0.1,0.6,2.0,879.0,0.0,0.0,0.6814562002275313
44.0,10.0,19.0,0.6,0.1,0.6,2.0,870.0,0.0,0.0,0.6839080459770115
44.0,10.0,20.0,0.6,0.1,0.6,2.0,1462.0,0.0,0.0,0.3898768809849521
44.0,10.0,21.0,0.6,0.1,0.6,2.0,1444.0,0.0,0.0,0.389196675900277
44.0,10.0,22.0,0.6,0.1,0.6,2.0,1421.0,0.0,0.0,0.3891625615763547
44.0,10.0,23.0,0.6,0.1,0.6,2.0,1386.0,0.0,0.0,0.39105339105339104
44.0,10.0,24.0,0.6,0.1,0.6,2.0,1345.0,0.0,0.0,0.3962825278810409
44.0,10.0,25.0,0.6,0.1,0.6,2.0,1325.0,0.0,0.0,0.39622641509433965
44.0,10.0,26.0,0.6,0.1,0.6,2.0,1316.0,0.0,0.0,0.39893617021276595
44.0,10.0,27.0,0.6,0.1,0.6,2.0,1281.0,0.0,0.0,0.405152224824356
44.0,10.0,28.0,0.6,0.1,0.6,2.0,1283.0,0.0,0.0,0.4014029618082619
44.0,10.0,29.0,0.6,0.1,0.6,2.0,1238.0,0.0,0.0,0.4063004846526656
44.0,10.0,30.0,0.6,0.1,0.6,2.0,1175.0,0.0,0.0,0.41617021276595745
44.0,10.0,31.0,0.6,0.1,0.6,2.0,1165.0,0.0,0.0,0.41545064377682406
44.0,10.0,32.0,0.6,0.1,0.6,2.0,1150.0,0.0,0.0,0.42
44.0,10.0,33.0,0.6,0.1,0.6,2.0,1121.0,0.0,0.0,0.42462087421944694
44.0,10.0,34.0,0.6,0.1,0.6,2.0,1126.0,0.0,0.0,0.4271758436944938
44.0,10.0,35.0,0.6,0.1,0.6,2.0,1084.0,0.0,0.0,0.4326568265682657
44.0,10.0,36.0,0.6,0.1,0.6,2.0,1086.0,0.0,0.0,0.43462246777163904
44.0,10.0,37.0,0.6,0.1,0.6,2.0,1061.0,0.0,0.0,0.44015080113100846
44.0,10.0,38.0,0.6,0.1,0.6,2.0,1062.0,0.0,0.0,0.4387947269303202
44.0,10.0,39.0,0.6,0.1,0.6,2.0,1043.0,0.0,0.0,0.44007670182166825
44.0,10.0,40.0,0.6,0.1,0.6,2.0,1060.0,0.0,0.0,0.4377358490566038
44.0,10.0,41.0,0.6,0.1,0.6,2.0,1047.0,0.0,0.0,0.44030563514804205
44.0,10.0,42.0,0.6,0.1,0.6,2.0,1060.0,0.0,0.0,0.4377358490566038
44.0,10.0,43.0,0.6,0.1,0.6,2.0,1034.0,0.0,0.0,0.44197292069632493
44.0,10.0,44.0,0.6,0.1,0.6,2.0,1041.0,0.0,0.0,0.44284341978866476
44.0,10.0,45.0,0.6,0.1,0.6,2.0,1032.0,0.0,0.0,0.6560077519379846
44.0,10.0,46.0,0.6,0.1,0.6,2.0,1039.0,0.0,0.0,0.6573628488931665
44.0,10.0,47.0,0.6,0.1,0.6,2.0,1022.0,0.0,0.0,0.6604696673189824
44.0,10.0,48.0,0.6,0.1,0.6,2.0,1012.0,0.0,0.0,0.6630434782608695
44.0,10.0,49.0,0.6,0.1,0.6,2.0,998.0,0.0,0.0,0.6633266533066132
44.0,10.0,50.0,0.6,0.1,0.6,2.0,1015.0,0.0,0.0,0.6630541871921182
44.0,10.0,51.0,0.6,0.1,0.6,2.0,996.0,0.0,0.0,0.6636546184738956
44.0,10.0,52.0,0.6,0.1,0.6,2.0,994.0,0.0,0.0,0.6680080482897385
45.0,1.0,1.0,0.6,0.1,0.6,2.0,5222.0,53.0,14.0,0.5990042129452318
45.0,1.0,2.0,0.6,0.1,0.6,2.0,5152.0,55.0,29.0,0.5995729813664596
45.0,1.0,3.0,0.6,0.1,0.6,2.0,5063.0,70.0,37.0,0.5994469682006716
45.0,1.0,4.0,0.6,0.1,0.6,2.0,4949.0,67.0,31.0,0.6029500909274601
45.0,1.0,5.0,0.6,0.1,0.6,2.0,4916.0,61.0,33.0,0.603946297803092
45.0,1.0,6.0,0.6,0.1,0.6,2.0,4823.0,69.0,31.0,0.6060543230354551
45.0,1.0,7.0,0.6,0.1,0.6,2.0,4680.0,78.0,35.0,0.6053418803418803
45.0,1.0,8.0,0.6,0.1,0.6,2.0,4540.0,78.0,26.0,0.6110132158590308
45.0,1.0,9.0,0.6,0.1,0.6,2.0,4406.0,94.0,38.0,0.612119836586473
45.0,1.0,10.0,0.6,0.1,0.6,2.0,4262.0,91.0,31.0,0.6135617081182544
45.0,1.0,11.0,0.6,0.1,0.6,2.0,4140.0,94.0,43.0,0.6113526570048309
45.0,1.0,12.0,0.6,0.1,0.6,2.0,4040.0,94.0,45.0,0.6148514851485148
45.0,1.0,13.0,0.6,0.1,0.6,2.0,3913.0,94.0,51.0,0.6171735241502684
45.0,1.0,14.0,0.6,0.1,0.6,2.0,3805.0,79.0,42.0,0.6228646517739816
45.0,1.0,15.0,0.6,0.1,0.6,2.0,3686.0,75.0,38.0,0.6226261530113945
45.0,1.0,16.0,0.6,0.1,0.6,2.0,3629.0,70.0,38.0,0.6266189032791403
45.0,1.0,17.0,0.6,0.1,0.6,2.0,3529.0,63.0,33.0,0.6268064607537546
45.0,1.0,18.0,0.6,0.1,0.6,2.0,3435.0,62.0,28.0,0.632023289665211
45.0,1.0,19.0,0.6,0.1,0.6,2.0,3348.0,57.0,26.0,0.6281362007168458
45.0,1.0,20.0,0.6,0.1,0.6,2.0,6218.0,53.0,28.0,0.332100353811515
45.0,1.0,21.0,0.6,0.1,0.6,2.0,5863.0,79.0,26.0,0.3325942350332594
45.0,1.0,22.0,0.6,0.1,0.6,2.0,5513.0,90.0,25.0,0.33992381643388353
45.0,1.0,23.0,0.6,0.1,0.6,2.0,5174.0,99.0,31.0,0.34248163896405104
45.0,1.0,24.0,0.6,0.1,0.6,2.0,5001.0,108.0,46.0,0.34553089382123575
45.0,1.0,25.0,0.6,0.1,0.6,2.0,4717.0,119.0,56.0,0.34831460674157305
45.0,1.0,26.0,0.6,0.1,0.6,2.0,4542.0,139.0,59.0,0.3533685601056803
45.0,1.0,27.0,0.6,0.1,0.6,2.0,4315.0,159.0,57.0,0.3561993047508691
45.0,1.0,28.0,0.6,0.1,0.6,2.0,4120.0,162.0,62.0,0.35825242718446604
45.0,1.0,29.0,0.6,0.1,0.6,2.0,4011.0,199.0,72.0,0.3570181999501371
45.0,1.0,30.0,0.6,0.1,0.6,2.0,3832.0,226.0,88.0,0.3640396659707724
45.0,1.0,31.0,0.6,0.1,0.6,2.0,3595.0,231.0,91.0,0.3710709318497914
45.0,1.0,32.0,0.6,0.1,0.6,2.0,3462.0,248.0,112.0,0.3763720392836511
45.0,1.0,33.0,0.6,0.1,0.6,2.0,3325.0,246.0,119.0,0.3804511278195489
45.0,1.0,34.0,0.6,0.1,0.6,2.0,3158.0,243.0,115.0,0.3882203926535782
45.0,1.0,35.0,0.6,0.1,0.6,2.0,3018.0,260.0,124.0,0.39231278992710406
45.0,1.0,36.0,0.6,0.1,0.6,2.0,2972.0,266.0,129.0,0.39804845222072677
45.0,1.0,37.0,0.6,0.1,0.6,2.0,2806.0,255.0,123.0,0.40484675694939415
45.0,1.0,38.0,0.6,0.1,0.6,2.0,2688.0,232.0,105.0,0.41517857142857145
45.0,1.0,39.0,0.6,0.1,0.6,2.0,2568.0,203.0,92.0,0.4236760124610592
45.0,1.0,40.0,0.6,0.1,0.6,2.0,2496.0,197.0,93.0,0.42948717948717946
45.0,1.0,41.0,0.6,0.1,0.6,2.0,2392.0,187.0,101.0,0.4343645484949833
45.0,1.0,42.0,0.6,0.1,0.6,2.0,2339.0,182.0,97.0,0.44249679350149634
45.0,1.0,43.0,0.6,0.1,0.6,2.0,2231.0,171.0,89.0,0.45271178843567905
45.0,1.0,44.0,0.6,0.1,0.6,2.0,2170.0,157.0,77.0,0.4626728110599078
45.0,1.0,45.0,0.6,0.1,0.6,2.0,2074.0,145.0,65.0,0.6899710703953713
45.0,1.0,46.0,0.6,0.1,0.6,2.0,2002.0,129.0,68.0,0.6963036963036963
45.0,1.0,47.0,0.6,0.1,0.6,2.0,1894.0,118.0,62.0,0.7059134107708553
45.0,1.0,48.0,0.6,0.1,0.6,2.0,1865.0,104.0,59.0,0.7061662198391421
45.0,1.0,49.0,0.6,0.1,0.6,2.0,1776.0,74.0,45.0,0.7122747747747747
45.0,1.0,50.0,0.6,0.1,0.6,2.0,1756.0,65.0,43.0,0.7169703872437357
45.0,1.0,51.0,0.6,0.1,0.6,2.0,1712.0,53.0,34.0,0.7202102803738317
45.0,1.0,52.0,0.6,0.1,0.6,2.0,1686.0,40.0,28.0,0.7224199288256228
45.0,2.0,1.0,0.6,0.1,0.6,2.0,1642.0,27.0,17.0,0.7302070645554202
45.0,2.0,2.0,0.6,0.1,0.6,2.0,1640.0,26.0,18.0,0.7280487804878049
45.0,2.0,3.0,0.6,0.1,0.6,2.0,1601.0,16.0,10.0,0.7345409119300437
45.0,2.0,4.0,0.6,0.1,0.6,2.0,1596.0,12.0,9.0,0.7355889724310777
45.0,2.0,5.0,0.6,0.1,0.6,2.0,1576.0,10.0,7.0,0.7392131979695431
45.0,2.0,6.0,0.6,0.1,0.6,2.0,1561.0,9.0,5.0,0.7399103139013453
45.0,2.0,7.0,0.6,0.1,0.6,2.0,1556.0,6.0,4.0,0.7403598971722365
45.0,2.0,8.0,0.6,0.1,0.6,2.0,1538.0,6.0,3.0,0.7425227568270482
45.0,2.0,9.0,0.6,0.1,0.6,2.0,1535.0,6.0,2.0,0.7433224755700326
45.0,2.0,10.0,0.6,0.1,0.6,2.0,1518.0,4.0,2.0,0.7450592885375494
45.0,2.0,11.0,0.6,0.1,0.6,2.0,1507.0,4.0,2.0,0.7438619774386198
45.0,2.0,12.0,0.6,0.1,0.6,2.0,1488.0,4.0,2.0,0.7452956989247311
45.0,2.0,13.0,0.6,0.1,0.6,2.0,1481.0,2.0,1.0,0.7440918298446996
45.0,2.0,14.0,0.6,0.1,0.6,2.0,1455.0,3.0,2.0,0.7450171821305842
45.0,2.0,15.0,0.6,0.1,0.6,2.0,1451.0,4.0,2.0,0.7422467263955892
45.0,2.0,16.0,0.6,0.1,0.6,2.0,1441.0,3.0,0.0,0.7439278278972935
45.0,2.0,17.0,0.6,0.1,0.6,2.0,1422.0,3.0,0.0,0.7390998593530239
45.0,2.0,18.0,0.6,0.1,0.6,2.0,1413.0,3.0,1.0,0.7402689313517339
45.0,2.0,19.0,0.6,0.1,0.6,2.0,1412.0,3.0,1.0,0.7379603399433428
45.0,2.0,20.0,0.6,0.1,0.6,2.0,2580.0,3.0,2.0,0.40310077519379844
45.0,2.0,21.0,0.6,0.1,0.6,2.0,2451.0,2.0,2.0,0.401468788249694
45.0,2.0,22.0,0.6,0.1,0.6,2.0,2373.0,2.0,2.0,0.40160134850400336
45.0,2.0,23.0,0.6,0.1,0.6,2.0,2285.0,2.0,1.0,0.40525164113785556
45.0,2.0,24.0,0.6,0.1,0.6,2.0,2251.0,1.0,0.0,0.4038205242114616
45.0,2.0,25.0,0.6,0.1,0.6,2.0,2226.0,1.0,0.0,0.40476190476190477
45.0,2.0,26.0,0.6,0.1,0.6,2.0,2132.0,1.0,0.0,0.4090056285178236
45.0,2.0,27.0,0.6,0.1,0.6,2.0,2001.0,0.0,0.0,0.4172913543228386
45.0,2.0,28.0,0.6,0.1,0.6,2.0,1892.0,0.0,0.0,0.4212473572938689
45.0,2.0,29.0,0.6,0.1,0.6,2.0,1816.0,0.0,0.0,0.4262114537444934
45.0,2.0,30.0,0.6,0.1,0.6,2.0,1742.0,0.0,0.0,0.42824339839265213
45.0,2.0,31.0,0.6,0.1,0.6,2.0,1713.0,0.0,0.0,0.4290718038528897
45.0,2.0,32.0,0.6,0.1,0.6,2.0,1689.0,0.0,0.0,0.43043220840734164
45.0,2.0,33.0,0.6,0.1,0.6,2.0,1663.0,0.0,0.0,0.4329524954900782
45.0,2.0,34.0,0.6,0.1,0.6,2.0,1607.0,0.0,0.0,0.43186060983198504
45.0,2.0,35.0,0.6,0.1,0.6,2.0,1525.0,0.0,0.0,0.43475409836065576
45.0,2.0,36.0,0.6,0.1,0.6,2.0,1505.0,0.0,0.0,0.43588039867109635
45.0,2.0,37.0,0.6,0.1,0.6,2.0,1485.0,0.0,0.0,0.43434343434343436
45.0,2.0,38.0,0.6,0.1,0.6,2.0,1440.0,0.0,0.0,0.4354166666666667
45.0,2.0,39.0,0.6,0.1,0.6,2.0,1405.0,0.0,0.0,0.43629893238434164
45.0,2.0,40.0,0.6,0.1,0.6,2.0,1375.0,0.0,0.0,0.44072727272727275
45.0,2.0,41.0,0.6,0.1,0.6,2.0,1324.0,0.0,0.0,0.44033232628398794
45.0,2.0,42.0,0.6,0.1,0.6,2.0,1318.0,0.0,0.0,0.4408194233687405
45.0,2.0,43.0,0.6,0.1,0.6,2.0,1298.0,0.0,0.0,0.4437596302003082
45.0,2.0,44.0,0.6,0.1,0.6,2.0,1270.0,0.0,0.0,0.4409448818897638
45.0,2.0,45.0,0.6,0.1,0.6,2.0,1259.0,0.0,0.0,0.6640190627482129
45.0,2.0,46.0,0.6,0.1,0.6,2.0,1239.0,0.0,0.0,0.6594027441485069
45.0,2.0,47.0,0.6,0.1,0.6,2.0,1232.0,0.0,0.0,0.661525974025974
45.0,2.0,48.0,0.6,0.1,0.6,2.0,1211.0,0.0,0.0,0.6581337737407101
45.0,2.0,49.0,0.6,0.1,0.6,2.0,1204.0,0.0,0.0,0.6627906976744186
45.0,2.0,50.0,0.6,0.1,0.6,2.0,1187.0,0.0,0.0,0.6613310867733783
45.0,2.0,51.0,0.6,0.1,0.6,2.0,1172.0,0.0,0.0,0.6638225255972696
45.0,2.0,52.0,0.6,0.1,0.6,2.0,1157.0,0.0,0.0,0.662057044079516
45.0,3.0,1.0,0.6,0.1,0.6,2.0,1151.0,0.0,0.0,0.6629018245004344
45.0,3.0,2.0,0.6,0.1,0.6,2.0,1122.0,0.0,0.0,0.661319073083779
45.0,3.0,3.0,0.6,0.1,0.6,2.0,1115.0,0.0,0.0,0.6618834080717488
45.0,3.0,4.0,0.6,0.1,0.6,2.0,1095.0,0.0,0.0,0.6611872146118721
45.0,3.0,5.0,0.6,0.1,0.6,2.0,1086.0,0.0,0.0,0.6611418047882136
45.0,3.0,6.0,0.6,0.1,0.6,2.0,1047.0,0.0,0.0,0.6571155682903533
45.0,3.0,7.0,0.6,0.1,0.6,2.0,1052.0,0.0,0.0,0.658745247148289
45.0,3.0,8.0,0.6,0.1,0.6,2.0,1040.0,0.0,0.0,0.6586538461538461
45.0,3.0,9.0,0.6,0.1,0.6,2.0,1037.0,0.0,0.0,0.6586306653809064
45.0,3.0,10.0,0.6,0.1,0.6,2.0,1025.0,0.0,0.0,0.6604878048780488
45.0,3.0,11.0,0.6,0.1,0.6,2.0,1028.0,0.0,0.0,0.6605058365758755
45.0,3.0,12.0,0.6,0.1,0.6,2.0,1016.0,0.0,0.0,0.6594488188976378
45.0,3.0,13.0,0.6,0.1,0.6,2.0,1010.0,0.0,0.0,0.6584158415841584
45.0,3.0,14.0,0.6,0.1,0.6,2.0,986.0,0.0,0.0,0.6572008113590264
45.0,3.0,15.0,0.6,0.1,0.6,2.0,990.0,0.0,0.0,0.6565656565656566
45.0,3.0,16.0,0.6,0.1,0.6,2.0,969.0,0.0,0.0,0.6573787409700722
45.0,3.0,17.0,0.6,0.1,0.6,2.0,964.0,0.0,0.0,0.6556016597510373
45.0,3.0,18.0,0.6,0.1,0.6,2.0,964.0,0.0,0.0,0.6556016597510373
45.0,3.0,19.0,0.6,0.1,0.6,2.0,940.0,0.0,0.0,0.6585106382978724
45.0,3.0,20.0,0.6,0.1,0.6,2.0,1639.0,0.0,0.0,0.3624161073825503
45.0,3.0,21.0,0.6,0.1,0.6,2.0,1618.0,0.0,0.0,0.35908529048207666
45.0,3.0,22.0,0.6,0.1,0.6,2.0,1602.0,0.0,0.0,0.35518102372034954
45.0,3.0,23.0,0.6,0.1,0.6,2.0,1547.0,0.0,0.0,0.3587588881706529
45.0,3.0,24.0,0.6,0.1,0.6,2.0,1515.0,0.0,0.0,0.3564356435643564
45.0,3.0,25.0,0.6,0.1,0.6,2.0,1524.0,0.0,0.0,0.3589238845144357
45.0,3.0,26.0,0.6,0.1,0.6,2.0,1457.0,0.0,0.0,0.35964310226492796
45.0,3.0,27.0,0.6,0.1,0.6,2.0,1417.0,0.0,0.0,0.3676781933662668
45.0,3.0,28.0,0.6,0.1,0.6,2.0,1328.0,0.0,0.0,0.3697289156626506
45.0,3.0,29.0,0.6,0.1,0.6,2.0,1301.0,0.0,0.0,0.37355880092236743
45.0,3.0,30.0,0.6,0.1,0.6,2.0,1249.0,0.0,0.0,0.37469975980784626
45.0,3.0,31.0,0.6,0.1,0.6,2.0,1251.0,0.0,0.0,0.37569944044764186
45.0,3.0,32.0,0.6,0.1,0.6,2.0,1204.0,0.0,0.0,0.3729235880398671
45.0,3.0,33.0,0.6,0.1,0.6,2.0,1182.0,0.0,0.0,0.37986463620981387
45.0,3.0,34.0,0.6,0.1,0.6,2.0,1147.0,0.0,0.0,0.3748910200523104
45.0,3.0,35.0,0.6,0.1,0.6,2.0,1112.0,0.0,0.0,0.3776978417266187
45.0,3.0,36.0,0.6,0.1,0.6,2.0,1084.0,0.0,0.0,0.3736162361623616
45.0,3.0,37.0,0.6,0.1,0.6,2.0,1076.0,0.0,0.0,0.37732342007434944
45.0,3.0,38.0,0.6,0.1,0.6,2.0,1073.0,0.0,0.0,0.37371854613233924
45.0,3.0,39.0,0.6,0.1,0.6,2.0,1056.0,0.0,0.0,0.375
45.0,3.0,40.0,0.6,0.1,0.6,2.0,1045.0,0.0,0.0,0.3684210526315789
45.0,3.0,41.0,0.6,0.1,0.6,2.0,1040.0,0.0,0.0,0.3721153846153846
45.0,3.0,42.0,0.6,0.1,0.6,2.0,1002.0,0.0,0.0,0.37025948103792417
45.0,3.0,43.0,0.6,0.1,0.6,2.0,999.0,0.0,0.0,0.3743743743743744
45.0,3.0,44.0,0.6,0.1,0.6,2.0,982.0,0.0,0.0,0.37372708757637474
45.0,3.0,45.0,0.6,0.1,0.6,2.0,980.0,0.0,0.0,0.6112244897959184
45.0,3.0,46.0,0.6,0.1,0.6,2.0,969.0,0.0,0.0,0.608875128998968
45.0,3.0,47.0,0.6,0.1,0.6,2.0,965.0,0.0,0.0,0.6072538860103627
45.0,3.0,48.0,0.6,0.1,0.6,2.0,917.0,0.0,0.0,0.6117775354416576
45.0,3.0,49.0,0.6,0.1,0.6,2.0,909.0,0.0,0.0,0.6138613861386139
45.0,3.0,50.0,0.6,0.1,0.6,2.0,888.0,0.0,0.0,0.6069819819819819
45.0,3.0,51.0,0.6,0.1,0.6,2.0,887.0,0.0,0.0,0.6076662908680946
45.0,3.0,52.0,0.6,0.1,0.6,2.0,880.0,0.0,0.0,0.6045454545454545
45.0,4.0,1.0,0.6,0.1,0.6,2.0,868.0,0.0,0.0,0.6105990783410138
45.0,4.0,2.0,0.6,0.1,0.6,2.0,859.0,0.0,0.0,0.6018626309662398
45.0,4.0,3.0,0.6,0.1,0.6,2.0,844.0,0.0,0.0,0.6078199052132701
45.0,4.0,4.0,0.6,0.1,0.6,2.0,834.0,0.0,0.0,0.6031175059952039
45.0,4.0,5.0,0.6,0.1,0.6,2.0,832.0,0.0,0.0,0.6057692307692307
45.0,4.0,6.0,0.6,0.1,0.6,2.0,825.0,0.0,0.0,0.6
45.0,4.0,7.0,0.6,0.1,0.6,2.0,827.0,0.0,0.0,0.6021765417170496
45.0,4.0,8.0,0.6,0.1,0.6,2.0,815.0,0.0,0.0,0.5950920245398773
45.0,4.0,9.0,0.6,0.1,0.6,2.0,815.0,0.0,0.0,0.603680981595092
45.0,4.0,10.0,0.6,0.1,0.6,2.0,808.0,0.0,0.0,0.5965346534653465
45.0,4.0,11.0,0.6,0.1,0.6,2.0,794.0,0.0,0.0,0.5994962216624685
45.0,4.0,12.0,0.6,0.1,0.6,2.0,793.0,0.0,0.0,0.5939470365699874
45.0,4.0,13.0,0.6,0.1,0.6,2.0,790.0,0.0,0.0,0.5987341772151898
45.0,4.0,14.0,0.6,0.1,0.6,2.0,787.0,0.0,0.0,0.5933926302414231
45.0,4.0,15.0,0.6,0.1,0.6,2.0,786.0,0.0,0.0,0.5966921119592875
45.0,4.0,16.0,0.6,0.1,0.6,2.0,783.0,0.0,0.0,0.5900383141762452
45.0,4.0,17.0,0.6,0.1,0.6,2.0,782.0,0.0,0.0,0.5959079283887468
45.0,4.0,18.0,0.6,0.1,0.6,2.0,777.0,0.0,0.0,0.583011583011583
45.0,4.0,19.0,0.6,0.1,0.6,2.0,773.0,0.0,0.0,0.5950840879689522
45.0,4.0,20.0,0.6,0.1,0.6,2.0,1378.0,0.0,0.0,0.3229317851959361
45.0,4.0,21.0,0.6,0.1,0.6,2.0,1345.0,0.0,0.0,0.3345724907063197
45.0,4.0,22.0,0.6,0.1,0.6,2.0,1309.0,0.0,0.0,0.3284950343773873
45.0,4.0,23.0,0.6,0.1,0.6,2.0,1240.0,0.0,0.0,0.34274193548387094
45.0,4.0,24.0,0.6,0.1,0.6,2.0,1206.0,0.0,0.0,0.33250414593698174
45.0,4.0,25.0,0.6,0.1,0.6,2.0,1164.0,0.0,0.0,0.3436426116838488
45.0,4.0,26.0,0.6,0.1,0.6,2.0,1141.0,0.0,0.0,0.33654688869412797
45.0,4.0,27.0,0.6,0.1,0.6,2.0,1107.0,0.0,0.0,0.34236675700090335
45.0,4.0,28.0,0.6,0.1,0.6,2.0,1110.0,0.0,0.0,0.3387387387387387
45.0,4.0,29.0,0.6,0.1,0.6,2.0,1080.0,0.0,0.0,0.34444444444444444
45.0,4.0,30.0,0.6,0.1,0.6,2.0,1095.0,0.0,0.0,0.3406392694063927
45.0,4.0,31.0,0.6,0.1,0.6,2.0,1051.0,0.0,0.0,0.34443387250237867
45.0,4.0,32.0,0.6,0.1,0.6,2.0,1046.0,0.0,0.0,0.3422562141491396
45.0,4.0,33.0,0.6,0.1,0.6,2.0,1024.0,0.0,0.0,0.345703125
45.0,4.0,34.0,0.6,0.1,0.6,2.0,1022.0,0.0,0.0,0.34442270058708413
45.0,4.0,35.0,0.6,0.1,0.6,2.0,1001.0,0.0,0.0,0.34465534465534464
45.0,4.0,36.0,0.6,0.1,0.6,2.0,1016.0,0.0,0.0,0.3425196850393701
45.0,4.0,37.0,0.6,0.1,0.6,2.0,960.0,0.0,0.0,0.340625
45.0,4.0,38.0,0.6,0.1,0.6,2.0,922.0,0.0,0.0,0.34273318872017355
45.0,4.0,39.0,0.6,0.1,0.6,2.0,915.0,0.0,0.0,0.34098360655737703
45.0,4.0,40.0,0.6,0.1,0.6,2.0,909.0,0.0,0.0,0.3388338833883388
45.0,4.0,41.0,0.6,0.1,0.6,2.0,904.0,0.0,0.0,0.33849557522123896
45.0,4.0,42.0,0.6,0.1,0.6,2.0,861.0,0.0,0.0,0.34610917537746805
45.0,4.0,43.0,0.6,0.1,0.6,2.0,839.0,0.0,0.0,0.3432657926102503
45.0,4.0,44.0,0.6,0.1,0.6,2.0,830.0,0.0,0.0,0.3457831325301205
45.0,4.0,45.0,0.6,0.1,0.6,2.0,821.0,0.0,0.0,0.6248477466504263
45.0,4.0,46.0,0.6,0.1,0.6,2.0,819.0,0.0,0.0,0.63003663003663
45.0,4.0,47.0,0.6,0.1,0.6,2.0,814.0,0.0,0.0,0.6228501228501229
45.0,4.0,48.0,0.6,0.1,0.6,2.0,812.0,0.0,0.0,0.6280788177339901
45.0,4.0,49.0,0.6,0.1,0.6,2.0,812.0,0.0,0.0,0.6219211822660099
45.0,4.0,50.0,0.6,0.1,0.6,2.0,805.0,0.0,0.0,0.6273291925465838
45.0,4.0,51.0,0.6,0.1,0.6,2.0,805.0,0.0,0.0,0.6211180124223602
45.0,4.0,52.0,0.6,0.1,0.6,2.0,794.0,0.0,0.0,0.628463476070529
45.0,5.0,1.0,0.6,0.1,0.6,2.0,801.0,0.0,0.0,0.6192259675405742
45.0,5.0,2.0,0.6,0.1,0.6,2.0,785.0,0.0,0.0,0.6254777070063694
45.0,5.0,3.0,0.6,0.1,0.6,2.0,782.0,0.0,0.0,0.6176470588235294
45.0,5.0,4.0,0.6,0.1,0.6,2.0,768.0,0.0,0.0,0.6223958333333334
45.0,5.0,5.0,0.6,0.1,0.6,2.0,769.0,0.0,0.0,0.6215864759427828
45.0,5.0,6.0,0.6,0.1,0.6,2.0,765.0,0.0,0.0,0.6235294117647059
45.0,5.0,7.0,0.6,0.1,0.6,2.0,756.0,0.0,0.0,0.6216931216931217
45.0,5.0,8.0,0.6,0.1,0.6,2.0,734.0,0.0,0.0,0.6226158038147139
45.0,5.0,9.0,0.6,0.1,0.6,2.0,727.0,0.0,0.0,0.6203576341127923
45.0,5.0,10.0,0.6,0.1,0.6,2.0,725.0,0.0,0.0,0.6248275862068966
45.0,5.0,11.0,0.6,0.1,0.6,2.0,717.0,0.0,0.0,0.6262203626220363
45.0,5.0,12.0,0.6,0.1,0.6,2.0,718.0,0.0,0.0,0.628133704735376
45.0,5.0,13.0,0.6,0.1,0.6,2.0,713.0,0.0,0.0,0.6255259467040674
45.0,5.0,14.0,0.6,0.1,0.6,2.0,706.0,0.0,0.0,0.6331444759206799
45.0,5.0,15.0,0.6,0.1,0.6,2.0,697.0,0.0,0.0,0.629842180774749
45.0,5.0,16.0,0.6,0.1,0.6,2.0,699.0,0.0,0.0,0.6337625178826896
45.0,5.0,17.0,0.6,0.1,0.6,2.0,683.0,0.0,0.0,0.6325036603221084
45.0,5.0,18.0,0.6,0.1,0.6,2.0,687.0,0.0,0.0,0.6346433770014556
45.0,5.0,19.0,0.6,0.1,0.6,2.0,677.0,0.0,0.0,0.6351550960118169
45.0,5.0,20.0,0.6,0.1,0.6,2.0,1248.0,0.0,0.0,0.3405448717948718
45.0,5.0,21.0,0.6,0.1,0.6,2.0,1192.0,0.0,0.0,0.33976510067114096
45.0,5.0,22.0,0.6,0.1,0.6,2.0,1167.0,0.0,0.0,0.3427592116538132
45.0,5.0,23.0,0.6,0.1,0.6,2.0,1066.0,0.0,0.0,0.35365853658536583
45.0,5.0,24.0,0.6,0.1,0.6,2.0,1052.0,0.0,0.0,0.3602661596958175
45.0,5.0,25.0,0.6,0.1,0.6,2.0,1022.0,0.0,0.0,0.35909980430528377
45.0,5.0,26.0,0.6,0.1,0.6,2.0,1028.0,0.0,0.0,0.36089494163424124
45.0,5.0,27.0,0.6,0.1,0.6,2.0,991.0,0.0,0.0,0.3612512613521695
45.0,5.0,28.0,0.6,0.1,0.6,2.0,981.0,0.0,0.0,0.3659531090723751
45.0,5.0,29.0,0.6,0.1,0.6,2.0,972.0,0.0,0.0,0.3662551440329218
45.0,5.0,30.0,0.6,0.1,0.6,2.0,957.0,0.0,0.0,0.36886102403343785
45.0,5.0,31.0,0.6,0.1,0.6,2.0,917.0,0.0,0.0,0.37404580152671757
45.0,5.0,32.0,0.6,0.1,0.6,2.0,897.0,0.0,0.0,0.3779264214046823
45.0,5.0,33.0,0.6,0.1,0.6,2.0,869.0,0.0,0.0,0.378596087456847
45.0,5.0,34.0,0.6,0.1,0.6,2.0,845.0,0.0,0.0,0.3834319526627219
45.0,5.0,35.0,0.6,0.1,0.6,2.0,824.0,0.0,0.0,0.38470873786407767
45.0,5.0,36.0,0.6,0.1,0.6,2.0,808.0,0.0,0.0,0.3849009900990099
45.0,5.0,37.0,0.6,0.1,0.6,2.0,795.0,0.0,0.0,0.38742138364779877
45.0,5.0,38.0,0.6,0.1,0.6,2.0,791.0,0.0,0.0,0.38558786346396967
45.0,5.0,39.0,0.6,0.1,0.6,2.0,782.0,0.0,0.0,0.38491048593350385
45.0,5.0,40.0,0.6,0.1,0.6,2.0,784.0,0.0,0.0,0.38903061224489793
45.0,5.0,41.0,0.6,0.1,0.6,2.0,756.0,0.0,0.0,0.3888888888888889
45.0,5.0,42.0,0.6,0.1,0.6,2.0,755.0,0.0,0.0,0.39072847682119205
45.0,5.0,43.0,0.6,0.1,0.6,2.0,716.0,0.0,0.0,0.3924581005586592
45.0,5.0,44.0,0.6,0.1,0.6,2.0,707.0,0.0,0.0,0.3988684582743989
45.0,5.0,45.0,0.6,0.1,0.6,2.0,696.0,0.0,0.0,0.6278735632183908
45.0,5.0,46.0,0.6,0.1,0.6,2.0,680.0,0.0,0.0,0.6367647058823529
45.0,5.0,47.0,0.6,0.1,0.6,2.0,675.0,0.0,0.0,0.6325925925925926
45.0,5.0,48.0,0.6,0.1,0.6,2.0,653.0,0.0,0.0,0.6447166921898928
45.0,5.0,49.0,0.6,0.1,0.6,2.0,637.0,0.0,0.0,0.6389324960753532
45.0,5.0,50.0,0.6,0.1,0.6,2.0,628.0,0.0,0.0,0.6464968152866242
45.0,5.0,51.0,0.6,0.1,0.6,2.0,622.0,0.0,0.0,0.6414790996784566
45.0,5.0,52.0,0.6,0.1,0.6,2.0,611.0,0.0,0.0,0.6481178396072013
45.0,6.0,1.0,0.6,0.1,0.6,2.0,598.0,0.0,0.0,0.6454849498327759
45.0,6.0,2.0,0.6,0.1,0.6,2.0,605.0,0.0,0.0,0.6495867768595042
45.0,6.0,3.0,0.6,0.1,0.6,2.0,596.0,0.0,0.0,0.6459731543624161
45.0,6.0,4.0,0.6,0.1,0.6,2.0,600.0,0.0,0.0,0.6483333333333333
45.0,6.0,5.0,0.6,0.1,0.6,2.0,590.0,0.0,0.0,0.6457627118644068
45.0,6.0,6.0,0.6,0.1,0.6,2.0,601.0,0.0,0.0,0.64891846921797
45.0,6.0,7.0,0.6,0.1,0.6,2.0,579.0,0.0,0.0,0.6528497409326425
45.0,6.0,8.0,0.6,0.1,0.6,2.0,586.0,0.0,0.0,0.6569965870307167
45.0,6.0,9.0,0.6,0.1,0.6,2.0,571.0,0.0,0.0,0.6514886164623468
45.0,6.0,10.0,0.6,0.1,0.6,2.0,579.0,0.0,0.0,0.6580310880829016
45.0,6.0,11.0,0.6,0.1,0.6,2.0,565.0,0.0,0.0,0.6548672566371682
45.0,6.0,12.0,0.6,0.1,0.6,2.0,573.0,0.0,0.0,0.6561954624781849
45.0,6.0,13.0,0.6,0.1,0.6,2.0,548.0,0.0,0.0,0.6587591240875912
45.0,6.0,14.0,0.6,0.1,0.6,2.0,555.0,0.0,0.0,0.6576576576576577
45.0,6.0,15.0,0.6,0.1,0.6,2.0,547.0,0.0,0.0,0.6581352833638026
45.0,6.0,16.0,0.6,0.1,0.6,2.0,530.0,0.0,0.0,0.6584905660377358
45.0,6.0,17.0,0.6,0.1,0.6,2.0,522.0,0.0,0.0,0.6590038314176245
45.0,6.0,18.0,0.6,0.1,0.6,2.0,529.0,0.0,0.0,0.6578449905482041
45.0,6.0,19.0,0.6,0.1,0.6,2.0,522.0,0.0,0.0,0.6590038314176245
45.0,6.0,20.0,0.6,0.1,0.6,2.0,941.0,0.0,0.0,0.3687566418703507
45.0,6.0,21.0,0.6,0.1,0.6,2.0,906.0,0.0,0.0,0.3719646799116998
45.0,6.0,22.0,0.6,0.1,0.6,2.0,899.0,0.0,0.0,0.3759733036707453
45.0,6.0,23.0,0.6,0.1,0.6,2.0,892.0,0.0,0.0,0.3744394618834081
45.0,6.0,24.0,0.6,0.1,0.6,2.0,879.0,0.0,0.0,0.37770193401592717
45.0,6.0,25.0,0.6,0.1,0.6,2.0,857.0,0.0,0.0,0.3780630105017503
45.0,6.0,26.0,0.6,0.1,0.6,2.0,838.0,0.0,0.0,0.38424821002386633
45.0,6.0,27.0,0.6,0.1,0.6,2.0,809.0,0.0,0.0,0.380716934487021
45.0,6.0,28.0,0.6,0.1,0.6,2.0,769.0,0.0,0.0,0.3862158647594278
45.0,6.0,29.0,0.6,0.1,0.6,2.0,780.0,0.0,0.0,0.38461538461538464
45.0,6.0,30.0,0.6,0.1,0.6,2.0,769.0,0.0,0.0,0.3836150845253576
45.0,6.0,31.0,0.6,0.1,0.6,2.0,747.0,0.0,0.0,0.3868808567603748
45.0,6.0,32.0,0.6,0.1,0.6,2.0,734.0,0.0,0.0,0.391008174386921
45.0,6.0,33.0,0.6,0.1,0.6,2.0,734.0,0.0,0.0,0.3896457765667575
45.0,6.0,34.0,0.6,0.1,0.6,2.0,732.0,0.0,0.0,0.38934426229508196
45.0,6.0,35.0,0.6,0.1,0.6,2.0,706.0,0.0,0.0,0.38526912181303113
45.0,6.0,36.0,0.6,0.1,0.6,2.0,688.0,0.0,0.0,0.38808139534883723
45.0,6.0,37.0,0.6,0.1,0.6,2.0,690.0,0.0,0.0,0.3855072463768116
45.0,6.0,38.0,0.6,0.1,0.6,2.0,688.0,0.0,0.0,0.38808139534883723
45.0,6.0,39.0,0.6,0.1,0.6,2.0,690.0,0.0,0.0,0.3855072463768116
45.0,6.0,40.0,0.6,0.1,0.6,2.0,688.0,0.0,0.0,0.38808139534883723
45.0,6.0,41.0,0.6,0.1,0.6,2.0,685.0,0.0,0.0,0.38686131386861317
45.0,6.0,42.0,0.6,0.1,0.6,2.0,687.0,0.0,0.0,0.38719068413391555
45.0,6.0,43.0,0.6,0.1,0.6,2.0,685.0,0.0,0.0,0.3854014598540146
45.0,6.0,44.0,0.6,0.1,0.6,2.0,674.0,0.0,0.0,0.3916913946587537
45.0,6.0,45.0,0.6,0.1,0.6,2.0,664.0,0.0,0.0,0.6551204819277109
45.0,6.0,46.0,0.6,0.1,0.6,2.0,660.0,0.0,0.0,0.6515151515151515
45.0,6.0,47.0,0.6,0.1,0.6,2.0,663.0,0.0,0.0,0.6546003016591252
45.0,6.0,48.0,0.6,0.1,0.6,2.0,661.0,0.0,0.0,0.6520423600605144
45.0,6.0,49.0,0.6,0.1,0.6,2.0,660.0,0.0,0.0,0.6545454545454545
45.0,6.0,50.0,0.6,0.1,0.6,2.0,662.0,0.0,0.0,0.6510574018126888
45.0,6.0,51.0,0.6,0.1,0.6,2.0,658.0,0.0,0.0,0.6534954407294833
45.0,6.0,52.0,0.6,0.1,0.6,2.0,660.0,0.0,0.0,0.6515151515151515
45.0,7.0,1.0,0.6,0.1,0.6,2.0,655.0,0.0,0.0,0.6564885496183206
45.0,7.0,2.0,0.6,0.1,0.6,2.0,660.0,0.0,0.0,0.6515151515151515
45.0,7.0,3.0,0.6,0.1,0.6,2.0,653.0,0.0,0.0,0.655436447166922
45.0,7.0,4.0,0.6,0.1,0.6,2.0,659.0,0.0,0.0,0.6525037936267072
45.0,7.0,5.0,0.6,0.1,0.6,2.0,652.0,0.0,0.0,0.656441717791411
45.0,7.0,6.0,0.6,0.1,0.6,2.0,659.0,0.0,0.0,0.6525037936267072
45.0,7.0,7.0,0.6,0.1,0.6,2.0,652.0,0.0,0.0,0.656441717791411
45.0,7.0,8.0,0.6,0.1,0.6,2.0,655.0,0.0,0.0,0.6534351145038167
45.0,7.0,9.0,0.6,0.1,0.6,2.0,650.0,0.0,0.0,0.6553846153846153
45.0,7.0,10.0,0.6,0.1,0.6,2.0,650.0,0.0,0.0,0.6553846153846153
45.0,7.0,11.0,0.6,0.1,0.6,2.0,648.0,0.0,0.0,0.6574074074074074
45.0,7.0,12.0,0.6,0.1,0.6,2.0,649.0,0.0,0.0,0.6563944530046225
45.0,7.0,13.0,0.6,0.1,0.6,2.0,646.0,0.0,0.0,0.6594427244582043
45.0,7.0,14.0,0.6,0.1,0.6,2.0,646.0,0.0,0.0,0.6563467492260062
45.0,7.0,15.0,0.6,0.1,0.6,2.0,645.0,0.0,0.0,0.6589147286821705
45.0,7.0,16.0,0.6,0.1,0.6,2.0,634.0,0.0,0.0,0.6593059936908517
45.0,7.0,17.0,0.6,0.1,0.6,2.0,635.0,0.0,0.0,0.6614173228346457
45.0,7.0,18.0,0.6,0.1,0.6,2.0,632.0,0.0,0.0,0.6598101265822784
45.0,7.0,19.0,0.6,0.1,0.6,2.0,633.0,0.0,0.0,0.660347551342812
45.0,7.0,20.0,0.6,0.1,0.6,2.0,1186.0,0.0,0.0,0.35160202360876897
45.0,7.0,21.0,0.6,0.1,0.6,2.0,1177.0,0.0,0.0,0.3466440101954121
45.0,7.0,22.0,0.6,0.1,0.6,2.0,1133.0,0.0,0.0,0.353045013239188
45.0,7.0,23.0,0.6,0.1,0.6,2.0,1126.0,0.0,0.0,0.3543516873889876
45.0,7.0,24.0,0.6,0.1,0.6,2.0,1099.0,0.0,0.0,0.3548680618744313
45.0,7.0,25.0,0.6,0.1,0.6,2.0,1077.0,0.0,0.0,0.3584029712163417
45.0,7.0,26.0,0.6,0.1,0.6,2.0,1061.0,0.0,0.0,0.3581526861451461
45.0,7.0,27.0,0.6,0.1,0.6,2.0,1070.0,0.0,0.0,0.3579439252336449
45.0,7.0,28.0,0.6,0.1,0.6,2.0,1046.0,0.0,0.0,0.36424474187380496
45.0,7.0,29.0,0.6,0.1,0.6,2.0,1031.0,0.0,0.0,0.3676042677012609
45.0,7.0,30.0,0.6,0.1,0.6,2.0,967.0,0.0,0.0,0.37125129265770423
45.0,7.0,31.0,0.6,0.1,0.6,2.0,964.0,0.0,0.0,0.37344398340248963
45.0,7.0,32.0,0.6,0.1,0.6,2.0,954.0,0.0,0.0,0.3742138364779874
45.0,7.0,33.0,0.6,0.1,0.6,2.0,964.0,0.0,0.0,0.37344398340248963
45.0,7.0,34.0,0.6,0.1,0.6,2.0,940.0,0.0,0.0,0.3776595744680851
45.0,7.0,35.0,0.6,0.1,0.6,2.0,951.0,0.0,0.0,0.3774973711882229
45.0,7.0,36.0,0.6,0.1,0.6,2.0,919.0,0.0,0.0,0.381936887921654
45.0,7.0,37.0,0.6,0.1,0.6,2.0,899.0,0.0,0.0,0.38264738598442716
45.0,7.0,38.0,0.6,0.1,0.6,2.0,888.0,0.0,0.0,0.38288288288288286
45.0,7.0,39.0,0.6,0.1,0.6,2.0,887.0,0.0,0.0,0.38444193912063135
45.0,7.0,40.0,0.6,0.1,0.6,2.0,848.0,0.0,0.0,0.3856132075471698
45.0,7.0,41.0,0.6,0.1,0.6,2.0,846.0,0.0,0.0,0.3877068557919622
45.0,7.0,42.0,0.6,0.1,0.6,2.0,827.0,0.0,0.0,0.3905683192261185
45.0,7.0,43.0,0.6,0.1,0.6,2.0,820.0,0.0,0.0,0.3878048780487805
45.0,7.0,44.0,0.6,0.1,0.6,2.0,803.0,0.0,0.0,0.39227895392278955
45.0,7.0,45.0,0.6,0.1,0.6,2.0,795.0,0.0,0.0,0.6251572327044025
45.0,7.0,46.0,0.6,0.1,0.6,2.0,778.0,0.0,0.0,0.6259640102827764
45.0,7.0,47.0,0.6,0.1,0.6,2.0,770.0,0.0,0.0,0.6272727272727273
45.0,7.0,48.0,0.6,0.1,0.6,2.0,754.0,0.0,0.0,0.6286472148541115
45.0,7.0,49.0,0.6,0.1,0.6,2.0,739.0,0.0,0.0,0.6305818673883626
45.0,7.0,50.0,0.6,0.1,0.6,2.0,738.0,0.0,0.0,0.6300813008130082
45.0,7.0,51.0,0.6,0.1,0.6,2.0,739.0,0.0,0.0,0.6332882273342354
45.0,7.0,52.0,0.6,0.1,0.6,2.0,737.0,0.0,0.0,0.6295793758480326
45.0,8.0,1.0,0.6,0.1,0.6,2.0,740.0,0.0,0.0,0.6337837837837837
45.0,8.0,2.0,0.6,0.1,0.6,2.0,735.0,0.0,0.0,0.6299319727891156
45.0,8.0,3.0,0.6,0.1,0.6,2.0,740.0,0.0,0.0,0.6337837837837837
45.0,8.0,4.0,0.6,0.1,0.6,2.0,732.0,0.0,0.0,0.6311475409836066
45.0,8.0,5.0,0.6,0.1,0.6,2.0,738.0,0.0,0.0,0.6355013550135501
45.0,8.0,6.0,0.6,0.1,0.6,2.0,731.0,0.0,0.0,0.6320109439124487
45.0,8.0,7.0,0.6,0.1,0.6,2.0,737.0,0.0,0.0,0.6350067842605156
45.0,8.0,8.0,0.6,0.1,0.6,2.0,728.0,0.0,0.0,0.6346153846153846
45.0,8.0,9.0,0.6,0.1,0.6,2.0,733.0,0.0,0.0,0.6371077762619373
45.0,8.0,10.0,0.6,0.1,0.6,2.0,707.0,0.0,0.0,0.6421499292786421
45.0,8.0,11.0,0.6,0.1,0.6,2.0,715.0,0.0,0.0,0.6405594405594406
45.0,8.0,12.0,0.6,0.1,0.6,2.0,709.0,0.0,0.0,0.6403385049365303
45.0,8.0,13.0,0.6,0.1,0.6,2.0,713.0,0.0,0.0,0.6409537166900421
45.0,8.0,14.0,0.6,0.1,0.6,2.0,706.0,0.0,0.0,0.6416430594900849
45.0,8.0,15.0,0.6,0.1,0.6,2.0,709.0,0.0,0.0,0.6417489421720733
45.0,8.0,16.0,0.6,0.1,0.6,2.0,704.0,0.0,0.0,0.6420454545454546
45.0,8.0,17.0,0.6,0.1,0.6,2.0,708.0,0.0,0.0,0.6426553672316384
45.0,8.0,18.0,0.6,0.1,0.6,2.0,704.0,0.0,0.0,0.6420454545454546
45.0,8.0,19.0,0.6,0.1,0.6,2.0,694.0,0.0,0.0,0.6440922190201729
45.0,8.0,20.0,0.6,0.1,0.6,2.0,1210.0,0.0,0.0,0.3611570247933884
45.0,8.0,21.0,0.6,0.1,0.6,2.0,1181.0,0.0,0.0,0.36494496189669773
45.0,8.0,22.0,0.6,0.1,0.6,2.0,1163.0,0.0,0.0,0.3645743766122098
45.0,8.0,23.0,0.6,0.1,0.6,2.0,1170.0,0.0,0.0,0.3658119658119658
45.0,8.0,24.0,0.6,0.1,0.6,2.0,1151.0,0.0,0.0,0.365768896611642
45.0,8.0,25.0,0.6,0.1,0.6,2.0,1122.0,0.0,0.0,0.3672014260249554
45.0,8.0,26.0,0.6,0.1,0.6,2.0,1054.0,0.0,0.0,0.3766603415559772
45.0,8.0,27.0,0.6,0.1,0.6,2.0,1022.0,0.0,0.0,0.3786692759295499
45.0,8.0,28.0,0.6,0.1,0.6,2.0,1000.0,0.0,0.0,0.38
45.0,8.0,29.0,0.6,0.1,0.6,2.0,1002.0,0.0,0.0,0.38023952095808383
45.0,8.0,30.0,0.6,0.1,0.6,2.0,988.0,0.0,0.0,0.3805668016194332
45.0,8.0,31.0,0.6,0.1,0.6,2.0,989.0,0.0,0.0,0.38119312436804853
45.0,8.0,32.0,0.6,0.1,0.6,2.0,947.0,0.0,0.0,0.3833157338965153
45.0,8.0,33.0,0.6,0.1,0.6,2.0,938.0,0.0,0.0,0.3859275053304904
45.0,8.0,34.0,0.6,0.1,0.6,2.0,937.0,0.0,0.0,0.3852721451440768
45.0,8.0,35.0,0.6,0.1,0.6,2.0,906.0,0.0,0.0,0.38962472406181015
45.0,8.0,36.0,0.6,0.1,0.6,2.0,905.0,0.0,0.0,0.3889502762430939
45.0,8.0,37.0,0.6,0.1,0.6,2.0,886.0,0.0,0.0,0.3961625282167043
45.0,8.0,38.0,0.6,0.1,0.6,2.0,883.0,0.0,0.0,0.3952434881087203
45.0,8.0,39.0,0.6,0.1,0.6,2.0,873.0,0.0,0.0,0.3997709049255441
45.0,8.0,40.0,0.6,0.1,0.6,2.0,859.0,0.0,0.0,0.40162980209545984
45.0,8.0,41.0,0.6,0.1,0.6,2.0,848.0,0.0,0.0,0.4056603773584906
45.0,8.0,42.0,0.6,0.1,0.6,2.0,823.0,0.0,0.0,0.40583232077764275
45.0,8.0,43.0,0.6,0.1,0.6,2.0,825.0,0.0,0.0,0.4084848484848485
45.0,8.0,44.0,0.6,0.1,0.6,2.0,823.0,0.0,0.0,0.40583232077764275
45.0,8.0,45.0,0.6,0.1,0.6,2.0,822.0,0.0,0.0,0.6727493917274939
45.0,8.0,46.0,0.6,0.1,0.6,2.0,812.0,0.0,0.0,0.6687192118226601
45.0,8.0,47.0,0.6,0.1,0.6,2.0,810.0,0.0,0.0,0.674074074074074
45.0,8.0,48.0,0.6,0.1,0.6,2.0,812.0,0.0,0.0,0.6687192118226601
45.0,8.0,49.0,0.6,0.1,0.6,2.0,810.0,0.0,0.0,0.674074074074074
45.0,8.0,50.0,0.6,0.1,0.6,2.0,815.0,0.0,0.0,0.6674846625766871
45.0,8.0,51.0,0.6,0.1,0.6,2.0,811.0,0.0,0.0,0.6732429099876696
45.0,8.0,52.0,0.6,0.1,0.6,2.0,807.0,0.0,0.0,0.6703841387856257
45.0,9.0,1.0,0.6,0.1,0.6,2.0,808.0,0.0,0.0,0.6745049504950495
45.0,9.0,2.0,0.6,0.1,0.6,2.0,798.0,0.0,0.0,0.6716791979949874
45.0,9.0,3.0,0.6,0.1,0.6,2.0,784.0,0.0,0.0,0.6760204081632653
45.0,9.0,4.0,0.6,0.1,0.6,2.0,781.0,0.0,0.0,0.6722151088348272
45.0,9.0,5.0,0.6,0.1,0.6,2.0,780.0,0.0,0.0,0.676923076923077
45.0,9.0,6.0,0.6,0.1,0.6,2.0,777.0,0.0,0.0,0.6731016731016731
45.0,9.0,7.0,0.6,0.1,0.6,2.0,779.0,0.0,0.0,0.6765083440308087
45.0,9.0,8.0,0.6,0.1,0.6,2.0,759.0,0.0,0.0,0.6745718050065876
45.0,9.0,9.0,0.6,0.1,0.6,2.0,761.0,0.0,0.0,0.6780551905387647
45.0,9.0,10.0,0.6,0.1,0.6,2.0,758.0,0.0,0.0,0.6754617414248021
45.0,9.0,11.0,0.6,0.1,0.6,2.0,746.0,0.0,0.0,0.6823056300268097
45.0,9.0,12.0,0.6,0.1,0.6,2.0,747.0,0.0,0.0,0.6800535475234271
45.0,9.0,13.0,0.6,0.1,0.6,2.0,743.0,0.0,0.0,0.6837146702557201
45.0,9.0,14.0,0.6,0.1,0.6,2.0,744.0,0.0,0.0,0.6814516129032258
45.0,9.0,15.0,0.6,0.1,0.6,2.0,739.0,0.0,0.0,0.6860622462787551
45.0,9.0,16.0,0.6,0.1,0.6,2.0,742.0,0.0,0.0,0.6805929919137467
45.0,9.0,17.0,0.6,0.1,0.6,2.0,739.0,0.0,0.0,0.6860622462787551
45.0,9.0,18.0,0.6,0.1,0.6,2.0,742.0,0.0,0.0,0.6819407008086253
45.0,9.0,19.0,0.6,0.1,0.6,2.0,738.0,0.0,0.0,0.6869918699186992
45.0,9.0,20.0,0.6,0.1,0.6,2.0,1256.0,0.0,0.0,0.39410828025477707
45.0,9.0,21.0,0.6,0.1,0.6,2.0,1249.0,0.0,0.0,0.3963170536429143
45.0,9.0,22.0,0.6,0.1,0.6,2.0,1241.0,0.0,0.0,0.3964544721998388
45.0,9.0,23.0,0.6,0.1,0.6,2.0,1234.0,0.0,0.0,0.3987034035656402
45.0,9.0,24.0,0.6,0.1,0.6,2.0,1203.0,0.0,0.0,0.4014962593516209
45.0,9.0,25.0,0.6,0.1,0.6,2.0,1198.0,0.0,0.0,0.4031719532554257
45.0,9.0,26.0,0.6,0.1,0.6,2.0,1175.0,0.0,0.0,0.40085106382978725
45.0,9.0,27.0,0.6,0.1,0.6,2.0,1141.0,0.0,0.0,0.4092900964066608
45.0,9.0,28.0,0.6,0.1,0.6,2.0,1117.0,0.0,0.0,0.41092211280214863
45.0,9.0,29.0,0.6,0.1,0.6,2.0,1095.0,0.0,0.0,0.4155251141552511
45.0,9.0,30.0,0.6,0.1,0.6,2.0,1098.0,0.0,0.0,0.4143897996357013
45.0,9.0,31.0,0.6,0.1,0.6,2.0,1095.0,0.0,0.0,0.4155251141552511
45.0,9.0,32.0,0.6,0.1,0.6,2.0,1098.0,0.0,0.0,0.4143897996357013
45.0,9.0,33.0,0.6,0.1,0.6,2.0,1080.0,0.0,0.0,0.4166666666666667
45.0,9.0,34.0,0.6,0.1,0.6,2.0,1044.0,0.0,0.0,0.4224137931034483
45.0,9.0,35.0,0.6,0.1,0.6,2.0,1028.0,0.0,0.0,0.42509727626459143
45.0,9.0,36.0,0.6,0.1,0.6,2.0,1029.0,0.0,0.0,0.42468415937803694
45.0,9.0,37.0,0.6,0.1,0.6,2.0,1029.0,0.0,0.0,0.42565597667638483
45.0,9.0,38.0,0.6,0.1,0.6,2.0,1011.0,0.0,0.0,0.42631058358061324
45.0,9.0,39.0,0.6,0.1,0.6,2.0,973.0,0.0,0.0,0.43371017471736895
45.0,9.0,40.0,0.6,0.1,0.6,2.0,942.0,0.0,0.0,0.4394904458598726
45.0,9.0,41.0,0.6,0.1,0.6,2.0,962.0,0.0,0.0,0.4397089397089397
45.0,9.0,42.0,0.6,0.1,0.6,2.0,940.0,0.0,0.0,0.44042553191489364
45.0,9.0,43.0,0.6,0.1,0.6,2.0,949.0,0.0,0.0,0.440463645943098
45.0,9.0,44.0,0.6,0.1,0.6,2.0,926.0,0.0,0.0,0.4406047516198704
45.0,9.0,45.0,0.6,0.1,0.6,2.0,924.0,0.0,0.0,0.6558441558441559
45.0,9.0,46.0,0.6,0.1,0.6,2.0,899.0,0.0,0.0,0.6618464961067854
45.0,9.0,47.0,0.6,0.1,0.6,2.0,924.0,0.0,0.0,0.6558441558441559
45.0,9.0,48.0,0.6,0.1,0.6,2.0,902.0,0.0,0.0,0.6596452328159645
45.0,9.0,49.0,0.6,0.1,0.6,2.0,913.0,0.0,0.0,0.6571741511500547
45.0,9.0,50.0,0.6,0.1,0.6,2.0,889.0,0.0,0.0,0.6602924634420697
45.0,9.0,51.0,0.6,0.1,0.6,2.0,913.0,0.0,0.0,0.6571741511500547
45.0,9.0,52.0,0.6,0.1,0.6,2.0,887.0,0.0,0.0,0.6595264937993236
45.0,10.0,1.0,0.6,0.1,0.6,2.0,897.0,0.0,0.0,0.6655518394648829
45.0,10.0,2.0,0.6,0.1,0.6,2.0,868.0,0.0,0.0,0.6693548387096774
45.0,10.0,3.0,0.6,0.1,0.6,2.0,895.0,0.0,0.0,0.6670391061452514
45.0,10.0,4.0,0.6,0.1,0.6,2.0,868.0,0.0,0.0,0.6682027649769585
45.0,10.0,5.0,0.6,0.1,0.6,2.0,889.0,0.0,0.0,0.671541057367829
45.0,10.0,6.0,0.6,0.1,0.6,2.0,863.0,0.0,0.0,0.6720741599073001
45.0,10.0,7.0,0.6,0.1,0.6,2.0,887.0,0.0,0.0,0.6719278466741826
45.0,10.0,8.0,0.6,0.1,0.6,2.0,862.0,0.0,0.0,0.6705336426914154
45.0,10.0,9.0,0.6,0.1,0.6,2.0,883.0,0.0,0.0,0.6738391845979615
45.0,10.0,10.0,0.6,0.1,0.6,2.0,861.0,0.0,0.0,0.6736353077816493
45.0,10.0,11.0,0.6,0.1,0.6,2.0,875.0,0.0,0.0,0.6754285714285714
45.0,10.0,12.0,0.6,0.1,0.6,2.0,848.0,0.0,0.0,0.6733490566037735
45.0,10.0,13.0,0.6,0.1,0.6,2.0,859.0,0.0,0.0,0.6763678696158324
45.0,10.0,14.0,0.6,0.1,0.6,2.0,849.0,0.0,0.0,0.673733804475854
45.0,10.0,15.0,0.6,0.1,0.6,2.0,856.0,0.0,0.0,0.677570093457944
45.0,10.0,16.0,0.6,0.1,0.6,2.0,849.0,0.0,0.0,0.6749116607773852
45.0,10.0,17.0,0.6,0.1,0.6,2.0,854.0,0.0,0.0,0.6791569086651054
45.0,10.0,18.0,0.6,0.1,0.6,2.0,836.0,0.0,0.0,0.6770334928229665
45.0,10.0,19.0,0.6,0.1,0.6,2.0,844.0,0.0,0.0,0.6812796208530806
45.0,10.0,20.0,0.6,0.1,0.6,2.0,1390.0,0.0,0.0,0.38705035971223023
45.0,10.0,21.0,0.6,0.1,0.6,2.0,1419.0,0.0,0.0,0.38407329105003524
45.0,10.0,22.0,0.6,0.1,0.6,2.0,1300.0,0.0,0.0,0.39384615384615385
45.0,10.0,23.0,0.6,0.1,0.6,2.0,1304.0,0.0,0.0,0.3918711656441718
45.0,10.0,24.0,0.6,0.1,0.6,2.0,1226.0,0.0,0.0,0.40538336052202284
45.0,10.0,25.0,0.6,0.1,0.6,2.0,1202.0,0.0,0.0,0.4001663893510815
45.0,10.0,26.0,0.6,0.1,0.6,2.0,1133.0,0.0,0.0,0.40511915269196824
45.0,10.0,27.0,0.6,0.1,0.6,2.0,1133.0,0.0,0.0,0.4007060900264784
45.0,10.0,28.0,0.6,0.1,0.6,2.0,1064.0,0.0,0.0,0.4050751879699248
45.0,10.0,29.0,0.6,0.1,0.6,2.0,1056.0,0.0,0.0,0.3958333333333333
45.0,10.0,30.0,0.6,0.1,0.6,2.0,1005.0,0.0,0.0,0.40497512437810945
45.0,10.0,31.0,0.6,0.1,0.6,2.0,1017.0,0.0,0.0,0.400196656833825
45.0,10.0,32.0,0.6,0.1,0.6,2.0,963.0,0.0,0.0,0.4143302180685358
45.0,10.0,33.0,0.6,0.1,0.6,2.0,946.0,0.0,0.0,0.41226215644820297
45.0,10.0,34.0,0.6,0.1,0.6,2.0,919.0,0.0,0.0,0.4211099020674646
45.0,10.0,35.0,0.6,0.1,0.6,2.0,946.0,0.0,0.0,0.41226215644820297
45.0,10.0,36.0,0.6,0.1,0.6,2.0,906.0,0.0,0.0,0.4260485651214128
45.0,10.0,37.0,0.6,0.1,0.6,2.0,920.0,0.0,0.0,0.41739130434782606
45.0,10.0,38.0,0.6,0.1,0.6,2.0,894.0,0.0,0.0,0.4261744966442953
45.0,10.0,39.0,0.6,0.1,0.6,2.0,921.0,0.0,0.0,0.4169381107491857
45.0,10.0,40.0,0.6,0.1,0.6,2.0,893.0,0.0,0.0,0.42665173572228443
45.0,10.0,41.0,0.6,0.1,0.6,2.0,919.0,0.0,0.0,0.4167573449401523
45.0,10.0,42.0,0.6,0.1,0.6,2.0,867.0,0.0,0.0,0.4279123414071511
45.0,10.0,43.0,0.6,0.1,0.6,2.0,891.0,0.0,0.0,0.4175084175084175
45.0,10.0,44.0,0.6,0.1,0.6,2.0,855.0,0.0,0.0,0.43157894736842106
45.0,10.0,45.0,0.6,0.1,0.6,2.0,877.0,0.0,0.0,0.6567844925883695
45.0,10.0,46.0,0.6,0.1,0.6,2.0,855.0,0.0,0.0,0.6584795321637427
45.0,10.0,47.0,0.6,0.1,0.6,2.0,876.0,0.0,0.0,0.656392694063927
45.0,10.0,48.0,0.6,0.1,0.6,2.0,829.0,0.0,0.0,0.6646562123039808
45.0,10.0,49.0,0.6,0.1,0.6,2.0,853.0,0.0,0.0,0.6635404454865181
45.0,10.0,50.0,0.6,0.1,0.6,2.0,821.0,0.0,0.0,0.658952496954933
45.0,10.0,51.0,0.6,0.1,0.6,2.0,830.0,0.0,0.0,0.6674698795180722
45.0,10.0,52.0,0.6,0.1,0.6,2.0,817.0,0.0,0.0,0.6621787025703795
46.0,1.0,1.0,0.6,0.1,0.6,2.0,5204.0,55.0,7.0,0.5906994619523444
46.0,1.0,2.0,0.6,0.1,0.6,2.0,5114.0,57.0,19.0,0.5930778255768479
46.0,1.0,3.0,0.6,0.1,0.6,2.0,5024.0,62.0,30.0,0.5965366242038217
46.0,1.0,4.0,0.6,0.1,0.6,2.0,4863.0,64.0,27.0,0.6004523956405511
46.0,1.0,5.0,0.6,0.1,0.6,2.0,4871.0,68.0,33.0,0.6013138985834531
46.0,1.0,6.0,0.6,0.1,0.6,2.0,4706.0,76.0,33.0,0.6019974500637484
46.0,1.0,7.0,0.6,0.1,0.6,2.0,4527.0,84.0,40.0,0.6045946542964435
46.0,1.0,8.0,0.6,0.1,0.6,2.0,4383.0,84.0,38.0,0.6068902578142824
46.0,1.0,9.0,0.6,0.1,0.6,2.0,4177.0,88.0,47.0,0.6080919320086187
46.0,1.0,10.0,0.6,0.1,0.6,2.0,4017.0,86.0,38.0,0.611899427433408
46.0,1.0,11.0,0.6,0.1,0.6,2.0,3870.0,80.0,32.0,0.6113695090439276
46.0,1.0,12.0,0.6,0.1,0.6,2.0,3748.0,76.0,27.0,0.6149946638207043
46.0,1.0,13.0,0.6,0.1,0.6,2.0,3587.0,72.0,32.0,0.6141622525787567
46.0,1.0,14.0,0.6,0.1,0.6,2.0,3544.0,79.0,39.0,0.6156884875846501
46.0,1.0,15.0,0.6,0.1,0.6,2.0,3453.0,79.0,49.0,0.6142484795829714
46.0,1.0,16.0,0.6,0.1,0.6,2.0,3371.0,80.0,44.0,0.619697419163453
46.0,1.0,17.0,0.6,0.1,0.6,2.0,3287.0,81.0,41.0,0.6188013386066322
46.0,1.0,18.0,0.6,0.1,0.6,2.0,3221.0,69.0,32.0,0.6265135051226327
46.0,1.0,19.0,0.6,0.1,0.6,2.0,3163.0,72.0,37.0,0.6263041416376858
46.0,1.0,20.0,0.6,0.1,0.6,2.0,6079.0,67.0,34.0,0.32406645829906233
46.0,1.0,21.0,0.6,0.1,0.6,2.0,5759.0,94.0,36.0,0.32974474735197085
46.0,1.0,22.0,0.6,0.1,0.6,2.0,5425.0,96.0,37.0,0.3306912442396313
46.0,1.0,23.0,0.6,0.1,0.6,2.0,5231.0,102.0,43.0,0.3351175683425731
46.0,1.0,24.0,0.6,0.1,0.6,2.0,5011.0,116.0,47.0,0.33765715426062665
46.0,1.0,25.0,0.6,0.1,0.6,2.0,4838.0,134.0,52.0,0.34084332368747416
46.0,1.0,26.0,0.6,0.1,0.6,2.0,4667.0,142.0,62.0,0.34218984358260124
46.0,1.0,27.0,0.6,0.1,0.6,2.0,4436.0,162.0,60.0,0.34828674481514876
46.0,1.0,28.0,0.6,0.1,0.6,2.0,4272.0,160.0,66.0,0.3539325842696629
46.0,1.0,29.0,0.6,0.1,0.6,2.0,4037.0,168.0,65.0,0.35942531582858556
46.0,1.0,30.0,0.6,0.1,0.6,2.0,3867.0,173.0,80.0,0.36333074734936643
46.0,1.0,31.0,0.6,0.1,0.6,2.0,3687.0,199.0,85.0,0.3688635747219962
46.0,1.0,32.0,0.6,0.1,0.6,2.0,3585.0,216.0,94.0,0.3704323570432357
46.0,1.0,33.0,0.6,0.1,0.6,2.0,3379.0,210.0,87.0,0.37644273453684524
46.0,1.0,34.0,0.6,0.1,0.6,2.0,3266.0,201.0,86.0,0.3842620943049602
46.0,1.0,35.0,0.6,0.1,0.6,2.0,3141.0,193.0,81.0,0.3858643744030564
46.0,1.0,36.0,0.6,0.1,0.6,2.0,3026.0,211.0,90.0,0.39094514210178455
46.0,1.0,37.0,0.6,0.1,0.6,2.0,2927.0,214.0,101.0,0.39665186197471813
46.0,1.0,38.0,0.6,0.1,0.6,2.0,2778.0,205.0,98.0,0.40208783297336215
46.0,1.0,39.0,0.6,0.1,0.6,2.0,2703.0,199.0,101.0,0.41065482796892344
46.0,1.0,40.0,0.6,0.1,0.6,2.0,2624.0,197.0,100.0,0.4188262195121951
46.0,1.0,41.0,0.6,0.1,0.6,2.0,2554.0,199.0,97.0,0.42325763508222397
46.0,1.0,42.0,0.6,0.1,0.6,2.0,2444.0,177.0,85.0,0.43248772504091654
46.0,1.0,43.0,0.6,0.1,0.6,2.0,2395.0,177.0,80.0,0.43883089770354905
46.0,1.0,44.0,0.6,0.1,0.6,2.0,2301.0,186.0,81.0,0.4493698392003477
46.0,1.0,45.0,0.6,0.1,0.6,2.0,2247.0,173.0,85.0,0.6835781041388518
46.0,1.0,46.0,0.6,0.1,0.6,2.0,2174.0,150.0,84.0,0.6881324747010119
46.0,1.0,47.0,0.6,0.1,0.6,2.0,2123.0,140.0,83.0,0.689119170984456
46.0,1.0,48.0,0.6,0.1,0.6,2.0,2084.0,122.0,77.0,0.6919385796545106
46.0,1.0,49.0,0.6,0.1,0.6,2.0,2036.0,100.0,69.0,0.6969548133595285
46.0,1.0,50.0,0.6,0.1,0.6,2.0,1980.0,82.0,58.0,0.701010101010101
46.0,1.0,51.0,0.6,0.1,0.6,2.0,1930.0,72.0,44.0,0.7082901554404145
46.0,1.0,52.0,0.6,0.1,0.6,2.0,1894.0,57.0,33.0,0.7117212249208026
46.0,2.0,1.0,0.6,0.1,0.6,2.0,1855.0,49.0,25.0,0.7180592991913747
46.0,2.0,2.0,0.6,0.1,0.6,2.0,1832.0,48.0,28.0,0.7188864628820961
46.0,2.0,3.0,0.6,0.1,0.6,2.0,1792.0,40.0,19.0,0.7243303571428571
46.0,2.0,4.0,0.6,0.1,0.6,2.0,1774.0,41.0,22.0,0.7243517474633596
46.0,2.0,5.0,0.6,0.1,0.6,2.0,1752.0,33.0,19.0,0.7300228310502284
46.0,2.0,6.0,0.6,0.1,0.6,2.0,1701.0,31.0,17.0,0.733098177542622
46.0,2.0,7.0,0.6,0.1,0.6,2.0,1676.0,20.0,12.0,0.736873508353222
46.0,2.0,8.0,0.6,0.1,0.6,2.0,1637.0,17.0,9.0,0.739156994502138
46.0,2.0,9.0,0.6,0.1,0.6,2.0,1615.0,14.0,9.0,0.7430340557275542
46.0,2.0,10.0,0.6,0.1,0.6,2.0,1599.0,12.0,8.0,0.7429643527204502
46.0,2.0,11.0,0.6,0.1,0.6,2.0,1590.0,9.0,6.0,0.7433962264150943
46.0,2.0,12.0,0.6,0.1,0.6,2.0,1568.0,9.0,3.0,0.7461734693877551
46.0,2.0,13.0,0.6,0.1,0.6,2.0,1551.0,4.0,2.0,0.7485493230174082
46.0,2.0,14.0,0.6,0.1,0.6,2.0,1532.0,4.0,3.0,0.7473890339425587
46.0,2.0,15.0,0.6,0.1,0.6,2.0,1529.0,5.0,3.0,0.7468933943754088
46.0,2.0,16.0,0.6,0.1,0.6,2.0,1500.0,4.0,2.0,0.7446666666666667
46.0,2.0,17.0,0.6,0.1,0.6,2.0,1497.0,3.0,1.0,0.7448229792919172
46.0,2.0,18.0,0.6,0.1,0.6,2.0,1485.0,3.0,2.0,0.7434343434343434
46.0,2.0,19.0,0.6,0.1,0.6,2.0,1481.0,2.0,2.0,0.7447670492910196
46.0,2.0,20.0,0.6,0.1,0.6,2.0,2703.0,2.0,2.0,0.40214576396596374
46.0,2.0,21.0,0.6,0.1,0.6,2.0,2603.0,8.0,1.0,0.40261237034191316
46.0,2.0,22.0,0.6,0.1,0.6,2.0,2464.0,11.0,2.0,0.3977272727272727
46.0,2.0,23.0,0.6,0.1,0.6,2.0,2381.0,13.0,3.0,0.4019319613607728
46.0,2.0,24.0,0.6,0.1,0.6,2.0,2257.0,12.0,3.0,0.40319007532122286
46.0,2.0,25.0,0.6,0.1,0.6,2.0,2187.0,17.0,4.0,0.40557841792409693
46.0,2.0,26.0,0.6,0.1,0.6,2.0,2111.0,18.0,4.0,0.408810990052108
46.0,2.0,27.0,0.6,0.1,0.6,2.0,2084.0,18.0,5.0,0.41170825335892514
46.0,2.0,28.0,0.6,0.1,0.6,2.0,2028.0,17.0,8.0,0.41173570019723865
46.0,2.0,29.0,0.6,0.1,0.6,2.0,1968.0,15.0,8.0,0.41209349593495936
46.0,2.0,30.0,0.6,0.1,0.6,2.0,1928.0,17.0,11.0,0.4133817427385892
46.0,2.0,31.0,0.6,0.1,0.6,2.0,1872.0,16.0,10.0,0.4182692307692308
46.0,2.0,32.0,0.6,0.1,0.6,2.0,1831.0,14.0,9.0,0.4161660294920808
46.0,2.0,33.0,0.6,0.1,0.6,2.0,1799.0,15.0,5.0,0.4168982768204558
46.0,2.0,34.0,0.6,0.1,0.6,2.0,1699.0,15.0,4.0,0.42083578575632724
46.0,2.0,35.0,0.6,0.1,0.6,2.0,1650.0,15.0,7.0,0.42424242424242425
46.0,2.0,36.0,0.6,0.1,0.6,2.0,1614.0,15.0,7.0,0.4275092936802974
46.0,2.0,37.0,0.6,0.1,0.6,2.0,1566.0,17.0,8.0,0.4323116219667944
46.0,2.0,38.0,0.6,0.1,0.6,2.0,1504.0,17.0,7.0,0.43816489361702127
46.0,2.0,39.0,0.6,0.1,0.6,2.0,1479.0,16.0,9.0,0.43948613928329955
46.0,2.0,40.0,0.6,0.1,0.6,2.0,1458.0,18.0,10.0,0.44170096021947874
46.0,2.0,41.0,0.6,0.1,0.6,2.0,1435.0,18.0,10.0,0.443205574912892
46.0,2.0,42.0,0.6,0.1,0.6,2.0,1428.0,16.0,9.0,0.44607843137254904
46.0,2.0,43.0,0.6,0.1,0.6,2.0,1373.0,15.0,7.0,0.45229424617625635
46.0,2.0,44.0,0.6,0.1,0.6,2.0,1366.0,14.0,4.0,0.45095168374816985
46.0,2.0,45.0,0.6,0.1,0.6,2.0,1350.0,16.0,5.0,0.682962962962963
46.0,2.0,46.0,0.6,0.1,0.6,2.0,1332.0,15.0,9.0,0.6824324324324325
46.0,2.0,47.0,0.6,0.1,0.6,2.0,1306.0,14.0,9.0,0.6822358346094947
46.0,2.0,48.0,0.6,0.1,0.6,2.0,1290.0,12.0,7.0,0.6837209302325581
46.0,2.0,49.0,0.6,0.1,0.6,2.0,1258.0,10.0,3.0,0.6828298887122417
46.0,2.0,50.0,0.6,0.1,0.6,2.0,1238.0,9.0,5.0,0.6817447495961227
46.0,2.0,51.0,0.6,0.1,0.6,2.0,1227.0,8.0,5.0,0.680521597392013
46.0,2.0,52.0,0.6,0.1,0.6,2.0,1221.0,7.0,6.0,0.6805896805896806
46.0,3.0,1.0,0.6,0.1,0.6,2.0,1205.0,5.0,4.0,0.6796680497925311
46.0,3.0,2.0,0.6,0.1,0.6,2.0,1179.0,6.0,3.0,0.6844783715012722
46.0,3.0,3.0,0.6,0.1,0.6,2.0,1168.0,4.0,2.0,0.684931506849315
46.0,3.0,4.0,0.6,0.1,0.6,2.0,1155.0,3.0,2.0,0.6865800865800866
46.0,3.0,5.0,0.6,0.1,0.6,2.0,1111.0,3.0,2.0,0.684968496849685
46.0,3.0,6.0,0.6,0.1,0.6,2.0,1076.0,2.0,1.0,0.6877323420074349
46.0,3.0,7.0,0.6,0.1,0.6,2.0,1063.0,1.0,0.0,0.6848541862652869
46.0,3.0,8.0,0.6,0.1,0.6,2.0,1046.0,1.0,1.0,0.6845124282982792
46.0,3.0,9.0,0.6,0.1,0.6,2.0,1017.0,1.0,1.0,0.6833824975417896
46.0,3.0,10.0,0.6,0.1,0.6,2.0,1006.0,2.0,1.0,0.6848906560636183
46.0,3.0,11.0,0.6,0.1,0.6,2.0,1001.0,1.0,1.0,0.6833166833166833
46.0,3.0,12.0,0.6,0.1,0.6,2.0,992.0,1.0,1.0,0.6844758064516129
46.0,3.0,13.0,0.6,0.1,0.6,2.0,987.0,1.0,1.0,0.6859169199594731
46.0,3.0,14.0,0.6,0.1,0.6,2.0,964.0,1.0,0.0,0.6846473029045643
46.0,3.0,15.0,0.6,0.1,0.6,2.0,963.0,1.0,0.0,0.6822429906542056
46.0,3.0,16.0,0.6,0.1,0.6,2.0,957.0,1.0,1.0,0.6833855799373041
46.0,3.0,17.0,0.6,0.1,0.6,2.0,953.0,1.0,1.0,0.6799580272822665
46.0,3.0,18.0,0.6,0.1,0.6,2.0,935.0,1.0,1.0,0.681283422459893
46.0,3.0,19.0,0.6,0.1,0.6,2.0,920.0,0.0,0.0,0.6760869565217391
46.0,3.0,20.0,0.6,0.1,0.6,2.0,1742.0,0.0,0.0,0.3559127439724455
46.0,3.0,21.0,0.6,0.1,0.6,2.0,1644.0,0.0,0.0,0.36070559610705594
46.0,3.0,22.0,0.6,0.1,0.6,2.0,1589.0,0.0,0.0,0.36375078665827565
46.0,3.0,23.0,0.6,0.1,0.6,2.0,1548.0,0.0,0.0,0.36757105943152457
46.0,3.0,24.0,0.6,0.1,0.6,2.0,1513.0,0.0,0.0,0.3688037012557832
46.0,3.0,25.0,0.6,0.1,0.6,2.0,1455.0,0.0,0.0,0.3731958762886598
46.0,3.0,26.0,0.6,0.1,0.6,2.0,1426.0,0.0,0.0,0.37237026647966337
46.0,3.0,27.0,0.6,0.1,0.6,2.0,1426.0,0.0,0.0,0.37237026647966337
46.0,3.0,28.0,0.6,0.1,0.6,2.0,1382.0,0.0,0.0,0.3748191027496382
46.0,3.0,29.0,0.6,0.1,0.6,2.0,1327.0,0.0,0.0,0.37829691032403917
46.0,3.0,30.0,0.6,0.1,0.6,2.0,1288.0,0.0,0.0,0.3781055900621118
46.0,3.0,31.0,0.6,0.1,0.6,2.0,1269.0,0.0,0.0,0.3821907013396375
46.0,3.0,32.0,0.6,0.1,0.6,2.0,1198.0,0.0,0.0,0.38898163606010017
46.0,3.0,33.0,0.6,0.1,0.6,2.0,1197.0,0.0,0.0,0.38763575605680867
46.0,3.0,34.0,0.6,0.1,0.6,2.0,1179.0,0.0,0.0,0.38761662425784565
46.0,3.0,35.0,0.6,0.1,0.6,2.0,1163.0,0.0,0.0,0.38435081685296646
46.0,3.0,36.0,0.6,0.1,0.6,2.0,1157.0,0.0,0.0,0.38461538461538464
46.0,3.0,37.0,0.6,0.1,0.6,2.0,1135.0,0.0,0.0,0.38678414096916297
46.0,3.0,38.0,0.6,0.1,0.6,2.0,1107.0,0.0,0.0,0.3839205058717254
46.0,3.0,39.0,0.6,0.1,0.6,2.0,1106.0,0.0,0.0,0.38155515370705245
46.0,3.0,40.0,0.6,0.1,0.6,2.0,1079.0,0.0,0.0,0.38368860055607046
46.0,3.0,41.0,0.6,0.1,0.6,2.0,1056.0,0.0,0.0,0.3835227272727273
46.0,3.0,42.0,0.6,0.1,0.6,2.0,1034.0,0.0,0.0,0.3858800773694391
46.0,3.0,43.0,0.6,0.1,0.6,2.0,1026.0,0.0,0.0,0.38693957115009747
46.0,3.0,44.0,0.6,0.1,0.6,2.0,996.0,0.0,0.0,0.3865461847389558
46.0,3.0,45.0,0.6,0.1,0.6,2.0,948.0,0.0,0.0,0.6413502109704642
46.0,3.0,46.0,0.6,0.1,0.6,2.0,933.0,0.0,0.0,0.6377277599142551
46.0,3.0,47.0,0.6,0.1,0.6,2.0,927.0,0.0,0.0,0.6418554476806904
46.0,3.0,48.0,0.6,0.1,0.6,2.0,895.0,0.0,0.0,0.6379888268156425
46.0,3.0,49.0,0.6,0.1,0.6,2.0,864.0,0.0,0.0,0.6435185185185185
46.0,3.0,50.0,0.6,0.1,0.6,2.0,855.0,0.0,0.0,0.639766081871345
46.0,3.0,51.0,0.6,0.1,0.6,2.0,850.0,0.0,0.0,0.6435294117647059
46.0,3.0,52.0,0.6,0.1,0.6,2.0,831.0,0.0,0.0,0.641395908543923
46.0,4.0,1.0,0.6,0.1,0.6,2.0,827.0,0.0,0.0,0.6444981862152358
46.0,4.0,2.0,0.6,0.1,0.6,2.0,819.0,0.0,0.0,0.6385836385836385
46.0,4.0,3.0,0.6,0.1,0.6,2.0,820.0,0.0,0.0,0.6426829268292683
46.0,4.0,4.0,0.6,0.1,0.6,2.0,801.0,0.0,0.0,0.6392009987515606
46.0,4.0,5.0,0.6,0.1,0.6,2.0,800.0,0.0,0.0,0.6425
46.0,4.0,6.0,0.6,0.1,0.6,2.0,797.0,0.0,0.0,0.6361355081555834
46.0,4.0,7.0,0.6,0.1,0.6,2.0,782.0,0.0,0.0,0.6381074168797954
46.0,4.0,8.0,0.6,0.1,0.6,2.0,773.0,0.0,0.0,0.6313065976714101
46.0,4.0,9.0,0.6,0.1,0.6,2.0,769.0,0.0,0.0,0.6371911573472041
46.0,4.0,10.0,0.6,0.1,0.6,2.0,761.0,0.0,0.0,0.6320630749014454
46.0,4.0,11.0,0.6,0.1,0.6,2.0,762.0,0.0,0.0,0.6351706036745407
46.0,4.0,12.0,0.6,0.1,0.6,2.0,740.0,0.0,0.0,0.6351351351351351
46.0,4.0,13.0,0.6,0.1,0.6,2.0,739.0,0.0,0.0,0.638700947225981
46.0,4.0,14.0,0.6,0.1,0.6,2.0,726.0,0.0,0.0,0.6363636363636364
46.0,4.0,15.0,0.6,0.1,0.6,2.0,727.0,0.0,0.0,0.6396148555708391
46.0,4.0,16.0,0.6,0.1,0.6,2.0,717.0,0.0,0.0,0.6387726638772664
46.0,4.0,17.0,0.6,0.1,0.6,2.0,715.0,0.0,0.0,0.6405594405594406
46.0,4.0,18.0,0.6,0.1,0.6,2.0,707.0,0.0,0.0,0.6407355021216408
46.0,4.0,19.0,0.6,0.1,0.6,2.0,712.0,0.0,0.0,0.6418539325842697
46.0,4.0,20.0,0.6,0.1,0.6,2.0,1269.0,0.0,0.0,0.3561859732072498
46.0,4.0,21.0,0.6,0.1,0.6,2.0,1265.0,0.0,0.0,0.3565217391304348
46.0,4.0,22.0,0.6,0.1,0.6,2.0,1242.0,0.0,0.0,0.35668276972624796
46.0,4.0,23.0,0.6,0.1,0.6,2.0,1144.0,0.0,0.0,0.35926573426573427
46.0,4.0,24.0,0.6,0.1,0.6,2.0,1103.0,0.0,0.0,0.36355394378966455
46.0,4.0,25.0,0.6,0.1,0.6,2.0,1094.0,0.0,0.0,0.36380255941499084
46.0,4.0,26.0,0.6,0.1,0.6,2.0,1081.0,0.0,0.0,0.364477335800185
46.0,4.0,27.0,0.6,0.1,0.6,2.0,1091.0,0.0,0.0,0.36480293308890926
46.0,4.0,28.0,0.6,0.1,0.6,2.0,1051.0,0.0,0.0,0.362511893434824
46.0,4.0,29.0,0.6,0.1,0.6,2.0,1038.0,0.0,0.0,0.3651252408477842
46.0,4.0,30.0,0.6,0.1,0.6,2.0,1009.0,0.0,0.0,0.3686818632309217
46.0,4.0,31.0,0.6,0.1,0.6,2.0,1019.0,0.0,0.0,0.3680078508341511
46.0,4.0,32.0,0.6,0.1,0.6,2.0,956.0,0.0,0.0,0.37343096234309625
46.0,4.0,33.0,0.6,0.1,0.6,2.0,961.0,0.0,0.0,0.37148803329864727
46.0,4.0,34.0,0.6,0.1,0.6,2.0,939.0,0.0,0.0,0.37273695420660274
46.0,4.0,35.0,0.6,0.1,0.6,2.0,939.0,0.0,0.0,0.37486687965921195
46.0,4.0,36.0,0.6,0.1,0.6,2.0,914.0,0.0,0.0,0.37089715536105033
46.0,4.0,37.0,0.6,0.1,0.6,2.0,918.0,0.0,0.0,0.37145969498910675
46.0,4.0,38.0,0.6,0.1,0.6,2.0,886.0,0.0,0.0,0.3690744920993228
46.0,4.0,39.0,0.6,0.1,0.6,2.0,872.0,0.0,0.0,0.36811926605504586
46.0,4.0,40.0,0.6,0.1,0.6,2.0,846.0,0.0,0.0,0.36997635933806144
46.0,4.0,41.0,0.6,0.1,0.6,2.0,850.0,0.0,0.0,0.36823529411764705
46.0,4.0,42.0,0.6,0.1,0.6,2.0,831.0,0.0,0.0,0.3730445246690734
46.0,4.0,43.0,0.6,0.1,0.6,2.0,837.0,0.0,0.0,0.3715651135005974
46.0,4.0,44.0,0.6,0.1,0.6,2.0,825.0,0.0,0.0,0.37212121212121213
46.0,4.0,45.0,0.6,0.1,0.6,2.0,827.0,0.0,0.0,0.6577992744860943
46.0,4.0,46.0,0.6,0.1,0.6,2.0,821.0,0.0,0.0,0.6516443361753959
46.0,4.0,47.0,0.6,0.1,0.6,2.0,820.0,0.0,0.0,0.6585365853658537
46.0,4.0,48.0,0.6,0.1,0.6,2.0,810.0,0.0,0.0,0.6530864197530865
46.0,4.0,49.0,0.6,0.1,0.6,2.0,812.0,0.0,0.0,0.6588669950738916
46.0,4.0,50.0,0.6,0.1,0.6,2.0,795.0,0.0,0.0,0.6540880503144654
46.0,4.0,51.0,0.6,0.1,0.6,2.0,788.0,0.0,0.0,0.6573604060913706
46.0,4.0,52.0,0.6,0.1,0.6,2.0,762.0,0.0,0.0,0.652230971128609
46.0,5.0,1.0,0.6,0.1,0.6,2.0,767.0,0.0,0.0,0.6571056062581486
46.0,5.0,2.0,0.6,0.1,0.6,2.0,759.0,0.0,0.0,0.6508563899868248
46.0,5.0,3.0,0.6,0.1,0.6,2.0,761.0,0.0,0.0,0.657030223390276
46.0,5.0,4.0,0.6,0.1,0.6,2.0,756.0,0.0,0.0,0.6494708994708994
46.0,5.0,5.0,0.6,0.1,0.6,2.0,757.0,0.0,0.0,0.6578599735799208
46.0,5.0,6.0,0.6,0.1,0.6,2.0,748.0,0.0,0.0,0.6510695187165776
46.0,5.0,7.0,0.6,0.1,0.6,2.0,752.0,0.0,0.0,0.6595744680851063
46.0,5.0,8.0,0.6,0.1,0.6,2.0,740.0,0.0,0.0,0.6527027027027027
46.0,5.0,9.0,0.6,0.1,0.6,2.0,741.0,0.0,0.0,0.6626180836707153
46.0,5.0,10.0,0.6,0.1,0.6,2.0,732.0,0.0,0.0,0.6557377049180327
46.0,5.0,11.0,0.6,0.1,0.6,2.0,734.0,0.0,0.0,0.662125340599455
46.0,5.0,12.0,0.6,0.1,0.6,2.0,724.0,0.0,0.0,0.6560773480662984
46.0,5.0,13.0,0.6,0.1,0.6,2.0,725.0,0.0,0.0,0.6662068965517242
46.0,5.0,14.0,0.6,0.1,0.6,2.0,713.0,0.0,0.0,0.6605890603085554
46.0,5.0,15.0,0.6,0.1,0.6,2.0,718.0,0.0,0.0,0.6657381615598886
46.0,5.0,16.0,0.6,0.1,0.6,2.0,710.0,0.0,0.0,0.6577464788732394
46.0,5.0,17.0,0.6,0.1,0.6,2.0,714.0,0.0,0.0,0.6638655462184874
46.0,5.0,18.0,0.6,0.1,0.6,2.0,705.0,0.0,0.0,0.6581560283687943
46.0,5.0,19.0,0.6,0.1,0.6,2.0,710.0,0.0,0.0,0.6647887323943662
46.0,5.0,20.0,0.6,0.1,0.6,2.0,1265.0,0.0,0.0,0.3652173913043478
46.0,5.0,21.0,0.6,0.1,0.6,2.0,1241.0,0.0,0.0,0.3698630136986301
46.0,5.0,22.0,0.6,0.1,0.6,2.0,1205.0,0.0,0.0,0.36929460580912865
46.0,5.0,23.0,0.6,0.1,0.6,2.0,1201.0,0.0,0.0,0.3688592839300583
46.0,5.0,24.0,0.6,0.1,0.6,2.0,1178.0,0.0,0.0,0.367572156196944
46.0,5.0,25.0,0.6,0.1,0.6,2.0,1130.0,0.0,0.0,0.368141592920354
46.0,5.0,26.0,0.6,0.1,0.6,2.0,1097.0,0.0,0.0,0.3673655423883318
46.0,5.0,27.0,0.6,0.1,0.6,2.0,1098.0,0.0,0.0,0.36885245901639346
46.0,5.0,28.0,0.6,0.1,0.6,2.0,1079.0,0.0,0.0,0.36886005560704355
46.0,5.0,29.0,0.6,0.1,0.6,2.0,1055.0,0.0,0.0,0.3744075829383886
46.0,5.0,30.0,0.6,0.1,0.6,2.0,1033.0,0.0,0.0,0.377541142303969
46.0,5.0,31.0,0.6,0.1,0.6,2.0,1026.0,0.0,0.0,0.3742690058479532
46.0,5.0,32.0,0.6,0.1,0.6,2.0,1001.0,0.0,0.0,0.3826173826173826
46.0,5.0,33.0,0.6,0.1,0.6,2.0,1002.0,0.0,0.0,0.38223552894211577
46.0,5.0,34.0,0.6,0.1,0.6,2.0,990.0,0.0,0.0,0.38181818181818183
46.0,5.0,35.0,0.6,0.1,0.6,2.0,984.0,0.0,0.0,0.383130081300813
46.0,5.0,36.0,0.6,0.1,0.6,2.0,954.0,0.0,0.0,0.3867924528301887
46.0,5.0,37.0,0.6,0.1,0.6,2.0,953.0,0.0,0.0,0.38719832109129065
46.0,5.0,38.0,0.6,0.1,0.6,2.0,920.0,0.0,0.0,0.3869565217391304
46.0,5.0,39.0,0.6,0.1,0.6,2.0,894.0,0.0,0.0,0.3926174496644295
46.0,5.0,40.0,0.6,0.1,0.6,2.0,882.0,0.0,0.0,0.3900226757369615
46.0,5.0,41.0,0.6,0.1,0.6,2.0,889.0,0.0,0.0,0.3892013498312711
46.0,5.0,42.0,0.6,0.1,0.6,2.0,852.0,0.0,0.0,0.3873239436619718
46.0,5.0,43.0,0.6,0.1,0.6,2.0,856.0,0.0,0.0,0.38901869158878505
46.0,5.0,44.0,0.6,0.1,0.6,2.0,831.0,0.0,0.0,0.38868832731648617
46.0,5.0,45.0,0.6,0.1,0.6,2.0,841.0,0.0,0.0,0.6242568370986921
46.0,5.0,46.0,0.6,0.1,0.6,2.0,814.0,0.0,0.0,0.6265356265356266
46.0,5.0,47.0,0.6,0.1,0.6,2.0,805.0,0.0,0.0,0.6285714285714286
46.0,5.0,48.0,0.6,0.1,0.6,2.0,775.0,0.0,0.0,0.6270967741935484
46.0,5.0,49.0,0.6,0.1,0.6,2.0,779.0,0.0,0.0,0.6290115532734275
46.0,5.0,50.0,0.6,0.1,0.6,2.0,763.0,0.0,0.0,0.6317169069462647
46.0,5.0,51.0,0.6,0.1,0.6,2.0,765.0,0.0,0.0,0.6339869281045751
46.0,5.0,52.0,0.6,0.1,0.6,2.0,755.0,0.0,0.0,0.633112582781457
46.0,6.0,1.0,0.6,0.1,0.6,2.0,759.0,0.0,0.0,0.6337285902503293
46.0,6.0,2.0,0.6,0.1,0.6,2.0,745.0,0.0,0.0,0.6335570469798658
46.0,6.0,3.0,0.6,0.1,0.6,2.0,749.0,0.0,0.0,0.6341789052069426
46.0,6.0,4.0,0.6,0.1,0.6,2.0,737.0,0.0,0.0,0.6322930800542741
46.0,6.0,5.0,0.6,0.1,0.6,2.0,743.0,0.0,0.0,0.6339165545087483
46.0,6.0,6.0,0.6,0.1,0.6,2.0,734.0,0.0,0.0,0.6321525885558583
46.0,6.0,7.0,0.6,0.1,0.6,2.0,742.0,0.0,0.0,0.633423180592992
46.0,6.0,8.0,0.6,0.1,0.6,2.0,732.0,0.0,0.0,0.6325136612021858
46.0,6.0,9.0,0.6,0.1,0.6,2.0,733.0,0.0,0.0,0.635743519781719
46.0,6.0,10.0,0.6,0.1,0.6,2.0,709.0,0.0,0.0,0.6318758815232722
46.0,6.0,11.0,0.6,0.1,0.6,2.0,711.0,0.0,0.0,0.6357243319268636
46.0,6.0,12.0,0.6,0.1,0.6,2.0,679.0,0.0,0.0,0.6362297496318114
46.0,6.0,13.0,0.6,0.1,0.6,2.0,680.0,0.0,0.0,0.6397058823529411
46.0,6.0,14.0,0.6,0.1,0.6,2.0,668.0,0.0,0.0,0.6362275449101796
46.0,6.0,15.0,0.6,0.1,0.6,2.0,676.0,0.0,0.0,0.6375739644970414
46.0,6.0,16.0,0.6,0.1,0.6,2.0,648.0,0.0,0.0,0.6373456790123457
46.0,6.0,17.0,0.6,0.1,0.6,2.0,655.0,0.0,0.0,0.6366412213740458
46.0,6.0,18.0,0.6,0.1,0.6,2.0,643.0,0.0,0.0,0.6360808709175739
46.0,6.0,19.0,0.6,0.1,0.6,2.0,652.0,0.0,0.0,0.6380368098159509
46.0,6.0,20.0,0.6,0.1,0.6,2.0,1190.0,0.0,0.0,0.34285714285714286
46.0,6.0,21.0,0.6,0.1,0.6,2.0,1173.0,0.0,0.0,0.34697357203751067
46.0,6.0,22.0,0.6,0.1,0.6,2.0,1134.0,0.0,0.0,0.3474426807760141
46.0,6.0,23.0,0.6,0.1,0.6,2.0,1136.0,0.0,0.0,0.34683098591549294
46.0,6.0,24.0,0.6,0.1,0.6,2.0,1121.0,0.0,0.0,0.3470115967885816
46.0,6.0,25.0,0.6,0.1,0.6,2.0,1120.0,0.0,0.0,0.3455357142857143
46.0,6.0,26.0,0.6,0.1,0.6,2.0,1062.0,0.0,0.0,0.3465160075329567
46.0,6.0,27.0,0.6,0.1,0.6,2.0,1071.0,0.0,0.0,0.34547152194211017
46.0,6.0,28.0,0.6,0.1,0.6,2.0,1015.0,0.0,0.0,0.3438423645320197
46.0,6.0,29.0,0.6,0.1,0.6,2.0,1006.0,0.0,0.0,0.341948310139165
46.0,6.0,30.0,0.6,0.1,0.6,2.0,935.0,0.0,0.0,0.35294117647058826
46.0,6.0,31.0,0.6,0.1,0.6,2.0,942.0,0.0,0.0,0.351380042462845
46.0,6.0,32.0,0.6,0.1,0.6,2.0,935.0,0.0,0.0,0.35294117647058826
46.0,6.0,33.0,0.6,0.1,0.6,2.0,942.0,0.0,0.0,0.351380042462845
46.0,6.0,34.0,0.6,0.1,0.6,2.0,886.0,0.0,0.0,0.35553047404063204
46.0,6.0,35.0,0.6,0.1,0.6,2.0,872.0,0.0,0.0,0.3555045871559633
46.0,6.0,36.0,0.6,0.1,0.6,2.0,862.0,0.0,0.0,0.35846867749419953
46.0,6.0,37.0,0.6,0.1,0.6,2.0,848.0,0.0,0.0,0.357311320754717
46.0,6.0,38.0,0.6,0.1,0.6,2.0,850.0,0.0,0.0,0.3588235294117647
46.0,6.0,39.0,0.6,0.1,0.6,2.0,847.0,0.0,0.0,0.3565525383707202
46.0,6.0,40.0,0.6,0.1,0.6,2.0,849.0,0.0,0.0,0.3580683156654888
46.0,6.0,41.0,0.6,0.1,0.6,2.0,844.0,0.0,0.0,0.3566350710900474
46.0,6.0,42.0,0.6,0.1,0.6,2.0,846.0,0.0,0.0,0.35815602836879434
46.0,6.0,43.0,0.6,0.1,0.6,2.0,844.0,0.0,0.0,0.3566350710900474
46.0,6.0,44.0,0.6,0.1,0.6,2.0,841.0,0.0,0.0,0.3590963139120095
46.0,6.0,45.0,0.6,0.1,0.6,2.0,830.0,0.0,0.0,0.6216867469879518
46.0,6.0,46.0,0.6,0.1,0.6,2.0,799.0,0.0,0.0,0.6182728410513142
46.0,6.0,47.0,0.6,0.1,0.6,2.0,794.0,0.0,0.0,0.6209068010075567
46.0,6.0,48.0,0.6,0.1,0.6,2.0,797.0,0.0,0.0,0.617314930991217
46.0,6.0,49.0,0.6,0.1,0.6,2.0,776.0,0.0,0.0,0.6237113402061856
46.0,6.0,50.0,0.6,0.1,0.6,2.0,775.0,0.0,0.0,0.6193548387096774
46.0,6.0,51.0,0.6,0.1,0.6,2.0,756.0,0.0,0.0,0.6256613756613757
46.0,6.0,52.0,0.6,0.1,0.6,2.0,759.0,0.0,0.0,0.621870882740448
46.0,7.0,1.0,0.6,0.1,0.6,2.0,738.0,0.0,0.0,0.6246612466124661
46.0,7.0,2.0,0.6,0.1,0.6,2.0,742.0,0.0,0.0,0.6185983827493261
46.0,7.0,3.0,0.6,0.1,0.6,2.0,735.0,0.0,0.0,0.6231292517006802
46.0,7.0,4.0,0.6,0.1,0.6,2.0,736.0,0.0,0.0,0.6209239130434783
46.0,7.0,5.0,0.6,0.1,0.6,2.0,728.0,0.0,0.0,0.6236263736263736
46.0,7.0,6.0,0.6,0.1,0.6,2.0,732.0,0.0,0.0,0.6202185792349727
46.0,7.0,7.0,0.6,0.1,0.6,2.0,722.0,0.0,0.0,0.6246537396121884
46.0,7.0,8.0,0.6,0.1,0.6,2.0,725.0,0.0,0.0,0.6206896551724138
46.0,7.0,9.0,0.6,0.1,0.6,2.0,712.0,0.0,0.0,0.6235955056179775
46.0,7.0,10.0,0.6,0.1,0.6,2.0,717.0,0.0,0.0,0.6220362622036262
46.0,7.0,11.0,0.6,0.1,0.6,2.0,694.0,0.0,0.0,0.6253602305475504
46.0,7.0,12.0,0.6,0.1,0.6,2.0,697.0,0.0,0.0,0.6269727403156384
46.0,7.0,13.0,0.6,0.1,0.6,2.0,679.0,0.0,0.0,0.6347569955817378
46.0,7.0,14.0,0.6,0.1,0.6,2.0,682.0,0.0,0.0,0.6378299120234604
46.0,7.0,15.0,0.6,0.1,0.6,2.0,674.0,0.0,0.0,0.6379821958456974
46.0,7.0,16.0,0.6,0.1,0.6,2.0,678.0,0.0,0.0,0.6415929203539823
46.0,7.0,17.0,0.6,0.1,0.6,2.0,669.0,0.0,0.0,0.6412556053811659
46.0,7.0,18.0,0.6,0.1,0.6,2.0,675.0,0.0,0.0,0.6414814814814814
46.0,7.0,19.0,0.6,0.1,0.6,2.0,664.0,0.0,0.0,0.641566265060241
46.0,7.0,20.0,0.6,0.1,0.6,2.0,1226.0,0.0,0.0,0.35154975530179444
46.0,7.0,21.0,0.6,0.1,0.6,2.0,1198.0,0.0,0.0,0.35141903171953254
46.0,7.0,22.0,0.6,0.1,0.6,2.0,1153.0,0.0,0.0,0.3547267996530789
46.0,7.0,23.0,0.6,0.1,0.6,2.0,1118.0,0.0,0.0,0.3542039355992844
46.0,7.0,24.0,0.6,0.1,0.6,2.0,1107.0,0.0,0.0,0.35953026196928634
46.0,7.0,25.0,0.6,0.1,0.6,2.0,1060.0,0.0,0.0,0.3660377358490566
46.0,7.0,26.0,0.6,0.1,0.6,2.0,1035.0,0.0,0.0,0.3671497584541063
46.0,7.0,27.0,0.6,0.1,0.6,2.0,996.0,0.0,0.0,0.3704819277108434
46.0,7.0,28.0,0.6,0.1,0.6,2.0,1005.0,0.0,0.0,0.37213930348258706
46.0,7.0,29.0,0.6,0.1,0.6,2.0,978.0,0.0,0.0,0.37525562372188137
46.0,7.0,30.0,0.6,0.1,0.6,2.0,988.0,0.0,0.0,0.37550607287449395
46.0,7.0,31.0,0.6,0.1,0.6,2.0,938.0,0.0,0.0,0.3699360341151386
46.0,7.0,32.0,0.6,0.1,0.6,2.0,901.0,0.0,0.0,0.3762486126526082
46.0,7.0,33.0,0.6,0.1,0.6,2.0,885.0,0.0,0.0,0.37175141242937854
46.0,7.0,34.0,0.6,0.1,0.6,2.0,876.0,0.0,0.0,0.3778538812785388
46.0,7.0,35.0,0.6,0.1,0.6,2.0,849.0,0.0,0.0,0.3745583038869258
46.0,7.0,36.0,0.6,0.1,0.6,2.0,838.0,0.0,0.0,0.37708830548926014
46.0,7.0,37.0,0.6,0.1,0.6,2.0,786.0,0.0,0.0,0.38040712468193383
46.0,7.0,38.0,0.6,0.1,0.6,2.0,798.0,0.0,0.0,0.38345864661654133
46.0,7.0,39.0,0.6,0.1,0.6,2.0,781.0,0.0,0.0,0.37900128040973113
46.0,7.0,40.0,0.6,0.1,0.6,2.0,780.0,0.0,0.0,0.3858974358974359
46.0,7.0,41.0,0.6,0.1,0.6,2.0,740.0,0.0,0.0,0.3810810810810811
46.0,7.0,42.0,0.6,0.1,0.6,2.0,729.0,0.0,0.0,0.39231824417009603
46.0,7.0,43.0,0.6,0.1,0.6,2.0,715.0,0.0,0.0,0.3902097902097902
46.0,7.0,44.0,0.6,0.1,0.6,2.0,728.0,0.0,0.0,0.39285714285714285
46.0,7.0,45.0,0.6,0.1,0.6,2.0,713.0,0.0,0.0,0.6423562412342216
46.0,7.0,46.0,0.6,0.1,0.6,2.0,697.0,0.0,0.0,0.642754662840746
46.0,7.0,47.0,0.6,0.1,0.6,2.0,666.0,0.0,0.0,0.6456456456456456
46.0,7.0,48.0,0.6,0.1,0.6,2.0,676.0,0.0,0.0,0.6464497041420119
46.0,7.0,49.0,0.6,0.1,0.6,2.0,665.0,0.0,0.0,0.6451127819548872
46.0,7.0,50.0,0.6,0.1,0.6,2.0,661.0,0.0,0.0,0.6475037821482602
46.0,7.0,51.0,0.6,0.1,0.6,2.0,633.0,0.0,0.0,0.6524486571879937
46.0,7.0,52.0,0.6,0.1,0.6,2.0,645.0,0.0,0.0,0.6527131782945736
46.0,8.0,1.0,0.6,0.1,0.6,2.0,634.0,0.0,0.0,0.6529968454258676
46.0,8.0,2.0,0.6,0.1,0.6,2.0,642.0,0.0,0.0,0.6526479750778816
46.0,8.0,3.0,0.6,0.1,0.6,2.0,632.0,0.0,0.0,0.6534810126582279
46.0,8.0,4.0,0.6,0.1,0.6,2.0,629.0,0.0,0.0,0.6502384737678856
46.0,8.0,5.0,0.6,0.1,0.6,2.0,620.0,0.0,0.0,0.65
46.0,8.0,6.0,0.6,0.1,0.6,2.0,623.0,0.0,0.0,0.6532905296950241
46.0,8.0,7.0,0.6,0.1,0.6,2.0,612.0,0.0,0.0,0.6552287581699346
46.0,8.0,8.0,0.6,0.1,0.6,2.0,617.0,0.0,0.0,0.6564019448946515
46.0,8.0,9.0,0.6,0.1,0.6,2.0,607.0,0.0,0.0,0.6540362438220758
46.0,8.0,10.0,0.6,0.1,0.6,2.0,613.0,0.0,0.0,0.6590538336052202
46.0,8.0,11.0,0.6,0.1,0.6,2.0,604.0,0.0,0.0,0.6539735099337748
46.0,8.0,12.0,0.6,0.1,0.6,2.0,610.0,0.0,0.0,0.659016393442623
46.0,8.0,13.0,0.6,0.1,0.6,2.0,600.0,0.0,0.0,0.6583333333333333
46.0,8.0,14.0,0.6,0.1,0.6,2.0,606.0,0.0,0.0,0.6633663366336634
46.0,8.0,15.0,0.6,0.1,0.6,2.0,596.0,0.0,0.0,0.6610738255033557
46.0,8.0,16.0,0.6,0.1,0.6,2.0,604.0,0.0,0.0,0.6655629139072847
46.0,8.0,17.0,0.6,0.1,0.6,2.0,595.0,0.0,0.0,0.6621848739495798
46.0,8.0,18.0,0.6,0.1,0.6,2.0,604.0,0.0,0.0,0.6655629139072847
46.0,8.0,19.0,0.6,0.1,0.6,2.0,595.0,0.0,0.0,0.6621848739495798
46.0,8.0,20.0,0.6,0.1,0.6,2.0,1136.0,0.0,0.0,0.3529929577464789
46.0,8.0,21.0,0.6,0.1,0.6,2.0,1108.0,0.0,0.0,0.3483754512635379
46.0,8.0,22.0,0.6,0.1,0.6,2.0,1092.0,0.0,0.0,0.35622710622710624
46.0,8.0,23.0,0.6,0.1,0.6,2.0,1058.0,0.0,0.0,0.3516068052930057
46.0,8.0,24.0,0.6,0.1,0.6,2.0,1064.0,0.0,0.0,0.35714285714285715
46.0,8.0,25.0,0.6,0.1,0.6,2.0,1004.0,0.0,0.0,0.3605577689243028
46.0,8.0,26.0,0.6,0.1,0.6,2.0,999.0,0.0,0.0,0.3663663663663664
46.0,8.0,27.0,0.6,0.1,0.6,2.0,987.0,0.0,0.0,0.36271529888551163
46.0,8.0,28.0,0.6,0.1,0.6,2.0,938.0,0.0,0.0,0.37100213219616207
46.0,8.0,29.0,0.6,0.1,0.6,2.0,925.0,0.0,0.0,0.3675675675675676
46.0,8.0,30.0,0.6,0.1,0.6,2.0,893.0,0.0,0.0,0.37737961926091823
46.0,8.0,31.0,0.6,0.1,0.6,2.0,886.0,0.0,0.0,0.37358916478555304
46.0,8.0,32.0,0.6,0.1,0.6,2.0,880.0,0.0,0.0,0.3795454545454545
46.0,8.0,33.0,0.6,0.1,0.6,2.0,823.0,0.0,0.0,0.38153098420413123
46.0,8.0,34.0,0.6,0.1,0.6,2.0,791.0,0.0,0.0,0.3906447534766119
46.0,8.0,35.0,0.6,0.1,0.6,2.0,749.0,0.0,0.0,0.38584779706275035
46.0,8.0,36.0,0.6,0.1,0.6,2.0,742.0,0.0,0.0,0.3921832884097035
46.0,8.0,37.0,0.6,0.1,0.6,2.0,749.0,0.0,0.0,0.38584779706275035
46.0,8.0,38.0,0.6,0.1,0.6,2.0,730.0,0.0,0.0,0.39863013698630134
46.0,8.0,39.0,0.6,0.1,0.6,2.0,736.0,0.0,0.0,0.391304347826087
46.0,8.0,40.0,0.6,0.1,0.6,2.0,713.0,0.0,0.0,0.40252454417952316
46.0,8.0,41.0,0.6,0.1,0.6,2.0,720.0,0.0,0.0,0.3958333333333333
46.0,8.0,42.0,0.6,0.1,0.6,2.0,712.0,0.0,0.0,0.40308988764044945
46.0,8.0,43.0,0.6,0.1,0.6,2.0,695.0,0.0,0.0,0.4014388489208633
46.0,8.0,44.0,0.6,0.1,0.6,2.0,688.0,0.0,0.0,0.40843023255813954
46.0,8.0,45.0,0.6,0.1,0.6,2.0,680.0,0.0,0.0,0.6264705882352941
46.0,8.0,46.0,0.6,0.1,0.6,2.0,673.0,0.0,0.0,0.6329866270430906
46.0,8.0,47.0,0.6,0.1,0.6,2.0,679.0,0.0,0.0,0.625920471281296
46.0,8.0,48.0,0.6,0.1,0.6,2.0,658.0,0.0,0.0,0.6367781155015197
46.0,8.0,49.0,0.6,0.1,0.6,2.0,665.0,0.0,0.0,0.6300751879699248
46.0,8.0,50.0,0.6,0.1,0.6,2.0,658.0,0.0,0.0,0.6367781155015197
46.0,8.0,51.0,0.6,0.1,0.6,2.0,648.0,0.0,0.0,0.6404320987654321
46.0,8.0,52.0,0.6,0.1,0.6,2.0,644.0,0.0,0.0,0.6444099378881988
46.0,9.0,1.0,0.6,0.1,0.6,2.0,647.0,0.0,0.0,0.6414219474497682
46.0,9.0,2.0,0.6,0.1,0.6,2.0,644.0,0.0,0.0,0.6444099378881988
46.0,9.0,3.0,0.6,0.1,0.6,2.0,647.0,0.0,0.0,0.6414219474497682
46.0,9.0,4.0,0.6,0.1,0.6,2.0,643.0,0.0,0.0,0.6438569206842923
46.0,9.0,5.0,0.6,0.1,0.6,2.0,645.0,0.0,0.0,0.641860465116279
46.0,9.0,6.0,0.6,0.1,0.6,2.0,641.0,0.0,0.0,0.6443057722308893
46.0,9.0,7.0,0.6,0.1,0.6,2.0,645.0,0.0,0.0,0.641860465116279
46.0,9.0,8.0,0.6,0.1,0.6,2.0,636.0,0.0,0.0,0.6462264150943396
46.0,9.0,9.0,0.6,0.1,0.6,2.0,634.0,0.0,0.0,0.6435331230283912
46.0,9.0,10.0,0.6,0.1,0.6,2.0,629.0,0.0,0.0,0.6486486486486487
46.0,9.0,11.0,0.6,0.1,0.6,2.0,631.0,0.0,0.0,0.6450079239302694
46.0,9.0,12.0,0.6,0.1,0.6,2.0,627.0,0.0,0.0,0.6507177033492823
46.0,9.0,13.0,0.6,0.1,0.6,2.0,623.0,0.0,0.0,0.651685393258427
46.0,9.0,14.0,0.6,0.1,0.6,2.0,618.0,0.0,0.0,0.6553398058252428
46.0,9.0,15.0,0.6,0.1,0.6,2.0,617.0,0.0,0.0,0.6547811993517018
46.0,9.0,16.0,0.6,0.1,0.6,2.0,604.0,0.0,0.0,0.6572847682119205
46.0,9.0,17.0,0.6,0.1,0.6,2.0,615.0,0.0,0.0,0.656910569105691
46.0,9.0,18.0,0.6,0.1,0.6,2.0,603.0,0.0,0.0,0.6583747927031509
46.0,9.0,19.0,0.6,0.1,0.6,2.0,616.0,0.0,0.0,0.6558441558441559
46.0,9.0,20.0,0.6,0.1,0.6,2.0,1126.0,0.0,0.0,0.34458259325044405
46.0,9.0,21.0,0.6,0.1,0.6,2.0,1140.0,0.0,0.0,0.3456140350877193
46.0,9.0,22.0,0.6,0.1,0.6,2.0,1096.0,0.0,0.0,0.3467153284671533
46.0,9.0,23.0,0.6,0.1,0.6,2.0,1125.0,0.0,0.0,0.34933333333333333
46.0,9.0,24.0,0.6,0.1,0.6,2.0,1049.0,0.0,0.0,0.3517635843660629
46.0,9.0,25.0,0.6,0.1,0.6,2.0,1067.0,0.0,0.0,0.35520149953139646
46.0,9.0,26.0,0.6,0.1,0.6,2.0,1024.0,0.0,0.0,0.353515625
46.0,9.0,27.0,0.6,0.1,0.6,2.0,1027.0,0.0,0.0,0.35832521908471276
46.0,9.0,28.0,0.6,0.1,0.6,2.0,968.0,0.0,0.0,0.3605371900826446
46.0,9.0,29.0,0.6,0.1,0.6,2.0,986.0,0.0,0.0,0.36511156186612576
46.0,9.0,30.0,0.6,0.1,0.6,2.0,924.0,0.0,0.0,0.36796536796536794
46.0,9.0,31.0,0.6,0.1,0.6,2.0,953.0,0.0,0.0,0.3704092339979014
46.0,9.0,32.0,0.6,0.1,0.6,2.0,907.0,0.0,0.0,0.36604189636163176
46.0,9.0,33.0,0.6,0.1,0.6,2.0,924.0,0.0,0.0,0.3712121212121212
46.0,9.0,34.0,0.6,0.1,0.6,2.0,875.0,0.0,0.0,0.37257142857142855
46.0,9.0,35.0,0.6,0.1,0.6,2.0,907.0,0.0,0.0,0.3748621830209482
46.0,9.0,36.0,0.6,0.1,0.6,2.0,875.0,0.0,0.0,0.37257142857142855
46.0,9.0,37.0,0.6,0.1,0.6,2.0,893.0,0.0,0.0,0.3796192609182531
46.0,9.0,38.0,0.6,0.1,0.6,2.0,850.0,0.0,0.0,0.3788235294117647
46.0,9.0,39.0,0.6,0.1,0.6,2.0,807.0,0.0,0.0,0.3915737298636927
46.0,9.0,40.0,0.6,0.1,0.6,2.0,787.0,0.0,0.0,0.3900889453621347
46.0,9.0,41.0,0.6,0.1,0.6,2.0,782.0,0.0,0.0,0.39641943734015345
46.0,9.0,42.0,0.6,0.1,0.6,2.0,761.0,0.0,0.0,0.39421813403416556
46.0,9.0,43.0,0.6,0.1,0.6,2.0,782.0,0.0,0.0,0.39641943734015345
46.0,9.0,44.0,0.6,0.1,0.6,2.0,745.0,0.0,0.0,0.39731543624161075
46.0,9.0,45.0,0.6,0.1,0.6,2.0,758.0,0.0,0.0,0.6200527704485488
46.0,9.0,46.0,0.6,0.1,0.6,2.0,745.0,0.0,0.0,0.6201342281879194
46.0,9.0,47.0,0.6,0.1,0.6,2.0,745.0,0.0,0.0,0.6201342281879194
46.0,9.0,48.0,0.6,0.1,0.6,2.0,732.0,0.0,0.0,0.6202185792349727
46.0,9.0,49.0,0.6,0.1,0.6,2.0,719.0,0.0,0.0,0.6258692628650904
46.0,9.0,50.0,0.6,0.1,0.6,2.0,704.0,0.0,0.0,0.6278409090909091
46.0,9.0,51.0,0.6,0.1,0.6,2.0,715.0,0.0,0.0,0.627972027972028
46.0,9.0,52.0,0.6,0.1,0.6,2.0,691.0,0.0,0.0,0.6309696092619392
46.0,10.0,1.0,0.6,0.1,0.6,2.0,701.0,0.0,0.0,0.6319543509272468
46.0,10.0,2.0,0.6,0.1,0.6,2.0,691.0,0.0,0.0,0.6309696092619392
46.0,10.0,3.0,0.6,0.1,0.6,2.0,699.0,0.0,0.0,0.6337625178826896
46.0,10.0,4.0,0.6,0.1,0.6,2.0,687.0,0.0,0.0,0.6331877729257642
46.0,10.0,5.0,0.6,0.1,0.6,2.0,697.0,0.0,0.0,0.6341463414634146
46.0,10.0,6.0,0.6,0.1,0.6,2.0,687.0,0.0,0.0,0.6331877729257642
46.0,10.0,7.0,0.6,0.1,0.6,2.0,697.0,0.0,0.0,0.6341463414634146
46.0,10.0,8.0,0.6,0.1,0.6,2.0,685.0,0.0,0.0,0.635036496350365
46.0,10.0,9.0,0.6,0.1,0.6,2.0,689.0,0.0,0.0,0.637155297532656
46.0,10.0,10.0,0.6,0.1,0.6,2.0,677.0,0.0,0.0,0.6395864106351551
46.0,10.0,11.0,0.6,0.1,0.6,2.0,686.0,0.0,0.0,0.6384839650145773
46.0,10.0,12.0,0.6,0.1,0.6,2.0,677.0,0.0,0.0,0.6395864106351551
46.0,10.0,13.0,0.6,0.1,0.6,2.0,681.0,0.0,0.0,0.6417033773861968
46.0,10.0,14.0,0.6,0.1,0.6,2.0,669.0,0.0,0.0,0.6442451420029895
46.0,10.0,15.0,0.6,0.1,0.6,2.0,676.0,0.0,0.0,0.6420118343195266
46.0,10.0,16.0,0.6,0.1,0.6,2.0,656.0,0.0,0.0,0.6463414634146342
46.0,10.0,17.0,0.6,0.1,0.6,2.0,664.0,0.0,0.0,0.6445783132530121
46.0,10.0,18.0,0.6,0.1,0.6,2.0,655.0,0.0,0.0,0.6473282442748092
46.0,10.0,19.0,0.6,0.1,0.6,2.0,663.0,0.0,0.0,0.6455505279034691
46.0,10.0,20.0,0.6,0.1,0.6,2.0,1151.0,0.0,0.0,0.35881841876629017
46.0,10.0,21.0,0.6,0.1,0.6,2.0,1165.0,0.0,0.0,0.35708154506437767
46.0,10.0,22.0,0.6,0.1,0.6,2.0,1099.0,0.0,0.0,0.36396724294813465
46.0,10.0,23.0,0.6,0.1,0.6,2.0,1095.0,0.0,0.0,0.3643835616438356
46.0,10.0,24.0,0.6,0.1,0.6,2.0,1081.0,0.0,0.0,0.36725254394079554
46.0,10.0,25.0,0.6,0.1,0.6,2.0,1059.0,0.0,0.0,0.3720491029272899
46.0,10.0,26.0,0.6,0.1,0.6,2.0,1063.0,0.0,0.0,0.3715898400752587
46.0,10.0,27.0,0.6,0.1,0.6,2.0,1002.0,0.0,0.0,0.37924151696606784
46.0,10.0,28.0,0.6,0.1,0.6,2.0,991.0,0.0,0.0,0.38042381432896066
46.0,10.0,29.0,0.6,0.1,0.6,2.0,975.0,0.0,0.0,0.38153846153846155
46.0,10.0,30.0,0.6,0.1,0.6,2.0,978.0,0.0,0.0,0.3803680981595092
46.0,10.0,31.0,0.6,0.1,0.6,2.0,975.0,0.0,0.0,0.38153846153846155
46.0,10.0,32.0,0.6,0.1,0.6,2.0,966.0,0.0,0.0,0.37991718426501037
46.0,10.0,33.0,0.6,0.1,0.6,2.0,963.0,0.0,0.0,0.3811007268951194
46.0,10.0,34.0,0.6,0.1,0.6,2.0,947.0,0.0,0.0,0.3833157338965153
46.0,10.0,35.0,0.6,0.1,0.6,2.0,935.0,0.0,0.0,0.3850267379679144
46.0,10.0,36.0,0.6,0.1,0.6,2.0,924.0,0.0,0.0,0.38852813852813856
46.0,10.0,37.0,0.6,0.1,0.6,2.0,913.0,0.0,0.0,0.38663745892661555
46.0,10.0,38.0,0.6,0.1,0.6,2.0,896.0,0.0,0.0,0.38950892857142855
46.0,10.0,39.0,0.6,0.1,0.6,2.0,879.0,0.0,0.0,0.391353811149033
46.0,10.0,40.0,0.6,0.1,0.6,2.0,852.0,0.0,0.0,0.39436619718309857
46.0,10.0,41.0,0.6,0.1,0.6,2.0,852.0,0.0,0.0,0.39436619718309857
46.0,10.0,42.0,0.6,0.1,0.6,2.0,825.0,0.0,0.0,0.4012121212121212
46.0,10.0,43.0,0.6,0.1,0.6,2.0,825.0,0.0,0.0,0.4012121212121212
46.0,10.0,44.0,0.6,0.1,0.6,2.0,825.0,0.0,0.0,0.4012121212121212
46.0,10.0,45.0,0.6,0.1,0.6,2.0,825.0,0.0,0.0,0.6727272727272727
46.0,10.0,46.0,0.6,0.1,0.6,2.0,825.0,0.0,0.0,0.6727272727272727
46.0,10.0,47.0,0.6,0.1,0.6,2.0,825.0,0.0,0.0,0.6727272727272727
46.0,10.0,48.0,0.6,0.1,0.6,2.0,825.0,0.0,0.0,0.6727272727272727
46.0,10.0,49.0,0.6,0.1,0.6,2.0,814.0,0.0,0.0,0.6756756756756757
46.0,10.0,50.0,0.6,0.1,0.6,2.0,813.0,0.0,0.0,0.6765067650676507
46.0,10.0,51.0,0.6,0.1,0.6,2.0,814.0,0.0,0.0,0.6756756756756757
46.0,10.0,52.0,0.6,0.1,0.6,2.0,813.0,0.0,0.0,0.6765067650676507
47.0,1.0,1.0,0.6,0.1,0.6,2.0,5114.0,51.0,11.0,0.5964020336331639
47.0,1.0,2.0,0.6,0.1,0.6,2.0,5088.0,54.0,24.0,0.5953223270440252
47.0,1.0,3.0,0.6,0.1,0.6,2.0,5010.0,59.0,27.0,0.5992015968063872
47.0,1.0,4.0,0.6,0.1,0.6,2.0,4976.0,60.0,30.0,0.5964630225080386
47.0,1.0,5.0,0.6,0.1,0.6,2.0,5065.0,69.0,39.0,0.5996051332675222
47.0,1.0,6.0,0.6,0.1,0.6,2.0,4959.0,79.0,39.0,0.5979028029844726
47.0,1.0,7.0,0.6,0.1,0.6,2.0,4827.0,82.0,36.0,0.600994406463642
47.0,1.0,8.0,0.6,0.1,0.6,2.0,4625.0,92.0,28.0,0.6028108108108108
47.0,1.0,9.0,0.6,0.1,0.6,2.0,4469.0,95.0,39.0,0.6052808234504363
47.0,1.0,10.0,0.6,0.1,0.6,2.0,4346.0,98.0,45.0,0.6051541647491947
47.0,1.0,11.0,0.6,0.1,0.6,2.0,4266.0,111.0,51.0,0.6082981715893109
47.0,1.0,12.0,0.6,0.1,0.6,2.0,4160.0,105.0,45.0,0.6105769230769231
47.0,1.0,13.0,0.6,0.1,0.6,2.0,4022.0,93.0,39.0,0.6131277971158627
47.0,1.0,14.0,0.6,0.1,0.6,2.0,3967.0,93.0,44.0,0.6138139652130074
47.0,1.0,15.0,0.6,0.1,0.6,2.0,3867.0,90.0,43.0,0.6185673648823378
47.0,1.0,16.0,0.6,0.1,0.6,2.0,3763.0,97.0,44.0,0.620249800690938
47.0,1.0,17.0,0.6,0.1,0.6,2.0,3665.0,84.0,40.0,0.6234652114597544
47.0,1.0,18.0,0.6,0.1,0.6,2.0,3563.0,84.0,44.0,0.6258770698849284
47.0,1.0,19.0,0.6,0.1,0.6,2.0,3484.0,75.0,39.0,0.6271526980482205
47.0,1.0,20.0,0.6,0.1,0.6,2.0,6613.0,66.0,28.0,0.3275366701950703
47.0,1.0,21.0,0.6,0.1,0.6,2.0,6049.0,86.0,30.0,0.33360886096875514
47.0,1.0,22.0,0.6,0.1,0.6,2.0,5802.0,105.0,34.0,0.3354015856601172
47.0,1.0,23.0,0.6,0.1,0.6,2.0,5543.0,124.0,42.0,0.34133140898430453
47.0,1.0,24.0,0.6,0.1,0.6,2.0,5336.0,139.0,39.0,0.34407796101949023
47.0,1.0,25.0,0.6,0.1,0.6,2.0,5134.0,162.0,50.0,0.345539540319439
47.0,1.0,26.0,0.6,0.1,0.6,2.0,4906.0,177.0,67.0,0.34855279249898086
47.0,1.0,27.0,0.6,0.1,0.6,2.0,4720.0,210.0,87.0,0.3536016949152542
47.0,1.0,28.0,0.6,0.1,0.6,2.0,4454.0,234.0,94.0,0.35541086663673105
47.0,1.0,29.0,0.6,0.1,0.6,2.0,4350.0,248.0,105.0,0.3588505747126437
47.0,1.0,30.0,0.6,0.1,0.6,2.0,4202.0,279.0,115.0,0.3610185625892432
47.0,1.0,31.0,0.6,0.1,0.6,2.0,4003.0,296.0,123.0,0.36797401948538594
47.0,1.0,32.0,0.6,0.1,0.6,2.0,3827.0,287.0,132.0,0.3739221322184479
47.0,1.0,33.0,0.6,0.1,0.6,2.0,3699.0,294.0,134.0,0.38037307380373075
47.0,1.0,34.0,0.6,0.1,0.6,2.0,3532.0,305.0,151.0,0.38901472253680636
47.0,1.0,35.0,0.6,0.1,0.6,2.0,3396.0,318.0,158.0,0.3960541813898704
47.0,1.0,36.0,0.6,0.1,0.6,2.0,3292.0,317.0,143.0,0.402187120291616
47.0,1.0,37.0,0.6,0.1,0.6,2.0,3151.0,310.0,139.0,0.41034592192954616
47.0,1.0,38.0,0.6,0.1,0.6,2.0,3055.0,300.0,129.0,0.4153846153846154
47.0,1.0,39.0,0.6,0.1,0.6,2.0,2985.0,300.0,151.0,0.4207705192629816
47.0,1.0,40.0,0.6,0.1,0.6,2.0,2829.0,265.0,153.0,0.4333686815129021
47.0,1.0,41.0,0.6,0.1,0.6,2.0,2750.0,271.0,150.0,0.44036363636363635
47.0,1.0,42.0,0.6,0.1,0.6,2.0,2676.0,256.0,133.0,0.4499252615844544
47.0,1.0,43.0,0.6,0.1,0.6,2.0,2575.0,225.0,108.0,0.4625242718446602
47.0,1.0,44.0,0.6,0.1,0.6,2.0,2487.0,218.0,109.0,0.47205468435866504
47.0,1.0,45.0,0.6,0.1,0.6,2.0,2416.0,215.0,115.0,0.7061258278145696
47.0,1.0,46.0,0.6,0.1,0.6,2.0,2345.0,187.0,110.0,0.7142857142857143
47.0,1.0,47.0,0.6,0.1,0.6,2.0,2278.0,155.0,95.0,0.7208077260755048
47.0,1.0,48.0,0.6,0.1,0.6,2.0,2206.0,118.0,79.0,0.729827742520399
47.0,1.0,49.0,0.6,0.1,0.6,2.0,2117.0,92.0,61.0,0.7321681624940954
47.0,1.0,50.0,0.6,0.1,0.6,2.0,2081.0,85.0,47.0,0.7385872176838059
47.0,1.0,51.0,0.6,0.1,0.6,2.0,2016.0,60.0,32.0,0.7445436507936508
47.0,1.0,52.0,0.6,0.1,0.6,2.0,1981.0,52.0,30.0,0.7476022211004543
47.0,2.0,1.0,0.6,0.1,0.6,2.0,1934.0,45.0,29.0,0.7461220268872802
47.0,2.0,2.0,0.6,0.1,0.6,2.0,1896.0,39.0,23.0,0.75
47.0,2.0,3.0,0.6,0.1,0.6,2.0,1873.0,29.0,17.0,0.7506673785371063
47.0,2.0,4.0,0.6,0.1,0.6,2.0,1850.0,22.0,16.0,0.7545945945945945
47.0,2.0,5.0,0.6,0.1,0.6,2.0,1845.0,22.0,18.0,0.753929539295393
47.0,2.0,6.0,0.6,0.1,0.6,2.0,1824.0,15.0,12.0,0.7582236842105263
47.0,2.0,7.0,0.6,0.1,0.6,2.0,1804.0,13.0,6.0,0.7566518847006651
47.0,2.0,8.0,0.6,0.1,0.6,2.0,1773.0,9.0,3.0,0.7608573040045121
47.0,2.0,9.0,0.6,0.1,0.6,2.0,1766.0,8.0,3.0,0.7593431483578709
47.0,2.0,10.0,0.6,0.1,0.6,2.0,1749.0,10.0,7.0,0.7604345340194397
47.0,2.0,11.0,0.6,0.1,0.6,2.0,1733.0,10.0,6.0,0.7611079053664166
47.0,2.0,12.0,0.6,0.1,0.6,2.0,1712.0,11.0,6.0,0.7610981308411215
47.0,2.0,13.0,0.6,0.1,0.6,2.0,1700.0,7.0,2.0,0.7641176470588236
47.0,2.0,14.0,0.6,0.1,0.6,2.0,1677.0,6.0,1.0,0.7650566487775791
47.0,2.0,15.0,0.6,0.1,0.6,2.0,1637.0,5.0,2.0,0.7642028100183262
47.0,2.0,16.0,0.6,0.1,0.6,2.0,1634.0,6.0,3.0,0.7656058751529988
47.0,2.0,17.0,0.6,0.1,0.6,2.0,1624.0,6.0,6.0,0.7629310344827587
47.0,2.0,18.0,0.6,0.1,0.6,2.0,1617.0,4.0,4.0,0.764378478664193
47.0,2.0,19.0,0.6,0.1,0.6,2.0,1609.0,3.0,3.0,0.7632069608452455
47.0,2.0,20.0,0.6,0.1,0.6,2.0,2985.0,0.0,0.0,0.40971524288107203
47.0,2.0,21.0,0.6,0.1,0.6,2.0,2896.0,0.0,0.0,0.4071132596685083
47.0,2.0,22.0,0.6,0.1,0.6,2.0,2735.0,0.0,0.0,0.4106032906764168
47.0,2.0,23.0,0.6,0.1,0.6,2.0,2695.0,0.0,0.0,0.4070500927643785
47.0,2.0,24.0,0.6,0.1,0.6,2.0,2657.0,0.0,0.0,0.4072261949567181
47.0,2.0,25.0,0.6,0.1,0.6,2.0,2583.0,0.0,0.0,0.4084397986837011
47.0,2.0,26.0,0.6,0.1,0.6,2.0,2525.0,0.0,0.0,0.41108910891089107
47.0,2.0,27.0,0.6,0.1,0.6,2.0,2471.0,0.0,0.0,0.4131930392553622
47.0,2.0,28.0,0.6,0.1,0.6,2.0,2391.0,0.0,0.0,0.41990798828941867
47.0,2.0,29.0,0.6,0.1,0.6,2.0,2324.0,0.0,0.0,0.4225473321858864
47.0,2.0,30.0,0.6,0.1,0.6,2.0,2265.0,0.0,0.0,0.42560706401766
47.0,2.0,31.0,0.6,0.1,0.6,2.0,2233.0,0.0,0.0,0.42498880429914915
47.0,2.0,32.0,0.6,0.1,0.6,2.0,2206.0,0.0,0.0,0.4242973708068903
47.0,2.0,33.0,0.6,0.1,0.6,2.0,2142.0,0.0,0.0,0.4290382819794584
47.0,2.0,34.0,0.6,0.1,0.6,2.0,2125.0,0.0,0.0,0.4263529411764706
47.0,2.0,35.0,0.6,0.1,0.6,2.0,2083.0,0.0,0.0,0.4296687469995199
47.0,2.0,36.0,0.6,0.1,0.6,2.0,2029.0,0.0,0.0,0.43173977328733365
47.0,2.0,37.0,0.6,0.1,0.6,2.0,1981.0,0.0,0.0,0.43462897526501765
47.0,2.0,38.0,0.6,0.1,0.6,2.0,1909.0,0.0,0.0,0.4405447878470403
47.0,2.0,39.0,0.6,0.1,0.6,2.0,1858.0,0.0,0.0,0.4386437029063509
47.0,2.0,40.0,0.6,0.1,0.6,2.0,1816.0,0.0,0.0,0.43997797356828194
47.0,2.0,41.0,0.6,0.1,0.6,2.0,1791.0,0.0,0.0,0.44109436069235064
47.0,2.0,42.0,0.6,0.1,0.6,2.0,1770.0,0.0,0.0,0.44180790960451977
47.0,2.0,43.0,0.6,0.1,0.6,2.0,1753.0,0.0,0.0,0.4432401597261837
47.0,2.0,44.0,0.6,0.1,0.6,2.0,1712.0,0.0,0.0,0.44042056074766356
47.0,2.0,45.0,0.6,0.1,0.6,2.0,1660.0,0.0,0.0,0.6536144578313253
47.0,2.0,46.0,0.6,0.1,0.6,2.0,1622.0,0.0,0.0,0.6535141800246609
47.0,2.0,47.0,0.6,0.1,0.6,2.0,1604.0,0.0,0.0,0.6539900249376559
47.0,2.0,48.0,0.6,0.1,0.6,2.0,1570.0,0.0,0.0,0.6522292993630573
47.0,2.0,49.0,0.6,0.1,0.6,2.0,1521.0,0.0,0.0,0.6541748849441157
47.0,2.0,50.0,0.6,0.1,0.6,2.0,1515.0,0.0,0.0,0.6547854785478547
47.0,2.0,51.0,0.6,0.1,0.6,2.0,1505.0,0.0,0.0,0.651827242524917
47.0,2.0,52.0,0.6,0.1,0.6,2.0,1489.0,0.0,0.0,0.6501007387508395
47.0,3.0,1.0,0.6,0.1,0.6,2.0,1483.0,0.0,0.0,0.650708024275118
47.0,3.0,2.0,0.6,0.1,0.6,2.0,1479.0,0.0,0.0,0.6524678837052063
47.0,3.0,3.0,0.6,0.1,0.6,2.0,1466.0,0.0,0.0,0.6514324693042292
47.0,3.0,4.0,0.6,0.1,0.6,2.0,1451.0,0.0,0.0,0.6547208821502413
47.0,3.0,5.0,0.6,0.1,0.6,2.0,1445.0,0.0,0.0,0.6525951557093426
47.0,3.0,6.0,0.6,0.1,0.6,2.0,1426.0,0.0,0.0,0.6549789621318373
47.0,3.0,7.0,0.6,0.1,0.6,2.0,1415.0,0.0,0.0,0.6515901060070671
47.0,3.0,8.0,0.6,0.1,0.6,2.0,1404.0,0.0,0.0,0.6531339031339032
47.0,3.0,9.0,0.6,0.1,0.6,2.0,1378.0,0.0,0.0,0.6516690856313497
47.0,3.0,10.0,0.6,0.1,0.6,2.0,1353.0,0.0,0.0,0.6518847006651884
47.0,3.0,11.0,0.6,0.1,0.6,2.0,1353.0,0.0,0.0,0.6511456023651145
47.0,3.0,12.0,0.6,0.1,0.6,2.0,1324.0,0.0,0.0,0.649546827794562
47.0,3.0,13.0,0.6,0.1,0.6,2.0,1308.0,0.0,0.0,0.6483180428134556
47.0,3.0,14.0,0.6,0.1,0.6,2.0,1297.0,0.0,0.0,0.6499614494988435
47.0,3.0,15.0,0.6,0.1,0.6,2.0,1285.0,0.0,0.0,0.6474708171206226
47.0,3.0,16.0,0.6,0.1,0.6,2.0,1284.0,0.0,0.0,0.647196261682243
47.0,3.0,17.0,0.6,0.1,0.6,2.0,1275.0,0.0,0.0,0.6462745098039215
47.0,3.0,18.0,0.6,0.1,0.6,2.0,1269.0,0.0,0.0,0.6453900709219859
47.0,3.0,19.0,0.6,0.1,0.6,2.0,1259.0,0.0,0.0,0.6425734710087371
47.0,3.0,20.0,0.6,0.1,0.6,2.0,2308.0,0.0,0.0,0.3483535528596187
47.0,3.0,21.0,0.6,0.1,0.6,2.0,2223.0,0.0,0.0,0.3481781376518219
47.0,3.0,22.0,0.6,0.1,0.6,2.0,2124.0,0.0,0.0,0.3535781544256121
47.0,3.0,23.0,0.6,0.1,0.6,2.0,2066.0,0.0,0.0,0.35721200387221685
47.0,3.0,24.0,0.6,0.1,0.6,2.0,2004.0,0.0,0.0,0.35778443113772457
47.0,3.0,25.0,0.6,0.1,0.6,2.0,1958.0,0.0,0.0,0.36057201225740554
47.0,3.0,26.0,0.6,0.1,0.6,2.0,1949.0,0.0,0.0,0.35915854284248333
47.0,3.0,27.0,0.6,0.1,0.6,2.0,1854.0,0.0,0.0,0.3651564185544768
47.0,3.0,28.0,0.6,0.1,0.6,2.0,1816.0,0.0,0.0,0.3667400881057269
47.0,3.0,29.0,0.6,0.1,0.6,2.0,1750.0,0.0,0.0,0.368
47.0,3.0,30.0,0.6,0.1,0.6,2.0,1749.0,0.0,0.0,0.3659233847913093
47.0,3.0,31.0,0.6,0.1,0.6,2.0,1643.0,0.0,0.0,0.37066342057212415
47.0,3.0,32.0,0.6,0.1,0.6,2.0,1629.0,0.0,0.0,0.3689379987722529
47.0,3.0,33.0,0.6,0.1,0.6,2.0,1572.0,0.0,0.0,0.37150127226463103
47.0,3.0,34.0,0.6,0.1,0.6,2.0,1580.0,0.0,0.0,0.3677215189873418
47.0,3.0,35.0,0.6,0.1,0.6,2.0,1524.0,0.0,0.0,0.37139107611548555
47.0,3.0,36.0,0.6,0.1,0.6,2.0,1502.0,0.0,0.0,0.36950732356857524
47.0,3.0,37.0,0.6,0.1,0.6,2.0,1465.0,0.0,0.0,0.3733788395904437
47.0,3.0,38.0,0.6,0.1,0.6,2.0,1471.0,0.0,0.0,0.36845683208701563
47.0,3.0,39.0,0.6,0.1,0.6,2.0,1406.0,0.0,0.0,0.3748221906116643
47.0,3.0,40.0,0.6,0.1,0.6,2.0,1382.0,0.0,0.0,0.374095513748191
47.0,3.0,41.0,0.6,0.1,0.6,2.0,1347.0,0.0,0.0,0.3771343726800297
47.0,3.0,42.0,0.6,0.1,0.6,2.0,1334.0,0.0,0.0,0.37256371814092953
47.0,3.0,43.0,0.6,0.1,0.6,2.0,1323.0,0.0,0.0,0.3749055177626606
47.0,3.0,44.0,0.6,0.1,0.6,2.0,1280.0,0.0,0.0,0.37265625
47.0,3.0,45.0,0.6,0.1,0.6,2.0,1254.0,0.0,0.0,0.6267942583732058
47.0,3.0,46.0,0.6,0.1,0.6,2.0,1242.0,0.0,0.0,0.6231884057971014
47.0,3.0,47.0,0.6,0.1,0.6,2.0,1233.0,0.0,0.0,0.6253041362530414
47.0,3.0,48.0,0.6,0.1,0.6,2.0,1238.0,0.0,0.0,0.6179321486268174
47.0,3.0,49.0,0.6,0.1,0.6,2.0,1197.0,0.0,0.0,0.6274018379281537
47.0,3.0,50.0,0.6,0.1,0.6,2.0,1181.0,0.0,0.0,0.6206604572396275
47.0,3.0,51.0,0.6,0.1,0.6,2.0,1173.0,0.0,0.0,0.6240409207161125
47.0,3.0,52.0,0.6,0.1,0.6,2.0,1170.0,0.0,0.0,0.6188034188034188
47.0,4.0,1.0,0.6,0.1,0.6,2.0,1157.0,0.0,0.0,0.6222990492653414
47.0,4.0,2.0,0.6,0.1,0.6,2.0,1158.0,0.0,0.0,0.6183074265975821
47.0,4.0,3.0,0.6,0.1,0.6,2.0,1147.0,0.0,0.0,0.6216216216216216
47.0,4.0,4.0,0.6,0.1,0.6,2.0,1144.0,0.0,0.0,0.6171328671328671
47.0,4.0,5.0,0.6,0.1,0.6,2.0,1136.0,0.0,0.0,0.6197183098591549
47.0,4.0,6.0,0.6,0.1,0.6,2.0,1135.0,0.0,0.0,0.6167400881057269
47.0,4.0,7.0,0.6,0.1,0.6,2.0,1126.0,0.0,0.0,0.6190053285968028
47.0,4.0,8.0,0.6,0.1,0.6,2.0,1101.0,0.0,0.0,0.6130790190735694
47.0,4.0,9.0,0.6,0.1,0.6,2.0,1098.0,0.0,0.0,0.6174863387978142
47.0,4.0,10.0,0.6,0.1,0.6,2.0,1095.0,0.0,0.0,0.6146118721461187
47.0,4.0,11.0,0.6,0.1,0.6,2.0,1084.0,0.0,0.0,0.6171586715867159
47.0,4.0,12.0,0.6,0.1,0.6,2.0,1060.0,0.0,0.0,0.6122641509433963
47.0,4.0,13.0,0.6,0.1,0.6,2.0,1036.0,0.0,0.0,0.6196911196911197
47.0,4.0,14.0,0.6,0.1,0.6,2.0,1023.0,0.0,0.0,0.6187683284457478
47.0,4.0,15.0,0.6,0.1,0.6,2.0,1002.0,0.0,0.0,0.625748502994012
47.0,4.0,16.0,0.6,0.1,0.6,2.0,1000.0,0.0,0.0,0.622
47.0,4.0,17.0,0.6,0.1,0.6,2.0,994.0,0.0,0.0,0.6277665995975855
47.0,4.0,18.0,0.6,0.1,0.6,2.0,994.0,0.0,0.0,0.6217303822937625
47.0,4.0,19.0,0.6,0.1,0.6,2.0,976.0,0.0,0.0,0.6290983606557377
47.0,4.0,20.0,0.6,0.1,0.6,2.0,1744.0,0.0,0.0,0.3486238532110092
47.0,4.0,21.0,0.6,0.1,0.6,2.0,1659.0,0.0,0.0,0.35563592525617843
47.0,4.0,22.0,0.6,0.1,0.6,2.0,1639.0,0.0,0.0,0.35326418547895055
47.0,4.0,23.0,0.6,0.1,0.6,2.0,1583.0,0.0,0.0,0.3543903979785218
47.0,4.0,24.0,0.6,0.1,0.6,2.0,1566.0,0.0,0.0,0.351213282247765
47.0,4.0,25.0,0.6,0.1,0.6,2.0,1500.0,0.0,0.0,0.358
47.0,4.0,26.0,0.6,0.1,0.6,2.0,1427.0,0.0,0.0,0.3601962158374212
47.0,4.0,27.0,0.6,0.1,0.6,2.0,1404.0,0.0,0.0,0.36396011396011396
47.0,4.0,28.0,0.6,0.1,0.6,2.0,1343.0,0.0,0.0,0.3633655994043187
47.0,4.0,29.0,0.6,0.1,0.6,2.0,1315.0,0.0,0.0,0.3703422053231939
47.0,4.0,30.0,0.6,0.1,0.6,2.0,1266.0,0.0,0.0,0.3696682464454976
47.0,4.0,31.0,0.6,0.1,0.6,2.0,1228.0,0.0,0.0,0.3754071661237785
47.0,4.0,32.0,0.6,0.1,0.6,2.0,1205.0,0.0,0.0,0.3775933609958506
47.0,4.0,33.0,0.6,0.1,0.6,2.0,1165.0,0.0,0.0,0.3785407725321888
47.0,4.0,34.0,0.6,0.1,0.6,2.0,1158.0,0.0,0.0,0.3765112262521589
47.0,4.0,35.0,0.6,0.1,0.6,2.0,1124.0,0.0,0.0,0.3790035587188612
47.0,4.0,36.0,0.6,0.1,0.6,2.0,1119.0,0.0,0.0,0.3771224307417337
47.0,4.0,37.0,0.6,0.1,0.6,2.0,1104.0,0.0,0.0,0.37771739130434784
47.0,4.0,38.0,0.6,0.1,0.6,2.0,1110.0,0.0,0.0,0.3738738738738739
47.0,4.0,39.0,0.6,0.1,0.6,2.0,1097.0,0.0,0.0,0.37556973564266183
47.0,4.0,40.0,0.6,0.1,0.6,2.0,1091.0,0.0,0.0,0.3758020164986251
47.0,4.0,41.0,0.6,0.1,0.6,2.0,1059.0,0.0,0.0,0.37865911237016053
47.0,4.0,42.0,0.6,0.1,0.6,2.0,1042.0,0.0,0.0,0.3781190019193858
47.0,4.0,43.0,0.6,0.1,0.6,2.0,1026.0,0.0,0.0,0.37719298245614036
47.0,4.0,44.0,0.6,0.1,0.6,2.0,1001.0,0.0,0.0,0.37962037962037964
47.0,4.0,45.0,0.6,0.1,0.6,2.0,998.0,0.0,0.0,0.627254509018036
47.0,4.0,46.0,0.6,0.1,0.6,2.0,977.0,0.0,0.0,0.6274309109518935
47.0,4.0,47.0,0.6,0.1,0.6,2.0,956.0,0.0,0.0,0.6276150627615062
47.0,4.0,48.0,0.6,0.1,0.6,2.0,949.0,0.0,0.0,0.6269757639620653
47.0,4.0,49.0,0.6,0.1,0.6,2.0,938.0,0.0,0.0,0.6268656716417911
47.0,4.0,50.0,0.6,0.1,0.6,2.0,937.0,0.0,0.0,0.6254002134471718
47.0,4.0,51.0,0.6,0.1,0.6,2.0,920.0,0.0,0.0,0.6293478260869565
47.0,4.0,52.0,0.6,0.1,0.6,2.0,912.0,0.0,0.0,0.6260964912280702
47.0,5.0,1.0,0.6,0.1,0.6,2.0,891.0,0.0,0.0,0.6262626262626263
47.0,5.0,2.0,0.6,0.1,0.6,2.0,892.0,0.0,0.0,0.625560538116592
47.0,5.0,3.0,0.6,0.1,0.6,2.0,870.0,0.0,0.0,0.6310344827586207
47.0,5.0,4.0,0.6,0.1,0.6,2.0,877.0,0.0,0.0,0.6259977194982896
47.0,5.0,5.0,0.6,0.1,0.6,2.0,864.0,0.0,0.0,0.6296296296296297
47.0,5.0,6.0,0.6,0.1,0.6,2.0,873.0,0.0,0.0,0.6254295532646048
47.0,5.0,7.0,0.6,0.1,0.6,2.0,857.0,0.0,0.0,0.6301050175029171
47.0,5.0,8.0,0.6,0.1,0.6,2.0,862.0,0.0,0.0,0.6276102088167054
47.0,5.0,9.0,0.6,0.1,0.6,2.0,847.0,0.0,0.0,0.6316410861865407
47.0,5.0,10.0,0.6,0.1,0.6,2.0,842.0,0.0,0.0,0.6342042755344418
47.0,5.0,11.0,0.6,0.1,0.6,2.0,825.0,0.0,0.0,0.6339393939393939
47.0,5.0,12.0,0.6,0.1,0.6,2.0,834.0,0.0,0.0,0.6330935251798561
47.0,5.0,13.0,0.6,0.1,0.6,2.0,814.0,0.0,0.0,0.6326781326781327
47.0,5.0,14.0,0.6,0.1,0.6,2.0,825.0,0.0,0.0,0.6327272727272727
47.0,5.0,15.0,0.6,0.1,0.6,2.0,805.0,0.0,0.0,0.6335403726708074
47.0,5.0,16.0,0.6,0.1,0.6,2.0,812.0,0.0,0.0,0.6342364532019704
47.0,5.0,17.0,0.6,0.1,0.6,2.0,801.0,0.0,0.0,0.6354556803995006
47.0,5.0,18.0,0.6,0.1,0.6,2.0,799.0,0.0,0.0,0.6370463078848561
47.0,5.0,19.0,0.6,0.1,0.6,2.0,763.0,0.0,0.0,0.6435124508519003
47.0,5.0,20.0,0.6,0.1,0.6,2.0,1397.0,0.0,0.0,0.3550465282748747
47.0,5.0,21.0,0.6,0.1,0.6,2.0,1315.0,0.0,0.0,0.36273764258555136
47.0,5.0,22.0,0.6,0.1,0.6,2.0,1286.0,0.0,0.0,0.3608087091757387
47.0,5.0,23.0,0.6,0.1,0.6,2.0,1264.0,0.0,0.0,0.3615506329113924
47.0,5.0,24.0,0.6,0.1,0.6,2.0,1285.0,0.0,0.0,0.3595330739299611
47.0,5.0,25.0,0.6,0.1,0.6,2.0,1236.0,0.0,0.0,0.36326860841423947
47.0,5.0,26.0,0.6,0.1,0.6,2.0,1260.0,0.0,0.0,0.3619047619047619
47.0,5.0,27.0,0.6,0.1,0.6,2.0,1195.0,0.0,0.0,0.3682008368200837
47.0,5.0,28.0,0.6,0.1,0.6,2.0,1175.0,0.0,0.0,0.3651063829787234
47.0,5.0,29.0,0.6,0.1,0.6,2.0,1115.0,0.0,0.0,0.3721973094170404
47.0,5.0,30.0,0.6,0.1,0.6,2.0,1108.0,0.0,0.0,0.37364620938628157
47.0,5.0,31.0,0.6,0.1,0.6,2.0,1055.0,0.0,0.0,0.376303317535545
47.0,5.0,32.0,0.6,0.1,0.6,2.0,1062.0,0.0,0.0,0.3785310734463277
47.0,5.0,33.0,0.6,0.1,0.6,2.0,1038.0,0.0,0.0,0.37764932562620424
47.0,5.0,34.0,0.6,0.1,0.6,2.0,1057.0,0.0,0.0,0.37653736991485337
47.0,5.0,35.0,0.6,0.1,0.6,2.0,1037.0,0.0,0.0,0.3770491803278688
47.0,5.0,36.0,0.6,0.1,0.6,2.0,1045.0,0.0,0.0,0.37894736842105264
47.0,5.0,37.0,0.6,0.1,0.6,2.0,1024.0,0.0,0.0,0.37890625
47.0,5.0,38.0,0.6,0.1,0.6,2.0,1032.0,0.0,0.0,0.3808139534883721
47.0,5.0,39.0,0.6,0.1,0.6,2.0,990.0,0.0,0.0,0.38282828282828285
47.0,5.0,40.0,0.6,0.1,0.6,2.0,959.0,0.0,0.0,0.38477580813347234
47.0,5.0,41.0,0.6,0.1,0.6,2.0,939.0,0.0,0.0,0.38232161874334397
47.0,5.0,42.0,0.6,0.1,0.6,2.0,944.0,0.0,0.0,0.3845338983050847
47.0,5.0,43.0,0.6,0.1,0.6,2.0,937.0,0.0,0.0,0.3810032017075774
47.0,5.0,44.0,0.6,0.1,0.6,2.0,935.0,0.0,0.0,0.37967914438502676
47.0,5.0,45.0,0.6,0.1,0.6,2.0,905.0,0.0,0.0,0.6397790055248619
47.0,5.0,46.0,0.6,0.1,0.6,2.0,917.0,0.0,0.0,0.6401308615049073
47.0,5.0,47.0,0.6,0.1,0.6,2.0,886.0,0.0,0.0,0.6422121896162528
47.0,5.0,48.0,0.6,0.1,0.6,2.0,897.0,0.0,0.0,0.6399108138238573
47.0,5.0,49.0,0.6,0.1,0.6,2.0,877.0,0.0,0.0,0.6419612314709237
47.0,5.0,50.0,0.6,0.1,0.6,2.0,865.0,0.0,0.0,0.6416184971098265
47.0,5.0,51.0,0.6,0.1,0.6,2.0,851.0,0.0,0.0,0.6415981198589894
47.0,5.0,52.0,0.6,0.1,0.6,2.0,856.0,0.0,0.0,0.6378504672897196
47.0,6.0,1.0,0.6,0.1,0.6,2.0,844.0,0.0,0.0,0.6421800947867299
47.0,6.0,2.0,0.6,0.1,0.6,2.0,838.0,0.0,0.0,0.639618138424821
47.0,6.0,3.0,0.6,0.1,0.6,2.0,827.0,0.0,0.0,0.6420798065296252
47.0,6.0,4.0,0.6,0.1,0.6,2.0,822.0,0.0,0.0,0.6374695863746959
47.0,6.0,5.0,0.6,0.1,0.6,2.0,810.0,0.0,0.0,0.6419753086419753
47.0,6.0,6.0,0.6,0.1,0.6,2.0,816.0,0.0,0.0,0.6397058823529411
47.0,6.0,7.0,0.6,0.1,0.6,2.0,806.0,0.0,0.0,0.6439205955334988
47.0,6.0,8.0,0.6,0.1,0.6,2.0,810.0,0.0,0.0,0.6419753086419753
47.0,6.0,9.0,0.6,0.1,0.6,2.0,795.0,0.0,0.0,0.6490566037735849
47.0,6.0,10.0,0.6,0.1,0.6,2.0,804.0,0.0,0.0,0.6430348258706468
47.0,6.0,11.0,0.6,0.1,0.6,2.0,787.0,0.0,0.0,0.650571791613723
47.0,6.0,12.0,0.6,0.1,0.6,2.0,782.0,0.0,0.0,0.6445012787723785
47.0,6.0,13.0,0.6,0.1,0.6,2.0,784.0,0.0,0.0,0.6492346938775511
47.0,6.0,14.0,0.6,0.1,0.6,2.0,765.0,0.0,0.0,0.6483660130718955
47.0,6.0,15.0,0.6,0.1,0.6,2.0,765.0,0.0,0.0,0.6509803921568628
47.0,6.0,16.0,0.6,0.1,0.6,2.0,761.0,0.0,0.0,0.6517739816031537
47.0,6.0,17.0,0.6,0.1,0.6,2.0,763.0,0.0,0.0,0.6526867627785059
47.0,6.0,18.0,0.6,0.1,0.6,2.0,749.0,0.0,0.0,0.6515353805073432
47.0,6.0,19.0,0.6,0.1,0.6,2.0,748.0,0.0,0.0,0.6537433155080213
47.0,6.0,20.0,0.6,0.1,0.6,2.0,1388.0,0.0,0.0,0.35014409221902015
47.0,6.0,21.0,0.6,0.1,0.6,2.0,1267.0,0.0,0.0,0.35674822415153906
47.0,6.0,22.0,0.6,0.1,0.6,2.0,1238.0,0.0,0.0,0.3602584814216478
47.0,6.0,23.0,0.6,0.1,0.6,2.0,1214.0,0.0,0.0,0.3657331136738056
47.0,6.0,24.0,0.6,0.1,0.6,2.0,1201.0,0.0,0.0,0.3655287260616153
47.0,6.0,25.0,0.6,0.1,0.6,2.0,1178.0,0.0,0.0,0.367572156196944
47.0,6.0,26.0,0.6,0.1,0.6,2.0,1179.0,0.0,0.0,0.3672603901611535
47.0,6.0,27.0,0.6,0.1,0.6,2.0,1135.0,0.0,0.0,0.3744493392070485
47.0,6.0,28.0,0.6,0.1,0.6,2.0,1107.0,0.0,0.0,0.3721770551038844
47.0,6.0,29.0,0.6,0.1,0.6,2.0,1104.0,0.0,0.0,0.3695652173913043
47.0,6.0,30.0,0.6,0.1,0.6,2.0,1063.0,0.0,0.0,0.3791157102539981
47.0,6.0,31.0,0.6,0.1,0.6,2.0,1044.0,0.0,0.0,0.3783524904214559
47.0,6.0,32.0,0.6,0.1,0.6,2.0,1027.0,0.0,0.0,0.3807205452775073
47.0,6.0,33.0,0.6,0.1,0.6,2.0,989.0,0.0,0.0,0.38422649140546006
47.0,6.0,34.0,0.6,0.1,0.6,2.0,1001.0,0.0,0.0,0.3826173826173826
47.0,6.0,35.0,0.6,0.1,0.6,2.0,978.0,0.0,0.0,0.3824130879345603
47.0,6.0,36.0,0.6,0.1,0.6,2.0,992.0,0.0,0.0,0.3810483870967742
47.0,6.0,37.0,0.6,0.1,0.6,2.0,959.0,0.0,0.0,0.38269030239833157
47.0,6.0,38.0,0.6,0.1,0.6,2.0,959.0,0.0,0.0,0.38373305526590196
47.0,6.0,39.0,0.6,0.1,0.6,2.0,947.0,0.0,0.0,0.3812038014783527
47.0,6.0,40.0,0.6,0.1,0.6,2.0,927.0,0.0,0.0,0.38295577130528585
47.0,6.0,41.0,0.6,0.1,0.6,2.0,928.0,0.0,0.0,0.38362068965517243
47.0,6.0,42.0,0.6,0.1,0.6,2.0,923.0,0.0,0.0,0.38353196099674974
47.0,6.0,43.0,0.6,0.1,0.6,2.0,880.0,0.0,0.0,0.38636363636363635
47.0,6.0,44.0,0.6,0.1,0.6,2.0,836.0,0.0,0.0,0.3875598086124402
47.0,6.0,45.0,0.6,0.1,0.6,2.0,820.0,0.0,0.0,0.6378048780487805
47.0,6.0,46.0,0.6,0.1,0.6,2.0,818.0,0.0,0.0,0.6393643031784841
47.0,6.0,47.0,0.6,0.1,0.6,2.0,815.0,0.0,0.0,0.6368098159509202
47.0,6.0,48.0,0.6,0.1,0.6,2.0,815.0,0.0,0.0,0.6380368098159509
47.0,6.0,49.0,0.6,0.1,0.6,2.0,798.0,0.0,0.0,0.6416040100250626
47.0,6.0,50.0,0.6,0.1,0.6,2.0,803.0,0.0,0.0,0.6376089663760897
47.0,6.0,51.0,0.6,0.1,0.6,2.0,793.0,0.0,0.0,0.6443883984867591
47.0,6.0,52.0,0.6,0.1,0.6,2.0,794.0,0.0,0.0,0.6423173803526449
47.0,7.0,1.0,0.6,0.1,0.6,2.0,787.0,0.0,0.0,0.6480304955527318
47.0,7.0,2.0,0.6,0.1,0.6,2.0,791.0,0.0,0.0,0.6434892541087232
47.0,7.0,3.0,0.6,0.1,0.6,2.0,765.0,0.0,0.0,0.6549019607843137
47.0,7.0,4.0,0.6,0.1,0.6,2.0,768.0,0.0,0.0,0.6497395833333334
47.0,7.0,5.0,0.6,0.1,0.6,2.0,756.0,0.0,0.0,0.6507936507936508
47.0,7.0,6.0,0.6,0.1,0.6,2.0,758.0,0.0,0.0,0.6503957783641161
47.0,7.0,7.0,0.6,0.1,0.6,2.0,749.0,0.0,0.0,0.650200267022697
47.0,7.0,8.0,0.6,0.1,0.6,2.0,752.0,0.0,0.0,0.648936170212766
47.0,7.0,9.0,0.6,0.1,0.6,2.0,748.0,0.0,0.0,0.6510695187165776
47.0,7.0,10.0,0.6,0.1,0.6,2.0,743.0,0.0,0.0,0.6527590847913862
47.0,7.0,11.0,0.6,0.1,0.6,2.0,727.0,0.0,0.0,0.6519944979367263
47.0,7.0,12.0,0.6,0.1,0.6,2.0,728.0,0.0,0.0,0.6524725274725275
47.0,7.0,13.0,0.6,0.1,0.6,2.0,723.0,0.0,0.0,0.6542185338865837
47.0,7.0,14.0,0.6,0.1,0.6,2.0,727.0,0.0,0.0,0.6519944979367263
47.0,7.0,15.0,0.6,0.1,0.6,2.0,720.0,0.0,0.0,0.6541666666666667
47.0,7.0,16.0,0.6,0.1,0.6,2.0,720.0,0.0,0.0,0.6527777777777778
47.0,7.0,17.0,0.6,0.1,0.6,2.0,712.0,0.0,0.0,0.6573033707865169
47.0,7.0,18.0,0.6,0.1,0.6,2.0,712.0,0.0,0.0,0.6558988764044944
47.0,7.0,19.0,0.6,0.1,0.6,2.0,708.0,0.0,0.0,0.6581920903954802
47.0,7.0,20.0,0.6,0.1,0.6,2.0,1291.0,0.0,0.0,0.36173508907823393
47.0,7.0,21.0,0.6,0.1,0.6,2.0,1257.0,0.0,0.0,0.3627684964200477
47.0,7.0,22.0,0.6,0.1,0.6,2.0,1203.0,0.0,0.0,0.36159600997506236
47.0,7.0,23.0,0.6,0.1,0.6,2.0,1162.0,0.0,0.0,0.3588640275387263
47.0,7.0,24.0,0.6,0.1,0.6,2.0,1100.0,0.0,0.0,0.36454545454545456
47.0,7.0,25.0,0.6,0.1,0.6,2.0,998.0,0.0,0.0,0.37675350701402804
47.0,7.0,26.0,0.6,0.1,0.6,2.0,995.0,0.0,0.0,0.3768844221105528
47.0,7.0,27.0,0.6,0.1,0.6,2.0,949.0,0.0,0.0,0.3804004214963119
47.0,7.0,28.0,0.6,0.1,0.6,2.0,944.0,0.0,0.0,0.3802966101694915
47.0,7.0,29.0,0.6,0.1,0.6,2.0,921.0,0.0,0.0,0.38436482084690554
47.0,7.0,30.0,0.6,0.1,0.6,2.0,917.0,0.0,0.0,0.3816793893129771
47.0,7.0,31.0,0.6,0.1,0.6,2.0,909.0,0.0,0.0,0.38393839383938394
47.0,7.0,32.0,0.6,0.1,0.6,2.0,908.0,0.0,0.0,0.3832599118942731
47.0,7.0,33.0,0.6,0.1,0.6,2.0,905.0,0.0,0.0,0.3834254143646409
47.0,7.0,34.0,0.6,0.1,0.6,2.0,884.0,0.0,0.0,0.38574660633484165
47.0,7.0,35.0,0.6,0.1,0.6,2.0,883.0,0.0,0.0,0.3873159682899207
47.0,7.0,36.0,0.6,0.1,0.6,2.0,866.0,0.0,0.0,0.3856812933025404
47.0,7.0,37.0,0.6,0.1,0.6,2.0,854.0,0.0,0.0,0.38992974238875877
47.0,7.0,38.0,0.6,0.1,0.6,2.0,828.0,0.0,0.0,0.39371980676328505
47.0,7.0,39.0,0.6,0.1,0.6,2.0,789.0,0.0,0.0,0.4017743979721166
47.0,7.0,40.0,0.6,0.1,0.6,2.0,786.0,0.0,0.0,0.3994910941475827
47.0,7.0,41.0,0.6,0.1,0.6,2.0,772.0,0.0,0.0,0.4015544041450777
47.0,7.0,42.0,0.6,0.1,0.6,2.0,768.0,0.0,0.0,0.3984375
47.0,7.0,43.0,0.6,0.1,0.6,2.0,742.0,0.0,0.0,0.40700808625336926
47.0,7.0,44.0,0.6,0.1,0.6,2.0,740.0,0.0,0.0,0.40540540540540543
47.0,7.0,45.0,0.6,0.1,0.6,2.0,738.0,0.0,0.0,0.6436314363143631
47.0,7.0,46.0,0.6,0.1,0.6,2.0,736.0,0.0,0.0,0.6413043478260869
47.0,7.0,47.0,0.6,0.1,0.6,2.0,741.0,0.0,0.0,0.6410256410256411
47.0,7.0,48.0,0.6,0.1,0.6,2.0,739.0,0.0,0.0,0.638700947225981
47.0,7.0,49.0,0.6,0.1,0.6,2.0,733.0,0.0,0.0,0.6425648021828103
47.0,7.0,50.0,0.6,0.1,0.6,2.0,739.0,0.0,0.0,0.6373477672530447
47.0,7.0,51.0,0.6,0.1,0.6,2.0,720.0,0.0,0.0,0.6430555555555556
47.0,7.0,52.0,0.6,0.1,0.6,2.0,722.0,0.0,0.0,0.6398891966759003
47.0,8.0,1.0,0.6,0.1,0.6,2.0,713.0,0.0,0.0,0.6409537166900421
47.0,8.0,2.0,0.6,0.1,0.6,2.0,699.0,0.0,0.0,0.6409155937052933
47.0,8.0,3.0,0.6,0.1,0.6,2.0,693.0,0.0,0.0,0.6421356421356421
47.0,8.0,4.0,0.6,0.1,0.6,2.0,694.0,0.0,0.0,0.6397694524495677
47.0,8.0,5.0,0.6,0.1,0.6,2.0,691.0,0.0,0.0,0.6410998552821997
47.0,8.0,6.0,0.6,0.1,0.6,2.0,693.0,0.0,0.0,0.6392496392496393
47.0,8.0,7.0,0.6,0.1,0.6,2.0,687.0,0.0,0.0,0.6390101892285298
47.0,8.0,8.0,0.6,0.1,0.6,2.0,688.0,0.0,0.0,0.6380813953488372
47.0,8.0,9.0,0.6,0.1,0.6,2.0,684.0,0.0,0.0,0.6388888888888888
47.0,8.0,10.0,0.6,0.1,0.6,2.0,683.0,0.0,0.0,0.6412884333821376
47.0,8.0,11.0,0.6,0.1,0.6,2.0,677.0,0.0,0.0,0.6410635155096012
47.0,8.0,12.0,0.6,0.1,0.6,2.0,674.0,0.0,0.0,0.6394658753709199
47.0,8.0,13.0,0.6,0.1,0.6,2.0,673.0,0.0,0.0,0.6433878157503715
47.0,8.0,14.0,0.6,0.1,0.6,2.0,672.0,0.0,0.0,0.6428571428571429
47.0,8.0,15.0,0.6,0.1,0.6,2.0,665.0,0.0,0.0,0.6466165413533834
47.0,8.0,16.0,0.6,0.1,0.6,2.0,669.0,0.0,0.0,0.6427503736920778
47.0,8.0,17.0,0.6,0.1,0.6,2.0,655.0,0.0,0.0,0.650381679389313
47.0,8.0,18.0,0.6,0.1,0.6,2.0,656.0,0.0,0.0,0.6463414634146342
47.0,8.0,19.0,0.6,0.1,0.6,2.0,655.0,0.0,0.0,0.648854961832061
47.0,8.0,20.0,0.6,0.1,0.6,2.0,1157.0,0.0,0.0,0.3647363872082973
47.0,8.0,21.0,0.6,0.1,0.6,2.0,1137.0,0.0,0.0,0.3685136323658751
47.0,8.0,22.0,0.6,0.1,0.6,2.0,1125.0,0.0,0.0,0.368
47.0,8.0,23.0,0.6,0.1,0.6,2.0,1098.0,0.0,0.0,0.3770491803278688
47.0,8.0,24.0,0.6,0.1,0.6,2.0,1073.0,0.0,0.0,0.3793103448275862
47.0,8.0,25.0,0.6,0.1,0.6,2.0,1058.0,0.0,0.0,0.3818525519848771
47.0,8.0,26.0,0.6,0.1,0.6,2.0,1046.0,0.0,0.0,0.3795411089866157
47.0,8.0,27.0,0.6,0.1,0.6,2.0,991.0,0.0,0.0,0.38647830474268413
47.0,8.0,28.0,0.6,0.1,0.6,2.0,964.0,0.0,0.0,0.38381742738589214
47.0,8.0,29.0,0.6,0.1,0.6,2.0,944.0,0.0,0.0,0.3908898305084746
47.0,8.0,30.0,0.6,0.1,0.6,2.0,946.0,0.0,0.0,0.38372093023255816
47.0,8.0,31.0,0.6,0.1,0.6,2.0,932.0,0.0,0.0,0.3894849785407725
47.0,8.0,32.0,0.6,0.1,0.6,2.0,937.0,0.0,0.0,0.384204909284952
47.0,8.0,33.0,0.6,0.1,0.6,2.0,927.0,0.0,0.0,0.389428263214671
47.0,8.0,34.0,0.6,0.1,0.6,2.0,918.0,0.0,0.0,0.3877995642701525
47.0,8.0,35.0,0.6,0.1,0.6,2.0,915.0,0.0,0.0,0.38907103825136613
47.0,8.0,36.0,0.6,0.1,0.6,2.0,901.0,0.0,0.0,0.3895671476137625
47.0,8.0,37.0,0.6,0.1,0.6,2.0,884.0,0.0,0.0,0.3914027149321267
47.0,8.0,38.0,0.6,0.1,0.6,2.0,852.0,0.0,0.0,0.3908450704225352
47.0,8.0,39.0,0.6,0.1,0.6,2.0,837.0,0.0,0.0,0.3918757467144564
47.0,8.0,40.0,0.6,0.1,0.6,2.0,831.0,0.0,0.0,0.3971119133574007
47.0,8.0,41.0,0.6,0.1,0.6,2.0,807.0,0.0,0.0,0.40024783147459725
47.0,8.0,42.0,0.6,0.1,0.6,2.0,790.0,0.0,0.0,0.40632911392405063
47.0,8.0,43.0,0.6,0.1,0.6,2.0,781.0,0.0,0.0,0.4058898847631242
47.0,8.0,44.0,0.6,0.1,0.6,2.0,777.0,0.0,0.0,0.4092664092664093
47.0,8.0,45.0,0.6,0.1,0.6,2.0,755.0,0.0,0.0,0.6476821192052981
47.0,8.0,46.0,0.6,0.1,0.6,2.0,751.0,0.0,0.0,0.6471371504660453
47.0,8.0,47.0,0.6,0.1,0.6,2.0,733.0,0.0,0.0,0.645293315143247
47.0,8.0,48.0,0.6,0.1,0.6,2.0,736.0,0.0,0.0,0.6508152173913043
47.0,8.0,49.0,0.6,0.1,0.6,2.0,721.0,0.0,0.0,0.651872399445215
47.0,8.0,50.0,0.6,0.1,0.6,2.0,732.0,0.0,0.0,0.6530054644808743
47.0,8.0,51.0,0.6,0.1,0.6,2.0,722.0,0.0,0.0,0.6537396121883656
47.0,8.0,52.0,0.6,0.1,0.6,2.0,731.0,0.0,0.0,0.652530779753762
47.0,9.0,1.0,0.6,0.1,0.6,2.0,719.0,0.0,0.0,0.6536856745479833
47.0,9.0,2.0,0.6,0.1,0.6,2.0,731.0,0.0,0.0,0.6538987688098495
47.0,9.0,3.0,0.6,0.1,0.6,2.0,714.0,0.0,0.0,0.6582633053221288
47.0,9.0,4.0,0.6,0.1,0.6,2.0,726.0,0.0,0.0,0.6570247933884298
47.0,9.0,5.0,0.6,0.1,0.6,2.0,709.0,0.0,0.0,0.6600846262341326
47.0,9.0,6.0,0.6,0.1,0.6,2.0,722.0,0.0,0.0,0.6565096952908587
47.0,9.0,7.0,0.6,0.1,0.6,2.0,696.0,0.0,0.0,0.6666666666666666
47.0,9.0,8.0,0.6,0.1,0.6,2.0,712.0,0.0,0.0,0.6643258426966292
47.0,9.0,9.0,0.6,0.1,0.6,2.0,698.0,0.0,0.0,0.663323782234957
47.0,9.0,10.0,0.6,0.1,0.6,2.0,698.0,0.0,0.0,0.664756446991404
47.0,9.0,11.0,0.6,0.1,0.6,2.0,689.0,0.0,0.0,0.6647314949201741
47.0,9.0,12.0,0.6,0.1,0.6,2.0,695.0,0.0,0.0,0.6661870503597123
47.0,9.0,13.0,0.6,0.1,0.6,2.0,691.0,0.0,0.0,0.6642547033285094
47.0,9.0,14.0,0.6,0.1,0.6,2.0,691.0,0.0,0.0,0.6714905933429812
47.0,9.0,15.0,0.6,0.1,0.6,2.0,687.0,0.0,0.0,0.6652110625909753
47.0,9.0,16.0,0.6,0.1,0.6,2.0,689.0,0.0,0.0,0.6734397677793904
47.0,9.0,17.0,0.6,0.1,0.6,2.0,682.0,0.0,0.0,0.6700879765395894
47.0,9.0,18.0,0.6,0.1,0.6,2.0,687.0,0.0,0.0,0.6739446870451238
47.0,9.0,19.0,0.6,0.1,0.6,2.0,682.0,0.0,0.0,0.6715542521994134
47.0,9.0,20.0,0.6,0.1,0.6,2.0,1202.0,0.0,0.0,0.3768718801996672
47.0,9.0,21.0,0.6,0.1,0.6,2.0,1121.0,0.0,0.0,0.37823371989295274
47.0,9.0,22.0,0.6,0.1,0.6,2.0,1095.0,0.0,0.0,0.38447488584474887
47.0,9.0,23.0,0.6,0.1,0.6,2.0,1056.0,0.0,0.0,0.38825757575757575
47.0,9.0,24.0,0.6,0.1,0.6,2.0,1043.0,0.0,0.0,0.3940556088207095
47.0,9.0,25.0,0.6,0.1,0.6,2.0,1015.0,0.0,0.0,0.3980295566502463
47.0,9.0,26.0,0.6,0.1,0.6,2.0,999.0,0.0,0.0,0.4044044044044044
47.0,9.0,27.0,0.6,0.1,0.6,2.0,950.0,0.0,0.0,0.41157894736842104
47.0,9.0,28.0,0.6,0.1,0.6,2.0,928.0,0.0,0.0,0.4105603448275862
47.0,9.0,29.0,0.6,0.1,0.6,2.0,927.0,0.0,0.0,0.4099244875943905
47.0,9.0,30.0,0.6,0.1,0.6,2.0,904.0,0.0,0.0,0.413716814159292
47.0,9.0,31.0,0.6,0.1,0.6,2.0,908.0,0.0,0.0,0.41409691629955947
47.0,9.0,32.0,0.6,0.1,0.6,2.0,893.0,0.0,0.0,0.41209406494960804
47.0,9.0,33.0,0.6,0.1,0.6,2.0,897.0,0.0,0.0,0.411371237458194
47.0,9.0,34.0,0.6,0.1,0.6,2.0,868.0,0.0,0.0,0.4182027649769585
47.0,9.0,35.0,0.6,0.1,0.6,2.0,857.0,0.0,0.0,0.4200700116686114
47.0,9.0,36.0,0.6,0.1,0.6,2.0,853.0,0.0,0.0,0.4220398593200469
47.0,9.0,37.0,0.6,0.1,0.6,2.0,843.0,0.0,0.0,0.4223013048635824
47.0,9.0,38.0,0.6,0.1,0.6,2.0,838.0,0.0,0.0,0.42601431980906923
47.0,9.0,39.0,0.6,0.1,0.6,2.0,826.0,0.0,0.0,0.42736077481840196
47.0,9.0,40.0,0.6,0.1,0.6,2.0,808.0,0.0,0.0,0.42698019801980197
47.0,9.0,41.0,0.6,0.1,0.6,2.0,784.0,0.0,0.0,0.43239795918367346
47.0,9.0,42.0,0.6,0.1,0.6,2.0,779.0,0.0,0.0,0.4338896020539153
47.0,9.0,43.0,0.6,0.1,0.6,2.0,773.0,0.0,0.0,0.4346701164294955
47.0,9.0,44.0,0.6,0.1,0.6,2.0,778.0,0.0,0.0,0.43316195372750643
47.0,9.0,45.0,0.6,0.1,0.6,2.0,751.0,0.0,0.0,0.6458055925432756
47.0,9.0,46.0,0.6,0.1,0.6,2.0,744.0,0.0,0.0,0.646505376344086
47.0,9.0,47.0,0.6,0.1,0.6,2.0,739.0,0.0,0.0,0.6508795669824087
47.0,9.0,48.0,0.6,0.1,0.6,2.0,704.0,0.0,0.0,0.6505681818181818
47.0,9.0,49.0,0.6,0.1,0.6,2.0,709.0,0.0,0.0,0.6516220028208745
47.0,9.0,50.0,0.6,0.1,0.6,2.0,711.0,0.0,0.0,0.6497890295358649
47.0,9.0,51.0,0.6,0.1,0.6,2.0,706.0,0.0,0.0,0.6543909348441926
47.0,9.0,52.0,0.6,0.1,0.6,2.0,707.0,0.0,0.0,0.6506364922206507
47.0,10.0,1.0,0.6,0.1,0.6,2.0,706.0,0.0,0.0,0.6558073654390935
47.0,10.0,2.0,0.6,0.1,0.6,2.0,706.0,0.0,0.0,0.6529745042492918
47.0,10.0,3.0,0.6,0.1,0.6,2.0,699.0,0.0,0.0,0.6595135908440629
47.0,10.0,4.0,0.6,0.1,0.6,2.0,681.0,0.0,0.0,0.6593245227606461
47.0,10.0,5.0,0.6,0.1,0.6,2.0,681.0,0.0,0.0,0.6607929515418502
47.0,10.0,6.0,0.6,0.1,0.6,2.0,684.0,0.0,0.0,0.6578947368421053
47.0,10.0,7.0,0.6,0.1,0.6,2.0,681.0,0.0,0.0,0.6607929515418502
47.0,10.0,8.0,0.6,0.1,0.6,2.0,678.0,0.0,0.0,0.6592920353982301
47.0,10.0,9.0,0.6,0.1,0.6,2.0,681.0,0.0,0.0,0.6651982378854625
47.0,10.0,10.0,0.6,0.1,0.6,2.0,678.0,0.0,0.0,0.6622418879056047
47.0,10.0,11.0,0.6,0.1,0.6,2.0,673.0,0.0,0.0,0.6641901931649331
47.0,10.0,12.0,0.6,0.1,0.6,2.0,674.0,0.0,0.0,0.6646884272997032
47.0,10.0,13.0,0.6,0.1,0.6,2.0,668.0,0.0,0.0,0.6676646706586826
47.0,10.0,14.0,0.6,0.1,0.6,2.0,671.0,0.0,0.0,0.6631892697466468
47.0,10.0,15.0,0.6,0.1,0.6,2.0,663.0,0.0,0.0,0.6681749622926093
47.0,10.0,16.0,0.6,0.1,0.6,2.0,672.0,0.0,0.0,0.6636904761904762
47.0,10.0,17.0,0.6,0.1,0.6,2.0,663.0,0.0,0.0,0.669683257918552
47.0,10.0,18.0,0.6,0.1,0.6,2.0,668.0,0.0,0.0,0.6646706586826348
47.0,10.0,19.0,0.6,0.1,0.6,2.0,660.0,0.0,0.0,0.6696969696969697
47.0,10.0,20.0,0.6,0.1,0.6,2.0,1059.0,0.0,0.0,0.3890462700661001
47.0,10.0,21.0,0.6,0.1,0.6,2.0,1042.0,0.0,0.0,0.3934740882917466
47.0,10.0,22.0,0.6,0.1,0.6,2.0,1020.0,0.0,0.0,0.3931372549019608
47.0,10.0,23.0,0.6,0.1,0.6,2.0,975.0,0.0,0.0,0.39692307692307693
47.0,10.0,24.0,0.6,0.1,0.6,2.0,972.0,0.0,0.0,0.3991769547325103
47.0,10.0,25.0,0.6,0.1,0.6,2.0,946.0,0.0,0.0,0.4069767441860465
47.0,10.0,26.0,0.6,0.1,0.6,2.0,947.0,0.0,0.0,0.40549102428722283
47.0,10.0,27.0,0.6,0.1,0.6,2.0,935.0,0.0,0.0,0.40855614973262033
47.0,10.0,28.0,0.6,0.1,0.6,2.0,897.0,0.0,0.0,0.42028985507246375
47.0,10.0,29.0,0.6,0.1,0.6,2.0,887.0,0.0,0.0,0.4205186020293123
47.0,10.0,30.0,0.6,0.1,0.6,2.0,860.0,0.0,0.0,0.4255813953488372
47.0,10.0,31.0,0.6,0.1,0.6,2.0,847.0,0.0,0.0,0.43211334120425027
47.0,10.0,32.0,0.6,0.1,0.6,2.0,847.0,0.0,0.0,0.4309327036599764
47.0,10.0,33.0,0.6,0.1,0.6,2.0,847.0,0.0,0.0,0.43211334120425027
47.0,10.0,34.0,0.6,0.1,0.6,2.0,844.0,0.0,0.0,0.4312796208530806
47.0,10.0,35.0,0.6,0.1,0.6,2.0,837.0,0.0,0.0,0.4324970131421744
47.0,10.0,36.0,0.6,0.1,0.6,2.0,834.0,0.0,0.0,0.43285371702637887
47.0,10.0,37.0,0.6,0.1,0.6,2.0,808.0,0.0,0.0,0.4381188118811881
47.0,10.0,38.0,0.6,0.1,0.6,2.0,791.0,0.0,0.0,0.4424778761061947
47.0,10.0,39.0,0.6,0.1,0.6,2.0,791.0,0.0,0.0,0.44121365360303416
47.0,10.0,40.0,0.6,0.1,0.6,2.0,791.0,0.0,0.0,0.4424778761061947
47.0,10.0,41.0,0.6,0.1,0.6,2.0,791.0,0.0,0.0,0.44121365360303416
47.0,10.0,42.0,0.6,0.1,0.6,2.0,792.0,0.0,0.0,0.44191919191919193
47.0,10.0,43.0,0.6,0.1,0.6,2.0,792.0,0.0,0.0,0.4431818181818182
47.0,10.0,44.0,0.6,0.1,0.6,2.0,791.0,0.0,0.0,0.44121365360303416
47.0,10.0,45.0,0.6,0.1,0.6,2.0,792.0,0.0,0.0,0.6818181818181818
47.0,10.0,46.0,0.6,0.1,0.6,2.0,777.0,0.0,0.0,0.6821106821106822
47.0,10.0,47.0,0.6,0.1,0.6,2.0,782.0,0.0,0.0,0.6841432225063938
47.0,10.0,48.0,0.6,0.1,0.6,2.0,770.0,0.0,0.0,0.6857142857142857
47.0,10.0,49.0,0.6,0.1,0.6,2.0,756.0,0.0,0.0,0.6851851851851852
47.0,10.0,50.0,0.6,0.1,0.6,2.0,756.0,0.0,0.0,0.6851851851851852
47.0,10.0,51.0,0.6,0.1,0.6,2.0,739.0,0.0,0.0,0.6914749661705006
47.0,10.0,52.0,0.6,0.1,0.6,2.0,739.0,0.0,0.0,0.6901217861975643
48.0,1.0,1.0,0.6,0.1,0.6,2.0,5223.0,55.0,9.0,0.6027187440168486
48.0,1.0,2.0,0.6,0.1,0.6,2.0,5103.0,58.0,24.0,0.6051342347638644
48.0,1.0,3.0,0.6,0.1,0.6,2.0,5017.0,66.0,31.0,0.6037472593183177
48.0,1.0,4.0,0.6,0.1,0.6,2.0,4925.0,67.0,35.0,0.6058883248730964
48.0,1.0,5.0,0.6,0.1,0.6,2.0,4974.0,69.0,33.0,0.6083634901487737
48.0,1.0,6.0,0.6,0.1,0.6,2.0,4875.0,76.0,33.0,0.610051282051282
48.0,1.0,7.0,0.6,0.1,0.6,2.0,4798.0,74.0,37.0,0.6125468945393914
48.0,1.0,8.0,0.6,0.1,0.6,2.0,4698.0,71.0,28.0,0.6123882503192848
48.0,1.0,9.0,0.6,0.1,0.6,2.0,4519.0,76.0,32.0,0.615180349634875
48.0,1.0,10.0,0.6,0.1,0.6,2.0,4301.0,71.0,31.0,0.6163682864450127
48.0,1.0,11.0,0.6,0.1,0.6,2.0,4174.0,67.0,39.0,0.6149976042165788
48.0,1.0,12.0,0.6,0.1,0.6,2.0,4071.0,69.0,34.0,0.6153279292557111
48.0,1.0,13.0,0.6,0.1,0.6,2.0,3949.0,69.0,28.0,0.6206634591035706
48.0,1.0,14.0,0.6,0.1,0.6,2.0,3848.0,62.0,21.0,0.6211018711018711
48.0,1.0,15.0,0.6,0.1,0.6,2.0,3737.0,59.0,28.0,0.6232271875836233
48.0,1.0,16.0,0.6,0.1,0.6,2.0,3614.0,54.0,28.0,0.6264526840066409
48.0,1.0,17.0,0.6,0.1,0.6,2.0,3533.0,49.0,30.0,0.6292103028587602
48.0,1.0,18.0,0.6,0.1,0.6,2.0,3494.0,45.0,24.0,0.6299370349170006
48.0,1.0,19.0,0.6,0.1,0.6,2.0,3429.0,40.0,25.0,0.6334208223972003
48.0,1.0,20.0,0.6,0.1,0.6,2.0,6317.0,34.0,17.0,0.33433591894886816
48.0,1.0,21.0,0.6,0.1,0.6,2.0,5949.0,43.0,16.0,0.3388804841149773
48.0,1.0,22.0,0.6,0.1,0.6,2.0,5671.0,37.0,15.0,0.3406806559689649
48.0,1.0,23.0,0.6,0.1,0.6,2.0,5432.0,37.0,21.0,0.3387334315169367
48.0,1.0,24.0,0.6,0.1,0.6,2.0,5128.0,50.0,18.0,0.34399375975039004
48.0,1.0,25.0,0.6,0.1,0.6,2.0,4946.0,58.0,19.0,0.34512737565709667
48.0,1.0,26.0,0.6,0.1,0.6,2.0,4747.0,57.0,21.0,0.34969454392247734
48.0,1.0,27.0,0.6,0.1,0.6,2.0,4612.0,64.0,35.0,0.3525585429314831
48.0,1.0,28.0,0.6,0.1,0.6,2.0,4476.0,77.0,34.0,0.3532171581769437
48.0,1.0,29.0,0.6,0.1,0.6,2.0,4330.0,76.0,37.0,0.3568129330254042
48.0,1.0,30.0,0.6,0.1,0.6,2.0,4104.0,70.0,33.0,0.35964912280701755
48.0,1.0,31.0,0.6,0.1,0.6,2.0,3977.0,77.0,33.0,0.3625848629620317
48.0,1.0,32.0,0.6,0.1,0.6,2.0,3860.0,81.0,34.0,0.36865284974093265
48.0,1.0,33.0,0.6,0.1,0.6,2.0,3749.0,84.0,35.0,0.37103227527340626
48.0,1.0,34.0,0.6,0.1,0.6,2.0,3585.0,97.0,39.0,0.3721059972105997
48.0,1.0,35.0,0.6,0.1,0.6,2.0,3509.0,99.0,44.0,0.3730407523510972
48.0,1.0,36.0,0.6,0.1,0.6,2.0,3345.0,107.0,49.0,0.3799701046337818
48.0,1.0,37.0,0.6,0.1,0.6,2.0,3252.0,118.0,50.0,0.3816113161131611
48.0,1.0,38.0,0.6,0.1,0.6,2.0,3136.0,133.0,54.0,0.3852040816326531
48.0,1.0,39.0,0.6,0.1,0.6,2.0,3073.0,133.0,52.0,0.38789456557110313
48.0,1.0,40.0,0.6,0.1,0.6,2.0,2966.0,134.0,59.0,0.392447741065408
48.0,1.0,41.0,0.6,0.1,0.6,2.0,2891.0,137.0,64.0,0.39916983742649603
48.0,1.0,42.0,0.6,0.1,0.6,2.0,2835.0,143.0,71.0,0.4
48.0,1.0,43.0,0.6,0.1,0.6,2.0,2781.0,130.0,63.0,0.40632865875584323
48.0,1.0,44.0,0.6,0.1,0.6,2.0,2695.0,127.0,48.0,0.4096474953617811
48.0,1.0,45.0,0.6,0.1,0.6,2.0,2643.0,123.0,50.0,0.638668180098373
48.0,1.0,46.0,0.6,0.1,0.6,2.0,2599.0,108.0,42.0,0.6383224317045018
48.0,1.0,47.0,0.6,0.1,0.6,2.0,2479.0,102.0,52.0,0.645018152480839
48.0,1.0,48.0,0.6,0.1,0.6,2.0,2404.0,92.0,49.0,0.6468386023294509
48.0,1.0,49.0,0.6,0.1,0.6,2.0,2350.0,84.0,54.0,0.6468085106382979
48.0,1.0,50.0,0.6,0.1,0.6,2.0,2235.0,66.0,40.0,0.6505592841163311
48.0,1.0,51.0,0.6,0.1,0.6,2.0,2152.0,48.0,23.0,0.6524163568773235
48.0,1.0,52.0,0.6,0.1,0.6,2.0,2090.0,43.0,21.0,0.6526315789473685
48.0,2.0,1.0,0.6,0.1,0.6,2.0,2040.0,40.0,20.0,0.6558823529411765
48.0,2.0,2.0,0.6,0.1,0.6,2.0,1986.0,37.0,21.0,0.6545820745216515
48.0,2.0,3.0,0.6,0.1,0.6,2.0,1981.0,43.0,24.0,0.6557294295810197
48.0,2.0,4.0,0.6,0.1,0.6,2.0,1937.0,31.0,20.0,0.659783169850284
48.0,2.0,5.0,0.6,0.1,0.6,2.0,1921.0,27.0,15.0,0.6611140031233732
48.0,2.0,6.0,0.6,0.1,0.6,2.0,1857.0,21.0,13.0,0.6607431340872375
48.0,2.0,7.0,0.6,0.1,0.6,2.0,1835.0,21.0,11.0,0.662125340599455
48.0,2.0,8.0,0.6,0.1,0.6,2.0,1815.0,16.0,11.0,0.6644628099173554
48.0,2.0,9.0,0.6,0.1,0.6,2.0,1801.0,20.0,10.0,0.6635202665186007
48.0,2.0,10.0,0.6,0.1,0.6,2.0,1759.0,17.0,8.0,0.6657191586128482
48.0,2.0,11.0,0.6,0.1,0.6,2.0,1724.0,18.0,7.0,0.6629930394431555
48.0,2.0,12.0,0.6,0.1,0.6,2.0,1714.0,22.0,11.0,0.6639439906651109
48.0,2.0,13.0,0.6,0.1,0.6,2.0,1686.0,21.0,9.0,0.6631079478054567
48.0,2.0,14.0,0.6,0.1,0.6,2.0,1664.0,21.0,12.0,0.6652644230769231
48.0,2.0,15.0,0.6,0.1,0.6,2.0,1645.0,19.0,8.0,0.6656534954407295
48.0,2.0,16.0,0.6,0.1,0.6,2.0,1615.0,16.0,10.0,0.6656346749226006
48.0,2.0,17.0,0.6,0.1,0.6,2.0,1600.0,18.0,6.0,0.665
48.0,2.0,18.0,0.6,0.1,0.6,2.0,1586.0,18.0,10.0,0.6664564943253468
48.0,2.0,19.0,0.6,0.1,0.6,2.0,1548.0,14.0,8.0,0.6698966408268734
48.0,2.0,20.0,0.6,0.1,0.6,2.0,2912.0,18.0,10.0,0.35233516483516486
48.0,2.0,21.0,0.6,0.1,0.6,2.0,2836.0,15.0,5.0,0.35366713681241185
48.0,2.0,22.0,0.6,0.1,0.6,2.0,2726.0,20.0,8.0,0.35803374908290536
48.0,2.0,23.0,0.6,0.1,0.6,2.0,2645.0,22.0,7.0,0.3568998109640832
48.0,2.0,24.0,0.6,0.1,0.6,2.0,2546.0,29.0,12.0,0.3566378633150039
48.0,2.0,25.0,0.6,0.1,0.6,2.0,2444.0,31.0,12.0,0.3621112929623568
48.0,2.0,26.0,0.6,0.1,0.6,2.0,2334.0,39.0,12.0,0.363324764353042
48.0,2.0,27.0,0.6,0.1,0.6,2.0,2232.0,44.0,14.0,0.3655913978494624
48.0,2.0,28.0,0.6,0.1,0.6,2.0,2156.0,48.0,23.0,0.37105751391465674
48.0,2.0,29.0,0.6,0.1,0.6,2.0,2131.0,51.0,22.0,0.3716564992961051
48.0,2.0,30.0,0.6,0.1,0.6,2.0,2041.0,58.0,23.0,0.3733463988241058
48.0,2.0,31.0,0.6,0.1,0.6,2.0,1991.0,59.0,19.0,0.37870416875941737
48.0,2.0,32.0,0.6,0.1,0.6,2.0,1909.0,72.0,31.0,0.3855421686746988
48.0,2.0,33.0,0.6,0.1,0.6,2.0,1861.0,77.0,32.0,0.38420204191295004
48.0,2.0,34.0,0.6,0.1,0.6,2.0,1822.0,82.0,40.0,0.38748627881448955
48.0,2.0,35.0,0.6,0.1,0.6,2.0,1758.0,81.0,39.0,0.39476678043230945
48.0,2.0,36.0,0.6,0.1,0.6,2.0,1728.0,83.0,38.0,0.39641203703703703
48.0,2.0,37.0,0.6,0.1,0.6,2.0,1658.0,67.0,37.0,0.4010856453558504
48.0,2.0,38.0,0.6,0.1,0.6,2.0,1626.0,55.0,31.0,0.4028290282902829
48.0,2.0,39.0,0.6,0.1,0.6,2.0,1552.0,48.0,32.0,0.4059278350515464
48.0,2.0,40.0,0.6,0.1,0.6,2.0,1522.0,36.0,24.0,0.4132720105124836
48.0,2.0,41.0,0.6,0.1,0.6,2.0,1503.0,35.0,20.0,0.41317365269461076
48.0,2.0,42.0,0.6,0.1,0.6,2.0,1487.0,25.0,11.0,0.4169468728984533
48.0,2.0,43.0,0.6,0.1,0.6,2.0,1424.0,23.0,12.0,0.42064606741573035
48.0,2.0,44.0,0.6,0.1,0.6,2.0,1388.0,22.0,13.0,0.43011527377521613
48.0,2.0,45.0,0.6,0.1,0.6,2.0,1339.0,19.0,11.0,0.6534727408513816
48.0,2.0,46.0,0.6,0.1,0.6,2.0,1339.0,14.0,8.0,0.6534727408513816
48.0,2.0,47.0,0.6,0.1,0.6,2.0,1326.0,13.0,8.0,0.6530920060331825
48.0,2.0,48.0,0.6,0.1,0.6,2.0,1317.0,12.0,7.0,0.6575550493545937
48.0,2.0,49.0,0.6,0.1,0.6,2.0,1271.0,9.0,5.0,0.6530291109362707
48.0,2.0,50.0,0.6,0.1,0.6,2.0,1258.0,7.0,3.0,0.6558028616852146
48.0,2.0,51.0,0.6,0.1,0.6,2.0,1240.0,8.0,3.0,0.6564516129032258
48.0,2.0,52.0,0.6,0.1,0.6,2.0,1242.0,7.0,4.0,0.6545893719806763
48.0,3.0,1.0,0.6,0.1,0.6,2.0,1210.0,7.0,5.0,0.6537190082644628
48.0,3.0,2.0,0.6,0.1,0.6,2.0,1196.0,6.0,4.0,0.6563545150501672
48.0,3.0,3.0,0.6,0.1,0.6,2.0,1173.0,4.0,3.0,0.6547314578005116
48.0,3.0,4.0,0.6,0.1,0.6,2.0,1175.0,3.0,2.0,0.6578723404255319
48.0,3.0,5.0,0.6,0.1,0.6,2.0,1141.0,2.0,1.0,0.6546888694127958
48.0,3.0,6.0,0.6,0.1,0.6,2.0,1138.0,1.0,1.0,0.6581722319859402
48.0,3.0,7.0,0.6,0.1,0.6,2.0,1124.0,1.0,1.0,0.6565836298932385
48.0,3.0,8.0,0.6,0.1,0.6,2.0,1128.0,1.0,1.0,0.6604609929078015
48.0,3.0,9.0,0.6,0.1,0.6,2.0,1057.0,0.0,0.0,0.6565752128666036
48.0,3.0,10.0,0.6,0.1,0.6,2.0,1055.0,0.0,0.0,0.6606635071090048
48.0,3.0,11.0,0.6,0.1,0.6,2.0,1044.0,0.0,0.0,0.6561302681992337
48.0,3.0,12.0,0.6,0.1,0.6,2.0,1042.0,0.0,0.0,0.6593090211132437
48.0,3.0,13.0,0.6,0.1,0.6,2.0,1019.0,0.0,0.0,0.6604514229636899
48.0,3.0,14.0,0.6,0.1,0.6,2.0,1023.0,0.0,0.0,0.6617790811339198
48.0,3.0,15.0,0.6,0.1,0.6,2.0,1005.0,0.0,0.0,0.6606965174129353
48.0,3.0,16.0,0.6,0.1,0.6,2.0,1017.0,0.0,0.0,0.6597836774827925
48.0,3.0,17.0,0.6,0.1,0.6,2.0,986.0,0.0,0.0,0.6551724137931034
48.0,3.0,18.0,0.6,0.1,0.6,2.0,994.0,0.0,0.0,0.6569416498993964
48.0,3.0,19.0,0.6,0.1,0.6,2.0,975.0,0.0,0.0,0.6523076923076923
48.0,3.0,20.0,0.6,0.1,0.6,2.0,1831.0,0.0,0.0,0.3539049699617695
48.0,3.0,21.0,0.6,0.1,0.6,2.0,1691.0,0.0,0.0,0.3571850975753992
48.0,3.0,22.0,0.6,0.1,0.6,2.0,1680.0,0.0,0.0,0.35595238095238096
48.0,3.0,23.0,0.6,0.1,0.6,2.0,1629.0,0.0,0.0,0.35543278084714547
48.0,3.0,24.0,0.6,0.1,0.6,2.0,1602.0,0.0,0.0,0.35580524344569286
48.0,3.0,25.0,0.6,0.1,0.6,2.0,1553.0,0.0,0.0,0.35994848679974245
48.0,3.0,26.0,0.6,0.1,0.6,2.0,1551.0,0.0,0.0,0.35589941972920697
48.0,3.0,27.0,0.6,0.1,0.6,2.0,1516.0,0.0,0.0,0.3548812664907652
48.0,3.0,28.0,0.6,0.1,0.6,2.0,1493.0,0.0,0.0,0.3583389149363697
48.0,3.0,29.0,0.6,0.1,0.6,2.0,1421.0,0.0,0.0,0.35819845179451093
48.0,3.0,30.0,0.6,0.1,0.6,2.0,1358.0,0.0,0.0,0.3586156111929308
48.0,3.0,31.0,0.6,0.1,0.6,2.0,1332.0,0.0,0.0,0.3588588588588589
48.0,3.0,32.0,0.6,0.1,0.6,2.0,1302.0,0.0,0.0,0.3632872503840246
48.0,3.0,33.0,0.6,0.1,0.6,2.0,1288.0,0.0,0.0,0.3610248447204969
48.0,3.0,34.0,0.6,0.1,0.6,2.0,1282.0,0.0,0.0,0.3627145085803432
48.0,3.0,35.0,0.6,0.1,0.6,2.0,1283.0,0.0,0.0,0.36087295401402963
48.0,3.0,36.0,0.6,0.1,0.6,2.0,1270.0,0.0,0.0,0.3590551181102362
48.0,3.0,37.0,0.6,0.1,0.6,2.0,1227.0,0.0,0.0,0.3610431947840261
48.0,3.0,38.0,0.6,0.1,0.6,2.0,1204.0,0.0,0.0,0.36212624584717606
48.0,3.0,39.0,0.6,0.1,0.6,2.0,1198.0,0.0,0.0,0.3614357262103506
48.0,3.0,40.0,0.6,0.1,0.6,2.0,1171.0,0.0,0.0,0.36464560204953034
48.0,3.0,41.0,0.6,0.1,0.6,2.0,1152.0,0.0,0.0,0.3654513888888889
48.0,3.0,42.0,0.6,0.1,0.6,2.0,1111.0,0.0,0.0,0.36543654365436545
48.0,3.0,43.0,0.6,0.1,0.6,2.0,1086.0,0.0,0.0,0.3674033149171271
48.0,3.0,44.0,0.6,0.1,0.6,2.0,1061.0,0.0,0.0,0.36757775683317623
48.0,3.0,45.0,0.6,0.1,0.6,2.0,1038.0,0.0,0.0,0.6252408477842004
48.0,3.0,46.0,0.6,0.1,0.6,2.0,1037.0,0.0,0.0,0.6190935390549662
48.0,3.0,47.0,0.6,0.1,0.6,2.0,1015.0,0.0,0.0,0.6246305418719211
48.0,3.0,48.0,0.6,0.1,0.6,2.0,1018.0,0.0,0.0,0.6208251473477406
48.0,3.0,49.0,0.6,0.1,0.6,2.0,1010.0,0.0,0.0,0.6247524752475248
48.0,3.0,50.0,0.6,0.1,0.6,2.0,1007.0,0.0,0.0,0.6226415094339622
48.0,3.0,51.0,0.6,0.1,0.6,2.0,1006.0,0.0,0.0,0.621272365805169
48.0,3.0,52.0,0.6,0.1,0.6,2.0,990.0,0.0,0.0,0.6191919191919192
48.0,4.0,1.0,0.6,0.1,0.6,2.0,995.0,0.0,0.0,0.6190954773869347
48.0,4.0,2.0,0.6,0.1,0.6,2.0,979.0,0.0,0.0,0.6189989785495403
48.0,4.0,3.0,0.6,0.1,0.6,2.0,985.0,0.0,0.0,0.6192893401015228
48.0,4.0,4.0,0.6,0.1,0.6,2.0,968.0,0.0,0.0,0.618801652892562
48.0,4.0,5.0,0.6,0.1,0.6,2.0,954.0,0.0,0.0,0.6184486373165619
48.0,4.0,6.0,0.6,0.1,0.6,2.0,932.0,0.0,0.0,0.6233905579399142
48.0,4.0,7.0,0.6,0.1,0.6,2.0,937.0,0.0,0.0,0.6179295624332978
48.0,4.0,8.0,0.6,0.1,0.6,2.0,922.0,0.0,0.0,0.6214750542299349
48.0,4.0,9.0,0.6,0.1,0.6,2.0,932.0,0.0,0.0,0.6180257510729614
48.0,4.0,10.0,0.6,0.1,0.6,2.0,915.0,0.0,0.0,0.6185792349726776
48.0,4.0,11.0,0.6,0.1,0.6,2.0,908.0,0.0,0.0,0.6233480176211453
48.0,4.0,12.0,0.6,0.1,0.6,2.0,898.0,0.0,0.0,0.621380846325167
48.0,4.0,13.0,0.6,0.1,0.6,2.0,898.0,0.0,0.0,0.6191536748329621
48.0,4.0,14.0,0.6,0.1,0.6,2.0,889.0,0.0,0.0,0.6197975253093363
48.0,4.0,15.0,0.6,0.1,0.6,2.0,895.0,0.0,0.0,0.617877094972067
48.0,4.0,16.0,0.6,0.1,0.6,2.0,880.0,0.0,0.0,0.6170454545454546
48.0,4.0,17.0,0.6,0.1,0.6,2.0,886.0,0.0,0.0,0.6151241534988713
48.0,4.0,18.0,0.6,0.1,0.6,2.0,873.0,0.0,0.0,0.6174112256586484
48.0,4.0,19.0,0.6,0.1,0.6,2.0,879.0,0.0,0.0,0.6131968145620023
48.0,4.0,20.0,0.6,0.1,0.6,2.0,1635.0,0.0,0.0,0.3211009174311927
48.0,4.0,21.0,0.6,0.1,0.6,2.0,1569.0,0.0,0.0,0.32950924155513067
48.0,4.0,22.0,0.6,0.1,0.6,2.0,1472.0,0.0,0.0,0.327445652173913
48.0,4.0,23.0,0.6,0.1,0.6,2.0,1475.0,0.0,0.0,0.3247457627118644
48.0,4.0,24.0,0.6,0.1,0.6,2.0,1381.0,0.0,0.0,0.33019551049963797
48.0,4.0,25.0,0.6,0.1,0.6,2.0,1388.0,0.0,0.0,0.33069164265129686
48.0,4.0,26.0,0.6,0.1,0.6,2.0,1355.0,0.0,0.0,0.33136531365313654
48.0,4.0,27.0,0.6,0.1,0.6,2.0,1334.0,0.0,0.0,0.3320839580209895
48.0,4.0,28.0,0.6,0.1,0.6,2.0,1290.0,0.0,0.0,0.3325581395348837
48.0,4.0,29.0,0.6,0.1,0.6,2.0,1305.0,0.0,0.0,0.32720306513409964
48.0,4.0,30.0,0.6,0.1,0.6,2.0,1216.0,0.0,0.0,0.3363486842105263
48.0,4.0,31.0,0.6,0.1,0.6,2.0,1216.0,0.0,0.0,0.33223684210526316
48.0,4.0,32.0,0.6,0.1,0.6,2.0,1145.0,0.0,0.0,0.33624454148471616
48.0,4.0,33.0,0.6,0.1,0.6,2.0,1140.0,0.0,0.0,0.33245614035087717
48.0,4.0,34.0,0.6,0.1,0.6,2.0,1111.0,0.0,0.0,0.33753375337533753
48.0,4.0,35.0,0.6,0.1,0.6,2.0,1081.0,0.0,0.0,0.33580018501387604
48.0,4.0,36.0,0.6,0.1,0.6,2.0,1059.0,0.0,0.0,0.3371104815864023
48.0,4.0,37.0,0.6,0.1,0.6,2.0,1043.0,0.0,0.0,0.336529242569511
48.0,4.0,38.0,0.6,0.1,0.6,2.0,1041.0,0.0,0.0,0.3371757925072046
48.0,4.0,39.0,0.6,0.1,0.6,2.0,1026.0,0.0,0.0,0.33430799220272905
48.0,4.0,40.0,0.6,0.1,0.6,2.0,1024.0,0.0,0.0,0.3369140625
48.0,4.0,41.0,0.6,0.1,0.6,2.0,990.0,0.0,0.0,0.3333333333333333
48.0,4.0,42.0,0.6,0.1,0.6,2.0,994.0,0.0,0.0,0.33601609657947684
48.0,4.0,43.0,0.6,0.1,0.6,2.0,969.0,0.0,0.0,0.3323013415892673
48.0,4.0,44.0,0.6,0.1,0.6,2.0,972.0,0.0,0.0,0.33539094650205764
48.0,4.0,45.0,0.6,0.1,0.6,2.0,929.0,0.0,0.0,0.5909580193756727
48.0,4.0,46.0,0.6,0.1,0.6,2.0,950.0,0.0,0.0,0.5926315789473684
48.0,4.0,47.0,0.6,0.1,0.6,2.0,922.0,0.0,0.0,0.5921908893709328
48.0,4.0,48.0,0.6,0.1,0.6,2.0,929.0,0.0,0.0,0.5888051668460711
48.0,4.0,49.0,0.6,0.1,0.6,2.0,898.0,0.0,0.0,0.5857461024498887
48.0,4.0,50.0,0.6,0.1,0.6,2.0,901.0,0.0,0.0,0.5904550499445061
48.0,4.0,51.0,0.6,0.1,0.6,2.0,881.0,0.0,0.0,0.58683314415437
48.0,4.0,52.0,0.6,0.1,0.6,2.0,895.0,0.0,0.0,0.5910614525139665
48.0,5.0,1.0,0.6,0.1,0.6,2.0,878.0,0.0,0.0,0.5888382687927107
48.0,5.0,2.0,0.6,0.1,0.6,2.0,873.0,0.0,0.0,0.5910652920962199
48.0,5.0,3.0,0.6,0.1,0.6,2.0,862.0,0.0,0.0,0.5904872389791184
48.0,5.0,4.0,0.6,0.1,0.6,2.0,868.0,0.0,0.0,0.5944700460829493
48.0,5.0,5.0,0.6,0.1,0.6,2.0,859.0,0.0,0.0,0.5890570430733411
48.0,5.0,6.0,0.6,0.1,0.6,2.0,858.0,0.0,0.0,0.5944055944055944
48.0,5.0,7.0,0.6,0.1,0.6,2.0,851.0,0.0,0.0,0.5898942420681551
48.0,5.0,8.0,0.6,0.1,0.6,2.0,834.0,0.0,0.0,0.5947242206235012
48.0,5.0,9.0,0.6,0.1,0.6,2.0,830.0,0.0,0.0,0.5951807228915663
48.0,5.0,10.0,0.6,0.1,0.6,2.0,828.0,0.0,0.0,0.5966183574879227
48.0,5.0,11.0,0.6,0.1,0.6,2.0,816.0,0.0,0.0,0.5943627450980392
48.0,5.0,12.0,0.6,0.1,0.6,2.0,817.0,0.0,0.0,0.5973072215422277
48.0,5.0,13.0,0.6,0.1,0.6,2.0,800.0,0.0,0.0,0.5975
48.0,5.0,14.0,0.6,0.1,0.6,2.0,802.0,0.0,0.0,0.600997506234414
48.0,5.0,15.0,0.6,0.1,0.6,2.0,800.0,0.0,0.0,0.59875
48.0,5.0,16.0,0.6,0.1,0.6,2.0,788.0,0.0,0.0,0.5989847715736041
48.0,5.0,17.0,0.6,0.1,0.6,2.0,785.0,0.0,0.0,0.5949044585987261
48.0,5.0,18.0,0.6,0.1,0.6,2.0,779.0,0.0,0.0,0.5956354300385109
48.0,5.0,19.0,0.6,0.1,0.6,2.0,769.0,0.0,0.0,0.5929778933680104
48.0,5.0,20.0,0.6,0.1,0.6,2.0,1444.0,0.0,0.0,0.31301939058171746
48.0,5.0,21.0,0.6,0.1,0.6,2.0,1358.0,0.0,0.0,0.3159057437407953
48.0,5.0,22.0,0.6,0.1,0.6,2.0,1314.0,0.0,0.0,0.3226788432267884
48.0,5.0,23.0,0.6,0.1,0.6,2.0,1284.0,0.0,0.0,0.32242990654205606
48.0,5.0,24.0,0.6,0.1,0.6,2.0,1274.0,0.0,0.0,0.3249607535321821
48.0,5.0,25.0,0.6,0.1,0.6,2.0,1255.0,0.0,0.0,0.32270916334661354
48.0,5.0,26.0,0.6,0.1,0.6,2.0,1220.0,0.0,0.0,0.32295081967213113
48.0,5.0,27.0,0.6,0.1,0.6,2.0,1188.0,0.0,0.0,0.3207070707070707
48.0,5.0,28.0,0.6,0.1,0.6,2.0,1201.0,0.0,0.0,0.3222314737718568
48.0,5.0,29.0,0.6,0.1,0.6,2.0,1191.0,0.0,0.0,0.32073887489504616
48.0,5.0,30.0,0.6,0.1,0.6,2.0,1196.0,0.0,0.0,0.32274247491638797
48.0,5.0,31.0,0.6,0.1,0.6,2.0,1148.0,0.0,0.0,0.3231707317073171
48.0,5.0,32.0,0.6,0.1,0.6,2.0,1161.0,0.0,0.0,0.32299741602067183
48.0,5.0,33.0,0.6,0.1,0.6,2.0,1123.0,0.0,0.0,0.32146037399821903
48.0,5.0,34.0,0.6,0.1,0.6,2.0,1131.0,0.0,0.0,0.32272325375773653
48.0,5.0,35.0,0.6,0.1,0.6,2.0,1086.0,0.0,0.0,0.32136279926335176
48.0,5.0,36.0,0.6,0.1,0.6,2.0,1106.0,0.0,0.0,0.32368896925858953
48.0,5.0,37.0,0.6,0.1,0.6,2.0,1073.0,0.0,0.0,0.320596458527493
48.0,5.0,38.0,0.6,0.1,0.6,2.0,1082.0,0.0,0.0,0.3170055452865065
48.0,5.0,39.0,0.6,0.1,0.6,2.0,1039.0,0.0,0.0,0.31953801732435033
48.0,5.0,40.0,0.6,0.1,0.6,2.0,1019.0,0.0,0.0,0.3199214916584887
48.0,5.0,41.0,0.6,0.1,0.6,2.0,985.0,0.0,0.0,0.3218274111675127
48.0,5.0,42.0,0.6,0.1,0.6,2.0,996.0,0.0,0.0,0.3232931726907631
48.0,5.0,43.0,0.6,0.1,0.6,2.0,984.0,0.0,0.0,0.3231707317073171
48.0,5.0,44.0,0.6,0.1,0.6,2.0,951.0,0.0,0.0,0.3228180862250263
48.0,5.0,45.0,0.6,0.1,0.6,2.0,893.0,0.0,0.0,0.5901455767077267
48.0,5.0,46.0,0.6,0.1,0.6,2.0,898.0,0.0,0.0,0.5924276169265034
48.0,5.0,47.0,0.6,0.1,0.6,2.0,858.0,0.0,0.0,0.5932400932400932
48.0,5.0,48.0,0.6,0.1,0.6,2.0,862.0,0.0,0.0,0.5951276102088167
48.0,5.0,49.0,0.6,0.1,0.6,2.0,855.0,0.0,0.0,0.5929824561403508
48.0,5.0,50.0,0.6,0.1,0.6,2.0,843.0,0.0,0.0,0.5931198102016607
48.0,5.0,51.0,0.6,0.1,0.6,2.0,842.0,0.0,0.0,0.5878859857482185
48.0,5.0,52.0,0.6,0.1,0.6,2.0,839.0,0.0,0.0,0.5911799761620977
48.0,6.0,1.0,0.6,0.1,0.6,2.0,829.0,0.0,0.0,0.586248492159228
48.0,6.0,2.0,0.6,0.1,0.6,2.0,813.0,0.0,0.0,0.5928659286592866
48.0,6.0,3.0,0.6,0.1,0.6,2.0,790.0,0.0,0.0,0.5911392405063292
48.0,6.0,4.0,0.6,0.1,0.6,2.0,788.0,0.0,0.0,0.5939086294416244
48.0,6.0,5.0,0.6,0.1,0.6,2.0,789.0,0.0,0.0,0.5906210392902408
48.0,6.0,6.0,0.6,0.1,0.6,2.0,786.0,0.0,0.0,0.5928753180661578
48.0,6.0,7.0,0.6,0.1,0.6,2.0,790.0,0.0,0.0,0.5911392405063292
48.0,6.0,8.0,0.6,0.1,0.6,2.0,773.0,0.0,0.0,0.5950840879689522
48.0,6.0,9.0,0.6,0.1,0.6,2.0,771.0,0.0,0.0,0.5940337224383917
48.0,6.0,10.0,0.6,0.1,0.6,2.0,769.0,0.0,0.0,0.5968790637191157
48.0,6.0,11.0,0.6,0.1,0.6,2.0,762.0,0.0,0.0,0.5984251968503937
48.0,6.0,12.0,0.6,0.1,0.6,2.0,757.0,0.0,0.0,0.5984147952443857
48.0,6.0,13.0,0.6,0.1,0.6,2.0,754.0,0.0,0.0,0.596816976127321
48.0,6.0,14.0,0.6,0.1,0.6,2.0,755.0,0.0,0.0,0.6013245033112583
48.0,6.0,15.0,0.6,0.1,0.6,2.0,750.0,0.0,0.0,0.6013333333333334
48.0,6.0,16.0,0.6,0.1,0.6,2.0,752.0,0.0,0.0,0.5997340425531915
48.0,6.0,17.0,0.6,0.1,0.6,2.0,747.0,0.0,0.0,0.6010709504685409
48.0,6.0,18.0,0.6,0.1,0.6,2.0,744.0,0.0,0.0,0.6008064516129032
48.0,6.0,19.0,0.6,0.1,0.6,2.0,745.0,0.0,0.0,0.6026845637583893
48.0,6.0,20.0,0.6,0.1,0.6,2.0,1382.0,0.0,0.0,0.32127351664254705
48.0,6.0,21.0,0.6,0.1,0.6,2.0,1371.0,0.0,0.0,0.3202042304886944
48.0,6.0,22.0,0.6,0.1,0.6,2.0,1343.0,0.0,0.0,0.3253909158600149
48.0,6.0,23.0,0.6,0.1,0.6,2.0,1310.0,0.0,0.0,0.32748091603053436
48.0,6.0,24.0,0.6,0.1,0.6,2.0,1283.0,0.0,0.0,0.33125487139516757
48.0,6.0,25.0,0.6,0.1,0.6,2.0,1240.0,0.0,0.0,0.33225806451612905
48.0,6.0,26.0,0.6,0.1,0.6,2.0,1228.0,0.0,0.0,0.3346905537459283
48.0,6.0,27.0,0.6,0.1,0.6,2.0,1170.0,0.0,0.0,0.33076923076923076
48.0,6.0,28.0,0.6,0.1,0.6,2.0,1114.0,0.0,0.0,0.3393177737881508
48.0,6.0,29.0,0.6,0.1,0.6,2.0,1079.0,0.0,0.0,0.33549582947173306
48.0,6.0,30.0,0.6,0.1,0.6,2.0,1075.0,0.0,0.0,0.34325581395348836
48.0,6.0,31.0,0.6,0.1,0.6,2.0,1077.0,0.0,0.0,0.33797585886722376
48.0,6.0,32.0,0.6,0.1,0.6,2.0,1047.0,0.0,0.0,0.3467048710601719
48.0,6.0,33.0,0.6,0.1,0.6,2.0,1025.0,0.0,0.0,0.34536585365853656
48.0,6.0,34.0,0.6,0.1,0.6,2.0,995.0,0.0,0.0,0.3527638190954774
48.0,6.0,35.0,0.6,0.1,0.6,2.0,958.0,0.0,0.0,0.348643006263048
48.0,6.0,36.0,0.6,0.1,0.6,2.0,955.0,0.0,0.0,0.35602094240837695
48.0,6.0,37.0,0.6,0.1,0.6,2.0,928.0,0.0,0.0,0.35021551724137934
48.0,6.0,38.0,0.6,0.1,0.6,2.0,934.0,0.0,0.0,0.3576017130620985
48.0,6.0,39.0,0.6,0.1,0.6,2.0,909.0,0.0,0.0,0.34983498349834985
48.0,6.0,40.0,0.6,0.1,0.6,2.0,912.0,0.0,0.0,0.35635964912280704
48.0,6.0,41.0,0.6,0.1,0.6,2.0,890.0,0.0,0.0,0.35280898876404493
48.0,6.0,42.0,0.6,0.1,0.6,2.0,909.0,0.0,0.0,0.35753575357535755
48.0,6.0,43.0,0.6,0.1,0.6,2.0,886.0,0.0,0.0,0.35327313769751695
48.0,6.0,44.0,0.6,0.1,0.6,2.0,907.0,0.0,0.0,0.35611907386990077
48.0,6.0,45.0,0.6,0.1,0.6,2.0,886.0,0.0,0.0,0.6354401805869074
48.0,6.0,46.0,0.6,0.1,0.6,2.0,908.0,0.0,0.0,0.6376651982378855
48.0,6.0,47.0,0.6,0.1,0.6,2.0,882.0,0.0,0.0,0.6349206349206349
48.0,6.0,48.0,0.6,0.1,0.6,2.0,905.0,0.0,0.0,0.6397790055248619
48.0,6.0,49.0,0.6,0.1,0.6,2.0,891.0,0.0,0.0,0.632996632996633
48.0,6.0,50.0,0.6,0.1,0.6,2.0,906.0,0.0,0.0,0.6357615894039735
48.0,6.0,51.0,0.6,0.1,0.6,2.0,891.0,0.0,0.0,0.6318742985409652
48.0,6.0,52.0,0.6,0.1,0.6,2.0,903.0,0.0,0.0,0.6389811738648948
48.0,7.0,1.0,0.6,0.1,0.6,2.0,884.0,0.0,0.0,0.6334841628959276
48.0,7.0,2.0,0.6,0.1,0.6,2.0,899.0,0.0,0.0,0.6418242491657397
48.0,7.0,3.0,0.6,0.1,0.6,2.0,871.0,0.0,0.0,0.634902411021814
48.0,7.0,4.0,0.6,0.1,0.6,2.0,885.0,0.0,0.0,0.6406779661016949
48.0,7.0,5.0,0.6,0.1,0.6,2.0,872.0,0.0,0.0,0.6364678899082569
48.0,7.0,6.0,0.6,0.1,0.6,2.0,884.0,0.0,0.0,0.6402714932126696
48.0,7.0,7.0,0.6,0.1,0.6,2.0,870.0,0.0,0.0,0.6367816091954023
48.0,7.0,8.0,0.6,0.1,0.6,2.0,878.0,0.0,0.0,0.6412300683371298
48.0,7.0,9.0,0.6,0.1,0.6,2.0,870.0,0.0,0.0,0.639080459770115
48.0,7.0,10.0,0.6,0.1,0.6,2.0,870.0,0.0,0.0,0.6459770114942529
48.0,7.0,11.0,0.6,0.1,0.6,2.0,852.0,0.0,0.0,0.642018779342723
48.0,7.0,12.0,0.6,0.1,0.6,2.0,851.0,0.0,0.0,0.6474735605170387
48.0,7.0,13.0,0.6,0.1,0.6,2.0,850.0,0.0,0.0,0.6423529411764706
48.0,7.0,14.0,0.6,0.1,0.6,2.0,856.0,0.0,0.0,0.6460280373831776
48.0,7.0,15.0,0.6,0.1,0.6,2.0,847.0,0.0,0.0,0.641086186540732
48.0,7.0,16.0,0.6,0.1,0.6,2.0,842.0,0.0,0.0,0.6448931116389549
48.0,7.0,17.0,0.6,0.1,0.6,2.0,835.0,0.0,0.0,0.6395209580838324
48.0,7.0,18.0,0.6,0.1,0.6,2.0,844.0,0.0,0.0,0.6445497630331753
48.0,7.0,19.0,0.6,0.1,0.6,2.0,835.0,0.0,0.0,0.6431137724550898
48.0,7.0,20.0,0.6,0.1,0.6,2.0,1613.0,0.0,0.0,0.33725976441413513
48.0,7.0,21.0,0.6,0.1,0.6,2.0,1553.0,0.0,0.0,0.3309723116548616
48.0,7.0,22.0,0.6,0.1,0.6,2.0,1497.0,0.0,0.0,0.3413493653974616
48.0,7.0,23.0,0.6,0.1,0.6,2.0,1437.0,0.0,0.0,0.3444676409185804
48.0,7.0,24.0,0.6,0.1,0.6,2.0,1367.0,0.0,0.0,0.351865398683248
48.0,7.0,25.0,0.6,0.1,0.6,2.0,1339.0,0.0,0.0,0.3502613890963405
48.0,7.0,26.0,0.6,0.1,0.6,2.0,1318.0,0.0,0.0,0.3558421851289833
48.0,7.0,27.0,0.6,0.1,0.6,2.0,1260.0,0.0,0.0,0.353968253968254
48.0,7.0,28.0,0.6,0.1,0.6,2.0,1262.0,0.0,0.0,0.3613312202852615
48.0,7.0,29.0,0.6,0.1,0.6,2.0,1247.0,0.0,0.0,0.35445068163592625
48.0,7.0,30.0,0.6,0.1,0.6,2.0,1233.0,0.0,0.0,0.35766423357664234
48.0,7.0,31.0,0.6,0.1,0.6,2.0,1217.0,0.0,0.0,0.3492193919474117
48.0,7.0,32.0,0.6,0.1,0.6,2.0,1212.0,0.0,0.0,0.3547854785478548
48.0,7.0,33.0,0.6,0.1,0.6,2.0,1204.0,0.0,0.0,0.3504983388704319
48.0,7.0,34.0,0.6,0.1,0.6,2.0,1180.0,0.0,0.0,0.35677966101694913
48.0,7.0,35.0,0.6,0.1,0.6,2.0,1131.0,0.0,0.0,0.3572060123784262
48.0,7.0,36.0,0.6,0.1,0.6,2.0,1111.0,0.0,0.0,0.3627362736273627
48.0,7.0,37.0,0.6,0.1,0.6,2.0,1038.0,0.0,0.0,0.36127167630057805
48.0,7.0,38.0,0.6,0.1,0.6,2.0,1037.0,0.0,0.0,0.36451301832208294
48.0,7.0,39.0,0.6,0.1,0.6,2.0,1004.0,0.0,0.0,0.3645418326693227
48.0,7.0,40.0,0.6,0.1,0.6,2.0,1004.0,0.0,0.0,0.3695219123505976
48.0,7.0,41.0,0.6,0.1,0.6,2.0,982.0,0.0,0.0,0.3655804480651731
48.0,7.0,42.0,0.6,0.1,0.6,2.0,978.0,0.0,0.0,0.37423312883435583
48.0,7.0,43.0,0.6,0.1,0.6,2.0,953.0,0.0,0.0,0.37145855194123817
48.0,7.0,44.0,0.6,0.1,0.6,2.0,967.0,0.0,0.0,0.37745604963805585
48.0,7.0,45.0,0.6,0.1,0.6,2.0,951.0,0.0,0.0,0.6056782334384858
48.0,7.0,46.0,0.6,0.1,0.6,2.0,956.0,0.0,0.0,0.6098326359832636
48.0,7.0,47.0,0.6,0.1,0.6,2.0,926.0,0.0,0.0,0.6090712742980562
48.0,7.0,48.0,0.6,0.1,0.6,2.0,942.0,0.0,0.0,0.613588110403397
48.0,7.0,49.0,0.6,0.1,0.6,2.0,925.0,0.0,0.0,0.6086486486486486
48.0,7.0,50.0,0.6,0.1,0.6,2.0,936.0,0.0,0.0,0.6153846153846154
48.0,7.0,51.0,0.6,0.1,0.6,2.0,901.0,0.0,0.0,0.6159822419533851
48.0,7.0,52.0,0.6,0.1,0.6,2.0,905.0,0.0,0.0,0.6187845303867403
48.0,8.0,1.0,0.6,0.1,0.6,2.0,886.0,0.0,0.0,0.618510158013544
48.0,8.0,2.0,0.6,0.1,0.6,2.0,900.0,0.0,0.0,0.6211111111111111
48.0,8.0,3.0,0.6,0.1,0.6,2.0,889.0,0.0,0.0,0.6186726659167604
48.0,8.0,4.0,0.6,0.1,0.6,2.0,899.0,0.0,0.0,0.6229143492769744
48.0,8.0,5.0,0.6,0.1,0.6,2.0,886.0,0.0,0.0,0.6173814898419865
48.0,8.0,6.0,0.6,0.1,0.6,2.0,896.0,0.0,0.0,0.6227678571428571
48.0,8.0,7.0,0.6,0.1,0.6,2.0,885.0,0.0,0.0,0.6180790960451977
48.0,8.0,8.0,0.6,0.1,0.6,2.0,892.0,0.0,0.0,0.624439461883408
48.0,8.0,9.0,0.6,0.1,0.6,2.0,875.0,0.0,0.0,0.6228571428571429
48.0,8.0,10.0,0.6,0.1,0.6,2.0,885.0,0.0,0.0,0.6248587570621469
48.0,8.0,11.0,0.6,0.1,0.6,2.0,862.0,0.0,0.0,0.622969837587007
48.0,8.0,12.0,0.6,0.1,0.6,2.0,874.0,0.0,0.0,0.6247139588100686
48.0,8.0,13.0,0.6,0.1,0.6,2.0,860.0,0.0,0.0,0.6244186046511628
48.0,8.0,14.0,0.6,0.1,0.6,2.0,870.0,0.0,0.0,0.6252873563218391
48.0,8.0,15.0,0.6,0.1,0.6,2.0,862.0,0.0,0.0,0.6252900232018561
48.0,8.0,16.0,0.6,0.1,0.6,2.0,871.0,0.0,0.0,0.6222732491389208
48.0,8.0,17.0,0.6,0.1,0.6,2.0,860.0,0.0,0.0,0.6267441860465116
48.0,8.0,18.0,0.6,0.1,0.6,2.0,871.0,0.0,0.0,0.6234213547646383
48.0,8.0,19.0,0.6,0.1,0.6,2.0,859.0,0.0,0.0,0.6239813736903376
48.0,8.0,20.0,0.6,0.1,0.6,2.0,1549.0,0.0,0.0,0.3511943189154293
48.0,8.0,21.0,0.6,0.1,0.6,2.0,1515.0,0.0,0.0,0.35247524752475246
48.0,8.0,22.0,0.6,0.1,0.6,2.0,1528.0,0.0,0.0,0.35274869109947643
48.0,8.0,23.0,0.6,0.1,0.6,2.0,1439.0,0.0,0.0,0.3558026407227241
48.0,8.0,24.0,0.6,0.1,0.6,2.0,1473.0,0.0,0.0,0.35234215885947046
48.0,8.0,25.0,0.6,0.1,0.6,2.0,1407.0,0.0,0.0,0.35963041933191187
48.0,8.0,26.0,0.6,0.1,0.6,2.0,1413.0,0.0,0.0,0.35456475583864117
48.0,8.0,27.0,0.6,0.1,0.6,2.0,1348.0,0.0,0.0,0.36275964391691395
48.0,8.0,28.0,0.6,0.1,0.6,2.0,1368.0,0.0,0.0,0.35599415204678364
48.0,8.0,29.0,0.6,0.1,0.6,2.0,1312.0,0.0,0.0,0.3635670731707317
48.0,8.0,30.0,0.6,0.1,0.6,2.0,1309.0,0.0,0.0,0.3605805958747135
48.0,8.0,31.0,0.6,0.1,0.6,2.0,1279.0,0.0,0.0,0.3635652853792025
48.0,8.0,32.0,0.6,0.1,0.6,2.0,1280.0,0.0,0.0,0.3625
48.0,8.0,33.0,0.6,0.1,0.6,2.0,1239.0,0.0,0.0,0.3688458434221146
48.0,8.0,34.0,0.6,0.1,0.6,2.0,1247.0,0.0,0.0,0.3656776263031275
48.0,8.0,35.0,0.6,0.1,0.6,2.0,1202.0,0.0,0.0,0.3685524126455907
48.0,8.0,36.0,0.6,0.1,0.6,2.0,1151.0,0.0,0.0,0.369244135534318
48.0,8.0,37.0,0.6,0.1,0.6,2.0,1138.0,0.0,0.0,0.37258347978910367
48.0,8.0,38.0,0.6,0.1,0.6,2.0,1136.0,0.0,0.0,0.3714788732394366
48.0,8.0,39.0,0.6,0.1,0.6,2.0,1098.0,0.0,0.0,0.37340619307832423
48.0,8.0,40.0,0.6,0.1,0.6,2.0,1093.0,0.0,0.0,0.37236962488563585
48.0,8.0,41.0,0.6,0.1,0.6,2.0,1081.0,0.0,0.0,0.37650323774283073
48.0,8.0,42.0,0.6,0.1,0.6,2.0,1090.0,0.0,0.0,0.3724770642201835
48.0,8.0,43.0,0.6,0.1,0.6,2.0,1072.0,0.0,0.0,0.376865671641791
48.0,8.0,44.0,0.6,0.1,0.6,2.0,1085.0,0.0,0.0,0.37327188940092165
48.0,8.0,45.0,0.6,0.1,0.6,2.0,1047.0,0.0,0.0,0.620821394460363
48.0,8.0,46.0,0.6,0.1,0.6,2.0,1055.0,0.0,0.0,0.6246445497630332
48.0,8.0,47.0,0.6,0.1,0.6,2.0,1017.0,0.0,0.0,0.6293018682399213
48.0,8.0,48.0,0.6,0.1,0.6,2.0,994.0,0.0,0.0,0.641851106639839
48.0,8.0,49.0,0.6,0.1,0.6,2.0,980.0,0.0,0.0,0.6387755102040816
48.0,8.0,50.0,0.6,0.1,0.6,2.0,996.0,0.0,0.0,0.641566265060241
48.0,8.0,51.0,0.6,0.1,0.6,2.0,962.0,0.0,0.0,0.6476091476091476
48.0,8.0,52.0,0.6,0.1,0.6,2.0,965.0,0.0,0.0,0.6538860103626943
48.0,9.0,1.0,0.6,0.1,0.6,2.0,957.0,0.0,0.0,0.6509926854754441
48.0,9.0,2.0,0.6,0.1,0.6,2.0,968.0,0.0,0.0,0.6539256198347108
48.0,9.0,3.0,0.6,0.1,0.6,2.0,955.0,0.0,0.0,0.6513089005235602
48.0,9.0,4.0,0.6,0.1,0.6,2.0,967.0,0.0,0.0,0.655635987590486
48.0,9.0,5.0,0.6,0.1,0.6,2.0,944.0,0.0,0.0,0.6514830508474576
48.0,9.0,6.0,0.6,0.1,0.6,2.0,954.0,0.0,0.0,0.6540880503144654
48.0,9.0,7.0,0.6,0.1,0.6,2.0,928.0,0.0,0.0,0.6540948275862069
48.0,9.0,8.0,0.6,0.1,0.6,2.0,928.0,0.0,0.0,0.6573275862068966
48.0,9.0,9.0,0.6,0.1,0.6,2.0,913.0,0.0,0.0,0.656078860898138
48.0,9.0,10.0,0.6,0.1,0.6,2.0,919.0,0.0,0.0,0.661588683351469
48.0,9.0,11.0,0.6,0.1,0.6,2.0,898.0,0.0,0.0,0.6581291759465479
48.0,9.0,12.0,0.6,0.1,0.6,2.0,896.0,0.0,0.0,0.6629464285714286
48.0,9.0,13.0,0.6,0.1,0.6,2.0,886.0,0.0,0.0,0.662528216704289
48.0,9.0,14.0,0.6,0.1,0.6,2.0,884.0,0.0,0.0,0.6719457013574661
48.0,9.0,15.0,0.6,0.1,0.6,2.0,875.0,0.0,0.0,0.6651428571428571
48.0,9.0,16.0,0.6,0.1,0.6,2.0,881.0,0.0,0.0,0.6696935300794552
48.0,9.0,17.0,0.6,0.1,0.6,2.0,872.0,0.0,0.0,0.6662844036697247
48.0,9.0,18.0,0.6,0.1,0.6,2.0,882.0,0.0,0.0,0.671201814058957
48.0,9.0,19.0,0.6,0.1,0.6,2.0,873.0,0.0,0.0,0.6655211912943871
48.0,9.0,20.0,0.6,0.1,0.6,2.0,1558.0,0.0,0.0,0.37098844672657255
48.0,9.0,21.0,0.6,0.1,0.6,2.0,1528.0,0.0,0.0,0.36387434554973824
48.0,9.0,22.0,0.6,0.1,0.6,2.0,1503.0,0.0,0.0,0.37192282102461743
48.0,9.0,23.0,0.6,0.1,0.6,2.0,1448.0,0.0,0.0,0.3722375690607735
48.0,9.0,24.0,0.6,0.1,0.6,2.0,1401.0,0.0,0.0,0.3811563169164882
48.0,9.0,25.0,0.6,0.1,0.6,2.0,1382.0,0.0,0.0,0.37698986975397974
48.0,9.0,26.0,0.6,0.1,0.6,2.0,1391.0,0.0,0.0,0.38245866283249463
48.0,9.0,27.0,0.6,0.1,0.6,2.0,1382.0,0.0,0.0,0.37771345875542695
48.0,9.0,28.0,0.6,0.1,0.6,2.0,1379.0,0.0,0.0,0.3821609862218999
48.0,9.0,29.0,0.6,0.1,0.6,2.0,1340.0,0.0,0.0,0.3805970149253731
48.0,9.0,30.0,0.6,0.1,0.6,2.0,1316.0,0.0,0.0,0.385258358662614
48.0,9.0,31.0,0.6,0.1,0.6,2.0,1305.0,0.0,0.0,0.378544061302682
48.0,9.0,32.0,0.6,0.1,0.6,2.0,1294.0,0.0,0.0,0.384080370942813
48.0,9.0,33.0,0.6,0.1,0.6,2.0,1264.0,0.0,0.0,0.3860759493670886
48.0,9.0,34.0,0.6,0.1,0.6,2.0,1257.0,0.0,0.0,0.38743038981702466
48.0,9.0,35.0,0.6,0.1,0.6,2.0,1247.0,0.0,0.0,0.38492381716118684
48.0,9.0,36.0,0.6,0.1,0.6,2.0,1228.0,0.0,0.0,0.38843648208469056
48.0,9.0,37.0,0.6,0.1,0.6,2.0,1205.0,0.0,0.0,0.387551867219917
48.0,9.0,38.0,0.6,0.1,0.6,2.0,1205.0,0.0,0.0,0.3925311203319502
48.0,9.0,39.0,0.6,0.1,0.6,2.0,1166.0,0.0,0.0,0.3893653516295026
48.0,9.0,40.0,0.6,0.1,0.6,2.0,1168.0,0.0,0.0,0.3955479452054795
48.0,9.0,41.0,0.6,0.1,0.6,2.0,1160.0,0.0,0.0,0.3913793103448276
48.0,9.0,42.0,0.6,0.1,0.6,2.0,1129.0,0.0,0.0,0.3985828166519043
48.0,9.0,43.0,0.6,0.1,0.6,2.0,1128.0,0.0,0.0,0.3953900709219858
48.0,9.0,44.0,0.6,0.1,0.6,2.0,1115.0,0.0,0.0,0.39730941704035877
48.0,9.0,45.0,0.6,0.1,0.6,2.0,1109.0,0.0,0.0,0.6203787195671776
48.0,9.0,46.0,0.6,0.1,0.6,2.0,1100.0,0.0,0.0,0.6227272727272727
48.0,9.0,47.0,0.6,0.1,0.6,2.0,1081.0,0.0,0.0,0.6253469010175763
48.0,9.0,48.0,0.6,0.1,0.6,2.0,1099.0,0.0,0.0,0.6232939035486806
48.0,9.0,49.0,0.6,0.1,0.6,2.0,1073.0,0.0,0.0,0.6244175209692451
48.0,9.0,50.0,0.6,0.1,0.6,2.0,1073.0,0.0,0.0,0.6290773532152842
48.0,9.0,51.0,0.6,0.1,0.6,2.0,1043.0,0.0,0.0,0.6356663470757431
48.0,9.0,52.0,0.6,0.1,0.6,2.0,1052.0,0.0,0.0,0.6359315589353612
48.0,10.0,1.0,0.6,0.1,0.6,2.0,1039.0,0.0,0.0,0.6371511068334937
48.0,10.0,2.0,0.6,0.1,0.6,2.0,1040.0,0.0,0.0,0.6384615384615384
48.0,10.0,3.0,0.6,0.1,0.6,2.0,1020.0,0.0,0.0,0.6352941176470588
48.0,10.0,4.0,0.6,0.1,0.6,2.0,1036.0,0.0,0.0,0.638030888030888
48.0,10.0,5.0,0.6,0.1,0.6,2.0,1017.0,0.0,0.0,0.6371681415929203
48.0,10.0,6.0,0.6,0.1,0.6,2.0,1033.0,0.0,0.0,0.6389157792836399
48.0,10.0,7.0,0.6,0.1,0.6,2.0,992.0,0.0,0.0,0.6441532258064516
48.0,10.0,8.0,0.6,0.1,0.6,2.0,1005.0,0.0,0.0,0.6477611940298508
48.0,10.0,9.0,0.6,0.1,0.6,2.0,987.0,0.0,0.0,0.6453900709219859
48.0,10.0,10.0,0.6,0.1,0.6,2.0,985.0,0.0,0.0,0.649746192893401
48.0,10.0,11.0,0.6,0.1,0.6,2.0,965.0,0.0,0.0,0.6455958549222798
48.0,10.0,12.0,0.6,0.1,0.6,2.0,978.0,0.0,0.0,0.6513292433537833
48.0,10.0,13.0,0.6,0.1,0.6,2.0,956.0,0.0,0.0,0.647489539748954
48.0,10.0,14.0,0.6,0.1,0.6,2.0,974.0,0.0,0.0,0.6529774127310062
48.0,10.0,15.0,0.6,0.1,0.6,2.0,941.0,0.0,0.0,0.6482465462274176
48.0,10.0,16.0,0.6,0.1,0.6,2.0,959.0,0.0,0.0,0.6538060479666319
48.0,10.0,17.0,0.6,0.1,0.6,2.0,943.0,0.0,0.0,0.6468716861081655
48.0,10.0,18.0,0.6,0.1,0.6,2.0,944.0,0.0,0.0,0.6567796610169492
48.0,10.0,19.0,0.6,0.1,0.6,2.0,934.0,0.0,0.0,0.6488222698072805
48.0,10.0,20.0,0.6,0.1,0.6,2.0,1645.0,0.0,0.0,0.35987841945288757
48.0,10.0,21.0,0.6,0.1,0.6,2.0,1528.0,0.0,0.0,0.3619109947643979
48.0,10.0,22.0,0.6,0.1,0.6,2.0,1540.0,0.0,0.0,0.36428571428571427
48.0,10.0,23.0,0.6,0.1,0.6,2.0,1459.0,0.0,0.0,0.36737491432488006
48.0,10.0,24.0,0.6,0.1,0.6,2.0,1391.0,0.0,0.0,0.3795830337886413
48.0,10.0,25.0,0.6,0.1,0.6,2.0,1383.0,0.0,0.0,0.3745480838756327
48.0,10.0,26.0,0.6,0.1,0.6,2.0,1344.0,0.0,0.0,0.3861607142857143
48.0,10.0,27.0,0.6,0.1,0.6,2.0,1336.0,0.0,0.0,0.38173652694610777
48.0,10.0,28.0,0.6,0.1,0.6,2.0,1280.0,0.0,0.0,0.39609375
48.0,10.0,29.0,0.6,0.1,0.6,2.0,1240.0,0.0,0.0,0.3975806451612903
48.0,10.0,30.0,0.6,0.1,0.6,2.0,1220.0,0.0,0.0,0.4081967213114754
48.0,10.0,31.0,0.6,0.1,0.6,2.0,1206.0,0.0,0.0,0.4054726368159204
48.0,10.0,32.0,0.6,0.1,0.6,2.0,1215.0,0.0,0.0,0.40987654320987654
48.0,10.0,33.0,0.6,0.1,0.6,2.0,1203.0,0.0,0.0,0.4056525353283458
48.0,10.0,34.0,0.6,0.1,0.6,2.0,1200.0,0.0,0.0,0.4125
48.0,10.0,35.0,0.6,0.1,0.6,2.0,1158.0,0.0,0.0,0.4119170984455959
48.0,10.0,36.0,0.6,0.1,0.6,2.0,1151.0,0.0,0.0,0.42224152910512597
48.0,10.0,37.0,0.6,0.1,0.6,2.0,1137.0,0.0,0.0,0.4160070360598065
48.0,10.0,38.0,0.6,0.1,0.6,2.0,1153.0,0.0,0.0,0.4206418039895924
48.0,10.0,39.0,0.6,0.1,0.6,2.0,1135.0,0.0,0.0,0.4167400881057269
48.0,10.0,40.0,0.6,0.1,0.6,2.0,1137.0,0.0,0.0,0.42216358839050133
48.0,10.0,41.0,0.6,0.1,0.6,2.0,1095.0,0.0,0.0,0.42100456621004567
48.0,10.0,42.0,0.6,0.1,0.6,2.0,1100.0,0.0,0.0,0.42818181818181816
48.0,10.0,43.0,0.6,0.1,0.6,2.0,1091.0,0.0,0.0,0.4225481209899175
48.0,10.0,44.0,0.6,0.1,0.6,2.0,1096.0,0.0,0.0,0.42700729927007297
48.0,10.0,45.0,0.6,0.1,0.6,2.0,1071.0,0.0,0.0,0.6507936507936508
48.0,10.0,46.0,0.6,0.1,0.6,2.0,1089.0,0.0,0.0,0.6473829201101928
48.0,10.0,47.0,0.6,0.1,0.6,2.0,1079.0,0.0,0.0,0.6487488415199258
48.0,10.0,48.0,0.6,0.1,0.6,2.0,1089.0,0.0,0.0,0.6483011937557392
48.0,10.0,49.0,0.6,0.1,0.6,2.0,1083.0,0.0,0.0,0.6463527239150508
48.0,10.0,50.0,0.6,0.1,0.6,2.0,1092.0,0.0,0.0,0.6492673992673993
48.0,10.0,51.0,0.6,0.1,0.6,2.0,1073.0,0.0,0.0,0.6477166821994408
48.0,10.0,52.0,0.6,0.1,0.6,2.0,1088.0,0.0,0.0,0.6488970588235294
49.0,1.0,1.0,0.6,0.1,0.6,2.0,5181.0,54.0,12.0,0.5919706620343563
49.0,1.0,2.0,0.6,0.1,0.6,2.0,5159.0,60.0,30.0,0.592944369063772
49.0,1.0,3.0,0.6,0.1,0.6,2.0,5089.0,74.0,40.0,0.5920613087050501
49.0,1.0,4.0,0.6,0.1,0.6,2.0,5029.0,72.0,37.0,0.5915689003778087
49.0,1.0,5.0,0.6,0.1,0.6,2.0,5073.0,70.0,30.0,0.5960969840331165
49.0,1.0,6.0,0.6,0.1,0.6,2.0,4954.0,67.0,29.0,0.5932579733548647
49.0,1.0,7.0,0.6,0.1,0.6,2.0,4800.0,69.0,32.0,0.5945833333333334
49.0,1.0,8.0,0.6,0.1,0.6,2.0,4653.0,74.0,39.0,0.5933806146572104
49.0,1.0,9.0,0.6,0.1,0.6,2.0,4540.0,71.0,33.0,0.5973568281938326
49.0,1.0,10.0,0.6,0.1,0.6,2.0,4467.0,74.0,30.0,0.6008506827848668
49.0,1.0,11.0,0.6,0.1,0.6,2.0,4355.0,67.0,25.0,0.6032146957520091
49.0,1.0,12.0,0.6,0.1,0.6,2.0,4202.0,65.0,40.0,0.6028081865778201
49.0,1.0,13.0,0.6,0.1,0.6,2.0,4067.0,63.0,37.0,0.6031472830095894
49.0,1.0,14.0,0.6,0.1,0.6,2.0,3977.0,64.0,34.0,0.6039728438521499
49.0,1.0,15.0,0.6,0.1,0.6,2.0,3906.0,53.0,27.0,0.6075268817204301
49.0,1.0,16.0,0.6,0.1,0.6,2.0,3833.0,53.0,27.0,0.6073571614923037
49.0,1.0,17.0,0.6,0.1,0.6,2.0,3782.0,53.0,32.0,0.6107879428873612
49.0,1.0,18.0,0.6,0.1,0.6,2.0,3730.0,47.0,21.0,0.6107238605898123
49.0,1.0,19.0,0.6,0.1,0.6,2.0,3685.0,44.0,24.0,0.6132971506105834
49.0,1.0,20.0,0.6,0.1,0.6,2.0,6854.0,38.0,23.0,0.323460752845054
49.0,1.0,21.0,0.6,0.1,0.6,2.0,6498.0,57.0,26.0,0.32594644506001846
49.0,1.0,22.0,0.6,0.1,0.6,2.0,6204.0,67.0,21.0,0.32672469374597035
49.0,1.0,23.0,0.6,0.1,0.6,2.0,5884.0,68.0,26.0,0.3310673011556764
49.0,1.0,24.0,0.6,0.1,0.6,2.0,5641.0,77.0,30.0,0.3329196950895231
49.0,1.0,25.0,0.6,0.1,0.6,2.0,5492.0,75.0,28.0,0.33594319009468315
49.0,1.0,26.0,0.6,0.1,0.6,2.0,5183.0,78.0,27.0,0.34092224580358865
49.0,1.0,27.0,0.6,0.1,0.6,2.0,5004.0,81.0,36.0,0.3445243804956035
49.0,1.0,28.0,0.6,0.1,0.6,2.0,4865.0,100.0,45.0,0.34573484069886945
49.0,1.0,29.0,0.6,0.1,0.6,2.0,4719.0,114.0,53.0,0.3475312566221657
49.0,1.0,30.0,0.6,0.1,0.6,2.0,4547.0,126.0,51.0,0.3494611831977128
49.0,1.0,31.0,0.6,0.1,0.6,2.0,4400.0,139.0,56.0,0.3513636363636364
49.0,1.0,32.0,0.6,0.1,0.6,2.0,4154.0,126.0,56.0,0.35628310062590274
49.0,1.0,33.0,0.6,0.1,0.6,2.0,3999.0,138.0,65.0,0.3603400850212553
49.0,1.0,34.0,0.6,0.1,0.6,2.0,3874.0,152.0,63.0,0.3637067630356221
49.0,1.0,35.0,0.6,0.1,0.6,2.0,3783.0,144.0,64.0,0.3669045730901401
49.0,1.0,36.0,0.6,0.1,0.6,2.0,3697.0,153.0,56.0,0.37057073302677845
49.0,1.0,37.0,0.6,0.1,0.6,2.0,3619.0,173.0,62.0,0.3733075435203095
49.0,1.0,38.0,0.6,0.1,0.6,2.0,3507.0,182.0,68.0,0.3775306529797548
49.0,1.0,39.0,0.6,0.1,0.6,2.0,3289.0,175.0,62.0,0.38431134083307994
49.0,1.0,40.0,0.6,0.1,0.6,2.0,3237.0,176.0,77.0,0.3855421686746988
49.0,1.0,41.0,0.6,0.1,0.6,2.0,3107.0,185.0,87.0,0.38976504666881234
49.0,1.0,42.0,0.6,0.1,0.6,2.0,3039.0,194.0,96.0,0.39387956564659427
49.0,1.0,43.0,0.6,0.1,0.6,2.0,2969.0,208.0,93.0,0.3984506567867969
49.0,1.0,44.0,0.6,0.1,0.6,2.0,2824.0,205.0,93.0,0.4054532577903683
49.0,1.0,45.0,0.6,0.1,0.6,2.0,2740.0,200.0,96.0,0.6558394160583941
49.0,1.0,46.0,0.6,0.1,0.6,2.0,2657.0,176.0,98.0,0.6563793752352277
49.0,1.0,47.0,0.6,0.1,0.6,2.0,2552.0,152.0,91.0,0.6630094043887147
49.0,1.0,48.0,0.6,0.1,0.6,2.0,2445.0,133.0,75.0,0.6642126789366053
49.0,1.0,49.0,0.6,0.1,0.6,2.0,2365.0,104.0,55.0,0.6706131078224101
49.0,1.0,50.0,0.6,0.1,0.6,2.0,2316.0,90.0,46.0,0.6731433506044905
49.0,1.0,51.0,0.6,0.1,0.6,2.0,2266.0,78.0,45.0,0.675198587819947
49.0,1.0,52.0,0.6,0.1,0.6,2.0,2234.0,74.0,42.0,0.6768128916741272
49.0,2.0,1.0,0.6,0.1,0.6,2.0,2192.0,72.0,40.0,0.6815693430656934
49.0,2.0,2.0,0.6,0.1,0.6,2.0,2164.0,59.0,32.0,0.6853049907578558
49.0,2.0,3.0,0.6,0.1,0.6,2.0,2147.0,60.0,29.0,0.6897997205402888
49.0,2.0,4.0,0.6,0.1,0.6,2.0,2122.0,56.0,25.0,0.6918001885014138
49.0,2.0,5.0,0.6,0.1,0.6,2.0,2059.0,47.0,27.0,0.6954832442933463
49.0,2.0,6.0,0.6,0.1,0.6,2.0,2044.0,45.0,30.0,0.6966731898238747
49.0,2.0,7.0,0.6,0.1,0.6,2.0,2015.0,46.0,26.0,0.7002481389578163
49.0,2.0,8.0,0.6,0.1,0.6,2.0,1977.0,38.0,20.0,0.7040971168437026
49.0,2.0,9.0,0.6,0.1,0.6,2.0,1926.0,32.0,15.0,0.7107995846313603
49.0,2.0,10.0,0.6,0.1,0.6,2.0,1910.0,33.0,19.0,0.7094240837696335
49.0,2.0,11.0,0.6,0.1,0.6,2.0,1891.0,29.0,13.0,0.7139079851930196
49.0,2.0,12.0,0.6,0.1,0.6,2.0,1868.0,26.0,10.0,0.7135974304068522
49.0,2.0,13.0,0.6,0.1,0.6,2.0,1850.0,22.0,7.0,0.7189189189189189
49.0,2.0,14.0,0.6,0.1,0.6,2.0,1808.0,21.0,12.0,0.7179203539823009
49.0,2.0,15.0,0.6,0.1,0.6,2.0,1812.0,23.0,16.0,0.7179911699779249
49.0,2.0,16.0,0.6,0.1,0.6,2.0,1784.0,27.0,14.0,0.719170403587444
49.0,2.0,17.0,0.6,0.1,0.6,2.0,1783.0,23.0,14.0,0.7201346045989905
49.0,2.0,18.0,0.6,0.1,0.6,2.0,1753.0,20.0,12.0,0.7216200798630918
49.0,2.0,19.0,0.6,0.1,0.6,2.0,1743.0,21.0,14.0,0.7194492254733219
49.0,2.0,20.0,0.6,0.1,0.6,2.0,3251.0,20.0,11.0,0.38080590587511537
49.0,2.0,21.0,0.6,0.1,0.6,2.0,3177.0,26.0,6.0,0.37928863707900534
49.0,2.0,22.0,0.6,0.1,0.6,2.0,3064.0,22.0,8.0,0.38054830287206265
49.0,2.0,23.0,0.6,0.1,0.6,2.0,2965.0,25.0,7.0,0.3827993254637437
49.0,2.0,24.0,0.6,0.1,0.6,2.0,2868.0,29.0,16.0,0.3866806136680614
49.0,2.0,25.0,0.6,0.1,0.6,2.0,2802.0,38.0,17.0,0.38650963597430404
49.0,2.0,26.0,0.6,0.1,0.6,2.0,2729.0,56.0,19.0,0.3873213631366801
49.0,2.0,27.0,0.6,0.1,0.6,2.0,2679.0,50.0,19.0,0.3889511011571482
49.0,2.0,28.0,0.6,0.1,0.6,2.0,2596.0,66.0,26.0,0.39175654853620956
49.0,2.0,29.0,0.6,0.1,0.6,2.0,2544.0,69.0,32.0,0.3938679245283019
49.0,2.0,30.0,0.6,0.1,0.6,2.0,2420.0,73.0,31.0,0.39917355371900826
49.0,2.0,31.0,0.6,0.1,0.6,2.0,2384.0,80.0,33.0,0.399748322147651
49.0,2.0,32.0,0.6,0.1,0.6,2.0,2271.0,85.0,31.0,0.40642888595332455
49.0,2.0,33.0,0.6,0.1,0.6,2.0,2223.0,91.0,36.0,0.40845704003598743
49.0,2.0,34.0,0.6,0.1,0.6,2.0,2157.0,97.0,42.0,0.41307371349095967
49.0,2.0,35.0,0.6,0.1,0.6,2.0,2110.0,92.0,47.0,0.4156398104265403
49.0,2.0,36.0,0.6,0.1,0.6,2.0,2066.0,103.0,51.0,0.41674733785091966
49.0,2.0,37.0,0.6,0.1,0.6,2.0,1983.0,105.0,51.0,0.42208774583963693
49.0,2.0,38.0,0.6,0.1,0.6,2.0,1899.0,81.0,37.0,0.43022643496577145
49.0,2.0,39.0,0.6,0.1,0.6,2.0,1805.0,78.0,35.0,0.43822714681440444
49.0,2.0,40.0,0.6,0.1,0.6,2.0,1745.0,79.0,35.0,0.44527220630372494
49.0,2.0,41.0,0.6,0.1,0.6,2.0,1722.0,81.0,42.0,0.45005807200929154
49.0,2.0,42.0,0.6,0.1,0.6,2.0,1640.0,80.0,42.0,0.4560975609756098
49.0,2.0,43.0,0.6,0.1,0.6,2.0,1615.0,79.0,40.0,0.4613003095975232
49.0,2.0,44.0,0.6,0.1,0.6,2.0,1552.0,67.0,35.0,0.47036082474226804
49.0,2.0,45.0,0.6,0.1,0.6,2.0,1526.0,65.0,36.0,0.6808650065530799
49.0,2.0,46.0,0.6,0.1,0.6,2.0,1479.0,60.0,32.0,0.6862745098039216
49.0,2.0,47.0,0.6,0.1,0.6,2.0,1462.0,51.0,29.0,0.6942544459644323
49.0,2.0,48.0,0.6,0.1,0.6,2.0,1417.0,40.0,20.0,0.7000705716302047
49.0,2.0,49.0,0.6,0.1,0.6,2.0,1419.0,37.0,21.0,0.6997885835095138
49.0,2.0,50.0,0.6,0.1,0.6,2.0,1377.0,34.0,16.0,0.7044299201161947
49.0,2.0,51.0,0.6,0.1,0.6,2.0,1359.0,26.0,14.0,0.70345842531273
49.0,2.0,52.0,0.6,0.1,0.6,2.0,1323.0,22.0,13.0,0.7074829931972789
49.0,3.0,1.0,0.6,0.1,0.6,2.0,1311.0,22.0,12.0,0.7078565980167811
49.0,3.0,2.0,0.6,0.1,0.6,2.0,1286.0,23.0,13.0,0.7099533437013997
49.0,3.0,3.0,0.6,0.1,0.6,2.0,1292.0,20.0,10.0,0.7113003095975232
49.0,3.0,4.0,0.6,0.1,0.6,2.0,1260.0,18.0,11.0,0.7126984126984127
49.0,3.0,5.0,0.6,0.1,0.6,2.0,1257.0,16.0,8.0,0.7159904534606205
49.0,3.0,6.0,0.6,0.1,0.6,2.0,1218.0,14.0,12.0,0.7167487684729064
49.0,3.0,7.0,0.6,0.1,0.6,2.0,1219.0,13.0,9.0,0.716160787530763
49.0,3.0,8.0,0.6,0.1,0.6,2.0,1186.0,14.0,9.0,0.7217537942664418
49.0,3.0,9.0,0.6,0.1,0.6,2.0,1183.0,9.0,3.0,0.7235841081994928
49.0,3.0,10.0,0.6,0.1,0.6,2.0,1168.0,8.0,5.0,0.7251712328767124
49.0,3.0,11.0,0.6,0.1,0.6,2.0,1167.0,9.0,3.0,0.7249357326478149
49.0,3.0,12.0,0.6,0.1,0.6,2.0,1152.0,11.0,5.0,0.7256944444444444
49.0,3.0,13.0,0.6,0.1,0.6,2.0,1152.0,10.0,3.0,0.7274305555555556
49.0,3.0,14.0,0.6,0.1,0.6,2.0,1142.0,12.0,6.0,0.7267950963222417
49.0,3.0,15.0,0.6,0.1,0.6,2.0,1137.0,11.0,6.0,0.7282321899736148
49.0,3.0,16.0,0.6,0.1,0.6,2.0,1131.0,12.0,7.0,0.7285587975243147
49.0,3.0,17.0,0.6,0.1,0.6,2.0,1117.0,9.0,5.0,0.729632945389436
49.0,3.0,18.0,0.6,0.1,0.6,2.0,1108.0,8.0,4.0,0.73014440433213
49.0,3.0,19.0,0.6,0.1,0.6,2.0,1094.0,7.0,3.0,0.7285191956124314
49.0,3.0,20.0,0.6,0.1,0.6,2.0,1889.0,6.0,4.0,0.41874007411328745
49.0,3.0,21.0,0.6,0.1,0.6,2.0,1824.0,7.0,3.0,0.4199561403508772
49.0,3.0,22.0,0.6,0.1,0.6,2.0,1756.0,6.0,3.0,0.42255125284738043
49.0,3.0,23.0,0.6,0.1,0.6,2.0,1747.0,6.0,2.0,0.4224384659416142
49.0,3.0,24.0,0.6,0.1,0.6,2.0,1693.0,9.0,3.0,0.4223272297696397
49.0,3.0,25.0,0.6,0.1,0.6,2.0,1677.0,10.0,3.0,0.42397137745974955
49.0,3.0,26.0,0.6,0.1,0.6,2.0,1634.0,9.0,5.0,0.4259485924112607
49.0,3.0,27.0,0.6,0.1,0.6,2.0,1605.0,11.0,7.0,0.42866043613707167
49.0,3.0,28.0,0.6,0.1,0.6,2.0,1576.0,14.0,6.0,0.4270304568527919
49.0,3.0,29.0,0.6,0.1,0.6,2.0,1552.0,8.0,5.0,0.42912371134020616
49.0,3.0,30.0,0.6,0.1,0.6,2.0,1525.0,9.0,6.0,0.4314754098360656
49.0,3.0,31.0,0.6,0.1,0.6,2.0,1498.0,10.0,5.0,0.43324432576769023
49.0,3.0,32.0,0.6,0.1,0.6,2.0,1457.0,8.0,3.0,0.4317089910775566
49.0,3.0,33.0,0.6,0.1,0.6,2.0,1441.0,9.0,2.0,0.43303261623872313
49.0,3.0,34.0,0.6,0.1,0.6,2.0,1413.0,11.0,3.0,0.4317055909412597
49.0,3.0,35.0,0.6,0.1,0.6,2.0,1374.0,12.0,3.0,0.4315866084425036
49.0,3.0,36.0,0.6,0.1,0.6,2.0,1337.0,12.0,6.0,0.43455497382198954
49.0,3.0,37.0,0.6,0.1,0.6,2.0,1311.0,9.0,5.0,0.4401220442410374
49.0,3.0,38.0,0.6,0.1,0.6,2.0,1283.0,13.0,7.0,0.4419329696024942
49.0,3.0,39.0,0.6,0.1,0.6,2.0,1272.0,11.0,4.0,0.4410377358490566
49.0,3.0,40.0,0.6,0.1,0.6,2.0,1246.0,9.0,7.0,0.44141252006420545
49.0,3.0,41.0,0.6,0.1,0.6,2.0,1215.0,8.0,6.0,0.44279835390946504
49.0,3.0,42.0,0.6,0.1,0.6,2.0,1190.0,9.0,7.0,0.4436974789915966
49.0,3.0,43.0,0.6,0.1,0.6,2.0,1177.0,7.0,2.0,0.44774851316907394
49.0,3.0,44.0,0.6,0.1,0.6,2.0,1148.0,7.0,3.0,0.45034843205574915
49.0,3.0,45.0,0.6,0.1,0.6,2.0,1135.0,6.0,2.0,0.6660792951541851
49.0,3.0,46.0,0.6,0.1,0.6,2.0,1120.0,6.0,2.0,0.6633928571428571
49.0,3.0,47.0,0.6,0.1,0.6,2.0,1121.0,4.0,1.0,0.6663693131132917
49.0,3.0,48.0,0.6,0.1,0.6,2.0,1082.0,4.0,2.0,0.6617375231053605
49.0,3.0,49.0,0.6,0.1,0.6,2.0,1087.0,4.0,3.0,0.6669733210671573
49.0,3.0,50.0,0.6,0.1,0.6,2.0,1082.0,4.0,2.0,0.6617375231053605
49.0,3.0,51.0,0.6,0.1,0.6,2.0,1083.0,3.0,2.0,0.6657433056325023
49.0,3.0,52.0,0.6,0.1,0.6,2.0,1056.0,2.0,1.0,0.6609848484848485
49.0,4.0,1.0,0.6,0.1,0.6,2.0,1057.0,3.0,2.0,0.6660359508041628
49.0,4.0,2.0,0.6,0.1,0.6,2.0,1049.0,3.0,1.0,0.6625357483317446
49.0,4.0,3.0,0.6,0.1,0.6,2.0,1054.0,4.0,1.0,0.6660341555977229
49.0,4.0,4.0,0.6,0.1,0.6,2.0,1028.0,3.0,1.0,0.6595330739299611
49.0,4.0,5.0,0.6,0.1,0.6,2.0,1031.0,3.0,2.0,0.6634335596508244
49.0,4.0,6.0,0.6,0.1,0.6,2.0,1012.0,3.0,2.0,0.6600790513833992
49.0,4.0,7.0,0.6,0.1,0.6,2.0,996.0,2.0,1.0,0.6686746987951807
49.0,4.0,8.0,0.6,0.1,0.6,2.0,982.0,2.0,1.0,0.6680244399185336
49.0,4.0,9.0,0.6,0.1,0.6,2.0,968.0,2.0,1.0,0.6683884297520661
49.0,4.0,10.0,0.6,0.1,0.6,2.0,958.0,4.0,1.0,0.6659707724425887
49.0,4.0,11.0,0.6,0.1,0.6,2.0,958.0,3.0,1.0,0.6680584551148225
49.0,4.0,12.0,0.6,0.1,0.6,2.0,947.0,3.0,1.0,0.6642027455121436
49.0,4.0,13.0,0.6,0.1,0.6,2.0,953.0,3.0,2.0,0.6673662119622246
49.0,4.0,14.0,0.6,0.1,0.6,2.0,942.0,3.0,1.0,0.6624203821656051
49.0,4.0,15.0,0.6,0.1,0.6,2.0,934.0,3.0,3.0,0.6659528907922913
49.0,4.0,16.0,0.6,0.1,0.6,2.0,904.0,3.0,2.0,0.6626106194690266
49.0,4.0,17.0,0.6,0.1,0.6,2.0,912.0,3.0,2.0,0.6633771929824561
49.0,4.0,18.0,0.6,0.1,0.6,2.0,895.0,1.0,1.0,0.6636871508379888
49.0,4.0,19.0,0.6,0.1,0.6,2.0,905.0,1.0,1.0,0.6640883977900552
49.0,4.0,20.0,0.6,0.1,0.6,2.0,1656.0,1.0,1.0,0.357487922705314
49.0,4.0,21.0,0.6,0.1,0.6,2.0,1629.0,0.0,0.0,0.3615715162676489
49.0,4.0,22.0,0.6,0.1,0.6,2.0,1518.0,0.0,0.0,0.3662714097496706
49.0,4.0,23.0,0.6,0.1,0.6,2.0,1511.0,0.0,0.0,0.3686300463269358
49.0,4.0,24.0,0.6,0.1,0.6,2.0,1440.0,0.0,0.0,0.3729166666666667
49.0,4.0,25.0,0.6,0.1,0.6,2.0,1429.0,0.0,0.0,0.37718684394681595
49.0,4.0,26.0,0.6,0.1,0.6,2.0,1383.0,0.0,0.0,0.3767172812725958
49.0,4.0,27.0,0.6,0.1,0.6,2.0,1363.0,0.0,0.0,0.3815113719735877
49.0,4.0,28.0,0.6,0.1,0.6,2.0,1338.0,0.0,0.0,0.3811659192825112
49.0,4.0,29.0,0.6,0.1,0.6,2.0,1353.0,0.0,0.0,0.38063562453806354
49.0,4.0,30.0,0.6,0.1,0.6,2.0,1309.0,0.0,0.0,0.3834988540870894
49.0,4.0,31.0,0.6,0.1,0.6,2.0,1304.0,0.0,0.0,0.3857361963190184
49.0,4.0,32.0,0.6,0.1,0.6,2.0,1263.0,0.0,0.0,0.3903404592240697
49.0,4.0,33.0,0.6,0.1,0.6,2.0,1260.0,0.0,0.0,0.39126984126984127
49.0,4.0,34.0,0.6,0.1,0.6,2.0,1181.0,0.0,0.0,0.39796782387806945
49.0,4.0,35.0,0.6,0.1,0.6,2.0,1193.0,0.0,0.0,0.393964794635373
49.0,4.0,36.0,0.6,0.1,0.6,2.0,1137.0,0.0,0.0,0.4001759014951627
49.0,4.0,37.0,0.6,0.1,0.6,2.0,1145.0,0.0,0.0,0.3982532751091703
49.0,4.0,38.0,0.6,0.1,0.6,2.0,1108.0,0.0,0.0,0.40252707581227437
49.0,4.0,39.0,0.6,0.1,0.6,2.0,1084.0,0.0,0.0,0.4040590405904059
49.0,4.0,40.0,0.6,0.1,0.6,2.0,1050.0,0.0,0.0,0.4104761904761905
49.0,4.0,41.0,0.6,0.1,0.6,2.0,1049.0,0.0,0.0,0.4051477597712107
49.0,4.0,42.0,0.6,0.1,0.6,2.0,1028.0,0.0,0.0,0.4085603112840467
49.0,4.0,43.0,0.6,0.1,0.6,2.0,1030.0,0.0,0.0,0.4058252427184466
49.0,4.0,44.0,0.6,0.1,0.6,2.0,1000.0,0.0,0.0,0.407
49.0,4.0,45.0,0.6,0.1,0.6,2.0,988.0,0.0,0.0,0.6427125506072875
49.0,4.0,46.0,0.6,0.1,0.6,2.0,984.0,0.0,0.0,0.6453252032520326
49.0,4.0,47.0,0.6,0.1,0.6,2.0,978.0,0.0,0.0,0.6441717791411042
49.0,4.0,48.0,0.6,0.1,0.6,2.0,959.0,0.0,0.0,0.6475495307612096
49.0,4.0,49.0,0.6,0.1,0.6,2.0,947.0,0.0,0.0,0.6451953537486801
49.0,4.0,50.0,0.6,0.1,0.6,2.0,949.0,0.0,0.0,0.6438356164383562
49.0,4.0,51.0,0.6,0.1,0.6,2.0,945.0,0.0,0.0,0.6433862433862434
49.0,4.0,52.0,0.6,0.1,0.6,2.0,950.0,0.0,0.0,0.6410526315789473
49.0,5.0,1.0,0.6,0.1,0.6,2.0,943.0,0.0,0.0,0.6394485683987274
49.0,5.0,2.0,0.6,0.1,0.6,2.0,941.0,0.0,0.0,0.6397449521785334
49.0,5.0,3.0,0.6,0.1,0.6,2.0,937.0,0.0,0.0,0.6371398078975453
49.0,5.0,4.0,0.6,0.1,0.6,2.0,931.0,0.0,0.0,0.6369495166487648
49.0,5.0,5.0,0.6,0.1,0.6,2.0,897.0,0.0,0.0,0.6354515050167224
49.0,5.0,6.0,0.6,0.1,0.6,2.0,898.0,0.0,0.0,0.6347438752783965
49.0,5.0,7.0,0.6,0.1,0.6,2.0,876.0,0.0,0.0,0.6312785388127854
49.0,5.0,8.0,0.6,0.1,0.6,2.0,875.0,0.0,0.0,0.632
49.0,5.0,9.0,0.6,0.1,0.6,2.0,867.0,0.0,0.0,0.6332179930795848
49.0,5.0,10.0,0.6,0.1,0.6,2.0,865.0,0.0,0.0,0.6335260115606937
49.0,5.0,11.0,0.6,0.1,0.6,2.0,861.0,0.0,0.0,0.6329849012775842
49.0,5.0,12.0,0.6,0.1,0.6,2.0,846.0,0.0,0.0,0.6347517730496454
49.0,5.0,13.0,0.6,0.1,0.6,2.0,842.0,0.0,0.0,0.6330166270783848
49.0,5.0,14.0,0.6,0.1,0.6,2.0,845.0,0.0,0.0,0.6319526627218935
49.0,5.0,15.0,0.6,0.1,0.6,2.0,839.0,0.0,0.0,0.6317044100119189
49.0,5.0,16.0,0.6,0.1,0.6,2.0,838.0,0.0,0.0,0.6324582338902148
49.0,5.0,17.0,0.6,0.1,0.6,2.0,837.0,0.0,0.0,0.6296296296296297
49.0,5.0,18.0,0.6,0.1,0.6,2.0,835.0,0.0,0.0,0.6323353293413174
49.0,5.0,19.0,0.6,0.1,0.6,2.0,834.0,0.0,0.0,0.6282973621103117
49.0,5.0,20.0,0.6,0.1,0.6,2.0,1563.0,0.0,0.0,0.3346129238643634
49.0,5.0,21.0,0.6,0.1,0.6,2.0,1497.0,0.0,0.0,0.3346693386773547
49.0,5.0,22.0,0.6,0.1,0.6,2.0,1408.0,0.0,0.0,0.3409090909090909
49.0,5.0,23.0,0.6,0.1,0.6,2.0,1377.0,0.0,0.0,0.3420479302832244
49.0,5.0,24.0,0.6,0.1,0.6,2.0,1373.0,0.0,0.0,0.3430444282592862
49.0,5.0,25.0,0.6,0.1,0.6,2.0,1312.0,0.0,0.0,0.34146341463414637
49.0,5.0,26.0,0.6,0.1,0.6,2.0,1304.0,0.0,0.0,0.3427914110429448
49.0,5.0,27.0,0.6,0.1,0.6,2.0,1259.0,0.0,0.0,0.3439237490071485
49.0,5.0,28.0,0.6,0.1,0.6,2.0,1215.0,0.0,0.0,0.3506172839506173
49.0,5.0,29.0,0.6,0.1,0.6,2.0,1214.0,0.0,0.0,0.34761120263591433
49.0,5.0,30.0,0.6,0.1,0.6,2.0,1162.0,0.0,0.0,0.34853700516351116
49.0,5.0,31.0,0.6,0.1,0.6,2.0,1145.0,0.0,0.0,0.3475982532751092
49.0,5.0,32.0,0.6,0.1,0.6,2.0,1108.0,0.0,0.0,0.35379061371841153
49.0,5.0,33.0,0.6,0.1,0.6,2.0,1086.0,0.0,0.0,0.35082872928176795
49.0,5.0,34.0,0.6,0.1,0.6,2.0,1051.0,0.0,0.0,0.3520456707897241
49.0,5.0,35.0,0.6,0.1,0.6,2.0,1037.0,0.0,0.0,0.3510125361620058
49.0,5.0,36.0,0.6,0.1,0.6,2.0,1036.0,0.0,0.0,0.3552123552123552
49.0,5.0,37.0,0.6,0.1,0.6,2.0,1024.0,0.0,0.0,0.3515625
49.0,5.0,38.0,0.6,0.1,0.6,2.0,995.0,0.0,0.0,0.3577889447236181
49.0,5.0,39.0,0.6,0.1,0.6,2.0,998.0,0.0,0.0,0.35470941883767537
49.0,5.0,40.0,0.6,0.1,0.6,2.0,994.0,0.0,0.0,0.3591549295774648
49.0,5.0,41.0,0.6,0.1,0.6,2.0,963.0,0.0,0.0,0.3561786085150571
49.0,5.0,42.0,0.6,0.1,0.6,2.0,937.0,0.0,0.0,0.3628601921024546
49.0,5.0,43.0,0.6,0.1,0.6,2.0,912.0,0.0,0.0,0.35964912280701755
49.0,5.0,44.0,0.6,0.1,0.6,2.0,910.0,0.0,0.0,0.36153846153846153
49.0,5.0,45.0,0.6,0.1,0.6,2.0,891.0,0.0,0.0,0.6195286195286195
49.0,5.0,46.0,0.6,0.1,0.6,2.0,890.0,0.0,0.0,0.6179775280898876
49.0,5.0,47.0,0.6,0.1,0.6,2.0,864.0,0.0,0.0,0.6226851851851852
49.0,5.0,48.0,0.6,0.1,0.6,2.0,863.0,0.0,0.0,0.6245654692931634
49.0,5.0,49.0,0.6,0.1,0.6,2.0,854.0,0.0,0.0,0.6252927400468384
49.0,5.0,50.0,0.6,0.1,0.6,2.0,849.0,0.0,0.0,0.6219081272084805
49.0,5.0,51.0,0.6,0.1,0.6,2.0,852.0,0.0,0.0,0.6220657276995305
49.0,5.0,52.0,0.6,0.1,0.6,2.0,845.0,0.0,0.0,0.621301775147929
49.0,6.0,1.0,0.6,0.1,0.6,2.0,850.0,0.0,0.0,0.6211764705882353
49.0,6.0,2.0,0.6,0.1,0.6,2.0,840.0,0.0,0.0,0.6202380952380953
49.0,6.0,3.0,0.6,0.1,0.6,2.0,844.0,0.0,0.0,0.6208530805687204
49.0,6.0,4.0,0.6,0.1,0.6,2.0,820.0,0.0,0.0,0.6182926829268293
49.0,6.0,5.0,0.6,0.1,0.6,2.0,797.0,0.0,0.0,0.6235884567126725
49.0,6.0,6.0,0.6,0.1,0.6,2.0,787.0,0.0,0.0,0.6213468869123253
49.0,6.0,7.0,0.6,0.1,0.6,2.0,780.0,0.0,0.0,0.6269230769230769
49.0,6.0,8.0,0.6,0.1,0.6,2.0,772.0,0.0,0.0,0.6256476683937824
49.0,6.0,9.0,0.6,0.1,0.6,2.0,775.0,0.0,0.0,0.6258064516129033
49.0,6.0,10.0,0.6,0.1,0.6,2.0,770.0,0.0,0.0,0.6246753246753247
49.0,6.0,11.0,0.6,0.1,0.6,2.0,769.0,0.0,0.0,0.6241872561768531
49.0,6.0,12.0,0.6,0.1,0.6,2.0,764.0,0.0,0.0,0.6256544502617801
49.0,6.0,13.0,0.6,0.1,0.6,2.0,760.0,0.0,0.0,0.625
49.0,6.0,14.0,0.6,0.1,0.6,2.0,734.0,0.0,0.0,0.6239782016348774
49.0,6.0,15.0,0.6,0.1,0.6,2.0,740.0,0.0,0.0,0.6243243243243243
49.0,6.0,16.0,0.6,0.1,0.6,2.0,733.0,0.0,0.0,0.6234652114597544
49.0,6.0,17.0,0.6,0.1,0.6,2.0,738.0,0.0,0.0,0.6260162601626016
49.0,6.0,18.0,0.6,0.1,0.6,2.0,732.0,0.0,0.0,0.6229508196721312
49.0,6.0,19.0,0.6,0.1,0.6,2.0,735.0,0.0,0.0,0.6258503401360545
49.0,6.0,20.0,0.6,0.1,0.6,2.0,1322.0,0.0,0.0,0.3441754916792738
49.0,6.0,21.0,0.6,0.1,0.6,2.0,1276.0,0.0,0.0,0.3456112852664577
49.0,6.0,22.0,0.6,0.1,0.6,2.0,1244.0,0.0,0.0,0.3432475884244373
49.0,6.0,23.0,0.6,0.1,0.6,2.0,1217.0,0.0,0.0,0.3475760065735415
49.0,6.0,24.0,0.6,0.1,0.6,2.0,1188.0,0.0,0.0,0.34764309764309764
49.0,6.0,25.0,0.6,0.1,0.6,2.0,1196.0,0.0,0.0,0.3494983277591973
49.0,6.0,26.0,0.6,0.1,0.6,2.0,1102.0,0.0,0.0,0.3548094373865699
49.0,6.0,27.0,0.6,0.1,0.6,2.0,1079.0,0.0,0.0,0.35495829471733087
49.0,6.0,28.0,0.6,0.1,0.6,2.0,1029.0,0.0,0.0,0.35471331389698735
49.0,6.0,29.0,0.6,0.1,0.6,2.0,1033.0,0.0,0.0,0.35333978702807356
49.0,6.0,30.0,0.6,0.1,0.6,2.0,1027.0,0.0,0.0,0.35345666991236613
49.0,6.0,31.0,0.6,0.1,0.6,2.0,1025.0,0.0,0.0,0.35317073170731705
49.0,6.0,32.0,0.6,0.1,0.6,2.0,990.0,0.0,0.0,0.35555555555555557
49.0,6.0,33.0,0.6,0.1,0.6,2.0,954.0,0.0,0.0,0.3584905660377358
49.0,6.0,34.0,0.6,0.1,0.6,2.0,928.0,0.0,0.0,0.3599137931034483
49.0,6.0,35.0,0.6,0.1,0.6,2.0,912.0,0.0,0.0,0.3607456140350877
49.0,6.0,36.0,0.6,0.1,0.6,2.0,882.0,0.0,0.0,0.36507936507936506
49.0,6.0,37.0,0.6,0.1,0.6,2.0,875.0,0.0,0.0,0.36
49.0,6.0,38.0,0.6,0.1,0.6,2.0,852.0,0.0,0.0,0.3626760563380282
49.0,6.0,39.0,0.6,0.1,0.6,2.0,843.0,0.0,0.0,0.3641755634638197
49.0,6.0,40.0,0.6,0.1,0.6,2.0,836.0,0.0,0.0,0.361244019138756
49.0,6.0,41.0,0.6,0.1,0.6,2.0,838.0,0.0,0.0,0.360381861575179
49.0,6.0,42.0,0.6,0.1,0.6,2.0,837.0,0.0,0.0,0.35961768219832735
49.0,6.0,43.0,0.6,0.1,0.6,2.0,827.0,0.0,0.0,0.3591293833131802
49.0,6.0,44.0,0.6,0.1,0.6,2.0,823.0,0.0,0.0,0.36087484811664644
49.0,6.0,45.0,0.6,0.1,0.6,2.0,810.0,0.0,0.0,0.5888888888888889
49.0,6.0,46.0,0.6,0.1,0.6,2.0,795.0,0.0,0.0,0.5937106918238994
49.0,6.0,47.0,0.6,0.1,0.6,2.0,799.0,0.0,0.0,0.5932415519399249
49.0,6.0,48.0,0.6,0.1,0.6,2.0,792.0,0.0,0.0,0.5934343434343434
49.0,6.0,49.0,0.6,0.1,0.6,2.0,799.0,0.0,0.0,0.5932415519399249
49.0,6.0,50.0,0.6,0.1,0.6,2.0,796.0,0.0,0.0,0.5942211055276382
49.0,6.0,51.0,0.6,0.1,0.6,2.0,785.0,0.0,0.0,0.6
49.0,6.0,52.0,0.6,0.1,0.6,2.0,781.0,0.0,0.0,0.5992317541613317
49.0,7.0,1.0,0.6,0.1,0.6,2.0,784.0,0.0,0.0,0.5994897959183674
49.0,7.0,2.0,0.6,0.1,0.6,2.0,770.0,0.0,0.0,0.6012987012987013
49.0,7.0,3.0,0.6,0.1,0.6,2.0,768.0,0.0,0.0,0.6028645833333334
49.0,7.0,4.0,0.6,0.1,0.6,2.0,768.0,0.0,0.0,0.6002604166666666
49.0,7.0,5.0,0.6,0.1,0.6,2.0,766.0,0.0,0.0,0.6018276762402088
49.0,7.0,6.0,0.6,0.1,0.6,2.0,748.0,0.0,0.0,0.6042780748663101
49.0,7.0,7.0,0.6,0.1,0.6,2.0,744.0,0.0,0.0,0.6075268817204301
49.0,7.0,8.0,0.6,0.1,0.6,2.0,746.0,0.0,0.0,0.6058981233243967
49.0,7.0,9.0,0.6,0.1,0.6,2.0,743.0,0.0,0.0,0.6069986541049798
49.0,7.0,10.0,0.6,0.1,0.6,2.0,742.0,0.0,0.0,0.6091644204851752
49.0,7.0,11.0,0.6,0.1,0.6,2.0,740.0,0.0,0.0,0.6094594594594595
49.0,7.0,12.0,0.6,0.1,0.6,2.0,743.0,0.0,0.0,0.6083445491251682
49.0,7.0,13.0,0.6,0.1,0.6,2.0,736.0,0.0,0.0,0.6100543478260869
49.0,7.0,14.0,0.6,0.1,0.6,2.0,741.0,0.0,0.0,0.6099865047233468
49.0,7.0,15.0,0.6,0.1,0.6,2.0,736.0,0.0,0.0,0.6114130434782609
49.0,7.0,16.0,0.6,0.1,0.6,2.0,740.0,0.0,0.0,0.6094594594594595
49.0,7.0,17.0,0.6,0.1,0.6,2.0,734.0,0.0,0.0,0.611716621253406
49.0,7.0,18.0,0.6,0.1,0.6,2.0,739.0,0.0,0.0,0.6102841677943166
49.0,7.0,19.0,0.6,0.1,0.6,2.0,734.0,0.0,0.0,0.611716621253406
49.0,7.0,20.0,0.6,0.1,0.6,2.0,1403.0,0.0,0.0,0.3207412687099073
49.0,7.0,21.0,0.6,0.1,0.6,2.0,1341.0,0.0,0.0,0.3243847874720358
49.0,7.0,22.0,0.6,0.1,0.6,2.0,1275.0,0.0,0.0,0.33176470588235296
49.0,7.0,23.0,0.6,0.1,0.6,2.0,1197.0,0.0,0.0,0.341687552213868
49.0,7.0,24.0,0.6,0.1,0.6,2.0,1140.0,0.0,0.0,0.35175438596491226
49.0,7.0,25.0,0.6,0.1,0.6,2.0,1116.0,0.0,0.0,0.35304659498207885
49.0,7.0,26.0,0.6,0.1,0.6,2.0,1096.0,0.0,0.0,0.3531021897810219
49.0,7.0,27.0,0.6,0.1,0.6,2.0,1050.0,0.0,0.0,0.3580952380952381
49.0,7.0,28.0,0.6,0.1,0.6,2.0,1027.0,0.0,0.0,0.3602726387536514
49.0,7.0,29.0,0.6,0.1,0.6,2.0,1007.0,0.0,0.0,0.3644488579940417
49.0,7.0,30.0,0.6,0.1,0.6,2.0,1012.0,0.0,0.0,0.36264822134387353
49.0,7.0,31.0,0.6,0.1,0.6,2.0,978.0,0.0,0.0,0.3670756646216769
49.0,7.0,32.0,0.6,0.1,0.6,2.0,985.0,0.0,0.0,0.3634517766497462
49.0,7.0,33.0,0.6,0.1,0.6,2.0,979.0,0.0,0.0,0.36567926455566907
49.0,7.0,34.0,0.6,0.1,0.6,2.0,978.0,0.0,0.0,0.3660531697341513
49.0,7.0,35.0,0.6,0.1,0.6,2.0,970.0,0.0,0.0,0.3670103092783505
49.0,7.0,36.0,0.6,0.1,0.6,2.0,968.0,0.0,0.0,0.37086776859504134
49.0,7.0,37.0,0.6,0.1,0.6,2.0,946.0,0.0,0.0,0.37103594080338265
49.0,7.0,38.0,0.6,0.1,0.6,2.0,947.0,0.0,0.0,0.3727560718057022
49.0,7.0,39.0,0.6,0.1,0.6,2.0,930.0,0.0,0.0,0.3741935483870968
49.0,7.0,40.0,0.6,0.1,0.6,2.0,911.0,0.0,0.0,0.3754116355653128
49.0,7.0,41.0,0.6,0.1,0.6,2.0,894.0,0.0,0.0,0.37472035794183445
49.0,7.0,42.0,0.6,0.1,0.6,2.0,899.0,0.0,0.0,0.37486095661846497
49.0,7.0,43.0,0.6,0.1,0.6,2.0,867.0,0.0,0.0,0.3748558246828143
49.0,7.0,44.0,0.6,0.1,0.6,2.0,881.0,0.0,0.0,0.3779795686719637
49.0,7.0,45.0,0.6,0.1,0.6,2.0,855.0,0.0,0.0,0.6350877192982456
49.0,7.0,46.0,0.6,0.1,0.6,2.0,838.0,0.0,0.0,0.6420047732696897
49.0,7.0,47.0,0.6,0.1,0.6,2.0,827.0,0.0,0.0,0.6396614268440145
49.0,7.0,48.0,0.6,0.1,0.6,2.0,838.0,0.0,0.0,0.6420047732696897
49.0,7.0,49.0,0.6,0.1,0.6,2.0,816.0,0.0,0.0,0.6421568627450981
49.0,7.0,50.0,0.6,0.1,0.6,2.0,814.0,0.0,0.0,0.644963144963145
49.0,7.0,51.0,0.6,0.1,0.6,2.0,816.0,0.0,0.0,0.6421568627450981
49.0,7.0,52.0,0.6,0.1,0.6,2.0,815.0,0.0,0.0,0.6441717791411042
49.0,8.0,1.0,0.6,0.1,0.6,2.0,816.0,0.0,0.0,0.6421568627450981
49.0,8.0,2.0,0.6,0.1,0.6,2.0,815.0,0.0,0.0,0.6441717791411042
49.0,8.0,3.0,0.6,0.1,0.6,2.0,814.0,0.0,0.0,0.6437346437346437
49.0,8.0,4.0,0.6,0.1,0.6,2.0,812.0,0.0,0.0,0.645320197044335
49.0,8.0,5.0,0.6,0.1,0.6,2.0,801.0,0.0,0.0,0.6441947565543071
49.0,8.0,6.0,0.6,0.1,0.6,2.0,800.0,0.0,0.0,0.645
49.0,8.0,7.0,0.6,0.1,0.6,2.0,802.0,0.0,0.0,0.6446384039900249
49.0,8.0,8.0,0.6,0.1,0.6,2.0,787.0,0.0,0.0,0.6467598475222364
49.0,8.0,9.0,0.6,0.1,0.6,2.0,788.0,0.0,0.0,0.6459390862944162
49.0,8.0,10.0,0.6,0.1,0.6,2.0,782.0,0.0,0.0,0.6470588235294118
49.0,8.0,11.0,0.6,0.1,0.6,2.0,784.0,0.0,0.0,0.6454081632653061
49.0,8.0,12.0,0.6,0.1,0.6,2.0,770.0,0.0,0.0,0.6467532467532467
49.0,8.0,13.0,0.6,0.1,0.6,2.0,773.0,0.0,0.0,0.6455368693402329
49.0,8.0,14.0,0.6,0.1,0.6,2.0,771.0,0.0,0.0,0.6459143968871596
49.0,8.0,15.0,0.6,0.1,0.6,2.0,773.0,0.0,0.0,0.6455368693402329
49.0,8.0,16.0,0.6,0.1,0.6,2.0,769.0,0.0,0.0,0.6449934980494149
49.0,8.0,17.0,0.6,0.1,0.6,2.0,773.0,0.0,0.0,0.6455368693402329
49.0,8.0,18.0,0.6,0.1,0.6,2.0,768.0,0.0,0.0,0.6458333333333334
49.0,8.0,19.0,0.6,0.1,0.6,2.0,771.0,0.0,0.0,0.6472114137483788
49.0,8.0,20.0,0.6,0.1,0.6,2.0,1416.0,0.0,0.0,0.3495762711864407
49.0,8.0,21.0,0.6,0.1,0.6,2.0,1401.0,0.0,0.0,0.3518915060670949
49.0,8.0,22.0,0.6,0.1,0.6,2.0,1356.0,0.0,0.0,0.3554572271386431
49.0,8.0,23.0,0.6,0.1,0.6,2.0,1335.0,0.0,0.0,0.35730337078651686
49.0,8.0,24.0,0.6,0.1,0.6,2.0,1308.0,0.0,0.0,0.36085626911314983
49.0,8.0,25.0,0.6,0.1,0.6,2.0,1303.0,0.0,0.0,0.3614735226400614
49.0,8.0,26.0,0.6,0.1,0.6,2.0,1289.0,0.0,0.0,0.36229635376260666
49.0,8.0,27.0,0.6,0.1,0.6,2.0,1244.0,0.0,0.0,0.3657556270096463
49.0,8.0,28.0,0.6,0.1,0.6,2.0,1184.0,0.0,0.0,0.3716216216216216
49.0,8.0,29.0,0.6,0.1,0.6,2.0,1163.0,0.0,0.0,0.3714531384350817
49.0,8.0,30.0,0.6,0.1,0.6,2.0,1153.0,0.0,0.0,0.37294015611448394
49.0,8.0,31.0,0.6,0.1,0.6,2.0,1146.0,0.0,0.0,0.3726003490401396
49.0,8.0,32.0,0.6,0.1,0.6,2.0,1102.0,0.0,0.0,0.3793103448275862
49.0,8.0,33.0,0.6,0.1,0.6,2.0,1067.0,0.0,0.0,0.3851921274601687
49.0,8.0,34.0,0.6,0.1,0.6,2.0,1029.0,0.0,0.0,0.39067055393586003
49.0,8.0,35.0,0.6,0.1,0.6,2.0,1038.0,0.0,0.0,0.3892100192678227
49.0,8.0,36.0,0.6,0.1,0.6,2.0,1018.0,0.0,0.0,0.3919449901768173
49.0,8.0,37.0,0.6,0.1,0.6,2.0,1024.0,0.0,0.0,0.390625
49.0,8.0,38.0,0.6,0.1,0.6,2.0,998.0,0.0,0.0,0.3937875751503006
49.0,8.0,39.0,0.6,0.1,0.6,2.0,1008.0,0.0,0.0,0.39186507936507936
49.0,8.0,40.0,0.6,0.1,0.6,2.0,982.0,0.0,0.0,0.395112016293279
49.0,8.0,41.0,0.6,0.1,0.6,2.0,992.0,0.0,0.0,0.39314516129032256
49.0,8.0,42.0,0.6,0.1,0.6,2.0,982.0,0.0,0.0,0.395112016293279
49.0,8.0,43.0,0.6,0.1,0.6,2.0,976.0,0.0,0.0,0.3944672131147541
49.0,8.0,44.0,0.6,0.1,0.6,2.0,966.0,0.0,0.0,0.39648033126293997
49.0,8.0,45.0,0.6,0.1,0.6,2.0,964.0,0.0,0.0,0.6317427385892116
49.0,8.0,46.0,0.6,0.1,0.6,2.0,949.0,0.0,0.0,0.6385669125395153
49.0,8.0,47.0,0.6,0.1,0.6,2.0,953.0,0.0,0.0,0.6379853095487933
49.0,8.0,48.0,0.6,0.1,0.6,2.0,929.0,0.0,0.0,0.6426264800861141
49.0,8.0,49.0,0.6,0.1,0.6,2.0,933.0,0.0,0.0,0.6420150053590568
49.0,8.0,50.0,0.6,0.1,0.6,2.0,929.0,0.0,0.0,0.6426264800861141
49.0,8.0,51.0,0.6,0.1,0.6,2.0,931.0,0.0,0.0,0.6433941997851772
49.0,8.0,52.0,0.6,0.1,0.6,2.0,925.0,0.0,0.0,0.6432432432432432
49.0,9.0,1.0,0.6,0.1,0.6,2.0,931.0,0.0,0.0,0.6433941997851772
49.0,9.0,2.0,0.6,0.1,0.6,2.0,926.0,0.0,0.0,0.6436285097192225
49.0,9.0,3.0,0.6,0.1,0.6,2.0,906.0,0.0,0.0,0.6434878587196468
49.0,9.0,4.0,0.6,0.1,0.6,2.0,900.0,0.0,0.0,0.6433333333333333
49.0,9.0,5.0,0.6,0.1,0.6,2.0,908.0,0.0,0.0,0.6431718061674009
49.0,9.0,6.0,0.6,0.1,0.6,2.0,899.0,0.0,0.0,0.6440489432703004
49.0,9.0,7.0,0.6,0.1,0.6,2.0,907.0,0.0,0.0,0.6427783902976847
49.0,9.0,8.0,0.6,0.1,0.6,2.0,894.0,0.0,0.0,0.6465324384787472
49.0,9.0,9.0,0.6,0.1,0.6,2.0,890.0,0.0,0.0,0.648314606741573
49.0,9.0,10.0,0.6,0.1,0.6,2.0,881.0,0.0,0.0,0.6503972758229285
49.0,9.0,11.0,0.6,0.1,0.6,2.0,887.0,0.0,0.0,0.649379932356257
49.0,9.0,12.0,0.6,0.1,0.6,2.0,878.0,0.0,0.0,0.6503416856492027
49.0,9.0,13.0,0.6,0.1,0.6,2.0,878.0,0.0,0.0,0.6492027334851936
49.0,9.0,14.0,0.6,0.1,0.6,2.0,864.0,0.0,0.0,0.6504629629629629
49.0,9.0,15.0,0.6,0.1,0.6,2.0,877.0,0.0,0.0,0.6499429874572406
49.0,9.0,16.0,0.6,0.1,0.6,2.0,864.0,0.0,0.0,0.6516203703703703
49.0,9.0,17.0,0.6,0.1,0.6,2.0,866.0,0.0,0.0,0.6547344110854504
49.0,9.0,18.0,0.6,0.1,0.6,2.0,853.0,0.0,0.0,0.6565064478311841
49.0,9.0,19.0,0.6,0.1,0.6,2.0,865.0,0.0,0.0,0.6554913294797687
49.0,9.0,20.0,0.6,0.1,0.6,2.0,1454.0,0.0,0.0,0.374828060522696
49.0,9.0,21.0,0.6,0.1,0.6,2.0,1456.0,0.0,0.0,0.3743131868131868
49.0,9.0,22.0,0.6,0.1,0.6,2.0,1389.0,0.0,0.0,0.38156947444204464
49.0,9.0,23.0,0.6,0.1,0.6,2.0,1399.0,0.0,0.0,0.38098641887062185
49.0,9.0,24.0,0.6,0.1,0.6,2.0,1311.0,0.0,0.0,0.38596491228070173
49.0,9.0,25.0,0.6,0.1,0.6,2.0,1290.0,0.0,0.0,0.3868217054263566
49.0,9.0,26.0,0.6,0.1,0.6,2.0,1215.0,0.0,0.0,0.3917695473251029
49.0,9.0,27.0,0.6,0.1,0.6,2.0,1195.0,0.0,0.0,0.398326359832636
49.0,9.0,28.0,0.6,0.1,0.6,2.0,1166.0,0.0,0.0,0.3979416809605489
49.0,9.0,29.0,0.6,0.1,0.6,2.0,1153.0,0.0,0.0,0.4006938421509107
49.0,9.0,30.0,0.6,0.1,0.6,2.0,1122.0,0.0,0.0,0.4019607843137255
49.0,9.0,31.0,0.6,0.1,0.6,2.0,1137.0,0.0,0.0,0.4019349164467898
49.0,9.0,32.0,0.6,0.1,0.6,2.0,1085.0,0.0,0.0,0.4055299539170507
49.0,9.0,33.0,0.6,0.1,0.6,2.0,1100.0,0.0,0.0,0.40545454545454546
49.0,9.0,34.0,0.6,0.1,0.6,2.0,1041.0,0.0,0.0,0.4101825168107589
49.0,9.0,35.0,0.6,0.1,0.6,2.0,1044.0,0.0,0.0,0.4118773946360153
49.0,9.0,36.0,0.6,0.1,0.6,2.0,1017.0,0.0,0.0,0.41297935103244837
49.0,9.0,37.0,0.6,0.1,0.6,2.0,1032.0,0.0,0.0,0.4127906976744186
49.0,9.0,38.0,0.6,0.1,0.6,2.0,1017.0,0.0,0.0,0.41297935103244837
49.0,9.0,39.0,0.6,0.1,0.6,2.0,1032.0,0.0,0.0,0.4127906976744186
49.0,9.0,40.0,0.6,0.1,0.6,2.0,1018.0,0.0,0.0,0.41355599214145383
49.0,9.0,41.0,0.6,0.1,0.6,2.0,1019.0,0.0,0.0,0.4141315014720314
49.0,9.0,42.0,0.6,0.1,0.6,2.0,990.0,0.0,0.0,0.41818181818181815
49.0,9.0,43.0,0.6,0.1,0.6,2.0,993.0,0.0,0.0,0.4159113796576032
49.0,9.0,44.0,0.6,0.1,0.6,2.0,968.0,0.0,0.0,0.42045454545454547
49.0,9.0,45.0,0.6,0.1,0.6,2.0,969.0,0.0,0.0,0.6584107327141383
49.0,9.0,46.0,0.6,0.1,0.6,2.0,956.0,0.0,0.0,0.6569037656903766
49.0,9.0,47.0,0.6,0.1,0.6,2.0,957.0,0.0,0.0,0.6603970741901777
49.0,9.0,48.0,0.6,0.1,0.6,2.0,951.0,0.0,0.0,0.6593059936908517
49.0,9.0,49.0,0.6,0.1,0.6,2.0,950.0,0.0,0.0,0.6631578947368421
49.0,9.0,50.0,0.6,0.1,0.6,2.0,938.0,0.0,0.0,0.662046908315565
49.0,9.0,51.0,0.6,0.1,0.6,2.0,947.0,0.0,0.0,0.6631467793030623
49.0,9.0,52.0,0.6,0.1,0.6,2.0,927.0,0.0,0.0,0.6645091693635383
49.0,10.0,1.0,0.6,0.1,0.6,2.0,936.0,0.0,0.0,0.6655982905982906
49.0,10.0,2.0,0.6,0.1,0.6,2.0,927.0,0.0,0.0,0.6645091693635383
49.0,10.0,3.0,0.6,0.1,0.6,2.0,936.0,0.0,0.0,0.6655982905982906
49.0,10.0,4.0,0.6,0.1,0.6,2.0,928.0,0.0,0.0,0.6648706896551724
49.0,10.0,5.0,0.6,0.1,0.6,2.0,935.0,0.0,0.0,0.667379679144385
49.0,10.0,6.0,0.6,0.1,0.6,2.0,926.0,0.0,0.0,0.6641468682505399
49.0,10.0,7.0,0.6,0.1,0.6,2.0,932.0,0.0,0.0,0.6684549356223176
49.0,10.0,8.0,0.6,0.1,0.6,2.0,923.0,0.0,0.0,0.6663055254604551
49.0,10.0,9.0,0.6,0.1,0.6,2.0,927.0,0.0,0.0,0.6699029126213593
49.0,10.0,10.0,0.6,0.1,0.6,2.0,919.0,0.0,0.0,0.6681175190424374
49.0,10.0,11.0,0.6,0.1,0.6,2.0,929.0,0.0,0.0,0.6695371367061357
49.0,10.0,12.0,0.6,0.1,0.6,2.0,918.0,0.0,0.0,0.6688453159041394
49.0,10.0,13.0,0.6,0.1,0.6,2.0,928.0,0.0,0.0,0.6691810344827587
49.0,10.0,14.0,0.6,0.1,0.6,2.0,903.0,0.0,0.0,0.6688815060908084
49.0,10.0,15.0,0.6,0.1,0.6,2.0,915.0,0.0,0.0,0.6710382513661202
49.0,10.0,16.0,0.6,0.1,0.6,2.0,902.0,0.0,0.0,0.6685144124168514
49.0,10.0,17.0,0.6,0.1,0.6,2.0,904.0,0.0,0.0,0.6714601769911505
49.0,10.0,18.0,0.6,0.1,0.6,2.0,880.0,0.0,0.0,0.6715909090909091
49.0,10.0,19.0,0.6,0.1,0.6,2.0,892.0,0.0,0.0,0.6737668161434978
49.0,10.0,20.0,0.6,0.1,0.6,2.0,1584.0,0.0,0.0,0.35795454545454547
49.0,10.0,21.0,0.6,0.1,0.6,2.0,1515.0,0.0,0.0,0.36171617161716174
49.0,10.0,22.0,0.6,0.1,0.6,2.0,1449.0,0.0,0.0,0.36438923395445133
49.0,10.0,23.0,0.6,0.1,0.6,2.0,1424.0,0.0,0.0,0.3651685393258427
49.0,10.0,24.0,0.6,0.1,0.6,2.0,1363.0,0.0,0.0,0.3675715333822451
49.0,10.0,25.0,0.6,0.1,0.6,2.0,1381.0,0.0,0.0,0.36784938450398263
49.0,10.0,26.0,0.6,0.1,0.6,2.0,1341.0,0.0,0.0,0.3698732289336316
49.0,10.0,27.0,0.6,0.1,0.6,2.0,1327.0,0.0,0.0,0.3730218538055765
49.0,10.0,28.0,0.6,0.1,0.6,2.0,1254.0,0.0,0.0,0.3763955342902711
49.0,10.0,29.0,0.6,0.1,0.6,2.0,1261.0,0.0,0.0,0.3782712133227597
49.0,10.0,30.0,0.6,0.1,0.6,2.0,1198.0,0.0,0.0,0.3831385642737897
49.0,10.0,31.0,0.6,0.1,0.6,2.0,1205.0,0.0,0.0,0.3809128630705394
49.0,10.0,32.0,0.6,0.1,0.6,2.0,1172.0,0.0,0.0,0.3856655290102389
49.0,10.0,33.0,0.6,0.1,0.6,2.0,1162.0,0.0,0.0,0.39070567986230637
49.0,10.0,34.0,0.6,0.1,0.6,2.0,1141.0,0.0,0.0,0.39263803680981596
49.0,10.0,35.0,0.6,0.1,0.6,2.0,1151.0,0.0,0.0,0.3935708079930495
49.0,10.0,36.0,0.6,0.1,0.6,2.0,1117.0,0.0,0.0,0.39659803043867503
49.0,10.0,37.0,0.6,0.1,0.6,2.0,1123.0,0.0,0.0,0.39715048975957257
49.0,10.0,38.0,0.6,0.1,0.6,2.0,1104.0,0.0,0.0,0.39855072463768115
49.0,10.0,39.0,0.6,0.1,0.6,2.0,1114.0,0.0,0.0,0.3985637342908438
49.0,10.0,40.0,0.6,0.1,0.6,2.0,1087.0,0.0,0.0,0.40202391904323825
49.0,10.0,41.0,0.6,0.1,0.6,2.0,1110.0,0.0,0.0,0.3990990990990991
49.0,10.0,42.0,0.6,0.1,0.6,2.0,1051.0,0.0,0.0,0.4015223596574691
49.0,10.0,43.0,0.6,0.1,0.6,2.0,1043.0,0.0,0.0,0.4084372003835091
49.0,10.0,44.0,0.6,0.1,0.6,2.0,1009.0,0.0,0.0,0.41129831516352827
49.0,10.0,45.0,0.6,0.1,0.6,2.0,1032.0,0.0,0.0,0.6472868217054264
49.0,10.0,46.0,0.6,0.1,0.6,2.0,976.0,0.0,0.0,0.6536885245901639
49.0,10.0,47.0,0.6,0.1,0.6,2.0,997.0,0.0,0.0,0.6509528585757272
49.0,10.0,48.0,0.6,0.1,0.6,2.0,962.0,0.0,0.0,0.6559251559251559
49.0,10.0,49.0,0.6,0.1,0.6,2.0,975.0,0.0,0.0,0.6502564102564102
49.0,10.0,50.0,0.6,0.1,0.6,2.0,947.0,0.0,0.0,0.6557550158394931
49.0,10.0,51.0,0.6,0.1,0.6,2.0,965.0,0.0,0.0,0.6528497409326425
49.0,10.0,52.0,0.6,0.1,0.6,2.0,949.0,0.0,0.0,0.6554267650158061
50.0,1.0,1.0,0.6,0.1,0.6,2.0,5188.0,47.0,8.0,0.5836545875096376
50.0,1.0,2.0,0.6,0.1,0.6,2.0,5092.0,52.0,15.0,0.5834642576590731
50.0,1.0,3.0,0.6,0.1,0.6,2.0,5022.0,56.0,29.0,0.5852250099561928
50.0,1.0,4.0,0.6,0.1,0.6,2.0,4928.0,51.0,25.0,0.5872564935064936
50.0,1.0,5.0,0.6,0.1,0.6,2.0,4961.0,62.0,26.0,0.5873815762951018
50.0,1.0,6.0,0.6,0.1,0.6,2.0,4827.0,60.0,21.0,0.5904288377874456
50.0,1.0,7.0,0.6,0.1,0.6,2.0,4632.0,64.0,30.0,0.5924006908462867
50.0,1.0,8.0,0.6,0.1,0.6,2.0,4537.0,66.0,30.0,0.591359929468812
50.0,1.0,9.0,0.6,0.1,0.6,2.0,4380.0,64.0,29.0,0.591324200913242
50.0,1.0,10.0,0.6,0.1,0.6,2.0,4247.0,54.0,26.0,0.5928890981869555
50.0,1.0,11.0,0.6,0.1,0.6,2.0,4148.0,52.0,28.0,0.595708775313404
50.0,1.0,12.0,0.6,0.1,0.6,2.0,4039.0,50.0,23.0,0.59593958900718
50.0,1.0,13.0,0.6,0.1,0.6,2.0,3965.0,53.0,22.0,0.5992433795712484
50.0,1.0,14.0,0.6,0.1,0.6,2.0,3865.0,55.0,25.0,0.5961190168175938
50.0,1.0,15.0,0.6,0.1,0.6,2.0,3783.0,58.0,24.0,0.6005815490351573
50.0,1.0,16.0,0.6,0.1,0.6,2.0,3734.0,58.0,29.0,0.5998928762720943
50.0,1.0,17.0,0.6,0.1,0.6,2.0,3692.0,57.0,29.0,0.6031960996749729
50.0,1.0,18.0,0.6,0.1,0.6,2.0,3583.0,49.0,26.0,0.6039631593636617
50.0,1.0,19.0,0.6,0.1,0.6,2.0,3483.0,39.0,21.0,0.6069480333046224
50.0,1.0,20.0,0.6,0.1,0.6,2.0,6543.0,36.0,17.0,0.31835549442151917
50.0,1.0,21.0,0.6,0.1,0.6,2.0,6018.0,54.0,18.0,0.3255234297108674
50.0,1.0,22.0,0.6,0.1,0.6,2.0,5703.0,68.0,20.0,0.3252674031211643
50.0,1.0,23.0,0.6,0.1,0.6,2.0,5422.0,75.0,24.0,0.3321652526742899
50.0,1.0,24.0,0.6,0.1,0.6,2.0,5348.0,90.0,30.0,0.3305908750934929
50.0,1.0,25.0,0.6,0.1,0.6,2.0,5155.0,102.0,41.0,0.33462657613967023
50.0,1.0,26.0,0.6,0.1,0.6,2.0,4935.0,120.0,43.0,0.3369807497467072
50.0,1.0,27.0,0.6,0.1,0.6,2.0,4746.0,133.0,48.0,0.3392330383480826
50.0,1.0,28.0,0.6,0.1,0.6,2.0,4579.0,141.0,56.0,0.3415592924219262
50.0,1.0,29.0,0.6,0.1,0.6,2.0,4427.0,156.0,72.0,0.3440252992997515
50.0,1.0,30.0,0.6,0.1,0.6,2.0,4291.0,185.0,73.0,0.347005360055931
50.0,1.0,31.0,0.6,0.1,0.6,2.0,4100.0,196.0,76.0,0.35365853658536583
50.0,1.0,32.0,0.6,0.1,0.6,2.0,3917.0,193.0,85.0,0.3563952004084759
50.0,1.0,33.0,0.6,0.1,0.6,2.0,3743.0,213.0,95.0,0.36120758749666043
50.0,1.0,34.0,0.6,0.1,0.6,2.0,3633.0,232.0,108.0,0.3622350674373796
50.0,1.0,35.0,0.6,0.1,0.6,2.0,3472.0,242.0,103.0,0.36952764976958524
50.0,1.0,36.0,0.6,0.1,0.6,2.0,3355.0,253.0,114.0,0.3734724292101341
50.0,1.0,37.0,0.6,0.1,0.6,2.0,3200.0,246.0,121.0,0.3803125
50.0,1.0,38.0,0.6,0.1,0.6,2.0,3100.0,244.0,122.0,0.38741935483870965
50.0,1.0,39.0,0.6,0.1,0.6,2.0,2886.0,204.0,102.0,0.39501039501039503
50.0,1.0,40.0,0.6,0.1,0.6,2.0,2813.0,195.0,104.0,0.4013508709562744
50.0,1.0,41.0,0.6,0.1,0.6,2.0,2702.0,177.0,94.0,0.41043671354552186
50.0,1.0,42.0,0.6,0.1,0.6,2.0,2578.0,166.0,82.0,0.41311093871217996
50.0,1.0,43.0,0.6,0.1,0.6,2.0,2464.0,153.0,76.0,0.42410714285714285
50.0,1.0,44.0,0.6,0.1,0.6,2.0,2386.0,144.0,69.0,0.42958927074601844
50.0,1.0,45.0,0.6,0.1,0.6,2.0,2338.0,143.0,69.0,0.6629597946963216
50.0,1.0,46.0,0.6,0.1,0.6,2.0,2274.0,117.0,60.0,0.6649076517150396
50.0,1.0,47.0,0.6,0.1,0.6,2.0,2162.0,97.0,54.0,0.6734505087881592
50.0,1.0,48.0,0.6,0.1,0.6,2.0,2134.0,86.0,51.0,0.6785379568884724
50.0,1.0,49.0,0.6,0.1,0.6,2.0,2065.0,73.0,43.0,0.6808716707021791
50.0,1.0,50.0,0.6,0.1,0.6,2.0,2022.0,61.0,34.0,0.6859545004945599
50.0,1.0,51.0,0.6,0.1,0.6,2.0,1983.0,53.0,26.0,0.6888552697932425
50.0,1.0,52.0,0.6,0.1,0.6,2.0,1962.0,49.0,22.0,0.6936799184505607
50.0,2.0,1.0,0.6,0.1,0.6,2.0,1918.0,44.0,17.0,0.6934306569343066
50.0,2.0,2.0,0.6,0.1,0.6,2.0,1885.0,44.0,25.0,0.6960212201591512
50.0,2.0,3.0,0.6,0.1,0.6,2.0,1839.0,40.0,27.0,0.6965742251223491
50.0,2.0,4.0,0.6,0.1,0.6,2.0,1790.0,40.0,25.0,0.6977653631284916
50.0,2.0,5.0,0.6,0.1,0.6,2.0,1737.0,32.0,15.0,0.6989061600460564
50.0,2.0,6.0,0.6,0.1,0.6,2.0,1716.0,27.0,11.0,0.7045454545454546
50.0,2.0,7.0,0.6,0.1,0.6,2.0,1696.0,26.0,12.0,0.7028301886792453
50.0,2.0,8.0,0.6,0.1,0.6,2.0,1687.0,25.0,15.0,0.7053941908713693
50.0,2.0,9.0,0.6,0.1,0.6,2.0,1669.0,23.0,11.0,0.7052127022168964
50.0,2.0,10.0,0.6,0.1,0.6,2.0,1639.0,21.0,13.0,0.7114093959731543
50.0,2.0,11.0,0.6,0.1,0.6,2.0,1610.0,19.0,12.0,0.7111801242236024
50.0,2.0,12.0,0.6,0.1,0.6,2.0,1589.0,20.0,13.0,0.7142857142857143
50.0,2.0,13.0,0.6,0.1,0.6,2.0,1564.0,18.0,7.0,0.7122762148337596
50.0,2.0,14.0,0.6,0.1,0.6,2.0,1532.0,16.0,5.0,0.7186684073107049
50.0,2.0,15.0,0.6,0.1,0.6,2.0,1512.0,16.0,7.0,0.71494708994709
50.0,2.0,16.0,0.6,0.1,0.6,2.0,1509.0,17.0,12.0,0.7190192180251822
50.0,2.0,17.0,0.6,0.1,0.6,2.0,1489.0,20.0,12.0,0.7139019476158496
50.0,2.0,18.0,0.6,0.1,0.6,2.0,1467.0,20.0,11.0,0.7205180640763463
50.0,2.0,19.0,0.6,0.1,0.6,2.0,1431.0,18.0,7.0,0.7197763801537387
50.0,2.0,20.0,0.6,0.1,0.6,2.0,2733.0,19.0,10.0,0.3754116355653128
50.0,2.0,21.0,0.6,0.1,0.6,2.0,2564.0,27.0,7.0,0.3829953198127925
50.0,2.0,22.0,0.6,0.1,0.6,2.0,2533.0,30.0,9.0,0.3821555467824714
50.0,2.0,23.0,0.6,0.1,0.6,2.0,2449.0,33.0,12.0,0.3862801143323806
50.0,2.0,24.0,0.6,0.1,0.6,2.0,2384.0,33.0,18.0,0.38800335570469796
50.0,2.0,25.0,0.6,0.1,0.6,2.0,2311.0,40.0,18.0,0.3929035049762008
50.0,2.0,26.0,0.6,0.1,0.6,2.0,2257.0,43.0,19.0,0.3952148870181657
50.0,2.0,27.0,0.6,0.1,0.6,2.0,2170.0,40.0,13.0,0.3986175115207373
50.0,2.0,28.0,0.6,0.1,0.6,2.0,2093.0,27.0,14.0,0.39847109412326803
50.0,2.0,29.0,0.6,0.1,0.6,2.0,2040.0,25.0,10.0,0.4034313725490196
50.0,2.0,30.0,0.6,0.1,0.6,2.0,2009.0,24.0,12.0,0.3982080637132902
50.0,2.0,31.0,0.6,0.1,0.6,2.0,1986.0,26.0,10.0,0.40231621349446123
50.0,2.0,32.0,0.6,0.1,0.6,2.0,1904.0,28.0,11.0,0.4007352941176471
50.0,2.0,33.0,0.6,0.1,0.6,2.0,1799.0,20.0,10.0,0.4130072262367982
50.0,2.0,34.0,0.6,0.1,0.6,2.0,1782.0,25.0,11.0,0.4118967452300786
50.0,2.0,35.0,0.6,0.1,0.6,2.0,1717.0,23.0,8.0,0.4181712288875946
50.0,2.0,36.0,0.6,0.1,0.6,2.0,1684.0,20.0,10.0,0.4180522565320665
50.0,2.0,37.0,0.6,0.1,0.6,2.0,1644.0,26.0,11.0,0.42031630170316303
50.0,2.0,38.0,0.6,0.1,0.6,2.0,1612.0,29.0,13.0,0.42121588089330025
50.0,2.0,39.0,0.6,0.1,0.6,2.0,1548.0,26.0,13.0,0.4289405684754522
50.0,2.0,40.0,0.6,0.1,0.6,2.0,1507.0,22.0,16.0,0.4299933642999336
50.0,2.0,41.0,0.6,0.1,0.6,2.0,1457.0,20.0,14.0,0.43308167467398767
50.0,2.0,42.0,0.6,0.1,0.6,2.0,1452.0,14.0,8.0,0.43526170798898073
50.0,2.0,43.0,0.6,0.1,0.6,2.0,1396.0,11.0,7.0,0.43982808022922637
50.0,2.0,44.0,0.6,0.1,0.6,2.0,1396.0,11.0,6.0,0.4340974212034384
50.0,2.0,45.0,0.6,0.1,0.6,2.0,1373.0,9.0,7.0,0.640203932993445
50.0,2.0,46.0,0.6,0.1,0.6,2.0,1346.0,7.0,5.0,0.6448736998514116
50.0,2.0,47.0,0.6,0.1,0.6,2.0,1320.0,6.0,5.0,0.6454545454545455
50.0,2.0,48.0,0.6,0.1,0.6,2.0,1273.0,4.0,2.0,0.6488609583660644
50.0,2.0,49.0,0.6,0.1,0.6,2.0,1261.0,3.0,2.0,0.6510705789056305
50.0,2.0,50.0,0.6,0.1,0.6,2.0,1248.0,2.0,1.0,0.6514423076923077
50.0,2.0,51.0,0.6,0.1,0.6,2.0,1243.0,2.0,2.0,0.6508447304907482
50.0,2.0,52.0,0.6,0.1,0.6,2.0,1228.0,1.0,1.0,0.6514657980456026
50.0,3.0,1.0,0.6,0.1,0.6,2.0,1218.0,1.0,1.0,0.6535303776683087
50.0,3.0,2.0,0.6,0.1,0.6,2.0,1204.0,0.0,0.0,0.654485049833887
50.0,3.0,3.0,0.6,0.1,0.6,2.0,1187.0,0.0,0.0,0.6537489469250211
50.0,3.0,4.0,0.6,0.1,0.6,2.0,1170.0,0.0,0.0,0.6512820512820513
50.0,3.0,5.0,0.6,0.1,0.6,2.0,1150.0,0.0,0.0,0.6469565217391304
50.0,3.0,6.0,0.6,0.1,0.6,2.0,1140.0,0.0,0.0,0.6456140350877193
50.0,3.0,7.0,0.6,0.1,0.6,2.0,1137.0,0.0,0.0,0.6464379947229552
50.0,3.0,8.0,0.6,0.1,0.6,2.0,1130.0,0.0,0.0,0.6451327433628319
50.0,3.0,9.0,0.6,0.1,0.6,2.0,1104.0,0.0,0.0,0.6485507246376812
50.0,3.0,10.0,0.6,0.1,0.6,2.0,1094.0,0.0,0.0,0.6480804387568556
50.0,3.0,11.0,0.6,0.1,0.6,2.0,1087.0,0.0,0.0,0.6494940202391905
50.0,3.0,12.0,0.6,0.1,0.6,2.0,1081.0,0.0,0.0,0.6484736355226642
50.0,3.0,13.0,0.6,0.1,0.6,2.0,1073.0,0.0,0.0,0.6495806150978565
50.0,3.0,14.0,0.6,0.1,0.6,2.0,1056.0,0.0,0.0,0.6477272727272727
50.0,3.0,15.0,0.6,0.1,0.6,2.0,1056.0,0.0,0.0,0.6486742424242424
50.0,3.0,16.0,0.6,0.1,0.6,2.0,1027.0,0.0,0.0,0.6475170399221032
50.0,3.0,17.0,0.6,0.1,0.6,2.0,1029.0,0.0,0.0,0.6491739552964043
50.0,3.0,18.0,0.6,0.1,0.6,2.0,1007.0,0.0,0.0,0.6514399205561072
50.0,3.0,19.0,0.6,0.1,0.6,2.0,1023.0,0.0,0.0,0.6471163245356794
50.0,3.0,20.0,0.6,0.1,0.6,2.0,1856.0,0.0,0.0,0.35183189655172414
50.0,3.0,21.0,0.6,0.1,0.6,2.0,1788.0,0.0,0.0,0.3573825503355705
50.0,3.0,22.0,0.6,0.1,0.6,2.0,1669.0,0.0,0.0,0.36249251048532055
50.0,3.0,23.0,0.6,0.1,0.6,2.0,1631.0,0.0,0.0,0.3623543838136113
50.0,3.0,24.0,0.6,0.1,0.6,2.0,1619.0,0.0,0.0,0.36009882643607166
50.0,3.0,25.0,0.6,0.1,0.6,2.0,1598.0,0.0,0.0,0.3573216520650814
50.0,3.0,26.0,0.6,0.1,0.6,2.0,1524.0,0.0,0.0,0.36220472440944884
50.0,3.0,27.0,0.6,0.1,0.6,2.0,1472.0,0.0,0.0,0.36752717391304346
50.0,3.0,28.0,0.6,0.1,0.6,2.0,1431.0,0.0,0.0,0.3668763102725367
50.0,3.0,29.0,0.6,0.1,0.6,2.0,1389.0,0.0,0.0,0.37077033837293016
50.0,3.0,30.0,0.6,0.1,0.6,2.0,1368.0,0.0,0.0,0.3713450292397661
50.0,3.0,31.0,0.6,0.1,0.6,2.0,1328.0,0.0,0.0,0.37349397590361444
50.0,3.0,32.0,0.6,0.1,0.6,2.0,1329.0,0.0,0.0,0.3724604966139955
50.0,3.0,33.0,0.6,0.1,0.6,2.0,1295.0,0.0,0.0,0.37374517374517374
50.0,3.0,34.0,0.6,0.1,0.6,2.0,1250.0,0.0,0.0,0.3728
50.0,3.0,35.0,0.6,0.1,0.6,2.0,1193.0,0.0,0.0,0.3755238893545683
50.0,3.0,36.0,0.6,0.1,0.6,2.0,1159.0,0.0,0.0,0.3770491803278688
50.0,3.0,37.0,0.6,0.1,0.6,2.0,1155.0,0.0,0.0,0.37402597402597404
50.0,3.0,38.0,0.6,0.1,0.6,2.0,1099.0,0.0,0.0,0.3848953594176524
50.0,3.0,39.0,0.6,0.1,0.6,2.0,1100.0,0.0,0.0,0.3809090909090909
50.0,3.0,40.0,0.6,0.1,0.6,2.0,1061.0,0.0,0.0,0.3826578699340245
50.0,3.0,41.0,0.6,0.1,0.6,2.0,1051.0,0.0,0.0,0.3786869647954329
50.0,3.0,42.0,0.6,0.1,0.6,2.0,1021.0,0.0,0.0,0.37414299706170423
50.0,3.0,43.0,0.6,0.1,0.6,2.0,1008.0,0.0,0.0,0.3759920634920635
50.0,3.0,44.0,0.6,0.1,0.6,2.0,975.0,0.0,0.0,0.37538461538461537
50.0,3.0,45.0,0.6,0.1,0.6,2.0,933.0,0.0,0.0,0.6430868167202572
50.0,3.0,46.0,0.6,0.1,0.6,2.0,923.0,0.0,0.0,0.6392199349945829
50.0,3.0,47.0,0.6,0.1,0.6,2.0,917.0,0.0,0.0,0.6444929116684842
50.0,3.0,48.0,0.6,0.1,0.6,2.0,904.0,0.0,0.0,0.6382743362831859
50.0,3.0,49.0,0.6,0.1,0.6,2.0,908.0,0.0,0.0,0.6420704845814978
50.0,3.0,50.0,0.6,0.1,0.6,2.0,889.0,0.0,0.0,0.6377952755905512
50.0,3.0,51.0,0.6,0.1,0.6,2.0,882.0,0.0,0.0,0.6485260770975056
50.0,3.0,52.0,0.6,0.1,0.6,2.0,866.0,0.0,0.0,0.6420323325635104
50.0,4.0,1.0,0.6,0.1,0.6,2.0,872.0,0.0,0.0,0.643348623853211
50.0,4.0,2.0,0.6,0.1,0.6,2.0,857.0,0.0,0.0,0.6429404900816803
50.0,4.0,3.0,0.6,0.1,0.6,2.0,858.0,0.0,0.0,0.6491841491841492
50.0,4.0,4.0,0.6,0.1,0.6,2.0,846.0,0.0,0.0,0.6453900709219859
50.0,4.0,5.0,0.6,0.1,0.6,2.0,849.0,0.0,0.0,0.6501766784452296
50.0,4.0,6.0,0.6,0.1,0.6,2.0,831.0,0.0,0.0,0.6450060168471721
50.0,4.0,7.0,0.6,0.1,0.6,2.0,836.0,0.0,0.0,0.6483253588516746
50.0,4.0,8.0,0.6,0.1,0.6,2.0,812.0,0.0,0.0,0.645320197044335
50.0,4.0,9.0,0.6,0.1,0.6,2.0,823.0,0.0,0.0,0.6500607533414338
50.0,4.0,10.0,0.6,0.1,0.6,2.0,792.0,0.0,0.0,0.6477272727272727
50.0,4.0,11.0,0.6,0.1,0.6,2.0,810.0,0.0,0.0,0.6518518518518519
50.0,4.0,12.0,0.6,0.1,0.6,2.0,786.0,0.0,0.0,0.6450381679389313
50.0,4.0,13.0,0.6,0.1,0.6,2.0,789.0,0.0,0.0,0.6565272496831432
50.0,4.0,14.0,0.6,0.1,0.6,2.0,768.0,0.0,0.0,0.6471354166666666
50.0,4.0,15.0,0.6,0.1,0.6,2.0,787.0,0.0,0.0,0.6531130876747141
50.0,4.0,16.0,0.6,0.1,0.6,2.0,764.0,0.0,0.0,0.6452879581151832
50.0,4.0,17.0,0.6,0.1,0.6,2.0,782.0,0.0,0.0,0.6560102301790282
50.0,4.0,18.0,0.6,0.1,0.6,2.0,758.0,0.0,0.0,0.6437994722955145
50.0,4.0,19.0,0.6,0.1,0.6,2.0,775.0,0.0,0.0,0.6541935483870968
50.0,4.0,20.0,0.6,0.1,0.6,2.0,1392.0,0.0,0.0,0.34913793103448276
50.0,4.0,21.0,0.6,0.1,0.6,2.0,1381.0,0.0,0.0,0.3577118030412744
50.0,4.0,22.0,0.6,0.1,0.6,2.0,1274.0,0.0,0.0,0.3532182103610675
50.0,4.0,23.0,0.6,0.1,0.6,2.0,1249.0,0.0,0.0,0.36188951160928745
50.0,4.0,24.0,0.6,0.1,0.6,2.0,1249.0,0.0,0.0,0.3546837469975981
50.0,4.0,25.0,0.6,0.1,0.6,2.0,1233.0,0.0,0.0,0.36253041362530414
50.0,4.0,26.0,0.6,0.1,0.6,2.0,1224.0,0.0,0.0,0.35375816993464054
50.0,4.0,27.0,0.6,0.1,0.6,2.0,1171.0,0.0,0.0,0.3595217762596072
50.0,4.0,28.0,0.6,0.1,0.6,2.0,1158.0,0.0,0.0,0.3549222797927461
50.0,4.0,29.0,0.6,0.1,0.6,2.0,1154.0,0.0,0.0,0.3596187175043328
50.0,4.0,30.0,0.6,0.1,0.6,2.0,1094.0,0.0,0.0,0.36288848263254114
50.0,4.0,31.0,0.6,0.1,0.6,2.0,1089.0,0.0,0.0,0.3691460055096419
50.0,4.0,32.0,0.6,0.1,0.6,2.0,1070.0,0.0,0.0,0.3663551401869159
50.0,4.0,33.0,0.6,0.1,0.6,2.0,1035.0,0.0,0.0,0.37777777777777777
50.0,4.0,34.0,0.6,0.1,0.6,2.0,1013.0,0.0,0.0,0.3751233958538993
50.0,4.0,35.0,0.6,0.1,0.6,2.0,1006.0,0.0,0.0,0.37673956262425445
50.0,4.0,36.0,0.6,0.1,0.6,2.0,984.0,0.0,0.0,0.37398373983739835
50.0,4.0,37.0,0.6,0.1,0.6,2.0,962.0,0.0,0.0,0.3762993762993763
50.0,4.0,38.0,0.6,0.1,0.6,2.0,974.0,0.0,0.0,0.37679671457905545
50.0,4.0,39.0,0.6,0.1,0.6,2.0,957.0,0.0,0.0,0.38140020898641586
50.0,4.0,40.0,0.6,0.1,0.6,2.0,923.0,0.0,0.0,0.38353196099674974
50.0,4.0,41.0,0.6,0.1,0.6,2.0,900.0,0.0,0.0,0.38666666666666666
50.0,4.0,42.0,0.6,0.1,0.6,2.0,888.0,0.0,0.0,0.38513513513513514
50.0,4.0,43.0,0.6,0.1,0.6,2.0,873.0,0.0,0.0,0.39060710194730813
50.0,4.0,44.0,0.6,0.1,0.6,2.0,867.0,0.0,0.0,0.38523644752018454
50.0,4.0,45.0,0.6,0.1,0.6,2.0,847.0,0.0,0.0,0.6080283353010626
50.0,4.0,46.0,0.6,0.1,0.6,2.0,850.0,0.0,0.0,0.611764705882353
50.0,4.0,47.0,0.6,0.1,0.6,2.0,838.0,0.0,0.0,0.6085918854415274
50.0,4.0,48.0,0.6,0.1,0.6,2.0,829.0,0.0,0.0,0.6151990349819059
50.0,4.0,49.0,0.6,0.1,0.6,2.0,813.0,0.0,0.0,0.6100861008610086
50.0,4.0,50.0,0.6,0.1,0.6,2.0,815.0,0.0,0.0,0.6196319018404908
50.0,4.0,51.0,0.6,0.1,0.6,2.0,800.0,0.0,0.0,0.61625
50.0,4.0,52.0,0.6,0.1,0.6,2.0,802.0,0.0,0.0,0.6197007481296758
50.0,5.0,1.0,0.6,0.1,0.6,2.0,796.0,0.0,0.0,0.614321608040201
50.0,5.0,2.0,0.6,0.1,0.6,2.0,794.0,0.0,0.0,0.6209068010075567
50.0,5.0,3.0,0.6,0.1,0.6,2.0,786.0,0.0,0.0,0.6170483460559797
50.0,5.0,4.0,0.6,0.1,0.6,2.0,784.0,0.0,0.0,0.6211734693877551
50.0,5.0,5.0,0.6,0.1,0.6,2.0,763.0,0.0,0.0,0.617300131061599
50.0,5.0,6.0,0.6,0.1,0.6,2.0,770.0,0.0,0.0,0.6220779220779221
50.0,5.0,7.0,0.6,0.1,0.6,2.0,746.0,0.0,0.0,0.6193029490616622
50.0,5.0,8.0,0.6,0.1,0.6,2.0,736.0,0.0,0.0,0.6290760869565217
50.0,5.0,9.0,0.6,0.1,0.6,2.0,742.0,0.0,0.0,0.6199460916442049
50.0,5.0,10.0,0.6,0.1,0.6,2.0,726.0,0.0,0.0,0.6294765840220385
50.0,5.0,11.0,0.6,0.1,0.6,2.0,733.0,0.0,0.0,0.6207366984993179
50.0,5.0,12.0,0.6,0.1,0.6,2.0,717.0,0.0,0.0,0.6304044630404463
50.0,5.0,13.0,0.6,0.1,0.6,2.0,713.0,0.0,0.0,0.6241234221598878
50.0,5.0,14.0,0.6,0.1,0.6,2.0,717.0,0.0,0.0,0.6304044630404463
50.0,5.0,15.0,0.6,0.1,0.6,2.0,712.0,0.0,0.0,0.6235955056179775
50.0,5.0,16.0,0.6,0.1,0.6,2.0,707.0,0.0,0.0,0.6336633663366337
50.0,5.0,17.0,0.6,0.1,0.6,2.0,711.0,0.0,0.0,0.6244725738396625
50.0,5.0,18.0,0.6,0.1,0.6,2.0,695.0,0.0,0.0,0.6330935251798561
50.0,5.0,19.0,0.6,0.1,0.6,2.0,694.0,0.0,0.0,0.6282420749279539
50.0,5.0,20.0,0.6,0.1,0.6,2.0,1221.0,0.0,0.0,0.35872235872235875
50.0,5.0,21.0,0.6,0.1,0.6,2.0,1198.0,0.0,0.0,0.3547579298831386
50.0,5.0,22.0,0.6,0.1,0.6,2.0,1182.0,0.0,0.0,0.3587140439932318
50.0,5.0,23.0,0.6,0.1,0.6,2.0,1137.0,0.0,0.0,0.35883905013192613
50.0,5.0,24.0,0.6,0.1,0.6,2.0,1126.0,0.0,0.0,0.3605683836589698
50.0,5.0,25.0,0.6,0.1,0.6,2.0,1070.0,0.0,0.0,0.36074766355140186
50.0,5.0,26.0,0.6,0.1,0.6,2.0,1069.0,0.0,0.0,0.3676333021515435
50.0,5.0,27.0,0.6,0.1,0.6,2.0,1035.0,0.0,0.0,0.3671497584541063
50.0,5.0,28.0,0.6,0.1,0.6,2.0,1051.0,0.0,0.0,0.37107516650808753
50.0,5.0,29.0,0.6,0.1,0.6,2.0,1018.0,0.0,0.0,0.36836935166994106
50.0,5.0,30.0,0.6,0.1,0.6,2.0,1015.0,0.0,0.0,0.37142857142857144
50.0,5.0,31.0,0.6,0.1,0.6,2.0,1011.0,0.0,0.0,0.3669634025717112
50.0,5.0,32.0,0.6,0.1,0.6,2.0,994.0,0.0,0.0,0.369215291750503
50.0,5.0,33.0,0.6,0.1,0.6,2.0,965.0,0.0,0.0,0.36683937823834195
50.0,5.0,34.0,0.6,0.1,0.6,2.0,966.0,0.0,0.0,0.36749482401656314
50.0,5.0,35.0,0.6,0.1,0.6,2.0,951.0,0.0,0.0,0.3659305993690852
50.0,5.0,36.0,0.6,0.1,0.6,2.0,956.0,0.0,0.0,0.36715481171548114
50.0,5.0,37.0,0.6,0.1,0.6,2.0,918.0,0.0,0.0,0.3660130718954248
50.0,5.0,38.0,0.6,0.1,0.6,2.0,926.0,0.0,0.0,0.36825053995680346
50.0,5.0,39.0,0.6,0.1,0.6,2.0,908.0,0.0,0.0,0.3645374449339207
50.0,5.0,40.0,0.6,0.1,0.6,2.0,909.0,0.0,0.0,0.3696369636963696
50.0,5.0,41.0,0.6,0.1,0.6,2.0,901.0,0.0,0.0,0.3662597114317425
50.0,5.0,42.0,0.6,0.1,0.6,2.0,908.0,0.0,0.0,0.368942731277533
50.0,5.0,43.0,0.6,0.1,0.6,2.0,888.0,0.0,0.0,0.36936936936936937
50.0,5.0,44.0,0.6,0.1,0.6,2.0,893.0,0.0,0.0,0.3717805151175812
50.0,5.0,45.0,0.6,0.1,0.6,2.0,889.0,0.0,0.0,0.6164229471316085
50.0,5.0,46.0,0.6,0.1,0.6,2.0,877.0,0.0,0.0,0.6180159635119726
50.0,5.0,47.0,0.6,0.1,0.6,2.0,842.0,0.0,0.0,0.6163895486935868
50.0,5.0,48.0,0.6,0.1,0.6,2.0,832.0,0.0,0.0,0.6177884615384616
50.0,5.0,49.0,0.6,0.1,0.6,2.0,825.0,0.0,0.0,0.6145454545454545
50.0,5.0,50.0,0.6,0.1,0.6,2.0,827.0,0.0,0.0,0.619105199516324
50.0,5.0,51.0,0.6,0.1,0.6,2.0,815.0,0.0,0.0,0.6171779141104294
50.0,5.0,52.0,0.6,0.1,0.6,2.0,810.0,0.0,0.0,0.6197530864197531
50.0,6.0,1.0,0.6,0.1,0.6,2.0,794.0,0.0,0.0,0.6259445843828715
50.0,6.0,2.0,0.6,0.1,0.6,2.0,791.0,0.0,0.0,0.629582806573957
50.0,6.0,3.0,0.6,0.1,0.6,2.0,776.0,0.0,0.0,0.6314432989690721
50.0,6.0,4.0,0.6,0.1,0.6,2.0,776.0,0.0,0.0,0.6365979381443299
50.0,6.0,5.0,0.6,0.1,0.6,2.0,761.0,0.0,0.0,0.6386333771353482
50.0,6.0,6.0,0.6,0.1,0.6,2.0,762.0,0.0,0.0,0.6430446194225722
50.0,6.0,7.0,0.6,0.1,0.6,2.0,760.0,0.0,0.0,0.6394736842105263
50.0,6.0,8.0,0.6,0.1,0.6,2.0,761.0,0.0,0.0,0.6438896189224704
50.0,6.0,9.0,0.6,0.1,0.6,2.0,756.0,0.0,0.0,0.6402116402116402
50.0,6.0,10.0,0.6,0.1,0.6,2.0,754.0,0.0,0.0,0.6445623342175066
50.0,6.0,11.0,0.6,0.1,0.6,2.0,746.0,0.0,0.0,0.6420911528150134
50.0,6.0,12.0,0.6,0.1,0.6,2.0,748.0,0.0,0.0,0.643048128342246
50.0,6.0,13.0,0.6,0.1,0.6,2.0,740.0,0.0,0.0,0.6405405405405405
50.0,6.0,14.0,0.6,0.1,0.6,2.0,746.0,0.0,0.0,0.6420911528150134
50.0,6.0,15.0,0.6,0.1,0.6,2.0,738.0,0.0,0.0,0.6409214092140921
50.0,6.0,16.0,0.6,0.1,0.6,2.0,744.0,0.0,0.0,0.6411290322580645
50.0,6.0,17.0,0.6,0.1,0.6,2.0,738.0,0.0,0.0,0.6395663956639567
50.0,6.0,18.0,0.6,0.1,0.6,2.0,741.0,0.0,0.0,0.6423751686909581
50.0,6.0,19.0,0.6,0.1,0.6,2.0,739.0,0.0,0.0,0.638700947225981
50.0,6.0,20.0,0.6,0.1,0.6,2.0,1324.0,0.0,0.0,0.36027190332326287
50.0,6.0,21.0,0.6,0.1,0.6,2.0,1286.0,0.0,0.0,0.3608087091757387
50.0,6.0,22.0,0.6,0.1,0.6,2.0,1283.0,0.0,0.0,0.36477007014809043
50.0,6.0,23.0,0.6,0.1,0.6,2.0,1228.0,0.0,0.0,0.36319218241042345
50.0,6.0,24.0,0.6,0.1,0.6,2.0,1200.0,0.0,0.0,0.36333333333333334
50.0,6.0,25.0,0.6,0.1,0.6,2.0,1171.0,0.0,0.0,0.35866780529462
50.0,6.0,26.0,0.6,0.1,0.6,2.0,1120.0,0.0,0.0,0.37142857142857144
50.0,6.0,27.0,0.6,0.1,0.6,2.0,1099.0,0.0,0.0,0.3721565059144677
50.0,6.0,28.0,0.6,0.1,0.6,2.0,1080.0,0.0,0.0,0.37777777777777777
50.0,6.0,29.0,0.6,0.1,0.6,2.0,1072.0,0.0,0.0,0.375
50.0,6.0,30.0,0.6,0.1,0.6,2.0,1057.0,0.0,0.0,0.37559129612109743
50.0,6.0,31.0,0.6,0.1,0.6,2.0,1012.0,0.0,0.0,0.37549407114624506
50.0,6.0,32.0,0.6,0.1,0.6,2.0,997.0,0.0,0.0,0.3811434302908726
50.0,6.0,33.0,0.6,0.1,0.6,2.0,992.0,0.0,0.0,0.37701612903225806
50.0,6.0,34.0,0.6,0.1,0.6,2.0,969.0,0.0,0.0,0.38080495356037153
50.0,6.0,35.0,0.6,0.1,0.6,2.0,952.0,0.0,0.0,0.37815126050420167
50.0,6.0,36.0,0.6,0.1,0.6,2.0,938.0,0.0,0.0,0.38486140724946694
50.0,6.0,37.0,0.6,0.1,0.6,2.0,951.0,0.0,0.0,0.3774973711882229
50.0,6.0,38.0,0.6,0.1,0.6,2.0,917.0,0.0,0.0,0.3893129770992366
50.0,6.0,39.0,0.6,0.1,0.6,2.0,914.0,0.0,0.0,0.3851203501094092
50.0,6.0,40.0,0.6,0.1,0.6,2.0,905.0,0.0,0.0,0.39226519337016574
50.0,6.0,41.0,0.6,0.1,0.6,2.0,896.0,0.0,0.0,0.38950892857142855
50.0,6.0,42.0,0.6,0.1,0.6,2.0,880.0,0.0,0.0,0.4
50.0,6.0,43.0,0.6,0.1,0.6,2.0,884.0,0.0,0.0,0.3936651583710407
50.0,6.0,44.0,0.6,0.1,0.6,2.0,854.0,0.0,0.0,0.40398126463700235
50.0,6.0,45.0,0.6,0.1,0.6,2.0,832.0,0.0,0.0,0.6189903846153846
50.0,6.0,46.0,0.6,0.1,0.6,2.0,826.0,0.0,0.0,0.6234866828087167
50.0,6.0,47.0,0.6,0.1,0.6,2.0,826.0,0.0,0.0,0.6186440677966102
50.0,6.0,48.0,0.6,0.1,0.6,2.0,798.0,0.0,0.0,0.6203007518796992
50.0,6.0,49.0,0.6,0.1,0.6,2.0,791.0,0.0,0.0,0.6245259165613148
50.0,6.0,50.0,0.6,0.1,0.6,2.0,790.0,0.0,0.0,0.620253164556962
50.0,6.0,51.0,0.6,0.1,0.6,2.0,786.0,0.0,0.0,0.6221374045801527
50.0,6.0,52.0,0.6,0.1,0.6,2.0,783.0,0.0,0.0,0.6219667943805874
50.0,7.0,1.0,0.6,0.1,0.6,2.0,777.0,0.0,0.0,0.6241956241956242
50.0,7.0,2.0,0.6,0.1,0.6,2.0,777.0,0.0,0.0,0.6203346203346203
50.0,7.0,3.0,0.6,0.1,0.6,2.0,775.0,0.0,0.0,0.6193548387096774
50.0,7.0,4.0,0.6,0.1,0.6,2.0,757.0,0.0,0.0,0.618229854689564
50.0,7.0,5.0,0.6,0.1,0.6,2.0,761.0,0.0,0.0,0.6162943495400789
50.0,7.0,6.0,0.6,0.1,0.6,2.0,754.0,0.0,0.0,0.6180371352785146
50.0,7.0,7.0,0.6,0.1,0.6,2.0,755.0,0.0,0.0,0.6158940397350994
50.0,7.0,8.0,0.6,0.1,0.6,2.0,749.0,0.0,0.0,0.6181575433911882
50.0,7.0,9.0,0.6,0.1,0.6,2.0,734.0,0.0,0.0,0.6198910081743869
50.0,7.0,10.0,0.6,0.1,0.6,2.0,726.0,0.0,0.0,0.6239669421487604
50.0,7.0,11.0,0.6,0.1,0.6,2.0,726.0,0.0,0.0,0.6239669421487604
50.0,7.0,12.0,0.6,0.1,0.6,2.0,724.0,0.0,0.0,0.6229281767955801
50.0,7.0,13.0,0.6,0.1,0.6,2.0,722.0,0.0,0.0,0.6232686980609419
50.0,7.0,14.0,0.6,0.1,0.6,2.0,710.0,0.0,0.0,0.6253521126760564
50.0,7.0,15.0,0.6,0.1,0.6,2.0,715.0,0.0,0.0,0.6223776223776224
50.0,7.0,16.0,0.6,0.1,0.6,2.0,706.0,0.0,0.0,0.6274787535410765
50.0,7.0,17.0,0.6,0.1,0.6,2.0,709.0,0.0,0.0,0.6234132581100141
50.0,7.0,18.0,0.6,0.1,0.6,2.0,704.0,0.0,0.0,0.625
50.0,7.0,19.0,0.6,0.1,0.6,2.0,708.0,0.0,0.0,0.6214689265536724
50.0,7.0,20.0,0.6,0.1,0.6,2.0,1223.0,0.0,0.0,0.3597710547833197
50.0,7.0,21.0,0.6,0.1,0.6,2.0,1230.0,0.0,0.0,0.35772357723577236
50.0,7.0,22.0,0.6,0.1,0.6,2.0,1178.0,0.0,0.0,0.36502546689303905
50.0,7.0,23.0,0.6,0.1,0.6,2.0,1168.0,0.0,0.0,0.3655821917808219
50.0,7.0,24.0,0.6,0.1,0.6,2.0,1144.0,0.0,0.0,0.3723776223776224
50.0,7.0,25.0,0.6,0.1,0.6,2.0,1139.0,0.0,0.0,0.36962247585601404
50.0,7.0,26.0,0.6,0.1,0.6,2.0,1082.0,0.0,0.0,0.3789279112754159
50.0,7.0,27.0,0.6,0.1,0.6,2.0,1078.0,0.0,0.0,0.37291280148423006
50.0,7.0,28.0,0.6,0.1,0.6,2.0,1077.0,0.0,0.0,0.37418755803156917
50.0,7.0,29.0,0.6,0.1,0.6,2.0,1057.0,0.0,0.0,0.37653736991485337
50.0,7.0,30.0,0.6,0.1,0.6,2.0,1037.0,0.0,0.0,0.381870781099325
50.0,7.0,31.0,0.6,0.1,0.6,2.0,1016.0,0.0,0.0,0.3779527559055118
50.0,7.0,32.0,0.6,0.1,0.6,2.0,1001.0,0.0,0.0,0.3826173826173826
50.0,7.0,33.0,0.6,0.1,0.6,2.0,979.0,0.0,0.0,0.3840653728294178
50.0,7.0,34.0,0.6,0.1,0.6,2.0,972.0,0.0,0.0,0.38580246913580246
50.0,7.0,35.0,0.6,0.1,0.6,2.0,976.0,0.0,0.0,0.3831967213114754
50.0,7.0,36.0,0.6,0.1,0.6,2.0,962.0,0.0,0.0,0.3887733887733888
50.0,7.0,37.0,0.6,0.1,0.6,2.0,976.0,0.0,0.0,0.3831967213114754
50.0,7.0,38.0,0.6,0.1,0.6,2.0,960.0,0.0,0.0,0.38958333333333334
50.0,7.0,39.0,0.6,0.1,0.6,2.0,959.0,0.0,0.0,0.38373305526590196
50.0,7.0,40.0,0.6,0.1,0.6,2.0,895.0,0.0,0.0,0.394413407821229
50.0,7.0,41.0,0.6,0.1,0.6,2.0,913.0,0.0,0.0,0.38663745892661555
50.0,7.0,42.0,0.6,0.1,0.6,2.0,870.0,0.0,0.0,0.3873563218390805
50.0,7.0,43.0,0.6,0.1,0.6,2.0,876.0,0.0,0.0,0.3858447488584475
50.0,7.0,44.0,0.6,0.1,0.6,2.0,851.0,0.0,0.0,0.391304347826087
50.0,7.0,45.0,0.6,0.1,0.6,2.0,848.0,0.0,0.0,0.6273584905660378
50.0,7.0,46.0,0.6,0.1,0.6,2.0,823.0,0.0,0.0,0.6245443499392467
50.0,7.0,47.0,0.6,0.1,0.6,2.0,837.0,0.0,0.0,0.6284348864994026
50.0,7.0,48.0,0.6,0.1,0.6,2.0,808.0,0.0,0.0,0.625
50.0,7.0,49.0,0.6,0.1,0.6,2.0,785.0,0.0,0.0,0.6292993630573248
50.0,7.0,50.0,0.6,0.1,0.6,2.0,762.0,0.0,0.0,0.6272965879265092
50.0,7.0,51.0,0.6,0.1,0.6,2.0,768.0,0.0,0.0,0.6302083333333334
50.0,7.0,52.0,0.6,0.1,0.6,2.0,749.0,0.0,0.0,0.6248331108144193
50.0,8.0,1.0,0.6,0.1,0.6,2.0,765.0,0.0,0.0,0.6326797385620915
50.0,8.0,2.0,0.6,0.1,0.6,2.0,749.0,0.0,0.0,0.6261682242990654
50.0,8.0,3.0,0.6,0.1,0.6,2.0,766.0,0.0,0.0,0.6318537859007833
50.0,8.0,4.0,0.6,0.1,0.6,2.0,746.0,0.0,0.0,0.6273458445040214
50.0,8.0,5.0,0.6,0.1,0.6,2.0,751.0,0.0,0.0,0.6338215712383488
50.0,8.0,6.0,0.6,0.1,0.6,2.0,732.0,0.0,0.0,0.6297814207650273
50.0,8.0,7.0,0.6,0.1,0.6,2.0,748.0,0.0,0.0,0.6336898395721925
50.0,8.0,8.0,0.6,0.1,0.6,2.0,724.0,0.0,0.0,0.6325966850828729
50.0,8.0,9.0,0.6,0.1,0.6,2.0,746.0,0.0,0.0,0.6327077747989276
50.0,8.0,10.0,0.6,0.1,0.6,2.0,727.0,0.0,0.0,0.6341127922971114
50.0,8.0,11.0,0.6,0.1,0.6,2.0,740.0,0.0,0.0,0.6351351351351351
50.0,8.0,12.0,0.6,0.1,0.6,2.0,726.0,0.0,0.0,0.6349862258953168
50.0,8.0,13.0,0.6,0.1,0.6,2.0,739.0,0.0,0.0,0.6359945872801083
50.0,8.0,14.0,0.6,0.1,0.6,2.0,725.0,0.0,0.0,0.6358620689655172
50.0,8.0,15.0,0.6,0.1,0.6,2.0,738.0,0.0,0.0,0.6368563685636857
50.0,8.0,16.0,0.6,0.1,0.6,2.0,723.0,0.0,0.0,0.636237897648686
50.0,8.0,17.0,0.6,0.1,0.6,2.0,739.0,0.0,0.0,0.6359945872801083
50.0,8.0,18.0,0.6,0.1,0.6,2.0,720.0,0.0,0.0,0.6375
50.0,8.0,19.0,0.6,0.1,0.6,2.0,725.0,0.0,0.0,0.6386206896551724
50.0,8.0,20.0,0.6,0.1,0.6,2.0,1218.0,0.0,0.0,0.3735632183908046
50.0,8.0,21.0,0.6,0.1,0.6,2.0,1202.0,0.0,0.0,0.37104825291181365
50.0,8.0,22.0,0.6,0.1,0.6,2.0,1128.0,0.0,0.0,0.38120567375886527
50.0,8.0,23.0,0.6,0.1,0.6,2.0,1092.0,0.0,0.0,0.3836996336996337
50.0,8.0,24.0,0.6,0.1,0.6,2.0,1042.0,0.0,0.0,0.3896353166986564
50.0,8.0,25.0,0.6,0.1,0.6,2.0,1038.0,0.0,0.0,0.3901734104046243
50.0,8.0,26.0,0.6,0.1,0.6,2.0,1014.0,0.0,0.0,0.39349112426035504
50.0,8.0,27.0,0.6,0.1,0.6,2.0,1031.0,0.0,0.0,0.3918525703200776
50.0,8.0,28.0,0.6,0.1,0.6,2.0,1023.0,0.0,0.0,0.3919843597262952
50.0,8.0,29.0,0.6,0.1,0.6,2.0,1004.0,0.0,0.0,0.39143426294820716
50.0,8.0,30.0,0.6,0.1,0.6,2.0,1006.0,0.0,0.0,0.38966202783300197
50.0,8.0,31.0,0.6,0.1,0.6,2.0,1010.0,0.0,0.0,0.3900990099009901
50.0,8.0,32.0,0.6,0.1,0.6,2.0,1004.0,0.0,0.0,0.3894422310756972
50.0,8.0,33.0,0.6,0.1,0.6,2.0,1004.0,0.0,0.0,0.3904382470119522
50.0,8.0,34.0,0.6,0.1,0.6,2.0,968.0,0.0,0.0,0.39462809917355374
50.0,8.0,35.0,0.6,0.1,0.6,2.0,960.0,0.0,0.0,0.39791666666666664
50.0,8.0,36.0,0.6,0.1,0.6,2.0,921.0,0.0,0.0,0.4017372421281216
50.0,8.0,37.0,0.6,0.1,0.6,2.0,945.0,0.0,0.0,0.40105820105820106
50.0,8.0,38.0,0.6,0.1,0.6,2.0,925.0,0.0,0.0,0.4010810810810811
50.0,8.0,39.0,0.6,0.1,0.6,2.0,948.0,0.0,0.0,0.3987341772151899
50.0,8.0,40.0,0.6,0.1,0.6,2.0,928.0,0.0,0.0,0.40086206896551724
50.0,8.0,41.0,0.6,0.1,0.6,2.0,929.0,0.0,0.0,0.4025834230355221
50.0,8.0,42.0,0.6,0.1,0.6,2.0,910.0,0.0,0.0,0.4043956043956044
50.0,8.0,43.0,0.6,0.1,0.6,2.0,911.0,0.0,0.0,0.40504939626783754
50.0,8.0,44.0,0.6,0.1,0.6,2.0,899.0,0.0,0.0,0.40489432703003336
50.0,8.0,45.0,0.6,0.1,0.6,2.0,906.0,0.0,0.0,0.6534216335540839
50.0,8.0,46.0,0.6,0.1,0.6,2.0,884.0,0.0,0.0,0.6595022624434389
50.0,8.0,47.0,0.6,0.1,0.6,2.0,906.0,0.0,0.0,0.6534216335540839
50.0,8.0,48.0,0.6,0.1,0.6,2.0,886.0,0.0,0.0,0.6568848758465011
50.0,8.0,49.0,0.6,0.1,0.6,2.0,890.0,0.0,0.0,0.6550561797752809
50.0,8.0,50.0,0.6,0.1,0.6,2.0,873.0,0.0,0.0,0.6552119129438717
50.0,8.0,51.0,0.6,0.1,0.6,2.0,889.0,0.0,0.0,0.655793025871766
50.0,8.0,52.0,0.6,0.1,0.6,2.0,868.0,0.0,0.0,0.6555299539170507
50.0,9.0,1.0,0.6,0.1,0.6,2.0,884.0,0.0,0.0,0.6549773755656109
50.0,9.0,2.0,0.6,0.1,0.6,2.0,867.0,0.0,0.0,0.6551326412918108
50.0,9.0,3.0,0.6,0.1,0.6,2.0,884.0,0.0,0.0,0.6549773755656109
50.0,9.0,4.0,0.6,0.1,0.6,2.0,868.0,0.0,0.0,0.6566820276497696
50.0,9.0,5.0,0.6,0.1,0.6,2.0,884.0,0.0,0.0,0.6561085972850679
50.0,9.0,6.0,0.6,0.1,0.6,2.0,865.0,0.0,0.0,0.6566473988439306
50.0,9.0,7.0,0.6,0.1,0.6,2.0,883.0,0.0,0.0,0.6579841449603624
50.0,9.0,8.0,0.6,0.1,0.6,2.0,858.0,0.0,0.0,0.6561771561771562
50.0,9.0,9.0,0.6,0.1,0.6,2.0,876.0,0.0,0.0,0.658675799086758
50.0,9.0,10.0,0.6,0.1,0.6,2.0,854.0,0.0,0.0,0.65807962529274
50.0,9.0,11.0,0.6,0.1,0.6,2.0,872.0,0.0,0.0,0.658256880733945
50.0,9.0,12.0,0.6,0.1,0.6,2.0,852.0,0.0,0.0,0.6584507042253521
50.0,9.0,13.0,0.6,0.1,0.6,2.0,868.0,0.0,0.0,0.6601382488479263
50.0,9.0,14.0,0.6,0.1,0.6,2.0,855.0,0.0,0.0,0.6584795321637427
50.0,9.0,15.0,0.6,0.1,0.6,2.0,866.0,0.0,0.0,0.6593533487297921
50.0,9.0,16.0,0.6,0.1,0.6,2.0,850.0,0.0,0.0,0.6623529411764706
50.0,9.0,17.0,0.6,0.1,0.6,2.0,862.0,0.0,0.0,0.6624129930394431
50.0,9.0,18.0,0.6,0.1,0.6,2.0,847.0,0.0,0.0,0.6623376623376623
50.0,9.0,19.0,0.6,0.1,0.6,2.0,851.0,0.0,0.0,0.6603995299647474
50.0,9.0,20.0,0.6,0.1,0.6,2.0,1397.0,0.0,0.0,0.3843951324266285
50.0,9.0,21.0,0.6,0.1,0.6,2.0,1383.0,0.0,0.0,0.3839479392624729
50.0,9.0,22.0,0.6,0.1,0.6,2.0,1323.0,0.0,0.0,0.3892668178382464
50.0,9.0,23.0,0.6,0.1,0.6,2.0,1270.0,0.0,0.0,0.3937007874015748
50.0,9.0,24.0,0.6,0.1,0.6,2.0,1207.0,0.0,0.0,0.396023198011599
50.0,9.0,25.0,0.6,0.1,0.6,2.0,1173.0,0.0,0.0,0.4032395566922421
50.0,9.0,26.0,0.6,0.1,0.6,2.0,1164.0,0.0,0.0,0.4029209621993127
50.0,9.0,27.0,0.6,0.1,0.6,2.0,1179.0,0.0,0.0,0.4020356234096692
50.0,9.0,28.0,0.6,0.1,0.6,2.0,1164.0,0.0,0.0,0.4012027491408935
50.0,9.0,29.0,0.6,0.1,0.6,2.0,1136.0,0.0,0.0,0.3987676056338028
50.0,9.0,30.0,0.6,0.1,0.6,2.0,1105.0,0.0,0.0,0.39638009049773754
50.0,9.0,31.0,0.6,0.1,0.6,2.0,1104.0,0.0,0.0,0.39855072463768115
50.0,9.0,32.0,0.6,0.1,0.6,2.0,1076.0,0.0,0.0,0.3986988847583643
50.0,9.0,33.0,0.6,0.1,0.6,2.0,1072.0,0.0,0.0,0.40111940298507465
50.0,9.0,34.0,0.6,0.1,0.6,2.0,1043.0,0.0,0.0,0.40172579098753597
50.0,9.0,35.0,0.6,0.1,0.6,2.0,1053.0,0.0,0.0,0.4017094017094017
50.0,9.0,36.0,0.6,0.1,0.6,2.0,1011.0,0.0,0.0,0.4065281899109792
50.0,9.0,37.0,0.6,0.1,0.6,2.0,1029.0,0.0,0.0,0.40233236151603496
50.0,9.0,38.0,0.6,0.1,0.6,2.0,1014.0,0.0,0.0,0.40433925049309666
50.0,9.0,39.0,0.6,0.1,0.6,2.0,1032.0,0.0,0.0,0.4011627906976744
50.0,9.0,40.0,0.6,0.1,0.6,2.0,1017.0,0.0,0.0,0.40412979351032446
50.0,9.0,41.0,0.6,0.1,0.6,2.0,1032.0,0.0,0.0,0.40310077519379844
50.0,9.0,42.0,0.6,0.1,0.6,2.0,1017.0,0.0,0.0,0.4031465093411996
50.0,9.0,43.0,0.6,0.1,0.6,2.0,1026.0,0.0,0.0,0.40350877192982454
50.0,9.0,44.0,0.6,0.1,0.6,2.0,1002.0,0.0,0.0,0.405189620758483
50.0,9.0,45.0,0.6,0.1,0.6,2.0,1011.0,0.0,0.0,0.6350148367952523
50.0,9.0,46.0,0.6,0.1,0.6,2.0,1005.0,0.0,0.0,0.6388059701492538
50.0,9.0,47.0,0.6,0.1,0.6,2.0,1015.0,0.0,0.0,0.6364532019704433
50.0,9.0,48.0,0.6,0.1,0.6,2.0,971.0,0.0,0.0,0.6364572605561277
50.0,9.0,49.0,0.6,0.1,0.6,2.0,972.0,0.0,0.0,0.6358024691358025
50.0,9.0,50.0,0.6,0.1,0.6,2.0,955.0,0.0,0.0,0.6376963350785341
50.0,9.0,51.0,0.6,0.1,0.6,2.0,975.0,0.0,0.0,0.6358974358974359
50.0,9.0,52.0,0.6,0.1,0.6,2.0,950.0,0.0,0.0,0.6389473684210526
50.0,10.0,1.0,0.6,0.1,0.6,2.0,971.0,0.0,0.0,0.6385169927909372
50.0,10.0,2.0,0.6,0.1,0.6,2.0,944.0,0.0,0.0,0.6398305084745762
50.0,10.0,3.0,0.6,0.1,0.6,2.0,959.0,0.0,0.0,0.6381647549530761
50.0,10.0,4.0,0.6,0.1,0.6,2.0,936.0,0.0,0.0,0.6388888888888888
50.0,10.0,5.0,0.6,0.1,0.6,2.0,957.0,0.0,0.0,0.6363636363636364
50.0,10.0,6.0,0.6,0.1,0.6,2.0,937.0,0.0,0.0,0.6414087513340448
50.0,10.0,7.0,0.6,0.1,0.6,2.0,954.0,0.0,0.0,0.6383647798742138
50.0,10.0,8.0,0.6,0.1,0.6,2.0,935.0,0.0,0.0,0.6459893048128342
50.0,10.0,9.0,0.6,0.1,0.6,2.0,950.0,0.0,0.0,0.6431578947368422
50.0,10.0,10.0,0.6,0.1,0.6,2.0,913.0,0.0,0.0,0.651697699890471
50.0,10.0,11.0,0.6,0.1,0.6,2.0,926.0,0.0,0.0,0.6490280777537797
50.0,10.0,12.0,0.6,0.1,0.6,2.0,899.0,0.0,0.0,0.6518353726362626
50.0,10.0,13.0,0.6,0.1,0.6,2.0,897.0,0.0,0.0,0.6499442586399108
50.0,10.0,14.0,0.6,0.1,0.6,2.0,888.0,0.0,0.0,0.6542792792792793
50.0,10.0,15.0,0.6,0.1,0.6,2.0,899.0,0.0,0.0,0.6529477196885428
50.0,10.0,16.0,0.6,0.1,0.6,2.0,872.0,0.0,0.0,0.6628440366972477
50.0,10.0,17.0,0.6,0.1,0.6,2.0,874.0,0.0,0.0,0.6567505720823799
50.0,10.0,18.0,0.6,0.1,0.6,2.0,858.0,0.0,0.0,0.6631701631701632
50.0,10.0,19.0,0.6,0.1,0.6,2.0,869.0,0.0,0.0,0.6582278481012658
50.0,10.0,20.0,0.6,0.1,0.6,2.0,1479.0,0.0,0.0,0.3563218390804598
50.0,10.0,21.0,0.6,0.1,0.6,2.0,1491.0,0.0,0.0,0.3534540576794098
50.0,10.0,22.0,0.6,0.1,0.6,2.0,1407.0,0.0,0.0,0.36531627576403697
50.0,10.0,23.0,0.6,0.1,0.6,2.0,1354.0,0.0,0.0,0.3641063515509601
50.0,10.0,24.0,0.6,0.1,0.6,2.0,1300.0,0.0,0.0,0.37615384615384617
50.0,10.0,25.0,0.6,0.1,0.6,2.0,1264.0,0.0,0.0,0.379746835443038
50.0,10.0,26.0,0.6,0.1,0.6,2.0,1251.0,0.0,0.0,0.3852917665867306
50.0,10.0,27.0,0.6,0.1,0.6,2.0,1264.0,0.0,0.0,0.379746835443038
50.0,10.0,28.0,0.6,0.1,0.6,2.0,1230.0,0.0,0.0,0.3878048780487805
50.0,10.0,29.0,0.6,0.1,0.6,2.0,1251.0,0.0,0.0,0.381294964028777
50.0,10.0,30.0,0.6,0.1,0.6,2.0,1205.0,0.0,0.0,0.3883817427385892
50.0,10.0,31.0,0.6,0.1,0.6,2.0,1224.0,0.0,0.0,0.3815359477124183
50.0,10.0,32.0,0.6,0.1,0.6,2.0,1211.0,0.0,0.0,0.38810900082576383
50.0,10.0,33.0,0.6,0.1,0.6,2.0,1176.0,0.0,0.0,0.38605442176870747
50.0,10.0,34.0,0.6,0.1,0.6,2.0,1152.0,0.0,0.0,0.3949652777777778
50.0,10.0,35.0,0.6,0.1,0.6,2.0,1137.0,0.0,0.0,0.39489885664028146
50.0,10.0,36.0,0.6,0.1,0.6,2.0,1123.0,0.0,0.0,0.40071237756010686
50.0,10.0,37.0,0.6,0.1,0.6,2.0,1137.0,0.0,0.0,0.3922603342128408
50.0,10.0,38.0,0.6,0.1,0.6,2.0,1114.0,0.0,0.0,0.400359066427289
50.0,10.0,39.0,0.6,0.1,0.6,2.0,1098.0,0.0,0.0,0.39526411657559196
50.0,10.0,40.0,0.6,0.1,0.6,2.0,1060.0,0.0,0.0,0.4018867924528302
50.0,10.0,41.0,0.6,0.1,0.6,2.0,1075.0,0.0,0.0,0.3944186046511628
50.0,10.0,42.0,0.6,0.1,0.6,2.0,1040.0,0.0,0.0,0.39903846153846156
50.0,10.0,43.0,0.6,0.1,0.6,2.0,1050.0,0.0,0.0,0.39714285714285713
50.0,10.0,44.0,0.6,0.1,0.6,2.0,1020.0,0.0,0.0,0.4019607843137255
50.0,10.0,45.0,0.6,0.1,0.6,2.0,1015.0,0.0,0.0,0.6581280788177339
50.0,10.0,46.0,0.6,0.1,0.6,2.0,989.0,0.0,0.0,0.6663296258847321
50.0,10.0,47.0,0.6,0.1,0.6,2.0,999.0,0.0,0.0,0.6626626626626627
50.0,10.0,48.0,0.6,0.1,0.6,2.0,990.0,0.0,0.0,0.6636363636363637
50.0,10.0,49.0,0.6,0.1,0.6,2.0,1001.0,0.0,0.0,0.6633366633366633
50.0,10.0,50.0,0.6,0.1,0.6,2.0,987.0,0.0,0.0,0.6646403242147924
50.0,10.0,51.0,0.6,0.1,0.6,2.0,995.0,0.0,0.0,0.6663316582914572
50.0,10.0,52.0,0.6,0.1,0.6,2.0,984.0,0.0,0.0,0.6686991869918699
