rep,year,week,sero,rate,im_sero,barrier,total_pop,n_infected,n_symptomatic,actual_sero
1.0,1.0,1.0,0.3,0.1,0.8,4.0,5120.0,52.0,9.0,0.3083984375
1.0,1.0,2.0,0.3,0.1,0.8,4.0,5026.0,57.0,21.0,0.3085953044170314
1.0,1.0,3.0,0.3,0.1,0.8,4.0,4904.0,70.0,34.0,0.31015497553017946
1.0,1.0,4.0,0.3,0.1,0.8,4.0,4902.0,102.0,41.0,0.3113015095879233
1.0,1.0,5.0,0.3,0.1,0.8,4.0,4948.0,131.0,35.0,0.31063055780113175
1.0,1.0,6.0,0.3,0.1,0.8,4.0,4758.0,137.0,51.0,0.3135771332492644
1.0,1.0,7.0,0.3,0.1,0.8,4.0,4557.0,156.0,60.0,0.3146807109940751
1.0,1.0,8.0,0.3,0.1,0.8,4.0,4422.0,181.0,77.0,0.31637268204432384
1.0,1.0,9.0,0.3,0.1,0.8,4.0,4237.0,194.0,77.0,0.3169695539296672
1.0,1.0,10.0,0.3,0.1,0.8,4.0,4080.0,207.0,87.0,0.32009803921568625
1.0,1.0,11.0,0.3,0.1,0.8,4.0,3916.0,219.0,92.0,0.3225229826353422
1.0,1.0,12.0,0.3,0.1,0.8,4.0,3774.0,244.0,102.0,0.3245892951775305
1.0,1.0,13.0,0.3,0.1,0.8,4.0,3694.0,261.0,103.0,0.3275582024905252
1.0,1.0,14.0,0.3,0.1,0.8,4.0,3605.0,256.0,110.0,0.3309292649098474
1.0,1.0,15.0,0.3,0.1,0.8,4.0,3527.0,270.0,123.0,0.33512900481996033
1.0,1.0,16.0,0.3,0.1,0.8,4.0,3411.0,281.0,130.0,0.335971855760774
1.0,1.0,17.0,0.3,0.1,0.8,4.0,3336.0,276.0,134.0,0.3405275779376499
1.0,1.0,18.0,0.3,0.1,0.8,4.0,3205.0,262.0,144.0,0.34664586583463336
1.0,1.0,19.0,0.3,0.1,0.8,4.0,3153.0,258.0,141.0,0.3495084046939423
1.0,1.0,20.0,0.3,0.1,0.8,4.0,5939.0,243.0,129.0,0.18151203906381547
1.0,1.0,21.0,0.3,0.1,0.8,4.0,5402.0,303.0,110.0,0.1862273232136246
1.0,1.0,22.0,0.3,0.1,0.8,4.0,5121.0,355.0,118.0,0.19097832454598712
1.0,1.0,23.0,0.3,0.1,0.8,4.0,4944.0,397.0,146.0,0.19457928802588997
1.0,1.0,24.0,0.3,0.1,0.8,4.0,4653.0,427.0,171.0,0.19557274876423814
1.0,1.0,25.0,0.3,0.1,0.8,4.0,4450.0,459.0,200.0,0.20179775280898876
1.0,1.0,26.0,0.3,0.1,0.8,4.0,4142.0,452.0,195.0,0.20787059391598262
1.0,1.0,27.0,0.3,0.1,0.8,4.0,3943.0,463.0,198.0,0.21328937357342126
1.0,1.0,28.0,0.3,0.1,0.8,4.0,3734.0,470.0,199.0,0.21987145152651313
1.0,1.0,29.0,0.3,0.1,0.8,4.0,3604.0,478.0,210.0,0.22364039955604884
1.0,1.0,30.0,0.3,0.1,0.8,4.0,3422.0,469.0,219.0,0.22998246639392167
1.0,1.0,31.0,0.3,0.1,0.8,4.0,3234.0,458.0,218.0,0.23438466295609153
1.0,1.0,32.0,0.3,0.1,0.8,4.0,3106.0,452.0,225.0,0.24243399871217
1.0,1.0,33.0,0.3,0.1,0.8,4.0,2940.0,440.0,211.0,0.24761904761904763
1.0,1.0,34.0,0.3,0.1,0.8,4.0,2820.0,429.0,209.0,0.2581560283687943
1.0,1.0,35.0,0.3,0.1,0.8,4.0,2670.0,425.0,200.0,0.2655430711610487
1.0,1.0,36.0,0.3,0.1,0.8,4.0,2546.0,421.0,197.0,0.27611940298507465
1.0,1.0,37.0,0.3,0.1,0.8,4.0,2435.0,398.0,200.0,0.28213552361396305
1.0,1.0,38.0,0.3,0.1,0.8,4.0,2268.0,349.0,186.0,0.2932098765432099
1.0,1.0,39.0,0.3,0.1,0.8,4.0,2172.0,328.0,171.0,0.30340699815837935
1.0,1.0,40.0,0.3,0.1,0.8,4.0,2063.0,296.0,146.0,0.3179835191468735
1.0,1.0,41.0,0.3,0.1,0.8,4.0,1954.0,259.0,132.0,0.32906857727737976
1.0,1.0,42.0,0.3,0.1,0.8,4.0,1886.0,255.0,132.0,0.3372216330858961
1.0,1.0,43.0,0.3,0.1,0.8,4.0,1812.0,255.0,114.0,0.34381898454746135
1.0,1.0,44.0,0.3,0.1,0.8,4.0,1744.0,233.0,113.0,0.35493119266055045
1.0,1.0,45.0,0.3,0.1,0.8,4.0,1662.0,225.0,106.0,0.5114320096269555
1.0,1.0,46.0,0.3,0.1,0.8,4.0,1618.0,217.0,115.0,0.5160692212608158
1.0,1.0,47.0,0.3,0.1,0.8,4.0,1538.0,187.0,104.0,0.5286085825747724
1.0,1.0,48.0,0.3,0.1,0.8,4.0,1489.0,169.0,97.0,0.5352585627938213
1.0,1.0,49.0,0.3,0.1,0.8,4.0,1427.0,146.0,91.0,0.5402943237561317
1.0,1.0,50.0,0.3,0.1,0.8,4.0,1370.0,131.0,64.0,0.5496350364963504
1.0,1.0,51.0,0.3,0.1,0.8,4.0,1327.0,111.0,54.0,0.5561416729464959
1.0,1.0,52.0,0.3,0.1,0.8,4.0,1285.0,98.0,52.0,0.5618677042801556
1.0,2.0,1.0,0.3,0.1,0.8,4.0,1262.0,91.0,58.0,0.563391442155309
1.0,2.0,2.0,0.3,0.1,0.8,4.0,1235.0,77.0,55.0,0.5700404858299595
1.0,2.0,3.0,0.3,0.1,0.8,4.0,1204.0,61.0,41.0,0.5805647840531561
1.0,2.0,4.0,0.3,0.1,0.8,4.0,1180.0,48.0,30.0,0.5898305084745763
1.0,2.0,5.0,0.3,0.1,0.8,4.0,1152.0,38.0,23.0,0.5954861111111112
1.0,2.0,6.0,0.3,0.1,0.8,4.0,1135.0,32.0,17.0,0.5991189427312775
1.0,2.0,7.0,0.3,0.1,0.8,4.0,1121.0,25.0,16.0,0.6003568242640499
1.0,2.0,8.0,0.3,0.1,0.8,4.0,1096.0,16.0,10.0,0.6076642335766423
1.0,2.0,9.0,0.3,0.1,0.8,4.0,1088.0,16.0,11.0,0.6066176470588235
1.0,2.0,10.0,0.3,0.1,0.8,4.0,1075.0,10.0,6.0,0.6120930232558139
1.0,2.0,11.0,0.3,0.1,0.8,4.0,1066.0,10.0,4.0,0.6106941838649156
1.0,2.0,12.0,0.3,0.1,0.8,4.0,1056.0,8.0,4.0,0.6145833333333334
1.0,2.0,13.0,0.3,0.1,0.8,4.0,1051.0,6.0,3.0,0.6137012369172217
1.0,2.0,14.0,0.3,0.1,0.8,4.0,1041.0,6.0,4.0,0.6147934678194045
1.0,2.0,15.0,0.3,0.1,0.8,4.0,1036.0,5.0,3.0,0.611969111969112
1.0,2.0,16.0,0.3,0.1,0.8,4.0,1029.0,5.0,4.0,0.6122448979591837
1.0,2.0,17.0,0.3,0.1,0.8,4.0,1024.0,5.0,3.0,0.611328125
1.0,2.0,18.0,0.3,0.1,0.8,4.0,1013.0,4.0,2.0,0.6120434353405726
1.0,2.0,19.0,0.3,0.1,0.8,4.0,1009.0,4.0,1.0,0.6105054509415263
1.0,2.0,20.0,0.3,0.1,0.8,4.0,1856.0,4.0,2.0,0.3297413793103448
1.0,2.0,21.0,0.3,0.1,0.8,4.0,1826.0,8.0,3.0,0.3302300109529025
1.0,2.0,22.0,0.3,0.1,0.8,4.0,1784.0,7.0,2.0,0.33183856502242154
1.0,2.0,23.0,0.3,0.1,0.8,4.0,1745.0,8.0,3.0,0.3340974212034384
1.0,2.0,24.0,0.3,0.1,0.8,4.0,1716.0,9.0,2.0,0.3344988344988345
1.0,2.0,25.0,0.3,0.1,0.8,4.0,1691.0,14.0,4.0,0.3341218214074512
1.0,2.0,26.0,0.3,0.1,0.8,4.0,1666.0,13.0,6.0,0.33373349339735897
1.0,2.0,27.0,0.3,0.1,0.8,4.0,1629.0,18.0,7.0,0.33394720687538365
1.0,2.0,28.0,0.3,0.1,0.8,4.0,1563.0,18.0,10.0,0.3346129238643634
1.0,2.0,29.0,0.3,0.1,0.8,4.0,1541.0,20.0,9.0,0.3348475016223232
1.0,2.0,30.0,0.3,0.1,0.8,4.0,1542.0,22.0,10.0,0.3326848249027237
1.0,2.0,31.0,0.3,0.1,0.8,4.0,1532.0,19.0,7.0,0.33159268929503916
1.0,2.0,32.0,0.3,0.1,0.8,4.0,1484.0,20.0,7.0,0.33221024258760107
1.0,2.0,33.0,0.3,0.1,0.8,4.0,1413.0,20.0,10.0,0.3305024769992923
1.0,2.0,34.0,0.3,0.1,0.8,4.0,1372.0,23.0,12.0,0.3323615160349854
1.0,2.0,35.0,0.3,0.1,0.8,4.0,1361.0,25.0,11.0,0.33063923585598826
1.0,2.0,36.0,0.3,0.1,0.8,4.0,1316.0,20.0,8.0,0.3366261398176292
1.0,2.0,37.0,0.3,0.1,0.8,4.0,1307.0,19.0,8.0,0.33588370313695487
1.0,2.0,38.0,0.3,0.1,0.8,4.0,1292.0,19.0,7.0,0.336687306501548
1.0,2.0,39.0,0.3,0.1,0.8,4.0,1260.0,21.0,9.0,0.3396825396825397
1.0,2.0,40.0,0.3,0.1,0.8,4.0,1248.0,18.0,10.0,0.33974358974358976
1.0,2.0,41.0,0.3,0.1,0.8,4.0,1239.0,23.0,11.0,0.33736884584342214
1.0,2.0,42.0,0.3,0.1,0.8,4.0,1204.0,19.0,10.0,0.3430232558139535
1.0,2.0,43.0,0.3,0.1,0.8,4.0,1174.0,12.0,5.0,0.34497444633730834
1.0,2.0,44.0,0.3,0.1,0.8,4.0,1150.0,10.0,6.0,0.34608695652173915
1.0,2.0,45.0,0.3,0.1,0.8,4.0,1146.0,10.0,8.0,0.47731239092495636
1.0,2.0,46.0,0.3,0.1,0.8,4.0,1139.0,11.0,7.0,0.47761194029850745
1.0,2.0,47.0,0.3,0.1,0.8,4.0,1139.0,9.0,5.0,0.47761194029850745
1.0,2.0,48.0,0.3,0.1,0.8,4.0,1117.0,8.0,1.0,0.4798567591763653
1.0,2.0,49.0,0.3,0.1,0.8,4.0,1104.0,6.0,3.0,0.48007246376811596
1.0,2.0,50.0,0.3,0.1,0.8,4.0,1073.0,3.0,3.0,0.47996272134203166
1.0,2.0,51.0,0.3,0.1,0.8,4.0,1071.0,4.0,3.0,0.47992530345471524
1.0,2.0,52.0,0.3,0.1,0.8,4.0,1059.0,1.0,1.0,0.4806421152030217
1.0,3.0,1.0,0.3,0.1,0.8,4.0,1061.0,2.0,1.0,0.47973609802073514
1.0,3.0,2.0,0.3,0.1,0.8,4.0,1043.0,3.0,1.0,0.48034515819750717
1.0,3.0,3.0,0.3,0.1,0.8,4.0,1044.0,2.0,1.0,0.47988505747126436
1.0,3.0,4.0,0.3,0.1,0.8,4.0,1037.0,2.0,1.0,0.4802314368370299
1.0,3.0,5.0,0.3,0.1,0.8,4.0,1038.0,2.0,1.0,0.47784200385356457
1.0,3.0,6.0,0.3,0.1,0.8,4.0,1022.0,3.0,1.0,0.47847358121330724
1.0,3.0,7.0,0.3,0.1,0.8,4.0,1028.0,3.0,1.0,0.47568093385214005
1.0,3.0,8.0,0.3,0.1,0.8,4.0,1015.0,3.0,2.0,0.47783251231527096
1.0,3.0,9.0,0.3,0.1,0.8,4.0,1016.0,3.0,1.0,0.47834645669291337
1.0,3.0,10.0,0.3,0.1,0.8,4.0,1003.0,3.0,2.0,0.481555333998006
1.0,3.0,11.0,0.3,0.1,0.8,4.0,993.0,3.0,2.0,0.48439073514602216
1.0,3.0,12.0,0.3,0.1,0.8,4.0,986.0,2.0,1.0,0.48377281947261663
1.0,3.0,13.0,0.3,0.1,0.8,4.0,983.0,3.0,1.0,0.4832146490335707
1.0,3.0,14.0,0.3,0.1,0.8,4.0,975.0,2.0,1.0,0.48512820512820515
1.0,3.0,15.0,0.3,0.1,0.8,4.0,972.0,2.0,1.0,0.4825102880658436
1.0,3.0,16.0,0.3,0.1,0.8,4.0,959.0,2.0,2.0,0.48383733055265904
1.0,3.0,17.0,0.3,0.1,0.8,4.0,958.0,1.0,1.0,0.4822546972860125
1.0,3.0,18.0,0.3,0.1,0.8,4.0,953.0,1.0,1.0,0.4826862539349423
1.0,3.0,19.0,0.3,0.1,0.8,4.0,949.0,0.0,0.0,0.4815595363540569
1.0,3.0,20.0,0.3,0.1,0.8,4.0,1758.0,0.0,0.0,0.2582480091012514
1.0,3.0,21.0,0.3,0.1,0.8,4.0,1689.0,0.0,0.0,0.2581409117821196
1.0,3.0,22.0,0.3,0.1,0.8,4.0,1571.0,0.0,0.0,0.26479949077021003
1.0,3.0,23.0,0.3,0.1,0.8,4.0,1508.0,0.0,0.0,0.26525198938992045
1.0,3.0,24.0,0.3,0.1,0.8,4.0,1490.0,0.0,0.0,0.26375838926174494
1.0,3.0,25.0,0.3,0.1,0.8,4.0,1449.0,0.0,0.0,0.2650103519668737
1.0,3.0,26.0,0.3,0.1,0.8,4.0,1437.0,0.0,0.0,0.26443980514961724
1.0,3.0,27.0,0.3,0.1,0.8,4.0,1397.0,0.0,0.0,0.2641374373657838
1.0,3.0,28.0,0.3,0.1,0.8,4.0,1359.0,0.0,0.0,0.26416482707873434
1.0,3.0,29.0,0.3,0.1,0.8,4.0,1332.0,0.0,0.0,0.26126126126126126
1.0,3.0,30.0,0.3,0.1,0.8,4.0,1326.0,0.0,0.0,0.2609351432880845
1.0,3.0,31.0,0.3,0.1,0.8,4.0,1290.0,0.0,0.0,0.25503875968992246
1.0,3.0,32.0,0.3,0.1,0.8,4.0,1282.0,0.0,0.0,0.25585023400936036
1.0,3.0,33.0,0.3,0.1,0.8,4.0,1276.0,0.0,0.0,0.2547021943573668
1.0,3.0,34.0,0.3,0.1,0.8,4.0,1241.0,0.0,0.0,0.257856567284448
1.0,3.0,35.0,0.3,0.1,0.8,4.0,1208.0,0.0,0.0,0.25662251655629137
1.0,3.0,36.0,0.3,0.1,0.8,4.0,1198.0,0.0,0.0,0.25542570951585974
1.0,3.0,37.0,0.3,0.1,0.8,4.0,1200.0,0.0,0.0,0.25416666666666665
1.0,3.0,38.0,0.3,0.1,0.8,4.0,1157.0,0.0,0.0,0.2566983578219533
1.0,3.0,39.0,0.3,0.1,0.8,4.0,1160.0,0.0,0.0,0.2560344827586207
1.0,3.0,40.0,0.3,0.1,0.8,4.0,1131.0,0.0,0.0,0.25552608311229
1.0,3.0,41.0,0.3,0.1,0.8,4.0,1114.0,0.0,0.0,0.2585278276481149
1.0,3.0,42.0,0.3,0.1,0.8,4.0,1097.0,0.0,0.0,0.26071103008204194
1.0,3.0,43.0,0.3,0.1,0.8,4.0,1083.0,0.0,0.0,0.2594644506001847
1.0,3.0,44.0,0.3,0.1,0.8,4.0,1079.0,0.0,0.0,0.2594995366079703
1.0,3.0,45.0,0.3,0.1,0.8,4.0,1053.0,0.0,0.0,0.41120607787274455
1.0,3.0,46.0,0.3,0.1,0.8,4.0,1030.0,0.0,0.0,0.4145631067961165
1.0,3.0,47.0,0.3,0.1,0.8,4.0,1015.0,0.0,0.0,0.4098522167487685
1.0,3.0,48.0,0.3,0.1,0.8,4.0,999.0,0.0,0.0,0.4124124124124124
1.0,3.0,49.0,0.3,0.1,0.8,4.0,996.0,0.0,0.0,0.40963855421686746
1.0,3.0,50.0,0.3,0.1,0.8,4.0,995.0,0.0,0.0,0.4120603015075377
1.0,3.0,51.0,0.3,0.1,0.8,4.0,973.0,0.0,0.0,0.408016443987667
1.0,3.0,52.0,0.3,0.1,0.8,4.0,973.0,0.0,0.0,0.41007194244604317
1.0,4.0,1.0,0.3,0.1,0.8,4.0,964.0,0.0,0.0,0.4045643153526971
1.0,4.0,2.0,0.3,0.1,0.8,4.0,960.0,0.0,0.0,0.4083333333333333
1.0,4.0,3.0,0.3,0.1,0.8,4.0,941.0,0.0,0.0,0.4070138150903294
1.0,4.0,4.0,0.3,0.1,0.8,4.0,944.0,0.0,0.0,0.4110169491525424
1.0,4.0,5.0,0.3,0.1,0.8,4.0,926.0,0.0,0.0,0.40928725701943847
1.0,4.0,6.0,0.3,0.1,0.8,4.0,914.0,0.0,0.0,0.41575492341356673
1.0,4.0,7.0,0.3,0.1,0.8,4.0,908.0,0.0,0.0,0.4107929515418502
1.0,4.0,8.0,0.3,0.1,0.8,4.0,897.0,0.0,0.0,0.4158305462653289
1.0,4.0,9.0,0.3,0.1,0.8,4.0,872.0,0.0,0.0,0.40711009174311924
1.0,4.0,10.0,0.3,0.1,0.8,4.0,872.0,0.0,0.0,0.41284403669724773
1.0,4.0,11.0,0.3,0.1,0.8,4.0,853.0,0.0,0.0,0.4138335287221571
1.0,4.0,12.0,0.3,0.1,0.8,4.0,853.0,0.0,0.0,0.4196951934349355
1.0,4.0,13.0,0.3,0.1,0.8,4.0,833.0,0.0,0.0,0.4129651860744298
1.0,4.0,14.0,0.3,0.1,0.8,4.0,833.0,0.0,0.0,0.41656662665066024
1.0,4.0,15.0,0.3,0.1,0.8,4.0,811.0,0.0,0.0,0.41676942046855736
1.0,4.0,16.0,0.3,0.1,0.8,4.0,802.0,0.0,0.0,0.42144638403990026
1.0,4.0,17.0,0.3,0.1,0.8,4.0,793.0,0.0,0.0,0.41866330390920553
1.0,4.0,18.0,0.3,0.1,0.8,4.0,798.0,0.0,0.0,0.42355889724310775
1.0,4.0,19.0,0.3,0.1,0.8,4.0,792.0,0.0,0.0,0.41919191919191917
1.0,4.0,20.0,0.3,0.1,0.8,4.0,1453.0,0.0,0.0,0.22918100481761872
1.0,4.0,21.0,0.3,0.1,0.8,4.0,1387.0,0.0,0.0,0.22494592645998557
1.0,4.0,22.0,0.3,0.1,0.8,4.0,1351.0,0.0,0.0,0.22723908216136196
1.0,4.0,23.0,0.3,0.1,0.8,4.0,1305.0,0.0,0.0,0.2268199233716475
1.0,4.0,24.0,0.3,0.1,0.8,4.0,1294.0,0.0,0.0,0.23106646058732613
1.0,4.0,25.0,0.3,0.1,0.8,4.0,1269.0,0.0,0.0,0.2293144208037825
1.0,4.0,26.0,0.3,0.1,0.8,4.0,1244.0,0.0,0.0,0.23311897106109325
1.0,4.0,27.0,0.3,0.1,0.8,4.0,1238.0,0.0,0.0,0.23021001615508885
1.0,4.0,28.0,0.3,0.1,0.8,4.0,1182.0,0.0,0.0,0.23434856175972926
1.0,4.0,29.0,0.3,0.1,0.8,4.0,1160.0,0.0,0.0,0.23189655172413792
1.0,4.0,30.0,0.3,0.1,0.8,4.0,1150.0,0.0,0.0,0.23565217391304347
1.0,4.0,31.0,0.3,0.1,0.8,4.0,1124.0,0.0,0.0,0.23398576512455516
1.0,4.0,32.0,0.3,0.1,0.8,4.0,1045.0,0.0,0.0,0.23732057416267943
1.0,4.0,33.0,0.3,0.1,0.8,4.0,1041.0,0.0,0.0,0.23150816522574447
1.0,4.0,34.0,0.3,0.1,0.8,4.0,1012.0,0.0,0.0,0.2381422924901186
1.0,4.0,35.0,0.3,0.1,0.8,4.0,977.0,0.0,0.0,0.2374616171954964
1.0,4.0,36.0,0.3,0.1,0.8,4.0,939.0,0.0,0.0,0.24387646432374868
1.0,4.0,37.0,0.3,0.1,0.8,4.0,910.0,0.0,0.0,0.24065934065934066
1.0,4.0,38.0,0.3,0.1,0.8,4.0,895.0,0.0,0.0,0.24916201117318434
1.0,4.0,39.0,0.3,0.1,0.8,4.0,881.0,0.0,0.0,0.24404086265607264
1.0,4.0,40.0,0.3,0.1,0.8,4.0,882.0,0.0,0.0,0.2494331065759637
1.0,4.0,41.0,0.3,0.1,0.8,4.0,861.0,0.0,0.0,0.2450638792102207
1.0,4.0,42.0,0.3,0.1,0.8,4.0,853.0,0.0,0.0,0.25205158264947247
1.0,4.0,43.0,0.3,0.1,0.8,4.0,844.0,0.0,0.0,0.24407582938388625
1.0,4.0,44.0,0.3,0.1,0.8,4.0,830.0,0.0,0.0,0.2469879518072289
1.0,4.0,45.0,0.3,0.1,0.8,4.0,828.0,0.0,0.0,0.38405797101449274
1.0,4.0,46.0,0.3,0.1,0.8,4.0,828.0,0.0,0.0,0.3888888888888889
1.0,4.0,47.0,0.3,0.1,0.8,4.0,816.0,0.0,0.0,0.38235294117647056
1.0,4.0,48.0,0.3,0.1,0.8,4.0,812.0,0.0,0.0,0.39039408866995073
1.0,4.0,49.0,0.3,0.1,0.8,4.0,810.0,0.0,0.0,0.38395061728395063
1.0,4.0,50.0,0.3,0.1,0.8,4.0,807.0,0.0,0.0,0.3915737298636927
1.0,4.0,51.0,0.3,0.1,0.8,4.0,796.0,0.0,0.0,0.38567839195979897
1.0,4.0,52.0,0.3,0.1,0.8,4.0,799.0,0.0,0.0,0.39173967459324155
1.0,5.0,1.0,0.3,0.1,0.8,4.0,793.0,0.0,0.0,0.38461538461538464
1.0,5.0,2.0,0.3,0.1,0.8,4.0,796.0,0.0,0.0,0.38944723618090454
1.0,5.0,3.0,0.3,0.1,0.8,4.0,790.0,0.0,0.0,0.38354430379746834
1.0,5.0,4.0,0.3,0.1,0.8,4.0,782.0,0.0,0.0,0.3874680306905371
1.0,5.0,5.0,0.3,0.1,0.8,4.0,772.0,0.0,0.0,0.38212435233160624
1.0,5.0,6.0,0.3,0.1,0.8,4.0,772.0,0.0,0.0,0.3873056994818653
1.0,5.0,7.0,0.3,0.1,0.8,4.0,763.0,0.0,0.0,0.381389252948886
1.0,5.0,8.0,0.3,0.1,0.8,4.0,758.0,0.0,0.0,0.3865435356200528
1.0,5.0,9.0,0.3,0.1,0.8,4.0,753.0,0.0,0.0,0.38114209827357237
1.0,5.0,10.0,0.3,0.1,0.8,4.0,750.0,0.0,0.0,0.388
1.0,5.0,11.0,0.3,0.1,0.8,4.0,745.0,0.0,0.0,0.3838926174496644
1.0,5.0,12.0,0.3,0.1,0.8,4.0,746.0,0.0,0.0,0.38873994638069703
1.0,5.0,13.0,0.3,0.1,0.8,4.0,727.0,0.0,0.0,0.38651994497936726
1.0,5.0,14.0,0.3,0.1,0.8,4.0,716.0,0.0,0.0,0.39385474860335196
1.0,5.0,15.0,0.3,0.1,0.8,4.0,708.0,0.0,0.0,0.3898305084745763
1.0,5.0,16.0,0.3,0.1,0.8,4.0,708.0,0.0,0.0,0.3954802259887006
1.0,5.0,17.0,0.3,0.1,0.8,4.0,705.0,0.0,0.0,0.3872340425531915
1.0,5.0,18.0,0.3,0.1,0.8,4.0,690.0,0.0,0.0,0.39565217391304347
1.0,5.0,19.0,0.3,0.1,0.8,4.0,663.0,0.0,0.0,0.39215686274509803
1.0,5.0,20.0,0.3,0.1,0.8,4.0,1251.0,0.0,0.0,0.21103117505995203
1.0,5.0,21.0,0.3,0.1,0.8,4.0,1211.0,0.0,0.0,0.20891824938067713
1.0,5.0,22.0,0.3,0.1,0.8,4.0,1222.0,0.0,0.0,0.21031096563011456
1.0,5.0,23.0,0.3,0.1,0.8,4.0,1199.0,0.0,0.0,0.21017514595496248
1.0,5.0,24.0,0.3,0.1,0.8,4.0,1199.0,0.0,0.0,0.21184320266889073
1.0,5.0,25.0,0.3,0.1,0.8,4.0,1159.0,0.0,0.0,0.21225194132873165
1.0,5.0,26.0,0.3,0.1,0.8,4.0,1158.0,0.0,0.0,0.2141623488773748
1.0,5.0,27.0,0.3,0.1,0.8,4.0,1114.0,0.0,0.0,0.2118491921005386
1.0,5.0,28.0,0.3,0.1,0.8,4.0,1109.0,0.0,0.0,0.2164111812443643
1.0,5.0,29.0,0.3,0.1,0.8,4.0,1074.0,0.0,0.0,0.2169459962756052
1.0,5.0,30.0,0.3,0.1,0.8,4.0,1043.0,0.0,0.0,0.2224352828379674
1.0,5.0,31.0,0.3,0.1,0.8,4.0,1031.0,0.0,0.0,0.22017458777885549
1.0,5.0,32.0,0.3,0.1,0.8,4.0,1041.0,0.0,0.0,0.22094140249759847
1.0,5.0,33.0,0.3,0.1,0.8,4.0,1013.0,0.0,0.0,0.22211253701875616
1.0,5.0,34.0,0.3,0.1,0.8,4.0,1008.0,0.0,0.0,0.22420634920634921
1.0,5.0,35.0,0.3,0.1,0.8,4.0,991.0,0.0,0.0,0.22401614530776992
1.0,5.0,36.0,0.3,0.1,0.8,4.0,971.0,0.0,0.0,0.22760041194644695
1.0,5.0,37.0,0.3,0.1,0.8,4.0,947.0,0.0,0.0,0.22914466737064415
1.0,5.0,38.0,0.3,0.1,0.8,4.0,929.0,0.0,0.0,0.23358449946178686
1.0,5.0,39.0,0.3,0.1,0.8,4.0,905.0,0.0,0.0,0.23646408839779007
1.0,5.0,40.0,0.3,0.1,0.8,4.0,908.0,0.0,0.0,0.23788546255506607
1.0,5.0,41.0,0.3,0.1,0.8,4.0,900.0,0.0,0.0,0.23666666666666666
1.0,5.0,42.0,0.3,0.1,0.8,4.0,881.0,0.0,0.0,0.24404086265607264
1.0,5.0,43.0,0.3,0.1,0.8,4.0,855.0,0.0,0.0,0.24210526315789474
1.0,5.0,44.0,0.3,0.1,0.8,4.0,862.0,0.0,0.0,0.24361948955916474
1.0,5.0,45.0,0.3,0.1,0.8,4.0,850.0,0.0,0.0,0.4152941176470588
1.0,5.0,46.0,0.3,0.1,0.8,4.0,855.0,0.0,0.0,0.41637426900584795
1.0,5.0,47.0,0.3,0.1,0.8,4.0,846.0,0.0,0.0,0.4160756501182033
1.0,5.0,48.0,0.3,0.1,0.8,4.0,853.0,0.0,0.0,0.41500586166471276
1.0,5.0,49.0,0.3,0.1,0.8,4.0,844.0,0.0,0.0,0.4146919431279621
1.0,5.0,50.0,0.3,0.1,0.8,4.0,796.0,0.0,0.0,0.40703517587939697
1.0,5.0,51.0,0.3,0.1,0.8,4.0,780.0,0.0,0.0,0.4128205128205128
1.0,5.0,52.0,0.3,0.1,0.8,4.0,777.0,0.0,0.0,0.4118404118404118
1.0,6.0,1.0,0.3,0.1,0.8,4.0,773.0,0.0,0.0,0.4126778783958603
1.0,6.0,2.0,0.3,0.1,0.8,4.0,765.0,0.0,0.0,0.4130718954248366
1.0,6.0,3.0,0.3,0.1,0.8,4.0,763.0,0.0,0.0,0.41415465268676277
1.0,6.0,4.0,0.3,0.1,0.8,4.0,763.0,0.0,0.0,0.41284403669724773
1.0,6.0,5.0,0.3,0.1,0.8,4.0,760.0,0.0,0.0,0.4144736842105263
1.0,6.0,6.0,0.3,0.1,0.8,4.0,746.0,0.0,0.0,0.41420911528150134
1.0,6.0,7.0,0.3,0.1,0.8,4.0,743.0,0.0,0.0,0.41722745625841184
1.0,6.0,8.0,0.3,0.1,0.8,4.0,738.0,0.0,0.0,0.4159891598915989
1.0,6.0,9.0,0.3,0.1,0.8,4.0,737.0,0.0,0.0,0.417910447761194
1.0,6.0,10.0,0.3,0.1,0.8,4.0,732.0,0.0,0.0,0.4180327868852459
1.0,6.0,11.0,0.3,0.1,0.8,4.0,731.0,0.0,0.0,0.41450068399452805
1.0,6.0,12.0,0.3,0.1,0.8,4.0,711.0,0.0,0.0,0.41631504922644164
1.0,6.0,13.0,0.3,0.1,0.8,4.0,713.0,0.0,0.0,0.41374474053295934
1.0,6.0,14.0,0.3,0.1,0.8,4.0,708.0,0.0,0.0,0.4152542372881356
1.0,6.0,15.0,0.3,0.1,0.8,4.0,686.0,0.0,0.0,0.4227405247813411
1.0,6.0,16.0,0.3,0.1,0.8,4.0,679.0,0.0,0.0,0.42415316642120765
1.0,6.0,17.0,0.3,0.1,0.8,4.0,669.0,0.0,0.0,0.4260089686098655
1.0,6.0,18.0,0.3,0.1,0.8,4.0,662.0,0.0,0.0,0.4259818731117825
1.0,6.0,19.0,0.3,0.1,0.8,4.0,655.0,0.0,0.0,0.4259541984732824
1.0,6.0,20.0,0.3,0.1,0.8,4.0,1145.0,0.0,0.0,0.2427947598253275
1.0,6.0,21.0,0.3,0.1,0.8,4.0,1129.0,0.0,0.0,0.24446412754650132
1.0,6.0,22.0,0.3,0.1,0.8,4.0,1106.0,0.0,0.0,0.24502712477396021
1.0,6.0,23.0,0.3,0.1,0.8,4.0,1078.0,0.0,0.0,0.24953617810760667
1.0,6.0,24.0,0.3,0.1,0.8,4.0,1047.0,0.0,0.0,0.24832855778414517
1.0,6.0,25.0,0.3,0.1,0.8,4.0,1032.0,0.0,0.0,0.250968992248062
1.0,6.0,26.0,0.3,0.1,0.8,4.0,1012.0,0.0,0.0,0.2509881422924901
1.0,6.0,27.0,0.3,0.1,0.8,4.0,1003.0,0.0,0.0,0.2502492522432702
1.0,6.0,28.0,0.3,0.1,0.8,4.0,987.0,0.0,0.0,0.25329280648429586
1.0,6.0,29.0,0.3,0.1,0.8,4.0,970.0,0.0,0.0,0.2556701030927835
1.0,6.0,30.0,0.3,0.1,0.8,4.0,949.0,0.0,0.0,0.2571127502634352
1.0,6.0,31.0,0.3,0.1,0.8,4.0,943.0,0.0,0.0,0.2545068928950159
1.0,6.0,32.0,0.3,0.1,0.8,4.0,924.0,0.0,0.0,0.25432900432900435
1.0,6.0,33.0,0.3,0.1,0.8,4.0,919.0,0.0,0.0,0.2546245919477693
1.0,6.0,34.0,0.3,0.1,0.8,4.0,898.0,0.0,0.0,0.2594654788418708
1.0,6.0,35.0,0.3,0.1,0.8,4.0,906.0,0.0,0.0,0.2560706401766004
1.0,6.0,36.0,0.3,0.1,0.8,4.0,864.0,0.0,0.0,0.2534722222222222
1.0,6.0,37.0,0.3,0.1,0.8,4.0,859.0,0.0,0.0,0.25261932479627475
1.0,6.0,38.0,0.3,0.1,0.8,4.0,839.0,0.0,0.0,0.25744934445768775
1.0,6.0,39.0,0.3,0.1,0.8,4.0,823.0,0.0,0.0,0.25880923450789795
1.0,6.0,40.0,0.3,0.1,0.8,4.0,799.0,0.0,0.0,0.2615769712140175
1.0,6.0,41.0,0.3,0.1,0.8,4.0,801.0,0.0,0.0,0.25842696629213485
1.0,6.0,42.0,0.3,0.1,0.8,4.0,797.0,0.0,0.0,0.26097867001254704
1.0,6.0,43.0,0.3,0.1,0.8,4.0,785.0,0.0,0.0,0.25987261146496815
1.0,6.0,44.0,0.3,0.1,0.8,4.0,777.0,0.0,0.0,0.2625482625482625
1.0,6.0,45.0,0.3,0.1,0.8,4.0,780.0,0.0,0.0,0.41410256410256413
1.0,6.0,46.0,0.3,0.1,0.8,4.0,771.0,0.0,0.0,0.4176394293125811
1.0,6.0,47.0,0.3,0.1,0.8,4.0,776.0,0.0,0.0,0.41494845360824745
1.0,6.0,48.0,0.3,0.1,0.8,4.0,772.0,0.0,0.0,0.4183937823834197
1.0,6.0,49.0,0.3,0.1,0.8,4.0,776.0,0.0,0.0,0.41365979381443296
1.0,6.0,50.0,0.3,0.1,0.8,4.0,768.0,0.0,0.0,0.41796875
1.0,6.0,51.0,0.3,0.1,0.8,4.0,768.0,0.0,0.0,0.4153645833333333
1.0,6.0,52.0,0.3,0.1,0.8,4.0,763.0,0.0,0.0,0.418086500655308
1.0,7.0,1.0,0.3,0.1,0.8,4.0,762.0,0.0,0.0,0.41338582677165353
1.0,7.0,2.0,0.3,0.1,0.8,4.0,747.0,0.0,0.0,0.4203480589022758
1.0,7.0,3.0,0.3,0.1,0.8,4.0,738.0,0.0,0.0,0.4173441734417344
1.0,7.0,4.0,0.3,0.1,0.8,4.0,732.0,0.0,0.0,0.42349726775956287
1.0,7.0,5.0,0.3,0.1,0.8,4.0,741.0,0.0,0.0,0.4183535762483131
1.0,7.0,6.0,0.3,0.1,0.8,4.0,731.0,0.0,0.0,0.4213406292749658
1.0,7.0,7.0,0.3,0.1,0.8,4.0,736.0,0.0,0.0,0.41847826086956524
1.0,7.0,8.0,0.3,0.1,0.8,4.0,725.0,0.0,0.0,0.42344827586206896
1.0,7.0,9.0,0.3,0.1,0.8,4.0,727.0,0.0,0.0,0.42090784044016505
1.0,7.0,10.0,0.3,0.1,0.8,4.0,719.0,0.0,0.0,0.42698191933240615
1.0,7.0,11.0,0.3,0.1,0.8,4.0,720.0,0.0,0.0,0.4236111111111111
1.0,7.0,12.0,0.3,0.1,0.8,4.0,715.0,0.0,0.0,0.4251748251748252
1.0,7.0,13.0,0.3,0.1,0.8,4.0,714.0,0.0,0.0,0.42296918767507
1.0,7.0,14.0,0.3,0.1,0.8,4.0,710.0,0.0,0.0,0.4253521126760563
1.0,7.0,15.0,0.3,0.1,0.8,4.0,711.0,0.0,0.0,0.42334739803094235
1.0,7.0,16.0,0.3,0.1,0.8,4.0,709.0,0.0,0.0,0.42595204513399154
1.0,7.0,17.0,0.3,0.1,0.8,4.0,710.0,0.0,0.0,0.423943661971831
1.0,7.0,18.0,0.3,0.1,0.8,4.0,707.0,0.0,0.0,0.42574257425742573
1.0,7.0,19.0,0.3,0.1,0.8,4.0,695.0,0.0,0.0,0.42589928057553955
1.0,7.0,20.0,0.3,0.1,0.8,4.0,1298.0,0.0,0.0,0.2288135593220339
1.0,7.0,21.0,0.3,0.1,0.8,4.0,1288.0,0.0,0.0,0.22981366459627328
1.0,7.0,22.0,0.3,0.1,0.8,4.0,1225.0,0.0,0.0,0.22938775510204082
1.0,7.0,23.0,0.3,0.1,0.8,4.0,1183.0,0.0,0.0,0.2265426880811496
1.0,7.0,24.0,0.3,0.1,0.8,4.0,1169.0,0.0,0.0,0.2292557741659538
1.0,7.0,25.0,0.3,0.1,0.8,4.0,1151.0,0.0,0.0,0.23023457862728064
1.0,7.0,26.0,0.3,0.1,0.8,4.0,1132.0,0.0,0.0,0.2314487632508834
1.0,7.0,27.0,0.3,0.1,0.8,4.0,1131.0,0.0,0.0,0.23076923076923078
1.0,7.0,28.0,0.3,0.1,0.8,4.0,1109.0,0.0,0.0,0.2308385933273219
1.0,7.0,29.0,0.3,0.1,0.8,4.0,1071.0,0.0,0.0,0.23062558356676005
1.0,7.0,30.0,0.3,0.1,0.8,4.0,1038.0,0.0,0.0,0.23603082851637766
1.0,7.0,31.0,0.3,0.1,0.8,4.0,1027.0,0.0,0.0,0.23661148977604674
1.0,7.0,32.0,0.3,0.1,0.8,4.0,1003.0,0.0,0.0,0.23728813559322035
1.0,7.0,33.0,0.3,0.1,0.8,4.0,1005.0,0.0,0.0,0.23781094527363184
1.0,7.0,34.0,0.3,0.1,0.8,4.0,980.0,0.0,0.0,0.24183673469387756
1.0,7.0,35.0,0.3,0.1,0.8,4.0,980.0,0.0,0.0,0.23979591836734693
1.0,7.0,36.0,0.3,0.1,0.8,4.0,969.0,0.0,0.0,0.24251805985552116
1.0,7.0,37.0,0.3,0.1,0.8,4.0,959.0,0.0,0.0,0.24087591240875914
1.0,7.0,38.0,0.3,0.1,0.8,4.0,949.0,0.0,0.0,0.2434141201264489
1.0,7.0,39.0,0.3,0.1,0.8,4.0,928.0,0.0,0.0,0.24568965517241378
1.0,7.0,40.0,0.3,0.1,0.8,4.0,887.0,0.0,0.0,0.24577226606538896
1.0,7.0,41.0,0.3,0.1,0.8,4.0,895.0,0.0,0.0,0.2446927374301676
1.0,7.0,42.0,0.3,0.1,0.8,4.0,871.0,0.0,0.0,0.24454649827784156
1.0,7.0,43.0,0.3,0.1,0.8,4.0,867.0,0.0,0.0,0.24452133794694347
1.0,7.0,44.0,0.3,0.1,0.8,4.0,832.0,0.0,0.0,0.24519230769230768
1.0,7.0,45.0,0.3,0.1,0.8,4.0,826.0,0.0,0.0,0.39709443099273606
1.0,7.0,46.0,0.3,0.1,0.8,4.0,822.0,0.0,0.0,0.3953771289537713
1.0,7.0,47.0,0.3,0.1,0.8,4.0,818.0,0.0,0.0,0.3960880195599022
1.0,7.0,48.0,0.3,0.1,0.8,4.0,801.0,0.0,0.0,0.3982521847690387
1.0,7.0,49.0,0.3,0.1,0.8,4.0,799.0,0.0,0.0,0.4005006257822278
1.0,7.0,50.0,0.3,0.1,0.8,4.0,785.0,0.0,0.0,0.39872611464968155
1.0,7.0,51.0,0.3,0.1,0.8,4.0,780.0,0.0,0.0,0.4012820512820513
1.0,7.0,52.0,0.3,0.1,0.8,4.0,786.0,0.0,0.0,0.3982188295165394
1.0,8.0,1.0,0.3,0.1,0.8,4.0,767.0,0.0,0.0,0.4041720990873533
1.0,8.0,2.0,0.3,0.1,0.8,4.0,772.0,0.0,0.0,0.40025906735751293
1.0,8.0,3.0,0.3,0.1,0.8,4.0,753.0,0.0,0.0,0.4037184594953519
1.0,8.0,4.0,0.3,0.1,0.8,4.0,739.0,0.0,0.0,0.401894451962111
1.0,8.0,5.0,0.3,0.1,0.8,4.0,718.0,0.0,0.0,0.40947075208913647
1.0,8.0,6.0,0.3,0.1,0.8,4.0,723.0,0.0,0.0,0.40525587828492393
1.0,8.0,7.0,0.3,0.1,0.8,4.0,716.0,0.0,0.0,0.4106145251396648
1.0,8.0,8.0,0.3,0.1,0.8,4.0,717.0,0.0,0.0,0.4086471408647141
1.0,8.0,9.0,0.3,0.1,0.8,4.0,714.0,0.0,0.0,0.4103641456582633
1.0,8.0,10.0,0.3,0.1,0.8,4.0,698.0,0.0,0.0,0.41260744985673353
1.0,8.0,11.0,0.3,0.1,0.8,4.0,697.0,0.0,0.0,0.41750358680057387
1.0,8.0,12.0,0.3,0.1,0.8,4.0,693.0,0.0,0.0,0.4126984126984127
1.0,8.0,13.0,0.3,0.1,0.8,4.0,686.0,0.0,0.0,0.41690962099125367
1.0,8.0,14.0,0.3,0.1,0.8,4.0,684.0,0.0,0.0,0.41228070175438597
1.0,8.0,15.0,0.3,0.1,0.8,4.0,685.0,0.0,0.0,0.41605839416058393
1.0,8.0,16.0,0.3,0.1,0.8,4.0,683.0,0.0,0.0,0.41142020497803805
1.0,8.0,17.0,0.3,0.1,0.8,4.0,683.0,0.0,0.0,0.41874084919472915
1.0,8.0,18.0,0.3,0.1,0.8,4.0,671.0,0.0,0.0,0.4143070044709389
1.0,8.0,19.0,0.3,0.1,0.8,4.0,671.0,0.0,0.0,0.4187779433681073
1.0,8.0,20.0,0.3,0.1,0.8,4.0,1182.0,0.0,0.0,0.23434856175972926
1.0,8.0,21.0,0.3,0.1,0.8,4.0,1138.0,0.0,0.0,0.2390158172231986
1.0,8.0,22.0,0.3,0.1,0.8,4.0,1082.0,0.0,0.0,0.24214417744916822
1.0,8.0,23.0,0.3,0.1,0.8,4.0,1060.0,0.0,0.0,0.24716981132075472
1.0,8.0,24.0,0.3,0.1,0.8,4.0,1034.0,0.0,0.0,0.24274661508704062
1.0,8.0,25.0,0.3,0.1,0.8,4.0,1024.0,0.0,0.0,0.2470703125
1.0,8.0,26.0,0.3,0.1,0.8,4.0,1010.0,0.0,0.0,0.24554455445544554
1.0,8.0,27.0,0.3,0.1,0.8,4.0,1000.0,0.0,0.0,0.249
1.0,8.0,28.0,0.3,0.1,0.8,4.0,996.0,0.0,0.0,0.24799196787148595
1.0,8.0,29.0,0.3,0.1,0.8,4.0,982.0,0.0,0.0,0.2515274949083503
1.0,8.0,30.0,0.3,0.1,0.8,4.0,979.0,0.0,0.0,0.25025536261491316
1.0,8.0,31.0,0.3,0.1,0.8,4.0,965.0,0.0,0.0,0.25181347150259065
1.0,8.0,32.0,0.3,0.1,0.8,4.0,966.0,0.0,0.0,0.2515527950310559
1.0,8.0,33.0,0.3,0.1,0.8,4.0,953.0,0.0,0.0,0.2528856243441763
1.0,8.0,34.0,0.3,0.1,0.8,4.0,935.0,0.0,0.0,0.253475935828877
1.0,8.0,35.0,0.3,0.1,0.8,4.0,935.0,0.0,0.0,0.2545454545454545
1.0,8.0,36.0,0.3,0.1,0.8,4.0,903.0,0.0,0.0,0.2547065337763012
1.0,8.0,37.0,0.3,0.1,0.8,4.0,904.0,0.0,0.0,0.2555309734513274
1.0,8.0,38.0,0.3,0.1,0.8,4.0,888.0,0.0,0.0,0.25563063063063063
1.0,8.0,39.0,0.3,0.1,0.8,4.0,889.0,0.0,0.0,0.25646794150731156
1.0,8.0,40.0,0.3,0.1,0.8,4.0,866.0,0.0,0.0,0.2586605080831409
1.0,8.0,41.0,0.3,0.1,0.8,4.0,866.0,0.0,0.0,0.25981524249422633
1.0,8.0,42.0,0.3,0.1,0.8,4.0,866.0,0.0,0.0,0.2586605080831409
1.0,8.0,43.0,0.3,0.1,0.8,4.0,852.0,0.0,0.0,0.2640845070422535
1.0,8.0,44.0,0.3,0.1,0.8,4.0,836.0,0.0,0.0,0.2619617224880383
1.0,8.0,45.0,0.3,0.1,0.8,4.0,838.0,0.0,0.0,0.42720763723150357
1.0,8.0,46.0,0.3,0.1,0.8,4.0,809.0,0.0,0.0,0.4276885043263288
1.0,8.0,47.0,0.3,0.1,0.8,4.0,811.0,0.0,0.0,0.42909987669543775
1.0,8.0,48.0,0.3,0.1,0.8,4.0,808.0,0.0,0.0,0.42698019801980197
1.0,8.0,49.0,0.3,0.1,0.8,4.0,810.0,0.0,0.0,0.42962962962962964
1.0,8.0,50.0,0.3,0.1,0.8,4.0,806.0,0.0,0.0,0.4280397022332506
1.0,8.0,51.0,0.3,0.1,0.8,4.0,796.0,0.0,0.0,0.4321608040201005
1.0,8.0,52.0,0.3,0.1,0.8,4.0,792.0,0.0,0.0,0.4305555555555556
1.0,9.0,1.0,0.3,0.1,0.8,4.0,794.0,0.0,0.0,0.43198992443324935
1.0,9.0,2.0,0.3,0.1,0.8,4.0,788.0,0.0,0.0,0.4302030456852792
1.0,9.0,3.0,0.3,0.1,0.8,4.0,792.0,0.0,0.0,0.43308080808080807
1.0,9.0,4.0,0.3,0.1,0.8,4.0,786.0,0.0,0.0,0.43256997455470736
1.0,9.0,5.0,0.3,0.1,0.8,4.0,789.0,0.0,0.0,0.4347275031685678
1.0,9.0,6.0,0.3,0.1,0.8,4.0,771.0,0.0,0.0,0.4396887159533074
1.0,9.0,7.0,0.3,0.1,0.8,4.0,775.0,0.0,0.0,0.44129032258064516
1.0,9.0,8.0,0.3,0.1,0.8,4.0,756.0,0.0,0.0,0.43915343915343913
1.0,9.0,9.0,0.3,0.1,0.8,4.0,757.0,0.0,0.0,0.4425363276089828
1.0,9.0,10.0,0.3,0.1,0.8,4.0,736.0,0.0,0.0,0.4470108695652174
1.0,9.0,11.0,0.3,0.1,0.8,4.0,734.0,0.0,0.0,0.44959128065395093
1.0,9.0,12.0,0.3,0.1,0.8,4.0,731.0,0.0,0.0,0.4473324213406293
1.0,9.0,13.0,0.3,0.1,0.8,4.0,731.0,0.0,0.0,0.45006839945280436
1.0,9.0,14.0,0.3,0.1,0.8,4.0,729.0,0.0,0.0,0.448559670781893
1.0,9.0,15.0,0.3,0.1,0.8,4.0,730.0,0.0,0.0,0.4506849315068493
1.0,9.0,16.0,0.3,0.1,0.8,4.0,726.0,0.0,0.0,0.4490358126721763
1.0,9.0,17.0,0.3,0.1,0.8,4.0,728.0,0.0,0.0,0.4519230769230769
1.0,9.0,18.0,0.3,0.1,0.8,4.0,726.0,0.0,0.0,0.4490358126721763
1.0,9.0,19.0,0.3,0.1,0.8,4.0,729.0,0.0,0.0,0.4513031550068587
1.0,9.0,20.0,0.3,0.1,0.8,4.0,1313.0,0.0,0.0,0.2383853769992384
1.0,9.0,21.0,0.3,0.1,0.8,4.0,1260.0,0.0,0.0,0.24285714285714285
1.0,9.0,22.0,0.3,0.1,0.8,4.0,1227.0,0.0,0.0,0.24449877750611246
1.0,9.0,23.0,0.3,0.1,0.8,4.0,1212.0,0.0,0.0,0.24587458745874588
1.0,9.0,24.0,0.3,0.1,0.8,4.0,1205.0,0.0,0.0,0.24481327800829875
1.0,9.0,25.0,0.3,0.1,0.8,4.0,1164.0,0.0,0.0,0.25
1.0,9.0,26.0,0.3,0.1,0.8,4.0,1146.0,0.0,0.0,0.2513089005235602
1.0,9.0,27.0,0.3,0.1,0.8,4.0,1120.0,0.0,0.0,0.2544642857142857
1.0,9.0,28.0,0.3,0.1,0.8,4.0,1115.0,0.0,0.0,0.2538116591928251
1.0,9.0,29.0,0.3,0.1,0.8,4.0,1107.0,0.0,0.0,0.2529358626919603
1.0,9.0,30.0,0.3,0.1,0.8,4.0,1068.0,0.0,0.0,0.25280898876404495
1.0,9.0,31.0,0.3,0.1,0.8,4.0,1034.0,0.0,0.0,0.2572533849129594
1.0,9.0,32.0,0.3,0.1,0.8,4.0,991.0,0.0,0.0,0.2613521695257316
1.0,9.0,33.0,0.3,0.1,0.8,4.0,983.0,0.0,0.0,0.2624618514750763
1.0,9.0,34.0,0.3,0.1,0.8,4.0,966.0,0.0,0.0,0.2608695652173913
1.0,9.0,35.0,0.3,0.1,0.8,4.0,970.0,0.0,0.0,0.2618556701030928
1.0,9.0,36.0,0.3,0.1,0.8,4.0,966.0,0.0,0.0,0.2608695652173913
1.0,9.0,37.0,0.3,0.1,0.8,4.0,969.0,0.0,0.0,0.26212590299277605
1.0,9.0,38.0,0.3,0.1,0.8,4.0,966.0,0.0,0.0,0.2608695652173913
1.0,9.0,39.0,0.3,0.1,0.8,4.0,969.0,0.0,0.0,0.26212590299277605
1.0,9.0,40.0,0.3,0.1,0.8,4.0,952.0,0.0,0.0,0.2615546218487395
1.0,9.0,41.0,0.3,0.1,0.8,4.0,956.0,0.0,0.0,0.2625523012552301
1.0,9.0,42.0,0.3,0.1,0.8,4.0,923.0,0.0,0.0,0.26435536294691225
1.0,9.0,43.0,0.3,0.1,0.8,4.0,896.0,0.0,0.0,0.26674107142857145
1.0,9.0,44.0,0.3,0.1,0.8,4.0,902.0,0.0,0.0,0.2660753880266075
1.0,9.0,45.0,0.3,0.1,0.8,4.0,878.0,0.0,0.0,0.4316628701594533
1.0,9.0,46.0,0.3,0.1,0.8,4.0,870.0,0.0,0.0,0.43103448275862066
1.0,9.0,47.0,0.3,0.1,0.8,4.0,863.0,0.0,0.0,0.4287369640787949
1.0,9.0,48.0,0.3,0.1,0.8,4.0,870.0,0.0,0.0,0.43103448275862066
1.0,9.0,49.0,0.3,0.1,0.8,4.0,852.0,0.0,0.0,0.431924882629108
1.0,9.0,50.0,0.3,0.1,0.8,4.0,857.0,0.0,0.0,0.4329054842473746
1.0,9.0,51.0,0.3,0.1,0.8,4.0,840.0,0.0,0.0,0.43333333333333335
1.0,9.0,52.0,0.3,0.1,0.8,4.0,847.0,0.0,0.0,0.4332939787485242
1.0,10.0,1.0,0.3,0.1,0.8,4.0,821.0,0.0,0.0,0.4348355663824604
1.0,10.0,2.0,0.3,0.1,0.8,4.0,816.0,0.0,0.0,0.4387254901960784
1.0,10.0,3.0,0.3,0.1,0.8,4.0,806.0,0.0,0.0,0.43796526054590573
1.0,10.0,4.0,0.3,0.1,0.8,4.0,814.0,0.0,0.0,0.4398034398034398
1.0,10.0,5.0,0.3,0.1,0.8,4.0,805.0,0.0,0.0,0.43975155279503103
1.0,10.0,6.0,0.3,0.1,0.8,4.0,800.0,0.0,0.0,0.44375
1.0,10.0,7.0,0.3,0.1,0.8,4.0,780.0,0.0,0.0,0.4461538461538462
1.0,10.0,8.0,0.3,0.1,0.8,4.0,784.0,0.0,0.0,0.4489795918367347
1.0,10.0,9.0,0.3,0.1,0.8,4.0,775.0,0.0,0.0,0.44903225806451613
1.0,10.0,10.0,0.3,0.1,0.8,4.0,777.0,0.0,0.0,0.4517374517374517
1.0,10.0,11.0,0.3,0.1,0.8,4.0,771.0,0.0,0.0,0.45136186770428016
1.0,10.0,12.0,0.3,0.1,0.8,4.0,776.0,0.0,0.0,0.4536082474226804
1.0,10.0,13.0,0.3,0.1,0.8,4.0,769.0,0.0,0.0,0.45123537061118335
1.0,10.0,14.0,0.3,0.1,0.8,4.0,774.0,0.0,0.0,0.45348837209302323
1.0,10.0,15.0,0.3,0.1,0.8,4.0,767.0,0.0,0.0,0.4511082138200782
1.0,10.0,16.0,0.3,0.1,0.8,4.0,770.0,0.0,0.0,0.45454545454545453
1.0,10.0,17.0,0.3,0.1,0.8,4.0,765.0,0.0,0.0,0.4522875816993464
1.0,10.0,18.0,0.3,0.1,0.8,4.0,770.0,0.0,0.0,0.45454545454545453
1.0,10.0,19.0,0.3,0.1,0.8,4.0,764.0,0.0,0.0,0.45287958115183247
1.0,10.0,20.0,0.3,0.1,0.8,4.0,1393.0,0.0,0.0,0.239770279971285
1.0,10.0,21.0,0.3,0.1,0.8,4.0,1298.0,0.0,0.0,0.23805855161787365
1.0,10.0,22.0,0.3,0.1,0.8,4.0,1212.0,0.0,0.0,0.24752475247524752
1.0,10.0,23.0,0.3,0.1,0.8,4.0,1161.0,0.0,0.0,0.24892334194659776
1.0,10.0,24.0,0.3,0.1,0.8,4.0,1165.0,0.0,0.0,0.2515021459227468
1.0,10.0,25.0,0.3,0.1,0.8,4.0,1150.0,0.0,0.0,0.24782608695652175
1.0,10.0,26.0,0.3,0.1,0.8,4.0,1154.0,0.0,0.0,0.25043327556325823
1.0,10.0,27.0,0.3,0.1,0.8,4.0,1118.0,0.0,0.0,0.2522361359570662
1.0,10.0,28.0,0.3,0.1,0.8,4.0,1106.0,0.0,0.0,0.2576853526220615
1.0,10.0,29.0,0.3,0.1,0.8,4.0,1091.0,0.0,0.0,0.2566452795600367
1.0,10.0,30.0,0.3,0.1,0.8,4.0,1096.0,0.0,0.0,0.2591240875912409
1.0,10.0,31.0,0.3,0.1,0.8,4.0,1091.0,0.0,0.0,0.2566452795600367
1.0,10.0,32.0,0.3,0.1,0.8,4.0,1060.0,0.0,0.0,0.26132075471698113
1.0,10.0,33.0,0.3,0.1,0.8,4.0,1029.0,0.0,0.0,0.26239067055393583
1.0,10.0,34.0,0.3,0.1,0.8,4.0,1022.0,0.0,0.0,0.26810176125244617
1.0,10.0,35.0,0.3,0.1,0.8,4.0,1017.0,0.0,0.0,0.26548672566371684
1.0,10.0,36.0,0.3,0.1,0.8,4.0,1007.0,0.0,0.0,0.27209533267130087
1.0,10.0,37.0,0.3,0.1,0.8,4.0,975.0,0.0,0.0,0.27282051282051284
1.0,10.0,38.0,0.3,0.1,0.8,4.0,966.0,0.0,0.0,0.27639751552795033
1.0,10.0,39.0,0.3,0.1,0.8,4.0,950.0,0.0,0.0,0.2768421052631579
1.0,10.0,40.0,0.3,0.1,0.8,4.0,922.0,0.0,0.0,0.2841648590021692
1.0,10.0,41.0,0.3,0.1,0.8,4.0,913.0,0.0,0.0,0.2836801752464403
1.0,10.0,42.0,0.3,0.1,0.8,4.0,923.0,0.0,0.0,0.28494041170097506
1.0,10.0,43.0,0.3,0.1,0.8,4.0,894.0,0.0,0.0,0.28523489932885904
1.0,10.0,44.0,0.3,0.1,0.8,4.0,898.0,0.0,0.0,0.2884187082405345
1.0,10.0,45.0,0.3,0.1,0.8,4.0,889.0,0.0,0.0,0.46231721034870643
1.0,10.0,46.0,0.3,0.1,0.8,4.0,899.0,0.0,0.0,0.46273637374860954
1.0,10.0,47.0,0.3,0.1,0.8,4.0,893.0,0.0,0.0,0.45912653975363943
1.0,10.0,48.0,0.3,0.1,0.8,4.0,897.0,0.0,0.0,0.46265328874024525
1.0,10.0,49.0,0.3,0.1,0.8,4.0,888.0,0.0,0.0,0.4617117117117117
1.0,10.0,50.0,0.3,0.1,0.8,4.0,898.0,0.0,0.0,0.4621380846325167
1.0,10.0,51.0,0.3,0.1,0.8,4.0,892.0,0.0,0.0,0.45964125560538116
1.0,10.0,52.0,0.3,0.1,0.8,4.0,897.0,0.0,0.0,0.46265328874024525
2.0,1.0,1.0,0.3,0.1,0.8,4.0,5117.0,53.0,9.0,0.29763533320304864
2.0,1.0,2.0,0.3,0.1,0.8,4.0,5028.0,54.0,23.0,0.2975338106603023
2.0,1.0,3.0,0.3,0.1,0.8,4.0,4931.0,70.0,37.0,0.297708375583046
2.0,1.0,4.0,0.3,0.1,0.8,4.0,4809.0,92.0,39.0,0.2986067789561239
2.0,1.0,5.0,0.3,0.1,0.8,4.0,4858.0,106.0,36.0,0.29888843145327293
2.0,1.0,6.0,0.3,0.1,0.8,4.0,4731.0,121.0,43.0,0.30057070386810397
2.0,1.0,7.0,0.3,0.1,0.8,4.0,4659.0,149.0,51.0,0.30006439150032194
2.0,1.0,8.0,0.3,0.1,0.8,4.0,4492.0,170.0,64.0,0.30053428317008013
2.0,1.0,9.0,0.3,0.1,0.8,4.0,4371.0,181.0,72.0,0.30084648821779914
2.0,1.0,10.0,0.3,0.1,0.8,4.0,4188.0,199.0,84.0,0.3013371537726839
2.0,1.0,11.0,0.3,0.1,0.8,4.0,4068.0,202.0,92.0,0.3050639134709931
2.0,1.0,12.0,0.3,0.1,0.8,4.0,3948.0,228.0,93.0,0.3057244174265451
2.0,1.0,13.0,0.3,0.1,0.8,4.0,3836.0,230.0,98.0,0.3073514077163712
2.0,1.0,14.0,0.3,0.1,0.8,4.0,3728.0,236.0,101.0,0.3090128755364807
2.0,1.0,15.0,0.3,0.1,0.8,4.0,3630.0,249.0,114.0,0.31267217630853994
2.0,1.0,16.0,0.3,0.1,0.8,4.0,3502.0,251.0,119.0,0.31382067390062823
2.0,1.0,17.0,0.3,0.1,0.8,4.0,3434.0,249.0,115.0,0.3174140943506115
2.0,1.0,18.0,0.3,0.1,0.8,4.0,3331.0,243.0,119.0,0.32002401681176823
2.0,1.0,19.0,0.3,0.1,0.8,4.0,3252.0,224.0,118.0,0.32503075030750306
2.0,1.0,20.0,0.3,0.1,0.8,4.0,5895.0,212.0,123.0,0.17675996607294317
2.0,1.0,21.0,0.3,0.1,0.8,4.0,5562.0,246.0,104.0,0.18176914778856526
2.0,1.0,22.0,0.3,0.1,0.8,4.0,5232.0,280.0,97.0,0.1859709480122324
2.0,1.0,23.0,0.3,0.1,0.8,4.0,4885.0,290.0,95.0,0.1901740020470829
2.0,1.0,24.0,0.3,0.1,0.8,4.0,4675.0,322.0,115.0,0.19272727272727272
2.0,1.0,25.0,0.3,0.1,0.8,4.0,4425.0,325.0,127.0,0.19661016949152543
2.0,1.0,26.0,0.3,0.1,0.8,4.0,4235.0,342.0,152.0,0.19976387249114522
2.0,1.0,27.0,0.3,0.1,0.8,4.0,4035.0,356.0,173.0,0.2037174721189591
2.0,1.0,28.0,0.3,0.1,0.8,4.0,3882.0,365.0,180.0,0.208397733127254
2.0,1.0,29.0,0.3,0.1,0.8,4.0,3723.0,371.0,165.0,0.21300026860059093
2.0,1.0,30.0,0.3,0.1,0.8,4.0,3567.0,367.0,152.0,0.2175497617045136
2.0,1.0,31.0,0.3,0.1,0.8,4.0,3377.0,370.0,169.0,0.22445957950843945
2.0,1.0,32.0,0.3,0.1,0.8,4.0,3233.0,344.0,175.0,0.22888957624497372
2.0,1.0,33.0,0.3,0.1,0.8,4.0,3127.0,360.0,177.0,0.234729772945315
2.0,1.0,34.0,0.3,0.1,0.8,4.0,2948.0,329.0,165.0,0.24185888738127545
2.0,1.0,35.0,0.3,0.1,0.8,4.0,2786.0,324.0,155.0,0.250897343862168
2.0,1.0,36.0,0.3,0.1,0.8,4.0,2647.0,308.0,150.0,0.2572723838307518
2.0,1.0,37.0,0.3,0.1,0.8,4.0,2509.0,305.0,150.0,0.26624153049023513
2.0,1.0,38.0,0.3,0.1,0.8,4.0,2401.0,285.0,144.0,0.27446897126197417
2.0,1.0,39.0,0.3,0.1,0.8,4.0,2327.0,270.0,135.0,0.28061882251826387
2.0,1.0,40.0,0.3,0.1,0.8,4.0,2222.0,260.0,125.0,0.28757875787578757
2.0,1.0,41.0,0.3,0.1,0.8,4.0,2114.0,238.0,116.0,0.29848628192999055
2.0,1.0,42.0,0.3,0.1,0.8,4.0,2023.0,239.0,108.0,0.3079584775086505
2.0,1.0,43.0,0.3,0.1,0.8,4.0,1976.0,227.0,109.0,0.3132591093117409
2.0,1.0,44.0,0.3,0.1,0.8,4.0,1854.0,219.0,106.0,0.32416396979503775
2.0,1.0,45.0,0.3,0.1,0.8,4.0,1780.0,204.0,107.0,0.49157303370786515
2.0,1.0,46.0,0.3,0.1,0.8,4.0,1703.0,181.0,91.0,0.49853200234879624
2.0,1.0,47.0,0.3,0.1,0.8,4.0,1650.0,156.0,81.0,0.503030303030303
2.0,1.0,48.0,0.3,0.1,0.8,4.0,1588.0,127.0,77.0,0.5125944584382871
2.0,1.0,49.0,0.3,0.1,0.8,4.0,1540.0,120.0,76.0,0.5168831168831168
2.0,1.0,50.0,0.3,0.1,0.8,4.0,1509.0,114.0,71.0,0.5241882041086813
2.0,1.0,51.0,0.3,0.1,0.8,4.0,1464.0,90.0,53.0,0.5280054644808743
2.0,1.0,52.0,0.3,0.1,0.8,4.0,1426.0,78.0,45.0,0.5357643758765779
2.0,2.0,1.0,0.3,0.1,0.8,4.0,1409.0,66.0,32.0,0.5379701916252662
2.0,2.0,2.0,0.3,0.1,0.8,4.0,1371.0,57.0,28.0,0.5448577680525164
2.0,2.0,3.0,0.3,0.1,0.8,4.0,1355.0,50.0,29.0,0.5453874538745388
2.0,2.0,4.0,0.3,0.1,0.8,4.0,1328.0,47.0,31.0,0.5481927710843374
2.0,2.0,5.0,0.3,0.1,0.8,4.0,1317.0,44.0,25.0,0.55125284738041
2.0,2.0,6.0,0.3,0.1,0.8,4.0,1286.0,36.0,15.0,0.5567651632970451
2.0,2.0,7.0,0.3,0.1,0.8,4.0,1281.0,31.0,17.0,0.555815768930523
2.0,2.0,8.0,0.3,0.1,0.8,4.0,1257.0,27.0,14.0,0.5608591885441527
2.0,2.0,9.0,0.3,0.1,0.8,4.0,1251.0,25.0,22.0,0.5603517186250999
2.0,2.0,10.0,0.3,0.1,0.8,4.0,1222.0,24.0,15.0,0.5662847790507365
2.0,2.0,11.0,0.3,0.1,0.8,4.0,1210.0,23.0,13.0,0.5644628099173554
2.0,2.0,12.0,0.3,0.1,0.8,4.0,1191.0,13.0,6.0,0.5684298908480269
2.0,2.0,13.0,0.3,0.1,0.8,4.0,1191.0,12.0,5.0,0.5692695214105793
2.0,2.0,14.0,0.3,0.1,0.8,4.0,1180.0,13.0,7.0,0.5694915254237288
2.0,2.0,15.0,0.3,0.1,0.8,4.0,1162.0,12.0,4.0,0.572289156626506
2.0,2.0,16.0,0.3,0.1,0.8,4.0,1126.0,7.0,5.0,0.5683836589698046
2.0,2.0,17.0,0.3,0.1,0.8,4.0,1128.0,8.0,6.0,0.5682624113475178
2.0,2.0,18.0,0.3,0.1,0.8,4.0,1112.0,10.0,5.0,0.5683453237410072
2.0,2.0,19.0,0.3,0.1,0.8,4.0,1103.0,10.0,3.0,0.57116953762466
2.0,2.0,20.0,0.3,0.1,0.8,4.0,2065.0,8.0,4.0,0.30121065375302664
2.0,2.0,21.0,0.3,0.1,0.8,4.0,2036.0,19.0,5.0,0.3010805500982318
2.0,2.0,22.0,0.3,0.1,0.8,4.0,2014.0,26.0,5.0,0.301390268123138
2.0,2.0,23.0,0.3,0.1,0.8,4.0,1994.0,25.0,5.0,0.3029087261785356
2.0,2.0,24.0,0.3,0.1,0.8,4.0,1937.0,26.0,11.0,0.30356220960247804
2.0,2.0,25.0,0.3,0.1,0.8,4.0,1897.0,32.0,13.0,0.30521876647337903
2.0,2.0,26.0,0.3,0.1,0.8,4.0,1898.0,33.0,14.0,0.3040042149631191
2.0,2.0,27.0,0.3,0.1,0.8,4.0,1843.0,30.0,12.0,0.3054801953336951
2.0,2.0,28.0,0.3,0.1,0.8,4.0,1814.0,33.0,15.0,0.30485115766262405
2.0,2.0,29.0,0.3,0.1,0.8,4.0,1752.0,36.0,15.0,0.3059360730593607
2.0,2.0,30.0,0.3,0.1,0.8,4.0,1717.0,42.0,17.0,0.3092603377984857
2.0,2.0,31.0,0.3,0.1,0.8,4.0,1695.0,51.0,17.0,0.30914454277286135
2.0,2.0,32.0,0.3,0.1,0.8,4.0,1668.0,54.0,19.0,0.30995203836930457
2.0,2.0,33.0,0.3,0.1,0.8,4.0,1607.0,54.0,25.0,0.31300560049782206
2.0,2.0,34.0,0.3,0.1,0.8,4.0,1560.0,51.0,31.0,0.31153846153846154
2.0,2.0,35.0,0.3,0.1,0.8,4.0,1480.0,54.0,28.0,0.31351351351351353
2.0,2.0,36.0,0.3,0.1,0.8,4.0,1442.0,52.0,23.0,0.31761442441054094
2.0,2.0,37.0,0.3,0.1,0.8,4.0,1380.0,59.0,22.0,0.32028985507246377
2.0,2.0,38.0,0.3,0.1,0.8,4.0,1360.0,63.0,25.0,0.3191176470588235
2.0,2.0,39.0,0.3,0.1,0.8,4.0,1315.0,57.0,23.0,0.3239543726235741
2.0,2.0,40.0,0.3,0.1,0.8,4.0,1276.0,49.0,27.0,0.31974921630094044
2.0,2.0,41.0,0.3,0.1,0.8,4.0,1228.0,54.0,31.0,0.31921824104234525
2.0,2.0,42.0,0.3,0.1,0.8,4.0,1212.0,50.0,28.0,0.3226072607260726
2.0,2.0,43.0,0.3,0.1,0.8,4.0,1170.0,41.0,22.0,0.32735042735042735
2.0,2.0,44.0,0.3,0.1,0.8,4.0,1157.0,34.0,16.0,0.32843560933448573
2.0,2.0,45.0,0.3,0.1,0.8,4.0,1148.0,38.0,17.0,0.4573170731707317
2.0,2.0,46.0,0.3,0.1,0.8,4.0,1131.0,28.0,14.0,0.4624226348364279
2.0,2.0,47.0,0.3,0.1,0.8,4.0,1109.0,30.0,16.0,0.4643823264201984
2.0,2.0,48.0,0.3,0.1,0.8,4.0,1105.0,22.0,13.0,0.4660633484162896
2.0,2.0,49.0,0.3,0.1,0.8,4.0,1092.0,21.0,13.0,0.4697802197802198
2.0,2.0,50.0,0.3,0.1,0.8,4.0,1079.0,17.0,10.0,0.47080630213160335
2.0,2.0,51.0,0.3,0.1,0.8,4.0,1071.0,16.0,8.0,0.47245564892623715
2.0,2.0,52.0,0.3,0.1,0.8,4.0,1062.0,14.0,7.0,0.4717514124293785
2.0,3.0,1.0,0.3,0.1,0.8,4.0,1059.0,11.0,7.0,0.4730878186968839
2.0,3.0,2.0,0.3,0.1,0.8,4.0,1050.0,14.0,5.0,0.4723809523809524
2.0,3.0,3.0,0.3,0.1,0.8,4.0,1049.0,13.0,4.0,0.4718779790276454
2.0,3.0,4.0,0.3,0.1,0.8,4.0,1035.0,11.0,3.0,0.4714975845410628
2.0,3.0,5.0,0.3,0.1,0.8,4.0,1032.0,12.0,5.0,0.4699612403100775
2.0,3.0,6.0,0.3,0.1,0.8,4.0,1024.0,13.0,5.0,0.4677734375
2.0,3.0,7.0,0.3,0.1,0.8,4.0,1020.0,12.0,5.0,0.4676470588235294
2.0,3.0,8.0,0.3,0.1,0.8,4.0,995.0,12.0,5.0,0.464321608040201
2.0,3.0,9.0,0.3,0.1,0.8,4.0,993.0,14.0,9.0,0.46324269889224573
2.0,3.0,10.0,0.3,0.1,0.8,4.0,969.0,12.0,8.0,0.4695562435500516
2.0,3.0,11.0,0.3,0.1,0.8,4.0,961.0,9.0,8.0,0.46826222684703434
2.0,3.0,12.0,0.3,0.1,0.8,4.0,950.0,8.0,5.0,0.4705263157894737
2.0,3.0,13.0,0.3,0.1,0.8,4.0,935.0,6.0,5.0,0.46951871657754013
2.0,3.0,14.0,0.3,0.1,0.8,4.0,916.0,4.0,2.0,0.47161572052401746
2.0,3.0,15.0,0.3,0.1,0.8,4.0,915.0,5.0,3.0,0.46885245901639344
2.0,3.0,16.0,0.3,0.1,0.8,4.0,911.0,4.0,2.0,0.47310647639956094
2.0,3.0,17.0,0.3,0.1,0.8,4.0,896.0,6.0,3.0,0.4732142857142857
2.0,3.0,18.0,0.3,0.1,0.8,4.0,894.0,6.0,2.0,0.4753914988814318
2.0,3.0,19.0,0.3,0.1,0.8,4.0,889.0,5.0,3.0,0.47131608548931386
2.0,3.0,20.0,0.3,0.1,0.8,4.0,1669.0,6.0,3.0,0.2516476932294787
2.0,3.0,21.0,0.3,0.1,0.8,4.0,1631.0,11.0,4.0,0.25137952176578787
2.0,3.0,22.0,0.3,0.1,0.8,4.0,1590.0,13.0,3.0,0.25157232704402516
2.0,3.0,23.0,0.3,0.1,0.8,4.0,1504.0,8.0,2.0,0.25199468085106386
2.0,3.0,24.0,0.3,0.1,0.8,4.0,1476.0,10.0,2.0,0.2506775067750677
2.0,3.0,25.0,0.3,0.1,0.8,4.0,1403.0,10.0,5.0,0.25588025659301494
2.0,3.0,26.0,0.3,0.1,0.8,4.0,1336.0,6.0,4.0,0.25449101796407186
2.0,3.0,27.0,0.3,0.1,0.8,4.0,1330.0,9.0,4.0,0.2586466165413534
2.0,3.0,28.0,0.3,0.1,0.8,4.0,1300.0,10.0,4.0,0.2569230769230769
2.0,3.0,29.0,0.3,0.1,0.8,4.0,1271.0,11.0,8.0,0.2612116443745083
2.0,3.0,30.0,0.3,0.1,0.8,4.0,1239.0,15.0,7.0,0.25907990314769974
2.0,3.0,31.0,0.3,0.1,0.8,4.0,1234.0,14.0,5.0,0.2593192868719611
2.0,3.0,32.0,0.3,0.1,0.8,4.0,1220.0,11.0,3.0,0.25901639344262295
2.0,3.0,33.0,0.3,0.1,0.8,4.0,1201.0,16.0,3.0,0.26061615320566195
2.0,3.0,34.0,0.3,0.1,0.8,4.0,1184.0,20.0,6.0,0.2592905405405405
2.0,3.0,35.0,0.3,0.1,0.8,4.0,1166.0,19.0,8.0,0.2607204116638079
2.0,3.0,36.0,0.3,0.1,0.8,4.0,1141.0,21.0,12.0,0.26117440841367223
2.0,3.0,37.0,0.3,0.1,0.8,4.0,1140.0,20.0,11.0,0.26228070175438595
2.0,3.0,38.0,0.3,0.1,0.8,4.0,1110.0,24.0,11.0,0.26216216216216215
2.0,3.0,39.0,0.3,0.1,0.8,4.0,1089.0,25.0,9.0,0.25895316804407714
2.0,3.0,40.0,0.3,0.1,0.8,4.0,1006.0,17.0,11.0,0.2614314115308151
2.0,3.0,41.0,0.3,0.1,0.8,4.0,1008.0,17.0,9.0,0.2628968253968254
2.0,3.0,42.0,0.3,0.1,0.8,4.0,983.0,13.0,8.0,0.2644964394710071
2.0,3.0,43.0,0.3,0.1,0.8,4.0,974.0,11.0,6.0,0.2648870636550308
2.0,3.0,44.0,0.3,0.1,0.8,4.0,961.0,13.0,6.0,0.26534859521331944
2.0,3.0,45.0,0.3,0.1,0.8,4.0,937.0,12.0,4.0,0.4194236926360726
2.0,3.0,46.0,0.3,0.1,0.8,4.0,921.0,12.0,4.0,0.4201954397394137
2.0,3.0,47.0,0.3,0.1,0.8,4.0,917.0,12.0,6.0,0.42093784078516905
2.0,3.0,48.0,0.3,0.1,0.8,4.0,917.0,11.0,6.0,0.4198473282442748
2.0,3.0,49.0,0.3,0.1,0.8,4.0,908.0,10.0,5.0,0.42180616740088106
2.0,3.0,50.0,0.3,0.1,0.8,4.0,895.0,8.0,4.0,0.41899441340782123
2.0,3.0,51.0,0.3,0.1,0.8,4.0,881.0,9.0,4.0,0.4188422247446084
2.0,3.0,52.0,0.3,0.1,0.8,4.0,883.0,9.0,6.0,0.4178935447338618
2.0,4.0,1.0,0.3,0.1,0.8,4.0,872.0,8.0,4.0,0.41857798165137616
2.0,4.0,2.0,0.3,0.1,0.8,4.0,869.0,8.0,5.0,0.42002301495972383
2.0,4.0,3.0,0.3,0.1,0.8,4.0,859.0,7.0,3.0,0.4190919674039581
2.0,4.0,4.0,0.3,0.1,0.8,4.0,859.0,7.0,4.0,0.420256111757858
2.0,4.0,5.0,0.3,0.1,0.8,4.0,840.0,6.0,4.0,0.41904761904761906
2.0,4.0,6.0,0.3,0.1,0.8,4.0,844.0,7.0,4.0,0.4206161137440758
2.0,4.0,7.0,0.3,0.1,0.8,4.0,817.0,7.0,3.0,0.423500611995104
2.0,4.0,8.0,0.3,0.1,0.8,4.0,817.0,5.0,3.0,0.4259485924112607
2.0,4.0,9.0,0.3,0.1,0.8,4.0,802.0,7.0,2.0,0.4251870324189526
2.0,4.0,10.0,0.3,0.1,0.8,4.0,803.0,7.0,5.0,0.42839352428393523
2.0,4.0,11.0,0.3,0.1,0.8,4.0,797.0,5.0,3.0,0.42534504391468003
2.0,4.0,12.0,0.3,0.1,0.8,4.0,789.0,7.0,4.0,0.42712294043092525
2.0,4.0,13.0,0.3,0.1,0.8,4.0,773.0,5.0,3.0,0.4269081500646831
2.0,4.0,14.0,0.3,0.1,0.8,4.0,765.0,9.0,3.0,0.43137254901960786
2.0,4.0,15.0,0.3,0.1,0.8,4.0,756.0,8.0,4.0,0.42724867724867727
2.0,4.0,16.0,0.3,0.1,0.8,4.0,753.0,8.0,2.0,0.4316069057104914
2.0,4.0,17.0,0.3,0.1,0.8,4.0,747.0,9.0,5.0,0.42704149933065594
2.0,4.0,18.0,0.3,0.1,0.8,4.0,732.0,8.0,4.0,0.43169398907103823
2.0,4.0,19.0,0.3,0.1,0.8,4.0,723.0,10.0,6.0,0.4287690179806362
2.0,4.0,20.0,0.3,0.1,0.8,4.0,1350.0,7.0,4.0,0.23333333333333334
2.0,4.0,21.0,0.3,0.1,0.8,4.0,1310.0,11.0,4.0,0.23282442748091603
2.0,4.0,22.0,0.3,0.1,0.8,4.0,1318.0,11.0,2.0,0.23520485584218512
2.0,4.0,23.0,0.3,0.1,0.8,4.0,1251.0,11.0,3.0,0.23501199040767387
2.0,4.0,24.0,0.3,0.1,0.8,4.0,1195.0,15.0,4.0,0.23765690376569037
2.0,4.0,25.0,0.3,0.1,0.8,4.0,1153.0,24.0,8.0,0.24111014744145706
2.0,4.0,26.0,0.3,0.1,0.8,4.0,1127.0,21.0,11.0,0.24134871339840283
2.0,4.0,27.0,0.3,0.1,0.8,4.0,1105.0,24.0,12.0,0.23891402714932128
2.0,4.0,28.0,0.3,0.1,0.8,4.0,1076.0,26.0,9.0,0.241635687732342
2.0,4.0,29.0,0.3,0.1,0.8,4.0,1064.0,25.0,7.0,0.24342105263157895
2.0,4.0,30.0,0.3,0.1,0.8,4.0,1038.0,26.0,12.0,0.24470134874759153
2.0,4.0,31.0,0.3,0.1,0.8,4.0,1014.0,31.0,14.0,0.2445759368836292
2.0,4.0,32.0,0.3,0.1,0.8,4.0,995.0,32.0,17.0,0.24623115577889448
2.0,4.0,33.0,0.3,0.1,0.8,4.0,962.0,29.0,16.0,0.2494802494802495
2.0,4.0,34.0,0.3,0.1,0.8,4.0,951.0,36.0,14.0,0.25236593059936907
2.0,4.0,35.0,0.3,0.1,0.8,4.0,931.0,37.0,14.0,0.2513426423200859
2.0,4.0,36.0,0.3,0.1,0.8,4.0,928.0,39.0,13.0,0.25323275862068967
2.0,4.0,37.0,0.3,0.1,0.8,4.0,897.0,36.0,19.0,0.2564102564102564
2.0,4.0,38.0,0.3,0.1,0.8,4.0,883.0,31.0,15.0,0.25934314835787087
2.0,4.0,39.0,0.3,0.1,0.8,4.0,874.0,31.0,13.0,0.2562929061784897
2.0,4.0,40.0,0.3,0.1,0.8,4.0,864.0,24.0,14.0,0.26157407407407407
2.0,4.0,41.0,0.3,0.1,0.8,4.0,847.0,25.0,16.0,0.26092089728453366
2.0,4.0,42.0,0.3,0.1,0.8,4.0,828.0,29.0,17.0,0.2669082125603865
2.0,4.0,43.0,0.3,0.1,0.8,4.0,803.0,21.0,9.0,0.26774595267745954
2.0,4.0,44.0,0.3,0.1,0.8,4.0,805.0,19.0,11.0,0.2708074534161491
2.0,4.0,45.0,0.3,0.1,0.8,4.0,794.0,19.0,11.0,0.42191435768261965
2.0,4.0,46.0,0.3,0.1,0.8,4.0,794.0,22.0,13.0,0.42317380352644834
2.0,4.0,47.0,0.3,0.1,0.8,4.0,754.0,15.0,7.0,0.4270557029177719
2.0,4.0,48.0,0.3,0.1,0.8,4.0,754.0,15.0,7.0,0.4270557029177719
2.0,4.0,49.0,0.3,0.1,0.8,4.0,743.0,18.0,8.0,0.4266487213997308
2.0,4.0,50.0,0.3,0.1,0.8,4.0,742.0,17.0,7.0,0.42587601078167114
2.0,4.0,51.0,0.3,0.1,0.8,4.0,730.0,16.0,8.0,0.4273972602739726
2.0,4.0,52.0,0.3,0.1,0.8,4.0,715.0,13.0,8.0,0.42377622377622376
2.0,5.0,1.0,0.3,0.1,0.8,4.0,710.0,13.0,8.0,0.4253521126760563
2.0,5.0,2.0,0.3,0.1,0.8,4.0,710.0,12.0,7.0,0.423943661971831
2.0,5.0,3.0,0.3,0.1,0.8,4.0,695.0,9.0,4.0,0.4302158273381295
2.0,5.0,4.0,0.3,0.1,0.8,4.0,690.0,8.0,3.0,0.427536231884058
2.0,5.0,5.0,0.3,0.1,0.8,4.0,688.0,8.0,5.0,0.43023255813953487
2.0,5.0,6.0,0.3,0.1,0.8,4.0,682.0,9.0,4.0,0.43255131964809385
2.0,5.0,7.0,0.3,0.1,0.8,4.0,683.0,9.0,4.0,0.4289897510980966
2.0,5.0,8.0,0.3,0.1,0.8,4.0,673.0,6.0,3.0,0.4309063893016345
2.0,5.0,9.0,0.3,0.1,0.8,4.0,672.0,7.0,4.0,0.43005952380952384
2.0,5.0,10.0,0.3,0.1,0.8,4.0,665.0,7.0,4.0,0.4330827067669173
2.0,5.0,11.0,0.3,0.1,0.8,4.0,653.0,5.0,3.0,0.43032159264931086
2.0,5.0,12.0,0.3,0.1,0.8,4.0,645.0,4.0,3.0,0.4356589147286822
2.0,5.0,13.0,0.3,0.1,0.8,4.0,646.0,5.0,3.0,0.43188854489164086
2.0,5.0,14.0,0.3,0.1,0.8,4.0,640.0,4.0,3.0,0.434375
2.0,5.0,15.0,0.3,0.1,0.8,4.0,640.0,4.0,2.0,0.4328125
2.0,5.0,16.0,0.3,0.1,0.8,4.0,634.0,2.0,2.0,0.4353312302839117
2.0,5.0,17.0,0.3,0.1,0.8,4.0,625.0,1.0,1.0,0.4352
2.0,5.0,18.0,0.3,0.1,0.8,4.0,629.0,1.0,1.0,0.43879173290937995
2.0,5.0,19.0,0.3,0.1,0.8,4.0,621.0,0.0,0.0,0.43478260869565216
2.0,5.0,20.0,0.3,0.1,0.8,4.0,1146.0,0.0,0.0,0.23472949389179756
2.0,5.0,21.0,0.3,0.1,0.8,4.0,1146.0,0.0,0.0,0.2338568935427574
2.0,5.0,22.0,0.3,0.1,0.8,4.0,1117.0,0.0,0.0,0.23545210384959714
2.0,5.0,23.0,0.3,0.1,0.8,4.0,1083.0,0.0,0.0,0.23730378578024008
2.0,5.0,24.0,0.3,0.1,0.8,4.0,1047.0,0.0,0.0,0.24068767908309455
2.0,5.0,25.0,0.3,0.1,0.8,4.0,1031.0,0.0,0.0,0.24248302618816683
2.0,5.0,26.0,0.3,0.1,0.8,4.0,1034.0,0.0,0.0,0.24274661508704062
2.0,5.0,27.0,0.3,0.1,0.8,4.0,1019.0,0.0,0.0,0.24435721295387636
2.0,5.0,28.0,0.3,0.1,0.8,4.0,1021.0,0.0,0.0,0.24094025465230168
2.0,5.0,29.0,0.3,0.1,0.8,4.0,1008.0,0.0,0.0,0.24305555555555555
2.0,5.0,30.0,0.3,0.1,0.8,4.0,1020.0,0.0,0.0,0.24019607843137256
2.0,5.0,31.0,0.3,0.1,0.8,4.0,1000.0,0.0,0.0,0.243
2.0,5.0,32.0,0.3,0.1,0.8,4.0,979.0,0.0,0.0,0.24208375893769152
2.0,5.0,33.0,0.3,0.1,0.8,4.0,916.0,0.0,0.0,0.25
2.0,5.0,34.0,0.3,0.1,0.8,4.0,931.0,0.0,0.0,0.24704618689581095
2.0,5.0,35.0,0.3,0.1,0.8,4.0,903.0,0.0,0.0,0.25249169435215946
2.0,5.0,36.0,0.3,0.1,0.8,4.0,906.0,0.0,0.0,0.25165562913907286
2.0,5.0,37.0,0.3,0.1,0.8,4.0,872.0,0.0,0.0,0.2545871559633027
2.0,5.0,38.0,0.3,0.1,0.8,4.0,885.0,0.0,0.0,0.2519774011299435
2.0,5.0,39.0,0.3,0.1,0.8,4.0,871.0,0.0,0.0,0.25487944890929964
2.0,5.0,40.0,0.3,0.1,0.8,4.0,873.0,0.0,0.0,0.24856815578465064
2.0,5.0,41.0,0.3,0.1,0.8,4.0,858.0,0.0,0.0,0.2529137529137529
2.0,5.0,42.0,0.3,0.1,0.8,4.0,872.0,0.0,0.0,0.24885321100917432
2.0,5.0,43.0,0.3,0.1,0.8,4.0,858.0,0.0,0.0,0.2505827505827506
2.0,5.0,44.0,0.3,0.1,0.8,4.0,861.0,0.0,0.0,0.24854819976771197
2.0,5.0,45.0,0.3,0.1,0.8,4.0,800.0,0.0,0.0,0.4025
2.0,5.0,46.0,0.3,0.1,0.8,4.0,820.0,0.0,0.0,0.3951219512195122
2.0,5.0,47.0,0.3,0.1,0.8,4.0,802.0,0.0,0.0,0.4014962593516209
2.0,5.0,48.0,0.3,0.1,0.8,4.0,814.0,0.0,0.0,0.39926289926289926
2.0,5.0,49.0,0.3,0.1,0.8,4.0,793.0,0.0,0.0,0.40226986128625475
2.0,5.0,50.0,0.3,0.1,0.8,4.0,804.0,0.0,0.0,0.4017412935323383
2.0,5.0,51.0,0.3,0.1,0.8,4.0,786.0,0.0,0.0,0.4033078880407125
2.0,5.0,52.0,0.3,0.1,0.8,4.0,798.0,0.0,0.0,0.40100250626566414
2.0,6.0,1.0,0.3,0.1,0.8,4.0,779.0,0.0,0.0,0.4030808729139923
2.0,6.0,2.0,0.3,0.1,0.8,4.0,789.0,0.0,0.0,0.40304182509505704
2.0,6.0,3.0,0.3,0.1,0.8,4.0,761.0,0.0,0.0,0.4021024967148489
2.0,6.0,4.0,0.3,0.1,0.8,4.0,775.0,0.0,0.0,0.40258064516129033
2.0,6.0,5.0,0.3,0.1,0.8,4.0,757.0,0.0,0.0,0.40158520475561427
2.0,6.0,6.0,0.3,0.1,0.8,4.0,768.0,0.0,0.0,0.40234375
2.0,6.0,7.0,0.3,0.1,0.8,4.0,754.0,0.0,0.0,0.4005305039787798
2.0,6.0,8.0,0.3,0.1,0.8,4.0,761.0,0.0,0.0,0.4007884362680683
2.0,6.0,9.0,0.3,0.1,0.8,4.0,744.0,0.0,0.0,0.4018817204301075
2.0,6.0,10.0,0.3,0.1,0.8,4.0,739.0,0.0,0.0,0.401894451962111
2.0,6.0,11.0,0.3,0.1,0.8,4.0,725.0,0.0,0.0,0.4
2.0,6.0,12.0,0.3,0.1,0.8,4.0,734.0,0.0,0.0,0.4019073569482289
2.0,6.0,13.0,0.3,0.1,0.8,4.0,722.0,0.0,0.0,0.4002770083102493
2.0,6.0,14.0,0.3,0.1,0.8,4.0,730.0,0.0,0.0,0.3972602739726027
2.0,6.0,15.0,0.3,0.1,0.8,4.0,711.0,0.0,0.0,0.39943741209563993
2.0,6.0,16.0,0.3,0.1,0.8,4.0,726.0,0.0,0.0,0.39944903581267216
2.0,6.0,17.0,0.3,0.1,0.8,4.0,706.0,0.0,0.0,0.40226628895184136
2.0,6.0,18.0,0.3,0.1,0.8,4.0,719.0,0.0,0.0,0.4019471488178025
2.0,6.0,19.0,0.3,0.1,0.8,4.0,701.0,0.0,0.0,0.4037089871611983
2.0,6.0,20.0,0.3,0.1,0.8,4.0,1330.0,0.0,0.0,0.21729323308270676
2.0,6.0,21.0,0.3,0.1,0.8,4.0,1277.0,0.0,0.0,0.2192638997650744
2.0,6.0,22.0,0.3,0.1,0.8,4.0,1268.0,0.0,0.0,0.2192429022082019
2.0,6.0,23.0,0.3,0.1,0.8,4.0,1188.0,0.0,0.0,0.2222222222222222
2.0,6.0,24.0,0.3,0.1,0.8,4.0,1137.0,0.0,0.0,0.23043095866314864
2.0,6.0,25.0,0.3,0.1,0.8,4.0,1134.0,0.0,0.0,0.2310405643738977
2.0,6.0,26.0,0.3,0.1,0.8,4.0,1099.0,0.0,0.0,0.2283894449499545
2.0,6.0,27.0,0.3,0.1,0.8,4.0,1106.0,0.0,0.0,0.22965641952983726
2.0,6.0,28.0,0.3,0.1,0.8,4.0,1089.0,0.0,0.0,0.22773186409550045
2.0,6.0,29.0,0.3,0.1,0.8,4.0,1056.0,0.0,0.0,0.22821969696969696
2.0,6.0,30.0,0.3,0.1,0.8,4.0,1013.0,0.0,0.0,0.228035538005923
2.0,6.0,31.0,0.3,0.1,0.8,4.0,957.0,0.0,0.0,0.2361546499477534
2.0,6.0,32.0,0.3,0.1,0.8,4.0,961.0,0.0,0.0,0.23413111342351717
2.0,6.0,33.0,0.3,0.1,0.8,4.0,946.0,0.0,0.0,0.2357293868921776
2.0,6.0,34.0,0.3,0.1,0.8,4.0,950.0,0.0,0.0,0.2336842105263158
2.0,6.0,35.0,0.3,0.1,0.8,4.0,940.0,0.0,0.0,0.23617021276595745
2.0,6.0,36.0,0.3,0.1,0.8,4.0,931.0,0.0,0.0,0.23308270676691728
2.0,6.0,37.0,0.3,0.1,0.8,4.0,914.0,0.0,0.0,0.23851203501094093
2.0,6.0,38.0,0.3,0.1,0.8,4.0,915.0,0.0,0.0,0.2360655737704918
2.0,6.0,39.0,0.3,0.1,0.8,4.0,892.0,0.0,0.0,0.23878923766816143
2.0,6.0,40.0,0.3,0.1,0.8,4.0,869.0,0.0,0.0,0.24050632911392406
2.0,6.0,41.0,0.3,0.1,0.8,4.0,833.0,0.0,0.0,0.24009603841536614
2.0,6.0,42.0,0.3,0.1,0.8,4.0,827.0,0.0,0.0,0.2370012091898428
2.0,6.0,43.0,0.3,0.1,0.8,4.0,827.0,0.0,0.0,0.23821039903264812
2.0,6.0,44.0,0.3,0.1,0.8,4.0,824.0,0.0,0.0,0.2366504854368932
2.0,6.0,45.0,0.3,0.1,0.8,4.0,814.0,0.0,0.0,0.40786240786240785
2.0,6.0,46.0,0.3,0.1,0.8,4.0,810.0,0.0,0.0,0.40987654320987654
2.0,6.0,47.0,0.3,0.1,0.8,4.0,783.0,0.0,0.0,0.4086845466155811
2.0,6.0,48.0,0.3,0.1,0.8,4.0,781.0,0.0,0.0,0.41101152368758004
2.0,6.0,49.0,0.3,0.1,0.8,4.0,771.0,0.0,0.0,0.41115434500648507
2.0,6.0,50.0,0.3,0.1,0.8,4.0,763.0,0.0,0.0,0.4089121887287025
2.0,6.0,51.0,0.3,0.1,0.8,4.0,759.0,0.0,0.0,0.40974967061923584
2.0,6.0,52.0,0.3,0.1,0.8,4.0,762.0,0.0,0.0,0.40813648293963256
2.0,7.0,1.0,0.3,0.1,0.8,4.0,753.0,0.0,0.0,0.4077025232403719
2.0,7.0,2.0,0.3,0.1,0.8,4.0,759.0,0.0,0.0,0.40974967061923584
2.0,7.0,3.0,0.3,0.1,0.8,4.0,751.0,0.0,0.0,0.41011984021304926
2.0,7.0,4.0,0.3,0.1,0.8,4.0,754.0,0.0,0.0,0.40981432360742703
2.0,7.0,5.0,0.3,0.1,0.8,4.0,749.0,0.0,0.0,0.411214953271028
2.0,7.0,6.0,0.3,0.1,0.8,4.0,735.0,0.0,0.0,0.41360544217687073
2.0,7.0,7.0,0.3,0.1,0.8,4.0,729.0,0.0,0.0,0.41289437585733885
2.0,7.0,8.0,0.3,0.1,0.8,4.0,730.0,0.0,0.0,0.410958904109589
2.0,7.0,9.0,0.3,0.1,0.8,4.0,725.0,0.0,0.0,0.41517241379310343
2.0,7.0,10.0,0.3,0.1,0.8,4.0,726.0,0.0,0.0,0.4118457300275482
2.0,7.0,11.0,0.3,0.1,0.8,4.0,724.0,0.0,0.0,0.4157458563535912
2.0,7.0,12.0,0.3,0.1,0.8,4.0,726.0,0.0,0.0,0.41046831955922863
2.0,7.0,13.0,0.3,0.1,0.8,4.0,708.0,0.0,0.0,0.4180790960451977
2.0,7.0,14.0,0.3,0.1,0.8,4.0,712.0,0.0,0.0,0.4143258426966292
2.0,7.0,15.0,0.3,0.1,0.8,4.0,704.0,0.0,0.0,0.4190340909090909
2.0,7.0,16.0,0.3,0.1,0.8,4.0,710.0,0.0,0.0,0.4154929577464789
2.0,7.0,17.0,0.3,0.1,0.8,4.0,699.0,0.0,0.0,0.4206008583690987
2.0,7.0,18.0,0.3,0.1,0.8,4.0,708.0,0.0,0.0,0.4152542372881356
2.0,7.0,19.0,0.3,0.1,0.8,4.0,695.0,0.0,0.0,0.42158273381294964
2.0,7.0,20.0,0.3,0.1,0.8,4.0,1363.0,0.0,0.0,0.2164343360234776
2.0,7.0,21.0,0.3,0.1,0.8,4.0,1282.0,0.0,0.0,0.22230889235569423
2.0,7.0,22.0,0.3,0.1,0.8,4.0,1287.0,0.0,0.0,0.21833721833721834
2.0,7.0,23.0,0.3,0.1,0.8,4.0,1188.0,0.0,0.0,0.22727272727272727
2.0,7.0,24.0,0.3,0.1,0.8,4.0,1205.0,0.0,0.0,0.22074688796680497
2.0,7.0,25.0,0.3,0.1,0.8,4.0,1151.0,0.0,0.0,0.22589052997393572
2.0,7.0,26.0,0.3,0.1,0.8,4.0,1163.0,0.0,0.0,0.2226999140154772
2.0,7.0,27.0,0.3,0.1,0.8,4.0,1110.0,0.0,0.0,0.22432432432432434
2.0,7.0,28.0,0.3,0.1,0.8,4.0,1059.0,0.0,0.0,0.22285174693106705
2.0,7.0,29.0,0.3,0.1,0.8,4.0,1017.0,0.0,0.0,0.2222222222222222
2.0,7.0,30.0,0.3,0.1,0.8,4.0,986.0,0.0,0.0,0.22210953346855983
2.0,7.0,31.0,0.3,0.1,0.8,4.0,984.0,0.0,0.0,0.22357723577235772
2.0,7.0,32.0,0.3,0.1,0.8,4.0,970.0,0.0,0.0,0.22164948453608246
2.0,7.0,33.0,0.3,0.1,0.8,4.0,933.0,0.0,0.0,0.22615219721329047
2.0,7.0,34.0,0.3,0.1,0.8,4.0,929.0,0.0,0.0,0.2217438105489774
2.0,7.0,35.0,0.3,0.1,0.8,4.0,924.0,0.0,0.0,0.22402597402597402
2.0,7.0,36.0,0.3,0.1,0.8,4.0,890.0,0.0,0.0,0.22359550561797753
2.0,7.0,37.0,0.3,0.1,0.8,4.0,863.0,0.0,0.0,0.22827346465816917
2.0,7.0,38.0,0.3,0.1,0.8,4.0,830.0,0.0,0.0,0.2253012048192771
2.0,7.0,39.0,0.3,0.1,0.8,4.0,823.0,0.0,0.0,0.2284325637910085
2.0,7.0,40.0,0.3,0.1,0.8,4.0,807.0,0.0,0.0,0.22800495662949194
2.0,7.0,41.0,0.3,0.1,0.8,4.0,799.0,0.0,0.0,0.23028785982478098
2.0,7.0,42.0,0.3,0.1,0.8,4.0,784.0,0.0,0.0,0.22959183673469388
2.0,7.0,43.0,0.3,0.1,0.8,4.0,747.0,0.0,0.0,0.23293172690763053
2.0,7.0,44.0,0.3,0.1,0.8,4.0,743.0,0.0,0.0,0.23149394347240915
2.0,7.0,45.0,0.3,0.1,0.8,4.0,746.0,0.0,0.0,0.4075067024128686
2.0,7.0,46.0,0.3,0.1,0.8,4.0,731.0,0.0,0.0,0.4076607387140903
2.0,7.0,47.0,0.3,0.1,0.8,4.0,735.0,0.0,0.0,0.40816326530612246
2.0,7.0,48.0,0.3,0.1,0.8,4.0,707.0,0.0,0.0,0.4101838755304102
2.0,7.0,49.0,0.3,0.1,0.8,4.0,710.0,0.0,0.0,0.4098591549295775
2.0,7.0,50.0,0.3,0.1,0.8,4.0,703.0,0.0,0.0,0.4096728307254623
2.0,7.0,51.0,0.3,0.1,0.8,4.0,686.0,0.0,0.0,0.4110787172011662
2.0,7.0,52.0,0.3,0.1,0.8,4.0,680.0,0.0,0.0,0.4102941176470588
2.0,8.0,1.0,0.3,0.1,0.8,4.0,683.0,0.0,0.0,0.41142020497803805
2.0,8.0,2.0,0.3,0.1,0.8,4.0,676.0,0.0,0.0,0.40976331360946744
2.0,8.0,3.0,0.3,0.1,0.8,4.0,682.0,0.0,0.0,0.4120234604105572
2.0,8.0,4.0,0.3,0.1,0.8,4.0,676.0,0.0,0.0,0.40976331360946744
2.0,8.0,5.0,0.3,0.1,0.8,4.0,669.0,0.0,0.0,0.4155455904334828
2.0,8.0,6.0,0.3,0.1,0.8,4.0,664.0,0.0,0.0,0.4126506024096386
2.0,8.0,7.0,0.3,0.1,0.8,4.0,656.0,0.0,0.0,0.4176829268292683
2.0,8.0,8.0,0.3,0.1,0.8,4.0,653.0,0.0,0.0,0.4165390505359878
2.0,8.0,9.0,0.3,0.1,0.8,4.0,652.0,0.0,0.0,0.42024539877300615
2.0,8.0,10.0,0.3,0.1,0.8,4.0,645.0,0.0,0.0,0.4186046511627907
2.0,8.0,11.0,0.3,0.1,0.8,4.0,648.0,0.0,0.0,0.4212962962962963
2.0,8.0,12.0,0.3,0.1,0.8,4.0,641.0,0.0,0.0,0.42121684867394693
2.0,8.0,13.0,0.3,0.1,0.8,4.0,644.0,0.0,0.0,0.422360248447205
2.0,8.0,14.0,0.3,0.1,0.8,4.0,641.0,0.0,0.0,0.41965678627145087
2.0,8.0,15.0,0.3,0.1,0.8,4.0,645.0,0.0,0.0,0.4201550387596899
2.0,8.0,16.0,0.3,0.1,0.8,4.0,638.0,0.0,0.0,0.4216300940438871
2.0,8.0,17.0,0.3,0.1,0.8,4.0,637.0,0.0,0.0,0.423861852433281
2.0,8.0,18.0,0.3,0.1,0.8,4.0,638.0,0.0,0.0,0.4231974921630094
2.0,8.0,19.0,0.3,0.1,0.8,4.0,627.0,0.0,0.0,0.4226475279106858
2.0,8.0,20.0,0.3,0.1,0.8,4.0,1161.0,0.0,0.0,0.22825150732127478
2.0,8.0,21.0,0.3,0.1,0.8,4.0,1137.0,0.0,0.0,0.22691292875989447
2.0,8.0,22.0,0.3,0.1,0.8,4.0,1095.0,0.0,0.0,0.2319634703196347
2.0,8.0,23.0,0.3,0.1,0.8,4.0,1004.0,0.0,0.0,0.23306772908366533
2.0,8.0,24.0,0.3,0.1,0.8,4.0,999.0,0.0,0.0,0.23623623623623624
2.0,8.0,25.0,0.3,0.1,0.8,4.0,966.0,0.0,0.0,0.2370600414078675
2.0,8.0,26.0,0.3,0.1,0.8,4.0,964.0,0.0,0.0,0.24273858921161826
2.0,8.0,27.0,0.3,0.1,0.8,4.0,947.0,0.0,0.0,0.24076029567053855
2.0,8.0,28.0,0.3,0.1,0.8,4.0,942.0,0.0,0.0,0.24416135881104034
2.0,8.0,29.0,0.3,0.1,0.8,4.0,885.0,0.0,0.0,0.24632768361581922
2.0,8.0,30.0,0.3,0.1,0.8,4.0,902.0,0.0,0.0,0.24833702882483372
2.0,8.0,31.0,0.3,0.1,0.8,4.0,884.0,0.0,0.0,0.24660633484162897
2.0,8.0,32.0,0.3,0.1,0.8,4.0,858.0,0.0,0.0,0.25524475524475526
2.0,8.0,33.0,0.3,0.1,0.8,4.0,827.0,0.0,0.0,0.25634824667472794
2.0,8.0,34.0,0.3,0.1,0.8,4.0,832.0,0.0,0.0,0.2608173076923077
2.0,8.0,35.0,0.3,0.1,0.8,4.0,801.0,0.0,0.0,0.2634207240948814
2.0,8.0,36.0,0.3,0.1,0.8,4.0,807.0,0.0,0.0,0.2664188351920694
2.0,8.0,37.0,0.3,0.1,0.8,4.0,789.0,0.0,0.0,0.26489226869455007
2.0,8.0,38.0,0.3,0.1,0.8,4.0,796.0,0.0,0.0,0.2638190954773869
2.0,8.0,39.0,0.3,0.1,0.8,4.0,776.0,0.0,0.0,0.26804123711340205
2.0,8.0,40.0,0.3,0.1,0.8,4.0,783.0,0.0,0.0,0.2669220945083014
2.0,8.0,41.0,0.3,0.1,0.8,4.0,776.0,0.0,0.0,0.26804123711340205
2.0,8.0,42.0,0.3,0.1,0.8,4.0,771.0,0.0,0.0,0.26848249027237353
2.0,8.0,43.0,0.3,0.1,0.8,4.0,765.0,0.0,0.0,0.269281045751634
2.0,8.0,44.0,0.3,0.1,0.8,4.0,771.0,0.0,0.0,0.26848249027237353
2.0,8.0,45.0,0.3,0.1,0.8,4.0,764.0,0.0,0.0,0.418848167539267
2.0,8.0,46.0,0.3,0.1,0.8,4.0,769.0,0.0,0.0,0.4187256176853056
2.0,8.0,47.0,0.3,0.1,0.8,4.0,763.0,0.0,0.0,0.418086500655308
2.0,8.0,48.0,0.3,0.1,0.8,4.0,756.0,0.0,0.0,0.41798941798941797
2.0,8.0,49.0,0.3,0.1,0.8,4.0,750.0,0.0,0.0,0.41733333333333333
2.0,8.0,50.0,0.3,0.1,0.8,4.0,753.0,0.0,0.0,0.4196547144754316
2.0,8.0,51.0,0.3,0.1,0.8,4.0,750.0,0.0,0.0,0.41733333333333333
2.0,8.0,52.0,0.3,0.1,0.8,4.0,752.0,0.0,0.0,0.42021276595744683
2.0,9.0,1.0,0.3,0.1,0.8,4.0,749.0,0.0,0.0,0.4165554072096128
2.0,9.0,2.0,0.3,0.1,0.8,4.0,751.0,0.0,0.0,0.4207723035952064
2.0,9.0,3.0,0.3,0.1,0.8,4.0,746.0,0.0,0.0,0.41823056300268097
2.0,9.0,4.0,0.3,0.1,0.8,4.0,746.0,0.0,0.0,0.4222520107238606
2.0,9.0,5.0,0.3,0.1,0.8,4.0,745.0,0.0,0.0,0.41879194630872485
2.0,9.0,6.0,0.3,0.1,0.8,4.0,746.0,0.0,0.0,0.4222520107238606
2.0,9.0,7.0,0.3,0.1,0.8,4.0,743.0,0.0,0.0,0.4199192462987887
2.0,9.0,8.0,0.3,0.1,0.8,4.0,742.0,0.0,0.0,0.42452830188679247
2.0,9.0,9.0,0.3,0.1,0.8,4.0,737.0,0.0,0.0,0.4233378561736771
2.0,9.0,10.0,0.3,0.1,0.8,4.0,737.0,0.0,0.0,0.4260515603799186
2.0,9.0,11.0,0.3,0.1,0.8,4.0,733.0,0.0,0.0,0.4256480218281037
2.0,9.0,12.0,0.3,0.1,0.8,4.0,736.0,0.0,0.0,0.4266304347826087
2.0,9.0,13.0,0.3,0.1,0.8,4.0,732.0,0.0,0.0,0.4262295081967213
2.0,9.0,14.0,0.3,0.1,0.8,4.0,735.0,0.0,0.0,0.4272108843537415
2.0,9.0,15.0,0.3,0.1,0.8,4.0,726.0,0.0,0.0,0.4283746556473829
2.0,9.0,16.0,0.3,0.1,0.8,4.0,735.0,0.0,0.0,0.4272108843537415
2.0,9.0,17.0,0.3,0.1,0.8,4.0,726.0,0.0,0.0,0.4283746556473829
2.0,9.0,18.0,0.3,0.1,0.8,4.0,735.0,0.0,0.0,0.4272108843537415
2.0,9.0,19.0,0.3,0.1,0.8,4.0,726.0,0.0,0.0,0.4283746556473829
2.0,9.0,20.0,0.3,0.1,0.8,4.0,1288.0,0.0,0.0,0.23369565217391305
2.0,9.0,21.0,0.3,0.1,0.8,4.0,1263.0,0.0,0.0,0.23515439429928742
2.0,9.0,22.0,0.3,0.1,0.8,4.0,1250.0,0.0,0.0,0.2376
2.0,9.0,23.0,0.3,0.1,0.8,4.0,1233.0,0.0,0.0,0.23682076236820762
2.0,9.0,24.0,0.3,0.1,0.8,4.0,1220.0,0.0,0.0,0.24098360655737705
2.0,9.0,25.0,0.3,0.1,0.8,4.0,1166.0,0.0,0.0,0.24271012006861065
2.0,9.0,26.0,0.3,0.1,0.8,4.0,1115.0,0.0,0.0,0.25291479820627805
2.0,9.0,27.0,0.3,0.1,0.8,4.0,1105.0,0.0,0.0,0.2524886877828054
2.0,9.0,28.0,0.3,0.1,0.8,4.0,1095.0,0.0,0.0,0.25296803652968036
2.0,9.0,29.0,0.3,0.1,0.8,4.0,1105.0,0.0,0.0,0.2524886877828054
2.0,9.0,30.0,0.3,0.1,0.8,4.0,1056.0,0.0,0.0,0.2585227272727273
2.0,9.0,31.0,0.3,0.1,0.8,4.0,1036.0,0.0,0.0,0.2644787644787645
2.0,9.0,32.0,0.3,0.1,0.8,4.0,1031.0,0.0,0.0,0.26479146459747815
2.0,9.0,33.0,0.3,0.1,0.8,4.0,1010.0,0.0,0.0,0.26534653465346536
2.0,9.0,34.0,0.3,0.1,0.8,4.0,1005.0,0.0,0.0,0.2646766169154229
2.0,9.0,35.0,0.3,0.1,0.8,4.0,992.0,0.0,0.0,0.26814516129032256
2.0,9.0,36.0,0.3,0.1,0.8,4.0,975.0,0.0,0.0,0.27076923076923076
2.0,9.0,37.0,0.3,0.1,0.8,4.0,965.0,0.0,0.0,0.2704663212435233
2.0,9.0,38.0,0.3,0.1,0.8,4.0,938.0,0.0,0.0,0.27078891257995735
2.0,9.0,39.0,0.3,0.1,0.8,4.0,926.0,0.0,0.0,0.27213822894168466
2.0,9.0,40.0,0.3,0.1,0.8,4.0,907.0,0.0,0.0,0.27342888643880925
2.0,9.0,41.0,0.3,0.1,0.8,4.0,910.0,0.0,0.0,0.27362637362637365
2.0,9.0,42.0,0.3,0.1,0.8,4.0,891.0,0.0,0.0,0.2760942760942761
2.0,9.0,43.0,0.3,0.1,0.8,4.0,897.0,0.0,0.0,0.2753623188405797
2.0,9.0,44.0,0.3,0.1,0.8,4.0,877.0,0.0,0.0,0.2759407069555302
2.0,9.0,45.0,0.3,0.1,0.8,4.0,886.0,0.0,0.0,0.4525959367945824
2.0,9.0,46.0,0.3,0.1,0.8,4.0,877.0,0.0,0.0,0.45610034207525657
2.0,9.0,47.0,0.3,0.1,0.8,4.0,872.0,0.0,0.0,0.4541284403669725
2.0,9.0,48.0,0.3,0.1,0.8,4.0,866.0,0.0,0.0,0.45727482678983833
2.0,9.0,49.0,0.3,0.1,0.8,4.0,872.0,0.0,0.0,0.4541284403669725
2.0,9.0,50.0,0.3,0.1,0.8,4.0,854.0,0.0,0.0,0.4601873536299766
2.0,9.0,51.0,0.3,0.1,0.8,4.0,857.0,0.0,0.0,0.45857642940490084
2.0,9.0,52.0,0.3,0.1,0.8,4.0,854.0,0.0,0.0,0.4601873536299766
2.0,10.0,1.0,0.3,0.1,0.8,4.0,857.0,0.0,0.0,0.45857642940490084
2.0,10.0,2.0,0.3,0.1,0.8,4.0,854.0,0.0,0.0,0.4601873536299766
2.0,10.0,3.0,0.3,0.1,0.8,4.0,856.0,0.0,0.0,0.4591121495327103
2.0,10.0,4.0,0.3,0.1,0.8,4.0,851.0,0.0,0.0,0.4618096357226792
2.0,10.0,5.0,0.3,0.1,0.8,4.0,854.0,0.0,0.0,0.4601873536299766
2.0,10.0,6.0,0.3,0.1,0.8,4.0,838.0,0.0,0.0,0.45823389021479716
2.0,10.0,7.0,0.3,0.1,0.8,4.0,844.0,0.0,0.0,0.4549763033175355
2.0,10.0,8.0,0.3,0.1,0.8,4.0,833.0,0.0,0.0,0.4597839135654262
2.0,10.0,9.0,0.3,0.1,0.8,4.0,803.0,0.0,0.0,0.45828144458281445
2.0,10.0,10.0,0.3,0.1,0.8,4.0,783.0,0.0,0.0,0.4623243933588761
2.0,10.0,11.0,0.3,0.1,0.8,4.0,785.0,0.0,0.0,0.4624203821656051
2.0,10.0,12.0,0.3,0.1,0.8,4.0,777.0,0.0,0.0,0.4671814671814672
2.0,10.0,13.0,0.3,0.1,0.8,4.0,783.0,0.0,0.0,0.46360153256704983
2.0,10.0,14.0,0.3,0.1,0.8,4.0,777.0,0.0,0.0,0.4646074646074646
2.0,10.0,15.0,0.3,0.1,0.8,4.0,781.0,0.0,0.0,0.4647887323943662
2.0,10.0,16.0,0.3,0.1,0.8,4.0,773.0,0.0,0.0,0.4670116429495472
2.0,10.0,17.0,0.3,0.1,0.8,4.0,777.0,0.0,0.0,0.46589446589446587
2.0,10.0,18.0,0.3,0.1,0.8,4.0,762.0,0.0,0.0,0.4645669291338583
2.0,10.0,19.0,0.3,0.1,0.8,4.0,763.0,0.0,0.0,0.4639580602883355
2.0,10.0,20.0,0.3,0.1,0.8,4.0,1330.0,0.0,0.0,0.24887218045112783
2.0,10.0,21.0,0.3,0.1,0.8,4.0,1238.0,0.0,0.0,0.2552504038772213
2.0,10.0,22.0,0.3,0.1,0.8,4.0,1220.0,0.0,0.0,0.2581967213114754
2.0,10.0,23.0,0.3,0.1,0.8,4.0,1187.0,0.0,0.0,0.2603201347935973
2.0,10.0,24.0,0.3,0.1,0.8,4.0,1155.0,0.0,0.0,0.2632034632034632
2.0,10.0,25.0,0.3,0.1,0.8,4.0,1118.0,0.0,0.0,0.26475849731663686
2.0,10.0,26.0,0.3,0.1,0.8,4.0,1128.0,0.0,0.0,0.2650709219858156
2.0,10.0,27.0,0.3,0.1,0.8,4.0,1107.0,0.0,0.0,0.26648599819331525
2.0,10.0,28.0,0.3,0.1,0.8,4.0,1051.0,0.0,0.0,0.26450999048525214
2.0,10.0,29.0,0.3,0.1,0.8,4.0,1029.0,0.0,0.0,0.2653061224489796
2.0,10.0,30.0,0.3,0.1,0.8,4.0,1033.0,0.0,0.0,0.2681510164569216
2.0,10.0,31.0,0.3,0.1,0.8,4.0,1011.0,0.0,0.0,0.26904055390702275
2.0,10.0,32.0,0.3,0.1,0.8,4.0,1007.0,0.0,0.0,0.27209533267130087
2.0,10.0,33.0,0.3,0.1,0.8,4.0,967.0,0.0,0.0,0.26990692864529475
2.0,10.0,34.0,0.3,0.1,0.8,4.0,989.0,0.0,0.0,0.268958543983822
2.0,10.0,35.0,0.3,0.1,0.8,4.0,952.0,0.0,0.0,0.27205882352941174
2.0,10.0,36.0,0.3,0.1,0.8,4.0,961.0,0.0,0.0,0.27471383975026015
2.0,10.0,37.0,0.3,0.1,0.8,4.0,911.0,0.0,0.0,0.27771679473106475
2.0,10.0,38.0,0.3,0.1,0.8,4.0,919.0,0.0,0.0,0.27856365614798695
2.0,10.0,39.0,0.3,0.1,0.8,4.0,868.0,0.0,0.0,0.28225806451612906
2.0,10.0,40.0,0.3,0.1,0.8,4.0,872.0,0.0,0.0,0.28211009174311924
2.0,10.0,41.0,0.3,0.1,0.8,4.0,851.0,0.0,0.0,0.28437132784958874
2.0,10.0,42.0,0.3,0.1,0.8,4.0,860.0,0.0,0.0,0.2837209302325581
2.0,10.0,43.0,0.3,0.1,0.8,4.0,839.0,0.0,0.0,0.2872467222884386
2.0,10.0,44.0,0.3,0.1,0.8,4.0,848.0,0.0,0.0,0.2830188679245283
2.0,10.0,45.0,0.3,0.1,0.8,4.0,814.0,0.0,0.0,0.44103194103194104
2.0,10.0,46.0,0.3,0.1,0.8,4.0,822.0,0.0,0.0,0.44282238442822386
2.0,10.0,47.0,0.3,0.1,0.8,4.0,791.0,0.0,0.0,0.4450063211125158
2.0,10.0,48.0,0.3,0.1,0.8,4.0,811.0,0.0,0.0,0.44512946979038226
2.0,10.0,49.0,0.3,0.1,0.8,4.0,779.0,0.0,0.0,0.4454428754813864
2.0,10.0,50.0,0.3,0.1,0.8,4.0,796.0,0.0,0.0,0.44597989949748745
2.0,10.0,51.0,0.3,0.1,0.8,4.0,782.0,0.0,0.0,0.4462915601023018
2.0,10.0,52.0,0.3,0.1,0.8,4.0,798.0,0.0,0.0,0.44611528822055135
3.0,1.0,1.0,0.3,0.1,0.8,4.0,5176.0,57.0,11.0,0.3029366306027821
3.0,1.0,2.0,0.3,0.1,0.8,4.0,5126.0,64.0,20.0,0.3039406944986344
3.0,1.0,3.0,0.3,0.1,0.8,4.0,5046.0,75.0,33.0,0.3030122869599683
3.0,1.0,4.0,0.3,0.1,0.8,4.0,4952.0,95.0,36.0,0.30492730210016156
3.0,1.0,5.0,0.3,0.1,0.8,4.0,4958.0,111.0,35.0,0.3061718434852763
3.0,1.0,6.0,0.3,0.1,0.8,4.0,4854.0,135.0,49.0,0.30902348578491967
3.0,1.0,7.0,0.3,0.1,0.8,4.0,4718.0,155.0,57.0,0.30945315811784657
3.0,1.0,8.0,0.3,0.1,0.8,4.0,4581.0,173.0,81.0,0.3108491595721458
3.0,1.0,9.0,0.3,0.1,0.8,4.0,4413.0,203.0,78.0,0.31203263086335825
3.0,1.0,10.0,0.3,0.1,0.8,4.0,4254.0,218.0,91.0,0.3140573577809121
3.0,1.0,11.0,0.3,0.1,0.8,4.0,4075.0,211.0,94.0,0.3192638036809816
3.0,1.0,12.0,0.3,0.1,0.8,4.0,3941.0,238.0,127.0,0.3204770362852068
3.0,1.0,13.0,0.3,0.1,0.8,4.0,3847.0,255.0,122.0,0.32570834416428385
3.0,1.0,14.0,0.3,0.1,0.8,4.0,3754.0,250.0,120.0,0.32685135855087905
3.0,1.0,15.0,0.3,0.1,0.8,4.0,3579.0,243.0,102.0,0.3330539256775636
3.0,1.0,16.0,0.3,0.1,0.8,4.0,3533.0,248.0,117.0,0.3348429097084631
3.0,1.0,17.0,0.3,0.1,0.8,4.0,3409.0,254.0,124.0,0.34115576415371074
3.0,1.0,18.0,0.3,0.1,0.8,4.0,3339.0,264.0,136.0,0.34261755016471995
3.0,1.0,19.0,0.3,0.1,0.8,4.0,3261.0,261.0,132.0,0.3498926709598283
3.0,1.0,20.0,0.3,0.1,0.8,4.0,5989.0,233.0,123.0,0.18383703456336617
3.0,1.0,21.0,0.3,0.1,0.8,4.0,5546.0,263.0,110.0,0.18806346916696717
3.0,1.0,22.0,0.3,0.1,0.8,4.0,5237.0,292.0,111.0,0.19514989497804086
3.0,1.0,23.0,0.3,0.1,0.8,4.0,4995.0,292.0,112.0,0.1961961961961962
3.0,1.0,24.0,0.3,0.1,0.8,4.0,4592.0,342.0,117.0,0.2038327526132404
3.0,1.0,25.0,0.3,0.1,0.8,4.0,4437.0,364.0,134.0,0.20576966418751408
3.0,1.0,26.0,0.3,0.1,0.8,4.0,4245.0,392.0,163.0,0.20871613663133098
3.0,1.0,27.0,0.3,0.1,0.8,4.0,4041.0,390.0,177.0,0.2135609997525365
3.0,1.0,28.0,0.3,0.1,0.8,4.0,3874.0,399.0,190.0,0.2181208053691275
3.0,1.0,29.0,0.3,0.1,0.8,4.0,3661.0,409.0,170.0,0.22534826550122916
3.0,1.0,30.0,0.3,0.1,0.8,4.0,3410.0,402.0,155.0,0.22932551319648095
3.0,1.0,31.0,0.3,0.1,0.8,4.0,3292.0,427.0,189.0,0.23390036452004861
3.0,1.0,32.0,0.3,0.1,0.8,4.0,3091.0,434.0,196.0,0.2371400841151731
3.0,1.0,33.0,0.3,0.1,0.8,4.0,2922.0,436.0,198.0,0.24743326488706366
3.0,1.0,34.0,0.3,0.1,0.8,4.0,2733.0,402.0,176.0,0.2572264910354921
3.0,1.0,35.0,0.3,0.1,0.8,4.0,2564.0,401.0,189.0,0.26794071762870514
3.0,1.0,36.0,0.3,0.1,0.8,4.0,2450.0,400.0,188.0,0.2702040816326531
3.0,1.0,37.0,0.3,0.1,0.8,4.0,2336.0,383.0,176.0,0.28125
3.0,1.0,38.0,0.3,0.1,0.8,4.0,2204.0,359.0,179.0,0.29219600725952816
3.0,1.0,39.0,0.3,0.1,0.8,4.0,2068.0,351.0,175.0,0.3056092843326886
3.0,1.0,40.0,0.3,0.1,0.8,4.0,1961.0,320.0,157.0,0.31514533401325856
3.0,1.0,41.0,0.3,0.1,0.8,4.0,1876.0,284.0,140.0,0.326226012793177
3.0,1.0,42.0,0.3,0.1,0.8,4.0,1778.0,251.0,135.0,0.3380202474690664
3.0,1.0,43.0,0.3,0.1,0.8,4.0,1705.0,241.0,131.0,0.3519061583577713
3.0,1.0,44.0,0.3,0.1,0.8,4.0,1632.0,218.0,117.0,0.3639705882352941
3.0,1.0,45.0,0.3,0.1,0.8,4.0,1537.0,188.0,96.0,0.5270006506180872
3.0,1.0,46.0,0.3,0.1,0.8,4.0,1491.0,159.0,87.0,0.5331991951710262
3.0,1.0,47.0,0.3,0.1,0.8,4.0,1421.0,136.0,79.0,0.5489092188599578
3.0,1.0,48.0,0.3,0.1,0.8,4.0,1387.0,112.0,67.0,0.5558759913482336
3.0,1.0,49.0,0.3,0.1,0.8,4.0,1327.0,95.0,54.0,0.5636774679728711
3.0,1.0,50.0,0.3,0.1,0.8,4.0,1314.0,80.0,41.0,0.5684931506849316
3.0,1.0,51.0,0.3,0.1,0.8,4.0,1277.0,67.0,37.0,0.5763508222396241
3.0,1.0,52.0,0.3,0.1,0.8,4.0,1268.0,59.0,29.0,0.5772870662460567
3.0,2.0,1.0,0.3,0.1,0.8,4.0,1246.0,58.0,34.0,0.5834670947030498
3.0,2.0,2.0,0.3,0.1,0.8,4.0,1226.0,45.0,29.0,0.5864600326264274
3.0,2.0,3.0,0.3,0.1,0.8,4.0,1213.0,45.0,28.0,0.5902720527617478
3.0,2.0,4.0,0.3,0.1,0.8,4.0,1194.0,41.0,22.0,0.5971524288107203
3.0,2.0,5.0,0.3,0.1,0.8,4.0,1164.0,41.0,16.0,0.6005154639175257
3.0,2.0,6.0,0.3,0.1,0.8,4.0,1137.0,32.0,14.0,0.6051011433597185
3.0,2.0,7.0,0.3,0.1,0.8,4.0,1120.0,33.0,17.0,0.6089285714285714
3.0,2.0,8.0,0.3,0.1,0.8,4.0,1107.0,31.0,16.0,0.6061427280939476
3.0,2.0,9.0,0.3,0.1,0.8,4.0,1096.0,32.0,18.0,0.6113138686131386
3.0,2.0,10.0,0.3,0.1,0.8,4.0,1080.0,28.0,14.0,0.6138888888888889
3.0,2.0,11.0,0.3,0.1,0.8,4.0,1071.0,27.0,15.0,0.6181139122315593
3.0,2.0,12.0,0.3,0.1,0.8,4.0,1058.0,29.0,17.0,0.6172022684310019
3.0,2.0,13.0,0.3,0.1,0.8,4.0,1043.0,25.0,12.0,0.6241610738255033
3.0,2.0,14.0,0.3,0.1,0.8,4.0,1038.0,29.0,17.0,0.6204238921001927
3.0,2.0,15.0,0.3,0.1,0.8,4.0,1025.0,22.0,13.0,0.6273170731707317
3.0,2.0,16.0,0.3,0.1,0.8,4.0,1013.0,23.0,11.0,0.6258637709772952
3.0,2.0,17.0,0.3,0.1,0.8,4.0,1004.0,17.0,8.0,0.6294820717131474
3.0,2.0,18.0,0.3,0.1,0.8,4.0,985.0,14.0,9.0,0.63248730964467
3.0,2.0,19.0,0.3,0.1,0.8,4.0,980.0,11.0,8.0,0.6357142857142857
3.0,2.0,20.0,0.3,0.1,0.8,4.0,1775.0,10.0,8.0,0.3436619718309859
3.0,2.0,21.0,0.3,0.1,0.8,4.0,1718.0,11.0,3.0,0.3533178114086147
3.0,2.0,22.0,0.3,0.1,0.8,4.0,1689.0,16.0,5.0,0.35109532267613974
3.0,2.0,23.0,0.3,0.1,0.8,4.0,1641.0,12.0,4.0,0.3583180987202925
3.0,2.0,24.0,0.3,0.1,0.8,4.0,1622.0,21.0,10.0,0.3569667077681874
3.0,2.0,25.0,0.3,0.1,0.8,4.0,1547.0,14.0,8.0,0.36716224951519066
3.0,2.0,26.0,0.3,0.1,0.8,4.0,1537.0,18.0,9.0,0.36434612882238127
3.0,2.0,27.0,0.3,0.1,0.8,4.0,1466.0,13.0,5.0,0.3717598908594816
3.0,2.0,28.0,0.3,0.1,0.8,4.0,1460.0,18.0,7.0,0.3664383561643836
3.0,2.0,29.0,0.3,0.1,0.8,4.0,1416.0,12.0,4.0,0.375
3.0,2.0,30.0,0.3,0.1,0.8,4.0,1362.0,15.0,5.0,0.37958883994126286
3.0,2.0,31.0,0.3,0.1,0.8,4.0,1339.0,15.0,8.0,0.38536221060492903
3.0,2.0,32.0,0.3,0.1,0.8,4.0,1312.0,16.0,9.0,0.3879573170731707
3.0,2.0,33.0,0.3,0.1,0.8,4.0,1256.0,17.0,10.0,0.39410828025477707
3.0,2.0,34.0,0.3,0.1,0.8,4.0,1247.0,18.0,10.0,0.3913392141138733
3.0,2.0,35.0,0.3,0.1,0.8,4.0,1203.0,17.0,6.0,0.3940149625935162
3.0,2.0,36.0,0.3,0.1,0.8,4.0,1195.0,16.0,7.0,0.3941422594142259
3.0,2.0,37.0,0.3,0.1,0.8,4.0,1179.0,19.0,7.0,0.3969465648854962
3.0,2.0,38.0,0.3,0.1,0.8,4.0,1174.0,24.0,10.0,0.39522998296422485
3.0,2.0,39.0,0.3,0.1,0.8,4.0,1145.0,22.0,12.0,0.40262008733624455
3.0,2.0,40.0,0.3,0.1,0.8,4.0,1124.0,25.0,10.0,0.400355871886121
3.0,2.0,41.0,0.3,0.1,0.8,4.0,1102.0,25.0,12.0,0.4074410163339383
3.0,2.0,42.0,0.3,0.1,0.8,4.0,1036.0,22.0,14.0,0.41023166023166024
3.0,2.0,43.0,0.3,0.1,0.8,4.0,1014.0,16.0,11.0,0.41222879684418146
3.0,2.0,44.0,0.3,0.1,0.8,4.0,994.0,17.0,8.0,0.41448692152917505
3.0,2.0,45.0,0.3,0.1,0.8,4.0,972.0,14.0,7.0,0.5339506172839507
3.0,2.0,46.0,0.3,0.1,0.8,4.0,950.0,14.0,9.0,0.5347368421052632
3.0,2.0,47.0,0.3,0.1,0.8,4.0,938.0,13.0,8.0,0.5415778251599147
3.0,2.0,48.0,0.3,0.1,0.8,4.0,910.0,12.0,5.0,0.5439560439560439
3.0,2.0,49.0,0.3,0.1,0.8,4.0,893.0,9.0,4.0,0.5543113101903695
3.0,2.0,50.0,0.3,0.1,0.8,4.0,884.0,9.0,6.0,0.5486425339366516
3.0,2.0,51.0,0.3,0.1,0.8,4.0,884.0,10.0,8.0,0.5531674208144797
3.0,2.0,52.0,0.3,0.1,0.8,4.0,864.0,7.0,6.0,0.5509259259259259
3.0,3.0,1.0,0.3,0.1,0.8,4.0,862.0,6.0,3.0,0.5556844547563805
3.0,3.0,2.0,0.3,0.1,0.8,4.0,858.0,5.0,2.0,0.5512820512820513
3.0,3.0,3.0,0.3,0.1,0.8,4.0,846.0,4.0,1.0,0.5567375886524822
3.0,3.0,4.0,0.3,0.1,0.8,4.0,843.0,6.0,4.0,0.5504151838671412
3.0,3.0,5.0,0.3,0.1,0.8,4.0,832.0,7.0,4.0,0.5552884615384616
3.0,3.0,6.0,0.3,0.1,0.8,4.0,825.0,7.0,4.0,0.5454545454545454
3.0,3.0,7.0,0.3,0.1,0.8,4.0,815.0,4.0,1.0,0.5570552147239264
3.0,3.0,8.0,0.3,0.1,0.8,4.0,807.0,3.0,3.0,0.5477075588599752
3.0,3.0,9.0,0.3,0.1,0.8,4.0,799.0,3.0,3.0,0.5607008760951189
3.0,3.0,10.0,0.3,0.1,0.8,4.0,795.0,3.0,3.0,0.5484276729559748
3.0,3.0,11.0,0.3,0.1,0.8,4.0,781.0,1.0,0.0,0.5620998719590269
3.0,3.0,12.0,0.3,0.1,0.8,4.0,770.0,1.0,0.0,0.5545454545454546
3.0,3.0,13.0,0.3,0.1,0.8,4.0,767.0,1.0,1.0,0.5632333767926988
3.0,3.0,14.0,0.3,0.1,0.8,4.0,758.0,1.0,1.0,0.558047493403694
3.0,3.0,15.0,0.3,0.1,0.8,4.0,757.0,1.0,1.0,0.5680317040951123
3.0,3.0,16.0,0.3,0.1,0.8,4.0,743.0,0.0,0.0,0.5625841184387618
3.0,3.0,17.0,0.3,0.1,0.8,4.0,742.0,0.0,0.0,0.5700808625336927
3.0,3.0,18.0,0.3,0.1,0.8,4.0,737.0,0.0,0.0,0.5617367706919946
3.0,3.0,19.0,0.3,0.1,0.8,4.0,736.0,0.0,0.0,0.5665760869565217
3.0,3.0,20.0,0.3,0.1,0.8,4.0,1354.0,0.0,0.0,0.2998522895125554
3.0,3.0,21.0,0.3,0.1,0.8,4.0,1293.0,0.0,0.0,0.31245166279969067
3.0,3.0,22.0,0.3,0.1,0.8,4.0,1254.0,0.0,0.0,0.3078149920255183
3.0,3.0,23.0,0.3,0.1,0.8,4.0,1212.0,0.0,0.0,0.31600660066006603
3.0,3.0,24.0,0.3,0.1,0.8,4.0,1190.0,0.0,0.0,0.3126050420168067
3.0,3.0,25.0,0.3,0.1,0.8,4.0,1142.0,0.0,0.0,0.3178633975481611
3.0,3.0,26.0,0.3,0.1,0.8,4.0,1116.0,0.0,0.0,0.31451612903225806
3.0,3.0,27.0,0.3,0.1,0.8,4.0,1074.0,0.0,0.0,0.3221601489757914
3.0,3.0,28.0,0.3,0.1,0.8,4.0,1054.0,0.0,0.0,0.3187855787476281
3.0,3.0,29.0,0.3,0.1,0.8,4.0,1073.0,0.0,0.0,0.31873252562907733
3.0,3.0,30.0,0.3,0.1,0.8,4.0,1018.0,0.0,0.0,0.31728880157170924
3.0,3.0,31.0,0.3,0.1,0.8,4.0,1014.0,0.0,0.0,0.3165680473372781
3.0,3.0,32.0,0.3,0.1,0.8,4.0,984.0,0.0,0.0,0.3160569105691057
3.0,3.0,33.0,0.3,0.1,0.8,4.0,988.0,0.0,0.0,0.31781376518218624
3.0,3.0,34.0,0.3,0.1,0.8,4.0,965.0,0.0,0.0,0.31917098445595854
3.0,3.0,35.0,0.3,0.1,0.8,4.0,953.0,0.0,0.0,0.3210912906610703
3.0,3.0,36.0,0.3,0.1,0.8,4.0,932.0,0.0,0.0,0.3186695278969957
3.0,3.0,37.0,0.3,0.1,0.8,4.0,888.0,0.0,0.0,0.32319819819819817
3.0,3.0,38.0,0.3,0.1,0.8,4.0,892.0,0.0,0.0,0.32062780269058294
3.0,3.0,39.0,0.3,0.1,0.8,4.0,854.0,0.0,0.0,0.32435597189695553
3.0,3.0,40.0,0.3,0.1,0.8,4.0,852.0,0.0,0.0,0.3215962441314554
3.0,3.0,41.0,0.3,0.1,0.8,4.0,808.0,0.0,0.0,0.33292079207920794
3.0,3.0,42.0,0.3,0.1,0.8,4.0,826.0,0.0,0.0,0.32566585956416466
3.0,3.0,43.0,0.3,0.1,0.8,4.0,794.0,0.0,0.0,0.3337531486146096
3.0,3.0,44.0,0.3,0.1,0.8,4.0,764.0,0.0,0.0,0.3337696335078534
3.0,3.0,45.0,0.3,0.1,0.8,4.0,763.0,0.0,0.0,0.4796854521625164
3.0,3.0,46.0,0.3,0.1,0.8,4.0,762.0,0.0,0.0,0.4776902887139108
3.0,3.0,47.0,0.3,0.1,0.8,4.0,755.0,0.0,0.0,0.4768211920529801
3.0,3.0,48.0,0.3,0.1,0.8,4.0,722.0,0.0,0.0,0.48337950138504154
3.0,3.0,49.0,0.3,0.1,0.8,4.0,708.0,0.0,0.0,0.4830508474576271
3.0,3.0,50.0,0.3,0.1,0.8,4.0,695.0,0.0,0.0,0.479136690647482
3.0,3.0,51.0,0.3,0.1,0.8,4.0,687.0,0.0,0.0,0.48180494905385735
3.0,3.0,52.0,0.3,0.1,0.8,4.0,676.0,0.0,0.0,0.47781065088757396
3.0,4.0,1.0,0.3,0.1,0.8,4.0,675.0,0.0,0.0,0.47555555555555556
3.0,4.0,2.0,0.3,0.1,0.8,4.0,668.0,0.0,0.0,0.4745508982035928
3.0,4.0,3.0,0.3,0.1,0.8,4.0,667.0,0.0,0.0,0.4707646176911544
3.0,4.0,4.0,0.3,0.1,0.8,4.0,653.0,0.0,0.0,0.47013782542113325
3.0,4.0,5.0,0.3,0.1,0.8,4.0,657.0,0.0,0.0,0.4687975646879756
3.0,4.0,6.0,0.3,0.1,0.8,4.0,648.0,0.0,0.0,0.4691358024691358
3.0,4.0,7.0,0.3,0.1,0.8,4.0,649.0,0.0,0.0,0.4699537750385208
3.0,4.0,8.0,0.3,0.1,0.8,4.0,639.0,0.0,0.0,0.4694835680751174
3.0,4.0,9.0,0.3,0.1,0.8,4.0,641.0,0.0,0.0,0.4664586583463339
3.0,4.0,10.0,0.3,0.1,0.8,4.0,627.0,0.0,0.0,0.4704944178628389
3.0,4.0,11.0,0.3,0.1,0.8,4.0,620.0,0.0,0.0,0.46774193548387094
3.0,4.0,12.0,0.3,0.1,0.8,4.0,606.0,0.0,0.0,0.4735973597359736
3.0,4.0,13.0,0.3,0.1,0.8,4.0,604.0,0.0,0.0,0.4718543046357616
3.0,4.0,14.0,0.3,0.1,0.8,4.0,598.0,0.0,0.0,0.47491638795986624
3.0,4.0,15.0,0.3,0.1,0.8,4.0,595.0,0.0,0.0,0.4672268907563025
3.0,4.0,16.0,0.3,0.1,0.8,4.0,588.0,0.0,0.0,0.47278911564625853
3.0,4.0,17.0,0.3,0.1,0.8,4.0,590.0,0.0,0.0,0.46440677966101696
3.0,4.0,18.0,0.3,0.1,0.8,4.0,585.0,0.0,0.0,0.4683760683760684
3.0,4.0,19.0,0.3,0.1,0.8,4.0,585.0,0.0,0.0,0.46495726495726497
3.0,4.0,20.0,0.3,0.1,0.8,4.0,1061.0,0.0,0.0,0.2563619227144204
3.0,4.0,21.0,0.3,0.1,0.8,4.0,1012.0,0.0,0.0,0.25790513833992096
3.0,4.0,22.0,0.3,0.1,0.8,4.0,1020.0,0.0,0.0,0.25980392156862747
3.0,4.0,23.0,0.3,0.1,0.8,4.0,990.0,0.0,0.0,0.2595959595959596
3.0,4.0,24.0,0.3,0.1,0.8,4.0,993.0,0.0,0.0,0.2598187311178248
3.0,4.0,25.0,0.3,0.1,0.8,4.0,973.0,0.0,0.0,0.26002055498458376
3.0,4.0,26.0,0.3,0.1,0.8,4.0,968.0,0.0,0.0,0.256198347107438
3.0,4.0,27.0,0.3,0.1,0.8,4.0,942.0,0.0,0.0,0.26008492569002123
3.0,4.0,28.0,0.3,0.1,0.8,4.0,931.0,0.0,0.0,0.2577873254564984
3.0,4.0,29.0,0.3,0.1,0.8,4.0,914.0,0.0,0.0,0.2614879649890591
3.0,4.0,30.0,0.3,0.1,0.8,4.0,902.0,0.0,0.0,0.2616407982261641
3.0,4.0,31.0,0.3,0.1,0.8,4.0,883.0,0.0,0.0,0.2638731596828992
3.0,4.0,32.0,0.3,0.1,0.8,4.0,868.0,0.0,0.0,0.2626728110599078
3.0,4.0,33.0,0.3,0.1,0.8,4.0,826.0,0.0,0.0,0.2687651331719128
3.0,4.0,34.0,0.3,0.1,0.8,4.0,809.0,0.0,0.0,0.2657601977750309
3.0,4.0,35.0,0.3,0.1,0.8,4.0,800.0,0.0,0.0,0.2675
3.0,4.0,36.0,0.3,0.1,0.8,4.0,785.0,0.0,0.0,0.267515923566879
3.0,4.0,37.0,0.3,0.1,0.8,4.0,776.0,0.0,0.0,0.27190721649484534
3.0,4.0,38.0,0.3,0.1,0.8,4.0,781.0,0.0,0.0,0.2676056338028169
3.0,4.0,39.0,0.3,0.1,0.8,4.0,779.0,0.0,0.0,0.27086007702182285
3.0,4.0,40.0,0.3,0.1,0.8,4.0,767.0,0.0,0.0,0.27249022164276404
3.0,4.0,41.0,0.3,0.1,0.8,4.0,752.0,0.0,0.0,0.2726063829787234
3.0,4.0,42.0,0.3,0.1,0.8,4.0,744.0,0.0,0.0,0.2661290322580645
3.0,4.0,43.0,0.3,0.1,0.8,4.0,702.0,0.0,0.0,0.2720797720797721
3.0,4.0,44.0,0.3,0.1,0.8,4.0,702.0,0.0,0.0,0.2678062678062678
3.0,4.0,45.0,0.3,0.1,0.8,4.0,701.0,0.0,0.0,0.4122681883024251
3.0,4.0,46.0,0.3,0.1,0.8,4.0,684.0,0.0,0.0,0.41812865497076024
3.0,4.0,47.0,0.3,0.1,0.8,4.0,673.0,0.0,0.0,0.4175334323922734
3.0,4.0,48.0,0.3,0.1,0.8,4.0,666.0,0.0,0.0,0.4189189189189189
3.0,4.0,49.0,0.3,0.1,0.8,4.0,668.0,0.0,0.0,0.4116766467065868
3.0,4.0,50.0,0.3,0.1,0.8,4.0,648.0,0.0,0.0,0.41203703703703703
3.0,4.0,51.0,0.3,0.1,0.8,4.0,655.0,0.0,0.0,0.40916030534351144
3.0,4.0,52.0,0.3,0.1,0.8,4.0,634.0,0.0,0.0,0.416403785488959
3.0,5.0,1.0,0.3,0.1,0.8,4.0,628.0,0.0,0.0,0.4124203821656051
3.0,5.0,2.0,0.3,0.1,0.8,4.0,603.0,0.0,0.0,0.41956882255389716
3.0,5.0,3.0,0.3,0.1,0.8,4.0,608.0,0.0,0.0,0.4144736842105263
3.0,5.0,4.0,0.3,0.1,0.8,4.0,602.0,0.0,0.0,0.4169435215946844
3.0,5.0,5.0,0.3,0.1,0.8,4.0,597.0,0.0,0.0,0.40703517587939697
3.0,5.0,6.0,0.3,0.1,0.8,4.0,593.0,0.0,0.0,0.4131534569983137
3.0,5.0,7.0,0.3,0.1,0.8,4.0,594.0,0.0,0.0,0.4074074074074074
3.0,5.0,8.0,0.3,0.1,0.8,4.0,586.0,0.0,0.0,0.40784982935153585
3.0,5.0,9.0,0.3,0.1,0.8,4.0,578.0,0.0,0.0,0.40484429065743943
3.0,5.0,10.0,0.3,0.1,0.8,4.0,578.0,0.0,0.0,0.40484429065743943
3.0,5.0,11.0,0.3,0.1,0.8,4.0,566.0,0.0,0.0,0.4010600706713781
3.0,5.0,12.0,0.3,0.1,0.8,4.0,566.0,0.0,0.0,0.4081272084805654
3.0,5.0,13.0,0.3,0.1,0.8,4.0,562.0,0.0,0.0,0.40391459074733094
3.0,5.0,14.0,0.3,0.1,0.8,4.0,559.0,0.0,0.0,0.407871198568873
3.0,5.0,15.0,0.3,0.1,0.8,4.0,556.0,0.0,0.0,0.40467625899280574
3.0,5.0,16.0,0.3,0.1,0.8,4.0,553.0,0.0,0.0,0.40867992766726946
3.0,5.0,17.0,0.3,0.1,0.8,4.0,554.0,0.0,0.0,0.40613718411552346
3.0,5.0,18.0,0.3,0.1,0.8,4.0,548.0,0.0,0.0,0.40693430656934304
3.0,5.0,19.0,0.3,0.1,0.8,4.0,548.0,0.0,0.0,0.4032846715328467
3.0,5.0,20.0,0.3,0.1,0.8,4.0,939.0,0.0,0.0,0.2364217252396166
3.0,5.0,21.0,0.3,0.1,0.8,4.0,891.0,0.0,0.0,0.23681257014590348
3.0,5.0,22.0,0.3,0.1,0.8,4.0,879.0,0.0,0.0,0.2366325369738339
3.0,5.0,23.0,0.3,0.1,0.8,4.0,870.0,0.0,0.0,0.23448275862068965
3.0,5.0,24.0,0.3,0.1,0.8,4.0,853.0,0.0,0.0,0.23681125439624853
3.0,5.0,25.0,0.3,0.1,0.8,4.0,836.0,0.0,0.0,0.23923444976076555
3.0,5.0,26.0,0.3,0.1,0.8,4.0,835.0,0.0,0.0,0.237125748502994
3.0,5.0,27.0,0.3,0.1,0.8,4.0,824.0,0.0,0.0,0.23907766990291263
3.0,5.0,28.0,0.3,0.1,0.8,4.0,830.0,0.0,0.0,0.23493975903614459
3.0,5.0,29.0,0.3,0.1,0.8,4.0,821.0,0.0,0.0,0.23751522533495736
3.0,5.0,30.0,0.3,0.1,0.8,4.0,809.0,0.0,0.0,0.23362175525339926
3.0,5.0,31.0,0.3,0.1,0.8,4.0,801.0,0.0,0.0,0.23345817727840198
3.0,5.0,32.0,0.3,0.1,0.8,4.0,801.0,0.0,0.0,0.23096129837702872
3.0,5.0,33.0,0.3,0.1,0.8,4.0,778.0,0.0,0.0,0.2326478149100257
3.0,5.0,34.0,0.3,0.1,0.8,4.0,762.0,0.0,0.0,0.2335958005249344
3.0,5.0,35.0,0.3,0.1,0.8,4.0,746.0,0.0,0.0,0.23458445040214476
3.0,5.0,36.0,0.3,0.1,0.8,4.0,744.0,0.0,0.0,0.23521505376344087
3.0,5.0,37.0,0.3,0.1,0.8,4.0,725.0,0.0,0.0,0.23448275862068965
3.0,5.0,38.0,0.3,0.1,0.8,4.0,715.0,0.0,0.0,0.23636363636363636
3.0,5.0,39.0,0.3,0.1,0.8,4.0,713.0,0.0,0.0,0.23562412342215988
3.0,5.0,40.0,0.3,0.1,0.8,4.0,708.0,0.0,0.0,0.23587570621468926
3.0,5.0,41.0,0.3,0.1,0.8,4.0,677.0,0.0,0.0,0.2363367799113737
3.0,5.0,42.0,0.3,0.1,0.8,4.0,647.0,0.0,0.0,0.24420401854714066
3.0,5.0,43.0,0.3,0.1,0.8,4.0,650.0,0.0,0.0,0.24
3.0,5.0,44.0,0.3,0.1,0.8,4.0,635.0,0.0,0.0,0.23937007874015748
3.0,5.0,45.0,0.3,0.1,0.8,4.0,647.0,0.0,0.0,0.42967542503863987
3.0,5.0,46.0,0.3,0.1,0.8,4.0,607.0,0.0,0.0,0.42833607907743
3.0,5.0,47.0,0.3,0.1,0.8,4.0,618.0,0.0,0.0,0.42880258899676377
3.0,5.0,48.0,0.3,0.1,0.8,4.0,597.0,0.0,0.0,0.4304857621440536
3.0,5.0,49.0,0.3,0.1,0.8,4.0,599.0,0.0,0.0,0.4340567612687813
3.0,5.0,50.0,0.3,0.1,0.8,4.0,582.0,0.0,0.0,0.4329896907216495
3.0,5.0,51.0,0.3,0.1,0.8,4.0,587.0,0.0,0.0,0.43100511073253833
3.0,5.0,52.0,0.3,0.1,0.8,4.0,571.0,0.0,0.0,0.4290718038528897
3.0,6.0,1.0,0.3,0.1,0.8,4.0,581.0,0.0,0.0,0.43029259896729777
3.0,6.0,2.0,0.3,0.1,0.8,4.0,569.0,0.0,0.0,0.4305799648506151
3.0,6.0,3.0,0.3,0.1,0.8,4.0,576.0,0.0,0.0,0.4322916666666667
3.0,6.0,4.0,0.3,0.1,0.8,4.0,563.0,0.0,0.0,0.42984014209591476
3.0,6.0,5.0,0.3,0.1,0.8,4.0,557.0,0.0,0.0,0.4254937163375224
3.0,6.0,6.0,0.3,0.1,0.8,4.0,544.0,0.0,0.0,0.4227941176470588
3.0,6.0,7.0,0.3,0.1,0.8,4.0,552.0,0.0,0.0,0.4257246376811594
3.0,6.0,8.0,0.3,0.1,0.8,4.0,538.0,0.0,0.0,0.42379182156133827
3.0,6.0,9.0,0.3,0.1,0.8,4.0,547.0,0.0,0.0,0.4296160877513711
3.0,6.0,10.0,0.3,0.1,0.8,4.0,528.0,0.0,0.0,0.42803030303030304
3.0,6.0,11.0,0.3,0.1,0.8,4.0,533.0,0.0,0.0,0.4352720450281426
3.0,6.0,12.0,0.3,0.1,0.8,4.0,517.0,0.0,0.0,0.43520309477756286
3.0,6.0,13.0,0.3,0.1,0.8,4.0,528.0,0.0,0.0,0.4393939393939394
3.0,6.0,14.0,0.3,0.1,0.8,4.0,513.0,0.0,0.0,0.43664717348927873
3.0,6.0,15.0,0.3,0.1,0.8,4.0,508.0,0.0,0.0,0.4448818897637795
3.0,6.0,16.0,0.3,0.1,0.8,4.0,499.0,0.0,0.0,0.44288577154308617
3.0,6.0,17.0,0.3,0.1,0.8,4.0,506.0,0.0,0.0,0.44861660079051385
3.0,6.0,18.0,0.3,0.1,0.8,4.0,496.0,0.0,0.0,0.4435483870967742
3.0,6.0,19.0,0.3,0.1,0.8,4.0,500.0,0.0,0.0,0.446
3.0,6.0,20.0,0.3,0.1,0.8,4.0,920.0,0.0,0.0,0.2358695652173913
3.0,6.0,21.0,0.3,0.1,0.8,4.0,886.0,0.0,0.0,0.2325056433408578
3.0,6.0,22.0,0.3,0.1,0.8,4.0,816.0,0.0,0.0,0.23651960784313725
3.0,6.0,23.0,0.3,0.1,0.8,4.0,816.0,0.0,0.0,0.23529411764705882
3.0,6.0,24.0,0.3,0.1,0.8,4.0,787.0,0.0,0.0,0.24015247776365947
3.0,6.0,25.0,0.3,0.1,0.8,4.0,760.0,0.0,0.0,0.23421052631578948
3.0,6.0,26.0,0.3,0.1,0.8,4.0,752.0,0.0,0.0,0.23803191489361702
3.0,6.0,27.0,0.3,0.1,0.8,4.0,758.0,0.0,0.0,0.23350923482849603
3.0,6.0,28.0,0.3,0.1,0.8,4.0,730.0,0.0,0.0,0.2410958904109589
3.0,6.0,29.0,0.3,0.1,0.8,4.0,741.0,0.0,0.0,0.23481781376518218
3.0,6.0,30.0,0.3,0.1,0.8,4.0,702.0,0.0,0.0,0.24074074074074073
3.0,6.0,31.0,0.3,0.1,0.8,4.0,715.0,0.0,0.0,0.23636363636363636
3.0,6.0,32.0,0.3,0.1,0.8,4.0,663.0,0.0,0.0,0.24283559577677225
3.0,6.0,33.0,0.3,0.1,0.8,4.0,676.0,0.0,0.0,0.23816568047337278
3.0,6.0,34.0,0.3,0.1,0.8,4.0,648.0,0.0,0.0,0.24537037037037038
3.0,6.0,35.0,0.3,0.1,0.8,4.0,658.0,0.0,0.0,0.24164133738601823
3.0,6.0,36.0,0.3,0.1,0.8,4.0,635.0,0.0,0.0,0.247244094488189
3.0,6.0,37.0,0.3,0.1,0.8,4.0,601.0,0.0,0.0,0.2579034941763727
3.0,6.0,38.0,0.3,0.1,0.8,4.0,601.0,0.0,0.0,0.2579034941763727
3.0,6.0,39.0,0.3,0.1,0.8,4.0,594.0,0.0,0.0,0.2542087542087542
3.0,6.0,40.0,0.3,0.1,0.8,4.0,582.0,0.0,0.0,0.2542955326460481
3.0,6.0,41.0,0.3,0.1,0.8,4.0,576.0,0.0,0.0,0.2482638888888889
3.0,6.0,42.0,0.3,0.1,0.8,4.0,562.0,0.0,0.0,0.24733096085409254
3.0,6.0,43.0,0.3,0.1,0.8,4.0,573.0,0.0,0.0,0.24781849912739964
3.0,6.0,44.0,0.3,0.1,0.8,4.0,534.0,0.0,0.0,0.25280898876404495
3.0,6.0,45.0,0.3,0.1,0.8,4.0,545.0,0.0,0.0,0.3944954128440367
3.0,6.0,46.0,0.3,0.1,0.8,4.0,534.0,0.0,0.0,0.3970037453183521
3.0,6.0,47.0,0.3,0.1,0.8,4.0,543.0,0.0,0.0,0.39594843462246776
3.0,6.0,48.0,0.3,0.1,0.8,4.0,534.0,0.0,0.0,0.3970037453183521
3.0,6.0,49.0,0.3,0.1,0.8,4.0,543.0,0.0,0.0,0.39594843462246776
3.0,6.0,50.0,0.3,0.1,0.8,4.0,537.0,0.0,0.0,0.40037243947858475
3.0,6.0,51.0,0.3,0.1,0.8,4.0,544.0,0.0,0.0,0.4007352941176471
3.0,6.0,52.0,0.3,0.1,0.8,4.0,534.0,0.0,0.0,0.40262172284644193
3.0,7.0,1.0,0.3,0.1,0.8,4.0,540.0,0.0,0.0,0.40185185185185185
3.0,7.0,2.0,0.3,0.1,0.8,4.0,532.0,0.0,0.0,0.40225563909774437
3.0,7.0,3.0,0.3,0.1,0.8,4.0,527.0,0.0,0.0,0.40227703984819735
3.0,7.0,4.0,0.3,0.1,0.8,4.0,516.0,0.0,0.0,0.4011627906976744
3.0,7.0,5.0,0.3,0.1,0.8,4.0,522.0,0.0,0.0,0.4042145593869732
3.0,7.0,6.0,0.3,0.1,0.8,4.0,514.0,0.0,0.0,0.4027237354085603
3.0,7.0,7.0,0.3,0.1,0.8,4.0,522.0,0.0,0.0,0.4042145593869732
3.0,7.0,8.0,0.3,0.1,0.8,4.0,514.0,0.0,0.0,0.4027237354085603
3.0,7.0,9.0,0.3,0.1,0.8,4.0,519.0,0.0,0.0,0.4026974951830443
3.0,7.0,10.0,0.3,0.1,0.8,4.0,509.0,0.0,0.0,0.40471512770137524
3.0,7.0,11.0,0.3,0.1,0.8,4.0,513.0,0.0,0.0,0.4074074074074074
3.0,7.0,12.0,0.3,0.1,0.8,4.0,505.0,0.0,0.0,0.40594059405940597
3.0,7.0,13.0,0.3,0.1,0.8,4.0,510.0,0.0,0.0,0.40980392156862744
3.0,7.0,14.0,0.3,0.1,0.8,4.0,505.0,0.0,0.0,0.4079207920792079
3.0,7.0,15.0,0.3,0.1,0.8,4.0,507.0,0.0,0.0,0.41025641025641024
3.0,7.0,16.0,0.3,0.1,0.8,4.0,504.0,0.0,0.0,0.4087301587301587
3.0,7.0,17.0,0.3,0.1,0.8,4.0,497.0,0.0,0.0,0.41851106639839036
3.0,7.0,18.0,0.3,0.1,0.8,4.0,491.0,0.0,0.0,0.4175152749490835
3.0,7.0,19.0,0.3,0.1,0.8,4.0,498.0,0.0,0.0,0.41767068273092367
3.0,7.0,20.0,0.3,0.1,0.8,4.0,892.0,0.0,0.0,0.22982062780269058
3.0,7.0,21.0,0.3,0.1,0.8,4.0,864.0,0.0,0.0,0.22800925925925927
3.0,7.0,22.0,0.3,0.1,0.8,4.0,838.0,0.0,0.0,0.22792362768496421
3.0,7.0,23.0,0.3,0.1,0.8,4.0,851.0,0.0,0.0,0.22796709753231492
3.0,7.0,24.0,0.3,0.1,0.8,4.0,831.0,0.0,0.0,0.2286401925391095
3.0,7.0,25.0,0.3,0.1,0.8,4.0,790.0,0.0,0.0,0.23670886075949368
3.0,7.0,26.0,0.3,0.1,0.8,4.0,796.0,0.0,0.0,0.23492462311557788
3.0,7.0,27.0,0.3,0.1,0.8,4.0,764.0,0.0,0.0,0.23821989528795812
3.0,7.0,28.0,0.3,0.1,0.8,4.0,762.0,0.0,0.0,0.23753280839895013
3.0,7.0,29.0,0.3,0.1,0.8,4.0,745.0,0.0,0.0,0.24161073825503357
3.0,7.0,30.0,0.3,0.1,0.8,4.0,737.0,0.0,0.0,0.24151967435549526
3.0,7.0,31.0,0.3,0.1,0.8,4.0,717.0,0.0,0.0,0.2412831241283124
3.0,7.0,32.0,0.3,0.1,0.8,4.0,694.0,0.0,0.0,0.2420749279538905
3.0,7.0,33.0,0.3,0.1,0.8,4.0,684.0,0.0,0.0,0.24415204678362573
3.0,7.0,34.0,0.3,0.1,0.8,4.0,680.0,0.0,0.0,0.23970588235294119
3.0,7.0,35.0,0.3,0.1,0.8,4.0,669.0,0.0,0.0,0.2436472346786248
3.0,7.0,36.0,0.3,0.1,0.8,4.0,678.0,0.0,0.0,0.24041297935103245
3.0,7.0,37.0,0.3,0.1,0.8,4.0,659.0,0.0,0.0,0.24279210925644917
3.0,7.0,38.0,0.3,0.1,0.8,4.0,654.0,0.0,0.0,0.24311926605504589
3.0,7.0,39.0,0.3,0.1,0.8,4.0,644.0,0.0,0.0,0.2453416149068323
3.0,7.0,40.0,0.3,0.1,0.8,4.0,644.0,0.0,0.0,0.2453416149068323
3.0,7.0,41.0,0.3,0.1,0.8,4.0,637.0,0.0,0.0,0.24489795918367346
3.0,7.0,42.0,0.3,0.1,0.8,4.0,628.0,0.0,0.0,0.24522292993630573
3.0,7.0,43.0,0.3,0.1,0.8,4.0,622.0,0.0,0.0,0.2459807073954984
3.0,7.0,44.0,0.3,0.1,0.8,4.0,632.0,0.0,0.0,0.24367088607594936
3.0,7.0,45.0,0.3,0.1,0.8,4.0,622.0,0.0,0.0,0.41639871382636656
3.0,7.0,46.0,0.3,0.1,0.8,4.0,630.0,0.0,0.0,0.4142857142857143
3.0,7.0,47.0,0.3,0.1,0.8,4.0,606.0,0.0,0.0,0.4207920792079208
3.0,7.0,48.0,0.3,0.1,0.8,4.0,613.0,0.0,0.0,0.4176182707993475
3.0,7.0,49.0,0.3,0.1,0.8,4.0,594.0,0.0,0.0,0.4175084175084175
3.0,7.0,50.0,0.3,0.1,0.8,4.0,601.0,0.0,0.0,0.41264559068219636
3.0,7.0,51.0,0.3,0.1,0.8,4.0,591.0,0.0,0.0,0.41455160744500846
3.0,7.0,52.0,0.3,0.1,0.8,4.0,596.0,0.0,0.0,0.41442953020134227
3.0,8.0,1.0,0.3,0.1,0.8,4.0,590.0,0.0,0.0,0.4152542372881356
3.0,8.0,2.0,0.3,0.1,0.8,4.0,596.0,0.0,0.0,0.41442953020134227
3.0,8.0,3.0,0.3,0.1,0.8,4.0,578.0,0.0,0.0,0.4134948096885813
3.0,8.0,4.0,0.3,0.1,0.8,4.0,582.0,0.0,0.0,0.41408934707903783
3.0,8.0,5.0,0.3,0.1,0.8,4.0,576.0,0.0,0.0,0.4131944444444444
3.0,8.0,6.0,0.3,0.1,0.8,4.0,569.0,0.0,0.0,0.421792618629174
3.0,8.0,7.0,0.3,0.1,0.8,4.0,565.0,0.0,0.0,0.4230088495575221
3.0,8.0,8.0,0.3,0.1,0.8,4.0,558.0,0.0,0.0,0.4229390681003584
3.0,8.0,9.0,0.3,0.1,0.8,4.0,565.0,0.0,0.0,0.42123893805309737
3.0,8.0,10.0,0.3,0.1,0.8,4.0,554.0,0.0,0.0,0.42418772563176893
3.0,8.0,11.0,0.3,0.1,0.8,4.0,556.0,0.0,0.0,0.4262589928057554
3.0,8.0,12.0,0.3,0.1,0.8,4.0,542.0,0.0,0.0,0.42988929889298894
3.0,8.0,13.0,0.3,0.1,0.8,4.0,550.0,0.0,0.0,0.4290909090909091
3.0,8.0,14.0,0.3,0.1,0.8,4.0,538.0,0.0,0.0,0.43308550185873607
3.0,8.0,15.0,0.3,0.1,0.8,4.0,546.0,0.0,0.0,0.43223443223443225
3.0,8.0,16.0,0.3,0.1,0.8,4.0,538.0,0.0,0.0,0.43308550185873607
3.0,8.0,17.0,0.3,0.1,0.8,4.0,544.0,0.0,0.0,0.4338235294117647
3.0,8.0,18.0,0.3,0.1,0.8,4.0,537.0,0.0,0.0,0.4338919925512104
3.0,8.0,19.0,0.3,0.1,0.8,4.0,545.0,0.0,0.0,0.43302752293577984
3.0,8.0,20.0,0.3,0.1,0.8,4.0,992.0,0.0,0.0,0.23487903225806453
3.0,8.0,21.0,0.3,0.1,0.8,4.0,975.0,0.0,0.0,0.24
3.0,8.0,22.0,0.3,0.1,0.8,4.0,916.0,0.0,0.0,0.24563318777292575
3.0,8.0,23.0,0.3,0.1,0.8,4.0,920.0,0.0,0.0,0.2467391304347826
3.0,8.0,24.0,0.3,0.1,0.8,4.0,915.0,0.0,0.0,0.2459016393442623
3.0,8.0,25.0,0.3,0.1,0.8,4.0,903.0,0.0,0.0,0.24806201550387597
3.0,8.0,26.0,0.3,0.1,0.8,4.0,870.0,0.0,0.0,0.24942528735632183
3.0,8.0,27.0,0.3,0.1,0.8,4.0,838.0,0.0,0.0,0.2541766109785203
3.0,8.0,28.0,0.3,0.1,0.8,4.0,820.0,0.0,0.0,0.25365853658536586
3.0,8.0,29.0,0.3,0.1,0.8,4.0,828.0,0.0,0.0,0.25483091787439616
3.0,8.0,30.0,0.3,0.1,0.8,4.0,798.0,0.0,0.0,0.2518796992481203
3.0,8.0,31.0,0.3,0.1,0.8,4.0,792.0,0.0,0.0,0.25252525252525254
3.0,8.0,32.0,0.3,0.1,0.8,4.0,775.0,0.0,0.0,0.2541935483870968
3.0,8.0,33.0,0.3,0.1,0.8,4.0,782.0,0.0,0.0,0.2557544757033248
3.0,8.0,34.0,0.3,0.1,0.8,4.0,752.0,0.0,0.0,0.2579787234042553
3.0,8.0,35.0,0.3,0.1,0.8,4.0,758.0,0.0,0.0,0.2598944591029024
3.0,8.0,36.0,0.3,0.1,0.8,4.0,752.0,0.0,0.0,0.2579787234042553
3.0,8.0,37.0,0.3,0.1,0.8,4.0,757.0,0.0,0.0,0.25891677675033026
3.0,8.0,38.0,0.3,0.1,0.8,4.0,752.0,0.0,0.0,0.2579787234042553
3.0,8.0,39.0,0.3,0.1,0.8,4.0,744.0,0.0,0.0,0.26344086021505375
3.0,8.0,40.0,0.3,0.1,0.8,4.0,737.0,0.0,0.0,0.2618724559023066
3.0,8.0,41.0,0.3,0.1,0.8,4.0,734.0,0.0,0.0,0.2656675749318801
3.0,8.0,42.0,0.3,0.1,0.8,4.0,715.0,0.0,0.0,0.26853146853146853
3.0,8.0,43.0,0.3,0.1,0.8,4.0,721.0,0.0,0.0,0.27045769764216365
3.0,8.0,44.0,0.3,0.1,0.8,4.0,692.0,0.0,0.0,0.2658959537572254
3.0,8.0,45.0,0.3,0.1,0.8,4.0,699.0,0.0,0.0,0.4434907010014306
3.0,8.0,46.0,0.3,0.1,0.8,4.0,676.0,0.0,0.0,0.4423076923076923
3.0,8.0,47.0,0.3,0.1,0.8,4.0,682.0,0.0,0.0,0.44574780058651026
3.0,8.0,48.0,0.3,0.1,0.8,4.0,664.0,0.0,0.0,0.4427710843373494
3.0,8.0,49.0,0.3,0.1,0.8,4.0,670.0,0.0,0.0,0.4462686567164179
3.0,8.0,50.0,0.3,0.1,0.8,4.0,665.0,0.0,0.0,0.4421052631578947
3.0,8.0,51.0,0.3,0.1,0.8,4.0,670.0,0.0,0.0,0.4462686567164179
3.0,8.0,52.0,0.3,0.1,0.8,4.0,664.0,0.0,0.0,0.4427710843373494
3.0,9.0,1.0,0.3,0.1,0.8,4.0,668.0,0.0,0.0,0.4476047904191617
3.0,9.0,2.0,0.3,0.1,0.8,4.0,665.0,0.0,0.0,0.4421052631578947
3.0,9.0,3.0,0.3,0.1,0.8,4.0,669.0,0.0,0.0,0.4469357249626308
3.0,9.0,4.0,0.3,0.1,0.8,4.0,661.0,0.0,0.0,0.44478063540090773
3.0,9.0,5.0,0.3,0.1,0.8,4.0,666.0,0.0,0.0,0.44894894894894893
3.0,9.0,6.0,0.3,0.1,0.8,4.0,656.0,0.0,0.0,0.4481707317073171
3.0,9.0,7.0,0.3,0.1,0.8,4.0,665.0,0.0,0.0,0.4496240601503759
3.0,9.0,8.0,0.3,0.1,0.8,4.0,654.0,0.0,0.0,0.44954128440366975
3.0,9.0,9.0,0.3,0.1,0.8,4.0,660.0,0.0,0.0,0.453030303030303
3.0,9.0,10.0,0.3,0.1,0.8,4.0,632.0,0.0,0.0,0.4572784810126582
3.0,9.0,11.0,0.3,0.1,0.8,4.0,634.0,0.0,0.0,0.46214511041009465
3.0,9.0,12.0,0.3,0.1,0.8,4.0,623.0,0.0,0.0,0.4606741573033708
3.0,9.0,13.0,0.3,0.1,0.8,4.0,629.0,0.0,0.0,0.4642289348171701
3.0,9.0,14.0,0.3,0.1,0.8,4.0,621.0,0.0,0.0,0.46215780998389694
3.0,9.0,15.0,0.3,0.1,0.8,4.0,627.0,0.0,0.0,0.46570972886762363
3.0,9.0,16.0,0.3,0.1,0.8,4.0,619.0,0.0,0.0,0.46365105008077545
3.0,9.0,17.0,0.3,0.1,0.8,4.0,625.0,0.0,0.0,0.4672
3.0,9.0,18.0,0.3,0.1,0.8,4.0,616.0,0.0,0.0,0.4659090909090909
3.0,9.0,19.0,0.3,0.1,0.8,4.0,620.0,0.0,0.0,0.46774193548387094
3.0,9.0,20.0,0.3,0.1,0.8,4.0,1091.0,0.0,0.0,0.25939505041246563
3.0,9.0,21.0,0.3,0.1,0.8,4.0,1048.0,0.0,0.0,0.26622137404580154
3.0,9.0,22.0,0.3,0.1,0.8,4.0,1034.0,0.0,0.0,0.26499032882011603
3.0,9.0,23.0,0.3,0.1,0.8,4.0,1014.0,0.0,0.0,0.2682445759368836
3.0,9.0,24.0,0.3,0.1,0.8,4.0,1000.0,0.0,0.0,0.266
3.0,9.0,25.0,0.3,0.1,0.8,4.0,936.0,0.0,0.0,0.2767094017094017
3.0,9.0,26.0,0.3,0.1,0.8,4.0,890.0,0.0,0.0,0.2752808988764045
3.0,9.0,27.0,0.3,0.1,0.8,4.0,890.0,0.0,0.0,0.2797752808988764
3.0,9.0,28.0,0.3,0.1,0.8,4.0,890.0,0.0,0.0,0.2752808988764045
3.0,9.0,29.0,0.3,0.1,0.8,4.0,877.0,0.0,0.0,0.2805017103762828
3.0,9.0,30.0,0.3,0.1,0.8,4.0,837.0,0.0,0.0,0.2807646356033453
3.0,9.0,31.0,0.3,0.1,0.8,4.0,824.0,0.0,0.0,0.28883495145631066
3.0,9.0,32.0,0.3,0.1,0.8,4.0,806.0,0.0,0.0,0.2816377171215881
3.0,9.0,33.0,0.3,0.1,0.8,4.0,806.0,0.0,0.0,0.2866004962779156
3.0,9.0,34.0,0.3,0.1,0.8,4.0,805.0,0.0,0.0,0.2819875776397516
3.0,9.0,35.0,0.3,0.1,0.8,4.0,806.0,0.0,0.0,0.2866004962779156
3.0,9.0,36.0,0.3,0.1,0.8,4.0,805.0,0.0,0.0,0.2819875776397516
3.0,9.0,37.0,0.3,0.1,0.8,4.0,791.0,0.0,0.0,0.28824273072060685
3.0,9.0,38.0,0.3,0.1,0.8,4.0,792.0,0.0,0.0,0.2828282828282828
3.0,9.0,39.0,0.3,0.1,0.8,4.0,791.0,0.0,0.0,0.28824273072060685
3.0,9.0,40.0,0.3,0.1,0.8,4.0,790.0,0.0,0.0,0.28354430379746837
3.0,9.0,41.0,0.3,0.1,0.8,4.0,791.0,0.0,0.0,0.28824273072060685
3.0,9.0,42.0,0.3,0.1,0.8,4.0,774.0,0.0,0.0,0.28811369509043927
3.0,9.0,43.0,0.3,0.1,0.8,4.0,762.0,0.0,0.0,0.29396325459317585
3.0,9.0,44.0,0.3,0.1,0.8,4.0,763.0,0.0,0.0,0.28833551769331583
3.0,9.0,45.0,0.3,0.1,0.8,4.0,750.0,0.0,0.0,0.436
3.0,9.0,46.0,0.3,0.1,0.8,4.0,751.0,0.0,0.0,0.43142476697736354
3.0,9.0,47.0,0.3,0.1,0.8,4.0,752.0,0.0,0.0,0.4348404255319149
3.0,9.0,48.0,0.3,0.1,0.8,4.0,750.0,0.0,0.0,0.432
3.0,9.0,49.0,0.3,0.1,0.8,4.0,753.0,0.0,0.0,0.4342629482071713
3.0,9.0,50.0,0.3,0.1,0.8,4.0,740.0,0.0,0.0,0.43243243243243246
3.0,9.0,51.0,0.3,0.1,0.8,4.0,734.0,0.0,0.0,0.44005449591280654
3.0,9.0,52.0,0.3,0.1,0.8,4.0,735.0,0.0,0.0,0.4340136054421769
3.0,10.0,1.0,0.3,0.1,0.8,4.0,729.0,0.0,0.0,0.4403292181069959
3.0,10.0,2.0,0.3,0.1,0.8,4.0,734.0,0.0,0.0,0.43460490463215257
3.0,10.0,3.0,0.3,0.1,0.8,4.0,729.0,0.0,0.0,0.438957475994513
3.0,10.0,4.0,0.3,0.1,0.8,4.0,732.0,0.0,0.0,0.43579234972677594
3.0,10.0,5.0,0.3,0.1,0.8,4.0,729.0,0.0,0.0,0.438957475994513
3.0,10.0,6.0,0.3,0.1,0.8,4.0,730.0,0.0,0.0,0.436986301369863
3.0,10.0,7.0,0.3,0.1,0.8,4.0,729.0,0.0,0.0,0.438957475994513
3.0,10.0,8.0,0.3,0.1,0.8,4.0,728.0,0.0,0.0,0.4381868131868132
3.0,10.0,9.0,0.3,0.1,0.8,4.0,722.0,0.0,0.0,0.44182825484764543
3.0,10.0,10.0,0.3,0.1,0.8,4.0,711.0,0.0,0.0,0.4388185654008439
3.0,10.0,11.0,0.3,0.1,0.8,4.0,712.0,0.0,0.0,0.4438202247191011
3.0,10.0,12.0,0.3,0.1,0.8,4.0,705.0,0.0,0.0,0.4425531914893617
3.0,10.0,13.0,0.3,0.1,0.8,4.0,710.0,0.0,0.0,0.4450704225352113
3.0,10.0,14.0,0.3,0.1,0.8,4.0,707.0,0.0,0.0,0.44271570014144274
3.0,10.0,15.0,0.3,0.1,0.8,4.0,706.0,0.0,0.0,0.4475920679886686
3.0,10.0,16.0,0.3,0.1,0.8,4.0,704.0,0.0,0.0,0.4446022727272727
3.0,10.0,17.0,0.3,0.1,0.8,4.0,707.0,0.0,0.0,0.44695898161244696
3.0,10.0,18.0,0.3,0.1,0.8,4.0,702.0,0.0,0.0,0.4444444444444444
3.0,10.0,19.0,0.3,0.1,0.8,4.0,705.0,0.0,0.0,0.4482269503546099
3.0,10.0,20.0,0.3,0.1,0.8,4.0,1275.0,0.0,0.0,0.23294117647058823
3.0,10.0,21.0,0.3,0.1,0.8,4.0,1211.0,0.0,0.0,0.236168455821635
3.0,10.0,22.0,0.3,0.1,0.8,4.0,1190.0,0.0,0.0,0.23697478991596638
3.0,10.0,23.0,0.3,0.1,0.8,4.0,1185.0,0.0,0.0,0.23881856540084387
3.0,10.0,24.0,0.3,0.1,0.8,4.0,1151.0,0.0,0.0,0.2371850564726325
3.0,10.0,25.0,0.3,0.1,0.8,4.0,1036.0,0.0,0.0,0.24324324324324326
3.0,10.0,26.0,0.3,0.1,0.8,4.0,1010.0,0.0,0.0,0.24554455445544554
3.0,10.0,27.0,0.3,0.1,0.8,4.0,951.0,0.0,0.0,0.24815983175604628
3.0,10.0,28.0,0.3,0.1,0.8,4.0,920.0,0.0,0.0,0.2510869565217391
3.0,10.0,29.0,0.3,0.1,0.8,4.0,910.0,0.0,0.0,0.25274725274725274
3.0,10.0,30.0,0.3,0.1,0.8,4.0,890.0,0.0,0.0,0.25617977528089886
3.0,10.0,31.0,0.3,0.1,0.8,4.0,892.0,0.0,0.0,0.25448430493273544
3.0,10.0,32.0,0.3,0.1,0.8,4.0,891.0,0.0,0.0,0.2558922558922559
3.0,10.0,33.0,0.3,0.1,0.8,4.0,865.0,0.0,0.0,0.2589595375722543
3.0,10.0,34.0,0.3,0.1,0.8,4.0,863.0,0.0,0.0,0.25955967555040554
3.0,10.0,35.0,0.3,0.1,0.8,4.0,827.0,0.0,0.0,0.26481257557436516
3.0,10.0,36.0,0.3,0.1,0.8,4.0,826.0,0.0,0.0,0.26634382566585957
3.0,10.0,37.0,0.3,0.1,0.8,4.0,826.0,0.0,0.0,0.2651331719128329
3.0,10.0,38.0,0.3,0.1,0.8,4.0,826.0,0.0,0.0,0.26634382566585957
3.0,10.0,39.0,0.3,0.1,0.8,4.0,826.0,0.0,0.0,0.2651331719128329
3.0,10.0,40.0,0.3,0.1,0.8,4.0,823.0,0.0,0.0,0.267314702308627
3.0,10.0,41.0,0.3,0.1,0.8,4.0,823.0,0.0,0.0,0.2660996354799514
3.0,10.0,42.0,0.3,0.1,0.8,4.0,824.0,0.0,0.0,0.2669902912621359
3.0,10.0,43.0,0.3,0.1,0.8,4.0,823.0,0.0,0.0,0.2660996354799514
3.0,10.0,44.0,0.3,0.1,0.8,4.0,809.0,0.0,0.0,0.26823238566131025
3.0,10.0,45.0,0.3,0.1,0.8,4.0,789.0,0.0,0.0,0.43219264892268694
3.0,10.0,46.0,0.3,0.1,0.8,4.0,794.0,0.0,0.0,0.43073047858942065
3.0,10.0,47.0,0.3,0.1,0.8,4.0,777.0,0.0,0.0,0.42985842985842987
3.0,10.0,48.0,0.3,0.1,0.8,4.0,778.0,0.0,0.0,0.4305912596401028
3.0,10.0,49.0,0.3,0.1,0.8,4.0,777.0,0.0,0.0,0.42985842985842987
3.0,10.0,50.0,0.3,0.1,0.8,4.0,765.0,0.0,0.0,0.43137254901960786
3.0,10.0,51.0,0.3,0.1,0.8,4.0,757.0,0.0,0.0,0.4319682959048877
3.0,10.0,52.0,0.3,0.1,0.8,4.0,762.0,0.0,0.0,0.42913385826771655
4.0,1.0,1.0,0.3,0.1,0.8,4.0,5122.0,52.0,4.0,0.302616165560328
4.0,1.0,2.0,0.3,0.1,0.8,4.0,5086.0,55.0,14.0,0.30377506881635863
4.0,1.0,3.0,0.3,0.1,0.8,4.0,5000.0,68.0,25.0,0.3016
4.0,1.0,4.0,0.3,0.1,0.8,4.0,4917.0,91.0,42.0,0.3034370551149075
4.0,1.0,5.0,0.3,0.1,0.8,4.0,4891.0,108.0,42.0,0.3040278061746064
4.0,1.0,6.0,0.3,0.1,0.8,4.0,4765.0,140.0,50.0,0.3068205666316894
4.0,1.0,7.0,0.3,0.1,0.8,4.0,4556.0,146.0,50.0,0.3094820017559263
4.0,1.0,8.0,0.3,0.1,0.8,4.0,4371.0,157.0,56.0,0.3097689315946008
4.0,1.0,9.0,0.3,0.1,0.8,4.0,4182.0,166.0,60.0,0.31061692969870874
4.0,1.0,10.0,0.3,0.1,0.8,4.0,4111.0,189.0,74.0,0.31281926538555094
4.0,1.0,11.0,0.3,0.1,0.8,4.0,3956.0,207.0,84.0,0.3109201213346815
4.0,1.0,12.0,0.3,0.1,0.8,4.0,3817.0,225.0,91.0,0.3122871364946293
4.0,1.0,13.0,0.3,0.1,0.8,4.0,3700.0,233.0,95.0,0.3137837837837838
4.0,1.0,14.0,0.3,0.1,0.8,4.0,3594.0,220.0,99.0,0.31886477462437396
4.0,1.0,15.0,0.3,0.1,0.8,4.0,3480.0,231.0,109.0,0.3192528735632184
4.0,1.0,16.0,0.3,0.1,0.8,4.0,3423.0,231.0,111.0,0.3245690914402571
4.0,1.0,17.0,0.3,0.1,0.8,4.0,3280.0,219.0,108.0,0.325609756097561
4.0,1.0,18.0,0.3,0.1,0.8,4.0,3230.0,198.0,103.0,0.32972136222910214
4.0,1.0,19.0,0.3,0.1,0.8,4.0,3147.0,190.0,107.0,0.3317445185891325
4.0,1.0,20.0,0.3,0.1,0.8,4.0,6145.0,167.0,97.0,0.1705451586655818
4.0,1.0,21.0,0.3,0.1,0.8,4.0,5785.0,238.0,87.0,0.17424373379429559
4.0,1.0,22.0,0.3,0.1,0.8,4.0,5538.0,290.0,81.0,0.17677862044059228
4.0,1.0,23.0,0.3,0.1,0.8,4.0,5337.0,339.0,99.0,0.17987633501967398
4.0,1.0,24.0,0.3,0.1,0.8,4.0,5058.0,365.0,121.0,0.17892447607750098
4.0,1.0,25.0,0.3,0.1,0.8,4.0,4849.0,410.0,156.0,0.18354299855640338
4.0,1.0,26.0,0.3,0.1,0.8,4.0,4587.0,453.0,186.0,0.18661434488772619
4.0,1.0,27.0,0.3,0.1,0.8,4.0,4342.0,478.0,198.0,0.19046522339935515
4.0,1.0,28.0,0.3,0.1,0.8,4.0,4020.0,482.0,203.0,0.19651741293532338
4.0,1.0,29.0,0.3,0.1,0.8,4.0,3851.0,495.0,211.0,0.2022851207478577
4.0,1.0,30.0,0.3,0.1,0.8,4.0,3699.0,522.0,224.0,0.20573127872397945
4.0,1.0,31.0,0.3,0.1,0.8,4.0,3558.0,535.0,237.0,0.209106239460371
4.0,1.0,32.0,0.3,0.1,0.8,4.0,3359.0,529.0,238.0,0.21762429294432867
4.0,1.0,33.0,0.3,0.1,0.8,4.0,3220.0,512.0,241.0,0.2248447204968944
4.0,1.0,34.0,0.3,0.1,0.8,4.0,3024.0,481.0,234.0,0.23313492063492064
4.0,1.0,35.0,0.3,0.1,0.8,4.0,2877.0,488.0,232.0,0.23879040667361837
4.0,1.0,36.0,0.3,0.1,0.8,4.0,2702.0,472.0,215.0,0.24944485566247224
4.0,1.0,37.0,0.3,0.1,0.8,4.0,2578.0,444.0,212.0,0.2575640031031808
4.0,1.0,38.0,0.3,0.1,0.8,4.0,2430.0,431.0,213.0,0.2646090534979424
4.0,1.0,39.0,0.3,0.1,0.8,4.0,2270.0,398.0,198.0,0.27929515418502204
4.0,1.0,40.0,0.3,0.1,0.8,4.0,2160.0,376.0,171.0,0.2865740740740741
4.0,1.0,41.0,0.3,0.1,0.8,4.0,1995.0,340.0,162.0,0.30275689223057645
4.0,1.0,42.0,0.3,0.1,0.8,4.0,1902.0,314.0,157.0,0.30914826498422715
4.0,1.0,43.0,0.3,0.1,0.8,4.0,1818.0,308.0,155.0,0.32453245324532454
4.0,1.0,44.0,0.3,0.1,0.8,4.0,1705.0,280.0,147.0,0.33548387096774196
4.0,1.0,45.0,0.3,0.1,0.8,4.0,1631.0,247.0,128.0,0.4984671980380135
4.0,1.0,46.0,0.3,0.1,0.8,4.0,1554.0,225.0,125.0,0.5051480051480052
4.0,1.0,47.0,0.3,0.1,0.8,4.0,1488.0,187.0,113.0,0.5174731182795699
4.0,1.0,48.0,0.3,0.1,0.8,4.0,1421.0,163.0,100.0,0.5327234342012667
4.0,1.0,49.0,0.3,0.1,0.8,4.0,1362.0,127.0,81.0,0.5477239353891337
4.0,1.0,50.0,0.3,0.1,0.8,4.0,1321.0,109.0,68.0,0.5594246782740349
4.0,1.0,51.0,0.3,0.1,0.8,4.0,1289.0,84.0,53.0,0.5686578743211792
4.0,1.0,52.0,0.3,0.1,0.8,4.0,1246.0,72.0,38.0,0.5746388443017657
4.0,2.0,1.0,0.3,0.1,0.8,4.0,1222.0,56.0,37.0,0.5818330605564648
4.0,2.0,2.0,0.3,0.1,0.8,4.0,1187.0,50.0,29.0,0.5855096882898062
4.0,2.0,3.0,0.3,0.1,0.8,4.0,1173.0,51.0,32.0,0.5899403239556692
4.0,2.0,4.0,0.3,0.1,0.8,4.0,1133.0,38.0,21.0,0.5966460723742277
4.0,2.0,5.0,0.3,0.1,0.8,4.0,1132.0,35.0,20.0,0.6015901060070671
4.0,2.0,6.0,0.3,0.1,0.8,4.0,1102.0,31.0,16.0,0.6070780399274047
4.0,2.0,7.0,0.3,0.1,0.8,4.0,1095.0,24.0,13.0,0.6118721461187214
4.0,2.0,8.0,0.3,0.1,0.8,4.0,1068.0,20.0,13.0,0.6142322097378277
4.0,2.0,9.0,0.3,0.1,0.8,4.0,1057.0,16.0,11.0,0.6149479659413434
4.0,2.0,10.0,0.3,0.1,0.8,4.0,1032.0,13.0,10.0,0.6172480620155039
4.0,2.0,11.0,0.3,0.1,0.8,4.0,1021.0,10.0,8.0,0.6160626836434868
4.0,2.0,12.0,0.3,0.1,0.8,4.0,1007.0,8.0,5.0,0.6216484607745779
4.0,2.0,13.0,0.3,0.1,0.8,4.0,1004.0,7.0,3.0,0.6195219123505976
4.0,2.0,14.0,0.3,0.1,0.8,4.0,972.0,7.0,1.0,0.6244855967078189
4.0,2.0,15.0,0.3,0.1,0.8,4.0,977.0,8.0,2.0,0.6223132036847492
4.0,2.0,16.0,0.3,0.1,0.8,4.0,955.0,7.0,2.0,0.6272251308900524
4.0,2.0,17.0,0.3,0.1,0.8,4.0,962.0,11.0,6.0,0.6247401247401247
4.0,2.0,18.0,0.3,0.1,0.8,4.0,950.0,10.0,7.0,0.628421052631579
4.0,2.0,19.0,0.3,0.1,0.8,4.0,954.0,11.0,8.0,0.6257861635220126
4.0,2.0,20.0,0.3,0.1,0.8,4.0,1808.0,7.0,5.0,0.3274336283185841
4.0,2.0,21.0,0.3,0.1,0.8,4.0,1803.0,6.0,3.0,0.32723239046034386
4.0,2.0,22.0,0.3,0.1,0.8,4.0,1721.0,4.0,2.0,0.33120278907611855
4.0,2.0,23.0,0.3,0.1,0.8,4.0,1703.0,4.0,1.0,0.3270698766881973
4.0,2.0,24.0,0.3,0.1,0.8,4.0,1644.0,4.0,1.0,0.32968369829683697
4.0,2.0,25.0,0.3,0.1,0.8,4.0,1628.0,2.0,2.0,0.3249385749385749
4.0,2.0,26.0,0.3,0.1,0.8,4.0,1550.0,6.0,2.0,0.32903225806451614
4.0,2.0,27.0,0.3,0.1,0.8,4.0,1534.0,7.0,2.0,0.32529335071707954
4.0,2.0,28.0,0.3,0.1,0.8,4.0,1475.0,6.0,0.0,0.3328813559322034
4.0,2.0,29.0,0.3,0.1,0.8,4.0,1485.0,6.0,2.0,0.3306397306397306
4.0,2.0,30.0,0.3,0.1,0.8,4.0,1429.0,6.0,3.0,0.3344996501049685
4.0,2.0,31.0,0.3,0.1,0.8,4.0,1407.0,6.0,5.0,0.3304904051172708
4.0,2.0,32.0,0.3,0.1,0.8,4.0,1366.0,7.0,3.0,0.3330893118594436
4.0,2.0,33.0,0.3,0.1,0.8,4.0,1383.0,7.0,2.0,0.3318872017353579
4.0,2.0,34.0,0.3,0.1,0.8,4.0,1336.0,5.0,3.0,0.3338323353293413
4.0,2.0,35.0,0.3,0.1,0.8,4.0,1357.0,6.0,4.0,0.3323507737656595
4.0,2.0,36.0,0.3,0.1,0.8,4.0,1302.0,6.0,4.0,0.3348694316436252
4.0,2.0,37.0,0.3,0.1,0.8,4.0,1317.0,4.0,1.0,0.3333333333333333
4.0,2.0,38.0,0.3,0.1,0.8,4.0,1265.0,3.0,2.0,0.33517786561264823
4.0,2.0,39.0,0.3,0.1,0.8,4.0,1270.0,5.0,2.0,0.33307086614173226
4.0,2.0,40.0,0.3,0.1,0.8,4.0,1224.0,5.0,4.0,0.3333333333333333
4.0,2.0,41.0,0.3,0.1,0.8,4.0,1235.0,4.0,2.0,0.3327935222672065
4.0,2.0,42.0,0.3,0.1,0.8,4.0,1206.0,6.0,2.0,0.3333333333333333
4.0,2.0,43.0,0.3,0.1,0.8,4.0,1221.0,5.0,0.0,0.3333333333333333
4.0,2.0,44.0,0.3,0.1,0.8,4.0,1146.0,5.0,4.0,0.3394415357766143
4.0,2.0,45.0,0.3,0.1,0.8,4.0,1137.0,7.0,4.0,0.47405452946350046
4.0,2.0,46.0,0.3,0.1,0.8,4.0,1114.0,8.0,4.0,0.4757630161579892
4.0,2.0,47.0,0.3,0.1,0.8,4.0,1097.0,4.0,1.0,0.47584320875113945
4.0,2.0,48.0,0.3,0.1,0.8,4.0,1073.0,3.0,1.0,0.47530288909599255
4.0,2.0,49.0,0.3,0.1,0.8,4.0,1075.0,3.0,1.0,0.4781395348837209
4.0,2.0,50.0,0.3,0.1,0.8,4.0,1052.0,5.0,1.0,0.47718631178707227
4.0,2.0,51.0,0.3,0.1,0.8,4.0,1067.0,4.0,1.0,0.47703842549203374
4.0,2.0,52.0,0.3,0.1,0.8,4.0,1047.0,4.0,2.0,0.4785100286532951
4.0,3.0,1.0,0.3,0.1,0.8,4.0,1058.0,5.0,3.0,0.4773156899810964
4.0,3.0,2.0,0.3,0.1,0.8,4.0,1025.0,6.0,2.0,0.4790243902439024
4.0,3.0,3.0,0.3,0.1,0.8,4.0,1033.0,6.0,2.0,0.4782187802516941
4.0,3.0,4.0,0.3,0.1,0.8,4.0,1013.0,7.0,2.0,0.4777887462981244
4.0,3.0,5.0,0.3,0.1,0.8,4.0,1023.0,7.0,3.0,0.4780058651026393
4.0,3.0,6.0,0.3,0.1,0.8,4.0,1004.0,6.0,3.0,0.4770916334661355
4.0,3.0,7.0,0.3,0.1,0.8,4.0,1005.0,6.0,2.0,0.47960199004975124
4.0,3.0,8.0,0.3,0.1,0.8,4.0,980.0,5.0,3.0,0.4785714285714286
4.0,3.0,9.0,0.3,0.1,0.8,4.0,973.0,5.0,3.0,0.48098663926002055
4.0,3.0,10.0,0.3,0.1,0.8,4.0,931.0,6.0,4.0,0.4790547798066595
4.0,3.0,11.0,0.3,0.1,0.8,4.0,919.0,4.0,3.0,0.4842219804134929
4.0,3.0,12.0,0.3,0.1,0.8,4.0,897.0,5.0,2.0,0.48272017837235226
4.0,3.0,13.0,0.3,0.1,0.8,4.0,911.0,5.0,1.0,0.48518111964873767
4.0,3.0,14.0,0.3,0.1,0.8,4.0,876.0,4.0,2.0,0.4863013698630137
4.0,3.0,15.0,0.3,0.1,0.8,4.0,886.0,6.0,3.0,0.48645598194130923
4.0,3.0,16.0,0.3,0.1,0.8,4.0,870.0,6.0,4.0,0.4850574712643678
4.0,3.0,17.0,0.3,0.1,0.8,4.0,877.0,5.0,4.0,0.4880273660205245
4.0,3.0,18.0,0.3,0.1,0.8,4.0,859.0,5.0,3.0,0.48544819557625146
4.0,3.0,19.0,0.3,0.1,0.8,4.0,869.0,4.0,3.0,0.4844649021864212
4.0,3.0,20.0,0.3,0.1,0.8,4.0,1646.0,4.0,2.0,0.2496962332928311
4.0,3.0,21.0,0.3,0.1,0.8,4.0,1649.0,4.0,2.0,0.25288053365676166
4.0,3.0,22.0,0.3,0.1,0.8,4.0,1593.0,4.0,1.0,0.2529817953546767
4.0,3.0,23.0,0.3,0.1,0.8,4.0,1555.0,5.0,1.0,0.2540192926045016
4.0,3.0,24.0,0.3,0.1,0.8,4.0,1468.0,5.0,3.0,0.25681198910081743
4.0,3.0,25.0,0.3,0.1,0.8,4.0,1436.0,8.0,5.0,0.2562674094707521
4.0,3.0,26.0,0.3,0.1,0.8,4.0,1337.0,9.0,4.0,0.2580403889304413
4.0,3.0,27.0,0.3,0.1,0.8,4.0,1331.0,11.0,2.0,0.2599549211119459
4.0,3.0,28.0,0.3,0.1,0.8,4.0,1262.0,12.0,1.0,0.26386687797147385
4.0,3.0,29.0,0.3,0.1,0.8,4.0,1275.0,17.0,2.0,0.2643137254901961
4.0,3.0,30.0,0.3,0.1,0.8,4.0,1238.0,19.0,5.0,0.26252019386106623
4.0,3.0,31.0,0.3,0.1,0.8,4.0,1231.0,21.0,9.0,0.26320064987814784
4.0,3.0,32.0,0.3,0.1,0.8,4.0,1185.0,20.0,10.0,0.26329113924050634
4.0,3.0,33.0,0.3,0.1,0.8,4.0,1188.0,20.0,12.0,0.2676767676767677
4.0,3.0,34.0,0.3,0.1,0.8,4.0,1132.0,16.0,9.0,0.2659010600706714
4.0,3.0,35.0,0.3,0.1,0.8,4.0,1145.0,18.0,9.0,0.2663755458515284
4.0,3.0,36.0,0.3,0.1,0.8,4.0,1113.0,15.0,5.0,0.26864330637915546
4.0,3.0,37.0,0.3,0.1,0.8,4.0,1118.0,16.0,6.0,0.2701252236135957
4.0,3.0,38.0,0.3,0.1,0.8,4.0,1075.0,18.0,6.0,0.2669767441860465
4.0,3.0,39.0,0.3,0.1,0.8,4.0,1101.0,21.0,9.0,0.2652134423251589
4.0,3.0,40.0,0.3,0.1,0.8,4.0,1065.0,19.0,11.0,0.2676056338028169
4.0,3.0,41.0,0.3,0.1,0.8,4.0,1047.0,17.0,11.0,0.26743075453677173
4.0,3.0,42.0,0.3,0.1,0.8,4.0,980.0,25.0,9.0,0.2683673469387755
4.0,3.0,43.0,0.3,0.1,0.8,4.0,975.0,20.0,5.0,0.27076923076923076
4.0,3.0,44.0,0.3,0.1,0.8,4.0,949.0,19.0,9.0,0.2697576396206533
4.0,3.0,45.0,0.3,0.1,0.8,4.0,964.0,22.0,11.0,0.4139004149377593
4.0,3.0,46.0,0.3,0.1,0.8,4.0,931.0,24.0,12.0,0.4189044038668099
4.0,3.0,47.0,0.3,0.1,0.8,4.0,930.0,24.0,8.0,0.4161290322580645
4.0,3.0,48.0,0.3,0.1,0.8,4.0,900.0,24.0,11.0,0.42333333333333334
4.0,3.0,49.0,0.3,0.1,0.8,4.0,900.0,20.0,10.0,0.4177777777777778
4.0,3.0,50.0,0.3,0.1,0.8,4.0,881.0,19.0,11.0,0.42224744608399545
4.0,3.0,51.0,0.3,0.1,0.8,4.0,883.0,17.0,11.0,0.420158550396376
4.0,3.0,52.0,0.3,0.1,0.8,4.0,862.0,18.0,10.0,0.4222737819025522
4.0,4.0,1.0,0.3,0.1,0.8,4.0,869.0,14.0,10.0,0.42002301495972383
4.0,4.0,2.0,0.3,0.1,0.8,4.0,851.0,11.0,6.0,0.42303172737955347
4.0,4.0,3.0,0.3,0.1,0.8,4.0,848.0,10.0,6.0,0.4221698113207547
4.0,4.0,4.0,0.3,0.1,0.8,4.0,828.0,9.0,2.0,0.428743961352657
4.0,4.0,5.0,0.3,0.1,0.8,4.0,837.0,10.0,3.0,0.4241338112305854
4.0,4.0,6.0,0.3,0.1,0.8,4.0,822.0,9.0,3.0,0.42700729927007297
4.0,4.0,7.0,0.3,0.1,0.8,4.0,830.0,10.0,3.0,0.42530120481927713
4.0,4.0,8.0,0.3,0.1,0.8,4.0,801.0,10.0,4.0,0.42696629213483145
4.0,4.0,9.0,0.3,0.1,0.8,4.0,804.0,9.0,4.0,0.42412935323383083
4.0,4.0,10.0,0.3,0.1,0.8,4.0,774.0,9.0,4.0,0.4186046511627907
4.0,4.0,11.0,0.3,0.1,0.8,4.0,778.0,8.0,6.0,0.42159383033419023
4.0,4.0,12.0,0.3,0.1,0.8,4.0,763.0,8.0,5.0,0.4233289646133683
4.0,4.0,13.0,0.3,0.1,0.8,4.0,767.0,11.0,7.0,0.42242503259452413
4.0,4.0,14.0,0.3,0.1,0.8,4.0,751.0,8.0,3.0,0.4247669773635153
4.0,4.0,15.0,0.3,0.1,0.8,4.0,758.0,7.0,5.0,0.42480211081794195
4.0,4.0,16.0,0.3,0.1,0.8,4.0,742.0,7.0,4.0,0.4272237196765499
4.0,4.0,17.0,0.3,0.1,0.8,4.0,753.0,8.0,5.0,0.4249667994687915
4.0,4.0,18.0,0.3,0.1,0.8,4.0,734.0,6.0,3.0,0.4264305177111717
4.0,4.0,19.0,0.3,0.1,0.8,4.0,744.0,5.0,2.0,0.4260752688172043
4.0,4.0,20.0,0.3,0.1,0.8,4.0,1376.0,4.0,2.0,0.22674418604651161
4.0,4.0,21.0,0.3,0.1,0.8,4.0,1345.0,6.0,2.0,0.23048327137546468
4.0,4.0,22.0,0.3,0.1,0.8,4.0,1249.0,7.0,2.0,0.23939151321056845
4.0,4.0,23.0,0.3,0.1,0.8,4.0,1244.0,5.0,3.0,0.2395498392282958
4.0,4.0,24.0,0.3,0.1,0.8,4.0,1205.0,4.0,2.0,0.24149377593360996
4.0,4.0,25.0,0.3,0.1,0.8,4.0,1154.0,7.0,3.0,0.24263431542461006
4.0,4.0,26.0,0.3,0.1,0.8,4.0,1097.0,8.0,3.0,0.24521422060164083
4.0,4.0,27.0,0.3,0.1,0.8,4.0,1094.0,9.0,5.0,0.24588665447897623
4.0,4.0,28.0,0.3,0.1,0.8,4.0,1067.0,12.0,5.0,0.24742268041237114
4.0,4.0,29.0,0.3,0.1,0.8,4.0,1043.0,17.0,6.0,0.24544582933844677
4.0,4.0,30.0,0.3,0.1,0.8,4.0,977.0,18.0,6.0,0.24257932446264074
4.0,4.0,31.0,0.3,0.1,0.8,4.0,972.0,15.0,9.0,0.24279835390946503
4.0,4.0,32.0,0.3,0.1,0.8,4.0,945.0,18.0,9.0,0.24444444444444444
4.0,4.0,33.0,0.3,0.1,0.8,4.0,959.0,20.0,11.0,0.24504692387904067
4.0,4.0,34.0,0.3,0.1,0.8,4.0,912.0,15.0,7.0,0.24780701754385964
4.0,4.0,35.0,0.3,0.1,0.8,4.0,900.0,16.0,7.0,0.24666666666666667
4.0,4.0,36.0,0.3,0.1,0.8,4.0,841.0,12.0,6.0,0.25089179548156954
4.0,4.0,37.0,0.3,0.1,0.8,4.0,836.0,12.0,8.0,0.25239234449760767
4.0,4.0,38.0,0.3,0.1,0.8,4.0,807.0,11.0,7.0,0.2540272614622057
4.0,4.0,39.0,0.3,0.1,0.8,4.0,814.0,9.0,6.0,0.25552825552825553
4.0,4.0,40.0,0.3,0.1,0.8,4.0,797.0,11.0,5.0,0.2559598494353827
4.0,4.0,41.0,0.3,0.1,0.8,4.0,811.0,12.0,6.0,0.2564734895191122
4.0,4.0,42.0,0.3,0.1,0.8,4.0,793.0,10.0,6.0,0.25598991172761665
4.0,4.0,43.0,0.3,0.1,0.8,4.0,803.0,11.0,8.0,0.25404732254047324
4.0,4.0,44.0,0.3,0.1,0.8,4.0,773.0,10.0,7.0,0.2522639068564036
4.0,4.0,45.0,0.3,0.1,0.8,4.0,781.0,11.0,6.0,0.3969270166453265
4.0,4.0,46.0,0.3,0.1,0.8,4.0,747.0,8.0,3.0,0.39759036144578314
4.0,4.0,47.0,0.3,0.1,0.8,4.0,747.0,9.0,2.0,0.40160642570281124
4.0,4.0,48.0,0.3,0.1,0.8,4.0,730.0,8.0,4.0,0.39863013698630134
4.0,4.0,49.0,0.3,0.1,0.8,4.0,742.0,7.0,6.0,0.39892183288409705
4.0,4.0,50.0,0.3,0.1,0.8,4.0,722.0,10.0,7.0,0.3988919667590028
4.0,4.0,51.0,0.3,0.1,0.8,4.0,718.0,8.0,4.0,0.3983286908077994
4.0,4.0,52.0,0.3,0.1,0.8,4.0,687.0,6.0,2.0,0.4017467248908297
4.0,5.0,1.0,0.3,0.1,0.8,4.0,696.0,8.0,1.0,0.40660919540229884
4.0,5.0,2.0,0.3,0.1,0.8,4.0,677.0,8.0,2.0,0.4032496307237814
4.0,5.0,3.0,0.3,0.1,0.8,4.0,687.0,7.0,3.0,0.40465793304221254
4.0,5.0,4.0,0.3,0.1,0.8,4.0,670.0,8.0,5.0,0.40298507462686567
4.0,5.0,5.0,0.3,0.1,0.8,4.0,681.0,10.0,6.0,0.4052863436123348
4.0,5.0,6.0,0.3,0.1,0.8,4.0,660.0,9.0,6.0,0.403030303030303
4.0,5.0,7.0,0.3,0.1,0.8,4.0,671.0,8.0,4.0,0.4068554396423249
4.0,5.0,8.0,0.3,0.1,0.8,4.0,639.0,7.0,4.0,0.40688575899843504
4.0,5.0,9.0,0.3,0.1,0.8,4.0,646.0,5.0,2.0,0.4117647058823529
4.0,5.0,10.0,0.3,0.1,0.8,4.0,631.0,7.0,3.0,0.40887480190174325
4.0,5.0,11.0,0.3,0.1,0.8,4.0,641.0,6.0,4.0,0.4118564742589704
4.0,5.0,12.0,0.3,0.1,0.8,4.0,615.0,7.0,4.0,0.416260162601626
4.0,5.0,13.0,0.3,0.1,0.8,4.0,618.0,8.0,4.0,0.42394822006472493
4.0,5.0,14.0,0.3,0.1,0.8,4.0,605.0,8.0,2.0,0.4214876033057851
4.0,5.0,15.0,0.3,0.1,0.8,4.0,615.0,9.0,4.0,0.424390243902439
4.0,5.0,16.0,0.3,0.1,0.8,4.0,604.0,9.0,3.0,0.423841059602649
4.0,5.0,17.0,0.3,0.1,0.8,4.0,611.0,8.0,4.0,0.4238952536824877
4.0,5.0,18.0,0.3,0.1,0.8,4.0,596.0,6.0,4.0,0.42449664429530204
4.0,5.0,19.0,0.3,0.1,0.8,4.0,607.0,6.0,4.0,0.4233937397034596
4.0,5.0,20.0,0.3,0.1,0.8,4.0,1070.0,4.0,3.0,0.23551401869158878
4.0,5.0,21.0,0.3,0.1,0.8,4.0,1091.0,5.0,1.0,0.23556370302474794
4.0,5.0,22.0,0.3,0.1,0.8,4.0,1042.0,6.0,2.0,0.23896353166986564
4.0,5.0,23.0,0.3,0.1,0.8,4.0,1020.0,10.0,3.0,0.23921568627450981
4.0,5.0,24.0,0.3,0.1,0.8,4.0,960.0,10.0,5.0,0.24583333333333332
4.0,5.0,25.0,0.3,0.1,0.8,4.0,979.0,9.0,5.0,0.24412665985699694
4.0,5.0,26.0,0.3,0.1,0.8,4.0,951.0,12.0,3.0,0.24710830704521555
4.0,5.0,27.0,0.3,0.1,0.8,4.0,909.0,10.0,4.0,0.2508250825082508
4.0,5.0,28.0,0.3,0.1,0.8,4.0,857.0,11.0,6.0,0.2555425904317386
4.0,5.0,29.0,0.3,0.1,0.8,4.0,850.0,13.0,9.0,0.2611764705882353
4.0,5.0,30.0,0.3,0.1,0.8,4.0,790.0,11.0,8.0,0.26582278481012656
4.0,5.0,31.0,0.3,0.1,0.8,4.0,794.0,9.0,6.0,0.2682619647355164
4.0,5.0,32.0,0.3,0.1,0.8,4.0,734.0,7.0,4.0,0.273841961852861
4.0,5.0,33.0,0.3,0.1,0.8,4.0,757.0,8.0,2.0,0.27080581241743723
4.0,5.0,34.0,0.3,0.1,0.8,4.0,719.0,8.0,1.0,0.27816411682892905
4.0,5.0,35.0,0.3,0.1,0.8,4.0,723.0,7.0,3.0,0.28077455048409405
4.0,5.0,36.0,0.3,0.1,0.8,4.0,666.0,9.0,3.0,0.2822822822822823
4.0,5.0,37.0,0.3,0.1,0.8,4.0,673.0,9.0,6.0,0.2838038632986627
4.0,5.0,38.0,0.3,0.1,0.8,4.0,652.0,5.0,3.0,0.28680981595092025
4.0,5.0,39.0,0.3,0.1,0.8,4.0,662.0,7.0,4.0,0.283987915407855
4.0,5.0,40.0,0.3,0.1,0.8,4.0,631.0,6.0,5.0,0.2868462757527734
4.0,5.0,41.0,0.3,0.1,0.8,4.0,629.0,6.0,4.0,0.2893481717011129
4.0,5.0,42.0,0.3,0.1,0.8,4.0,604.0,5.0,3.0,0.2847682119205298
4.0,5.0,43.0,0.3,0.1,0.8,4.0,595.0,2.0,0.0,0.2907563025210084
4.0,5.0,44.0,0.3,0.1,0.8,4.0,595.0,2.0,2.0,0.28403361344537814
4.0,5.0,45.0,0.3,0.1,0.8,4.0,578.0,2.0,2.0,0.4532871972318339
4.0,5.0,46.0,0.3,0.1,0.8,4.0,575.0,2.0,2.0,0.44521739130434784
4.0,5.0,47.0,0.3,0.1,0.8,4.0,575.0,1.0,0.0,0.45217391304347826
4.0,5.0,48.0,0.3,0.1,0.8,4.0,575.0,1.0,1.0,0.44521739130434784
4.0,5.0,49.0,0.3,0.1,0.8,4.0,570.0,1.0,1.0,0.44912280701754387
4.0,5.0,50.0,0.3,0.1,0.8,4.0,577.0,1.0,1.0,0.4436741767764298
4.0,5.0,51.0,0.3,0.1,0.8,4.0,553.0,0.0,0.0,0.45750452079566006
4.0,5.0,52.0,0.3,0.1,0.8,4.0,559.0,0.0,0.0,0.45080500894454384
4.0,6.0,1.0,0.3,0.1,0.8,4.0,546.0,0.0,0.0,0.46153846153846156
4.0,6.0,2.0,0.3,0.1,0.8,4.0,550.0,0.0,0.0,0.4490909090909091
4.0,6.0,3.0,0.3,0.1,0.8,4.0,540.0,0.0,0.0,0.45925925925925926
4.0,6.0,4.0,0.3,0.1,0.8,4.0,547.0,0.0,0.0,0.4515539305301645
4.0,6.0,5.0,0.3,0.1,0.8,4.0,537.0,0.0,0.0,0.45996275605214154
4.0,6.0,6.0,0.3,0.1,0.8,4.0,531.0,0.0,0.0,0.4444444444444444
4.0,6.0,7.0,0.3,0.1,0.8,4.0,520.0,0.0,0.0,0.45576923076923076
4.0,6.0,8.0,0.3,0.1,0.8,4.0,526.0,0.0,0.0,0.44866920152091255
4.0,6.0,9.0,0.3,0.1,0.8,4.0,503.0,0.0,0.0,0.46123260437375746
4.0,6.0,10.0,0.3,0.1,0.8,4.0,506.0,0.0,0.0,0.45454545454545453
4.0,6.0,11.0,0.3,0.1,0.8,4.0,502.0,0.0,0.0,0.46215139442231074
4.0,6.0,12.0,0.3,0.1,0.8,4.0,505.0,0.0,0.0,0.45742574257425744
4.0,6.0,13.0,0.3,0.1,0.8,4.0,499.0,0.0,0.0,0.46292585170340683
4.0,6.0,14.0,0.3,0.1,0.8,4.0,503.0,0.0,0.0,0.4552683896620278
4.0,6.0,15.0,0.3,0.1,0.8,4.0,497.0,0.0,0.0,0.4607645875251509
4.0,6.0,16.0,0.3,0.1,0.8,4.0,499.0,0.0,0.0,0.4529058116232465
4.0,6.0,17.0,0.3,0.1,0.8,4.0,481.0,0.0,0.0,0.46361746361746364
4.0,6.0,18.0,0.3,0.1,0.8,4.0,485.0,0.0,0.0,0.4577319587628866
4.0,6.0,19.0,0.3,0.1,0.8,4.0,483.0,0.0,0.0,0.463768115942029
4.0,6.0,20.0,0.3,0.1,0.8,4.0,902.0,0.0,0.0,0.24722838137472283
4.0,6.0,21.0,0.3,0.1,0.8,4.0,834.0,0.0,0.0,0.2589928057553957
4.0,6.0,22.0,0.3,0.1,0.8,4.0,834.0,0.0,0.0,0.25539568345323743
4.0,6.0,23.0,0.3,0.1,0.8,4.0,833.0,0.0,0.0,0.25690276110444177
4.0,6.0,24.0,0.3,0.1,0.8,4.0,820.0,0.0,0.0,0.2548780487804878
4.0,6.0,25.0,0.3,0.1,0.8,4.0,809.0,0.0,0.0,0.2595797280593325
4.0,6.0,26.0,0.3,0.1,0.8,4.0,797.0,0.0,0.0,0.2572145545796738
4.0,6.0,27.0,0.3,0.1,0.8,4.0,774.0,0.0,0.0,0.25839793281653745
4.0,6.0,28.0,0.3,0.1,0.8,4.0,767.0,0.0,0.0,0.25684485006518903
4.0,6.0,29.0,0.3,0.1,0.8,4.0,774.0,0.0,0.0,0.25839793281653745
4.0,6.0,30.0,0.3,0.1,0.8,4.0,755.0,0.0,0.0,0.2596026490066225
4.0,6.0,31.0,0.3,0.1,0.8,4.0,747.0,0.0,0.0,0.2637215528781794
4.0,6.0,32.0,0.3,0.1,0.8,4.0,711.0,0.0,0.0,0.26441631504922647
4.0,6.0,33.0,0.3,0.1,0.8,4.0,713.0,0.0,0.0,0.26788218793828894
4.0,6.0,34.0,0.3,0.1,0.8,4.0,710.0,0.0,0.0,0.2633802816901408
4.0,6.0,35.0,0.3,0.1,0.8,4.0,711.0,0.0,0.0,0.2672292545710267
4.0,6.0,36.0,0.3,0.1,0.8,4.0,677.0,0.0,0.0,0.26292466765140327
4.0,6.0,37.0,0.3,0.1,0.8,4.0,681.0,0.0,0.0,0.2643171806167401
4.0,6.0,38.0,0.3,0.1,0.8,4.0,667.0,0.0,0.0,0.2623688155922039
4.0,6.0,39.0,0.3,0.1,0.8,4.0,650.0,0.0,0.0,0.2692307692307692
4.0,6.0,40.0,0.3,0.1,0.8,4.0,643.0,0.0,0.0,0.2643856920684292
4.0,6.0,41.0,0.3,0.1,0.8,4.0,631.0,0.0,0.0,0.26782884310618066
4.0,6.0,42.0,0.3,0.1,0.8,4.0,629.0,0.0,0.0,0.26232114467408585
4.0,6.0,43.0,0.3,0.1,0.8,4.0,634.0,0.0,0.0,0.2618296529968454
4.0,6.0,44.0,0.3,0.1,0.8,4.0,627.0,0.0,0.0,0.25996810207336524
4.0,6.0,45.0,0.3,0.1,0.8,4.0,622.0,0.0,0.0,0.4340836012861736
4.0,6.0,46.0,0.3,0.1,0.8,4.0,605.0,0.0,0.0,0.42479338842975206
4.0,6.0,47.0,0.3,0.1,0.8,4.0,601.0,0.0,0.0,0.43261231281198004
4.0,6.0,48.0,0.3,0.1,0.8,4.0,592.0,0.0,0.0,0.42567567567567566
4.0,6.0,49.0,0.3,0.1,0.8,4.0,557.0,0.0,0.0,0.4362657091561939
4.0,6.0,50.0,0.3,0.1,0.8,4.0,549.0,0.0,0.0,0.4426229508196721
4.0,6.0,51.0,0.3,0.1,0.8,4.0,554.0,0.0,0.0,0.4404332129963899
4.0,6.0,52.0,0.3,0.1,0.8,4.0,547.0,0.0,0.0,0.4405850091407678
4.0,7.0,1.0,0.3,0.1,0.8,4.0,552.0,0.0,0.0,0.44021739130434784
4.0,7.0,2.0,0.3,0.1,0.8,4.0,546.0,0.0,0.0,0.4413919413919414
4.0,7.0,3.0,0.3,0.1,0.8,4.0,552.0,0.0,0.0,0.44021739130434784
4.0,7.0,4.0,0.3,0.1,0.8,4.0,547.0,0.0,0.0,0.4405850091407678
4.0,7.0,5.0,0.3,0.1,0.8,4.0,552.0,0.0,0.0,0.44021739130434784
4.0,7.0,6.0,0.3,0.1,0.8,4.0,544.0,0.0,0.0,0.43933823529411764
4.0,7.0,7.0,0.3,0.1,0.8,4.0,550.0,0.0,0.0,0.4381818181818182
4.0,7.0,8.0,0.3,0.1,0.8,4.0,542.0,0.0,0.0,0.43911439114391143
4.0,7.0,9.0,0.3,0.1,0.8,4.0,548.0,0.0,0.0,0.4397810218978102
4.0,7.0,10.0,0.3,0.1,0.8,4.0,539.0,0.0,0.0,0.4397031539888683
4.0,7.0,11.0,0.3,0.1,0.8,4.0,534.0,0.0,0.0,0.44569288389513106
4.0,7.0,12.0,0.3,0.1,0.8,4.0,529.0,0.0,0.0,0.44045368620037806
4.0,7.0,13.0,0.3,0.1,0.8,4.0,531.0,0.0,0.0,0.4425612052730697
4.0,7.0,14.0,0.3,0.1,0.8,4.0,527.0,0.0,0.0,0.43833017077798864
4.0,7.0,15.0,0.3,0.1,0.8,4.0,520.0,0.0,0.0,0.45
4.0,7.0,16.0,0.3,0.1,0.8,4.0,517.0,0.0,0.0,0.4448742746615087
4.0,7.0,17.0,0.3,0.1,0.8,4.0,520.0,0.0,0.0,0.45
4.0,7.0,18.0,0.3,0.1,0.8,4.0,514.0,0.0,0.0,0.44163424124513617
4.0,7.0,19.0,0.3,0.1,0.8,4.0,516.0,0.0,0.0,0.44573643410852715
4.0,7.0,20.0,0.3,0.1,0.8,4.0,908.0,0.0,0.0,0.25
4.0,7.0,21.0,0.3,0.1,0.8,4.0,906.0,0.0,0.0,0.25386313465783666
4.0,7.0,22.0,0.3,0.1,0.8,4.0,849.0,0.0,0.0,0.26148409893992935
4.0,7.0,23.0,0.3,0.1,0.8,4.0,849.0,0.0,0.0,0.26501766784452296
4.0,7.0,24.0,0.3,0.1,0.8,4.0,809.0,0.0,0.0,0.26328800988875156
4.0,7.0,25.0,0.3,0.1,0.8,4.0,789.0,0.0,0.0,0.26489226869455007
4.0,7.0,26.0,0.3,0.1,0.8,4.0,768.0,0.0,0.0,0.2604166666666667
4.0,7.0,27.0,0.3,0.1,0.8,4.0,746.0,0.0,0.0,0.2667560321715818
4.0,7.0,28.0,0.3,0.1,0.8,4.0,737.0,0.0,0.0,0.26594301221166894
4.0,7.0,29.0,0.3,0.1,0.8,4.0,727.0,0.0,0.0,0.2696011004126547
4.0,7.0,30.0,0.3,0.1,0.8,4.0,709.0,0.0,0.0,0.2750352609308886
4.0,7.0,31.0,0.3,0.1,0.8,4.0,701.0,0.0,0.0,0.2796005706134094
4.0,7.0,32.0,0.3,0.1,0.8,4.0,706.0,0.0,0.0,0.273371104815864
4.0,7.0,33.0,0.3,0.1,0.8,4.0,689.0,0.0,0.0,0.2772133526850508
4.0,7.0,34.0,0.3,0.1,0.8,4.0,697.0,0.0,0.0,0.27259684361549497
4.0,7.0,35.0,0.3,0.1,0.8,4.0,675.0,0.0,0.0,0.2814814814814815
4.0,7.0,36.0,0.3,0.1,0.8,4.0,673.0,0.0,0.0,0.27934621099554235
4.0,7.0,37.0,0.3,0.1,0.8,4.0,655.0,0.0,0.0,0.28091603053435116
4.0,7.0,38.0,0.3,0.1,0.8,4.0,649.0,0.0,0.0,0.2711864406779661
4.0,7.0,39.0,0.3,0.1,0.8,4.0,617.0,0.0,0.0,0.28363047001620745
4.0,7.0,40.0,0.3,0.1,0.8,4.0,624.0,0.0,0.0,0.27884615384615385
4.0,7.0,41.0,0.3,0.1,0.8,4.0,605.0,0.0,0.0,0.28760330578512394
4.0,7.0,42.0,0.3,0.1,0.8,4.0,600.0,0.0,0.0,0.28833333333333333
4.0,7.0,43.0,0.3,0.1,0.8,4.0,569.0,0.0,0.0,0.28998242530755713
4.0,7.0,44.0,0.3,0.1,0.8,4.0,575.0,0.0,0.0,0.28347826086956524
4.0,7.0,45.0,0.3,0.1,0.8,4.0,565.0,0.0,0.0,0.4495575221238938
4.0,7.0,46.0,0.3,0.1,0.8,4.0,572.0,0.0,0.0,0.4458041958041958
4.0,7.0,47.0,0.3,0.1,0.8,4.0,564.0,0.0,0.0,0.450354609929078
4.0,7.0,48.0,0.3,0.1,0.8,4.0,570.0,0.0,0.0,0.4456140350877193
4.0,7.0,49.0,0.3,0.1,0.8,4.0,563.0,0.0,0.0,0.4493783303730018
4.0,7.0,50.0,0.3,0.1,0.8,4.0,568.0,0.0,0.0,0.4471830985915493
4.0,7.0,51.0,0.3,0.1,0.8,4.0,560.0,0.0,0.0,0.45
4.0,7.0,52.0,0.3,0.1,0.8,4.0,567.0,0.0,0.0,0.4444444444444444
4.0,8.0,1.0,0.3,0.1,0.8,4.0,559.0,0.0,0.0,0.45080500894454384
4.0,8.0,2.0,0.3,0.1,0.8,4.0,554.0,0.0,0.0,0.44404332129963897
4.0,8.0,3.0,0.3,0.1,0.8,4.0,546.0,0.0,0.0,0.45054945054945056
4.0,8.0,4.0,0.3,0.1,0.8,4.0,541.0,0.0,0.0,0.4417744916820702
4.0,8.0,5.0,0.3,0.1,0.8,4.0,533.0,0.0,0.0,0.44840525328330205
4.0,8.0,6.0,0.3,0.1,0.8,4.0,541.0,0.0,0.0,0.4417744916820702
4.0,8.0,7.0,0.3,0.1,0.8,4.0,533.0,0.0,0.0,0.44840525328330205
4.0,8.0,8.0,0.3,0.1,0.8,4.0,536.0,0.0,0.0,0.44216417910447764
4.0,8.0,9.0,0.3,0.1,0.8,4.0,529.0,0.0,0.0,0.4499054820415879
4.0,8.0,10.0,0.3,0.1,0.8,4.0,516.0,0.0,0.0,0.43992248062015504
4.0,8.0,11.0,0.3,0.1,0.8,4.0,508.0,0.0,0.0,0.44881889763779526
4.0,8.0,12.0,0.3,0.1,0.8,4.0,511.0,0.0,0.0,0.44227005870841485
4.0,8.0,13.0,0.3,0.1,0.8,4.0,506.0,0.0,0.0,0.4505928853754941
4.0,8.0,14.0,0.3,0.1,0.8,4.0,512.0,0.0,0.0,0.44140625
4.0,8.0,15.0,0.3,0.1,0.8,4.0,505.0,0.0,0.0,0.4514851485148515
4.0,8.0,16.0,0.3,0.1,0.8,4.0,501.0,0.0,0.0,0.437125748502994
4.0,8.0,17.0,0.3,0.1,0.8,4.0,494.0,0.0,0.0,0.4473684210526316
4.0,8.0,18.0,0.3,0.1,0.8,4.0,501.0,0.0,0.0,0.43912175648702595
4.0,8.0,19.0,0.3,0.1,0.8,4.0,494.0,0.0,0.0,0.4493927125506073
4.0,8.0,20.0,0.3,0.1,0.8,4.0,853.0,0.0,0.0,0.2567409144196952
4.0,8.0,21.0,0.3,0.1,0.8,4.0,820.0,0.0,0.0,0.26707317073170733
4.0,8.0,22.0,0.3,0.1,0.8,4.0,797.0,0.0,0.0,0.26348808030112925
4.0,8.0,23.0,0.3,0.1,0.8,4.0,781.0,0.0,0.0,0.2676056338028169
4.0,8.0,24.0,0.3,0.1,0.8,4.0,743.0,0.0,0.0,0.27052489905787347
4.0,8.0,25.0,0.3,0.1,0.8,4.0,731.0,0.0,0.0,0.2777017783857729
4.0,8.0,26.0,0.3,0.1,0.8,4.0,731.0,0.0,0.0,0.27359781121751026
4.0,8.0,27.0,0.3,0.1,0.8,4.0,702.0,0.0,0.0,0.27492877492877493
4.0,8.0,28.0,0.3,0.1,0.8,4.0,704.0,0.0,0.0,0.26704545454545453
4.0,8.0,29.0,0.3,0.1,0.8,4.0,702.0,0.0,0.0,0.27492877492877493
4.0,8.0,30.0,0.3,0.1,0.8,4.0,681.0,0.0,0.0,0.2745961820851689
4.0,8.0,31.0,0.3,0.1,0.8,4.0,663.0,0.0,0.0,0.28205128205128205
4.0,8.0,32.0,0.3,0.1,0.8,4.0,666.0,0.0,0.0,0.27627627627627627
4.0,8.0,33.0,0.3,0.1,0.8,4.0,666.0,0.0,0.0,0.2807807807807808
4.0,8.0,34.0,0.3,0.1,0.8,4.0,650.0,0.0,0.0,0.2784615384615385
4.0,8.0,35.0,0.3,0.1,0.8,4.0,638.0,0.0,0.0,0.28683385579937304
4.0,8.0,36.0,0.3,0.1,0.8,4.0,625.0,0.0,0.0,0.2816
4.0,8.0,37.0,0.3,0.1,0.8,4.0,625.0,0.0,0.0,0.288
4.0,8.0,38.0,0.3,0.1,0.8,4.0,606.0,0.0,0.0,0.2838283828382838
4.0,8.0,39.0,0.3,0.1,0.8,4.0,595.0,0.0,0.0,0.28907563025210087
4.0,8.0,40.0,0.3,0.1,0.8,4.0,594.0,0.0,0.0,0.2828282828282828
4.0,8.0,41.0,0.3,0.1,0.8,4.0,593.0,0.0,0.0,0.2900505902192243
4.0,8.0,42.0,0.3,0.1,0.8,4.0,597.0,0.0,0.0,0.2814070351758794
4.0,8.0,43.0,0.3,0.1,0.8,4.0,593.0,0.0,0.0,0.2917369308600337
4.0,8.0,44.0,0.3,0.1,0.8,4.0,585.0,0.0,0.0,0.28205128205128205
4.0,8.0,45.0,0.3,0.1,0.8,4.0,583.0,0.0,0.0,0.41680960548885077
4.0,8.0,46.0,0.3,0.1,0.8,4.0,582.0,0.0,0.0,0.41408934707903783
4.0,8.0,47.0,0.3,0.1,0.8,4.0,580.0,0.0,0.0,0.41724137931034483
4.0,8.0,48.0,0.3,0.1,0.8,4.0,584.0,0.0,0.0,0.4126712328767123
4.0,8.0,49.0,0.3,0.1,0.8,4.0,581.0,0.0,0.0,0.41824440619621345
4.0,8.0,50.0,0.3,0.1,0.8,4.0,574.0,0.0,0.0,0.41289198606271776
4.0,8.0,51.0,0.3,0.1,0.8,4.0,567.0,0.0,0.0,0.41975308641975306
4.0,8.0,52.0,0.3,0.1,0.8,4.0,572.0,0.0,0.0,0.4143356643356643
4.0,9.0,1.0,0.3,0.1,0.8,4.0,567.0,0.0,0.0,0.42151675485008816
4.0,9.0,2.0,0.3,0.1,0.8,4.0,570.0,0.0,0.0,0.41578947368421054
4.0,9.0,3.0,0.3,0.1,0.8,4.0,566.0,0.0,0.0,0.42226148409893993
4.0,9.0,4.0,0.3,0.1,0.8,4.0,571.0,0.0,0.0,0.4168126094570928
4.0,9.0,5.0,0.3,0.1,0.8,4.0,564.0,0.0,0.0,0.4219858156028369
4.0,9.0,6.0,0.3,0.1,0.8,4.0,570.0,0.0,0.0,0.41754385964912283
4.0,9.0,7.0,0.3,0.1,0.8,4.0,565.0,0.0,0.0,0.42123893805309737
4.0,9.0,8.0,0.3,0.1,0.8,4.0,568.0,0.0,0.0,0.41725352112676056
4.0,9.0,9.0,0.3,0.1,0.8,4.0,562.0,0.0,0.0,0.42704626334519574
4.0,9.0,10.0,0.3,0.1,0.8,4.0,558.0,0.0,0.0,0.42473118279569894
4.0,9.0,11.0,0.3,0.1,0.8,4.0,560.0,0.0,0.0,0.4232142857142857
4.0,9.0,12.0,0.3,0.1,0.8,4.0,555.0,0.0,0.0,0.42342342342342343
4.0,9.0,13.0,0.3,0.1,0.8,4.0,557.0,0.0,0.0,0.4254937163375224
4.0,9.0,14.0,0.3,0.1,0.8,4.0,555.0,0.0,0.0,0.4252252252252252
4.0,9.0,15.0,0.3,0.1,0.8,4.0,557.0,0.0,0.0,0.4254937163375224
4.0,9.0,16.0,0.3,0.1,0.8,4.0,555.0,0.0,0.0,0.4252252252252252
4.0,9.0,17.0,0.3,0.1,0.8,4.0,555.0,0.0,0.0,0.42702702702702705
4.0,9.0,18.0,0.3,0.1,0.8,4.0,553.0,0.0,0.0,0.42495479204339964
4.0,9.0,19.0,0.3,0.1,0.8,4.0,556.0,0.0,0.0,0.42805755395683454
4.0,9.0,20.0,0.3,0.1,0.8,4.0,989.0,0.0,0.0,0.22851365015166836
4.0,9.0,21.0,0.3,0.1,0.8,4.0,955.0,0.0,0.0,0.23350785340314137
4.0,9.0,22.0,0.3,0.1,0.8,4.0,943.0,0.0,0.0,0.2301166489925769
4.0,9.0,23.0,0.3,0.1,0.8,4.0,916.0,0.0,0.0,0.2336244541484716
4.0,9.0,24.0,0.3,0.1,0.8,4.0,921.0,0.0,0.0,0.2301845819761129
4.0,9.0,25.0,0.3,0.1,0.8,4.0,873.0,0.0,0.0,0.23940435280641467
4.0,9.0,26.0,0.3,0.1,0.8,4.0,869.0,0.0,0.0,0.23590333716915995
4.0,9.0,27.0,0.3,0.1,0.8,4.0,858.0,0.0,0.0,0.24125874125874125
4.0,9.0,28.0,0.3,0.1,0.8,4.0,835.0,0.0,0.0,0.23952095808383234
4.0,9.0,29.0,0.3,0.1,0.8,4.0,810.0,0.0,0.0,0.24691358024691357
4.0,9.0,30.0,0.3,0.1,0.8,4.0,807.0,0.0,0.0,0.24411400247831475
4.0,9.0,31.0,0.3,0.1,0.8,4.0,798.0,0.0,0.0,0.24812030075187969
4.0,9.0,32.0,0.3,0.1,0.8,4.0,783.0,0.0,0.0,0.24265644955300128
4.0,9.0,33.0,0.3,0.1,0.8,4.0,762.0,0.0,0.0,0.24671916010498687
4.0,9.0,34.0,0.3,0.1,0.8,4.0,770.0,0.0,0.0,0.24155844155844156
4.0,9.0,35.0,0.3,0.1,0.8,4.0,748.0,0.0,0.0,0.24866310160427807
4.0,9.0,36.0,0.3,0.1,0.8,4.0,732.0,0.0,0.0,0.25136612021857924
4.0,9.0,37.0,0.3,0.1,0.8,4.0,724.0,0.0,0.0,0.255524861878453
4.0,9.0,38.0,0.3,0.1,0.8,4.0,713.0,0.0,0.0,0.2538569424964937
4.0,9.0,39.0,0.3,0.1,0.8,4.0,705.0,0.0,0.0,0.2581560283687943
4.0,9.0,40.0,0.3,0.1,0.8,4.0,716.0,0.0,0.0,0.2527932960893855
4.0,9.0,41.0,0.3,0.1,0.8,4.0,704.0,0.0,0.0,0.2599431818181818
4.0,9.0,42.0,0.3,0.1,0.8,4.0,705.0,0.0,0.0,0.2553191489361702
4.0,9.0,43.0,0.3,0.1,0.8,4.0,692.0,0.0,0.0,0.2615606936416185
4.0,9.0,44.0,0.3,0.1,0.8,4.0,702.0,0.0,0.0,0.2564102564102564
4.0,9.0,45.0,0.3,0.1,0.8,4.0,671.0,0.0,0.0,0.4336810730253353
4.0,9.0,46.0,0.3,0.1,0.8,4.0,684.0,0.0,0.0,0.4298245614035088
4.0,9.0,47.0,0.3,0.1,0.8,4.0,670.0,0.0,0.0,0.4343283582089552
4.0,9.0,48.0,0.3,0.1,0.8,4.0,667.0,0.0,0.0,0.431784107946027
4.0,9.0,49.0,0.3,0.1,0.8,4.0,656.0,0.0,0.0,0.4329268292682927
4.0,9.0,50.0,0.3,0.1,0.8,4.0,653.0,0.0,0.0,0.43032159264931086
4.0,9.0,51.0,0.3,0.1,0.8,4.0,656.0,0.0,0.0,0.4344512195121951
4.0,9.0,52.0,0.3,0.1,0.8,4.0,649.0,0.0,0.0,0.43297380585516176
4.0,10.0,1.0,0.3,0.1,0.8,4.0,652.0,0.0,0.0,0.4325153374233129
4.0,10.0,2.0,0.3,0.1,0.8,4.0,645.0,0.0,0.0,0.4325581395348837
4.0,10.0,3.0,0.3,0.1,0.8,4.0,652.0,0.0,0.0,0.4325153374233129
4.0,10.0,4.0,0.3,0.1,0.8,4.0,644.0,0.0,0.0,0.43478260869565216
4.0,10.0,5.0,0.3,0.1,0.8,4.0,637.0,0.0,0.0,0.43328100470957615
4.0,10.0,6.0,0.3,0.1,0.8,4.0,631.0,0.0,0.0,0.43423137876386686
4.0,10.0,7.0,0.3,0.1,0.8,4.0,636.0,0.0,0.0,0.4339622641509434
4.0,10.0,8.0,0.3,0.1,0.8,4.0,629.0,0.0,0.0,0.4356120826709062
4.0,10.0,9.0,0.3,0.1,0.8,4.0,631.0,0.0,0.0,0.4358161648177496
4.0,10.0,10.0,0.3,0.1,0.8,4.0,629.0,0.0,0.0,0.4356120826709062
4.0,10.0,11.0,0.3,0.1,0.8,4.0,630.0,0.0,0.0,0.4365079365079365
4.0,10.0,12.0,0.3,0.1,0.8,4.0,627.0,0.0,0.0,0.4354066985645933
4.0,10.0,13.0,0.3,0.1,0.8,4.0,631.0,0.0,0.0,0.4358161648177496
4.0,10.0,14.0,0.3,0.1,0.8,4.0,625.0,0.0,0.0,0.4352
4.0,10.0,15.0,0.3,0.1,0.8,4.0,630.0,0.0,0.0,0.4365079365079365
4.0,10.0,16.0,0.3,0.1,0.8,4.0,627.0,0.0,0.0,0.4354066985645933
4.0,10.0,17.0,0.3,0.1,0.8,4.0,630.0,0.0,0.0,0.4396825396825397
4.0,10.0,18.0,0.3,0.1,0.8,4.0,625.0,0.0,0.0,0.4368
4.0,10.0,19.0,0.3,0.1,0.8,4.0,630.0,0.0,0.0,0.4396825396825397
4.0,10.0,20.0,0.3,0.1,0.8,4.0,1089.0,0.0,0.0,0.23875114784205692
4.0,10.0,21.0,0.3,0.1,0.8,4.0,1073.0,0.0,0.0,0.24603914259086673
4.0,10.0,22.0,0.3,0.1,0.8,4.0,1060.0,0.0,0.0,0.23773584905660378
4.0,10.0,23.0,0.3,0.1,0.8,4.0,1021.0,0.0,0.0,0.23996082272282077
4.0,10.0,24.0,0.3,0.1,0.8,4.0,1013.0,0.0,0.0,0.23692003948667326
4.0,10.0,25.0,0.3,0.1,0.8,4.0,995.0,0.0,0.0,0.23919597989949748
4.0,10.0,26.0,0.3,0.1,0.8,4.0,965.0,0.0,0.0,0.24041450777202072
4.0,10.0,27.0,0.3,0.1,0.8,4.0,932.0,0.0,0.0,0.24678111587982832
4.0,10.0,28.0,0.3,0.1,0.8,4.0,873.0,0.0,0.0,0.2542955326460481
4.0,10.0,29.0,0.3,0.1,0.8,4.0,865.0,0.0,0.0,0.2543352601156069
4.0,10.0,30.0,0.3,0.1,0.8,4.0,863.0,0.0,0.0,0.253765932792584
4.0,10.0,31.0,0.3,0.1,0.8,4.0,866.0,0.0,0.0,0.25519630484988454
4.0,10.0,32.0,0.3,0.1,0.8,4.0,818.0,0.0,0.0,0.2555012224938875
4.0,10.0,33.0,0.3,0.1,0.8,4.0,824.0,0.0,0.0,0.25970873786407767
4.0,10.0,34.0,0.3,0.1,0.8,4.0,818.0,0.0,0.0,0.2555012224938875
4.0,10.0,35.0,0.3,0.1,0.8,4.0,824.0,0.0,0.0,0.25970873786407767
4.0,10.0,36.0,0.3,0.1,0.8,4.0,812.0,0.0,0.0,0.25738916256157635
4.0,10.0,37.0,0.3,0.1,0.8,4.0,827.0,0.0,0.0,0.25755743651753327
4.0,10.0,38.0,0.3,0.1,0.8,4.0,812.0,0.0,0.0,0.25738916256157635
4.0,10.0,39.0,0.3,0.1,0.8,4.0,815.0,0.0,0.0,0.26012269938650306
4.0,10.0,40.0,0.3,0.1,0.8,4.0,778.0,0.0,0.0,0.2634961439588689
4.0,10.0,41.0,0.3,0.1,0.8,4.0,774.0,0.0,0.0,0.2596899224806202
4.0,10.0,42.0,0.3,0.1,0.8,4.0,759.0,0.0,0.0,0.2608695652173913
4.0,10.0,43.0,0.3,0.1,0.8,4.0,774.0,0.0,0.0,0.2596899224806202
4.0,10.0,44.0,0.3,0.1,0.8,4.0,763.0,0.0,0.0,0.2595019659239843
4.0,10.0,45.0,0.3,0.1,0.8,4.0,756.0,0.0,0.0,0.40476190476190477
4.0,10.0,46.0,0.3,0.1,0.8,4.0,748.0,0.0,0.0,0.40106951871657753
4.0,10.0,47.0,0.3,0.1,0.8,4.0,727.0,0.0,0.0,0.40440165061898214
4.0,10.0,48.0,0.3,0.1,0.8,4.0,719.0,0.0,0.0,0.40333796940194716
4.0,10.0,49.0,0.3,0.1,0.8,4.0,727.0,0.0,0.0,0.40440165061898214
4.0,10.0,50.0,0.3,0.1,0.8,4.0,718.0,0.0,0.0,0.4025069637883008
4.0,10.0,51.0,0.3,0.1,0.8,4.0,728.0,0.0,0.0,0.40384615384615385
4.0,10.0,52.0,0.3,0.1,0.8,4.0,717.0,0.0,0.0,0.401673640167364
5.0,1.0,1.0,0.3,0.1,0.8,4.0,5209.0,53.0,9.0,0.3181032827798042
5.0,1.0,2.0,0.3,0.1,0.8,4.0,5149.0,54.0,20.0,0.31656632355797243
5.0,1.0,3.0,0.3,0.1,0.8,4.0,5074.0,67.0,31.0,0.31868348443042965
5.0,1.0,4.0,0.3,0.1,0.8,4.0,5062.0,75.0,33.0,0.31785855393125245
5.0,1.0,5.0,0.3,0.1,0.8,4.0,5058.0,101.0,32.0,0.32048240411229734
5.0,1.0,6.0,0.3,0.1,0.8,4.0,4962.0,111.0,39.0,0.31942765014107216
5.0,1.0,7.0,0.3,0.1,0.8,4.0,4836.0,124.0,43.0,0.3217535153019024
5.0,1.0,8.0,0.3,0.1,0.8,4.0,4682.0,155.0,51.0,0.32272533105510465
5.0,1.0,9.0,0.3,0.1,0.8,4.0,4544.0,162.0,64.0,0.3259242957746479
5.0,1.0,10.0,0.3,0.1,0.8,4.0,4385.0,177.0,68.0,0.32862029646522234
5.0,1.0,11.0,0.3,0.1,0.8,4.0,4246.0,203.0,88.0,0.3330193122939237
5.0,1.0,12.0,0.3,0.1,0.8,4.0,4161.0,233.0,92.0,0.3347752944003845
5.0,1.0,13.0,0.3,0.1,0.8,4.0,4038.0,260.0,109.0,0.3390292223873205
5.0,1.0,14.0,0.3,0.1,0.8,4.0,3892.0,259.0,113.0,0.33761562178828364
5.0,1.0,15.0,0.3,0.1,0.8,4.0,3794.0,256.0,121.0,0.34211913547706907
5.0,1.0,16.0,0.3,0.1,0.8,4.0,3735.0,250.0,117.0,0.34431057563587686
5.0,1.0,17.0,0.3,0.1,0.8,4.0,3665.0,240.0,118.0,0.3511596180081855
5.0,1.0,18.0,0.3,0.1,0.8,4.0,3616.0,240.0,126.0,0.35204646017699115
5.0,1.0,19.0,0.3,0.1,0.8,4.0,3516.0,230.0,116.0,0.35921501706484643
5.0,1.0,20.0,0.3,0.1,0.8,4.0,6527.0,233.0,102.0,0.1910525509422399
5.0,1.0,21.0,0.3,0.1,0.8,4.0,6058.0,272.0,90.0,0.19577418289864643
5.0,1.0,22.0,0.3,0.1,0.8,4.0,5660.0,313.0,91.0,0.20017667844522968
5.0,1.0,23.0,0.3,0.1,0.8,4.0,5450.0,345.0,132.0,0.20220183486238533
5.0,1.0,24.0,0.3,0.1,0.8,4.0,5078.0,384.0,153.0,0.20677432059866088
5.0,1.0,25.0,0.3,0.1,0.8,4.0,4813.0,435.0,163.0,0.21005609806773323
5.0,1.0,26.0,0.3,0.1,0.8,4.0,4572.0,478.0,182.0,0.2158792650918635
5.0,1.0,27.0,0.3,0.1,0.8,4.0,4395.0,499.0,200.0,0.21911262798634812
5.0,1.0,28.0,0.3,0.1,0.8,4.0,4117.0,514.0,244.0,0.22783580276900656
5.0,1.0,29.0,0.3,0.1,0.8,4.0,4006.0,530.0,254.0,0.23290064902646032
5.0,1.0,30.0,0.3,0.1,0.8,4.0,3826.0,525.0,258.0,0.23732357553580763
5.0,1.0,31.0,0.3,0.1,0.8,4.0,3688.0,519.0,240.0,0.24539045553145336
5.0,1.0,32.0,0.3,0.1,0.8,4.0,3465.0,491.0,232.0,0.2556998556998557
5.0,1.0,33.0,0.3,0.1,0.8,4.0,3268.0,444.0,214.0,0.26254589963280295
5.0,1.0,34.0,0.3,0.1,0.8,4.0,3121.0,418.0,218.0,0.26914450496635695
5.0,1.0,35.0,0.3,0.1,0.8,4.0,2950.0,407.0,223.0,0.2759322033898305
5.0,1.0,36.0,0.3,0.1,0.8,4.0,2793.0,390.0,196.0,0.28607232366630864
5.0,1.0,37.0,0.3,0.1,0.8,4.0,2677.0,362.0,177.0,0.29510646245797534
5.0,1.0,38.0,0.3,0.1,0.8,4.0,2538.0,342.0,169.0,0.3053585500394011
5.0,1.0,39.0,0.3,0.1,0.8,4.0,2438.0,325.0,173.0,0.3125512715340443
5.0,1.0,40.0,0.3,0.1,0.8,4.0,2314.0,295.0,156.0,0.32454624027657736
5.0,1.0,41.0,0.3,0.1,0.8,4.0,2227.0,279.0,140.0,0.33363268971710824
5.0,1.0,42.0,0.3,0.1,0.8,4.0,2120.0,260.0,122.0,0.3443396226415094
5.0,1.0,43.0,0.3,0.1,0.8,4.0,2081.0,257.0,125.0,0.35223450264296013
5.0,1.0,44.0,0.3,0.1,0.8,4.0,1985.0,229.0,115.0,0.36070528967254406
5.0,1.0,45.0,0.3,0.1,0.8,4.0,1918.0,238.0,113.0,0.5250260688216892
5.0,1.0,46.0,0.3,0.1,0.8,4.0,1810.0,200.0,93.0,0.5403314917127072
5.0,1.0,47.0,0.3,0.1,0.8,4.0,1756.0,175.0,87.0,0.5466970387243736
5.0,1.0,48.0,0.3,0.1,0.8,4.0,1693.0,157.0,85.0,0.5564087418783225
5.0,1.0,49.0,0.3,0.1,0.8,4.0,1645.0,137.0,81.0,0.5671732522796352
5.0,1.0,50.0,0.3,0.1,0.8,4.0,1597.0,124.0,73.0,0.5729492798998121
5.0,1.0,51.0,0.3,0.1,0.8,4.0,1563.0,104.0,58.0,0.580934101087652
5.0,1.0,52.0,0.3,0.1,0.8,4.0,1505.0,78.0,43.0,0.5920265780730897
5.0,2.0,1.0,0.3,0.1,0.8,4.0,1485.0,70.0,32.0,0.5932659932659933
5.0,2.0,2.0,0.3,0.1,0.8,4.0,1449.0,60.0,36.0,0.598343685300207
5.0,2.0,3.0,0.3,0.1,0.8,4.0,1435.0,57.0,33.0,0.5993031358885017
5.0,2.0,4.0,0.3,0.1,0.8,4.0,1394.0,56.0,31.0,0.6097560975609756
5.0,2.0,5.0,0.3,0.1,0.8,4.0,1367.0,44.0,20.0,0.6115581565471836
5.0,2.0,6.0,0.3,0.1,0.8,4.0,1336.0,44.0,19.0,0.6190119760479041
5.0,2.0,7.0,0.3,0.1,0.8,4.0,1334.0,41.0,18.0,0.6199400299850075
5.0,2.0,8.0,0.3,0.1,0.8,4.0,1306.0,43.0,23.0,0.6248085758039816
5.0,2.0,9.0,0.3,0.1,0.8,4.0,1280.0,34.0,19.0,0.62734375
5.0,2.0,10.0,0.3,0.1,0.8,4.0,1254.0,34.0,17.0,0.6331738437001595
5.0,2.0,11.0,0.3,0.1,0.8,4.0,1232.0,27.0,13.0,0.6347402597402597
5.0,2.0,12.0,0.3,0.1,0.8,4.0,1208.0,26.0,16.0,0.6415562913907285
5.0,2.0,13.0,0.3,0.1,0.8,4.0,1200.0,23.0,14.0,0.64
5.0,2.0,14.0,0.3,0.1,0.8,4.0,1182.0,18.0,13.0,0.6480541455160744
5.0,2.0,15.0,0.3,0.1,0.8,4.0,1165.0,11.0,6.0,0.6437768240343348
5.0,2.0,16.0,0.3,0.1,0.8,4.0,1145.0,13.0,7.0,0.6506550218340611
5.0,2.0,17.0,0.3,0.1,0.8,4.0,1116.0,9.0,5.0,0.6478494623655914
5.0,2.0,18.0,0.3,0.1,0.8,4.0,1097.0,10.0,6.0,0.6536007292616226
5.0,2.0,19.0,0.3,0.1,0.8,4.0,1093.0,8.0,5.0,0.6477584629460201
5.0,2.0,20.0,0.3,0.1,0.8,4.0,1984.0,7.0,5.0,0.35080645161290325
5.0,2.0,21.0,0.3,0.1,0.8,4.0,1929.0,7.0,5.0,0.35199585277345774
5.0,2.0,22.0,0.3,0.1,0.8,4.0,1876.0,7.0,3.0,0.35874200426439234
5.0,2.0,23.0,0.3,0.1,0.8,4.0,1813.0,8.0,3.0,0.3607280750137893
5.0,2.0,24.0,0.3,0.1,0.8,4.0,1766.0,6.0,3.0,0.36579841449603623
5.0,2.0,25.0,0.3,0.1,0.8,4.0,1753.0,11.0,4.0,0.3628066172276098
5.0,2.0,26.0,0.3,0.1,0.8,4.0,1739.0,13.0,3.0,0.3628522139160437
5.0,2.0,27.0,0.3,0.1,0.8,4.0,1662.0,14.0,3.0,0.3664259927797834
5.0,2.0,28.0,0.3,0.1,0.8,4.0,1635.0,16.0,7.0,0.3651376146788991
5.0,2.0,29.0,0.3,0.1,0.8,4.0,1591.0,20.0,10.0,0.3689503456945317
5.0,2.0,30.0,0.3,0.1,0.8,4.0,1524.0,16.0,9.0,0.37270341207349084
5.0,2.0,31.0,0.3,0.1,0.8,4.0,1513.0,17.0,8.0,0.3734302709847984
5.0,2.0,32.0,0.3,0.1,0.8,4.0,1465.0,15.0,5.0,0.37542662116040953
5.0,2.0,33.0,0.3,0.1,0.8,4.0,1432.0,13.0,6.0,0.37639664804469275
5.0,2.0,34.0,0.3,0.1,0.8,4.0,1376.0,7.0,4.0,0.3808139534883721
5.0,2.0,35.0,0.3,0.1,0.8,4.0,1351.0,9.0,6.0,0.38193930421909694
5.0,2.0,36.0,0.3,0.1,0.8,4.0,1328.0,5.0,2.0,0.3832831325301205
5.0,2.0,37.0,0.3,0.1,0.8,4.0,1304.0,5.0,4.0,0.38420245398773006
5.0,2.0,38.0,0.3,0.1,0.8,4.0,1258.0,5.0,3.0,0.3871224165341812
5.0,2.0,39.0,0.3,0.1,0.8,4.0,1224.0,6.0,3.0,0.39133986928104575
5.0,2.0,40.0,0.3,0.1,0.8,4.0,1205.0,3.0,1.0,0.3883817427385892
5.0,2.0,41.0,0.3,0.1,0.8,4.0,1161.0,2.0,1.0,0.39190353143841516
5.0,2.0,42.0,0.3,0.1,0.8,4.0,1145.0,3.0,1.0,0.39039301310043667
5.0,2.0,43.0,0.3,0.1,0.8,4.0,1136.0,4.0,1.0,0.39348591549295775
5.0,2.0,44.0,0.3,0.1,0.8,4.0,1123.0,4.0,1.0,0.390026714158504
5.0,2.0,45.0,0.3,0.1,0.8,4.0,1096.0,5.0,4.0,0.5036496350364964
5.0,2.0,46.0,0.3,0.1,0.8,4.0,1085.0,9.0,4.0,0.5050691244239631
5.0,2.0,47.0,0.3,0.1,0.8,4.0,1077.0,10.0,4.0,0.5051067780872794
5.0,2.0,48.0,0.3,0.1,0.8,4.0,1067.0,7.0,2.0,0.5032802249297095
5.0,2.0,49.0,0.3,0.1,0.8,4.0,1027.0,7.0,5.0,0.5092502434274586
5.0,2.0,50.0,0.3,0.1,0.8,4.0,1005.0,6.0,4.0,0.5064676616915423
5.0,2.0,51.0,0.3,0.1,0.8,4.0,985.0,6.0,3.0,0.5076142131979695
5.0,2.0,52.0,0.3,0.1,0.8,4.0,979.0,4.0,3.0,0.5035750766087844
5.0,3.0,1.0,0.3,0.1,0.8,4.0,944.0,4.0,3.0,0.5063559322033898
5.0,3.0,2.0,0.3,0.1,0.8,4.0,939.0,3.0,2.0,0.503727369542066
5.0,3.0,3.0,0.3,0.1,0.8,4.0,929.0,1.0,0.0,0.5059203444564048
5.0,3.0,4.0,0.3,0.1,0.8,4.0,927.0,1.0,0.0,0.5026968716289104
5.0,3.0,5.0,0.3,0.1,0.8,4.0,916.0,1.0,0.0,0.5010917030567685
5.0,3.0,6.0,0.3,0.1,0.8,4.0,912.0,1.0,1.0,0.5010964912280702
5.0,3.0,7.0,0.3,0.1,0.8,4.0,880.0,1.0,1.0,0.4943181818181818
5.0,3.0,8.0,0.3,0.1,0.8,4.0,874.0,1.0,1.0,0.4988558352402746
5.0,3.0,9.0,0.3,0.1,0.8,4.0,859.0,0.0,0.0,0.49825378346915017
5.0,3.0,10.0,0.3,0.1,0.8,4.0,856.0,0.0,0.0,0.5011682242990654
5.0,3.0,11.0,0.3,0.1,0.8,4.0,830.0,0.0,0.0,0.5048192771084338
5.0,3.0,12.0,0.3,0.1,0.8,4.0,823.0,0.0,0.0,0.5018226002430134
5.0,3.0,13.0,0.3,0.1,0.8,4.0,807.0,0.0,0.0,0.5030978934324659
5.0,3.0,14.0,0.3,0.1,0.8,4.0,812.0,0.0,0.0,0.5036945812807881
5.0,3.0,15.0,0.3,0.1,0.8,4.0,798.0,0.0,0.0,0.5012531328320802
5.0,3.0,16.0,0.3,0.1,0.8,4.0,803.0,0.0,0.0,0.49937733499377335
5.0,3.0,17.0,0.3,0.1,0.8,4.0,780.0,0.0,0.0,0.5038461538461538
5.0,3.0,18.0,0.3,0.1,0.8,4.0,772.0,0.0,0.0,0.5077720207253886
5.0,3.0,19.0,0.3,0.1,0.8,4.0,762.0,0.0,0.0,0.5065616797900262
5.0,3.0,20.0,0.3,0.1,0.8,4.0,1422.0,0.0,0.0,0.27355836849507736
5.0,3.0,21.0,0.3,0.1,0.8,4.0,1364.0,0.0,0.0,0.2756598240469208
5.0,3.0,22.0,0.3,0.1,0.8,4.0,1344.0,0.0,0.0,0.2775297619047619
5.0,3.0,23.0,0.3,0.1,0.8,4.0,1310.0,0.0,0.0,0.2778625954198473
5.0,3.0,24.0,0.3,0.1,0.8,4.0,1262.0,0.0,0.0,0.277337559429477
5.0,3.0,25.0,0.3,0.1,0.8,4.0,1250.0,0.0,0.0,0.2776
5.0,3.0,26.0,0.3,0.1,0.8,4.0,1243.0,0.0,0.0,0.27674979887369267
5.0,3.0,27.0,0.3,0.1,0.8,4.0,1208.0,0.0,0.0,0.2806291390728477
5.0,3.0,28.0,0.3,0.1,0.8,4.0,1190.0,0.0,0.0,0.2815126050420168
5.0,3.0,29.0,0.3,0.1,0.8,4.0,1166.0,0.0,0.0,0.2804459691252144
5.0,3.0,30.0,0.3,0.1,0.8,4.0,1130.0,0.0,0.0,0.28230088495575223
5.0,3.0,31.0,0.3,0.1,0.8,4.0,1110.0,0.0,0.0,0.2855855855855856
5.0,3.0,32.0,0.3,0.1,0.8,4.0,1078.0,0.0,0.0,0.2820037105751391
5.0,3.0,33.0,0.3,0.1,0.8,4.0,1075.0,0.0,0.0,0.2846511627906977
5.0,3.0,34.0,0.3,0.1,0.8,4.0,1040.0,0.0,0.0,0.27884615384615385
5.0,3.0,35.0,0.3,0.1,0.8,4.0,1033.0,0.0,0.0,0.2787996127783156
5.0,3.0,36.0,0.3,0.1,0.8,4.0,992.0,0.0,0.0,0.27923387096774194
5.0,3.0,37.0,0.3,0.1,0.8,4.0,971.0,0.0,0.0,0.2811534500514933
5.0,3.0,38.0,0.3,0.1,0.8,4.0,957.0,0.0,0.0,0.27586206896551724
5.0,3.0,39.0,0.3,0.1,0.8,4.0,921.0,0.0,0.0,0.27904451682953313
5.0,3.0,40.0,0.3,0.1,0.8,4.0,912.0,0.0,0.0,0.2774122807017544
5.0,3.0,41.0,0.3,0.1,0.8,4.0,882.0,0.0,0.0,0.28458049886621317
5.0,3.0,42.0,0.3,0.1,0.8,4.0,889.0,0.0,0.0,0.28008998875140606
5.0,3.0,43.0,0.3,0.1,0.8,4.0,872.0,0.0,0.0,0.28325688073394495
5.0,3.0,44.0,0.3,0.1,0.8,4.0,876.0,0.0,0.0,0.2808219178082192
5.0,3.0,45.0,0.3,0.1,0.8,4.0,858.0,0.0,0.0,0.43356643356643354
5.0,3.0,46.0,0.3,0.1,0.8,4.0,833.0,0.0,0.0,0.43577430972388953
5.0,3.0,47.0,0.3,0.1,0.8,4.0,816.0,0.0,0.0,0.4375
5.0,3.0,48.0,0.3,0.1,0.8,4.0,805.0,0.0,0.0,0.4360248447204969
5.0,3.0,49.0,0.3,0.1,0.8,4.0,797.0,0.0,0.0,0.4353826850690088
5.0,3.0,50.0,0.3,0.1,0.8,4.0,796.0,0.0,0.0,0.43467336683417085
5.0,3.0,51.0,0.3,0.1,0.8,4.0,789.0,0.0,0.0,0.4347275031685678
5.0,3.0,52.0,0.3,0.1,0.8,4.0,779.0,0.0,0.0,0.4326059050064185
5.0,4.0,1.0,0.3,0.1,0.8,4.0,775.0,0.0,0.0,0.4335483870967742
5.0,4.0,2.0,0.3,0.1,0.8,4.0,772.0,0.0,0.0,0.43523316062176165
5.0,4.0,3.0,0.3,0.1,0.8,4.0,757.0,0.0,0.0,0.4372523117569353
5.0,4.0,4.0,0.3,0.1,0.8,4.0,752.0,0.0,0.0,0.43617021276595747
5.0,4.0,5.0,0.3,0.1,0.8,4.0,745.0,0.0,0.0,0.436241610738255
5.0,4.0,6.0,0.3,0.1,0.8,4.0,745.0,0.0,0.0,0.4348993288590604
5.0,4.0,7.0,0.3,0.1,0.8,4.0,741.0,0.0,0.0,0.43049932523616735
5.0,4.0,8.0,0.3,0.1,0.8,4.0,723.0,0.0,0.0,0.4287690179806362
5.0,4.0,9.0,0.3,0.1,0.8,4.0,714.0,0.0,0.0,0.4271708683473389
5.0,4.0,10.0,0.3,0.1,0.8,4.0,712.0,0.0,0.0,0.42837078651685395
5.0,4.0,11.0,0.3,0.1,0.8,4.0,700.0,0.0,0.0,0.43
5.0,4.0,12.0,0.3,0.1,0.8,4.0,684.0,0.0,0.0,0.43128654970760233
5.0,4.0,13.0,0.3,0.1,0.8,4.0,652.0,0.0,0.0,0.4340490797546012
5.0,4.0,14.0,0.3,0.1,0.8,4.0,650.0,0.0,0.0,0.43538461538461537
5.0,4.0,15.0,0.3,0.1,0.8,4.0,645.0,0.0,0.0,0.4294573643410853
5.0,4.0,16.0,0.3,0.1,0.8,4.0,635.0,0.0,0.0,0.4393700787401575
5.0,4.0,17.0,0.3,0.1,0.8,4.0,626.0,0.0,0.0,0.43610223642172524
5.0,4.0,18.0,0.3,0.1,0.8,4.0,624.0,0.0,0.0,0.4423076923076923
5.0,4.0,19.0,0.3,0.1,0.8,4.0,619.0,0.0,0.0,0.43618739903069464
5.0,4.0,20.0,0.3,0.1,0.8,4.0,1126.0,0.0,0.0,0.23978685612788633
5.0,4.0,21.0,0.3,0.1,0.8,4.0,1140.0,0.0,0.0,0.23421052631578948
5.0,4.0,22.0,0.3,0.1,0.8,4.0,1087.0,0.0,0.0,0.24103035878564857
5.0,4.0,23.0,0.3,0.1,0.8,4.0,1075.0,0.0,0.0,0.2372093023255814
5.0,4.0,24.0,0.3,0.1,0.8,4.0,1033.0,0.0,0.0,0.2420135527589545
5.0,4.0,25.0,0.3,0.1,0.8,4.0,1017.0,0.0,0.0,0.24188790560471976
5.0,4.0,26.0,0.3,0.1,0.8,4.0,969.0,0.0,0.0,0.24871001031991744
5.0,4.0,27.0,0.3,0.1,0.8,4.0,947.0,0.0,0.0,0.24181626187961985
5.0,4.0,28.0,0.3,0.1,0.8,4.0,927.0,0.0,0.0,0.24487594390507011
5.0,4.0,29.0,0.3,0.1,0.8,4.0,912.0,0.0,0.0,0.24232456140350878
5.0,4.0,30.0,0.3,0.1,0.8,4.0,899.0,0.0,0.0,0.24694104560622915
5.0,4.0,31.0,0.3,0.1,0.8,4.0,900.0,0.0,0.0,0.24222222222222223
5.0,4.0,32.0,0.3,0.1,0.8,4.0,898.0,0.0,0.0,0.24498886414253898
5.0,4.0,33.0,0.3,0.1,0.8,4.0,885.0,0.0,0.0,0.24519774011299436
5.0,4.0,34.0,0.3,0.1,0.8,4.0,871.0,0.0,0.0,0.24799081515499427
5.0,4.0,35.0,0.3,0.1,0.8,4.0,869.0,0.0,0.0,0.2474108170310702
5.0,4.0,36.0,0.3,0.1,0.8,4.0,854.0,0.0,0.0,0.24941451990632318
5.0,4.0,37.0,0.3,0.1,0.8,4.0,847.0,0.0,0.0,0.24793388429752067
5.0,4.0,38.0,0.3,0.1,0.8,4.0,835.0,0.0,0.0,0.2502994011976048
5.0,4.0,39.0,0.3,0.1,0.8,4.0,815.0,0.0,0.0,0.252760736196319
5.0,4.0,40.0,0.3,0.1,0.8,4.0,792.0,0.0,0.0,0.25757575757575757
5.0,4.0,41.0,0.3,0.1,0.8,4.0,760.0,0.0,0.0,0.2618421052631579
5.0,4.0,42.0,0.3,0.1,0.8,4.0,743.0,0.0,0.0,0.2611036339165545
5.0,4.0,43.0,0.3,0.1,0.8,4.0,746.0,0.0,0.0,0.2640750670241287
5.0,4.0,44.0,0.3,0.1,0.8,4.0,734.0,0.0,0.0,0.26430517711171664
5.0,4.0,45.0,0.3,0.1,0.8,4.0,732.0,0.0,0.0,0.43989071038251365
5.0,4.0,46.0,0.3,0.1,0.8,4.0,722.0,0.0,0.0,0.44182825484764543
5.0,4.0,47.0,0.3,0.1,0.8,4.0,721.0,0.0,0.0,0.4368932038834951
5.0,4.0,48.0,0.3,0.1,0.8,4.0,695.0,0.0,0.0,0.43884892086330934
5.0,4.0,49.0,0.3,0.1,0.8,4.0,691.0,0.0,0.0,0.44138929088277856
5.0,4.0,50.0,0.3,0.1,0.8,4.0,686.0,0.0,0.0,0.4387755102040816
5.0,4.0,51.0,0.3,0.1,0.8,4.0,675.0,0.0,0.0,0.44296296296296295
5.0,4.0,52.0,0.3,0.1,0.8,4.0,674.0,0.0,0.0,0.443620178041543
5.0,5.0,1.0,0.3,0.1,0.8,4.0,650.0,0.0,0.0,0.45076923076923076
5.0,5.0,2.0,0.3,0.1,0.8,4.0,649.0,0.0,0.0,0.4453004622496148
5.0,5.0,3.0,0.3,0.1,0.8,4.0,643.0,0.0,0.0,0.447900466562986
5.0,5.0,4.0,0.3,0.1,0.8,4.0,644.0,0.0,0.0,0.4440993788819876
5.0,5.0,5.0,0.3,0.1,0.8,4.0,631.0,0.0,0.0,0.4469096671949287
5.0,5.0,6.0,0.3,0.1,0.8,4.0,633.0,0.0,0.0,0.4470774091627172
5.0,5.0,7.0,0.3,0.1,0.8,4.0,626.0,0.0,0.0,0.4488817891373802
5.0,5.0,8.0,0.3,0.1,0.8,4.0,624.0,0.0,0.0,0.44871794871794873
5.0,5.0,9.0,0.3,0.1,0.8,4.0,614.0,0.0,0.0,0.44788273615635177
5.0,5.0,10.0,0.3,0.1,0.8,4.0,609.0,0.0,0.0,0.44499178981937604
5.0,5.0,11.0,0.3,0.1,0.8,4.0,603.0,0.0,0.0,0.44776119402985076
5.0,5.0,12.0,0.3,0.1,0.8,4.0,604.0,0.0,0.0,0.4470198675496689
5.0,5.0,13.0,0.3,0.1,0.8,4.0,596.0,0.0,0.0,0.4513422818791946
5.0,5.0,14.0,0.3,0.1,0.8,4.0,596.0,0.0,0.0,0.4463087248322148
5.0,5.0,15.0,0.3,0.1,0.8,4.0,594.0,0.0,0.0,0.4511784511784512
5.0,5.0,16.0,0.3,0.1,0.8,4.0,592.0,0.0,0.0,0.44256756756756754
5.0,5.0,17.0,0.3,0.1,0.8,4.0,592.0,0.0,0.0,0.44932432432432434
5.0,5.0,18.0,0.3,0.1,0.8,4.0,590.0,0.0,0.0,0.4423728813559322
5.0,5.0,19.0,0.3,0.1,0.8,4.0,589.0,0.0,0.0,0.44991511035653653
5.0,5.0,20.0,0.3,0.1,0.8,4.0,1074.0,0.0,0.0,0.24115456238361266
5.0,5.0,21.0,0.3,0.1,0.8,4.0,995.0,0.0,0.0,0.2492462311557789
5.0,5.0,22.0,0.3,0.1,0.8,4.0,999.0,0.0,0.0,0.24324324324324326
5.0,5.0,23.0,0.3,0.1,0.8,4.0,951.0,0.0,0.0,0.25341745531019977
5.0,5.0,24.0,0.3,0.1,0.8,4.0,929.0,0.0,0.0,0.25403659849300325
5.0,5.0,25.0,0.3,0.1,0.8,4.0,885.0,0.0,0.0,0.26440677966101694
5.0,5.0,26.0,0.3,0.1,0.8,4.0,867.0,0.0,0.0,0.26528258362168394
5.0,5.0,27.0,0.3,0.1,0.8,4.0,849.0,0.0,0.0,0.2697290930506478
5.0,5.0,28.0,0.3,0.1,0.8,4.0,842.0,0.0,0.0,0.2672209026128266
5.0,5.0,29.0,0.3,0.1,0.8,4.0,813.0,0.0,0.0,0.27552275522755226
5.0,5.0,30.0,0.3,0.1,0.8,4.0,780.0,0.0,0.0,0.27692307692307694
5.0,5.0,31.0,0.3,0.1,0.8,4.0,738.0,0.0,0.0,0.2859078590785908
5.0,5.0,32.0,0.3,0.1,0.8,4.0,743.0,0.0,0.0,0.2812920592193809
5.0,5.0,33.0,0.3,0.1,0.8,4.0,723.0,0.0,0.0,0.28907330567081607
5.0,5.0,34.0,0.3,0.1,0.8,4.0,718.0,0.0,0.0,0.28551532033426186
5.0,5.0,35.0,0.3,0.1,0.8,4.0,709.0,0.0,0.0,0.2919605077574048
5.0,5.0,36.0,0.3,0.1,0.8,4.0,715.0,0.0,0.0,0.2867132867132867
5.0,5.0,37.0,0.3,0.1,0.8,4.0,709.0,0.0,0.0,0.2919605077574048
5.0,5.0,38.0,0.3,0.1,0.8,4.0,704.0,0.0,0.0,0.2897727272727273
5.0,5.0,39.0,0.3,0.1,0.8,4.0,684.0,0.0,0.0,0.2982456140350877
5.0,5.0,40.0,0.3,0.1,0.8,4.0,689.0,0.0,0.0,0.29172714078374457
5.0,5.0,41.0,0.3,0.1,0.8,4.0,680.0,0.0,0.0,0.29705882352941176
5.0,5.0,42.0,0.3,0.1,0.8,4.0,687.0,0.0,0.0,0.29112081513828236
5.0,5.0,43.0,0.3,0.1,0.8,4.0,668.0,0.0,0.0,0.2964071856287425
5.0,5.0,44.0,0.3,0.1,0.8,4.0,656.0,0.0,0.0,0.28810975609756095
5.0,5.0,45.0,0.3,0.1,0.8,4.0,652.0,0.0,0.0,0.4340490797546012
5.0,5.0,46.0,0.3,0.1,0.8,4.0,643.0,0.0,0.0,0.4370139968895801
5.0,5.0,47.0,0.3,0.1,0.8,4.0,643.0,0.0,0.0,0.4354587869362364
5.0,5.0,48.0,0.3,0.1,0.8,4.0,640.0,0.0,0.0,0.4359375
5.0,5.0,49.0,0.3,0.1,0.8,4.0,639.0,0.0,0.0,0.433489827856025
5.0,5.0,50.0,0.3,0.1,0.8,4.0,637.0,0.0,0.0,0.43328100470957615
5.0,5.0,51.0,0.3,0.1,0.8,4.0,625.0,0.0,0.0,0.4336
5.0,5.0,52.0,0.3,0.1,0.8,4.0,619.0,0.0,0.0,0.43295638126009695
5.0,6.0,1.0,0.3,0.1,0.8,4.0,618.0,0.0,0.0,0.43042071197411
5.0,6.0,2.0,0.3,0.1,0.8,4.0,604.0,0.0,0.0,0.43874172185430466
5.0,6.0,3.0,0.3,0.1,0.8,4.0,594.0,0.0,0.0,0.4393939393939394
5.0,6.0,4.0,0.3,0.1,0.8,4.0,594.0,0.0,0.0,0.4393939393939394
5.0,6.0,5.0,0.3,0.1,0.8,4.0,580.0,0.0,0.0,0.44310344827586207
5.0,6.0,6.0,0.3,0.1,0.8,4.0,585.0,0.0,0.0,0.4427350427350427
5.0,6.0,7.0,0.3,0.1,0.8,4.0,576.0,0.0,0.0,0.4427083333333333
5.0,6.0,8.0,0.3,0.1,0.8,4.0,577.0,0.0,0.0,0.44194107452339687
5.0,6.0,9.0,0.3,0.1,0.8,4.0,570.0,0.0,0.0,0.4421052631578947
5.0,6.0,10.0,0.3,0.1,0.8,4.0,567.0,0.0,0.0,0.4426807760141093
5.0,6.0,11.0,0.3,0.1,0.8,4.0,563.0,0.0,0.0,0.44582593250444047
5.0,6.0,12.0,0.3,0.1,0.8,4.0,560.0,0.0,0.0,0.4446428571428571
5.0,6.0,13.0,0.3,0.1,0.8,4.0,559.0,0.0,0.0,0.44543828264758495
5.0,6.0,14.0,0.3,0.1,0.8,4.0,556.0,0.0,0.0,0.4460431654676259
5.0,6.0,15.0,0.3,0.1,0.8,4.0,544.0,0.0,0.0,0.4485294117647059
5.0,6.0,16.0,0.3,0.1,0.8,4.0,541.0,0.0,0.0,0.44731977818853974
5.0,6.0,17.0,0.3,0.1,0.8,4.0,539.0,0.0,0.0,0.4452690166975881
5.0,6.0,18.0,0.3,0.1,0.8,4.0,536.0,0.0,0.0,0.4496268656716418
5.0,6.0,19.0,0.3,0.1,0.8,4.0,534.0,0.0,0.0,0.44756554307116103
5.0,6.0,20.0,0.3,0.1,0.8,4.0,915.0,0.0,0.0,0.25792349726775954
5.0,6.0,21.0,0.3,0.1,0.8,4.0,923.0,0.0,0.0,0.25460455037919827
5.0,6.0,22.0,0.3,0.1,0.8,4.0,899.0,0.0,0.0,0.2625139043381535
5.0,6.0,23.0,0.3,0.1,0.8,4.0,892.0,0.0,0.0,0.2600896860986547
5.0,6.0,24.0,0.3,0.1,0.8,4.0,869.0,0.0,0.0,0.2646720368239356
5.0,6.0,25.0,0.3,0.1,0.8,4.0,839.0,0.0,0.0,0.26102502979737785
5.0,6.0,26.0,0.3,0.1,0.8,4.0,816.0,0.0,0.0,0.2647058823529412
5.0,6.0,27.0,0.3,0.1,0.8,4.0,793.0,0.0,0.0,0.2723833543505675
5.0,6.0,28.0,0.3,0.1,0.8,4.0,787.0,0.0,0.0,0.2681067344345616
5.0,6.0,29.0,0.3,0.1,0.8,4.0,767.0,0.0,0.0,0.26727509778357234
5.0,6.0,30.0,0.3,0.1,0.8,4.0,773.0,0.0,0.0,0.2664941785252264
5.0,6.0,31.0,0.3,0.1,0.8,4.0,763.0,0.0,0.0,0.26605504587155965
5.0,6.0,32.0,0.3,0.1,0.8,4.0,747.0,0.0,0.0,0.26238286479250333
5.0,6.0,33.0,0.3,0.1,0.8,4.0,736.0,0.0,0.0,0.264945652173913
5.0,6.0,34.0,0.3,0.1,0.8,4.0,735.0,0.0,0.0,0.2612244897959184
5.0,6.0,35.0,0.3,0.1,0.8,4.0,732.0,0.0,0.0,0.26229508196721313
5.0,6.0,36.0,0.3,0.1,0.8,4.0,719.0,0.0,0.0,0.2614742698191933
5.0,6.0,37.0,0.3,0.1,0.8,4.0,713.0,0.0,0.0,0.26367461430575034
5.0,6.0,38.0,0.3,0.1,0.8,4.0,691.0,0.0,0.0,0.2633863965267728
5.0,6.0,39.0,0.3,0.1,0.8,4.0,688.0,0.0,0.0,0.26308139534883723
5.0,6.0,40.0,0.3,0.1,0.8,4.0,680.0,0.0,0.0,0.26323529411764707
5.0,6.0,41.0,0.3,0.1,0.8,4.0,633.0,0.0,0.0,0.27488151658767773
5.0,6.0,42.0,0.3,0.1,0.8,4.0,633.0,0.0,0.0,0.27488151658767773
5.0,6.0,43.0,0.3,0.1,0.8,4.0,622.0,0.0,0.0,0.27491961414790994
5.0,6.0,44.0,0.3,0.1,0.8,4.0,623.0,0.0,0.0,0.27287319422150885
5.0,6.0,45.0,0.3,0.1,0.8,4.0,618.0,0.0,0.0,0.4320388349514563
5.0,6.0,46.0,0.3,0.1,0.8,4.0,607.0,0.0,0.0,0.43492586490939045
5.0,6.0,47.0,0.3,0.1,0.8,4.0,603.0,0.0,0.0,0.4311774461028192
5.0,6.0,48.0,0.3,0.1,0.8,4.0,597.0,0.0,0.0,0.4304857621440536
5.0,6.0,49.0,0.3,0.1,0.8,4.0,596.0,0.0,0.0,0.42953020134228187
5.0,6.0,50.0,0.3,0.1,0.8,4.0,592.0,0.0,0.0,0.43074324324324326
5.0,6.0,51.0,0.3,0.1,0.8,4.0,592.0,0.0,0.0,0.42567567567567566
5.0,6.0,52.0,0.3,0.1,0.8,4.0,585.0,0.0,0.0,0.42905982905982903
5.0,7.0,1.0,0.3,0.1,0.8,4.0,592.0,0.0,0.0,0.42567567567567566
5.0,7.0,2.0,0.3,0.1,0.8,4.0,583.0,0.0,0.0,0.4305317324185249
5.0,7.0,3.0,0.3,0.1,0.8,4.0,579.0,0.0,0.0,0.43350604490500866
5.0,7.0,4.0,0.3,0.1,0.8,4.0,556.0,0.0,0.0,0.43884892086330934
5.0,7.0,5.0,0.3,0.1,0.8,4.0,562.0,0.0,0.0,0.43416370106761565
5.0,7.0,6.0,0.3,0.1,0.8,4.0,551.0,0.0,0.0,0.4355716878402904
5.0,7.0,7.0,0.3,0.1,0.8,4.0,546.0,0.0,0.0,0.43040293040293043
5.0,7.0,8.0,0.3,0.1,0.8,4.0,537.0,0.0,0.0,0.4338919925512104
5.0,7.0,9.0,0.3,0.1,0.8,4.0,537.0,0.0,0.0,0.4338919925512104
5.0,7.0,10.0,0.3,0.1,0.8,4.0,523.0,0.0,0.0,0.4340344168260038
5.0,7.0,11.0,0.3,0.1,0.8,4.0,523.0,0.0,0.0,0.4378585086042065
5.0,7.0,12.0,0.3,0.1,0.8,4.0,521.0,0.0,0.0,0.43186180422264875
5.0,7.0,13.0,0.3,0.1,0.8,4.0,515.0,0.0,0.0,0.4349514563106796
5.0,7.0,14.0,0.3,0.1,0.8,4.0,509.0,0.0,0.0,0.4381139489194499
5.0,7.0,15.0,0.3,0.1,0.8,4.0,506.0,0.0,0.0,0.4407114624505929
5.0,7.0,16.0,0.3,0.1,0.8,4.0,503.0,0.0,0.0,0.441351888667992
5.0,7.0,17.0,0.3,0.1,0.8,4.0,491.0,0.0,0.0,0.4480651731160896
5.0,7.0,18.0,0.3,0.1,0.8,4.0,488.0,0.0,0.0,0.44672131147540983
5.0,7.0,19.0,0.3,0.1,0.8,4.0,488.0,0.0,0.0,0.45081967213114754
5.0,7.0,20.0,0.3,0.1,0.8,4.0,909.0,0.0,0.0,0.23982398239823982
5.0,7.0,21.0,0.3,0.1,0.8,4.0,873.0,0.0,0.0,0.24742268041237114
5.0,7.0,22.0,0.3,0.1,0.8,4.0,808.0,0.0,0.0,0.25
5.0,7.0,23.0,0.3,0.1,0.8,4.0,759.0,0.0,0.0,0.25428194993412384
5.0,7.0,24.0,0.3,0.1,0.8,4.0,737.0,0.0,0.0,0.2537313432835821
5.0,7.0,25.0,0.3,0.1,0.8,4.0,733.0,0.0,0.0,0.2551159618008186
5.0,7.0,26.0,0.3,0.1,0.8,4.0,723.0,0.0,0.0,0.25587828492392806
5.0,7.0,27.0,0.3,0.1,0.8,4.0,699.0,0.0,0.0,0.25464949928469244
5.0,7.0,28.0,0.3,0.1,0.8,4.0,689.0,0.0,0.0,0.25689404934687954
5.0,7.0,29.0,0.3,0.1,0.8,4.0,680.0,0.0,0.0,0.25441176470588234
5.0,7.0,30.0,0.3,0.1,0.8,4.0,682.0,0.0,0.0,0.2536656891495601
5.0,7.0,31.0,0.3,0.1,0.8,4.0,672.0,0.0,0.0,0.25
5.0,7.0,32.0,0.3,0.1,0.8,4.0,676.0,0.0,0.0,0.2529585798816568
5.0,7.0,33.0,0.3,0.1,0.8,4.0,646.0,0.0,0.0,0.25386996904024767
5.0,7.0,34.0,0.3,0.1,0.8,4.0,633.0,0.0,0.0,0.2575039494470774
5.0,7.0,35.0,0.3,0.1,0.8,4.0,619.0,0.0,0.0,0.26009693053311794
5.0,7.0,36.0,0.3,0.1,0.8,4.0,621.0,0.0,0.0,0.25925925925925924
5.0,7.0,37.0,0.3,0.1,0.8,4.0,614.0,0.0,0.0,0.255700325732899
5.0,7.0,38.0,0.3,0.1,0.8,4.0,617.0,0.0,0.0,0.2560777957860616
5.0,7.0,39.0,0.3,0.1,0.8,4.0,609.0,0.0,0.0,0.25779967159277506
5.0,7.0,40.0,0.3,0.1,0.8,4.0,599.0,0.0,0.0,0.2604340567612688
5.0,7.0,41.0,0.3,0.1,0.8,4.0,591.0,0.0,0.0,0.26057529610829105
5.0,7.0,42.0,0.3,0.1,0.8,4.0,590.0,0.0,0.0,0.26440677966101694
5.0,7.0,43.0,0.3,0.1,0.8,4.0,582.0,0.0,0.0,0.25773195876288657
5.0,7.0,44.0,0.3,0.1,0.8,4.0,582.0,0.0,0.0,0.25601374570446733
5.0,7.0,45.0,0.3,0.1,0.8,4.0,574.0,0.0,0.0,0.4181184668989547
5.0,7.0,46.0,0.3,0.1,0.8,4.0,567.0,0.0,0.0,0.41798941798941797
5.0,7.0,47.0,0.3,0.1,0.8,4.0,554.0,0.0,0.0,0.4187725631768953
5.0,7.0,48.0,0.3,0.1,0.8,4.0,562.0,0.0,0.0,0.41459074733096085
5.0,7.0,49.0,0.3,0.1,0.8,4.0,548.0,0.0,0.0,0.4142335766423358
5.0,7.0,50.0,0.3,0.1,0.8,4.0,545.0,0.0,0.0,0.42201834862385323
5.0,7.0,51.0,0.3,0.1,0.8,4.0,525.0,0.0,0.0,0.4266666666666667
5.0,7.0,52.0,0.3,0.1,0.8,4.0,528.0,0.0,0.0,0.42613636363636365
5.0,8.0,1.0,0.3,0.1,0.8,4.0,517.0,0.0,0.0,0.4274661508704062
5.0,8.0,2.0,0.3,0.1,0.8,4.0,524.0,0.0,0.0,0.42366412213740456
5.0,8.0,3.0,0.3,0.1,0.8,4.0,516.0,0.0,0.0,0.42441860465116277
5.0,8.0,4.0,0.3,0.1,0.8,4.0,523.0,0.0,0.0,0.4225621414913958
5.0,8.0,5.0,0.3,0.1,0.8,4.0,514.0,0.0,0.0,0.42412451361867703
5.0,8.0,6.0,0.3,0.1,0.8,4.0,520.0,0.0,0.0,0.41923076923076924
5.0,8.0,7.0,0.3,0.1,0.8,4.0,515.0,0.0,0.0,0.42524271844660194
5.0,8.0,8.0,0.3,0.1,0.8,4.0,517.0,0.0,0.0,0.4197292069632495
5.0,8.0,9.0,0.3,0.1,0.8,4.0,508.0,0.0,0.0,0.4271653543307087
5.0,8.0,10.0,0.3,0.1,0.8,4.0,499.0,0.0,0.0,0.4288577154308617
5.0,8.0,11.0,0.3,0.1,0.8,4.0,491.0,0.0,0.0,0.4317718940936864
5.0,8.0,12.0,0.3,0.1,0.8,4.0,492.0,0.0,0.0,0.43089430894308944
5.0,8.0,13.0,0.3,0.1,0.8,4.0,473.0,0.0,0.0,0.4355179704016913
5.0,8.0,14.0,0.3,0.1,0.8,4.0,477.0,0.0,0.0,0.4339622641509434
5.0,8.0,15.0,0.3,0.1,0.8,4.0,470.0,0.0,0.0,0.4340425531914894
5.0,8.0,16.0,0.3,0.1,0.8,4.0,474.0,0.0,0.0,0.43670886075949367
5.0,8.0,17.0,0.3,0.1,0.8,4.0,469.0,0.0,0.0,0.4349680170575693
5.0,8.0,18.0,0.3,0.1,0.8,4.0,472.0,0.0,0.0,0.4385593220338983
5.0,8.0,19.0,0.3,0.1,0.8,4.0,467.0,0.0,0.0,0.43683083511777304
5.0,8.0,20.0,0.3,0.1,0.8,4.0,875.0,0.0,0.0,0.23657142857142857
5.0,8.0,21.0,0.3,0.1,0.8,4.0,846.0,0.0,0.0,0.23877068557919623
5.0,8.0,22.0,0.3,0.1,0.8,4.0,863.0,0.0,0.0,0.23754345307068367
5.0,8.0,23.0,0.3,0.1,0.8,4.0,833.0,0.0,0.0,0.24129651860744297
5.0,8.0,24.0,0.3,0.1,0.8,4.0,851.0,0.0,0.0,0.23736780258519388
5.0,8.0,25.0,0.3,0.1,0.8,4.0,808.0,0.0,0.0,0.2400990099009901
5.0,8.0,26.0,0.3,0.1,0.8,4.0,839.0,0.0,0.0,0.2359952324195471
5.0,8.0,27.0,0.3,0.1,0.8,4.0,808.0,0.0,0.0,0.2400990099009901
5.0,8.0,28.0,0.3,0.1,0.8,4.0,788.0,0.0,0.0,0.2398477157360406
5.0,8.0,29.0,0.3,0.1,0.8,4.0,761.0,0.0,0.0,0.24441524310118265
5.0,8.0,30.0,0.3,0.1,0.8,4.0,775.0,0.0,0.0,0.24258064516129033
5.0,8.0,31.0,0.3,0.1,0.8,4.0,748.0,0.0,0.0,0.24331550802139038
5.0,8.0,32.0,0.3,0.1,0.8,4.0,750.0,0.0,0.0,0.24
5.0,8.0,33.0,0.3,0.1,0.8,4.0,734.0,0.0,0.0,0.24250681198910082
5.0,8.0,34.0,0.3,0.1,0.8,4.0,734.0,0.0,0.0,0.23978201634877383
5.0,8.0,35.0,0.3,0.1,0.8,4.0,719.0,0.0,0.0,0.24200278164116829
5.0,8.0,36.0,0.3,0.1,0.8,4.0,729.0,0.0,0.0,0.24005486968449932
5.0,8.0,37.0,0.3,0.1,0.8,4.0,694.0,0.0,0.0,0.24351585014409222
5.0,8.0,38.0,0.3,0.1,0.8,4.0,693.0,0.0,0.0,0.23809523809523808
5.0,8.0,39.0,0.3,0.1,0.8,4.0,667.0,0.0,0.0,0.24287856071964017
5.0,8.0,40.0,0.3,0.1,0.8,4.0,682.0,0.0,0.0,0.2404692082111437
5.0,8.0,41.0,0.3,0.1,0.8,4.0,667.0,0.0,0.0,0.24287856071964017
5.0,8.0,42.0,0.3,0.1,0.8,4.0,682.0,0.0,0.0,0.2404692082111437
5.0,8.0,43.0,0.3,0.1,0.8,4.0,667.0,0.0,0.0,0.24287856071964017
5.0,8.0,44.0,0.3,0.1,0.8,4.0,682.0,0.0,0.0,0.2404692082111437
5.0,8.0,45.0,0.3,0.1,0.8,4.0,663.0,0.0,0.0,0.4057315233785822
5.0,8.0,46.0,0.3,0.1,0.8,4.0,678.0,0.0,0.0,0.4026548672566372
5.0,8.0,47.0,0.3,0.1,0.8,4.0,652.0,0.0,0.0,0.40644171779141103
5.0,8.0,48.0,0.3,0.1,0.8,4.0,665.0,0.0,0.0,0.4030075187969925
5.0,8.0,49.0,0.3,0.1,0.8,4.0,652.0,0.0,0.0,0.40644171779141103
5.0,8.0,50.0,0.3,0.1,0.8,4.0,661.0,0.0,0.0,0.4039334341906203
5.0,8.0,51.0,0.3,0.1,0.8,4.0,637.0,0.0,0.0,0.40188383045525905
5.0,8.0,52.0,0.3,0.1,0.8,4.0,644.0,0.0,0.0,0.40062111801242234
5.0,9.0,1.0,0.3,0.1,0.8,4.0,636.0,0.0,0.0,0.4025157232704403
5.0,9.0,2.0,0.3,0.1,0.8,4.0,644.0,0.0,0.0,0.40062111801242234
5.0,9.0,3.0,0.3,0.1,0.8,4.0,634.0,0.0,0.0,0.4037854889589905
5.0,9.0,4.0,0.3,0.1,0.8,4.0,642.0,0.0,0.0,0.40186915887850466
5.0,9.0,5.0,0.3,0.1,0.8,4.0,620.0,0.0,0.0,0.4064516129032258
5.0,9.0,6.0,0.3,0.1,0.8,4.0,629.0,0.0,0.0,0.40381558028616854
5.0,9.0,7.0,0.3,0.1,0.8,4.0,619.0,0.0,0.0,0.407108239095315
5.0,9.0,8.0,0.3,0.1,0.8,4.0,624.0,0.0,0.0,0.40705128205128205
5.0,9.0,9.0,0.3,0.1,0.8,4.0,609.0,0.0,0.0,0.41379310344827586
5.0,9.0,10.0,0.3,0.1,0.8,4.0,615.0,0.0,0.0,0.4113821138211382
5.0,9.0,11.0,0.3,0.1,0.8,4.0,606.0,0.0,0.0,0.4141914191419142
5.0,9.0,12.0,0.3,0.1,0.8,4.0,618.0,0.0,0.0,0.4110032362459547
5.0,9.0,13.0,0.3,0.1,0.8,4.0,593.0,0.0,0.0,0.418212478920742
5.0,9.0,14.0,0.3,0.1,0.8,4.0,603.0,0.0,0.0,0.417910447761194
5.0,9.0,15.0,0.3,0.1,0.8,4.0,591.0,0.0,0.0,0.4196277495769882
5.0,9.0,16.0,0.3,0.1,0.8,4.0,589.0,0.0,0.0,0.41935483870967744
5.0,9.0,17.0,0.3,0.1,0.8,4.0,579.0,0.0,0.0,0.4231433506044905
5.0,9.0,18.0,0.3,0.1,0.8,4.0,588.0,0.0,0.0,0.41836734693877553
5.0,9.0,19.0,0.3,0.1,0.8,4.0,565.0,0.0,0.0,0.4265486725663717
5.0,9.0,20.0,0.3,0.1,0.8,4.0,1066.0,0.0,0.0,0.21669793621013134
5.0,9.0,21.0,0.3,0.1,0.8,4.0,1005.0,0.0,0.0,0.2218905472636816
5.0,9.0,22.0,0.3,0.1,0.8,4.0,997.0,0.0,0.0,0.22066198595787362
5.0,9.0,23.0,0.3,0.1,0.8,4.0,928.0,0.0,0.0,0.2273706896551724
5.0,9.0,24.0,0.3,0.1,0.8,4.0,946.0,0.0,0.0,0.22304439746300211
5.0,9.0,25.0,0.3,0.1,0.8,4.0,893.0,0.0,0.0,0.23180291153415453
5.0,9.0,26.0,0.3,0.1,0.8,4.0,907.0,0.0,0.0,0.22932745314222713
5.0,9.0,27.0,0.3,0.1,0.8,4.0,878.0,0.0,0.0,0.23462414578587698
5.0,9.0,28.0,0.3,0.1,0.8,4.0,876.0,0.0,0.0,0.2271689497716895
5.0,9.0,29.0,0.3,0.1,0.8,4.0,863.0,0.0,0.0,0.23290845886442643
5.0,9.0,30.0,0.3,0.1,0.8,4.0,865.0,0.0,0.0,0.2300578034682081
5.0,9.0,31.0,0.3,0.1,0.8,4.0,789.0,0.0,0.0,0.24461343472750316
5.0,9.0,32.0,0.3,0.1,0.8,4.0,800.0,0.0,0.0,0.23875
5.0,9.0,33.0,0.3,0.1,0.8,4.0,765.0,0.0,0.0,0.24705882352941178
5.0,9.0,34.0,0.3,0.1,0.8,4.0,775.0,0.0,0.0,0.24129032258064517
5.0,9.0,35.0,0.3,0.1,0.8,4.0,749.0,0.0,0.0,0.24966622162883845
5.0,9.0,36.0,0.3,0.1,0.8,4.0,745.0,0.0,0.0,0.2442953020134228
5.0,9.0,37.0,0.3,0.1,0.8,4.0,737.0,0.0,0.0,0.2496607869742198
5.0,9.0,38.0,0.3,0.1,0.8,4.0,744.0,0.0,0.0,0.2446236559139785
5.0,9.0,39.0,0.3,0.1,0.8,4.0,737.0,0.0,0.0,0.2496607869742198
5.0,9.0,40.0,0.3,0.1,0.8,4.0,732.0,0.0,0.0,0.24316939890710382
5.0,9.0,41.0,0.3,0.1,0.8,4.0,726.0,0.0,0.0,0.2493112947658402
5.0,9.0,42.0,0.3,0.1,0.8,4.0,717.0,0.0,0.0,0.24686192468619247
5.0,9.0,43.0,0.3,0.1,0.8,4.0,697.0,0.0,0.0,0.2539454806312769
5.0,9.0,44.0,0.3,0.1,0.8,4.0,694.0,0.0,0.0,0.24927953890489912
5.0,9.0,45.0,0.3,0.1,0.8,4.0,686.0,0.0,0.0,0.4096209912536443
5.0,9.0,46.0,0.3,0.1,0.8,4.0,685.0,0.0,0.0,0.3970802919708029
5.0,9.0,47.0,0.3,0.1,0.8,4.0,673.0,0.0,0.0,0.40713224368499257
5.0,9.0,48.0,0.3,0.1,0.8,4.0,681.0,0.0,0.0,0.3964757709251101
5.0,9.0,49.0,0.3,0.1,0.8,4.0,669.0,0.0,0.0,0.40657698056801195
5.0,9.0,50.0,0.3,0.1,0.8,4.0,683.0,0.0,0.0,0.39824304538799415
5.0,9.0,51.0,0.3,0.1,0.8,4.0,666.0,0.0,0.0,0.4084084084084084
5.0,9.0,52.0,0.3,0.1,0.8,4.0,673.0,0.0,0.0,0.399702823179792
5.0,10.0,1.0,0.3,0.1,0.8,4.0,662.0,0.0,0.0,0.4108761329305136
5.0,10.0,2.0,0.3,0.1,0.8,4.0,658.0,0.0,0.0,0.4012158054711246
5.0,10.0,3.0,0.3,0.1,0.8,4.0,646.0,0.0,0.0,0.4102167182662539
5.0,10.0,4.0,0.3,0.1,0.8,4.0,655.0,0.0,0.0,0.4030534351145038
5.0,10.0,5.0,0.3,0.1,0.8,4.0,620.0,0.0,0.0,0.4161290322580645
5.0,10.0,6.0,0.3,0.1,0.8,4.0,621.0,0.0,0.0,0.4074074074074074
5.0,10.0,7.0,0.3,0.1,0.8,4.0,612.0,0.0,0.0,0.4166666666666667
5.0,10.0,8.0,0.3,0.1,0.8,4.0,614.0,0.0,0.0,0.40879478827361565
5.0,10.0,9.0,0.3,0.1,0.8,4.0,603.0,0.0,0.0,0.42122719734660036
5.0,10.0,10.0,0.3,0.1,0.8,4.0,607.0,0.0,0.0,0.41186161449752884
5.0,10.0,11.0,0.3,0.1,0.8,4.0,595.0,0.0,0.0,0.4235294117647059
5.0,10.0,12.0,0.3,0.1,0.8,4.0,593.0,0.0,0.0,0.4148397976391231
5.0,10.0,13.0,0.3,0.1,0.8,4.0,583.0,0.0,0.0,0.4236706689536878
5.0,10.0,14.0,0.3,0.1,0.8,4.0,588.0,0.0,0.0,0.4166666666666667
5.0,10.0,15.0,0.3,0.1,0.8,4.0,581.0,0.0,0.0,0.42512908777969016
5.0,10.0,16.0,0.3,0.1,0.8,4.0,587.0,0.0,0.0,0.4190800681431005
5.0,10.0,17.0,0.3,0.1,0.8,4.0,576.0,0.0,0.0,0.4253472222222222
5.0,10.0,18.0,0.3,0.1,0.8,4.0,583.0,0.0,0.0,0.4236706689536878
5.0,10.0,19.0,0.3,0.1,0.8,4.0,573.0,0.0,0.0,0.4293193717277487
5.0,10.0,20.0,0.3,0.1,0.8,4.0,1032.0,0.0,0.0,0.2238372093023256
5.0,10.0,21.0,0.3,0.1,0.8,4.0,1011.0,0.0,0.0,0.2294757665677547
5.0,10.0,22.0,0.3,0.1,0.8,4.0,949.0,0.0,0.0,0.22339304531085352
5.0,10.0,23.0,0.3,0.1,0.8,4.0,941.0,0.0,0.0,0.22954303931987247
5.0,10.0,24.0,0.3,0.1,0.8,4.0,893.0,0.0,0.0,0.22508398656215006
5.0,10.0,25.0,0.3,0.1,0.8,4.0,837.0,0.0,0.0,0.24014336917562723
5.0,10.0,26.0,0.3,0.1,0.8,4.0,807.0,0.0,0.0,0.241635687732342
5.0,10.0,27.0,0.3,0.1,0.8,4.0,793.0,0.0,0.0,0.2484237074401009
5.0,10.0,28.0,0.3,0.1,0.8,4.0,767.0,0.0,0.0,0.24641460234680573
5.0,10.0,29.0,0.3,0.1,0.8,4.0,753.0,0.0,0.0,0.2536520584329349
5.0,10.0,30.0,0.3,0.1,0.8,4.0,736.0,0.0,0.0,0.24864130434782608
5.0,10.0,31.0,0.3,0.1,0.8,4.0,739.0,0.0,0.0,0.2543978349120433
5.0,10.0,32.0,0.3,0.1,0.8,4.0,744.0,0.0,0.0,0.24596774193548387
5.0,10.0,33.0,0.3,0.1,0.8,4.0,721.0,0.0,0.0,0.2565880721220527
5.0,10.0,34.0,0.3,0.1,0.8,4.0,721.0,0.0,0.0,0.24826629680998613
5.0,10.0,35.0,0.3,0.1,0.8,4.0,705.0,0.0,0.0,0.26099290780141843
5.0,10.0,36.0,0.3,0.1,0.8,4.0,709.0,0.0,0.0,0.24964739069111425
5.0,10.0,37.0,0.3,0.1,0.8,4.0,683.0,0.0,0.0,0.26207906295754024
5.0,10.0,38.0,0.3,0.1,0.8,4.0,695.0,0.0,0.0,0.2503597122302158
5.0,10.0,39.0,0.3,0.1,0.8,4.0,671.0,0.0,0.0,0.2608047690014903
5.0,10.0,40.0,0.3,0.1,0.8,4.0,684.0,0.0,0.0,0.25
5.0,10.0,41.0,0.3,0.1,0.8,4.0,676.0,0.0,0.0,0.2588757396449704
5.0,10.0,42.0,0.3,0.1,0.8,4.0,679.0,0.0,0.0,0.25184094256259204
5.0,10.0,43.0,0.3,0.1,0.8,4.0,653.0,0.0,0.0,0.26339969372128635
5.0,10.0,44.0,0.3,0.1,0.8,4.0,661.0,0.0,0.0,0.25416036308623297
5.0,10.0,45.0,0.3,0.1,0.8,4.0,637.0,0.0,0.0,0.3940345368916798
5.0,10.0,46.0,0.3,0.1,0.8,4.0,648.0,0.0,0.0,0.38580246913580246
5.0,10.0,47.0,0.3,0.1,0.8,4.0,636.0,0.0,0.0,0.39308176100628933
5.0,10.0,48.0,0.3,0.1,0.8,4.0,636.0,0.0,0.0,0.38522012578616355
5.0,10.0,49.0,0.3,0.1,0.8,4.0,611.0,0.0,0.0,0.3944353518821604
5.0,10.0,50.0,0.3,0.1,0.8,4.0,623.0,0.0,0.0,0.3852327447833066
5.0,10.0,51.0,0.3,0.1,0.8,4.0,611.0,0.0,0.0,0.3944353518821604
5.0,10.0,52.0,0.3,0.1,0.8,4.0,618.0,0.0,0.0,0.3883495145631068
6.0,1.0,1.0,0.3,0.1,0.8,4.0,5249.0,47.0,4.0,0.2992951038293008
6.0,1.0,2.0,0.3,0.1,0.8,4.0,5182.0,52.0,22.0,0.2981474334233887
6.0,1.0,3.0,0.3,0.1,0.8,4.0,5167.0,69.0,29.0,0.29765821559899364
6.0,1.0,4.0,0.3,0.1,0.8,4.0,5171.0,88.0,38.0,0.2993618255656546
6.0,1.0,5.0,0.3,0.1,0.8,4.0,5158.0,102.0,35.0,0.30050407134548274
6.0,1.0,6.0,0.3,0.1,0.8,4.0,5095.0,109.0,45.0,0.30206084396467126
6.0,1.0,7.0,0.3,0.1,0.8,4.0,4967.0,124.0,45.0,0.3052144151399235
6.0,1.0,8.0,0.3,0.1,0.8,4.0,4849.0,138.0,49.0,0.30253660548566713
6.0,1.0,9.0,0.3,0.1,0.8,4.0,4690.0,148.0,55.0,0.30597014925373134
6.0,1.0,10.0,0.3,0.1,0.8,4.0,4561.0,159.0,72.0,0.30695023021267265
6.0,1.0,11.0,0.3,0.1,0.8,4.0,4361.0,157.0,68.0,0.30933272185278604
6.0,1.0,12.0,0.3,0.1,0.8,4.0,4217.0,141.0,68.0,0.3120701920796775
6.0,1.0,13.0,0.3,0.1,0.8,4.0,4092.0,149.0,64.0,0.313049853372434
6.0,1.0,14.0,0.3,0.1,0.8,4.0,3992.0,154.0,70.0,0.3151302605210421
6.0,1.0,15.0,0.3,0.1,0.8,4.0,3906.0,153.0,65.0,0.31618023553507424
6.0,1.0,16.0,0.3,0.1,0.8,4.0,3759.0,157.0,72.0,0.3163075285980314
6.0,1.0,17.0,0.3,0.1,0.8,4.0,3689.0,144.0,72.0,0.3187855787476281
6.0,1.0,18.0,0.3,0.1,0.8,4.0,3620.0,146.0,77.0,0.3207182320441989
6.0,1.0,19.0,0.3,0.1,0.8,4.0,3562.0,144.0,62.0,0.31948343627175746
6.0,1.0,20.0,0.3,0.1,0.8,4.0,6610.0,134.0,63.0,0.17049924357034796
6.0,1.0,21.0,0.3,0.1,0.8,4.0,6291.0,162.0,65.0,0.17119694802098234
6.0,1.0,22.0,0.3,0.1,0.8,4.0,5896.0,196.0,76.0,0.17333785617367706
6.0,1.0,23.0,0.3,0.1,0.8,4.0,5536.0,192.0,81.0,0.17539739884393063
6.0,1.0,24.0,0.3,0.1,0.8,4.0,5264.0,199.0,78.0,0.17914133738601823
6.0,1.0,25.0,0.3,0.1,0.8,4.0,4998.0,198.0,83.0,0.18127250900360145
6.0,1.0,26.0,0.3,0.1,0.8,4.0,4805.0,206.0,79.0,0.1829344432882414
6.0,1.0,27.0,0.3,0.1,0.8,4.0,4513.0,217.0,82.0,0.18657212497230224
6.0,1.0,28.0,0.3,0.1,0.8,4.0,4410.0,239.0,96.0,0.18684807256235827
6.0,1.0,29.0,0.3,0.1,0.8,4.0,4264.0,275.0,111.0,0.1897279549718574
6.0,1.0,30.0,0.3,0.1,0.8,4.0,4149.0,312.0,125.0,0.18968426126777538
6.0,1.0,31.0,0.3,0.1,0.8,4.0,4062.0,332.0,138.0,0.1930083702609552
6.0,1.0,32.0,0.3,0.1,0.8,4.0,3944.0,365.0,153.0,0.19371196754563894
6.0,1.0,33.0,0.3,0.1,0.8,4.0,3832.0,387.0,155.0,0.1988517745302714
6.0,1.0,34.0,0.3,0.1,0.8,4.0,3679.0,382.0,160.0,0.20195705354715957
6.0,1.0,35.0,0.3,0.1,0.8,4.0,3477.0,384.0,185.0,0.21052631578947367
6.0,1.0,36.0,0.3,0.1,0.8,4.0,3346.0,429.0,195.0,0.21428571428571427
6.0,1.0,37.0,0.3,0.1,0.8,4.0,3193.0,437.0,200.0,0.2217350454118384
6.0,1.0,38.0,0.3,0.1,0.8,4.0,2936.0,394.0,167.0,0.2329700272479564
6.0,1.0,39.0,0.3,0.1,0.8,4.0,2825.0,391.0,179.0,0.23858407079646018
6.0,1.0,40.0,0.3,0.1,0.8,4.0,2713.0,391.0,168.0,0.24364172502764467
6.0,1.0,41.0,0.3,0.1,0.8,4.0,2623.0,405.0,189.0,0.25085779641631717
6.0,1.0,42.0,0.3,0.1,0.8,4.0,2516.0,380.0,179.0,0.26073131955484896
6.0,1.0,43.0,0.3,0.1,0.8,4.0,2393.0,364.0,196.0,0.26744671959882993
6.0,1.0,44.0,0.3,0.1,0.8,4.0,2331.0,341.0,177.0,0.271986271986272
6.0,1.0,45.0,0.3,0.1,0.8,4.0,2171.0,309.0,151.0,0.4555504375863657
6.0,1.0,46.0,0.3,0.1,0.8,4.0,2066.0,280.0,135.0,0.4617618586640852
6.0,1.0,47.0,0.3,0.1,0.8,4.0,1977.0,249.0,148.0,0.47040971168437024
6.0,1.0,48.0,0.3,0.1,0.8,4.0,1907.0,228.0,135.0,0.4724698479286838
6.0,1.0,49.0,0.3,0.1,0.8,4.0,1821.0,190.0,109.0,0.48380010982976385
6.0,1.0,50.0,0.3,0.1,0.8,4.0,1764.0,155.0,79.0,0.4914965986394558
6.0,1.0,51.0,0.3,0.1,0.8,4.0,1725.0,145.0,75.0,0.4950724637681159
6.0,1.0,52.0,0.3,0.1,0.8,4.0,1684.0,132.0,75.0,0.5017814726840855
6.0,2.0,1.0,0.3,0.1,0.8,4.0,1623.0,111.0,71.0,0.5077017868145409
6.0,2.0,2.0,0.3,0.1,0.8,4.0,1572.0,89.0,62.0,0.5146310432569975
6.0,2.0,3.0,0.3,0.1,0.8,4.0,1524.0,70.0,44.0,0.5229658792650919
6.0,2.0,4.0,0.3,0.1,0.8,4.0,1507.0,57.0,28.0,0.5295288652952886
6.0,2.0,5.0,0.3,0.1,0.8,4.0,1462.0,45.0,19.0,0.5376196990424077
6.0,2.0,6.0,0.3,0.1,0.8,4.0,1457.0,47.0,23.0,0.5374056280027454
6.0,2.0,7.0,0.3,0.1,0.8,4.0,1418.0,45.0,25.0,0.5394922425952046
6.0,2.0,8.0,0.3,0.1,0.8,4.0,1398.0,42.0,25.0,0.542203147353362
6.0,2.0,9.0,0.3,0.1,0.8,4.0,1358.0,41.0,25.0,0.5456553755522827
6.0,2.0,10.0,0.3,0.1,0.8,4.0,1338.0,38.0,20.0,0.547085201793722
6.0,2.0,11.0,0.3,0.1,0.8,4.0,1306.0,32.0,20.0,0.5474732006125574
6.0,2.0,12.0,0.3,0.1,0.8,4.0,1294.0,30.0,15.0,0.5502318392581144
6.0,2.0,13.0,0.3,0.1,0.8,4.0,1272.0,30.0,18.0,0.5518867924528302
6.0,2.0,14.0,0.3,0.1,0.8,4.0,1260.0,26.0,13.0,0.5555555555555556
6.0,2.0,15.0,0.3,0.1,0.8,4.0,1228.0,24.0,14.0,0.5561889250814332
6.0,2.0,16.0,0.3,0.1,0.8,4.0,1210.0,24.0,13.0,0.5586776859504132
6.0,2.0,17.0,0.3,0.1,0.8,4.0,1200.0,22.0,14.0,0.5608333333333333
6.0,2.0,18.0,0.3,0.1,0.8,4.0,1193.0,22.0,13.0,0.5616093880972338
6.0,2.0,19.0,0.3,0.1,0.8,4.0,1178.0,19.0,9.0,0.5628183361629882
6.0,2.0,20.0,0.3,0.1,0.8,4.0,2140.0,20.0,7.0,0.3088785046728972
6.0,2.0,21.0,0.3,0.1,0.8,4.0,2099.0,24.0,5.0,0.3087184373511196
6.0,2.0,22.0,0.3,0.1,0.8,4.0,2072.0,28.0,13.0,0.3083976833976834
6.0,2.0,23.0,0.3,0.1,0.8,4.0,1997.0,34.0,11.0,0.31046569854782174
6.0,2.0,24.0,0.3,0.1,0.8,4.0,1948.0,40.0,15.0,0.3116016427104723
6.0,2.0,25.0,0.3,0.1,0.8,4.0,1916.0,46.0,16.0,0.31419624217118997
6.0,2.0,26.0,0.3,0.1,0.8,4.0,1876.0,54.0,23.0,0.31183368869936035
6.0,2.0,27.0,0.3,0.1,0.8,4.0,1824.0,53.0,20.0,0.3168859649122807
6.0,2.0,28.0,0.3,0.1,0.8,4.0,1755.0,54.0,26.0,0.32022792022792024
6.0,2.0,29.0,0.3,0.1,0.8,4.0,1730.0,61.0,28.0,0.3219653179190751
6.0,2.0,30.0,0.3,0.1,0.8,4.0,1704.0,68.0,30.0,0.323943661971831
6.0,2.0,31.0,0.3,0.1,0.8,4.0,1652.0,68.0,24.0,0.32929782082324455
6.0,2.0,32.0,0.3,0.1,0.8,4.0,1607.0,68.0,30.0,0.33478531425015556
6.0,2.0,33.0,0.3,0.1,0.8,4.0,1578.0,65.0,36.0,0.3377693282636248
6.0,2.0,34.0,0.3,0.1,0.8,4.0,1542.0,63.0,37.0,0.3404669260700389
6.0,2.0,35.0,0.3,0.1,0.8,4.0,1491.0,60.0,27.0,0.3460764587525151
6.0,2.0,36.0,0.3,0.1,0.8,4.0,1458.0,46.0,25.0,0.3484224965706447
6.0,2.0,37.0,0.3,0.1,0.8,4.0,1426.0,43.0,20.0,0.349929873772791
6.0,2.0,38.0,0.3,0.1,0.8,4.0,1391.0,42.0,22.0,0.3558590941768512
6.0,2.0,39.0,0.3,0.1,0.8,4.0,1356.0,30.0,16.0,0.3584070796460177
6.0,2.0,40.0,0.3,0.1,0.8,4.0,1340.0,31.0,22.0,0.35895522388059703
6.0,2.0,41.0,0.3,0.1,0.8,4.0,1313.0,27.0,21.0,0.3617669459253618
6.0,2.0,42.0,0.3,0.1,0.8,4.0,1284.0,26.0,16.0,0.3637071651090343
6.0,2.0,43.0,0.3,0.1,0.8,4.0,1232.0,24.0,9.0,0.37012987012987014
6.0,2.0,44.0,0.3,0.1,0.8,4.0,1216.0,20.0,9.0,0.3725328947368421
6.0,2.0,45.0,0.3,0.1,0.8,4.0,1179.0,20.0,11.0,0.49957591178965227
6.0,2.0,46.0,0.3,0.1,0.8,4.0,1170.0,18.0,12.0,0.5
6.0,2.0,47.0,0.3,0.1,0.8,4.0,1159.0,14.0,11.0,0.5030198446937014
6.0,2.0,48.0,0.3,0.1,0.8,4.0,1135.0,9.0,7.0,0.5066079295154186
6.0,2.0,49.0,0.3,0.1,0.8,4.0,1123.0,7.0,4.0,0.5084594835262689
6.0,2.0,50.0,0.3,0.1,0.8,4.0,1092.0,5.0,2.0,0.5128205128205128
6.0,2.0,51.0,0.3,0.1,0.8,4.0,1064.0,4.0,2.0,0.5159774436090225
6.0,2.0,52.0,0.3,0.1,0.8,4.0,1039.0,5.0,2.0,0.5149181905678537
6.0,3.0,1.0,0.3,0.1,0.8,4.0,1025.0,5.0,1.0,0.5170731707317073
6.0,3.0,2.0,0.3,0.1,0.8,4.0,1015.0,4.0,0.0,0.516256157635468
6.0,3.0,3.0,0.3,0.1,0.8,4.0,1008.0,4.0,3.0,0.5168650793650794
6.0,3.0,4.0,0.3,0.1,0.8,4.0,1005.0,4.0,4.0,0.5164179104477612
6.0,3.0,5.0,0.3,0.1,0.8,4.0,996.0,4.0,4.0,0.5150602409638554
6.0,3.0,6.0,0.3,0.1,0.8,4.0,978.0,2.0,1.0,0.5143149284253579
6.0,3.0,7.0,0.3,0.1,0.8,4.0,968.0,1.0,0.0,0.515495867768595
6.0,3.0,8.0,0.3,0.1,0.8,4.0,953.0,1.0,1.0,0.5162644281217209
6.0,3.0,9.0,0.3,0.1,0.8,4.0,927.0,2.0,1.0,0.5167206040992449
6.0,3.0,10.0,0.3,0.1,0.8,4.0,909.0,3.0,1.0,0.5115511551155115
6.0,3.0,11.0,0.3,0.1,0.8,4.0,892.0,2.0,1.0,0.5134529147982063
6.0,3.0,12.0,0.3,0.1,0.8,4.0,883.0,2.0,2.0,0.5141562853907135
6.0,3.0,13.0,0.3,0.1,0.8,4.0,871.0,2.0,2.0,0.5154994259471871
6.0,3.0,14.0,0.3,0.1,0.8,4.0,863.0,1.0,1.0,0.5144843568945539
6.0,3.0,15.0,0.3,0.1,0.8,4.0,852.0,0.0,0.0,0.5152582159624414
6.0,3.0,16.0,0.3,0.1,0.8,4.0,847.0,0.0,0.0,0.5112160566706021
6.0,3.0,17.0,0.3,0.1,0.8,4.0,838.0,0.0,0.0,0.5143198090692124
6.0,3.0,18.0,0.3,0.1,0.8,4.0,837.0,0.0,0.0,0.5113500597371565
6.0,3.0,19.0,0.3,0.1,0.8,4.0,829.0,0.0,0.0,0.5138721351025332
6.0,3.0,20.0,0.3,0.1,0.8,4.0,1469.0,0.0,0.0,0.2893124574540504
6.0,3.0,21.0,0.3,0.1,0.8,4.0,1428.0,0.0,0.0,0.29481792717086835
6.0,3.0,22.0,0.3,0.1,0.8,4.0,1411.0,0.0,0.0,0.2891566265060241
6.0,3.0,23.0,0.3,0.1,0.8,4.0,1385.0,0.0,0.0,0.29169675090252706
6.0,3.0,24.0,0.3,0.1,0.8,4.0,1391.0,0.0,0.0,0.2897196261682243
6.0,3.0,25.0,0.3,0.1,0.8,4.0,1369.0,0.0,0.0,0.2921840759678597
6.0,3.0,26.0,0.3,0.1,0.8,4.0,1339.0,0.0,0.0,0.29424943988050783
6.0,3.0,27.0,0.3,0.1,0.8,4.0,1285.0,0.0,0.0,0.2918287937743191
6.0,3.0,28.0,0.3,0.1,0.8,4.0,1252.0,0.0,0.0,0.29073482428115016
6.0,3.0,29.0,0.3,0.1,0.8,4.0,1217.0,0.0,0.0,0.29252259654889073
6.0,3.0,30.0,0.3,0.1,0.8,4.0,1161.0,0.0,0.0,0.2971576227390181
6.0,3.0,31.0,0.3,0.1,0.8,4.0,1152.0,0.0,0.0,0.3020833333333333
6.0,3.0,32.0,0.3,0.1,0.8,4.0,1135.0,0.0,0.0,0.3004405286343612
6.0,3.0,33.0,0.3,0.1,0.8,4.0,1123.0,0.0,0.0,0.3027604630454141
6.0,3.0,34.0,0.3,0.1,0.8,4.0,1091.0,0.0,0.0,0.304307974335472
6.0,3.0,35.0,0.3,0.1,0.8,4.0,1074.0,0.0,0.0,0.30446927374301674
6.0,3.0,36.0,0.3,0.1,0.8,4.0,1062.0,0.0,0.0,0.3050847457627119
6.0,3.0,37.0,0.3,0.1,0.8,4.0,1038.0,0.0,0.0,0.30732177263969174
6.0,3.0,38.0,0.3,0.1,0.8,4.0,1028.0,0.0,0.0,0.30544747081712065
6.0,3.0,39.0,0.3,0.1,0.8,4.0,992.0,0.0,0.0,0.3064516129032258
6.0,3.0,40.0,0.3,0.1,0.8,4.0,977.0,0.0,0.0,0.3060388945752303
6.0,3.0,41.0,0.3,0.1,0.8,4.0,960.0,0.0,0.0,0.30104166666666665
6.0,3.0,42.0,0.3,0.1,0.8,4.0,925.0,0.0,0.0,0.3016216216216216
6.0,3.0,43.0,0.3,0.1,0.8,4.0,912.0,0.0,0.0,0.2993421052631579
6.0,3.0,44.0,0.3,0.1,0.8,4.0,881.0,0.0,0.0,0.2985244040862656
6.0,3.0,45.0,0.3,0.1,0.8,4.0,834.0,0.0,0.0,0.4352517985611511
6.0,3.0,46.0,0.3,0.1,0.8,4.0,823.0,0.0,0.0,0.4362089914945322
6.0,3.0,47.0,0.3,0.1,0.8,4.0,798.0,0.0,0.0,0.43859649122807015
6.0,3.0,48.0,0.3,0.1,0.8,4.0,787.0,0.0,0.0,0.4358322744599746
6.0,3.0,49.0,0.3,0.1,0.8,4.0,779.0,0.0,0.0,0.44030808729139925
6.0,3.0,50.0,0.3,0.1,0.8,4.0,766.0,0.0,0.0,0.4347258485639687
6.0,3.0,51.0,0.3,0.1,0.8,4.0,757.0,0.0,0.0,0.4332892998678996
6.0,3.0,52.0,0.3,0.1,0.8,4.0,748.0,0.0,0.0,0.4304812834224599
6.0,4.0,1.0,0.3,0.1,0.8,4.0,743.0,0.0,0.0,0.42934051144010765
6.0,4.0,2.0,0.3,0.1,0.8,4.0,734.0,0.0,0.0,0.4264305177111717
6.0,4.0,3.0,0.3,0.1,0.8,4.0,727.0,0.0,0.0,0.42916093535075656
6.0,4.0,4.0,0.3,0.1,0.8,4.0,719.0,0.0,0.0,0.4283727399165508
6.0,4.0,5.0,0.3,0.1,0.8,4.0,714.0,0.0,0.0,0.42857142857142855
6.0,4.0,6.0,0.3,0.1,0.8,4.0,702.0,0.0,0.0,0.43304843304843305
6.0,4.0,7.0,0.3,0.1,0.8,4.0,700.0,0.0,0.0,0.4342857142857143
6.0,4.0,8.0,0.3,0.1,0.8,4.0,693.0,0.0,0.0,0.43001443001443
6.0,4.0,9.0,0.3,0.1,0.8,4.0,686.0,0.0,0.0,0.4329446064139942
6.0,4.0,10.0,0.3,0.1,0.8,4.0,686.0,0.0,0.0,0.4329446064139942
6.0,4.0,11.0,0.3,0.1,0.8,4.0,680.0,0.0,0.0,0.43676470588235294
6.0,4.0,12.0,0.3,0.1,0.8,4.0,674.0,0.0,0.0,0.43768545994065283
6.0,4.0,13.0,0.3,0.1,0.8,4.0,654.0,0.0,0.0,0.43730886850152906
6.0,4.0,14.0,0.3,0.1,0.8,4.0,647.0,0.0,0.0,0.437403400309119
6.0,4.0,15.0,0.3,0.1,0.8,4.0,644.0,0.0,0.0,0.4363354037267081
6.0,4.0,16.0,0.3,0.1,0.8,4.0,635.0,0.0,0.0,0.4409448818897638
6.0,4.0,17.0,0.3,0.1,0.8,4.0,620.0,0.0,0.0,0.4403225806451613
6.0,4.0,18.0,0.3,0.1,0.8,4.0,603.0,0.0,0.0,0.4444444444444444
6.0,4.0,19.0,0.3,0.1,0.8,4.0,605.0,0.0,0.0,0.44297520661157025
6.0,4.0,20.0,0.3,0.1,0.8,4.0,1034.0,0.0,0.0,0.2572533849129594
6.0,4.0,21.0,0.3,0.1,0.8,4.0,973.0,0.0,0.0,0.2579650565262076
6.0,4.0,22.0,0.3,0.1,0.8,4.0,968.0,0.0,0.0,0.2572314049586777
6.0,4.0,23.0,0.3,0.1,0.8,4.0,931.0,0.0,0.0,0.2577873254564984
6.0,4.0,24.0,0.3,0.1,0.8,4.0,925.0,0.0,0.0,0.2572972972972973
6.0,4.0,25.0,0.3,0.1,0.8,4.0,909.0,0.0,0.0,0.25742574257425743
6.0,4.0,26.0,0.3,0.1,0.8,4.0,869.0,0.0,0.0,0.2612197928653625
6.0,4.0,27.0,0.3,0.1,0.8,4.0,858.0,0.0,0.0,0.26223776223776224
6.0,4.0,28.0,0.3,0.1,0.8,4.0,849.0,0.0,0.0,0.26148409893992935
6.0,4.0,29.0,0.3,0.1,0.8,4.0,823.0,0.0,0.0,0.267314702308627
6.0,4.0,30.0,0.3,0.1,0.8,4.0,821.0,0.0,0.0,0.26552984165651644
6.0,4.0,31.0,0.3,0.1,0.8,4.0,820.0,0.0,0.0,0.2646341463414634
6.0,4.0,32.0,0.3,0.1,0.8,4.0,816.0,0.0,0.0,0.2647058823529412
6.0,4.0,33.0,0.3,0.1,0.8,4.0,809.0,0.0,0.0,0.2657601977750309
6.0,4.0,34.0,0.3,0.1,0.8,4.0,786.0,0.0,0.0,0.26463104325699743
6.0,4.0,35.0,0.3,0.1,0.8,4.0,780.0,0.0,0.0,0.2641025641025641
6.0,4.0,36.0,0.3,0.1,0.8,4.0,756.0,0.0,0.0,0.2671957671957672
6.0,4.0,37.0,0.3,0.1,0.8,4.0,753.0,0.0,0.0,0.2656042496679947
6.0,4.0,38.0,0.3,0.1,0.8,4.0,749.0,0.0,0.0,0.2643524699599466
6.0,4.0,39.0,0.3,0.1,0.8,4.0,721.0,0.0,0.0,0.26629680998613037
6.0,4.0,40.0,0.3,0.1,0.8,4.0,718.0,0.0,0.0,0.266016713091922
6.0,4.0,41.0,0.3,0.1,0.8,4.0,703.0,0.0,0.0,0.26458036984352773
6.0,4.0,42.0,0.3,0.1,0.8,4.0,688.0,0.0,0.0,0.27180232558139533
6.0,4.0,43.0,0.3,0.1,0.8,4.0,684.0,0.0,0.0,0.27046783625730997
6.0,4.0,44.0,0.3,0.1,0.8,4.0,674.0,0.0,0.0,0.27299703264094954
6.0,4.0,45.0,0.3,0.1,0.8,4.0,671.0,0.0,0.0,0.4232488822652757
6.0,4.0,46.0,0.3,0.1,0.8,4.0,665.0,0.0,0.0,0.4255639097744361
6.0,4.0,47.0,0.3,0.1,0.8,4.0,664.0,0.0,0.0,0.42319277108433734
6.0,4.0,48.0,0.3,0.1,0.8,4.0,663.0,0.0,0.0,0.4238310708898944
6.0,4.0,49.0,0.3,0.1,0.8,4.0,653.0,0.0,0.0,0.41960183767228176
6.0,4.0,50.0,0.3,0.1,0.8,4.0,649.0,0.0,0.0,0.4206471494607088
6.0,4.0,51.0,0.3,0.1,0.8,4.0,643.0,0.0,0.0,0.416796267496112
6.0,4.0,52.0,0.3,0.1,0.8,4.0,639.0,0.0,0.0,0.41784037558685444
6.0,5.0,1.0,0.3,0.1,0.8,4.0,635.0,0.0,0.0,0.4125984251968504
6.0,5.0,2.0,0.3,0.1,0.8,4.0,630.0,0.0,0.0,0.4126984126984127
6.0,5.0,3.0,0.3,0.1,0.8,4.0,627.0,0.0,0.0,0.4082934609250399
6.0,5.0,4.0,0.3,0.1,0.8,4.0,612.0,0.0,0.0,0.41013071895424835
6.0,5.0,5.0,0.3,0.1,0.8,4.0,607.0,0.0,0.0,0.41186161449752884
6.0,5.0,6.0,0.3,0.1,0.8,4.0,604.0,0.0,0.0,0.41225165562913907
6.0,5.0,7.0,0.3,0.1,0.8,4.0,600.0,0.0,0.0,0.41
6.0,5.0,8.0,0.3,0.1,0.8,4.0,595.0,0.0,0.0,0.4134453781512605
6.0,5.0,9.0,0.3,0.1,0.8,4.0,591.0,0.0,0.0,0.40947546531302875
6.0,5.0,10.0,0.3,0.1,0.8,4.0,591.0,0.0,0.0,0.4128595600676819
6.0,5.0,11.0,0.3,0.1,0.8,4.0,584.0,0.0,0.0,0.4092465753424658
6.0,5.0,12.0,0.3,0.1,0.8,4.0,585.0,0.0,0.0,0.41025641025641024
6.0,5.0,13.0,0.3,0.1,0.8,4.0,580.0,0.0,0.0,0.4086206896551724
6.0,5.0,14.0,0.3,0.1,0.8,4.0,579.0,0.0,0.0,0.4075993091537133
6.0,5.0,15.0,0.3,0.1,0.8,4.0,572.0,0.0,0.0,0.4090909090909091
6.0,5.0,16.0,0.3,0.1,0.8,4.0,559.0,0.0,0.0,0.4186046511627907
6.0,5.0,17.0,0.3,0.1,0.8,4.0,552.0,0.0,0.0,0.42028985507246375
6.0,5.0,18.0,0.3,0.1,0.8,4.0,554.0,0.0,0.0,0.42057761732851984
6.0,5.0,19.0,0.3,0.1,0.8,4.0,549.0,0.0,0.0,0.41894353369763204
6.0,5.0,20.0,0.3,0.1,0.8,4.0,1031.0,0.0,0.0,0.22405431619786614
6.0,5.0,21.0,0.3,0.1,0.8,4.0,976.0,0.0,0.0,0.22745901639344263
6.0,5.0,22.0,0.3,0.1,0.8,4.0,967.0,0.0,0.0,0.2264736297828335
6.0,5.0,23.0,0.3,0.1,0.8,4.0,962.0,0.0,0.0,0.22557172557172558
6.0,5.0,24.0,0.3,0.1,0.8,4.0,947.0,0.0,0.0,0.22703273495248152
6.0,5.0,25.0,0.3,0.1,0.8,4.0,902.0,0.0,0.0,0.229490022172949
6.0,5.0,26.0,0.3,0.1,0.8,4.0,851.0,0.0,0.0,0.22679200940070504
6.0,5.0,27.0,0.3,0.1,0.8,4.0,826.0,0.0,0.0,0.22639225181598063
6.0,5.0,28.0,0.3,0.1,0.8,4.0,796.0,0.0,0.0,0.228643216080402
6.0,5.0,29.0,0.3,0.1,0.8,4.0,765.0,0.0,0.0,0.23137254901960785
6.0,5.0,30.0,0.3,0.1,0.8,4.0,772.0,0.0,0.0,0.23316062176165803
6.0,5.0,31.0,0.3,0.1,0.8,4.0,754.0,0.0,0.0,0.23474801061007958
6.0,5.0,32.0,0.3,0.1,0.8,4.0,755.0,0.0,0.0,0.23576158940397351
6.0,5.0,33.0,0.3,0.1,0.8,4.0,744.0,0.0,0.0,0.23387096774193547
6.0,5.0,34.0,0.3,0.1,0.8,4.0,746.0,0.0,0.0,0.2359249329758713
6.0,5.0,35.0,0.3,0.1,0.8,4.0,738.0,0.0,0.0,0.23441734417344173
6.0,5.0,36.0,0.3,0.1,0.8,4.0,725.0,0.0,0.0,0.23724137931034484
6.0,5.0,37.0,0.3,0.1,0.8,4.0,715.0,0.0,0.0,0.23496503496503496
6.0,5.0,38.0,0.3,0.1,0.8,4.0,701.0,0.0,0.0,0.23680456490727533
6.0,5.0,39.0,0.3,0.1,0.8,4.0,674.0,0.0,0.0,0.2403560830860534
6.0,5.0,40.0,0.3,0.1,0.8,4.0,658.0,0.0,0.0,0.24772036474164133
6.0,5.0,41.0,0.3,0.1,0.8,4.0,647.0,0.0,0.0,0.24574961360123648
6.0,5.0,42.0,0.3,0.1,0.8,4.0,652.0,0.0,0.0,0.2469325153374233
6.0,5.0,43.0,0.3,0.1,0.8,4.0,641.0,0.0,0.0,0.24804992199687986
6.0,5.0,44.0,0.3,0.1,0.8,4.0,628.0,0.0,0.0,0.2531847133757962
6.0,5.0,45.0,0.3,0.1,0.8,4.0,606.0,0.0,0.0,0.4141914191419142
6.0,5.0,46.0,0.3,0.1,0.8,4.0,609.0,0.0,0.0,0.41379310344827586
6.0,5.0,47.0,0.3,0.1,0.8,4.0,605.0,0.0,0.0,0.4132231404958678
6.0,5.0,48.0,0.3,0.1,0.8,4.0,607.0,0.0,0.0,0.4135090609555189
6.0,5.0,49.0,0.3,0.1,0.8,4.0,595.0,0.0,0.0,0.4134453781512605
6.0,5.0,50.0,0.3,0.1,0.8,4.0,601.0,0.0,0.0,0.41430948419301167
6.0,5.0,51.0,0.3,0.1,0.8,4.0,584.0,0.0,0.0,0.4143835616438356
6.0,5.0,52.0,0.3,0.1,0.8,4.0,575.0,0.0,0.0,0.41043478260869565
6.0,6.0,1.0,0.3,0.1,0.8,4.0,567.0,0.0,0.0,0.4074074074074074
6.0,6.0,2.0,0.3,0.1,0.8,4.0,568.0,0.0,0.0,0.40669014084507044
6.0,6.0,3.0,0.3,0.1,0.8,4.0,560.0,0.0,0.0,0.4035714285714286
6.0,6.0,4.0,0.3,0.1,0.8,4.0,557.0,0.0,0.0,0.40394973070017953
6.0,6.0,5.0,0.3,0.1,0.8,4.0,545.0,0.0,0.0,0.4036697247706422
6.0,6.0,6.0,0.3,0.1,0.8,4.0,545.0,0.0,0.0,0.4018348623853211
6.0,6.0,7.0,0.3,0.1,0.8,4.0,538.0,0.0,0.0,0.4033457249070632
6.0,6.0,8.0,0.3,0.1,0.8,4.0,538.0,0.0,0.0,0.40148698884758366
6.0,6.0,9.0,0.3,0.1,0.8,4.0,533.0,0.0,0.0,0.40150093808630394
6.0,6.0,10.0,0.3,0.1,0.8,4.0,531.0,0.0,0.0,0.4048964218455744
6.0,6.0,11.0,0.3,0.1,0.8,4.0,526.0,0.0,0.0,0.4011406844106464
6.0,6.0,12.0,0.3,0.1,0.8,4.0,526.0,0.0,0.0,0.40304182509505704
6.0,6.0,13.0,0.3,0.1,0.8,4.0,522.0,0.0,0.0,0.4003831417624521
6.0,6.0,14.0,0.3,0.1,0.8,4.0,518.0,0.0,0.0,0.40540540540540543
6.0,6.0,15.0,0.3,0.1,0.8,4.0,507.0,0.0,0.0,0.40828402366863903
6.0,6.0,16.0,0.3,0.1,0.8,4.0,506.0,0.0,0.0,0.4090909090909091
6.0,6.0,17.0,0.3,0.1,0.8,4.0,498.0,0.0,0.0,0.40562248995983935
6.0,6.0,18.0,0.3,0.1,0.8,4.0,498.0,0.0,0.0,0.40562248995983935
6.0,6.0,19.0,0.3,0.1,0.8,4.0,492.0,0.0,0.0,0.4024390243902439
6.0,6.0,20.0,0.3,0.1,0.8,4.0,878.0,0.0,0.0,0.2266514806378132
6.0,6.0,21.0,0.3,0.1,0.8,4.0,831.0,0.0,0.0,0.22623345367027678
6.0,6.0,22.0,0.3,0.1,0.8,4.0,807.0,0.0,0.0,0.22924411400247832
6.0,6.0,23.0,0.3,0.1,0.8,4.0,797.0,0.0,0.0,0.22961104140526975
6.0,6.0,24.0,0.3,0.1,0.8,4.0,799.0,0.0,0.0,0.22903629536921152
6.0,6.0,25.0,0.3,0.1,0.8,4.0,772.0,0.0,0.0,0.2266839378238342
6.0,6.0,26.0,0.3,0.1,0.8,4.0,758.0,0.0,0.0,0.22955145118733508
6.0,6.0,27.0,0.3,0.1,0.8,4.0,749.0,0.0,0.0,0.23230974632843793
6.0,6.0,28.0,0.3,0.1,0.8,4.0,741.0,0.0,0.0,0.23481781376518218
6.0,6.0,29.0,0.3,0.1,0.8,4.0,724.0,0.0,0.0,0.23342541436464087
6.0,6.0,30.0,0.3,0.1,0.8,4.0,713.0,0.0,0.0,0.2314165497896213
6.0,6.0,31.0,0.3,0.1,0.8,4.0,697.0,0.0,0.0,0.23385939741750358
6.0,6.0,32.0,0.3,0.1,0.8,4.0,692.0,0.0,0.0,0.23265895953757226
6.0,6.0,33.0,0.3,0.1,0.8,4.0,668.0,0.0,0.0,0.23502994011976047
6.0,6.0,34.0,0.3,0.1,0.8,4.0,669.0,0.0,0.0,0.23168908819133036
6.0,6.0,35.0,0.3,0.1,0.8,4.0,665.0,0.0,0.0,0.23157894736842105
6.0,6.0,36.0,0.3,0.1,0.8,4.0,641.0,0.0,0.0,0.22776911076443057
6.0,6.0,37.0,0.3,0.1,0.8,4.0,631.0,0.0,0.0,0.23137876386687797
6.0,6.0,38.0,0.3,0.1,0.8,4.0,601.0,0.0,0.0,0.23460898502495842
6.0,6.0,39.0,0.3,0.1,0.8,4.0,592.0,0.0,0.0,0.23648648648648649
6.0,6.0,40.0,0.3,0.1,0.8,4.0,592.0,0.0,0.0,0.23648648648648649
6.0,6.0,41.0,0.3,0.1,0.8,4.0,576.0,0.0,0.0,0.23958333333333334
6.0,6.0,42.0,0.3,0.1,0.8,4.0,575.0,0.0,0.0,0.24
6.0,6.0,43.0,0.3,0.1,0.8,4.0,566.0,0.0,0.0,0.24028268551236748
6.0,6.0,44.0,0.3,0.1,0.8,4.0,568.0,0.0,0.0,0.23591549295774647
6.0,6.0,45.0,0.3,0.1,0.8,4.0,543.0,0.0,0.0,0.3996316758747698
6.0,6.0,46.0,0.3,0.1,0.8,4.0,540.0,0.0,0.0,0.39814814814814814
6.0,6.0,47.0,0.3,0.1,0.8,4.0,521.0,0.0,0.0,0.40307101727447214
6.0,6.0,48.0,0.3,0.1,0.8,4.0,517.0,0.0,0.0,0.40038684719535783
6.0,6.0,49.0,0.3,0.1,0.8,4.0,508.0,0.0,0.0,0.39960629921259844
6.0,6.0,50.0,0.3,0.1,0.8,4.0,489.0,0.0,0.0,0.40081799591002043
6.0,6.0,51.0,0.3,0.1,0.8,4.0,483.0,0.0,0.0,0.40372670807453415
6.0,6.0,52.0,0.3,0.1,0.8,4.0,484.0,0.0,0.0,0.40082644628099173
6.0,7.0,1.0,0.3,0.1,0.8,4.0,480.0,0.0,0.0,0.4
6.0,7.0,2.0,0.3,0.1,0.8,4.0,479.0,0.0,0.0,0.3966597077244259
6.0,7.0,3.0,0.3,0.1,0.8,4.0,477.0,0.0,0.0,0.39832285115303984
6.0,7.0,4.0,0.3,0.1,0.8,4.0,445.0,0.0,0.0,0.4067415730337079
6.0,7.0,5.0,0.3,0.1,0.8,4.0,442.0,0.0,0.0,0.4095022624434389
6.0,7.0,6.0,0.3,0.1,0.8,4.0,443.0,0.0,0.0,0.40632054176072235
6.0,7.0,7.0,0.3,0.1,0.8,4.0,440.0,0.0,0.0,0.4068181818181818
6.0,7.0,8.0,0.3,0.1,0.8,4.0,438.0,0.0,0.0,0.4063926940639269
6.0,7.0,9.0,0.3,0.1,0.8,4.0,434.0,0.0,0.0,0.4078341013824885
6.0,7.0,10.0,0.3,0.1,0.8,4.0,433.0,0.0,0.0,0.40877598152424943
6.0,7.0,11.0,0.3,0.1,0.8,4.0,430.0,0.0,0.0,0.40930232558139534
6.0,7.0,12.0,0.3,0.1,0.8,4.0,429.0,0.0,0.0,0.40559440559440557
6.0,7.0,13.0,0.3,0.1,0.8,4.0,425.0,0.0,0.0,0.40705882352941175
6.0,7.0,14.0,0.3,0.1,0.8,4.0,424.0,0.0,0.0,0.4056603773584906
6.0,7.0,15.0,0.3,0.1,0.8,4.0,417.0,0.0,0.0,0.41007194244604317
6.0,7.0,16.0,0.3,0.1,0.8,4.0,418.0,0.0,0.0,0.41148325358851673
6.0,7.0,17.0,0.3,0.1,0.8,4.0,415.0,0.0,0.0,0.41204819277108434
6.0,7.0,18.0,0.3,0.1,0.8,4.0,414.0,0.0,0.0,0.41304347826086957
6.0,7.0,19.0,0.3,0.1,0.8,4.0,413.0,0.0,0.0,0.4116222760290557
6.0,7.0,20.0,0.3,0.1,0.8,4.0,694.0,0.0,0.0,0.23631123919308358
6.0,7.0,21.0,0.3,0.1,0.8,4.0,675.0,0.0,0.0,0.23703703703703705
6.0,7.0,22.0,0.3,0.1,0.8,4.0,667.0,0.0,0.0,0.2368815592203898
6.0,7.0,23.0,0.3,0.1,0.8,4.0,661.0,0.0,0.0,0.23600605143721634
6.0,7.0,24.0,0.3,0.1,0.8,4.0,654.0,0.0,0.0,0.2400611620795107
6.0,7.0,25.0,0.3,0.1,0.8,4.0,617.0,0.0,0.0,0.23987034035656402
6.0,7.0,26.0,0.3,0.1,0.8,4.0,611.0,0.0,0.0,0.23895253682487724
6.0,7.0,27.0,0.3,0.1,0.8,4.0,605.0,0.0,0.0,0.2396694214876033
6.0,7.0,28.0,0.3,0.1,0.8,4.0,568.0,0.0,0.0,0.24471830985915494
6.0,7.0,29.0,0.3,0.1,0.8,4.0,564.0,0.0,0.0,0.24645390070921985
6.0,7.0,30.0,0.3,0.1,0.8,4.0,568.0,0.0,0.0,0.24471830985915494
6.0,7.0,31.0,0.3,0.1,0.8,4.0,563.0,0.0,0.0,0.24511545293072823
6.0,7.0,32.0,0.3,0.1,0.8,4.0,557.0,0.0,0.0,0.23877917414721722
6.0,7.0,33.0,0.3,0.1,0.8,4.0,520.0,0.0,0.0,0.24615384615384617
6.0,7.0,34.0,0.3,0.1,0.8,4.0,518.0,0.0,0.0,0.2471042471042471
6.0,7.0,35.0,0.3,0.1,0.8,4.0,482.0,0.0,0.0,0.25311203319502074
6.0,7.0,36.0,0.3,0.1,0.8,4.0,469.0,0.0,0.0,0.2537313432835821
6.0,7.0,37.0,0.3,0.1,0.8,4.0,465.0,0.0,0.0,0.25591397849462366
6.0,7.0,38.0,0.3,0.1,0.8,4.0,451.0,0.0,0.0,0.2572062084257206
6.0,7.0,39.0,0.3,0.1,0.8,4.0,447.0,0.0,0.0,0.25727069351230425
6.0,7.0,40.0,0.3,0.1,0.8,4.0,445.0,0.0,0.0,0.25842696629213485
6.0,7.0,41.0,0.3,0.1,0.8,4.0,437.0,0.0,0.0,0.2631578947368421
6.0,7.0,42.0,0.3,0.1,0.8,4.0,440.0,0.0,0.0,0.26136363636363635
6.0,7.0,43.0,0.3,0.1,0.8,4.0,436.0,0.0,0.0,0.26146788990825687
6.0,7.0,44.0,0.3,0.1,0.8,4.0,437.0,0.0,0.0,0.2608695652173913
6.0,7.0,45.0,0.3,0.1,0.8,4.0,426.0,0.0,0.0,0.4154929577464789
6.0,7.0,46.0,0.3,0.1,0.8,4.0,427.0,0.0,0.0,0.41217798594847777
6.0,7.0,47.0,0.3,0.1,0.8,4.0,426.0,0.0,0.0,0.4154929577464789
6.0,7.0,48.0,0.3,0.1,0.8,4.0,425.0,0.0,0.0,0.40941176470588236
6.0,7.0,49.0,0.3,0.1,0.8,4.0,424.0,0.0,0.0,0.41273584905660377
6.0,7.0,50.0,0.3,0.1,0.8,4.0,425.0,0.0,0.0,0.40941176470588236
6.0,7.0,51.0,0.3,0.1,0.8,4.0,421.0,0.0,0.0,0.41330166270783847
6.0,7.0,52.0,0.3,0.1,0.8,4.0,422.0,0.0,0.0,0.4099526066350711
6.0,8.0,1.0,0.3,0.1,0.8,4.0,419.0,0.0,0.0,0.4128878281622912
6.0,8.0,2.0,0.3,0.1,0.8,4.0,419.0,0.0,0.0,0.4105011933174224
6.0,8.0,3.0,0.3,0.1,0.8,4.0,417.0,0.0,0.0,0.4148681055155875
6.0,8.0,4.0,0.3,0.1,0.8,4.0,418.0,0.0,0.0,0.41148325358851673
6.0,8.0,5.0,0.3,0.1,0.8,4.0,414.0,0.0,0.0,0.4178743961352657
6.0,8.0,6.0,0.3,0.1,0.8,4.0,416.0,0.0,0.0,0.41346153846153844
6.0,8.0,7.0,0.3,0.1,0.8,4.0,412.0,0.0,0.0,0.4199029126213592
6.0,8.0,8.0,0.3,0.1,0.8,4.0,414.0,0.0,0.0,0.41545893719806765
6.0,8.0,9.0,0.3,0.1,0.8,4.0,411.0,0.0,0.0,0.4209245742092457
6.0,8.0,10.0,0.3,0.1,0.8,4.0,412.0,0.0,0.0,0.4174757281553398
6.0,8.0,11.0,0.3,0.1,0.8,4.0,410.0,0.0,0.0,0.4219512195121951
6.0,8.0,12.0,0.3,0.1,0.8,4.0,409.0,0.0,0.0,0.42053789731051344
6.0,8.0,13.0,0.3,0.1,0.8,4.0,407.0,0.0,0.0,0.4250614250614251
6.0,8.0,14.0,0.3,0.1,0.8,4.0,406.0,0.0,0.0,0.4211822660098522
6.0,8.0,15.0,0.3,0.1,0.8,4.0,403.0,0.0,0.0,0.4267990074441687
6.0,8.0,16.0,0.3,0.1,0.8,4.0,403.0,0.0,0.0,0.42431761786600497
6.0,8.0,17.0,0.3,0.1,0.8,4.0,401.0,0.0,0.0,0.42643391521197005
6.0,8.0,18.0,0.3,0.1,0.8,4.0,401.0,0.0,0.0,0.4239401496259352
6.0,8.0,19.0,0.3,0.1,0.8,4.0,401.0,0.0,0.0,0.42643391521197005
6.0,8.0,20.0,0.3,0.1,0.8,4.0,690.0,0.0,0.0,0.2463768115942029
6.0,8.0,21.0,0.3,0.1,0.8,4.0,690.0,0.0,0.0,0.24782608695652175
6.0,8.0,22.0,0.3,0.1,0.8,4.0,686.0,0.0,0.0,0.2478134110787172
6.0,8.0,23.0,0.3,0.1,0.8,4.0,687.0,0.0,0.0,0.24890829694323144
6.0,8.0,24.0,0.3,0.1,0.8,4.0,655.0,0.0,0.0,0.25190839694656486
6.0,8.0,25.0,0.3,0.1,0.8,4.0,644.0,0.0,0.0,0.2531055900621118
6.0,8.0,26.0,0.3,0.1,0.8,4.0,631.0,0.0,0.0,0.2551505546751189
6.0,8.0,27.0,0.3,0.1,0.8,4.0,608.0,0.0,0.0,0.2582236842105263
6.0,8.0,28.0,0.3,0.1,0.8,4.0,596.0,0.0,0.0,0.25838926174496646
6.0,8.0,29.0,0.3,0.1,0.8,4.0,573.0,0.0,0.0,0.26527050610820246
6.0,8.0,30.0,0.3,0.1,0.8,4.0,572.0,0.0,0.0,0.263986013986014
6.0,8.0,31.0,0.3,0.1,0.8,4.0,572.0,0.0,0.0,0.263986013986014
6.0,8.0,32.0,0.3,0.1,0.8,4.0,561.0,0.0,0.0,0.26559714795008915
6.0,8.0,33.0,0.3,0.1,0.8,4.0,550.0,0.0,0.0,0.2672727272727273
6.0,8.0,34.0,0.3,0.1,0.8,4.0,550.0,0.0,0.0,0.2672727272727273
6.0,8.0,35.0,0.3,0.1,0.8,4.0,550.0,0.0,0.0,0.2672727272727273
6.0,8.0,36.0,0.3,0.1,0.8,4.0,550.0,0.0,0.0,0.2672727272727273
6.0,8.0,37.0,0.3,0.1,0.8,4.0,538.0,0.0,0.0,0.26765799256505574
6.0,8.0,38.0,0.3,0.1,0.8,4.0,538.0,0.0,0.0,0.26765799256505574
6.0,8.0,39.0,0.3,0.1,0.8,4.0,538.0,0.0,0.0,0.26765799256505574
6.0,8.0,40.0,0.3,0.1,0.8,4.0,538.0,0.0,0.0,0.26765799256505574
6.0,8.0,41.0,0.3,0.1,0.8,4.0,538.0,0.0,0.0,0.26765799256505574
6.0,8.0,42.0,0.3,0.1,0.8,4.0,538.0,0.0,0.0,0.26765799256505574
6.0,8.0,43.0,0.3,0.1,0.8,4.0,538.0,0.0,0.0,0.26765799256505574
6.0,8.0,44.0,0.3,0.1,0.8,4.0,538.0,0.0,0.0,0.26765799256505574
6.0,8.0,45.0,0.3,0.1,0.8,4.0,527.0,0.0,0.0,0.45540796963946867
6.0,8.0,46.0,0.3,0.1,0.8,4.0,527.0,0.0,0.0,0.45351043643263755
6.0,8.0,47.0,0.3,0.1,0.8,4.0,527.0,0.0,0.0,0.45540796963946867
6.0,8.0,48.0,0.3,0.1,0.8,4.0,514.0,0.0,0.0,0.4474708171206226
6.0,8.0,49.0,0.3,0.1,0.8,4.0,514.0,0.0,0.0,0.4494163424124514
6.0,8.0,50.0,0.3,0.1,0.8,4.0,514.0,0.0,0.0,0.4474708171206226
6.0,8.0,51.0,0.3,0.1,0.8,4.0,512.0,0.0,0.0,0.447265625
6.0,8.0,52.0,0.3,0.1,0.8,4.0,514.0,0.0,0.0,0.4474708171206226
6.0,9.0,1.0,0.3,0.1,0.8,4.0,512.0,0.0,0.0,0.44921875
6.0,9.0,2.0,0.3,0.1,0.8,4.0,510.0,0.0,0.0,0.44509803921568625
6.0,9.0,3.0,0.3,0.1,0.8,4.0,509.0,0.0,0.0,0.449901768172888
6.0,9.0,4.0,0.3,0.1,0.8,4.0,508.0,0.0,0.0,0.4468503937007874
6.0,9.0,5.0,0.3,0.1,0.8,4.0,507.0,0.0,0.0,0.4516765285996055
6.0,9.0,6.0,0.3,0.1,0.8,4.0,504.0,0.0,0.0,0.4503968253968254
6.0,9.0,7.0,0.3,0.1,0.8,4.0,505.0,0.0,0.0,0.4534653465346535
6.0,9.0,8.0,0.3,0.1,0.8,4.0,504.0,0.0,0.0,0.4503968253968254
6.0,9.0,9.0,0.3,0.1,0.8,4.0,503.0,0.0,0.0,0.45129224652087474
6.0,9.0,10.0,0.3,0.1,0.8,4.0,500.0,0.0,0.0,0.454
6.0,9.0,11.0,0.3,0.1,0.8,4.0,497.0,0.0,0.0,0.4567404426559356
6.0,9.0,12.0,0.3,0.1,0.8,4.0,484.0,0.0,0.0,0.45867768595041325
6.0,9.0,13.0,0.3,0.1,0.8,4.0,482.0,0.0,0.0,0.46265560165975106
6.0,9.0,14.0,0.3,0.1,0.8,4.0,483.0,0.0,0.0,0.45962732919254656
6.0,9.0,15.0,0.3,0.1,0.8,4.0,478.0,0.0,0.0,0.4665271966527197
6.0,9.0,16.0,0.3,0.1,0.8,4.0,479.0,0.0,0.0,0.46346555323590816
6.0,9.0,17.0,0.3,0.1,0.8,4.0,476.0,0.0,0.0,0.46638655462184875
6.0,9.0,18.0,0.3,0.1,0.8,4.0,478.0,0.0,0.0,0.46443514644351463
6.0,9.0,19.0,0.3,0.1,0.8,4.0,476.0,0.0,0.0,0.46638655462184875
6.0,9.0,20.0,0.3,0.1,0.8,4.0,869.0,0.0,0.0,0.24626006904487918
6.0,9.0,21.0,0.3,0.1,0.8,4.0,833.0,0.0,0.0,0.24489795918367346
6.0,9.0,22.0,0.3,0.1,0.8,4.0,838.0,0.0,0.0,0.24343675417661098
6.0,9.0,23.0,0.3,0.1,0.8,4.0,794.0,0.0,0.0,0.24811083123425692
6.0,9.0,24.0,0.3,0.1,0.8,4.0,788.0,0.0,0.0,0.24746192893401014
6.0,9.0,25.0,0.3,0.1,0.8,4.0,756.0,0.0,0.0,0.25132275132275134
6.0,9.0,26.0,0.3,0.1,0.8,4.0,752.0,0.0,0.0,0.25132978723404253
6.0,9.0,27.0,0.3,0.1,0.8,4.0,743.0,0.0,0.0,0.2543741588156124
6.0,9.0,28.0,0.3,0.1,0.8,4.0,738.0,0.0,0.0,0.25203252032520324
6.0,9.0,29.0,0.3,0.1,0.8,4.0,729.0,0.0,0.0,0.2551440329218107
6.0,9.0,30.0,0.3,0.1,0.8,4.0,739.0,0.0,0.0,0.2530446549391069
6.0,9.0,31.0,0.3,0.1,0.8,4.0,724.0,0.0,0.0,0.25828729281767954
6.0,9.0,32.0,0.3,0.1,0.8,4.0,731.0,0.0,0.0,0.253077975376197
6.0,9.0,33.0,0.3,0.1,0.8,4.0,724.0,0.0,0.0,0.25828729281767954
6.0,9.0,34.0,0.3,0.1,0.8,4.0,731.0,0.0,0.0,0.253077975376197
6.0,9.0,35.0,0.3,0.1,0.8,4.0,711.0,0.0,0.0,0.25738396624472576
6.0,9.0,36.0,0.3,0.1,0.8,4.0,715.0,0.0,0.0,0.25314685314685315
6.0,9.0,37.0,0.3,0.1,0.8,4.0,695.0,0.0,0.0,0.25755395683453236
6.0,9.0,38.0,0.3,0.1,0.8,4.0,690.0,0.0,0.0,0.2536231884057971
6.0,9.0,39.0,0.3,0.1,0.8,4.0,670.0,0.0,0.0,0.25970149253731345
6.0,9.0,40.0,0.3,0.1,0.8,4.0,663.0,0.0,0.0,0.2564102564102564
6.0,9.0,41.0,0.3,0.1,0.8,4.0,656.0,0.0,0.0,0.2621951219512195
6.0,9.0,42.0,0.3,0.1,0.8,4.0,664.0,0.0,0.0,0.2575301204819277
6.0,9.0,43.0,0.3,0.1,0.8,4.0,655.0,0.0,0.0,0.26106870229007634
6.0,9.0,44.0,0.3,0.1,0.8,4.0,651.0,0.0,0.0,0.25960061443932414
6.0,9.0,45.0,0.3,0.1,0.8,4.0,642.0,0.0,0.0,0.4143302180685358
6.0,9.0,46.0,0.3,0.1,0.8,4.0,651.0,0.0,0.0,0.4116743471582181
6.0,9.0,47.0,0.3,0.1,0.8,4.0,645.0,0.0,0.0,0.413953488372093
6.0,9.0,48.0,0.3,0.1,0.8,4.0,650.0,0.0,0.0,0.4123076923076923
6.0,9.0,49.0,0.3,0.1,0.8,4.0,641.0,0.0,0.0,0.41497659906396256
6.0,9.0,50.0,0.3,0.1,0.8,4.0,650.0,0.0,0.0,0.4123076923076923
6.0,9.0,51.0,0.3,0.1,0.8,4.0,646.0,0.0,0.0,0.4148606811145511
6.0,9.0,52.0,0.3,0.1,0.8,4.0,646.0,0.0,0.0,0.4148606811145511
6.0,10.0,1.0,0.3,0.1,0.8,4.0,646.0,0.0,0.0,0.41640866873065013
6.0,10.0,2.0,0.3,0.1,0.8,4.0,646.0,0.0,0.0,0.413312693498452
6.0,10.0,3.0,0.3,0.1,0.8,4.0,643.0,0.0,0.0,0.41835147744945567
6.0,10.0,4.0,0.3,0.1,0.8,4.0,628.0,0.0,0.0,0.41878980891719747
6.0,10.0,5.0,0.3,0.1,0.8,4.0,620.0,0.0,0.0,0.4258064516129032
6.0,10.0,6.0,0.3,0.1,0.8,4.0,621.0,0.0,0.0,0.4219001610305958
6.0,10.0,7.0,0.3,0.1,0.8,4.0,618.0,0.0,0.0,0.42718446601941745
6.0,10.0,8.0,0.3,0.1,0.8,4.0,615.0,0.0,0.0,0.42276422764227645
6.0,10.0,9.0,0.3,0.1,0.8,4.0,600.0,0.0,0.0,0.43
6.0,10.0,10.0,0.3,0.1,0.8,4.0,599.0,0.0,0.0,0.4273789649415693
6.0,10.0,11.0,0.3,0.1,0.8,4.0,595.0,0.0,0.0,0.43025210084033616
6.0,10.0,12.0,0.3,0.1,0.8,4.0,598.0,0.0,0.0,0.4280936454849498
6.0,10.0,13.0,0.3,0.1,0.8,4.0,593.0,0.0,0.0,0.4317032040472175
6.0,10.0,14.0,0.3,0.1,0.8,4.0,592.0,0.0,0.0,0.43074324324324326
6.0,10.0,15.0,0.3,0.1,0.8,4.0,575.0,0.0,0.0,0.43130434782608695
6.0,10.0,16.0,0.3,0.1,0.8,4.0,573.0,0.0,0.0,0.43106457242582896
6.0,10.0,17.0,0.3,0.1,0.8,4.0,572.0,0.0,0.0,0.43356643356643354
6.0,10.0,18.0,0.3,0.1,0.8,4.0,573.0,0.0,0.0,0.43106457242582896
6.0,10.0,19.0,0.3,0.1,0.8,4.0,572.0,0.0,0.0,0.43356643356643354
6.0,10.0,20.0,0.3,0.1,0.8,4.0,1037.0,0.0,0.0,0.22372227579556414
6.0,10.0,21.0,0.3,0.1,0.8,4.0,1011.0,0.0,0.0,0.2274975272007913
6.0,10.0,22.0,0.3,0.1,0.8,4.0,1014.0,0.0,0.0,0.22485207100591717
6.0,10.0,23.0,0.3,0.1,0.8,4.0,959.0,0.0,0.0,0.23253388946819603
6.0,10.0,24.0,0.3,0.1,0.8,4.0,938.0,0.0,0.0,0.232409381663113
6.0,10.0,25.0,0.3,0.1,0.8,4.0,921.0,0.0,0.0,0.23452768729641693
6.0,10.0,26.0,0.3,0.1,0.8,4.0,913.0,0.0,0.0,0.23329682365826945
6.0,10.0,27.0,0.3,0.1,0.8,4.0,906.0,0.0,0.0,0.23399558498896247
6.0,10.0,28.0,0.3,0.1,0.8,4.0,894.0,0.0,0.0,0.23154362416107382
6.0,10.0,29.0,0.3,0.1,0.8,4.0,862.0,0.0,0.0,0.23201856148491878
6.0,10.0,30.0,0.3,0.1,0.8,4.0,827.0,0.0,0.0,0.22974607013301088
6.0,10.0,31.0,0.3,0.1,0.8,4.0,795.0,0.0,0.0,0.23018867924528302
6.0,10.0,32.0,0.3,0.1,0.8,4.0,805.0,0.0,0.0,0.22981366459627328
6.0,10.0,33.0,0.3,0.1,0.8,4.0,784.0,0.0,0.0,0.23341836734693877
6.0,10.0,34.0,0.3,0.1,0.8,4.0,754.0,0.0,0.0,0.23474801061007958
6.0,10.0,35.0,0.3,0.1,0.8,4.0,728.0,0.0,0.0,0.23901098901098902
6.0,10.0,36.0,0.3,0.1,0.8,4.0,723.0,0.0,0.0,0.2392807745504841
6.0,10.0,37.0,0.3,0.1,0.8,4.0,702.0,0.0,0.0,0.245014245014245
6.0,10.0,38.0,0.3,0.1,0.8,4.0,723.0,0.0,0.0,0.2392807745504841
6.0,10.0,39.0,0.3,0.1,0.8,4.0,703.0,0.0,0.0,0.2460881934566145
6.0,10.0,40.0,0.3,0.1,0.8,4.0,722.0,0.0,0.0,0.23822714681440443
6.0,10.0,41.0,0.3,0.1,0.8,4.0,703.0,0.0,0.0,0.2460881934566145
6.0,10.0,42.0,0.3,0.1,0.8,4.0,700.0,0.0,0.0,0.24
6.0,10.0,43.0,0.3,0.1,0.8,4.0,681.0,0.0,0.0,0.24816446402349487
6.0,10.0,44.0,0.3,0.1,0.8,4.0,694.0,0.0,0.0,0.2420749279538905
6.0,10.0,45.0,0.3,0.1,0.8,4.0,682.0,0.0,0.0,0.4178885630498534
6.0,10.0,46.0,0.3,0.1,0.8,4.0,683.0,0.0,0.0,0.40995607613469986
6.0,10.0,47.0,0.3,0.1,0.8,4.0,677.0,0.0,0.0,0.413589364844904
6.0,10.0,48.0,0.3,0.1,0.8,4.0,677.0,0.0,0.0,0.413589364844904
6.0,10.0,49.0,0.3,0.1,0.8,4.0,667.0,0.0,0.0,0.41379310344827586
6.0,10.0,50.0,0.3,0.1,0.8,4.0,658.0,0.0,0.0,0.4088145896656535
6.0,10.0,51.0,0.3,0.1,0.8,4.0,653.0,0.0,0.0,0.41347626339969373
6.0,10.0,52.0,0.3,0.1,0.8,4.0,653.0,0.0,0.0,0.40888208269525267
7.0,1.0,1.0,0.3,0.1,0.8,4.0,5266.0,50.0,9.0,0.2987086973034561
7.0,1.0,2.0,0.3,0.1,0.8,4.0,5231.0,55.0,19.0,0.2974574651118333
7.0,1.0,3.0,0.3,0.1,0.8,4.0,5128.0,64.0,31.0,0.2958268330733229
7.0,1.0,4.0,0.3,0.1,0.8,4.0,5101.0,76.0,34.0,0.29641246814350125
7.0,1.0,5.0,0.3,0.1,0.8,4.0,5076.0,97.0,43.0,0.29511426319936956
7.0,1.0,6.0,0.3,0.1,0.8,4.0,4986.0,124.0,39.0,0.29703168872843966
7.0,1.0,7.0,0.3,0.1,0.8,4.0,4842.0,144.0,39.0,0.29636513837257333
7.0,1.0,8.0,0.3,0.1,0.8,4.0,4713.0,176.0,54.0,0.2974750689582007
7.0,1.0,9.0,0.3,0.1,0.8,4.0,4550.0,197.0,71.0,0.2986813186813187
7.0,1.0,10.0,0.3,0.1,0.8,4.0,4511.0,241.0,89.0,0.3001551762358679
7.0,1.0,11.0,0.3,0.1,0.8,4.0,4351.0,247.0,101.0,0.30383819811537577
7.0,1.0,12.0,0.3,0.1,0.8,4.0,4268.0,262.0,104.0,0.30599812558575445
7.0,1.0,13.0,0.3,0.1,0.8,4.0,4119.0,298.0,113.0,0.30978392813789757
7.0,1.0,14.0,0.3,0.1,0.8,4.0,3992.0,309.0,123.0,0.312374749498998
7.0,1.0,15.0,0.3,0.1,0.8,4.0,3854.0,335.0,152.0,0.3134405812143228
7.0,1.0,16.0,0.3,0.1,0.8,4.0,3792.0,345.0,167.0,0.314873417721519
7.0,1.0,17.0,0.3,0.1,0.8,4.0,3629.0,332.0,159.0,0.31964728575365114
7.0,1.0,18.0,0.3,0.1,0.8,4.0,3517.0,331.0,154.0,0.32328689223770257
7.0,1.0,19.0,0.3,0.1,0.8,4.0,3415.0,317.0,151.0,0.3306002928257687
7.0,1.0,20.0,0.3,0.1,0.8,4.0,6320.0,321.0,171.0,0.17658227848101266
7.0,1.0,21.0,0.3,0.1,0.8,4.0,5842.0,393.0,151.0,0.1826429305032523
7.0,1.0,22.0,0.3,0.1,0.8,4.0,5478.0,422.0,155.0,0.18565169769989048
7.0,1.0,23.0,0.3,0.1,0.8,4.0,5219.0,431.0,162.0,0.1898831193715271
7.0,1.0,24.0,0.3,0.1,0.8,4.0,4949.0,469.0,191.0,0.19458476459890886
7.0,1.0,25.0,0.3,0.1,0.8,4.0,4701.0,495.0,222.0,0.19931929376728355
7.0,1.0,26.0,0.3,0.1,0.8,4.0,4434.0,509.0,222.0,0.20275146594497068
7.0,1.0,27.0,0.3,0.1,0.8,4.0,4160.0,468.0,190.0,0.21033653846153846
7.0,1.0,28.0,0.3,0.1,0.8,4.0,3916.0,448.0,204.0,0.21756894790602654
7.0,1.0,29.0,0.3,0.1,0.8,4.0,3730.0,439.0,203.0,0.2225201072386059
7.0,1.0,30.0,0.3,0.1,0.8,4.0,3597.0,430.0,212.0,0.22796775090353072
7.0,1.0,31.0,0.3,0.1,0.8,4.0,3409.0,419.0,216.0,0.23789967732472866
7.0,1.0,32.0,0.3,0.1,0.8,4.0,3218.0,417.0,201.0,0.2442510876320696
7.0,1.0,33.0,0.3,0.1,0.8,4.0,2950.0,386.0,181.0,0.25457627118644066
7.0,1.0,34.0,0.3,0.1,0.8,4.0,2830.0,368.0,163.0,0.2628975265017668
7.0,1.0,35.0,0.3,0.1,0.8,4.0,2668.0,357.0,158.0,0.27023988005997
7.0,1.0,36.0,0.3,0.1,0.8,4.0,2538.0,345.0,153.0,0.2785657998423956
7.0,1.0,37.0,0.3,0.1,0.8,4.0,2425.0,328.0,167.0,0.28701030927835053
7.0,1.0,38.0,0.3,0.1,0.8,4.0,2326.0,324.0,157.0,0.29664660361135
7.0,1.0,39.0,0.3,0.1,0.8,4.0,2197.0,314.0,158.0,0.3086026399635867
7.0,1.0,40.0,0.3,0.1,0.8,4.0,2100.0,287.0,145.0,0.32047619047619047
7.0,1.0,41.0,0.3,0.1,0.8,4.0,2024.0,289.0,152.0,0.3310276679841897
7.0,1.0,42.0,0.3,0.1,0.8,4.0,1959.0,278.0,144.0,0.3374170495150587
7.0,1.0,43.0,0.3,0.1,0.8,4.0,1840.0,247.0,120.0,0.3532608695652174
7.0,1.0,44.0,0.3,0.1,0.8,4.0,1775.0,225.0,121.0,0.36338028169014086
7.0,1.0,45.0,0.3,0.1,0.8,4.0,1700.0,193.0,117.0,0.5170588235294118
7.0,1.0,46.0,0.3,0.1,0.8,4.0,1655.0,178.0,110.0,0.525679758308157
7.0,1.0,47.0,0.3,0.1,0.8,4.0,1566.0,141.0,91.0,0.5395913154533845
7.0,1.0,48.0,0.3,0.1,0.8,4.0,1515.0,113.0,63.0,0.5478547854785478
7.0,1.0,49.0,0.3,0.1,0.8,4.0,1474.0,100.0,58.0,0.5542740841248304
7.0,1.0,50.0,0.3,0.1,0.8,4.0,1412.0,83.0,43.0,0.5587818696883853
7.0,1.0,51.0,0.3,0.1,0.8,4.0,1373.0,74.0,44.0,0.5666423889293518
7.0,1.0,52.0,0.3,0.1,0.8,4.0,1341.0,65.0,37.0,0.5719612229679344
7.0,2.0,1.0,0.3,0.1,0.8,4.0,1314.0,54.0,33.0,0.578386605783866
7.0,2.0,2.0,0.3,0.1,0.8,4.0,1294.0,43.0,23.0,0.5834621329211747
7.0,2.0,3.0,0.3,0.1,0.8,4.0,1263.0,42.0,20.0,0.5898653998416469
7.0,2.0,4.0,0.3,0.1,0.8,4.0,1247.0,35.0,18.0,0.5942261427425822
7.0,2.0,5.0,0.3,0.1,0.8,4.0,1222.0,32.0,22.0,0.602291325695581
7.0,2.0,6.0,0.3,0.1,0.8,4.0,1213.0,30.0,20.0,0.6001648804616653
7.0,2.0,7.0,0.3,0.1,0.8,4.0,1188.0,20.0,14.0,0.6102693602693603
7.0,2.0,8.0,0.3,0.1,0.8,4.0,1179.0,17.0,7.0,0.6132315521628499
7.0,2.0,9.0,0.3,0.1,0.8,4.0,1168.0,13.0,7.0,0.6172945205479452
7.0,2.0,10.0,0.3,0.1,0.8,4.0,1162.0,12.0,7.0,0.6196213425129088
7.0,2.0,11.0,0.3,0.1,0.8,4.0,1153.0,15.0,9.0,0.619254119687771
7.0,2.0,12.0,0.3,0.1,0.8,4.0,1143.0,13.0,7.0,0.6229221347331584
7.0,2.0,13.0,0.3,0.1,0.8,4.0,1120.0,11.0,6.0,0.6241071428571429
7.0,2.0,14.0,0.3,0.1,0.8,4.0,1113.0,10.0,6.0,0.6253369272237197
7.0,2.0,15.0,0.3,0.1,0.8,4.0,1090.0,9.0,5.0,0.6229357798165137
7.0,2.0,16.0,0.3,0.1,0.8,4.0,1089.0,7.0,4.0,0.6225895316804407
7.0,2.0,17.0,0.3,0.1,0.8,4.0,1074.0,5.0,2.0,0.6210428305400373
7.0,2.0,18.0,0.3,0.1,0.8,4.0,1072.0,4.0,2.0,0.6222014925373134
7.0,2.0,19.0,0.3,0.1,0.8,4.0,1067.0,3.0,1.0,0.6223055295220243
7.0,2.0,20.0,0.3,0.1,0.8,4.0,1953.0,3.0,3.0,0.33947772657450076
7.0,2.0,21.0,0.3,0.1,0.8,4.0,1877.0,4.0,2.0,0.34203516249334043
7.0,2.0,22.0,0.3,0.1,0.8,4.0,1876.0,4.0,4.0,0.34168443496801704
7.0,2.0,23.0,0.3,0.1,0.8,4.0,1853.0,7.0,2.0,0.34214786832164057
7.0,2.0,24.0,0.3,0.1,0.8,4.0,1828.0,10.0,3.0,0.3435448577680525
7.0,2.0,25.0,0.3,0.1,0.8,4.0,1767.0,8.0,2.0,0.34295415959252973
7.0,2.0,26.0,0.3,0.1,0.8,4.0,1692.0,10.0,3.0,0.3486997635933806
7.0,2.0,27.0,0.3,0.1,0.8,4.0,1637.0,10.0,6.0,0.3481979230299328
7.0,2.0,28.0,0.3,0.1,0.8,4.0,1570.0,13.0,5.0,0.35095541401273883
7.0,2.0,29.0,0.3,0.1,0.8,4.0,1552.0,12.0,6.0,0.34600515463917525
7.0,2.0,30.0,0.3,0.1,0.8,4.0,1492.0,14.0,6.0,0.35187667560321717
7.0,2.0,31.0,0.3,0.1,0.8,4.0,1448.0,15.0,8.0,0.35220994475138123
7.0,2.0,32.0,0.3,0.1,0.8,4.0,1387.0,13.0,5.0,0.3597692862292718
7.0,2.0,33.0,0.3,0.1,0.8,4.0,1367.0,11.0,3.0,0.3584491587417703
7.0,2.0,34.0,0.3,0.1,0.8,4.0,1333.0,12.0,3.0,0.36159039759939987
7.0,2.0,35.0,0.3,0.1,0.8,4.0,1313.0,15.0,5.0,0.3617669459253618
7.0,2.0,36.0,0.3,0.1,0.8,4.0,1300.0,16.0,4.0,0.3630769230769231
7.0,2.0,37.0,0.3,0.1,0.8,4.0,1300.0,16.0,5.0,0.36153846153846153
7.0,2.0,38.0,0.3,0.1,0.8,4.0,1266.0,17.0,8.0,0.3665086887835703
7.0,2.0,39.0,0.3,0.1,0.8,4.0,1257.0,20.0,10.0,0.3643595863166269
7.0,2.0,40.0,0.3,0.1,0.8,4.0,1243.0,25.0,12.0,0.36202735317779566
7.0,2.0,41.0,0.3,0.1,0.8,4.0,1219.0,28.0,10.0,0.36505332239540605
7.0,2.0,42.0,0.3,0.1,0.8,4.0,1194.0,27.0,12.0,0.3693467336683417
7.0,2.0,43.0,0.3,0.1,0.8,4.0,1169.0,28.0,10.0,0.3678357570573139
7.0,2.0,44.0,0.3,0.1,0.8,4.0,1094.0,27.0,10.0,0.37385740402193784
7.0,2.0,45.0,0.3,0.1,0.8,4.0,1067.0,28.0,13.0,0.48922211808809746
7.0,2.0,46.0,0.3,0.1,0.8,4.0,1045.0,23.0,14.0,0.5014354066985646
7.0,2.0,47.0,0.3,0.1,0.8,4.0,1030.0,21.0,14.0,0.4980582524271845
7.0,2.0,48.0,0.3,0.1,0.8,4.0,1006.0,13.0,11.0,0.5039761431411531
7.0,2.0,49.0,0.3,0.1,0.8,4.0,995.0,10.0,7.0,0.5015075376884423
7.0,2.0,50.0,0.3,0.1,0.8,4.0,988.0,7.0,6.0,0.5050607287449392
7.0,2.0,51.0,0.3,0.1,0.8,4.0,967.0,5.0,3.0,0.500517063081696
7.0,2.0,52.0,0.3,0.1,0.8,4.0,953.0,7.0,4.0,0.5026232948583421
7.0,3.0,1.0,0.3,0.1,0.8,4.0,933.0,6.0,4.0,0.5005359056806002
7.0,3.0,2.0,0.3,0.1,0.8,4.0,923.0,8.0,4.0,0.49837486457204766
7.0,3.0,3.0,0.3,0.1,0.8,4.0,910.0,5.0,3.0,0.4945054945054945
7.0,3.0,4.0,0.3,0.1,0.8,4.0,908.0,5.0,3.0,0.4944933920704846
7.0,3.0,5.0,0.3,0.1,0.8,4.0,899.0,5.0,4.0,0.4916573971078977
7.0,3.0,6.0,0.3,0.1,0.8,4.0,899.0,5.0,2.0,0.4938820912124583
7.0,3.0,7.0,0.3,0.1,0.8,4.0,886.0,4.0,2.0,0.48758465011286684
7.0,3.0,8.0,0.3,0.1,0.8,4.0,889.0,3.0,2.0,0.4904386951631046
7.0,3.0,9.0,0.3,0.1,0.8,4.0,864.0,2.0,1.0,0.4837962962962963
7.0,3.0,10.0,0.3,0.1,0.8,4.0,868.0,1.0,0.0,0.48502304147465436
7.0,3.0,11.0,0.3,0.1,0.8,4.0,837.0,1.0,1.0,0.4886499402628435
7.0,3.0,12.0,0.3,0.1,0.8,4.0,838.0,1.0,1.0,0.4904534606205251
7.0,3.0,13.0,0.3,0.1,0.8,4.0,825.0,1.0,1.0,0.4921212121212121
7.0,3.0,14.0,0.3,0.1,0.8,4.0,829.0,0.0,0.0,0.49336550060313633
7.0,3.0,15.0,0.3,0.1,0.8,4.0,803.0,0.0,0.0,0.48941469489414696
7.0,3.0,16.0,0.3,0.1,0.8,4.0,808.0,0.0,0.0,0.4876237623762376
7.0,3.0,17.0,0.3,0.1,0.8,4.0,798.0,0.0,0.0,0.48621553884711777
7.0,3.0,18.0,0.3,0.1,0.8,4.0,798.0,0.0,0.0,0.48621553884711777
7.0,3.0,19.0,0.3,0.1,0.8,4.0,789.0,0.0,0.0,0.4841571609632446
7.0,3.0,20.0,0.3,0.1,0.8,4.0,1429.0,0.0,0.0,0.26522043386983907
7.0,3.0,21.0,0.3,0.1,0.8,4.0,1385.0,0.0,0.0,0.2555956678700361
7.0,3.0,22.0,0.3,0.1,0.8,4.0,1340.0,0.0,0.0,0.26492537313432835
7.0,3.0,23.0,0.3,0.1,0.8,4.0,1275.0,0.0,0.0,0.2572549019607843
7.0,3.0,24.0,0.3,0.1,0.8,4.0,1239.0,0.0,0.0,0.26069410815173527
7.0,3.0,25.0,0.3,0.1,0.8,4.0,1228.0,0.0,0.0,0.25814332247557004
7.0,3.0,26.0,0.3,0.1,0.8,4.0,1202.0,0.0,0.0,0.2612312811980033
7.0,3.0,27.0,0.3,0.1,0.8,4.0,1161.0,0.0,0.0,0.26270456503014644
7.0,3.0,28.0,0.3,0.1,0.8,4.0,1140.0,0.0,0.0,0.26666666666666666
7.0,3.0,29.0,0.3,0.1,0.8,4.0,1113.0,0.0,0.0,0.265947888589398
7.0,3.0,30.0,0.3,0.1,0.8,4.0,1122.0,0.0,0.0,0.26559714795008915
7.0,3.0,31.0,0.3,0.1,0.8,4.0,1074.0,0.0,0.0,0.260707635009311
7.0,3.0,32.0,0.3,0.1,0.8,4.0,1070.0,0.0,0.0,0.2626168224299065
7.0,3.0,33.0,0.3,0.1,0.8,4.0,1033.0,0.0,0.0,0.2633107454017425
7.0,3.0,34.0,0.3,0.1,0.8,4.0,1031.0,0.0,0.0,0.26285160038797284
7.0,3.0,35.0,0.3,0.1,0.8,4.0,1004.0,0.0,0.0,0.2649402390438247
7.0,3.0,36.0,0.3,0.1,0.8,4.0,1006.0,0.0,0.0,0.2644135188866799
7.0,3.0,37.0,0.3,0.1,0.8,4.0,979.0,0.0,0.0,0.26455566905005107
7.0,3.0,38.0,0.3,0.1,0.8,4.0,971.0,0.0,0.0,0.26570545829042225
7.0,3.0,39.0,0.3,0.1,0.8,4.0,956.0,0.0,0.0,0.26464435146443516
7.0,3.0,40.0,0.3,0.1,0.8,4.0,957.0,0.0,0.0,0.26541274817136884
7.0,3.0,41.0,0.3,0.1,0.8,4.0,932.0,0.0,0.0,0.2628755364806867
7.0,3.0,42.0,0.3,0.1,0.8,4.0,928.0,0.0,0.0,0.25969827586206895
7.0,3.0,43.0,0.3,0.1,0.8,4.0,917.0,0.0,0.0,0.2595419847328244
7.0,3.0,44.0,0.3,0.1,0.8,4.0,919.0,0.0,0.0,0.2589771490750816
7.0,3.0,45.0,0.3,0.1,0.8,4.0,906.0,0.0,0.0,0.4216335540838852
7.0,3.0,46.0,0.3,0.1,0.8,4.0,905.0,0.0,0.0,0.41878453038674035
7.0,3.0,47.0,0.3,0.1,0.8,4.0,887.0,0.0,0.0,0.4205186020293123
7.0,3.0,48.0,0.3,0.1,0.8,4.0,849.0,0.0,0.0,0.42402826855123676
7.0,3.0,49.0,0.3,0.1,0.8,4.0,827.0,0.0,0.0,0.4280532043530834
7.0,3.0,50.0,0.3,0.1,0.8,4.0,823.0,0.0,0.0,0.4289185905224787
7.0,3.0,51.0,0.3,0.1,0.8,4.0,782.0,0.0,0.0,0.42838874680306904
7.0,3.0,52.0,0.3,0.1,0.8,4.0,774.0,0.0,0.0,0.43023255813953487
7.0,4.0,1.0,0.3,0.1,0.8,4.0,766.0,0.0,0.0,0.42950391644908614
7.0,4.0,2.0,0.3,0.1,0.8,4.0,756.0,0.0,0.0,0.43386243386243384
7.0,4.0,3.0,0.3,0.1,0.8,4.0,741.0,0.0,0.0,0.4318488529014845
7.0,4.0,4.0,0.3,0.1,0.8,4.0,742.0,0.0,0.0,0.4299191374663073
7.0,4.0,5.0,0.3,0.1,0.8,4.0,739.0,0.0,0.0,0.42760487144790255
7.0,4.0,6.0,0.3,0.1,0.8,4.0,739.0,0.0,0.0,0.42625169147496617
7.0,4.0,7.0,0.3,0.1,0.8,4.0,733.0,0.0,0.0,0.4242837653478854
7.0,4.0,8.0,0.3,0.1,0.8,4.0,722.0,0.0,0.0,0.425207756232687
7.0,4.0,9.0,0.3,0.1,0.8,4.0,721.0,0.0,0.0,0.42302357836338417
7.0,4.0,10.0,0.3,0.1,0.8,4.0,706.0,0.0,0.0,0.43059490084985835
7.0,4.0,11.0,0.3,0.1,0.8,4.0,700.0,0.0,0.0,0.43
7.0,4.0,12.0,0.3,0.1,0.8,4.0,693.0,0.0,0.0,0.4329004329004329
7.0,4.0,13.0,0.3,0.1,0.8,4.0,688.0,0.0,0.0,0.4316860465116279
7.0,4.0,14.0,0.3,0.1,0.8,4.0,687.0,0.0,0.0,0.43522561863173215
7.0,4.0,15.0,0.3,0.1,0.8,4.0,685.0,0.0,0.0,0.4335766423357664
7.0,4.0,16.0,0.3,0.1,0.8,4.0,685.0,0.0,0.0,0.43503649635036495
7.0,4.0,17.0,0.3,0.1,0.8,4.0,681.0,0.0,0.0,0.434654919236417
7.0,4.0,18.0,0.3,0.1,0.8,4.0,681.0,0.0,0.0,0.43612334801762115
7.0,4.0,19.0,0.3,0.1,0.8,4.0,676.0,0.0,0.0,0.4319526627218935
7.0,4.0,20.0,0.3,0.1,0.8,4.0,1262.0,0.0,0.0,0.23375594294770205
7.0,4.0,21.0,0.3,0.1,0.8,4.0,1212.0,0.0,0.0,0.23597359735973597
7.0,4.0,22.0,0.3,0.1,0.8,4.0,1204.0,0.0,0.0,0.23338870431893688
7.0,4.0,23.0,0.3,0.1,0.8,4.0,1166.0,0.0,0.0,0.2332761578044597
7.0,4.0,24.0,0.3,0.1,0.8,4.0,1167.0,0.0,0.0,0.23479005998286204
7.0,4.0,25.0,0.3,0.1,0.8,4.0,1120.0,0.0,0.0,0.23482142857142857
7.0,4.0,26.0,0.3,0.1,0.8,4.0,1129.0,0.0,0.0,0.23649247121346323
7.0,4.0,27.0,0.3,0.1,0.8,4.0,1066.0,0.0,0.0,0.24202626641651032
7.0,4.0,28.0,0.3,0.1,0.8,4.0,1067.0,0.0,0.0,0.24179943767572634
7.0,4.0,29.0,0.3,0.1,0.8,4.0,1030.0,0.0,0.0,0.24271844660194175
7.0,4.0,30.0,0.3,0.1,0.8,4.0,1022.0,0.0,0.0,0.2446183953033268
7.0,4.0,31.0,0.3,0.1,0.8,4.0,989.0,0.0,0.0,0.2517694641051567
7.0,4.0,32.0,0.3,0.1,0.8,4.0,968.0,0.0,0.0,0.24896694214876033
7.0,4.0,33.0,0.3,0.1,0.8,4.0,949.0,0.0,0.0,0.24868282402528977
7.0,4.0,34.0,0.3,0.1,0.8,4.0,936.0,0.0,0.0,0.25213675213675213
7.0,4.0,35.0,0.3,0.1,0.8,4.0,891.0,0.0,0.0,0.2558922558922559
7.0,4.0,36.0,0.3,0.1,0.8,4.0,871.0,0.0,0.0,0.2571756601607348
7.0,4.0,37.0,0.3,0.1,0.8,4.0,818.0,0.0,0.0,0.2665036674816626
7.0,4.0,38.0,0.3,0.1,0.8,4.0,814.0,0.0,0.0,0.269041769041769
7.0,4.0,39.0,0.3,0.1,0.8,4.0,787.0,0.0,0.0,0.2681067344345616
7.0,4.0,40.0,0.3,0.1,0.8,4.0,773.0,0.0,0.0,0.2677878395860285
7.0,4.0,41.0,0.3,0.1,0.8,4.0,756.0,0.0,0.0,0.2698412698412698
7.0,4.0,42.0,0.3,0.1,0.8,4.0,752.0,0.0,0.0,0.2699468085106383
7.0,4.0,43.0,0.3,0.1,0.8,4.0,743.0,0.0,0.0,0.2732166890982503
7.0,4.0,44.0,0.3,0.1,0.8,4.0,732.0,0.0,0.0,0.2677595628415301
7.0,4.0,45.0,0.3,0.1,0.8,4.0,725.0,0.0,0.0,0.43448275862068964
7.0,4.0,46.0,0.3,0.1,0.8,4.0,727.0,0.0,0.0,0.4305364511691884
7.0,4.0,47.0,0.3,0.1,0.8,4.0,705.0,0.0,0.0,0.4269503546099291
7.0,4.0,48.0,0.3,0.1,0.8,4.0,718.0,0.0,0.0,0.4275766016713092
7.0,4.0,49.0,0.3,0.1,0.8,4.0,694.0,0.0,0.0,0.42939481268011526
7.0,4.0,50.0,0.3,0.1,0.8,4.0,698.0,0.0,0.0,0.43123209169054444
7.0,4.0,51.0,0.3,0.1,0.8,4.0,678.0,0.0,0.0,0.43215339233038347
7.0,4.0,52.0,0.3,0.1,0.8,4.0,651.0,0.0,0.0,0.43317972350230416
7.0,5.0,1.0,0.3,0.1,0.8,4.0,646.0,0.0,0.0,0.43498452012383904
7.0,5.0,2.0,0.3,0.1,0.8,4.0,646.0,0.0,0.0,0.43188854489164086
7.0,5.0,3.0,0.3,0.1,0.8,4.0,642.0,0.0,0.0,0.43302180685358255
7.0,5.0,4.0,0.3,0.1,0.8,4.0,641.0,0.0,0.0,0.43057722308892354
7.0,5.0,5.0,0.3,0.1,0.8,4.0,637.0,0.0,0.0,0.4317111459968603
7.0,5.0,6.0,0.3,0.1,0.8,4.0,637.0,0.0,0.0,0.4301412872841444
7.0,5.0,7.0,0.3,0.1,0.8,4.0,634.0,0.0,0.0,0.43217665615141954
7.0,5.0,8.0,0.3,0.1,0.8,4.0,632.0,0.0,0.0,0.43037974683544306
7.0,5.0,9.0,0.3,0.1,0.8,4.0,631.0,0.0,0.0,0.4326465927099842
7.0,5.0,10.0,0.3,0.1,0.8,4.0,629.0,0.0,0.0,0.4292527821939587
7.0,5.0,11.0,0.3,0.1,0.8,4.0,622.0,0.0,0.0,0.4340836012861736
7.0,5.0,12.0,0.3,0.1,0.8,4.0,624.0,0.0,0.0,0.4326923076923077
7.0,5.0,13.0,0.3,0.1,0.8,4.0,619.0,0.0,0.0,0.4345718901453958
7.0,5.0,14.0,0.3,0.1,0.8,4.0,618.0,0.0,0.0,0.42880258899676377
7.0,5.0,15.0,0.3,0.1,0.8,4.0,613.0,0.0,0.0,0.433931484502447
7.0,5.0,16.0,0.3,0.1,0.8,4.0,613.0,0.0,0.0,0.4290375203915171
7.0,5.0,17.0,0.3,0.1,0.8,4.0,612.0,0.0,0.0,0.43137254901960786
7.0,5.0,18.0,0.3,0.1,0.8,4.0,610.0,0.0,0.0,0.42950819672131146
7.0,5.0,19.0,0.3,0.1,0.8,4.0,609.0,0.0,0.0,0.4302134646962233
7.0,5.0,20.0,0.3,0.1,0.8,4.0,1121.0,0.0,0.0,0.231935771632471
7.0,5.0,21.0,0.3,0.1,0.8,4.0,1071.0,0.0,0.0,0.23062558356676005
7.0,5.0,22.0,0.3,0.1,0.8,4.0,1059.0,0.0,0.0,0.22851746931067043
7.0,5.0,23.0,0.3,0.1,0.8,4.0,1020.0,0.0,0.0,0.23431372549019608
7.0,5.0,24.0,0.3,0.1,0.8,4.0,1005.0,0.0,0.0,0.23283582089552238
7.0,5.0,25.0,0.3,0.1,0.8,4.0,960.0,0.0,0.0,0.23541666666666666
7.0,5.0,26.0,0.3,0.1,0.8,4.0,927.0,0.0,0.0,0.238403451995685
7.0,5.0,27.0,0.3,0.1,0.8,4.0,909.0,0.0,0.0,0.24092409240924093
7.0,5.0,28.0,0.3,0.1,0.8,4.0,854.0,0.0,0.0,0.24355971896955503
7.0,5.0,29.0,0.3,0.1,0.8,4.0,835.0,0.0,0.0,0.2467065868263473
7.0,5.0,30.0,0.3,0.1,0.8,4.0,810.0,0.0,0.0,0.2506172839506173
7.0,5.0,31.0,0.3,0.1,0.8,4.0,810.0,0.0,0.0,0.24691358024691357
7.0,5.0,32.0,0.3,0.1,0.8,4.0,807.0,0.0,0.0,0.24659231722428748
7.0,5.0,33.0,0.3,0.1,0.8,4.0,802.0,0.0,0.0,0.24438902743142144
7.0,5.0,34.0,0.3,0.1,0.8,4.0,782.0,0.0,0.0,0.24936061381074168
7.0,5.0,35.0,0.3,0.1,0.8,4.0,781.0,0.0,0.0,0.24583866837387963
7.0,5.0,36.0,0.3,0.1,0.8,4.0,767.0,0.0,0.0,0.242503259452412
7.0,5.0,37.0,0.3,0.1,0.8,4.0,750.0,0.0,0.0,0.23866666666666667
7.0,5.0,38.0,0.3,0.1,0.8,4.0,734.0,0.0,0.0,0.24114441416893734
7.0,5.0,39.0,0.3,0.1,0.8,4.0,712.0,0.0,0.0,0.23595505617977527
7.0,5.0,40.0,0.3,0.1,0.8,4.0,712.0,0.0,0.0,0.23876404494382023
7.0,5.0,41.0,0.3,0.1,0.8,4.0,704.0,0.0,0.0,0.234375
7.0,5.0,42.0,0.3,0.1,0.8,4.0,697.0,0.0,0.0,0.23959827833572453
7.0,5.0,43.0,0.3,0.1,0.8,4.0,689.0,0.0,0.0,0.23367198838896952
7.0,5.0,44.0,0.3,0.1,0.8,4.0,683.0,0.0,0.0,0.23718887262079064
7.0,5.0,45.0,0.3,0.1,0.8,4.0,677.0,0.0,0.0,0.42097488921713444
7.0,5.0,46.0,0.3,0.1,0.8,4.0,675.0,0.0,0.0,0.4237037037037037
7.0,5.0,47.0,0.3,0.1,0.8,4.0,669.0,0.0,0.0,0.4200298953662182
7.0,5.0,48.0,0.3,0.1,0.8,4.0,667.0,0.0,0.0,0.42128935532233885
7.0,5.0,49.0,0.3,0.1,0.8,4.0,652.0,0.0,0.0,0.4263803680981595
7.0,5.0,50.0,0.3,0.1,0.8,4.0,658.0,0.0,0.0,0.425531914893617
7.0,5.0,51.0,0.3,0.1,0.8,4.0,658.0,0.0,0.0,0.42401215805471126
7.0,5.0,52.0,0.3,0.1,0.8,4.0,653.0,0.0,0.0,0.42572741194486985
7.0,6.0,1.0,0.3,0.1,0.8,4.0,645.0,0.0,0.0,0.4232558139534884
7.0,6.0,2.0,0.3,0.1,0.8,4.0,645.0,0.0,0.0,0.4248062015503876
7.0,6.0,3.0,0.3,0.1,0.8,4.0,642.0,0.0,0.0,0.4221183800623053
7.0,6.0,4.0,0.3,0.1,0.8,4.0,641.0,0.0,0.0,0.4243369734789392
7.0,6.0,5.0,0.3,0.1,0.8,4.0,640.0,0.0,0.0,0.4234375
7.0,6.0,6.0,0.3,0.1,0.8,4.0,641.0,0.0,0.0,0.42589703588143524
7.0,6.0,7.0,0.3,0.1,0.8,4.0,634.0,0.0,0.0,0.42113564668769715
7.0,6.0,8.0,0.3,0.1,0.8,4.0,633.0,0.0,0.0,0.4265402843601896
7.0,6.0,9.0,0.3,0.1,0.8,4.0,619.0,0.0,0.0,0.42326332794830374
7.0,6.0,10.0,0.3,0.1,0.8,4.0,616.0,0.0,0.0,0.42694805194805197
7.0,6.0,11.0,0.3,0.1,0.8,4.0,614.0,0.0,0.0,0.4250814332247557
7.0,6.0,12.0,0.3,0.1,0.8,4.0,614.0,0.0,0.0,0.42671009771986973
7.0,6.0,13.0,0.3,0.1,0.8,4.0,611.0,0.0,0.0,0.425531914893617
7.0,6.0,14.0,0.3,0.1,0.8,4.0,610.0,0.0,0.0,0.4262295081967213
7.0,6.0,15.0,0.3,0.1,0.8,4.0,608.0,0.0,0.0,0.42269736842105265
7.0,6.0,16.0,0.3,0.1,0.8,4.0,608.0,0.0,0.0,0.4243421052631579
7.0,6.0,17.0,0.3,0.1,0.8,4.0,593.0,0.0,0.0,0.4266441821247892
7.0,6.0,18.0,0.3,0.1,0.8,4.0,594.0,0.0,0.0,0.43097643097643096
7.0,6.0,19.0,0.3,0.1,0.8,4.0,591.0,0.0,0.0,0.428087986463621
7.0,6.0,20.0,0.3,0.1,0.8,4.0,1110.0,0.0,0.0,0.22972972972972974
7.0,6.0,21.0,0.3,0.1,0.8,4.0,1061.0,0.0,0.0,0.22620169651272384
7.0,6.0,22.0,0.3,0.1,0.8,4.0,1018.0,0.0,0.0,0.23280943025540274
7.0,6.0,23.0,0.3,0.1,0.8,4.0,995.0,0.0,0.0,0.23417085427135678
7.0,6.0,24.0,0.3,0.1,0.8,4.0,948.0,0.0,0.0,0.23628691983122363
7.0,6.0,25.0,0.3,0.1,0.8,4.0,915.0,0.0,0.0,0.23497267759562843
7.0,6.0,26.0,0.3,0.1,0.8,4.0,888.0,0.0,0.0,0.23986486486486486
7.0,6.0,27.0,0.3,0.1,0.8,4.0,892.0,0.0,0.0,0.2365470852017937
7.0,6.0,28.0,0.3,0.1,0.8,4.0,871.0,0.0,0.0,0.23880597014925373
7.0,6.0,29.0,0.3,0.1,0.8,4.0,869.0,0.0,0.0,0.23475258918296893
7.0,6.0,30.0,0.3,0.1,0.8,4.0,872.0,0.0,0.0,0.23853211009174313
7.0,6.0,31.0,0.3,0.1,0.8,4.0,867.0,0.0,0.0,0.23529411764705882
7.0,6.0,32.0,0.3,0.1,0.8,4.0,858.0,0.0,0.0,0.23776223776223776
7.0,6.0,33.0,0.3,0.1,0.8,4.0,857.0,0.0,0.0,0.23687281213535588
7.0,6.0,34.0,0.3,0.1,0.8,4.0,843.0,0.0,0.0,0.23606168446026096
7.0,6.0,35.0,0.3,0.1,0.8,4.0,850.0,0.0,0.0,0.24
7.0,6.0,36.0,0.3,0.1,0.8,4.0,825.0,0.0,0.0,0.23757575757575758
7.0,6.0,37.0,0.3,0.1,0.8,4.0,796.0,0.0,0.0,0.23618090452261306
7.0,6.0,38.0,0.3,0.1,0.8,4.0,794.0,0.0,0.0,0.2380352644836272
7.0,6.0,39.0,0.3,0.1,0.8,4.0,784.0,0.0,0.0,0.23469387755102042
7.0,6.0,40.0,0.3,0.1,0.8,4.0,773.0,0.0,0.0,0.23544631306597671
7.0,6.0,41.0,0.3,0.1,0.8,4.0,764.0,0.0,0.0,0.2356020942408377
7.0,6.0,42.0,0.3,0.1,0.8,4.0,773.0,0.0,0.0,0.23544631306597671
7.0,6.0,43.0,0.3,0.1,0.8,4.0,766.0,0.0,0.0,0.23368146214099217
7.0,6.0,44.0,0.3,0.1,0.8,4.0,755.0,0.0,0.0,0.23576158940397351
7.0,6.0,45.0,0.3,0.1,0.8,4.0,736.0,0.0,0.0,0.42527173913043476
7.0,6.0,46.0,0.3,0.1,0.8,4.0,710.0,0.0,0.0,0.428169014084507
7.0,6.0,47.0,0.3,0.1,0.8,4.0,694.0,0.0,0.0,0.42219020172910665
7.0,6.0,48.0,0.3,0.1,0.8,4.0,673.0,0.0,0.0,0.4323922734026746
7.0,6.0,49.0,0.3,0.1,0.8,4.0,665.0,0.0,0.0,0.43157894736842106
7.0,6.0,50.0,0.3,0.1,0.8,4.0,647.0,0.0,0.0,0.4312210200927357
7.0,6.0,51.0,0.3,0.1,0.8,4.0,650.0,0.0,0.0,0.42923076923076925
7.0,6.0,52.0,0.3,0.1,0.8,4.0,642.0,0.0,0.0,0.43302180685358255
7.0,7.0,1.0,0.3,0.1,0.8,4.0,647.0,0.0,0.0,0.42967542503863987
7.0,7.0,2.0,0.3,0.1,0.8,4.0,640.0,0.0,0.0,0.4328125
7.0,7.0,3.0,0.3,0.1,0.8,4.0,643.0,0.0,0.0,0.42923794712286156
7.0,7.0,4.0,0.3,0.1,0.8,4.0,639.0,0.0,0.0,0.431924882629108
7.0,7.0,5.0,0.3,0.1,0.8,4.0,641.0,0.0,0.0,0.42745709828393136
7.0,7.0,6.0,0.3,0.1,0.8,4.0,636.0,0.0,0.0,0.4308176100628931
7.0,7.0,7.0,0.3,0.1,0.8,4.0,636.0,0.0,0.0,0.4261006289308176
7.0,7.0,8.0,0.3,0.1,0.8,4.0,628.0,0.0,0.0,0.428343949044586
7.0,7.0,9.0,0.3,0.1,0.8,4.0,631.0,0.0,0.0,0.42630744849445323
7.0,7.0,10.0,0.3,0.1,0.8,4.0,630.0,0.0,0.0,0.42857142857142855
7.0,7.0,11.0,0.3,0.1,0.8,4.0,615.0,0.0,0.0,0.4292682926829268
7.0,7.0,12.0,0.3,0.1,0.8,4.0,613.0,0.0,0.0,0.43066884176182707
7.0,7.0,13.0,0.3,0.1,0.8,4.0,614.0,0.0,0.0,0.42996742671009774
7.0,7.0,14.0,0.3,0.1,0.8,4.0,612.0,0.0,0.0,0.4297385620915033
7.0,7.0,15.0,0.3,0.1,0.8,4.0,614.0,0.0,0.0,0.42833876221498374
7.0,7.0,16.0,0.3,0.1,0.8,4.0,609.0,0.0,0.0,0.4318555008210181
7.0,7.0,17.0,0.3,0.1,0.8,4.0,613.0,0.0,0.0,0.4290375203915171
7.0,7.0,18.0,0.3,0.1,0.8,4.0,608.0,0.0,0.0,0.43256578947368424
7.0,7.0,19.0,0.3,0.1,0.8,4.0,613.0,0.0,0.0,0.4290375203915171
7.0,7.0,20.0,0.3,0.1,0.8,4.0,1152.0,0.0,0.0,0.22916666666666666
7.0,7.0,21.0,0.3,0.1,0.8,4.0,1153.0,0.0,0.0,0.22723330442324371
7.0,7.0,22.0,0.3,0.1,0.8,4.0,1085.0,0.0,0.0,0.23225806451612904
7.0,7.0,23.0,0.3,0.1,0.8,4.0,1058.0,0.0,0.0,0.22873345935727787
7.0,7.0,24.0,0.3,0.1,0.8,4.0,1041.0,0.0,0.0,0.22478386167146974
7.0,7.0,25.0,0.3,0.1,0.8,4.0,1021.0,0.0,0.0,0.22820763956904996
7.0,7.0,26.0,0.3,0.1,0.8,4.0,981.0,0.0,0.0,0.22629969418960244
7.0,7.0,27.0,0.3,0.1,0.8,4.0,916.0,0.0,0.0,0.23253275109170304
7.0,7.0,28.0,0.3,0.1,0.8,4.0,865.0,0.0,0.0,0.23468208092485549
7.0,7.0,29.0,0.3,0.1,0.8,4.0,859.0,0.0,0.0,0.2339930151338766
7.0,7.0,30.0,0.3,0.1,0.8,4.0,824.0,0.0,0.0,0.23907766990291263
7.0,7.0,31.0,0.3,0.1,0.8,4.0,794.0,0.0,0.0,0.24055415617128464
7.0,7.0,32.0,0.3,0.1,0.8,4.0,787.0,0.0,0.0,0.24650571791613723
7.0,7.0,33.0,0.3,0.1,0.8,4.0,782.0,0.0,0.0,0.24296675191815856
7.0,7.0,34.0,0.3,0.1,0.8,4.0,789.0,0.0,0.0,0.24461343472750316
7.0,7.0,35.0,0.3,0.1,0.8,4.0,770.0,0.0,0.0,0.24545454545454545
7.0,7.0,36.0,0.3,0.1,0.8,4.0,777.0,0.0,0.0,0.2483912483912484
7.0,7.0,37.0,0.3,0.1,0.8,4.0,759.0,0.0,0.0,0.24769433465085638
7.0,7.0,38.0,0.3,0.1,0.8,4.0,766.0,0.0,0.0,0.2506527415143603
7.0,7.0,39.0,0.3,0.1,0.8,4.0,745.0,0.0,0.0,0.24966442953020135
7.0,7.0,40.0,0.3,0.1,0.8,4.0,742.0,0.0,0.0,0.25471698113207547
7.0,7.0,41.0,0.3,0.1,0.8,4.0,725.0,0.0,0.0,0.25655172413793104
7.0,7.0,42.0,0.3,0.1,0.8,4.0,731.0,0.0,0.0,0.2585499316005472
7.0,7.0,43.0,0.3,0.1,0.8,4.0,723.0,0.0,0.0,0.2572614107883817
7.0,7.0,44.0,0.3,0.1,0.8,4.0,704.0,0.0,0.0,0.2599431818181818
7.0,7.0,45.0,0.3,0.1,0.8,4.0,678.0,0.0,0.0,0.4306784660766962
7.0,7.0,46.0,0.3,0.1,0.8,4.0,674.0,0.0,0.0,0.4287833827893175
7.0,7.0,47.0,0.3,0.1,0.8,4.0,667.0,0.0,0.0,0.4272863568215892
7.0,7.0,48.0,0.3,0.1,0.8,4.0,676.0,0.0,0.0,0.4289940828402367
7.0,7.0,49.0,0.3,0.1,0.8,4.0,657.0,0.0,0.0,0.4246575342465753
7.0,7.0,50.0,0.3,0.1,0.8,4.0,662.0,0.0,0.0,0.42900302114803623
7.0,7.0,51.0,0.3,0.1,0.8,4.0,653.0,0.0,0.0,0.4241960183767228
7.0,7.0,52.0,0.3,0.1,0.8,4.0,659.0,0.0,0.0,0.4294385432473445
7.0,8.0,1.0,0.3,0.1,0.8,4.0,649.0,0.0,0.0,0.4268104776579353
7.0,8.0,2.0,0.3,0.1,0.8,4.0,659.0,0.0,0.0,0.4294385432473445
7.0,8.0,3.0,0.3,0.1,0.8,4.0,648.0,0.0,0.0,0.42746913580246915
7.0,8.0,4.0,0.3,0.1,0.8,4.0,660.0,0.0,0.0,0.4287878787878788
7.0,8.0,5.0,0.3,0.1,0.8,4.0,648.0,0.0,0.0,0.42746913580246915
7.0,8.0,6.0,0.3,0.1,0.8,4.0,648.0,0.0,0.0,0.42901234567901236
7.0,8.0,7.0,0.3,0.1,0.8,4.0,645.0,0.0,0.0,0.42790697674418604
7.0,8.0,8.0,0.3,0.1,0.8,4.0,645.0,0.0,0.0,0.4310077519379845
7.0,8.0,9.0,0.3,0.1,0.8,4.0,642.0,0.0,0.0,0.42990654205607476
7.0,8.0,10.0,0.3,0.1,0.8,4.0,647.0,0.0,0.0,0.42967542503863987
7.0,8.0,11.0,0.3,0.1,0.8,4.0,641.0,0.0,0.0,0.43057722308892354
7.0,8.0,12.0,0.3,0.1,0.8,4.0,632.0,0.0,0.0,0.435126582278481
7.0,8.0,13.0,0.3,0.1,0.8,4.0,629.0,0.0,0.0,0.4356120826709062
7.0,8.0,14.0,0.3,0.1,0.8,4.0,633.0,0.0,0.0,0.43601895734597157
7.0,8.0,15.0,0.3,0.1,0.8,4.0,628.0,0.0,0.0,0.43630573248407645
7.0,8.0,16.0,0.3,0.1,0.8,4.0,633.0,0.0,0.0,0.43601895734597157
7.0,8.0,17.0,0.3,0.1,0.8,4.0,627.0,0.0,0.0,0.4370015948963317
7.0,8.0,18.0,0.3,0.1,0.8,4.0,633.0,0.0,0.0,0.4344391785150079
7.0,8.0,19.0,0.3,0.1,0.8,4.0,627.0,0.0,0.0,0.4354066985645933
7.0,8.0,20.0,0.3,0.1,0.8,4.0,1208.0,0.0,0.0,0.2259933774834437
7.0,8.0,21.0,0.3,0.1,0.8,4.0,1182.0,0.0,0.0,0.22842639593908629
7.0,8.0,22.0,0.3,0.1,0.8,4.0,1164.0,0.0,0.0,0.22766323024054982
7.0,8.0,23.0,0.3,0.1,0.8,4.0,1100.0,0.0,0.0,0.2290909090909091
7.0,8.0,24.0,0.3,0.1,0.8,4.0,1066.0,0.0,0.0,0.2298311444652908
7.0,8.0,25.0,0.3,0.1,0.8,4.0,1003.0,0.0,0.0,0.23230309072781655
7.0,8.0,26.0,0.3,0.1,0.8,4.0,1012.0,0.0,0.0,0.23221343873517786
7.0,8.0,27.0,0.3,0.1,0.8,4.0,967.0,0.0,0.0,0.23991726990692863
7.0,8.0,28.0,0.3,0.1,0.8,4.0,917.0,0.0,0.0,0.2420937840785169
7.0,8.0,29.0,0.3,0.1,0.8,4.0,869.0,0.0,0.0,0.24856156501726123
7.0,8.0,30.0,0.3,0.1,0.8,4.0,853.0,0.0,0.0,0.24501758499413834
7.0,8.0,31.0,0.3,0.1,0.8,4.0,832.0,0.0,0.0,0.24759615384615385
7.0,8.0,32.0,0.3,0.1,0.8,4.0,830.0,0.0,0.0,0.2469879518072289
7.0,8.0,33.0,0.3,0.1,0.8,4.0,820.0,0.0,0.0,0.2475609756097561
7.0,8.0,34.0,0.3,0.1,0.8,4.0,827.0,0.0,0.0,0.24667472793228537
7.0,8.0,35.0,0.3,0.1,0.8,4.0,797.0,0.0,0.0,0.24717691342534504
7.0,8.0,36.0,0.3,0.1,0.8,4.0,807.0,0.0,0.0,0.24659231722428748
7.0,8.0,37.0,0.3,0.1,0.8,4.0,797.0,0.0,0.0,0.24843161856963614
7.0,8.0,38.0,0.3,0.1,0.8,4.0,807.0,0.0,0.0,0.24783147459727387
7.0,8.0,39.0,0.3,0.1,0.8,4.0,795.0,0.0,0.0,0.2490566037735849
7.0,8.0,40.0,0.3,0.1,0.8,4.0,777.0,0.0,0.0,0.2548262548262548
7.0,8.0,41.0,0.3,0.1,0.8,4.0,766.0,0.0,0.0,0.2558746736292428
7.0,8.0,42.0,0.3,0.1,0.8,4.0,777.0,0.0,0.0,0.2548262548262548
7.0,8.0,43.0,0.3,0.1,0.8,4.0,770.0,0.0,0.0,0.2545454545454545
7.0,8.0,44.0,0.3,0.1,0.8,4.0,776.0,0.0,0.0,0.2551546391752577
7.0,8.0,45.0,0.3,0.1,0.8,4.0,767.0,0.0,0.0,0.43415906127770537
7.0,8.0,46.0,0.3,0.1,0.8,4.0,766.0,0.0,0.0,0.4347258485639687
7.0,8.0,47.0,0.3,0.1,0.8,4.0,756.0,0.0,0.0,0.4351851851851852
7.0,8.0,48.0,0.3,0.1,0.8,4.0,750.0,0.0,0.0,0.43866666666666665
7.0,8.0,49.0,0.3,0.1,0.8,4.0,739.0,0.0,0.0,0.4397834912043302
7.0,8.0,50.0,0.3,0.1,0.8,4.0,745.0,0.0,0.0,0.4389261744966443
7.0,8.0,51.0,0.3,0.1,0.8,4.0,734.0,0.0,0.0,0.44141689373297005
7.0,8.0,52.0,0.3,0.1,0.8,4.0,743.0,0.0,0.0,0.4414535666218035
7.0,9.0,1.0,0.3,0.1,0.8,4.0,710.0,0.0,0.0,0.4507042253521127
7.0,9.0,2.0,0.3,0.1,0.8,4.0,709.0,0.0,0.0,0.4541607898448519
7.0,9.0,3.0,0.3,0.1,0.8,4.0,695.0,0.0,0.0,0.45611510791366905
7.0,9.0,4.0,0.3,0.1,0.8,4.0,699.0,0.0,0.0,0.4563662374821173
7.0,9.0,5.0,0.3,0.1,0.8,4.0,685.0,0.0,0.0,0.45985401459854014
7.0,9.0,6.0,0.3,0.1,0.8,4.0,697.0,0.0,0.0,0.45480631276901007
7.0,9.0,7.0,0.3,0.1,0.8,4.0,687.0,0.0,0.0,0.4585152838427948
7.0,9.0,8.0,0.3,0.1,0.8,4.0,695.0,0.0,0.0,0.4589928057553957
7.0,9.0,9.0,0.3,0.1,0.8,4.0,684.0,0.0,0.0,0.4590643274853801
7.0,9.0,10.0,0.3,0.1,0.8,4.0,691.0,0.0,0.0,0.4602026049204052
7.0,9.0,11.0,0.3,0.1,0.8,4.0,683.0,0.0,0.0,0.4612005856515373
7.0,9.0,12.0,0.3,0.1,0.8,4.0,688.0,0.0,0.0,0.46075581395348836
7.0,9.0,13.0,0.3,0.1,0.8,4.0,681.0,0.0,0.0,0.461086637298091
7.0,9.0,14.0,0.3,0.1,0.8,4.0,688.0,0.0,0.0,0.46075581395348836
7.0,9.0,15.0,0.3,0.1,0.8,4.0,669.0,0.0,0.0,0.4678624813153961
7.0,9.0,16.0,0.3,0.1,0.8,4.0,675.0,0.0,0.0,0.4696296296296296
7.0,9.0,17.0,0.3,0.1,0.8,4.0,669.0,0.0,0.0,0.4693572496263079
7.0,9.0,18.0,0.3,0.1,0.8,4.0,675.0,0.0,0.0,0.4696296296296296
7.0,9.0,19.0,0.3,0.1,0.8,4.0,654.0,0.0,0.0,0.46788990825688076
7.0,9.0,20.0,0.3,0.1,0.8,4.0,1124.0,0.0,0.0,0.26334519572953735
7.0,9.0,21.0,0.3,0.1,0.8,4.0,1092.0,0.0,0.0,0.2619047619047619
7.0,9.0,22.0,0.3,0.1,0.8,4.0,1087.0,0.0,0.0,0.26310947562097514
7.0,9.0,23.0,0.3,0.1,0.8,4.0,1042.0,0.0,0.0,0.2687140115163148
7.0,9.0,24.0,0.3,0.1,0.8,4.0,1035.0,0.0,0.0,0.2714975845410628
7.0,9.0,25.0,0.3,0.1,0.8,4.0,1013.0,0.0,0.0,0.2724580454096742
7.0,9.0,26.0,0.3,0.1,0.8,4.0,1017.0,0.0,0.0,0.27335299901671584
7.0,9.0,27.0,0.3,0.1,0.8,4.0,1012.0,0.0,0.0,0.2727272727272727
7.0,9.0,28.0,0.3,0.1,0.8,4.0,996.0,0.0,0.0,0.27710843373493976
7.0,9.0,29.0,0.3,0.1,0.8,4.0,964.0,0.0,0.0,0.279045643153527
7.0,9.0,30.0,0.3,0.1,0.8,4.0,946.0,0.0,0.0,0.2769556025369979
7.0,9.0,31.0,0.3,0.1,0.8,4.0,912.0,0.0,0.0,0.27960526315789475
7.0,9.0,32.0,0.3,0.1,0.8,4.0,900.0,0.0,0.0,0.28555555555555556
7.0,9.0,33.0,0.3,0.1,0.8,4.0,868.0,0.0,0.0,0.29147465437788017
7.0,9.0,34.0,0.3,0.1,0.8,4.0,864.0,0.0,0.0,0.29398148148148145
7.0,9.0,35.0,0.3,0.1,0.8,4.0,855.0,0.0,0.0,0.29473684210526313
7.0,9.0,36.0,0.3,0.1,0.8,4.0,868.0,0.0,0.0,0.29377880184331795
7.0,9.0,37.0,0.3,0.1,0.8,4.0,815.0,0.0,0.0,0.29938650306748466
7.0,9.0,38.0,0.3,0.1,0.8,4.0,827.0,0.0,0.0,0.2974607013301088
7.0,9.0,39.0,0.3,0.1,0.8,4.0,813.0,0.0,0.0,0.3001230012300123
7.0,9.0,40.0,0.3,0.1,0.8,4.0,816.0,0.0,0.0,0.3002450980392157
7.0,9.0,41.0,0.3,0.1,0.8,4.0,791.0,0.0,0.0,0.3059418457648546
7.0,9.0,42.0,0.3,0.1,0.8,4.0,793.0,0.0,0.0,0.3026481715006305
7.0,9.0,43.0,0.3,0.1,0.8,4.0,770.0,0.0,0.0,0.3077922077922078
7.0,9.0,44.0,0.3,0.1,0.8,4.0,781.0,0.0,0.0,0.3047375160051216
7.0,9.0,45.0,0.3,0.1,0.8,4.0,770.0,0.0,0.0,0.4597402597402597
7.0,9.0,46.0,0.3,0.1,0.8,4.0,768.0,0.0,0.0,0.4596354166666667
7.0,9.0,47.0,0.3,0.1,0.8,4.0,741.0,0.0,0.0,0.46153846153846156
7.0,9.0,48.0,0.3,0.1,0.8,4.0,754.0,0.0,0.0,0.4588859416445623
7.0,9.0,49.0,0.3,0.1,0.8,4.0,745.0,0.0,0.0,0.4604026845637584
7.0,9.0,50.0,0.3,0.1,0.8,4.0,752.0,0.0,0.0,0.4601063829787234
7.0,9.0,51.0,0.3,0.1,0.8,4.0,742.0,0.0,0.0,0.46226415094339623
7.0,9.0,52.0,0.3,0.1,0.8,4.0,751.0,0.0,0.0,0.4607190412782956
7.0,10.0,1.0,0.3,0.1,0.8,4.0,724.0,0.0,0.0,0.47099447513812154
7.0,10.0,2.0,0.3,0.1,0.8,4.0,724.0,0.0,0.0,0.4613259668508287
7.0,10.0,3.0,0.3,0.1,0.8,4.0,712.0,0.0,0.0,0.46629213483146065
7.0,10.0,4.0,0.3,0.1,0.8,4.0,704.0,0.0,0.0,0.46448863636363635
7.0,10.0,5.0,0.3,0.1,0.8,4.0,690.0,0.0,0.0,0.4681159420289855
7.0,10.0,6.0,0.3,0.1,0.8,4.0,702.0,0.0,0.0,0.46438746438746437
7.0,10.0,7.0,0.3,0.1,0.8,4.0,689.0,0.0,0.0,0.46734397677793904
7.0,10.0,8.0,0.3,0.1,0.8,4.0,694.0,0.0,0.0,0.46829971181556196
7.0,10.0,9.0,0.3,0.1,0.8,4.0,686.0,0.0,0.0,0.46938775510204084
7.0,10.0,10.0,0.3,0.1,0.8,4.0,695.0,0.0,0.0,0.4676258992805755
7.0,10.0,11.0,0.3,0.1,0.8,4.0,684.0,0.0,0.0,0.47076023391812866
7.0,10.0,12.0,0.3,0.1,0.8,4.0,693.0,0.0,0.0,0.4704184704184704
7.0,10.0,13.0,0.3,0.1,0.8,4.0,682.0,0.0,0.0,0.47214076246334313
7.0,10.0,14.0,0.3,0.1,0.8,4.0,693.0,0.0,0.0,0.4704184704184704
7.0,10.0,15.0,0.3,0.1,0.8,4.0,684.0,0.0,0.0,0.47076023391812866
7.0,10.0,16.0,0.3,0.1,0.8,4.0,682.0,0.0,0.0,0.4706744868035191
7.0,10.0,17.0,0.3,0.1,0.8,4.0,671.0,0.0,0.0,0.47093889716840537
7.0,10.0,18.0,0.3,0.1,0.8,4.0,680.0,0.0,0.0,0.47058823529411764
7.0,10.0,19.0,0.3,0.1,0.8,4.0,670.0,0.0,0.0,0.4716417910447761
7.0,10.0,20.0,0.3,0.1,0.8,4.0,1199.0,0.0,0.0,0.2468723936613845
7.0,10.0,21.0,0.3,0.1,0.8,4.0,1137.0,0.0,0.0,0.24714160070360597
7.0,10.0,22.0,0.3,0.1,0.8,4.0,1071.0,0.0,0.0,0.25210084033613445
7.0,10.0,23.0,0.3,0.1,0.8,4.0,1064.0,0.0,0.0,0.2518796992481203
7.0,10.0,24.0,0.3,0.1,0.8,4.0,1029.0,0.0,0.0,0.25461613216715256
7.0,10.0,25.0,0.3,0.1,0.8,4.0,1006.0,0.0,0.0,0.25646123260437376
7.0,10.0,26.0,0.3,0.1,0.8,4.0,995.0,0.0,0.0,0.2623115577889447
7.0,10.0,27.0,0.3,0.1,0.8,4.0,979.0,0.0,0.0,0.25944841675178754
7.0,10.0,28.0,0.3,0.1,0.8,4.0,989.0,0.0,0.0,0.26188068756319516
7.0,10.0,29.0,0.3,0.1,0.8,4.0,919.0,0.0,0.0,0.2731229597388466
7.0,10.0,30.0,0.3,0.1,0.8,4.0,877.0,0.0,0.0,0.28278221208665905
7.0,10.0,31.0,0.3,0.1,0.8,4.0,869.0,0.0,0.0,0.27963176064441886
7.0,10.0,32.0,0.3,0.1,0.8,4.0,836.0,0.0,0.0,0.28827751196172247
7.0,10.0,33.0,0.3,0.1,0.8,4.0,821.0,0.0,0.0,0.28867235079171744
7.0,10.0,34.0,0.3,0.1,0.8,4.0,827.0,0.0,0.0,0.29020556227327693
7.0,10.0,35.0,0.3,0.1,0.8,4.0,825.0,0.0,0.0,0.2896969696969697
7.0,10.0,36.0,0.3,0.1,0.8,4.0,826.0,0.0,0.0,0.29055690072639223
7.0,10.0,37.0,0.3,0.1,0.8,4.0,824.0,0.0,0.0,0.28883495145631066
7.0,10.0,38.0,0.3,0.1,0.8,4.0,823.0,0.0,0.0,0.2916160388821385
7.0,10.0,39.0,0.3,0.1,0.8,4.0,814.0,0.0,0.0,0.29115479115479115
7.0,10.0,40.0,0.3,0.1,0.8,4.0,805.0,0.0,0.0,0.2919254658385093
7.0,10.0,41.0,0.3,0.1,0.8,4.0,802.0,0.0,0.0,0.29052369077306733
7.0,10.0,42.0,0.3,0.1,0.8,4.0,805.0,0.0,0.0,0.2919254658385093
7.0,10.0,43.0,0.3,0.1,0.8,4.0,791.0,0.0,0.0,0.2945638432364096
7.0,10.0,44.0,0.3,0.1,0.8,4.0,794.0,0.0,0.0,0.2947103274559194
7.0,10.0,45.0,0.3,0.1,0.8,4.0,792.0,0.0,0.0,0.4431818181818182
7.0,10.0,46.0,0.3,0.1,0.8,4.0,784.0,0.0,0.0,0.44642857142857145
7.0,10.0,47.0,0.3,0.1,0.8,4.0,778.0,0.0,0.0,0.44601542416452444
7.0,10.0,48.0,0.3,0.1,0.8,4.0,781.0,0.0,0.0,0.4468629961587708
7.0,10.0,49.0,0.3,0.1,0.8,4.0,777.0,0.0,0.0,0.4453024453024453
7.0,10.0,50.0,0.3,0.1,0.8,4.0,782.0,0.0,0.0,0.44501278772378516
7.0,10.0,51.0,0.3,0.1,0.8,4.0,774.0,0.0,0.0,0.44573643410852715
7.0,10.0,52.0,0.3,0.1,0.8,4.0,779.0,0.0,0.0,0.4467265725288832
8.0,1.0,1.0,0.3,0.1,0.8,4.0,5059.0,43.0,9.0,0.2949199446530935
8.0,1.0,2.0,0.3,0.1,0.8,4.0,4973.0,53.0,23.0,0.29539513372209936
8.0,1.0,3.0,0.3,0.1,0.8,4.0,4880.0,72.0,34.0,0.2954918032786885
8.0,1.0,4.0,0.3,0.1,0.8,4.0,4793.0,78.0,34.0,0.29543083663676195
8.0,1.0,5.0,0.3,0.1,0.8,4.0,4842.0,83.0,30.0,0.2990499793473771
8.0,1.0,6.0,0.3,0.1,0.8,4.0,4680.0,95.0,37.0,0.30128205128205127
8.0,1.0,7.0,0.3,0.1,0.8,4.0,4584.0,102.0,40.0,0.3032286212914485
8.0,1.0,8.0,0.3,0.1,0.8,4.0,4455.0,115.0,44.0,0.3023569023569024
8.0,1.0,9.0,0.3,0.1,0.8,4.0,4315.0,116.0,48.0,0.30243337195828507
8.0,1.0,10.0,0.3,0.1,0.8,4.0,4158.0,129.0,55.0,0.3035113035113035
8.0,1.0,11.0,0.3,0.1,0.8,4.0,4066.0,142.0,65.0,0.30964092474176097
8.0,1.0,12.0,0.3,0.1,0.8,4.0,3974.0,150.0,66.0,0.30724710619023654
8.0,1.0,13.0,0.3,0.1,0.8,4.0,3878.0,152.0,64.0,0.31356369262506445
8.0,1.0,14.0,0.3,0.1,0.8,4.0,3753.0,151.0,65.0,0.3096189714894751
8.0,1.0,15.0,0.3,0.1,0.8,4.0,3663.0,157.0,70.0,0.3158613158613159
8.0,1.0,16.0,0.3,0.1,0.8,4.0,3539.0,156.0,76.0,0.3159084487143261
8.0,1.0,17.0,0.3,0.1,0.8,4.0,3464.0,144.0,69.0,0.3210161662817552
8.0,1.0,18.0,0.3,0.1,0.8,4.0,3349.0,140.0,69.0,0.32069274410271725
8.0,1.0,19.0,0.3,0.1,0.8,4.0,3315.0,137.0,64.0,0.3257918552036199
8.0,1.0,20.0,0.3,0.1,0.8,4.0,6037.0,130.0,66.0,0.17376180221964552
8.0,1.0,21.0,0.3,0.1,0.8,4.0,5724.0,162.0,59.0,0.17540181691125087
8.0,1.0,22.0,0.3,0.1,0.8,4.0,5448.0,191.0,67.0,0.17749632892804698
8.0,1.0,23.0,0.3,0.1,0.8,4.0,5186.0,197.0,79.0,0.18087157732356343
8.0,1.0,24.0,0.3,0.1,0.8,4.0,4976.0,236.0,90.0,0.18187299035369775
8.0,1.0,25.0,0.3,0.1,0.8,4.0,4727.0,267.0,102.0,0.18595303575206262
8.0,1.0,26.0,0.3,0.1,0.8,4.0,4552.0,297.0,103.0,0.19002636203866433
8.0,1.0,27.0,0.3,0.1,0.8,4.0,4426.0,328.0,130.0,0.19182105738816085
8.0,1.0,28.0,0.3,0.1,0.8,4.0,4177.0,318.0,142.0,0.1943978932248025
8.0,1.0,29.0,0.3,0.1,0.8,4.0,3970.0,348.0,166.0,0.19622166246851386
8.0,1.0,30.0,0.3,0.1,0.8,4.0,3769.0,347.0,175.0,0.20376757760679226
8.0,1.0,31.0,0.3,0.1,0.8,4.0,3527.0,346.0,150.0,0.2092429827048483
8.0,1.0,32.0,0.3,0.1,0.8,4.0,3404.0,355.0,147.0,0.21239717978848413
8.0,1.0,33.0,0.3,0.1,0.8,4.0,3248.0,346.0,152.0,0.21798029556650247
8.0,1.0,34.0,0.3,0.1,0.8,4.0,3151.0,359.0,152.0,0.22342113614725484
8.0,1.0,35.0,0.3,0.1,0.8,4.0,2974.0,348.0,153.0,0.22898453261600538
8.0,1.0,36.0,0.3,0.1,0.8,4.0,2803.0,348.0,154.0,0.23831608990367464
8.0,1.0,37.0,0.3,0.1,0.8,4.0,2705.0,350.0,158.0,0.24362292051756007
8.0,1.0,38.0,0.3,0.1,0.8,4.0,2570.0,345.0,159.0,0.2509727626459144
8.0,1.0,39.0,0.3,0.1,0.8,4.0,2424.0,340.0,148.0,0.26113861386138615
8.0,1.0,40.0,0.3,0.1,0.8,4.0,2344.0,326.0,156.0,0.26919795221843
8.0,1.0,41.0,0.3,0.1,0.8,4.0,2242.0,310.0,147.0,0.2792149866190901
8.0,1.0,42.0,0.3,0.1,0.8,4.0,2124.0,284.0,145.0,0.2848399246704331
8.0,1.0,43.0,0.3,0.1,0.8,4.0,2024.0,256.0,138.0,0.29446640316205536
8.0,1.0,44.0,0.3,0.1,0.8,4.0,1948.0,234.0,118.0,0.303388090349076
8.0,1.0,45.0,0.3,0.1,0.8,4.0,1840.0,211.0,99.0,0.4782608695652174
8.0,1.0,46.0,0.3,0.1,0.8,4.0,1778.0,184.0,95.0,0.48537682789651293
8.0,1.0,47.0,0.3,0.1,0.8,4.0,1723.0,168.0,99.0,0.4921648287869994
8.0,1.0,48.0,0.3,0.1,0.8,4.0,1668.0,146.0,84.0,0.5017985611510791
8.0,1.0,49.0,0.3,0.1,0.8,4.0,1620.0,122.0,63.0,0.5098765432098765
8.0,1.0,50.0,0.3,0.1,0.8,4.0,1557.0,110.0,52.0,0.5150931278098908
8.0,1.0,51.0,0.3,0.1,0.8,4.0,1500.0,96.0,58.0,0.52
8.0,1.0,52.0,0.3,0.1,0.8,4.0,1468.0,86.0,53.0,0.526566757493188
8.0,2.0,1.0,0.3,0.1,0.8,4.0,1424.0,79.0,43.0,0.5323033707865169
8.0,2.0,2.0,0.3,0.1,0.8,4.0,1385.0,69.0,30.0,0.540072202166065
8.0,2.0,3.0,0.3,0.1,0.8,4.0,1354.0,58.0,26.0,0.5465288035450517
8.0,2.0,4.0,0.3,0.1,0.8,4.0,1332.0,54.0,25.0,0.5495495495495496
8.0,2.0,5.0,0.3,0.1,0.8,4.0,1312.0,46.0,25.0,0.5510670731707317
8.0,2.0,6.0,0.3,0.1,0.8,4.0,1297.0,42.0,27.0,0.5535851966075559
8.0,2.0,7.0,0.3,0.1,0.8,4.0,1263.0,41.0,22.0,0.5566112430720507
8.0,2.0,8.0,0.3,0.1,0.8,4.0,1229.0,39.0,18.0,0.564686737184703
8.0,2.0,9.0,0.3,0.1,0.8,4.0,1220.0,33.0,20.0,0.5655737704918032
8.0,2.0,10.0,0.3,0.1,0.8,4.0,1201.0,29.0,17.0,0.5686927560366362
8.0,2.0,11.0,0.3,0.1,0.8,4.0,1193.0,26.0,17.0,0.5708298407376362
8.0,2.0,12.0,0.3,0.1,0.8,4.0,1171.0,19.0,9.0,0.5721605465414176
8.0,2.0,13.0,0.3,0.1,0.8,4.0,1155.0,21.0,12.0,0.5714285714285714
8.0,2.0,14.0,0.3,0.1,0.8,4.0,1132.0,16.0,11.0,0.5697879858657244
8.0,2.0,15.0,0.3,0.1,0.8,4.0,1112.0,15.0,10.0,0.5719424460431655
8.0,2.0,16.0,0.3,0.1,0.8,4.0,1084.0,13.0,8.0,0.566420664206642
8.0,2.0,17.0,0.3,0.1,0.8,4.0,1064.0,9.0,5.0,0.5723684210526315
8.0,2.0,18.0,0.3,0.1,0.8,4.0,1051.0,11.0,5.0,0.5689819219790676
8.0,2.0,19.0,0.3,0.1,0.8,4.0,1033.0,9.0,3.0,0.5730880929332043
8.0,2.0,20.0,0.3,0.1,0.8,4.0,1879.0,8.0,3.0,0.30973922299095263
8.0,2.0,21.0,0.3,0.1,0.8,4.0,1838.0,7.0,3.0,0.30903155603917304
8.0,2.0,22.0,0.3,0.1,0.8,4.0,1799.0,9.0,3.0,0.30183435241801
8.0,2.0,23.0,0.3,0.1,0.8,4.0,1740.0,7.0,4.0,0.3086206896551724
8.0,2.0,24.0,0.3,0.1,0.8,4.0,1733.0,6.0,4.0,0.30698211194460473
8.0,2.0,25.0,0.3,0.1,0.8,4.0,1711.0,7.0,2.0,0.30625365283459965
8.0,2.0,26.0,0.3,0.1,0.8,4.0,1630.0,6.0,2.0,0.31104294478527605
8.0,2.0,27.0,0.3,0.1,0.8,4.0,1600.0,4.0,1.0,0.3125
8.0,2.0,28.0,0.3,0.1,0.8,4.0,1585.0,6.0,2.0,0.31230283911671924
8.0,2.0,29.0,0.3,0.1,0.8,4.0,1555.0,5.0,2.0,0.31382636655948554
8.0,2.0,30.0,0.3,0.1,0.8,4.0,1527.0,6.0,2.0,0.3143418467583497
8.0,2.0,31.0,0.3,0.1,0.8,4.0,1509.0,6.0,1.0,0.31610337972166996
8.0,2.0,32.0,0.3,0.1,0.8,4.0,1477.0,10.0,2.0,0.31347325660121866
8.0,2.0,33.0,0.3,0.1,0.8,4.0,1464.0,12.0,2.0,0.3155737704918033
8.0,2.0,34.0,0.3,0.1,0.8,4.0,1448.0,13.0,4.0,0.31284530386740333
8.0,2.0,35.0,0.3,0.1,0.8,4.0,1416.0,14.0,5.0,0.3185028248587571
8.0,2.0,36.0,0.3,0.1,0.8,4.0,1381.0,14.0,6.0,0.31933381607530775
8.0,2.0,37.0,0.3,0.1,0.8,4.0,1370.0,16.0,7.0,0.318978102189781
8.0,2.0,38.0,0.3,0.1,0.8,4.0,1331.0,19.0,6.0,0.3170548459804658
8.0,2.0,39.0,0.3,0.1,0.8,4.0,1310.0,9.0,2.0,0.31755725190839695
8.0,2.0,40.0,0.3,0.1,0.8,4.0,1249.0,10.0,4.0,0.32425940752602084
8.0,2.0,41.0,0.3,0.1,0.8,4.0,1223.0,8.0,5.0,0.3270645952575634
8.0,2.0,42.0,0.3,0.1,0.8,4.0,1189.0,8.0,5.0,0.33052985702270815
8.0,2.0,43.0,0.3,0.1,0.8,4.0,1176.0,13.0,4.0,0.3299319727891156
8.0,2.0,44.0,0.3,0.1,0.8,4.0,1132.0,13.0,3.0,0.33480565371024734
8.0,2.0,45.0,0.3,0.1,0.8,4.0,1101.0,14.0,6.0,0.4732061762034514
8.0,2.0,46.0,0.3,0.1,0.8,4.0,1081.0,14.0,7.0,0.4782608695652174
8.0,2.0,47.0,0.3,0.1,0.8,4.0,1060.0,15.0,8.0,0.47641509433962265
8.0,2.0,48.0,0.3,0.1,0.8,4.0,1043.0,14.0,7.0,0.4793863854266539
8.0,2.0,49.0,0.3,0.1,0.8,4.0,1007.0,13.0,6.0,0.4846077457795432
8.0,2.0,50.0,0.3,0.1,0.8,4.0,1001.0,10.0,5.0,0.4835164835164835
8.0,2.0,51.0,0.3,0.1,0.8,4.0,974.0,7.0,3.0,0.48459958932238195
8.0,2.0,52.0,0.3,0.1,0.8,4.0,961.0,8.0,6.0,0.4838709677419355
8.0,3.0,1.0,0.3,0.1,0.8,4.0,945.0,6.0,5.0,0.4857142857142857
8.0,3.0,2.0,0.3,0.1,0.8,4.0,943.0,6.0,4.0,0.4878048780487805
8.0,3.0,3.0,0.3,0.1,0.8,4.0,930.0,3.0,1.0,0.49032258064516127
8.0,3.0,4.0,0.3,0.1,0.8,4.0,922.0,2.0,0.0,0.49349240780911063
8.0,3.0,5.0,0.3,0.1,0.8,4.0,915.0,2.0,2.0,0.49398907103825135
8.0,3.0,6.0,0.3,0.1,0.8,4.0,906.0,3.0,2.0,0.49448123620309054
8.0,3.0,7.0,0.3,0.1,0.8,4.0,894.0,4.0,2.0,0.49328859060402686
8.0,3.0,8.0,0.3,0.1,0.8,4.0,884.0,3.0,0.0,0.4920814479638009
8.0,3.0,9.0,0.3,0.1,0.8,4.0,865.0,3.0,2.0,0.4913294797687861
8.0,3.0,10.0,0.3,0.1,0.8,4.0,855.0,3.0,2.0,0.4842105263157895
8.0,3.0,11.0,0.3,0.1,0.8,4.0,846.0,3.0,3.0,0.48226950354609927
8.0,3.0,12.0,0.3,0.1,0.8,4.0,834.0,1.0,1.0,0.4832134292565947
8.0,3.0,13.0,0.3,0.1,0.8,4.0,823.0,2.0,1.0,0.479951397326853
8.0,3.0,14.0,0.3,0.1,0.8,4.0,813.0,1.0,1.0,0.4833948339483395
8.0,3.0,15.0,0.3,0.1,0.8,4.0,800.0,1.0,1.0,0.4825
8.0,3.0,16.0,0.3,0.1,0.8,4.0,794.0,1.0,1.0,0.47984886649874053
8.0,3.0,17.0,0.3,0.1,0.8,4.0,782.0,0.0,0.0,0.4820971867007673
8.0,3.0,18.0,0.3,0.1,0.8,4.0,776.0,0.0,0.0,0.4845360824742268
8.0,3.0,19.0,0.3,0.1,0.8,4.0,759.0,0.0,0.0,0.48221343873517786
8.0,3.0,20.0,0.3,0.1,0.8,4.0,1386.0,0.0,0.0,0.2619047619047619
8.0,3.0,21.0,0.3,0.1,0.8,4.0,1350.0,0.0,0.0,0.2614814814814815
8.0,3.0,22.0,0.3,0.1,0.8,4.0,1319.0,0.0,0.0,0.2623199393479909
8.0,3.0,23.0,0.3,0.1,0.8,4.0,1285.0,0.0,0.0,0.267704280155642
8.0,3.0,24.0,0.3,0.1,0.8,4.0,1258.0,0.0,0.0,0.26788553259141495
8.0,3.0,25.0,0.3,0.1,0.8,4.0,1240.0,0.0,0.0,0.2701612903225806
8.0,3.0,26.0,0.3,0.1,0.8,4.0,1201.0,0.0,0.0,0.2722731057452123
8.0,3.0,27.0,0.3,0.1,0.8,4.0,1149.0,0.0,0.0,0.28111401218450827
8.0,3.0,28.0,0.3,0.1,0.8,4.0,1115.0,0.0,0.0,0.2807174887892377
8.0,3.0,29.0,0.3,0.1,0.8,4.0,1089.0,0.0,0.0,0.2828282828282828
8.0,3.0,30.0,0.3,0.1,0.8,4.0,1064.0,0.0,0.0,0.2791353383458647
8.0,3.0,31.0,0.3,0.1,0.8,4.0,1029.0,0.0,0.0,0.2818270165208941
8.0,3.0,32.0,0.3,0.1,0.8,4.0,1013.0,0.0,0.0,0.28035538005923
8.0,3.0,33.0,0.3,0.1,0.8,4.0,999.0,0.0,0.0,0.2802802802802803
8.0,3.0,34.0,0.3,0.1,0.8,4.0,1005.0,0.0,0.0,0.27761194029850744
8.0,3.0,35.0,0.3,0.1,0.8,4.0,987.0,0.0,0.0,0.281661600810537
8.0,3.0,36.0,0.3,0.1,0.8,4.0,985.0,0.0,0.0,0.27614213197969545
8.0,3.0,37.0,0.3,0.1,0.8,4.0,926.0,0.0,0.0,0.28833693304535635
8.0,3.0,38.0,0.3,0.1,0.8,4.0,901.0,0.0,0.0,0.290788013318535
8.0,3.0,39.0,0.3,0.1,0.8,4.0,863.0,0.0,0.0,0.2943221320973349
8.0,3.0,40.0,0.3,0.1,0.8,4.0,866.0,0.0,0.0,0.29330254041570436
8.0,3.0,41.0,0.3,0.1,0.8,4.0,858.0,0.0,0.0,0.2937062937062937
8.0,3.0,42.0,0.3,0.1,0.8,4.0,854.0,0.0,0.0,0.297423887587822
8.0,3.0,43.0,0.3,0.1,0.8,4.0,821.0,0.0,0.0,0.30085261875761266
8.0,3.0,44.0,0.3,0.1,0.8,4.0,824.0,0.0,0.0,0.2961165048543689
8.0,3.0,45.0,0.3,0.1,0.8,4.0,796.0,0.0,0.0,0.457286432160804
8.0,3.0,46.0,0.3,0.1,0.8,4.0,793.0,0.0,0.0,0.4552332912988651
8.0,3.0,47.0,0.3,0.1,0.8,4.0,776.0,0.0,0.0,0.4587628865979381
8.0,3.0,48.0,0.3,0.1,0.8,4.0,781.0,0.0,0.0,0.4558258642765685
8.0,3.0,49.0,0.3,0.1,0.8,4.0,745.0,0.0,0.0,0.4590604026845638
8.0,3.0,50.0,0.3,0.1,0.8,4.0,749.0,0.0,0.0,0.45660881174899864
8.0,3.0,51.0,0.3,0.1,0.8,4.0,739.0,0.0,0.0,0.45737483085250336
8.0,3.0,52.0,0.3,0.1,0.8,4.0,736.0,0.0,0.0,0.4592391304347826
8.0,4.0,1.0,0.3,0.1,0.8,4.0,716.0,0.0,0.0,0.4594972067039106
8.0,4.0,2.0,0.3,0.1,0.8,4.0,715.0,0.0,0.0,0.45874125874125876
8.0,4.0,3.0,0.3,0.1,0.8,4.0,701.0,0.0,0.0,0.4593437945791726
8.0,4.0,4.0,0.3,0.1,0.8,4.0,705.0,0.0,0.0,0.45673758865248226
8.0,4.0,5.0,0.3,0.1,0.8,4.0,691.0,0.0,0.0,0.4573082489146165
8.0,4.0,6.0,0.3,0.1,0.8,4.0,699.0,0.0,0.0,0.45493562231759654
8.0,4.0,7.0,0.3,0.1,0.8,4.0,690.0,0.0,0.0,0.4579710144927536
8.0,4.0,8.0,0.3,0.1,0.8,4.0,689.0,0.0,0.0,0.4528301886792453
8.0,4.0,9.0,0.3,0.1,0.8,4.0,679.0,0.0,0.0,0.4536082474226804
8.0,4.0,10.0,0.3,0.1,0.8,4.0,674.0,0.0,0.0,0.45103857566765576
8.0,4.0,11.0,0.3,0.1,0.8,4.0,666.0,0.0,0.0,0.45345345345345345
8.0,4.0,12.0,0.3,0.1,0.8,4.0,664.0,0.0,0.0,0.45331325301204817
8.0,4.0,13.0,0.3,0.1,0.8,4.0,657.0,0.0,0.0,0.4535768645357686
8.0,4.0,14.0,0.3,0.1,0.8,4.0,647.0,0.0,0.0,0.4574961360123648
8.0,4.0,15.0,0.3,0.1,0.8,4.0,641.0,0.0,0.0,0.45709828393135726
8.0,4.0,16.0,0.3,0.1,0.8,4.0,621.0,0.0,0.0,0.46537842190016104
8.0,4.0,17.0,0.3,0.1,0.8,4.0,613.0,0.0,0.0,0.466557911908646
8.0,4.0,18.0,0.3,0.1,0.8,4.0,607.0,0.0,0.0,0.4695222405271829
8.0,4.0,19.0,0.3,0.1,0.8,4.0,602.0,0.0,0.0,0.4717607973421927
8.0,4.0,20.0,0.3,0.1,0.8,4.0,1057.0,0.0,0.0,0.27057710501419113
8.0,4.0,21.0,0.3,0.1,0.8,4.0,1040.0,0.0,0.0,0.27307692307692305
8.0,4.0,22.0,0.3,0.1,0.8,4.0,1021.0,0.0,0.0,0.277179236043095
8.0,4.0,23.0,0.3,0.1,0.8,4.0,976.0,0.0,0.0,0.2766393442622951
8.0,4.0,24.0,0.3,0.1,0.8,4.0,972.0,0.0,0.0,0.27469135802469136
8.0,4.0,25.0,0.3,0.1,0.8,4.0,967.0,0.0,0.0,0.27404343329886244
8.0,4.0,26.0,0.3,0.1,0.8,4.0,972.0,0.0,0.0,0.27469135802469136
8.0,4.0,27.0,0.3,0.1,0.8,4.0,950.0,0.0,0.0,0.27473684210526317
8.0,4.0,28.0,0.3,0.1,0.8,4.0,950.0,0.0,0.0,0.27578947368421053
8.0,4.0,29.0,0.3,0.1,0.8,4.0,930.0,0.0,0.0,0.27956989247311825
8.0,4.0,30.0,0.3,0.1,0.8,4.0,937.0,0.0,0.0,0.27854855923159016
8.0,4.0,31.0,0.3,0.1,0.8,4.0,918.0,0.0,0.0,0.28104575163398693
8.0,4.0,32.0,0.3,0.1,0.8,4.0,899.0,0.0,0.0,0.28476084538375973
8.0,4.0,33.0,0.3,0.1,0.8,4.0,877.0,0.0,0.0,0.28278221208665905
8.0,4.0,34.0,0.3,0.1,0.8,4.0,881.0,0.0,0.0,0.28036322360953464
8.0,4.0,35.0,0.3,0.1,0.8,4.0,841.0,0.0,0.0,0.28180737217598095
8.0,4.0,36.0,0.3,0.1,0.8,4.0,838.0,0.0,0.0,0.28042959427207637
8.0,4.0,37.0,0.3,0.1,0.8,4.0,820.0,0.0,0.0,0.27195121951219514
8.0,4.0,38.0,0.3,0.1,0.8,4.0,792.0,0.0,0.0,0.2803030303030303
8.0,4.0,39.0,0.3,0.1,0.8,4.0,785.0,0.0,0.0,0.2764331210191083
8.0,4.0,40.0,0.3,0.1,0.8,4.0,770.0,0.0,0.0,0.2779220779220779
8.0,4.0,41.0,0.3,0.1,0.8,4.0,778.0,0.0,0.0,0.2750642673521851
8.0,4.0,42.0,0.3,0.1,0.8,4.0,755.0,0.0,0.0,0.2768211920529801
8.0,4.0,43.0,0.3,0.1,0.8,4.0,765.0,0.0,0.0,0.2718954248366013
8.0,4.0,44.0,0.3,0.1,0.8,4.0,734.0,0.0,0.0,0.27520435967302453
8.0,4.0,45.0,0.3,0.1,0.8,4.0,720.0,0.0,0.0,0.4305555555555556
8.0,4.0,46.0,0.3,0.1,0.8,4.0,705.0,0.0,0.0,0.4297872340425532
8.0,4.0,47.0,0.3,0.1,0.8,4.0,695.0,0.0,0.0,0.437410071942446
8.0,4.0,48.0,0.3,0.1,0.8,4.0,697.0,0.0,0.0,0.43185078909612623
8.0,4.0,49.0,0.3,0.1,0.8,4.0,689.0,0.0,0.0,0.43686502177068215
8.0,4.0,50.0,0.3,0.1,0.8,4.0,682.0,0.0,0.0,0.4310850439882698
8.0,4.0,51.0,0.3,0.1,0.8,4.0,671.0,0.0,0.0,0.4336810730253353
8.0,4.0,52.0,0.3,0.1,0.8,4.0,674.0,0.0,0.0,0.42729970326409494
8.0,5.0,1.0,0.3,0.1,0.8,4.0,665.0,0.0,0.0,0.4330827067669173
8.0,5.0,2.0,0.3,0.1,0.8,4.0,665.0,0.0,0.0,0.4270676691729323
8.0,5.0,3.0,0.3,0.1,0.8,4.0,652.0,0.0,0.0,0.4325153374233129
8.0,5.0,4.0,0.3,0.1,0.8,4.0,651.0,0.0,0.0,0.42242703533026116
8.0,5.0,5.0,0.3,0.1,0.8,4.0,646.0,0.0,0.0,0.4241486068111455
8.0,5.0,6.0,0.3,0.1,0.8,4.0,647.0,0.0,0.0,0.4188562596599691
8.0,5.0,7.0,0.3,0.1,0.8,4.0,639.0,0.0,0.0,0.4225352112676056
8.0,5.0,8.0,0.3,0.1,0.8,4.0,637.0,0.0,0.0,0.4207221350078493
8.0,5.0,9.0,0.3,0.1,0.8,4.0,633.0,0.0,0.0,0.4218009478672986
8.0,5.0,10.0,0.3,0.1,0.8,4.0,626.0,0.0,0.0,0.4217252396166134
8.0,5.0,11.0,0.3,0.1,0.8,4.0,627.0,0.0,0.0,0.4226475279106858
8.0,5.0,12.0,0.3,0.1,0.8,4.0,625.0,0.0,0.0,0.4224
8.0,5.0,13.0,0.3,0.1,0.8,4.0,618.0,0.0,0.0,0.4223300970873786
8.0,5.0,14.0,0.3,0.1,0.8,4.0,610.0,0.0,0.0,0.42131147540983604
8.0,5.0,15.0,0.3,0.1,0.8,4.0,605.0,0.0,0.0,0.4231404958677686
8.0,5.0,16.0,0.3,0.1,0.8,4.0,602.0,0.0,0.0,0.4186046511627907
8.0,5.0,17.0,0.3,0.1,0.8,4.0,599.0,0.0,0.0,0.42070116861435725
8.0,5.0,18.0,0.3,0.1,0.8,4.0,596.0,0.0,0.0,0.4211409395973154
8.0,5.0,19.0,0.3,0.1,0.8,4.0,596.0,0.0,0.0,0.4211409395973154
8.0,5.0,20.0,0.3,0.1,0.8,4.0,1084.0,0.0,0.0,0.23062730627306274
8.0,5.0,21.0,0.3,0.1,0.8,4.0,1032.0,0.0,0.0,0.23255813953488372
8.0,5.0,22.0,0.3,0.1,0.8,4.0,1009.0,0.0,0.0,0.23290386521308226
8.0,5.0,23.0,0.3,0.1,0.8,4.0,972.0,0.0,0.0,0.23868312757201646
8.0,5.0,24.0,0.3,0.1,0.8,4.0,935.0,0.0,0.0,0.23636363636363636
8.0,5.0,25.0,0.3,0.1,0.8,4.0,905.0,0.0,0.0,0.2408839779005525
8.0,5.0,26.0,0.3,0.1,0.8,4.0,889.0,0.0,0.0,0.2373453318335208
8.0,5.0,27.0,0.3,0.1,0.8,4.0,844.0,0.0,0.0,0.24644549763033174
8.0,5.0,28.0,0.3,0.1,0.8,4.0,851.0,0.0,0.0,0.23971797884841364
8.0,5.0,29.0,0.3,0.1,0.8,4.0,810.0,0.0,0.0,0.2518518518518518
8.0,5.0,30.0,0.3,0.1,0.8,4.0,823.0,0.0,0.0,0.24301336573511542
8.0,5.0,31.0,0.3,0.1,0.8,4.0,798.0,0.0,0.0,0.24937343358395989
8.0,5.0,32.0,0.3,0.1,0.8,4.0,801.0,0.0,0.0,0.24094881398252185
8.0,5.0,33.0,0.3,0.1,0.8,4.0,777.0,0.0,0.0,0.2471042471042471
8.0,5.0,34.0,0.3,0.1,0.8,4.0,778.0,0.0,0.0,0.2416452442159383
8.0,5.0,35.0,0.3,0.1,0.8,4.0,764.0,0.0,0.0,0.24607329842931938
8.0,5.0,36.0,0.3,0.1,0.8,4.0,764.0,0.0,0.0,0.2395287958115183
8.0,5.0,37.0,0.3,0.1,0.8,4.0,733.0,0.0,0.0,0.24693042291950887
8.0,5.0,38.0,0.3,0.1,0.8,4.0,706.0,0.0,0.0,0.24645892351274787
8.0,5.0,39.0,0.3,0.1,0.8,4.0,700.0,0.0,0.0,0.25142857142857145
8.0,5.0,40.0,0.3,0.1,0.8,4.0,687.0,0.0,0.0,0.24599708879184862
8.0,5.0,41.0,0.3,0.1,0.8,4.0,682.0,0.0,0.0,0.24780058651026393
8.0,5.0,42.0,0.3,0.1,0.8,4.0,678.0,0.0,0.0,0.24188790560471976
8.0,5.0,43.0,0.3,0.1,0.8,4.0,672.0,0.0,0.0,0.24851190476190477
8.0,5.0,44.0,0.3,0.1,0.8,4.0,672.0,0.0,0.0,0.24107142857142858
8.0,5.0,45.0,0.3,0.1,0.8,4.0,668.0,0.0,0.0,0.3907185628742515
8.0,5.0,46.0,0.3,0.1,0.8,4.0,671.0,0.0,0.0,0.37853949329359166
8.0,5.0,47.0,0.3,0.1,0.8,4.0,666.0,0.0,0.0,0.3888888888888889
8.0,5.0,48.0,0.3,0.1,0.8,4.0,652.0,0.0,0.0,0.37883435582822084
8.0,5.0,49.0,0.3,0.1,0.8,4.0,641.0,0.0,0.0,0.38533541341653665
8.0,5.0,50.0,0.3,0.1,0.8,4.0,609.0,0.0,0.0,0.3825944170771757
8.0,5.0,51.0,0.3,0.1,0.8,4.0,611.0,0.0,0.0,0.39279869067103107
8.0,5.0,52.0,0.3,0.1,0.8,4.0,602.0,0.0,0.0,0.38205980066445183
8.0,6.0,1.0,0.3,0.1,0.8,4.0,604.0,0.0,0.0,0.39072847682119205
8.0,6.0,2.0,0.3,0.1,0.8,4.0,598.0,0.0,0.0,0.3795986622073579
8.0,6.0,3.0,0.3,0.1,0.8,4.0,596.0,0.0,0.0,0.3926174496644295
8.0,6.0,4.0,0.3,0.1,0.8,4.0,586.0,0.0,0.0,0.3822525597269625
8.0,6.0,5.0,0.3,0.1,0.8,4.0,588.0,0.0,0.0,0.39285714285714285
8.0,6.0,6.0,0.3,0.1,0.8,4.0,583.0,0.0,0.0,0.38250428816466553
8.0,6.0,7.0,0.3,0.1,0.8,4.0,587.0,0.0,0.0,0.393526405451448
8.0,6.0,8.0,0.3,0.1,0.8,4.0,578.0,0.0,0.0,0.38581314878892736
8.0,6.0,9.0,0.3,0.1,0.8,4.0,585.0,0.0,0.0,0.39487179487179486
8.0,6.0,10.0,0.3,0.1,0.8,4.0,577.0,0.0,0.0,0.38128249566724437
8.0,6.0,11.0,0.3,0.1,0.8,4.0,580.0,0.0,0.0,0.3913793103448276
8.0,6.0,12.0,0.3,0.1,0.8,4.0,573.0,0.0,0.0,0.38045375218150085
8.0,6.0,13.0,0.3,0.1,0.8,4.0,576.0,0.0,0.0,0.3923611111111111
8.0,6.0,14.0,0.3,0.1,0.8,4.0,570.0,0.0,0.0,0.3824561403508772
8.0,6.0,15.0,0.3,0.1,0.8,4.0,573.0,0.0,0.0,0.3944153577661431
8.0,6.0,16.0,0.3,0.1,0.8,4.0,567.0,0.0,0.0,0.3844797178130511
8.0,6.0,17.0,0.3,0.1,0.8,4.0,570.0,0.0,0.0,0.3929824561403509
8.0,6.0,18.0,0.3,0.1,0.8,4.0,567.0,0.0,0.0,0.3844797178130511
8.0,6.0,19.0,0.3,0.1,0.8,4.0,569.0,0.0,0.0,0.3936731107205624
8.0,6.0,20.0,0.3,0.1,0.8,4.0,1023.0,0.0,0.0,0.21114369501466276
8.0,6.0,21.0,0.3,0.1,0.8,4.0,1009.0,0.0,0.0,0.2180376610505451
8.0,6.0,22.0,0.3,0.1,0.8,4.0,984.0,0.0,0.0,0.21138211382113822
8.0,6.0,23.0,0.3,0.1,0.8,4.0,950.0,0.0,0.0,0.22105263157894736
8.0,6.0,24.0,0.3,0.1,0.8,4.0,952.0,0.0,0.0,0.21218487394957983
8.0,6.0,25.0,0.3,0.1,0.8,4.0,946.0,0.0,0.0,0.22093023255813954
8.0,6.0,26.0,0.3,0.1,0.8,4.0,932.0,0.0,0.0,0.2145922746781116
8.0,6.0,27.0,0.3,0.1,0.8,4.0,930.0,0.0,0.0,0.22258064516129034
8.0,6.0,28.0,0.3,0.1,0.8,4.0,920.0,0.0,0.0,0.21304347826086956
8.0,6.0,29.0,0.3,0.1,0.8,4.0,875.0,0.0,0.0,0.22628571428571428
8.0,6.0,30.0,0.3,0.1,0.8,4.0,864.0,0.0,0.0,0.2222222222222222
8.0,6.0,31.0,0.3,0.1,0.8,4.0,848.0,0.0,0.0,0.22641509433962265
8.0,6.0,32.0,0.3,0.1,0.8,4.0,840.0,0.0,0.0,0.21904761904761905
8.0,6.0,33.0,0.3,0.1,0.8,4.0,837.0,0.0,0.0,0.22461170848267623
8.0,6.0,34.0,0.3,0.1,0.8,4.0,827.0,0.0,0.0,0.22128174123337363
8.0,6.0,35.0,0.3,0.1,0.8,4.0,822.0,0.0,0.0,0.22019464720194648
8.0,6.0,36.0,0.3,0.1,0.8,4.0,801.0,0.0,0.0,0.2184769038701623
8.0,6.0,37.0,0.3,0.1,0.8,4.0,780.0,0.0,0.0,0.22179487179487178
8.0,6.0,38.0,0.3,0.1,0.8,4.0,763.0,0.0,0.0,0.2214941022280472
8.0,6.0,39.0,0.3,0.1,0.8,4.0,753.0,0.0,0.0,0.22310756972111553
8.0,6.0,40.0,0.3,0.1,0.8,4.0,755.0,0.0,0.0,0.21721854304635763
8.0,6.0,41.0,0.3,0.1,0.8,4.0,735.0,0.0,0.0,0.2217687074829932
8.0,6.0,42.0,0.3,0.1,0.8,4.0,727.0,0.0,0.0,0.21595598349381018
8.0,6.0,43.0,0.3,0.1,0.8,4.0,716.0,0.0,0.0,0.21787709497206703
8.0,6.0,44.0,0.3,0.1,0.8,4.0,724.0,0.0,0.0,0.21408839779005526
8.0,6.0,45.0,0.3,0.1,0.8,4.0,715.0,0.0,0.0,0.4027972027972028
8.0,6.0,46.0,0.3,0.1,0.8,4.0,704.0,0.0,0.0,0.40198863636363635
8.0,6.0,47.0,0.3,0.1,0.8,4.0,691.0,0.0,0.0,0.4037626628075253
8.0,6.0,48.0,0.3,0.1,0.8,4.0,699.0,0.0,0.0,0.402002861230329
8.0,6.0,49.0,0.3,0.1,0.8,4.0,688.0,0.0,0.0,0.4011627906976744
8.0,6.0,50.0,0.3,0.1,0.8,4.0,697.0,0.0,0.0,0.4017216642754663
8.0,6.0,51.0,0.3,0.1,0.8,4.0,679.0,0.0,0.0,0.39911634756995584
8.0,6.0,52.0,0.3,0.1,0.8,4.0,672.0,0.0,0.0,0.4017857142857143
8.0,7.0,1.0,0.3,0.1,0.8,4.0,662.0,0.0,0.0,0.4003021148036254
8.0,7.0,2.0,0.3,0.1,0.8,4.0,670.0,0.0,0.0,0.4014925373134328
8.0,7.0,3.0,0.3,0.1,0.8,4.0,657.0,0.0,0.0,0.395738203957382
8.0,7.0,4.0,0.3,0.1,0.8,4.0,664.0,0.0,0.0,0.3990963855421687
8.0,7.0,5.0,0.3,0.1,0.8,4.0,651.0,0.0,0.0,0.3978494623655914
8.0,7.0,6.0,0.3,0.1,0.8,4.0,658.0,0.0,0.0,0.39969604863221886
8.0,7.0,7.0,0.3,0.1,0.8,4.0,636.0,0.0,0.0,0.40408805031446543
8.0,7.0,8.0,0.3,0.1,0.8,4.0,641.0,0.0,0.0,0.40561622464898595
8.0,7.0,9.0,0.3,0.1,0.8,4.0,631.0,0.0,0.0,0.40253565768621236
8.0,7.0,10.0,0.3,0.1,0.8,4.0,630.0,0.0,0.0,0.4015873015873016
8.0,7.0,11.0,0.3,0.1,0.8,4.0,625.0,0.0,0.0,0.4
8.0,7.0,12.0,0.3,0.1,0.8,4.0,627.0,0.0,0.0,0.4019138755980861
8.0,7.0,13.0,0.3,0.1,0.8,4.0,622.0,0.0,0.0,0.40192926045016075
8.0,7.0,14.0,0.3,0.1,0.8,4.0,625.0,0.0,0.0,0.4032
8.0,7.0,15.0,0.3,0.1,0.8,4.0,618.0,0.0,0.0,0.4029126213592233
8.0,7.0,16.0,0.3,0.1,0.8,4.0,610.0,0.0,0.0,0.40491803278688526
8.0,7.0,17.0,0.3,0.1,0.8,4.0,605.0,0.0,0.0,0.4049586776859504
8.0,7.0,18.0,0.3,0.1,0.8,4.0,607.0,0.0,0.0,0.40362438220757824
8.0,7.0,19.0,0.3,0.1,0.8,4.0,602.0,0.0,0.0,0.40365448504983387
8.0,7.0,20.0,0.3,0.1,0.8,4.0,1104.0,0.0,0.0,0.22192028985507245
8.0,7.0,21.0,0.3,0.1,0.8,4.0,1030.0,0.0,0.0,0.2262135922330097
8.0,7.0,22.0,0.3,0.1,0.8,4.0,1025.0,0.0,0.0,0.22439024390243903
8.0,7.0,23.0,0.3,0.1,0.8,4.0,998.0,0.0,0.0,0.22645290581162325
8.0,7.0,24.0,0.3,0.1,0.8,4.0,1007.0,0.0,0.0,0.22641509433962265
8.0,7.0,25.0,0.3,0.1,0.8,4.0,955.0,0.0,0.0,0.23141361256544501
8.0,7.0,26.0,0.3,0.1,0.8,4.0,965.0,0.0,0.0,0.23005181347150258
8.0,7.0,27.0,0.3,0.1,0.8,4.0,926.0,0.0,0.0,0.23326133909287258
8.0,7.0,28.0,0.3,0.1,0.8,4.0,916.0,0.0,0.0,0.2336244541484716
8.0,7.0,29.0,0.3,0.1,0.8,4.0,894.0,0.0,0.0,0.232662192393736
8.0,7.0,30.0,0.3,0.1,0.8,4.0,887.0,0.0,0.0,0.2322435174746336
8.0,7.0,31.0,0.3,0.1,0.8,4.0,876.0,0.0,0.0,0.2328767123287671
8.0,7.0,32.0,0.3,0.1,0.8,4.0,873.0,0.0,0.0,0.23482245131729668
8.0,7.0,33.0,0.3,0.1,0.8,4.0,842.0,0.0,0.0,0.23515439429928742
8.0,7.0,34.0,0.3,0.1,0.8,4.0,851.0,0.0,0.0,0.23501762632197415
8.0,7.0,35.0,0.3,0.1,0.8,4.0,827.0,0.0,0.0,0.23458282950423218
8.0,7.0,36.0,0.3,0.1,0.8,4.0,836.0,0.0,0.0,0.2332535885167464
8.0,7.0,37.0,0.3,0.1,0.8,4.0,825.0,0.0,0.0,0.23393939393939395
8.0,7.0,38.0,0.3,0.1,0.8,4.0,827.0,0.0,0.0,0.23216444981862153
8.0,7.0,39.0,0.3,0.1,0.8,4.0,790.0,0.0,0.0,0.23544303797468355
8.0,7.0,40.0,0.3,0.1,0.8,4.0,798.0,0.0,0.0,0.23308270676691728
8.0,7.0,41.0,0.3,0.1,0.8,4.0,759.0,0.0,0.0,0.23715415019762845
8.0,7.0,42.0,0.3,0.1,0.8,4.0,767.0,0.0,0.0,0.23598435462842243
8.0,7.0,43.0,0.3,0.1,0.8,4.0,733.0,0.0,0.0,0.23874488403819918
8.0,7.0,44.0,0.3,0.1,0.8,4.0,733.0,0.0,0.0,0.2373806275579809
8.0,7.0,45.0,0.3,0.1,0.8,4.0,721.0,0.0,0.0,0.4077669902912621
8.0,7.0,46.0,0.3,0.1,0.8,4.0,729.0,0.0,0.0,0.4060356652949246
8.0,7.0,47.0,0.3,0.1,0.8,4.0,704.0,0.0,0.0,0.4090909090909091
8.0,7.0,48.0,0.3,0.1,0.8,4.0,713.0,0.0,0.0,0.4067321178120617
8.0,7.0,49.0,0.3,0.1,0.8,4.0,703.0,0.0,0.0,0.40825035561877665
8.0,7.0,50.0,0.3,0.1,0.8,4.0,708.0,0.0,0.0,0.403954802259887
8.0,7.0,51.0,0.3,0.1,0.8,4.0,695.0,0.0,0.0,0.40431654676258993
8.0,7.0,52.0,0.3,0.1,0.8,4.0,689.0,0.0,0.0,0.4020319303338171
8.0,8.0,1.0,0.3,0.1,0.8,4.0,681.0,0.0,0.0,0.4023494860499266
8.0,8.0,2.0,0.3,0.1,0.8,4.0,686.0,0.0,0.0,0.4008746355685131
8.0,8.0,3.0,0.3,0.1,0.8,4.0,679.0,0.0,0.0,0.4020618556701031
8.0,8.0,4.0,0.3,0.1,0.8,4.0,672.0,0.0,0.0,0.40327380952380953
8.0,8.0,5.0,0.3,0.1,0.8,4.0,663.0,0.0,0.0,0.4057315233785822
8.0,8.0,6.0,0.3,0.1,0.8,4.0,670.0,0.0,0.0,0.40298507462686567
8.0,8.0,7.0,0.3,0.1,0.8,4.0,663.0,0.0,0.0,0.4042232277526395
8.0,8.0,8.0,0.3,0.1,0.8,4.0,668.0,0.0,0.0,0.4026946107784431
8.0,8.0,9.0,0.3,0.1,0.8,4.0,658.0,0.0,0.0,0.40577507598784196
8.0,8.0,10.0,0.3,0.1,0.8,4.0,663.0,0.0,0.0,0.4042232277526395
8.0,8.0,11.0,0.3,0.1,0.8,4.0,657.0,0.0,0.0,0.4048706240487062
8.0,8.0,12.0,0.3,0.1,0.8,4.0,663.0,0.0,0.0,0.4042232277526395
8.0,8.0,13.0,0.3,0.1,0.8,4.0,653.0,0.0,0.0,0.4058192955589586
8.0,8.0,14.0,0.3,0.1,0.8,4.0,659.0,0.0,0.0,0.40515933232169954
8.0,8.0,15.0,0.3,0.1,0.8,4.0,651.0,0.0,0.0,0.40706605222734255
8.0,8.0,16.0,0.3,0.1,0.8,4.0,655.0,0.0,0.0,0.4076335877862595
8.0,8.0,17.0,0.3,0.1,0.8,4.0,649.0,0.0,0.0,0.4067796610169492
8.0,8.0,18.0,0.3,0.1,0.8,4.0,654.0,0.0,0.0,0.40672782874617736
8.0,8.0,19.0,0.3,0.1,0.8,4.0,649.0,0.0,0.0,0.4067796610169492
8.0,8.0,20.0,0.3,0.1,0.8,4.0,1186.0,0.0,0.0,0.22344013490725126
8.0,8.0,21.0,0.3,0.1,0.8,4.0,1143.0,0.0,0.0,0.22397200349956256
8.0,8.0,22.0,0.3,0.1,0.8,4.0,1156.0,0.0,0.0,0.2231833910034602
8.0,8.0,23.0,0.3,0.1,0.8,4.0,1132.0,0.0,0.0,0.22614840989399293
8.0,8.0,24.0,0.3,0.1,0.8,4.0,1113.0,0.0,0.0,0.22731356693620844
8.0,8.0,25.0,0.3,0.1,0.8,4.0,1030.0,0.0,0.0,0.23106796116504855
8.0,8.0,26.0,0.3,0.1,0.8,4.0,1030.0,0.0,0.0,0.2320388349514563
8.0,8.0,27.0,0.3,0.1,0.8,4.0,978.0,0.0,0.0,0.23517382413087934
8.0,8.0,28.0,0.3,0.1,0.8,4.0,973.0,0.0,0.0,0.23535457348406988
8.0,8.0,29.0,0.3,0.1,0.8,4.0,941.0,0.0,0.0,0.23804463336875664
8.0,8.0,30.0,0.3,0.1,0.8,4.0,940.0,0.0,0.0,0.2372340425531915
8.0,8.0,31.0,0.3,0.1,0.8,4.0,926.0,0.0,0.0,0.2386609071274298
8.0,8.0,32.0,0.3,0.1,0.8,4.0,929.0,0.0,0.0,0.24004305705059203
8.0,8.0,33.0,0.3,0.1,0.8,4.0,915.0,0.0,0.0,0.24153005464480876
8.0,8.0,34.0,0.3,0.1,0.8,4.0,926.0,0.0,0.0,0.23974082073434125
8.0,8.0,35.0,0.3,0.1,0.8,4.0,915.0,0.0,0.0,0.24153005464480876
8.0,8.0,36.0,0.3,0.1,0.8,4.0,912.0,0.0,0.0,0.24232456140350878
8.0,8.0,37.0,0.3,0.1,0.8,4.0,885.0,0.0,0.0,0.24293785310734464
8.0,8.0,38.0,0.3,0.1,0.8,4.0,883.0,0.0,0.0,0.24122310305775765
8.0,8.0,39.0,0.3,0.1,0.8,4.0,871.0,0.0,0.0,0.24339839265212398
8.0,8.0,40.0,0.3,0.1,0.8,4.0,859.0,0.0,0.0,0.2467986030267753
8.0,8.0,41.0,0.3,0.1,0.8,4.0,846.0,0.0,0.0,0.24822695035460993
8.0,8.0,42.0,0.3,0.1,0.8,4.0,859.0,0.0,0.0,0.2467986030267753
8.0,8.0,43.0,0.3,0.1,0.8,4.0,845.0,0.0,0.0,0.24733727810650888
8.0,8.0,44.0,0.3,0.1,0.8,4.0,858.0,0.0,0.0,0.24592074592074592
8.0,8.0,45.0,0.3,0.1,0.8,4.0,809.0,0.0,0.0,0.415327564894932
8.0,8.0,46.0,0.3,0.1,0.8,4.0,821.0,0.0,0.0,0.41412911084043846
8.0,8.0,47.0,0.3,0.1,0.8,4.0,795.0,0.0,0.0,0.41635220125786165
8.0,8.0,48.0,0.3,0.1,0.8,4.0,796.0,0.0,0.0,0.4158291457286432
8.0,8.0,49.0,0.3,0.1,0.8,4.0,771.0,0.0,0.0,0.4150453955901427
8.0,8.0,50.0,0.3,0.1,0.8,4.0,782.0,0.0,0.0,0.4143222506393862
8.0,8.0,51.0,0.3,0.1,0.8,4.0,765.0,0.0,0.0,0.4196078431372549
8.0,8.0,52.0,0.3,0.1,0.8,4.0,776.0,0.0,0.0,0.4175257731958763
8.0,9.0,1.0,0.3,0.1,0.8,4.0,765.0,0.0,0.0,0.4196078431372549
8.0,9.0,2.0,0.3,0.1,0.8,4.0,774.0,0.0,0.0,0.4186046511627907
8.0,9.0,3.0,0.3,0.1,0.8,4.0,751.0,0.0,0.0,0.4234354194407457
8.0,9.0,4.0,0.3,0.1,0.8,4.0,763.0,0.0,0.0,0.42070773263433814
8.0,9.0,5.0,0.3,0.1,0.8,4.0,738.0,0.0,0.0,0.42276422764227645
8.0,9.0,6.0,0.3,0.1,0.8,4.0,749.0,0.0,0.0,0.4205607476635514
8.0,9.0,7.0,0.3,0.1,0.8,4.0,737.0,0.0,0.0,0.42198100407055633
8.0,9.0,8.0,0.3,0.1,0.8,4.0,743.0,0.0,0.0,0.423956931359354
8.0,9.0,9.0,0.3,0.1,0.8,4.0,733.0,0.0,0.0,0.42701227830832195
8.0,9.0,10.0,0.3,0.1,0.8,4.0,729.0,0.0,0.0,0.42661179698216734
8.0,9.0,11.0,0.3,0.1,0.8,4.0,722.0,0.0,0.0,0.4279778393351801
8.0,9.0,12.0,0.3,0.1,0.8,4.0,725.0,0.0,0.0,0.4289655172413793
8.0,9.0,13.0,0.3,0.1,0.8,4.0,717.0,0.0,0.0,0.4309623430962343
8.0,9.0,14.0,0.3,0.1,0.8,4.0,718.0,0.0,0.0,0.43175487465181056
8.0,9.0,15.0,0.3,0.1,0.8,4.0,709.0,0.0,0.0,0.4330042313117066
8.0,9.0,16.0,0.3,0.1,0.8,4.0,708.0,0.0,0.0,0.4350282485875706
8.0,9.0,17.0,0.3,0.1,0.8,4.0,702.0,0.0,0.0,0.4358974358974359
8.0,9.0,18.0,0.3,0.1,0.8,4.0,696.0,0.0,0.0,0.4382183908045977
8.0,9.0,19.0,0.3,0.1,0.8,4.0,690.0,0.0,0.0,0.4391304347826087
8.0,9.0,20.0,0.3,0.1,0.8,4.0,1245.0,0.0,0.0,0.23453815261044178
8.0,9.0,21.0,0.3,0.1,0.8,4.0,1192.0,0.0,0.0,0.23909395973154363
8.0,9.0,22.0,0.3,0.1,0.8,4.0,1193.0,0.0,0.0,0.23973176865046103
8.0,9.0,23.0,0.3,0.1,0.8,4.0,1125.0,0.0,0.0,0.24444444444444444
8.0,9.0,24.0,0.3,0.1,0.8,4.0,1117.0,0.0,0.0,0.24350940017905104
8.0,9.0,25.0,0.3,0.1,0.8,4.0,1067.0,0.0,0.0,0.2436738519212746
8.0,9.0,26.0,0.3,0.1,0.8,4.0,1072.0,0.0,0.0,0.24347014925373134
8.0,9.0,27.0,0.3,0.1,0.8,4.0,1015.0,0.0,0.0,0.24729064039408866
8.0,9.0,28.0,0.3,0.1,0.8,4.0,1020.0,0.0,0.0,0.24705882352941178
8.0,9.0,29.0,0.3,0.1,0.8,4.0,1014.0,0.0,0.0,0.24753451676528598
8.0,9.0,30.0,0.3,0.1,0.8,4.0,1020.0,0.0,0.0,0.24705882352941178
8.0,9.0,31.0,0.3,0.1,0.8,4.0,982.0,0.0,0.0,0.2484725050916497
8.0,9.0,32.0,0.3,0.1,0.8,4.0,974.0,0.0,0.0,0.24948665297741274
8.0,9.0,33.0,0.3,0.1,0.8,4.0,943.0,0.0,0.0,0.2513255567338282
8.0,9.0,34.0,0.3,0.1,0.8,4.0,923.0,0.0,0.0,0.2535211267605634
8.0,9.0,35.0,0.3,0.1,0.8,4.0,878.0,0.0,0.0,0.255125284738041
8.0,9.0,36.0,0.3,0.1,0.8,4.0,881.0,0.0,0.0,0.25539160045402953
8.0,9.0,37.0,0.3,0.1,0.8,4.0,856.0,0.0,0.0,0.2570093457943925
8.0,9.0,38.0,0.3,0.1,0.8,4.0,862.0,0.0,0.0,0.25638051044083526
8.0,9.0,39.0,0.3,0.1,0.8,4.0,844.0,0.0,0.0,0.2571090047393365
8.0,9.0,40.0,0.3,0.1,0.8,4.0,850.0,0.0,0.0,0.2564705882352941
8.0,9.0,41.0,0.3,0.1,0.8,4.0,816.0,0.0,0.0,0.25857843137254904
8.0,9.0,42.0,0.3,0.1,0.8,4.0,822.0,0.0,0.0,0.25790754257907544
8.0,9.0,43.0,0.3,0.1,0.8,4.0,816.0,0.0,0.0,0.25857843137254904
8.0,9.0,44.0,0.3,0.1,0.8,4.0,791.0,0.0,0.0,0.26169405815423513
8.0,9.0,45.0,0.3,0.1,0.8,4.0,750.0,0.0,0.0,0.43466666666666665
8.0,9.0,46.0,0.3,0.1,0.8,4.0,756.0,0.0,0.0,0.43253968253968256
8.0,9.0,47.0,0.3,0.1,0.8,4.0,750.0,0.0,0.0,0.43466666666666665
8.0,9.0,48.0,0.3,0.1,0.8,4.0,756.0,0.0,0.0,0.43253968253968256
8.0,9.0,49.0,0.3,0.1,0.8,4.0,750.0,0.0,0.0,0.43466666666666665
8.0,9.0,50.0,0.3,0.1,0.8,4.0,753.0,0.0,0.0,0.4342629482071713
8.0,9.0,51.0,0.3,0.1,0.8,4.0,751.0,0.0,0.0,0.4340878828229028
8.0,9.0,52.0,0.3,0.1,0.8,4.0,753.0,0.0,0.0,0.4342629482071713
8.0,10.0,1.0,0.3,0.1,0.8,4.0,751.0,0.0,0.0,0.4340878828229028
8.0,10.0,2.0,0.3,0.1,0.8,4.0,752.0,0.0,0.0,0.4348404255319149
8.0,10.0,3.0,0.3,0.1,0.8,4.0,748.0,0.0,0.0,0.4358288770053476
8.0,10.0,4.0,0.3,0.1,0.8,4.0,737.0,0.0,0.0,0.43826322930800543
8.0,10.0,5.0,0.3,0.1,0.8,4.0,735.0,0.0,0.0,0.4380952380952381
8.0,10.0,6.0,0.3,0.1,0.8,4.0,735.0,0.0,0.0,0.43673469387755104
8.0,10.0,7.0,0.3,0.1,0.8,4.0,733.0,0.0,0.0,0.43656207366984995
8.0,10.0,8.0,0.3,0.1,0.8,4.0,735.0,0.0,0.0,0.43673469387755104
8.0,10.0,9.0,0.3,0.1,0.8,4.0,734.0,0.0,0.0,0.4373297002724796
8.0,10.0,10.0,0.3,0.1,0.8,4.0,732.0,0.0,0.0,0.4385245901639344
8.0,10.0,11.0,0.3,0.1,0.8,4.0,730.0,0.0,0.0,0.4383561643835616
8.0,10.0,12.0,0.3,0.1,0.8,4.0,732.0,0.0,0.0,0.43989071038251365
8.0,10.0,13.0,0.3,0.1,0.8,4.0,729.0,0.0,0.0,0.4403292181069959
8.0,10.0,14.0,0.3,0.1,0.8,4.0,728.0,0.0,0.0,0.4409340659340659
8.0,10.0,15.0,0.3,0.1,0.8,4.0,717.0,0.0,0.0,0.44630404463040446
8.0,10.0,16.0,0.3,0.1,0.8,4.0,715.0,0.0,0.0,0.4489510489510489
8.0,10.0,17.0,0.3,0.1,0.8,4.0,713.0,0.0,0.0,0.4488078541374474
8.0,10.0,18.0,0.3,0.1,0.8,4.0,716.0,0.0,0.0,0.44972067039106145
8.0,10.0,19.0,0.3,0.1,0.8,4.0,708.0,0.0,0.0,0.4505649717514124
8.0,10.0,20.0,0.3,0.1,0.8,4.0,1246.0,0.0,0.0,0.2447833065810594
8.0,10.0,21.0,0.3,0.1,0.8,4.0,1177.0,0.0,0.0,0.24893797790994052
8.0,10.0,22.0,0.3,0.1,0.8,4.0,1154.0,0.0,0.0,0.25043327556325823
8.0,10.0,23.0,0.3,0.1,0.8,4.0,1125.0,0.0,0.0,0.256
8.0,10.0,24.0,0.3,0.1,0.8,4.0,1134.0,0.0,0.0,0.25485008818342153
8.0,10.0,25.0,0.3,0.1,0.8,4.0,1111.0,0.0,0.0,0.2565256525652565
8.0,10.0,26.0,0.3,0.1,0.8,4.0,1120.0,0.0,0.0,0.25535714285714284
8.0,10.0,27.0,0.3,0.1,0.8,4.0,1065.0,0.0,0.0,0.26384976525821596
8.0,10.0,28.0,0.3,0.1,0.8,4.0,1067.0,0.0,0.0,0.260543580131209
8.0,10.0,29.0,0.3,0.1,0.8,4.0,1033.0,0.0,0.0,0.2633107454017425
8.0,10.0,30.0,0.3,0.1,0.8,4.0,1004.0,0.0,0.0,0.26593625498007967
8.0,10.0,31.0,0.3,0.1,0.8,4.0,979.0,0.0,0.0,0.2665985699693565
8.0,10.0,32.0,0.3,0.1,0.8,4.0,963.0,0.0,0.0,0.26583592938733125
8.0,10.0,33.0,0.3,0.1,0.8,4.0,923.0,0.0,0.0,0.27193932827735645
8.0,10.0,34.0,0.3,0.1,0.8,4.0,918.0,0.0,0.0,0.2701525054466231
8.0,10.0,35.0,0.3,0.1,0.8,4.0,887.0,0.0,0.0,0.27395715896279593
8.0,10.0,36.0,0.3,0.1,0.8,4.0,884.0,0.0,0.0,0.27601809954751133
8.0,10.0,37.0,0.3,0.1,0.8,4.0,859.0,0.0,0.0,0.2817229336437718
8.0,10.0,38.0,0.3,0.1,0.8,4.0,868.0,0.0,0.0,0.2799539170506912
8.0,10.0,39.0,0.3,0.1,0.8,4.0,863.0,0.0,0.0,0.27925840092699883
8.0,10.0,40.0,0.3,0.1,0.8,4.0,872.0,0.0,0.0,0.2786697247706422
8.0,10.0,41.0,0.3,0.1,0.8,4.0,862.0,0.0,0.0,0.27958236658932717
8.0,10.0,42.0,0.3,0.1,0.8,4.0,873.0,0.0,0.0,0.27835051546391754
8.0,10.0,43.0,0.3,0.1,0.8,4.0,864.0,0.0,0.0,0.2800925925925926
8.0,10.0,44.0,0.3,0.1,0.8,4.0,859.0,0.0,0.0,0.27939464493597205
8.0,10.0,45.0,0.3,0.1,0.8,4.0,850.0,0.0,0.0,0.4423529411764706
8.0,10.0,46.0,0.3,0.1,0.8,4.0,859.0,0.0,0.0,0.4412107101280559
8.0,10.0,47.0,0.3,0.1,0.8,4.0,836.0,0.0,0.0,0.44258373205741625
8.0,10.0,48.0,0.3,0.1,0.8,4.0,845.0,0.0,0.0,0.4414201183431953
8.0,10.0,49.0,0.3,0.1,0.8,4.0,836.0,0.0,0.0,0.44258373205741625
8.0,10.0,50.0,0.3,0.1,0.8,4.0,842.0,0.0,0.0,0.4418052256532066
8.0,10.0,51.0,0.3,0.1,0.8,4.0,833.0,0.0,0.0,0.4417767106842737
8.0,10.0,52.0,0.3,0.1,0.8,4.0,839.0,0.0,0.0,0.4433849821215733
9.0,1.0,1.0,0.3,0.1,0.8,4.0,5180.0,51.0,14.0,0.29575289575289576
9.0,1.0,2.0,0.3,0.1,0.8,4.0,5157.0,69.0,25.0,0.29396936203218926
9.0,1.0,3.0,0.3,0.1,0.8,4.0,5056.0,83.0,37.0,0.294501582278481
9.0,1.0,4.0,0.3,0.1,0.8,4.0,5042.0,112.0,38.0,0.2973026576755256
9.0,1.0,5.0,0.3,0.1,0.8,4.0,5054.0,140.0,40.0,0.30094974277799763
9.0,1.0,6.0,0.3,0.1,0.8,4.0,4981.0,151.0,48.0,0.29973900823127886
9.0,1.0,7.0,0.3,0.1,0.8,4.0,4814.0,171.0,65.0,0.30224345658496055
9.0,1.0,8.0,0.3,0.1,0.8,4.0,4707.0,206.0,85.0,0.3027405991077119
9.0,1.0,9.0,0.3,0.1,0.8,4.0,4498.0,218.0,78.0,0.3041351711871943
9.0,1.0,10.0,0.3,0.1,0.8,4.0,4313.0,220.0,91.0,0.3041966148852307
9.0,1.0,11.0,0.3,0.1,0.8,4.0,4188.0,233.0,97.0,0.30635148042024835
9.0,1.0,12.0,0.3,0.1,0.8,4.0,4092.0,245.0,107.0,0.3076735092864125
9.0,1.0,13.0,0.3,0.1,0.8,4.0,4004.0,246.0,116.0,0.31243756243756243
9.0,1.0,14.0,0.3,0.1,0.8,4.0,3891.0,251.0,128.0,0.3125160627088152
9.0,1.0,15.0,0.3,0.1,0.8,4.0,3807.0,263.0,132.0,0.31678486997635935
9.0,1.0,16.0,0.3,0.1,0.8,4.0,3718.0,247.0,120.0,0.3200645508337816
9.0,1.0,17.0,0.3,0.1,0.8,4.0,3648.0,230.0,116.0,0.3237390350877193
9.0,1.0,18.0,0.3,0.1,0.8,4.0,3568.0,219.0,115.0,0.32623318385650224
9.0,1.0,19.0,0.3,0.1,0.8,4.0,3470.0,204.0,118.0,0.3325648414985591
9.0,1.0,20.0,0.3,0.1,0.8,4.0,6478.0,194.0,98.0,0.17675208397653597
9.0,1.0,21.0,0.3,0.1,0.8,4.0,6088.0,260.0,94.0,0.17986202365308804
9.0,1.0,22.0,0.3,0.1,0.8,4.0,5735.0,285.0,94.0,0.18326068003487359
9.0,1.0,23.0,0.3,0.1,0.8,4.0,5397.0,308.0,128.0,0.18621456364647027
9.0,1.0,24.0,0.3,0.1,0.8,4.0,5147.0,354.0,145.0,0.19001360015543034
9.0,1.0,25.0,0.3,0.1,0.8,4.0,4969.0,382.0,158.0,0.19360032199637753
9.0,1.0,26.0,0.3,0.1,0.8,4.0,4787.0,417.0,149.0,0.19552955922289533
9.0,1.0,27.0,0.3,0.1,0.8,4.0,4564.0,444.0,174.0,0.19982471516213848
9.0,1.0,28.0,0.3,0.1,0.8,4.0,4376.0,440.0,193.0,0.2026965265082267
9.0,1.0,29.0,0.3,0.1,0.8,4.0,4154.0,460.0,217.0,0.20871449205584977
9.0,1.0,30.0,0.3,0.1,0.8,4.0,3946.0,474.0,212.0,0.2126203750633553
9.0,1.0,31.0,0.3,0.1,0.8,4.0,3749.0,472.0,217.0,0.21872499333155507
9.0,1.0,32.0,0.3,0.1,0.8,4.0,3559.0,444.0,216.0,0.2259061534138803
9.0,1.0,33.0,0.3,0.1,0.8,4.0,3350.0,446.0,223.0,0.23492537313432835
9.0,1.0,34.0,0.3,0.1,0.8,4.0,3115.0,428.0,204.0,0.2449438202247191
9.0,1.0,35.0,0.3,0.1,0.8,4.0,2912.0,396.0,199.0,0.25274725274725274
9.0,1.0,36.0,0.3,0.1,0.8,4.0,2783.0,388.0,182.0,0.25691699604743085
9.0,1.0,37.0,0.3,0.1,0.8,4.0,2578.0,372.0,163.0,0.26532195500387895
9.0,1.0,38.0,0.3,0.1,0.8,4.0,2449.0,353.0,157.0,0.27562270314414045
9.0,1.0,39.0,0.3,0.1,0.8,4.0,2388.0,361.0,171.0,0.2843383584589615
9.0,1.0,40.0,0.3,0.1,0.8,4.0,2291.0,386.0,176.0,0.28939327804452203
9.0,1.0,41.0,0.3,0.1,0.8,4.0,2200.0,373.0,171.0,0.29954545454545456
9.0,1.0,42.0,0.3,0.1,0.8,4.0,2122.0,358.0,185.0,0.3091423185673893
9.0,1.0,43.0,0.3,0.1,0.8,4.0,2053.0,349.0,183.0,0.3195323916220166
9.0,1.0,44.0,0.3,0.1,0.8,4.0,1973.0,339.0,181.0,0.3284338570704511
9.0,1.0,45.0,0.3,0.1,0.8,4.0,1865.0,281.0,141.0,0.5029490616621984
9.0,1.0,46.0,0.3,0.1,0.8,4.0,1785.0,248.0,126.0,0.5148459383753501
9.0,1.0,47.0,0.3,0.1,0.8,4.0,1708.0,217.0,116.0,0.5281030444964872
9.0,1.0,48.0,0.3,0.1,0.8,4.0,1658.0,189.0,113.0,0.5367913148371531
9.0,1.0,49.0,0.3,0.1,0.8,4.0,1591.0,159.0,96.0,0.5455688246385921
9.0,1.0,50.0,0.3,0.1,0.8,4.0,1546.0,131.0,73.0,0.556921086675291
9.0,1.0,51.0,0.3,0.1,0.8,4.0,1512.0,108.0,61.0,0.5621693121693122
9.0,1.0,52.0,0.3,0.1,0.8,4.0,1468.0,99.0,56.0,0.5715258855585831
9.0,2.0,1.0,0.3,0.1,0.8,4.0,1450.0,88.0,54.0,0.5744827586206896
9.0,2.0,2.0,0.3,0.1,0.8,4.0,1399.0,74.0,40.0,0.5825589706933524
9.0,2.0,3.0,0.3,0.1,0.8,4.0,1385.0,66.0,35.0,0.5877256317689531
9.0,2.0,4.0,0.3,0.1,0.8,4.0,1361.0,58.0,29.0,0.5958853783982366
9.0,2.0,5.0,0.3,0.1,0.8,4.0,1344.0,53.0,32.0,0.5989583333333334
9.0,2.0,6.0,0.3,0.1,0.8,4.0,1327.0,45.0,25.0,0.6043707611152976
9.0,2.0,7.0,0.3,0.1,0.8,4.0,1309.0,40.0,22.0,0.6073338426279603
9.0,2.0,8.0,0.3,0.1,0.8,4.0,1284.0,29.0,15.0,0.6137071651090342
9.0,2.0,9.0,0.3,0.1,0.8,4.0,1281.0,26.0,17.0,0.615144418423107
9.0,2.0,10.0,0.3,0.1,0.8,4.0,1269.0,24.0,14.0,0.6178092986603625
9.0,2.0,11.0,0.3,0.1,0.8,4.0,1254.0,20.0,13.0,0.6188197767145136
9.0,2.0,12.0,0.3,0.1,0.8,4.0,1230.0,14.0,10.0,0.6211382113821138
9.0,2.0,13.0,0.3,0.1,0.8,4.0,1225.0,14.0,9.0,0.6212244897959184
9.0,2.0,14.0,0.3,0.1,0.8,4.0,1211.0,12.0,6.0,0.6242774566473989
9.0,2.0,15.0,0.3,0.1,0.8,4.0,1203.0,11.0,3.0,0.6251039068994181
9.0,2.0,16.0,0.3,0.1,0.8,4.0,1198.0,9.0,5.0,0.6260434056761269
9.0,2.0,17.0,0.3,0.1,0.8,4.0,1190.0,8.0,7.0,0.6243697478991597
9.0,2.0,18.0,0.3,0.1,0.8,4.0,1186.0,8.0,8.0,0.6247892074198989
9.0,2.0,19.0,0.3,0.1,0.8,4.0,1178.0,6.0,4.0,0.6247877758913413
9.0,2.0,20.0,0.3,0.1,0.8,4.0,2166.0,3.0,1.0,0.33933518005540164
9.0,2.0,21.0,0.3,0.1,0.8,4.0,2138.0,2.0,0.0,0.3381665107577175
9.0,2.0,22.0,0.3,0.1,0.8,4.0,2101.0,2.0,0.0,0.3379343169919086
9.0,2.0,23.0,0.3,0.1,0.8,4.0,2056.0,2.0,1.0,0.33852140077821014
9.0,2.0,24.0,0.3,0.1,0.8,4.0,2002.0,1.0,1.0,0.34165834165834164
9.0,2.0,25.0,0.3,0.1,0.8,4.0,1987.0,1.0,1.0,0.34071464519375944
9.0,2.0,26.0,0.3,0.1,0.8,4.0,1945.0,0.0,0.0,0.3408740359897172
9.0,2.0,27.0,0.3,0.1,0.8,4.0,1913.0,0.0,0.0,0.3397804495556717
9.0,2.0,28.0,0.3,0.1,0.8,4.0,1858.0,0.0,0.0,0.3417653390742734
9.0,2.0,29.0,0.3,0.1,0.8,4.0,1805.0,0.0,0.0,0.339612188365651
9.0,2.0,30.0,0.3,0.1,0.8,4.0,1755.0,0.0,0.0,0.3435897435897436
9.0,2.0,31.0,0.3,0.1,0.8,4.0,1721.0,0.0,0.0,0.34572922719349214
9.0,2.0,32.0,0.3,0.1,0.8,4.0,1718.0,0.0,0.0,0.3457508731082654
9.0,2.0,33.0,0.3,0.1,0.8,4.0,1685.0,0.0,0.0,0.34421364985163205
9.0,2.0,34.0,0.3,0.1,0.8,4.0,1681.0,0.0,0.0,0.34324806662700774
9.0,2.0,35.0,0.3,0.1,0.8,4.0,1652.0,0.0,0.0,0.3450363196125908
9.0,2.0,36.0,0.3,0.1,0.8,4.0,1622.0,0.0,0.0,0.34648581997533906
9.0,2.0,37.0,0.3,0.1,0.8,4.0,1598.0,0.0,0.0,0.3479349186483104
9.0,2.0,38.0,0.3,0.1,0.8,4.0,1588.0,0.0,0.0,0.34697732997481107
9.0,2.0,39.0,0.3,0.1,0.8,4.0,1539.0,0.0,0.0,0.345679012345679
9.0,2.0,40.0,0.3,0.1,0.8,4.0,1507.0,0.0,0.0,0.34505640345056404
9.0,2.0,41.0,0.3,0.1,0.8,4.0,1504.0,0.0,0.0,0.34441489361702127
9.0,2.0,42.0,0.3,0.1,0.8,4.0,1498.0,0.0,0.0,0.3444592790387183
9.0,2.0,43.0,0.3,0.1,0.8,4.0,1457.0,0.0,0.0,0.3472889498970487
9.0,2.0,44.0,0.3,0.1,0.8,4.0,1435.0,0.0,0.0,0.34843205574912894
9.0,2.0,45.0,0.3,0.1,0.8,4.0,1416.0,0.0,0.0,0.4809322033898305
9.0,2.0,46.0,0.3,0.1,0.8,4.0,1398.0,0.0,0.0,0.4814020028612303
9.0,2.0,47.0,0.3,0.1,0.8,4.0,1395.0,0.0,0.0,0.48100358422939066
9.0,2.0,48.0,0.3,0.1,0.8,4.0,1381.0,0.0,0.0,0.48153511947863864
9.0,2.0,49.0,0.3,0.1,0.8,4.0,1368.0,0.0,0.0,0.483187134502924
9.0,2.0,50.0,0.3,0.1,0.8,4.0,1352.0,0.0,0.0,0.48372781065088755
9.0,2.0,51.0,0.3,0.1,0.8,4.0,1340.0,0.0,0.0,0.4835820895522388
9.0,2.0,52.0,0.3,0.1,0.8,4.0,1333.0,0.0,0.0,0.4831207801950488
9.0,3.0,1.0,0.3,0.1,0.8,4.0,1317.0,0.0,0.0,0.48291571753986334
9.0,3.0,2.0,0.3,0.1,0.8,4.0,1296.0,0.0,0.0,0.4783950617283951
9.0,3.0,3.0,0.3,0.1,0.8,4.0,1294.0,0.0,0.0,0.47913446676970634
9.0,3.0,4.0,0.3,0.1,0.8,4.0,1283.0,0.0,0.0,0.4770070148090413
9.0,3.0,5.0,0.3,0.1,0.8,4.0,1260.0,0.0,0.0,0.47619047619047616
9.0,3.0,6.0,0.3,0.1,0.8,4.0,1228.0,0.0,0.0,0.4747557003257329
9.0,3.0,7.0,0.3,0.1,0.8,4.0,1224.0,0.0,0.0,0.47549019607843135
9.0,3.0,8.0,0.3,0.1,0.8,4.0,1216.0,0.0,0.0,0.4761513157894737
9.0,3.0,9.0,0.3,0.1,0.8,4.0,1208.0,0.0,0.0,0.47516556291390727
9.0,3.0,10.0,0.3,0.1,0.8,4.0,1205.0,0.0,0.0,0.4755186721991701
9.0,3.0,11.0,0.3,0.1,0.8,4.0,1194.0,0.0,0.0,0.4748743718592965
9.0,3.0,12.0,0.3,0.1,0.8,4.0,1174.0,0.0,0.0,0.4735945485519591
9.0,3.0,13.0,0.3,0.1,0.8,4.0,1172.0,0.0,0.0,0.47440273037542663
9.0,3.0,14.0,0.3,0.1,0.8,4.0,1160.0,0.0,0.0,0.4724137931034483
9.0,3.0,15.0,0.3,0.1,0.8,4.0,1157.0,0.0,0.0,0.4727744165946413
9.0,3.0,16.0,0.3,0.1,0.8,4.0,1144.0,0.0,0.0,0.4729020979020979
9.0,3.0,17.0,0.3,0.1,0.8,4.0,1123.0,0.0,0.0,0.47105966162065893
9.0,3.0,18.0,0.3,0.1,0.8,4.0,1099.0,0.0,0.0,0.4731574158325751
9.0,3.0,19.0,0.3,0.1,0.8,4.0,1097.0,0.0,0.0,0.47037374658158615
9.0,3.0,20.0,0.3,0.1,0.8,4.0,2035.0,0.0,0.0,0.25405405405405407
9.0,3.0,21.0,0.3,0.1,0.8,4.0,1972.0,0.0,0.0,0.25050709939148075
9.0,3.0,22.0,0.3,0.1,0.8,4.0,1952.0,0.0,0.0,0.2510245901639344
9.0,3.0,23.0,0.3,0.1,0.8,4.0,1897.0,0.0,0.0,0.2503953610964681
9.0,3.0,24.0,0.3,0.1,0.8,4.0,1843.0,0.0,0.0,0.24850786760716223
9.0,3.0,25.0,0.3,0.1,0.8,4.0,1748.0,0.0,0.0,0.2528604118993135
9.0,3.0,26.0,0.3,0.1,0.8,4.0,1729.0,0.0,0.0,0.253903990746096
9.0,3.0,27.0,0.3,0.1,0.8,4.0,1686.0,0.0,0.0,0.25326215895610915
9.0,3.0,28.0,0.3,0.1,0.8,4.0,1661.0,0.0,0.0,0.25586995785671285
9.0,3.0,29.0,0.3,0.1,0.8,4.0,1635.0,0.0,0.0,0.25688073394495414
9.0,3.0,30.0,0.3,0.1,0.8,4.0,1592.0,0.0,0.0,0.25879396984924624
9.0,3.0,31.0,0.3,0.1,0.8,4.0,1547.0,0.0,0.0,0.2579185520361991
9.0,3.0,32.0,0.3,0.1,0.8,4.0,1511.0,0.0,0.0,0.256783587028458
9.0,3.0,33.0,0.3,0.1,0.8,4.0,1496.0,0.0,0.0,0.25668449197860965
9.0,3.0,34.0,0.3,0.1,0.8,4.0,1461.0,0.0,0.0,0.25735797399041754
9.0,3.0,35.0,0.3,0.1,0.8,4.0,1412.0,0.0,0.0,0.25708215297450426
9.0,3.0,36.0,0.3,0.1,0.8,4.0,1395.0,0.0,0.0,0.25949820788530464
9.0,3.0,37.0,0.3,0.1,0.8,4.0,1369.0,0.0,0.0,0.26077428780131484
9.0,3.0,38.0,0.3,0.1,0.8,4.0,1344.0,0.0,0.0,0.2604166666666667
9.0,3.0,39.0,0.3,0.1,0.8,4.0,1324.0,0.0,0.0,0.2590634441087613
9.0,3.0,40.0,0.3,0.1,0.8,4.0,1305.0,0.0,0.0,0.26053639846743293
9.0,3.0,41.0,0.3,0.1,0.8,4.0,1302.0,0.0,0.0,0.2572964669738863
9.0,3.0,42.0,0.3,0.1,0.8,4.0,1284.0,0.0,0.0,0.2585669781931464
9.0,3.0,43.0,0.3,0.1,0.8,4.0,1278.0,0.0,0.0,0.257433489827856
9.0,3.0,44.0,0.3,0.1,0.8,4.0,1260.0,0.0,0.0,0.2571428571428571
9.0,3.0,45.0,0.3,0.1,0.8,4.0,1236.0,0.0,0.0,0.4166666666666667
9.0,3.0,46.0,0.3,0.1,0.8,4.0,1226.0,0.0,0.0,0.4200652528548124
9.0,3.0,47.0,0.3,0.1,0.8,4.0,1202.0,0.0,0.0,0.4176372712146423
9.0,3.0,48.0,0.3,0.1,0.8,4.0,1177.0,0.0,0.0,0.41716227697536107
9.0,3.0,49.0,0.3,0.1,0.8,4.0,1169.0,0.0,0.0,0.41659538066723695
9.0,3.0,50.0,0.3,0.1,0.8,4.0,1176.0,0.0,0.0,0.4166666666666667
9.0,3.0,51.0,0.3,0.1,0.8,4.0,1168.0,0.0,0.0,0.4143835616438356
9.0,3.0,52.0,0.3,0.1,0.8,4.0,1153.0,0.0,0.0,0.4163052905464007
9.0,4.0,1.0,0.3,0.1,0.8,4.0,1149.0,0.0,0.0,0.41688424717145345
9.0,4.0,2.0,0.3,0.1,0.8,4.0,1141.0,0.0,0.0,0.4189307624890447
9.0,4.0,3.0,0.3,0.1,0.8,4.0,1132.0,0.0,0.0,0.4178445229681979
9.0,4.0,4.0,0.3,0.1,0.8,4.0,1134.0,0.0,0.0,0.41710758377425045
9.0,4.0,5.0,0.3,0.1,0.8,4.0,1129.0,0.0,0.0,0.4162976085031001
9.0,4.0,6.0,0.3,0.1,0.8,4.0,1119.0,0.0,0.0,0.4155495978552279
9.0,4.0,7.0,0.3,0.1,0.8,4.0,1116.0,0.0,0.0,0.41308243727598565
9.0,4.0,8.0,0.3,0.1,0.8,4.0,1112.0,0.0,0.0,0.414568345323741
9.0,4.0,9.0,0.3,0.1,0.8,4.0,1088.0,0.0,0.0,0.4117647058823529
9.0,4.0,10.0,0.3,0.1,0.8,4.0,1070.0,0.0,0.0,0.411214953271028
9.0,4.0,11.0,0.3,0.1,0.8,4.0,1065.0,0.0,0.0,0.4112676056338028
9.0,4.0,12.0,0.3,0.1,0.8,4.0,1053.0,0.0,0.0,0.41025641025641024
9.0,4.0,13.0,0.3,0.1,0.8,4.0,1028.0,0.0,0.0,0.4143968871595331
9.0,4.0,14.0,0.3,0.1,0.8,4.0,1026.0,0.0,0.0,0.4152046783625731
9.0,4.0,15.0,0.3,0.1,0.8,4.0,1023.0,0.0,0.0,0.41348973607038125
9.0,4.0,16.0,0.3,0.1,0.8,4.0,1024.0,0.0,0.0,0.4130859375
9.0,4.0,17.0,0.3,0.1,0.8,4.0,1018.0,0.0,0.0,0.40962671905697445
9.0,4.0,18.0,0.3,0.1,0.8,4.0,1018.0,0.0,0.0,0.41159135559921417
9.0,4.0,19.0,0.3,0.1,0.8,4.0,1015.0,0.0,0.0,0.41083743842364534
9.0,4.0,20.0,0.3,0.1,0.8,4.0,1918.0,0.0,0.0,0.21793534932221065
9.0,4.0,21.0,0.3,0.1,0.8,4.0,1855.0,0.0,0.0,0.21940700808625338
9.0,4.0,22.0,0.3,0.1,0.8,4.0,1730.0,0.0,0.0,0.2184971098265896
9.0,4.0,23.0,0.3,0.1,0.8,4.0,1657.0,0.0,0.0,0.22148461074230538
9.0,4.0,24.0,0.3,0.1,0.8,4.0,1575.0,0.0,0.0,0.22285714285714286
9.0,4.0,25.0,0.3,0.1,0.8,4.0,1536.0,0.0,0.0,0.22395833333333334
9.0,4.0,26.0,0.3,0.1,0.8,4.0,1483.0,0.0,0.0,0.22589345920431558
9.0,4.0,27.0,0.3,0.1,0.8,4.0,1440.0,0.0,0.0,0.22777777777777777
9.0,4.0,28.0,0.3,0.1,0.8,4.0,1409.0,0.0,0.0,0.22853087295954577
9.0,4.0,29.0,0.3,0.1,0.8,4.0,1403.0,0.0,0.0,0.22879543834640056
9.0,4.0,30.0,0.3,0.1,0.8,4.0,1371.0,0.0,0.0,0.2312180889861415
9.0,4.0,31.0,0.3,0.1,0.8,4.0,1323.0,0.0,0.0,0.2328042328042328
9.0,4.0,32.0,0.3,0.1,0.8,4.0,1272.0,0.0,0.0,0.23742138364779874
9.0,4.0,33.0,0.3,0.1,0.8,4.0,1277.0,0.0,0.0,0.23727486296006264
9.0,4.0,34.0,0.3,0.1,0.8,4.0,1263.0,0.0,0.0,0.2367379255740301
9.0,4.0,35.0,0.3,0.1,0.8,4.0,1246.0,0.0,0.0,0.23595505617977527
9.0,4.0,36.0,0.3,0.1,0.8,4.0,1245.0,0.0,0.0,0.236144578313253
9.0,4.0,37.0,0.3,0.1,0.8,4.0,1220.0,0.0,0.0,0.23688524590163934
9.0,4.0,38.0,0.3,0.1,0.8,4.0,1203.0,0.0,0.0,0.23773898586866168
9.0,4.0,39.0,0.3,0.1,0.8,4.0,1170.0,0.0,0.0,0.2376068376068376
9.0,4.0,40.0,0.3,0.1,0.8,4.0,1168.0,0.0,0.0,0.23715753424657535
9.0,4.0,41.0,0.3,0.1,0.8,4.0,1147.0,0.0,0.0,0.23626852659110723
9.0,4.0,42.0,0.3,0.1,0.8,4.0,1132.0,0.0,0.0,0.2332155477031802
9.0,4.0,43.0,0.3,0.1,0.8,4.0,1100.0,0.0,0.0,0.23272727272727273
9.0,4.0,44.0,0.3,0.1,0.8,4.0,1077.0,0.0,0.0,0.23491179201485607
9.0,4.0,45.0,0.3,0.1,0.8,4.0,1066.0,0.0,0.0,0.38461538461538464
9.0,4.0,46.0,0.3,0.1,0.8,4.0,1041.0,0.0,0.0,0.3871277617675312
9.0,4.0,47.0,0.3,0.1,0.8,4.0,1017.0,0.0,0.0,0.38839724680432647
9.0,4.0,48.0,0.3,0.1,0.8,4.0,1016.0,0.0,0.0,0.38976377952755903
9.0,4.0,49.0,0.3,0.1,0.8,4.0,996.0,0.0,0.0,0.38755020080321284
9.0,4.0,50.0,0.3,0.1,0.8,4.0,995.0,0.0,0.0,0.3869346733668342
9.0,4.0,51.0,0.3,0.1,0.8,4.0,984.0,0.0,0.0,0.3871951219512195
9.0,4.0,52.0,0.3,0.1,0.8,4.0,985.0,0.0,0.0,0.38781725888324875
9.0,5.0,1.0,0.3,0.1,0.8,4.0,980.0,0.0,0.0,0.3877551020408163
9.0,5.0,2.0,0.3,0.1,0.8,4.0,982.0,0.0,0.0,0.3890020366598778
9.0,5.0,3.0,0.3,0.1,0.8,4.0,966.0,0.0,0.0,0.38923395445134573
9.0,5.0,4.0,0.3,0.1,0.8,4.0,941.0,0.0,0.0,0.39107332624867164
9.0,5.0,5.0,0.3,0.1,0.8,4.0,935.0,0.0,0.0,0.3893048128342246
9.0,5.0,6.0,0.3,0.1,0.8,4.0,920.0,0.0,0.0,0.38804347826086955
9.0,5.0,7.0,0.3,0.1,0.8,4.0,909.0,0.0,0.0,0.38833883388338836
9.0,5.0,8.0,0.3,0.1,0.8,4.0,900.0,0.0,0.0,0.39
9.0,5.0,9.0,0.3,0.1,0.8,4.0,867.0,0.0,0.0,0.3933102652825836
9.0,5.0,10.0,0.3,0.1,0.8,4.0,837.0,0.0,0.0,0.39904420549581837
9.0,5.0,11.0,0.3,0.1,0.8,4.0,840.0,0.0,0.0,0.39880952380952384
9.0,5.0,12.0,0.3,0.1,0.8,4.0,832.0,0.0,0.0,0.39783653846153844
9.0,5.0,13.0,0.3,0.1,0.8,4.0,834.0,0.0,0.0,0.3980815347721823
9.0,5.0,14.0,0.3,0.1,0.8,4.0,831.0,0.0,0.0,0.3971119133574007
9.0,5.0,15.0,0.3,0.1,0.8,4.0,832.0,0.0,0.0,0.39663461538461536
9.0,5.0,16.0,0.3,0.1,0.8,4.0,832.0,0.0,0.0,0.39783653846153844
9.0,5.0,17.0,0.3,0.1,0.8,4.0,829.0,0.0,0.0,0.3944511459589867
9.0,5.0,18.0,0.3,0.1,0.8,4.0,829.0,0.0,0.0,0.39806996381182147
9.0,5.0,19.0,0.3,0.1,0.8,4.0,828.0,0.0,0.0,0.3961352657004831
9.0,5.0,20.0,0.3,0.1,0.8,4.0,1470.0,0.0,0.0,0.22312925170068026
9.0,5.0,21.0,0.3,0.1,0.8,4.0,1443.0,0.0,0.0,0.22661122661122662
9.0,5.0,22.0,0.3,0.1,0.8,4.0,1390.0,0.0,0.0,0.2302158273381295
9.0,5.0,23.0,0.3,0.1,0.8,4.0,1353.0,0.0,0.0,0.2328159645232816
9.0,5.0,24.0,0.3,0.1,0.8,4.0,1308.0,0.0,0.0,0.23394495412844038
9.0,5.0,25.0,0.3,0.1,0.8,4.0,1284.0,0.0,0.0,0.235202492211838
9.0,5.0,26.0,0.3,0.1,0.8,4.0,1264.0,0.0,0.0,0.23338607594936708
9.0,5.0,27.0,0.3,0.1,0.8,4.0,1216.0,0.0,0.0,0.23519736842105263
9.0,5.0,28.0,0.3,0.1,0.8,4.0,1196.0,0.0,0.0,0.23494983277591974
9.0,5.0,29.0,0.3,0.1,0.8,4.0,1176.0,0.0,0.0,0.23639455782312926
9.0,5.0,30.0,0.3,0.1,0.8,4.0,1154.0,0.0,0.0,0.23570190641247835
9.0,5.0,31.0,0.3,0.1,0.8,4.0,1108.0,0.0,0.0,0.2364620938628159
9.0,5.0,32.0,0.3,0.1,0.8,4.0,1089.0,0.0,0.0,0.2359963269054178
9.0,5.0,33.0,0.3,0.1,0.8,4.0,1079.0,0.0,0.0,0.23725671918443003
9.0,5.0,34.0,0.3,0.1,0.8,4.0,1066.0,0.0,0.0,0.2326454033771107
9.0,5.0,35.0,0.3,0.1,0.8,4.0,1041.0,0.0,0.0,0.2334293948126801
9.0,5.0,36.0,0.3,0.1,0.8,4.0,1013.0,0.0,0.0,0.23593287265547877
9.0,5.0,37.0,0.3,0.1,0.8,4.0,993.0,0.0,0.0,0.23766364551863042
9.0,5.0,38.0,0.3,0.1,0.8,4.0,985.0,0.0,0.0,0.23553299492385787
9.0,5.0,39.0,0.3,0.1,0.8,4.0,977.0,0.0,0.0,0.2374616171954964
9.0,5.0,40.0,0.3,0.1,0.8,4.0,971.0,0.0,0.0,0.2368692070030896
9.0,5.0,41.0,0.3,0.1,0.8,4.0,965.0,0.0,0.0,0.23834196891191708
9.0,5.0,42.0,0.3,0.1,0.8,4.0,954.0,0.0,0.0,0.2358490566037736
9.0,5.0,43.0,0.3,0.1,0.8,4.0,945.0,0.0,0.0,0.23597883597883598
9.0,5.0,44.0,0.3,0.1,0.8,4.0,948.0,0.0,0.0,0.23312236286919832
9.0,5.0,45.0,0.3,0.1,0.8,4.0,921.0,0.0,0.0,0.43322475570032576
9.0,5.0,46.0,0.3,0.1,0.8,4.0,902.0,0.0,0.0,0.4279379157427938
9.0,5.0,47.0,0.3,0.1,0.8,4.0,884.0,0.0,0.0,0.4332579185520362
9.0,5.0,48.0,0.3,0.1,0.8,4.0,873.0,0.0,0.0,0.42955326460481097
9.0,5.0,49.0,0.3,0.1,0.8,4.0,872.0,0.0,0.0,0.43119266055045874
9.0,5.0,50.0,0.3,0.1,0.8,4.0,872.0,0.0,0.0,0.43004587155963303
9.0,5.0,51.0,0.3,0.1,0.8,4.0,869.0,0.0,0.0,0.428078250863061
9.0,5.0,52.0,0.3,0.1,0.8,4.0,852.0,0.0,0.0,0.4272300469483568
9.0,6.0,1.0,0.3,0.1,0.8,4.0,827.0,0.0,0.0,0.4280532043530834
9.0,6.0,2.0,0.3,0.1,0.8,4.0,821.0,0.0,0.0,0.42752740560292324
9.0,6.0,3.0,0.3,0.1,0.8,4.0,826.0,0.0,0.0,0.42857142857142855
9.0,6.0,4.0,0.3,0.1,0.8,4.0,823.0,0.0,0.0,0.42770352369380316
9.0,6.0,5.0,0.3,0.1,0.8,4.0,824.0,0.0,0.0,0.42839805825242716
9.0,6.0,6.0,0.3,0.1,0.8,4.0,824.0,0.0,0.0,0.42718446601941745
9.0,6.0,7.0,0.3,0.1,0.8,4.0,811.0,0.0,0.0,0.4315659679408138
9.0,6.0,8.0,0.3,0.1,0.8,4.0,809.0,0.0,0.0,0.43016069221260816
9.0,6.0,9.0,0.3,0.1,0.8,4.0,805.0,0.0,0.0,0.43105590062111804
9.0,6.0,10.0,0.3,0.1,0.8,4.0,806.0,0.0,0.0,0.4317617866004963
9.0,6.0,11.0,0.3,0.1,0.8,4.0,805.0,0.0,0.0,0.4322981366459627
9.0,6.0,12.0,0.3,0.1,0.8,4.0,804.0,0.0,0.0,0.43159203980099503
9.0,6.0,13.0,0.3,0.1,0.8,4.0,792.0,0.0,0.0,0.43308080808080807
9.0,6.0,14.0,0.3,0.1,0.8,4.0,771.0,0.0,0.0,0.4293125810635538
9.0,6.0,15.0,0.3,0.1,0.8,4.0,765.0,0.0,0.0,0.4300653594771242
9.0,6.0,16.0,0.3,0.1,0.8,4.0,754.0,0.0,0.0,0.43103448275862066
9.0,6.0,17.0,0.3,0.1,0.8,4.0,749.0,0.0,0.0,0.4325767690253672
9.0,6.0,18.0,0.3,0.1,0.8,4.0,754.0,0.0,0.0,0.4297082228116711
9.0,6.0,19.0,0.3,0.1,0.8,4.0,749.0,0.0,0.0,0.4325767690253672
9.0,6.0,20.0,0.3,0.1,0.8,4.0,1371.0,0.0,0.0,0.23413566739606126
9.0,6.0,21.0,0.3,0.1,0.8,4.0,1354.0,0.0,0.0,0.23559822747415066
9.0,6.0,22.0,0.3,0.1,0.8,4.0,1313.0,0.0,0.0,0.23914699162223915
9.0,6.0,23.0,0.3,0.1,0.8,4.0,1257.0,0.0,0.0,0.2386634844868735
9.0,6.0,24.0,0.3,0.1,0.8,4.0,1225.0,0.0,0.0,0.24081632653061225
9.0,6.0,25.0,0.3,0.1,0.8,4.0,1199.0,0.0,0.0,0.24103419516263552
9.0,6.0,26.0,0.3,0.1,0.8,4.0,1188.0,0.0,0.0,0.23737373737373738
9.0,6.0,27.0,0.3,0.1,0.8,4.0,1140.0,0.0,0.0,0.2412280701754386
9.0,6.0,28.0,0.3,0.1,0.8,4.0,1098.0,0.0,0.0,0.24408014571949
9.0,6.0,29.0,0.3,0.1,0.8,4.0,1089.0,0.0,0.0,0.24701561065197428
9.0,6.0,30.0,0.3,0.1,0.8,4.0,1081.0,0.0,0.0,0.24514338575393155
9.0,6.0,31.0,0.3,0.1,0.8,4.0,1049.0,0.0,0.0,0.2449952335557674
9.0,6.0,32.0,0.3,0.1,0.8,4.0,1040.0,0.0,0.0,0.24326923076923077
9.0,6.0,33.0,0.3,0.1,0.8,4.0,1009.0,0.0,0.0,0.24677898909811694
9.0,6.0,34.0,0.3,0.1,0.8,4.0,987.0,0.0,0.0,0.24822695035460993
9.0,6.0,35.0,0.3,0.1,0.8,4.0,982.0,0.0,0.0,0.2484725050916497
9.0,6.0,36.0,0.3,0.1,0.8,4.0,928.0,0.0,0.0,0.25
9.0,6.0,37.0,0.3,0.1,0.8,4.0,924.0,0.0,0.0,0.2510822510822511
9.0,6.0,38.0,0.3,0.1,0.8,4.0,904.0,0.0,0.0,0.2488938053097345
9.0,6.0,39.0,0.3,0.1,0.8,4.0,866.0,0.0,0.0,0.2528868360277136
9.0,6.0,40.0,0.3,0.1,0.8,4.0,866.0,0.0,0.0,0.24942263279445728
9.0,6.0,41.0,0.3,0.1,0.8,4.0,829.0,0.0,0.0,0.25814234016887816
9.0,6.0,42.0,0.3,0.1,0.8,4.0,819.0,0.0,0.0,0.2588522588522589
9.0,6.0,43.0,0.3,0.1,0.8,4.0,816.0,0.0,0.0,0.2610294117647059
9.0,6.0,44.0,0.3,0.1,0.8,4.0,808.0,0.0,0.0,0.2599009900990099
9.0,6.0,45.0,0.3,0.1,0.8,4.0,804.0,0.0,0.0,0.41044776119402987
9.0,6.0,46.0,0.3,0.1,0.8,4.0,788.0,0.0,0.0,0.41116751269035534
9.0,6.0,47.0,0.3,0.1,0.8,4.0,784.0,0.0,0.0,0.4119897959183674
9.0,6.0,48.0,0.3,0.1,0.8,4.0,788.0,0.0,0.0,0.41116751269035534
9.0,6.0,49.0,0.3,0.1,0.8,4.0,784.0,0.0,0.0,0.4119897959183674
9.0,6.0,50.0,0.3,0.1,0.8,4.0,787.0,0.0,0.0,0.4104193138500635
9.0,6.0,51.0,0.3,0.1,0.8,4.0,784.0,0.0,0.0,0.4119897959183674
9.0,6.0,52.0,0.3,0.1,0.8,4.0,785.0,0.0,0.0,0.4101910828025478
9.0,7.0,1.0,0.3,0.1,0.8,4.0,780.0,0.0,0.0,0.41025641025641024
9.0,7.0,2.0,0.3,0.1,0.8,4.0,772.0,0.0,0.0,0.4106217616580311
9.0,7.0,3.0,0.3,0.1,0.8,4.0,766.0,0.0,0.0,0.4112271540469974
9.0,7.0,4.0,0.3,0.1,0.8,4.0,770.0,0.0,0.0,0.4103896103896104
9.0,7.0,5.0,0.3,0.1,0.8,4.0,763.0,0.0,0.0,0.41153342070773263
9.0,7.0,6.0,0.3,0.1,0.8,4.0,755.0,0.0,0.0,0.4105960264900662
9.0,7.0,7.0,0.3,0.1,0.8,4.0,751.0,0.0,0.0,0.41011984021304926
9.0,7.0,8.0,0.3,0.1,0.8,4.0,751.0,0.0,0.0,0.41011984021304926
9.0,7.0,9.0,0.3,0.1,0.8,4.0,736.0,0.0,0.0,0.4116847826086957
9.0,7.0,10.0,0.3,0.1,0.8,4.0,724.0,0.0,0.0,0.4074585635359116
9.0,7.0,11.0,0.3,0.1,0.8,4.0,720.0,0.0,0.0,0.40694444444444444
9.0,7.0,12.0,0.3,0.1,0.8,4.0,721.0,0.0,0.0,0.406380027739251
9.0,7.0,13.0,0.3,0.1,0.8,4.0,716.0,0.0,0.0,0.40782122905027934
9.0,7.0,14.0,0.3,0.1,0.8,4.0,714.0,0.0,0.0,0.40896358543417366
9.0,7.0,15.0,0.3,0.1,0.8,4.0,712.0,0.0,0.0,0.40730337078651685
9.0,7.0,16.0,0.3,0.1,0.8,4.0,713.0,0.0,0.0,0.40813464235624125
9.0,7.0,17.0,0.3,0.1,0.8,4.0,708.0,0.0,0.0,0.4081920903954802
9.0,7.0,18.0,0.3,0.1,0.8,4.0,711.0,0.0,0.0,0.40646976090014064
9.0,7.0,19.0,0.3,0.1,0.8,4.0,706.0,0.0,0.0,0.40793201133144474
9.0,7.0,20.0,0.3,0.1,0.8,4.0,1254.0,0.0,0.0,0.22886762360446572
9.0,7.0,21.0,0.3,0.1,0.8,4.0,1178.0,0.0,0.0,0.22920203735144312
9.0,7.0,22.0,0.3,0.1,0.8,4.0,1167.0,0.0,0.0,0.22793487574978577
9.0,7.0,23.0,0.3,0.1,0.8,4.0,1140.0,0.0,0.0,0.23157894736842105
9.0,7.0,24.0,0.3,0.1,0.8,4.0,1132.0,0.0,0.0,0.2314487632508834
9.0,7.0,25.0,0.3,0.1,0.8,4.0,1107.0,0.0,0.0,0.23306233062330622
9.0,7.0,26.0,0.3,0.1,0.8,4.0,1101.0,0.0,0.0,0.23251589464123523
9.0,7.0,27.0,0.3,0.1,0.8,4.0,1061.0,0.0,0.0,0.236569274269557
9.0,7.0,28.0,0.3,0.1,0.8,4.0,1037.0,0.0,0.0,0.24011571841851495
9.0,7.0,29.0,0.3,0.1,0.8,4.0,1009.0,0.0,0.0,0.24182358771060455
9.0,7.0,30.0,0.3,0.1,0.8,4.0,991.0,0.0,0.0,0.2401614530776993
9.0,7.0,31.0,0.3,0.1,0.8,4.0,965.0,0.0,0.0,0.24248704663212436
9.0,7.0,32.0,0.3,0.1,0.8,4.0,969.0,0.0,0.0,0.24251805985552116
9.0,7.0,33.0,0.3,0.1,0.8,4.0,965.0,0.0,0.0,0.24248704663212436
9.0,7.0,34.0,0.3,0.1,0.8,4.0,949.0,0.0,0.0,0.2434141201264489
9.0,7.0,35.0,0.3,0.1,0.8,4.0,938.0,0.0,0.0,0.244136460554371
9.0,7.0,36.0,0.3,0.1,0.8,4.0,913.0,0.0,0.0,0.2420591456736035
9.0,7.0,37.0,0.3,0.1,0.8,4.0,911.0,0.0,0.0,0.2414928649835346
9.0,7.0,38.0,0.3,0.1,0.8,4.0,891.0,0.0,0.0,0.244668911335578
9.0,7.0,39.0,0.3,0.1,0.8,4.0,871.0,0.0,0.0,0.2502870264064294
9.0,7.0,40.0,0.3,0.1,0.8,4.0,871.0,0.0,0.0,0.25143513203214696
9.0,7.0,41.0,0.3,0.1,0.8,4.0,858.0,0.0,0.0,0.24708624708624707
9.0,7.0,42.0,0.3,0.1,0.8,4.0,865.0,0.0,0.0,0.24624277456647398
9.0,7.0,43.0,0.3,0.1,0.8,4.0,854.0,0.0,0.0,0.24824355971896955
9.0,7.0,44.0,0.3,0.1,0.8,4.0,839.0,0.0,0.0,0.24791418355184744
9.0,7.0,45.0,0.3,0.1,0.8,4.0,818.0,0.0,0.0,0.42053789731051344
9.0,7.0,46.0,0.3,0.1,0.8,4.0,822.0,0.0,0.0,0.41849148418491483
9.0,7.0,47.0,0.3,0.1,0.8,4.0,818.0,0.0,0.0,0.4193154034229829
9.0,7.0,48.0,0.3,0.1,0.8,4.0,821.0,0.0,0.0,0.4190012180267966
9.0,7.0,49.0,0.3,0.1,0.8,4.0,816.0,0.0,0.0,0.4178921568627451
9.0,7.0,50.0,0.3,0.1,0.8,4.0,818.0,0.0,0.0,0.4180929095354523
9.0,7.0,51.0,0.3,0.1,0.8,4.0,813.0,0.0,0.0,0.4182041820418204
9.0,7.0,52.0,0.3,0.1,0.8,4.0,819.0,0.0,0.0,0.4175824175824176
9.0,8.0,1.0,0.3,0.1,0.8,4.0,813.0,0.0,0.0,0.4182041820418204
9.0,8.0,2.0,0.3,0.1,0.8,4.0,802.0,0.0,0.0,0.42019950124688277
9.0,8.0,3.0,0.3,0.1,0.8,4.0,796.0,0.0,0.0,0.41959798994974873
9.0,8.0,4.0,0.3,0.1,0.8,4.0,801.0,0.0,0.0,0.418227215980025
9.0,8.0,5.0,0.3,0.1,0.8,4.0,796.0,0.0,0.0,0.41959798994974873
9.0,8.0,6.0,0.3,0.1,0.8,4.0,801.0,0.0,0.0,0.41947565543071164
9.0,8.0,7.0,0.3,0.1,0.8,4.0,796.0,0.0,0.0,0.4183417085427136
9.0,8.0,8.0,0.3,0.1,0.8,4.0,795.0,0.0,0.0,0.42138364779874216
9.0,8.0,9.0,0.3,0.1,0.8,4.0,789.0,0.0,0.0,0.4207858048162231
9.0,8.0,10.0,0.3,0.1,0.8,4.0,790.0,0.0,0.0,0.4240506329113924
9.0,8.0,11.0,0.3,0.1,0.8,4.0,788.0,0.0,0.0,0.4213197969543147
9.0,8.0,12.0,0.3,0.1,0.8,4.0,793.0,0.0,0.0,0.4224464060529634
9.0,8.0,13.0,0.3,0.1,0.8,4.0,789.0,0.0,0.0,0.4220532319391635
9.0,8.0,14.0,0.3,0.1,0.8,4.0,789.0,0.0,0.0,0.42458808618504434
9.0,8.0,15.0,0.3,0.1,0.8,4.0,783.0,0.0,0.0,0.4227330779054917
9.0,8.0,16.0,0.3,0.1,0.8,4.0,787.0,0.0,0.0,0.4243964421855146
9.0,8.0,17.0,0.3,0.1,0.8,4.0,783.0,0.0,0.0,0.421455938697318
9.0,8.0,18.0,0.3,0.1,0.8,4.0,786.0,0.0,0.0,0.42493638676844786
9.0,8.0,19.0,0.3,0.1,0.8,4.0,784.0,0.0,0.0,0.42346938775510207
9.0,8.0,20.0,0.3,0.1,0.8,4.0,1374.0,0.0,0.0,0.2423580786026201
9.0,8.0,21.0,0.3,0.1,0.8,4.0,1313.0,0.0,0.0,0.2421934501142422
9.0,8.0,22.0,0.3,0.1,0.8,4.0,1270.0,0.0,0.0,0.24330708661417322
9.0,8.0,23.0,0.3,0.1,0.8,4.0,1214.0,0.0,0.0,0.24052718286655683
9.0,8.0,24.0,0.3,0.1,0.8,4.0,1173.0,0.0,0.0,0.24381926683716965
9.0,8.0,25.0,0.3,0.1,0.8,4.0,1141.0,0.0,0.0,0.24539877300613497
9.0,8.0,26.0,0.3,0.1,0.8,4.0,1106.0,0.0,0.0,0.24773960216998192
9.0,8.0,27.0,0.3,0.1,0.8,4.0,1099.0,0.0,0.0,0.2484076433121019
9.0,8.0,28.0,0.3,0.1,0.8,4.0,1097.0,0.0,0.0,0.2488605287146764
9.0,8.0,29.0,0.3,0.1,0.8,4.0,1057.0,0.0,0.0,0.24881740775780511
9.0,8.0,30.0,0.3,0.1,0.8,4.0,1037.0,0.0,0.0,0.25265188042430087
9.0,8.0,31.0,0.3,0.1,0.8,4.0,1008.0,0.0,0.0,0.2490079365079365
9.0,8.0,32.0,0.3,0.1,0.8,4.0,1000.0,0.0,0.0,0.252
9.0,8.0,33.0,0.3,0.1,0.8,4.0,990.0,0.0,0.0,0.25353535353535356
9.0,8.0,34.0,0.3,0.1,0.8,4.0,988.0,0.0,0.0,0.2520242914979757
9.0,8.0,35.0,0.3,0.1,0.8,4.0,977.0,0.0,0.0,0.2517911975435005
9.0,8.0,36.0,0.3,0.1,0.8,4.0,973.0,0.0,0.0,0.25590955806783144
9.0,8.0,37.0,0.3,0.1,0.8,4.0,920.0,0.0,0.0,0.2565217391304348
9.0,8.0,38.0,0.3,0.1,0.8,4.0,917.0,0.0,0.0,0.257360959651036
9.0,8.0,39.0,0.3,0.1,0.8,4.0,876.0,0.0,0.0,0.2614155251141553
9.0,8.0,40.0,0.3,0.1,0.8,4.0,869.0,0.0,0.0,0.2681242807825086
9.0,8.0,41.0,0.3,0.1,0.8,4.0,861.0,0.0,0.0,0.26713124274099886
9.0,8.0,42.0,0.3,0.1,0.8,4.0,868.0,0.0,0.0,0.2684331797235023
9.0,8.0,43.0,0.3,0.1,0.8,4.0,860.0,0.0,0.0,0.26744186046511625
9.0,8.0,44.0,0.3,0.1,0.8,4.0,869.0,0.0,0.0,0.2681242807825086
9.0,8.0,45.0,0.3,0.1,0.8,4.0,858.0,0.0,0.0,0.4358974358974359
9.0,8.0,46.0,0.3,0.1,0.8,4.0,867.0,0.0,0.0,0.4371395617070358
9.0,8.0,47.0,0.3,0.1,0.8,4.0,856.0,0.0,0.0,0.4357476635514019
9.0,8.0,48.0,0.3,0.1,0.8,4.0,867.0,0.0,0.0,0.4371395617070358
9.0,8.0,49.0,0.3,0.1,0.8,4.0,853.0,0.0,0.0,0.4361078546307151
9.0,8.0,50.0,0.3,0.1,0.8,4.0,866.0,0.0,0.0,0.43648960739030024
9.0,8.0,51.0,0.3,0.1,0.8,4.0,859.0,0.0,0.0,0.4342258440046566
9.0,8.0,52.0,0.3,0.1,0.8,4.0,866.0,0.0,0.0,0.4353348729792148
9.0,9.0,1.0,0.3,0.1,0.8,4.0,857.0,0.0,0.0,0.4364060676779463
9.0,9.0,2.0,0.3,0.1,0.8,4.0,866.0,0.0,0.0,0.43648960739030024
9.0,9.0,3.0,0.3,0.1,0.8,4.0,857.0,0.0,0.0,0.4364060676779463
9.0,9.0,4.0,0.3,0.1,0.8,4.0,865.0,0.0,0.0,0.4369942196531792
9.0,9.0,5.0,0.3,0.1,0.8,4.0,858.0,0.0,0.0,0.4358974358974359
9.0,9.0,6.0,0.3,0.1,0.8,4.0,866.0,0.0,0.0,0.43648960739030024
9.0,9.0,7.0,0.3,0.1,0.8,4.0,856.0,0.0,0.0,0.4369158878504673
9.0,9.0,8.0,0.3,0.1,0.8,4.0,861.0,0.0,0.0,0.4355400696864111
9.0,9.0,9.0,0.3,0.1,0.8,4.0,852.0,0.0,0.0,0.43779342723004694
9.0,9.0,10.0,0.3,0.1,0.8,4.0,854.0,0.0,0.0,0.4379391100702576
9.0,9.0,11.0,0.3,0.1,0.8,4.0,839.0,0.0,0.0,0.4362336114421931
9.0,9.0,12.0,0.3,0.1,0.8,4.0,845.0,0.0,0.0,0.43550295857988164
9.0,9.0,13.0,0.3,0.1,0.8,4.0,834.0,0.0,0.0,0.4364508393285372
9.0,9.0,14.0,0.3,0.1,0.8,4.0,820.0,0.0,0.0,0.43658536585365854
9.0,9.0,15.0,0.3,0.1,0.8,4.0,814.0,0.0,0.0,0.43734643734643736
9.0,9.0,16.0,0.3,0.1,0.8,4.0,818.0,0.0,0.0,0.43643031784841074
9.0,9.0,17.0,0.3,0.1,0.8,4.0,814.0,0.0,0.0,0.43611793611793614
9.0,9.0,18.0,0.3,0.1,0.8,4.0,816.0,0.0,0.0,0.4362745098039216
9.0,9.0,19.0,0.3,0.1,0.8,4.0,817.0,0.0,0.0,0.4357405140758874
9.0,9.0,20.0,0.3,0.1,0.8,4.0,1368.0,0.0,0.0,0.2536549707602339
9.0,9.0,21.0,0.3,0.1,0.8,4.0,1312.0,0.0,0.0,0.25609756097560976
9.0,9.0,22.0,0.3,0.1,0.8,4.0,1289.0,0.0,0.0,0.2560124127230411
9.0,9.0,23.0,0.3,0.1,0.8,4.0,1261.0,0.0,0.0,0.25852498017446474
9.0,9.0,24.0,0.3,0.1,0.8,4.0,1263.0,0.0,0.0,0.2573238321456849
9.0,9.0,25.0,0.3,0.1,0.8,4.0,1207.0,0.0,0.0,0.25849212924606463
9.0,9.0,26.0,0.3,0.1,0.8,4.0,1205.0,0.0,0.0,0.25892116182572616
9.0,9.0,27.0,0.3,0.1,0.8,4.0,1179.0,0.0,0.0,0.26208651399491095
9.0,9.0,28.0,0.3,0.1,0.8,4.0,1190.0,0.0,0.0,0.26134453781512607
9.0,9.0,29.0,0.3,0.1,0.8,4.0,1166.0,0.0,0.0,0.26329331046312177
9.0,9.0,30.0,0.3,0.1,0.8,4.0,1157.0,0.0,0.0,0.2662057044079516
9.0,9.0,31.0,0.3,0.1,0.8,4.0,1125.0,0.0,0.0,0.26666666666666666
9.0,9.0,32.0,0.3,0.1,0.8,4.0,1103.0,0.0,0.0,0.26745240253853125
9.0,9.0,33.0,0.3,0.1,0.8,4.0,1103.0,0.0,0.0,0.2665457842248413
9.0,9.0,34.0,0.3,0.1,0.8,4.0,1105.0,0.0,0.0,0.2660633484162896
9.0,9.0,35.0,0.3,0.1,0.8,4.0,1099.0,0.0,0.0,0.2684258416742493
9.0,9.0,36.0,0.3,0.1,0.8,4.0,1108.0,0.0,0.0,0.26624548736462095
9.0,9.0,37.0,0.3,0.1,0.8,4.0,1086.0,0.0,0.0,0.26979742173112337
9.0,9.0,38.0,0.3,0.1,0.8,4.0,1071.0,0.0,0.0,0.2707749766573296
9.0,9.0,39.0,0.3,0.1,0.8,4.0,1042.0,0.0,0.0,0.27543186180422263
9.0,9.0,40.0,0.3,0.1,0.8,4.0,1047.0,0.0,0.0,0.27507163323782235
9.0,9.0,41.0,0.3,0.1,0.8,4.0,1022.0,0.0,0.0,0.2788649706457926
9.0,9.0,42.0,0.3,0.1,0.8,4.0,1014.0,0.0,0.0,0.28106508875739644
9.0,9.0,43.0,0.3,0.1,0.8,4.0,996.0,0.0,0.0,0.28112449799196787
9.0,9.0,44.0,0.3,0.1,0.8,4.0,1004.0,0.0,0.0,0.2818725099601594
9.0,9.0,45.0,0.3,0.1,0.8,4.0,977.0,0.0,0.0,0.44114636642784033
9.0,9.0,46.0,0.3,0.1,0.8,4.0,970.0,0.0,0.0,0.44123711340206184
9.0,9.0,47.0,0.3,0.1,0.8,4.0,963.0,0.0,0.0,0.44132917964693663
9.0,9.0,48.0,0.3,0.1,0.8,4.0,937.0,0.0,0.0,0.44610458911419426
9.0,9.0,49.0,0.3,0.1,0.8,4.0,938.0,0.0,0.0,0.4466950959488273
9.0,9.0,50.0,0.3,0.1,0.8,4.0,928.0,0.0,0.0,0.44719827586206895
9.0,9.0,51.0,0.3,0.1,0.8,4.0,927.0,0.0,0.0,0.447680690399137
9.0,9.0,52.0,0.3,0.1,0.8,4.0,927.0,0.0,0.0,0.447680690399137
9.0,10.0,1.0,0.3,0.1,0.8,4.0,927.0,0.0,0.0,0.44660194174757284
9.0,10.0,2.0,0.3,0.1,0.8,4.0,930.0,0.0,0.0,0.4483870967741935
9.0,10.0,3.0,0.3,0.1,0.8,4.0,924.0,0.0,0.0,0.44696969696969696
9.0,10.0,4.0,0.3,0.1,0.8,4.0,928.0,0.0,0.0,0.4482758620689655
9.0,10.0,5.0,0.3,0.1,0.8,4.0,926.0,0.0,0.0,0.4470842332613391
9.0,10.0,6.0,0.3,0.1,0.8,4.0,925.0,0.0,0.0,0.44756756756756755
9.0,10.0,7.0,0.3,0.1,0.8,4.0,927.0,0.0,0.0,0.447680690399137
9.0,10.0,8.0,0.3,0.1,0.8,4.0,925.0,0.0,0.0,0.44972972972972974
9.0,10.0,9.0,0.3,0.1,0.8,4.0,908.0,0.0,0.0,0.4526431718061674
9.0,10.0,10.0,0.3,0.1,0.8,4.0,909.0,0.0,0.0,0.45434543454345433
9.0,10.0,11.0,0.3,0.1,0.8,4.0,890.0,0.0,0.0,0.45617977528089887
9.0,10.0,12.0,0.3,0.1,0.8,4.0,892.0,0.0,0.0,0.4585201793721973
9.0,10.0,13.0,0.3,0.1,0.8,4.0,890.0,0.0,0.0,0.4550561797752809
9.0,10.0,14.0,0.3,0.1,0.8,4.0,894.0,0.0,0.0,0.45861297539149887
9.0,10.0,15.0,0.3,0.1,0.8,4.0,892.0,0.0,0.0,0.4551569506726457
9.0,10.0,16.0,0.3,0.1,0.8,4.0,893.0,0.0,0.0,0.458006718924972
9.0,10.0,17.0,0.3,0.1,0.8,4.0,891.0,0.0,0.0,0.45791245791245794
9.0,10.0,18.0,0.3,0.1,0.8,4.0,895.0,0.0,0.0,0.4569832402234637
9.0,10.0,19.0,0.3,0.1,0.8,4.0,891.0,0.0,0.0,0.45791245791245794
9.0,10.0,20.0,0.3,0.1,0.8,4.0,1548.0,0.0,0.0,0.2564599483204134
9.0,10.0,21.0,0.3,0.1,0.8,4.0,1456.0,0.0,0.0,0.25961538461538464
9.0,10.0,22.0,0.3,0.1,0.8,4.0,1403.0,0.0,0.0,0.26229508196721313
9.0,10.0,23.0,0.3,0.1,0.8,4.0,1381.0,0.0,0.0,0.26430123099203473
9.0,10.0,24.0,0.3,0.1,0.8,4.0,1369.0,0.0,0.0,0.2658875091307524
9.0,10.0,25.0,0.3,0.1,0.8,4.0,1338.0,0.0,0.0,0.26606875934230195
9.0,10.0,26.0,0.3,0.1,0.8,4.0,1342.0,0.0,0.0,0.2660208643815201
9.0,10.0,27.0,0.3,0.1,0.8,4.0,1325.0,0.0,0.0,0.2679245283018868
9.0,10.0,28.0,0.3,0.1,0.8,4.0,1253.0,0.0,0.0,0.2737430167597765
9.0,10.0,29.0,0.3,0.1,0.8,4.0,1216.0,0.0,0.0,0.2746710526315789
9.0,10.0,30.0,0.3,0.1,0.8,4.0,1170.0,0.0,0.0,0.2717948717948718
9.0,10.0,31.0,0.3,0.1,0.8,4.0,1142.0,0.0,0.0,0.27583187390542907
9.0,10.0,32.0,0.3,0.1,0.8,4.0,1118.0,0.0,0.0,0.27549194991055453
9.0,10.0,33.0,0.3,0.1,0.8,4.0,1104.0,0.0,0.0,0.27717391304347827
9.0,10.0,34.0,0.3,0.1,0.8,4.0,1082.0,0.0,0.0,0.27634011090573013
9.0,10.0,35.0,0.3,0.1,0.8,4.0,1075.0,0.0,0.0,0.2762790697674419
9.0,10.0,36.0,0.3,0.1,0.8,4.0,1015.0,0.0,0.0,0.2798029556650246
9.0,10.0,37.0,0.3,0.1,0.8,4.0,995.0,0.0,0.0,0.2834170854271357
9.0,10.0,38.0,0.3,0.1,0.8,4.0,994.0,0.0,0.0,0.28269617706237427
9.0,10.0,39.0,0.3,0.1,0.8,4.0,982.0,0.0,0.0,0.28411405295315684
9.0,10.0,40.0,0.3,0.1,0.8,4.0,986.0,0.0,0.0,0.28498985801217036
9.0,10.0,41.0,0.3,0.1,0.8,4.0,966.0,0.0,0.0,0.2888198757763975
9.0,10.0,42.0,0.3,0.1,0.8,4.0,966.0,0.0,0.0,0.2908902691511387
9.0,10.0,43.0,0.3,0.1,0.8,4.0,961.0,0.0,0.0,0.2882414151925078
9.0,10.0,44.0,0.3,0.1,0.8,4.0,964.0,0.0,0.0,0.29045643153526973
9.0,10.0,45.0,0.3,0.1,0.8,4.0,962.0,0.0,0.0,0.43243243243243246
9.0,10.0,46.0,0.3,0.1,0.8,4.0,942.0,0.0,0.0,0.43524416135881105
9.0,10.0,47.0,0.3,0.1,0.8,4.0,945.0,0.0,0.0,0.43597883597883597
9.0,10.0,48.0,0.3,0.1,0.8,4.0,918.0,0.0,0.0,0.43790849673202614
9.0,10.0,49.0,0.3,0.1,0.8,4.0,913.0,0.0,0.0,0.4359255202628697
9.0,10.0,50.0,0.3,0.1,0.8,4.0,909.0,0.0,0.0,0.4367436743674367
9.0,10.0,51.0,0.3,0.1,0.8,4.0,910.0,0.0,0.0,0.43846153846153846
9.0,10.0,52.0,0.3,0.1,0.8,4.0,908.0,0.0,0.0,0.43722466960352424
10.0,1.0,1.0,0.3,0.1,0.8,4.0,5171.0,48.0,3.0,0.30438986656352734
10.0,1.0,2.0,0.3,0.1,0.8,4.0,5092.0,51.0,21.0,0.3040062843676355
10.0,1.0,3.0,0.3,0.1,0.8,4.0,5042.0,62.0,33.0,0.3022610075366918
10.0,1.0,4.0,0.3,0.1,0.8,4.0,4985.0,85.0,39.0,0.3021063189568706
10.0,1.0,5.0,0.3,0.1,0.8,4.0,5019.0,86.0,39.0,0.3030484160191273
10.0,1.0,6.0,0.3,0.1,0.8,4.0,4854.0,104.0,40.0,0.3042851256695509
10.0,1.0,7.0,0.3,0.1,0.8,4.0,4657.0,119.0,44.0,0.30706463388447497
10.0,1.0,8.0,0.3,0.1,0.8,4.0,4456.0,129.0,42.0,0.309245960502693
10.0,1.0,9.0,0.3,0.1,0.8,4.0,4324.0,129.0,50.0,0.31174838112858466
10.0,1.0,10.0,0.3,0.1,0.8,4.0,4163.0,165.0,66.0,0.31179437905356716
10.0,1.0,11.0,0.3,0.1,0.8,4.0,4066.0,163.0,65.0,0.31529758976881456
10.0,1.0,12.0,0.3,0.1,0.8,4.0,3962.0,185.0,77.0,0.3160020191822312
10.0,1.0,13.0,0.3,0.1,0.8,4.0,3884.0,197.0,85.0,0.31951596292481976
10.0,1.0,14.0,0.3,0.1,0.8,4.0,3730.0,206.0,98.0,0.3206434316353887
10.0,1.0,15.0,0.3,0.1,0.8,4.0,3617.0,205.0,105.0,0.32347249101465303
10.0,1.0,16.0,0.3,0.1,0.8,4.0,3531.0,211.0,102.0,0.3254035683942226
10.0,1.0,17.0,0.3,0.1,0.8,4.0,3401.0,184.0,83.0,0.3304910320493972
10.0,1.0,18.0,0.3,0.1,0.8,4.0,3291.0,177.0,77.0,0.33363719234275296
10.0,1.0,19.0,0.3,0.1,0.8,4.0,3198.0,176.0,80.0,0.33677298311444653
10.0,1.0,20.0,0.3,0.1,0.8,4.0,6002.0,168.0,89.0,0.1769410196601133
10.0,1.0,21.0,0.3,0.1,0.8,4.0,5648.0,201.0,85.0,0.18112606232294617
10.0,1.0,22.0,0.3,0.1,0.8,4.0,5296.0,224.0,85.0,0.18353474320241692
10.0,1.0,23.0,0.3,0.1,0.8,4.0,5050.0,228.0,101.0,0.18693069306930693
10.0,1.0,24.0,0.3,0.1,0.8,4.0,4790.0,273.0,98.0,0.1906054279749478
10.0,1.0,25.0,0.3,0.1,0.8,4.0,4604.0,316.0,118.0,0.19092093831450913
10.0,1.0,26.0,0.3,0.1,0.8,4.0,4305.0,349.0,132.0,0.1967479674796748
10.0,1.0,27.0,0.3,0.1,0.8,4.0,4157.0,398.0,163.0,0.19677652152994948
10.0,1.0,28.0,0.3,0.1,0.8,4.0,3915.0,423.0,180.0,0.2020434227330779
10.0,1.0,29.0,0.3,0.1,0.8,4.0,3671.0,459.0,181.0,0.2048488150367747
10.0,1.0,30.0,0.3,0.1,0.8,4.0,3492.0,495.0,209.0,0.21219931271477663
10.0,1.0,31.0,0.3,0.1,0.8,4.0,3393.0,510.0,221.0,0.21839080459770116
10.0,1.0,32.0,0.3,0.1,0.8,4.0,3155.0,513.0,225.0,0.22440570522979397
10.0,1.0,33.0,0.3,0.1,0.8,4.0,2953.0,518.0,242.0,0.23399932272265492
10.0,1.0,34.0,0.3,0.1,0.8,4.0,2741.0,500.0,242.0,0.24334184604159065
10.0,1.0,35.0,0.3,0.1,0.8,4.0,2611.0,508.0,255.0,0.25354270394484874
10.0,1.0,36.0,0.3,0.1,0.8,4.0,2439.0,497.0,232.0,0.26322263222632225
10.0,1.0,37.0,0.3,0.1,0.8,4.0,2257.0,455.0,226.0,0.2764731945059814
10.0,1.0,38.0,0.3,0.1,0.8,4.0,2094.0,390.0,187.0,0.2898758357211079
10.0,1.0,39.0,0.3,0.1,0.8,4.0,1988.0,358.0,180.0,0.301307847082495
10.0,1.0,40.0,0.3,0.1,0.8,4.0,1881.0,314.0,164.0,0.3147262094630516
10.0,1.0,41.0,0.3,0.1,0.8,4.0,1819.0,294.0,156.0,0.32270478284771853
10.0,1.0,42.0,0.3,0.1,0.8,4.0,1733.0,259.0,146.0,0.3346797461050202
10.0,1.0,43.0,0.3,0.1,0.8,4.0,1643.0,227.0,115.0,0.35118685331710287
10.0,1.0,44.0,0.3,0.1,0.8,4.0,1558.0,208.0,109.0,0.36649550706033374
10.0,1.0,45.0,0.3,0.1,0.8,4.0,1508.0,179.0,96.0,0.496684350132626
10.0,1.0,46.0,0.3,0.1,0.8,4.0,1438.0,166.0,89.0,0.5034770514603616
10.0,1.0,47.0,0.3,0.1,0.8,4.0,1389.0,141.0,81.0,0.5161987041036717
10.0,1.0,48.0,0.3,0.1,0.8,4.0,1347.0,122.0,73.0,0.5248700816629547
10.0,1.0,49.0,0.3,0.1,0.8,4.0,1316.0,110.0,71.0,0.5288753799392097
10.0,1.0,50.0,0.3,0.1,0.8,4.0,1279.0,99.0,55.0,0.5371383893666928
10.0,1.0,51.0,0.3,0.1,0.8,4.0,1251.0,86.0,52.0,0.542765787370104
10.0,1.0,52.0,0.3,0.1,0.8,4.0,1212.0,72.0,39.0,0.5511551155115512
10.0,2.0,1.0,0.3,0.1,0.8,4.0,1179.0,66.0,40.0,0.5513146734520781
10.0,2.0,2.0,0.3,0.1,0.8,4.0,1139.0,50.0,30.0,0.5618964003511853
10.0,2.0,3.0,0.3,0.1,0.8,4.0,1127.0,44.0,27.0,0.5625554569653949
10.0,2.0,4.0,0.3,0.1,0.8,4.0,1099.0,38.0,26.0,0.5723384895359418
10.0,2.0,5.0,0.3,0.1,0.8,4.0,1094.0,32.0,23.0,0.5740402193784278
10.0,2.0,6.0,0.3,0.1,0.8,4.0,1067.0,31.0,21.0,0.5791940018744143
10.0,2.0,7.0,0.3,0.1,0.8,4.0,1061.0,23.0,14.0,0.5815268614514609
10.0,2.0,8.0,0.3,0.1,0.8,4.0,1034.0,17.0,10.0,0.5870406189555126
10.0,2.0,9.0,0.3,0.1,0.8,4.0,1035.0,12.0,7.0,0.58743961352657
10.0,2.0,10.0,0.3,0.1,0.8,4.0,1013.0,11.0,5.0,0.5913129318854886
10.0,2.0,11.0,0.3,0.1,0.8,4.0,1011.0,8.0,4.0,0.5934718100890207
10.0,2.0,12.0,0.3,0.1,0.8,4.0,987.0,6.0,4.0,0.596757852077001
10.0,2.0,13.0,0.3,0.1,0.8,4.0,982.0,5.0,4.0,0.6018329938900203
10.0,2.0,14.0,0.3,0.1,0.8,4.0,962.0,5.0,3.0,0.6029106029106029
10.0,2.0,15.0,0.3,0.1,0.8,4.0,969.0,3.0,2.0,0.6006191950464397
10.0,2.0,16.0,0.3,0.1,0.8,4.0,947.0,2.0,1.0,0.604012671594509
10.0,2.0,17.0,0.3,0.1,0.8,4.0,955.0,2.0,1.0,0.6031413612565445
10.0,2.0,18.0,0.3,0.1,0.8,4.0,927.0,1.0,0.0,0.6051779935275081
10.0,2.0,19.0,0.3,0.1,0.8,4.0,928.0,1.0,0.0,0.6045258620689655
10.0,2.0,20.0,0.3,0.1,0.8,4.0,1640.0,1.0,1.0,0.33658536585365856
10.0,2.0,21.0,0.3,0.1,0.8,4.0,1613.0,2.0,1.0,0.33911965282083073
10.0,2.0,22.0,0.3,0.1,0.8,4.0,1570.0,2.0,1.0,0.34203821656050953
10.0,2.0,23.0,0.3,0.1,0.8,4.0,1550.0,1.0,0.0,0.3438709677419355
10.0,2.0,24.0,0.3,0.1,0.8,4.0,1501.0,1.0,1.0,0.346435709526982
10.0,2.0,25.0,0.3,0.1,0.8,4.0,1438.0,1.0,1.0,0.35118219749652296
10.0,2.0,26.0,0.3,0.1,0.8,4.0,1428.0,3.0,1.0,0.35014005602240894
10.0,2.0,27.0,0.3,0.1,0.8,4.0,1389.0,3.0,1.0,0.34989200863930886
10.0,2.0,28.0,0.3,0.1,0.8,4.0,1364.0,3.0,2.0,0.35117302052785926
10.0,2.0,29.0,0.3,0.1,0.8,4.0,1352.0,2.0,2.0,0.35133136094674555
10.0,2.0,30.0,0.3,0.1,0.8,4.0,1325.0,2.0,2.0,0.34943396226415097
10.0,2.0,31.0,0.3,0.1,0.8,4.0,1276.0,0.0,0.0,0.3503134796238245
10.0,2.0,32.0,0.3,0.1,0.8,4.0,1249.0,0.0,0.0,0.35388310648518817
10.0,2.0,33.0,0.3,0.1,0.8,4.0,1241.0,0.0,0.0,0.35294117647058826
10.0,2.0,34.0,0.3,0.1,0.8,4.0,1231.0,0.0,0.0,0.35337124289195776
10.0,2.0,35.0,0.3,0.1,0.8,4.0,1221.0,0.0,0.0,0.3546273546273546
10.0,2.0,36.0,0.3,0.1,0.8,4.0,1179.0,0.0,0.0,0.3570822731128075
10.0,2.0,37.0,0.3,0.1,0.8,4.0,1163.0,0.0,0.0,0.35683576956147894
10.0,2.0,38.0,0.3,0.1,0.8,4.0,1139.0,0.0,0.0,0.35294117647058826
10.0,2.0,39.0,0.3,0.1,0.8,4.0,1132.0,0.0,0.0,0.35335689045936397
10.0,2.0,40.0,0.3,0.1,0.8,4.0,1131.0,0.0,0.0,0.35278514588859416
10.0,2.0,41.0,0.3,0.1,0.8,4.0,1122.0,0.0,0.0,0.3520499108734403
10.0,2.0,42.0,0.3,0.1,0.8,4.0,1101.0,0.0,0.0,0.3533151680290645
10.0,2.0,43.0,0.3,0.1,0.8,4.0,1089.0,0.0,0.0,0.3544536271808999
10.0,2.0,44.0,0.3,0.1,0.8,4.0,1081.0,0.0,0.0,0.3524514338575393
10.0,2.0,45.0,0.3,0.1,0.8,4.0,1031.0,0.0,0.0,0.489815712900097
10.0,2.0,46.0,0.3,0.1,0.8,4.0,1035.0,0.0,0.0,0.485024154589372
10.0,2.0,47.0,0.3,0.1,0.8,4.0,1000.0,0.0,0.0,0.486
10.0,2.0,48.0,0.3,0.1,0.8,4.0,1007.0,0.0,0.0,0.47964250248262164
10.0,2.0,49.0,0.3,0.1,0.8,4.0,975.0,0.0,0.0,0.48205128205128206
10.0,2.0,50.0,0.3,0.1,0.8,4.0,964.0,0.0,0.0,0.4782157676348548
10.0,2.0,51.0,0.3,0.1,0.8,4.0,950.0,0.0,0.0,0.4789473684210526
10.0,2.0,52.0,0.3,0.1,0.8,4.0,952.0,0.0,0.0,0.4789915966386555
10.0,3.0,1.0,0.3,0.1,0.8,4.0,931.0,0.0,0.0,0.48442534908700324
10.0,3.0,2.0,0.3,0.1,0.8,4.0,927.0,0.0,0.0,0.48327939590075514
10.0,3.0,3.0,0.3,0.1,0.8,4.0,925.0,0.0,0.0,0.4854054054054054
10.0,3.0,4.0,0.3,0.1,0.8,4.0,913.0,0.0,0.0,0.48630887185104055
10.0,3.0,5.0,0.3,0.1,0.8,4.0,899.0,0.0,0.0,0.4860956618464961
10.0,3.0,6.0,0.3,0.1,0.8,4.0,890.0,0.0,0.0,0.4898876404494382
10.0,3.0,7.0,0.3,0.1,0.8,4.0,886.0,0.0,0.0,0.48758465011286684
10.0,3.0,8.0,0.3,0.1,0.8,4.0,873.0,0.0,0.0,0.48911798396334477
10.0,3.0,9.0,0.3,0.1,0.8,4.0,870.0,0.0,0.0,0.4885057471264368
10.0,3.0,10.0,0.3,0.1,0.8,4.0,856.0,0.0,0.0,0.48598130841121495
10.0,3.0,11.0,0.3,0.1,0.8,4.0,851.0,0.0,0.0,0.48296122209165687
10.0,3.0,12.0,0.3,0.1,0.8,4.0,830.0,0.0,0.0,0.4819277108433735
10.0,3.0,13.0,0.3,0.1,0.8,4.0,826.0,0.0,0.0,0.48184019370460046
10.0,3.0,14.0,0.3,0.1,0.8,4.0,808.0,0.0,0.0,0.4777227722772277
10.0,3.0,15.0,0.3,0.1,0.8,4.0,798.0,0.0,0.0,0.4724310776942356
10.0,3.0,16.0,0.3,0.1,0.8,4.0,781.0,0.0,0.0,0.47247119078104993
10.0,3.0,17.0,0.3,0.1,0.8,4.0,788.0,0.0,0.0,0.4746192893401015
10.0,3.0,18.0,0.3,0.1,0.8,4.0,773.0,0.0,0.0,0.4721862871927555
10.0,3.0,19.0,0.3,0.1,0.8,4.0,773.0,0.0,0.0,0.47347994825355755
10.0,3.0,20.0,0.3,0.1,0.8,4.0,1405.0,0.0,0.0,0.25622775800711745
10.0,3.0,21.0,0.3,0.1,0.8,4.0,1353.0,0.0,0.0,0.2631189948263119
10.0,3.0,22.0,0.3,0.1,0.8,4.0,1311.0,0.0,0.0,0.2639206712433257
10.0,3.0,23.0,0.3,0.1,0.8,4.0,1287.0,0.0,0.0,0.26961926961926963
10.0,3.0,24.0,0.3,0.1,0.8,4.0,1248.0,0.0,0.0,0.266025641025641
10.0,3.0,25.0,0.3,0.1,0.8,4.0,1241.0,0.0,0.0,0.2715551974214343
10.0,3.0,26.0,0.3,0.1,0.8,4.0,1215.0,0.0,0.0,0.26666666666666666
10.0,3.0,27.0,0.3,0.1,0.8,4.0,1202.0,0.0,0.0,0.2720465890183028
10.0,3.0,28.0,0.3,0.1,0.8,4.0,1180.0,0.0,0.0,0.2669491525423729
10.0,3.0,29.0,0.3,0.1,0.8,4.0,1133.0,0.0,0.0,0.2815533980582524
10.0,3.0,30.0,0.3,0.1,0.8,4.0,1119.0,0.0,0.0,0.2779267202859696
10.0,3.0,31.0,0.3,0.1,0.8,4.0,1069.0,0.0,0.0,0.284377923292797
10.0,3.0,32.0,0.3,0.1,0.8,4.0,1056.0,0.0,0.0,0.2784090909090909
10.0,3.0,33.0,0.3,0.1,0.8,4.0,1047.0,0.0,0.0,0.2817574021012416
10.0,3.0,34.0,0.3,0.1,0.8,4.0,999.0,0.0,0.0,0.2802802802802803
10.0,3.0,35.0,0.3,0.1,0.8,4.0,988.0,0.0,0.0,0.2834008097165992
10.0,3.0,36.0,0.3,0.1,0.8,4.0,958.0,0.0,0.0,0.2839248434237996
10.0,3.0,37.0,0.3,0.1,0.8,4.0,958.0,0.0,0.0,0.2849686847599165
10.0,3.0,38.0,0.3,0.1,0.8,4.0,917.0,0.0,0.0,0.2835332606324973
10.0,3.0,39.0,0.3,0.1,0.8,4.0,922.0,0.0,0.0,0.28524945770065074
10.0,3.0,40.0,0.3,0.1,0.8,4.0,874.0,0.0,0.0,0.2837528604118993
10.0,3.0,41.0,0.3,0.1,0.8,4.0,874.0,0.0,0.0,0.2894736842105263
10.0,3.0,42.0,0.3,0.1,0.8,4.0,860.0,0.0,0.0,0.2837209302325581
10.0,3.0,43.0,0.3,0.1,0.8,4.0,866.0,0.0,0.0,0.28752886836027713
10.0,3.0,44.0,0.3,0.1,0.8,4.0,847.0,0.0,0.0,0.2798110979929162
10.0,3.0,45.0,0.3,0.1,0.8,4.0,846.0,0.0,0.0,0.4385342789598109
10.0,3.0,46.0,0.3,0.1,0.8,4.0,815.0,0.0,0.0,0.4306748466257669
10.0,3.0,47.0,0.3,0.1,0.8,4.0,824.0,0.0,0.0,0.4356796116504854
10.0,3.0,48.0,0.3,0.1,0.8,4.0,793.0,0.0,0.0,0.424968474148802
10.0,3.0,49.0,0.3,0.1,0.8,4.0,781.0,0.0,0.0,0.42893725992317544
10.0,3.0,50.0,0.3,0.1,0.8,4.0,754.0,0.0,0.0,0.4217506631299735
10.0,3.0,51.0,0.3,0.1,0.8,4.0,766.0,0.0,0.0,0.4255874673629243
10.0,3.0,52.0,0.3,0.1,0.8,4.0,740.0,0.0,0.0,0.4175675675675676
10.0,4.0,1.0,0.3,0.1,0.8,4.0,736.0,0.0,0.0,0.421195652173913
10.0,4.0,2.0,0.3,0.1,0.8,4.0,718.0,0.0,0.0,0.4192200557103064
10.0,4.0,3.0,0.3,0.1,0.8,4.0,726.0,0.0,0.0,0.4214876033057851
10.0,4.0,4.0,0.3,0.1,0.8,4.0,711.0,0.0,0.0,0.41631504922644164
10.0,4.0,5.0,0.3,0.1,0.8,4.0,720.0,0.0,0.0,0.41805555555555557
10.0,4.0,6.0,0.3,0.1,0.8,4.0,698.0,0.0,0.0,0.4169054441260745
10.0,4.0,7.0,0.3,0.1,0.8,4.0,709.0,0.0,0.0,0.41889985895627646
10.0,4.0,8.0,0.3,0.1,0.8,4.0,693.0,0.0,0.0,0.4155844155844156
10.0,4.0,9.0,0.3,0.1,0.8,4.0,700.0,0.0,0.0,0.42
10.0,4.0,10.0,0.3,0.1,0.8,4.0,689.0,0.0,0.0,0.41364296081277213
10.0,4.0,11.0,0.3,0.1,0.8,4.0,689.0,0.0,0.0,0.41944847605224966
10.0,4.0,12.0,0.3,0.1,0.8,4.0,677.0,0.0,0.0,0.4121122599704579
10.0,4.0,13.0,0.3,0.1,0.8,4.0,669.0,0.0,0.0,0.41853512705530643
10.0,4.0,14.0,0.3,0.1,0.8,4.0,657.0,0.0,0.0,0.410958904109589
10.0,4.0,15.0,0.3,0.1,0.8,4.0,661.0,0.0,0.0,0.4175491679273828
10.0,4.0,16.0,0.3,0.1,0.8,4.0,645.0,0.0,0.0,0.4170542635658915
10.0,4.0,17.0,0.3,0.1,0.8,4.0,640.0,0.0,0.0,0.4234375
10.0,4.0,18.0,0.3,0.1,0.8,4.0,624.0,0.0,0.0,0.41346153846153844
10.0,4.0,19.0,0.3,0.1,0.8,4.0,631.0,0.0,0.0,0.4183835182250396
10.0,4.0,20.0,0.3,0.1,0.8,4.0,1109.0,0.0,0.0,0.2290351668169522
10.0,4.0,21.0,0.3,0.1,0.8,4.0,1081.0,0.0,0.0,0.23496762257169287
10.0,4.0,22.0,0.3,0.1,0.8,4.0,1012.0,0.0,0.0,0.2381422924901186
10.0,4.0,23.0,0.3,0.1,0.8,4.0,1002.0,0.0,0.0,0.2405189620758483
10.0,4.0,24.0,0.3,0.1,0.8,4.0,962.0,0.0,0.0,0.23700623700623702
10.0,4.0,25.0,0.3,0.1,0.8,4.0,972.0,0.0,0.0,0.2397119341563786
10.0,4.0,26.0,0.3,0.1,0.8,4.0,920.0,0.0,0.0,0.24239130434782608
10.0,4.0,27.0,0.3,0.1,0.8,4.0,897.0,0.0,0.0,0.24526198439241917
10.0,4.0,28.0,0.3,0.1,0.8,4.0,883.0,0.0,0.0,0.2434881087202718
10.0,4.0,29.0,0.3,0.1,0.8,4.0,869.0,0.0,0.0,0.2474108170310702
10.0,4.0,30.0,0.3,0.1,0.8,4.0,840.0,0.0,0.0,0.25
10.0,4.0,31.0,0.3,0.1,0.8,4.0,848.0,0.0,0.0,0.24882075471698112
10.0,4.0,32.0,0.3,0.1,0.8,4.0,832.0,0.0,0.0,0.25
10.0,4.0,33.0,0.3,0.1,0.8,4.0,839.0,0.0,0.0,0.25148986889153757
10.0,4.0,34.0,0.3,0.1,0.8,4.0,800.0,0.0,0.0,0.2525
10.0,4.0,35.0,0.3,0.1,0.8,4.0,819.0,0.0,0.0,0.2490842490842491
10.0,4.0,36.0,0.3,0.1,0.8,4.0,790.0,0.0,0.0,0.25063291139240507
10.0,4.0,37.0,0.3,0.1,0.8,4.0,778.0,0.0,0.0,0.2532133676092545
10.0,4.0,38.0,0.3,0.1,0.8,4.0,746.0,0.0,0.0,0.257372654155496
10.0,4.0,39.0,0.3,0.1,0.8,4.0,755.0,0.0,0.0,0.2556291390728477
10.0,4.0,40.0,0.3,0.1,0.8,4.0,717.0,0.0,0.0,0.2524407252440725
10.0,4.0,41.0,0.3,0.1,0.8,4.0,716.0,0.0,0.0,0.2527932960893855
10.0,4.0,42.0,0.3,0.1,0.8,4.0,680.0,0.0,0.0,0.25
10.0,4.0,43.0,0.3,0.1,0.8,4.0,675.0,0.0,0.0,0.2518518518518518
10.0,4.0,44.0,0.3,0.1,0.8,4.0,662.0,0.0,0.0,0.24924471299093656
10.0,4.0,45.0,0.3,0.1,0.8,4.0,655.0,0.0,0.0,0.3984732824427481
10.0,4.0,46.0,0.3,0.1,0.8,4.0,638.0,0.0,0.0,0.4012539184952978
10.0,4.0,47.0,0.3,0.1,0.8,4.0,599.0,0.0,0.0,0.4073455759599332
10.0,4.0,48.0,0.3,0.1,0.8,4.0,590.0,0.0,0.0,0.4152542372881356
10.0,4.0,49.0,0.3,0.1,0.8,4.0,600.0,0.0,0.0,0.4066666666666667
10.0,4.0,50.0,0.3,0.1,0.8,4.0,588.0,0.0,0.0,0.41496598639455784
10.0,4.0,51.0,0.3,0.1,0.8,4.0,587.0,0.0,0.0,0.41056218057921634
10.0,4.0,52.0,0.3,0.1,0.8,4.0,574.0,0.0,0.0,0.4146341463414634
10.0,5.0,1.0,0.3,0.1,0.8,4.0,562.0,0.0,0.0,0.4110320284697509
10.0,5.0,2.0,0.3,0.1,0.8,4.0,548.0,0.0,0.0,0.4197080291970803
10.0,5.0,3.0,0.3,0.1,0.8,4.0,551.0,0.0,0.0,0.41742286751361163
10.0,5.0,4.0,0.3,0.1,0.8,4.0,543.0,0.0,0.0,0.42357274401473294
10.0,5.0,5.0,0.3,0.1,0.8,4.0,542.0,0.0,0.0,0.4188191881918819
10.0,5.0,6.0,0.3,0.1,0.8,4.0,527.0,0.0,0.0,0.42314990512333966
10.0,5.0,7.0,0.3,0.1,0.8,4.0,529.0,0.0,0.0,0.41398865784499056
10.0,5.0,8.0,0.3,0.1,0.8,4.0,520.0,0.0,0.0,0.41346153846153844
10.0,5.0,9.0,0.3,0.1,0.8,4.0,517.0,0.0,0.0,0.41005802707930367
10.0,5.0,10.0,0.3,0.1,0.8,4.0,515.0,0.0,0.0,0.4097087378640777
10.0,5.0,11.0,0.3,0.1,0.8,4.0,513.0,0.0,0.0,0.4074074074074074
10.0,5.0,12.0,0.3,0.1,0.8,4.0,508.0,0.0,0.0,0.4074803149606299
10.0,5.0,13.0,0.3,0.1,0.8,4.0,492.0,0.0,0.0,0.40853658536585363
10.0,5.0,14.0,0.3,0.1,0.8,4.0,487.0,0.0,0.0,0.4127310061601643
10.0,5.0,15.0,0.3,0.1,0.8,4.0,488.0,0.0,0.0,0.4098360655737705
10.0,5.0,16.0,0.3,0.1,0.8,4.0,479.0,0.0,0.0,0.4133611691022965
10.0,5.0,17.0,0.3,0.1,0.8,4.0,480.0,0.0,0.0,0.41041666666666665
10.0,5.0,18.0,0.3,0.1,0.8,4.0,477.0,0.0,0.0,0.4129979035639413
10.0,5.0,19.0,0.3,0.1,0.8,4.0,469.0,0.0,0.0,0.4157782515991471
10.0,5.0,20.0,0.3,0.1,0.8,4.0,886.0,0.0,0.0,0.22121896162528218
10.0,5.0,21.0,0.3,0.1,0.8,4.0,867.0,0.0,0.0,0.21914648212226068
10.0,5.0,22.0,0.3,0.1,0.8,4.0,832.0,0.0,0.0,0.21995192307692307
10.0,5.0,23.0,0.3,0.1,0.8,4.0,810.0,0.0,0.0,0.2222222222222222
10.0,5.0,24.0,0.3,0.1,0.8,4.0,784.0,0.0,0.0,0.22831632653061223
10.0,5.0,25.0,0.3,0.1,0.8,4.0,769.0,0.0,0.0,0.22496749024707413
10.0,5.0,26.0,0.3,0.1,0.8,4.0,748.0,0.0,0.0,0.23128342245989306
10.0,5.0,27.0,0.3,0.1,0.8,4.0,722.0,0.0,0.0,0.23545706371191136
10.0,5.0,28.0,0.3,0.1,0.8,4.0,722.0,0.0,0.0,0.23407202216066483
10.0,5.0,29.0,0.3,0.1,0.8,4.0,670.0,0.0,0.0,0.2417910447761194
10.0,5.0,30.0,0.3,0.1,0.8,4.0,674.0,0.0,0.0,0.24183976261127596
10.0,5.0,31.0,0.3,0.1,0.8,4.0,641.0,0.0,0.0,0.25117004680187205
10.0,5.0,32.0,0.3,0.1,0.8,4.0,656.0,0.0,0.0,0.24695121951219512
10.0,5.0,33.0,0.3,0.1,0.8,4.0,641.0,0.0,0.0,0.25117004680187205
10.0,5.0,34.0,0.3,0.1,0.8,4.0,610.0,0.0,0.0,0.24754098360655738
10.0,5.0,35.0,0.3,0.1,0.8,4.0,602.0,0.0,0.0,0.2574750830564784
10.0,5.0,36.0,0.3,0.1,0.8,4.0,596.0,0.0,0.0,0.2483221476510067
10.0,5.0,37.0,0.3,0.1,0.8,4.0,594.0,0.0,0.0,0.25252525252525254
10.0,5.0,38.0,0.3,0.1,0.8,4.0,589.0,0.0,0.0,0.2461799660441426
10.0,5.0,39.0,0.3,0.1,0.8,4.0,570.0,0.0,0.0,0.256140350877193
10.0,5.0,40.0,0.3,0.1,0.8,4.0,568.0,0.0,0.0,0.24471830985915494
10.0,5.0,41.0,0.3,0.1,0.8,4.0,566.0,0.0,0.0,0.25265017667844525
10.0,5.0,42.0,0.3,0.1,0.8,4.0,554.0,0.0,0.0,0.2364620938628159
10.0,5.0,43.0,0.3,0.1,0.8,4.0,552.0,0.0,0.0,0.2463768115942029
10.0,5.0,44.0,0.3,0.1,0.8,4.0,552.0,0.0,0.0,0.23731884057971014
10.0,5.0,45.0,0.3,0.1,0.8,4.0,543.0,0.0,0.0,0.40515653775322286
10.0,5.0,46.0,0.3,0.1,0.8,4.0,531.0,0.0,0.0,0.3992467043314501
10.0,5.0,47.0,0.3,0.1,0.8,4.0,527.0,0.0,0.0,0.4098671726755218
10.0,5.0,48.0,0.3,0.1,0.8,4.0,510.0,0.0,0.0,0.396078431372549
10.0,5.0,49.0,0.3,0.1,0.8,4.0,498.0,0.0,0.0,0.41365461847389556
10.0,5.0,50.0,0.3,0.1,0.8,4.0,478.0,0.0,0.0,0.399581589958159
10.0,5.0,51.0,0.3,0.1,0.8,4.0,479.0,0.0,0.0,0.4133611691022965
10.0,5.0,52.0,0.3,0.1,0.8,4.0,471.0,0.0,0.0,0.39490445859872614
10.0,6.0,1.0,0.3,0.1,0.8,4.0,473.0,0.0,0.0,0.41014799154334036
10.0,6.0,2.0,0.3,0.1,0.8,4.0,469.0,0.0,0.0,0.39658848614072495
10.0,6.0,3.0,0.3,0.1,0.8,4.0,473.0,0.0,0.0,0.41014799154334036
10.0,6.0,4.0,0.3,0.1,0.8,4.0,463.0,0.0,0.0,0.3952483801295896
10.0,6.0,5.0,0.3,0.1,0.8,4.0,468.0,0.0,0.0,0.41025641025641024
10.0,6.0,6.0,0.3,0.1,0.8,4.0,457.0,0.0,0.0,0.39606126914660833
10.0,6.0,7.0,0.3,0.1,0.8,4.0,442.0,0.0,0.0,0.4072398190045249
10.0,6.0,8.0,0.3,0.1,0.8,4.0,428.0,0.0,0.0,0.3878504672897196
10.0,6.0,9.0,0.3,0.1,0.8,4.0,435.0,0.0,0.0,0.4045977011494253
10.0,6.0,10.0,0.3,0.1,0.8,4.0,421.0,0.0,0.0,0.38954869358669836
10.0,6.0,11.0,0.3,0.1,0.8,4.0,424.0,0.0,0.0,0.4033018867924528
10.0,6.0,12.0,0.3,0.1,0.8,4.0,412.0,0.0,0.0,0.3907766990291262
10.0,6.0,13.0,0.3,0.1,0.8,4.0,416.0,0.0,0.0,0.40384615384615385
10.0,6.0,14.0,0.3,0.1,0.8,4.0,407.0,0.0,0.0,0.3931203931203931
10.0,6.0,15.0,0.3,0.1,0.8,4.0,402.0,0.0,0.0,0.40298507462686567
10.0,6.0,16.0,0.3,0.1,0.8,4.0,367.0,0.0,0.0,0.3814713896457766
10.0,6.0,17.0,0.3,0.1,0.8,4.0,373.0,0.0,0.0,0.3941018766756032
10.0,6.0,18.0,0.3,0.1,0.8,4.0,364.0,0.0,0.0,0.3791208791208791
10.0,6.0,19.0,0.3,0.1,0.8,4.0,367.0,0.0,0.0,0.3869209809264305
10.0,6.0,20.0,0.3,0.1,0.8,4.0,625.0,0.0,0.0,0.2112
10.0,6.0,21.0,0.3,0.1,0.8,4.0,610.0,0.0,0.0,0.22459016393442624
10.0,6.0,22.0,0.3,0.1,0.8,4.0,593.0,0.0,0.0,0.21585160202360876
10.0,6.0,23.0,0.3,0.1,0.8,4.0,601.0,0.0,0.0,0.22628951747088186
10.0,6.0,24.0,0.3,0.1,0.8,4.0,585.0,0.0,0.0,0.2170940170940171
10.0,6.0,25.0,0.3,0.1,0.8,4.0,591.0,0.0,0.0,0.22673434856175972
10.0,6.0,26.0,0.3,0.1,0.8,4.0,576.0,0.0,0.0,0.2170138888888889
10.0,6.0,27.0,0.3,0.1,0.8,4.0,592.0,0.0,0.0,0.22635135135135134
10.0,6.0,28.0,0.3,0.1,0.8,4.0,549.0,0.0,0.0,0.2204007285974499
10.0,6.0,29.0,0.3,0.1,0.8,4.0,560.0,0.0,0.0,0.23214285714285715
10.0,6.0,30.0,0.3,0.1,0.8,4.0,535.0,0.0,0.0,0.22803738317757008
10.0,6.0,31.0,0.3,0.1,0.8,4.0,531.0,0.0,0.0,0.224105461393597
10.0,6.0,32.0,0.3,0.1,0.8,4.0,531.0,0.0,0.0,0.2278719397363465
10.0,6.0,33.0,0.3,0.1,0.8,4.0,532.0,0.0,0.0,0.22180451127819548
10.0,6.0,34.0,0.3,0.1,0.8,4.0,534.0,0.0,0.0,0.22846441947565543
10.0,6.0,35.0,0.3,0.1,0.8,4.0,531.0,0.0,0.0,0.2222222222222222
10.0,6.0,36.0,0.3,0.1,0.8,4.0,518.0,0.0,0.0,0.2277992277992278
10.0,6.0,37.0,0.3,0.1,0.8,4.0,509.0,0.0,0.0,0.22986247544204322
10.0,6.0,38.0,0.3,0.1,0.8,4.0,504.0,0.0,0.0,0.23214285714285715
10.0,6.0,39.0,0.3,0.1,0.8,4.0,505.0,0.0,0.0,0.22772277227722773
10.0,6.0,40.0,0.3,0.1,0.8,4.0,504.0,0.0,0.0,0.23214285714285715
10.0,6.0,41.0,0.3,0.1,0.8,4.0,505.0,0.0,0.0,0.22772277227722773
10.0,6.0,42.0,0.3,0.1,0.8,4.0,504.0,0.0,0.0,0.23214285714285715
10.0,6.0,43.0,0.3,0.1,0.8,4.0,508.0,0.0,0.0,0.2283464566929134
10.0,6.0,44.0,0.3,0.1,0.8,4.0,507.0,0.0,0.0,0.23274161735700197
10.0,6.0,45.0,0.3,0.1,0.8,4.0,505.0,0.0,0.0,0.3940594059405941
10.0,6.0,46.0,0.3,0.1,0.8,4.0,503.0,0.0,0.0,0.3996023856858847
10.0,6.0,47.0,0.3,0.1,0.8,4.0,494.0,0.0,0.0,0.39271255060728744
10.0,6.0,48.0,0.3,0.1,0.8,4.0,496.0,0.0,0.0,0.39919354838709675
10.0,6.0,49.0,0.3,0.1,0.8,4.0,494.0,0.0,0.0,0.39271255060728744
10.0,6.0,50.0,0.3,0.1,0.8,4.0,496.0,0.0,0.0,0.39919354838709675
10.0,6.0,51.0,0.3,0.1,0.8,4.0,497.0,0.0,0.0,0.3903420523138833
10.0,6.0,52.0,0.3,0.1,0.8,4.0,493.0,0.0,0.0,0.3995943204868154
10.0,7.0,1.0,0.3,0.1,0.8,4.0,492.0,0.0,0.0,0.39227642276422764
10.0,7.0,2.0,0.3,0.1,0.8,4.0,490.0,0.0,0.0,0.4
10.0,7.0,3.0,0.3,0.1,0.8,4.0,488.0,0.0,0.0,0.39139344262295084
10.0,7.0,4.0,0.3,0.1,0.8,4.0,483.0,0.0,0.0,0.40372670807453415
10.0,7.0,5.0,0.3,0.1,0.8,4.0,486.0,0.0,0.0,0.3950617283950617
10.0,7.0,6.0,0.3,0.1,0.8,4.0,482.0,0.0,0.0,0.4045643153526971
10.0,7.0,7.0,0.3,0.1,0.8,4.0,484.0,0.0,0.0,0.39462809917355374
10.0,7.0,8.0,0.3,0.1,0.8,4.0,478.0,0.0,0.0,0.40376569037656906
10.0,7.0,9.0,0.3,0.1,0.8,4.0,474.0,0.0,0.0,0.39662447257383965
10.0,7.0,10.0,0.3,0.1,0.8,4.0,472.0,0.0,0.0,0.4046610169491525
10.0,7.0,11.0,0.3,0.1,0.8,4.0,468.0,0.0,0.0,0.3974358974358974
10.0,7.0,12.0,0.3,0.1,0.8,4.0,466.0,0.0,0.0,0.4034334763948498
10.0,7.0,13.0,0.3,0.1,0.8,4.0,463.0,0.0,0.0,0.39740820734341253
10.0,7.0,14.0,0.3,0.1,0.8,4.0,464.0,0.0,0.0,0.4051724137931034
10.0,7.0,15.0,0.3,0.1,0.8,4.0,460.0,0.0,0.0,0.3978260869565217
10.0,7.0,16.0,0.3,0.1,0.8,4.0,460.0,0.0,0.0,0.4043478260869565
10.0,7.0,17.0,0.3,0.1,0.8,4.0,453.0,0.0,0.0,0.39514348785871967
10.0,7.0,18.0,0.3,0.1,0.8,4.0,457.0,0.0,0.0,0.4026258205689278
10.0,7.0,19.0,0.3,0.1,0.8,4.0,451.0,0.0,0.0,0.3968957871396896
10.0,7.0,20.0,0.3,0.1,0.8,4.0,813.0,0.0,0.0,0.22263222632226323
10.0,7.0,21.0,0.3,0.1,0.8,4.0,782.0,0.0,0.0,0.22122762148337596
10.0,7.0,22.0,0.3,0.1,0.8,4.0,780.0,0.0,0.0,0.22692307692307692
10.0,7.0,23.0,0.3,0.1,0.8,4.0,717.0,0.0,0.0,0.22454672245467225
10.0,7.0,24.0,0.3,0.1,0.8,4.0,722.0,0.0,0.0,0.2299168975069252
10.0,7.0,25.0,0.3,0.1,0.8,4.0,704.0,0.0,0.0,0.22443181818181818
10.0,7.0,26.0,0.3,0.1,0.8,4.0,684.0,0.0,0.0,0.23391812865497075
10.0,7.0,27.0,0.3,0.1,0.8,4.0,659.0,0.0,0.0,0.2291350531107739
10.0,7.0,28.0,0.3,0.1,0.8,4.0,612.0,0.0,0.0,0.24019607843137256
10.0,7.0,29.0,0.3,0.1,0.8,4.0,610.0,0.0,0.0,0.23278688524590163
10.0,7.0,30.0,0.3,0.1,0.8,4.0,610.0,0.0,0.0,0.23770491803278687
10.0,7.0,31.0,0.3,0.1,0.8,4.0,606.0,0.0,0.0,0.23267326732673269
10.0,7.0,32.0,0.3,0.1,0.8,4.0,608.0,0.0,0.0,0.23848684210526316
10.0,7.0,33.0,0.3,0.1,0.8,4.0,598.0,0.0,0.0,0.23411371237458195
10.0,7.0,34.0,0.3,0.1,0.8,4.0,579.0,0.0,0.0,0.24006908462867013
10.0,7.0,35.0,0.3,0.1,0.8,4.0,567.0,0.0,0.0,0.23985890652557318
10.0,7.0,36.0,0.3,0.1,0.8,4.0,552.0,0.0,0.0,0.25
10.0,7.0,37.0,0.3,0.1,0.8,4.0,543.0,0.0,0.0,0.24493554327808473
10.0,7.0,38.0,0.3,0.1,0.8,4.0,537.0,0.0,0.0,0.2532588454376164
10.0,7.0,39.0,0.3,0.1,0.8,4.0,532.0,0.0,0.0,0.24812030075187969
10.0,7.0,40.0,0.3,0.1,0.8,4.0,504.0,0.0,0.0,0.25396825396825395
10.0,7.0,41.0,0.3,0.1,0.8,4.0,490.0,0.0,0.0,0.2530612244897959
10.0,7.0,42.0,0.3,0.1,0.8,4.0,490.0,0.0,0.0,0.25918367346938775
10.0,7.0,43.0,0.3,0.1,0.8,4.0,487.0,0.0,0.0,0.25256673511293637
10.0,7.0,44.0,0.3,0.1,0.8,4.0,470.0,0.0,0.0,0.2531914893617021
10.0,7.0,45.0,0.3,0.1,0.8,4.0,467.0,0.0,0.0,0.41113490364025695
10.0,7.0,46.0,0.3,0.1,0.8,4.0,469.0,0.0,0.0,0.4136460554371002
10.0,7.0,47.0,0.3,0.1,0.8,4.0,463.0,0.0,0.0,0.4103671706263499
10.0,7.0,48.0,0.3,0.1,0.8,4.0,468.0,0.0,0.0,0.41452991452991456
10.0,7.0,49.0,0.3,0.1,0.8,4.0,460.0,0.0,0.0,0.41304347826086957
10.0,7.0,50.0,0.3,0.1,0.8,4.0,464.0,0.0,0.0,0.41379310344827586
10.0,7.0,51.0,0.3,0.1,0.8,4.0,455.0,0.0,0.0,0.41318681318681316
10.0,7.0,52.0,0.3,0.1,0.8,4.0,456.0,0.0,0.0,0.42105263157894735
10.0,8.0,1.0,0.3,0.1,0.8,4.0,441.0,0.0,0.0,0.41496598639455784
10.0,8.0,2.0,0.3,0.1,0.8,4.0,441.0,0.0,0.0,0.41950113378684806
10.0,8.0,3.0,0.3,0.1,0.8,4.0,439.0,0.0,0.0,0.4123006833712984
10.0,8.0,4.0,0.3,0.1,0.8,4.0,439.0,0.0,0.0,0.4168564920273349
10.0,8.0,5.0,0.3,0.1,0.8,4.0,422.0,0.0,0.0,0.41706161137440756
10.0,8.0,6.0,0.3,0.1,0.8,4.0,423.0,0.0,0.0,0.42080378250591016
10.0,8.0,7.0,0.3,0.1,0.8,4.0,422.0,0.0,0.0,0.4146919431279621
10.0,8.0,8.0,0.3,0.1,0.8,4.0,421.0,0.0,0.0,0.4180522565320665
10.0,8.0,9.0,0.3,0.1,0.8,4.0,416.0,0.0,0.0,0.4110576923076923
10.0,8.0,10.0,0.3,0.1,0.8,4.0,418.0,0.0,0.0,0.41866028708133973
10.0,8.0,11.0,0.3,0.1,0.8,4.0,411.0,0.0,0.0,0.41605839416058393
10.0,8.0,12.0,0.3,0.1,0.8,4.0,413.0,0.0,0.0,0.4213075060532688
10.0,8.0,13.0,0.3,0.1,0.8,4.0,406.0,0.0,0.0,0.41625615763546797
10.0,8.0,14.0,0.3,0.1,0.8,4.0,392.0,0.0,0.0,0.43112244897959184
10.0,8.0,15.0,0.3,0.1,0.8,4.0,385.0,0.0,0.0,0.42597402597402595
10.0,8.0,16.0,0.3,0.1,0.8,4.0,389.0,0.0,0.0,0.43444730077120824
10.0,8.0,17.0,0.3,0.1,0.8,4.0,382.0,0.0,0.0,0.4293193717277487
10.0,8.0,18.0,0.3,0.1,0.8,4.0,387.0,0.0,0.0,0.43410852713178294
10.0,8.0,19.0,0.3,0.1,0.8,4.0,379.0,0.0,0.0,0.43007915567282323
10.0,8.0,20.0,0.3,0.1,0.8,4.0,686.0,0.0,0.0,0.24489795918367346
10.0,8.0,21.0,0.3,0.1,0.8,4.0,636.0,0.0,0.0,0.25
10.0,8.0,22.0,0.3,0.1,0.8,4.0,635.0,0.0,0.0,0.25354330708661416
10.0,8.0,23.0,0.3,0.1,0.8,4.0,585.0,0.0,0.0,0.24444444444444444
10.0,8.0,24.0,0.3,0.1,0.8,4.0,592.0,0.0,0.0,0.24662162162162163
10.0,8.0,25.0,0.3,0.1,0.8,4.0,550.0,0.0,0.0,0.25636363636363635
10.0,8.0,26.0,0.3,0.1,0.8,4.0,560.0,0.0,0.0,0.25892857142857145
10.0,8.0,27.0,0.3,0.1,0.8,4.0,538.0,0.0,0.0,0.26022304832713755
10.0,8.0,28.0,0.3,0.1,0.8,4.0,566.0,0.0,0.0,0.25618374558303886
10.0,8.0,29.0,0.3,0.1,0.8,4.0,542.0,0.0,0.0,0.25830258302583026
10.0,8.0,30.0,0.3,0.1,0.8,4.0,558.0,0.0,0.0,0.25985663082437277
10.0,8.0,31.0,0.3,0.1,0.8,4.0,537.0,0.0,0.0,0.260707635009311
10.0,8.0,32.0,0.3,0.1,0.8,4.0,555.0,0.0,0.0,0.26126126126126126
10.0,8.0,33.0,0.3,0.1,0.8,4.0,525.0,0.0,0.0,0.26476190476190475
10.0,8.0,34.0,0.3,0.1,0.8,4.0,546.0,0.0,0.0,0.26373626373626374
10.0,8.0,35.0,0.3,0.1,0.8,4.0,518.0,0.0,0.0,0.26833976833976836
10.0,8.0,36.0,0.3,0.1,0.8,4.0,539.0,0.0,0.0,0.26716141001855287
10.0,8.0,37.0,0.3,0.1,0.8,4.0,505.0,0.0,0.0,0.2732673267326733
10.0,8.0,38.0,0.3,0.1,0.8,4.0,535.0,0.0,0.0,0.2672897196261682
10.0,8.0,39.0,0.3,0.1,0.8,4.0,506.0,0.0,0.0,0.2707509881422925
10.0,8.0,40.0,0.3,0.1,0.8,4.0,529.0,0.0,0.0,0.2684310018903592
10.0,8.0,41.0,0.3,0.1,0.8,4.0,483.0,0.0,0.0,0.2795031055900621
10.0,8.0,42.0,0.3,0.1,0.8,4.0,490.0,0.0,0.0,0.2816326530612245
10.0,8.0,43.0,0.3,0.1,0.8,4.0,470.0,0.0,0.0,0.28297872340425534
10.0,8.0,44.0,0.3,0.1,0.8,4.0,498.0,0.0,0.0,0.27710843373493976
10.0,8.0,45.0,0.3,0.1,0.8,4.0,456.0,0.0,0.0,0.4298245614035088
10.0,8.0,46.0,0.3,0.1,0.8,4.0,483.0,0.0,0.0,0.42857142857142855
10.0,8.0,47.0,0.3,0.1,0.8,4.0,460.0,0.0,0.0,0.4326086956521739
10.0,8.0,48.0,0.3,0.1,0.8,4.0,484.0,0.0,0.0,0.4297520661157025
10.0,8.0,49.0,0.3,0.1,0.8,4.0,449.0,0.0,0.0,0.4365256124721604
10.0,8.0,50.0,0.3,0.1,0.8,4.0,464.0,0.0,0.0,0.4396551724137931
10.0,8.0,51.0,0.3,0.1,0.8,4.0,446.0,0.0,0.0,0.43946188340807174
10.0,8.0,52.0,0.3,0.1,0.8,4.0,463.0,0.0,0.0,0.43628509719222464
10.0,9.0,1.0,0.3,0.1,0.8,4.0,443.0,0.0,0.0,0.4401805869074492
10.0,9.0,2.0,0.3,0.1,0.8,4.0,460.0,0.0,0.0,0.4391304347826087
10.0,9.0,3.0,0.3,0.1,0.8,4.0,440.0,0.0,0.0,0.43863636363636366
10.0,9.0,4.0,0.3,0.1,0.8,4.0,460.0,0.0,0.0,0.4391304347826087
10.0,9.0,5.0,0.3,0.1,0.8,4.0,442.0,0.0,0.0,0.43665158371040724
10.0,9.0,6.0,0.3,0.1,0.8,4.0,460.0,0.0,0.0,0.44130434782608696
10.0,9.0,7.0,0.3,0.1,0.8,4.0,440.0,0.0,0.0,0.43636363636363634
10.0,9.0,8.0,0.3,0.1,0.8,4.0,455.0,0.0,0.0,0.44175824175824174
10.0,9.0,9.0,0.3,0.1,0.8,4.0,440.0,0.0,0.0,0.43863636363636366
10.0,9.0,10.0,0.3,0.1,0.8,4.0,453.0,0.0,0.0,0.44370860927152317
10.0,9.0,11.0,0.3,0.1,0.8,4.0,436.0,0.0,0.0,0.44724770642201833
10.0,9.0,12.0,0.3,0.1,0.8,4.0,448.0,0.0,0.0,0.44642857142857145
10.0,9.0,13.0,0.3,0.1,0.8,4.0,420.0,0.0,0.0,0.4523809523809524
10.0,9.0,14.0,0.3,0.1,0.8,4.0,432.0,0.0,0.0,0.45601851851851855
10.0,9.0,15.0,0.3,0.1,0.8,4.0,419.0,0.0,0.0,0.45584725536992843
10.0,9.0,16.0,0.3,0.1,0.8,4.0,421.0,0.0,0.0,0.4655581947743468
10.0,9.0,17.0,0.3,0.1,0.8,4.0,410.0,0.0,0.0,0.4634146341463415
10.0,9.0,18.0,0.3,0.1,0.8,4.0,418.0,0.0,0.0,0.46172248803827753
10.0,9.0,19.0,0.3,0.1,0.8,4.0,406.0,0.0,0.0,0.4605911330049261
10.0,9.0,20.0,0.3,0.1,0.8,4.0,667.0,0.0,0.0,0.27436281859070466
10.0,9.0,21.0,0.3,0.1,0.8,4.0,644.0,0.0,0.0,0.2732919254658385
10.0,9.0,22.0,0.3,0.1,0.8,4.0,664.0,0.0,0.0,0.27710843373493976
10.0,9.0,23.0,0.3,0.1,0.8,4.0,645.0,0.0,0.0,0.27286821705426356
10.0,9.0,24.0,0.3,0.1,0.8,4.0,647.0,0.0,0.0,0.27666151468315303
10.0,9.0,25.0,0.3,0.1,0.8,4.0,614.0,0.0,0.0,0.28175895765472314
10.0,9.0,26.0,0.3,0.1,0.8,4.0,632.0,0.0,0.0,0.28322784810126583
10.0,9.0,27.0,0.3,0.1,0.8,4.0,611.0,0.0,0.0,0.28477905073649756
10.0,9.0,28.0,0.3,0.1,0.8,4.0,624.0,0.0,0.0,0.28525641025641024
10.0,9.0,29.0,0.3,0.1,0.8,4.0,613.0,0.0,0.0,0.2805872756933116
10.0,9.0,30.0,0.3,0.1,0.8,4.0,628.0,0.0,0.0,0.28503184713375795
10.0,9.0,31.0,0.3,0.1,0.8,4.0,604.0,0.0,0.0,0.28311258278145696
10.0,9.0,32.0,0.3,0.1,0.8,4.0,626.0,0.0,0.0,0.28594249201277955
10.0,9.0,33.0,0.3,0.1,0.8,4.0,597.0,0.0,0.0,0.2814070351758794
10.0,9.0,34.0,0.3,0.1,0.8,4.0,615.0,0.0,0.0,0.2861788617886179
10.0,9.0,35.0,0.3,0.1,0.8,4.0,597.0,0.0,0.0,0.2814070351758794
10.0,9.0,36.0,0.3,0.1,0.8,4.0,595.0,0.0,0.0,0.292436974789916
10.0,9.0,37.0,0.3,0.1,0.8,4.0,574.0,0.0,0.0,0.2874564459930314
10.0,9.0,38.0,0.3,0.1,0.8,4.0,590.0,0.0,0.0,0.29322033898305083
10.0,9.0,39.0,0.3,0.1,0.8,4.0,560.0,0.0,0.0,0.2892857142857143
10.0,9.0,40.0,0.3,0.1,0.8,4.0,580.0,0.0,0.0,0.29310344827586204
10.0,9.0,41.0,0.3,0.1,0.8,4.0,560.0,0.0,0.0,0.2892857142857143
10.0,9.0,42.0,0.3,0.1,0.8,4.0,565.0,0.0,0.0,0.2938053097345133
10.0,9.0,43.0,0.3,0.1,0.8,4.0,546.0,0.0,0.0,0.29853479853479853
10.0,9.0,44.0,0.3,0.1,0.8,4.0,550.0,0.0,0.0,0.3018181818181818
10.0,9.0,45.0,0.3,0.1,0.8,4.0,546.0,0.0,0.0,0.44871794871794873
10.0,9.0,46.0,0.3,0.1,0.8,4.0,545.0,0.0,0.0,0.45321100917431195
10.0,9.0,47.0,0.3,0.1,0.8,4.0,547.0,0.0,0.0,0.44789762340036565
10.0,9.0,48.0,0.3,0.1,0.8,4.0,553.0,0.0,0.0,0.45027124773960214
10.0,9.0,49.0,0.3,0.1,0.8,4.0,550.0,0.0,0.0,0.4490909090909091
10.0,9.0,50.0,0.3,0.1,0.8,4.0,552.0,0.0,0.0,0.4492753623188406
10.0,9.0,51.0,0.3,0.1,0.8,4.0,547.0,0.0,0.0,0.44789762340036565
10.0,9.0,52.0,0.3,0.1,0.8,4.0,550.0,0.0,0.0,0.4490909090909091
10.0,10.0,1.0,0.3,0.1,0.8,4.0,548.0,0.0,0.0,0.45072992700729925
10.0,10.0,2.0,0.3,0.1,0.8,4.0,534.0,0.0,0.0,0.449438202247191
10.0,10.0,3.0,0.3,0.1,0.8,4.0,532.0,0.0,0.0,0.4473684210526316
10.0,10.0,4.0,0.3,0.1,0.8,4.0,533.0,0.0,0.0,0.450281425891182
10.0,10.0,5.0,0.3,0.1,0.8,4.0,531.0,0.0,0.0,0.448210922787194
10.0,10.0,6.0,0.3,0.1,0.8,4.0,534.0,0.0,0.0,0.449438202247191
10.0,10.0,7.0,0.3,0.1,0.8,4.0,532.0,0.0,0.0,0.45112781954887216
10.0,10.0,8.0,0.3,0.1,0.8,4.0,528.0,0.0,0.0,0.45454545454545453
10.0,10.0,9.0,0.3,0.1,0.8,4.0,524.0,0.0,0.0,0.45229007633587787
10.0,10.0,10.0,0.3,0.1,0.8,4.0,524.0,0.0,0.0,0.4541984732824427
10.0,10.0,11.0,0.3,0.1,0.8,4.0,520.0,0.0,0.0,0.45576923076923076
10.0,10.0,12.0,0.3,0.1,0.8,4.0,521.0,0.0,0.0,0.45681381957773515
10.0,10.0,13.0,0.3,0.1,0.8,4.0,518.0,0.0,0.0,0.4555984555984556
10.0,10.0,14.0,0.3,0.1,0.8,4.0,517.0,0.0,0.0,0.4584139264990329
10.0,10.0,15.0,0.3,0.1,0.8,4.0,500.0,0.0,0.0,0.462
10.0,10.0,16.0,0.3,0.1,0.8,4.0,501.0,0.0,0.0,0.46506986027944114
10.0,10.0,17.0,0.3,0.1,0.8,4.0,497.0,0.0,0.0,0.46277665995975853
10.0,10.0,18.0,0.3,0.1,0.8,4.0,492.0,0.0,0.0,0.4715447154471545
10.0,10.0,19.0,0.3,0.1,0.8,4.0,485.0,0.0,0.0,0.46804123711340206
10.0,10.0,20.0,0.3,0.1,0.8,4.0,833.0,0.0,0.0,0.26290516206482595
10.0,10.0,21.0,0.3,0.1,0.8,4.0,835.0,0.0,0.0,0.25868263473053893
10.0,10.0,22.0,0.3,0.1,0.8,4.0,835.0,0.0,0.0,0.25868263473053893
10.0,10.0,23.0,0.3,0.1,0.8,4.0,792.0,0.0,0.0,0.2601010101010101
10.0,10.0,24.0,0.3,0.1,0.8,4.0,789.0,0.0,0.0,0.2661596958174905
10.0,10.0,25.0,0.3,0.1,0.8,4.0,771.0,0.0,0.0,0.26459143968871596
10.0,10.0,26.0,0.3,0.1,0.8,4.0,750.0,0.0,0.0,0.2733333333333333
10.0,10.0,27.0,0.3,0.1,0.8,4.0,734.0,0.0,0.0,0.2724795640326976
10.0,10.0,28.0,0.3,0.1,0.8,4.0,740.0,0.0,0.0,0.2756756756756757
10.0,10.0,29.0,0.3,0.1,0.8,4.0,729.0,0.0,0.0,0.2729766803840878
10.0,10.0,30.0,0.3,0.1,0.8,4.0,706.0,0.0,0.0,0.2804532577903683
10.0,10.0,31.0,0.3,0.1,0.8,4.0,681.0,0.0,0.0,0.28046989720998533
10.0,10.0,32.0,0.3,0.1,0.8,4.0,693.0,0.0,0.0,0.27994227994227994
10.0,10.0,33.0,0.3,0.1,0.8,4.0,679.0,0.0,0.0,0.2812960235640648
10.0,10.0,34.0,0.3,0.1,0.8,4.0,693.0,0.0,0.0,0.2813852813852814
10.0,10.0,35.0,0.3,0.1,0.8,4.0,681.0,0.0,0.0,0.28193832599118945
10.0,10.0,36.0,0.3,0.1,0.8,4.0,684.0,0.0,0.0,0.28362573099415206
10.0,10.0,37.0,0.3,0.1,0.8,4.0,679.0,0.0,0.0,0.2812960235640648
10.0,10.0,38.0,0.3,0.1,0.8,4.0,683.0,0.0,0.0,0.28257686676427524
10.0,10.0,39.0,0.3,0.1,0.8,4.0,672.0,0.0,0.0,0.2857142857142857
10.0,10.0,40.0,0.3,0.1,0.8,4.0,656.0,0.0,0.0,0.29115853658536583
10.0,10.0,41.0,0.3,0.1,0.8,4.0,648.0,0.0,0.0,0.28858024691358025
10.0,10.0,42.0,0.3,0.1,0.8,4.0,652.0,0.0,0.0,0.29141104294478526
10.0,10.0,43.0,0.3,0.1,0.8,4.0,645.0,0.0,0.0,0.28837209302325584
10.0,10.0,44.0,0.3,0.1,0.8,4.0,643.0,0.0,0.0,0.2939346811819596
10.0,10.0,45.0,0.3,0.1,0.8,4.0,633.0,0.0,0.0,0.44075829383886256
10.0,10.0,46.0,0.3,0.1,0.8,4.0,613.0,0.0,0.0,0.43882544861337686
10.0,10.0,47.0,0.3,0.1,0.8,4.0,608.0,0.0,0.0,0.43914473684210525
10.0,10.0,48.0,0.3,0.1,0.8,4.0,605.0,0.0,0.0,0.4396694214876033
10.0,10.0,49.0,0.3,0.1,0.8,4.0,608.0,0.0,0.0,0.43914473684210525
10.0,10.0,50.0,0.3,0.1,0.8,4.0,610.0,0.0,0.0,0.44098360655737706
10.0,10.0,51.0,0.3,0.1,0.8,4.0,607.0,0.0,0.0,0.4382207578253707
10.0,10.0,52.0,0.3,0.1,0.8,4.0,609.0,0.0,0.0,0.4400656814449918
11.0,1.0,1.0,0.3,0.1,0.8,4.0,5043.0,52.0,7.0,0.3023993654570692
11.0,1.0,2.0,0.3,0.1,0.8,4.0,4975.0,54.0,22.0,0.29969849246231156
11.0,1.0,3.0,0.3,0.1,0.8,4.0,4915.0,74.0,36.0,0.3039674465920651
11.0,1.0,4.0,0.3,0.1,0.8,4.0,4834.0,89.0,39.0,0.30513032685146874
11.0,1.0,5.0,0.3,0.1,0.8,4.0,4790.0,113.0,36.0,0.3079331941544885
11.0,1.0,6.0,0.3,0.1,0.8,4.0,4651.0,127.0,37.0,0.30853579875295634
11.0,1.0,7.0,0.3,0.1,0.8,4.0,4553.0,146.0,57.0,0.31012519218097956
11.0,1.0,8.0,0.3,0.1,0.8,4.0,4403.0,155.0,70.0,0.31364978423801954
11.0,1.0,9.0,0.3,0.1,0.8,4.0,4210.0,168.0,79.0,0.3152019002375297
11.0,1.0,10.0,0.3,0.1,0.8,4.0,4106.0,182.0,80.0,0.31563565513882125
11.0,1.0,11.0,0.3,0.1,0.8,4.0,3952.0,190.0,75.0,0.3168016194331984
11.0,1.0,12.0,0.3,0.1,0.8,4.0,3813.0,195.0,72.0,0.3225806451612903
11.0,1.0,13.0,0.3,0.1,0.8,4.0,3684.0,202.0,91.0,0.32166123778501626
11.0,1.0,14.0,0.3,0.1,0.8,4.0,3559.0,202.0,104.0,0.32705816240517
11.0,1.0,15.0,0.3,0.1,0.8,4.0,3530.0,211.0,106.0,0.3277620396600567
11.0,1.0,16.0,0.3,0.1,0.8,4.0,3403.0,203.0,106.0,0.3323538054657655
11.0,1.0,17.0,0.3,0.1,0.8,4.0,3311.0,178.0,92.0,0.33464210208396256
11.0,1.0,18.0,0.3,0.1,0.8,4.0,3267.0,169.0,90.0,0.3419038873584328
11.0,1.0,19.0,0.3,0.1,0.8,4.0,3172.0,152.0,84.0,0.34331651954602777
11.0,1.0,20.0,0.3,0.1,0.8,4.0,5729.0,144.0,83.0,0.18537266538662944
11.0,1.0,21.0,0.3,0.1,0.8,4.0,5435.0,173.0,77.0,0.1860165593376265
11.0,1.0,22.0,0.3,0.1,0.8,4.0,5206.0,174.0,64.0,0.18997310795236266
11.0,1.0,23.0,0.3,0.1,0.8,4.0,5062.0,191.0,74.0,0.1920189648360332
11.0,1.0,24.0,0.3,0.1,0.8,4.0,4891.0,210.0,82.0,0.19505213657738704
11.0,1.0,25.0,0.3,0.1,0.8,4.0,4646.0,233.0,92.0,0.1967283684890228
11.0,1.0,26.0,0.3,0.1,0.8,4.0,4495.0,239.0,102.0,0.1995550611790879
11.0,1.0,27.0,0.3,0.1,0.8,4.0,4310.0,270.0,111.0,0.2037122969837587
11.0,1.0,28.0,0.3,0.1,0.8,4.0,4187.0,301.0,130.0,0.20539765942202054
11.0,1.0,29.0,0.3,0.1,0.8,4.0,3977.0,304.0,124.0,0.21322604978627105
11.0,1.0,30.0,0.3,0.1,0.8,4.0,3778.0,319.0,133.0,0.21678136580201166
11.0,1.0,31.0,0.3,0.1,0.8,4.0,3594.0,326.0,143.0,0.22370617696160267
11.0,1.0,32.0,0.3,0.1,0.8,4.0,3489.0,353.0,156.0,0.2235597592433362
11.0,1.0,33.0,0.3,0.1,0.8,4.0,3309.0,347.0,161.0,0.22997884557268056
11.0,1.0,34.0,0.3,0.1,0.8,4.0,3193.0,342.0,155.0,0.2336360789226433
11.0,1.0,35.0,0.3,0.1,0.8,4.0,3052.0,344.0,160.0,0.24115334207077327
11.0,1.0,36.0,0.3,0.1,0.8,4.0,2960.0,335.0,157.0,0.2462837837837838
11.0,1.0,37.0,0.3,0.1,0.8,4.0,2799.0,341.0,160.0,0.25187566988210075
11.0,1.0,38.0,0.3,0.1,0.8,4.0,2618.0,327.0,167.0,0.26088617265087855
11.0,1.0,39.0,0.3,0.1,0.8,4.0,2474.0,299.0,157.0,0.267178658043654
11.0,1.0,40.0,0.3,0.1,0.8,4.0,2364.0,284.0,147.0,0.27580372250423013
11.0,1.0,41.0,0.3,0.1,0.8,4.0,2242.0,262.0,135.0,0.2872435325602141
11.0,1.0,42.0,0.3,0.1,0.8,4.0,2141.0,248.0,125.0,0.29659037832788415
11.0,1.0,43.0,0.3,0.1,0.8,4.0,2066.0,242.0,120.0,0.30251694094869314
11.0,1.0,44.0,0.3,0.1,0.8,4.0,1942.0,217.0,104.0,0.31513903192584963
11.0,1.0,45.0,0.3,0.1,0.8,4.0,1883.0,202.0,97.0,0.48486457780138076
11.0,1.0,46.0,0.3,0.1,0.8,4.0,1825.0,189.0,112.0,0.49424657534246574
11.0,1.0,47.0,0.3,0.1,0.8,4.0,1758.0,156.0,93.0,0.5017064846416383
11.0,1.0,48.0,0.3,0.1,0.8,4.0,1707.0,133.0,85.0,0.5073227885178676
11.0,1.0,49.0,0.3,0.1,0.8,4.0,1613.0,99.0,55.0,0.5145691258524488
11.0,1.0,50.0,0.3,0.1,0.8,4.0,1581.0,91.0,51.0,0.5167615433270082
11.0,1.0,51.0,0.3,0.1,0.8,4.0,1536.0,71.0,39.0,0.5234375
11.0,1.0,52.0,0.3,0.1,0.8,4.0,1504.0,66.0,34.0,0.5252659574468085
11.0,2.0,1.0,0.3,0.1,0.8,4.0,1472.0,62.0,26.0,0.5332880434782609
11.0,2.0,2.0,0.3,0.1,0.8,4.0,1450.0,56.0,28.0,0.5324137931034483
11.0,2.0,3.0,0.3,0.1,0.8,4.0,1421.0,43.0,25.0,0.5369458128078818
11.0,2.0,4.0,0.3,0.1,0.8,4.0,1399.0,37.0,24.0,0.538241601143674
11.0,2.0,5.0,0.3,0.1,0.8,4.0,1388.0,33.0,16.0,0.5417867435158501
11.0,2.0,6.0,0.3,0.1,0.8,4.0,1364.0,27.0,15.0,0.5439882697947214
11.0,2.0,7.0,0.3,0.1,0.8,4.0,1345.0,21.0,13.0,0.5464684014869888
11.0,2.0,8.0,0.3,0.1,0.8,4.0,1317.0,19.0,16.0,0.5489749430523918
11.0,2.0,9.0,0.3,0.1,0.8,4.0,1309.0,16.0,11.0,0.5523300229182582
11.0,2.0,10.0,0.3,0.1,0.8,4.0,1288.0,14.0,7.0,0.5551242236024845
11.0,2.0,11.0,0.3,0.1,0.8,4.0,1266.0,9.0,3.0,0.556872037914692
11.0,2.0,12.0,0.3,0.1,0.8,4.0,1251.0,8.0,6.0,0.5587529976019184
11.0,2.0,13.0,0.3,0.1,0.8,4.0,1244.0,9.0,5.0,0.5570739549839229
11.0,2.0,14.0,0.3,0.1,0.8,4.0,1228.0,8.0,5.0,0.5602605863192183
11.0,2.0,15.0,0.3,0.1,0.8,4.0,1227.0,6.0,4.0,0.5590872045639772
11.0,2.0,16.0,0.3,0.1,0.8,4.0,1213.0,9.0,4.0,0.560593569661995
11.0,2.0,17.0,0.3,0.1,0.8,4.0,1213.0,9.0,3.0,0.5581203627370157
11.0,2.0,18.0,0.3,0.1,0.8,4.0,1194.0,6.0,3.0,0.5619765494137353
11.0,2.0,19.0,0.3,0.1,0.8,4.0,1196.0,6.0,6.0,0.5576923076923077
11.0,2.0,20.0,0.3,0.1,0.8,4.0,2183.0,9.0,6.0,0.30462666055886395
11.0,2.0,21.0,0.3,0.1,0.8,4.0,2068.0,11.0,3.0,0.30802707930367507
11.0,2.0,22.0,0.3,0.1,0.8,4.0,1971.0,8.0,1.0,0.31405377980720445
11.0,2.0,23.0,0.3,0.1,0.8,4.0,1943.0,8.0,2.0,0.31652084405558417
11.0,2.0,24.0,0.3,0.1,0.8,4.0,1882.0,9.0,2.0,0.3193411264612115
11.0,2.0,25.0,0.3,0.1,0.8,4.0,1810.0,6.0,4.0,0.3237569060773481
11.0,2.0,26.0,0.3,0.1,0.8,4.0,1797.0,7.0,4.0,0.32053422370617696
11.0,2.0,27.0,0.3,0.1,0.8,4.0,1785.0,7.0,4.0,0.3238095238095238
11.0,2.0,28.0,0.3,0.1,0.8,4.0,1719.0,4.0,1.0,0.3263525305410122
11.0,2.0,29.0,0.3,0.1,0.8,4.0,1681.0,3.0,2.0,0.330755502676978
11.0,2.0,30.0,0.3,0.1,0.8,4.0,1653.0,4.0,2.0,0.33272837265577737
11.0,2.0,31.0,0.3,0.1,0.8,4.0,1615.0,5.0,2.0,0.33250773993808047
11.0,2.0,32.0,0.3,0.1,0.8,4.0,1560.0,4.0,2.0,0.3346153846153846
11.0,2.0,33.0,0.3,0.1,0.8,4.0,1516.0,4.0,4.0,0.33311345646437995
11.0,2.0,34.0,0.3,0.1,0.8,4.0,1495.0,5.0,4.0,0.3331103678929766
11.0,2.0,35.0,0.3,0.1,0.8,4.0,1461.0,3.0,1.0,0.33675564681724846
11.0,2.0,36.0,0.3,0.1,0.8,4.0,1435.0,2.0,1.0,0.3386759581881533
11.0,2.0,37.0,0.3,0.1,0.8,4.0,1375.0,2.0,1.0,0.34545454545454546
11.0,2.0,38.0,0.3,0.1,0.8,4.0,1336.0,3.0,2.0,0.34505988023952094
11.0,2.0,39.0,0.3,0.1,0.8,4.0,1338.0,2.0,1.0,0.3445440956651719
11.0,2.0,40.0,0.3,0.1,0.8,4.0,1305.0,2.0,2.0,0.3478927203065134
11.0,2.0,41.0,0.3,0.1,0.8,4.0,1297.0,3.0,1.0,0.3492675404780262
11.0,2.0,42.0,0.3,0.1,0.8,4.0,1286.0,3.0,2.0,0.34603421461897355
11.0,2.0,43.0,0.3,0.1,0.8,4.0,1275.0,2.0,1.0,0.35058823529411764
11.0,2.0,44.0,0.3,0.1,0.8,4.0,1257.0,2.0,2.0,0.3492442322991249
11.0,2.0,45.0,0.3,0.1,0.8,4.0,1248.0,1.0,1.0,0.47996794871794873
11.0,2.0,46.0,0.3,0.1,0.8,4.0,1240.0,1.0,1.0,0.4790322580645161
11.0,2.0,47.0,0.3,0.1,0.8,4.0,1230.0,0.0,0.0,0.48048780487804876
11.0,2.0,48.0,0.3,0.1,0.8,4.0,1209.0,0.0,0.0,0.47890818858560796
11.0,2.0,49.0,0.3,0.1,0.8,4.0,1188.0,0.0,0.0,0.4831649831649832
11.0,2.0,50.0,0.3,0.1,0.8,4.0,1155.0,0.0,0.0,0.4831168831168831
11.0,2.0,51.0,0.3,0.1,0.8,4.0,1152.0,0.0,0.0,0.4809027777777778
11.0,2.0,52.0,0.3,0.1,0.8,4.0,1129.0,0.0,0.0,0.4800708591674048
11.0,3.0,1.0,0.3,0.1,0.8,4.0,1129.0,0.0,0.0,0.479185119574845
11.0,3.0,2.0,0.3,0.1,0.8,4.0,1119.0,0.0,0.0,0.47631814119749777
11.0,3.0,3.0,0.3,0.1,0.8,4.0,1117.0,0.0,0.0,0.477170993733214
11.0,3.0,4.0,0.3,0.1,0.8,4.0,1094.0,0.0,0.0,0.4789762340036563
11.0,3.0,5.0,0.3,0.1,0.8,4.0,1078.0,0.0,0.0,0.48144712430426717
11.0,3.0,6.0,0.3,0.1,0.8,4.0,1072.0,0.0,0.0,0.47947761194029853
11.0,3.0,7.0,0.3,0.1,0.8,4.0,1058.0,0.0,0.0,0.4792060491493384
11.0,3.0,8.0,0.3,0.1,0.8,4.0,1033.0,0.0,0.0,0.48112294288480156
11.0,3.0,9.0,0.3,0.1,0.8,4.0,1036.0,0.0,0.0,0.48455598455598453
11.0,3.0,10.0,0.3,0.1,0.8,4.0,1004.0,0.0,0.0,0.4800796812749004
11.0,3.0,11.0,0.3,0.1,0.8,4.0,998.0,0.0,0.0,0.4819639278557114
11.0,3.0,12.0,0.3,0.1,0.8,4.0,989.0,0.0,0.0,0.4782608695652174
11.0,3.0,13.0,0.3,0.1,0.8,4.0,979.0,0.0,0.0,0.4851889683350358
11.0,3.0,14.0,0.3,0.1,0.8,4.0,956.0,0.0,0.0,0.4769874476987448
11.0,3.0,15.0,0.3,0.1,0.8,4.0,954.0,0.0,0.0,0.4790356394129979
11.0,3.0,16.0,0.3,0.1,0.8,4.0,946.0,0.0,0.0,0.47463002114164904
11.0,3.0,17.0,0.3,0.1,0.8,4.0,935.0,0.0,0.0,0.4770053475935829
11.0,3.0,18.0,0.3,0.1,0.8,4.0,924.0,0.0,0.0,0.474025974025974
11.0,3.0,19.0,0.3,0.1,0.8,4.0,931.0,0.0,0.0,0.47368421052631576
11.0,3.0,20.0,0.3,0.1,0.8,4.0,1666.0,0.0,0.0,0.25930372148859543
11.0,3.0,21.0,0.3,0.1,0.8,4.0,1613.0,0.0,0.0,0.2628642281463112
11.0,3.0,22.0,0.3,0.1,0.8,4.0,1523.0,0.0,0.0,0.26001313197636244
11.0,3.0,23.0,0.3,0.1,0.8,4.0,1503.0,0.0,0.0,0.26280771789753826
11.0,3.0,24.0,0.3,0.1,0.8,4.0,1478.0,0.0,0.0,0.26116373477672533
11.0,3.0,25.0,0.3,0.1,0.8,4.0,1459.0,0.0,0.0,0.26319396847155585
11.0,3.0,26.0,0.3,0.1,0.8,4.0,1422.0,0.0,0.0,0.26371308016877637
11.0,3.0,27.0,0.3,0.1,0.8,4.0,1404.0,0.0,0.0,0.26353276353276356
11.0,3.0,28.0,0.3,0.1,0.8,4.0,1403.0,0.0,0.0,0.2601568068424804
11.0,3.0,29.0,0.3,0.1,0.8,4.0,1379.0,0.0,0.0,0.26033357505438726
11.0,3.0,30.0,0.3,0.1,0.8,4.0,1353.0,0.0,0.0,0.2586844050258684
11.0,3.0,31.0,0.3,0.1,0.8,4.0,1287.0,0.0,0.0,0.26573426573426573
11.0,3.0,32.0,0.3,0.1,0.8,4.0,1257.0,0.0,0.0,0.2657120127287192
11.0,3.0,33.0,0.3,0.1,0.8,4.0,1242.0,0.0,0.0,0.2673107890499195
11.0,3.0,34.0,0.3,0.1,0.8,4.0,1235.0,0.0,0.0,0.2647773279352227
11.0,3.0,35.0,0.3,0.1,0.8,4.0,1147.0,0.0,0.0,0.2798605056669573
11.0,3.0,36.0,0.3,0.1,0.8,4.0,1150.0,0.0,0.0,0.2791304347826087
11.0,3.0,37.0,0.3,0.1,0.8,4.0,1138.0,0.0,0.0,0.281195079086116
11.0,3.0,38.0,0.3,0.1,0.8,4.0,1142.0,0.0,0.0,0.27845884413309985
11.0,3.0,39.0,0.3,0.1,0.8,4.0,1116.0,0.0,0.0,0.28136200716845877
11.0,3.0,40.0,0.3,0.1,0.8,4.0,1085.0,0.0,0.0,0.2783410138248848
11.0,3.0,41.0,0.3,0.1,0.8,4.0,1061.0,0.0,0.0,0.27992459943449577
11.0,3.0,42.0,0.3,0.1,0.8,4.0,1025.0,0.0,0.0,0.2760975609756098
11.0,3.0,43.0,0.3,0.1,0.8,4.0,1019.0,0.0,0.0,0.2757605495583906
11.0,3.0,44.0,0.3,0.1,0.8,4.0,1020.0,0.0,0.0,0.2735294117647059
11.0,3.0,45.0,0.3,0.1,0.8,4.0,1017.0,0.0,0.0,0.43559488692232057
11.0,3.0,46.0,0.3,0.1,0.8,4.0,992.0,0.0,0.0,0.43649193548387094
11.0,3.0,47.0,0.3,0.1,0.8,4.0,984.0,0.0,0.0,0.4380081300813008
11.0,3.0,48.0,0.3,0.1,0.8,4.0,962.0,0.0,0.0,0.4407484407484408
11.0,3.0,49.0,0.3,0.1,0.8,4.0,954.0,0.0,0.0,0.44234800838574423
11.0,3.0,50.0,0.3,0.1,0.8,4.0,943.0,0.0,0.0,0.4411452810180276
11.0,3.0,51.0,0.3,0.1,0.8,4.0,935.0,0.0,0.0,0.44278074866310163
11.0,3.0,52.0,0.3,0.1,0.8,4.0,936.0,0.0,0.0,0.4412393162393162
11.0,4.0,1.0,0.3,0.1,0.8,4.0,919.0,0.0,0.0,0.44178454842219805
11.0,4.0,2.0,0.3,0.1,0.8,4.0,910.0,0.0,0.0,0.44065934065934065
11.0,4.0,3.0,0.3,0.1,0.8,4.0,876.0,0.0,0.0,0.4417808219178082
11.0,4.0,4.0,0.3,0.1,0.8,4.0,878.0,0.0,0.0,0.4396355353075171
11.0,4.0,5.0,0.3,0.1,0.8,4.0,856.0,0.0,0.0,0.4369158878504673
11.0,4.0,6.0,0.3,0.1,0.8,4.0,859.0,0.0,0.0,0.43655413271245636
11.0,4.0,7.0,0.3,0.1,0.8,4.0,852.0,0.0,0.0,0.43779342723004694
11.0,4.0,8.0,0.3,0.1,0.8,4.0,834.0,0.0,0.0,0.44004796163069543
11.0,4.0,9.0,0.3,0.1,0.8,4.0,812.0,0.0,0.0,0.43842364532019706
11.0,4.0,10.0,0.3,0.1,0.8,4.0,806.0,0.0,0.0,0.4392059553349876
11.0,4.0,11.0,0.3,0.1,0.8,4.0,803.0,0.0,0.0,0.4396014943960149
11.0,4.0,12.0,0.3,0.1,0.8,4.0,797.0,0.0,0.0,0.44291091593475534
11.0,4.0,13.0,0.3,0.1,0.8,4.0,792.0,0.0,0.0,0.4393939393939394
11.0,4.0,14.0,0.3,0.1,0.8,4.0,776.0,0.0,0.0,0.4381443298969072
11.0,4.0,15.0,0.3,0.1,0.8,4.0,777.0,0.0,0.0,0.4362934362934363
11.0,4.0,16.0,0.3,0.1,0.8,4.0,755.0,0.0,0.0,0.4304635761589404
11.0,4.0,17.0,0.3,0.1,0.8,4.0,751.0,0.0,0.0,0.43275632490013316
11.0,4.0,18.0,0.3,0.1,0.8,4.0,751.0,0.0,0.0,0.43275632490013316
11.0,4.0,19.0,0.3,0.1,0.8,4.0,748.0,0.0,0.0,0.43315508021390375
11.0,4.0,20.0,0.3,0.1,0.8,4.0,1391.0,0.0,0.0,0.2336448598130841
11.0,4.0,21.0,0.3,0.1,0.8,4.0,1345.0,0.0,0.0,0.23643122676579925
11.0,4.0,22.0,0.3,0.1,0.8,4.0,1262.0,0.0,0.0,0.23613312202852615
11.0,4.0,23.0,0.3,0.1,0.8,4.0,1259.0,0.0,0.0,0.23590150913423352
11.0,4.0,24.0,0.3,0.1,0.8,4.0,1214.0,0.0,0.0,0.23393739703459637
11.0,4.0,25.0,0.3,0.1,0.8,4.0,1201.0,0.0,0.0,0.23480432972522897
11.0,4.0,26.0,0.3,0.1,0.8,4.0,1163.0,0.0,0.0,0.234737747205503
11.0,4.0,27.0,0.3,0.1,0.8,4.0,1165.0,0.0,0.0,0.23433476394849787
11.0,4.0,28.0,0.3,0.1,0.8,4.0,1145.0,0.0,0.0,0.2349344978165939
11.0,4.0,29.0,0.3,0.1,0.8,4.0,1127.0,0.0,0.0,0.23513753327417924
11.0,4.0,30.0,0.3,0.1,0.8,4.0,1072.0,0.0,0.0,0.24067164179104478
11.0,4.0,31.0,0.3,0.1,0.8,4.0,1064.0,0.0,0.0,0.23966165413533835
11.0,4.0,32.0,0.3,0.1,0.8,4.0,1063.0,0.0,0.0,0.23706491063029161
11.0,4.0,33.0,0.3,0.1,0.8,4.0,1050.0,0.0,0.0,0.23904761904761904
11.0,4.0,34.0,0.3,0.1,0.8,4.0,1037.0,0.0,0.0,0.23722275795564127
11.0,4.0,35.0,0.3,0.1,0.8,4.0,1008.0,0.0,0.0,0.24206349206349206
11.0,4.0,36.0,0.3,0.1,0.8,4.0,1008.0,0.0,0.0,0.24107142857142858
11.0,4.0,37.0,0.3,0.1,0.8,4.0,991.0,0.0,0.0,0.24117053481331988
11.0,4.0,38.0,0.3,0.1,0.8,4.0,989.0,0.0,0.0,0.24064711830131447
11.0,4.0,39.0,0.3,0.1,0.8,4.0,980.0,0.0,0.0,0.23979591836734693
11.0,4.0,40.0,0.3,0.1,0.8,4.0,959.0,0.0,0.0,0.24191866527632952
11.0,4.0,41.0,0.3,0.1,0.8,4.0,961.0,0.0,0.0,0.24037460978147762
11.0,4.0,42.0,0.3,0.1,0.8,4.0,952.0,0.0,0.0,0.2426470588235294
11.0,4.0,43.0,0.3,0.1,0.8,4.0,956.0,0.0,0.0,0.24163179916317992
11.0,4.0,44.0,0.3,0.1,0.8,4.0,921.0,0.0,0.0,0.24429967426710097
11.0,4.0,45.0,0.3,0.1,0.8,4.0,931.0,0.0,0.0,0.3941997851772288
11.0,4.0,46.0,0.3,0.1,0.8,4.0,925.0,0.0,0.0,0.3924324324324324
11.0,4.0,47.0,0.3,0.1,0.8,4.0,929.0,0.0,0.0,0.3939720129171152
11.0,4.0,48.0,0.3,0.1,0.8,4.0,909.0,0.0,0.0,0.3927392739273927
11.0,4.0,49.0,0.3,0.1,0.8,4.0,898.0,0.0,0.0,0.39532293986636974
11.0,4.0,50.0,0.3,0.1,0.8,4.0,895.0,0.0,0.0,0.38994413407821227
11.0,4.0,51.0,0.3,0.1,0.8,4.0,895.0,0.0,0.0,0.39106145251396646
11.0,4.0,52.0,0.3,0.1,0.8,4.0,890.0,0.0,0.0,0.3898876404494382
11.0,5.0,1.0,0.3,0.1,0.8,4.0,873.0,0.0,0.0,0.3928980526918671
11.0,5.0,2.0,0.3,0.1,0.8,4.0,853.0,0.0,0.0,0.39155920281359907
11.0,5.0,3.0,0.3,0.1,0.8,4.0,856.0,0.0,0.0,0.39135514018691586
11.0,5.0,4.0,0.3,0.1,0.8,4.0,851.0,0.0,0.0,0.391304347826087
11.0,5.0,5.0,0.3,0.1,0.8,4.0,854.0,0.0,0.0,0.39344262295081966
11.0,5.0,6.0,0.3,0.1,0.8,4.0,850.0,0.0,0.0,0.39294117647058824
11.0,5.0,7.0,0.3,0.1,0.8,4.0,850.0,0.0,0.0,0.3952941176470588
11.0,5.0,8.0,0.3,0.1,0.8,4.0,827.0,0.0,0.0,0.3978234582829504
11.0,5.0,9.0,0.3,0.1,0.8,4.0,830.0,0.0,0.0,0.4
11.0,5.0,10.0,0.3,0.1,0.8,4.0,814.0,0.0,0.0,0.39803439803439805
11.0,5.0,11.0,0.3,0.1,0.8,4.0,810.0,0.0,0.0,0.4024691358024691
11.0,5.0,12.0,0.3,0.1,0.8,4.0,796.0,0.0,0.0,0.39949748743718594
11.0,5.0,13.0,0.3,0.1,0.8,4.0,795.0,0.0,0.0,0.4025157232704403
11.0,5.0,14.0,0.3,0.1,0.8,4.0,780.0,0.0,0.0,0.3974358974358974
11.0,5.0,15.0,0.3,0.1,0.8,4.0,779.0,0.0,0.0,0.3992297817715019
11.0,5.0,16.0,0.3,0.1,0.8,4.0,780.0,0.0,0.0,0.3974358974358974
11.0,5.0,17.0,0.3,0.1,0.8,4.0,763.0,0.0,0.0,0.39711664482306686
11.0,5.0,18.0,0.3,0.1,0.8,4.0,763.0,0.0,0.0,0.3944954128440367
11.0,5.0,19.0,0.3,0.1,0.8,4.0,745.0,0.0,0.0,0.3959731543624161
11.0,5.0,20.0,0.3,0.1,0.8,4.0,1353.0,0.0,0.0,0.2099039172209904
11.0,5.0,21.0,0.3,0.1,0.8,4.0,1282.0,0.0,0.0,0.21684867394695787
11.0,5.0,22.0,0.3,0.1,0.8,4.0,1243.0,0.0,0.0,0.21078037007240547
11.0,5.0,23.0,0.3,0.1,0.8,4.0,1216.0,0.0,0.0,0.21463815789473684
11.0,5.0,24.0,0.3,0.1,0.8,4.0,1206.0,0.0,0.0,0.208955223880597
11.0,5.0,25.0,0.3,0.1,0.8,4.0,1175.0,0.0,0.0,0.21361702127659574
11.0,5.0,26.0,0.3,0.1,0.8,4.0,1196.0,0.0,0.0,0.20903010033444816
11.0,5.0,27.0,0.3,0.1,0.8,4.0,1174.0,0.0,0.0,0.2120954003407155
11.0,5.0,28.0,0.3,0.1,0.8,4.0,1169.0,0.0,0.0,0.21214713430282292
11.0,5.0,29.0,0.3,0.1,0.8,4.0,1173.0,0.0,0.0,0.21227621483375958
11.0,5.0,30.0,0.3,0.1,0.8,4.0,1169.0,0.0,0.0,0.21214713430282292
11.0,5.0,31.0,0.3,0.1,0.8,4.0,1160.0,0.0,0.0,0.21465517241379312
11.0,5.0,32.0,0.3,0.1,0.8,4.0,1146.0,0.0,0.0,0.21553228621291448
11.0,5.0,33.0,0.3,0.1,0.8,4.0,1149.0,0.0,0.0,0.21671018276762402
11.0,5.0,34.0,0.3,0.1,0.8,4.0,1109.0,0.0,0.0,0.21550946798917944
11.0,5.0,35.0,0.3,0.1,0.8,4.0,1094.0,0.0,0.0,0.21663619744058502
11.0,5.0,36.0,0.3,0.1,0.8,4.0,1071.0,0.0,0.0,0.2166199813258637
11.0,5.0,37.0,0.3,0.1,0.8,4.0,1020.0,0.0,0.0,0.21470588235294116
11.0,5.0,38.0,0.3,0.1,0.8,4.0,1016.0,0.0,0.0,0.2155511811023622
11.0,5.0,39.0,0.3,0.1,0.8,4.0,974.0,0.0,0.0,0.21765913757700206
11.0,5.0,40.0,0.3,0.1,0.8,4.0,955.0,0.0,0.0,0.2157068062827225
11.0,5.0,41.0,0.3,0.1,0.8,4.0,954.0,0.0,0.0,0.21593291404612158
11.0,5.0,42.0,0.3,0.1,0.8,4.0,939.0,0.0,0.0,0.2161874334398296
11.0,5.0,43.0,0.3,0.1,0.8,4.0,911.0,0.0,0.0,0.21734357848518113
11.0,5.0,44.0,0.3,0.1,0.8,4.0,907.0,0.0,0.0,0.21830209481808158
11.0,5.0,45.0,0.3,0.1,0.8,4.0,895.0,0.0,0.0,0.3854748603351955
11.0,5.0,46.0,0.3,0.1,0.8,4.0,888.0,0.0,0.0,0.38288288288288286
11.0,5.0,47.0,0.3,0.1,0.8,4.0,851.0,0.0,0.0,0.38660399529964745
11.0,5.0,48.0,0.3,0.1,0.8,4.0,848.0,0.0,0.0,0.3856132075471698
11.0,5.0,49.0,0.3,0.1,0.8,4.0,790.0,0.0,0.0,0.3949367088607595
11.0,5.0,50.0,0.3,0.1,0.8,4.0,779.0,0.0,0.0,0.3940949935815148
11.0,5.0,51.0,0.3,0.1,0.8,4.0,776.0,0.0,0.0,0.3943298969072165
11.0,5.0,52.0,0.3,0.1,0.8,4.0,775.0,0.0,0.0,0.39483870967741935
11.0,6.0,1.0,0.3,0.1,0.8,4.0,775.0,0.0,0.0,0.3961290322580645
11.0,6.0,2.0,0.3,0.1,0.8,4.0,761.0,0.0,0.0,0.3955321944809461
11.0,6.0,3.0,0.3,0.1,0.8,4.0,757.0,0.0,0.0,0.39762219286657857
11.0,6.0,4.0,0.3,0.1,0.8,4.0,755.0,0.0,0.0,0.39602649006622515
11.0,6.0,5.0,0.3,0.1,0.8,4.0,755.0,0.0,0.0,0.39602649006622515
11.0,6.0,6.0,0.3,0.1,0.8,4.0,742.0,0.0,0.0,0.3948787061994609
11.0,6.0,7.0,0.3,0.1,0.8,4.0,729.0,0.0,0.0,0.39780521262002744
11.0,6.0,8.0,0.3,0.1,0.8,4.0,724.0,0.0,0.0,0.39779005524861877
11.0,6.0,9.0,0.3,0.1,0.8,4.0,726.0,0.0,0.0,0.39807162534435264
11.0,6.0,10.0,0.3,0.1,0.8,4.0,725.0,0.0,0.0,0.4
11.0,6.0,11.0,0.3,0.1,0.8,4.0,725.0,0.0,0.0,0.3986206896551724
11.0,6.0,12.0,0.3,0.1,0.8,4.0,710.0,0.0,0.0,0.3971830985915493
11.0,6.0,13.0,0.3,0.1,0.8,4.0,710.0,0.0,0.0,0.4
11.0,6.0,14.0,0.3,0.1,0.8,4.0,705.0,0.0,0.0,0.39858156028368796
11.0,6.0,15.0,0.3,0.1,0.8,4.0,708.0,0.0,0.0,0.3983050847457627
11.0,6.0,16.0,0.3,0.1,0.8,4.0,691.0,0.0,0.0,0.39652677279305354
11.0,6.0,17.0,0.3,0.1,0.8,4.0,693.0,0.0,0.0,0.3968253968253968
11.0,6.0,18.0,0.3,0.1,0.8,4.0,693.0,0.0,0.0,0.3968253968253968
11.0,6.0,19.0,0.3,0.1,0.8,4.0,691.0,0.0,0.0,0.3950795947901592
11.0,6.0,20.0,0.3,0.1,0.8,4.0,1253.0,0.0,0.0,0.21707901037509977
11.0,6.0,21.0,0.3,0.1,0.8,4.0,1197.0,0.0,0.0,0.2197159565580618
11.0,6.0,22.0,0.3,0.1,0.8,4.0,1177.0,0.0,0.0,0.221750212404418
11.0,6.0,23.0,0.3,0.1,0.8,4.0,1166.0,0.0,0.0,0.22126929674099485
11.0,6.0,24.0,0.3,0.1,0.8,4.0,1138.0,0.0,0.0,0.22495606326889278
11.0,6.0,25.0,0.3,0.1,0.8,4.0,1125.0,0.0,0.0,0.2248888888888889
11.0,6.0,26.0,0.3,0.1,0.8,4.0,1102.0,0.0,0.0,0.2295825771324864
11.0,6.0,27.0,0.3,0.1,0.8,4.0,1063.0,0.0,0.0,0.23142050799623706
11.0,6.0,28.0,0.3,0.1,0.8,4.0,1020.0,0.0,0.0,0.23431372549019608
11.0,6.0,29.0,0.3,0.1,0.8,4.0,1007.0,0.0,0.0,0.23535253227408143
11.0,6.0,30.0,0.3,0.1,0.8,4.0,954.0,0.0,0.0,0.2431865828092243
11.0,6.0,31.0,0.3,0.1,0.8,4.0,953.0,0.0,0.0,0.24134312696747115
11.0,6.0,32.0,0.3,0.1,0.8,4.0,927.0,0.0,0.0,0.24163969795037757
11.0,6.0,33.0,0.3,0.1,0.8,4.0,926.0,0.0,0.0,0.2408207343412527
11.0,6.0,34.0,0.3,0.1,0.8,4.0,889.0,0.0,0.0,0.24184476940382452
11.0,6.0,35.0,0.3,0.1,0.8,4.0,887.0,0.0,0.0,0.23900789177001128
11.0,6.0,36.0,0.3,0.1,0.8,4.0,874.0,0.0,0.0,0.2414187643020595
11.0,6.0,37.0,0.3,0.1,0.8,4.0,875.0,0.0,0.0,0.24114285714285713
11.0,6.0,38.0,0.3,0.1,0.8,4.0,864.0,0.0,0.0,0.24421296296296297
11.0,6.0,39.0,0.3,0.1,0.8,4.0,844.0,0.0,0.0,0.245260663507109
11.0,6.0,40.0,0.3,0.1,0.8,4.0,846.0,0.0,0.0,0.2458628841607565
11.0,6.0,41.0,0.3,0.1,0.8,4.0,811.0,0.0,0.0,0.24907521578298397
11.0,6.0,42.0,0.3,0.1,0.8,4.0,812.0,0.0,0.0,0.25
11.0,6.0,43.0,0.3,0.1,0.8,4.0,811.0,0.0,0.0,0.24907521578298397
11.0,6.0,44.0,0.3,0.1,0.8,4.0,798.0,0.0,0.0,0.2518796992481203
11.0,6.0,45.0,0.3,0.1,0.8,4.0,785.0,0.0,0.0,0.4063694267515924
11.0,6.0,46.0,0.3,0.1,0.8,4.0,773.0,0.0,0.0,0.41009055627425617
11.0,6.0,47.0,0.3,0.1,0.8,4.0,748.0,0.0,0.0,0.41310160427807485
11.0,6.0,48.0,0.3,0.1,0.8,4.0,748.0,0.0,0.0,0.41310160427807485
11.0,6.0,49.0,0.3,0.1,0.8,4.0,747.0,0.0,0.0,0.41231593038821956
11.0,6.0,50.0,0.3,0.1,0.8,4.0,747.0,0.0,0.0,0.41231593038821956
11.0,6.0,51.0,0.3,0.1,0.8,4.0,746.0,0.0,0.0,0.4128686327077748
11.0,6.0,52.0,0.3,0.1,0.8,4.0,746.0,0.0,0.0,0.4128686327077748
11.0,7.0,1.0,0.3,0.1,0.8,4.0,744.0,0.0,0.0,0.41263440860215056
11.0,7.0,2.0,0.3,0.1,0.8,4.0,745.0,0.0,0.0,0.4120805369127517
11.0,7.0,3.0,0.3,0.1,0.8,4.0,742.0,0.0,0.0,0.4137466307277628
11.0,7.0,4.0,0.3,0.1,0.8,4.0,741.0,0.0,0.0,0.4116059379217274
11.0,7.0,5.0,0.3,0.1,0.8,4.0,741.0,0.0,0.0,0.41295546558704455
11.0,7.0,6.0,0.3,0.1,0.8,4.0,741.0,0.0,0.0,0.41025641025641024
11.0,7.0,7.0,0.3,0.1,0.8,4.0,740.0,0.0,0.0,0.41216216216216217
11.0,7.0,8.0,0.3,0.1,0.8,4.0,725.0,0.0,0.0,0.4124137931034483
11.0,7.0,9.0,0.3,0.1,0.8,4.0,722.0,0.0,0.0,0.4168975069252078
11.0,7.0,10.0,0.3,0.1,0.8,4.0,723.0,0.0,0.0,0.4149377593360996
11.0,7.0,11.0,0.3,0.1,0.8,4.0,721.0,0.0,0.0,0.4174757281553398
11.0,7.0,12.0,0.3,0.1,0.8,4.0,719.0,0.0,0.0,0.41585535465924894
11.0,7.0,13.0,0.3,0.1,0.8,4.0,720.0,0.0,0.0,0.41805555555555557
11.0,7.0,14.0,0.3,0.1,0.8,4.0,718.0,0.0,0.0,0.4178272980501393
11.0,7.0,15.0,0.3,0.1,0.8,4.0,719.0,0.0,0.0,0.41863699582753827
11.0,7.0,16.0,0.3,0.1,0.8,4.0,704.0,0.0,0.0,0.4190340909090909
11.0,7.0,17.0,0.3,0.1,0.8,4.0,703.0,0.0,0.0,0.42105263157894735
11.0,7.0,18.0,0.3,0.1,0.8,4.0,702.0,0.0,0.0,0.4188034188034188
11.0,7.0,19.0,0.3,0.1,0.8,4.0,702.0,0.0,0.0,0.42165242165242167
11.0,7.0,20.0,0.3,0.1,0.8,4.0,1284.0,0.0,0.0,0.22975077881619937
11.0,7.0,21.0,0.3,0.1,0.8,4.0,1235.0,0.0,0.0,0.2291497975708502
11.0,7.0,22.0,0.3,0.1,0.8,4.0,1194.0,0.0,0.0,0.2319932998324958
11.0,7.0,23.0,0.3,0.1,0.8,4.0,1179.0,0.0,0.0,0.23494486853265478
11.0,7.0,24.0,0.3,0.1,0.8,4.0,1157.0,0.0,0.0,0.23595505617977527
11.0,7.0,25.0,0.3,0.1,0.8,4.0,1111.0,0.0,0.0,0.24122412241224123
11.0,7.0,26.0,0.3,0.1,0.8,4.0,1076.0,0.0,0.0,0.24442379182156135
11.0,7.0,27.0,0.3,0.1,0.8,4.0,1044.0,0.0,0.0,0.24904214559386972
11.0,7.0,28.0,0.3,0.1,0.8,4.0,1003.0,0.0,0.0,0.2542372881355932
11.0,7.0,29.0,0.3,0.1,0.8,4.0,998.0,0.0,0.0,0.2565130260521042
11.0,7.0,30.0,0.3,0.1,0.8,4.0,1002.0,0.0,0.0,0.25349301397205587
11.0,7.0,31.0,0.3,0.1,0.8,4.0,1001.0,0.0,0.0,0.25574425574425574
11.0,7.0,32.0,0.3,0.1,0.8,4.0,984.0,0.0,0.0,0.2540650406504065
11.0,7.0,33.0,0.3,0.1,0.8,4.0,969.0,0.0,0.0,0.25696594427244585
11.0,7.0,34.0,0.3,0.1,0.8,4.0,937.0,0.0,0.0,0.25827107790821774
11.0,7.0,35.0,0.3,0.1,0.8,4.0,910.0,0.0,0.0,0.26373626373626374
11.0,7.0,36.0,0.3,0.1,0.8,4.0,897.0,0.0,0.0,0.26421404682274247
11.0,7.0,37.0,0.3,0.1,0.8,4.0,871.0,0.0,0.0,0.26865671641791045
11.0,7.0,38.0,0.3,0.1,0.8,4.0,862.0,0.0,0.0,0.2679814385150812
11.0,7.0,39.0,0.3,0.1,0.8,4.0,846.0,0.0,0.0,0.2718676122931442
11.0,7.0,40.0,0.3,0.1,0.8,4.0,835.0,0.0,0.0,0.27065868263473053
11.0,7.0,41.0,0.3,0.1,0.8,4.0,803.0,0.0,0.0,0.273972602739726
11.0,7.0,42.0,0.3,0.1,0.8,4.0,793.0,0.0,0.0,0.27112232030264816
11.0,7.0,43.0,0.3,0.1,0.8,4.0,791.0,0.0,0.0,0.2743362831858407
11.0,7.0,44.0,0.3,0.1,0.8,4.0,769.0,0.0,0.0,0.27308192457737324
11.0,7.0,45.0,0.3,0.1,0.8,4.0,752.0,0.0,0.0,0.46675531914893614
11.0,7.0,46.0,0.3,0.1,0.8,4.0,734.0,0.0,0.0,0.4645776566757493
11.0,7.0,47.0,0.3,0.1,0.8,4.0,732.0,0.0,0.0,0.4672131147540984
11.0,7.0,48.0,0.3,0.1,0.8,4.0,733.0,0.0,0.0,0.46521145975443384
11.0,7.0,49.0,0.3,0.1,0.8,4.0,721.0,0.0,0.0,0.47018030513176146
11.0,7.0,50.0,0.3,0.1,0.8,4.0,719.0,0.0,0.0,0.4673157162726008
11.0,7.0,51.0,0.3,0.1,0.8,4.0,719.0,0.0,0.0,0.47009735744089015
11.0,7.0,52.0,0.3,0.1,0.8,4.0,707.0,0.0,0.0,0.4695898161244696
11.0,8.0,1.0,0.3,0.1,0.8,4.0,706.0,0.0,0.0,0.471671388101983
11.0,8.0,2.0,0.3,0.1,0.8,4.0,709.0,0.0,0.0,0.4682651622002821
11.0,8.0,3.0,0.3,0.1,0.8,4.0,707.0,0.0,0.0,0.471004243281471
11.0,8.0,4.0,0.3,0.1,0.8,4.0,679.0,0.0,0.0,0.47569955817378495
11.0,8.0,5.0,0.3,0.1,0.8,4.0,676.0,0.0,0.0,0.47633136094674555
11.0,8.0,6.0,0.3,0.1,0.8,4.0,678.0,0.0,0.0,0.4749262536873156
11.0,8.0,7.0,0.3,0.1,0.8,4.0,677.0,0.0,0.0,0.4771048744460857
11.0,8.0,8.0,0.3,0.1,0.8,4.0,676.0,0.0,0.0,0.47485207100591714
11.0,8.0,9.0,0.3,0.1,0.8,4.0,673.0,0.0,0.0,0.4784546805349183
11.0,8.0,10.0,0.3,0.1,0.8,4.0,672.0,0.0,0.0,0.47619047619047616
11.0,8.0,11.0,0.3,0.1,0.8,4.0,669.0,0.0,0.0,0.4798206278026906
11.0,8.0,12.0,0.3,0.1,0.8,4.0,667.0,0.0,0.0,0.4782608695652174
11.0,8.0,13.0,0.3,0.1,0.8,4.0,667.0,0.0,0.0,0.47976011994003
11.0,8.0,14.0,0.3,0.1,0.8,4.0,664.0,0.0,0.0,0.4789156626506024
11.0,8.0,15.0,0.3,0.1,0.8,4.0,663.0,0.0,0.0,0.4796380090497738
11.0,8.0,16.0,0.3,0.1,0.8,4.0,664.0,0.0,0.0,0.47740963855421686
11.0,8.0,17.0,0.3,0.1,0.8,4.0,662.0,0.0,0.0,0.4788519637462236
11.0,8.0,18.0,0.3,0.1,0.8,4.0,662.0,0.0,0.0,0.4788519637462236
11.0,8.0,19.0,0.3,0.1,0.8,4.0,660.0,0.0,0.0,0.4803030303030303
11.0,8.0,20.0,0.3,0.1,0.8,4.0,1144.0,0.0,0.0,0.2770979020979021
11.0,8.0,21.0,0.3,0.1,0.8,4.0,1125.0,0.0,0.0,0.2791111111111111
11.0,8.0,22.0,0.3,0.1,0.8,4.0,1096.0,0.0,0.0,0.2782846715328467
11.0,8.0,23.0,0.3,0.1,0.8,4.0,1086.0,0.0,0.0,0.28084714548802947
11.0,8.0,24.0,0.3,0.1,0.8,4.0,1085.0,0.0,0.0,0.27926267281105993
11.0,8.0,25.0,0.3,0.1,0.8,4.0,1065.0,0.0,0.0,0.28356807511737087
11.0,8.0,26.0,0.3,0.1,0.8,4.0,1063.0,0.0,0.0,0.2793979303857008
11.0,8.0,27.0,0.3,0.1,0.8,4.0,1049.0,0.0,0.0,0.28217349857006674
11.0,8.0,28.0,0.3,0.1,0.8,4.0,1046.0,0.0,0.0,0.27724665391969405
11.0,8.0,29.0,0.3,0.1,0.8,4.0,1033.0,0.0,0.0,0.2807357212003872
11.0,8.0,30.0,0.3,0.1,0.8,4.0,1013.0,0.0,0.0,0.28035538005923
11.0,8.0,31.0,0.3,0.1,0.8,4.0,1006.0,0.0,0.0,0.2813121272365805
11.0,8.0,32.0,0.3,0.1,0.8,4.0,980.0,0.0,0.0,0.27755102040816326
11.0,8.0,33.0,0.3,0.1,0.8,4.0,972.0,0.0,0.0,0.2808641975308642
11.0,8.0,34.0,0.3,0.1,0.8,4.0,957.0,0.0,0.0,0.28213166144200624
11.0,8.0,35.0,0.3,0.1,0.8,4.0,948.0,0.0,0.0,0.2858649789029536
11.0,8.0,36.0,0.3,0.1,0.8,4.0,946.0,0.0,0.0,0.2843551797040169
11.0,8.0,37.0,0.3,0.1,0.8,4.0,936.0,0.0,0.0,0.2841880341880342
11.0,8.0,38.0,0.3,0.1,0.8,4.0,932.0,0.0,0.0,0.2832618025751073
11.0,8.0,39.0,0.3,0.1,0.8,4.0,925.0,0.0,0.0,0.2810810810810811
11.0,8.0,40.0,0.3,0.1,0.8,4.0,922.0,0.0,0.0,0.279826464208243
11.0,8.0,41.0,0.3,0.1,0.8,4.0,923.0,0.0,0.0,0.27952329360780065
11.0,8.0,42.0,0.3,0.1,0.8,4.0,921.0,0.0,0.0,0.27904451682953313
11.0,8.0,43.0,0.3,0.1,0.8,4.0,923.0,0.0,0.0,0.27952329360780065
11.0,8.0,44.0,0.3,0.1,0.8,4.0,921.0,0.0,0.0,0.27904451682953313
11.0,8.0,45.0,0.3,0.1,0.8,4.0,892.0,0.0,0.0,0.42713004484304934
11.0,8.0,46.0,0.3,0.1,0.8,4.0,874.0,0.0,0.0,0.4302059496567506
11.0,8.0,47.0,0.3,0.1,0.8,4.0,874.0,0.0,0.0,0.43135011441647597
11.0,8.0,48.0,0.3,0.1,0.8,4.0,870.0,0.0,0.0,0.43103448275862066
11.0,8.0,49.0,0.3,0.1,0.8,4.0,873.0,0.0,0.0,0.4306987399770905
11.0,8.0,50.0,0.3,0.1,0.8,4.0,858.0,0.0,0.0,0.43123543123543123
11.0,8.0,51.0,0.3,0.1,0.8,4.0,849.0,0.0,0.0,0.43462897526501765
11.0,8.0,52.0,0.3,0.1,0.8,4.0,846.0,0.0,0.0,0.43380614657210403
11.0,9.0,1.0,0.3,0.1,0.8,4.0,849.0,0.0,0.0,0.43462897526501765
11.0,9.0,2.0,0.3,0.1,0.8,4.0,845.0,0.0,0.0,0.4331360946745562
11.0,9.0,3.0,0.3,0.1,0.8,4.0,849.0,0.0,0.0,0.43462897526501765
11.0,9.0,4.0,0.3,0.1,0.8,4.0,845.0,0.0,0.0,0.43431952662721895
11.0,9.0,5.0,0.3,0.1,0.8,4.0,848.0,0.0,0.0,0.43514150943396224
11.0,9.0,6.0,0.3,0.1,0.8,4.0,845.0,0.0,0.0,0.43431952662721895
11.0,9.0,7.0,0.3,0.1,0.8,4.0,847.0,0.0,0.0,0.43565525383707204
11.0,9.0,8.0,0.3,0.1,0.8,4.0,828.0,0.0,0.0,0.4384057971014493
11.0,9.0,9.0,0.3,0.1,0.8,4.0,818.0,0.0,0.0,0.4400977995110024
11.0,9.0,10.0,0.3,0.1,0.8,4.0,793.0,0.0,0.0,0.44388398486759145
11.0,9.0,11.0,0.3,0.1,0.8,4.0,793.0,0.0,0.0,0.44640605296343
11.0,9.0,12.0,0.3,0.1,0.8,4.0,790.0,0.0,0.0,0.4443037974683544
11.0,9.0,13.0,0.3,0.1,0.8,4.0,792.0,0.0,0.0,0.44696969696969696
11.0,9.0,14.0,0.3,0.1,0.8,4.0,788.0,0.0,0.0,0.44543147208121825
11.0,9.0,15.0,0.3,0.1,0.8,4.0,790.0,0.0,0.0,0.4481012658227848
11.0,9.0,16.0,0.3,0.1,0.8,4.0,788.0,0.0,0.0,0.44543147208121825
11.0,9.0,17.0,0.3,0.1,0.8,4.0,777.0,0.0,0.0,0.45045045045045046
11.0,9.0,18.0,0.3,0.1,0.8,4.0,774.0,0.0,0.0,0.4496124031007752
11.0,9.0,19.0,0.3,0.1,0.8,4.0,777.0,0.0,0.0,0.45045045045045046
11.0,9.0,20.0,0.3,0.1,0.8,4.0,1314.0,0.0,0.0,0.256468797564688
11.0,9.0,21.0,0.3,0.1,0.8,4.0,1273.0,0.0,0.0,0.25608798114689707
11.0,9.0,22.0,0.3,0.1,0.8,4.0,1253.0,0.0,0.0,0.2569832402234637
11.0,9.0,23.0,0.3,0.1,0.8,4.0,1233.0,0.0,0.0,0.259529602595296
11.0,9.0,24.0,0.3,0.1,0.8,4.0,1217.0,0.0,0.0,0.25965488907148726
11.0,9.0,25.0,0.3,0.1,0.8,4.0,1197.0,0.0,0.0,0.2623224728487886
11.0,9.0,26.0,0.3,0.1,0.8,4.0,1165.0,0.0,0.0,0.2626609442060086
11.0,9.0,27.0,0.3,0.1,0.8,4.0,1140.0,0.0,0.0,0.26666666666666666
11.0,9.0,28.0,0.3,0.1,0.8,4.0,1083.0,0.0,0.0,0.26869806094182824
11.0,9.0,29.0,0.3,0.1,0.8,4.0,1085.0,0.0,0.0,0.27004608294930876
11.0,9.0,30.0,0.3,0.1,0.8,4.0,1069.0,0.0,0.0,0.2684752104770814
11.0,9.0,31.0,0.3,0.1,0.8,4.0,1060.0,0.0,0.0,0.27075471698113207
11.0,9.0,32.0,0.3,0.1,0.8,4.0,1050.0,0.0,0.0,0.2704761904761905
11.0,9.0,33.0,0.3,0.1,0.8,4.0,1036.0,0.0,0.0,0.27606177606177607
11.0,9.0,34.0,0.3,0.1,0.8,4.0,1023.0,0.0,0.0,0.27663734115347016
11.0,9.0,35.0,0.3,0.1,0.8,4.0,1025.0,0.0,0.0,0.2780487804878049
11.0,9.0,36.0,0.3,0.1,0.8,4.0,1010.0,0.0,0.0,0.27920792079207923
11.0,9.0,37.0,0.3,0.1,0.8,4.0,1001.0,0.0,0.0,0.27972027972027974
11.0,9.0,38.0,0.3,0.1,0.8,4.0,1000.0,0.0,0.0,0.278
11.0,9.0,39.0,0.3,0.1,0.8,4.0,1001.0,0.0,0.0,0.27972027972027974
11.0,9.0,40.0,0.3,0.1,0.8,4.0,965.0,0.0,0.0,0.28186528497409324
11.0,9.0,41.0,0.3,0.1,0.8,4.0,960.0,0.0,0.0,0.28541666666666665
11.0,9.0,42.0,0.3,0.1,0.8,4.0,956.0,0.0,0.0,0.2834728033472803
11.0,9.0,43.0,0.3,0.1,0.8,4.0,944.0,0.0,0.0,0.2860169491525424
11.0,9.0,44.0,0.3,0.1,0.8,4.0,939.0,0.0,0.0,0.28434504792332266
11.0,9.0,45.0,0.3,0.1,0.8,4.0,897.0,0.0,0.0,0.43701226309921964
11.0,9.0,46.0,0.3,0.1,0.8,4.0,882.0,0.0,0.0,0.4376417233560091
11.0,9.0,47.0,0.3,0.1,0.8,4.0,875.0,0.0,0.0,0.4377142857142857
11.0,9.0,48.0,0.3,0.1,0.8,4.0,860.0,0.0,0.0,0.43953488372093025
11.0,9.0,49.0,0.3,0.1,0.8,4.0,863.0,0.0,0.0,0.44148319814600234
11.0,9.0,50.0,0.3,0.1,0.8,4.0,860.0,0.0,0.0,0.43953488372093025
11.0,9.0,51.0,0.3,0.1,0.8,4.0,861.0,0.0,0.0,0.4413472706155633
11.0,9.0,52.0,0.3,0.1,0.8,4.0,859.0,0.0,0.0,0.43888242142025613
11.0,10.0,1.0,0.3,0.1,0.8,4.0,862.0,0.0,0.0,0.4408352668213457
11.0,10.0,2.0,0.3,0.1,0.8,4.0,859.0,0.0,0.0,0.43888242142025613
11.0,10.0,3.0,0.3,0.1,0.8,4.0,851.0,0.0,0.0,0.4406580493537015
11.0,10.0,4.0,0.3,0.1,0.8,4.0,848.0,0.0,0.0,0.4386792452830189
11.0,10.0,5.0,0.3,0.1,0.8,4.0,850.0,0.0,0.0,0.4411764705882353
11.0,10.0,6.0,0.3,0.1,0.8,4.0,847.0,0.0,0.0,0.43919716646989376
11.0,10.0,7.0,0.3,0.1,0.8,4.0,850.0,0.0,0.0,0.4411764705882353
11.0,10.0,8.0,0.3,0.1,0.8,4.0,846.0,0.0,0.0,0.4397163120567376
11.0,10.0,9.0,0.3,0.1,0.8,4.0,848.0,0.0,0.0,0.4410377358490566
11.0,10.0,10.0,0.3,0.1,0.8,4.0,844.0,0.0,0.0,0.44075829383886256
11.0,10.0,11.0,0.3,0.1,0.8,4.0,845.0,0.0,0.0,0.44260355029585796
11.0,10.0,12.0,0.3,0.1,0.8,4.0,843.0,0.0,0.0,0.4412811387900356
11.0,10.0,13.0,0.3,0.1,0.8,4.0,832.0,0.0,0.0,0.44711538461538464
11.0,10.0,14.0,0.3,0.1,0.8,4.0,830.0,0.0,0.0,0.4457831325301205
11.0,10.0,15.0,0.3,0.1,0.8,4.0,831.0,0.0,0.0,0.4464500601684717
11.0,10.0,16.0,0.3,0.1,0.8,4.0,826.0,0.0,0.0,0.4467312348668281
11.0,10.0,17.0,0.3,0.1,0.8,4.0,830.0,0.0,0.0,0.4469879518072289
11.0,10.0,18.0,0.3,0.1,0.8,4.0,827.0,0.0,0.0,0.44619105199516323
11.0,10.0,19.0,0.3,0.1,0.8,4.0,817.0,0.0,0.0,0.4504283965728274
11.0,10.0,20.0,0.3,0.1,0.8,4.0,1352.0,0.0,0.0,0.246301775147929
11.0,10.0,21.0,0.3,0.1,0.8,4.0,1331.0,0.0,0.0,0.2501878287002254
11.0,10.0,22.0,0.3,0.1,0.8,4.0,1282.0,0.0,0.0,0.24960998439937598
11.0,10.0,23.0,0.3,0.1,0.8,4.0,1249.0,0.0,0.0,0.255404323458767
11.0,10.0,24.0,0.3,0.1,0.8,4.0,1194.0,0.0,0.0,0.2529313232830821
11.0,10.0,25.0,0.3,0.1,0.8,4.0,1143.0,0.0,0.0,0.25809273840769903
11.0,10.0,26.0,0.3,0.1,0.8,4.0,1140.0,0.0,0.0,0.25701754385964914
11.0,10.0,27.0,0.3,0.1,0.8,4.0,1130.0,0.0,0.0,0.26017699115044246
11.0,10.0,28.0,0.3,0.1,0.8,4.0,1129.0,0.0,0.0,0.25863596102745795
11.0,10.0,29.0,0.3,0.1,0.8,4.0,1131.0,0.0,0.0,0.259946949602122
11.0,10.0,30.0,0.3,0.1,0.8,4.0,1105.0,0.0,0.0,0.25882352941176473
11.0,10.0,31.0,0.3,0.1,0.8,4.0,1107.0,0.0,0.0,0.2601626016260163
11.0,10.0,32.0,0.3,0.1,0.8,4.0,1086.0,0.0,0.0,0.2605893186003683
11.0,10.0,33.0,0.3,0.1,0.8,4.0,1087.0,0.0,0.0,0.2621895124195032
11.0,10.0,34.0,0.3,0.1,0.8,4.0,1073.0,0.0,0.0,0.26095060577819196
11.0,10.0,35.0,0.3,0.1,0.8,4.0,1060.0,0.0,0.0,0.2622641509433962
11.0,10.0,36.0,0.3,0.1,0.8,4.0,1042.0,0.0,0.0,0.263915547024952
11.0,10.0,37.0,0.3,0.1,0.8,4.0,1043.0,0.0,0.0,0.26558005752636626
11.0,10.0,38.0,0.3,0.1,0.8,4.0,1011.0,0.0,0.0,0.27101879327398615
11.0,10.0,39.0,0.3,0.1,0.8,4.0,1000.0,0.0,0.0,0.272
11.0,10.0,40.0,0.3,0.1,0.8,4.0,983.0,0.0,0.0,0.2746693794506612
11.0,10.0,41.0,0.3,0.1,0.8,4.0,984.0,0.0,0.0,0.2764227642276423
11.0,10.0,42.0,0.3,0.1,0.8,4.0,967.0,0.0,0.0,0.2761116856256463
11.0,10.0,43.0,0.3,0.1,0.8,4.0,969.0,0.0,0.0,0.2776057791537668
11.0,10.0,44.0,0.3,0.1,0.8,4.0,954.0,0.0,0.0,0.2777777777777778
11.0,10.0,45.0,0.3,0.1,0.8,4.0,943.0,0.0,0.0,0.45068928950159065
11.0,10.0,46.0,0.3,0.1,0.8,4.0,941.0,0.0,0.0,0.4495217853347503
11.0,10.0,47.0,0.3,0.1,0.8,4.0,942.0,0.0,0.0,0.45010615711252655
11.0,10.0,48.0,0.3,0.1,0.8,4.0,929.0,0.0,0.0,0.4520990312163617
11.0,10.0,49.0,0.3,0.1,0.8,4.0,891.0,0.0,0.0,0.4590347923681257
11.0,10.0,50.0,0.3,0.1,0.8,4.0,890.0,0.0,0.0,0.4584269662921348
11.0,10.0,51.0,0.3,0.1,0.8,4.0,889.0,0.0,0.0,0.45894263217097864
11.0,10.0,52.0,0.3,0.1,0.8,4.0,889.0,0.0,0.0,0.4578177727784027
12.0,1.0,1.0,0.3,0.1,0.8,4.0,5117.0,49.0,6.0,0.29001367989056087
12.0,1.0,2.0,0.3,0.1,0.8,4.0,5058.0,51.0,17.0,0.2890470541716093
12.0,1.0,3.0,0.3,0.1,0.8,4.0,4967.0,55.0,26.0,0.2915240587880008
12.0,1.0,4.0,0.3,0.1,0.8,4.0,4892.0,71.0,35.0,0.29129190515126735
12.0,1.0,5.0,0.3,0.1,0.8,4.0,4825.0,80.0,31.0,0.29347150259067356
12.0,1.0,6.0,0.3,0.1,0.8,4.0,4709.0,98.0,34.0,0.2939052877468677
12.0,1.0,7.0,0.3,0.1,0.8,4.0,4536.0,99.0,41.0,0.294973544973545
12.0,1.0,8.0,0.3,0.1,0.8,4.0,4412.0,116.0,48.0,0.2944242973708069
12.0,1.0,9.0,0.3,0.1,0.8,4.0,4254.0,123.0,56.0,0.29713211095439584
12.0,1.0,10.0,0.3,0.1,0.8,4.0,4107.0,130.0,57.0,0.29997565132700266
12.0,1.0,11.0,0.3,0.1,0.8,4.0,4029.0,154.0,64.0,0.30007446016381234
12.0,1.0,12.0,0.3,0.1,0.8,4.0,3908.0,152.0,58.0,0.30271238485158647
12.0,1.0,13.0,0.3,0.1,0.8,4.0,3827.0,162.0,62.0,0.3036320877972302
12.0,1.0,14.0,0.3,0.1,0.8,4.0,3706.0,160.0,74.0,0.3059902860226659
12.0,1.0,15.0,0.3,0.1,0.8,4.0,3645.0,177.0,81.0,0.30781893004115224
12.0,1.0,16.0,0.3,0.1,0.8,4.0,3507.0,162.0,89.0,0.31308810949529514
12.0,1.0,17.0,0.3,0.1,0.8,4.0,3466.0,156.0,85.0,0.31361800346220425
12.0,1.0,18.0,0.3,0.1,0.8,4.0,3342.0,139.0,74.0,0.3177737881508079
12.0,1.0,19.0,0.3,0.1,0.8,4.0,3292.0,136.0,65.0,0.3235115431348724
12.0,1.0,20.0,0.3,0.1,0.8,4.0,6000.0,127.0,62.0,0.1735
12.0,1.0,21.0,0.3,0.1,0.8,4.0,5796.0,196.0,70.0,0.17632850241545894
12.0,1.0,22.0,0.3,0.1,0.8,4.0,5446.0,222.0,70.0,0.17756151303709145
12.0,1.0,23.0,0.3,0.1,0.8,4.0,5207.0,245.0,87.0,0.177645477242174
12.0,1.0,24.0,0.3,0.1,0.8,4.0,4952.0,268.0,99.0,0.18194668820678514
12.0,1.0,25.0,0.3,0.1,0.8,4.0,4686.0,295.0,111.0,0.1824583866837388
12.0,1.0,26.0,0.3,0.1,0.8,4.0,4331.0,299.0,125.0,0.18748556915262063
12.0,1.0,27.0,0.3,0.1,0.8,4.0,4232.0,336.0,145.0,0.1864366729678639
12.0,1.0,28.0,0.3,0.1,0.8,4.0,4027.0,383.0,161.0,0.19170598460392352
12.0,1.0,29.0,0.3,0.1,0.8,4.0,3872.0,403.0,167.0,0.1934400826446281
12.0,1.0,30.0,0.3,0.1,0.8,4.0,3625.0,377.0,165.0,0.1983448275862069
12.0,1.0,31.0,0.3,0.1,0.8,4.0,3469.0,383.0,173.0,0.20322859613721533
12.0,1.0,32.0,0.3,0.1,0.8,4.0,3269.0,364.0,170.0,0.2061792597124503
12.0,1.0,33.0,0.3,0.1,0.8,4.0,3134.0,346.0,167.0,0.21346522016592215
12.0,1.0,34.0,0.3,0.1,0.8,4.0,2978.0,327.0,148.0,0.2182672934855608
12.0,1.0,35.0,0.3,0.1,0.8,4.0,2874.0,323.0,151.0,0.2219902574808629
12.0,1.0,36.0,0.3,0.1,0.8,4.0,2730.0,289.0,146.0,0.2282051282051282
12.0,1.0,37.0,0.3,0.1,0.8,4.0,2659.0,295.0,152.0,0.23241820233170365
12.0,1.0,38.0,0.3,0.1,0.8,4.0,2485.0,252.0,127.0,0.24104627766599598
12.0,1.0,39.0,0.3,0.1,0.8,4.0,2373.0,234.0,130.0,0.2494732406236831
12.0,1.0,40.0,0.3,0.1,0.8,4.0,2301.0,219.0,117.0,0.25380269448066056
12.0,1.0,41.0,0.3,0.1,0.8,4.0,2196.0,214.0,109.0,0.2604735883424408
12.0,1.0,42.0,0.3,0.1,0.8,4.0,2098.0,178.0,74.0,0.2669208770257388
12.0,1.0,43.0,0.3,0.1,0.8,4.0,1999.0,163.0,75.0,0.2771385692846423
12.0,1.0,44.0,0.3,0.1,0.8,4.0,1930.0,158.0,83.0,0.27927461139896376
12.0,1.0,45.0,0.3,0.1,0.8,4.0,1901.0,161.0,85.0,0.4550236717517096
12.0,1.0,46.0,0.3,0.1,0.8,4.0,1818.0,154.0,79.0,0.4592959295929593
12.0,1.0,47.0,0.3,0.1,0.8,4.0,1769.0,131.0,64.0,0.46693046919163367
12.0,1.0,48.0,0.3,0.1,0.8,4.0,1694.0,119.0,64.0,0.46871310507674147
12.0,1.0,49.0,0.3,0.1,0.8,4.0,1654.0,113.0,59.0,0.4746070133010883
12.0,1.0,50.0,0.3,0.1,0.8,4.0,1602.0,103.0,55.0,0.4769038701622971
12.0,1.0,51.0,0.3,0.1,0.8,4.0,1548.0,95.0,53.0,0.48320413436692505
12.0,1.0,52.0,0.3,0.1,0.8,4.0,1529.0,80.0,47.0,0.48724656638325703
12.0,2.0,1.0,0.3,0.1,0.8,4.0,1500.0,71.0,44.0,0.49333333333333335
12.0,2.0,2.0,0.3,0.1,0.8,4.0,1466.0,59.0,35.0,0.49931787175989084
12.0,2.0,3.0,0.3,0.1,0.8,4.0,1435.0,54.0,33.0,0.5073170731707317
12.0,2.0,4.0,0.3,0.1,0.8,4.0,1416.0,47.0,27.0,0.5098870056497176
12.0,2.0,5.0,0.3,0.1,0.8,4.0,1385.0,44.0,25.0,0.5184115523465704
12.0,2.0,6.0,0.3,0.1,0.8,4.0,1365.0,40.0,25.0,0.5216117216117216
12.0,2.0,7.0,0.3,0.1,0.8,4.0,1338.0,34.0,20.0,0.5254110612855007
12.0,2.0,8.0,0.3,0.1,0.8,4.0,1318.0,28.0,15.0,0.5311077389984825
12.0,2.0,9.0,0.3,0.1,0.8,4.0,1250.0,21.0,11.0,0.5464
12.0,2.0,10.0,0.3,0.1,0.8,4.0,1240.0,18.0,13.0,0.5475806451612903
12.0,2.0,11.0,0.3,0.1,0.8,4.0,1209.0,17.0,13.0,0.554177005789909
12.0,2.0,12.0,0.3,0.1,0.8,4.0,1199.0,14.0,9.0,0.5529608006672226
12.0,2.0,13.0,0.3,0.1,0.8,4.0,1173.0,9.0,5.0,0.556692242114237
12.0,2.0,14.0,0.3,0.1,0.8,4.0,1168.0,6.0,3.0,0.5573630136986302
12.0,2.0,15.0,0.3,0.1,0.8,4.0,1148.0,6.0,2.0,0.5548780487804879
12.0,2.0,16.0,0.3,0.1,0.8,4.0,1145.0,6.0,1.0,0.5563318777292576
12.0,2.0,17.0,0.3,0.1,0.8,4.0,1126.0,6.0,3.0,0.5550621669626998
12.0,2.0,18.0,0.3,0.1,0.8,4.0,1124.0,6.0,4.0,0.5569395017793595
12.0,2.0,19.0,0.3,0.1,0.8,4.0,1113.0,6.0,5.0,0.5543575920934412
12.0,2.0,20.0,0.3,0.1,0.8,4.0,2055.0,4.0,3.0,0.29927007299270075
12.0,2.0,21.0,0.3,0.1,0.8,4.0,2027.0,6.0,2.0,0.29797730636408487
12.0,2.0,22.0,0.3,0.1,0.8,4.0,1938.0,3.0,1.0,0.30392156862745096
12.0,2.0,23.0,0.3,0.1,0.8,4.0,1918.0,2.0,2.0,0.3029197080291971
12.0,2.0,24.0,0.3,0.1,0.8,4.0,1812.0,4.0,2.0,0.3090507726269316
12.0,2.0,25.0,0.3,0.1,0.8,4.0,1762.0,4.0,2.0,0.31101021566401815
12.0,2.0,26.0,0.3,0.1,0.8,4.0,1751.0,3.0,0.0,0.3106796116504854
12.0,2.0,27.0,0.3,0.1,0.8,4.0,1666.0,3.0,1.0,0.31212484993997597
12.0,2.0,28.0,0.3,0.1,0.8,4.0,1640.0,3.0,2.0,0.31402439024390244
12.0,2.0,29.0,0.3,0.1,0.8,4.0,1611.0,4.0,2.0,0.3116076970825574
12.0,2.0,30.0,0.3,0.1,0.8,4.0,1561.0,3.0,2.0,0.3171044202434337
12.0,2.0,31.0,0.3,0.1,0.8,4.0,1529.0,2.0,1.0,0.31523871811641596
12.0,2.0,32.0,0.3,0.1,0.8,4.0,1538.0,2.0,2.0,0.31469440832249673
12.0,2.0,33.0,0.3,0.1,0.8,4.0,1459.0,2.0,1.0,0.3159698423577793
12.0,2.0,34.0,0.3,0.1,0.8,4.0,1480.0,2.0,1.0,0.31554054054054054
12.0,2.0,35.0,0.3,0.1,0.8,4.0,1433.0,1.0,1.0,0.316817864619679
12.0,2.0,36.0,0.3,0.1,0.8,4.0,1457.0,3.0,1.0,0.3164035689773507
12.0,2.0,37.0,0.3,0.1,0.8,4.0,1398.0,5.0,1.0,0.31759656652360513
12.0,2.0,38.0,0.3,0.1,0.8,4.0,1407.0,5.0,2.0,0.31769722814498935
12.0,2.0,39.0,0.3,0.1,0.8,4.0,1323.0,6.0,3.0,0.3197278911564626
12.0,2.0,40.0,0.3,0.1,0.8,4.0,1280.0,6.0,4.0,0.328125
12.0,2.0,41.0,0.3,0.1,0.8,4.0,1230.0,5.0,3.0,0.3308943089430894
12.0,2.0,42.0,0.3,0.1,0.8,4.0,1242.0,5.0,3.0,0.3309178743961353
12.0,2.0,43.0,0.3,0.1,0.8,4.0,1205.0,3.0,2.0,0.33112033195020746
12.0,2.0,44.0,0.3,0.1,0.8,4.0,1182.0,3.0,2.0,0.33587140439932317
12.0,2.0,45.0,0.3,0.1,0.8,4.0,1160.0,2.0,1.0,0.4681034482758621
12.0,2.0,46.0,0.3,0.1,0.8,4.0,1139.0,2.0,1.0,0.47322212467076386
12.0,2.0,47.0,0.3,0.1,0.8,4.0,1123.0,2.0,1.0,0.47105966162065893
12.0,2.0,48.0,0.3,0.1,0.8,4.0,1105.0,2.0,1.0,0.47782805429864256
12.0,2.0,49.0,0.3,0.1,0.8,4.0,1089.0,2.0,1.0,0.4756657483930211
12.0,2.0,50.0,0.3,0.1,0.8,4.0,1077.0,2.0,0.0,0.48003714020427113
12.0,2.0,51.0,0.3,0.1,0.8,4.0,1047.0,2.0,2.0,0.4785100286532951
12.0,2.0,52.0,0.3,0.1,0.8,4.0,1036.0,3.0,2.0,0.48166023166023164
12.0,3.0,1.0,0.3,0.1,0.8,4.0,1010.0,5.0,2.0,0.48118811881188117
12.0,3.0,2.0,0.3,0.1,0.8,4.0,998.0,3.0,0.0,0.48396793587174347
12.0,3.0,3.0,0.3,0.1,0.8,4.0,989.0,3.0,0.0,0.4792719919110212
12.0,3.0,4.0,0.3,0.1,0.8,4.0,985.0,3.0,1.0,0.47918781725888326
12.0,3.0,5.0,0.3,0.1,0.8,4.0,979.0,3.0,2.0,0.4759959141981614
12.0,3.0,6.0,0.3,0.1,0.8,4.0,970.0,4.0,2.0,0.4793814432989691
12.0,3.0,7.0,0.3,0.1,0.8,4.0,963.0,3.0,3.0,0.4745586708203531
12.0,3.0,8.0,0.3,0.1,0.8,4.0,952.0,2.0,2.0,0.47689075630252103
12.0,3.0,9.0,0.3,0.1,0.8,4.0,924.0,2.0,2.0,0.47835497835497837
12.0,3.0,10.0,0.3,0.1,0.8,4.0,908.0,0.0,0.0,0.4834801762114537
12.0,3.0,11.0,0.3,0.1,0.8,4.0,894.0,0.0,0.0,0.4809843400447427
12.0,3.0,12.0,0.3,0.1,0.8,4.0,892.0,0.0,0.0,0.48318385650224216
12.0,3.0,13.0,0.3,0.1,0.8,4.0,880.0,0.0,0.0,0.47954545454545455
12.0,3.0,14.0,0.3,0.1,0.8,4.0,878.0,0.0,0.0,0.48177676537585423
12.0,3.0,15.0,0.3,0.1,0.8,4.0,868.0,0.0,0.0,0.478110599078341
12.0,3.0,16.0,0.3,0.1,0.8,4.0,872.0,0.0,0.0,0.4793577981651376
12.0,3.0,17.0,0.3,0.1,0.8,4.0,861.0,0.0,0.0,0.47502903600464574
12.0,3.0,18.0,0.3,0.1,0.8,4.0,859.0,0.0,0.0,0.47729918509895225
12.0,3.0,19.0,0.3,0.1,0.8,4.0,838.0,0.0,0.0,0.4701670644391408
12.0,3.0,20.0,0.3,0.1,0.8,4.0,1547.0,0.0,0.0,0.2559793148028442
12.0,3.0,21.0,0.3,0.1,0.8,4.0,1475.0,0.0,0.0,0.2569491525423729
12.0,3.0,22.0,0.3,0.1,0.8,4.0,1439.0,0.0,0.0,0.25781792911744267
12.0,3.0,23.0,0.3,0.1,0.8,4.0,1380.0,0.0,0.0,0.25869565217391305
12.0,3.0,24.0,0.3,0.1,0.8,4.0,1308.0,0.0,0.0,0.2622324159021407
12.0,3.0,25.0,0.3,0.1,0.8,4.0,1283.0,0.0,0.0,0.2634450506625097
12.0,3.0,26.0,0.3,0.1,0.8,4.0,1261.0,0.0,0.0,0.26645519429024583
12.0,3.0,27.0,0.3,0.1,0.8,4.0,1249.0,0.0,0.0,0.2658126501200961
12.0,3.0,28.0,0.3,0.1,0.8,4.0,1198.0,0.0,0.0,0.2679465776293823
12.0,3.0,29.0,0.3,0.1,0.8,4.0,1162.0,0.0,0.0,0.26592082616179
12.0,3.0,30.0,0.3,0.1,0.8,4.0,1133.0,0.0,0.0,0.2709620476610768
12.0,3.0,31.0,0.3,0.1,0.8,4.0,1110.0,0.0,0.0,0.26666666666666666
12.0,3.0,32.0,0.3,0.1,0.8,4.0,1088.0,0.0,0.0,0.2702205882352941
12.0,3.0,33.0,0.3,0.1,0.8,4.0,1067.0,0.0,0.0,0.26804123711340205
12.0,3.0,34.0,0.3,0.1,0.8,4.0,1057.0,0.0,0.0,0.2686849574266793
12.0,3.0,35.0,0.3,0.1,0.8,4.0,1043.0,0.0,0.0,0.2636625119846596
12.0,3.0,36.0,0.3,0.1,0.8,4.0,1028.0,0.0,0.0,0.26264591439688717
12.0,3.0,37.0,0.3,0.1,0.8,4.0,1004.0,0.0,0.0,0.2649402390438247
12.0,3.0,38.0,0.3,0.1,0.8,4.0,1000.0,0.0,0.0,0.264
12.0,3.0,39.0,0.3,0.1,0.8,4.0,974.0,0.0,0.0,0.2618069815195072
12.0,3.0,40.0,0.3,0.1,0.8,4.0,979.0,0.0,0.0,0.26149131767109296
12.0,3.0,41.0,0.3,0.1,0.8,4.0,936.0,0.0,0.0,0.2564102564102564
12.0,3.0,42.0,0.3,0.1,0.8,4.0,932.0,0.0,0.0,0.2575107296137339
12.0,3.0,43.0,0.3,0.1,0.8,4.0,915.0,0.0,0.0,0.253551912568306
12.0,3.0,44.0,0.3,0.1,0.8,4.0,921.0,0.0,0.0,0.256243213897937
12.0,3.0,45.0,0.3,0.1,0.8,4.0,883.0,0.0,0.0,0.4110985277463194
12.0,3.0,46.0,0.3,0.1,0.8,4.0,894.0,0.0,0.0,0.4116331096196868
12.0,3.0,47.0,0.3,0.1,0.8,4.0,857.0,0.0,0.0,0.4072345390898483
12.0,3.0,48.0,0.3,0.1,0.8,4.0,852.0,0.0,0.0,0.4107981220657277
12.0,3.0,49.0,0.3,0.1,0.8,4.0,832.0,0.0,0.0,0.4074519230769231
12.0,3.0,50.0,0.3,0.1,0.8,4.0,815.0,0.0,0.0,0.40736196319018403
12.0,3.0,51.0,0.3,0.1,0.8,4.0,797.0,0.0,0.0,0.4065244667503137
12.0,3.0,52.0,0.3,0.1,0.8,4.0,790.0,0.0,0.0,0.4139240506329114
12.0,4.0,1.0,0.3,0.1,0.8,4.0,778.0,0.0,0.0,0.40488431876606684
12.0,4.0,2.0,0.3,0.1,0.8,4.0,773.0,0.0,0.0,0.4023285899094437
12.0,4.0,3.0,0.3,0.1,0.8,4.0,765.0,0.0,0.0,0.39738562091503266
12.0,4.0,4.0,0.3,0.1,0.8,4.0,763.0,0.0,0.0,0.399737876802097
12.0,4.0,5.0,0.3,0.1,0.8,4.0,757.0,0.0,0.0,0.3989431968295905
12.0,4.0,6.0,0.3,0.1,0.8,4.0,756.0,0.0,0.0,0.40476190476190477
12.0,4.0,7.0,0.3,0.1,0.8,4.0,749.0,0.0,0.0,0.3978638184245661
12.0,4.0,8.0,0.3,0.1,0.8,4.0,745.0,0.0,0.0,0.40134228187919463
12.0,4.0,9.0,0.3,0.1,0.8,4.0,731.0,0.0,0.0,0.3967168262653899
12.0,4.0,10.0,0.3,0.1,0.8,4.0,717.0,0.0,0.0,0.400278940027894
12.0,4.0,11.0,0.3,0.1,0.8,4.0,707.0,0.0,0.0,0.39462517680339465
12.0,4.0,12.0,0.3,0.1,0.8,4.0,697.0,0.0,0.0,0.4017216642754663
12.0,4.0,13.0,0.3,0.1,0.8,4.0,688.0,0.0,0.0,0.39244186046511625
12.0,4.0,14.0,0.3,0.1,0.8,4.0,685.0,0.0,0.0,0.40145985401459855
12.0,4.0,15.0,0.3,0.1,0.8,4.0,679.0,0.0,0.0,0.3946980854197349
12.0,4.0,16.0,0.3,0.1,0.8,4.0,662.0,0.0,0.0,0.4033232628398791
12.0,4.0,17.0,0.3,0.1,0.8,4.0,657.0,0.0,0.0,0.3942161339421613
12.0,4.0,18.0,0.3,0.1,0.8,4.0,653.0,0.0,0.0,0.4012251148545176
12.0,4.0,19.0,0.3,0.1,0.8,4.0,646.0,0.0,0.0,0.39009287925696595
12.0,4.0,20.0,0.3,0.1,0.8,4.0,1155.0,0.0,0.0,0.22164502164502164
12.0,4.0,21.0,0.3,0.1,0.8,4.0,1137.0,0.0,0.0,0.21635883905013192
12.0,4.0,22.0,0.3,0.1,0.8,4.0,1115.0,0.0,0.0,0.22152466367713006
12.0,4.0,23.0,0.3,0.1,0.8,4.0,1062.0,0.0,0.0,0.2231638418079096
12.0,4.0,24.0,0.3,0.1,0.8,4.0,1038.0,0.0,0.0,0.22639691714836224
12.0,4.0,25.0,0.3,0.1,0.8,4.0,1029.0,0.0,0.0,0.2206025267249757
12.0,4.0,26.0,0.3,0.1,0.8,4.0,981.0,0.0,0.0,0.2273190621814475
12.0,4.0,27.0,0.3,0.1,0.8,4.0,933.0,0.0,0.0,0.2240085744908896
12.0,4.0,28.0,0.3,0.1,0.8,4.0,898.0,0.0,0.0,0.22605790645879734
12.0,4.0,29.0,0.3,0.1,0.8,4.0,901.0,0.0,0.0,0.22308546059933407
12.0,4.0,30.0,0.3,0.1,0.8,4.0,886.0,0.0,0.0,0.22460496613995484
12.0,4.0,31.0,0.3,0.1,0.8,4.0,881.0,0.0,0.0,0.22474460839954596
12.0,4.0,32.0,0.3,0.1,0.8,4.0,866.0,0.0,0.0,0.2251732101616628
12.0,4.0,33.0,0.3,0.1,0.8,4.0,841.0,0.0,0.0,0.2259215219976219
12.0,4.0,34.0,0.3,0.1,0.8,4.0,813.0,0.0,0.0,0.23247232472324722
12.0,4.0,35.0,0.3,0.1,0.8,4.0,781.0,0.0,0.0,0.22919334186939821
12.0,4.0,36.0,0.3,0.1,0.8,4.0,779.0,0.0,0.0,0.23234916559691912
12.0,4.0,37.0,0.3,0.1,0.8,4.0,772.0,0.0,0.0,0.22797927461139897
12.0,4.0,38.0,0.3,0.1,0.8,4.0,777.0,0.0,0.0,0.23166023166023167
12.0,4.0,39.0,0.3,0.1,0.8,4.0,766.0,0.0,0.0,0.22845953002610966
12.0,4.0,40.0,0.3,0.1,0.8,4.0,770.0,0.0,0.0,0.22987012987012986
12.0,4.0,41.0,0.3,0.1,0.8,4.0,758.0,0.0,0.0,0.22691292875989447
12.0,4.0,42.0,0.3,0.1,0.8,4.0,762.0,0.0,0.0,0.22965879265091863
12.0,4.0,43.0,0.3,0.1,0.8,4.0,754.0,0.0,0.0,0.22546419098143236
12.0,4.0,44.0,0.3,0.1,0.8,4.0,734.0,0.0,0.0,0.23024523160762944
12.0,4.0,45.0,0.3,0.1,0.8,4.0,720.0,0.0,0.0,0.4013888888888889
12.0,4.0,46.0,0.3,0.1,0.8,4.0,724.0,0.0,0.0,0.39779005524861877
12.0,4.0,47.0,0.3,0.1,0.8,4.0,697.0,0.0,0.0,0.39741750358680056
12.0,4.0,48.0,0.3,0.1,0.8,4.0,702.0,0.0,0.0,0.3974358974358974
12.0,4.0,49.0,0.3,0.1,0.8,4.0,676.0,0.0,0.0,0.3979289940828402
12.0,4.0,50.0,0.3,0.1,0.8,4.0,675.0,0.0,0.0,0.39555555555555555
12.0,4.0,51.0,0.3,0.1,0.8,4.0,662.0,0.0,0.0,0.3957703927492447
12.0,4.0,52.0,0.3,0.1,0.8,4.0,653.0,0.0,0.0,0.3981623277182236
12.0,5.0,1.0,0.3,0.1,0.8,4.0,614.0,0.0,0.0,0.40390879478827363
12.0,5.0,2.0,0.3,0.1,0.8,4.0,618.0,0.0,0.0,0.39805825242718446
12.0,5.0,3.0,0.3,0.1,0.8,4.0,592.0,0.0,0.0,0.40540540540540543
12.0,5.0,4.0,0.3,0.1,0.8,4.0,597.0,0.0,0.0,0.40033500837520936
12.0,5.0,5.0,0.3,0.1,0.8,4.0,587.0,0.0,0.0,0.40545144804088584
12.0,5.0,6.0,0.3,0.1,0.8,4.0,592.0,0.0,0.0,0.3952702702702703
12.0,5.0,7.0,0.3,0.1,0.8,4.0,582.0,0.0,0.0,0.4020618556701031
12.0,5.0,8.0,0.3,0.1,0.8,4.0,574.0,0.0,0.0,0.39547038327526135
12.0,5.0,9.0,0.3,0.1,0.8,4.0,561.0,0.0,0.0,0.4028520499108734
12.0,5.0,10.0,0.3,0.1,0.8,4.0,559.0,0.0,0.0,0.39892665474060823
12.0,5.0,11.0,0.3,0.1,0.8,4.0,555.0,0.0,0.0,0.4072072072072072
12.0,5.0,12.0,0.3,0.1,0.8,4.0,555.0,0.0,0.0,0.4036036036036036
12.0,5.0,13.0,0.3,0.1,0.8,4.0,546.0,0.0,0.0,0.41208791208791207
12.0,5.0,14.0,0.3,0.1,0.8,4.0,550.0,0.0,0.0,0.4036363636363636
12.0,5.0,15.0,0.3,0.1,0.8,4.0,544.0,0.0,0.0,0.4117647058823529
12.0,5.0,16.0,0.3,0.1,0.8,4.0,542.0,0.0,0.0,0.4022140221402214
12.0,5.0,17.0,0.3,0.1,0.8,4.0,540.0,0.0,0.0,0.4111111111111111
12.0,5.0,18.0,0.3,0.1,0.8,4.0,541.0,0.0,0.0,0.4011090573012939
12.0,5.0,19.0,0.3,0.1,0.8,4.0,539.0,0.0,0.0,0.4100185528756957
12.0,5.0,20.0,0.3,0.1,0.8,4.0,1002.0,0.0,0.0,0.21656686626746507
12.0,5.0,21.0,0.3,0.1,0.8,4.0,981.0,0.0,0.0,0.22120285423037717
12.0,5.0,22.0,0.3,0.1,0.8,4.0,945.0,0.0,0.0,0.21798941798941798
12.0,5.0,23.0,0.3,0.1,0.8,4.0,932.0,0.0,0.0,0.21995708154506438
12.0,5.0,24.0,0.3,0.1,0.8,4.0,900.0,0.0,0.0,0.21666666666666667
12.0,5.0,25.0,0.3,0.1,0.8,4.0,900.0,0.0,0.0,0.22
12.0,5.0,26.0,0.3,0.1,0.8,4.0,873.0,0.0,0.0,0.21764032073310424
12.0,5.0,27.0,0.3,0.1,0.8,4.0,848.0,0.0,0.0,0.22287735849056603
12.0,5.0,28.0,0.3,0.1,0.8,4.0,849.0,0.0,0.0,0.21908127208480566
12.0,5.0,29.0,0.3,0.1,0.8,4.0,834.0,0.0,0.0,0.22302158273381295
12.0,5.0,30.0,0.3,0.1,0.8,4.0,845.0,0.0,0.0,0.21893491124260356
12.0,5.0,31.0,0.3,0.1,0.8,4.0,830.0,0.0,0.0,0.22289156626506024
12.0,5.0,32.0,0.3,0.1,0.8,4.0,832.0,0.0,0.0,0.22115384615384615
12.0,5.0,33.0,0.3,0.1,0.8,4.0,782.0,0.0,0.0,0.23145780051150894
12.0,5.0,34.0,0.3,0.1,0.8,4.0,793.0,0.0,0.0,0.22698612862547288
12.0,5.0,35.0,0.3,0.1,0.8,4.0,769.0,0.0,0.0,0.22886866059817945
12.0,5.0,36.0,0.3,0.1,0.8,4.0,785.0,0.0,0.0,0.22420382165605096
12.0,5.0,37.0,0.3,0.1,0.8,4.0,755.0,0.0,0.0,0.23178807947019867
12.0,5.0,38.0,0.3,0.1,0.8,4.0,778.0,0.0,0.0,0.2249357326478149
12.0,5.0,39.0,0.3,0.1,0.8,4.0,716.0,0.0,0.0,0.23743016759776536
12.0,5.0,40.0,0.3,0.1,0.8,4.0,742.0,0.0,0.0,0.23045822102425875
12.0,5.0,41.0,0.3,0.1,0.8,4.0,717.0,0.0,0.0,0.23570432357043236
12.0,5.0,42.0,0.3,0.1,0.8,4.0,735.0,0.0,0.0,0.22857142857142856
12.0,5.0,43.0,0.3,0.1,0.8,4.0,706.0,0.0,0.0,0.23371104815864022
12.0,5.0,44.0,0.3,0.1,0.8,4.0,733.0,0.0,0.0,0.22783083219645292
12.0,5.0,45.0,0.3,0.1,0.8,4.0,701.0,0.0,0.0,0.39657631954350925
12.0,5.0,46.0,0.3,0.1,0.8,4.0,728.0,0.0,0.0,0.3901098901098901
12.0,5.0,47.0,0.3,0.1,0.8,4.0,696.0,0.0,0.0,0.39798850574712646
12.0,5.0,48.0,0.3,0.1,0.8,4.0,691.0,0.0,0.0,0.3979739507959479
12.0,5.0,49.0,0.3,0.1,0.8,4.0,664.0,0.0,0.0,0.4006024096385542
12.0,5.0,50.0,0.3,0.1,0.8,4.0,672.0,0.0,0.0,0.39732142857142855
12.0,5.0,51.0,0.3,0.1,0.8,4.0,654.0,0.0,0.0,0.39602446483180426
12.0,5.0,52.0,0.3,0.1,0.8,4.0,666.0,0.0,0.0,0.3963963963963964
12.0,6.0,1.0,0.3,0.1,0.8,4.0,646.0,0.0,0.0,0.39628482972136225
12.0,6.0,2.0,0.3,0.1,0.8,4.0,654.0,0.0,0.0,0.3929663608562691
12.0,6.0,3.0,0.3,0.1,0.8,4.0,622.0,0.0,0.0,0.3954983922829582
12.0,6.0,4.0,0.3,0.1,0.8,4.0,623.0,0.0,0.0,0.391653290529695
12.0,6.0,5.0,0.3,0.1,0.8,4.0,612.0,0.0,0.0,0.3954248366013072
12.0,6.0,6.0,0.3,0.1,0.8,4.0,617.0,0.0,0.0,0.39546191247974066
12.0,6.0,7.0,0.3,0.1,0.8,4.0,609.0,0.0,0.0,0.3957307060755337
12.0,6.0,8.0,0.3,0.1,0.8,4.0,602.0,0.0,0.0,0.39867109634551495
12.0,6.0,9.0,0.3,0.1,0.8,4.0,590.0,0.0,0.0,0.4033898305084746
12.0,6.0,10.0,0.3,0.1,0.8,4.0,586.0,0.0,0.0,0.4044368600682594
12.0,6.0,11.0,0.3,0.1,0.8,4.0,582.0,0.0,0.0,0.4054982817869416
12.0,6.0,12.0,0.3,0.1,0.8,4.0,581.0,0.0,0.0,0.4079173838209983
12.0,6.0,13.0,0.3,0.1,0.8,4.0,578.0,0.0,0.0,0.4083044982698962
12.0,6.0,14.0,0.3,0.1,0.8,4.0,576.0,0.0,0.0,0.4114583333333333
12.0,6.0,15.0,0.3,0.1,0.8,4.0,574.0,0.0,0.0,0.4094076655052265
12.0,6.0,16.0,0.3,0.1,0.8,4.0,576.0,0.0,0.0,0.4114583333333333
12.0,6.0,17.0,0.3,0.1,0.8,4.0,572.0,0.0,0.0,0.41083916083916083
12.0,6.0,18.0,0.3,0.1,0.8,4.0,575.0,0.0,0.0,0.4121739130434783
12.0,6.0,19.0,0.3,0.1,0.8,4.0,574.0,0.0,0.0,0.41114982578397213
12.0,6.0,20.0,0.3,0.1,0.8,4.0,1005.0,0.0,0.0,0.23184079601990049
12.0,6.0,21.0,0.3,0.1,0.8,4.0,964.0,0.0,0.0,0.23236514522821577
12.0,6.0,22.0,0.3,0.1,0.8,4.0,907.0,0.0,0.0,0.2414553472987872
12.0,6.0,23.0,0.3,0.1,0.8,4.0,909.0,0.0,0.0,0.23982398239823982
12.0,6.0,24.0,0.3,0.1,0.8,4.0,904.0,0.0,0.0,0.2411504424778761
12.0,6.0,25.0,0.3,0.1,0.8,4.0,888.0,0.0,0.0,0.23986486486486486
12.0,6.0,26.0,0.3,0.1,0.8,4.0,866.0,0.0,0.0,0.24133949191685913
12.0,6.0,27.0,0.3,0.1,0.8,4.0,847.0,0.0,0.0,0.24203069657615112
12.0,6.0,28.0,0.3,0.1,0.8,4.0,840.0,0.0,0.0,0.24166666666666667
12.0,6.0,29.0,0.3,0.1,0.8,4.0,832.0,0.0,0.0,0.24158653846153846
12.0,6.0,30.0,0.3,0.1,0.8,4.0,825.0,0.0,0.0,0.2412121212121212
12.0,6.0,31.0,0.3,0.1,0.8,4.0,791.0,0.0,0.0,0.2503160556257901
12.0,6.0,32.0,0.3,0.1,0.8,4.0,743.0,0.0,0.0,0.25168236877523553
12.0,6.0,33.0,0.3,0.1,0.8,4.0,723.0,0.0,0.0,0.25311203319502074
12.0,6.0,34.0,0.3,0.1,0.8,4.0,710.0,0.0,0.0,0.2549295774647887
12.0,6.0,35.0,0.3,0.1,0.8,4.0,694.0,0.0,0.0,0.25360230547550433
12.0,6.0,36.0,0.3,0.1,0.8,4.0,693.0,0.0,0.0,0.25252525252525254
12.0,6.0,37.0,0.3,0.1,0.8,4.0,692.0,0.0,0.0,0.2514450867052023
12.0,6.0,38.0,0.3,0.1,0.8,4.0,691.0,0.0,0.0,0.25180897250361794
12.0,6.0,39.0,0.3,0.1,0.8,4.0,676.0,0.0,0.0,0.25
12.0,6.0,40.0,0.3,0.1,0.8,4.0,673.0,0.0,0.0,0.2511144130757801
12.0,6.0,41.0,0.3,0.1,0.8,4.0,672.0,0.0,0.0,0.25
12.0,6.0,42.0,0.3,0.1,0.8,4.0,669.0,0.0,0.0,0.25112107623318386
12.0,6.0,43.0,0.3,0.1,0.8,4.0,671.0,0.0,0.0,0.2503725782414307
12.0,6.0,44.0,0.3,0.1,0.8,4.0,669.0,0.0,0.0,0.25112107623318386
12.0,6.0,45.0,0.3,0.1,0.8,4.0,654.0,0.0,0.0,0.41896024464831805
12.0,6.0,46.0,0.3,0.1,0.8,4.0,639.0,0.0,0.0,0.41471048513302033
12.0,6.0,47.0,0.3,0.1,0.8,4.0,639.0,0.0,0.0,0.4131455399061033
12.0,6.0,48.0,0.3,0.1,0.8,4.0,637.0,0.0,0.0,0.41287284144427
12.0,6.0,49.0,0.3,0.1,0.8,4.0,623.0,0.0,0.0,0.41091492776886035
12.0,6.0,50.0,0.3,0.1,0.8,4.0,612.0,0.0,0.0,0.4133986928104575
12.0,6.0,51.0,0.3,0.1,0.8,4.0,606.0,0.0,0.0,0.4141914191419142
12.0,6.0,52.0,0.3,0.1,0.8,4.0,599.0,0.0,0.0,0.41068447412353926
12.0,7.0,1.0,0.3,0.1,0.8,4.0,600.0,0.0,0.0,0.4116666666666667
12.0,7.0,2.0,0.3,0.1,0.8,4.0,599.0,0.0,0.0,0.41068447412353926
12.0,7.0,3.0,0.3,0.1,0.8,4.0,599.0,0.0,0.0,0.41068447412353926
12.0,7.0,4.0,0.3,0.1,0.8,4.0,585.0,0.0,0.0,0.40683760683760684
12.0,7.0,5.0,0.3,0.1,0.8,4.0,583.0,0.0,0.0,0.4065180102915952
12.0,7.0,6.0,0.3,0.1,0.8,4.0,580.0,0.0,0.0,0.4086206896551724
12.0,7.0,7.0,0.3,0.1,0.8,4.0,578.0,0.0,0.0,0.4100346020761246
12.0,7.0,8.0,0.3,0.1,0.8,4.0,574.0,0.0,0.0,0.41114982578397213
12.0,7.0,9.0,0.3,0.1,0.8,4.0,571.0,0.0,0.0,0.4133099824868651
12.0,7.0,10.0,0.3,0.1,0.8,4.0,563.0,0.0,0.0,0.41740674955595025
12.0,7.0,11.0,0.3,0.1,0.8,4.0,560.0,0.0,0.0,0.4160714285714286
12.0,7.0,12.0,0.3,0.1,0.8,4.0,554.0,0.0,0.0,0.4187725631768953
12.0,7.0,13.0,0.3,0.1,0.8,4.0,556.0,0.0,0.0,0.4154676258992806
12.0,7.0,14.0,0.3,0.1,0.8,4.0,550.0,0.0,0.0,0.41818181818181815
12.0,7.0,15.0,0.3,0.1,0.8,4.0,553.0,0.0,0.0,0.4159132007233273
12.0,7.0,16.0,0.3,0.1,0.8,4.0,546.0,0.0,0.0,0.42124542124542125
12.0,7.0,17.0,0.3,0.1,0.8,4.0,549.0,0.0,0.0,0.41894353369763204
12.0,7.0,18.0,0.3,0.1,0.8,4.0,545.0,0.0,0.0,0.42201834862385323
12.0,7.0,19.0,0.3,0.1,0.8,4.0,549.0,0.0,0.0,0.41894353369763204
12.0,7.0,20.0,0.3,0.1,0.8,4.0,969.0,0.0,0.0,0.23735810113519093
12.0,7.0,21.0,0.3,0.1,0.8,4.0,968.0,0.0,0.0,0.2365702479338843
12.0,7.0,22.0,0.3,0.1,0.8,4.0,939.0,0.0,0.0,0.24068157614483493
12.0,7.0,23.0,0.3,0.1,0.8,4.0,940.0,0.0,0.0,0.2372340425531915
12.0,7.0,24.0,0.3,0.1,0.8,4.0,903.0,0.0,0.0,0.24363233665559247
12.0,7.0,25.0,0.3,0.1,0.8,4.0,892.0,0.0,0.0,0.24439461883408073
12.0,7.0,26.0,0.3,0.1,0.8,4.0,837.0,0.0,0.0,0.25806451612903225
12.0,7.0,27.0,0.3,0.1,0.8,4.0,822.0,0.0,0.0,0.2591240875912409
12.0,7.0,28.0,0.3,0.1,0.8,4.0,809.0,0.0,0.0,0.26328800988875156
12.0,7.0,29.0,0.3,0.1,0.8,4.0,794.0,0.0,0.0,0.26574307304785894
12.0,7.0,30.0,0.3,0.1,0.8,4.0,776.0,0.0,0.0,0.2693298969072165
12.0,7.0,31.0,0.3,0.1,0.8,4.0,773.0,0.0,0.0,0.2690815006468305
12.0,7.0,32.0,0.3,0.1,0.8,4.0,742.0,0.0,0.0,0.2749326145552561
12.0,7.0,33.0,0.3,0.1,0.8,4.0,727.0,0.0,0.0,0.2764786795048143
12.0,7.0,34.0,0.3,0.1,0.8,4.0,718.0,0.0,0.0,0.2785515320334262
12.0,7.0,35.0,0.3,0.1,0.8,4.0,717.0,0.0,0.0,0.2775453277545328
12.0,7.0,36.0,0.3,0.1,0.8,4.0,716.0,0.0,0.0,0.276536312849162
12.0,7.0,37.0,0.3,0.1,0.8,4.0,714.0,0.0,0.0,0.2759103641456583
12.0,7.0,38.0,0.3,0.1,0.8,4.0,712.0,0.0,0.0,0.27668539325842695
12.0,7.0,39.0,0.3,0.1,0.8,4.0,711.0,0.0,0.0,0.2770745428973277
12.0,7.0,40.0,0.3,0.1,0.8,4.0,695.0,0.0,0.0,0.2762589928057554
12.0,7.0,41.0,0.3,0.1,0.8,4.0,696.0,0.0,0.0,0.27586206896551724
12.0,7.0,42.0,0.3,0.1,0.8,4.0,694.0,0.0,0.0,0.27521613832853026
12.0,7.0,43.0,0.3,0.1,0.8,4.0,682.0,0.0,0.0,0.2697947214076246
12.0,7.0,44.0,0.3,0.1,0.8,4.0,684.0,0.0,0.0,0.2675438596491228
12.0,7.0,45.0,0.3,0.1,0.8,4.0,659.0,0.0,0.0,0.4188163884673748
12.0,7.0,46.0,0.3,0.1,0.8,4.0,663.0,0.0,0.0,0.416289592760181
12.0,7.0,47.0,0.3,0.1,0.8,4.0,635.0,0.0,0.0,0.4188976377952756
12.0,7.0,48.0,0.3,0.1,0.8,4.0,636.0,0.0,0.0,0.42138364779874216
12.0,7.0,49.0,0.3,0.1,0.8,4.0,634.0,0.0,0.0,0.4195583596214511
12.0,7.0,50.0,0.3,0.1,0.8,4.0,631.0,0.0,0.0,0.4215530903328051
12.0,7.0,51.0,0.3,0.1,0.8,4.0,621.0,0.0,0.0,0.42351046698872785
12.0,7.0,52.0,0.3,0.1,0.8,4.0,622.0,0.0,0.0,0.4228295819935691
12.0,8.0,1.0,0.3,0.1,0.8,4.0,614.0,0.0,0.0,0.4250814332247557
12.0,8.0,2.0,0.3,0.1,0.8,4.0,613.0,0.0,0.0,0.42414355628058725
12.0,8.0,3.0,0.3,0.1,0.8,4.0,607.0,0.0,0.0,0.42833607907743
12.0,8.0,4.0,0.3,0.1,0.8,4.0,610.0,0.0,0.0,0.4245901639344262
12.0,8.0,5.0,0.3,0.1,0.8,4.0,607.0,0.0,0.0,0.42833607907743
12.0,8.0,6.0,0.3,0.1,0.8,4.0,609.0,0.0,0.0,0.42528735632183906
12.0,8.0,7.0,0.3,0.1,0.8,4.0,605.0,0.0,0.0,0.4297520661157025
12.0,8.0,8.0,0.3,0.1,0.8,4.0,606.0,0.0,0.0,0.42574257425742573
12.0,8.0,9.0,0.3,0.1,0.8,4.0,598.0,0.0,0.0,0.431438127090301
12.0,8.0,10.0,0.3,0.1,0.8,4.0,598.0,0.0,0.0,0.4280936454849498
12.0,8.0,11.0,0.3,0.1,0.8,4.0,594.0,0.0,0.0,0.43434343434343436
12.0,8.0,12.0,0.3,0.1,0.8,4.0,595.0,0.0,0.0,0.43025210084033616
12.0,8.0,13.0,0.3,0.1,0.8,4.0,592.0,0.0,0.0,0.4358108108108108
12.0,8.0,14.0,0.3,0.1,0.8,4.0,591.0,0.0,0.0,0.43316412859560066
12.0,8.0,15.0,0.3,0.1,0.8,4.0,590.0,0.0,0.0,0.43728813559322033
12.0,8.0,16.0,0.3,0.1,0.8,4.0,587.0,0.0,0.0,0.43270868824531517
12.0,8.0,17.0,0.3,0.1,0.8,4.0,586.0,0.0,0.0,0.43686006825938567
12.0,8.0,18.0,0.3,0.1,0.8,4.0,586.0,0.0,0.0,0.431740614334471
12.0,8.0,19.0,0.3,0.1,0.8,4.0,585.0,0.0,0.0,0.4358974358974359
12.0,8.0,20.0,0.3,0.1,0.8,4.0,1022.0,0.0,0.0,0.24755381604696672
12.0,8.0,21.0,0.3,0.1,0.8,4.0,1001.0,0.0,0.0,0.2517482517482518
12.0,8.0,22.0,0.3,0.1,0.8,4.0,993.0,0.0,0.0,0.2457200402819738
12.0,8.0,23.0,0.3,0.1,0.8,4.0,947.0,0.0,0.0,0.25131995776135163
12.0,8.0,24.0,0.3,0.1,0.8,4.0,944.0,0.0,0.0,0.2457627118644068
12.0,8.0,25.0,0.3,0.1,0.8,4.0,935.0,0.0,0.0,0.25026737967914436
12.0,8.0,26.0,0.3,0.1,0.8,4.0,863.0,0.0,0.0,0.25608342989571264
12.0,8.0,27.0,0.3,0.1,0.8,4.0,810.0,0.0,0.0,0.2654320987654321
12.0,8.0,28.0,0.3,0.1,0.8,4.0,820.0,0.0,0.0,0.26097560975609757
12.0,8.0,29.0,0.3,0.1,0.8,4.0,760.0,0.0,0.0,0.26973684210526316
12.0,8.0,30.0,0.3,0.1,0.8,4.0,771.0,0.0,0.0,0.26459143968871596
12.0,8.0,31.0,0.3,0.1,0.8,4.0,759.0,0.0,0.0,0.27009222661396576
12.0,8.0,32.0,0.3,0.1,0.8,4.0,755.0,0.0,0.0,0.26490066225165565
12.0,8.0,33.0,0.3,0.1,0.8,4.0,730.0,0.0,0.0,0.27123287671232876
12.0,8.0,34.0,0.3,0.1,0.8,4.0,712.0,0.0,0.0,0.26825842696629215
12.0,8.0,35.0,0.3,0.1,0.8,4.0,700.0,0.0,0.0,0.2742857142857143
12.0,8.0,36.0,0.3,0.1,0.8,4.0,712.0,0.0,0.0,0.26825842696629215
12.0,8.0,37.0,0.3,0.1,0.8,4.0,687.0,0.0,0.0,0.27365356622998543
12.0,8.0,38.0,0.3,0.1,0.8,4.0,683.0,0.0,0.0,0.27232796486090777
12.0,8.0,39.0,0.3,0.1,0.8,4.0,672.0,0.0,0.0,0.27827380952380953
12.0,8.0,40.0,0.3,0.1,0.8,4.0,681.0,0.0,0.0,0.27312775330396477
12.0,8.0,41.0,0.3,0.1,0.8,4.0,671.0,0.0,0.0,0.2786885245901639
12.0,8.0,42.0,0.3,0.1,0.8,4.0,680.0,0.0,0.0,0.27205882352941174
12.0,8.0,43.0,0.3,0.1,0.8,4.0,671.0,0.0,0.0,0.2786885245901639
12.0,8.0,44.0,0.3,0.1,0.8,4.0,657.0,0.0,0.0,0.2724505327245053
12.0,8.0,45.0,0.3,0.1,0.8,4.0,647.0,0.0,0.0,0.4528593508500773
12.0,8.0,46.0,0.3,0.1,0.8,4.0,657.0,0.0,0.0,0.4459665144596651
12.0,8.0,47.0,0.3,0.1,0.8,4.0,630.0,0.0,0.0,0.44603174603174606
12.0,8.0,48.0,0.3,0.1,0.8,4.0,640.0,0.0,0.0,0.4390625
12.0,8.0,49.0,0.3,0.1,0.8,4.0,630.0,0.0,0.0,0.44603174603174606
12.0,8.0,50.0,0.3,0.1,0.8,4.0,633.0,0.0,0.0,0.43759873617693523
12.0,8.0,51.0,0.3,0.1,0.8,4.0,623.0,0.0,0.0,0.4462279293739968
12.0,8.0,52.0,0.3,0.1,0.8,4.0,609.0,0.0,0.0,0.4433497536945813
12.0,9.0,1.0,0.3,0.1,0.8,4.0,604.0,0.0,0.0,0.44867549668874174
12.0,9.0,2.0,0.3,0.1,0.8,4.0,595.0,0.0,0.0,0.4504201680672269
12.0,9.0,3.0,0.3,0.1,0.8,4.0,589.0,0.0,0.0,0.4567062818336163
12.0,9.0,4.0,0.3,0.1,0.8,4.0,589.0,0.0,0.0,0.45161290322580644
12.0,9.0,5.0,0.3,0.1,0.8,4.0,583.0,0.0,0.0,0.45797598627787306
12.0,9.0,6.0,0.3,0.1,0.8,4.0,585.0,0.0,0.0,0.4547008547008547
12.0,9.0,7.0,0.3,0.1,0.8,4.0,580.0,0.0,0.0,0.4603448275862069
12.0,9.0,8.0,0.3,0.1,0.8,4.0,584.0,0.0,0.0,0.4554794520547945
12.0,9.0,9.0,0.3,0.1,0.8,4.0,576.0,0.0,0.0,0.4635416666666667
12.0,9.0,10.0,0.3,0.1,0.8,4.0,575.0,0.0,0.0,0.46260869565217394
12.0,9.0,11.0,0.3,0.1,0.8,4.0,565.0,0.0,0.0,0.47079646017699117
12.0,9.0,12.0,0.3,0.1,0.8,4.0,569.0,0.0,0.0,0.46572934973637964
12.0,9.0,13.0,0.3,0.1,0.8,4.0,565.0,0.0,0.0,0.47079646017699117
12.0,9.0,14.0,0.3,0.1,0.8,4.0,573.0,0.0,0.0,0.46596858638743455
12.0,9.0,15.0,0.3,0.1,0.8,4.0,566.0,0.0,0.0,0.4734982332155477
12.0,9.0,16.0,0.3,0.1,0.8,4.0,572.0,0.0,0.0,0.46678321678321677
12.0,9.0,17.0,0.3,0.1,0.8,4.0,565.0,0.0,0.0,0.4743362831858407
12.0,9.0,18.0,0.3,0.1,0.8,4.0,571.0,0.0,0.0,0.4658493870402802
12.0,9.0,19.0,0.3,0.1,0.8,4.0,565.0,0.0,0.0,0.4725663716814159
12.0,9.0,20.0,0.3,0.1,0.8,4.0,1005.0,0.0,0.0,0.2537313432835821
12.0,9.0,21.0,0.3,0.1,0.8,4.0,975.0,0.0,0.0,0.2635897435897436
12.0,9.0,22.0,0.3,0.1,0.8,4.0,981.0,0.0,0.0,0.2599388379204893
12.0,9.0,23.0,0.3,0.1,0.8,4.0,961.0,0.0,0.0,0.2663891779396462
12.0,9.0,24.0,0.3,0.1,0.8,4.0,926.0,0.0,0.0,0.26673866090712745
12.0,9.0,25.0,0.3,0.1,0.8,4.0,909.0,0.0,0.0,0.2717271727172717
12.0,9.0,26.0,0.3,0.1,0.8,4.0,884.0,0.0,0.0,0.27149321266968324
12.0,9.0,27.0,0.3,0.1,0.8,4.0,840.0,0.0,0.0,0.2761904761904762
12.0,9.0,28.0,0.3,0.1,0.8,4.0,834.0,0.0,0.0,0.2745803357314149
12.0,9.0,29.0,0.3,0.1,0.8,4.0,829.0,0.0,0.0,0.27864897466827504
12.0,9.0,30.0,0.3,0.1,0.8,4.0,834.0,0.0,0.0,0.2745803357314149
12.0,9.0,31.0,0.3,0.1,0.8,4.0,829.0,0.0,0.0,0.27864897466827504
12.0,9.0,32.0,0.3,0.1,0.8,4.0,821.0,0.0,0.0,0.27527405602923266
12.0,9.0,33.0,0.3,0.1,0.8,4.0,803.0,0.0,0.0,0.28019925280199254
12.0,9.0,34.0,0.3,0.1,0.8,4.0,787.0,0.0,0.0,0.2820838627700127
12.0,9.0,35.0,0.3,0.1,0.8,4.0,768.0,0.0,0.0,0.2890625
12.0,9.0,36.0,0.3,0.1,0.8,4.0,760.0,0.0,0.0,0.2868421052631579
12.0,9.0,37.0,0.3,0.1,0.8,4.0,742.0,0.0,0.0,0.28975741239892183
12.0,9.0,38.0,0.3,0.1,0.8,4.0,748.0,0.0,0.0,0.28609625668449196
12.0,9.0,39.0,0.3,0.1,0.8,4.0,743.0,0.0,0.0,0.29071332436069985
12.0,9.0,40.0,0.3,0.1,0.8,4.0,751.0,0.0,0.0,0.28495339547270304
12.0,9.0,41.0,0.3,0.1,0.8,4.0,734.0,0.0,0.0,0.2901907356948229
12.0,9.0,42.0,0.3,0.1,0.8,4.0,715.0,0.0,0.0,0.2867132867132867
12.0,9.0,43.0,0.3,0.1,0.8,4.0,709.0,0.0,0.0,0.29055007052186177
12.0,9.0,44.0,0.3,0.1,0.8,4.0,715.0,0.0,0.0,0.2867132867132867
12.0,9.0,45.0,0.3,0.1,0.8,4.0,709.0,0.0,0.0,0.4386459802538787
12.0,9.0,46.0,0.3,0.1,0.8,4.0,715.0,0.0,0.0,0.43356643356643354
12.0,9.0,47.0,0.3,0.1,0.8,4.0,709.0,0.0,0.0,0.4386459802538787
12.0,9.0,48.0,0.3,0.1,0.8,4.0,715.0,0.0,0.0,0.43356643356643354
12.0,9.0,49.0,0.3,0.1,0.8,4.0,708.0,0.0,0.0,0.4392655367231638
12.0,9.0,50.0,0.3,0.1,0.8,4.0,709.0,0.0,0.0,0.43723554301833567
12.0,9.0,51.0,0.3,0.1,0.8,4.0,696.0,0.0,0.0,0.4425287356321839
12.0,9.0,52.0,0.3,0.1,0.8,4.0,695.0,0.0,0.0,0.44316546762589926
12.0,10.0,1.0,0.3,0.1,0.8,4.0,642.0,0.0,0.0,0.4439252336448598
12.0,10.0,2.0,0.3,0.1,0.8,4.0,643.0,0.0,0.0,0.4416796267496112
12.0,10.0,3.0,0.3,0.1,0.8,4.0,641.0,0.0,0.0,0.44305772230889234
12.0,10.0,4.0,0.3,0.1,0.8,4.0,634.0,0.0,0.0,0.44637223974763407
12.0,10.0,5.0,0.3,0.1,0.8,4.0,631.0,0.0,0.0,0.44532488114104596
12.0,10.0,6.0,0.3,0.1,0.8,4.0,630.0,0.0,0.0,0.44761904761904764
12.0,10.0,7.0,0.3,0.1,0.8,4.0,629.0,0.0,0.0,0.4467408585055644
12.0,10.0,8.0,0.3,0.1,0.8,4.0,628.0,0.0,0.0,0.44904458598726116
12.0,10.0,9.0,0.3,0.1,0.8,4.0,622.0,0.0,0.0,0.45016077170418006
12.0,10.0,10.0,0.3,0.1,0.8,4.0,612.0,0.0,0.0,0.4591503267973856
12.0,10.0,11.0,0.3,0.1,0.8,4.0,609.0,0.0,0.0,0.45648604269293924
12.0,10.0,12.0,0.3,0.1,0.8,4.0,604.0,0.0,0.0,0.46192052980132453
12.0,10.0,13.0,0.3,0.1,0.8,4.0,605.0,0.0,0.0,0.4578512396694215
12.0,10.0,14.0,0.3,0.1,0.8,4.0,602.0,0.0,0.0,0.4634551495016611
12.0,10.0,15.0,0.3,0.1,0.8,4.0,608.0,0.0,0.0,0.45723684210526316
12.0,10.0,16.0,0.3,0.1,0.8,4.0,605.0,0.0,0.0,0.46115702479338844
12.0,10.0,17.0,0.3,0.1,0.8,4.0,608.0,0.0,0.0,0.45723684210526316
12.0,10.0,18.0,0.3,0.1,0.8,4.0,604.0,0.0,0.0,0.46192052980132453
12.0,10.0,19.0,0.3,0.1,0.8,4.0,606.0,0.0,0.0,0.45874587458745875
12.0,10.0,20.0,0.3,0.1,0.8,4.0,1135.0,0.0,0.0,0.226431718061674
12.0,10.0,21.0,0.3,0.1,0.8,4.0,1111.0,0.0,0.0,0.2295229522952295
12.0,10.0,22.0,0.3,0.1,0.8,4.0,1052.0,0.0,0.0,0.23479087452471484
12.0,10.0,23.0,0.3,0.1,0.8,4.0,1009.0,0.0,0.0,0.23885034687809711
12.0,10.0,24.0,0.3,0.1,0.8,4.0,1011.0,0.0,0.0,0.23936696340257171
12.0,10.0,25.0,0.3,0.1,0.8,4.0,1010.0,0.0,0.0,0.2386138613861386
12.0,10.0,26.0,0.3,0.1,0.8,4.0,1012.0,0.0,0.0,0.2391304347826087
12.0,10.0,27.0,0.3,0.1,0.8,4.0,993.0,0.0,0.0,0.23967774420946628
12.0,10.0,28.0,0.3,0.1,0.8,4.0,955.0,0.0,0.0,0.2418848167539267
12.0,10.0,29.0,0.3,0.1,0.8,4.0,938.0,0.0,0.0,0.24307036247334754
12.0,10.0,30.0,0.3,0.1,0.8,4.0,925.0,0.0,0.0,0.24324324324324326
12.0,10.0,31.0,0.3,0.1,0.8,4.0,907.0,0.0,0.0,0.24255788313120177
12.0,10.0,32.0,0.3,0.1,0.8,4.0,909.0,0.0,0.0,0.24312431243124313
12.0,10.0,33.0,0.3,0.1,0.8,4.0,886.0,0.0,0.0,0.24266365688487584
12.0,10.0,34.0,0.3,0.1,0.8,4.0,873.0,0.0,0.0,0.24513172966781213
12.0,10.0,35.0,0.3,0.1,0.8,4.0,871.0,0.0,0.0,0.24454649827784156
12.0,10.0,36.0,0.3,0.1,0.8,4.0,850.0,0.0,0.0,0.24352941176470588
12.0,10.0,37.0,0.3,0.1,0.8,4.0,836.0,0.0,0.0,0.2452153110047847
12.0,10.0,38.0,0.3,0.1,0.8,4.0,826.0,0.0,0.0,0.2469733656174334
12.0,10.0,39.0,0.3,0.1,0.8,4.0,773.0,0.0,0.0,0.24967658473479948
12.0,10.0,40.0,0.3,0.1,0.8,4.0,747.0,0.0,0.0,0.25167336010709507
12.0,10.0,41.0,0.3,0.1,0.8,4.0,745.0,0.0,0.0,0.25100671140939596
12.0,10.0,42.0,0.3,0.1,0.8,4.0,747.0,0.0,0.0,0.25167336010709507
12.0,10.0,43.0,0.3,0.1,0.8,4.0,745.0,0.0,0.0,0.25100671140939596
12.0,10.0,44.0,0.3,0.1,0.8,4.0,747.0,0.0,0.0,0.25167336010709507
12.0,10.0,45.0,0.3,0.1,0.8,4.0,744.0,0.0,0.0,0.3924731182795699
12.0,10.0,46.0,0.3,0.1,0.8,4.0,706.0,0.0,0.0,0.3951841359773371
12.0,10.0,47.0,0.3,0.1,0.8,4.0,704.0,0.0,0.0,0.3977272727272727
12.0,10.0,48.0,0.3,0.1,0.8,4.0,706.0,0.0,0.0,0.3951841359773371
12.0,10.0,49.0,0.3,0.1,0.8,4.0,680.0,0.0,0.0,0.4
12.0,10.0,50.0,0.3,0.1,0.8,4.0,675.0,0.0,0.0,0.4014814814814815
12.0,10.0,51.0,0.3,0.1,0.8,4.0,672.0,0.0,0.0,0.40476190476190477
12.0,10.0,52.0,0.3,0.1,0.8,4.0,667.0,0.0,0.0,0.4077961019490255
13.0,1.0,1.0,0.3,0.1,0.8,4.0,5009.0,45.0,6.0,0.2916749850269515
13.0,1.0,2.0,0.3,0.1,0.8,4.0,4957.0,49.0,16.0,0.2909017550938067
13.0,1.0,3.0,0.3,0.1,0.8,4.0,4921.0,58.0,29.0,0.29242023978866083
13.0,1.0,4.0,0.3,0.1,0.8,4.0,4871.0,67.0,32.0,0.2954218846232806
13.0,1.0,5.0,0.3,0.1,0.8,4.0,4901.0,73.0,33.0,0.2954499081820037
13.0,1.0,6.0,0.3,0.1,0.8,4.0,4793.0,73.0,33.0,0.29709993740872104
13.0,1.0,7.0,0.3,0.1,0.8,4.0,4657.0,81.0,33.0,0.2967575692505905
13.0,1.0,8.0,0.3,0.1,0.8,4.0,4520.0,84.0,35.0,0.29889380530973453
13.0,1.0,9.0,0.3,0.1,0.8,4.0,4397.0,99.0,38.0,0.3011143961792131
13.0,1.0,10.0,0.3,0.1,0.8,4.0,4266.0,101.0,38.0,0.30215658696671355
13.0,1.0,11.0,0.3,0.1,0.8,4.0,4148.0,104.0,48.0,0.30303760848601735
13.0,1.0,12.0,0.3,0.1,0.8,4.0,4040.0,109.0,54.0,0.30198019801980197
13.0,1.0,13.0,0.3,0.1,0.8,4.0,3944.0,111.0,53.0,0.30476673427991885
13.0,1.0,14.0,0.3,0.1,0.8,4.0,3802.0,113.0,46.0,0.30220936349289845
13.0,1.0,15.0,0.3,0.1,0.8,4.0,3708.0,119.0,46.0,0.3028586839266451
13.0,1.0,16.0,0.3,0.1,0.8,4.0,3592.0,121.0,53.0,0.3040089086859688
13.0,1.0,17.0,0.3,0.1,0.8,4.0,3510.0,127.0,61.0,0.3071225071225071
13.0,1.0,18.0,0.3,0.1,0.8,4.0,3438.0,122.0,63.0,0.30831878999418266
13.0,1.0,19.0,0.3,0.1,0.8,4.0,3337.0,122.0,63.0,0.31045849565477973
13.0,1.0,20.0,0.3,0.1,0.8,4.0,6084.0,125.0,58.0,0.1663379355687048
13.0,1.0,21.0,0.3,0.1,0.8,4.0,5711.0,172.0,62.0,0.16967256172299072
13.0,1.0,22.0,0.3,0.1,0.8,4.0,5412.0,189.0,59.0,0.1696230598669623
13.0,1.0,23.0,0.3,0.1,0.8,4.0,5241.0,212.0,83.0,0.17229536348025187
13.0,1.0,24.0,0.3,0.1,0.8,4.0,4962.0,243.0,94.0,0.17553405884723902
13.0,1.0,25.0,0.3,0.1,0.8,4.0,4767.0,294.0,115.0,0.17663100482483743
13.0,1.0,26.0,0.3,0.1,0.8,4.0,4529.0,285.0,111.0,0.17950982556855818
13.0,1.0,27.0,0.3,0.1,0.8,4.0,4290.0,300.0,131.0,0.18298368298368298
13.0,1.0,28.0,0.3,0.1,0.8,4.0,4097.0,312.0,136.0,0.18574566756163047
13.0,1.0,29.0,0.3,0.1,0.8,4.0,3898.0,322.0,142.0,0.18907131862493587
13.0,1.0,30.0,0.3,0.1,0.8,4.0,3709.0,336.0,140.0,0.1946616338635751
13.0,1.0,31.0,0.3,0.1,0.8,4.0,3579.0,351.0,149.0,0.19837943559653534
13.0,1.0,32.0,0.3,0.1,0.8,4.0,3450.0,363.0,164.0,0.20347826086956522
13.0,1.0,33.0,0.3,0.1,0.8,4.0,3311.0,364.0,176.0,0.2077922077922078
13.0,1.0,34.0,0.3,0.1,0.8,4.0,3181.0,361.0,164.0,0.21314052184847532
13.0,1.0,35.0,0.3,0.1,0.8,4.0,3072.0,363.0,157.0,0.216796875
13.0,1.0,36.0,0.3,0.1,0.8,4.0,2909.0,324.0,138.0,0.22653832932279133
13.0,1.0,37.0,0.3,0.1,0.8,4.0,2799.0,335.0,157.0,0.2300821722043587
13.0,1.0,38.0,0.3,0.1,0.8,4.0,2670.0,313.0,161.0,0.23857677902621724
13.0,1.0,39.0,0.3,0.1,0.8,4.0,2568.0,293.0,156.0,0.24493769470404986
13.0,1.0,40.0,0.3,0.1,0.8,4.0,2449.0,268.0,133.0,0.25398121682319313
13.0,1.0,41.0,0.3,0.1,0.8,4.0,2356.0,266.0,111.0,0.2614601018675722
13.0,1.0,42.0,0.3,0.1,0.8,4.0,2252.0,239.0,119.0,0.27042628774422733
13.0,1.0,43.0,0.3,0.1,0.8,4.0,2182.0,222.0,116.0,0.2745187901008249
13.0,1.0,44.0,0.3,0.1,0.8,4.0,2074.0,200.0,113.0,0.28013500482160075
13.0,1.0,45.0,0.3,0.1,0.8,4.0,1983.0,173.0,87.0,0.4533535047907211
13.0,1.0,46.0,0.3,0.1,0.8,4.0,1906.0,170.0,81.0,0.45697796432318993
13.0,1.0,47.0,0.3,0.1,0.8,4.0,1857.0,156.0,74.0,0.46257404415724285
13.0,1.0,48.0,0.3,0.1,0.8,4.0,1791.0,148.0,77.0,0.46733668341708545
13.0,1.0,49.0,0.3,0.1,0.8,4.0,1699.0,126.0,72.0,0.48087110064743965
13.0,1.0,50.0,0.3,0.1,0.8,4.0,1656.0,119.0,67.0,0.483695652173913
13.0,1.0,51.0,0.3,0.1,0.8,4.0,1618.0,108.0,62.0,0.48763906056860323
13.0,1.0,52.0,0.3,0.1,0.8,4.0,1576.0,90.0,53.0,0.49428934010152287
13.0,2.0,1.0,0.3,0.1,0.8,4.0,1524.0,76.0,53.0,0.49934383202099736
13.0,2.0,2.0,0.3,0.1,0.8,4.0,1476.0,67.0,42.0,0.5094850948509485
13.0,2.0,3.0,0.3,0.1,0.8,4.0,1449.0,60.0,36.0,0.5162180814354728
13.0,2.0,4.0,0.3,0.1,0.8,4.0,1414.0,53.0,31.0,0.5247524752475248
13.0,2.0,5.0,0.3,0.1,0.8,4.0,1390.0,47.0,24.0,0.5266187050359712
13.0,2.0,6.0,0.3,0.1,0.8,4.0,1372.0,41.0,21.0,0.532069970845481
13.0,2.0,7.0,0.3,0.1,0.8,4.0,1350.0,30.0,13.0,0.5370370370370371
13.0,2.0,8.0,0.3,0.1,0.8,4.0,1330.0,29.0,15.0,0.5383458646616541
13.0,2.0,9.0,0.3,0.1,0.8,4.0,1319.0,25.0,19.0,0.5405610310841547
13.0,2.0,10.0,0.3,0.1,0.8,4.0,1299.0,20.0,15.0,0.5450346420323325
13.0,2.0,11.0,0.3,0.1,0.8,4.0,1285.0,20.0,12.0,0.5431906614785992
13.0,2.0,12.0,0.3,0.1,0.8,4.0,1256.0,15.0,7.0,0.5493630573248408
13.0,2.0,13.0,0.3,0.1,0.8,4.0,1251.0,16.0,9.0,0.5491606714628298
13.0,2.0,14.0,0.3,0.1,0.8,4.0,1231.0,14.0,8.0,0.5507717303005687
13.0,2.0,15.0,0.3,0.1,0.8,4.0,1221.0,13.0,8.0,0.5503685503685504
13.0,2.0,16.0,0.3,0.1,0.8,4.0,1209.0,11.0,7.0,0.5525227460711332
13.0,2.0,17.0,0.3,0.1,0.8,4.0,1202.0,12.0,9.0,0.5499168053244592
13.0,2.0,18.0,0.3,0.1,0.8,4.0,1173.0,10.0,5.0,0.5498721227621484
13.0,2.0,19.0,0.3,0.1,0.8,4.0,1162.0,9.0,3.0,0.5473321858864028
13.0,2.0,20.0,0.3,0.1,0.8,4.0,2075.0,8.0,2.0,0.30698795180722893
13.0,2.0,21.0,0.3,0.1,0.8,4.0,1972.0,8.0,3.0,0.31237322515212984
13.0,2.0,22.0,0.3,0.1,0.8,4.0,1902.0,10.0,6.0,0.3107255520504732
13.0,2.0,23.0,0.3,0.1,0.8,4.0,1884.0,12.0,6.0,0.31263269639065816
13.0,2.0,24.0,0.3,0.1,0.8,4.0,1817.0,12.0,9.0,0.3120528343423225
13.0,2.0,25.0,0.3,0.1,0.8,4.0,1802.0,12.0,7.0,0.31243063263041065
13.0,2.0,26.0,0.3,0.1,0.8,4.0,1761.0,13.0,6.0,0.3140261215218626
13.0,2.0,27.0,0.3,0.1,0.8,4.0,1719.0,11.0,2.0,0.31413612565445026
13.0,2.0,28.0,0.3,0.1,0.8,4.0,1673.0,11.0,7.0,0.31560071727435746
13.0,2.0,29.0,0.3,0.1,0.8,4.0,1676.0,10.0,7.0,0.3156324582338902
13.0,2.0,30.0,0.3,0.1,0.8,4.0,1621.0,12.0,8.0,0.31400370141887723
13.0,2.0,31.0,0.3,0.1,0.8,4.0,1578.0,8.0,3.0,0.31685678073510776
13.0,2.0,32.0,0.3,0.1,0.8,4.0,1533.0,8.0,4.0,0.3202870189171559
13.0,2.0,33.0,0.3,0.1,0.8,4.0,1512.0,9.0,3.0,0.3187830687830688
13.0,2.0,34.0,0.3,0.1,0.8,4.0,1461.0,9.0,4.0,0.3196440793976728
13.0,2.0,35.0,0.3,0.1,0.8,4.0,1441.0,7.0,3.0,0.3199167244968772
13.0,2.0,36.0,0.3,0.1,0.8,4.0,1413.0,2.0,1.0,0.31634819532908703
13.0,2.0,37.0,0.3,0.1,0.8,4.0,1394.0,4.0,1.0,0.31420373027259685
13.0,2.0,38.0,0.3,0.1,0.8,4.0,1396.0,6.0,2.0,0.3123209169054441
13.0,2.0,39.0,0.3,0.1,0.8,4.0,1356.0,6.0,2.0,0.3089970501474926
13.0,2.0,40.0,0.3,0.1,0.8,4.0,1313.0,7.0,3.0,0.31073876618431073
13.0,2.0,41.0,0.3,0.1,0.8,4.0,1305.0,8.0,4.0,0.3088122605363985
13.0,2.0,42.0,0.3,0.1,0.8,4.0,1279.0,8.0,3.0,0.31118060985144647
13.0,2.0,43.0,0.3,0.1,0.8,4.0,1221.0,8.0,2.0,0.31203931203931207
13.0,2.0,44.0,0.3,0.1,0.8,4.0,1181.0,5.0,1.0,0.31583403895004236
13.0,2.0,45.0,0.3,0.1,0.8,4.0,1150.0,5.0,3.0,0.4678260869565217
13.0,2.0,46.0,0.3,0.1,0.8,4.0,1119.0,4.0,2.0,0.4718498659517426
13.0,2.0,47.0,0.3,0.1,0.8,4.0,1102.0,3.0,1.0,0.470961887477314
13.0,2.0,48.0,0.3,0.1,0.8,4.0,1033.0,2.0,1.0,0.4801548886737657
13.0,2.0,49.0,0.3,0.1,0.8,4.0,999.0,2.0,1.0,0.4744744744744745
13.0,2.0,50.0,0.3,0.1,0.8,4.0,987.0,2.0,2.0,0.47720364741641336
13.0,2.0,51.0,0.3,0.1,0.8,4.0,978.0,1.0,1.0,0.47443762781186094
13.0,2.0,52.0,0.3,0.1,0.8,4.0,971.0,0.0,0.0,0.4727085478887745
13.0,3.0,1.0,0.3,0.1,0.8,4.0,960.0,0.0,0.0,0.46875
13.0,3.0,2.0,0.3,0.1,0.8,4.0,957.0,0.0,0.0,0.46812957157784746
13.0,3.0,3.0,0.3,0.1,0.8,4.0,930.0,0.0,0.0,0.4666666666666667
13.0,3.0,4.0,0.3,0.1,0.8,4.0,925.0,0.0,0.0,0.4648648648648649
13.0,3.0,5.0,0.3,0.1,0.8,4.0,900.0,0.0,0.0,0.46444444444444444
13.0,3.0,6.0,0.3,0.1,0.8,4.0,883.0,0.0,0.0,0.464326160815402
13.0,3.0,7.0,0.3,0.1,0.8,4.0,871.0,0.0,0.0,0.4626865671641791
13.0,3.0,8.0,0.3,0.1,0.8,4.0,853.0,0.0,0.0,0.4642438452520516
13.0,3.0,9.0,0.3,0.1,0.8,4.0,841.0,0.0,0.0,0.4625445897740785
13.0,3.0,10.0,0.3,0.1,0.8,4.0,827.0,0.0,0.0,0.46795646916565903
13.0,3.0,11.0,0.3,0.1,0.8,4.0,818.0,0.0,0.0,0.46454767726161367
13.0,3.0,12.0,0.3,0.1,0.8,4.0,817.0,0.0,0.0,0.4663402692778458
13.0,3.0,13.0,0.3,0.1,0.8,4.0,806.0,0.0,0.0,0.46029776674937967
13.0,3.0,14.0,0.3,0.1,0.8,4.0,799.0,0.0,0.0,0.4668335419274093
13.0,3.0,15.0,0.3,0.1,0.8,4.0,787.0,0.0,0.0,0.46378653113087676
13.0,3.0,16.0,0.3,0.1,0.8,4.0,785.0,0.0,0.0,0.4662420382165605
13.0,3.0,17.0,0.3,0.1,0.8,4.0,764.0,0.0,0.0,0.4607329842931937
13.0,3.0,18.0,0.3,0.1,0.8,4.0,760.0,0.0,0.0,0.4631578947368421
13.0,3.0,19.0,0.3,0.1,0.8,4.0,752.0,0.0,0.0,0.4574468085106383
13.0,3.0,20.0,0.3,0.1,0.8,4.0,1323.0,0.0,0.0,0.25699168556311414
13.0,3.0,21.0,0.3,0.1,0.8,4.0,1303.0,0.0,0.0,0.2540291634689179
13.0,3.0,22.0,0.3,0.1,0.8,4.0,1218.0,0.0,0.0,0.25862068965517243
13.0,3.0,23.0,0.3,0.1,0.8,4.0,1213.0,0.0,0.0,0.25556471558120364
13.0,3.0,24.0,0.3,0.1,0.8,4.0,1186.0,0.0,0.0,0.260539629005059
13.0,3.0,25.0,0.3,0.1,0.8,4.0,1154.0,0.0,0.0,0.25909878682842286
13.0,3.0,26.0,0.3,0.1,0.8,4.0,1140.0,0.0,0.0,0.2649122807017544
13.0,3.0,27.0,0.3,0.1,0.8,4.0,1107.0,0.0,0.0,0.25564588979223124
13.0,3.0,28.0,0.3,0.1,0.8,4.0,1087.0,0.0,0.0,0.2594296228150874
13.0,3.0,29.0,0.3,0.1,0.8,4.0,1081.0,0.0,0.0,0.25809435707678074
13.0,3.0,30.0,0.3,0.1,0.8,4.0,1032.0,0.0,0.0,0.2606589147286822
13.0,3.0,31.0,0.3,0.1,0.8,4.0,1014.0,0.0,0.0,0.25542406311637084
13.0,3.0,32.0,0.3,0.1,0.8,4.0,991.0,0.0,0.0,0.25832492431886983
13.0,3.0,33.0,0.3,0.1,0.8,4.0,1004.0,0.0,0.0,0.25298804780876494
13.0,3.0,34.0,0.3,0.1,0.8,4.0,988.0,0.0,0.0,0.2560728744939271
13.0,3.0,35.0,0.3,0.1,0.8,4.0,991.0,0.0,0.0,0.25025227043390513
13.0,3.0,36.0,0.3,0.1,0.8,4.0,941.0,0.0,0.0,0.25717321997874604
13.0,3.0,37.0,0.3,0.1,0.8,4.0,921.0,0.0,0.0,0.254071661237785
13.0,3.0,38.0,0.3,0.1,0.8,4.0,893.0,0.0,0.0,0.2564389697648376
13.0,3.0,39.0,0.3,0.1,0.8,4.0,897.0,0.0,0.0,0.2530657748049052
13.0,3.0,40.0,0.3,0.1,0.8,4.0,829.0,0.0,0.0,0.26417370325693607
13.0,3.0,41.0,0.3,0.1,0.8,4.0,822.0,0.0,0.0,0.26277372262773724
13.0,3.0,42.0,0.3,0.1,0.8,4.0,809.0,0.0,0.0,0.2669962917181706
13.0,3.0,43.0,0.3,0.1,0.8,4.0,814.0,0.0,0.0,0.2628992628992629
13.0,3.0,44.0,0.3,0.1,0.8,4.0,796.0,0.0,0.0,0.2650753768844221
13.0,3.0,45.0,0.3,0.1,0.8,4.0,802.0,0.0,0.0,0.42019950124688277
13.0,3.0,46.0,0.3,0.1,0.8,4.0,784.0,0.0,0.0,0.42346938775510207
13.0,3.0,47.0,0.3,0.1,0.8,4.0,781.0,0.0,0.0,0.4199743918053777
13.0,3.0,48.0,0.3,0.1,0.8,4.0,743.0,0.0,0.0,0.42934051144010765
13.0,3.0,49.0,0.3,0.1,0.8,4.0,751.0,0.0,0.0,0.4247669773635153
13.0,3.0,50.0,0.3,0.1,0.8,4.0,734.0,0.0,0.0,0.4223433242506812
13.0,3.0,51.0,0.3,0.1,0.8,4.0,740.0,0.0,0.0,0.41486486486486485
13.0,3.0,52.0,0.3,0.1,0.8,4.0,729.0,0.0,0.0,0.41426611796982166
13.0,4.0,1.0,0.3,0.1,0.8,4.0,730.0,0.0,0.0,0.4095890410958904
13.0,4.0,2.0,0.3,0.1,0.8,4.0,722.0,0.0,0.0,0.4085872576177285
13.0,4.0,3.0,0.3,0.1,0.8,4.0,720.0,0.0,0.0,0.4111111111111111
13.0,4.0,4.0,0.3,0.1,0.8,4.0,710.0,0.0,0.0,0.4112676056338028
13.0,4.0,5.0,0.3,0.1,0.8,4.0,712.0,0.0,0.0,0.41151685393258425
13.0,4.0,6.0,0.3,0.1,0.8,4.0,703.0,0.0,0.0,0.40825035561877665
13.0,4.0,7.0,0.3,0.1,0.8,4.0,705.0,0.0,0.0,0.40709219858156026
13.0,4.0,8.0,0.3,0.1,0.8,4.0,697.0,0.0,0.0,0.40746054519368724
13.0,4.0,9.0,0.3,0.1,0.8,4.0,696.0,0.0,0.0,0.40804597701149425
13.0,4.0,10.0,0.3,0.1,0.8,4.0,686.0,0.0,0.0,0.4110787172011662
13.0,4.0,11.0,0.3,0.1,0.8,4.0,684.0,0.0,0.0,0.41228070175438597
13.0,4.0,12.0,0.3,0.1,0.8,4.0,678.0,0.0,0.0,0.41150442477876104
13.0,4.0,13.0,0.3,0.1,0.8,4.0,669.0,0.0,0.0,0.41853512705530643
13.0,4.0,14.0,0.3,0.1,0.8,4.0,660.0,0.0,0.0,0.41363636363636364
13.0,4.0,15.0,0.3,0.1,0.8,4.0,662.0,0.0,0.0,0.41540785498489424
13.0,4.0,16.0,0.3,0.1,0.8,4.0,655.0,0.0,0.0,0.416793893129771
13.0,4.0,17.0,0.3,0.1,0.8,4.0,656.0,0.0,0.0,0.4176829268292683
13.0,4.0,18.0,0.3,0.1,0.8,4.0,652.0,0.0,0.0,0.4171779141104294
13.0,4.0,19.0,0.3,0.1,0.8,4.0,642.0,0.0,0.0,0.4190031152647975
13.0,4.0,20.0,0.3,0.1,0.8,4.0,1127.0,0.0,0.0,0.23691215616681455
13.0,4.0,21.0,0.3,0.1,0.8,4.0,1092.0,0.0,0.0,0.23901098901098902
13.0,4.0,22.0,0.3,0.1,0.8,4.0,1065.0,0.0,0.0,0.23849765258215963
13.0,4.0,23.0,0.3,0.1,0.8,4.0,1061.0,0.0,0.0,0.23939679547596607
13.0,4.0,24.0,0.3,0.1,0.8,4.0,1026.0,0.0,0.0,0.24366471734892786
13.0,4.0,25.0,0.3,0.1,0.8,4.0,1031.0,0.0,0.0,0.24151309408341415
13.0,4.0,26.0,0.3,0.1,0.8,4.0,981.0,0.0,0.0,0.24566768603465852
13.0,4.0,27.0,0.3,0.1,0.8,4.0,977.0,0.0,0.0,0.24564994882292732
13.0,4.0,28.0,0.3,0.1,0.8,4.0,953.0,0.0,0.0,0.24868835257082897
13.0,4.0,29.0,0.3,0.1,0.8,4.0,945.0,0.0,0.0,0.24656084656084656
13.0,4.0,30.0,0.3,0.1,0.8,4.0,914.0,0.0,0.0,0.24835886214442013
13.0,4.0,31.0,0.3,0.1,0.8,4.0,910.0,0.0,0.0,0.24945054945054945
13.0,4.0,32.0,0.3,0.1,0.8,4.0,894.0,0.0,0.0,0.2494407158836689
13.0,4.0,33.0,0.3,0.1,0.8,4.0,862.0,0.0,0.0,0.2517401392111369
13.0,4.0,34.0,0.3,0.1,0.8,4.0,820.0,0.0,0.0,0.25609756097560976
13.0,4.0,35.0,0.3,0.1,0.8,4.0,779.0,0.0,0.0,0.2593068035943517
13.0,4.0,36.0,0.3,0.1,0.8,4.0,770.0,0.0,0.0,0.2623376623376623
13.0,4.0,37.0,0.3,0.1,0.8,4.0,760.0,0.0,0.0,0.26052631578947366
13.0,4.0,38.0,0.3,0.1,0.8,4.0,743.0,0.0,0.0,0.26379542395693134
13.0,4.0,39.0,0.3,0.1,0.8,4.0,741.0,0.0,0.0,0.2631578947368421
13.0,4.0,40.0,0.3,0.1,0.8,4.0,728.0,0.0,0.0,0.2664835164835165
13.0,4.0,41.0,0.3,0.1,0.8,4.0,706.0,0.0,0.0,0.26770538243626063
13.0,4.0,42.0,0.3,0.1,0.8,4.0,696.0,0.0,0.0,0.26436781609195403
13.0,4.0,43.0,0.3,0.1,0.8,4.0,696.0,0.0,0.0,0.2672413793103448
13.0,4.0,44.0,0.3,0.1,0.8,4.0,695.0,0.0,0.0,0.2647482014388489
13.0,4.0,45.0,0.3,0.1,0.8,4.0,693.0,0.0,0.0,0.4184704184704185
13.0,4.0,46.0,0.3,0.1,0.8,4.0,692.0,0.0,0.0,0.4147398843930636
13.0,4.0,47.0,0.3,0.1,0.8,4.0,692.0,0.0,0.0,0.41763005780346824
13.0,4.0,48.0,0.3,0.1,0.8,4.0,679.0,0.0,0.0,0.41237113402061853
13.0,4.0,49.0,0.3,0.1,0.8,4.0,660.0,0.0,0.0,0.4121212121212121
13.0,4.0,50.0,0.3,0.1,0.8,4.0,660.0,0.0,0.0,0.4075757575757576
13.0,4.0,51.0,0.3,0.1,0.8,4.0,657.0,0.0,0.0,0.4094368340943683
13.0,4.0,52.0,0.3,0.1,0.8,4.0,657.0,0.0,0.0,0.4063926940639269
13.0,5.0,1.0,0.3,0.1,0.8,4.0,656.0,0.0,0.0,0.40853658536585363
13.0,5.0,2.0,0.3,0.1,0.8,4.0,653.0,0.0,0.0,0.40428790199081166
13.0,5.0,3.0,0.3,0.1,0.8,4.0,649.0,0.0,0.0,0.4067796610169492
13.0,5.0,4.0,0.3,0.1,0.8,4.0,648.0,0.0,0.0,0.4027777777777778
13.0,5.0,5.0,0.3,0.1,0.8,4.0,647.0,0.0,0.0,0.40649149922720246
13.0,5.0,6.0,0.3,0.1,0.8,4.0,643.0,0.0,0.0,0.401244167962675
13.0,5.0,7.0,0.3,0.1,0.8,4.0,642.0,0.0,0.0,0.40498442367601245
13.0,5.0,8.0,0.3,0.1,0.8,4.0,639.0,0.0,0.0,0.40219092331768386
13.0,5.0,9.0,0.3,0.1,0.8,4.0,635.0,0.0,0.0,0.4031496062992126
13.0,5.0,10.0,0.3,0.1,0.8,4.0,634.0,0.0,0.0,0.3990536277602524
13.0,5.0,11.0,0.3,0.1,0.8,4.0,635.0,0.0,0.0,0.4031496062992126
13.0,5.0,12.0,0.3,0.1,0.8,4.0,631.0,0.0,0.0,0.3977812995245642
13.0,5.0,13.0,0.3,0.1,0.8,4.0,632.0,0.0,0.0,0.40189873417721517
13.0,5.0,14.0,0.3,0.1,0.8,4.0,628.0,0.0,0.0,0.3964968152866242
13.0,5.0,15.0,0.3,0.1,0.8,4.0,626.0,0.0,0.0,0.3993610223642173
13.0,5.0,16.0,0.3,0.1,0.8,4.0,622.0,0.0,0.0,0.39389067524115756
13.0,5.0,17.0,0.3,0.1,0.8,4.0,620.0,0.0,0.0,0.3967741935483871
13.0,5.0,18.0,0.3,0.1,0.8,4.0,607.0,0.0,0.0,0.3970345963756178
13.0,5.0,19.0,0.3,0.1,0.8,4.0,607.0,0.0,0.0,0.400329489291598
13.0,5.0,20.0,0.3,0.1,0.8,4.0,1082.0,0.0,0.0,0.2208872458410351
13.0,5.0,21.0,0.3,0.1,0.8,4.0,1074.0,0.0,0.0,0.22253258845437615
13.0,5.0,22.0,0.3,0.1,0.8,4.0,1027.0,0.0,0.0,0.22590068159688412
13.0,5.0,23.0,0.3,0.1,0.8,4.0,1013.0,0.0,0.0,0.22309970384995065
13.0,5.0,24.0,0.3,0.1,0.8,4.0,933.0,0.0,0.0,0.21864951768488747
13.0,5.0,25.0,0.3,0.1,0.8,4.0,895.0,0.0,0.0,0.2245810055865922
13.0,5.0,26.0,0.3,0.1,0.8,4.0,879.0,0.0,0.0,0.22184300341296928
13.0,5.0,27.0,0.3,0.1,0.8,4.0,804.0,0.0,0.0,0.22761194029850745
13.0,5.0,28.0,0.3,0.1,0.8,4.0,783.0,0.0,0.0,0.2260536398467433
13.0,5.0,29.0,0.3,0.1,0.8,4.0,753.0,0.0,0.0,0.23107569721115537
13.0,5.0,30.0,0.3,0.1,0.8,4.0,739.0,0.0,0.0,0.22868741542625168
13.0,5.0,31.0,0.3,0.1,0.8,4.0,726.0,0.0,0.0,0.22865013774104684
13.0,5.0,32.0,0.3,0.1,0.8,4.0,721.0,0.0,0.0,0.2274618585298197
13.0,5.0,33.0,0.3,0.1,0.8,4.0,715.0,0.0,0.0,0.22797202797202798
13.0,5.0,34.0,0.3,0.1,0.8,4.0,687.0,0.0,0.0,0.2314410480349345
13.0,5.0,35.0,0.3,0.1,0.8,4.0,686.0,0.0,0.0,0.23323615160349853
13.0,5.0,36.0,0.3,0.1,0.8,4.0,656.0,0.0,0.0,0.23323170731707318
13.0,5.0,37.0,0.3,0.1,0.8,4.0,634.0,0.0,0.0,0.23659305993690852
13.0,5.0,38.0,0.3,0.1,0.8,4.0,627.0,0.0,0.0,0.23444976076555024
13.0,5.0,39.0,0.3,0.1,0.8,4.0,601.0,0.0,0.0,0.23793677204658903
13.0,5.0,40.0,0.3,0.1,0.8,4.0,583.0,0.0,0.0,0.2367066895368782
13.0,5.0,41.0,0.3,0.1,0.8,4.0,581.0,0.0,0.0,0.23752151462994836
13.0,5.0,42.0,0.3,0.1,0.8,4.0,581.0,0.0,0.0,0.23752151462994836
13.0,5.0,43.0,0.3,0.1,0.8,4.0,570.0,0.0,0.0,0.24210526315789474
13.0,5.0,44.0,0.3,0.1,0.8,4.0,568.0,0.0,0.0,0.23943661971830985
13.0,5.0,45.0,0.3,0.1,0.8,4.0,553.0,0.0,0.0,0.38698010849909587
13.0,5.0,46.0,0.3,0.1,0.8,4.0,552.0,0.0,0.0,0.3858695652173913
13.0,5.0,47.0,0.3,0.1,0.8,4.0,550.0,0.0,0.0,0.38545454545454544
13.0,5.0,48.0,0.3,0.1,0.8,4.0,549.0,0.0,0.0,0.3843351548269581
13.0,5.0,49.0,0.3,0.1,0.8,4.0,547.0,0.0,0.0,0.3857404021937843
13.0,5.0,50.0,0.3,0.1,0.8,4.0,545.0,0.0,0.0,0.3834862385321101
13.0,5.0,51.0,0.3,0.1,0.8,4.0,545.0,0.0,0.0,0.3853211009174312
13.0,5.0,52.0,0.3,0.1,0.8,4.0,540.0,0.0,0.0,0.38333333333333336
13.0,6.0,1.0,0.3,0.1,0.8,4.0,527.0,0.0,0.0,0.3927893738140417
13.0,6.0,2.0,0.3,0.1,0.8,4.0,525.0,0.0,0.0,0.3923809523809524
13.0,6.0,3.0,0.3,0.1,0.8,4.0,523.0,0.0,0.0,0.3938814531548757
13.0,6.0,4.0,0.3,0.1,0.8,4.0,521.0,0.0,0.0,0.3934740882917466
13.0,6.0,5.0,0.3,0.1,0.8,4.0,520.0,0.0,0.0,0.39615384615384613
13.0,6.0,6.0,0.3,0.1,0.8,4.0,519.0,0.0,0.0,0.394990366088632
13.0,6.0,7.0,0.3,0.1,0.8,4.0,519.0,0.0,0.0,0.3969171483622351
13.0,6.0,8.0,0.3,0.1,0.8,4.0,518.0,0.0,0.0,0.3938223938223938
13.0,6.0,9.0,0.3,0.1,0.8,4.0,517.0,0.0,0.0,0.3965183752417795
13.0,6.0,10.0,0.3,0.1,0.8,4.0,505.0,0.0,0.0,0.39603960396039606
13.0,6.0,11.0,0.3,0.1,0.8,4.0,504.0,0.0,0.0,0.3968253968253968
13.0,6.0,12.0,0.3,0.1,0.8,4.0,493.0,0.0,0.0,0.3935091277890467
13.0,6.0,13.0,0.3,0.1,0.8,4.0,493.0,0.0,0.0,0.39553752535496955
13.0,6.0,14.0,0.3,0.1,0.8,4.0,491.0,0.0,0.0,0.39307535641547864
13.0,6.0,15.0,0.3,0.1,0.8,4.0,492.0,0.0,0.0,0.3943089430894309
13.0,6.0,16.0,0.3,0.1,0.8,4.0,490.0,0.0,0.0,0.39387755102040817
13.0,6.0,17.0,0.3,0.1,0.8,4.0,488.0,0.0,0.0,0.39344262295081966
13.0,6.0,18.0,0.3,0.1,0.8,4.0,488.0,0.0,0.0,0.39139344262295084
13.0,6.0,19.0,0.3,0.1,0.8,4.0,487.0,0.0,0.0,0.3921971252566735
13.0,6.0,20.0,0.3,0.1,0.8,4.0,880.0,0.0,0.0,0.2159090909090909
13.0,6.0,21.0,0.3,0.1,0.8,4.0,852.0,0.0,0.0,0.21713615023474178
13.0,6.0,22.0,0.3,0.1,0.8,4.0,848.0,0.0,0.0,0.21580188679245282
13.0,6.0,23.0,0.3,0.1,0.8,4.0,840.0,0.0,0.0,0.21666666666666667
13.0,6.0,24.0,0.3,0.1,0.8,4.0,819.0,0.0,0.0,0.21611721611721613
13.0,6.0,25.0,0.3,0.1,0.8,4.0,806.0,0.0,0.0,0.21712158808933002
13.0,6.0,26.0,0.3,0.1,0.8,4.0,800.0,0.0,0.0,0.2175
13.0,6.0,27.0,0.3,0.1,0.8,4.0,784.0,0.0,0.0,0.21683673469387754
13.0,6.0,28.0,0.3,0.1,0.8,4.0,780.0,0.0,0.0,0.2153846153846154
13.0,6.0,29.0,0.3,0.1,0.8,4.0,770.0,0.0,0.0,0.21948051948051947
13.0,6.0,30.0,0.3,0.1,0.8,4.0,764.0,0.0,0.0,0.2198952879581152
13.0,6.0,31.0,0.3,0.1,0.8,4.0,767.0,0.0,0.0,0.22033898305084745
13.0,6.0,32.0,0.3,0.1,0.8,4.0,734.0,0.0,0.0,0.22479564032697547
13.0,6.0,33.0,0.3,0.1,0.8,4.0,723.0,0.0,0.0,0.22406639004149378
13.0,6.0,34.0,0.3,0.1,0.8,4.0,706.0,0.0,0.0,0.22237960339943344
13.0,6.0,35.0,0.3,0.1,0.8,4.0,692.0,0.0,0.0,0.22254335260115607
13.0,6.0,36.0,0.3,0.1,0.8,4.0,670.0,0.0,0.0,0.22238805970149253
13.0,6.0,37.0,0.3,0.1,0.8,4.0,672.0,0.0,0.0,0.22172619047619047
13.0,6.0,38.0,0.3,0.1,0.8,4.0,642.0,0.0,0.0,0.21962616822429906
13.0,6.0,39.0,0.3,0.1,0.8,4.0,645.0,0.0,0.0,0.22015503875968992
13.0,6.0,40.0,0.3,0.1,0.8,4.0,635.0,0.0,0.0,0.2188976377952756
13.0,6.0,41.0,0.3,0.1,0.8,4.0,624.0,0.0,0.0,0.22435897435897437
13.0,6.0,42.0,0.3,0.1,0.8,4.0,607.0,0.0,0.0,0.2257001647446458
13.0,6.0,43.0,0.3,0.1,0.8,4.0,608.0,0.0,0.0,0.22697368421052633
13.0,6.0,44.0,0.3,0.1,0.8,4.0,589.0,0.0,0.0,0.23259762308998302
13.0,6.0,45.0,0.3,0.1,0.8,4.0,589.0,0.0,0.0,0.3938879456706282
13.0,6.0,46.0,0.3,0.1,0.8,4.0,582.0,0.0,0.0,0.39347079037800686
13.0,6.0,47.0,0.3,0.1,0.8,4.0,581.0,0.0,0.0,0.39414802065404475
13.0,6.0,48.0,0.3,0.1,0.8,4.0,582.0,0.0,0.0,0.39347079037800686
13.0,6.0,49.0,0.3,0.1,0.8,4.0,573.0,0.0,0.0,0.3944153577661431
13.0,6.0,50.0,0.3,0.1,0.8,4.0,573.0,0.0,0.0,0.3961605584642234
13.0,6.0,51.0,0.3,0.1,0.8,4.0,558.0,0.0,0.0,0.3924731182795699
13.0,6.0,52.0,0.3,0.1,0.8,4.0,555.0,0.0,0.0,0.390990990990991
13.0,7.0,1.0,0.3,0.1,0.8,4.0,550.0,0.0,0.0,0.3927272727272727
13.0,7.0,2.0,0.3,0.1,0.8,4.0,546.0,0.0,0.0,0.39194139194139194
13.0,7.0,3.0,0.3,0.1,0.8,4.0,543.0,0.0,0.0,0.39226519337016574
13.0,7.0,4.0,0.3,0.1,0.8,4.0,542.0,0.0,0.0,0.39114391143911437
13.0,7.0,5.0,0.3,0.1,0.8,4.0,539.0,0.0,0.0,0.38961038961038963
13.0,7.0,6.0,0.3,0.1,0.8,4.0,537.0,0.0,0.0,0.38733705772811916
13.0,7.0,7.0,0.3,0.1,0.8,4.0,534.0,0.0,0.0,0.3857677902621723
13.0,7.0,8.0,0.3,0.1,0.8,4.0,533.0,0.0,0.0,0.38649155722326456
13.0,7.0,9.0,0.3,0.1,0.8,4.0,529.0,0.0,0.0,0.387523629489603
13.0,7.0,10.0,0.3,0.1,0.8,4.0,529.0,0.0,0.0,0.3856332703213611
13.0,7.0,11.0,0.3,0.1,0.8,4.0,524.0,0.0,0.0,0.38740458015267176
13.0,7.0,12.0,0.3,0.1,0.8,4.0,525.0,0.0,0.0,0.38666666666666666
13.0,7.0,13.0,0.3,0.1,0.8,4.0,513.0,0.0,0.0,0.3898635477582846
13.0,7.0,14.0,0.3,0.1,0.8,4.0,514.0,0.0,0.0,0.38910505836575876
13.0,7.0,15.0,0.3,0.1,0.8,4.0,511.0,0.0,0.0,0.38747553816046965
13.0,7.0,16.0,0.3,0.1,0.8,4.0,511.0,0.0,0.0,0.38551859099804303
13.0,7.0,17.0,0.3,0.1,0.8,4.0,510.0,0.0,0.0,0.3862745098039216
13.0,7.0,18.0,0.3,0.1,0.8,4.0,497.0,0.0,0.0,0.3903420523138833
13.0,7.0,19.0,0.3,0.1,0.8,4.0,484.0,0.0,0.0,0.3925619834710744
13.0,7.0,20.0,0.3,0.1,0.8,4.0,908.0,0.0,0.0,0.2092511013215859
13.0,7.0,21.0,0.3,0.1,0.8,4.0,888.0,0.0,0.0,0.20608108108108109
13.0,7.0,22.0,0.3,0.1,0.8,4.0,847.0,0.0,0.0,0.21133412042502953
13.0,7.0,23.0,0.3,0.1,0.8,4.0,846.0,0.0,0.0,0.2115839243498818
13.0,7.0,24.0,0.3,0.1,0.8,4.0,834.0,0.0,0.0,0.21103117505995203
13.0,7.0,25.0,0.3,0.1,0.8,4.0,819.0,0.0,0.0,0.21123321123321123
13.0,7.0,26.0,0.3,0.1,0.8,4.0,804.0,0.0,0.0,0.208955223880597
13.0,7.0,27.0,0.3,0.1,0.8,4.0,776.0,0.0,0.0,0.20876288659793815
13.0,7.0,28.0,0.3,0.1,0.8,4.0,763.0,0.0,0.0,0.20969855832241152
13.0,7.0,29.0,0.3,0.1,0.8,4.0,762.0,0.0,0.0,0.2099737532808399
13.0,7.0,30.0,0.3,0.1,0.8,4.0,761.0,0.0,0.0,0.20893561103810776
13.0,7.0,31.0,0.3,0.1,0.8,4.0,761.0,0.0,0.0,0.20893561103810776
13.0,7.0,32.0,0.3,0.1,0.8,4.0,761.0,0.0,0.0,0.20893561103810776
13.0,7.0,33.0,0.3,0.1,0.8,4.0,746.0,0.0,0.0,0.21045576407506703
13.0,7.0,34.0,0.3,0.1,0.8,4.0,718.0,0.0,0.0,0.21309192200557103
13.0,7.0,35.0,0.3,0.1,0.8,4.0,694.0,0.0,0.0,0.21757925072046108
13.0,7.0,36.0,0.3,0.1,0.8,4.0,658.0,0.0,0.0,0.22036474164133737
13.0,7.0,37.0,0.3,0.1,0.8,4.0,647.0,0.0,0.0,0.21947449768160743
13.0,7.0,38.0,0.3,0.1,0.8,4.0,647.0,0.0,0.0,0.21947449768160743
13.0,7.0,39.0,0.3,0.1,0.8,4.0,647.0,0.0,0.0,0.21947449768160743
13.0,7.0,40.0,0.3,0.1,0.8,4.0,634.0,0.0,0.0,0.22082018927444794
13.0,7.0,41.0,0.3,0.1,0.8,4.0,621.0,0.0,0.0,0.22061191626409019
13.0,7.0,42.0,0.3,0.1,0.8,4.0,608.0,0.0,0.0,0.22039473684210525
13.0,7.0,43.0,0.3,0.1,0.8,4.0,596.0,0.0,0.0,0.2197986577181208
13.0,7.0,44.0,0.3,0.1,0.8,4.0,595.0,0.0,0.0,0.22016806722689075
13.0,7.0,45.0,0.3,0.1,0.8,4.0,595.0,0.0,0.0,0.3630252100840336
13.0,7.0,46.0,0.3,0.1,0.8,4.0,559.0,0.0,0.0,0.3774597495527728
13.0,7.0,47.0,0.3,0.1,0.8,4.0,559.0,0.0,0.0,0.3774597495527728
13.0,7.0,48.0,0.3,0.1,0.8,4.0,554.0,0.0,0.0,0.38086642599277976
13.0,7.0,49.0,0.3,0.1,0.8,4.0,554.0,0.0,0.0,0.38086642599277976
13.0,7.0,50.0,0.3,0.1,0.8,4.0,553.0,0.0,0.0,0.379746835443038
13.0,7.0,51.0,0.3,0.1,0.8,4.0,553.0,0.0,0.0,0.379746835443038
13.0,7.0,52.0,0.3,0.1,0.8,4.0,553.0,0.0,0.0,0.379746835443038
13.0,8.0,1.0,0.3,0.1,0.8,4.0,553.0,0.0,0.0,0.379746835443038
13.0,8.0,2.0,0.3,0.1,0.8,4.0,552.0,0.0,0.0,0.3804347826086957
13.0,8.0,3.0,0.3,0.1,0.8,4.0,552.0,0.0,0.0,0.3804347826086957
13.0,8.0,4.0,0.3,0.1,0.8,4.0,552.0,0.0,0.0,0.3804347826086957
13.0,8.0,5.0,0.3,0.1,0.8,4.0,552.0,0.0,0.0,0.3804347826086957
13.0,8.0,6.0,0.3,0.1,0.8,4.0,550.0,0.0,0.0,0.38
13.0,8.0,7.0,0.3,0.1,0.8,4.0,550.0,0.0,0.0,0.38
13.0,8.0,8.0,0.3,0.1,0.8,4.0,549.0,0.0,0.0,0.3806921675774135
13.0,8.0,9.0,0.3,0.1,0.8,4.0,549.0,0.0,0.0,0.3806921675774135
13.0,8.0,10.0,0.3,0.1,0.8,4.0,549.0,0.0,0.0,0.3806921675774135
13.0,8.0,11.0,0.3,0.1,0.8,4.0,536.0,0.0,0.0,0.38619402985074625
13.0,8.0,12.0,0.3,0.1,0.8,4.0,536.0,0.0,0.0,0.38619402985074625
13.0,8.0,13.0,0.3,0.1,0.8,4.0,535.0,0.0,0.0,0.38691588785046727
13.0,8.0,14.0,0.3,0.1,0.8,4.0,535.0,0.0,0.0,0.38691588785046727
13.0,8.0,15.0,0.3,0.1,0.8,4.0,534.0,0.0,0.0,0.3857677902621723
13.0,8.0,16.0,0.3,0.1,0.8,4.0,533.0,0.0,0.0,0.38461538461538464
13.0,8.0,17.0,0.3,0.1,0.8,4.0,533.0,0.0,0.0,0.38461538461538464
13.0,8.0,18.0,0.3,0.1,0.8,4.0,519.0,0.0,0.0,0.3872832369942196
13.0,8.0,19.0,0.3,0.1,0.8,4.0,518.0,0.0,0.0,0.38803088803088803
13.0,8.0,20.0,0.3,0.1,0.8,4.0,942.0,0.0,0.0,0.21337579617834396
13.0,8.0,21.0,0.3,0.1,0.8,4.0,906.0,0.0,0.0,0.2152317880794702
13.0,8.0,22.0,0.3,0.1,0.8,4.0,906.0,0.0,0.0,0.2152317880794702
13.0,8.0,23.0,0.3,0.1,0.8,4.0,864.0,0.0,0.0,0.22569444444444445
13.0,8.0,24.0,0.3,0.1,0.8,4.0,851.0,0.0,0.0,0.22796709753231492
13.0,8.0,25.0,0.3,0.1,0.8,4.0,840.0,0.0,0.0,0.22976190476190475
13.0,8.0,26.0,0.3,0.1,0.8,4.0,827.0,0.0,0.0,0.22853688029020555
13.0,8.0,27.0,0.3,0.1,0.8,4.0,816.0,0.0,0.0,0.23039215686274508
13.0,8.0,28.0,0.3,0.1,0.8,4.0,804.0,0.0,0.0,0.23134328358208955
13.0,8.0,29.0,0.3,0.1,0.8,4.0,784.0,0.0,0.0,0.23596938775510204
13.0,8.0,30.0,0.3,0.1,0.8,4.0,759.0,0.0,0.0,0.24110671936758893
13.0,8.0,31.0,0.3,0.1,0.8,4.0,759.0,0.0,0.0,0.24110671936758893
13.0,8.0,32.0,0.3,0.1,0.8,4.0,736.0,0.0,0.0,0.24592391304347827
13.0,8.0,33.0,0.3,0.1,0.8,4.0,736.0,0.0,0.0,0.24592391304347827
13.0,8.0,34.0,0.3,0.1,0.8,4.0,736.0,0.0,0.0,0.24592391304347827
13.0,8.0,35.0,0.3,0.1,0.8,4.0,719.0,0.0,0.0,0.25034770514603616
13.0,8.0,36.0,0.3,0.1,0.8,4.0,718.0,0.0,0.0,0.25069637883008355
13.0,8.0,37.0,0.3,0.1,0.8,4.0,717.0,0.0,0.0,0.2510460251046025
13.0,8.0,38.0,0.3,0.1,0.8,4.0,688.0,0.0,0.0,0.2543604651162791
13.0,8.0,39.0,0.3,0.1,0.8,4.0,688.0,0.0,0.0,0.2543604651162791
13.0,8.0,40.0,0.3,0.1,0.8,4.0,688.0,0.0,0.0,0.2543604651162791
13.0,8.0,41.0,0.3,0.1,0.8,4.0,664.0,0.0,0.0,0.25
13.0,8.0,42.0,0.3,0.1,0.8,4.0,649.0,0.0,0.0,0.2526964560862866
13.0,8.0,43.0,0.3,0.1,0.8,4.0,626.0,0.0,0.0,0.2539936102236422
13.0,8.0,44.0,0.3,0.1,0.8,4.0,614.0,0.0,0.0,0.25895765472312704
13.0,8.0,45.0,0.3,0.1,0.8,4.0,614.0,0.0,0.0,0.4185667752442997
13.0,8.0,46.0,0.3,0.1,0.8,4.0,599.0,0.0,0.0,0.42070116861435725
13.0,8.0,47.0,0.3,0.1,0.8,4.0,587.0,0.0,0.0,0.4190800681431005
13.0,8.0,48.0,0.3,0.1,0.8,4.0,587.0,0.0,0.0,0.4190800681431005
13.0,8.0,49.0,0.3,0.1,0.8,4.0,587.0,0.0,0.0,0.4190800681431005
13.0,8.0,50.0,0.3,0.1,0.8,4.0,584.0,0.0,0.0,0.4178082191780822
13.0,8.0,51.0,0.3,0.1,0.8,4.0,584.0,0.0,0.0,0.4178082191780822
13.0,8.0,52.0,0.3,0.1,0.8,4.0,584.0,0.0,0.0,0.4178082191780822
13.0,9.0,1.0,0.3,0.1,0.8,4.0,584.0,0.0,0.0,0.4178082191780822
13.0,9.0,2.0,0.3,0.1,0.8,4.0,584.0,0.0,0.0,0.4178082191780822
13.0,9.0,3.0,0.3,0.1,0.8,4.0,584.0,0.0,0.0,0.4178082191780822
13.0,9.0,4.0,0.3,0.1,0.8,4.0,584.0,0.0,0.0,0.4178082191780822
13.0,9.0,5.0,0.3,0.1,0.8,4.0,584.0,0.0,0.0,0.4178082191780822
13.0,9.0,6.0,0.3,0.1,0.8,4.0,584.0,0.0,0.0,0.4178082191780822
13.0,9.0,7.0,0.3,0.1,0.8,4.0,584.0,0.0,0.0,0.4178082191780822
13.0,9.0,8.0,0.3,0.1,0.8,4.0,568.0,0.0,0.0,0.4225352112676056
13.0,9.0,9.0,0.3,0.1,0.8,4.0,564.0,0.0,0.0,0.425531914893617
13.0,9.0,10.0,0.3,0.1,0.8,4.0,565.0,0.0,0.0,0.4247787610619469
13.0,9.0,11.0,0.3,0.1,0.8,4.0,562.0,0.0,0.0,0.42704626334519574
13.0,9.0,12.0,0.3,0.1,0.8,4.0,561.0,0.0,0.0,0.42780748663101603
13.0,9.0,13.0,0.3,0.1,0.8,4.0,561.0,0.0,0.0,0.42780748663101603
13.0,9.0,14.0,0.3,0.1,0.8,4.0,561.0,0.0,0.0,0.42780748663101603
13.0,9.0,15.0,0.3,0.1,0.8,4.0,561.0,0.0,0.0,0.42780748663101603
13.0,9.0,16.0,0.3,0.1,0.8,4.0,561.0,0.0,0.0,0.42780748663101603
13.0,9.0,17.0,0.3,0.1,0.8,4.0,561.0,0.0,0.0,0.42780748663101603
13.0,9.0,18.0,0.3,0.1,0.8,4.0,547.0,0.0,0.0,0.42778793418647165
13.0,9.0,19.0,0.3,0.1,0.8,4.0,547.0,0.0,0.0,0.42778793418647165
13.0,9.0,20.0,0.3,0.1,0.8,4.0,995.0,0.0,0.0,0.2271356783919598
13.0,9.0,21.0,0.3,0.1,0.8,4.0,940.0,0.0,0.0,0.2351063829787234
13.0,9.0,22.0,0.3,0.1,0.8,4.0,914.0,0.0,0.0,0.23851203501094093
13.0,9.0,23.0,0.3,0.1,0.8,4.0,903.0,0.0,0.0,0.23809523809523808
13.0,9.0,24.0,0.3,0.1,0.8,4.0,879.0,0.0,0.0,0.24232081911262798
13.0,9.0,25.0,0.3,0.1,0.8,4.0,829.0,0.0,0.0,0.24728588661037396
13.0,9.0,26.0,0.3,0.1,0.8,4.0,801.0,0.0,0.0,0.250936329588015
13.0,9.0,27.0,0.3,0.1,0.8,4.0,798.0,0.0,0.0,0.2506265664160401
13.0,9.0,28.0,0.3,0.1,0.8,4.0,776.0,0.0,0.0,0.2551546391752577
13.0,9.0,29.0,0.3,0.1,0.8,4.0,770.0,0.0,0.0,0.2558441558441558
13.0,9.0,30.0,0.3,0.1,0.8,4.0,753.0,0.0,0.0,0.2589641434262948
13.0,9.0,31.0,0.3,0.1,0.8,4.0,734.0,0.0,0.0,0.25885558583106266
13.0,9.0,32.0,0.3,0.1,0.8,4.0,722.0,0.0,0.0,0.26038781163434904
13.0,9.0,33.0,0.3,0.1,0.8,4.0,697.0,0.0,0.0,0.2582496413199426
13.0,9.0,34.0,0.3,0.1,0.8,4.0,684.0,0.0,0.0,0.26169590643274854
13.0,9.0,35.0,0.3,0.1,0.8,4.0,672.0,0.0,0.0,0.25892857142857145
13.0,9.0,36.0,0.3,0.1,0.8,4.0,672.0,0.0,0.0,0.25892857142857145
13.0,9.0,37.0,0.3,0.1,0.8,4.0,641.0,0.0,0.0,0.26521060842433697
13.0,9.0,38.0,0.3,0.1,0.8,4.0,641.0,0.0,0.0,0.26521060842433697
13.0,9.0,39.0,0.3,0.1,0.8,4.0,641.0,0.0,0.0,0.26521060842433697
13.0,9.0,40.0,0.3,0.1,0.8,4.0,639.0,0.0,0.0,0.2644757433489828
13.0,9.0,41.0,0.3,0.1,0.8,4.0,639.0,0.0,0.0,0.2644757433489828
13.0,9.0,42.0,0.3,0.1,0.8,4.0,639.0,0.0,0.0,0.2644757433489828
13.0,9.0,43.0,0.3,0.1,0.8,4.0,628.0,0.0,0.0,0.2659235668789809
13.0,9.0,44.0,0.3,0.1,0.8,4.0,628.0,0.0,0.0,0.2659235668789809
13.0,9.0,45.0,0.3,0.1,0.8,4.0,628.0,0.0,0.0,0.42038216560509556
13.0,9.0,46.0,0.3,0.1,0.8,4.0,628.0,0.0,0.0,0.42038216560509556
13.0,9.0,47.0,0.3,0.1,0.8,4.0,616.0,0.0,0.0,0.4237012987012987
13.0,9.0,48.0,0.3,0.1,0.8,4.0,591.0,0.0,0.0,0.42978003384094754
13.0,9.0,49.0,0.3,0.1,0.8,4.0,590.0,0.0,0.0,0.43050847457627117
13.0,9.0,50.0,0.3,0.1,0.8,4.0,590.0,0.0,0.0,0.43050847457627117
13.0,9.0,51.0,0.3,0.1,0.8,4.0,590.0,0.0,0.0,0.43050847457627117
13.0,9.0,52.0,0.3,0.1,0.8,4.0,590.0,0.0,0.0,0.43050847457627117
13.0,10.0,1.0,0.3,0.1,0.8,4.0,589.0,0.0,0.0,0.4312393887945671
13.0,10.0,2.0,0.3,0.1,0.8,4.0,589.0,0.0,0.0,0.4312393887945671
13.0,10.0,3.0,0.3,0.1,0.8,4.0,588.0,0.0,0.0,0.43197278911564624
13.0,10.0,4.0,0.3,0.1,0.8,4.0,588.0,0.0,0.0,0.43197278911564624
13.0,10.0,5.0,0.3,0.1,0.8,4.0,587.0,0.0,0.0,0.43270868824531517
13.0,10.0,6.0,0.3,0.1,0.8,4.0,586.0,0.0,0.0,0.4334470989761092
13.0,10.0,7.0,0.3,0.1,0.8,4.0,586.0,0.0,0.0,0.4334470989761092
13.0,10.0,8.0,0.3,0.1,0.8,4.0,585.0,0.0,0.0,0.4341880341880342
13.0,10.0,9.0,0.3,0.1,0.8,4.0,584.0,0.0,0.0,0.4349315068493151
13.0,10.0,10.0,0.3,0.1,0.8,4.0,583.0,0.0,0.0,0.43567753001715265
13.0,10.0,11.0,0.3,0.1,0.8,4.0,580.0,0.0,0.0,0.4362068965517241
13.0,10.0,12.0,0.3,0.1,0.8,4.0,579.0,0.0,0.0,0.4369602763385147
13.0,10.0,13.0,0.3,0.1,0.8,4.0,564.0,0.0,0.0,0.4379432624113475
13.0,10.0,14.0,0.3,0.1,0.8,4.0,564.0,0.0,0.0,0.4379432624113475
13.0,10.0,15.0,0.3,0.1,0.8,4.0,564.0,0.0,0.0,0.4379432624113475
13.0,10.0,16.0,0.3,0.1,0.8,4.0,551.0,0.0,0.0,0.44101633393829404
13.0,10.0,17.0,0.3,0.1,0.8,4.0,551.0,0.0,0.0,0.44101633393829404
13.0,10.0,18.0,0.3,0.1,0.8,4.0,551.0,0.0,0.0,0.44101633393829404
13.0,10.0,19.0,0.3,0.1,0.8,4.0,531.0,0.0,0.0,0.448210922787194
13.0,10.0,20.0,0.3,0.1,0.8,4.0,903.0,0.0,0.0,0.2547065337763012
13.0,10.0,21.0,0.3,0.1,0.8,4.0,887.0,0.0,0.0,0.2547914317925592
13.0,10.0,22.0,0.3,0.1,0.8,4.0,858.0,0.0,0.0,0.26107226107226106
13.0,10.0,23.0,0.3,0.1,0.8,4.0,835.0,0.0,0.0,0.2634730538922156
13.0,10.0,24.0,0.3,0.1,0.8,4.0,821.0,0.0,0.0,0.26552984165651644
13.0,10.0,25.0,0.3,0.1,0.8,4.0,794.0,0.0,0.0,0.26700251889168763
13.0,10.0,26.0,0.3,0.1,0.8,4.0,760.0,0.0,0.0,0.27631578947368424
13.0,10.0,27.0,0.3,0.1,0.8,4.0,731.0,0.0,0.0,0.2818057455540356
13.0,10.0,28.0,0.3,0.1,0.8,4.0,705.0,0.0,0.0,0.2822695035460993
13.0,10.0,29.0,0.3,0.1,0.8,4.0,692.0,0.0,0.0,0.2846820809248555
13.0,10.0,30.0,0.3,0.1,0.8,4.0,681.0,0.0,0.0,0.2878120411160059
13.0,10.0,31.0,0.3,0.1,0.8,4.0,656.0,0.0,0.0,0.29115853658536583
13.0,10.0,32.0,0.3,0.1,0.8,4.0,631.0,0.0,0.0,0.294770206022187
13.0,10.0,33.0,0.3,0.1,0.8,4.0,631.0,0.0,0.0,0.294770206022187
13.0,10.0,34.0,0.3,0.1,0.8,4.0,617.0,0.0,0.0,0.29821717990275526
13.0,10.0,35.0,0.3,0.1,0.8,4.0,617.0,0.0,0.0,0.29821717990275526
13.0,10.0,36.0,0.3,0.1,0.8,4.0,617.0,0.0,0.0,0.29821717990275526
13.0,10.0,37.0,0.3,0.1,0.8,4.0,617.0,0.0,0.0,0.29821717990275526
13.0,10.0,38.0,0.3,0.1,0.8,4.0,601.0,0.0,0.0,0.30282861896838603
13.0,10.0,39.0,0.3,0.1,0.8,4.0,601.0,0.0,0.0,0.30282861896838603
13.0,10.0,40.0,0.3,0.1,0.8,4.0,601.0,0.0,0.0,0.30282861896838603
13.0,10.0,41.0,0.3,0.1,0.8,4.0,601.0,0.0,0.0,0.30282861896838603
13.0,10.0,42.0,0.3,0.1,0.8,4.0,586.0,0.0,0.0,0.3054607508532423
13.0,10.0,43.0,0.3,0.1,0.8,4.0,586.0,0.0,0.0,0.3054607508532423
13.0,10.0,44.0,0.3,0.1,0.8,4.0,583.0,0.0,0.0,0.307032590051458
13.0,10.0,45.0,0.3,0.1,0.8,4.0,571.0,0.0,0.0,0.46409807355516636
13.0,10.0,46.0,0.3,0.1,0.8,4.0,571.0,0.0,0.0,0.46409807355516636
13.0,10.0,47.0,0.3,0.1,0.8,4.0,571.0,0.0,0.0,0.46409807355516636
13.0,10.0,48.0,0.3,0.1,0.8,4.0,571.0,0.0,0.0,0.46409807355516636
13.0,10.0,49.0,0.3,0.1,0.8,4.0,571.0,0.0,0.0,0.46409807355516636
13.0,10.0,50.0,0.3,0.1,0.8,4.0,571.0,0.0,0.0,0.46409807355516636
13.0,10.0,51.0,0.3,0.1,0.8,4.0,571.0,0.0,0.0,0.46409807355516636
13.0,10.0,52.0,0.3,0.1,0.8,4.0,570.0,0.0,0.0,0.4649122807017544
14.0,1.0,1.0,0.3,0.1,0.8,4.0,5231.0,53.0,12.0,0.30032498566239724
14.0,1.0,2.0,0.3,0.1,0.8,4.0,5142.0,63.0,22.0,0.2994943601711396
14.0,1.0,3.0,0.3,0.1,0.8,4.0,5103.0,80.0,31.0,0.2982559278855575
14.0,1.0,4.0,0.3,0.1,0.8,4.0,4965.0,89.0,42.0,0.2986908358509567
14.0,1.0,5.0,0.3,0.1,0.8,4.0,5007.0,112.0,50.0,0.298781705612143
14.0,1.0,6.0,0.3,0.1,0.8,4.0,4848.0,135.0,50.0,0.3009488448844885
14.0,1.0,7.0,0.3,0.1,0.8,4.0,4719.0,149.0,51.0,0.3043017588472134
14.0,1.0,8.0,0.3,0.1,0.8,4.0,4582.0,171.0,60.0,0.3075076385857704
14.0,1.0,9.0,0.3,0.1,0.8,4.0,4500.0,205.0,74.0,0.31022222222222223
14.0,1.0,10.0,0.3,0.1,0.8,4.0,4399.0,241.0,88.0,0.31279836326437827
14.0,1.0,11.0,0.3,0.1,0.8,4.0,4236.0,244.0,104.0,0.31373937677053826
14.0,1.0,12.0,0.3,0.1,0.8,4.0,4069.0,270.0,119.0,0.3175227328581961
14.0,1.0,13.0,0.3,0.1,0.8,4.0,3907.0,284.0,121.0,0.32147427693882774
14.0,1.0,14.0,0.3,0.1,0.8,4.0,3809.0,283.0,123.0,0.32554476240483066
14.0,1.0,15.0,0.3,0.1,0.8,4.0,3726.0,270.0,124.0,0.32823403113258187
14.0,1.0,16.0,0.3,0.1,0.8,4.0,3655.0,285.0,136.0,0.33132694938440493
14.0,1.0,17.0,0.3,0.1,0.8,4.0,3546.0,288.0,139.0,0.3327693175408911
14.0,1.0,18.0,0.3,0.1,0.8,4.0,3427.0,278.0,139.0,0.33907207470090456
14.0,1.0,19.0,0.3,0.1,0.8,4.0,3342.0,266.0,135.0,0.3450029922202274
14.0,1.0,20.0,0.3,0.1,0.8,4.0,6158.0,255.0,130.0,0.18463786943812927
14.0,1.0,21.0,0.3,0.1,0.8,4.0,5740.0,306.0,126.0,0.1886759581881533
14.0,1.0,22.0,0.3,0.1,0.8,4.0,5290.0,341.0,130.0,0.19243856332703213
14.0,1.0,23.0,0.3,0.1,0.8,4.0,4960.0,378.0,154.0,0.19616935483870968
14.0,1.0,24.0,0.3,0.1,0.8,4.0,4664.0,410.0,163.0,0.19811320754716982
14.0,1.0,25.0,0.3,0.1,0.8,4.0,4357.0,419.0,175.0,0.204957539591462
14.0,1.0,26.0,0.3,0.1,0.8,4.0,4165.0,432.0,179.0,0.20816326530612245
14.0,1.0,27.0,0.3,0.1,0.8,4.0,3933.0,453.0,194.0,0.21688278667683702
14.0,1.0,28.0,0.3,0.1,0.8,4.0,3744.0,468.0,202.0,0.21821581196581197
14.0,1.0,29.0,0.3,0.1,0.8,4.0,3509.0,467.0,213.0,0.22371045882017668
14.0,1.0,30.0,0.3,0.1,0.8,4.0,3333.0,478.0,223.0,0.22712271227122713
14.0,1.0,31.0,0.3,0.1,0.8,4.0,3154.0,474.0,229.0,0.238427393785669
14.0,1.0,32.0,0.3,0.1,0.8,4.0,2943.0,472.0,221.0,0.24838600067957867
14.0,1.0,33.0,0.3,0.1,0.8,4.0,2774.0,460.0,211.0,0.25991348233597694
14.0,1.0,34.0,0.3,0.1,0.8,4.0,2633.0,473.0,198.0,0.26813520698822635
14.0,1.0,35.0,0.3,0.1,0.8,4.0,2485.0,443.0,207.0,0.27887323943661974
14.0,1.0,36.0,0.3,0.1,0.8,4.0,2319.0,418.0,197.0,0.2919361793876671
14.0,1.0,37.0,0.3,0.1,0.8,4.0,2165.0,387.0,204.0,0.30577367205542727
14.0,1.0,38.0,0.3,0.1,0.8,4.0,2050.0,345.0,182.0,0.31902439024390244
14.0,1.0,39.0,0.3,0.1,0.8,4.0,1945.0,320.0,168.0,0.33161953727506427
14.0,1.0,40.0,0.3,0.1,0.8,4.0,1825.0,279.0,140.0,0.35013698630136986
14.0,1.0,41.0,0.3,0.1,0.8,4.0,1734.0,246.0,118.0,0.3627450980392157
14.0,1.0,42.0,0.3,0.1,0.8,4.0,1670.0,228.0,120.0,0.37664670658682636
14.0,1.0,43.0,0.3,0.1,0.8,4.0,1619.0,222.0,110.0,0.38542310067943175
14.0,1.0,44.0,0.3,0.1,0.8,4.0,1548.0,213.0,103.0,0.39728682170542634
14.0,1.0,45.0,0.3,0.1,0.8,4.0,1477.0,189.0,96.0,0.5416384563303994
14.0,1.0,46.0,0.3,0.1,0.8,4.0,1420.0,170.0,97.0,0.545774647887324
14.0,1.0,47.0,0.3,0.1,0.8,4.0,1370.0,147.0,87.0,0.5554744525547445
14.0,1.0,48.0,0.3,0.1,0.8,4.0,1313.0,120.0,71.0,0.5696877380045697
14.0,1.0,49.0,0.3,0.1,0.8,4.0,1237.0,93.0,52.0,0.5828617623282134
14.0,1.0,50.0,0.3,0.1,0.8,4.0,1219.0,79.0,43.0,0.5873666940114848
14.0,1.0,51.0,0.3,0.1,0.8,4.0,1174.0,64.0,37.0,0.5979557069846678
14.0,1.0,52.0,0.3,0.1,0.8,4.0,1169.0,55.0,29.0,0.5962360992301112
14.0,2.0,1.0,0.3,0.1,0.8,4.0,1137.0,46.0,31.0,0.6068601583113457
14.0,2.0,2.0,0.3,0.1,0.8,4.0,1130.0,42.0,21.0,0.6053097345132743
14.0,2.0,3.0,0.3,0.1,0.8,4.0,1111.0,42.0,25.0,0.6129612961296129
14.0,2.0,4.0,0.3,0.1,0.8,4.0,1097.0,32.0,21.0,0.6125797629899726
14.0,2.0,5.0,0.3,0.1,0.8,4.0,1085.0,34.0,20.0,0.6211981566820276
14.0,2.0,6.0,0.3,0.1,0.8,4.0,1072.0,26.0,20.0,0.621268656716418
14.0,2.0,7.0,0.3,0.1,0.8,4.0,1055.0,20.0,11.0,0.6312796208530805
14.0,2.0,8.0,0.3,0.1,0.8,4.0,1052.0,21.0,13.0,0.6254752851711026
14.0,2.0,9.0,0.3,0.1,0.8,4.0,1034.0,14.0,6.0,0.6363636363636364
14.0,2.0,10.0,0.3,0.1,0.8,4.0,1014.0,15.0,8.0,0.6291913214990138
14.0,2.0,11.0,0.3,0.1,0.8,4.0,1001.0,13.0,6.0,0.6363636363636364
14.0,2.0,12.0,0.3,0.1,0.8,4.0,992.0,12.0,7.0,0.6340725806451613
14.0,2.0,13.0,0.3,0.1,0.8,4.0,986.0,12.0,8.0,0.6379310344827587
14.0,2.0,14.0,0.3,0.1,0.8,4.0,982.0,13.0,7.0,0.6354378818737271
14.0,2.0,15.0,0.3,0.1,0.8,4.0,972.0,13.0,7.0,0.6399176954732511
14.0,2.0,16.0,0.3,0.1,0.8,4.0,961.0,10.0,8.0,0.6378772112382934
14.0,2.0,17.0,0.3,0.1,0.8,4.0,953.0,9.0,7.0,0.6432318992654774
14.0,2.0,18.0,0.3,0.1,0.8,4.0,946.0,6.0,5.0,0.638477801268499
14.0,2.0,19.0,0.3,0.1,0.8,4.0,935.0,6.0,2.0,0.6459893048128342
14.0,2.0,20.0,0.3,0.1,0.8,4.0,1726.0,6.0,3.0,0.34356894553881806
14.0,2.0,21.0,0.3,0.1,0.8,4.0,1706.0,6.0,2.0,0.34759671746776083
14.0,2.0,22.0,0.3,0.1,0.8,4.0,1661.0,8.0,3.0,0.34256472004816374
14.0,2.0,23.0,0.3,0.1,0.8,4.0,1569.0,9.0,3.0,0.3543658381134481
14.0,2.0,24.0,0.3,0.1,0.8,4.0,1567.0,11.0,4.0,0.35162731333758773
14.0,2.0,25.0,0.3,0.1,0.8,4.0,1515.0,10.0,3.0,0.3557755775577558
14.0,2.0,26.0,0.3,0.1,0.8,4.0,1506.0,10.0,6.0,0.35391766268260294
14.0,2.0,27.0,0.3,0.1,0.8,4.0,1486.0,15.0,7.0,0.35598923283983847
14.0,2.0,28.0,0.3,0.1,0.8,4.0,1458.0,17.0,6.0,0.35253772290809327
14.0,2.0,29.0,0.3,0.1,0.8,4.0,1398.0,14.0,3.0,0.35765379113018597
14.0,2.0,30.0,0.3,0.1,0.8,4.0,1381.0,15.0,5.0,0.3591600289645185
14.0,2.0,31.0,0.3,0.1,0.8,4.0,1356.0,18.0,7.0,0.3613569321533923
14.0,2.0,32.0,0.3,0.1,0.8,4.0,1345.0,22.0,8.0,0.3553903345724907
14.0,2.0,33.0,0.3,0.1,0.8,4.0,1307.0,24.0,8.0,0.3588370313695486
14.0,2.0,34.0,0.3,0.1,0.8,4.0,1285.0,21.0,10.0,0.35719844357976654
14.0,2.0,35.0,0.3,0.1,0.8,4.0,1228.0,14.0,6.0,0.36400651465798045
14.0,2.0,36.0,0.3,0.1,0.8,4.0,1233.0,16.0,9.0,0.36171938361719386
14.0,2.0,37.0,0.3,0.1,0.8,4.0,1223.0,14.0,10.0,0.36385936222403925
14.0,2.0,38.0,0.3,0.1,0.8,4.0,1214.0,13.0,8.0,0.3616144975288303
14.0,2.0,39.0,0.3,0.1,0.8,4.0,1168.0,13.0,8.0,0.3655821917808219
14.0,2.0,40.0,0.3,0.1,0.8,4.0,1168.0,11.0,6.0,0.3604452054794521
14.0,2.0,41.0,0.3,0.1,0.8,4.0,1134.0,11.0,8.0,0.36948853615520283
14.0,2.0,42.0,0.3,0.1,0.8,4.0,1132.0,8.0,4.0,0.3630742049469965
14.0,2.0,43.0,0.3,0.1,0.8,4.0,1088.0,7.0,4.0,0.37316176470588236
14.0,2.0,44.0,0.3,0.1,0.8,4.0,1084.0,4.0,3.0,0.37084870848708484
14.0,2.0,45.0,0.3,0.1,0.8,4.0,1069.0,6.0,3.0,0.49859681945743684
14.0,2.0,46.0,0.3,0.1,0.8,4.0,1043.0,8.0,3.0,0.4966442953020134
14.0,2.0,47.0,0.3,0.1,0.8,4.0,1027.0,6.0,4.0,0.498539435248296
14.0,2.0,48.0,0.3,0.1,0.8,4.0,1032.0,6.0,6.0,0.49709302325581395
14.0,2.0,49.0,0.3,0.1,0.8,4.0,1008.0,6.0,5.0,0.4990079365079365
14.0,2.0,50.0,0.3,0.1,0.8,4.0,1017.0,3.0,2.0,0.4975417895771878
14.0,2.0,51.0,0.3,0.1,0.8,4.0,992.0,1.0,0.0,0.5
14.0,2.0,52.0,0.3,0.1,0.8,4.0,984.0,1.0,0.0,0.4959349593495935
14.0,3.0,1.0,0.3,0.1,0.8,4.0,964.0,1.0,0.0,0.495850622406639
14.0,3.0,2.0,0.3,0.1,0.8,4.0,969.0,1.0,1.0,0.49638802889576883
14.0,3.0,3.0,0.3,0.1,0.8,4.0,959.0,2.0,1.0,0.49530761209593327
14.0,3.0,4.0,0.3,0.1,0.8,4.0,960.0,2.0,1.0,0.4947916666666667
14.0,3.0,5.0,0.3,0.1,0.8,4.0,939.0,1.0,0.0,0.4941427050053248
14.0,3.0,6.0,0.3,0.1,0.8,4.0,932.0,1.0,1.0,0.49141630901287553
14.0,3.0,7.0,0.3,0.1,0.8,4.0,917.0,2.0,1.0,0.49182115594329334
14.0,3.0,8.0,0.3,0.1,0.8,4.0,915.0,2.0,1.0,0.4896174863387978
14.0,3.0,9.0,0.3,0.1,0.8,4.0,896.0,2.0,0.0,0.4877232142857143
14.0,3.0,10.0,0.3,0.1,0.8,4.0,871.0,2.0,1.0,0.4890929965556831
14.0,3.0,11.0,0.3,0.1,0.8,4.0,857.0,2.0,2.0,0.49008168028004667
14.0,3.0,12.0,0.3,0.1,0.8,4.0,861.0,4.0,2.0,0.4878048780487805
14.0,3.0,13.0,0.3,0.1,0.8,4.0,841.0,4.0,1.0,0.48513674197384066
14.0,3.0,14.0,0.3,0.1,0.8,4.0,844.0,3.0,1.0,0.4834123222748815
14.0,3.0,15.0,0.3,0.1,0.8,4.0,834.0,3.0,1.0,0.48201438848920863
14.0,3.0,16.0,0.3,0.1,0.8,4.0,835.0,3.0,1.0,0.481437125748503
14.0,3.0,17.0,0.3,0.1,0.8,4.0,810.0,2.0,1.0,0.48148148148148145
14.0,3.0,18.0,0.3,0.1,0.8,4.0,817.0,2.0,1.0,0.48225214198286415
14.0,3.0,19.0,0.3,0.1,0.8,4.0,804.0,2.0,2.0,0.48134328358208955
14.0,3.0,20.0,0.3,0.1,0.8,4.0,1510.0,2.0,1.0,0.2582781456953642
14.0,3.0,21.0,0.3,0.1,0.8,4.0,1432.0,3.0,1.0,0.2611731843575419
14.0,3.0,22.0,0.3,0.1,0.8,4.0,1362.0,3.0,0.0,0.26064610866372984
14.0,3.0,23.0,0.3,0.1,0.8,4.0,1304.0,3.0,0.0,0.26226993865030673
14.0,3.0,24.0,0.3,0.1,0.8,4.0,1262.0,3.0,1.0,0.26148969889064977
14.0,3.0,25.0,0.3,0.1,0.8,4.0,1253.0,4.0,1.0,0.26256983240223464
14.0,3.0,26.0,0.3,0.1,0.8,4.0,1249.0,4.0,1.0,0.2618094475580464
14.0,3.0,27.0,0.3,0.1,0.8,4.0,1224.0,3.0,2.0,0.26143790849673204
14.0,3.0,28.0,0.3,0.1,0.8,4.0,1202.0,4.0,3.0,0.2628951747088186
14.0,3.0,29.0,0.3,0.1,0.8,4.0,1169.0,5.0,3.0,0.26518391787852863
14.0,3.0,30.0,0.3,0.1,0.8,4.0,1170.0,3.0,1.0,0.26495726495726496
14.0,3.0,31.0,0.3,0.1,0.8,4.0,1155.0,2.0,1.0,0.26406926406926406
14.0,3.0,32.0,0.3,0.1,0.8,4.0,1107.0,2.0,2.0,0.26919602529358627
14.0,3.0,33.0,0.3,0.1,0.8,4.0,1080.0,2.0,2.0,0.26944444444444443
14.0,3.0,34.0,0.3,0.1,0.8,4.0,1065.0,1.0,1.0,0.26854460093896715
14.0,3.0,35.0,0.3,0.1,0.8,4.0,1062.0,0.0,0.0,0.2693032015065913
14.0,3.0,36.0,0.3,0.1,0.8,4.0,1050.0,0.0,0.0,0.2695238095238095
14.0,3.0,37.0,0.3,0.1,0.8,4.0,1035.0,0.0,0.0,0.27053140096618356
14.0,3.0,38.0,0.3,0.1,0.8,4.0,1012.0,0.0,0.0,0.26877470355731226
14.0,3.0,39.0,0.3,0.1,0.8,4.0,1015.0,0.0,0.0,0.2689655172413793
14.0,3.0,40.0,0.3,0.1,0.8,4.0,955.0,0.0,0.0,0.2670157068062827
14.0,3.0,41.0,0.3,0.1,0.8,4.0,957.0,0.0,0.0,0.26854754440961337
14.0,3.0,42.0,0.3,0.1,0.8,4.0,942.0,0.0,0.0,0.2653927813163482
14.0,3.0,43.0,0.3,0.1,0.8,4.0,937.0,0.0,0.0,0.26680896478121663
14.0,3.0,44.0,0.3,0.1,0.8,4.0,900.0,0.0,0.0,0.2688888888888889
14.0,3.0,45.0,0.3,0.1,0.8,4.0,890.0,0.0,0.0,0.43258426966292135
14.0,3.0,46.0,0.3,0.1,0.8,4.0,877.0,0.0,0.0,0.43101482326111745
14.0,3.0,47.0,0.3,0.1,0.8,4.0,848.0,0.0,0.0,0.43514150943396224
14.0,3.0,48.0,0.3,0.1,0.8,4.0,838.0,0.0,0.0,0.4331742243436754
14.0,3.0,49.0,0.3,0.1,0.8,4.0,841.0,0.0,0.0,0.4340071343638526
14.0,3.0,50.0,0.3,0.1,0.8,4.0,814.0,0.0,0.0,0.4348894348894349
14.0,3.0,51.0,0.3,0.1,0.8,4.0,806.0,0.0,0.0,0.4392059553349876
14.0,3.0,52.0,0.3,0.1,0.8,4.0,809.0,0.0,0.0,0.4338689740420272
14.0,4.0,1.0,0.3,0.1,0.8,4.0,797.0,0.0,0.0,0.4366373902132999
14.0,4.0,2.0,0.3,0.1,0.8,4.0,799.0,0.0,0.0,0.4305381727158949
14.0,4.0,3.0,0.3,0.1,0.8,4.0,783.0,0.0,0.0,0.4342273307790549
14.0,4.0,4.0,0.3,0.1,0.8,4.0,782.0,0.0,0.0,0.42838874680306904
14.0,4.0,5.0,0.3,0.1,0.8,4.0,769.0,0.0,0.0,0.43302990897269183
14.0,4.0,6.0,0.3,0.1,0.8,4.0,771.0,0.0,0.0,0.4280155642023346
14.0,4.0,7.0,0.3,0.1,0.8,4.0,765.0,0.0,0.0,0.43137254901960786
14.0,4.0,8.0,0.3,0.1,0.8,4.0,750.0,0.0,0.0,0.4266666666666667
14.0,4.0,9.0,0.3,0.1,0.8,4.0,744.0,0.0,0.0,0.43413978494623656
14.0,4.0,10.0,0.3,0.1,0.8,4.0,740.0,0.0,0.0,0.4283783783783784
14.0,4.0,11.0,0.3,0.1,0.8,4.0,737.0,0.0,0.0,0.43419267299864317
14.0,4.0,12.0,0.3,0.1,0.8,4.0,734.0,0.0,0.0,0.42915531335149865
14.0,4.0,13.0,0.3,0.1,0.8,4.0,732.0,0.0,0.0,0.43306010928961747
14.0,4.0,14.0,0.3,0.1,0.8,4.0,730.0,0.0,0.0,0.426027397260274
14.0,4.0,15.0,0.3,0.1,0.8,4.0,730.0,0.0,0.0,0.4315068493150685
14.0,4.0,16.0,0.3,0.1,0.8,4.0,729.0,0.0,0.0,0.42661179698216734
14.0,4.0,17.0,0.3,0.1,0.8,4.0,726.0,0.0,0.0,0.4297520661157025
14.0,4.0,18.0,0.3,0.1,0.8,4.0,715.0,0.0,0.0,0.42657342657342656
14.0,4.0,19.0,0.3,0.1,0.8,4.0,698.0,0.0,0.0,0.43123209169054444
14.0,4.0,20.0,0.3,0.1,0.8,4.0,1282.0,0.0,0.0,0.23010920436817472
14.0,4.0,21.0,0.3,0.1,0.8,4.0,1270.0,0.0,0.0,0.231496062992126
14.0,4.0,22.0,0.3,0.1,0.8,4.0,1255.0,0.0,0.0,0.2294820717131474
14.0,4.0,23.0,0.3,0.1,0.8,4.0,1215.0,0.0,0.0,0.23292181069958848
14.0,4.0,24.0,0.3,0.1,0.8,4.0,1204.0,0.0,0.0,0.23089700996677742
14.0,4.0,25.0,0.3,0.1,0.8,4.0,1147.0,0.0,0.0,0.23626852659110723
14.0,4.0,26.0,0.3,0.1,0.8,4.0,1077.0,0.0,0.0,0.23862581244196843
14.0,4.0,27.0,0.3,0.1,0.8,4.0,1046.0,0.0,0.0,0.2418738049713193
14.0,4.0,28.0,0.3,0.1,0.8,4.0,1050.0,0.0,0.0,0.23809523809523808
14.0,4.0,29.0,0.3,0.1,0.8,4.0,1018.0,0.0,0.0,0.2387033398821218
14.0,4.0,30.0,0.3,0.1,0.8,4.0,1000.0,0.0,0.0,0.242
14.0,4.0,31.0,0.3,0.1,0.8,4.0,971.0,0.0,0.0,0.2451081359423275
14.0,4.0,32.0,0.3,0.1,0.8,4.0,965.0,0.0,0.0,0.24455958549222798
14.0,4.0,33.0,0.3,0.1,0.8,4.0,962.0,0.0,0.0,0.2442827442827443
14.0,4.0,34.0,0.3,0.1,0.8,4.0,960.0,0.0,0.0,0.24270833333333333
14.0,4.0,35.0,0.3,0.1,0.8,4.0,943.0,0.0,0.0,0.24390243902439024
14.0,4.0,36.0,0.3,0.1,0.8,4.0,881.0,0.0,0.0,0.2508513053348468
14.0,4.0,37.0,0.3,0.1,0.8,4.0,882.0,0.0,0.0,0.25170068027210885
14.0,4.0,38.0,0.3,0.1,0.8,4.0,850.0,0.0,0.0,0.2529411764705882
14.0,4.0,39.0,0.3,0.1,0.8,4.0,836.0,0.0,0.0,0.2535885167464115
14.0,4.0,40.0,0.3,0.1,0.8,4.0,838.0,0.0,0.0,0.25178997613365156
14.0,4.0,41.0,0.3,0.1,0.8,4.0,834.0,0.0,0.0,0.2517985611510791
14.0,4.0,42.0,0.3,0.1,0.8,4.0,821.0,0.0,0.0,0.243605359317905
14.0,4.0,43.0,0.3,0.1,0.8,4.0,826.0,0.0,0.0,0.2457627118644068
14.0,4.0,44.0,0.3,0.1,0.8,4.0,805.0,0.0,0.0,0.24472049689440994
14.0,4.0,45.0,0.3,0.1,0.8,4.0,803.0,0.0,0.0,0.4122042341220423
14.0,4.0,46.0,0.3,0.1,0.8,4.0,789.0,0.0,0.0,0.40811153358681873
14.0,4.0,47.0,0.3,0.1,0.8,4.0,779.0,0.0,0.0,0.40949935815147626
14.0,4.0,48.0,0.3,0.1,0.8,4.0,764.0,0.0,0.0,0.40575916230366493
14.0,4.0,49.0,0.3,0.1,0.8,4.0,762.0,0.0,0.0,0.40813648293963256
14.0,4.0,50.0,0.3,0.1,0.8,4.0,758.0,0.0,0.0,0.40369393139841686
14.0,4.0,51.0,0.3,0.1,0.8,4.0,753.0,0.0,0.0,0.40106241699867196
14.0,4.0,52.0,0.3,0.1,0.8,4.0,753.0,0.0,0.0,0.40106241699867196
14.0,5.0,1.0,0.3,0.1,0.8,4.0,737.0,0.0,0.0,0.3989145183175034
14.0,5.0,2.0,0.3,0.1,0.8,4.0,726.0,0.0,0.0,0.39807162534435264
14.0,5.0,3.0,0.3,0.1,0.8,4.0,712.0,0.0,0.0,0.39747191011235955
14.0,5.0,4.0,0.3,0.1,0.8,4.0,707.0,0.0,0.0,0.4016973125884017
14.0,5.0,5.0,0.3,0.1,0.8,4.0,699.0,0.0,0.0,0.39914163090128757
14.0,5.0,6.0,0.3,0.1,0.8,4.0,695.0,0.0,0.0,0.3985611510791367
14.0,5.0,7.0,0.3,0.1,0.8,4.0,695.0,0.0,0.0,0.3985611510791367
14.0,5.0,8.0,0.3,0.1,0.8,4.0,682.0,0.0,0.0,0.4002932551319648
14.0,5.0,9.0,0.3,0.1,0.8,4.0,678.0,0.0,0.0,0.3997050147492625
14.0,5.0,10.0,0.3,0.1,0.8,4.0,676.0,0.0,0.0,0.40088757396449703
14.0,5.0,11.0,0.3,0.1,0.8,4.0,673.0,0.0,0.0,0.39821693907875183
14.0,5.0,12.0,0.3,0.1,0.8,4.0,670.0,0.0,0.0,0.39850746268656717
14.0,5.0,13.0,0.3,0.1,0.8,4.0,669.0,0.0,0.0,0.3961136023916293
14.0,5.0,14.0,0.3,0.1,0.8,4.0,665.0,0.0,0.0,0.3954887218045113
14.0,5.0,15.0,0.3,0.1,0.8,4.0,664.0,0.0,0.0,0.3960843373493976
14.0,5.0,16.0,0.3,0.1,0.8,4.0,663.0,0.0,0.0,0.39668174962292607
14.0,5.0,17.0,0.3,0.1,0.8,4.0,660.0,0.0,0.0,0.3939393939393939
14.0,5.0,18.0,0.3,0.1,0.8,4.0,659.0,0.0,0.0,0.3945371775417299
14.0,5.0,19.0,0.3,0.1,0.8,4.0,659.0,0.0,0.0,0.3945371775417299
14.0,5.0,20.0,0.3,0.1,0.8,4.0,1207.0,0.0,0.0,0.21292460646230324
14.0,5.0,21.0,0.3,0.1,0.8,4.0,1191.0,0.0,0.0,0.21578505457598657
14.0,5.0,22.0,0.3,0.1,0.8,4.0,1164.0,0.0,0.0,0.218213058419244
14.0,5.0,23.0,0.3,0.1,0.8,4.0,1110.0,0.0,0.0,0.22252252252252253
14.0,5.0,24.0,0.3,0.1,0.8,4.0,1034.0,0.0,0.0,0.2205029013539652
14.0,5.0,25.0,0.3,0.1,0.8,4.0,1030.0,0.0,0.0,0.22135922330097088
14.0,5.0,26.0,0.3,0.1,0.8,4.0,1014.0,0.0,0.0,0.21992110453648916
14.0,5.0,27.0,0.3,0.1,0.8,4.0,999.0,0.0,0.0,0.22022022022022023
14.0,5.0,28.0,0.3,0.1,0.8,4.0,974.0,0.0,0.0,0.22073921971252566
14.0,5.0,29.0,0.3,0.1,0.8,4.0,976.0,0.0,0.0,0.22131147540983606
14.0,5.0,30.0,0.3,0.1,0.8,4.0,969.0,0.0,0.0,0.2218782249742002
14.0,5.0,31.0,0.3,0.1,0.8,4.0,957.0,0.0,0.0,0.22152560083594566
14.0,5.0,32.0,0.3,0.1,0.8,4.0,956.0,0.0,0.0,0.2217573221757322
14.0,5.0,33.0,0.3,0.1,0.8,4.0,928.0,0.0,0.0,0.2252155172413793
14.0,5.0,34.0,0.3,0.1,0.8,4.0,919.0,0.0,0.0,0.22633297062023938
14.0,5.0,35.0,0.3,0.1,0.8,4.0,916.0,0.0,0.0,0.22379912663755458
14.0,5.0,36.0,0.3,0.1,0.8,4.0,889.0,0.0,0.0,0.22609673790776152
14.0,5.0,37.0,0.3,0.1,0.8,4.0,889.0,0.0,0.0,0.2249718785151856
14.0,5.0,38.0,0.3,0.1,0.8,4.0,873.0,0.0,0.0,0.22107674684994272
14.0,5.0,39.0,0.3,0.1,0.8,4.0,872.0,0.0,0.0,0.2213302752293578
14.0,5.0,40.0,0.3,0.1,0.8,4.0,873.0,0.0,0.0,0.22107674684994272
14.0,5.0,41.0,0.3,0.1,0.8,4.0,872.0,0.0,0.0,0.2213302752293578
14.0,5.0,42.0,0.3,0.1,0.8,4.0,873.0,0.0,0.0,0.22107674684994272
14.0,5.0,43.0,0.3,0.1,0.8,4.0,872.0,0.0,0.0,0.2213302752293578
14.0,5.0,44.0,0.3,0.1,0.8,4.0,873.0,0.0,0.0,0.22107674684994272
14.0,5.0,45.0,0.3,0.1,0.8,4.0,858.0,0.0,0.0,0.40442890442890445
14.0,5.0,46.0,0.3,0.1,0.8,4.0,858.0,0.0,0.0,0.40442890442890445
14.0,5.0,47.0,0.3,0.1,0.8,4.0,857.0,0.0,0.0,0.40373395565927656
14.0,5.0,48.0,0.3,0.1,0.8,4.0,858.0,0.0,0.0,0.40442890442890445
14.0,5.0,49.0,0.3,0.1,0.8,4.0,830.0,0.0,0.0,0.40481927710843374
14.0,5.0,50.0,0.3,0.1,0.8,4.0,832.0,0.0,0.0,0.40384615384615385
14.0,5.0,51.0,0.3,0.1,0.8,4.0,815.0,0.0,0.0,0.4049079754601227
14.0,5.0,52.0,0.3,0.1,0.8,4.0,811.0,0.0,0.0,0.40443896424167697
14.0,6.0,1.0,0.3,0.1,0.8,4.0,806.0,0.0,0.0,0.4044665012406948
14.0,6.0,2.0,0.3,0.1,0.8,4.0,808.0,0.0,0.0,0.40470297029702973
14.0,6.0,3.0,0.3,0.1,0.8,4.0,804.0,0.0,0.0,0.40422885572139305
14.0,6.0,4.0,0.3,0.1,0.8,4.0,806.0,0.0,0.0,0.4044665012406948
14.0,6.0,5.0,0.3,0.1,0.8,4.0,791.0,0.0,0.0,0.404551201011378
14.0,6.0,6.0,0.3,0.1,0.8,4.0,792.0,0.0,0.0,0.4053030303030303
14.0,6.0,7.0,0.3,0.1,0.8,4.0,778.0,0.0,0.0,0.40616966580976865
14.0,6.0,8.0,0.3,0.1,0.8,4.0,763.0,0.0,0.0,0.41022280471821754
14.0,6.0,9.0,0.3,0.1,0.8,4.0,758.0,0.0,0.0,0.40897097625329815
14.0,6.0,10.0,0.3,0.1,0.8,4.0,757.0,0.0,0.0,0.4108322324966975
14.0,6.0,11.0,0.3,0.1,0.8,4.0,743.0,0.0,0.0,0.40915208613728127
14.0,6.0,12.0,0.3,0.1,0.8,4.0,742.0,0.0,0.0,0.40970350404312667
14.0,6.0,13.0,0.3,0.1,0.8,4.0,741.0,0.0,0.0,0.4089068825910931
14.0,6.0,14.0,0.3,0.1,0.8,4.0,741.0,0.0,0.0,0.41025641025641024
14.0,6.0,15.0,0.3,0.1,0.8,4.0,738.0,0.0,0.0,0.4092140921409214
14.0,6.0,16.0,0.3,0.1,0.8,4.0,738.0,0.0,0.0,0.4105691056910569
14.0,6.0,17.0,0.3,0.1,0.8,4.0,738.0,0.0,0.0,0.4092140921409214
14.0,6.0,18.0,0.3,0.1,0.8,4.0,734.0,0.0,0.0,0.4100817438692098
14.0,6.0,19.0,0.3,0.1,0.8,4.0,736.0,0.0,0.0,0.41032608695652173
14.0,6.0,20.0,0.3,0.1,0.8,4.0,1368.0,0.0,0.0,0.21929824561403508
14.0,6.0,21.0,0.3,0.1,0.8,4.0,1341.0,0.0,0.0,0.21998508575689785
14.0,6.0,22.0,0.3,0.1,0.8,4.0,1321.0,0.0,0.0,0.2218016654049962
14.0,6.0,23.0,0.3,0.1,0.8,4.0,1260.0,0.0,0.0,0.22698412698412698
14.0,6.0,24.0,0.3,0.1,0.8,4.0,1237.0,0.0,0.0,0.22716248989490703
14.0,6.0,25.0,0.3,0.1,0.8,4.0,1234.0,0.0,0.0,0.2260940032414911
14.0,6.0,26.0,0.3,0.1,0.8,4.0,1218.0,0.0,0.0,0.2257799671592775
14.0,6.0,27.0,0.3,0.1,0.8,4.0,1193.0,0.0,0.0,0.22799664710813075
14.0,6.0,28.0,0.3,0.1,0.8,4.0,1192.0,0.0,0.0,0.22902684563758388
14.0,6.0,29.0,0.3,0.1,0.8,4.0,1169.0,0.0,0.0,0.23011120615911035
14.0,6.0,30.0,0.3,0.1,0.8,4.0,1111.0,0.0,0.0,0.23582358235823583
14.0,6.0,31.0,0.3,0.1,0.8,4.0,1075.0,0.0,0.0,0.24465116279069768
14.0,6.0,32.0,0.3,0.1,0.8,4.0,1041.0,0.0,0.0,0.24687800192122958
14.0,6.0,33.0,0.3,0.1,0.8,4.0,1043.0,0.0,0.0,0.2473633748801534
14.0,6.0,34.0,0.3,0.1,0.8,4.0,1021.0,0.0,0.0,0.24779627815866798
14.0,6.0,35.0,0.3,0.1,0.8,4.0,1023.0,0.0,0.0,0.24926686217008798
14.0,6.0,36.0,0.3,0.1,0.8,4.0,995.0,0.0,0.0,0.24824120603015076
14.0,6.0,37.0,0.3,0.1,0.8,4.0,972.0,0.0,0.0,0.24588477366255143
14.0,6.0,38.0,0.3,0.1,0.8,4.0,956.0,0.0,0.0,0.24476987447698745
14.0,6.0,39.0,0.3,0.1,0.8,4.0,930.0,0.0,0.0,0.25161290322580643
14.0,6.0,40.0,0.3,0.1,0.8,4.0,905.0,0.0,0.0,0.24972375690607734
14.0,6.0,41.0,0.3,0.1,0.8,4.0,895.0,0.0,0.0,0.25251396648044694
14.0,6.0,42.0,0.3,0.1,0.8,4.0,877.0,0.0,0.0,0.2542759407069555
14.0,6.0,43.0,0.3,0.1,0.8,4.0,868.0,0.0,0.0,0.2557603686635945
14.0,6.0,44.0,0.3,0.1,0.8,4.0,841.0,0.0,0.0,0.2568370986920333
14.0,6.0,45.0,0.3,0.1,0.8,4.0,833.0,0.0,0.0,0.4189675870348139
14.0,6.0,46.0,0.3,0.1,0.8,4.0,830.0,0.0,0.0,0.41807228915662653
14.0,6.0,47.0,0.3,0.1,0.8,4.0,834.0,0.0,0.0,0.4184652278177458
14.0,6.0,48.0,0.3,0.1,0.8,4.0,817.0,0.0,0.0,0.41982864137086906
14.0,6.0,49.0,0.3,0.1,0.8,4.0,805.0,0.0,0.0,0.422360248447205
14.0,6.0,50.0,0.3,0.1,0.8,4.0,801.0,0.0,0.0,0.4207240948813982
14.0,6.0,51.0,0.3,0.1,0.8,4.0,806.0,0.0,0.0,0.4230769230769231
14.0,6.0,52.0,0.3,0.1,0.8,4.0,802.0,0.0,0.0,0.42144638403990026
14.0,7.0,1.0,0.3,0.1,0.8,4.0,795.0,0.0,0.0,0.42641509433962266
14.0,7.0,2.0,0.3,0.1,0.8,4.0,789.0,0.0,0.0,0.42458808618504434
14.0,7.0,3.0,0.3,0.1,0.8,4.0,792.0,0.0,0.0,0.4255050505050505
14.0,7.0,4.0,0.3,0.1,0.8,4.0,787.0,0.0,0.0,0.4243964421855146
14.0,7.0,5.0,0.3,0.1,0.8,4.0,792.0,0.0,0.0,0.4255050505050505
14.0,7.0,6.0,0.3,0.1,0.8,4.0,782.0,0.0,0.0,0.4258312020460358
14.0,7.0,7.0,0.3,0.1,0.8,4.0,788.0,0.0,0.0,0.4263959390862944
14.0,7.0,8.0,0.3,0.1,0.8,4.0,782.0,0.0,0.0,0.4258312020460358
14.0,7.0,9.0,0.3,0.1,0.8,4.0,785.0,0.0,0.0,0.4267515923566879
14.0,7.0,10.0,0.3,0.1,0.8,4.0,780.0,0.0,0.0,0.4256410256410256
14.0,7.0,11.0,0.3,0.1,0.8,4.0,783.0,0.0,0.0,0.42656449553001274
14.0,7.0,12.0,0.3,0.1,0.8,4.0,778.0,0.0,0.0,0.4254498714652956
14.0,7.0,13.0,0.3,0.1,0.8,4.0,782.0,0.0,0.0,0.4258312020460358
14.0,7.0,14.0,0.3,0.1,0.8,4.0,776.0,0.0,0.0,0.42396907216494845
14.0,7.0,15.0,0.3,0.1,0.8,4.0,780.0,0.0,0.0,0.42435897435897435
14.0,7.0,16.0,0.3,0.1,0.8,4.0,776.0,0.0,0.0,0.42396907216494845
14.0,7.0,17.0,0.3,0.1,0.8,4.0,779.0,0.0,0.0,0.42362002567394097
14.0,7.0,18.0,0.3,0.1,0.8,4.0,764.0,0.0,0.0,0.42408376963350786
14.0,7.0,19.0,0.3,0.1,0.8,4.0,768.0,0.0,0.0,0.4244791666666667
14.0,7.0,20.0,0.3,0.1,0.8,4.0,1378.0,0.0,0.0,0.2351233671988389
14.0,7.0,21.0,0.3,0.1,0.8,4.0,1363.0,0.0,0.0,0.23624358033749082
14.0,7.0,22.0,0.3,0.1,0.8,4.0,1343.0,0.0,0.0,0.23603871928518244
14.0,7.0,23.0,0.3,0.1,0.8,4.0,1276.0,0.0,0.0,0.2358934169278997
14.0,7.0,24.0,0.3,0.1,0.8,4.0,1246.0,0.0,0.0,0.2391653290529695
14.0,7.0,25.0,0.3,0.1,0.8,4.0,1231.0,0.0,0.0,0.2388302193338749
14.0,7.0,26.0,0.3,0.1,0.8,4.0,1177.0,0.0,0.0,0.2463891248937978
14.0,7.0,27.0,0.3,0.1,0.8,4.0,1142.0,0.0,0.0,0.2478108581436077
14.0,7.0,28.0,0.3,0.1,0.8,4.0,1033.0,0.0,0.0,0.24878993223620524
14.0,7.0,29.0,0.3,0.1,0.8,4.0,1014.0,0.0,0.0,0.2485207100591716
14.0,7.0,30.0,0.3,0.1,0.8,4.0,976.0,0.0,0.0,0.2540983606557377
14.0,7.0,31.0,0.3,0.1,0.8,4.0,963.0,0.0,0.0,0.2544132917964694
14.0,7.0,32.0,0.3,0.1,0.8,4.0,958.0,0.0,0.0,0.2567849686847599
14.0,7.0,33.0,0.3,0.1,0.8,4.0,954.0,0.0,0.0,0.25681341719077566
14.0,7.0,34.0,0.3,0.1,0.8,4.0,945.0,0.0,0.0,0.25502645502645505
14.0,7.0,35.0,0.3,0.1,0.8,4.0,940.0,0.0,0.0,0.2531914893617021
14.0,7.0,36.0,0.3,0.1,0.8,4.0,929.0,0.0,0.0,0.25511302475780406
14.0,7.0,37.0,0.3,0.1,0.8,4.0,924.0,0.0,0.0,0.2532467532467532
14.0,7.0,38.0,0.3,0.1,0.8,4.0,927.0,0.0,0.0,0.2535059331175836
14.0,7.0,39.0,0.3,0.1,0.8,4.0,910.0,0.0,0.0,0.2549450549450549
14.0,7.0,40.0,0.3,0.1,0.8,4.0,913.0,0.0,0.0,0.2552026286966046
14.0,7.0,41.0,0.3,0.1,0.8,4.0,898.0,0.0,0.0,0.2572383073496659
14.0,7.0,42.0,0.3,0.1,0.8,4.0,888.0,0.0,0.0,0.25788288288288286
14.0,7.0,43.0,0.3,0.1,0.8,4.0,885.0,0.0,0.0,0.2576271186440678
14.0,7.0,44.0,0.3,0.1,0.8,4.0,886.0,0.0,0.0,0.25733634311512416
14.0,7.0,45.0,0.3,0.1,0.8,4.0,882.0,0.0,0.0,0.4217687074829932
14.0,7.0,46.0,0.3,0.1,0.8,4.0,852.0,0.0,0.0,0.42370892018779344
14.0,7.0,47.0,0.3,0.1,0.8,4.0,838.0,0.0,0.0,0.4307875894988067
14.0,7.0,48.0,0.3,0.1,0.8,4.0,823.0,0.0,0.0,0.43377885783718106
14.0,7.0,49.0,0.3,0.1,0.8,4.0,814.0,0.0,0.0,0.4348894348894349
14.0,7.0,50.0,0.3,0.1,0.8,4.0,808.0,0.0,0.0,0.4381188118811881
14.0,7.0,51.0,0.3,0.1,0.8,4.0,796.0,0.0,0.0,0.4396984924623116
14.0,7.0,52.0,0.3,0.1,0.8,4.0,805.0,0.0,0.0,0.4372670807453416
14.0,8.0,1.0,0.3,0.1,0.8,4.0,793.0,0.0,0.0,0.43883984867591425
14.0,8.0,2.0,0.3,0.1,0.8,4.0,788.0,0.0,0.0,0.43781725888324874
14.0,8.0,3.0,0.3,0.1,0.8,4.0,780.0,0.0,0.0,0.43974358974358974
14.0,8.0,4.0,0.3,0.1,0.8,4.0,785.0,0.0,0.0,0.4394904458598726
14.0,8.0,5.0,0.3,0.1,0.8,4.0,778.0,0.0,0.0,0.44087403598971725
14.0,8.0,6.0,0.3,0.1,0.8,4.0,785.0,0.0,0.0,0.4394904458598726
14.0,8.0,7.0,0.3,0.1,0.8,4.0,777.0,0.0,0.0,0.44144144144144143
14.0,8.0,8.0,0.3,0.1,0.8,4.0,784.0,0.0,0.0,0.44005102040816324
14.0,8.0,9.0,0.3,0.1,0.8,4.0,765.0,0.0,0.0,0.4418300653594771
14.0,8.0,10.0,0.3,0.1,0.8,4.0,765.0,0.0,0.0,0.44575163398692813
14.0,8.0,11.0,0.3,0.1,0.8,4.0,760.0,0.0,0.0,0.44473684210526315
14.0,8.0,12.0,0.3,0.1,0.8,4.0,759.0,0.0,0.0,0.4453227931488801
14.0,8.0,13.0,0.3,0.1,0.8,4.0,752.0,0.0,0.0,0.4441489361702128
14.0,8.0,14.0,0.3,0.1,0.8,4.0,756.0,0.0,0.0,0.44576719576719576
14.0,8.0,15.0,0.3,0.1,0.8,4.0,752.0,0.0,0.0,0.4441489361702128
14.0,8.0,16.0,0.3,0.1,0.8,4.0,757.0,0.0,0.0,0.44517833553500663
14.0,8.0,17.0,0.3,0.1,0.8,4.0,751.0,0.0,0.0,0.4447403462050599
14.0,8.0,18.0,0.3,0.1,0.8,4.0,757.0,0.0,0.0,0.44517833553500663
14.0,8.0,19.0,0.3,0.1,0.8,4.0,752.0,0.0,0.0,0.4441489361702128
14.0,8.0,20.0,0.3,0.1,0.8,4.0,1391.0,0.0,0.0,0.24227174694464415
14.0,8.0,21.0,0.3,0.1,0.8,4.0,1352.0,0.0,0.0,0.24186390532544377
14.0,8.0,22.0,0.3,0.1,0.8,4.0,1271.0,0.0,0.0,0.24468922108575925
14.0,8.0,23.0,0.3,0.1,0.8,4.0,1222.0,0.0,0.0,0.24877250409165302
14.0,8.0,24.0,0.3,0.1,0.8,4.0,1238.0,0.0,0.0,0.24798061389337642
14.0,8.0,25.0,0.3,0.1,0.8,4.0,1182.0,0.0,0.0,0.2546531302876481
14.0,8.0,26.0,0.3,0.1,0.8,4.0,1165.0,0.0,0.0,0.2532188841201717
14.0,8.0,27.0,0.3,0.1,0.8,4.0,1062.0,0.0,0.0,0.256120527306968
14.0,8.0,28.0,0.3,0.1,0.8,4.0,1062.0,0.0,0.0,0.2542372881355932
14.0,8.0,29.0,0.3,0.1,0.8,4.0,1034.0,0.0,0.0,0.25822050290135395
14.0,8.0,30.0,0.3,0.1,0.8,4.0,1036.0,0.0,0.0,0.25386100386100385
14.0,8.0,31.0,0.3,0.1,0.8,4.0,1009.0,0.0,0.0,0.2547076313181368
14.0,8.0,32.0,0.3,0.1,0.8,4.0,991.0,0.0,0.0,0.2532795156407669
14.0,8.0,33.0,0.3,0.1,0.8,4.0,946.0,0.0,0.0,0.25792811839323465
14.0,8.0,34.0,0.3,0.1,0.8,4.0,962.0,0.0,0.0,0.25675675675675674
14.0,8.0,35.0,0.3,0.1,0.8,4.0,887.0,0.0,0.0,0.2615558060879369
14.0,8.0,36.0,0.3,0.1,0.8,4.0,903.0,0.0,0.0,0.2602436323366556
14.0,8.0,37.0,0.3,0.1,0.8,4.0,873.0,0.0,0.0,0.2623138602520046
14.0,8.0,38.0,0.3,0.1,0.8,4.0,887.0,0.0,0.0,0.26042841037204056
14.0,8.0,39.0,0.3,0.1,0.8,4.0,859.0,0.0,0.0,0.26426076833527357
14.0,8.0,40.0,0.3,0.1,0.8,4.0,875.0,0.0,0.0,0.26285714285714284
14.0,8.0,41.0,0.3,0.1,0.8,4.0,848.0,0.0,0.0,0.2665094339622642
14.0,8.0,42.0,0.3,0.1,0.8,4.0,847.0,0.0,0.0,0.2680047225501771
14.0,8.0,43.0,0.3,0.1,0.8,4.0,835.0,0.0,0.0,0.26706586826347306
14.0,8.0,44.0,0.3,0.1,0.8,4.0,835.0,0.0,0.0,0.2682634730538922
14.0,8.0,45.0,0.3,0.1,0.8,4.0,799.0,0.0,0.0,0.41051314142678347
14.0,8.0,46.0,0.3,0.1,0.8,4.0,799.0,0.0,0.0,0.41051314142678347
14.0,8.0,47.0,0.3,0.1,0.8,4.0,799.0,0.0,0.0,0.41051314142678347
14.0,8.0,48.0,0.3,0.1,0.8,4.0,799.0,0.0,0.0,0.41051314142678347
14.0,8.0,49.0,0.3,0.1,0.8,4.0,787.0,0.0,0.0,0.4078780177890724
14.0,8.0,50.0,0.3,0.1,0.8,4.0,787.0,0.0,0.0,0.4078780177890724
14.0,8.0,51.0,0.3,0.1,0.8,4.0,787.0,0.0,0.0,0.4078780177890724
14.0,8.0,52.0,0.3,0.1,0.8,4.0,787.0,0.0,0.0,0.4078780177890724
14.0,9.0,1.0,0.3,0.1,0.8,4.0,787.0,0.0,0.0,0.4078780177890724
14.0,9.0,2.0,0.3,0.1,0.8,4.0,787.0,0.0,0.0,0.4078780177890724
14.0,9.0,3.0,0.3,0.1,0.8,4.0,787.0,0.0,0.0,0.4078780177890724
14.0,9.0,4.0,0.3,0.1,0.8,4.0,787.0,0.0,0.0,0.4078780177890724
14.0,9.0,5.0,0.3,0.1,0.8,4.0,785.0,0.0,0.0,0.4089171974522293
14.0,9.0,6.0,0.3,0.1,0.8,4.0,784.0,0.0,0.0,0.4094387755102041
14.0,9.0,7.0,0.3,0.1,0.8,4.0,784.0,0.0,0.0,0.4094387755102041
14.0,9.0,8.0,0.3,0.1,0.8,4.0,772.0,0.0,0.0,0.4106217616580311
14.0,9.0,9.0,0.3,0.1,0.8,4.0,768.0,0.0,0.0,0.4114583333333333
14.0,9.0,10.0,0.3,0.1,0.8,4.0,765.0,0.0,0.0,0.4117647058823529
14.0,9.0,11.0,0.3,0.1,0.8,4.0,764.0,0.0,0.0,0.4109947643979058
14.0,9.0,12.0,0.3,0.1,0.8,4.0,762.0,0.0,0.0,0.4120734908136483
14.0,9.0,13.0,0.3,0.1,0.8,4.0,762.0,0.0,0.0,0.4120734908136483
14.0,9.0,14.0,0.3,0.1,0.8,4.0,762.0,0.0,0.0,0.4120734908136483
14.0,9.0,15.0,0.3,0.1,0.8,4.0,761.0,0.0,0.0,0.4126149802890933
14.0,9.0,16.0,0.3,0.1,0.8,4.0,760.0,0.0,0.0,0.4131578947368421
14.0,9.0,17.0,0.3,0.1,0.8,4.0,760.0,0.0,0.0,0.4131578947368421
14.0,9.0,18.0,0.3,0.1,0.8,4.0,760.0,0.0,0.0,0.4131578947368421
14.0,9.0,19.0,0.3,0.1,0.8,4.0,760.0,0.0,0.0,0.4131578947368421
14.0,9.0,20.0,0.3,0.1,0.8,4.0,1307.0,0.0,0.0,0.2272379495026779
14.0,9.0,21.0,0.3,0.1,0.8,4.0,1276.0,0.0,0.0,0.22648902821316613
14.0,9.0,22.0,0.3,0.1,0.8,4.0,1244.0,0.0,0.0,0.22909967845659163
14.0,9.0,23.0,0.3,0.1,0.8,4.0,1220.0,0.0,0.0,0.230327868852459
14.0,9.0,24.0,0.3,0.1,0.8,4.0,1182.0,0.0,0.0,0.233502538071066
14.0,9.0,25.0,0.3,0.1,0.8,4.0,1125.0,0.0,0.0,0.24177777777777779
14.0,9.0,26.0,0.3,0.1,0.8,4.0,1094.0,0.0,0.0,0.2449725776965265
14.0,9.0,27.0,0.3,0.1,0.8,4.0,1092.0,0.0,0.0,0.2454212454212454
14.0,9.0,28.0,0.3,0.1,0.8,4.0,1094.0,0.0,0.0,0.2449725776965265
14.0,9.0,29.0,0.3,0.1,0.8,4.0,1092.0,0.0,0.0,0.2454212454212454
14.0,9.0,30.0,0.3,0.1,0.8,4.0,1083.0,0.0,0.0,0.247460757156048
14.0,9.0,31.0,0.3,0.1,0.8,4.0,1065.0,0.0,0.0,0.2507042253521127
14.0,9.0,32.0,0.3,0.1,0.8,4.0,1020.0,0.0,0.0,0.25588235294117645
14.0,9.0,33.0,0.3,0.1,0.8,4.0,983.0,0.0,0.0,0.25839267548321465
14.0,9.0,34.0,0.3,0.1,0.8,4.0,956.0,0.0,0.0,0.2615062761506276
14.0,9.0,35.0,0.3,0.1,0.8,4.0,943.0,0.0,0.0,0.264050901378579
14.0,9.0,36.0,0.3,0.1,0.8,4.0,921.0,0.0,0.0,0.26384364820846906
14.0,9.0,37.0,0.3,0.1,0.8,4.0,907.0,0.0,0.0,0.2624035281146637
14.0,9.0,38.0,0.3,0.1,0.8,4.0,909.0,0.0,0.0,0.26182618261826185
14.0,9.0,39.0,0.3,0.1,0.8,4.0,907.0,0.0,0.0,0.2624035281146637
14.0,9.0,40.0,0.3,0.1,0.8,4.0,896.0,0.0,0.0,0.26450892857142855
14.0,9.0,41.0,0.3,0.1,0.8,4.0,860.0,0.0,0.0,0.2686046511627907
14.0,9.0,42.0,0.3,0.1,0.8,4.0,862.0,0.0,0.0,0.2679814385150812
14.0,9.0,43.0,0.3,0.1,0.8,4.0,860.0,0.0,0.0,0.2686046511627907
14.0,9.0,44.0,0.3,0.1,0.8,4.0,862.0,0.0,0.0,0.2679814385150812
14.0,9.0,45.0,0.3,0.1,0.8,4.0,860.0,0.0,0.0,0.44302325581395346
14.0,9.0,46.0,0.3,0.1,0.8,4.0,847.0,0.0,0.0,0.4427390791027155
14.0,9.0,47.0,0.3,0.1,0.8,4.0,845.0,0.0,0.0,0.4437869822485207
14.0,9.0,48.0,0.3,0.1,0.8,4.0,846.0,0.0,0.0,0.4432624113475177
14.0,9.0,49.0,0.3,0.1,0.8,4.0,844.0,0.0,0.0,0.4443127962085308
14.0,9.0,50.0,0.3,0.1,0.8,4.0,846.0,0.0,0.0,0.4432624113475177
14.0,9.0,51.0,0.3,0.1,0.8,4.0,833.0,0.0,0.0,0.44537815126050423
14.0,9.0,52.0,0.3,0.1,0.8,4.0,834.0,0.0,0.0,0.44364508393285373
14.0,10.0,1.0,0.3,0.1,0.8,4.0,833.0,0.0,0.0,0.44537815126050423
14.0,10.0,2.0,0.3,0.1,0.8,4.0,834.0,0.0,0.0,0.44364508393285373
14.0,10.0,3.0,0.3,0.1,0.8,4.0,833.0,0.0,0.0,0.44537815126050423
14.0,10.0,4.0,0.3,0.1,0.8,4.0,833.0,0.0,0.0,0.4429771908763505
14.0,10.0,5.0,0.3,0.1,0.8,4.0,831.0,0.0,0.0,0.4452466907340554
14.0,10.0,6.0,0.3,0.1,0.8,4.0,832.0,0.0,0.0,0.44350961538461536
14.0,10.0,7.0,0.3,0.1,0.8,4.0,830.0,0.0,0.0,0.4457831325301205
14.0,10.0,8.0,0.3,0.1,0.8,4.0,832.0,0.0,0.0,0.44350961538461536
14.0,10.0,9.0,0.3,0.1,0.8,4.0,832.0,0.0,0.0,0.44471153846153844
14.0,10.0,10.0,0.3,0.1,0.8,4.0,829.0,0.0,0.0,0.4439083232810615
14.0,10.0,11.0,0.3,0.1,0.8,4.0,818.0,0.0,0.0,0.44621026894865523
14.0,10.0,12.0,0.3,0.1,0.8,4.0,817.0,0.0,0.0,0.4455324357405141
14.0,10.0,13.0,0.3,0.1,0.8,4.0,814.0,0.0,0.0,0.44717444717444715
14.0,10.0,14.0,0.3,0.1,0.8,4.0,815.0,0.0,0.0,0.4466257668711656
14.0,10.0,15.0,0.3,0.1,0.8,4.0,798.0,0.0,0.0,0.45363408521303256
14.0,10.0,16.0,0.3,0.1,0.8,4.0,802.0,0.0,0.0,0.4513715710723192
14.0,10.0,17.0,0.3,0.1,0.8,4.0,798.0,0.0,0.0,0.45363408521303256
14.0,10.0,18.0,0.3,0.1,0.8,4.0,801.0,0.0,0.0,0.4519350811485643
14.0,10.0,19.0,0.3,0.1,0.8,4.0,797.0,0.0,0.0,0.45420326223337515
14.0,10.0,20.0,0.3,0.1,0.8,4.0,1417.0,0.0,0.0,0.24206069160197602
14.0,10.0,21.0,0.3,0.1,0.8,4.0,1360.0,0.0,0.0,0.24411764705882352
14.0,10.0,22.0,0.3,0.1,0.8,4.0,1354.0,0.0,0.0,0.24372230428360414
14.0,10.0,23.0,0.3,0.1,0.8,4.0,1298.0,0.0,0.0,0.24961479198767333
14.0,10.0,24.0,0.3,0.1,0.8,4.0,1289.0,0.0,0.0,0.24980605120248253
14.0,10.0,25.0,0.3,0.1,0.8,4.0,1239.0,0.0,0.0,0.255044390637611
14.0,10.0,26.0,0.3,0.1,0.8,4.0,1245.0,0.0,0.0,0.25301204819277107
14.0,10.0,27.0,0.3,0.1,0.8,4.0,1228.0,0.0,0.0,0.254885993485342
14.0,10.0,28.0,0.3,0.1,0.8,4.0,1163.0,0.0,0.0,0.26053310404127256
14.0,10.0,29.0,0.3,0.1,0.8,4.0,1103.0,0.0,0.0,0.26835902085222124
14.0,10.0,30.0,0.3,0.1,0.8,4.0,1086.0,0.0,0.0,0.26979742173112337
14.0,10.0,31.0,0.3,0.1,0.8,4.0,1061.0,0.0,0.0,0.27238454288407166
14.0,10.0,32.0,0.3,0.1,0.8,4.0,1056.0,0.0,0.0,0.2708333333333333
14.0,10.0,33.0,0.3,0.1,0.8,4.0,1050.0,0.0,0.0,0.2733333333333333
14.0,10.0,34.0,0.3,0.1,0.8,4.0,1034.0,0.0,0.0,0.2678916827852998
14.0,10.0,35.0,0.3,0.1,0.8,4.0,1027.0,0.0,0.0,0.27069133398247325
14.0,10.0,36.0,0.3,0.1,0.8,4.0,1033.0,0.0,0.0,0.2681510164569216
14.0,10.0,37.0,0.3,0.1,0.8,4.0,999.0,0.0,0.0,0.2702702702702703
14.0,10.0,38.0,0.3,0.1,0.8,4.0,993.0,0.0,0.0,0.26686807653575023
14.0,10.0,39.0,0.3,0.1,0.8,4.0,987.0,0.0,0.0,0.2695035460992908
14.0,10.0,40.0,0.3,0.1,0.8,4.0,968.0,0.0,0.0,0.26962809917355374
14.0,10.0,41.0,0.3,0.1,0.8,4.0,939.0,0.0,0.0,0.27582534611288606
14.0,10.0,42.0,0.3,0.1,0.8,4.0,945.0,0.0,0.0,0.273015873015873
14.0,10.0,43.0,0.3,0.1,0.8,4.0,939.0,0.0,0.0,0.27582534611288606
14.0,10.0,44.0,0.3,0.1,0.8,4.0,945.0,0.0,0.0,0.273015873015873
14.0,10.0,45.0,0.3,0.1,0.8,4.0,939.0,0.0,0.0,0.42385516506922255
14.0,10.0,46.0,0.3,0.1,0.8,4.0,934.0,0.0,0.0,0.4229122055674518
14.0,10.0,47.0,0.3,0.1,0.8,4.0,928.0,0.0,0.0,0.4245689655172414
14.0,10.0,48.0,0.3,0.1,0.8,4.0,922.0,0.0,0.0,0.4229934924078091
14.0,10.0,49.0,0.3,0.1,0.8,4.0,896.0,0.0,0.0,0.4296875
14.0,10.0,50.0,0.3,0.1,0.8,4.0,902.0,0.0,0.0,0.4279379157427938
14.0,10.0,51.0,0.3,0.1,0.8,4.0,898.0,0.0,0.0,0.4298440979955457
14.0,10.0,52.0,0.3,0.1,0.8,4.0,902.0,0.0,0.0,0.4279379157427938
15.0,1.0,1.0,0.3,0.1,0.8,4.0,5183.0,51.0,7.0,0.3009839861084314
15.0,1.0,2.0,0.3,0.1,0.8,4.0,5149.0,60.0,19.0,0.29966983880365117
15.0,1.0,3.0,0.3,0.1,0.8,4.0,5094.0,71.0,31.0,0.3025127601099333
15.0,1.0,4.0,0.3,0.1,0.8,4.0,5061.0,81.0,41.0,0.30428769017980634
15.0,1.0,5.0,0.3,0.1,0.8,4.0,5069.0,106.0,38.0,0.30341290195304793
15.0,1.0,6.0,0.3,0.1,0.8,4.0,4985.0,118.0,41.0,0.3021063189568706
15.0,1.0,7.0,0.3,0.1,0.8,4.0,4840.0,123.0,45.0,0.3018595041322314
15.0,1.0,8.0,0.3,0.1,0.8,4.0,4691.0,153.0,61.0,0.30206778938392664
15.0,1.0,9.0,0.3,0.1,0.8,4.0,4530.0,173.0,70.0,0.3022075055187638
15.0,1.0,10.0,0.3,0.1,0.8,4.0,4407.0,181.0,82.0,0.30428863172226006
15.0,1.0,11.0,0.3,0.1,0.8,4.0,4235.0,193.0,89.0,0.30413223140495865
15.0,1.0,12.0,0.3,0.1,0.8,4.0,4174.0,213.0,95.0,0.30737901293723047
15.0,1.0,13.0,0.3,0.1,0.8,4.0,3984.0,208.0,94.0,0.3107429718875502
15.0,1.0,14.0,0.3,0.1,0.8,4.0,3904.0,213.0,99.0,0.31121926229508196
15.0,1.0,15.0,0.3,0.1,0.8,4.0,3780.0,218.0,110.0,0.31375661375661373
15.0,1.0,16.0,0.3,0.1,0.8,4.0,3690.0,214.0,102.0,0.31842818428184283
15.0,1.0,17.0,0.3,0.1,0.8,4.0,3583.0,214.0,94.0,0.3212391850404689
15.0,1.0,18.0,0.3,0.1,0.8,4.0,3477.0,193.0,92.0,0.3252804141501294
15.0,1.0,19.0,0.3,0.1,0.8,4.0,3363.0,185.0,97.0,0.32857567647933394
15.0,1.0,20.0,0.3,0.1,0.8,4.0,6303.0,187.0,94.0,0.17388545137236236
15.0,1.0,21.0,0.3,0.1,0.8,4.0,5792.0,217.0,92.0,0.1797306629834254
15.0,1.0,22.0,0.3,0.1,0.8,4.0,5401.0,223.0,76.0,0.18459544528790964
15.0,1.0,23.0,0.3,0.1,0.8,4.0,5086.0,269.0,97.0,0.18698387731026347
15.0,1.0,24.0,0.3,0.1,0.8,4.0,4752.0,266.0,106.0,0.18981481481481483
15.0,1.0,25.0,0.3,0.1,0.8,4.0,4664.0,295.0,137.0,0.18975128644939965
15.0,1.0,26.0,0.3,0.1,0.8,4.0,4442.0,300.0,131.0,0.19293111211166142
15.0,1.0,27.0,0.3,0.1,0.8,4.0,4209.0,302.0,124.0,0.19624613922546924
15.0,1.0,28.0,0.3,0.1,0.8,4.0,3961.0,313.0,117.0,0.2014642766978036
15.0,1.0,29.0,0.3,0.1,0.8,4.0,3826.0,335.0,142.0,0.20569785676947203
15.0,1.0,30.0,0.3,0.1,0.8,4.0,3654.0,367.0,157.0,0.21154898741105638
15.0,1.0,31.0,0.3,0.1,0.8,4.0,3434.0,369.0,170.0,0.21490972626674432
15.0,1.0,32.0,0.3,0.1,0.8,4.0,3234.0,359.0,168.0,0.22294372294372294
15.0,1.0,33.0,0.3,0.1,0.8,4.0,3116.0,371.0,176.0,0.22913992297817715
15.0,1.0,34.0,0.3,0.1,0.8,4.0,2963.0,357.0,181.0,0.23489706378670266
15.0,1.0,35.0,0.3,0.1,0.8,4.0,2820.0,341.0,158.0,0.2397163120567376
15.0,1.0,36.0,0.3,0.1,0.8,4.0,2704.0,337.0,148.0,0.2470414201183432
15.0,1.0,37.0,0.3,0.1,0.8,4.0,2579.0,318.0,148.0,0.25397440868553706
15.0,1.0,38.0,0.3,0.1,0.8,4.0,2495.0,322.0,146.0,0.26012024048096194
15.0,1.0,39.0,0.3,0.1,0.8,4.0,2410.0,304.0,151.0,0.26639004149377593
15.0,1.0,40.0,0.3,0.1,0.8,4.0,2302.0,283.0,146.0,0.2728062554300608
15.0,1.0,41.0,0.3,0.1,0.8,4.0,2169.0,261.0,132.0,0.2798524665744583
15.0,1.0,42.0,0.3,0.1,0.8,4.0,2073.0,248.0,126.0,0.28605885190545105
15.0,1.0,43.0,0.3,0.1,0.8,4.0,1969.0,216.0,109.0,0.29812087353986794
15.0,1.0,44.0,0.3,0.1,0.8,4.0,1893.0,208.0,108.0,0.30427892234548337
15.0,1.0,45.0,0.3,0.1,0.8,4.0,1843.0,185.0,98.0,0.46934346174715136
15.0,1.0,46.0,0.3,0.1,0.8,4.0,1745.0,156.0,81.0,0.4808022922636103
15.0,1.0,47.0,0.3,0.1,0.8,4.0,1718.0,136.0,69.0,0.48661233993015135
15.0,1.0,48.0,0.3,0.1,0.8,4.0,1650.0,117.0,60.0,0.49454545454545457
15.0,1.0,49.0,0.3,0.1,0.8,4.0,1612.0,104.0,59.0,0.5012406947890818
15.0,1.0,50.0,0.3,0.1,0.8,4.0,1572.0,94.0,57.0,0.5050890585241731
15.0,1.0,51.0,0.3,0.1,0.8,4.0,1534.0,68.0,47.0,0.5052151238591917
15.0,1.0,52.0,0.3,0.1,0.8,4.0,1481.0,54.0,35.0,0.511816340310601
15.0,2.0,1.0,0.3,0.1,0.8,4.0,1471.0,52.0,30.0,0.512576478585996
15.0,2.0,2.0,0.3,0.1,0.8,4.0,1432.0,43.0,21.0,0.5188547486033519
15.0,2.0,3.0,0.3,0.1,0.8,4.0,1433.0,38.0,22.0,0.5212840195394278
15.0,2.0,4.0,0.3,0.1,0.8,4.0,1403.0,30.0,19.0,0.5253029223093372
15.0,2.0,5.0,0.3,0.1,0.8,4.0,1387.0,28.0,17.0,0.5263157894736842
15.0,2.0,6.0,0.3,0.1,0.8,4.0,1361.0,21.0,11.0,0.5290227773695811
15.0,2.0,7.0,0.3,0.1,0.8,4.0,1355.0,20.0,11.0,0.5291512915129152
15.0,2.0,8.0,0.3,0.1,0.8,4.0,1342.0,17.0,9.0,0.5312965722801788
15.0,2.0,9.0,0.3,0.1,0.8,4.0,1334.0,17.0,9.0,0.5314842578710645
15.0,2.0,10.0,0.3,0.1,0.8,4.0,1312.0,16.0,5.0,0.5350609756097561
15.0,2.0,11.0,0.3,0.1,0.8,4.0,1307.0,16.0,7.0,0.5363427697016068
15.0,2.0,12.0,0.3,0.1,0.8,4.0,1275.0,14.0,7.0,0.5341176470588235
15.0,2.0,13.0,0.3,0.1,0.8,4.0,1273.0,16.0,7.0,0.5333857030636292
15.0,2.0,14.0,0.3,0.1,0.8,4.0,1259.0,13.0,6.0,0.5369340746624305
15.0,2.0,15.0,0.3,0.1,0.8,4.0,1250.0,13.0,7.0,0.5328
15.0,2.0,16.0,0.3,0.1,0.8,4.0,1235.0,14.0,9.0,0.5360323886639676
15.0,2.0,17.0,0.3,0.1,0.8,4.0,1222.0,15.0,8.0,0.5335515548281505
15.0,2.0,18.0,0.3,0.1,0.8,4.0,1191.0,14.0,8.0,0.5365239294710328
15.0,2.0,19.0,0.3,0.1,0.8,4.0,1188.0,13.0,6.0,0.5345117845117845
15.0,2.0,20.0,0.3,0.1,0.8,4.0,2128.0,11.0,6.0,0.29605263157894735
15.0,2.0,21.0,0.3,0.1,0.8,4.0,2057.0,10.0,7.0,0.29411764705882354
15.0,2.0,22.0,0.3,0.1,0.8,4.0,1971.0,14.0,6.0,0.29578893962455605
15.0,2.0,23.0,0.3,0.1,0.8,4.0,1926.0,19.0,5.0,0.29698857736240913
15.0,2.0,24.0,0.3,0.1,0.8,4.0,1901.0,19.0,7.0,0.29721199368753287
15.0,2.0,25.0,0.3,0.1,0.8,4.0,1868.0,20.0,8.0,0.30085653104925053
15.0,2.0,26.0,0.3,0.1,0.8,4.0,1811.0,21.0,13.0,0.3036996134732192
15.0,2.0,27.0,0.3,0.1,0.8,4.0,1793.0,19.0,8.0,0.305633017289459
15.0,2.0,28.0,0.3,0.1,0.8,4.0,1742.0,22.0,9.0,0.3099885189437428
15.0,2.0,29.0,0.3,0.1,0.8,4.0,1724.0,23.0,9.0,0.30974477958236657
15.0,2.0,30.0,0.3,0.1,0.8,4.0,1665.0,28.0,14.0,0.3105105105105105
15.0,2.0,31.0,0.3,0.1,0.8,4.0,1652.0,33.0,14.0,0.30871670702179177
15.0,2.0,32.0,0.3,0.1,0.8,4.0,1611.0,35.0,13.0,0.31036623215394166
15.0,2.0,33.0,0.3,0.1,0.8,4.0,1572.0,41.0,11.0,0.31297709923664124
15.0,2.0,34.0,0.3,0.1,0.8,4.0,1493.0,42.0,15.0,0.31480241125251174
15.0,2.0,35.0,0.3,0.1,0.8,4.0,1471.0,31.0,17.0,0.318830727396329
15.0,2.0,36.0,0.3,0.1,0.8,4.0,1417.0,35.0,16.0,0.32462949894142556
15.0,2.0,37.0,0.3,0.1,0.8,4.0,1364.0,37.0,12.0,0.32331378299120234
15.0,2.0,38.0,0.3,0.1,0.8,4.0,1301.0,27.0,11.0,0.3312836279784781
15.0,2.0,39.0,0.3,0.1,0.8,4.0,1299.0,33.0,16.0,0.33102386451116245
15.0,2.0,40.0,0.3,0.1,0.8,4.0,1241.0,35.0,20.0,0.33279613215149073
15.0,2.0,41.0,0.3,0.1,0.8,4.0,1237.0,37.0,19.0,0.3322554567502021
15.0,2.0,42.0,0.3,0.1,0.8,4.0,1216.0,44.0,18.0,0.3371710526315789
15.0,2.0,43.0,0.3,0.1,0.8,4.0,1212.0,39.0,15.0,0.334983498349835
15.0,2.0,44.0,0.3,0.1,0.8,4.0,1159.0,38.0,18.0,0.34167385677308026
15.0,2.0,45.0,0.3,0.1,0.8,4.0,1148.0,45.0,24.0,0.48606271777003485
15.0,2.0,46.0,0.3,0.1,0.8,4.0,1116.0,44.0,25.0,0.492831541218638
15.0,2.0,47.0,0.3,0.1,0.8,4.0,1087.0,40.0,23.0,0.49126034958601655
15.0,2.0,48.0,0.3,0.1,0.8,4.0,1049.0,31.0,17.0,0.4918970448045758
15.0,2.0,49.0,0.3,0.1,0.8,4.0,971.0,23.0,16.0,0.4963954685890834
15.0,2.0,50.0,0.3,0.1,0.8,4.0,962.0,17.0,14.0,0.5
15.0,2.0,51.0,0.3,0.1,0.8,4.0,956.0,16.0,11.0,0.4989539748953975
15.0,2.0,52.0,0.3,0.1,0.8,4.0,946.0,15.0,6.0,0.5042283298097252
15.0,3.0,1.0,0.3,0.1,0.8,4.0,933.0,13.0,5.0,0.5058949624866024
15.0,3.0,2.0,0.3,0.1,0.8,4.0,930.0,13.0,6.0,0.510752688172043
15.0,3.0,3.0,0.3,0.1,0.8,4.0,920.0,13.0,7.0,0.508695652173913
15.0,3.0,4.0,0.3,0.1,0.8,4.0,904.0,11.0,6.0,0.5154867256637168
15.0,3.0,5.0,0.3,0.1,0.8,4.0,899.0,9.0,5.0,0.5105672969966629
15.0,3.0,6.0,0.3,0.1,0.8,4.0,879.0,7.0,4.0,0.5142207053469852
15.0,3.0,7.0,0.3,0.1,0.8,4.0,877.0,5.0,4.0,0.5096921322690992
15.0,3.0,8.0,0.3,0.1,0.8,4.0,873.0,4.0,3.0,0.5154639175257731
15.0,3.0,9.0,0.3,0.1,0.8,4.0,868.0,4.0,2.0,0.5080645161290323
15.0,3.0,10.0,0.3,0.1,0.8,4.0,855.0,2.0,2.0,0.5169590643274854
15.0,3.0,11.0,0.3,0.1,0.8,4.0,855.0,4.0,2.0,0.5111111111111111
15.0,3.0,12.0,0.3,0.1,0.8,4.0,851.0,5.0,3.0,0.5170387779083431
15.0,3.0,13.0,0.3,0.1,0.8,4.0,845.0,3.0,1.0,0.5124260355029586
15.0,3.0,14.0,0.3,0.1,0.8,4.0,838.0,4.0,1.0,0.5190930787589498
15.0,3.0,15.0,0.3,0.1,0.8,4.0,829.0,3.0,0.0,0.5138721351025332
15.0,3.0,16.0,0.3,0.1,0.8,4.0,828.0,3.0,1.0,0.5205314009661836
15.0,3.0,17.0,0.3,0.1,0.8,4.0,822.0,3.0,1.0,0.5109489051094891
15.0,3.0,18.0,0.3,0.1,0.8,4.0,819.0,4.0,2.0,0.5177045177045178
15.0,3.0,19.0,0.3,0.1,0.8,4.0,815.0,4.0,2.0,0.5128834355828221
15.0,3.0,20.0,0.3,0.1,0.8,4.0,1538.0,4.0,2.0,0.2743823146944083
15.0,3.0,21.0,0.3,0.1,0.8,4.0,1467.0,4.0,2.0,0.27334696659850033
15.0,3.0,22.0,0.3,0.1,0.8,4.0,1409.0,3.0,2.0,0.2789212207239177
15.0,3.0,23.0,0.3,0.1,0.8,4.0,1419.0,4.0,2.0,0.2741367159971811
15.0,3.0,24.0,0.3,0.1,0.8,4.0,1383.0,3.0,1.0,0.279826464208243
15.0,3.0,25.0,0.3,0.1,0.8,4.0,1375.0,2.0,0.0,0.27854545454545454
15.0,3.0,26.0,0.3,0.1,0.8,4.0,1331.0,2.0,1.0,0.28399699474079637
15.0,3.0,27.0,0.3,0.1,0.8,4.0,1325.0,2.0,1.0,0.27773584905660376
15.0,3.0,28.0,0.3,0.1,0.8,4.0,1307.0,2.0,1.0,0.28079571537872994
15.0,3.0,29.0,0.3,0.1,0.8,4.0,1298.0,4.0,1.0,0.2765793528505393
15.0,3.0,30.0,0.3,0.1,0.8,4.0,1277.0,4.0,1.0,0.2803445575567737
15.0,3.0,31.0,0.3,0.1,0.8,4.0,1251.0,4.0,1.0,0.2789768185451639
15.0,3.0,32.0,0.3,0.1,0.8,4.0,1203.0,3.0,0.0,0.2826267664172901
15.0,3.0,33.0,0.3,0.1,0.8,4.0,1200.0,3.0,2.0,0.2758333333333333
15.0,3.0,34.0,0.3,0.1,0.8,4.0,1158.0,4.0,3.0,0.2849740932642487
15.0,3.0,35.0,0.3,0.1,0.8,4.0,1170.0,5.0,3.0,0.27692307692307694
15.0,3.0,36.0,0.3,0.1,0.8,4.0,1125.0,3.0,3.0,0.2817777777777778
15.0,3.0,37.0,0.3,0.1,0.8,4.0,1113.0,3.0,2.0,0.2749326145552561
15.0,3.0,38.0,0.3,0.1,0.8,4.0,1077.0,5.0,2.0,0.2822655524605385
15.0,3.0,39.0,0.3,0.1,0.8,4.0,1065.0,3.0,1.0,0.27417840375586855
15.0,3.0,40.0,0.3,0.1,0.8,4.0,1036.0,3.0,2.0,0.28185328185328185
15.0,3.0,41.0,0.3,0.1,0.8,4.0,1031.0,5.0,3.0,0.27158098933074687
15.0,3.0,42.0,0.3,0.1,0.8,4.0,1010.0,6.0,3.0,0.28415841584158413
15.0,3.0,43.0,0.3,0.1,0.8,4.0,998.0,7.0,2.0,0.2725450901803607
15.0,3.0,44.0,0.3,0.1,0.8,4.0,966.0,7.0,3.0,0.2815734989648033
15.0,3.0,45.0,0.3,0.1,0.8,4.0,950.0,5.0,3.0,0.44105263157894736
15.0,3.0,46.0,0.3,0.1,0.8,4.0,934.0,5.0,3.0,0.4421841541755889
15.0,3.0,47.0,0.3,0.1,0.8,4.0,933.0,3.0,2.0,0.4362272240085745
15.0,3.0,48.0,0.3,0.1,0.8,4.0,917.0,2.0,2.0,0.4416575790621592
15.0,3.0,49.0,0.3,0.1,0.8,4.0,879.0,2.0,2.0,0.43458475540386804
15.0,3.0,50.0,0.3,0.1,0.8,4.0,862.0,2.0,1.0,0.4419953596287703
15.0,3.0,51.0,0.3,0.1,0.8,4.0,840.0,2.0,0.0,0.4380952380952381
15.0,3.0,52.0,0.3,0.1,0.8,4.0,844.0,2.0,0.0,0.4419431279620853
15.0,4.0,1.0,0.3,0.1,0.8,4.0,830.0,2.0,1.0,0.43373493975903615
15.0,4.0,2.0,0.3,0.1,0.8,4.0,833.0,2.0,1.0,0.43937575030012005
15.0,4.0,3.0,0.3,0.1,0.8,4.0,821.0,2.0,1.0,0.4348355663824604
15.0,4.0,4.0,0.3,0.1,0.8,4.0,830.0,1.0,1.0,0.43734939759036146
15.0,4.0,5.0,0.3,0.1,0.8,4.0,795.0,1.0,1.0,0.4289308176100629
15.0,4.0,6.0,0.3,0.1,0.8,4.0,807.0,1.0,1.0,0.4349442379182156
15.0,4.0,7.0,0.3,0.1,0.8,4.0,777.0,0.0,0.0,0.42857142857142855
15.0,4.0,8.0,0.3,0.1,0.8,4.0,787.0,0.0,0.0,0.43456162642947904
15.0,4.0,9.0,0.3,0.1,0.8,4.0,756.0,0.0,0.0,0.42857142857142855
15.0,4.0,10.0,0.3,0.1,0.8,4.0,764.0,0.0,0.0,0.43848167539267013
15.0,4.0,11.0,0.3,0.1,0.8,4.0,751.0,0.0,0.0,0.43009320905459386
15.0,4.0,12.0,0.3,0.1,0.8,4.0,749.0,0.0,0.0,0.4392523364485981
15.0,4.0,13.0,0.3,0.1,0.8,4.0,733.0,0.0,0.0,0.4297407912687585
15.0,4.0,14.0,0.3,0.1,0.8,4.0,745.0,0.0,0.0,0.44026845637583895
15.0,4.0,15.0,0.3,0.1,0.8,4.0,728.0,0.0,0.0,0.43131868131868134
15.0,4.0,16.0,0.3,0.1,0.8,4.0,741.0,0.0,0.0,0.4399460188933873
15.0,4.0,17.0,0.3,0.1,0.8,4.0,727.0,0.0,0.0,0.4305364511691884
15.0,4.0,18.0,0.3,0.1,0.8,4.0,740.0,0.0,0.0,0.4391891891891892
15.0,4.0,19.0,0.3,0.1,0.8,4.0,722.0,0.0,0.0,0.4293628808864266
15.0,4.0,20.0,0.3,0.1,0.8,4.0,1304.0,0.0,0.0,0.24386503067484663
15.0,4.0,21.0,0.3,0.1,0.8,4.0,1259.0,0.0,0.0,0.23828435266084194
15.0,4.0,22.0,0.3,0.1,0.8,4.0,1228.0,0.0,0.0,0.247557003257329
15.0,4.0,23.0,0.3,0.1,0.8,4.0,1206.0,0.0,0.0,0.24129353233830847
15.0,4.0,24.0,0.3,0.1,0.8,4.0,1205.0,0.0,0.0,0.24730290456431536
15.0,4.0,25.0,0.3,0.1,0.8,4.0,1185.0,0.0,0.0,0.24472573839662448
15.0,4.0,26.0,0.3,0.1,0.8,4.0,1157.0,0.0,0.0,0.2549697493517718
15.0,4.0,27.0,0.3,0.1,0.8,4.0,1122.0,0.0,0.0,0.24866310160427807
15.0,4.0,28.0,0.3,0.1,0.8,4.0,1104.0,0.0,0.0,0.2554347826086957
15.0,4.0,29.0,0.3,0.1,0.8,4.0,1076.0,0.0,0.0,0.25185873605947956
15.0,4.0,30.0,0.3,0.1,0.8,4.0,1032.0,0.0,0.0,0.25872093023255816
15.0,4.0,31.0,0.3,0.1,0.8,4.0,1025.0,0.0,0.0,0.25365853658536586
15.0,4.0,32.0,0.3,0.1,0.8,4.0,1009.0,0.0,0.0,0.2606541129831516
15.0,4.0,33.0,0.3,0.1,0.8,4.0,989.0,0.0,0.0,0.2537917087967644
15.0,4.0,34.0,0.3,0.1,0.8,4.0,974.0,0.0,0.0,0.2597535934291581
15.0,4.0,35.0,0.3,0.1,0.8,4.0,946.0,0.0,0.0,0.2536997885835095
15.0,4.0,36.0,0.3,0.1,0.8,4.0,941.0,0.0,0.0,0.25717321997874604
15.0,4.0,37.0,0.3,0.1,0.8,4.0,926.0,0.0,0.0,0.24946004319654427
15.0,4.0,38.0,0.3,0.1,0.8,4.0,880.0,0.0,0.0,0.2556818181818182
15.0,4.0,39.0,0.3,0.1,0.8,4.0,873.0,0.0,0.0,0.2508591065292096
15.0,4.0,40.0,0.3,0.1,0.8,4.0,863.0,0.0,0.0,0.25028968713789107
15.0,4.0,41.0,0.3,0.1,0.8,4.0,862.0,0.0,0.0,0.2482598607888631
15.0,4.0,42.0,0.3,0.1,0.8,4.0,854.0,0.0,0.0,0.24941451990632318
15.0,4.0,43.0,0.3,0.1,0.8,4.0,856.0,0.0,0.0,0.25116822429906543
15.0,4.0,44.0,0.3,0.1,0.8,4.0,842.0,0.0,0.0,0.2529691211401425
15.0,4.0,45.0,0.3,0.1,0.8,4.0,833.0,0.0,0.0,0.4237695078031212
15.0,4.0,46.0,0.3,0.1,0.8,4.0,828.0,0.0,0.0,0.42391304347826086
15.0,4.0,47.0,0.3,0.1,0.8,4.0,828.0,0.0,0.0,0.4214975845410628
15.0,4.0,48.0,0.3,0.1,0.8,4.0,782.0,0.0,0.0,0.4219948849104859
15.0,4.0,49.0,0.3,0.1,0.8,4.0,731.0,0.0,0.0,0.42270861833105333
15.0,4.0,50.0,0.3,0.1,0.8,4.0,723.0,0.0,0.0,0.42738589211618255
15.0,4.0,51.0,0.3,0.1,0.8,4.0,728.0,0.0,0.0,0.4230769230769231
15.0,4.0,52.0,0.3,0.1,0.8,4.0,726.0,0.0,0.0,0.4214876033057851
15.0,5.0,1.0,0.3,0.1,0.8,4.0,726.0,0.0,0.0,0.4228650137741047
15.0,5.0,2.0,0.3,0.1,0.8,4.0,716.0,0.0,0.0,0.4245810055865922
15.0,5.0,3.0,0.3,0.1,0.8,4.0,711.0,0.0,0.0,0.4289732770745429
15.0,5.0,4.0,0.3,0.1,0.8,4.0,703.0,0.0,0.0,0.42532005689900426
15.0,5.0,5.0,0.3,0.1,0.8,4.0,704.0,0.0,0.0,0.42613636363636365
15.0,5.0,6.0,0.3,0.1,0.8,4.0,700.0,0.0,0.0,0.4257142857142857
15.0,5.0,7.0,0.3,0.1,0.8,4.0,701.0,0.0,0.0,0.42653352353780316
15.0,5.0,8.0,0.3,0.1,0.8,4.0,697.0,0.0,0.0,0.4261119081779053
15.0,5.0,9.0,0.3,0.1,0.8,4.0,697.0,0.0,0.0,0.42754662840746055
15.0,5.0,10.0,0.3,0.1,0.8,4.0,692.0,0.0,0.0,0.42485549132947975
15.0,5.0,11.0,0.3,0.1,0.8,4.0,694.0,0.0,0.0,0.4265129682997118
15.0,5.0,12.0,0.3,0.1,0.8,4.0,690.0,0.0,0.0,0.4246376811594203
15.0,5.0,13.0,0.3,0.1,0.8,4.0,691.0,0.0,0.0,0.4283646888567294
15.0,5.0,14.0,0.3,0.1,0.8,4.0,683.0,0.0,0.0,0.4289897510980966
15.0,5.0,15.0,0.3,0.1,0.8,4.0,686.0,0.0,0.0,0.4329446064139942
15.0,5.0,16.0,0.3,0.1,0.8,4.0,681.0,0.0,0.0,0.4287812041116006
15.0,5.0,17.0,0.3,0.1,0.8,4.0,682.0,0.0,0.0,0.4310850439882698
15.0,5.0,18.0,0.3,0.1,0.8,4.0,667.0,0.0,0.0,0.4272863568215892
15.0,5.0,19.0,0.3,0.1,0.8,4.0,668.0,0.0,0.0,0.4281437125748503
15.0,5.0,20.0,0.3,0.1,0.8,4.0,1172.0,0.0,0.0,0.23976109215017063
15.0,5.0,21.0,0.3,0.1,0.8,4.0,1155.0,0.0,0.0,0.24502164502164503
15.0,5.0,22.0,0.3,0.1,0.8,4.0,1129.0,0.0,0.0,0.24357838795394154
15.0,5.0,23.0,0.3,0.1,0.8,4.0,1108.0,0.0,0.0,0.2427797833935018
15.0,5.0,24.0,0.3,0.1,0.8,4.0,1092.0,0.0,0.0,0.23901098901098902
15.0,5.0,25.0,0.3,0.1,0.8,4.0,1068.0,0.0,0.0,0.24250936329588016
15.0,5.0,26.0,0.3,0.1,0.8,4.0,1047.0,0.0,0.0,0.24259789875835722
15.0,5.0,27.0,0.3,0.1,0.8,4.0,1016.0,0.0,0.0,0.24606299212598426
15.0,5.0,28.0,0.3,0.1,0.8,4.0,1015.0,0.0,0.0,0.24236453201970443
15.0,5.0,29.0,0.3,0.1,0.8,4.0,1009.0,0.0,0.0,0.24380574826560952
15.0,5.0,30.0,0.3,0.1,0.8,4.0,995.0,0.0,0.0,0.24321608040201004
15.0,5.0,31.0,0.3,0.1,0.8,4.0,991.0,0.0,0.0,0.24520686175580222
15.0,5.0,32.0,0.3,0.1,0.8,4.0,994.0,0.0,0.0,0.24245472837022133
15.0,5.0,33.0,0.3,0.1,0.8,4.0,971.0,0.0,0.0,0.24407826982492276
15.0,5.0,34.0,0.3,0.1,0.8,4.0,942.0,0.0,0.0,0.24416135881104034
15.0,5.0,35.0,0.3,0.1,0.8,4.0,923.0,0.0,0.0,0.24702058504875407
15.0,5.0,36.0,0.3,0.1,0.8,4.0,916.0,0.0,0.0,0.24672489082969432
15.0,5.0,37.0,0.3,0.1,0.8,4.0,905.0,0.0,0.0,0.24972375690607734
15.0,5.0,38.0,0.3,0.1,0.8,4.0,903.0,0.0,0.0,0.2469545957918051
15.0,5.0,39.0,0.3,0.1,0.8,4.0,882.0,0.0,0.0,0.2528344671201814
15.0,5.0,40.0,0.3,0.1,0.8,4.0,861.0,0.0,0.0,0.25319396051103366
15.0,5.0,41.0,0.3,0.1,0.8,4.0,867.0,0.0,0.0,0.2537485582468281
15.0,5.0,42.0,0.3,0.1,0.8,4.0,847.0,0.0,0.0,0.2526564344746163
15.0,5.0,43.0,0.3,0.1,0.8,4.0,849.0,0.0,0.0,0.25206124852767964
15.0,5.0,44.0,0.3,0.1,0.8,4.0,826.0,0.0,0.0,0.2542372881355932
15.0,5.0,45.0,0.3,0.1,0.8,4.0,824.0,0.0,0.0,0.39684466019417475
15.0,5.0,46.0,0.3,0.1,0.8,4.0,820.0,0.0,0.0,0.39634146341463417
15.0,5.0,47.0,0.3,0.1,0.8,4.0,808.0,0.0,0.0,0.3997524752475248
15.0,5.0,48.0,0.3,0.1,0.8,4.0,811.0,0.0,0.0,0.3958076448828607
15.0,5.0,49.0,0.3,0.1,0.8,4.0,803.0,0.0,0.0,0.3960149439601494
15.0,5.0,50.0,0.3,0.1,0.8,4.0,805.0,0.0,0.0,0.39254658385093166
15.0,5.0,51.0,0.3,0.1,0.8,4.0,798.0,0.0,0.0,0.39223057644110276
15.0,5.0,52.0,0.3,0.1,0.8,4.0,780.0,0.0,0.0,0.39487179487179486
15.0,6.0,1.0,0.3,0.1,0.8,4.0,778.0,0.0,0.0,0.39331619537275064
15.0,6.0,2.0,0.3,0.1,0.8,4.0,777.0,0.0,0.0,0.3912483912483912
15.0,6.0,3.0,0.3,0.1,0.8,4.0,773.0,0.0,0.0,0.39327296248382926
15.0,6.0,4.0,0.3,0.1,0.8,4.0,768.0,0.0,0.0,0.3919270833333333
15.0,6.0,5.0,0.3,0.1,0.8,4.0,766.0,0.0,0.0,0.39295039164490864
15.0,6.0,6.0,0.3,0.1,0.8,4.0,765.0,0.0,0.0,0.3908496732026144
15.0,6.0,7.0,0.3,0.1,0.8,4.0,764.0,0.0,0.0,0.39397905759162305
15.0,6.0,8.0,0.3,0.1,0.8,4.0,759.0,0.0,0.0,0.3926218708827404
15.0,6.0,9.0,0.3,0.1,0.8,4.0,751.0,0.0,0.0,0.3954727030625832
15.0,6.0,10.0,0.3,0.1,0.8,4.0,747.0,0.0,0.0,0.3895582329317269
15.0,6.0,11.0,0.3,0.1,0.8,4.0,740.0,0.0,0.0,0.3932432432432432
15.0,6.0,12.0,0.3,0.1,0.8,4.0,742.0,0.0,0.0,0.3894878706199461
15.0,6.0,13.0,0.3,0.1,0.8,4.0,734.0,0.0,0.0,0.3923705722070845
15.0,6.0,14.0,0.3,0.1,0.8,4.0,736.0,0.0,0.0,0.389945652173913
15.0,6.0,15.0,0.3,0.1,0.8,4.0,730.0,0.0,0.0,0.3917808219178082
15.0,6.0,16.0,0.3,0.1,0.8,4.0,732.0,0.0,0.0,0.38934426229508196
15.0,6.0,17.0,0.3,0.1,0.8,4.0,728.0,0.0,0.0,0.39285714285714285
15.0,6.0,18.0,0.3,0.1,0.8,4.0,728.0,0.0,0.0,0.3901098901098901
15.0,6.0,19.0,0.3,0.1,0.8,4.0,725.0,0.0,0.0,0.3931034482758621
15.0,6.0,20.0,0.3,0.1,0.8,4.0,1317.0,0.0,0.0,0.21488230827638571
15.0,6.0,21.0,0.3,0.1,0.8,4.0,1232.0,0.0,0.0,0.22077922077922077
15.0,6.0,22.0,0.3,0.1,0.8,4.0,1181.0,0.0,0.0,0.2201524132091448
15.0,6.0,23.0,0.3,0.1,0.8,4.0,1136.0,0.0,0.0,0.22535211267605634
15.0,6.0,24.0,0.3,0.1,0.8,4.0,1106.0,0.0,0.0,0.22694394213381555
15.0,6.0,25.0,0.3,0.1,0.8,4.0,1033.0,0.0,0.0,0.23039690222652467
15.0,6.0,26.0,0.3,0.1,0.8,4.0,1014.0,0.0,0.0,0.22978303747534518
15.0,6.0,27.0,0.3,0.1,0.8,4.0,986.0,0.0,0.0,0.2332657200811359
15.0,6.0,28.0,0.3,0.1,0.8,4.0,972.0,0.0,0.0,0.23148148148148148
15.0,6.0,29.0,0.3,0.1,0.8,4.0,955.0,0.0,0.0,0.2356020942408377
15.0,6.0,30.0,0.3,0.1,0.8,4.0,904.0,0.0,0.0,0.23893805309734514
15.0,6.0,31.0,0.3,0.1,0.8,4.0,906.0,0.0,0.0,0.24172185430463577
15.0,6.0,32.0,0.3,0.1,0.8,4.0,892.0,0.0,0.0,0.2399103139013453
15.0,6.0,33.0,0.3,0.1,0.8,4.0,894.0,0.0,0.0,0.24272930648769575
15.0,6.0,34.0,0.3,0.1,0.8,4.0,863.0,0.0,0.0,0.23870220162224798
15.0,6.0,35.0,0.3,0.1,0.8,4.0,836.0,0.0,0.0,0.23803827751196172
15.0,6.0,36.0,0.3,0.1,0.8,4.0,815.0,0.0,0.0,0.23558282208588957
15.0,6.0,37.0,0.3,0.1,0.8,4.0,784.0,0.0,0.0,0.24872448979591838
15.0,6.0,38.0,0.3,0.1,0.8,4.0,758.0,0.0,0.0,0.25065963060686014
15.0,6.0,39.0,0.3,0.1,0.8,4.0,760.0,0.0,0.0,0.25394736842105264
15.0,6.0,40.0,0.3,0.1,0.8,4.0,758.0,0.0,0.0,0.25065963060686014
15.0,6.0,41.0,0.3,0.1,0.8,4.0,759.0,0.0,0.0,0.25428194993412384
15.0,6.0,42.0,0.3,0.1,0.8,4.0,741.0,0.0,0.0,0.25101214574898784
15.0,6.0,43.0,0.3,0.1,0.8,4.0,726.0,0.0,0.0,0.2534435261707989
15.0,6.0,44.0,0.3,0.1,0.8,4.0,708.0,0.0,0.0,0.2528248587570621
15.0,6.0,45.0,0.3,0.1,0.8,4.0,686.0,0.0,0.0,0.4650145772594752
15.0,6.0,46.0,0.3,0.1,0.8,4.0,676.0,0.0,0.0,0.4630177514792899
15.0,6.0,47.0,0.3,0.1,0.8,4.0,679.0,0.0,0.0,0.4653902798232695
15.0,6.0,48.0,0.3,0.1,0.8,4.0,671.0,0.0,0.0,0.46199701937406856
15.0,6.0,49.0,0.3,0.1,0.8,4.0,672.0,0.0,0.0,0.46577380952380953
15.0,6.0,50.0,0.3,0.1,0.8,4.0,662.0,0.0,0.0,0.4652567975830816
15.0,6.0,51.0,0.3,0.1,0.8,4.0,665.0,0.0,0.0,0.4691729323308271
15.0,6.0,52.0,0.3,0.1,0.8,4.0,660.0,0.0,0.0,0.46515151515151515
15.0,7.0,1.0,0.3,0.1,0.8,4.0,661.0,0.0,0.0,0.46747352496217853
15.0,7.0,2.0,0.3,0.1,0.8,4.0,657.0,0.0,0.0,0.4642313546423135
15.0,7.0,3.0,0.3,0.1,0.8,4.0,658.0,0.0,0.0,0.46656534954407297
15.0,7.0,4.0,0.3,0.1,0.8,4.0,655.0,0.0,0.0,0.46412213740458014
15.0,7.0,5.0,0.3,0.1,0.8,4.0,655.0,0.0,0.0,0.46564885496183206
15.0,7.0,6.0,0.3,0.1,0.8,4.0,650.0,0.0,0.0,0.46153846153846156
15.0,7.0,7.0,0.3,0.1,0.8,4.0,651.0,0.0,0.0,0.46543778801843316
15.0,7.0,8.0,0.3,0.1,0.8,4.0,635.0,0.0,0.0,0.46771653543307085
15.0,7.0,9.0,0.3,0.1,0.8,4.0,634.0,0.0,0.0,0.471608832807571
15.0,7.0,10.0,0.3,0.1,0.8,4.0,628.0,0.0,0.0,0.46496815286624205
15.0,7.0,11.0,0.3,0.1,0.8,4.0,628.0,0.0,0.0,0.4713375796178344
15.0,7.0,12.0,0.3,0.1,0.8,4.0,624.0,0.0,0.0,0.46794871794871795
15.0,7.0,13.0,0.3,0.1,0.8,4.0,610.0,0.0,0.0,0.4704918032786885
15.0,7.0,14.0,0.3,0.1,0.8,4.0,599.0,0.0,0.0,0.46410684474123537
15.0,7.0,15.0,0.3,0.1,0.8,4.0,599.0,0.0,0.0,0.4691151919866444
15.0,7.0,16.0,0.3,0.1,0.8,4.0,596.0,0.0,0.0,0.46308724832214765
15.0,7.0,17.0,0.3,0.1,0.8,4.0,596.0,0.0,0.0,0.4664429530201342
15.0,7.0,18.0,0.3,0.1,0.8,4.0,594.0,0.0,0.0,0.4612794612794613
15.0,7.0,19.0,0.3,0.1,0.8,4.0,595.0,0.0,0.0,0.46554621848739497
15.0,7.0,20.0,0.3,0.1,0.8,4.0,1010.0,0.0,0.0,0.2702970297029703
15.0,7.0,21.0,0.3,0.1,0.8,4.0,1015.0,0.0,0.0,0.2729064039408867
15.0,7.0,22.0,0.3,0.1,0.8,4.0,1009.0,0.0,0.0,0.2705649157581764
15.0,7.0,23.0,0.3,0.1,0.8,4.0,996.0,0.0,0.0,0.2751004016064257
15.0,7.0,24.0,0.3,0.1,0.8,4.0,920.0,0.0,0.0,0.2793478260869565
15.0,7.0,25.0,0.3,0.1,0.8,4.0,893.0,0.0,0.0,0.2866741321388578
15.0,7.0,26.0,0.3,0.1,0.8,4.0,879.0,0.0,0.0,0.28668941979522183
15.0,7.0,27.0,0.3,0.1,0.8,4.0,863.0,0.0,0.0,0.287369640787949
15.0,7.0,28.0,0.3,0.1,0.8,4.0,842.0,0.0,0.0,0.28741092636579574
15.0,7.0,29.0,0.3,0.1,0.8,4.0,840.0,0.0,0.0,0.2892857142857143
15.0,7.0,30.0,0.3,0.1,0.8,4.0,836.0,0.0,0.0,0.28708133971291866
15.0,7.0,31.0,0.3,0.1,0.8,4.0,782.0,0.0,0.0,0.29411764705882354
15.0,7.0,32.0,0.3,0.1,0.8,4.0,780.0,0.0,0.0,0.2923076923076923
15.0,7.0,33.0,0.3,0.1,0.8,4.0,780.0,0.0,0.0,0.2935897435897436
15.0,7.0,34.0,0.3,0.1,0.8,4.0,754.0,0.0,0.0,0.29708222811671087
15.0,7.0,35.0,0.3,0.1,0.8,4.0,725.0,0.0,0.0,0.3062068965517241
15.0,7.0,36.0,0.3,0.1,0.8,4.0,721.0,0.0,0.0,0.3065187239944521
15.0,7.0,37.0,0.3,0.1,0.8,4.0,707.0,0.0,0.0,0.3055162659123055
15.0,7.0,38.0,0.3,0.1,0.8,4.0,669.0,0.0,0.0,0.31390134529147984
15.0,7.0,39.0,0.3,0.1,0.8,4.0,659.0,0.0,0.0,0.3141122913505311
15.0,7.0,40.0,0.3,0.1,0.8,4.0,649.0,0.0,0.0,0.31587057010785824
15.0,7.0,41.0,0.3,0.1,0.8,4.0,637.0,0.0,0.0,0.31711145996860285
15.0,7.0,42.0,0.3,0.1,0.8,4.0,632.0,0.0,0.0,0.3180379746835443
15.0,7.0,43.0,0.3,0.1,0.8,4.0,629.0,0.0,0.0,0.3179650238473768
15.0,7.0,44.0,0.3,0.1,0.8,4.0,622.0,0.0,0.0,0.3167202572347267
15.0,7.0,45.0,0.3,0.1,0.8,4.0,628.0,0.0,0.0,0.48089171974522293
15.0,7.0,46.0,0.3,0.1,0.8,4.0,620.0,0.0,0.0,0.4774193548387097
15.0,7.0,47.0,0.3,0.1,0.8,4.0,623.0,0.0,0.0,0.478330658105939
15.0,7.0,48.0,0.3,0.1,0.8,4.0,618.0,0.0,0.0,0.4773462783171521
15.0,7.0,49.0,0.3,0.1,0.8,4.0,617.0,0.0,0.0,0.47811993517017826
15.0,7.0,50.0,0.3,0.1,0.8,4.0,599.0,0.0,0.0,0.48080133555926546
15.0,7.0,51.0,0.3,0.1,0.8,4.0,593.0,0.0,0.0,0.4822934232715008
15.0,7.0,52.0,0.3,0.1,0.8,4.0,584.0,0.0,0.0,0.4811643835616438
15.0,8.0,1.0,0.3,0.1,0.8,4.0,590.0,0.0,0.0,0.48135593220338985
15.0,8.0,2.0,0.3,0.1,0.8,4.0,579.0,0.0,0.0,0.48186528497409326
15.0,8.0,3.0,0.3,0.1,0.8,4.0,566.0,0.0,0.0,0.4911660777385159
15.0,8.0,4.0,0.3,0.1,0.8,4.0,557.0,0.0,0.0,0.4919210053859964
15.0,8.0,5.0,0.3,0.1,0.8,4.0,561.0,0.0,0.0,0.4919786096256685
15.0,8.0,6.0,0.3,0.1,0.8,4.0,554.0,0.0,0.0,0.4927797833935018
15.0,8.0,7.0,0.3,0.1,0.8,4.0,559.0,0.0,0.0,0.4937388193202147
15.0,8.0,8.0,0.3,0.1,0.8,4.0,540.0,0.0,0.0,0.48703703703703705
15.0,8.0,9.0,0.3,0.1,0.8,4.0,542.0,0.0,0.0,0.488929889298893
15.0,8.0,10.0,0.3,0.1,0.8,4.0,536.0,0.0,0.0,0.4869402985074627
15.0,8.0,11.0,0.3,0.1,0.8,4.0,537.0,0.0,0.0,0.48789571694599626
15.0,8.0,12.0,0.3,0.1,0.8,4.0,531.0,0.0,0.0,0.4858757062146893
15.0,8.0,13.0,0.3,0.1,0.8,4.0,532.0,0.0,0.0,0.48872180451127817
15.0,8.0,14.0,0.3,0.1,0.8,4.0,530.0,0.0,0.0,0.4849056603773585
15.0,8.0,15.0,0.3,0.1,0.8,4.0,530.0,0.0,0.0,0.49056603773584906
15.0,8.0,16.0,0.3,0.1,0.8,4.0,528.0,0.0,0.0,0.48674242424242425
15.0,8.0,17.0,0.3,0.1,0.8,4.0,529.0,0.0,0.0,0.4914933837429111
15.0,8.0,18.0,0.3,0.1,0.8,4.0,524.0,0.0,0.0,0.4904580152671756
15.0,8.0,19.0,0.3,0.1,0.8,4.0,527.0,0.0,0.0,0.49335863377609107
15.0,8.0,20.0,0.3,0.1,0.8,4.0,899.0,0.0,0.0,0.28587319243604004
15.0,8.0,21.0,0.3,0.1,0.8,4.0,894.0,0.0,0.0,0.2897091722595078
15.0,8.0,22.0,0.3,0.1,0.8,4.0,868.0,0.0,0.0,0.2891705069124424
15.0,8.0,23.0,0.3,0.1,0.8,4.0,866.0,0.0,0.0,0.29330254041570436
15.0,8.0,24.0,0.3,0.1,0.8,4.0,840.0,0.0,0.0,0.29404761904761906
15.0,8.0,25.0,0.3,0.1,0.8,4.0,841.0,0.0,0.0,0.2972651605231867
15.0,8.0,26.0,0.3,0.1,0.8,4.0,824.0,0.0,0.0,0.2973300970873786
15.0,8.0,27.0,0.3,0.1,0.8,4.0,826.0,0.0,0.0,0.30024213075060535
15.0,8.0,28.0,0.3,0.1,0.8,4.0,824.0,0.0,0.0,0.2973300970873786
15.0,8.0,29.0,0.3,0.1,0.8,4.0,811.0,0.0,0.0,0.3008631319358816
15.0,8.0,30.0,0.3,0.1,0.8,4.0,796.0,0.0,0.0,0.2964824120603015
15.0,8.0,31.0,0.3,0.1,0.8,4.0,785.0,0.0,0.0,0.3006369426751592
15.0,8.0,32.0,0.3,0.1,0.8,4.0,739.0,0.0,0.0,0.30581867388362655
15.0,8.0,33.0,0.3,0.1,0.8,4.0,730.0,0.0,0.0,0.3095890410958904
15.0,8.0,34.0,0.3,0.1,0.8,4.0,728.0,0.0,0.0,0.30631868131868134
15.0,8.0,35.0,0.3,0.1,0.8,4.0,706.0,0.0,0.0,0.3087818696883853
15.0,8.0,36.0,0.3,0.1,0.8,4.0,704.0,0.0,0.0,0.3053977272727273
15.0,8.0,37.0,0.3,0.1,0.8,4.0,706.0,0.0,0.0,0.3087818696883853
15.0,8.0,38.0,0.3,0.1,0.8,4.0,704.0,0.0,0.0,0.3053977272727273
15.0,8.0,39.0,0.3,0.1,0.8,4.0,706.0,0.0,0.0,0.3087818696883853
15.0,8.0,40.0,0.3,0.1,0.8,4.0,693.0,0.0,0.0,0.3059163059163059
15.0,8.0,41.0,0.3,0.1,0.8,4.0,695.0,0.0,0.0,0.30935251798561153
15.0,8.0,42.0,0.3,0.1,0.8,4.0,693.0,0.0,0.0,0.3059163059163059
15.0,8.0,43.0,0.3,0.1,0.8,4.0,695.0,0.0,0.0,0.30935251798561153
15.0,8.0,44.0,0.3,0.1,0.8,4.0,693.0,0.0,0.0,0.3059163059163059
15.0,8.0,45.0,0.3,0.1,0.8,4.0,693.0,0.0,0.0,0.4444444444444444
15.0,8.0,46.0,0.3,0.1,0.8,4.0,690.0,0.0,0.0,0.4405797101449275
15.0,8.0,47.0,0.3,0.1,0.8,4.0,693.0,0.0,0.0,0.4444444444444444
15.0,8.0,48.0,0.3,0.1,0.8,4.0,690.0,0.0,0.0,0.4405797101449275
15.0,8.0,49.0,0.3,0.1,0.8,4.0,674.0,0.0,0.0,0.4465875370919881
15.0,8.0,50.0,0.3,0.1,0.8,4.0,671.0,0.0,0.0,0.4426229508196721
15.0,8.0,51.0,0.3,0.1,0.8,4.0,671.0,0.0,0.0,0.44709388971684055
15.0,8.0,52.0,0.3,0.1,0.8,4.0,668.0,0.0,0.0,0.4431137724550898
15.0,9.0,1.0,0.3,0.1,0.8,4.0,671.0,0.0,0.0,0.44709388971684055
15.0,9.0,2.0,0.3,0.1,0.8,4.0,668.0,0.0,0.0,0.4431137724550898
15.0,9.0,3.0,0.3,0.1,0.8,4.0,667.0,0.0,0.0,0.44677661169415295
15.0,9.0,4.0,0.3,0.1,0.8,4.0,651.0,0.0,0.0,0.4485407066052227
15.0,9.0,5.0,0.3,0.1,0.8,4.0,654.0,0.0,0.0,0.4525993883792049
15.0,9.0,6.0,0.3,0.1,0.8,4.0,651.0,0.0,0.0,0.4485407066052227
15.0,9.0,7.0,0.3,0.1,0.8,4.0,643.0,0.0,0.0,0.45412130637636083
15.0,9.0,8.0,0.3,0.1,0.8,4.0,639.0,0.0,0.0,0.4507042253521127
15.0,9.0,9.0,0.3,0.1,0.8,4.0,637.0,0.0,0.0,0.45839874411302983
15.0,9.0,10.0,0.3,0.1,0.8,4.0,632.0,0.0,0.0,0.4541139240506329
15.0,9.0,11.0,0.3,0.1,0.8,4.0,635.0,0.0,0.0,0.4582677165354331
15.0,9.0,12.0,0.3,0.1,0.8,4.0,629.0,0.0,0.0,0.4546899841017488
15.0,9.0,13.0,0.3,0.1,0.8,4.0,632.0,0.0,0.0,0.4572784810126582
15.0,9.0,14.0,0.3,0.1,0.8,4.0,615.0,0.0,0.0,0.45365853658536587
15.0,9.0,15.0,0.3,0.1,0.8,4.0,616.0,0.0,0.0,0.4577922077922078
15.0,9.0,16.0,0.3,0.1,0.8,4.0,612.0,0.0,0.0,0.4542483660130719
15.0,9.0,17.0,0.3,0.1,0.8,4.0,616.0,0.0,0.0,0.4577922077922078
15.0,9.0,18.0,0.3,0.1,0.8,4.0,612.0,0.0,0.0,0.4542483660130719
15.0,9.0,19.0,0.3,0.1,0.8,4.0,616.0,0.0,0.0,0.4577922077922078
15.0,9.0,20.0,0.3,0.1,0.8,4.0,1028.0,0.0,0.0,0.25
15.0,9.0,21.0,0.3,0.1,0.8,4.0,1013.0,0.0,0.0,0.2527147087857848
15.0,9.0,22.0,0.3,0.1,0.8,4.0,956.0,0.0,0.0,0.25732217573221755
15.0,9.0,23.0,0.3,0.1,0.8,4.0,958.0,0.0,0.0,0.2588726513569937
15.0,9.0,24.0,0.3,0.1,0.8,4.0,950.0,0.0,0.0,0.25894736842105265
15.0,9.0,25.0,0.3,0.1,0.8,4.0,885.0,0.0,0.0,0.2689265536723164
15.0,9.0,26.0,0.3,0.1,0.8,4.0,859.0,0.0,0.0,0.2689173457508731
15.0,9.0,27.0,0.3,0.1,0.8,4.0,827.0,0.0,0.0,0.2756952841596131
15.0,9.0,28.0,0.3,0.1,0.8,4.0,815.0,0.0,0.0,0.2785276073619632
15.0,9.0,29.0,0.3,0.1,0.8,4.0,815.0,0.0,0.0,0.2785276073619632
15.0,9.0,30.0,0.3,0.1,0.8,4.0,815.0,0.0,0.0,0.2785276073619632
15.0,9.0,31.0,0.3,0.1,0.8,4.0,787.0,0.0,0.0,0.2833545108005083
15.0,9.0,32.0,0.3,0.1,0.8,4.0,792.0,0.0,0.0,0.2828282828282828
15.0,9.0,33.0,0.3,0.1,0.8,4.0,781.0,0.0,0.0,0.28425096030729835
15.0,9.0,34.0,0.3,0.1,0.8,4.0,781.0,0.0,0.0,0.28425096030729835
15.0,9.0,35.0,0.3,0.1,0.8,4.0,778.0,0.0,0.0,0.28406169665809766
15.0,9.0,36.0,0.3,0.1,0.8,4.0,778.0,0.0,0.0,0.28406169665809766
15.0,9.0,37.0,0.3,0.1,0.8,4.0,778.0,0.0,0.0,0.28406169665809766
15.0,9.0,38.0,0.3,0.1,0.8,4.0,754.0,0.0,0.0,0.2891246684350133
15.0,9.0,39.0,0.3,0.1,0.8,4.0,754.0,0.0,0.0,0.2891246684350133
15.0,9.0,40.0,0.3,0.1,0.8,4.0,754.0,0.0,0.0,0.2891246684350133
15.0,9.0,41.0,0.3,0.1,0.8,4.0,739.0,0.0,0.0,0.2936400541271989
15.0,9.0,42.0,0.3,0.1,0.8,4.0,740.0,0.0,0.0,0.29324324324324325
15.0,9.0,43.0,0.3,0.1,0.8,4.0,724.0,0.0,0.0,0.2983425414364641
15.0,9.0,44.0,0.3,0.1,0.8,4.0,713.0,0.0,0.0,0.30014025245441794
15.0,9.0,45.0,0.3,0.1,0.8,4.0,706.0,0.0,0.0,0.4631728045325779
15.0,9.0,46.0,0.3,0.1,0.8,4.0,700.0,0.0,0.0,0.4642857142857143
15.0,9.0,47.0,0.3,0.1,0.8,4.0,699.0,0.0,0.0,0.46208869814020026
15.0,9.0,48.0,0.3,0.1,0.8,4.0,700.0,0.0,0.0,0.4642857142857143
15.0,9.0,49.0,0.3,0.1,0.8,4.0,699.0,0.0,0.0,0.46208869814020026
15.0,9.0,50.0,0.3,0.1,0.8,4.0,685.0,0.0,0.0,0.4656934306569343
15.0,9.0,51.0,0.3,0.1,0.8,4.0,678.0,0.0,0.0,0.46607669616519176
15.0,9.0,52.0,0.3,0.1,0.8,4.0,686.0,0.0,0.0,0.46647230320699706
15.0,10.0,1.0,0.3,0.1,0.8,4.0,678.0,0.0,0.0,0.46607669616519176
15.0,10.0,2.0,0.3,0.1,0.8,4.0,685.0,0.0,0.0,0.46715328467153283
15.0,10.0,3.0,0.3,0.1,0.8,4.0,677.0,0.0,0.0,0.4667651403249631
15.0,10.0,4.0,0.3,0.1,0.8,4.0,684.0,0.0,0.0,0.46637426900584794
15.0,10.0,5.0,0.3,0.1,0.8,4.0,675.0,0.0,0.0,0.4651851851851852
15.0,10.0,6.0,0.3,0.1,0.8,4.0,682.0,0.0,0.0,0.46774193548387094
15.0,10.0,7.0,0.3,0.1,0.8,4.0,675.0,0.0,0.0,0.4651851851851852
15.0,10.0,8.0,0.3,0.1,0.8,4.0,679.0,0.0,0.0,0.46686303387334316
15.0,10.0,9.0,0.3,0.1,0.8,4.0,663.0,0.0,0.0,0.4720965309200603
15.0,10.0,10.0,0.3,0.1,0.8,4.0,666.0,0.0,0.0,0.47147147147147145
15.0,10.0,11.0,0.3,0.1,0.8,4.0,658.0,0.0,0.0,0.4726443768996961
15.0,10.0,12.0,0.3,0.1,0.8,4.0,659.0,0.0,0.0,0.47344461305007585
15.0,10.0,13.0,0.3,0.1,0.8,4.0,653.0,0.0,0.0,0.4762633996937213
15.0,10.0,14.0,0.3,0.1,0.8,4.0,656.0,0.0,0.0,0.4740853658536585
15.0,10.0,15.0,0.3,0.1,0.8,4.0,646.0,0.0,0.0,0.47987616099071206
15.0,10.0,16.0,0.3,0.1,0.8,4.0,652.0,0.0,0.0,0.47699386503067487
15.0,10.0,17.0,0.3,0.1,0.8,4.0,646.0,0.0,0.0,0.47987616099071206
15.0,10.0,18.0,0.3,0.1,0.8,4.0,651.0,0.0,0.0,0.47772657450076805
15.0,10.0,19.0,0.3,0.1,0.8,4.0,645.0,0.0,0.0,0.4806201550387597
15.0,10.0,20.0,0.3,0.1,0.8,4.0,1182.0,0.0,0.0,0.2529610829103215
15.0,10.0,21.0,0.3,0.1,0.8,4.0,1135.0,0.0,0.0,0.25903083700440527
15.0,10.0,22.0,0.3,0.1,0.8,4.0,1134.0,0.0,0.0,0.25749559082892415
15.0,10.0,23.0,0.3,0.1,0.8,4.0,1120.0,0.0,0.0,0.25892857142857145
15.0,10.0,24.0,0.3,0.1,0.8,4.0,1107.0,0.0,0.0,0.2601626016260163
15.0,10.0,25.0,0.3,0.1,0.8,4.0,1073.0,0.0,0.0,0.2656104380242311
15.0,10.0,26.0,0.3,0.1,0.8,4.0,1050.0,0.0,0.0,0.26476190476190475
15.0,10.0,27.0,0.3,0.1,0.8,4.0,1016.0,0.0,0.0,0.2687007874015748
15.0,10.0,28.0,0.3,0.1,0.8,4.0,995.0,0.0,0.0,0.271356783919598
15.0,10.0,29.0,0.3,0.1,0.8,4.0,983.0,0.0,0.0,0.2695829094608342
15.0,10.0,30.0,0.3,0.1,0.8,4.0,938.0,0.0,0.0,0.2697228144989339
15.0,10.0,31.0,0.3,0.1,0.8,4.0,933.0,0.0,0.0,0.2722400857449089
15.0,10.0,32.0,0.3,0.1,0.8,4.0,913.0,0.0,0.0,0.276013143483023
15.0,10.0,33.0,0.3,0.1,0.8,4.0,908.0,0.0,0.0,0.2775330396475771
15.0,10.0,34.0,0.3,0.1,0.8,4.0,890.0,0.0,0.0,0.2786516853932584
15.0,10.0,35.0,0.3,0.1,0.8,4.0,897.0,0.0,0.0,0.27759197324414714
15.0,10.0,36.0,0.3,0.1,0.8,4.0,880.0,0.0,0.0,0.2784090909090909
15.0,10.0,37.0,0.3,0.1,0.8,4.0,874.0,0.0,0.0,0.2757437070938215
15.0,10.0,38.0,0.3,0.1,0.8,4.0,868.0,0.0,0.0,0.2764976958525346
15.0,10.0,39.0,0.3,0.1,0.8,4.0,846.0,0.0,0.0,0.2789598108747045
15.0,10.0,40.0,0.3,0.1,0.8,4.0,817.0,0.0,0.0,0.2827417380660955
15.0,10.0,41.0,0.3,0.1,0.8,4.0,822.0,0.0,0.0,0.28102189781021897
15.0,10.0,42.0,0.3,0.1,0.8,4.0,789.0,0.0,0.0,0.28390367553865653
15.0,10.0,43.0,0.3,0.1,0.8,4.0,783.0,0.0,0.0,0.28607918263090676
15.0,10.0,44.0,0.3,0.1,0.8,4.0,777.0,0.0,0.0,0.287001287001287
15.0,10.0,45.0,0.3,0.1,0.8,4.0,782.0,0.0,0.0,0.4475703324808184
15.0,10.0,46.0,0.3,0.1,0.8,4.0,766.0,0.0,0.0,0.4516971279373368
15.0,10.0,47.0,0.3,0.1,0.8,4.0,758.0,0.0,0.0,0.4525065963060686
15.0,10.0,48.0,0.3,0.1,0.8,4.0,741.0,0.0,0.0,0.45614035087719296
15.0,10.0,49.0,0.3,0.1,0.8,4.0,732.0,0.0,0.0,0.4576502732240437
15.0,10.0,50.0,0.3,0.1,0.8,4.0,725.0,0.0,0.0,0.4579310344827586
15.0,10.0,51.0,0.3,0.1,0.8,4.0,730.0,0.0,0.0,0.4589041095890411
15.0,10.0,52.0,0.3,0.1,0.8,4.0,725.0,0.0,0.0,0.4579310344827586
16.0,1.0,1.0,0.3,0.1,0.8,4.0,5142.0,50.0,4.0,0.2967716841695838
16.0,1.0,2.0,0.3,0.1,0.8,4.0,5048.0,51.0,13.0,0.2971473851030111
16.0,1.0,3.0,0.3,0.1,0.8,4.0,4985.0,58.0,22.0,0.2974924774322969
16.0,1.0,4.0,0.3,0.1,0.8,4.0,4973.0,62.0,28.0,0.2992157651317112
16.0,1.0,5.0,0.3,0.1,0.8,4.0,5033.0,84.0,30.0,0.30141068944963245
16.0,1.0,6.0,0.3,0.1,0.8,4.0,4986.0,94.0,34.0,0.30304853590052144
16.0,1.0,7.0,0.3,0.1,0.8,4.0,4858.0,98.0,35.0,0.3034170440510498
16.0,1.0,8.0,0.3,0.1,0.8,4.0,4688.0,106.0,46.0,0.30610068259385664
16.0,1.0,9.0,0.3,0.1,0.8,4.0,4555.0,125.0,47.0,0.3062568605927552
16.0,1.0,10.0,0.3,0.1,0.8,4.0,4468.0,140.0,61.0,0.3095344673231871
16.0,1.0,11.0,0.3,0.1,0.8,4.0,4393.0,153.0,63.0,0.3102663328021853
16.0,1.0,12.0,0.3,0.1,0.8,4.0,4269.0,168.0,71.0,0.3134223471539002
16.0,1.0,13.0,0.3,0.1,0.8,4.0,4143.0,168.0,79.0,0.3149891383055757
16.0,1.0,14.0,0.3,0.1,0.8,4.0,3977.0,165.0,77.0,0.3170731707317073
16.0,1.0,15.0,0.3,0.1,0.8,4.0,3864.0,175.0,80.0,0.3188405797101449
16.0,1.0,16.0,0.3,0.1,0.8,4.0,3695.0,167.0,76.0,0.32070365358592695
16.0,1.0,17.0,0.3,0.1,0.8,4.0,3635.0,171.0,77.0,0.3221458046767538
16.0,1.0,18.0,0.3,0.1,0.8,4.0,3524.0,165.0,81.0,0.3280363223609535
16.0,1.0,19.0,0.3,0.1,0.8,4.0,3453.0,166.0,79.0,0.3310165073848827
16.0,1.0,20.0,0.3,0.1,0.8,4.0,6181.0,155.0,75.0,0.18006795016987542
16.0,1.0,21.0,0.3,0.1,0.8,4.0,5892.0,197.0,67.0,0.1826205023761032
16.0,1.0,22.0,0.3,0.1,0.8,4.0,5520.0,215.0,80.0,0.18605072463768116
16.0,1.0,23.0,0.3,0.1,0.8,4.0,5134.0,209.0,70.0,0.1864043630697312
16.0,1.0,24.0,0.3,0.1,0.8,4.0,4985.0,234.0,88.0,0.1863590772316951
16.0,1.0,25.0,0.3,0.1,0.8,4.0,4791.0,257.0,101.0,0.19035691922354414
16.0,1.0,26.0,0.3,0.1,0.8,4.0,4638.0,287.0,129.0,0.19253988788270807
16.0,1.0,27.0,0.3,0.1,0.8,4.0,4357.0,326.0,126.0,0.19899013082396144
16.0,1.0,28.0,0.3,0.1,0.8,4.0,4145.0,323.0,144.0,0.20072376357056695
16.0,1.0,29.0,0.3,0.1,0.8,4.0,3963.0,336.0,137.0,0.2031289427201615
16.0,1.0,30.0,0.3,0.1,0.8,4.0,3767.0,343.0,154.0,0.20520307937350676
16.0,1.0,31.0,0.3,0.1,0.8,4.0,3588.0,312.0,140.0,0.20958751393534003
16.0,1.0,32.0,0.3,0.1,0.8,4.0,3452.0,316.0,146.0,0.2140787949015064
16.0,1.0,33.0,0.3,0.1,0.8,4.0,3283.0,317.0,149.0,0.21961620469083157
16.0,1.0,34.0,0.3,0.1,0.8,4.0,3146.0,314.0,148.0,0.22377622377622378
16.0,1.0,35.0,0.3,0.1,0.8,4.0,3013.0,296.0,146.0,0.23066710919349487
16.0,1.0,36.0,0.3,0.1,0.8,4.0,2886.0,298.0,142.0,0.23492723492723494
16.0,1.0,37.0,0.3,0.1,0.8,4.0,2737.0,299.0,137.0,0.23858238947753013
16.0,1.0,38.0,0.3,0.1,0.8,4.0,2603.0,276.0,137.0,0.2447176334998079
16.0,1.0,39.0,0.3,0.1,0.8,4.0,2536.0,276.0,130.0,0.2496056782334385
16.0,1.0,40.0,0.3,0.1,0.8,4.0,2457.0,277.0,136.0,0.25396825396825395
16.0,1.0,41.0,0.3,0.1,0.8,4.0,2355.0,261.0,121.0,0.2602972399150743
16.0,1.0,42.0,0.3,0.1,0.8,4.0,2262.0,265.0,126.0,0.2692307692307692
16.0,1.0,43.0,0.3,0.1,0.8,4.0,2198.0,268.0,127.0,0.2747952684258417
16.0,1.0,44.0,0.3,0.1,0.8,4.0,2131.0,264.0,130.0,0.28296574378226186
16.0,1.0,45.0,0.3,0.1,0.8,4.0,2022.0,247.0,116.0,0.44411473788328387
16.0,1.0,46.0,0.3,0.1,0.8,4.0,1898.0,223.0,111.0,0.4499473129610116
16.0,1.0,47.0,0.3,0.1,0.8,4.0,1841.0,203.0,110.0,0.4579033134166214
16.0,1.0,48.0,0.3,0.1,0.8,4.0,1779.0,185.0,103.0,0.4671163575042159
16.0,1.0,49.0,0.3,0.1,0.8,4.0,1715.0,156.0,88.0,0.47113702623906706
16.0,1.0,50.0,0.3,0.1,0.8,4.0,1633.0,145.0,82.0,0.47948560930802203
16.0,1.0,51.0,0.3,0.1,0.8,4.0,1596.0,134.0,75.0,0.4868421052631579
16.0,1.0,52.0,0.3,0.1,0.8,4.0,1568.0,128.0,75.0,0.4917091836734694
16.0,2.0,1.0,0.3,0.1,0.8,4.0,1501.0,107.0,59.0,0.5049966688874084
16.0,2.0,2.0,0.3,0.1,0.8,4.0,1477.0,96.0,51.0,0.5098171970209885
16.0,2.0,3.0,0.3,0.1,0.8,4.0,1438.0,79.0,40.0,0.5152990264255911
16.0,2.0,4.0,0.3,0.1,0.8,4.0,1419.0,70.0,43.0,0.5200845665961945
16.0,2.0,5.0,0.3,0.1,0.8,4.0,1384.0,62.0,41.0,0.5260115606936416
16.0,2.0,6.0,0.3,0.1,0.8,4.0,1356.0,53.0,34.0,0.5309734513274337
16.0,2.0,7.0,0.3,0.1,0.8,4.0,1327.0,43.0,23.0,0.5388093443858327
16.0,2.0,8.0,0.3,0.1,0.8,4.0,1312.0,36.0,21.0,0.5411585365853658
16.0,2.0,9.0,0.3,0.1,0.8,4.0,1290.0,32.0,23.0,0.5457364341085271
16.0,2.0,10.0,0.3,0.1,0.8,4.0,1282.0,31.0,19.0,0.5475819032761311
16.0,2.0,11.0,0.3,0.1,0.8,4.0,1263.0,29.0,16.0,0.5518606492478226
16.0,2.0,12.0,0.3,0.1,0.8,4.0,1256.0,25.0,9.0,0.552547770700637
16.0,2.0,13.0,0.3,0.1,0.8,4.0,1240.0,23.0,7.0,0.5548387096774193
16.0,2.0,14.0,0.3,0.1,0.8,4.0,1235.0,21.0,10.0,0.5538461538461539
16.0,2.0,15.0,0.3,0.1,0.8,4.0,1196.0,20.0,14.0,0.5535117056856187
16.0,2.0,16.0,0.3,0.1,0.8,4.0,1202.0,29.0,14.0,0.5507487520798668
16.0,2.0,17.0,0.3,0.1,0.8,4.0,1161.0,28.0,7.0,0.5555555555555556
16.0,2.0,18.0,0.3,0.1,0.8,4.0,1157.0,25.0,5.0,0.5548833189282627
16.0,2.0,19.0,0.3,0.1,0.8,4.0,1147.0,24.0,12.0,0.5562336530078466
16.0,2.0,20.0,0.3,0.1,0.8,4.0,2151.0,28.0,18.0,0.2919572291957229
16.0,2.0,21.0,0.3,0.1,0.8,4.0,2058.0,39.0,17.0,0.29591836734693877
16.0,2.0,22.0,0.3,0.1,0.8,4.0,2052.0,35.0,12.0,0.29678362573099415
16.0,2.0,23.0,0.3,0.1,0.8,4.0,1953.0,32.0,12.0,0.300563236047107
16.0,2.0,24.0,0.3,0.1,0.8,4.0,1910.0,31.0,13.0,0.3041884816753927
16.0,2.0,25.0,0.3,0.1,0.8,4.0,1887.0,34.0,12.0,0.3052464228934817
16.0,2.0,26.0,0.3,0.1,0.8,4.0,1875.0,36.0,13.0,0.3056
16.0,2.0,27.0,0.3,0.1,0.8,4.0,1820.0,35.0,14.0,0.3076923076923077
16.0,2.0,28.0,0.3,0.1,0.8,4.0,1820.0,37.0,19.0,0.30824175824175826
16.0,2.0,29.0,0.3,0.1,0.8,4.0,1763.0,37.0,15.0,0.3102665910380034
16.0,2.0,30.0,0.3,0.1,0.8,4.0,1752.0,40.0,20.0,0.3099315068493151
16.0,2.0,31.0,0.3,0.1,0.8,4.0,1729.0,38.0,16.0,0.31289762868710236
16.0,2.0,32.0,0.3,0.1,0.8,4.0,1694.0,42.0,19.0,0.31345926800472257
16.0,2.0,33.0,0.3,0.1,0.8,4.0,1639.0,40.0,18.0,0.3166564978645516
16.0,2.0,34.0,0.3,0.1,0.8,4.0,1578.0,40.0,20.0,0.3200253485424588
16.0,2.0,35.0,0.3,0.1,0.8,4.0,1567.0,44.0,23.0,0.32163369495851946
16.0,2.0,36.0,0.3,0.1,0.8,4.0,1549.0,42.0,22.0,0.32020658489347964
16.0,2.0,37.0,0.3,0.1,0.8,4.0,1533.0,44.0,17.0,0.32550554468362686
16.0,2.0,38.0,0.3,0.1,0.8,4.0,1489.0,44.0,19.0,0.3277367360644728
16.0,2.0,39.0,0.3,0.1,0.8,4.0,1447.0,44.0,18.0,0.3310297166551486
16.0,2.0,40.0,0.3,0.1,0.8,4.0,1438.0,49.0,27.0,0.3289290681502086
16.0,2.0,41.0,0.3,0.1,0.8,4.0,1402.0,47.0,23.0,0.3338088445078459
16.0,2.0,42.0,0.3,0.1,0.8,4.0,1387.0,47.0,23.0,0.33525594808940157
16.0,2.0,43.0,0.3,0.1,0.8,4.0,1351.0,37.0,16.0,0.33678756476683935
16.0,2.0,44.0,0.3,0.1,0.8,4.0,1326.0,37.0,16.0,0.3401206636500754
16.0,2.0,45.0,0.3,0.1,0.8,4.0,1303.0,37.0,20.0,0.47198772064466615
16.0,2.0,46.0,0.3,0.1,0.8,4.0,1283.0,41.0,19.0,0.47233047544816836
16.0,2.0,47.0,0.3,0.1,0.8,4.0,1267.0,41.0,23.0,0.47198105761641673
16.0,2.0,48.0,0.3,0.1,0.8,4.0,1240.0,35.0,17.0,0.475
16.0,2.0,49.0,0.3,0.1,0.8,4.0,1223.0,36.0,20.0,0.4758789860997547
16.0,2.0,50.0,0.3,0.1,0.8,4.0,1205.0,27.0,13.0,0.4746887966804979
16.0,2.0,51.0,0.3,0.1,0.8,4.0,1194.0,26.0,12.0,0.47906197654941374
16.0,2.0,52.0,0.3,0.1,0.8,4.0,1169.0,24.0,11.0,0.4816082121471343
16.0,3.0,1.0,0.3,0.1,0.8,4.0,1164.0,23.0,15.0,0.48195876288659795
16.0,3.0,2.0,0.3,0.1,0.8,4.0,1153.0,20.0,16.0,0.4822202948829141
16.0,3.0,3.0,0.3,0.1,0.8,4.0,1146.0,18.0,14.0,0.4869109947643979
16.0,3.0,4.0,0.3,0.1,0.8,4.0,1135.0,12.0,9.0,0.4863436123348018
16.0,3.0,5.0,0.3,0.1,0.8,4.0,1130.0,7.0,5.0,0.4893805309734513
16.0,3.0,6.0,0.3,0.1,0.8,4.0,1110.0,7.0,3.0,0.4891891891891892
16.0,3.0,7.0,0.3,0.1,0.8,4.0,1108.0,6.0,2.0,0.49097472924187724
16.0,3.0,8.0,0.3,0.1,0.8,4.0,1096.0,5.0,3.0,0.4927007299270073
16.0,3.0,9.0,0.3,0.1,0.8,4.0,1090.0,5.0,3.0,0.4935779816513762
16.0,3.0,10.0,0.3,0.1,0.8,4.0,1078.0,7.0,3.0,0.4907235621521336
16.0,3.0,11.0,0.3,0.1,0.8,4.0,1061.0,5.0,3.0,0.4957587181903864
16.0,3.0,12.0,0.3,0.1,0.8,4.0,1055.0,4.0,2.0,0.4938388625592417
16.0,3.0,13.0,0.3,0.1,0.8,4.0,1033.0,4.0,2.0,0.49661181026137463
16.0,3.0,14.0,0.3,0.1,0.8,4.0,1026.0,2.0,1.0,0.49610136452241715
16.0,3.0,15.0,0.3,0.1,0.8,4.0,1026.0,3.0,2.0,0.49610136452241715
16.0,3.0,16.0,0.3,0.1,0.8,4.0,1012.0,3.0,2.0,0.49308300395256915
16.0,3.0,17.0,0.3,0.1,0.8,4.0,1009.0,2.0,1.0,0.49554013875123887
16.0,3.0,18.0,0.3,0.1,0.8,4.0,999.0,1.0,0.0,0.4904904904904905
16.0,3.0,19.0,0.3,0.1,0.8,4.0,974.0,1.0,0.0,0.49794661190965095
16.0,3.0,20.0,0.3,0.1,0.8,4.0,1784.0,1.0,0.0,0.26681614349775784
16.0,3.0,21.0,0.3,0.1,0.8,4.0,1719.0,1.0,0.0,0.2716695753344968
16.0,3.0,22.0,0.3,0.1,0.8,4.0,1680.0,1.0,1.0,0.26964285714285713
16.0,3.0,23.0,0.3,0.1,0.8,4.0,1648.0,2.0,1.0,0.2700242718446602
16.0,3.0,24.0,0.3,0.1,0.8,4.0,1614.0,2.0,1.0,0.26889714993804215
16.0,3.0,25.0,0.3,0.1,0.8,4.0,1567.0,2.0,0.0,0.27121888959795787
16.0,3.0,26.0,0.3,0.1,0.8,4.0,1502.0,2.0,0.0,0.26897470039946736
16.0,3.0,27.0,0.3,0.1,0.8,4.0,1475.0,2.0,0.0,0.27322033898305087
16.0,3.0,28.0,0.3,0.1,0.8,4.0,1438.0,2.0,0.0,0.2705146036161335
16.0,3.0,29.0,0.3,0.1,0.8,4.0,1442.0,2.0,1.0,0.2711511789181692
16.0,3.0,30.0,0.3,0.1,0.8,4.0,1399.0,3.0,2.0,0.2694781987133667
16.0,3.0,31.0,0.3,0.1,0.8,4.0,1396.0,6.0,2.0,0.2686246418338109
16.0,3.0,32.0,0.3,0.1,0.8,4.0,1368.0,5.0,2.0,0.27046783625730997
16.0,3.0,33.0,0.3,0.1,0.8,4.0,1339.0,6.0,2.0,0.2710978342046303
16.0,3.0,34.0,0.3,0.1,0.8,4.0,1313.0,10.0,3.0,0.26732673267326734
16.0,3.0,35.0,0.3,0.1,0.8,4.0,1279.0,11.0,6.0,0.2689601250977326
16.0,3.0,36.0,0.3,0.1,0.8,4.0,1269.0,16.0,6.0,0.26556343577620173
16.0,3.0,37.0,0.3,0.1,0.8,4.0,1259.0,19.0,8.0,0.26846703733121524
16.0,3.0,38.0,0.3,0.1,0.8,4.0,1238.0,18.0,8.0,0.2665589660743134
16.0,3.0,39.0,0.3,0.1,0.8,4.0,1219.0,18.0,8.0,0.2723543888433142
16.0,3.0,40.0,0.3,0.1,0.8,4.0,1216.0,17.0,12.0,0.2689144736842105
16.0,3.0,41.0,0.3,0.1,0.8,4.0,1171.0,24.0,10.0,0.27583262169086253
16.0,3.0,42.0,0.3,0.1,0.8,4.0,1152.0,27.0,14.0,0.2769097222222222
16.0,3.0,43.0,0.3,0.1,0.8,4.0,1121.0,24.0,8.0,0.2818911685994648
16.0,3.0,44.0,0.3,0.1,0.8,4.0,1090.0,19.0,8.0,0.2779816513761468
16.0,3.0,45.0,0.3,0.1,0.8,4.0,1074.0,19.0,10.0,0.4236499068901304
16.0,3.0,46.0,0.3,0.1,0.8,4.0,1045.0,20.0,11.0,0.42392344497607654
16.0,3.0,47.0,0.3,0.1,0.8,4.0,1004.0,18.0,11.0,0.4262948207171315
16.0,3.0,48.0,0.3,0.1,0.8,4.0,984.0,17.0,11.0,0.4258130081300813
16.0,3.0,49.0,0.3,0.1,0.8,4.0,980.0,16.0,12.0,0.42857142857142855
16.0,3.0,50.0,0.3,0.1,0.8,4.0,950.0,18.0,9.0,0.42526315789473684
16.0,3.0,51.0,0.3,0.1,0.8,4.0,955.0,16.0,5.0,0.4282722513089005
16.0,3.0,52.0,0.3,0.1,0.8,4.0,924.0,15.0,8.0,0.4296536796536797
16.0,4.0,1.0,0.3,0.1,0.8,4.0,925.0,14.0,7.0,0.4335135135135135
16.0,4.0,2.0,0.3,0.1,0.8,4.0,909.0,16.0,8.0,0.4312431243124312
16.0,4.0,3.0,0.3,0.1,0.8,4.0,911.0,13.0,3.0,0.43578485181119647
16.0,4.0,4.0,0.3,0.1,0.8,4.0,887.0,13.0,4.0,0.43291995490417134
16.0,4.0,5.0,0.3,0.1,0.8,4.0,889.0,13.0,4.0,0.4364454443194601
16.0,4.0,6.0,0.3,0.1,0.8,4.0,866.0,13.0,10.0,0.4295612009237875
16.0,4.0,7.0,0.3,0.1,0.8,4.0,863.0,11.0,9.0,0.4322132097334878
16.0,4.0,8.0,0.3,0.1,0.8,4.0,850.0,12.0,8.0,0.4294117647058823
16.0,4.0,9.0,0.3,0.1,0.8,4.0,846.0,11.0,4.0,0.4314420803782506
16.0,4.0,10.0,0.3,0.1,0.8,4.0,834.0,13.0,5.0,0.4292565947242206
16.0,4.0,11.0,0.3,0.1,0.8,4.0,835.0,15.0,5.0,0.4311377245508982
16.0,4.0,12.0,0.3,0.1,0.8,4.0,823.0,12.0,3.0,0.4264884568651276
16.0,4.0,13.0,0.3,0.1,0.8,4.0,823.0,10.0,3.0,0.4313487241798299
16.0,4.0,14.0,0.3,0.1,0.8,4.0,802.0,9.0,6.0,0.43017456359102246
16.0,4.0,15.0,0.3,0.1,0.8,4.0,806.0,12.0,7.0,0.43548387096774194
16.0,4.0,16.0,0.3,0.1,0.8,4.0,797.0,9.0,7.0,0.43036386449184444
16.0,4.0,17.0,0.3,0.1,0.8,4.0,784.0,7.0,5.0,0.43494897959183676
16.0,4.0,18.0,0.3,0.1,0.8,4.0,776.0,5.0,4.0,0.42912371134020616
16.0,4.0,19.0,0.3,0.1,0.8,4.0,778.0,4.0,3.0,0.4370179948586118
16.0,4.0,20.0,0.3,0.1,0.8,4.0,1388.0,3.0,3.0,0.23991354466858789
16.0,4.0,21.0,0.3,0.1,0.8,4.0,1357.0,1.0,1.0,0.2483419307295505
16.0,4.0,22.0,0.3,0.1,0.8,4.0,1348.0,5.0,1.0,0.2433234421364985
16.0,4.0,23.0,0.3,0.1,0.8,4.0,1300.0,2.0,0.0,0.24923076923076923
16.0,4.0,24.0,0.3,0.1,0.8,4.0,1264.0,2.0,1.0,0.24604430379746836
16.0,4.0,25.0,0.3,0.1,0.8,4.0,1255.0,3.0,2.0,0.25338645418326694
16.0,4.0,26.0,0.3,0.1,0.8,4.0,1233.0,4.0,2.0,0.24979724249797242
16.0,4.0,27.0,0.3,0.1,0.8,4.0,1189.0,4.0,2.0,0.25988225399495374
16.0,4.0,28.0,0.3,0.1,0.8,4.0,1177.0,5.0,1.0,0.2574341546304163
16.0,4.0,29.0,0.3,0.1,0.8,4.0,1146.0,6.0,3.0,0.262652705061082
16.0,4.0,30.0,0.3,0.1,0.8,4.0,1103.0,6.0,3.0,0.2547597461468722
16.0,4.0,31.0,0.3,0.1,0.8,4.0,1086.0,6.0,4.0,0.2569060773480663
16.0,4.0,32.0,0.3,0.1,0.8,4.0,1062.0,5.0,3.0,0.2542372881355932
16.0,4.0,33.0,0.3,0.1,0.8,4.0,1048.0,6.0,3.0,0.26240458015267176
16.0,4.0,34.0,0.3,0.1,0.8,4.0,1025.0,9.0,3.0,0.2604878048780488
16.0,4.0,35.0,0.3,0.1,0.8,4.0,1032.0,8.0,4.0,0.26356589147286824
16.0,4.0,36.0,0.3,0.1,0.8,4.0,1017.0,7.0,5.0,0.2586037364798427
16.0,4.0,37.0,0.3,0.1,0.8,4.0,1019.0,9.0,4.0,0.2620215897939156
16.0,4.0,38.0,0.3,0.1,0.8,4.0,981.0,10.0,3.0,0.2609582059123344
16.0,4.0,39.0,0.3,0.1,0.8,4.0,973.0,10.0,3.0,0.2589928057553957
16.0,4.0,40.0,0.3,0.1,0.8,4.0,964.0,12.0,6.0,0.254149377593361
16.0,4.0,41.0,0.3,0.1,0.8,4.0,971.0,15.0,8.0,0.2564366632337796
16.0,4.0,42.0,0.3,0.1,0.8,4.0,940.0,15.0,7.0,0.2553191489361702
16.0,4.0,43.0,0.3,0.1,0.8,4.0,919.0,14.0,5.0,0.2600652883569097
16.0,4.0,44.0,0.3,0.1,0.8,4.0,866.0,15.0,5.0,0.25635103926096997
16.0,4.0,45.0,0.3,0.1,0.8,4.0,868.0,16.0,8.0,0.4112903225806452
16.0,4.0,46.0,0.3,0.1,0.8,4.0,832.0,16.0,10.0,0.41225961538461536
16.0,4.0,47.0,0.3,0.1,0.8,4.0,828.0,16.0,12.0,0.41304347826086957
16.0,4.0,48.0,0.3,0.1,0.8,4.0,781.0,13.0,8.0,0.4186939820742638
16.0,4.0,49.0,0.3,0.1,0.8,4.0,785.0,10.0,6.0,0.42038216560509556
16.0,4.0,50.0,0.3,0.1,0.8,4.0,760.0,10.0,3.0,0.42105263157894735
16.0,4.0,51.0,0.3,0.1,0.8,4.0,738.0,10.0,5.0,0.4281842818428184
16.0,4.0,52.0,0.3,0.1,0.8,4.0,711.0,10.0,5.0,0.4247538677918425
16.0,5.0,1.0,0.3,0.1,0.8,4.0,716.0,10.0,4.0,0.42877094972067037
16.0,5.0,2.0,0.3,0.1,0.8,4.0,706.0,9.0,4.0,0.42776203966005666
16.0,5.0,3.0,0.3,0.1,0.8,4.0,711.0,10.0,4.0,0.4289732770745429
16.0,5.0,4.0,0.3,0.1,0.8,4.0,698.0,10.0,5.0,0.42550143266475643
16.0,5.0,5.0,0.3,0.1,0.8,4.0,701.0,14.0,4.0,0.42796005706134094
16.0,5.0,6.0,0.3,0.1,0.8,4.0,688.0,14.0,6.0,0.42441860465116277
16.0,5.0,7.0,0.3,0.1,0.8,4.0,693.0,16.0,6.0,0.42568542568542567
16.0,5.0,8.0,0.3,0.1,0.8,4.0,681.0,17.0,8.0,0.42584434654919234
16.0,5.0,9.0,0.3,0.1,0.8,4.0,684.0,16.0,7.0,0.43128654970760233
16.0,5.0,10.0,0.3,0.1,0.8,4.0,669.0,17.0,9.0,0.4319880418535127
16.0,5.0,11.0,0.3,0.1,0.8,4.0,673.0,16.0,12.0,0.43536404160475484
16.0,5.0,12.0,0.3,0.1,0.8,4.0,660.0,16.0,10.0,0.43333333333333335
16.0,5.0,13.0,0.3,0.1,0.8,4.0,651.0,12.0,9.0,0.4393241167434716
16.0,5.0,14.0,0.3,0.1,0.8,4.0,648.0,11.0,4.0,0.4398148148148148
16.0,5.0,15.0,0.3,0.1,0.8,4.0,644.0,12.0,4.0,0.4440993788819876
16.0,5.0,16.0,0.3,0.1,0.8,4.0,643.0,10.0,4.0,0.4416796267496112
16.0,5.0,17.0,0.3,0.1,0.8,4.0,639.0,10.0,5.0,0.4475743348982786
16.0,5.0,18.0,0.3,0.1,0.8,4.0,639.0,15.0,7.0,0.4413145539906103
16.0,5.0,19.0,0.3,0.1,0.8,4.0,633.0,13.0,5.0,0.4470774091627172
16.0,5.0,20.0,0.3,0.1,0.8,4.0,1136.0,11.0,6.0,0.24735915492957747
16.0,5.0,21.0,0.3,0.1,0.8,4.0,1062.0,12.0,7.0,0.2495291902071563
16.0,5.0,22.0,0.3,0.1,0.8,4.0,1043.0,14.0,6.0,0.2483221476510067
16.0,5.0,23.0,0.3,0.1,0.8,4.0,977.0,11.0,4.0,0.2507676560900716
16.0,5.0,24.0,0.3,0.1,0.8,4.0,938.0,9.0,2.0,0.2537313432835821
16.0,5.0,25.0,0.3,0.1,0.8,4.0,919.0,12.0,4.0,0.2578890097932535
16.0,5.0,26.0,0.3,0.1,0.8,4.0,918.0,13.0,5.0,0.25381263616557737
16.0,5.0,27.0,0.3,0.1,0.8,4.0,873.0,19.0,7.0,0.25773195876288657
16.0,5.0,28.0,0.3,0.1,0.8,4.0,822.0,22.0,8.0,0.26520681265206814
16.0,5.0,29.0,0.3,0.1,0.8,4.0,818.0,23.0,9.0,0.26894865525672373
16.0,5.0,30.0,0.3,0.1,0.8,4.0,817.0,24.0,8.0,0.2668298653610771
16.0,5.0,31.0,0.3,0.1,0.8,4.0,795.0,23.0,10.0,0.2679245283018868
16.0,5.0,32.0,0.3,0.1,0.8,4.0,775.0,18.0,11.0,0.26838709677419353
16.0,5.0,33.0,0.3,0.1,0.8,4.0,765.0,17.0,10.0,0.27320261437908494
16.0,5.0,34.0,0.3,0.1,0.8,4.0,751.0,15.0,7.0,0.27030625832223704
16.0,5.0,35.0,0.3,0.1,0.8,4.0,742.0,14.0,4.0,0.27628032345013476
16.0,5.0,36.0,0.3,0.1,0.8,4.0,731.0,16.0,5.0,0.2722298221614227
16.0,5.0,37.0,0.3,0.1,0.8,4.0,700.0,13.0,5.0,0.28
16.0,5.0,38.0,0.3,0.1,0.8,4.0,697.0,13.0,6.0,0.27546628407460544
16.0,5.0,39.0,0.3,0.1,0.8,4.0,692.0,11.0,9.0,0.2817919075144509
16.0,5.0,40.0,0.3,0.1,0.8,4.0,669.0,13.0,9.0,0.2795216741405082
16.0,5.0,41.0,0.3,0.1,0.8,4.0,648.0,17.0,7.0,0.2916666666666667
16.0,5.0,42.0,0.3,0.1,0.8,4.0,633.0,11.0,3.0,0.28751974723538704
16.0,5.0,43.0,0.3,0.1,0.8,4.0,627.0,8.0,3.0,0.29505582137161085
16.0,5.0,44.0,0.3,0.1,0.8,4.0,619.0,10.0,5.0,0.28917609046849757
16.0,5.0,45.0,0.3,0.1,0.8,4.0,613.0,12.0,6.0,0.4551386623164764
16.0,5.0,46.0,0.3,0.1,0.8,4.0,604.0,11.0,5.0,0.4519867549668874
16.0,5.0,47.0,0.3,0.1,0.8,4.0,601.0,11.0,8.0,0.45757071547420963
16.0,5.0,48.0,0.3,0.1,0.8,4.0,586.0,12.0,7.0,0.4590443686006826
16.0,5.0,49.0,0.3,0.1,0.8,4.0,583.0,10.0,5.0,0.4631217838765009
16.0,5.0,50.0,0.3,0.1,0.8,4.0,562.0,8.0,4.0,0.4555160142348754
16.0,5.0,51.0,0.3,0.1,0.8,4.0,562.0,8.0,5.0,0.46441281138790036
16.0,5.0,52.0,0.3,0.1,0.8,4.0,559.0,9.0,5.0,0.4543828264758497
16.0,6.0,1.0,0.3,0.1,0.8,4.0,553.0,6.0,2.0,0.46473779385171793
16.0,6.0,2.0,0.3,0.1,0.8,4.0,544.0,4.0,2.0,0.4540441176470588
16.0,6.0,3.0,0.3,0.1,0.8,4.0,543.0,4.0,2.0,0.4622467771639042
16.0,6.0,4.0,0.3,0.1,0.8,4.0,542.0,6.0,2.0,0.45202952029520294
16.0,6.0,5.0,0.3,0.1,0.8,4.0,539.0,4.0,3.0,0.4601113172541744
16.0,6.0,6.0,0.3,0.1,0.8,4.0,537.0,5.0,4.0,0.4506517690875233
16.0,6.0,7.0,0.3,0.1,0.8,4.0,537.0,5.0,5.0,0.4581005586592179
16.0,6.0,8.0,0.3,0.1,0.8,4.0,525.0,2.0,2.0,0.4533333333333333
16.0,6.0,9.0,0.3,0.1,0.8,4.0,524.0,1.0,1.0,0.46564885496183206
16.0,6.0,10.0,0.3,0.1,0.8,4.0,519.0,2.0,0.0,0.45664739884393063
16.0,6.0,11.0,0.3,0.1,0.8,4.0,522.0,2.0,2.0,0.46551724137931033
16.0,6.0,12.0,0.3,0.1,0.8,4.0,518.0,2.0,2.0,0.4555984555984556
16.0,6.0,13.0,0.3,0.1,0.8,4.0,517.0,2.0,2.0,0.46034816247582205
16.0,6.0,14.0,0.3,0.1,0.8,4.0,514.0,0.0,0.0,0.4571984435797665
16.0,6.0,15.0,0.3,0.1,0.8,4.0,516.0,0.0,0.0,0.4631782945736434
16.0,6.0,16.0,0.3,0.1,0.8,4.0,513.0,0.0,0.0,0.45614035087719296
16.0,6.0,17.0,0.3,0.1,0.8,4.0,512.0,0.0,0.0,0.4609375
16.0,6.0,18.0,0.3,0.1,0.8,4.0,510.0,0.0,0.0,0.4549019607843137
16.0,6.0,19.0,0.3,0.1,0.8,4.0,510.0,0.0,0.0,0.46078431372549017
16.0,6.0,20.0,0.3,0.1,0.8,4.0,896.0,0.0,0.0,0.25669642857142855
16.0,6.0,21.0,0.3,0.1,0.8,4.0,886.0,0.0,0.0,0.2595936794582393
16.0,6.0,22.0,0.3,0.1,0.8,4.0,853.0,0.0,0.0,0.2637749120750293
16.0,6.0,23.0,0.3,0.1,0.8,4.0,850.0,0.0,0.0,0.2647058823529412
16.0,6.0,24.0,0.3,0.1,0.8,4.0,823.0,0.0,0.0,0.2648845686512758
16.0,6.0,25.0,0.3,0.1,0.8,4.0,820.0,0.0,0.0,0.2646341463414634
16.0,6.0,26.0,0.3,0.1,0.8,4.0,792.0,0.0,0.0,0.26515151515151514
16.0,6.0,27.0,0.3,0.1,0.8,4.0,788.0,0.0,0.0,0.26776649746192893
16.0,6.0,28.0,0.3,0.1,0.8,4.0,763.0,0.0,0.0,0.2686762778505898
16.0,6.0,29.0,0.3,0.1,0.8,4.0,773.0,0.0,0.0,0.2690815006468305
16.0,6.0,30.0,0.3,0.1,0.8,4.0,748.0,0.0,0.0,0.2727272727272727
16.0,6.0,31.0,0.3,0.1,0.8,4.0,747.0,0.0,0.0,0.27710843373493976
16.0,6.0,32.0,0.3,0.1,0.8,4.0,735.0,0.0,0.0,0.2748299319727891
16.0,6.0,33.0,0.3,0.1,0.8,4.0,741.0,0.0,0.0,0.2766531713900135
16.0,6.0,34.0,0.3,0.1,0.8,4.0,729.0,0.0,0.0,0.27434842249657065
16.0,6.0,35.0,0.3,0.1,0.8,4.0,738.0,0.0,0.0,0.2777777777777778
16.0,6.0,36.0,0.3,0.1,0.8,4.0,727.0,0.0,0.0,0.2751031636863824
16.0,6.0,37.0,0.3,0.1,0.8,4.0,736.0,0.0,0.0,0.2758152173913043
16.0,6.0,38.0,0.3,0.1,0.8,4.0,709.0,0.0,0.0,0.2750352609308886
16.0,6.0,39.0,0.3,0.1,0.8,4.0,719.0,0.0,0.0,0.2767732962447844
16.0,6.0,40.0,0.3,0.1,0.8,4.0,709.0,0.0,0.0,0.2750352609308886
16.0,6.0,41.0,0.3,0.1,0.8,4.0,708.0,0.0,0.0,0.2768361581920904
16.0,6.0,42.0,0.3,0.1,0.8,4.0,697.0,0.0,0.0,0.27403156384505023
16.0,6.0,43.0,0.3,0.1,0.8,4.0,701.0,0.0,0.0,0.275320970042796
16.0,6.0,44.0,0.3,0.1,0.8,4.0,674.0,0.0,0.0,0.27299703264094954
16.0,6.0,45.0,0.3,0.1,0.8,4.0,683.0,0.0,0.0,0.43045387994143486
16.0,6.0,46.0,0.3,0.1,0.8,4.0,649.0,0.0,0.0,0.43605546995377503
16.0,6.0,47.0,0.3,0.1,0.8,4.0,667.0,0.0,0.0,0.43478260869565216
16.0,6.0,48.0,0.3,0.1,0.8,4.0,643.0,0.0,0.0,0.4370139968895801
16.0,6.0,49.0,0.3,0.1,0.8,4.0,660.0,0.0,0.0,0.4348484848484849
16.0,6.0,50.0,0.3,0.1,0.8,4.0,625.0,0.0,0.0,0.4416
16.0,6.0,51.0,0.3,0.1,0.8,4.0,620.0,0.0,0.0,0.4435483870967742
16.0,6.0,52.0,0.3,0.1,0.8,4.0,611.0,0.0,0.0,0.44189852700491
16.0,7.0,1.0,0.3,0.1,0.8,4.0,603.0,0.0,0.0,0.43781094527363185
16.0,7.0,2.0,0.3,0.1,0.8,4.0,579.0,0.0,0.0,0.4421416234887737
16.0,7.0,3.0,0.3,0.1,0.8,4.0,580.0,0.0,0.0,0.44310344827586207
16.0,7.0,4.0,0.3,0.1,0.8,4.0,574.0,0.0,0.0,0.4442508710801394
16.0,7.0,5.0,0.3,0.1,0.8,4.0,577.0,0.0,0.0,0.4436741767764298
16.0,7.0,6.0,0.3,0.1,0.8,4.0,571.0,0.0,0.0,0.4448336252189142
16.0,7.0,7.0,0.3,0.1,0.8,4.0,563.0,0.0,0.0,0.4511545293072824
16.0,7.0,8.0,0.3,0.1,0.8,4.0,556.0,0.0,0.0,0.45143884892086333
16.0,7.0,9.0,0.3,0.1,0.8,4.0,560.0,0.0,0.0,0.4517857142857143
16.0,7.0,10.0,0.3,0.1,0.8,4.0,554.0,0.0,0.0,0.45126353790613716
16.0,7.0,11.0,0.3,0.1,0.8,4.0,560.0,0.0,0.0,0.4517857142857143
16.0,7.0,12.0,0.3,0.1,0.8,4.0,553.0,0.0,0.0,0.45207956600361665
16.0,7.0,13.0,0.3,0.1,0.8,4.0,558.0,0.0,0.0,0.45340501792114696
16.0,7.0,14.0,0.3,0.1,0.8,4.0,552.0,0.0,0.0,0.4528985507246377
16.0,7.0,15.0,0.3,0.1,0.8,4.0,557.0,0.0,0.0,0.4524236983842011
16.0,7.0,16.0,0.3,0.1,0.8,4.0,551.0,0.0,0.0,0.4519056261343013
16.0,7.0,17.0,0.3,0.1,0.8,4.0,540.0,0.0,0.0,0.4537037037037037
16.0,7.0,18.0,0.3,0.1,0.8,4.0,534.0,0.0,0.0,0.45318352059925093
16.0,7.0,19.0,0.3,0.1,0.8,4.0,540.0,0.0,0.0,0.4537037037037037
16.0,7.0,20.0,0.3,0.1,0.8,4.0,963.0,0.0,0.0,0.2512980269989616
16.0,7.0,21.0,0.3,0.1,0.8,4.0,957.0,0.0,0.0,0.25391849529780564
16.0,7.0,22.0,0.3,0.1,0.8,4.0,926.0,0.0,0.0,0.2526997840172786
16.0,7.0,23.0,0.3,0.1,0.8,4.0,922.0,0.0,0.0,0.25379609544468545
16.0,7.0,24.0,0.3,0.1,0.8,4.0,914.0,0.0,0.0,0.2527352297592998
16.0,7.0,25.0,0.3,0.1,0.8,4.0,892.0,0.0,0.0,0.257847533632287
16.0,7.0,26.0,0.3,0.1,0.8,4.0,864.0,0.0,0.0,0.25810185185185186
16.0,7.0,27.0,0.3,0.1,0.8,4.0,872.0,0.0,0.0,0.2591743119266055
16.0,7.0,28.0,0.3,0.1,0.8,4.0,863.0,0.0,0.0,0.2572421784472769
16.0,7.0,29.0,0.3,0.1,0.8,4.0,870.0,0.0,0.0,0.2574712643678161
16.0,7.0,30.0,0.3,0.1,0.8,4.0,862.0,0.0,0.0,0.25638051044083526
16.0,7.0,31.0,0.3,0.1,0.8,4.0,853.0,0.0,0.0,0.26025791324736225
16.0,7.0,32.0,0.3,0.1,0.8,4.0,824.0,0.0,0.0,0.2609223300970874
16.0,7.0,33.0,0.3,0.1,0.8,4.0,797.0,0.0,0.0,0.2697616060225847
16.0,7.0,34.0,0.3,0.1,0.8,4.0,778.0,0.0,0.0,0.26735218508997427
16.0,7.0,35.0,0.3,0.1,0.8,4.0,782.0,0.0,0.0,0.26982097186700765
16.0,7.0,36.0,0.3,0.1,0.8,4.0,750.0,0.0,0.0,0.268
16.0,7.0,37.0,0.3,0.1,0.8,4.0,740.0,0.0,0.0,0.26756756756756755
16.0,7.0,38.0,0.3,0.1,0.8,4.0,736.0,0.0,0.0,0.264945652173913
16.0,7.0,39.0,0.3,0.1,0.8,4.0,716.0,0.0,0.0,0.2681564245810056
16.0,7.0,40.0,0.3,0.1,0.8,4.0,701.0,0.0,0.0,0.26390870185449355
16.0,7.0,41.0,0.3,0.1,0.8,4.0,702.0,0.0,0.0,0.26638176638176636
16.0,7.0,42.0,0.3,0.1,0.8,4.0,695.0,0.0,0.0,0.2647482014388489
16.0,7.0,43.0,0.3,0.1,0.8,4.0,699.0,0.0,0.0,0.2675250357653791
16.0,7.0,44.0,0.3,0.1,0.8,4.0,685.0,0.0,0.0,0.2686131386861314
16.0,7.0,45.0,0.3,0.1,0.8,4.0,674.0,0.0,0.0,0.45548961424332346
16.0,7.0,46.0,0.3,0.1,0.8,4.0,670.0,0.0,0.0,0.4537313432835821
16.0,7.0,47.0,0.3,0.1,0.8,4.0,673.0,0.0,0.0,0.45468053491827637
16.0,7.0,48.0,0.3,0.1,0.8,4.0,659.0,0.0,0.0,0.4537177541729894
16.0,7.0,49.0,0.3,0.1,0.8,4.0,649.0,0.0,0.0,0.45454545454545453
16.0,7.0,50.0,0.3,0.1,0.8,4.0,646.0,0.0,0.0,0.4535603715170279
16.0,7.0,51.0,0.3,0.1,0.8,4.0,647.0,0.0,0.0,0.4528593508500773
16.0,7.0,52.0,0.3,0.1,0.8,4.0,643.0,0.0,0.0,0.4556765163297045
16.0,8.0,1.0,0.3,0.1,0.8,4.0,643.0,0.0,0.0,0.4556765163297045
16.0,8.0,2.0,0.3,0.1,0.8,4.0,641.0,0.0,0.0,0.45709828393135726
16.0,8.0,3.0,0.3,0.1,0.8,4.0,628.0,0.0,0.0,0.4570063694267516
16.0,8.0,4.0,0.3,0.1,0.8,4.0,627.0,0.0,0.0,0.45773524720893144
16.0,8.0,5.0,0.3,0.1,0.8,4.0,628.0,0.0,0.0,0.4570063694267516
16.0,8.0,6.0,0.3,0.1,0.8,4.0,626.0,0.0,0.0,0.4584664536741214
16.0,8.0,7.0,0.3,0.1,0.8,4.0,626.0,0.0,0.0,0.4584664536741214
16.0,8.0,8.0,0.3,0.1,0.8,4.0,623.0,0.0,0.0,0.4590690208667737
16.0,8.0,9.0,0.3,0.1,0.8,4.0,611.0,0.0,0.0,0.4664484451718494
16.0,8.0,10.0,0.3,0.1,0.8,4.0,609.0,0.0,0.0,0.4663382594417077
16.0,8.0,11.0,0.3,0.1,0.8,4.0,611.0,0.0,0.0,0.4664484451718494
16.0,8.0,12.0,0.3,0.1,0.8,4.0,608.0,0.0,0.0,0.46710526315789475
16.0,8.0,13.0,0.3,0.1,0.8,4.0,610.0,0.0,0.0,0.4672131147540984
16.0,8.0,14.0,0.3,0.1,0.8,4.0,608.0,0.0,0.0,0.46710526315789475
16.0,8.0,15.0,0.3,0.1,0.8,4.0,610.0,0.0,0.0,0.46885245901639344
16.0,8.0,16.0,0.3,0.1,0.8,4.0,606.0,0.0,0.0,0.466996699669967
16.0,8.0,17.0,0.3,0.1,0.8,4.0,608.0,0.0,0.0,0.47039473684210525
16.0,8.0,18.0,0.3,0.1,0.8,4.0,604.0,0.0,0.0,0.4685430463576159
16.0,8.0,19.0,0.3,0.1,0.8,4.0,608.0,0.0,0.0,0.47039473684210525
16.0,8.0,20.0,0.3,0.1,0.8,4.0,1028.0,0.0,0.0,0.27529182879377434
16.0,8.0,21.0,0.3,0.1,0.8,4.0,1015.0,0.0,0.0,0.27783251231527095
16.0,8.0,22.0,0.3,0.1,0.8,4.0,998.0,0.0,0.0,0.2775551102204409
16.0,8.0,23.0,0.3,0.1,0.8,4.0,942.0,0.0,0.0,0.28768577494692144
16.0,8.0,24.0,0.3,0.1,0.8,4.0,892.0,0.0,0.0,0.29260089686098656
16.0,8.0,25.0,0.3,0.1,0.8,4.0,896.0,0.0,0.0,0.29464285714285715
16.0,8.0,26.0,0.3,0.1,0.8,4.0,857.0,0.0,0.0,0.2893815635939323
16.0,8.0,27.0,0.3,0.1,0.8,4.0,842.0,0.0,0.0,0.29453681710213775
16.0,8.0,28.0,0.3,0.1,0.8,4.0,827.0,0.0,0.0,0.2926239419588875
16.0,8.0,29.0,0.3,0.1,0.8,4.0,806.0,0.0,0.0,0.29404466501240695
16.0,8.0,30.0,0.3,0.1,0.8,4.0,784.0,0.0,0.0,0.29591836734693877
16.0,8.0,31.0,0.3,0.1,0.8,4.0,777.0,0.0,0.0,0.296010296010296
16.0,8.0,32.0,0.3,0.1,0.8,4.0,762.0,0.0,0.0,0.29658792650918636
16.0,8.0,33.0,0.3,0.1,0.8,4.0,766.0,0.0,0.0,0.2989556135770235
16.0,8.0,34.0,0.3,0.1,0.8,4.0,752.0,0.0,0.0,0.29654255319148937
16.0,8.0,35.0,0.3,0.1,0.8,4.0,754.0,0.0,0.0,0.29708222811671087
16.0,8.0,36.0,0.3,0.1,0.8,4.0,752.0,0.0,0.0,0.29654255319148937
16.0,8.0,37.0,0.3,0.1,0.8,4.0,742.0,0.0,0.0,0.2991913746630728
16.0,8.0,38.0,0.3,0.1,0.8,4.0,726.0,0.0,0.0,0.3002754820936639
16.0,8.0,39.0,0.3,0.1,0.8,4.0,730.0,0.0,0.0,0.30273972602739724
16.0,8.0,40.0,0.3,0.1,0.8,4.0,714.0,0.0,0.0,0.29971988795518206
16.0,8.0,41.0,0.3,0.1,0.8,4.0,706.0,0.0,0.0,0.3031161473087819
16.0,8.0,42.0,0.3,0.1,0.8,4.0,691.0,0.0,0.0,0.30101302460202606
16.0,8.0,43.0,0.3,0.1,0.8,4.0,646.0,0.0,0.0,0.3157894736842105
16.0,8.0,44.0,0.3,0.1,0.8,4.0,642.0,0.0,0.0,0.3130841121495327
16.0,8.0,45.0,0.3,0.1,0.8,4.0,635.0,0.0,0.0,0.46141732283464565
16.0,8.0,46.0,0.3,0.1,0.8,4.0,631.0,0.0,0.0,0.4595879556259905
16.0,8.0,47.0,0.3,0.1,0.8,4.0,635.0,0.0,0.0,0.46141732283464565
16.0,8.0,48.0,0.3,0.1,0.8,4.0,632.0,0.0,0.0,0.46044303797468356
16.0,8.0,49.0,0.3,0.1,0.8,4.0,634.0,0.0,0.0,0.4605678233438486
16.0,8.0,50.0,0.3,0.1,0.8,4.0,632.0,0.0,0.0,0.46044303797468356
16.0,8.0,51.0,0.3,0.1,0.8,4.0,634.0,0.0,0.0,0.4605678233438486
16.0,8.0,52.0,0.3,0.1,0.8,4.0,632.0,0.0,0.0,0.46044303797468356
16.0,9.0,1.0,0.3,0.1,0.8,4.0,632.0,0.0,0.0,0.4620253164556962
16.0,9.0,2.0,0.3,0.1,0.8,4.0,630.0,0.0,0.0,0.46190476190476193
16.0,9.0,3.0,0.3,0.1,0.8,4.0,631.0,0.0,0.0,0.46275752773375595
16.0,9.0,4.0,0.3,0.1,0.8,4.0,617.0,0.0,0.0,0.46353322528363045
16.0,9.0,5.0,0.3,0.1,0.8,4.0,618.0,0.0,0.0,0.46440129449838186
16.0,9.0,6.0,0.3,0.1,0.8,4.0,616.0,0.0,0.0,0.4642857142857143
16.0,9.0,7.0,0.3,0.1,0.8,4.0,606.0,0.0,0.0,0.46534653465346537
16.0,9.0,8.0,0.3,0.1,0.8,4.0,600.0,0.0,0.0,0.465
16.0,9.0,9.0,0.3,0.1,0.8,4.0,603.0,0.0,0.0,0.46766169154228854
16.0,9.0,10.0,0.3,0.1,0.8,4.0,597.0,0.0,0.0,0.46733668341708545
16.0,9.0,11.0,0.3,0.1,0.8,4.0,587.0,0.0,0.0,0.47189097103918226
16.0,9.0,12.0,0.3,0.1,0.8,4.0,582.0,0.0,0.0,0.47079037800687284
16.0,9.0,13.0,0.3,0.1,0.8,4.0,586.0,0.0,0.0,0.4726962457337884
16.0,9.0,14.0,0.3,0.1,0.8,4.0,581.0,0.0,0.0,0.47160068846815834
16.0,9.0,15.0,0.3,0.1,0.8,4.0,584.0,0.0,0.0,0.4743150684931507
16.0,9.0,16.0,0.3,0.1,0.8,4.0,580.0,0.0,0.0,0.4724137931034483
16.0,9.0,17.0,0.3,0.1,0.8,4.0,584.0,0.0,0.0,0.4743150684931507
16.0,9.0,18.0,0.3,0.1,0.8,4.0,579.0,0.0,0.0,0.47150259067357514
16.0,9.0,19.0,0.3,0.1,0.8,4.0,582.0,0.0,0.0,0.4742268041237113
16.0,9.0,20.0,0.3,0.1,0.8,4.0,992.0,0.0,0.0,0.2550403225806452
16.0,9.0,21.0,0.3,0.1,0.8,4.0,917.0,0.0,0.0,0.2628135223555071
16.0,9.0,22.0,0.3,0.1,0.8,4.0,861.0,0.0,0.0,0.2682926829268293
16.0,9.0,23.0,0.3,0.1,0.8,4.0,865.0,0.0,0.0,0.2705202312138728
16.0,9.0,24.0,0.3,0.1,0.8,4.0,838.0,0.0,0.0,0.26968973747016706
16.0,9.0,25.0,0.3,0.1,0.8,4.0,829.0,0.0,0.0,0.2762364294330519
16.0,9.0,26.0,0.3,0.1,0.8,4.0,824.0,0.0,0.0,0.27427184466019416
16.0,9.0,27.0,0.3,0.1,0.8,4.0,809.0,0.0,0.0,0.27935723114956734
16.0,9.0,28.0,0.3,0.1,0.8,4.0,793.0,0.0,0.0,0.2786885245901639
16.0,9.0,29.0,0.3,0.1,0.8,4.0,797.0,0.0,0.0,0.2810539523212045
16.0,9.0,30.0,0.3,0.1,0.8,4.0,794.0,0.0,0.0,0.2795969773299748
16.0,9.0,31.0,0.3,0.1,0.8,4.0,797.0,0.0,0.0,0.2810539523212045
16.0,9.0,32.0,0.3,0.1,0.8,4.0,793.0,0.0,0.0,0.2786885245901639
16.0,9.0,33.0,0.3,0.1,0.8,4.0,783.0,0.0,0.0,0.2835249042145594
16.0,9.0,34.0,0.3,0.1,0.8,4.0,779.0,0.0,0.0,0.2811296534017972
16.0,9.0,35.0,0.3,0.1,0.8,4.0,771.0,0.0,0.0,0.28793774319066145
16.0,9.0,36.0,0.3,0.1,0.8,4.0,767.0,0.0,0.0,0.28552803129074317
16.0,9.0,37.0,0.3,0.1,0.8,4.0,771.0,0.0,0.0,0.28793774319066145
16.0,9.0,38.0,0.3,0.1,0.8,4.0,767.0,0.0,0.0,0.28552803129074317
16.0,9.0,39.0,0.3,0.1,0.8,4.0,756.0,0.0,0.0,0.2896825396825397
16.0,9.0,40.0,0.3,0.1,0.8,4.0,752.0,0.0,0.0,0.2872340425531915
16.0,9.0,41.0,0.3,0.1,0.8,4.0,745.0,0.0,0.0,0.2859060402684564
16.0,9.0,42.0,0.3,0.1,0.8,4.0,741.0,0.0,0.0,0.2834008097165992
16.0,9.0,43.0,0.3,0.1,0.8,4.0,723.0,0.0,0.0,0.28907330567081607
16.0,9.0,44.0,0.3,0.1,0.8,4.0,720.0,0.0,0.0,0.2875
16.0,9.0,45.0,0.3,0.1,0.8,4.0,723.0,0.0,0.0,0.4508990318118949
16.0,9.0,46.0,0.3,0.1,0.8,4.0,702.0,0.0,0.0,0.4515669515669516
16.0,9.0,47.0,0.3,0.1,0.8,4.0,706.0,0.0,0.0,0.45325779036827196
16.0,9.0,48.0,0.3,0.1,0.8,4.0,702.0,0.0,0.0,0.4515669515669516
16.0,9.0,49.0,0.3,0.1,0.8,4.0,694.0,0.0,0.0,0.4495677233429395
16.0,9.0,50.0,0.3,0.1,0.8,4.0,677.0,0.0,0.0,0.44756277695716395
16.0,9.0,51.0,0.3,0.1,0.8,4.0,681.0,0.0,0.0,0.44933920704845814
16.0,9.0,52.0,0.3,0.1,0.8,4.0,677.0,0.0,0.0,0.44756277695716395
16.0,10.0,1.0,0.3,0.1,0.8,4.0,681.0,0.0,0.0,0.44933920704845814
16.0,10.0,2.0,0.3,0.1,0.8,4.0,675.0,0.0,0.0,0.4488888888888889
16.0,10.0,3.0,0.3,0.1,0.8,4.0,678.0,0.0,0.0,0.45132743362831856
16.0,10.0,4.0,0.3,0.1,0.8,4.0,675.0,0.0,0.0,0.45037037037037037
16.0,10.0,5.0,0.3,0.1,0.8,4.0,677.0,0.0,0.0,0.4505169867060561
16.0,10.0,6.0,0.3,0.1,0.8,4.0,675.0,0.0,0.0,0.45037037037037037
16.0,10.0,7.0,0.3,0.1,0.8,4.0,677.0,0.0,0.0,0.4505169867060561
16.0,10.0,8.0,0.3,0.1,0.8,4.0,674.0,0.0,0.0,0.45103857566765576
16.0,10.0,9.0,0.3,0.1,0.8,4.0,676.0,0.0,0.0,0.4511834319526627
16.0,10.0,10.0,0.3,0.1,0.8,4.0,670.0,0.0,0.0,0.45223880597014926
16.0,10.0,11.0,0.3,0.1,0.8,4.0,674.0,0.0,0.0,0.45103857566765576
16.0,10.0,12.0,0.3,0.1,0.8,4.0,670.0,0.0,0.0,0.4507462686567164
16.0,10.0,13.0,0.3,0.1,0.8,4.0,672.0,0.0,0.0,0.45089285714285715
16.0,10.0,14.0,0.3,0.1,0.8,4.0,669.0,0.0,0.0,0.4499252615844544
16.0,10.0,15.0,0.3,0.1,0.8,4.0,671.0,0.0,0.0,0.45007451564828616
16.0,10.0,16.0,0.3,0.1,0.8,4.0,669.0,0.0,0.0,0.4499252615844544
16.0,10.0,17.0,0.3,0.1,0.8,4.0,660.0,0.0,0.0,0.453030303030303
16.0,10.0,18.0,0.3,0.1,0.8,4.0,658.0,0.0,0.0,0.45288753799392095
16.0,10.0,19.0,0.3,0.1,0.8,4.0,661.0,0.0,0.0,0.4523449319213313
16.0,10.0,20.0,0.3,0.1,0.8,4.0,1132.0,0.0,0.0,0.24911660777385158
16.0,10.0,21.0,0.3,0.1,0.8,4.0,1116.0,0.0,0.0,0.2482078853046595
16.0,10.0,22.0,0.3,0.1,0.8,4.0,1094.0,0.0,0.0,0.25045703839122485
16.0,10.0,23.0,0.3,0.1,0.8,4.0,1051.0,0.0,0.0,0.25023786869647957
16.0,10.0,24.0,0.3,0.1,0.8,4.0,983.0,0.0,0.0,0.2624618514750763
16.0,10.0,25.0,0.3,0.1,0.8,4.0,943.0,0.0,0.0,0.271474019088017
16.0,10.0,26.0,0.3,0.1,0.8,4.0,910.0,0.0,0.0,0.27692307692307694
16.0,10.0,27.0,0.3,0.1,0.8,4.0,893.0,0.0,0.0,0.27547592385218367
16.0,10.0,28.0,0.3,0.1,0.8,4.0,834.0,0.0,0.0,0.27817745803357313
16.0,10.0,29.0,0.3,0.1,0.8,4.0,800.0,0.0,0.0,0.28125
16.0,10.0,30.0,0.3,0.1,0.8,4.0,796.0,0.0,0.0,0.28266331658291455
16.0,10.0,31.0,0.3,0.1,0.8,4.0,779.0,0.0,0.0,0.28754813863928114
16.0,10.0,32.0,0.3,0.1,0.8,4.0,779.0,0.0,0.0,0.28754813863928114
16.0,10.0,33.0,0.3,0.1,0.8,4.0,772.0,0.0,0.0,0.28367875647668395
16.0,10.0,34.0,0.3,0.1,0.8,4.0,747.0,0.0,0.0,0.29049531459170014
16.0,10.0,35.0,0.3,0.1,0.8,4.0,730.0,0.0,0.0,0.29041095890410956
16.0,10.0,36.0,0.3,0.1,0.8,4.0,722.0,0.0,0.0,0.29362880886426596
16.0,10.0,37.0,0.3,0.1,0.8,4.0,705.0,0.0,0.0,0.2950354609929078
16.0,10.0,38.0,0.3,0.1,0.8,4.0,697.0,0.0,0.0,0.2984218077474892
16.0,10.0,39.0,0.3,0.1,0.8,4.0,693.0,0.0,0.0,0.2972582972582973
16.0,10.0,40.0,0.3,0.1,0.8,4.0,673.0,0.0,0.0,0.3016344725111441
16.0,10.0,41.0,0.3,0.1,0.8,4.0,681.0,0.0,0.0,0.29809104258443464
16.0,10.0,42.0,0.3,0.1,0.8,4.0,673.0,0.0,0.0,0.3016344725111441
16.0,10.0,43.0,0.3,0.1,0.8,4.0,643.0,0.0,0.0,0.30326594090202175
16.0,10.0,44.0,0.3,0.1,0.8,4.0,635.0,0.0,0.0,0.30708661417322836
16.0,10.0,45.0,0.3,0.1,0.8,4.0,644.0,0.0,0.0,0.4767080745341615
16.0,10.0,46.0,0.3,0.1,0.8,4.0,634.0,0.0,0.0,0.47634069400630913
16.0,10.0,47.0,0.3,0.1,0.8,4.0,633.0,0.0,0.0,0.4802527646129542
16.0,10.0,48.0,0.3,0.1,0.8,4.0,623.0,0.0,0.0,0.4799357945425361
16.0,10.0,49.0,0.3,0.1,0.8,4.0,633.0,0.0,0.0,0.4802527646129542
16.0,10.0,50.0,0.3,0.1,0.8,4.0,612.0,0.0,0.0,0.4852941176470588
16.0,10.0,51.0,0.3,0.1,0.8,4.0,622.0,0.0,0.0,0.4855305466237942
16.0,10.0,52.0,0.3,0.1,0.8,4.0,612.0,0.0,0.0,0.4852941176470588
17.0,1.0,1.0,0.3,0.1,0.8,4.0,5094.0,52.0,9.0,0.2917157440125638
17.0,1.0,2.0,0.3,0.1,0.8,4.0,5049.0,55.0,21.0,0.28916617151911267
17.0,1.0,3.0,0.3,0.1,0.8,4.0,4985.0,73.0,33.0,0.2888665997993982
17.0,1.0,4.0,0.3,0.1,0.8,4.0,4971.0,96.0,39.0,0.291892979279823
17.0,1.0,5.0,0.3,0.1,0.8,4.0,4968.0,117.0,40.0,0.2946859903381642
17.0,1.0,6.0,0.3,0.1,0.8,4.0,4830.0,125.0,41.0,0.2937888198757764
17.0,1.0,7.0,0.3,0.1,0.8,4.0,4685.0,148.0,46.0,0.29647812166488796
17.0,1.0,8.0,0.3,0.1,0.8,4.0,4541.0,161.0,57.0,0.29597005064963666
17.0,1.0,9.0,0.3,0.1,0.8,4.0,4416.0,185.0,66.0,0.2966485507246377
17.0,1.0,10.0,0.3,0.1,0.8,4.0,4313.0,211.0,91.0,0.29561789937398564
17.0,1.0,11.0,0.3,0.1,0.8,4.0,4087.0,232.0,100.0,0.29655003670173724
17.0,1.0,12.0,0.3,0.1,0.8,4.0,3957.0,257.0,110.0,0.29567854435178165
17.0,1.0,13.0,0.3,0.1,0.8,4.0,3855.0,274.0,123.0,0.2985732814526589
17.0,1.0,14.0,0.3,0.1,0.8,4.0,3717.0,271.0,129.0,0.3007801990852838
17.0,1.0,15.0,0.3,0.1,0.8,4.0,3619.0,276.0,140.0,0.3047803260569218
17.0,1.0,16.0,0.3,0.1,0.8,4.0,3532.0,261.0,141.0,0.3094563986409966
17.0,1.0,17.0,0.3,0.1,0.8,4.0,3430.0,241.0,128.0,0.3128279883381924
17.0,1.0,18.0,0.3,0.1,0.8,4.0,3362.0,229.0,116.0,0.3194527067221892
17.0,1.0,19.0,0.3,0.1,0.8,4.0,3255.0,230.0,110.0,0.3228878648233487
17.0,1.0,20.0,0.3,0.1,0.8,4.0,5878.0,219.0,112.0,0.1748894181694454
17.0,1.0,21.0,0.3,0.1,0.8,4.0,5542.0,299.0,113.0,0.17791411042944785
17.0,1.0,22.0,0.3,0.1,0.8,4.0,5340.0,342.0,113.0,0.18314606741573033
17.0,1.0,23.0,0.3,0.1,0.8,4.0,4989.0,363.0,125.0,0.18661054319502907
17.0,1.0,24.0,0.3,0.1,0.8,4.0,4712.0,382.0,149.0,0.19015280135823429
17.0,1.0,25.0,0.3,0.1,0.8,4.0,4512.0,378.0,155.0,0.1934840425531915
17.0,1.0,26.0,0.3,0.1,0.8,4.0,4312.0,400.0,170.0,0.19642857142857142
17.0,1.0,27.0,0.3,0.1,0.8,4.0,4081.0,424.0,170.0,0.20166625827003185
17.0,1.0,28.0,0.3,0.1,0.8,4.0,3830.0,427.0,177.0,0.2070496083550914
17.0,1.0,29.0,0.3,0.1,0.8,4.0,3632.0,428.0,192.0,0.21227973568281938
17.0,1.0,30.0,0.3,0.1,0.8,4.0,3447.0,439.0,197.0,0.2175805047867711
17.0,1.0,31.0,0.3,0.1,0.8,4.0,3281.0,446.0,202.0,0.22218835720816824
17.0,1.0,32.0,0.3,0.1,0.8,4.0,3152.0,442.0,192.0,0.22842639593908629
17.0,1.0,33.0,0.3,0.1,0.8,4.0,2937.0,431.0,193.0,0.2373169901259789
17.0,1.0,34.0,0.3,0.1,0.8,4.0,2802.0,436.0,198.0,0.24375446109921484
17.0,1.0,35.0,0.3,0.1,0.8,4.0,2638.0,414.0,206.0,0.24905231235784686
17.0,1.0,36.0,0.3,0.1,0.8,4.0,2484.0,398.0,196.0,0.2580515297906602
17.0,1.0,37.0,0.3,0.1,0.8,4.0,2345.0,386.0,181.0,0.2678038379530917
17.0,1.0,38.0,0.3,0.1,0.8,4.0,2230.0,369.0,175.0,0.27757847533632285
17.0,1.0,39.0,0.3,0.1,0.8,4.0,2124.0,351.0,169.0,0.288135593220339
17.0,1.0,40.0,0.3,0.1,0.8,4.0,2051.0,357.0,157.0,0.29644076060458313
17.0,1.0,41.0,0.3,0.1,0.8,4.0,1930.0,320.0,150.0,0.3093264248704663
17.0,1.0,42.0,0.3,0.1,0.8,4.0,1847.0,296.0,155.0,0.32051976177585273
17.0,1.0,43.0,0.3,0.1,0.8,4.0,1802.0,293.0,167.0,0.32685904550499445
17.0,1.0,44.0,0.3,0.1,0.8,4.0,1717.0,257.0,152.0,0.33954571927781013
17.0,1.0,45.0,0.3,0.1,0.8,4.0,1628.0,233.0,121.0,0.5233415233415234
17.0,1.0,46.0,0.3,0.1,0.8,4.0,1558.0,197.0,101.0,0.5320924261874198
17.0,1.0,47.0,0.3,0.1,0.8,4.0,1487.0,169.0,94.0,0.5400134498991258
17.0,1.0,48.0,0.3,0.1,0.8,4.0,1415.0,138.0,91.0,0.5519434628975265
17.0,1.0,49.0,0.3,0.1,0.8,4.0,1368.0,126.0,75.0,0.560672514619883
17.0,1.0,50.0,0.3,0.1,0.8,4.0,1324.0,103.0,56.0,0.5687311178247734
17.0,1.0,51.0,0.3,0.1,0.8,4.0,1286.0,81.0,42.0,0.578538102643857
17.0,1.0,52.0,0.3,0.1,0.8,4.0,1268.0,77.0,49.0,0.582807570977918
17.0,2.0,1.0,0.3,0.1,0.8,4.0,1247.0,69.0,41.0,0.5894145950280674
17.0,2.0,2.0,0.3,0.1,0.8,4.0,1215.0,54.0,34.0,0.5958847736625514
17.0,2.0,3.0,0.3,0.1,0.8,4.0,1187.0,39.0,21.0,0.6015164279696714
17.0,2.0,4.0,0.3,0.1,0.8,4.0,1178.0,38.0,22.0,0.6035653650254669
17.0,2.0,5.0,0.3,0.1,0.8,4.0,1158.0,32.0,17.0,0.6088082901554405
17.0,2.0,6.0,0.3,0.1,0.8,4.0,1153.0,32.0,16.0,0.6105810928013877
17.0,2.0,7.0,0.3,0.1,0.8,4.0,1133.0,27.0,14.0,0.6134157105030892
17.0,2.0,8.0,0.3,0.1,0.8,4.0,1120.0,22.0,10.0,0.61875
17.0,2.0,9.0,0.3,0.1,0.8,4.0,1111.0,20.0,12.0,0.6192619261926192
17.0,2.0,10.0,0.3,0.1,0.8,4.0,1102.0,16.0,11.0,0.6206896551724138
17.0,2.0,11.0,0.3,0.1,0.8,4.0,1091.0,14.0,10.0,0.6260311640696609
17.0,2.0,12.0,0.3,0.1,0.8,4.0,1079.0,12.0,7.0,0.6265060240963856
17.0,2.0,13.0,0.3,0.1,0.8,4.0,1073.0,9.0,4.0,0.6281453867660765
17.0,2.0,14.0,0.3,0.1,0.8,4.0,1064.0,8.0,2.0,0.6306390977443609
17.0,2.0,15.0,0.3,0.1,0.8,4.0,1046.0,9.0,4.0,0.6338432122370937
17.0,2.0,16.0,0.3,0.1,0.8,4.0,1037.0,9.0,4.0,0.6325940212150434
17.0,2.0,17.0,0.3,0.1,0.8,4.0,1020.0,9.0,7.0,0.6303921568627451
17.0,2.0,18.0,0.3,0.1,0.8,4.0,1009.0,8.0,6.0,0.6293359762140733
17.0,2.0,19.0,0.3,0.1,0.8,4.0,1007.0,7.0,4.0,0.6295928500496525
17.0,2.0,20.0,0.3,0.1,0.8,4.0,1822.0,4.0,1.0,0.3424807903402854
17.0,2.0,21.0,0.3,0.1,0.8,4.0,1775.0,4.0,1.0,0.3430985915492958
17.0,2.0,22.0,0.3,0.1,0.8,4.0,1684.0,4.0,2.0,0.34619952494061756
17.0,2.0,23.0,0.3,0.1,0.8,4.0,1605.0,7.0,3.0,0.3514018691588785
17.0,2.0,24.0,0.3,0.1,0.8,4.0,1560.0,7.0,3.0,0.35384615384615387
17.0,2.0,25.0,0.3,0.1,0.8,4.0,1540.0,8.0,2.0,0.3512987012987013
17.0,2.0,26.0,0.3,0.1,0.8,4.0,1530.0,8.0,3.0,0.35228758169934643
17.0,2.0,27.0,0.3,0.1,0.8,4.0,1517.0,7.0,2.0,0.35332893869479237
17.0,2.0,28.0,0.3,0.1,0.8,4.0,1509.0,7.0,2.0,0.3499005964214712
17.0,2.0,29.0,0.3,0.1,0.8,4.0,1501.0,6.0,2.0,0.3510992671552298
17.0,2.0,30.0,0.3,0.1,0.8,4.0,1477.0,8.0,4.0,0.35003385240352064
17.0,2.0,31.0,0.3,0.1,0.8,4.0,1437.0,7.0,3.0,0.34933890048712596
17.0,2.0,32.0,0.3,0.1,0.8,4.0,1423.0,5.0,3.0,0.3492621222768798
17.0,2.0,33.0,0.3,0.1,0.8,4.0,1394.0,4.0,3.0,0.3522238163558106
17.0,2.0,34.0,0.3,0.1,0.8,4.0,1389.0,4.0,4.0,0.35205183585313177
17.0,2.0,35.0,0.3,0.1,0.8,4.0,1371.0,2.0,2.0,0.3537563822027717
17.0,2.0,36.0,0.3,0.1,0.8,4.0,1354.0,1.0,1.0,0.3559822747415066
17.0,2.0,37.0,0.3,0.1,0.8,4.0,1332.0,1.0,0.0,0.3551051051051051
17.0,2.0,38.0,0.3,0.1,0.8,4.0,1302.0,1.0,0.0,0.35714285714285715
17.0,2.0,39.0,0.3,0.1,0.8,4.0,1276.0,1.0,0.0,0.3542319749216301
17.0,2.0,40.0,0.3,0.1,0.8,4.0,1279.0,1.0,0.0,0.3518373729476153
17.0,2.0,41.0,0.3,0.1,0.8,4.0,1241.0,1.0,0.0,0.3553585817888799
17.0,2.0,42.0,0.3,0.1,0.8,4.0,1218.0,1.0,0.0,0.35714285714285715
17.0,2.0,43.0,0.3,0.1,0.8,4.0,1215.0,1.0,1.0,0.35390946502057613
17.0,2.0,44.0,0.3,0.1,0.8,4.0,1200.0,1.0,1.0,0.3516666666666667
17.0,2.0,45.0,0.3,0.1,0.8,4.0,1166.0,1.0,1.0,0.4699828473413379
17.0,2.0,46.0,0.3,0.1,0.8,4.0,1130.0,0.0,0.0,0.47699115044247786
17.0,2.0,47.0,0.3,0.1,0.8,4.0,1099.0,0.0,0.0,0.4749772520473157
17.0,2.0,48.0,0.3,0.1,0.8,4.0,1102.0,0.0,0.0,0.4764065335753176
17.0,2.0,49.0,0.3,0.1,0.8,4.0,1091.0,0.0,0.0,0.4775435380384968
17.0,2.0,50.0,0.3,0.1,0.8,4.0,1092.0,0.0,0.0,0.47527472527472525
17.0,2.0,51.0,0.3,0.1,0.8,4.0,1064.0,0.0,0.0,0.4774436090225564
17.0,2.0,52.0,0.3,0.1,0.8,4.0,1052.0,0.0,0.0,0.48003802281368824
17.0,3.0,1.0,0.3,0.1,0.8,4.0,1038.0,0.0,0.0,0.4797687861271676
17.0,3.0,2.0,0.3,0.1,0.8,4.0,1038.0,0.0,0.0,0.4816955684007707
17.0,3.0,3.0,0.3,0.1,0.8,4.0,1031.0,0.0,0.0,0.481086323957323
17.0,3.0,4.0,0.3,0.1,0.8,4.0,1023.0,0.0,0.0,0.4789833822091887
17.0,3.0,5.0,0.3,0.1,0.8,4.0,1012.0,0.0,0.0,0.4762845849802372
17.0,3.0,6.0,0.3,0.1,0.8,4.0,1011.0,0.0,0.0,0.47576656775469833
17.0,3.0,7.0,0.3,0.1,0.8,4.0,1005.0,0.0,0.0,0.4746268656716418
17.0,3.0,8.0,0.3,0.1,0.8,4.0,1002.0,0.0,0.0,0.47604790419161674
17.0,3.0,9.0,0.3,0.1,0.8,4.0,993.0,0.0,0.0,0.4743202416918429
17.0,3.0,10.0,0.3,0.1,0.8,4.0,990.0,0.0,0.0,0.47373737373737373
17.0,3.0,11.0,0.3,0.1,0.8,4.0,981.0,0.0,0.0,0.4750254841997961
17.0,3.0,12.0,0.3,0.1,0.8,4.0,975.0,0.0,0.0,0.47794871794871796
17.0,3.0,13.0,0.3,0.1,0.8,4.0,962.0,0.0,0.0,0.47505197505197505
17.0,3.0,14.0,0.3,0.1,0.8,4.0,962.0,0.0,0.0,0.47505197505197505
17.0,3.0,15.0,0.3,0.1,0.8,4.0,952.0,0.0,0.0,0.4726890756302521
17.0,3.0,16.0,0.3,0.1,0.8,4.0,954.0,0.0,0.0,0.4727463312368973
17.0,3.0,17.0,0.3,0.1,0.8,4.0,946.0,0.0,0.0,0.4714587737843552
17.0,3.0,18.0,0.3,0.1,0.8,4.0,949.0,0.0,0.0,0.4720758693361433
17.0,3.0,19.0,0.3,0.1,0.8,4.0,930.0,0.0,0.0,0.4698924731182796
17.0,3.0,20.0,0.3,0.1,0.8,4.0,1694.0,0.0,0.0,0.25914994096812277
17.0,3.0,21.0,0.3,0.1,0.8,4.0,1642.0,0.0,0.0,0.25943970767356883
17.0,3.0,22.0,0.3,0.1,0.8,4.0,1620.0,0.0,0.0,0.2580246913580247
17.0,3.0,23.0,0.3,0.1,0.8,4.0,1579.0,0.0,0.0,0.25839138695376823
17.0,3.0,24.0,0.3,0.1,0.8,4.0,1560.0,0.0,0.0,0.26153846153846155
17.0,3.0,25.0,0.3,0.1,0.8,4.0,1540.0,0.0,0.0,0.2590909090909091
17.0,3.0,26.0,0.3,0.1,0.8,4.0,1543.0,0.0,0.0,0.2592352559948153
17.0,3.0,27.0,0.3,0.1,0.8,4.0,1503.0,0.0,0.0,0.26147704590818366
17.0,3.0,28.0,0.3,0.1,0.8,4.0,1488.0,0.0,0.0,0.26276881720430106
17.0,3.0,29.0,0.3,0.1,0.8,4.0,1443.0,0.0,0.0,0.26403326403326405
17.0,3.0,30.0,0.3,0.1,0.8,4.0,1431.0,0.0,0.0,0.26275331935709295
17.0,3.0,31.0,0.3,0.1,0.8,4.0,1369.0,0.0,0.0,0.26369612856099345
17.0,3.0,32.0,0.3,0.1,0.8,4.0,1360.0,0.0,0.0,0.26323529411764707
17.0,3.0,33.0,0.3,0.1,0.8,4.0,1316.0,0.0,0.0,0.26595744680851063
17.0,3.0,34.0,0.3,0.1,0.8,4.0,1317.0,0.0,0.0,0.26651480637813213
17.0,3.0,35.0,0.3,0.1,0.8,4.0,1274.0,0.0,0.0,0.27237048665620095
17.0,3.0,36.0,0.3,0.1,0.8,4.0,1252.0,0.0,0.0,0.2723642172523962
17.0,3.0,37.0,0.3,0.1,0.8,4.0,1242.0,0.0,0.0,0.27375201288244766
17.0,3.0,38.0,0.3,0.1,0.8,4.0,1220.0,0.0,0.0,0.2721311475409836
17.0,3.0,39.0,0.3,0.1,0.8,4.0,1186.0,0.0,0.0,0.27318718381112983
17.0,3.0,40.0,0.3,0.1,0.8,4.0,1170.0,0.0,0.0,0.2726495726495726
17.0,3.0,41.0,0.3,0.1,0.8,4.0,1164.0,0.0,0.0,0.27147766323024053
17.0,3.0,42.0,0.3,0.1,0.8,4.0,1141.0,0.0,0.0,0.27256792287467135
17.0,3.0,43.0,0.3,0.1,0.8,4.0,1128.0,0.0,0.0,0.2712765957446808
17.0,3.0,44.0,0.3,0.1,0.8,4.0,1131.0,0.0,0.0,0.2723253757736516
17.0,3.0,45.0,0.3,0.1,0.8,4.0,1099.0,0.0,0.0,0.44494995450409464
17.0,3.0,46.0,0.3,0.1,0.8,4.0,1079.0,0.0,0.0,0.4494902687673772
17.0,3.0,47.0,0.3,0.1,0.8,4.0,1039.0,0.0,0.0,0.45332050048123196
17.0,3.0,48.0,0.3,0.1,0.8,4.0,994.0,0.0,0.0,0.45271629778672035
17.0,3.0,49.0,0.3,0.1,0.8,4.0,987.0,0.0,0.0,0.45288753799392095
17.0,3.0,50.0,0.3,0.1,0.8,4.0,958.0,0.0,0.0,0.4592901878914405
17.0,3.0,51.0,0.3,0.1,0.8,4.0,941.0,0.0,0.0,0.45589798087141337
17.0,3.0,52.0,0.3,0.1,0.8,4.0,927.0,0.0,0.0,0.45846817691477887
17.0,4.0,1.0,0.3,0.1,0.8,4.0,893.0,0.0,0.0,0.46024636058230683
17.0,4.0,2.0,0.3,0.1,0.8,4.0,892.0,0.0,0.0,0.46300448430493274
17.0,4.0,3.0,0.3,0.1,0.8,4.0,889.0,0.0,0.0,0.4611923509561305
17.0,4.0,4.0,0.3,0.1,0.8,4.0,885.0,0.0,0.0,0.4632768361581921
17.0,4.0,5.0,0.3,0.1,0.8,4.0,871.0,0.0,0.0,0.4626865671641791
17.0,4.0,6.0,0.3,0.1,0.8,4.0,865.0,0.0,0.0,0.4635838150289017
17.0,4.0,7.0,0.3,0.1,0.8,4.0,854.0,0.0,0.0,0.4601873536299766
17.0,4.0,8.0,0.3,0.1,0.8,4.0,851.0,0.0,0.0,0.46298472385428907
17.0,4.0,9.0,0.3,0.1,0.8,4.0,845.0,0.0,0.0,0.45798816568047335
17.0,4.0,10.0,0.3,0.1,0.8,4.0,840.0,0.0,0.0,0.46190476190476193
17.0,4.0,11.0,0.3,0.1,0.8,4.0,839.0,0.0,0.0,0.45887961859356374
17.0,4.0,12.0,0.3,0.1,0.8,4.0,836.0,0.0,0.0,0.45933014354066987
17.0,4.0,13.0,0.3,0.1,0.8,4.0,831.0,0.0,0.0,0.45607701564380265
17.0,4.0,14.0,0.3,0.1,0.8,4.0,829.0,0.0,0.0,0.45476477683956573
17.0,4.0,15.0,0.3,0.1,0.8,4.0,816.0,0.0,0.0,0.4571078431372549
17.0,4.0,16.0,0.3,0.1,0.8,4.0,816.0,0.0,0.0,0.4583333333333333
17.0,4.0,17.0,0.3,0.1,0.8,4.0,813.0,0.0,0.0,0.45510455104551045
17.0,4.0,18.0,0.3,0.1,0.8,4.0,811.0,0.0,0.0,0.4562268803945746
17.0,4.0,19.0,0.3,0.1,0.8,4.0,798.0,0.0,0.0,0.4523809523809524
17.0,4.0,20.0,0.3,0.1,0.8,4.0,1424.0,0.0,0.0,0.25
17.0,4.0,21.0,0.3,0.1,0.8,4.0,1402.0,0.0,0.0,0.25106990014265335
17.0,4.0,22.0,0.3,0.1,0.8,4.0,1330.0,0.0,0.0,0.25338345864661654
17.0,4.0,23.0,0.3,0.1,0.8,4.0,1321.0,0.0,0.0,0.2513247539742619
17.0,4.0,24.0,0.3,0.1,0.8,4.0,1294.0,0.0,0.0,0.24961360123647605
17.0,4.0,25.0,0.3,0.1,0.8,4.0,1263.0,0.0,0.0,0.2501979414093428
17.0,4.0,26.0,0.3,0.1,0.8,4.0,1241.0,0.0,0.0,0.25141015310233683
17.0,4.0,27.0,0.3,0.1,0.8,4.0,1238.0,0.0,0.0,0.2495961227786753
17.0,4.0,28.0,0.3,0.1,0.8,4.0,1212.0,0.0,0.0,0.2533003300330033
17.0,4.0,29.0,0.3,0.1,0.8,4.0,1182.0,0.0,0.0,0.2521150592216582
17.0,4.0,30.0,0.3,0.1,0.8,4.0,1162.0,0.0,0.0,0.2538726333907057
17.0,4.0,31.0,0.3,0.1,0.8,4.0,1150.0,0.0,0.0,0.25478260869565217
17.0,4.0,32.0,0.3,0.1,0.8,4.0,1128.0,0.0,0.0,0.2579787234042553
17.0,4.0,33.0,0.3,0.1,0.8,4.0,1122.0,0.0,0.0,0.25757575757575757
17.0,4.0,34.0,0.3,0.1,0.8,4.0,1118.0,0.0,0.0,0.2567084078711986
17.0,4.0,35.0,0.3,0.1,0.8,4.0,1105.0,0.0,0.0,0.25610859728506785
17.0,4.0,36.0,0.3,0.1,0.8,4.0,1082.0,0.0,0.0,0.25970425138632164
17.0,4.0,37.0,0.3,0.1,0.8,4.0,1087.0,0.0,0.0,0.25666973321067155
17.0,4.0,38.0,0.3,0.1,0.8,4.0,1074.0,0.0,0.0,0.260707635009311
17.0,4.0,39.0,0.3,0.1,0.8,4.0,1071.0,0.0,0.0,0.2586367880485528
17.0,4.0,40.0,0.3,0.1,0.8,4.0,1039.0,0.0,0.0,0.26082771896053897
17.0,4.0,41.0,0.3,0.1,0.8,4.0,1019.0,0.0,0.0,0.26104023552502453
17.0,4.0,42.0,0.3,0.1,0.8,4.0,966.0,0.0,0.0,0.2629399585921325
17.0,4.0,43.0,0.3,0.1,0.8,4.0,962.0,0.0,0.0,0.262993762993763
17.0,4.0,44.0,0.3,0.1,0.8,4.0,948.0,0.0,0.0,0.26371308016877637
17.0,4.0,45.0,0.3,0.1,0.8,4.0,910.0,0.0,0.0,0.4098901098901099
17.0,4.0,46.0,0.3,0.1,0.8,4.0,908.0,0.0,0.0,0.4118942731277533
17.0,4.0,47.0,0.3,0.1,0.8,4.0,903.0,0.0,0.0,0.4108527131782946
17.0,4.0,48.0,0.3,0.1,0.8,4.0,902.0,0.0,0.0,0.4113082039911308
17.0,4.0,49.0,0.3,0.1,0.8,4.0,889.0,0.0,0.0,0.41057367829021374
17.0,4.0,50.0,0.3,0.1,0.8,4.0,889.0,0.0,0.0,0.41057367829021374
17.0,4.0,51.0,0.3,0.1,0.8,4.0,886.0,0.0,0.0,0.40970654627539504
17.0,4.0,52.0,0.3,0.1,0.8,4.0,875.0,0.0,0.0,0.408
17.0,5.0,1.0,0.3,0.1,0.8,4.0,859.0,0.0,0.0,0.4086146682188591
17.0,5.0,2.0,0.3,0.1,0.8,4.0,849.0,0.0,0.0,0.408716136631331
17.0,5.0,3.0,0.3,0.1,0.8,4.0,844.0,0.0,0.0,0.40639810426540285
17.0,5.0,4.0,0.3,0.1,0.8,4.0,846.0,0.0,0.0,0.4078014184397163
17.0,5.0,5.0,0.3,0.1,0.8,4.0,842.0,0.0,0.0,0.40617577197149646
17.0,5.0,6.0,0.3,0.1,0.8,4.0,846.0,0.0,0.0,0.4066193853427896
17.0,5.0,7.0,0.3,0.1,0.8,4.0,841.0,0.0,0.0,0.4054696789536266
17.0,5.0,8.0,0.3,0.1,0.8,4.0,827.0,0.0,0.0,0.4062877871825877
17.0,5.0,9.0,0.3,0.1,0.8,4.0,821.0,0.0,0.0,0.40316686967113274
17.0,5.0,10.0,0.3,0.1,0.8,4.0,808.0,0.0,0.0,0.3997524752475248
17.0,5.0,11.0,0.3,0.1,0.8,4.0,803.0,0.0,0.0,0.3972602739726027
17.0,5.0,12.0,0.3,0.1,0.8,4.0,794.0,0.0,0.0,0.40302267002518893
17.0,5.0,13.0,0.3,0.1,0.8,4.0,790.0,0.0,0.0,0.40253164556962023
17.0,5.0,14.0,0.3,0.1,0.8,4.0,790.0,0.0,0.0,0.40379746835443037
17.0,5.0,15.0,0.3,0.1,0.8,4.0,774.0,0.0,0.0,0.4005167958656331
17.0,5.0,16.0,0.3,0.1,0.8,4.0,775.0,0.0,0.0,0.3987096774193548
17.0,5.0,17.0,0.3,0.1,0.8,4.0,768.0,0.0,0.0,0.3984375
17.0,5.0,18.0,0.3,0.1,0.8,4.0,762.0,0.0,0.0,0.400262467191601
17.0,5.0,19.0,0.3,0.1,0.8,4.0,757.0,0.0,0.0,0.40158520475561427
17.0,5.0,20.0,0.3,0.1,0.8,4.0,1422.0,0.0,0.0,0.21448663853727146
17.0,5.0,21.0,0.3,0.1,0.8,4.0,1387.0,0.0,0.0,0.21773612112472962
17.0,5.0,22.0,0.3,0.1,0.8,4.0,1400.0,0.0,0.0,0.215
17.0,5.0,23.0,0.3,0.1,0.8,4.0,1344.0,0.0,0.0,0.21875
17.0,5.0,24.0,0.3,0.1,0.8,4.0,1336.0,0.0,0.0,0.22005988023952097
17.0,5.0,25.0,0.3,0.1,0.8,4.0,1285.0,0.0,0.0,0.22334630350194554
17.0,5.0,26.0,0.3,0.1,0.8,4.0,1253.0,0.0,0.0,0.22426177174780526
17.0,5.0,27.0,0.3,0.1,0.8,4.0,1194.0,0.0,0.0,0.22948073701842547
17.0,5.0,28.0,0.3,0.1,0.8,4.0,1126.0,0.0,0.0,0.2353463587921847
17.0,5.0,29.0,0.3,0.1,0.8,4.0,1101.0,0.0,0.0,0.23705722070844687
17.0,5.0,30.0,0.3,0.1,0.8,4.0,1057.0,0.0,0.0,0.2403027436140019
17.0,5.0,31.0,0.3,0.1,0.8,4.0,1040.0,0.0,0.0,0.23846153846153847
17.0,5.0,32.0,0.3,0.1,0.8,4.0,1030.0,0.0,0.0,0.23883495145631067
17.0,5.0,33.0,0.3,0.1,0.8,4.0,1021.0,0.0,0.0,0.23800195886385897
17.0,5.0,34.0,0.3,0.1,0.8,4.0,1017.0,0.0,0.0,0.23893805309734514
17.0,5.0,35.0,0.3,0.1,0.8,4.0,964.0,0.0,0.0,0.24481327800829875
17.0,5.0,36.0,0.3,0.1,0.8,4.0,957.0,0.0,0.0,0.24242424242424243
17.0,5.0,37.0,0.3,0.1,0.8,4.0,952.0,0.0,0.0,0.24054621848739496
17.0,5.0,38.0,0.3,0.1,0.8,4.0,951.0,0.0,0.0,0.24185068349106204
17.0,5.0,39.0,0.3,0.1,0.8,4.0,940.0,0.0,0.0,0.2404255319148936
17.0,5.0,40.0,0.3,0.1,0.8,4.0,946.0,0.0,0.0,0.24207188160676532
17.0,5.0,41.0,0.3,0.1,0.8,4.0,906.0,0.0,0.0,0.24172185430463577
17.0,5.0,42.0,0.3,0.1,0.8,4.0,896.0,0.0,0.0,0.24665178571428573
17.0,5.0,43.0,0.3,0.1,0.8,4.0,887.0,0.0,0.0,0.24351747463359638
17.0,5.0,44.0,0.3,0.1,0.8,4.0,885.0,0.0,0.0,0.2440677966101695
17.0,5.0,45.0,0.3,0.1,0.8,4.0,862.0,0.0,0.0,0.39327146171693733
17.0,5.0,46.0,0.3,0.1,0.8,4.0,831.0,0.0,0.0,0.3935018050541516
17.0,5.0,47.0,0.3,0.1,0.8,4.0,797.0,0.0,0.0,0.4015056461731493
17.0,5.0,48.0,0.3,0.1,0.8,4.0,798.0,0.0,0.0,0.40100250626566414
17.0,5.0,49.0,0.3,0.1,0.8,4.0,799.0,0.0,0.0,0.40175219023779724
17.0,5.0,50.0,0.3,0.1,0.8,4.0,796.0,0.0,0.0,0.4007537688442211
17.0,5.0,51.0,0.3,0.1,0.8,4.0,796.0,0.0,0.0,0.4007537688442211
17.0,5.0,52.0,0.3,0.1,0.8,4.0,793.0,0.0,0.0,0.39848675914249687
17.0,6.0,1.0,0.3,0.1,0.8,4.0,778.0,0.0,0.0,0.39974293059125965
17.0,6.0,2.0,0.3,0.1,0.8,4.0,775.0,0.0,0.0,0.3987096774193548
17.0,6.0,3.0,0.3,0.1,0.8,4.0,777.0,0.0,0.0,0.4015444015444015
17.0,6.0,4.0,0.3,0.1,0.8,4.0,772.0,0.0,0.0,0.40025906735751293
17.0,6.0,5.0,0.3,0.1,0.8,4.0,773.0,0.0,0.0,0.4023285899094437
17.0,6.0,6.0,0.3,0.1,0.8,4.0,771.0,0.0,0.0,0.40077821011673154
17.0,6.0,7.0,0.3,0.1,0.8,4.0,769.0,0.0,0.0,0.40182054616384916
17.0,6.0,8.0,0.3,0.1,0.8,4.0,767.0,0.0,0.0,0.4002607561929596
17.0,6.0,9.0,0.3,0.1,0.8,4.0,767.0,0.0,0.0,0.4028683181225554
17.0,6.0,10.0,0.3,0.1,0.8,4.0,765.0,0.0,0.0,0.4013071895424837
17.0,6.0,11.0,0.3,0.1,0.8,4.0,763.0,0.0,0.0,0.399737876802097
17.0,6.0,12.0,0.3,0.1,0.8,4.0,747.0,0.0,0.0,0.39759036144578314
17.0,6.0,13.0,0.3,0.1,0.8,4.0,735.0,0.0,0.0,0.3986394557823129
17.0,6.0,14.0,0.3,0.1,0.8,4.0,733.0,0.0,0.0,0.3956343792633015
17.0,6.0,15.0,0.3,0.1,0.8,4.0,736.0,0.0,0.0,0.39809782608695654
17.0,6.0,16.0,0.3,0.1,0.8,4.0,732.0,0.0,0.0,0.39617486338797814
17.0,6.0,17.0,0.3,0.1,0.8,4.0,734.0,0.0,0.0,0.3978201634877384
17.0,6.0,18.0,0.3,0.1,0.8,4.0,728.0,0.0,0.0,0.3956043956043956
17.0,6.0,19.0,0.3,0.1,0.8,4.0,731.0,0.0,0.0,0.3953488372093023
17.0,6.0,20.0,0.3,0.1,0.8,4.0,1305.0,0.0,0.0,0.2206896551724138
17.0,6.0,21.0,0.3,0.1,0.8,4.0,1298.0,0.0,0.0,0.22110939907550076
17.0,6.0,22.0,0.3,0.1,0.8,4.0,1269.0,0.0,0.0,0.2214342001576044
17.0,6.0,23.0,0.3,0.1,0.8,4.0,1263.0,0.0,0.0,0.22169437846397466
17.0,6.0,24.0,0.3,0.1,0.8,4.0,1206.0,0.0,0.0,0.22553897180762852
17.0,6.0,25.0,0.3,0.1,0.8,4.0,1156.0,0.0,0.0,0.22837370242214533
17.0,6.0,26.0,0.3,0.1,0.8,4.0,1136.0,0.0,0.0,0.22887323943661972
17.0,6.0,27.0,0.3,0.1,0.8,4.0,1114.0,0.0,0.0,0.23159784560143626
17.0,6.0,28.0,0.3,0.1,0.8,4.0,1075.0,0.0,0.0,0.23255813953488372
17.0,6.0,29.0,0.3,0.1,0.8,4.0,1090.0,0.0,0.0,0.23302752293577983
17.0,6.0,30.0,0.3,0.1,0.8,4.0,1051.0,0.0,0.0,0.23311132254995243
17.0,6.0,31.0,0.3,0.1,0.8,4.0,1050.0,0.0,0.0,0.2342857142857143
17.0,6.0,32.0,0.3,0.1,0.8,4.0,1035.0,0.0,0.0,0.23285024154589373
17.0,6.0,33.0,0.3,0.1,0.8,4.0,1044.0,0.0,0.0,0.23275862068965517
17.0,6.0,34.0,0.3,0.1,0.8,4.0,1014.0,0.0,0.0,0.23372781065088757
17.0,6.0,35.0,0.3,0.1,0.8,4.0,1004.0,0.0,0.0,0.2350597609561753
17.0,6.0,36.0,0.3,0.1,0.8,4.0,990.0,0.0,0.0,0.23333333333333334
17.0,6.0,37.0,0.3,0.1,0.8,4.0,995.0,0.0,0.0,0.23316582914572864
17.0,6.0,38.0,0.3,0.1,0.8,4.0,985.0,0.0,0.0,0.23147208121827412
17.0,6.0,39.0,0.3,0.1,0.8,4.0,996.0,0.0,0.0,0.23293172690763053
17.0,6.0,40.0,0.3,0.1,0.8,4.0,975.0,0.0,0.0,0.23282051282051283
17.0,6.0,41.0,0.3,0.1,0.8,4.0,988.0,0.0,0.0,0.23380566801619435
17.0,6.0,42.0,0.3,0.1,0.8,4.0,939.0,0.0,0.0,0.2364217252396166
17.0,6.0,43.0,0.3,0.1,0.8,4.0,935.0,0.0,0.0,0.24064171122994651
17.0,6.0,44.0,0.3,0.1,0.8,4.0,918.0,0.0,0.0,0.24074074074074073
17.0,6.0,45.0,0.3,0.1,0.8,4.0,898.0,0.0,0.0,0.42761692650334077
17.0,6.0,46.0,0.3,0.1,0.8,4.0,881.0,0.0,0.0,0.42565266742338254
17.0,6.0,47.0,0.3,0.1,0.8,4.0,885.0,0.0,0.0,0.42824858757062145
17.0,6.0,48.0,0.3,0.1,0.8,4.0,870.0,0.0,0.0,0.42873563218390803
17.0,6.0,49.0,0.3,0.1,0.8,4.0,883.0,0.0,0.0,0.4269535673839185
17.0,6.0,50.0,0.3,0.1,0.8,4.0,876.0,0.0,0.0,0.4246575342465753
17.0,6.0,51.0,0.3,0.1,0.8,4.0,882.0,0.0,0.0,0.42630385487528344
17.0,6.0,52.0,0.3,0.1,0.8,4.0,864.0,0.0,0.0,0.42824074074074076
17.0,7.0,1.0,0.3,0.1,0.8,4.0,872.0,0.0,0.0,0.43004587155963303
17.0,7.0,2.0,0.3,0.1,0.8,4.0,865.0,0.0,0.0,0.4277456647398844
17.0,7.0,3.0,0.3,0.1,0.8,4.0,870.0,0.0,0.0,0.42873563218390803
17.0,7.0,4.0,0.3,0.1,0.8,4.0,863.0,0.0,0.0,0.4275782155272306
17.0,7.0,5.0,0.3,0.1,0.8,4.0,851.0,0.0,0.0,0.4289071680376028
17.0,7.0,6.0,0.3,0.1,0.8,4.0,835.0,0.0,0.0,0.4311377245508982
17.0,7.0,7.0,0.3,0.1,0.8,4.0,839.0,0.0,0.0,0.43146603098927294
17.0,7.0,8.0,0.3,0.1,0.8,4.0,825.0,0.0,0.0,0.43272727272727274
17.0,7.0,9.0,0.3,0.1,0.8,4.0,822.0,0.0,0.0,0.4343065693430657
17.0,7.0,10.0,0.3,0.1,0.8,4.0,818.0,0.0,0.0,0.4339853300733496
17.0,7.0,11.0,0.3,0.1,0.8,4.0,820.0,0.0,0.0,0.4353658536585366
17.0,7.0,12.0,0.3,0.1,0.8,4.0,812.0,0.0,0.0,0.43472906403940886
17.0,7.0,13.0,0.3,0.1,0.8,4.0,816.0,0.0,0.0,0.4338235294117647
17.0,7.0,14.0,0.3,0.1,0.8,4.0,812.0,0.0,0.0,0.43349753694581283
17.0,7.0,15.0,0.3,0.1,0.8,4.0,814.0,0.0,0.0,0.43366093366093367
17.0,7.0,16.0,0.3,0.1,0.8,4.0,810.0,0.0,0.0,0.43209876543209874
17.0,7.0,17.0,0.3,0.1,0.8,4.0,801.0,0.0,0.0,0.4344569288389513
17.0,7.0,18.0,0.3,0.1,0.8,4.0,796.0,0.0,0.0,0.4321608040201005
17.0,7.0,19.0,0.3,0.1,0.8,4.0,800.0,0.0,0.0,0.4325
17.0,7.0,20.0,0.3,0.1,0.8,4.0,1448.0,0.0,0.0,0.2361878453038674
17.0,7.0,21.0,0.3,0.1,0.8,4.0,1435.0,0.0,0.0,0.23832752613240418
17.0,7.0,22.0,0.3,0.1,0.8,4.0,1389.0,0.0,0.0,0.23902087832973362
17.0,7.0,23.0,0.3,0.1,0.8,4.0,1360.0,0.0,0.0,0.23602941176470588
17.0,7.0,24.0,0.3,0.1,0.8,4.0,1242.0,0.0,0.0,0.24396135265700483
17.0,7.0,25.0,0.3,0.1,0.8,4.0,1184.0,0.0,0.0,0.2483108108108108
17.0,7.0,26.0,0.3,0.1,0.8,4.0,1136.0,0.0,0.0,0.25088028169014087
17.0,7.0,27.0,0.3,0.1,0.8,4.0,1123.0,0.0,0.0,0.25111308993766696
17.0,7.0,28.0,0.3,0.1,0.8,4.0,1093.0,0.0,0.0,0.2516010978956999
17.0,7.0,29.0,0.3,0.1,0.8,4.0,1097.0,0.0,0.0,0.2506836827711942
17.0,7.0,30.0,0.3,0.1,0.8,4.0,1092.0,0.0,0.0,0.2509157509157509
17.0,7.0,31.0,0.3,0.1,0.8,4.0,1080.0,0.0,0.0,0.25277777777777777
17.0,7.0,32.0,0.3,0.1,0.8,4.0,1048.0,0.0,0.0,0.2538167938931298
17.0,7.0,33.0,0.3,0.1,0.8,4.0,1037.0,0.0,0.0,0.25554484088717455
17.0,7.0,34.0,0.3,0.1,0.8,4.0,1029.0,0.0,0.0,0.2565597667638484
17.0,7.0,35.0,0.3,0.1,0.8,4.0,1011.0,0.0,0.0,0.26013847675568746
17.0,7.0,36.0,0.3,0.1,0.8,4.0,983.0,0.0,0.0,0.2614445574771109
17.0,7.0,37.0,0.3,0.1,0.8,4.0,985.0,0.0,0.0,0.26192893401015227
17.0,7.0,38.0,0.3,0.1,0.8,4.0,963.0,0.0,0.0,0.26375908618899274
17.0,7.0,39.0,0.3,0.1,0.8,4.0,958.0,0.0,0.0,0.2609603340292276
17.0,7.0,40.0,0.3,0.1,0.8,4.0,956.0,0.0,0.0,0.2615062761506276
17.0,7.0,41.0,0.3,0.1,0.8,4.0,951.0,0.0,0.0,0.2607781282860147
17.0,7.0,42.0,0.3,0.1,0.8,4.0,954.0,0.0,0.0,0.2641509433962264
17.0,7.0,43.0,0.3,0.1,0.8,4.0,936.0,0.0,0.0,0.25747863247863245
17.0,7.0,44.0,0.3,0.1,0.8,4.0,932.0,0.0,0.0,0.25858369098712447
17.0,7.0,45.0,0.3,0.1,0.8,4.0,914.0,0.0,0.0,0.40919037199124725
17.0,7.0,46.0,0.3,0.1,0.8,4.0,913.0,0.0,0.0,0.4085432639649507
17.0,7.0,47.0,0.3,0.1,0.8,4.0,882.0,0.0,0.0,0.41043083900226757
17.0,7.0,48.0,0.3,0.1,0.8,4.0,869.0,0.0,0.0,0.4108170310701956
17.0,7.0,49.0,0.3,0.1,0.8,4.0,843.0,0.0,0.0,0.41162514827995256
17.0,7.0,50.0,0.3,0.1,0.8,4.0,842.0,0.0,0.0,0.41330166270783847
17.0,7.0,51.0,0.3,0.1,0.8,4.0,840.0,0.0,0.0,0.41309523809523807
17.0,7.0,52.0,0.3,0.1,0.8,4.0,842.0,0.0,0.0,0.41211401425178146
17.0,8.0,1.0,0.3,0.1,0.8,4.0,835.0,0.0,0.0,0.41317365269461076
17.0,8.0,2.0,0.3,0.1,0.8,4.0,839.0,0.0,0.0,0.4135876042908224
17.0,8.0,3.0,0.3,0.1,0.8,4.0,837.0,0.0,0.0,0.4133811230585424
17.0,8.0,4.0,0.3,0.1,0.8,4.0,839.0,0.0,0.0,0.41477949940405245
17.0,8.0,5.0,0.3,0.1,0.8,4.0,835.0,0.0,0.0,0.41317365269461076
17.0,8.0,6.0,0.3,0.1,0.8,4.0,822.0,0.0,0.0,0.4172749391727494
17.0,8.0,7.0,0.3,0.1,0.8,4.0,818.0,0.0,0.0,0.4156479217603912
17.0,8.0,8.0,0.3,0.1,0.8,4.0,807.0,0.0,0.0,0.4163568773234201
17.0,8.0,9.0,0.3,0.1,0.8,4.0,803.0,0.0,0.0,0.41469489414694893
17.0,8.0,10.0,0.3,0.1,0.8,4.0,802.0,0.0,0.0,0.41895261845386533
17.0,8.0,11.0,0.3,0.1,0.8,4.0,797.0,0.0,0.0,0.4178168130489335
17.0,8.0,12.0,0.3,0.1,0.8,4.0,801.0,0.0,0.0,0.4207240948813982
17.0,8.0,13.0,0.3,0.1,0.8,4.0,784.0,0.0,0.0,0.41836734693877553
17.0,8.0,14.0,0.3,0.1,0.8,4.0,786.0,0.0,0.0,0.4223918575063613
17.0,8.0,15.0,0.3,0.1,0.8,4.0,782.0,0.0,0.0,0.4194373401534527
17.0,8.0,16.0,0.3,0.1,0.8,4.0,787.0,0.0,0.0,0.4218551461245235
17.0,8.0,17.0,0.3,0.1,0.8,4.0,782.0,0.0,0.0,0.4219948849104859
17.0,8.0,18.0,0.3,0.1,0.8,4.0,788.0,0.0,0.0,0.4213197969543147
17.0,8.0,19.0,0.3,0.1,0.8,4.0,780.0,0.0,0.0,0.4230769230769231
17.0,8.0,20.0,0.3,0.1,0.8,4.0,1372.0,0.0,0.0,0.239067055393586
17.0,8.0,21.0,0.3,0.1,0.8,4.0,1320.0,0.0,0.0,0.2431818181818182
17.0,8.0,22.0,0.3,0.1,0.8,4.0,1303.0,0.0,0.0,0.24405218726016883
17.0,8.0,23.0,0.3,0.1,0.8,4.0,1281.0,0.0,0.0,0.24355971896955503
17.0,8.0,24.0,0.3,0.1,0.8,4.0,1248.0,0.0,0.0,0.2467948717948718
17.0,8.0,25.0,0.3,0.1,0.8,4.0,1225.0,0.0,0.0,0.24653061224489795
17.0,8.0,26.0,0.3,0.1,0.8,4.0,1197.0,0.0,0.0,0.24728487886382622
17.0,8.0,27.0,0.3,0.1,0.8,4.0,1175.0,0.0,0.0,0.24765957446808512
17.0,8.0,28.0,0.3,0.1,0.8,4.0,1158.0,0.0,0.0,0.25215889464594127
17.0,8.0,29.0,0.3,0.1,0.8,4.0,1133.0,0.0,0.0,0.2506619593998235
17.0,8.0,30.0,0.3,0.1,0.8,4.0,1142.0,0.0,0.0,0.2513134851138354
17.0,8.0,31.0,0.3,0.1,0.8,4.0,1120.0,0.0,0.0,0.2526785714285714
17.0,8.0,32.0,0.3,0.1,0.8,4.0,1118.0,0.0,0.0,0.25313059033989266
17.0,8.0,33.0,0.3,0.1,0.8,4.0,1100.0,0.0,0.0,0.25
17.0,8.0,34.0,0.3,0.1,0.8,4.0,1106.0,0.0,0.0,0.2513562386980108
17.0,8.0,35.0,0.3,0.1,0.8,4.0,1058.0,0.0,0.0,0.2495274102079395
17.0,8.0,36.0,0.3,0.1,0.8,4.0,1049.0,0.0,0.0,0.25071496663489035
17.0,8.0,37.0,0.3,0.1,0.8,4.0,1013.0,0.0,0.0,0.2527147087857848
17.0,8.0,38.0,0.3,0.1,0.8,4.0,1022.0,0.0,0.0,0.2534246575342466
17.0,8.0,39.0,0.3,0.1,0.8,4.0,1002.0,0.0,0.0,0.25149700598802394
17.0,8.0,40.0,0.3,0.1,0.8,4.0,987.0,0.0,0.0,0.2563323201621074
17.0,8.0,41.0,0.3,0.1,0.8,4.0,963.0,0.0,0.0,0.25752855659397716
17.0,8.0,42.0,0.3,0.1,0.8,4.0,963.0,0.0,0.0,0.25752855659397716
17.0,8.0,43.0,0.3,0.1,0.8,4.0,955.0,0.0,0.0,0.25654450261780104
17.0,8.0,44.0,0.3,0.1,0.8,4.0,960.0,0.0,0.0,0.25833333333333336
17.0,8.0,45.0,0.3,0.1,0.8,4.0,925.0,0.0,0.0,0.4043243243243243
17.0,8.0,46.0,0.3,0.1,0.8,4.0,935.0,0.0,0.0,0.4042780748663102
17.0,8.0,47.0,0.3,0.1,0.8,4.0,926.0,0.0,0.0,0.4038876889848812
17.0,8.0,48.0,0.3,0.1,0.8,4.0,916.0,0.0,0.0,0.40720524017467247
17.0,8.0,49.0,0.3,0.1,0.8,4.0,899.0,0.0,0.0,0.40934371523915464
17.0,8.0,50.0,0.3,0.1,0.8,4.0,881.0,0.0,0.0,0.4097616345062429
17.0,8.0,51.0,0.3,0.1,0.8,4.0,877.0,0.0,0.0,0.40820980615735464
17.0,8.0,52.0,0.3,0.1,0.8,4.0,881.0,0.0,0.0,0.4097616345062429
17.0,9.0,1.0,0.3,0.1,0.8,4.0,875.0,0.0,0.0,0.40914285714285714
17.0,9.0,2.0,0.3,0.1,0.8,4.0,880.0,0.0,0.0,0.4102272727272727
17.0,9.0,3.0,0.3,0.1,0.8,4.0,875.0,0.0,0.0,0.40914285714285714
17.0,9.0,4.0,0.3,0.1,0.8,4.0,883.0,0.0,0.0,0.4088335220838052
17.0,9.0,5.0,0.3,0.1,0.8,4.0,875.0,0.0,0.0,0.40914285714285714
17.0,9.0,6.0,0.3,0.1,0.8,4.0,880.0,0.0,0.0,0.4102272727272727
17.0,9.0,7.0,0.3,0.1,0.8,4.0,876.0,0.0,0.0,0.4098173515981735
17.0,9.0,8.0,0.3,0.1,0.8,4.0,880.0,0.0,0.0,0.4102272727272727
17.0,9.0,9.0,0.3,0.1,0.8,4.0,874.0,0.0,0.0,0.4107551487414188
17.0,9.0,10.0,0.3,0.1,0.8,4.0,876.0,0.0,0.0,0.410958904109589
17.0,9.0,11.0,0.3,0.1,0.8,4.0,873.0,0.0,0.0,0.41122565864833904
17.0,9.0,12.0,0.3,0.1,0.8,4.0,875.0,0.0,0.0,0.4114285714285714
17.0,9.0,13.0,0.3,0.1,0.8,4.0,872.0,0.0,0.0,0.411697247706422
17.0,9.0,14.0,0.3,0.1,0.8,4.0,875.0,0.0,0.0,0.4114285714285714
17.0,9.0,15.0,0.3,0.1,0.8,4.0,874.0,0.0,0.0,0.4107551487414188
17.0,9.0,16.0,0.3,0.1,0.8,4.0,875.0,0.0,0.0,0.4114285714285714
17.0,9.0,17.0,0.3,0.1,0.8,4.0,871.0,0.0,0.0,0.4121699196326062
17.0,9.0,18.0,0.3,0.1,0.8,4.0,874.0,0.0,0.0,0.41189931350114417
17.0,9.0,19.0,0.3,0.1,0.8,4.0,872.0,0.0,0.0,0.4105504587155963
17.0,9.0,20.0,0.3,0.1,0.8,4.0,1563.0,0.0,0.0,0.21753039027511195
17.0,9.0,21.0,0.3,0.1,0.8,4.0,1515.0,0.0,0.0,0.2165016501650165
17.0,9.0,22.0,0.3,0.1,0.8,4.0,1460.0,0.0,0.0,0.21643835616438356
17.0,9.0,23.0,0.3,0.1,0.8,4.0,1441.0,0.0,0.0,0.21651630811936157
17.0,9.0,24.0,0.3,0.1,0.8,4.0,1420.0,0.0,0.0,0.21830985915492956
17.0,9.0,25.0,0.3,0.1,0.8,4.0,1377.0,0.0,0.0,0.21931735657225854
17.0,9.0,26.0,0.3,0.1,0.8,4.0,1351.0,0.0,0.0,0.22353811991117692
17.0,9.0,27.0,0.3,0.1,0.8,4.0,1266.0,0.0,0.0,0.2259083728278041
17.0,9.0,28.0,0.3,0.1,0.8,4.0,1227.0,0.0,0.0,0.22901385493072535
17.0,9.0,29.0,0.3,0.1,0.8,4.0,1192.0,0.0,0.0,0.22986577181208054
17.0,9.0,30.0,0.3,0.1,0.8,4.0,1170.0,0.0,0.0,0.23504273504273504
17.0,9.0,31.0,0.3,0.1,0.8,4.0,1130.0,0.0,0.0,0.23628318584070795
17.0,9.0,32.0,0.3,0.1,0.8,4.0,1088.0,0.0,0.0,0.23988970588235295
17.0,9.0,33.0,0.3,0.1,0.8,4.0,1083.0,0.0,0.0,0.23822714681440443
17.0,9.0,34.0,0.3,0.1,0.8,4.0,1069.0,0.0,0.0,0.2432179607109448
17.0,9.0,35.0,0.3,0.1,0.8,4.0,1059.0,0.0,0.0,0.24268177525967893
17.0,9.0,36.0,0.3,0.1,0.8,4.0,1059.0,0.0,0.0,0.24362606232294617
17.0,9.0,37.0,0.3,0.1,0.8,4.0,1047.0,0.0,0.0,0.24450811843361986
17.0,9.0,38.0,0.3,0.1,0.8,4.0,1044.0,0.0,0.0,0.24616858237547892
17.0,9.0,39.0,0.3,0.1,0.8,4.0,1047.0,0.0,0.0,0.24450811843361986
17.0,9.0,40.0,0.3,0.1,0.8,4.0,1035.0,0.0,0.0,0.24444444444444444
17.0,9.0,41.0,0.3,0.1,0.8,4.0,994.0,0.0,0.0,0.2454728370221328
17.0,9.0,42.0,0.3,0.1,0.8,4.0,994.0,0.0,0.0,0.24647887323943662
17.0,9.0,43.0,0.3,0.1,0.8,4.0,994.0,0.0,0.0,0.2454728370221328
17.0,9.0,44.0,0.3,0.1,0.8,4.0,997.0,0.0,0.0,0.24473420260782347
17.0,9.0,45.0,0.3,0.1,0.8,4.0,991.0,0.0,0.0,0.4238143289606458
17.0,9.0,46.0,0.3,0.1,0.8,4.0,996.0,0.0,0.0,0.42168674698795183
17.0,9.0,47.0,0.3,0.1,0.8,4.0,986.0,0.0,0.0,0.42190669371196754
17.0,9.0,48.0,0.3,0.1,0.8,4.0,958.0,0.0,0.0,0.42588726513569936
17.0,9.0,49.0,0.3,0.1,0.8,4.0,939.0,0.0,0.0,0.4281150159744409
17.0,9.0,50.0,0.3,0.1,0.8,4.0,946.0,0.0,0.0,0.4260042283298097
17.0,9.0,51.0,0.3,0.1,0.8,4.0,943.0,0.0,0.0,0.42629904559915166
17.0,9.0,52.0,0.3,0.1,0.8,4.0,947.0,0.0,0.0,0.42555438225976766
17.0,10.0,1.0,0.3,0.1,0.8,4.0,929.0,0.0,0.0,0.4284176533907427
17.0,10.0,2.0,0.3,0.1,0.8,4.0,934.0,0.0,0.0,0.42933618843683086
17.0,10.0,3.0,0.3,0.1,0.8,4.0,928.0,0.0,0.0,0.42887931034482757
17.0,10.0,4.0,0.3,0.1,0.8,4.0,933.0,0.0,0.0,0.42979635584137194
17.0,10.0,5.0,0.3,0.1,0.8,4.0,931.0,0.0,0.0,0.42857142857142855
17.0,10.0,6.0,0.3,0.1,0.8,4.0,934.0,0.0,0.0,0.42933618843683086
17.0,10.0,7.0,0.3,0.1,0.8,4.0,930.0,0.0,0.0,0.4290322580645161
17.0,10.0,8.0,0.3,0.1,0.8,4.0,933.0,0.0,0.0,0.42979635584137194
17.0,10.0,9.0,0.3,0.1,0.8,4.0,912.0,0.0,0.0,0.4342105263157895
17.0,10.0,10.0,0.3,0.1,0.8,4.0,916.0,0.0,0.0,0.435589519650655
17.0,10.0,11.0,0.3,0.1,0.8,4.0,912.0,0.0,0.0,0.43640350877192985
17.0,10.0,12.0,0.3,0.1,0.8,4.0,904.0,0.0,0.0,0.4358407079646018
17.0,10.0,13.0,0.3,0.1,0.8,4.0,895.0,0.0,0.0,0.43798882681564244
17.0,10.0,14.0,0.3,0.1,0.8,4.0,903.0,0.0,0.0,0.43521594684385384
17.0,10.0,15.0,0.3,0.1,0.8,4.0,871.0,0.0,0.0,0.43742824339839265
17.0,10.0,16.0,0.3,0.1,0.8,4.0,863.0,0.0,0.0,0.4391657010428737
17.0,10.0,17.0,0.3,0.1,0.8,4.0,847.0,0.0,0.0,0.4427390791027155
17.0,10.0,18.0,0.3,0.1,0.8,4.0,853.0,0.0,0.0,0.44196951934349354
17.0,10.0,19.0,0.3,0.1,0.8,4.0,846.0,0.0,0.0,0.4432624113475177
17.0,10.0,20.0,0.3,0.1,0.8,4.0,1446.0,0.0,0.0,0.24343015214384509
17.0,10.0,21.0,0.3,0.1,0.8,4.0,1372.0,0.0,0.0,0.2434402332361516
17.0,10.0,22.0,0.3,0.1,0.8,4.0,1371.0,0.0,0.0,0.24215900802334062
17.0,10.0,23.0,0.3,0.1,0.8,4.0,1337.0,0.0,0.0,0.243829468960359
17.0,10.0,24.0,0.3,0.1,0.8,4.0,1295.0,0.0,0.0,0.24555984555984556
17.0,10.0,25.0,0.3,0.1,0.8,4.0,1260.0,0.0,0.0,0.24444444444444444
17.0,10.0,26.0,0.3,0.1,0.8,4.0,1246.0,0.0,0.0,0.24398073836276082
17.0,10.0,27.0,0.3,0.1,0.8,4.0,1211.0,0.0,0.0,0.24607762180016515
17.0,10.0,28.0,0.3,0.1,0.8,4.0,1188.0,0.0,0.0,0.24663299663299662
17.0,10.0,29.0,0.3,0.1,0.8,4.0,1165.0,0.0,0.0,0.2506437768240343
17.0,10.0,30.0,0.3,0.1,0.8,4.0,1123.0,0.0,0.0,0.25734639358860195
17.0,10.0,31.0,0.3,0.1,0.8,4.0,1129.0,0.0,0.0,0.25597874224977857
17.0,10.0,32.0,0.3,0.1,0.8,4.0,1113.0,0.0,0.0,0.2551662174303684
17.0,10.0,33.0,0.3,0.1,0.8,4.0,1115.0,0.0,0.0,0.2547085201793722
17.0,10.0,34.0,0.3,0.1,0.8,4.0,1073.0,0.0,0.0,0.2572227399813607
17.0,10.0,35.0,0.3,0.1,0.8,4.0,1054.0,0.0,0.0,0.2571157495256167
17.0,10.0,36.0,0.3,0.1,0.8,4.0,1028.0,0.0,0.0,0.2616731517509728
17.0,10.0,37.0,0.3,0.1,0.8,4.0,1017.0,0.0,0.0,0.2615535889872173
17.0,10.0,38.0,0.3,0.1,0.8,4.0,1017.0,0.0,0.0,0.2615535889872173
17.0,10.0,39.0,0.3,0.1,0.8,4.0,1016.0,0.0,0.0,0.2618110236220472
17.0,10.0,40.0,0.3,0.1,0.8,4.0,1004.0,0.0,0.0,0.26294820717131473
17.0,10.0,41.0,0.3,0.1,0.8,4.0,972.0,0.0,0.0,0.2654320987654321
17.0,10.0,42.0,0.3,0.1,0.8,4.0,972.0,0.0,0.0,0.2654320987654321
17.0,10.0,43.0,0.3,0.1,0.8,4.0,971.0,0.0,0.0,0.26570545829042225
17.0,10.0,44.0,0.3,0.1,0.8,4.0,959.0,0.0,0.0,0.26903023983315955
17.0,10.0,45.0,0.3,0.1,0.8,4.0,920.0,0.0,0.0,0.43043478260869567
17.0,10.0,46.0,0.3,0.1,0.8,4.0,910.0,0.0,0.0,0.43626373626373627
17.0,10.0,47.0,0.3,0.1,0.8,4.0,897.0,0.0,0.0,0.43255295429208473
17.0,10.0,48.0,0.3,0.1,0.8,4.0,878.0,0.0,0.0,0.43621867881548976
17.0,10.0,49.0,0.3,0.1,0.8,4.0,878.0,0.0,0.0,0.43394077448747154
17.0,10.0,50.0,0.3,0.1,0.8,4.0,860.0,0.0,0.0,0.4372093023255814
17.0,10.0,51.0,0.3,0.1,0.8,4.0,863.0,0.0,0.0,0.43337195828505215
17.0,10.0,52.0,0.3,0.1,0.8,4.0,862.0,0.0,0.0,0.4361948955916473
18.0,1.0,1.0,0.3,0.1,0.8,4.0,5205.0,54.0,8.0,0.2860710854947166
18.0,1.0,2.0,0.3,0.1,0.8,4.0,5105.0,60.0,26.0,0.2863858961802155
18.0,1.0,3.0,0.3,0.1,0.8,4.0,5025.0,88.0,43.0,0.2865671641791045
18.0,1.0,4.0,0.3,0.1,0.8,4.0,4941.0,111.0,43.0,0.2886055454361465
18.0,1.0,5.0,0.3,0.1,0.8,4.0,5010.0,134.0,53.0,0.2892215568862275
18.0,1.0,6.0,0.3,0.1,0.8,4.0,4891.0,145.0,59.0,0.2940094050296463
18.0,1.0,7.0,0.3,0.1,0.8,4.0,4817.0,182.0,73.0,0.2937512974880631
18.0,1.0,8.0,0.3,0.1,0.8,4.0,4585.0,189.0,86.0,0.2961832061068702
18.0,1.0,9.0,0.3,0.1,0.8,4.0,4472.0,209.0,87.0,0.29964221824686943
18.0,1.0,10.0,0.3,0.1,0.8,4.0,4270.0,227.0,89.0,0.30210772833723654
18.0,1.0,11.0,0.3,0.1,0.8,4.0,4194.0,227.0,89.0,0.30686695278969955
18.0,1.0,12.0,0.3,0.1,0.8,4.0,4087.0,235.0,100.0,0.3104966968436506
18.0,1.0,13.0,0.3,0.1,0.8,4.0,3968.0,258.0,113.0,0.31224798387096775
18.0,1.0,14.0,0.3,0.1,0.8,4.0,3788.0,279.0,120.0,0.3146779303062302
18.0,1.0,15.0,0.3,0.1,0.8,4.0,3726.0,288.0,124.0,0.3172302737520129
18.0,1.0,16.0,0.3,0.1,0.8,4.0,3520.0,306.0,134.0,0.32045454545454544
18.0,1.0,17.0,0.3,0.1,0.8,4.0,3444.0,319.0,158.0,0.3254936120789779
18.0,1.0,18.0,0.3,0.1,0.8,4.0,3345.0,329.0,172.0,0.32645739910313903
18.0,1.0,19.0,0.3,0.1,0.8,4.0,3241.0,317.0,163.0,0.33353903116322126
18.0,1.0,20.0,0.3,0.1,0.8,4.0,5929.0,299.0,145.0,0.17625231910946196
18.0,1.0,21.0,0.3,0.1,0.8,4.0,5556.0,405.0,140.0,0.17908567314614832
18.0,1.0,22.0,0.3,0.1,0.8,4.0,5260.0,477.0,146.0,0.1806083650190114
18.0,1.0,23.0,0.3,0.1,0.8,4.0,4930.0,512.0,174.0,0.18417849898580121
18.0,1.0,24.0,0.3,0.1,0.8,4.0,4683.0,567.0,219.0,0.18898142216527866
18.0,1.0,25.0,0.3,0.1,0.8,4.0,4464.0,617.0,230.0,0.19399641577060933
18.0,1.0,26.0,0.3,0.1,0.8,4.0,4239.0,634.0,243.0,0.19839584807737673
18.0,1.0,27.0,0.3,0.1,0.8,4.0,3893.0,619.0,256.0,0.20446956075006423
18.0,1.0,28.0,0.3,0.1,0.8,4.0,3745.0,654.0,287.0,0.20854472630173565
18.0,1.0,29.0,0.3,0.1,0.8,4.0,3514.0,665.0,317.0,0.21457029026750143
18.0,1.0,30.0,0.3,0.1,0.8,4.0,3205.0,638.0,306.0,0.22464898595943839
18.0,1.0,31.0,0.3,0.1,0.8,4.0,2989.0,613.0,302.0,0.23285379725660757
18.0,1.0,32.0,0.3,0.1,0.8,4.0,2799.0,571.0,259.0,0.24758842443729903
18.0,1.0,33.0,0.3,0.1,0.8,4.0,2600.0,545.0,238.0,0.25884615384615384
18.0,1.0,34.0,0.3,0.1,0.8,4.0,2477.0,508.0,232.0,0.27250706499798144
18.0,1.0,35.0,0.3,0.1,0.8,4.0,2350.0,476.0,233.0,0.28382978723404256
18.0,1.0,36.0,0.3,0.1,0.8,4.0,2286.0,480.0,244.0,0.2952755905511811
18.0,1.0,37.0,0.3,0.1,0.8,4.0,2141.0,462.0,222.0,0.3110695936478281
18.0,1.0,38.0,0.3,0.1,0.8,4.0,2034.0,434.0,219.0,0.3220255653883973
18.0,1.0,39.0,0.3,0.1,0.8,4.0,1935.0,397.0,198.0,0.33746770025839795
18.0,1.0,40.0,0.3,0.1,0.8,4.0,1846.0,370.0,209.0,0.3515709642470206
18.0,1.0,41.0,0.3,0.1,0.8,4.0,1729.0,323.0,180.0,0.36784268363215733
18.0,1.0,42.0,0.3,0.1,0.8,4.0,1646.0,289.0,177.0,0.38517618469015796
18.0,1.0,43.0,0.3,0.1,0.8,4.0,1566.0,241.0,143.0,0.40357598978288634
18.0,1.0,44.0,0.3,0.1,0.8,4.0,1511.0,210.0,130.0,0.4195896757114494
18.0,1.0,45.0,0.3,0.1,0.8,4.0,1430.0,182.0,102.0,0.5559440559440559
18.0,1.0,46.0,0.3,0.1,0.8,4.0,1385.0,144.0,83.0,0.5689530685920577
18.0,1.0,47.0,0.3,0.1,0.8,4.0,1317.0,118.0,67.0,0.5801063022019742
18.0,1.0,48.0,0.3,0.1,0.8,4.0,1287.0,101.0,58.0,0.5874125874125874
18.0,1.0,49.0,0.3,0.1,0.8,4.0,1254.0,92.0,51.0,0.5972886762360446
18.0,1.0,50.0,0.3,0.1,0.8,4.0,1229.0,76.0,42.0,0.6037428803905615
18.0,1.0,51.0,0.3,0.1,0.8,4.0,1200.0,62.0,38.0,0.6116666666666667
18.0,1.0,52.0,0.3,0.1,0.8,4.0,1180.0,50.0,30.0,0.614406779661017
18.0,2.0,1.0,0.3,0.1,0.8,4.0,1160.0,49.0,27.0,0.6198275862068966
18.0,2.0,2.0,0.3,0.1,0.8,4.0,1144.0,42.0,24.0,0.6232517482517482
18.0,2.0,3.0,0.3,0.1,0.8,4.0,1128.0,43.0,20.0,0.6285460992907801
18.0,2.0,4.0,0.3,0.1,0.8,4.0,1111.0,40.0,18.0,0.6273627362736274
18.0,2.0,5.0,0.3,0.1,0.8,4.0,1096.0,35.0,19.0,0.635036496350365
18.0,2.0,6.0,0.3,0.1,0.8,4.0,1086.0,34.0,18.0,0.638121546961326
18.0,2.0,7.0,0.3,0.1,0.8,4.0,1073.0,30.0,19.0,0.6421248835041938
18.0,2.0,8.0,0.3,0.1,0.8,4.0,1062.0,22.0,16.0,0.6459510357815442
18.0,2.0,9.0,0.3,0.1,0.8,4.0,1051.0,21.0,18.0,0.6508087535680305
18.0,2.0,10.0,0.3,0.1,0.8,4.0,1034.0,17.0,11.0,0.6508704061895552
18.0,2.0,11.0,0.3,0.1,0.8,4.0,1021.0,11.0,7.0,0.6552399608227228
18.0,2.0,12.0,0.3,0.1,0.8,4.0,1017.0,7.0,3.0,0.6568338249754179
18.0,2.0,13.0,0.3,0.1,0.8,4.0,1007.0,7.0,3.0,0.6583912611717975
18.0,2.0,14.0,0.3,0.1,0.8,4.0,1001.0,5.0,2.0,0.6583416583416584
18.0,2.0,15.0,0.3,0.1,0.8,4.0,995.0,4.0,4.0,0.6582914572864321
18.0,2.0,16.0,0.3,0.1,0.8,4.0,993.0,5.0,4.0,0.6606243705941591
18.0,2.0,17.0,0.3,0.1,0.8,4.0,984.0,4.0,3.0,0.6615853658536586
18.0,2.0,18.0,0.3,0.1,0.8,4.0,979.0,3.0,1.0,0.6629213483146067
18.0,2.0,19.0,0.3,0.1,0.8,4.0,973.0,5.0,1.0,0.6649537512846866
18.0,2.0,20.0,0.3,0.1,0.8,4.0,1846.0,6.0,2.0,0.3488624052004334
18.0,2.0,21.0,0.3,0.1,0.8,4.0,1811.0,5.0,1.0,0.35284373274434017
18.0,2.0,22.0,0.3,0.1,0.8,4.0,1797.0,5.0,2.0,0.34835837506956036
18.0,2.0,23.0,0.3,0.1,0.8,4.0,1731.0,2.0,2.0,0.3535528596187175
18.0,2.0,24.0,0.3,0.1,0.8,4.0,1721.0,3.0,2.0,0.35212085996513653
18.0,2.0,25.0,0.3,0.1,0.8,4.0,1652.0,4.0,1.0,0.3559322033898305
18.0,2.0,26.0,0.3,0.1,0.8,4.0,1613.0,1.0,1.0,0.356478611283323
18.0,2.0,27.0,0.3,0.1,0.8,4.0,1580.0,2.0,1.0,0.3613924050632911
18.0,2.0,28.0,0.3,0.1,0.8,4.0,1565.0,2.0,2.0,0.35910543130990413
18.0,2.0,29.0,0.3,0.1,0.8,4.0,1535.0,3.0,1.0,0.36221498371335503
18.0,2.0,30.0,0.3,0.1,0.8,4.0,1523.0,6.0,1.0,0.3624425476034143
18.0,2.0,31.0,0.3,0.1,0.8,4.0,1486.0,5.0,1.0,0.36406460296096904
18.0,2.0,32.0,0.3,0.1,0.8,4.0,1432.0,7.0,1.0,0.3680167597765363
18.0,2.0,33.0,0.3,0.1,0.8,4.0,1407.0,8.0,3.0,0.3695806680881308
18.0,2.0,34.0,0.3,0.1,0.8,4.0,1407.0,12.0,4.0,0.36673773987206826
18.0,2.0,35.0,0.3,0.1,0.8,4.0,1353.0,12.0,4.0,0.37324464153732445
18.0,2.0,36.0,0.3,0.1,0.8,4.0,1350.0,11.0,4.0,0.3711111111111111
18.0,2.0,37.0,0.3,0.1,0.8,4.0,1298.0,20.0,6.0,0.37596302003081666
18.0,2.0,38.0,0.3,0.1,0.8,4.0,1272.0,19.0,6.0,0.37657232704402516
18.0,2.0,39.0,0.3,0.1,0.8,4.0,1234.0,21.0,8.0,0.38168557536466774
18.0,2.0,40.0,0.3,0.1,0.8,4.0,1224.0,21.0,11.0,0.3831699346405229
18.0,2.0,41.0,0.3,0.1,0.8,4.0,1199.0,25.0,11.0,0.3869891576313595
18.0,2.0,42.0,0.3,0.1,0.8,4.0,1192.0,25.0,11.0,0.3875838926174497
18.0,2.0,43.0,0.3,0.1,0.8,4.0,1180.0,22.0,7.0,0.3906779661016949
18.0,2.0,44.0,0.3,0.1,0.8,4.0,1167.0,20.0,11.0,0.390745501285347
18.0,2.0,45.0,0.3,0.1,0.8,4.0,1152.0,21.0,12.0,0.5147569444444444
18.0,2.0,46.0,0.3,0.1,0.8,4.0,1125.0,26.0,12.0,0.5164444444444445
18.0,2.0,47.0,0.3,0.1,0.8,4.0,1092.0,23.0,9.0,0.5256410256410257
18.0,2.0,48.0,0.3,0.1,0.8,4.0,1081.0,23.0,6.0,0.5245143385753932
18.0,2.0,49.0,0.3,0.1,0.8,4.0,1047.0,21.0,8.0,0.5291308500477555
18.0,2.0,50.0,0.3,0.1,0.8,4.0,1023.0,17.0,9.0,0.5249266862170088
18.0,2.0,51.0,0.3,0.1,0.8,4.0,1021.0,17.0,11.0,0.5259549461312438
18.0,2.0,52.0,0.3,0.1,0.8,4.0,1013.0,20.0,10.0,0.5251727541954591
18.0,3.0,1.0,0.3,0.1,0.8,4.0,994.0,20.0,10.0,0.5311871227364185
18.0,3.0,2.0,0.3,0.1,0.8,4.0,977.0,17.0,8.0,0.5312180143295804
18.0,3.0,3.0,0.3,0.1,0.8,4.0,955.0,17.0,8.0,0.5329842931937173
18.0,3.0,4.0,0.3,0.1,0.8,4.0,945.0,15.0,9.0,0.5312169312169313
18.0,3.0,5.0,0.3,0.1,0.8,4.0,945.0,17.0,10.0,0.5333333333333333
18.0,3.0,6.0,0.3,0.1,0.8,4.0,921.0,18.0,7.0,0.5342019543973942
18.0,3.0,7.0,0.3,0.1,0.8,4.0,912.0,15.0,7.0,0.5372807017543859
18.0,3.0,8.0,0.3,0.1,0.8,4.0,896.0,16.0,7.0,0.5345982142857143
18.0,3.0,9.0,0.3,0.1,0.8,4.0,891.0,16.0,10.0,0.5364758698092031
18.0,3.0,10.0,0.3,0.1,0.8,4.0,883.0,12.0,6.0,0.5379388448471121
18.0,3.0,11.0,0.3,0.1,0.8,4.0,878.0,10.0,5.0,0.5398633257403189
18.0,3.0,12.0,0.3,0.1,0.8,4.0,867.0,8.0,3.0,0.5374855824682814
18.0,3.0,13.0,0.3,0.1,0.8,4.0,853.0,11.0,4.0,0.536928487690504
18.0,3.0,14.0,0.3,0.1,0.8,4.0,840.0,9.0,4.0,0.5321428571428571
18.0,3.0,15.0,0.3,0.1,0.8,4.0,840.0,8.0,4.0,0.5357142857142857
18.0,3.0,16.0,0.3,0.1,0.8,4.0,820.0,9.0,5.0,0.5341463414634147
18.0,3.0,17.0,0.3,0.1,0.8,4.0,820.0,8.0,3.0,0.5341463414634147
18.0,3.0,18.0,0.3,0.1,0.8,4.0,810.0,7.0,4.0,0.5320987654320988
18.0,3.0,19.0,0.3,0.1,0.8,4.0,814.0,8.0,4.0,0.5356265356265356
18.0,3.0,20.0,0.3,0.1,0.8,4.0,1473.0,8.0,5.0,0.2905634758995248
18.0,3.0,21.0,0.3,0.1,0.8,4.0,1398.0,6.0,5.0,0.30185979971387694
18.0,3.0,22.0,0.3,0.1,0.8,4.0,1399.0,8.0,3.0,0.29592566118656183
18.0,3.0,23.0,0.3,0.1,0.8,4.0,1341.0,8.0,5.0,0.3035048471290082
18.0,3.0,24.0,0.3,0.1,0.8,4.0,1317.0,5.0,3.0,0.2984054669703872
18.0,3.0,25.0,0.3,0.1,0.8,4.0,1300.0,3.0,1.0,0.3
18.0,3.0,26.0,0.3,0.1,0.8,4.0,1272.0,4.0,1.0,0.29952830188679247
18.0,3.0,27.0,0.3,0.1,0.8,4.0,1250.0,3.0,1.0,0.304
18.0,3.0,28.0,0.3,0.1,0.8,4.0,1213.0,7.0,3.0,0.30008244023083264
18.0,3.0,29.0,0.3,0.1,0.8,4.0,1205.0,9.0,3.0,0.30373443983402487
18.0,3.0,30.0,0.3,0.1,0.8,4.0,1175.0,7.0,1.0,0.3029787234042553
18.0,3.0,31.0,0.3,0.1,0.8,4.0,1152.0,7.0,1.0,0.3072916666666667
18.0,3.0,32.0,0.3,0.1,0.8,4.0,1134.0,7.0,3.0,0.30511463844797176
18.0,3.0,33.0,0.3,0.1,0.8,4.0,1118.0,13.0,5.0,0.3103756708407871
18.0,3.0,34.0,0.3,0.1,0.8,4.0,1073.0,17.0,6.0,0.3131407269338304
18.0,3.0,35.0,0.3,0.1,0.8,4.0,1073.0,20.0,6.0,0.31593662628145386
18.0,3.0,36.0,0.3,0.1,0.8,4.0,1044.0,23.0,5.0,0.31417624521072796
18.0,3.0,37.0,0.3,0.1,0.8,4.0,1040.0,25.0,7.0,0.31634615384615383
18.0,3.0,38.0,0.3,0.1,0.8,4.0,998.0,31.0,12.0,0.312625250501002
18.0,3.0,39.0,0.3,0.1,0.8,4.0,943.0,35.0,17.0,0.3213149522799576
18.0,3.0,40.0,0.3,0.1,0.8,4.0,926.0,38.0,17.0,0.3207343412526998
18.0,3.0,41.0,0.3,0.1,0.8,4.0,894.0,40.0,16.0,0.32550335570469796
18.0,3.0,42.0,0.3,0.1,0.8,4.0,886.0,44.0,15.0,0.3227990970654628
18.0,3.0,43.0,0.3,0.1,0.8,4.0,880.0,45.0,19.0,0.32840909090909093
18.0,3.0,44.0,0.3,0.1,0.8,4.0,860.0,49.0,28.0,0.3244186046511628
18.0,3.0,45.0,0.3,0.1,0.8,4.0,844.0,49.0,24.0,0.476303317535545
18.0,3.0,46.0,0.3,0.1,0.8,4.0,820.0,45.0,21.0,0.4768292682926829
18.0,3.0,47.0,0.3,0.1,0.8,4.0,802.0,42.0,12.0,0.48753117206982544
18.0,3.0,48.0,0.3,0.1,0.8,4.0,791.0,42.0,17.0,0.4829329962073325
18.0,3.0,49.0,0.3,0.1,0.8,4.0,787.0,35.0,22.0,0.49047013977128334
18.0,3.0,50.0,0.3,0.1,0.8,4.0,771.0,33.0,21.0,0.48508430609597925
18.0,3.0,51.0,0.3,0.1,0.8,4.0,767.0,31.0,16.0,0.49282920469361147
18.0,3.0,52.0,0.3,0.1,0.8,4.0,751.0,23.0,11.0,0.49001331557922767
18.0,4.0,1.0,0.3,0.1,0.8,4.0,739.0,22.0,12.0,0.496617050067659
18.0,4.0,2.0,0.3,0.1,0.8,4.0,731.0,22.0,14.0,0.493844049247606
18.0,4.0,3.0,0.3,0.1,0.8,4.0,728.0,20.0,11.0,0.5
18.0,4.0,4.0,0.3,0.1,0.8,4.0,714.0,22.0,8.0,0.4943977591036415
18.0,4.0,5.0,0.3,0.1,0.8,4.0,709.0,17.0,7.0,0.5049365303244006
18.0,4.0,6.0,0.3,0.1,0.8,4.0,687.0,17.0,7.0,0.49344978165938863
18.0,4.0,7.0,0.3,0.1,0.8,4.0,688.0,14.0,9.0,0.501453488372093
18.0,4.0,8.0,0.3,0.1,0.8,4.0,676.0,13.0,10.0,0.492603550295858
18.0,4.0,9.0,0.3,0.1,0.8,4.0,680.0,13.0,9.0,0.5029411764705882
18.0,4.0,10.0,0.3,0.1,0.8,4.0,665.0,13.0,7.0,0.49624060150375937
18.0,4.0,11.0,0.3,0.1,0.8,4.0,664.0,11.0,4.0,0.5045180722891566
18.0,4.0,12.0,0.3,0.1,0.8,4.0,651.0,10.0,4.0,0.49923195084485406
18.0,4.0,13.0,0.3,0.1,0.8,4.0,655.0,9.0,3.0,0.5083969465648855
18.0,4.0,14.0,0.3,0.1,0.8,4.0,633.0,10.0,6.0,0.49921011058451814
18.0,4.0,15.0,0.3,0.1,0.8,4.0,634.0,9.0,4.0,0.5063091482649842
18.0,4.0,16.0,0.3,0.1,0.8,4.0,625.0,9.0,3.0,0.5008
18.0,4.0,17.0,0.3,0.1,0.8,4.0,622.0,8.0,3.0,0.5032154340836013
18.0,4.0,18.0,0.3,0.1,0.8,4.0,618.0,9.0,4.0,0.49838187702265374
18.0,4.0,19.0,0.3,0.1,0.8,4.0,617.0,8.0,4.0,0.5008103727714749
18.0,4.0,20.0,0.3,0.1,0.8,4.0,1087.0,8.0,4.0,0.27874885004599814
18.0,4.0,21.0,0.3,0.1,0.8,4.0,1056.0,8.0,5.0,0.2793560606060606
18.0,4.0,22.0,0.3,0.1,0.8,4.0,1048.0,14.0,6.0,0.2824427480916031
18.0,4.0,23.0,0.3,0.1,0.8,4.0,1043.0,15.0,5.0,0.28187919463087246
18.0,4.0,24.0,0.3,0.1,0.8,4.0,1036.0,15.0,5.0,0.28378378378378377
18.0,4.0,25.0,0.3,0.1,0.8,4.0,1010.0,12.0,5.0,0.2861386138613861
18.0,4.0,26.0,0.3,0.1,0.8,4.0,1004.0,14.0,4.0,0.2868525896414343
18.0,4.0,27.0,0.3,0.1,0.8,4.0,965.0,12.0,8.0,0.29533678756476683
18.0,4.0,28.0,0.3,0.1,0.8,4.0,936.0,12.0,7.0,0.29914529914529914
18.0,4.0,29.0,0.3,0.1,0.8,4.0,925.0,16.0,9.0,0.2983783783783784
18.0,4.0,30.0,0.3,0.1,0.8,4.0,904.0,14.0,4.0,0.2975663716814159
18.0,4.0,31.0,0.3,0.1,0.8,4.0,903.0,16.0,6.0,0.2978959025470653
18.0,4.0,32.0,0.3,0.1,0.8,4.0,882.0,14.0,6.0,0.30045351473922904
18.0,4.0,33.0,0.3,0.1,0.8,4.0,864.0,11.0,3.0,0.30439814814814814
18.0,4.0,34.0,0.3,0.1,0.8,4.0,858.0,16.0,4.0,0.30303030303030304
18.0,4.0,35.0,0.3,0.1,0.8,4.0,833.0,14.0,5.0,0.29891956782713086
18.0,4.0,36.0,0.3,0.1,0.8,4.0,811.0,13.0,7.0,0.2996300863131936
18.0,4.0,37.0,0.3,0.1,0.8,4.0,811.0,17.0,10.0,0.29839704069050554
18.0,4.0,38.0,0.3,0.1,0.8,4.0,789.0,16.0,9.0,0.29784537389100124
18.0,4.0,39.0,0.3,0.1,0.8,4.0,783.0,14.0,6.0,0.29757343550446996
18.0,4.0,40.0,0.3,0.1,0.8,4.0,742.0,8.0,3.0,0.3005390835579515
18.0,4.0,41.0,0.3,0.1,0.8,4.0,739.0,9.0,3.0,0.2976995940460081
18.0,4.0,42.0,0.3,0.1,0.8,4.0,727.0,13.0,4.0,0.29573590096286106
18.0,4.0,43.0,0.3,0.1,0.8,4.0,725.0,12.0,5.0,0.29379310344827586
18.0,4.0,44.0,0.3,0.1,0.8,4.0,709.0,13.0,5.0,0.29055007052186177
18.0,4.0,45.0,0.3,0.1,0.8,4.0,710.0,13.0,7.0,0.46619718309859154
18.0,4.0,46.0,0.3,0.1,0.8,4.0,708.0,16.0,7.0,0.4632768361581921
18.0,4.0,47.0,0.3,0.1,0.8,4.0,696.0,16.0,9.0,0.46695402298850575
18.0,4.0,48.0,0.3,0.1,0.8,4.0,691.0,19.0,8.0,0.4645441389290883
18.0,4.0,49.0,0.3,0.1,0.8,4.0,689.0,17.0,9.0,0.46879535558780844
18.0,4.0,50.0,0.3,0.1,0.8,4.0,684.0,19.0,9.0,0.4678362573099415
18.0,4.0,51.0,0.3,0.1,0.8,4.0,675.0,22.0,10.0,0.4666666666666667
18.0,4.0,52.0,0.3,0.1,0.8,4.0,674.0,18.0,8.0,0.47032640949554894
18.0,5.0,1.0,0.3,0.1,0.8,4.0,667.0,17.0,10.0,0.47226386806596704
18.0,5.0,2.0,0.3,0.1,0.8,4.0,664.0,16.0,11.0,0.4713855421686747
18.0,5.0,3.0,0.3,0.1,0.8,4.0,659.0,15.0,11.0,0.47344461305007585
18.0,5.0,4.0,0.3,0.1,0.8,4.0,656.0,11.0,7.0,0.4771341463414634
18.0,5.0,5.0,0.3,0.1,0.8,4.0,643.0,7.0,3.0,0.4758942457231726
18.0,5.0,6.0,0.3,0.1,0.8,4.0,645.0,5.0,2.0,0.47751937984496123
18.0,5.0,7.0,0.3,0.1,0.8,4.0,637.0,4.0,3.0,0.47566718995290425
18.0,5.0,8.0,0.3,0.1,0.8,4.0,628.0,4.0,4.0,0.47929936305732485
18.0,5.0,9.0,0.3,0.1,0.8,4.0,618.0,4.0,3.0,0.4773462783171521
18.0,5.0,10.0,0.3,0.1,0.8,4.0,621.0,3.0,1.0,0.48148148148148145
18.0,5.0,11.0,0.3,0.1,0.8,4.0,600.0,2.0,0.0,0.4816666666666667
18.0,5.0,12.0,0.3,0.1,0.8,4.0,608.0,2.0,1.0,0.48355263157894735
18.0,5.0,13.0,0.3,0.1,0.8,4.0,598.0,3.0,1.0,0.479933110367893
18.0,5.0,14.0,0.3,0.1,0.8,4.0,603.0,4.0,1.0,0.48092868988391374
18.0,5.0,15.0,0.3,0.1,0.8,4.0,594.0,4.0,0.0,0.4797979797979798
18.0,5.0,16.0,0.3,0.1,0.8,4.0,587.0,2.0,1.0,0.48211243611584326
18.0,5.0,17.0,0.3,0.1,0.8,4.0,579.0,3.0,2.0,0.4784110535405872
18.0,5.0,18.0,0.3,0.1,0.8,4.0,586.0,4.0,2.0,0.4812286689419795
18.0,5.0,19.0,0.3,0.1,0.8,4.0,566.0,4.0,1.0,0.47703180212014135
18.0,5.0,20.0,0.3,0.1,0.8,4.0,1050.0,3.0,0.0,0.2619047619047619
18.0,5.0,21.0,0.3,0.1,0.8,4.0,1025.0,3.0,2.0,0.25951219512195123
18.0,5.0,22.0,0.3,0.1,0.8,4.0,1028.0,5.0,2.0,0.26264591439688717
18.0,5.0,23.0,0.3,0.1,0.8,4.0,1016.0,6.0,3.0,0.2608267716535433
18.0,5.0,24.0,0.3,0.1,0.8,4.0,1026.0,6.0,2.0,0.2631578947368421
18.0,5.0,25.0,0.3,0.1,0.8,4.0,1003.0,7.0,3.0,0.2612163509471585
18.0,5.0,26.0,0.3,0.1,0.8,4.0,972.0,6.0,3.0,0.2654320987654321
18.0,5.0,27.0,0.3,0.1,0.8,4.0,961.0,6.0,3.0,0.2643080124869927
18.0,5.0,28.0,0.3,0.1,0.8,4.0,955.0,5.0,2.0,0.2670157068062827
18.0,5.0,29.0,0.3,0.1,0.8,4.0,905.0,4.0,3.0,0.2751381215469613
18.0,5.0,30.0,0.3,0.1,0.8,4.0,904.0,6.0,3.0,0.2754424778761062
18.0,5.0,31.0,0.3,0.1,0.8,4.0,878.0,6.0,3.0,0.27107061503416857
18.0,5.0,32.0,0.3,0.1,0.8,4.0,840.0,3.0,2.0,0.2714285714285714
18.0,5.0,33.0,0.3,0.1,0.8,4.0,840.0,4.0,3.0,0.2702380952380952
18.0,5.0,34.0,0.3,0.1,0.8,4.0,814.0,4.0,3.0,0.2727272727272727
18.0,5.0,35.0,0.3,0.1,0.8,4.0,806.0,3.0,1.0,0.271712158808933
18.0,5.0,36.0,0.3,0.1,0.8,4.0,804.0,4.0,0.0,0.2736318407960199
18.0,5.0,37.0,0.3,0.1,0.8,4.0,801.0,4.0,1.0,0.27091136079900124
18.0,5.0,38.0,0.3,0.1,0.8,4.0,801.0,4.0,3.0,0.27091136079900124
18.0,5.0,39.0,0.3,0.1,0.8,4.0,761.0,5.0,3.0,0.2720105124835742
18.0,5.0,40.0,0.3,0.1,0.8,4.0,759.0,8.0,2.0,0.2740447957839262
18.0,5.0,41.0,0.3,0.1,0.8,4.0,760.0,7.0,2.0,0.2723684210526316
18.0,5.0,42.0,0.3,0.1,0.8,4.0,751.0,7.0,2.0,0.27163781624500666
18.0,5.0,43.0,0.3,0.1,0.8,4.0,729.0,7.0,4.0,0.2716049382716049
18.0,5.0,44.0,0.3,0.1,0.8,4.0,703.0,5.0,4.0,0.2759601706970128
18.0,5.0,45.0,0.3,0.1,0.8,4.0,701.0,6.0,5.0,0.42368045649072755
18.0,5.0,46.0,0.3,0.1,0.8,4.0,685.0,5.0,3.0,0.4248175182481752
18.0,5.0,47.0,0.3,0.1,0.8,4.0,683.0,3.0,1.0,0.42752562225475843
18.0,5.0,48.0,0.3,0.1,0.8,4.0,669.0,1.0,1.0,0.4289985052316891
18.0,5.0,49.0,0.3,0.1,0.8,4.0,664.0,1.0,1.0,0.42771084337349397
18.0,5.0,50.0,0.3,0.1,0.8,4.0,665.0,1.0,1.0,0.4255639097744361
18.0,5.0,51.0,0.3,0.1,0.8,4.0,661.0,0.0,0.0,0.42511346444780634
18.0,5.0,52.0,0.3,0.1,0.8,4.0,661.0,0.0,0.0,0.4236006051437216
18.0,6.0,1.0,0.3,0.1,0.8,4.0,657.0,0.0,0.0,0.4231354642313546
18.0,6.0,2.0,0.3,0.1,0.8,4.0,657.0,0.0,0.0,0.4200913242009132
18.0,6.0,3.0,0.3,0.1,0.8,4.0,638.0,0.0,0.0,0.4216300940438871
18.0,6.0,4.0,0.3,0.1,0.8,4.0,637.0,0.0,0.0,0.41915227629513346
18.0,6.0,5.0,0.3,0.1,0.8,4.0,620.0,0.0,0.0,0.41935483870967744
18.0,6.0,6.0,0.3,0.1,0.8,4.0,607.0,0.0,0.0,0.41680395387149916
18.0,6.0,7.0,0.3,0.1,0.8,4.0,603.0,0.0,0.0,0.42122719734660036
18.0,6.0,8.0,0.3,0.1,0.8,4.0,604.0,0.0,0.0,0.41887417218543044
18.0,6.0,9.0,0.3,0.1,0.8,4.0,573.0,0.0,0.0,0.41710296684118675
18.0,6.0,10.0,0.3,0.1,0.8,4.0,572.0,0.0,0.0,0.4143356643356643
18.0,6.0,11.0,0.3,0.1,0.8,4.0,570.0,0.0,0.0,0.41754385964912283
18.0,6.0,12.0,0.3,0.1,0.8,4.0,571.0,0.0,0.0,0.415061295971979
18.0,6.0,13.0,0.3,0.1,0.8,4.0,568.0,0.0,0.0,0.41901408450704225
18.0,6.0,14.0,0.3,0.1,0.8,4.0,568.0,0.0,0.0,0.4154929577464789
18.0,6.0,15.0,0.3,0.1,0.8,4.0,566.0,0.0,0.0,0.4169611307420495
18.0,6.0,16.0,0.3,0.1,0.8,4.0,567.0,0.0,0.0,0.4144620811287478
18.0,6.0,17.0,0.3,0.1,0.8,4.0,566.0,0.0,0.0,0.4169611307420495
18.0,6.0,18.0,0.3,0.1,0.8,4.0,555.0,0.0,0.0,0.41621621621621624
18.0,6.0,19.0,0.3,0.1,0.8,4.0,554.0,0.0,0.0,0.41696750902527074
18.0,6.0,20.0,0.3,0.1,0.8,4.0,1025.0,0.0,0.0,0.22341463414634147
18.0,6.0,21.0,0.3,0.1,0.8,4.0,993.0,0.0,0.0,0.22658610271903323
18.0,6.0,22.0,0.3,0.1,0.8,4.0,976.0,0.0,0.0,0.22950819672131148
18.0,6.0,23.0,0.3,0.1,0.8,4.0,971.0,0.0,0.0,0.23069001029866118
18.0,6.0,24.0,0.3,0.1,0.8,4.0,963.0,0.0,0.0,0.2284527518172378
18.0,6.0,25.0,0.3,0.1,0.8,4.0,926.0,0.0,0.0,0.23542116630669546
18.0,6.0,26.0,0.3,0.1,0.8,4.0,909.0,0.0,0.0,0.23542354235423543
18.0,6.0,27.0,0.3,0.1,0.8,4.0,872.0,0.0,0.0,0.24541284403669725
18.0,6.0,28.0,0.3,0.1,0.8,4.0,865.0,0.0,0.0,0.24624277456647398
18.0,6.0,29.0,0.3,0.1,0.8,4.0,860.0,0.0,0.0,0.24767441860465117
18.0,6.0,30.0,0.3,0.1,0.8,4.0,839.0,0.0,0.0,0.25029797377830754
18.0,6.0,31.0,0.3,0.1,0.8,4.0,823.0,0.0,0.0,0.2551640340218712
18.0,6.0,32.0,0.3,0.1,0.8,4.0,822.0,0.0,0.0,0.25304136253041365
18.0,6.0,33.0,0.3,0.1,0.8,4.0,821.0,0.0,0.0,0.2545676004872107
18.0,6.0,34.0,0.3,0.1,0.8,4.0,820.0,0.0,0.0,0.2524390243902439
18.0,6.0,35.0,0.3,0.1,0.8,4.0,805.0,0.0,0.0,0.25838509316770186
18.0,6.0,36.0,0.3,0.1,0.8,4.0,791.0,0.0,0.0,0.2579013906447535
18.0,6.0,37.0,0.3,0.1,0.8,4.0,780.0,0.0,0.0,0.26282051282051283
18.0,6.0,38.0,0.3,0.1,0.8,4.0,779.0,0.0,0.0,0.2605905006418485
18.0,6.0,39.0,0.3,0.1,0.8,4.0,757.0,0.0,0.0,0.2668428005284016
18.0,6.0,40.0,0.3,0.1,0.8,4.0,746.0,0.0,0.0,0.26541554959785524
18.0,6.0,41.0,0.3,0.1,0.8,4.0,741.0,0.0,0.0,0.26720647773279355
18.0,6.0,42.0,0.3,0.1,0.8,4.0,739.0,0.0,0.0,0.2638700947225981
18.0,6.0,43.0,0.3,0.1,0.8,4.0,713.0,0.0,0.0,0.2664796633941094
18.0,6.0,44.0,0.3,0.1,0.8,4.0,712.0,0.0,0.0,0.26264044943820225
18.0,6.0,45.0,0.3,0.1,0.8,4.0,712.0,0.0,0.0,0.3848314606741573
18.0,6.0,46.0,0.3,0.1,0.8,4.0,681.0,0.0,0.0,0.38472834067547723
18.0,6.0,47.0,0.3,0.1,0.8,4.0,680.0,0.0,0.0,0.38676470588235295
18.0,6.0,48.0,0.3,0.1,0.8,4.0,668.0,0.0,0.0,0.38772455089820357
18.0,6.0,49.0,0.3,0.1,0.8,4.0,666.0,0.0,0.0,0.3888888888888889
18.0,6.0,50.0,0.3,0.1,0.8,4.0,657.0,0.0,0.0,0.3835616438356164
18.0,6.0,51.0,0.3,0.1,0.8,4.0,652.0,0.0,0.0,0.38650306748466257
18.0,6.0,52.0,0.3,0.1,0.8,4.0,655.0,0.0,0.0,0.3816793893129771
18.0,7.0,1.0,0.3,0.1,0.8,4.0,650.0,0.0,0.0,0.3861538461538462
18.0,7.0,2.0,0.3,0.1,0.8,4.0,655.0,0.0,0.0,0.383206106870229
18.0,7.0,3.0,0.3,0.1,0.8,4.0,639.0,0.0,0.0,0.39123630672926446
18.0,7.0,4.0,0.3,0.1,0.8,4.0,642.0,0.0,0.0,0.3878504672897196
18.0,7.0,5.0,0.3,0.1,0.8,4.0,637.0,0.0,0.0,0.3893249607535322
18.0,7.0,6.0,0.3,0.1,0.8,4.0,640.0,0.0,0.0,0.3875
18.0,7.0,7.0,0.3,0.1,0.8,4.0,634.0,0.0,0.0,0.38958990536277605
18.0,7.0,8.0,0.3,0.1,0.8,4.0,626.0,0.0,0.0,0.38817891373801916
18.0,7.0,9.0,0.3,0.1,0.8,4.0,621.0,0.0,0.0,0.391304347826087
18.0,7.0,10.0,0.3,0.1,0.8,4.0,621.0,0.0,0.0,0.391304347826087
18.0,7.0,11.0,0.3,0.1,0.8,4.0,619.0,0.0,0.0,0.39095315024232635
18.0,7.0,12.0,0.3,0.1,0.8,4.0,605.0,0.0,0.0,0.3933884297520661
18.0,7.0,13.0,0.3,0.1,0.8,4.0,602.0,0.0,0.0,0.39368770764119604
18.0,7.0,14.0,0.3,0.1,0.8,4.0,604.0,0.0,0.0,0.3923841059602649
18.0,7.0,15.0,0.3,0.1,0.8,4.0,602.0,0.0,0.0,0.3920265780730897
18.0,7.0,16.0,0.3,0.1,0.8,4.0,603.0,0.0,0.0,0.3913764510779436
18.0,7.0,17.0,0.3,0.1,0.8,4.0,601.0,0.0,0.0,0.39267886855241263
18.0,7.0,18.0,0.3,0.1,0.8,4.0,602.0,0.0,0.0,0.3920265780730897
18.0,7.0,19.0,0.3,0.1,0.8,4.0,601.0,0.0,0.0,0.3910149750415973
18.0,7.0,20.0,0.3,0.1,0.8,4.0,1094.0,0.0,0.0,0.21480804387568556
18.0,7.0,21.0,0.3,0.1,0.8,4.0,1038.0,0.0,0.0,0.2186897880539499
18.0,7.0,22.0,0.3,0.1,0.8,4.0,1024.0,0.0,0.0,0.2216796875
18.0,7.0,23.0,0.3,0.1,0.8,4.0,1003.0,0.0,0.0,0.22233300099700898
18.0,7.0,24.0,0.3,0.1,0.8,4.0,981.0,0.0,0.0,0.2252803261977574
18.0,7.0,25.0,0.3,0.1,0.8,4.0,972.0,0.0,0.0,0.2242798353909465
18.0,7.0,26.0,0.3,0.1,0.8,4.0,924.0,0.0,0.0,0.22835497835497837
18.0,7.0,27.0,0.3,0.1,0.8,4.0,923.0,0.0,0.0,0.2275189599133261
18.0,7.0,28.0,0.3,0.1,0.8,4.0,889.0,0.0,0.0,0.23059617547806524
18.0,7.0,29.0,0.3,0.1,0.8,4.0,885.0,0.0,0.0,0.2305084745762712
18.0,7.0,30.0,0.3,0.1,0.8,4.0,855.0,0.0,0.0,0.23391812865497075
18.0,7.0,31.0,0.3,0.1,0.8,4.0,791.0,0.0,0.0,0.23388116308470291
18.0,7.0,32.0,0.3,0.1,0.8,4.0,776.0,0.0,0.0,0.23969072164948454
18.0,7.0,33.0,0.3,0.1,0.8,4.0,762.0,0.0,0.0,0.23753280839895013
18.0,7.0,34.0,0.3,0.1,0.8,4.0,723.0,0.0,0.0,0.24619640387275243
18.0,7.0,35.0,0.3,0.1,0.8,4.0,711.0,0.0,0.0,0.24472573839662448
18.0,7.0,36.0,0.3,0.1,0.8,4.0,688.0,0.0,0.0,0.24854651162790697
18.0,7.0,37.0,0.3,0.1,0.8,4.0,676.0,0.0,0.0,0.2485207100591716
18.0,7.0,38.0,0.3,0.1,0.8,4.0,673.0,0.0,0.0,0.2511144130757801
18.0,7.0,39.0,0.3,0.1,0.8,4.0,664.0,0.0,0.0,0.25
18.0,7.0,40.0,0.3,0.1,0.8,4.0,673.0,0.0,0.0,0.2511144130757801
18.0,7.0,41.0,0.3,0.1,0.8,4.0,664.0,0.0,0.0,0.25
18.0,7.0,42.0,0.3,0.1,0.8,4.0,630.0,0.0,0.0,0.2571428571428571
18.0,7.0,43.0,0.3,0.1,0.8,4.0,624.0,0.0,0.0,0.2564102564102564
18.0,7.0,44.0,0.3,0.1,0.8,4.0,628.0,0.0,0.0,0.25636942675159236
18.0,7.0,45.0,0.3,0.1,0.8,4.0,624.0,0.0,0.0,0.40865384615384615
18.0,7.0,46.0,0.3,0.1,0.8,4.0,628.0,0.0,0.0,0.410828025477707
18.0,7.0,47.0,0.3,0.1,0.8,4.0,612.0,0.0,0.0,0.4084967320261438
18.0,7.0,48.0,0.3,0.1,0.8,4.0,616.0,0.0,0.0,0.4107142857142857
18.0,7.0,49.0,0.3,0.1,0.8,4.0,612.0,0.0,0.0,0.4084967320261438
18.0,7.0,50.0,0.3,0.1,0.8,4.0,616.0,0.0,0.0,0.4107142857142857
18.0,7.0,51.0,0.3,0.1,0.8,4.0,600.0,0.0,0.0,0.41333333333333333
18.0,7.0,52.0,0.3,0.1,0.8,4.0,603.0,0.0,0.0,0.41459369817578773
18.0,8.0,1.0,0.3,0.1,0.8,4.0,599.0,0.0,0.0,0.41235392320534225
18.0,8.0,2.0,0.3,0.1,0.8,4.0,603.0,0.0,0.0,0.41459369817578773
18.0,8.0,3.0,0.3,0.1,0.8,4.0,599.0,0.0,0.0,0.41235392320534225
18.0,8.0,4.0,0.3,0.1,0.8,4.0,603.0,0.0,0.0,0.41459369817578773
18.0,8.0,5.0,0.3,0.1,0.8,4.0,598.0,0.0,0.0,0.411371237458194
18.0,8.0,6.0,0.3,0.1,0.8,4.0,602.0,0.0,0.0,0.41362126245847175
18.0,8.0,7.0,0.3,0.1,0.8,4.0,598.0,0.0,0.0,0.411371237458194
18.0,8.0,8.0,0.3,0.1,0.8,4.0,600.0,0.0,0.0,0.415
18.0,8.0,9.0,0.3,0.1,0.8,4.0,582.0,0.0,0.0,0.41580756013745707
18.0,8.0,10.0,0.3,0.1,0.8,4.0,583.0,0.0,0.0,0.41337907375643224
18.0,8.0,11.0,0.3,0.1,0.8,4.0,580.0,0.0,0.0,0.41379310344827586
18.0,8.0,12.0,0.3,0.1,0.8,4.0,579.0,0.0,0.0,0.4162348877374784
18.0,8.0,13.0,0.3,0.1,0.8,4.0,577.0,0.0,0.0,0.41594454072790293
18.0,8.0,14.0,0.3,0.1,0.8,4.0,577.0,0.0,0.0,0.41767764298093585
18.0,8.0,15.0,0.3,0.1,0.8,4.0,576.0,0.0,0.0,0.4166666666666667
18.0,8.0,16.0,0.3,0.1,0.8,4.0,578.0,0.0,0.0,0.41695501730103807
18.0,8.0,17.0,0.3,0.1,0.8,4.0,575.0,0.0,0.0,0.41739130434782606
18.0,8.0,18.0,0.3,0.1,0.8,4.0,577.0,0.0,0.0,0.41594454072790293
18.0,8.0,19.0,0.3,0.1,0.8,4.0,574.0,0.0,0.0,0.4163763066202091
18.0,8.0,20.0,0.3,0.1,0.8,4.0,1010.0,0.0,0.0,0.2376237623762376
18.0,8.0,21.0,0.3,0.1,0.8,4.0,990.0,0.0,0.0,0.2404040404040404
18.0,8.0,22.0,0.3,0.1,0.8,4.0,995.0,0.0,0.0,0.24020100502512562
18.0,8.0,23.0,0.3,0.1,0.8,4.0,935.0,0.0,0.0,0.24171122994652405
18.0,8.0,24.0,0.3,0.1,0.8,4.0,940.0,0.0,0.0,0.24148936170212765
18.0,8.0,25.0,0.3,0.1,0.8,4.0,917.0,0.0,0.0,0.2420937840785169
18.0,8.0,26.0,0.3,0.1,0.8,4.0,907.0,0.0,0.0,0.2414553472987872
18.0,8.0,27.0,0.3,0.1,0.8,4.0,886.0,0.0,0.0,0.24379232505643342
18.0,8.0,28.0,0.3,0.1,0.8,4.0,890.0,0.0,0.0,0.24382022471910111
18.0,8.0,29.0,0.3,0.1,0.8,4.0,886.0,0.0,0.0,0.24379232505643342
18.0,8.0,30.0,0.3,0.1,0.8,4.0,890.0,0.0,0.0,0.24382022471910111
18.0,8.0,31.0,0.3,0.1,0.8,4.0,859.0,0.0,0.0,0.2467986030267753
18.0,8.0,32.0,0.3,0.1,0.8,4.0,863.0,0.0,0.0,0.24681344148319814
18.0,8.0,33.0,0.3,0.1,0.8,4.0,819.0,0.0,0.0,0.25396825396825395
18.0,8.0,34.0,0.3,0.1,0.8,4.0,786.0,0.0,0.0,0.25699745547073793
18.0,8.0,35.0,0.3,0.1,0.8,4.0,755.0,0.0,0.0,0.2596026490066225
18.0,8.0,36.0,0.3,0.1,0.8,4.0,735.0,0.0,0.0,0.2612244897959184
18.0,8.0,37.0,0.3,0.1,0.8,4.0,732.0,0.0,0.0,0.26229508196721313
18.0,8.0,38.0,0.3,0.1,0.8,4.0,702.0,0.0,0.0,0.26495726495726496
18.0,8.0,39.0,0.3,0.1,0.8,4.0,683.0,0.0,0.0,0.2679355783308931
18.0,8.0,40.0,0.3,0.1,0.8,4.0,686.0,0.0,0.0,0.26676384839650147
18.0,8.0,41.0,0.3,0.1,0.8,4.0,665.0,0.0,0.0,0.2706766917293233
18.0,8.0,42.0,0.3,0.1,0.8,4.0,657.0,0.0,0.0,0.2709284627092846
18.0,8.0,43.0,0.3,0.1,0.8,4.0,654.0,0.0,0.0,0.27217125382262997
18.0,8.0,44.0,0.3,0.1,0.8,4.0,657.0,0.0,0.0,0.2709284627092846
18.0,8.0,45.0,0.3,0.1,0.8,4.0,642.0,0.0,0.0,0.4439252336448598
18.0,8.0,46.0,0.3,0.1,0.8,4.0,634.0,0.0,0.0,0.444794952681388
18.0,8.0,47.0,0.3,0.1,0.8,4.0,632.0,0.0,0.0,0.44462025316455694
18.0,8.0,48.0,0.3,0.1,0.8,4.0,634.0,0.0,0.0,0.444794952681388
18.0,8.0,49.0,0.3,0.1,0.8,4.0,632.0,0.0,0.0,0.44462025316455694
18.0,8.0,50.0,0.3,0.1,0.8,4.0,634.0,0.0,0.0,0.444794952681388
18.0,8.0,51.0,0.3,0.1,0.8,4.0,632.0,0.0,0.0,0.44462025316455694
18.0,8.0,52.0,0.3,0.1,0.8,4.0,634.0,0.0,0.0,0.444794952681388
18.0,9.0,1.0,0.3,0.1,0.8,4.0,631.0,0.0,0.0,0.44532488114104596
18.0,9.0,2.0,0.3,0.1,0.8,4.0,634.0,0.0,0.0,0.444794952681388
18.0,9.0,3.0,0.3,0.1,0.8,4.0,631.0,0.0,0.0,0.44532488114104596
18.0,9.0,4.0,0.3,0.1,0.8,4.0,634.0,0.0,0.0,0.444794952681388
18.0,9.0,5.0,0.3,0.1,0.8,4.0,631.0,0.0,0.0,0.44532488114104596
18.0,9.0,6.0,0.3,0.1,0.8,4.0,633.0,0.0,0.0,0.4439178515007899
18.0,9.0,7.0,0.3,0.1,0.8,4.0,628.0,0.0,0.0,0.445859872611465
18.0,9.0,8.0,0.3,0.1,0.8,4.0,629.0,0.0,0.0,0.4467408585055644
18.0,9.0,9.0,0.3,0.1,0.8,4.0,623.0,0.0,0.0,0.4462279293739968
18.0,9.0,10.0,0.3,0.1,0.8,4.0,622.0,0.0,0.0,0.44855305466237944
18.0,9.0,11.0,0.3,0.1,0.8,4.0,605.0,0.0,0.0,0.4479338842975207
18.0,9.0,12.0,0.3,0.1,0.8,4.0,606.0,0.0,0.0,0.44884488448844884
18.0,9.0,13.0,0.3,0.1,0.8,4.0,602.0,0.0,0.0,0.4485049833887043
18.0,9.0,14.0,0.3,0.1,0.8,4.0,603.0,0.0,0.0,0.4494195688225539
18.0,9.0,15.0,0.3,0.1,0.8,4.0,600.0,0.0,0.0,0.45
18.0,9.0,16.0,0.3,0.1,0.8,4.0,602.0,0.0,0.0,0.4485049833887043
18.0,9.0,17.0,0.3,0.1,0.8,4.0,601.0,0.0,0.0,0.4492512479201331
18.0,9.0,18.0,0.3,0.1,0.8,4.0,601.0,0.0,0.0,0.4492512479201331
18.0,9.0,19.0,0.3,0.1,0.8,4.0,600.0,0.0,0.0,0.45
18.0,9.0,20.0,0.3,0.1,0.8,4.0,980.0,0.0,0.0,0.2479591836734694
18.0,9.0,21.0,0.3,0.1,0.8,4.0,958.0,0.0,0.0,0.25260960334029225
18.0,9.0,22.0,0.3,0.1,0.8,4.0,943.0,0.0,0.0,0.24814422057264052
18.0,9.0,23.0,0.3,0.1,0.8,4.0,947.0,0.0,0.0,0.249208025343189
18.0,9.0,24.0,0.3,0.1,0.8,4.0,920.0,0.0,0.0,0.2510869565217391
18.0,9.0,25.0,0.3,0.1,0.8,4.0,884.0,0.0,0.0,0.25678733031674206
18.0,9.0,26.0,0.3,0.1,0.8,4.0,845.0,0.0,0.0,0.26272189349112424
18.0,9.0,27.0,0.3,0.1,0.8,4.0,833.0,0.0,0.0,0.26770708283313327
18.0,9.0,28.0,0.3,0.1,0.8,4.0,820.0,0.0,0.0,0.2646341463414634
18.0,9.0,29.0,0.3,0.1,0.8,4.0,804.0,0.0,0.0,0.26865671641791045
18.0,9.0,30.0,0.3,0.1,0.8,4.0,794.0,0.0,0.0,0.2682619647355164
18.0,9.0,31.0,0.3,0.1,0.8,4.0,781.0,0.0,0.0,0.2740076824583867
18.0,9.0,32.0,0.3,0.1,0.8,4.0,771.0,0.0,0.0,0.2697795071335927
18.0,9.0,33.0,0.3,0.1,0.8,4.0,770.0,0.0,0.0,0.2727272727272727
18.0,9.0,34.0,0.3,0.1,0.8,4.0,760.0,0.0,0.0,0.2736842105263158
18.0,9.0,35.0,0.3,0.1,0.8,4.0,747.0,0.0,0.0,0.2784471218206158
18.0,9.0,36.0,0.3,0.1,0.8,4.0,748.0,0.0,0.0,0.27540106951871657
18.0,9.0,37.0,0.3,0.1,0.8,4.0,734.0,0.0,0.0,0.279291553133515
18.0,9.0,38.0,0.3,0.1,0.8,4.0,735.0,0.0,0.0,0.2761904761904762
18.0,9.0,39.0,0.3,0.1,0.8,4.0,734.0,0.0,0.0,0.279291553133515
18.0,9.0,40.0,0.3,0.1,0.8,4.0,736.0,0.0,0.0,0.2758152173913043
18.0,9.0,41.0,0.3,0.1,0.8,4.0,711.0,0.0,0.0,0.28270042194092826
18.0,9.0,42.0,0.3,0.1,0.8,4.0,713.0,0.0,0.0,0.2791023842917251
18.0,9.0,43.0,0.3,0.1,0.8,4.0,686.0,0.0,0.0,0.2915451895043732
18.0,9.0,44.0,0.3,0.1,0.8,4.0,664.0,0.0,0.0,0.2876506024096386
18.0,9.0,45.0,0.3,0.1,0.8,4.0,661.0,0.0,0.0,0.4296520423600605
18.0,9.0,46.0,0.3,0.1,0.8,4.0,664.0,0.0,0.0,0.42620481927710846
18.0,9.0,47.0,0.3,0.1,0.8,4.0,642.0,0.0,0.0,0.43769470404984423
18.0,9.0,48.0,0.3,0.1,0.8,4.0,645.0,0.0,0.0,0.43410852713178294
18.0,9.0,49.0,0.3,0.1,0.8,4.0,628.0,0.0,0.0,0.43789808917197454
18.0,9.0,50.0,0.3,0.1,0.8,4.0,631.0,0.0,0.0,0.43423137876386686
18.0,9.0,51.0,0.3,0.1,0.8,4.0,628.0,0.0,0.0,0.43789808917197454
18.0,9.0,52.0,0.3,0.1,0.8,4.0,631.0,0.0,0.0,0.43423137876386686
18.0,10.0,1.0,0.3,0.1,0.8,4.0,628.0,0.0,0.0,0.43789808917197454
18.0,10.0,2.0,0.3,0.1,0.8,4.0,631.0,0.0,0.0,0.43423137876386686
18.0,10.0,3.0,0.3,0.1,0.8,4.0,627.0,0.0,0.0,0.43859649122807015
18.0,10.0,4.0,0.3,0.1,0.8,4.0,629.0,0.0,0.0,0.4356120826709062
18.0,10.0,5.0,0.3,0.1,0.8,4.0,627.0,0.0,0.0,0.43859649122807015
18.0,10.0,6.0,0.3,0.1,0.8,4.0,629.0,0.0,0.0,0.4356120826709062
18.0,10.0,7.0,0.3,0.1,0.8,4.0,627.0,0.0,0.0,0.43859649122807015
18.0,10.0,8.0,0.3,0.1,0.8,4.0,625.0,0.0,0.0,0.4352
18.0,10.0,9.0,0.3,0.1,0.8,4.0,624.0,0.0,0.0,0.4391025641025641
18.0,10.0,10.0,0.3,0.1,0.8,4.0,625.0,0.0,0.0,0.4352
18.0,10.0,11.0,0.3,0.1,0.8,4.0,620.0,0.0,0.0,0.43870967741935485
18.0,10.0,12.0,0.3,0.1,0.8,4.0,621.0,0.0,0.0,0.43800322061191627
18.0,10.0,13.0,0.3,0.1,0.8,4.0,618.0,0.0,0.0,0.4401294498381877
18.0,10.0,14.0,0.3,0.1,0.8,4.0,621.0,0.0,0.0,0.43800322061191627
18.0,10.0,15.0,0.3,0.1,0.8,4.0,619.0,0.0,0.0,0.4394184168012924
18.0,10.0,16.0,0.3,0.1,0.8,4.0,620.0,0.0,0.0,0.43870967741935485
18.0,10.0,17.0,0.3,0.1,0.8,4.0,620.0,0.0,0.0,0.43870967741935485
18.0,10.0,18.0,0.3,0.1,0.8,4.0,620.0,0.0,0.0,0.43870967741935485
18.0,10.0,19.0,0.3,0.1,0.8,4.0,619.0,0.0,0.0,0.4394184168012924
18.0,10.0,20.0,0.3,0.1,0.8,4.0,1085.0,0.0,0.0,0.22580645161290322
18.0,10.0,21.0,0.3,0.1,0.8,4.0,1028.0,0.0,0.0,0.23249027237354086
18.0,10.0,22.0,0.3,0.1,0.8,4.0,1035.0,0.0,0.0,0.22995169082125605
18.0,10.0,23.0,0.3,0.1,0.8,4.0,988.0,0.0,0.0,0.2388663967611336
18.0,10.0,24.0,0.3,0.1,0.8,4.0,968.0,0.0,0.0,0.2334710743801653
18.0,10.0,25.0,0.3,0.1,0.8,4.0,932.0,0.0,0.0,0.23927038626609443
18.0,10.0,26.0,0.3,0.1,0.8,4.0,938.0,0.0,0.0,0.23560767590618337
18.0,10.0,27.0,0.3,0.1,0.8,4.0,909.0,0.0,0.0,0.23982398239823982
18.0,10.0,28.0,0.3,0.1,0.8,4.0,892.0,0.0,0.0,0.23542600896860988
18.0,10.0,29.0,0.3,0.1,0.8,4.0,846.0,0.0,0.0,0.24231678486997635
18.0,10.0,30.0,0.3,0.1,0.8,4.0,819.0,0.0,0.0,0.24053724053724054
18.0,10.0,31.0,0.3,0.1,0.8,4.0,770.0,0.0,0.0,0.24935064935064935
18.0,10.0,32.0,0.3,0.1,0.8,4.0,771.0,0.0,0.0,0.245136186770428
18.0,10.0,33.0,0.3,0.1,0.8,4.0,759.0,0.0,0.0,0.25296442687747034
18.0,10.0,34.0,0.3,0.1,0.8,4.0,743.0,0.0,0.0,0.24764468371467024
18.0,10.0,35.0,0.3,0.1,0.8,4.0,722.0,0.0,0.0,0.2590027700831025
18.0,10.0,36.0,0.3,0.1,0.8,4.0,691.0,0.0,0.0,0.25615050651230103
18.0,10.0,37.0,0.3,0.1,0.8,4.0,694.0,0.0,0.0,0.2622478386167147
18.0,10.0,38.0,0.3,0.1,0.8,4.0,694.0,0.0,0.0,0.2564841498559078
18.0,10.0,39.0,0.3,0.1,0.8,4.0,697.0,0.0,0.0,0.26255380200860834
18.0,10.0,40.0,0.3,0.1,0.8,4.0,690.0,0.0,0.0,0.2565217391304348
18.0,10.0,41.0,0.3,0.1,0.8,4.0,686.0,0.0,0.0,0.26239067055393583
18.0,10.0,42.0,0.3,0.1,0.8,4.0,681.0,0.0,0.0,0.25697503671071953
18.0,10.0,43.0,0.3,0.1,0.8,4.0,683.0,0.0,0.0,0.2635431918008785
18.0,10.0,44.0,0.3,0.1,0.8,4.0,664.0,0.0,0.0,0.2605421686746988
18.0,10.0,45.0,0.3,0.1,0.8,4.0,674.0,0.0,0.0,0.41543026706231456
18.0,10.0,46.0,0.3,0.1,0.8,4.0,667.0,0.0,0.0,0.41379310344827586
18.0,10.0,47.0,0.3,0.1,0.8,4.0,673.0,0.0,0.0,0.4160475482912333
18.0,10.0,48.0,0.3,0.1,0.8,4.0,668.0,0.0,0.0,0.41317365269461076
18.0,10.0,49.0,0.3,0.1,0.8,4.0,673.0,0.0,0.0,0.4160475482912333
18.0,10.0,50.0,0.3,0.1,0.8,4.0,666.0,0.0,0.0,0.4144144144144144
18.0,10.0,51.0,0.3,0.1,0.8,4.0,674.0,0.0,0.0,0.4169139465875371
18.0,10.0,52.0,0.3,0.1,0.8,4.0,666.0,0.0,0.0,0.4144144144144144
19.0,1.0,1.0,0.3,0.1,0.8,4.0,5178.0,49.0,4.0,0.2906527616840479
19.0,1.0,2.0,0.3,0.1,0.8,4.0,5112.0,54.0,13.0,0.2912754303599374
19.0,1.0,3.0,0.3,0.1,0.8,4.0,4972.0,60.0,25.0,0.2910297666934835
19.0,1.0,4.0,0.3,0.1,0.8,4.0,4935.0,77.0,31.0,0.2899696048632219
19.0,1.0,5.0,0.3,0.1,0.8,4.0,4958.0,91.0,40.0,0.2902379991932231
19.0,1.0,6.0,0.3,0.1,0.8,4.0,4790.0,119.0,42.0,0.2906054279749478
19.0,1.0,7.0,0.3,0.1,0.8,4.0,4604.0,143.0,49.0,0.29083405734144224
19.0,1.0,8.0,0.3,0.1,0.8,4.0,4483.0,154.0,54.0,0.29422261878206557
19.0,1.0,9.0,0.3,0.1,0.8,4.0,4374.0,175.0,73.0,0.29446730681298583
19.0,1.0,10.0,0.3,0.1,0.8,4.0,4251.0,201.0,84.0,0.2961656080922136
19.0,1.0,11.0,0.3,0.1,0.8,4.0,4121.0,211.0,89.0,0.2972579471002184
19.0,1.0,12.0,0.3,0.1,0.8,4.0,3993.0,229.0,94.0,0.3002754820936639
19.0,1.0,13.0,0.3,0.1,0.8,4.0,3825.0,228.0,92.0,0.29908496732026146
19.0,1.0,14.0,0.3,0.1,0.8,4.0,3662.0,233.0,105.0,0.3022938285090115
19.0,1.0,15.0,0.3,0.1,0.8,4.0,3551.0,234.0,106.0,0.3032948465221065
19.0,1.0,16.0,0.3,0.1,0.8,4.0,3498.0,245.0,121.0,0.30874785591766724
19.0,1.0,17.0,0.3,0.1,0.8,4.0,3366.0,238.0,111.0,0.30897207367795604
19.0,1.0,18.0,0.3,0.1,0.8,4.0,3330.0,231.0,114.0,0.3174174174174174
19.0,1.0,19.0,0.3,0.1,0.8,4.0,3222.0,211.0,108.0,0.31750465549348234
19.0,1.0,20.0,0.3,0.1,0.8,4.0,6055.0,208.0,115.0,0.17060280759702726
19.0,1.0,21.0,0.3,0.1,0.8,4.0,5587.0,254.0,91.0,0.17146948272776089
19.0,1.0,22.0,0.3,0.1,0.8,4.0,5297.0,271.0,91.0,0.17708136681140269
19.0,1.0,23.0,0.3,0.1,0.8,4.0,5040.0,307.0,110.0,0.17976190476190476
19.0,1.0,24.0,0.3,0.1,0.8,4.0,4809.0,363.0,125.0,0.18299022665834894
19.0,1.0,25.0,0.3,0.1,0.8,4.0,4507.0,373.0,149.0,0.18437985356112713
19.0,1.0,26.0,0.3,0.1,0.8,4.0,4243.0,406.0,159.0,0.18925288710817817
19.0,1.0,27.0,0.3,0.1,0.8,4.0,4012.0,440.0,175.0,0.19416749750747755
19.0,1.0,28.0,0.3,0.1,0.8,4.0,3814.0,445.0,175.0,0.1995280545359203
19.0,1.0,29.0,0.3,0.1,0.8,4.0,3607.0,443.0,172.0,0.2062655946770169
19.0,1.0,30.0,0.3,0.1,0.8,4.0,3411.0,438.0,193.0,0.2102022867194371
19.0,1.0,31.0,0.3,0.1,0.8,4.0,3212.0,447.0,197.0,0.21855541718555418
19.0,1.0,32.0,0.3,0.1,0.8,4.0,3090.0,463.0,225.0,0.22233009708737864
19.0,1.0,33.0,0.3,0.1,0.8,4.0,2926.0,452.0,216.0,0.23137388926862612
19.0,1.0,34.0,0.3,0.1,0.8,4.0,2790.0,447.0,208.0,0.23835125448028674
19.0,1.0,35.0,0.3,0.1,0.8,4.0,2616.0,437.0,190.0,0.24694189602446484
19.0,1.0,36.0,0.3,0.1,0.8,4.0,2490.0,447.0,209.0,0.25502008032128515
19.0,1.0,37.0,0.3,0.1,0.8,4.0,2372.0,421.0,206.0,0.26349072512647553
19.0,1.0,38.0,0.3,0.1,0.8,4.0,2287.0,410.0,214.0,0.2710975076519458
19.0,1.0,39.0,0.3,0.1,0.8,4.0,2137.0,370.0,194.0,0.2901263453439401
19.0,1.0,40.0,0.3,0.1,0.8,4.0,2008.0,363.0,181.0,0.3002988047808765
19.0,1.0,41.0,0.3,0.1,0.8,4.0,1914.0,337.0,158.0,0.31191222570532917
19.0,1.0,42.0,0.3,0.1,0.8,4.0,1816.0,305.0,143.0,0.31938325991189426
19.0,1.0,43.0,0.3,0.1,0.8,4.0,1686.0,274.0,138.0,0.3386714116251483
19.0,1.0,44.0,0.3,0.1,0.8,4.0,1610.0,271.0,133.0,0.34720496894409936
19.0,1.0,45.0,0.3,0.1,0.8,4.0,1519.0,252.0,129.0,0.511520737327189
19.0,1.0,46.0,0.3,0.1,0.8,4.0,1463.0,220.0,118.0,0.5208475734791524
19.0,1.0,47.0,0.3,0.1,0.8,4.0,1375.0,194.0,109.0,0.5381818181818182
19.0,1.0,48.0,0.3,0.1,0.8,4.0,1322.0,161.0,84.0,0.5423600605143721
19.0,1.0,49.0,0.3,0.1,0.8,4.0,1248.0,140.0,77.0,0.5520833333333334
19.0,1.0,50.0,0.3,0.1,0.8,4.0,1222.0,118.0,62.0,0.5597381342062193
19.0,1.0,51.0,0.3,0.1,0.8,4.0,1190.0,112.0,69.0,0.5596638655462185
19.0,1.0,52.0,0.3,0.1,0.8,4.0,1162.0,103.0,59.0,0.5688468158347676
19.0,2.0,1.0,0.3,0.1,0.8,4.0,1128.0,93.0,58.0,0.5789007092198581
19.0,2.0,2.0,0.3,0.1,0.8,4.0,1106.0,81.0,41.0,0.5886075949367089
19.0,2.0,3.0,0.3,0.1,0.8,4.0,1075.0,72.0,37.0,0.5953488372093023
19.0,2.0,4.0,0.3,0.1,0.8,4.0,1050.0,61.0,32.0,0.6038095238095238
19.0,2.0,5.0,0.3,0.1,0.8,4.0,1028.0,58.0,37.0,0.6070038910505836
19.0,2.0,6.0,0.3,0.1,0.8,4.0,1007.0,51.0,34.0,0.6146971201588878
19.0,2.0,7.0,0.3,0.1,0.8,4.0,981.0,40.0,25.0,0.6218144750254841
19.0,2.0,8.0,0.3,0.1,0.8,4.0,961.0,32.0,22.0,0.6285119667013528
19.0,2.0,9.0,0.3,0.1,0.8,4.0,933.0,21.0,15.0,0.6345123258306538
19.0,2.0,10.0,0.3,0.1,0.8,4.0,931.0,23.0,14.0,0.6380236305048335
19.0,2.0,11.0,0.3,0.1,0.8,4.0,900.0,14.0,9.0,0.6433333333333333
19.0,2.0,12.0,0.3,0.1,0.8,4.0,902.0,11.0,7.0,0.6452328159645233
19.0,2.0,13.0,0.3,0.1,0.8,4.0,890.0,7.0,5.0,0.650561797752809
19.0,2.0,14.0,0.3,0.1,0.8,4.0,887.0,6.0,5.0,0.649379932356257
19.0,2.0,15.0,0.3,0.1,0.8,4.0,878.0,5.0,3.0,0.6503416856492027
19.0,2.0,16.0,0.3,0.1,0.8,4.0,871.0,3.0,1.0,0.6544202066590127
19.0,2.0,17.0,0.3,0.1,0.8,4.0,867.0,3.0,1.0,0.6528258362168397
19.0,2.0,18.0,0.3,0.1,0.8,4.0,861.0,3.0,2.0,0.6538908246225319
19.0,2.0,19.0,0.3,0.1,0.8,4.0,857.0,3.0,2.0,0.6511085180863477
19.0,2.0,20.0,0.3,0.1,0.8,4.0,1574.0,2.0,2.0,0.35324015247776364
19.0,2.0,21.0,0.3,0.1,0.8,4.0,1548.0,4.0,1.0,0.3546511627906977
19.0,2.0,22.0,0.3,0.1,0.8,4.0,1538.0,4.0,2.0,0.35370611183355005
19.0,2.0,23.0,0.3,0.1,0.8,4.0,1496.0,5.0,1.0,0.35762032085561496
19.0,2.0,24.0,0.3,0.1,0.8,4.0,1452.0,7.0,2.0,0.3526170798898072
19.0,2.0,25.0,0.3,0.1,0.8,4.0,1445.0,6.0,4.0,0.3543252595155709
19.0,2.0,26.0,0.3,0.1,0.8,4.0,1440.0,13.0,4.0,0.35208333333333336
19.0,2.0,27.0,0.3,0.1,0.8,4.0,1408.0,15.0,1.0,0.3458806818181818
19.0,2.0,28.0,0.3,0.1,0.8,4.0,1369.0,14.0,4.0,0.34842951059167276
19.0,2.0,29.0,0.3,0.1,0.8,4.0,1364.0,20.0,6.0,0.3467741935483871
19.0,2.0,30.0,0.3,0.1,0.8,4.0,1344.0,22.0,7.0,0.3474702380952381
19.0,2.0,31.0,0.3,0.1,0.8,4.0,1341.0,24.0,12.0,0.3497390007457122
19.0,2.0,32.0,0.3,0.1,0.8,4.0,1338.0,31.0,14.0,0.34902840059790735
19.0,2.0,33.0,0.3,0.1,0.8,4.0,1296.0,36.0,15.0,0.3549382716049383
19.0,2.0,34.0,0.3,0.1,0.8,4.0,1271.0,31.0,14.0,0.3556254917387884
19.0,2.0,35.0,0.3,0.1,0.8,4.0,1267.0,33.0,16.0,0.35516969218626676
19.0,2.0,36.0,0.3,0.1,0.8,4.0,1233.0,32.0,13.0,0.3584752635847526
19.0,2.0,37.0,0.3,0.1,0.8,4.0,1236.0,33.0,12.0,0.36003236245954695
19.0,2.0,38.0,0.3,0.1,0.8,4.0,1183.0,26.0,14.0,0.3643279797125951
19.0,2.0,39.0,0.3,0.1,0.8,4.0,1175.0,30.0,19.0,0.3651063829787234
19.0,2.0,40.0,0.3,0.1,0.8,4.0,1155.0,28.0,16.0,0.36623376623376624
19.0,2.0,41.0,0.3,0.1,0.8,4.0,1159.0,25.0,12.0,0.36755823986194996
19.0,2.0,42.0,0.3,0.1,0.8,4.0,1128.0,21.0,10.0,0.3723404255319149
19.0,2.0,43.0,0.3,0.1,0.8,4.0,1125.0,21.0,9.0,0.37244444444444447
19.0,2.0,44.0,0.3,0.1,0.8,4.0,1103.0,20.0,9.0,0.3744333635539438
19.0,2.0,45.0,0.3,0.1,0.8,4.0,1091.0,16.0,6.0,0.48762603116406966
19.0,2.0,46.0,0.3,0.1,0.8,4.0,1066.0,16.0,9.0,0.4915572232645403
19.0,2.0,47.0,0.3,0.1,0.8,4.0,1060.0,13.0,9.0,0.49245283018867925
19.0,2.0,48.0,0.3,0.1,0.8,4.0,1040.0,12.0,9.0,0.49423076923076925
19.0,2.0,49.0,0.3,0.1,0.8,4.0,1019.0,8.0,6.0,0.49067713444553485
19.0,2.0,50.0,0.3,0.1,0.8,4.0,1008.0,6.0,4.0,0.4871031746031746
19.0,2.0,51.0,0.3,0.1,0.8,4.0,1005.0,5.0,3.0,0.48756218905472637
19.0,2.0,52.0,0.3,0.1,0.8,4.0,995.0,4.0,3.0,0.48743718592964824
19.0,3.0,1.0,0.3,0.1,0.8,4.0,989.0,4.0,2.0,0.48938321536905965
19.0,3.0,2.0,0.3,0.1,0.8,4.0,966.0,3.0,1.0,0.4803312629399586
19.0,3.0,3.0,0.3,0.1,0.8,4.0,957.0,2.0,2.0,0.4785788923719958
19.0,3.0,4.0,0.3,0.1,0.8,4.0,933.0,2.0,2.0,0.4769560557341908
19.0,3.0,5.0,0.3,0.1,0.8,4.0,930.0,3.0,2.0,0.47419354838709676
19.0,3.0,6.0,0.3,0.1,0.8,4.0,920.0,1.0,0.0,0.47282608695652173
19.0,3.0,7.0,0.3,0.1,0.8,4.0,919.0,1.0,1.0,0.4722524483133841
19.0,3.0,8.0,0.3,0.1,0.8,4.0,892.0,2.0,1.0,0.47757847533632286
19.0,3.0,9.0,0.3,0.1,0.8,4.0,892.0,2.0,1.0,0.4742152466367713
19.0,3.0,10.0,0.3,0.1,0.8,4.0,884.0,0.0,0.0,0.47737556561085975
19.0,3.0,11.0,0.3,0.1,0.8,4.0,879.0,0.0,0.0,0.47554038680318544
19.0,3.0,12.0,0.3,0.1,0.8,4.0,876.0,0.0,0.0,0.476027397260274
19.0,3.0,13.0,0.3,0.1,0.8,4.0,873.0,0.0,0.0,0.4765177548682703
19.0,3.0,14.0,0.3,0.1,0.8,4.0,868.0,0.0,0.0,0.4769585253456221
19.0,3.0,15.0,0.3,0.1,0.8,4.0,862.0,0.0,0.0,0.47447795823665895
19.0,3.0,16.0,0.3,0.1,0.8,4.0,859.0,0.0,0.0,0.47729918509895225
19.0,3.0,17.0,0.3,0.1,0.8,4.0,854.0,0.0,0.0,0.47423887587822017
19.0,3.0,18.0,0.3,0.1,0.8,4.0,840.0,0.0,0.0,0.47619047619047616
19.0,3.0,19.0,0.3,0.1,0.8,4.0,824.0,0.0,0.0,0.47936893203883496
19.0,3.0,20.0,0.3,0.1,0.8,4.0,1467.0,0.0,0.0,0.2665303340149966
19.0,3.0,21.0,0.3,0.1,0.8,4.0,1406.0,0.0,0.0,0.26600284495021337
19.0,3.0,22.0,0.3,0.1,0.8,4.0,1413.0,0.0,0.0,0.2646850672328379
19.0,3.0,23.0,0.3,0.1,0.8,4.0,1366.0,0.0,0.0,0.26500732064421667
19.0,3.0,24.0,0.3,0.1,0.8,4.0,1344.0,0.0,0.0,0.26264880952380953
19.0,3.0,25.0,0.3,0.1,0.8,4.0,1309.0,0.0,0.0,0.26585179526355995
19.0,3.0,26.0,0.3,0.1,0.8,4.0,1301.0,0.0,0.0,0.26364335126825517
19.0,3.0,27.0,0.3,0.1,0.8,4.0,1219.0,0.0,0.0,0.2641509433962264
19.0,3.0,28.0,0.3,0.1,0.8,4.0,1200.0,0.0,0.0,0.2633333333333333
19.0,3.0,29.0,0.3,0.1,0.8,4.0,1136.0,0.0,0.0,0.2640845070422535
19.0,3.0,30.0,0.3,0.1,0.8,4.0,1137.0,0.0,0.0,0.2620932277924362
19.0,3.0,31.0,0.3,0.1,0.8,4.0,1097.0,0.0,0.0,0.2643573381950775
19.0,3.0,32.0,0.3,0.1,0.8,4.0,1095.0,0.0,0.0,0.2593607305936073
19.0,3.0,33.0,0.3,0.1,0.8,4.0,1077.0,0.0,0.0,0.26369545032497677
19.0,3.0,34.0,0.3,0.1,0.8,4.0,1057.0,0.0,0.0,0.2630085146641438
19.0,3.0,35.0,0.3,0.1,0.8,4.0,1008.0,0.0,0.0,0.26884920634920634
19.0,3.0,36.0,0.3,0.1,0.8,4.0,1023.0,0.0,0.0,0.26295210166177907
19.0,3.0,37.0,0.3,0.1,0.8,4.0,995.0,0.0,0.0,0.26733668341708544
19.0,3.0,38.0,0.3,0.1,0.8,4.0,1000.0,0.0,0.0,0.263
19.0,3.0,39.0,0.3,0.1,0.8,4.0,963.0,0.0,0.0,0.2720664589823468
19.0,3.0,40.0,0.3,0.1,0.8,4.0,965.0,0.0,0.0,0.2694300518134715
19.0,3.0,41.0,0.3,0.1,0.8,4.0,944.0,0.0,0.0,0.2669491525423729
19.0,3.0,42.0,0.3,0.1,0.8,4.0,946.0,0.0,0.0,0.26004228329809725
19.0,3.0,43.0,0.3,0.1,0.8,4.0,907.0,0.0,0.0,0.27122381477398017
19.0,3.0,44.0,0.3,0.1,0.8,4.0,900.0,0.0,0.0,0.26555555555555554
19.0,3.0,45.0,0.3,0.1,0.8,4.0,872.0,0.0,0.0,0.42660550458715596
19.0,3.0,46.0,0.3,0.1,0.8,4.0,859.0,0.0,0.0,0.42374854481955765
19.0,3.0,47.0,0.3,0.1,0.8,4.0,849.0,0.0,0.0,0.4275618374558304
19.0,3.0,48.0,0.3,0.1,0.8,4.0,856.0,0.0,0.0,0.42406542056074764
19.0,3.0,49.0,0.3,0.1,0.8,4.0,832.0,0.0,0.0,0.42788461538461536
19.0,3.0,50.0,0.3,0.1,0.8,4.0,836.0,0.0,0.0,0.41866028708133973
19.0,3.0,51.0,0.3,0.1,0.8,4.0,796.0,0.0,0.0,0.42336683417085424
19.0,3.0,52.0,0.3,0.1,0.8,4.0,788.0,0.0,0.0,0.41878172588832485
19.0,4.0,1.0,0.3,0.1,0.8,4.0,773.0,0.0,0.0,0.4230271668822768
19.0,4.0,2.0,0.3,0.1,0.8,4.0,763.0,0.0,0.0,0.41546526867627787
19.0,4.0,3.0,0.3,0.1,0.8,4.0,752.0,0.0,0.0,0.4228723404255319
19.0,4.0,4.0,0.3,0.1,0.8,4.0,725.0,0.0,0.0,0.41517241379310343
19.0,4.0,5.0,0.3,0.1,0.8,4.0,718.0,0.0,0.0,0.4192200557103064
19.0,4.0,6.0,0.3,0.1,0.8,4.0,705.0,0.0,0.0,0.41843971631205673
19.0,4.0,7.0,0.3,0.1,0.8,4.0,697.0,0.0,0.0,0.4261119081779053
19.0,4.0,8.0,0.3,0.1,0.8,4.0,681.0,0.0,0.0,0.42143906020558003
19.0,4.0,9.0,0.3,0.1,0.8,4.0,684.0,0.0,0.0,0.4269005847953216
19.0,4.0,10.0,0.3,0.1,0.8,4.0,665.0,0.0,0.0,0.4255639097744361
19.0,4.0,11.0,0.3,0.1,0.8,4.0,654.0,0.0,0.0,0.42966360856269115
19.0,4.0,12.0,0.3,0.1,0.8,4.0,631.0,0.0,0.0,0.42630744849445323
19.0,4.0,13.0,0.3,0.1,0.8,4.0,624.0,0.0,0.0,0.42948717948717946
19.0,4.0,14.0,0.3,0.1,0.8,4.0,615.0,0.0,0.0,0.424390243902439
19.0,4.0,15.0,0.3,0.1,0.8,4.0,616.0,0.0,0.0,0.42694805194805197
19.0,4.0,16.0,0.3,0.1,0.8,4.0,610.0,0.0,0.0,0.4278688524590164
19.0,4.0,17.0,0.3,0.1,0.8,4.0,613.0,0.0,0.0,0.4274061990212072
19.0,4.0,18.0,0.3,0.1,0.8,4.0,606.0,0.0,0.0,0.42574257425742573
19.0,4.0,19.0,0.3,0.1,0.8,4.0,607.0,0.0,0.0,0.42668863261943984
19.0,4.0,20.0,0.3,0.1,0.8,4.0,1096.0,0.0,0.0,0.23266423357664234
19.0,4.0,21.0,0.3,0.1,0.8,4.0,1045.0,0.0,0.0,0.24019138755980862
19.0,4.0,22.0,0.3,0.1,0.8,4.0,1028.0,0.0,0.0,0.24221789883268482
19.0,4.0,23.0,0.3,0.1,0.8,4.0,1028.0,0.0,0.0,0.24124513618677043
19.0,4.0,24.0,0.3,0.1,0.8,4.0,955.0,0.0,0.0,0.24712041884816754
19.0,4.0,25.0,0.3,0.1,0.8,4.0,968.0,0.0,0.0,0.24586776859504134
19.0,4.0,26.0,0.3,0.1,0.8,4.0,928.0,0.0,0.0,0.24568965517241378
19.0,4.0,27.0,0.3,0.1,0.8,4.0,924.0,0.0,0.0,0.24783549783549783
19.0,4.0,28.0,0.3,0.1,0.8,4.0,874.0,0.0,0.0,0.2471395881006865
19.0,4.0,29.0,0.3,0.1,0.8,4.0,859.0,0.0,0.0,0.24447031431897556
19.0,4.0,30.0,0.3,0.1,0.8,4.0,833.0,0.0,0.0,0.24489795918367346
19.0,4.0,31.0,0.3,0.1,0.8,4.0,835.0,0.0,0.0,0.24311377245508983
19.0,4.0,32.0,0.3,0.1,0.8,4.0,796.0,0.0,0.0,0.24748743718592964
19.0,4.0,33.0,0.3,0.1,0.8,4.0,765.0,0.0,0.0,0.2496732026143791
19.0,4.0,34.0,0.3,0.1,0.8,4.0,754.0,0.0,0.0,0.2506631299734748
19.0,4.0,35.0,0.3,0.1,0.8,4.0,762.0,0.0,0.0,0.24803149606299213
19.0,4.0,36.0,0.3,0.1,0.8,4.0,745.0,0.0,0.0,0.25100671140939596
19.0,4.0,37.0,0.3,0.1,0.8,4.0,753.0,0.0,0.0,0.249667994687915
19.0,4.0,38.0,0.3,0.1,0.8,4.0,738.0,0.0,0.0,0.25203252032520324
19.0,4.0,39.0,0.3,0.1,0.8,4.0,742.0,0.0,0.0,0.24663072776280323
19.0,4.0,40.0,0.3,0.1,0.8,4.0,731.0,0.0,0.0,0.24623803009575923
19.0,4.0,41.0,0.3,0.1,0.8,4.0,723.0,0.0,0.0,0.24066390041493776
19.0,4.0,42.0,0.3,0.1,0.8,4.0,697.0,0.0,0.0,0.24820659971305595
19.0,4.0,43.0,0.3,0.1,0.8,4.0,692.0,0.0,0.0,0.24132947976878613
19.0,4.0,44.0,0.3,0.1,0.8,4.0,650.0,0.0,0.0,0.24769230769230768
19.0,4.0,45.0,0.3,0.1,0.8,4.0,647.0,0.0,0.0,0.4281298299845441
19.0,4.0,46.0,0.3,0.1,0.8,4.0,630.0,0.0,0.0,0.42857142857142855
19.0,4.0,47.0,0.3,0.1,0.8,4.0,640.0,0.0,0.0,0.425
19.0,4.0,48.0,0.3,0.1,0.8,4.0,621.0,0.0,0.0,0.4251207729468599
19.0,4.0,49.0,0.3,0.1,0.8,4.0,632.0,0.0,0.0,0.41930379746835444
19.0,4.0,50.0,0.3,0.1,0.8,4.0,616.0,0.0,0.0,0.4237012987012987
19.0,4.0,51.0,0.3,0.1,0.8,4.0,626.0,0.0,0.0,0.4185303514376997
19.0,4.0,52.0,0.3,0.1,0.8,4.0,603.0,0.0,0.0,0.4228855721393035
19.0,5.0,1.0,0.3,0.1,0.8,4.0,588.0,0.0,0.0,0.4268707482993197
19.0,5.0,2.0,0.3,0.1,0.8,4.0,574.0,0.0,0.0,0.42334494773519166
19.0,5.0,3.0,0.3,0.1,0.8,4.0,578.0,0.0,0.0,0.42387543252595156
19.0,5.0,4.0,0.3,0.1,0.8,4.0,564.0,0.0,0.0,0.42730496453900707
19.0,5.0,5.0,0.3,0.1,0.8,4.0,557.0,0.0,0.0,0.42908438061041293
19.0,5.0,6.0,0.3,0.1,0.8,4.0,545.0,0.0,0.0,0.42935779816513764
19.0,5.0,7.0,0.3,0.1,0.8,4.0,550.0,0.0,0.0,0.4290909090909091
19.0,5.0,8.0,0.3,0.1,0.8,4.0,535.0,0.0,0.0,0.4373831775700935
19.0,5.0,9.0,0.3,0.1,0.8,4.0,536.0,0.0,0.0,0.44029850746268656
19.0,5.0,10.0,0.3,0.1,0.8,4.0,531.0,0.0,0.0,0.4406779661016949
19.0,5.0,11.0,0.3,0.1,0.8,4.0,533.0,0.0,0.0,0.44090056285178236
19.0,5.0,12.0,0.3,0.1,0.8,4.0,526.0,0.0,0.0,0.4429657794676806
19.0,5.0,13.0,0.3,0.1,0.8,4.0,514.0,0.0,0.0,0.4396887159533074
19.0,5.0,14.0,0.3,0.1,0.8,4.0,504.0,0.0,0.0,0.44047619047619047
19.0,5.0,15.0,0.3,0.1,0.8,4.0,509.0,0.0,0.0,0.4400785854616896
19.0,5.0,16.0,0.3,0.1,0.8,4.0,503.0,0.0,0.0,0.441351888667992
19.0,5.0,17.0,0.3,0.1,0.8,4.0,497.0,0.0,0.0,0.44064386317907445
19.0,5.0,18.0,0.3,0.1,0.8,4.0,491.0,0.0,0.0,0.4439918533604888
19.0,5.0,19.0,0.3,0.1,0.8,4.0,493.0,0.0,0.0,0.4421906693711968
19.0,5.0,20.0,0.3,0.1,0.8,4.0,935.0,0.0,0.0,0.2320855614973262
19.0,5.0,21.0,0.3,0.1,0.8,4.0,938.0,0.0,0.0,0.23134328358208955
19.0,5.0,22.0,0.3,0.1,0.8,4.0,907.0,0.0,0.0,0.237045203969129
19.0,5.0,23.0,0.3,0.1,0.8,4.0,896.0,0.0,0.0,0.23549107142857142
19.0,5.0,24.0,0.3,0.1,0.8,4.0,879.0,0.0,0.0,0.2366325369738339
19.0,5.0,25.0,0.3,0.1,0.8,4.0,847.0,0.0,0.0,0.2384887839433294
19.0,5.0,26.0,0.3,0.1,0.8,4.0,829.0,0.0,0.0,0.2376357056694813
19.0,5.0,27.0,0.3,0.1,0.8,4.0,796.0,0.0,0.0,0.23743718592964824
19.0,5.0,28.0,0.3,0.1,0.8,4.0,767.0,0.0,0.0,0.242503259452412
19.0,5.0,29.0,0.3,0.1,0.8,4.0,750.0,0.0,0.0,0.24533333333333332
19.0,5.0,30.0,0.3,0.1,0.8,4.0,714.0,0.0,0.0,0.2535014005602241
19.0,5.0,31.0,0.3,0.1,0.8,4.0,690.0,0.0,0.0,0.25072463768115943
19.0,5.0,32.0,0.3,0.1,0.8,4.0,675.0,0.0,0.0,0.25333333333333335
19.0,5.0,33.0,0.3,0.1,0.8,4.0,654.0,0.0,0.0,0.2492354740061162
19.0,5.0,34.0,0.3,0.1,0.8,4.0,652.0,0.0,0.0,0.2469325153374233
19.0,5.0,35.0,0.3,0.1,0.8,4.0,655.0,0.0,0.0,0.24427480916030533
19.0,5.0,36.0,0.3,0.1,0.8,4.0,630.0,0.0,0.0,0.24603174603174602
19.0,5.0,37.0,0.3,0.1,0.8,4.0,622.0,0.0,0.0,0.24437299035369775
19.0,5.0,38.0,0.3,0.1,0.8,4.0,611.0,0.0,0.0,0.24386252045826515
19.0,5.0,39.0,0.3,0.1,0.8,4.0,601.0,0.0,0.0,0.24459234608985025
19.0,5.0,40.0,0.3,0.1,0.8,4.0,580.0,0.0,0.0,0.24310344827586206
19.0,5.0,41.0,0.3,0.1,0.8,4.0,575.0,0.0,0.0,0.2417391304347826
19.0,5.0,42.0,0.3,0.1,0.8,4.0,573.0,0.0,0.0,0.2443280977312391
19.0,5.0,43.0,0.3,0.1,0.8,4.0,550.0,0.0,0.0,0.24727272727272728
19.0,5.0,44.0,0.3,0.1,0.8,4.0,550.0,0.0,0.0,0.24545454545454545
19.0,5.0,45.0,0.3,0.1,0.8,4.0,548.0,0.0,0.0,0.40145985401459855
19.0,5.0,46.0,0.3,0.1,0.8,4.0,530.0,0.0,0.0,0.4
19.0,5.0,47.0,0.3,0.1,0.8,4.0,528.0,0.0,0.0,0.4015151515151515
19.0,5.0,48.0,0.3,0.1,0.8,4.0,528.0,0.0,0.0,0.4015151515151515
19.0,5.0,49.0,0.3,0.1,0.8,4.0,514.0,0.0,0.0,0.40077821011673154
19.0,5.0,50.0,0.3,0.1,0.8,4.0,513.0,0.0,0.0,0.4015594541910331
19.0,5.0,51.0,0.3,0.1,0.8,4.0,511.0,0.0,0.0,0.40313111545988256
19.0,5.0,52.0,0.3,0.1,0.8,4.0,508.0,0.0,0.0,0.39960629921259844
19.0,6.0,1.0,0.3,0.1,0.8,4.0,504.0,0.0,0.0,0.39880952380952384
19.0,6.0,2.0,0.3,0.1,0.8,4.0,505.0,0.0,0.0,0.39801980198019804
19.0,6.0,3.0,0.3,0.1,0.8,4.0,500.0,0.0,0.0,0.4
19.0,6.0,4.0,0.3,0.1,0.8,4.0,500.0,0.0,0.0,0.396
19.0,6.0,5.0,0.3,0.1,0.8,4.0,497.0,0.0,0.0,0.3983903420523139
19.0,6.0,6.0,0.3,0.1,0.8,4.0,488.0,0.0,0.0,0.39959016393442626
19.0,6.0,7.0,0.3,0.1,0.8,4.0,480.0,0.0,0.0,0.4
19.0,6.0,8.0,0.3,0.1,0.8,4.0,483.0,0.0,0.0,0.3995859213250518
19.0,6.0,9.0,0.3,0.1,0.8,4.0,478.0,0.0,0.0,0.401673640167364
19.0,6.0,10.0,0.3,0.1,0.8,4.0,475.0,0.0,0.0,0.4063157894736842
19.0,6.0,11.0,0.3,0.1,0.8,4.0,461.0,0.0,0.0,0.403470715835141
19.0,6.0,12.0,0.3,0.1,0.8,4.0,461.0,0.0,0.0,0.403470715835141
19.0,6.0,13.0,0.3,0.1,0.8,4.0,456.0,0.0,0.0,0.40350877192982454
19.0,6.0,14.0,0.3,0.1,0.8,4.0,456.0,0.0,0.0,0.40789473684210525
19.0,6.0,15.0,0.3,0.1,0.8,4.0,451.0,0.0,0.0,0.4057649667405765
19.0,6.0,16.0,0.3,0.1,0.8,4.0,451.0,0.0,0.0,0.4079822616407982
19.0,6.0,17.0,0.3,0.1,0.8,4.0,445.0,0.0,0.0,0.4044943820224719
19.0,6.0,18.0,0.3,0.1,0.8,4.0,452.0,0.0,0.0,0.40707964601769914
19.0,6.0,19.0,0.3,0.1,0.8,4.0,442.0,0.0,0.0,0.40271493212669685
19.0,6.0,20.0,0.3,0.1,0.8,4.0,837.0,0.0,0.0,0.2078853046594982
19.0,6.0,21.0,0.3,0.1,0.8,4.0,828.0,0.0,0.0,0.20652173913043478
19.0,6.0,22.0,0.3,0.1,0.8,4.0,838.0,0.0,0.0,0.20763723150357996
19.0,6.0,23.0,0.3,0.1,0.8,4.0,827.0,0.0,0.0,0.2067714631197098
19.0,6.0,24.0,0.3,0.1,0.8,4.0,815.0,0.0,0.0,0.21226993865030674
19.0,6.0,25.0,0.3,0.1,0.8,4.0,779.0,0.0,0.0,0.2079589216944801
19.0,6.0,26.0,0.3,0.1,0.8,4.0,754.0,0.0,0.0,0.21220159151193635
19.0,6.0,27.0,0.3,0.1,0.8,4.0,748.0,0.0,0.0,0.21122994652406418
19.0,6.0,28.0,0.3,0.1,0.8,4.0,753.0,0.0,0.0,0.21248339973439576
19.0,6.0,29.0,0.3,0.1,0.8,4.0,749.0,0.0,0.0,0.2109479305740988
19.0,6.0,30.0,0.3,0.1,0.8,4.0,702.0,0.0,0.0,0.21937321937321938
19.0,6.0,31.0,0.3,0.1,0.8,4.0,671.0,0.0,0.0,0.22056631892697467
19.0,6.0,32.0,0.3,0.1,0.8,4.0,675.0,0.0,0.0,0.2222222222222222
19.0,6.0,33.0,0.3,0.1,0.8,4.0,671.0,0.0,0.0,0.22056631892697467
19.0,6.0,34.0,0.3,0.1,0.8,4.0,674.0,0.0,0.0,0.22255192878338279
19.0,6.0,35.0,0.3,0.1,0.8,4.0,660.0,0.0,0.0,0.2196969696969697
19.0,6.0,36.0,0.3,0.1,0.8,4.0,661.0,0.0,0.0,0.22239031770045387
19.0,6.0,37.0,0.3,0.1,0.8,4.0,657.0,0.0,0.0,0.2207001522070015
19.0,6.0,38.0,0.3,0.1,0.8,4.0,661.0,0.0,0.0,0.22239031770045387
19.0,6.0,39.0,0.3,0.1,0.8,4.0,630.0,0.0,0.0,0.2222222222222222
19.0,6.0,40.0,0.3,0.1,0.8,4.0,632.0,0.0,0.0,0.22468354430379747
19.0,6.0,41.0,0.3,0.1,0.8,4.0,631.0,0.0,0.0,0.22345483359746435
19.0,6.0,42.0,0.3,0.1,0.8,4.0,630.0,0.0,0.0,0.2222222222222222
19.0,6.0,43.0,0.3,0.1,0.8,4.0,616.0,0.0,0.0,0.22077922077922077
19.0,6.0,44.0,0.3,0.1,0.8,4.0,598.0,0.0,0.0,0.22742474916387959
19.0,6.0,45.0,0.3,0.1,0.8,4.0,576.0,0.0,0.0,0.4236111111111111
19.0,6.0,46.0,0.3,0.1,0.8,4.0,571.0,0.0,0.0,0.425569176882662
19.0,6.0,47.0,0.3,0.1,0.8,4.0,566.0,0.0,0.0,0.41872791519434627
19.0,6.0,48.0,0.3,0.1,0.8,4.0,554.0,0.0,0.0,0.4223826714801444
19.0,6.0,49.0,0.3,0.1,0.8,4.0,547.0,0.0,0.0,0.40950639853747717
19.0,6.0,50.0,0.3,0.1,0.8,4.0,543.0,0.0,0.0,0.4198895027624309
19.0,6.0,51.0,0.3,0.1,0.8,4.0,536.0,0.0,0.0,0.4048507462686567
19.0,6.0,52.0,0.3,0.1,0.8,4.0,533.0,0.0,0.0,0.41275797373358347
19.0,7.0,1.0,0.3,0.1,0.8,4.0,527.0,0.0,0.0,0.4060721062618596
19.0,7.0,2.0,0.3,0.1,0.8,4.0,527.0,0.0,0.0,0.4155597722960152
19.0,7.0,3.0,0.3,0.1,0.8,4.0,511.0,0.0,0.0,0.4050880626223092
19.0,7.0,4.0,0.3,0.1,0.8,4.0,511.0,0.0,0.0,0.41487279843444225
19.0,7.0,5.0,0.3,0.1,0.8,4.0,505.0,0.0,0.0,0.4079207920792079
19.0,7.0,6.0,0.3,0.1,0.8,4.0,506.0,0.0,0.0,0.41699604743083
19.0,7.0,7.0,0.3,0.1,0.8,4.0,503.0,0.0,0.0,0.40755467196819084
19.0,7.0,8.0,0.3,0.1,0.8,4.0,499.0,0.0,0.0,0.4168336673346693
19.0,7.0,9.0,0.3,0.1,0.8,4.0,492.0,0.0,0.0,0.4065040650406504
19.0,7.0,10.0,0.3,0.1,0.8,4.0,495.0,0.0,0.0,0.4101010101010101
19.0,7.0,11.0,0.3,0.1,0.8,4.0,488.0,0.0,0.0,0.4098360655737705
19.0,7.0,12.0,0.3,0.1,0.8,4.0,490.0,0.0,0.0,0.4122448979591837
19.0,7.0,13.0,0.3,0.1,0.8,4.0,484.0,0.0,0.0,0.4090909090909091
19.0,7.0,14.0,0.3,0.1,0.8,4.0,486.0,0.0,0.0,0.41358024691358025
19.0,7.0,15.0,0.3,0.1,0.8,4.0,480.0,0.0,0.0,0.41041666666666665
19.0,7.0,16.0,0.3,0.1,0.8,4.0,482.0,0.0,0.0,0.4149377593360996
19.0,7.0,17.0,0.3,0.1,0.8,4.0,480.0,0.0,0.0,0.41041666666666665
19.0,7.0,18.0,0.3,0.1,0.8,4.0,484.0,0.0,0.0,0.4132231404958678
19.0,7.0,19.0,0.3,0.1,0.8,4.0,478.0,0.0,0.0,0.4100418410041841
19.0,7.0,20.0,0.3,0.1,0.8,4.0,835.0,0.0,0.0,0.23952095808383234
19.0,7.0,21.0,0.3,0.1,0.8,4.0,826.0,0.0,0.0,0.23486682808716708
19.0,7.0,22.0,0.3,0.1,0.8,4.0,815.0,0.0,0.0,0.2392638036809816
19.0,7.0,23.0,0.3,0.1,0.8,4.0,799.0,0.0,0.0,0.23654568210262827
19.0,7.0,24.0,0.3,0.1,0.8,4.0,769.0,0.0,0.0,0.23797139141742524
19.0,7.0,25.0,0.3,0.1,0.8,4.0,739.0,0.0,0.0,0.2435723951285521
19.0,7.0,26.0,0.3,0.1,0.8,4.0,741.0,0.0,0.0,0.24561403508771928
19.0,7.0,27.0,0.3,0.1,0.8,4.0,703.0,0.0,0.0,0.24466571834992887
19.0,7.0,28.0,0.3,0.1,0.8,4.0,684.0,0.0,0.0,0.24853801169590642
19.0,7.0,29.0,0.3,0.1,0.8,4.0,679.0,0.0,0.0,0.24742268041237114
19.0,7.0,30.0,0.3,0.1,0.8,4.0,667.0,0.0,0.0,0.24737631184407796
19.0,7.0,31.0,0.3,0.1,0.8,4.0,666.0,0.0,0.0,0.24474474474474475
19.0,7.0,32.0,0.3,0.1,0.8,4.0,664.0,0.0,0.0,0.2469879518072289
19.0,7.0,33.0,0.3,0.1,0.8,4.0,665.0,0.0,0.0,0.24511278195488723
19.0,7.0,34.0,0.3,0.1,0.8,4.0,663.0,0.0,0.0,0.2473604826546003
19.0,7.0,35.0,0.3,0.1,0.8,4.0,663.0,0.0,0.0,0.24434389140271492
19.0,7.0,36.0,0.3,0.1,0.8,4.0,647.0,0.0,0.0,0.24884080370942813
19.0,7.0,37.0,0.3,0.1,0.8,4.0,647.0,0.0,0.0,0.2472952086553323
19.0,7.0,38.0,0.3,0.1,0.8,4.0,644.0,0.0,0.0,0.2484472049689441
19.0,7.0,39.0,0.3,0.1,0.8,4.0,641.0,0.0,0.0,0.24804992199687986
19.0,7.0,40.0,0.3,0.1,0.8,4.0,633.0,0.0,0.0,0.24960505529225907
19.0,7.0,41.0,0.3,0.1,0.8,4.0,637.0,0.0,0.0,0.24960753532182103
19.0,7.0,42.0,0.3,0.1,0.8,4.0,634.0,0.0,0.0,0.2476340694006309
19.0,7.0,43.0,0.3,0.1,0.8,4.0,636.0,0.0,0.0,0.24842767295597484
19.0,7.0,44.0,0.3,0.1,0.8,4.0,622.0,0.0,0.0,0.2491961414790997
19.0,7.0,45.0,0.3,0.1,0.8,4.0,626.0,0.0,0.0,0.4329073482428115
19.0,7.0,46.0,0.3,0.1,0.8,4.0,617.0,0.0,0.0,0.4359805510534846
19.0,7.0,47.0,0.3,0.1,0.8,4.0,614.0,0.0,0.0,0.43322475570032576
19.0,7.0,48.0,0.3,0.1,0.8,4.0,589.0,0.0,0.0,0.43463497453310695
19.0,7.0,49.0,0.3,0.1,0.8,4.0,596.0,0.0,0.0,0.4312080536912752
19.0,7.0,50.0,0.3,0.1,0.8,4.0,590.0,0.0,0.0,0.43559322033898307
19.0,7.0,51.0,0.3,0.1,0.8,4.0,589.0,0.0,0.0,0.42784380305602715
19.0,7.0,52.0,0.3,0.1,0.8,4.0,581.0,0.0,0.0,0.43201376936316693
19.0,8.0,1.0,0.3,0.1,0.8,4.0,580.0,0.0,0.0,0.42586206896551726
19.0,8.0,2.0,0.3,0.1,0.8,4.0,556.0,0.0,0.0,0.43345323741007197
19.0,8.0,3.0,0.3,0.1,0.8,4.0,554.0,0.0,0.0,0.427797833935018
19.0,8.0,4.0,0.3,0.1,0.8,4.0,549.0,0.0,0.0,0.4353369763205829
19.0,8.0,5.0,0.3,0.1,0.8,4.0,550.0,0.0,0.0,0.4290909090909091
19.0,8.0,6.0,0.3,0.1,0.8,4.0,547.0,0.0,0.0,0.43327239488117003
19.0,8.0,7.0,0.3,0.1,0.8,4.0,547.0,0.0,0.0,0.4259597806215722
19.0,8.0,8.0,0.3,0.1,0.8,4.0,543.0,0.0,0.0,0.43646408839779005
19.0,8.0,9.0,0.3,0.1,0.8,4.0,544.0,0.0,0.0,0.4264705882352941
19.0,8.0,10.0,0.3,0.1,0.8,4.0,541.0,0.0,0.0,0.43622920517560076
19.0,8.0,11.0,0.3,0.1,0.8,4.0,539.0,0.0,0.0,0.42857142857142855
19.0,8.0,12.0,0.3,0.1,0.8,4.0,538.0,0.0,0.0,0.4368029739776952
19.0,8.0,13.0,0.3,0.1,0.8,4.0,536.0,0.0,0.0,0.4291044776119403
19.0,8.0,14.0,0.3,0.1,0.8,4.0,513.0,0.0,0.0,0.4327485380116959
19.0,8.0,15.0,0.3,0.1,0.8,4.0,512.0,0.0,0.0,0.421875
19.0,8.0,16.0,0.3,0.1,0.8,4.0,502.0,0.0,0.0,0.42828685258964144
19.0,8.0,17.0,0.3,0.1,0.8,4.0,502.0,0.0,0.0,0.4163346613545817
19.0,8.0,18.0,0.3,0.1,0.8,4.0,502.0,0.0,0.0,0.42828685258964144
19.0,8.0,19.0,0.3,0.1,0.8,4.0,501.0,0.0,0.0,0.41916167664670656
19.0,8.0,20.0,0.3,0.1,0.8,4.0,893.0,0.0,0.0,0.24076147816349383
19.0,8.0,21.0,0.3,0.1,0.8,4.0,879.0,0.0,0.0,0.23321956769055746
19.0,8.0,22.0,0.3,0.1,0.8,4.0,864.0,0.0,0.0,0.24305555555555555
19.0,8.0,23.0,0.3,0.1,0.8,4.0,853.0,0.0,0.0,0.23563892145369286
19.0,8.0,24.0,0.3,0.1,0.8,4.0,817.0,0.0,0.0,0.2484700122399021
19.0,8.0,25.0,0.3,0.1,0.8,4.0,806.0,0.0,0.0,0.2369727047146402
19.0,8.0,26.0,0.3,0.1,0.8,4.0,759.0,0.0,0.0,0.2490118577075099
19.0,8.0,27.0,0.3,0.1,0.8,4.0,761.0,0.0,0.0,0.240473061760841
19.0,8.0,28.0,0.3,0.1,0.8,4.0,752.0,0.0,0.0,0.25132978723404253
19.0,8.0,29.0,0.3,0.1,0.8,4.0,756.0,0.0,0.0,0.24206349206349206
19.0,8.0,30.0,0.3,0.1,0.8,4.0,743.0,0.0,0.0,0.25168236877523553
19.0,8.0,31.0,0.3,0.1,0.8,4.0,734.0,0.0,0.0,0.2452316076294278
19.0,8.0,32.0,0.3,0.1,0.8,4.0,708.0,0.0,0.0,0.2570621468926554
19.0,8.0,33.0,0.3,0.1,0.8,4.0,711.0,0.0,0.0,0.24753867791842477
19.0,8.0,34.0,0.3,0.1,0.8,4.0,700.0,0.0,0.0,0.2557142857142857
19.0,8.0,35.0,0.3,0.1,0.8,4.0,700.0,0.0,0.0,0.24714285714285714
19.0,8.0,36.0,0.3,0.1,0.8,4.0,700.0,0.0,0.0,0.2557142857142857
19.0,8.0,37.0,0.3,0.1,0.8,4.0,689.0,0.0,0.0,0.251088534107402
19.0,8.0,38.0,0.3,0.1,0.8,4.0,673.0,0.0,0.0,0.2659732540861813
19.0,8.0,39.0,0.3,0.1,0.8,4.0,661.0,0.0,0.0,0.25718608169440244
19.0,8.0,40.0,0.3,0.1,0.8,4.0,663.0,0.0,0.0,0.2669683257918552
19.0,8.0,41.0,0.3,0.1,0.8,4.0,661.0,0.0,0.0,0.25718608169440244
19.0,8.0,42.0,0.3,0.1,0.8,4.0,663.0,0.0,0.0,0.2669683257918552
19.0,8.0,43.0,0.3,0.1,0.8,4.0,661.0,0.0,0.0,0.25718608169440244
19.0,8.0,44.0,0.3,0.1,0.8,4.0,663.0,0.0,0.0,0.2669683257918552
19.0,8.0,45.0,0.3,0.1,0.8,4.0,650.0,0.0,0.0,0.4107692307692308
19.0,8.0,46.0,0.3,0.1,0.8,4.0,652.0,0.0,0.0,0.42024539877300615
19.0,8.0,47.0,0.3,0.1,0.8,4.0,650.0,0.0,0.0,0.4107692307692308
19.0,8.0,48.0,0.3,0.1,0.8,4.0,651.0,0.0,0.0,0.42089093701996927
19.0,8.0,49.0,0.3,0.1,0.8,4.0,648.0,0.0,0.0,0.41203703703703703
19.0,8.0,50.0,0.3,0.1,0.8,4.0,653.0,0.0,0.0,0.41807044410413474
19.0,8.0,51.0,0.3,0.1,0.8,4.0,648.0,0.0,0.0,0.4104938271604938
19.0,8.0,52.0,0.3,0.1,0.8,4.0,652.0,0.0,0.0,0.4171779141104294
19.0,9.0,1.0,0.3,0.1,0.8,4.0,643.0,0.0,0.0,0.4105754276827372
19.0,9.0,2.0,0.3,0.1,0.8,4.0,651.0,0.0,0.0,0.4162826420890937
19.0,9.0,3.0,0.3,0.1,0.8,4.0,640.0,0.0,0.0,0.4125
19.0,9.0,4.0,0.3,0.1,0.8,4.0,646.0,0.0,0.0,0.4179566563467492
19.0,9.0,5.0,0.3,0.1,0.8,4.0,636.0,0.0,0.0,0.41509433962264153
19.0,9.0,6.0,0.3,0.1,0.8,4.0,641.0,0.0,0.0,0.41809672386895474
19.0,9.0,7.0,0.3,0.1,0.8,4.0,637.0,0.0,0.0,0.41444270015698587
19.0,9.0,8.0,0.3,0.1,0.8,4.0,637.0,0.0,0.0,0.4207221350078493
19.0,9.0,9.0,0.3,0.1,0.8,4.0,636.0,0.0,0.0,0.4166666666666667
19.0,9.0,10.0,0.3,0.1,0.8,4.0,631.0,0.0,0.0,0.4247226624405705
19.0,9.0,11.0,0.3,0.1,0.8,4.0,626.0,0.0,0.0,0.4185303514376997
19.0,9.0,12.0,0.3,0.1,0.8,4.0,622.0,0.0,0.0,0.42765273311897106
19.0,9.0,13.0,0.3,0.1,0.8,4.0,618.0,0.0,0.0,0.4223300970873786
19.0,9.0,14.0,0.3,0.1,0.8,4.0,619.0,0.0,0.0,0.4281098546042003
19.0,9.0,15.0,0.3,0.1,0.8,4.0,617.0,0.0,0.0,0.4213938411669368
19.0,9.0,16.0,0.3,0.1,0.8,4.0,616.0,0.0,0.0,0.42694805194805197
19.0,9.0,17.0,0.3,0.1,0.8,4.0,614.0,0.0,0.0,0.4234527687296417
19.0,9.0,18.0,0.3,0.1,0.8,4.0,615.0,0.0,0.0,0.4292682926829268
19.0,9.0,19.0,0.3,0.1,0.8,4.0,615.0,0.0,0.0,0.42276422764227645
19.0,9.0,20.0,0.3,0.1,0.8,4.0,1152.0,0.0,0.0,0.22743055555555555
19.0,9.0,21.0,0.3,0.1,0.8,4.0,1092.0,0.0,0.0,0.2326007326007326
19.0,9.0,22.0,0.3,0.1,0.8,4.0,1089.0,0.0,0.0,0.23507805325987144
19.0,9.0,23.0,0.3,0.1,0.8,4.0,1059.0,0.0,0.0,0.23512747875354106
19.0,9.0,24.0,0.3,0.1,0.8,4.0,1029.0,0.0,0.0,0.24295432458697766
19.0,9.0,25.0,0.3,0.1,0.8,4.0,1013.0,0.0,0.0,0.23988153998025666
19.0,9.0,26.0,0.3,0.1,0.8,4.0,990.0,0.0,0.0,0.24343434343434345
19.0,9.0,27.0,0.3,0.1,0.8,4.0,992.0,0.0,0.0,0.23891129032258066
19.0,9.0,28.0,0.3,0.1,0.8,4.0,979.0,0.0,0.0,0.24310520939734423
19.0,9.0,29.0,0.3,0.1,0.8,4.0,933.0,0.0,0.0,0.24115755627009647
19.0,9.0,30.0,0.3,0.1,0.8,4.0,922.0,0.0,0.0,0.2472885032537961
19.0,9.0,31.0,0.3,0.1,0.8,4.0,920.0,0.0,0.0,0.24347826086956523
19.0,9.0,32.0,0.3,0.1,0.8,4.0,908.0,0.0,0.0,0.24669603524229075
19.0,9.0,33.0,0.3,0.1,0.8,4.0,876.0,0.0,0.0,0.24771689497716895
19.0,9.0,34.0,0.3,0.1,0.8,4.0,864.0,0.0,0.0,0.25462962962962965
19.0,9.0,35.0,0.3,0.1,0.8,4.0,843.0,0.0,0.0,0.25504151838671413
19.0,9.0,36.0,0.3,0.1,0.8,4.0,832.0,0.0,0.0,0.26322115384615385
19.0,9.0,37.0,0.3,0.1,0.8,4.0,819.0,0.0,0.0,0.25396825396825395
19.0,9.0,38.0,0.3,0.1,0.8,4.0,798.0,0.0,0.0,0.2631578947368421
19.0,9.0,39.0,0.3,0.1,0.8,4.0,786.0,0.0,0.0,0.2608142493638677
19.0,9.0,40.0,0.3,0.1,0.8,4.0,775.0,0.0,0.0,0.2696774193548387
19.0,9.0,41.0,0.3,0.1,0.8,4.0,764.0,0.0,0.0,0.2630890052356021
19.0,9.0,42.0,0.3,0.1,0.8,4.0,753.0,0.0,0.0,0.27224435590969454
19.0,9.0,43.0,0.3,0.1,0.8,4.0,738.0,0.0,0.0,0.27100271002710025
19.0,9.0,44.0,0.3,0.1,0.8,4.0,704.0,0.0,0.0,0.28125
19.0,9.0,45.0,0.3,0.1,0.8,4.0,698.0,0.0,0.0,0.4269340974212034
19.0,9.0,46.0,0.3,0.1,0.8,4.0,689.0,0.0,0.0,0.432510885341074
19.0,9.0,47.0,0.3,0.1,0.8,4.0,686.0,0.0,0.0,0.4271137026239067
19.0,9.0,48.0,0.3,0.1,0.8,4.0,676.0,0.0,0.0,0.4334319526627219
19.0,9.0,49.0,0.3,0.1,0.8,4.0,688.0,0.0,0.0,0.42877906976744184
19.0,9.0,50.0,0.3,0.1,0.8,4.0,677.0,0.0,0.0,0.4327917282127031
19.0,9.0,51.0,0.3,0.1,0.8,4.0,682.0,0.0,0.0,0.42961876832844575
19.0,9.0,52.0,0.3,0.1,0.8,4.0,670.0,0.0,0.0,0.43283582089552236
19.0,10.0,1.0,0.3,0.1,0.8,4.0,681.0,0.0,0.0,0.42731277533039647
19.0,10.0,2.0,0.3,0.1,0.8,4.0,671.0,0.0,0.0,0.4336810730253353
19.0,10.0,3.0,0.3,0.1,0.8,4.0,681.0,0.0,0.0,0.42731277533039647
19.0,10.0,4.0,0.3,0.1,0.8,4.0,669.0,0.0,0.0,0.4349775784753363
19.0,10.0,5.0,0.3,0.1,0.8,4.0,677.0,0.0,0.0,0.4298375184638109
19.0,10.0,6.0,0.3,0.1,0.8,4.0,667.0,0.0,0.0,0.43478260869565216
19.0,10.0,7.0,0.3,0.1,0.8,4.0,676.0,0.0,0.0,0.4319526627218935
19.0,10.0,8.0,0.3,0.1,0.8,4.0,664.0,0.0,0.0,0.4367469879518072
19.0,10.0,9.0,0.3,0.1,0.8,4.0,665.0,0.0,0.0,0.4345864661654135
19.0,10.0,10.0,0.3,0.1,0.8,4.0,655.0,0.0,0.0,0.44122137404580153
19.0,10.0,11.0,0.3,0.1,0.8,4.0,661.0,0.0,0.0,0.43872919818456885
19.0,10.0,12.0,0.3,0.1,0.8,4.0,649.0,0.0,0.0,0.4453004622496148
19.0,10.0,13.0,0.3,0.1,0.8,4.0,656.0,0.0,0.0,0.4405487804878049
19.0,10.0,14.0,0.3,0.1,0.8,4.0,646.0,0.0,0.0,0.4473684210526316
19.0,10.0,15.0,0.3,0.1,0.8,4.0,657.0,0.0,0.0,0.441400304414003
19.0,10.0,16.0,0.3,0.1,0.8,4.0,646.0,0.0,0.0,0.4473684210526316
19.0,10.0,17.0,0.3,0.1,0.8,4.0,656.0,0.0,0.0,0.4420731707317073
19.0,10.0,18.0,0.3,0.1,0.8,4.0,647.0,0.0,0.0,0.44513137557959814
19.0,10.0,19.0,0.3,0.1,0.8,4.0,654.0,0.0,0.0,0.4418960244648318
19.0,10.0,20.0,0.3,0.1,0.8,4.0,1168.0,0.0,0.0,0.23544520547945205
19.0,10.0,21.0,0.3,0.1,0.8,4.0,1158.0,0.0,0.0,0.23316062176165803
19.0,10.0,22.0,0.3,0.1,0.8,4.0,1135.0,0.0,0.0,0.23788546255506607
19.0,10.0,23.0,0.3,0.1,0.8,4.0,1104.0,0.0,0.0,0.23641304347826086
19.0,10.0,24.0,0.3,0.1,0.8,4.0,1058.0,0.0,0.0,0.24196597353497165
19.0,10.0,25.0,0.3,0.1,0.8,4.0,1065.0,0.0,0.0,0.23943661971830985
19.0,10.0,26.0,0.3,0.1,0.8,4.0,1045.0,0.0,0.0,0.2430622009569378
19.0,10.0,27.0,0.3,0.1,0.8,4.0,1043.0,0.0,0.0,0.24161073825503357
19.0,10.0,28.0,0.3,0.1,0.8,4.0,993.0,0.0,0.0,0.2457200402819738
19.0,10.0,29.0,0.3,0.1,0.8,4.0,969.0,0.0,0.0,0.2435500515995872
19.0,10.0,30.0,0.3,0.1,0.8,4.0,966.0,0.0,0.0,0.2463768115942029
19.0,10.0,31.0,0.3,0.1,0.8,4.0,920.0,0.0,0.0,0.24565217391304348
19.0,10.0,32.0,0.3,0.1,0.8,4.0,891.0,0.0,0.0,0.250280583613917
19.0,10.0,33.0,0.3,0.1,0.8,4.0,872.0,0.0,0.0,0.2511467889908257
19.0,10.0,34.0,0.3,0.1,0.8,4.0,861.0,0.0,0.0,0.25667828106852497
19.0,10.0,35.0,0.3,0.1,0.8,4.0,857.0,0.0,0.0,0.25204200700116686
19.0,10.0,36.0,0.3,0.1,0.8,4.0,845.0,0.0,0.0,0.2579881656804734
19.0,10.0,37.0,0.3,0.1,0.8,4.0,819.0,0.0,0.0,0.2576312576312576
19.0,10.0,38.0,0.3,0.1,0.8,4.0,820.0,0.0,0.0,0.2621951219512195
19.0,10.0,39.0,0.3,0.1,0.8,4.0,818.0,0.0,0.0,0.25794621026894865
19.0,10.0,40.0,0.3,0.1,0.8,4.0,820.0,0.0,0.0,0.2621951219512195
19.0,10.0,41.0,0.3,0.1,0.8,4.0,818.0,0.0,0.0,0.25794621026894865
19.0,10.0,42.0,0.3,0.1,0.8,4.0,819.0,0.0,0.0,0.2612942612942613
19.0,10.0,43.0,0.3,0.1,0.8,4.0,816.0,0.0,0.0,0.25735294117647056
19.0,10.0,44.0,0.3,0.1,0.8,4.0,807.0,0.0,0.0,0.26270136307311026
19.0,10.0,45.0,0.3,0.1,0.8,4.0,781.0,0.0,0.0,0.4084507042253521
19.0,10.0,46.0,0.3,0.1,0.8,4.0,770.0,0.0,0.0,0.4103896103896104
19.0,10.0,47.0,0.3,0.1,0.8,4.0,769.0,0.0,0.0,0.4070221066319896
19.0,10.0,48.0,0.3,0.1,0.8,4.0,767.0,0.0,0.0,0.4106910039113429
19.0,10.0,49.0,0.3,0.1,0.8,4.0,768.0,0.0,0.0,0.40625
19.0,10.0,50.0,0.3,0.1,0.8,4.0,769.0,0.0,0.0,0.41092327698309494
19.0,10.0,51.0,0.3,0.1,0.8,4.0,755.0,0.0,0.0,0.40927152317880794
19.0,10.0,52.0,0.3,0.1,0.8,4.0,752.0,0.0,0.0,0.41356382978723405
20.0,1.0,1.0,0.3,0.1,0.8,4.0,5050.0,50.0,7.0,0.3097029702970297
20.0,1.0,2.0,0.3,0.1,0.8,4.0,5022.0,53.0,22.0,0.31083233771405816
20.0,1.0,3.0,0.3,0.1,0.8,4.0,4930.0,63.0,28.0,0.3099391480730223
20.0,1.0,4.0,0.3,0.1,0.8,4.0,4849.0,69.0,35.0,0.31140441328108887
20.0,1.0,5.0,0.3,0.1,0.8,4.0,4827.0,84.0,34.0,0.31303086803397556
20.0,1.0,6.0,0.3,0.1,0.8,4.0,4722.0,94.0,35.0,0.3119440914866582
20.0,1.0,7.0,0.3,0.1,0.8,4.0,4572.0,101.0,37.0,0.31299212598425197
20.0,1.0,8.0,0.3,0.1,0.8,4.0,4348.0,110.0,43.0,0.31324747010119597
20.0,1.0,9.0,0.3,0.1,0.8,4.0,4231.0,131.0,58.0,0.31458284093594896
20.0,1.0,10.0,0.3,0.1,0.8,4.0,4077.0,137.0,55.0,0.31714495952906546
20.0,1.0,11.0,0.3,0.1,0.8,4.0,3938.0,154.0,67.0,0.3197054342305739
20.0,1.0,12.0,0.3,0.1,0.8,4.0,3827.0,165.0,64.0,0.3221844787039457
20.0,1.0,13.0,0.3,0.1,0.8,4.0,3751.0,175.0,74.0,0.3239136230338576
20.0,1.0,14.0,0.3,0.1,0.8,4.0,3640.0,166.0,75.0,0.3260989010989011
20.0,1.0,15.0,0.3,0.1,0.8,4.0,3565.0,173.0,80.0,0.3267882187938289
20.0,1.0,16.0,0.3,0.1,0.8,4.0,3445.0,169.0,83.0,0.3300435413642961
20.0,1.0,17.0,0.3,0.1,0.8,4.0,3292.0,165.0,81.0,0.3353584447144593
20.0,1.0,18.0,0.3,0.1,0.8,4.0,3235.0,165.0,84.0,0.33632148377125193
20.0,1.0,19.0,0.3,0.1,0.8,4.0,3149.0,168.0,85.0,0.3407430930454112
20.0,1.0,20.0,0.3,0.1,0.8,4.0,5809.0,146.0,76.0,0.18195902909278705
20.0,1.0,21.0,0.3,0.1,0.8,4.0,5284.0,192.0,74.0,0.1860333080999243
20.0,1.0,22.0,0.3,0.1,0.8,4.0,4956.0,223.0,69.0,0.18926553672316385
20.0,1.0,23.0,0.3,0.1,0.8,4.0,4771.0,240.0,82.0,0.19262209180465312
20.0,1.0,24.0,0.3,0.1,0.8,4.0,4552.0,244.0,104.0,0.19749560632688928
20.0,1.0,25.0,0.3,0.1,0.8,4.0,4269.0,267.0,114.0,0.1979386273131881
20.0,1.0,26.0,0.3,0.1,0.8,4.0,4094.0,296.0,115.0,0.20224719101123595
20.0,1.0,27.0,0.3,0.1,0.8,4.0,3840.0,296.0,124.0,0.20572916666666666
20.0,1.0,28.0,0.3,0.1,0.8,4.0,3719.0,305.0,138.0,0.20973379940844314
20.0,1.0,29.0,0.3,0.1,0.8,4.0,3526.0,322.0,143.0,0.21554169030062392
20.0,1.0,30.0,0.3,0.1,0.8,4.0,3350.0,338.0,147.0,0.2208955223880597
20.0,1.0,31.0,0.3,0.1,0.8,4.0,3205.0,323.0,139.0,0.22558502340093603
20.0,1.0,32.0,0.3,0.1,0.8,4.0,3046.0,318.0,148.0,0.23440577806959947
20.0,1.0,33.0,0.3,0.1,0.8,4.0,2895.0,317.0,158.0,0.24041450777202072
20.0,1.0,34.0,0.3,0.1,0.8,4.0,2750.0,309.0,150.0,0.2469090909090909
20.0,1.0,35.0,0.3,0.1,0.8,4.0,2627.0,301.0,156.0,0.24819185382565664
20.0,1.0,36.0,0.3,0.1,0.8,4.0,2462.0,292.0,132.0,0.25913891145410234
20.0,1.0,37.0,0.3,0.1,0.8,4.0,2387.0,299.0,134.0,0.26518642647674906
20.0,1.0,38.0,0.3,0.1,0.8,4.0,2261.0,290.0,127.0,0.2755417956656347
20.0,1.0,39.0,0.3,0.1,0.8,4.0,2137.0,270.0,124.0,0.2840430510060833
20.0,1.0,40.0,0.3,0.1,0.8,4.0,2041.0,250.0,121.0,0.29152376286134246
20.0,1.0,41.0,0.3,0.1,0.8,4.0,1980.0,238.0,125.0,0.2994949494949495
20.0,1.0,42.0,0.3,0.1,0.8,4.0,1883.0,229.0,125.0,0.30855018587360594
20.0,1.0,43.0,0.3,0.1,0.8,4.0,1795.0,212.0,107.0,0.31977715877437324
20.0,1.0,44.0,0.3,0.1,0.8,4.0,1691.0,183.0,84.0,0.32998225901833234
20.0,1.0,45.0,0.3,0.1,0.8,4.0,1635.0,162.0,69.0,0.48807339449541287
20.0,1.0,46.0,0.3,0.1,0.8,4.0,1572.0,146.0,76.0,0.4955470737913486
20.0,1.0,47.0,0.3,0.1,0.8,4.0,1518.0,127.0,78.0,0.5079051383399209
20.0,1.0,48.0,0.3,0.1,0.8,4.0,1473.0,116.0,72.0,0.5091649694501018
20.0,1.0,49.0,0.3,0.1,0.8,4.0,1422.0,100.0,62.0,0.519690576652602
20.0,1.0,50.0,0.3,0.1,0.8,4.0,1384.0,80.0,47.0,0.5260115606936416
20.0,1.0,51.0,0.3,0.1,0.8,4.0,1335.0,70.0,40.0,0.5363295880149813
20.0,1.0,52.0,0.3,0.1,0.8,4.0,1300.0,57.0,29.0,0.5376923076923077
20.0,2.0,1.0,0.3,0.1,0.8,4.0,1267.0,52.0,26.0,0.5453827940015785
20.0,2.0,2.0,0.3,0.1,0.8,4.0,1255.0,47.0,25.0,0.5434262948207171
20.0,2.0,3.0,0.3,0.1,0.8,4.0,1218.0,39.0,27.0,0.5517241379310345
20.0,2.0,4.0,0.3,0.1,0.8,4.0,1214.0,38.0,23.0,0.5502471169686985
20.0,2.0,5.0,0.3,0.1,0.8,4.0,1176.0,32.0,18.0,0.5561224489795918
20.0,2.0,6.0,0.3,0.1,0.8,4.0,1160.0,25.0,11.0,0.5603448275862069
20.0,2.0,7.0,0.3,0.1,0.8,4.0,1147.0,25.0,12.0,0.5632083696599826
20.0,2.0,8.0,0.3,0.1,0.8,4.0,1130.0,22.0,12.0,0.5654867256637168
20.0,2.0,9.0,0.3,0.1,0.8,4.0,1116.0,18.0,11.0,0.5689964157706093
20.0,2.0,10.0,0.3,0.1,0.8,4.0,1098.0,14.0,9.0,0.5664845173041895
20.0,2.0,11.0,0.3,0.1,0.8,4.0,1087.0,13.0,7.0,0.5740570377184913
20.0,2.0,12.0,0.3,0.1,0.8,4.0,1074.0,10.0,5.0,0.5726256983240223
20.0,2.0,13.0,0.3,0.1,0.8,4.0,1066.0,8.0,5.0,0.5806754221388368
20.0,2.0,14.0,0.3,0.1,0.8,4.0,1063.0,10.0,5.0,0.5747883349012229
20.0,2.0,15.0,0.3,0.1,0.8,4.0,1049.0,13.0,4.0,0.5824594852240229
20.0,2.0,16.0,0.3,0.1,0.8,4.0,1046.0,13.0,6.0,0.5764818355640535
20.0,2.0,17.0,0.3,0.1,0.8,4.0,1037.0,13.0,5.0,0.5824493731918997
20.0,2.0,18.0,0.3,0.1,0.8,4.0,1026.0,18.0,9.0,0.5789473684210527
20.0,2.0,19.0,0.3,0.1,0.8,4.0,1013.0,16.0,7.0,0.5873642645607108
20.0,2.0,20.0,0.3,0.1,0.8,4.0,1879.0,18.0,7.0,0.31027142096860033
20.0,2.0,21.0,0.3,0.1,0.8,4.0,1806.0,24.0,9.0,0.3128460686600221
20.0,2.0,22.0,0.3,0.1,0.8,4.0,1748.0,41.0,7.0,0.3146453089244851
20.0,2.0,23.0,0.3,0.1,0.8,4.0,1709.0,33.0,12.0,0.3171445289643066
20.0,2.0,24.0,0.3,0.1,0.8,4.0,1655.0,42.0,16.0,0.3190332326283988
20.0,2.0,25.0,0.3,0.1,0.8,4.0,1630.0,59.0,22.0,0.3214723926380368
20.0,2.0,26.0,0.3,0.1,0.8,4.0,1594.0,56.0,26.0,0.3224592220828105
20.0,2.0,27.0,0.3,0.1,0.8,4.0,1542.0,44.0,22.0,0.32684824902723736
20.0,2.0,28.0,0.3,0.1,0.8,4.0,1500.0,41.0,19.0,0.32866666666666666
20.0,2.0,29.0,0.3,0.1,0.8,4.0,1484.0,41.0,22.0,0.32816711590296493
20.0,2.0,30.0,0.3,0.1,0.8,4.0,1424.0,35.0,21.0,0.3321629213483146
20.0,2.0,31.0,0.3,0.1,0.8,4.0,1411.0,35.0,27.0,0.3330970942593905
20.0,2.0,32.0,0.3,0.1,0.8,4.0,1372.0,30.0,18.0,0.3396501457725947
20.0,2.0,33.0,0.3,0.1,0.8,4.0,1335.0,30.0,15.0,0.3415730337078652
20.0,2.0,34.0,0.3,0.1,0.8,4.0,1295.0,22.0,9.0,0.3420849420849421
20.0,2.0,35.0,0.3,0.1,0.8,4.0,1285.0,20.0,9.0,0.3424124513618677
20.0,2.0,36.0,0.3,0.1,0.8,4.0,1259.0,21.0,14.0,0.3471008737092931
20.0,2.0,37.0,0.3,0.1,0.8,4.0,1230.0,20.0,14.0,0.34552845528455284
20.0,2.0,38.0,0.3,0.1,0.8,4.0,1195.0,16.0,9.0,0.3472803347280335
20.0,2.0,39.0,0.3,0.1,0.8,4.0,1166.0,10.0,4.0,0.34991423670668953
20.0,2.0,40.0,0.3,0.1,0.8,4.0,1132.0,12.0,5.0,0.35335689045936397
20.0,2.0,41.0,0.3,0.1,0.8,4.0,1116.0,10.0,5.0,0.35663082437275984
20.0,2.0,42.0,0.3,0.1,0.8,4.0,1076.0,9.0,6.0,0.3587360594795539
20.0,2.0,43.0,0.3,0.1,0.8,4.0,1048.0,9.0,5.0,0.3616412213740458
20.0,2.0,44.0,0.3,0.1,0.8,4.0,1027.0,7.0,5.0,0.3602726387536514
20.0,2.0,45.0,0.3,0.1,0.8,4.0,999.0,8.0,4.0,0.5005005005005005
20.0,2.0,46.0,0.3,0.1,0.8,4.0,994.0,8.0,3.0,0.5
20.0,2.0,47.0,0.3,0.1,0.8,4.0,972.0,7.0,2.0,0.5020576131687243
20.0,2.0,48.0,0.3,0.1,0.8,4.0,966.0,8.0,3.0,0.4979296066252588
20.0,2.0,49.0,0.3,0.1,0.8,4.0,943.0,7.0,5.0,0.4973488865323436
20.0,2.0,50.0,0.3,0.1,0.8,4.0,946.0,8.0,6.0,0.49682875264270615
20.0,2.0,51.0,0.3,0.1,0.8,4.0,926.0,5.0,4.0,0.49676025917926564
20.0,2.0,52.0,0.3,0.1,0.8,4.0,925.0,3.0,2.0,0.5005405405405405
20.0,3.0,1.0,0.3,0.1,0.8,4.0,905.0,3.0,2.0,0.4994475138121547
20.0,3.0,2.0,0.3,0.1,0.8,4.0,905.0,3.0,1.0,0.5016574585635359
20.0,3.0,3.0,0.3,0.1,0.8,4.0,892.0,3.0,2.0,0.49887892376681614
20.0,3.0,4.0,0.3,0.1,0.8,4.0,895.0,3.0,2.0,0.5027932960893855
20.0,3.0,5.0,0.3,0.1,0.8,4.0,871.0,4.0,2.0,0.49942594718714123
20.0,3.0,6.0,0.3,0.1,0.8,4.0,870.0,3.0,1.0,0.49885057471264366
20.0,3.0,7.0,0.3,0.1,0.8,4.0,857.0,2.0,1.0,0.49474912485414235
20.0,3.0,8.0,0.3,0.1,0.8,4.0,850.0,2.0,2.0,0.4976470588235294
20.0,3.0,9.0,0.3,0.1,0.8,4.0,839.0,3.0,2.0,0.4958283671036949
20.0,3.0,10.0,0.3,0.1,0.8,4.0,825.0,2.0,0.0,0.49696969696969695
20.0,3.0,11.0,0.3,0.1,0.8,4.0,814.0,2.0,0.0,0.4963144963144963
20.0,3.0,12.0,0.3,0.1,0.8,4.0,814.0,2.0,0.0,0.4963144963144963
20.0,3.0,13.0,0.3,0.1,0.8,4.0,805.0,2.0,2.0,0.49440993788819876
20.0,3.0,14.0,0.3,0.1,0.8,4.0,804.0,2.0,2.0,0.4925373134328358
20.0,3.0,15.0,0.3,0.1,0.8,4.0,796.0,2.0,2.0,0.49246231155778897
20.0,3.0,16.0,0.3,0.1,0.8,4.0,795.0,2.0,0.0,0.49433962264150944
20.0,3.0,17.0,0.3,0.1,0.8,4.0,773.0,2.0,0.0,0.49676584734799484
20.0,3.0,18.0,0.3,0.1,0.8,4.0,757.0,2.0,0.0,0.49273447820343463
20.0,3.0,19.0,0.3,0.1,0.8,4.0,757.0,2.0,2.0,0.49273447820343463
20.0,3.0,20.0,0.3,0.1,0.8,4.0,1361.0,5.0,2.0,0.2733284349742836
20.0,3.0,21.0,0.3,0.1,0.8,4.0,1302.0,3.0,0.0,0.271889400921659
20.0,3.0,22.0,0.3,0.1,0.8,4.0,1300.0,3.0,1.0,0.27
20.0,3.0,23.0,0.3,0.1,0.8,4.0,1253.0,5.0,1.0,0.26975259377494015
20.0,3.0,24.0,0.3,0.1,0.8,4.0,1223.0,7.0,2.0,0.26655764513491415
20.0,3.0,25.0,0.3,0.1,0.8,4.0,1189.0,7.0,3.0,0.2691337258200168
20.0,3.0,26.0,0.3,0.1,0.8,4.0,1144.0,8.0,5.0,0.2762237762237762
20.0,3.0,27.0,0.3,0.1,0.8,4.0,1132.0,10.0,4.0,0.2747349823321555
20.0,3.0,28.0,0.3,0.1,0.8,4.0,1096.0,6.0,1.0,0.2773722627737226
20.0,3.0,29.0,0.3,0.1,0.8,4.0,1089.0,6.0,3.0,0.27823691460055094
20.0,3.0,30.0,0.3,0.1,0.8,4.0,1043.0,8.0,4.0,0.2799616490891659
20.0,3.0,31.0,0.3,0.1,0.8,4.0,1026.0,8.0,5.0,0.2777777777777778
20.0,3.0,32.0,0.3,0.1,0.8,4.0,993.0,7.0,3.0,0.27895266868076535
20.0,3.0,33.0,0.3,0.1,0.8,4.0,981.0,6.0,4.0,0.2823649337410805
20.0,3.0,34.0,0.3,0.1,0.8,4.0,965.0,4.0,2.0,0.28082901554404144
20.0,3.0,35.0,0.3,0.1,0.8,4.0,948.0,6.0,2.0,0.27742616033755274
20.0,3.0,36.0,0.3,0.1,0.8,4.0,916.0,6.0,2.0,0.2816593886462882
20.0,3.0,37.0,0.3,0.1,0.8,4.0,907.0,6.0,4.0,0.2822491730981257
20.0,3.0,38.0,0.3,0.1,0.8,4.0,886.0,6.0,4.0,0.28216704288939054
20.0,3.0,39.0,0.3,0.1,0.8,4.0,880.0,8.0,2.0,0.28295454545454546
20.0,3.0,40.0,0.3,0.1,0.8,4.0,844.0,2.0,0.0,0.28080568720379145
20.0,3.0,41.0,0.3,0.1,0.8,4.0,815.0,2.0,1.0,0.2846625766871166
20.0,3.0,42.0,0.3,0.1,0.8,4.0,797.0,2.0,1.0,0.2860727728983689
20.0,3.0,43.0,0.3,0.1,0.8,4.0,793.0,2.0,2.0,0.2837326607818411
20.0,3.0,44.0,0.3,0.1,0.8,4.0,767.0,1.0,1.0,0.28552803129074317
20.0,3.0,45.0,0.3,0.1,0.8,4.0,762.0,2.0,1.0,0.44881889763779526
20.0,3.0,46.0,0.3,0.1,0.8,4.0,757.0,1.0,1.0,0.4464993394980185
20.0,3.0,47.0,0.3,0.1,0.8,4.0,733.0,3.0,1.0,0.4461118690313779
20.0,3.0,48.0,0.3,0.1,0.8,4.0,733.0,4.0,3.0,0.44474761255115963
20.0,3.0,49.0,0.3,0.1,0.8,4.0,719.0,3.0,2.0,0.4478442280945758
20.0,3.0,50.0,0.3,0.1,0.8,4.0,708.0,1.0,1.0,0.4435028248587571
20.0,3.0,51.0,0.3,0.1,0.8,4.0,692.0,0.0,0.0,0.44942196531791906
20.0,3.0,52.0,0.3,0.1,0.8,4.0,694.0,0.0,0.0,0.43948126801152737
20.0,4.0,1.0,0.3,0.1,0.8,4.0,681.0,0.0,0.0,0.4419970631424376
20.0,4.0,2.0,0.3,0.1,0.8,4.0,684.0,0.0,0.0,0.4371345029239766
20.0,4.0,3.0,0.3,0.1,0.8,4.0,674.0,0.0,0.0,0.4406528189910979
20.0,4.0,4.0,0.3,0.1,0.8,4.0,676.0,0.0,0.0,0.4363905325443787
20.0,4.0,5.0,0.3,0.1,0.8,4.0,670.0,0.0,0.0,0.4373134328358209
20.0,4.0,6.0,0.3,0.1,0.8,4.0,673.0,0.0,0.0,0.43536404160475484
20.0,4.0,7.0,0.3,0.1,0.8,4.0,668.0,0.0,0.0,0.437125748502994
20.0,4.0,8.0,0.3,0.1,0.8,4.0,652.0,0.0,0.0,0.43558282208588955
20.0,4.0,9.0,0.3,0.1,0.8,4.0,627.0,0.0,0.0,0.43859649122807015
20.0,4.0,10.0,0.3,0.1,0.8,4.0,626.0,0.0,0.0,0.4329073482428115
20.0,4.0,11.0,0.3,0.1,0.8,4.0,595.0,0.0,0.0,0.43529411764705883
20.0,4.0,12.0,0.3,0.1,0.8,4.0,597.0,0.0,0.0,0.4338358458961474
20.0,4.0,13.0,0.3,0.1,0.8,4.0,592.0,0.0,0.0,0.4358108108108108
20.0,4.0,14.0,0.3,0.1,0.8,4.0,579.0,0.0,0.0,0.4283246977547496
20.0,4.0,15.0,0.3,0.1,0.8,4.0,564.0,0.0,0.0,0.4379432624113475
20.0,4.0,16.0,0.3,0.1,0.8,4.0,563.0,0.0,0.0,0.43161634103019536
20.0,4.0,17.0,0.3,0.1,0.8,4.0,559.0,0.0,0.0,0.4347048300536673
20.0,4.0,18.0,0.3,0.1,0.8,4.0,560.0,0.0,0.0,0.4303571428571429
20.0,4.0,19.0,0.3,0.1,0.8,4.0,557.0,0.0,0.0,0.43087971274685816
20.0,4.0,20.0,0.3,0.1,0.8,4.0,1007.0,0.0,0.0,0.23733862959285004
20.0,4.0,21.0,0.3,0.1,0.8,4.0,1011.0,0.0,0.0,0.23738872403560832
20.0,4.0,22.0,0.3,0.1,0.8,4.0,994.0,0.0,0.0,0.23843058350100604
20.0,4.0,23.0,0.3,0.1,0.8,4.0,987.0,0.0,0.0,0.23708206686930092
20.0,4.0,24.0,0.3,0.1,0.8,4.0,938.0,0.0,0.0,0.23773987206823027
20.0,4.0,25.0,0.3,0.1,0.8,4.0,918.0,0.0,0.0,0.23965141612200436
20.0,4.0,26.0,0.3,0.1,0.8,4.0,904.0,0.0,0.0,0.23893805309734514
20.0,4.0,27.0,0.3,0.1,0.8,4.0,862.0,0.0,0.0,0.2459396751740139
20.0,4.0,28.0,0.3,0.1,0.8,4.0,860.0,0.0,0.0,0.24767441860465117
20.0,4.0,29.0,0.3,0.1,0.8,4.0,850.0,0.0,0.0,0.2447058823529412
20.0,4.0,30.0,0.3,0.1,0.8,4.0,827.0,0.0,0.0,0.25151148730350664
20.0,4.0,31.0,0.3,0.1,0.8,4.0,772.0,0.0,0.0,0.24870466321243523
20.0,4.0,32.0,0.3,0.1,0.8,4.0,761.0,0.0,0.0,0.2457293035479632
20.0,4.0,33.0,0.3,0.1,0.8,4.0,752.0,0.0,0.0,0.25
20.0,4.0,34.0,0.3,0.1,0.8,4.0,724.0,0.0,0.0,0.2513812154696133
20.0,4.0,35.0,0.3,0.1,0.8,4.0,723.0,0.0,0.0,0.2544951590594744
20.0,4.0,36.0,0.3,0.1,0.8,4.0,720.0,0.0,0.0,0.25277777777777777
20.0,4.0,37.0,0.3,0.1,0.8,4.0,707.0,0.0,0.0,0.2545968882602546
20.0,4.0,38.0,0.3,0.1,0.8,4.0,694.0,0.0,0.0,0.24927953890489912
20.0,4.0,39.0,0.3,0.1,0.8,4.0,689.0,0.0,0.0,0.251088534107402
20.0,4.0,40.0,0.3,0.1,0.8,4.0,664.0,0.0,0.0,0.25301204819277107
20.0,4.0,41.0,0.3,0.1,0.8,4.0,650.0,0.0,0.0,0.2569230769230769
20.0,4.0,42.0,0.3,0.1,0.8,4.0,639.0,0.0,0.0,0.2519561815336463
20.0,4.0,43.0,0.3,0.1,0.8,4.0,634.0,0.0,0.0,0.2476340694006309
20.0,4.0,44.0,0.3,0.1,0.8,4.0,629.0,0.0,0.0,0.25119236883942764
20.0,4.0,45.0,0.3,0.1,0.8,4.0,635.0,0.0,0.0,0.415748031496063
20.0,4.0,46.0,0.3,0.1,0.8,4.0,625.0,0.0,0.0,0.4192
20.0,4.0,47.0,0.3,0.1,0.8,4.0,630.0,0.0,0.0,0.4142857142857143
20.0,4.0,48.0,0.3,0.1,0.8,4.0,619.0,0.0,0.0,0.4184168012924071
20.0,4.0,49.0,0.3,0.1,0.8,4.0,625.0,0.0,0.0,0.416
20.0,4.0,50.0,0.3,0.1,0.8,4.0,609.0,0.0,0.0,0.41707717569786534
20.0,4.0,51.0,0.3,0.1,0.8,4.0,616.0,0.0,0.0,0.4155844155844156
20.0,4.0,52.0,0.3,0.1,0.8,4.0,600.0,0.0,0.0,0.415
20.0,5.0,1.0,0.3,0.1,0.8,4.0,604.0,0.0,0.0,0.41721854304635764
20.0,5.0,2.0,0.3,0.1,0.8,4.0,597.0,0.0,0.0,0.4154103852596315
20.0,5.0,3.0,0.3,0.1,0.8,4.0,600.0,0.0,0.0,0.415
20.0,5.0,4.0,0.3,0.1,0.8,4.0,592.0,0.0,0.0,0.41216216216216217
20.0,5.0,5.0,0.3,0.1,0.8,4.0,595.0,0.0,0.0,0.4151260504201681
20.0,5.0,6.0,0.3,0.1,0.8,4.0,588.0,0.0,0.0,0.41156462585034015
20.0,5.0,7.0,0.3,0.1,0.8,4.0,593.0,0.0,0.0,0.4131534569983137
20.0,5.0,8.0,0.3,0.1,0.8,4.0,571.0,0.0,0.0,0.4133099824868651
20.0,5.0,9.0,0.3,0.1,0.8,4.0,575.0,0.0,0.0,0.41391304347826086
20.0,5.0,10.0,0.3,0.1,0.8,4.0,567.0,0.0,0.0,0.4126984126984127
20.0,5.0,11.0,0.3,0.1,0.8,4.0,568.0,0.0,0.0,0.4154929577464789
20.0,5.0,12.0,0.3,0.1,0.8,4.0,565.0,0.0,0.0,0.415929203539823
20.0,5.0,13.0,0.3,0.1,0.8,4.0,566.0,0.0,0.0,0.4169611307420495
20.0,5.0,14.0,0.3,0.1,0.8,4.0,564.0,0.0,0.0,0.4148936170212766
20.0,5.0,15.0,0.3,0.1,0.8,4.0,562.0,0.0,0.0,0.41459074733096085
20.0,5.0,16.0,0.3,0.1,0.8,4.0,550.0,0.0,0.0,0.41818181818181815
20.0,5.0,17.0,0.3,0.1,0.8,4.0,550.0,0.0,0.0,0.41818181818181815
20.0,5.0,18.0,0.3,0.1,0.8,4.0,546.0,0.0,0.0,0.4157509157509158
20.0,5.0,19.0,0.3,0.1,0.8,4.0,546.0,0.0,0.0,0.4157509157509158
20.0,5.0,20.0,0.3,0.1,0.8,4.0,980.0,0.0,0.0,0.22755102040816327
20.0,5.0,21.0,0.3,0.1,0.8,4.0,954.0,0.0,0.0,0.22746331236897274
20.0,5.0,22.0,0.3,0.1,0.8,4.0,906.0,0.0,0.0,0.22847682119205298
20.0,5.0,23.0,0.3,0.1,0.8,4.0,856.0,0.0,0.0,0.2324766355140187
20.0,5.0,24.0,0.3,0.1,0.8,4.0,758.0,0.0,0.0,0.24274406332453827
20.0,5.0,25.0,0.3,0.1,0.8,4.0,752.0,0.0,0.0,0.24335106382978725
20.0,5.0,26.0,0.3,0.1,0.8,4.0,739.0,0.0,0.0,0.2449255751014885
20.0,5.0,27.0,0.3,0.1,0.8,4.0,749.0,0.0,0.0,0.2416555407209613
20.0,5.0,28.0,0.3,0.1,0.8,4.0,738.0,0.0,0.0,0.24390243902439024
20.0,5.0,29.0,0.3,0.1,0.8,4.0,725.0,0.0,0.0,0.24413793103448275
20.0,5.0,30.0,0.3,0.1,0.8,4.0,701.0,0.0,0.0,0.24679029957203993
20.0,5.0,31.0,0.3,0.1,0.8,4.0,707.0,0.0,0.0,0.24611032531824611
20.0,5.0,32.0,0.3,0.1,0.8,4.0,680.0,0.0,0.0,0.2529411764705882
20.0,5.0,33.0,0.3,0.1,0.8,4.0,688.0,0.0,0.0,0.25
20.0,5.0,34.0,0.3,0.1,0.8,4.0,670.0,0.0,0.0,0.25223880597014925
20.0,5.0,35.0,0.3,0.1,0.8,4.0,671.0,0.0,0.0,0.2518628912071535
20.0,5.0,36.0,0.3,0.1,0.8,4.0,645.0,0.0,0.0,0.2558139534883721
20.0,5.0,37.0,0.3,0.1,0.8,4.0,652.0,0.0,0.0,0.25306748466257667
20.0,5.0,38.0,0.3,0.1,0.8,4.0,640.0,0.0,0.0,0.2578125
20.0,5.0,39.0,0.3,0.1,0.8,4.0,626.0,0.0,0.0,0.26038338658146964
20.0,5.0,40.0,0.3,0.1,0.8,4.0,610.0,0.0,0.0,0.260655737704918
20.0,5.0,41.0,0.3,0.1,0.8,4.0,614.0,0.0,0.0,0.25895765472312704
20.0,5.0,42.0,0.3,0.1,0.8,4.0,603.0,0.0,0.0,0.2603648424543947
20.0,5.0,43.0,0.3,0.1,0.8,4.0,607.0,0.0,0.0,0.257001647446458
20.0,5.0,44.0,0.3,0.1,0.8,4.0,600.0,0.0,0.0,0.26166666666666666
20.0,5.0,45.0,0.3,0.1,0.8,4.0,587.0,0.0,0.0,0.43270868824531517
20.0,5.0,46.0,0.3,0.1,0.8,4.0,578.0,0.0,0.0,0.43252595155709345
20.0,5.0,47.0,0.3,0.1,0.8,4.0,576.0,0.0,0.0,0.4270833333333333
20.0,5.0,48.0,0.3,0.1,0.8,4.0,564.0,0.0,0.0,0.4308510638297872
20.0,5.0,49.0,0.3,0.1,0.8,4.0,557.0,0.0,0.0,0.42908438061041293
20.0,5.0,50.0,0.3,0.1,0.8,4.0,549.0,0.0,0.0,0.42805100182149364
20.0,5.0,51.0,0.3,0.1,0.8,4.0,550.0,0.0,0.0,0.4254545454545455
20.0,5.0,52.0,0.3,0.1,0.8,4.0,541.0,0.0,0.0,0.4269870609981516
20.0,6.0,1.0,0.3,0.1,0.8,4.0,542.0,0.0,0.0,0.42435424354243545
20.0,6.0,2.0,0.3,0.1,0.8,4.0,537.0,0.0,0.0,0.4264432029795158
20.0,6.0,3.0,0.3,0.1,0.8,4.0,539.0,0.0,0.0,0.4230055658627087
20.0,6.0,4.0,0.3,0.1,0.8,4.0,535.0,0.0,0.0,0.42429906542056073
20.0,6.0,5.0,0.3,0.1,0.8,4.0,535.0,0.0,0.0,0.42429906542056073
20.0,6.0,6.0,0.3,0.1,0.8,4.0,530.0,0.0,0.0,0.42452830188679247
20.0,6.0,7.0,0.3,0.1,0.8,4.0,519.0,0.0,0.0,0.4277456647398844
20.0,6.0,8.0,0.3,0.1,0.8,4.0,499.0,0.0,0.0,0.4288577154308617
20.0,6.0,9.0,0.3,0.1,0.8,4.0,502.0,0.0,0.0,0.4262948207171315
20.0,6.0,10.0,0.3,0.1,0.8,4.0,497.0,0.0,0.0,0.42857142857142855
20.0,6.0,11.0,0.3,0.1,0.8,4.0,501.0,0.0,0.0,0.4251497005988024
20.0,6.0,12.0,0.3,0.1,0.8,4.0,497.0,0.0,0.0,0.42857142857142855
20.0,6.0,13.0,0.3,0.1,0.8,4.0,500.0,0.0,0.0,0.424
20.0,6.0,14.0,0.3,0.1,0.8,4.0,497.0,0.0,0.0,0.42857142857142855
20.0,6.0,15.0,0.3,0.1,0.8,4.0,500.0,0.0,0.0,0.424
20.0,6.0,16.0,0.3,0.1,0.8,4.0,495.0,0.0,0.0,0.42828282828282827
20.0,6.0,17.0,0.3,0.1,0.8,4.0,499.0,0.0,0.0,0.4248496993987976
20.0,6.0,18.0,0.3,0.1,0.8,4.0,495.0,0.0,0.0,0.42828282828282827
20.0,6.0,19.0,0.3,0.1,0.8,4.0,499.0,0.0,0.0,0.4248496993987976
20.0,6.0,20.0,0.3,0.1,0.8,4.0,901.0,0.0,0.0,0.2341842397336293
20.0,6.0,21.0,0.3,0.1,0.8,4.0,884.0,0.0,0.0,0.23076923076923078
20.0,6.0,22.0,0.3,0.1,0.8,4.0,864.0,0.0,0.0,0.2337962962962963
20.0,6.0,23.0,0.3,0.1,0.8,4.0,820.0,0.0,0.0,0.23414634146341465
20.0,6.0,24.0,0.3,0.1,0.8,4.0,782.0,0.0,0.0,0.24168797953964194
20.0,6.0,25.0,0.3,0.1,0.8,4.0,791.0,0.0,0.0,0.23767383059418457
20.0,6.0,26.0,0.3,0.1,0.8,4.0,782.0,0.0,0.0,0.24168797953964194
20.0,6.0,27.0,0.3,0.1,0.8,4.0,756.0,0.0,0.0,0.23809523809523808
20.0,6.0,28.0,0.3,0.1,0.8,4.0,744.0,0.0,0.0,0.24327956989247312
20.0,6.0,29.0,0.3,0.1,0.8,4.0,737.0,0.0,0.0,0.24151967435549526
20.0,6.0,30.0,0.3,0.1,0.8,4.0,710.0,0.0,0.0,0.24647887323943662
20.0,6.0,31.0,0.3,0.1,0.8,4.0,715.0,0.0,0.0,0.24335664335664337
20.0,6.0,32.0,0.3,0.1,0.8,4.0,696.0,0.0,0.0,0.23994252873563218
20.0,6.0,33.0,0.3,0.1,0.8,4.0,683.0,0.0,0.0,0.24158125915080528
20.0,6.0,34.0,0.3,0.1,0.8,4.0,656.0,0.0,0.0,0.24695121951219512
20.0,6.0,35.0,0.3,0.1,0.8,4.0,659.0,0.0,0.0,0.24582701062215478
20.0,6.0,36.0,0.3,0.1,0.8,4.0,652.0,0.0,0.0,0.24846625766871167
20.0,6.0,37.0,0.3,0.1,0.8,4.0,654.0,0.0,0.0,0.24617737003058104
20.0,6.0,38.0,0.3,0.1,0.8,4.0,652.0,0.0,0.0,0.24846625766871167
20.0,6.0,39.0,0.3,0.1,0.8,4.0,655.0,0.0,0.0,0.24732824427480915
20.0,6.0,40.0,0.3,0.1,0.8,4.0,648.0,0.0,0.0,0.25
20.0,6.0,41.0,0.3,0.1,0.8,4.0,637.0,0.0,0.0,0.24646781789638933
20.0,6.0,42.0,0.3,0.1,0.8,4.0,635.0,0.0,0.0,0.24881889763779527
20.0,6.0,43.0,0.3,0.1,0.8,4.0,626.0,0.0,0.0,0.24440894568690097
20.0,6.0,44.0,0.3,0.1,0.8,4.0,604.0,0.0,0.0,0.24834437086092714
20.0,6.0,45.0,0.3,0.1,0.8,4.0,606.0,0.0,0.0,0.41254125412541254
20.0,6.0,46.0,0.3,0.1,0.8,4.0,593.0,0.0,0.0,0.41652613827993257
20.0,6.0,47.0,0.3,0.1,0.8,4.0,597.0,0.0,0.0,0.4120603015075377
20.0,6.0,48.0,0.3,0.1,0.8,4.0,593.0,0.0,0.0,0.41652613827993257
20.0,6.0,49.0,0.3,0.1,0.8,4.0,586.0,0.0,0.0,0.40955631399317405
20.0,6.0,50.0,0.3,0.1,0.8,4.0,585.0,0.0,0.0,0.41196581196581195
20.0,6.0,51.0,0.3,0.1,0.8,4.0,584.0,0.0,0.0,0.410958904109589
20.0,6.0,52.0,0.3,0.1,0.8,4.0,582.0,0.0,0.0,0.41408934707903783
20.0,7.0,1.0,0.3,0.1,0.8,4.0,584.0,0.0,0.0,0.410958904109589
20.0,7.0,2.0,0.3,0.1,0.8,4.0,579.0,0.0,0.0,0.41450777202072536
20.0,7.0,3.0,0.3,0.1,0.8,4.0,583.0,0.0,0.0,0.411663807890223
20.0,7.0,4.0,0.3,0.1,0.8,4.0,577.0,0.0,0.0,0.41421143847487
20.0,7.0,5.0,0.3,0.1,0.8,4.0,581.0,0.0,0.0,0.40963855421686746
20.0,7.0,6.0,0.3,0.1,0.8,4.0,576.0,0.0,0.0,0.4131944444444444
20.0,7.0,7.0,0.3,0.1,0.8,4.0,581.0,0.0,0.0,0.40963855421686746
20.0,7.0,8.0,0.3,0.1,0.8,4.0,567.0,0.0,0.0,0.41622574955908287
20.0,7.0,9.0,0.3,0.1,0.8,4.0,570.0,0.0,0.0,0.41403508771929826
20.0,7.0,10.0,0.3,0.1,0.8,4.0,564.0,0.0,0.0,0.4166666666666667
20.0,7.0,11.0,0.3,0.1,0.8,4.0,569.0,0.0,0.0,0.4130052724077329
20.0,7.0,12.0,0.3,0.1,0.8,4.0,562.0,0.0,0.0,0.4181494661921708
20.0,7.0,13.0,0.3,0.1,0.8,4.0,565.0,0.0,0.0,0.415929203539823
20.0,7.0,14.0,0.3,0.1,0.8,4.0,545.0,0.0,0.0,0.41834862385321103
20.0,7.0,15.0,0.3,0.1,0.8,4.0,534.0,0.0,0.0,0.41947565543071164
20.0,7.0,16.0,0.3,0.1,0.8,4.0,531.0,0.0,0.0,0.4218455743879473
20.0,7.0,17.0,0.3,0.1,0.8,4.0,533.0,0.0,0.0,0.4202626641651032
20.0,7.0,18.0,0.3,0.1,0.8,4.0,530.0,0.0,0.0,0.4207547169811321
20.0,7.0,19.0,0.3,0.1,0.8,4.0,530.0,0.0,0.0,0.4169811320754717
20.0,7.0,20.0,0.3,0.1,0.8,4.0,941.0,0.0,0.0,0.23485653560042508
20.0,7.0,21.0,0.3,0.1,0.8,4.0,916.0,0.0,0.0,0.23253275109170304
20.0,7.0,22.0,0.3,0.1,0.8,4.0,902.0,0.0,0.0,0.2361419068736142
20.0,7.0,23.0,0.3,0.1,0.8,4.0,887.0,0.0,0.0,0.23111612175873733
20.0,7.0,24.0,0.3,0.1,0.8,4.0,853.0,0.0,0.0,0.23681125439624853
20.0,7.0,25.0,0.3,0.1,0.8,4.0,870.0,0.0,0.0,0.23218390804597702
20.0,7.0,26.0,0.3,0.1,0.8,4.0,842.0,0.0,0.0,0.23634204275534443
20.0,7.0,27.0,0.3,0.1,0.8,4.0,870.0,0.0,0.0,0.23218390804597702
20.0,7.0,28.0,0.3,0.1,0.8,4.0,824.0,0.0,0.0,0.2342233009708738
20.0,7.0,29.0,0.3,0.1,0.8,4.0,830.0,0.0,0.0,0.23012048192771084
20.0,7.0,30.0,0.3,0.1,0.8,4.0,777.0,0.0,0.0,0.23680823680823682
20.0,7.0,31.0,0.3,0.1,0.8,4.0,777.0,0.0,0.0,0.23037323037323038
20.0,7.0,32.0,0.3,0.1,0.8,4.0,737.0,0.0,0.0,0.23744911804613297
20.0,7.0,33.0,0.3,0.1,0.8,4.0,749.0,0.0,0.0,0.2363150867823765
20.0,7.0,34.0,0.3,0.1,0.8,4.0,721.0,0.0,0.0,0.24133148404993066
20.0,7.0,35.0,0.3,0.1,0.8,4.0,749.0,0.0,0.0,0.2363150867823765
20.0,7.0,36.0,0.3,0.1,0.8,4.0,704.0,0.0,0.0,0.24573863636363635
20.0,7.0,37.0,0.3,0.1,0.8,4.0,720.0,0.0,0.0,0.2388888888888889
20.0,7.0,38.0,0.3,0.1,0.8,4.0,697.0,0.0,0.0,0.24820659971305595
20.0,7.0,39.0,0.3,0.1,0.8,4.0,712.0,0.0,0.0,0.23876404494382023
20.0,7.0,40.0,0.3,0.1,0.8,4.0,693.0,0.0,0.0,0.24675324675324675
20.0,7.0,41.0,0.3,0.1,0.8,4.0,688.0,0.0,0.0,0.24273255813953487
20.0,7.0,42.0,0.3,0.1,0.8,4.0,670.0,0.0,0.0,0.2507462686567164
20.0,7.0,43.0,0.3,0.1,0.8,4.0,688.0,0.0,0.0,0.24273255813953487
20.0,7.0,44.0,0.3,0.1,0.8,4.0,658.0,0.0,0.0,0.2507598784194529
20.0,7.0,45.0,0.3,0.1,0.8,4.0,649.0,0.0,0.0,0.3929121725731895
20.0,7.0,46.0,0.3,0.1,0.8,4.0,645.0,0.0,0.0,0.39689922480620154
20.0,7.0,47.0,0.3,0.1,0.8,4.0,635.0,0.0,0.0,0.3937007874015748
20.0,7.0,48.0,0.3,0.1,0.8,4.0,619.0,0.0,0.0,0.39418416801292405
20.0,7.0,49.0,0.3,0.1,0.8,4.0,623.0,0.0,0.0,0.391653290529695
20.0,7.0,50.0,0.3,0.1,0.8,4.0,599.0,0.0,0.0,0.4006677796327212
20.0,7.0,51.0,0.3,0.1,0.8,4.0,601.0,0.0,0.0,0.39600665557404324
20.0,7.0,52.0,0.3,0.1,0.8,4.0,596.0,0.0,0.0,0.39932885906040266
20.0,8.0,1.0,0.3,0.1,0.8,4.0,583.0,0.0,0.0,0.4065180102915952
20.0,8.0,2.0,0.3,0.1,0.8,4.0,581.0,0.0,0.0,0.40963855421686746
20.0,8.0,3.0,0.3,0.1,0.8,4.0,585.0,0.0,0.0,0.40512820512820513
20.0,8.0,4.0,0.3,0.1,0.8,4.0,580.0,0.0,0.0,0.4103448275862069
20.0,8.0,5.0,0.3,0.1,0.8,4.0,583.0,0.0,0.0,0.40480274442538594
20.0,8.0,6.0,0.3,0.1,0.8,4.0,582.0,0.0,0.0,0.40893470790378006
20.0,8.0,7.0,0.3,0.1,0.8,4.0,583.0,0.0,0.0,0.40480274442538594
20.0,8.0,8.0,0.3,0.1,0.8,4.0,580.0,0.0,0.0,0.4103448275862069
20.0,8.0,9.0,0.3,0.1,0.8,4.0,576.0,0.0,0.0,0.4097222222222222
20.0,8.0,10.0,0.3,0.1,0.8,4.0,572.0,0.0,0.0,0.4143356643356643
20.0,8.0,11.0,0.3,0.1,0.8,4.0,571.0,0.0,0.0,0.4115586690017513
20.0,8.0,12.0,0.3,0.1,0.8,4.0,572.0,0.0,0.0,0.4143356643356643
20.0,8.0,13.0,0.3,0.1,0.8,4.0,571.0,0.0,0.0,0.4115586690017513
20.0,8.0,14.0,0.3,0.1,0.8,4.0,570.0,0.0,0.0,0.41578947368421054
20.0,8.0,15.0,0.3,0.1,0.8,4.0,569.0,0.0,0.0,0.4130052724077329
20.0,8.0,16.0,0.3,0.1,0.8,4.0,568.0,0.0,0.0,0.41725352112676056
20.0,8.0,17.0,0.3,0.1,0.8,4.0,570.0,0.0,0.0,0.41228070175438597
20.0,8.0,18.0,0.3,0.1,0.8,4.0,569.0,0.0,0.0,0.4165202108963093
20.0,8.0,19.0,0.3,0.1,0.8,4.0,570.0,0.0,0.0,0.41228070175438597
20.0,8.0,20.0,0.3,0.1,0.8,4.0,1072.0,0.0,0.0,0.22108208955223882
20.0,8.0,21.0,0.3,0.1,0.8,4.0,1080.0,0.0,0.0,0.2175925925925926
20.0,8.0,22.0,0.3,0.1,0.8,4.0,1051.0,0.0,0.0,0.22074215033301617
20.0,8.0,23.0,0.3,0.1,0.8,4.0,1028.0,0.0,0.0,0.21498054474708173
20.0,8.0,24.0,0.3,0.1,0.8,4.0,1017.0,0.0,0.0,0.2192723697148476
20.0,8.0,25.0,0.3,0.1,0.8,4.0,998.0,0.0,0.0,0.218436873747495
20.0,8.0,26.0,0.3,0.1,0.8,4.0,992.0,0.0,0.0,0.2217741935483871
20.0,8.0,27.0,0.3,0.1,0.8,4.0,1004.0,0.0,0.0,0.21713147410358566
20.0,8.0,28.0,0.3,0.1,0.8,4.0,939.0,0.0,0.0,0.22577209797657083
20.0,8.0,29.0,0.3,0.1,0.8,4.0,917.0,0.0,0.0,0.22464558342420937
20.0,8.0,30.0,0.3,0.1,0.8,4.0,893.0,0.0,0.0,0.23180291153415453
20.0,8.0,31.0,0.3,0.1,0.8,4.0,833.0,0.0,0.0,0.2304921968787515
20.0,8.0,32.0,0.3,0.1,0.8,4.0,804.0,0.0,0.0,0.23756218905472637
20.0,8.0,33.0,0.3,0.1,0.8,4.0,819.0,0.0,0.0,0.231990231990232
20.0,8.0,34.0,0.3,0.1,0.8,4.0,788.0,0.0,0.0,0.24111675126903553
20.0,8.0,35.0,0.3,0.1,0.8,4.0,777.0,0.0,0.0,0.23680823680823682
20.0,8.0,36.0,0.3,0.1,0.8,4.0,749.0,0.0,0.0,0.24566088117489987
20.0,8.0,37.0,0.3,0.1,0.8,4.0,713.0,0.0,0.0,0.25245441795231416
20.0,8.0,38.0,0.3,0.1,0.8,4.0,701.0,0.0,0.0,0.25677603423680456
20.0,8.0,39.0,0.3,0.1,0.8,4.0,693.0,0.0,0.0,0.25685425685425683
20.0,8.0,40.0,0.3,0.1,0.8,4.0,696.0,0.0,0.0,0.25862068965517243
20.0,8.0,41.0,0.3,0.1,0.8,4.0,699.0,0.0,0.0,0.25464949928469244
20.0,8.0,42.0,0.3,0.1,0.8,4.0,678.0,0.0,0.0,0.26253687315634217
20.0,8.0,43.0,0.3,0.1,0.8,4.0,681.0,0.0,0.0,0.25844346549192365
20.0,8.0,44.0,0.3,0.1,0.8,4.0,669.0,0.0,0.0,0.2600896860986547
20.0,8.0,45.0,0.3,0.1,0.8,4.0,668.0,0.0,0.0,0.42664670658682635
20.0,8.0,46.0,0.3,0.1,0.8,4.0,664.0,0.0,0.0,0.42620481927710846
20.0,8.0,47.0,0.3,0.1,0.8,4.0,646.0,0.0,0.0,0.42569659442724456
20.0,8.0,48.0,0.3,0.1,0.8,4.0,647.0,0.0,0.0,0.4234930448222566
20.0,8.0,49.0,0.3,0.1,0.8,4.0,641.0,0.0,0.0,0.42745709828393136
20.0,8.0,50.0,0.3,0.1,0.8,4.0,643.0,0.0,0.0,0.4214618973561431
20.0,8.0,51.0,0.3,0.1,0.8,4.0,641.0,0.0,0.0,0.4243369734789392
20.0,8.0,52.0,0.3,0.1,0.8,4.0,642.0,0.0,0.0,0.4236760124610592
20.0,9.0,1.0,0.3,0.1,0.8,4.0,639.0,0.0,0.0,0.42566510172143973
20.0,9.0,2.0,0.3,0.1,0.8,4.0,638.0,0.0,0.0,0.42476489028213166
20.0,9.0,3.0,0.3,0.1,0.8,4.0,615.0,0.0,0.0,0.43089430894308944
20.0,9.0,4.0,0.3,0.1,0.8,4.0,616.0,0.0,0.0,0.4301948051948052
20.0,9.0,5.0,0.3,0.1,0.8,4.0,604.0,0.0,0.0,0.43211920529801323
20.0,9.0,6.0,0.3,0.1,0.8,4.0,604.0,0.0,0.0,0.43211920529801323
20.0,9.0,7.0,0.3,0.1,0.8,4.0,603.0,0.0,0.0,0.4311774461028192
20.0,9.0,8.0,0.3,0.1,0.8,4.0,601.0,0.0,0.0,0.4292845257903494
20.0,9.0,9.0,0.3,0.1,0.8,4.0,601.0,0.0,0.0,0.43094841930116473
20.0,9.0,10.0,0.3,0.1,0.8,4.0,604.0,0.0,0.0,0.4304635761589404
20.0,9.0,11.0,0.3,0.1,0.8,4.0,589.0,0.0,0.0,0.432937181663837
20.0,9.0,12.0,0.3,0.1,0.8,4.0,579.0,0.0,0.0,0.43523316062176165
20.0,9.0,13.0,0.3,0.1,0.8,4.0,573.0,0.0,0.0,0.43804537521815007
20.0,9.0,14.0,0.3,0.1,0.8,4.0,562.0,0.0,0.0,0.4359430604982206
20.0,9.0,15.0,0.3,0.1,0.8,4.0,561.0,0.0,0.0,0.43672014260249553
20.0,9.0,16.0,0.3,0.1,0.8,4.0,561.0,0.0,0.0,0.43493761140819964
20.0,9.0,17.0,0.3,0.1,0.8,4.0,560.0,0.0,0.0,0.4375
20.0,9.0,18.0,0.3,0.1,0.8,4.0,560.0,0.0,0.0,0.4357142857142857
20.0,9.0,19.0,0.3,0.1,0.8,4.0,561.0,0.0,0.0,0.43672014260249553
20.0,9.0,20.0,0.3,0.1,0.8,4.0,1005.0,0.0,0.0,0.23880597014925373
20.0,9.0,21.0,0.3,0.1,0.8,4.0,993.0,0.0,0.0,0.24169184290030213
20.0,9.0,22.0,0.3,0.1,0.8,4.0,977.0,0.0,0.0,0.240532241555783
20.0,9.0,23.0,0.3,0.1,0.8,4.0,959.0,0.0,0.0,0.24504692387904067
20.0,9.0,24.0,0.3,0.1,0.8,4.0,929.0,0.0,0.0,0.24434876210979548
20.0,9.0,25.0,0.3,0.1,0.8,4.0,927.0,0.0,0.0,0.24487594390507011
20.0,9.0,26.0,0.3,0.1,0.8,4.0,892.0,0.0,0.0,0.24327354260089687
20.0,9.0,27.0,0.3,0.1,0.8,4.0,889.0,0.0,0.0,0.24296962879640044
20.0,9.0,28.0,0.3,0.1,0.8,4.0,877.0,0.0,0.0,0.2451539338654504
20.0,9.0,29.0,0.3,0.1,0.8,4.0,847.0,0.0,0.0,0.24793388429752067
20.0,9.0,30.0,0.3,0.1,0.8,4.0,820.0,0.0,0.0,0.25121951219512195
20.0,9.0,31.0,0.3,0.1,0.8,4.0,805.0,0.0,0.0,0.25093167701863356
20.0,9.0,32.0,0.3,0.1,0.8,4.0,793.0,0.0,0.0,0.24968474148802017
20.0,9.0,33.0,0.3,0.1,0.8,4.0,769.0,0.0,0.0,0.2535760728218466
20.0,9.0,34.0,0.3,0.1,0.8,4.0,741.0,0.0,0.0,0.2631578947368421
20.0,9.0,35.0,0.3,0.1,0.8,4.0,718.0,0.0,0.0,0.2646239554317549
20.0,9.0,36.0,0.3,0.1,0.8,4.0,725.0,0.0,0.0,0.263448275862069
20.0,9.0,37.0,0.3,0.1,0.8,4.0,713.0,0.0,0.0,0.26367461430575034
20.0,9.0,38.0,0.3,0.1,0.8,4.0,725.0,0.0,0.0,0.26620689655172414
20.0,9.0,39.0,0.3,0.1,0.8,4.0,713.0,0.0,0.0,0.26367461430575034
20.0,9.0,40.0,0.3,0.1,0.8,4.0,725.0,0.0,0.0,0.26620689655172414
20.0,9.0,41.0,0.3,0.1,0.8,4.0,714.0,0.0,0.0,0.26330532212885155
20.0,9.0,42.0,0.3,0.1,0.8,4.0,724.0,0.0,0.0,0.26519337016574585
20.0,9.0,43.0,0.3,0.1,0.8,4.0,687.0,0.0,0.0,0.26346433770014555
20.0,9.0,44.0,0.3,0.1,0.8,4.0,699.0,0.0,0.0,0.26609442060085836
20.0,9.0,45.0,0.3,0.1,0.8,4.0,687.0,0.0,0.0,0.42066957787481807
20.0,9.0,46.0,0.3,0.1,0.8,4.0,699.0,0.0,0.0,0.42775393419170243
20.0,9.0,47.0,0.3,0.1,0.8,4.0,688.0,0.0,0.0,0.42151162790697677
20.0,9.0,48.0,0.3,0.1,0.8,4.0,699.0,0.0,0.0,0.42775393419170243
20.0,9.0,49.0,0.3,0.1,0.8,4.0,689.0,0.0,0.0,0.420899854862119
20.0,9.0,50.0,0.3,0.1,0.8,4.0,697.0,0.0,0.0,0.42754662840746055
20.0,9.0,51.0,0.3,0.1,0.8,4.0,691.0,0.0,0.0,0.4211287988422576
20.0,9.0,52.0,0.3,0.1,0.8,4.0,695.0,0.0,0.0,0.42589928057553955
20.0,10.0,1.0,0.3,0.1,0.8,4.0,691.0,0.0,0.0,0.42257597684515197
20.0,10.0,2.0,0.3,0.1,0.8,4.0,695.0,0.0,0.0,0.4273381294964029
20.0,10.0,3.0,0.3,0.1,0.8,4.0,690.0,0.0,0.0,0.4217391304347826
20.0,10.0,4.0,0.3,0.1,0.8,4.0,693.0,0.0,0.0,0.42857142857142855
20.0,10.0,5.0,0.3,0.1,0.8,4.0,688.0,0.0,0.0,0.42296511627906974
20.0,10.0,6.0,0.3,0.1,0.8,4.0,692.0,0.0,0.0,0.4291907514450867
20.0,10.0,7.0,0.3,0.1,0.8,4.0,687.0,0.0,0.0,0.42358078602620086
20.0,10.0,8.0,0.3,0.1,0.8,4.0,686.0,0.0,0.0,0.42857142857142855
20.0,10.0,9.0,0.3,0.1,0.8,4.0,657.0,0.0,0.0,0.4337899543378995
20.0,10.0,10.0,0.3,0.1,0.8,4.0,661.0,0.0,0.0,0.43872919818456885
20.0,10.0,11.0,0.3,0.1,0.8,4.0,657.0,0.0,0.0,0.4337899543378995
20.0,10.0,12.0,0.3,0.1,0.8,4.0,650.0,0.0,0.0,0.44
20.0,10.0,13.0,0.3,0.1,0.8,4.0,645.0,0.0,0.0,0.4372093023255814
20.0,10.0,14.0,0.3,0.1,0.8,4.0,649.0,0.0,0.0,0.4406779661016949
20.0,10.0,15.0,0.3,0.1,0.8,4.0,634.0,0.0,0.0,0.4353312302839117
20.0,10.0,16.0,0.3,0.1,0.8,4.0,623.0,0.0,0.0,0.43980738362760835
20.0,10.0,17.0,0.3,0.1,0.8,4.0,621.0,0.0,0.0,0.43800322061191627
20.0,10.0,18.0,0.3,0.1,0.8,4.0,622.0,0.0,0.0,0.4405144694533762
20.0,10.0,19.0,0.3,0.1,0.8,4.0,620.0,0.0,0.0,0.43870967741935485
20.0,10.0,20.0,0.3,0.1,0.8,4.0,1101.0,0.0,0.0,0.23433242506811988
20.0,10.0,21.0,0.3,0.1,0.8,4.0,1089.0,0.0,0.0,0.23232323232323232
20.0,10.0,22.0,0.3,0.1,0.8,4.0,1089.0,0.0,0.0,0.2359963269054178
20.0,10.0,23.0,0.3,0.1,0.8,4.0,1089.0,0.0,0.0,0.23324150596877868
20.0,10.0,24.0,0.3,0.1,0.8,4.0,1046.0,0.0,0.0,0.2390057361376673
20.0,10.0,25.0,0.3,0.1,0.8,4.0,1045.0,0.0,0.0,0.23636363636363636
20.0,10.0,26.0,0.3,0.1,0.8,4.0,973.0,0.0,0.0,0.24254881808838644
20.0,10.0,27.0,0.3,0.1,0.8,4.0,954.0,0.0,0.0,0.2431865828092243
20.0,10.0,28.0,0.3,0.1,0.8,4.0,896.0,0.0,0.0,0.24665178571428573
20.0,10.0,29.0,0.3,0.1,0.8,4.0,883.0,0.0,0.0,0.24462061155152887
20.0,10.0,30.0,0.3,0.1,0.8,4.0,873.0,0.0,0.0,0.24742268041237114
20.0,10.0,31.0,0.3,0.1,0.8,4.0,863.0,0.0,0.0,0.24681344148319814
20.0,10.0,32.0,0.3,0.1,0.8,4.0,839.0,0.0,0.0,0.24791418355184744
20.0,10.0,33.0,0.3,0.1,0.8,4.0,827.0,0.0,0.0,0.24909310761789602
20.0,10.0,34.0,0.3,0.1,0.8,4.0,814.0,0.0,0.0,0.25184275184275184
20.0,10.0,35.0,0.3,0.1,0.8,4.0,827.0,0.0,0.0,0.24909310761789602
20.0,10.0,36.0,0.3,0.1,0.8,4.0,789.0,0.0,0.0,0.25475285171102663
20.0,10.0,37.0,0.3,0.1,0.8,4.0,803.0,0.0,0.0,0.25280199252801994
20.0,10.0,38.0,0.3,0.1,0.8,4.0,778.0,0.0,0.0,0.2570694087403599
20.0,10.0,39.0,0.3,0.1,0.8,4.0,792.0,0.0,0.0,0.2537878787878788
20.0,10.0,40.0,0.3,0.1,0.8,4.0,739.0,0.0,0.0,0.2598105548037889
20.0,10.0,41.0,0.3,0.1,0.8,4.0,754.0,0.0,0.0,0.2572944297082228
20.0,10.0,42.0,0.3,0.1,0.8,4.0,739.0,0.0,0.0,0.2598105548037889
20.0,10.0,43.0,0.3,0.1,0.8,4.0,754.0,0.0,0.0,0.2572944297082228
20.0,10.0,44.0,0.3,0.1,0.8,4.0,738.0,0.0,0.0,0.2601626016260163
20.0,10.0,45.0,0.3,0.1,0.8,4.0,750.0,0.0,0.0,0.416
20.0,10.0,46.0,0.3,0.1,0.8,4.0,737.0,0.0,0.0,0.4206241519674355
20.0,10.0,47.0,0.3,0.1,0.8,4.0,749.0,0.0,0.0,0.4152202937249666
20.0,10.0,48.0,0.3,0.1,0.8,4.0,737.0,0.0,0.0,0.4206241519674355
20.0,10.0,49.0,0.3,0.1,0.8,4.0,750.0,0.0,0.0,0.416
20.0,10.0,50.0,0.3,0.1,0.8,4.0,736.0,0.0,0.0,0.41983695652173914
20.0,10.0,51.0,0.3,0.1,0.8,4.0,753.0,0.0,0.0,0.4156706507304117
20.0,10.0,52.0,0.3,0.1,0.8,4.0,735.0,0.0,0.0,0.4217687074829932
21.0,1.0,1.0,0.3,0.1,0.8,4.0,5152.0,53.0,8.0,0.30104813664596275
21.0,1.0,2.0,0.3,0.1,0.8,4.0,5137.0,55.0,23.0,0.3023165271559276
21.0,1.0,3.0,0.3,0.1,0.8,4.0,5045.0,68.0,34.0,0.30604558969276513
21.0,1.0,4.0,0.3,0.1,0.8,4.0,5036.0,88.0,38.0,0.306791104050834
21.0,1.0,5.0,0.3,0.1,0.8,4.0,5063.0,91.0,37.0,0.30772269405490815
21.0,1.0,6.0,0.3,0.1,0.8,4.0,4895.0,94.0,42.0,0.30684371807967314
21.0,1.0,7.0,0.3,0.1,0.8,4.0,4754.0,113.0,42.0,0.3092132940681531
21.0,1.0,8.0,0.3,0.1,0.8,4.0,4695.0,135.0,49.0,0.30969116080937165
21.0,1.0,9.0,0.3,0.1,0.8,4.0,4508.0,152.0,56.0,0.31211180124223603
21.0,1.0,10.0,0.3,0.1,0.8,4.0,4398.0,162.0,66.0,0.3142337426102774
21.0,1.0,11.0,0.3,0.1,0.8,4.0,4236.0,181.0,76.0,0.3156279508970727
21.0,1.0,12.0,0.3,0.1,0.8,4.0,4052.0,188.0,78.0,0.3171273445212241
21.0,1.0,13.0,0.3,0.1,0.8,4.0,3872.0,207.0,85.0,0.32515495867768596
21.0,1.0,14.0,0.3,0.1,0.8,4.0,3807.0,216.0,91.0,0.3259784607302338
21.0,1.0,15.0,0.3,0.1,0.8,4.0,3724.0,225.0,97.0,0.33002148227712136
21.0,1.0,16.0,0.3,0.1,0.8,4.0,3623.0,232.0,105.0,0.3328733094120894
21.0,1.0,17.0,0.3,0.1,0.8,4.0,3519.0,253.0,107.0,0.33844842284739984
21.0,1.0,18.0,0.3,0.1,0.8,4.0,3439.0,253.0,108.0,0.34225065425995926
21.0,1.0,19.0,0.3,0.1,0.8,4.0,3365.0,255.0,122.0,0.34829123328380385
21.0,1.0,20.0,0.3,0.1,0.8,4.0,6194.0,253.0,120.0,0.18598643848886018
21.0,1.0,21.0,0.3,0.1,0.8,4.0,5804.0,327.0,126.0,0.1912474155754652
21.0,1.0,22.0,0.3,0.1,0.8,4.0,5436.0,400.0,130.0,0.19701986754966888
21.0,1.0,23.0,0.3,0.1,0.8,4.0,5204.0,462.0,144.0,0.202152190622598
21.0,1.0,24.0,0.3,0.1,0.8,4.0,4807.0,492.0,173.0,0.20511753692531726
21.0,1.0,25.0,0.3,0.1,0.8,4.0,4545.0,521.0,203.0,0.21056105610561057
21.0,1.0,26.0,0.3,0.1,0.8,4.0,4311.0,555.0,217.0,0.21549524472280213
21.0,1.0,27.0,0.3,0.1,0.8,4.0,4057.0,582.0,245.0,0.2215923095883658
21.0,1.0,28.0,0.3,0.1,0.8,4.0,3898.0,609.0,256.0,0.22652642380708055
21.0,1.0,29.0,0.3,0.1,0.8,4.0,3667.0,608.0,265.0,0.23234251431688027
21.0,1.0,30.0,0.3,0.1,0.8,4.0,3459.0,566.0,269.0,0.23995374385660595
21.0,1.0,31.0,0.3,0.1,0.8,4.0,3310.0,571.0,271.0,0.24682779456193354
21.0,1.0,32.0,0.3,0.1,0.8,4.0,3138.0,545.0,274.0,0.2552581261950287
21.0,1.0,33.0,0.3,0.1,0.8,4.0,2911.0,520.0,249.0,0.26863620748883543
21.0,1.0,34.0,0.3,0.1,0.8,4.0,2765.0,491.0,242.0,0.28282097649186255
21.0,1.0,35.0,0.3,0.1,0.8,4.0,2606.0,452.0,228.0,0.29201841903300074
21.0,1.0,36.0,0.3,0.1,0.8,4.0,2462.0,427.0,225.0,0.30584890333062553
21.0,1.0,37.0,0.3,0.1,0.8,4.0,2332.0,399.0,203.0,0.3181818181818182
21.0,1.0,38.0,0.3,0.1,0.8,4.0,2196.0,365.0,177.0,0.33287795992714025
21.0,1.0,39.0,0.3,0.1,0.8,4.0,2081.0,335.0,169.0,0.3435848149927919
21.0,1.0,40.0,0.3,0.1,0.8,4.0,1997.0,303.0,160.0,0.3555332999499249
21.0,1.0,41.0,0.3,0.1,0.8,4.0,1906.0,269.0,139.0,0.3656873032528856
21.0,1.0,42.0,0.3,0.1,0.8,4.0,1821.0,233.0,119.0,0.3811092806150467
21.0,1.0,43.0,0.3,0.1,0.8,4.0,1721.0,192.0,113.0,0.39221382916908776
21.0,1.0,44.0,0.3,0.1,0.8,4.0,1681.0,180.0,102.0,0.40214158239143366
21.0,1.0,45.0,0.3,0.1,0.8,4.0,1637.0,164.0,81.0,0.5497861942577886
21.0,1.0,46.0,0.3,0.1,0.8,4.0,1563.0,120.0,55.0,0.5630198336532309
21.0,1.0,47.0,0.3,0.1,0.8,4.0,1514.0,101.0,55.0,0.5693527080581242
21.0,1.0,48.0,0.3,0.1,0.8,4.0,1484.0,94.0,63.0,0.5727762803234502
21.0,1.0,49.0,0.3,0.1,0.8,4.0,1444.0,85.0,55.0,0.574792243767313
21.0,1.0,50.0,0.3,0.1,0.8,4.0,1423.0,66.0,37.0,0.5797610681658468
21.0,1.0,51.0,0.3,0.1,0.8,4.0,1384.0,49.0,25.0,0.5845375722543352
21.0,1.0,52.0,0.3,0.1,0.8,4.0,1374.0,42.0,25.0,0.5909752547307132
21.0,2.0,1.0,0.3,0.1,0.8,4.0,1354.0,41.0,25.0,0.5930576070901034
21.0,2.0,2.0,0.3,0.1,0.8,4.0,1343.0,34.0,21.0,0.5956813104988831
21.0,2.0,3.0,0.3,0.1,0.8,4.0,1321.0,25.0,16.0,0.5987887963663892
21.0,2.0,4.0,0.3,0.1,0.8,4.0,1313.0,24.0,15.0,0.6009139375476009
21.0,2.0,5.0,0.3,0.1,0.8,4.0,1283.0,19.0,12.0,0.6024941543257989
21.0,2.0,6.0,0.3,0.1,0.8,4.0,1271.0,17.0,12.0,0.6066089693154996
21.0,2.0,7.0,0.3,0.1,0.8,4.0,1257.0,15.0,11.0,0.6046141607000796
21.0,2.0,8.0,0.3,0.1,0.8,4.0,1253.0,12.0,8.0,0.6097366320830008
21.0,2.0,9.0,0.3,0.1,0.8,4.0,1229.0,7.0,4.0,0.6078112286411717
21.0,2.0,10.0,0.3,0.1,0.8,4.0,1227.0,5.0,2.0,0.6120619396903015
21.0,2.0,11.0,0.3,0.1,0.8,4.0,1209.0,5.0,2.0,0.6104218362282878
21.0,2.0,12.0,0.3,0.1,0.8,4.0,1205.0,4.0,2.0,0.6141078838174274
21.0,2.0,13.0,0.3,0.1,0.8,4.0,1175.0,2.0,1.0,0.614468085106383
21.0,2.0,14.0,0.3,0.1,0.8,4.0,1175.0,5.0,1.0,0.6161702127659574
21.0,2.0,15.0,0.3,0.1,0.8,4.0,1158.0,4.0,1.0,0.6139896373056994
21.0,2.0,16.0,0.3,0.1,0.8,4.0,1163.0,5.0,3.0,0.6165090283748925
21.0,2.0,17.0,0.3,0.1,0.8,4.0,1150.0,5.0,3.0,0.6130434782608696
21.0,2.0,18.0,0.3,0.1,0.8,4.0,1140.0,5.0,2.0,0.612280701754386
21.0,2.0,19.0,0.3,0.1,0.8,4.0,1128.0,3.0,1.0,0.6099290780141844
21.0,2.0,20.0,0.3,0.1,0.8,4.0,2052.0,3.0,1.0,0.3362573099415205
21.0,2.0,21.0,0.3,0.1,0.8,4.0,1962.0,3.0,2.0,0.34046890927624873
21.0,2.0,22.0,0.3,0.1,0.8,4.0,1940.0,5.0,1.0,0.3391752577319588
21.0,2.0,23.0,0.3,0.1,0.8,4.0,1896.0,5.0,2.0,0.34229957805907174
21.0,2.0,24.0,0.3,0.1,0.8,4.0,1885.0,4.0,1.0,0.3411140583554377
21.0,2.0,25.0,0.3,0.1,0.8,4.0,1857.0,4.0,1.0,0.34248788368336025
21.0,2.0,26.0,0.3,0.1,0.8,4.0,1811.0,4.0,0.0,0.3418001104362231
21.0,2.0,27.0,0.3,0.1,0.8,4.0,1773.0,4.0,1.0,0.34404963338973493
21.0,2.0,28.0,0.3,0.1,0.8,4.0,1751.0,3.0,1.0,0.3420902341519132
21.0,2.0,29.0,0.3,0.1,0.8,4.0,1698.0,3.0,2.0,0.3468786808009423
21.0,2.0,30.0,0.3,0.1,0.8,4.0,1611.0,4.0,2.0,0.3414028553693358
21.0,2.0,31.0,0.3,0.1,0.8,4.0,1593.0,7.0,2.0,0.3490269930947897
21.0,2.0,32.0,0.3,0.1,0.8,4.0,1583.0,6.0,4.0,0.34428300694883135
21.0,2.0,33.0,0.3,0.1,0.8,4.0,1576.0,9.0,3.0,0.3477157360406091
21.0,2.0,34.0,0.3,0.1,0.8,4.0,1551.0,12.0,3.0,0.34622823984526113
21.0,2.0,35.0,0.3,0.1,0.8,4.0,1506.0,10.0,2.0,0.349933598937583
21.0,2.0,36.0,0.3,0.1,0.8,4.0,1479.0,11.0,4.0,0.34685598377281945
21.0,2.0,37.0,0.3,0.1,0.8,4.0,1452.0,14.0,8.0,0.35055096418732784
21.0,2.0,38.0,0.3,0.1,0.8,4.0,1443.0,16.0,8.0,0.3458073458073458
21.0,2.0,39.0,0.3,0.1,0.8,4.0,1438.0,14.0,8.0,0.3497913769123783
21.0,2.0,40.0,0.3,0.1,0.8,4.0,1411.0,10.0,7.0,0.3479801559177888
21.0,2.0,41.0,0.3,0.1,0.8,4.0,1369.0,11.0,6.0,0.3506208911614317
21.0,2.0,42.0,0.3,0.1,0.8,4.0,1339.0,9.0,5.0,0.3487677371172517
21.0,2.0,43.0,0.3,0.1,0.8,4.0,1315.0,7.0,3.0,0.3505703422053232
21.0,2.0,44.0,0.3,0.1,0.8,4.0,1306.0,6.0,2.0,0.3552833078101072
21.0,2.0,45.0,0.3,0.1,0.8,4.0,1291.0,4.0,2.0,0.4895429899302866
21.0,2.0,46.0,0.3,0.1,0.8,4.0,1255.0,6.0,3.0,0.4956175298804781
21.0,2.0,47.0,0.3,0.1,0.8,4.0,1196.0,6.0,4.0,0.5016722408026756
21.0,2.0,48.0,0.3,0.1,0.8,4.0,1200.0,4.0,2.0,0.5033333333333333
21.0,2.0,49.0,0.3,0.1,0.8,4.0,1167.0,3.0,1.0,0.5098543273350471
21.0,2.0,50.0,0.3,0.1,0.8,4.0,1172.0,2.0,1.0,0.5042662116040956
21.0,2.0,51.0,0.3,0.1,0.8,4.0,1150.0,4.0,1.0,0.5060869565217392
21.0,2.0,52.0,0.3,0.1,0.8,4.0,1150.0,4.0,2.0,0.5043478260869565
21.0,3.0,1.0,0.3,0.1,0.8,4.0,1129.0,3.0,2.0,0.503985828166519
21.0,3.0,2.0,0.3,0.1,0.8,4.0,1127.0,3.0,3.0,0.5031055900621118
21.0,3.0,3.0,0.3,0.1,0.8,4.0,1117.0,3.0,2.0,0.4995523724261415
21.0,3.0,4.0,0.3,0.1,0.8,4.0,1102.0,3.0,1.0,0.5
21.0,3.0,5.0,0.3,0.1,0.8,4.0,1096.0,2.0,1.0,0.4972627737226277
21.0,3.0,6.0,0.3,0.1,0.8,4.0,1093.0,2.0,1.0,0.49954254345837146
21.0,3.0,7.0,0.3,0.1,0.8,4.0,1088.0,2.0,1.0,0.49356617647058826
21.0,3.0,8.0,0.3,0.1,0.8,4.0,1065.0,3.0,1.0,0.49389671361502346
21.0,3.0,9.0,0.3,0.1,0.8,4.0,1041.0,4.0,1.0,0.49375600384245916
21.0,3.0,10.0,0.3,0.1,0.8,4.0,1043.0,4.0,2.0,0.4928092042186002
21.0,3.0,11.0,0.3,0.1,0.8,4.0,1035.0,4.0,3.0,0.49371980676328503
21.0,3.0,12.0,0.3,0.1,0.8,4.0,1020.0,4.0,3.0,0.49607843137254903
21.0,3.0,13.0,0.3,0.1,0.8,4.0,1002.0,3.0,2.0,0.49600798403193613
21.0,3.0,14.0,0.3,0.1,0.8,4.0,1000.0,2.0,1.0,0.498
21.0,3.0,15.0,0.3,0.1,0.8,4.0,990.0,2.0,1.0,0.49595959595959593
21.0,3.0,16.0,0.3,0.1,0.8,4.0,993.0,2.0,2.0,0.49748237663645517
21.0,3.0,17.0,0.3,0.1,0.8,4.0,987.0,1.0,1.0,0.49645390070921985
21.0,3.0,18.0,0.3,0.1,0.8,4.0,982.0,1.0,1.0,0.4959266802443992
21.0,3.0,19.0,0.3,0.1,0.8,4.0,980.0,1.0,0.0,0.4959183673469388
21.0,3.0,20.0,0.3,0.1,0.8,4.0,1787.0,1.0,0.0,0.27084499160604364
21.0,3.0,21.0,0.3,0.1,0.8,4.0,1740.0,1.0,0.0,0.26839080459770115
21.0,3.0,22.0,0.3,0.1,0.8,4.0,1653.0,1.0,1.0,0.2710223835450696
21.0,3.0,23.0,0.3,0.1,0.8,4.0,1647.0,2.0,1.0,0.26958105646630237
21.0,3.0,24.0,0.3,0.1,0.8,4.0,1567.0,2.0,1.0,0.2737715379706445
21.0,3.0,25.0,0.3,0.1,0.8,4.0,1539.0,3.0,0.0,0.2729044834307992
21.0,3.0,26.0,0.3,0.1,0.8,4.0,1516.0,3.0,1.0,0.27506596306068604
21.0,3.0,27.0,0.3,0.1,0.8,4.0,1491.0,3.0,1.0,0.27095908786049633
21.0,3.0,28.0,0.3,0.1,0.8,4.0,1464.0,3.0,3.0,0.2725409836065574
21.0,3.0,29.0,0.3,0.1,0.8,4.0,1378.0,4.0,2.0,0.2728592162554427
21.0,3.0,30.0,0.3,0.1,0.8,4.0,1352.0,8.0,3.0,0.2744082840236686
21.0,3.0,31.0,0.3,0.1,0.8,4.0,1332.0,9.0,2.0,0.2725225225225225
21.0,3.0,32.0,0.3,0.1,0.8,4.0,1302.0,8.0,2.0,0.2780337941628264
21.0,3.0,33.0,0.3,0.1,0.8,4.0,1293.0,11.0,4.0,0.2768754833720031
21.0,3.0,34.0,0.3,0.1,0.8,4.0,1279.0,17.0,6.0,0.27756059421422985
21.0,3.0,35.0,0.3,0.1,0.8,4.0,1234.0,18.0,7.0,0.27957860615883307
21.0,3.0,36.0,0.3,0.1,0.8,4.0,1197.0,23.0,5.0,0.2781954887218045
21.0,3.0,37.0,0.3,0.1,0.8,4.0,1184.0,26.0,7.0,0.2795608108108108
21.0,3.0,38.0,0.3,0.1,0.8,4.0,1150.0,28.0,9.0,0.2826086956521739
21.0,3.0,39.0,0.3,0.1,0.8,4.0,1144.0,38.0,12.0,0.27884615384615385
21.0,3.0,40.0,0.3,0.1,0.8,4.0,1130.0,47.0,15.0,0.27964601769911507
21.0,3.0,41.0,0.3,0.1,0.8,4.0,1112.0,44.0,12.0,0.27967625899280574
21.0,3.0,42.0,0.3,0.1,0.8,4.0,1072.0,45.0,18.0,0.2835820895522388
21.0,3.0,43.0,0.3,0.1,0.8,4.0,1057.0,52.0,22.0,0.282876064333018
21.0,3.0,44.0,0.3,0.1,0.8,4.0,1032.0,54.0,25.0,0.28875968992248063
21.0,3.0,45.0,0.3,0.1,0.8,4.0,1025.0,55.0,26.0,0.4419512195121951
21.0,3.0,46.0,0.3,0.1,0.8,4.0,1005.0,53.0,28.0,0.44477611940298506
21.0,3.0,47.0,0.3,0.1,0.8,4.0,992.0,47.0,26.0,0.4475806451612903
21.0,3.0,48.0,0.3,0.1,0.8,4.0,974.0,44.0,25.0,0.45071868583162217
21.0,3.0,49.0,0.3,0.1,0.8,4.0,958.0,36.0,21.0,0.4509394572025052
21.0,3.0,50.0,0.3,0.1,0.8,4.0,944.0,34.0,21.0,0.4533898305084746
21.0,3.0,51.0,0.3,0.1,0.8,4.0,927.0,30.0,16.0,0.45738942826321466
21.0,3.0,52.0,0.3,0.1,0.8,4.0,886.0,26.0,11.0,0.4604966139954853
21.0,4.0,1.0,0.3,0.1,0.8,4.0,877.0,25.0,11.0,0.4629418472063854
21.0,4.0,2.0,0.3,0.1,0.8,4.0,866.0,25.0,11.0,0.4618937644341801
21.0,4.0,3.0,0.3,0.1,0.8,4.0,864.0,25.0,13.0,0.46412037037037035
21.0,4.0,4.0,0.3,0.1,0.8,4.0,847.0,21.0,16.0,0.4639905548996458
21.0,4.0,5.0,0.3,0.1,0.8,4.0,850.0,24.0,17.0,0.46705882352941175
21.0,4.0,6.0,0.3,0.1,0.8,4.0,839.0,25.0,16.0,0.46722288438617404
21.0,4.0,7.0,0.3,0.1,0.8,4.0,831.0,20.0,10.0,0.4717208182912154
21.0,4.0,8.0,0.3,0.1,0.8,4.0,809.0,15.0,9.0,0.4721878862793572
21.0,4.0,9.0,0.3,0.1,0.8,4.0,801.0,15.0,7.0,0.4794007490636704
21.0,4.0,10.0,0.3,0.1,0.8,4.0,796.0,16.0,7.0,0.4748743718592965
21.0,4.0,11.0,0.3,0.1,0.8,4.0,789.0,13.0,4.0,0.4816223067173637
21.0,4.0,12.0,0.3,0.1,0.8,4.0,783.0,13.0,4.0,0.4763729246487867
21.0,4.0,13.0,0.3,0.1,0.8,4.0,777.0,11.0,3.0,0.48133848133848134
21.0,4.0,14.0,0.3,0.1,0.8,4.0,772.0,12.0,9.0,0.47668393782383417
21.0,4.0,15.0,0.3,0.1,0.8,4.0,772.0,16.0,9.0,0.4805699481865285
21.0,4.0,16.0,0.3,0.1,0.8,4.0,765.0,15.0,7.0,0.477124183006536
21.0,4.0,17.0,0.3,0.1,0.8,4.0,762.0,9.0,3.0,0.4868766404199475
21.0,4.0,18.0,0.3,0.1,0.8,4.0,753.0,8.0,6.0,0.4807436918990704
21.0,4.0,19.0,0.3,0.1,0.8,4.0,755.0,8.0,7.0,0.48741721854304637
21.0,4.0,20.0,0.3,0.1,0.8,4.0,1347.0,8.0,5.0,0.267260579064588
21.0,4.0,21.0,0.3,0.1,0.8,4.0,1331.0,7.0,2.0,0.2734785875281743
21.0,4.0,22.0,0.3,0.1,0.8,4.0,1298.0,8.0,3.0,0.2711864406779661
21.0,4.0,23.0,0.3,0.1,0.8,4.0,1278.0,16.0,3.0,0.27543035993740217
21.0,4.0,24.0,0.3,0.1,0.8,4.0,1237.0,15.0,6.0,0.274858528698464
21.0,4.0,25.0,0.3,0.1,0.8,4.0,1182.0,18.0,6.0,0.2817258883248731
21.0,4.0,26.0,0.3,0.1,0.8,4.0,1167.0,27.0,7.0,0.2776349614395887
21.0,4.0,27.0,0.3,0.1,0.8,4.0,1117.0,22.0,8.0,0.2802148612354521
21.0,4.0,28.0,0.3,0.1,0.8,4.0,1085.0,20.0,11.0,0.28110599078341014
21.0,4.0,29.0,0.3,0.1,0.8,4.0,1048.0,24.0,11.0,0.2833969465648855
21.0,4.0,30.0,0.3,0.1,0.8,4.0,1029.0,22.0,10.0,0.28668610301263364
21.0,4.0,31.0,0.3,0.1,0.8,4.0,1023.0,19.0,8.0,0.2873900293255132
21.0,4.0,32.0,0.3,0.1,0.8,4.0,1020.0,22.0,9.0,0.28823529411764703
21.0,4.0,33.0,0.3,0.1,0.8,4.0,1008.0,24.0,13.0,0.2876984126984127
21.0,4.0,34.0,0.3,0.1,0.8,4.0,952.0,22.0,9.0,0.29411764705882354
21.0,4.0,35.0,0.3,0.1,0.8,4.0,930.0,26.0,13.0,0.2956989247311828
21.0,4.0,36.0,0.3,0.1,0.8,4.0,923.0,31.0,10.0,0.29577464788732394
21.0,4.0,37.0,0.3,0.1,0.8,4.0,917.0,34.0,13.0,0.2966194111232279
21.0,4.0,38.0,0.3,0.1,0.8,4.0,880.0,32.0,12.0,0.30113636363636365
21.0,4.0,39.0,0.3,0.1,0.8,4.0,877.0,35.0,19.0,0.3033067274800456
21.0,4.0,40.0,0.3,0.1,0.8,4.0,846.0,35.0,19.0,0.3049645390070922
21.0,4.0,41.0,0.3,0.1,0.8,4.0,833.0,38.0,17.0,0.304921968787515
21.0,4.0,42.0,0.3,0.1,0.8,4.0,807.0,35.0,14.0,0.3135068153655514
21.0,4.0,43.0,0.3,0.1,0.8,4.0,791.0,34.0,14.0,0.3122629582806574
21.0,4.0,44.0,0.3,0.1,0.8,4.0,785.0,32.0,18.0,0.3146496815286624
21.0,4.0,45.0,0.3,0.1,0.8,4.0,780.0,36.0,19.0,0.46153846153846156
21.0,4.0,46.0,0.3,0.1,0.8,4.0,768.0,34.0,14.0,0.4596354166666667
21.0,4.0,47.0,0.3,0.1,0.8,4.0,754.0,28.0,11.0,0.46551724137931033
21.0,4.0,48.0,0.3,0.1,0.8,4.0,753.0,26.0,12.0,0.4674634794156706
21.0,4.0,49.0,0.3,0.1,0.8,4.0,747.0,27.0,18.0,0.4685408299866131
21.0,4.0,50.0,0.3,0.1,0.8,4.0,744.0,31.0,18.0,0.46774193548387094
21.0,4.0,51.0,0.3,0.1,0.8,4.0,732.0,33.0,16.0,0.4713114754098361
21.0,4.0,52.0,0.3,0.1,0.8,4.0,730.0,27.0,11.0,0.4726027397260274
21.0,5.0,1.0,0.3,0.1,0.8,4.0,715.0,23.0,9.0,0.4727272727272727
21.0,5.0,2.0,0.3,0.1,0.8,4.0,704.0,21.0,9.0,0.47301136363636365
21.0,5.0,3.0,0.3,0.1,0.8,4.0,692.0,19.0,10.0,0.4754335260115607
21.0,5.0,4.0,0.3,0.1,0.8,4.0,680.0,24.0,11.0,0.47058823529411764
21.0,5.0,5.0,0.3,0.1,0.8,4.0,658.0,22.0,12.0,0.4726443768996961
21.0,5.0,6.0,0.3,0.1,0.8,4.0,656.0,19.0,12.0,0.4740853658536585
21.0,5.0,7.0,0.3,0.1,0.8,4.0,644.0,19.0,11.0,0.4751552795031056
21.0,5.0,8.0,0.3,0.1,0.8,4.0,640.0,19.0,8.0,0.4765625
21.0,5.0,9.0,0.3,0.1,0.8,4.0,631.0,15.0,7.0,0.48177496038034867
21.0,5.0,10.0,0.3,0.1,0.8,4.0,629.0,14.0,9.0,0.48171701112877585
21.0,5.0,11.0,0.3,0.1,0.8,4.0,623.0,15.0,8.0,0.48475120385232745
21.0,5.0,12.0,0.3,0.1,0.8,4.0,625.0,12.0,7.0,0.4848
21.0,5.0,13.0,0.3,0.1,0.8,4.0,614.0,9.0,5.0,0.48859934853420195
21.0,5.0,14.0,0.3,0.1,0.8,4.0,618.0,8.0,7.0,0.4886731391585761
21.0,5.0,15.0,0.3,0.1,0.8,4.0,611.0,6.0,5.0,0.4909983633387889
21.0,5.0,16.0,0.3,0.1,0.8,4.0,612.0,5.0,2.0,0.4934640522875817
21.0,5.0,17.0,0.3,0.1,0.8,4.0,606.0,4.0,2.0,0.4933993399339934
21.0,5.0,18.0,0.3,0.1,0.8,4.0,607.0,3.0,2.0,0.4942339373970346
21.0,5.0,19.0,0.3,0.1,0.8,4.0,604.0,6.0,4.0,0.4917218543046358
21.0,5.0,20.0,0.3,0.1,0.8,4.0,1109.0,5.0,2.0,0.2696122633002705
21.0,5.0,21.0,0.3,0.1,0.8,4.0,1069.0,5.0,2.0,0.2684752104770814
21.0,5.0,22.0,0.3,0.1,0.8,4.0,1029.0,4.0,2.0,0.2750242954324587
21.0,5.0,23.0,0.3,0.1,0.8,4.0,982.0,10.0,2.0,0.2790224032586558
21.0,5.0,24.0,0.3,0.1,0.8,4.0,980.0,9.0,2.0,0.2795918367346939
21.0,5.0,25.0,0.3,0.1,0.8,4.0,948.0,11.0,3.0,0.2869198312236287
21.0,5.0,26.0,0.3,0.1,0.8,4.0,949.0,14.0,3.0,0.2845100105374078
21.0,5.0,27.0,0.3,0.1,0.8,4.0,908.0,14.0,5.0,0.2918502202643172
21.0,5.0,28.0,0.3,0.1,0.8,4.0,898.0,11.0,4.0,0.29175946547884185
21.0,5.0,29.0,0.3,0.1,0.8,4.0,884.0,13.0,7.0,0.29638009049773756
21.0,5.0,30.0,0.3,0.1,0.8,4.0,854.0,12.0,7.0,0.29859484777517564
21.0,5.0,31.0,0.3,0.1,0.8,4.0,832.0,10.0,6.0,0.30649038461538464
21.0,5.0,32.0,0.3,0.1,0.8,4.0,828.0,7.0,5.0,0.30434782608695654
21.0,5.0,33.0,0.3,0.1,0.8,4.0,824.0,6.0,5.0,0.308252427184466
21.0,5.0,34.0,0.3,0.1,0.8,4.0,805.0,6.0,3.0,0.306832298136646
21.0,5.0,35.0,0.3,0.1,0.8,4.0,799.0,5.0,1.0,0.3141426783479349
21.0,5.0,36.0,0.3,0.1,0.8,4.0,780.0,5.0,0.0,0.31153846153846154
21.0,5.0,37.0,0.3,0.1,0.8,4.0,774.0,5.0,2.0,0.3152454780361757
21.0,5.0,38.0,0.3,0.1,0.8,4.0,773.0,5.0,4.0,0.31047865459249674
21.0,5.0,39.0,0.3,0.1,0.8,4.0,760.0,3.0,2.0,0.30657894736842106
21.0,5.0,40.0,0.3,0.1,0.8,4.0,758.0,2.0,1.0,0.3034300791556728
21.0,5.0,41.0,0.3,0.1,0.8,4.0,759.0,2.0,1.0,0.3069828722002635
21.0,5.0,42.0,0.3,0.1,0.8,4.0,756.0,1.0,0.0,0.3029100529100529
21.0,5.0,43.0,0.3,0.1,0.8,4.0,759.0,1.0,1.0,0.3069828722002635
21.0,5.0,44.0,0.3,0.1,0.8,4.0,758.0,1.0,1.0,0.3034300791556728
21.0,5.0,45.0,0.3,0.1,0.8,4.0,758.0,1.0,1.0,0.45118733509234826
21.0,5.0,46.0,0.3,0.1,0.8,4.0,746.0,0.0,0.0,0.450402144772118
21.0,5.0,47.0,0.3,0.1,0.8,4.0,731.0,0.0,0.0,0.4473324213406293
21.0,5.0,48.0,0.3,0.1,0.8,4.0,732.0,0.0,0.0,0.44672131147540983
21.0,5.0,49.0,0.3,0.1,0.8,4.0,731.0,0.0,0.0,0.4473324213406293
21.0,5.0,50.0,0.3,0.1,0.8,4.0,733.0,0.0,0.0,0.44747612551159616
21.0,5.0,51.0,0.3,0.1,0.8,4.0,729.0,0.0,0.0,0.4430727023319616
21.0,5.0,52.0,0.3,0.1,0.8,4.0,700.0,0.0,0.0,0.4514285714285714
21.0,6.0,1.0,0.3,0.1,0.8,4.0,699.0,0.0,0.0,0.45064377682403434
21.0,6.0,2.0,0.3,0.1,0.8,4.0,699.0,0.0,0.0,0.45064377682403434
21.0,6.0,3.0,0.3,0.1,0.8,4.0,697.0,0.0,0.0,0.4490674318507891
21.0,6.0,4.0,0.3,0.1,0.8,4.0,696.0,0.0,0.0,0.44971264367816094
21.0,6.0,5.0,0.3,0.1,0.8,4.0,692.0,0.0,0.0,0.44653179190751446
21.0,6.0,6.0,0.3,0.1,0.8,4.0,691.0,0.0,0.0,0.447178002894356
21.0,6.0,7.0,0.3,0.1,0.8,4.0,689.0,0.0,0.0,0.4455732946298984
21.0,6.0,8.0,0.3,0.1,0.8,4.0,675.0,0.0,0.0,0.44592592592592595
21.0,6.0,9.0,0.3,0.1,0.8,4.0,672.0,0.0,0.0,0.44345238095238093
21.0,6.0,10.0,0.3,0.1,0.8,4.0,675.0,0.0,0.0,0.4444444444444444
21.0,6.0,11.0,0.3,0.1,0.8,4.0,669.0,0.0,0.0,0.44245142002989535
21.0,6.0,12.0,0.3,0.1,0.8,4.0,671.0,0.0,0.0,0.44411326378539495
21.0,6.0,13.0,0.3,0.1,0.8,4.0,666.0,0.0,0.0,0.4444444444444444
21.0,6.0,14.0,0.3,0.1,0.8,4.0,667.0,0.0,0.0,0.44377811094452774
21.0,6.0,15.0,0.3,0.1,0.8,4.0,666.0,0.0,0.0,0.44594594594594594
21.0,6.0,16.0,0.3,0.1,0.8,4.0,668.0,0.0,0.0,0.44610778443113774
21.0,6.0,17.0,0.3,0.1,0.8,4.0,664.0,0.0,0.0,0.4442771084337349
21.0,6.0,18.0,0.3,0.1,0.8,4.0,665.0,0.0,0.0,0.44511278195488724
21.0,6.0,19.0,0.3,0.1,0.8,4.0,662.0,0.0,0.0,0.4425981873111782
21.0,6.0,20.0,0.3,0.1,0.8,4.0,1255.0,0.0,0.0,0.23346613545816733
21.0,6.0,21.0,0.3,0.1,0.8,4.0,1249.0,0.0,0.0,0.23298638911128902
21.0,6.0,22.0,0.3,0.1,0.8,4.0,1196.0,0.0,0.0,0.23494983277591974
21.0,6.0,23.0,0.3,0.1,0.8,4.0,1166.0,0.0,0.0,0.23756432246998285
21.0,6.0,24.0,0.3,0.1,0.8,4.0,1119.0,0.0,0.0,0.24039320822162646
21.0,6.0,25.0,0.3,0.1,0.8,4.0,1073.0,0.0,0.0,0.24324324324324326
21.0,6.0,26.0,0.3,0.1,0.8,4.0,1072.0,0.0,0.0,0.24253731343283583
21.0,6.0,27.0,0.3,0.1,0.8,4.0,1076.0,0.0,0.0,0.24442379182156135
21.0,6.0,28.0,0.3,0.1,0.8,4.0,1033.0,0.0,0.0,0.23910939012584706
21.0,6.0,29.0,0.3,0.1,0.8,4.0,995.0,0.0,0.0,0.24321608040201004
21.0,6.0,30.0,0.3,0.1,0.8,4.0,985.0,0.0,0.0,0.24568527918781727
21.0,6.0,31.0,0.3,0.1,0.8,4.0,952.0,0.0,0.0,0.25210084033613445
21.0,6.0,32.0,0.3,0.1,0.8,4.0,938.0,0.0,0.0,0.2526652452025586
21.0,6.0,33.0,0.3,0.1,0.8,4.0,920.0,0.0,0.0,0.2554347826086957
21.0,6.0,34.0,0.3,0.1,0.8,4.0,914.0,0.0,0.0,0.2549234135667396
21.0,6.0,35.0,0.3,0.1,0.8,4.0,911.0,0.0,0.0,0.25466520307354557
21.0,6.0,36.0,0.3,0.1,0.8,4.0,892.0,0.0,0.0,0.2533632286995516
21.0,6.0,37.0,0.3,0.1,0.8,4.0,851.0,0.0,0.0,0.2573443008225617
21.0,6.0,38.0,0.3,0.1,0.8,4.0,852.0,0.0,0.0,0.25704225352112675
21.0,6.0,39.0,0.3,0.1,0.8,4.0,847.0,0.0,0.0,0.256198347107438
21.0,6.0,40.0,0.3,0.1,0.8,4.0,846.0,0.0,0.0,0.2553191489361702
21.0,6.0,41.0,0.3,0.1,0.8,4.0,842.0,0.0,0.0,0.25653206650831356
21.0,6.0,42.0,0.3,0.1,0.8,4.0,847.0,0.0,0.0,0.256198347107438
21.0,6.0,43.0,0.3,0.1,0.8,4.0,824.0,0.0,0.0,0.2536407766990291
21.0,6.0,44.0,0.3,0.1,0.8,4.0,827.0,0.0,0.0,0.2539298669891173
21.0,6.0,45.0,0.3,0.1,0.8,4.0,815.0,0.0,0.0,0.3889570552147239
21.0,6.0,46.0,0.3,0.1,0.8,4.0,774.0,0.0,0.0,0.39276485788113696
21.0,6.0,47.0,0.3,0.1,0.8,4.0,759.0,0.0,0.0,0.3939393939393939
21.0,6.0,48.0,0.3,0.1,0.8,4.0,747.0,0.0,0.0,0.39357429718875503
21.0,6.0,49.0,0.3,0.1,0.8,4.0,730.0,0.0,0.0,0.39863013698630134
21.0,6.0,50.0,0.3,0.1,0.8,4.0,730.0,0.0,0.0,0.3972602739726027
21.0,6.0,51.0,0.3,0.1,0.8,4.0,717.0,0.0,0.0,0.398884239888424
21.0,6.0,52.0,0.3,0.1,0.8,4.0,705.0,0.0,0.0,0.3971631205673759
21.0,7.0,1.0,0.3,0.1,0.8,4.0,695.0,0.0,0.0,0.4014388489208633
21.0,7.0,2.0,0.3,0.1,0.8,4.0,679.0,0.0,0.0,0.3961708394698085
21.0,7.0,3.0,0.3,0.1,0.8,4.0,679.0,0.0,0.0,0.3961708394698085
21.0,7.0,4.0,0.3,0.1,0.8,4.0,677.0,0.0,0.0,0.39586410635155095
21.0,7.0,5.0,0.3,0.1,0.8,4.0,675.0,0.0,0.0,0.3940740740740741
21.0,7.0,6.0,0.3,0.1,0.8,4.0,672.0,0.0,0.0,0.3943452380952381
21.0,7.0,7.0,0.3,0.1,0.8,4.0,676.0,0.0,0.0,0.39349112426035504
21.0,7.0,8.0,0.3,0.1,0.8,4.0,670.0,0.0,0.0,0.3940298507462687
21.0,7.0,9.0,0.3,0.1,0.8,4.0,673.0,0.0,0.0,0.3922734026745914
21.0,7.0,10.0,0.3,0.1,0.8,4.0,668.0,0.0,0.0,0.39520958083832336
21.0,7.0,11.0,0.3,0.1,0.8,4.0,672.0,0.0,0.0,0.39285714285714285
21.0,7.0,12.0,0.3,0.1,0.8,4.0,670.0,0.0,0.0,0.39552238805970147
21.0,7.0,13.0,0.3,0.1,0.8,4.0,667.0,0.0,0.0,0.39430284857571213
21.0,7.0,14.0,0.3,0.1,0.8,4.0,663.0,0.0,0.0,0.3936651583710407
21.0,7.0,15.0,0.3,0.1,0.8,4.0,664.0,0.0,0.0,0.39156626506024095
21.0,7.0,16.0,0.3,0.1,0.8,4.0,662.0,0.0,0.0,0.3942598187311178
21.0,7.0,17.0,0.3,0.1,0.8,4.0,665.0,0.0,0.0,0.39097744360902253
21.0,7.0,18.0,0.3,0.1,0.8,4.0,659.0,0.0,0.0,0.3915022761760243
21.0,7.0,19.0,0.3,0.1,0.8,4.0,661.0,0.0,0.0,0.3888048411497731
21.0,7.0,20.0,0.3,0.1,0.8,4.0,1204.0,0.0,0.0,0.21428571428571427
21.0,7.0,21.0,0.3,0.1,0.8,4.0,1134.0,0.0,0.0,0.21957671957671956
21.0,7.0,22.0,0.3,0.1,0.8,4.0,1148.0,0.0,0.0,0.21951219512195122
21.0,7.0,23.0,0.3,0.1,0.8,4.0,1115.0,0.0,0.0,0.22242152466367712
21.0,7.0,24.0,0.3,0.1,0.8,4.0,1086.0,0.0,0.0,0.22191528545119704
21.0,7.0,25.0,0.3,0.1,0.8,4.0,1071.0,0.0,0.0,0.2222222222222222
21.0,7.0,26.0,0.3,0.1,0.8,4.0,1061.0,0.0,0.0,0.22054665409990576
21.0,7.0,27.0,0.3,0.1,0.8,4.0,1058.0,0.0,0.0,0.21833648393194707
21.0,7.0,28.0,0.3,0.1,0.8,4.0,1040.0,0.0,0.0,0.21923076923076923
21.0,7.0,29.0,0.3,0.1,0.8,4.0,1024.0,0.0,0.0,0.2197265625
21.0,7.0,30.0,0.3,0.1,0.8,4.0,1012.0,0.0,0.0,0.2183794466403162
21.0,7.0,31.0,0.3,0.1,0.8,4.0,999.0,0.0,0.0,0.22022022022022023
21.0,7.0,32.0,0.3,0.1,0.8,4.0,986.0,0.0,0.0,0.21703853955375255
21.0,7.0,33.0,0.3,0.1,0.8,4.0,937.0,0.0,0.0,0.21558164354322304
21.0,7.0,34.0,0.3,0.1,0.8,4.0,897.0,0.0,0.0,0.21627647714604237
21.0,7.0,35.0,0.3,0.1,0.8,4.0,888.0,0.0,0.0,0.21734234234234234
21.0,7.0,36.0,0.3,0.1,0.8,4.0,872.0,0.0,0.0,0.21674311926605505
21.0,7.0,37.0,0.3,0.1,0.8,4.0,858.0,0.0,0.0,0.21678321678321677
21.0,7.0,38.0,0.3,0.1,0.8,4.0,849.0,0.0,0.0,0.21790341578327443
21.0,7.0,39.0,0.3,0.1,0.8,4.0,809.0,0.0,0.0,0.22126081582200247
21.0,7.0,40.0,0.3,0.1,0.8,4.0,809.0,0.0,0.0,0.22249690976514216
21.0,7.0,41.0,0.3,0.1,0.8,4.0,799.0,0.0,0.0,0.2202753441802253
21.0,7.0,42.0,0.3,0.1,0.8,4.0,809.0,0.0,0.0,0.22249690976514216
21.0,7.0,43.0,0.3,0.1,0.8,4.0,767.0,0.0,0.0,0.22033898305084745
21.0,7.0,44.0,0.3,0.1,0.8,4.0,757.0,0.0,0.0,0.22457067371202113
21.0,7.0,45.0,0.3,0.1,0.8,4.0,747.0,0.0,0.0,0.4149933065595716
21.0,7.0,46.0,0.3,0.1,0.8,4.0,760.0,0.0,0.0,0.4144736842105263
21.0,7.0,47.0,0.3,0.1,0.8,4.0,743.0,0.0,0.0,0.414535666218035
21.0,7.0,48.0,0.3,0.1,0.8,4.0,736.0,0.0,0.0,0.41847826086956524
21.0,7.0,49.0,0.3,0.1,0.8,4.0,713.0,0.0,0.0,0.4221598877980365
21.0,7.0,50.0,0.3,0.1,0.8,4.0,726.0,0.0,0.0,0.418732782369146
21.0,7.0,51.0,0.3,0.1,0.8,4.0,711.0,0.0,0.0,0.42053445850914206
21.0,7.0,52.0,0.3,0.1,0.8,4.0,723.0,0.0,0.0,0.41632088520055327
21.0,8.0,1.0,0.3,0.1,0.8,4.0,710.0,0.0,0.0,0.4197183098591549
21.0,8.0,2.0,0.3,0.1,0.8,4.0,710.0,0.0,0.0,0.4169014084507042
21.0,8.0,3.0,0.3,0.1,0.8,4.0,696.0,0.0,0.0,0.4209770114942529
21.0,8.0,4.0,0.3,0.1,0.8,4.0,710.0,0.0,0.0,0.4183098591549296
21.0,8.0,5.0,0.3,0.1,0.8,4.0,695.0,0.0,0.0,0.4201438848920863
21.0,8.0,6.0,0.3,0.1,0.8,4.0,709.0,0.0,0.0,0.41889985895627646
21.0,8.0,7.0,0.3,0.1,0.8,4.0,696.0,0.0,0.0,0.41954022988505746
21.0,8.0,8.0,0.3,0.1,0.8,4.0,704.0,0.0,0.0,0.41761363636363635
21.0,8.0,9.0,0.3,0.1,0.8,4.0,692.0,0.0,0.0,0.41763005780346824
21.0,8.0,10.0,0.3,0.1,0.8,4.0,691.0,0.0,0.0,0.4153400868306802
21.0,8.0,11.0,0.3,0.1,0.8,4.0,667.0,0.0,0.0,0.4197901049475262
21.0,8.0,12.0,0.3,0.1,0.8,4.0,676.0,0.0,0.0,0.4156804733727811
21.0,8.0,13.0,0.3,0.1,0.8,4.0,667.0,0.0,0.0,0.41829085457271364
21.0,8.0,14.0,0.3,0.1,0.8,4.0,676.0,0.0,0.0,0.4156804733727811
21.0,8.0,15.0,0.3,0.1,0.8,4.0,664.0,0.0,0.0,0.4171686746987952
21.0,8.0,16.0,0.3,0.1,0.8,4.0,675.0,0.0,0.0,0.4148148148148148
21.0,8.0,17.0,0.3,0.1,0.8,4.0,662.0,0.0,0.0,0.41842900302114805
21.0,8.0,18.0,0.3,0.1,0.8,4.0,670.0,0.0,0.0,0.4164179104477612
21.0,8.0,19.0,0.3,0.1,0.8,4.0,662.0,0.0,0.0,0.41842900302114805
21.0,8.0,20.0,0.3,0.1,0.8,4.0,1193.0,0.0,0.0,0.2330259849119866
21.0,8.0,21.0,0.3,0.1,0.8,4.0,1161.0,0.0,0.0,0.23428079242032732
21.0,8.0,22.0,0.3,0.1,0.8,4.0,1178.0,0.0,0.0,0.23174872665534804
21.0,8.0,23.0,0.3,0.1,0.8,4.0,1088.0,0.0,0.0,0.23988970588235295
21.0,8.0,24.0,0.3,0.1,0.8,4.0,1095.0,0.0,0.0,0.23470319634703196
21.0,8.0,25.0,0.3,0.1,0.8,4.0,1028.0,0.0,0.0,0.2441634241245136
21.0,8.0,26.0,0.3,0.1,0.8,4.0,1024.0,0.0,0.0,0.244140625
21.0,8.0,27.0,0.3,0.1,0.8,4.0,987.0,0.0,0.0,0.24518743667679838
21.0,8.0,28.0,0.3,0.1,0.8,4.0,1004.0,0.0,0.0,0.24402390438247012
21.0,8.0,29.0,0.3,0.1,0.8,4.0,963.0,0.0,0.0,0.24714434060228452
21.0,8.0,30.0,0.3,0.1,0.8,4.0,988.0,0.0,0.0,0.24493927125506074
21.0,8.0,31.0,0.3,0.1,0.8,4.0,971.0,0.0,0.0,0.24613800205973224
21.0,8.0,32.0,0.3,0.1,0.8,4.0,989.0,0.0,0.0,0.24469160768452983
21.0,8.0,33.0,0.3,0.1,0.8,4.0,949.0,0.0,0.0,0.2434141201264489
21.0,8.0,34.0,0.3,0.1,0.8,4.0,937.0,0.0,0.0,0.2390608324439701
21.0,8.0,35.0,0.3,0.1,0.8,4.0,894.0,0.0,0.0,0.24272930648769575
21.0,8.0,36.0,0.3,0.1,0.8,4.0,909.0,0.0,0.0,0.24092409240924093
21.0,8.0,37.0,0.3,0.1,0.8,4.0,894.0,0.0,0.0,0.24272930648769575
21.0,8.0,38.0,0.3,0.1,0.8,4.0,896.0,0.0,0.0,0.24107142857142858
21.0,8.0,39.0,0.3,0.1,0.8,4.0,880.0,0.0,0.0,0.24431818181818182
21.0,8.0,40.0,0.3,0.1,0.8,4.0,885.0,0.0,0.0,0.24180790960451978
21.0,8.0,41.0,0.3,0.1,0.8,4.0,868.0,0.0,0.0,0.24423963133640553
21.0,8.0,42.0,0.3,0.1,0.8,4.0,874.0,0.0,0.0,0.2425629290617849
21.0,8.0,43.0,0.3,0.1,0.8,4.0,857.0,0.0,0.0,0.24504084014002334
21.0,8.0,44.0,0.3,0.1,0.8,4.0,872.0,0.0,0.0,0.24197247706422018
21.0,8.0,45.0,0.3,0.1,0.8,4.0,861.0,0.0,0.0,0.43089430894308944
21.0,8.0,46.0,0.3,0.1,0.8,4.0,872.0,0.0,0.0,0.43119266055045874
21.0,8.0,47.0,0.3,0.1,0.8,4.0,849.0,0.0,0.0,0.43227326266195526
21.0,8.0,48.0,0.3,0.1,0.8,4.0,840.0,0.0,0.0,0.4357142857142857
21.0,8.0,49.0,0.3,0.1,0.8,4.0,836.0,0.0,0.0,0.4354066985645933
21.0,8.0,50.0,0.3,0.1,0.8,4.0,849.0,0.0,0.0,0.43580683156654887
21.0,8.0,51.0,0.3,0.1,0.8,4.0,833.0,0.0,0.0,0.43577430972388953
21.0,8.0,52.0,0.3,0.1,0.8,4.0,835.0,0.0,0.0,0.4359281437125748
21.0,9.0,1.0,0.3,0.1,0.8,4.0,814.0,0.0,0.0,0.43611793611793614
21.0,9.0,2.0,0.3,0.1,0.8,4.0,820.0,0.0,0.0,0.4353658536585366
21.0,9.0,3.0,0.3,0.1,0.8,4.0,802.0,0.0,0.0,0.43640897755610975
21.0,9.0,4.0,0.3,0.1,0.8,4.0,809.0,0.0,0.0,0.43510506798516685
21.0,9.0,5.0,0.3,0.1,0.8,4.0,799.0,0.0,0.0,0.43679599499374216
21.0,9.0,6.0,0.3,0.1,0.8,4.0,810.0,0.0,0.0,0.43580246913580245
21.0,9.0,7.0,0.3,0.1,0.8,4.0,798.0,0.0,0.0,0.43859649122807015
21.0,9.0,8.0,0.3,0.1,0.8,4.0,808.0,0.0,0.0,0.4381188118811881
21.0,9.0,9.0,0.3,0.1,0.8,4.0,791.0,0.0,0.0,0.44374209860935526
21.0,9.0,10.0,0.3,0.1,0.8,4.0,796.0,0.0,0.0,0.44221105527638194
21.0,9.0,11.0,0.3,0.1,0.8,4.0,792.0,0.0,0.0,0.4431818181818182
21.0,9.0,12.0,0.3,0.1,0.8,4.0,795.0,0.0,0.0,0.44150943396226416
21.0,9.0,13.0,0.3,0.1,0.8,4.0,789.0,0.0,0.0,0.4448669201520912
21.0,9.0,14.0,0.3,0.1,0.8,4.0,797.0,0.0,0.0,0.44291091593475534
21.0,9.0,15.0,0.3,0.1,0.8,4.0,775.0,0.0,0.0,0.44516129032258067
21.0,9.0,16.0,0.3,0.1,0.8,4.0,779.0,0.0,0.0,0.4492939666238768
21.0,9.0,17.0,0.3,0.1,0.8,4.0,757.0,0.0,0.0,0.44914134742404227
21.0,9.0,18.0,0.3,0.1,0.8,4.0,760.0,0.0,0.0,0.45
21.0,9.0,19.0,0.3,0.1,0.8,4.0,754.0,0.0,0.0,0.4482758620689655
21.0,9.0,20.0,0.3,0.1,0.8,4.0,1332.0,0.0,0.0,0.25
21.0,9.0,21.0,0.3,0.1,0.8,4.0,1275.0,0.0,0.0,0.24705882352941178
21.0,9.0,22.0,0.3,0.1,0.8,4.0,1271.0,0.0,0.0,0.24940991345397326
21.0,9.0,23.0,0.3,0.1,0.8,4.0,1247.0,0.0,0.0,0.24939855653568566
21.0,9.0,24.0,0.3,0.1,0.8,4.0,1216.0,0.0,0.0,0.2532894736842105
21.0,9.0,25.0,0.3,0.1,0.8,4.0,1145.0,0.0,0.0,0.25065502183406113
21.0,9.0,26.0,0.3,0.1,0.8,4.0,1161.0,0.0,0.0,0.2532299741602067
21.0,9.0,27.0,0.3,0.1,0.8,4.0,1117.0,0.0,0.0,0.25425246195165624
21.0,9.0,28.0,0.3,0.1,0.8,4.0,1113.0,0.0,0.0,0.25965858041329737
21.0,9.0,29.0,0.3,0.1,0.8,4.0,1081.0,0.0,0.0,0.25716928769657726
21.0,9.0,30.0,0.3,0.1,0.8,4.0,1072.0,0.0,0.0,0.25652985074626866
21.0,9.0,31.0,0.3,0.1,0.8,4.0,1022.0,0.0,0.0,0.2622309197651663
21.0,9.0,32.0,0.3,0.1,0.8,4.0,1009.0,0.0,0.0,0.2666005946481665
21.0,9.0,33.0,0.3,0.1,0.8,4.0,1004.0,0.0,0.0,0.2649402390438247
21.0,9.0,34.0,0.3,0.1,0.8,4.0,995.0,0.0,0.0,0.26834170854271355
21.0,9.0,35.0,0.3,0.1,0.8,4.0,993.0,0.0,0.0,0.26586102719033233
21.0,9.0,36.0,0.3,0.1,0.8,4.0,983.0,0.0,0.0,0.2706002034587996
21.0,9.0,37.0,0.3,0.1,0.8,4.0,967.0,0.0,0.0,0.2647362978283351
21.0,9.0,38.0,0.3,0.1,0.8,4.0,955.0,0.0,0.0,0.27015706806282724
21.0,9.0,39.0,0.3,0.1,0.8,4.0,949.0,0.0,0.0,0.2655426765015806
21.0,9.0,40.0,0.3,0.1,0.8,4.0,945.0,0.0,0.0,0.2698412698412698
21.0,9.0,41.0,0.3,0.1,0.8,4.0,923.0,0.0,0.0,0.26543878656554715
21.0,9.0,42.0,0.3,0.1,0.8,4.0,932.0,0.0,0.0,0.27145922746781115
21.0,9.0,43.0,0.3,0.1,0.8,4.0,893.0,0.0,0.0,0.26763717805151177
21.0,9.0,44.0,0.3,0.1,0.8,4.0,901.0,0.0,0.0,0.27192008879023305
21.0,9.0,45.0,0.3,0.1,0.8,4.0,899.0,0.0,0.0,0.42825361512791993
21.0,9.0,46.0,0.3,0.1,0.8,4.0,889.0,0.0,0.0,0.43194600674915634
21.0,9.0,47.0,0.3,0.1,0.8,4.0,872.0,0.0,0.0,0.4334862385321101
21.0,9.0,48.0,0.3,0.1,0.8,4.0,863.0,0.0,0.0,0.43568945538818077
21.0,9.0,49.0,0.3,0.1,0.8,4.0,857.0,0.0,0.0,0.4329054842473746
21.0,9.0,50.0,0.3,0.1,0.8,4.0,862.0,0.0,0.0,0.43503480278422274
21.0,9.0,51.0,0.3,0.1,0.8,4.0,841.0,0.0,0.0,0.4340071343638526
21.0,9.0,52.0,0.3,0.1,0.8,4.0,847.0,0.0,0.0,0.43919716646989376
21.0,10.0,1.0,0.3,0.1,0.8,4.0,840.0,0.0,0.0,0.43452380952380953
21.0,10.0,2.0,0.3,0.1,0.8,4.0,847.0,0.0,0.0,0.44037780401416765
21.0,10.0,3.0,0.3,0.1,0.8,4.0,826.0,0.0,0.0,0.4322033898305085
21.0,10.0,4.0,0.3,0.1,0.8,4.0,833.0,0.0,0.0,0.43937575030012005
21.0,10.0,5.0,0.3,0.1,0.8,4.0,814.0,0.0,0.0,0.4312039312039312
21.0,10.0,6.0,0.3,0.1,0.8,4.0,807.0,0.0,0.0,0.4436183395291202
21.0,10.0,7.0,0.3,0.1,0.8,4.0,805.0,0.0,0.0,0.43850931677018634
21.0,10.0,8.0,0.3,0.1,0.8,4.0,795.0,0.0,0.0,0.44654088050314467
21.0,10.0,9.0,0.3,0.1,0.8,4.0,775.0,0.0,0.0,0.44129032258064516
21.0,10.0,10.0,0.3,0.1,0.8,4.0,777.0,0.0,0.0,0.45045045045045046
21.0,10.0,11.0,0.3,0.1,0.8,4.0,769.0,0.0,0.0,0.4408322496749025
21.0,10.0,12.0,0.3,0.1,0.8,4.0,774.0,0.0,0.0,0.4509043927648579
21.0,10.0,13.0,0.3,0.1,0.8,4.0,770.0,0.0,0.0,0.44155844155844154
21.0,10.0,14.0,0.3,0.1,0.8,4.0,772.0,0.0,0.0,0.45077720207253885
21.0,10.0,15.0,0.3,0.1,0.8,4.0,766.0,0.0,0.0,0.4425587467362924
21.0,10.0,16.0,0.3,0.1,0.8,4.0,773.0,0.0,0.0,0.4514877102199224
21.0,10.0,17.0,0.3,0.1,0.8,4.0,768.0,0.0,0.0,0.4427083333333333
21.0,10.0,18.0,0.3,0.1,0.8,4.0,773.0,0.0,0.0,0.4489003880983182
21.0,10.0,19.0,0.3,0.1,0.8,4.0,766.0,0.0,0.0,0.4425587467362924
21.0,10.0,20.0,0.3,0.1,0.8,4.0,1401.0,0.0,0.0,0.23411848679514632
21.0,10.0,21.0,0.3,0.1,0.8,4.0,1334.0,0.0,0.0,0.2331334332833583
21.0,10.0,22.0,0.3,0.1,0.8,4.0,1256.0,0.0,0.0,0.2444267515923567
21.0,10.0,23.0,0.3,0.1,0.8,4.0,1208.0,0.0,0.0,0.24089403973509935
21.0,10.0,24.0,0.3,0.1,0.8,4.0,1182.0,0.0,0.0,0.24873096446700507
21.0,10.0,25.0,0.3,0.1,0.8,4.0,1156.0,0.0,0.0,0.24653979238754326
21.0,10.0,26.0,0.3,0.1,0.8,4.0,1109.0,0.0,0.0,0.25969341749323716
21.0,10.0,27.0,0.3,0.1,0.8,4.0,1068.0,0.0,0.0,0.2565543071161049
21.0,10.0,28.0,0.3,0.1,0.8,4.0,1026.0,0.0,0.0,0.2631578947368421
21.0,10.0,29.0,0.3,0.1,0.8,4.0,1004.0,0.0,0.0,0.25796812749003983
21.0,10.0,30.0,0.3,0.1,0.8,4.0,998.0,0.0,0.0,0.26452905811623245
21.0,10.0,31.0,0.3,0.1,0.8,4.0,992.0,0.0,0.0,0.25705645161290325
21.0,10.0,32.0,0.3,0.1,0.8,4.0,985.0,0.0,0.0,0.2639593908629442
21.0,10.0,33.0,0.3,0.1,0.8,4.0,963.0,0.0,0.0,0.2616822429906542
21.0,10.0,34.0,0.3,0.1,0.8,4.0,920.0,0.0,0.0,0.2728260869565217
21.0,10.0,35.0,0.3,0.1,0.8,4.0,913.0,0.0,0.0,0.2672508214676889
21.0,10.0,36.0,0.3,0.1,0.8,4.0,899.0,0.0,0.0,0.27697441601779754
21.0,10.0,37.0,0.3,0.1,0.8,4.0,877.0,0.0,0.0,0.27137970353477764
21.0,10.0,38.0,0.3,0.1,0.8,4.0,872.0,0.0,0.0,0.2786697247706422
21.0,10.0,39.0,0.3,0.1,0.8,4.0,861.0,0.0,0.0,0.27293844367015097
21.0,10.0,40.0,0.3,0.1,0.8,4.0,862.0,0.0,0.0,0.2842227378190255
21.0,10.0,41.0,0.3,0.1,0.8,4.0,841.0,0.0,0.0,0.27824019024970276
21.0,10.0,42.0,0.3,0.1,0.8,4.0,852.0,0.0,0.0,0.2852112676056338
21.0,10.0,43.0,0.3,0.1,0.8,4.0,839.0,0.0,0.0,0.27771156138259834
21.0,10.0,44.0,0.3,0.1,0.8,4.0,850.0,0.0,0.0,0.28352941176470586
21.0,10.0,45.0,0.3,0.1,0.8,4.0,840.0,0.0,0.0,0.4142857142857143
21.0,10.0,46.0,0.3,0.1,0.8,4.0,848.0,0.0,0.0,0.419811320754717
21.0,10.0,47.0,0.3,0.1,0.8,4.0,824.0,0.0,0.0,0.41383495145631066
21.0,10.0,48.0,0.3,0.1,0.8,4.0,818.0,0.0,0.0,0.4254278728606357
21.0,10.0,49.0,0.3,0.1,0.8,4.0,794.0,0.0,0.0,0.4181360201511335
21.0,10.0,50.0,0.3,0.1,0.8,4.0,810.0,0.0,0.0,0.42592592592592593
21.0,10.0,51.0,0.3,0.1,0.8,4.0,795.0,0.0,0.0,0.4176100628930818
21.0,10.0,52.0,0.3,0.1,0.8,4.0,810.0,0.0,0.0,0.42592592592592593
22.0,1.0,1.0,0.3,0.1,0.8,4.0,5184.0,53.0,13.0,0.2899305555555556
22.0,1.0,2.0,0.3,0.1,0.8,4.0,5176.0,59.0,23.0,0.2884466769706337
22.0,1.0,3.0,0.3,0.1,0.8,4.0,5088.0,75.0,33.0,0.2904874213836478
22.0,1.0,4.0,0.3,0.1,0.8,4.0,4985.0,80.0,32.0,0.2922768304914744
22.0,1.0,5.0,0.3,0.1,0.8,4.0,5003.0,98.0,37.0,0.2958225064961023
22.0,1.0,6.0,0.3,0.1,0.8,4.0,4878.0,112.0,42.0,0.2958179581795818
22.0,1.0,7.0,0.3,0.1,0.8,4.0,4761.0,125.0,53.0,0.2961562696912413
22.0,1.0,8.0,0.3,0.1,0.8,4.0,4570.0,124.0,55.0,0.2991247264770241
22.0,1.0,9.0,0.3,0.1,0.8,4.0,4478.0,145.0,60.0,0.3001339883876731
22.0,1.0,10.0,0.3,0.1,0.8,4.0,4291.0,156.0,54.0,0.3022605453274295
22.0,1.0,11.0,0.3,0.1,0.8,4.0,4199.0,176.0,64.0,0.30459633246010953
22.0,1.0,12.0,0.3,0.1,0.8,4.0,4029.0,187.0,81.0,0.3052866716306776
22.0,1.0,13.0,0.3,0.1,0.8,4.0,3965.0,204.0,94.0,0.3081967213114754
22.0,1.0,14.0,0.3,0.1,0.8,4.0,3835.0,206.0,92.0,0.3105606258148631
22.0,1.0,15.0,0.3,0.1,0.8,4.0,3765.0,209.0,97.0,0.31288180610889776
22.0,1.0,16.0,0.3,0.1,0.8,4.0,3624.0,213.0,96.0,0.31567328918322296
22.0,1.0,17.0,0.3,0.1,0.8,4.0,3512.0,230.0,99.0,0.31662870159453305
22.0,1.0,18.0,0.3,0.1,0.8,4.0,3411.0,224.0,102.0,0.3207270595133392
22.0,1.0,19.0,0.3,0.1,0.8,4.0,3309.0,227.0,110.0,0.3236627379873073
22.0,1.0,20.0,0.3,0.1,0.8,4.0,6179.0,228.0,111.0,0.16976857096617576
22.0,1.0,21.0,0.3,0.1,0.8,4.0,5860.0,277.0,102.0,0.17150170648464164
22.0,1.0,22.0,0.3,0.1,0.8,4.0,5527.0,325.0,104.0,0.1738737108738918
22.0,1.0,23.0,0.3,0.1,0.8,4.0,5214.0,357.0,125.0,0.17740698120444956
22.0,1.0,24.0,0.3,0.1,0.8,4.0,4992.0,381.0,167.0,0.1780849358974359
22.0,1.0,25.0,0.3,0.1,0.8,4.0,4743.0,404.0,173.0,0.18216318785578747
22.0,1.0,26.0,0.3,0.1,0.8,4.0,4483.0,430.0,181.0,0.18581307160383673
22.0,1.0,27.0,0.3,0.1,0.8,4.0,4155.0,412.0,169.0,0.19061371841155234
22.0,1.0,28.0,0.3,0.1,0.8,4.0,3986.0,412.0,174.0,0.1926743602609132
22.0,1.0,29.0,0.3,0.1,0.8,4.0,3790.0,435.0,188.0,0.19815303430079156
22.0,1.0,30.0,0.3,0.1,0.8,4.0,3660.0,435.0,185.0,0.20327868852459016
22.0,1.0,31.0,0.3,0.1,0.8,4.0,3480.0,447.0,204.0,0.207183908045977
22.0,1.0,32.0,0.3,0.1,0.8,4.0,3319.0,447.0,211.0,0.21452244652003616
22.0,1.0,33.0,0.3,0.1,0.8,4.0,3183.0,450.0,219.0,0.2202324850769714
22.0,1.0,34.0,0.3,0.1,0.8,4.0,3027.0,436.0,201.0,0.22728774364056822
22.0,1.0,35.0,0.3,0.1,0.8,4.0,2848.0,435.0,209.0,0.23700842696629212
22.0,1.0,36.0,0.3,0.1,0.8,4.0,2692.0,449.0,198.0,0.24331352154531946
22.0,1.0,37.0,0.3,0.1,0.8,4.0,2561.0,441.0,193.0,0.24834049199531433
22.0,1.0,38.0,0.3,0.1,0.8,4.0,2375.0,431.0,196.0,0.26063157894736844
22.0,1.0,39.0,0.3,0.1,0.8,4.0,2245.0,418.0,207.0,0.26770601336302896
22.0,1.0,40.0,0.3,0.1,0.8,4.0,2101.0,382.0,200.0,0.27796287482151355
22.0,1.0,41.0,0.3,0.1,0.8,4.0,1979.0,355.0,185.0,0.2885295603840323
22.0,1.0,42.0,0.3,0.1,0.8,4.0,1830.0,320.0,166.0,0.30546448087431693
22.0,1.0,43.0,0.3,0.1,0.8,4.0,1724.0,289.0,157.0,0.31960556844547566
22.0,1.0,44.0,0.3,0.1,0.8,4.0,1627.0,264.0,140.0,0.3275968039336202
22.0,1.0,45.0,0.3,0.1,0.8,4.0,1551.0,238.0,137.0,0.513217279174726
22.0,1.0,46.0,0.3,0.1,0.8,4.0,1478.0,193.0,113.0,0.5182679296346414
22.0,1.0,47.0,0.3,0.1,0.8,4.0,1407.0,166.0,108.0,0.5287846481876333
22.0,1.0,48.0,0.3,0.1,0.8,4.0,1356.0,124.0,79.0,0.5405604719764012
22.0,1.0,49.0,0.3,0.1,0.8,4.0,1306.0,109.0,64.0,0.5505359877488515
22.0,1.0,50.0,0.3,0.1,0.8,4.0,1279.0,87.0,52.0,0.5535574667709148
22.0,1.0,51.0,0.3,0.1,0.8,4.0,1223.0,70.0,44.0,0.5609157808667212
22.0,1.0,52.0,0.3,0.1,0.8,4.0,1208.0,60.0,35.0,0.5645695364238411
22.0,2.0,1.0,0.3,0.1,0.8,4.0,1167.0,46.0,27.0,0.570694087403599
22.0,2.0,2.0,0.3,0.1,0.8,4.0,1155.0,37.0,24.0,0.5757575757575758
22.0,2.0,3.0,0.3,0.1,0.8,4.0,1123.0,37.0,21.0,0.5752448797862867
22.0,2.0,4.0,0.3,0.1,0.8,4.0,1100.0,28.0,17.0,0.5854545454545454
22.0,2.0,5.0,0.3,0.1,0.8,4.0,1069.0,20.0,14.0,0.5855940130963517
22.0,2.0,6.0,0.3,0.1,0.8,4.0,1061.0,16.0,13.0,0.586239396795476
22.0,2.0,7.0,0.3,0.1,0.8,4.0,1034.0,14.0,9.0,0.5899419729206963
22.0,2.0,8.0,0.3,0.1,0.8,4.0,1029.0,10.0,4.0,0.5928085519922255
22.0,2.0,9.0,0.3,0.1,0.8,4.0,1001.0,8.0,4.0,0.5934065934065934
22.0,2.0,10.0,0.3,0.1,0.8,4.0,1005.0,7.0,3.0,0.5940298507462687
22.0,2.0,11.0,0.3,0.1,0.8,4.0,988.0,7.0,4.0,0.5910931174089069
22.0,2.0,12.0,0.3,0.1,0.8,4.0,985.0,4.0,2.0,0.5969543147208122
22.0,2.0,13.0,0.3,0.1,0.8,4.0,965.0,4.0,3.0,0.5927461139896373
22.0,2.0,14.0,0.3,0.1,0.8,4.0,963.0,3.0,2.0,0.5950155763239875
22.0,2.0,15.0,0.3,0.1,0.8,4.0,941.0,2.0,2.0,0.5961742826780021
22.0,2.0,16.0,0.3,0.1,0.8,4.0,934.0,1.0,1.0,0.5985010706638115
22.0,2.0,17.0,0.3,0.1,0.8,4.0,916.0,1.0,1.0,0.5949781659388647
22.0,2.0,18.0,0.3,0.1,0.8,4.0,920.0,0.0,0.0,0.5967391304347827
22.0,2.0,19.0,0.3,0.1,0.8,4.0,907.0,0.0,0.0,0.5964718853362734
22.0,2.0,20.0,0.3,0.1,0.8,4.0,1633.0,0.0,0.0,0.33251684017146355
22.0,2.0,21.0,0.3,0.1,0.8,4.0,1604.0,0.0,0.0,0.32917705735660846
22.0,2.0,22.0,0.3,0.1,0.8,4.0,1592.0,0.0,0.0,0.3316582914572864
22.0,2.0,23.0,0.3,0.1,0.8,4.0,1556.0,0.0,0.0,0.3277634961439589
22.0,2.0,24.0,0.3,0.1,0.8,4.0,1561.0,0.0,0.0,0.32799487508007685
22.0,2.0,25.0,0.3,0.1,0.8,4.0,1500.0,0.0,0.0,0.328
22.0,2.0,26.0,0.3,0.1,0.8,4.0,1459.0,0.0,0.0,0.3331048663468129
22.0,2.0,27.0,0.3,0.1,0.8,4.0,1430.0,0.0,0.0,0.3293706293706294
22.0,2.0,28.0,0.3,0.1,0.8,4.0,1344.0,0.0,0.0,0.3392857142857143
22.0,2.0,29.0,0.3,0.1,0.8,4.0,1282.0,0.0,0.0,0.3369734789391576
22.0,2.0,30.0,0.3,0.1,0.8,4.0,1253.0,0.0,0.0,0.33519553072625696
22.0,2.0,31.0,0.3,0.1,0.8,4.0,1225.0,0.0,0.0,0.33387755102040817
22.0,2.0,32.0,0.3,0.1,0.8,4.0,1191.0,0.0,0.0,0.34005037783375314
22.0,2.0,33.0,0.3,0.1,0.8,4.0,1176.0,0.0,0.0,0.3333333333333333
22.0,2.0,34.0,0.3,0.1,0.8,4.0,1140.0,0.0,0.0,0.33596491228070174
22.0,2.0,35.0,0.3,0.1,0.8,4.0,1137.0,0.0,0.0,0.3333333333333333
22.0,2.0,36.0,0.3,0.1,0.8,4.0,1115.0,0.0,0.0,0.33183856502242154
22.0,2.0,37.0,0.3,0.1,0.8,4.0,1107.0,0.0,0.0,0.3288166214995483
22.0,2.0,38.0,0.3,0.1,0.8,4.0,1099.0,0.0,0.0,0.3321201091901729
22.0,2.0,39.0,0.3,0.1,0.8,4.0,1061.0,0.0,0.0,0.32704995287464655
22.0,2.0,40.0,0.3,0.1,0.8,4.0,1050.0,0.0,0.0,0.32571428571428573
22.0,2.0,41.0,0.3,0.1,0.8,4.0,1041.0,0.0,0.0,0.3256484149855908
22.0,2.0,42.0,0.3,0.1,0.8,4.0,1017.0,0.0,0.0,0.32645034414945917
22.0,2.0,43.0,0.3,0.1,0.8,4.0,1022.0,0.0,0.0,0.324853228962818
22.0,2.0,44.0,0.3,0.1,0.8,4.0,1010.0,0.0,0.0,0.32574257425742575
22.0,2.0,45.0,0.3,0.1,0.8,4.0,985.0,0.0,0.0,0.46598984771573604
22.0,2.0,46.0,0.3,0.1,0.8,4.0,979.0,0.0,0.0,0.4616956077630235
22.0,2.0,47.0,0.3,0.1,0.8,4.0,948.0,0.0,0.0,0.4609704641350211
22.0,2.0,48.0,0.3,0.1,0.8,4.0,919.0,0.0,0.0,0.4624591947769314
22.0,2.0,49.0,0.3,0.1,0.8,4.0,908.0,0.0,0.0,0.460352422907489
22.0,2.0,50.0,0.3,0.1,0.8,4.0,886.0,0.0,0.0,0.4650112866817156
22.0,2.0,51.0,0.3,0.1,0.8,4.0,859.0,0.0,0.0,0.4668218859138533
22.0,2.0,52.0,0.3,0.1,0.8,4.0,852.0,0.0,0.0,0.4694835680751174
22.0,3.0,1.0,0.3,0.1,0.8,4.0,837.0,0.0,0.0,0.46833930704898447
22.0,3.0,2.0,0.3,0.1,0.8,4.0,837.0,0.0,0.0,0.46714456391875747
22.0,3.0,3.0,0.3,0.1,0.8,4.0,820.0,0.0,0.0,0.4682926829268293
22.0,3.0,4.0,0.3,0.1,0.8,4.0,820.0,0.0,0.0,0.4695121951219512
22.0,3.0,5.0,0.3,0.1,0.8,4.0,805.0,0.0,0.0,0.4658385093167702
22.0,3.0,6.0,0.3,0.1,0.8,4.0,808.0,0.0,0.0,0.46534653465346537
22.0,3.0,7.0,0.3,0.1,0.8,4.0,798.0,0.0,0.0,0.46365914786967416
22.0,3.0,8.0,0.3,0.1,0.8,4.0,801.0,0.0,0.0,0.4631710362047441
22.0,3.0,9.0,0.3,0.1,0.8,4.0,777.0,0.0,0.0,0.46589446589446587
22.0,3.0,10.0,0.3,0.1,0.8,4.0,774.0,0.0,0.0,0.4715762273901809
22.0,3.0,11.0,0.3,0.1,0.8,4.0,757.0,0.0,0.0,0.47291941875825627
22.0,3.0,12.0,0.3,0.1,0.8,4.0,755.0,0.0,0.0,0.4741721854304636
22.0,3.0,13.0,0.3,0.1,0.8,4.0,735.0,0.0,0.0,0.4748299319727891
22.0,3.0,14.0,0.3,0.1,0.8,4.0,742.0,0.0,0.0,0.4757412398921833
22.0,3.0,15.0,0.3,0.1,0.8,4.0,729.0,0.0,0.0,0.47599451303155005
22.0,3.0,16.0,0.3,0.1,0.8,4.0,726.0,0.0,0.0,0.4807162534435262
22.0,3.0,17.0,0.3,0.1,0.8,4.0,715.0,0.0,0.0,0.4811188811188811
22.0,3.0,18.0,0.3,0.1,0.8,4.0,715.0,0.0,0.0,0.4811188811188811
22.0,3.0,19.0,0.3,0.1,0.8,4.0,707.0,0.0,0.0,0.4794908062234795
22.0,3.0,20.0,0.3,0.1,0.8,4.0,1347.0,0.0,0.0,0.25092798812175204
22.0,3.0,21.0,0.3,0.1,0.8,4.0,1312.0,0.0,0.0,0.25
22.0,3.0,22.0,0.3,0.1,0.8,4.0,1303.0,0.0,0.0,0.2509593246354566
22.0,3.0,23.0,0.3,0.1,0.8,4.0,1242.0,0.0,0.0,0.25442834138486314
22.0,3.0,24.0,0.3,0.1,0.8,4.0,1213.0,0.0,0.0,0.25556471558120364
22.0,3.0,25.0,0.3,0.1,0.8,4.0,1198.0,0.0,0.0,0.2570951585976628
22.0,3.0,26.0,0.3,0.1,0.8,4.0,1203.0,0.0,0.0,0.25602660016625106
22.0,3.0,27.0,0.3,0.1,0.8,4.0,1159.0,0.0,0.0,0.25970664365832613
22.0,3.0,28.0,0.3,0.1,0.8,4.0,1147.0,0.0,0.0,0.25806451612903225
22.0,3.0,29.0,0.3,0.1,0.8,4.0,1102.0,0.0,0.0,0.25862068965517243
22.0,3.0,30.0,0.3,0.1,0.8,4.0,1045.0,0.0,0.0,0.2583732057416268
22.0,3.0,31.0,0.3,0.1,0.8,4.0,970.0,0.0,0.0,0.26288659793814434
22.0,3.0,32.0,0.3,0.1,0.8,4.0,980.0,0.0,0.0,0.25918367346938775
22.0,3.0,33.0,0.3,0.1,0.8,4.0,906.0,0.0,0.0,0.26490066225165565
22.0,3.0,34.0,0.3,0.1,0.8,4.0,905.0,0.0,0.0,0.2640883977900553
22.0,3.0,35.0,0.3,0.1,0.8,4.0,876.0,0.0,0.0,0.2694063926940639
22.0,3.0,36.0,0.3,0.1,0.8,4.0,888.0,0.0,0.0,0.26238738738738737
22.0,3.0,37.0,0.3,0.1,0.8,4.0,856.0,0.0,0.0,0.26401869158878505
22.0,3.0,38.0,0.3,0.1,0.8,4.0,864.0,0.0,0.0,0.25810185185185186
22.0,3.0,39.0,0.3,0.1,0.8,4.0,827.0,0.0,0.0,0.2587666263603386
22.0,3.0,40.0,0.3,0.1,0.8,4.0,820.0,0.0,0.0,0.25609756097560976
22.0,3.0,41.0,0.3,0.1,0.8,4.0,799.0,0.0,0.0,0.25406758448060074
22.0,3.0,42.0,0.3,0.1,0.8,4.0,804.0,0.0,0.0,0.2562189054726368
22.0,3.0,43.0,0.3,0.1,0.8,4.0,768.0,0.0,0.0,0.2578125
22.0,3.0,44.0,0.3,0.1,0.8,4.0,778.0,0.0,0.0,0.2544987146529563
22.0,3.0,45.0,0.3,0.1,0.8,4.0,748.0,0.0,0.0,0.42112299465240643
22.0,3.0,46.0,0.3,0.1,0.8,4.0,737.0,0.0,0.0,0.42469470827679784
22.0,3.0,47.0,0.3,0.1,0.8,4.0,706.0,0.0,0.0,0.4178470254957507
22.0,3.0,48.0,0.3,0.1,0.8,4.0,694.0,0.0,0.0,0.4207492795389049
22.0,3.0,49.0,0.3,0.1,0.8,4.0,679.0,0.0,0.0,0.4167893961708395
22.0,3.0,50.0,0.3,0.1,0.8,4.0,666.0,0.0,0.0,0.4219219219219219
22.0,3.0,51.0,0.3,0.1,0.8,4.0,655.0,0.0,0.0,0.4198473282442748
22.0,3.0,52.0,0.3,0.1,0.8,4.0,645.0,0.0,0.0,0.4263565891472868
22.0,4.0,1.0,0.3,0.1,0.8,4.0,630.0,0.0,0.0,0.42063492063492064
22.0,4.0,2.0,0.3,0.1,0.8,4.0,638.0,0.0,0.0,0.4278996865203762
22.0,4.0,3.0,0.3,0.1,0.8,4.0,632.0,0.0,0.0,0.4161392405063291
22.0,4.0,4.0,0.3,0.1,0.8,4.0,635.0,0.0,0.0,0.4283464566929134
22.0,4.0,5.0,0.3,0.1,0.8,4.0,606.0,0.0,0.0,0.41914191419141916
22.0,4.0,6.0,0.3,0.1,0.8,4.0,595.0,0.0,0.0,0.43529411764705883
22.0,4.0,7.0,0.3,0.1,0.8,4.0,582.0,0.0,0.0,0.4209621993127148
22.0,4.0,8.0,0.3,0.1,0.8,4.0,584.0,0.0,0.0,0.4332191780821918
22.0,4.0,9.0,0.3,0.1,0.8,4.0,562.0,0.0,0.0,0.42704626334519574
22.0,4.0,10.0,0.3,0.1,0.8,4.0,571.0,0.0,0.0,0.4395796847635727
22.0,4.0,11.0,0.3,0.1,0.8,4.0,557.0,0.0,0.0,0.43087971274685816
22.0,4.0,12.0,0.3,0.1,0.8,4.0,561.0,0.0,0.0,0.44206773618538325
22.0,4.0,13.0,0.3,0.1,0.8,4.0,549.0,0.0,0.0,0.43169398907103823
22.0,4.0,14.0,0.3,0.1,0.8,4.0,557.0,0.0,0.0,0.44165170556552963
22.0,4.0,15.0,0.3,0.1,0.8,4.0,544.0,0.0,0.0,0.42830882352941174
22.0,4.0,16.0,0.3,0.1,0.8,4.0,552.0,0.0,0.0,0.4384057971014493
22.0,4.0,17.0,0.3,0.1,0.8,4.0,542.0,0.0,0.0,0.4261992619926199
22.0,4.0,18.0,0.3,0.1,0.8,4.0,543.0,0.0,0.0,0.43830570902394106
22.0,4.0,19.0,0.3,0.1,0.8,4.0,531.0,0.0,0.0,0.4312617702448211
22.0,4.0,20.0,0.3,0.1,0.8,4.0,1007.0,0.0,0.0,0.23535253227408143
22.0,4.0,21.0,0.3,0.1,0.8,4.0,922.0,0.0,0.0,0.23535791757049893
22.0,4.0,22.0,0.3,0.1,0.8,4.0,941.0,0.0,0.0,0.23804463336875664
22.0,4.0,23.0,0.3,0.1,0.8,4.0,919.0,0.0,0.0,0.235038084874864
22.0,4.0,24.0,0.3,0.1,0.8,4.0,940.0,0.0,0.0,0.2372340425531915
22.0,4.0,25.0,0.3,0.1,0.8,4.0,905.0,0.0,0.0,0.23646408839779007
22.0,4.0,26.0,0.3,0.1,0.8,4.0,935.0,0.0,0.0,0.23636363636363636
22.0,4.0,27.0,0.3,0.1,0.8,4.0,898.0,0.0,0.0,0.23496659242761692
22.0,4.0,28.0,0.3,0.1,0.8,4.0,912.0,0.0,0.0,0.23684210526315788
22.0,4.0,29.0,0.3,0.1,0.8,4.0,863.0,0.0,0.0,0.23870220162224798
22.0,4.0,30.0,0.3,0.1,0.8,4.0,876.0,0.0,0.0,0.2408675799086758
22.0,4.0,31.0,0.3,0.1,0.8,4.0,824.0,0.0,0.0,0.24029126213592233
22.0,4.0,32.0,0.3,0.1,0.8,4.0,796.0,0.0,0.0,0.24874371859296482
22.0,4.0,33.0,0.3,0.1,0.8,4.0,748.0,0.0,0.0,0.25133689839572193
22.0,4.0,34.0,0.3,0.1,0.8,4.0,746.0,0.0,0.0,0.2546916890080429
22.0,4.0,35.0,0.3,0.1,0.8,4.0,720.0,0.0,0.0,0.25
22.0,4.0,36.0,0.3,0.1,0.8,4.0,697.0,0.0,0.0,0.2582496413199426
22.0,4.0,37.0,0.3,0.1,0.8,4.0,681.0,0.0,0.0,0.2540381791483113
22.0,4.0,38.0,0.3,0.1,0.8,4.0,692.0,0.0,0.0,0.2543352601156069
22.0,4.0,39.0,0.3,0.1,0.8,4.0,676.0,0.0,0.0,0.2529585798816568
22.0,4.0,40.0,0.3,0.1,0.8,4.0,683.0,0.0,0.0,0.25329428989751096
22.0,4.0,41.0,0.3,0.1,0.8,4.0,670.0,0.0,0.0,0.24925373134328357
22.0,4.0,42.0,0.3,0.1,0.8,4.0,658.0,0.0,0.0,0.25227963525835867
22.0,4.0,43.0,0.3,0.1,0.8,4.0,653.0,0.0,0.0,0.24655436447166923
22.0,4.0,44.0,0.3,0.1,0.8,4.0,646.0,0.0,0.0,0.25541795665634676
22.0,4.0,45.0,0.3,0.1,0.8,4.0,638.0,0.0,0.0,0.3996865203761755
22.0,4.0,46.0,0.3,0.1,0.8,4.0,622.0,0.0,0.0,0.40353697749196143
22.0,4.0,47.0,0.3,0.1,0.8,4.0,631.0,0.0,0.0,0.39619651347068147
22.0,4.0,48.0,0.3,0.1,0.8,4.0,607.0,0.0,0.0,0.400329489291598
22.0,4.0,49.0,0.3,0.1,0.8,4.0,611.0,0.0,0.0,0.3993453355155483
22.0,4.0,50.0,0.3,0.1,0.8,4.0,587.0,0.0,0.0,0.4020442930153322
22.0,4.0,51.0,0.3,0.1,0.8,4.0,596.0,0.0,0.0,0.401006711409396
22.0,4.0,52.0,0.3,0.1,0.8,4.0,580.0,0.0,0.0,0.39482758620689656
22.0,5.0,1.0,0.3,0.1,0.8,4.0,591.0,0.0,0.0,0.39593908629441626
22.0,5.0,2.0,0.3,0.1,0.8,4.0,578.0,0.0,0.0,0.39273356401384085
22.0,5.0,3.0,0.3,0.1,0.8,4.0,586.0,0.0,0.0,0.39590443686006827
22.0,5.0,4.0,0.3,0.1,0.8,4.0,568.0,0.0,0.0,0.3961267605633803
22.0,5.0,5.0,0.3,0.1,0.8,4.0,576.0,0.0,0.0,0.3958333333333333
22.0,5.0,6.0,0.3,0.1,0.8,4.0,545.0,0.0,0.0,0.3963302752293578
22.0,5.0,7.0,0.3,0.1,0.8,4.0,557.0,0.0,0.0,0.3985637342908438
22.0,5.0,8.0,0.3,0.1,0.8,4.0,536.0,0.0,0.0,0.40111940298507465
22.0,5.0,9.0,0.3,0.1,0.8,4.0,541.0,0.0,0.0,0.4066543438077634
22.0,5.0,10.0,0.3,0.1,0.8,4.0,511.0,0.0,0.0,0.4070450097847358
22.0,5.0,11.0,0.3,0.1,0.8,4.0,522.0,0.0,0.0,0.4118773946360153
22.0,5.0,12.0,0.3,0.1,0.8,4.0,506.0,0.0,0.0,0.41106719367588934
22.0,5.0,13.0,0.3,0.1,0.8,4.0,516.0,0.0,0.0,0.41472868217054265
22.0,5.0,14.0,0.3,0.1,0.8,4.0,501.0,0.0,0.0,0.4111776447105788
22.0,5.0,15.0,0.3,0.1,0.8,4.0,505.0,0.0,0.0,0.4198019801980198
22.0,5.0,16.0,0.3,0.1,0.8,4.0,490.0,0.0,0.0,0.4142857142857143
22.0,5.0,17.0,0.3,0.1,0.8,4.0,495.0,0.0,0.0,0.4202020202020202
22.0,5.0,18.0,0.3,0.1,0.8,4.0,484.0,0.0,0.0,0.4152892561983471
22.0,5.0,19.0,0.3,0.1,0.8,4.0,491.0,0.0,0.0,0.4195519348268839
22.0,5.0,20.0,0.3,0.1,0.8,4.0,901.0,0.0,0.0,0.21975582685904552
22.0,5.0,21.0,0.3,0.1,0.8,4.0,875.0,0.0,0.0,0.22514285714285714
22.0,5.0,22.0,0.3,0.1,0.8,4.0,848.0,0.0,0.0,0.21816037735849056
22.0,5.0,23.0,0.3,0.1,0.8,4.0,832.0,0.0,0.0,0.22235576923076922
22.0,5.0,24.0,0.3,0.1,0.8,4.0,808.0,0.0,0.0,0.22153465346534654
22.0,5.0,25.0,0.3,0.1,0.8,4.0,806.0,0.0,0.0,0.22704714640198512
22.0,5.0,26.0,0.3,0.1,0.8,4.0,808.0,0.0,0.0,0.22153465346534654
22.0,5.0,27.0,0.3,0.1,0.8,4.0,787.0,0.0,0.0,0.22871664548919948
22.0,5.0,28.0,0.3,0.1,0.8,4.0,766.0,0.0,0.0,0.22845953002610966
22.0,5.0,29.0,0.3,0.1,0.8,4.0,737.0,0.0,0.0,0.23337856173677068
22.0,5.0,30.0,0.3,0.1,0.8,4.0,746.0,0.0,0.0,0.22654155495978553
22.0,5.0,31.0,0.3,0.1,0.8,4.0,727.0,0.0,0.0,0.2324621733149931
22.0,5.0,32.0,0.3,0.1,0.8,4.0,734.0,0.0,0.0,0.22615803814713897
22.0,5.0,33.0,0.3,0.1,0.8,4.0,694.0,0.0,0.0,0.23198847262247838
22.0,5.0,34.0,0.3,0.1,0.8,4.0,693.0,0.0,0.0,0.22943722943722944
22.0,5.0,35.0,0.3,0.1,0.8,4.0,660.0,0.0,0.0,0.23333333333333334
22.0,5.0,36.0,0.3,0.1,0.8,4.0,652.0,0.0,0.0,0.2285276073619632
22.0,5.0,37.0,0.3,0.1,0.8,4.0,638.0,0.0,0.0,0.23510971786833856
22.0,5.0,38.0,0.3,0.1,0.8,4.0,607.0,0.0,0.0,0.23228995057660626
22.0,5.0,39.0,0.3,0.1,0.8,4.0,573.0,0.0,0.0,0.24781849912739964
22.0,5.0,40.0,0.3,0.1,0.8,4.0,580.0,0.0,0.0,0.23793103448275862
22.0,5.0,41.0,0.3,0.1,0.8,4.0,556.0,0.0,0.0,0.25
22.0,5.0,42.0,0.3,0.1,0.8,4.0,566.0,0.0,0.0,0.2420494699646643
22.0,5.0,43.0,0.3,0.1,0.8,4.0,546.0,0.0,0.0,0.2509157509157509
22.0,5.0,44.0,0.3,0.1,0.8,4.0,539.0,0.0,0.0,0.24489795918367346
22.0,5.0,45.0,0.3,0.1,0.8,4.0,534.0,0.0,0.0,0.43258426966292135
22.0,5.0,46.0,0.3,0.1,0.8,4.0,530.0,0.0,0.0,0.43018867924528303
22.0,5.0,47.0,0.3,0.1,0.8,4.0,527.0,0.0,0.0,0.43263757115749524
22.0,5.0,48.0,0.3,0.1,0.8,4.0,526.0,0.0,0.0,0.42775665399239543
22.0,5.0,49.0,0.3,0.1,0.8,4.0,522.0,0.0,0.0,0.43103448275862066
22.0,5.0,50.0,0.3,0.1,0.8,4.0,520.0,0.0,0.0,0.4288461538461538
22.0,5.0,51.0,0.3,0.1,0.8,4.0,517.0,0.0,0.0,0.4332688588007737
22.0,5.0,52.0,0.3,0.1,0.8,4.0,513.0,0.0,0.0,0.4269005847953216
22.0,6.0,1.0,0.3,0.1,0.8,4.0,506.0,0.0,0.0,0.43280632411067194
22.0,6.0,2.0,0.3,0.1,0.8,4.0,502.0,0.0,0.0,0.42828685258964144
22.0,6.0,3.0,0.3,0.1,0.8,4.0,498.0,0.0,0.0,0.43373493975903615
22.0,6.0,4.0,0.3,0.1,0.8,4.0,497.0,0.0,0.0,0.42655935613682094
22.0,6.0,5.0,0.3,0.1,0.8,4.0,494.0,0.0,0.0,0.4311740890688259
22.0,6.0,6.0,0.3,0.1,0.8,4.0,494.0,0.0,0.0,0.4271255060728745
22.0,6.0,7.0,0.3,0.1,0.8,4.0,489.0,0.0,0.0,0.43149284253578735
22.0,6.0,8.0,0.3,0.1,0.8,4.0,490.0,0.0,0.0,0.42653061224489797
22.0,6.0,9.0,0.3,0.1,0.8,4.0,478.0,0.0,0.0,0.4372384937238494
22.0,6.0,10.0,0.3,0.1,0.8,4.0,475.0,0.0,0.0,0.43157894736842106
22.0,6.0,11.0,0.3,0.1,0.8,4.0,468.0,0.0,0.0,0.4465811965811966
22.0,6.0,12.0,0.3,0.1,0.8,4.0,469.0,0.0,0.0,0.43710021321961623
22.0,6.0,13.0,0.3,0.1,0.8,4.0,465.0,0.0,0.0,0.44731182795698926
22.0,6.0,14.0,0.3,0.1,0.8,4.0,465.0,0.0,0.0,0.43655913978494626
22.0,6.0,15.0,0.3,0.1,0.8,4.0,461.0,0.0,0.0,0.44685466377440347
22.0,6.0,16.0,0.3,0.1,0.8,4.0,462.0,0.0,0.0,0.43722943722943725
22.0,6.0,17.0,0.3,0.1,0.8,4.0,460.0,0.0,0.0,0.44782608695652176
22.0,6.0,18.0,0.3,0.1,0.8,4.0,461.0,0.0,0.0,0.4360086767895879
22.0,6.0,19.0,0.3,0.1,0.8,4.0,459.0,0.0,0.0,0.4466230936819172
22.0,6.0,20.0,0.3,0.1,0.8,4.0,835.0,0.0,0.0,0.2407185628742515
22.0,6.0,21.0,0.3,0.1,0.8,4.0,795.0,0.0,0.0,0.25660377358490566
22.0,6.0,22.0,0.3,0.1,0.8,4.0,812.0,0.0,0.0,0.24261083743842365
22.0,6.0,23.0,0.3,0.1,0.8,4.0,773.0,0.0,0.0,0.25485122897800777
22.0,6.0,24.0,0.3,0.1,0.8,4.0,778.0,0.0,0.0,0.2442159383033419
22.0,6.0,25.0,0.3,0.1,0.8,4.0,712.0,0.0,0.0,0.2640449438202247
22.0,6.0,26.0,0.3,0.1,0.8,4.0,710.0,0.0,0.0,0.24929577464788732
22.0,6.0,27.0,0.3,0.1,0.8,4.0,653.0,0.0,0.0,0.2664624808575804
22.0,6.0,28.0,0.3,0.1,0.8,4.0,649.0,0.0,0.0,0.2542372881355932
22.0,6.0,29.0,0.3,0.1,0.8,4.0,608.0,0.0,0.0,0.2680921052631579
22.0,6.0,30.0,0.3,0.1,0.8,4.0,612.0,0.0,0.0,0.25980392156862747
22.0,6.0,31.0,0.3,0.1,0.8,4.0,586.0,0.0,0.0,0.27474402730375425
22.0,6.0,32.0,0.3,0.1,0.8,4.0,569.0,0.0,0.0,0.27065026362038663
22.0,6.0,33.0,0.3,0.1,0.8,4.0,550.0,0.0,0.0,0.28363636363636363
22.0,6.0,34.0,0.3,0.1,0.8,4.0,544.0,0.0,0.0,0.2757352941176471
22.0,6.0,35.0,0.3,0.1,0.8,4.0,530.0,0.0,0.0,0.28679245283018867
22.0,6.0,36.0,0.3,0.1,0.8,4.0,543.0,0.0,0.0,0.27624309392265195
22.0,6.0,37.0,0.3,0.1,0.8,4.0,509.0,0.0,0.0,0.29273084479371314
22.0,6.0,38.0,0.3,0.1,0.8,4.0,521.0,0.0,0.0,0.2802303262955854
22.0,6.0,39.0,0.3,0.1,0.8,4.0,496.0,0.0,0.0,0.2862903225806452
22.0,6.0,40.0,0.3,0.1,0.8,4.0,496.0,0.0,0.0,0.2762096774193548
22.0,6.0,41.0,0.3,0.1,0.8,4.0,480.0,0.0,0.0,0.28125
22.0,6.0,42.0,0.3,0.1,0.8,4.0,484.0,0.0,0.0,0.2809917355371901
22.0,6.0,43.0,0.3,0.1,0.8,4.0,467.0,0.0,0.0,0.28693790149892934
22.0,6.0,44.0,0.3,0.1,0.8,4.0,480.0,0.0,0.0,0.2791666666666667
22.0,6.0,45.0,0.3,0.1,0.8,4.0,465.0,0.0,0.0,0.4258064516129032
22.0,6.0,46.0,0.3,0.1,0.8,4.0,479.0,0.0,0.0,0.42379958246346555
22.0,6.0,47.0,0.3,0.1,0.8,4.0,457.0,0.0,0.0,0.4310722100656455
22.0,6.0,48.0,0.3,0.1,0.8,4.0,474.0,0.0,0.0,0.4282700421940928
22.0,6.0,49.0,0.3,0.1,0.8,4.0,440.0,0.0,0.0,0.425
22.0,6.0,50.0,0.3,0.1,0.8,4.0,453.0,0.0,0.0,0.4260485651214128
22.0,6.0,51.0,0.3,0.1,0.8,4.0,439.0,0.0,0.0,0.42369020501138954
22.0,6.0,52.0,0.3,0.1,0.8,4.0,450.0,0.0,0.0,0.4266666666666667
22.0,7.0,1.0,0.3,0.1,0.8,4.0,434.0,0.0,0.0,0.423963133640553
22.0,7.0,2.0,0.3,0.1,0.8,4.0,444.0,0.0,0.0,0.42567567567567566
22.0,7.0,3.0,0.3,0.1,0.8,4.0,427.0,0.0,0.0,0.4238875878220141
22.0,7.0,4.0,0.3,0.1,0.8,4.0,440.0,0.0,0.0,0.425
22.0,7.0,5.0,0.3,0.1,0.8,4.0,421.0,0.0,0.0,0.42280285035629456
22.0,7.0,6.0,0.3,0.1,0.8,4.0,434.0,0.0,0.0,0.42857142857142855
22.0,7.0,7.0,0.3,0.1,0.8,4.0,417.0,0.0,0.0,0.4244604316546763
22.0,7.0,8.0,0.3,0.1,0.8,4.0,430.0,0.0,0.0,0.42790697674418604
22.0,7.0,9.0,0.3,0.1,0.8,4.0,411.0,0.0,0.0,0.4257907542579075
22.0,7.0,10.0,0.3,0.1,0.8,4.0,421.0,0.0,0.0,0.4323040380047506
22.0,7.0,11.0,0.3,0.1,0.8,4.0,404.0,0.0,0.0,0.42574257425742573
22.0,7.0,12.0,0.3,0.1,0.8,4.0,418.0,0.0,0.0,0.430622009569378
22.0,7.0,13.0,0.3,0.1,0.8,4.0,399.0,0.0,0.0,0.42606516290726815
22.0,7.0,14.0,0.3,0.1,0.8,4.0,408.0,0.0,0.0,0.4338235294117647
22.0,7.0,15.0,0.3,0.1,0.8,4.0,392.0,0.0,0.0,0.42857142857142855
22.0,7.0,16.0,0.3,0.1,0.8,4.0,407.0,0.0,0.0,0.43243243243243246
22.0,7.0,17.0,0.3,0.1,0.8,4.0,388.0,0.0,0.0,0.43041237113402064
22.0,7.0,18.0,0.3,0.1,0.8,4.0,403.0,0.0,0.0,0.43424317617866004
22.0,7.0,19.0,0.3,0.1,0.8,4.0,384.0,0.0,0.0,0.4322916666666667
22.0,7.0,20.0,0.3,0.1,0.8,4.0,737.0,0.0,0.0,0.23609226594301222
22.0,7.0,21.0,0.3,0.1,0.8,4.0,695.0,0.0,0.0,0.23309352517985613
22.0,7.0,22.0,0.3,0.1,0.8,4.0,711.0,0.0,0.0,0.2348804500703235
22.0,7.0,23.0,0.3,0.1,0.8,4.0,674.0,0.0,0.0,0.22997032640949555
22.0,7.0,24.0,0.3,0.1,0.8,4.0,677.0,0.0,0.0,0.23338257016248154
22.0,7.0,25.0,0.3,0.1,0.8,4.0,639.0,0.0,0.0,0.23317683881064163
22.0,7.0,26.0,0.3,0.1,0.8,4.0,645.0,0.0,0.0,0.23565891472868217
22.0,7.0,27.0,0.3,0.1,0.8,4.0,590.0,0.0,0.0,0.24067796610169492
22.0,7.0,28.0,0.3,0.1,0.8,4.0,595.0,0.0,0.0,0.24201680672268908
22.0,7.0,29.0,0.3,0.1,0.8,4.0,554.0,0.0,0.0,0.24187725631768953
22.0,7.0,30.0,0.3,0.1,0.8,4.0,556.0,0.0,0.0,0.2446043165467626
22.0,7.0,31.0,0.3,0.1,0.8,4.0,537.0,0.0,0.0,0.24394785847299813
22.0,7.0,32.0,0.3,0.1,0.8,4.0,540.0,0.0,0.0,0.24814814814814815
22.0,7.0,33.0,0.3,0.1,0.8,4.0,535.0,0.0,0.0,0.24485981308411214
22.0,7.0,34.0,0.3,0.1,0.8,4.0,523.0,0.0,0.0,0.24665391969407266
22.0,7.0,35.0,0.3,0.1,0.8,4.0,516.0,0.0,0.0,0.25
22.0,7.0,36.0,0.3,0.1,0.8,4.0,485.0,0.0,0.0,0.2556701030927835
22.0,7.0,37.0,0.3,0.1,0.8,4.0,490.0,0.0,0.0,0.2510204081632653
22.0,7.0,38.0,0.3,0.1,0.8,4.0,470.0,0.0,0.0,0.2574468085106383
22.0,7.0,39.0,0.3,0.1,0.8,4.0,488.0,0.0,0.0,0.2520491803278688
22.0,7.0,40.0,0.3,0.1,0.8,4.0,469.0,0.0,0.0,0.2579957356076759
22.0,7.0,41.0,0.3,0.1,0.8,4.0,486.0,0.0,0.0,0.25308641975308643
22.0,7.0,42.0,0.3,0.1,0.8,4.0,467.0,0.0,0.0,0.25910064239828695
22.0,7.0,43.0,0.3,0.1,0.8,4.0,485.0,0.0,0.0,0.2515463917525773
22.0,7.0,44.0,0.3,0.1,0.8,4.0,466.0,0.0,0.0,0.2575107296137339
22.0,7.0,45.0,0.3,0.1,0.8,4.0,483.0,0.0,0.0,0.40372670807453415
22.0,7.0,46.0,0.3,0.1,0.8,4.0,461.0,0.0,0.0,0.4164859002169197
22.0,7.0,47.0,0.3,0.1,0.8,4.0,477.0,0.0,0.0,0.4025157232704403
22.0,7.0,48.0,0.3,0.1,0.8,4.0,456.0,0.0,0.0,0.4166666666666667
22.0,7.0,49.0,0.3,0.1,0.8,4.0,474.0,0.0,0.0,0.4029535864978903
22.0,7.0,50.0,0.3,0.1,0.8,4.0,458.0,0.0,0.0,0.4148471615720524
22.0,7.0,51.0,0.3,0.1,0.8,4.0,473.0,0.0,0.0,0.40380549682875266
22.0,7.0,52.0,0.3,0.1,0.8,4.0,455.0,0.0,0.0,0.41318681318681316
22.0,8.0,1.0,0.3,0.1,0.8,4.0,467.0,0.0,0.0,0.40471092077087795
22.0,8.0,2.0,0.3,0.1,0.8,4.0,450.0,0.0,0.0,0.41333333333333333
22.0,8.0,3.0,0.3,0.1,0.8,4.0,460.0,0.0,0.0,0.4043478260869565
22.0,8.0,4.0,0.3,0.1,0.8,4.0,450.0,0.0,0.0,0.41333333333333333
22.0,8.0,5.0,0.3,0.1,0.8,4.0,459.0,0.0,0.0,0.40305010893246185
22.0,8.0,6.0,0.3,0.1,0.8,4.0,450.0,0.0,0.0,0.41555555555555557
22.0,8.0,7.0,0.3,0.1,0.8,4.0,459.0,0.0,0.0,0.40522875816993464
22.0,8.0,8.0,0.3,0.1,0.8,4.0,446.0,0.0,0.0,0.4192825112107623
22.0,8.0,9.0,0.3,0.1,0.8,4.0,449.0,0.0,0.0,0.40979955456570155
22.0,8.0,10.0,0.3,0.1,0.8,4.0,439.0,0.0,0.0,0.4214123006833713
22.0,8.0,11.0,0.3,0.1,0.8,4.0,445.0,0.0,0.0,0.41123595505617977
22.0,8.0,12.0,0.3,0.1,0.8,4.0,435.0,0.0,0.0,0.42298850574712643
22.0,8.0,13.0,0.3,0.1,0.8,4.0,440.0,0.0,0.0,0.41363636363636364
22.0,8.0,14.0,0.3,0.1,0.8,4.0,431.0,0.0,0.0,0.42691415313225056
22.0,8.0,15.0,0.3,0.1,0.8,4.0,434.0,0.0,0.0,0.41705069124423966
22.0,8.0,16.0,0.3,0.1,0.8,4.0,415.0,0.0,0.0,0.42409638554216866
22.0,8.0,17.0,0.3,0.1,0.8,4.0,421.0,0.0,0.0,0.41330166270783847
22.0,8.0,18.0,0.3,0.1,0.8,4.0,416.0,0.0,0.0,0.4254807692307692
22.0,8.0,19.0,0.3,0.1,0.8,4.0,420.0,0.0,0.0,0.4119047619047619
22.0,8.0,20.0,0.3,0.1,0.8,4.0,683.0,0.0,0.0,0.25036603221083453
22.0,8.0,21.0,0.3,0.1,0.8,4.0,689.0,0.0,0.0,0.24238026124818576
22.0,8.0,22.0,0.3,0.1,0.8,4.0,660.0,0.0,0.0,0.25
22.0,8.0,23.0,0.3,0.1,0.8,4.0,644.0,0.0,0.0,0.25
22.0,8.0,24.0,0.3,0.1,0.8,4.0,621.0,0.0,0.0,0.2608695652173913
22.0,8.0,25.0,0.3,0.1,0.8,4.0,617.0,0.0,0.0,0.2544570502431118
22.0,8.0,26.0,0.3,0.1,0.8,4.0,581.0,0.0,0.0,0.2667814113597246
22.0,8.0,27.0,0.3,0.1,0.8,4.0,563.0,0.0,0.0,0.26287744227353466
22.0,8.0,28.0,0.3,0.1,0.8,4.0,558.0,0.0,0.0,0.27060931899641577
22.0,8.0,29.0,0.3,0.1,0.8,4.0,563.0,0.0,0.0,0.26287744227353466
22.0,8.0,30.0,0.3,0.1,0.8,4.0,558.0,0.0,0.0,0.27060931899641577
22.0,8.0,31.0,0.3,0.1,0.8,4.0,552.0,0.0,0.0,0.2644927536231884
22.0,8.0,32.0,0.3,0.1,0.8,4.0,534.0,0.0,0.0,0.27340823970037453
22.0,8.0,33.0,0.3,0.1,0.8,4.0,539.0,0.0,0.0,0.2653061224489796
22.0,8.0,34.0,0.3,0.1,0.8,4.0,534.0,0.0,0.0,0.27340823970037453
22.0,8.0,35.0,0.3,0.1,0.8,4.0,526.0,0.0,0.0,0.2661596958174905
22.0,8.0,36.0,0.3,0.1,0.8,4.0,509.0,0.0,0.0,0.27897838899803534
22.0,8.0,37.0,0.3,0.1,0.8,4.0,504.0,0.0,0.0,0.2718253968253968
22.0,8.0,38.0,0.3,0.1,0.8,4.0,497.0,0.0,0.0,0.2796780684104628
22.0,8.0,39.0,0.3,0.1,0.8,4.0,474.0,0.0,0.0,0.270042194092827
22.0,8.0,40.0,0.3,0.1,0.8,4.0,466.0,0.0,0.0,0.27682403433476394
22.0,8.0,41.0,0.3,0.1,0.8,4.0,474.0,0.0,0.0,0.2721518987341772
22.0,8.0,42.0,0.3,0.1,0.8,4.0,466.0,0.0,0.0,0.27682403433476394
22.0,8.0,43.0,0.3,0.1,0.8,4.0,474.0,0.0,0.0,0.2721518987341772
22.0,8.0,44.0,0.3,0.1,0.8,4.0,466.0,0.0,0.0,0.27682403433476394
22.0,8.0,45.0,0.3,0.1,0.8,4.0,474.0,0.0,0.0,0.45147679324894513
22.0,8.0,46.0,0.3,0.1,0.8,4.0,467.0,0.0,0.0,0.44539614561027835
22.0,8.0,47.0,0.3,0.1,0.8,4.0,474.0,0.0,0.0,0.45147679324894513
22.0,8.0,48.0,0.3,0.1,0.8,4.0,454.0,0.0,0.0,0.44713656387665196
22.0,8.0,49.0,0.3,0.1,0.8,4.0,448.0,0.0,0.0,0.4486607142857143
22.0,8.0,50.0,0.3,0.1,0.8,4.0,450.0,0.0,0.0,0.45111111111111113
22.0,8.0,51.0,0.3,0.1,0.8,4.0,438.0,0.0,0.0,0.4497716894977169
22.0,8.0,52.0,0.3,0.1,0.8,4.0,438.0,0.0,0.0,0.4520547945205479
22.0,9.0,1.0,0.3,0.1,0.8,4.0,436.0,0.0,0.0,0.44954128440366975
22.0,9.0,2.0,0.3,0.1,0.8,4.0,436.0,0.0,0.0,0.4518348623853211
22.0,9.0,3.0,0.3,0.1,0.8,4.0,436.0,0.0,0.0,0.44954128440366975
22.0,9.0,4.0,0.3,0.1,0.8,4.0,435.0,0.0,0.0,0.4528735632183908
22.0,9.0,5.0,0.3,0.1,0.8,4.0,436.0,0.0,0.0,0.44954128440366975
22.0,9.0,6.0,0.3,0.1,0.8,4.0,434.0,0.0,0.0,0.4539170506912442
22.0,9.0,7.0,0.3,0.1,0.8,4.0,436.0,0.0,0.0,0.44954128440366975
22.0,9.0,8.0,0.3,0.1,0.8,4.0,433.0,0.0,0.0,0.45265588914549654
22.0,9.0,9.0,0.3,0.1,0.8,4.0,431.0,0.0,0.0,0.45011600928074247
22.0,9.0,10.0,0.3,0.1,0.8,4.0,428.0,0.0,0.0,0.45794392523364486
22.0,9.0,11.0,0.3,0.1,0.8,4.0,429.0,0.0,0.0,0.44988344988344986
22.0,9.0,12.0,0.3,0.1,0.8,4.0,427.0,0.0,0.0,0.4566744730679157
22.0,9.0,13.0,0.3,0.1,0.8,4.0,428.0,0.0,0.0,0.45093457943925236
22.0,9.0,14.0,0.3,0.1,0.8,4.0,425.0,0.0,0.0,0.4588235294117647
22.0,9.0,15.0,0.3,0.1,0.8,4.0,420.0,0.0,0.0,0.4595238095238095
22.0,9.0,16.0,0.3,0.1,0.8,4.0,418.0,0.0,0.0,0.46411483253588515
22.0,9.0,17.0,0.3,0.1,0.8,4.0,417.0,0.0,0.0,0.460431654676259
22.0,9.0,18.0,0.3,0.1,0.8,4.0,416.0,0.0,0.0,0.46634615384615385
22.0,9.0,19.0,0.3,0.1,0.8,4.0,417.0,0.0,0.0,0.460431654676259
22.0,9.0,20.0,0.3,0.1,0.8,4.0,700.0,0.0,0.0,0.26142857142857145
22.0,9.0,21.0,0.3,0.1,0.8,4.0,647.0,0.0,0.0,0.2596599690880989
22.0,9.0,22.0,0.3,0.1,0.8,4.0,608.0,0.0,0.0,0.2730263157894737
22.0,9.0,23.0,0.3,0.1,0.8,4.0,601.0,0.0,0.0,0.27121464226289516
22.0,9.0,24.0,0.3,0.1,0.8,4.0,593.0,0.0,0.0,0.2748735244519393
22.0,9.0,25.0,0.3,0.1,0.8,4.0,583.0,0.0,0.0,0.2727272727272727
22.0,9.0,26.0,0.3,0.1,0.8,4.0,554.0,0.0,0.0,0.27978339350180503
22.0,9.0,27.0,0.3,0.1,0.8,4.0,561.0,0.0,0.0,0.27450980392156865
22.0,9.0,28.0,0.3,0.1,0.8,4.0,540.0,0.0,0.0,0.2851851851851852
22.0,9.0,29.0,0.3,0.1,0.8,4.0,544.0,0.0,0.0,0.27941176470588236
22.0,9.0,30.0,0.3,0.1,0.8,4.0,540.0,0.0,0.0,0.2851851851851852
22.0,9.0,31.0,0.3,0.1,0.8,4.0,544.0,0.0,0.0,0.27941176470588236
22.0,9.0,32.0,0.3,0.1,0.8,4.0,528.0,0.0,0.0,0.2878787878787879
22.0,9.0,33.0,0.3,0.1,0.8,4.0,533.0,0.0,0.0,0.28142589118198874
22.0,9.0,34.0,0.3,0.1,0.8,4.0,528.0,0.0,0.0,0.2878787878787879
22.0,9.0,35.0,0.3,0.1,0.8,4.0,520.0,0.0,0.0,0.2826923076923077
22.0,9.0,36.0,0.3,0.1,0.8,4.0,504.0,0.0,0.0,0.2916666666666667
22.0,9.0,37.0,0.3,0.1,0.8,4.0,509.0,0.0,0.0,0.28487229862475444
22.0,9.0,38.0,0.3,0.1,0.8,4.0,503.0,0.0,0.0,0.2922465208747515
22.0,9.0,39.0,0.3,0.1,0.8,4.0,509.0,0.0,0.0,0.28487229862475444
22.0,9.0,40.0,0.3,0.1,0.8,4.0,503.0,0.0,0.0,0.2922465208747515
22.0,9.0,41.0,0.3,0.1,0.8,4.0,509.0,0.0,0.0,0.28487229862475444
22.0,9.0,42.0,0.3,0.1,0.8,4.0,503.0,0.0,0.0,0.2922465208747515
22.0,9.0,43.0,0.3,0.1,0.8,4.0,509.0,0.0,0.0,0.28487229862475444
22.0,9.0,44.0,0.3,0.1,0.8,4.0,503.0,0.0,0.0,0.2922465208747515
22.0,9.0,45.0,0.3,0.1,0.8,4.0,509.0,0.0,0.0,0.4165029469548134
22.0,9.0,46.0,0.3,0.1,0.8,4.0,486.0,0.0,0.0,0.42386831275720166
22.0,9.0,47.0,0.3,0.1,0.8,4.0,492.0,0.0,0.0,0.4166666666666667
22.0,9.0,48.0,0.3,0.1,0.8,4.0,486.0,0.0,0.0,0.42386831275720166
22.0,9.0,49.0,0.3,0.1,0.8,4.0,492.0,0.0,0.0,0.4166666666666667
22.0,9.0,50.0,0.3,0.1,0.8,4.0,484.0,0.0,0.0,0.4256198347107438
22.0,9.0,51.0,0.3,0.1,0.8,4.0,488.0,0.0,0.0,0.42008196721311475
22.0,9.0,52.0,0.3,0.1,0.8,4.0,484.0,0.0,0.0,0.4256198347107438
22.0,10.0,1.0,0.3,0.1,0.8,4.0,488.0,0.0,0.0,0.42008196721311475
22.0,10.0,2.0,0.3,0.1,0.8,4.0,483.0,0.0,0.0,0.42650103519668736
22.0,10.0,3.0,0.3,0.1,0.8,4.0,475.0,0.0,0.0,0.4231578947368421
22.0,10.0,4.0,0.3,0.1,0.8,4.0,468.0,0.0,0.0,0.4337606837606838
22.0,10.0,5.0,0.3,0.1,0.8,4.0,470.0,0.0,0.0,0.4276595744680851
22.0,10.0,6.0,0.3,0.1,0.8,4.0,466.0,0.0,0.0,0.4356223175965665
22.0,10.0,7.0,0.3,0.1,0.8,4.0,468.0,0.0,0.0,0.42948717948717946
22.0,10.0,8.0,0.3,0.1,0.8,4.0,465.0,0.0,0.0,0.43655913978494626
22.0,10.0,9.0,0.3,0.1,0.8,4.0,461.0,0.0,0.0,0.43383947939262474
22.0,10.0,10.0,0.3,0.1,0.8,4.0,462.0,0.0,0.0,0.43506493506493504
22.0,10.0,11.0,0.3,0.1,0.8,4.0,459.0,0.0,0.0,0.4357298474945534
22.0,10.0,12.0,0.3,0.1,0.8,4.0,461.0,0.0,0.0,0.4360086767895879
22.0,10.0,13.0,0.3,0.1,0.8,4.0,444.0,0.0,0.0,0.44594594594594594
22.0,10.0,14.0,0.3,0.1,0.8,4.0,446.0,0.0,0.0,0.4461883408071749
22.0,10.0,15.0,0.3,0.1,0.8,4.0,440.0,0.0,0.0,0.44772727272727275
22.0,10.0,16.0,0.3,0.1,0.8,4.0,441.0,0.0,0.0,0.4489795918367347
22.0,10.0,17.0,0.3,0.1,0.8,4.0,436.0,0.0,0.0,0.4518348623853211
22.0,10.0,18.0,0.3,0.1,0.8,4.0,439.0,0.0,0.0,0.4510250569476082
22.0,10.0,19.0,0.3,0.1,0.8,4.0,436.0,0.0,0.0,0.4518348623853211
22.0,10.0,20.0,0.3,0.1,0.8,4.0,801.0,0.0,0.0,0.23720349563046192
22.0,10.0,21.0,0.3,0.1,0.8,4.0,753.0,0.0,0.0,0.24169986719787517
22.0,10.0,22.0,0.3,0.1,0.8,4.0,768.0,0.0,0.0,0.23828125
22.0,10.0,23.0,0.3,0.1,0.8,4.0,716.0,0.0,0.0,0.24581005586592178
22.0,10.0,24.0,0.3,0.1,0.8,4.0,697.0,0.0,0.0,0.24533715925394547
22.0,10.0,25.0,0.3,0.1,0.8,4.0,684.0,0.0,0.0,0.24707602339181287
22.0,10.0,26.0,0.3,0.1,0.8,4.0,678.0,0.0,0.0,0.2448377581120944
22.0,10.0,27.0,0.3,0.1,0.8,4.0,678.0,0.0,0.0,0.24778761061946902
22.0,10.0,28.0,0.3,0.1,0.8,4.0,678.0,0.0,0.0,0.2448377581120944
22.0,10.0,29.0,0.3,0.1,0.8,4.0,618.0,0.0,0.0,0.2524271844660194
22.0,10.0,30.0,0.3,0.1,0.8,4.0,618.0,0.0,0.0,0.24919093851132687
22.0,10.0,31.0,0.3,0.1,0.8,4.0,618.0,0.0,0.0,0.2524271844660194
22.0,10.0,32.0,0.3,0.1,0.8,4.0,617.0,0.0,0.0,0.2479740680713128
22.0,10.0,33.0,0.3,0.1,0.8,4.0,600.0,0.0,0.0,0.25333333333333335
22.0,10.0,34.0,0.3,0.1,0.8,4.0,600.0,0.0,0.0,0.25
22.0,10.0,35.0,0.3,0.1,0.8,4.0,599.0,0.0,0.0,0.25375626043405675
22.0,10.0,36.0,0.3,0.1,0.8,4.0,601.0,0.0,0.0,0.24958402662229617
22.0,10.0,37.0,0.3,0.1,0.8,4.0,598.0,0.0,0.0,0.25418060200668896
22.0,10.0,38.0,0.3,0.1,0.8,4.0,601.0,0.0,0.0,0.24958402662229617
22.0,10.0,39.0,0.3,0.1,0.8,4.0,596.0,0.0,0.0,0.2550335570469799
22.0,10.0,40.0,0.3,0.1,0.8,4.0,599.0,0.0,0.0,0.25041736227045075
22.0,10.0,41.0,0.3,0.1,0.8,4.0,596.0,0.0,0.0,0.2550335570469799
22.0,10.0,42.0,0.3,0.1,0.8,4.0,599.0,0.0,0.0,0.25041736227045075
22.0,10.0,43.0,0.3,0.1,0.8,4.0,581.0,0.0,0.0,0.25645438898450945
22.0,10.0,44.0,0.3,0.1,0.8,4.0,571.0,0.0,0.0,0.2539404553415061
22.0,10.0,45.0,0.3,0.1,0.8,4.0,564.0,0.0,0.0,0.42907801418439717
22.0,10.0,46.0,0.3,0.1,0.8,4.0,571.0,0.0,0.0,0.425569176882662
22.0,10.0,47.0,0.3,0.1,0.8,4.0,564.0,0.0,0.0,0.42907801418439717
22.0,10.0,48.0,0.3,0.1,0.8,4.0,549.0,0.0,0.0,0.42805100182149364
22.0,10.0,49.0,0.3,0.1,0.8,4.0,542.0,0.0,0.0,0.42988929889298894
22.0,10.0,50.0,0.3,0.1,0.8,4.0,536.0,0.0,0.0,0.42723880597014924
22.0,10.0,51.0,0.3,0.1,0.8,4.0,542.0,0.0,0.0,0.42988929889298894
22.0,10.0,52.0,0.3,0.1,0.8,4.0,535.0,0.0,0.0,0.4280373831775701
23.0,1.0,1.0,0.3,0.1,0.8,4.0,5111.0,45.0,8.0,0.3018978673449423
23.0,1.0,2.0,0.3,0.1,0.8,4.0,5064.0,51.0,25.0,0.3015402843601896
23.0,1.0,3.0,0.3,0.1,0.8,4.0,5007.0,64.0,37.0,0.2997803075694028
23.0,1.0,4.0,0.3,0.1,0.8,4.0,5010.0,76.0,34.0,0.3003992015968064
23.0,1.0,5.0,0.3,0.1,0.8,4.0,5024.0,91.0,31.0,0.3017515923566879
23.0,1.0,6.0,0.3,0.1,0.8,4.0,4891.0,90.0,38.0,0.3034144346759354
23.0,1.0,7.0,0.3,0.1,0.8,4.0,4749.0,115.0,45.0,0.30427458412297326
23.0,1.0,8.0,0.3,0.1,0.8,4.0,4678.0,134.0,54.0,0.30483112441214194
23.0,1.0,9.0,0.3,0.1,0.8,4.0,4537.0,152.0,55.0,0.3054882080670046
23.0,1.0,10.0,0.3,0.1,0.8,4.0,4385.0,178.0,56.0,0.3069555302166477
23.0,1.0,11.0,0.3,0.1,0.8,4.0,4244.0,193.0,64.0,0.30466540999057495
23.0,1.0,12.0,0.3,0.1,0.8,4.0,4120.0,199.0,83.0,0.3099514563106796
23.0,1.0,13.0,0.3,0.1,0.8,4.0,3997.0,225.0,94.0,0.31198398799099325
23.0,1.0,14.0,0.3,0.1,0.8,4.0,3854.0,233.0,108.0,0.31655422937208094
23.0,1.0,15.0,0.3,0.1,0.8,4.0,3748.0,231.0,111.0,0.31776947705442904
23.0,1.0,16.0,0.3,0.1,0.8,4.0,3654.0,252.0,115.0,0.32074438970990693
23.0,1.0,17.0,0.3,0.1,0.8,4.0,3583.0,250.0,118.0,0.3220764722299749
23.0,1.0,18.0,0.3,0.1,0.8,4.0,3501.0,239.0,111.0,0.3273350471293916
23.0,1.0,19.0,0.3,0.1,0.8,4.0,3408.0,225.0,113.0,0.3301056338028169
23.0,1.0,20.0,0.3,0.1,0.8,4.0,6189.0,214.0,120.0,0.17902730651155274
23.0,1.0,21.0,0.3,0.1,0.8,4.0,5762.0,253.0,108.0,0.18205484206872613
23.0,1.0,22.0,0.3,0.1,0.8,4.0,5397.0,276.0,107.0,0.18232351306281266
23.0,1.0,23.0,0.3,0.1,0.8,4.0,5016.0,291.0,98.0,0.18580542264752792
23.0,1.0,24.0,0.3,0.1,0.8,4.0,4686.0,289.0,118.0,0.19078104993597952
23.0,1.0,25.0,0.3,0.1,0.8,4.0,4467.0,289.0,133.0,0.19297067383031116
23.0,1.0,26.0,0.3,0.1,0.8,4.0,4305.0,333.0,142.0,0.19581881533101045
23.0,1.0,27.0,0.3,0.1,0.8,4.0,4123.0,341.0,136.0,0.19936939121998545
23.0,1.0,28.0,0.3,0.1,0.8,4.0,3895.0,340.0,144.0,0.2061617458279846
23.0,1.0,29.0,0.3,0.1,0.8,4.0,3709.0,346.0,156.0,0.2100296575896468
23.0,1.0,30.0,0.3,0.1,0.8,4.0,3513.0,346.0,166.0,0.21576999715343012
23.0,1.0,31.0,0.3,0.1,0.8,4.0,3335.0,340.0,148.0,0.22158920539730134
23.0,1.0,32.0,0.3,0.1,0.8,4.0,3155.0,320.0,146.0,0.22757527733755942
23.0,1.0,33.0,0.3,0.1,0.8,4.0,3035.0,322.0,150.0,0.2299835255354201
23.0,1.0,34.0,0.3,0.1,0.8,4.0,2930.0,336.0,157.0,0.23447098976109215
23.0,1.0,35.0,0.3,0.1,0.8,4.0,2816.0,341.0,160.0,0.24147727272727273
23.0,1.0,36.0,0.3,0.1,0.8,4.0,2649.0,341.0,157.0,0.2480181200453001
23.0,1.0,37.0,0.3,0.1,0.8,4.0,2566.0,333.0,163.0,0.25565081839438814
23.0,1.0,38.0,0.3,0.1,0.8,4.0,2489.0,315.0,167.0,0.26235435918039374
23.0,1.0,39.0,0.3,0.1,0.8,4.0,2381.0,310.0,160.0,0.27047459050818984
23.0,1.0,40.0,0.3,0.1,0.8,4.0,2269.0,289.0,148.0,0.2785368003525782
23.0,1.0,41.0,0.3,0.1,0.8,4.0,2164.0,255.0,130.0,0.28835489833641403
23.0,1.0,42.0,0.3,0.1,0.8,4.0,2076.0,245.0,124.0,0.2947976878612717
23.0,1.0,43.0,0.3,0.1,0.8,4.0,1993.0,230.0,115.0,0.305569493226292
23.0,1.0,44.0,0.3,0.1,0.8,4.0,1928.0,213.0,116.0,0.31431535269709543
23.0,1.0,45.0,0.3,0.1,0.8,4.0,1845.0,204.0,100.0,0.48184281842818427
23.0,1.0,46.0,0.3,0.1,0.8,4.0,1771.0,181.0,105.0,0.4878599661208357
23.0,1.0,47.0,0.3,0.1,0.8,4.0,1719.0,160.0,91.0,0.49621873182082604
23.0,1.0,48.0,0.3,0.1,0.8,4.0,1658.0,147.0,87.0,0.5048250904704463
23.0,1.0,49.0,0.3,0.1,0.8,4.0,1594.0,115.0,60.0,0.5119196988707654
23.0,1.0,50.0,0.3,0.1,0.8,4.0,1534.0,91.0,50.0,0.5182529335071708
23.0,1.0,51.0,0.3,0.1,0.8,4.0,1493.0,82.0,49.0,0.521098459477562
23.0,1.0,52.0,0.3,0.1,0.8,4.0,1476.0,77.0,47.0,0.5210027100271003
23.0,2.0,1.0,0.3,0.1,0.8,4.0,1444.0,62.0,36.0,0.528393351800554
23.0,2.0,2.0,0.3,0.1,0.8,4.0,1404.0,48.0,28.0,0.5292022792022792
23.0,2.0,3.0,0.3,0.1,0.8,4.0,1386.0,42.0,28.0,0.5346320346320347
23.0,2.0,4.0,0.3,0.1,0.8,4.0,1359.0,41.0,22.0,0.5408388520971302
23.0,2.0,5.0,0.3,0.1,0.8,4.0,1337.0,35.0,25.0,0.5452505609573672
23.0,2.0,6.0,0.3,0.1,0.8,4.0,1323.0,28.0,17.0,0.5495086923658352
23.0,2.0,7.0,0.3,0.1,0.8,4.0,1309.0,25.0,15.0,0.5508021390374331
23.0,2.0,8.0,0.3,0.1,0.8,4.0,1289.0,17.0,6.0,0.5515903801396431
23.0,2.0,9.0,0.3,0.1,0.8,4.0,1272.0,15.0,7.0,0.5518867924528302
23.0,2.0,10.0,0.3,0.1,0.8,4.0,1269.0,15.0,8.0,0.5500394011032309
23.0,2.0,11.0,0.3,0.1,0.8,4.0,1235.0,14.0,9.0,0.5522267206477732
23.0,2.0,12.0,0.3,0.1,0.8,4.0,1214.0,12.0,7.0,0.556013179571664
23.0,2.0,13.0,0.3,0.1,0.8,4.0,1206.0,10.0,7.0,0.5572139303482587
23.0,2.0,14.0,0.3,0.1,0.8,4.0,1203.0,10.0,4.0,0.5594347464671654
23.0,2.0,15.0,0.3,0.1,0.8,4.0,1190.0,10.0,4.0,0.5588235294117647
23.0,2.0,16.0,0.3,0.1,0.8,4.0,1183.0,10.0,5.0,0.558748943364328
23.0,2.0,17.0,0.3,0.1,0.8,4.0,1157.0,9.0,6.0,0.560933448573898
23.0,2.0,18.0,0.3,0.1,0.8,4.0,1160.0,9.0,5.0,0.5603448275862069
23.0,2.0,19.0,0.3,0.1,0.8,4.0,1146.0,7.0,2.0,0.5619546247818499
23.0,2.0,20.0,0.3,0.1,0.8,4.0,2099.0,5.0,2.0,0.30395426393520725
23.0,2.0,21.0,0.3,0.1,0.8,4.0,2019.0,7.0,2.0,0.3055968301139178
23.0,2.0,22.0,0.3,0.1,0.8,4.0,1986.0,7.0,3.0,0.30362537764350456
23.0,2.0,23.0,0.3,0.1,0.8,4.0,1916.0,10.0,3.0,0.3068893528183716
23.0,2.0,24.0,0.3,0.1,0.8,4.0,1884.0,14.0,4.0,0.30254777070063693
23.0,2.0,25.0,0.3,0.1,0.8,4.0,1804.0,18.0,7.0,0.3093126385809313
23.0,2.0,26.0,0.3,0.1,0.8,4.0,1742.0,10.0,4.0,0.3099885189437428
23.0,2.0,27.0,0.3,0.1,0.8,4.0,1685.0,7.0,5.0,0.31513353115727005
23.0,2.0,28.0,0.3,0.1,0.8,4.0,1659.0,6.0,4.0,0.31223628691983124
23.0,2.0,29.0,0.3,0.1,0.8,4.0,1594.0,7.0,4.0,0.3174404015056462
23.0,2.0,30.0,0.3,0.1,0.8,4.0,1573.0,10.0,4.0,0.3184996821360458
23.0,2.0,31.0,0.3,0.1,0.8,4.0,1536.0,10.0,5.0,0.3209635416666667
23.0,2.0,32.0,0.3,0.1,0.8,4.0,1499.0,9.0,4.0,0.3255503669112742
23.0,2.0,33.0,0.3,0.1,0.8,4.0,1467.0,8.0,3.0,0.32992501704158145
23.0,2.0,34.0,0.3,0.1,0.8,4.0,1442.0,9.0,5.0,0.33079056865464634
23.0,2.0,35.0,0.3,0.1,0.8,4.0,1415.0,9.0,4.0,0.33074204946996466
23.0,2.0,36.0,0.3,0.1,0.8,4.0,1385.0,8.0,3.0,0.33212996389891697
23.0,2.0,37.0,0.3,0.1,0.8,4.0,1338.0,7.0,4.0,0.3333333333333333
23.0,2.0,38.0,0.3,0.1,0.8,4.0,1325.0,9.0,4.0,0.3350943396226415
23.0,2.0,39.0,0.3,0.1,0.8,4.0,1274.0,8.0,3.0,0.33751962323390894
23.0,2.0,40.0,0.3,0.1,0.8,4.0,1272.0,4.0,0.0,0.3380503144654088
23.0,2.0,41.0,0.3,0.1,0.8,4.0,1258.0,4.0,1.0,0.3354531001589825
23.0,2.0,42.0,0.3,0.1,0.8,4.0,1254.0,7.0,3.0,0.335725677830941
23.0,2.0,43.0,0.3,0.1,0.8,4.0,1230.0,10.0,4.0,0.33739837398373984
23.0,2.0,44.0,0.3,0.1,0.8,4.0,1234.0,9.0,5.0,0.3379254457050243
23.0,2.0,45.0,0.3,0.1,0.8,4.0,1212.0,4.0,3.0,0.45957095709570955
23.0,2.0,46.0,0.3,0.1,0.8,4.0,1209.0,3.0,2.0,0.46071133167907363
23.0,2.0,47.0,0.3,0.1,0.8,4.0,1195.0,1.0,0.0,0.4619246861924686
23.0,2.0,48.0,0.3,0.1,0.8,4.0,1196.0,1.0,1.0,0.459866220735786
23.0,2.0,49.0,0.3,0.1,0.8,4.0,1173.0,1.0,1.0,0.46035805626598464
23.0,2.0,50.0,0.3,0.1,0.8,4.0,1165.0,1.0,1.0,0.46180257510729616
23.0,2.0,51.0,0.3,0.1,0.8,4.0,1149.0,0.0,0.0,0.46040034812880765
23.0,2.0,52.0,0.3,0.1,0.8,4.0,1153.0,0.0,0.0,0.4614050303555941
23.0,3.0,1.0,0.3,0.1,0.8,4.0,1133.0,0.0,0.0,0.4616063548102383
23.0,3.0,2.0,0.3,0.1,0.8,4.0,1138.0,0.0,0.0,0.46221441124780316
23.0,3.0,3.0,0.3,0.1,0.8,4.0,1111.0,0.0,0.0,0.4608460846084608
23.0,3.0,4.0,0.3,0.1,0.8,4.0,1121.0,0.0,0.0,0.46030330062444247
23.0,3.0,5.0,0.3,0.1,0.8,4.0,1104.0,0.0,0.0,0.4601449275362319
23.0,3.0,6.0,0.3,0.1,0.8,4.0,1112.0,0.0,0.0,0.45863309352517984
23.0,3.0,7.0,0.3,0.1,0.8,4.0,1076.0,0.0,0.0,0.45724907063197023
23.0,3.0,8.0,0.3,0.1,0.8,4.0,1073.0,0.0,0.0,0.45573159366262816
23.0,3.0,9.0,0.3,0.1,0.8,4.0,1031.0,0.0,0.0,0.4510184287099903
23.0,3.0,10.0,0.3,0.1,0.8,4.0,1035.0,0.0,0.0,0.45314009661835747
23.0,3.0,11.0,0.3,0.1,0.8,4.0,1020.0,0.0,0.0,0.4519607843137255
23.0,3.0,12.0,0.3,0.1,0.8,4.0,1027.0,0.0,0.0,0.4537487828627069
23.0,3.0,13.0,0.3,0.1,0.8,4.0,1014.0,0.0,0.0,0.4516765285996055
23.0,3.0,14.0,0.3,0.1,0.8,4.0,1015.0,0.0,0.0,0.4522167487684729
23.0,3.0,15.0,0.3,0.1,0.8,4.0,999.0,0.0,0.0,0.4494494494494494
23.0,3.0,16.0,0.3,0.1,0.8,4.0,994.0,0.0,0.0,0.45472837022132795
23.0,3.0,17.0,0.3,0.1,0.8,4.0,973.0,0.0,0.0,0.4552929085303186
23.0,3.0,18.0,0.3,0.1,0.8,4.0,971.0,0.0,0.0,0.4552008238928939
23.0,3.0,19.0,0.3,0.1,0.8,4.0,949.0,0.0,0.0,0.45310853530031614
23.0,3.0,20.0,0.3,0.1,0.8,4.0,1669.0,0.0,0.0,0.2576393049730378
23.0,3.0,21.0,0.3,0.1,0.8,4.0,1590.0,0.0,0.0,0.25471698113207547
23.0,3.0,22.0,0.3,0.1,0.8,4.0,1591.0,0.0,0.0,0.2558139534883721
23.0,3.0,23.0,0.3,0.1,0.8,4.0,1542.0,0.0,0.0,0.25551232166018156
23.0,3.0,24.0,0.3,0.1,0.8,4.0,1549.0,0.0,0.0,0.25564880568108456
23.0,3.0,25.0,0.3,0.1,0.8,4.0,1491.0,0.0,0.0,0.25217974513749164
23.0,3.0,26.0,0.3,0.1,0.8,4.0,1497.0,0.0,0.0,0.250501002004008
23.0,3.0,27.0,0.3,0.1,0.8,4.0,1435.0,0.0,0.0,0.25017421602787454
23.0,3.0,28.0,0.3,0.1,0.8,4.0,1419.0,0.0,0.0,0.25088090204369273
23.0,3.0,29.0,0.3,0.1,0.8,4.0,1365.0,0.0,0.0,0.2542124542124542
23.0,3.0,30.0,0.3,0.1,0.8,4.0,1334.0,0.0,0.0,0.2518740629685157
23.0,3.0,31.0,0.3,0.1,0.8,4.0,1242.0,0.0,0.0,0.2584541062801932
23.0,3.0,32.0,0.3,0.1,0.8,4.0,1250.0,0.0,0.0,0.2544
23.0,3.0,33.0,0.3,0.1,0.8,4.0,1216.0,0.0,0.0,0.2565789473684211
23.0,3.0,34.0,0.3,0.1,0.8,4.0,1215.0,0.0,0.0,0.25349794238683127
23.0,3.0,35.0,0.3,0.1,0.8,4.0,1154.0,0.0,0.0,0.2512998266897747
23.0,3.0,36.0,0.3,0.1,0.8,4.0,1156.0,0.0,0.0,0.24740484429065743
23.0,3.0,37.0,0.3,0.1,0.8,4.0,1135.0,0.0,0.0,0.24933920704845816
23.0,3.0,38.0,0.3,0.1,0.8,4.0,1135.0,0.0,0.0,0.24669603524229075
23.0,3.0,39.0,0.3,0.1,0.8,4.0,1101.0,0.0,0.0,0.24704813805631246
23.0,3.0,40.0,0.3,0.1,0.8,4.0,1082.0,0.0,0.0,0.24861367837338263
23.0,3.0,41.0,0.3,0.1,0.8,4.0,1066.0,0.0,0.0,0.24953095684803
23.0,3.0,42.0,0.3,0.1,0.8,4.0,1055.0,0.0,0.0,0.25213270142180094
23.0,3.0,43.0,0.3,0.1,0.8,4.0,1034.0,0.0,0.0,0.2524177949709865
23.0,3.0,44.0,0.3,0.1,0.8,4.0,1017.0,0.0,0.0,0.25172074729596855
23.0,3.0,45.0,0.3,0.1,0.8,4.0,979.0,0.0,0.0,0.42390194075587334
23.0,3.0,46.0,0.3,0.1,0.8,4.0,982.0,0.0,0.0,0.4215885947046843
23.0,3.0,47.0,0.3,0.1,0.8,4.0,959.0,0.0,0.0,0.42127215849843586
23.0,3.0,48.0,0.3,0.1,0.8,4.0,961.0,0.0,0.0,0.4214360041623309
23.0,3.0,49.0,0.3,0.1,0.8,4.0,940.0,0.0,0.0,0.4223404255319149
23.0,3.0,50.0,0.3,0.1,0.8,4.0,920.0,0.0,0.0,0.41847826086956524
23.0,3.0,51.0,0.3,0.1,0.8,4.0,892.0,0.0,0.0,0.4147982062780269
23.0,3.0,52.0,0.3,0.1,0.8,4.0,887.0,0.0,0.0,0.41713641488162345
23.0,4.0,1.0,0.3,0.1,0.8,4.0,875.0,0.0,0.0,0.4137142857142857
23.0,4.0,2.0,0.3,0.1,0.8,4.0,877.0,0.0,0.0,0.4161915621436716
23.0,4.0,3.0,0.3,0.1,0.8,4.0,849.0,0.0,0.0,0.41578327444051827
23.0,4.0,4.0,0.3,0.1,0.8,4.0,841.0,0.0,0.0,0.41973840665873957
23.0,4.0,5.0,0.3,0.1,0.8,4.0,818.0,0.0,0.0,0.41687041564792177
23.0,4.0,6.0,0.3,0.1,0.8,4.0,814.0,0.0,0.0,0.4176904176904177
23.0,4.0,7.0,0.3,0.1,0.8,4.0,800.0,0.0,0.0,0.41125
23.0,4.0,8.0,0.3,0.1,0.8,4.0,806.0,0.0,0.0,0.4143920595533499
23.0,4.0,9.0,0.3,0.1,0.8,4.0,792.0,0.0,0.0,0.4078282828282828
23.0,4.0,10.0,0.3,0.1,0.8,4.0,772.0,0.0,0.0,0.41321243523316065
23.0,4.0,11.0,0.3,0.1,0.8,4.0,760.0,0.0,0.0,0.40789473684210525
23.0,4.0,12.0,0.3,0.1,0.8,4.0,763.0,0.0,0.0,0.41284403669724773
23.0,4.0,13.0,0.3,0.1,0.8,4.0,755.0,0.0,0.0,0.40927152317880794
23.0,4.0,14.0,0.3,0.1,0.8,4.0,761.0,0.0,0.0,0.41392904073587383
23.0,4.0,15.0,0.3,0.1,0.8,4.0,750.0,0.0,0.0,0.4106666666666667
23.0,4.0,16.0,0.3,0.1,0.8,4.0,758.0,0.0,0.0,0.4129287598944591
23.0,4.0,17.0,0.3,0.1,0.8,4.0,746.0,0.0,0.0,0.4075067024128686
23.0,4.0,18.0,0.3,0.1,0.8,4.0,753.0,0.0,0.0,0.4103585657370518
23.0,4.0,19.0,0.3,0.1,0.8,4.0,744.0,0.0,0.0,0.40725806451612906
23.0,4.0,20.0,0.3,0.1,0.8,4.0,1341.0,0.0,0.0,0.22744220730797912
23.0,4.0,21.0,0.3,0.1,0.8,4.0,1285.0,0.0,0.0,0.22568093385214008
23.0,4.0,22.0,0.3,0.1,0.8,4.0,1261.0,0.0,0.0,0.22918318794607453
23.0,4.0,23.0,0.3,0.1,0.8,4.0,1218.0,0.0,0.0,0.22988505747126436
23.0,4.0,24.0,0.3,0.1,0.8,4.0,1193.0,0.0,0.0,0.23218776194467727
23.0,4.0,25.0,0.3,0.1,0.8,4.0,1149.0,0.0,0.0,0.23237597911227154
23.0,4.0,26.0,0.3,0.1,0.8,4.0,1117.0,0.0,0.0,0.22918531781557744
23.0,4.0,27.0,0.3,0.1,0.8,4.0,1114.0,0.0,0.0,0.22800718132854578
23.0,4.0,28.0,0.3,0.1,0.8,4.0,1087.0,0.0,0.0,0.2281508739650414
23.0,4.0,29.0,0.3,0.1,0.8,4.0,1083.0,0.0,0.0,0.22530009233610343
23.0,4.0,30.0,0.3,0.1,0.8,4.0,1063.0,0.0,0.0,0.2257761053621825
23.0,4.0,31.0,0.3,0.1,0.8,4.0,1058.0,0.0,0.0,0.22495274102079396
23.0,4.0,32.0,0.3,0.1,0.8,4.0,1024.0,0.0,0.0,0.2275390625
23.0,4.0,33.0,0.3,0.1,0.8,4.0,1021.0,0.0,0.0,0.22722820763956905
23.0,4.0,34.0,0.3,0.1,0.8,4.0,1020.0,0.0,0.0,0.22647058823529412
23.0,4.0,35.0,0.3,0.1,0.8,4.0,989.0,0.0,0.0,0.2275025278058645
23.0,4.0,36.0,0.3,0.1,0.8,4.0,944.0,0.0,0.0,0.2288135593220339
23.0,4.0,37.0,0.3,0.1,0.8,4.0,927.0,0.0,0.0,0.22761596548004315
23.0,4.0,38.0,0.3,0.1,0.8,4.0,929.0,0.0,0.0,0.22820236813778255
23.0,4.0,39.0,0.3,0.1,0.8,4.0,901.0,0.0,0.0,0.2286348501664817
23.0,4.0,40.0,0.3,0.1,0.8,4.0,876.0,0.0,0.0,0.228310502283105
23.0,4.0,41.0,0.3,0.1,0.8,4.0,846.0,0.0,0.0,0.2293144208037825
23.0,4.0,42.0,0.3,0.1,0.8,4.0,831.0,0.0,0.0,0.23104693140794225
23.0,4.0,43.0,0.3,0.1,0.8,4.0,815.0,0.0,0.0,0.2331288343558282
23.0,4.0,44.0,0.3,0.1,0.8,4.0,818.0,0.0,0.0,0.23227383863080683
23.0,4.0,45.0,0.3,0.1,0.8,4.0,799.0,0.0,0.0,0.4067584480600751
23.0,4.0,46.0,0.3,0.1,0.8,4.0,788.0,0.0,0.0,0.40482233502538073
23.0,4.0,47.0,0.3,0.1,0.8,4.0,768.0,0.0,0.0,0.4010416666666667
23.0,4.0,48.0,0.3,0.1,0.8,4.0,742.0,0.0,0.0,0.39622641509433965
23.0,4.0,49.0,0.3,0.1,0.8,4.0,734.0,0.0,0.0,0.3991825613079019
23.0,4.0,50.0,0.3,0.1,0.8,4.0,711.0,0.0,0.0,0.39943741209563993
23.0,4.0,51.0,0.3,0.1,0.8,4.0,707.0,0.0,0.0,0.4002828854314003
23.0,4.0,52.0,0.3,0.1,0.8,4.0,708.0,0.0,0.0,0.3983050847457627
23.0,5.0,1.0,0.3,0.1,0.8,4.0,706.0,0.0,0.0,0.40084985835694054
23.0,5.0,2.0,0.3,0.1,0.8,4.0,704.0,0.0,0.0,0.3963068181818182
23.0,5.0,3.0,0.3,0.1,0.8,4.0,682.0,0.0,0.0,0.3914956011730205
23.0,5.0,4.0,0.3,0.1,0.8,4.0,682.0,0.0,0.0,0.39002932551319647
23.0,5.0,5.0,0.3,0.1,0.8,4.0,680.0,0.0,0.0,0.3911764705882353
23.0,5.0,6.0,0.3,0.1,0.8,4.0,679.0,0.0,0.0,0.3873343151693667
23.0,5.0,7.0,0.3,0.1,0.8,4.0,679.0,0.0,0.0,0.38880706921944036
23.0,5.0,8.0,0.3,0.1,0.8,4.0,677.0,0.0,0.0,0.38847858197932056
23.0,5.0,9.0,0.3,0.1,0.8,4.0,659.0,0.0,0.0,0.3945371775417299
23.0,5.0,10.0,0.3,0.1,0.8,4.0,659.0,0.0,0.0,0.3930197268588771
23.0,5.0,11.0,0.3,0.1,0.8,4.0,656.0,0.0,0.0,0.3932926829268293
23.0,5.0,12.0,0.3,0.1,0.8,4.0,656.0,0.0,0.0,0.3902439024390244
23.0,5.0,13.0,0.3,0.1,0.8,4.0,649.0,0.0,0.0,0.3913713405238829
23.0,5.0,14.0,0.3,0.1,0.8,4.0,648.0,0.0,0.0,0.39197530864197533
23.0,5.0,15.0,0.3,0.1,0.8,4.0,644.0,0.0,0.0,0.39285714285714285
23.0,5.0,16.0,0.3,0.1,0.8,4.0,646.0,0.0,0.0,0.3931888544891641
23.0,5.0,17.0,0.3,0.1,0.8,4.0,644.0,0.0,0.0,0.39285714285714285
23.0,5.0,18.0,0.3,0.1,0.8,4.0,645.0,0.0,0.0,0.3922480620155039
23.0,5.0,19.0,0.3,0.1,0.8,4.0,640.0,0.0,0.0,0.3921875
23.0,5.0,20.0,0.3,0.1,0.8,4.0,1215.0,0.0,0.0,0.20658436213991768
23.0,5.0,21.0,0.3,0.1,0.8,4.0,1178.0,0.0,0.0,0.20543293718166383
23.0,5.0,22.0,0.3,0.1,0.8,4.0,1128.0,0.0,0.0,0.20656028368794327
23.0,5.0,23.0,0.3,0.1,0.8,4.0,1098.0,0.0,0.0,0.20856102003642987
23.0,5.0,24.0,0.3,0.1,0.8,4.0,1076.0,0.0,0.0,0.21096654275092938
23.0,5.0,25.0,0.3,0.1,0.8,4.0,1047.0,0.0,0.0,0.21298949379178606
23.0,5.0,26.0,0.3,0.1,0.8,4.0,1004.0,0.0,0.0,0.21314741035856574
23.0,5.0,27.0,0.3,0.1,0.8,4.0,971.0,0.0,0.0,0.21112255406797117
23.0,5.0,28.0,0.3,0.1,0.8,4.0,960.0,0.0,0.0,0.2125
23.0,5.0,29.0,0.3,0.1,0.8,4.0,944.0,0.0,0.0,0.2108050847457627
23.0,5.0,30.0,0.3,0.1,0.8,4.0,949.0,0.0,0.0,0.20969441517386722
23.0,5.0,31.0,0.3,0.1,0.8,4.0,944.0,0.0,0.0,0.2108050847457627
23.0,5.0,32.0,0.3,0.1,0.8,4.0,947.0,0.0,0.0,0.20802534318901794
23.0,5.0,33.0,0.3,0.1,0.8,4.0,910.0,0.0,0.0,0.21208791208791208
23.0,5.0,34.0,0.3,0.1,0.8,4.0,914.0,0.0,0.0,0.2100656455142232
23.0,5.0,35.0,0.3,0.1,0.8,4.0,872.0,0.0,0.0,0.2121559633027523
23.0,5.0,36.0,0.3,0.1,0.8,4.0,821.0,0.0,0.0,0.220462850182704
23.0,5.0,37.0,0.3,0.1,0.8,4.0,814.0,0.0,0.0,0.2199017199017199
23.0,5.0,38.0,0.3,0.1,0.8,4.0,801.0,0.0,0.0,0.21972534332084895
23.0,5.0,39.0,0.3,0.1,0.8,4.0,771.0,0.0,0.0,0.2204928664072633
23.0,5.0,40.0,0.3,0.1,0.8,4.0,771.0,0.0,0.0,0.2178988326848249
23.0,5.0,41.0,0.3,0.1,0.8,4.0,730.0,0.0,0.0,0.2219178082191781
23.0,5.0,42.0,0.3,0.1,0.8,4.0,707.0,0.0,0.0,0.22206506364922207
23.0,5.0,43.0,0.3,0.1,0.8,4.0,701.0,0.0,0.0,0.21968616262482168
23.0,5.0,44.0,0.3,0.1,0.8,4.0,704.0,0.0,0.0,0.22017045454545456
23.0,5.0,45.0,0.3,0.1,0.8,4.0,701.0,0.0,0.0,0.38944365192582026
23.0,5.0,46.0,0.3,0.1,0.8,4.0,703.0,0.0,0.0,0.3911806543385491
23.0,5.0,47.0,0.3,0.1,0.8,4.0,675.0,0.0,0.0,0.38666666666666666
23.0,5.0,48.0,0.3,0.1,0.8,4.0,671.0,0.0,0.0,0.39046199701937406
23.0,5.0,49.0,0.3,0.1,0.8,4.0,621.0,0.0,0.0,0.391304347826087
23.0,5.0,50.0,0.3,0.1,0.8,4.0,618.0,0.0,0.0,0.3964401294498382
23.0,5.0,51.0,0.3,0.1,0.8,4.0,620.0,0.0,0.0,0.3919354838709677
23.0,5.0,52.0,0.3,0.1,0.8,4.0,606.0,0.0,0.0,0.3976897689768977
23.0,6.0,1.0,0.3,0.1,0.8,4.0,608.0,0.0,0.0,0.3963815789473684
23.0,6.0,2.0,0.3,0.1,0.8,4.0,602.0,0.0,0.0,0.4003322259136213
23.0,6.0,3.0,0.3,0.1,0.8,4.0,581.0,0.0,0.0,0.39070567986230637
23.0,6.0,4.0,0.3,0.1,0.8,4.0,566.0,0.0,0.0,0.3957597173144876
23.0,6.0,5.0,0.3,0.1,0.8,4.0,568.0,0.0,0.0,0.39436619718309857
23.0,6.0,6.0,0.3,0.1,0.8,4.0,566.0,0.0,0.0,0.3957597173144876
23.0,6.0,7.0,0.3,0.1,0.8,4.0,564.0,0.0,0.0,0.3900709219858156
23.0,6.0,8.0,0.3,0.1,0.8,4.0,561.0,0.0,0.0,0.39215686274509803
23.0,6.0,9.0,0.3,0.1,0.8,4.0,558.0,0.0,0.0,0.3924731182795699
23.0,6.0,10.0,0.3,0.1,0.8,4.0,557.0,0.0,0.0,0.39138240574506283
23.0,6.0,11.0,0.3,0.1,0.8,4.0,556.0,0.0,0.0,0.3902877697841727
23.0,6.0,12.0,0.3,0.1,0.8,4.0,555.0,0.0,0.0,0.390990990990991
23.0,6.0,13.0,0.3,0.1,0.8,4.0,554.0,0.0,0.0,0.3916967509025271
23.0,6.0,14.0,0.3,0.1,0.8,4.0,551.0,0.0,0.0,0.39201451905626133
23.0,6.0,15.0,0.3,0.1,0.8,4.0,551.0,0.0,0.0,0.39201451905626133
23.0,6.0,16.0,0.3,0.1,0.8,4.0,550.0,0.0,0.0,0.39090909090909093
23.0,6.0,17.0,0.3,0.1,0.8,4.0,550.0,0.0,0.0,0.39090909090909093
23.0,6.0,18.0,0.3,0.1,0.8,4.0,538.0,0.0,0.0,0.3847583643122677
23.0,6.0,19.0,0.3,0.1,0.8,4.0,538.0,0.0,0.0,0.3847583643122677
23.0,6.0,20.0,0.3,0.1,0.8,4.0,991.0,0.0,0.0,0.20787083753784055
23.0,6.0,21.0,0.3,0.1,0.8,4.0,940.0,0.0,0.0,0.20957446808510638
23.0,6.0,22.0,0.3,0.1,0.8,4.0,902.0,0.0,0.0,0.20953436807095344
23.0,6.0,23.0,0.3,0.1,0.8,4.0,876.0,0.0,0.0,0.2100456621004566
23.0,6.0,24.0,0.3,0.1,0.8,4.0,860.0,0.0,0.0,0.2127906976744186
23.0,6.0,25.0,0.3,0.1,0.8,4.0,794.0,0.0,0.0,0.21914357682619648
23.0,6.0,26.0,0.3,0.1,0.8,4.0,761.0,0.0,0.0,0.22076215505913271
23.0,6.0,27.0,0.3,0.1,0.8,4.0,760.0,0.0,0.0,0.21973684210526315
23.0,6.0,28.0,0.3,0.1,0.8,4.0,722.0,0.0,0.0,0.22022160664819945
23.0,6.0,29.0,0.3,0.1,0.8,4.0,699.0,0.0,0.0,0.22031473533619456
23.0,6.0,30.0,0.3,0.1,0.8,4.0,678.0,0.0,0.0,0.22418879056047197
23.0,6.0,31.0,0.3,0.1,0.8,4.0,667.0,0.0,0.0,0.22338830584707647
23.0,6.0,32.0,0.3,0.1,0.8,4.0,645.0,0.0,0.0,0.22635658914728682
23.0,6.0,33.0,0.3,0.1,0.8,4.0,621.0,0.0,0.0,0.2318840579710145
23.0,6.0,34.0,0.3,0.1,0.8,4.0,620.0,0.0,0.0,0.2306451612903226
23.0,6.0,35.0,0.3,0.1,0.8,4.0,619.0,0.0,0.0,0.23263327948303716
23.0,6.0,36.0,0.3,0.1,0.8,4.0,617.0,0.0,0.0,0.23014586709886548
23.0,6.0,37.0,0.3,0.1,0.8,4.0,604.0,0.0,0.0,0.23344370860927152
23.0,6.0,38.0,0.3,0.1,0.8,4.0,603.0,0.0,0.0,0.23217247097844113
23.0,6.0,39.0,0.3,0.1,0.8,4.0,592.0,0.0,0.0,0.23817567567567569
23.0,6.0,40.0,0.3,0.1,0.8,4.0,591.0,0.0,0.0,0.23688663282571912
23.0,6.0,41.0,0.3,0.1,0.8,4.0,591.0,0.0,0.0,0.23688663282571912
23.0,6.0,42.0,0.3,0.1,0.8,4.0,590.0,0.0,0.0,0.23559322033898306
23.0,6.0,43.0,0.3,0.1,0.8,4.0,579.0,0.0,0.0,0.24006908462867013
23.0,6.0,44.0,0.3,0.1,0.8,4.0,577.0,0.0,0.0,0.23743500866551126
23.0,6.0,45.0,0.3,0.1,0.8,4.0,577.0,0.0,0.0,0.37261698440207974
23.0,6.0,46.0,0.3,0.1,0.8,4.0,575.0,0.0,0.0,0.37043478260869567
23.0,6.0,47.0,0.3,0.1,0.8,4.0,571.0,0.0,0.0,0.37478108581436076
23.0,6.0,48.0,0.3,0.1,0.8,4.0,548.0,0.0,0.0,0.3722627737226277
23.0,6.0,49.0,0.3,0.1,0.8,4.0,548.0,0.0,0.0,0.3722627737226277
23.0,6.0,50.0,0.3,0.1,0.8,4.0,547.0,0.0,0.0,0.3711151736745887
23.0,6.0,51.0,0.3,0.1,0.8,4.0,546.0,0.0,0.0,0.37362637362637363
23.0,6.0,52.0,0.3,0.1,0.8,4.0,547.0,0.0,0.0,0.3711151736745887
23.0,7.0,1.0,0.3,0.1,0.8,4.0,546.0,0.0,0.0,0.37362637362637363
23.0,7.0,2.0,0.3,0.1,0.8,4.0,545.0,0.0,0.0,0.3724770642201835
23.0,7.0,3.0,0.3,0.1,0.8,4.0,530.0,0.0,0.0,0.37169811320754714
23.0,7.0,4.0,0.3,0.1,0.8,4.0,518.0,0.0,0.0,0.37065637065637064
23.0,7.0,5.0,0.3,0.1,0.8,4.0,519.0,0.0,0.0,0.371868978805395
23.0,7.0,6.0,0.3,0.1,0.8,4.0,518.0,0.0,0.0,0.37065637065637064
23.0,7.0,7.0,0.3,0.1,0.8,4.0,518.0,0.0,0.0,0.37258687258687256
23.0,7.0,8.0,0.3,0.1,0.8,4.0,516.0,0.0,0.0,0.3701550387596899
23.0,7.0,9.0,0.3,0.1,0.8,4.0,516.0,0.0,0.0,0.3701550387596899
23.0,7.0,10.0,0.3,0.1,0.8,4.0,514.0,0.0,0.0,0.36964980544747084
23.0,7.0,11.0,0.3,0.1,0.8,4.0,515.0,0.0,0.0,0.37087378640776697
23.0,7.0,12.0,0.3,0.1,0.8,4.0,509.0,0.0,0.0,0.37328094302554027
23.0,7.0,13.0,0.3,0.1,0.8,4.0,509.0,0.0,0.0,0.37524557956778
23.0,7.0,14.0,0.3,0.1,0.8,4.0,508.0,0.0,0.0,0.37401574803149606
23.0,7.0,15.0,0.3,0.1,0.8,4.0,509.0,0.0,0.0,0.37524557956778
23.0,7.0,16.0,0.3,0.1,0.8,4.0,507.0,0.0,0.0,0.3747534516765286
23.0,7.0,17.0,0.3,0.1,0.8,4.0,498.0,0.0,0.0,0.3755020080321285
23.0,7.0,18.0,0.3,0.1,0.8,4.0,484.0,0.0,0.0,0.378099173553719
23.0,7.0,19.0,0.3,0.1,0.8,4.0,486.0,0.0,0.0,0.3786008230452675
23.0,7.0,20.0,0.3,0.1,0.8,4.0,856.0,0.0,0.0,0.21261682242990654
23.0,7.0,21.0,0.3,0.1,0.8,4.0,845.0,0.0,0.0,0.21420118343195266
23.0,7.0,22.0,0.3,0.1,0.8,4.0,832.0,0.0,0.0,0.21153846153846154
23.0,7.0,23.0,0.3,0.1,0.8,4.0,820.0,0.0,0.0,0.2146341463414634
23.0,7.0,24.0,0.3,0.1,0.8,4.0,788.0,0.0,0.0,0.21446700507614214
23.0,7.0,25.0,0.3,0.1,0.8,4.0,764.0,0.0,0.0,0.21335078534031413
23.0,7.0,26.0,0.3,0.1,0.8,4.0,748.0,0.0,0.0,0.2179144385026738
23.0,7.0,27.0,0.3,0.1,0.8,4.0,735.0,0.0,0.0,0.22040816326530613
23.0,7.0,28.0,0.3,0.1,0.8,4.0,709.0,0.0,0.0,0.22143864598025387
23.0,7.0,29.0,0.3,0.1,0.8,4.0,698.0,0.0,0.0,0.2177650429799427
23.0,7.0,30.0,0.3,0.1,0.8,4.0,686.0,0.0,0.0,0.22011661807580174
23.0,7.0,31.0,0.3,0.1,0.8,4.0,676.0,0.0,0.0,0.22041420118343194
23.0,7.0,32.0,0.3,0.1,0.8,4.0,664.0,0.0,0.0,0.22439759036144577
23.0,7.0,33.0,0.3,0.1,0.8,4.0,653.0,0.0,0.0,0.222052067381317
23.0,7.0,34.0,0.3,0.1,0.8,4.0,652.0,0.0,0.0,0.2223926380368098
23.0,7.0,35.0,0.3,0.1,0.8,4.0,642.0,0.0,0.0,0.22274143302180685
23.0,7.0,36.0,0.3,0.1,0.8,4.0,624.0,0.0,0.0,0.22756410256410256
23.0,7.0,37.0,0.3,0.1,0.8,4.0,601.0,0.0,0.0,0.22961730449251247
23.0,7.0,38.0,0.3,0.1,0.8,4.0,600.0,0.0,0.0,0.23
23.0,7.0,39.0,0.3,0.1,0.8,4.0,601.0,0.0,0.0,0.22961730449251247
23.0,7.0,40.0,0.3,0.1,0.8,4.0,600.0,0.0,0.0,0.23
23.0,7.0,41.0,0.3,0.1,0.8,4.0,601.0,0.0,0.0,0.22961730449251247
23.0,7.0,42.0,0.3,0.1,0.8,4.0,600.0,0.0,0.0,0.23
23.0,7.0,43.0,0.3,0.1,0.8,4.0,601.0,0.0,0.0,0.22961730449251247
23.0,7.0,44.0,0.3,0.1,0.8,4.0,600.0,0.0,0.0,0.23
23.0,7.0,45.0,0.3,0.1,0.8,4.0,601.0,0.0,0.0,0.3777038269550749
23.0,7.0,46.0,0.3,0.1,0.8,4.0,600.0,0.0,0.0,0.37833333333333335
23.0,7.0,47.0,0.3,0.1,0.8,4.0,601.0,0.0,0.0,0.3777038269550749
23.0,7.0,48.0,0.3,0.1,0.8,4.0,600.0,0.0,0.0,0.37833333333333335
23.0,7.0,49.0,0.3,0.1,0.8,4.0,588.0,0.0,0.0,0.37755102040816324
23.0,7.0,50.0,0.3,0.1,0.8,4.0,586.0,0.0,0.0,0.3771331058020478
23.0,7.0,51.0,0.3,0.1,0.8,4.0,587.0,0.0,0.0,0.37649063032367974
23.0,7.0,52.0,0.3,0.1,0.8,4.0,585.0,0.0,0.0,0.37606837606837606
23.0,8.0,1.0,0.3,0.1,0.8,4.0,586.0,0.0,0.0,0.37542662116040953
23.0,8.0,2.0,0.3,0.1,0.8,4.0,585.0,0.0,0.0,0.37606837606837606
23.0,8.0,3.0,0.3,0.1,0.8,4.0,586.0,0.0,0.0,0.37542662116040953
23.0,8.0,4.0,0.3,0.1,0.8,4.0,585.0,0.0,0.0,0.37606837606837606
23.0,8.0,5.0,0.3,0.1,0.8,4.0,586.0,0.0,0.0,0.37542662116040953
23.0,8.0,6.0,0.3,0.1,0.8,4.0,573.0,0.0,0.0,0.37521815008726006
23.0,8.0,7.0,0.3,0.1,0.8,4.0,574.0,0.0,0.0,0.37456445993031356
23.0,8.0,8.0,0.3,0.1,0.8,4.0,572.0,0.0,0.0,0.3741258741258741
23.0,8.0,9.0,0.3,0.1,0.8,4.0,573.0,0.0,0.0,0.37347294938917974
23.0,8.0,10.0,0.3,0.1,0.8,4.0,572.0,0.0,0.0,0.3741258741258741
23.0,8.0,11.0,0.3,0.1,0.8,4.0,572.0,0.0,0.0,0.3741258741258741
23.0,8.0,12.0,0.3,0.1,0.8,4.0,570.0,0.0,0.0,0.3736842105263158
23.0,8.0,13.0,0.3,0.1,0.8,4.0,571.0,0.0,0.0,0.37302977232924694
23.0,8.0,14.0,0.3,0.1,0.8,4.0,569.0,0.0,0.0,0.37434094903339193
23.0,8.0,15.0,0.3,0.1,0.8,4.0,548.0,0.0,0.0,0.3704379562043796
23.0,8.0,16.0,0.3,0.1,0.8,4.0,547.0,0.0,0.0,0.3711151736745887
23.0,8.0,17.0,0.3,0.1,0.8,4.0,548.0,0.0,0.0,0.3704379562043796
23.0,8.0,18.0,0.3,0.1,0.8,4.0,547.0,0.0,0.0,0.3711151736745887
23.0,8.0,19.0,0.3,0.1,0.8,4.0,548.0,0.0,0.0,0.3704379562043796
23.0,8.0,20.0,0.3,0.1,0.8,4.0,964.0,0.0,0.0,0.21058091286307054
23.0,8.0,21.0,0.3,0.1,0.8,4.0,940.0,0.0,0.0,0.21063829787234042
23.0,8.0,22.0,0.3,0.1,0.8,4.0,902.0,0.0,0.0,0.21175166297117518
23.0,8.0,23.0,0.3,0.1,0.8,4.0,903.0,0.0,0.0,0.2115171650055371
23.0,8.0,24.0,0.3,0.1,0.8,4.0,890.0,0.0,0.0,0.21348314606741572
23.0,8.0,25.0,0.3,0.1,0.8,4.0,866.0,0.0,0.0,0.21709006928406466
23.0,8.0,26.0,0.3,0.1,0.8,4.0,865.0,0.0,0.0,0.21734104046242775
23.0,8.0,27.0,0.3,0.1,0.8,4.0,851.0,0.0,0.0,0.21856639247943596
23.0,8.0,28.0,0.3,0.1,0.8,4.0,813.0,0.0,0.0,0.22263222632226323
23.0,8.0,29.0,0.3,0.1,0.8,4.0,798.0,0.0,0.0,0.22431077694235588
23.0,8.0,30.0,0.3,0.1,0.8,4.0,797.0,0.0,0.0,0.2245922208281054
23.0,8.0,31.0,0.3,0.1,0.8,4.0,786.0,0.0,0.0,0.22519083969465647
23.0,8.0,32.0,0.3,0.1,0.8,4.0,761.0,0.0,0.0,0.22733245729303547
23.0,8.0,33.0,0.3,0.1,0.8,4.0,750.0,0.0,0.0,0.22666666666666666
23.0,8.0,34.0,0.3,0.1,0.8,4.0,739.0,0.0,0.0,0.2273342354533153
23.0,8.0,35.0,0.3,0.1,0.8,4.0,712.0,0.0,0.0,0.22331460674157302
23.0,8.0,36.0,0.3,0.1,0.8,4.0,712.0,0.0,0.0,0.22331460674157302
23.0,8.0,37.0,0.3,0.1,0.8,4.0,701.0,0.0,0.0,0.2225392296718973
23.0,8.0,38.0,0.3,0.1,0.8,4.0,700.0,0.0,0.0,0.22285714285714286
23.0,8.0,39.0,0.3,0.1,0.8,4.0,701.0,0.0,0.0,0.2225392296718973
23.0,8.0,40.0,0.3,0.1,0.8,4.0,690.0,0.0,0.0,0.22028985507246376
23.0,8.0,41.0,0.3,0.1,0.8,4.0,690.0,0.0,0.0,0.22028985507246376
23.0,8.0,42.0,0.3,0.1,0.8,4.0,664.0,0.0,0.0,0.22590361445783133
23.0,8.0,43.0,0.3,0.1,0.8,4.0,664.0,0.0,0.0,0.22590361445783133
23.0,8.0,44.0,0.3,0.1,0.8,4.0,661.0,0.0,0.0,0.22692889561270801
23.0,8.0,45.0,0.3,0.1,0.8,4.0,650.0,0.0,0.0,0.4169230769230769
23.0,8.0,46.0,0.3,0.1,0.8,4.0,649.0,0.0,0.0,0.41602465331278893
23.0,8.0,47.0,0.3,0.1,0.8,4.0,650.0,0.0,0.0,0.4169230769230769
23.0,8.0,48.0,0.3,0.1,0.8,4.0,638.0,0.0,0.0,0.41379310344827586
23.0,8.0,49.0,0.3,0.1,0.8,4.0,635.0,0.0,0.0,0.41732283464566927
23.0,8.0,50.0,0.3,0.1,0.8,4.0,638.0,0.0,0.0,0.41379310344827586
23.0,8.0,51.0,0.3,0.1,0.8,4.0,635.0,0.0,0.0,0.41732283464566927
23.0,8.0,52.0,0.3,0.1,0.8,4.0,638.0,0.0,0.0,0.41379310344827586
23.0,9.0,1.0,0.3,0.1,0.8,4.0,635.0,0.0,0.0,0.41732283464566927
23.0,9.0,2.0,0.3,0.1,0.8,4.0,638.0,0.0,0.0,0.41379310344827586
23.0,9.0,3.0,0.3,0.1,0.8,4.0,635.0,0.0,0.0,0.41732283464566927
23.0,9.0,4.0,0.3,0.1,0.8,4.0,637.0,0.0,0.0,0.41444270015698587
23.0,9.0,5.0,0.3,0.1,0.8,4.0,634.0,0.0,0.0,0.41798107255520506
23.0,9.0,6.0,0.3,0.1,0.8,4.0,637.0,0.0,0.0,0.41444270015698587
23.0,9.0,7.0,0.3,0.1,0.8,4.0,634.0,0.0,0.0,0.41798107255520506
23.0,9.0,8.0,0.3,0.1,0.8,4.0,636.0,0.0,0.0,0.41509433962264153
23.0,9.0,9.0,0.3,0.1,0.8,4.0,629.0,0.0,0.0,0.41812400635930047
23.0,9.0,10.0,0.3,0.1,0.8,4.0,631.0,0.0,0.0,0.4152139461172742
23.0,9.0,11.0,0.3,0.1,0.8,4.0,629.0,0.0,0.0,0.41812400635930047
23.0,9.0,12.0,0.3,0.1,0.8,4.0,630.0,0.0,0.0,0.4158730158730159
23.0,9.0,13.0,0.3,0.1,0.8,4.0,628.0,0.0,0.0,0.41878980891719747
23.0,9.0,14.0,0.3,0.1,0.8,4.0,629.0,0.0,0.0,0.4165341812400636
23.0,9.0,15.0,0.3,0.1,0.8,4.0,626.0,0.0,0.0,0.42012779552715657
23.0,9.0,16.0,0.3,0.1,0.8,4.0,629.0,0.0,0.0,0.4165341812400636
23.0,9.0,17.0,0.3,0.1,0.8,4.0,626.0,0.0,0.0,0.42012779552715657
23.0,9.0,18.0,0.3,0.1,0.8,4.0,629.0,0.0,0.0,0.4165341812400636
23.0,9.0,19.0,0.3,0.1,0.8,4.0,626.0,0.0,0.0,0.42012779552715657
23.0,9.0,20.0,0.3,0.1,0.8,4.0,1142.0,0.0,0.0,0.2180385288966725
23.0,9.0,21.0,0.3,0.1,0.8,4.0,1119.0,0.0,0.0,0.21983914209115282
23.0,9.0,22.0,0.3,0.1,0.8,4.0,1097.0,0.0,0.0,0.2178669097538742
23.0,9.0,23.0,0.3,0.1,0.8,4.0,1090.0,0.0,0.0,0.21926605504587157
23.0,9.0,24.0,0.3,0.1,0.8,4.0,1087.0,0.0,0.0,0.21711131554737811
23.0,9.0,25.0,0.3,0.1,0.8,4.0,1050.0,0.0,0.0,0.22
23.0,9.0,26.0,0.3,0.1,0.8,4.0,1034.0,0.0,0.0,0.22147001934235977
23.0,9.0,27.0,0.3,0.1,0.8,4.0,985.0,0.0,0.0,0.22842639593908629
23.0,9.0,28.0,0.3,0.1,0.8,4.0,965.0,0.0,0.0,0.22901554404145077
23.0,9.0,29.0,0.3,0.1,0.8,4.0,940.0,0.0,0.0,0.23191489361702128
23.0,9.0,30.0,0.3,0.1,0.8,4.0,937.0,0.0,0.0,0.2305229455709712
23.0,9.0,31.0,0.3,0.1,0.8,4.0,900.0,0.0,0.0,0.24
23.0,9.0,32.0,0.3,0.1,0.8,4.0,907.0,0.0,0.0,0.23814773980154355
23.0,9.0,33.0,0.3,0.1,0.8,4.0,882.0,0.0,0.0,0.24263038548752835
23.0,9.0,34.0,0.3,0.1,0.8,4.0,853.0,0.0,0.0,0.24501758499413834
23.0,9.0,35.0,0.3,0.1,0.8,4.0,846.0,0.0,0.0,0.2470449172576832
23.0,9.0,36.0,0.3,0.1,0.8,4.0,852.0,0.0,0.0,0.24530516431924881
23.0,9.0,37.0,0.3,0.1,0.8,4.0,821.0,0.0,0.0,0.25213154689403167
23.0,9.0,38.0,0.3,0.1,0.8,4.0,804.0,0.0,0.0,0.2524875621890547
23.0,9.0,39.0,0.3,0.1,0.8,4.0,797.0,0.0,0.0,0.2547051442910916
23.0,9.0,40.0,0.3,0.1,0.8,4.0,804.0,0.0,0.0,0.2524875621890547
23.0,9.0,41.0,0.3,0.1,0.8,4.0,784.0,0.0,0.0,0.2538265306122449
23.0,9.0,42.0,0.3,0.1,0.8,4.0,791.0,0.0,0.0,0.2515802781289507
23.0,9.0,43.0,0.3,0.1,0.8,4.0,784.0,0.0,0.0,0.2538265306122449
23.0,9.0,44.0,0.3,0.1,0.8,4.0,791.0,0.0,0.0,0.2515802781289507
23.0,9.0,45.0,0.3,0.1,0.8,4.0,784.0,0.0,0.0,0.40816326530612246
23.0,9.0,46.0,0.3,0.1,0.8,4.0,791.0,0.0,0.0,0.4083438685208597
23.0,9.0,47.0,0.3,0.1,0.8,4.0,784.0,0.0,0.0,0.40816326530612246
23.0,9.0,48.0,0.3,0.1,0.8,4.0,780.0,0.0,0.0,0.40897435897435896
23.0,9.0,49.0,0.3,0.1,0.8,4.0,743.0,0.0,0.0,0.414535666218035
23.0,9.0,50.0,0.3,0.1,0.8,4.0,737.0,0.0,0.0,0.41926729986431477
23.0,9.0,51.0,0.3,0.1,0.8,4.0,729.0,0.0,0.0,0.41838134430727025
23.0,9.0,52.0,0.3,0.1,0.8,4.0,737.0,0.0,0.0,0.41926729986431477
23.0,10.0,1.0,0.3,0.1,0.8,4.0,691.0,0.0,0.0,0.42547033285094066
23.0,10.0,2.0,0.3,0.1,0.8,4.0,688.0,0.0,0.0,0.42877906976744184
23.0,10.0,3.0,0.3,0.1,0.8,4.0,680.0,0.0,0.0,0.4279411764705882
23.0,10.0,4.0,0.3,0.1,0.8,4.0,688.0,0.0,0.0,0.42877906976744184
23.0,10.0,5.0,0.3,0.1,0.8,4.0,680.0,0.0,0.0,0.4279411764705882
23.0,10.0,6.0,0.3,0.1,0.8,4.0,688.0,0.0,0.0,0.42877906976744184
23.0,10.0,7.0,0.3,0.1,0.8,4.0,680.0,0.0,0.0,0.4279411764705882
23.0,10.0,8.0,0.3,0.1,0.8,4.0,688.0,0.0,0.0,0.42877906976744184
23.0,10.0,9.0,0.3,0.1,0.8,4.0,683.0,0.0,0.0,0.4260614934114202
23.0,10.0,10.0,0.3,0.1,0.8,4.0,687.0,0.0,0.0,0.4294032023289665
23.0,10.0,11.0,0.3,0.1,0.8,4.0,680.0,0.0,0.0,0.4279411764705882
23.0,10.0,12.0,0.3,0.1,0.8,4.0,684.0,0.0,0.0,0.4298245614035088
23.0,10.0,13.0,0.3,0.1,0.8,4.0,679.0,0.0,0.0,0.4270986745213549
23.0,10.0,14.0,0.3,0.1,0.8,4.0,683.0,0.0,0.0,0.43045387994143486
23.0,10.0,15.0,0.3,0.1,0.8,4.0,676.0,0.0,0.0,0.4289940828402367
23.0,10.0,16.0,0.3,0.1,0.8,4.0,681.0,0.0,0.0,0.43171806167400884
23.0,10.0,17.0,0.3,0.1,0.8,4.0,674.0,0.0,0.0,0.4287833827893175
23.0,10.0,18.0,0.3,0.1,0.8,4.0,679.0,0.0,0.0,0.43151693667157587
23.0,10.0,19.0,0.3,0.1,0.8,4.0,658.0,0.0,0.0,0.4316109422492401
23.0,10.0,20.0,0.3,0.1,0.8,4.0,1112.0,0.0,0.0,0.2446043165467626
23.0,10.0,21.0,0.3,0.1,0.8,4.0,1080.0,0.0,0.0,0.24537037037037038
23.0,10.0,22.0,0.3,0.1,0.8,4.0,1051.0,0.0,0.0,0.24928639391056137
23.0,10.0,23.0,0.3,0.1,0.8,4.0,1011.0,0.0,0.0,0.24925816023738873
23.0,10.0,24.0,0.3,0.1,0.8,4.0,1014.0,0.0,0.0,0.2514792899408284
23.0,10.0,25.0,0.3,0.1,0.8,4.0,988.0,0.0,0.0,0.25303643724696356
23.0,10.0,26.0,0.3,0.1,0.8,4.0,965.0,0.0,0.0,0.2549222797927461
23.0,10.0,27.0,0.3,0.1,0.8,4.0,906.0,0.0,0.0,0.25055187637969095
23.0,10.0,28.0,0.3,0.1,0.8,4.0,895.0,0.0,0.0,0.2536312849162011
23.0,10.0,29.0,0.3,0.1,0.8,4.0,866.0,0.0,0.0,0.25519630484988454
23.0,10.0,30.0,0.3,0.1,0.8,4.0,881.0,0.0,0.0,0.2565266742338252
23.0,10.0,31.0,0.3,0.1,0.8,4.0,855.0,0.0,0.0,0.2549707602339181
23.0,10.0,32.0,0.3,0.1,0.8,4.0,856.0,0.0,0.0,0.2558411214953271
23.0,10.0,33.0,0.3,0.1,0.8,4.0,824.0,0.0,0.0,0.25485436893203883
23.0,10.0,34.0,0.3,0.1,0.8,4.0,824.0,0.0,0.0,0.25728155339805825
23.0,10.0,35.0,0.3,0.1,0.8,4.0,809.0,0.0,0.0,0.25710754017305315
23.0,10.0,36.0,0.3,0.1,0.8,4.0,812.0,0.0,0.0,0.25862068965517243
23.0,10.0,37.0,0.3,0.1,0.8,4.0,796.0,0.0,0.0,0.2600502512562814
23.0,10.0,38.0,0.3,0.1,0.8,4.0,754.0,0.0,0.0,0.26657824933687
23.0,10.0,39.0,0.3,0.1,0.8,4.0,751.0,0.0,0.0,0.26498002663115844
23.0,10.0,40.0,0.3,0.1,0.8,4.0,754.0,0.0,0.0,0.26657824933687
23.0,10.0,41.0,0.3,0.1,0.8,4.0,723.0,0.0,0.0,0.2710926694329184
23.0,10.0,42.0,0.3,0.1,0.8,4.0,715.0,0.0,0.0,0.27692307692307694
23.0,10.0,43.0,0.3,0.1,0.8,4.0,712.0,0.0,0.0,0.2752808988764045
23.0,10.0,44.0,0.3,0.1,0.8,4.0,715.0,0.0,0.0,0.27692307692307694
23.0,10.0,45.0,0.3,0.1,0.8,4.0,712.0,0.0,0.0,0.4311797752808989
23.0,10.0,46.0,0.3,0.1,0.8,4.0,715.0,0.0,0.0,0.4307692307692308
23.0,10.0,47.0,0.3,0.1,0.8,4.0,701.0,0.0,0.0,0.43366619115549215
23.0,10.0,48.0,0.3,0.1,0.8,4.0,704.0,0.0,0.0,0.43323863636363635
23.0,10.0,49.0,0.3,0.1,0.8,4.0,701.0,0.0,0.0,0.43366619115549215
23.0,10.0,50.0,0.3,0.1,0.8,4.0,703.0,0.0,0.0,0.43385490753911804
23.0,10.0,51.0,0.3,0.1,0.8,4.0,700.0,0.0,0.0,0.4342857142857143
23.0,10.0,52.0,0.3,0.1,0.8,4.0,703.0,0.0,0.0,0.43385490753911804
24.0,1.0,1.0,0.3,0.1,0.8,4.0,5074.0,50.0,4.0,0.3102089081592432
24.0,1.0,2.0,0.3,0.1,0.8,4.0,5002.0,49.0,14.0,0.3086765293882447
24.0,1.0,3.0,0.3,0.1,0.8,4.0,4916.0,57.0,21.0,0.306753458096013
24.0,1.0,4.0,0.3,0.1,0.8,4.0,4863.0,65.0,27.0,0.3100966481595723
24.0,1.0,5.0,0.3,0.1,0.8,4.0,4806.0,79.0,26.0,0.3110694964627549
24.0,1.0,6.0,0.3,0.1,0.8,4.0,4714.0,97.0,33.0,0.3131098854476029
24.0,1.0,7.0,0.3,0.1,0.8,4.0,4654.0,115.0,40.0,0.3141383755908896
24.0,1.0,8.0,0.3,0.1,0.8,4.0,4503.0,128.0,55.0,0.3157894736842105
24.0,1.0,9.0,0.3,0.1,0.8,4.0,4307.0,137.0,50.0,0.3201764569305781
24.0,1.0,10.0,0.3,0.1,0.8,4.0,4127.0,140.0,64.0,0.3200872304337291
24.0,1.0,11.0,0.3,0.1,0.8,4.0,4088.0,167.0,70.0,0.32142857142857145
24.0,1.0,12.0,0.3,0.1,0.8,4.0,3921.0,189.0,88.0,0.3218566692170365
24.0,1.0,13.0,0.3,0.1,0.8,4.0,3810.0,207.0,75.0,0.32388451443569555
24.0,1.0,14.0,0.3,0.1,0.8,4.0,3653.0,210.0,85.0,0.3216534355324391
24.0,1.0,15.0,0.3,0.1,0.8,4.0,3513.0,214.0,96.0,0.32393965271847425
24.0,1.0,16.0,0.3,0.1,0.8,4.0,3353.0,207.0,100.0,0.3250820161049806
24.0,1.0,17.0,0.3,0.1,0.8,4.0,3269.0,194.0,91.0,0.3331293973692261
24.0,1.0,18.0,0.3,0.1,0.8,4.0,3160.0,181.0,83.0,0.3348101265822785
24.0,1.0,19.0,0.3,0.1,0.8,4.0,3122.0,168.0,88.0,0.3395259449071108
24.0,1.0,20.0,0.3,0.1,0.8,4.0,5794.0,167.0,87.0,0.17897825336555057
24.0,1.0,21.0,0.3,0.1,0.8,4.0,5587.0,219.0,85.0,0.18381958117057454
24.0,1.0,22.0,0.3,0.1,0.8,4.0,5278.0,246.0,81.0,0.1870026525198939
24.0,1.0,23.0,0.3,0.1,0.8,4.0,5139.0,275.0,92.0,0.1893364467795291
24.0,1.0,24.0,0.3,0.1,0.8,4.0,4864.0,312.0,111.0,0.19181743421052633
24.0,1.0,25.0,0.3,0.1,0.8,4.0,4641.0,336.0,132.0,0.19284636931695756
24.0,1.0,26.0,0.3,0.1,0.8,4.0,4362.0,355.0,142.0,0.19371847776249426
24.0,1.0,27.0,0.3,0.1,0.8,4.0,4227.0,337.0,147.0,0.19706647740714456
24.0,1.0,28.0,0.3,0.1,0.8,4.0,4027.0,354.0,141.0,0.1999006704742985
24.0,1.0,29.0,0.3,0.1,0.8,4.0,3839.0,383.0,158.0,0.2034383954154728
24.0,1.0,30.0,0.3,0.1,0.8,4.0,3665.0,381.0,176.0,0.20845839017735335
24.0,1.0,31.0,0.3,0.1,0.8,4.0,3536.0,390.0,187.0,0.20955882352941177
24.0,1.0,32.0,0.3,0.1,0.8,4.0,3282.0,400.0,183.0,0.21572212065813529
24.0,1.0,33.0,0.3,0.1,0.8,4.0,3193.0,388.0,184.0,0.222048230504228
24.0,1.0,34.0,0.3,0.1,0.8,4.0,3033.0,379.0,186.0,0.22980547312891528
24.0,1.0,35.0,0.3,0.1,0.8,4.0,2902.0,383.0,194.0,0.2346657477601654
24.0,1.0,36.0,0.3,0.1,0.8,4.0,2758.0,389.0,177.0,0.2422044960116026
24.0,1.0,37.0,0.3,0.1,0.8,4.0,2664.0,395.0,185.0,0.24737237237237236
24.0,1.0,38.0,0.3,0.1,0.8,4.0,2502.0,364.0,168.0,0.2565947242206235
24.0,1.0,39.0,0.3,0.1,0.8,4.0,2411.0,369.0,166.0,0.26171712982165074
24.0,1.0,40.0,0.3,0.1,0.8,4.0,2306.0,343.0,160.0,0.2697311361665221
24.0,1.0,41.0,0.3,0.1,0.8,4.0,2194.0,337.0,148.0,0.27985414767547856
24.0,1.0,42.0,0.3,0.1,0.8,4.0,2078.0,342.0,163.0,0.28873917228103946
24.0,1.0,43.0,0.3,0.1,0.8,4.0,1988.0,321.0,153.0,0.30030181086519114
24.0,1.0,44.0,0.3,0.1,0.8,4.0,1911.0,303.0,167.0,0.30664573521716376
24.0,1.0,45.0,0.3,0.1,0.8,4.0,1819.0,287.0,151.0,0.47333699835074217
24.0,1.0,46.0,0.3,0.1,0.8,4.0,1741.0,254.0,145.0,0.479035037334865
24.0,1.0,47.0,0.3,0.1,0.8,4.0,1650.0,218.0,124.0,0.4915151515151515
24.0,1.0,48.0,0.3,0.1,0.8,4.0,1596.0,208.0,113.0,0.4956140350877193
24.0,1.0,49.0,0.3,0.1,0.8,4.0,1524.0,165.0,88.0,0.5098425196850394
24.0,1.0,50.0,0.3,0.1,0.8,4.0,1486.0,150.0,80.0,0.5100942126514132
24.0,1.0,51.0,0.3,0.1,0.8,4.0,1418.0,126.0,75.0,0.5232722143864598
24.0,1.0,52.0,0.3,0.1,0.8,4.0,1383.0,120.0,74.0,0.5263919016630514
24.0,2.0,1.0,0.3,0.1,0.8,4.0,1343.0,114.0,62.0,0.5368577810871183
24.0,2.0,2.0,0.3,0.1,0.8,4.0,1284.0,94.0,48.0,0.5475077881619937
24.0,2.0,3.0,0.3,0.1,0.8,4.0,1252.0,76.0,37.0,0.5615015974440895
24.0,2.0,4.0,0.3,0.1,0.8,4.0,1230.0,73.0,44.0,0.5650406504065041
24.0,2.0,5.0,0.3,0.1,0.8,4.0,1206.0,60.0,37.0,0.5746268656716418
24.0,2.0,6.0,0.3,0.1,0.8,4.0,1174.0,53.0,32.0,0.580068143100511
24.0,2.0,7.0,0.3,0.1,0.8,4.0,1137.0,35.0,20.0,0.5883905013192612
24.0,2.0,8.0,0.3,0.1,0.8,4.0,1112.0,32.0,19.0,0.5872302158273381
24.0,2.0,9.0,0.3,0.1,0.8,4.0,1112.0,32.0,18.0,0.5908273381294964
24.0,2.0,10.0,0.3,0.1,0.8,4.0,1087.0,29.0,16.0,0.5924563017479301
24.0,2.0,11.0,0.3,0.1,0.8,4.0,1073.0,30.0,16.0,0.5992544268406338
24.0,2.0,12.0,0.3,0.1,0.8,4.0,1045.0,28.0,19.0,0.6
24.0,2.0,13.0,0.3,0.1,0.8,4.0,1042.0,26.0,19.0,0.6036468330134357
24.0,2.0,14.0,0.3,0.1,0.8,4.0,1017.0,25.0,17.0,0.6057030481809242
24.0,2.0,15.0,0.3,0.1,0.8,4.0,1007.0,23.0,10.0,0.6127110228401191
24.0,2.0,16.0,0.3,0.1,0.8,4.0,991.0,19.0,6.0,0.6115035317860746
24.0,2.0,17.0,0.3,0.1,0.8,4.0,989.0,15.0,5.0,0.6147623862487361
24.0,2.0,18.0,0.3,0.1,0.8,4.0,975.0,15.0,7.0,0.6123076923076923
24.0,2.0,19.0,0.3,0.1,0.8,4.0,961.0,13.0,9.0,0.6129032258064516
24.0,2.0,20.0,0.3,0.1,0.8,4.0,1707.0,14.0,9.0,0.3403632103104862
24.0,2.0,21.0,0.3,0.1,0.8,4.0,1675.0,22.0,9.0,0.34507462686567164
24.0,2.0,22.0,0.3,0.1,0.8,4.0,1629.0,21.0,7.0,0.34499693063228976
24.0,2.0,23.0,0.3,0.1,0.8,4.0,1621.0,21.0,10.0,0.3454657618753856
24.0,2.0,24.0,0.3,0.1,0.8,4.0,1558.0,19.0,8.0,0.3459563543003851
24.0,2.0,25.0,0.3,0.1,0.8,4.0,1544.0,21.0,11.0,0.3477979274611399
24.0,2.0,26.0,0.3,0.1,0.8,4.0,1459.0,29.0,10.0,0.35298149417409186
24.0,2.0,27.0,0.3,0.1,0.8,4.0,1446.0,29.0,9.0,0.35477178423236516
24.0,2.0,28.0,0.3,0.1,0.8,4.0,1415.0,29.0,14.0,0.3547703180212014
24.0,2.0,29.0,0.3,0.1,0.8,4.0,1395.0,36.0,17.0,0.35842293906810035
24.0,2.0,30.0,0.3,0.1,0.8,4.0,1383.0,42.0,17.0,0.3571945046999277
24.0,2.0,31.0,0.3,0.1,0.8,4.0,1329.0,40.0,12.0,0.36267870579382994
24.0,2.0,32.0,0.3,0.1,0.8,4.0,1291.0,38.0,16.0,0.36096049573973665
24.0,2.0,33.0,0.3,0.1,0.8,4.0,1272.0,48.0,21.0,0.36556603773584906
24.0,2.0,34.0,0.3,0.1,0.8,4.0,1257.0,48.0,23.0,0.36595067621320604
24.0,2.0,35.0,0.3,0.1,0.8,4.0,1222.0,45.0,25.0,0.3723404255319149
24.0,2.0,36.0,0.3,0.1,0.8,4.0,1198.0,42.0,22.0,0.3722871452420701
24.0,2.0,37.0,0.3,0.1,0.8,4.0,1163.0,45.0,25.0,0.3757523645743766
24.0,2.0,38.0,0.3,0.1,0.8,4.0,1137.0,41.0,20.0,0.37467018469656993
24.0,2.0,39.0,0.3,0.1,0.8,4.0,1126.0,42.0,20.0,0.3783303730017762
24.0,2.0,40.0,0.3,0.1,0.8,4.0,1073.0,39.0,14.0,0.3895619757688723
24.0,2.0,41.0,0.3,0.1,0.8,4.0,1028.0,39.0,17.0,0.39980544747081714
24.0,2.0,42.0,0.3,0.1,0.8,4.0,996.0,38.0,17.0,0.39959839357429716
24.0,2.0,43.0,0.3,0.1,0.8,4.0,942.0,32.0,16.0,0.4023354564755839
24.0,2.0,44.0,0.3,0.1,0.8,4.0,921.0,28.0,14.0,0.4017372421281216
24.0,2.0,45.0,0.3,0.1,0.8,4.0,913.0,27.0,12.0,0.5345016429353778
24.0,2.0,46.0,0.3,0.1,0.8,4.0,887.0,22.0,10.0,0.5400225479143179
24.0,2.0,47.0,0.3,0.1,0.8,4.0,882.0,18.0,12.0,0.5430839002267573
24.0,2.0,48.0,0.3,0.1,0.8,4.0,863.0,16.0,15.0,0.5469293163383546
24.0,2.0,49.0,0.3,0.1,0.8,4.0,848.0,15.0,11.0,0.5483490566037735
24.0,2.0,50.0,0.3,0.1,0.8,4.0,839.0,12.0,6.0,0.5518474374255066
24.0,2.0,51.0,0.3,0.1,0.8,4.0,836.0,9.0,1.0,0.5514354066985646
24.0,2.0,52.0,0.3,0.1,0.8,4.0,821.0,9.0,4.0,0.5542021924482339
24.0,3.0,1.0,0.3,0.1,0.8,4.0,820.0,9.0,3.0,0.551219512195122
24.0,3.0,2.0,0.3,0.1,0.8,4.0,811.0,9.0,4.0,0.5511713933415536
24.0,3.0,3.0,0.3,0.1,0.8,4.0,802.0,6.0,5.0,0.5523690773067331
24.0,3.0,4.0,0.3,0.1,0.8,4.0,795.0,7.0,6.0,0.549685534591195
24.0,3.0,5.0,0.3,0.1,0.8,4.0,781.0,6.0,5.0,0.5505761843790012
24.0,3.0,6.0,0.3,0.1,0.8,4.0,763.0,4.0,1.0,0.5504587155963303
24.0,3.0,7.0,0.3,0.1,0.8,4.0,756.0,3.0,0.0,0.5476190476190477
24.0,3.0,8.0,0.3,0.1,0.8,4.0,739.0,3.0,0.0,0.5520974289580515
24.0,3.0,9.0,0.3,0.1,0.8,4.0,738.0,3.0,1.0,0.5487804878048781
24.0,3.0,10.0,0.3,0.1,0.8,4.0,725.0,3.0,3.0,0.5462068965517242
24.0,3.0,11.0,0.3,0.1,0.8,4.0,716.0,4.0,3.0,0.5446927374301676
24.0,3.0,12.0,0.3,0.1,0.8,4.0,701.0,5.0,2.0,0.550641940085592
24.0,3.0,13.0,0.3,0.1,0.8,4.0,699.0,3.0,0.0,0.5493562231759657
24.0,3.0,14.0,0.3,0.1,0.8,4.0,689.0,3.0,1.0,0.5529753265602322
24.0,3.0,15.0,0.3,0.1,0.8,4.0,691.0,3.0,1.0,0.5499276410998553
24.0,3.0,16.0,0.3,0.1,0.8,4.0,681.0,3.0,1.0,0.5521292217327459
24.0,3.0,17.0,0.3,0.1,0.8,4.0,678.0,2.0,2.0,0.5471976401179941
24.0,3.0,18.0,0.3,0.1,0.8,4.0,671.0,3.0,2.0,0.5484351713859911
24.0,3.0,19.0,0.3,0.1,0.8,4.0,673.0,3.0,2.0,0.5468053491827637
24.0,3.0,20.0,0.3,0.1,0.8,4.0,1135.0,1.0,0.0,0.31718061674008813
24.0,3.0,21.0,0.3,0.1,0.8,4.0,1140.0,1.0,1.0,0.3157894736842105
24.0,3.0,22.0,0.3,0.1,0.8,4.0,1110.0,2.0,1.0,0.31891891891891894
24.0,3.0,23.0,0.3,0.1,0.8,4.0,1094.0,4.0,1.0,0.3226691042047532
24.0,3.0,24.0,0.3,0.1,0.8,4.0,1068.0,2.0,0.0,0.3211610486891386
24.0,3.0,25.0,0.3,0.1,0.8,4.0,1058.0,2.0,1.0,0.3223062381852552
24.0,3.0,26.0,0.3,0.1,0.8,4.0,1042.0,2.0,2.0,0.32245681381957775
24.0,3.0,27.0,0.3,0.1,0.8,4.0,1037.0,4.0,2.0,0.3240115718418515
24.0,3.0,28.0,0.3,0.1,0.8,4.0,1024.0,3.0,1.0,0.3232421875
24.0,3.0,29.0,0.3,0.1,0.8,4.0,1001.0,2.0,0.0,0.32967032967032966
24.0,3.0,30.0,0.3,0.1,0.8,4.0,981.0,2.0,0.0,0.32619775739041795
24.0,3.0,31.0,0.3,0.1,0.8,4.0,960.0,2.0,0.0,0.32916666666666666
24.0,3.0,32.0,0.3,0.1,0.8,4.0,957.0,2.0,2.0,0.3270637408568443
24.0,3.0,33.0,0.3,0.1,0.8,4.0,945.0,2.0,2.0,0.33015873015873015
24.0,3.0,34.0,0.3,0.1,0.8,4.0,933.0,2.0,2.0,0.32690246516613075
24.0,3.0,35.0,0.3,0.1,0.8,4.0,912.0,0.0,0.0,0.33223684210526316
24.0,3.0,36.0,0.3,0.1,0.8,4.0,878.0,0.0,0.0,0.33029612756264237
24.0,3.0,37.0,0.3,0.1,0.8,4.0,855.0,0.0,0.0,0.3309941520467836
24.0,3.0,38.0,0.3,0.1,0.8,4.0,848.0,0.0,0.0,0.330188679245283
24.0,3.0,39.0,0.3,0.1,0.8,4.0,843.0,0.0,0.0,0.33214709371293
24.0,3.0,40.0,0.3,0.1,0.8,4.0,833.0,0.0,0.0,0.33133253301320525
24.0,3.0,41.0,0.3,0.1,0.8,4.0,825.0,0.0,0.0,0.33090909090909093
24.0,3.0,42.0,0.3,0.1,0.8,4.0,807.0,0.0,0.0,0.3308550185873606
24.0,3.0,43.0,0.3,0.1,0.8,4.0,801.0,0.0,0.0,0.3333333333333333
24.0,3.0,44.0,0.3,0.1,0.8,4.0,793.0,0.0,0.0,0.3291298865069357
24.0,3.0,45.0,0.3,0.1,0.8,4.0,782.0,0.0,0.0,0.46547314578005117
24.0,3.0,46.0,0.3,0.1,0.8,4.0,753.0,0.0,0.0,0.46613545816733065
24.0,3.0,47.0,0.3,0.1,0.8,4.0,733.0,0.0,0.0,0.4693042291950887
24.0,3.0,48.0,0.3,0.1,0.8,4.0,739.0,0.0,0.0,0.46820027063599456
24.0,3.0,49.0,0.3,0.1,0.8,4.0,727.0,0.0,0.0,0.47042640990371387
24.0,3.0,50.0,0.3,0.1,0.8,4.0,720.0,0.0,0.0,0.46944444444444444
24.0,3.0,51.0,0.3,0.1,0.8,4.0,715.0,0.0,0.0,0.4671328671328671
24.0,3.0,52.0,0.3,0.1,0.8,4.0,697.0,0.0,0.0,0.4734576757532281
24.0,4.0,1.0,0.3,0.1,0.8,4.0,696.0,0.0,0.0,0.47126436781609193
24.0,4.0,2.0,0.3,0.1,0.8,4.0,688.0,0.0,0.0,0.4738372093023256
24.0,4.0,3.0,0.3,0.1,0.8,4.0,682.0,0.0,0.0,0.47214076246334313
24.0,4.0,4.0,0.3,0.1,0.8,4.0,673.0,0.0,0.0,0.4739970282317979
24.0,4.0,5.0,0.3,0.1,0.8,4.0,660.0,0.0,0.0,0.47575757575757577
24.0,4.0,6.0,0.3,0.1,0.8,4.0,651.0,0.0,0.0,0.4792626728110599
24.0,4.0,7.0,0.3,0.1,0.8,4.0,642.0,0.0,0.0,0.470404984423676
24.0,4.0,8.0,0.3,0.1,0.8,4.0,632.0,0.0,0.0,0.4762658227848101
24.0,4.0,9.0,0.3,0.1,0.8,4.0,629.0,0.0,0.0,0.4737678855325914
24.0,4.0,10.0,0.3,0.1,0.8,4.0,615.0,0.0,0.0,0.4813008130081301
24.0,4.0,11.0,0.3,0.1,0.8,4.0,613.0,0.0,0.0,0.4812398042414356
24.0,4.0,12.0,0.3,0.1,0.8,4.0,584.0,0.0,0.0,0.4811643835616438
24.0,4.0,13.0,0.3,0.1,0.8,4.0,585.0,0.0,0.0,0.47692307692307695
24.0,4.0,14.0,0.3,0.1,0.8,4.0,577.0,0.0,0.0,0.4800693240901213
24.0,4.0,15.0,0.3,0.1,0.8,4.0,583.0,0.0,0.0,0.47684391080617494
24.0,4.0,16.0,0.3,0.1,0.8,4.0,575.0,0.0,0.0,0.48
24.0,4.0,17.0,0.3,0.1,0.8,4.0,578.0,0.0,0.0,0.4757785467128028
24.0,4.0,18.0,0.3,0.1,0.8,4.0,569.0,0.0,0.0,0.4797891036906854
24.0,4.0,19.0,0.3,0.1,0.8,4.0,571.0,0.0,0.0,0.4711033274956217
24.0,4.0,20.0,0.3,0.1,0.8,4.0,1043.0,0.0,0.0,0.25599232981783315
24.0,4.0,21.0,0.3,0.1,0.8,4.0,1053.0,0.0,0.0,0.2526115859449193
24.0,4.0,22.0,0.3,0.1,0.8,4.0,1023.0,0.0,0.0,0.25317693059628543
24.0,4.0,23.0,0.3,0.1,0.8,4.0,1012.0,0.0,0.0,0.25
24.0,4.0,24.0,0.3,0.1,0.8,4.0,964.0,0.0,0.0,0.2572614107883817
24.0,4.0,25.0,0.3,0.1,0.8,4.0,957.0,0.0,0.0,0.25182863113897597
24.0,4.0,26.0,0.3,0.1,0.8,4.0,954.0,0.0,0.0,0.25366876310272535
24.0,4.0,27.0,0.3,0.1,0.8,4.0,949.0,0.0,0.0,0.24973656480505796
24.0,4.0,28.0,0.3,0.1,0.8,4.0,913.0,0.0,0.0,0.25958378970427165
24.0,4.0,29.0,0.3,0.1,0.8,4.0,889.0,0.0,0.0,0.25646794150731156
24.0,4.0,30.0,0.3,0.1,0.8,4.0,876.0,0.0,0.0,0.2591324200913242
24.0,4.0,31.0,0.3,0.1,0.8,4.0,847.0,0.0,0.0,0.25737898465171194
24.0,4.0,32.0,0.3,0.1,0.8,4.0,820.0,0.0,0.0,0.26097560975609757
24.0,4.0,33.0,0.3,0.1,0.8,4.0,814.0,0.0,0.0,0.2592137592137592
24.0,4.0,34.0,0.3,0.1,0.8,4.0,806.0,0.0,0.0,0.2630272952853598
24.0,4.0,35.0,0.3,0.1,0.8,4.0,785.0,0.0,0.0,0.2573248407643312
24.0,4.0,36.0,0.3,0.1,0.8,4.0,777.0,0.0,0.0,0.25868725868725867
24.0,4.0,37.0,0.3,0.1,0.8,4.0,768.0,0.0,0.0,0.2552083333333333
24.0,4.0,38.0,0.3,0.1,0.8,4.0,760.0,0.0,0.0,0.25921052631578945
24.0,4.0,39.0,0.3,0.1,0.8,4.0,761.0,0.0,0.0,0.25624178712220763
24.0,4.0,40.0,0.3,0.1,0.8,4.0,747.0,0.0,0.0,0.26104417670682734
24.0,4.0,41.0,0.3,0.1,0.8,4.0,727.0,0.0,0.0,0.2558459422283356
24.0,4.0,42.0,0.3,0.1,0.8,4.0,727.0,0.0,0.0,0.25722145804676755
24.0,4.0,43.0,0.3,0.1,0.8,4.0,722.0,0.0,0.0,0.2520775623268698
24.0,4.0,44.0,0.3,0.1,0.8,4.0,724.0,0.0,0.0,0.2541436464088398
24.0,4.0,45.0,0.3,0.1,0.8,4.0,697.0,0.0,0.0,0.4131994261119082
24.0,4.0,46.0,0.3,0.1,0.8,4.0,685.0,0.0,0.0,0.4145985401459854
24.0,4.0,47.0,0.3,0.1,0.8,4.0,678.0,0.0,0.0,0.41297935103244837
24.0,4.0,48.0,0.3,0.1,0.8,4.0,671.0,0.0,0.0,0.4157973174366617
24.0,4.0,49.0,0.3,0.1,0.8,4.0,657.0,0.0,0.0,0.4140030441400304
24.0,4.0,50.0,0.3,0.1,0.8,4.0,660.0,0.0,0.0,0.41818181818181815
24.0,4.0,51.0,0.3,0.1,0.8,4.0,647.0,0.0,0.0,0.4126738794435858
24.0,4.0,52.0,0.3,0.1,0.8,4.0,653.0,0.0,0.0,0.41500765696784075
24.0,5.0,1.0,0.3,0.1,0.8,4.0,634.0,0.0,0.0,0.4148264984227129
24.0,5.0,2.0,0.3,0.1,0.8,4.0,634.0,0.0,0.0,0.42113564668769715
24.0,5.0,3.0,0.3,0.1,0.8,4.0,624.0,0.0,0.0,0.4166666666666667
24.0,5.0,4.0,0.3,0.1,0.8,4.0,629.0,0.0,0.0,0.42130365659777425
24.0,5.0,5.0,0.3,0.1,0.8,4.0,618.0,0.0,0.0,0.41585760517799353
24.0,5.0,6.0,0.3,0.1,0.8,4.0,622.0,0.0,0.0,0.4180064308681672
24.0,5.0,7.0,0.3,0.1,0.8,4.0,611.0,0.0,0.0,0.41734860883797054
24.0,5.0,8.0,0.3,0.1,0.8,4.0,617.0,0.0,0.0,0.4181523500810373
24.0,5.0,9.0,0.3,0.1,0.8,4.0,607.0,0.0,0.0,0.41680395387149916
24.0,5.0,10.0,0.3,0.1,0.8,4.0,614.0,0.0,0.0,0.4201954397394137
24.0,5.0,11.0,0.3,0.1,0.8,4.0,603.0,0.0,0.0,0.41625207296849087
24.0,5.0,12.0,0.3,0.1,0.8,4.0,608.0,0.0,0.0,0.42105263157894735
24.0,5.0,13.0,0.3,0.1,0.8,4.0,599.0,0.0,0.0,0.41736227045075125
24.0,5.0,14.0,0.3,0.1,0.8,4.0,603.0,0.0,0.0,0.41956882255389716
24.0,5.0,15.0,0.3,0.1,0.8,4.0,582.0,0.0,0.0,0.4209621993127148
24.0,5.0,16.0,0.3,0.1,0.8,4.0,587.0,0.0,0.0,0.42248722316865417
24.0,5.0,17.0,0.3,0.1,0.8,4.0,581.0,0.0,0.0,0.4199655765920826
24.0,5.0,18.0,0.3,0.1,0.8,4.0,587.0,0.0,0.0,0.42078364565587734
24.0,5.0,19.0,0.3,0.1,0.8,4.0,581.0,0.0,0.0,0.41824440619621345
24.0,5.0,20.0,0.3,0.1,0.8,4.0,1079.0,0.0,0.0,0.2289156626506024
24.0,5.0,21.0,0.3,0.1,0.8,4.0,1006.0,0.0,0.0,0.23757455268389663
24.0,5.0,22.0,0.3,0.1,0.8,4.0,1025.0,0.0,0.0,0.23609756097560974
24.0,5.0,23.0,0.3,0.1,0.8,4.0,961.0,0.0,0.0,0.2393340270551509
24.0,5.0,24.0,0.3,0.1,0.8,4.0,968.0,0.0,0.0,0.24070247933884298
24.0,5.0,25.0,0.3,0.1,0.8,4.0,934.0,0.0,0.0,0.2398286937901499
24.0,5.0,26.0,0.3,0.1,0.8,4.0,942.0,0.0,0.0,0.24203821656050956
24.0,5.0,27.0,0.3,0.1,0.8,4.0,915.0,0.0,0.0,0.24153005464480876
24.0,5.0,28.0,0.3,0.1,0.8,4.0,927.0,0.0,0.0,0.24487594390507011
24.0,5.0,29.0,0.3,0.1,0.8,4.0,901.0,0.0,0.0,0.244173140954495
24.0,5.0,30.0,0.3,0.1,0.8,4.0,923.0,0.0,0.0,0.24593716143011918
24.0,5.0,31.0,0.3,0.1,0.8,4.0,900.0,0.0,0.0,0.24555555555555555
24.0,5.0,32.0,0.3,0.1,0.8,4.0,890.0,0.0,0.0,0.250561797752809
24.0,5.0,33.0,0.3,0.1,0.8,4.0,871.0,0.0,0.0,0.2502870264064294
24.0,5.0,34.0,0.3,0.1,0.8,4.0,876.0,0.0,0.0,0.24771689497716895
24.0,5.0,35.0,0.3,0.1,0.8,4.0,842.0,0.0,0.0,0.24821852731591448
24.0,5.0,36.0,0.3,0.1,0.8,4.0,840.0,0.0,0.0,0.2488095238095238
24.0,5.0,37.0,0.3,0.1,0.8,4.0,794.0,0.0,0.0,0.2531486146095718
24.0,5.0,38.0,0.3,0.1,0.8,4.0,781.0,0.0,0.0,0.2535211267605634
24.0,5.0,39.0,0.3,0.1,0.8,4.0,783.0,0.0,0.0,0.2515964240102171
24.0,5.0,40.0,0.3,0.1,0.8,4.0,767.0,0.0,0.0,0.25554106910039115
24.0,5.0,41.0,0.3,0.1,0.8,4.0,741.0,0.0,0.0,0.2564102564102564
24.0,5.0,42.0,0.3,0.1,0.8,4.0,719.0,0.0,0.0,0.2573018080667594
24.0,5.0,43.0,0.3,0.1,0.8,4.0,711.0,0.0,0.0,0.2545710267229255
24.0,5.0,44.0,0.3,0.1,0.8,4.0,702.0,0.0,0.0,0.254985754985755
24.0,5.0,45.0,0.3,0.1,0.8,4.0,701.0,0.0,0.0,0.4136947218259629
24.0,5.0,46.0,0.3,0.1,0.8,4.0,693.0,0.0,0.0,0.41414141414141414
24.0,5.0,47.0,0.3,0.1,0.8,4.0,676.0,0.0,0.0,0.41272189349112426
24.0,5.0,48.0,0.3,0.1,0.8,4.0,656.0,0.0,0.0,0.41310975609756095
24.0,5.0,49.0,0.3,0.1,0.8,4.0,638.0,0.0,0.0,0.4169278996865204
24.0,5.0,50.0,0.3,0.1,0.8,4.0,633.0,0.0,0.0,0.41706161137440756
24.0,5.0,51.0,0.3,0.1,0.8,4.0,634.0,0.0,0.0,0.416403785488959
24.0,5.0,52.0,0.3,0.1,0.8,4.0,630.0,0.0,0.0,0.41904761904761906
24.0,6.0,1.0,0.3,0.1,0.8,4.0,630.0,0.0,0.0,0.4142857142857143
24.0,6.0,2.0,0.3,0.1,0.8,4.0,625.0,0.0,0.0,0.4176
24.0,6.0,3.0,0.3,0.1,0.8,4.0,630.0,0.0,0.0,0.4142857142857143
24.0,6.0,4.0,0.3,0.1,0.8,4.0,622.0,0.0,0.0,0.41318327974276525
24.0,6.0,5.0,0.3,0.1,0.8,4.0,620.0,0.0,0.0,0.4096774193548387
24.0,6.0,6.0,0.3,0.1,0.8,4.0,615.0,0.0,0.0,0.4097560975609756
24.0,6.0,7.0,0.3,0.1,0.8,4.0,613.0,0.0,0.0,0.41272430668841764
24.0,6.0,8.0,0.3,0.1,0.8,4.0,606.0,0.0,0.0,0.40924092409240925
24.0,6.0,9.0,0.3,0.1,0.8,4.0,608.0,0.0,0.0,0.40789473684210525
24.0,6.0,10.0,0.3,0.1,0.8,4.0,600.0,0.0,0.0,0.4116666666666667
24.0,6.0,11.0,0.3,0.1,0.8,4.0,603.0,0.0,0.0,0.4096185737976783
24.0,6.0,12.0,0.3,0.1,0.8,4.0,594.0,0.0,0.0,0.41245791245791247
24.0,6.0,13.0,0.3,0.1,0.8,4.0,602.0,0.0,0.0,0.40863787375415284
24.0,6.0,14.0,0.3,0.1,0.8,4.0,593.0,0.0,0.0,0.40978077571669475
24.0,6.0,15.0,0.3,0.1,0.8,4.0,599.0,0.0,0.0,0.4073455759599332
24.0,6.0,16.0,0.3,0.1,0.8,4.0,592.0,0.0,0.0,0.40878378378378377
24.0,6.0,17.0,0.3,0.1,0.8,4.0,596.0,0.0,0.0,0.40604026845637586
24.0,6.0,18.0,0.3,0.1,0.8,4.0,589.0,0.0,0.0,0.41086587436332767
24.0,6.0,19.0,0.3,0.1,0.8,4.0,594.0,0.0,0.0,0.4057239057239057
24.0,6.0,20.0,0.3,0.1,0.8,4.0,1075.0,0.0,0.0,0.22325581395348837
24.0,6.0,21.0,0.3,0.1,0.8,4.0,1048.0,0.0,0.0,0.22232824427480916
24.0,6.0,22.0,0.3,0.1,0.8,4.0,1046.0,0.0,0.0,0.2237093690248566
24.0,6.0,23.0,0.3,0.1,0.8,4.0,1035.0,0.0,0.0,0.22318840579710145
24.0,6.0,24.0,0.3,0.1,0.8,4.0,1008.0,0.0,0.0,0.22718253968253968
24.0,6.0,25.0,0.3,0.1,0.8,4.0,967.0,0.0,0.0,0.23164426059979318
24.0,6.0,26.0,0.3,0.1,0.8,4.0,921.0,0.0,0.0,0.23452768729641693
24.0,6.0,27.0,0.3,0.1,0.8,4.0,898.0,0.0,0.0,0.23385300668151449
24.0,6.0,28.0,0.3,0.1,0.8,4.0,881.0,0.0,0.0,0.23609534619750283
24.0,6.0,29.0,0.3,0.1,0.8,4.0,872.0,0.0,0.0,0.23279816513761467
24.0,6.0,30.0,0.3,0.1,0.8,4.0,836.0,0.0,0.0,0.23803827751196172
24.0,6.0,31.0,0.3,0.1,0.8,4.0,844.0,0.0,0.0,0.23459715639810427
24.0,6.0,32.0,0.3,0.1,0.8,4.0,826.0,0.0,0.0,0.23486682808716708
24.0,6.0,33.0,0.3,0.1,0.8,4.0,821.0,0.0,0.0,0.2350791717417783
24.0,6.0,34.0,0.3,0.1,0.8,4.0,809.0,0.0,0.0,0.23485784919653893
24.0,6.0,35.0,0.3,0.1,0.8,4.0,810.0,0.0,0.0,0.2345679012345679
24.0,6.0,36.0,0.3,0.1,0.8,4.0,807.0,0.0,0.0,0.2342007434944238
24.0,6.0,37.0,0.3,0.1,0.8,4.0,808.0,0.0,0.0,0.23391089108910892
24.0,6.0,38.0,0.3,0.1,0.8,4.0,799.0,0.0,0.0,0.23153942428035043
24.0,6.0,39.0,0.3,0.1,0.8,4.0,771.0,0.0,0.0,0.23605706874189364
24.0,6.0,40.0,0.3,0.1,0.8,4.0,763.0,0.0,0.0,0.23591087811271297
24.0,6.0,41.0,0.3,0.1,0.8,4.0,771.0,0.0,0.0,0.23476005188067445
24.0,6.0,42.0,0.3,0.1,0.8,4.0,765.0,0.0,0.0,0.23529411764705882
24.0,6.0,43.0,0.3,0.1,0.8,4.0,769.0,0.0,0.0,0.23667100130039012
24.0,6.0,44.0,0.3,0.1,0.8,4.0,760.0,0.0,0.0,0.23684210526315788
24.0,6.0,45.0,0.3,0.1,0.8,4.0,767.0,0.0,0.0,0.3820078226857888
24.0,6.0,46.0,0.3,0.1,0.8,4.0,749.0,0.0,0.0,0.38985313751668893
24.0,6.0,47.0,0.3,0.1,0.8,4.0,756.0,0.0,0.0,0.3835978835978836
24.0,6.0,48.0,0.3,0.1,0.8,4.0,743.0,0.0,0.0,0.39030955585464333
24.0,6.0,49.0,0.3,0.1,0.8,4.0,755.0,0.0,0.0,0.3827814569536424
24.0,6.0,50.0,0.3,0.1,0.8,4.0,743.0,0.0,0.0,0.39030955585464333
24.0,6.0,51.0,0.3,0.1,0.8,4.0,746.0,0.0,0.0,0.38605898123324395
24.0,6.0,52.0,0.3,0.1,0.8,4.0,725.0,0.0,0.0,0.3931034482758621
24.0,7.0,1.0,0.3,0.1,0.8,4.0,727.0,0.0,0.0,0.390646492434663
24.0,7.0,2.0,0.3,0.1,0.8,4.0,722.0,0.0,0.0,0.39196675900277006
24.0,7.0,3.0,0.3,0.1,0.8,4.0,725.0,0.0,0.0,0.3903448275862069
24.0,7.0,4.0,0.3,0.1,0.8,4.0,708.0,0.0,0.0,0.3940677966101695
24.0,7.0,5.0,0.3,0.1,0.8,4.0,712.0,0.0,0.0,0.3890449438202247
24.0,7.0,6.0,0.3,0.1,0.8,4.0,706.0,0.0,0.0,0.3951841359773371
24.0,7.0,7.0,0.3,0.1,0.8,4.0,707.0,0.0,0.0,0.3932107496463932
24.0,7.0,8.0,0.3,0.1,0.8,4.0,698.0,0.0,0.0,0.3982808022922636
24.0,7.0,9.0,0.3,0.1,0.8,4.0,699.0,0.0,0.0,0.3948497854077253
24.0,7.0,10.0,0.3,0.1,0.8,4.0,694.0,0.0,0.0,0.39913544668587897
24.0,7.0,11.0,0.3,0.1,0.8,4.0,695.0,0.0,0.0,0.3971223021582734
24.0,7.0,12.0,0.3,0.1,0.8,4.0,674.0,0.0,0.0,0.39465875370919884
24.0,7.0,13.0,0.3,0.1,0.8,4.0,676.0,0.0,0.0,0.3890532544378698
24.0,7.0,14.0,0.3,0.1,0.8,4.0,672.0,0.0,0.0,0.3958333333333333
24.0,7.0,15.0,0.3,0.1,0.8,4.0,676.0,0.0,0.0,0.3890532544378698
24.0,7.0,16.0,0.3,0.1,0.8,4.0,656.0,0.0,0.0,0.3948170731707317
24.0,7.0,17.0,0.3,0.1,0.8,4.0,660.0,0.0,0.0,0.38636363636363635
24.0,7.0,18.0,0.3,0.1,0.8,4.0,656.0,0.0,0.0,0.3902439024390244
24.0,7.0,19.0,0.3,0.1,0.8,4.0,645.0,0.0,0.0,0.3891472868217054
24.0,7.0,20.0,0.3,0.1,0.8,4.0,1157.0,0.0,0.0,0.21348314606741572
24.0,7.0,21.0,0.3,0.1,0.8,4.0,1125.0,0.0,0.0,0.21422222222222223
24.0,7.0,22.0,0.3,0.1,0.8,4.0,1091.0,0.0,0.0,0.2153987167736022
24.0,7.0,23.0,0.3,0.1,0.8,4.0,1069.0,0.0,0.0,0.21608980355472404
24.0,7.0,24.0,0.3,0.1,0.8,4.0,1036.0,0.0,0.0,0.22297297297297297
24.0,7.0,25.0,0.3,0.1,0.8,4.0,998.0,0.0,0.0,0.22044088176352705
24.0,7.0,26.0,0.3,0.1,0.8,4.0,942.0,0.0,0.0,0.21868365180467092
24.0,7.0,27.0,0.3,0.1,0.8,4.0,880.0,0.0,0.0,0.21931818181818183
24.0,7.0,28.0,0.3,0.1,0.8,4.0,863.0,0.0,0.0,0.22363847045191193
24.0,7.0,29.0,0.3,0.1,0.8,4.0,865.0,0.0,0.0,0.2208092485549133
24.0,7.0,30.0,0.3,0.1,0.8,4.0,860.0,0.0,0.0,0.22209302325581395
24.0,7.0,31.0,0.3,0.1,0.8,4.0,865.0,0.0,0.0,0.2208092485549133
24.0,7.0,32.0,0.3,0.1,0.8,4.0,858.0,0.0,0.0,0.22144522144522144
24.0,7.0,33.0,0.3,0.1,0.8,4.0,851.0,0.0,0.0,0.22326674500587543
24.0,7.0,34.0,0.3,0.1,0.8,4.0,840.0,0.0,0.0,0.225
24.0,7.0,35.0,0.3,0.1,0.8,4.0,820.0,0.0,0.0,0.22439024390243903
24.0,7.0,36.0,0.3,0.1,0.8,4.0,802.0,0.0,0.0,0.2281795511221945
24.0,7.0,37.0,0.3,0.1,0.8,4.0,800.0,0.0,0.0,0.22875
24.0,7.0,38.0,0.3,0.1,0.8,4.0,784.0,0.0,0.0,0.23214285714285715
24.0,7.0,39.0,0.3,0.1,0.8,4.0,790.0,0.0,0.0,0.23037974683544304
24.0,7.0,40.0,0.3,0.1,0.8,4.0,768.0,0.0,0.0,0.234375
24.0,7.0,41.0,0.3,0.1,0.8,4.0,768.0,0.0,0.0,0.23046875
24.0,7.0,42.0,0.3,0.1,0.8,4.0,757.0,0.0,0.0,0.23513870541611626
24.0,7.0,43.0,0.3,0.1,0.8,4.0,763.0,0.0,0.0,0.23197903014416776
24.0,7.0,44.0,0.3,0.1,0.8,4.0,750.0,0.0,0.0,0.236
24.0,7.0,45.0,0.3,0.1,0.8,4.0,760.0,0.0,0.0,0.40921052631578947
24.0,7.0,46.0,0.3,0.1,0.8,4.0,746.0,0.0,0.0,0.4101876675603217
24.0,7.0,47.0,0.3,0.1,0.8,4.0,732.0,0.0,0.0,0.4180327868852459
24.0,7.0,48.0,0.3,0.1,0.8,4.0,721.0,0.0,0.0,0.4188626907073509
24.0,7.0,49.0,0.3,0.1,0.8,4.0,719.0,0.0,0.0,0.4200278164116829
24.0,7.0,50.0,0.3,0.1,0.8,4.0,718.0,0.0,0.0,0.4192200557103064
24.0,7.0,51.0,0.3,0.1,0.8,4.0,692.0,0.0,0.0,0.42196531791907516
24.0,7.0,52.0,0.3,0.1,0.8,4.0,681.0,0.0,0.0,0.4199706314243759
24.0,8.0,1.0,0.3,0.1,0.8,4.0,684.0,0.0,0.0,0.42105263157894735
24.0,8.0,2.0,0.3,0.1,0.8,4.0,657.0,0.0,0.0,0.4246575342465753
24.0,8.0,3.0,0.3,0.1,0.8,4.0,658.0,0.0,0.0,0.4270516717325228
24.0,8.0,4.0,0.3,0.1,0.8,4.0,654.0,0.0,0.0,0.42660550458715596
24.0,8.0,5.0,0.3,0.1,0.8,4.0,657.0,0.0,0.0,0.426179604261796
24.0,8.0,6.0,0.3,0.1,0.8,4.0,649.0,0.0,0.0,0.4252696456086287
24.0,8.0,7.0,0.3,0.1,0.8,4.0,654.0,0.0,0.0,0.42660550458715596
24.0,8.0,8.0,0.3,0.1,0.8,4.0,648.0,0.0,0.0,0.42746913580246915
24.0,8.0,9.0,0.3,0.1,0.8,4.0,651.0,0.0,0.0,0.42857142857142855
24.0,8.0,10.0,0.3,0.1,0.8,4.0,632.0,0.0,0.0,0.43037974683544306
24.0,8.0,11.0,0.3,0.1,0.8,4.0,632.0,0.0,0.0,0.43354430379746833
24.0,8.0,12.0,0.3,0.1,0.8,4.0,625.0,0.0,0.0,0.4336
24.0,8.0,13.0,0.3,0.1,0.8,4.0,627.0,0.0,0.0,0.43381180223285487
24.0,8.0,14.0,0.3,0.1,0.8,4.0,609.0,0.0,0.0,0.4367816091954023
24.0,8.0,15.0,0.3,0.1,0.8,4.0,612.0,0.0,0.0,0.43790849673202614
24.0,8.0,16.0,0.3,0.1,0.8,4.0,607.0,0.0,0.0,0.4382207578253707
24.0,8.0,17.0,0.3,0.1,0.8,4.0,612.0,0.0,0.0,0.43790849673202614
24.0,8.0,18.0,0.3,0.1,0.8,4.0,607.0,0.0,0.0,0.43986820428336076
24.0,8.0,19.0,0.3,0.1,0.8,4.0,612.0,0.0,0.0,0.43790849673202614
24.0,8.0,20.0,0.3,0.1,0.8,4.0,1126.0,0.0,0.0,0.23712255772646537
24.0,8.0,21.0,0.3,0.1,0.8,4.0,1124.0,0.0,0.0,0.23665480427046262
24.0,8.0,22.0,0.3,0.1,0.8,4.0,1051.0,0.0,0.0,0.23596574690770694
24.0,8.0,23.0,0.3,0.1,0.8,4.0,959.0,0.0,0.0,0.24713242961418144
24.0,8.0,24.0,0.3,0.1,0.8,4.0,922.0,0.0,0.0,0.2472885032537961
24.0,8.0,25.0,0.3,0.1,0.8,4.0,920.0,0.0,0.0,0.24782608695652175
24.0,8.0,26.0,0.3,0.1,0.8,4.0,907.0,0.0,0.0,0.24807056229327454
24.0,8.0,27.0,0.3,0.1,0.8,4.0,899.0,0.0,0.0,0.24916573971078976
24.0,8.0,28.0,0.3,0.1,0.8,4.0,896.0,0.0,0.0,0.24776785714285715
24.0,8.0,29.0,0.3,0.1,0.8,4.0,891.0,0.0,0.0,0.24915824915824916
24.0,8.0,30.0,0.3,0.1,0.8,4.0,870.0,0.0,0.0,0.2482758620689655
24.0,8.0,31.0,0.3,0.1,0.8,4.0,855.0,0.0,0.0,0.25029239766081873
24.0,8.0,32.0,0.3,0.1,0.8,4.0,855.0,0.0,0.0,0.25029239766081873
24.0,8.0,33.0,0.3,0.1,0.8,4.0,842.0,0.0,0.0,0.2517814726840855
24.0,8.0,34.0,0.3,0.1,0.8,4.0,847.0,0.0,0.0,0.2514757969303424
24.0,8.0,35.0,0.3,0.1,0.8,4.0,825.0,0.0,0.0,0.2545454545454545
24.0,8.0,36.0,0.3,0.1,0.8,4.0,831.0,0.0,0.0,0.2539109506618532
24.0,8.0,37.0,0.3,0.1,0.8,4.0,794.0,0.0,0.0,0.2607052896725441
24.0,8.0,38.0,0.3,0.1,0.8,4.0,789.0,0.0,0.0,0.26362484157160965
24.0,8.0,39.0,0.3,0.1,0.8,4.0,766.0,0.0,0.0,0.26631853785900783
24.0,8.0,40.0,0.3,0.1,0.8,4.0,769.0,0.0,0.0,0.2665799739921977
24.0,8.0,41.0,0.3,0.1,0.8,4.0,766.0,0.0,0.0,0.2650130548302872
24.0,8.0,42.0,0.3,0.1,0.8,4.0,753.0,0.0,0.0,0.2682602921646746
24.0,8.0,43.0,0.3,0.1,0.8,4.0,737.0,0.0,0.0,0.27137042062415195
24.0,8.0,44.0,0.3,0.1,0.8,4.0,713.0,0.0,0.0,0.2762973352033661
24.0,8.0,45.0,0.3,0.1,0.8,4.0,712.0,0.0,0.0,0.4339887640449438
24.0,8.0,46.0,0.3,0.1,0.8,4.0,717.0,0.0,0.0,0.43375174337517436
24.0,8.0,47.0,0.3,0.1,0.8,4.0,713.0,0.0,0.0,0.43338008415147267
24.0,8.0,48.0,0.3,0.1,0.8,4.0,717.0,0.0,0.0,0.43375174337517436
24.0,8.0,49.0,0.3,0.1,0.8,4.0,713.0,0.0,0.0,0.43338008415147267
24.0,8.0,50.0,0.3,0.1,0.8,4.0,705.0,0.0,0.0,0.43546099290780144
24.0,8.0,51.0,0.3,0.1,0.8,4.0,684.0,0.0,0.0,0.4371345029239766
24.0,8.0,52.0,0.3,0.1,0.8,4.0,688.0,0.0,0.0,0.436046511627907
24.0,9.0,1.0,0.3,0.1,0.8,4.0,683.0,0.0,0.0,0.4363103953147877
24.0,9.0,2.0,0.3,0.1,0.8,4.0,684.0,0.0,0.0,0.4371345029239766
24.0,9.0,3.0,0.3,0.1,0.8,4.0,682.0,0.0,0.0,0.43548387096774194
24.0,9.0,4.0,0.3,0.1,0.8,4.0,688.0,0.0,0.0,0.43459302325581395
24.0,9.0,5.0,0.3,0.1,0.8,4.0,681.0,0.0,0.0,0.43759177679882527
24.0,9.0,6.0,0.3,0.1,0.8,4.0,687.0,0.0,0.0,0.43522561863173215
24.0,9.0,7.0,0.3,0.1,0.8,4.0,682.0,0.0,0.0,0.436950146627566
24.0,9.0,8.0,0.3,0.1,0.8,4.0,683.0,0.0,0.0,0.4377745241581259
24.0,9.0,9.0,0.3,0.1,0.8,4.0,661.0,0.0,0.0,0.43872919818456885
24.0,9.0,10.0,0.3,0.1,0.8,4.0,665.0,0.0,0.0,0.43609022556390975
24.0,9.0,11.0,0.3,0.1,0.8,4.0,660.0,0.0,0.0,0.43787878787878787
24.0,9.0,12.0,0.3,0.1,0.8,4.0,662.0,0.0,0.0,0.43655589123867067
24.0,9.0,13.0,0.3,0.1,0.8,4.0,659.0,0.0,0.0,0.4385432473444613
24.0,9.0,14.0,0.3,0.1,0.8,4.0,662.0,0.0,0.0,0.4350453172205438
24.0,9.0,15.0,0.3,0.1,0.8,4.0,657.0,0.0,0.0,0.4368340943683409
24.0,9.0,16.0,0.3,0.1,0.8,4.0,659.0,0.0,0.0,0.4355083459787557
24.0,9.0,17.0,0.3,0.1,0.8,4.0,659.0,0.0,0.0,0.4370257966616085
24.0,9.0,18.0,0.3,0.1,0.8,4.0,658.0,0.0,0.0,0.43617021276595747
24.0,9.0,19.0,0.3,0.1,0.8,4.0,655.0,0.0,0.0,0.4381679389312977
24.0,9.0,20.0,0.3,0.1,0.8,4.0,1172.0,0.0,0.0,0.23037542662116042
24.0,9.0,21.0,0.3,0.1,0.8,4.0,1146.0,0.0,0.0,0.23298429319371727
24.0,9.0,22.0,0.3,0.1,0.8,4.0,1100.0,0.0,0.0,0.23454545454545456
24.0,9.0,23.0,0.3,0.1,0.8,4.0,1062.0,0.0,0.0,0.24105461393596986
24.0,9.0,24.0,0.3,0.1,0.8,4.0,1045.0,0.0,0.0,0.24114832535885167
24.0,9.0,25.0,0.3,0.1,0.8,4.0,1037.0,0.0,0.0,0.24397299903567984
24.0,9.0,26.0,0.3,0.1,0.8,4.0,1005.0,0.0,0.0,0.24577114427860697
24.0,9.0,27.0,0.3,0.1,0.8,4.0,956.0,0.0,0.0,0.25523012552301255
24.0,9.0,28.0,0.3,0.1,0.8,4.0,955.0,0.0,0.0,0.2534031413612565
24.0,9.0,29.0,0.3,0.1,0.8,4.0,926.0,0.0,0.0,0.2602591792656587
24.0,9.0,30.0,0.3,0.1,0.8,4.0,910.0,0.0,0.0,0.25934065934065936
24.0,9.0,31.0,0.3,0.1,0.8,4.0,885.0,0.0,0.0,0.2677966101694915
24.0,9.0,32.0,0.3,0.1,0.8,4.0,887.0,0.0,0.0,0.2649379932356257
24.0,9.0,33.0,0.3,0.1,0.8,4.0,873.0,0.0,0.0,0.26804123711340205
24.0,9.0,34.0,0.3,0.1,0.8,4.0,852.0,0.0,0.0,0.2687793427230047
24.0,9.0,35.0,0.3,0.1,0.8,4.0,849.0,0.0,0.0,0.270906949352179
24.0,9.0,36.0,0.3,0.1,0.8,4.0,852.0,0.0,0.0,0.2699530516431925
24.0,9.0,37.0,0.3,0.1,0.8,4.0,849.0,0.0,0.0,0.270906949352179
24.0,9.0,38.0,0.3,0.1,0.8,4.0,841.0,0.0,0.0,0.27110582639714625
24.0,9.0,39.0,0.3,0.1,0.8,4.0,782.0,0.0,0.0,0.28388746803069054
24.0,9.0,40.0,0.3,0.1,0.8,4.0,789.0,0.0,0.0,0.2813688212927757
24.0,9.0,41.0,0.3,0.1,0.8,4.0,784.0,0.0,0.0,0.28316326530612246
24.0,9.0,42.0,0.3,0.1,0.8,4.0,777.0,0.0,0.0,0.28314028314028317
24.0,9.0,43.0,0.3,0.1,0.8,4.0,757.0,0.0,0.0,0.285336856010568
24.0,9.0,44.0,0.3,0.1,0.8,4.0,764.0,0.0,0.0,0.28403141361256545
24.0,9.0,45.0,0.3,0.1,0.8,4.0,748.0,0.0,0.0,0.446524064171123
24.0,9.0,46.0,0.3,0.1,0.8,4.0,745.0,0.0,0.0,0.44563758389261743
24.0,9.0,47.0,0.3,0.1,0.8,4.0,747.0,0.0,0.0,0.44712182061579653
24.0,9.0,48.0,0.3,0.1,0.8,4.0,752.0,0.0,0.0,0.4428191489361702
24.0,9.0,49.0,0.3,0.1,0.8,4.0,748.0,0.0,0.0,0.446524064171123
24.0,9.0,50.0,0.3,0.1,0.8,4.0,751.0,0.0,0.0,0.4447403462050599
24.0,9.0,51.0,0.3,0.1,0.8,4.0,747.0,0.0,0.0,0.4444444444444444
24.0,9.0,52.0,0.3,0.1,0.8,4.0,750.0,0.0,0.0,0.44266666666666665
24.0,10.0,1.0,0.3,0.1,0.8,4.0,747.0,0.0,0.0,0.4444444444444444
24.0,10.0,2.0,0.3,0.1,0.8,4.0,749.0,0.0,0.0,0.44192256341789055
24.0,10.0,3.0,0.3,0.1,0.8,4.0,747.0,0.0,0.0,0.4444444444444444
24.0,10.0,4.0,0.3,0.1,0.8,4.0,748.0,0.0,0.0,0.44385026737967914
24.0,10.0,5.0,0.3,0.1,0.8,4.0,745.0,0.0,0.0,0.44563758389261743
24.0,10.0,6.0,0.3,0.1,0.8,4.0,747.0,0.0,0.0,0.4431057563587684
24.0,10.0,7.0,0.3,0.1,0.8,4.0,743.0,0.0,0.0,0.4468371467025572
24.0,10.0,8.0,0.3,0.1,0.8,4.0,742.0,0.0,0.0,0.44609164420485176
24.0,10.0,9.0,0.3,0.1,0.8,4.0,730.0,0.0,0.0,0.44931506849315067
24.0,10.0,10.0,0.3,0.1,0.8,4.0,733.0,0.0,0.0,0.4488403819918145
24.0,10.0,11.0,0.3,0.1,0.8,4.0,709.0,0.0,0.0,0.45839210155148097
24.0,10.0,12.0,0.3,0.1,0.8,4.0,709.0,0.0,0.0,0.45839210155148097
24.0,10.0,13.0,0.3,0.1,0.8,4.0,702.0,0.0,0.0,0.4601139601139601
24.0,10.0,14.0,0.3,0.1,0.8,4.0,706.0,0.0,0.0,0.45750708215297453
24.0,10.0,15.0,0.3,0.1,0.8,4.0,701.0,0.0,0.0,0.4593437945791726
24.0,10.0,16.0,0.3,0.1,0.8,4.0,707.0,0.0,0.0,0.4582743988684583
24.0,10.0,17.0,0.3,0.1,0.8,4.0,702.0,0.0,0.0,0.4586894586894587
24.0,10.0,18.0,0.3,0.1,0.8,4.0,706.0,0.0,0.0,0.45750708215297453
24.0,10.0,19.0,0.3,0.1,0.8,4.0,700.0,0.0,0.0,0.46
24.0,10.0,20.0,0.3,0.1,0.8,4.0,1285.0,0.0,0.0,0.23735408560311283
24.0,10.0,21.0,0.3,0.1,0.8,4.0,1244.0,0.0,0.0,0.24035369774919615
24.0,10.0,22.0,0.3,0.1,0.8,4.0,1229.0,0.0,0.0,0.24084621643612694
24.0,10.0,23.0,0.3,0.1,0.8,4.0,1195.0,0.0,0.0,0.24351464435146444
24.0,10.0,24.0,0.3,0.1,0.8,4.0,1155.0,0.0,0.0,0.24848484848484848
24.0,10.0,25.0,0.3,0.1,0.8,4.0,1142.0,0.0,0.0,0.2478108581436077
24.0,10.0,26.0,0.3,0.1,0.8,4.0,1135.0,0.0,0.0,0.25198237885462554
24.0,10.0,27.0,0.3,0.1,0.8,4.0,1107.0,0.0,0.0,0.25474254742547425
24.0,10.0,28.0,0.3,0.1,0.8,4.0,1089.0,0.0,0.0,0.25528007346189163
24.0,10.0,29.0,0.3,0.1,0.8,4.0,1070.0,0.0,0.0,0.25514018691588786
24.0,10.0,30.0,0.3,0.1,0.8,4.0,1079.0,0.0,0.0,0.2548656163113994
24.0,10.0,31.0,0.3,0.1,0.8,4.0,1054.0,0.0,0.0,0.25521821631878555
24.0,10.0,32.0,0.3,0.1,0.8,4.0,1042.0,0.0,0.0,0.2543186180422265
24.0,10.0,33.0,0.3,0.1,0.8,4.0,1000.0,0.0,0.0,0.254
24.0,10.0,34.0,0.3,0.1,0.8,4.0,985.0,0.0,0.0,0.2548223350253807
24.0,10.0,35.0,0.3,0.1,0.8,4.0,974.0,0.0,0.0,0.25564681724845995
24.0,10.0,36.0,0.3,0.1,0.8,4.0,945.0,0.0,0.0,0.2634920634920635
24.0,10.0,37.0,0.3,0.1,0.8,4.0,931.0,0.0,0.0,0.2653061224489796
24.0,10.0,38.0,0.3,0.1,0.8,4.0,945.0,0.0,0.0,0.2634920634920635
24.0,10.0,39.0,0.3,0.1,0.8,4.0,904.0,0.0,0.0,0.2688053097345133
24.0,10.0,40.0,0.3,0.1,0.8,4.0,879.0,0.0,0.0,0.267349260523322
24.0,10.0,41.0,0.3,0.1,0.8,4.0,867.0,0.0,0.0,0.2687427912341407
24.0,10.0,42.0,0.3,0.1,0.8,4.0,864.0,0.0,0.0,0.26967592592592593
24.0,10.0,43.0,0.3,0.1,0.8,4.0,827.0,0.0,0.0,0.2720677146311971
24.0,10.0,44.0,0.3,0.1,0.8,4.0,810.0,0.0,0.0,0.2740740740740741
24.0,10.0,45.0,0.3,0.1,0.8,4.0,796.0,0.0,0.0,0.4334170854271357
24.0,10.0,46.0,0.3,0.1,0.8,4.0,799.0,0.0,0.0,0.43429286608260326
24.0,10.0,47.0,0.3,0.1,0.8,4.0,801.0,0.0,0.0,0.43196004993757803
24.0,10.0,48.0,0.3,0.1,0.8,4.0,775.0,0.0,0.0,0.43870967741935485
24.0,10.0,49.0,0.3,0.1,0.8,4.0,777.0,0.0,0.0,0.435006435006435
24.0,10.0,50.0,0.3,0.1,0.8,4.0,774.0,0.0,0.0,0.4392764857881137
24.0,10.0,51.0,0.3,0.1,0.8,4.0,767.0,0.0,0.0,0.43415906127770537
24.0,10.0,52.0,0.3,0.1,0.8,4.0,752.0,0.0,0.0,0.43882978723404253
25.0,1.0,1.0,0.3,0.1,0.8,4.0,5164.0,51.0,3.0,0.2893106119287374
25.0,1.0,2.0,0.3,0.1,0.8,4.0,5112.0,53.0,14.0,0.29205790297339596
25.0,1.0,3.0,0.3,0.1,0.8,4.0,5074.0,66.0,33.0,0.2905005912495073
25.0,1.0,4.0,0.3,0.1,0.8,4.0,5036.0,90.0,37.0,0.2920969023034154
25.0,1.0,5.0,0.3,0.1,0.8,4.0,5098.0,115.0,48.0,0.2918791683012946
25.0,1.0,6.0,0.3,0.1,0.8,4.0,4990.0,118.0,36.0,0.29759519038076154
25.0,1.0,7.0,0.3,0.1,0.8,4.0,4872.0,137.0,49.0,0.2937192118226601
25.0,1.0,8.0,0.3,0.1,0.8,4.0,4704.0,126.0,47.0,0.29528061224489793
25.0,1.0,9.0,0.3,0.1,0.8,4.0,4611.0,147.0,73.0,0.2945131207980915
25.0,1.0,10.0,0.3,0.1,0.8,4.0,4491.0,154.0,75.0,0.29703852148741927
25.0,1.0,11.0,0.3,0.1,0.8,4.0,4338.0,150.0,75.0,0.29575841401567543
25.0,1.0,12.0,0.3,0.1,0.8,4.0,4217.0,153.0,63.0,0.2999762864595684
25.0,1.0,13.0,0.3,0.1,0.8,4.0,4122.0,162.0,65.0,0.30082484230955847
25.0,1.0,14.0,0.3,0.1,0.8,4.0,4038.0,166.0,63.0,0.3028727092620109
25.0,1.0,15.0,0.3,0.1,0.8,4.0,3939.0,174.0,76.0,0.30286874841330286
25.0,1.0,16.0,0.3,0.1,0.8,4.0,3820.0,187.0,81.0,0.30523560209424083
25.0,1.0,17.0,0.3,0.1,0.8,4.0,3725.0,190.0,95.0,0.30845637583892616
25.0,1.0,18.0,0.3,0.1,0.8,4.0,3668.0,178.0,86.0,0.31161395856052343
25.0,1.0,19.0,0.3,0.1,0.8,4.0,3593.0,168.0,85.0,0.31672696910659615
25.0,1.0,20.0,0.3,0.1,0.8,4.0,6725.0,159.0,84.0,0.1657992565055762
25.0,1.0,21.0,0.3,0.1,0.8,4.0,6306.0,193.0,82.0,0.168569616238503
25.0,1.0,22.0,0.3,0.1,0.8,4.0,5940.0,225.0,84.0,0.16952861952861953
25.0,1.0,23.0,0.3,0.1,0.8,4.0,5717.0,270.0,95.0,0.1735175791499038
25.0,1.0,24.0,0.3,0.1,0.8,4.0,5455.0,312.0,111.0,0.17543538038496792
25.0,1.0,25.0,0.3,0.1,0.8,4.0,5175.0,343.0,125.0,0.178743961352657
25.0,1.0,26.0,0.3,0.1,0.8,4.0,4886.0,379.0,134.0,0.18153909128121162
25.0,1.0,27.0,0.3,0.1,0.8,4.0,4628.0,403.0,157.0,0.18474503025064823
25.0,1.0,28.0,0.3,0.1,0.8,4.0,4411.0,415.0,165.0,0.18861936068918614
25.0,1.0,29.0,0.3,0.1,0.8,4.0,4238.0,418.0,185.0,0.19207173194903257
25.0,1.0,30.0,0.3,0.1,0.8,4.0,3995.0,444.0,180.0,0.19849812265331665
25.0,1.0,31.0,0.3,0.1,0.8,4.0,3828.0,451.0,192.0,0.2029780564263323
25.0,1.0,32.0,0.3,0.1,0.8,4.0,3595.0,434.0,190.0,0.2075104311543811
25.0,1.0,33.0,0.3,0.1,0.8,4.0,3440.0,455.0,206.0,0.2119186046511628
25.0,1.0,34.0,0.3,0.1,0.8,4.0,3293.0,436.0,216.0,0.2177345885211054
25.0,1.0,35.0,0.3,0.1,0.8,4.0,3120.0,443.0,213.0,0.22692307692307692
25.0,1.0,36.0,0.3,0.1,0.8,4.0,2998.0,456.0,221.0,0.2314876584389593
25.0,1.0,37.0,0.3,0.1,0.8,4.0,2844.0,446.0,206.0,0.2419127988748242
25.0,1.0,38.0,0.3,0.1,0.8,4.0,2740.0,427.0,191.0,0.24671532846715327
25.0,1.0,39.0,0.3,0.1,0.8,4.0,2635.0,412.0,184.0,0.2557874762808349
25.0,1.0,40.0,0.3,0.1,0.8,4.0,2511.0,397.0,182.0,0.2632417363600159
25.0,1.0,41.0,0.3,0.1,0.8,4.0,2364.0,387.0,190.0,0.272419627749577
25.0,1.0,42.0,0.3,0.1,0.8,4.0,2231.0,370.0,189.0,0.28462572837292693
25.0,1.0,43.0,0.3,0.1,0.8,4.0,2108.0,333.0,171.0,0.29554079696394686
25.0,1.0,44.0,0.3,0.1,0.8,4.0,1971.0,292.0,150.0,0.3059360730593607
25.0,1.0,45.0,0.3,0.1,0.8,4.0,1903.0,272.0,138.0,0.46505517603783497
25.0,1.0,46.0,0.3,0.1,0.8,4.0,1775.0,236.0,130.0,0.4743661971830986
25.0,1.0,47.0,0.3,0.1,0.8,4.0,1706.0,202.0,112.0,0.4835873388042204
25.0,1.0,48.0,0.3,0.1,0.8,4.0,1633.0,168.0,101.0,0.4898958971218616
25.0,1.0,49.0,0.3,0.1,0.8,4.0,1585.0,146.0,85.0,0.49842271293375395
25.0,1.0,50.0,0.3,0.1,0.8,4.0,1510.0,124.0,65.0,0.5059602649006623
25.0,1.0,51.0,0.3,0.1,0.8,4.0,1490.0,109.0,60.0,0.5134228187919463
25.0,1.0,52.0,0.3,0.1,0.8,4.0,1446.0,97.0,52.0,0.5179806362378977
25.0,2.0,1.0,0.3,0.1,0.8,4.0,1429.0,90.0,51.0,0.5227431770468859
25.0,2.0,2.0,0.3,0.1,0.8,4.0,1398.0,76.0,38.0,0.5314735336194564
25.0,2.0,3.0,0.3,0.1,0.8,4.0,1384.0,69.0,41.0,0.536849710982659
25.0,2.0,4.0,0.3,0.1,0.8,4.0,1352.0,65.0,32.0,0.5443786982248521
25.0,2.0,5.0,0.3,0.1,0.8,4.0,1345.0,64.0,36.0,0.545724907063197
25.0,2.0,6.0,0.3,0.1,0.8,4.0,1322.0,53.0,25.0,0.5537065052950075
25.0,2.0,7.0,0.3,0.1,0.8,4.0,1314.0,48.0,28.0,0.5525114155251142
25.0,2.0,8.0,0.3,0.1,0.8,4.0,1282.0,44.0,21.0,0.5616224648985959
25.0,2.0,9.0,0.3,0.1,0.8,4.0,1279.0,44.0,23.0,0.5605942142298671
25.0,2.0,10.0,0.3,0.1,0.8,4.0,1250.0,36.0,19.0,0.5688
25.0,2.0,11.0,0.3,0.1,0.8,4.0,1228.0,37.0,17.0,0.5635179153094463
25.0,2.0,12.0,0.3,0.1,0.8,4.0,1192.0,30.0,15.0,0.5704697986577181
25.0,2.0,13.0,0.3,0.1,0.8,4.0,1189.0,29.0,11.0,0.5702270815811606
25.0,2.0,14.0,0.3,0.1,0.8,4.0,1170.0,28.0,15.0,0.5726495726495726
25.0,2.0,15.0,0.3,0.1,0.8,4.0,1164.0,23.0,16.0,0.5756013745704467
25.0,2.0,16.0,0.3,0.1,0.8,4.0,1145.0,24.0,17.0,0.5772925764192139
25.0,2.0,17.0,0.3,0.1,0.8,4.0,1142.0,19.0,12.0,0.5796847635726795
25.0,2.0,18.0,0.3,0.1,0.8,4.0,1122.0,17.0,10.0,0.5802139037433155
25.0,2.0,19.0,0.3,0.1,0.8,4.0,1123.0,14.0,7.0,0.5814781834372217
25.0,2.0,20.0,0.3,0.1,0.8,4.0,2034.0,13.0,7.0,0.316125860373648
25.0,2.0,21.0,0.3,0.1,0.8,4.0,2025.0,12.0,6.0,0.31506172839506175
25.0,2.0,22.0,0.3,0.1,0.8,4.0,1955.0,14.0,8.0,0.31508951406649616
25.0,2.0,23.0,0.3,0.1,0.8,4.0,1945.0,18.0,10.0,0.3167095115681234
25.0,2.0,24.0,0.3,0.1,0.8,4.0,1910.0,23.0,9.0,0.3146596858638743
25.0,2.0,25.0,0.3,0.1,0.8,4.0,1816.0,25.0,5.0,0.31662995594713655
25.0,2.0,26.0,0.3,0.1,0.8,4.0,1762.0,17.0,5.0,0.3155505107832009
25.0,2.0,27.0,0.3,0.1,0.8,4.0,1748.0,21.0,7.0,0.3157894736842105
25.0,2.0,28.0,0.3,0.1,0.8,4.0,1713.0,21.0,8.0,0.31990659661412724
25.0,2.0,29.0,0.3,0.1,0.8,4.0,1665.0,25.0,7.0,0.3213213213213213
25.0,2.0,30.0,0.3,0.1,0.8,4.0,1646.0,25.0,10.0,0.32320777642770354
25.0,2.0,31.0,0.3,0.1,0.8,4.0,1622.0,25.0,12.0,0.32552404438964244
25.0,2.0,32.0,0.3,0.1,0.8,4.0,1620.0,34.0,15.0,0.3253086419753086
25.0,2.0,33.0,0.3,0.1,0.8,4.0,1573.0,36.0,12.0,0.3312142403051494
25.0,2.0,34.0,0.3,0.1,0.8,4.0,1556.0,32.0,16.0,0.3296915167095116
25.0,2.0,35.0,0.3,0.1,0.8,4.0,1503.0,29.0,12.0,0.3359946773120426
25.0,2.0,36.0,0.3,0.1,0.8,4.0,1498.0,29.0,15.0,0.33311081441922563
25.0,2.0,37.0,0.3,0.1,0.8,4.0,1477.0,30.0,15.0,0.33852403520649965
25.0,2.0,38.0,0.3,0.1,0.8,4.0,1469.0,36.0,17.0,0.3369639210347175
25.0,2.0,39.0,0.3,0.1,0.8,4.0,1423.0,39.0,12.0,0.34012649332396344
25.0,2.0,40.0,0.3,0.1,0.8,4.0,1413.0,32.0,9.0,0.33899504600141545
25.0,2.0,41.0,0.3,0.1,0.8,4.0,1384.0,29.0,12.0,0.3439306358381503
25.0,2.0,42.0,0.3,0.1,0.8,4.0,1377.0,31.0,16.0,0.34350036310820625
25.0,2.0,43.0,0.3,0.1,0.8,4.0,1351.0,32.0,18.0,0.3464100666173205
25.0,2.0,44.0,0.3,0.1,0.8,4.0,1314.0,33.0,13.0,0.3523592085235921
25.0,2.0,45.0,0.3,0.1,0.8,4.0,1265.0,30.0,11.0,0.4893280632411067
25.0,2.0,46.0,0.3,0.1,0.8,4.0,1251.0,26.0,9.0,0.49160671462829736
25.0,2.0,47.0,0.3,0.1,0.8,4.0,1239.0,25.0,10.0,0.4907183212267958
25.0,2.0,48.0,0.3,0.1,0.8,4.0,1198.0,23.0,10.0,0.4974958263772955
25.0,2.0,49.0,0.3,0.1,0.8,4.0,1175.0,19.0,10.0,0.5004255319148936
25.0,2.0,50.0,0.3,0.1,0.8,4.0,1173.0,21.0,12.0,0.5012787723785166
25.0,2.0,51.0,0.3,0.1,0.8,4.0,1158.0,21.0,9.0,0.501727115716753
25.0,2.0,52.0,0.3,0.1,0.8,4.0,1147.0,15.0,11.0,0.5030514385353095
25.0,3.0,1.0,0.3,0.1,0.8,4.0,1145.0,17.0,11.0,0.4995633187772926
25.0,3.0,2.0,0.3,0.1,0.8,4.0,1122.0,18.0,10.0,0.49554367201426025
25.0,3.0,3.0,0.3,0.1,0.8,4.0,1111.0,12.0,4.0,0.49504950495049505
25.0,3.0,4.0,0.3,0.1,0.8,4.0,1103.0,12.0,3.0,0.49773345421577514
25.0,3.0,5.0,0.3,0.1,0.8,4.0,1083.0,12.0,3.0,0.494921514312096
25.0,3.0,6.0,0.3,0.1,0.8,4.0,1078.0,11.0,6.0,0.5
25.0,3.0,7.0,0.3,0.1,0.8,4.0,1073.0,12.0,9.0,0.4958061509785648
25.0,3.0,8.0,0.3,0.1,0.8,4.0,1061.0,13.0,9.0,0.49952874646559847
25.0,3.0,9.0,0.3,0.1,0.8,4.0,1052.0,11.0,6.0,0.4990494296577947
25.0,3.0,10.0,0.3,0.1,0.8,4.0,1042.0,6.0,3.0,0.5057581573896354
25.0,3.0,11.0,0.3,0.1,0.8,4.0,1030.0,7.0,4.0,0.503883495145631
25.0,3.0,12.0,0.3,0.1,0.8,4.0,1029.0,5.0,3.0,0.5053449951409135
25.0,3.0,13.0,0.3,0.1,0.8,4.0,1020.0,8.0,5.0,0.5009803921568627
25.0,3.0,14.0,0.3,0.1,0.8,4.0,1012.0,4.0,2.0,0.5059288537549407
25.0,3.0,15.0,0.3,0.1,0.8,4.0,1006.0,6.0,3.0,0.5019880715705766
25.0,3.0,16.0,0.3,0.1,0.8,4.0,997.0,3.0,2.0,0.5025075225677031
25.0,3.0,17.0,0.3,0.1,0.8,4.0,991.0,4.0,3.0,0.5035317860746721
25.0,3.0,18.0,0.3,0.1,0.8,4.0,996.0,3.0,2.0,0.501004016064257
25.0,3.0,19.0,0.3,0.1,0.8,4.0,972.0,1.0,0.0,0.5030864197530864
25.0,3.0,20.0,0.3,0.1,0.8,4.0,1738.0,1.0,0.0,0.27848101265822783
25.0,3.0,21.0,0.3,0.1,0.8,4.0,1730.0,1.0,1.0,0.2751445086705202
25.0,3.0,22.0,0.3,0.1,0.8,4.0,1683.0,2.0,1.0,0.2768865121806298
25.0,3.0,23.0,0.3,0.1,0.8,4.0,1674.0,2.0,1.0,0.27419354838709675
25.0,3.0,24.0,0.3,0.1,0.8,4.0,1623.0,2.0,0.0,0.28034504004929145
25.0,3.0,25.0,0.3,0.1,0.8,4.0,1577.0,2.0,0.0,0.2777425491439442
25.0,3.0,26.0,0.3,0.1,0.8,4.0,1526.0,2.0,0.0,0.281127129750983
25.0,3.0,27.0,0.3,0.1,0.8,4.0,1510.0,2.0,1.0,0.28410596026490065
25.0,3.0,28.0,0.3,0.1,0.8,4.0,1486.0,2.0,1.0,0.2873485868102288
25.0,3.0,29.0,0.3,0.1,0.8,4.0,1461.0,6.0,1.0,0.28815879534565364
25.0,3.0,30.0,0.3,0.1,0.8,4.0,1412.0,0.0,0.0,0.29249291784702547
25.0,3.0,31.0,0.3,0.1,0.8,4.0,1386.0,0.0,0.0,0.2893217893217893
25.0,3.0,32.0,0.3,0.1,0.8,4.0,1371.0,0.0,0.0,0.29321663019693656
25.0,3.0,33.0,0.3,0.1,0.8,4.0,1355.0,0.0,0.0,0.2900369003690037
25.0,3.0,34.0,0.3,0.1,0.8,4.0,1336.0,0.0,0.0,0.29416167664670656
25.0,3.0,35.0,0.3,0.1,0.8,4.0,1318.0,0.0,0.0,0.2898330804248862
25.0,3.0,36.0,0.3,0.1,0.8,4.0,1271.0,0.0,0.0,0.2934697088906373
25.0,3.0,37.0,0.3,0.1,0.8,4.0,1243.0,0.0,0.0,0.29525341914722447
25.0,3.0,38.0,0.3,0.1,0.8,4.0,1194.0,0.0,0.0,0.30067001675041877
25.0,3.0,39.0,0.3,0.1,0.8,4.0,1203.0,0.0,0.0,0.2975893599334996
25.0,3.0,40.0,0.3,0.1,0.8,4.0,1167.0,0.0,0.0,0.3033419023136247
25.0,3.0,41.0,0.3,0.1,0.8,4.0,1168.0,0.0,0.0,0.2996575342465753
25.0,3.0,42.0,0.3,0.1,0.8,4.0,1130.0,0.0,0.0,0.30265486725663715
25.0,3.0,43.0,0.3,0.1,0.8,4.0,1144.0,0.0,0.0,0.29895104895104896
25.0,3.0,44.0,0.3,0.1,0.8,4.0,1100.0,0.0,0.0,0.30363636363636365
25.0,3.0,45.0,0.3,0.1,0.8,4.0,1072.0,0.0,0.0,0.4542910447761194
25.0,3.0,46.0,0.3,0.1,0.8,4.0,1055.0,0.0,0.0,0.45592417061611373
25.0,3.0,47.0,0.3,0.1,0.8,4.0,1046.0,0.0,0.0,0.4588910133843212
25.0,3.0,48.0,0.3,0.1,0.8,4.0,1027.0,0.0,0.0,0.4595910418695229
25.0,3.0,49.0,0.3,0.1,0.8,4.0,1014.0,0.0,0.0,0.46153846153846156
25.0,3.0,50.0,0.3,0.1,0.8,4.0,998.0,0.0,0.0,0.45691382765531063
25.0,3.0,51.0,0.3,0.1,0.8,4.0,982.0,0.0,0.0,0.45824847250509165
25.0,3.0,52.0,0.3,0.1,0.8,4.0,965.0,0.0,0.0,0.45492227979274613
25.0,4.0,1.0,0.3,0.1,0.8,4.0,952.0,0.0,0.0,0.4527310924369748
25.0,4.0,2.0,0.3,0.1,0.8,4.0,951.0,0.0,0.0,0.4500525762355415
25.0,4.0,3.0,0.3,0.1,0.8,4.0,936.0,0.0,0.0,0.45405982905982906
25.0,4.0,4.0,0.3,0.1,0.8,4.0,923.0,0.0,0.0,0.4539544962080173
25.0,4.0,5.0,0.3,0.1,0.8,4.0,916.0,0.0,0.0,0.45414847161572053
25.0,4.0,6.0,0.3,0.1,0.8,4.0,899.0,0.0,0.0,0.4471635150166852
25.0,4.0,7.0,0.3,0.1,0.8,4.0,900.0,0.0,0.0,0.45
25.0,4.0,8.0,0.3,0.1,0.8,4.0,895.0,0.0,0.0,0.44581005586592176
25.0,4.0,9.0,0.3,0.1,0.8,4.0,886.0,0.0,0.0,0.4435665914221219
25.0,4.0,10.0,0.3,0.1,0.8,4.0,879.0,0.0,0.0,0.44254835039817975
25.0,4.0,11.0,0.3,0.1,0.8,4.0,883.0,0.0,0.0,0.44394110985277463
25.0,4.0,12.0,0.3,0.1,0.8,4.0,873.0,0.0,0.0,0.44329896907216493
25.0,4.0,13.0,0.3,0.1,0.8,4.0,872.0,0.0,0.0,0.4461009174311927
25.0,4.0,14.0,0.3,0.1,0.8,4.0,850.0,0.0,0.0,0.44
25.0,4.0,15.0,0.3,0.1,0.8,4.0,851.0,0.0,0.0,0.4406580493537015
25.0,4.0,16.0,0.3,0.1,0.8,4.0,842.0,0.0,0.0,0.44061757719714967
25.0,4.0,17.0,0.3,0.1,0.8,4.0,834.0,0.0,0.0,0.4448441247002398
25.0,4.0,18.0,0.3,0.1,0.8,4.0,827.0,0.0,0.0,0.4449818621523579
25.0,4.0,19.0,0.3,0.1,0.8,4.0,828.0,0.0,0.0,0.4444444444444444
25.0,4.0,20.0,0.3,0.1,0.8,4.0,1486.0,0.0,0.0,0.24091520861372812
25.0,4.0,21.0,0.3,0.1,0.8,4.0,1452.0,0.0,0.0,0.24311294765840222
25.0,4.0,22.0,0.3,0.1,0.8,4.0,1399.0,0.0,0.0,0.24303073624017155
25.0,4.0,23.0,0.3,0.1,0.8,4.0,1378.0,0.0,0.0,0.24600870827285923
25.0,4.0,24.0,0.3,0.1,0.8,4.0,1334.0,0.0,0.0,0.24812593703148425
25.0,4.0,25.0,0.3,0.1,0.8,4.0,1341.0,0.0,0.0,0.24608501118568232
25.0,4.0,26.0,0.3,0.1,0.8,4.0,1304.0,0.0,0.0,0.24923312883435583
25.0,4.0,27.0,0.3,0.1,0.8,4.0,1307.0,0.0,0.0,0.24560061208875286
25.0,4.0,28.0,0.3,0.1,0.8,4.0,1250.0,0.0,0.0,0.248
25.0,4.0,29.0,0.3,0.1,0.8,4.0,1272.0,0.0,0.0,0.24371069182389937
25.0,4.0,30.0,0.3,0.1,0.8,4.0,1242.0,0.0,0.0,0.24879227053140096
25.0,4.0,31.0,0.3,0.1,0.8,4.0,1225.0,0.0,0.0,0.24489795918367346
25.0,4.0,32.0,0.3,0.1,0.8,4.0,1195.0,0.0,0.0,0.24937238493723848
25.0,4.0,33.0,0.3,0.1,0.8,4.0,1195.0,0.0,0.0,0.24937238493723848
25.0,4.0,34.0,0.3,0.1,0.8,4.0,1169.0,0.0,0.0,0.25149700598802394
25.0,4.0,35.0,0.3,0.1,0.8,4.0,1156.0,0.0,0.0,0.2517301038062284
25.0,4.0,36.0,0.3,0.1,0.8,4.0,1119.0,0.0,0.0,0.2529043789097408
25.0,4.0,37.0,0.3,0.1,0.8,4.0,1085.0,0.0,0.0,0.2552995391705069
25.0,4.0,38.0,0.3,0.1,0.8,4.0,1062.0,0.0,0.0,0.2608286252354049
25.0,4.0,39.0,0.3,0.1,0.8,4.0,1048.0,0.0,0.0,0.25763358778625955
25.0,4.0,40.0,0.3,0.1,0.8,4.0,1046.0,0.0,0.0,0.26003824091778205
25.0,4.0,41.0,0.3,0.1,0.8,4.0,1031.0,0.0,0.0,0.2580019398642095
25.0,4.0,42.0,0.3,0.1,0.8,4.0,1044.0,0.0,0.0,0.2595785440613027
25.0,4.0,43.0,0.3,0.1,0.8,4.0,1029.0,0.0,0.0,0.2565597667638484
25.0,4.0,44.0,0.3,0.1,0.8,4.0,1042.0,0.0,0.0,0.2591170825335892
25.0,4.0,45.0,0.3,0.1,0.8,4.0,1016.0,0.0,0.0,0.4153543307086614
25.0,4.0,46.0,0.3,0.1,0.8,4.0,1016.0,0.0,0.0,0.4153543307086614
25.0,4.0,47.0,0.3,0.1,0.8,4.0,1005.0,0.0,0.0,0.4129353233830846
25.0,4.0,48.0,0.3,0.1,0.8,4.0,996.0,0.0,0.0,0.41566265060240964
25.0,4.0,49.0,0.3,0.1,0.8,4.0,977.0,0.0,0.0,0.41453428863868985
25.0,4.0,50.0,0.3,0.1,0.8,4.0,956.0,0.0,0.0,0.41422594142259417
25.0,4.0,51.0,0.3,0.1,0.8,4.0,942.0,0.0,0.0,0.4140127388535032
25.0,4.0,52.0,0.3,0.1,0.8,4.0,937.0,0.0,0.0,0.41408751334044824
25.0,5.0,1.0,0.3,0.1,0.8,4.0,918.0,0.0,0.0,0.4139433551198257
25.0,5.0,2.0,0.3,0.1,0.8,4.0,914.0,0.0,0.0,0.41466083150984684
25.0,5.0,3.0,0.3,0.1,0.8,4.0,893.0,0.0,0.0,0.4154535274356103
25.0,5.0,4.0,0.3,0.1,0.8,4.0,899.0,0.0,0.0,0.41490545050055616
25.0,5.0,5.0,0.3,0.1,0.8,4.0,889.0,0.0,0.0,0.41732283464566927
25.0,5.0,6.0,0.3,0.1,0.8,4.0,886.0,0.0,0.0,0.4153498871331828
25.0,5.0,7.0,0.3,0.1,0.8,4.0,874.0,0.0,0.0,0.41762013729977115
25.0,5.0,8.0,0.3,0.1,0.8,4.0,878.0,0.0,0.0,0.4145785876993166
25.0,5.0,9.0,0.3,0.1,0.8,4.0,867.0,0.0,0.0,0.41522491349480967
25.0,5.0,10.0,0.3,0.1,0.8,4.0,857.0,0.0,0.0,0.41423570595099185
25.0,5.0,11.0,0.3,0.1,0.8,4.0,846.0,0.0,0.0,0.41843971631205673
25.0,5.0,12.0,0.3,0.1,0.8,4.0,846.0,0.0,0.0,0.41843971631205673
25.0,5.0,13.0,0.3,0.1,0.8,4.0,842.0,0.0,0.0,0.4192399049881235
25.0,5.0,14.0,0.3,0.1,0.8,4.0,845.0,0.0,0.0,0.41775147928994083
25.0,5.0,15.0,0.3,0.1,0.8,4.0,827.0,0.0,0.0,0.4195888754534462
25.0,5.0,16.0,0.3,0.1,0.8,4.0,829.0,0.0,0.0,0.41857659831121835
25.0,5.0,17.0,0.3,0.1,0.8,4.0,825.0,0.0,0.0,0.4193939393939394
25.0,5.0,18.0,0.3,0.1,0.8,4.0,828.0,0.0,0.0,0.42028985507246375
25.0,5.0,19.0,0.3,0.1,0.8,4.0,814.0,0.0,0.0,0.4152334152334152
25.0,5.0,20.0,0.3,0.1,0.8,4.0,1421.0,0.0,0.0,0.23574947220267417
25.0,5.0,21.0,0.3,0.1,0.8,4.0,1395.0,0.0,0.0,0.23440860215053763
25.0,5.0,22.0,0.3,0.1,0.8,4.0,1386.0,0.0,0.0,0.23665223665223664
25.0,5.0,23.0,0.3,0.1,0.8,4.0,1368.0,0.0,0.0,0.23684210526315788
25.0,5.0,24.0,0.3,0.1,0.8,4.0,1294.0,0.0,0.0,0.2357032457496136
25.0,5.0,25.0,0.3,0.1,0.8,4.0,1261.0,0.0,0.0,0.23473433782712133
25.0,5.0,26.0,0.3,0.1,0.8,4.0,1243.0,0.0,0.0,0.23491552695092519
25.0,5.0,27.0,0.3,0.1,0.8,4.0,1208.0,0.0,0.0,0.24172185430463577
25.0,5.0,28.0,0.3,0.1,0.8,4.0,1165.0,0.0,0.0,0.23948497854077253
25.0,5.0,29.0,0.3,0.1,0.8,4.0,1159.0,0.0,0.0,0.23986194995685936
25.0,5.0,30.0,0.3,0.1,0.8,4.0,1145.0,0.0,0.0,0.24192139737991267
25.0,5.0,31.0,0.3,0.1,0.8,4.0,1146.0,0.0,0.0,0.24083769633507854
25.0,5.0,32.0,0.3,0.1,0.8,4.0,1126.0,0.0,0.0,0.2424511545293073
25.0,5.0,33.0,0.3,0.1,0.8,4.0,1085.0,0.0,0.0,0.24700460829493087
25.0,5.0,34.0,0.3,0.1,0.8,4.0,1024.0,0.0,0.0,0.25390625
25.0,5.0,35.0,0.3,0.1,0.8,4.0,997.0,0.0,0.0,0.24874623871614845
25.0,5.0,36.0,0.3,0.1,0.8,4.0,1001.0,0.0,0.0,0.2517482517482518
25.0,5.0,37.0,0.3,0.1,0.8,4.0,996.0,0.0,0.0,0.25100401606425704
25.0,5.0,38.0,0.3,0.1,0.8,4.0,997.0,0.0,0.0,0.24874623871614845
25.0,5.0,39.0,0.3,0.1,0.8,4.0,975.0,0.0,0.0,0.24923076923076923
25.0,5.0,40.0,0.3,0.1,0.8,4.0,966.0,0.0,0.0,0.2484472049689441
25.0,5.0,41.0,0.3,0.1,0.8,4.0,952.0,0.0,0.0,0.25
25.0,5.0,42.0,0.3,0.1,0.8,4.0,927.0,0.0,0.0,0.24919093851132687
25.0,5.0,43.0,0.3,0.1,0.8,4.0,912.0,0.0,0.0,0.24890350877192982
25.0,5.0,44.0,0.3,0.1,0.8,4.0,896.0,0.0,0.0,0.24553571428571427
25.0,5.0,45.0,0.3,0.1,0.8,4.0,892.0,0.0,0.0,0.4069506726457399
25.0,5.0,46.0,0.3,0.1,0.8,4.0,892.0,0.0,0.0,0.4047085201793722
25.0,5.0,47.0,0.3,0.1,0.8,4.0,887.0,0.0,0.0,0.4081172491544532
25.0,5.0,48.0,0.3,0.1,0.8,4.0,873.0,0.0,0.0,0.4066437571592211
25.0,5.0,49.0,0.3,0.1,0.8,4.0,864.0,0.0,0.0,0.4074074074074074
25.0,5.0,50.0,0.3,0.1,0.8,4.0,846.0,0.0,0.0,0.41134751773049644
25.0,5.0,51.0,0.3,0.1,0.8,4.0,836.0,0.0,0.0,0.4150717703349282
25.0,5.0,52.0,0.3,0.1,0.8,4.0,831.0,0.0,0.0,0.41155234657039713
25.0,6.0,1.0,0.3,0.1,0.8,4.0,826.0,0.0,0.0,0.41646489104116224
25.0,6.0,2.0,0.3,0.1,0.8,4.0,809.0,0.0,0.0,0.411619283065513
25.0,6.0,3.0,0.3,0.1,0.8,4.0,812.0,0.0,0.0,0.41502463054187194
25.0,6.0,4.0,0.3,0.1,0.8,4.0,807.0,0.0,0.0,0.40892193308550184
25.0,6.0,5.0,0.3,0.1,0.8,4.0,803.0,0.0,0.0,0.410958904109589
25.0,6.0,6.0,0.3,0.1,0.8,4.0,798.0,0.0,0.0,0.40601503759398494
25.0,6.0,7.0,0.3,0.1,0.8,4.0,797.0,0.0,0.0,0.4090338770388959
25.0,6.0,8.0,0.3,0.1,0.8,4.0,793.0,0.0,0.0,0.4060529634300126
25.0,6.0,9.0,0.3,0.1,0.8,4.0,793.0,0.0,0.0,0.4110970996216898
25.0,6.0,10.0,0.3,0.1,0.8,4.0,792.0,0.0,0.0,0.4065656565656566
25.0,6.0,11.0,0.3,0.1,0.8,4.0,778.0,0.0,0.0,0.41131105398457585
25.0,6.0,12.0,0.3,0.1,0.8,4.0,773.0,0.0,0.0,0.407503234152652
25.0,6.0,13.0,0.3,0.1,0.8,4.0,777.0,0.0,0.0,0.41055341055341055
25.0,6.0,14.0,0.3,0.1,0.8,4.0,769.0,0.0,0.0,0.4070221066319896
25.0,6.0,15.0,0.3,0.1,0.8,4.0,771.0,0.0,0.0,0.4098573281452659
25.0,6.0,16.0,0.3,0.1,0.8,4.0,755.0,0.0,0.0,0.40794701986754967
25.0,6.0,17.0,0.3,0.1,0.8,4.0,756.0,0.0,0.0,0.4113756613756614
25.0,6.0,18.0,0.3,0.1,0.8,4.0,740.0,0.0,0.0,0.4081081081081081
25.0,6.0,19.0,0.3,0.1,0.8,4.0,739.0,0.0,0.0,0.4100135317997294
25.0,6.0,20.0,0.3,0.1,0.8,4.0,1312.0,0.0,0.0,0.22865853658536586
25.0,6.0,21.0,0.3,0.1,0.8,4.0,1297.0,0.0,0.0,0.2305319969159599
25.0,6.0,22.0,0.3,0.1,0.8,4.0,1285.0,0.0,0.0,0.2264591439688716
25.0,6.0,23.0,0.3,0.1,0.8,4.0,1236.0,0.0,0.0,0.22491909385113268
25.0,6.0,24.0,0.3,0.1,0.8,4.0,1219.0,0.0,0.0,0.2247744052502051
25.0,6.0,25.0,0.3,0.1,0.8,4.0,1185.0,0.0,0.0,0.22784810126582278
25.0,6.0,26.0,0.3,0.1,0.8,4.0,1152.0,0.0,0.0,0.23177083333333334
25.0,6.0,27.0,0.3,0.1,0.8,4.0,1111.0,0.0,0.0,0.23492349234923493
25.0,6.0,28.0,0.3,0.1,0.8,4.0,1091.0,0.0,0.0,0.23464711274060496
25.0,6.0,29.0,0.3,0.1,0.8,4.0,1077.0,0.0,0.0,0.23676880222841226
25.0,6.0,30.0,0.3,0.1,0.8,4.0,1059.0,0.0,0.0,0.2360717658168083
25.0,6.0,31.0,0.3,0.1,0.8,4.0,1029.0,0.0,0.0,0.23615160349854228
25.0,6.0,32.0,0.3,0.1,0.8,4.0,1005.0,0.0,0.0,0.2407960199004975
25.0,6.0,33.0,0.3,0.1,0.8,4.0,987.0,0.0,0.0,0.24316109422492402
25.0,6.0,34.0,0.3,0.1,0.8,4.0,999.0,0.0,0.0,0.24124124124124124
25.0,6.0,35.0,0.3,0.1,0.8,4.0,986.0,0.0,0.0,0.24239350912778904
25.0,6.0,36.0,0.3,0.1,0.8,4.0,982.0,0.0,0.0,0.24236252545824846
25.0,6.0,37.0,0.3,0.1,0.8,4.0,957.0,0.0,0.0,0.24555903866248693
25.0,6.0,38.0,0.3,0.1,0.8,4.0,934.0,0.0,0.0,0.2430406852248394
25.0,6.0,39.0,0.3,0.1,0.8,4.0,907.0,0.0,0.0,0.24476295479603086
25.0,6.0,40.0,0.3,0.1,0.8,4.0,909.0,0.0,0.0,0.24422442244224424
25.0,6.0,41.0,0.3,0.1,0.8,4.0,890.0,0.0,0.0,0.2449438202247191
25.0,6.0,42.0,0.3,0.1,0.8,4.0,904.0,0.0,0.0,0.24446902654867256
25.0,6.0,43.0,0.3,0.1,0.8,4.0,874.0,0.0,0.0,0.2448512585812357
25.0,6.0,44.0,0.3,0.1,0.8,4.0,890.0,0.0,0.0,0.24382022471910111
25.0,6.0,45.0,0.3,0.1,0.8,4.0,850.0,0.0,0.0,0.41294117647058826
25.0,6.0,46.0,0.3,0.1,0.8,4.0,873.0,0.0,0.0,0.41122565864833904
25.0,6.0,47.0,0.3,0.1,0.8,4.0,826.0,0.0,0.0,0.41646489104116224
25.0,6.0,48.0,0.3,0.1,0.8,4.0,831.0,0.0,0.0,0.4175691937424789
25.0,6.0,49.0,0.3,0.1,0.8,4.0,804.0,0.0,0.0,0.42039800995024873
25.0,6.0,50.0,0.3,0.1,0.8,4.0,814.0,0.0,0.0,0.4213759213759214
25.0,6.0,51.0,0.3,0.1,0.8,4.0,799.0,0.0,0.0,0.42177722152690866
25.0,6.0,52.0,0.3,0.1,0.8,4.0,809.0,0.0,0.0,0.4227441285537701
25.0,7.0,1.0,0.3,0.1,0.8,4.0,781.0,0.0,0.0,0.4263764404609475
25.0,7.0,2.0,0.3,0.1,0.8,4.0,788.0,0.0,0.0,0.42385786802030456
25.0,7.0,3.0,0.3,0.1,0.8,4.0,778.0,0.0,0.0,0.4241645244215938
25.0,7.0,4.0,0.3,0.1,0.8,4.0,784.0,0.0,0.0,0.42346938775510207
25.0,7.0,5.0,0.3,0.1,0.8,4.0,773.0,0.0,0.0,0.4243208279430789
25.0,7.0,6.0,0.3,0.1,0.8,4.0,784.0,0.0,0.0,0.4247448979591837
25.0,7.0,7.0,0.3,0.1,0.8,4.0,756.0,0.0,0.0,0.42328042328042326
25.0,7.0,8.0,0.3,0.1,0.8,4.0,764.0,0.0,0.0,0.42539267015706805
25.0,7.0,9.0,0.3,0.1,0.8,4.0,749.0,0.0,0.0,0.42456608811748997
25.0,7.0,10.0,0.3,0.1,0.8,4.0,762.0,0.0,0.0,0.42782152230971127
25.0,7.0,11.0,0.3,0.1,0.8,4.0,748.0,0.0,0.0,0.42513368983957217
25.0,7.0,12.0,0.3,0.1,0.8,4.0,762.0,0.0,0.0,0.42650918635170604
25.0,7.0,13.0,0.3,0.1,0.8,4.0,746.0,0.0,0.0,0.4249329758713137
25.0,7.0,14.0,0.3,0.1,0.8,4.0,756.0,0.0,0.0,0.42592592592592593
25.0,7.0,15.0,0.3,0.1,0.8,4.0,733.0,0.0,0.0,0.41882673942701226
25.0,7.0,16.0,0.3,0.1,0.8,4.0,741.0,0.0,0.0,0.42375168690958165
25.0,7.0,17.0,0.3,0.1,0.8,4.0,729.0,0.0,0.0,0.42112482853223593
25.0,7.0,18.0,0.3,0.1,0.8,4.0,741.0,0.0,0.0,0.42375168690958165
25.0,7.0,19.0,0.3,0.1,0.8,4.0,726.0,0.0,0.0,0.4214876033057851
25.0,7.0,20.0,0.3,0.1,0.8,4.0,1259.0,0.0,0.0,0.24781572676727562
25.0,7.0,21.0,0.3,0.1,0.8,4.0,1231.0,0.0,0.0,0.24857839155158407
25.0,7.0,22.0,0.3,0.1,0.8,4.0,1237.0,0.0,0.0,0.24898949070331447
25.0,7.0,23.0,0.3,0.1,0.8,4.0,1201.0,0.0,0.0,0.2456286427976686
25.0,7.0,24.0,0.3,0.1,0.8,4.0,1147.0,0.0,0.0,0.24847428073234526
25.0,7.0,25.0,0.3,0.1,0.8,4.0,1137.0,0.0,0.0,0.24890061565523308
25.0,7.0,26.0,0.3,0.1,0.8,4.0,1109.0,0.0,0.0,0.25247971145175835
25.0,7.0,27.0,0.3,0.1,0.8,4.0,1094.0,0.0,0.0,0.2522851919561243
25.0,7.0,28.0,0.3,0.1,0.8,4.0,1080.0,0.0,0.0,0.25462962962962965
25.0,7.0,29.0,0.3,0.1,0.8,4.0,1071.0,0.0,0.0,0.2530345471521942
25.0,7.0,30.0,0.3,0.1,0.8,4.0,1039.0,0.0,0.0,0.2569778633301251
25.0,7.0,31.0,0.3,0.1,0.8,4.0,1036.0,0.0,0.0,0.25386100386100385
25.0,7.0,32.0,0.3,0.1,0.8,4.0,1015.0,0.0,0.0,0.2561576354679803
25.0,7.0,33.0,0.3,0.1,0.8,4.0,1019.0,0.0,0.0,0.25318940137389595
25.0,7.0,34.0,0.3,0.1,0.8,4.0,978.0,0.0,0.0,0.26482617586912066
25.0,7.0,35.0,0.3,0.1,0.8,4.0,958.0,0.0,0.0,0.2620041753653445
25.0,7.0,36.0,0.3,0.1,0.8,4.0,972.0,0.0,0.0,0.26337448559670784
25.0,7.0,37.0,0.3,0.1,0.8,4.0,921.0,0.0,0.0,0.2714440825190011
25.0,7.0,38.0,0.3,0.1,0.8,4.0,931.0,0.0,0.0,0.2728249194414608
25.0,7.0,39.0,0.3,0.1,0.8,4.0,917.0,0.0,0.0,0.27044711014176664
25.0,7.0,40.0,0.3,0.1,0.8,4.0,930.0,0.0,0.0,0.27204301075268816
25.0,7.0,41.0,0.3,0.1,0.8,4.0,921.0,0.0,0.0,0.2681867535287731
25.0,7.0,42.0,0.3,0.1,0.8,4.0,905.0,0.0,0.0,0.2740331491712707
25.0,7.0,43.0,0.3,0.1,0.8,4.0,886.0,0.0,0.0,0.27313769751693
25.0,7.0,44.0,0.3,0.1,0.8,4.0,899.0,0.0,0.0,0.27363737486095663
25.0,7.0,45.0,0.3,0.1,0.8,4.0,859.0,0.0,0.0,0.4586728754365541
25.0,7.0,46.0,0.3,0.1,0.8,4.0,889.0,0.0,0.0,0.45556805399325084
25.0,7.0,47.0,0.3,0.1,0.8,4.0,840.0,0.0,0.0,0.45714285714285713
25.0,7.0,48.0,0.3,0.1,0.8,4.0,868.0,0.0,0.0,0.45506912442396313
25.0,7.0,49.0,0.3,0.1,0.8,4.0,830.0,0.0,0.0,0.4578313253012048
25.0,7.0,50.0,0.3,0.1,0.8,4.0,839.0,0.0,0.0,0.45530393325387364
25.0,7.0,51.0,0.3,0.1,0.8,4.0,806.0,0.0,0.0,0.45781637717121587
25.0,7.0,52.0,0.3,0.1,0.8,4.0,824.0,0.0,0.0,0.4575242718446602
25.0,8.0,1.0,0.3,0.1,0.8,4.0,804.0,0.0,0.0,0.4577114427860697
25.0,8.0,2.0,0.3,0.1,0.8,4.0,809.0,0.0,0.0,0.4610630407911001
25.0,8.0,3.0,0.3,0.1,0.8,4.0,786.0,0.0,0.0,0.4631043256997455
25.0,8.0,4.0,0.3,0.1,0.8,4.0,805.0,0.0,0.0,0.4608695652173913
25.0,8.0,5.0,0.3,0.1,0.8,4.0,784.0,0.0,0.0,0.4630102040816326
25.0,8.0,6.0,0.3,0.1,0.8,4.0,783.0,0.0,0.0,0.46360153256704983
25.0,8.0,7.0,0.3,0.1,0.8,4.0,771.0,0.0,0.0,0.4682230869001297
25.0,8.0,8.0,0.3,0.1,0.8,4.0,770.0,0.0,0.0,0.4649350649350649
25.0,8.0,9.0,0.3,0.1,0.8,4.0,765.0,0.0,0.0,0.46797385620915033
25.0,8.0,10.0,0.3,0.1,0.8,4.0,767.0,0.0,0.0,0.4667535853976532
25.0,8.0,11.0,0.3,0.1,0.8,4.0,761.0,0.0,0.0,0.4664914586070959
25.0,8.0,12.0,0.3,0.1,0.8,4.0,766.0,0.0,0.0,0.4660574412532637
25.0,8.0,13.0,0.3,0.1,0.8,4.0,764.0,0.0,0.0,0.4698952879581152
25.0,8.0,14.0,0.3,0.1,0.8,4.0,764.0,0.0,0.0,0.46727748691099474
25.0,8.0,15.0,0.3,0.1,0.8,4.0,761.0,0.0,0.0,0.46780551905387646
25.0,8.0,16.0,0.3,0.1,0.8,4.0,762.0,0.0,0.0,0.468503937007874
25.0,8.0,17.0,0.3,0.1,0.8,4.0,762.0,0.0,0.0,0.468503937007874
25.0,8.0,18.0,0.3,0.1,0.8,4.0,759.0,0.0,0.0,0.46772068511198944
25.0,8.0,19.0,0.3,0.1,0.8,4.0,757.0,0.0,0.0,0.46895640686922063
25.0,8.0,20.0,0.3,0.1,0.8,4.0,1367.0,0.0,0.0,0.260424286759327
25.0,8.0,21.0,0.3,0.1,0.8,4.0,1294.0,0.0,0.0,0.26661514683153015
25.0,8.0,22.0,0.3,0.1,0.8,4.0,1270.0,0.0,0.0,0.2614173228346457
25.0,8.0,23.0,0.3,0.1,0.8,4.0,1222.0,0.0,0.0,0.26759410801963995
25.0,8.0,24.0,0.3,0.1,0.8,4.0,1191.0,0.0,0.0,0.2661628883291352
25.0,8.0,25.0,0.3,0.1,0.8,4.0,1148.0,0.0,0.0,0.26742160278745647
25.0,8.0,26.0,0.3,0.1,0.8,4.0,1146.0,0.0,0.0,0.2643979057591623
25.0,8.0,27.0,0.3,0.1,0.8,4.0,1130.0,0.0,0.0,0.2663716814159292
25.0,8.0,28.0,0.3,0.1,0.8,4.0,1136.0,0.0,0.0,0.2649647887323944
25.0,8.0,29.0,0.3,0.1,0.8,4.0,1129.0,0.0,0.0,0.2657218777679362
25.0,8.0,30.0,0.3,0.1,0.8,4.0,1064.0,0.0,0.0,0.27349624060150374
25.0,8.0,31.0,0.3,0.1,0.8,4.0,1051.0,0.0,0.0,0.2759276879162702
25.0,8.0,32.0,0.3,0.1,0.8,4.0,1035.0,0.0,0.0,0.2772946859903382
25.0,8.0,33.0,0.3,0.1,0.8,4.0,1023.0,0.0,0.0,0.27956989247311825
25.0,8.0,34.0,0.3,0.1,0.8,4.0,997.0,0.0,0.0,0.28084252758274825
25.0,8.0,35.0,0.3,0.1,0.8,4.0,993.0,0.0,0.0,0.28197381671701915
25.0,8.0,36.0,0.3,0.1,0.8,4.0,973.0,0.0,0.0,0.2816032887975334
25.0,8.0,37.0,0.3,0.1,0.8,4.0,943.0,0.0,0.0,0.2873806998939555
25.0,8.0,38.0,0.3,0.1,0.8,4.0,950.0,0.0,0.0,0.28526315789473683
25.0,8.0,39.0,0.3,0.1,0.8,4.0,945.0,0.0,0.0,0.2878306878306878
25.0,8.0,40.0,0.3,0.1,0.8,4.0,949.0,0.0,0.0,0.2845100105374078
25.0,8.0,41.0,0.3,0.1,0.8,4.0,931.0,0.0,0.0,0.29108485499462944
25.0,8.0,42.0,0.3,0.1,0.8,4.0,922.0,0.0,0.0,0.2885032537960954
25.0,8.0,43.0,0.3,0.1,0.8,4.0,900.0,0.0,0.0,0.2911111111111111
25.0,8.0,44.0,0.3,0.1,0.8,4.0,901.0,0.0,0.0,0.2874583795782464
25.0,8.0,45.0,0.3,0.1,0.8,4.0,902.0,0.0,0.0,0.42572062084257206
25.0,8.0,46.0,0.3,0.1,0.8,4.0,898.0,0.0,0.0,0.42538975501113585
25.0,8.0,47.0,0.3,0.1,0.8,4.0,900.0,0.0,0.0,0.4266666666666667
25.0,8.0,48.0,0.3,0.1,0.8,4.0,896.0,0.0,0.0,0.42745535714285715
25.0,8.0,49.0,0.3,0.1,0.8,4.0,905.0,0.0,0.0,0.4243093922651934
25.0,8.0,50.0,0.3,0.1,0.8,4.0,894.0,0.0,0.0,0.4306487695749441
25.0,8.0,51.0,0.3,0.1,0.8,4.0,895.0,0.0,0.0,0.423463687150838
25.0,8.0,52.0,0.3,0.1,0.8,4.0,889.0,0.0,0.0,0.42857142857142855
25.0,9.0,1.0,0.3,0.1,0.8,4.0,887.0,0.0,0.0,0.4250281848928974
25.0,9.0,2.0,0.3,0.1,0.8,4.0,888.0,0.0,0.0,0.42792792792792794
25.0,9.0,3.0,0.3,0.1,0.8,4.0,888.0,0.0,0.0,0.42567567567567566
25.0,9.0,4.0,0.3,0.1,0.8,4.0,889.0,0.0,0.0,0.42857142857142855
25.0,9.0,5.0,0.3,0.1,0.8,4.0,887.0,0.0,0.0,0.4250281848928974
25.0,9.0,6.0,0.3,0.1,0.8,4.0,884.0,0.0,0.0,0.4298642533936652
25.0,9.0,7.0,0.3,0.1,0.8,4.0,873.0,0.0,0.0,0.427262313860252
25.0,9.0,8.0,0.3,0.1,0.8,4.0,872.0,0.0,0.0,0.43119266055045874
25.0,9.0,9.0,0.3,0.1,0.8,4.0,875.0,0.0,0.0,0.42742857142857144
25.0,9.0,10.0,0.3,0.1,0.8,4.0,868.0,0.0,0.0,0.43202764976958524
25.0,9.0,11.0,0.3,0.1,0.8,4.0,873.0,0.0,0.0,0.427262313860252
25.0,9.0,12.0,0.3,0.1,0.8,4.0,873.0,0.0,0.0,0.43184421534937
25.0,9.0,13.0,0.3,0.1,0.8,4.0,873.0,0.0,0.0,0.42955326460481097
25.0,9.0,14.0,0.3,0.1,0.8,4.0,875.0,0.0,0.0,0.4308571428571429
25.0,9.0,15.0,0.3,0.1,0.8,4.0,870.0,0.0,0.0,0.4298850574712644
25.0,9.0,16.0,0.3,0.1,0.8,4.0,873.0,0.0,0.0,0.4306987399770905
25.0,9.0,17.0,0.3,0.1,0.8,4.0,872.0,0.0,0.0,0.42775229357798167
25.0,9.0,18.0,0.3,0.1,0.8,4.0,867.0,0.0,0.0,0.43137254901960786
25.0,9.0,19.0,0.3,0.1,0.8,4.0,868.0,0.0,0.0,0.42857142857142855
25.0,9.0,20.0,0.3,0.1,0.8,4.0,1481.0,0.0,0.0,0.2451046590141796
25.0,9.0,21.0,0.3,0.1,0.8,4.0,1471.0,0.0,0.0,0.24201223657375934
25.0,9.0,22.0,0.3,0.1,0.8,4.0,1429.0,0.0,0.0,0.2470258922323303
25.0,9.0,23.0,0.3,0.1,0.8,4.0,1409.0,0.0,0.0,0.24698367636621718
25.0,9.0,24.0,0.3,0.1,0.8,4.0,1342.0,0.0,0.0,0.2533532041728763
25.0,9.0,25.0,0.3,0.1,0.8,4.0,1345.0,0.0,0.0,0.2505576208178439
25.0,9.0,26.0,0.3,0.1,0.8,4.0,1311.0,0.0,0.0,0.2555301296720061
25.0,9.0,27.0,0.3,0.1,0.8,4.0,1319.0,0.0,0.0,0.25094768764215314
25.0,9.0,28.0,0.3,0.1,0.8,4.0,1296.0,0.0,0.0,0.25617283950617287
25.0,9.0,29.0,0.3,0.1,0.8,4.0,1322.0,0.0,0.0,0.24962178517397882
25.0,9.0,30.0,0.3,0.1,0.8,4.0,1287.0,0.0,0.0,0.257964257964258
25.0,9.0,31.0,0.3,0.1,0.8,4.0,1311.0,0.0,0.0,0.2509534706331045
25.0,9.0,32.0,0.3,0.1,0.8,4.0,1281.0,0.0,0.0,0.25604996096799376
25.0,9.0,33.0,0.3,0.1,0.8,4.0,1313.0,0.0,0.0,0.25057121096725055
25.0,9.0,34.0,0.3,0.1,0.8,4.0,1283.0,0.0,0.0,0.2564302416212003
25.0,9.0,35.0,0.3,0.1,0.8,4.0,1307.0,0.0,0.0,0.252486610558531
25.0,9.0,36.0,0.3,0.1,0.8,4.0,1291.0,0.0,0.0,0.25484120836560803
25.0,9.0,37.0,0.3,0.1,0.8,4.0,1274.0,0.0,0.0,0.25588697017268447
25.0,9.0,38.0,0.3,0.1,0.8,4.0,1272.0,0.0,0.0,0.2562893081761006
25.0,9.0,39.0,0.3,0.1,0.8,4.0,1245.0,0.0,0.0,0.25783132530120484
25.0,9.0,40.0,0.3,0.1,0.8,4.0,1203.0,0.0,0.0,0.2593516209476309
25.0,9.0,41.0,0.3,0.1,0.8,4.0,1196.0,0.0,0.0,0.2625418060200669
25.0,9.0,42.0,0.3,0.1,0.8,4.0,1189.0,0.0,0.0,0.25988225399495374
25.0,9.0,43.0,0.3,0.1,0.8,4.0,1179.0,0.0,0.0,0.26293469041560646
25.0,9.0,44.0,0.3,0.1,0.8,4.0,1165.0,0.0,0.0,0.2626609442060086
25.0,9.0,45.0,0.3,0.1,0.8,4.0,1156.0,0.0,0.0,0.43771626297577854
25.0,9.0,46.0,0.3,0.1,0.8,4.0,1165.0,0.0,0.0,0.43433476394849785
25.0,9.0,47.0,0.3,0.1,0.8,4.0,1153.0,0.0,0.0,0.43798785776235905
25.0,9.0,48.0,0.3,0.1,0.8,4.0,1150.0,0.0,0.0,0.4373913043478261
25.0,9.0,49.0,0.3,0.1,0.8,4.0,1145.0,0.0,0.0,0.440174672489083
25.0,9.0,50.0,0.3,0.1,0.8,4.0,1142.0,0.0,0.0,0.43870402802101577
25.0,9.0,51.0,0.3,0.1,0.8,4.0,1142.0,0.0,0.0,0.4413309982486865
25.0,9.0,52.0,0.3,0.1,0.8,4.0,1136.0,0.0,0.0,0.44014084507042256
25.0,10.0,1.0,0.3,0.1,0.8,4.0,1136.0,0.0,0.0,0.44190140845070425
25.0,10.0,2.0,0.3,0.1,0.8,4.0,1122.0,0.0,0.0,0.44295900178253117
25.0,10.0,3.0,0.3,0.1,0.8,4.0,1123.0,0.0,0.0,0.44345503116651824
25.0,10.0,4.0,0.3,0.1,0.8,4.0,1109.0,0.0,0.0,0.44274120829576197
25.0,10.0,5.0,0.3,0.1,0.8,4.0,1107.0,0.0,0.0,0.44534778681120146
25.0,10.0,6.0,0.3,0.1,0.8,4.0,1108.0,0.0,0.0,0.44223826714801445
25.0,10.0,7.0,0.3,0.1,0.8,4.0,1105.0,0.0,0.0,0.4452488687782805
25.0,10.0,8.0,0.3,0.1,0.8,4.0,1100.0,0.0,0.0,0.44545454545454544
25.0,10.0,9.0,0.3,0.1,0.8,4.0,1086.0,0.0,0.0,0.4447513812154696
25.0,10.0,10.0,0.3,0.1,0.8,4.0,1077.0,0.0,0.0,0.4456824512534819
25.0,10.0,11.0,0.3,0.1,0.8,4.0,1080.0,0.0,0.0,0.44537037037037036
25.0,10.0,12.0,0.3,0.1,0.8,4.0,1071.0,0.0,0.0,0.4481792717086835
25.0,10.0,13.0,0.3,0.1,0.8,4.0,1076.0,0.0,0.0,0.44609665427509293
25.0,10.0,14.0,0.3,0.1,0.8,4.0,1058.0,0.0,0.0,0.44706994328922495
25.0,10.0,15.0,0.3,0.1,0.8,4.0,1063.0,0.0,0.0,0.44590780809031044
25.0,10.0,16.0,0.3,0.1,0.8,4.0,1042.0,0.0,0.0,0.44817658349328215
25.0,10.0,17.0,0.3,0.1,0.8,4.0,1052.0,0.0,0.0,0.4458174904942966
25.0,10.0,18.0,0.3,0.1,0.8,4.0,1046.0,0.0,0.0,0.4474187380497132
25.0,10.0,19.0,0.3,0.1,0.8,4.0,1047.0,0.0,0.0,0.4469914040114613
25.0,10.0,20.0,0.3,0.1,0.8,4.0,1816.0,0.0,0.0,0.23733480176211455
25.0,10.0,21.0,0.3,0.1,0.8,4.0,1791.0,0.0,0.0,0.23953098827470687
25.0,10.0,22.0,0.3,0.1,0.8,4.0,1764.0,0.0,0.0,0.2409297052154195
25.0,10.0,23.0,0.3,0.1,0.8,4.0,1726.0,0.0,0.0,0.2410196987253766
25.0,10.0,24.0,0.3,0.1,0.8,4.0,1693.0,0.0,0.0,0.24276432368576492
25.0,10.0,25.0,0.3,0.1,0.8,4.0,1670.0,0.0,0.0,0.24491017964071857
25.0,10.0,26.0,0.3,0.1,0.8,4.0,1636.0,0.0,0.0,0.24816625916870416
25.0,10.0,27.0,0.3,0.1,0.8,4.0,1622.0,0.0,0.0,0.24537607891491986
25.0,10.0,28.0,0.3,0.1,0.8,4.0,1534.0,0.0,0.0,0.2542372881355932
25.0,10.0,29.0,0.3,0.1,0.8,4.0,1504.0,0.0,0.0,0.2526595744680851
25.0,10.0,30.0,0.3,0.1,0.8,4.0,1490.0,0.0,0.0,0.2543624161073825
25.0,10.0,31.0,0.3,0.1,0.8,4.0,1494.0,0.0,0.0,0.25301204819277107
25.0,10.0,32.0,0.3,0.1,0.8,4.0,1488.0,0.0,0.0,0.2547043010752688
25.0,10.0,33.0,0.3,0.1,0.8,4.0,1456.0,0.0,0.0,0.2534340659340659
25.0,10.0,34.0,0.3,0.1,0.8,4.0,1411.0,0.0,0.0,0.25513819985825653
25.0,10.0,35.0,0.3,0.1,0.8,4.0,1402.0,0.0,0.0,0.2553495007132668
25.0,10.0,36.0,0.3,0.1,0.8,4.0,1392.0,0.0,0.0,0.25646551724137934
25.0,10.0,37.0,0.3,0.1,0.8,4.0,1365.0,0.0,0.0,0.25567765567765566
25.0,10.0,38.0,0.3,0.1,0.8,4.0,1356.0,0.0,0.0,0.2581120943952802
25.0,10.0,39.0,0.3,0.1,0.8,4.0,1346.0,0.0,0.0,0.25705794947994054
25.0,10.0,40.0,0.3,0.1,0.8,4.0,1333.0,0.0,0.0,0.26106526631657917
25.0,10.0,41.0,0.3,0.1,0.8,4.0,1334.0,0.0,0.0,0.25787106446776614
25.0,10.0,42.0,0.3,0.1,0.8,4.0,1304.0,0.0,0.0,0.26226993865030673
25.0,10.0,43.0,0.3,0.1,0.8,4.0,1316.0,0.0,0.0,0.2591185410334346
25.0,10.0,44.0,0.3,0.1,0.8,4.0,1307.0,0.0,0.0,0.2616679418515685
25.0,10.0,45.0,0.3,0.1,0.8,4.0,1319.0,0.0,0.0,0.4094010614101592
25.0,10.0,46.0,0.3,0.1,0.8,4.0,1248.0,0.0,0.0,0.4182692307692308
25.0,10.0,47.0,0.3,0.1,0.8,4.0,1235.0,0.0,0.0,0.4145748987854251
25.0,10.0,48.0,0.3,0.1,0.8,4.0,1224.0,0.0,0.0,0.41911764705882354
25.0,10.0,49.0,0.3,0.1,0.8,4.0,1223.0,0.0,0.0,0.4153720359771055
25.0,10.0,50.0,0.3,0.1,0.8,4.0,1204.0,0.0,0.0,0.4210963455149502
25.0,10.0,51.0,0.3,0.1,0.8,4.0,1213.0,0.0,0.0,0.41879637262984337
25.0,10.0,52.0,0.3,0.1,0.8,4.0,1201.0,0.0,0.0,0.42131557035803496
26.0,1.0,1.0,0.3,0.1,0.8,4.0,5100.0,49.0,10.0,0.2880392156862745
26.0,1.0,2.0,0.3,0.1,0.8,4.0,5060.0,54.0,17.0,0.2883399209486166
26.0,1.0,3.0,0.3,0.1,0.8,4.0,5003.0,60.0,27.0,0.2886268239056566
26.0,1.0,4.0,0.3,0.1,0.8,4.0,4951.0,74.0,25.0,0.2872147041001818
26.0,1.0,5.0,0.3,0.1,0.8,4.0,4981.0,78.0,32.0,0.2895001003814495
26.0,1.0,6.0,0.3,0.1,0.8,4.0,4856.0,91.0,34.0,0.2903624382207578
26.0,1.0,7.0,0.3,0.1,0.8,4.0,4727.0,109.0,43.0,0.2908821662788238
26.0,1.0,8.0,0.3,0.1,0.8,4.0,4585.0,139.0,44.0,0.2896401308615049
26.0,1.0,9.0,0.3,0.1,0.8,4.0,4430.0,148.0,51.0,0.2909706546275395
26.0,1.0,10.0,0.3,0.1,0.8,4.0,4345.0,152.0,63.0,0.29252013808975835
26.0,1.0,11.0,0.3,0.1,0.8,4.0,4191.0,176.0,79.0,0.29062276306370793
26.0,1.0,12.0,0.3,0.1,0.8,4.0,4078.0,203.0,87.0,0.29230014713094654
26.0,1.0,13.0,0.3,0.1,0.8,4.0,3978.0,204.0,86.0,0.29411764705882354
26.0,1.0,14.0,0.3,0.1,0.8,4.0,3894.0,209.0,91.0,0.29892141756548535
26.0,1.0,15.0,0.3,0.1,0.8,4.0,3752.0,223.0,101.0,0.2979744136460554
26.0,1.0,16.0,0.3,0.1,0.8,4.0,3605.0,223.0,115.0,0.30097087378640774
26.0,1.0,17.0,0.3,0.1,0.8,4.0,3530.0,218.0,113.0,0.3022662889518414
26.0,1.0,18.0,0.3,0.1,0.8,4.0,3423.0,215.0,110.0,0.30704060765410457
26.0,1.0,19.0,0.3,0.1,0.8,4.0,3342.0,220.0,107.0,0.3108916816277678
26.0,1.0,20.0,0.3,0.1,0.8,4.0,6198.0,218.0,101.0,0.16666666666666666
26.0,1.0,21.0,0.3,0.1,0.8,4.0,5872.0,277.0,96.0,0.16927792915531334
26.0,1.0,22.0,0.3,0.1,0.8,4.0,5575.0,317.0,100.0,0.17309417040358743
26.0,1.0,23.0,0.3,0.1,0.8,4.0,5207.0,363.0,124.0,0.1759170347608988
26.0,1.0,24.0,0.3,0.1,0.8,4.0,4954.0,406.0,148.0,0.17803794913201454
26.0,1.0,25.0,0.3,0.1,0.8,4.0,4744.0,426.0,178.0,0.18043844856661045
26.0,1.0,26.0,0.3,0.1,0.8,4.0,4595.0,456.0,201.0,0.18454842219804135
26.0,1.0,27.0,0.3,0.1,0.8,4.0,4352.0,435.0,206.0,0.18818933823529413
26.0,1.0,28.0,0.3,0.1,0.8,4.0,4172.0,445.0,203.0,0.19271332694151486
26.0,1.0,29.0,0.3,0.1,0.8,4.0,3958.0,440.0,195.0,0.19706922688226378
26.0,1.0,30.0,0.3,0.1,0.8,4.0,3846.0,457.0,196.0,0.2002080083203328
26.0,1.0,31.0,0.3,0.1,0.8,4.0,3604.0,471.0,215.0,0.20588235294117646
26.0,1.0,32.0,0.3,0.1,0.8,4.0,3422.0,454.0,215.0,0.21011104617182935
26.0,1.0,33.0,0.3,0.1,0.8,4.0,3227.0,431.0,211.0,0.21382088627207932
26.0,1.0,34.0,0.3,0.1,0.8,4.0,3012.0,387.0,184.0,0.2204515272244356
26.0,1.0,35.0,0.3,0.1,0.8,4.0,2831.0,352.0,185.0,0.22854115153655952
26.0,1.0,36.0,0.3,0.1,0.8,4.0,2705.0,328.0,171.0,0.23585951940850278
26.0,1.0,37.0,0.3,0.1,0.8,4.0,2592.0,313.0,159.0,0.24266975308641975
26.0,1.0,38.0,0.3,0.1,0.8,4.0,2460.0,279.0,138.0,0.25203252032520324
26.0,1.0,39.0,0.3,0.1,0.8,4.0,2334.0,283.0,131.0,0.26006855184233074
26.0,1.0,40.0,0.3,0.1,0.8,4.0,2236.0,277.0,134.0,0.26699463327370304
26.0,1.0,41.0,0.3,0.1,0.8,4.0,2120.0,268.0,127.0,0.2679245283018868
26.0,1.0,42.0,0.3,0.1,0.8,4.0,2042.0,268.0,138.0,0.2761998041136141
26.0,1.0,43.0,0.3,0.1,0.8,4.0,1955.0,247.0,119.0,0.28746803069053706
26.0,1.0,44.0,0.3,0.1,0.8,4.0,1877.0,253.0,121.0,0.29461907298881196
26.0,1.0,45.0,0.3,0.1,0.8,4.0,1792.0,223.0,97.0,0.45424107142857145
26.0,1.0,46.0,0.3,0.1,0.8,4.0,1720.0,206.0,103.0,0.45813953488372094
26.0,1.0,47.0,0.3,0.1,0.8,4.0,1671.0,184.0,103.0,0.46618791143028127
26.0,1.0,48.0,0.3,0.1,0.8,4.0,1571.0,156.0,95.0,0.47358370464672184
26.0,1.0,49.0,0.3,0.1,0.8,4.0,1552.0,126.0,86.0,0.47551546391752575
26.0,1.0,50.0,0.3,0.1,0.8,4.0,1510.0,105.0,71.0,0.4781456953642384
26.0,1.0,51.0,0.3,0.1,0.8,4.0,1458.0,84.0,55.0,0.49176954732510286
26.0,1.0,52.0,0.3,0.1,0.8,4.0,1413.0,63.0,41.0,0.5010615711252654
26.0,2.0,1.0,0.3,0.1,0.8,4.0,1392.0,54.0,35.0,0.5035919540229885
26.0,2.0,2.0,0.3,0.1,0.8,4.0,1349.0,43.0,26.0,0.507783543365456
26.0,2.0,3.0,0.3,0.1,0.8,4.0,1342.0,36.0,18.0,0.511177347242921
26.0,2.0,4.0,0.3,0.1,0.8,4.0,1313.0,35.0,14.0,0.5118050266565118
26.0,2.0,5.0,0.3,0.1,0.8,4.0,1288.0,34.0,14.0,0.5108695652173914
26.0,2.0,6.0,0.3,0.1,0.8,4.0,1270.0,35.0,15.0,0.5133858267716536
26.0,2.0,7.0,0.3,0.1,0.8,4.0,1265.0,39.0,20.0,0.5146245059288538
26.0,2.0,8.0,0.3,0.1,0.8,4.0,1241.0,38.0,19.0,0.5165189363416599
26.0,2.0,9.0,0.3,0.1,0.8,4.0,1230.0,32.0,18.0,0.5195121951219512
26.0,2.0,10.0,0.3,0.1,0.8,4.0,1208.0,29.0,17.0,0.5206953642384106
26.0,2.0,11.0,0.3,0.1,0.8,4.0,1203.0,25.0,12.0,0.5253532834580216
26.0,2.0,12.0,0.3,0.1,0.8,4.0,1185.0,24.0,15.0,0.5248945147679325
26.0,2.0,13.0,0.3,0.1,0.8,4.0,1166.0,17.0,7.0,0.5283018867924528
26.0,2.0,14.0,0.3,0.1,0.8,4.0,1152.0,19.0,10.0,0.5269097222222222
26.0,2.0,15.0,0.3,0.1,0.8,4.0,1119.0,18.0,8.0,0.5370866845397676
26.0,2.0,16.0,0.3,0.1,0.8,4.0,1098.0,17.0,8.0,0.5327868852459017
26.0,2.0,17.0,0.3,0.1,0.8,4.0,1104.0,18.0,10.0,0.5380434782608695
26.0,2.0,18.0,0.3,0.1,0.8,4.0,1078.0,16.0,9.0,0.5324675324675324
26.0,2.0,19.0,0.3,0.1,0.8,4.0,1075.0,17.0,11.0,0.5367441860465116
26.0,2.0,20.0,0.3,0.1,0.8,4.0,1954.0,18.0,9.0,0.2865916069600819
26.0,2.0,21.0,0.3,0.1,0.8,4.0,1884.0,18.0,7.0,0.2908704883227176
26.0,2.0,22.0,0.3,0.1,0.8,4.0,1831.0,23.0,8.0,0.2932823593664664
26.0,2.0,23.0,0.3,0.1,0.8,4.0,1812.0,23.0,9.0,0.29525386313465785
26.0,2.0,24.0,0.3,0.1,0.8,4.0,1782.0,26.0,11.0,0.2957351290684624
26.0,2.0,25.0,0.3,0.1,0.8,4.0,1743.0,23.0,9.0,0.29604130808950085
26.0,2.0,26.0,0.3,0.1,0.8,4.0,1705.0,21.0,9.0,0.29853372434017594
26.0,2.0,27.0,0.3,0.1,0.8,4.0,1697.0,25.0,9.0,0.29935179728933414
26.0,2.0,28.0,0.3,0.1,0.8,4.0,1637.0,30.0,11.0,0.3011606597434331
26.0,2.0,29.0,0.3,0.1,0.8,4.0,1598.0,34.0,12.0,0.30100125156445556
26.0,2.0,30.0,0.3,0.1,0.8,4.0,1561.0,40.0,11.0,0.3023702754644459
26.0,2.0,31.0,0.3,0.1,0.8,4.0,1508.0,43.0,15.0,0.3057029177718833
26.0,2.0,32.0,0.3,0.1,0.8,4.0,1481.0,46.0,18.0,0.3058744091829845
26.0,2.0,33.0,0.3,0.1,0.8,4.0,1459.0,44.0,23.0,0.30637422892392047
26.0,2.0,34.0,0.3,0.1,0.8,4.0,1430.0,45.0,21.0,0.31258741258741257
26.0,2.0,35.0,0.3,0.1,0.8,4.0,1374.0,43.0,22.0,0.31222707423580787
26.0,2.0,36.0,0.3,0.1,0.8,4.0,1325.0,48.0,17.0,0.3177358490566038
26.0,2.0,37.0,0.3,0.1,0.8,4.0,1255.0,47.0,16.0,0.3219123505976096
26.0,2.0,38.0,0.3,0.1,0.8,4.0,1228.0,49.0,20.0,0.3257328990228013
26.0,2.0,39.0,0.3,0.1,0.8,4.0,1196.0,52.0,27.0,0.32441471571906355
26.0,2.0,40.0,0.3,0.1,0.8,4.0,1167.0,53.0,26.0,0.32476435304198803
26.0,2.0,41.0,0.3,0.1,0.8,4.0,1127.0,46.0,19.0,0.32919254658385094
26.0,2.0,42.0,0.3,0.1,0.8,4.0,1108.0,48.0,21.0,0.3303249097472924
26.0,2.0,43.0,0.3,0.1,0.8,4.0,1068.0,44.0,22.0,0.3342696629213483
26.0,2.0,44.0,0.3,0.1,0.8,4.0,1045.0,39.0,23.0,0.33588516746411484
26.0,2.0,45.0,0.3,0.1,0.8,4.0,1019.0,34.0,20.0,0.4916584887144259
26.0,2.0,46.0,0.3,0.1,0.8,4.0,985.0,33.0,18.0,0.5015228426395939
26.0,2.0,47.0,0.3,0.1,0.8,4.0,953.0,32.0,17.0,0.49842602308499473
26.0,2.0,48.0,0.3,0.1,0.8,4.0,933.0,27.0,12.0,0.5048231511254019
26.0,2.0,49.0,0.3,0.1,0.8,4.0,925.0,27.0,14.0,0.4983783783783784
26.0,2.0,50.0,0.3,0.1,0.8,4.0,915.0,26.0,15.0,0.507103825136612
26.0,2.0,51.0,0.3,0.1,0.8,4.0,901.0,27.0,15.0,0.5027746947835738
26.0,2.0,52.0,0.3,0.1,0.8,4.0,891.0,22.0,13.0,0.5084175084175084
26.0,3.0,1.0,0.3,0.1,0.8,4.0,879.0,18.0,12.0,0.5062571103526735
26.0,3.0,2.0,0.3,0.1,0.8,4.0,862.0,16.0,11.0,0.5150812064965197
26.0,3.0,3.0,0.3,0.1,0.8,4.0,849.0,16.0,7.0,0.5147232037691402
26.0,3.0,4.0,0.3,0.1,0.8,4.0,830.0,11.0,5.0,0.519277108433735
26.0,3.0,5.0,0.3,0.1,0.8,4.0,814.0,9.0,6.0,0.515970515970516
26.0,3.0,6.0,0.3,0.1,0.8,4.0,785.0,12.0,8.0,0.5248407643312102
26.0,3.0,7.0,0.3,0.1,0.8,4.0,788.0,10.0,5.0,0.5177664974619289
26.0,3.0,8.0,0.3,0.1,0.8,4.0,770.0,7.0,2.0,0.5285714285714286
26.0,3.0,9.0,0.3,0.1,0.8,4.0,746.0,7.0,4.0,0.5281501340482574
26.0,3.0,10.0,0.3,0.1,0.8,4.0,744.0,8.0,4.0,0.5309139784946236
26.0,3.0,11.0,0.3,0.1,0.8,4.0,741.0,7.0,5.0,0.5303643724696356
26.0,3.0,12.0,0.3,0.1,0.8,4.0,734.0,7.0,2.0,0.5326975476839237
26.0,3.0,13.0,0.3,0.1,0.8,4.0,727.0,7.0,2.0,0.530949105914718
26.0,3.0,14.0,0.3,0.1,0.8,4.0,722.0,6.0,2.0,0.5346260387811634
26.0,3.0,15.0,0.3,0.1,0.8,4.0,714.0,6.0,4.0,0.530812324929972
26.0,3.0,16.0,0.3,0.1,0.8,4.0,712.0,7.0,4.0,0.5294943820224719
26.0,3.0,17.0,0.3,0.1,0.8,4.0,700.0,5.0,4.0,0.5285714285714286
26.0,3.0,18.0,0.3,0.1,0.8,4.0,700.0,4.0,2.0,0.5314285714285715
26.0,3.0,19.0,0.3,0.1,0.8,4.0,696.0,5.0,2.0,0.5301724137931034
26.0,3.0,20.0,0.3,0.1,0.8,4.0,1250.0,5.0,1.0,0.2968
26.0,3.0,21.0,0.3,0.1,0.8,4.0,1230.0,6.0,3.0,0.2943089430894309
26.0,3.0,22.0,0.3,0.1,0.8,4.0,1216.0,14.0,4.0,0.29605263157894735
26.0,3.0,23.0,0.3,0.1,0.8,4.0,1188.0,15.0,3.0,0.2946127946127946
26.0,3.0,24.0,0.3,0.1,0.8,4.0,1141.0,16.0,6.0,0.3006134969325153
26.0,3.0,25.0,0.3,0.1,0.8,4.0,1132.0,21.0,8.0,0.299469964664311
26.0,3.0,26.0,0.3,0.1,0.8,4.0,1111.0,27.0,11.0,0.29972997299729975
26.0,3.0,27.0,0.3,0.1,0.8,4.0,1089.0,24.0,12.0,0.29935720844811753
26.0,3.0,28.0,0.3,0.1,0.8,4.0,1074.0,30.0,11.0,0.29981378026070765
26.0,3.0,29.0,0.3,0.1,0.8,4.0,1031.0,36.0,15.0,0.3006789524733269
26.0,3.0,30.0,0.3,0.1,0.8,4.0,1023.0,30.0,13.0,0.3069403714565005
26.0,3.0,31.0,0.3,0.1,0.8,4.0,1001.0,30.0,16.0,0.3066933066933067
26.0,3.0,32.0,0.3,0.1,0.8,4.0,976.0,32.0,14.0,0.3135245901639344
26.0,3.0,33.0,0.3,0.1,0.8,4.0,942.0,32.0,15.0,0.31210191082802546
26.0,3.0,34.0,0.3,0.1,0.8,4.0,924.0,33.0,18.0,0.31926406926406925
26.0,3.0,35.0,0.3,0.1,0.8,4.0,909.0,40.0,19.0,0.3201320132013201
26.0,3.0,36.0,0.3,0.1,0.8,4.0,895.0,34.0,19.0,0.32513966480446926
26.0,3.0,37.0,0.3,0.1,0.8,4.0,866.0,31.0,17.0,0.3233256351039261
26.0,3.0,38.0,0.3,0.1,0.8,4.0,833.0,34.0,16.0,0.3277310924369748
26.0,3.0,39.0,0.3,0.1,0.8,4.0,812.0,29.0,12.0,0.33004926108374383
26.0,3.0,40.0,0.3,0.1,0.8,4.0,802.0,23.0,9.0,0.3341645885286783
26.0,3.0,41.0,0.3,0.1,0.8,4.0,779.0,23.0,16.0,0.3363286264441592
26.0,3.0,42.0,0.3,0.1,0.8,4.0,765.0,24.0,13.0,0.33986928104575165
26.0,3.0,43.0,0.3,0.1,0.8,4.0,764.0,24.0,17.0,0.3403141361256545
26.0,3.0,44.0,0.3,0.1,0.8,4.0,746.0,21.0,13.0,0.3418230563002681
26.0,3.0,45.0,0.3,0.1,0.8,4.0,738.0,21.0,13.0,0.48644986449864497
26.0,3.0,46.0,0.3,0.1,0.8,4.0,710.0,17.0,8.0,0.4859154929577465
26.0,3.0,47.0,0.3,0.1,0.8,4.0,705.0,15.0,7.0,0.4950354609929078
26.0,3.0,48.0,0.3,0.1,0.8,4.0,683.0,18.0,9.0,0.5007320644216691
26.0,3.0,49.0,0.3,0.1,0.8,4.0,685.0,15.0,7.0,0.4992700729927007
26.0,3.0,50.0,0.3,0.1,0.8,4.0,673.0,15.0,7.0,0.5037147102526003
26.0,3.0,51.0,0.3,0.1,0.8,4.0,674.0,15.0,5.0,0.4940652818991098
26.0,3.0,52.0,0.3,0.1,0.8,4.0,655.0,13.0,6.0,0.5022900763358779
26.0,4.0,1.0,0.3,0.1,0.8,4.0,662.0,23.0,5.0,0.49395770392749244
26.0,4.0,2.0,0.3,0.1,0.8,4.0,641.0,15.0,7.0,0.5023400936037441
26.0,4.0,3.0,0.3,0.1,0.8,4.0,628.0,14.0,8.0,0.5031847133757962
26.0,4.0,4.0,0.3,0.1,0.8,4.0,632.0,14.0,11.0,0.5063291139240507
26.0,4.0,5.0,0.3,0.1,0.8,4.0,618.0,10.0,6.0,0.5097087378640777
26.0,4.0,6.0,0.3,0.1,0.8,4.0,616.0,8.0,4.0,0.5081168831168831
26.0,4.0,7.0,0.3,0.1,0.8,4.0,602.0,5.0,2.0,0.5083056478405316
26.0,4.0,8.0,0.3,0.1,0.8,4.0,608.0,5.0,3.0,0.5098684210526315
26.0,4.0,9.0,0.3,0.1,0.8,4.0,594.0,4.0,3.0,0.5117845117845118
26.0,4.0,10.0,0.3,0.1,0.8,4.0,594.0,4.0,2.0,0.5134680134680135
26.0,4.0,11.0,0.3,0.1,0.8,4.0,581.0,5.0,2.0,0.5163511187607573
26.0,4.0,12.0,0.3,0.1,0.8,4.0,586.0,4.0,1.0,0.515358361774744
26.0,4.0,13.0,0.3,0.1,0.8,4.0,579.0,4.0,1.0,0.5146804835924007
26.0,4.0,14.0,0.3,0.1,0.8,4.0,583.0,4.0,1.0,0.5145797598627787
26.0,4.0,15.0,0.3,0.1,0.8,4.0,572.0,4.0,1.0,0.5174825174825175
26.0,4.0,16.0,0.3,0.1,0.8,4.0,574.0,5.0,2.0,0.5156794425087108
26.0,4.0,17.0,0.3,0.1,0.8,4.0,565.0,4.0,3.0,0.5185840707964602
26.0,4.0,18.0,0.3,0.1,0.8,4.0,572.0,4.0,3.0,0.5157342657342657
26.0,4.0,19.0,0.3,0.1,0.8,4.0,563.0,3.0,3.0,0.5204262877442274
26.0,4.0,20.0,0.3,0.1,0.8,4.0,1035.0,1.0,1.0,0.28309178743961355
26.0,4.0,21.0,0.3,0.1,0.8,4.0,961.0,3.0,1.0,0.2892819979188345
26.0,4.0,22.0,0.3,0.1,0.8,4.0,966.0,4.0,0.0,0.2857142857142857
26.0,4.0,23.0,0.3,0.1,0.8,4.0,926.0,4.0,1.0,0.2958963282937365
26.0,4.0,24.0,0.3,0.1,0.8,4.0,910.0,4.0,1.0,0.289010989010989
26.0,4.0,25.0,0.3,0.1,0.8,4.0,897.0,4.0,3.0,0.2954292084726867
26.0,4.0,26.0,0.3,0.1,0.8,4.0,875.0,4.0,3.0,0.29714285714285715
26.0,4.0,27.0,0.3,0.1,0.8,4.0,803.0,4.0,3.0,0.298879202988792
26.0,4.0,28.0,0.3,0.1,0.8,4.0,793.0,3.0,1.0,0.29760403530895335
26.0,4.0,29.0,0.3,0.1,0.8,4.0,775.0,2.0,2.0,0.30193548387096775
26.0,4.0,30.0,0.3,0.1,0.8,4.0,759.0,4.0,2.0,0.3069828722002635
26.0,4.0,31.0,0.3,0.1,0.8,4.0,756.0,5.0,2.0,0.3055555555555556
26.0,4.0,32.0,0.3,0.1,0.8,4.0,748.0,3.0,1.0,0.31016042780748665
26.0,4.0,33.0,0.3,0.1,0.8,4.0,745.0,3.0,3.0,0.3087248322147651
26.0,4.0,34.0,0.3,0.1,0.8,4.0,731.0,6.0,3.0,0.31053351573187415
26.0,4.0,35.0,0.3,0.1,0.8,4.0,716.0,10.0,3.0,0.31564245810055863
26.0,4.0,36.0,0.3,0.1,0.8,4.0,708.0,9.0,1.0,0.3135593220338983
26.0,4.0,37.0,0.3,0.1,0.8,4.0,675.0,7.0,2.0,0.31555555555555553
26.0,4.0,38.0,0.3,0.1,0.8,4.0,661.0,7.0,1.0,0.3207261724659607
26.0,4.0,39.0,0.3,0.1,0.8,4.0,658.0,7.0,3.0,0.3191489361702128
26.0,4.0,40.0,0.3,0.1,0.8,4.0,656.0,6.0,3.0,0.3231707317073171
26.0,4.0,41.0,0.3,0.1,0.8,4.0,648.0,6.0,3.0,0.31790123456790126
26.0,4.0,42.0,0.3,0.1,0.8,4.0,651.0,5.0,2.0,0.31490015360983103
26.0,4.0,43.0,0.3,0.1,0.8,4.0,644.0,3.0,1.0,0.31832298136645965
26.0,4.0,44.0,0.3,0.1,0.8,4.0,642.0,3.0,1.0,0.3177570093457944
26.0,4.0,45.0,0.3,0.1,0.8,4.0,625.0,3.0,2.0,0.4576
26.0,4.0,46.0,0.3,0.1,0.8,4.0,611.0,2.0,1.0,0.4582651391162029
26.0,4.0,47.0,0.3,0.1,0.8,4.0,595.0,3.0,1.0,0.46050420168067224
26.0,4.0,48.0,0.3,0.1,0.8,4.0,602.0,3.0,1.0,0.4601328903654485
26.0,4.0,49.0,0.3,0.1,0.8,4.0,588.0,3.0,2.0,0.46258503401360546
26.0,4.0,50.0,0.3,0.1,0.8,4.0,585.0,4.0,3.0,0.4547008547008547
26.0,4.0,51.0,0.3,0.1,0.8,4.0,576.0,5.0,3.0,0.4583333333333333
26.0,4.0,52.0,0.3,0.1,0.8,4.0,581.0,4.0,2.0,0.45611015490533563
26.0,5.0,1.0,0.3,0.1,0.8,4.0,563.0,3.0,2.0,0.46003552397868563
26.0,5.0,2.0,0.3,0.1,0.8,4.0,571.0,3.0,1.0,0.45709281961471104
26.0,5.0,3.0,0.3,0.1,0.8,4.0,545.0,1.0,0.0,0.45504587155963305
26.0,5.0,4.0,0.3,0.1,0.8,4.0,553.0,1.0,1.0,0.45027124773960214
26.0,5.0,5.0,0.3,0.1,0.8,4.0,544.0,2.0,1.0,0.4577205882352941
26.0,5.0,6.0,0.3,0.1,0.8,4.0,549.0,2.0,1.0,0.4517304189435337
26.0,5.0,7.0,0.3,0.1,0.8,4.0,538.0,1.0,0.0,0.45353159851301117
26.0,5.0,8.0,0.3,0.1,0.8,4.0,542.0,1.0,0.0,0.45387453874538747
26.0,5.0,9.0,0.3,0.1,0.8,4.0,528.0,1.0,0.0,0.4564393939393939
26.0,5.0,10.0,0.3,0.1,0.8,4.0,537.0,1.0,0.0,0.45623836126629425
26.0,5.0,11.0,0.3,0.1,0.8,4.0,524.0,1.0,0.0,0.4599236641221374
26.0,5.0,12.0,0.3,0.1,0.8,4.0,531.0,1.0,0.0,0.455743879472693
26.0,5.0,13.0,0.3,0.1,0.8,4.0,521.0,1.0,0.0,0.46065259117082535
26.0,5.0,14.0,0.3,0.1,0.8,4.0,528.0,1.0,1.0,0.4583333333333333
26.0,5.0,15.0,0.3,0.1,0.8,4.0,512.0,1.0,1.0,0.45703125
26.0,5.0,16.0,0.3,0.1,0.8,4.0,523.0,1.0,1.0,0.45506692160611856
26.0,5.0,17.0,0.3,0.1,0.8,4.0,510.0,1.0,0.0,0.45294117647058824
26.0,5.0,18.0,0.3,0.1,0.8,4.0,508.0,1.0,0.0,0.4547244094488189
26.0,5.0,19.0,0.3,0.1,0.8,4.0,491.0,1.0,0.0,0.45824847250509165
26.0,5.0,20.0,0.3,0.1,0.8,4.0,924.0,1.0,1.0,0.24783549783549783
26.0,5.0,21.0,0.3,0.1,0.8,4.0,876.0,4.0,1.0,0.2534246575342466
26.0,5.0,22.0,0.3,0.1,0.8,4.0,896.0,5.0,1.0,0.25
26.0,5.0,23.0,0.3,0.1,0.8,4.0,832.0,4.0,1.0,0.25721153846153844
26.0,5.0,24.0,0.3,0.1,0.8,4.0,836.0,4.0,3.0,0.25239234449760767
26.0,5.0,25.0,0.3,0.1,0.8,4.0,815.0,10.0,3.0,0.2552147239263804
26.0,5.0,26.0,0.3,0.1,0.8,4.0,827.0,11.0,3.0,0.2503022974607013
26.0,5.0,27.0,0.3,0.1,0.8,4.0,777.0,11.0,2.0,0.2548262548262548
26.0,5.0,28.0,0.3,0.1,0.8,4.0,765.0,1.0,0.0,0.2549019607843137
26.0,5.0,29.0,0.3,0.1,0.8,4.0,739.0,1.0,0.0,0.2584573748308525
26.0,5.0,30.0,0.3,0.1,0.8,4.0,722.0,1.0,1.0,0.25069252077562326
26.0,5.0,31.0,0.3,0.1,0.8,4.0,683.0,1.0,1.0,0.26061493411420206
26.0,5.0,32.0,0.3,0.1,0.8,4.0,699.0,1.0,1.0,0.2532188841201717
26.0,5.0,33.0,0.3,0.1,0.8,4.0,672.0,0.0,0.0,0.25892857142857145
26.0,5.0,34.0,0.3,0.1,0.8,4.0,659.0,0.0,0.0,0.25796661608497723
26.0,5.0,35.0,0.3,0.1,0.8,4.0,628.0,0.0,0.0,0.25636942675159236
26.0,5.0,36.0,0.3,0.1,0.8,4.0,643.0,0.0,0.0,0.25038880248833595
26.0,5.0,37.0,0.3,0.1,0.8,4.0,594.0,0.0,0.0,0.25757575757575757
26.0,5.0,38.0,0.3,0.1,0.8,4.0,589.0,0.0,0.0,0.25806451612903225
26.0,5.0,39.0,0.3,0.1,0.8,4.0,544.0,0.0,0.0,0.2702205882352941
26.0,5.0,40.0,0.3,0.1,0.8,4.0,547.0,0.0,0.0,0.2687385740402194
26.0,5.0,41.0,0.3,0.1,0.8,4.0,539.0,0.0,0.0,0.2690166975881262
26.0,5.0,42.0,0.3,0.1,0.8,4.0,542.0,0.0,0.0,0.2656826568265683
26.0,5.0,43.0,0.3,0.1,0.8,4.0,530.0,0.0,0.0,0.2660377358490566
26.0,5.0,44.0,0.3,0.1,0.8,4.0,521.0,0.0,0.0,0.2687140115163148
26.0,5.0,45.0,0.3,0.1,0.8,4.0,511.0,0.0,0.0,0.43052837573385516
26.0,5.0,46.0,0.3,0.1,0.8,4.0,518.0,0.0,0.0,0.4305019305019305
26.0,5.0,47.0,0.3,0.1,0.8,4.0,507.0,0.0,0.0,0.4260355029585799
26.0,5.0,48.0,0.3,0.1,0.8,4.0,511.0,0.0,0.0,0.42857142857142855
26.0,5.0,49.0,0.3,0.1,0.8,4.0,487.0,0.0,0.0,0.4271047227926078
26.0,5.0,50.0,0.3,0.1,0.8,4.0,485.0,0.0,0.0,0.4288659793814433
26.0,5.0,51.0,0.3,0.1,0.8,4.0,476.0,0.0,0.0,0.4264705882352941
26.0,5.0,52.0,0.3,0.1,0.8,4.0,485.0,0.0,0.0,0.4288659793814433
26.0,6.0,1.0,0.3,0.1,0.8,4.0,473.0,0.0,0.0,0.427061310782241
26.0,6.0,2.0,0.3,0.1,0.8,4.0,468.0,0.0,0.0,0.42735042735042733
26.0,6.0,3.0,0.3,0.1,0.8,4.0,466.0,0.0,0.0,0.4291845493562232
26.0,6.0,4.0,0.3,0.1,0.8,4.0,463.0,0.0,0.0,0.42548596112311016
26.0,6.0,5.0,0.3,0.1,0.8,4.0,464.0,0.0,0.0,0.42887931034482757
26.0,6.0,6.0,0.3,0.1,0.8,4.0,457.0,0.0,0.0,0.4310722100656455
26.0,6.0,7.0,0.3,0.1,0.8,4.0,463.0,0.0,0.0,0.4298056155507559
26.0,6.0,8.0,0.3,0.1,0.8,4.0,456.0,0.0,0.0,0.4276315789473684
26.0,6.0,9.0,0.3,0.1,0.8,4.0,457.0,0.0,0.0,0.43982494529540483
26.0,6.0,10.0,0.3,0.1,0.8,4.0,455.0,0.0,0.0,0.432967032967033
26.0,6.0,11.0,0.3,0.1,0.8,4.0,453.0,0.0,0.0,0.4370860927152318
26.0,6.0,12.0,0.3,0.1,0.8,4.0,453.0,0.0,0.0,0.4326710816777042
26.0,6.0,13.0,0.3,0.1,0.8,4.0,449.0,0.0,0.0,0.43875278396436523
26.0,6.0,14.0,0.3,0.1,0.8,4.0,448.0,0.0,0.0,0.43526785714285715
26.0,6.0,15.0,0.3,0.1,0.8,4.0,438.0,0.0,0.0,0.4360730593607306
26.0,6.0,16.0,0.3,0.1,0.8,4.0,448.0,0.0,0.0,0.4330357142857143
26.0,6.0,17.0,0.3,0.1,0.8,4.0,437.0,0.0,0.0,0.43707093821510296
26.0,6.0,18.0,0.3,0.1,0.8,4.0,448.0,0.0,0.0,0.4330357142857143
26.0,6.0,19.0,0.3,0.1,0.8,4.0,434.0,0.0,0.0,0.4377880184331797
26.0,6.0,20.0,0.3,0.1,0.8,4.0,791.0,0.0,0.0,0.24399494310998734
26.0,6.0,21.0,0.3,0.1,0.8,4.0,783.0,0.0,0.0,0.24265644955300128
26.0,6.0,22.0,0.3,0.1,0.8,4.0,756.0,0.0,0.0,0.24603174603174602
26.0,6.0,23.0,0.3,0.1,0.8,4.0,759.0,0.0,0.0,0.23978919631093545
26.0,6.0,24.0,0.3,0.1,0.8,4.0,713.0,0.0,0.0,0.24544179523141654
26.0,6.0,25.0,0.3,0.1,0.8,4.0,710.0,0.0,0.0,0.2380281690140845
26.0,6.0,26.0,0.3,0.1,0.8,4.0,711.0,0.0,0.0,0.24050632911392406
26.0,6.0,27.0,0.3,0.1,0.8,4.0,688.0,0.0,0.0,0.24127906976744187
26.0,6.0,28.0,0.3,0.1,0.8,4.0,671.0,0.0,0.0,0.2429210134128167
26.0,6.0,29.0,0.3,0.1,0.8,4.0,654.0,0.0,0.0,0.23853211009174313
26.0,6.0,30.0,0.3,0.1,0.8,4.0,640.0,0.0,0.0,0.24375
26.0,6.0,31.0,0.3,0.1,0.8,4.0,651.0,0.0,0.0,0.23963133640552994
26.0,6.0,32.0,0.3,0.1,0.8,4.0,623.0,0.0,0.0,0.24077046548956663
26.0,6.0,33.0,0.3,0.1,0.8,4.0,615.0,0.0,0.0,0.23902439024390243
26.0,6.0,34.0,0.3,0.1,0.8,4.0,591.0,0.0,0.0,0.2470389170896785
26.0,6.0,35.0,0.3,0.1,0.8,4.0,593.0,0.0,0.0,0.24451939291736932
26.0,6.0,36.0,0.3,0.1,0.8,4.0,585.0,0.0,0.0,0.24615384615384617
26.0,6.0,37.0,0.3,0.1,0.8,4.0,583.0,0.0,0.0,0.24356775300171526
26.0,6.0,38.0,0.3,0.1,0.8,4.0,576.0,0.0,0.0,0.24479166666666666
26.0,6.0,39.0,0.3,0.1,0.8,4.0,548.0,0.0,0.0,0.2354014598540146
26.0,6.0,40.0,0.3,0.1,0.8,4.0,526.0,0.0,0.0,0.24334600760456274
26.0,6.0,41.0,0.3,0.1,0.8,4.0,510.0,0.0,0.0,0.24509803921568626
26.0,6.0,42.0,0.3,0.1,0.8,4.0,513.0,0.0,0.0,0.2475633528265107
26.0,6.0,43.0,0.3,0.1,0.8,4.0,498.0,0.0,0.0,0.24899598393574296
26.0,6.0,44.0,0.3,0.1,0.8,4.0,501.0,0.0,0.0,0.25149700598802394
26.0,6.0,45.0,0.3,0.1,0.8,4.0,484.0,0.0,0.0,0.41115702479338845
26.0,6.0,46.0,0.3,0.1,0.8,4.0,486.0,0.0,0.0,0.4094650205761317
26.0,6.0,47.0,0.3,0.1,0.8,4.0,483.0,0.0,0.0,0.40993788819875776
26.0,6.0,48.0,0.3,0.1,0.8,4.0,485.0,0.0,0.0,0.40824742268041236
26.0,6.0,49.0,0.3,0.1,0.8,4.0,475.0,0.0,0.0,0.4063157894736842
26.0,6.0,50.0,0.3,0.1,0.8,4.0,483.0,0.0,0.0,0.40993788819875776
26.0,6.0,51.0,0.3,0.1,0.8,4.0,473.0,0.0,0.0,0.4080338266384778
26.0,6.0,52.0,0.3,0.1,0.8,4.0,482.0,0.0,0.0,0.4045643153526971
26.0,7.0,1.0,0.3,0.1,0.8,4.0,471.0,0.0,0.0,0.40976645435244163
26.0,7.0,2.0,0.3,0.1,0.8,4.0,470.0,0.0,0.0,0.40425531914893614
26.0,7.0,3.0,0.3,0.1,0.8,4.0,452.0,0.0,0.0,0.41150442477876104
26.0,7.0,4.0,0.3,0.1,0.8,4.0,449.0,0.0,0.0,0.40311804008908686
26.0,7.0,5.0,0.3,0.1,0.8,4.0,451.0,0.0,0.0,0.41019955654101997
26.0,7.0,6.0,0.3,0.1,0.8,4.0,447.0,0.0,0.0,0.40492170022371365
26.0,7.0,7.0,0.3,0.1,0.8,4.0,448.0,0.0,0.0,0.40848214285714285
26.0,7.0,8.0,0.3,0.1,0.8,4.0,445.0,0.0,0.0,0.4067415730337079
26.0,7.0,9.0,0.3,0.1,0.8,4.0,444.0,0.0,0.0,0.41216216216216217
26.0,7.0,10.0,0.3,0.1,0.8,4.0,435.0,0.0,0.0,0.4160919540229885
26.0,7.0,11.0,0.3,0.1,0.8,4.0,437.0,0.0,0.0,0.42105263157894735
26.0,7.0,12.0,0.3,0.1,0.8,4.0,424.0,0.0,0.0,0.4056603773584906
26.0,7.0,13.0,0.3,0.1,0.8,4.0,424.0,0.0,0.0,0.41037735849056606
26.0,7.0,14.0,0.3,0.1,0.8,4.0,424.0,0.0,0.0,0.4056603773584906
26.0,7.0,15.0,0.3,0.1,0.8,4.0,426.0,0.0,0.0,0.4107981220657277
26.0,7.0,16.0,0.3,0.1,0.8,4.0,423.0,0.0,0.0,0.40425531914893614
26.0,7.0,17.0,0.3,0.1,0.8,4.0,412.0,0.0,0.0,0.41504854368932037
26.0,7.0,18.0,0.3,0.1,0.8,4.0,410.0,0.0,0.0,0.4073170731707317
26.0,7.0,19.0,0.3,0.1,0.8,4.0,399.0,0.0,0.0,0.41102756892230574
26.0,7.0,20.0,0.3,0.1,0.8,4.0,736.0,0.0,0.0,0.22010869565217392
26.0,7.0,21.0,0.3,0.1,0.8,4.0,717.0,0.0,0.0,0.22594142259414227
26.0,7.0,22.0,0.3,0.1,0.8,4.0,695.0,0.0,0.0,0.218705035971223
26.0,7.0,23.0,0.3,0.1,0.8,4.0,703.0,0.0,0.0,0.22475106685633
26.0,7.0,24.0,0.3,0.1,0.8,4.0,672.0,0.0,0.0,0.22767857142857142
26.0,7.0,25.0,0.3,0.1,0.8,4.0,662.0,0.0,0.0,0.23564954682779457
26.0,7.0,26.0,0.3,0.1,0.8,4.0,635.0,0.0,0.0,0.22992125984251968
26.0,7.0,27.0,0.3,0.1,0.8,4.0,593.0,0.0,0.0,0.23777403035413153
26.0,7.0,28.0,0.3,0.1,0.8,4.0,572.0,0.0,0.0,0.24475524475524477
26.0,7.0,29.0,0.3,0.1,0.8,4.0,568.0,0.0,0.0,0.24647887323943662
26.0,7.0,30.0,0.3,0.1,0.8,4.0,543.0,0.0,0.0,0.2504604051565378
26.0,7.0,31.0,0.3,0.1,0.8,4.0,530.0,0.0,0.0,0.2490566037735849
26.0,7.0,32.0,0.3,0.1,0.8,4.0,522.0,0.0,0.0,0.2471264367816092
26.0,7.0,33.0,0.3,0.1,0.8,4.0,525.0,0.0,0.0,0.2438095238095238
26.0,7.0,34.0,0.3,0.1,0.8,4.0,516.0,0.0,0.0,0.24806201550387597
26.0,7.0,35.0,0.3,0.1,0.8,4.0,501.0,0.0,0.0,0.24550898203592814
26.0,7.0,36.0,0.3,0.1,0.8,4.0,484.0,0.0,0.0,0.24586776859504134
26.0,7.0,37.0,0.3,0.1,0.8,4.0,500.0,0.0,0.0,0.246
26.0,7.0,38.0,0.3,0.1,0.8,4.0,485.0,0.0,0.0,0.24742268041237114
26.0,7.0,39.0,0.3,0.1,0.8,4.0,498.0,0.0,0.0,0.2469879518072289
26.0,7.0,40.0,0.3,0.1,0.8,4.0,473.0,0.0,0.0,0.24947145877378435
26.0,7.0,41.0,0.3,0.1,0.8,4.0,483.0,0.0,0.0,0.2443064182194617
26.0,7.0,42.0,0.3,0.1,0.8,4.0,470.0,0.0,0.0,0.24893617021276596
26.0,7.0,43.0,0.3,0.1,0.8,4.0,484.0,0.0,0.0,0.24380165289256198
26.0,7.0,44.0,0.3,0.1,0.8,4.0,467.0,0.0,0.0,0.24839400428265523
26.0,7.0,45.0,0.3,0.1,0.8,4.0,484.0,0.0,0.0,0.42768595041322316
26.0,7.0,46.0,0.3,0.1,0.8,4.0,462.0,0.0,0.0,0.4329004329004329
26.0,7.0,47.0,0.3,0.1,0.8,4.0,467.0,0.0,0.0,0.430406852248394
26.0,7.0,48.0,0.3,0.1,0.8,4.0,463.0,0.0,0.0,0.43412526997840173
26.0,7.0,49.0,0.3,0.1,0.8,4.0,467.0,0.0,0.0,0.430406852248394
26.0,7.0,50.0,0.3,0.1,0.8,4.0,463.0,0.0,0.0,0.43412526997840173
26.0,7.0,51.0,0.3,0.1,0.8,4.0,466.0,0.0,0.0,0.4291845493562232
26.0,7.0,52.0,0.3,0.1,0.8,4.0,461.0,0.0,0.0,0.43383947939262474
26.0,8.0,1.0,0.3,0.1,0.8,4.0,463.0,0.0,0.0,0.42764578833693306
26.0,8.0,2.0,0.3,0.1,0.8,4.0,462.0,0.0,0.0,0.43506493506493504
26.0,8.0,3.0,0.3,0.1,0.8,4.0,464.0,0.0,0.0,0.43103448275862066
26.0,8.0,4.0,0.3,0.1,0.8,4.0,448.0,0.0,0.0,0.43973214285714285
26.0,8.0,5.0,0.3,0.1,0.8,4.0,453.0,0.0,0.0,0.4370860927152318
26.0,8.0,6.0,0.3,0.1,0.8,4.0,447.0,0.0,0.0,0.43847874720357943
26.0,8.0,7.0,0.3,0.1,0.8,4.0,453.0,0.0,0.0,0.434878587196468
26.0,8.0,8.0,0.3,0.1,0.8,4.0,443.0,0.0,0.0,0.4401805869074492
26.0,8.0,9.0,0.3,0.1,0.8,4.0,438.0,0.0,0.0,0.4337899543378995
26.0,8.0,10.0,0.3,0.1,0.8,4.0,427.0,0.0,0.0,0.44028103044496486
26.0,8.0,11.0,0.3,0.1,0.8,4.0,436.0,0.0,0.0,0.43577981651376146
26.0,8.0,12.0,0.3,0.1,0.8,4.0,429.0,0.0,0.0,0.4382284382284382
26.0,8.0,13.0,0.3,0.1,0.8,4.0,433.0,0.0,0.0,0.43648960739030024
26.0,8.0,14.0,0.3,0.1,0.8,4.0,427.0,0.0,0.0,0.4379391100702576
26.0,8.0,15.0,0.3,0.1,0.8,4.0,433.0,0.0,0.0,0.4387990762124711
26.0,8.0,16.0,0.3,0.1,0.8,4.0,430.0,0.0,0.0,0.43488372093023253
26.0,8.0,17.0,0.3,0.1,0.8,4.0,433.0,0.0,0.0,0.43648960739030024
26.0,8.0,18.0,0.3,0.1,0.8,4.0,430.0,0.0,0.0,0.4372093023255814
26.0,8.0,19.0,0.3,0.1,0.8,4.0,431.0,0.0,0.0,0.4385150812064965
26.0,8.0,20.0,0.3,0.1,0.8,4.0,768.0,0.0,0.0,0.24479166666666666
26.0,8.0,21.0,0.3,0.1,0.8,4.0,746.0,0.0,0.0,0.24932975871313673
26.0,8.0,22.0,0.3,0.1,0.8,4.0,718.0,0.0,0.0,0.2479108635097493
26.0,8.0,23.0,0.3,0.1,0.8,4.0,698.0,0.0,0.0,0.25644699140401145
26.0,8.0,24.0,0.3,0.1,0.8,4.0,698.0,0.0,0.0,0.2521489971346705
26.0,8.0,25.0,0.3,0.1,0.8,4.0,690.0,0.0,0.0,0.2579710144927536
26.0,8.0,26.0,0.3,0.1,0.8,4.0,686.0,0.0,0.0,0.2536443148688047
26.0,8.0,27.0,0.3,0.1,0.8,4.0,672.0,0.0,0.0,0.2604166666666667
26.0,8.0,28.0,0.3,0.1,0.8,4.0,672.0,0.0,0.0,0.25297619047619047
26.0,8.0,29.0,0.3,0.1,0.8,4.0,663.0,0.0,0.0,0.26395173453996984
26.0,8.0,30.0,0.3,0.1,0.8,4.0,652.0,0.0,0.0,0.254601226993865
26.0,8.0,31.0,0.3,0.1,0.8,4.0,633.0,0.0,0.0,0.26066350710900477
26.0,8.0,32.0,0.3,0.1,0.8,4.0,634.0,0.0,0.0,0.25236593059936907
26.0,8.0,33.0,0.3,0.1,0.8,4.0,625.0,0.0,0.0,0.2656
26.0,8.0,34.0,0.3,0.1,0.8,4.0,621.0,0.0,0.0,0.2576489533011272
26.0,8.0,35.0,0.3,0.1,0.8,4.0,614.0,0.0,0.0,0.2671009771986971
26.0,8.0,36.0,0.3,0.1,0.8,4.0,574.0,0.0,0.0,0.2665505226480836
26.0,8.0,37.0,0.3,0.1,0.8,4.0,596.0,0.0,0.0,0.26677852348993286
26.0,8.0,38.0,0.3,0.1,0.8,4.0,566.0,0.0,0.0,0.27208480565371024
26.0,8.0,39.0,0.3,0.1,0.8,4.0,583.0,0.0,0.0,0.2692967409948542
26.0,8.0,40.0,0.3,0.1,0.8,4.0,565.0,0.0,0.0,0.27079646017699116
26.0,8.0,41.0,0.3,0.1,0.8,4.0,579.0,0.0,0.0,0.2711571675302245
26.0,8.0,42.0,0.3,0.1,0.8,4.0,554.0,0.0,0.0,0.2743682310469314
26.0,8.0,43.0,0.3,0.1,0.8,4.0,574.0,0.0,0.0,0.2735191637630662
26.0,8.0,44.0,0.3,0.1,0.8,4.0,555.0,0.0,0.0,0.27207207207207207
26.0,8.0,45.0,0.3,0.1,0.8,4.0,562.0,0.0,0.0,0.4412811387900356
26.0,8.0,46.0,0.3,0.1,0.8,4.0,528.0,0.0,0.0,0.4431818181818182
26.0,8.0,47.0,0.3,0.1,0.8,4.0,539.0,0.0,0.0,0.4397031539888683
26.0,8.0,48.0,0.3,0.1,0.8,4.0,518.0,0.0,0.0,0.4420849420849421
26.0,8.0,49.0,0.3,0.1,0.8,4.0,532.0,0.0,0.0,0.4398496240601504
26.0,8.0,50.0,0.3,0.1,0.8,4.0,519.0,0.0,0.0,0.4373795761078998
26.0,8.0,51.0,0.3,0.1,0.8,4.0,530.0,0.0,0.0,0.439622641509434
26.0,8.0,52.0,0.3,0.1,0.8,4.0,520.0,0.0,0.0,0.43846153846153846
26.0,9.0,1.0,0.3,0.1,0.8,4.0,527.0,0.0,0.0,0.44212523719165087
26.0,9.0,2.0,0.3,0.1,0.8,4.0,519.0,0.0,0.0,0.441233140655106
26.0,9.0,3.0,0.3,0.1,0.8,4.0,524.0,0.0,0.0,0.44274809160305345
26.0,9.0,4.0,0.3,0.1,0.8,4.0,518.0,0.0,0.0,0.4420849420849421
26.0,9.0,5.0,0.3,0.1,0.8,4.0,526.0,0.0,0.0,0.4429657794676806
26.0,9.0,6.0,0.3,0.1,0.8,4.0,518.0,0.0,0.0,0.4420849420849421
26.0,9.0,7.0,0.3,0.1,0.8,4.0,523.0,0.0,0.0,0.4397705544933078
26.0,9.0,8.0,0.3,0.1,0.8,4.0,518.0,0.0,0.0,0.4420849420849421
26.0,9.0,9.0,0.3,0.1,0.8,4.0,520.0,0.0,0.0,0.4442307692307692
26.0,9.0,10.0,0.3,0.1,0.8,4.0,504.0,0.0,0.0,0.4503968253968254
26.0,9.0,11.0,0.3,0.1,0.8,4.0,514.0,0.0,0.0,0.4474708171206226
26.0,9.0,12.0,0.3,0.1,0.8,4.0,503.0,0.0,0.0,0.4532803180914513
26.0,9.0,13.0,0.3,0.1,0.8,4.0,510.0,0.0,0.0,0.45294117647058824
26.0,9.0,14.0,0.3,0.1,0.8,4.0,506.0,0.0,0.0,0.4505928853754941
26.0,9.0,15.0,0.3,0.1,0.8,4.0,510.0,0.0,0.0,0.45294117647058824
26.0,9.0,16.0,0.3,0.1,0.8,4.0,502.0,0.0,0.0,0.450199203187251
26.0,9.0,17.0,0.3,0.1,0.8,4.0,510.0,0.0,0.0,0.4549019607843137
26.0,9.0,18.0,0.3,0.1,0.8,4.0,502.0,0.0,0.0,0.45219123505976094
26.0,9.0,19.0,0.3,0.1,0.8,4.0,510.0,0.0,0.0,0.4549019607843137
26.0,9.0,20.0,0.3,0.1,0.8,4.0,908.0,0.0,0.0,0.24118942731277532
26.0,9.0,21.0,0.3,0.1,0.8,4.0,887.0,0.0,0.0,0.2491544532130778
26.0,9.0,22.0,0.3,0.1,0.8,4.0,840.0,0.0,0.0,0.24761904761904763
26.0,9.0,23.0,0.3,0.1,0.8,4.0,823.0,0.0,0.0,0.25394896719319565
26.0,9.0,24.0,0.3,0.1,0.8,4.0,825.0,0.0,0.0,0.24727272727272728
26.0,9.0,25.0,0.3,0.1,0.8,4.0,826.0,0.0,0.0,0.25302663438256656
26.0,9.0,26.0,0.3,0.1,0.8,4.0,779.0,0.0,0.0,0.251604621309371
26.0,9.0,27.0,0.3,0.1,0.8,4.0,765.0,0.0,0.0,0.25359477124183005
26.0,9.0,28.0,0.3,0.1,0.8,4.0,755.0,0.0,0.0,0.25165562913907286
26.0,9.0,29.0,0.3,0.1,0.8,4.0,760.0,0.0,0.0,0.2565789473684211
26.0,9.0,30.0,0.3,0.1,0.8,4.0,713.0,0.0,0.0,0.25245441795231416
26.0,9.0,31.0,0.3,0.1,0.8,4.0,722.0,0.0,0.0,0.25761772853185594
26.0,9.0,32.0,0.3,0.1,0.8,4.0,678.0,0.0,0.0,0.25958702064896755
26.0,9.0,33.0,0.3,0.1,0.8,4.0,680.0,0.0,0.0,0.2661764705882353
26.0,9.0,34.0,0.3,0.1,0.8,4.0,661.0,0.0,0.0,0.264750378214826
26.0,9.0,35.0,0.3,0.1,0.8,4.0,669.0,0.0,0.0,0.2705530642750374
26.0,9.0,36.0,0.3,0.1,0.8,4.0,631.0,0.0,0.0,0.2662440570522979
26.0,9.0,37.0,0.3,0.1,0.8,4.0,634.0,0.0,0.0,0.27287066246056785
26.0,9.0,38.0,0.3,0.1,0.8,4.0,608.0,0.0,0.0,0.26973684210526316
26.0,9.0,39.0,0.3,0.1,0.8,4.0,608.0,0.0,0.0,0.2746710526315789
26.0,9.0,40.0,0.3,0.1,0.8,4.0,592.0,0.0,0.0,0.27533783783783783
26.0,9.0,41.0,0.3,0.1,0.8,4.0,602.0,0.0,0.0,0.27408637873754155
26.0,9.0,42.0,0.3,0.1,0.8,4.0,589.0,0.0,0.0,0.2767402376910017
26.0,9.0,43.0,0.3,0.1,0.8,4.0,590.0,0.0,0.0,0.27796610169491526
26.0,9.0,44.0,0.3,0.1,0.8,4.0,589.0,0.0,0.0,0.27504244482173174
26.0,9.0,45.0,0.3,0.1,0.8,4.0,590.0,0.0,0.0,0.45932203389830506
26.0,9.0,46.0,0.3,0.1,0.8,4.0,580.0,0.0,0.0,0.46379310344827585
26.0,9.0,47.0,0.3,0.1,0.8,4.0,584.0,0.0,0.0,0.4571917808219178
26.0,9.0,48.0,0.3,0.1,0.8,4.0,554.0,0.0,0.0,0.463898916967509
26.0,9.0,49.0,0.3,0.1,0.8,4.0,561.0,0.0,0.0,0.45276292335115864
26.0,9.0,50.0,0.3,0.1,0.8,4.0,555.0,0.0,0.0,0.46126126126126127
26.0,9.0,51.0,0.3,0.1,0.8,4.0,568.0,0.0,0.0,0.45422535211267606
26.0,9.0,52.0,0.3,0.1,0.8,4.0,559.0,0.0,0.0,0.4561717352415027
26.0,10.0,1.0,0.3,0.1,0.8,4.0,565.0,0.0,0.0,0.45309734513274336
26.0,10.0,2.0,0.3,0.1,0.8,4.0,557.0,0.0,0.0,0.45960502692998206
26.0,10.0,3.0,0.3,0.1,0.8,4.0,565.0,0.0,0.0,0.45663716814159294
26.0,10.0,4.0,0.3,0.1,0.8,4.0,554.0,0.0,0.0,0.4602888086642599
26.0,10.0,5.0,0.3,0.1,0.8,4.0,566.0,0.0,0.0,0.4575971731448763
26.0,10.0,6.0,0.3,0.1,0.8,4.0,553.0,0.0,0.0,0.46112115732368897
26.0,10.0,7.0,0.3,0.1,0.8,4.0,563.0,0.0,0.0,0.4564831261101243
26.0,10.0,8.0,0.3,0.1,0.8,4.0,551.0,0.0,0.0,0.46098003629764067
26.0,10.0,9.0,0.3,0.1,0.8,4.0,558.0,0.0,0.0,0.46236559139784944
26.0,10.0,10.0,0.3,0.1,0.8,4.0,544.0,0.0,0.0,0.4632352941176471
26.0,10.0,11.0,0.3,0.1,0.8,4.0,553.0,0.0,0.0,0.46835443037974683
26.0,10.0,12.0,0.3,0.1,0.8,4.0,542.0,0.0,0.0,0.466789667896679
26.0,10.0,13.0,0.3,0.1,0.8,4.0,549.0,0.0,0.0,0.4681238615664845
26.0,10.0,14.0,0.3,0.1,0.8,4.0,539.0,0.0,0.0,0.46382189239332094
26.0,10.0,15.0,0.3,0.1,0.8,4.0,540.0,0.0,0.0,0.4722222222222222
26.0,10.0,16.0,0.3,0.1,0.8,4.0,521.0,0.0,0.0,0.4740882917466411
26.0,10.0,17.0,0.3,0.1,0.8,4.0,525.0,0.0,0.0,0.4742857142857143
26.0,10.0,18.0,0.3,0.1,0.8,4.0,520.0,0.0,0.0,0.47115384615384615
26.0,10.0,19.0,0.3,0.1,0.8,4.0,523.0,0.0,0.0,0.47418738049713194
26.0,10.0,20.0,0.3,0.1,0.8,4.0,888.0,0.0,0.0,0.26576576576576577
26.0,10.0,21.0,0.3,0.1,0.8,4.0,901.0,0.0,0.0,0.2641509433962264
26.0,10.0,22.0,0.3,0.1,0.8,4.0,856.0,0.0,0.0,0.2651869158878505
26.0,10.0,23.0,0.3,0.1,0.8,4.0,853.0,0.0,0.0,0.2672919109026964
26.0,10.0,24.0,0.3,0.1,0.8,4.0,846.0,0.0,0.0,0.2647754137115839
26.0,10.0,25.0,0.3,0.1,0.8,4.0,835.0,0.0,0.0,0.27065868263473053
26.0,10.0,26.0,0.3,0.1,0.8,4.0,818.0,0.0,0.0,0.27383863080684595
26.0,10.0,27.0,0.3,0.1,0.8,4.0,817.0,0.0,0.0,0.2717258261933905
26.0,10.0,28.0,0.3,0.1,0.8,4.0,763.0,0.0,0.0,0.2817824377457405
26.0,10.0,29.0,0.3,0.1,0.8,4.0,772.0,0.0,0.0,0.27979274611398963
26.0,10.0,30.0,0.3,0.1,0.8,4.0,749.0,0.0,0.0,0.27770360480640854
26.0,10.0,31.0,0.3,0.1,0.8,4.0,761.0,0.0,0.0,0.278580814717477
26.0,10.0,32.0,0.3,0.1,0.8,4.0,758.0,0.0,0.0,0.2757255936675462
26.0,10.0,33.0,0.3,0.1,0.8,4.0,756.0,0.0,0.0,0.2777777777777778
26.0,10.0,34.0,0.3,0.1,0.8,4.0,748.0,0.0,0.0,0.2767379679144385
26.0,10.0,35.0,0.3,0.1,0.8,4.0,732.0,0.0,0.0,0.28005464480874315
26.0,10.0,36.0,0.3,0.1,0.8,4.0,726.0,0.0,0.0,0.27548209366391185
26.0,10.0,37.0,0.3,0.1,0.8,4.0,690.0,0.0,0.0,0.2826086956521739
26.0,10.0,38.0,0.3,0.1,0.8,4.0,709.0,0.0,0.0,0.2820874471086037
26.0,10.0,39.0,0.3,0.1,0.8,4.0,688.0,0.0,0.0,0.2805232558139535
26.0,10.0,40.0,0.3,0.1,0.8,4.0,686.0,0.0,0.0,0.28425655976676384
26.0,10.0,41.0,0.3,0.1,0.8,4.0,676.0,0.0,0.0,0.28254437869822485
26.0,10.0,42.0,0.3,0.1,0.8,4.0,660.0,0.0,0.0,0.28939393939393937
26.0,10.0,43.0,0.3,0.1,0.8,4.0,644.0,0.0,0.0,0.2826086956521739
26.0,10.0,44.0,0.3,0.1,0.8,4.0,653.0,0.0,0.0,0.2833078101071976
26.0,10.0,45.0,0.3,0.1,0.8,4.0,647.0,0.0,0.0,0.43431221020092736
26.0,10.0,46.0,0.3,0.1,0.8,4.0,652.0,0.0,0.0,0.4340490797546012
26.0,10.0,47.0,0.3,0.1,0.8,4.0,645.0,0.0,0.0,0.4356589147286822
26.0,10.0,48.0,0.3,0.1,0.8,4.0,647.0,0.0,0.0,0.43585780525502316
26.0,10.0,49.0,0.3,0.1,0.8,4.0,627.0,0.0,0.0,0.43859649122807015
26.0,10.0,50.0,0.3,0.1,0.8,4.0,639.0,0.0,0.0,0.4381846635367762
26.0,10.0,51.0,0.3,0.1,0.8,4.0,636.0,0.0,0.0,0.44025157232704404
26.0,10.0,52.0,0.3,0.1,0.8,4.0,635.0,0.0,0.0,0.43622047244094486
27.0,1.0,1.0,0.3,0.1,0.8,4.0,5140.0,51.0,8.0,0.2891050583657588
27.0,1.0,2.0,0.3,0.1,0.8,4.0,5107.0,61.0,20.0,0.2876444096338359
27.0,1.0,3.0,0.3,0.1,0.8,4.0,5030.0,72.0,36.0,0.28926441351888665
27.0,1.0,4.0,0.3,0.1,0.8,4.0,5015.0,79.0,43.0,0.292123629112662
27.0,1.0,5.0,0.3,0.1,0.8,4.0,4996.0,100.0,46.0,0.2930344275420336
27.0,1.0,6.0,0.3,0.1,0.8,4.0,4875.0,104.0,43.0,0.2990769230769231
27.0,1.0,7.0,0.3,0.1,0.8,4.0,4739.0,106.0,36.0,0.30111837940493774
27.0,1.0,8.0,0.3,0.1,0.8,4.0,4621.0,117.0,44.0,0.30383033975330015
27.0,1.0,9.0,0.3,0.1,0.8,4.0,4466.0,143.0,49.0,0.30429914912673534
27.0,1.0,10.0,0.3,0.1,0.8,4.0,4337.0,167.0,72.0,0.3062024440857736
27.0,1.0,11.0,0.3,0.1,0.8,4.0,4221.0,177.0,69.0,0.3082208007581142
27.0,1.0,12.0,0.3,0.1,0.8,4.0,4100.0,172.0,94.0,0.3102439024390244
27.0,1.0,13.0,0.3,0.1,0.8,4.0,3985.0,180.0,84.0,0.31191969887076537
27.0,1.0,14.0,0.3,0.1,0.8,4.0,3873.0,192.0,85.0,0.3139684998709011
27.0,1.0,15.0,0.3,0.1,0.8,4.0,3710.0,161.0,67.0,0.3177897574123989
27.0,1.0,16.0,0.3,0.1,0.8,4.0,3599.0,159.0,70.0,0.32036676854681856
27.0,1.0,17.0,0.3,0.1,0.8,4.0,3532.0,167.0,79.0,0.3213476783691959
27.0,1.0,18.0,0.3,0.1,0.8,4.0,3342.0,161.0,78.0,0.3249551166965889
27.0,1.0,19.0,0.3,0.1,0.8,4.0,3264.0,171.0,78.0,0.32598039215686275
27.0,1.0,20.0,0.3,0.1,0.8,4.0,6036.0,166.0,78.0,0.1749502982107356
27.0,1.0,21.0,0.3,0.1,0.8,4.0,5752.0,230.0,75.0,0.17524339360222532
27.0,1.0,22.0,0.3,0.1,0.8,4.0,5408.0,269.0,79.0,0.17954881656804733
27.0,1.0,23.0,0.3,0.1,0.8,4.0,5104.0,296.0,103.0,0.18377742946708464
27.0,1.0,24.0,0.3,0.1,0.8,4.0,4893.0,311.0,136.0,0.18761496014714898
27.0,1.0,25.0,0.3,0.1,0.8,4.0,4624.0,331.0,160.0,0.19269031141868512
27.0,1.0,26.0,0.3,0.1,0.8,4.0,4427.0,358.0,153.0,0.19561779986446803
27.0,1.0,27.0,0.3,0.1,0.8,4.0,4235.0,370.0,146.0,0.20094451003541913
27.0,1.0,28.0,0.3,0.1,0.8,4.0,4004.0,369.0,151.0,0.20529470529470528
27.0,1.0,29.0,0.3,0.1,0.8,4.0,3817.0,373.0,166.0,0.21037463976945245
27.0,1.0,30.0,0.3,0.1,0.8,4.0,3612.0,364.0,166.0,0.2159468438538206
27.0,1.0,31.0,0.3,0.1,0.8,4.0,3479.0,356.0,152.0,0.22075308996838172
27.0,1.0,32.0,0.3,0.1,0.8,4.0,3322.0,340.0,155.0,0.2254665863937387
27.0,1.0,33.0,0.3,0.1,0.8,4.0,3190.0,345.0,167.0,0.22978056426332288
27.0,1.0,34.0,0.3,0.1,0.8,4.0,3002.0,333.0,161.0,0.23550966022651565
27.0,1.0,35.0,0.3,0.1,0.8,4.0,2918.0,326.0,166.0,0.23886223440712817
27.0,1.0,36.0,0.3,0.1,0.8,4.0,2782.0,296.0,156.0,0.24550682961897916
27.0,1.0,37.0,0.3,0.1,0.8,4.0,2701.0,277.0,156.0,0.2502776749352092
27.0,1.0,38.0,0.3,0.1,0.8,4.0,2583.0,244.0,141.0,0.25745257452574527
27.0,1.0,39.0,0.3,0.1,0.8,4.0,2458.0,221.0,125.0,0.2644426362896664
27.0,1.0,40.0,0.3,0.1,0.8,4.0,2334.0,195.0,103.0,0.2746358183376178
27.0,1.0,41.0,0.3,0.1,0.8,4.0,2224.0,179.0,94.0,0.2841726618705036
27.0,1.0,42.0,0.3,0.1,0.8,4.0,2134.0,157.0,76.0,0.2933458294283037
27.0,1.0,43.0,0.3,0.1,0.8,4.0,2053.0,143.0,72.0,0.2985874330248417
27.0,1.0,44.0,0.3,0.1,0.8,4.0,1951.0,132.0,73.0,0.30753459764223473
27.0,1.0,45.0,0.3,0.1,0.8,4.0,1878.0,129.0,70.0,0.4712460063897764
27.0,1.0,46.0,0.3,0.1,0.8,4.0,1818.0,116.0,66.0,0.4807480748074808
27.0,1.0,47.0,0.3,0.1,0.8,4.0,1751.0,96.0,55.0,0.48772130211307824
27.0,1.0,48.0,0.3,0.1,0.8,4.0,1670.0,83.0,48.0,0.4874251497005988
27.0,1.0,49.0,0.3,0.1,0.8,4.0,1591.0,68.0,41.0,0.49905719673161536
27.0,1.0,50.0,0.3,0.1,0.8,4.0,1567.0,60.0,34.0,0.49968091895341415
27.0,1.0,51.0,0.3,0.1,0.8,4.0,1520.0,46.0,33.0,0.5046052631578948
27.0,1.0,52.0,0.3,0.1,0.8,4.0,1487.0,41.0,30.0,0.5104236718224613
27.0,2.0,1.0,0.3,0.1,0.8,4.0,1458.0,35.0,27.0,0.50960219478738
27.0,2.0,2.0,0.3,0.1,0.8,4.0,1433.0,23.0,16.0,0.5177948360083741
27.0,2.0,3.0,0.3,0.1,0.8,4.0,1416.0,17.0,12.0,0.518361581920904
27.0,2.0,4.0,0.3,0.1,0.8,4.0,1381.0,14.0,8.0,0.5307748008689356
27.0,2.0,5.0,0.3,0.1,0.8,4.0,1351.0,12.0,10.0,0.5307179866765359
27.0,2.0,6.0,0.3,0.1,0.8,4.0,1311.0,9.0,6.0,0.5392829900839055
27.0,2.0,7.0,0.3,0.1,0.8,4.0,1305.0,7.0,4.0,0.5340996168582376
27.0,2.0,8.0,0.3,0.1,0.8,4.0,1280.0,3.0,0.0,0.5375
27.0,2.0,9.0,0.3,0.1,0.8,4.0,1281.0,3.0,2.0,0.5362997658079626
27.0,2.0,10.0,0.3,0.1,0.8,4.0,1250.0,4.0,3.0,0.544
27.0,2.0,11.0,0.3,0.1,0.8,4.0,1242.0,6.0,3.0,0.5394524959742351
27.0,2.0,12.0,0.3,0.1,0.8,4.0,1198.0,4.0,1.0,0.5459098497495827
27.0,2.0,13.0,0.3,0.1,0.8,4.0,1196.0,3.0,1.0,0.5434782608695652
27.0,2.0,14.0,0.3,0.1,0.8,4.0,1144.0,6.0,2.0,0.5550699300699301
27.0,2.0,15.0,0.3,0.1,0.8,4.0,1139.0,6.0,4.0,0.5513608428446005
27.0,2.0,16.0,0.3,0.1,0.8,4.0,1127.0,6.0,3.0,0.5527950310559007
27.0,2.0,17.0,0.3,0.1,0.8,4.0,1115.0,5.0,3.0,0.5524663677130045
27.0,2.0,18.0,0.3,0.1,0.8,4.0,1098.0,4.0,1.0,0.5555555555555556
27.0,2.0,19.0,0.3,0.1,0.8,4.0,1084.0,4.0,1.0,0.5544280442804428
27.0,2.0,20.0,0.3,0.1,0.8,4.0,1913.0,3.0,3.0,0.31155253528489285
27.0,2.0,21.0,0.3,0.1,0.8,4.0,1805.0,9.0,3.0,0.32022160664819943
27.0,2.0,22.0,0.3,0.1,0.8,4.0,1772.0,10.0,4.0,0.31884875846501126
27.0,2.0,23.0,0.3,0.1,0.8,4.0,1744.0,8.0,3.0,0.31938073394495414
27.0,2.0,24.0,0.3,0.1,0.8,4.0,1697.0,10.0,5.0,0.3187978786093105
27.0,2.0,25.0,0.3,0.1,0.8,4.0,1638.0,10.0,5.0,0.32234432234432236
27.0,2.0,26.0,0.3,0.1,0.8,4.0,1586.0,13.0,3.0,0.3234552332912989
27.0,2.0,27.0,0.3,0.1,0.8,4.0,1561.0,12.0,6.0,0.3222293401665599
27.0,2.0,28.0,0.3,0.1,0.8,4.0,1497.0,14.0,9.0,0.321309285237141
27.0,2.0,29.0,0.3,0.1,0.8,4.0,1478.0,14.0,10.0,0.32205683355886333
27.0,2.0,30.0,0.3,0.1,0.8,4.0,1424.0,17.0,7.0,0.32724719101123595
27.0,2.0,31.0,0.3,0.1,0.8,4.0,1416.0,14.0,3.0,0.3305084745762712
27.0,2.0,32.0,0.3,0.1,0.8,4.0,1388.0,14.0,7.0,0.3292507204610951
27.0,2.0,33.0,0.3,0.1,0.8,4.0,1346.0,14.0,7.0,0.33358098068350667
27.0,2.0,34.0,0.3,0.1,0.8,4.0,1297.0,20.0,11.0,0.338473400154202
27.0,2.0,35.0,0.3,0.1,0.8,4.0,1297.0,16.0,7.0,0.3361603700848111
27.0,2.0,36.0,0.3,0.1,0.8,4.0,1262.0,16.0,8.0,0.33914421553090335
27.0,2.0,37.0,0.3,0.1,0.8,4.0,1242.0,14.0,8.0,0.3397745571658615
27.0,2.0,38.0,0.3,0.1,0.8,4.0,1217.0,15.0,8.0,0.33853738701725555
27.0,2.0,39.0,0.3,0.1,0.8,4.0,1186.0,14.0,9.0,0.33895446880269814
27.0,2.0,40.0,0.3,0.1,0.8,4.0,1161.0,9.0,5.0,0.34108527131782945
27.0,2.0,41.0,0.3,0.1,0.8,4.0,1153.0,8.0,3.0,0.3391153512575889
27.0,2.0,42.0,0.3,0.1,0.8,4.0,1148.0,11.0,2.0,0.3397212543554007
27.0,2.0,43.0,0.3,0.1,0.8,4.0,1130.0,7.0,3.0,0.34513274336283184
27.0,2.0,44.0,0.3,0.1,0.8,4.0,1121.0,7.0,3.0,0.3416592328278323
27.0,2.0,45.0,0.3,0.1,0.8,4.0,1103.0,7.0,4.0,0.485947416137806
27.0,2.0,46.0,0.3,0.1,0.8,4.0,1083.0,6.0,3.0,0.48753462603878117
27.0,2.0,47.0,0.3,0.1,0.8,4.0,1066.0,5.0,5.0,0.48686679174484054
27.0,2.0,48.0,0.3,0.1,0.8,4.0,1039.0,3.0,3.0,0.4850818094321463
27.0,2.0,49.0,0.3,0.1,0.8,4.0,1020.0,3.0,2.0,0.48627450980392156
27.0,2.0,50.0,0.3,0.1,0.8,4.0,1002.0,1.0,0.0,0.4880239520958084
27.0,2.0,51.0,0.3,0.1,0.8,4.0,984.0,1.0,1.0,0.48577235772357724
27.0,2.0,52.0,0.3,0.1,0.8,4.0,966.0,1.0,1.0,0.484472049689441
27.0,3.0,1.0,0.3,0.1,0.8,4.0,954.0,1.0,1.0,0.480083857442348
27.0,3.0,2.0,0.3,0.1,0.8,4.0,947.0,0.0,0.0,0.4815205913410771
27.0,3.0,3.0,0.3,0.1,0.8,4.0,939.0,0.0,0.0,0.483493077742279
27.0,3.0,4.0,0.3,0.1,0.8,4.0,928.0,0.0,0.0,0.48060344827586204
27.0,3.0,5.0,0.3,0.1,0.8,4.0,917.0,0.0,0.0,0.48091603053435117
27.0,3.0,6.0,0.3,0.1,0.8,4.0,908.0,0.0,0.0,0.4812775330396476
27.0,3.0,7.0,0.3,0.1,0.8,4.0,895.0,0.0,0.0,0.4793296089385475
27.0,3.0,8.0,0.3,0.1,0.8,4.0,895.0,0.0,0.0,0.4793296089385475
27.0,3.0,9.0,0.3,0.1,0.8,4.0,882.0,0.0,0.0,0.481859410430839
27.0,3.0,10.0,0.3,0.1,0.8,4.0,875.0,0.0,0.0,0.48228571428571426
27.0,3.0,11.0,0.3,0.1,0.8,4.0,849.0,0.0,0.0,0.4829210836277974
27.0,3.0,12.0,0.3,0.1,0.8,4.0,850.0,0.0,0.0,0.4811764705882353
27.0,3.0,13.0,0.3,0.1,0.8,4.0,830.0,0.0,0.0,0.4807228915662651
27.0,3.0,14.0,0.3,0.1,0.8,4.0,837.0,0.0,0.0,0.48028673835125446
27.0,3.0,15.0,0.3,0.1,0.8,4.0,819.0,0.0,0.0,0.47863247863247865
27.0,3.0,16.0,0.3,0.1,0.8,4.0,827.0,0.0,0.0,0.4800483675937122
27.0,3.0,17.0,0.3,0.1,0.8,4.0,808.0,0.0,0.0,0.4814356435643564
27.0,3.0,18.0,0.3,0.1,0.8,4.0,810.0,0.0,0.0,0.4802469135802469
27.0,3.0,19.0,0.3,0.1,0.8,4.0,793.0,0.0,0.0,0.4791929382093317
27.0,3.0,20.0,0.3,0.1,0.8,4.0,1454.0,0.0,0.0,0.2620357634112792
27.0,3.0,21.0,0.3,0.1,0.8,4.0,1398.0,0.0,0.0,0.265379113018598
27.0,3.0,22.0,0.3,0.1,0.8,4.0,1345.0,0.0,0.0,0.27360594795539034
27.0,3.0,23.0,0.3,0.1,0.8,4.0,1280.0,0.0,0.0,0.27265625
27.0,3.0,24.0,0.3,0.1,0.8,4.0,1261.0,0.0,0.0,0.2759714512291832
27.0,3.0,25.0,0.3,0.1,0.8,4.0,1215.0,0.0,0.0,0.27901234567901234
27.0,3.0,26.0,0.3,0.1,0.8,4.0,1212.0,0.0,0.0,0.27805280528052806
27.0,3.0,27.0,0.3,0.1,0.8,4.0,1167.0,0.0,0.0,0.2750642673521851
27.0,3.0,28.0,0.3,0.1,0.8,4.0,1124.0,0.0,0.0,0.2775800711743772
27.0,3.0,29.0,0.3,0.1,0.8,4.0,1098.0,0.0,0.0,0.27413479052823314
27.0,3.0,30.0,0.3,0.1,0.8,4.0,1093.0,0.0,0.0,0.27721866422689845
27.0,3.0,31.0,0.3,0.1,0.8,4.0,1087.0,0.0,0.0,0.27230910763569455
27.0,3.0,32.0,0.3,0.1,0.8,4.0,1050.0,0.0,0.0,0.27714285714285714
27.0,3.0,33.0,0.3,0.1,0.8,4.0,1015.0,0.0,0.0,0.2738916256157635
27.0,3.0,34.0,0.3,0.1,0.8,4.0,1009.0,0.0,0.0,0.27750247770069375
27.0,3.0,35.0,0.3,0.1,0.8,4.0,1005.0,0.0,0.0,0.26965174129353237
27.0,3.0,36.0,0.3,0.1,0.8,4.0,988.0,0.0,0.0,0.2702429149797571
27.0,3.0,37.0,0.3,0.1,0.8,4.0,957.0,0.0,0.0,0.26854754440961337
27.0,3.0,38.0,0.3,0.1,0.8,4.0,935.0,0.0,0.0,0.2716577540106952
27.0,3.0,39.0,0.3,0.1,0.8,4.0,938.0,0.0,0.0,0.267590618336887
27.0,3.0,40.0,0.3,0.1,0.8,4.0,885.0,0.0,0.0,0.2711864406779661
27.0,3.0,41.0,0.3,0.1,0.8,4.0,891.0,0.0,0.0,0.26936026936026936
27.0,3.0,42.0,0.3,0.1,0.8,4.0,865.0,0.0,0.0,0.2658959537572254
27.0,3.0,43.0,0.3,0.1,0.8,4.0,864.0,0.0,0.0,0.2662037037037037
27.0,3.0,44.0,0.3,0.1,0.8,4.0,840.0,0.0,0.0,0.2654761904761905
27.0,3.0,45.0,0.3,0.1,0.8,4.0,837.0,0.0,0.0,0.43010752688172044
27.0,3.0,46.0,0.3,0.1,0.8,4.0,832.0,0.0,0.0,0.42908653846153844
27.0,3.0,47.0,0.3,0.1,0.8,4.0,795.0,0.0,0.0,0.43018867924528303
27.0,3.0,48.0,0.3,0.1,0.8,4.0,743.0,0.0,0.0,0.4360699865410498
27.0,3.0,49.0,0.3,0.1,0.8,4.0,743.0,0.0,0.0,0.4347240915208614
27.0,3.0,50.0,0.3,0.1,0.8,4.0,724.0,0.0,0.0,0.43784530386740333
27.0,3.0,51.0,0.3,0.1,0.8,4.0,721.0,0.0,0.0,0.42857142857142855
27.0,3.0,52.0,0.3,0.1,0.8,4.0,707.0,0.0,0.0,0.4314002828854314
27.0,4.0,1.0,0.3,0.1,0.8,4.0,695.0,0.0,0.0,0.4330935251798561
27.0,4.0,2.0,0.3,0.1,0.8,4.0,683.0,0.0,0.0,0.4333821376281113
27.0,4.0,3.0,0.3,0.1,0.8,4.0,676.0,0.0,0.0,0.4363905325443787
27.0,4.0,4.0,0.3,0.1,0.8,4.0,653.0,0.0,0.0,0.43032159264931086
27.0,4.0,5.0,0.3,0.1,0.8,4.0,649.0,0.0,0.0,0.42989214175654855
27.0,4.0,6.0,0.3,0.1,0.8,4.0,642.0,0.0,0.0,0.43302180685358255
27.0,4.0,7.0,0.3,0.1,0.8,4.0,635.0,0.0,0.0,0.43622047244094486
27.0,4.0,8.0,0.3,0.1,0.8,4.0,628.0,0.0,0.0,0.43630573248407645
27.0,4.0,9.0,0.3,0.1,0.8,4.0,623.0,0.0,0.0,0.43980738362760835
27.0,4.0,10.0,0.3,0.1,0.8,4.0,614.0,0.0,0.0,0.4364820846905538
27.0,4.0,11.0,0.3,0.1,0.8,4.0,605.0,0.0,0.0,0.4396694214876033
27.0,4.0,12.0,0.3,0.1,0.8,4.0,600.0,0.0,0.0,0.44166666666666665
27.0,4.0,13.0,0.3,0.1,0.8,4.0,587.0,0.0,0.0,0.4463373083475298
27.0,4.0,14.0,0.3,0.1,0.8,4.0,582.0,0.0,0.0,0.4415807560137457
27.0,4.0,15.0,0.3,0.1,0.8,4.0,580.0,0.0,0.0,0.44482758620689655
27.0,4.0,16.0,0.3,0.1,0.8,4.0,573.0,0.0,0.0,0.44153577661431065
27.0,4.0,17.0,0.3,0.1,0.8,4.0,573.0,0.0,0.0,0.44851657940663175
27.0,4.0,18.0,0.3,0.1,0.8,4.0,561.0,0.0,0.0,0.44385026737967914
27.0,4.0,19.0,0.3,0.1,0.8,4.0,548.0,0.0,0.0,0.45072992700729925
27.0,4.0,20.0,0.3,0.1,0.8,4.0,1001.0,0.0,0.0,0.24175824175824176
27.0,4.0,21.0,0.3,0.1,0.8,4.0,981.0,0.0,0.0,0.2436289500509684
27.0,4.0,22.0,0.3,0.1,0.8,4.0,934.0,0.0,0.0,0.24518201284796573
27.0,4.0,23.0,0.3,0.1,0.8,4.0,932.0,0.0,0.0,0.24678111587982832
27.0,4.0,24.0,0.3,0.1,0.8,4.0,902.0,0.0,0.0,0.24722838137472283
27.0,4.0,25.0,0.3,0.1,0.8,4.0,893.0,0.0,0.0,0.25083986562150057
27.0,4.0,26.0,0.3,0.1,0.8,4.0,873.0,0.0,0.0,0.24742268041237114
27.0,4.0,27.0,0.3,0.1,0.8,4.0,868.0,0.0,0.0,0.25
27.0,4.0,28.0,0.3,0.1,0.8,4.0,842.0,0.0,0.0,0.24584323040380046
27.0,4.0,29.0,0.3,0.1,0.8,4.0,831.0,0.0,0.0,0.24789410348977137
27.0,4.0,30.0,0.3,0.1,0.8,4.0,816.0,0.0,0.0,0.24509803921568626
27.0,4.0,31.0,0.3,0.1,0.8,4.0,789.0,0.0,0.0,0.2509505703422053
27.0,4.0,32.0,0.3,0.1,0.8,4.0,770.0,0.0,0.0,0.24675324675324675
27.0,4.0,33.0,0.3,0.1,0.8,4.0,744.0,0.0,0.0,0.24731182795698925
27.0,4.0,34.0,0.3,0.1,0.8,4.0,712.0,0.0,0.0,0.24297752808988765
27.0,4.0,35.0,0.3,0.1,0.8,4.0,725.0,0.0,0.0,0.24413793103448275
27.0,4.0,36.0,0.3,0.1,0.8,4.0,695.0,0.0,0.0,0.24172661870503598
27.0,4.0,37.0,0.3,0.1,0.8,4.0,684.0,0.0,0.0,0.24707602339181287
27.0,4.0,38.0,0.3,0.1,0.8,4.0,655.0,0.0,0.0,0.24122137404580152
27.0,4.0,39.0,0.3,0.1,0.8,4.0,665.0,0.0,0.0,0.24812030075187969
27.0,4.0,40.0,0.3,0.1,0.8,4.0,650.0,0.0,0.0,0.24
27.0,4.0,41.0,0.3,0.1,0.8,4.0,652.0,0.0,0.0,0.2469325153374233
27.0,4.0,42.0,0.3,0.1,0.8,4.0,631.0,0.0,0.0,0.2393026941362916
27.0,4.0,43.0,0.3,0.1,0.8,4.0,642.0,0.0,0.0,0.24766355140186916
27.0,4.0,44.0,0.3,0.1,0.8,4.0,625.0,0.0,0.0,0.2384
27.0,4.0,45.0,0.3,0.1,0.8,4.0,611.0,0.0,0.0,0.425531914893617
27.0,4.0,46.0,0.3,0.1,0.8,4.0,608.0,0.0,0.0,0.42105263157894735
27.0,4.0,47.0,0.3,0.1,0.8,4.0,593.0,0.0,0.0,0.42833052276559863
27.0,4.0,48.0,0.3,0.1,0.8,4.0,570.0,0.0,0.0,0.42105263157894735
27.0,4.0,49.0,0.3,0.1,0.8,4.0,560.0,0.0,0.0,0.42142857142857143
27.0,4.0,50.0,0.3,0.1,0.8,4.0,548.0,0.0,0.0,0.41605839416058393
27.0,4.0,51.0,0.3,0.1,0.8,4.0,548.0,0.0,0.0,0.4197080291970803
27.0,4.0,52.0,0.3,0.1,0.8,4.0,522.0,0.0,0.0,0.40804597701149425
27.0,5.0,1.0,0.3,0.1,0.8,4.0,528.0,0.0,0.0,0.4128787878787879
27.0,5.0,2.0,0.3,0.1,0.8,4.0,504.0,0.0,0.0,0.4107142857142857
27.0,5.0,3.0,0.3,0.1,0.8,4.0,514.0,0.0,0.0,0.4163424124513619
27.0,5.0,4.0,0.3,0.1,0.8,4.0,495.0,0.0,0.0,0.4101010101010101
27.0,5.0,5.0,0.3,0.1,0.8,4.0,507.0,0.0,0.0,0.4161735700197239
27.0,5.0,6.0,0.3,0.1,0.8,4.0,489.0,0.0,0.0,0.40899795501022496
27.0,5.0,7.0,0.3,0.1,0.8,4.0,496.0,0.0,0.0,0.4153225806451613
27.0,5.0,8.0,0.3,0.1,0.8,4.0,484.0,0.0,0.0,0.41115702479338845
27.0,5.0,9.0,0.3,0.1,0.8,4.0,486.0,0.0,0.0,0.4156378600823045
27.0,5.0,10.0,0.3,0.1,0.8,4.0,474.0,0.0,0.0,0.41139240506329117
27.0,5.0,11.0,0.3,0.1,0.8,4.0,479.0,0.0,0.0,0.4175365344467641
27.0,5.0,12.0,0.3,0.1,0.8,4.0,460.0,0.0,0.0,0.4152173913043478
27.0,5.0,13.0,0.3,0.1,0.8,4.0,461.0,0.0,0.0,0.42950108459869846
27.0,5.0,14.0,0.3,0.1,0.8,4.0,456.0,0.0,0.0,0.41885964912280704
27.0,5.0,15.0,0.3,0.1,0.8,4.0,454.0,0.0,0.0,0.42731277533039647
27.0,5.0,16.0,0.3,0.1,0.8,4.0,444.0,0.0,0.0,0.4189189189189189
27.0,5.0,17.0,0.3,0.1,0.8,4.0,443.0,0.0,0.0,0.42663656884875845
27.0,5.0,18.0,0.3,0.1,0.8,4.0,434.0,0.0,0.0,0.423963133640553
27.0,5.0,19.0,0.3,0.1,0.8,4.0,438.0,0.0,0.0,0.4292237442922374
27.0,5.0,20.0,0.3,0.1,0.8,4.0,785.0,0.0,0.0,0.23439490445859873
27.0,5.0,21.0,0.3,0.1,0.8,4.0,791.0,0.0,0.0,0.23640960809102401
27.0,5.0,22.0,0.3,0.1,0.8,4.0,784.0,0.0,0.0,0.23341836734693877
27.0,5.0,23.0,0.3,0.1,0.8,4.0,785.0,0.0,0.0,0.23821656050955414
27.0,5.0,24.0,0.3,0.1,0.8,4.0,785.0,0.0,0.0,0.23312101910828026
27.0,5.0,25.0,0.3,0.1,0.8,4.0,768.0,0.0,0.0,0.23958333333333334
27.0,5.0,26.0,0.3,0.1,0.8,4.0,767.0,0.0,0.0,0.2333767926988266
27.0,5.0,27.0,0.3,0.1,0.8,4.0,765.0,0.0,0.0,0.23790849673202613
27.0,5.0,28.0,0.3,0.1,0.8,4.0,718.0,0.0,0.0,0.24094707520891365
27.0,5.0,29.0,0.3,0.1,0.8,4.0,703.0,0.0,0.0,0.24466571834992887
27.0,5.0,30.0,0.3,0.1,0.8,4.0,675.0,0.0,0.0,0.2414814814814815
27.0,5.0,31.0,0.3,0.1,0.8,4.0,684.0,0.0,0.0,0.24269005847953215
27.0,5.0,32.0,0.3,0.1,0.8,4.0,658.0,0.0,0.0,0.24012158054711247
27.0,5.0,33.0,0.3,0.1,0.8,4.0,661.0,0.0,0.0,0.2405446293494705
27.0,5.0,34.0,0.3,0.1,0.8,4.0,625.0,0.0,0.0,0.2432
27.0,5.0,35.0,0.3,0.1,0.8,4.0,617.0,0.0,0.0,0.24311183144246354
27.0,5.0,36.0,0.3,0.1,0.8,4.0,612.0,0.0,0.0,0.24183006535947713
27.0,5.0,37.0,0.3,0.1,0.8,4.0,603.0,0.0,0.0,0.24543946932006633
27.0,5.0,38.0,0.3,0.1,0.8,4.0,595.0,0.0,0.0,0.2453781512605042
27.0,5.0,39.0,0.3,0.1,0.8,4.0,563.0,0.0,0.0,0.24511545293072823
27.0,5.0,40.0,0.3,0.1,0.8,4.0,552.0,0.0,0.0,0.2463768115942029
27.0,5.0,41.0,0.3,0.1,0.8,4.0,540.0,0.0,0.0,0.2518518518518518
27.0,5.0,42.0,0.3,0.1,0.8,4.0,525.0,0.0,0.0,0.25142857142857145
27.0,5.0,43.0,0.3,0.1,0.8,4.0,506.0,0.0,0.0,0.25691699604743085
27.0,5.0,44.0,0.3,0.1,0.8,4.0,491.0,0.0,0.0,0.25661914460285135
27.0,5.0,45.0,0.3,0.1,0.8,4.0,493.0,0.0,0.0,0.41379310344827586
27.0,5.0,46.0,0.3,0.1,0.8,4.0,483.0,0.0,0.0,0.4161490683229814
27.0,5.0,47.0,0.3,0.1,0.8,4.0,471.0,0.0,0.0,0.42250530785562634
27.0,5.0,48.0,0.3,0.1,0.8,4.0,463.0,0.0,0.0,0.42332613390928725
27.0,5.0,49.0,0.3,0.1,0.8,4.0,459.0,0.0,0.0,0.42919389978213507
27.0,5.0,50.0,0.3,0.1,0.8,4.0,449.0,0.0,0.0,0.42316258351893093
27.0,5.0,51.0,0.3,0.1,0.8,4.0,450.0,0.0,0.0,0.4266666666666667
27.0,5.0,52.0,0.3,0.1,0.8,4.0,441.0,0.0,0.0,0.41950113378684806
27.0,6.0,1.0,0.3,0.1,0.8,4.0,441.0,0.0,0.0,0.41950113378684806
27.0,6.0,2.0,0.3,0.1,0.8,4.0,423.0,0.0,0.0,0.4160756501182033
27.0,6.0,3.0,0.3,0.1,0.8,4.0,428.0,0.0,0.0,0.42289719626168226
27.0,6.0,4.0,0.3,0.1,0.8,4.0,420.0,0.0,0.0,0.4166666666666667
27.0,6.0,5.0,0.3,0.1,0.8,4.0,427.0,0.0,0.0,0.41920374707259955
27.0,6.0,6.0,0.3,0.1,0.8,4.0,415.0,0.0,0.0,0.41204819277108434
27.0,6.0,7.0,0.3,0.1,0.8,4.0,422.0,0.0,0.0,0.4194312796208531
27.0,6.0,8.0,0.3,0.1,0.8,4.0,410.0,0.0,0.0,0.4121951219512195
27.0,6.0,9.0,0.3,0.1,0.8,4.0,410.0,0.0,0.0,0.4219512195121951
27.0,6.0,10.0,0.3,0.1,0.8,4.0,394.0,0.0,0.0,0.41116751269035534
27.0,6.0,11.0,0.3,0.1,0.8,4.0,402.0,0.0,0.0,0.42039800995024873
27.0,6.0,12.0,0.3,0.1,0.8,4.0,385.0,0.0,0.0,0.41818181818181815
27.0,6.0,13.0,0.3,0.1,0.8,4.0,395.0,0.0,0.0,0.4253164556962025
27.0,6.0,14.0,0.3,0.1,0.8,4.0,381.0,0.0,0.0,0.4146981627296588
27.0,6.0,15.0,0.3,0.1,0.8,4.0,382.0,0.0,0.0,0.4162303664921466
27.0,6.0,16.0,0.3,0.1,0.8,4.0,380.0,0.0,0.0,0.41842105263157897
27.0,6.0,17.0,0.3,0.1,0.8,4.0,378.0,0.0,0.0,0.41798941798941797
27.0,6.0,18.0,0.3,0.1,0.8,4.0,378.0,0.0,0.0,0.41798941798941797
27.0,6.0,19.0,0.3,0.1,0.8,4.0,377.0,0.0,0.0,0.41909814323607425
27.0,6.0,20.0,0.3,0.1,0.8,4.0,731.0,0.0,0.0,0.21477428180574556
27.0,6.0,21.0,0.3,0.1,0.8,4.0,686.0,0.0,0.0,0.22157434402332363
27.0,6.0,22.0,0.3,0.1,0.8,4.0,679.0,0.0,0.0,0.22238586156111928
27.0,6.0,23.0,0.3,0.1,0.8,4.0,671.0,0.0,0.0,0.22056631892697467
27.0,6.0,24.0,0.3,0.1,0.8,4.0,639.0,0.0,0.0,0.2237871674491393
27.0,6.0,25.0,0.3,0.1,0.8,4.0,627.0,0.0,0.0,0.22807017543859648
27.0,6.0,26.0,0.3,0.1,0.8,4.0,599.0,0.0,0.0,0.2287145242070117
27.0,6.0,27.0,0.3,0.1,0.8,4.0,605.0,0.0,0.0,0.22975206611570248
27.0,6.0,28.0,0.3,0.1,0.8,4.0,590.0,0.0,0.0,0.2288135593220339
27.0,6.0,29.0,0.3,0.1,0.8,4.0,591.0,0.0,0.0,0.23181049069373943
27.0,6.0,30.0,0.3,0.1,0.8,4.0,555.0,0.0,0.0,0.23243243243243245
27.0,6.0,31.0,0.3,0.1,0.8,4.0,540.0,0.0,0.0,0.23703703703703705
27.0,6.0,32.0,0.3,0.1,0.8,4.0,513.0,0.0,0.0,0.2378167641325536
27.0,6.0,33.0,0.3,0.1,0.8,4.0,499.0,0.0,0.0,0.24649298597194388
27.0,6.0,34.0,0.3,0.1,0.8,4.0,485.0,0.0,0.0,0.24742268041237114
27.0,6.0,35.0,0.3,0.1,0.8,4.0,484.0,0.0,0.0,0.25413223140495866
27.0,6.0,36.0,0.3,0.1,0.8,4.0,463.0,0.0,0.0,0.24406047516198703
27.0,6.0,37.0,0.3,0.1,0.8,4.0,471.0,0.0,0.0,0.2526539278131635
27.0,6.0,38.0,0.3,0.1,0.8,4.0,461.0,0.0,0.0,0.24295010845986983
27.0,6.0,39.0,0.3,0.1,0.8,4.0,467.0,0.0,0.0,0.25267665952890794
27.0,6.0,40.0,0.3,0.1,0.8,4.0,457.0,0.0,0.0,0.24288840262582057
27.0,6.0,41.0,0.3,0.1,0.8,4.0,466.0,0.0,0.0,0.2532188841201717
27.0,6.0,42.0,0.3,0.1,0.8,4.0,457.0,0.0,0.0,0.24288840262582057
27.0,6.0,43.0,0.3,0.1,0.8,4.0,463.0,0.0,0.0,0.2526997840172786
27.0,6.0,44.0,0.3,0.1,0.8,4.0,419.0,0.0,0.0,0.24821002386634844
27.0,6.0,45.0,0.3,0.1,0.8,4.0,416.0,0.0,0.0,0.36778846153846156
27.0,6.0,46.0,0.3,0.1,0.8,4.0,408.0,0.0,0.0,0.3700980392156863
27.0,6.0,47.0,0.3,0.1,0.8,4.0,411.0,0.0,0.0,0.3746958637469586
27.0,6.0,48.0,0.3,0.1,0.8,4.0,399.0,0.0,0.0,0.37092731829573933
27.0,6.0,49.0,0.3,0.1,0.8,4.0,385.0,0.0,0.0,0.38181818181818183
27.0,6.0,50.0,0.3,0.1,0.8,4.0,377.0,0.0,0.0,0.3740053050397878
27.0,6.0,51.0,0.3,0.1,0.8,4.0,377.0,0.0,0.0,0.376657824933687
27.0,6.0,52.0,0.3,0.1,0.8,4.0,369.0,0.0,0.0,0.37398373983739835
27.0,7.0,1.0,0.3,0.1,0.8,4.0,367.0,0.0,0.0,0.3814713896457766
27.0,7.0,2.0,0.3,0.1,0.8,4.0,364.0,0.0,0.0,0.37362637362637363
27.0,7.0,3.0,0.3,0.1,0.8,4.0,364.0,0.0,0.0,0.38186813186813184
27.0,7.0,4.0,0.3,0.1,0.8,4.0,363.0,0.0,0.0,0.3746556473829201
27.0,7.0,5.0,0.3,0.1,0.8,4.0,363.0,0.0,0.0,0.38016528925619836
27.0,7.0,6.0,0.3,0.1,0.8,4.0,355.0,0.0,0.0,0.37183098591549296
27.0,7.0,7.0,0.3,0.1,0.8,4.0,358.0,0.0,0.0,0.37988826815642457
27.0,7.0,8.0,0.3,0.1,0.8,4.0,351.0,0.0,0.0,0.3732193732193732
27.0,7.0,9.0,0.3,0.1,0.8,4.0,355.0,0.0,0.0,0.38028169014084506
27.0,7.0,10.0,0.3,0.1,0.8,4.0,349.0,0.0,0.0,0.37822349570200575
27.0,7.0,11.0,0.3,0.1,0.8,4.0,351.0,0.0,0.0,0.38461538461538464
27.0,7.0,12.0,0.3,0.1,0.8,4.0,345.0,0.0,0.0,0.3826086956521739
27.0,7.0,13.0,0.3,0.1,0.8,4.0,348.0,0.0,0.0,0.3879310344827586
27.0,7.0,14.0,0.3,0.1,0.8,4.0,339.0,0.0,0.0,0.3864306784660767
27.0,7.0,15.0,0.3,0.1,0.8,4.0,343.0,0.0,0.0,0.39067055393586003
27.0,7.0,16.0,0.3,0.1,0.8,4.0,338.0,0.0,0.0,0.3875739644970414
27.0,7.0,17.0,0.3,0.1,0.8,4.0,341.0,0.0,0.0,0.39296187683284456
27.0,7.0,18.0,0.3,0.1,0.8,4.0,337.0,0.0,0.0,0.3857566765578635
27.0,7.0,19.0,0.3,0.1,0.8,4.0,322.0,0.0,0.0,0.3944099378881988
27.0,7.0,20.0,0.3,0.1,0.8,4.0,623.0,0.0,0.0,0.19743178170144463
27.0,7.0,21.0,0.3,0.1,0.8,4.0,601.0,0.0,0.0,0.20465890183028287
27.0,7.0,22.0,0.3,0.1,0.8,4.0,574.0,0.0,0.0,0.20209059233449478
27.0,7.0,23.0,0.3,0.1,0.8,4.0,580.0,0.0,0.0,0.20517241379310344
27.0,7.0,24.0,0.3,0.1,0.8,4.0,573.0,0.0,0.0,0.2024432809773124
27.0,7.0,25.0,0.3,0.1,0.8,4.0,562.0,0.0,0.0,0.20284697508896798
27.0,7.0,26.0,0.3,0.1,0.8,4.0,554.0,0.0,0.0,0.20397111913357402
27.0,7.0,27.0,0.3,0.1,0.8,4.0,544.0,0.0,0.0,0.20404411764705882
27.0,7.0,28.0,0.3,0.1,0.8,4.0,540.0,0.0,0.0,0.20555555555555555
27.0,7.0,29.0,0.3,0.1,0.8,4.0,530.0,0.0,0.0,0.20566037735849058
27.0,7.0,30.0,0.3,0.1,0.8,4.0,538.0,0.0,0.0,0.20446096654275092
27.0,7.0,31.0,0.3,0.1,0.8,4.0,528.0,0.0,0.0,0.20454545454545456
27.0,7.0,32.0,0.3,0.1,0.8,4.0,525.0,0.0,0.0,0.20761904761904762
27.0,7.0,33.0,0.3,0.1,0.8,4.0,517.0,0.0,0.0,0.20696324951644102
27.0,7.0,34.0,0.3,0.1,0.8,4.0,518.0,0.0,0.0,0.20463320463320464
27.0,7.0,35.0,0.3,0.1,0.8,4.0,507.0,0.0,0.0,0.20315581854043394
27.0,7.0,36.0,0.3,0.1,0.8,4.0,515.0,0.0,0.0,0.20388349514563106
27.0,7.0,37.0,0.3,0.1,0.8,4.0,491.0,0.0,0.0,0.20977596741344195
27.0,7.0,38.0,0.3,0.1,0.8,4.0,498.0,0.0,0.0,0.20883534136546184
27.0,7.0,39.0,0.3,0.1,0.8,4.0,485.0,0.0,0.0,0.21237113402061855
27.0,7.0,40.0,0.3,0.1,0.8,4.0,492.0,0.0,0.0,0.21138211382113822
27.0,7.0,41.0,0.3,0.1,0.8,4.0,481.0,0.0,0.0,0.20997920997921
27.0,7.0,42.0,0.3,0.1,0.8,4.0,492.0,0.0,0.0,0.21138211382113822
27.0,7.0,43.0,0.3,0.1,0.8,4.0,483.0,0.0,0.0,0.2111801242236025
27.0,7.0,44.0,0.3,0.1,0.8,4.0,486.0,0.0,0.0,0.21193415637860083
27.0,7.0,45.0,0.3,0.1,0.8,4.0,477.0,0.0,0.0,0.37945492662473795
27.0,7.0,46.0,0.3,0.1,0.8,4.0,485.0,0.0,0.0,0.3731958762886598
27.0,7.0,47.0,0.3,0.1,0.8,4.0,458.0,0.0,0.0,0.37554585152838427
27.0,7.0,48.0,0.3,0.1,0.8,4.0,463.0,0.0,0.0,0.3714902807775378
27.0,7.0,49.0,0.3,0.1,0.8,4.0,458.0,0.0,0.0,0.3777292576419214
27.0,7.0,50.0,0.3,0.1,0.8,4.0,461.0,0.0,0.0,0.3774403470715835
27.0,7.0,51.0,0.3,0.1,0.8,4.0,452.0,0.0,0.0,0.3805309734513274
27.0,7.0,52.0,0.3,0.1,0.8,4.0,458.0,0.0,0.0,0.3777292576419214
27.0,8.0,1.0,0.3,0.1,0.8,4.0,446.0,0.0,0.0,0.3834080717488789
27.0,8.0,2.0,0.3,0.1,0.8,4.0,453.0,0.0,0.0,0.37969094922737306
27.0,8.0,3.0,0.3,0.1,0.8,4.0,445.0,0.0,0.0,0.3842696629213483
27.0,8.0,4.0,0.3,0.1,0.8,4.0,452.0,0.0,0.0,0.3805309734513274
27.0,8.0,5.0,0.3,0.1,0.8,4.0,442.0,0.0,0.0,0.38687782805429866
27.0,8.0,6.0,0.3,0.1,0.8,4.0,442.0,0.0,0.0,0.38009049773755654
27.0,8.0,7.0,0.3,0.1,0.8,4.0,432.0,0.0,0.0,0.3888888888888889
27.0,8.0,8.0,0.3,0.1,0.8,4.0,422.0,0.0,0.0,0.3767772511848341
27.0,8.0,9.0,0.3,0.1,0.8,4.0,406.0,0.0,0.0,0.39408866995073893
27.0,8.0,10.0,0.3,0.1,0.8,4.0,402.0,0.0,0.0,0.3880597014925373
27.0,8.0,11.0,0.3,0.1,0.8,4.0,403.0,0.0,0.0,0.3970223325062035
27.0,8.0,12.0,0.3,0.1,0.8,4.0,402.0,0.0,0.0,0.3880597014925373
27.0,8.0,13.0,0.3,0.1,0.8,4.0,402.0,0.0,0.0,0.39552238805970147
27.0,8.0,14.0,0.3,0.1,0.8,4.0,401.0,0.0,0.0,0.38902743142144636
27.0,8.0,15.0,0.3,0.1,0.8,4.0,401.0,0.0,0.0,0.39650872817955113
27.0,8.0,16.0,0.3,0.1,0.8,4.0,400.0,0.0,0.0,0.39
27.0,8.0,17.0,0.3,0.1,0.8,4.0,400.0,0.0,0.0,0.3975
27.0,8.0,18.0,0.3,0.1,0.8,4.0,399.0,0.0,0.0,0.38847117794486213
27.0,8.0,19.0,0.3,0.1,0.8,4.0,399.0,0.0,0.0,0.39598997493734334
27.0,8.0,20.0,0.3,0.1,0.8,4.0,723.0,0.0,0.0,0.2143845089903181
27.0,8.0,21.0,0.3,0.1,0.8,4.0,692.0,0.0,0.0,0.21965317919075145
27.0,8.0,22.0,0.3,0.1,0.8,4.0,685.0,0.0,0.0,0.21751824817518248
27.0,8.0,23.0,0.3,0.1,0.8,4.0,677.0,0.0,0.0,0.22304283604135894
27.0,8.0,24.0,0.3,0.1,0.8,4.0,670.0,0.0,0.0,0.2208955223880597
27.0,8.0,25.0,0.3,0.1,0.8,4.0,630.0,0.0,0.0,0.22857142857142856
27.0,8.0,26.0,0.3,0.1,0.8,4.0,630.0,0.0,0.0,0.2253968253968254
27.0,8.0,27.0,0.3,0.1,0.8,4.0,622.0,0.0,0.0,0.22990353697749197
27.0,8.0,28.0,0.3,0.1,0.8,4.0,627.0,0.0,0.0,0.22488038277511962
27.0,8.0,29.0,0.3,0.1,0.8,4.0,605.0,0.0,0.0,0.23140495867768596
27.0,8.0,30.0,0.3,0.1,0.8,4.0,610.0,0.0,0.0,0.2262295081967213
27.0,8.0,31.0,0.3,0.1,0.8,4.0,605.0,0.0,0.0,0.23140495867768596
27.0,8.0,32.0,0.3,0.1,0.8,4.0,593.0,0.0,0.0,0.22765598650927488
27.0,8.0,33.0,0.3,0.1,0.8,4.0,587.0,0.0,0.0,0.23168654173764908
27.0,8.0,34.0,0.3,0.1,0.8,4.0,581.0,0.0,0.0,0.2289156626506024
27.0,8.0,35.0,0.3,0.1,0.8,4.0,573.0,0.0,0.0,0.2356020942408377
27.0,8.0,36.0,0.3,0.1,0.8,4.0,578.0,0.0,0.0,0.2301038062283737
27.0,8.0,37.0,0.3,0.1,0.8,4.0,571.0,0.0,0.0,0.23642732049036777
27.0,8.0,38.0,0.3,0.1,0.8,4.0,564.0,0.0,0.0,0.23404255319148937
27.0,8.0,39.0,0.3,0.1,0.8,4.0,559.0,0.0,0.0,0.23971377459749552
27.0,8.0,40.0,0.3,0.1,0.8,4.0,550.0,0.0,0.0,0.23636363636363636
27.0,8.0,41.0,0.3,0.1,0.8,4.0,533.0,0.0,0.0,0.2401500938086304
27.0,8.0,42.0,0.3,0.1,0.8,4.0,538.0,0.0,0.0,0.2342007434944238
27.0,8.0,43.0,0.3,0.1,0.8,4.0,510.0,0.0,0.0,0.24901960784313726
27.0,8.0,44.0,0.3,0.1,0.8,4.0,515.0,0.0,0.0,0.24271844660194175
27.0,8.0,45.0,0.3,0.1,0.8,4.0,510.0,0.0,0.0,0.4294117647058823
27.0,8.0,46.0,0.3,0.1,0.8,4.0,515.0,0.0,0.0,0.4349514563106796
27.0,8.0,47.0,0.3,0.1,0.8,4.0,498.0,0.0,0.0,0.43172690763052207
27.0,8.0,48.0,0.3,0.1,0.8,4.0,503.0,0.0,0.0,0.43737574552683894
27.0,8.0,49.0,0.3,0.1,0.8,4.0,498.0,0.0,0.0,0.43172690763052207
27.0,8.0,50.0,0.3,0.1,0.8,4.0,502.0,0.0,0.0,0.43824701195219123
27.0,8.0,51.0,0.3,0.1,0.8,4.0,498.0,0.0,0.0,0.43373493975903615
27.0,8.0,52.0,0.3,0.1,0.8,4.0,498.0,0.0,0.0,0.44176706827309237
27.0,9.0,1.0,0.3,0.1,0.8,4.0,497.0,0.0,0.0,0.4346076458752515
27.0,9.0,2.0,0.3,0.1,0.8,4.0,498.0,0.0,0.0,0.44176706827309237
27.0,9.0,3.0,0.3,0.1,0.8,4.0,497.0,0.0,0.0,0.4346076458752515
27.0,9.0,4.0,0.3,0.1,0.8,4.0,498.0,0.0,0.0,0.44176706827309237
27.0,9.0,5.0,0.3,0.1,0.8,4.0,497.0,0.0,0.0,0.4346076458752515
27.0,9.0,6.0,0.3,0.1,0.8,4.0,495.0,0.0,0.0,0.44242424242424244
27.0,9.0,7.0,0.3,0.1,0.8,4.0,495.0,0.0,0.0,0.43636363636363634
27.0,9.0,8.0,0.3,0.1,0.8,4.0,494.0,0.0,0.0,0.4433198380566802
27.0,9.0,9.0,0.3,0.1,0.8,4.0,489.0,0.0,0.0,0.44171779141104295
27.0,9.0,10.0,0.3,0.1,0.8,4.0,489.0,0.0,0.0,0.4458077709611452
27.0,9.0,11.0,0.3,0.1,0.8,4.0,485.0,0.0,0.0,0.44329896907216493
27.0,9.0,12.0,0.3,0.1,0.8,4.0,486.0,0.0,0.0,0.448559670781893
27.0,9.0,13.0,0.3,0.1,0.8,4.0,481.0,0.0,0.0,0.446985446985447
27.0,9.0,14.0,0.3,0.1,0.8,4.0,484.0,0.0,0.0,0.45041322314049587
27.0,9.0,15.0,0.3,0.1,0.8,4.0,480.0,0.0,0.0,0.4479166666666667
27.0,9.0,16.0,0.3,0.1,0.8,4.0,483.0,0.0,0.0,0.45134575569358176
27.0,9.0,17.0,0.3,0.1,0.8,4.0,479.0,0.0,0.0,0.4488517745302714
27.0,9.0,18.0,0.3,0.1,0.8,4.0,483.0,0.0,0.0,0.45134575569358176
27.0,9.0,19.0,0.3,0.1,0.8,4.0,478.0,0.0,0.0,0.4476987447698745
27.0,9.0,20.0,0.3,0.1,0.8,4.0,886.0,0.0,0.0,0.23702031602708803
27.0,9.0,21.0,0.3,0.1,0.8,4.0,842.0,0.0,0.0,0.23515439429928742
27.0,9.0,22.0,0.3,0.1,0.8,4.0,819.0,0.0,0.0,0.24297924297924298
27.0,9.0,23.0,0.3,0.1,0.8,4.0,815.0,0.0,0.0,0.24049079754601227
27.0,9.0,24.0,0.3,0.1,0.8,4.0,778.0,0.0,0.0,0.2493573264781491
27.0,9.0,25.0,0.3,0.1,0.8,4.0,763.0,0.0,0.0,0.2490170380078637
27.0,9.0,26.0,0.3,0.1,0.8,4.0,756.0,0.0,0.0,0.25396825396825395
27.0,9.0,27.0,0.3,0.1,0.8,4.0,752.0,0.0,0.0,0.25132978723404253
27.0,9.0,28.0,0.3,0.1,0.8,4.0,745.0,0.0,0.0,0.2563758389261745
27.0,9.0,29.0,0.3,0.1,0.8,4.0,712.0,0.0,0.0,0.25842696629213485
27.0,9.0,30.0,0.3,0.1,0.8,4.0,716.0,0.0,0.0,0.2611731843575419
27.0,9.0,31.0,0.3,0.1,0.8,4.0,697.0,0.0,0.0,0.2582496413199426
27.0,9.0,32.0,0.3,0.1,0.8,4.0,696.0,0.0,0.0,0.2614942528735632
27.0,9.0,33.0,0.3,0.1,0.8,4.0,692.0,0.0,0.0,0.2586705202312139
27.0,9.0,34.0,0.3,0.1,0.8,4.0,696.0,0.0,0.0,0.2614942528735632
27.0,9.0,35.0,0.3,0.1,0.8,4.0,679.0,0.0,0.0,0.2621502209131075
27.0,9.0,36.0,0.3,0.1,0.8,4.0,683.0,0.0,0.0,0.26500732064421667
27.0,9.0,37.0,0.3,0.1,0.8,4.0,662.0,0.0,0.0,0.2673716012084592
27.0,9.0,38.0,0.3,0.1,0.8,4.0,666.0,0.0,0.0,0.2702702702702703
27.0,9.0,39.0,0.3,0.1,0.8,4.0,662.0,0.0,0.0,0.2673716012084592
27.0,9.0,40.0,0.3,0.1,0.8,4.0,652.0,0.0,0.0,0.27300613496932513
27.0,9.0,41.0,0.3,0.1,0.8,4.0,648.0,0.0,0.0,0.2700617283950617
27.0,9.0,42.0,0.3,0.1,0.8,4.0,650.0,0.0,0.0,0.2723076923076923
27.0,9.0,43.0,0.3,0.1,0.8,4.0,646.0,0.0,0.0,0.2693498452012384
27.0,9.0,44.0,0.3,0.1,0.8,4.0,650.0,0.0,0.0,0.2723076923076923
27.0,9.0,45.0,0.3,0.1,0.8,4.0,646.0,0.0,0.0,0.43188854489164086
27.0,9.0,46.0,0.3,0.1,0.8,4.0,635.0,0.0,0.0,0.4346456692913386
27.0,9.0,47.0,0.3,0.1,0.8,4.0,620.0,0.0,0.0,0.43548387096774194
27.0,9.0,48.0,0.3,0.1,0.8,4.0,624.0,0.0,0.0,0.4358974358974359
27.0,9.0,49.0,0.3,0.1,0.8,4.0,620.0,0.0,0.0,0.43548387096774194
27.0,9.0,50.0,0.3,0.1,0.8,4.0,612.0,0.0,0.0,0.434640522875817
27.0,9.0,51.0,0.3,0.1,0.8,4.0,608.0,0.0,0.0,0.4342105263157895
27.0,9.0,52.0,0.3,0.1,0.8,4.0,599.0,0.0,0.0,0.43906510851419034
27.0,10.0,1.0,0.3,0.1,0.8,4.0,595.0,0.0,0.0,0.43865546218487395
27.0,10.0,2.0,0.3,0.1,0.8,4.0,594.0,0.0,0.0,0.44107744107744107
27.0,10.0,3.0,0.3,0.1,0.8,4.0,590.0,0.0,0.0,0.4406779661016949
27.0,10.0,4.0,0.3,0.1,0.8,4.0,593.0,0.0,0.0,0.4418212478920742
27.0,10.0,5.0,0.3,0.1,0.8,4.0,576.0,0.0,0.0,0.4427083333333333
27.0,10.0,6.0,0.3,0.1,0.8,4.0,579.0,0.0,0.0,0.4438687392055268
27.0,10.0,7.0,0.3,0.1,0.8,4.0,575.0,0.0,0.0,0.44173913043478263
27.0,10.0,8.0,0.3,0.1,0.8,4.0,577.0,0.0,0.0,0.4436741767764298
27.0,10.0,9.0,0.3,0.1,0.8,4.0,562.0,0.0,0.0,0.4430604982206406
27.0,10.0,10.0,0.3,0.1,0.8,4.0,567.0,0.0,0.0,0.4444444444444444
27.0,10.0,11.0,0.3,0.1,0.8,4.0,560.0,0.0,0.0,0.4446428571428571
27.0,10.0,12.0,0.3,0.1,0.8,4.0,563.0,0.0,0.0,0.4422735346358792
27.0,10.0,13.0,0.3,0.1,0.8,4.0,557.0,0.0,0.0,0.44344703770197486
27.0,10.0,14.0,0.3,0.1,0.8,4.0,557.0,0.0,0.0,0.4452423698384201
27.0,10.0,15.0,0.3,0.1,0.8,4.0,555.0,0.0,0.0,0.44504504504504505
27.0,10.0,16.0,0.3,0.1,0.8,4.0,556.0,0.0,0.0,0.4460431654676259
27.0,10.0,17.0,0.3,0.1,0.8,4.0,554.0,0.0,0.0,0.44584837545126355
27.0,10.0,18.0,0.3,0.1,0.8,4.0,555.0,0.0,0.0,0.44684684684684683
27.0,10.0,19.0,0.3,0.1,0.8,4.0,553.0,0.0,0.0,0.44665461121157324
27.0,10.0,20.0,0.3,0.1,0.8,4.0,1031.0,0.0,0.0,0.23084384093113483
27.0,10.0,21.0,0.3,0.1,0.8,4.0,994.0,0.0,0.0,0.23038229376257546
27.0,10.0,22.0,0.3,0.1,0.8,4.0,956.0,0.0,0.0,0.23221757322175732
27.0,10.0,23.0,0.3,0.1,0.8,4.0,882.0,0.0,0.0,0.23809523809523808
27.0,10.0,24.0,0.3,0.1,0.8,4.0,896.0,0.0,0.0,0.23772321428571427
27.0,10.0,25.0,0.3,0.1,0.8,4.0,853.0,0.0,0.0,0.2403282532239156
27.0,10.0,26.0,0.3,0.1,0.8,4.0,849.0,0.0,0.0,0.2414605418138987
27.0,10.0,27.0,0.3,0.1,0.8,4.0,832.0,0.0,0.0,0.24278846153846154
27.0,10.0,28.0,0.3,0.1,0.8,4.0,845.0,0.0,0.0,0.24260355029585798
27.0,10.0,29.0,0.3,0.1,0.8,4.0,831.0,0.0,0.0,0.2430806257521059
27.0,10.0,30.0,0.3,0.1,0.8,4.0,823.0,0.0,0.0,0.24665856622114216
27.0,10.0,31.0,0.3,0.1,0.8,4.0,786.0,0.0,0.0,0.2455470737913486
27.0,10.0,32.0,0.3,0.1,0.8,4.0,765.0,0.0,0.0,0.24836601307189543
27.0,10.0,33.0,0.3,0.1,0.8,4.0,746.0,0.0,0.0,0.25335120643431636
27.0,10.0,34.0,0.3,0.1,0.8,4.0,739.0,0.0,0.0,0.2530446549391069
27.0,10.0,35.0,0.3,0.1,0.8,4.0,746.0,0.0,0.0,0.25335120643431636
27.0,10.0,36.0,0.3,0.1,0.8,4.0,739.0,0.0,0.0,0.2530446549391069
27.0,10.0,37.0,0.3,0.1,0.8,4.0,734.0,0.0,0.0,0.2547683923705722
27.0,10.0,38.0,0.3,0.1,0.8,4.0,711.0,0.0,0.0,0.2559774964838256
27.0,10.0,39.0,0.3,0.1,0.8,4.0,718.0,0.0,0.0,0.2562674094707521
27.0,10.0,40.0,0.3,0.1,0.8,4.0,700.0,0.0,0.0,0.2571428571428571
27.0,10.0,41.0,0.3,0.1,0.8,4.0,707.0,0.0,0.0,0.25742574257425743
27.0,10.0,42.0,0.3,0.1,0.8,4.0,700.0,0.0,0.0,0.2571428571428571
27.0,10.0,43.0,0.3,0.1,0.8,4.0,695.0,0.0,0.0,0.2589928057553957
27.0,10.0,44.0,0.3,0.1,0.8,4.0,654.0,0.0,0.0,0.26605504587155965
27.0,10.0,45.0,0.3,0.1,0.8,4.0,661.0,0.0,0.0,0.4402420574886536
27.0,10.0,46.0,0.3,0.1,0.8,4.0,642.0,0.0,0.0,0.4454828660436137
27.0,10.0,47.0,0.3,0.1,0.8,4.0,649.0,0.0,0.0,0.4422187981510015
27.0,10.0,48.0,0.3,0.1,0.8,4.0,642.0,0.0,0.0,0.4454828660436137
27.0,10.0,49.0,0.3,0.1,0.8,4.0,649.0,0.0,0.0,0.4422187981510015
27.0,10.0,50.0,0.3,0.1,0.8,4.0,642.0,0.0,0.0,0.4454828660436137
27.0,10.0,51.0,0.3,0.1,0.8,4.0,651.0,0.0,0.0,0.4423963133640553
27.0,10.0,52.0,0.3,0.1,0.8,4.0,631.0,0.0,0.0,0.4421553090332805
28.0,1.0,1.0,0.3,0.1,0.8,4.0,5137.0,55.0,10.0,0.2919992213354098
28.0,1.0,2.0,0.3,0.1,0.8,4.0,5096.0,57.0,23.0,0.29317111459968603
28.0,1.0,3.0,0.3,0.1,0.8,4.0,5055.0,71.0,35.0,0.29198813056379824
28.0,1.0,4.0,0.3,0.1,0.8,4.0,5036.0,90.0,36.0,0.29388403494837173
28.0,1.0,5.0,0.3,0.1,0.8,4.0,5073.0,87.0,36.0,0.29233195347920365
28.0,1.0,6.0,0.3,0.1,0.8,4.0,4992.0,98.0,35.0,0.29286858974358976
28.0,1.0,7.0,0.3,0.1,0.8,4.0,4863.0,111.0,40.0,0.29344026321200906
28.0,1.0,8.0,0.3,0.1,0.8,4.0,4682.0,131.0,56.0,0.29303716360529686
28.0,1.0,9.0,0.3,0.1,0.8,4.0,4553.0,164.0,69.0,0.2921150889523391
28.0,1.0,10.0,0.3,0.1,0.8,4.0,4425.0,179.0,73.0,0.2928813559322034
28.0,1.0,11.0,0.3,0.1,0.8,4.0,4306.0,189.0,72.0,0.29470506270320485
28.0,1.0,12.0,0.3,0.1,0.8,4.0,4216.0,212.0,80.0,0.29648956356736245
28.0,1.0,13.0,0.3,0.1,0.8,4.0,4018.0,210.0,92.0,0.29566948730711795
28.0,1.0,14.0,0.3,0.1,0.8,4.0,3925.0,232.0,92.0,0.2975796178343949
28.0,1.0,15.0,0.3,0.1,0.8,4.0,3792.0,238.0,101.0,0.30195147679324896
28.0,1.0,16.0,0.3,0.1,0.8,4.0,3720.0,225.0,103.0,0.30376344086021506
28.0,1.0,17.0,0.3,0.1,0.8,4.0,3610.0,228.0,121.0,0.3094182825484765
28.0,1.0,18.0,0.3,0.1,0.8,4.0,3496.0,226.0,108.0,0.31178489702517165
28.0,1.0,19.0,0.3,0.1,0.8,4.0,3362.0,214.0,110.0,0.31618084473527663
28.0,1.0,20.0,0.3,0.1,0.8,4.0,6248.0,198.0,102.0,0.16949423815620998
28.0,1.0,21.0,0.3,0.1,0.8,4.0,5714.0,228.0,100.0,0.1729086454322716
28.0,1.0,22.0,0.3,0.1,0.8,4.0,5341.0,262.0,99.0,0.1782437745740498
28.0,1.0,23.0,0.3,0.1,0.8,4.0,5128.0,282.0,112.0,0.17921216848673946
28.0,1.0,24.0,0.3,0.1,0.8,4.0,4896.0,308.0,115.0,0.184640522875817
28.0,1.0,25.0,0.3,0.1,0.8,4.0,4689.0,319.0,129.0,0.1855406269993602
28.0,1.0,26.0,0.3,0.1,0.8,4.0,4402.0,334.0,136.0,0.18923216719672875
28.0,1.0,27.0,0.3,0.1,0.8,4.0,4157.0,362.0,152.0,0.1917248015395718
28.0,1.0,28.0,0.3,0.1,0.8,4.0,3947.0,358.0,156.0,0.1971117304281733
28.0,1.0,29.0,0.3,0.1,0.8,4.0,3754.0,358.0,155.0,0.20218433670751199
28.0,1.0,30.0,0.3,0.1,0.8,4.0,3581.0,365.0,161.0,0.2038536721586149
28.0,1.0,31.0,0.3,0.1,0.8,4.0,3442.0,363.0,173.0,0.20830912260313772
28.0,1.0,32.0,0.3,0.1,0.8,4.0,3252.0,337.0,173.0,0.21648216482164823
28.0,1.0,33.0,0.3,0.1,0.8,4.0,3106.0,330.0,173.0,0.21957501609787508
28.0,1.0,34.0,0.3,0.1,0.8,4.0,2994.0,303.0,140.0,0.22745490981963928
28.0,1.0,35.0,0.3,0.1,0.8,4.0,2760.0,268.0,127.0,0.23659420289855074
28.0,1.0,36.0,0.3,0.1,0.8,4.0,2682.0,260.0,126.0,0.2412378821774795
28.0,1.0,37.0,0.3,0.1,0.8,4.0,2547.0,255.0,127.0,0.2469572045543777
28.0,1.0,38.0,0.3,0.1,0.8,4.0,2465.0,237.0,128.0,0.2527383367139959
28.0,1.0,39.0,0.3,0.1,0.8,4.0,2371.0,241.0,118.0,0.25896246309574017
28.0,1.0,40.0,0.3,0.1,0.8,4.0,2267.0,219.0,111.0,0.2659902955447728
28.0,1.0,41.0,0.3,0.1,0.8,4.0,2137.0,207.0,93.0,0.2756200280767431
28.0,1.0,42.0,0.3,0.1,0.8,4.0,2089.0,199.0,95.0,0.28051699377692674
28.0,1.0,43.0,0.3,0.1,0.8,4.0,2032.0,196.0,90.0,0.28641732283464566
28.0,1.0,44.0,0.3,0.1,0.8,4.0,1973.0,187.0,84.0,0.29295489102889
28.0,1.0,45.0,0.3,0.1,0.8,4.0,1922.0,190.0,88.0,0.459417273673257
28.0,1.0,46.0,0.3,0.1,0.8,4.0,1849.0,179.0,87.0,0.46511627906976744
28.0,1.0,47.0,0.3,0.1,0.8,4.0,1794.0,166.0,87.0,0.47045707915273133
28.0,1.0,48.0,0.3,0.1,0.8,4.0,1765.0,153.0,87.0,0.4736543909348442
28.0,1.0,49.0,0.3,0.1,0.8,4.0,1690.0,136.0,75.0,0.4840236686390533
28.0,1.0,50.0,0.3,0.1,0.8,4.0,1650.0,115.0,61.0,0.48787878787878786
28.0,1.0,51.0,0.3,0.1,0.8,4.0,1620.0,104.0,57.0,0.49320987654320986
28.0,1.0,52.0,0.3,0.1,0.8,4.0,1559.0,88.0,48.0,0.4971135343168698
28.0,2.0,1.0,0.3,0.1,0.8,4.0,1541.0,80.0,52.0,0.5042180402336145
28.0,2.0,2.0,0.3,0.1,0.8,4.0,1511.0,65.0,36.0,0.5082726671078756
28.0,2.0,3.0,0.3,0.1,0.8,4.0,1485.0,64.0,32.0,0.5124579124579125
28.0,2.0,4.0,0.3,0.1,0.8,4.0,1457.0,51.0,28.0,0.5175017158544956
28.0,2.0,5.0,0.3,0.1,0.8,4.0,1454.0,56.0,38.0,0.5199449793672627
28.0,2.0,6.0,0.3,0.1,0.8,4.0,1427.0,50.0,31.0,0.5262789067974772
28.0,2.0,7.0,0.3,0.1,0.8,4.0,1408.0,43.0,24.0,0.5319602272727273
28.0,2.0,8.0,0.3,0.1,0.8,4.0,1387.0,37.0,19.0,0.5349675558759913
28.0,2.0,9.0,0.3,0.1,0.8,4.0,1348.0,33.0,18.0,0.5363501483679525
28.0,2.0,10.0,0.3,0.1,0.8,4.0,1333.0,29.0,15.0,0.5393848462115529
28.0,2.0,11.0,0.3,0.1,0.8,4.0,1322.0,29.0,11.0,0.5438729198184569
28.0,2.0,12.0,0.3,0.1,0.8,4.0,1308.0,29.0,10.0,0.5451070336391437
28.0,2.0,13.0,0.3,0.1,0.8,4.0,1278.0,28.0,10.0,0.5453834115805947
28.0,2.0,14.0,0.3,0.1,0.8,4.0,1268.0,26.0,10.0,0.5449526813880127
28.0,2.0,15.0,0.3,0.1,0.8,4.0,1254.0,23.0,12.0,0.5462519936204147
28.0,2.0,16.0,0.3,0.1,0.8,4.0,1244.0,21.0,16.0,0.5490353697749196
28.0,2.0,17.0,0.3,0.1,0.8,4.0,1240.0,22.0,16.0,0.5483870967741935
28.0,2.0,18.0,0.3,0.1,0.8,4.0,1220.0,18.0,10.0,0.5508196721311476
28.0,2.0,19.0,0.3,0.1,0.8,4.0,1215.0,13.0,4.0,0.5530864197530864
28.0,2.0,20.0,0.3,0.1,0.8,4.0,2261.0,11.0,5.0,0.29411764705882354
28.0,2.0,21.0,0.3,0.1,0.8,4.0,2176.0,17.0,8.0,0.28952205882352944
28.0,2.0,22.0,0.3,0.1,0.8,4.0,2076.0,22.0,7.0,0.2957610789980732
28.0,2.0,23.0,0.3,0.1,0.8,4.0,2041.0,29.0,7.0,0.294953454189123
28.0,2.0,24.0,0.3,0.1,0.8,4.0,1924.0,23.0,9.0,0.3024948024948025
28.0,2.0,25.0,0.3,0.1,0.8,4.0,1894.0,29.0,14.0,0.30095036958817317
28.0,2.0,26.0,0.3,0.1,0.8,4.0,1835.0,32.0,15.0,0.30572207084468667
28.0,2.0,27.0,0.3,0.1,0.8,4.0,1795.0,36.0,16.0,0.30919220055710306
28.0,2.0,28.0,0.3,0.1,0.8,4.0,1718.0,37.0,14.0,0.3119906868451688
28.0,2.0,29.0,0.3,0.1,0.8,4.0,1716.0,45.0,17.0,0.3111888111888112
28.0,2.0,30.0,0.3,0.1,0.8,4.0,1652.0,41.0,15.0,0.31840193704600483
28.0,2.0,31.0,0.3,0.1,0.8,4.0,1622.0,46.0,18.0,0.3162762022194821
28.0,2.0,32.0,0.3,0.1,0.8,4.0,1580.0,45.0,19.0,0.3221518987341772
28.0,2.0,33.0,0.3,0.1,0.8,4.0,1559.0,45.0,19.0,0.32200128287363694
28.0,2.0,34.0,0.3,0.1,0.8,4.0,1480.0,37.0,18.0,0.32094594594594594
28.0,2.0,35.0,0.3,0.1,0.8,4.0,1456.0,32.0,20.0,0.32074175824175827
28.0,2.0,36.0,0.3,0.1,0.8,4.0,1430.0,31.0,22.0,0.3265734265734266
28.0,2.0,37.0,0.3,0.1,0.8,4.0,1400.0,36.0,16.0,0.32571428571428573
28.0,2.0,38.0,0.3,0.1,0.8,4.0,1362.0,24.0,10.0,0.3303964757709251
28.0,2.0,39.0,0.3,0.1,0.8,4.0,1303.0,20.0,8.0,0.32770529547198773
28.0,2.0,40.0,0.3,0.1,0.8,4.0,1276.0,20.0,14.0,0.3299373040752351
28.0,2.0,41.0,0.3,0.1,0.8,4.0,1240.0,24.0,16.0,0.33306451612903226
28.0,2.0,42.0,0.3,0.1,0.8,4.0,1208.0,27.0,15.0,0.3402317880794702
28.0,2.0,43.0,0.3,0.1,0.8,4.0,1190.0,24.0,11.0,0.33949579831932775
28.0,2.0,44.0,0.3,0.1,0.8,4.0,1147.0,21.0,10.0,0.34088927637314737
28.0,2.0,45.0,0.3,0.1,0.8,4.0,1116.0,19.0,13.0,0.4632616487455197
28.0,2.0,46.0,0.3,0.1,0.8,4.0,1116.0,23.0,13.0,0.46774193548387094
28.0,2.0,47.0,0.3,0.1,0.8,4.0,1088.0,20.0,12.0,0.46875
28.0,2.0,48.0,0.3,0.1,0.8,4.0,1078.0,16.0,8.0,0.47031539888682744
28.0,2.0,49.0,0.3,0.1,0.8,4.0,1049.0,14.0,7.0,0.47378455672068637
28.0,2.0,50.0,0.3,0.1,0.8,4.0,1035.0,12.0,6.0,0.47342995169082125
28.0,2.0,51.0,0.3,0.1,0.8,4.0,1013.0,11.0,5.0,0.472852912142152
28.0,2.0,52.0,0.3,0.1,0.8,4.0,1002.0,8.0,7.0,0.4750499001996008
28.0,3.0,1.0,0.3,0.1,0.8,4.0,987.0,8.0,5.0,0.47619047619047616
28.0,3.0,2.0,0.3,0.1,0.8,4.0,991.0,8.0,6.0,0.47527749747729564
28.0,3.0,3.0,0.3,0.1,0.8,4.0,956.0,4.0,1.0,0.4769874476987448
28.0,3.0,4.0,0.3,0.1,0.8,4.0,959.0,5.0,1.0,0.4765380604796663
28.0,3.0,5.0,0.3,0.1,0.8,4.0,945.0,4.0,1.0,0.47619047619047616
28.0,3.0,6.0,0.3,0.1,0.8,4.0,952.0,4.0,2.0,0.47584033613445376
28.0,3.0,7.0,0.3,0.1,0.8,4.0,941.0,4.0,4.0,0.47502656748140276
28.0,3.0,8.0,0.3,0.1,0.8,4.0,943.0,3.0,3.0,0.4750795334040297
28.0,3.0,9.0,0.3,0.1,0.8,4.0,923.0,2.0,2.0,0.47778981581798485
28.0,3.0,10.0,0.3,0.1,0.8,4.0,919.0,0.0,0.0,0.4776931447225245
28.0,3.0,11.0,0.3,0.1,0.8,4.0,902.0,0.0,0.0,0.4778270509977827
28.0,3.0,12.0,0.3,0.1,0.8,4.0,908.0,0.0,0.0,0.4779735682819383
28.0,3.0,13.0,0.3,0.1,0.8,4.0,887.0,0.0,0.0,0.47801578354002255
28.0,3.0,14.0,0.3,0.1,0.8,4.0,897.0,0.0,0.0,0.4760312151616499
28.0,3.0,15.0,0.3,0.1,0.8,4.0,883.0,0.0,0.0,0.47451868629671573
28.0,3.0,16.0,0.3,0.1,0.8,4.0,886.0,0.0,0.0,0.47404063205417607
28.0,3.0,17.0,0.3,0.1,0.8,4.0,870.0,0.0,0.0,0.4724137931034483
28.0,3.0,18.0,0.3,0.1,0.8,4.0,876.0,0.0,0.0,0.4726027397260274
28.0,3.0,19.0,0.3,0.1,0.8,4.0,853.0,0.0,0.0,0.47010550996483
28.0,3.0,20.0,0.3,0.1,0.8,4.0,1528.0,0.0,0.0,0.2591623036649215
28.0,3.0,21.0,0.3,0.1,0.8,4.0,1459.0,0.0,0.0,0.2604523646333105
28.0,3.0,22.0,0.3,0.1,0.8,4.0,1427.0,0.0,0.0,0.2620882971268395
28.0,3.0,23.0,0.3,0.1,0.8,4.0,1393.0,0.0,0.0,0.2605886575735822
28.0,3.0,24.0,0.3,0.1,0.8,4.0,1385.0,0.0,0.0,0.2628158844765343
28.0,3.0,25.0,0.3,0.1,0.8,4.0,1378.0,0.0,0.0,0.2590711175616836
28.0,3.0,26.0,0.3,0.1,0.8,4.0,1360.0,0.0,0.0,0.2595588235294118
28.0,3.0,27.0,0.3,0.1,0.8,4.0,1321.0,0.0,0.0,0.25510976532929597
28.0,3.0,28.0,0.3,0.1,0.8,4.0,1278.0,0.0,0.0,0.257433489827856
28.0,3.0,29.0,0.3,0.1,0.8,4.0,1253.0,0.0,0.0,0.25379090183559455
28.0,3.0,30.0,0.3,0.1,0.8,4.0,1219.0,0.0,0.0,0.2559474979491386
28.0,3.0,31.0,0.3,0.1,0.8,4.0,1217.0,0.0,0.0,0.2522596548890715
28.0,3.0,32.0,0.3,0.1,0.8,4.0,1185.0,0.0,0.0,0.2523206751054852
28.0,3.0,33.0,0.3,0.1,0.8,4.0,1137.0,0.0,0.0,0.2515391380826737
28.0,3.0,34.0,0.3,0.1,0.8,4.0,1129.0,0.0,0.0,0.254207263064659
28.0,3.0,35.0,0.3,0.1,0.8,4.0,1112.0,0.0,0.0,0.25359712230215825
28.0,3.0,36.0,0.3,0.1,0.8,4.0,1095.0,0.0,0.0,0.25844748858447486
28.0,3.0,37.0,0.3,0.1,0.8,4.0,1072.0,0.0,0.0,0.25652985074626866
28.0,3.0,38.0,0.3,0.1,0.8,4.0,1035.0,0.0,0.0,0.26280193236714977
28.0,3.0,39.0,0.3,0.1,0.8,4.0,994.0,0.0,0.0,0.25251509054325955
28.0,3.0,40.0,0.3,0.1,0.8,4.0,991.0,0.0,0.0,0.25630676084762866
28.0,3.0,41.0,0.3,0.1,0.8,4.0,986.0,0.0,0.0,0.25050709939148075
28.0,3.0,42.0,0.3,0.1,0.8,4.0,985.0,0.0,0.0,0.25380710659898476
28.0,3.0,43.0,0.3,0.1,0.8,4.0,978.0,0.0,0.0,0.24948875255623723
28.0,3.0,44.0,0.3,0.1,0.8,4.0,971.0,0.0,0.0,0.25231719876416064
28.0,3.0,45.0,0.3,0.1,0.8,4.0,935.0,0.0,0.0,0.4374331550802139
28.0,3.0,46.0,0.3,0.1,0.8,4.0,939.0,0.0,0.0,0.4398296059637913
28.0,3.0,47.0,0.3,0.1,0.8,4.0,919.0,0.0,0.0,0.44178454842219805
28.0,3.0,48.0,0.3,0.1,0.8,4.0,915.0,0.0,0.0,0.44043715846994536
28.0,3.0,49.0,0.3,0.1,0.8,4.0,901.0,0.0,0.0,0.43951165371809103
28.0,3.0,50.0,0.3,0.1,0.8,4.0,880.0,0.0,0.0,0.4431818181818182
28.0,3.0,51.0,0.3,0.1,0.8,4.0,871.0,0.0,0.0,0.4431687715269805
28.0,3.0,52.0,0.3,0.1,0.8,4.0,864.0,0.0,0.0,0.44560185185185186
28.0,4.0,1.0,0.3,0.1,0.8,4.0,846.0,0.0,0.0,0.44208037825059104
28.0,4.0,2.0,0.3,0.1,0.8,4.0,836.0,0.0,0.0,0.44258373205741625
28.0,4.0,3.0,0.3,0.1,0.8,4.0,841.0,0.0,0.0,0.441141498216409
28.0,4.0,4.0,0.3,0.1,0.8,4.0,835.0,0.0,0.0,0.4431137724550898
28.0,4.0,5.0,0.3,0.1,0.8,4.0,829.0,0.0,0.0,0.44149577804583834
28.0,4.0,6.0,0.3,0.1,0.8,4.0,816.0,0.0,0.0,0.4424019607843137
28.0,4.0,7.0,0.3,0.1,0.8,4.0,810.0,0.0,0.0,0.44074074074074077
28.0,4.0,8.0,0.3,0.1,0.8,4.0,810.0,0.0,0.0,0.4444444444444444
28.0,4.0,9.0,0.3,0.1,0.8,4.0,797.0,0.0,0.0,0.44291091593475534
28.0,4.0,10.0,0.3,0.1,0.8,4.0,792.0,0.0,0.0,0.4457070707070707
28.0,4.0,11.0,0.3,0.1,0.8,4.0,782.0,0.0,0.0,0.44501278772378516
28.0,4.0,12.0,0.3,0.1,0.8,4.0,780.0,0.0,0.0,0.44743589743589746
28.0,4.0,13.0,0.3,0.1,0.8,4.0,768.0,0.0,0.0,0.44921875
28.0,4.0,14.0,0.3,0.1,0.8,4.0,773.0,0.0,0.0,0.4489003880983182
28.0,4.0,15.0,0.3,0.1,0.8,4.0,761.0,0.0,0.0,0.4507227332457293
28.0,4.0,16.0,0.3,0.1,0.8,4.0,747.0,0.0,0.0,0.4444444444444444
28.0,4.0,17.0,0.3,0.1,0.8,4.0,728.0,0.0,0.0,0.44642857142857145
28.0,4.0,18.0,0.3,0.1,0.8,4.0,715.0,0.0,0.0,0.45034965034965035
28.0,4.0,19.0,0.3,0.1,0.8,4.0,712.0,0.0,0.0,0.4508426966292135
28.0,4.0,20.0,0.3,0.1,0.8,4.0,1295.0,0.0,0.0,0.2478764478764479
28.0,4.0,21.0,0.3,0.1,0.8,4.0,1266.0,0.0,0.0,0.2480252764612954
28.0,4.0,22.0,0.3,0.1,0.8,4.0,1245.0,0.0,0.0,0.24899598393574296
28.0,4.0,23.0,0.3,0.1,0.8,4.0,1212.0,0.0,0.0,0.24587458745874588
28.0,4.0,24.0,0.3,0.1,0.8,4.0,1201.0,0.0,0.0,0.24895920066611157
28.0,4.0,25.0,0.3,0.1,0.8,4.0,1181.0,0.0,0.0,0.2464013547840813
28.0,4.0,26.0,0.3,0.1,0.8,4.0,1194.0,0.0,0.0,0.24623115577889448
28.0,4.0,27.0,0.3,0.1,0.8,4.0,1165.0,0.0,0.0,0.24206008583690988
28.0,4.0,28.0,0.3,0.1,0.8,4.0,1148.0,0.0,0.0,0.24477351916376305
28.0,4.0,29.0,0.3,0.1,0.8,4.0,1112.0,0.0,0.0,0.24550359712230216
28.0,4.0,30.0,0.3,0.1,0.8,4.0,1046.0,0.0,0.0,0.25334608030592737
28.0,4.0,31.0,0.3,0.1,0.8,4.0,1013.0,0.0,0.0,0.24679170779861798
28.0,4.0,32.0,0.3,0.1,0.8,4.0,972.0,0.0,0.0,0.25411522633744854
28.0,4.0,33.0,0.3,0.1,0.8,4.0,981.0,0.0,0.0,0.25178389398572887
28.0,4.0,34.0,0.3,0.1,0.8,4.0,944.0,0.0,0.0,0.2584745762711864
28.0,4.0,35.0,0.3,0.1,0.8,4.0,940.0,0.0,0.0,0.2553191489361702
28.0,4.0,36.0,0.3,0.1,0.8,4.0,920.0,0.0,0.0,0.2532608695652174
28.0,4.0,37.0,0.3,0.1,0.8,4.0,888.0,0.0,0.0,0.2545045045045045
28.0,4.0,38.0,0.3,0.1,0.8,4.0,870.0,0.0,0.0,0.25862068965517243
28.0,4.0,39.0,0.3,0.1,0.8,4.0,855.0,0.0,0.0,0.2584795321637427
28.0,4.0,40.0,0.3,0.1,0.8,4.0,845.0,0.0,0.0,0.26153846153846155
28.0,4.0,41.0,0.3,0.1,0.8,4.0,839.0,0.0,0.0,0.2598331346841478
28.0,4.0,42.0,0.3,0.1,0.8,4.0,830.0,0.0,0.0,0.26265060240963856
28.0,4.0,43.0,0.3,0.1,0.8,4.0,818.0,0.0,0.0,0.2603911980440098
28.0,4.0,44.0,0.3,0.1,0.8,4.0,800.0,0.0,0.0,0.2625
28.0,4.0,45.0,0.3,0.1,0.8,4.0,792.0,0.0,0.0,0.42803030303030304
28.0,4.0,46.0,0.3,0.1,0.8,4.0,752.0,0.0,0.0,0.42686170212765956
28.0,4.0,47.0,0.3,0.1,0.8,4.0,744.0,0.0,0.0,0.42338709677419356
28.0,4.0,48.0,0.3,0.1,0.8,4.0,742.0,0.0,0.0,0.42452830188679247
28.0,4.0,49.0,0.3,0.1,0.8,4.0,737.0,0.0,0.0,0.42198100407055633
28.0,4.0,50.0,0.3,0.1,0.8,4.0,735.0,0.0,0.0,0.4217687074829932
28.0,4.0,51.0,0.3,0.1,0.8,4.0,715.0,0.0,0.0,0.42097902097902096
28.0,4.0,52.0,0.3,0.1,0.8,4.0,716.0,0.0,0.0,0.4231843575418994
28.0,5.0,1.0,0.3,0.1,0.8,4.0,706.0,0.0,0.0,0.42492917847025496
28.0,5.0,2.0,0.3,0.1,0.8,4.0,709.0,0.0,0.0,0.4245416078984485
28.0,5.0,3.0,0.3,0.1,0.8,4.0,700.0,0.0,0.0,0.42857142857142855
28.0,5.0,4.0,0.3,0.1,0.8,4.0,706.0,0.0,0.0,0.42209631728045327
28.0,5.0,5.0,0.3,0.1,0.8,4.0,696.0,0.0,0.0,0.4267241379310345
28.0,5.0,6.0,0.3,0.1,0.8,4.0,695.0,0.0,0.0,0.42158273381294964
28.0,5.0,7.0,0.3,0.1,0.8,4.0,684.0,0.0,0.0,0.4239766081871345
28.0,5.0,8.0,0.3,0.1,0.8,4.0,685.0,0.0,0.0,0.4248175182481752
28.0,5.0,9.0,0.3,0.1,0.8,4.0,667.0,0.0,0.0,0.4302848575712144
28.0,5.0,10.0,0.3,0.1,0.8,4.0,665.0,0.0,0.0,0.42857142857142855
28.0,5.0,11.0,0.3,0.1,0.8,4.0,653.0,0.0,0.0,0.4349157733537519
28.0,5.0,12.0,0.3,0.1,0.8,4.0,655.0,0.0,0.0,0.43206106870229005
28.0,5.0,13.0,0.3,0.1,0.8,4.0,644.0,0.0,0.0,0.4409937888198758
28.0,5.0,14.0,0.3,0.1,0.8,4.0,654.0,0.0,0.0,0.4327217125382263
28.0,5.0,15.0,0.3,0.1,0.8,4.0,644.0,0.0,0.0,0.4394409937888199
28.0,5.0,16.0,0.3,0.1,0.8,4.0,646.0,0.0,0.0,0.43653250773993807
28.0,5.0,17.0,0.3,0.1,0.8,4.0,642.0,0.0,0.0,0.4392523364485981
28.0,5.0,18.0,0.3,0.1,0.8,4.0,626.0,0.0,0.0,0.44089456869009586
28.0,5.0,19.0,0.3,0.1,0.8,4.0,637.0,0.0,0.0,0.43956043956043955
28.0,5.0,20.0,0.3,0.1,0.8,4.0,1106.0,0.0,0.0,0.24773960216998192
28.0,5.0,21.0,0.3,0.1,0.8,4.0,1110.0,0.0,0.0,0.24954954954954955
28.0,5.0,22.0,0.3,0.1,0.8,4.0,1083.0,0.0,0.0,0.247460757156048
28.0,5.0,23.0,0.3,0.1,0.8,4.0,1093.0,0.0,0.0,0.24977127172918573
28.0,5.0,24.0,0.3,0.1,0.8,4.0,1049.0,0.0,0.0,0.24785510009532888
28.0,5.0,25.0,0.3,0.1,0.8,4.0,1031.0,0.0,0.0,0.25121241513094084
28.0,5.0,26.0,0.3,0.1,0.8,4.0,983.0,0.0,0.0,0.24720244150559512
28.0,5.0,27.0,0.3,0.1,0.8,4.0,987.0,0.0,0.0,0.25227963525835867
28.0,5.0,28.0,0.3,0.1,0.8,4.0,934.0,0.0,0.0,0.2558886509635974
28.0,5.0,29.0,0.3,0.1,0.8,4.0,925.0,0.0,0.0,0.25405405405405407
28.0,5.0,30.0,0.3,0.1,0.8,4.0,922.0,0.0,0.0,0.2527114967462039
28.0,5.0,31.0,0.3,0.1,0.8,4.0,914.0,0.0,0.0,0.2549234135667396
28.0,5.0,32.0,0.3,0.1,0.8,4.0,904.0,0.0,0.0,0.252212389380531
28.0,5.0,33.0,0.3,0.1,0.8,4.0,884.0,0.0,0.0,0.2579185520361991
28.0,5.0,34.0,0.3,0.1,0.8,4.0,883.0,0.0,0.0,0.2559456398640997
28.0,5.0,35.0,0.3,0.1,0.8,4.0,876.0,0.0,0.0,0.2557077625570776
28.0,5.0,36.0,0.3,0.1,0.8,4.0,867.0,0.0,0.0,0.25951557093425603
28.0,5.0,37.0,0.3,0.1,0.8,4.0,859.0,0.0,0.0,0.2549476135040745
28.0,5.0,38.0,0.3,0.1,0.8,4.0,854.0,0.0,0.0,0.25526932084309134
28.0,5.0,39.0,0.3,0.1,0.8,4.0,808.0,0.0,0.0,0.25495049504950495
28.0,5.0,40.0,0.3,0.1,0.8,4.0,788.0,0.0,0.0,0.26015228426395937
28.0,5.0,41.0,0.3,0.1,0.8,4.0,775.0,0.0,0.0,0.2593548387096774
28.0,5.0,42.0,0.3,0.1,0.8,4.0,760.0,0.0,0.0,0.2618421052631579
28.0,5.0,43.0,0.3,0.1,0.8,4.0,741.0,0.0,0.0,0.25775978407557354
28.0,5.0,44.0,0.3,0.1,0.8,4.0,715.0,0.0,0.0,0.25874125874125875
28.0,5.0,45.0,0.3,0.1,0.8,4.0,716.0,0.0,0.0,0.42178770949720673
28.0,5.0,46.0,0.3,0.1,0.8,4.0,701.0,0.0,0.0,0.41797432239657634
28.0,5.0,47.0,0.3,0.1,0.8,4.0,694.0,0.0,0.0,0.41930835734870314
28.0,5.0,48.0,0.3,0.1,0.8,4.0,677.0,0.0,0.0,0.41802067946824223
28.0,5.0,49.0,0.3,0.1,0.8,4.0,664.0,0.0,0.0,0.4246987951807229
28.0,5.0,50.0,0.3,0.1,0.8,4.0,653.0,0.0,0.0,0.4226646248085758
28.0,5.0,51.0,0.3,0.1,0.8,4.0,661.0,0.0,0.0,0.42511346444780634
28.0,5.0,52.0,0.3,0.1,0.8,4.0,646.0,0.0,0.0,0.42569659442724456
28.0,6.0,1.0,0.3,0.1,0.8,4.0,650.0,0.0,0.0,0.4276923076923077
28.0,6.0,2.0,0.3,0.1,0.8,4.0,636.0,0.0,0.0,0.42924528301886794
28.0,6.0,3.0,0.3,0.1,0.8,4.0,644.0,0.0,0.0,0.4301242236024845
28.0,6.0,4.0,0.3,0.1,0.8,4.0,623.0,0.0,0.0,0.42696629213483145
28.0,6.0,5.0,0.3,0.1,0.8,4.0,623.0,0.0,0.0,0.4317817014446228
28.0,6.0,6.0,0.3,0.1,0.8,4.0,614.0,0.0,0.0,0.42833876221498374
28.0,6.0,7.0,0.3,0.1,0.8,4.0,608.0,0.0,0.0,0.4309210526315789
28.0,6.0,8.0,0.3,0.1,0.8,4.0,593.0,0.0,0.0,0.42833052276559863
28.0,6.0,9.0,0.3,0.1,0.8,4.0,603.0,0.0,0.0,0.43283582089552236
28.0,6.0,10.0,0.3,0.1,0.8,4.0,583.0,0.0,0.0,0.4391080617495712
28.0,6.0,11.0,0.3,0.1,0.8,4.0,592.0,0.0,0.0,0.4408783783783784
28.0,6.0,12.0,0.3,0.1,0.8,4.0,568.0,0.0,0.0,0.44190140845070425
28.0,6.0,13.0,0.3,0.1,0.8,4.0,572.0,0.0,0.0,0.44405594405594406
28.0,6.0,14.0,0.3,0.1,0.8,4.0,560.0,0.0,0.0,0.44642857142857145
28.0,6.0,15.0,0.3,0.1,0.8,4.0,566.0,0.0,0.0,0.4452296819787986
28.0,6.0,16.0,0.3,0.1,0.8,4.0,558.0,0.0,0.0,0.4444444444444444
28.0,6.0,17.0,0.3,0.1,0.8,4.0,562.0,0.0,0.0,0.44661921708185054
28.0,6.0,18.0,0.3,0.1,0.8,4.0,554.0,0.0,0.0,0.44404332129963897
28.0,6.0,19.0,0.3,0.1,0.8,4.0,558.0,0.0,0.0,0.44623655913978494
28.0,6.0,20.0,0.3,0.1,0.8,4.0,997.0,0.0,0.0,0.24573721163490472
28.0,6.0,21.0,0.3,0.1,0.8,4.0,995.0,0.0,0.0,0.24623115577889448
28.0,6.0,22.0,0.3,0.1,0.8,4.0,943.0,0.0,0.0,0.24814422057264052
28.0,6.0,23.0,0.3,0.1,0.8,4.0,946.0,0.0,0.0,0.25158562367864695
28.0,6.0,24.0,0.3,0.1,0.8,4.0,924.0,0.0,0.0,0.2510822510822511
28.0,6.0,25.0,0.3,0.1,0.8,4.0,891.0,0.0,0.0,0.2558922558922559
28.0,6.0,26.0,0.3,0.1,0.8,4.0,853.0,0.0,0.0,0.26260257913247365
28.0,6.0,27.0,0.3,0.1,0.8,4.0,843.0,0.0,0.0,0.25741399762752076
28.0,6.0,28.0,0.3,0.1,0.8,4.0,830.0,0.0,0.0,0.25542168674698795
28.0,6.0,29.0,0.3,0.1,0.8,4.0,846.0,0.0,0.0,0.2565011820330969
28.0,6.0,30.0,0.3,0.1,0.8,4.0,816.0,0.0,0.0,0.25735294117647056
28.0,6.0,31.0,0.3,0.1,0.8,4.0,797.0,0.0,0.0,0.2584692597239649
28.0,6.0,32.0,0.3,0.1,0.8,4.0,801.0,0.0,0.0,0.25593008739076156
28.0,6.0,33.0,0.3,0.1,0.8,4.0,771.0,0.0,0.0,0.2594033722438392
28.0,6.0,34.0,0.3,0.1,0.8,4.0,766.0,0.0,0.0,0.2584856396866841
28.0,6.0,35.0,0.3,0.1,0.8,4.0,764.0,0.0,0.0,0.2591623036649215
28.0,6.0,36.0,0.3,0.1,0.8,4.0,735.0,0.0,0.0,0.2639455782312925
28.0,6.0,37.0,0.3,0.1,0.8,4.0,739.0,0.0,0.0,0.2652232746955345
28.0,6.0,38.0,0.3,0.1,0.8,4.0,712.0,0.0,0.0,0.2696629213483146
28.0,6.0,39.0,0.3,0.1,0.8,4.0,715.0,0.0,0.0,0.2699300699300699
28.0,6.0,40.0,0.3,0.1,0.8,4.0,702.0,0.0,0.0,0.26495726495726496
28.0,6.0,41.0,0.3,0.1,0.8,4.0,677.0,0.0,0.0,0.2717872968980798
28.0,6.0,42.0,0.3,0.1,0.8,4.0,665.0,0.0,0.0,0.26917293233082706
28.0,6.0,43.0,0.3,0.1,0.8,4.0,645.0,0.0,0.0,0.2744186046511628
28.0,6.0,44.0,0.3,0.1,0.8,4.0,623.0,0.0,0.0,0.27608346709470305
28.0,6.0,45.0,0.3,0.1,0.8,4.0,628.0,0.0,0.0,0.44745222929936307
28.0,6.0,46.0,0.3,0.1,0.8,4.0,607.0,0.0,0.0,0.4464579901153213
28.0,6.0,47.0,0.3,0.1,0.8,4.0,610.0,0.0,0.0,0.44754098360655736
28.0,6.0,48.0,0.3,0.1,0.8,4.0,592.0,0.0,0.0,0.44932432432432434
28.0,6.0,49.0,0.3,0.1,0.8,4.0,596.0,0.0,0.0,0.4513422818791946
28.0,6.0,50.0,0.3,0.1,0.8,4.0,587.0,0.0,0.0,0.4514480408858603
28.0,6.0,51.0,0.3,0.1,0.8,4.0,593.0,0.0,0.0,0.4502529510961214
28.0,6.0,52.0,0.3,0.1,0.8,4.0,586.0,0.0,0.0,0.447098976109215
28.0,7.0,1.0,0.3,0.1,0.8,4.0,589.0,0.0,0.0,0.45161290322580644
28.0,7.0,2.0,0.3,0.1,0.8,4.0,585.0,0.0,0.0,0.4478632478632479
28.0,7.0,3.0,0.3,0.1,0.8,4.0,587.0,0.0,0.0,0.4497444633730835
28.0,7.0,4.0,0.3,0.1,0.8,4.0,586.0,0.0,0.0,0.4453924914675768
28.0,7.0,5.0,0.3,0.1,0.8,4.0,588.0,0.0,0.0,0.4489795918367347
28.0,7.0,6.0,0.3,0.1,0.8,4.0,571.0,0.0,0.0,0.44658493870402804
28.0,7.0,7.0,0.3,0.1,0.8,4.0,572.0,0.0,0.0,0.4493006993006993
28.0,7.0,8.0,0.3,0.1,0.8,4.0,566.0,0.0,0.0,0.4469964664310954
28.0,7.0,9.0,0.3,0.1,0.8,4.0,561.0,0.0,0.0,0.45098039215686275
28.0,7.0,10.0,0.3,0.1,0.8,4.0,558.0,0.0,0.0,0.44802867383512546
28.0,7.0,11.0,0.3,0.1,0.8,4.0,544.0,0.0,0.0,0.4577205882352941
28.0,7.0,12.0,0.3,0.1,0.8,4.0,546.0,0.0,0.0,0.4523809523809524
28.0,7.0,13.0,0.3,0.1,0.8,4.0,540.0,0.0,0.0,0.45555555555555555
28.0,7.0,14.0,0.3,0.1,0.8,4.0,540.0,0.0,0.0,0.44814814814814813
28.0,7.0,15.0,0.3,0.1,0.8,4.0,539.0,0.0,0.0,0.45640074211502785
28.0,7.0,16.0,0.3,0.1,0.8,4.0,537.0,0.0,0.0,0.4506517690875233
28.0,7.0,17.0,0.3,0.1,0.8,4.0,534.0,0.0,0.0,0.45880149812734083
28.0,7.0,18.0,0.3,0.1,0.8,4.0,534.0,0.0,0.0,0.45318352059925093
28.0,7.0,19.0,0.3,0.1,0.8,4.0,535.0,0.0,0.0,0.45981308411214955
28.0,7.0,20.0,0.3,0.1,0.8,4.0,944.0,0.0,0.0,0.2563559322033898
28.0,7.0,21.0,0.3,0.1,0.8,4.0,953.0,0.0,0.0,0.25603357817418676
28.0,7.0,22.0,0.3,0.1,0.8,4.0,941.0,0.0,0.0,0.2561105207226355
28.0,7.0,23.0,0.3,0.1,0.8,4.0,951.0,0.0,0.0,0.2565720294426919
28.0,7.0,24.0,0.3,0.1,0.8,4.0,933.0,0.0,0.0,0.2572347266881029
28.0,7.0,25.0,0.3,0.1,0.8,4.0,931.0,0.0,0.0,0.25671321160042965
28.0,7.0,26.0,0.3,0.1,0.8,4.0,902.0,0.0,0.0,0.2572062084257206
28.0,7.0,27.0,0.3,0.1,0.8,4.0,907.0,0.0,0.0,0.25689084895259096
28.0,7.0,28.0,0.3,0.1,0.8,4.0,893.0,0.0,0.0,0.2564389697648376
28.0,7.0,29.0,0.3,0.1,0.8,4.0,880.0,0.0,0.0,0.2590909090909091
28.0,7.0,30.0,0.3,0.1,0.8,4.0,869.0,0.0,0.0,0.25776754890678943
28.0,7.0,31.0,0.3,0.1,0.8,4.0,850.0,0.0,0.0,0.26235294117647057
28.0,7.0,32.0,0.3,0.1,0.8,4.0,839.0,0.0,0.0,0.2634088200238379
28.0,7.0,33.0,0.3,0.1,0.8,4.0,811.0,0.0,0.0,0.2651048088779285
28.0,7.0,34.0,0.3,0.1,0.8,4.0,809.0,0.0,0.0,0.26328800988875156
28.0,7.0,35.0,0.3,0.1,0.8,4.0,795.0,0.0,0.0,0.2679245283018868
28.0,7.0,36.0,0.3,0.1,0.8,4.0,795.0,0.0,0.0,0.2679245283018868
28.0,7.0,37.0,0.3,0.1,0.8,4.0,779.0,0.0,0.0,0.27214377406931967
28.0,7.0,38.0,0.3,0.1,0.8,4.0,777.0,0.0,0.0,0.2702702702702703
28.0,7.0,39.0,0.3,0.1,0.8,4.0,763.0,0.0,0.0,0.27522935779816515
28.0,7.0,40.0,0.3,0.1,0.8,4.0,741.0,0.0,0.0,0.27800269905533065
28.0,7.0,41.0,0.3,0.1,0.8,4.0,729.0,0.0,0.0,0.27983539094650206
28.0,7.0,42.0,0.3,0.1,0.8,4.0,732.0,0.0,0.0,0.2773224043715847
28.0,7.0,43.0,0.3,0.1,0.8,4.0,707.0,0.0,0.0,0.2842998585572843
28.0,7.0,44.0,0.3,0.1,0.8,4.0,706.0,0.0,0.0,0.28328611898017
28.0,7.0,45.0,0.3,0.1,0.8,4.0,693.0,0.0,0.0,0.4458874458874459
28.0,7.0,46.0,0.3,0.1,0.8,4.0,676.0,0.0,0.0,0.44970414201183434
28.0,7.0,47.0,0.3,0.1,0.8,4.0,664.0,0.0,0.0,0.44879518072289154
28.0,7.0,48.0,0.3,0.1,0.8,4.0,660.0,0.0,0.0,0.44696969696969696
28.0,7.0,49.0,0.3,0.1,0.8,4.0,647.0,0.0,0.0,0.44513137557959814
28.0,7.0,50.0,0.3,0.1,0.8,4.0,633.0,0.0,0.0,0.44549763033175355
28.0,7.0,51.0,0.3,0.1,0.8,4.0,625.0,0.0,0.0,0.448
28.0,7.0,52.0,0.3,0.1,0.8,4.0,627.0,0.0,0.0,0.44657097288676234
28.0,8.0,1.0,0.3,0.1,0.8,4.0,627.0,0.0,0.0,0.44976076555023925
28.0,8.0,2.0,0.3,0.1,0.8,4.0,627.0,0.0,0.0,0.4481658692185008
28.0,8.0,3.0,0.3,0.1,0.8,4.0,626.0,0.0,0.0,0.4504792332268371
28.0,8.0,4.0,0.3,0.1,0.8,4.0,625.0,0.0,0.0,0.448
28.0,8.0,5.0,0.3,0.1,0.8,4.0,625.0,0.0,0.0,0.4496
28.0,8.0,6.0,0.3,0.1,0.8,4.0,618.0,0.0,0.0,0.45145631067961167
28.0,8.0,7.0,0.3,0.1,0.8,4.0,619.0,0.0,0.0,0.45395799676898224
28.0,8.0,8.0,0.3,0.1,0.8,4.0,618.0,0.0,0.0,0.45307443365695793
28.0,8.0,9.0,0.3,0.1,0.8,4.0,614.0,0.0,0.0,0.4576547231270358
28.0,8.0,10.0,0.3,0.1,0.8,4.0,613.0,0.0,0.0,0.4567699836867863
28.0,8.0,11.0,0.3,0.1,0.8,4.0,610.0,0.0,0.0,0.45737704918032784
28.0,8.0,12.0,0.3,0.1,0.8,4.0,611.0,0.0,0.0,0.4582651391162029
28.0,8.0,13.0,0.3,0.1,0.8,4.0,602.0,0.0,0.0,0.46179401993355484
28.0,8.0,14.0,0.3,0.1,0.8,4.0,604.0,0.0,0.0,0.46192052980132453
28.0,8.0,15.0,0.3,0.1,0.8,4.0,599.0,0.0,0.0,0.46410684474123537
28.0,8.0,16.0,0.3,0.1,0.8,4.0,603.0,0.0,0.0,0.4626865671641791
28.0,8.0,17.0,0.3,0.1,0.8,4.0,596.0,0.0,0.0,0.46476510067114096
28.0,8.0,18.0,0.3,0.1,0.8,4.0,603.0,0.0,0.0,0.4626865671641791
28.0,8.0,19.0,0.3,0.1,0.8,4.0,596.0,0.0,0.0,0.46140939597315433
28.0,8.0,20.0,0.3,0.1,0.8,4.0,1065.0,0.0,0.0,0.2591549295774648
28.0,8.0,21.0,0.3,0.1,0.8,4.0,1073.0,0.0,0.0,0.2572227399813607
28.0,8.0,22.0,0.3,0.1,0.8,4.0,1007.0,0.0,0.0,0.26514399205561073
28.0,8.0,23.0,0.3,0.1,0.8,4.0,1008.0,0.0,0.0,0.2628968253968254
28.0,8.0,24.0,0.3,0.1,0.8,4.0,982.0,0.0,0.0,0.26782077393075354
28.0,8.0,25.0,0.3,0.1,0.8,4.0,970.0,0.0,0.0,0.26597938144329897
28.0,8.0,26.0,0.3,0.1,0.8,4.0,966.0,0.0,0.0,0.2691511387163561
28.0,8.0,27.0,0.3,0.1,0.8,4.0,938.0,0.0,0.0,0.2697228144989339
28.0,8.0,28.0,0.3,0.1,0.8,4.0,931.0,0.0,0.0,0.2706766917293233
28.0,8.0,29.0,0.3,0.1,0.8,4.0,912.0,0.0,0.0,0.2708333333333333
28.0,8.0,30.0,0.3,0.1,0.8,4.0,916.0,0.0,0.0,0.26965065502183405
28.0,8.0,31.0,0.3,0.1,0.8,4.0,892.0,0.0,0.0,0.2701793721973094
28.0,8.0,32.0,0.3,0.1,0.8,4.0,901.0,0.0,0.0,0.2663706992230855
28.0,8.0,33.0,0.3,0.1,0.8,4.0,845.0,0.0,0.0,0.27218934911242604
28.0,8.0,34.0,0.3,0.1,0.8,4.0,849.0,0.0,0.0,0.2756183745583039
28.0,8.0,35.0,0.3,0.1,0.8,4.0,818.0,0.0,0.0,0.2775061124694376
28.0,8.0,36.0,0.3,0.1,0.8,4.0,828.0,0.0,0.0,0.28019323671497587
28.0,8.0,37.0,0.3,0.1,0.8,4.0,819.0,0.0,0.0,0.27594627594627597
28.0,8.0,38.0,0.3,0.1,0.8,4.0,827.0,0.0,0.0,0.28053204353083433
28.0,8.0,39.0,0.3,0.1,0.8,4.0,807.0,0.0,0.0,0.28004956629491945
28.0,8.0,40.0,0.3,0.1,0.8,4.0,812.0,0.0,0.0,0.2832512315270936
28.0,8.0,41.0,0.3,0.1,0.8,4.0,799.0,0.0,0.0,0.28035043804755944
28.0,8.0,42.0,0.3,0.1,0.8,4.0,803.0,0.0,0.0,0.28268991282689915
28.0,8.0,43.0,0.3,0.1,0.8,4.0,791.0,0.0,0.0,0.2806573957016435
28.0,8.0,44.0,0.3,0.1,0.8,4.0,802.0,0.0,0.0,0.28428927680798005
28.0,8.0,45.0,0.3,0.1,0.8,4.0,789.0,0.0,0.0,0.46387832699619774
28.0,8.0,46.0,0.3,0.1,0.8,4.0,788.0,0.0,0.0,0.46446700507614214
28.0,8.0,47.0,0.3,0.1,0.8,4.0,783.0,0.0,0.0,0.4623243933588761
28.0,8.0,48.0,0.3,0.1,0.8,4.0,775.0,0.0,0.0,0.46580645161290324
28.0,8.0,49.0,0.3,0.1,0.8,4.0,771.0,0.0,0.0,0.46433203631647213
28.0,8.0,50.0,0.3,0.1,0.8,4.0,779.0,0.0,0.0,0.46469833119383824
28.0,8.0,51.0,0.3,0.1,0.8,4.0,772.0,0.0,0.0,0.4650259067357513
28.0,8.0,52.0,0.3,0.1,0.8,4.0,777.0,0.0,0.0,0.4646074646074646
28.0,9.0,1.0,0.3,0.1,0.8,4.0,766.0,0.0,0.0,0.4660574412532637
28.0,9.0,2.0,0.3,0.1,0.8,4.0,773.0,0.0,0.0,0.46571798188874514
28.0,9.0,3.0,0.3,0.1,0.8,4.0,751.0,0.0,0.0,0.46870838881491345
28.0,9.0,4.0,0.3,0.1,0.8,4.0,760.0,0.0,0.0,0.46710526315789475
28.0,9.0,5.0,0.3,0.1,0.8,4.0,751.0,0.0,0.0,0.4673768308921438
28.0,9.0,6.0,0.3,0.1,0.8,4.0,754.0,0.0,0.0,0.46949602122015915
28.0,9.0,7.0,0.3,0.1,0.8,4.0,746.0,0.0,0.0,0.46648793565683644
28.0,9.0,8.0,0.3,0.1,0.8,4.0,751.0,0.0,0.0,0.47003994673768307
28.0,9.0,9.0,0.3,0.1,0.8,4.0,741.0,0.0,0.0,0.4669365721997301
28.0,9.0,10.0,0.3,0.1,0.8,4.0,750.0,0.0,0.0,0.47333333333333333
28.0,9.0,11.0,0.3,0.1,0.8,4.0,738.0,0.0,0.0,0.46883468834688347
28.0,9.0,12.0,0.3,0.1,0.8,4.0,742.0,0.0,0.0,0.4743935309973046
28.0,9.0,13.0,0.3,0.1,0.8,4.0,734.0,0.0,0.0,0.4713896457765668
28.0,9.0,14.0,0.3,0.1,0.8,4.0,740.0,0.0,0.0,0.4743243243243243
28.0,9.0,15.0,0.3,0.1,0.8,4.0,721.0,0.0,0.0,0.47711511789181693
28.0,9.0,16.0,0.3,0.1,0.8,4.0,733.0,0.0,0.0,0.47748976807639837
28.0,9.0,17.0,0.3,0.1,0.8,4.0,721.0,0.0,0.0,0.478502080443828
28.0,9.0,18.0,0.3,0.1,0.8,4.0,727.0,0.0,0.0,0.47730398899587345
28.0,9.0,19.0,0.3,0.1,0.8,4.0,718.0,0.0,0.0,0.479108635097493
28.0,9.0,20.0,0.3,0.1,0.8,4.0,1280.0,0.0,0.0,0.25859375
28.0,9.0,21.0,0.3,0.1,0.8,4.0,1209.0,0.0,0.0,0.2655086848635236
28.0,9.0,22.0,0.3,0.1,0.8,4.0,1216.0,0.0,0.0,0.26480263157894735
28.0,9.0,23.0,0.3,0.1,0.8,4.0,1201.0,0.0,0.0,0.26477935054121565
28.0,9.0,24.0,0.3,0.1,0.8,4.0,1171.0,0.0,0.0,0.2672929120409906
28.0,9.0,25.0,0.3,0.1,0.8,4.0,1140.0,0.0,0.0,0.2692982456140351
28.0,9.0,26.0,0.3,0.1,0.8,4.0,1150.0,0.0,0.0,0.26869565217391306
28.0,9.0,27.0,0.3,0.1,0.8,4.0,1140.0,0.0,0.0,0.26842105263157895
28.0,9.0,28.0,0.3,0.1,0.8,4.0,1117.0,0.0,0.0,0.2739480752014324
28.0,9.0,29.0,0.3,0.1,0.8,4.0,1087.0,0.0,0.0,0.27230910763569455
28.0,9.0,30.0,0.3,0.1,0.8,4.0,1058.0,0.0,0.0,0.2712665406427221
28.0,9.0,31.0,0.3,0.1,0.8,4.0,1027.0,0.0,0.0,0.27166504381694256
28.0,9.0,32.0,0.3,0.1,0.8,4.0,986.0,0.0,0.0,0.2789046653144016
28.0,9.0,33.0,0.3,0.1,0.8,4.0,983.0,0.0,0.0,0.2807731434384537
28.0,9.0,34.0,0.3,0.1,0.8,4.0,972.0,0.0,0.0,0.27983539094650206
28.0,9.0,35.0,0.3,0.1,0.8,4.0,934.0,0.0,0.0,0.28693790149892934
28.0,9.0,36.0,0.3,0.1,0.8,4.0,920.0,0.0,0.0,0.2858695652173913
28.0,9.0,37.0,0.3,0.1,0.8,4.0,908.0,0.0,0.0,0.2907488986784141
28.0,9.0,38.0,0.3,0.1,0.8,4.0,908.0,0.0,0.0,0.28854625550660795
28.0,9.0,39.0,0.3,0.1,0.8,4.0,907.0,0.0,0.0,0.29106945975744214
28.0,9.0,40.0,0.3,0.1,0.8,4.0,896.0,0.0,0.0,0.29129464285714285
28.0,9.0,41.0,0.3,0.1,0.8,4.0,866.0,0.0,0.0,0.2979214780600462
28.0,9.0,42.0,0.3,0.1,0.8,4.0,863.0,0.0,0.0,0.29779837775202783
28.0,9.0,43.0,0.3,0.1,0.8,4.0,868.0,0.0,0.0,0.29723502304147464
28.0,9.0,44.0,0.3,0.1,0.8,4.0,860.0,0.0,0.0,0.29767441860465116
28.0,9.0,45.0,0.3,0.1,0.8,4.0,864.0,0.0,0.0,0.4409722222222222
28.0,9.0,46.0,0.3,0.1,0.8,4.0,861.0,0.0,0.0,0.43902439024390244
28.0,9.0,47.0,0.3,0.1,0.8,4.0,862.0,0.0,0.0,0.4419953596287703
28.0,9.0,48.0,0.3,0.1,0.8,4.0,850.0,0.0,0.0,0.44
28.0,9.0,49.0,0.3,0.1,0.8,4.0,849.0,0.0,0.0,0.4416961130742049
28.0,9.0,50.0,0.3,0.1,0.8,4.0,845.0,0.0,0.0,0.4390532544378698
28.0,9.0,51.0,0.3,0.1,0.8,4.0,852.0,0.0,0.0,0.4413145539906103
28.0,9.0,52.0,0.3,0.1,0.8,4.0,844.0,0.0,0.0,0.4395734597156398
28.0,10.0,1.0,0.3,0.1,0.8,4.0,848.0,0.0,0.0,0.4410377358490566
28.0,10.0,2.0,0.3,0.1,0.8,4.0,844.0,0.0,0.0,0.4419431279620853
28.0,10.0,3.0,0.3,0.1,0.8,4.0,847.0,0.0,0.0,0.44155844155844154
28.0,10.0,4.0,0.3,0.1,0.8,4.0,844.0,0.0,0.0,0.4419431279620853
28.0,10.0,5.0,0.3,0.1,0.8,4.0,843.0,0.0,0.0,0.4412811387900356
28.0,10.0,6.0,0.3,0.1,0.8,4.0,839.0,0.0,0.0,0.44219308700834326
28.0,10.0,7.0,0.3,0.1,0.8,4.0,837.0,0.0,0.0,0.43966547192353644
28.0,10.0,8.0,0.3,0.1,0.8,4.0,835.0,0.0,0.0,0.44550898203592815
28.0,10.0,9.0,0.3,0.1,0.8,4.0,824.0,0.0,0.0,0.44538834951456313
28.0,10.0,10.0,0.3,0.1,0.8,4.0,829.0,0.0,0.0,0.4487334137515078
28.0,10.0,11.0,0.3,0.1,0.8,4.0,817.0,0.0,0.0,0.44920440636474906
28.0,10.0,12.0,0.3,0.1,0.8,4.0,820.0,0.0,0.0,0.4475609756097561
28.0,10.0,13.0,0.3,0.1,0.8,4.0,814.0,0.0,0.0,0.4484029484029484
28.0,10.0,14.0,0.3,0.1,0.8,4.0,797.0,0.0,0.0,0.45294855708908405
28.0,10.0,15.0,0.3,0.1,0.8,4.0,792.0,0.0,0.0,0.4532828282828283
28.0,10.0,16.0,0.3,0.1,0.8,4.0,795.0,0.0,0.0,0.45157232704402517
28.0,10.0,17.0,0.3,0.1,0.8,4.0,777.0,0.0,0.0,0.45045045045045046
28.0,10.0,18.0,0.3,0.1,0.8,4.0,781.0,0.0,0.0,0.44814340588988477
28.0,10.0,19.0,0.3,0.1,0.8,4.0,774.0,0.0,0.0,0.4509043927648579
28.0,10.0,20.0,0.3,0.1,0.8,4.0,1390.0,0.0,0.0,0.23525179856115108
28.0,10.0,21.0,0.3,0.1,0.8,4.0,1359.0,0.0,0.0,0.23841059602649006
28.0,10.0,22.0,0.3,0.1,0.8,4.0,1316.0,0.0,0.0,0.23860182370820668
28.0,10.0,23.0,0.3,0.1,0.8,4.0,1287.0,0.0,0.0,0.24087024087024086
28.0,10.0,24.0,0.3,0.1,0.8,4.0,1235.0,0.0,0.0,0.242914979757085
28.0,10.0,25.0,0.3,0.1,0.8,4.0,1206.0,0.0,0.0,0.24378109452736318
28.0,10.0,26.0,0.3,0.1,0.8,4.0,1210.0,0.0,0.0,0.24462809917355371
28.0,10.0,27.0,0.3,0.1,0.8,4.0,1141.0,0.0,0.0,0.24890446976336547
28.0,10.0,28.0,0.3,0.1,0.8,4.0,1100.0,0.0,0.0,0.25181818181818183
28.0,10.0,29.0,0.3,0.1,0.8,4.0,1086.0,0.0,0.0,0.2550644567219153
28.0,10.0,30.0,0.3,0.1,0.8,4.0,1052.0,0.0,0.0,0.2576045627376426
28.0,10.0,31.0,0.3,0.1,0.8,4.0,1039.0,0.0,0.0,0.2598652550529355
28.0,10.0,32.0,0.3,0.1,0.8,4.0,1026.0,0.0,0.0,0.2621832358674464
28.0,10.0,33.0,0.3,0.1,0.8,4.0,1027.0,0.0,0.0,0.2599805258033106
28.0,10.0,34.0,0.3,0.1,0.8,4.0,1014.0,0.0,0.0,0.26232741617357
28.0,10.0,35.0,0.3,0.1,0.8,4.0,1014.0,0.0,0.0,0.2603550295857988
28.0,10.0,36.0,0.3,0.1,0.8,4.0,1012.0,0.0,0.0,0.2598814229249012
28.0,10.0,37.0,0.3,0.1,0.8,4.0,1016.0,0.0,0.0,0.2608267716535433
28.0,10.0,38.0,0.3,0.1,0.8,4.0,1015.0,0.0,0.0,0.26108374384236455
28.0,10.0,39.0,0.3,0.1,0.8,4.0,977.0,0.0,0.0,0.2610030706243603
28.0,10.0,40.0,0.3,0.1,0.8,4.0,985.0,0.0,0.0,0.2629441624365482
28.0,10.0,41.0,0.3,0.1,0.8,4.0,959.0,0.0,0.0,0.264859228362878
28.0,10.0,42.0,0.3,0.1,0.8,4.0,947.0,0.0,0.0,0.2682154171066526
28.0,10.0,43.0,0.3,0.1,0.8,4.0,948.0,0.0,0.0,0.26582278481012656
28.0,10.0,44.0,0.3,0.1,0.8,4.0,945.0,0.0,0.0,0.2687830687830688
28.0,10.0,45.0,0.3,0.1,0.8,4.0,935.0,0.0,0.0,0.4213903743315508
28.0,10.0,46.0,0.3,0.1,0.8,4.0,920.0,0.0,0.0,0.42282608695652174
28.0,10.0,47.0,0.3,0.1,0.8,4.0,915.0,0.0,0.0,0.4240437158469945
28.0,10.0,48.0,0.3,0.1,0.8,4.0,899.0,0.0,0.0,0.4271412680756396
28.0,10.0,49.0,0.3,0.1,0.8,4.0,903.0,0.0,0.0,0.42524916943521596
28.0,10.0,50.0,0.3,0.1,0.8,4.0,884.0,0.0,0.0,0.4298642533936652
28.0,10.0,51.0,0.3,0.1,0.8,4.0,875.0,0.0,0.0,0.42628571428571427
28.0,10.0,52.0,0.3,0.1,0.8,4.0,875.0,0.0,0.0,0.4297142857142857
29.0,1.0,1.0,0.3,0.1,0.8,4.0,5173.0,53.0,9.0,0.29499323410013534
29.0,1.0,2.0,0.3,0.1,0.8,4.0,5072.0,54.0,25.0,0.2963328075709779
29.0,1.0,3.0,0.3,0.1,0.8,4.0,4908.0,68.0,37.0,0.2960472697636512
29.0,1.0,4.0,0.3,0.1,0.8,4.0,4911.0,81.0,41.0,0.30014253716147427
29.0,1.0,5.0,0.3,0.1,0.8,4.0,4962.0,103.0,33.0,0.30028214429665456
29.0,1.0,6.0,0.3,0.1,0.8,4.0,4821.0,112.0,38.0,0.3009749014727235
29.0,1.0,7.0,0.3,0.1,0.8,4.0,4694.0,127.0,52.0,0.30144865786109926
29.0,1.0,8.0,0.3,0.1,0.8,4.0,4472.0,143.0,57.0,0.3018783542039356
29.0,1.0,9.0,0.3,0.1,0.8,4.0,4282.0,159.0,57.0,0.30499766464269035
29.0,1.0,10.0,0.3,0.1,0.8,4.0,4179.0,175.0,69.0,0.30677195501316107
29.0,1.0,11.0,0.3,0.1,0.8,4.0,4110.0,210.0,97.0,0.3072992700729927
29.0,1.0,12.0,0.3,0.1,0.8,4.0,4003.0,245.0,113.0,0.30901823632275793
29.0,1.0,13.0,0.3,0.1,0.8,4.0,3876.0,252.0,107.0,0.3090815273477812
29.0,1.0,14.0,0.3,0.1,0.8,4.0,3760.0,242.0,110.0,0.31436170212765957
29.0,1.0,15.0,0.3,0.1,0.8,4.0,3606.0,249.0,104.0,0.3189129229062673
29.0,1.0,16.0,0.3,0.1,0.8,4.0,3482.0,245.0,116.0,0.32079264790350376
29.0,1.0,17.0,0.3,0.1,0.8,4.0,3350.0,234.0,107.0,0.3253731343283582
29.0,1.0,18.0,0.3,0.1,0.8,4.0,3310.0,244.0,107.0,0.3287009063444109
29.0,1.0,19.0,0.3,0.1,0.8,4.0,3241.0,235.0,107.0,0.3326133909287257
29.0,1.0,20.0,0.3,0.1,0.8,4.0,6046.0,220.0,119.0,0.17747270922924246
29.0,1.0,21.0,0.3,0.1,0.8,4.0,5519.0,288.0,124.0,0.1811922449719152
29.0,1.0,22.0,0.3,0.1,0.8,4.0,5249.0,330.0,115.0,0.18346351686035436
29.0,1.0,23.0,0.3,0.1,0.8,4.0,4944.0,343.0,121.0,0.1862864077669903
29.0,1.0,24.0,0.3,0.1,0.8,4.0,4692.0,367.0,147.0,0.18861892583120204
29.0,1.0,25.0,0.3,0.1,0.8,4.0,4441.0,415.0,173.0,0.19297455528034227
29.0,1.0,26.0,0.3,0.1,0.8,4.0,4229.0,447.0,186.0,0.19720974225585244
29.0,1.0,27.0,0.3,0.1,0.8,4.0,4000.0,442.0,182.0,0.20025
29.0,1.0,28.0,0.3,0.1,0.8,4.0,3837.0,452.0,200.0,0.20510815741464686
29.0,1.0,29.0,0.3,0.1,0.8,4.0,3661.0,449.0,203.0,0.21087134662660476
29.0,1.0,30.0,0.3,0.1,0.8,4.0,3497.0,458.0,213.0,0.21732913926222477
29.0,1.0,31.0,0.3,0.1,0.8,4.0,3293.0,450.0,199.0,0.22077133313088368
29.0,1.0,32.0,0.3,0.1,0.8,4.0,3106.0,454.0,191.0,0.22762395363811977
29.0,1.0,33.0,0.3,0.1,0.8,4.0,2951.0,429.0,190.0,0.23720772619451033
29.0,1.0,34.0,0.3,0.1,0.8,4.0,2794.0,411.0,197.0,0.2458840372226199
29.0,1.0,35.0,0.3,0.1,0.8,4.0,2613.0,382.0,196.0,0.2529659395331037
29.0,1.0,36.0,0.3,0.1,0.8,4.0,2474.0,361.0,178.0,0.26313662085691186
29.0,1.0,37.0,0.3,0.1,0.8,4.0,2365.0,327.0,160.0,0.2718816067653277
29.0,1.0,38.0,0.3,0.1,0.8,4.0,2212.0,288.0,138.0,0.28119349005424954
29.0,1.0,39.0,0.3,0.1,0.8,4.0,2113.0,263.0,130.0,0.28963558920965454
29.0,1.0,40.0,0.3,0.1,0.8,4.0,2036.0,236.0,116.0,0.2966601178781925
29.0,1.0,41.0,0.3,0.1,0.8,4.0,1968.0,214.0,110.0,0.3018292682926829
29.0,1.0,42.0,0.3,0.1,0.8,4.0,1883.0,202.0,111.0,0.31226765799256506
29.0,1.0,43.0,0.3,0.1,0.8,4.0,1807.0,193.0,106.0,0.3209739900387382
29.0,1.0,44.0,0.3,0.1,0.8,4.0,1737.0,178.0,97.0,0.32930339666090963
29.0,1.0,45.0,0.3,0.1,0.8,4.0,1689.0,161.0,85.0,0.4931912374185909
29.0,1.0,46.0,0.3,0.1,0.8,4.0,1638.0,139.0,78.0,0.5018315018315018
29.0,1.0,47.0,0.3,0.1,0.8,4.0,1595.0,116.0,71.0,0.5078369905956113
29.0,1.0,48.0,0.3,0.1,0.8,4.0,1564.0,102.0,64.0,0.5083120204603581
29.0,1.0,49.0,0.3,0.1,0.8,4.0,1501.0,89.0,54.0,0.5183211192538307
29.0,1.0,50.0,0.3,0.1,0.8,4.0,1467.0,81.0,43.0,0.5207907293796864
29.0,1.0,51.0,0.3,0.1,0.8,4.0,1436.0,73.0,39.0,0.5250696378830083
29.0,1.0,52.0,0.3,0.1,0.8,4.0,1401.0,61.0,34.0,0.5253390435403283
29.0,2.0,1.0,0.3,0.1,0.8,4.0,1377.0,58.0,33.0,0.5315904139433552
29.0,2.0,2.0,0.3,0.1,0.8,4.0,1356.0,49.0,31.0,0.532448377581121
29.0,2.0,3.0,0.3,0.1,0.8,4.0,1336.0,44.0,26.0,0.5381736526946108
29.0,2.0,4.0,0.3,0.1,0.8,4.0,1328.0,40.0,25.0,0.5406626506024096
29.0,2.0,5.0,0.3,0.1,0.8,4.0,1301.0,34.0,17.0,0.5441967717140661
29.0,2.0,6.0,0.3,0.1,0.8,4.0,1297.0,31.0,12.0,0.5443330763299923
29.0,2.0,7.0,0.3,0.1,0.8,4.0,1276.0,24.0,8.0,0.54858934169279
29.0,2.0,8.0,0.3,0.1,0.8,4.0,1257.0,24.0,12.0,0.54733492442323
29.0,2.0,9.0,0.3,0.1,0.8,4.0,1235.0,25.0,18.0,0.5441295546558704
29.0,2.0,10.0,0.3,0.1,0.8,4.0,1223.0,25.0,17.0,0.544562551103843
29.0,2.0,11.0,0.3,0.1,0.8,4.0,1205.0,21.0,11.0,0.5493775933609959
29.0,2.0,12.0,0.3,0.1,0.8,4.0,1187.0,24.0,11.0,0.5492839090143218
29.0,2.0,13.0,0.3,0.1,0.8,4.0,1175.0,21.0,8.0,0.5557446808510639
29.0,2.0,14.0,0.3,0.1,0.8,4.0,1168.0,21.0,10.0,0.553082191780822
29.0,2.0,15.0,0.3,0.1,0.8,4.0,1159.0,15.0,10.0,0.5582398619499569
29.0,2.0,16.0,0.3,0.1,0.8,4.0,1151.0,19.0,12.0,0.5560382276281495
29.0,2.0,17.0,0.3,0.1,0.8,4.0,1138.0,16.0,7.0,0.562390158172232
29.0,2.0,18.0,0.3,0.1,0.8,4.0,1105.0,17.0,5.0,0.5665158371040724
29.0,2.0,19.0,0.3,0.1,0.8,4.0,1088.0,18.0,5.0,0.5698529411764706
29.0,2.0,20.0,0.3,0.1,0.8,4.0,1987.0,19.0,9.0,0.3085052843482637
29.0,2.0,21.0,0.3,0.1,0.8,4.0,1958.0,18.0,6.0,0.30745658835546474
29.0,2.0,22.0,0.3,0.1,0.8,4.0,1884.0,13.0,3.0,0.3099787685774947
29.0,2.0,23.0,0.3,0.1,0.8,4.0,1854.0,15.0,6.0,0.30906148867313915
29.0,2.0,24.0,0.3,0.1,0.8,4.0,1805.0,14.0,7.0,0.310803324099723
29.0,2.0,25.0,0.3,0.1,0.8,4.0,1776.0,21.0,6.0,0.30855855855855857
29.0,2.0,26.0,0.3,0.1,0.8,4.0,1774.0,26.0,10.0,0.3083427282976325
29.0,2.0,27.0,0.3,0.1,0.8,4.0,1728.0,23.0,13.0,0.30960648148148145
29.0,2.0,28.0,0.3,0.1,0.8,4.0,1699.0,28.0,16.0,0.3113596233078281
29.0,2.0,29.0,0.3,0.1,0.8,4.0,1649.0,27.0,13.0,0.3135233474833232
29.0,2.0,30.0,0.3,0.1,0.8,4.0,1611.0,26.0,9.0,0.31346989447548107
29.0,2.0,31.0,0.3,0.1,0.8,4.0,1532.0,23.0,9.0,0.31462140992167104
29.0,2.0,32.0,0.3,0.1,0.8,4.0,1509.0,29.0,12.0,0.31610337972166996
29.0,2.0,33.0,0.3,0.1,0.8,4.0,1466.0,24.0,11.0,0.3165075034106412
29.0,2.0,34.0,0.3,0.1,0.8,4.0,1440.0,25.0,11.0,0.3173611111111111
29.0,2.0,35.0,0.3,0.1,0.8,4.0,1394.0,24.0,11.0,0.3199426111908178
29.0,2.0,36.0,0.3,0.1,0.8,4.0,1370.0,20.0,7.0,0.3175182481751825
29.0,2.0,37.0,0.3,0.1,0.8,4.0,1362.0,21.0,12.0,0.31791483113069013
29.0,2.0,38.0,0.3,0.1,0.8,4.0,1335.0,21.0,10.0,0.31760299625468164
29.0,2.0,39.0,0.3,0.1,0.8,4.0,1288.0,15.0,7.0,0.32065217391304346
29.0,2.0,40.0,0.3,0.1,0.8,4.0,1272.0,13.0,7.0,0.3199685534591195
29.0,2.0,41.0,0.3,0.1,0.8,4.0,1199.0,11.0,7.0,0.3194328607172644
29.0,2.0,42.0,0.3,0.1,0.8,4.0,1201.0,17.0,10.0,0.3222314737718568
29.0,2.0,43.0,0.3,0.1,0.8,4.0,1169.0,12.0,6.0,0.32335329341317365
29.0,2.0,44.0,0.3,0.1,0.8,4.0,1145.0,15.0,8.0,0.3266375545851528
29.0,2.0,45.0,0.3,0.1,0.8,4.0,1121.0,13.0,7.0,0.4487065120428189
29.0,2.0,46.0,0.3,0.1,0.8,4.0,1101.0,12.0,7.0,0.45322434150772023
29.0,2.0,47.0,0.3,0.1,0.8,4.0,1073.0,10.0,6.0,0.451071761416589
29.0,2.0,48.0,0.3,0.1,0.8,4.0,1053.0,9.0,3.0,0.45109211775878444
29.0,2.0,49.0,0.3,0.1,0.8,4.0,1026.0,10.0,3.0,0.449317738791423
29.0,2.0,50.0,0.3,0.1,0.8,4.0,999.0,8.0,3.0,0.44644644644644643
29.0,2.0,51.0,0.3,0.1,0.8,4.0,988.0,8.0,6.0,0.4433198380566802
29.0,2.0,52.0,0.3,0.1,0.8,4.0,961.0,6.0,6.0,0.449531737773153
29.0,3.0,1.0,0.3,0.1,0.8,4.0,947.0,6.0,4.0,0.44878563885955647
29.0,3.0,2.0,0.3,0.1,0.8,4.0,920.0,4.0,2.0,0.44565217391304346
29.0,3.0,3.0,0.3,0.1,0.8,4.0,896.0,4.0,1.0,0.44642857142857145
29.0,3.0,4.0,0.3,0.1,0.8,4.0,893.0,4.0,3.0,0.44456886898096304
29.0,3.0,5.0,0.3,0.1,0.8,4.0,882.0,5.0,3.0,0.4444444444444444
29.0,3.0,6.0,0.3,0.1,0.8,4.0,875.0,5.0,3.0,0.44
29.0,3.0,7.0,0.3,0.1,0.8,4.0,861.0,5.0,1.0,0.4436701509872242
29.0,3.0,8.0,0.3,0.1,0.8,4.0,853.0,7.0,1.0,0.44431418522860494
29.0,3.0,9.0,0.3,0.1,0.8,4.0,837.0,7.0,3.0,0.44922341696535245
29.0,3.0,10.0,0.3,0.1,0.8,4.0,826.0,7.0,4.0,0.45278450363196127
29.0,3.0,11.0,0.3,0.1,0.8,4.0,819.0,9.0,5.0,0.45054945054945056
29.0,3.0,12.0,0.3,0.1,0.8,4.0,809.0,10.0,4.0,0.4511742892459827
29.0,3.0,13.0,0.3,0.1,0.8,4.0,806.0,9.0,5.0,0.45285359801488834
29.0,3.0,14.0,0.3,0.1,0.8,4.0,797.0,8.0,4.0,0.45294855708908405
29.0,3.0,15.0,0.3,0.1,0.8,4.0,789.0,7.0,4.0,0.45754119138149557
29.0,3.0,16.0,0.3,0.1,0.8,4.0,780.0,6.0,3.0,0.4576923076923077
29.0,3.0,17.0,0.3,0.1,0.8,4.0,780.0,6.0,4.0,0.46025641025641023
29.0,3.0,18.0,0.3,0.1,0.8,4.0,761.0,6.0,3.0,0.46254927726675427
29.0,3.0,19.0,0.3,0.1,0.8,4.0,764.0,5.0,3.0,0.46596858638743455
29.0,3.0,20.0,0.3,0.1,0.8,4.0,1349.0,4.0,4.0,0.2557449962935508
29.0,3.0,21.0,0.3,0.1,0.8,4.0,1282.0,7.0,3.0,0.2628705148205928
29.0,3.0,22.0,0.3,0.1,0.8,4.0,1174.0,6.0,1.0,0.2580919931856899
29.0,3.0,23.0,0.3,0.1,0.8,4.0,1119.0,3.0,1.0,0.2609472743521001
29.0,3.0,24.0,0.3,0.1,0.8,4.0,1112.0,4.0,2.0,0.26169064748201437
29.0,3.0,25.0,0.3,0.1,0.8,4.0,1031.0,4.0,3.0,0.26479146459747815
29.0,3.0,26.0,0.3,0.1,0.8,4.0,1031.0,5.0,2.0,0.2638215324927255
29.0,3.0,27.0,0.3,0.1,0.8,4.0,983.0,5.0,1.0,0.2614445574771109
29.0,3.0,28.0,0.3,0.1,0.8,4.0,955.0,4.0,2.0,0.2554973821989529
29.0,3.0,29.0,0.3,0.1,0.8,4.0,932.0,7.0,2.0,0.259656652360515
29.0,3.0,30.0,0.3,0.1,0.8,4.0,920.0,5.0,4.0,0.2554347826086957
29.0,3.0,31.0,0.3,0.1,0.8,4.0,892.0,6.0,2.0,0.2623318385650224
29.0,3.0,32.0,0.3,0.1,0.8,4.0,902.0,6.0,3.0,0.25277161862527714
29.0,3.0,33.0,0.3,0.1,0.8,4.0,863.0,4.0,2.0,0.25955967555040554
29.0,3.0,34.0,0.3,0.1,0.8,4.0,860.0,4.0,2.0,0.2558139534883721
29.0,3.0,35.0,0.3,0.1,0.8,4.0,840.0,1.0,0.0,0.25952380952380955
29.0,3.0,36.0,0.3,0.1,0.8,4.0,837.0,1.0,0.0,0.25686977299880526
29.0,3.0,37.0,0.3,0.1,0.8,4.0,828.0,1.0,1.0,0.2572463768115942
29.0,3.0,38.0,0.3,0.1,0.8,4.0,816.0,1.0,1.0,0.25735294117647056
29.0,3.0,39.0,0.3,0.1,0.8,4.0,795.0,2.0,1.0,0.2591194968553459
29.0,3.0,40.0,0.3,0.1,0.8,4.0,788.0,1.0,0.0,0.25761421319796957
29.0,3.0,41.0,0.3,0.1,0.8,4.0,770.0,1.0,0.0,0.261038961038961
29.0,3.0,42.0,0.3,0.1,0.8,4.0,773.0,1.0,0.0,0.258732212160414
29.0,3.0,43.0,0.3,0.1,0.8,4.0,722.0,1.0,0.0,0.26454293628808867
29.0,3.0,44.0,0.3,0.1,0.8,4.0,681.0,1.0,1.0,0.26725403817914833
29.0,3.0,45.0,0.3,0.1,0.8,4.0,670.0,2.0,1.0,0.44477611940298506
29.0,3.0,46.0,0.3,0.1,0.8,4.0,669.0,3.0,1.0,0.4319880418535127
29.0,3.0,47.0,0.3,0.1,0.8,4.0,641.0,2.0,0.0,0.44461778471138846
29.0,3.0,48.0,0.3,0.1,0.8,4.0,640.0,2.0,1.0,0.43125
29.0,3.0,49.0,0.3,0.1,0.8,4.0,625.0,2.0,1.0,0.4416
29.0,3.0,50.0,0.3,0.1,0.8,4.0,630.0,3.0,1.0,0.42857142857142855
29.0,3.0,51.0,0.3,0.1,0.8,4.0,610.0,2.0,1.0,0.44098360655737706
29.0,3.0,52.0,0.3,0.1,0.8,4.0,611.0,2.0,1.0,0.4337152209492635
29.0,4.0,1.0,0.3,0.1,0.8,4.0,586.0,2.0,1.0,0.4453924914675768
29.0,4.0,2.0,0.3,0.1,0.8,4.0,585.0,1.0,1.0,0.4376068376068376
29.0,4.0,3.0,0.3,0.1,0.8,4.0,573.0,1.0,1.0,0.4432809773123909
29.0,4.0,4.0,0.3,0.1,0.8,4.0,577.0,1.0,1.0,0.43500866551126516
29.0,4.0,5.0,0.3,0.1,0.8,4.0,567.0,0.0,0.0,0.4426807760141093
29.0,4.0,6.0,0.3,0.1,0.8,4.0,568.0,0.0,0.0,0.43133802816901406
29.0,4.0,7.0,0.3,0.1,0.8,4.0,556.0,0.0,0.0,0.44244604316546765
29.0,4.0,8.0,0.3,0.1,0.8,4.0,559.0,0.0,0.0,0.4293381037567084
29.0,4.0,9.0,0.3,0.1,0.8,4.0,545.0,0.0,0.0,0.43853211009174314
29.0,4.0,10.0,0.3,0.1,0.8,4.0,542.0,0.0,0.0,0.43357933579335795
29.0,4.0,11.0,0.3,0.1,0.8,4.0,535.0,0.0,0.0,0.4411214953271028
29.0,4.0,12.0,0.3,0.1,0.8,4.0,530.0,0.0,0.0,0.4358490566037736
29.0,4.0,13.0,0.3,0.1,0.8,4.0,524.0,0.0,0.0,0.44274809160305345
29.0,4.0,14.0,0.3,0.1,0.8,4.0,525.0,0.0,0.0,0.4380952380952381
29.0,4.0,15.0,0.3,0.1,0.8,4.0,516.0,0.0,0.0,0.4476744186046512
29.0,4.0,16.0,0.3,0.1,0.8,4.0,519.0,0.0,0.0,0.43545279383429675
29.0,4.0,17.0,0.3,0.1,0.8,4.0,510.0,0.0,0.0,0.44313725490196076
29.0,4.0,18.0,0.3,0.1,0.8,4.0,515.0,0.0,0.0,0.4330097087378641
29.0,4.0,19.0,0.3,0.1,0.8,4.0,509.0,0.0,0.0,0.44204322200392926
29.0,4.0,20.0,0.3,0.1,0.8,4.0,1007.0,0.0,0.0,0.2214498510427011
29.0,4.0,21.0,0.3,0.1,0.8,4.0,982.0,0.0,0.0,0.22606924643584522
29.0,4.0,22.0,0.3,0.1,0.8,4.0,971.0,0.0,0.0,0.22142121524201855
29.0,4.0,23.0,0.3,0.1,0.8,4.0,927.0,0.0,0.0,0.22545846817691478
29.0,4.0,24.0,0.3,0.1,0.8,4.0,911.0,0.0,0.0,0.2217343578485181
29.0,4.0,25.0,0.3,0.1,0.8,4.0,897.0,0.0,0.0,0.22853957636566333
29.0,4.0,26.0,0.3,0.1,0.8,4.0,870.0,0.0,0.0,0.22528735632183908
29.0,4.0,27.0,0.3,0.1,0.8,4.0,843.0,0.0,0.0,0.22894424673784106
29.0,4.0,28.0,0.3,0.1,0.8,4.0,843.0,0.0,0.0,0.2277580071174377
29.0,4.0,29.0,0.3,0.1,0.8,4.0,841.0,0.0,0.0,0.2294887039239001
29.0,4.0,30.0,0.3,0.1,0.8,4.0,833.0,0.0,0.0,0.22328931572629052
29.0,4.0,31.0,0.3,0.1,0.8,4.0,818.0,0.0,0.0,0.22249388753056235
29.0,4.0,32.0,0.3,0.1,0.8,4.0,795.0,0.0,0.0,0.21761006289308177
29.0,4.0,33.0,0.3,0.1,0.8,4.0,754.0,0.0,0.0,0.22944297082228116
29.0,4.0,34.0,0.3,0.1,0.8,4.0,715.0,0.0,0.0,0.23496503496503496
29.0,4.0,35.0,0.3,0.1,0.8,4.0,717.0,0.0,0.0,0.2384937238493724
29.0,4.0,36.0,0.3,0.1,0.8,4.0,700.0,0.0,0.0,0.2342857142857143
29.0,4.0,37.0,0.3,0.1,0.8,4.0,694.0,0.0,0.0,0.23919308357348704
29.0,4.0,38.0,0.3,0.1,0.8,4.0,680.0,0.0,0.0,0.23529411764705882
29.0,4.0,39.0,0.3,0.1,0.8,4.0,660.0,0.0,0.0,0.23636363636363636
29.0,4.0,40.0,0.3,0.1,0.8,4.0,641.0,0.0,0.0,0.23712948517940718
29.0,4.0,41.0,0.3,0.1,0.8,4.0,632.0,0.0,0.0,0.24208860759493672
29.0,4.0,42.0,0.3,0.1,0.8,4.0,633.0,0.0,0.0,0.2353870458135861
29.0,4.0,43.0,0.3,0.1,0.8,4.0,621.0,0.0,0.0,0.23832528180354268
29.0,4.0,44.0,0.3,0.1,0.8,4.0,623.0,0.0,0.0,0.23113964686998395
29.0,4.0,45.0,0.3,0.1,0.8,4.0,612.0,0.0,0.0,0.4117647058823529
29.0,4.0,46.0,0.3,0.1,0.8,4.0,581.0,0.0,0.0,0.4113597246127367
29.0,4.0,47.0,0.3,0.1,0.8,4.0,578.0,0.0,0.0,0.4186851211072664
29.0,4.0,48.0,0.3,0.1,0.8,4.0,568.0,0.0,0.0,0.4154929577464789
29.0,4.0,49.0,0.3,0.1,0.8,4.0,564.0,0.0,0.0,0.42021276595744683
29.0,4.0,50.0,0.3,0.1,0.8,4.0,559.0,0.0,0.0,0.41323792486583183
29.0,4.0,51.0,0.3,0.1,0.8,4.0,555.0,0.0,0.0,0.41621621621621624
29.0,4.0,52.0,0.3,0.1,0.8,4.0,547.0,0.0,0.0,0.41316270566727603
29.0,5.0,1.0,0.3,0.1,0.8,4.0,550.0,0.0,0.0,0.41818181818181815
29.0,5.0,2.0,0.3,0.1,0.8,4.0,530.0,0.0,0.0,0.41132075471698115
29.0,5.0,3.0,0.3,0.1,0.8,4.0,533.0,0.0,0.0,0.4165103189493433
29.0,5.0,4.0,0.3,0.1,0.8,4.0,527.0,0.0,0.0,0.4098671726755218
29.0,5.0,5.0,0.3,0.1,0.8,4.0,527.0,0.0,0.0,0.41366223908918404
29.0,5.0,6.0,0.3,0.1,0.8,4.0,509.0,0.0,0.0,0.4106090373280943
29.0,5.0,7.0,0.3,0.1,0.8,4.0,506.0,0.0,0.0,0.41106719367588934
29.0,5.0,8.0,0.3,0.1,0.8,4.0,499.0,0.0,0.0,0.41282565130260523
29.0,5.0,9.0,0.3,0.1,0.8,4.0,494.0,0.0,0.0,0.4190283400809717
29.0,5.0,10.0,0.3,0.1,0.8,4.0,486.0,0.0,0.0,0.4176954732510288
29.0,5.0,11.0,0.3,0.1,0.8,4.0,483.0,0.0,0.0,0.422360248447205
29.0,5.0,12.0,0.3,0.1,0.8,4.0,478.0,0.0,0.0,0.41841004184100417
29.0,5.0,13.0,0.3,0.1,0.8,4.0,476.0,0.0,0.0,0.4222689075630252
29.0,5.0,14.0,0.3,0.1,0.8,4.0,473.0,0.0,0.0,0.4186046511627907
29.0,5.0,15.0,0.3,0.1,0.8,4.0,470.0,0.0,0.0,0.42340425531914894
29.0,5.0,16.0,0.3,0.1,0.8,4.0,471.0,0.0,0.0,0.4182590233545648
29.0,5.0,17.0,0.3,0.1,0.8,4.0,470.0,0.0,0.0,0.425531914893617
29.0,5.0,18.0,0.3,0.1,0.8,4.0,466.0,0.0,0.0,0.4227467811158798
29.0,5.0,19.0,0.3,0.1,0.8,4.0,461.0,0.0,0.0,0.4316702819956616
29.0,5.0,20.0,0.3,0.1,0.8,4.0,873.0,0.0,0.0,0.2222222222222222
29.0,5.0,21.0,0.3,0.1,0.8,4.0,881.0,0.0,0.0,0.22360953461975028
29.0,5.0,22.0,0.3,0.1,0.8,4.0,846.0,0.0,0.0,0.22576832151300236
29.0,5.0,23.0,0.3,0.1,0.8,4.0,848.0,0.0,0.0,0.22287735849056603
29.0,5.0,24.0,0.3,0.1,0.8,4.0,827.0,0.0,0.0,0.22249093107617895
29.0,5.0,25.0,0.3,0.1,0.8,4.0,806.0,0.0,0.0,0.22580645161290322
29.0,5.0,26.0,0.3,0.1,0.8,4.0,781.0,0.0,0.0,0.22535211267605634
29.0,5.0,27.0,0.3,0.1,0.8,4.0,764.0,0.0,0.0,0.225130890052356
29.0,5.0,28.0,0.3,0.1,0.8,4.0,759.0,0.0,0.0,0.22266139657444006
29.0,5.0,29.0,0.3,0.1,0.8,4.0,730.0,0.0,0.0,0.22876712328767124
29.0,5.0,30.0,0.3,0.1,0.8,4.0,732.0,0.0,0.0,0.226775956284153
29.0,5.0,31.0,0.3,0.1,0.8,4.0,718.0,0.0,0.0,0.23119777158774374
29.0,5.0,32.0,0.3,0.1,0.8,4.0,698.0,0.0,0.0,0.23209169054441262
29.0,5.0,33.0,0.3,0.1,0.8,4.0,688.0,0.0,0.0,0.2369186046511628
29.0,5.0,34.0,0.3,0.1,0.8,4.0,676.0,0.0,0.0,0.23224852071005916
29.0,5.0,35.0,0.3,0.1,0.8,4.0,680.0,0.0,0.0,0.23676470588235293
29.0,5.0,36.0,0.3,0.1,0.8,4.0,667.0,0.0,0.0,0.2353823088455772
29.0,5.0,37.0,0.3,0.1,0.8,4.0,665.0,0.0,0.0,0.23909774436090225
29.0,5.0,38.0,0.3,0.1,0.8,4.0,618.0,0.0,0.0,0.24271844660194175
29.0,5.0,39.0,0.3,0.1,0.8,4.0,620.0,0.0,0.0,0.24516129032258063
29.0,5.0,40.0,0.3,0.1,0.8,4.0,605.0,0.0,0.0,0.23801652892561984
29.0,5.0,41.0,0.3,0.1,0.8,4.0,594.0,0.0,0.0,0.24242424242424243
29.0,5.0,42.0,0.3,0.1,0.8,4.0,575.0,0.0,0.0,0.2417391304347826
29.0,5.0,43.0,0.3,0.1,0.8,4.0,579.0,0.0,0.0,0.24179620034542315
29.0,5.0,44.0,0.3,0.1,0.8,4.0,558.0,0.0,0.0,0.23835125448028674
29.0,5.0,45.0,0.3,0.1,0.8,4.0,567.0,0.0,0.0,0.3932980599647266
29.0,5.0,46.0,0.3,0.1,0.8,4.0,541.0,0.0,0.0,0.4011090573012939
29.0,5.0,47.0,0.3,0.1,0.8,4.0,549.0,0.0,0.0,0.3970856102003643
29.0,5.0,48.0,0.3,0.1,0.8,4.0,533.0,0.0,0.0,0.399624765478424
29.0,5.0,49.0,0.3,0.1,0.8,4.0,540.0,0.0,0.0,0.3962962962962963
29.0,5.0,50.0,0.3,0.1,0.8,4.0,515.0,0.0,0.0,0.4058252427184466
29.0,5.0,51.0,0.3,0.1,0.8,4.0,519.0,0.0,0.0,0.4046242774566474
29.0,5.0,52.0,0.3,0.1,0.8,4.0,505.0,0.0,0.0,0.40594059405940597
29.0,6.0,1.0,0.3,0.1,0.8,4.0,508.0,0.0,0.0,0.4015748031496063
29.0,6.0,2.0,0.3,0.1,0.8,4.0,495.0,0.0,0.0,0.4
29.0,6.0,3.0,0.3,0.1,0.8,4.0,480.0,0.0,0.0,0.4083333333333333
29.0,6.0,4.0,0.3,0.1,0.8,4.0,465.0,0.0,0.0,0.4064516129032258
29.0,6.0,5.0,0.3,0.1,0.8,4.0,472.0,0.0,0.0,0.4046610169491525
29.0,6.0,6.0,0.3,0.1,0.8,4.0,464.0,0.0,0.0,0.4073275862068966
29.0,6.0,7.0,0.3,0.1,0.8,4.0,460.0,0.0,0.0,0.4043478260869565
29.0,6.0,8.0,0.3,0.1,0.8,4.0,448.0,0.0,0.0,0.4107142857142857
29.0,6.0,9.0,0.3,0.1,0.8,4.0,450.0,0.0,0.0,0.4111111111111111
29.0,6.0,10.0,0.3,0.1,0.8,4.0,445.0,0.0,0.0,0.41123595505617977
29.0,6.0,11.0,0.3,0.1,0.8,4.0,438.0,0.0,0.0,0.4155251141552511
29.0,6.0,12.0,0.3,0.1,0.8,4.0,435.0,0.0,0.0,0.4114942528735632
29.0,6.0,13.0,0.3,0.1,0.8,4.0,417.0,0.0,0.0,0.4148681055155875
29.0,6.0,14.0,0.3,0.1,0.8,4.0,419.0,0.0,0.0,0.4105011933174224
29.0,6.0,15.0,0.3,0.1,0.8,4.0,413.0,0.0,0.0,0.4092009685230024
29.0,6.0,16.0,0.3,0.1,0.8,4.0,411.0,0.0,0.0,0.40632603406326034
29.0,6.0,17.0,0.3,0.1,0.8,4.0,408.0,0.0,0.0,0.4117647058823529
29.0,6.0,18.0,0.3,0.1,0.8,4.0,409.0,0.0,0.0,0.4083129584352078
29.0,6.0,19.0,0.3,0.1,0.8,4.0,406.0,0.0,0.0,0.41133004926108374
29.0,6.0,20.0,0.3,0.1,0.8,4.0,808.0,0.0,0.0,0.20668316831683167
29.0,6.0,21.0,0.3,0.1,0.8,4.0,794.0,0.0,0.0,0.20654911838790932
29.0,6.0,22.0,0.3,0.1,0.8,4.0,759.0,0.0,0.0,0.2160737812911726
29.0,6.0,23.0,0.3,0.1,0.8,4.0,755.0,0.0,0.0,0.21456953642384105
29.0,6.0,24.0,0.3,0.1,0.8,4.0,730.0,0.0,0.0,0.21780821917808219
29.0,6.0,25.0,0.3,0.1,0.8,4.0,727.0,0.0,0.0,0.218707015130674
29.0,6.0,26.0,0.3,0.1,0.8,4.0,708.0,0.0,0.0,0.2231638418079096
29.0,6.0,27.0,0.3,0.1,0.8,4.0,703.0,0.0,0.0,0.21621621621621623
29.0,6.0,28.0,0.3,0.1,0.8,4.0,683.0,0.0,0.0,0.21522693997071743
29.0,6.0,29.0,0.3,0.1,0.8,4.0,659.0,0.0,0.0,0.21547799696509864
29.0,6.0,30.0,0.3,0.1,0.8,4.0,617.0,0.0,0.0,0.22852512155591573
29.0,6.0,31.0,0.3,0.1,0.8,4.0,624.0,0.0,0.0,0.22275641025641027
29.0,6.0,32.0,0.3,0.1,0.8,4.0,613.0,0.0,0.0,0.2267536704730832
29.0,6.0,33.0,0.3,0.1,0.8,4.0,603.0,0.0,0.0,0.22388059701492538
29.0,6.0,34.0,0.3,0.1,0.8,4.0,590.0,0.0,0.0,0.23220338983050848
29.0,6.0,35.0,0.3,0.1,0.8,4.0,583.0,0.0,0.0,0.22469982847341338
29.0,6.0,36.0,0.3,0.1,0.8,4.0,574.0,0.0,0.0,0.23344947735191637
29.0,6.0,37.0,0.3,0.1,0.8,4.0,580.0,0.0,0.0,0.22413793103448276
29.0,6.0,38.0,0.3,0.1,0.8,4.0,545.0,0.0,0.0,0.22568807339449543
29.0,6.0,39.0,0.3,0.1,0.8,4.0,550.0,0.0,0.0,0.22181818181818183
29.0,6.0,40.0,0.3,0.1,0.8,4.0,548.0,0.0,0.0,0.22627737226277372
29.0,6.0,41.0,0.3,0.1,0.8,4.0,535.0,0.0,0.0,0.22429906542056074
29.0,6.0,42.0,0.3,0.1,0.8,4.0,523.0,0.0,0.0,0.23135755258126195
29.0,6.0,43.0,0.3,0.1,0.8,4.0,520.0,0.0,0.0,0.225
29.0,6.0,44.0,0.3,0.1,0.8,4.0,511.0,0.0,0.0,0.2309197651663405
29.0,6.0,45.0,0.3,0.1,0.8,4.0,516.0,0.0,0.0,0.3953488372093023
29.0,6.0,46.0,0.3,0.1,0.8,4.0,511.0,0.0,0.0,0.39921722113502933
29.0,6.0,47.0,0.3,0.1,0.8,4.0,519.0,0.0,0.0,0.3969171483622351
29.0,6.0,48.0,0.3,0.1,0.8,4.0,495.0,0.0,0.0,0.40606060606060607
29.0,6.0,49.0,0.3,0.1,0.8,4.0,503.0,0.0,0.0,0.40357852882703776
29.0,6.0,50.0,0.3,0.1,0.8,4.0,495.0,0.0,0.0,0.40404040404040403
29.0,6.0,51.0,0.3,0.1,0.8,4.0,503.0,0.0,0.0,0.3996023856858847
29.0,6.0,52.0,0.3,0.1,0.8,4.0,482.0,0.0,0.0,0.41286307053941906
29.0,7.0,1.0,0.3,0.1,0.8,4.0,490.0,0.0,0.0,0.40816326530612246
29.0,7.0,2.0,0.3,0.1,0.8,4.0,480.0,0.0,0.0,0.41458333333333336
29.0,7.0,3.0,0.3,0.1,0.8,4.0,486.0,0.0,0.0,0.4094650205761317
29.0,7.0,4.0,0.3,0.1,0.8,4.0,476.0,0.0,0.0,0.4180672268907563
29.0,7.0,5.0,0.3,0.1,0.8,4.0,471.0,0.0,0.0,0.4118895966029724
29.0,7.0,6.0,0.3,0.1,0.8,4.0,475.0,0.0,0.0,0.4168421052631579
29.0,7.0,7.0,0.3,0.1,0.8,4.0,458.0,0.0,0.0,0.4148471615720524
29.0,7.0,8.0,0.3,0.1,0.8,4.0,463.0,0.0,0.0,0.4190064794816415
29.0,7.0,9.0,0.3,0.1,0.8,4.0,456.0,0.0,0.0,0.4144736842105263
29.0,7.0,10.0,0.3,0.1,0.8,4.0,460.0,0.0,0.0,0.41956521739130437
29.0,7.0,11.0,0.3,0.1,0.8,4.0,453.0,0.0,0.0,0.41501103752759383
29.0,7.0,12.0,0.3,0.1,0.8,4.0,457.0,0.0,0.0,0.4223194748358862
29.0,7.0,13.0,0.3,0.1,0.8,4.0,447.0,0.0,0.0,0.42058165548098436
29.0,7.0,14.0,0.3,0.1,0.8,4.0,449.0,0.0,0.0,0.42761692650334077
29.0,7.0,15.0,0.3,0.1,0.8,4.0,438.0,0.0,0.0,0.4269406392694064
29.0,7.0,16.0,0.3,0.1,0.8,4.0,438.0,0.0,0.0,0.4315068493150685
29.0,7.0,17.0,0.3,0.1,0.8,4.0,432.0,0.0,0.0,0.42824074074074076
29.0,7.0,18.0,0.3,0.1,0.8,4.0,436.0,0.0,0.0,0.4334862385321101
29.0,7.0,19.0,0.3,0.1,0.8,4.0,429.0,0.0,0.0,0.43123543123543123
29.0,7.0,20.0,0.3,0.1,0.8,4.0,801.0,0.0,0.0,0.23595505617977527
29.0,7.0,21.0,0.3,0.1,0.8,4.0,769.0,0.0,0.0,0.23927178153446033
29.0,7.0,22.0,0.3,0.1,0.8,4.0,757.0,0.0,0.0,0.24174372523117568
29.0,7.0,23.0,0.3,0.1,0.8,4.0,743.0,0.0,0.0,0.24091520861372812
29.0,7.0,24.0,0.3,0.1,0.8,4.0,731.0,0.0,0.0,0.2448700410396717
29.0,7.0,25.0,0.3,0.1,0.8,4.0,701.0,0.0,0.0,0.24251069900142652
29.0,7.0,26.0,0.3,0.1,0.8,4.0,689.0,0.0,0.0,0.2467343976777939
29.0,7.0,27.0,0.3,0.1,0.8,4.0,684.0,0.0,0.0,0.24269005847953215
29.0,7.0,28.0,0.3,0.1,0.8,4.0,664.0,0.0,0.0,0.2469879518072289
29.0,7.0,29.0,0.3,0.1,0.8,4.0,654.0,0.0,0.0,0.24617737003058104
29.0,7.0,30.0,0.3,0.1,0.8,4.0,663.0,0.0,0.0,0.2473604826546003
29.0,7.0,31.0,0.3,0.1,0.8,4.0,654.0,0.0,0.0,0.24464831804281345
29.0,7.0,32.0,0.3,0.1,0.8,4.0,657.0,0.0,0.0,0.2480974124809741
29.0,7.0,33.0,0.3,0.1,0.8,4.0,654.0,0.0,0.0,0.24464831804281345
29.0,7.0,34.0,0.3,0.1,0.8,4.0,661.0,0.0,0.0,0.24659606656580937
29.0,7.0,35.0,0.3,0.1,0.8,4.0,645.0,0.0,0.0,0.2496124031007752
29.0,7.0,36.0,0.3,0.1,0.8,4.0,641.0,0.0,0.0,0.24960998439937598
29.0,7.0,37.0,0.3,0.1,0.8,4.0,635.0,0.0,0.0,0.24881889763779527
29.0,7.0,38.0,0.3,0.1,0.8,4.0,639.0,0.0,0.0,0.24882629107981222
29.0,7.0,39.0,0.3,0.1,0.8,4.0,633.0,0.0,0.0,0.2480252764612954
29.0,7.0,40.0,0.3,0.1,0.8,4.0,621.0,0.0,0.0,0.2528180354267311
29.0,7.0,41.0,0.3,0.1,0.8,4.0,602.0,0.0,0.0,0.25083056478405313
29.0,7.0,42.0,0.3,0.1,0.8,4.0,595.0,0.0,0.0,0.2571428571428571
29.0,7.0,43.0,0.3,0.1,0.8,4.0,574.0,0.0,0.0,0.259581881533101
29.0,7.0,44.0,0.3,0.1,0.8,4.0,578.0,0.0,0.0,0.25951557093425603
29.0,7.0,45.0,0.3,0.1,0.8,4.0,572.0,0.0,0.0,0.4230769230769231
29.0,7.0,46.0,0.3,0.1,0.8,4.0,576.0,0.0,0.0,0.4201388888888889
29.0,7.0,47.0,0.3,0.1,0.8,4.0,551.0,0.0,0.0,0.4246823956442831
29.0,7.0,48.0,0.3,0.1,0.8,4.0,553.0,0.0,0.0,0.42495479204339964
29.0,7.0,49.0,0.3,0.1,0.8,4.0,547.0,0.0,0.0,0.4259597806215722
29.0,7.0,50.0,0.3,0.1,0.8,4.0,539.0,0.0,0.0,0.41929499072356213
29.0,7.0,51.0,0.3,0.1,0.8,4.0,535.0,0.0,0.0,0.41682242990654206
29.0,7.0,52.0,0.3,0.1,0.8,4.0,532.0,0.0,0.0,0.42105263157894735
29.0,8.0,1.0,0.3,0.1,0.8,4.0,532.0,0.0,0.0,0.4191729323308271
29.0,8.0,2.0,0.3,0.1,0.8,4.0,530.0,0.0,0.0,0.4207547169811321
29.0,8.0,3.0,0.3,0.1,0.8,4.0,529.0,0.0,0.0,0.41965973534971646
29.0,8.0,4.0,0.3,0.1,0.8,4.0,526.0,0.0,0.0,0.4220532319391635
29.0,8.0,5.0,0.3,0.1,0.8,4.0,522.0,0.0,0.0,0.421455938697318
29.0,8.0,6.0,0.3,0.1,0.8,4.0,521.0,0.0,0.0,0.42226487523992323
29.0,8.0,7.0,0.3,0.1,0.8,4.0,519.0,0.0,0.0,0.42196531791907516
29.0,8.0,8.0,0.3,0.1,0.8,4.0,520.0,0.0,0.0,0.42115384615384616
29.0,8.0,9.0,0.3,0.1,0.8,4.0,517.0,0.0,0.0,0.42166344294003866
29.0,8.0,10.0,0.3,0.1,0.8,4.0,518.0,0.0,0.0,0.4247104247104247
29.0,8.0,11.0,0.3,0.1,0.8,4.0,515.0,0.0,0.0,0.42330097087378643
29.0,8.0,12.0,0.3,0.1,0.8,4.0,516.0,0.0,0.0,0.4263565891472868
29.0,8.0,13.0,0.3,0.1,0.8,4.0,499.0,0.0,0.0,0.43286573146292584
29.0,8.0,14.0,0.3,0.1,0.8,4.0,495.0,0.0,0.0,0.43434343434343436
29.0,8.0,15.0,0.3,0.1,0.8,4.0,492.0,0.0,0.0,0.4349593495934959
29.0,8.0,16.0,0.3,0.1,0.8,4.0,494.0,0.0,0.0,0.4392712550607287
29.0,8.0,17.0,0.3,0.1,0.8,4.0,486.0,0.0,0.0,0.43621399176954734
29.0,8.0,18.0,0.3,0.1,0.8,4.0,487.0,0.0,0.0,0.44353182751540043
29.0,8.0,19.0,0.3,0.1,0.8,4.0,483.0,0.0,0.0,0.43685300207039335
29.0,8.0,20.0,0.3,0.1,0.8,4.0,898.0,0.0,0.0,0.23942093541202672
29.0,8.0,21.0,0.3,0.1,0.8,4.0,879.0,0.0,0.0,0.23777019340159272
29.0,8.0,22.0,0.3,0.1,0.8,4.0,845.0,0.0,0.0,0.24970414201183433
29.0,8.0,23.0,0.3,0.1,0.8,4.0,814.0,0.0,0.0,0.24447174447174447
29.0,8.0,24.0,0.3,0.1,0.8,4.0,819.0,0.0,0.0,0.24786324786324787
29.0,8.0,25.0,0.3,0.1,0.8,4.0,805.0,0.0,0.0,0.24596273291925466
29.0,8.0,26.0,0.3,0.1,0.8,4.0,806.0,0.0,0.0,0.2506203473945409
29.0,8.0,27.0,0.3,0.1,0.8,4.0,762.0,0.0,0.0,0.25065616797900264
29.0,8.0,28.0,0.3,0.1,0.8,4.0,750.0,0.0,0.0,0.25466666666666665
29.0,8.0,29.0,0.3,0.1,0.8,4.0,746.0,0.0,0.0,0.25067024128686327
29.0,8.0,30.0,0.3,0.1,0.8,4.0,750.0,0.0,0.0,0.25466666666666665
29.0,8.0,31.0,0.3,0.1,0.8,4.0,746.0,0.0,0.0,0.25067024128686327
29.0,8.0,32.0,0.3,0.1,0.8,4.0,750.0,0.0,0.0,0.25466666666666665
29.0,8.0,33.0,0.3,0.1,0.8,4.0,747.0,0.0,0.0,0.250334672021419
29.0,8.0,34.0,0.3,0.1,0.8,4.0,749.0,0.0,0.0,0.25500667556742324
29.0,8.0,35.0,0.3,0.1,0.8,4.0,745.0,0.0,0.0,0.25100671140939596
29.0,8.0,36.0,0.3,0.1,0.8,4.0,741.0,0.0,0.0,0.2550607287449393
29.0,8.0,37.0,0.3,0.1,0.8,4.0,706.0,0.0,0.0,0.2577903682719547
29.0,8.0,38.0,0.3,0.1,0.8,4.0,714.0,0.0,0.0,0.2605042016806723
29.0,8.0,39.0,0.3,0.1,0.8,4.0,706.0,0.0,0.0,0.2577903682719547
29.0,8.0,40.0,0.3,0.1,0.8,4.0,686.0,0.0,0.0,0.26239067055393583
29.0,8.0,41.0,0.3,0.1,0.8,4.0,664.0,0.0,0.0,0.2620481927710843
29.0,8.0,42.0,0.3,0.1,0.8,4.0,672.0,0.0,0.0,0.2648809523809524
29.0,8.0,43.0,0.3,0.1,0.8,4.0,664.0,0.0,0.0,0.2620481927710843
29.0,8.0,44.0,0.3,0.1,0.8,4.0,660.0,0.0,0.0,0.26515151515151514
29.0,8.0,45.0,0.3,0.1,0.8,4.0,652.0,0.0,0.0,0.4125766871165644
29.0,8.0,46.0,0.3,0.1,0.8,4.0,660.0,0.0,0.0,0.41363636363636364
29.0,8.0,47.0,0.3,0.1,0.8,4.0,640.0,0.0,0.0,0.4125
29.0,8.0,48.0,0.3,0.1,0.8,4.0,647.0,0.0,0.0,0.4126738794435858
29.0,8.0,49.0,0.3,0.1,0.8,4.0,640.0,0.0,0.0,0.4125
29.0,8.0,50.0,0.3,0.1,0.8,4.0,648.0,0.0,0.0,0.41358024691358025
29.0,8.0,51.0,0.3,0.1,0.8,4.0,639.0,0.0,0.0,0.41158059467918623
29.0,8.0,52.0,0.3,0.1,0.8,4.0,648.0,0.0,0.0,0.41358024691358025
29.0,9.0,1.0,0.3,0.1,0.8,4.0,627.0,0.0,0.0,0.41467304625199364
29.0,9.0,2.0,0.3,0.1,0.8,4.0,634.0,0.0,0.0,0.416403785488959
29.0,9.0,3.0,0.3,0.1,0.8,4.0,621.0,0.0,0.0,0.41545893719806765
29.0,9.0,4.0,0.3,0.1,0.8,4.0,629.0,0.0,0.0,0.4133545310015898
29.0,9.0,5.0,0.3,0.1,0.8,4.0,617.0,0.0,0.0,0.4165316045380875
29.0,9.0,6.0,0.3,0.1,0.8,4.0,629.0,0.0,0.0,0.4149443561208267
29.0,9.0,7.0,0.3,0.1,0.8,4.0,617.0,0.0,0.0,0.4165316045380875
29.0,9.0,8.0,0.3,0.1,0.8,4.0,624.0,0.0,0.0,0.4166666666666667
29.0,9.0,9.0,0.3,0.1,0.8,4.0,612.0,0.0,0.0,0.41830065359477125
29.0,9.0,10.0,0.3,0.1,0.8,4.0,618.0,0.0,0.0,0.42071197411003236
29.0,9.0,11.0,0.3,0.1,0.8,4.0,607.0,0.0,0.0,0.42174629324546953
29.0,9.0,12.0,0.3,0.1,0.8,4.0,614.0,0.0,0.0,0.4234527687296417
29.0,9.0,13.0,0.3,0.1,0.8,4.0,606.0,0.0,0.0,0.42244224422442245
29.0,9.0,14.0,0.3,0.1,0.8,4.0,611.0,0.0,0.0,0.425531914893617
29.0,9.0,15.0,0.3,0.1,0.8,4.0,597.0,0.0,0.0,0.4288107202680067
29.0,9.0,16.0,0.3,0.1,0.8,4.0,607.0,0.0,0.0,0.42833607907743
29.0,9.0,17.0,0.3,0.1,0.8,4.0,596.0,0.0,0.0,0.42953020134228187
29.0,9.0,18.0,0.3,0.1,0.8,4.0,606.0,0.0,0.0,0.429042904290429
29.0,9.0,19.0,0.3,0.1,0.8,4.0,581.0,0.0,0.0,0.4354561101549053
29.0,9.0,20.0,0.3,0.1,0.8,4.0,1038.0,0.0,0.0,0.2398843930635838
29.0,9.0,21.0,0.3,0.1,0.8,4.0,1006.0,0.0,0.0,0.23856858846918488
29.0,9.0,22.0,0.3,0.1,0.8,4.0,999.0,0.0,0.0,0.23923923923923923
29.0,9.0,23.0,0.3,0.1,0.8,4.0,956.0,0.0,0.0,0.2395397489539749
29.0,9.0,24.0,0.3,0.1,0.8,4.0,947.0,0.0,0.0,0.24076029567053855
29.0,9.0,25.0,0.3,0.1,0.8,4.0,926.0,0.0,0.0,0.24190064794816415
29.0,9.0,26.0,0.3,0.1,0.8,4.0,947.0,0.0,0.0,0.24076029567053855
29.0,9.0,27.0,0.3,0.1,0.8,4.0,916.0,0.0,0.0,0.24344978165938866
29.0,9.0,28.0,0.3,0.1,0.8,4.0,901.0,0.0,0.0,0.24972253052164262
29.0,9.0,29.0,0.3,0.1,0.8,4.0,825.0,0.0,0.0,0.26181818181818184
29.0,9.0,30.0,0.3,0.1,0.8,4.0,821.0,0.0,0.0,0.2630937880633374
29.0,9.0,31.0,0.3,0.1,0.8,4.0,800.0,0.0,0.0,0.265
29.0,9.0,32.0,0.3,0.1,0.8,4.0,758.0,0.0,0.0,0.27308707124010556
29.0,9.0,33.0,0.3,0.1,0.8,4.0,719.0,0.0,0.0,0.2795549374130737
29.0,9.0,34.0,0.3,0.1,0.8,4.0,726.0,0.0,0.0,0.27823691460055094
29.0,9.0,35.0,0.3,0.1,0.8,4.0,705.0,0.0,0.0,0.28085106382978725
29.0,9.0,36.0,0.3,0.1,0.8,4.0,674.0,0.0,0.0,0.28486646884273
29.0,9.0,37.0,0.3,0.1,0.8,4.0,664.0,0.0,0.0,0.2876506024096386
29.0,9.0,38.0,0.3,0.1,0.8,4.0,658.0,0.0,0.0,0.2917933130699088
29.0,9.0,39.0,0.3,0.1,0.8,4.0,633.0,0.0,0.0,0.29541864139020535
29.0,9.0,40.0,0.3,0.1,0.8,4.0,643.0,0.0,0.0,0.2939346811819596
29.0,9.0,41.0,0.3,0.1,0.8,4.0,633.0,0.0,0.0,0.29541864139020535
29.0,9.0,42.0,0.3,0.1,0.8,4.0,642.0,0.0,0.0,0.29439252336448596
29.0,9.0,43.0,0.3,0.1,0.8,4.0,636.0,0.0,0.0,0.2940251572327044
29.0,9.0,44.0,0.3,0.1,0.8,4.0,642.0,0.0,0.0,0.29439252336448596
29.0,9.0,45.0,0.3,0.1,0.8,4.0,635.0,0.0,0.0,0.4456692913385827
29.0,9.0,46.0,0.3,0.1,0.8,4.0,642.0,0.0,0.0,0.4485981308411215
29.0,9.0,47.0,0.3,0.1,0.8,4.0,623.0,0.0,0.0,0.44301765650080255
29.0,9.0,48.0,0.3,0.1,0.8,4.0,617.0,0.0,0.0,0.44894651539708263
29.0,9.0,49.0,0.3,0.1,0.8,4.0,611.0,0.0,0.0,0.4451718494271686
29.0,9.0,50.0,0.3,0.1,0.8,4.0,620.0,0.0,0.0,0.4467741935483871
29.0,9.0,51.0,0.3,0.1,0.8,4.0,617.0,0.0,0.0,0.44246353322528365
29.0,9.0,52.0,0.3,0.1,0.8,4.0,620.0,0.0,0.0,0.4467741935483871
29.0,10.0,1.0,0.3,0.1,0.8,4.0,615.0,0.0,0.0,0.44227642276422763
29.0,10.0,2.0,0.3,0.1,0.8,4.0,620.0,0.0,0.0,0.4467741935483871
29.0,10.0,3.0,0.3,0.1,0.8,4.0,615.0,0.0,0.0,0.44227642276422763
29.0,10.0,4.0,0.3,0.1,0.8,4.0,618.0,0.0,0.0,0.4482200647249191
29.0,10.0,5.0,0.3,0.1,0.8,4.0,613.0,0.0,0.0,0.4437194127243067
29.0,10.0,6.0,0.3,0.1,0.8,4.0,618.0,0.0,0.0,0.4482200647249191
29.0,10.0,7.0,0.3,0.1,0.8,4.0,611.0,0.0,0.0,0.4451718494271686
29.0,10.0,8.0,0.3,0.1,0.8,4.0,614.0,0.0,0.0,0.4511400651465798
29.0,10.0,9.0,0.3,0.1,0.8,4.0,593.0,0.0,0.0,0.4502529510961214
29.0,10.0,10.0,0.3,0.1,0.8,4.0,596.0,0.0,0.0,0.45302013422818793
29.0,10.0,11.0,0.3,0.1,0.8,4.0,592.0,0.0,0.0,0.44932432432432434
29.0,10.0,12.0,0.3,0.1,0.8,4.0,590.0,0.0,0.0,0.4542372881355932
29.0,10.0,13.0,0.3,0.1,0.8,4.0,585.0,0.0,0.0,0.452991452991453
29.0,10.0,14.0,0.3,0.1,0.8,4.0,584.0,0.0,0.0,0.4606164383561644
29.0,10.0,15.0,0.3,0.1,0.8,4.0,581.0,0.0,0.0,0.45611015490533563
29.0,10.0,16.0,0.3,0.1,0.8,4.0,581.0,0.0,0.0,0.4612736660929432
29.0,10.0,17.0,0.3,0.1,0.8,4.0,578.0,0.0,0.0,0.45674740484429066
29.0,10.0,18.0,0.3,0.1,0.8,4.0,580.0,0.0,0.0,0.4603448275862069
29.0,10.0,19.0,0.3,0.1,0.8,4.0,577.0,0.0,0.0,0.4558058925476603
29.0,10.0,20.0,0.3,0.1,0.8,4.0,978.0,0.0,0.0,0.2505112474437628
29.0,10.0,21.0,0.3,0.1,0.8,4.0,923.0,0.0,0.0,0.25460455037919827
29.0,10.0,22.0,0.3,0.1,0.8,4.0,899.0,0.0,0.0,0.25806451612903225
29.0,10.0,23.0,0.3,0.1,0.8,4.0,874.0,0.0,0.0,0.2574370709382151
29.0,10.0,24.0,0.3,0.1,0.8,4.0,854.0,0.0,0.0,0.26229508196721313
29.0,10.0,25.0,0.3,0.1,0.8,4.0,836.0,0.0,0.0,0.2607655502392344
29.0,10.0,26.0,0.3,0.1,0.8,4.0,836.0,0.0,0.0,0.26435406698564595
29.0,10.0,27.0,0.3,0.1,0.8,4.0,812.0,0.0,0.0,0.25738916256157635
29.0,10.0,28.0,0.3,0.1,0.8,4.0,798.0,0.0,0.0,0.2631578947368421
29.0,10.0,29.0,0.3,0.1,0.8,4.0,798.0,0.0,0.0,0.2593984962406015
29.0,10.0,30.0,0.3,0.1,0.8,4.0,750.0,0.0,0.0,0.2613333333333333
29.0,10.0,31.0,0.3,0.1,0.8,4.0,736.0,0.0,0.0,0.2608695652173913
29.0,10.0,32.0,0.3,0.1,0.8,4.0,708.0,0.0,0.0,0.2655367231638418
29.0,10.0,33.0,0.3,0.1,0.8,4.0,692.0,0.0,0.0,0.2658959537572254
29.0,10.0,34.0,0.3,0.1,0.8,4.0,682.0,0.0,0.0,0.2727272727272727
29.0,10.0,35.0,0.3,0.1,0.8,4.0,681.0,0.0,0.0,0.2687224669603524
29.0,10.0,36.0,0.3,0.1,0.8,4.0,682.0,0.0,0.0,0.2727272727272727
29.0,10.0,37.0,0.3,0.1,0.8,4.0,669.0,0.0,0.0,0.26756352765321373
29.0,10.0,38.0,0.3,0.1,0.8,4.0,659.0,0.0,0.0,0.2731411229135053
29.0,10.0,39.0,0.3,0.1,0.8,4.0,658.0,0.0,0.0,0.2689969604863222
29.0,10.0,40.0,0.3,0.1,0.8,4.0,659.0,0.0,0.0,0.2731411229135053
29.0,10.0,41.0,0.3,0.1,0.8,4.0,658.0,0.0,0.0,0.2689969604863222
29.0,10.0,42.0,0.3,0.1,0.8,4.0,625.0,0.0,0.0,0.2768
29.0,10.0,43.0,0.3,0.1,0.8,4.0,626.0,0.0,0.0,0.2731629392971246
29.0,10.0,44.0,0.3,0.1,0.8,4.0,625.0,0.0,0.0,0.2768
29.0,10.0,45.0,0.3,0.1,0.8,4.0,626.0,0.0,0.0,0.4424920127795527
29.0,10.0,46.0,0.3,0.1,0.8,4.0,621.0,0.0,0.0,0.4476650563607085
29.0,10.0,47.0,0.3,0.1,0.8,4.0,610.0,0.0,0.0,0.44754098360655736
29.0,10.0,48.0,0.3,0.1,0.8,4.0,609.0,0.0,0.0,0.44991789819376027
29.0,10.0,49.0,0.3,0.1,0.8,4.0,598.0,0.0,0.0,0.44816053511705684
29.0,10.0,50.0,0.3,0.1,0.8,4.0,602.0,0.0,0.0,0.4485049833887043
29.0,10.0,51.0,0.3,0.1,0.8,4.0,590.0,0.0,0.0,0.45084745762711864
29.0,10.0,52.0,0.3,0.1,0.8,4.0,595.0,0.0,0.0,0.4504201680672269
30.0,1.0,1.0,0.3,0.1,0.8,4.0,5175.0,50.0,10.0,0.2923671497584541
30.0,1.0,2.0,0.3,0.1,0.8,4.0,5157.0,55.0,24.0,0.2920302501454334
30.0,1.0,3.0,0.3,0.1,0.8,4.0,5093.0,75.0,35.0,0.29275476143726686
30.0,1.0,4.0,0.3,0.1,0.8,4.0,5070.0,85.0,35.0,0.29191321499013806
30.0,1.0,5.0,0.3,0.1,0.8,4.0,5083.0,95.0,38.0,0.2966751918158568
30.0,1.0,6.0,0.3,0.1,0.8,4.0,4882.0,93.0,42.0,0.2972142564522737
30.0,1.0,7.0,0.3,0.1,0.8,4.0,4717.0,115.0,41.0,0.2993428026287895
30.0,1.0,8.0,0.3,0.1,0.8,4.0,4636.0,128.0,51.0,0.3000431406384815
30.0,1.0,9.0,0.3,0.1,0.8,4.0,4526.0,150.0,55.0,0.30181175430844015
30.0,1.0,10.0,0.3,0.1,0.8,4.0,4383.0,170.0,65.0,0.30367328313940223
30.0,1.0,11.0,0.3,0.1,0.8,4.0,4222.0,167.0,77.0,0.3057792515395547
30.0,1.0,12.0,0.3,0.1,0.8,4.0,4133.0,183.0,87.0,0.30583111541253327
30.0,1.0,13.0,0.3,0.1,0.8,4.0,4016.0,193.0,93.0,0.3102589641434263
30.0,1.0,14.0,0.3,0.1,0.8,4.0,3857.0,181.0,89.0,0.31449312937516205
30.0,1.0,15.0,0.3,0.1,0.8,4.0,3709.0,185.0,81.0,0.31652736586681046
30.0,1.0,16.0,0.3,0.1,0.8,4.0,3651.0,191.0,85.0,0.3171733771569433
30.0,1.0,17.0,0.3,0.1,0.8,4.0,3582.0,179.0,84.0,0.3213288665549972
30.0,1.0,18.0,0.3,0.1,0.8,4.0,3512.0,181.0,97.0,0.32374715261959
30.0,1.0,19.0,0.3,0.1,0.8,4.0,3397.0,175.0,91.0,0.32734765969973506
30.0,1.0,20.0,0.3,0.1,0.8,4.0,6304.0,166.0,75.0,0.1751269035532995
30.0,1.0,21.0,0.3,0.1,0.8,4.0,5837.0,220.0,70.0,0.1771457940722974
30.0,1.0,22.0,0.3,0.1,0.8,4.0,5660.0,247.0,85.0,0.17985865724381625
30.0,1.0,23.0,0.3,0.1,0.8,4.0,5372.0,287.0,106.0,0.18186895011169024
30.0,1.0,24.0,0.3,0.1,0.8,4.0,5007.0,335.0,115.0,0.1847413620930697
30.0,1.0,25.0,0.3,0.1,0.8,4.0,4733.0,373.0,129.0,0.18846397633636172
30.0,1.0,26.0,0.3,0.1,0.8,4.0,4462.0,393.0,147.0,0.19184222321828776
30.0,1.0,27.0,0.3,0.1,0.8,4.0,4216.0,435.0,187.0,0.19307400379506642
30.0,1.0,28.0,0.3,0.1,0.8,4.0,4006.0,450.0,192.0,0.19595606590114828
30.0,1.0,29.0,0.3,0.1,0.8,4.0,3788.0,434.0,186.0,0.2016895459345301
30.0,1.0,30.0,0.3,0.1,0.8,4.0,3595.0,426.0,179.0,0.20556328233657858
30.0,1.0,31.0,0.3,0.1,0.8,4.0,3462.0,434.0,197.0,0.20826112073945696
30.0,1.0,32.0,0.3,0.1,0.8,4.0,3267.0,433.0,202.0,0.21426385062748698
30.0,1.0,33.0,0.3,0.1,0.8,4.0,3124.0,444.0,193.0,0.22023047375160051
30.0,1.0,34.0,0.3,0.1,0.8,4.0,2907.0,415.0,175.0,0.22497420020639836
30.0,1.0,35.0,0.3,0.1,0.8,4.0,2776.0,394.0,180.0,0.23378962536023054
30.0,1.0,36.0,0.3,0.1,0.8,4.0,2672.0,403.0,197.0,0.23802395209580837
30.0,1.0,37.0,0.3,0.1,0.8,4.0,2551.0,388.0,193.0,0.24970599764798118
30.0,1.0,38.0,0.3,0.1,0.8,4.0,2430.0,394.0,191.0,0.25679012345679014
30.0,1.0,39.0,0.3,0.1,0.8,4.0,2261.0,337.0,153.0,0.2711189739053516
30.0,1.0,40.0,0.3,0.1,0.8,4.0,2177.0,316.0,155.0,0.27790537436839685
30.0,1.0,41.0,0.3,0.1,0.8,4.0,2086.0,301.0,147.0,0.288111217641419
30.0,1.0,42.0,0.3,0.1,0.8,4.0,1994.0,281.0,147.0,0.2958876629889669
30.0,1.0,43.0,0.3,0.1,0.8,4.0,1920.0,257.0,142.0,0.3067708333333333
30.0,1.0,44.0,0.3,0.1,0.8,4.0,1844.0,239.0,129.0,0.3129067245119306
30.0,1.0,45.0,0.3,0.1,0.8,4.0,1748.0,213.0,111.0,0.4839816933638444
30.0,1.0,46.0,0.3,0.1,0.8,4.0,1684.0,184.0,100.0,0.48990498812351546
30.0,1.0,47.0,0.3,0.1,0.8,4.0,1611.0,159.0,85.0,0.5021725636250776
30.0,1.0,48.0,0.3,0.1,0.8,4.0,1528.0,133.0,74.0,0.5052356020942408
30.0,1.0,49.0,0.3,0.1,0.8,4.0,1473.0,116.0,62.0,0.5139171758316361
30.0,1.0,50.0,0.3,0.1,0.8,4.0,1427.0,107.0,66.0,0.5192711983181499
30.0,1.0,51.0,0.3,0.1,0.8,4.0,1398.0,93.0,63.0,0.5257510729613734
30.0,1.0,52.0,0.3,0.1,0.8,4.0,1356.0,84.0,59.0,0.5309734513274337
30.0,2.0,1.0,0.3,0.1,0.8,4.0,1328.0,68.0,41.0,0.536144578313253
30.0,2.0,2.0,0.3,0.1,0.8,4.0,1276.0,48.0,27.0,0.5501567398119123
30.0,2.0,3.0,0.3,0.1,0.8,4.0,1267.0,38.0,21.0,0.55327545382794
30.0,2.0,4.0,0.3,0.1,0.8,4.0,1248.0,34.0,18.0,0.5592948717948718
30.0,2.0,5.0,0.3,0.1,0.8,4.0,1247.0,28.0,17.0,0.5605453087409783
30.0,2.0,6.0,0.3,0.1,0.8,4.0,1222.0,21.0,16.0,0.563011456628478
30.0,2.0,7.0,0.3,0.1,0.8,4.0,1219.0,19.0,13.0,0.5627563576702215
30.0,2.0,8.0,0.3,0.1,0.8,4.0,1196.0,15.0,10.0,0.5652173913043478
30.0,2.0,9.0,0.3,0.1,0.8,4.0,1156.0,9.0,5.0,0.5726643598615917
30.0,2.0,10.0,0.3,0.1,0.8,4.0,1133.0,10.0,7.0,0.5772285966460724
30.0,2.0,11.0,0.3,0.1,0.8,4.0,1129.0,8.0,5.0,0.5775022143489814
30.0,2.0,12.0,0.3,0.1,0.8,4.0,1105.0,9.0,5.0,0.5800904977375566
30.0,2.0,13.0,0.3,0.1,0.8,4.0,1103.0,7.0,4.0,0.5811423390752494
30.0,2.0,14.0,0.3,0.1,0.8,4.0,1056.0,6.0,4.0,0.5823863636363636
30.0,2.0,15.0,0.3,0.1,0.8,4.0,1060.0,6.0,4.0,0.5849056603773585
30.0,2.0,16.0,0.3,0.1,0.8,4.0,1045.0,4.0,2.0,0.584688995215311
30.0,2.0,17.0,0.3,0.1,0.8,4.0,1046.0,3.0,1.0,0.5850860420650096
30.0,2.0,18.0,0.3,0.1,0.8,4.0,1030.0,2.0,2.0,0.583495145631068
30.0,2.0,19.0,0.3,0.1,0.8,4.0,1037.0,2.0,2.0,0.5843780135004821
30.0,2.0,20.0,0.3,0.1,0.8,4.0,1864.0,2.0,2.0,0.3186695278969957
30.0,2.0,21.0,0.3,0.1,0.8,4.0,1821.0,3.0,0.0,0.3228995057660626
30.0,2.0,22.0,0.3,0.1,0.8,4.0,1776.0,3.0,1.0,0.32432432432432434
30.0,2.0,23.0,0.3,0.1,0.8,4.0,1687.0,6.0,1.0,0.3248369887374037
30.0,2.0,24.0,0.3,0.1,0.8,4.0,1642.0,5.0,3.0,0.3258221680876979
30.0,2.0,25.0,0.3,0.1,0.8,4.0,1616.0,5.0,3.0,0.3316831683168317
30.0,2.0,26.0,0.3,0.1,0.8,4.0,1604.0,9.0,3.0,0.3266832917705736
30.0,2.0,27.0,0.3,0.1,0.8,4.0,1577.0,7.0,2.0,0.3297400126823082
30.0,2.0,28.0,0.3,0.1,0.8,4.0,1531.0,7.0,1.0,0.3311561071195297
30.0,2.0,29.0,0.3,0.1,0.8,4.0,1498.0,7.0,4.0,0.33444592790387184
30.0,2.0,30.0,0.3,0.1,0.8,4.0,1458.0,7.0,4.0,0.3278463648834019
30.0,2.0,31.0,0.3,0.1,0.8,4.0,1406.0,7.0,5.0,0.3335704125177809
30.0,2.0,32.0,0.3,0.1,0.8,4.0,1386.0,4.0,3.0,0.3318903318903319
30.0,2.0,33.0,0.3,0.1,0.8,4.0,1358.0,3.0,3.0,0.33578792341678937
30.0,2.0,34.0,0.3,0.1,0.8,4.0,1341.0,2.0,2.0,0.3333333333333333
30.0,2.0,35.0,0.3,0.1,0.8,4.0,1327.0,2.0,1.0,0.3360964581763376
30.0,2.0,36.0,0.3,0.1,0.8,4.0,1318.0,1.0,0.0,0.3323216995447648
30.0,2.0,37.0,0.3,0.1,0.8,4.0,1298.0,1.0,0.0,0.33359013867488446
30.0,2.0,38.0,0.3,0.1,0.8,4.0,1281.0,1.0,0.0,0.33021077283372363
30.0,2.0,39.0,0.3,0.1,0.8,4.0,1268.0,1.0,1.0,0.334384858044164
30.0,2.0,40.0,0.3,0.1,0.8,4.0,1243.0,1.0,1.0,0.33226065969428803
30.0,2.0,41.0,0.3,0.1,0.8,4.0,1225.0,2.0,1.0,0.3330612244897959
30.0,2.0,42.0,0.3,0.1,0.8,4.0,1180.0,2.0,0.0,0.32796610169491525
30.0,2.0,43.0,0.3,0.1,0.8,4.0,1150.0,2.0,0.0,0.3339130434782609
30.0,2.0,44.0,0.3,0.1,0.8,4.0,1150.0,2.0,1.0,0.32956521739130434
30.0,2.0,45.0,0.3,0.1,0.8,4.0,1113.0,2.0,2.0,0.46900269541778977
30.0,2.0,46.0,0.3,0.1,0.8,4.0,1084.0,3.0,2.0,0.46863468634686345
30.0,2.0,47.0,0.3,0.1,0.8,4.0,1043.0,2.0,1.0,0.46596356663470756
30.0,2.0,48.0,0.3,0.1,0.8,4.0,1030.0,1.0,0.0,0.4669902912621359
30.0,2.0,49.0,0.3,0.1,0.8,4.0,1019.0,1.0,0.0,0.46712463199214915
30.0,2.0,50.0,0.3,0.1,0.8,4.0,1014.0,1.0,1.0,0.46449704142011833
30.0,2.0,51.0,0.3,0.1,0.8,4.0,1006.0,1.0,1.0,0.46421471172962225
30.0,2.0,52.0,0.3,0.1,0.8,4.0,995.0,1.0,1.0,0.46130653266331656
30.0,3.0,1.0,0.3,0.1,0.8,4.0,969.0,0.0,0.0,0.4664602683178535
30.0,3.0,2.0,0.3,0.1,0.8,4.0,970.0,0.0,0.0,0.45979381443298967
30.0,3.0,3.0,0.3,0.1,0.8,4.0,957.0,0.0,0.0,0.4608150470219436
30.0,3.0,4.0,0.3,0.1,0.8,4.0,962.0,0.0,0.0,0.45634095634095634
30.0,3.0,5.0,0.3,0.1,0.8,4.0,938.0,0.0,0.0,0.4616204690831556
30.0,3.0,6.0,0.3,0.1,0.8,4.0,935.0,0.0,0.0,0.45989304812834225
30.0,3.0,7.0,0.3,0.1,0.8,4.0,906.0,0.0,0.0,0.4624724061810154
30.0,3.0,8.0,0.3,0.1,0.8,4.0,902.0,0.0,0.0,0.4611973392461197
30.0,3.0,9.0,0.3,0.1,0.8,4.0,889.0,0.0,0.0,0.4645669291338583
30.0,3.0,10.0,0.3,0.1,0.8,4.0,883.0,0.0,0.0,0.46319365798414497
30.0,3.0,11.0,0.3,0.1,0.8,4.0,876.0,0.0,0.0,0.4646118721461187
30.0,3.0,12.0,0.3,0.1,0.8,4.0,865.0,0.0,0.0,0.4658959537572254
30.0,3.0,13.0,0.3,0.1,0.8,4.0,862.0,0.0,0.0,0.46403712296983757
30.0,3.0,14.0,0.3,0.1,0.8,4.0,854.0,0.0,0.0,0.46604215456674475
30.0,3.0,15.0,0.3,0.1,0.8,4.0,844.0,0.0,0.0,0.46208530805687204
30.0,3.0,16.0,0.3,0.1,0.8,4.0,833.0,0.0,0.0,0.4657863145258103
30.0,3.0,17.0,0.3,0.1,0.8,4.0,838.0,0.0,0.0,0.4606205250596659
30.0,3.0,18.0,0.3,0.1,0.8,4.0,825.0,0.0,0.0,0.463030303030303
30.0,3.0,19.0,0.3,0.1,0.8,4.0,827.0,0.0,0.0,0.4570737605804111
30.0,3.0,20.0,0.3,0.1,0.8,4.0,1505.0,0.0,0.0,0.24983388704318937
30.0,3.0,21.0,0.3,0.1,0.8,4.0,1491.0,0.0,0.0,0.24949698189134809
30.0,3.0,22.0,0.3,0.1,0.8,4.0,1431.0,0.0,0.0,0.25506638714185886
30.0,3.0,23.0,0.3,0.1,0.8,4.0,1371.0,0.0,0.0,0.24653537563822028
30.0,3.0,24.0,0.3,0.1,0.8,4.0,1335.0,0.0,0.0,0.250936329588015
30.0,3.0,25.0,0.3,0.1,0.8,4.0,1326.0,0.0,0.0,0.2473604826546003
30.0,3.0,26.0,0.3,0.1,0.8,4.0,1280.0,0.0,0.0,0.25390625
30.0,3.0,27.0,0.3,0.1,0.8,4.0,1269.0,0.0,0.0,0.24822695035460993
30.0,3.0,28.0,0.3,0.1,0.8,4.0,1249.0,0.0,0.0,0.2514011208967174
30.0,3.0,29.0,0.3,0.1,0.8,4.0,1237.0,0.0,0.0,0.24413904607922393
30.0,3.0,30.0,0.3,0.1,0.8,4.0,1193.0,0.0,0.0,0.2531433361274099
30.0,3.0,31.0,0.3,0.1,0.8,4.0,1188.0,0.0,0.0,0.25
30.0,3.0,32.0,0.3,0.1,0.8,4.0,1146.0,0.0,0.0,0.25392670157068065
30.0,3.0,33.0,0.3,0.1,0.8,4.0,1149.0,0.0,0.0,0.25326370757180156
30.0,3.0,34.0,0.3,0.1,0.8,4.0,1113.0,0.0,0.0,0.2578616352201258
30.0,3.0,35.0,0.3,0.1,0.8,4.0,1085.0,0.0,0.0,0.2552995391705069
30.0,3.0,36.0,0.3,0.1,0.8,4.0,1040.0,0.0,0.0,0.25961538461538464
30.0,3.0,37.0,0.3,0.1,0.8,4.0,1030.0,0.0,0.0,0.25922330097087376
30.0,3.0,38.0,0.3,0.1,0.8,4.0,1005.0,0.0,0.0,0.26169154228855723
30.0,3.0,39.0,0.3,0.1,0.8,4.0,997.0,0.0,0.0,0.26178535606820463
30.0,3.0,40.0,0.3,0.1,0.8,4.0,983.0,0.0,0.0,0.2634791454730417
30.0,3.0,41.0,0.3,0.1,0.8,4.0,978.0,0.0,0.0,0.26278118609406953
30.0,3.0,42.0,0.3,0.1,0.8,4.0,962.0,0.0,0.0,0.262993762993763
30.0,3.0,43.0,0.3,0.1,0.8,4.0,938.0,0.0,0.0,0.2622601279317697
30.0,3.0,44.0,0.3,0.1,0.8,4.0,911.0,0.0,0.0,0.2645444566410538
30.0,3.0,45.0,0.3,0.1,0.8,4.0,906.0,0.0,0.0,0.41611479028697573
30.0,3.0,46.0,0.3,0.1,0.8,4.0,892.0,0.0,0.0,0.41816143497757846
30.0,3.0,47.0,0.3,0.1,0.8,4.0,860.0,0.0,0.0,0.41511627906976745
30.0,3.0,48.0,0.3,0.1,0.8,4.0,853.0,0.0,0.0,0.41852286049237986
30.0,3.0,49.0,0.3,0.1,0.8,4.0,841.0,0.0,0.0,0.41854934601664684
30.0,3.0,50.0,0.3,0.1,0.8,4.0,836.0,0.0,0.0,0.41866028708133973
30.0,3.0,51.0,0.3,0.1,0.8,4.0,832.0,0.0,0.0,0.41466346153846156
30.0,3.0,52.0,0.3,0.1,0.8,4.0,825.0,0.0,0.0,0.41575757575757577
30.0,4.0,1.0,0.3,0.1,0.8,4.0,818.0,0.0,0.0,0.41442542787286063
30.0,4.0,2.0,0.3,0.1,0.8,4.0,816.0,0.0,0.0,0.41544117647058826
30.0,4.0,3.0,0.3,0.1,0.8,4.0,813.0,0.0,0.0,0.41205412054120544
30.0,4.0,4.0,0.3,0.1,0.8,4.0,803.0,0.0,0.0,0.41344956413449563
30.0,4.0,5.0,0.3,0.1,0.8,4.0,782.0,0.0,0.0,0.41304347826086957
30.0,4.0,6.0,0.3,0.1,0.8,4.0,767.0,0.0,0.0,0.41590612777053454
30.0,4.0,7.0,0.3,0.1,0.8,4.0,763.0,0.0,0.0,0.41284403669724773
30.0,4.0,8.0,0.3,0.1,0.8,4.0,748.0,0.0,0.0,0.4117647058823529
30.0,4.0,9.0,0.3,0.1,0.8,4.0,747.0,0.0,0.0,0.40829986613119146
30.0,4.0,10.0,0.3,0.1,0.8,4.0,744.0,0.0,0.0,0.41263440860215056
30.0,4.0,11.0,0.3,0.1,0.8,4.0,739.0,0.0,0.0,0.4100135317997294
30.0,4.0,12.0,0.3,0.1,0.8,4.0,733.0,0.0,0.0,0.4120054570259209
30.0,4.0,13.0,0.3,0.1,0.8,4.0,719.0,0.0,0.0,0.40751043115438107
30.0,4.0,14.0,0.3,0.1,0.8,4.0,714.0,0.0,0.0,0.40896358543417366
30.0,4.0,15.0,0.3,0.1,0.8,4.0,698.0,0.0,0.0,0.4040114613180516
30.0,4.0,16.0,0.3,0.1,0.8,4.0,696.0,0.0,0.0,0.40804597701149425
30.0,4.0,17.0,0.3,0.1,0.8,4.0,692.0,0.0,0.0,0.4046242774566474
30.0,4.0,18.0,0.3,0.1,0.8,4.0,686.0,0.0,0.0,0.40816326530612246
30.0,4.0,19.0,0.3,0.1,0.8,4.0,685.0,0.0,0.0,0.4029197080291971
30.0,4.0,20.0,0.3,0.1,0.8,4.0,1274.0,0.0,0.0,0.217425431711146
30.0,4.0,21.0,0.3,0.1,0.8,4.0,1233.0,0.0,0.0,0.21330089213300893
30.0,4.0,22.0,0.3,0.1,0.8,4.0,1213.0,0.0,0.0,0.21681780708985984
30.0,4.0,23.0,0.3,0.1,0.8,4.0,1169.0,0.0,0.0,0.21813515825491872
30.0,4.0,24.0,0.3,0.1,0.8,4.0,1149.0,0.0,0.0,0.2228024369016536
30.0,4.0,25.0,0.3,0.1,0.8,4.0,1115.0,0.0,0.0,0.22331838565022422
30.0,4.0,26.0,0.3,0.1,0.8,4.0,1068.0,0.0,0.0,0.22846441947565543
30.0,4.0,27.0,0.3,0.1,0.8,4.0,1049.0,0.0,0.0,0.2259294566253575
30.0,4.0,28.0,0.3,0.1,0.8,4.0,975.0,0.0,0.0,0.23384615384615384
30.0,4.0,29.0,0.3,0.1,0.8,4.0,978.0,0.0,0.0,0.23006134969325154
30.0,4.0,30.0,0.3,0.1,0.8,4.0,950.0,0.0,0.0,0.23578947368421052
30.0,4.0,31.0,0.3,0.1,0.8,4.0,940.0,0.0,0.0,0.22872340425531915
30.0,4.0,32.0,0.3,0.1,0.8,4.0,896.0,0.0,0.0,0.24107142857142858
30.0,4.0,33.0,0.3,0.1,0.8,4.0,881.0,0.0,0.0,0.23496027241770714
30.0,4.0,34.0,0.3,0.1,0.8,4.0,851.0,0.0,0.0,0.24676850763807284
30.0,4.0,35.0,0.3,0.1,0.8,4.0,837.0,0.0,0.0,0.23894862604540024
30.0,4.0,36.0,0.3,0.1,0.8,4.0,816.0,0.0,0.0,0.24509803921568626
30.0,4.0,37.0,0.3,0.1,0.8,4.0,799.0,0.0,0.0,0.24155193992490614
30.0,4.0,38.0,0.3,0.1,0.8,4.0,772.0,0.0,0.0,0.24352331606217617
30.0,4.0,39.0,0.3,0.1,0.8,4.0,759.0,0.0,0.0,0.24110671936758893
30.0,4.0,40.0,0.3,0.1,0.8,4.0,753.0,0.0,0.0,0.24435590969455512
30.0,4.0,41.0,0.3,0.1,0.8,4.0,742.0,0.0,0.0,0.2398921832884097
30.0,4.0,42.0,0.3,0.1,0.8,4.0,747.0,0.0,0.0,0.24096385542168675
30.0,4.0,43.0,0.3,0.1,0.8,4.0,718.0,0.0,0.0,0.24094707520891365
30.0,4.0,44.0,0.3,0.1,0.8,4.0,718.0,0.0,0.0,0.24094707520891365
30.0,4.0,45.0,0.3,0.1,0.8,4.0,698.0,0.0,0.0,0.42120343839541546
30.0,4.0,46.0,0.3,0.1,0.8,4.0,698.0,0.0,0.0,0.4197707736389685
30.0,4.0,47.0,0.3,0.1,0.8,4.0,686.0,0.0,0.0,0.4198250728862974
30.0,4.0,48.0,0.3,0.1,0.8,4.0,663.0,0.0,0.0,0.4253393665158371
30.0,4.0,49.0,0.3,0.1,0.8,4.0,643.0,0.0,0.0,0.4276827371695179
30.0,4.0,50.0,0.3,0.1,0.8,4.0,646.0,0.0,0.0,0.42569659442724456
30.0,4.0,51.0,0.3,0.1,0.8,4.0,636.0,0.0,0.0,0.4261006289308176
30.0,4.0,52.0,0.3,0.1,0.8,4.0,618.0,0.0,0.0,0.4255663430420712
30.0,5.0,1.0,0.3,0.1,0.8,4.0,609.0,0.0,0.0,0.42528735632183906
30.0,5.0,2.0,0.3,0.1,0.8,4.0,608.0,0.0,0.0,0.42598684210526316
30.0,5.0,3.0,0.3,0.1,0.8,4.0,592.0,0.0,0.0,0.42736486486486486
30.0,5.0,4.0,0.3,0.1,0.8,4.0,597.0,0.0,0.0,0.4271356783919598
30.0,5.0,5.0,0.3,0.1,0.8,4.0,586.0,0.0,0.0,0.42662116040955633
30.0,5.0,6.0,0.3,0.1,0.8,4.0,588.0,0.0,0.0,0.42517006802721086
30.0,5.0,7.0,0.3,0.1,0.8,4.0,579.0,0.0,0.0,0.42487046632124353
30.0,5.0,8.0,0.3,0.1,0.8,4.0,588.0,0.0,0.0,0.42517006802721086
30.0,5.0,9.0,0.3,0.1,0.8,4.0,578.0,0.0,0.0,0.42560553633217996
30.0,5.0,10.0,0.3,0.1,0.8,4.0,577.0,0.0,0.0,0.4246100519930676
30.0,5.0,11.0,0.3,0.1,0.8,4.0,570.0,0.0,0.0,0.42105263157894735
30.0,5.0,12.0,0.3,0.1,0.8,4.0,567.0,0.0,0.0,0.41975308641975306
30.0,5.0,13.0,0.3,0.1,0.8,4.0,560.0,0.0,0.0,0.4160714285714286
30.0,5.0,14.0,0.3,0.1,0.8,4.0,550.0,0.0,0.0,0.4163636363636364
30.0,5.0,15.0,0.3,0.1,0.8,4.0,542.0,0.0,0.0,0.41697416974169743
30.0,5.0,16.0,0.3,0.1,0.8,4.0,540.0,0.0,0.0,0.412962962962963
30.0,5.0,17.0,0.3,0.1,0.8,4.0,537.0,0.0,0.0,0.41527001862197394
30.0,5.0,18.0,0.3,0.1,0.8,4.0,538.0,0.0,0.0,0.4144981412639405
30.0,5.0,19.0,0.3,0.1,0.8,4.0,537.0,0.0,0.0,0.4134078212290503
30.0,5.0,20.0,0.3,0.1,0.8,4.0,971.0,0.0,0.0,0.2255406797116375
30.0,5.0,21.0,0.3,0.1,0.8,4.0,970.0,0.0,0.0,0.22371134020618558
30.0,5.0,22.0,0.3,0.1,0.8,4.0,957.0,0.0,0.0,0.22152560083594566
30.0,5.0,23.0,0.3,0.1,0.8,4.0,952.0,0.0,0.0,0.22268907563025211
30.0,5.0,24.0,0.3,0.1,0.8,4.0,935.0,0.0,0.0,0.22459893048128343
30.0,5.0,25.0,0.3,0.1,0.8,4.0,927.0,0.0,0.0,0.22545846817691478
30.0,5.0,26.0,0.3,0.1,0.8,4.0,888.0,0.0,0.0,0.22972972972972974
30.0,5.0,27.0,0.3,0.1,0.8,4.0,845.0,0.0,0.0,0.23668639053254437
30.0,5.0,28.0,0.3,0.1,0.8,4.0,806.0,0.0,0.0,0.23821339950372208
30.0,5.0,29.0,0.3,0.1,0.8,4.0,820.0,0.0,0.0,0.23780487804878048
30.0,5.0,30.0,0.3,0.1,0.8,4.0,808.0,0.0,0.0,0.2376237623762376
30.0,5.0,31.0,0.3,0.1,0.8,4.0,774.0,0.0,0.0,0.24160206718346253
30.0,5.0,32.0,0.3,0.1,0.8,4.0,737.0,0.0,0.0,0.24287652645861602
30.0,5.0,33.0,0.3,0.1,0.8,4.0,734.0,0.0,0.0,0.23978201634877383
30.0,5.0,34.0,0.3,0.1,0.8,4.0,721.0,0.0,0.0,0.24133148404993066
30.0,5.0,35.0,0.3,0.1,0.8,4.0,730.0,0.0,0.0,0.23972602739726026
30.0,5.0,36.0,0.3,0.1,0.8,4.0,712.0,0.0,0.0,0.24157303370786518
30.0,5.0,37.0,0.3,0.1,0.8,4.0,686.0,0.0,0.0,0.25072886297376096
30.0,5.0,38.0,0.3,0.1,0.8,4.0,666.0,0.0,0.0,0.25075075075075076
30.0,5.0,39.0,0.3,0.1,0.8,4.0,663.0,0.0,0.0,0.2458521870286576
30.0,5.0,40.0,0.3,0.1,0.8,4.0,653.0,0.0,0.0,0.25267993874425726
30.0,5.0,41.0,0.3,0.1,0.8,4.0,652.0,0.0,0.0,0.2469325153374233
30.0,5.0,42.0,0.3,0.1,0.8,4.0,641.0,0.0,0.0,0.2542901716068643
30.0,5.0,43.0,0.3,0.1,0.8,4.0,641.0,0.0,0.0,0.24492979719188768
30.0,5.0,44.0,0.3,0.1,0.8,4.0,636.0,0.0,0.0,0.24842767295597484
30.0,5.0,45.0,0.3,0.1,0.8,4.0,636.0,0.0,0.0,0.4449685534591195
30.0,5.0,46.0,0.3,0.1,0.8,4.0,625.0,0.0,0.0,0.4464
30.0,5.0,47.0,0.3,0.1,0.8,4.0,628.0,0.0,0.0,0.4426751592356688
30.0,5.0,48.0,0.3,0.1,0.8,4.0,590.0,0.0,0.0,0.4440677966101695
30.0,5.0,49.0,0.3,0.1,0.8,4.0,590.0,0.0,0.0,0.43898305084745765
30.0,5.0,50.0,0.3,0.1,0.8,4.0,585.0,0.0,0.0,0.4393162393162393
30.0,5.0,51.0,0.3,0.1,0.8,4.0,585.0,0.0,0.0,0.4393162393162393
30.0,5.0,52.0,0.3,0.1,0.8,4.0,582.0,0.0,0.0,0.43986254295532645
30.0,6.0,1.0,0.3,0.1,0.8,4.0,579.0,0.0,0.0,0.44041450777202074
30.0,6.0,2.0,0.3,0.1,0.8,4.0,572.0,0.0,0.0,0.4405594405594406
30.0,6.0,3.0,0.3,0.1,0.8,4.0,571.0,0.0,0.0,0.4395796847635727
30.0,6.0,4.0,0.3,0.1,0.8,4.0,568.0,0.0,0.0,0.43838028169014087
30.0,6.0,5.0,0.3,0.1,0.8,4.0,567.0,0.0,0.0,0.43738977072310403
30.0,6.0,6.0,0.3,0.1,0.8,4.0,566.0,0.0,0.0,0.4363957597173145
30.0,6.0,7.0,0.3,0.1,0.8,4.0,565.0,0.0,0.0,0.4389380530973451
30.0,6.0,8.0,0.3,0.1,0.8,4.0,556.0,0.0,0.0,0.4370503597122302
30.0,6.0,9.0,0.3,0.1,0.8,4.0,554.0,0.0,0.0,0.4404332129963899
30.0,6.0,10.0,0.3,0.1,0.8,4.0,551.0,0.0,0.0,0.43738656987295826
30.0,6.0,11.0,0.3,0.1,0.8,4.0,537.0,0.0,0.0,0.4376163873370577
30.0,6.0,12.0,0.3,0.1,0.8,4.0,533.0,0.0,0.0,0.4371482176360225
30.0,6.0,13.0,0.3,0.1,0.8,4.0,532.0,0.0,0.0,0.43796992481203006
30.0,6.0,14.0,0.3,0.1,0.8,4.0,529.0,0.0,0.0,0.44045368620037806
30.0,6.0,15.0,0.3,0.1,0.8,4.0,526.0,0.0,0.0,0.44106463878326996
30.0,6.0,16.0,0.3,0.1,0.8,4.0,519.0,0.0,0.0,0.44315992292870904
30.0,6.0,17.0,0.3,0.1,0.8,4.0,507.0,0.0,0.0,0.44970414201183434
30.0,6.0,18.0,0.3,0.1,0.8,4.0,504.0,0.0,0.0,0.4503968253968254
30.0,6.0,19.0,0.3,0.1,0.8,4.0,504.0,0.0,0.0,0.4503968253968254
30.0,6.0,20.0,0.3,0.1,0.8,4.0,923.0,0.0,0.0,0.2437703141928494
30.0,6.0,21.0,0.3,0.1,0.8,4.0,834.0,0.0,0.0,0.24940047961630696
30.0,6.0,22.0,0.3,0.1,0.8,4.0,827.0,0.0,0.0,0.2430471584038694
30.0,6.0,23.0,0.3,0.1,0.8,4.0,822.0,0.0,0.0,0.24574209245742093
30.0,6.0,24.0,0.3,0.1,0.8,4.0,815.0,0.0,0.0,0.24171779141104294
30.0,6.0,25.0,0.3,0.1,0.8,4.0,778.0,0.0,0.0,0.2493573264781491
30.0,6.0,26.0,0.3,0.1,0.8,4.0,761.0,0.0,0.0,0.24967148488830487
30.0,6.0,27.0,0.3,0.1,0.8,4.0,760.0,0.0,0.0,0.2513157894736842
30.0,6.0,28.0,0.3,0.1,0.8,4.0,759.0,0.0,0.0,0.24769433465085638
30.0,6.0,29.0,0.3,0.1,0.8,4.0,745.0,0.0,0.0,0.25100671140939596
30.0,6.0,30.0,0.3,0.1,0.8,4.0,730.0,0.0,0.0,0.2493150684931507
30.0,6.0,31.0,0.3,0.1,0.8,4.0,706.0,0.0,0.0,0.2563739376770538
30.0,6.0,32.0,0.3,0.1,0.8,4.0,703.0,0.0,0.0,0.2532005689900427
30.0,6.0,33.0,0.3,0.1,0.8,4.0,688.0,0.0,0.0,0.2601744186046512
30.0,6.0,34.0,0.3,0.1,0.8,4.0,690.0,0.0,0.0,0.25507246376811593
30.0,6.0,35.0,0.3,0.1,0.8,4.0,687.0,0.0,0.0,0.26200873362445415
30.0,6.0,36.0,0.3,0.1,0.8,4.0,668.0,0.0,0.0,0.25449101796407186
30.0,6.0,37.0,0.3,0.1,0.8,4.0,669.0,0.0,0.0,0.25411061285500747
30.0,6.0,38.0,0.3,0.1,0.8,4.0,648.0,0.0,0.0,0.25771604938271603
30.0,6.0,39.0,0.3,0.1,0.8,4.0,637.0,0.0,0.0,0.260596546310832
30.0,6.0,40.0,0.3,0.1,0.8,4.0,632.0,0.0,0.0,0.2579113924050633
30.0,6.0,41.0,0.3,0.1,0.8,4.0,636.0,0.0,0.0,0.25943396226415094
30.0,6.0,42.0,0.3,0.1,0.8,4.0,633.0,0.0,0.0,0.25434439178515006
30.0,6.0,43.0,0.3,0.1,0.8,4.0,622.0,0.0,0.0,0.2604501607717042
30.0,6.0,44.0,0.3,0.1,0.8,4.0,621.0,0.0,0.0,0.25925925925925924
30.0,6.0,45.0,0.3,0.1,0.8,4.0,620.0,0.0,0.0,0.432258064516129
30.0,6.0,46.0,0.3,0.1,0.8,4.0,606.0,0.0,0.0,0.43564356435643564
30.0,6.0,47.0,0.3,0.1,0.8,4.0,598.0,0.0,0.0,0.431438127090301
30.0,6.0,48.0,0.3,0.1,0.8,4.0,589.0,0.0,0.0,0.432937181663837
30.0,6.0,49.0,0.3,0.1,0.8,4.0,574.0,0.0,0.0,0.44076655052264807
30.0,6.0,50.0,0.3,0.1,0.8,4.0,575.0,0.0,0.0,0.43826086956521737
30.0,6.0,51.0,0.3,0.1,0.8,4.0,574.0,0.0,0.0,0.43902439024390244
30.0,6.0,52.0,0.3,0.1,0.8,4.0,561.0,0.0,0.0,0.43672014260249553
30.0,7.0,1.0,0.3,0.1,0.8,4.0,552.0,0.0,0.0,0.4438405797101449
30.0,7.0,2.0,0.3,0.1,0.8,4.0,552.0,0.0,0.0,0.4420289855072464
30.0,7.0,3.0,0.3,0.1,0.8,4.0,552.0,0.0,0.0,0.4438405797101449
30.0,7.0,4.0,0.3,0.1,0.8,4.0,547.0,0.0,0.0,0.4424131627056673
30.0,7.0,5.0,0.3,0.1,0.8,4.0,545.0,0.0,0.0,0.44220183486238535
30.0,7.0,6.0,0.3,0.1,0.8,4.0,542.0,0.0,0.0,0.44280442804428044
30.0,7.0,7.0,0.3,0.1,0.8,4.0,529.0,0.0,0.0,0.44045368620037806
30.0,7.0,8.0,0.3,0.1,0.8,4.0,529.0,0.0,0.0,0.43856332703213613
30.0,7.0,9.0,0.3,0.1,0.8,4.0,525.0,0.0,0.0,0.4419047619047619
30.0,7.0,10.0,0.3,0.1,0.8,4.0,522.0,0.0,0.0,0.4386973180076628
30.0,7.0,11.0,0.3,0.1,0.8,4.0,519.0,0.0,0.0,0.4393063583815029
30.0,7.0,12.0,0.3,0.1,0.8,4.0,520.0,0.0,0.0,0.4403846153846154
30.0,7.0,13.0,0.3,0.1,0.8,4.0,518.0,0.0,0.0,0.4420849420849421
30.0,7.0,14.0,0.3,0.1,0.8,4.0,517.0,0.0,0.0,0.43907156673114117
30.0,7.0,15.0,0.3,0.1,0.8,4.0,515.0,0.0,0.0,0.4407766990291262
30.0,7.0,16.0,0.3,0.1,0.8,4.0,514.0,0.0,0.0,0.4377431906614786
30.0,7.0,17.0,0.3,0.1,0.8,4.0,511.0,0.0,0.0,0.4383561643835616
30.0,7.0,18.0,0.3,0.1,0.8,4.0,499.0,0.0,0.0,0.4468937875751503
30.0,7.0,19.0,0.3,0.1,0.8,4.0,495.0,0.0,0.0,0.44646464646464645
30.0,7.0,20.0,0.3,0.1,0.8,4.0,889.0,0.0,0.0,0.24746906636670415
30.0,7.0,21.0,0.3,0.1,0.8,4.0,874.0,0.0,0.0,0.2471395881006865
30.0,7.0,22.0,0.3,0.1,0.8,4.0,851.0,0.0,0.0,0.2502937720329025
30.0,7.0,23.0,0.3,0.1,0.8,4.0,833.0,0.0,0.0,0.2533013205282113
30.0,7.0,24.0,0.3,0.1,0.8,4.0,838.0,0.0,0.0,0.2529832935560859
30.0,7.0,25.0,0.3,0.1,0.8,4.0,809.0,0.0,0.0,0.2521631644004944
30.0,7.0,26.0,0.3,0.1,0.8,4.0,799.0,0.0,0.0,0.2553191489361702
30.0,7.0,27.0,0.3,0.1,0.8,4.0,784.0,0.0,0.0,0.25637755102040816
30.0,7.0,28.0,0.3,0.1,0.8,4.0,778.0,0.0,0.0,0.2570694087403599
30.0,7.0,29.0,0.3,0.1,0.8,4.0,760.0,0.0,0.0,0.25921052631578945
30.0,7.0,30.0,0.3,0.1,0.8,4.0,759.0,0.0,0.0,0.25823451910408435
30.0,7.0,31.0,0.3,0.1,0.8,4.0,730.0,0.0,0.0,0.26438356164383564
30.0,7.0,32.0,0.3,0.1,0.8,4.0,724.0,0.0,0.0,0.26519337016574585
30.0,7.0,33.0,0.3,0.1,0.8,4.0,717.0,0.0,0.0,0.26638772663877264
30.0,7.0,34.0,0.3,0.1,0.8,4.0,712.0,0.0,0.0,0.2654494382022472
30.0,7.0,35.0,0.3,0.1,0.8,4.0,698.0,0.0,0.0,0.2722063037249284
30.0,7.0,36.0,0.3,0.1,0.8,4.0,627.0,0.0,0.0,0.2711323763955343
30.0,7.0,37.0,0.3,0.1,0.8,4.0,608.0,0.0,0.0,0.27960526315789475
30.0,7.0,38.0,0.3,0.1,0.8,4.0,611.0,0.0,0.0,0.2765957446808511
30.0,7.0,39.0,0.3,0.1,0.8,4.0,595.0,0.0,0.0,0.27899159663865547
30.0,7.0,40.0,0.3,0.1,0.8,4.0,595.0,0.0,0.0,0.27563025210084036
30.0,7.0,41.0,0.3,0.1,0.8,4.0,572.0,0.0,0.0,0.27972027972027974
30.0,7.0,42.0,0.3,0.1,0.8,4.0,555.0,0.0,0.0,0.27387387387387385
30.0,7.0,43.0,0.3,0.1,0.8,4.0,536.0,0.0,0.0,0.27798507462686567
30.0,7.0,44.0,0.3,0.1,0.8,4.0,537.0,0.0,0.0,0.2737430167597765
30.0,7.0,45.0,0.3,0.1,0.8,4.0,531.0,0.0,0.0,0.4274952919020716
30.0,7.0,46.0,0.3,0.1,0.8,4.0,532.0,0.0,0.0,0.42293233082706766
30.0,7.0,47.0,0.3,0.1,0.8,4.0,531.0,0.0,0.0,0.4274952919020716
30.0,7.0,48.0,0.3,0.1,0.8,4.0,531.0,0.0,0.0,0.4218455743879473
30.0,7.0,49.0,0.3,0.1,0.8,4.0,526.0,0.0,0.0,0.42775665399239543
30.0,7.0,50.0,0.3,0.1,0.8,4.0,525.0,0.0,0.0,0.42095238095238097
30.0,7.0,51.0,0.3,0.1,0.8,4.0,497.0,0.0,0.0,0.4305835010060362
30.0,7.0,52.0,0.3,0.1,0.8,4.0,495.0,0.0,0.0,0.42424242424242425
30.0,8.0,1.0,0.3,0.1,0.8,4.0,496.0,0.0,0.0,0.4254032258064516
30.0,8.0,2.0,0.3,0.1,0.8,4.0,488.0,0.0,0.0,0.42213114754098363
30.0,8.0,3.0,0.3,0.1,0.8,4.0,489.0,0.0,0.0,0.4233128834355828
30.0,8.0,4.0,0.3,0.1,0.8,4.0,485.0,0.0,0.0,0.422680412371134
30.0,8.0,5.0,0.3,0.1,0.8,4.0,487.0,0.0,0.0,0.42505133470225875
30.0,8.0,6.0,0.3,0.1,0.8,4.0,485.0,0.0,0.0,0.422680412371134
30.0,8.0,7.0,0.3,0.1,0.8,4.0,485.0,0.0,0.0,0.4247422680412371
30.0,8.0,8.0,0.3,0.1,0.8,4.0,479.0,0.0,0.0,0.42588726513569936
30.0,8.0,9.0,0.3,0.1,0.8,4.0,478.0,0.0,0.0,0.42887029288702927
30.0,8.0,10.0,0.3,0.1,0.8,4.0,473.0,0.0,0.0,0.42917547568710357
30.0,8.0,11.0,0.3,0.1,0.8,4.0,474.0,0.0,0.0,0.43248945147679324
30.0,8.0,12.0,0.3,0.1,0.8,4.0,472.0,0.0,0.0,0.4279661016949153
30.0,8.0,13.0,0.3,0.1,0.8,4.0,467.0,0.0,0.0,0.4346895074946467
30.0,8.0,14.0,0.3,0.1,0.8,4.0,464.0,0.0,0.0,0.43103448275862066
30.0,8.0,15.0,0.3,0.1,0.8,4.0,464.0,0.0,0.0,0.4353448275862069
30.0,8.0,16.0,0.3,0.1,0.8,4.0,460.0,0.0,0.0,0.4326086956521739
30.0,8.0,17.0,0.3,0.1,0.8,4.0,460.0,0.0,0.0,0.4391304347826087
30.0,8.0,18.0,0.3,0.1,0.8,4.0,455.0,0.0,0.0,0.43736263736263736
30.0,8.0,19.0,0.3,0.1,0.8,4.0,454.0,0.0,0.0,0.44052863436123346
30.0,8.0,20.0,0.3,0.1,0.8,4.0,789.0,0.0,0.0,0.24968314321926488
30.0,8.0,21.0,0.3,0.1,0.8,4.0,774.0,0.0,0.0,0.2532299741602067
30.0,8.0,22.0,0.3,0.1,0.8,4.0,763.0,0.0,0.0,0.2529488859764089
30.0,8.0,23.0,0.3,0.1,0.8,4.0,751.0,0.0,0.0,0.2609853528628495
30.0,8.0,24.0,0.3,0.1,0.8,4.0,748.0,0.0,0.0,0.2580213903743315
30.0,8.0,25.0,0.3,0.1,0.8,4.0,737.0,0.0,0.0,0.2618724559023066
30.0,8.0,26.0,0.3,0.1,0.8,4.0,735.0,0.0,0.0,0.2585034013605442
30.0,8.0,27.0,0.3,0.1,0.8,4.0,700.0,0.0,0.0,0.26857142857142857
30.0,8.0,28.0,0.3,0.1,0.8,4.0,694.0,0.0,0.0,0.26368876080691644
30.0,8.0,29.0,0.3,0.1,0.8,4.0,683.0,0.0,0.0,0.2708638360175695
30.0,8.0,30.0,0.3,0.1,0.8,4.0,672.0,0.0,0.0,0.2708333333333333
30.0,8.0,31.0,0.3,0.1,0.8,4.0,670.0,0.0,0.0,0.2746268656716418
30.0,8.0,32.0,0.3,0.1,0.8,4.0,666.0,0.0,0.0,0.27177177177177175
30.0,8.0,33.0,0.3,0.1,0.8,4.0,646.0,0.0,0.0,0.2801857585139319
30.0,8.0,34.0,0.3,0.1,0.8,4.0,642.0,0.0,0.0,0.2757009345794392
30.0,8.0,35.0,0.3,0.1,0.8,4.0,646.0,0.0,0.0,0.2801857585139319
30.0,8.0,36.0,0.3,0.1,0.8,4.0,619.0,0.0,0.0,0.2827140549273021
30.0,8.0,37.0,0.3,0.1,0.8,4.0,620.0,0.0,0.0,0.2870967741935484
30.0,8.0,38.0,0.3,0.1,0.8,4.0,617.0,0.0,0.0,0.2820097244732577
30.0,8.0,39.0,0.3,0.1,0.8,4.0,619.0,0.0,0.0,0.2875605815831987
30.0,8.0,40.0,0.3,0.1,0.8,4.0,613.0,0.0,0.0,0.2822185970636215
30.0,8.0,41.0,0.3,0.1,0.8,4.0,600.0,0.0,0.0,0.29333333333333333
30.0,8.0,42.0,0.3,0.1,0.8,4.0,598.0,0.0,0.0,0.28929765886287623
30.0,8.0,43.0,0.3,0.1,0.8,4.0,601.0,0.0,0.0,0.2945091514143095
30.0,8.0,44.0,0.3,0.1,0.8,4.0,598.0,0.0,0.0,0.28929765886287623
30.0,8.0,45.0,0.3,0.1,0.8,4.0,601.0,0.0,0.0,0.4459234608985025
30.0,8.0,46.0,0.3,0.1,0.8,4.0,601.0,0.0,0.0,0.4425956738768719
30.0,8.0,47.0,0.3,0.1,0.8,4.0,589.0,0.0,0.0,0.44482173174872663
30.0,8.0,48.0,0.3,0.1,0.8,4.0,589.0,0.0,0.0,0.4397283531409168
30.0,8.0,49.0,0.3,0.1,0.8,4.0,587.0,0.0,0.0,0.444633730834753
30.0,8.0,50.0,0.3,0.1,0.8,4.0,578.0,0.0,0.0,0.43944636678200694
30.0,8.0,51.0,0.3,0.1,0.8,4.0,576.0,0.0,0.0,0.4427083333333333
30.0,8.0,52.0,0.3,0.1,0.8,4.0,578.0,0.0,0.0,0.43944636678200694
30.0,9.0,1.0,0.3,0.1,0.8,4.0,567.0,0.0,0.0,0.4426807760141093
30.0,9.0,2.0,0.3,0.1,0.8,4.0,566.0,0.0,0.0,0.4363957597173145
30.0,9.0,3.0,0.3,0.1,0.8,4.0,565.0,0.0,0.0,0.4424778761061947
30.0,9.0,4.0,0.3,0.1,0.8,4.0,565.0,0.0,0.0,0.4389380530973451
30.0,9.0,5.0,0.3,0.1,0.8,4.0,565.0,0.0,0.0,0.44424778761061945
30.0,9.0,6.0,0.3,0.1,0.8,4.0,565.0,0.0,0.0,0.4389380530973451
30.0,9.0,7.0,0.3,0.1,0.8,4.0,551.0,0.0,0.0,0.44283121597096187
30.0,9.0,8.0,0.3,0.1,0.8,4.0,551.0,0.0,0.0,0.43920145190562615
30.0,9.0,9.0,0.3,0.1,0.8,4.0,549.0,0.0,0.0,0.4444444444444444
30.0,9.0,10.0,0.3,0.1,0.8,4.0,548.0,0.0,0.0,0.44343065693430656
30.0,9.0,11.0,0.3,0.1,0.8,4.0,543.0,0.0,0.0,0.44751381215469616
30.0,9.0,12.0,0.3,0.1,0.8,4.0,543.0,0.0,0.0,0.44567219152854515
30.0,9.0,13.0,0.3,0.1,0.8,4.0,542.0,0.0,0.0,0.45018450184501846
30.0,9.0,14.0,0.3,0.1,0.8,4.0,542.0,0.0,0.0,0.44649446494464945
30.0,9.0,15.0,0.3,0.1,0.8,4.0,537.0,0.0,0.0,0.4543761638733706
30.0,9.0,16.0,0.3,0.1,0.8,4.0,522.0,0.0,0.0,0.4482758620689655
30.0,9.0,17.0,0.3,0.1,0.8,4.0,522.0,0.0,0.0,0.4521072796934866
30.0,9.0,18.0,0.3,0.1,0.8,4.0,520.0,0.0,0.0,0.4480769230769231
30.0,9.0,19.0,0.3,0.1,0.8,4.0,518.0,0.0,0.0,0.45366795366795365
30.0,9.0,20.0,0.3,0.1,0.8,4.0,920.0,0.0,0.0,0.24239130434782608
30.0,9.0,21.0,0.3,0.1,0.8,4.0,881.0,0.0,0.0,0.2474460839954597
30.0,9.0,22.0,0.3,0.1,0.8,4.0,843.0,0.0,0.0,0.2538552787663108
30.0,9.0,23.0,0.3,0.1,0.8,4.0,829.0,0.0,0.0,0.2569360675512666
30.0,9.0,24.0,0.3,0.1,0.8,4.0,829.0,0.0,0.0,0.2545235223160434
30.0,9.0,25.0,0.3,0.1,0.8,4.0,818.0,0.0,0.0,0.25794621026894865
30.0,9.0,26.0,0.3,0.1,0.8,4.0,807.0,0.0,0.0,0.25650557620817843
30.0,9.0,27.0,0.3,0.1,0.8,4.0,794.0,0.0,0.0,0.2594458438287154
30.0,9.0,28.0,0.3,0.1,0.8,4.0,783.0,0.0,0.0,0.26053639846743293
30.0,9.0,29.0,0.3,0.1,0.8,4.0,767.0,0.0,0.0,0.2620599739243807
30.0,9.0,30.0,0.3,0.1,0.8,4.0,769.0,0.0,0.0,0.26007802340702213
30.0,9.0,31.0,0.3,0.1,0.8,4.0,756.0,0.0,0.0,0.26322751322751325
30.0,9.0,32.0,0.3,0.1,0.8,4.0,726.0,0.0,0.0,0.26584022038567495
30.0,9.0,33.0,0.3,0.1,0.8,4.0,699.0,0.0,0.0,0.27467811158798283
30.0,9.0,34.0,0.3,0.1,0.8,4.0,696.0,0.0,0.0,0.27155172413793105
30.0,9.0,35.0,0.3,0.1,0.8,4.0,698.0,0.0,0.0,0.27507163323782235
30.0,9.0,36.0,0.3,0.1,0.8,4.0,695.0,0.0,0.0,0.27050359712230215
30.0,9.0,37.0,0.3,0.1,0.8,4.0,699.0,0.0,0.0,0.2732474964234621
30.0,9.0,38.0,0.3,0.1,0.8,4.0,685.0,0.0,0.0,0.27153284671532846
30.0,9.0,39.0,0.3,0.1,0.8,4.0,675.0,0.0,0.0,0.277037037037037
30.0,9.0,40.0,0.3,0.1,0.8,4.0,677.0,0.0,0.0,0.27474150664697194
30.0,9.0,41.0,0.3,0.1,0.8,4.0,677.0,0.0,0.0,0.276218611521418
30.0,9.0,42.0,0.3,0.1,0.8,4.0,674.0,0.0,0.0,0.2744807121661721
30.0,9.0,43.0,0.3,0.1,0.8,4.0,677.0,0.0,0.0,0.276218611521418
30.0,9.0,44.0,0.3,0.1,0.8,4.0,646.0,0.0,0.0,0.2770897832817337
30.0,9.0,45.0,0.3,0.1,0.8,4.0,635.0,0.0,0.0,0.4377952755905512
30.0,9.0,46.0,0.3,0.1,0.8,4.0,631.0,0.0,0.0,0.43423137876386686
30.0,9.0,47.0,0.3,0.1,0.8,4.0,617.0,0.0,0.0,0.4392220421393841
30.0,9.0,48.0,0.3,0.1,0.8,4.0,616.0,0.0,0.0,0.4383116883116883
30.0,9.0,49.0,0.3,0.1,0.8,4.0,618.0,0.0,0.0,0.4401294498381877
30.0,9.0,50.0,0.3,0.1,0.8,4.0,613.0,0.0,0.0,0.4355628058727569
30.0,9.0,51.0,0.3,0.1,0.8,4.0,615.0,0.0,0.0,0.44065040650406506
30.0,9.0,52.0,0.3,0.1,0.8,4.0,614.0,0.0,0.0,0.43485342019543977
30.0,10.0,1.0,0.3,0.1,0.8,4.0,616.0,0.0,0.0,0.43993506493506496
30.0,10.0,2.0,0.3,0.1,0.8,4.0,614.0,0.0,0.0,0.43485342019543977
30.0,10.0,3.0,0.3,0.1,0.8,4.0,612.0,0.0,0.0,0.44281045751633985
30.0,10.0,4.0,0.3,0.1,0.8,4.0,610.0,0.0,0.0,0.43934426229508194
30.0,10.0,5.0,0.3,0.1,0.8,4.0,610.0,0.0,0.0,0.4426229508196721
30.0,10.0,6.0,0.3,0.1,0.8,4.0,610.0,0.0,0.0,0.43934426229508194
30.0,10.0,7.0,0.3,0.1,0.8,4.0,610.0,0.0,0.0,0.44426229508196724
30.0,10.0,8.0,0.3,0.1,0.8,4.0,606.0,0.0,0.0,0.44224422442244227
30.0,10.0,9.0,0.3,0.1,0.8,4.0,606.0,0.0,0.0,0.44554455445544555
30.0,10.0,10.0,0.3,0.1,0.8,4.0,592.0,0.0,0.0,0.4391891891891892
30.0,10.0,11.0,0.3,0.1,0.8,4.0,596.0,0.0,0.0,0.4429530201342282
30.0,10.0,12.0,0.3,0.1,0.8,4.0,593.0,0.0,0.0,0.43844856661045534
30.0,10.0,13.0,0.3,0.1,0.8,4.0,592.0,0.0,0.0,0.44256756756756754
30.0,10.0,14.0,0.3,0.1,0.8,4.0,589.0,0.0,0.0,0.4397283531409168
30.0,10.0,15.0,0.3,0.1,0.8,4.0,589.0,0.0,0.0,0.44482173174872663
30.0,10.0,16.0,0.3,0.1,0.8,4.0,586.0,0.0,0.0,0.4402730375426621
30.0,10.0,17.0,0.3,0.1,0.8,4.0,586.0,0.0,0.0,0.44368600682593856
30.0,10.0,18.0,0.3,0.1,0.8,4.0,585.0,0.0,0.0,0.4393162393162393
30.0,10.0,19.0,0.3,0.1,0.8,4.0,582.0,0.0,0.0,0.44501718213058417
30.0,10.0,20.0,0.3,0.1,0.8,4.0,988.0,0.0,0.0,0.242914979757085
30.0,10.0,21.0,0.3,0.1,0.8,4.0,972.0,0.0,0.0,0.24794238683127573
30.0,10.0,22.0,0.3,0.1,0.8,4.0,943.0,0.0,0.0,0.24284199363732767
30.0,10.0,23.0,0.3,0.1,0.8,4.0,942.0,0.0,0.0,0.24734607218683652
30.0,10.0,24.0,0.3,0.1,0.8,4.0,909.0,0.0,0.0,0.24862486248624863
30.0,10.0,25.0,0.3,0.1,0.8,4.0,898.0,0.0,0.0,0.25278396436525613
30.0,10.0,26.0,0.3,0.1,0.8,4.0,872.0,0.0,0.0,0.24885321100917432
30.0,10.0,27.0,0.3,0.1,0.8,4.0,873.0,0.0,0.0,0.2542955326460481
30.0,10.0,28.0,0.3,0.1,0.8,4.0,873.0,0.0,0.0,0.24971363115693013
30.0,10.0,29.0,0.3,0.1,0.8,4.0,855.0,0.0,0.0,0.256140350877193
30.0,10.0,30.0,0.3,0.1,0.8,4.0,839.0,0.0,0.0,0.2526817640047676
30.0,10.0,31.0,0.3,0.1,0.8,4.0,840.0,0.0,0.0,0.25833333333333336
30.0,10.0,32.0,0.3,0.1,0.8,4.0,805.0,0.0,0.0,0.2596273291925466
30.0,10.0,33.0,0.3,0.1,0.8,4.0,783.0,0.0,0.0,0.2707535121328225
30.0,10.0,34.0,0.3,0.1,0.8,4.0,741.0,0.0,0.0,0.26855600539811064
30.0,10.0,35.0,0.3,0.1,0.8,4.0,707.0,0.0,0.0,0.2814710042432815
30.0,10.0,36.0,0.3,0.1,0.8,4.0,691.0,0.0,0.0,0.2778581765557164
30.0,10.0,37.0,0.3,0.1,0.8,4.0,662.0,0.0,0.0,0.2945619335347432
30.0,10.0,38.0,0.3,0.1,0.8,4.0,663.0,0.0,0.0,0.2865761689291101
30.0,10.0,39.0,0.3,0.1,0.8,4.0,663.0,0.0,0.0,0.29411764705882354
30.0,10.0,40.0,0.3,0.1,0.8,4.0,664.0,0.0,0.0,0.2876506024096386
30.0,10.0,41.0,0.3,0.1,0.8,4.0,662.0,0.0,0.0,0.2930513595166163
30.0,10.0,42.0,0.3,0.1,0.8,4.0,663.0,0.0,0.0,0.28808446455505277
30.0,10.0,43.0,0.3,0.1,0.8,4.0,648.0,0.0,0.0,0.29475308641975306
30.0,10.0,44.0,0.3,0.1,0.8,4.0,648.0,0.0,0.0,0.28703703703703703
30.0,10.0,45.0,0.3,0.1,0.8,4.0,648.0,0.0,0.0,0.5030864197530864
30.0,10.0,46.0,0.3,0.1,0.8,4.0,648.0,0.0,0.0,0.49691358024691357
30.0,10.0,47.0,0.3,0.1,0.8,4.0,647.0,0.0,0.0,0.5023183925811437
30.0,10.0,48.0,0.3,0.1,0.8,4.0,650.0,0.0,0.0,0.49846153846153846
30.0,10.0,49.0,0.3,0.1,0.8,4.0,647.0,0.0,0.0,0.5023183925811437
30.0,10.0,50.0,0.3,0.1,0.8,4.0,650.0,0.0,0.0,0.49846153846153846
30.0,10.0,51.0,0.3,0.1,0.8,4.0,649.0,0.0,0.0,0.5038520801232665
30.0,10.0,52.0,0.3,0.1,0.8,4.0,649.0,0.0,0.0,0.49768875192604006
31.0,1.0,1.0,0.3,0.1,0.8,4.0,5090.0,55.0,8.0,0.3009823182711198
31.0,1.0,2.0,0.3,0.1,0.8,4.0,5082.0,61.0,15.0,0.30322707595434867
31.0,1.0,3.0,0.3,0.1,0.8,4.0,4983.0,70.0,28.0,0.3014248444712021
31.0,1.0,4.0,0.3,0.1,0.8,4.0,4928.0,78.0,32.0,0.3027597402597403
31.0,1.0,5.0,0.3,0.1,0.8,4.0,4910.0,92.0,35.0,0.3052953156822811
31.0,1.0,6.0,0.3,0.1,0.8,4.0,4762.0,97.0,33.0,0.30638387232255354
31.0,1.0,7.0,0.3,0.1,0.8,4.0,4568.0,120.0,39.0,0.306260945709282
31.0,1.0,8.0,0.3,0.1,0.8,4.0,4493.0,136.0,57.0,0.3095926997551747
31.0,1.0,9.0,0.3,0.1,0.8,4.0,4346.0,150.0,60.0,0.30809940174873446
31.0,1.0,10.0,0.3,0.1,0.8,4.0,4134.0,156.0,65.0,0.3103531688437349
31.0,1.0,11.0,0.3,0.1,0.8,4.0,3950.0,151.0,61.0,0.3118987341772152
31.0,1.0,12.0,0.3,0.1,0.8,4.0,3834.0,163.0,70.0,0.3140323422013563
31.0,1.0,13.0,0.3,0.1,0.8,4.0,3684.0,155.0,76.0,0.31433224755700323
31.0,1.0,14.0,0.3,0.1,0.8,4.0,3560.0,162.0,79.0,0.3154494382022472
31.0,1.0,15.0,0.3,0.1,0.8,4.0,3431.0,173.0,85.0,0.31565141358204607
31.0,1.0,16.0,0.3,0.1,0.8,4.0,3333.0,164.0,81.0,0.3201320132013201
31.0,1.0,17.0,0.3,0.1,0.8,4.0,3258.0,163.0,83.0,0.3207489257213014
31.0,1.0,18.0,0.3,0.1,0.8,4.0,3147.0,163.0,78.0,0.32570702256116935
31.0,1.0,19.0,0.3,0.1,0.8,4.0,3053.0,159.0,71.0,0.32885686210284965
31.0,1.0,20.0,0.3,0.1,0.8,4.0,5670.0,154.0,72.0,0.17389770723104056
31.0,1.0,21.0,0.3,0.1,0.8,4.0,5242.0,189.0,79.0,0.17684090041968714
31.0,1.0,22.0,0.3,0.1,0.8,4.0,5006.0,230.0,82.0,0.1811825809029165
31.0,1.0,23.0,0.3,0.1,0.8,4.0,4735.0,252.0,95.0,0.18247096092925028
31.0,1.0,24.0,0.3,0.1,0.8,4.0,4541.0,292.0,105.0,0.18652279233648977
31.0,1.0,25.0,0.3,0.1,0.8,4.0,4374.0,333.0,115.0,0.18724279835390947
31.0,1.0,26.0,0.3,0.1,0.8,4.0,4187.0,373.0,142.0,0.19226176259851924
31.0,1.0,27.0,0.3,0.1,0.8,4.0,3946.0,377.0,158.0,0.19336036492650785
31.0,1.0,28.0,0.3,0.1,0.8,4.0,3724.0,390.0,166.0,0.20032223415682063
31.0,1.0,29.0,0.3,0.1,0.8,4.0,3531.0,373.0,172.0,0.20164259416595864
31.0,1.0,30.0,0.3,0.1,0.8,4.0,3352.0,365.0,179.0,0.20733890214797135
31.0,1.0,31.0,0.3,0.1,0.8,4.0,3194.0,357.0,179.0,0.2097683155917345
31.0,1.0,32.0,0.3,0.1,0.8,4.0,3011.0,329.0,165.0,0.21653935569578214
31.0,1.0,33.0,0.3,0.1,0.8,4.0,2884.0,332.0,163.0,0.22018030513176146
31.0,1.0,34.0,0.3,0.1,0.8,4.0,2794.0,321.0,161.0,0.22763063707945597
31.0,1.0,35.0,0.3,0.1,0.8,4.0,2679.0,312.0,151.0,0.23142963792459872
31.0,1.0,36.0,0.3,0.1,0.8,4.0,2586.0,311.0,148.0,0.23820572312451663
31.0,1.0,37.0,0.3,0.1,0.8,4.0,2466.0,307.0,135.0,0.2441200324412003
31.0,1.0,38.0,0.3,0.1,0.8,4.0,2381.0,309.0,138.0,0.249895002099958
31.0,1.0,39.0,0.3,0.1,0.8,4.0,2288.0,305.0,144.0,0.2534965034965035
31.0,1.0,40.0,0.3,0.1,0.8,4.0,2175.0,275.0,151.0,0.263448275862069
31.0,1.0,41.0,0.3,0.1,0.8,4.0,2066.0,242.0,128.0,0.2725072604065828
31.0,1.0,42.0,0.3,0.1,0.8,4.0,1966.0,215.0,119.0,0.28585961342828076
31.0,1.0,43.0,0.3,0.1,0.8,4.0,1916.0,210.0,116.0,0.28914405010438415
31.0,1.0,44.0,0.3,0.1,0.8,4.0,1852.0,201.0,108.0,0.30075593952483803
31.0,1.0,45.0,0.3,0.1,0.8,4.0,1792.0,187.0,92.0,0.47154017857142855
31.0,1.0,46.0,0.3,0.1,0.8,4.0,1727.0,157.0,82.0,0.47712796757382747
31.0,1.0,47.0,0.3,0.1,0.8,4.0,1666.0,134.0,81.0,0.4819927971188475
31.0,1.0,48.0,0.3,0.1,0.8,4.0,1633.0,116.0,70.0,0.48193508879363134
31.0,1.0,49.0,0.3,0.1,0.8,4.0,1573.0,94.0,53.0,0.4901462174189447
31.0,1.0,50.0,0.3,0.1,0.8,4.0,1549.0,78.0,45.0,0.4945125887669464
31.0,1.0,51.0,0.3,0.1,0.8,4.0,1490.0,68.0,42.0,0.4959731543624161
31.0,1.0,52.0,0.3,0.1,0.8,4.0,1463.0,53.0,36.0,0.49829118250170884
31.0,2.0,1.0,0.3,0.1,0.8,4.0,1414.0,51.0,29.0,0.5
31.0,2.0,2.0,0.3,0.1,0.8,4.0,1404.0,45.0,23.0,0.5028490028490028
31.0,2.0,3.0,0.3,0.1,0.8,4.0,1357.0,45.0,18.0,0.505526897568165
31.0,2.0,4.0,0.3,0.1,0.8,4.0,1359.0,41.0,20.0,0.506990434142752
31.0,2.0,5.0,0.3,0.1,0.8,4.0,1323.0,42.0,20.0,0.5117157974300831
31.0,2.0,6.0,0.3,0.1,0.8,4.0,1301.0,40.0,20.0,0.5126825518831668
31.0,2.0,7.0,0.3,0.1,0.8,4.0,1255.0,41.0,18.0,0.5139442231075697
31.0,2.0,8.0,0.3,0.1,0.8,4.0,1254.0,39.0,22.0,0.5159489633173844
31.0,2.0,9.0,0.3,0.1,0.8,4.0,1216.0,39.0,26.0,0.5180921052631579
31.0,2.0,10.0,0.3,0.1,0.8,4.0,1218.0,39.0,21.0,0.5238095238095238
31.0,2.0,11.0,0.3,0.1,0.8,4.0,1177.0,41.0,17.0,0.5267629566694987
31.0,2.0,12.0,0.3,0.1,0.8,4.0,1151.0,32.0,17.0,0.5351867940920938
31.0,2.0,13.0,0.3,0.1,0.8,4.0,1123.0,34.0,25.0,0.5351736420302761
31.0,2.0,14.0,0.3,0.1,0.8,4.0,1116.0,31.0,22.0,0.5412186379928315
31.0,2.0,15.0,0.3,0.1,0.8,4.0,1091.0,26.0,16.0,0.541704857928506
31.0,2.0,16.0,0.3,0.1,0.8,4.0,1078.0,21.0,7.0,0.5510204081632653
31.0,2.0,17.0,0.3,0.1,0.8,4.0,1059.0,20.0,6.0,0.546742209631728
31.0,2.0,18.0,0.3,0.1,0.8,4.0,1052.0,19.0,4.0,0.5532319391634981
31.0,2.0,19.0,0.3,0.1,0.8,4.0,1041.0,22.0,9.0,0.5513928914505284
31.0,2.0,20.0,0.3,0.1,0.8,4.0,1877.0,18.0,8.0,0.3047416089504528
31.0,2.0,21.0,0.3,0.1,0.8,4.0,1831.0,25.0,9.0,0.304205352266521
31.0,2.0,22.0,0.3,0.1,0.8,4.0,1801.0,27.0,9.0,0.3042754025541366
31.0,2.0,23.0,0.3,0.1,0.8,4.0,1753.0,32.0,11.0,0.3057615516257844
31.0,2.0,24.0,0.3,0.1,0.8,4.0,1714.0,33.0,18.0,0.3074679113185531
31.0,2.0,25.0,0.3,0.1,0.8,4.0,1691.0,41.0,21.0,0.30396215257244236
31.0,2.0,26.0,0.3,0.1,0.8,4.0,1645.0,49.0,20.0,0.30638297872340425
31.0,2.0,27.0,0.3,0.1,0.8,4.0,1599.0,48.0,20.0,0.31207004377736086
31.0,2.0,28.0,0.3,0.1,0.8,4.0,1572.0,48.0,20.0,0.3148854961832061
31.0,2.0,29.0,0.3,0.1,0.8,4.0,1529.0,55.0,22.0,0.3172007848266841
31.0,2.0,30.0,0.3,0.1,0.8,4.0,1477.0,57.0,29.0,0.3222748815165877
31.0,2.0,31.0,0.3,0.1,0.8,4.0,1411.0,59.0,26.0,0.32955350815024803
31.0,2.0,32.0,0.3,0.1,0.8,4.0,1391.0,65.0,29.0,0.33141624730409774
31.0,2.0,33.0,0.3,0.1,0.8,4.0,1346.0,56.0,26.0,0.337295690936107
31.0,2.0,34.0,0.3,0.1,0.8,4.0,1344.0,63.0,29.0,0.33556547619047616
31.0,2.0,35.0,0.3,0.1,0.8,4.0,1304.0,57.0,26.0,0.34202453987730064
31.0,2.0,36.0,0.3,0.1,0.8,4.0,1287.0,53.0,22.0,0.3418803418803419
31.0,2.0,37.0,0.3,0.1,0.8,4.0,1246.0,58.0,21.0,0.35152487961476725
31.0,2.0,38.0,0.3,0.1,0.8,4.0,1197.0,58.0,26.0,0.3533834586466165
31.0,2.0,39.0,0.3,0.1,0.8,4.0,1158.0,57.0,27.0,0.3626943005181347
31.0,2.0,40.0,0.3,0.1,0.8,4.0,1151.0,55.0,30.0,0.35881841876629017
31.0,2.0,41.0,0.3,0.1,0.8,4.0,1114.0,48.0,23.0,0.36624775583482944
31.0,2.0,42.0,0.3,0.1,0.8,4.0,1099.0,39.0,20.0,0.36396724294813465
31.0,2.0,43.0,0.3,0.1,0.8,4.0,1057.0,32.0,22.0,0.3727530747398297
31.0,2.0,44.0,0.3,0.1,0.8,4.0,1049.0,29.0,23.0,0.36892278360343184
31.0,2.0,45.0,0.3,0.1,0.8,4.0,1034.0,27.0,19.0,0.5067698259187621
31.0,2.0,46.0,0.3,0.1,0.8,4.0,1023.0,21.0,12.0,0.5053763440860215
31.0,2.0,47.0,0.3,0.1,0.8,4.0,1007.0,17.0,9.0,0.5094339622641509
31.0,2.0,48.0,0.3,0.1,0.8,4.0,997.0,16.0,10.0,0.5035105315947843
31.0,2.0,49.0,0.3,0.1,0.8,4.0,976.0,13.0,7.0,0.5081967213114754
31.0,2.0,50.0,0.3,0.1,0.8,4.0,968.0,12.0,7.0,0.506198347107438
31.0,2.0,51.0,0.3,0.1,0.8,4.0,957.0,5.0,1.0,0.5109717868338558
31.0,2.0,52.0,0.3,0.1,0.8,4.0,941.0,7.0,4.0,0.5079702444208289
31.0,3.0,1.0,0.3,0.1,0.8,4.0,935.0,4.0,3.0,0.5101604278074866
31.0,3.0,2.0,0.3,0.1,0.8,4.0,925.0,7.0,5.0,0.5027027027027027
31.0,3.0,3.0,0.3,0.1,0.8,4.0,916.0,6.0,2.0,0.5087336244541485
31.0,3.0,4.0,0.3,0.1,0.8,4.0,891.0,7.0,4.0,0.5061728395061729
31.0,3.0,5.0,0.3,0.1,0.8,4.0,887.0,6.0,3.0,0.5062006764374295
31.0,3.0,6.0,0.3,0.1,0.8,4.0,856.0,7.0,5.0,0.508177570093458
31.0,3.0,7.0,0.3,0.1,0.8,4.0,837.0,8.0,3.0,0.5161290322580645
31.0,3.0,8.0,0.3,0.1,0.8,4.0,829.0,6.0,3.0,0.5150784077201448
31.0,3.0,9.0,0.3,0.1,0.8,4.0,815.0,6.0,1.0,0.5226993865030675
31.0,3.0,10.0,0.3,0.1,0.8,4.0,812.0,6.0,2.0,0.5233990147783252
31.0,3.0,11.0,0.3,0.1,0.8,4.0,808.0,8.0,3.0,0.5247524752475248
31.0,3.0,12.0,0.3,0.1,0.8,4.0,802.0,9.0,4.0,0.5224438902743143
31.0,3.0,13.0,0.3,0.1,0.8,4.0,793.0,7.0,4.0,0.5220680958385876
31.0,3.0,14.0,0.3,0.1,0.8,4.0,781.0,7.0,4.0,0.5198463508322664
31.0,3.0,15.0,0.3,0.1,0.8,4.0,764.0,6.0,3.0,0.5222513089005235
31.0,3.0,16.0,0.3,0.1,0.8,4.0,752.0,5.0,2.0,0.523936170212766
31.0,3.0,17.0,0.3,0.1,0.8,4.0,748.0,4.0,3.0,0.5254010695187166
31.0,3.0,18.0,0.3,0.1,0.8,4.0,744.0,5.0,3.0,0.5255376344086021
31.0,3.0,19.0,0.3,0.1,0.8,4.0,741.0,4.0,2.0,0.524966261808367
31.0,3.0,20.0,0.3,0.1,0.8,4.0,1276.0,5.0,1.0,0.30250783699059564
31.0,3.0,21.0,0.3,0.1,0.8,4.0,1221.0,4.0,3.0,0.30548730548730546
31.0,3.0,22.0,0.3,0.1,0.8,4.0,1195.0,4.0,1.0,0.30460251046025105
31.0,3.0,23.0,0.3,0.1,0.8,4.0,1137.0,4.0,2.0,0.30606860158311344
31.0,3.0,24.0,0.3,0.1,0.8,4.0,1132.0,4.0,2.0,0.30212014134275617
31.0,3.0,25.0,0.3,0.1,0.8,4.0,1065.0,6.0,3.0,0.3107981220657277
31.0,3.0,26.0,0.3,0.1,0.8,4.0,1078.0,7.0,3.0,0.30612244897959184
31.0,3.0,27.0,0.3,0.1,0.8,4.0,1032.0,6.0,3.0,0.30523255813953487
31.0,3.0,28.0,0.3,0.1,0.8,4.0,1006.0,8.0,3.0,0.3081510934393638
31.0,3.0,29.0,0.3,0.1,0.8,4.0,981.0,9.0,3.0,0.3068297655453619
31.0,3.0,30.0,0.3,0.1,0.8,4.0,971.0,9.0,5.0,0.30484037075180226
31.0,3.0,31.0,0.3,0.1,0.8,4.0,947.0,10.0,6.0,0.30623020063357975
31.0,3.0,32.0,0.3,0.1,0.8,4.0,941.0,13.0,6.0,0.29968119022316686
31.0,3.0,33.0,0.3,0.1,0.8,4.0,909.0,14.0,5.0,0.3047304730473047
31.0,3.0,34.0,0.3,0.1,0.8,4.0,888.0,15.0,5.0,0.30180180180180183
31.0,3.0,35.0,0.3,0.1,0.8,4.0,876.0,16.0,8.0,0.3059360730593607
31.0,3.0,36.0,0.3,0.1,0.8,4.0,869.0,22.0,9.0,0.30609896432681244
31.0,3.0,37.0,0.3,0.1,0.8,4.0,849.0,22.0,8.0,0.3050647820965842
31.0,3.0,38.0,0.3,0.1,0.8,4.0,806.0,21.0,5.0,0.30893300248138955
31.0,3.0,39.0,0.3,0.1,0.8,4.0,771.0,18.0,7.0,0.30609597924773024
31.0,3.0,40.0,0.3,0.1,0.8,4.0,759.0,20.0,11.0,0.3096179183135705
31.0,3.0,41.0,0.3,0.1,0.8,4.0,747.0,20.0,17.0,0.3038821954484605
31.0,3.0,42.0,0.3,0.1,0.8,4.0,740.0,16.0,11.0,0.3054054054054054
31.0,3.0,43.0,0.3,0.1,0.8,4.0,726.0,22.0,7.0,0.30578512396694213
31.0,3.0,44.0,0.3,0.1,0.8,4.0,701.0,14.0,2.0,0.3152639087018545
31.0,3.0,45.0,0.3,0.1,0.8,4.0,697.0,17.0,7.0,0.4533715925394548
31.0,3.0,46.0,0.3,0.1,0.8,4.0,688.0,15.0,11.0,0.4578488372093023
31.0,3.0,47.0,0.3,0.1,0.8,4.0,686.0,18.0,10.0,0.45481049562682213
31.0,3.0,48.0,0.3,0.1,0.8,4.0,669.0,14.0,7.0,0.4633781763826607
31.0,3.0,49.0,0.3,0.1,0.8,4.0,655.0,14.0,3.0,0.45648854961832064
31.0,3.0,50.0,0.3,0.1,0.8,4.0,650.0,14.0,6.0,0.4646153846153846
31.0,3.0,51.0,0.3,0.1,0.8,4.0,640.0,13.0,9.0,0.4578125
31.0,3.0,52.0,0.3,0.1,0.8,4.0,635.0,11.0,8.0,0.462992125984252
31.0,4.0,1.0,0.3,0.1,0.8,4.0,622.0,9.0,6.0,0.4533762057877814
31.0,4.0,2.0,0.3,0.1,0.8,4.0,613.0,8.0,2.0,0.46492659053833607
31.0,4.0,3.0,0.3,0.1,0.8,4.0,601.0,10.0,4.0,0.4509151414309484
31.0,4.0,4.0,0.3,0.1,0.8,4.0,593.0,9.0,2.0,0.4654300168634064
31.0,4.0,5.0,0.3,0.1,0.8,4.0,585.0,9.0,5.0,0.4547008547008547
31.0,4.0,6.0,0.3,0.1,0.8,4.0,585.0,10.0,3.0,0.4666666666666667
31.0,4.0,7.0,0.3,0.1,0.8,4.0,579.0,12.0,6.0,0.45768566493955093
31.0,4.0,8.0,0.3,0.1,0.8,4.0,571.0,8.0,7.0,0.4746059544658494
31.0,4.0,9.0,0.3,0.1,0.8,4.0,563.0,10.0,7.0,0.46181172291296624
31.0,4.0,10.0,0.3,0.1,0.8,4.0,562.0,7.0,4.0,0.4750889679715303
31.0,4.0,11.0,0.3,0.1,0.8,4.0,552.0,6.0,1.0,0.4673913043478261
31.0,4.0,12.0,0.3,0.1,0.8,4.0,547.0,4.0,1.0,0.4753199268738574
31.0,4.0,13.0,0.3,0.1,0.8,4.0,534.0,4.0,2.0,0.46254681647940077
31.0,4.0,14.0,0.3,0.1,0.8,4.0,540.0,3.0,2.0,0.4722222222222222
31.0,4.0,15.0,0.3,0.1,0.8,4.0,526.0,4.0,3.0,0.46577946768060835
31.0,4.0,16.0,0.3,0.1,0.8,4.0,534.0,3.0,2.0,0.4737827715355805
31.0,4.0,17.0,0.3,0.1,0.8,4.0,522.0,4.0,2.0,0.46551724137931033
31.0,4.0,18.0,0.3,0.1,0.8,4.0,527.0,3.0,1.0,0.476280834914611
31.0,4.0,19.0,0.3,0.1,0.8,4.0,520.0,4.0,1.0,0.4673076923076923
31.0,4.0,20.0,0.3,0.1,0.8,4.0,987.0,3.0,0.0,0.25227963525835867
31.0,4.0,21.0,0.3,0.1,0.8,4.0,960.0,3.0,2.0,0.246875
31.0,4.0,22.0,0.3,0.1,0.8,4.0,926.0,3.0,2.0,0.2473002159827214
31.0,4.0,23.0,0.3,0.1,0.8,4.0,891.0,3.0,3.0,0.24354657687991021
31.0,4.0,24.0,0.3,0.1,0.8,4.0,878.0,2.0,1.0,0.25626423690205014
31.0,4.0,25.0,0.3,0.1,0.8,4.0,838.0,2.0,2.0,0.2541766109785203
31.0,4.0,26.0,0.3,0.1,0.8,4.0,826.0,2.0,1.0,0.25907990314769974
31.0,4.0,27.0,0.3,0.1,0.8,4.0,776.0,2.0,1.0,0.25
31.0,4.0,28.0,0.3,0.1,0.8,4.0,751.0,3.0,1.0,0.2596537949400799
31.0,4.0,29.0,0.3,0.1,0.8,4.0,742.0,2.0,1.0,0.25067385444743934
31.0,4.0,30.0,0.3,0.1,0.8,4.0,717.0,3.0,1.0,0.2580195258019526
31.0,4.0,31.0,0.3,0.1,0.8,4.0,702.0,3.0,1.0,0.24786324786324787
31.0,4.0,32.0,0.3,0.1,0.8,4.0,671.0,5.0,1.0,0.26229508196721313
31.0,4.0,33.0,0.3,0.1,0.8,4.0,651.0,5.0,2.0,0.2565284178187404
31.0,4.0,34.0,0.3,0.1,0.8,4.0,644.0,7.0,2.0,0.26242236024844723
31.0,4.0,35.0,0.3,0.1,0.8,4.0,632.0,9.0,3.0,0.25316455696202533
31.0,4.0,36.0,0.3,0.1,0.8,4.0,626.0,8.0,4.0,0.26038338658146964
31.0,4.0,37.0,0.3,0.1,0.8,4.0,612.0,6.0,3.0,0.2549019607843137
31.0,4.0,38.0,0.3,0.1,0.8,4.0,582.0,6.0,2.0,0.2646048109965636
31.0,4.0,39.0,0.3,0.1,0.8,4.0,561.0,6.0,3.0,0.25846702317290554
31.0,4.0,40.0,0.3,0.1,0.8,4.0,557.0,8.0,3.0,0.2710951526032316
31.0,4.0,41.0,0.3,0.1,0.8,4.0,530.0,9.0,3.0,0.2622641509433962
31.0,4.0,42.0,0.3,0.1,0.8,4.0,545.0,11.0,2.0,0.26422018348623855
31.0,4.0,43.0,0.3,0.1,0.8,4.0,522.0,12.0,4.0,0.2624521072796935
31.0,4.0,44.0,0.3,0.1,0.8,4.0,520.0,14.0,9.0,0.2673076923076923
31.0,4.0,45.0,0.3,0.1,0.8,4.0,499.0,15.0,9.0,0.42685370741482964
31.0,4.0,46.0,0.3,0.1,0.8,4.0,509.0,13.0,7.0,0.4263261296660118
31.0,4.0,47.0,0.3,0.1,0.8,4.0,484.0,14.0,4.0,0.43388429752066116
31.0,4.0,48.0,0.3,0.1,0.8,4.0,492.0,15.0,4.0,0.42886178861788615
31.0,4.0,49.0,0.3,0.1,0.8,4.0,473.0,12.0,7.0,0.4334038054968288
31.0,4.0,50.0,0.3,0.1,0.8,4.0,483.0,12.0,8.0,0.4306418219461698
31.0,4.0,51.0,0.3,0.1,0.8,4.0,472.0,11.0,9.0,0.4300847457627119
31.0,4.0,52.0,0.3,0.1,0.8,4.0,476.0,9.0,5.0,0.4327731092436975
31.0,5.0,1.0,0.3,0.1,0.8,4.0,459.0,10.0,4.0,0.4335511982570806
31.0,5.0,2.0,0.3,0.1,0.8,4.0,467.0,8.0,6.0,0.4346895074946467
31.0,5.0,3.0,0.3,0.1,0.8,4.0,452.0,7.0,5.0,0.4358407079646018
31.0,5.0,4.0,0.3,0.1,0.8,4.0,461.0,6.0,5.0,0.43383947939262474
31.0,5.0,5.0,0.3,0.1,0.8,4.0,442.0,4.0,2.0,0.4411764705882353
31.0,5.0,6.0,0.3,0.1,0.8,4.0,451.0,4.0,2.0,0.43902439024390244
31.0,5.0,7.0,0.3,0.1,0.8,4.0,433.0,4.0,3.0,0.44341801385681295
31.0,5.0,8.0,0.3,0.1,0.8,4.0,438.0,3.0,2.0,0.4429223744292237
31.0,5.0,9.0,0.3,0.1,0.8,4.0,423.0,3.0,2.0,0.44680851063829785
31.0,5.0,10.0,0.3,0.1,0.8,4.0,416.0,1.0,0.0,0.44711538461538464
31.0,5.0,11.0,0.3,0.1,0.8,4.0,413.0,1.0,0.0,0.45036319612590797
31.0,5.0,12.0,0.3,0.1,0.8,4.0,411.0,1.0,0.0,0.44768856447688565
31.0,5.0,13.0,0.3,0.1,0.8,4.0,410.0,1.0,1.0,0.45121951219512196
31.0,5.0,14.0,0.3,0.1,0.8,4.0,407.0,1.0,1.0,0.44717444717444715
31.0,5.0,15.0,0.3,0.1,0.8,4.0,406.0,2.0,1.0,0.45320197044334976
31.0,5.0,16.0,0.3,0.1,0.8,4.0,404.0,1.0,1.0,0.4504950495049505
31.0,5.0,17.0,0.3,0.1,0.8,4.0,401.0,1.0,1.0,0.456359102244389
31.0,5.0,18.0,0.3,0.1,0.8,4.0,402.0,1.0,1.0,0.4527363184079602
31.0,5.0,19.0,0.3,0.1,0.8,4.0,399.0,1.0,0.0,0.45864661654135336
31.0,5.0,20.0,0.3,0.1,0.8,4.0,721.0,1.0,0.0,0.2510402219140083
31.0,5.0,21.0,0.3,0.1,0.8,4.0,698.0,1.0,1.0,0.2607449856733524
31.0,5.0,22.0,0.3,0.1,0.8,4.0,682.0,2.0,1.0,0.26099706744868034
31.0,5.0,23.0,0.3,0.1,0.8,4.0,670.0,7.0,1.0,0.26865671641791045
31.0,5.0,24.0,0.3,0.1,0.8,4.0,651.0,6.0,0.0,0.261136712749616
31.0,5.0,25.0,0.3,0.1,0.8,4.0,613.0,6.0,3.0,0.2740619902120718
31.0,5.0,26.0,0.3,0.1,0.8,4.0,625.0,10.0,5.0,0.2656
31.0,5.0,27.0,0.3,0.1,0.8,4.0,612.0,14.0,6.0,0.272875816993464
31.0,5.0,28.0,0.3,0.1,0.8,4.0,616.0,13.0,6.0,0.2662337662337662
31.0,5.0,29.0,0.3,0.1,0.8,4.0,571.0,4.0,1.0,0.276707530647986
31.0,5.0,30.0,0.3,0.1,0.8,4.0,560.0,3.0,2.0,0.2714285714285714
31.0,5.0,31.0,0.3,0.1,0.8,4.0,555.0,3.0,1.0,0.2774774774774775
31.0,5.0,32.0,0.3,0.1,0.8,4.0,537.0,3.0,2.0,0.27932960893854747
31.0,5.0,33.0,0.3,0.1,0.8,4.0,534.0,4.0,1.0,0.28651685393258425
31.0,5.0,34.0,0.3,0.1,0.8,4.0,524.0,4.0,2.0,0.28053435114503816
31.0,5.0,35.0,0.3,0.1,0.8,4.0,519.0,3.0,2.0,0.28516377649325625
31.0,5.0,36.0,0.3,0.1,0.8,4.0,510.0,5.0,4.0,0.2823529411764706
31.0,5.0,37.0,0.3,0.1,0.8,4.0,503.0,6.0,3.0,0.28628230616302186
31.0,5.0,38.0,0.3,0.1,0.8,4.0,503.0,4.0,1.0,0.2823061630218688
31.0,5.0,39.0,0.3,0.1,0.8,4.0,490.0,3.0,1.0,0.2897959183673469
31.0,5.0,40.0,0.3,0.1,0.8,4.0,503.0,3.0,3.0,0.2803180914512923
31.0,5.0,41.0,0.3,0.1,0.8,4.0,477.0,4.0,3.0,0.2914046121593291
31.0,5.0,42.0,0.3,0.1,0.8,4.0,485.0,4.0,1.0,0.2845360824742268
31.0,5.0,43.0,0.3,0.1,0.8,4.0,476.0,3.0,1.0,0.2920168067226891
31.0,5.0,44.0,0.3,0.1,0.8,4.0,483.0,3.0,1.0,0.2857142857142857
31.0,5.0,45.0,0.3,0.1,0.8,4.0,476.0,3.0,2.0,0.42016806722689076
31.0,5.0,46.0,0.3,0.1,0.8,4.0,478.0,3.0,1.0,0.4121338912133891
31.0,5.0,47.0,0.3,0.1,0.8,4.0,470.0,4.0,1.0,0.4148936170212766
31.0,5.0,48.0,0.3,0.1,0.8,4.0,475.0,4.0,2.0,0.4105263157894737
31.0,5.0,49.0,0.3,0.1,0.8,4.0,465.0,4.0,2.0,0.4150537634408602
31.0,5.0,50.0,0.3,0.1,0.8,4.0,466.0,4.0,2.0,0.40987124463519314
31.0,5.0,51.0,0.3,0.1,0.8,4.0,435.0,2.0,1.0,0.4114942528735632
31.0,5.0,52.0,0.3,0.1,0.8,4.0,440.0,2.0,1.0,0.4090909090909091
31.0,6.0,1.0,0.3,0.1,0.8,4.0,414.0,2.0,1.0,0.4178743961352657
31.0,6.0,2.0,0.3,0.1,0.8,4.0,416.0,2.0,0.0,0.41586538461538464
31.0,6.0,3.0,0.3,0.1,0.8,4.0,408.0,2.0,1.0,0.4166666666666667
31.0,6.0,4.0,0.3,0.1,0.8,4.0,412.0,2.0,1.0,0.4174757281553398
31.0,6.0,5.0,0.3,0.1,0.8,4.0,406.0,1.0,0.0,0.4187192118226601
31.0,6.0,6.0,0.3,0.1,0.8,4.0,409.0,1.0,0.0,0.42053789731051344
31.0,6.0,7.0,0.3,0.1,0.8,4.0,394.0,1.0,0.0,0.42385786802030456
31.0,6.0,8.0,0.3,0.1,0.8,4.0,395.0,1.0,1.0,0.4253164556962025
31.0,6.0,9.0,0.3,0.1,0.8,4.0,389.0,1.0,1.0,0.4241645244215938
31.0,6.0,10.0,0.3,0.1,0.8,4.0,390.0,2.0,1.0,0.4256410256410256
31.0,6.0,11.0,0.3,0.1,0.8,4.0,388.0,1.0,0.0,0.42783505154639173
31.0,6.0,12.0,0.3,0.1,0.8,4.0,388.0,1.0,1.0,0.422680412371134
31.0,6.0,13.0,0.3,0.1,0.8,4.0,386.0,2.0,1.0,0.4274611398963731
31.0,6.0,14.0,0.3,0.1,0.8,4.0,383.0,2.0,1.0,0.42036553524804177
31.0,6.0,15.0,0.3,0.1,0.8,4.0,382.0,1.0,0.0,0.42408376963350786
31.0,6.0,16.0,0.3,0.1,0.8,4.0,381.0,1.0,1.0,0.4225721784776903
31.0,6.0,17.0,0.3,0.1,0.8,4.0,367.0,1.0,1.0,0.4332425068119891
31.0,6.0,18.0,0.3,0.1,0.8,4.0,364.0,1.0,1.0,0.43131868131868134
31.0,6.0,19.0,0.3,0.1,0.8,4.0,364.0,0.0,0.0,0.4340659340659341
31.0,6.0,20.0,0.3,0.1,0.8,4.0,625.0,0.0,0.0,0.248
31.0,6.0,21.0,0.3,0.1,0.8,4.0,602.0,0.0,0.0,0.25249169435215946
31.0,6.0,22.0,0.3,0.1,0.8,4.0,585.0,0.0,0.0,0.2512820512820513
31.0,6.0,23.0,0.3,0.1,0.8,4.0,561.0,0.0,0.0,0.25668449197860965
31.0,6.0,24.0,0.3,0.1,0.8,4.0,557.0,0.0,0.0,0.25314183123877915
31.0,6.0,25.0,0.3,0.1,0.8,4.0,525.0,0.0,0.0,0.26285714285714284
31.0,6.0,26.0,0.3,0.1,0.8,4.0,531.0,0.0,0.0,0.256120527306968
31.0,6.0,27.0,0.3,0.1,0.8,4.0,512.0,0.0,0.0,0.263671875
31.0,6.0,28.0,0.3,0.1,0.8,4.0,526.0,0.0,0.0,0.25665399239543724
31.0,6.0,29.0,0.3,0.1,0.8,4.0,496.0,0.0,0.0,0.26411290322580644
31.0,6.0,30.0,0.3,0.1,0.8,4.0,510.0,0.0,0.0,0.2568627450980392
31.0,6.0,31.0,0.3,0.1,0.8,4.0,494.0,0.0,0.0,0.2631578947368421
31.0,6.0,32.0,0.3,0.1,0.8,4.0,510.0,0.0,0.0,0.2568627450980392
31.0,6.0,33.0,0.3,0.1,0.8,4.0,468.0,0.0,0.0,0.2670940170940171
31.0,6.0,34.0,0.3,0.1,0.8,4.0,456.0,0.0,0.0,0.2631578947368421
31.0,6.0,35.0,0.3,0.1,0.8,4.0,454.0,0.0,0.0,0.2665198237885463
31.0,6.0,36.0,0.3,0.1,0.8,4.0,456.0,0.0,0.0,0.2631578947368421
31.0,6.0,37.0,0.3,0.1,0.8,4.0,454.0,0.0,0.0,0.2665198237885463
31.0,6.0,38.0,0.3,0.1,0.8,4.0,441.0,0.0,0.0,0.2698412698412698
31.0,6.0,39.0,0.3,0.1,0.8,4.0,435.0,0.0,0.0,0.2735632183908046
31.0,6.0,40.0,0.3,0.1,0.8,4.0,437.0,0.0,0.0,0.2700228832951945
31.0,6.0,41.0,0.3,0.1,0.8,4.0,435.0,0.0,0.0,0.2735632183908046
31.0,6.0,42.0,0.3,0.1,0.8,4.0,437.0,0.0,0.0,0.2700228832951945
31.0,6.0,43.0,0.3,0.1,0.8,4.0,434.0,0.0,0.0,0.271889400921659
31.0,6.0,44.0,0.3,0.1,0.8,4.0,424.0,0.0,0.0,0.2688679245283019
31.0,6.0,45.0,0.3,0.1,0.8,4.0,422.0,0.0,0.0,0.45734597156398105
31.0,6.0,46.0,0.3,0.1,0.8,4.0,413.0,0.0,0.0,0.46246973365617433
31.0,6.0,47.0,0.3,0.1,0.8,4.0,411.0,0.0,0.0,0.46472019464720193
31.0,6.0,48.0,0.3,0.1,0.8,4.0,413.0,0.0,0.0,0.46246973365617433
31.0,6.0,49.0,0.3,0.1,0.8,4.0,411.0,0.0,0.0,0.46472019464720193
31.0,6.0,50.0,0.3,0.1,0.8,4.0,411.0,0.0,0.0,0.46472019464720193
31.0,6.0,51.0,0.3,0.1,0.8,4.0,409.0,0.0,0.0,0.46454767726161367
31.0,6.0,52.0,0.3,0.1,0.8,4.0,410.0,0.0,0.0,0.4634146341463415
31.0,7.0,1.0,0.3,0.1,0.8,4.0,407.0,0.0,0.0,0.4668304668304668
31.0,7.0,2.0,0.3,0.1,0.8,4.0,409.0,0.0,0.0,0.4621026894865526
31.0,7.0,3.0,0.3,0.1,0.8,4.0,406.0,0.0,0.0,0.4630541871921182
31.0,7.0,4.0,0.3,0.1,0.8,4.0,408.0,0.0,0.0,0.46078431372549017
31.0,7.0,5.0,0.3,0.1,0.8,4.0,406.0,0.0,0.0,0.4630541871921182
31.0,7.0,6.0,0.3,0.1,0.8,4.0,408.0,0.0,0.0,0.46078431372549017
31.0,7.0,7.0,0.3,0.1,0.8,4.0,406.0,0.0,0.0,0.4630541871921182
31.0,7.0,8.0,0.3,0.1,0.8,4.0,406.0,0.0,0.0,0.4630541871921182
31.0,7.0,9.0,0.3,0.1,0.8,4.0,403.0,0.0,0.0,0.4640198511166253
31.0,7.0,10.0,0.3,0.1,0.8,4.0,404.0,0.0,0.0,0.4628712871287129
31.0,7.0,11.0,0.3,0.1,0.8,4.0,402.0,0.0,0.0,0.4651741293532338
31.0,7.0,12.0,0.3,0.1,0.8,4.0,404.0,0.0,0.0,0.4628712871287129
31.0,7.0,13.0,0.3,0.1,0.8,4.0,401.0,0.0,0.0,0.46384039900249374
31.0,7.0,14.0,0.3,0.1,0.8,4.0,404.0,0.0,0.0,0.4628712871287129
31.0,7.0,15.0,0.3,0.1,0.8,4.0,402.0,0.0,0.0,0.4651741293532338
31.0,7.0,16.0,0.3,0.1,0.8,4.0,400.0,0.0,0.0,0.4625
31.0,7.0,17.0,0.3,0.1,0.8,4.0,398.0,0.0,0.0,0.4648241206030151
31.0,7.0,18.0,0.3,0.1,0.8,4.0,399.0,0.0,0.0,0.46115288220551376
31.0,7.0,19.0,0.3,0.1,0.8,4.0,396.0,0.0,0.0,0.46464646464646464
31.0,7.0,20.0,0.3,0.1,0.8,4.0,736.0,0.0,0.0,0.25
31.0,7.0,21.0,0.3,0.1,0.8,4.0,732.0,0.0,0.0,0.25136612021857924
31.0,7.0,22.0,0.3,0.1,0.8,4.0,724.0,0.0,0.0,0.25
31.0,7.0,23.0,0.3,0.1,0.8,4.0,694.0,0.0,0.0,0.25360230547550433
31.0,7.0,24.0,0.3,0.1,0.8,4.0,692.0,0.0,0.0,0.2514450867052023
31.0,7.0,25.0,0.3,0.1,0.8,4.0,664.0,0.0,0.0,0.25903614457831325
31.0,7.0,26.0,0.3,0.1,0.8,4.0,666.0,0.0,0.0,0.25375375375375375
31.0,7.0,27.0,0.3,0.1,0.8,4.0,633.0,0.0,0.0,0.2638230647709321
31.0,7.0,28.0,0.3,0.1,0.8,4.0,623.0,0.0,0.0,0.26163723916532905
31.0,7.0,29.0,0.3,0.1,0.8,4.0,622.0,0.0,0.0,0.2684887459807074
31.0,7.0,30.0,0.3,0.1,0.8,4.0,612.0,0.0,0.0,0.2679738562091503
31.0,7.0,31.0,0.3,0.1,0.8,4.0,599.0,0.0,0.0,0.27545909849749584
31.0,7.0,32.0,0.3,0.1,0.8,4.0,596.0,0.0,0.0,0.2684563758389262
31.0,7.0,33.0,0.3,0.1,0.8,4.0,594.0,0.0,0.0,0.27441077441077444
31.0,7.0,34.0,0.3,0.1,0.8,4.0,593.0,0.0,0.0,0.26812816188870153
31.0,7.0,35.0,0.3,0.1,0.8,4.0,594.0,0.0,0.0,0.27441077441077444
31.0,7.0,36.0,0.3,0.1,0.8,4.0,592.0,0.0,0.0,0.2685810810810811
31.0,7.0,37.0,0.3,0.1,0.8,4.0,594.0,0.0,0.0,0.27441077441077444
31.0,7.0,38.0,0.3,0.1,0.8,4.0,592.0,0.0,0.0,0.2685810810810811
31.0,7.0,39.0,0.3,0.1,0.8,4.0,591.0,0.0,0.0,0.27580372250423013
31.0,7.0,40.0,0.3,0.1,0.8,4.0,591.0,0.0,0.0,0.26903553299492383
31.0,7.0,41.0,0.3,0.1,0.8,4.0,590.0,0.0,0.0,0.2745762711864407
31.0,7.0,42.0,0.3,0.1,0.8,4.0,550.0,0.0,0.0,0.2727272727272727
31.0,7.0,43.0,0.3,0.1,0.8,4.0,533.0,0.0,0.0,0.28330206378986866
31.0,7.0,44.0,0.3,0.1,0.8,4.0,534.0,0.0,0.0,0.27715355805243447
31.0,7.0,45.0,0.3,0.1,0.8,4.0,522.0,0.0,0.0,0.4367816091954023
31.0,7.0,46.0,0.3,0.1,0.8,4.0,510.0,0.0,0.0,0.42745098039215684
31.0,7.0,47.0,0.3,0.1,0.8,4.0,509.0,0.0,0.0,0.43418467583497056
31.0,7.0,48.0,0.3,0.1,0.8,4.0,510.0,0.0,0.0,0.42745098039215684
31.0,7.0,49.0,0.3,0.1,0.8,4.0,509.0,0.0,0.0,0.43418467583497056
31.0,7.0,50.0,0.3,0.1,0.8,4.0,510.0,0.0,0.0,0.42549019607843136
31.0,7.0,51.0,0.3,0.1,0.8,4.0,494.0,0.0,0.0,0.4331983805668016
31.0,7.0,52.0,0.3,0.1,0.8,4.0,497.0,0.0,0.0,0.42655935613682094
31.0,8.0,1.0,0.3,0.1,0.8,4.0,495.0,0.0,0.0,0.43434343434343436
31.0,8.0,2.0,0.3,0.1,0.8,4.0,498.0,0.0,0.0,0.42771084337349397
31.0,8.0,3.0,0.3,0.1,0.8,4.0,495.0,0.0,0.0,0.43434343434343436
31.0,8.0,4.0,0.3,0.1,0.8,4.0,497.0,0.0,0.0,0.42857142857142855
31.0,8.0,5.0,0.3,0.1,0.8,4.0,493.0,0.0,0.0,0.43610547667342797
31.0,8.0,6.0,0.3,0.1,0.8,4.0,496.0,0.0,0.0,0.42943548387096775
31.0,8.0,7.0,0.3,0.1,0.8,4.0,492.0,0.0,0.0,0.4369918699186992
31.0,8.0,8.0,0.3,0.1,0.8,4.0,481.0,0.0,0.0,0.4282744282744283
31.0,8.0,9.0,0.3,0.1,0.8,4.0,480.0,0.0,0.0,0.43333333333333335
31.0,8.0,10.0,0.3,0.1,0.8,4.0,478.0,0.0,0.0,0.42887029288702927
31.0,8.0,11.0,0.3,0.1,0.8,4.0,478.0,0.0,0.0,0.4330543933054393
31.0,8.0,12.0,0.3,0.1,0.8,4.0,466.0,0.0,0.0,0.4206008583690987
31.0,8.0,13.0,0.3,0.1,0.8,4.0,466.0,0.0,0.0,0.4248927038626609
31.0,8.0,14.0,0.3,0.1,0.8,4.0,466.0,0.0,0.0,0.4206008583690987
31.0,8.0,15.0,0.3,0.1,0.8,4.0,466.0,0.0,0.0,0.4248927038626609
31.0,8.0,16.0,0.3,0.1,0.8,4.0,466.0,0.0,0.0,0.4206008583690987
31.0,8.0,17.0,0.3,0.1,0.8,4.0,466.0,0.0,0.0,0.4248927038626609
31.0,8.0,18.0,0.3,0.1,0.8,4.0,463.0,0.0,0.0,0.42332613390928725
31.0,8.0,19.0,0.3,0.1,0.8,4.0,452.0,0.0,0.0,0.4314159292035398
31.0,8.0,20.0,0.3,0.1,0.8,4.0,835.0,0.0,0.0,0.2311377245508982
31.0,8.0,21.0,0.3,0.1,0.8,4.0,821.0,0.0,0.0,0.23386114494518878
31.0,8.0,22.0,0.3,0.1,0.8,4.0,789.0,0.0,0.0,0.22686945500633712
31.0,8.0,23.0,0.3,0.1,0.8,4.0,720.0,0.0,0.0,0.23472222222222222
31.0,8.0,24.0,0.3,0.1,0.8,4.0,677.0,0.0,0.0,0.2363367799113737
31.0,8.0,25.0,0.3,0.1,0.8,4.0,660.0,0.0,0.0,0.24393939393939393
31.0,8.0,26.0,0.3,0.1,0.8,4.0,647.0,0.0,0.0,0.24574961360123648
31.0,8.0,27.0,0.3,0.1,0.8,4.0,653.0,0.0,0.0,0.24655436447166923
31.0,8.0,28.0,0.3,0.1,0.8,4.0,634.0,0.0,0.0,0.2476340694006309
31.0,8.0,29.0,0.3,0.1,0.8,4.0,628.0,0.0,0.0,0.2515923566878981
31.0,8.0,30.0,0.3,0.1,0.8,4.0,621.0,0.0,0.0,0.25120772946859904
31.0,8.0,31.0,0.3,0.1,0.8,4.0,626.0,0.0,0.0,0.2523961661341853
31.0,8.0,32.0,0.3,0.1,0.8,4.0,621.0,0.0,0.0,0.25120772946859904
31.0,8.0,33.0,0.3,0.1,0.8,4.0,614.0,0.0,0.0,0.254071661237785
31.0,8.0,34.0,0.3,0.1,0.8,4.0,597.0,0.0,0.0,0.254606365159129
31.0,8.0,35.0,0.3,0.1,0.8,4.0,603.0,0.0,0.0,0.25538971807628524
31.0,8.0,36.0,0.3,0.1,0.8,4.0,591.0,0.0,0.0,0.25380710659898476
31.0,8.0,37.0,0.3,0.1,0.8,4.0,601.0,0.0,0.0,0.2545757071547421
31.0,8.0,38.0,0.3,0.1,0.8,4.0,590.0,0.0,0.0,0.2542372881355932
31.0,8.0,39.0,0.3,0.1,0.8,4.0,597.0,0.0,0.0,0.254606365159129
31.0,8.0,40.0,0.3,0.1,0.8,4.0,590.0,0.0,0.0,0.2542372881355932
31.0,8.0,41.0,0.3,0.1,0.8,4.0,585.0,0.0,0.0,0.25811965811965815
31.0,8.0,42.0,0.3,0.1,0.8,4.0,576.0,0.0,0.0,0.2586805555555556
31.0,8.0,43.0,0.3,0.1,0.8,4.0,578.0,0.0,0.0,0.2629757785467128
31.0,8.0,44.0,0.3,0.1,0.8,4.0,576.0,0.0,0.0,0.2586805555555556
31.0,8.0,45.0,0.3,0.1,0.8,4.0,563.0,0.0,0.0,0.42095914742451157
31.0,8.0,46.0,0.3,0.1,0.8,4.0,554.0,0.0,0.0,0.4223826714801444
31.0,8.0,47.0,0.3,0.1,0.8,4.0,555.0,0.0,0.0,0.42342342342342343
31.0,8.0,48.0,0.3,0.1,0.8,4.0,542.0,0.0,0.0,0.42435424354243545
31.0,8.0,49.0,0.3,0.1,0.8,4.0,532.0,0.0,0.0,0.4266917293233083
31.0,8.0,50.0,0.3,0.1,0.8,4.0,533.0,0.0,0.0,0.42401500938086306
31.0,8.0,51.0,0.3,0.1,0.8,4.0,529.0,0.0,0.0,0.42911153119092627
31.0,8.0,52.0,0.3,0.1,0.8,4.0,529.0,0.0,0.0,0.42722117202268434
31.0,9.0,1.0,0.3,0.1,0.8,4.0,525.0,0.0,0.0,0.43238095238095237
31.0,9.0,2.0,0.3,0.1,0.8,4.0,515.0,0.0,0.0,0.43106796116504853
31.0,9.0,3.0,0.3,0.1,0.8,4.0,514.0,0.0,0.0,0.433852140077821
31.0,9.0,4.0,0.3,0.1,0.8,4.0,515.0,0.0,0.0,0.43106796116504853
31.0,9.0,5.0,0.3,0.1,0.8,4.0,514.0,0.0,0.0,0.433852140077821
31.0,9.0,6.0,0.3,0.1,0.8,4.0,515.0,0.0,0.0,0.43106796116504853
31.0,9.0,7.0,0.3,0.1,0.8,4.0,514.0,0.0,0.0,0.433852140077821
31.0,9.0,8.0,0.3,0.1,0.8,4.0,513.0,0.0,0.0,0.43079922027290446
31.0,9.0,9.0,0.3,0.1,0.8,4.0,510.0,0.0,0.0,0.43333333333333335
31.0,9.0,10.0,0.3,0.1,0.8,4.0,509.0,0.0,0.0,0.43418467583497056
31.0,9.0,11.0,0.3,0.1,0.8,4.0,510.0,0.0,0.0,0.43529411764705883
31.0,9.0,12.0,0.3,0.1,0.8,4.0,483.0,0.0,0.0,0.43685300207039335
31.0,9.0,13.0,0.3,0.1,0.8,4.0,482.0,0.0,0.0,0.43775933609958506
31.0,9.0,14.0,0.3,0.1,0.8,4.0,480.0,0.0,0.0,0.4375
31.0,9.0,15.0,0.3,0.1,0.8,4.0,480.0,0.0,0.0,0.44166666666666665
31.0,9.0,16.0,0.3,0.1,0.8,4.0,469.0,0.0,0.0,0.43710021321961623
31.0,9.0,17.0,0.3,0.1,0.8,4.0,465.0,0.0,0.0,0.43870967741935485
31.0,9.0,18.0,0.3,0.1,0.8,4.0,455.0,0.0,0.0,0.4351648351648352
31.0,9.0,19.0,0.3,0.1,0.8,4.0,453.0,0.0,0.0,0.4370860927152318
31.0,9.0,20.0,0.3,0.1,0.8,4.0,770.0,0.0,0.0,0.23506493506493506
31.0,9.0,21.0,0.3,0.1,0.8,4.0,751.0,0.0,0.0,0.24101198402130491
31.0,9.0,22.0,0.3,0.1,0.8,4.0,713.0,0.0,0.0,0.2426367461430575
31.0,9.0,23.0,0.3,0.1,0.8,4.0,707.0,0.0,0.0,0.24611032531824611
31.0,9.0,24.0,0.3,0.1,0.8,4.0,684.0,0.0,0.0,0.24707602339181287
31.0,9.0,25.0,0.3,0.1,0.8,4.0,635.0,0.0,0.0,0.2551181102362205
31.0,9.0,26.0,0.3,0.1,0.8,4.0,619.0,0.0,0.0,0.2552504038772213
31.0,9.0,27.0,0.3,0.1,0.8,4.0,599.0,0.0,0.0,0.2587646076794658
31.0,9.0,28.0,0.3,0.1,0.8,4.0,565.0,0.0,0.0,0.26371681415929205
31.0,9.0,29.0,0.3,0.1,0.8,4.0,556.0,0.0,0.0,0.26798561151079137
31.0,9.0,30.0,0.3,0.1,0.8,4.0,563.0,0.0,0.0,0.26465364120781526
31.0,9.0,31.0,0.3,0.1,0.8,4.0,555.0,0.0,0.0,0.26846846846846845
31.0,9.0,32.0,0.3,0.1,0.8,4.0,552.0,0.0,0.0,0.26811594202898553
31.0,9.0,33.0,0.3,0.1,0.8,4.0,517.0,0.0,0.0,0.2727272727272727
31.0,9.0,34.0,0.3,0.1,0.8,4.0,475.0,0.0,0.0,0.27789473684210525
31.0,9.0,35.0,0.3,0.1,0.8,4.0,467.0,0.0,0.0,0.2826552462526767
31.0,9.0,36.0,0.3,0.1,0.8,4.0,461.0,0.0,0.0,0.27765726681127983
31.0,9.0,37.0,0.3,0.1,0.8,4.0,441.0,0.0,0.0,0.2857142857142857
31.0,9.0,38.0,0.3,0.1,0.8,4.0,449.0,0.0,0.0,0.2806236080178174
31.0,9.0,39.0,0.3,0.1,0.8,4.0,439.0,0.0,0.0,0.2847380410022779
31.0,9.0,40.0,0.3,0.1,0.8,4.0,447.0,0.0,0.0,0.2796420581655481
31.0,9.0,41.0,0.3,0.1,0.8,4.0,439.0,0.0,0.0,0.2847380410022779
31.0,9.0,42.0,0.3,0.1,0.8,4.0,436.0,0.0,0.0,0.2798165137614679
31.0,9.0,43.0,0.3,0.1,0.8,4.0,428.0,0.0,0.0,0.2850467289719626
31.0,9.0,44.0,0.3,0.1,0.8,4.0,436.0,0.0,0.0,0.2798165137614679
31.0,9.0,45.0,0.3,0.1,0.8,4.0,428.0,0.0,0.0,0.4485981308411215
31.0,9.0,46.0,0.3,0.1,0.8,4.0,434.0,0.0,0.0,0.4447004608294931
31.0,9.0,47.0,0.3,0.1,0.8,4.0,428.0,0.0,0.0,0.4485981308411215
31.0,9.0,48.0,0.3,0.1,0.8,4.0,434.0,0.0,0.0,0.4447004608294931
31.0,9.0,49.0,0.3,0.1,0.8,4.0,428.0,0.0,0.0,0.4485981308411215
31.0,9.0,50.0,0.3,0.1,0.8,4.0,422.0,0.0,0.0,0.4431279620853081
31.0,9.0,51.0,0.3,0.1,0.8,4.0,420.0,0.0,0.0,0.44761904761904764
31.0,9.0,52.0,0.3,0.1,0.8,4.0,422.0,0.0,0.0,0.4431279620853081
31.0,10.0,1.0,0.3,0.1,0.8,4.0,418.0,0.0,0.0,0.4473684210526316
31.0,10.0,2.0,0.3,0.1,0.8,4.0,420.0,0.0,0.0,0.4452380952380952
31.0,10.0,3.0,0.3,0.1,0.8,4.0,418.0,0.0,0.0,0.44976076555023925
31.0,10.0,4.0,0.3,0.1,0.8,4.0,419.0,0.0,0.0,0.4439140811455847
31.0,10.0,5.0,0.3,0.1,0.8,4.0,417.0,0.0,0.0,0.44844124700239807
31.0,10.0,6.0,0.3,0.1,0.8,4.0,416.0,0.0,0.0,0.44471153846153844
31.0,10.0,7.0,0.3,0.1,0.8,4.0,414.0,0.0,0.0,0.4492753623188406
31.0,10.0,8.0,0.3,0.1,0.8,4.0,413.0,0.0,0.0,0.4430992736077482
31.0,10.0,9.0,0.3,0.1,0.8,4.0,410.0,0.0,0.0,0.45121951219512196
31.0,10.0,10.0,0.3,0.1,0.8,4.0,405.0,0.0,0.0,0.4469135802469136
31.0,10.0,11.0,0.3,0.1,0.8,4.0,409.0,0.0,0.0,0.45232273838630804
31.0,10.0,12.0,0.3,0.1,0.8,4.0,403.0,0.0,0.0,0.4491315136476427
31.0,10.0,13.0,0.3,0.1,0.8,4.0,405.0,0.0,0.0,0.44938271604938274
31.0,10.0,14.0,0.3,0.1,0.8,4.0,401.0,0.0,0.0,0.4488778054862843
31.0,10.0,15.0,0.3,0.1,0.8,4.0,404.0,0.0,0.0,0.4504950495049505
31.0,10.0,16.0,0.3,0.1,0.8,4.0,402.0,0.0,0.0,0.44776119402985076
31.0,10.0,17.0,0.3,0.1,0.8,4.0,404.0,0.0,0.0,0.4504950495049505
31.0,10.0,18.0,0.3,0.1,0.8,4.0,402.0,0.0,0.0,0.44776119402985076
31.0,10.0,19.0,0.3,0.1,0.8,4.0,404.0,0.0,0.0,0.4504950495049505
31.0,10.0,20.0,0.3,0.1,0.8,4.0,663.0,0.0,0.0,0.2473604826546003
31.0,10.0,21.0,0.3,0.1,0.8,4.0,668.0,0.0,0.0,0.24850299401197604
31.0,10.0,22.0,0.3,0.1,0.8,4.0,629.0,0.0,0.0,0.2575516693163752
31.0,10.0,23.0,0.3,0.1,0.8,4.0,633.0,0.0,0.0,0.25908372827804105
31.0,10.0,24.0,0.3,0.1,0.8,4.0,617.0,0.0,0.0,0.2593192868719611
31.0,10.0,25.0,0.3,0.1,0.8,4.0,600.0,0.0,0.0,0.2683333333333333
31.0,10.0,26.0,0.3,0.1,0.8,4.0,595.0,0.0,0.0,0.2672268907563025
31.0,10.0,27.0,0.3,0.1,0.8,4.0,599.0,0.0,0.0,0.2671118530884808
31.0,10.0,28.0,0.3,0.1,0.8,4.0,577.0,0.0,0.0,0.2738301559792028
31.0,10.0,29.0,0.3,0.1,0.8,4.0,582.0,0.0,0.0,0.27491408934707906
31.0,10.0,30.0,0.3,0.1,0.8,4.0,578.0,0.0,0.0,0.27335640138408307
31.0,10.0,31.0,0.3,0.1,0.8,4.0,571.0,0.0,0.0,0.27845884413309985
31.0,10.0,32.0,0.3,0.1,0.8,4.0,555.0,0.0,0.0,0.2810810810810811
31.0,10.0,33.0,0.3,0.1,0.8,4.0,540.0,0.0,0.0,0.2833333333333333
31.0,10.0,34.0,0.3,0.1,0.8,4.0,535.0,0.0,0.0,0.2803738317757009
31.0,10.0,35.0,0.3,0.1,0.8,4.0,539.0,0.0,0.0,0.2820037105751391
31.0,10.0,36.0,0.3,0.1,0.8,4.0,535.0,0.0,0.0,0.2803738317757009
31.0,10.0,37.0,0.3,0.1,0.8,4.0,539.0,0.0,0.0,0.2820037105751391
31.0,10.0,38.0,0.3,0.1,0.8,4.0,535.0,0.0,0.0,0.2803738317757009
31.0,10.0,39.0,0.3,0.1,0.8,4.0,539.0,0.0,0.0,0.2820037105751391
31.0,10.0,40.0,0.3,0.1,0.8,4.0,535.0,0.0,0.0,0.2803738317757009
31.0,10.0,41.0,0.3,0.1,0.8,4.0,539.0,0.0,0.0,0.2820037105751391
31.0,10.0,42.0,0.3,0.1,0.8,4.0,535.0,0.0,0.0,0.2803738317757009
31.0,10.0,43.0,0.3,0.1,0.8,4.0,528.0,0.0,0.0,0.2859848484848485
31.0,10.0,44.0,0.3,0.1,0.8,4.0,526.0,0.0,0.0,0.28517110266159695
31.0,10.0,45.0,0.3,0.1,0.8,4.0,526.0,0.0,0.0,0.4543726235741445
31.0,10.0,46.0,0.3,0.1,0.8,4.0,513.0,0.0,0.0,0.4580896686159844
31.0,10.0,47.0,0.3,0.1,0.8,4.0,514.0,0.0,0.0,0.4591439688715953
31.0,10.0,48.0,0.3,0.1,0.8,4.0,513.0,0.0,0.0,0.4580896686159844
31.0,10.0,49.0,0.3,0.1,0.8,4.0,514.0,0.0,0.0,0.4591439688715953
31.0,10.0,50.0,0.3,0.1,0.8,4.0,513.0,0.0,0.0,0.4580896686159844
31.0,10.0,51.0,0.3,0.1,0.8,4.0,512.0,0.0,0.0,0.4609375
31.0,10.0,52.0,0.3,0.1,0.8,4.0,506.0,0.0,0.0,0.4624505928853755
32.0,1.0,1.0,0.3,0.1,0.8,4.0,5075.0,52.0,9.0,0.289064039408867
32.0,1.0,2.0,0.3,0.1,0.8,4.0,4997.0,57.0,25.0,0.28637182309385634
32.0,1.0,3.0,0.3,0.1,0.8,4.0,4925.0,73.0,36.0,0.2887309644670051
32.0,1.0,4.0,0.3,0.1,0.8,4.0,4813.0,89.0,36.0,0.28859339289424474
32.0,1.0,5.0,0.3,0.1,0.8,4.0,4801.0,102.0,33.0,0.29327223495105187
32.0,1.0,6.0,0.3,0.1,0.8,4.0,4651.0,110.0,42.0,0.29262524188346595
32.0,1.0,7.0,0.3,0.1,0.8,4.0,4515.0,128.0,52.0,0.29457364341085274
32.0,1.0,8.0,0.3,0.1,0.8,4.0,4385.0,145.0,62.0,0.2935005701254276
32.0,1.0,9.0,0.3,0.1,0.8,4.0,4196.0,160.0,69.0,0.2945662535748332
32.0,1.0,10.0,0.3,0.1,0.8,4.0,4051.0,166.0,68.0,0.2967168600345594
32.0,1.0,11.0,0.3,0.1,0.8,4.0,3872.0,177.0,77.0,0.29545454545454547
32.0,1.0,12.0,0.3,0.1,0.8,4.0,3768.0,193.0,80.0,0.29803609341825904
32.0,1.0,13.0,0.3,0.1,0.8,4.0,3641.0,195.0,87.0,0.2979950563032134
32.0,1.0,14.0,0.3,0.1,0.8,4.0,3524.0,198.0,88.0,0.3013620885357548
32.0,1.0,15.0,0.3,0.1,0.8,4.0,3439.0,200.0,94.0,0.3056120965396918
32.0,1.0,16.0,0.3,0.1,0.8,4.0,3333.0,188.0,95.0,0.30723072307230725
32.0,1.0,17.0,0.3,0.1,0.8,4.0,3231.0,183.0,96.0,0.31073970906839987
32.0,1.0,18.0,0.3,0.1,0.8,4.0,3106.0,188.0,97.0,0.3119768190598841
32.0,1.0,19.0,0.3,0.1,0.8,4.0,3038.0,166.0,83.0,0.3196181698485846
32.0,1.0,20.0,0.3,0.1,0.8,4.0,5536.0,158.0,80.0,0.17015895953757226
32.0,1.0,21.0,0.3,0.1,0.8,4.0,5158.0,177.0,68.0,0.17254749903063202
32.0,1.0,22.0,0.3,0.1,0.8,4.0,4945.0,198.0,69.0,0.17411526794742163
32.0,1.0,23.0,0.3,0.1,0.8,4.0,4809.0,229.0,80.0,0.17633603659804534
32.0,1.0,24.0,0.3,0.1,0.8,4.0,4547.0,239.0,93.0,0.1796789091708819
32.0,1.0,25.0,0.3,0.1,0.8,4.0,4364.0,245.0,106.0,0.1807974335472044
32.0,1.0,26.0,0.3,0.1,0.8,4.0,4166.0,269.0,101.0,0.18170907345175227
32.0,1.0,27.0,0.3,0.1,0.8,4.0,3982.0,297.0,123.0,0.1850828729281768
32.0,1.0,28.0,0.3,0.1,0.8,4.0,3876.0,325.0,134.0,0.184984520123839
32.0,1.0,29.0,0.3,0.1,0.8,4.0,3587.0,262.0,124.0,0.1906885977139671
32.0,1.0,30.0,0.3,0.1,0.8,4.0,3426.0,268.0,121.0,0.19439579684763572
32.0,1.0,31.0,0.3,0.1,0.8,4.0,3287.0,267.0,122.0,0.19896562214785518
32.0,1.0,32.0,0.3,0.1,0.8,4.0,3139.0,275.0,123.0,0.2010194329404269
32.0,1.0,33.0,0.3,0.1,0.8,4.0,2986.0,272.0,117.0,0.20596115204286672
32.0,1.0,34.0,0.3,0.1,0.8,4.0,2896.0,264.0,135.0,0.20959944751381215
32.0,1.0,35.0,0.3,0.1,0.8,4.0,2773.0,249.0,119.0,0.2124053371799495
32.0,1.0,36.0,0.3,0.1,0.8,4.0,2665.0,259.0,133.0,0.21350844277673545
32.0,1.0,37.0,0.3,0.1,0.8,4.0,2503.0,234.0,116.0,0.22253296044746304
32.0,1.0,38.0,0.3,0.1,0.8,4.0,2422.0,236.0,112.0,0.22419488026424442
32.0,1.0,39.0,0.3,0.1,0.8,4.0,2307.0,227.0,106.0,0.23276983094928477
32.0,1.0,40.0,0.3,0.1,0.8,4.0,2230.0,213.0,100.0,0.23497757847533632
32.0,1.0,41.0,0.3,0.1,0.8,4.0,2158.0,212.0,102.0,0.24559777571825764
32.0,1.0,42.0,0.3,0.1,0.8,4.0,2087.0,207.0,98.0,0.24724484906564448
32.0,1.0,43.0,0.3,0.1,0.8,4.0,2035.0,196.0,105.0,0.25405405405405407
32.0,1.0,44.0,0.3,0.1,0.8,4.0,1967.0,182.0,98.0,0.253685815963396
32.0,1.0,45.0,0.3,0.1,0.8,4.0,1854.0,173.0,94.0,0.42340884573894283
32.0,1.0,46.0,0.3,0.1,0.8,4.0,1790.0,145.0,82.0,0.43072625698324024
32.0,1.0,47.0,0.3,0.1,0.8,4.0,1720.0,126.0,68.0,0.43372093023255814
32.0,1.0,48.0,0.3,0.1,0.8,4.0,1659.0,101.0,54.0,0.4412296564195298
32.0,1.0,49.0,0.3,0.1,0.8,4.0,1590.0,86.0,46.0,0.44842767295597485
32.0,1.0,50.0,0.3,0.1,0.8,4.0,1563.0,91.0,47.0,0.4504158669225848
32.0,1.0,51.0,0.3,0.1,0.8,4.0,1532.0,82.0,45.0,0.4536553524804178
32.0,1.0,52.0,0.3,0.1,0.8,4.0,1506.0,75.0,38.0,0.45683930942895085
32.0,2.0,1.0,0.3,0.1,0.8,4.0,1485.0,66.0,40.0,0.4632996632996633
32.0,2.0,2.0,0.3,0.1,0.8,4.0,1458.0,67.0,39.0,0.4670781893004115
32.0,2.0,3.0,0.3,0.1,0.8,4.0,1438.0,65.0,35.0,0.4721835883171071
32.0,2.0,4.0,0.3,0.1,0.8,4.0,1415.0,68.0,28.0,0.4756183745583039
32.0,2.0,5.0,0.3,0.1,0.8,4.0,1388.0,64.0,27.0,0.47910662824207495
32.0,2.0,6.0,0.3,0.1,0.8,4.0,1372.0,61.0,32.0,0.48104956268221577
32.0,2.0,7.0,0.3,0.1,0.8,4.0,1357.0,60.0,36.0,0.4863669859985262
32.0,2.0,8.0,0.3,0.1,0.8,4.0,1328.0,51.0,32.0,0.49096385542168675
32.0,2.0,9.0,0.3,0.1,0.8,4.0,1299.0,46.0,25.0,0.4996150885296382
32.0,2.0,10.0,0.3,0.1,0.8,4.0,1285.0,37.0,22.0,0.5035019455252918
32.0,2.0,11.0,0.3,0.1,0.8,4.0,1274.0,35.0,21.0,0.5078492935635793
32.0,2.0,12.0,0.3,0.1,0.8,4.0,1258.0,28.0,17.0,0.5111287758346582
32.0,2.0,13.0,0.3,0.1,0.8,4.0,1242.0,25.0,16.0,0.5152979066022544
32.0,2.0,14.0,0.3,0.1,0.8,4.0,1211.0,26.0,13.0,0.5161023947151114
32.0,2.0,15.0,0.3,0.1,0.8,4.0,1183.0,23.0,10.0,0.514792899408284
32.0,2.0,16.0,0.3,0.1,0.8,4.0,1170.0,23.0,10.0,0.5170940170940171
32.0,2.0,17.0,0.3,0.1,0.8,4.0,1159.0,22.0,10.0,0.5176876617773943
32.0,2.0,18.0,0.3,0.1,0.8,4.0,1144.0,20.0,10.0,0.5192307692307693
32.0,2.0,19.0,0.3,0.1,0.8,4.0,1140.0,21.0,8.0,0.5184210526315789
32.0,2.0,20.0,0.3,0.1,0.8,4.0,2067.0,20.0,7.0,0.28156748911465895
32.0,2.0,21.0,0.3,0.1,0.8,4.0,1971.0,23.0,9.0,0.2815829528158295
32.0,2.0,22.0,0.3,0.1,0.8,4.0,1935.0,23.0,11.0,0.28578811369509044
32.0,2.0,23.0,0.3,0.1,0.8,4.0,1835.0,22.0,12.0,0.2893732970027248
32.0,2.0,24.0,0.3,0.1,0.8,4.0,1811.0,30.0,10.0,0.2943125345113197
32.0,2.0,25.0,0.3,0.1,0.8,4.0,1743.0,28.0,9.0,0.2983362019506598
32.0,2.0,26.0,0.3,0.1,0.8,4.0,1711.0,29.0,10.0,0.30040911747516075
32.0,2.0,27.0,0.3,0.1,0.8,4.0,1698.0,29.0,17.0,0.30153121319199055
32.0,2.0,28.0,0.3,0.1,0.8,4.0,1666.0,25.0,17.0,0.30012004801920766
32.0,2.0,29.0,0.3,0.1,0.8,4.0,1597.0,20.0,13.0,0.3036944270507201
32.0,2.0,30.0,0.3,0.1,0.8,4.0,1561.0,16.0,7.0,0.3068545803971813
32.0,2.0,31.0,0.3,0.1,0.8,4.0,1489.0,16.0,4.0,0.30960376091336467
32.0,2.0,32.0,0.3,0.1,0.8,4.0,1467.0,17.0,3.0,0.3101567825494206
32.0,2.0,33.0,0.3,0.1,0.8,4.0,1420.0,19.0,9.0,0.3147887323943662
32.0,2.0,34.0,0.3,0.1,0.8,4.0,1399.0,18.0,11.0,0.31451036454610437
32.0,2.0,35.0,0.3,0.1,0.8,4.0,1350.0,19.0,11.0,0.31851851851851853
32.0,2.0,36.0,0.3,0.1,0.8,4.0,1339.0,18.0,7.0,0.32038834951456313
32.0,2.0,37.0,0.3,0.1,0.8,4.0,1280.0,17.0,7.0,0.325
32.0,2.0,38.0,0.3,0.1,0.8,4.0,1263.0,18.0,9.0,0.32304038004750596
32.0,2.0,39.0,0.3,0.1,0.8,4.0,1234.0,15.0,6.0,0.32982171799027554
32.0,2.0,40.0,0.3,0.1,0.8,4.0,1223.0,13.0,5.0,0.330335241210139
32.0,2.0,41.0,0.3,0.1,0.8,4.0,1203.0,10.0,4.0,0.33083956774729845
32.0,2.0,42.0,0.3,0.1,0.8,4.0,1196.0,11.0,7.0,0.3311036789297659
32.0,2.0,43.0,0.3,0.1,0.8,4.0,1166.0,9.0,5.0,0.33361921097770153
32.0,2.0,44.0,0.3,0.1,0.8,4.0,1141.0,8.0,5.0,0.33304119193689746
32.0,2.0,45.0,0.3,0.1,0.8,4.0,1083.0,6.0,3.0,0.481994459833795
32.0,2.0,46.0,0.3,0.1,0.8,4.0,1090.0,7.0,4.0,0.4798165137614679
32.0,2.0,47.0,0.3,0.1,0.8,4.0,1064.0,7.0,2.0,0.4783834586466165
32.0,2.0,48.0,0.3,0.1,0.8,4.0,1046.0,6.0,1.0,0.47992351816443596
32.0,2.0,49.0,0.3,0.1,0.8,4.0,1023.0,5.0,1.0,0.48289345063538613
32.0,2.0,50.0,0.3,0.1,0.8,4.0,1019.0,7.0,2.0,0.47988223748773307
32.0,2.0,51.0,0.3,0.1,0.8,4.0,991.0,7.0,2.0,0.4803229061553986
32.0,2.0,52.0,0.3,0.1,0.8,4.0,989.0,8.0,4.0,0.4782608695652174
32.0,3.0,1.0,0.3,0.1,0.8,4.0,980.0,8.0,3.0,0.4775510204081633
32.0,3.0,2.0,0.3,0.1,0.8,4.0,965.0,10.0,4.0,0.47979274611398964
32.0,3.0,3.0,0.3,0.1,0.8,4.0,949.0,7.0,4.0,0.48050579557428874
32.0,3.0,4.0,0.3,0.1,0.8,4.0,938.0,7.0,5.0,0.47654584221748403
32.0,3.0,5.0,0.3,0.1,0.8,4.0,934.0,7.0,5.0,0.47644539614561027
32.0,3.0,6.0,0.3,0.1,0.8,4.0,931.0,5.0,2.0,0.4747583243823845
32.0,3.0,7.0,0.3,0.1,0.8,4.0,927.0,4.0,3.0,0.47572815533980584
32.0,3.0,8.0,0.3,0.1,0.8,4.0,914.0,3.0,2.0,0.4759299781181619
32.0,3.0,9.0,0.3,0.1,0.8,4.0,911.0,5.0,3.0,0.4774972557628979
32.0,3.0,10.0,0.3,0.1,0.8,4.0,899.0,3.0,1.0,0.4760845383759733
32.0,3.0,11.0,0.3,0.1,0.8,4.0,892.0,3.0,2.0,0.4742152466367713
32.0,3.0,12.0,0.3,0.1,0.8,4.0,882.0,4.0,2.0,0.47732426303854875
32.0,3.0,13.0,0.3,0.1,0.8,4.0,868.0,5.0,2.0,0.4792626728110599
32.0,3.0,14.0,0.3,0.1,0.8,4.0,856.0,4.0,2.0,0.4766355140186916
32.0,3.0,15.0,0.3,0.1,0.8,4.0,847.0,3.0,1.0,0.4769775678866588
32.0,3.0,16.0,0.3,0.1,0.8,4.0,832.0,3.0,1.0,0.47836538461538464
32.0,3.0,17.0,0.3,0.1,0.8,4.0,827.0,4.0,2.0,0.47642079806529625
32.0,3.0,18.0,0.3,0.1,0.8,4.0,822.0,4.0,2.0,0.4781021897810219
32.0,3.0,19.0,0.3,0.1,0.8,4.0,822.0,4.0,2.0,0.4781021897810219
32.0,3.0,20.0,0.3,0.1,0.8,4.0,1455.0,3.0,0.0,0.2646048109965636
32.0,3.0,21.0,0.3,0.1,0.8,4.0,1446.0,3.0,2.0,0.2621023513139696
32.0,3.0,22.0,0.3,0.1,0.8,4.0,1384.0,2.0,2.0,0.2651734104046243
32.0,3.0,23.0,0.3,0.1,0.8,4.0,1369.0,3.0,2.0,0.2658875091307524
32.0,3.0,24.0,0.3,0.1,0.8,4.0,1364.0,3.0,1.0,0.2661290322580645
32.0,3.0,25.0,0.3,0.1,0.8,4.0,1313.0,2.0,0.0,0.26656511805026656
32.0,3.0,26.0,0.3,0.1,0.8,4.0,1293.0,2.0,1.0,0.2660479505027069
32.0,3.0,27.0,0.3,0.1,0.8,4.0,1264.0,2.0,1.0,0.26819620253164556
32.0,3.0,28.0,0.3,0.1,0.8,4.0,1216.0,4.0,1.0,0.27055921052631576
32.0,3.0,29.0,0.3,0.1,0.8,4.0,1196.0,3.0,1.0,0.2725752508361204
32.0,3.0,30.0,0.3,0.1,0.8,4.0,1183.0,3.0,1.0,0.27218934911242604
32.0,3.0,31.0,0.3,0.1,0.8,4.0,1147.0,4.0,1.0,0.27550130775937226
32.0,3.0,32.0,0.3,0.1,0.8,4.0,1149.0,4.0,1.0,0.2741514360313316
32.0,3.0,33.0,0.3,0.1,0.8,4.0,1140.0,4.0,2.0,0.27631578947368424
32.0,3.0,34.0,0.3,0.1,0.8,4.0,1136.0,4.0,3.0,0.272887323943662
32.0,3.0,35.0,0.3,0.1,0.8,4.0,1128.0,3.0,2.0,0.274822695035461
32.0,3.0,36.0,0.3,0.1,0.8,4.0,1109.0,2.0,1.0,0.27412082957619477
32.0,3.0,37.0,0.3,0.1,0.8,4.0,1105.0,2.0,1.0,0.27692307692307694
32.0,3.0,38.0,0.3,0.1,0.8,4.0,1081.0,3.0,1.0,0.27474560592044406
32.0,3.0,39.0,0.3,0.1,0.8,4.0,1079.0,3.0,1.0,0.2761816496756256
32.0,3.0,40.0,0.3,0.1,0.8,4.0,1062.0,3.0,2.0,0.275894538606403
32.0,3.0,41.0,0.3,0.1,0.8,4.0,1051.0,4.0,2.0,0.2768791627021884
32.0,3.0,42.0,0.3,0.1,0.8,4.0,1020.0,6.0,3.0,0.27450980392156865
32.0,3.0,43.0,0.3,0.1,0.8,4.0,1029.0,4.0,3.0,0.2759961127308066
32.0,3.0,44.0,0.3,0.1,0.8,4.0,1002.0,6.0,3.0,0.2714570858283433
32.0,3.0,45.0,0.3,0.1,0.8,4.0,1004.0,5.0,2.0,0.40537848605577687
32.0,3.0,46.0,0.3,0.1,0.8,4.0,981.0,4.0,1.0,0.4077471967380224
32.0,3.0,47.0,0.3,0.1,0.8,4.0,971.0,6.0,3.0,0.411946446961895
32.0,3.0,48.0,0.3,0.1,0.8,4.0,936.0,7.0,2.0,0.41025641025641024
32.0,3.0,49.0,0.3,0.1,0.8,4.0,938.0,7.0,2.0,0.4072494669509595
32.0,3.0,50.0,0.3,0.1,0.8,4.0,925.0,5.0,0.0,0.40756756756756757
32.0,3.0,51.0,0.3,0.1,0.8,4.0,931.0,5.0,2.0,0.4070891514500537
32.0,3.0,52.0,0.3,0.1,0.8,4.0,903.0,5.0,4.0,0.4053156146179402
32.0,4.0,1.0,0.3,0.1,0.8,4.0,908.0,7.0,4.0,0.4041850220264317
32.0,4.0,2.0,0.3,0.1,0.8,4.0,876.0,5.0,4.0,0.408675799086758
32.0,4.0,3.0,0.3,0.1,0.8,4.0,878.0,4.0,2.0,0.41116173120728927
32.0,4.0,4.0,0.3,0.1,0.8,4.0,848.0,4.0,2.0,0.41037735849056606
32.0,4.0,5.0,0.3,0.1,0.8,4.0,852.0,3.0,0.0,0.4107981220657277
32.0,4.0,6.0,0.3,0.1,0.8,4.0,835.0,3.0,1.0,0.41077844311377243
32.0,4.0,7.0,0.3,0.1,0.8,4.0,845.0,3.0,2.0,0.41301775147928993
32.0,4.0,8.0,0.3,0.1,0.8,4.0,831.0,3.0,3.0,0.41155234657039713
32.0,4.0,9.0,0.3,0.1,0.8,4.0,821.0,2.0,2.0,0.41291108404384896
32.0,4.0,10.0,0.3,0.1,0.8,4.0,804.0,1.0,1.0,0.40671641791044777
32.0,4.0,11.0,0.3,0.1,0.8,4.0,809.0,0.0,0.0,0.41285537700865266
32.0,4.0,12.0,0.3,0.1,0.8,4.0,779.0,0.0,0.0,0.40949935815147626
32.0,4.0,13.0,0.3,0.1,0.8,4.0,780.0,0.0,0.0,0.4166666666666667
32.0,4.0,14.0,0.3,0.1,0.8,4.0,764.0,0.0,0.0,0.4162303664921466
32.0,4.0,15.0,0.3,0.1,0.8,4.0,763.0,0.0,0.0,0.42201834862385323
32.0,4.0,16.0,0.3,0.1,0.8,4.0,740.0,0.0,0.0,0.42162162162162165
32.0,4.0,17.0,0.3,0.1,0.8,4.0,744.0,0.0,0.0,0.42338709677419356
32.0,4.0,18.0,0.3,0.1,0.8,4.0,734.0,0.0,0.0,0.4196185286103542
32.0,4.0,19.0,0.3,0.1,0.8,4.0,734.0,0.0,0.0,0.4223433242506812
32.0,4.0,20.0,0.3,0.1,0.8,4.0,1308.0,0.0,0.0,0.231651376146789
32.0,4.0,21.0,0.3,0.1,0.8,4.0,1292.0,0.0,0.0,0.23684210526315788
32.0,4.0,22.0,0.3,0.1,0.8,4.0,1289.0,0.0,0.0,0.2335143522110163
32.0,4.0,23.0,0.3,0.1,0.8,4.0,1260.0,0.0,0.0,0.23809523809523808
32.0,4.0,24.0,0.3,0.1,0.8,4.0,1197.0,0.0,0.0,0.24227234753550542
32.0,4.0,25.0,0.3,0.1,0.8,4.0,1218.0,0.0,0.0,0.24220032840722497
32.0,4.0,26.0,0.3,0.1,0.8,4.0,1169.0,0.0,0.0,0.24294268605645852
32.0,4.0,27.0,0.3,0.1,0.8,4.0,1178.0,0.0,0.0,0.2461799660441426
32.0,4.0,28.0,0.3,0.1,0.8,4.0,1120.0,0.0,0.0,0.24642857142857144
32.0,4.0,29.0,0.3,0.1,0.8,4.0,1148.0,0.0,0.0,0.2465156794425087
32.0,4.0,30.0,0.3,0.1,0.8,4.0,1073.0,0.0,0.0,0.2451071761416589
32.0,4.0,31.0,0.3,0.1,0.8,4.0,1089.0,0.0,0.0,0.24426078971533516
32.0,4.0,32.0,0.3,0.1,0.8,4.0,1041.0,0.0,0.0,0.24591738712776176
32.0,4.0,33.0,0.3,0.1,0.8,4.0,1049.0,0.0,0.0,0.2449952335557674
32.0,4.0,34.0,0.3,0.1,0.8,4.0,1014.0,0.0,0.0,0.2465483234714004
32.0,4.0,35.0,0.3,0.1,0.8,4.0,1006.0,0.0,0.0,0.24453280318091453
32.0,4.0,36.0,0.3,0.1,0.8,4.0,989.0,0.0,0.0,0.24772497472194135
32.0,4.0,37.0,0.3,0.1,0.8,4.0,997.0,0.0,0.0,0.24473420260782347
32.0,4.0,38.0,0.3,0.1,0.8,4.0,966.0,0.0,0.0,0.2494824016563147
32.0,4.0,39.0,0.3,0.1,0.8,4.0,966.0,0.0,0.0,0.2453416149068323
32.0,4.0,40.0,0.3,0.1,0.8,4.0,938.0,0.0,0.0,0.24946695095948826
32.0,4.0,41.0,0.3,0.1,0.8,4.0,923.0,0.0,0.0,0.24593716143011918
32.0,4.0,42.0,0.3,0.1,0.8,4.0,879.0,0.0,0.0,0.25483503981797495
32.0,4.0,43.0,0.3,0.1,0.8,4.0,888.0,0.0,0.0,0.25
32.0,4.0,44.0,0.3,0.1,0.8,4.0,866.0,0.0,0.0,0.25519630484988454
32.0,4.0,45.0,0.3,0.1,0.8,4.0,884.0,0.0,0.0,0.4253393665158371
32.0,4.0,46.0,0.3,0.1,0.8,4.0,846.0,0.0,0.0,0.4314420803782506
32.0,4.0,47.0,0.3,0.1,0.8,4.0,845.0,0.0,0.0,0.4272189349112426
32.0,4.0,48.0,0.3,0.1,0.8,4.0,819.0,0.0,0.0,0.4297924297924298
32.0,4.0,49.0,0.3,0.1,0.8,4.0,822.0,0.0,0.0,0.4282238442822384
32.0,4.0,50.0,0.3,0.1,0.8,4.0,809.0,0.0,0.0,0.43139678615574784
32.0,4.0,51.0,0.3,0.1,0.8,4.0,810.0,0.0,0.0,0.4308641975308642
32.0,4.0,52.0,0.3,0.1,0.8,4.0,799.0,0.0,0.0,0.43429286608260326
32.0,5.0,1.0,0.3,0.1,0.8,4.0,803.0,0.0,0.0,0.43337484433374845
32.0,5.0,2.0,0.3,0.1,0.8,4.0,795.0,0.0,0.0,0.4339622641509434
32.0,5.0,3.0,0.3,0.1,0.8,4.0,796.0,0.0,0.0,0.4334170854271357
32.0,5.0,4.0,0.3,0.1,0.8,4.0,761.0,0.0,0.0,0.4336399474375821
32.0,5.0,5.0,0.3,0.1,0.8,4.0,766.0,0.0,0.0,0.4308093994778068
32.0,5.0,6.0,0.3,0.1,0.8,4.0,751.0,0.0,0.0,0.43275632490013316
32.0,5.0,7.0,0.3,0.1,0.8,4.0,757.0,0.0,0.0,0.42932628797886396
32.0,5.0,8.0,0.3,0.1,0.8,4.0,744.0,0.0,0.0,0.4314516129032258
32.0,5.0,9.0,0.3,0.1,0.8,4.0,755.0,0.0,0.0,0.433112582781457
32.0,5.0,10.0,0.3,0.1,0.8,4.0,738.0,0.0,0.0,0.43360433604336046
32.0,5.0,11.0,0.3,0.1,0.8,4.0,735.0,0.0,0.0,0.42993197278911566
32.0,5.0,12.0,0.3,0.1,0.8,4.0,722.0,0.0,0.0,0.43213296398891965
32.0,5.0,13.0,0.3,0.1,0.8,4.0,729.0,0.0,0.0,0.43209876543209874
32.0,5.0,14.0,0.3,0.1,0.8,4.0,698.0,0.0,0.0,0.43123209169054444
32.0,5.0,15.0,0.3,0.1,0.8,4.0,702.0,0.0,0.0,0.43162393162393164
32.0,5.0,16.0,0.3,0.1,0.8,4.0,691.0,0.0,0.0,0.4356005788712012
32.0,5.0,17.0,0.3,0.1,0.8,4.0,698.0,0.0,0.0,0.4340974212034384
32.0,5.0,18.0,0.3,0.1,0.8,4.0,691.0,0.0,0.0,0.4356005788712012
32.0,5.0,19.0,0.3,0.1,0.8,4.0,692.0,0.0,0.0,0.430635838150289
32.0,5.0,20.0,0.3,0.1,0.8,4.0,1243.0,0.0,0.0,0.23893805309734514
32.0,5.0,21.0,0.3,0.1,0.8,4.0,1256.0,0.0,0.0,0.23328025477707007
32.0,5.0,22.0,0.3,0.1,0.8,4.0,1219.0,0.0,0.0,0.23789991796554552
32.0,5.0,23.0,0.3,0.1,0.8,4.0,1230.0,0.0,0.0,0.23333333333333334
32.0,5.0,24.0,0.3,0.1,0.8,4.0,1192.0,0.0,0.0,0.23741610738255034
32.0,5.0,25.0,0.3,0.1,0.8,4.0,1208.0,0.0,0.0,0.23758278145695363
32.0,5.0,26.0,0.3,0.1,0.8,4.0,1138.0,0.0,0.0,0.24077328646748683
32.0,5.0,27.0,0.3,0.1,0.8,4.0,1146.0,0.0,0.0,0.23909249563699825
32.0,5.0,28.0,0.3,0.1,0.8,4.0,1101.0,0.0,0.0,0.23978201634877383
32.0,5.0,29.0,0.3,0.1,0.8,4.0,1091.0,0.0,0.0,0.2373968835930339
32.0,5.0,30.0,0.3,0.1,0.8,4.0,1085.0,0.0,0.0,0.2368663594470046
32.0,5.0,31.0,0.3,0.1,0.8,4.0,1088.0,0.0,0.0,0.23621323529411764
32.0,5.0,32.0,0.3,0.1,0.8,4.0,1060.0,0.0,0.0,0.2349056603773585
32.0,5.0,33.0,0.3,0.1,0.8,4.0,1054.0,0.0,0.0,0.23529411764705882
32.0,5.0,34.0,0.3,0.1,0.8,4.0,1000.0,0.0,0.0,0.239
32.0,5.0,35.0,0.3,0.1,0.8,4.0,968.0,0.0,0.0,0.24380165289256198
32.0,5.0,36.0,0.3,0.1,0.8,4.0,954.0,0.0,0.0,0.24633123689727462
32.0,5.0,37.0,0.3,0.1,0.8,4.0,952.0,0.0,0.0,0.2415966386554622
32.0,5.0,38.0,0.3,0.1,0.8,4.0,936.0,0.0,0.0,0.24572649572649571
32.0,5.0,39.0,0.3,0.1,0.8,4.0,912.0,0.0,0.0,0.24890350877192982
32.0,5.0,40.0,0.3,0.1,0.8,4.0,895.0,0.0,0.0,0.24692737430167597
32.0,5.0,41.0,0.3,0.1,0.8,4.0,893.0,0.0,0.0,0.24636058230683092
32.0,5.0,42.0,0.3,0.1,0.8,4.0,849.0,0.0,0.0,0.24734982332155478
32.0,5.0,43.0,0.3,0.1,0.8,4.0,837.0,0.0,0.0,0.25089605734767023
32.0,5.0,44.0,0.3,0.1,0.8,4.0,822.0,0.0,0.0,0.24695863746958638
32.0,5.0,45.0,0.3,0.1,0.8,4.0,818.0,0.0,0.0,0.41687041564792177
32.0,5.0,46.0,0.3,0.1,0.8,4.0,817.0,0.0,0.0,0.41615667074663404
32.0,5.0,47.0,0.3,0.1,0.8,4.0,794.0,0.0,0.0,0.41309823677581864
32.0,5.0,48.0,0.3,0.1,0.8,4.0,794.0,0.0,0.0,0.4105793450881612
32.0,5.0,49.0,0.3,0.1,0.8,4.0,778.0,0.0,0.0,0.41516709511568123
32.0,5.0,50.0,0.3,0.1,0.8,4.0,783.0,0.0,0.0,0.4112388250319285
32.0,5.0,51.0,0.3,0.1,0.8,4.0,768.0,0.0,0.0,0.4114583333333333
32.0,5.0,52.0,0.3,0.1,0.8,4.0,769.0,0.0,0.0,0.41222366710013003
32.0,6.0,1.0,0.3,0.1,0.8,4.0,765.0,0.0,0.0,0.4130718954248366
32.0,6.0,2.0,0.3,0.1,0.8,4.0,764.0,0.0,0.0,0.412303664921466
32.0,6.0,3.0,0.3,0.1,0.8,4.0,761.0,0.0,0.0,0.4126149802890933
32.0,6.0,4.0,0.3,0.1,0.8,4.0,759.0,0.0,0.0,0.40974967061923584
32.0,6.0,5.0,0.3,0.1,0.8,4.0,755.0,0.0,0.0,0.4119205298013245
32.0,6.0,6.0,0.3,0.1,0.8,4.0,752.0,0.0,0.0,0.4095744680851064
32.0,6.0,7.0,0.3,0.1,0.8,4.0,750.0,0.0,0.0,0.412
32.0,6.0,8.0,0.3,0.1,0.8,4.0,743.0,0.0,0.0,0.40915208613728127
32.0,6.0,9.0,0.3,0.1,0.8,4.0,737.0,0.0,0.0,0.4097693351424695
32.0,6.0,10.0,0.3,0.1,0.8,4.0,738.0,0.0,0.0,0.41192411924119243
32.0,6.0,11.0,0.3,0.1,0.8,4.0,731.0,0.0,0.0,0.4117647058823529
32.0,6.0,12.0,0.3,0.1,0.8,4.0,724.0,0.0,0.0,0.4129834254143646
32.0,6.0,13.0,0.3,0.1,0.8,4.0,719.0,0.0,0.0,0.41307371349095967
32.0,6.0,14.0,0.3,0.1,0.8,4.0,711.0,0.0,0.0,0.41631504922644164
32.0,6.0,15.0,0.3,0.1,0.8,4.0,682.0,0.0,0.0,0.41935483870967744
32.0,6.0,16.0,0.3,0.1,0.8,4.0,678.0,0.0,0.0,0.42035398230088494
32.0,6.0,17.0,0.3,0.1,0.8,4.0,680.0,0.0,0.0,0.42058823529411765
32.0,6.0,18.0,0.3,0.1,0.8,4.0,678.0,0.0,0.0,0.4174041297935103
32.0,6.0,19.0,0.3,0.1,0.8,4.0,678.0,0.0,0.0,0.41887905604719766
32.0,6.0,20.0,0.3,0.1,0.8,4.0,1167.0,0.0,0.0,0.24250214224507283
32.0,6.0,21.0,0.3,0.1,0.8,4.0,1142.0,0.0,0.0,0.2434325744308231
32.0,6.0,22.0,0.3,0.1,0.8,4.0,1067.0,0.0,0.0,0.24835988753514526
32.0,6.0,23.0,0.3,0.1,0.8,4.0,1033.0,0.0,0.0,0.25072604065827686
32.0,6.0,24.0,0.3,0.1,0.8,4.0,1010.0,0.0,0.0,0.2524752475247525
32.0,6.0,25.0,0.3,0.1,0.8,4.0,996.0,0.0,0.0,0.2520080321285141
32.0,6.0,26.0,0.3,0.1,0.8,4.0,994.0,0.0,0.0,0.25251509054325955
32.0,6.0,27.0,0.3,0.1,0.8,4.0,972.0,0.0,0.0,0.2551440329218107
32.0,6.0,28.0,0.3,0.1,0.8,4.0,922.0,0.0,0.0,0.25704989154013014
32.0,6.0,29.0,0.3,0.1,0.8,4.0,915.0,0.0,0.0,0.26010928961748636
32.0,6.0,30.0,0.3,0.1,0.8,4.0,894.0,0.0,0.0,0.2606263982102908
32.0,6.0,31.0,0.3,0.1,0.8,4.0,895.0,0.0,0.0,0.26033519553072626
32.0,6.0,32.0,0.3,0.1,0.8,4.0,872.0,0.0,0.0,0.26376146788990823
32.0,6.0,33.0,0.3,0.1,0.8,4.0,878.0,0.0,0.0,0.2630979498861048
32.0,6.0,34.0,0.3,0.1,0.8,4.0,858.0,0.0,0.0,0.2634032634032634
32.0,6.0,35.0,0.3,0.1,0.8,4.0,864.0,0.0,0.0,0.2638888888888889
32.0,6.0,36.0,0.3,0.1,0.8,4.0,859.0,0.0,0.0,0.2630966239813737
32.0,6.0,37.0,0.3,0.1,0.8,4.0,862.0,0.0,0.0,0.26450116009280744
32.0,6.0,38.0,0.3,0.1,0.8,4.0,854.0,0.0,0.0,0.26229508196721313
32.0,6.0,39.0,0.3,0.1,0.8,4.0,857.0,0.0,0.0,0.2637106184364061
32.0,6.0,40.0,0.3,0.1,0.8,4.0,823.0,0.0,0.0,0.2624544349939247
32.0,6.0,41.0,0.3,0.1,0.8,4.0,814.0,0.0,0.0,0.2628992628992629
32.0,6.0,42.0,0.3,0.1,0.8,4.0,807.0,0.0,0.0,0.26270136307311026
32.0,6.0,43.0,0.3,0.1,0.8,4.0,806.0,0.0,0.0,0.2642679900744417
32.0,6.0,44.0,0.3,0.1,0.8,4.0,790.0,0.0,0.0,0.2645569620253165
32.0,6.0,45.0,0.3,0.1,0.8,4.0,783.0,0.0,0.0,0.4099616858237548
32.0,6.0,46.0,0.3,0.1,0.8,4.0,778.0,0.0,0.0,0.4074550128534704
32.0,6.0,47.0,0.3,0.1,0.8,4.0,783.0,0.0,0.0,0.4099616858237548
32.0,6.0,48.0,0.3,0.1,0.8,4.0,775.0,0.0,0.0,0.40516129032258064
32.0,6.0,49.0,0.3,0.1,0.8,4.0,780.0,0.0,0.0,0.4076923076923077
32.0,6.0,50.0,0.3,0.1,0.8,4.0,775.0,0.0,0.0,0.40516129032258064
32.0,6.0,51.0,0.3,0.1,0.8,4.0,783.0,0.0,0.0,0.4086845466155811
32.0,6.0,52.0,0.3,0.1,0.8,4.0,761.0,0.0,0.0,0.40867279894875164
32.0,7.0,1.0,0.3,0.1,0.8,4.0,766.0,0.0,0.0,0.4112271540469974
32.0,7.0,2.0,0.3,0.1,0.8,4.0,755.0,0.0,0.0,0.4066225165562914
32.0,7.0,3.0,0.3,0.1,0.8,4.0,750.0,0.0,0.0,0.412
32.0,7.0,4.0,0.3,0.1,0.8,4.0,748.0,0.0,0.0,0.4077540106951872
32.0,7.0,5.0,0.3,0.1,0.8,4.0,733.0,0.0,0.0,0.41336971350613916
32.0,7.0,6.0,0.3,0.1,0.8,4.0,731.0,0.0,0.0,0.40902872777017785
32.0,7.0,7.0,0.3,0.1,0.8,4.0,731.0,0.0,0.0,0.4131326949384405
32.0,7.0,8.0,0.3,0.1,0.8,4.0,727.0,0.0,0.0,0.41127922971114167
32.0,7.0,9.0,0.3,0.1,0.8,4.0,727.0,0.0,0.0,0.4154057771664374
32.0,7.0,10.0,0.3,0.1,0.8,4.0,724.0,0.0,0.0,0.4116022099447514
32.0,7.0,11.0,0.3,0.1,0.8,4.0,724.0,0.0,0.0,0.4157458563535912
32.0,7.0,12.0,0.3,0.1,0.8,4.0,724.0,0.0,0.0,0.4116022099447514
32.0,7.0,13.0,0.3,0.1,0.8,4.0,720.0,0.0,0.0,0.4166666666666667
32.0,7.0,14.0,0.3,0.1,0.8,4.0,716.0,0.0,0.0,0.41480446927374304
32.0,7.0,15.0,0.3,0.1,0.8,4.0,712.0,0.0,0.0,0.4199438202247191
32.0,7.0,16.0,0.3,0.1,0.8,4.0,709.0,0.0,0.0,0.41748942172073344
32.0,7.0,17.0,0.3,0.1,0.8,4.0,710.0,0.0,0.0,0.4197183098591549
32.0,7.0,18.0,0.3,0.1,0.8,4.0,709.0,0.0,0.0,0.4217207334273625
32.0,7.0,19.0,0.3,0.1,0.8,4.0,707.0,0.0,0.0,0.4214992927864215
32.0,7.0,20.0,0.3,0.1,0.8,4.0,1265.0,0.0,0.0,0.2339920948616601
32.0,7.0,21.0,0.3,0.1,0.8,4.0,1223.0,0.0,0.0,0.23630417007358953
32.0,7.0,22.0,0.3,0.1,0.8,4.0,1190.0,0.0,0.0,0.23865546218487396
32.0,7.0,23.0,0.3,0.1,0.8,4.0,1167.0,0.0,0.0,0.2390745501285347
32.0,7.0,24.0,0.3,0.1,0.8,4.0,1166.0,0.0,0.0,0.241852487135506
32.0,7.0,25.0,0.3,0.1,0.8,4.0,1143.0,0.0,0.0,0.24234470691163604
32.0,7.0,26.0,0.3,0.1,0.8,4.0,1134.0,0.0,0.0,0.24514991181657847
32.0,7.0,27.0,0.3,0.1,0.8,4.0,1092.0,0.0,0.0,0.24725274725274726
32.0,7.0,28.0,0.3,0.1,0.8,4.0,1066.0,0.0,0.0,0.24390243902439024
32.0,7.0,29.0,0.3,0.1,0.8,4.0,1066.0,0.0,0.0,0.24202626641651032
32.0,7.0,30.0,0.3,0.1,0.8,4.0,1023.0,0.0,0.0,0.24437927663734116
32.0,7.0,31.0,0.3,0.1,0.8,4.0,1007.0,0.0,0.0,0.2442899702085402
32.0,7.0,32.0,0.3,0.1,0.8,4.0,1004.0,0.0,0.0,0.24402390438247012
32.0,7.0,33.0,0.3,0.1,0.8,4.0,984.0,0.0,0.0,0.24491869918699186
32.0,7.0,34.0,0.3,0.1,0.8,4.0,982.0,0.0,0.0,0.2454175152749491
32.0,7.0,35.0,0.3,0.1,0.8,4.0,965.0,0.0,0.0,0.24663212435233162
32.0,7.0,36.0,0.3,0.1,0.8,4.0,965.0,0.0,0.0,0.24352331606217617
32.0,7.0,37.0,0.3,0.1,0.8,4.0,955.0,0.0,0.0,0.2450261780104712
32.0,7.0,38.0,0.3,0.1,0.8,4.0,953.0,0.0,0.0,0.24344176285414482
32.0,7.0,39.0,0.3,0.1,0.8,4.0,927.0,0.0,0.0,0.2481121898597627
32.0,7.0,40.0,0.3,0.1,0.8,4.0,910.0,0.0,0.0,0.24725274725274726
32.0,7.0,41.0,0.3,0.1,0.8,4.0,911.0,0.0,0.0,0.2502744237102086
32.0,7.0,42.0,0.3,0.1,0.8,4.0,882.0,0.0,0.0,0.2494331065759637
32.0,7.0,43.0,0.3,0.1,0.8,4.0,877.0,0.0,0.0,0.2519954389965792
32.0,7.0,44.0,0.3,0.1,0.8,4.0,864.0,0.0,0.0,0.2511574074074074
32.0,7.0,45.0,0.3,0.1,0.8,4.0,866.0,0.0,0.0,0.418013856812933
32.0,7.0,46.0,0.3,0.1,0.8,4.0,863.0,0.0,0.0,0.4171494785631518
32.0,7.0,47.0,0.3,0.1,0.8,4.0,849.0,0.0,0.0,0.41813898704358066
32.0,7.0,48.0,0.3,0.1,0.8,4.0,845.0,0.0,0.0,0.41775147928994083
32.0,7.0,49.0,0.3,0.1,0.8,4.0,848.0,0.0,0.0,0.41745283018867924
32.0,7.0,50.0,0.3,0.1,0.8,4.0,844.0,0.0,0.0,0.41706161137440756
32.0,7.0,51.0,0.3,0.1,0.8,4.0,826.0,0.0,0.0,0.4213075060532688
32.0,7.0,52.0,0.3,0.1,0.8,4.0,819.0,0.0,0.0,0.4188034188034188
32.0,8.0,1.0,0.3,0.1,0.8,4.0,820.0,0.0,0.0,0.4195121951219512
32.0,8.0,2.0,0.3,0.1,0.8,4.0,816.0,0.0,0.0,0.42034313725490197
32.0,8.0,3.0,0.3,0.1,0.8,4.0,797.0,0.0,0.0,0.4178168130489335
32.0,8.0,4.0,0.3,0.1,0.8,4.0,791.0,0.0,0.0,0.4197218710493047
32.0,8.0,5.0,0.3,0.1,0.8,4.0,790.0,0.0,0.0,0.42025316455696204
32.0,8.0,6.0,0.3,0.1,0.8,4.0,786.0,0.0,0.0,0.4211195928753181
32.0,8.0,7.0,0.3,0.1,0.8,4.0,789.0,0.0,0.0,0.41951837769328265
32.0,8.0,8.0,0.3,0.1,0.8,4.0,782.0,0.0,0.0,0.4219948849104859
32.0,8.0,9.0,0.3,0.1,0.8,4.0,782.0,0.0,0.0,0.42327365728900257
32.0,8.0,10.0,0.3,0.1,0.8,4.0,774.0,0.0,0.0,0.42506459948320413
32.0,8.0,11.0,0.3,0.1,0.8,4.0,773.0,0.0,0.0,0.4243208279430789
32.0,8.0,12.0,0.3,0.1,0.8,4.0,756.0,0.0,0.0,0.4298941798941799
32.0,8.0,13.0,0.3,0.1,0.8,4.0,758.0,0.0,0.0,0.4287598944591029
32.0,8.0,14.0,0.3,0.1,0.8,4.0,750.0,0.0,0.0,0.43466666666666665
32.0,8.0,15.0,0.3,0.1,0.8,4.0,748.0,0.0,0.0,0.43315508021390375
32.0,8.0,16.0,0.3,0.1,0.8,4.0,736.0,0.0,0.0,0.43342391304347827
32.0,8.0,17.0,0.3,0.1,0.8,4.0,733.0,0.0,0.0,0.4311050477489768
32.0,8.0,18.0,0.3,0.1,0.8,4.0,708.0,0.0,0.0,0.442090395480226
32.0,8.0,19.0,0.3,0.1,0.8,4.0,711.0,0.0,0.0,0.44163150492264414
32.0,8.0,20.0,0.3,0.1,0.8,4.0,1276.0,0.0,0.0,0.24608150470219436
32.0,8.0,21.0,0.3,0.1,0.8,4.0,1242.0,0.0,0.0,0.2463768115942029
32.0,8.0,22.0,0.3,0.1,0.8,4.0,1182.0,0.0,0.0,0.2478849407783418
32.0,8.0,23.0,0.3,0.1,0.8,4.0,1149.0,0.0,0.0,0.25326370757180156
32.0,8.0,24.0,0.3,0.1,0.8,4.0,1060.0,0.0,0.0,0.25660377358490566
32.0,8.0,25.0,0.3,0.1,0.8,4.0,1054.0,0.0,0.0,0.25616698292220114
32.0,8.0,26.0,0.3,0.1,0.8,4.0,1029.0,0.0,0.0,0.2585034013605442
32.0,8.0,27.0,0.3,0.1,0.8,4.0,1005.0,0.0,0.0,0.25870646766169153
32.0,8.0,28.0,0.3,0.1,0.8,4.0,1004.0,0.0,0.0,0.2589641434262948
32.0,8.0,29.0,0.3,0.1,0.8,4.0,981.0,0.0,0.0,0.2609582059123344
32.0,8.0,30.0,0.3,0.1,0.8,4.0,977.0,0.0,0.0,0.2599795291709314
32.0,8.0,31.0,0.3,0.1,0.8,4.0,973.0,0.0,0.0,0.26104830421377184
32.0,8.0,32.0,0.3,0.1,0.8,4.0,964.0,0.0,0.0,0.26348547717842324
32.0,8.0,33.0,0.3,0.1,0.8,4.0,959.0,0.0,0.0,0.26277372262773724
32.0,8.0,34.0,0.3,0.1,0.8,4.0,936.0,0.0,0.0,0.2670940170940171
32.0,8.0,35.0,0.3,0.1,0.8,4.0,893.0,0.0,0.0,0.270996640537514
32.0,8.0,36.0,0.3,0.1,0.8,4.0,890.0,0.0,0.0,0.27191011235955054
32.0,8.0,37.0,0.3,0.1,0.8,4.0,892.0,0.0,0.0,0.2701793721973094
32.0,8.0,38.0,0.3,0.1,0.8,4.0,879.0,0.0,0.0,0.2696245733788396
32.0,8.0,39.0,0.3,0.1,0.8,4.0,882.0,0.0,0.0,0.26643990929705214
32.0,8.0,40.0,0.3,0.1,0.8,4.0,866.0,0.0,0.0,0.2690531177829099
32.0,8.0,41.0,0.3,0.1,0.8,4.0,862.0,0.0,0.0,0.2668213457076566
32.0,8.0,42.0,0.3,0.1,0.8,4.0,865.0,0.0,0.0,0.26936416184971096
32.0,8.0,43.0,0.3,0.1,0.8,4.0,863.0,0.0,0.0,0.26767091541135574
32.0,8.0,44.0,0.3,0.1,0.8,4.0,850.0,0.0,0.0,0.26941176470588235
32.0,8.0,45.0,0.3,0.1,0.8,4.0,851.0,0.0,0.0,0.40540540540540543
32.0,8.0,46.0,0.3,0.1,0.8,4.0,829.0,0.0,0.0,0.413751507840772
32.0,8.0,47.0,0.3,0.1,0.8,4.0,830.0,0.0,0.0,0.40963855421686746
32.0,8.0,48.0,0.3,0.1,0.8,4.0,793.0,0.0,0.0,0.416141235813367
32.0,8.0,49.0,0.3,0.1,0.8,4.0,781.0,0.0,0.0,0.4148527528809219
32.0,8.0,50.0,0.3,0.1,0.8,4.0,772.0,0.0,0.0,0.4183937823834197
32.0,8.0,51.0,0.3,0.1,0.8,4.0,774.0,0.0,0.0,0.4186046511627907
32.0,8.0,52.0,0.3,0.1,0.8,4.0,768.0,0.0,0.0,0.41796875
32.0,9.0,1.0,0.3,0.1,0.8,4.0,771.0,0.0,0.0,0.41893644617380027
32.0,9.0,2.0,0.3,0.1,0.8,4.0,771.0,0.0,0.0,0.41893644617380027
32.0,9.0,3.0,0.3,0.1,0.8,4.0,769.0,0.0,0.0,0.4187256176853056
32.0,9.0,4.0,0.3,0.1,0.8,4.0,769.0,0.0,0.0,0.42002600780234073
32.0,9.0,5.0,0.3,0.1,0.8,4.0,769.0,0.0,0.0,0.4174252275682705
32.0,9.0,6.0,0.3,0.1,0.8,4.0,767.0,0.0,0.0,0.4198174706649283
32.0,9.0,7.0,0.3,0.1,0.8,4.0,768.0,0.0,0.0,0.4192708333333333
32.0,9.0,8.0,0.3,0.1,0.8,4.0,750.0,0.0,0.0,0.4226666666666667
32.0,9.0,9.0,0.3,0.1,0.8,4.0,749.0,0.0,0.0,0.4232309746328438
32.0,9.0,10.0,0.3,0.1,0.8,4.0,741.0,0.0,0.0,0.42105263157894735
32.0,9.0,11.0,0.3,0.1,0.8,4.0,735.0,0.0,0.0,0.4231292517006803
32.0,9.0,12.0,0.3,0.1,0.8,4.0,737.0,0.0,0.0,0.4206241519674355
32.0,9.0,13.0,0.3,0.1,0.8,4.0,731.0,0.0,0.0,0.42270861833105333
32.0,9.0,14.0,0.3,0.1,0.8,4.0,727.0,0.0,0.0,0.4236588720770289
32.0,9.0,15.0,0.3,0.1,0.8,4.0,713.0,0.0,0.0,0.4277699859747546
32.0,9.0,16.0,0.3,0.1,0.8,4.0,713.0,0.0,0.0,0.42917251051893407
32.0,9.0,17.0,0.3,0.1,0.8,4.0,711.0,0.0,0.0,0.42756680731364277
32.0,9.0,18.0,0.3,0.1,0.8,4.0,708.0,0.0,0.0,0.4307909604519774
32.0,9.0,19.0,0.3,0.1,0.8,4.0,711.0,0.0,0.0,0.42756680731364277
32.0,9.0,20.0,0.3,0.1,0.8,4.0,1212.0,0.0,0.0,0.23927392739273928
32.0,9.0,21.0,0.3,0.1,0.8,4.0,1205.0,0.0,0.0,0.23734439834024895
32.0,9.0,22.0,0.3,0.1,0.8,4.0,1135.0,0.0,0.0,0.239647577092511
32.0,9.0,23.0,0.3,0.1,0.8,4.0,1104.0,0.0,0.0,0.2418478260869565
32.0,9.0,24.0,0.3,0.1,0.8,4.0,1061.0,0.0,0.0,0.2478793590951932
32.0,9.0,25.0,0.3,0.1,0.8,4.0,1060.0,0.0,0.0,0.24716981132075472
32.0,9.0,26.0,0.3,0.1,0.8,4.0,1036.0,0.0,0.0,0.2519305019305019
32.0,9.0,27.0,0.3,0.1,0.8,4.0,1031.0,0.0,0.0,0.25315227934044615
32.0,9.0,28.0,0.3,0.1,0.8,4.0,1036.0,0.0,0.0,0.25386100386100385
32.0,9.0,29.0,0.3,0.1,0.8,4.0,1035.0,0.0,0.0,0.2541062801932367
32.0,9.0,30.0,0.3,0.1,0.8,4.0,1040.0,0.0,0.0,0.25096153846153846
32.0,9.0,31.0,0.3,0.1,0.8,4.0,949.0,0.0,0.0,0.2613277133825079
32.0,9.0,32.0,0.3,0.1,0.8,4.0,967.0,0.0,0.0,0.25749741468459153
32.0,9.0,33.0,0.3,0.1,0.8,4.0,935.0,0.0,0.0,0.2620320855614973
32.0,9.0,34.0,0.3,0.1,0.8,4.0,939.0,0.0,0.0,0.26198083067092653
32.0,9.0,35.0,0.3,0.1,0.8,4.0,928.0,0.0,0.0,0.26185344827586204
32.0,9.0,36.0,0.3,0.1,0.8,4.0,926.0,0.0,0.0,0.2634989200863931
32.0,9.0,37.0,0.3,0.1,0.8,4.0,929.0,0.0,0.0,0.2604951560818084
32.0,9.0,38.0,0.3,0.1,0.8,4.0,921.0,0.0,0.0,0.26275787187839306
32.0,9.0,39.0,0.3,0.1,0.8,4.0,879.0,0.0,0.0,0.27417519908987487
32.0,9.0,40.0,0.3,0.1,0.8,4.0,888.0,0.0,0.0,0.2747747747747748
32.0,9.0,41.0,0.3,0.1,0.8,4.0,879.0,0.0,0.0,0.2753128555176337
32.0,9.0,42.0,0.3,0.1,0.8,4.0,884.0,0.0,0.0,0.2737556561085973
32.0,9.0,43.0,0.3,0.1,0.8,4.0,882.0,0.0,0.0,0.2743764172335601
32.0,9.0,44.0,0.3,0.1,0.8,4.0,878.0,0.0,0.0,0.275626423690205
32.0,9.0,45.0,0.3,0.1,0.8,4.0,879.0,0.0,0.0,0.4323094425483504
32.0,9.0,46.0,0.3,0.1,0.8,4.0,878.0,0.0,0.0,0.4293849658314351
32.0,9.0,47.0,0.3,0.1,0.8,4.0,867.0,0.0,0.0,0.43137254901960786
32.0,9.0,48.0,0.3,0.1,0.8,4.0,864.0,0.0,0.0,0.4305555555555556
32.0,9.0,49.0,0.3,0.1,0.8,4.0,873.0,0.0,0.0,0.42955326460481097
32.0,9.0,50.0,0.3,0.1,0.8,4.0,875.0,0.0,0.0,0.42857142857142855
32.0,9.0,51.0,0.3,0.1,0.8,4.0,870.0,0.0,0.0,0.42873563218390803
32.0,9.0,52.0,0.3,0.1,0.8,4.0,875.0,0.0,0.0,0.42742857142857144
32.0,10.0,1.0,0.3,0.1,0.8,4.0,858.0,0.0,0.0,0.42657342657342656
32.0,10.0,2.0,0.3,0.1,0.8,4.0,859.0,0.0,0.0,0.42956926658905703
32.0,10.0,3.0,0.3,0.1,0.8,4.0,860.0,0.0,0.0,0.42674418604651165
32.0,10.0,4.0,0.3,0.1,0.8,4.0,861.0,0.0,0.0,0.42857142857142855
32.0,10.0,5.0,0.3,0.1,0.8,4.0,858.0,0.0,0.0,0.42657342657342656
32.0,10.0,6.0,0.3,0.1,0.8,4.0,847.0,0.0,0.0,0.42739079102715466
32.0,10.0,7.0,0.3,0.1,0.8,4.0,831.0,0.0,0.0,0.43200962695547535
32.0,10.0,8.0,0.3,0.1,0.8,4.0,832.0,0.0,0.0,0.4326923076923077
32.0,10.0,9.0,0.3,0.1,0.8,4.0,830.0,0.0,0.0,0.43493975903614457
32.0,10.0,10.0,0.3,0.1,0.8,4.0,812.0,0.0,0.0,0.43472906403940886
32.0,10.0,11.0,0.3,0.1,0.8,4.0,814.0,0.0,0.0,0.43243243243243246
32.0,10.0,12.0,0.3,0.1,0.8,4.0,811.0,0.0,0.0,0.436498150431566
32.0,10.0,13.0,0.3,0.1,0.8,4.0,807.0,0.0,0.0,0.43866171003717475
32.0,10.0,14.0,0.3,0.1,0.8,4.0,800.0,0.0,0.0,0.44375
32.0,10.0,15.0,0.3,0.1,0.8,4.0,799.0,0.0,0.0,0.43929912390488113
32.0,10.0,16.0,0.3,0.1,0.8,4.0,790.0,0.0,0.0,0.44936708860759494
32.0,10.0,17.0,0.3,0.1,0.8,4.0,757.0,0.0,0.0,0.45442536327608984
32.0,10.0,18.0,0.3,0.1,0.8,4.0,761.0,0.0,0.0,0.45729303547963207
32.0,10.0,19.0,0.3,0.1,0.8,4.0,762.0,0.0,0.0,0.452755905511811
32.0,10.0,20.0,0.3,0.1,0.8,4.0,1254.0,0.0,0.0,0.2543859649122807
32.0,10.0,21.0,0.3,0.1,0.8,4.0,1254.0,0.0,0.0,0.2543859649122807
32.0,10.0,22.0,0.3,0.1,0.8,4.0,1202.0,0.0,0.0,0.25707154742096505
32.0,10.0,23.0,0.3,0.1,0.8,4.0,1184.0,0.0,0.0,0.25422297297297297
32.0,10.0,24.0,0.3,0.1,0.8,4.0,1147.0,0.0,0.0,0.25893635571054924
32.0,10.0,25.0,0.3,0.1,0.8,4.0,1124.0,0.0,0.0,0.26423487544483987
32.0,10.0,26.0,0.3,0.1,0.8,4.0,1118.0,0.0,0.0,0.2620751341681574
32.0,10.0,27.0,0.3,0.1,0.8,4.0,1099.0,0.0,0.0,0.267515923566879
32.0,10.0,28.0,0.3,0.1,0.8,4.0,1073.0,0.0,0.0,0.26654240447343897
32.0,10.0,29.0,0.3,0.1,0.8,4.0,1054.0,0.0,0.0,0.269449715370019
32.0,10.0,30.0,0.3,0.1,0.8,4.0,1031.0,0.0,0.0,0.27158098933074687
32.0,10.0,31.0,0.3,0.1,0.8,4.0,1025.0,0.0,0.0,0.2682926829268293
32.0,10.0,32.0,0.3,0.1,0.8,4.0,1000.0,0.0,0.0,0.27
32.0,10.0,33.0,0.3,0.1,0.8,4.0,1001.0,0.0,0.0,0.2707292707292707
32.0,10.0,34.0,0.3,0.1,0.8,4.0,986.0,0.0,0.0,0.2748478701825558
32.0,10.0,35.0,0.3,0.1,0.8,4.0,977.0,0.0,0.0,0.27533265097236437
32.0,10.0,36.0,0.3,0.1,0.8,4.0,957.0,0.0,0.0,0.2769070010449321
32.0,10.0,37.0,0.3,0.1,0.8,4.0,959.0,0.0,0.0,0.278415015641293
32.0,10.0,38.0,0.3,0.1,0.8,4.0,946.0,0.0,0.0,0.27801268498942916
32.0,10.0,39.0,0.3,0.1,0.8,4.0,933.0,0.0,0.0,0.27867095391211144
32.0,10.0,40.0,0.3,0.1,0.8,4.0,926.0,0.0,0.0,0.2818574514038877
32.0,10.0,41.0,0.3,0.1,0.8,4.0,921.0,0.0,0.0,0.28121606948968514
32.0,10.0,42.0,0.3,0.1,0.8,4.0,911.0,0.0,0.0,0.2854006586169045
32.0,10.0,43.0,0.3,0.1,0.8,4.0,898.0,0.0,0.0,0.289532293986637
32.0,10.0,44.0,0.3,0.1,0.8,4.0,902.0,0.0,0.0,0.2893569844789357
32.0,10.0,45.0,0.3,0.1,0.8,4.0,878.0,0.0,0.0,0.44533029612756264
32.0,10.0,46.0,0.3,0.1,0.8,4.0,882.0,0.0,0.0,0.4433106575963719
32.0,10.0,47.0,0.3,0.1,0.8,4.0,874.0,0.0,0.0,0.4450800915331808
32.0,10.0,48.0,0.3,0.1,0.8,4.0,878.0,0.0,0.0,0.4430523917995444
32.0,10.0,49.0,0.3,0.1,0.8,4.0,867.0,0.0,0.0,0.4429065743944637
32.0,10.0,50.0,0.3,0.1,0.8,4.0,869.0,0.0,0.0,0.4430379746835443
32.0,10.0,51.0,0.3,0.1,0.8,4.0,855.0,0.0,0.0,0.4432748538011696
32.0,10.0,52.0,0.3,0.1,0.8,4.0,855.0,0.0,0.0,0.4444444444444444
33.0,1.0,1.0,0.3,0.1,0.8,4.0,5176.0,45.0,12.0,0.2919242658423493
33.0,1.0,2.0,0.3,0.1,0.8,4.0,5096.0,53.0,22.0,0.29179748822605966
33.0,1.0,3.0,0.3,0.1,0.8,4.0,5030.0,64.0,37.0,0.29383697813121273
33.0,1.0,4.0,0.3,0.1,0.8,4.0,4958.0,75.0,33.0,0.29588543767648245
33.0,1.0,5.0,0.3,0.1,0.8,4.0,4894.0,98.0,33.0,0.2964854924397221
33.0,1.0,6.0,0.3,0.1,0.8,4.0,4710.0,103.0,31.0,0.29745222929936305
33.0,1.0,7.0,0.3,0.1,0.8,4.0,4581.0,122.0,43.0,0.297096703776468
33.0,1.0,8.0,0.3,0.1,0.8,4.0,4490.0,143.0,56.0,0.3002227171492205
33.0,1.0,9.0,0.3,0.1,0.8,4.0,4284.0,179.0,71.0,0.2973856209150327
33.0,1.0,10.0,0.3,0.1,0.8,4.0,4178.0,200.0,78.0,0.2999042604116802
33.0,1.0,11.0,0.3,0.1,0.8,4.0,3943.0,194.0,85.0,0.30053258939893485
33.0,1.0,12.0,0.3,0.1,0.8,4.0,3798.0,200.0,91.0,0.30121116377040547
33.0,1.0,13.0,0.3,0.1,0.8,4.0,3653.0,200.0,93.0,0.3016698603887216
33.0,1.0,14.0,0.3,0.1,0.8,4.0,3549.0,212.0,94.0,0.30346576500422656
33.0,1.0,15.0,0.3,0.1,0.8,4.0,3460.0,223.0,99.0,0.30751445086705204
33.0,1.0,16.0,0.3,0.1,0.8,4.0,3329.0,213.0,107.0,0.30820066085911685
33.0,1.0,17.0,0.3,0.1,0.8,4.0,3263.0,213.0,99.0,0.31228930432117685
33.0,1.0,18.0,0.3,0.1,0.8,4.0,3194.0,223.0,98.0,0.31465247338760177
33.0,1.0,19.0,0.3,0.1,0.8,4.0,3112.0,210.0,104.0,0.3226221079691517
33.0,1.0,20.0,0.3,0.1,0.8,4.0,5758.0,212.0,110.0,0.17106634248002778
33.0,1.0,21.0,0.3,0.1,0.8,4.0,5239.0,249.0,104.0,0.17522427944264174
33.0,1.0,22.0,0.3,0.1,0.8,4.0,4892.0,301.0,111.0,0.17865903515944398
33.0,1.0,23.0,0.3,0.1,0.8,4.0,4719.0,304.0,125.0,0.18372536554354738
33.0,1.0,24.0,0.3,0.1,0.8,4.0,4414.0,319.0,138.0,0.18531943815133667
33.0,1.0,25.0,0.3,0.1,0.8,4.0,4190.0,331.0,135.0,0.1890214797136038
33.0,1.0,26.0,0.3,0.1,0.8,4.0,3984.0,340.0,146.0,0.1945281124497992
33.0,1.0,27.0,0.3,0.1,0.8,4.0,3775.0,356.0,154.0,0.20105960264900663
33.0,1.0,28.0,0.3,0.1,0.8,4.0,3632.0,366.0,162.0,0.20374449339207049
33.0,1.0,29.0,0.3,0.1,0.8,4.0,3516.0,377.0,165.0,0.20932878270762229
33.0,1.0,30.0,0.3,0.1,0.8,4.0,3410.0,397.0,177.0,0.21378299120234603
33.0,1.0,31.0,0.3,0.1,0.8,4.0,3238.0,418.0,183.0,0.2201976528721433
33.0,1.0,32.0,0.3,0.1,0.8,4.0,3083.0,390.0,181.0,0.2264028543626338
33.0,1.0,33.0,0.3,0.1,0.8,4.0,2933.0,405.0,182.0,0.23457211046709853
33.0,1.0,34.0,0.3,0.1,0.8,4.0,2781.0,386.0,184.0,0.24379719525350593
33.0,1.0,35.0,0.3,0.1,0.8,4.0,2642.0,397.0,180.0,0.2543527630582892
33.0,1.0,36.0,0.3,0.1,0.8,4.0,2504.0,395.0,178.0,0.26198083067092653
33.0,1.0,37.0,0.3,0.1,0.8,4.0,2349.0,357.0,151.0,0.2728820774797786
33.0,1.0,38.0,0.3,0.1,0.8,4.0,2241.0,346.0,148.0,0.28067826863007583
33.0,1.0,39.0,0.3,0.1,0.8,4.0,2135.0,332.0,171.0,0.28805620608899296
33.0,1.0,40.0,0.3,0.1,0.8,4.0,2031.0,317.0,184.0,0.2983751846381093
33.0,1.0,41.0,0.3,0.1,0.8,4.0,1968.0,315.0,176.0,0.3084349593495935
33.0,1.0,42.0,0.3,0.1,0.8,4.0,1834.0,276.0,144.0,0.3244274809160305
33.0,1.0,43.0,0.3,0.1,0.8,4.0,1731.0,238.0,121.0,0.3385326400924321
33.0,1.0,44.0,0.3,0.1,0.8,4.0,1685.0,221.0,109.0,0.34540059347181007
33.0,1.0,45.0,0.3,0.1,0.8,4.0,1606.0,200.0,107.0,0.512453300124533
33.0,1.0,46.0,0.3,0.1,0.8,4.0,1529.0,164.0,92.0,0.5212557226945717
33.0,1.0,47.0,0.3,0.1,0.8,4.0,1486.0,150.0,91.0,0.5269179004037685
33.0,1.0,48.0,0.3,0.1,0.8,4.0,1438.0,123.0,75.0,0.5326842837273992
33.0,1.0,49.0,0.3,0.1,0.8,4.0,1391.0,107.0,67.0,0.5420560747663551
33.0,1.0,50.0,0.3,0.1,0.8,4.0,1347.0,92.0,60.0,0.5463994060876021
33.0,1.0,51.0,0.3,0.1,0.8,4.0,1326.0,81.0,48.0,0.5558069381598794
33.0,1.0,52.0,0.3,0.1,0.8,4.0,1282.0,63.0,35.0,0.5608424336973479
33.0,2.0,1.0,0.3,0.1,0.8,4.0,1267.0,52.0,26.0,0.5666929755327546
33.0,2.0,2.0,0.3,0.1,0.8,4.0,1239.0,44.0,25.0,0.5690072639225182
33.0,2.0,3.0,0.3,0.1,0.8,4.0,1223.0,40.0,23.0,0.570727718724448
33.0,2.0,4.0,0.3,0.1,0.8,4.0,1205.0,33.0,18.0,0.5742738589211618
33.0,2.0,5.0,0.3,0.1,0.8,4.0,1190.0,28.0,16.0,0.5798319327731093
33.0,2.0,6.0,0.3,0.1,0.8,4.0,1173.0,28.0,13.0,0.5797101449275363
33.0,2.0,7.0,0.3,0.1,0.8,4.0,1169.0,26.0,12.0,0.583404619332763
33.0,2.0,8.0,0.3,0.1,0.8,4.0,1148.0,19.0,10.0,0.5871080139372822
33.0,2.0,9.0,0.3,0.1,0.8,4.0,1139.0,19.0,13.0,0.5899912203687445
33.0,2.0,10.0,0.3,0.1,0.8,4.0,1128.0,17.0,12.0,0.5895390070921985
33.0,2.0,11.0,0.3,0.1,0.8,4.0,1114.0,13.0,7.0,0.5969479353680431
33.0,2.0,12.0,0.3,0.1,0.8,4.0,1104.0,9.0,3.0,0.5969202898550725
33.0,2.0,13.0,0.3,0.1,0.8,4.0,1101.0,8.0,3.0,0.6012715712988193
33.0,2.0,14.0,0.3,0.1,0.8,4.0,1093.0,9.0,4.0,0.5983531564501372
33.0,2.0,15.0,0.3,0.1,0.8,4.0,1087.0,11.0,7.0,0.6044158233670653
33.0,2.0,16.0,0.3,0.1,0.8,4.0,1079.0,10.0,5.0,0.6024096385542169
33.0,2.0,17.0,0.3,0.1,0.8,4.0,1067.0,13.0,5.0,0.6073102155576382
33.0,2.0,18.0,0.3,0.1,0.8,4.0,1056.0,10.0,4.0,0.6079545454545454
33.0,2.0,19.0,0.3,0.1,0.8,4.0,1054.0,11.0,7.0,0.6110056925996205
33.0,2.0,20.0,0.3,0.1,0.8,4.0,1927.0,11.0,8.0,0.3310845874416191
33.0,2.0,21.0,0.3,0.1,0.8,4.0,1859.0,13.0,5.0,0.33136094674556216
33.0,2.0,22.0,0.3,0.1,0.8,4.0,1816.0,12.0,4.0,0.32984581497797355
33.0,2.0,23.0,0.3,0.1,0.8,4.0,1793.0,14.0,3.0,0.3312883435582822
33.0,2.0,24.0,0.3,0.1,0.8,4.0,1748.0,19.0,7.0,0.32780320366132726
33.0,2.0,25.0,0.3,0.1,0.8,4.0,1695.0,17.0,5.0,0.3321533923303835
33.0,2.0,26.0,0.3,0.1,0.8,4.0,1669.0,18.0,6.0,0.32834032354703413
33.0,2.0,27.0,0.3,0.1,0.8,4.0,1601.0,14.0,3.0,0.33041848844472205
33.0,2.0,28.0,0.3,0.1,0.8,4.0,1565.0,14.0,5.0,0.33226837060702874
33.0,2.0,29.0,0.3,0.1,0.8,4.0,1525.0,13.0,7.0,0.33377049180327867
33.0,2.0,30.0,0.3,0.1,0.8,4.0,1518.0,16.0,9.0,0.3333333333333333
33.0,2.0,31.0,0.3,0.1,0.8,4.0,1461.0,19.0,11.0,0.33607118412046544
33.0,2.0,32.0,0.3,0.1,0.8,4.0,1431.0,18.0,11.0,0.3361285814116003
33.0,2.0,33.0,0.3,0.1,0.8,4.0,1399.0,21.0,8.0,0.3416726233023588
33.0,2.0,34.0,0.3,0.1,0.8,4.0,1388.0,18.0,8.0,0.33861671469740634
33.0,2.0,35.0,0.3,0.1,0.8,4.0,1365.0,19.0,10.0,0.34285714285714286
33.0,2.0,36.0,0.3,0.1,0.8,4.0,1356.0,24.0,10.0,0.34292035398230086
33.0,2.0,37.0,0.3,0.1,0.8,4.0,1335.0,24.0,13.0,0.3430711610486891
33.0,2.0,38.0,0.3,0.1,0.8,4.0,1284.0,29.0,9.0,0.34345794392523366
33.0,2.0,39.0,0.3,0.1,0.8,4.0,1264.0,32.0,16.0,0.34335443037974683
33.0,2.0,40.0,0.3,0.1,0.8,4.0,1221.0,27.0,11.0,0.3447993447993448
33.0,2.0,41.0,0.3,0.1,0.8,4.0,1207.0,29.0,16.0,0.34631317315658655
33.0,2.0,42.0,0.3,0.1,0.8,4.0,1191.0,25.0,16.0,0.34760705289672544
33.0,2.0,43.0,0.3,0.1,0.8,4.0,1153.0,23.0,15.0,0.35039028620988727
33.0,2.0,44.0,0.3,0.1,0.8,4.0,1143.0,19.0,12.0,0.34820647419072615
33.0,2.0,45.0,0.3,0.1,0.8,4.0,1113.0,14.0,7.0,0.48966756513926324
33.0,2.0,46.0,0.3,0.1,0.8,4.0,1103.0,13.0,6.0,0.4823209428830462
33.0,2.0,47.0,0.3,0.1,0.8,4.0,1079.0,11.0,6.0,0.4856348470806302
33.0,2.0,48.0,0.3,0.1,0.8,4.0,1065.0,11.0,8.0,0.48169014084507045
33.0,2.0,49.0,0.3,0.1,0.8,4.0,1039.0,13.0,6.0,0.4918190567853705
33.0,2.0,50.0,0.3,0.1,0.8,4.0,1035.0,10.0,7.0,0.4888888888888889
33.0,2.0,51.0,0.3,0.1,0.8,4.0,1016.0,8.0,4.0,0.4940944881889764
33.0,2.0,52.0,0.3,0.1,0.8,4.0,1002.0,9.0,5.0,0.4870259481037924
33.0,3.0,1.0,0.3,0.1,0.8,4.0,991.0,5.0,1.0,0.4924318869828456
33.0,3.0,2.0,0.3,0.1,0.8,4.0,980.0,6.0,3.0,0.48673469387755103
33.0,3.0,3.0,0.3,0.1,0.8,4.0,965.0,5.0,4.0,0.48911917098445595
33.0,3.0,4.0,0.3,0.1,0.8,4.0,961.0,5.0,5.0,0.4838709677419355
33.0,3.0,5.0,0.3,0.1,0.8,4.0,955.0,3.0,3.0,0.48795811518324606
33.0,3.0,6.0,0.3,0.1,0.8,4.0,946.0,4.0,1.0,0.48414376321353064
33.0,3.0,7.0,0.3,0.1,0.8,4.0,942.0,3.0,1.0,0.4883227176220807
33.0,3.0,8.0,0.3,0.1,0.8,4.0,932.0,3.0,3.0,0.48605150214592274
33.0,3.0,9.0,0.3,0.1,0.8,4.0,920.0,4.0,3.0,0.4945652173913043
33.0,3.0,10.0,0.3,0.1,0.8,4.0,910.0,4.0,3.0,0.489010989010989
33.0,3.0,11.0,0.3,0.1,0.8,4.0,904.0,2.0,2.0,0.49557522123893805
33.0,3.0,12.0,0.3,0.1,0.8,4.0,899.0,6.0,2.0,0.4905450500556173
33.0,3.0,13.0,0.3,0.1,0.8,4.0,894.0,5.0,3.0,0.49328859060402686
33.0,3.0,14.0,0.3,0.1,0.8,4.0,890.0,4.0,3.0,0.4853932584269663
33.0,3.0,15.0,0.3,0.1,0.8,4.0,883.0,5.0,3.0,0.48924122310305773
33.0,3.0,16.0,0.3,0.1,0.8,4.0,880.0,3.0,1.0,0.48295454545454547
33.0,3.0,17.0,0.3,0.1,0.8,4.0,868.0,2.0,1.0,0.48847926267281105
33.0,3.0,18.0,0.3,0.1,0.8,4.0,870.0,2.0,1.0,0.48160919540229885
33.0,3.0,19.0,0.3,0.1,0.8,4.0,867.0,2.0,1.0,0.48788927335640137
33.0,3.0,20.0,0.3,0.1,0.8,4.0,1547.0,1.0,0.0,0.27084680025856495
33.0,3.0,21.0,0.3,0.1,0.8,4.0,1504.0,1.0,0.0,0.2785904255319149
33.0,3.0,22.0,0.3,0.1,0.8,4.0,1482.0,1.0,1.0,0.2699055330634278
33.0,3.0,23.0,0.3,0.1,0.8,4.0,1450.0,2.0,1.0,0.27655172413793105
33.0,3.0,24.0,0.3,0.1,0.8,4.0,1428.0,3.0,1.0,0.2710084033613445
33.0,3.0,25.0,0.3,0.1,0.8,4.0,1385.0,1.0,1.0,0.27653429602888085
33.0,3.0,26.0,0.3,0.1,0.8,4.0,1388.0,1.0,1.0,0.26945244956772335
33.0,3.0,27.0,0.3,0.1,0.8,4.0,1337.0,1.0,1.0,0.27299925205684367
33.0,3.0,28.0,0.3,0.1,0.8,4.0,1315.0,1.0,0.0,0.267680608365019
33.0,3.0,29.0,0.3,0.1,0.8,4.0,1270.0,1.0,0.0,0.2692913385826772
33.0,3.0,30.0,0.3,0.1,0.8,4.0,1262.0,1.0,0.0,0.26148969889064977
33.0,3.0,31.0,0.3,0.1,0.8,4.0,1193.0,1.0,0.0,0.2673931265716681
33.0,3.0,32.0,0.3,0.1,0.8,4.0,1149.0,1.0,1.0,0.2654482158398607
33.0,3.0,33.0,0.3,0.1,0.8,4.0,1126.0,3.0,1.0,0.2673179396092362
33.0,3.0,34.0,0.3,0.1,0.8,4.0,1127.0,4.0,1.0,0.26175687666370895
33.0,3.0,35.0,0.3,0.1,0.8,4.0,1101.0,3.0,1.0,0.26612170753860126
33.0,3.0,36.0,0.3,0.1,0.8,4.0,1093.0,3.0,1.0,0.2616651418115279
33.0,3.0,37.0,0.3,0.1,0.8,4.0,1069.0,3.0,2.0,0.264733395696913
33.0,3.0,38.0,0.3,0.1,0.8,4.0,1066.0,5.0,2.0,0.26172607879924953
33.0,3.0,39.0,0.3,0.1,0.8,4.0,1037.0,6.0,2.0,0.26422372227579555
33.0,3.0,40.0,0.3,0.1,0.8,4.0,1034.0,6.0,3.0,0.2601547388781431
33.0,3.0,41.0,0.3,0.1,0.8,4.0,1015.0,7.0,3.0,0.26403940886699506
33.0,3.0,42.0,0.3,0.1,0.8,4.0,998.0,6.0,2.0,0.25851703406813625
33.0,3.0,43.0,0.3,0.1,0.8,4.0,985.0,8.0,2.0,0.2639593908629442
33.0,3.0,44.0,0.3,0.1,0.8,4.0,985.0,8.0,2.0,0.2598984771573604
33.0,3.0,45.0,0.3,0.1,0.8,4.0,967.0,11.0,5.0,0.4250258531540848
33.0,3.0,46.0,0.3,0.1,0.8,4.0,959.0,11.0,6.0,0.4233576642335766
33.0,3.0,47.0,0.3,0.1,0.8,4.0,930.0,12.0,8.0,0.42795698924731185
33.0,3.0,48.0,0.3,0.1,0.8,4.0,914.0,10.0,7.0,0.4299781181619256
33.0,3.0,49.0,0.3,0.1,0.8,4.0,900.0,8.0,7.0,0.43222222222222223
33.0,3.0,50.0,0.3,0.1,0.8,4.0,901.0,6.0,5.0,0.42730299667036625
33.0,3.0,51.0,0.3,0.1,0.8,4.0,890.0,6.0,4.0,0.4280898876404494
33.0,3.0,52.0,0.3,0.1,0.8,4.0,892.0,4.0,2.0,0.42713004484304934
33.0,4.0,1.0,0.3,0.1,0.8,4.0,883.0,5.0,1.0,0.4292185730464326
33.0,4.0,2.0,0.3,0.1,0.8,4.0,881.0,4.0,2.0,0.42905788876276957
33.0,4.0,3.0,0.3,0.1,0.8,4.0,872.0,4.0,2.0,0.43004587155963303
33.0,4.0,4.0,0.3,0.1,0.8,4.0,876.0,5.0,4.0,0.4280821917808219
33.0,4.0,5.0,0.3,0.1,0.8,4.0,861.0,4.0,3.0,0.43089430894308944
33.0,4.0,6.0,0.3,0.1,0.8,4.0,861.0,4.0,3.0,0.4262485481997677
33.0,4.0,7.0,0.3,0.1,0.8,4.0,853.0,2.0,1.0,0.42790152403282533
33.0,4.0,8.0,0.3,0.1,0.8,4.0,847.0,2.0,0.0,0.42266824085005905
33.0,4.0,9.0,0.3,0.1,0.8,4.0,840.0,2.0,1.0,0.42738095238095236
33.0,4.0,10.0,0.3,0.1,0.8,4.0,839.0,2.0,1.0,0.42550655542312277
33.0,4.0,11.0,0.3,0.1,0.8,4.0,831.0,3.0,2.0,0.42478941034897716
33.0,4.0,12.0,0.3,0.1,0.8,4.0,819.0,2.0,1.0,0.42735042735042733
33.0,4.0,13.0,0.3,0.1,0.8,4.0,815.0,2.0,1.0,0.42822085889570555
33.0,4.0,14.0,0.3,0.1,0.8,4.0,815.0,1.0,0.0,0.42576687116564416
33.0,4.0,15.0,0.3,0.1,0.8,4.0,810.0,1.0,1.0,0.42592592592592593
33.0,4.0,16.0,0.3,0.1,0.8,4.0,809.0,1.0,1.0,0.42398022249690975
33.0,4.0,17.0,0.3,0.1,0.8,4.0,805.0,1.0,1.0,0.4248447204968944
33.0,4.0,18.0,0.3,0.1,0.8,4.0,803.0,0.0,0.0,0.4246575342465753
33.0,4.0,19.0,0.3,0.1,0.8,4.0,803.0,0.0,0.0,0.4246575342465753
33.0,4.0,20.0,0.3,0.1,0.8,4.0,1455.0,0.0,0.0,0.2329896907216495
33.0,4.0,21.0,0.3,0.1,0.8,4.0,1430.0,0.0,0.0,0.23216783216783216
33.0,4.0,22.0,0.3,0.1,0.8,4.0,1359.0,0.0,0.0,0.23473142016188372
33.0,4.0,23.0,0.3,0.1,0.8,4.0,1333.0,0.0,0.0,0.23630907726931732
33.0,4.0,24.0,0.3,0.1,0.8,4.0,1319.0,0.0,0.0,0.23805913570887036
33.0,4.0,25.0,0.3,0.1,0.8,4.0,1267.0,0.0,0.0,0.24072612470402527
33.0,4.0,26.0,0.3,0.1,0.8,4.0,1245.0,0.0,0.0,0.2393574297188755
33.0,4.0,27.0,0.3,0.1,0.8,4.0,1219.0,0.0,0.0,0.2387202625102543
33.0,4.0,28.0,0.3,0.1,0.8,4.0,1202.0,0.0,0.0,0.23960066555740434
33.0,4.0,29.0,0.3,0.1,0.8,4.0,1191.0,0.0,0.0,0.2409739714525609
33.0,4.0,30.0,0.3,0.1,0.8,4.0,1172.0,0.0,0.0,0.23976109215017063
33.0,4.0,31.0,0.3,0.1,0.8,4.0,1127.0,0.0,0.0,0.24046140195208518
33.0,4.0,32.0,0.3,0.1,0.8,4.0,1130.0,0.0,0.0,0.2415929203539823
33.0,4.0,33.0,0.3,0.1,0.8,4.0,1121.0,0.0,0.0,0.23907225691347012
33.0,4.0,34.0,0.3,0.1,0.8,4.0,1119.0,0.0,0.0,0.24128686327077747
33.0,4.0,35.0,0.3,0.1,0.8,4.0,1104.0,0.0,0.0,0.2391304347826087
33.0,4.0,36.0,0.3,0.1,0.8,4.0,1094.0,0.0,0.0,0.2413162705667276
33.0,4.0,37.0,0.3,0.1,0.8,4.0,1064.0,0.0,0.0,0.23966165413533835
33.0,4.0,38.0,0.3,0.1,0.8,4.0,1072.0,0.0,0.0,0.23973880597014927
33.0,4.0,39.0,0.3,0.1,0.8,4.0,1027.0,0.0,0.0,0.24148003894839337
33.0,4.0,40.0,0.3,0.1,0.8,4.0,1015.0,0.0,0.0,0.24334975369458128
33.0,4.0,41.0,0.3,0.1,0.8,4.0,993.0,0.0,0.0,0.23867069486404835
33.0,4.0,42.0,0.3,0.1,0.8,4.0,997.0,0.0,0.0,0.238716148445336
33.0,4.0,43.0,0.3,0.1,0.8,4.0,987.0,0.0,0.0,0.23809523809523808
33.0,4.0,44.0,0.3,0.1,0.8,4.0,995.0,0.0,0.0,0.23819095477386934
33.0,4.0,45.0,0.3,0.1,0.8,4.0,985.0,0.0,0.0,0.38781725888324875
33.0,4.0,46.0,0.3,0.1,0.8,4.0,973.0,0.0,0.0,0.3854059609455293
33.0,4.0,47.0,0.3,0.1,0.8,4.0,959.0,0.0,0.0,0.38477580813347234
33.0,4.0,48.0,0.3,0.1,0.8,4.0,955.0,0.0,0.0,0.3863874345549738
33.0,4.0,49.0,0.3,0.1,0.8,4.0,941.0,0.0,0.0,0.3889479277364506
33.0,4.0,50.0,0.3,0.1,0.8,4.0,949.0,0.0,0.0,0.38777660695468913
33.0,4.0,51.0,0.3,0.1,0.8,4.0,931.0,0.0,0.0,0.38990332975295383
33.0,4.0,52.0,0.3,0.1,0.8,4.0,932.0,0.0,0.0,0.388412017167382
33.0,5.0,1.0,0.3,0.1,0.8,4.0,924.0,0.0,0.0,0.3874458874458874
33.0,5.0,2.0,0.3,0.1,0.8,4.0,917.0,0.0,0.0,0.3904034896401309
33.0,5.0,3.0,0.3,0.1,0.8,4.0,898.0,0.0,0.0,0.388641425389755
33.0,5.0,4.0,0.3,0.1,0.8,4.0,892.0,0.0,0.0,0.3923766816143498
33.0,5.0,5.0,0.3,0.1,0.8,4.0,885.0,0.0,0.0,0.39322033898305087
33.0,5.0,6.0,0.3,0.1,0.8,4.0,887.0,0.0,0.0,0.3945885005636979
33.0,5.0,7.0,0.3,0.1,0.8,4.0,880.0,0.0,0.0,0.3931818181818182
33.0,5.0,8.0,0.3,0.1,0.8,4.0,879.0,0.0,0.0,0.39590443686006827
33.0,5.0,9.0,0.3,0.1,0.8,4.0,869.0,0.0,0.0,0.39815880322209435
33.0,5.0,10.0,0.3,0.1,0.8,4.0,871.0,0.0,0.0,0.399540757749713
33.0,5.0,11.0,0.3,0.1,0.8,4.0,862.0,0.0,0.0,0.39791183294663574
33.0,5.0,12.0,0.3,0.1,0.8,4.0,864.0,0.0,0.0,0.3958333333333333
33.0,5.0,13.0,0.3,0.1,0.8,4.0,857.0,0.0,0.0,0.396732788798133
33.0,5.0,14.0,0.3,0.1,0.8,4.0,862.0,0.0,0.0,0.39559164733178653
33.0,5.0,15.0,0.3,0.1,0.8,4.0,854.0,0.0,0.0,0.3957845433255269
33.0,5.0,16.0,0.3,0.1,0.8,4.0,860.0,0.0,0.0,0.3941860465116279
33.0,5.0,17.0,0.3,0.1,0.8,4.0,854.0,0.0,0.0,0.3946135831381733
33.0,5.0,18.0,0.3,0.1,0.8,4.0,859.0,0.0,0.0,0.39348079161816063
33.0,5.0,19.0,0.3,0.1,0.8,4.0,838.0,0.0,0.0,0.39737470167064437
33.0,5.0,20.0,0.3,0.1,0.8,4.0,1571.0,0.0,0.0,0.2132399745385105
33.0,5.0,21.0,0.3,0.1,0.8,4.0,1473.0,0.0,0.0,0.22131704005431094
33.0,5.0,22.0,0.3,0.1,0.8,4.0,1461.0,0.0,0.0,0.21834360027378508
33.0,5.0,23.0,0.3,0.1,0.8,4.0,1410.0,0.0,0.0,0.22198581560283687
33.0,5.0,24.0,0.3,0.1,0.8,4.0,1387.0,0.0,0.0,0.220620043258832
33.0,5.0,25.0,0.3,0.1,0.8,4.0,1378.0,0.0,0.0,0.2220609579100145
33.0,5.0,26.0,0.3,0.1,0.8,4.0,1365.0,0.0,0.0,0.22197802197802197
33.0,5.0,27.0,0.3,0.1,0.8,4.0,1340.0,0.0,0.0,0.22238805970149253
33.0,5.0,28.0,0.3,0.1,0.8,4.0,1308.0,0.0,0.0,0.22324159021406728
33.0,5.0,29.0,0.3,0.1,0.8,4.0,1283.0,0.0,0.0,0.22369446609508964
33.0,5.0,30.0,0.3,0.1,0.8,4.0,1231.0,0.0,0.0,0.22420796100731114
33.0,5.0,31.0,0.3,0.1,0.8,4.0,1222.0,0.0,0.0,0.22585924713584288
33.0,5.0,32.0,0.3,0.1,0.8,4.0,1207.0,0.0,0.0,0.22618061309030654
33.0,5.0,33.0,0.3,0.1,0.8,4.0,1183.0,0.0,0.0,0.22823330515638207
33.0,5.0,34.0,0.3,0.1,0.8,4.0,1152.0,0.0,0.0,0.22916666666666666
33.0,5.0,35.0,0.3,0.1,0.8,4.0,1139.0,0.0,0.0,0.23002633889376647
33.0,5.0,36.0,0.3,0.1,0.8,4.0,1128.0,0.0,0.0,0.2296099290780142
33.0,5.0,37.0,0.3,0.1,0.8,4.0,1109.0,0.0,0.0,0.22993688007213706
33.0,5.0,38.0,0.3,0.1,0.8,4.0,1071.0,0.0,0.0,0.2315592903828198
33.0,5.0,39.0,0.3,0.1,0.8,4.0,1067.0,0.0,0.0,0.232427366447985
33.0,5.0,40.0,0.3,0.1,0.8,4.0,1070.0,0.0,0.0,0.22990654205607478
33.0,5.0,41.0,0.3,0.1,0.8,4.0,1049.0,0.0,0.0,0.23260247855100094
33.0,5.0,42.0,0.3,0.1,0.8,4.0,1026.0,0.0,0.0,0.2300194931773879
33.0,5.0,43.0,0.3,0.1,0.8,4.0,1018.0,0.0,0.0,0.2318271119842829
33.0,5.0,44.0,0.3,0.1,0.8,4.0,1015.0,0.0,0.0,0.22857142857142856
33.0,5.0,45.0,0.3,0.1,0.8,4.0,970.0,0.0,0.0,0.4072164948453608
33.0,5.0,46.0,0.3,0.1,0.8,4.0,969.0,0.0,0.0,0.4055727554179567
33.0,5.0,47.0,0.3,0.1,0.8,4.0,966.0,0.0,0.0,0.40476190476190477
33.0,5.0,48.0,0.3,0.1,0.8,4.0,948.0,0.0,0.0,0.4050632911392405
33.0,5.0,49.0,0.3,0.1,0.8,4.0,950.0,0.0,0.0,0.4052631578947368
33.0,5.0,50.0,0.3,0.1,0.8,4.0,942.0,0.0,0.0,0.40445859872611467
33.0,5.0,51.0,0.3,0.1,0.8,4.0,928.0,0.0,0.0,0.4073275862068966
33.0,5.0,52.0,0.3,0.1,0.8,4.0,899.0,0.0,0.0,0.40934371523915464
33.0,6.0,1.0,0.3,0.1,0.8,4.0,896.0,0.0,0.0,0.40736607142857145
33.0,6.0,2.0,0.3,0.1,0.8,4.0,893.0,0.0,0.0,0.4076147816349384
33.0,6.0,3.0,0.3,0.1,0.8,4.0,867.0,0.0,0.0,0.4071510957324106
33.0,6.0,4.0,0.3,0.1,0.8,4.0,850.0,0.0,0.0,0.40588235294117647
33.0,6.0,5.0,0.3,0.1,0.8,4.0,850.0,0.0,0.0,0.4047058823529412
33.0,6.0,6.0,0.3,0.1,0.8,4.0,837.0,0.0,0.0,0.4074074074074074
33.0,6.0,7.0,0.3,0.1,0.8,4.0,837.0,0.0,0.0,0.4050179211469534
33.0,6.0,8.0,0.3,0.1,0.8,4.0,813.0,0.0,0.0,0.4071340713407134
33.0,6.0,9.0,0.3,0.1,0.8,4.0,807.0,0.0,0.0,0.40892193308550184
33.0,6.0,10.0,0.3,0.1,0.8,4.0,802.0,0.0,0.0,0.41271820448877805
33.0,6.0,11.0,0.3,0.1,0.8,4.0,786.0,0.0,0.0,0.410941475826972
33.0,6.0,12.0,0.3,0.1,0.8,4.0,788.0,0.0,0.0,0.41116751269035534
33.0,6.0,13.0,0.3,0.1,0.8,4.0,784.0,0.0,0.0,0.4107142857142857
33.0,6.0,14.0,0.3,0.1,0.8,4.0,784.0,0.0,0.0,0.4107142857142857
33.0,6.0,15.0,0.3,0.1,0.8,4.0,781.0,0.0,0.0,0.41229193341869397
33.0,6.0,16.0,0.3,0.1,0.8,4.0,782.0,0.0,0.0,0.4117647058823529
33.0,6.0,17.0,0.3,0.1,0.8,4.0,765.0,0.0,0.0,0.4143790849673203
33.0,6.0,18.0,0.3,0.1,0.8,4.0,741.0,0.0,0.0,0.41700404858299595
33.0,6.0,19.0,0.3,0.1,0.8,4.0,739.0,0.0,0.0,0.41271989174560214
33.0,6.0,20.0,0.3,0.1,0.8,4.0,1347.0,0.0,0.0,0.22642910170749814
33.0,6.0,21.0,0.3,0.1,0.8,4.0,1313.0,0.0,0.0,0.2284843869002285
33.0,6.0,22.0,0.3,0.1,0.8,4.0,1292.0,0.0,0.0,0.23142414860681115
33.0,6.0,23.0,0.3,0.1,0.8,4.0,1255.0,0.0,0.0,0.2342629482071713
33.0,6.0,24.0,0.3,0.1,0.8,4.0,1228.0,0.0,0.0,0.23778501628664495
33.0,6.0,25.0,0.3,0.1,0.8,4.0,1189.0,0.0,0.0,0.24053826745164003
33.0,6.0,26.0,0.3,0.1,0.8,4.0,1149.0,0.0,0.0,0.24281984334203655
33.0,6.0,27.0,0.3,0.1,0.8,4.0,1104.0,0.0,0.0,0.24365942028985507
33.0,6.0,28.0,0.3,0.1,0.8,4.0,1067.0,0.0,0.0,0.24835988753514526
33.0,6.0,29.0,0.3,0.1,0.8,4.0,1009.0,0.0,0.0,0.25173439048562934
33.0,6.0,30.0,0.3,0.1,0.8,4.0,985.0,0.0,0.0,0.24771573604060915
33.0,6.0,31.0,0.3,0.1,0.8,4.0,979.0,0.0,0.0,0.24514811031664965
33.0,6.0,32.0,0.3,0.1,0.8,4.0,971.0,0.0,0.0,0.2451081359423275
33.0,6.0,33.0,0.3,0.1,0.8,4.0,954.0,0.0,0.0,0.2431865828092243
33.0,6.0,34.0,0.3,0.1,0.8,4.0,944.0,0.0,0.0,0.23728813559322035
33.0,6.0,35.0,0.3,0.1,0.8,4.0,927.0,0.0,0.0,0.24163969795037757
33.0,6.0,36.0,0.3,0.1,0.8,4.0,921.0,0.0,0.0,0.23887079261672095
33.0,6.0,37.0,0.3,0.1,0.8,4.0,893.0,0.0,0.0,0.24524076147816348
33.0,6.0,38.0,0.3,0.1,0.8,4.0,849.0,0.0,0.0,0.2497055359246172
33.0,6.0,39.0,0.3,0.1,0.8,4.0,850.0,0.0,0.0,0.25176470588235295
33.0,6.0,40.0,0.3,0.1,0.8,4.0,836.0,0.0,0.0,0.25239234449760767
33.0,6.0,41.0,0.3,0.1,0.8,4.0,820.0,0.0,0.0,0.25609756097560976
33.0,6.0,42.0,0.3,0.1,0.8,4.0,819.0,0.0,0.0,0.25396825396825395
33.0,6.0,43.0,0.3,0.1,0.8,4.0,819.0,0.0,0.0,0.25518925518925517
33.0,6.0,44.0,0.3,0.1,0.8,4.0,819.0,0.0,0.0,0.25396825396825395
33.0,6.0,45.0,0.3,0.1,0.8,4.0,804.0,0.0,0.0,0.4253731343283582
33.0,6.0,46.0,0.3,0.1,0.8,4.0,807.0,0.0,0.0,0.4250309789343247
33.0,6.0,47.0,0.3,0.1,0.8,4.0,792.0,0.0,0.0,0.42676767676767674
33.0,6.0,48.0,0.3,0.1,0.8,4.0,779.0,0.0,0.0,0.42362002567394097
33.0,6.0,49.0,0.3,0.1,0.8,4.0,762.0,0.0,0.0,0.4304461942257218
33.0,6.0,50.0,0.3,0.1,0.8,4.0,743.0,0.0,0.0,0.42934051144010765
33.0,6.0,51.0,0.3,0.1,0.8,4.0,745.0,0.0,0.0,0.43221476510067114
33.0,6.0,52.0,0.3,0.1,0.8,4.0,742.0,0.0,0.0,0.4299191374663073
33.0,7.0,1.0,0.3,0.1,0.8,4.0,731.0,0.0,0.0,0.43365253077975374
33.0,7.0,2.0,0.3,0.1,0.8,4.0,724.0,0.0,0.0,0.430939226519337
33.0,7.0,3.0,0.3,0.1,0.8,4.0,727.0,0.0,0.0,0.4346629986244842
33.0,7.0,4.0,0.3,0.1,0.8,4.0,723.0,0.0,0.0,0.43291839557399725
33.0,7.0,5.0,0.3,0.1,0.8,4.0,727.0,0.0,0.0,0.4346629986244842
33.0,7.0,6.0,0.3,0.1,0.8,4.0,720.0,0.0,0.0,0.43333333333333335
33.0,7.0,7.0,0.3,0.1,0.8,4.0,723.0,0.0,0.0,0.43291839557399725
33.0,7.0,8.0,0.3,0.1,0.8,4.0,693.0,0.0,0.0,0.4329004329004329
33.0,7.0,9.0,0.3,0.1,0.8,4.0,691.0,0.0,0.0,0.4356005788712012
33.0,7.0,10.0,0.3,0.1,0.8,4.0,687.0,0.0,0.0,0.43522561863173215
33.0,7.0,11.0,0.3,0.1,0.8,4.0,687.0,0.0,0.0,0.43522561863173215
33.0,7.0,12.0,0.3,0.1,0.8,4.0,680.0,0.0,0.0,0.43823529411764706
33.0,7.0,13.0,0.3,0.1,0.8,4.0,685.0,0.0,0.0,0.4364963503649635
33.0,7.0,14.0,0.3,0.1,0.8,4.0,675.0,0.0,0.0,0.44
33.0,7.0,15.0,0.3,0.1,0.8,4.0,683.0,0.0,0.0,0.4363103953147877
33.0,7.0,16.0,0.3,0.1,0.8,4.0,676.0,0.0,0.0,0.4393491124260355
33.0,7.0,17.0,0.3,0.1,0.8,4.0,680.0,0.0,0.0,0.43676470588235294
33.0,7.0,18.0,0.3,0.1,0.8,4.0,676.0,0.0,0.0,0.4393491124260355
33.0,7.0,19.0,0.3,0.1,0.8,4.0,677.0,0.0,0.0,0.43722304283604135
33.0,7.0,20.0,0.3,0.1,0.8,4.0,1188.0,0.0,0.0,0.2474747474747475
33.0,7.0,21.0,0.3,0.1,0.8,4.0,1170.0,0.0,0.0,0.24700854700854702
33.0,7.0,22.0,0.3,0.1,0.8,4.0,1150.0,0.0,0.0,0.24782608695652175
33.0,7.0,23.0,0.3,0.1,0.8,4.0,1124.0,0.0,0.0,0.24555160142348753
33.0,7.0,24.0,0.3,0.1,0.8,4.0,1081.0,0.0,0.0,0.2488436632747456
33.0,7.0,25.0,0.3,0.1,0.8,4.0,1083.0,0.0,0.0,0.247460757156048
33.0,7.0,26.0,0.3,0.1,0.8,4.0,1068.0,0.0,0.0,0.25
33.0,7.0,27.0,0.3,0.1,0.8,4.0,1047.0,0.0,0.0,0.25405921680993315
33.0,7.0,28.0,0.3,0.1,0.8,4.0,1017.0,0.0,0.0,0.2586037364798427
33.0,7.0,29.0,0.3,0.1,0.8,4.0,1004.0,0.0,0.0,0.26095617529880477
33.0,7.0,30.0,0.3,0.1,0.8,4.0,975.0,0.0,0.0,0.26153846153846155
33.0,7.0,31.0,0.3,0.1,0.8,4.0,933.0,0.0,0.0,0.2647374062165059
33.0,7.0,32.0,0.3,0.1,0.8,4.0,946.0,0.0,0.0,0.26215644820295986
33.0,7.0,33.0,0.3,0.1,0.8,4.0,934.0,0.0,0.0,0.26552462526766596
33.0,7.0,34.0,0.3,0.1,0.8,4.0,934.0,0.0,0.0,0.26124197002141325
33.0,7.0,35.0,0.3,0.1,0.8,4.0,892.0,0.0,0.0,0.26905829596412556
33.0,7.0,36.0,0.3,0.1,0.8,4.0,878.0,0.0,0.0,0.26879271070615035
33.0,7.0,37.0,0.3,0.1,0.8,4.0,868.0,0.0,0.0,0.2707373271889401
33.0,7.0,38.0,0.3,0.1,0.8,4.0,864.0,0.0,0.0,0.27199074074074076
33.0,7.0,39.0,0.3,0.1,0.8,4.0,849.0,0.0,0.0,0.2697290930506478
33.0,7.0,40.0,0.3,0.1,0.8,4.0,846.0,0.0,0.0,0.2718676122931442
33.0,7.0,41.0,0.3,0.1,0.8,4.0,842.0,0.0,0.0,0.2684085510688836
33.0,7.0,42.0,0.3,0.1,0.8,4.0,839.0,0.0,0.0,0.27056019070321813
33.0,7.0,43.0,0.3,0.1,0.8,4.0,833.0,0.0,0.0,0.27130852340936373
33.0,7.0,44.0,0.3,0.1,0.8,4.0,806.0,0.0,0.0,0.27543424317617865
33.0,7.0,45.0,0.3,0.1,0.8,4.0,816.0,0.0,0.0,0.4338235294117647
33.0,7.0,46.0,0.3,0.1,0.8,4.0,806.0,0.0,0.0,0.43424317617866004
33.0,7.0,47.0,0.3,0.1,0.8,4.0,806.0,0.0,0.0,0.43300248138957814
33.0,7.0,48.0,0.3,0.1,0.8,4.0,796.0,0.0,0.0,0.4334170854271357
33.0,7.0,49.0,0.3,0.1,0.8,4.0,790.0,0.0,0.0,0.43037974683544306
33.0,7.0,50.0,0.3,0.1,0.8,4.0,779.0,0.0,0.0,0.4338896020539153
33.0,7.0,51.0,0.3,0.1,0.8,4.0,788.0,0.0,0.0,0.4302030456852792
33.0,7.0,52.0,0.3,0.1,0.8,4.0,775.0,0.0,0.0,0.43483870967741933
33.0,8.0,1.0,0.3,0.1,0.8,4.0,787.0,0.0,0.0,0.42947903430749684
33.0,8.0,2.0,0.3,0.1,0.8,4.0,769.0,0.0,0.0,0.4343302990897269
33.0,8.0,3.0,0.3,0.1,0.8,4.0,784.0,0.0,0.0,0.4298469387755102
33.0,8.0,4.0,0.3,0.1,0.8,4.0,763.0,0.0,0.0,0.436435124508519
33.0,8.0,5.0,0.3,0.1,0.8,4.0,767.0,0.0,0.0,0.43285528031290743
33.0,8.0,6.0,0.3,0.1,0.8,4.0,760.0,0.0,0.0,0.4368421052631579
33.0,8.0,7.0,0.3,0.1,0.8,4.0,769.0,0.0,0.0,0.4317295188556567
33.0,8.0,8.0,0.3,0.1,0.8,4.0,759.0,0.0,0.0,0.43610013175230566
33.0,8.0,9.0,0.3,0.1,0.8,4.0,762.0,0.0,0.0,0.4343832020997375
33.0,8.0,10.0,0.3,0.1,0.8,4.0,759.0,0.0,0.0,0.43610013175230566
33.0,8.0,11.0,0.3,0.1,0.8,4.0,759.0,0.0,0.0,0.43610013175230566
33.0,8.0,12.0,0.3,0.1,0.8,4.0,752.0,0.0,0.0,0.43882978723404253
33.0,8.0,13.0,0.3,0.1,0.8,4.0,757.0,0.0,0.0,0.43593130779392336
33.0,8.0,14.0,0.3,0.1,0.8,4.0,753.0,0.0,0.0,0.43824701195219123
33.0,8.0,15.0,0.3,0.1,0.8,4.0,746.0,0.0,0.0,0.435656836461126
33.0,8.0,16.0,0.3,0.1,0.8,4.0,739.0,0.0,0.0,0.43843031123139375
33.0,8.0,17.0,0.3,0.1,0.8,4.0,744.0,0.0,0.0,0.4381720430107527
33.0,8.0,18.0,0.3,0.1,0.8,4.0,740.0,0.0,0.0,0.4391891891891892
33.0,8.0,19.0,0.3,0.1,0.8,4.0,745.0,0.0,0.0,0.4375838926174497
33.0,8.0,20.0,0.3,0.1,0.8,4.0,1371.0,0.0,0.0,0.23778264040846098
33.0,8.0,21.0,0.3,0.1,0.8,4.0,1312.0,0.0,0.0,0.24314024390243902
33.0,8.0,22.0,0.3,0.1,0.8,4.0,1261.0,0.0,0.0,0.2458366375892149
33.0,8.0,23.0,0.3,0.1,0.8,4.0,1267.0,0.0,0.0,0.244672454617206
33.0,8.0,24.0,0.3,0.1,0.8,4.0,1246.0,0.0,0.0,0.2463884430176565
33.0,8.0,25.0,0.3,0.1,0.8,4.0,1232.0,0.0,0.0,0.24756493506493507
33.0,8.0,26.0,0.3,0.1,0.8,4.0,1197.0,0.0,0.0,0.24812030075187969
33.0,8.0,27.0,0.3,0.1,0.8,4.0,1171.0,0.0,0.0,0.2502134927412468
33.0,8.0,28.0,0.3,0.1,0.8,4.0,1164.0,0.0,0.0,0.25171821305841924
33.0,8.0,29.0,0.3,0.1,0.8,4.0,1146.0,0.0,0.0,0.2530541012216405
33.0,8.0,30.0,0.3,0.1,0.8,4.0,1129.0,0.0,0.0,0.2533215234720992
33.0,8.0,31.0,0.3,0.1,0.8,4.0,1118.0,0.0,0.0,0.25313059033989266
33.0,8.0,32.0,0.3,0.1,0.8,4.0,1109.0,0.0,0.0,0.2551848512173129
33.0,8.0,33.0,0.3,0.1,0.8,4.0,1099.0,0.0,0.0,0.25477707006369427
33.0,8.0,34.0,0.3,0.1,0.8,4.0,1086.0,0.0,0.0,0.2578268876611418
33.0,8.0,35.0,0.3,0.1,0.8,4.0,1076.0,0.0,0.0,0.2537174721189591
33.0,8.0,36.0,0.3,0.1,0.8,4.0,1037.0,0.0,0.0,0.25650916104146576
33.0,8.0,37.0,0.3,0.1,0.8,4.0,1036.0,0.0,0.0,0.2548262548262548
33.0,8.0,38.0,0.3,0.1,0.8,4.0,1011.0,0.0,0.0,0.258160237388724
33.0,8.0,39.0,0.3,0.1,0.8,4.0,1012.0,0.0,0.0,0.25691699604743085
33.0,8.0,40.0,0.3,0.1,0.8,4.0,983.0,0.0,0.0,0.2644964394710071
33.0,8.0,41.0,0.3,0.1,0.8,4.0,988.0,0.0,0.0,0.2591093117408907
33.0,8.0,42.0,0.3,0.1,0.8,4.0,956.0,0.0,0.0,0.2615062761506276
33.0,8.0,43.0,0.3,0.1,0.8,4.0,950.0,0.0,0.0,0.25894736842105265
33.0,8.0,44.0,0.3,0.1,0.8,4.0,942.0,0.0,0.0,0.2611464968152866
33.0,8.0,45.0,0.3,0.1,0.8,4.0,927.0,0.0,0.0,0.4099244875943905
33.0,8.0,46.0,0.3,0.1,0.8,4.0,918.0,0.0,0.0,0.4117647058823529
33.0,8.0,47.0,0.3,0.1,0.8,4.0,910.0,0.0,0.0,0.41208791208791207
33.0,8.0,48.0,0.3,0.1,0.8,4.0,905.0,0.0,0.0,0.4143646408839779
33.0,8.0,49.0,0.3,0.1,0.8,4.0,880.0,0.0,0.0,0.41704545454545455
33.0,8.0,50.0,0.3,0.1,0.8,4.0,877.0,0.0,0.0,0.41961231470923605
33.0,8.0,51.0,0.3,0.1,0.8,4.0,874.0,0.0,0.0,0.41876430205949655
33.0,8.0,52.0,0.3,0.1,0.8,4.0,876.0,0.0,0.0,0.4178082191780822
33.0,9.0,1.0,0.3,0.1,0.8,4.0,873.0,0.0,0.0,0.41924398625429554
33.0,9.0,2.0,0.3,0.1,0.8,4.0,875.0,0.0,0.0,0.41942857142857143
33.0,9.0,3.0,0.3,0.1,0.8,4.0,874.0,0.0,0.0,0.41876430205949655
33.0,9.0,4.0,0.3,0.1,0.8,4.0,874.0,0.0,0.0,0.41990846681922195
33.0,9.0,5.0,0.3,0.1,0.8,4.0,873.0,0.0,0.0,0.41809851088201605
33.0,9.0,6.0,0.3,0.1,0.8,4.0,872.0,0.0,0.0,0.41857798165137616
33.0,9.0,7.0,0.3,0.1,0.8,4.0,870.0,0.0,0.0,0.41839080459770117
33.0,9.0,8.0,0.3,0.1,0.8,4.0,869.0,0.0,0.0,0.4188722669735328
33.0,9.0,9.0,0.3,0.1,0.8,4.0,866.0,0.0,0.0,0.4168591224018476
33.0,9.0,10.0,0.3,0.1,0.8,4.0,852.0,0.0,0.0,0.4225352112676056
33.0,9.0,11.0,0.3,0.1,0.8,4.0,850.0,0.0,0.0,0.4223529411764706
33.0,9.0,12.0,0.3,0.1,0.8,4.0,850.0,0.0,0.0,0.4235294117647059
33.0,9.0,13.0,0.3,0.1,0.8,4.0,850.0,0.0,0.0,0.4235294117647059
33.0,9.0,14.0,0.3,0.1,0.8,4.0,846.0,0.0,0.0,0.4243498817966903
33.0,9.0,15.0,0.3,0.1,0.8,4.0,847.0,0.0,0.0,0.42266824085005905
33.0,9.0,16.0,0.3,0.1,0.8,4.0,840.0,0.0,0.0,0.425
33.0,9.0,17.0,0.3,0.1,0.8,4.0,845.0,0.0,0.0,0.42485207100591715
33.0,9.0,18.0,0.3,0.1,0.8,4.0,843.0,0.0,0.0,0.4246737841043891
33.0,9.0,19.0,0.3,0.1,0.8,4.0,845.0,0.0,0.0,0.42485207100591715
33.0,9.0,20.0,0.3,0.1,0.8,4.0,1528.0,0.0,0.0,0.2238219895287958
33.0,9.0,21.0,0.3,0.1,0.8,4.0,1482.0,0.0,0.0,0.22739541160593793
33.0,9.0,22.0,0.3,0.1,0.8,4.0,1437.0,0.0,0.0,0.23103688239387613
33.0,9.0,23.0,0.3,0.1,0.8,4.0,1418.0,0.0,0.0,0.23342736248236953
33.0,9.0,24.0,0.3,0.1,0.8,4.0,1383.0,0.0,0.0,0.23427331887201736
33.0,9.0,25.0,0.3,0.1,0.8,4.0,1361.0,0.0,0.0,0.23365172667156503
33.0,9.0,26.0,0.3,0.1,0.8,4.0,1327.0,0.0,0.0,0.23587038432554636
33.0,9.0,27.0,0.3,0.1,0.8,4.0,1305.0,0.0,0.0,0.2367816091954023
33.0,9.0,28.0,0.3,0.1,0.8,4.0,1270.0,0.0,0.0,0.23700787401574802
33.0,9.0,29.0,0.3,0.1,0.8,4.0,1275.0,0.0,0.0,0.23686274509803923
33.0,9.0,30.0,0.3,0.1,0.8,4.0,1252.0,0.0,0.0,0.23722044728434505
33.0,9.0,31.0,0.3,0.1,0.8,4.0,1266.0,0.0,0.0,0.2353870458135861
33.0,9.0,32.0,0.3,0.1,0.8,4.0,1231.0,0.0,0.0,0.2380178716490658
33.0,9.0,33.0,0.3,0.1,0.8,4.0,1211.0,0.0,0.0,0.24112303881090008
33.0,9.0,34.0,0.3,0.1,0.8,4.0,1200.0,0.0,0.0,0.2425
33.0,9.0,35.0,0.3,0.1,0.8,4.0,1196.0,0.0,0.0,0.24163879598662208
33.0,9.0,36.0,0.3,0.1,0.8,4.0,1164.0,0.0,0.0,0.24656357388316152
33.0,9.0,37.0,0.3,0.1,0.8,4.0,1166.0,0.0,0.0,0.24614065180102915
33.0,9.0,38.0,0.3,0.1,0.8,4.0,1135.0,0.0,0.0,0.24669603524229075
33.0,9.0,39.0,0.3,0.1,0.8,4.0,1124.0,0.0,0.0,0.24644128113879005
33.0,9.0,40.0,0.3,0.1,0.8,4.0,1106.0,0.0,0.0,0.24864376130198915
33.0,9.0,41.0,0.3,0.1,0.8,4.0,1106.0,0.0,0.0,0.24773960216998192
33.0,9.0,42.0,0.3,0.1,0.8,4.0,1098.0,0.0,0.0,0.24863387978142076
33.0,9.0,43.0,0.3,0.1,0.8,4.0,1097.0,0.0,0.0,0.2479489516864175
33.0,9.0,44.0,0.3,0.1,0.8,4.0,1075.0,0.0,0.0,0.2502325581395349
33.0,9.0,45.0,0.3,0.1,0.8,4.0,1049.0,0.0,0.0,0.42897998093422307
33.0,9.0,46.0,0.3,0.1,0.8,4.0,1023.0,0.0,0.0,0.4310850439882698
33.0,9.0,47.0,0.3,0.1,0.8,4.0,994.0,0.0,0.0,0.43561368209255535
33.0,9.0,48.0,0.3,0.1,0.8,4.0,973.0,0.0,0.0,0.4367934224049332
33.0,9.0,49.0,0.3,0.1,0.8,4.0,987.0,0.0,0.0,0.43465045592705165
33.0,9.0,50.0,0.3,0.1,0.8,4.0,980.0,0.0,0.0,0.4336734693877551
33.0,9.0,51.0,0.3,0.1,0.8,4.0,985.0,0.0,0.0,0.43451776649746193
33.0,9.0,52.0,0.3,0.1,0.8,4.0,980.0,0.0,0.0,0.4326530612244898
33.0,10.0,1.0,0.3,0.1,0.8,4.0,985.0,0.0,0.0,0.433502538071066
33.0,10.0,2.0,0.3,0.1,0.8,4.0,980.0,0.0,0.0,0.4326530612244898
33.0,10.0,3.0,0.3,0.1,0.8,4.0,978.0,0.0,0.0,0.4335378323108384
33.0,10.0,4.0,0.3,0.1,0.8,4.0,971.0,0.0,0.0,0.43357363542739447
33.0,10.0,5.0,0.3,0.1,0.8,4.0,975.0,0.0,0.0,0.4338461538461538
33.0,10.0,6.0,0.3,0.1,0.8,4.0,970.0,0.0,0.0,0.4329896907216495
33.0,10.0,7.0,0.3,0.1,0.8,4.0,975.0,0.0,0.0,0.4338461538461538
33.0,10.0,8.0,0.3,0.1,0.8,4.0,954.0,0.0,0.0,0.4329140461215933
33.0,10.0,9.0,0.3,0.1,0.8,4.0,945.0,0.0,0.0,0.43597883597883597
33.0,10.0,10.0,0.3,0.1,0.8,4.0,933.0,0.0,0.0,0.43837084673097537
33.0,10.0,11.0,0.3,0.1,0.8,4.0,936.0,0.0,0.0,0.43803418803418803
33.0,10.0,12.0,0.3,0.1,0.8,4.0,929.0,0.0,0.0,0.4402583423035522
33.0,10.0,13.0,0.3,0.1,0.8,4.0,934.0,0.0,0.0,0.43897216274089934
33.0,10.0,14.0,0.3,0.1,0.8,4.0,930.0,0.0,0.0,0.4397849462365591
33.0,10.0,15.0,0.3,0.1,0.8,4.0,932.0,0.0,0.0,0.4409871244635193
33.0,10.0,16.0,0.3,0.1,0.8,4.0,930.0,0.0,0.0,0.43870967741935485
33.0,10.0,17.0,0.3,0.1,0.8,4.0,934.0,0.0,0.0,0.43897216274089934
33.0,10.0,18.0,0.3,0.1,0.8,4.0,930.0,0.0,0.0,0.4397849462365591
33.0,10.0,19.0,0.3,0.1,0.8,4.0,932.0,0.0,0.0,0.4388412017167382
33.0,10.0,20.0,0.3,0.1,0.8,4.0,1586.0,0.0,0.0,0.24337957124842372
33.0,10.0,21.0,0.3,0.1,0.8,4.0,1546.0,0.0,0.0,0.24708926261319533
33.0,10.0,22.0,0.3,0.1,0.8,4.0,1523.0,0.0,0.0,0.2442547603414314
33.0,10.0,23.0,0.3,0.1,0.8,4.0,1470.0,0.0,0.0,0.24625850340136055
33.0,10.0,24.0,0.3,0.1,0.8,4.0,1459.0,0.0,0.0,0.2446881425633996
33.0,10.0,25.0,0.3,0.1,0.8,4.0,1427.0,0.0,0.0,0.24807288016818502
33.0,10.0,26.0,0.3,0.1,0.8,4.0,1398.0,0.0,0.0,0.24892703862660945
33.0,10.0,27.0,0.3,0.1,0.8,4.0,1367.0,0.0,0.0,0.25091441111923923
33.0,10.0,28.0,0.3,0.1,0.8,4.0,1372.0,0.0,0.0,0.24927113702623907
33.0,10.0,29.0,0.3,0.1,0.8,4.0,1310.0,0.0,0.0,0.2587786259541985
33.0,10.0,30.0,0.3,0.1,0.8,4.0,1310.0,0.0,0.0,0.2549618320610687
33.0,10.0,31.0,0.3,0.1,0.8,4.0,1255.0,0.0,0.0,0.2597609561752988
33.0,10.0,32.0,0.3,0.1,0.8,4.0,1253.0,0.0,0.0,0.2569832402234637
33.0,10.0,33.0,0.3,0.1,0.8,4.0,1231.0,0.0,0.0,0.25995125913891143
33.0,10.0,34.0,0.3,0.1,0.8,4.0,1224.0,0.0,0.0,0.2581699346405229
33.0,10.0,35.0,0.3,0.1,0.8,4.0,1220.0,0.0,0.0,0.260655737704918
33.0,10.0,36.0,0.3,0.1,0.8,4.0,1192.0,0.0,0.0,0.2625838926174497
33.0,10.0,37.0,0.3,0.1,0.8,4.0,1188.0,0.0,0.0,0.26430976430976433
33.0,10.0,38.0,0.3,0.1,0.8,4.0,1178.0,0.0,0.0,0.2614601018675722
33.0,10.0,39.0,0.3,0.1,0.8,4.0,1142.0,0.0,0.0,0.2679509632224168
33.0,10.0,40.0,0.3,0.1,0.8,4.0,1136.0,0.0,0.0,0.26672535211267606
33.0,10.0,41.0,0.3,0.1,0.8,4.0,1110.0,0.0,0.0,0.2702702702702703
33.0,10.0,42.0,0.3,0.1,0.8,4.0,1069.0,0.0,0.0,0.2768942937324602
33.0,10.0,43.0,0.3,0.1,0.8,4.0,1055.0,0.0,0.0,0.2796208530805687
33.0,10.0,44.0,0.3,0.1,0.8,4.0,1056.0,0.0,0.0,0.2784090909090909
33.0,10.0,45.0,0.3,0.1,0.8,4.0,1040.0,0.0,0.0,0.46057692307692305
33.0,10.0,46.0,0.3,0.1,0.8,4.0,1008.0,0.0,0.0,0.4652777777777778
33.0,10.0,47.0,0.3,0.1,0.8,4.0,994.0,0.0,0.0,0.46579476861167
33.0,10.0,48.0,0.3,0.1,0.8,4.0,978.0,0.0,0.0,0.4652351738241309
33.0,10.0,49.0,0.3,0.1,0.8,4.0,966.0,0.0,0.0,0.4658385093167702
33.0,10.0,50.0,0.3,0.1,0.8,4.0,967.0,0.0,0.0,0.4643226473629783
33.0,10.0,51.0,0.3,0.1,0.8,4.0,971.0,0.0,0.0,0.4654994850669413
33.0,10.0,52.0,0.3,0.1,0.8,4.0,963.0,0.0,0.0,0.46313603322949115
34.0,1.0,1.0,0.3,0.1,0.8,4.0,5230.0,51.0,10.0,0.29082217973231356
34.0,1.0,2.0,0.3,0.1,0.8,4.0,5129.0,58.0,27.0,0.29323454864496
34.0,1.0,3.0,0.3,0.1,0.8,4.0,5020.0,74.0,34.0,0.29203187250996016
34.0,1.0,4.0,0.3,0.1,0.8,4.0,4912.0,93.0,33.0,0.2953990228013029
34.0,1.0,5.0,0.3,0.1,0.8,4.0,4865.0,107.0,29.0,0.2957862281603289
34.0,1.0,6.0,0.3,0.1,0.8,4.0,4813.0,132.0,43.0,0.29503428215250366
34.0,1.0,7.0,0.3,0.1,0.8,4.0,4670.0,134.0,57.0,0.29850107066381154
34.0,1.0,8.0,0.3,0.1,0.8,4.0,4548.0,164.0,70.0,0.29617414248021107
34.0,1.0,9.0,0.3,0.1,0.8,4.0,4401.0,174.0,67.0,0.2990229493296978
34.0,1.0,10.0,0.3,0.1,0.8,4.0,4231.0,178.0,69.0,0.30063814701016306
34.0,1.0,11.0,0.3,0.1,0.8,4.0,4047.0,194.0,78.0,0.3049172226340499
34.0,1.0,12.0,0.3,0.1,0.8,4.0,3968.0,223.0,93.0,0.30569556451612906
34.0,1.0,13.0,0.3,0.1,0.8,4.0,3891.0,233.0,100.0,0.30763299922898996
34.0,1.0,14.0,0.3,0.1,0.8,4.0,3827.0,239.0,118.0,0.3109485236477659
34.0,1.0,15.0,0.3,0.1,0.8,4.0,3732.0,261.0,121.0,0.31430868167202575
34.0,1.0,16.0,0.3,0.1,0.8,4.0,3651.0,290.0,123.0,0.3163516844700082
34.0,1.0,17.0,0.3,0.1,0.8,4.0,3529.0,277.0,120.0,0.3213374893737603
34.0,1.0,18.0,0.3,0.1,0.8,4.0,3363.0,287.0,127.0,0.3258994944989593
34.0,1.0,19.0,0.3,0.1,0.8,4.0,3311.0,305.0,152.0,0.32920567804288736
34.0,1.0,20.0,0.3,0.1,0.8,4.0,6011.0,276.0,157.0,0.17817334886042255
34.0,1.0,21.0,0.3,0.1,0.8,4.0,5548.0,355.0,133.0,0.1807858687815429
34.0,1.0,22.0,0.3,0.1,0.8,4.0,5236.0,404.0,125.0,0.18334606569900688
34.0,1.0,23.0,0.3,0.1,0.8,4.0,4939.0,400.0,141.0,0.18910710670176148
34.0,1.0,24.0,0.3,0.1,0.8,4.0,4713.0,440.0,180.0,0.1892637385953745
34.0,1.0,25.0,0.3,0.1,0.8,4.0,4583.0,482.0,211.0,0.1924503600261837
34.0,1.0,26.0,0.3,0.1,0.8,4.0,4289.0,497.0,206.0,0.1972487759384472
34.0,1.0,27.0,0.3,0.1,0.8,4.0,4084.0,513.0,220.0,0.2015181194906954
34.0,1.0,28.0,0.3,0.1,0.8,4.0,3835.0,525.0,208.0,0.20625814863102998
34.0,1.0,29.0,0.3,0.1,0.8,4.0,3663.0,529.0,225.0,0.2132132132132132
34.0,1.0,30.0,0.3,0.1,0.8,4.0,3385.0,512.0,252.0,0.2221565731166913
34.0,1.0,31.0,0.3,0.1,0.8,4.0,3276.0,531.0,265.0,0.2264957264957265
34.0,1.0,32.0,0.3,0.1,0.8,4.0,3117.0,522.0,248.0,0.2354828360603144
34.0,1.0,33.0,0.3,0.1,0.8,4.0,2933.0,485.0,217.0,0.2465052846914422
34.0,1.0,34.0,0.3,0.1,0.8,4.0,2774.0,463.0,218.0,0.25594808940158614
34.0,1.0,35.0,0.3,0.1,0.8,4.0,2678.0,443.0,219.0,0.2643764002987304
34.0,1.0,36.0,0.3,0.1,0.8,4.0,2567.0,440.0,227.0,0.2707440592130892
34.0,1.0,37.0,0.3,0.1,0.8,4.0,2465.0,426.0,198.0,0.28113590263691685
34.0,1.0,38.0,0.3,0.1,0.8,4.0,2356.0,399.0,191.0,0.2928692699490662
34.0,1.0,39.0,0.3,0.1,0.8,4.0,2230.0,359.0,192.0,0.3031390134529148
34.0,1.0,40.0,0.3,0.1,0.8,4.0,2132.0,343.0,194.0,0.3128517823639775
34.0,1.0,41.0,0.3,0.1,0.8,4.0,2018.0,303.0,172.0,0.32556987115956393
34.0,1.0,42.0,0.3,0.1,0.8,4.0,1928.0,271.0,149.0,0.3366182572614108
34.0,1.0,43.0,0.3,0.1,0.8,4.0,1820.0,222.0,120.0,0.3521978021978022
34.0,1.0,44.0,0.3,0.1,0.8,4.0,1770.0,206.0,111.0,0.3581920903954802
34.0,1.0,45.0,0.3,0.1,0.8,4.0,1698.0,175.0,91.0,0.5058892815076561
34.0,1.0,46.0,0.3,0.1,0.8,4.0,1646.0,151.0,90.0,0.5097205346294046
34.0,1.0,47.0,0.3,0.1,0.8,4.0,1585.0,129.0,83.0,0.5173501577287066
34.0,1.0,48.0,0.3,0.1,0.8,4.0,1537.0,103.0,70.0,0.5250487963565387
34.0,1.0,49.0,0.3,0.1,0.8,4.0,1487.0,85.0,54.0,0.5319435104236718
34.0,1.0,50.0,0.3,0.1,0.8,4.0,1453.0,68.0,36.0,0.5375086028905712
34.0,1.0,51.0,0.3,0.1,0.8,4.0,1425.0,58.0,30.0,0.5424561403508772
34.0,1.0,52.0,0.3,0.1,0.8,4.0,1397.0,49.0,28.0,0.5454545454545454
34.0,2.0,1.0,0.3,0.1,0.8,4.0,1375.0,43.0,24.0,0.5505454545454546
34.0,2.0,2.0,0.3,0.1,0.8,4.0,1358.0,38.0,20.0,0.5537555228276878
34.0,2.0,3.0,0.3,0.1,0.8,4.0,1334.0,31.0,19.0,0.5562218890554723
34.0,2.0,4.0,0.3,0.1,0.8,4.0,1315.0,28.0,17.0,0.5574144486692015
34.0,2.0,5.0,0.3,0.1,0.8,4.0,1282.0,22.0,17.0,0.5631825273010921
34.0,2.0,6.0,0.3,0.1,0.8,4.0,1270.0,15.0,11.0,0.5645669291338583
34.0,2.0,7.0,0.3,0.1,0.8,4.0,1253.0,15.0,9.0,0.5674381484437351
34.0,2.0,8.0,0.3,0.1,0.8,4.0,1248.0,11.0,7.0,0.5697115384615384
34.0,2.0,9.0,0.3,0.1,0.8,4.0,1229.0,13.0,5.0,0.5679414157851912
34.0,2.0,10.0,0.3,0.1,0.8,4.0,1212.0,12.0,5.0,0.5684818481848185
34.0,2.0,11.0,0.3,0.1,0.8,4.0,1197.0,9.0,2.0,0.5672514619883041
34.0,2.0,12.0,0.3,0.1,0.8,4.0,1191.0,11.0,4.0,0.5701091519731318
34.0,2.0,13.0,0.3,0.1,0.8,4.0,1173.0,10.0,5.0,0.5694799658994032
34.0,2.0,14.0,0.3,0.1,0.8,4.0,1167.0,13.0,6.0,0.5681233933161953
34.0,2.0,15.0,0.3,0.1,0.8,4.0,1149.0,16.0,5.0,0.5674499564838991
34.0,2.0,16.0,0.3,0.1,0.8,4.0,1129.0,14.0,6.0,0.5704162976085031
34.0,2.0,17.0,0.3,0.1,0.8,4.0,1120.0,13.0,7.0,0.5678571428571428
34.0,2.0,18.0,0.3,0.1,0.8,4.0,1105.0,13.0,9.0,0.5656108597285068
34.0,2.0,19.0,0.3,0.1,0.8,4.0,1093.0,11.0,8.0,0.565416285452882
34.0,2.0,20.0,0.3,0.1,0.8,4.0,2067.0,11.0,6.0,0.2912433478471214
34.0,2.0,21.0,0.3,0.1,0.8,4.0,1950.0,12.0,3.0,0.2953846153846154
34.0,2.0,22.0,0.3,0.1,0.8,4.0,1922.0,11.0,5.0,0.2976066597294485
34.0,2.0,23.0,0.3,0.1,0.8,4.0,1845.0,13.0,6.0,0.2991869918699187
34.0,2.0,24.0,0.3,0.1,0.8,4.0,1832.0,15.0,9.0,0.29912663755458513
34.0,2.0,25.0,0.3,0.1,0.8,4.0,1770.0,16.0,7.0,0.30056497175141245
34.0,2.0,26.0,0.3,0.1,0.8,4.0,1772.0,19.0,7.0,0.2996613995485327
34.0,2.0,27.0,0.3,0.1,0.8,4.0,1710.0,15.0,7.0,0.3023391812865497
34.0,2.0,28.0,0.3,0.1,0.8,4.0,1674.0,13.0,8.0,0.30286738351254483
34.0,2.0,29.0,0.3,0.1,0.8,4.0,1617.0,12.0,7.0,0.3067408781694496
34.0,2.0,30.0,0.3,0.1,0.8,4.0,1609.0,11.0,7.0,0.30515848353014297
34.0,2.0,31.0,0.3,0.1,0.8,4.0,1578.0,10.0,5.0,0.30671736375158426
34.0,2.0,32.0,0.3,0.1,0.8,4.0,1546.0,9.0,6.0,0.3078913324708926
34.0,2.0,33.0,0.3,0.1,0.8,4.0,1503.0,7.0,4.0,0.3060545575515635
34.0,2.0,34.0,0.3,0.1,0.8,4.0,1494.0,8.0,3.0,0.30856760374832665
34.0,2.0,35.0,0.3,0.1,0.8,4.0,1463.0,5.0,3.0,0.3103212576896787
34.0,2.0,36.0,0.3,0.1,0.8,4.0,1455.0,6.0,2.0,0.3120274914089347
34.0,2.0,37.0,0.3,0.1,0.8,4.0,1424.0,7.0,4.0,0.3082865168539326
34.0,2.0,38.0,0.3,0.1,0.8,4.0,1412.0,7.0,3.0,0.3087818696883853
34.0,2.0,39.0,0.3,0.1,0.8,4.0,1365.0,9.0,4.0,0.3076923076923077
34.0,2.0,40.0,0.3,0.1,0.8,4.0,1322.0,3.0,0.0,0.31164901664145234
34.0,2.0,41.0,0.3,0.1,0.8,4.0,1290.0,3.0,0.0,0.31007751937984496
34.0,2.0,42.0,0.3,0.1,0.8,4.0,1270.0,3.0,1.0,0.31338582677165355
34.0,2.0,43.0,0.3,0.1,0.8,4.0,1256.0,3.0,1.0,0.3105095541401274
34.0,2.0,44.0,0.3,0.1,0.8,4.0,1223.0,3.0,2.0,0.31398201144726084
34.0,2.0,45.0,0.3,0.1,0.8,4.0,1202.0,2.0,2.0,0.4442595673876872
34.0,2.0,46.0,0.3,0.1,0.8,4.0,1202.0,2.0,2.0,0.44509151414309484
34.0,2.0,47.0,0.3,0.1,0.8,4.0,1154.0,1.0,1.0,0.44540727902946275
34.0,2.0,48.0,0.3,0.1,0.8,4.0,1149.0,0.0,0.0,0.4464751958224543
34.0,2.0,49.0,0.3,0.1,0.8,4.0,1109.0,0.0,0.0,0.4436429215509468
34.0,2.0,50.0,0.3,0.1,0.8,4.0,1105.0,0.0,0.0,0.4407239819004525
34.0,2.0,51.0,0.3,0.1,0.8,4.0,1078.0,0.0,0.0,0.4424860853432282
34.0,2.0,52.0,0.3,0.1,0.8,4.0,1082.0,0.0,0.0,0.4390018484288355
34.0,3.0,1.0,0.3,0.1,0.8,4.0,1063.0,0.0,0.0,0.4412041392285983
34.0,3.0,2.0,0.3,0.1,0.8,4.0,1050.0,0.0,0.0,0.43523809523809526
34.0,3.0,3.0,0.3,0.1,0.8,4.0,1041.0,0.0,0.0,0.43804034582132567
34.0,3.0,4.0,0.3,0.1,0.8,4.0,1037.0,0.0,0.0,0.43490838958534234
34.0,3.0,5.0,0.3,0.1,0.8,4.0,1025.0,0.0,0.0,0.43609756097560975
34.0,3.0,6.0,0.3,0.1,0.8,4.0,1027.0,0.0,0.0,0.433300876338851
34.0,3.0,7.0,0.3,0.1,0.8,4.0,1013.0,0.0,0.0,0.43731490621915103
34.0,3.0,8.0,0.3,0.1,0.8,4.0,1017.0,0.0,0.0,0.4336283185840708
34.0,3.0,9.0,0.3,0.1,0.8,4.0,1008.0,0.0,0.0,0.43353174603174605
34.0,3.0,10.0,0.3,0.1,0.8,4.0,999.0,0.0,0.0,0.43243243243243246
34.0,3.0,11.0,0.3,0.1,0.8,4.0,995.0,0.0,0.0,0.4321608040201005
34.0,3.0,12.0,0.3,0.1,0.8,4.0,987.0,0.0,0.0,0.43566362715298884
34.0,3.0,13.0,0.3,0.1,0.8,4.0,977.0,0.0,0.0,0.43500511770726713
34.0,3.0,14.0,0.3,0.1,0.8,4.0,977.0,0.0,0.0,0.4329580348004094
34.0,3.0,15.0,0.3,0.1,0.8,4.0,972.0,0.0,0.0,0.43415637860082307
34.0,3.0,16.0,0.3,0.1,0.8,4.0,967.0,0.0,0.0,0.4301964839710445
34.0,3.0,17.0,0.3,0.1,0.8,4.0,960.0,0.0,0.0,0.43125
34.0,3.0,18.0,0.3,0.1,0.8,4.0,948.0,0.0,0.0,0.4282700421940928
34.0,3.0,19.0,0.3,0.1,0.8,4.0,946.0,0.0,0.0,0.4281183932346723
34.0,3.0,20.0,0.3,0.1,0.8,4.0,1823.0,0.0,0.0,0.2210641799232035
34.0,3.0,21.0,0.3,0.1,0.8,4.0,1802.0,0.0,0.0,0.21975582685904552
34.0,3.0,22.0,0.3,0.1,0.8,4.0,1703.0,0.0,0.0,0.22137404580152673
34.0,3.0,23.0,0.3,0.1,0.8,4.0,1598.0,0.0,0.0,0.22340425531914893
34.0,3.0,24.0,0.3,0.1,0.8,4.0,1530.0,0.0,0.0,0.22549019607843138
34.0,3.0,25.0,0.3,0.1,0.8,4.0,1503.0,0.0,0.0,0.22421823020625417
34.0,3.0,26.0,0.3,0.1,0.8,4.0,1482.0,0.0,0.0,0.2233468286099865
34.0,3.0,27.0,0.3,0.1,0.8,4.0,1456.0,0.0,0.0,0.2245879120879121
34.0,3.0,28.0,0.3,0.1,0.8,4.0,1416.0,0.0,0.0,0.22387005649717515
34.0,3.0,29.0,0.3,0.1,0.8,4.0,1362.0,0.0,0.0,0.2261380323054332
34.0,3.0,30.0,0.3,0.1,0.8,4.0,1348.0,0.0,0.0,0.22626112759643918
34.0,3.0,31.0,0.3,0.1,0.8,4.0,1328.0,0.0,0.0,0.22740963855421686
34.0,3.0,32.0,0.3,0.1,0.8,4.0,1280.0,0.0,0.0,0.23203125
34.0,3.0,33.0,0.3,0.1,0.8,4.0,1245.0,0.0,0.0,0.23453815261044178
34.0,3.0,34.0,0.3,0.1,0.8,4.0,1212.0,0.0,0.0,0.23514851485148514
34.0,3.0,35.0,0.3,0.1,0.8,4.0,1186.0,0.0,0.0,0.23608768971332209
34.0,3.0,36.0,0.3,0.1,0.8,4.0,1184.0,0.0,0.0,0.23564189189189189
34.0,3.0,37.0,0.3,0.1,0.8,4.0,1157.0,0.0,0.0,0.23595505617977527
34.0,3.0,38.0,0.3,0.1,0.8,4.0,1141.0,0.0,0.0,0.2357581069237511
34.0,3.0,39.0,0.3,0.1,0.8,4.0,1108.0,0.0,0.0,0.2355595667870036
34.0,3.0,40.0,0.3,0.1,0.8,4.0,1063.0,0.0,0.0,0.23424270931326435
34.0,3.0,41.0,0.3,0.1,0.8,4.0,1063.0,0.0,0.0,0.2333019755409219
34.0,3.0,42.0,0.3,0.1,0.8,4.0,1050.0,0.0,0.0,0.23047619047619047
34.0,3.0,43.0,0.3,0.1,0.8,4.0,1028.0,0.0,0.0,0.23346303501945526
34.0,3.0,44.0,0.3,0.1,0.8,4.0,998.0,0.0,0.0,0.22845691382765532
34.0,3.0,45.0,0.3,0.1,0.8,4.0,985.0,0.0,0.0,0.3918781725888325
34.0,3.0,46.0,0.3,0.1,0.8,4.0,974.0,0.0,0.0,0.39117043121149897
34.0,3.0,47.0,0.3,0.1,0.8,4.0,967.0,0.0,0.0,0.38883143743536713
34.0,3.0,48.0,0.3,0.1,0.8,4.0,967.0,0.0,0.0,0.38986556359875907
34.0,3.0,49.0,0.3,0.1,0.8,4.0,958.0,0.0,0.0,0.3903966597077244
34.0,3.0,50.0,0.3,0.1,0.8,4.0,958.0,0.0,0.0,0.3903966597077244
34.0,3.0,51.0,0.3,0.1,0.8,4.0,940.0,0.0,0.0,0.3882978723404255
34.0,3.0,52.0,0.3,0.1,0.8,4.0,931.0,0.0,0.0,0.39312567132116005
34.0,4.0,1.0,0.3,0.1,0.8,4.0,923.0,0.0,0.0,0.39219934994582883
34.0,4.0,2.0,0.3,0.1,0.8,4.0,918.0,0.0,0.0,0.39324618736383443
34.0,4.0,3.0,0.3,0.1,0.8,4.0,913.0,0.0,0.0,0.3932092004381161
34.0,4.0,4.0,0.3,0.1,0.8,4.0,890.0,0.0,0.0,0.398876404494382
34.0,4.0,5.0,0.3,0.1,0.8,4.0,887.0,0.0,0.0,0.39571589627959414
34.0,4.0,6.0,0.3,0.1,0.8,4.0,883.0,0.0,0.0,0.39750849377123443
34.0,4.0,7.0,0.3,0.1,0.8,4.0,878.0,0.0,0.0,0.3940774487471526
34.0,4.0,8.0,0.3,0.1,0.8,4.0,879.0,0.0,0.0,0.39590443686006827
34.0,4.0,9.0,0.3,0.1,0.8,4.0,874.0,0.0,0.0,0.39359267734553777
34.0,4.0,10.0,0.3,0.1,0.8,4.0,871.0,0.0,0.0,0.39724454649827784
34.0,4.0,11.0,0.3,0.1,0.8,4.0,864.0,0.0,0.0,0.39351851851851855
34.0,4.0,12.0,0.3,0.1,0.8,4.0,859.0,0.0,0.0,0.3958090803259604
34.0,4.0,13.0,0.3,0.1,0.8,4.0,856.0,0.0,0.0,0.39135514018691586
34.0,4.0,14.0,0.3,0.1,0.8,4.0,850.0,0.0,0.0,0.3941176470588235
34.0,4.0,15.0,0.3,0.1,0.8,4.0,851.0,0.0,0.0,0.39247943595769685
34.0,4.0,16.0,0.3,0.1,0.8,4.0,844.0,0.0,0.0,0.3921800947867299
34.0,4.0,17.0,0.3,0.1,0.8,4.0,844.0,0.0,0.0,0.38981042654028436
34.0,4.0,18.0,0.3,0.1,0.8,4.0,838.0,0.0,0.0,0.3914081145584726
34.0,4.0,19.0,0.3,0.1,0.8,4.0,836.0,0.0,0.0,0.38995215311004783
34.0,4.0,20.0,0.3,0.1,0.8,4.0,1543.0,0.0,0.0,0.21062864549578741
34.0,4.0,21.0,0.3,0.1,0.8,4.0,1535.0,0.0,0.0,0.20846905537459284
34.0,4.0,22.0,0.3,0.1,0.8,4.0,1494.0,0.0,0.0,0.21084337349397592
34.0,4.0,23.0,0.3,0.1,0.8,4.0,1495.0,0.0,0.0,0.21070234113712374
34.0,4.0,24.0,0.3,0.1,0.8,4.0,1447.0,0.0,0.0,0.21354526606772634
34.0,4.0,25.0,0.3,0.1,0.8,4.0,1384.0,0.0,0.0,0.21676300578034682
34.0,4.0,26.0,0.3,0.1,0.8,4.0,1362.0,0.0,0.0,0.2195301027900147
34.0,4.0,27.0,0.3,0.1,0.8,4.0,1340.0,0.0,0.0,0.22238805970149253
34.0,4.0,28.0,0.3,0.1,0.8,4.0,1323.0,0.0,0.0,0.2222222222222222
34.0,4.0,29.0,0.3,0.1,0.8,4.0,1295.0,0.0,0.0,0.22162162162162163
34.0,4.0,30.0,0.3,0.1,0.8,4.0,1284.0,0.0,0.0,0.21962616822429906
34.0,4.0,31.0,0.3,0.1,0.8,4.0,1242.0,0.0,0.0,0.22544283413848631
34.0,4.0,32.0,0.3,0.1,0.8,4.0,1208.0,0.0,0.0,0.22682119205298013
34.0,4.0,33.0,0.3,0.1,0.8,4.0,1189.0,0.0,0.0,0.2287636669470143
34.0,4.0,34.0,0.3,0.1,0.8,4.0,1144.0,0.0,0.0,0.2298951048951049
34.0,4.0,35.0,0.3,0.1,0.8,4.0,1140.0,0.0,0.0,0.22894736842105262
34.0,4.0,36.0,0.3,0.1,0.8,4.0,1105.0,0.0,0.0,0.22624434389140272
34.0,4.0,37.0,0.3,0.1,0.8,4.0,1098.0,0.0,0.0,0.226775956284153
34.0,4.0,38.0,0.3,0.1,0.8,4.0,1045.0,0.0,0.0,0.23444976076555024
34.0,4.0,39.0,0.3,0.1,0.8,4.0,1029.0,0.0,0.0,0.23517978620019436
34.0,4.0,40.0,0.3,0.1,0.8,4.0,1007.0,0.0,0.0,0.23435948361469713
34.0,4.0,41.0,0.3,0.1,0.8,4.0,995.0,0.0,0.0,0.23517587939698492
34.0,4.0,42.0,0.3,0.1,0.8,4.0,942.0,0.0,0.0,0.2346072186836518
34.0,4.0,43.0,0.3,0.1,0.8,4.0,940.0,0.0,0.0,0.23404255319148937
34.0,4.0,44.0,0.3,0.1,0.8,4.0,924.0,0.0,0.0,0.23376623376623376
34.0,4.0,45.0,0.3,0.1,0.8,4.0,923.0,0.0,0.0,0.38353196099674974
34.0,4.0,46.0,0.3,0.1,0.8,4.0,912.0,0.0,0.0,0.3826754385964912
34.0,4.0,47.0,0.3,0.1,0.8,4.0,905.0,0.0,0.0,0.3867403314917127
34.0,4.0,48.0,0.3,0.1,0.8,4.0,876.0,0.0,0.0,0.384703196347032
34.0,4.0,49.0,0.3,0.1,0.8,4.0,887.0,0.0,0.0,0.3855693348365276
34.0,4.0,50.0,0.3,0.1,0.8,4.0,869.0,0.0,0.0,0.38204833141542005
34.0,4.0,51.0,0.3,0.1,0.8,4.0,874.0,0.0,0.0,0.38329519450800914
34.0,4.0,52.0,0.3,0.1,0.8,4.0,835.0,0.0,0.0,0.38682634730538923
34.0,5.0,1.0,0.3,0.1,0.8,4.0,843.0,0.0,0.0,0.38908659549228947
34.0,5.0,2.0,0.3,0.1,0.8,4.0,825.0,0.0,0.0,0.3842424242424242
34.0,5.0,3.0,0.3,0.1,0.8,4.0,834.0,0.0,0.0,0.3872901678657074
34.0,5.0,4.0,0.3,0.1,0.8,4.0,806.0,0.0,0.0,0.38213399503722084
34.0,5.0,5.0,0.3,0.1,0.8,4.0,796.0,0.0,0.0,0.39195979899497485
34.0,5.0,6.0,0.3,0.1,0.8,4.0,785.0,0.0,0.0,0.38598726114649684
34.0,5.0,7.0,0.3,0.1,0.8,4.0,790.0,0.0,0.0,0.3911392405063291
34.0,5.0,8.0,0.3,0.1,0.8,4.0,770.0,0.0,0.0,0.39090909090909093
34.0,5.0,9.0,0.3,0.1,0.8,4.0,778.0,0.0,0.0,0.39203084832904883
34.0,5.0,10.0,0.3,0.1,0.8,4.0,768.0,0.0,0.0,0.3919270833333333
34.0,5.0,11.0,0.3,0.1,0.8,4.0,770.0,0.0,0.0,0.3948051948051948
34.0,5.0,12.0,0.3,0.1,0.8,4.0,745.0,0.0,0.0,0.3906040268456376
34.0,5.0,13.0,0.3,0.1,0.8,4.0,729.0,0.0,0.0,0.3950617283950617
34.0,5.0,14.0,0.3,0.1,0.8,4.0,711.0,0.0,0.0,0.38396624472573837
34.0,5.0,15.0,0.3,0.1,0.8,4.0,712.0,0.0,0.0,0.38764044943820225
34.0,5.0,16.0,0.3,0.1,0.8,4.0,705.0,0.0,0.0,0.3843971631205674
34.0,5.0,17.0,0.3,0.1,0.8,4.0,696.0,0.0,0.0,0.3936781609195402
34.0,5.0,18.0,0.3,0.1,0.8,4.0,692.0,0.0,0.0,0.3872832369942196
34.0,5.0,19.0,0.3,0.1,0.8,4.0,693.0,0.0,0.0,0.3953823953823954
34.0,5.0,20.0,0.3,0.1,0.8,4.0,1245.0,0.0,0.0,0.21526104417670683
34.0,5.0,21.0,0.3,0.1,0.8,4.0,1227.0,0.0,0.0,0.21841890790546048
34.0,5.0,22.0,0.3,0.1,0.8,4.0,1207.0,0.0,0.0,0.21541010770505387
34.0,5.0,23.0,0.3,0.1,0.8,4.0,1197.0,0.0,0.0,0.2197159565580618
34.0,5.0,24.0,0.3,0.1,0.8,4.0,1147.0,0.0,0.0,0.21447253705318223
34.0,5.0,25.0,0.3,0.1,0.8,4.0,1135.0,0.0,0.0,0.21938325991189428
34.0,5.0,26.0,0.3,0.1,0.8,4.0,1111.0,0.0,0.0,0.21872187218721872
34.0,5.0,27.0,0.3,0.1,0.8,4.0,1080.0,0.0,0.0,0.22685185185185186
34.0,5.0,28.0,0.3,0.1,0.8,4.0,1047.0,0.0,0.0,0.2282712511938873
34.0,5.0,29.0,0.3,0.1,0.8,4.0,1035.0,0.0,0.0,0.23091787439613526
34.0,5.0,30.0,0.3,0.1,0.8,4.0,1002.0,0.0,0.0,0.23253493013972057
34.0,5.0,31.0,0.3,0.1,0.8,4.0,1003.0,0.0,0.0,0.23030907278165502
34.0,5.0,32.0,0.3,0.1,0.8,4.0,980.0,0.0,0.0,0.23061224489795917
34.0,5.0,33.0,0.3,0.1,0.8,4.0,974.0,0.0,0.0,0.23203285420944558
34.0,5.0,34.0,0.3,0.1,0.8,4.0,940.0,0.0,0.0,0.23191489361702128
34.0,5.0,35.0,0.3,0.1,0.8,4.0,918.0,0.0,0.0,0.23638344226579522
34.0,5.0,36.0,0.3,0.1,0.8,4.0,866.0,0.0,0.0,0.23210161662817552
34.0,5.0,37.0,0.3,0.1,0.8,4.0,844.0,0.0,0.0,0.23222748815165878
34.0,5.0,38.0,0.3,0.1,0.8,4.0,829.0,0.0,0.0,0.2316043425814234
34.0,5.0,39.0,0.3,0.1,0.8,4.0,823.0,0.0,0.0,0.23207776427703525
34.0,5.0,40.0,0.3,0.1,0.8,4.0,788.0,0.0,0.0,0.23604060913705585
34.0,5.0,41.0,0.3,0.1,0.8,4.0,798.0,0.0,0.0,0.23684210526315788
34.0,5.0,42.0,0.3,0.1,0.8,4.0,769.0,0.0,0.0,0.24057217165149544
34.0,5.0,43.0,0.3,0.1,0.8,4.0,775.0,0.0,0.0,0.24
34.0,5.0,44.0,0.3,0.1,0.8,4.0,763.0,0.0,0.0,0.2398427260812582
34.0,5.0,45.0,0.3,0.1,0.8,4.0,772.0,0.0,0.0,0.3795336787564767
34.0,5.0,46.0,0.3,0.1,0.8,4.0,761.0,0.0,0.0,0.3823915900131406
34.0,5.0,47.0,0.3,0.1,0.8,4.0,766.0,0.0,0.0,0.3785900783289817
34.0,5.0,48.0,0.3,0.1,0.8,4.0,756.0,0.0,0.0,0.37962962962962965
34.0,5.0,49.0,0.3,0.1,0.8,4.0,761.0,0.0,0.0,0.37844940867279897
34.0,5.0,50.0,0.3,0.1,0.8,4.0,755.0,0.0,0.0,0.376158940397351
34.0,5.0,51.0,0.3,0.1,0.8,4.0,758.0,0.0,0.0,0.3786279683377309
34.0,5.0,52.0,0.3,0.1,0.8,4.0,749.0,0.0,0.0,0.3751668891855808
34.0,6.0,1.0,0.3,0.1,0.8,4.0,739.0,0.0,0.0,0.37347767253044656
34.0,6.0,2.0,0.3,0.1,0.8,4.0,734.0,0.0,0.0,0.37057220708446864
34.0,6.0,3.0,0.3,0.1,0.8,4.0,726.0,0.0,0.0,0.371900826446281
34.0,6.0,4.0,0.3,0.1,0.8,4.0,721.0,0.0,0.0,0.36893203883495146
34.0,6.0,5.0,0.3,0.1,0.8,4.0,724.0,0.0,0.0,0.3715469613259669
34.0,6.0,6.0,0.3,0.1,0.8,4.0,707.0,0.0,0.0,0.37057991513437055
34.0,6.0,7.0,0.3,0.1,0.8,4.0,712.0,0.0,0.0,0.37219101123595505
34.0,6.0,8.0,0.3,0.1,0.8,4.0,700.0,0.0,0.0,0.37285714285714283
34.0,6.0,9.0,0.3,0.1,0.8,4.0,698.0,0.0,0.0,0.3753581661891118
34.0,6.0,10.0,0.3,0.1,0.8,4.0,693.0,0.0,0.0,0.37373737373737376
34.0,6.0,11.0,0.3,0.1,0.8,4.0,697.0,0.0,0.0,0.37589670014347204
34.0,6.0,12.0,0.3,0.1,0.8,4.0,686.0,0.0,0.0,0.3760932944606414
34.0,6.0,13.0,0.3,0.1,0.8,4.0,687.0,0.0,0.0,0.37700145560407566
34.0,6.0,14.0,0.3,0.1,0.8,4.0,669.0,0.0,0.0,0.3781763826606876
34.0,6.0,15.0,0.3,0.1,0.8,4.0,674.0,0.0,0.0,0.3798219584569733
34.0,6.0,16.0,0.3,0.1,0.8,4.0,664.0,0.0,0.0,0.37801204819277107
34.0,6.0,17.0,0.3,0.1,0.8,4.0,668.0,0.0,0.0,0.38023952095808383
34.0,6.0,18.0,0.3,0.1,0.8,4.0,662.0,0.0,0.0,0.3776435045317221
34.0,6.0,19.0,0.3,0.1,0.8,4.0,665.0,0.0,0.0,0.3774436090225564
34.0,6.0,20.0,0.3,0.1,0.8,4.0,1202.0,0.0,0.0,0.20632279534109818
34.0,6.0,21.0,0.3,0.1,0.8,4.0,1205.0,0.0,0.0,0.208298755186722
34.0,6.0,22.0,0.3,0.1,0.8,4.0,1180.0,0.0,0.0,0.20677966101694914
34.0,6.0,23.0,0.3,0.1,0.8,4.0,1162.0,0.0,0.0,0.21256454388984508
34.0,6.0,24.0,0.3,0.1,0.8,4.0,1064.0,0.0,0.0,0.21710526315789475
34.0,6.0,25.0,0.3,0.1,0.8,4.0,1072.0,0.0,0.0,0.21455223880597016
34.0,6.0,26.0,0.3,0.1,0.8,4.0,1046.0,0.0,0.0,0.21319311663479923
34.0,6.0,27.0,0.3,0.1,0.8,4.0,1009.0,0.0,0.0,0.21209117938553024
34.0,6.0,28.0,0.3,0.1,0.8,4.0,978.0,0.0,0.0,0.2167689161554192
34.0,6.0,29.0,0.3,0.1,0.8,4.0,953.0,0.0,0.0,0.21091290661070305
34.0,6.0,30.0,0.3,0.1,0.8,4.0,922.0,0.0,0.0,0.21258134490238612
34.0,6.0,31.0,0.3,0.1,0.8,4.0,871.0,0.0,0.0,0.21469575200918484
34.0,6.0,32.0,0.3,0.1,0.8,4.0,821.0,0.0,0.0,0.2241169305724726
34.0,6.0,33.0,0.3,0.1,0.8,4.0,809.0,0.0,0.0,0.22373300370828184
34.0,6.0,34.0,0.3,0.1,0.8,4.0,785.0,0.0,0.0,0.22802547770700637
34.0,6.0,35.0,0.3,0.1,0.8,4.0,785.0,0.0,0.0,0.2229299363057325
34.0,6.0,36.0,0.3,0.1,0.8,4.0,766.0,0.0,0.0,0.22193211488250653
34.0,6.0,37.0,0.3,0.1,0.8,4.0,761.0,0.0,0.0,0.22076215505913271
34.0,6.0,38.0,0.3,0.1,0.8,4.0,734.0,0.0,0.0,0.22615803814713897
34.0,6.0,39.0,0.3,0.1,0.8,4.0,734.0,0.0,0.0,0.22343324250681199
34.0,6.0,40.0,0.3,0.1,0.8,4.0,727.0,0.0,0.0,0.22420907840440166
34.0,6.0,41.0,0.3,0.1,0.8,4.0,729.0,0.0,0.0,0.22633744855967078
34.0,6.0,42.0,0.3,0.1,0.8,4.0,718.0,0.0,0.0,0.22701949860724233
34.0,6.0,43.0,0.3,0.1,0.8,4.0,719.0,0.0,0.0,0.22809457579972184
34.0,6.0,44.0,0.3,0.1,0.8,4.0,712.0,0.0,0.0,0.22612359550561797
34.0,6.0,45.0,0.3,0.1,0.8,4.0,716.0,0.0,0.0,0.41620111731843573
34.0,6.0,46.0,0.3,0.1,0.8,4.0,689.0,0.0,0.0,0.41654571843251087
34.0,6.0,47.0,0.3,0.1,0.8,4.0,685.0,0.0,0.0,0.41897810218978104
34.0,6.0,48.0,0.3,0.1,0.8,4.0,672.0,0.0,0.0,0.4166666666666667
34.0,6.0,49.0,0.3,0.1,0.8,4.0,666.0,0.0,0.0,0.42342342342342343
34.0,6.0,50.0,0.3,0.1,0.8,4.0,642.0,0.0,0.0,0.4252336448598131
34.0,6.0,51.0,0.3,0.1,0.8,4.0,651.0,0.0,0.0,0.4254992319508449
34.0,6.0,52.0,0.3,0.1,0.8,4.0,638.0,0.0,0.0,0.42476489028213166
34.0,7.0,1.0,0.3,0.1,0.8,4.0,645.0,0.0,0.0,0.4248062015503876
34.0,7.0,2.0,0.3,0.1,0.8,4.0,635.0,0.0,0.0,0.4251968503937008
34.0,7.0,3.0,0.3,0.1,0.8,4.0,626.0,0.0,0.0,0.4249201277955272
34.0,7.0,4.0,0.3,0.1,0.8,4.0,613.0,0.0,0.0,0.4257748776508972
34.0,7.0,5.0,0.3,0.1,0.8,4.0,618.0,0.0,0.0,0.42718446601941745
34.0,7.0,6.0,0.3,0.1,0.8,4.0,608.0,0.0,0.0,0.42598684210526316
34.0,7.0,7.0,0.3,0.1,0.8,4.0,615.0,0.0,0.0,0.42601626016260163
34.0,7.0,8.0,0.3,0.1,0.8,4.0,604.0,0.0,0.0,0.42549668874172186
34.0,7.0,9.0,0.3,0.1,0.8,4.0,613.0,0.0,0.0,0.4274061990212072
34.0,7.0,10.0,0.3,0.1,0.8,4.0,603.0,0.0,0.0,0.4262023217247098
34.0,7.0,11.0,0.3,0.1,0.8,4.0,609.0,0.0,0.0,0.42857142857142855
34.0,7.0,12.0,0.3,0.1,0.8,4.0,596.0,0.0,0.0,0.42953020134228187
34.0,7.0,13.0,0.3,0.1,0.8,4.0,603.0,0.0,0.0,0.4311774461028192
34.0,7.0,14.0,0.3,0.1,0.8,4.0,592.0,0.0,0.0,0.43074324324324326
34.0,7.0,15.0,0.3,0.1,0.8,4.0,602.0,0.0,0.0,0.4318936877076412
34.0,7.0,16.0,0.3,0.1,0.8,4.0,593.0,0.0,0.0,0.4300168634064081
34.0,7.0,17.0,0.3,0.1,0.8,4.0,591.0,0.0,0.0,0.43147208121827413
34.0,7.0,18.0,0.3,0.1,0.8,4.0,582.0,0.0,0.0,0.42955326460481097
34.0,7.0,19.0,0.3,0.1,0.8,4.0,590.0,0.0,0.0,0.43050847457627117
34.0,7.0,20.0,0.3,0.1,0.8,4.0,1048.0,0.0,0.0,0.2366412213740458
34.0,7.0,21.0,0.3,0.1,0.8,4.0,1038.0,0.0,0.0,0.24373795761078998
34.0,7.0,22.0,0.3,0.1,0.8,4.0,955.0,0.0,0.0,0.24921465968586387
34.0,7.0,23.0,0.3,0.1,0.8,4.0,959.0,0.0,0.0,0.2502606882168926
34.0,7.0,24.0,0.3,0.1,0.8,4.0,919.0,0.0,0.0,0.2535364526659412
34.0,7.0,25.0,0.3,0.1,0.8,4.0,917.0,0.0,0.0,0.25627044711014174
34.0,7.0,26.0,0.3,0.1,0.8,4.0,892.0,0.0,0.0,0.25672645739910316
34.0,7.0,27.0,0.3,0.1,0.8,4.0,903.0,0.0,0.0,0.25802879291251385
34.0,7.0,28.0,0.3,0.1,0.8,4.0,855.0,0.0,0.0,0.256140350877193
34.0,7.0,29.0,0.3,0.1,0.8,4.0,861.0,0.0,0.0,0.2578397212543554
34.0,7.0,30.0,0.3,0.1,0.8,4.0,841.0,0.0,0.0,0.2568370986920333
34.0,7.0,31.0,0.3,0.1,0.8,4.0,840.0,0.0,0.0,0.25357142857142856
34.0,7.0,32.0,0.3,0.1,0.8,4.0,814.0,0.0,0.0,0.25675675675675674
34.0,7.0,33.0,0.3,0.1,0.8,4.0,820.0,0.0,0.0,0.2573170731707317
34.0,7.0,34.0,0.3,0.1,0.8,4.0,810.0,0.0,0.0,0.2580246913580247
34.0,7.0,35.0,0.3,0.1,0.8,4.0,807.0,0.0,0.0,0.2589838909541512
34.0,7.0,36.0,0.3,0.1,0.8,4.0,766.0,0.0,0.0,0.26370757180156656
34.0,7.0,37.0,0.3,0.1,0.8,4.0,778.0,0.0,0.0,0.2634961439588689
34.0,7.0,38.0,0.3,0.1,0.8,4.0,739.0,0.0,0.0,0.2679296346414073
34.0,7.0,39.0,0.3,0.1,0.8,4.0,752.0,0.0,0.0,0.26861702127659576
34.0,7.0,40.0,0.3,0.1,0.8,4.0,736.0,0.0,0.0,0.26902173913043476
34.0,7.0,41.0,0.3,0.1,0.8,4.0,739.0,0.0,0.0,0.2733423545331529
34.0,7.0,42.0,0.3,0.1,0.8,4.0,723.0,0.0,0.0,0.27385892116182575
34.0,7.0,43.0,0.3,0.1,0.8,4.0,739.0,0.0,0.0,0.2733423545331529
34.0,7.0,44.0,0.3,0.1,0.8,4.0,722.0,0.0,0.0,0.2742382271468144
34.0,7.0,45.0,0.3,0.1,0.8,4.0,737.0,0.0,0.0,0.41655359565807326
34.0,7.0,46.0,0.3,0.1,0.8,4.0,723.0,0.0,0.0,0.41632088520055327
34.0,7.0,47.0,0.3,0.1,0.8,4.0,734.0,0.0,0.0,0.41689373297002724
34.0,7.0,48.0,0.3,0.1,0.8,4.0,713.0,0.0,0.0,0.4179523141654979
34.0,7.0,49.0,0.3,0.1,0.8,4.0,725.0,0.0,0.0,0.416551724137931
34.0,7.0,50.0,0.3,0.1,0.8,4.0,703.0,0.0,0.0,0.4139402560455192
34.0,7.0,51.0,0.3,0.1,0.8,4.0,701.0,0.0,0.0,0.4165477888730385
34.0,7.0,52.0,0.3,0.1,0.8,4.0,689.0,0.0,0.0,0.41509433962264153
34.0,8.0,1.0,0.3,0.1,0.8,4.0,697.0,0.0,0.0,0.41893830703012913
34.0,8.0,2.0,0.3,0.1,0.8,4.0,685.0,0.0,0.0,0.41605839416058393
34.0,8.0,3.0,0.3,0.1,0.8,4.0,696.0,0.0,0.0,0.41954022988505746
34.0,8.0,4.0,0.3,0.1,0.8,4.0,684.0,0.0,0.0,0.4166666666666667
34.0,8.0,5.0,0.3,0.1,0.8,4.0,682.0,0.0,0.0,0.41642228739002934
34.0,8.0,6.0,0.3,0.1,0.8,4.0,670.0,0.0,0.0,0.41492537313432837
34.0,8.0,7.0,0.3,0.1,0.8,4.0,668.0,0.0,0.0,0.41916167664670656
34.0,8.0,8.0,0.3,0.1,0.8,4.0,657.0,0.0,0.0,0.4185692541856925
34.0,8.0,9.0,0.3,0.1,0.8,4.0,665.0,0.0,0.0,0.42255639097744363
34.0,8.0,10.0,0.3,0.1,0.8,4.0,644.0,0.0,0.0,0.4192546583850932
34.0,8.0,11.0,0.3,0.1,0.8,4.0,647.0,0.0,0.0,0.4234930448222566
34.0,8.0,12.0,0.3,0.1,0.8,4.0,640.0,0.0,0.0,0.41875
34.0,8.0,13.0,0.3,0.1,0.8,4.0,647.0,0.0,0.0,0.4250386398763524
34.0,8.0,14.0,0.3,0.1,0.8,4.0,641.0,0.0,0.0,0.41965678627145087
34.0,8.0,15.0,0.3,0.1,0.8,4.0,646.0,0.0,0.0,0.42569659442724456
34.0,8.0,16.0,0.3,0.1,0.8,4.0,641.0,0.0,0.0,0.41965678627145087
34.0,8.0,17.0,0.3,0.1,0.8,4.0,647.0,0.0,0.0,0.4250386398763524
34.0,8.0,18.0,0.3,0.1,0.8,4.0,639.0,0.0,0.0,0.41784037558685444
34.0,8.0,19.0,0.3,0.1,0.8,4.0,633.0,0.0,0.0,0.41706161137440756
34.0,8.0,20.0,0.3,0.1,0.8,4.0,1131.0,0.0,0.0,0.23076923076923078
34.0,8.0,21.0,0.3,0.1,0.8,4.0,1117.0,0.0,0.0,0.23276633840644584
34.0,8.0,22.0,0.3,0.1,0.8,4.0,1102.0,0.0,0.0,0.23321234119782214
34.0,8.0,23.0,0.3,0.1,0.8,4.0,1055.0,0.0,0.0,0.23696682464454977
34.0,8.0,24.0,0.3,0.1,0.8,4.0,1029.0,0.0,0.0,0.24101068999028183
34.0,8.0,25.0,0.3,0.1,0.8,4.0,983.0,0.0,0.0,0.24313326551373346
34.0,8.0,26.0,0.3,0.1,0.8,4.0,949.0,0.0,0.0,0.2476290832455216
34.0,8.0,27.0,0.3,0.1,0.8,4.0,922.0,0.0,0.0,0.2472885032537961
34.0,8.0,28.0,0.3,0.1,0.8,4.0,872.0,0.0,0.0,0.2545871559633027
34.0,8.0,29.0,0.3,0.1,0.8,4.0,848.0,0.0,0.0,0.25707547169811323
34.0,8.0,30.0,0.3,0.1,0.8,4.0,855.0,0.0,0.0,0.256140350877193
34.0,8.0,31.0,0.3,0.1,0.8,4.0,832.0,0.0,0.0,0.2608173076923077
34.0,8.0,32.0,0.3,0.1,0.8,4.0,839.0,0.0,0.0,0.2598331346841478
34.0,8.0,33.0,0.3,0.1,0.8,4.0,815.0,0.0,0.0,0.2650306748466258
34.0,8.0,34.0,0.3,0.1,0.8,4.0,822.0,0.0,0.0,0.2639902676399027
34.0,8.0,35.0,0.3,0.1,0.8,4.0,815.0,0.0,0.0,0.2650306748466258
34.0,8.0,36.0,0.3,0.1,0.8,4.0,801.0,0.0,0.0,0.264669163545568
34.0,8.0,37.0,0.3,0.1,0.8,4.0,781.0,0.0,0.0,0.2676056338028169
34.0,8.0,38.0,0.3,0.1,0.8,4.0,775.0,0.0,0.0,0.26838709677419353
34.0,8.0,39.0,0.3,0.1,0.8,4.0,768.0,0.0,0.0,0.26953125
34.0,8.0,40.0,0.3,0.1,0.8,4.0,775.0,0.0,0.0,0.26838709677419353
34.0,8.0,41.0,0.3,0.1,0.8,4.0,753.0,0.0,0.0,0.2695883134130146
34.0,8.0,42.0,0.3,0.1,0.8,4.0,760.0,0.0,0.0,0.26842105263157895
34.0,8.0,43.0,0.3,0.1,0.8,4.0,740.0,0.0,0.0,0.27297297297297296
34.0,8.0,44.0,0.3,0.1,0.8,4.0,716.0,0.0,0.0,0.276536312849162
34.0,8.0,45.0,0.3,0.1,0.8,4.0,707.0,0.0,0.0,0.43847241867043846
34.0,8.0,46.0,0.3,0.1,0.8,4.0,715.0,0.0,0.0,0.43916083916083914
34.0,8.0,47.0,0.3,0.1,0.8,4.0,708.0,0.0,0.0,0.4378531073446328
34.0,8.0,48.0,0.3,0.1,0.8,4.0,710.0,0.0,0.0,0.4394366197183099
34.0,8.0,49.0,0.3,0.1,0.8,4.0,708.0,0.0,0.0,0.4378531073446328
34.0,8.0,50.0,0.3,0.1,0.8,4.0,698.0,0.0,0.0,0.4383954154727794
34.0,8.0,51.0,0.3,0.1,0.8,4.0,695.0,0.0,0.0,0.437410071942446
34.0,8.0,52.0,0.3,0.1,0.8,4.0,696.0,0.0,0.0,0.4396551724137931
34.0,9.0,1.0,0.3,0.1,0.8,4.0,692.0,0.0,0.0,0.4393063583815029
34.0,9.0,2.0,0.3,0.1,0.8,4.0,695.0,0.0,0.0,0.44028776978417267
34.0,9.0,3.0,0.3,0.1,0.8,4.0,691.0,0.0,0.0,0.4384949348769899
34.0,9.0,4.0,0.3,0.1,0.8,4.0,695.0,0.0,0.0,0.44028776978417267
34.0,9.0,5.0,0.3,0.1,0.8,4.0,692.0,0.0,0.0,0.4393063583815029
34.0,9.0,6.0,0.3,0.1,0.8,4.0,684.0,0.0,0.0,0.44298245614035087
34.0,9.0,7.0,0.3,0.1,0.8,4.0,681.0,0.0,0.0,0.4419970631424376
34.0,9.0,8.0,0.3,0.1,0.8,4.0,681.0,0.0,0.0,0.4434654919236417
34.0,9.0,9.0,0.3,0.1,0.8,4.0,666.0,0.0,0.0,0.4444444444444444
34.0,9.0,10.0,0.3,0.1,0.8,4.0,669.0,0.0,0.0,0.4439461883408072
34.0,9.0,11.0,0.3,0.1,0.8,4.0,663.0,0.0,0.0,0.4464555052790347
34.0,9.0,12.0,0.3,0.1,0.8,4.0,661.0,0.0,0.0,0.44780635400907715
34.0,9.0,13.0,0.3,0.1,0.8,4.0,646.0,0.0,0.0,0.4551083591331269
34.0,9.0,14.0,0.3,0.1,0.8,4.0,647.0,0.0,0.0,0.4528593508500773
34.0,9.0,15.0,0.3,0.1,0.8,4.0,647.0,0.0,0.0,0.45440494590417313
34.0,9.0,16.0,0.3,0.1,0.8,4.0,647.0,0.0,0.0,0.45440494590417313
34.0,9.0,17.0,0.3,0.1,0.8,4.0,646.0,0.0,0.0,0.4551083591331269
34.0,9.0,18.0,0.3,0.1,0.8,4.0,646.0,0.0,0.0,0.4535603715170279
34.0,9.0,19.0,0.3,0.1,0.8,4.0,644.0,0.0,0.0,0.453416149068323
34.0,9.0,20.0,0.3,0.1,0.8,4.0,1124.0,0.0,0.0,0.2508896797153025
34.0,9.0,21.0,0.3,0.1,0.8,4.0,1087.0,0.0,0.0,0.2548298068077277
34.0,9.0,22.0,0.3,0.1,0.8,4.0,1029.0,0.0,0.0,0.2585034013605442
34.0,9.0,23.0,0.3,0.1,0.8,4.0,1016.0,0.0,0.0,0.2618110236220472
34.0,9.0,24.0,0.3,0.1,0.8,4.0,991.0,0.0,0.0,0.2613521695257316
34.0,9.0,25.0,0.3,0.1,0.8,4.0,965.0,0.0,0.0,0.26424870466321243
34.0,9.0,26.0,0.3,0.1,0.8,4.0,939.0,0.0,0.0,0.2630457933972311
34.0,9.0,27.0,0.3,0.1,0.8,4.0,938.0,0.0,0.0,0.26439232409381663
34.0,9.0,28.0,0.3,0.1,0.8,4.0,896.0,0.0,0.0,0.27232142857142855
34.0,9.0,29.0,0.3,0.1,0.8,4.0,895.0,0.0,0.0,0.2737430167597765
34.0,9.0,30.0,0.3,0.1,0.8,4.0,881.0,0.0,0.0,0.2735527809307605
34.0,9.0,31.0,0.3,0.1,0.8,4.0,880.0,0.0,0.0,0.275
34.0,9.0,32.0,0.3,0.1,0.8,4.0,867.0,0.0,0.0,0.27566320645905423
34.0,9.0,33.0,0.3,0.1,0.8,4.0,867.0,0.0,0.0,0.2768166089965398
34.0,9.0,34.0,0.3,0.1,0.8,4.0,841.0,0.0,0.0,0.2794292508917955
34.0,9.0,35.0,0.3,0.1,0.8,4.0,832.0,0.0,0.0,0.2848557692307692
34.0,9.0,36.0,0.3,0.1,0.8,4.0,830.0,0.0,0.0,0.2819277108433735
34.0,9.0,37.0,0.3,0.1,0.8,4.0,820.0,0.0,0.0,0.2865853658536585
34.0,9.0,38.0,0.3,0.1,0.8,4.0,818.0,0.0,0.0,0.28361858190709044
34.0,9.0,39.0,0.3,0.1,0.8,4.0,809.0,0.0,0.0,0.2880098887515451
34.0,9.0,40.0,0.3,0.1,0.8,4.0,808.0,0.0,0.0,0.28465346534653463
34.0,9.0,41.0,0.3,0.1,0.8,4.0,796.0,0.0,0.0,0.2889447236180904
34.0,9.0,42.0,0.3,0.1,0.8,4.0,796.0,0.0,0.0,0.2864321608040201
34.0,9.0,43.0,0.3,0.1,0.8,4.0,796.0,0.0,0.0,0.2889447236180904
34.0,9.0,44.0,0.3,0.1,0.8,4.0,796.0,0.0,0.0,0.2864321608040201
34.0,9.0,45.0,0.3,0.1,0.8,4.0,785.0,0.0,0.0,0.4407643312101911
34.0,9.0,46.0,0.3,0.1,0.8,4.0,785.0,0.0,0.0,0.43821656050955415
34.0,9.0,47.0,0.3,0.1,0.8,4.0,772.0,0.0,0.0,0.4417098445595855
34.0,9.0,48.0,0.3,0.1,0.8,4.0,758.0,0.0,0.0,0.4445910290237467
34.0,9.0,49.0,0.3,0.1,0.8,4.0,758.0,0.0,0.0,0.4472295514511873
34.0,9.0,50.0,0.3,0.1,0.8,4.0,744.0,0.0,0.0,0.44489247311827956
34.0,9.0,51.0,0.3,0.1,0.8,4.0,740.0,0.0,0.0,0.4486486486486487
34.0,9.0,52.0,0.3,0.1,0.8,4.0,737.0,0.0,0.0,0.44776119402985076
34.0,10.0,1.0,0.3,0.1,0.8,4.0,740.0,0.0,0.0,0.4486486486486487
34.0,10.0,2.0,0.3,0.1,0.8,4.0,737.0,0.0,0.0,0.44776119402985076
34.0,10.0,3.0,0.3,0.1,0.8,4.0,740.0,0.0,0.0,0.4486486486486487
34.0,10.0,4.0,0.3,0.1,0.8,4.0,737.0,0.0,0.0,0.44776119402985076
34.0,10.0,5.0,0.3,0.1,0.8,4.0,739.0,0.0,0.0,0.4479025710419486
34.0,10.0,6.0,0.3,0.1,0.8,4.0,735.0,0.0,0.0,0.44761904761904764
34.0,10.0,7.0,0.3,0.1,0.8,4.0,737.0,0.0,0.0,0.4491180461329715
34.0,10.0,8.0,0.3,0.1,0.8,4.0,732.0,0.0,0.0,0.44808743169398907
34.0,10.0,9.0,0.3,0.1,0.8,4.0,734.0,0.0,0.0,0.45095367847411444
34.0,10.0,10.0,0.3,0.1,0.8,4.0,732.0,0.0,0.0,0.44808743169398907
34.0,10.0,11.0,0.3,0.1,0.8,4.0,734.0,0.0,0.0,0.45095367847411444
34.0,10.0,12.0,0.3,0.1,0.8,4.0,728.0,0.0,0.0,0.45054945054945056
34.0,10.0,13.0,0.3,0.1,0.8,4.0,731.0,0.0,0.0,0.4528043775649795
34.0,10.0,14.0,0.3,0.1,0.8,4.0,728.0,0.0,0.0,0.45054945054945056
34.0,10.0,15.0,0.3,0.1,0.8,4.0,731.0,0.0,0.0,0.4528043775649795
34.0,10.0,16.0,0.3,0.1,0.8,4.0,728.0,0.0,0.0,0.45054945054945056
34.0,10.0,17.0,0.3,0.1,0.8,4.0,731.0,0.0,0.0,0.4528043775649795
34.0,10.0,18.0,0.3,0.1,0.8,4.0,727.0,0.0,0.0,0.4511691884456671
34.0,10.0,19.0,0.3,0.1,0.8,4.0,729.0,0.0,0.0,0.45267489711934156
34.0,10.0,20.0,0.3,0.1,0.8,4.0,1257.0,0.0,0.0,0.24423229912490055
34.0,10.0,21.0,0.3,0.1,0.8,4.0,1209.0,0.0,0.0,0.25144747725392885
34.0,10.0,22.0,0.3,0.1,0.8,4.0,1198.0,0.0,0.0,0.25125208681135225
34.0,10.0,23.0,0.3,0.1,0.8,4.0,1185.0,0.0,0.0,0.25569620253164554
34.0,10.0,24.0,0.3,0.1,0.8,4.0,1172.0,0.0,0.0,0.25341296928327645
34.0,10.0,25.0,0.3,0.1,0.8,4.0,1123.0,0.0,0.0,0.25734639358860195
34.0,10.0,26.0,0.3,0.1,0.8,4.0,1096.0,0.0,0.0,0.26003649635036497
34.0,10.0,27.0,0.3,0.1,0.8,4.0,1037.0,0.0,0.0,0.26422372227579555
34.0,10.0,28.0,0.3,0.1,0.8,4.0,1005.0,0.0,0.0,0.2656716417910448
34.0,10.0,29.0,0.3,0.1,0.8,4.0,989.0,0.0,0.0,0.268958543983822
34.0,10.0,30.0,0.3,0.1,0.8,4.0,969.0,0.0,0.0,0.2672858617131063
34.0,10.0,31.0,0.3,0.1,0.8,4.0,977.0,0.0,0.0,0.26816786079836236
34.0,10.0,32.0,0.3,0.1,0.8,4.0,968.0,0.0,0.0,0.2665289256198347
34.0,10.0,33.0,0.3,0.1,0.8,4.0,942.0,0.0,0.0,0.27388535031847133
34.0,10.0,34.0,0.3,0.1,0.8,4.0,933.0,0.0,0.0,0.2722400857449089
34.0,10.0,35.0,0.3,0.1,0.8,4.0,929.0,0.0,0.0,0.2755651237890204
34.0,10.0,36.0,0.3,0.1,0.8,4.0,904.0,0.0,0.0,0.2754424778761062
34.0,10.0,37.0,0.3,0.1,0.8,4.0,890.0,0.0,0.0,0.2808988764044944
34.0,10.0,38.0,0.3,0.1,0.8,4.0,881.0,0.0,0.0,0.2792281498297389
34.0,10.0,39.0,0.3,0.1,0.8,4.0,890.0,0.0,0.0,0.2808988764044944
34.0,10.0,40.0,0.3,0.1,0.8,4.0,881.0,0.0,0.0,0.2792281498297389
34.0,10.0,41.0,0.3,0.1,0.8,4.0,856.0,0.0,0.0,0.28738317757009346
34.0,10.0,42.0,0.3,0.1,0.8,4.0,809.0,0.0,0.0,0.2954264524103832
34.0,10.0,43.0,0.3,0.1,0.8,4.0,818.0,0.0,0.0,0.29706601466992666
34.0,10.0,44.0,0.3,0.1,0.8,4.0,785.0,0.0,0.0,0.3006369426751592
34.0,10.0,45.0,0.3,0.1,0.8,4.0,794.0,0.0,0.0,0.4596977329974811
34.0,10.0,46.0,0.3,0.1,0.8,4.0,785.0,0.0,0.0,0.4585987261146497
34.0,10.0,47.0,0.3,0.1,0.8,4.0,794.0,0.0,0.0,0.4596977329974811
34.0,10.0,48.0,0.3,0.1,0.8,4.0,785.0,0.0,0.0,0.4585987261146497
34.0,10.0,49.0,0.3,0.1,0.8,4.0,793.0,0.0,0.0,0.46027742749054223
34.0,10.0,50.0,0.3,0.1,0.8,4.0,773.0,0.0,0.0,0.4592496765847348
34.0,10.0,51.0,0.3,0.1,0.8,4.0,781.0,0.0,0.0,0.46094750320102434
34.0,10.0,52.0,0.3,0.1,0.8,4.0,772.0,0.0,0.0,0.45984455958549225
35.0,1.0,1.0,0.3,0.1,0.8,4.0,5147.0,51.0,17.0,0.29026617447056535
35.0,1.0,2.0,0.3,0.1,0.8,4.0,5125.0,64.0,21.0,0.2919024390243902
35.0,1.0,3.0,0.3,0.1,0.8,4.0,5017.0,79.0,34.0,0.29360175403627664
35.0,1.0,4.0,0.3,0.1,0.8,4.0,4947.0,81.0,26.0,0.2931069334950475
35.0,1.0,5.0,0.3,0.1,0.8,4.0,4877.0,98.0,38.0,0.2938281730572073
35.0,1.0,6.0,0.3,0.1,0.8,4.0,4717.0,105.0,42.0,0.2938308246767013
35.0,1.0,7.0,0.3,0.1,0.8,4.0,4518.0,120.0,42.0,0.2972554227534307
35.0,1.0,8.0,0.3,0.1,0.8,4.0,4430.0,139.0,45.0,0.29864559819413095
35.0,1.0,9.0,0.3,0.1,0.8,4.0,4227.0,147.0,55.0,0.30021291696238467
35.0,1.0,10.0,0.3,0.1,0.8,4.0,4112.0,173.0,65.0,0.3008268482490272
35.0,1.0,11.0,0.3,0.1,0.8,4.0,3970.0,182.0,78.0,0.30251889168765744
35.0,1.0,12.0,0.3,0.1,0.8,4.0,3857.0,207.0,76.0,0.30567798807363233
35.0,1.0,13.0,0.3,0.1,0.8,4.0,3756.0,205.0,91.0,0.3061767838125666
35.0,1.0,14.0,0.3,0.1,0.8,4.0,3623.0,208.0,101.0,0.3094120894286503
35.0,1.0,15.0,0.3,0.1,0.8,4.0,3513.0,221.0,102.0,0.30999146029035013
35.0,1.0,16.0,0.3,0.1,0.8,4.0,3457.0,209.0,97.0,0.3153022852183974
35.0,1.0,17.0,0.3,0.1,0.8,4.0,3306.0,207.0,95.0,0.31820931639443434
35.0,1.0,18.0,0.3,0.1,0.8,4.0,3236.0,202.0,106.0,0.3235475896168109
35.0,1.0,19.0,0.3,0.1,0.8,4.0,3163.0,206.0,111.0,0.32500790388871326
35.0,1.0,20.0,0.3,0.1,0.8,4.0,5766.0,210.0,106.0,0.1753381893860562
35.0,1.0,21.0,0.3,0.1,0.8,4.0,5439.0,278.0,93.0,0.17558374701231844
35.0,1.0,22.0,0.3,0.1,0.8,4.0,5196.0,306.0,103.0,0.18187066974595842
35.0,1.0,23.0,0.3,0.1,0.8,4.0,4989.0,375.0,117.0,0.18300260573261173
35.0,1.0,24.0,0.3,0.1,0.8,4.0,4606.0,413.0,150.0,0.19018671298306555
35.0,1.0,25.0,0.3,0.1,0.8,4.0,4400.0,450.0,158.0,0.19590909090909092
35.0,1.0,26.0,0.3,0.1,0.8,4.0,4126.0,458.0,179.0,0.1992244304411052
35.0,1.0,27.0,0.3,0.1,0.8,4.0,3876.0,481.0,190.0,0.20407636738906088
35.0,1.0,28.0,0.3,0.1,0.8,4.0,3600.0,474.0,186.0,0.21222222222222223
35.0,1.0,29.0,0.3,0.1,0.8,4.0,3436.0,456.0,198.0,0.21653084982537835
35.0,1.0,30.0,0.3,0.1,0.8,4.0,3281.0,477.0,206.0,0.22584577872599818
35.0,1.0,31.0,0.3,0.1,0.8,4.0,3156.0,492.0,227.0,0.23098859315589354
35.0,1.0,32.0,0.3,0.1,0.8,4.0,2982.0,463.0,196.0,0.24044265593561368
35.0,1.0,33.0,0.3,0.1,0.8,4.0,2764.0,449.0,199.0,0.24927641099855283
35.0,1.0,34.0,0.3,0.1,0.8,4.0,2624.0,417.0,195.0,0.25952743902439024
35.0,1.0,35.0,0.3,0.1,0.8,4.0,2523.0,410.0,211.0,0.26516052318668254
35.0,1.0,36.0,0.3,0.1,0.8,4.0,2400.0,380.0,202.0,0.27458333333333335
35.0,1.0,37.0,0.3,0.1,0.8,4.0,2281.0,347.0,181.0,0.28320911880754057
35.0,1.0,38.0,0.3,0.1,0.8,4.0,2169.0,309.0,154.0,0.29691101890272015
35.0,1.0,39.0,0.3,0.1,0.8,4.0,2051.0,276.0,137.0,0.3047294002925402
35.0,1.0,40.0,0.3,0.1,0.8,4.0,1947.0,248.0,133.0,0.3133025166923472
35.0,1.0,41.0,0.3,0.1,0.8,4.0,1867.0,230.0,132.0,0.3229780396357793
35.0,1.0,42.0,0.3,0.1,0.8,4.0,1784.0,206.0,119.0,0.3312780269058296
35.0,1.0,43.0,0.3,0.1,0.8,4.0,1730.0,175.0,96.0,0.3393063583815029
35.0,1.0,44.0,0.3,0.1,0.8,4.0,1661.0,153.0,84.0,0.34677904876580373
35.0,1.0,45.0,0.3,0.1,0.8,4.0,1583.0,137.0,68.0,0.5034744156664561
35.0,1.0,46.0,0.3,0.1,0.8,4.0,1517.0,106.0,63.0,0.5135135135135135
35.0,1.0,47.0,0.3,0.1,0.8,4.0,1470.0,93.0,54.0,0.5204081632653061
35.0,1.0,48.0,0.3,0.1,0.8,4.0,1417.0,70.0,46.0,0.5243472124206069
35.0,1.0,49.0,0.3,0.1,0.8,4.0,1381.0,65.0,38.0,0.5257060101375814
35.0,1.0,50.0,0.3,0.1,0.8,4.0,1361.0,58.0,33.0,0.5275532696546656
35.0,1.0,51.0,0.3,0.1,0.8,4.0,1339.0,49.0,26.0,0.5309932785660941
35.0,1.0,52.0,0.3,0.1,0.8,4.0,1320.0,43.0,19.0,0.5348484848484848
35.0,2.0,1.0,0.3,0.1,0.8,4.0,1304.0,36.0,19.0,0.5398773006134969
35.0,2.0,2.0,0.3,0.1,0.8,4.0,1285.0,35.0,16.0,0.5431906614785992
35.0,2.0,3.0,0.3,0.1,0.8,4.0,1272.0,34.0,15.0,0.5432389937106918
35.0,2.0,4.0,0.3,0.1,0.8,4.0,1249.0,25.0,10.0,0.5468374699759808
35.0,2.0,5.0,0.3,0.1,0.8,4.0,1240.0,24.0,14.0,0.5475806451612903
35.0,2.0,6.0,0.3,0.1,0.8,4.0,1222.0,22.0,15.0,0.544189852700491
35.0,2.0,7.0,0.3,0.1,0.8,4.0,1202.0,18.0,13.0,0.5449251247920133
35.0,2.0,8.0,0.3,0.1,0.8,4.0,1177.0,11.0,8.0,0.5488530161427357
35.0,2.0,9.0,0.3,0.1,0.8,4.0,1167.0,12.0,6.0,0.5501285347043702
35.0,2.0,10.0,0.3,0.1,0.8,4.0,1158.0,9.0,3.0,0.5500863557858376
35.0,2.0,11.0,0.3,0.1,0.8,4.0,1135.0,8.0,4.0,0.5497797356828193
35.0,2.0,12.0,0.3,0.1,0.8,4.0,1127.0,8.0,5.0,0.5483584738243124
35.0,2.0,13.0,0.3,0.1,0.8,4.0,1116.0,9.0,6.0,0.546594982078853
35.0,2.0,14.0,0.3,0.1,0.8,4.0,1105.0,6.0,4.0,0.5466063348416289
35.0,2.0,15.0,0.3,0.1,0.8,4.0,1091.0,5.0,2.0,0.5472043996333639
35.0,2.0,16.0,0.3,0.1,0.8,4.0,1084.0,4.0,3.0,0.5461254612546126
35.0,2.0,17.0,0.3,0.1,0.8,4.0,1071.0,3.0,2.0,0.5471521942110178
35.0,2.0,18.0,0.3,0.1,0.8,4.0,1059.0,3.0,2.0,0.5457979225684608
35.0,2.0,19.0,0.3,0.1,0.8,4.0,1042.0,1.0,1.0,0.5470249520153551
35.0,2.0,20.0,0.3,0.1,0.8,4.0,1856.0,1.0,1.0,0.30226293103448276
35.0,2.0,21.0,0.3,0.1,0.8,4.0,1793.0,2.0,1.0,0.3006134969325153
35.0,2.0,22.0,0.3,0.1,0.8,4.0,1759.0,2.0,0.0,0.3013075611142695
35.0,2.0,23.0,0.3,0.1,0.8,4.0,1693.0,2.0,1.0,0.303603071470762
35.0,2.0,24.0,0.3,0.1,0.8,4.0,1659.0,2.0,1.0,0.30440024110910185
35.0,2.0,25.0,0.3,0.1,0.8,4.0,1603.0,2.0,1.0,0.3075483468496569
35.0,2.0,26.0,0.3,0.1,0.8,4.0,1553.0,1.0,1.0,0.3116548615582743
35.0,2.0,27.0,0.3,0.1,0.8,4.0,1542.0,2.0,1.0,0.3125810635538262
35.0,2.0,28.0,0.3,0.1,0.8,4.0,1503.0,3.0,1.0,0.3107119095143047
35.0,2.0,29.0,0.3,0.1,0.8,4.0,1468.0,2.0,1.0,0.3167574931880109
35.0,2.0,30.0,0.3,0.1,0.8,4.0,1419.0,3.0,2.0,0.3150105708245243
35.0,2.0,31.0,0.3,0.1,0.8,4.0,1393.0,5.0,2.0,0.3165829145728643
35.0,2.0,32.0,0.3,0.1,0.8,4.0,1361.0,4.0,1.0,0.316678912564291
35.0,2.0,33.0,0.3,0.1,0.8,4.0,1352.0,3.0,0.0,0.3173076923076923
35.0,2.0,34.0,0.3,0.1,0.8,4.0,1346.0,3.0,2.0,0.3164933135215453
35.0,2.0,35.0,0.3,0.1,0.8,4.0,1322.0,4.0,2.0,0.3161875945537065
35.0,2.0,36.0,0.3,0.1,0.8,4.0,1271.0,5.0,2.0,0.3154996066089693
35.0,2.0,37.0,0.3,0.1,0.8,4.0,1253.0,3.0,2.0,0.31444533120510776
35.0,2.0,38.0,0.3,0.1,0.8,4.0,1172.0,4.0,2.0,0.32081911262798635
35.0,2.0,39.0,0.3,0.1,0.8,4.0,1178.0,4.0,2.0,0.3200339558573854
35.0,2.0,40.0,0.3,0.1,0.8,4.0,1153.0,2.0,0.0,0.3226366001734605
35.0,2.0,41.0,0.3,0.1,0.8,4.0,1138.0,2.0,1.0,0.3216168717047452
35.0,2.0,42.0,0.3,0.1,0.8,4.0,1120.0,2.0,2.0,0.3223214285714286
35.0,2.0,43.0,0.3,0.1,0.8,4.0,1121.0,2.0,2.0,0.3175735950044603
35.0,2.0,44.0,0.3,0.1,0.8,4.0,1104.0,1.0,1.0,0.3188405797101449
35.0,2.0,45.0,0.3,0.1,0.8,4.0,1102.0,0.0,0.0,0.47186932849364793
35.0,2.0,46.0,0.3,0.1,0.8,4.0,1076.0,0.0,0.0,0.4721189591078067
35.0,2.0,47.0,0.3,0.1,0.8,4.0,1043.0,0.0,0.0,0.473633748801534
35.0,2.0,48.0,0.3,0.1,0.8,4.0,1024.0,0.0,0.0,0.4755859375
35.0,2.0,49.0,0.3,0.1,0.8,4.0,1011.0,0.0,0.0,0.47774480712166173
35.0,2.0,50.0,0.3,0.1,0.8,4.0,969.0,0.0,0.0,0.478844169246646
35.0,2.0,51.0,0.3,0.1,0.8,4.0,961.0,0.0,0.0,0.481789802289282
35.0,2.0,52.0,0.3,0.1,0.8,4.0,947.0,0.0,0.0,0.47624076029567053
35.0,3.0,1.0,0.3,0.1,0.8,4.0,937.0,0.0,0.0,0.47705442902881534
35.0,3.0,2.0,0.3,0.1,0.8,4.0,908.0,0.0,0.0,0.47577092511013214
35.0,3.0,3.0,0.3,0.1,0.8,4.0,903.0,0.0,0.0,0.4728682170542636
35.0,3.0,4.0,0.3,0.1,0.8,4.0,898.0,0.0,0.0,0.46993318485523383
35.0,3.0,5.0,0.3,0.1,0.8,4.0,892.0,0.0,0.0,0.4730941704035874
35.0,3.0,6.0,0.3,0.1,0.8,4.0,887.0,0.0,0.0,0.47237880496054113
35.0,3.0,7.0,0.3,0.1,0.8,4.0,879.0,0.0,0.0,0.46985210466439137
35.0,3.0,8.0,0.3,0.1,0.8,4.0,870.0,0.0,0.0,0.4689655172413793
35.0,3.0,9.0,0.3,0.1,0.8,4.0,866.0,0.0,0.0,0.46997690531177827
35.0,3.0,10.0,0.3,0.1,0.8,4.0,860.0,0.0,0.0,0.4697674418604651
35.0,3.0,11.0,0.3,0.1,0.8,4.0,852.0,0.0,0.0,0.4706572769953052
35.0,3.0,12.0,0.3,0.1,0.8,4.0,844.0,0.0,0.0,0.46800947867298576
35.0,3.0,13.0,0.3,0.1,0.8,4.0,837.0,0.0,0.0,0.46833930704898447
35.0,3.0,14.0,0.3,0.1,0.8,4.0,835.0,0.0,0.0,0.46706586826347307
35.0,3.0,15.0,0.3,0.1,0.8,4.0,828.0,0.0,0.0,0.46497584541062803
35.0,3.0,16.0,0.3,0.1,0.8,4.0,828.0,0.0,0.0,0.46497584541062803
35.0,3.0,17.0,0.3,0.1,0.8,4.0,806.0,0.0,0.0,0.4627791563275434
35.0,3.0,18.0,0.3,0.1,0.8,4.0,802.0,0.0,0.0,0.4625935162094763
35.0,3.0,19.0,0.3,0.1,0.8,4.0,783.0,0.0,0.0,0.46360153256704983
35.0,3.0,20.0,0.3,0.1,0.8,4.0,1408.0,0.0,0.0,0.25142045454545453
35.0,3.0,21.0,0.3,0.1,0.8,4.0,1399.0,0.0,0.0,0.2523230879199428
35.0,3.0,22.0,0.3,0.1,0.8,4.0,1372.0,0.0,0.0,0.2529154518950437
35.0,3.0,23.0,0.3,0.1,0.8,4.0,1347.0,0.0,0.0,0.25389755011135856
35.0,3.0,24.0,0.3,0.1,0.8,4.0,1330.0,0.0,0.0,0.2511278195488722
35.0,3.0,25.0,0.3,0.1,0.8,4.0,1308.0,0.0,0.0,0.2545871559633027
35.0,3.0,26.0,0.3,0.1,0.8,4.0,1274.0,0.0,0.0,0.25274725274725274
35.0,3.0,27.0,0.3,0.1,0.8,4.0,1242.0,0.0,0.0,0.25925925925925924
35.0,3.0,28.0,0.3,0.1,0.8,4.0,1215.0,0.0,0.0,0.26008230452674896
35.0,3.0,29.0,0.3,0.1,0.8,4.0,1192.0,0.0,0.0,0.2609060402684564
35.0,3.0,30.0,0.3,0.1,0.8,4.0,1151.0,0.0,0.0,0.26238053866203304
35.0,3.0,31.0,0.3,0.1,0.8,4.0,1094.0,0.0,0.0,0.26782449725776963
35.0,3.0,32.0,0.3,0.1,0.8,4.0,1068.0,0.0,0.0,0.2687265917602996
35.0,3.0,33.0,0.3,0.1,0.8,4.0,1060.0,0.0,0.0,0.269811320754717
35.0,3.0,34.0,0.3,0.1,0.8,4.0,1028.0,0.0,0.0,0.26848249027237353
35.0,3.0,35.0,0.3,0.1,0.8,4.0,1012.0,0.0,0.0,0.26877470355731226
35.0,3.0,36.0,0.3,0.1,0.8,4.0,1008.0,0.0,0.0,0.26785714285714285
35.0,3.0,37.0,0.3,0.1,0.8,4.0,991.0,0.0,0.0,0.2704339051463169
35.0,3.0,38.0,0.3,0.1,0.8,4.0,950.0,0.0,0.0,0.27263157894736845
35.0,3.0,39.0,0.3,0.1,0.8,4.0,922.0,0.0,0.0,0.2754880694143167
35.0,3.0,40.0,0.3,0.1,0.8,4.0,910.0,0.0,0.0,0.27362637362637365
35.0,3.0,41.0,0.3,0.1,0.8,4.0,905.0,0.0,0.0,0.27624309392265195
35.0,3.0,42.0,0.3,0.1,0.8,4.0,906.0,0.0,0.0,0.2726269315673289
35.0,3.0,43.0,0.3,0.1,0.8,4.0,874.0,0.0,0.0,0.2723112128146453
35.0,3.0,44.0,0.3,0.1,0.8,4.0,862.0,0.0,0.0,0.2668213457076566
35.0,3.0,45.0,0.3,0.1,0.8,4.0,849.0,0.0,0.0,0.4134275618374558
35.0,3.0,46.0,0.3,0.1,0.8,4.0,844.0,0.0,0.0,0.41232227488151657
35.0,3.0,47.0,0.3,0.1,0.8,4.0,832.0,0.0,0.0,0.4110576923076923
35.0,3.0,48.0,0.3,0.1,0.8,4.0,828.0,0.0,0.0,0.41183574879227053
35.0,3.0,49.0,0.3,0.1,0.8,4.0,814.0,0.0,0.0,0.41277641277641275
35.0,3.0,50.0,0.3,0.1,0.8,4.0,780.0,0.0,0.0,0.4153846153846154
35.0,3.0,51.0,0.3,0.1,0.8,4.0,762.0,0.0,0.0,0.4146981627296588
35.0,3.0,52.0,0.3,0.1,0.8,4.0,762.0,0.0,0.0,0.4146981627296588
35.0,4.0,1.0,0.3,0.1,0.8,4.0,760.0,0.0,0.0,0.4131578947368421
35.0,4.0,2.0,0.3,0.1,0.8,4.0,760.0,0.0,0.0,0.4131578947368421
35.0,4.0,3.0,0.3,0.1,0.8,4.0,734.0,0.0,0.0,0.41825613079019075
35.0,4.0,4.0,0.3,0.1,0.8,4.0,730.0,0.0,0.0,0.41643835616438357
35.0,4.0,5.0,0.3,0.1,0.8,4.0,725.0,0.0,0.0,0.41517241379310343
35.0,4.0,6.0,0.3,0.1,0.8,4.0,705.0,0.0,0.0,0.4156028368794326
35.0,4.0,7.0,0.3,0.1,0.8,4.0,701.0,0.0,0.0,0.4136947218259629
35.0,4.0,8.0,0.3,0.1,0.8,4.0,697.0,0.0,0.0,0.41606886657101866
35.0,4.0,9.0,0.3,0.1,0.8,4.0,690.0,0.0,0.0,0.4144927536231884
35.0,4.0,10.0,0.3,0.1,0.8,4.0,686.0,0.0,0.0,0.4139941690962099
35.0,4.0,11.0,0.3,0.1,0.8,4.0,685.0,0.0,0.0,0.4131386861313869
35.0,4.0,12.0,0.3,0.1,0.8,4.0,680.0,0.0,0.0,0.4147058823529412
35.0,4.0,13.0,0.3,0.1,0.8,4.0,677.0,0.0,0.0,0.4150664697193501
35.0,4.0,14.0,0.3,0.1,0.8,4.0,674.0,0.0,0.0,0.413946587537092
35.0,4.0,15.0,0.3,0.1,0.8,4.0,669.0,0.0,0.0,0.4110612855007474
35.0,4.0,16.0,0.3,0.1,0.8,4.0,665.0,0.0,0.0,0.4150375939849624
35.0,4.0,17.0,0.3,0.1,0.8,4.0,663.0,0.0,0.0,0.41025641025641024
35.0,4.0,18.0,0.3,0.1,0.8,4.0,638.0,0.0,0.0,0.4153605015673981
35.0,4.0,19.0,0.3,0.1,0.8,4.0,636.0,0.0,0.0,0.41352201257861637
35.0,4.0,20.0,0.3,0.1,0.8,4.0,1105.0,0.0,0.0,0.23891402714932128
35.0,4.0,21.0,0.3,0.1,0.8,4.0,1105.0,0.0,0.0,0.23710407239819004
35.0,4.0,22.0,0.3,0.1,0.8,4.0,1101.0,0.0,0.0,0.23796548592188918
35.0,4.0,23.0,0.3,0.1,0.8,4.0,1086.0,0.0,0.0,0.23848987108655617
35.0,4.0,24.0,0.3,0.1,0.8,4.0,1051.0,0.0,0.0,0.2407231208372978
35.0,4.0,25.0,0.3,0.1,0.8,4.0,1034.0,0.0,0.0,0.24081237911025144
35.0,4.0,26.0,0.3,0.1,0.8,4.0,1029.0,0.0,0.0,0.24198250728862974
35.0,4.0,27.0,0.3,0.1,0.8,4.0,1019.0,0.0,0.0,0.24141315014720313
35.0,4.0,28.0,0.3,0.1,0.8,4.0,1001.0,0.0,0.0,0.24275724275724275
35.0,4.0,29.0,0.3,0.1,0.8,4.0,998.0,0.0,0.0,0.24048096192384769
35.0,4.0,30.0,0.3,0.1,0.8,4.0,971.0,0.0,0.0,0.2420185375901133
35.0,4.0,31.0,0.3,0.1,0.8,4.0,956.0,0.0,0.0,0.2395397489539749
35.0,4.0,32.0,0.3,0.1,0.8,4.0,932.0,0.0,0.0,0.24248927038626608
35.0,4.0,33.0,0.3,0.1,0.8,4.0,934.0,0.0,0.0,0.24089935760171305
35.0,4.0,34.0,0.3,0.1,0.8,4.0,924.0,0.0,0.0,0.23917748917748918
35.0,4.0,35.0,0.3,0.1,0.8,4.0,917.0,0.0,0.0,0.23882224645583425
35.0,4.0,36.0,0.3,0.1,0.8,4.0,900.0,0.0,0.0,0.2388888888888889
35.0,4.0,37.0,0.3,0.1,0.8,4.0,872.0,0.0,0.0,0.2408256880733945
35.0,4.0,38.0,0.3,0.1,0.8,4.0,862.0,0.0,0.0,0.23665893271461716
35.0,4.0,39.0,0.3,0.1,0.8,4.0,865.0,0.0,0.0,0.23468208092485549
35.0,4.0,40.0,0.3,0.1,0.8,4.0,842.0,0.0,0.0,0.22921615201900236
35.0,4.0,41.0,0.3,0.1,0.8,4.0,843.0,0.0,0.0,0.2313167259786477
35.0,4.0,42.0,0.3,0.1,0.8,4.0,825.0,0.0,0.0,0.2315151515151515
35.0,4.0,43.0,0.3,0.1,0.8,4.0,805.0,0.0,0.0,0.231055900621118
35.0,4.0,44.0,0.3,0.1,0.8,4.0,800.0,0.0,0.0,0.23
35.0,4.0,45.0,0.3,0.1,0.8,4.0,778.0,0.0,0.0,0.40359897172236503
35.0,4.0,46.0,0.3,0.1,0.8,4.0,774.0,0.0,0.0,0.4005167958656331
35.0,4.0,47.0,0.3,0.1,0.8,4.0,757.0,0.0,0.0,0.40554821664464996
35.0,4.0,48.0,0.3,0.1,0.8,4.0,745.0,0.0,0.0,0.4040268456375839
35.0,4.0,49.0,0.3,0.1,0.8,4.0,755.0,0.0,0.0,0.4052980132450331
35.0,4.0,50.0,0.3,0.1,0.8,4.0,728.0,0.0,0.0,0.4065934065934066
35.0,4.0,51.0,0.3,0.1,0.8,4.0,708.0,0.0,0.0,0.4124293785310734
35.0,4.0,52.0,0.3,0.1,0.8,4.0,694.0,0.0,0.0,0.40634005763688763
35.0,5.0,1.0,0.3,0.1,0.8,4.0,701.0,0.0,0.0,0.4065620542082739
35.0,5.0,2.0,0.3,0.1,0.8,4.0,690.0,0.0,0.0,0.4043478260869565
35.0,5.0,3.0,0.3,0.1,0.8,4.0,693.0,0.0,0.0,0.4083694083694084
35.0,5.0,4.0,0.3,0.1,0.8,4.0,675.0,0.0,0.0,0.4088888888888889
35.0,5.0,5.0,0.3,0.1,0.8,4.0,683.0,0.0,0.0,0.40995607613469986
35.0,5.0,6.0,0.3,0.1,0.8,4.0,672.0,0.0,0.0,0.40922619047619047
35.0,5.0,7.0,0.3,0.1,0.8,4.0,669.0,0.0,0.0,0.4110612855007474
35.0,5.0,8.0,0.3,0.1,0.8,4.0,654.0,0.0,0.0,0.40825688073394495
35.0,5.0,9.0,0.3,0.1,0.8,4.0,659.0,0.0,0.0,0.41122913505311076
35.0,5.0,10.0,0.3,0.1,0.8,4.0,647.0,0.0,0.0,0.40649149922720246
35.0,5.0,11.0,0.3,0.1,0.8,4.0,652.0,0.0,0.0,0.40644171779141103
35.0,5.0,12.0,0.3,0.1,0.8,4.0,645.0,0.0,0.0,0.4046511627906977
35.0,5.0,13.0,0.3,0.1,0.8,4.0,649.0,0.0,0.0,0.4083204930662558
35.0,5.0,14.0,0.3,0.1,0.8,4.0,645.0,0.0,0.0,0.4062015503875969
35.0,5.0,15.0,0.3,0.1,0.8,4.0,647.0,0.0,0.0,0.4080370942812983
35.0,5.0,16.0,0.3,0.1,0.8,4.0,645.0,0.0,0.0,0.4046511627906977
35.0,5.0,17.0,0.3,0.1,0.8,4.0,646.0,0.0,0.0,0.4086687306501548
35.0,5.0,18.0,0.3,0.1,0.8,4.0,643.0,0.0,0.0,0.4059097978227061
35.0,5.0,19.0,0.3,0.1,0.8,4.0,644.0,0.0,0.0,0.40993788819875776
35.0,5.0,20.0,0.3,0.1,0.8,4.0,1131.0,0.0,0.0,0.22988505747126436
35.0,5.0,21.0,0.3,0.1,0.8,4.0,1135.0,0.0,0.0,0.23083700440528634
35.0,5.0,22.0,0.3,0.1,0.8,4.0,1083.0,0.0,0.0,0.23545706371191136
35.0,5.0,23.0,0.3,0.1,0.8,4.0,1048.0,0.0,0.0,0.24045801526717558
35.0,5.0,24.0,0.3,0.1,0.8,4.0,1042.0,0.0,0.0,0.23896353166986564
35.0,5.0,25.0,0.3,0.1,0.8,4.0,1032.0,0.0,0.0,0.23934108527131784
35.0,5.0,26.0,0.3,0.1,0.8,4.0,984.0,0.0,0.0,0.24085365853658536
35.0,5.0,27.0,0.3,0.1,0.8,4.0,979.0,0.0,0.0,0.2410623084780388
35.0,5.0,28.0,0.3,0.1,0.8,4.0,941.0,0.0,0.0,0.23804463336875664
35.0,5.0,29.0,0.3,0.1,0.8,4.0,948.0,0.0,0.0,0.23945147679324894
35.0,5.0,30.0,0.3,0.1,0.8,4.0,939.0,0.0,0.0,0.2374866879659212
35.0,5.0,31.0,0.3,0.1,0.8,4.0,944.0,0.0,0.0,0.23940677966101695
35.0,5.0,32.0,0.3,0.1,0.8,4.0,924.0,0.0,0.0,0.237012987012987
35.0,5.0,33.0,0.3,0.1,0.8,4.0,916.0,0.0,0.0,0.2423580786026201
35.0,5.0,34.0,0.3,0.1,0.8,4.0,898.0,0.0,0.0,0.24276169265033407
35.0,5.0,35.0,0.3,0.1,0.8,4.0,888.0,0.0,0.0,0.24324324324324326
35.0,5.0,36.0,0.3,0.1,0.8,4.0,878.0,0.0,0.0,0.24259681093394078
35.0,5.0,37.0,0.3,0.1,0.8,4.0,884.0,0.0,0.0,0.24434389140271492
35.0,5.0,38.0,0.3,0.1,0.8,4.0,856.0,0.0,0.0,0.24649532710280375
35.0,5.0,39.0,0.3,0.1,0.8,4.0,840.0,0.0,0.0,0.24642857142857144
35.0,5.0,40.0,0.3,0.1,0.8,4.0,833.0,0.0,0.0,0.2460984393757503
35.0,5.0,41.0,0.3,0.1,0.8,4.0,830.0,0.0,0.0,0.2457831325301205
35.0,5.0,42.0,0.3,0.1,0.8,4.0,812.0,0.0,0.0,0.24876847290640394
35.0,5.0,43.0,0.3,0.1,0.8,4.0,789.0,0.0,0.0,0.2522179974651457
35.0,5.0,44.0,0.3,0.1,0.8,4.0,789.0,0.0,0.0,0.24968314321926488
35.0,5.0,45.0,0.3,0.1,0.8,4.0,789.0,0.0,0.0,0.42712294043092525
35.0,5.0,46.0,0.3,0.1,0.8,4.0,788.0,0.0,0.0,0.42385786802030456
35.0,5.0,47.0,0.3,0.1,0.8,4.0,772.0,0.0,0.0,0.43134715025906734
35.0,5.0,48.0,0.3,0.1,0.8,4.0,770.0,0.0,0.0,0.42857142857142855
35.0,5.0,49.0,0.3,0.1,0.8,4.0,768.0,0.0,0.0,0.4296875
35.0,5.0,50.0,0.3,0.1,0.8,4.0,759.0,0.0,0.0,0.4281949934123847
35.0,5.0,51.0,0.3,0.1,0.8,4.0,758.0,0.0,0.0,0.42744063324538256
35.0,5.0,52.0,0.3,0.1,0.8,4.0,753.0,0.0,0.0,0.42762284196547146
35.0,6.0,1.0,0.3,0.1,0.8,4.0,753.0,0.0,0.0,0.42895086321381143
35.0,6.0,2.0,0.3,0.1,0.8,4.0,748.0,0.0,0.0,0.4264705882352941
35.0,6.0,3.0,0.3,0.1,0.8,4.0,749.0,0.0,0.0,0.42857142857142855
35.0,6.0,4.0,0.3,0.1,0.8,4.0,744.0,0.0,0.0,0.4260752688172043
35.0,6.0,5.0,0.3,0.1,0.8,4.0,735.0,0.0,0.0,0.42993197278911566
35.0,6.0,6.0,0.3,0.1,0.8,4.0,719.0,0.0,0.0,0.4339360222531293
35.0,6.0,7.0,0.3,0.1,0.8,4.0,704.0,0.0,0.0,0.43323863636363635
35.0,6.0,8.0,0.3,0.1,0.8,4.0,696.0,0.0,0.0,0.4339080459770115
35.0,6.0,9.0,0.3,0.1,0.8,4.0,697.0,0.0,0.0,0.43615494978479197
35.0,6.0,10.0,0.3,0.1,0.8,4.0,696.0,0.0,0.0,0.4339080459770115
35.0,6.0,11.0,0.3,0.1,0.8,4.0,694.0,0.0,0.0,0.4365994236311239
35.0,6.0,12.0,0.3,0.1,0.8,4.0,692.0,0.0,0.0,0.43352601156069365
35.0,6.0,13.0,0.3,0.1,0.8,4.0,689.0,0.0,0.0,0.43541364296081275
35.0,6.0,14.0,0.3,0.1,0.8,4.0,690.0,0.0,0.0,0.4318840579710145
35.0,6.0,15.0,0.3,0.1,0.8,4.0,689.0,0.0,0.0,0.43541364296081275
35.0,6.0,16.0,0.3,0.1,0.8,4.0,689.0,0.0,0.0,0.4310595065312046
35.0,6.0,17.0,0.3,0.1,0.8,4.0,687.0,0.0,0.0,0.43377001455604075
35.0,6.0,18.0,0.3,0.1,0.8,4.0,688.0,0.0,0.0,0.4316860465116279
35.0,6.0,19.0,0.3,0.1,0.8,4.0,686.0,0.0,0.0,0.4314868804664723
35.0,6.0,20.0,0.3,0.1,0.8,4.0,1243.0,0.0,0.0,0.23169750603378922
35.0,6.0,21.0,0.3,0.1,0.8,4.0,1218.0,0.0,0.0,0.23399014778325122
35.0,6.0,22.0,0.3,0.1,0.8,4.0,1191.0,0.0,0.0,0.2325776658270361
35.0,6.0,23.0,0.3,0.1,0.8,4.0,1111.0,0.0,0.0,0.23582358235823583
35.0,6.0,24.0,0.3,0.1,0.8,4.0,1096.0,0.0,0.0,0.23722627737226276
35.0,6.0,25.0,0.3,0.1,0.8,4.0,1029.0,0.0,0.0,0.24586977648202138
35.0,6.0,26.0,0.3,0.1,0.8,4.0,1007.0,0.0,0.0,0.24726911618669314
35.0,6.0,27.0,0.3,0.1,0.8,4.0,1007.0,0.0,0.0,0.24826216484607747
35.0,6.0,28.0,0.3,0.1,0.8,4.0,992.0,0.0,0.0,0.24798387096774194
35.0,6.0,29.0,0.3,0.1,0.8,4.0,944.0,0.0,0.0,0.2489406779661017
35.0,6.0,30.0,0.3,0.1,0.8,4.0,917.0,0.0,0.0,0.247546346782988
35.0,6.0,31.0,0.3,0.1,0.8,4.0,904.0,0.0,0.0,0.24668141592920353
35.0,6.0,32.0,0.3,0.1,0.8,4.0,880.0,0.0,0.0,0.25
35.0,6.0,33.0,0.3,0.1,0.8,4.0,875.0,0.0,0.0,0.25142857142857145
35.0,6.0,34.0,0.3,0.1,0.8,4.0,860.0,0.0,0.0,0.25232558139534883
35.0,6.0,35.0,0.3,0.1,0.8,4.0,840.0,0.0,0.0,0.25476190476190474
35.0,6.0,36.0,0.3,0.1,0.8,4.0,838.0,0.0,0.0,0.25059665871121717
35.0,6.0,37.0,0.3,0.1,0.8,4.0,832.0,0.0,0.0,0.2536057692307692
35.0,6.0,38.0,0.3,0.1,0.8,4.0,833.0,0.0,0.0,0.25210084033613445
35.0,6.0,39.0,0.3,0.1,0.8,4.0,819.0,0.0,0.0,0.25518925518925517
35.0,6.0,40.0,0.3,0.1,0.8,4.0,815.0,0.0,0.0,0.25398773006134967
35.0,6.0,41.0,0.3,0.1,0.8,4.0,792.0,0.0,0.0,0.2563131313131313
35.0,6.0,42.0,0.3,0.1,0.8,4.0,756.0,0.0,0.0,0.25793650793650796
35.0,6.0,43.0,0.3,0.1,0.8,4.0,738.0,0.0,0.0,0.26287262872628725
35.0,6.0,44.0,0.3,0.1,0.8,4.0,739.0,0.0,0.0,0.26116373477672533
35.0,6.0,45.0,0.3,0.1,0.8,4.0,737.0,0.0,0.0,0.4287652645861601
35.0,6.0,46.0,0.3,0.1,0.8,4.0,737.0,0.0,0.0,0.42740841248303935
35.0,6.0,47.0,0.3,0.1,0.8,4.0,706.0,0.0,0.0,0.43059490084985835
35.0,6.0,48.0,0.3,0.1,0.8,4.0,706.0,0.0,0.0,0.42917847025495753
35.0,6.0,49.0,0.3,0.1,0.8,4.0,704.0,0.0,0.0,0.4289772727272727
35.0,6.0,50.0,0.3,0.1,0.8,4.0,704.0,0.0,0.0,0.4275568181818182
35.0,6.0,51.0,0.3,0.1,0.8,4.0,693.0,0.0,0.0,0.43001443001443
35.0,6.0,52.0,0.3,0.1,0.8,4.0,687.0,0.0,0.0,0.43085880640465796
35.0,7.0,1.0,0.3,0.1,0.8,4.0,687.0,0.0,0.0,0.43231441048034935
35.0,7.0,2.0,0.3,0.1,0.8,4.0,687.0,0.0,0.0,0.43231441048034935
35.0,7.0,3.0,0.3,0.1,0.8,4.0,687.0,0.0,0.0,0.43377001455604075
35.0,7.0,4.0,0.3,0.1,0.8,4.0,687.0,0.0,0.0,0.43231441048034935
35.0,7.0,5.0,0.3,0.1,0.8,4.0,686.0,0.0,0.0,0.4329446064139942
35.0,7.0,6.0,0.3,0.1,0.8,4.0,686.0,0.0,0.0,0.4314868804664723
35.0,7.0,7.0,0.3,0.1,0.8,4.0,684.0,0.0,0.0,0.4342105263157895
35.0,7.0,8.0,0.3,0.1,0.8,4.0,682.0,0.0,0.0,0.43255131964809385
35.0,7.0,9.0,0.3,0.1,0.8,4.0,658.0,0.0,0.0,0.4376899696048632
35.0,7.0,10.0,0.3,0.1,0.8,4.0,655.0,0.0,0.0,0.4351145038167939
35.0,7.0,11.0,0.3,0.1,0.8,4.0,652.0,0.0,0.0,0.4371165644171779
35.0,7.0,12.0,0.3,0.1,0.8,4.0,649.0,0.0,0.0,0.4345146379044684
35.0,7.0,13.0,0.3,0.1,0.8,4.0,648.0,0.0,0.0,0.4351851851851852
35.0,7.0,14.0,0.3,0.1,0.8,4.0,634.0,0.0,0.0,0.43217665615141954
35.0,7.0,15.0,0.3,0.1,0.8,4.0,629.0,0.0,0.0,0.4356120826709062
35.0,7.0,16.0,0.3,0.1,0.8,4.0,626.0,0.0,0.0,0.43610223642172524
35.0,7.0,17.0,0.3,0.1,0.8,4.0,625.0,0.0,0.0,0.4368
35.0,7.0,18.0,0.3,0.1,0.8,4.0,624.0,0.0,0.0,0.4342948717948718
35.0,7.0,19.0,0.3,0.1,0.8,4.0,624.0,0.0,0.0,0.4358974358974359
35.0,7.0,20.0,0.3,0.1,0.8,4.0,1089.0,0.0,0.0,0.24885215794306703
35.0,7.0,21.0,0.3,0.1,0.8,4.0,1028.0,0.0,0.0,0.25486381322957197
35.0,7.0,22.0,0.3,0.1,0.8,4.0,1018.0,0.0,0.0,0.25343811394891946
35.0,7.0,23.0,0.3,0.1,0.8,4.0,987.0,0.0,0.0,0.25835866261398177
35.0,7.0,24.0,0.3,0.1,0.8,4.0,974.0,0.0,0.0,0.25770020533880905
35.0,7.0,25.0,0.3,0.1,0.8,4.0,971.0,0.0,0.0,0.25952626158599384
35.0,7.0,26.0,0.3,0.1,0.8,4.0,942.0,0.0,0.0,0.25902335456475584
35.0,7.0,27.0,0.3,0.1,0.8,4.0,940.0,0.0,0.0,0.26063829787234044
35.0,7.0,28.0,0.3,0.1,0.8,4.0,942.0,0.0,0.0,0.25902335456475584
35.0,7.0,29.0,0.3,0.1,0.8,4.0,939.0,0.0,0.0,0.2598509052183174
35.0,7.0,30.0,0.3,0.1,0.8,4.0,918.0,0.0,0.0,0.26034858387799564
35.0,7.0,31.0,0.3,0.1,0.8,4.0,904.0,0.0,0.0,0.26327433628318586
35.0,7.0,32.0,0.3,0.1,0.8,4.0,871.0,0.0,0.0,0.26521239954075776
35.0,7.0,33.0,0.3,0.1,0.8,4.0,858.0,0.0,0.0,0.2668997668997669
35.0,7.0,34.0,0.3,0.1,0.8,4.0,823.0,0.0,0.0,0.26852976913730253
35.0,7.0,35.0,0.3,0.1,0.8,4.0,813.0,0.0,0.0,0.26814268142681424
35.0,7.0,36.0,0.3,0.1,0.8,4.0,810.0,0.0,0.0,0.2679012345679012
35.0,7.0,37.0,0.3,0.1,0.8,4.0,810.0,0.0,0.0,0.2679012345679012
35.0,7.0,38.0,0.3,0.1,0.8,4.0,794.0,0.0,0.0,0.26700251889168763
35.0,7.0,39.0,0.3,0.1,0.8,4.0,795.0,0.0,0.0,0.2679245283018868
35.0,7.0,40.0,0.3,0.1,0.8,4.0,782.0,0.0,0.0,0.2672634271099744
35.0,7.0,41.0,0.3,0.1,0.8,4.0,782.0,0.0,0.0,0.2672634271099744
35.0,7.0,42.0,0.3,0.1,0.8,4.0,779.0,0.0,0.0,0.26700898587933247
35.0,7.0,43.0,0.3,0.1,0.8,4.0,762.0,0.0,0.0,0.2690288713910761
35.0,7.0,44.0,0.3,0.1,0.8,4.0,752.0,0.0,0.0,0.26861702127659576
35.0,7.0,45.0,0.3,0.1,0.8,4.0,739.0,0.0,0.0,0.42760487144790255
35.0,7.0,46.0,0.3,0.1,0.8,4.0,724.0,0.0,0.0,0.42679558011049723
35.0,7.0,47.0,0.3,0.1,0.8,4.0,723.0,0.0,0.0,0.42738589211618255
35.0,7.0,48.0,0.3,0.1,0.8,4.0,722.0,0.0,0.0,0.4265927977839335
35.0,7.0,49.0,0.3,0.1,0.8,4.0,706.0,0.0,0.0,0.42917847025495753
35.0,7.0,50.0,0.3,0.1,0.8,4.0,690.0,0.0,0.0,0.4289855072463768
35.0,7.0,51.0,0.3,0.1,0.8,4.0,691.0,0.0,0.0,0.42981186685962375
35.0,7.0,52.0,0.3,0.1,0.8,4.0,676.0,0.0,0.0,0.4334319526627219
35.0,8.0,1.0,0.3,0.1,0.8,4.0,677.0,0.0,0.0,0.4342688330871492
35.0,8.0,2.0,0.3,0.1,0.8,4.0,675.0,0.0,0.0,0.43407407407407406
35.0,8.0,3.0,0.3,0.1,0.8,4.0,673.0,0.0,0.0,0.4323922734026746
35.0,8.0,4.0,0.3,0.1,0.8,4.0,656.0,0.0,0.0,0.43597560975609756
35.0,8.0,5.0,0.3,0.1,0.8,4.0,656.0,0.0,0.0,0.4375
35.0,8.0,6.0,0.3,0.1,0.8,4.0,653.0,0.0,0.0,0.43644716692189894
35.0,8.0,7.0,0.3,0.1,0.8,4.0,652.0,0.0,0.0,0.4386503067484663
35.0,8.0,8.0,0.3,0.1,0.8,4.0,650.0,0.0,0.0,0.43846153846153846
35.0,8.0,9.0,0.3,0.1,0.8,4.0,648.0,0.0,0.0,0.4398148148148148
35.0,8.0,10.0,0.3,0.1,0.8,4.0,646.0,0.0,0.0,0.43962848297213625
35.0,8.0,11.0,0.3,0.1,0.8,4.0,635.0,0.0,0.0,0.4393700787401575
35.0,8.0,12.0,0.3,0.1,0.8,4.0,633.0,0.0,0.0,0.4391785150078989
35.0,8.0,13.0,0.3,0.1,0.8,4.0,634.0,0.0,0.0,0.4400630914826498
35.0,8.0,14.0,0.3,0.1,0.8,4.0,632.0,0.0,0.0,0.43829113924050633
35.0,8.0,15.0,0.3,0.1,0.8,4.0,632.0,0.0,0.0,0.439873417721519
35.0,8.0,16.0,0.3,0.1,0.8,4.0,630.0,0.0,0.0,0.4380952380952381
35.0,8.0,17.0,0.3,0.1,0.8,4.0,630.0,0.0,0.0,0.4396825396825397
35.0,8.0,18.0,0.3,0.1,0.8,4.0,630.0,0.0,0.0,0.4380952380952381
35.0,8.0,19.0,0.3,0.1,0.8,4.0,630.0,0.0,0.0,0.4396825396825397
35.0,8.0,20.0,0.3,0.1,0.8,4.0,1128.0,0.0,0.0,0.24468085106382978
35.0,8.0,21.0,0.3,0.1,0.8,4.0,1115.0,0.0,0.0,0.24484304932735426
35.0,8.0,22.0,0.3,0.1,0.8,4.0,1104.0,0.0,0.0,0.24456521739130435
35.0,8.0,23.0,0.3,0.1,0.8,4.0,1092.0,0.0,0.0,0.24633699633699635
35.0,8.0,24.0,0.3,0.1,0.8,4.0,1067.0,0.0,0.0,0.24273664479850046
35.0,8.0,25.0,0.3,0.1,0.8,4.0,1027.0,0.0,0.0,0.24440116845180138
35.0,8.0,26.0,0.3,0.1,0.8,4.0,1010.0,0.0,0.0,0.24455445544554455
35.0,8.0,27.0,0.3,0.1,0.8,4.0,968.0,0.0,0.0,0.24586776859504134
35.0,8.0,28.0,0.3,0.1,0.8,4.0,946.0,0.0,0.0,0.24312896405919662
35.0,8.0,29.0,0.3,0.1,0.8,4.0,946.0,0.0,0.0,0.2441860465116279
35.0,8.0,30.0,0.3,0.1,0.8,4.0,946.0,0.0,0.0,0.24312896405919662
35.0,8.0,31.0,0.3,0.1,0.8,4.0,916.0,0.0,0.0,0.24890829694323144
35.0,8.0,32.0,0.3,0.1,0.8,4.0,916.0,0.0,0.0,0.24781659388646288
35.0,8.0,33.0,0.3,0.1,0.8,4.0,916.0,0.0,0.0,0.24890829694323144
35.0,8.0,34.0,0.3,0.1,0.8,4.0,892.0,0.0,0.0,0.25112107623318386
35.0,8.0,35.0,0.3,0.1,0.8,4.0,892.0,0.0,0.0,0.2522421524663677
35.0,8.0,36.0,0.3,0.1,0.8,4.0,892.0,0.0,0.0,0.25112107623318386
35.0,8.0,37.0,0.3,0.1,0.8,4.0,892.0,0.0,0.0,0.2522421524663677
35.0,8.0,38.0,0.3,0.1,0.8,4.0,875.0,0.0,0.0,0.2537142857142857
35.0,8.0,39.0,0.3,0.1,0.8,4.0,875.0,0.0,0.0,0.25485714285714284
35.0,8.0,40.0,0.3,0.1,0.8,4.0,862.0,0.0,0.0,0.25406032482598606
35.0,8.0,41.0,0.3,0.1,0.8,4.0,862.0,0.0,0.0,0.2552204176334107
35.0,8.0,42.0,0.3,0.1,0.8,4.0,850.0,0.0,0.0,0.2541176470588235
35.0,8.0,43.0,0.3,0.1,0.8,4.0,850.0,0.0,0.0,0.25529411764705884
35.0,8.0,44.0,0.3,0.1,0.8,4.0,850.0,0.0,0.0,0.2541176470588235
35.0,8.0,45.0,0.3,0.1,0.8,4.0,817.0,0.0,0.0,0.4369645042839657
35.0,8.0,46.0,0.3,0.1,0.8,4.0,816.0,0.0,0.0,0.4362745098039216
35.0,8.0,47.0,0.3,0.1,0.8,4.0,818.0,0.0,0.0,0.43643031784841074
35.0,8.0,48.0,0.3,0.1,0.8,4.0,801.0,0.0,0.0,0.43570536828963796
35.0,8.0,49.0,0.3,0.1,0.8,4.0,802.0,0.0,0.0,0.43640897755610975
35.0,8.0,50.0,0.3,0.1,0.8,4.0,800.0,0.0,0.0,0.435
35.0,8.0,51.0,0.3,0.1,0.8,4.0,800.0,0.0,0.0,0.43625
35.0,8.0,52.0,0.3,0.1,0.8,4.0,799.0,0.0,0.0,0.4355444305381727
35.0,9.0,1.0,0.3,0.1,0.8,4.0,800.0,0.0,0.0,0.43625
35.0,9.0,2.0,0.3,0.1,0.8,4.0,799.0,0.0,0.0,0.4355444305381727
35.0,9.0,3.0,0.3,0.1,0.8,4.0,799.0,0.0,0.0,0.43679599499374216
35.0,9.0,4.0,0.3,0.1,0.8,4.0,796.0,0.0,0.0,0.4371859296482412
35.0,9.0,5.0,0.3,0.1,0.8,4.0,797.0,0.0,0.0,0.437892095357591
35.0,9.0,6.0,0.3,0.1,0.8,4.0,796.0,0.0,0.0,0.4371859296482412
35.0,9.0,7.0,0.3,0.1,0.8,4.0,795.0,0.0,0.0,0.4389937106918239
35.0,9.0,8.0,0.3,0.1,0.8,4.0,794.0,0.0,0.0,0.43828715365239296
35.0,9.0,9.0,0.3,0.1,0.8,4.0,794.0,0.0,0.0,0.43828715365239296
35.0,9.0,10.0,0.3,0.1,0.8,4.0,792.0,0.0,0.0,0.43813131313131315
35.0,9.0,11.0,0.3,0.1,0.8,4.0,790.0,0.0,0.0,0.44050632911392407
35.0,9.0,12.0,0.3,0.1,0.8,4.0,788.0,0.0,0.0,0.4403553299492386
35.0,9.0,13.0,0.3,0.1,0.8,4.0,790.0,0.0,0.0,0.44050632911392407
35.0,9.0,14.0,0.3,0.1,0.8,4.0,788.0,0.0,0.0,0.4403553299492386
35.0,9.0,15.0,0.3,0.1,0.8,4.0,790.0,0.0,0.0,0.44050632911392407
35.0,9.0,16.0,0.3,0.1,0.8,4.0,789.0,0.0,0.0,0.43979721166032953
35.0,9.0,17.0,0.3,0.1,0.8,4.0,790.0,0.0,0.0,0.44050632911392407
35.0,9.0,18.0,0.3,0.1,0.8,4.0,778.0,0.0,0.0,0.442159383033419
35.0,9.0,19.0,0.3,0.1,0.8,4.0,776.0,0.0,0.0,0.44329896907216493
35.0,9.0,20.0,0.3,0.1,0.8,4.0,1364.0,0.0,0.0,0.24120234604105573
35.0,9.0,21.0,0.3,0.1,0.8,4.0,1347.0,0.0,0.0,0.24350408314773572
35.0,9.0,22.0,0.3,0.1,0.8,4.0,1316.0,0.0,0.0,0.2454407294832827
35.0,9.0,23.0,0.3,0.1,0.8,4.0,1303.0,0.0,0.0,0.24712202609363007
35.0,9.0,24.0,0.3,0.1,0.8,4.0,1276.0,0.0,0.0,0.2468652037617555
35.0,9.0,25.0,0.3,0.1,0.8,4.0,1252.0,0.0,0.0,0.24840255591054314
35.0,9.0,26.0,0.3,0.1,0.8,4.0,1189.0,0.0,0.0,0.2514718250630782
35.0,9.0,27.0,0.3,0.1,0.8,4.0,1190.0,0.0,0.0,0.25210084033613445
35.0,9.0,28.0,0.3,0.1,0.8,4.0,1179.0,0.0,0.0,0.24936386768447838
35.0,9.0,29.0,0.3,0.1,0.8,4.0,1132.0,0.0,0.0,0.25176678445229683
35.0,9.0,30.0,0.3,0.1,0.8,4.0,1132.0,0.0,0.0,0.2508833922261484
35.0,9.0,31.0,0.3,0.1,0.8,4.0,1108.0,0.0,0.0,0.2527075812274368
35.0,9.0,32.0,0.3,0.1,0.8,4.0,1093.0,0.0,0.0,0.252516010978957
35.0,9.0,33.0,0.3,0.1,0.8,4.0,1073.0,0.0,0.0,0.2534948741845294
35.0,9.0,34.0,0.3,0.1,0.8,4.0,1071.0,0.0,0.0,0.25210084033613445
35.0,9.0,35.0,0.3,0.1,0.8,4.0,1073.0,0.0,0.0,0.2534948741845294
35.0,9.0,36.0,0.3,0.1,0.8,4.0,1058.0,0.0,0.0,0.2523629489603025
35.0,9.0,37.0,0.3,0.1,0.8,4.0,1058.0,0.0,0.0,0.2542533081285444
35.0,9.0,38.0,0.3,0.1,0.8,4.0,1056.0,0.0,0.0,0.2537878787878788
35.0,9.0,39.0,0.3,0.1,0.8,4.0,1033.0,0.0,0.0,0.2536302032913843
35.0,9.0,40.0,0.3,0.1,0.8,4.0,1020.0,0.0,0.0,0.2529411764705882
35.0,9.0,41.0,0.3,0.1,0.8,4.0,996.0,0.0,0.0,0.2560240963855422
35.0,9.0,42.0,0.3,0.1,0.8,4.0,943.0,0.0,0.0,0.2598091198303287
35.0,9.0,43.0,0.3,0.1,0.8,4.0,943.0,0.0,0.0,0.2598091198303287
35.0,9.0,44.0,0.3,0.1,0.8,4.0,943.0,0.0,0.0,0.2598091198303287
35.0,9.0,45.0,0.3,0.1,0.8,4.0,932.0,0.0,0.0,0.40665236051502146
35.0,9.0,46.0,0.3,0.1,0.8,4.0,932.0,0.0,0.0,0.40665236051502146
35.0,9.0,47.0,0.3,0.1,0.8,4.0,932.0,0.0,0.0,0.40665236051502146
35.0,9.0,48.0,0.3,0.1,0.8,4.0,878.0,0.0,0.0,0.41002277904328016
35.0,9.0,49.0,0.3,0.1,0.8,4.0,878.0,0.0,0.0,0.41002277904328016
35.0,9.0,50.0,0.3,0.1,0.8,4.0,876.0,0.0,0.0,0.4121004566210046
35.0,9.0,51.0,0.3,0.1,0.8,4.0,879.0,0.0,0.0,0.41069397042093286
35.0,9.0,52.0,0.3,0.1,0.8,4.0,864.0,0.0,0.0,0.41087962962962965
35.0,10.0,1.0,0.3,0.1,0.8,4.0,851.0,0.0,0.0,0.4101057579318449
35.0,10.0,2.0,0.3,0.1,0.8,4.0,848.0,0.0,0.0,0.41037735849056606
35.0,10.0,3.0,0.3,0.1,0.8,4.0,849.0,0.0,0.0,0.4098939929328622
35.0,10.0,4.0,0.3,0.1,0.8,4.0,845.0,0.0,0.0,0.40946745562130177
35.0,10.0,5.0,0.3,0.1,0.8,4.0,847.0,0.0,0.0,0.40968122786304606
35.0,10.0,6.0,0.3,0.1,0.8,4.0,843.0,0.0,0.0,0.41043890865954924
35.0,10.0,7.0,0.3,0.1,0.8,4.0,844.0,0.0,0.0,0.4099526066350711
35.0,10.0,8.0,0.3,0.1,0.8,4.0,839.0,0.0,0.0,0.41120381406436235
35.0,10.0,9.0,0.3,0.1,0.8,4.0,838.0,0.0,0.0,0.4128878281622912
35.0,10.0,10.0,0.3,0.1,0.8,4.0,836.0,0.0,0.0,0.4126794258373206
35.0,10.0,11.0,0.3,0.1,0.8,4.0,813.0,0.0,0.0,0.4145141451414514
35.0,10.0,12.0,0.3,0.1,0.8,4.0,811.0,0.0,0.0,0.41430332922318125
35.0,10.0,13.0,0.3,0.1,0.8,4.0,811.0,0.0,0.0,0.41430332922318125
35.0,10.0,14.0,0.3,0.1,0.8,4.0,811.0,0.0,0.0,0.41430332922318125
35.0,10.0,15.0,0.3,0.1,0.8,4.0,811.0,0.0,0.0,0.4155363748458693
35.0,10.0,16.0,0.3,0.1,0.8,4.0,810.0,0.0,0.0,0.4160493827160494
35.0,10.0,17.0,0.3,0.1,0.8,4.0,810.0,0.0,0.0,0.41728395061728396
35.0,10.0,18.0,0.3,0.1,0.8,4.0,810.0,0.0,0.0,0.4160493827160494
35.0,10.0,19.0,0.3,0.1,0.8,4.0,810.0,0.0,0.0,0.41728395061728396
35.0,10.0,20.0,0.3,0.1,0.8,4.0,1398.0,0.0,0.0,0.22746781115879827
35.0,10.0,21.0,0.3,0.1,0.8,4.0,1371.0,0.0,0.0,0.22830051057622175
35.0,10.0,22.0,0.3,0.1,0.8,4.0,1342.0,0.0,0.0,0.22950819672131148
35.0,10.0,23.0,0.3,0.1,0.8,4.0,1294.0,0.0,0.0,0.23183925811437403
35.0,10.0,24.0,0.3,0.1,0.8,4.0,1267.0,0.0,0.0,0.23441199684293607
35.0,10.0,25.0,0.3,0.1,0.8,4.0,1272.0,0.0,0.0,0.23427672955974843
35.0,10.0,26.0,0.3,0.1,0.8,4.0,1220.0,0.0,0.0,0.23688524590163934
35.0,10.0,27.0,0.3,0.1,0.8,4.0,1207.0,0.0,0.0,0.23860811930405965
35.0,10.0,28.0,0.3,0.1,0.8,4.0,1171.0,0.0,0.0,0.2425277540563621
35.0,10.0,29.0,0.3,0.1,0.8,4.0,1139.0,0.0,0.0,0.24319578577699735
35.0,10.0,30.0,0.3,0.1,0.8,4.0,1127.0,0.0,0.0,0.24312333629103816
35.0,10.0,31.0,0.3,0.1,0.8,4.0,1102.0,0.0,0.0,0.24773139745916514
35.0,10.0,32.0,0.3,0.1,0.8,4.0,1102.0,0.0,0.0,0.24682395644283123
35.0,10.0,33.0,0.3,0.1,0.8,4.0,1074.0,0.0,0.0,0.24860335195530725
35.0,10.0,34.0,0.3,0.1,0.8,4.0,1037.0,0.0,0.0,0.25554484088717455
35.0,10.0,35.0,0.3,0.1,0.8,4.0,983.0,0.0,0.0,0.26042726347914547
35.0,10.0,36.0,0.3,0.1,0.8,4.0,983.0,0.0,0.0,0.25940996948118006
35.0,10.0,37.0,0.3,0.1,0.8,4.0,984.0,0.0,0.0,0.2601626016260163
35.0,10.0,38.0,0.3,0.1,0.8,4.0,983.0,0.0,0.0,0.25940996948118006
35.0,10.0,39.0,0.3,0.1,0.8,4.0,984.0,0.0,0.0,0.2601626016260163
35.0,10.0,40.0,0.3,0.1,0.8,4.0,948.0,0.0,0.0,0.25949367088607594
35.0,10.0,41.0,0.3,0.1,0.8,4.0,949.0,0.0,0.0,0.2602739726027397
35.0,10.0,42.0,0.3,0.1,0.8,4.0,879.0,0.0,0.0,0.267349260523322
35.0,10.0,43.0,0.3,0.1,0.8,4.0,869.0,0.0,0.0,0.2669735327963176
35.0,10.0,44.0,0.3,0.1,0.8,4.0,868.0,0.0,0.0,0.2661290322580645
35.0,10.0,45.0,0.3,0.1,0.8,4.0,869.0,0.0,0.0,0.4326812428078251
35.0,10.0,46.0,0.3,0.1,0.8,4.0,868.0,0.0,0.0,0.43202764976958524
35.0,10.0,47.0,0.3,0.1,0.8,4.0,869.0,0.0,0.0,0.4326812428078251
35.0,10.0,48.0,0.3,0.1,0.8,4.0,840.0,0.0,0.0,0.430952380952381
35.0,10.0,49.0,0.3,0.1,0.8,4.0,841.0,0.0,0.0,0.43162901307966706
35.0,10.0,50.0,0.3,0.1,0.8,4.0,840.0,0.0,0.0,0.4297619047619048
35.0,10.0,51.0,0.3,0.1,0.8,4.0,827.0,0.0,0.0,0.4316807738814994
35.0,10.0,52.0,0.3,0.1,0.8,4.0,826.0,0.0,0.0,0.43099273607748184
36.0,1.0,1.0,0.3,0.1,0.8,4.0,5116.0,56.0,12.0,0.2910476935105551
36.0,1.0,2.0,0.3,0.1,0.8,4.0,5070.0,60.0,25.0,0.28954635108481264
36.0,1.0,3.0,0.3,0.1,0.8,4.0,5021.0,75.0,38.0,0.2909778928500299
36.0,1.0,4.0,0.3,0.1,0.8,4.0,4997.0,89.0,35.0,0.29357614568741247
36.0,1.0,5.0,0.3,0.1,0.8,4.0,4956.0,105.0,35.0,0.29580306698950765
36.0,1.0,6.0,0.3,0.1,0.8,4.0,4849.0,112.0,36.0,0.295524850484636
36.0,1.0,7.0,0.3,0.1,0.8,4.0,4775.0,129.0,57.0,0.2961256544502618
36.0,1.0,8.0,0.3,0.1,0.8,4.0,4602.0,152.0,61.0,0.29704476314645806
36.0,1.0,9.0,0.3,0.1,0.8,4.0,4429.0,174.0,71.0,0.2984872431700158
36.0,1.0,10.0,0.3,0.1,0.8,4.0,4299.0,178.0,74.0,0.30216329378925333
36.0,1.0,11.0,0.3,0.1,0.8,4.0,4168.0,209.0,75.0,0.30206333973128596
36.0,1.0,12.0,0.3,0.1,0.8,4.0,4061.0,217.0,87.0,0.3033735533119921
36.0,1.0,13.0,0.3,0.1,0.8,4.0,3986.0,235.0,101.0,0.30481685900652283
36.0,1.0,14.0,0.3,0.1,0.8,4.0,3888.0,262.0,127.0,0.30606995884773663
36.0,1.0,15.0,0.3,0.1,0.8,4.0,3774.0,258.0,121.0,0.3092209856915739
36.0,1.0,16.0,0.3,0.1,0.8,4.0,3643.0,245.0,124.0,0.3137524018665935
36.0,1.0,17.0,0.3,0.1,0.8,4.0,3576.0,242.0,105.0,0.31655480984340045
36.0,1.0,18.0,0.3,0.1,0.8,4.0,3445.0,254.0,112.0,0.3213352685050798
36.0,1.0,19.0,0.3,0.1,0.8,4.0,3330.0,230.0,109.0,0.3246246246246246
36.0,1.0,20.0,0.3,0.1,0.8,4.0,6027.0,238.0,119.0,0.17670482827277254
36.0,1.0,21.0,0.3,0.1,0.8,4.0,5752.0,291.0,119.0,0.17976356050069542
36.0,1.0,22.0,0.3,0.1,0.8,4.0,5307.0,318.0,115.0,0.18447333710194083
36.0,1.0,23.0,0.3,0.1,0.8,4.0,5040.0,358.0,135.0,0.1873015873015873
36.0,1.0,24.0,0.3,0.1,0.8,4.0,4814.0,390.0,146.0,0.19297881179891982
36.0,1.0,25.0,0.3,0.1,0.8,4.0,4605.0,404.0,159.0,0.19609120521172638
36.0,1.0,26.0,0.3,0.1,0.8,4.0,4346.0,437.0,169.0,0.20156465715600552
36.0,1.0,27.0,0.3,0.1,0.8,4.0,4143.0,463.0,181.0,0.2068549360366884
36.0,1.0,28.0,0.3,0.1,0.8,4.0,3947.0,472.0,190.0,0.21231314922726122
36.0,1.0,29.0,0.3,0.1,0.8,4.0,3805.0,491.0,211.0,0.21655716162943495
36.0,1.0,30.0,0.3,0.1,0.8,4.0,3629.0,516.0,232.0,0.2237531000275558
36.0,1.0,31.0,0.3,0.1,0.8,4.0,3523.0,539.0,246.0,0.2253760999148453
36.0,1.0,32.0,0.3,0.1,0.8,4.0,3319.0,511.0,243.0,0.23470924977402832
36.0,1.0,33.0,0.3,0.1,0.8,4.0,3136.0,485.0,226.0,0.24330357142857142
36.0,1.0,34.0,0.3,0.1,0.8,4.0,2931.0,448.0,213.0,0.2521323780279768
36.0,1.0,35.0,0.3,0.1,0.8,4.0,2817.0,418.0,206.0,0.25878594249201275
36.0,1.0,36.0,0.3,0.1,0.8,4.0,2631.0,410.0,206.0,0.26985936906119345
36.0,1.0,37.0,0.3,0.1,0.8,4.0,2501.0,385.0,179.0,0.27508996401439423
36.0,1.0,38.0,0.3,0.1,0.8,4.0,2284.0,344.0,150.0,0.29290718038528896
36.0,1.0,39.0,0.3,0.1,0.8,4.0,2202.0,317.0,154.0,0.298819255222525
36.0,1.0,40.0,0.3,0.1,0.8,4.0,2130.0,315.0,165.0,0.3084507042253521
36.0,1.0,41.0,0.3,0.1,0.8,4.0,2033.0,308.0,163.0,0.31972454500737824
36.0,1.0,42.0,0.3,0.1,0.8,4.0,1920.0,279.0,145.0,0.33645833333333336
36.0,1.0,43.0,0.3,0.1,0.8,4.0,1819.0,244.0,129.0,0.3468938977460143
36.0,1.0,44.0,0.3,0.1,0.8,4.0,1741.0,223.0,108.0,0.3595634692705342
36.0,1.0,45.0,0.3,0.1,0.8,4.0,1668.0,204.0,105.0,0.5143884892086331
36.0,1.0,46.0,0.3,0.1,0.8,4.0,1593.0,174.0,92.0,0.5216572504708098
36.0,1.0,47.0,0.3,0.1,0.8,4.0,1547.0,149.0,93.0,0.5255332902391726
36.0,1.0,48.0,0.3,0.1,0.8,4.0,1462.0,117.0,74.0,0.539671682626539
36.0,1.0,49.0,0.3,0.1,0.8,4.0,1409.0,104.0,62.0,0.5493257629524485
36.0,1.0,50.0,0.3,0.1,0.8,4.0,1362.0,88.0,45.0,0.5565345080763583
36.0,1.0,51.0,0.3,0.1,0.8,4.0,1334.0,77.0,46.0,0.5592203898050975
36.0,1.0,52.0,0.3,0.1,0.8,4.0,1295.0,68.0,44.0,0.5675675675675675
36.0,2.0,1.0,0.3,0.1,0.8,4.0,1272.0,59.0,40.0,0.5723270440251572
36.0,2.0,2.0,0.3,0.1,0.8,4.0,1224.0,46.0,25.0,0.579248366013072
36.0,2.0,3.0,0.3,0.1,0.8,4.0,1206.0,38.0,19.0,0.5829187396351575
36.0,2.0,4.0,0.3,0.1,0.8,4.0,1185.0,31.0,15.0,0.589873417721519
36.0,2.0,5.0,0.3,0.1,0.8,4.0,1148.0,28.0,14.0,0.5949477351916377
36.0,2.0,6.0,0.3,0.1,0.8,4.0,1134.0,26.0,12.0,0.599647266313933
36.0,2.0,7.0,0.3,0.1,0.8,4.0,1121.0,23.0,12.0,0.6003568242640499
36.0,2.0,8.0,0.3,0.1,0.8,4.0,1102.0,24.0,16.0,0.6070780399274047
36.0,2.0,9.0,0.3,0.1,0.8,4.0,1083.0,24.0,13.0,0.6038781163434903
36.0,2.0,10.0,0.3,0.1,0.8,4.0,1066.0,22.0,10.0,0.6060037523452158
36.0,2.0,11.0,0.3,0.1,0.8,4.0,1041.0,15.0,6.0,0.6176753121998079
36.0,2.0,12.0,0.3,0.1,0.8,4.0,1031.0,16.0,7.0,0.6149369544131911
36.0,2.0,13.0,0.3,0.1,0.8,4.0,1021.0,15.0,11.0,0.6170421155729677
36.0,2.0,14.0,0.3,0.1,0.8,4.0,1008.0,12.0,8.0,0.6200396825396826
36.0,2.0,15.0,0.3,0.1,0.8,4.0,997.0,14.0,9.0,0.6188565697091274
36.0,2.0,16.0,0.3,0.1,0.8,4.0,986.0,11.0,4.0,0.6227180527383367
36.0,2.0,17.0,0.3,0.1,0.8,4.0,981.0,11.0,4.0,0.6218144750254841
36.0,2.0,18.0,0.3,0.1,0.8,4.0,960.0,10.0,3.0,0.6239583333333333
36.0,2.0,19.0,0.3,0.1,0.8,4.0,953.0,9.0,2.0,0.6232948583420777
36.0,2.0,20.0,0.3,0.1,0.8,4.0,1661.0,8.0,5.0,0.35039133052378085
36.0,2.0,21.0,0.3,0.1,0.8,4.0,1641.0,9.0,3.0,0.3510054844606947
36.0,2.0,22.0,0.3,0.1,0.8,4.0,1588.0,10.0,4.0,0.3520151133501259
36.0,2.0,23.0,0.3,0.1,0.8,4.0,1549.0,10.0,3.0,0.3518398967075533
36.0,2.0,24.0,0.3,0.1,0.8,4.0,1488.0,11.0,4.0,0.353494623655914
36.0,2.0,25.0,0.3,0.1,0.8,4.0,1472.0,11.0,6.0,0.3539402173913043
36.0,2.0,26.0,0.3,0.1,0.8,4.0,1454.0,11.0,6.0,0.35075653370013754
36.0,2.0,27.0,0.3,0.1,0.8,4.0,1443.0,10.0,5.0,0.35273735273735274
36.0,2.0,28.0,0.3,0.1,0.8,4.0,1401.0,11.0,3.0,0.3561741613133476
36.0,2.0,29.0,0.3,0.1,0.8,4.0,1370.0,8.0,3.0,0.35766423357664234
36.0,2.0,30.0,0.3,0.1,0.8,4.0,1338.0,12.0,6.0,0.3572496263079223
36.0,2.0,31.0,0.3,0.1,0.8,4.0,1314.0,12.0,7.0,0.3584474885844749
36.0,2.0,32.0,0.3,0.1,0.8,4.0,1294.0,15.0,8.0,0.3601236476043277
36.0,2.0,33.0,0.3,0.1,0.8,4.0,1268.0,13.0,6.0,0.36198738170347006
36.0,2.0,34.0,0.3,0.1,0.8,4.0,1255.0,13.0,6.0,0.3601593625498008
36.0,2.0,35.0,0.3,0.1,0.8,4.0,1236.0,10.0,4.0,0.3592233009708738
36.0,2.0,36.0,0.3,0.1,0.8,4.0,1200.0,14.0,4.0,0.3625
36.0,2.0,37.0,0.3,0.1,0.8,4.0,1166.0,8.0,3.0,0.3644939965694683
36.0,2.0,38.0,0.3,0.1,0.8,4.0,1163.0,12.0,6.0,0.36113499570077384
36.0,2.0,39.0,0.3,0.1,0.8,4.0,1138.0,8.0,3.0,0.36115992970123023
36.0,2.0,40.0,0.3,0.1,0.8,4.0,1125.0,7.0,5.0,0.36
36.0,2.0,41.0,0.3,0.1,0.8,4.0,1109.0,6.0,3.0,0.35978358881875566
36.0,2.0,42.0,0.3,0.1,0.8,4.0,1104.0,9.0,4.0,0.36141304347826086
36.0,2.0,43.0,0.3,0.1,0.8,4.0,1098.0,6.0,4.0,0.36065573770491804
36.0,2.0,44.0,0.3,0.1,0.8,4.0,1064.0,6.0,4.0,0.3609022556390977
36.0,2.0,45.0,0.3,0.1,0.8,4.0,1048.0,5.0,5.0,0.48759541984732824
36.0,2.0,46.0,0.3,0.1,0.8,4.0,1040.0,3.0,2.0,0.49230769230769234
36.0,2.0,47.0,0.3,0.1,0.8,4.0,1029.0,6.0,3.0,0.4868804664723032
36.0,2.0,48.0,0.3,0.1,0.8,4.0,995.0,5.0,2.0,0.49547738693467336
36.0,2.0,49.0,0.3,0.1,0.8,4.0,967.0,6.0,3.0,0.4963805584281282
36.0,2.0,50.0,0.3,0.1,0.8,4.0,963.0,6.0,5.0,0.4994807892004154
36.0,2.0,51.0,0.3,0.1,0.8,4.0,950.0,5.0,4.0,0.49894736842105264
36.0,2.0,52.0,0.3,0.1,0.8,4.0,935.0,5.0,3.0,0.5026737967914439
36.0,3.0,1.0,0.3,0.1,0.8,4.0,923.0,2.0,2.0,0.5005417118093174
36.0,3.0,2.0,0.3,0.1,0.8,4.0,918.0,2.0,2.0,0.4989106753812636
36.0,3.0,3.0,0.3,0.1,0.8,4.0,912.0,3.0,2.0,0.49890350877192985
36.0,3.0,4.0,0.3,0.1,0.8,4.0,903.0,1.0,0.0,0.5016611295681063
36.0,3.0,5.0,0.3,0.1,0.8,4.0,885.0,1.0,0.0,0.5016949152542373
36.0,3.0,6.0,0.3,0.1,0.8,4.0,876.0,1.0,0.0,0.5034246575342466
36.0,3.0,7.0,0.3,0.1,0.8,4.0,874.0,1.0,1.0,0.5022883295194508
36.0,3.0,8.0,0.3,0.1,0.8,4.0,853.0,0.0,0.0,0.49824150058616645
36.0,3.0,9.0,0.3,0.1,0.8,4.0,852.0,0.0,0.0,0.4953051643192488
36.0,3.0,10.0,0.3,0.1,0.8,4.0,845.0,0.0,0.0,0.49467455621301776
36.0,3.0,11.0,0.3,0.1,0.8,4.0,837.0,0.0,0.0,0.4946236559139785
36.0,3.0,12.0,0.3,0.1,0.8,4.0,831.0,0.0,0.0,0.49338146811071
36.0,3.0,13.0,0.3,0.1,0.8,4.0,827.0,0.0,0.0,0.49334945586457074
36.0,3.0,14.0,0.3,0.1,0.8,4.0,812.0,0.0,0.0,0.4963054187192118
36.0,3.0,15.0,0.3,0.1,0.8,4.0,812.0,0.0,0.0,0.4938423645320197
36.0,3.0,16.0,0.3,0.1,0.8,4.0,797.0,0.0,0.0,0.493099121706399
36.0,3.0,17.0,0.3,0.1,0.8,4.0,798.0,0.0,0.0,0.4924812030075188
36.0,3.0,18.0,0.3,0.1,0.8,4.0,791.0,0.0,0.0,0.4917825537294564
36.0,3.0,19.0,0.3,0.1,0.8,4.0,775.0,0.0,0.0,0.4941935483870968
36.0,3.0,20.0,0.3,0.1,0.8,4.0,1403.0,0.0,0.0,0.2694226657163222
36.0,3.0,21.0,0.3,0.1,0.8,4.0,1363.0,0.0,0.0,0.2707263389581805
36.0,3.0,22.0,0.3,0.1,0.8,4.0,1309.0,0.0,0.0,0.2719633307868602
36.0,3.0,23.0,0.3,0.1,0.8,4.0,1264.0,0.0,0.0,0.2737341772151899
36.0,3.0,24.0,0.3,0.1,0.8,4.0,1249.0,0.0,0.0,0.27301841473178545
36.0,3.0,25.0,0.3,0.1,0.8,4.0,1210.0,0.0,0.0,0.2694214876033058
36.0,3.0,26.0,0.3,0.1,0.8,4.0,1163.0,0.0,0.0,0.2717110920034394
36.0,3.0,27.0,0.3,0.1,0.8,4.0,1107.0,0.0,0.0,0.27371273712737126
36.0,3.0,28.0,0.3,0.1,0.8,4.0,1101.0,0.0,0.0,0.2688465031789282
36.0,3.0,29.0,0.3,0.1,0.8,4.0,1085.0,0.0,0.0,0.271889400921659
36.0,3.0,30.0,0.3,0.1,0.8,4.0,1063.0,0.0,0.0,0.2718720602069614
36.0,3.0,31.0,0.3,0.1,0.8,4.0,1038.0,0.0,0.0,0.27071290944123316
36.0,3.0,32.0,0.3,0.1,0.8,4.0,1006.0,0.0,0.0,0.268389662027833
36.0,3.0,33.0,0.3,0.1,0.8,4.0,975.0,0.0,0.0,0.27384615384615385
36.0,3.0,34.0,0.3,0.1,0.8,4.0,972.0,0.0,0.0,0.2705761316872428
36.0,3.0,35.0,0.3,0.1,0.8,4.0,937.0,0.0,0.0,0.27748132337246534
36.0,3.0,36.0,0.3,0.1,0.8,4.0,923.0,0.0,0.0,0.27627302275189597
36.0,3.0,37.0,0.3,0.1,0.8,4.0,919.0,0.0,0.0,0.2763873775843308
36.0,3.0,38.0,0.3,0.1,0.8,4.0,920.0,0.0,0.0,0.27391304347826084
36.0,3.0,39.0,0.3,0.1,0.8,4.0,911.0,0.0,0.0,0.27661909989023054
36.0,3.0,40.0,0.3,0.1,0.8,4.0,885.0,0.0,0.0,0.2734463276836158
36.0,3.0,41.0,0.3,0.1,0.8,4.0,842.0,0.0,0.0,0.27790973871733965
36.0,3.0,42.0,0.3,0.1,0.8,4.0,834.0,0.0,0.0,0.28177458033573144
36.0,3.0,43.0,0.3,0.1,0.8,4.0,826.0,0.0,0.0,0.2820823244552058
36.0,3.0,44.0,0.3,0.1,0.8,4.0,831.0,0.0,0.0,0.28399518652226236
36.0,3.0,45.0,0.3,0.1,0.8,4.0,815.0,0.0,0.0,0.43190184049079755
36.0,3.0,46.0,0.3,0.1,0.8,4.0,804.0,0.0,0.0,0.43159203980099503
36.0,3.0,47.0,0.3,0.1,0.8,4.0,794.0,0.0,0.0,0.42947103274559195
36.0,3.0,48.0,0.3,0.1,0.8,4.0,784.0,0.0,0.0,0.4298469387755102
36.0,3.0,49.0,0.3,0.1,0.8,4.0,768.0,0.0,0.0,0.4309895833333333
36.0,3.0,50.0,0.3,0.1,0.8,4.0,778.0,0.0,0.0,0.42802056555269924
36.0,3.0,51.0,0.3,0.1,0.8,4.0,764.0,0.0,0.0,0.4280104712041885
36.0,3.0,52.0,0.3,0.1,0.8,4.0,773.0,0.0,0.0,0.4243208279430789
36.0,4.0,1.0,0.3,0.1,0.8,4.0,753.0,0.0,0.0,0.42231075697211157
36.0,4.0,2.0,0.3,0.1,0.8,4.0,766.0,0.0,0.0,0.42297650130548303
36.0,4.0,3.0,0.3,0.1,0.8,4.0,739.0,0.0,0.0,0.42219215155615697
36.0,4.0,4.0,0.3,0.1,0.8,4.0,750.0,0.0,0.0,0.42133333333333334
36.0,4.0,5.0,0.3,0.1,0.8,4.0,737.0,0.0,0.0,0.41926729986431477
36.0,4.0,6.0,0.3,0.1,0.8,4.0,746.0,0.0,0.0,0.4195710455764075
36.0,4.0,7.0,0.3,0.1,0.8,4.0,732.0,0.0,0.0,0.4166666666666667
36.0,4.0,8.0,0.3,0.1,0.8,4.0,727.0,0.0,0.0,0.422283356258597
36.0,4.0,9.0,0.3,0.1,0.8,4.0,717.0,0.0,0.0,0.4198047419804742
36.0,4.0,10.0,0.3,0.1,0.8,4.0,720.0,0.0,0.0,0.4236111111111111
36.0,4.0,11.0,0.3,0.1,0.8,4.0,710.0,0.0,0.0,0.4211267605633803
36.0,4.0,12.0,0.3,0.1,0.8,4.0,710.0,0.0,0.0,0.4253521126760563
36.0,4.0,13.0,0.3,0.1,0.8,4.0,703.0,0.0,0.0,0.42105263157894735
36.0,4.0,14.0,0.3,0.1,0.8,4.0,695.0,0.0,0.0,0.42158273381294964
36.0,4.0,15.0,0.3,0.1,0.8,4.0,686.0,0.0,0.0,0.41836734693877553
36.0,4.0,16.0,0.3,0.1,0.8,4.0,692.0,0.0,0.0,0.42052023121387283
36.0,4.0,17.0,0.3,0.1,0.8,4.0,683.0,0.0,0.0,0.41874084919472915
36.0,4.0,18.0,0.3,0.1,0.8,4.0,687.0,0.0,0.0,0.42212518195050946
36.0,4.0,19.0,0.3,0.1,0.8,4.0,677.0,0.0,0.0,0.42097488921713444
36.0,4.0,20.0,0.3,0.1,0.8,4.0,1242.0,0.0,0.0,0.23268921095008052
36.0,4.0,21.0,0.3,0.1,0.8,4.0,1197.0,0.0,0.0,0.23141186299081035
36.0,4.0,22.0,0.3,0.1,0.8,4.0,1158.0,0.0,0.0,0.23575129533678757
36.0,4.0,23.0,0.3,0.1,0.8,4.0,1136.0,0.0,0.0,0.23503521126760563
36.0,4.0,24.0,0.3,0.1,0.8,4.0,1115.0,0.0,0.0,0.2358744394618834
36.0,4.0,25.0,0.3,0.1,0.8,4.0,1077.0,0.0,0.0,0.23769730733519034
36.0,4.0,26.0,0.3,0.1,0.8,4.0,1091.0,0.0,0.0,0.2373968835930339
36.0,4.0,27.0,0.3,0.1,0.8,4.0,1035.0,0.0,0.0,0.23768115942028986
36.0,4.0,28.0,0.3,0.1,0.8,4.0,1028.0,0.0,0.0,0.23540856031128404
36.0,4.0,29.0,0.3,0.1,0.8,4.0,1007.0,0.0,0.0,0.23733862959285004
36.0,4.0,30.0,0.3,0.1,0.8,4.0,1018.0,0.0,0.0,0.23673870333988212
36.0,4.0,31.0,0.3,0.1,0.8,4.0,999.0,0.0,0.0,0.23723723723723725
36.0,4.0,32.0,0.3,0.1,0.8,4.0,998.0,0.0,0.0,0.23547094188376755
36.0,4.0,33.0,0.3,0.1,0.8,4.0,960.0,0.0,0.0,0.23645833333333333
36.0,4.0,34.0,0.3,0.1,0.8,4.0,960.0,0.0,0.0,0.23229166666666667
36.0,4.0,35.0,0.3,0.1,0.8,4.0,954.0,0.0,0.0,0.23270440251572327
36.0,4.0,36.0,0.3,0.1,0.8,4.0,929.0,0.0,0.0,0.23466092572658773
36.0,4.0,37.0,0.3,0.1,0.8,4.0,901.0,0.0,0.0,0.23640399556048836
36.0,4.0,38.0,0.3,0.1,0.8,4.0,889.0,0.0,0.0,0.23509561304836896
36.0,4.0,39.0,0.3,0.1,0.8,4.0,887.0,0.0,0.0,0.237880496054115
36.0,4.0,40.0,0.3,0.1,0.8,4.0,863.0,0.0,0.0,0.23754345307068367
36.0,4.0,41.0,0.3,0.1,0.8,4.0,856.0,0.0,0.0,0.2383177570093458
36.0,4.0,42.0,0.3,0.1,0.8,4.0,859.0,0.0,0.0,0.23632130384167638
36.0,4.0,43.0,0.3,0.1,0.8,4.0,846.0,0.0,0.0,0.2375886524822695
36.0,4.0,44.0,0.3,0.1,0.8,4.0,850.0,0.0,0.0,0.23529411764705882
36.0,4.0,45.0,0.3,0.1,0.8,4.0,840.0,0.0,0.0,0.38452380952380955
36.0,4.0,46.0,0.3,0.1,0.8,4.0,799.0,0.0,0.0,0.38423028785982477
36.0,4.0,47.0,0.3,0.1,0.8,4.0,777.0,0.0,0.0,0.38996138996138996
36.0,4.0,48.0,0.3,0.1,0.8,4.0,780.0,0.0,0.0,0.38846153846153847
36.0,4.0,49.0,0.3,0.1,0.8,4.0,774.0,0.0,0.0,0.3875968992248062
36.0,4.0,50.0,0.3,0.1,0.8,4.0,774.0,0.0,0.0,0.3875968992248062
36.0,4.0,51.0,0.3,0.1,0.8,4.0,753.0,0.0,0.0,0.38645418326693226
36.0,4.0,52.0,0.3,0.1,0.8,4.0,755.0,0.0,0.0,0.38543046357615895
36.0,5.0,1.0,0.3,0.1,0.8,4.0,737.0,0.0,0.0,0.3853459972862958
36.0,5.0,2.0,0.3,0.1,0.8,4.0,739.0,0.0,0.0,0.38430311231393777
36.0,5.0,3.0,0.3,0.1,0.8,4.0,724.0,0.0,0.0,0.38535911602209943
36.0,5.0,4.0,0.3,0.1,0.8,4.0,726.0,0.0,0.0,0.384297520661157
36.0,5.0,5.0,0.3,0.1,0.8,4.0,698.0,0.0,0.0,0.38825214899713467
36.0,5.0,6.0,0.3,0.1,0.8,4.0,701.0,0.0,0.0,0.3880171184022825
36.0,5.0,7.0,0.3,0.1,0.8,4.0,696.0,0.0,0.0,0.3864942528735632
36.0,5.0,8.0,0.3,0.1,0.8,4.0,695.0,0.0,0.0,0.3899280575539568
36.0,5.0,9.0,0.3,0.1,0.8,4.0,676.0,0.0,0.0,0.39349112426035504
36.0,5.0,10.0,0.3,0.1,0.8,4.0,678.0,0.0,0.0,0.3938053097345133
36.0,5.0,11.0,0.3,0.1,0.8,4.0,676.0,0.0,0.0,0.39349112426035504
36.0,5.0,12.0,0.3,0.1,0.8,4.0,676.0,0.0,0.0,0.39349112426035504
36.0,5.0,13.0,0.3,0.1,0.8,4.0,675.0,0.0,0.0,0.3940740740740741
36.0,5.0,14.0,0.3,0.1,0.8,4.0,674.0,0.0,0.0,0.3916913946587537
36.0,5.0,15.0,0.3,0.1,0.8,4.0,670.0,0.0,0.0,0.39104477611940297
36.0,5.0,16.0,0.3,0.1,0.8,4.0,658.0,0.0,0.0,0.3905775075987842
36.0,5.0,17.0,0.3,0.1,0.8,4.0,657.0,0.0,0.0,0.3911719939117199
36.0,5.0,18.0,0.3,0.1,0.8,4.0,654.0,0.0,0.0,0.38990825688073394
36.0,5.0,19.0,0.3,0.1,0.8,4.0,655.0,0.0,0.0,0.3893129770992366
36.0,5.0,20.0,0.3,0.1,0.8,4.0,1155.0,0.0,0.0,0.21818181818181817
36.0,5.0,21.0,0.3,0.1,0.8,4.0,1144.0,0.0,0.0,0.21678321678321677
36.0,5.0,22.0,0.3,0.1,0.8,4.0,1113.0,0.0,0.0,0.2192273135669362
36.0,5.0,23.0,0.3,0.1,0.8,4.0,1104.0,0.0,0.0,0.21829710144927536
36.0,5.0,24.0,0.3,0.1,0.8,4.0,1113.0,0.0,0.0,0.2192273135669362
36.0,5.0,25.0,0.3,0.1,0.8,4.0,1049.0,0.0,0.0,0.22116301239275502
36.0,5.0,26.0,0.3,0.1,0.8,4.0,1046.0,0.0,0.0,0.22275334608030592
36.0,5.0,27.0,0.3,0.1,0.8,4.0,1022.0,0.0,0.0,0.22113502935420742
36.0,5.0,28.0,0.3,0.1,0.8,4.0,957.0,0.0,0.0,0.2277951933124347
36.0,5.0,29.0,0.3,0.1,0.8,4.0,929.0,0.0,0.0,0.2238966630785791
36.0,5.0,30.0,0.3,0.1,0.8,4.0,931.0,0.0,0.0,0.22556390977443608
36.0,5.0,31.0,0.3,0.1,0.8,4.0,898.0,0.0,0.0,0.22828507795100222
36.0,5.0,32.0,0.3,0.1,0.8,4.0,871.0,0.0,0.0,0.22847301951779564
36.0,5.0,33.0,0.3,0.1,0.8,4.0,827.0,0.0,0.0,0.2370012091898428
36.0,5.0,34.0,0.3,0.1,0.8,4.0,828.0,0.0,0.0,0.23550724637681159
36.0,5.0,35.0,0.3,0.1,0.8,4.0,819.0,0.0,0.0,0.23443223443223443
36.0,5.0,36.0,0.3,0.1,0.8,4.0,809.0,0.0,0.0,0.23485784919653893
36.0,5.0,37.0,0.3,0.1,0.8,4.0,800.0,0.0,0.0,0.23625
36.0,5.0,38.0,0.3,0.1,0.8,4.0,797.0,0.0,0.0,0.2371392722710163
36.0,5.0,39.0,0.3,0.1,0.8,4.0,785.0,0.0,0.0,0.23694267515923567
36.0,5.0,40.0,0.3,0.1,0.8,4.0,771.0,0.0,0.0,0.23865110246433205
36.0,5.0,41.0,0.3,0.1,0.8,4.0,768.0,0.0,0.0,0.23567708333333334
36.0,5.0,42.0,0.3,0.1,0.8,4.0,765.0,0.0,0.0,0.23660130718954248
36.0,5.0,43.0,0.3,0.1,0.8,4.0,766.0,0.0,0.0,0.23368146214099217
36.0,5.0,44.0,0.3,0.1,0.8,4.0,736.0,0.0,0.0,0.22826086956521738
36.0,5.0,45.0,0.3,0.1,0.8,4.0,725.0,0.0,0.0,0.39586206896551723
36.0,5.0,46.0,0.3,0.1,0.8,4.0,712.0,0.0,0.0,0.4002808988764045
36.0,5.0,47.0,0.3,0.1,0.8,4.0,713.0,0.0,0.0,0.39691444600280507
36.0,5.0,48.0,0.3,0.1,0.8,4.0,709.0,0.0,0.0,0.39774330042313116
36.0,5.0,49.0,0.3,0.1,0.8,4.0,685.0,0.0,0.0,0.40145985401459855
36.0,5.0,50.0,0.3,0.1,0.8,4.0,681.0,0.0,0.0,0.40381791483113066
36.0,5.0,51.0,0.3,0.1,0.8,4.0,684.0,0.0,0.0,0.40497076023391815
36.0,5.0,52.0,0.3,0.1,0.8,4.0,679.0,0.0,0.0,0.406480117820324
36.0,6.0,1.0,0.3,0.1,0.8,4.0,682.0,0.0,0.0,0.4046920821114369
36.0,6.0,2.0,0.3,0.1,0.8,4.0,677.0,0.0,0.0,0.40620384047267355
36.0,6.0,3.0,0.3,0.1,0.8,4.0,678.0,0.0,0.0,0.40412979351032446
36.0,6.0,4.0,0.3,0.1,0.8,4.0,674.0,0.0,0.0,0.4050445103857567
36.0,6.0,5.0,0.3,0.1,0.8,4.0,677.0,0.0,0.0,0.4032496307237814
36.0,6.0,6.0,0.3,0.1,0.8,4.0,675.0,0.0,0.0,0.4059259259259259
36.0,6.0,7.0,0.3,0.1,0.8,4.0,666.0,0.0,0.0,0.4069069069069069
36.0,6.0,8.0,0.3,0.1,0.8,4.0,656.0,0.0,0.0,0.41310975609756095
36.0,6.0,9.0,0.3,0.1,0.8,4.0,658.0,0.0,0.0,0.41033434650455924
36.0,6.0,10.0,0.3,0.1,0.8,4.0,655.0,0.0,0.0,0.41068702290076337
36.0,6.0,11.0,0.3,0.1,0.8,4.0,652.0,0.0,0.0,0.40797546012269936
36.0,6.0,12.0,0.3,0.1,0.8,4.0,653.0,0.0,0.0,0.4104134762633997
36.0,6.0,13.0,0.3,0.1,0.8,4.0,653.0,0.0,0.0,0.40888208269525267
36.0,6.0,14.0,0.3,0.1,0.8,4.0,651.0,0.0,0.0,0.4116743471582181
36.0,6.0,15.0,0.3,0.1,0.8,4.0,653.0,0.0,0.0,0.40888208269525267
36.0,6.0,16.0,0.3,0.1,0.8,4.0,650.0,0.0,0.0,0.4107692307692308
36.0,6.0,17.0,0.3,0.1,0.8,4.0,639.0,0.0,0.0,0.405320813771518
36.0,6.0,18.0,0.3,0.1,0.8,4.0,635.0,0.0,0.0,0.4078740157480315
36.0,6.0,19.0,0.3,0.1,0.8,4.0,639.0,0.0,0.0,0.40375586854460094
36.0,6.0,20.0,0.3,0.1,0.8,4.0,1238.0,0.0,0.0,0.210016155088853
36.0,6.0,21.0,0.3,0.1,0.8,4.0,1175.0,0.0,0.0,0.20680851063829786
36.0,6.0,22.0,0.3,0.1,0.8,4.0,1127.0,0.0,0.0,0.21561668145519078
36.0,6.0,23.0,0.3,0.1,0.8,4.0,1121.0,0.0,0.0,0.2149866190900981
36.0,6.0,24.0,0.3,0.1,0.8,4.0,1079.0,0.0,0.0,0.21779425393883226
36.0,6.0,25.0,0.3,0.1,0.8,4.0,1048.0,0.0,0.0,0.21660305343511452
36.0,6.0,26.0,0.3,0.1,0.8,4.0,994.0,0.0,0.0,0.22032193158953722
36.0,6.0,27.0,0.3,0.1,0.8,4.0,995.0,0.0,0.0,0.21909547738693466
36.0,6.0,28.0,0.3,0.1,0.8,4.0,994.0,0.0,0.0,0.22032193158953722
36.0,6.0,29.0,0.3,0.1,0.8,4.0,924.0,0.0,0.0,0.22835497835497837
36.0,6.0,30.0,0.3,0.1,0.8,4.0,915.0,0.0,0.0,0.23060109289617486
36.0,6.0,31.0,0.3,0.1,0.8,4.0,901.0,0.0,0.0,0.2297447280799112
36.0,6.0,32.0,0.3,0.1,0.8,4.0,881.0,0.0,0.0,0.23269012485811577
36.0,6.0,33.0,0.3,0.1,0.8,4.0,873.0,0.0,0.0,0.2325315005727377
36.0,6.0,34.0,0.3,0.1,0.8,4.0,839.0,0.0,0.0,0.23480333730631706
36.0,6.0,35.0,0.3,0.1,0.8,4.0,826.0,0.0,0.0,0.23002421307506055
36.0,6.0,36.0,0.3,0.1,0.8,4.0,825.0,0.0,0.0,0.2290909090909091
36.0,6.0,37.0,0.3,0.1,0.8,4.0,824.0,0.0,0.0,0.22815533980582525
36.0,6.0,38.0,0.3,0.1,0.8,4.0,811.0,0.0,0.0,0.22688039457459927
36.0,6.0,39.0,0.3,0.1,0.8,4.0,800.0,0.0,0.0,0.22875
36.0,6.0,40.0,0.3,0.1,0.8,4.0,798.0,0.0,0.0,0.22681704260651628
36.0,6.0,41.0,0.3,0.1,0.8,4.0,753.0,0.0,0.0,0.2350597609561753
36.0,6.0,42.0,0.3,0.1,0.8,4.0,739.0,0.0,0.0,0.2354533152909337
36.0,6.0,43.0,0.3,0.1,0.8,4.0,740.0,0.0,0.0,0.23513513513513515
36.0,6.0,44.0,0.3,0.1,0.8,4.0,737.0,0.0,0.0,0.23609226594301222
36.0,6.0,45.0,0.3,0.1,0.8,4.0,714.0,0.0,0.0,0.41876750700280113
36.0,6.0,46.0,0.3,0.1,0.8,4.0,713.0,0.0,0.0,0.41935483870967744
36.0,6.0,47.0,0.3,0.1,0.8,4.0,702.0,0.0,0.0,0.4188034188034188
36.0,6.0,48.0,0.3,0.1,0.8,4.0,701.0,0.0,0.0,0.4194008559201141
36.0,6.0,49.0,0.3,0.1,0.8,4.0,686.0,0.0,0.0,0.41836734693877553
36.0,6.0,50.0,0.3,0.1,0.8,4.0,685.0,0.0,0.0,0.41897810218978104
36.0,6.0,51.0,0.3,0.1,0.8,4.0,684.0,0.0,0.0,0.4195906432748538
36.0,6.0,52.0,0.3,0.1,0.8,4.0,683.0,0.0,0.0,0.41874084919472915
36.0,7.0,1.0,0.3,0.1,0.8,4.0,683.0,0.0,0.0,0.41874084919472915
36.0,7.0,2.0,0.3,0.1,0.8,4.0,683.0,0.0,0.0,0.4172767203513909
36.0,7.0,3.0,0.3,0.1,0.8,4.0,683.0,0.0,0.0,0.41874084919472915
36.0,7.0,4.0,0.3,0.1,0.8,4.0,682.0,0.0,0.0,0.41642228739002934
36.0,7.0,5.0,0.3,0.1,0.8,4.0,683.0,0.0,0.0,0.41874084919472915
36.0,7.0,6.0,0.3,0.1,0.8,4.0,681.0,0.0,0.0,0.4170337738619677
36.0,7.0,7.0,0.3,0.1,0.8,4.0,682.0,0.0,0.0,0.41935483870967744
36.0,7.0,8.0,0.3,0.1,0.8,4.0,677.0,0.0,0.0,0.41802067946824223
36.0,7.0,9.0,0.3,0.1,0.8,4.0,666.0,0.0,0.0,0.42492492492492495
36.0,7.0,10.0,0.3,0.1,0.8,4.0,664.0,0.0,0.0,0.42319277108433734
36.0,7.0,11.0,0.3,0.1,0.8,4.0,653.0,0.0,0.0,0.42725880551301687
36.0,7.0,12.0,0.3,0.1,0.8,4.0,651.0,0.0,0.0,0.4254992319508449
36.0,7.0,13.0,0.3,0.1,0.8,4.0,651.0,0.0,0.0,0.4270353302611367
36.0,7.0,14.0,0.3,0.1,0.8,4.0,639.0,0.0,0.0,0.4272300469483568
36.0,7.0,15.0,0.3,0.1,0.8,4.0,639.0,0.0,0.0,0.4303599374021909
36.0,7.0,16.0,0.3,0.1,0.8,4.0,638.0,0.0,0.0,0.4278996865203762
36.0,7.0,17.0,0.3,0.1,0.8,4.0,627.0,0.0,0.0,0.42902711323763953
36.0,7.0,18.0,0.3,0.1,0.8,4.0,626.0,0.0,0.0,0.426517571884984
36.0,7.0,19.0,0.3,0.1,0.8,4.0,627.0,0.0,0.0,0.42902711323763953
36.0,7.0,20.0,0.3,0.1,0.8,4.0,1150.0,0.0,0.0,0.23043478260869565
36.0,7.0,21.0,0.3,0.1,0.8,4.0,1123.0,0.0,0.0,0.23063223508459482
36.0,7.0,22.0,0.3,0.1,0.8,4.0,1095.0,0.0,0.0,0.2319634703196347
36.0,7.0,23.0,0.3,0.1,0.8,4.0,1060.0,0.0,0.0,0.23773584905660378
36.0,7.0,24.0,0.3,0.1,0.8,4.0,992.0,0.0,0.0,0.24294354838709678
36.0,7.0,25.0,0.3,0.1,0.8,4.0,964.0,0.0,0.0,0.2479253112033195
36.0,7.0,26.0,0.3,0.1,0.8,4.0,936.0,0.0,0.0,0.2467948717948718
36.0,7.0,27.0,0.3,0.1,0.8,4.0,941.0,0.0,0.0,0.24867162592986186
36.0,7.0,28.0,0.3,0.1,0.8,4.0,925.0,0.0,0.0,0.2454054054054054
36.0,7.0,29.0,0.3,0.1,0.8,4.0,917.0,0.0,0.0,0.24863685932388221
36.0,7.0,30.0,0.3,0.1,0.8,4.0,911.0,0.0,0.0,0.24698133918770582
36.0,7.0,31.0,0.3,0.1,0.8,4.0,898.0,0.0,0.0,0.24276169265033407
36.0,7.0,32.0,0.3,0.1,0.8,4.0,863.0,0.0,0.0,0.24333719582850522
36.0,7.0,33.0,0.3,0.1,0.8,4.0,856.0,0.0,0.0,0.24649532710280375
36.0,7.0,34.0,0.3,0.1,0.8,4.0,845.0,0.0,0.0,0.24497041420118343
36.0,7.0,35.0,0.3,0.1,0.8,4.0,831.0,0.0,0.0,0.25150421179302046
36.0,7.0,36.0,0.3,0.1,0.8,4.0,825.0,0.0,0.0,0.24848484848484848
36.0,7.0,37.0,0.3,0.1,0.8,4.0,829.0,0.0,0.0,0.25090470446320867
36.0,7.0,38.0,0.3,0.1,0.8,4.0,819.0,0.0,0.0,0.24786324786324787
36.0,7.0,39.0,0.3,0.1,0.8,4.0,816.0,0.0,0.0,0.2536764705882353
36.0,7.0,40.0,0.3,0.1,0.8,4.0,805.0,0.0,0.0,0.253416149068323
36.0,7.0,41.0,0.3,0.1,0.8,4.0,796.0,0.0,0.0,0.25753768844221103
36.0,7.0,42.0,0.3,0.1,0.8,4.0,790.0,0.0,0.0,0.25443037974683547
36.0,7.0,43.0,0.3,0.1,0.8,4.0,794.0,0.0,0.0,0.25692695214105793
36.0,7.0,44.0,0.3,0.1,0.8,4.0,786.0,0.0,0.0,0.25318066157760816
36.0,7.0,45.0,0.3,0.1,0.8,4.0,782.0,0.0,0.0,0.4079283887468031
36.0,7.0,46.0,0.3,0.1,0.8,4.0,774.0,0.0,0.0,0.40310077519379844
36.0,7.0,47.0,0.3,0.1,0.8,4.0,778.0,0.0,0.0,0.40616966580976865
36.0,7.0,48.0,0.3,0.1,0.8,4.0,748.0,0.0,0.0,0.4077540106951872
36.0,7.0,49.0,0.3,0.1,0.8,4.0,723.0,0.0,0.0,0.4149377593360996
36.0,7.0,50.0,0.3,0.1,0.8,4.0,718.0,0.0,0.0,0.41086350974930363
36.0,7.0,51.0,0.3,0.1,0.8,4.0,722.0,0.0,0.0,0.41412742382271467
36.0,7.0,52.0,0.3,0.1,0.8,4.0,717.0,0.0,0.0,0.41143654114365413
36.0,8.0,1.0,0.3,0.1,0.8,4.0,693.0,0.0,0.0,0.4227994227994228
36.0,8.0,2.0,0.3,0.1,0.8,4.0,688.0,0.0,0.0,0.4186046511627907
36.0,8.0,3.0,0.3,0.1,0.8,4.0,692.0,0.0,0.0,0.42196531791907516
36.0,8.0,4.0,0.3,0.1,0.8,4.0,676.0,0.0,0.0,0.42159763313609466
36.0,8.0,5.0,0.3,0.1,0.8,4.0,667.0,0.0,0.0,0.4272863568215892
36.0,8.0,6.0,0.3,0.1,0.8,4.0,664.0,0.0,0.0,0.4246987951807229
36.0,8.0,7.0,0.3,0.1,0.8,4.0,668.0,0.0,0.0,0.4281437125748503
36.0,8.0,8.0,0.3,0.1,0.8,4.0,662.0,0.0,0.0,0.4259818731117825
36.0,8.0,9.0,0.3,0.1,0.8,4.0,666.0,0.0,0.0,0.4294294294294294
36.0,8.0,10.0,0.3,0.1,0.8,4.0,662.0,0.0,0.0,0.4259818731117825
36.0,8.0,11.0,0.3,0.1,0.8,4.0,664.0,0.0,0.0,0.4307228915662651
36.0,8.0,12.0,0.3,0.1,0.8,4.0,659.0,0.0,0.0,0.4279210925644917
36.0,8.0,13.0,0.3,0.1,0.8,4.0,651.0,0.0,0.0,0.43317972350230416
36.0,8.0,14.0,0.3,0.1,0.8,4.0,636.0,0.0,0.0,0.4339622641509434
36.0,8.0,15.0,0.3,0.1,0.8,4.0,640.0,0.0,0.0,0.4375
36.0,8.0,16.0,0.3,0.1,0.8,4.0,622.0,0.0,0.0,0.43890675241157556
36.0,8.0,17.0,0.3,0.1,0.8,4.0,626.0,0.0,0.0,0.4424920127795527
36.0,8.0,18.0,0.3,0.1,0.8,4.0,622.0,0.0,0.0,0.43890675241157556
36.0,8.0,19.0,0.3,0.1,0.8,4.0,626.0,0.0,0.0,0.4424920127795527
36.0,8.0,20.0,0.3,0.1,0.8,4.0,1127.0,0.0,0.0,0.2422360248447205
36.0,8.0,21.0,0.3,0.1,0.8,4.0,1120.0,0.0,0.0,0.24642857142857144
36.0,8.0,22.0,0.3,0.1,0.8,4.0,1082.0,0.0,0.0,0.24399260628465805
36.0,8.0,23.0,0.3,0.1,0.8,4.0,1061.0,0.0,0.0,0.24976437323279924
36.0,8.0,24.0,0.3,0.1,0.8,4.0,1001.0,0.0,0.0,0.2517482517482518
36.0,8.0,25.0,0.3,0.1,0.8,4.0,982.0,0.0,0.0,0.2556008146639511
36.0,8.0,26.0,0.3,0.1,0.8,4.0,980.0,0.0,0.0,0.25204081632653064
36.0,8.0,27.0,0.3,0.1,0.8,4.0,960.0,0.0,0.0,0.25833333333333336
36.0,8.0,28.0,0.3,0.1,0.8,4.0,955.0,0.0,0.0,0.2544502617801047
36.0,8.0,29.0,0.3,0.1,0.8,4.0,933.0,0.0,0.0,0.2604501607717042
36.0,8.0,30.0,0.3,0.1,0.8,4.0,928.0,0.0,0.0,0.25646551724137934
36.0,8.0,31.0,0.3,0.1,0.8,4.0,921.0,0.0,0.0,0.25732899022801303
36.0,8.0,32.0,0.3,0.1,0.8,4.0,905.0,0.0,0.0,0.25303867403314917
36.0,8.0,33.0,0.3,0.1,0.8,4.0,898.0,0.0,0.0,0.2594654788418708
36.0,8.0,34.0,0.3,0.1,0.8,4.0,893.0,0.0,0.0,0.2553191489361702
36.0,8.0,35.0,0.3,0.1,0.8,4.0,871.0,0.0,0.0,0.2617680826636051
36.0,8.0,36.0,0.3,0.1,0.8,4.0,839.0,0.0,0.0,0.2634088200238379
36.0,8.0,37.0,0.3,0.1,0.8,4.0,818.0,0.0,0.0,0.2713936430317848
36.0,8.0,38.0,0.3,0.1,0.8,4.0,813.0,0.0,0.0,0.26691266912669126
36.0,8.0,39.0,0.3,0.1,0.8,4.0,818.0,0.0,0.0,0.2713936430317848
36.0,8.0,40.0,0.3,0.1,0.8,4.0,813.0,0.0,0.0,0.26691266912669126
36.0,8.0,41.0,0.3,0.1,0.8,4.0,818.0,0.0,0.0,0.2713936430317848
36.0,8.0,42.0,0.3,0.1,0.8,4.0,801.0,0.0,0.0,0.2634207240948814
36.0,8.0,43.0,0.3,0.1,0.8,4.0,806.0,0.0,0.0,0.2679900744416873
36.0,8.0,44.0,0.3,0.1,0.8,4.0,801.0,0.0,0.0,0.2634207240948814
36.0,8.0,45.0,0.3,0.1,0.8,4.0,795.0,0.0,0.0,0.42641509433962266
36.0,8.0,46.0,0.3,0.1,0.8,4.0,779.0,0.0,0.0,0.42105263157894735
36.0,8.0,47.0,0.3,0.1,0.8,4.0,784.0,0.0,0.0,0.4247448979591837
36.0,8.0,48.0,0.3,0.1,0.8,4.0,768.0,0.0,0.0,0.421875
36.0,8.0,49.0,0.3,0.1,0.8,4.0,772.0,0.0,0.0,0.42487046632124353
36.0,8.0,50.0,0.3,0.1,0.8,4.0,756.0,0.0,0.0,0.4246031746031746
36.0,8.0,51.0,0.3,0.1,0.8,4.0,761.0,0.0,0.0,0.4283837056504599
36.0,8.0,52.0,0.3,0.1,0.8,4.0,756.0,0.0,0.0,0.4246031746031746
36.0,9.0,1.0,0.3,0.1,0.8,4.0,761.0,0.0,0.0,0.4283837056504599
36.0,9.0,2.0,0.3,0.1,0.8,4.0,756.0,0.0,0.0,0.4246031746031746
36.0,9.0,3.0,0.3,0.1,0.8,4.0,748.0,0.0,0.0,0.4264705882352941
36.0,9.0,4.0,0.3,0.1,0.8,4.0,745.0,0.0,0.0,0.42416107382550333
36.0,9.0,5.0,0.3,0.1,0.8,4.0,748.0,0.0,0.0,0.4264705882352941
36.0,9.0,6.0,0.3,0.1,0.8,4.0,745.0,0.0,0.0,0.42416107382550333
36.0,9.0,7.0,0.3,0.1,0.8,4.0,747.0,0.0,0.0,0.42570281124497994
36.0,9.0,8.0,0.3,0.1,0.8,4.0,739.0,0.0,0.0,0.42354533152909335
36.0,9.0,9.0,0.3,0.1,0.8,4.0,742.0,0.0,0.0,0.42587601078167114
36.0,9.0,10.0,0.3,0.1,0.8,4.0,726.0,0.0,0.0,0.4256198347107438
36.0,9.0,11.0,0.3,0.1,0.8,4.0,715.0,0.0,0.0,0.4307692307692308
36.0,9.0,12.0,0.3,0.1,0.8,4.0,711.0,0.0,0.0,0.4289732770745429
36.0,9.0,13.0,0.3,0.1,0.8,4.0,714.0,0.0,0.0,0.43137254901960786
36.0,9.0,14.0,0.3,0.1,0.8,4.0,710.0,0.0,0.0,0.4295774647887324
36.0,9.0,15.0,0.3,0.1,0.8,4.0,713.0,0.0,0.0,0.4319775596072931
36.0,9.0,16.0,0.3,0.1,0.8,4.0,710.0,0.0,0.0,0.4295774647887324
36.0,9.0,17.0,0.3,0.1,0.8,4.0,713.0,0.0,0.0,0.4319775596072931
36.0,9.0,18.0,0.3,0.1,0.8,4.0,710.0,0.0,0.0,0.4295774647887324
36.0,9.0,19.0,0.3,0.1,0.8,4.0,701.0,0.0,0.0,0.43081312410841655
36.0,9.0,20.0,0.3,0.1,0.8,4.0,1201.0,0.0,0.0,0.23646960865945046
36.0,9.0,21.0,0.3,0.1,0.8,4.0,1170.0,0.0,0.0,0.2452991452991453
36.0,9.0,22.0,0.3,0.1,0.8,4.0,1116.0,0.0,0.0,0.2446236559139785
36.0,9.0,23.0,0.3,0.1,0.8,4.0,1105.0,0.0,0.0,0.248868778280543
36.0,9.0,24.0,0.3,0.1,0.8,4.0,1073.0,0.0,0.0,0.2479030754892824
36.0,9.0,25.0,0.3,0.1,0.8,4.0,1041.0,0.0,0.0,0.2526416906820365
36.0,9.0,26.0,0.3,0.1,0.8,4.0,1026.0,0.0,0.0,0.25146198830409355
36.0,9.0,27.0,0.3,0.1,0.8,4.0,1019.0,0.0,0.0,0.25711481844946027
36.0,9.0,28.0,0.3,0.1,0.8,4.0,1015.0,0.0,0.0,0.2541871921182266
36.0,9.0,29.0,0.3,0.1,0.8,4.0,974.0,0.0,0.0,0.26283367556468173
36.0,9.0,30.0,0.3,0.1,0.8,4.0,955.0,0.0,0.0,0.2628272251308901
36.0,9.0,31.0,0.3,0.1,0.8,4.0,959.0,0.0,0.0,0.2659019812304484
36.0,9.0,32.0,0.3,0.1,0.8,4.0,943.0,0.0,0.0,0.2651113467656416
36.0,9.0,33.0,0.3,0.1,0.8,4.0,946.0,0.0,0.0,0.26849894291754756
36.0,9.0,34.0,0.3,0.1,0.8,4.0,938.0,0.0,0.0,0.26545842217484006
36.0,9.0,35.0,0.3,0.1,0.8,4.0,923.0,0.0,0.0,0.27193932827735645
36.0,9.0,36.0,0.3,0.1,0.8,4.0,915.0,0.0,0.0,0.26885245901639343
36.0,9.0,37.0,0.3,0.1,0.8,4.0,923.0,0.0,0.0,0.27193932827735645
36.0,9.0,38.0,0.3,0.1,0.8,4.0,875.0,0.0,0.0,0.26857142857142857
36.0,9.0,39.0,0.3,0.1,0.8,4.0,881.0,0.0,0.0,0.27128263337116915
36.0,9.0,40.0,0.3,0.1,0.8,4.0,874.0,0.0,0.0,0.26887871853546913
36.0,9.0,41.0,0.3,0.1,0.8,4.0,868.0,0.0,0.0,0.2730414746543779
36.0,9.0,42.0,0.3,0.1,0.8,4.0,862.0,0.0,0.0,0.2703016241299304
36.0,9.0,43.0,0.3,0.1,0.8,4.0,869.0,0.0,0.0,0.2727272727272727
36.0,9.0,44.0,0.3,0.1,0.8,4.0,862.0,0.0,0.0,0.2703016241299304
36.0,9.0,45.0,0.3,0.1,0.8,4.0,869.0,0.0,0.0,0.4154200230149597
36.0,9.0,46.0,0.3,0.1,0.8,4.0,850.0,0.0,0.0,0.41411764705882353
36.0,9.0,47.0,0.3,0.1,0.8,4.0,857.0,0.0,0.0,0.41656942823803966
36.0,9.0,48.0,0.3,0.1,0.8,4.0,850.0,0.0,0.0,0.41411764705882353
36.0,9.0,49.0,0.3,0.1,0.8,4.0,846.0,0.0,0.0,0.4160756501182033
36.0,9.0,50.0,0.3,0.1,0.8,4.0,839.0,0.0,0.0,0.4135876042908224
36.0,9.0,51.0,0.3,0.1,0.8,4.0,846.0,0.0,0.0,0.4160756501182033
36.0,9.0,52.0,0.3,0.1,0.8,4.0,840.0,0.0,0.0,0.4142857142857143
36.0,10.0,1.0,0.3,0.1,0.8,4.0,823.0,0.0,0.0,0.41798298906439857
36.0,10.0,2.0,0.3,0.1,0.8,4.0,816.0,0.0,0.0,0.41544117647058826
36.0,10.0,3.0,0.3,0.1,0.8,4.0,823.0,0.0,0.0,0.41798298906439857
36.0,10.0,4.0,0.3,0.1,0.8,4.0,816.0,0.0,0.0,0.41544117647058826
36.0,10.0,5.0,0.3,0.1,0.8,4.0,823.0,0.0,0.0,0.41798298906439857
36.0,10.0,6.0,0.3,0.1,0.8,4.0,816.0,0.0,0.0,0.41544117647058826
36.0,10.0,7.0,0.3,0.1,0.8,4.0,823.0,0.0,0.0,0.41798298906439857
36.0,10.0,8.0,0.3,0.1,0.8,4.0,811.0,0.0,0.0,0.41800246609124536
36.0,10.0,9.0,0.3,0.1,0.8,4.0,817.0,0.0,0.0,0.41982864137086906
36.0,10.0,10.0,0.3,0.1,0.8,4.0,809.0,0.0,0.0,0.4177997527812114
36.0,10.0,11.0,0.3,0.1,0.8,4.0,815.0,0.0,0.0,0.4208588957055215
36.0,10.0,12.0,0.3,0.1,0.8,4.0,798.0,0.0,0.0,0.41854636591478694
36.0,10.0,13.0,0.3,0.1,0.8,4.0,800.0,0.0,0.0,0.4225
36.0,10.0,14.0,0.3,0.1,0.8,4.0,798.0,0.0,0.0,0.4197994987468672
36.0,10.0,15.0,0.3,0.1,0.8,4.0,799.0,0.0,0.0,0.4230287859824781
36.0,10.0,16.0,0.3,0.1,0.8,4.0,795.0,0.0,0.0,0.42138364779874216
36.0,10.0,17.0,0.3,0.1,0.8,4.0,797.0,0.0,0.0,0.424090338770389
36.0,10.0,18.0,0.3,0.1,0.8,4.0,794.0,0.0,0.0,0.42191435768261965
36.0,10.0,19.0,0.3,0.1,0.8,4.0,784.0,0.0,0.0,0.4247448979591837
36.0,10.0,20.0,0.3,0.1,0.8,4.0,1339.0,0.0,0.0,0.22852875280059745
36.0,10.0,21.0,0.3,0.1,0.8,4.0,1331.0,0.0,0.0,0.23140495867768596
36.0,10.0,22.0,0.3,0.1,0.8,4.0,1305.0,0.0,0.0,0.23295019157088123
36.0,10.0,23.0,0.3,0.1,0.8,4.0,1231.0,0.0,0.0,0.2372055239642567
36.0,10.0,24.0,0.3,0.1,0.8,4.0,1179.0,0.0,0.0,0.23494486853265478
36.0,10.0,25.0,0.3,0.1,0.8,4.0,1185.0,0.0,0.0,0.23544303797468355
36.0,10.0,26.0,0.3,0.1,0.8,4.0,1129.0,0.0,0.0,0.2391496899911426
36.0,10.0,27.0,0.3,0.1,0.8,4.0,1127.0,0.0,0.0,0.23957409050576753
36.0,10.0,28.0,0.3,0.1,0.8,4.0,1118.0,0.0,0.0,0.23971377459749552
36.0,10.0,29.0,0.3,0.1,0.8,4.0,1095.0,0.0,0.0,0.23835616438356164
36.0,10.0,30.0,0.3,0.1,0.8,4.0,1056.0,0.0,0.0,0.23863636363636365
36.0,10.0,31.0,0.3,0.1,0.8,4.0,1067.0,0.0,0.0,0.23992502343017807
36.0,10.0,32.0,0.3,0.1,0.8,4.0,1045.0,0.0,0.0,0.24019138755980862
36.0,10.0,33.0,0.3,0.1,0.8,4.0,1032.0,0.0,0.0,0.24224806201550386
36.0,10.0,34.0,0.3,0.1,0.8,4.0,1007.0,0.0,0.0,0.24627606752730885
36.0,10.0,35.0,0.3,0.1,0.8,4.0,1016.0,0.0,0.0,0.24507874015748032
36.0,10.0,36.0,0.3,0.1,0.8,4.0,1007.0,0.0,0.0,0.24627606752730885
36.0,10.0,37.0,0.3,0.1,0.8,4.0,1015.0,0.0,0.0,0.24433497536945814
36.0,10.0,38.0,0.3,0.1,0.8,4.0,993.0,0.0,0.0,0.24773413897280966
36.0,10.0,39.0,0.3,0.1,0.8,4.0,978.0,0.0,0.0,0.2505112474437628
36.0,10.0,40.0,0.3,0.1,0.8,4.0,959.0,0.0,0.0,0.251303441084463
36.0,10.0,41.0,0.3,0.1,0.8,4.0,968.0,0.0,0.0,0.25
36.0,10.0,42.0,0.3,0.1,0.8,4.0,946.0,0.0,0.0,0.2526427061310782
36.0,10.0,43.0,0.3,0.1,0.8,4.0,929.0,0.0,0.0,0.2529601722282024
36.0,10.0,44.0,0.3,0.1,0.8,4.0,928.0,0.0,0.0,0.25323275862068967
36.0,10.0,45.0,0.3,0.1,0.8,4.0,924.0,0.0,0.0,0.3971861471861472
36.0,10.0,46.0,0.3,0.1,0.8,4.0,913.0,0.0,0.0,0.4019715224534502
36.0,10.0,47.0,0.3,0.1,0.8,4.0,909.0,0.0,0.0,0.40264026402640263
36.0,10.0,48.0,0.3,0.1,0.8,4.0,913.0,0.0,0.0,0.4019715224534502
36.0,10.0,49.0,0.3,0.1,0.8,4.0,897.0,0.0,0.0,0.4080267558528428
36.0,10.0,50.0,0.3,0.1,0.8,4.0,899.0,0.0,0.0,0.40600667408231367
36.0,10.0,51.0,0.3,0.1,0.8,4.0,894.0,0.0,0.0,0.40604026845637586
36.0,10.0,52.0,0.3,0.1,0.8,4.0,898.0,0.0,0.0,0.4053452115812918
37.0,1.0,1.0,0.3,0.1,0.8,4.0,5107.0,50.0,10.0,0.3105541413745839
37.0,1.0,2.0,0.3,0.1,0.8,4.0,5067.0,56.0,23.0,0.30787448194197753
37.0,1.0,3.0,0.3,0.1,0.8,4.0,5063.0,65.0,34.0,0.3096978076239384
37.0,1.0,4.0,0.3,0.1,0.8,4.0,4991.0,81.0,34.0,0.31035864556201165
37.0,1.0,5.0,0.3,0.1,0.8,4.0,4994.0,99.0,35.0,0.3077693231878254
37.0,1.0,6.0,0.3,0.1,0.8,4.0,4824.0,96.0,36.0,0.308665008291874
37.0,1.0,7.0,0.3,0.1,0.8,4.0,4716.0,112.0,46.0,0.30810008481764206
37.0,1.0,8.0,0.3,0.1,0.8,4.0,4537.0,125.0,45.0,0.31011681728014107
37.0,1.0,9.0,0.3,0.1,0.8,4.0,4396.0,144.0,54.0,0.3091446769790719
37.0,1.0,10.0,0.3,0.1,0.8,4.0,4337.0,149.0,62.0,0.31173622319575744
37.0,1.0,11.0,0.3,0.1,0.8,4.0,4177.0,159.0,70.0,0.3109887479051951
37.0,1.0,12.0,0.3,0.1,0.8,4.0,4060.0,162.0,78.0,0.3150246305418719
37.0,1.0,13.0,0.3,0.1,0.8,4.0,3933.0,178.0,75.0,0.3140096618357488
37.0,1.0,14.0,0.3,0.1,0.8,4.0,3910.0,187.0,85.0,0.31867007672634273
37.0,1.0,15.0,0.3,0.1,0.8,4.0,3848.0,181.0,82.0,0.31834719334719336
37.0,1.0,16.0,0.3,0.1,0.8,4.0,3766.0,189.0,84.0,0.3236856080722252
37.0,1.0,17.0,0.3,0.1,0.8,4.0,3623.0,187.0,93.0,0.3251449075351918
37.0,1.0,18.0,0.3,0.1,0.8,4.0,3511.0,170.0,80.0,0.33039020222158927
37.0,1.0,19.0,0.3,0.1,0.8,4.0,3466.0,169.0,84.0,0.3306405077899596
37.0,1.0,20.0,0.3,0.1,0.8,4.0,6432.0,140.0,73.0,0.17506218905472637
37.0,1.0,21.0,0.3,0.1,0.8,4.0,5998.0,179.0,82.0,0.17722574191397134
37.0,1.0,22.0,0.3,0.1,0.8,4.0,5695.0,213.0,76.0,0.17963125548726955
37.0,1.0,23.0,0.3,0.1,0.8,4.0,5541.0,241.0,89.0,0.18191662154845695
37.0,1.0,24.0,0.3,0.1,0.8,4.0,5055.0,261.0,84.0,0.18694362017804153
37.0,1.0,25.0,0.3,0.1,0.8,4.0,4791.0,253.0,108.0,0.18952202045501984
37.0,1.0,26.0,0.3,0.1,0.8,4.0,4643.0,266.0,112.0,0.193194055567521
37.0,1.0,27.0,0.3,0.1,0.8,4.0,4423.0,286.0,122.0,0.19579470947320823
37.0,1.0,28.0,0.3,0.1,0.8,4.0,4170.0,292.0,126.0,0.2
37.0,1.0,29.0,0.3,0.1,0.8,4.0,3896.0,280.0,121.0,0.20585215605749488
37.0,1.0,30.0,0.3,0.1,0.8,4.0,3698.0,288.0,136.0,0.21092482422931313
37.0,1.0,31.0,0.3,0.1,0.8,4.0,3502.0,271.0,118.0,0.21758994860079955
37.0,1.0,32.0,0.3,0.1,0.8,4.0,3366.0,280.0,125.0,0.22192513368983957
37.0,1.0,33.0,0.3,0.1,0.8,4.0,3255.0,288.0,121.0,0.2248847926267281
37.0,1.0,34.0,0.3,0.1,0.8,4.0,3134.0,318.0,130.0,0.2297383535417996
37.0,1.0,35.0,0.3,0.1,0.8,4.0,2950.0,338.0,143.0,0.23457627118644067
37.0,1.0,36.0,0.3,0.1,0.8,4.0,2810.0,343.0,159.0,0.23879003558718861
37.0,1.0,37.0,0.3,0.1,0.8,4.0,2673.0,354.0,153.0,0.244668911335578
37.0,1.0,38.0,0.3,0.1,0.8,4.0,2560.0,338.0,144.0,0.25390625
37.0,1.0,39.0,0.3,0.1,0.8,4.0,2412.0,306.0,141.0,0.2640961857379768
37.0,1.0,40.0,0.3,0.1,0.8,4.0,2357.0,313.0,160.0,0.26983453542638947
37.0,1.0,41.0,0.3,0.1,0.8,4.0,2246.0,296.0,162.0,0.2747105966162066
37.0,1.0,42.0,0.3,0.1,0.8,4.0,2170.0,282.0,145.0,0.2857142857142857
37.0,1.0,43.0,0.3,0.1,0.8,4.0,2064.0,280.0,141.0,0.29505813953488375
37.0,1.0,44.0,0.3,0.1,0.8,4.0,1945.0,265.0,119.0,0.30745501285347043
37.0,1.0,45.0,0.3,0.1,0.8,4.0,1857.0,261.0,123.0,0.4754981152396338
37.0,1.0,46.0,0.3,0.1,0.8,4.0,1775.0,236.0,125.0,0.48338028169014086
37.0,1.0,47.0,0.3,0.1,0.8,4.0,1714.0,215.0,118.0,0.4894982497082847
37.0,1.0,48.0,0.3,0.1,0.8,4.0,1660.0,180.0,97.0,0.49698795180722893
37.0,1.0,49.0,0.3,0.1,0.8,4.0,1590.0,148.0,85.0,0.5081761006289308
37.0,1.0,50.0,0.3,0.1,0.8,4.0,1536.0,141.0,77.0,0.5091145833333334
37.0,1.0,51.0,0.3,0.1,0.8,4.0,1494.0,129.0,70.0,0.5140562248995983
37.0,1.0,52.0,0.3,0.1,0.8,4.0,1448.0,107.0,57.0,0.5227900552486188
37.0,2.0,1.0,0.3,0.1,0.8,4.0,1414.0,96.0,54.0,0.5261669024045261
37.0,2.0,2.0,0.3,0.1,0.8,4.0,1378.0,86.0,54.0,0.532656023222061
37.0,2.0,3.0,0.3,0.1,0.8,4.0,1352.0,78.0,48.0,0.540680473372781
37.0,2.0,4.0,0.3,0.1,0.8,4.0,1319.0,69.0,41.0,0.5443517816527672
37.0,2.0,5.0,0.3,0.1,0.8,4.0,1285.0,55.0,28.0,0.556420233463035
37.0,2.0,6.0,0.3,0.1,0.8,4.0,1260.0,46.0,24.0,0.5611111111111111
37.0,2.0,7.0,0.3,0.1,0.8,4.0,1244.0,38.0,25.0,0.565112540192926
37.0,2.0,8.0,0.3,0.1,0.8,4.0,1218.0,35.0,23.0,0.5656814449917899
37.0,2.0,9.0,0.3,0.1,0.8,4.0,1197.0,30.0,19.0,0.5680868838763575
37.0,2.0,10.0,0.3,0.1,0.8,4.0,1164.0,23.0,11.0,0.5730240549828178
37.0,2.0,11.0,0.3,0.1,0.8,4.0,1159.0,20.0,13.0,0.5772217428817946
37.0,2.0,12.0,0.3,0.1,0.8,4.0,1133.0,17.0,11.0,0.5781112091791704
37.0,2.0,13.0,0.3,0.1,0.8,4.0,1126.0,15.0,12.0,0.5790408525754884
37.0,2.0,14.0,0.3,0.1,0.8,4.0,1087.0,13.0,7.0,0.577736890524379
37.0,2.0,15.0,0.3,0.1,0.8,4.0,1084.0,14.0,8.0,0.5793357933579336
37.0,2.0,16.0,0.3,0.1,0.8,4.0,1043.0,13.0,5.0,0.5781399808245445
37.0,2.0,17.0,0.3,0.1,0.8,4.0,1046.0,12.0,5.0,0.5764818355640535
37.0,2.0,18.0,0.3,0.1,0.8,4.0,1012.0,10.0,6.0,0.5731225296442688
37.0,2.0,19.0,0.3,0.1,0.8,4.0,1016.0,11.0,7.0,0.5718503937007874
37.0,2.0,20.0,0.3,0.1,0.8,4.0,1779.0,10.0,5.0,0.3198426082068578
37.0,2.0,21.0,0.3,0.1,0.8,4.0,1733.0,7.0,4.0,0.32256203115983845
37.0,2.0,22.0,0.3,0.1,0.8,4.0,1685.0,5.0,5.0,0.3228486646884273
37.0,2.0,23.0,0.3,0.1,0.8,4.0,1681.0,7.0,5.0,0.3242117787031529
37.0,2.0,24.0,0.3,0.1,0.8,4.0,1606.0,8.0,3.0,0.325653798256538
37.0,2.0,25.0,0.3,0.1,0.8,4.0,1626.0,7.0,3.0,0.3247232472324723
37.0,2.0,26.0,0.3,0.1,0.8,4.0,1561.0,9.0,5.0,0.32351057014734147
37.0,2.0,27.0,0.3,0.1,0.8,4.0,1494.0,16.0,5.0,0.3319946452476573
37.0,2.0,28.0,0.3,0.1,0.8,4.0,1433.0,18.0,3.0,0.33705512909979063
37.0,2.0,29.0,0.3,0.1,0.8,4.0,1428.0,19.0,6.0,0.3326330532212885
37.0,2.0,30.0,0.3,0.1,0.8,4.0,1392.0,20.0,10.0,0.3333333333333333
37.0,2.0,31.0,0.3,0.1,0.8,4.0,1388.0,23.0,12.0,0.3335734870317003
37.0,2.0,32.0,0.3,0.1,0.8,4.0,1374.0,23.0,11.0,0.33478893740902477
37.0,2.0,33.0,0.3,0.1,0.8,4.0,1318.0,20.0,11.0,0.33763277693474963
37.0,2.0,34.0,0.3,0.1,0.8,4.0,1274.0,24.0,11.0,0.33830455259026687
37.0,2.0,35.0,0.3,0.1,0.8,4.0,1272.0,24.0,11.0,0.3341194968553459
37.0,2.0,36.0,0.3,0.1,0.8,4.0,1260.0,23.0,13.0,0.3388888888888889
37.0,2.0,37.0,0.3,0.1,0.8,4.0,1242.0,29.0,12.0,0.33735909822866345
37.0,2.0,38.0,0.3,0.1,0.8,4.0,1226.0,28.0,10.0,0.3401305057096248
37.0,2.0,39.0,0.3,0.1,0.8,4.0,1210.0,21.0,10.0,0.3396694214876033
37.0,2.0,40.0,0.3,0.1,0.8,4.0,1193.0,25.0,14.0,0.3403185247275775
37.0,2.0,41.0,0.3,0.1,0.8,4.0,1151.0,24.0,15.0,0.34578627280625546
37.0,2.0,42.0,0.3,0.1,0.8,4.0,1111.0,21.0,11.0,0.3465346534653465
37.0,2.0,43.0,0.3,0.1,0.8,4.0,1101.0,21.0,12.0,0.3469573115349682
37.0,2.0,44.0,0.3,0.1,0.8,4.0,1092.0,25.0,10.0,0.3498168498168498
37.0,2.0,45.0,0.3,0.1,0.8,4.0,1063.0,25.0,11.0,0.4929444967074318
37.0,2.0,46.0,0.3,0.1,0.8,4.0,1062.0,22.0,10.0,0.4887005649717514
37.0,2.0,47.0,0.3,0.1,0.8,4.0,1053.0,22.0,9.0,0.4881291547958215
37.0,2.0,48.0,0.3,0.1,0.8,4.0,1029.0,21.0,12.0,0.4897959183673469
37.0,2.0,49.0,0.3,0.1,0.8,4.0,1021.0,21.0,14.0,0.4877571008814887
37.0,2.0,50.0,0.3,0.1,0.8,4.0,1010.0,23.0,17.0,0.48316831683168315
37.0,2.0,51.0,0.3,0.1,0.8,4.0,988.0,18.0,12.0,0.4898785425101215
37.0,2.0,52.0,0.3,0.1,0.8,4.0,974.0,15.0,8.0,0.48767967145790553
37.0,3.0,1.0,0.3,0.1,0.8,4.0,960.0,12.0,6.0,0.4875
37.0,3.0,2.0,0.3,0.1,0.8,4.0,948.0,10.0,3.0,0.48523206751054854
37.0,3.0,3.0,0.3,0.1,0.8,4.0,928.0,9.0,3.0,0.4838362068965517
37.0,3.0,4.0,0.3,0.1,0.8,4.0,915.0,7.0,4.0,0.47978142076502733
37.0,3.0,5.0,0.3,0.1,0.8,4.0,908.0,7.0,4.0,0.4812775330396476
37.0,3.0,6.0,0.3,0.1,0.8,4.0,880.0,7.0,3.0,0.4772727272727273
37.0,3.0,7.0,0.3,0.1,0.8,4.0,872.0,7.0,3.0,0.4805045871559633
37.0,3.0,8.0,0.3,0.1,0.8,4.0,860.0,8.0,5.0,0.47325581395348837
37.0,3.0,9.0,0.3,0.1,0.8,4.0,847.0,8.0,7.0,0.4793388429752066
37.0,3.0,10.0,0.3,0.1,0.8,4.0,842.0,6.0,5.0,0.4750593824228028
37.0,3.0,11.0,0.3,0.1,0.8,4.0,832.0,6.0,3.0,0.48197115384615385
37.0,3.0,12.0,0.3,0.1,0.8,4.0,818.0,4.0,2.0,0.4743276283618582
37.0,3.0,13.0,0.3,0.1,0.8,4.0,802.0,2.0,1.0,0.48129675810473815
37.0,3.0,14.0,0.3,0.1,0.8,4.0,776.0,3.0,1.0,0.4742268041237113
37.0,3.0,15.0,0.3,0.1,0.8,4.0,768.0,4.0,0.0,0.4791666666666667
37.0,3.0,16.0,0.3,0.1,0.8,4.0,756.0,4.0,1.0,0.4748677248677249
37.0,3.0,17.0,0.3,0.1,0.8,4.0,749.0,3.0,0.0,0.4766355140186916
37.0,3.0,18.0,0.3,0.1,0.8,4.0,738.0,3.0,1.0,0.47289972899729
37.0,3.0,19.0,0.3,0.1,0.8,4.0,732.0,3.0,3.0,0.47540983606557374
37.0,3.0,20.0,0.3,0.1,0.8,4.0,1330.0,3.0,3.0,0.2593984962406015
37.0,3.0,21.0,0.3,0.1,0.8,4.0,1293.0,2.0,2.0,0.26218097447795824
37.0,3.0,22.0,0.3,0.1,0.8,4.0,1276.0,0.0,0.0,0.2609717868338558
37.0,3.0,23.0,0.3,0.1,0.8,4.0,1267.0,0.0,0.0,0.26045777426992894
37.0,3.0,24.0,0.3,0.1,0.8,4.0,1212.0,0.0,0.0,0.2607260726072607
37.0,3.0,25.0,0.3,0.1,0.8,4.0,1214.0,0.0,0.0,0.25947281713344317
37.0,3.0,26.0,0.3,0.1,0.8,4.0,1201.0,0.0,0.0,0.26061615320566195
37.0,3.0,27.0,0.3,0.1,0.8,4.0,1182.0,0.0,0.0,0.2622673434856176
37.0,3.0,28.0,0.3,0.1,0.8,4.0,1168.0,0.0,0.0,0.2645547945205479
37.0,3.0,29.0,0.3,0.1,0.8,4.0,1150.0,0.0,0.0,0.2617391304347826
37.0,3.0,30.0,0.3,0.1,0.8,4.0,1122.0,0.0,0.0,0.26648841354723707
37.0,3.0,31.0,0.3,0.1,0.8,4.0,1101.0,0.0,0.0,0.26248864668483196
37.0,3.0,32.0,0.3,0.1,0.8,4.0,1075.0,0.0,0.0,0.266046511627907
37.0,3.0,33.0,0.3,0.1,0.8,4.0,1067.0,0.0,0.0,0.25960637300843487
37.0,3.0,34.0,0.3,0.1,0.8,4.0,1045.0,0.0,0.0,0.25645933014354066
37.0,3.0,35.0,0.3,0.1,0.8,4.0,1026.0,0.0,0.0,0.2524366471734893
37.0,3.0,36.0,0.3,0.1,0.8,4.0,1006.0,0.0,0.0,0.25646123260437376
37.0,3.0,37.0,0.3,0.1,0.8,4.0,969.0,0.0,0.0,0.2549019607843137
37.0,3.0,38.0,0.3,0.1,0.8,4.0,959.0,0.0,0.0,0.2596454640250261
37.0,3.0,39.0,0.3,0.1,0.8,4.0,950.0,0.0,0.0,0.25684210526315787
37.0,3.0,40.0,0.3,0.1,0.8,4.0,934.0,0.0,0.0,0.2633832976445396
37.0,3.0,41.0,0.3,0.1,0.8,4.0,918.0,0.0,0.0,0.2559912854030501
37.0,3.0,42.0,0.3,0.1,0.8,4.0,882.0,0.0,0.0,0.25963718820861675
37.0,3.0,43.0,0.3,0.1,0.8,4.0,893.0,0.0,0.0,0.2541993281075028
37.0,3.0,44.0,0.3,0.1,0.8,4.0,860.0,0.0,0.0,0.25465116279069766
37.0,3.0,45.0,0.3,0.1,0.8,4.0,845.0,0.0,0.0,0.4165680473372781
37.0,3.0,46.0,0.3,0.1,0.8,4.0,830.0,0.0,0.0,0.41686746987951806
37.0,3.0,47.0,0.3,0.1,0.8,4.0,826.0,0.0,0.0,0.4152542372881356
37.0,3.0,48.0,0.3,0.1,0.8,4.0,799.0,0.0,0.0,0.4142678347934919
37.0,3.0,49.0,0.3,0.1,0.8,4.0,799.0,0.0,0.0,0.4130162703379224
37.0,3.0,50.0,0.3,0.1,0.8,4.0,770.0,0.0,0.0,0.4155844155844156
37.0,3.0,51.0,0.3,0.1,0.8,4.0,782.0,0.0,0.0,0.4117647058823529
37.0,3.0,52.0,0.3,0.1,0.8,4.0,754.0,0.0,0.0,0.4151193633952255
37.0,4.0,1.0,0.3,0.1,0.8,4.0,767.0,0.0,0.0,0.4132985658409387
37.0,4.0,2.0,0.3,0.1,0.8,4.0,741.0,0.0,0.0,0.41700404858299595
37.0,4.0,3.0,0.3,0.1,0.8,4.0,747.0,0.0,0.0,0.4109772423025435
37.0,4.0,4.0,0.3,0.1,0.8,4.0,729.0,0.0,0.0,0.4156378600823045
37.0,4.0,5.0,0.3,0.1,0.8,4.0,732.0,0.0,0.0,0.40846994535519127
37.0,4.0,6.0,0.3,0.1,0.8,4.0,699.0,0.0,0.0,0.41917024320457796
37.0,4.0,7.0,0.3,0.1,0.8,4.0,703.0,0.0,0.0,0.4139402560455192
37.0,4.0,8.0,0.3,0.1,0.8,4.0,691.0,0.0,0.0,0.4240231548480463
37.0,4.0,9.0,0.3,0.1,0.8,4.0,693.0,0.0,0.0,0.4184704184704185
37.0,4.0,10.0,0.3,0.1,0.8,4.0,680.0,0.0,0.0,0.4264705882352941
37.0,4.0,11.0,0.3,0.1,0.8,4.0,674.0,0.0,0.0,0.4228486646884273
37.0,4.0,12.0,0.3,0.1,0.8,4.0,670.0,0.0,0.0,0.42686567164179107
37.0,4.0,13.0,0.3,0.1,0.8,4.0,663.0,0.0,0.0,0.42232277526395173
37.0,4.0,14.0,0.3,0.1,0.8,4.0,657.0,0.0,0.0,0.4277016742770167
37.0,4.0,15.0,0.3,0.1,0.8,4.0,639.0,0.0,0.0,0.4303599374021909
37.0,4.0,16.0,0.3,0.1,0.8,4.0,637.0,0.0,0.0,0.434850863422292
37.0,4.0,17.0,0.3,0.1,0.8,4.0,623.0,0.0,0.0,0.4333868378812199
37.0,4.0,18.0,0.3,0.1,0.8,4.0,622.0,0.0,0.0,0.43890675241157556
37.0,4.0,19.0,0.3,0.1,0.8,4.0,612.0,0.0,0.0,0.4362745098039216
37.0,4.0,20.0,0.3,0.1,0.8,4.0,1159.0,0.0,0.0,0.2355478861087144
37.0,4.0,21.0,0.3,0.1,0.8,4.0,1154.0,0.0,0.0,0.23050259965337955
37.0,4.0,22.0,0.3,0.1,0.8,4.0,1094.0,0.0,0.0,0.24040219378427788
37.0,4.0,23.0,0.3,0.1,0.8,4.0,1080.0,0.0,0.0,0.2361111111111111
37.0,4.0,24.0,0.3,0.1,0.8,4.0,1075.0,0.0,0.0,0.2372093023255814
37.0,4.0,25.0,0.3,0.1,0.8,4.0,1045.0,0.0,0.0,0.23827751196172248
37.0,4.0,26.0,0.3,0.1,0.8,4.0,1042.0,0.0,0.0,0.24088291746641075
37.0,4.0,27.0,0.3,0.1,0.8,4.0,1027.0,0.0,0.0,0.23661148977604674
37.0,4.0,28.0,0.3,0.1,0.8,4.0,1008.0,0.0,0.0,0.24404761904761904
37.0,4.0,29.0,0.3,0.1,0.8,4.0,1013.0,0.0,0.0,0.23790720631786771
37.0,4.0,30.0,0.3,0.1,0.8,4.0,1004.0,0.0,0.0,0.24402390438247012
37.0,4.0,31.0,0.3,0.1,0.8,4.0,1000.0,0.0,0.0,0.238
37.0,4.0,32.0,0.3,0.1,0.8,4.0,990.0,0.0,0.0,0.24545454545454545
37.0,4.0,33.0,0.3,0.1,0.8,4.0,968.0,0.0,0.0,0.24070247933884298
37.0,4.0,34.0,0.3,0.1,0.8,4.0,935.0,0.0,0.0,0.2427807486631016
37.0,4.0,35.0,0.3,0.1,0.8,4.0,904.0,0.0,0.0,0.24004424778761063
37.0,4.0,36.0,0.3,0.1,0.8,4.0,900.0,0.0,0.0,0.24555555555555555
37.0,4.0,37.0,0.3,0.1,0.8,4.0,892.0,0.0,0.0,0.24103139013452915
37.0,4.0,38.0,0.3,0.1,0.8,4.0,866.0,0.0,0.0,0.2528868360277136
37.0,4.0,39.0,0.3,0.1,0.8,4.0,837.0,0.0,0.0,0.24850657108721624
37.0,4.0,40.0,0.3,0.1,0.8,4.0,826.0,0.0,0.0,0.2506053268765133
37.0,4.0,41.0,0.3,0.1,0.8,4.0,794.0,0.0,0.0,0.24685138539042822
37.0,4.0,42.0,0.3,0.1,0.8,4.0,797.0,0.0,0.0,0.25094102885821834
37.0,4.0,43.0,0.3,0.1,0.8,4.0,782.0,0.0,0.0,0.24936061381074168
37.0,4.0,44.0,0.3,0.1,0.8,4.0,755.0,0.0,0.0,0.25695364238410595
37.0,4.0,45.0,0.3,0.1,0.8,4.0,732.0,0.0,0.0,0.42213114754098363
37.0,4.0,46.0,0.3,0.1,0.8,4.0,740.0,0.0,0.0,0.41621621621621624
37.0,4.0,47.0,0.3,0.1,0.8,4.0,720.0,0.0,0.0,0.4152777777777778
37.0,4.0,48.0,0.3,0.1,0.8,4.0,716.0,0.0,0.0,0.4175977653631285
37.0,4.0,49.0,0.3,0.1,0.8,4.0,701.0,0.0,0.0,0.42082738944365194
37.0,4.0,50.0,0.3,0.1,0.8,4.0,687.0,0.0,0.0,0.42358078602620086
37.0,4.0,51.0,0.3,0.1,0.8,4.0,680.0,0.0,0.0,0.42205882352941176
37.0,4.0,52.0,0.3,0.1,0.8,4.0,656.0,0.0,0.0,0.42378048780487804
37.0,5.0,1.0,0.3,0.1,0.8,4.0,657.0,0.0,0.0,0.4200913242009132
37.0,5.0,2.0,0.3,0.1,0.8,4.0,637.0,0.0,0.0,0.42229199372056514
37.0,5.0,3.0,0.3,0.1,0.8,4.0,625.0,0.0,0.0,0.4176
37.0,5.0,4.0,0.3,0.1,0.8,4.0,620.0,0.0,0.0,0.41935483870967744
37.0,5.0,5.0,0.3,0.1,0.8,4.0,614.0,0.0,0.0,0.4185667752442997
37.0,5.0,6.0,0.3,0.1,0.8,4.0,608.0,0.0,0.0,0.4161184210526316
37.0,5.0,7.0,0.3,0.1,0.8,4.0,606.0,0.0,0.0,0.4174917491749175
37.0,5.0,8.0,0.3,0.1,0.8,4.0,599.0,0.0,0.0,0.41903171953255425
37.0,5.0,9.0,0.3,0.1,0.8,4.0,603.0,0.0,0.0,0.41956882255389716
37.0,5.0,10.0,0.3,0.1,0.8,4.0,581.0,0.0,0.0,0.4268502581755594
37.0,5.0,11.0,0.3,0.1,0.8,4.0,584.0,0.0,0.0,0.4280821917808219
37.0,5.0,12.0,0.3,0.1,0.8,4.0,573.0,0.0,0.0,0.42757417102966844
37.0,5.0,13.0,0.3,0.1,0.8,4.0,576.0,0.0,0.0,0.4305555555555556
37.0,5.0,14.0,0.3,0.1,0.8,4.0,560.0,0.0,0.0,0.4303571428571429
37.0,5.0,15.0,0.3,0.1,0.8,4.0,560.0,0.0,0.0,0.4357142857142857
37.0,5.0,16.0,0.3,0.1,0.8,4.0,552.0,0.0,0.0,0.4384057971014493
37.0,5.0,17.0,0.3,0.1,0.8,4.0,551.0,0.0,0.0,0.43920145190562615
37.0,5.0,18.0,0.3,0.1,0.8,4.0,547.0,0.0,0.0,0.4369287020109689
37.0,5.0,19.0,0.3,0.1,0.8,4.0,541.0,0.0,0.0,0.43622920517560076
37.0,5.0,20.0,0.3,0.1,0.8,4.0,1033.0,0.0,0.0,0.22749273959341723
37.0,5.0,21.0,0.3,0.1,0.8,4.0,1021.0,0.0,0.0,0.22722820763956905
37.0,5.0,22.0,0.3,0.1,0.8,4.0,973.0,0.0,0.0,0.2312435765673176
37.0,5.0,23.0,0.3,0.1,0.8,4.0,972.0,0.0,0.0,0.2273662551440329
37.0,5.0,24.0,0.3,0.1,0.8,4.0,955.0,0.0,0.0,0.2324607329842932
37.0,5.0,25.0,0.3,0.1,0.8,4.0,934.0,0.0,0.0,0.22805139186295503
37.0,5.0,26.0,0.3,0.1,0.8,4.0,928.0,0.0,0.0,0.23168103448275862
37.0,5.0,27.0,0.3,0.1,0.8,4.0,918.0,0.0,0.0,0.22549019607843138
37.0,5.0,28.0,0.3,0.1,0.8,4.0,869.0,0.0,0.0,0.23130034522439585
37.0,5.0,29.0,0.3,0.1,0.8,4.0,864.0,0.0,0.0,0.22685185185185186
37.0,5.0,30.0,0.3,0.1,0.8,4.0,812.0,0.0,0.0,0.23399014778325122
37.0,5.0,31.0,0.3,0.1,0.8,4.0,809.0,0.0,0.0,0.22867737948084055
37.0,5.0,32.0,0.3,0.1,0.8,4.0,780.0,0.0,0.0,0.23717948717948717
37.0,5.0,33.0,0.3,0.1,0.8,4.0,776.0,0.0,0.0,0.23195876288659795
37.0,5.0,34.0,0.3,0.1,0.8,4.0,760.0,0.0,0.0,0.2381578947368421
37.0,5.0,35.0,0.3,0.1,0.8,4.0,759.0,0.0,0.0,0.233201581027668
37.0,5.0,36.0,0.3,0.1,0.8,4.0,759.0,0.0,0.0,0.23715415019762845
37.0,5.0,37.0,0.3,0.1,0.8,4.0,754.0,0.0,0.0,0.23076923076923078
37.0,5.0,38.0,0.3,0.1,0.8,4.0,737.0,0.0,0.0,0.23337856173677068
37.0,5.0,39.0,0.3,0.1,0.8,4.0,735.0,0.0,0.0,0.2272108843537415
37.0,5.0,40.0,0.3,0.1,0.8,4.0,729.0,0.0,0.0,0.23182441700960219
37.0,5.0,41.0,0.3,0.1,0.8,4.0,730.0,0.0,0.0,0.2273972602739726
37.0,5.0,42.0,0.3,0.1,0.8,4.0,726.0,0.0,0.0,0.2327823691460055
37.0,5.0,43.0,0.3,0.1,0.8,4.0,726.0,0.0,0.0,0.22589531680440772
37.0,5.0,44.0,0.3,0.1,0.8,4.0,718.0,0.0,0.0,0.23259052924791088
37.0,5.0,45.0,0.3,0.1,0.8,4.0,703.0,0.0,0.0,0.3812233285917496
37.0,5.0,46.0,0.3,0.1,0.8,4.0,699.0,0.0,0.0,0.38626609442060084
37.0,5.0,47.0,0.3,0.1,0.8,4.0,696.0,0.0,0.0,0.37787356321839083
37.0,5.0,48.0,0.3,0.1,0.8,4.0,691.0,0.0,0.0,0.3878437047756874
37.0,5.0,49.0,0.3,0.1,0.8,4.0,689.0,0.0,0.0,0.3802612481857765
37.0,5.0,50.0,0.3,0.1,0.8,4.0,691.0,0.0,0.0,0.3849493487698987
37.0,5.0,51.0,0.3,0.1,0.8,4.0,682.0,0.0,0.0,0.37976539589442815
37.0,5.0,52.0,0.3,0.1,0.8,4.0,684.0,0.0,0.0,0.38742690058479534
37.0,6.0,1.0,0.3,0.1,0.8,4.0,656.0,0.0,0.0,0.3826219512195122
37.0,6.0,2.0,0.3,0.1,0.8,4.0,656.0,0.0,0.0,0.39176829268292684
37.0,6.0,3.0,0.3,0.1,0.8,4.0,646.0,0.0,0.0,0.38390092879256965
37.0,6.0,4.0,0.3,0.1,0.8,4.0,649.0,0.0,0.0,0.3898305084745763
37.0,6.0,5.0,0.3,0.1,0.8,4.0,639.0,0.0,0.0,0.38497652582159625
37.0,6.0,6.0,0.3,0.1,0.8,4.0,631.0,0.0,0.0,0.39144215530903326
37.0,6.0,7.0,0.3,0.1,0.8,4.0,623.0,0.0,0.0,0.3852327447833066
37.0,6.0,8.0,0.3,0.1,0.8,4.0,625.0,0.0,0.0,0.392
37.0,6.0,9.0,0.3,0.1,0.8,4.0,616.0,0.0,0.0,0.38636363636363635
37.0,6.0,10.0,0.3,0.1,0.8,4.0,626.0,0.0,0.0,0.38977635782747605
37.0,6.0,11.0,0.3,0.1,0.8,4.0,609.0,0.0,0.0,0.3891625615763547
37.0,6.0,12.0,0.3,0.1,0.8,4.0,600.0,0.0,0.0,0.395
37.0,6.0,13.0,0.3,0.1,0.8,4.0,590.0,0.0,0.0,0.39152542372881355
37.0,6.0,14.0,0.3,0.1,0.8,4.0,592.0,0.0,0.0,0.39864864864864863
37.0,6.0,15.0,0.3,0.1,0.8,4.0,582.0,0.0,0.0,0.3951890034364261
37.0,6.0,16.0,0.3,0.1,0.8,4.0,587.0,0.0,0.0,0.3986371379897785
37.0,6.0,17.0,0.3,0.1,0.8,4.0,577.0,0.0,0.0,0.3951473136915078
37.0,6.0,18.0,0.3,0.1,0.8,4.0,582.0,0.0,0.0,0.39862542955326463
37.0,6.0,19.0,0.3,0.1,0.8,4.0,566.0,0.0,0.0,0.4028268551236749
37.0,6.0,20.0,0.3,0.1,0.8,4.0,1014.0,0.0,0.0,0.22879684418145957
37.0,6.0,21.0,0.3,0.1,0.8,4.0,1015.0,0.0,0.0,0.2246305418719212
37.0,6.0,22.0,0.3,0.1,0.8,4.0,978.0,0.0,0.0,0.2280163599182004
37.0,6.0,23.0,0.3,0.1,0.8,4.0,957.0,0.0,0.0,0.22466039707419017
37.0,6.0,24.0,0.3,0.1,0.8,4.0,958.0,0.0,0.0,0.22860125260960334
37.0,6.0,25.0,0.3,0.1,0.8,4.0,933.0,0.0,0.0,0.22508038585209003
37.0,6.0,26.0,0.3,0.1,0.8,4.0,921.0,0.0,0.0,0.2290988056460369
37.0,6.0,27.0,0.3,0.1,0.8,4.0,897.0,0.0,0.0,0.22630992196209587
37.0,6.0,28.0,0.3,0.1,0.8,4.0,907.0,0.0,0.0,0.23042998897464168
37.0,6.0,29.0,0.3,0.1,0.8,4.0,869.0,0.0,0.0,0.22784810126582278
37.0,6.0,30.0,0.3,0.1,0.8,4.0,880.0,0.0,0.0,0.2318181818181818
37.0,6.0,31.0,0.3,0.1,0.8,4.0,845.0,0.0,0.0,0.2319526627218935
37.0,6.0,32.0,0.3,0.1,0.8,4.0,826.0,0.0,0.0,0.23728813559322035
37.0,6.0,33.0,0.3,0.1,0.8,4.0,817.0,0.0,0.0,0.23255813953488372
37.0,6.0,34.0,0.3,0.1,0.8,4.0,828.0,0.0,0.0,0.23671497584541062
37.0,6.0,35.0,0.3,0.1,0.8,4.0,817.0,0.0,0.0,0.23255813953488372
37.0,6.0,36.0,0.3,0.1,0.8,4.0,828.0,0.0,0.0,0.23671497584541062
37.0,6.0,37.0,0.3,0.1,0.8,4.0,796.0,0.0,0.0,0.23241206030150754
37.0,6.0,38.0,0.3,0.1,0.8,4.0,782.0,0.0,0.0,0.2391304347826087
37.0,6.0,39.0,0.3,0.1,0.8,4.0,754.0,0.0,0.0,0.23342175066312998
37.0,6.0,40.0,0.3,0.1,0.8,4.0,748.0,0.0,0.0,0.2446524064171123
37.0,6.0,41.0,0.3,0.1,0.8,4.0,732.0,0.0,0.0,0.24043715846994534
37.0,6.0,42.0,0.3,0.1,0.8,4.0,724.0,0.0,0.0,0.24861878453038674
37.0,6.0,43.0,0.3,0.1,0.8,4.0,717.0,0.0,0.0,0.24546722454672246
37.0,6.0,44.0,0.3,0.1,0.8,4.0,705.0,0.0,0.0,0.251063829787234
37.0,6.0,45.0,0.3,0.1,0.8,4.0,701.0,0.0,0.0,0.42510699001426533
37.0,6.0,46.0,0.3,0.1,0.8,4.0,691.0,0.0,0.0,0.43270622286541244
37.0,6.0,47.0,0.3,0.1,0.8,4.0,681.0,0.0,0.0,0.42731277533039647
37.0,6.0,48.0,0.3,0.1,0.8,4.0,689.0,0.0,0.0,0.432510885341074
37.0,6.0,49.0,0.3,0.1,0.8,4.0,679.0,0.0,0.0,0.4256259204712813
37.0,6.0,50.0,0.3,0.1,0.8,4.0,667.0,0.0,0.0,0.4332833583208396
37.0,6.0,51.0,0.3,0.1,0.8,4.0,662.0,0.0,0.0,0.4259818731117825
37.0,6.0,52.0,0.3,0.1,0.8,4.0,651.0,0.0,0.0,0.43010752688172044
37.0,7.0,1.0,0.3,0.1,0.8,4.0,631.0,0.0,0.0,0.42630744849445323
37.0,7.0,2.0,0.3,0.1,0.8,4.0,631.0,0.0,0.0,0.4358161648177496
37.0,7.0,3.0,0.3,0.1,0.8,4.0,612.0,0.0,0.0,0.4297385620915033
37.0,7.0,4.0,0.3,0.1,0.8,4.0,615.0,0.0,0.0,0.43577235772357725
37.0,7.0,5.0,0.3,0.1,0.8,4.0,607.0,0.0,0.0,0.42833607907743
37.0,7.0,6.0,0.3,0.1,0.8,4.0,595.0,0.0,0.0,0.43865546218487395
37.0,7.0,7.0,0.3,0.1,0.8,4.0,588.0,0.0,0.0,0.42857142857142855
37.0,7.0,8.0,0.3,0.1,0.8,4.0,578.0,0.0,0.0,0.4411764705882353
37.0,7.0,9.0,0.3,0.1,0.8,4.0,570.0,0.0,0.0,0.43508771929824563
37.0,7.0,10.0,0.3,0.1,0.8,4.0,573.0,0.0,0.0,0.44153577661431065
37.0,7.0,11.0,0.3,0.1,0.8,4.0,557.0,0.0,0.0,0.4362657091561939
37.0,7.0,12.0,0.3,0.1,0.8,4.0,560.0,0.0,0.0,0.4446428571428571
37.0,7.0,13.0,0.3,0.1,0.8,4.0,548.0,0.0,0.0,0.4397810218978102
37.0,7.0,14.0,0.3,0.1,0.8,4.0,552.0,0.0,0.0,0.44565217391304346
37.0,7.0,15.0,0.3,0.1,0.8,4.0,536.0,0.0,0.0,0.43843283582089554
37.0,7.0,16.0,0.3,0.1,0.8,4.0,537.0,0.0,0.0,0.44692737430167595
37.0,7.0,17.0,0.3,0.1,0.8,4.0,526.0,0.0,0.0,0.44106463878326996
37.0,7.0,18.0,0.3,0.1,0.8,4.0,532.0,0.0,0.0,0.4473684210526316
37.0,7.0,19.0,0.3,0.1,0.8,4.0,520.0,0.0,0.0,0.4423076923076923
37.0,7.0,20.0,0.3,0.1,0.8,4.0,987.0,0.0,0.0,0.24012158054711247
37.0,7.0,21.0,0.3,0.1,0.8,4.0,952.0,0.0,0.0,0.23739495798319327
37.0,7.0,22.0,0.3,0.1,0.8,4.0,905.0,0.0,0.0,0.24640883977900552
37.0,7.0,23.0,0.3,0.1,0.8,4.0,876.0,0.0,0.0,0.24771689497716895
37.0,7.0,24.0,0.3,0.1,0.8,4.0,879.0,0.0,0.0,0.2502844141069397
37.0,7.0,25.0,0.3,0.1,0.8,4.0,863.0,0.0,0.0,0.24913093858632676
37.0,7.0,26.0,0.3,0.1,0.8,4.0,866.0,0.0,0.0,0.2517321016166282
37.0,7.0,27.0,0.3,0.1,0.8,4.0,850.0,0.0,0.0,0.25176470588235295
37.0,7.0,28.0,0.3,0.1,0.8,4.0,848.0,0.0,0.0,0.25471698113207547
37.0,7.0,29.0,0.3,0.1,0.8,4.0,830.0,0.0,0.0,0.25542168674698795
37.0,7.0,30.0,0.3,0.1,0.8,4.0,824.0,0.0,0.0,0.25849514563106796
37.0,7.0,31.0,0.3,0.1,0.8,4.0,812.0,0.0,0.0,0.25492610837438423
37.0,7.0,32.0,0.3,0.1,0.8,4.0,808.0,0.0,0.0,0.26113861386138615
37.0,7.0,33.0,0.3,0.1,0.8,4.0,802.0,0.0,0.0,0.26059850374064836
37.0,7.0,34.0,0.3,0.1,0.8,4.0,795.0,0.0,0.0,0.2628930817610063
37.0,7.0,35.0,0.3,0.1,0.8,4.0,790.0,0.0,0.0,0.2607594936708861
37.0,7.0,36.0,0.3,0.1,0.8,4.0,791.0,0.0,0.0,0.2629582806573957
37.0,7.0,37.0,0.3,0.1,0.8,4.0,770.0,0.0,0.0,0.2623376623376623
37.0,7.0,38.0,0.3,0.1,0.8,4.0,772.0,0.0,0.0,0.26424870466321243
37.0,7.0,39.0,0.3,0.1,0.8,4.0,745.0,0.0,0.0,0.26711409395973157
37.0,7.0,40.0,0.3,0.1,0.8,4.0,746.0,0.0,0.0,0.2707774798927614
37.0,7.0,41.0,0.3,0.1,0.8,4.0,736.0,0.0,0.0,0.264945652173913
37.0,7.0,42.0,0.3,0.1,0.8,4.0,726.0,0.0,0.0,0.2699724517906336
37.0,7.0,43.0,0.3,0.1,0.8,4.0,721.0,0.0,0.0,0.26768377253814146
37.0,7.0,44.0,0.3,0.1,0.8,4.0,709.0,0.0,0.0,0.2693935119887165
37.0,7.0,45.0,0.3,0.1,0.8,4.0,705.0,0.0,0.0,0.42127659574468085
37.0,7.0,46.0,0.3,0.1,0.8,4.0,673.0,0.0,0.0,0.4279346210995542
37.0,7.0,47.0,0.3,0.1,0.8,4.0,639.0,0.0,0.0,0.42566510172143973
37.0,7.0,48.0,0.3,0.1,0.8,4.0,637.0,0.0,0.0,0.4301412872841444
37.0,7.0,49.0,0.3,0.1,0.8,4.0,619.0,0.0,0.0,0.43295638126009695
37.0,7.0,50.0,0.3,0.1,0.8,4.0,610.0,0.0,0.0,0.4360655737704918
37.0,7.0,51.0,0.3,0.1,0.8,4.0,607.0,0.0,0.0,0.4332784184514003
37.0,7.0,52.0,0.3,0.1,0.8,4.0,609.0,0.0,0.0,0.4351395730706076
37.0,8.0,1.0,0.3,0.1,0.8,4.0,606.0,0.0,0.0,0.43234323432343236
37.0,8.0,2.0,0.3,0.1,0.8,4.0,607.0,0.0,0.0,0.43492586490939045
37.0,8.0,3.0,0.3,0.1,0.8,4.0,603.0,0.0,0.0,0.43283582089552236
37.0,8.0,4.0,0.3,0.1,0.8,4.0,589.0,0.0,0.0,0.4380305602716469
37.0,8.0,5.0,0.3,0.1,0.8,4.0,586.0,0.0,0.0,0.43686006825938567
37.0,8.0,6.0,0.3,0.1,0.8,4.0,585.0,0.0,0.0,0.441025641025641
37.0,8.0,7.0,0.3,0.1,0.8,4.0,582.0,0.0,0.0,0.4381443298969072
37.0,8.0,8.0,0.3,0.1,0.8,4.0,578.0,0.0,0.0,0.4429065743944637
37.0,8.0,9.0,0.3,0.1,0.8,4.0,576.0,0.0,0.0,0.4392361111111111
37.0,8.0,10.0,0.3,0.1,0.8,4.0,571.0,0.0,0.0,0.4413309982486865
37.0,8.0,11.0,0.3,0.1,0.8,4.0,567.0,0.0,0.0,0.4426807760141093
37.0,8.0,12.0,0.3,0.1,0.8,4.0,565.0,0.0,0.0,0.44601769911504424
37.0,8.0,13.0,0.3,0.1,0.8,4.0,565.0,0.0,0.0,0.4407079646017699
37.0,8.0,14.0,0.3,0.1,0.8,4.0,556.0,0.0,0.0,0.4460431654676259
37.0,8.0,15.0,0.3,0.1,0.8,4.0,557.0,0.0,0.0,0.4452423698384201
37.0,8.0,16.0,0.3,0.1,0.8,4.0,544.0,0.0,0.0,0.4540441176470588
37.0,8.0,17.0,0.3,0.1,0.8,4.0,545.0,0.0,0.0,0.45137614678899085
37.0,8.0,18.0,0.3,0.1,0.8,4.0,539.0,0.0,0.0,0.45454545454545453
37.0,8.0,19.0,0.3,0.1,0.8,4.0,531.0,0.0,0.0,0.4595103578154426
37.0,8.0,20.0,0.3,0.1,0.8,4.0,985.0,0.0,0.0,0.24771573604060915
37.0,8.0,21.0,0.3,0.1,0.8,4.0,954.0,0.0,0.0,0.2526205450733753
37.0,8.0,22.0,0.3,0.1,0.8,4.0,941.0,0.0,0.0,0.25292242295430395
37.0,8.0,23.0,0.3,0.1,0.8,4.0,938.0,0.0,0.0,0.2537313432835821
37.0,8.0,24.0,0.3,0.1,0.8,4.0,911.0,0.0,0.0,0.2524698133918771
37.0,8.0,25.0,0.3,0.1,0.8,4.0,873.0,0.0,0.0,0.2554410080183276
37.0,8.0,26.0,0.3,0.1,0.8,4.0,874.0,0.0,0.0,0.2551487414187643
37.0,8.0,27.0,0.3,0.1,0.8,4.0,873.0,0.0,0.0,0.2554410080183276
37.0,8.0,28.0,0.3,0.1,0.8,4.0,873.0,0.0,0.0,0.2554410080183276
37.0,8.0,29.0,0.3,0.1,0.8,4.0,873.0,0.0,0.0,0.2554410080183276
37.0,8.0,30.0,0.3,0.1,0.8,4.0,862.0,0.0,0.0,0.25754060324825984
37.0,8.0,31.0,0.3,0.1,0.8,4.0,847.0,0.0,0.0,0.2597402597402597
37.0,8.0,32.0,0.3,0.1,0.8,4.0,848.0,0.0,0.0,0.25943396226415094
37.0,8.0,33.0,0.3,0.1,0.8,4.0,821.0,0.0,0.0,0.26552984165651644
37.0,8.0,34.0,0.3,0.1,0.8,4.0,813.0,0.0,0.0,0.26691266912669126
37.0,8.0,35.0,0.3,0.1,0.8,4.0,788.0,0.0,0.0,0.2703045685279188
37.0,8.0,36.0,0.3,0.1,0.8,4.0,783.0,0.0,0.0,0.2681992337164751
37.0,8.0,37.0,0.3,0.1,0.8,4.0,771.0,0.0,0.0,0.2710765239948119
37.0,8.0,38.0,0.3,0.1,0.8,4.0,780.0,0.0,0.0,0.26794871794871794
37.0,8.0,39.0,0.3,0.1,0.8,4.0,724.0,0.0,0.0,0.281767955801105
37.0,8.0,40.0,0.3,0.1,0.8,4.0,722.0,0.0,0.0,0.2756232686980609
37.0,8.0,41.0,0.3,0.1,0.8,4.0,712.0,0.0,0.0,0.2794943820224719
37.0,8.0,42.0,0.3,0.1,0.8,4.0,710.0,0.0,0.0,0.27605633802816903
37.0,8.0,43.0,0.3,0.1,0.8,4.0,701.0,0.0,0.0,0.2796005706134094
37.0,8.0,44.0,0.3,0.1,0.8,4.0,710.0,0.0,0.0,0.27605633802816903
37.0,8.0,45.0,0.3,0.1,0.8,4.0,686.0,0.0,0.0,0.4402332361516035
37.0,8.0,46.0,0.3,0.1,0.8,4.0,690.0,0.0,0.0,0.4391304347826087
37.0,8.0,47.0,0.3,0.1,0.8,4.0,669.0,0.0,0.0,0.4439461883408072
37.0,8.0,48.0,0.3,0.1,0.8,4.0,677.0,0.0,0.0,0.44165435745937964
37.0,8.0,49.0,0.3,0.1,0.8,4.0,674.0,0.0,0.0,0.4421364985163205
37.0,8.0,50.0,0.3,0.1,0.8,4.0,674.0,0.0,0.0,0.4421364985163205
37.0,8.0,51.0,0.3,0.1,0.8,4.0,670.0,0.0,0.0,0.44328358208955226
37.0,8.0,52.0,0.3,0.1,0.8,4.0,672.0,0.0,0.0,0.44345238095238093
37.0,9.0,1.0,0.3,0.1,0.8,4.0,668.0,0.0,0.0,0.44461077844311375
37.0,9.0,2.0,0.3,0.1,0.8,4.0,659.0,0.0,0.0,0.44309559939301973
37.0,9.0,3.0,0.3,0.1,0.8,4.0,640.0,0.0,0.0,0.44375
37.0,9.0,4.0,0.3,0.1,0.8,4.0,643.0,0.0,0.0,0.4416796267496112
37.0,9.0,5.0,0.3,0.1,0.8,4.0,637.0,0.0,0.0,0.4427001569858713
37.0,9.0,6.0,0.3,0.1,0.8,4.0,643.0,0.0,0.0,0.4432348367029549
37.0,9.0,7.0,0.3,0.1,0.8,4.0,637.0,0.0,0.0,0.4427001569858713
37.0,9.0,8.0,0.3,0.1,0.8,4.0,641.0,0.0,0.0,0.44305772230889234
37.0,9.0,9.0,0.3,0.1,0.8,4.0,635.0,0.0,0.0,0.4409448818897638
37.0,9.0,10.0,0.3,0.1,0.8,4.0,630.0,0.0,0.0,0.4444444444444444
37.0,9.0,11.0,0.3,0.1,0.8,4.0,628.0,0.0,0.0,0.4426751592356688
37.0,9.0,12.0,0.3,0.1,0.8,4.0,629.0,0.0,0.0,0.4451510333863275
37.0,9.0,13.0,0.3,0.1,0.8,4.0,629.0,0.0,0.0,0.4419713831478537
37.0,9.0,14.0,0.3,0.1,0.8,4.0,626.0,0.0,0.0,0.44568690095846647
37.0,9.0,15.0,0.3,0.1,0.8,4.0,627.0,0.0,0.0,0.44178628389154706
37.0,9.0,16.0,0.3,0.1,0.8,4.0,623.0,0.0,0.0,0.449438202247191
37.0,9.0,17.0,0.3,0.1,0.8,4.0,620.0,0.0,0.0,0.44516129032258067
37.0,9.0,18.0,0.3,0.1,0.8,4.0,618.0,0.0,0.0,0.44983818770226536
37.0,9.0,19.0,0.3,0.1,0.8,4.0,617.0,0.0,0.0,0.44570502431118314
37.0,9.0,20.0,0.3,0.1,0.8,4.0,1054.0,0.0,0.0,0.25616698292220114
37.0,9.0,21.0,0.3,0.1,0.8,4.0,1064.0,0.0,0.0,0.25375939849624063
37.0,9.0,22.0,0.3,0.1,0.8,4.0,1002.0,0.0,0.0,0.2634730538922156
37.0,9.0,23.0,0.3,0.1,0.8,4.0,996.0,0.0,0.0,0.2620481927710843
37.0,9.0,24.0,0.3,0.1,0.8,4.0,978.0,0.0,0.0,0.26380368098159507
37.0,9.0,25.0,0.3,0.1,0.8,4.0,961.0,0.0,0.0,0.26534859521331944
37.0,9.0,26.0,0.3,0.1,0.8,4.0,941.0,0.0,0.0,0.26992561105207225
37.0,9.0,27.0,0.3,0.1,0.8,4.0,920.0,0.0,0.0,0.26956521739130435
37.0,9.0,28.0,0.3,0.1,0.8,4.0,914.0,0.0,0.0,0.2702407002188184
37.0,9.0,29.0,0.3,0.1,0.8,4.0,903.0,0.0,0.0,0.2713178294573643
37.0,9.0,30.0,0.3,0.1,0.8,4.0,902.0,0.0,0.0,0.270509977827051
37.0,9.0,31.0,0.3,0.1,0.8,4.0,902.0,0.0,0.0,0.27161862527716185
37.0,9.0,32.0,0.3,0.1,0.8,4.0,886.0,0.0,0.0,0.2742663656884876
37.0,9.0,33.0,0.3,0.1,0.8,4.0,895.0,0.0,0.0,0.27262569832402234
37.0,9.0,34.0,0.3,0.1,0.8,4.0,874.0,0.0,0.0,0.2745995423340961
37.0,9.0,35.0,0.3,0.1,0.8,4.0,879.0,0.0,0.0,0.27417519908987487
37.0,9.0,36.0,0.3,0.1,0.8,4.0,833.0,0.0,0.0,0.2809123649459784
37.0,9.0,37.0,0.3,0.1,0.8,4.0,835.0,0.0,0.0,0.281437125748503
37.0,9.0,38.0,0.3,0.1,0.8,4.0,818.0,0.0,0.0,0.28117359413202936
37.0,9.0,39.0,0.3,0.1,0.8,4.0,822.0,0.0,0.0,0.28102189781021897
37.0,9.0,40.0,0.3,0.1,0.8,4.0,805.0,0.0,0.0,0.284472049689441
37.0,9.0,41.0,0.3,0.1,0.8,4.0,786.0,0.0,0.0,0.28498727735368956
37.0,9.0,42.0,0.3,0.1,0.8,4.0,775.0,0.0,0.0,0.28774193548387095
37.0,9.0,43.0,0.3,0.1,0.8,4.0,749.0,0.0,0.0,0.2923898531375167
37.0,9.0,44.0,0.3,0.1,0.8,4.0,738.0,0.0,0.0,0.2953929539295393
37.0,9.0,45.0,0.3,0.1,0.8,4.0,736.0,0.0,0.0,0.44565217391304346
37.0,9.0,46.0,0.3,0.1,0.8,4.0,733.0,0.0,0.0,0.44474761255115963
37.0,9.0,47.0,0.3,0.1,0.8,4.0,736.0,0.0,0.0,0.44565217391304346
37.0,9.0,48.0,0.3,0.1,0.8,4.0,719.0,0.0,0.0,0.44367176634214184
37.0,9.0,49.0,0.3,0.1,0.8,4.0,727.0,0.0,0.0,0.44291609353507566
37.0,9.0,50.0,0.3,0.1,0.8,4.0,726.0,0.0,0.0,0.44077134986225897
37.0,9.0,51.0,0.3,0.1,0.8,4.0,716.0,0.0,0.0,0.44273743016759776
37.0,9.0,52.0,0.3,0.1,0.8,4.0,700.0,0.0,0.0,0.4471428571428571
37.0,10.0,1.0,0.3,0.1,0.8,4.0,689.0,0.0,0.0,0.4513788098693759
37.0,10.0,2.0,0.3,0.1,0.8,4.0,685.0,0.0,0.0,0.44963503649635034
37.0,10.0,3.0,0.3,0.1,0.8,4.0,687.0,0.0,0.0,0.45269286754002913
37.0,10.0,4.0,0.3,0.1,0.8,4.0,683.0,0.0,0.0,0.45095168374816985
37.0,10.0,5.0,0.3,0.1,0.8,4.0,686.0,0.0,0.0,0.45335276967930027
37.0,10.0,6.0,0.3,0.1,0.8,4.0,681.0,0.0,0.0,0.4522760646108664
37.0,10.0,7.0,0.3,0.1,0.8,4.0,679.0,0.0,0.0,0.4580265095729013
37.0,10.0,8.0,0.3,0.1,0.8,4.0,675.0,0.0,0.0,0.4562962962962963
37.0,10.0,9.0,0.3,0.1,0.8,4.0,664.0,0.0,0.0,0.463855421686747
37.0,10.0,10.0,0.3,0.1,0.8,4.0,658.0,0.0,0.0,0.46200607902735563
37.0,10.0,11.0,0.3,0.1,0.8,4.0,656.0,0.0,0.0,0.46646341463414637
37.0,10.0,12.0,0.3,0.1,0.8,4.0,649.0,0.0,0.0,0.46533127889060094
37.0,10.0,13.0,0.3,0.1,0.8,4.0,651.0,0.0,0.0,0.4685099846390169
37.0,10.0,14.0,0.3,0.1,0.8,4.0,646.0,0.0,0.0,0.4674922600619195
37.0,10.0,15.0,0.3,0.1,0.8,4.0,646.0,0.0,0.0,0.47058823529411764
37.0,10.0,16.0,0.3,0.1,0.8,4.0,626.0,0.0,0.0,0.476038338658147
37.0,10.0,17.0,0.3,0.1,0.8,4.0,628.0,0.0,0.0,0.47929936305732485
37.0,10.0,18.0,0.3,0.1,0.8,4.0,624.0,0.0,0.0,0.4775641025641026
37.0,10.0,19.0,0.3,0.1,0.8,4.0,621.0,0.0,0.0,0.4830917874396135
37.0,10.0,20.0,0.3,0.1,0.8,4.0,1044.0,0.0,0.0,0.2653256704980843
37.0,10.0,21.0,0.3,0.1,0.8,4.0,1041.0,0.0,0.0,0.2689721421709894
37.0,10.0,22.0,0.3,0.1,0.8,4.0,1006.0,0.0,0.0,0.27335984095427435
37.0,10.0,23.0,0.3,0.1,0.8,4.0,994.0,0.0,0.0,0.2796780684104628
37.0,10.0,24.0,0.3,0.1,0.8,4.0,966.0,0.0,0.0,0.2815734989648033
37.0,10.0,25.0,0.3,0.1,0.8,4.0,968.0,0.0,0.0,0.2840909090909091
37.0,10.0,26.0,0.3,0.1,0.8,4.0,955.0,0.0,0.0,0.28167539267015707
37.0,10.0,27.0,0.3,0.1,0.8,4.0,956.0,0.0,0.0,0.2834728033472803
37.0,10.0,28.0,0.3,0.1,0.8,4.0,944.0,0.0,0.0,0.2838983050847458
37.0,10.0,29.0,0.3,0.1,0.8,4.0,931.0,0.0,0.0,0.2889366272824919
37.0,10.0,30.0,0.3,0.1,0.8,4.0,907.0,0.0,0.0,0.2866593164277839
37.0,10.0,31.0,0.3,0.1,0.8,4.0,873.0,0.0,0.0,0.2943871706758305
37.0,10.0,32.0,0.3,0.1,0.8,4.0,845.0,0.0,0.0,0.2958579881656805
37.0,10.0,33.0,0.3,0.1,0.8,4.0,847.0,0.0,0.0,0.2975206611570248
37.0,10.0,34.0,0.3,0.1,0.8,4.0,845.0,0.0,0.0,0.2958579881656805
37.0,10.0,35.0,0.3,0.1,0.8,4.0,835.0,0.0,0.0,0.29820359281437125
37.0,10.0,36.0,0.3,0.1,0.8,4.0,831.0,0.0,0.0,0.2972322503008424
37.0,10.0,37.0,0.3,0.1,0.8,4.0,804.0,0.0,0.0,0.2997512437810945
37.0,10.0,38.0,0.3,0.1,0.8,4.0,806.0,0.0,0.0,0.29652605459057074
37.0,10.0,39.0,0.3,0.1,0.8,4.0,807.0,0.0,0.0,0.298636926889715
37.0,10.0,40.0,0.3,0.1,0.8,4.0,773.0,0.0,0.0,0.3027166882276843
37.0,10.0,41.0,0.3,0.1,0.8,4.0,772.0,0.0,0.0,0.30569948186528495
37.0,10.0,42.0,0.3,0.1,0.8,4.0,771.0,0.0,0.0,0.3035019455252918
37.0,10.0,43.0,0.3,0.1,0.8,4.0,772.0,0.0,0.0,0.30569948186528495
37.0,10.0,44.0,0.3,0.1,0.8,4.0,772.0,0.0,0.0,0.30310880829015546
37.0,10.0,45.0,0.3,0.1,0.8,4.0,752.0,0.0,0.0,0.4773936170212766
37.0,10.0,46.0,0.3,0.1,0.8,4.0,742.0,0.0,0.0,0.4757412398921833
37.0,10.0,47.0,0.3,0.1,0.8,4.0,735.0,0.0,0.0,0.4775510204081633
37.0,10.0,48.0,0.3,0.1,0.8,4.0,737.0,0.0,0.0,0.4762550881953867
37.0,10.0,49.0,0.3,0.1,0.8,4.0,735.0,0.0,0.0,0.4775510204081633
37.0,10.0,50.0,0.3,0.1,0.8,4.0,741.0,0.0,0.0,0.4750337381916329
37.0,10.0,51.0,0.3,0.1,0.8,4.0,737.0,0.0,0.0,0.47761194029850745
37.0,10.0,52.0,0.3,0.1,0.8,4.0,739.0,0.0,0.0,0.476319350473613
38.0,1.0,1.0,0.3,0.1,0.8,4.0,5312.0,48.0,9.0,0.29668674698795183
38.0,1.0,2.0,0.3,0.1,0.8,4.0,5265.0,54.0,19.0,0.2968660968660969
38.0,1.0,3.0,0.3,0.1,0.8,4.0,5147.0,64.0,26.0,0.2941519331649505
38.0,1.0,4.0,0.3,0.1,0.8,4.0,5115.0,82.0,33.0,0.2928641251221896
38.0,1.0,5.0,0.3,0.1,0.8,4.0,5196.0,99.0,35.0,0.2958044649730562
38.0,1.0,6.0,0.3,0.1,0.8,4.0,5056.0,122.0,41.0,0.2974683544303797
38.0,1.0,7.0,0.3,0.1,0.8,4.0,4936.0,143.0,49.0,0.29740680713128037
38.0,1.0,8.0,0.3,0.1,0.8,4.0,4738.0,166.0,61.0,0.2980160405234276
38.0,1.0,9.0,0.3,0.1,0.8,4.0,4586.0,188.0,79.0,0.3009158307893589
38.0,1.0,10.0,0.3,0.1,0.8,4.0,4432.0,209.0,95.0,0.302797833935018
38.0,1.0,11.0,0.3,0.1,0.8,4.0,4270.0,256.0,99.0,0.3037470725995316
38.0,1.0,12.0,0.3,0.1,0.8,4.0,4089.0,275.0,105.0,0.3076546832966495
38.0,1.0,13.0,0.3,0.1,0.8,4.0,3942.0,278.0,109.0,0.31227803145611366
38.0,1.0,14.0,0.3,0.1,0.8,4.0,3810.0,292.0,132.0,0.3167979002624672
38.0,1.0,15.0,0.3,0.1,0.8,4.0,3649.0,311.0,153.0,0.32008769525897507
38.0,1.0,16.0,0.3,0.1,0.8,4.0,3583.0,317.0,160.0,0.32291375941948086
38.0,1.0,17.0,0.3,0.1,0.8,4.0,3456.0,304.0,154.0,0.32783564814814814
38.0,1.0,18.0,0.3,0.1,0.8,4.0,3388.0,285.0,133.0,0.33146399055489967
38.0,1.0,19.0,0.3,0.1,0.8,4.0,3304.0,281.0,121.0,0.3362590799031477
38.0,1.0,20.0,0.3,0.1,0.8,4.0,6218.0,260.0,123.0,0.1767449340623995
38.0,1.0,21.0,0.3,0.1,0.8,4.0,5534.0,297.0,116.0,0.18268883267076255
38.0,1.0,22.0,0.3,0.1,0.8,4.0,5207.0,323.0,114.0,0.18417514883810254
38.0,1.0,23.0,0.3,0.1,0.8,4.0,4892.0,302.0,129.0,0.18969746524938674
38.0,1.0,24.0,0.3,0.1,0.8,4.0,4678.0,329.0,146.0,0.1911073108165883
38.0,1.0,25.0,0.3,0.1,0.8,4.0,4486.0,353.0,158.0,0.19572001783325904
38.0,1.0,26.0,0.3,0.1,0.8,4.0,4266.0,356.0,140.0,0.1992498827941866
38.0,1.0,27.0,0.3,0.1,0.8,4.0,4018.0,365.0,144.0,0.20482827277252363
38.0,1.0,28.0,0.3,0.1,0.8,4.0,3842.0,356.0,143.0,0.2092660072878709
38.0,1.0,29.0,0.3,0.1,0.8,4.0,3670.0,375.0,168.0,0.21553133514986375
38.0,1.0,30.0,0.3,0.1,0.8,4.0,3573.0,395.0,189.0,0.21802406940945984
38.0,1.0,31.0,0.3,0.1,0.8,4.0,3398.0,425.0,201.0,0.22454384932313126
38.0,1.0,32.0,0.3,0.1,0.8,4.0,3253.0,434.0,189.0,0.2305564094681832
38.0,1.0,33.0,0.3,0.1,0.8,4.0,3077.0,398.0,177.0,0.2365940851478713
38.0,1.0,34.0,0.3,0.1,0.8,4.0,2914.0,403.0,182.0,0.24502402196293754
38.0,1.0,35.0,0.3,0.1,0.8,4.0,2788.0,410.0,193.0,0.24964131994261118
38.0,1.0,36.0,0.3,0.1,0.8,4.0,2677.0,407.0,187.0,0.25737766156144937
38.0,1.0,37.0,0.3,0.1,0.8,4.0,2554.0,393.0,190.0,0.26507439310884884
38.0,1.0,38.0,0.3,0.1,0.8,4.0,2445.0,379.0,180.0,0.2723926380368098
38.0,1.0,39.0,0.3,0.1,0.8,4.0,2344.0,379.0,188.0,0.27986348122866894
38.0,1.0,40.0,0.3,0.1,0.8,4.0,2221.0,357.0,178.0,0.28905898244034217
38.0,1.0,41.0,0.3,0.1,0.8,4.0,2129.0,334.0,161.0,0.29450446218882104
38.0,1.0,42.0,0.3,0.1,0.8,4.0,2017.0,307.0,155.0,0.3083787803668815
38.0,1.0,43.0,0.3,0.1,0.8,4.0,1906.0,290.0,160.0,0.3179433368310598
38.0,1.0,44.0,0.3,0.1,0.8,4.0,1807.0,262.0,153.0,0.3303818483674599
38.0,1.0,45.0,0.3,0.1,0.8,4.0,1718.0,237.0,126.0,0.5005820721769499
38.0,1.0,46.0,0.3,0.1,0.8,4.0,1661.0,195.0,103.0,0.5045153521974715
38.0,1.0,47.0,0.3,0.1,0.8,4.0,1566.0,170.0,92.0,0.5159642401021711
38.0,1.0,48.0,0.3,0.1,0.8,4.0,1521.0,146.0,80.0,0.5220249835634451
38.0,1.0,49.0,0.3,0.1,0.8,4.0,1473.0,128.0,72.0,0.5308893414799728
38.0,1.0,50.0,0.3,0.1,0.8,4.0,1426.0,108.0,63.0,0.5357643758765779
38.0,1.0,51.0,0.3,0.1,0.8,4.0,1378.0,94.0,59.0,0.5442670537010159
38.0,1.0,52.0,0.3,0.1,0.8,4.0,1347.0,79.0,57.0,0.5486265775798069
38.0,2.0,1.0,0.3,0.1,0.8,4.0,1308.0,66.0,45.0,0.5573394495412844
38.0,2.0,2.0,0.3,0.1,0.8,4.0,1281.0,48.0,35.0,0.5644028103044496
38.0,2.0,3.0,0.3,0.1,0.8,4.0,1252.0,33.0,23.0,0.5726837060702875
38.0,2.0,4.0,0.3,0.1,0.8,4.0,1241.0,28.0,17.0,0.5737308622078968
38.0,2.0,5.0,0.3,0.1,0.8,4.0,1221.0,23.0,10.0,0.5806715806715806
38.0,2.0,6.0,0.3,0.1,0.8,4.0,1210.0,19.0,8.0,0.5809917355371901
38.0,2.0,7.0,0.3,0.1,0.8,4.0,1202.0,22.0,9.0,0.5848585690515807
38.0,2.0,8.0,0.3,0.1,0.8,4.0,1181.0,21.0,11.0,0.5825571549534293
38.0,2.0,9.0,0.3,0.1,0.8,4.0,1167.0,18.0,11.0,0.586975149957155
38.0,2.0,10.0,0.3,0.1,0.8,4.0,1160.0,19.0,13.0,0.5862068965517241
38.0,2.0,11.0,0.3,0.1,0.8,4.0,1148.0,17.0,9.0,0.5932055749128919
38.0,2.0,12.0,0.3,0.1,0.8,4.0,1141.0,16.0,8.0,0.5915863277826467
38.0,2.0,13.0,0.3,0.1,0.8,4.0,1128.0,12.0,6.0,0.5975177304964538
38.0,2.0,14.0,0.3,0.1,0.8,4.0,1118.0,16.0,6.0,0.5948121645796064
38.0,2.0,15.0,0.3,0.1,0.8,4.0,1102.0,13.0,6.0,0.5980036297640653
38.0,2.0,16.0,0.3,0.1,0.8,4.0,1094.0,14.0,6.0,0.5959780621572212
38.0,2.0,17.0,0.3,0.1,0.8,4.0,1073.0,16.0,8.0,0.5983224603914259
38.0,2.0,18.0,0.3,0.1,0.8,4.0,1068.0,15.0,6.0,0.596441947565543
38.0,2.0,19.0,0.3,0.1,0.8,4.0,1049.0,13.0,10.0,0.5977121067683508
38.0,2.0,20.0,0.3,0.1,0.8,4.0,1917.0,14.0,8.0,0.323943661971831
38.0,2.0,21.0,0.3,0.1,0.8,4.0,1804.0,15.0,9.0,0.332039911308204
38.0,2.0,22.0,0.3,0.1,0.8,4.0,1808.0,21.0,4.0,0.33185840707964603
38.0,2.0,23.0,0.3,0.1,0.8,4.0,1749.0,27.0,11.0,0.33562035448827904
38.0,2.0,24.0,0.3,0.1,0.8,4.0,1736.0,25.0,9.0,0.33410138248847926
38.0,2.0,25.0,0.3,0.1,0.8,4.0,1664.0,34.0,13.0,0.3347355769230769
38.0,2.0,26.0,0.3,0.1,0.8,4.0,1622.0,31.0,12.0,0.33785450061652283
38.0,2.0,27.0,0.3,0.1,0.8,4.0,1537.0,38.0,19.0,0.33897202342225113
38.0,2.0,28.0,0.3,0.1,0.8,4.0,1529.0,34.0,19.0,0.33878351863963374
38.0,2.0,29.0,0.3,0.1,0.8,4.0,1480.0,36.0,20.0,0.34054054054054056
38.0,2.0,30.0,0.3,0.1,0.8,4.0,1468.0,34.0,14.0,0.3419618528610354
38.0,2.0,31.0,0.3,0.1,0.8,4.0,1422.0,32.0,12.0,0.3466947960618847
38.0,2.0,32.0,0.3,0.1,0.8,4.0,1393.0,28.0,18.0,0.34673366834170855
38.0,2.0,33.0,0.3,0.1,0.8,4.0,1361.0,35.0,18.0,0.35341660543717857
38.0,2.0,34.0,0.3,0.1,0.8,4.0,1354.0,44.0,14.0,0.35081240768094535
38.0,2.0,35.0,0.3,0.1,0.8,4.0,1305.0,42.0,14.0,0.3563218390804598
38.0,2.0,36.0,0.3,0.1,0.8,4.0,1270.0,37.0,15.0,0.3590551181102362
38.0,2.0,37.0,0.3,0.1,0.8,4.0,1252.0,49.0,21.0,0.3610223642172524
38.0,2.0,38.0,0.3,0.1,0.8,4.0,1227.0,53.0,19.0,0.36185819070904646
38.0,2.0,39.0,0.3,0.1,0.8,4.0,1188.0,50.0,24.0,0.3661616161616162
38.0,2.0,40.0,0.3,0.1,0.8,4.0,1180.0,48.0,23.0,0.3694915254237288
38.0,2.0,41.0,0.3,0.1,0.8,4.0,1113.0,49.0,24.0,0.38185085354896675
38.0,2.0,42.0,0.3,0.1,0.8,4.0,1108.0,51.0,26.0,0.3862815884476534
38.0,2.0,43.0,0.3,0.1,0.8,4.0,1071.0,45.0,21.0,0.38935574229691877
38.0,2.0,44.0,0.3,0.1,0.8,4.0,1055.0,45.0,17.0,0.3914691943127962
38.0,2.0,45.0,0.3,0.1,0.8,4.0,1017.0,37.0,21.0,0.511307767944936
38.0,2.0,46.0,0.3,0.1,0.8,4.0,1012.0,40.0,24.0,0.5158102766798419
38.0,2.0,47.0,0.3,0.1,0.8,4.0,982.0,44.0,28.0,0.5183299389002036
38.0,2.0,48.0,0.3,0.1,0.8,4.0,965.0,41.0,23.0,0.522279792746114
38.0,2.0,49.0,0.3,0.1,0.8,4.0,941.0,42.0,17.0,0.5260361317747078
38.0,2.0,50.0,0.3,0.1,0.8,4.0,912.0,38.0,15.0,0.5328947368421053
38.0,2.0,51.0,0.3,0.1,0.8,4.0,892.0,35.0,16.0,0.5291479820627802
38.0,2.0,52.0,0.3,0.1,0.8,4.0,886.0,32.0,18.0,0.5293453724604966
38.0,3.0,1.0,0.3,0.1,0.8,4.0,863.0,27.0,16.0,0.5341830822711472
38.0,3.0,2.0,0.3,0.1,0.8,4.0,859.0,27.0,13.0,0.5378346915017462
38.0,3.0,3.0,0.3,0.1,0.8,4.0,841.0,24.0,12.0,0.5374554102259215
38.0,3.0,4.0,0.3,0.1,0.8,4.0,832.0,19.0,9.0,0.5420673076923077
38.0,3.0,5.0,0.3,0.1,0.8,4.0,812.0,17.0,11.0,0.5467980295566502
38.0,3.0,6.0,0.3,0.1,0.8,4.0,792.0,13.0,8.0,0.5441919191919192
38.0,3.0,7.0,0.3,0.1,0.8,4.0,777.0,12.0,7.0,0.5495495495495496
38.0,3.0,8.0,0.3,0.1,0.8,4.0,774.0,8.0,3.0,0.5503875968992248
38.0,3.0,9.0,0.3,0.1,0.8,4.0,755.0,8.0,4.0,0.5549668874172186
38.0,3.0,10.0,0.3,0.1,0.8,4.0,746.0,8.0,3.0,0.5509383378016086
38.0,3.0,11.0,0.3,0.1,0.8,4.0,719.0,5.0,3.0,0.5563282336578581
38.0,3.0,12.0,0.3,0.1,0.8,4.0,713.0,2.0,1.0,0.5568022440392707
38.0,3.0,13.0,0.3,0.1,0.8,4.0,704.0,2.0,2.0,0.5582386363636364
38.0,3.0,14.0,0.3,0.1,0.8,4.0,699.0,1.0,1.0,0.5536480686695279
38.0,3.0,15.0,0.3,0.1,0.8,4.0,683.0,1.0,1.0,0.5563689604685212
38.0,3.0,16.0,0.3,0.1,0.8,4.0,683.0,0.0,0.0,0.5519765739385066
38.0,3.0,17.0,0.3,0.1,0.8,4.0,671.0,0.0,0.0,0.5514157973174366
38.0,3.0,18.0,0.3,0.1,0.8,4.0,672.0,0.0,0.0,0.5431547619047619
38.0,3.0,19.0,0.3,0.1,0.8,4.0,663.0,0.0,0.0,0.5490196078431373
38.0,3.0,20.0,0.3,0.1,0.8,4.0,1164.0,0.0,0.0,0.31013745704467355
38.0,3.0,21.0,0.3,0.1,0.8,4.0,1149.0,0.0,0.0,0.3133159268929504
38.0,3.0,22.0,0.3,0.1,0.8,4.0,1141.0,0.0,0.0,0.31200701139351444
38.0,3.0,23.0,0.3,0.1,0.8,4.0,1127.0,0.0,0.0,0.31588287488908606
38.0,3.0,24.0,0.3,0.1,0.8,4.0,1106.0,0.0,0.0,0.3155515370705244
38.0,3.0,25.0,0.3,0.1,0.8,4.0,1091.0,0.0,0.0,0.31805682859761686
38.0,3.0,26.0,0.3,0.1,0.8,4.0,1096.0,0.0,0.0,0.3147810218978102
38.0,3.0,27.0,0.3,0.1,0.8,4.0,1077.0,0.0,0.0,0.3147632311977716
38.0,3.0,28.0,0.3,0.1,0.8,4.0,1075.0,0.0,0.0,0.3116279069767442
38.0,3.0,29.0,0.3,0.1,0.8,4.0,1045.0,0.0,0.0,0.3138755980861244
38.0,3.0,30.0,0.3,0.1,0.8,4.0,1015.0,0.0,0.0,0.32019704433497537
38.0,3.0,31.0,0.3,0.1,0.8,4.0,992.0,0.0,0.0,0.3225806451612903
38.0,3.0,32.0,0.3,0.1,0.8,4.0,992.0,0.0,0.0,0.31955645161290325
38.0,3.0,33.0,0.3,0.1,0.8,4.0,957.0,0.0,0.0,0.31974921630094044
38.0,3.0,34.0,0.3,0.1,0.8,4.0,951.0,0.0,0.0,0.3196635120925342
38.0,3.0,35.0,0.3,0.1,0.8,4.0,907.0,0.0,0.0,0.32083792723263505
38.0,3.0,36.0,0.3,0.1,0.8,4.0,913.0,0.0,0.0,0.3198247535596933
38.0,3.0,37.0,0.3,0.1,0.8,4.0,897.0,0.0,0.0,0.31995540691192864
38.0,3.0,38.0,0.3,0.1,0.8,4.0,889.0,0.0,0.0,0.3217097862767154
38.0,3.0,39.0,0.3,0.1,0.8,4.0,865.0,0.0,0.0,0.3213872832369942
38.0,3.0,40.0,0.3,0.1,0.8,4.0,845.0,0.0,0.0,0.3242603550295858
38.0,3.0,41.0,0.3,0.1,0.8,4.0,834.0,0.0,0.0,0.3261390887290168
38.0,3.0,42.0,0.3,0.1,0.8,4.0,827.0,0.0,0.0,0.3252720677146312
38.0,3.0,43.0,0.3,0.1,0.8,4.0,813.0,0.0,0.0,0.32595325953259535
38.0,3.0,44.0,0.3,0.1,0.8,4.0,811.0,0.0,0.0,0.3279901356350185
38.0,3.0,45.0,0.3,0.1,0.8,4.0,804.0,0.0,0.0,0.4564676616915423
38.0,3.0,46.0,0.3,0.1,0.8,4.0,790.0,0.0,0.0,0.4620253164556962
38.0,3.0,47.0,0.3,0.1,0.8,4.0,774.0,0.0,0.0,0.4599483204134367
38.0,3.0,48.0,0.3,0.1,0.8,4.0,754.0,0.0,0.0,0.45755968169761274
38.0,3.0,49.0,0.3,0.1,0.8,4.0,749.0,0.0,0.0,0.45794392523364486
38.0,3.0,50.0,0.3,0.1,0.8,4.0,720.0,0.0,0.0,0.4638888888888889
38.0,3.0,51.0,0.3,0.1,0.8,4.0,713.0,0.0,0.0,0.4544179523141655
38.0,3.0,52.0,0.3,0.1,0.8,4.0,698.0,0.0,0.0,0.4584527220630373
38.0,4.0,1.0,0.3,0.1,0.8,4.0,695.0,0.0,0.0,0.45179856115107914
38.0,4.0,2.0,0.3,0.1,0.8,4.0,676.0,0.0,0.0,0.4511834319526627
38.0,4.0,3.0,0.3,0.1,0.8,4.0,676.0,0.0,0.0,0.4437869822485207
38.0,4.0,4.0,0.3,0.1,0.8,4.0,669.0,0.0,0.0,0.4469357249626308
38.0,4.0,5.0,0.3,0.1,0.8,4.0,663.0,0.0,0.0,0.44042232277526394
38.0,4.0,6.0,0.3,0.1,0.8,4.0,656.0,0.0,0.0,0.4496951219512195
38.0,4.0,7.0,0.3,0.1,0.8,4.0,653.0,0.0,0.0,0.442572741194487
38.0,4.0,8.0,0.3,0.1,0.8,4.0,648.0,0.0,0.0,0.4506172839506173
38.0,4.0,9.0,0.3,0.1,0.8,4.0,642.0,0.0,0.0,0.4470404984423676
38.0,4.0,10.0,0.3,0.1,0.8,4.0,636.0,0.0,0.0,0.45440251572327045
38.0,4.0,11.0,0.3,0.1,0.8,4.0,615.0,0.0,0.0,0.44552845528455287
38.0,4.0,12.0,0.3,0.1,0.8,4.0,606.0,0.0,0.0,0.45544554455445546
38.0,4.0,13.0,0.3,0.1,0.8,4.0,592.0,0.0,0.0,0.4527027027027027
38.0,4.0,14.0,0.3,0.1,0.8,4.0,590.0,0.0,0.0,0.45254237288135596
38.0,4.0,15.0,0.3,0.1,0.8,4.0,583.0,0.0,0.0,0.44768439108061747
38.0,4.0,16.0,0.3,0.1,0.8,4.0,584.0,0.0,0.0,0.4503424657534247
38.0,4.0,17.0,0.3,0.1,0.8,4.0,576.0,0.0,0.0,0.4461805555555556
38.0,4.0,18.0,0.3,0.1,0.8,4.0,578.0,0.0,0.0,0.44809688581314877
38.0,4.0,19.0,0.3,0.1,0.8,4.0,570.0,0.0,0.0,0.4456140350877193
38.0,4.0,20.0,0.3,0.1,0.8,4.0,988.0,0.0,0.0,0.2520242914979757
38.0,4.0,21.0,0.3,0.1,0.8,4.0,941.0,0.0,0.0,0.2518597236981934
38.0,4.0,22.0,0.3,0.1,0.8,4.0,930.0,0.0,0.0,0.25591397849462366
38.0,4.0,23.0,0.3,0.1,0.8,4.0,895.0,0.0,0.0,0.2558659217877095
38.0,4.0,24.0,0.3,0.1,0.8,4.0,890.0,0.0,0.0,0.2573033707865168
38.0,4.0,25.0,0.3,0.1,0.8,4.0,865.0,0.0,0.0,0.25549132947976877
38.0,4.0,26.0,0.3,0.1,0.8,4.0,847.0,0.0,0.0,0.2597402597402597
38.0,4.0,27.0,0.3,0.1,0.8,4.0,817.0,0.0,0.0,0.25458996328029376
38.0,4.0,28.0,0.3,0.1,0.8,4.0,819.0,0.0,0.0,0.2576312576312576
38.0,4.0,29.0,0.3,0.1,0.8,4.0,807.0,0.0,0.0,0.2527881040892193
38.0,4.0,30.0,0.3,0.1,0.8,4.0,798.0,0.0,0.0,0.2531328320802005
38.0,4.0,31.0,0.3,0.1,0.8,4.0,772.0,0.0,0.0,0.25
38.0,4.0,32.0,0.3,0.1,0.8,4.0,741.0,0.0,0.0,0.25775978407557354
38.0,4.0,33.0,0.3,0.1,0.8,4.0,733.0,0.0,0.0,0.2551159618008186
38.0,4.0,34.0,0.3,0.1,0.8,4.0,731.0,0.0,0.0,0.25718194254445964
38.0,4.0,35.0,0.3,0.1,0.8,4.0,724.0,0.0,0.0,0.2541436464088398
38.0,4.0,36.0,0.3,0.1,0.8,4.0,721.0,0.0,0.0,0.2593619972260749
38.0,4.0,37.0,0.3,0.1,0.8,4.0,711.0,0.0,0.0,0.25738396624472576
38.0,4.0,38.0,0.3,0.1,0.8,4.0,710.0,0.0,0.0,0.2591549295774648
38.0,4.0,39.0,0.3,0.1,0.8,4.0,700.0,0.0,0.0,0.2542857142857143
38.0,4.0,40.0,0.3,0.1,0.8,4.0,704.0,0.0,0.0,0.2571022727272727
38.0,4.0,41.0,0.3,0.1,0.8,4.0,668.0,0.0,0.0,0.25748502994011974
38.0,4.0,42.0,0.3,0.1,0.8,4.0,661.0,0.0,0.0,0.2586989409984871
38.0,4.0,43.0,0.3,0.1,0.8,4.0,664.0,0.0,0.0,0.2560240963855422
38.0,4.0,44.0,0.3,0.1,0.8,4.0,650.0,0.0,0.0,0.2523076923076923
38.0,4.0,45.0,0.3,0.1,0.8,4.0,647.0,0.0,0.0,0.41731066460587324
38.0,4.0,46.0,0.3,0.1,0.8,4.0,640.0,0.0,0.0,0.4203125
38.0,4.0,47.0,0.3,0.1,0.8,4.0,632.0,0.0,0.0,0.4177215189873418
38.0,4.0,48.0,0.3,0.1,0.8,4.0,628.0,0.0,0.0,0.4171974522292994
38.0,4.0,49.0,0.3,0.1,0.8,4.0,614.0,0.0,0.0,0.4218241042345277
38.0,4.0,50.0,0.3,0.1,0.8,4.0,608.0,0.0,0.0,0.42105263157894735
38.0,4.0,51.0,0.3,0.1,0.8,4.0,612.0,0.0,0.0,0.42320261437908496
38.0,4.0,52.0,0.3,0.1,0.8,4.0,588.0,0.0,0.0,0.42346938775510207
38.0,5.0,1.0,0.3,0.1,0.8,4.0,586.0,0.0,0.0,0.42662116040955633
38.0,5.0,2.0,0.3,0.1,0.8,4.0,573.0,0.0,0.0,0.4258289703315881
38.0,5.0,3.0,0.3,0.1,0.8,4.0,574.0,0.0,0.0,0.4250871080139373
38.0,5.0,4.0,0.3,0.1,0.8,4.0,569.0,0.0,0.0,0.4235500878734622
38.0,5.0,5.0,0.3,0.1,0.8,4.0,572.0,0.0,0.0,0.42657342657342656
38.0,5.0,6.0,0.3,0.1,0.8,4.0,562.0,0.0,0.0,0.4288256227758007
38.0,5.0,7.0,0.3,0.1,0.8,4.0,562.0,0.0,0.0,0.4306049822064057
38.0,5.0,8.0,0.3,0.1,0.8,4.0,556.0,0.0,0.0,0.42805755395683454
38.0,5.0,9.0,0.3,0.1,0.8,4.0,545.0,0.0,0.0,0.43302752293577984
38.0,5.0,10.0,0.3,0.1,0.8,4.0,540.0,0.0,0.0,0.42962962962962964
38.0,5.0,11.0,0.3,0.1,0.8,4.0,536.0,0.0,0.0,0.43470149253731344
38.0,5.0,12.0,0.3,0.1,0.8,4.0,537.0,0.0,0.0,0.43202979515828677
38.0,5.0,13.0,0.3,0.1,0.8,4.0,522.0,0.0,0.0,0.4386973180076628
38.0,5.0,14.0,0.3,0.1,0.8,4.0,526.0,0.0,0.0,0.435361216730038
38.0,5.0,15.0,0.3,0.1,0.8,4.0,516.0,0.0,0.0,0.436046511627907
38.0,5.0,16.0,0.3,0.1,0.8,4.0,519.0,0.0,0.0,0.43352601156069365
38.0,5.0,17.0,0.3,0.1,0.8,4.0,501.0,0.0,0.0,0.4351297405189621
38.0,5.0,18.0,0.3,0.1,0.8,4.0,506.0,0.0,0.0,0.43478260869565216
38.0,5.0,19.0,0.3,0.1,0.8,4.0,502.0,0.0,0.0,0.4362549800796813
38.0,5.0,20.0,0.3,0.1,0.8,4.0,897.0,0.0,0.0,0.24303232998885171
38.0,5.0,21.0,0.3,0.1,0.8,4.0,872.0,0.0,0.0,0.2396788990825688
38.0,5.0,22.0,0.3,0.1,0.8,4.0,845.0,0.0,0.0,0.24023668639053256
38.0,5.0,23.0,0.3,0.1,0.8,4.0,838.0,0.0,0.0,0.2398568019093079
38.0,5.0,24.0,0.3,0.1,0.8,4.0,779.0,0.0,0.0,0.23876765083440307
38.0,5.0,25.0,0.3,0.1,0.8,4.0,769.0,0.0,0.0,0.23927178153446033
38.0,5.0,26.0,0.3,0.1,0.8,4.0,751.0,0.0,0.0,0.23834886817576564
38.0,5.0,27.0,0.3,0.1,0.8,4.0,749.0,0.0,0.0,0.24032042723631508
38.0,5.0,28.0,0.3,0.1,0.8,4.0,751.0,0.0,0.0,0.23834886817576564
38.0,5.0,29.0,0.3,0.1,0.8,4.0,757.0,0.0,0.0,0.23778071334214002
38.0,5.0,30.0,0.3,0.1,0.8,4.0,739.0,0.0,0.0,0.2368064952638701
38.0,5.0,31.0,0.3,0.1,0.8,4.0,730.0,0.0,0.0,0.236986301369863
38.0,5.0,32.0,0.3,0.1,0.8,4.0,693.0,0.0,0.0,0.240981240981241
38.0,5.0,33.0,0.3,0.1,0.8,4.0,684.0,0.0,0.0,0.24269005847953215
38.0,5.0,34.0,0.3,0.1,0.8,4.0,659.0,0.0,0.0,0.24127465857359637
38.0,5.0,35.0,0.3,0.1,0.8,4.0,659.0,0.0,0.0,0.23975720789074356
38.0,5.0,36.0,0.3,0.1,0.8,4.0,625.0,0.0,0.0,0.2384
38.0,5.0,37.0,0.3,0.1,0.8,4.0,638.0,0.0,0.0,0.23824451410658307
38.0,5.0,38.0,0.3,0.1,0.8,4.0,620.0,0.0,0.0,0.24193548387096775
38.0,5.0,39.0,0.3,0.1,0.8,4.0,639.0,0.0,0.0,0.23630672926447574
38.0,5.0,40.0,0.3,0.1,0.8,4.0,610.0,0.0,0.0,0.24098360655737705
38.0,5.0,41.0,0.3,0.1,0.8,4.0,586.0,0.0,0.0,0.23890784982935154
38.0,5.0,42.0,0.3,0.1,0.8,4.0,587.0,0.0,0.0,0.24190800681431004
38.0,5.0,43.0,0.3,0.1,0.8,4.0,566.0,0.0,0.0,0.24381625441696114
38.0,5.0,44.0,0.3,0.1,0.8,4.0,571.0,0.0,0.0,0.2434325744308231
38.0,5.0,45.0,0.3,0.1,0.8,4.0,544.0,0.0,0.0,0.41360294117647056
38.0,5.0,46.0,0.3,0.1,0.8,4.0,544.0,0.0,0.0,0.41911764705882354
38.0,5.0,47.0,0.3,0.1,0.8,4.0,534.0,0.0,0.0,0.41947565543071164
38.0,5.0,48.0,0.3,0.1,0.8,4.0,544.0,0.0,0.0,0.41911764705882354
38.0,5.0,49.0,0.3,0.1,0.8,4.0,534.0,0.0,0.0,0.41947565543071164
38.0,5.0,50.0,0.3,0.1,0.8,4.0,539.0,0.0,0.0,0.4174397031539889
38.0,5.0,51.0,0.3,0.1,0.8,4.0,528.0,0.0,0.0,0.4185606060606061
38.0,5.0,52.0,0.3,0.1,0.8,4.0,533.0,0.0,0.0,0.4202626641651032
38.0,6.0,1.0,0.3,0.1,0.8,4.0,521.0,0.0,0.0,0.42034548944337813
38.0,6.0,2.0,0.3,0.1,0.8,4.0,526.0,0.0,0.0,0.41825095057034223
38.0,6.0,3.0,0.3,0.1,0.8,4.0,508.0,0.0,0.0,0.421259842519685
38.0,6.0,4.0,0.3,0.1,0.8,4.0,513.0,0.0,0.0,0.4191033138401559
38.0,6.0,5.0,0.3,0.1,0.8,4.0,502.0,0.0,0.0,0.41832669322709165
38.0,6.0,6.0,0.3,0.1,0.8,4.0,497.0,0.0,0.0,0.4164989939637827
38.0,6.0,7.0,0.3,0.1,0.8,4.0,497.0,0.0,0.0,0.4164989939637827
38.0,6.0,8.0,0.3,0.1,0.8,4.0,484.0,0.0,0.0,0.42355371900826444
38.0,6.0,9.0,0.3,0.1,0.8,4.0,481.0,0.0,0.0,0.42411642411642414
38.0,6.0,10.0,0.3,0.1,0.8,4.0,480.0,0.0,0.0,0.42291666666666666
38.0,6.0,11.0,0.3,0.1,0.8,4.0,477.0,0.0,0.0,0.42557651991614254
38.0,6.0,12.0,0.3,0.1,0.8,4.0,475.0,0.0,0.0,0.42526315789473684
38.0,6.0,13.0,0.3,0.1,0.8,4.0,476.0,0.0,0.0,0.4264705882352941
38.0,6.0,14.0,0.3,0.1,0.8,4.0,471.0,0.0,0.0,0.4288747346072187
38.0,6.0,15.0,0.3,0.1,0.8,4.0,473.0,0.0,0.0,0.42917547568710357
38.0,6.0,16.0,0.3,0.1,0.8,4.0,469.0,0.0,0.0,0.42430703624733473
38.0,6.0,17.0,0.3,0.1,0.8,4.0,469.0,0.0,0.0,0.42430703624733473
38.0,6.0,18.0,0.3,0.1,0.8,4.0,468.0,0.0,0.0,0.4252136752136752
38.0,6.0,19.0,0.3,0.1,0.8,4.0,456.0,0.0,0.0,0.4276315789473684
38.0,6.0,20.0,0.3,0.1,0.8,4.0,800.0,0.0,0.0,0.2425
38.0,6.0,21.0,0.3,0.1,0.8,4.0,802.0,0.0,0.0,0.24189526184538654
38.0,6.0,22.0,0.3,0.1,0.8,4.0,803.0,0.0,0.0,0.24159402241594022
38.0,6.0,23.0,0.3,0.1,0.8,4.0,789.0,0.0,0.0,0.24461343472750316
38.0,6.0,24.0,0.3,0.1,0.8,4.0,791.0,0.0,0.0,0.24399494310998734
38.0,6.0,25.0,0.3,0.1,0.8,4.0,771.0,0.0,0.0,0.245136186770428
38.0,6.0,26.0,0.3,0.1,0.8,4.0,772.0,0.0,0.0,0.24611398963730569
38.0,6.0,27.0,0.3,0.1,0.8,4.0,774.0,0.0,0.0,0.2454780361757106
38.0,6.0,28.0,0.3,0.1,0.8,4.0,747.0,0.0,0.0,0.24497991967871485
38.0,6.0,29.0,0.3,0.1,0.8,4.0,749.0,0.0,0.0,0.24432576769025366
38.0,6.0,30.0,0.3,0.1,0.8,4.0,743.0,0.0,0.0,0.2449528936742934
38.0,6.0,31.0,0.3,0.1,0.8,4.0,749.0,0.0,0.0,0.24299065420560748
38.0,6.0,32.0,0.3,0.1,0.8,4.0,748.0,0.0,0.0,0.2446524064171123
38.0,6.0,33.0,0.3,0.1,0.8,4.0,749.0,0.0,0.0,0.24299065420560748
38.0,6.0,34.0,0.3,0.1,0.8,4.0,736.0,0.0,0.0,0.24456521739130435
38.0,6.0,35.0,0.3,0.1,0.8,4.0,721.0,0.0,0.0,0.24133148404993066
38.0,6.0,36.0,0.3,0.1,0.8,4.0,698.0,0.0,0.0,0.24498567335243554
38.0,6.0,37.0,0.3,0.1,0.8,4.0,684.0,0.0,0.0,0.24269005847953215
38.0,6.0,38.0,0.3,0.1,0.8,4.0,684.0,0.0,0.0,0.24561403508771928
38.0,6.0,39.0,0.3,0.1,0.8,4.0,671.0,0.0,0.0,0.2414307004470939
38.0,6.0,40.0,0.3,0.1,0.8,4.0,659.0,0.0,0.0,0.24279210925644917
38.0,6.0,41.0,0.3,0.1,0.8,4.0,646.0,0.0,0.0,0.23684210526315788
38.0,6.0,42.0,0.3,0.1,0.8,4.0,631.0,0.0,0.0,0.2393026941362916
38.0,6.0,43.0,0.3,0.1,0.8,4.0,620.0,0.0,0.0,0.24193548387096775
38.0,6.0,44.0,0.3,0.1,0.8,4.0,615.0,0.0,0.0,0.24227642276422764
38.0,6.0,45.0,0.3,0.1,0.8,4.0,616.0,0.0,0.0,0.41233766233766234
38.0,6.0,46.0,0.3,0.1,0.8,4.0,609.0,0.0,0.0,0.4154351395730706
38.0,6.0,47.0,0.3,0.1,0.8,4.0,603.0,0.0,0.0,0.41459369817578773
38.0,6.0,48.0,0.3,0.1,0.8,4.0,595.0,0.0,0.0,0.4134453781512605
38.0,6.0,49.0,0.3,0.1,0.8,4.0,596.0,0.0,0.0,0.40939597315436244
38.0,6.0,50.0,0.3,0.1,0.8,4.0,582.0,0.0,0.0,0.4175257731958763
38.0,6.0,51.0,0.3,0.1,0.8,4.0,583.0,0.0,0.0,0.41680960548885077
38.0,6.0,52.0,0.3,0.1,0.8,4.0,574.0,0.0,0.0,0.41986062717770034
38.0,7.0,1.0,0.3,0.1,0.8,4.0,577.0,0.0,0.0,0.4194107452339688
38.0,7.0,2.0,0.3,0.1,0.8,4.0,570.0,0.0,0.0,0.4192982456140351
38.0,7.0,3.0,0.3,0.1,0.8,4.0,577.0,0.0,0.0,0.42114384748700173
38.0,7.0,4.0,0.3,0.1,0.8,4.0,555.0,0.0,0.0,0.42162162162162165
38.0,7.0,5.0,0.3,0.1,0.8,4.0,561.0,0.0,0.0,0.42245989304812837
38.0,7.0,6.0,0.3,0.1,0.8,4.0,542.0,0.0,0.0,0.4225092250922509
38.0,7.0,7.0,0.3,0.1,0.8,4.0,545.0,0.0,0.0,0.42018348623853213
38.0,7.0,8.0,0.3,0.1,0.8,4.0,530.0,0.0,0.0,0.4207547169811321
38.0,7.0,9.0,0.3,0.1,0.8,4.0,519.0,0.0,0.0,0.4238921001926782
38.0,7.0,10.0,0.3,0.1,0.8,4.0,512.0,0.0,0.0,0.421875
38.0,7.0,11.0,0.3,0.1,0.8,4.0,513.0,0.0,0.0,0.42105263157894735
38.0,7.0,12.0,0.3,0.1,0.8,4.0,500.0,0.0,0.0,0.426
38.0,7.0,13.0,0.3,0.1,0.8,4.0,502.0,0.0,0.0,0.4243027888446215
38.0,7.0,14.0,0.3,0.1,0.8,4.0,497.0,0.0,0.0,0.42857142857142855
38.0,7.0,15.0,0.3,0.1,0.8,4.0,498.0,0.0,0.0,0.42771084337349397
38.0,7.0,16.0,0.3,0.1,0.8,4.0,495.0,0.0,0.0,0.4303030303030303
38.0,7.0,17.0,0.3,0.1,0.8,4.0,496.0,0.0,0.0,0.4274193548387097
38.0,7.0,18.0,0.3,0.1,0.8,4.0,494.0,0.0,0.0,0.4291497975708502
38.0,7.0,19.0,0.3,0.1,0.8,4.0,496.0,0.0,0.0,0.4274193548387097
38.0,7.0,20.0,0.3,0.1,0.8,4.0,880.0,0.0,0.0,0.2409090909090909
38.0,7.0,21.0,0.3,0.1,0.8,4.0,853.0,0.0,0.0,0.24150058616647127
38.0,7.0,22.0,0.3,0.1,0.8,4.0,840.0,0.0,0.0,0.24404761904761904
38.0,7.0,23.0,0.3,0.1,0.8,4.0,795.0,0.0,0.0,0.2440251572327044
38.0,7.0,24.0,0.3,0.1,0.8,4.0,758.0,0.0,0.0,0.24670184696569922
38.0,7.0,25.0,0.3,0.1,0.8,4.0,730.0,0.0,0.0,0.2452054794520548
38.0,7.0,26.0,0.3,0.1,0.8,4.0,713.0,0.0,0.0,0.24544179523141654
38.0,7.0,27.0,0.3,0.1,0.8,4.0,717.0,0.0,0.0,0.24267782426778242
38.0,7.0,28.0,0.3,0.1,0.8,4.0,705.0,0.0,0.0,0.24397163120567375
38.0,7.0,29.0,0.3,0.1,0.8,4.0,699.0,0.0,0.0,0.2446351931330472
38.0,7.0,30.0,0.3,0.1,0.8,4.0,689.0,0.0,0.0,0.2467343976777939
38.0,7.0,31.0,0.3,0.1,0.8,4.0,684.0,0.0,0.0,0.24853801169590642
38.0,7.0,32.0,0.3,0.1,0.8,4.0,667.0,0.0,0.0,0.24887556221889057
38.0,7.0,33.0,0.3,0.1,0.8,4.0,669.0,0.0,0.0,0.24813153961136025
38.0,7.0,34.0,0.3,0.1,0.8,4.0,665.0,0.0,0.0,0.24812030075187969
38.0,7.0,35.0,0.3,0.1,0.8,4.0,667.0,0.0,0.0,0.24737631184407796
38.0,7.0,36.0,0.3,0.1,0.8,4.0,653.0,0.0,0.0,0.24961715160796324
38.0,7.0,37.0,0.3,0.1,0.8,4.0,629.0,0.0,0.0,0.2480127186009539
38.0,7.0,38.0,0.3,0.1,0.8,4.0,624.0,0.0,0.0,0.25
38.0,7.0,39.0,0.3,0.1,0.8,4.0,626.0,0.0,0.0,0.24920127795527156
38.0,7.0,40.0,0.3,0.1,0.8,4.0,619.0,0.0,0.0,0.25040387722132473
38.0,7.0,41.0,0.3,0.1,0.8,4.0,621.0,0.0,0.0,0.24798711755233493
38.0,7.0,42.0,0.3,0.1,0.8,4.0,618.0,0.0,0.0,0.24919093851132687
38.0,7.0,43.0,0.3,0.1,0.8,4.0,619.0,0.0,0.0,0.24878836833602586
38.0,7.0,44.0,0.3,0.1,0.8,4.0,606.0,0.0,0.0,0.2508250825082508
38.0,7.0,45.0,0.3,0.1,0.8,4.0,605.0,0.0,0.0,0.41983471074380163
38.0,7.0,46.0,0.3,0.1,0.8,4.0,604.0,0.0,0.0,0.41887417218543044
38.0,7.0,47.0,0.3,0.1,0.8,4.0,598.0,0.0,0.0,0.4214046822742475
38.0,7.0,48.0,0.3,0.1,0.8,4.0,607.0,0.0,0.0,0.4184514003294893
38.0,7.0,49.0,0.3,0.1,0.8,4.0,595.0,0.0,0.0,0.42016806722689076
38.0,7.0,50.0,0.3,0.1,0.8,4.0,594.0,0.0,0.0,0.4175084175084175
38.0,7.0,51.0,0.3,0.1,0.8,4.0,596.0,0.0,0.0,0.4211409395973154
38.0,7.0,52.0,0.3,0.1,0.8,4.0,579.0,0.0,0.0,0.4214162348877375
38.0,8.0,1.0,0.3,0.1,0.8,4.0,569.0,0.0,0.0,0.4235500878734622
38.0,8.0,2.0,0.3,0.1,0.8,4.0,550.0,0.0,0.0,0.4254545454545455
38.0,8.0,3.0,0.3,0.1,0.8,4.0,550.0,0.0,0.0,0.4290909090909091
38.0,8.0,4.0,0.3,0.1,0.8,4.0,545.0,0.0,0.0,0.42752293577981654
38.0,8.0,5.0,0.3,0.1,0.8,4.0,546.0,0.0,0.0,0.43223443223443225
38.0,8.0,6.0,0.3,0.1,0.8,4.0,541.0,0.0,0.0,0.4288354898336414
38.0,8.0,7.0,0.3,0.1,0.8,4.0,546.0,0.0,0.0,0.43223443223443225
38.0,8.0,8.0,0.3,0.1,0.8,4.0,536.0,0.0,0.0,0.4291044776119403
38.0,8.0,9.0,0.3,0.1,0.8,4.0,540.0,0.0,0.0,0.4351851851851852
38.0,8.0,10.0,0.3,0.1,0.8,4.0,532.0,0.0,0.0,0.43045112781954886
38.0,8.0,11.0,0.3,0.1,0.8,4.0,500.0,0.0,0.0,0.45
38.0,8.0,12.0,0.3,0.1,0.8,4.0,490.0,0.0,0.0,0.4448979591836735
38.0,8.0,13.0,0.3,0.1,0.8,4.0,490.0,0.0,0.0,0.45510204081632655
38.0,8.0,14.0,0.3,0.1,0.8,4.0,487.0,0.0,0.0,0.4455852156057495
38.0,8.0,15.0,0.3,0.1,0.8,4.0,489.0,0.0,0.0,0.45807770961145194
38.0,8.0,16.0,0.3,0.1,0.8,4.0,485.0,0.0,0.0,0.44742268041237115
38.0,8.0,17.0,0.3,0.1,0.8,4.0,487.0,0.0,0.0,0.45790554414784396
38.0,8.0,18.0,0.3,0.1,0.8,4.0,483.0,0.0,0.0,0.4472049689440994
38.0,8.0,19.0,0.3,0.1,0.8,4.0,485.0,0.0,0.0,0.45979381443298967
38.0,8.0,20.0,0.3,0.1,0.8,4.0,857.0,0.0,0.0,0.2532088681446908
38.0,8.0,21.0,0.3,0.1,0.8,4.0,853.0,0.0,0.0,0.2567409144196952
38.0,8.0,22.0,0.3,0.1,0.8,4.0,810.0,0.0,0.0,0.2506172839506173
38.0,8.0,23.0,0.3,0.1,0.8,4.0,817.0,0.0,0.0,0.2558139534883721
38.0,8.0,24.0,0.3,0.1,0.8,4.0,766.0,0.0,0.0,0.2558746736292428
38.0,8.0,25.0,0.3,0.1,0.8,4.0,768.0,0.0,0.0,0.26171875
38.0,8.0,26.0,0.3,0.1,0.8,4.0,748.0,0.0,0.0,0.2606951871657754
38.0,8.0,27.0,0.3,0.1,0.8,4.0,747.0,0.0,0.0,0.26639892904953144
38.0,8.0,28.0,0.3,0.1,0.8,4.0,748.0,0.0,0.0,0.2606951871657754
38.0,8.0,29.0,0.3,0.1,0.8,4.0,747.0,0.0,0.0,0.26639892904953144
38.0,8.0,30.0,0.3,0.1,0.8,4.0,748.0,0.0,0.0,0.2606951871657754
38.0,8.0,31.0,0.3,0.1,0.8,4.0,735.0,0.0,0.0,0.2653061224489796
38.0,8.0,32.0,0.3,0.1,0.8,4.0,736.0,0.0,0.0,0.2595108695652174
38.0,8.0,33.0,0.3,0.1,0.8,4.0,709.0,0.0,0.0,0.2693935119887165
38.0,8.0,34.0,0.3,0.1,0.8,4.0,710.0,0.0,0.0,0.2633802816901408
38.0,8.0,35.0,0.3,0.1,0.8,4.0,709.0,0.0,0.0,0.2693935119887165
38.0,8.0,36.0,0.3,0.1,0.8,4.0,697.0,0.0,0.0,0.26398852223816355
38.0,8.0,37.0,0.3,0.1,0.8,4.0,681.0,0.0,0.0,0.27312775330396477
38.0,8.0,38.0,0.3,0.1,0.8,4.0,670.0,0.0,0.0,0.2701492537313433
38.0,8.0,39.0,0.3,0.1,0.8,4.0,662.0,0.0,0.0,0.27492447129909364
38.0,8.0,40.0,0.3,0.1,0.8,4.0,667.0,0.0,0.0,0.2698650674662669
38.0,8.0,41.0,0.3,0.1,0.8,4.0,662.0,0.0,0.0,0.27492447129909364
38.0,8.0,42.0,0.3,0.1,0.8,4.0,652.0,0.0,0.0,0.2714723926380368
38.0,8.0,43.0,0.3,0.1,0.8,4.0,611.0,0.0,0.0,0.27823240589198034
38.0,8.0,44.0,0.3,0.1,0.8,4.0,615.0,0.0,0.0,0.27154471544715447
38.0,8.0,45.0,0.3,0.1,0.8,4.0,610.0,0.0,0.0,0.43278688524590164
38.0,8.0,46.0,0.3,0.1,0.8,4.0,614.0,0.0,0.0,0.42833876221498374
38.0,8.0,47.0,0.3,0.1,0.8,4.0,597.0,0.0,0.0,0.4338358458961474
38.0,8.0,48.0,0.3,0.1,0.8,4.0,600.0,0.0,0.0,0.43
38.0,8.0,49.0,0.3,0.1,0.8,4.0,597.0,0.0,0.0,0.4338358458961474
38.0,8.0,50.0,0.3,0.1,0.8,4.0,598.0,0.0,0.0,0.431438127090301
38.0,8.0,51.0,0.3,0.1,0.8,4.0,594.0,0.0,0.0,0.43602693602693604
38.0,8.0,52.0,0.3,0.1,0.8,4.0,597.0,0.0,0.0,0.4321608040201005
38.0,9.0,1.0,0.3,0.1,0.8,4.0,593.0,0.0,0.0,0.43676222596964587
38.0,9.0,2.0,0.3,0.1,0.8,4.0,596.0,0.0,0.0,0.43288590604026844
38.0,9.0,3.0,0.3,0.1,0.8,4.0,583.0,0.0,0.0,0.44082332761578047
38.0,9.0,4.0,0.3,0.1,0.8,4.0,585.0,0.0,0.0,0.4376068376068376
38.0,9.0,5.0,0.3,0.1,0.8,4.0,583.0,0.0,0.0,0.44082332761578047
38.0,9.0,6.0,0.3,0.1,0.8,4.0,574.0,0.0,0.0,0.4425087108013937
38.0,9.0,7.0,0.3,0.1,0.8,4.0,571.0,0.0,0.0,0.4448336252189142
38.0,9.0,8.0,0.3,0.1,0.8,4.0,570.0,0.0,0.0,0.4456140350877193
38.0,9.0,9.0,0.3,0.1,0.8,4.0,567.0,0.0,0.0,0.4479717813051146
38.0,9.0,10.0,0.3,0.1,0.8,4.0,569.0,0.0,0.0,0.4446397188049209
38.0,9.0,11.0,0.3,0.1,0.8,4.0,566.0,0.0,0.0,0.4469964664310954
38.0,9.0,12.0,0.3,0.1,0.8,4.0,566.0,0.0,0.0,0.4469964664310954
38.0,9.0,13.0,0.3,0.1,0.8,4.0,563.0,0.0,0.0,0.44760213143872113
38.0,9.0,14.0,0.3,0.1,0.8,4.0,565.0,0.0,0.0,0.44601769911504424
38.0,9.0,15.0,0.3,0.1,0.8,4.0,561.0,0.0,0.0,0.4474153297682709
38.0,9.0,16.0,0.3,0.1,0.8,4.0,565.0,0.0,0.0,0.44424778761061945
38.0,9.0,17.0,0.3,0.1,0.8,4.0,561.0,0.0,0.0,0.4474153297682709
38.0,9.0,18.0,0.3,0.1,0.8,4.0,563.0,0.0,0.0,0.44582593250444047
38.0,9.0,19.0,0.3,0.1,0.8,4.0,547.0,0.0,0.0,0.45521023765996343
38.0,9.0,20.0,0.3,0.1,0.8,4.0,915.0,0.0,0.0,0.26010928961748636
38.0,9.0,21.0,0.3,0.1,0.8,4.0,895.0,0.0,0.0,0.26033519553072626
38.0,9.0,22.0,0.3,0.1,0.8,4.0,858.0,0.0,0.0,0.25990675990675993
38.0,9.0,23.0,0.3,0.1,0.8,4.0,832.0,0.0,0.0,0.2644230769230769
38.0,9.0,24.0,0.3,0.1,0.8,4.0,840.0,0.0,0.0,0.2630952380952381
38.0,9.0,25.0,0.3,0.1,0.8,4.0,832.0,0.0,0.0,0.2644230769230769
38.0,9.0,26.0,0.3,0.1,0.8,4.0,828.0,0.0,0.0,0.2644927536231884
38.0,9.0,27.0,0.3,0.1,0.8,4.0,788.0,0.0,0.0,0.26903553299492383
38.0,9.0,28.0,0.3,0.1,0.8,4.0,773.0,0.0,0.0,0.2716688227684347
38.0,9.0,29.0,0.3,0.1,0.8,4.0,776.0,0.0,0.0,0.27190721649484534
38.0,9.0,30.0,0.3,0.1,0.8,4.0,762.0,0.0,0.0,0.27165354330708663
38.0,9.0,31.0,0.3,0.1,0.8,4.0,753.0,0.0,0.0,0.2735723771580345
38.0,9.0,32.0,0.3,0.1,0.8,4.0,737.0,0.0,0.0,0.27544097693351427
38.0,9.0,33.0,0.3,0.1,0.8,4.0,741.0,0.0,0.0,0.27530364372469635
38.0,9.0,34.0,0.3,0.1,0.8,4.0,738.0,0.0,0.0,0.2750677506775068
38.0,9.0,35.0,0.3,0.1,0.8,4.0,729.0,0.0,0.0,0.2784636488340192
38.0,9.0,36.0,0.3,0.1,0.8,4.0,724.0,0.0,0.0,0.2776243093922652
38.0,9.0,37.0,0.3,0.1,0.8,4.0,717.0,0.0,0.0,0.28312412831241285
38.0,9.0,38.0,0.3,0.1,0.8,4.0,709.0,0.0,0.0,0.2820874471086037
38.0,9.0,39.0,0.3,0.1,0.8,4.0,717.0,0.0,0.0,0.28312412831241285
38.0,9.0,40.0,0.3,0.1,0.8,4.0,698.0,0.0,0.0,0.2822349570200573
38.0,9.0,41.0,0.3,0.1,0.8,4.0,705.0,0.0,0.0,0.28368794326241137
38.0,9.0,42.0,0.3,0.1,0.8,4.0,698.0,0.0,0.0,0.2822349570200573
38.0,9.0,43.0,0.3,0.1,0.8,4.0,693.0,0.0,0.0,0.2842712842712843
38.0,9.0,44.0,0.3,0.1,0.8,4.0,686.0,0.0,0.0,0.282798833819242
38.0,9.0,45.0,0.3,0.1,0.8,4.0,683.0,0.0,0.0,0.4260614934114202
38.0,9.0,46.0,0.3,0.1,0.8,4.0,678.0,0.0,0.0,0.42625368731563423
38.0,9.0,47.0,0.3,0.1,0.8,4.0,669.0,0.0,0.0,0.42750373692077726
38.0,9.0,48.0,0.3,0.1,0.8,4.0,664.0,0.0,0.0,0.42771084337349397
38.0,9.0,49.0,0.3,0.1,0.8,4.0,669.0,0.0,0.0,0.42750373692077726
38.0,9.0,50.0,0.3,0.1,0.8,4.0,669.0,0.0,0.0,0.42451420029895365
38.0,9.0,51.0,0.3,0.1,0.8,4.0,669.0,0.0,0.0,0.42750373692077726
38.0,9.0,52.0,0.3,0.1,0.8,4.0,666.0,0.0,0.0,0.4264264264264264
38.0,10.0,1.0,0.3,0.1,0.8,4.0,665.0,0.0,0.0,0.43007518796992483
38.0,10.0,2.0,0.3,0.1,0.8,4.0,664.0,0.0,0.0,0.42620481927710846
38.0,10.0,3.0,0.3,0.1,0.8,4.0,654.0,0.0,0.0,0.42966360856269115
38.0,10.0,4.0,0.3,0.1,0.8,4.0,650.0,0.0,0.0,0.4276923076923077
38.0,10.0,5.0,0.3,0.1,0.8,4.0,652.0,0.0,0.0,0.43098159509202455
38.0,10.0,6.0,0.3,0.1,0.8,4.0,648.0,0.0,0.0,0.42746913580246915
38.0,10.0,7.0,0.3,0.1,0.8,4.0,648.0,0.0,0.0,0.42901234567901236
38.0,10.0,8.0,0.3,0.1,0.8,4.0,636.0,0.0,0.0,0.4261006289308176
38.0,10.0,9.0,0.3,0.1,0.8,4.0,637.0,0.0,0.0,0.42700156985871274
38.0,10.0,10.0,0.3,0.1,0.8,4.0,633.0,0.0,0.0,0.42812006319115326
38.0,10.0,11.0,0.3,0.1,0.8,4.0,633.0,0.0,0.0,0.4296998420221169
38.0,10.0,12.0,0.3,0.1,0.8,4.0,629.0,0.0,0.0,0.43084260731319557
38.0,10.0,13.0,0.3,0.1,0.8,4.0,632.0,0.0,0.0,0.43037974683544306
38.0,10.0,14.0,0.3,0.1,0.8,4.0,628.0,0.0,0.0,0.4315286624203822
38.0,10.0,15.0,0.3,0.1,0.8,4.0,632.0,0.0,0.0,0.43037974683544306
38.0,10.0,16.0,0.3,0.1,0.8,4.0,627.0,0.0,0.0,0.43221690590111644
38.0,10.0,17.0,0.3,0.1,0.8,4.0,631.0,0.0,0.0,0.43106180665610144
38.0,10.0,18.0,0.3,0.1,0.8,4.0,627.0,0.0,0.0,0.43221690590111644
38.0,10.0,19.0,0.3,0.1,0.8,4.0,629.0,0.0,0.0,0.43243243243243246
38.0,10.0,20.0,0.3,0.1,0.8,4.0,1037.0,0.0,0.0,0.2459016393442623
38.0,10.0,21.0,0.3,0.1,0.8,4.0,1024.0,0.0,0.0,0.2470703125
38.0,10.0,22.0,0.3,0.1,0.8,4.0,1006.0,0.0,0.0,0.24652087475149106
38.0,10.0,23.0,0.3,0.1,0.8,4.0,1010.0,0.0,0.0,0.24752475247524752
38.0,10.0,24.0,0.3,0.1,0.8,4.0,1006.0,0.0,0.0,0.24652087475149106
38.0,10.0,25.0,0.3,0.1,0.8,4.0,1009.0,0.0,0.0,0.24677898909811694
38.0,10.0,26.0,0.3,0.1,0.8,4.0,994.0,0.0,0.0,0.24949698189134809
38.0,10.0,27.0,0.3,0.1,0.8,4.0,978.0,0.0,0.0,0.25153374233128833
38.0,10.0,28.0,0.3,0.1,0.8,4.0,963.0,0.0,0.0,0.2502596053997923
38.0,10.0,29.0,0.3,0.1,0.8,4.0,932.0,0.0,0.0,0.2542918454935622
38.0,10.0,30.0,0.3,0.1,0.8,4.0,916.0,0.0,0.0,0.25436681222707425
38.0,10.0,31.0,0.3,0.1,0.8,4.0,889.0,0.0,0.0,0.2542182227221597
38.0,10.0,32.0,0.3,0.1,0.8,4.0,873.0,0.0,0.0,0.2531500572737686
38.0,10.0,33.0,0.3,0.1,0.8,4.0,861.0,0.0,0.0,0.25435540069686413
38.0,10.0,34.0,0.3,0.1,0.8,4.0,840.0,0.0,0.0,0.25357142857142856
38.0,10.0,35.0,0.3,0.1,0.8,4.0,818.0,0.0,0.0,0.2591687041564792
38.0,10.0,36.0,0.3,0.1,0.8,4.0,782.0,0.0,0.0,0.2659846547314578
38.0,10.0,37.0,0.3,0.1,0.8,4.0,775.0,0.0,0.0,0.2670967741935484
38.0,10.0,38.0,0.3,0.1,0.8,4.0,761.0,0.0,0.0,0.2706964520367937
38.0,10.0,39.0,0.3,0.1,0.8,4.0,775.0,0.0,0.0,0.2670967741935484
38.0,10.0,40.0,0.3,0.1,0.8,4.0,748.0,0.0,0.0,0.2700534759358289
38.0,10.0,41.0,0.3,0.1,0.8,4.0,762.0,0.0,0.0,0.2664041994750656
38.0,10.0,42.0,0.3,0.1,0.8,4.0,724.0,0.0,0.0,0.26795580110497236
38.0,10.0,43.0,0.3,0.1,0.8,4.0,736.0,0.0,0.0,0.264945652173913
38.0,10.0,44.0,0.3,0.1,0.8,4.0,712.0,0.0,0.0,0.2696629213483146
38.0,10.0,45.0,0.3,0.1,0.8,4.0,724.0,0.0,0.0,0.43646408839779005
38.0,10.0,46.0,0.3,0.1,0.8,4.0,712.0,0.0,0.0,0.4410112359550562
38.0,10.0,47.0,0.3,0.1,0.8,4.0,724.0,0.0,0.0,0.43646408839779005
38.0,10.0,48.0,0.3,0.1,0.8,4.0,711.0,0.0,0.0,0.44163150492264414
38.0,10.0,49.0,0.3,0.1,0.8,4.0,701.0,0.0,0.0,0.44079885877318115
38.0,10.0,50.0,0.3,0.1,0.8,4.0,686.0,0.0,0.0,0.4446064139941691
38.0,10.0,51.0,0.3,0.1,0.8,4.0,698.0,0.0,0.0,0.43982808022922637
38.0,10.0,52.0,0.3,0.1,0.8,4.0,685.0,0.0,0.0,0.44525547445255476
39.0,1.0,1.0,0.3,0.1,0.8,4.0,5137.0,54.0,13.0,0.2974498734670041
39.0,1.0,2.0,0.3,0.1,0.8,4.0,5129.0,60.0,25.0,0.2990836420354845
39.0,1.0,3.0,0.3,0.1,0.8,4.0,5057.0,72.0,38.0,0.29918924263397273
39.0,1.0,4.0,0.3,0.1,0.8,4.0,5029.0,83.0,42.0,0.29966196062835554
39.0,1.0,5.0,0.3,0.1,0.8,4.0,5091.0,108.0,37.0,0.29935179728933414
39.0,1.0,6.0,0.3,0.1,0.8,4.0,4935.0,118.0,41.0,0.3011144883485309
39.0,1.0,7.0,0.3,0.1,0.8,4.0,4792.0,128.0,36.0,0.30258764607679467
39.0,1.0,8.0,0.3,0.1,0.8,4.0,4650.0,148.0,55.0,0.3025806451612903
39.0,1.0,9.0,0.3,0.1,0.8,4.0,4535.0,182.0,63.0,0.30253583241455345
39.0,1.0,10.0,0.3,0.1,0.8,4.0,4430.0,208.0,87.0,0.3018058690744921
39.0,1.0,11.0,0.3,0.1,0.8,4.0,4219.0,229.0,98.0,0.3022043138184404
39.0,1.0,12.0,0.3,0.1,0.8,4.0,4089.0,254.0,105.0,0.30643189043775987
39.0,1.0,13.0,0.3,0.1,0.8,4.0,3943.0,258.0,111.0,0.3068729393862541
39.0,1.0,14.0,0.3,0.1,0.8,4.0,3749.0,241.0,108.0,0.3104827954121099
39.0,1.0,15.0,0.3,0.1,0.8,4.0,3587.0,226.0,102.0,0.31112350153331475
39.0,1.0,16.0,0.3,0.1,0.8,4.0,3489.0,226.0,109.0,0.3169962740040126
39.0,1.0,17.0,0.3,0.1,0.8,4.0,3356.0,211.0,113.0,0.317342073897497
39.0,1.0,18.0,0.3,0.1,0.8,4.0,3288.0,216.0,108.0,0.32299270072992703
39.0,1.0,19.0,0.3,0.1,0.8,4.0,3182.0,194.0,100.0,0.32306725329981145
39.0,1.0,20.0,0.3,0.1,0.8,4.0,5935.0,185.0,89.0,0.17489469250210615
39.0,1.0,21.0,0.3,0.1,0.8,4.0,5662.0,231.0,97.0,0.17432002825856588
39.0,1.0,22.0,0.3,0.1,0.8,4.0,5451.0,290.0,98.0,0.17904971564850486
39.0,1.0,23.0,0.3,0.1,0.8,4.0,5221.0,329.0,111.0,0.17927600076613676
39.0,1.0,24.0,0.3,0.1,0.8,4.0,5036.0,354.0,118.0,0.18328038125496426
39.0,1.0,25.0,0.3,0.1,0.8,4.0,4751.0,376.0,141.0,0.18585560934540096
39.0,1.0,26.0,0.3,0.1,0.8,4.0,4517.0,399.0,171.0,0.18773522249280497
39.0,1.0,27.0,0.3,0.1,0.8,4.0,4291.0,416.0,171.0,0.19086460032626426
39.0,1.0,28.0,0.3,0.1,0.8,4.0,4020.0,386.0,174.0,0.1947761194029851
39.0,1.0,29.0,0.3,0.1,0.8,4.0,3930.0,372.0,186.0,0.19669211195928754
39.0,1.0,30.0,0.3,0.1,0.8,4.0,3748.0,387.0,194.0,0.2001067235859125
39.0,1.0,31.0,0.3,0.1,0.8,4.0,3474.0,362.0,167.0,0.20782959124928038
39.0,1.0,32.0,0.3,0.1,0.8,4.0,3288.0,337.0,161.0,0.21624087591240876
39.0,1.0,33.0,0.3,0.1,0.8,4.0,3169.0,333.0,163.0,0.2205743136636163
39.0,1.0,34.0,0.3,0.1,0.8,4.0,2997.0,288.0,156.0,0.2265598932265599
39.0,1.0,35.0,0.3,0.1,0.8,4.0,2811.0,277.0,134.0,0.23550337958022055
39.0,1.0,36.0,0.3,0.1,0.8,4.0,2715.0,245.0,123.0,0.2416206261510129
39.0,1.0,37.0,0.3,0.1,0.8,4.0,2573.0,224.0,109.0,0.2479595802565099
39.0,1.0,38.0,0.3,0.1,0.8,4.0,2443.0,204.0,103.0,0.25542365943512074
39.0,1.0,39.0,0.3,0.1,0.8,4.0,2327.0,192.0,90.0,0.2617103566824237
39.0,1.0,40.0,0.3,0.1,0.8,4.0,2207.0,175.0,89.0,0.27050294517444495
39.0,1.0,41.0,0.3,0.1,0.8,4.0,2144.0,168.0,88.0,0.27425373134328357
39.0,1.0,42.0,0.3,0.1,0.8,4.0,2070.0,165.0,88.0,0.2826086956521739
39.0,1.0,43.0,0.3,0.1,0.8,4.0,1995.0,159.0,82.0,0.28771929824561404
39.0,1.0,44.0,0.3,0.1,0.8,4.0,1966.0,156.0,72.0,0.2960325534079349
39.0,1.0,45.0,0.3,0.1,0.8,4.0,1885.0,141.0,61.0,0.459946949602122
39.0,1.0,46.0,0.3,0.1,0.8,4.0,1810.0,119.0,61.0,0.46519337016574586
39.0,1.0,47.0,0.3,0.1,0.8,4.0,1782.0,112.0,72.0,0.46520763187429853
39.0,1.0,48.0,0.3,0.1,0.8,4.0,1721.0,107.0,68.0,0.4706565950029053
39.0,1.0,49.0,0.3,0.1,0.8,4.0,1669.0,95.0,49.0,0.47393648891551826
39.0,1.0,50.0,0.3,0.1,0.8,4.0,1613.0,72.0,33.0,0.4773713577185369
39.0,1.0,51.0,0.3,0.1,0.8,4.0,1587.0,73.0,37.0,0.4820415879017013
39.0,1.0,52.0,0.3,0.1,0.8,4.0,1555.0,67.0,43.0,0.4829581993569132
39.0,2.0,1.0,0.3,0.1,0.8,4.0,1530.0,73.0,45.0,0.4869281045751634
39.0,2.0,2.0,0.3,0.1,0.8,4.0,1492.0,66.0,35.0,0.4953083109919571
39.0,2.0,3.0,0.3,0.1,0.8,4.0,1456.0,61.0,33.0,0.5
39.0,2.0,4.0,0.3,0.1,0.8,4.0,1437.0,59.0,27.0,0.5017397355601948
39.0,2.0,5.0,0.3,0.1,0.8,4.0,1416.0,60.0,33.0,0.5049435028248588
39.0,2.0,6.0,0.3,0.1,0.8,4.0,1394.0,50.0,29.0,0.5100430416068866
39.0,2.0,7.0,0.3,0.1,0.8,4.0,1363.0,47.0,26.0,0.5128393250183418
39.0,2.0,8.0,0.3,0.1,0.8,4.0,1347.0,38.0,19.0,0.5159613956941351
39.0,2.0,9.0,0.3,0.1,0.8,4.0,1308.0,32.0,22.0,0.5198776758409785
39.0,2.0,10.0,0.3,0.1,0.8,4.0,1274.0,33.0,18.0,0.5196232339089482
39.0,2.0,11.0,0.3,0.1,0.8,4.0,1253.0,29.0,14.0,0.5259377494014366
39.0,2.0,12.0,0.3,0.1,0.8,4.0,1233.0,19.0,6.0,0.5287915652879156
39.0,2.0,13.0,0.3,0.1,0.8,4.0,1203.0,18.0,9.0,0.5344970906068163
39.0,2.0,14.0,0.3,0.1,0.8,4.0,1196.0,16.0,11.0,0.5317725752508361
39.0,2.0,15.0,0.3,0.1,0.8,4.0,1173.0,15.0,10.0,0.5362318840579711
39.0,2.0,16.0,0.3,0.1,0.8,4.0,1163.0,15.0,8.0,0.5339638865004299
39.0,2.0,17.0,0.3,0.1,0.8,4.0,1138.0,11.0,5.0,0.5413005272407733
39.0,2.0,18.0,0.3,0.1,0.8,4.0,1123.0,9.0,5.0,0.5449688334817453
39.0,2.0,19.0,0.3,0.1,0.8,4.0,1115.0,8.0,5.0,0.5479820627802691
39.0,2.0,20.0,0.3,0.1,0.8,4.0,2040.0,8.0,4.0,0.2946078431372549
39.0,2.0,21.0,0.3,0.1,0.8,4.0,1965.0,11.0,4.0,0.29974554707379136
39.0,2.0,22.0,0.3,0.1,0.8,4.0,1901.0,9.0,3.0,0.30247238295633877
39.0,2.0,23.0,0.3,0.1,0.8,4.0,1834.0,9.0,3.0,0.3009814612868048
39.0,2.0,24.0,0.3,0.1,0.8,4.0,1782.0,7.0,1.0,0.30078563411896747
39.0,2.0,25.0,0.3,0.1,0.8,4.0,1726.0,8.0,2.0,0.30533024333719583
39.0,2.0,26.0,0.3,0.1,0.8,4.0,1686.0,11.0,5.0,0.3084223013048636
39.0,2.0,27.0,0.3,0.1,0.8,4.0,1668.0,15.0,7.0,0.30635491606714627
39.0,2.0,28.0,0.3,0.1,0.8,4.0,1619.0,13.0,4.0,0.3057442865966646
39.0,2.0,29.0,0.3,0.1,0.8,4.0,1615.0,11.0,5.0,0.30526315789473685
39.0,2.0,30.0,0.3,0.1,0.8,4.0,1549.0,10.0,6.0,0.3092317624273725
39.0,2.0,31.0,0.3,0.1,0.8,4.0,1501.0,9.0,7.0,0.31712191872085277
39.0,2.0,32.0,0.3,0.1,0.8,4.0,1490.0,15.0,4.0,0.31610738255033555
39.0,2.0,33.0,0.3,0.1,0.8,4.0,1467.0,19.0,3.0,0.3149284253578732
39.0,2.0,34.0,0.3,0.1,0.8,4.0,1422.0,19.0,3.0,0.31645569620253167
39.0,2.0,35.0,0.3,0.1,0.8,4.0,1414.0,21.0,8.0,0.31824611032531824
39.0,2.0,36.0,0.3,0.1,0.8,4.0,1383.0,27.0,13.0,0.3195950831525669
39.0,2.0,37.0,0.3,0.1,0.8,4.0,1354.0,28.0,13.0,0.3227474150664697
39.0,2.0,38.0,0.3,0.1,0.8,4.0,1345.0,29.0,12.0,0.3226765799256506
39.0,2.0,39.0,0.3,0.1,0.8,4.0,1310.0,31.0,9.0,0.3290076335877863
39.0,2.0,40.0,0.3,0.1,0.8,4.0,1285.0,37.0,11.0,0.3284046692607004
39.0,2.0,41.0,0.3,0.1,0.8,4.0,1263.0,38.0,15.0,0.334916864608076
39.0,2.0,42.0,0.3,0.1,0.8,4.0,1245.0,37.0,23.0,0.3325301204819277
39.0,2.0,43.0,0.3,0.1,0.8,4.0,1213.0,38.0,21.0,0.34130255564715584
39.0,2.0,44.0,0.3,0.1,0.8,4.0,1186.0,34.0,20.0,0.3414839797639123
39.0,2.0,45.0,0.3,0.1,0.8,4.0,1146.0,29.0,11.0,0.48778359511343805
39.0,2.0,46.0,0.3,0.1,0.8,4.0,1138.0,28.0,12.0,0.484182776801406
39.0,2.0,47.0,0.3,0.1,0.8,4.0,1119.0,25.0,8.0,0.4879356568364611
39.0,2.0,48.0,0.3,0.1,0.8,4.0,1110.0,23.0,11.0,0.4873873873873874
39.0,2.0,49.0,0.3,0.1,0.8,4.0,1085.0,27.0,11.0,0.4894009216589862
39.0,2.0,50.0,0.3,0.1,0.8,4.0,1074.0,27.0,15.0,0.4860335195530726
39.0,2.0,51.0,0.3,0.1,0.8,4.0,1047.0,23.0,14.0,0.4899713467048711
39.0,2.0,52.0,0.3,0.1,0.8,4.0,1024.0,24.0,14.0,0.490234375
39.0,3.0,1.0,0.3,0.1,0.8,4.0,1016.0,22.0,11.0,0.4921259842519685
39.0,3.0,2.0,0.3,0.1,0.8,4.0,970.0,18.0,11.0,0.49381443298969074
39.0,3.0,3.0,0.3,0.1,0.8,4.0,966.0,17.0,9.0,0.4937888198757764
39.0,3.0,4.0,0.3,0.1,0.8,4.0,937.0,14.0,7.0,0.49626467449306294
39.0,3.0,5.0,0.3,0.1,0.8,4.0,931.0,9.0,5.0,0.49516648764769067
39.0,3.0,6.0,0.3,0.1,0.8,4.0,910.0,11.0,5.0,0.4956043956043956
39.0,3.0,7.0,0.3,0.1,0.8,4.0,906.0,13.0,5.0,0.49448123620309054
39.0,3.0,8.0,0.3,0.1,0.8,4.0,890.0,10.0,5.0,0.49325842696629213
39.0,3.0,9.0,0.3,0.1,0.8,4.0,876.0,9.0,5.0,0.4965753424657534
39.0,3.0,10.0,0.3,0.1,0.8,4.0,855.0,8.0,7.0,0.4994152046783626
39.0,3.0,11.0,0.3,0.1,0.8,4.0,849.0,7.0,4.0,0.49705535924617195
39.0,3.0,12.0,0.3,0.1,0.8,4.0,839.0,7.0,4.0,0.499404052443385
39.0,3.0,13.0,0.3,0.1,0.8,4.0,820.0,4.0,2.0,0.4975609756097561
39.0,3.0,14.0,0.3,0.1,0.8,4.0,812.0,4.0,2.0,0.5012315270935961
39.0,3.0,15.0,0.3,0.1,0.8,4.0,806.0,3.0,1.0,0.4987593052109181
39.0,3.0,16.0,0.3,0.1,0.8,4.0,797.0,2.0,2.0,0.506900878293601
39.0,3.0,17.0,0.3,0.1,0.8,4.0,793.0,2.0,2.0,0.5006305170239597
39.0,3.0,18.0,0.3,0.1,0.8,4.0,788.0,2.0,2.0,0.5076142131979695
39.0,3.0,19.0,0.3,0.1,0.8,4.0,785.0,0.0,0.0,0.5031847133757962
39.0,3.0,20.0,0.3,0.1,0.8,4.0,1420.0,0.0,0.0,0.2774647887323944
39.0,3.0,21.0,0.3,0.1,0.8,4.0,1350.0,0.0,0.0,0.2814814814814815
39.0,3.0,22.0,0.3,0.1,0.8,4.0,1347.0,0.0,0.0,0.27616926503340755
39.0,3.0,23.0,0.3,0.1,0.8,4.0,1274.0,0.0,0.0,0.2817896389324961
39.0,3.0,24.0,0.3,0.1,0.8,4.0,1270.0,0.0,0.0,0.27716535433070866
39.0,3.0,25.0,0.3,0.1,0.8,4.0,1240.0,0.0,0.0,0.2838709677419355
39.0,3.0,26.0,0.3,0.1,0.8,4.0,1242.0,0.0,0.0,0.2809983896940419
39.0,3.0,27.0,0.3,0.1,0.8,4.0,1188.0,0.0,0.0,0.28703703703703703
39.0,3.0,28.0,0.3,0.1,0.8,4.0,1178.0,0.0,0.0,0.2843803056027165
39.0,3.0,29.0,0.3,0.1,0.8,4.0,1150.0,0.0,0.0,0.28782608695652173
39.0,3.0,30.0,0.3,0.1,0.8,4.0,1119.0,0.0,0.0,0.289544235924933
39.0,3.0,31.0,0.3,0.1,0.8,4.0,1059.0,0.0,0.0,0.3002832861189802
39.0,3.0,32.0,0.3,0.1,0.8,4.0,1050.0,0.0,0.0,0.3
39.0,3.0,33.0,0.3,0.1,0.8,4.0,1016.0,0.0,0.0,0.3021653543307087
39.0,3.0,34.0,0.3,0.1,0.8,4.0,983.0,0.0,0.0,0.2950152594099695
39.0,3.0,35.0,0.3,0.1,0.8,4.0,963.0,0.0,0.0,0.3001038421599169
39.0,3.0,36.0,0.3,0.1,0.8,4.0,955.0,0.0,0.0,0.2963350785340314
39.0,3.0,37.0,0.3,0.1,0.8,4.0,948.0,0.0,0.0,0.30063291139240506
39.0,3.0,38.0,0.3,0.1,0.8,4.0,935.0,0.0,0.0,0.29732620320855613
39.0,3.0,39.0,0.3,0.1,0.8,4.0,928.0,0.0,0.0,0.29310344827586204
39.0,3.0,40.0,0.3,0.1,0.8,4.0,887.0,0.0,0.0,0.29537767756482525
39.0,3.0,41.0,0.3,0.1,0.8,4.0,863.0,0.0,0.0,0.2989571263035921
39.0,3.0,42.0,0.3,0.1,0.8,4.0,862.0,0.0,0.0,0.29582366589327147
39.0,3.0,43.0,0.3,0.1,0.8,4.0,850.0,0.0,0.0,0.3
39.0,3.0,44.0,0.3,0.1,0.8,4.0,837.0,0.0,0.0,0.2951015531660693
39.0,3.0,45.0,0.3,0.1,0.8,4.0,820.0,0.0,0.0,0.44878048780487806
39.0,3.0,46.0,0.3,0.1,0.8,4.0,787.0,0.0,0.0,0.4536213468869123
39.0,3.0,47.0,0.3,0.1,0.8,4.0,758.0,0.0,0.0,0.4604221635883905
39.0,3.0,48.0,0.3,0.1,0.8,4.0,738.0,0.0,0.0,0.46070460704607047
39.0,3.0,49.0,0.3,0.1,0.8,4.0,745.0,0.0,0.0,0.4590604026845638
39.0,3.0,50.0,0.3,0.1,0.8,4.0,722.0,0.0,0.0,0.4584487534626039
39.0,3.0,51.0,0.3,0.1,0.8,4.0,710.0,0.0,0.0,0.4563380281690141
39.0,3.0,52.0,0.3,0.1,0.8,4.0,695.0,0.0,0.0,0.4546762589928058
39.0,4.0,1.0,0.3,0.1,0.8,4.0,700.0,0.0,0.0,0.45571428571428574
39.0,4.0,2.0,0.3,0.1,0.8,4.0,682.0,0.0,0.0,0.45161290322580644
39.0,4.0,3.0,0.3,0.1,0.8,4.0,688.0,0.0,0.0,0.45348837209302323
39.0,4.0,4.0,0.3,0.1,0.8,4.0,671.0,0.0,0.0,0.44709388971684055
39.0,4.0,5.0,0.3,0.1,0.8,4.0,659.0,0.0,0.0,0.4537177541729894
39.0,4.0,6.0,0.3,0.1,0.8,4.0,640.0,0.0,0.0,0.446875
39.0,4.0,7.0,0.3,0.1,0.8,4.0,640.0,0.0,0.0,0.4515625
39.0,4.0,8.0,0.3,0.1,0.8,4.0,624.0,0.0,0.0,0.44871794871794873
39.0,4.0,9.0,0.3,0.1,0.8,4.0,631.0,0.0,0.0,0.45641838351822506
39.0,4.0,10.0,0.3,0.1,0.8,4.0,612.0,0.0,0.0,0.45098039215686275
39.0,4.0,11.0,0.3,0.1,0.8,4.0,620.0,0.0,0.0,0.45645161290322583
39.0,4.0,12.0,0.3,0.1,0.8,4.0,596.0,0.0,0.0,0.4463087248322148
39.0,4.0,13.0,0.3,0.1,0.8,4.0,600.0,0.0,0.0,0.455
39.0,4.0,14.0,0.3,0.1,0.8,4.0,580.0,0.0,0.0,0.4482758620689655
39.0,4.0,15.0,0.3,0.1,0.8,4.0,586.0,0.0,0.0,0.4522184300341297
39.0,4.0,16.0,0.3,0.1,0.8,4.0,575.0,0.0,0.0,0.44173913043478263
39.0,4.0,17.0,0.3,0.1,0.8,4.0,575.0,0.0,0.0,0.45217391304347826
39.0,4.0,18.0,0.3,0.1,0.8,4.0,560.0,0.0,0.0,0.44642857142857145
39.0,4.0,19.0,0.3,0.1,0.8,4.0,566.0,0.0,0.0,0.45229681978798586
39.0,4.0,20.0,0.3,0.1,0.8,4.0,1078.0,0.0,0.0,0.22820037105751392
39.0,4.0,21.0,0.3,0.1,0.8,4.0,1060.0,0.0,0.0,0.2330188679245283
39.0,4.0,22.0,0.3,0.1,0.8,4.0,1005.0,0.0,0.0,0.22587064676616916
39.0,4.0,23.0,0.3,0.1,0.8,4.0,969.0,0.0,0.0,0.23219814241486067
39.0,4.0,24.0,0.3,0.1,0.8,4.0,963.0,0.0,0.0,0.22949117341640707
39.0,4.0,25.0,0.3,0.1,0.8,4.0,947.0,0.0,0.0,0.23020063357972545
39.0,4.0,26.0,0.3,0.1,0.8,4.0,944.0,0.0,0.0,0.2298728813559322
39.0,4.0,27.0,0.3,0.1,0.8,4.0,916.0,0.0,0.0,0.23034934497816595
39.0,4.0,28.0,0.3,0.1,0.8,4.0,899.0,0.0,0.0,0.2347052280311457
39.0,4.0,29.0,0.3,0.1,0.8,4.0,877.0,0.0,0.0,0.23261117445838084
39.0,4.0,30.0,0.3,0.1,0.8,4.0,882.0,0.0,0.0,0.23469387755102042
39.0,4.0,31.0,0.3,0.1,0.8,4.0,844.0,0.0,0.0,0.23222748815165878
39.0,4.0,32.0,0.3,0.1,0.8,4.0,844.0,0.0,0.0,0.22867298578199052
39.0,4.0,33.0,0.3,0.1,0.8,4.0,829.0,0.0,0.0,0.2243667068757539
39.0,4.0,34.0,0.3,0.1,0.8,4.0,833.0,0.0,0.0,0.22569027611044418
39.0,4.0,35.0,0.3,0.1,0.8,4.0,776.0,0.0,0.0,0.22809278350515463
39.0,4.0,36.0,0.3,0.1,0.8,4.0,745.0,0.0,0.0,0.23221476510067113
39.0,4.0,37.0,0.3,0.1,0.8,4.0,705.0,0.0,0.0,0.2326241134751773
39.0,4.0,38.0,0.3,0.1,0.8,4.0,712.0,0.0,0.0,0.23174157303370788
39.0,4.0,39.0,0.3,0.1,0.8,4.0,700.0,0.0,0.0,0.23142857142857143
39.0,4.0,40.0,0.3,0.1,0.8,4.0,691.0,0.0,0.0,0.2301013024602026
39.0,4.0,41.0,0.3,0.1,0.8,4.0,682.0,0.0,0.0,0.22580645161290322
39.0,4.0,42.0,0.3,0.1,0.8,4.0,663.0,0.0,0.0,0.22926093514328807
39.0,4.0,43.0,0.3,0.1,0.8,4.0,654.0,0.0,0.0,0.22629969418960244
39.0,4.0,44.0,0.3,0.1,0.8,4.0,658.0,0.0,0.0,0.22796352583586627
39.0,4.0,45.0,0.3,0.1,0.8,4.0,652.0,0.0,0.0,0.39570552147239263
39.0,4.0,46.0,0.3,0.1,0.8,4.0,649.0,0.0,0.0,0.39907550077041604
39.0,4.0,47.0,0.3,0.1,0.8,4.0,633.0,0.0,0.0,0.39652448657187994
39.0,4.0,48.0,0.3,0.1,0.8,4.0,615.0,0.0,0.0,0.3967479674796748
39.0,4.0,49.0,0.3,0.1,0.8,4.0,606.0,0.0,0.0,0.4042904290429043
39.0,4.0,50.0,0.3,0.1,0.8,4.0,590.0,0.0,0.0,0.4033898305084746
39.0,4.0,51.0,0.3,0.1,0.8,4.0,589.0,0.0,0.0,0.41086587436332767
39.0,4.0,52.0,0.3,0.1,0.8,4.0,585.0,0.0,0.0,0.40512820512820513
39.0,5.0,1.0,0.3,0.1,0.8,4.0,586.0,0.0,0.0,0.4112627986348123
39.0,5.0,2.0,0.3,0.1,0.8,4.0,570.0,0.0,0.0,0.4087719298245614
39.0,5.0,3.0,0.3,0.1,0.8,4.0,571.0,0.0,0.0,0.4115586690017513
39.0,5.0,4.0,0.3,0.1,0.8,4.0,566.0,0.0,0.0,0.4098939929328622
39.0,5.0,5.0,0.3,0.1,0.8,4.0,562.0,0.0,0.0,0.4110320284697509
39.0,5.0,6.0,0.3,0.1,0.8,4.0,559.0,0.0,0.0,0.40966010733452596
39.0,5.0,7.0,0.3,0.1,0.8,4.0,555.0,0.0,0.0,0.4126126126126126
39.0,5.0,8.0,0.3,0.1,0.8,4.0,549.0,0.0,0.0,0.4116575591985428
39.0,5.0,9.0,0.3,0.1,0.8,4.0,533.0,0.0,0.0,0.4146341463414634
39.0,5.0,10.0,0.3,0.1,0.8,4.0,528.0,0.0,0.0,0.4147727272727273
39.0,5.0,11.0,0.3,0.1,0.8,4.0,523.0,0.0,0.0,0.4130019120458891
39.0,5.0,12.0,0.3,0.1,0.8,4.0,516.0,0.0,0.0,0.4127906976744186
39.0,5.0,13.0,0.3,0.1,0.8,4.0,516.0,0.0,0.0,0.4127906976744186
39.0,5.0,14.0,0.3,0.1,0.8,4.0,510.0,0.0,0.0,0.4137254901960784
39.0,5.0,15.0,0.3,0.1,0.8,4.0,498.0,0.0,0.0,0.41767068273092367
39.0,5.0,16.0,0.3,0.1,0.8,4.0,502.0,0.0,0.0,0.4123505976095618
39.0,5.0,17.0,0.3,0.1,0.8,4.0,486.0,0.0,0.0,0.4176954732510288
39.0,5.0,18.0,0.3,0.1,0.8,4.0,496.0,0.0,0.0,0.4112903225806452
39.0,5.0,19.0,0.3,0.1,0.8,4.0,485.0,0.0,0.0,0.41649484536082476
39.0,5.0,20.0,0.3,0.1,0.8,4.0,902.0,0.0,0.0,0.2261640798226164
39.0,5.0,21.0,0.3,0.1,0.8,4.0,835.0,0.0,0.0,0.22994011976047904
39.0,5.0,22.0,0.3,0.1,0.8,4.0,824.0,0.0,0.0,0.22572815533980584
39.0,5.0,23.0,0.3,0.1,0.8,4.0,788.0,0.0,0.0,0.23096446700507614
39.0,5.0,24.0,0.3,0.1,0.8,4.0,793.0,0.0,0.0,0.22950819672131148
39.0,5.0,25.0,0.3,0.1,0.8,4.0,757.0,0.0,0.0,0.23381770145310435
39.0,5.0,26.0,0.3,0.1,0.8,4.0,732.0,0.0,0.0,0.23633879781420766
39.0,5.0,27.0,0.3,0.1,0.8,4.0,695.0,0.0,0.0,0.2474820143884892
39.0,5.0,28.0,0.3,0.1,0.8,4.0,679.0,0.0,0.0,0.24447717231222385
39.0,5.0,29.0,0.3,0.1,0.8,4.0,655.0,0.0,0.0,0.24580152671755726
39.0,5.0,30.0,0.3,0.1,0.8,4.0,651.0,0.0,0.0,0.24270353302611367
39.0,5.0,31.0,0.3,0.1,0.8,4.0,652.0,0.0,0.0,0.24386503067484663
39.0,5.0,32.0,0.3,0.1,0.8,4.0,646.0,0.0,0.0,0.24148606811145512
39.0,5.0,33.0,0.3,0.1,0.8,4.0,621.0,0.0,0.0,0.2528180354267311
39.0,5.0,34.0,0.3,0.1,0.8,4.0,608.0,0.0,0.0,0.2532894736842105
39.0,5.0,35.0,0.3,0.1,0.8,4.0,612.0,0.0,0.0,0.2549019607843137
39.0,5.0,36.0,0.3,0.1,0.8,4.0,600.0,0.0,0.0,0.25333333333333335
39.0,5.0,37.0,0.3,0.1,0.8,4.0,592.0,0.0,0.0,0.25506756756756754
39.0,5.0,38.0,0.3,0.1,0.8,4.0,591.0,0.0,0.0,0.25549915397631134
39.0,5.0,39.0,0.3,0.1,0.8,4.0,569.0,0.0,0.0,0.2583479789103691
39.0,5.0,40.0,0.3,0.1,0.8,4.0,575.0,0.0,0.0,0.2573913043478261
39.0,5.0,41.0,0.3,0.1,0.8,4.0,555.0,0.0,0.0,0.2594594594594595
39.0,5.0,42.0,0.3,0.1,0.8,4.0,555.0,0.0,0.0,0.2594594594594595
39.0,5.0,43.0,0.3,0.1,0.8,4.0,528.0,0.0,0.0,0.2518939393939394
39.0,5.0,44.0,0.3,0.1,0.8,4.0,508.0,0.0,0.0,0.2618110236220472
39.0,5.0,45.0,0.3,0.1,0.8,4.0,491.0,0.0,0.0,0.4073319755600815
39.0,5.0,46.0,0.3,0.1,0.8,4.0,494.0,0.0,0.0,0.4068825910931174
39.0,5.0,47.0,0.3,0.1,0.8,4.0,491.0,0.0,0.0,0.40529531568228105
39.0,5.0,48.0,0.3,0.1,0.8,4.0,491.0,0.0,0.0,0.40325865580448067
39.0,5.0,49.0,0.3,0.1,0.8,4.0,485.0,0.0,0.0,0.4041237113402062
39.0,5.0,50.0,0.3,0.1,0.8,4.0,482.0,0.0,0.0,0.4024896265560166
39.0,5.0,51.0,0.3,0.1,0.8,4.0,464.0,0.0,0.0,0.41163793103448276
39.0,5.0,52.0,0.3,0.1,0.8,4.0,462.0,0.0,0.0,0.41125541125541126
39.0,6.0,1.0,0.3,0.1,0.8,4.0,459.0,0.0,0.0,0.4095860566448802
39.0,6.0,2.0,0.3,0.1,0.8,4.0,455.0,0.0,0.0,0.41318681318681316
39.0,6.0,3.0,0.3,0.1,0.8,4.0,452.0,0.0,0.0,0.415929203539823
39.0,6.0,4.0,0.3,0.1,0.8,4.0,448.0,0.0,0.0,0.41517857142857145
39.0,6.0,5.0,0.3,0.1,0.8,4.0,446.0,0.0,0.0,0.4125560538116592
39.0,6.0,6.0,0.3,0.1,0.8,4.0,442.0,0.0,0.0,0.41855203619909503
39.0,6.0,7.0,0.3,0.1,0.8,4.0,439.0,0.0,0.0,0.4214123006833713
39.0,6.0,8.0,0.3,0.1,0.8,4.0,434.0,0.0,0.0,0.42626728110599077
39.0,6.0,9.0,0.3,0.1,0.8,4.0,431.0,0.0,0.0,0.4245939675174014
39.0,6.0,10.0,0.3,0.1,0.8,4.0,430.0,0.0,0.0,0.4255813953488372
39.0,6.0,11.0,0.3,0.1,0.8,4.0,426.0,0.0,0.0,0.42488262910798125
39.0,6.0,12.0,0.3,0.1,0.8,4.0,427.0,0.0,0.0,0.42857142857142855
39.0,6.0,13.0,0.3,0.1,0.8,4.0,419.0,0.0,0.0,0.42482100238663484
39.0,6.0,14.0,0.3,0.1,0.8,4.0,419.0,0.0,0.0,0.4295942720763723
39.0,6.0,15.0,0.3,0.1,0.8,4.0,415.0,0.0,0.0,0.42650602409638555
39.0,6.0,16.0,0.3,0.1,0.8,4.0,418.0,0.0,0.0,0.42822966507177035
39.0,6.0,17.0,0.3,0.1,0.8,4.0,411.0,0.0,0.0,0.4306569343065693
39.0,6.0,18.0,0.3,0.1,0.8,4.0,410.0,0.0,0.0,0.4317073170731707
39.0,6.0,19.0,0.3,0.1,0.8,4.0,401.0,0.0,0.0,0.42643391521197005
39.0,6.0,20.0,0.3,0.1,0.8,4.0,723.0,0.0,0.0,0.2392807745504841
39.0,6.0,21.0,0.3,0.1,0.8,4.0,699.0,0.0,0.0,0.24177396280400573
39.0,6.0,22.0,0.3,0.1,0.8,4.0,709.0,0.0,0.0,0.24118476727785615
39.0,6.0,23.0,0.3,0.1,0.8,4.0,698.0,0.0,0.0,0.24068767908309455
39.0,6.0,24.0,0.3,0.1,0.8,4.0,704.0,0.0,0.0,0.23863636363636365
39.0,6.0,25.0,0.3,0.1,0.8,4.0,665.0,0.0,0.0,0.24511278195488723
39.0,6.0,26.0,0.3,0.1,0.8,4.0,674.0,0.0,0.0,0.24480712166172106
39.0,6.0,27.0,0.3,0.1,0.8,4.0,662.0,0.0,0.0,0.24622356495468278
39.0,6.0,28.0,0.3,0.1,0.8,4.0,656.0,0.0,0.0,0.24695121951219512
39.0,6.0,29.0,0.3,0.1,0.8,4.0,617.0,0.0,0.0,0.25121555915721233
39.0,6.0,30.0,0.3,0.1,0.8,4.0,585.0,0.0,0.0,0.2564102564102564
39.0,6.0,31.0,0.3,0.1,0.8,4.0,574.0,0.0,0.0,0.25609756097560976
39.0,6.0,32.0,0.3,0.1,0.8,4.0,584.0,0.0,0.0,0.2551369863013699
39.0,6.0,33.0,0.3,0.1,0.8,4.0,571.0,0.0,0.0,0.2574430823117338
39.0,6.0,34.0,0.3,0.1,0.8,4.0,572.0,0.0,0.0,0.256993006993007
39.0,6.0,35.0,0.3,0.1,0.8,4.0,560.0,0.0,0.0,0.25357142857142856
39.0,6.0,36.0,0.3,0.1,0.8,4.0,563.0,0.0,0.0,0.24866785079928952
39.0,6.0,37.0,0.3,0.1,0.8,4.0,537.0,0.0,0.0,0.2532588454376164
39.0,6.0,38.0,0.3,0.1,0.8,4.0,522.0,0.0,0.0,0.2509578544061303
39.0,6.0,39.0,0.3,0.1,0.8,4.0,519.0,0.0,0.0,0.25626204238921
39.0,6.0,40.0,0.3,0.1,0.8,4.0,507.0,0.0,0.0,0.2564102564102564
39.0,6.0,41.0,0.3,0.1,0.8,4.0,516.0,0.0,0.0,0.2558139534883721
39.0,6.0,42.0,0.3,0.1,0.8,4.0,507.0,0.0,0.0,0.2564102564102564
39.0,6.0,43.0,0.3,0.1,0.8,4.0,516.0,0.0,0.0,0.2558139534883721
39.0,6.0,44.0,0.3,0.1,0.8,4.0,506.0,0.0,0.0,0.2549407114624506
39.0,6.0,45.0,0.3,0.1,0.8,4.0,511.0,0.0,0.0,0.4383561643835616
39.0,6.0,46.0,0.3,0.1,0.8,4.0,480.0,0.0,0.0,0.4354166666666667
39.0,6.0,47.0,0.3,0.1,0.8,4.0,485.0,0.0,0.0,0.4350515463917526
39.0,6.0,48.0,0.3,0.1,0.8,4.0,477.0,0.0,0.0,0.4360587002096436
39.0,6.0,49.0,0.3,0.1,0.8,4.0,486.0,0.0,0.0,0.43621399176954734
39.0,6.0,50.0,0.3,0.1,0.8,4.0,473.0,0.0,0.0,0.4334038054968288
39.0,6.0,51.0,0.3,0.1,0.8,4.0,481.0,0.0,0.0,0.43243243243243246
39.0,6.0,52.0,0.3,0.1,0.8,4.0,470.0,0.0,0.0,0.4319148936170213
39.0,7.0,1.0,0.3,0.1,0.8,4.0,466.0,0.0,0.0,0.43776824034334766
39.0,7.0,2.0,0.3,0.1,0.8,4.0,457.0,0.0,0.0,0.437636761487965
39.0,7.0,3.0,0.3,0.1,0.8,4.0,464.0,0.0,0.0,0.4396551724137931
39.0,7.0,4.0,0.3,0.1,0.8,4.0,456.0,0.0,0.0,0.43859649122807015
39.0,7.0,5.0,0.3,0.1,0.8,4.0,464.0,0.0,0.0,0.4396551724137931
39.0,7.0,6.0,0.3,0.1,0.8,4.0,451.0,0.0,0.0,0.43680709534368073
39.0,7.0,7.0,0.3,0.1,0.8,4.0,459.0,0.0,0.0,0.43790849673202614
39.0,7.0,8.0,0.3,0.1,0.8,4.0,449.0,0.0,0.0,0.43429844097995546
39.0,7.0,9.0,0.3,0.1,0.8,4.0,451.0,0.0,0.0,0.44124168514412415
39.0,7.0,10.0,0.3,0.1,0.8,4.0,446.0,0.0,0.0,0.437219730941704
39.0,7.0,11.0,0.3,0.1,0.8,4.0,448.0,0.0,0.0,0.44419642857142855
39.0,7.0,12.0,0.3,0.1,0.8,4.0,443.0,0.0,0.0,0.43792325056433407
39.0,7.0,13.0,0.3,0.1,0.8,4.0,446.0,0.0,0.0,0.4439461883408072
39.0,7.0,14.0,0.3,0.1,0.8,4.0,442.0,0.0,0.0,0.43891402714932126
39.0,7.0,15.0,0.3,0.1,0.8,4.0,445.0,0.0,0.0,0.4449438202247191
39.0,7.0,16.0,0.3,0.1,0.8,4.0,439.0,0.0,0.0,0.4419134396355353
39.0,7.0,17.0,0.3,0.1,0.8,4.0,441.0,0.0,0.0,0.4489795918367347
39.0,7.0,18.0,0.3,0.1,0.8,4.0,436.0,0.0,0.0,0.44495412844036697
39.0,7.0,19.0,0.3,0.1,0.8,4.0,440.0,0.0,0.0,0.45
39.0,7.0,20.0,0.3,0.1,0.8,4.0,792.0,0.0,0.0,0.24494949494949494
39.0,7.0,21.0,0.3,0.1,0.8,4.0,773.0,0.0,0.0,0.24579560155239327
39.0,7.0,22.0,0.3,0.1,0.8,4.0,762.0,0.0,0.0,0.24146981627296588
39.0,7.0,23.0,0.3,0.1,0.8,4.0,746.0,0.0,0.0,0.24932975871313673
39.0,7.0,24.0,0.3,0.1,0.8,4.0,715.0,0.0,0.0,0.24755244755244754
39.0,7.0,25.0,0.3,0.1,0.8,4.0,710.0,0.0,0.0,0.2535211267605634
39.0,7.0,26.0,0.3,0.1,0.8,4.0,698.0,0.0,0.0,0.2521489971346705
39.0,7.0,27.0,0.3,0.1,0.8,4.0,694.0,0.0,0.0,0.25504322766570603
39.0,7.0,28.0,0.3,0.1,0.8,4.0,635.0,0.0,0.0,0.262992125984252
39.0,7.0,29.0,0.3,0.1,0.8,4.0,628.0,0.0,0.0,0.2659235668789809
39.0,7.0,30.0,0.3,0.1,0.8,4.0,620.0,0.0,0.0,0.2629032258064516
39.0,7.0,31.0,0.3,0.1,0.8,4.0,628.0,0.0,0.0,0.2659235668789809
39.0,7.0,32.0,0.3,0.1,0.8,4.0,606.0,0.0,0.0,0.264026402640264
39.0,7.0,33.0,0.3,0.1,0.8,4.0,611.0,0.0,0.0,0.2635024549918167
39.0,7.0,34.0,0.3,0.1,0.8,4.0,599.0,0.0,0.0,0.2604340567612688
39.0,7.0,35.0,0.3,0.1,0.8,4.0,596.0,0.0,0.0,0.26174496644295303
39.0,7.0,36.0,0.3,0.1,0.8,4.0,515.0,0.0,0.0,0.26796116504854367
39.0,7.0,37.0,0.3,0.1,0.8,4.0,505.0,0.0,0.0,0.2732673267326733
39.0,7.0,38.0,0.3,0.1,0.8,4.0,475.0,0.0,0.0,0.27157894736842103
39.0,7.0,39.0,0.3,0.1,0.8,4.0,477.0,0.0,0.0,0.27253668763102723
39.0,7.0,40.0,0.3,0.1,0.8,4.0,470.0,0.0,0.0,0.2723404255319149
39.0,7.0,41.0,0.3,0.1,0.8,4.0,472.0,0.0,0.0,0.2733050847457627
39.0,7.0,42.0,0.3,0.1,0.8,4.0,469.0,0.0,0.0,0.27078891257995735
39.0,7.0,43.0,0.3,0.1,0.8,4.0,471.0,0.0,0.0,0.27176220806794055
39.0,7.0,44.0,0.3,0.1,0.8,4.0,458.0,0.0,0.0,0.27074235807860264
39.0,7.0,45.0,0.3,0.1,0.8,4.0,459.0,0.0,0.0,0.4422657952069717
39.0,7.0,46.0,0.3,0.1,0.8,4.0,457.0,0.0,0.0,0.43982494529540483
39.0,7.0,47.0,0.3,0.1,0.8,4.0,459.0,0.0,0.0,0.4422657952069717
39.0,7.0,48.0,0.3,0.1,0.8,4.0,457.0,0.0,0.0,0.43982494529540483
39.0,7.0,49.0,0.3,0.1,0.8,4.0,459.0,0.0,0.0,0.4422657952069717
39.0,7.0,50.0,0.3,0.1,0.8,4.0,444.0,0.0,0.0,0.44819819819819817
39.0,7.0,51.0,0.3,0.1,0.8,4.0,447.0,0.0,0.0,0.44966442953020136
39.0,7.0,52.0,0.3,0.1,0.8,4.0,442.0,0.0,0.0,0.4457013574660634
39.0,8.0,1.0,0.3,0.1,0.8,4.0,445.0,0.0,0.0,0.44719101123595506
39.0,8.0,2.0,0.3,0.1,0.8,4.0,441.0,0.0,0.0,0.4467120181405896
39.0,8.0,3.0,0.3,0.1,0.8,4.0,444.0,0.0,0.0,0.44819819819819817
39.0,8.0,4.0,0.3,0.1,0.8,4.0,428.0,0.0,0.0,0.4485981308411215
39.0,8.0,5.0,0.3,0.1,0.8,4.0,431.0,0.0,0.0,0.45011600928074247
39.0,8.0,6.0,0.3,0.1,0.8,4.0,426.0,0.0,0.0,0.44835680751173707
39.0,8.0,7.0,0.3,0.1,0.8,4.0,429.0,0.0,0.0,0.44988344988344986
39.0,8.0,8.0,0.3,0.1,0.8,4.0,423.0,0.0,0.0,0.4515366430260047
39.0,8.0,9.0,0.3,0.1,0.8,4.0,425.0,0.0,0.0,0.44941176470588234
39.0,8.0,10.0,0.3,0.1,0.8,4.0,421.0,0.0,0.0,0.4513064133016627
39.0,8.0,11.0,0.3,0.1,0.8,4.0,424.0,0.0,0.0,0.45047169811320753
39.0,8.0,12.0,0.3,0.1,0.8,4.0,420.0,0.0,0.0,0.4523809523809524
39.0,8.0,13.0,0.3,0.1,0.8,4.0,421.0,0.0,0.0,0.45368171021377673
39.0,8.0,14.0,0.3,0.1,0.8,4.0,416.0,0.0,0.0,0.4567307692307692
39.0,8.0,15.0,0.3,0.1,0.8,4.0,418.0,0.0,0.0,0.4569377990430622
39.0,8.0,16.0,0.3,0.1,0.8,4.0,412.0,0.0,0.0,0.4587378640776699
39.0,8.0,17.0,0.3,0.1,0.8,4.0,413.0,0.0,0.0,0.4576271186440678
39.0,8.0,18.0,0.3,0.1,0.8,4.0,409.0,0.0,0.0,0.45965770171149145
39.0,8.0,19.0,0.3,0.1,0.8,4.0,412.0,0.0,0.0,0.4587378640776699
39.0,8.0,20.0,0.3,0.1,0.8,4.0,717.0,0.0,0.0,0.26220362622036264
39.0,8.0,21.0,0.3,0.1,0.8,4.0,690.0,0.0,0.0,0.26521739130434785
39.0,8.0,22.0,0.3,0.1,0.8,4.0,676.0,0.0,0.0,0.2692307692307692
39.0,8.0,23.0,0.3,0.1,0.8,4.0,673.0,0.0,0.0,0.2659732540861813
39.0,8.0,24.0,0.3,0.1,0.8,4.0,665.0,0.0,0.0,0.26917293233082706
39.0,8.0,25.0,0.3,0.1,0.8,4.0,661.0,0.0,0.0,0.2692889561270802
39.0,8.0,26.0,0.3,0.1,0.8,4.0,638.0,0.0,0.0,0.2774294670846395
39.0,8.0,27.0,0.3,0.1,0.8,4.0,646.0,0.0,0.0,0.2739938080495356
39.0,8.0,28.0,0.3,0.1,0.8,4.0,625.0,0.0,0.0,0.2816
39.0,8.0,29.0,0.3,0.1,0.8,4.0,591.0,0.0,0.0,0.28426395939086296
39.0,8.0,30.0,0.3,0.1,0.8,4.0,569.0,0.0,0.0,0.29349736379613356
39.0,8.0,31.0,0.3,0.1,0.8,4.0,576.0,0.0,0.0,0.2899305555555556
39.0,8.0,32.0,0.3,0.1,0.8,4.0,568.0,0.0,0.0,0.29401408450704225
39.0,8.0,33.0,0.3,0.1,0.8,4.0,558.0,0.0,0.0,0.2992831541218638
39.0,8.0,34.0,0.3,0.1,0.8,4.0,550.0,0.0,0.0,0.30363636363636365
39.0,8.0,35.0,0.3,0.1,0.8,4.0,534.0,0.0,0.0,0.3052434456928839
39.0,8.0,36.0,0.3,0.1,0.8,4.0,515.0,0.0,0.0,0.312621359223301
39.0,8.0,37.0,0.3,0.1,0.8,4.0,523.0,0.0,0.0,0.3078393881453155
39.0,8.0,38.0,0.3,0.1,0.8,4.0,515.0,0.0,0.0,0.312621359223301
39.0,8.0,39.0,0.3,0.1,0.8,4.0,523.0,0.0,0.0,0.3078393881453155
39.0,8.0,40.0,0.3,0.1,0.8,4.0,515.0,0.0,0.0,0.312621359223301
39.0,8.0,41.0,0.3,0.1,0.8,4.0,522.0,0.0,0.0,0.30842911877394635
39.0,8.0,42.0,0.3,0.1,0.8,4.0,514.0,0.0,0.0,0.3132295719844358
39.0,8.0,43.0,0.3,0.1,0.8,4.0,522.0,0.0,0.0,0.30842911877394635
39.0,8.0,44.0,0.3,0.1,0.8,4.0,501.0,0.0,0.0,0.3153692614770459
39.0,8.0,45.0,0.3,0.1,0.8,4.0,511.0,0.0,0.0,0.45401174168297453
39.0,8.0,46.0,0.3,0.1,0.8,4.0,501.0,0.0,0.0,0.4550898203592814
39.0,8.0,47.0,0.3,0.1,0.8,4.0,511.0,0.0,0.0,0.45401174168297453
39.0,8.0,48.0,0.3,0.1,0.8,4.0,501.0,0.0,0.0,0.4550898203592814
39.0,8.0,49.0,0.3,0.1,0.8,4.0,499.0,0.0,0.0,0.45691382765531063
39.0,8.0,50.0,0.3,0.1,0.8,4.0,487.0,0.0,0.0,0.45790554414784396
39.0,8.0,51.0,0.3,0.1,0.8,4.0,495.0,0.0,0.0,0.46060606060606063
39.0,8.0,52.0,0.3,0.1,0.8,4.0,486.0,0.0,0.0,0.4567901234567901
39.0,9.0,1.0,0.3,0.1,0.8,4.0,491.0,0.0,0.0,0.45824847250509165
39.0,9.0,2.0,0.3,0.1,0.8,4.0,484.0,0.0,0.0,0.45661157024793386
39.0,9.0,3.0,0.3,0.1,0.8,4.0,490.0,0.0,0.0,0.45714285714285713
39.0,9.0,4.0,0.3,0.1,0.8,4.0,484.0,0.0,0.0,0.45661157024793386
39.0,9.0,5.0,0.3,0.1,0.8,4.0,477.0,0.0,0.0,0.4591194968553459
39.0,9.0,6.0,0.3,0.1,0.8,4.0,470.0,0.0,0.0,0.4595744680851064
39.0,9.0,7.0,0.3,0.1,0.8,4.0,476.0,0.0,0.0,0.46008403361344535
39.0,9.0,8.0,0.3,0.1,0.8,4.0,469.0,0.0,0.0,0.4584221748400853
39.0,9.0,9.0,0.3,0.1,0.8,4.0,473.0,0.0,0.0,0.4608879492600423
39.0,9.0,10.0,0.3,0.1,0.8,4.0,466.0,0.0,0.0,0.4613733905579399
39.0,9.0,11.0,0.3,0.1,0.8,4.0,472.0,0.0,0.0,0.461864406779661
39.0,9.0,12.0,0.3,0.1,0.8,4.0,465.0,0.0,0.0,0.46236559139784944
39.0,9.0,13.0,0.3,0.1,0.8,4.0,470.0,0.0,0.0,0.46382978723404256
39.0,9.0,14.0,0.3,0.1,0.8,4.0,458.0,0.0,0.0,0.46943231441048033
39.0,9.0,15.0,0.3,0.1,0.8,4.0,462.0,0.0,0.0,0.47186147186147187
39.0,9.0,16.0,0.3,0.1,0.8,4.0,456.0,0.0,0.0,0.47149122807017546
39.0,9.0,17.0,0.3,0.1,0.8,4.0,461.0,0.0,0.0,0.47288503253796094
39.0,9.0,18.0,0.3,0.1,0.8,4.0,454.0,0.0,0.0,0.473568281938326
39.0,9.0,19.0,0.3,0.1,0.8,4.0,459.0,0.0,0.0,0.4749455337690632
39.0,9.0,20.0,0.3,0.1,0.8,4.0,774.0,0.0,0.0,0.2648578811369509
39.0,9.0,21.0,0.3,0.1,0.8,4.0,738.0,0.0,0.0,0.2682926829268293
39.0,9.0,22.0,0.3,0.1,0.8,4.0,704.0,0.0,0.0,0.2727272727272727
39.0,9.0,23.0,0.3,0.1,0.8,4.0,714.0,0.0,0.0,0.27450980392156865
39.0,9.0,24.0,0.3,0.1,0.8,4.0,703.0,0.0,0.0,0.27311522048364156
39.0,9.0,25.0,0.3,0.1,0.8,4.0,709.0,0.0,0.0,0.2764456981664316
39.0,9.0,26.0,0.3,0.1,0.8,4.0,670.0,0.0,0.0,0.28059701492537314
39.0,9.0,27.0,0.3,0.1,0.8,4.0,676.0,0.0,0.0,0.2869822485207101
39.0,9.0,28.0,0.3,0.1,0.8,4.0,668.0,0.0,0.0,0.281437125748503
39.0,9.0,29.0,0.3,0.1,0.8,4.0,678.0,0.0,0.0,0.2861356932153392
39.0,9.0,30.0,0.3,0.1,0.8,4.0,666.0,0.0,0.0,0.2822822822822823
39.0,9.0,31.0,0.3,0.1,0.8,4.0,678.0,0.0,0.0,0.2861356932153392
39.0,9.0,32.0,0.3,0.1,0.8,4.0,642.0,0.0,0.0,0.2819314641744548
39.0,9.0,33.0,0.3,0.1,0.8,4.0,642.0,0.0,0.0,0.29127725856697817
39.0,9.0,34.0,0.3,0.1,0.8,4.0,630.0,0.0,0.0,0.2873015873015873
39.0,9.0,35.0,0.3,0.1,0.8,4.0,610.0,0.0,0.0,0.3
39.0,9.0,36.0,0.3,0.1,0.8,4.0,578.0,0.0,0.0,0.3044982698961938
39.0,9.0,37.0,0.3,0.1,0.8,4.0,589.0,0.0,0.0,0.3073005093378608
39.0,9.0,38.0,0.3,0.1,0.8,4.0,566.0,0.0,0.0,0.30742049469964666
39.0,9.0,39.0,0.3,0.1,0.8,4.0,557.0,0.0,0.0,0.3177737881508079
39.0,9.0,40.0,0.3,0.1,0.8,4.0,540.0,0.0,0.0,0.31851851851851853
39.0,9.0,41.0,0.3,0.1,0.8,4.0,539.0,0.0,0.0,0.3228200371057514
39.0,9.0,42.0,0.3,0.1,0.8,4.0,529.0,0.0,0.0,0.32136105860113423
39.0,9.0,43.0,0.3,0.1,0.8,4.0,539.0,0.0,0.0,0.3228200371057514
39.0,9.0,44.0,0.3,0.1,0.8,4.0,529.0,0.0,0.0,0.32136105860113423
39.0,9.0,45.0,0.3,0.1,0.8,4.0,528.0,0.0,0.0,0.4753787878787879
39.0,9.0,46.0,0.3,0.1,0.8,4.0,528.0,0.0,0.0,0.4753787878787879
39.0,9.0,47.0,0.3,0.1,0.8,4.0,526.0,0.0,0.0,0.47718631178707227
39.0,9.0,48.0,0.3,0.1,0.8,4.0,513.0,0.0,0.0,0.4756335282651072
39.0,9.0,49.0,0.3,0.1,0.8,4.0,512.0,0.0,0.0,0.4765625
39.0,9.0,50.0,0.3,0.1,0.8,4.0,512.0,0.0,0.0,0.4765625
39.0,9.0,51.0,0.3,0.1,0.8,4.0,509.0,0.0,0.0,0.4774066797642436
39.0,9.0,52.0,0.3,0.1,0.8,4.0,511.0,0.0,0.0,0.4774951076320939
39.0,10.0,1.0,0.3,0.1,0.8,4.0,509.0,0.0,0.0,0.4774066797642436
39.0,10.0,2.0,0.3,0.1,0.8,4.0,509.0,0.0,0.0,0.4774066797642436
39.0,10.0,3.0,0.3,0.1,0.8,4.0,508.0,0.0,0.0,0.47834645669291337
39.0,10.0,4.0,0.3,0.1,0.8,4.0,497.0,0.0,0.0,0.4788732394366197
39.0,10.0,5.0,0.3,0.1,0.8,4.0,497.0,0.0,0.0,0.4788732394366197
39.0,10.0,6.0,0.3,0.1,0.8,4.0,497.0,0.0,0.0,0.4788732394366197
39.0,10.0,7.0,0.3,0.1,0.8,4.0,497.0,0.0,0.0,0.4788732394366197
39.0,10.0,8.0,0.3,0.1,0.8,4.0,495.0,0.0,0.0,0.4808080808080808
39.0,10.0,9.0,0.3,0.1,0.8,4.0,491.0,0.0,0.0,0.48268839103869654
39.0,10.0,10.0,0.3,0.1,0.8,4.0,491.0,0.0,0.0,0.48268839103869654
39.0,10.0,11.0,0.3,0.1,0.8,4.0,489.0,0.0,0.0,0.48261758691206547
39.0,10.0,12.0,0.3,0.1,0.8,4.0,491.0,0.0,0.0,0.48268839103869654
39.0,10.0,13.0,0.3,0.1,0.8,4.0,488.0,0.0,0.0,0.48360655737704916
39.0,10.0,14.0,0.3,0.1,0.8,4.0,488.0,0.0,0.0,0.48565573770491804
39.0,10.0,15.0,0.3,0.1,0.8,4.0,475.0,0.0,0.0,0.4863157894736842
39.0,10.0,16.0,0.3,0.1,0.8,4.0,477.0,0.0,0.0,0.4863731656184486
39.0,10.0,17.0,0.3,0.1,0.8,4.0,473.0,0.0,0.0,0.48625792811839325
39.0,10.0,18.0,0.3,0.1,0.8,4.0,475.0,0.0,0.0,0.4863157894736842
39.0,10.0,19.0,0.3,0.1,0.8,4.0,471.0,0.0,0.0,0.4883227176220807
39.0,10.0,20.0,0.3,0.1,0.8,4.0,837.0,0.0,0.0,0.26642771804062126
39.0,10.0,21.0,0.3,0.1,0.8,4.0,804.0,0.0,0.0,0.2736318407960199
39.0,10.0,22.0,0.3,0.1,0.8,4.0,810.0,0.0,0.0,0.27037037037037037
39.0,10.0,23.0,0.3,0.1,0.8,4.0,803.0,0.0,0.0,0.2752179327521793
39.0,10.0,24.0,0.3,0.1,0.8,4.0,744.0,0.0,0.0,0.27419354838709675
39.0,10.0,25.0,0.3,0.1,0.8,4.0,708.0,0.0,0.0,0.2853107344632768
39.0,10.0,26.0,0.3,0.1,0.8,4.0,702.0,0.0,0.0,0.28205128205128205
39.0,10.0,27.0,0.3,0.1,0.8,4.0,708.0,0.0,0.0,0.2853107344632768
39.0,10.0,28.0,0.3,0.1,0.8,4.0,690.0,0.0,0.0,0.2811594202898551
39.0,10.0,29.0,0.3,0.1,0.8,4.0,665.0,0.0,0.0,0.28721804511278193
39.0,10.0,30.0,0.3,0.1,0.8,4.0,643.0,0.0,0.0,0.28771384136858474
39.0,10.0,31.0,0.3,0.1,0.8,4.0,638.0,0.0,0.0,0.29310344827586204
39.0,10.0,32.0,0.3,0.1,0.8,4.0,626.0,0.0,0.0,0.29233226837060705
39.0,10.0,33.0,0.3,0.1,0.8,4.0,635.0,0.0,0.0,0.29448818897637796
39.0,10.0,34.0,0.3,0.1,0.8,4.0,625.0,0.0,0.0,0.2928
39.0,10.0,35.0,0.3,0.1,0.8,4.0,623.0,0.0,0.0,0.2969502407704655
39.0,10.0,36.0,0.3,0.1,0.8,4.0,588.0,0.0,0.0,0.3010204081632653
39.0,10.0,37.0,0.3,0.1,0.8,4.0,573.0,0.0,0.0,0.3089005235602094
39.0,10.0,38.0,0.3,0.1,0.8,4.0,564.0,0.0,0.0,0.3067375886524823
39.0,10.0,39.0,0.3,0.1,0.8,4.0,549.0,0.0,0.0,0.3132969034608379
39.0,10.0,40.0,0.3,0.1,0.8,4.0,538.0,0.0,0.0,0.31226765799256506
39.0,10.0,41.0,0.3,0.1,0.8,4.0,525.0,0.0,0.0,0.32571428571428573
39.0,10.0,42.0,0.3,0.1,0.8,4.0,504.0,0.0,0.0,0.3273809523809524
39.0,10.0,43.0,0.3,0.1,0.8,4.0,511.0,0.0,0.0,0.3287671232876712
39.0,10.0,44.0,0.3,0.1,0.8,4.0,501.0,0.0,0.0,0.3273453093812375
39.0,10.0,45.0,0.3,0.1,0.8,4.0,511.0,0.0,0.0,0.4657534246575342
39.0,10.0,46.0,0.3,0.1,0.8,4.0,502.0,0.0,0.0,0.46613545816733065
39.0,10.0,47.0,0.3,0.1,0.8,4.0,511.0,0.0,0.0,0.4657534246575342
39.0,10.0,48.0,0.3,0.1,0.8,4.0,502.0,0.0,0.0,0.46613545816733065
39.0,10.0,49.0,0.3,0.1,0.8,4.0,510.0,0.0,0.0,0.4666666666666667
39.0,10.0,50.0,0.3,0.1,0.8,4.0,501.0,0.0,0.0,0.46706586826347307
39.0,10.0,51.0,0.3,0.1,0.8,4.0,510.0,0.0,0.0,0.4666666666666667
39.0,10.0,52.0,0.3,0.1,0.8,4.0,498.0,0.0,0.0,0.46987951807228917
40.0,1.0,1.0,0.3,0.1,0.8,4.0,5124.0,46.0,10.0,0.29586260733801717
40.0,1.0,2.0,0.3,0.1,0.8,4.0,5068.0,51.0,23.0,0.2945935280189424
40.0,1.0,3.0,0.3,0.1,0.8,4.0,5006.0,70.0,32.0,0.2954454654414702
40.0,1.0,4.0,0.3,0.1,0.8,4.0,4951.0,89.0,32.0,0.2963037770147445
40.0,1.0,5.0,0.3,0.1,0.8,4.0,4955.0,91.0,35.0,0.29788092835519675
40.0,1.0,6.0,0.3,0.1,0.8,4.0,4812.0,99.0,47.0,0.29779717373233583
40.0,1.0,7.0,0.3,0.1,0.8,4.0,4710.0,110.0,54.0,0.29851380042462844
40.0,1.0,8.0,0.3,0.1,0.8,4.0,4602.0,136.0,50.0,0.3013906996957844
40.0,1.0,9.0,0.3,0.1,0.8,4.0,4419.0,133.0,55.0,0.30323602625028284
40.0,1.0,10.0,0.3,0.1,0.8,4.0,4320.0,135.0,62.0,0.30162037037037037
40.0,1.0,11.0,0.3,0.1,0.8,4.0,4177.0,143.0,61.0,0.303806559731865
40.0,1.0,12.0,0.3,0.1,0.8,4.0,4043.0,141.0,56.0,0.3049715557754143
40.0,1.0,13.0,0.3,0.1,0.8,4.0,3924.0,144.0,61.0,0.3073394495412844
40.0,1.0,14.0,0.3,0.1,0.8,4.0,3851.0,151.0,70.0,0.3077122825240197
40.0,1.0,15.0,0.3,0.1,0.8,4.0,3754.0,155.0,73.0,0.31140117208311135
40.0,1.0,16.0,0.3,0.1,0.8,4.0,3618.0,152.0,65.0,0.31205085682697625
40.0,1.0,17.0,0.3,0.1,0.8,4.0,3479.0,161.0,68.0,0.3135958608795631
40.0,1.0,18.0,0.3,0.1,0.8,4.0,3419.0,153.0,73.0,0.3158818367943843
40.0,1.0,19.0,0.3,0.1,0.8,4.0,3355.0,159.0,80.0,0.31833084947839047
40.0,1.0,20.0,0.3,0.1,0.8,4.0,6128.0,160.0,87.0,0.17281331592689295
40.0,1.0,21.0,0.3,0.1,0.8,4.0,5634.0,178.0,71.0,0.1757188498402556
40.0,1.0,22.0,0.3,0.1,0.8,4.0,5268.0,209.0,68.0,0.17482915717539863
40.0,1.0,23.0,0.3,0.1,0.8,4.0,5053.0,208.0,78.0,0.1777162081931526
40.0,1.0,24.0,0.3,0.1,0.8,4.0,4775.0,237.0,92.0,0.1807329842931937
40.0,1.0,25.0,0.3,0.1,0.8,4.0,4624.0,270.0,110.0,0.18209342560553632
40.0,1.0,26.0,0.3,0.1,0.8,4.0,4440.0,286.0,108.0,0.18468468468468469
40.0,1.0,27.0,0.3,0.1,0.8,4.0,4260.0,305.0,121.0,0.18732394366197183
40.0,1.0,28.0,0.3,0.1,0.8,4.0,4118.0,311.0,134.0,0.18892666342884895
40.0,1.0,29.0,0.3,0.1,0.8,4.0,3878.0,334.0,141.0,0.1964930376482723
40.0,1.0,30.0,0.3,0.1,0.8,4.0,3715.0,352.0,145.0,0.19865410497981156
40.0,1.0,31.0,0.3,0.1,0.8,4.0,3526.0,337.0,158.0,0.20561542824730572
40.0,1.0,32.0,0.3,0.1,0.8,4.0,3440.0,345.0,163.0,0.2069767441860465
40.0,1.0,33.0,0.3,0.1,0.8,4.0,3320.0,358.0,170.0,0.21385542168674698
40.0,1.0,34.0,0.3,0.1,0.8,4.0,3174.0,351.0,152.0,0.21833648393194707
40.0,1.0,35.0,0.3,0.1,0.8,4.0,3062.0,349.0,164.0,0.2240365774003919
40.0,1.0,36.0,0.3,0.1,0.8,4.0,2918.0,358.0,155.0,0.227553118574366
40.0,1.0,37.0,0.3,0.1,0.8,4.0,2787.0,351.0,164.0,0.2357373519913886
40.0,1.0,38.0,0.3,0.1,0.8,4.0,2638.0,348.0,143.0,0.24564063684609552
40.0,1.0,39.0,0.3,0.1,0.8,4.0,2429.0,325.0,145.0,0.25607245780156446
40.0,1.0,40.0,0.3,0.1,0.8,4.0,2332.0,300.0,145.0,0.26157804459691253
40.0,1.0,41.0,0.3,0.1,0.8,4.0,2244.0,308.0,156.0,0.267825311942959
40.0,1.0,42.0,0.3,0.1,0.8,4.0,2139.0,300.0,143.0,0.2767648433847592
40.0,1.0,43.0,0.3,0.1,0.8,4.0,2059.0,288.0,139.0,0.2855755220981059
40.0,1.0,44.0,0.3,0.1,0.8,4.0,1987.0,283.0,136.0,0.2939104177151485
40.0,1.0,45.0,0.3,0.1,0.8,4.0,1902.0,270.0,146.0,0.4747634069400631
40.0,1.0,46.0,0.3,0.1,0.8,4.0,1842.0,240.0,128.0,0.4799131378935939
40.0,1.0,47.0,0.3,0.1,0.8,4.0,1768.0,213.0,117.0,0.4847285067873303
40.0,1.0,48.0,0.3,0.1,0.8,4.0,1687.0,182.0,95.0,0.49318316538233553
40.0,1.0,49.0,0.3,0.1,0.8,4.0,1615.0,156.0,84.0,0.49597523219814244
40.0,1.0,50.0,0.3,0.1,0.8,4.0,1579.0,140.0,76.0,0.5047498416719443
40.0,1.0,51.0,0.3,0.1,0.8,4.0,1538.0,134.0,69.0,0.5136540962288687
40.0,1.0,52.0,0.3,0.1,0.8,4.0,1503.0,117.0,71.0,0.5229540918163673
40.0,2.0,1.0,0.3,0.1,0.8,4.0,1466.0,102.0,60.0,0.5266030013642565
40.0,2.0,2.0,0.3,0.1,0.8,4.0,1431.0,91.0,50.0,0.5310971348707197
40.0,2.0,3.0,0.3,0.1,0.8,4.0,1384.0,80.0,42.0,0.5411849710982659
40.0,2.0,4.0,0.3,0.1,0.8,4.0,1340.0,71.0,37.0,0.5432835820895522
40.0,2.0,5.0,0.3,0.1,0.8,4.0,1322.0,70.0,36.0,0.5468986384266263
40.0,2.0,6.0,0.3,0.1,0.8,4.0,1301.0,59.0,28.0,0.5534204458109147
40.0,2.0,7.0,0.3,0.1,0.8,4.0,1262.0,52.0,28.0,0.5570522979397782
40.0,2.0,8.0,0.3,0.1,0.8,4.0,1254.0,46.0,26.0,0.5582137161084529
40.0,2.0,9.0,0.3,0.1,0.8,4.0,1233.0,41.0,22.0,0.5644768856447688
40.0,2.0,10.0,0.3,0.1,0.8,4.0,1218.0,30.0,18.0,0.5689655172413793
40.0,2.0,11.0,0.3,0.1,0.8,4.0,1205.0,36.0,18.0,0.5726141078838174
40.0,2.0,12.0,0.3,0.1,0.8,4.0,1197.0,31.0,16.0,0.5739348370927319
40.0,2.0,13.0,0.3,0.1,0.8,4.0,1183.0,31.0,19.0,0.5781910397295013
40.0,2.0,14.0,0.3,0.1,0.8,4.0,1168.0,27.0,19.0,0.5787671232876712
40.0,2.0,15.0,0.3,0.1,0.8,4.0,1139.0,26.0,15.0,0.5856014047410009
40.0,2.0,16.0,0.3,0.1,0.8,4.0,1139.0,17.0,8.0,0.5838454784899034
40.0,2.0,17.0,0.3,0.1,0.8,4.0,1120.0,13.0,8.0,0.5910714285714286
40.0,2.0,18.0,0.3,0.1,0.8,4.0,1108.0,12.0,8.0,0.5848375451263538
40.0,2.0,19.0,0.3,0.1,0.8,4.0,1090.0,14.0,7.0,0.5908256880733945
40.0,2.0,20.0,0.3,0.1,0.8,4.0,1957.0,9.0,4.0,0.32447623914154317
40.0,2.0,21.0,0.3,0.1,0.8,4.0,1878.0,12.0,3.0,0.32694355697550587
40.0,2.0,22.0,0.3,0.1,0.8,4.0,1818.0,9.0,4.0,0.3278327832783278
40.0,2.0,23.0,0.3,0.1,0.8,4.0,1778.0,13.0,5.0,0.32845894263217096
40.0,2.0,24.0,0.3,0.1,0.8,4.0,1748.0,10.0,5.0,0.32608695652173914
40.0,2.0,25.0,0.3,0.1,0.8,4.0,1731.0,14.0,7.0,0.3269786250722126
40.0,2.0,26.0,0.3,0.1,0.8,4.0,1689.0,9.0,4.0,0.325044404973357
40.0,2.0,27.0,0.3,0.1,0.8,4.0,1647.0,11.0,3.0,0.32908318154219796
40.0,2.0,28.0,0.3,0.1,0.8,4.0,1622.0,8.0,3.0,0.32983970406905055
40.0,2.0,29.0,0.3,0.1,0.8,4.0,1591.0,9.0,5.0,0.32935260842237585
40.0,2.0,30.0,0.3,0.1,0.8,4.0,1561.0,11.0,7.0,0.3273542600896861
40.0,2.0,31.0,0.3,0.1,0.8,4.0,1499.0,15.0,6.0,0.3315543695797198
40.0,2.0,32.0,0.3,0.1,0.8,4.0,1446.0,14.0,4.0,0.334716459197787
40.0,2.0,33.0,0.3,0.1,0.8,4.0,1423.0,15.0,3.0,0.33450456781447646
40.0,2.0,34.0,0.3,0.1,0.8,4.0,1417.0,16.0,6.0,0.3352152434721242
40.0,2.0,35.0,0.3,0.1,0.8,4.0,1400.0,23.0,8.0,0.33714285714285713
40.0,2.0,36.0,0.3,0.1,0.8,4.0,1391.0,33.0,11.0,0.3357296908698778
40.0,2.0,37.0,0.3,0.1,0.8,4.0,1359.0,34.0,11.0,0.33922001471670343
40.0,2.0,38.0,0.3,0.1,0.8,4.0,1356.0,36.0,14.0,0.33849557522123896
40.0,2.0,39.0,0.3,0.1,0.8,4.0,1306.0,32.0,9.0,0.3430321592649311
40.0,2.0,40.0,0.3,0.1,0.8,4.0,1288.0,31.0,11.0,0.3408385093167702
40.0,2.0,41.0,0.3,0.1,0.8,4.0,1242.0,29.0,16.0,0.34782608695652173
40.0,2.0,42.0,0.3,0.1,0.8,4.0,1240.0,30.0,19.0,0.3403225806451613
40.0,2.0,43.0,0.3,0.1,0.8,4.0,1214.0,30.0,17.0,0.34925864909390447
40.0,2.0,44.0,0.3,0.1,0.8,4.0,1205.0,27.0,11.0,0.34439834024896265
40.0,2.0,45.0,0.3,0.1,0.8,4.0,1176.0,32.0,11.0,0.49489795918367346
40.0,2.0,46.0,0.3,0.1,0.8,4.0,1166.0,34.0,14.0,0.48713550600343053
40.0,2.0,47.0,0.3,0.1,0.8,4.0,1151.0,33.0,20.0,0.4934839270199826
40.0,2.0,48.0,0.3,0.1,0.8,4.0,1123.0,34.0,21.0,0.4933214603739982
40.0,2.0,49.0,0.3,0.1,0.8,4.0,1109.0,34.0,16.0,0.49233543733092877
40.0,2.0,50.0,0.3,0.1,0.8,4.0,1100.0,30.0,9.0,0.49272727272727274
40.0,2.0,51.0,0.3,0.1,0.8,4.0,1088.0,25.0,13.0,0.4954044117647059
40.0,2.0,52.0,0.3,0.1,0.8,4.0,1077.0,31.0,16.0,0.49396471680594245
40.0,3.0,1.0,0.3,0.1,0.8,4.0,1070.0,31.0,19.0,0.49626168224299066
40.0,3.0,2.0,0.3,0.1,0.8,4.0,1041.0,29.0,14.0,0.49759846301633043
40.0,3.0,3.0,0.3,0.1,0.8,4.0,1034.0,31.0,11.0,0.5009671179883946
40.0,3.0,4.0,0.3,0.1,0.8,4.0,1017.0,23.0,7.0,0.5014749262536873
40.0,3.0,5.0,0.3,0.1,0.8,4.0,1013.0,21.0,4.0,0.506416584402764
40.0,3.0,6.0,0.3,0.1,0.8,4.0,1004.0,22.0,15.0,0.50199203187251
40.0,3.0,7.0,0.3,0.1,0.8,4.0,1005.0,22.0,15.0,0.5064676616915423
40.0,3.0,8.0,0.3,0.1,0.8,4.0,996.0,22.0,16.0,0.5050200803212851
40.0,3.0,9.0,0.3,0.1,0.8,4.0,983.0,12.0,6.0,0.5127161749745677
40.0,3.0,10.0,0.3,0.1,0.8,4.0,973.0,10.0,7.0,0.513874614594039
40.0,3.0,11.0,0.3,0.1,0.8,4.0,966.0,11.0,6.0,0.5144927536231884
40.0,3.0,12.0,0.3,0.1,0.8,4.0,958.0,13.0,7.0,0.5125260960334029
40.0,3.0,13.0,0.3,0.1,0.8,4.0,950.0,9.0,4.0,0.5168421052631579
40.0,3.0,14.0,0.3,0.1,0.8,4.0,945.0,9.0,7.0,0.5174603174603175
40.0,3.0,15.0,0.3,0.1,0.8,4.0,940.0,7.0,6.0,0.5180851063829788
40.0,3.0,16.0,0.3,0.1,0.8,4.0,922.0,7.0,5.0,0.5206073752711496
40.0,3.0,17.0,0.3,0.1,0.8,4.0,917.0,4.0,3.0,0.5234460196292258
40.0,3.0,18.0,0.3,0.1,0.8,4.0,911.0,5.0,3.0,0.5225027442371021
40.0,3.0,19.0,0.3,0.1,0.8,4.0,892.0,6.0,3.0,0.5213004484304933
40.0,3.0,20.0,0.3,0.1,0.8,4.0,1532.0,3.0,0.0,0.2885117493472585
40.0,3.0,21.0,0.3,0.1,0.8,4.0,1448.0,3.0,1.0,0.292817679558011
40.0,3.0,22.0,0.3,0.1,0.8,4.0,1435.0,4.0,3.0,0.289198606271777
40.0,3.0,23.0,0.3,0.1,0.8,4.0,1405.0,8.0,3.0,0.2939501779359431
40.0,3.0,24.0,0.3,0.1,0.8,4.0,1375.0,10.0,4.0,0.29309090909090907
40.0,3.0,25.0,0.3,0.1,0.8,4.0,1359.0,9.0,3.0,0.29433406916850624
40.0,3.0,26.0,0.3,0.1,0.8,4.0,1340.0,10.0,5.0,0.2947761194029851
40.0,3.0,27.0,0.3,0.1,0.8,4.0,1297.0,7.0,4.0,0.29606784888203547
40.0,3.0,28.0,0.3,0.1,0.8,4.0,1277.0,6.0,3.0,0.2960062646828504
40.0,3.0,29.0,0.3,0.1,0.8,4.0,1210.0,4.0,4.0,0.3
40.0,3.0,30.0,0.3,0.1,0.8,4.0,1182.0,3.0,3.0,0.29949238578680204
40.0,3.0,31.0,0.3,0.1,0.8,4.0,1169.0,3.0,3.0,0.30025662959794697
40.0,3.0,32.0,0.3,0.1,0.8,4.0,1139.0,2.0,0.0,0.2976294995610184
40.0,3.0,33.0,0.3,0.1,0.8,4.0,1131.0,2.0,0.0,0.2953138815207781
40.0,3.0,34.0,0.3,0.1,0.8,4.0,1089.0,2.0,1.0,0.29476584022038566
40.0,3.0,35.0,0.3,0.1,0.8,4.0,1043.0,2.0,1.0,0.30105465004793863
40.0,3.0,36.0,0.3,0.1,0.8,4.0,1008.0,2.0,1.0,0.30158730158730157
40.0,3.0,37.0,0.3,0.1,0.8,4.0,1009.0,1.0,1.0,0.3002973240832507
40.0,3.0,38.0,0.3,0.1,0.8,4.0,1005.0,3.0,1.0,0.3004975124378109
40.0,3.0,39.0,0.3,0.1,0.8,4.0,994.0,3.0,1.0,0.2987927565392354
40.0,3.0,40.0,0.3,0.1,0.8,4.0,981.0,4.0,0.0,0.2996941896024465
40.0,3.0,41.0,0.3,0.1,0.8,4.0,986.0,4.0,2.0,0.3002028397565923
40.0,3.0,42.0,0.3,0.1,0.8,4.0,961.0,5.0,3.0,0.3017689906347555
40.0,3.0,43.0,0.3,0.1,0.8,4.0,941.0,3.0,2.0,0.3007438894792774
40.0,3.0,44.0,0.3,0.1,0.8,4.0,928.0,0.0,0.0,0.30495689655172414
40.0,3.0,45.0,0.3,0.1,0.8,4.0,906.0,0.0,0.0,0.46799116997792495
40.0,3.0,46.0,0.3,0.1,0.8,4.0,908.0,0.0,0.0,0.46806167400881055
40.0,3.0,47.0,0.3,0.1,0.8,4.0,881.0,0.0,0.0,0.4642451759364359
40.0,3.0,48.0,0.3,0.1,0.8,4.0,874.0,0.0,0.0,0.4668192219679634
40.0,3.0,49.0,0.3,0.1,0.8,4.0,865.0,0.0,0.0,0.4647398843930636
40.0,3.0,50.0,0.3,0.1,0.8,4.0,866.0,0.0,0.0,0.4653579676674365
40.0,3.0,51.0,0.3,0.1,0.8,4.0,862.0,0.0,0.0,0.4617169373549884
40.0,3.0,52.0,0.3,0.1,0.8,4.0,863.0,0.0,0.0,0.4646581691772885
40.0,4.0,1.0,0.3,0.1,0.8,4.0,856.0,0.0,0.0,0.4614485981308411
40.0,4.0,2.0,0.3,0.1,0.8,4.0,860.0,0.0,0.0,0.46162790697674416
40.0,4.0,3.0,0.3,0.1,0.8,4.0,853.0,0.0,0.0,0.45955451348182885
40.0,4.0,4.0,0.3,0.1,0.8,4.0,855.0,0.0,0.0,0.4608187134502924
40.0,4.0,5.0,0.3,0.1,0.8,4.0,845.0,0.0,0.0,0.4591715976331361
40.0,4.0,6.0,0.3,0.1,0.8,4.0,849.0,0.0,0.0,0.4617196702002356
40.0,4.0,7.0,0.3,0.1,0.8,4.0,842.0,0.0,0.0,0.4584323040380047
40.0,4.0,8.0,0.3,0.1,0.8,4.0,847.0,0.0,0.0,0.4604486422668241
40.0,4.0,9.0,0.3,0.1,0.8,4.0,841.0,0.0,0.0,0.4589774078478002
40.0,4.0,10.0,0.3,0.1,0.8,4.0,843.0,0.0,0.0,0.46144721233689207
40.0,4.0,11.0,0.3,0.1,0.8,4.0,836.0,0.0,0.0,0.458133971291866
40.0,4.0,12.0,0.3,0.1,0.8,4.0,834.0,0.0,0.0,0.4580335731414868
40.0,4.0,13.0,0.3,0.1,0.8,4.0,827.0,0.0,0.0,0.4546553808948005
40.0,4.0,14.0,0.3,0.1,0.8,4.0,825.0,0.0,0.0,0.45696969696969697
40.0,4.0,15.0,0.3,0.1,0.8,4.0,797.0,0.0,0.0,0.45796737766624845
40.0,4.0,16.0,0.3,0.1,0.8,4.0,797.0,0.0,0.0,0.4604767879548306
40.0,4.0,17.0,0.3,0.1,0.8,4.0,793.0,0.0,0.0,0.45901639344262296
40.0,4.0,18.0,0.3,0.1,0.8,4.0,791.0,0.0,0.0,0.46017699115044247
40.0,4.0,19.0,0.3,0.1,0.8,4.0,791.0,0.0,0.0,0.45764854614412137
40.0,4.0,20.0,0.3,0.1,0.8,4.0,1403.0,0.0,0.0,0.2573057733428368
40.0,4.0,21.0,0.3,0.1,0.8,4.0,1367.0,0.0,0.0,0.25603511338697876
40.0,4.0,22.0,0.3,0.1,0.8,4.0,1334.0,0.0,0.0,0.2556221889055472
40.0,4.0,23.0,0.3,0.1,0.8,4.0,1294.0,0.0,0.0,0.25734157650695516
40.0,4.0,24.0,0.3,0.1,0.8,4.0,1280.0,0.0,0.0,0.25625
40.0,4.0,25.0,0.3,0.1,0.8,4.0,1222.0,0.0,0.0,0.25859247135842883
40.0,4.0,26.0,0.3,0.1,0.8,4.0,1201.0,0.0,0.0,0.2589508742714405
40.0,4.0,27.0,0.3,0.1,0.8,4.0,1170.0,0.0,0.0,0.26153846153846155
40.0,4.0,28.0,0.3,0.1,0.8,4.0,1167.0,0.0,0.0,0.26306769494430166
40.0,4.0,29.0,0.3,0.1,0.8,4.0,1147.0,0.0,0.0,0.26155187445510025
40.0,4.0,30.0,0.3,0.1,0.8,4.0,1141.0,0.0,0.0,0.26468010517090274
40.0,4.0,31.0,0.3,0.1,0.8,4.0,1041.0,0.0,0.0,0.27089337175792505
40.0,4.0,32.0,0.3,0.1,0.8,4.0,1041.0,0.0,0.0,0.27089337175792505
40.0,4.0,33.0,0.3,0.1,0.8,4.0,1028.0,0.0,0.0,0.2704280155642023
40.0,4.0,34.0,0.3,0.1,0.8,4.0,1016.0,0.0,0.0,0.2706692913385827
40.0,4.0,35.0,0.3,0.1,0.8,4.0,1005.0,0.0,0.0,0.26865671641791045
40.0,4.0,36.0,0.3,0.1,0.8,4.0,997.0,0.0,0.0,0.26980942828485455
40.0,4.0,37.0,0.3,0.1,0.8,4.0,987.0,0.0,0.0,0.2695035460992908
40.0,4.0,38.0,0.3,0.1,0.8,4.0,991.0,0.0,0.0,0.2684157416750757
40.0,4.0,39.0,0.3,0.1,0.8,4.0,962.0,0.0,0.0,0.2692307692307692
40.0,4.0,40.0,0.3,0.1,0.8,4.0,957.0,0.0,0.0,0.26959247648902823
40.0,4.0,41.0,0.3,0.1,0.8,4.0,937.0,0.0,0.0,0.2700106723585913
40.0,4.0,42.0,0.3,0.1,0.8,4.0,914.0,0.0,0.0,0.2702407002188184
40.0,4.0,43.0,0.3,0.1,0.8,4.0,897.0,0.0,0.0,0.2686733556298774
40.0,4.0,44.0,0.3,0.1,0.8,4.0,897.0,0.0,0.0,0.26755852842809363
40.0,4.0,45.0,0.3,0.1,0.8,4.0,881.0,0.0,0.0,0.3995459704880817
40.0,4.0,46.0,0.3,0.1,0.8,4.0,867.0,0.0,0.0,0.40253748558246827
40.0,4.0,47.0,0.3,0.1,0.8,4.0,861.0,0.0,0.0,0.40185830429732866
40.0,4.0,48.0,0.3,0.1,0.8,4.0,857.0,0.0,0.0,0.40373395565927656
40.0,4.0,49.0,0.3,0.1,0.8,4.0,848.0,0.0,0.0,0.40212264150943394
40.0,4.0,50.0,0.3,0.1,0.8,4.0,849.0,0.0,0.0,0.4028268551236749
40.0,4.0,51.0,0.3,0.1,0.8,4.0,843.0,0.0,0.0,0.3997627520759193
40.0,4.0,52.0,0.3,0.1,0.8,4.0,842.0,0.0,0.0,0.4002375296912114
40.0,5.0,1.0,0.3,0.1,0.8,4.0,838.0,0.0,0.0,0.3997613365155131
40.0,5.0,2.0,0.3,0.1,0.8,4.0,839.0,0.0,0.0,0.399284862932062
40.0,5.0,3.0,0.3,0.1,0.8,4.0,833.0,0.0,0.0,0.3985594237695078
40.0,5.0,4.0,0.3,0.1,0.8,4.0,834.0,0.0,0.0,0.3980815347721823
40.0,5.0,5.0,0.3,0.1,0.8,4.0,831.0,0.0,0.0,0.3971119133574007
40.0,5.0,6.0,0.3,0.1,0.8,4.0,833.0,0.0,0.0,0.39735894357743096
40.0,5.0,7.0,0.3,0.1,0.8,4.0,831.0,0.0,0.0,0.3971119133574007
40.0,5.0,8.0,0.3,0.1,0.8,4.0,813.0,0.0,0.0,0.4009840098400984
40.0,5.0,9.0,0.3,0.1,0.8,4.0,808.0,0.0,0.0,0.3997524752475248
40.0,5.0,10.0,0.3,0.1,0.8,4.0,809.0,0.0,0.0,0.40173053152039556
40.0,5.0,11.0,0.3,0.1,0.8,4.0,809.0,0.0,0.0,0.3992583436341162
40.0,5.0,12.0,0.3,0.1,0.8,4.0,796.0,0.0,0.0,0.4020100502512563
40.0,5.0,13.0,0.3,0.1,0.8,4.0,795.0,0.0,0.0,0.4
40.0,5.0,14.0,0.3,0.1,0.8,4.0,791.0,0.0,0.0,0.40075853350189633
40.0,5.0,15.0,0.3,0.1,0.8,4.0,789.0,0.0,0.0,0.3979721166032953
40.0,5.0,16.0,0.3,0.1,0.8,4.0,789.0,0.0,0.0,0.39923954372623577
40.0,5.0,17.0,0.3,0.1,0.8,4.0,785.0,0.0,0.0,0.3961783439490446
40.0,5.0,18.0,0.3,0.1,0.8,4.0,785.0,0.0,0.0,0.3974522292993631
40.0,5.0,19.0,0.3,0.1,0.8,4.0,783.0,0.0,0.0,0.39719029374201786
40.0,5.0,20.0,0.3,0.1,0.8,4.0,1432.0,0.0,0.0,0.2115921787709497
40.0,5.0,21.0,0.3,0.1,0.8,4.0,1387.0,0.0,0.0,0.21124729632299927
40.0,5.0,22.0,0.3,0.1,0.8,4.0,1350.0,0.0,0.0,0.2162962962962963
40.0,5.0,23.0,0.3,0.1,0.8,4.0,1315.0,0.0,0.0,0.21444866920152092
40.0,5.0,24.0,0.3,0.1,0.8,4.0,1263.0,0.0,0.0,0.21694378463974665
40.0,5.0,25.0,0.3,0.1,0.8,4.0,1243.0,0.0,0.0,0.21882542236524538
40.0,5.0,26.0,0.3,0.1,0.8,4.0,1239.0,0.0,0.0,0.2195318805488297
40.0,5.0,27.0,0.3,0.1,0.8,4.0,1240.0,0.0,0.0,0.21693548387096775
40.0,5.0,28.0,0.3,0.1,0.8,4.0,1208.0,0.0,0.0,0.22185430463576158
40.0,5.0,29.0,0.3,0.1,0.8,4.0,1212.0,0.0,0.0,0.21947194719471946
40.0,5.0,30.0,0.3,0.1,0.8,4.0,1155.0,0.0,0.0,0.22251082251082252
40.0,5.0,31.0,0.3,0.1,0.8,4.0,1157.0,0.0,0.0,0.219533275713051
40.0,5.0,32.0,0.3,0.1,0.8,4.0,1131.0,0.0,0.0,0.22192749778956675
40.0,5.0,33.0,0.3,0.1,0.8,4.0,1133.0,0.0,0.0,0.21888790820829657
40.0,5.0,34.0,0.3,0.1,0.8,4.0,1094.0,0.0,0.0,0.2230347349177331
40.0,5.0,35.0,0.3,0.1,0.8,4.0,1083.0,0.0,0.0,0.22253000923361035
40.0,5.0,36.0,0.3,0.1,0.8,4.0,1031.0,0.0,0.0,0.22793404461687683
40.0,5.0,37.0,0.3,0.1,0.8,4.0,1036.0,0.0,0.0,0.2249034749034749
40.0,5.0,38.0,0.3,0.1,0.8,4.0,1037.0,0.0,0.0,0.2266152362584378
40.0,5.0,39.0,0.3,0.1,0.8,4.0,1005.0,0.0,0.0,0.22686567164179106
40.0,5.0,40.0,0.3,0.1,0.8,4.0,989.0,0.0,0.0,0.23053589484327602
40.0,5.0,41.0,0.3,0.1,0.8,4.0,984.0,0.0,0.0,0.2306910569105691
40.0,5.0,42.0,0.3,0.1,0.8,4.0,970.0,0.0,0.0,0.22989690721649483
40.0,5.0,43.0,0.3,0.1,0.8,4.0,961.0,0.0,0.0,0.23100936524453694
40.0,5.0,44.0,0.3,0.1,0.8,4.0,947.0,0.0,0.0,0.23125659978880675
40.0,5.0,45.0,0.3,0.1,0.8,4.0,942.0,0.0,0.0,0.42462845010615713
40.0,5.0,46.0,0.3,0.1,0.8,4.0,944.0,0.0,0.0,0.4258474576271186
40.0,5.0,47.0,0.3,0.1,0.8,4.0,889.0,0.0,0.0,0.43082114735658045
40.0,5.0,48.0,0.3,0.1,0.8,4.0,868.0,0.0,0.0,0.4412442396313364
40.0,5.0,49.0,0.3,0.1,0.8,4.0,863.0,0.0,0.0,0.4391657010428737
40.0,5.0,50.0,0.3,0.1,0.8,4.0,863.0,0.0,0.0,0.44148319814600234
40.0,5.0,51.0,0.3,0.1,0.8,4.0,857.0,0.0,0.0,0.43990665110851807
40.0,5.0,52.0,0.3,0.1,0.8,4.0,861.0,0.0,0.0,0.44018583042973286
40.0,6.0,1.0,0.3,0.1,0.8,4.0,836.0,0.0,0.0,0.44258373205741625
40.0,6.0,2.0,0.3,0.1,0.8,4.0,829.0,0.0,0.0,0.4427020506634499
40.0,6.0,3.0,0.3,0.1,0.8,4.0,813.0,0.0,0.0,0.44526445264452646
40.0,6.0,4.0,0.3,0.1,0.8,4.0,801.0,0.0,0.0,0.4444444444444444
40.0,6.0,5.0,0.3,0.1,0.8,4.0,797.0,0.0,0.0,0.44416562107904645
40.0,6.0,6.0,0.3,0.1,0.8,4.0,798.0,0.0,0.0,0.44360902255639095
40.0,6.0,7.0,0.3,0.1,0.8,4.0,794.0,0.0,0.0,0.4433249370277078
40.0,6.0,8.0,0.3,0.1,0.8,4.0,795.0,0.0,0.0,0.44150943396226416
40.0,6.0,9.0,0.3,0.1,0.8,4.0,778.0,0.0,0.0,0.44473007712082263
40.0,6.0,10.0,0.3,0.1,0.8,4.0,757.0,0.0,0.0,0.45046235138705415
40.0,6.0,11.0,0.3,0.1,0.8,4.0,751.0,0.0,0.0,0.45006657789613846
40.0,6.0,12.0,0.3,0.1,0.8,4.0,755.0,0.0,0.0,0.45298013245033114
40.0,6.0,13.0,0.3,0.1,0.8,4.0,750.0,0.0,0.0,0.45066666666666666
40.0,6.0,14.0,0.3,0.1,0.8,4.0,752.0,0.0,0.0,0.45345744680851063
40.0,6.0,15.0,0.3,0.1,0.8,4.0,748.0,0.0,0.0,0.44919786096256686
40.0,6.0,16.0,0.3,0.1,0.8,4.0,750.0,0.0,0.0,0.4533333333333333
40.0,6.0,17.0,0.3,0.1,0.8,4.0,747.0,0.0,0.0,0.4484605087014726
40.0,6.0,18.0,0.3,0.1,0.8,4.0,746.0,0.0,0.0,0.4517426273458445
40.0,6.0,19.0,0.3,0.1,0.8,4.0,743.0,0.0,0.0,0.4468371467025572
40.0,6.0,20.0,0.3,0.1,0.8,4.0,1359.0,0.0,0.0,0.24797645327446652
40.0,6.0,21.0,0.3,0.1,0.8,4.0,1303.0,0.0,0.0,0.24712202609363007
40.0,6.0,22.0,0.3,0.1,0.8,4.0,1284.0,0.0,0.0,0.2507788161993769
40.0,6.0,23.0,0.3,0.1,0.8,4.0,1275.0,0.0,0.0,0.24784313725490195
40.0,6.0,24.0,0.3,0.1,0.8,4.0,1231.0,0.0,0.0,0.2550771730300569
40.0,6.0,25.0,0.3,0.1,0.8,4.0,1207.0,0.0,0.0,0.251864125932063
40.0,6.0,26.0,0.3,0.1,0.8,4.0,1183.0,0.0,0.0,0.2510566356720203
40.0,6.0,27.0,0.3,0.1,0.8,4.0,1128.0,0.0,0.0,0.25
40.0,6.0,28.0,0.3,0.1,0.8,4.0,1107.0,0.0,0.0,0.25203252032520324
40.0,6.0,29.0,0.3,0.1,0.8,4.0,1063.0,0.0,0.0,0.25117591721542804
40.0,6.0,30.0,0.3,0.1,0.8,4.0,1037.0,0.0,0.0,0.25265188042430087
40.0,6.0,31.0,0.3,0.1,0.8,4.0,1030.0,0.0,0.0,0.2524271844660194
40.0,6.0,32.0,0.3,0.1,0.8,4.0,1004.0,0.0,0.0,0.25199203187250996
40.0,6.0,33.0,0.3,0.1,0.8,4.0,976.0,0.0,0.0,0.2551229508196721
40.0,6.0,34.0,0.3,0.1,0.8,4.0,950.0,0.0,0.0,0.2557894736842105
40.0,6.0,35.0,0.3,0.1,0.8,4.0,940.0,0.0,0.0,0.2574468085106383
40.0,6.0,36.0,0.3,0.1,0.8,4.0,937.0,0.0,0.0,0.256136606189968
40.0,6.0,37.0,0.3,0.1,0.8,4.0,922.0,0.0,0.0,0.2592190889370933
40.0,6.0,38.0,0.3,0.1,0.8,4.0,925.0,0.0,0.0,0.2572972972972973
40.0,6.0,39.0,0.3,0.1,0.8,4.0,898.0,0.0,0.0,0.26169265033407574
40.0,6.0,40.0,0.3,0.1,0.8,4.0,894.0,0.0,0.0,0.2595078299776286
40.0,6.0,41.0,0.3,0.1,0.8,4.0,870.0,0.0,0.0,0.2632183908045977
40.0,6.0,42.0,0.3,0.1,0.8,4.0,874.0,0.0,0.0,0.2597254004576659
40.0,6.0,43.0,0.3,0.1,0.8,4.0,866.0,0.0,0.0,0.26212471131639725
40.0,6.0,44.0,0.3,0.1,0.8,4.0,868.0,0.0,0.0,0.26036866359447003
40.0,6.0,45.0,0.3,0.1,0.8,4.0,855.0,0.0,0.0,0.4198830409356725
40.0,6.0,46.0,0.3,0.1,0.8,4.0,854.0,0.0,0.0,0.4168618266978923
40.0,6.0,47.0,0.3,0.1,0.8,4.0,852.0,0.0,0.0,0.41784037558685444
40.0,6.0,48.0,0.3,0.1,0.8,4.0,851.0,0.0,0.0,0.41598119858989424
40.0,6.0,49.0,0.3,0.1,0.8,4.0,852.0,0.0,0.0,0.41784037558685444
40.0,6.0,50.0,0.3,0.1,0.8,4.0,851.0,0.0,0.0,0.41598119858989424
40.0,6.0,51.0,0.3,0.1,0.8,4.0,847.0,0.0,0.0,0.4167650531286895
40.0,6.0,52.0,0.3,0.1,0.8,4.0,827.0,0.0,0.0,0.4111245465538089
40.0,7.0,1.0,0.3,0.1,0.8,4.0,826.0,0.0,0.0,0.41404358353510895
40.0,7.0,2.0,0.3,0.1,0.8,4.0,822.0,0.0,0.0,0.41119221411192214
40.0,7.0,3.0,0.3,0.1,0.8,4.0,824.0,0.0,0.0,0.41504854368932037
40.0,7.0,4.0,0.3,0.1,0.8,4.0,818.0,0.0,0.0,0.4119804400977995
40.0,7.0,5.0,0.3,0.1,0.8,4.0,819.0,0.0,0.0,0.4139194139194139
40.0,7.0,6.0,0.3,0.1,0.8,4.0,817.0,0.0,0.0,0.4112607099143207
40.0,7.0,7.0,0.3,0.1,0.8,4.0,806.0,0.0,0.0,0.4143920595533499
40.0,7.0,8.0,0.3,0.1,0.8,4.0,802.0,0.0,0.0,0.4114713216957606
40.0,7.0,9.0,0.3,0.1,0.8,4.0,790.0,0.0,0.0,0.4139240506329114
40.0,7.0,10.0,0.3,0.1,0.8,4.0,786.0,0.0,0.0,0.41348600508905853
40.0,7.0,11.0,0.3,0.1,0.8,4.0,772.0,0.0,0.0,0.4170984455958549
40.0,7.0,12.0,0.3,0.1,0.8,4.0,767.0,0.0,0.0,0.41590612777053454
40.0,7.0,13.0,0.3,0.1,0.8,4.0,770.0,0.0,0.0,0.4155844155844156
40.0,7.0,14.0,0.3,0.1,0.8,4.0,766.0,0.0,0.0,0.4164490861618799
40.0,7.0,15.0,0.3,0.1,0.8,4.0,757.0,0.0,0.0,0.41743725231175693
40.0,7.0,16.0,0.3,0.1,0.8,4.0,754.0,0.0,0.0,0.41644562334217505
40.0,7.0,17.0,0.3,0.1,0.8,4.0,755.0,0.0,0.0,0.41589403973509936
40.0,7.0,18.0,0.3,0.1,0.8,4.0,740.0,0.0,0.0,0.4175675675675676
40.0,7.0,19.0,0.3,0.1,0.8,4.0,742.0,0.0,0.0,0.41778975741239893
40.0,7.0,20.0,0.3,0.1,0.8,4.0,1376.0,0.0,0.0,0.2245639534883721
40.0,7.0,21.0,0.3,0.1,0.8,4.0,1365.0,0.0,0.0,0.22344322344322345
40.0,7.0,22.0,0.3,0.1,0.8,4.0,1310.0,0.0,0.0,0.22213740458015266
40.0,7.0,23.0,0.3,0.1,0.8,4.0,1228.0,0.0,0.0,0.2263843648208469
40.0,7.0,24.0,0.3,0.1,0.8,4.0,1206.0,0.0,0.0,0.22719734660033167
40.0,7.0,25.0,0.3,0.1,0.8,4.0,1149.0,0.0,0.0,0.23324630113141862
40.0,7.0,26.0,0.3,0.1,0.8,4.0,1107.0,0.0,0.0,0.23486901535682023
40.0,7.0,27.0,0.3,0.1,0.8,4.0,1104.0,0.0,0.0,0.2346014492753623
40.0,7.0,28.0,0.3,0.1,0.8,4.0,1043.0,0.0,0.0,0.24065196548418025
40.0,7.0,29.0,0.3,0.1,0.8,4.0,1023.0,0.0,0.0,0.24144672531769307
40.0,7.0,30.0,0.3,0.1,0.8,4.0,997.0,0.0,0.0,0.23971915747241726
40.0,7.0,31.0,0.3,0.1,0.8,4.0,983.0,0.0,0.0,0.24109867751780265
40.0,7.0,32.0,0.3,0.1,0.8,4.0,969.0,0.0,0.0,0.24251805985552116
40.0,7.0,33.0,0.3,0.1,0.8,4.0,955.0,0.0,0.0,0.2450261780104712
40.0,7.0,34.0,0.3,0.1,0.8,4.0,946.0,0.0,0.0,0.2452431289640592
40.0,7.0,35.0,0.3,0.1,0.8,4.0,934.0,0.0,0.0,0.24732334047109208
40.0,7.0,36.0,0.3,0.1,0.8,4.0,908.0,0.0,0.0,0.24669603524229075
40.0,7.0,37.0,0.3,0.1,0.8,4.0,899.0,0.0,0.0,0.2436040044493882
40.0,7.0,38.0,0.3,0.1,0.8,4.0,901.0,0.0,0.0,0.24306326304106549
40.0,7.0,39.0,0.3,0.1,0.8,4.0,875.0,0.0,0.0,0.24914285714285714
40.0,7.0,40.0,0.3,0.1,0.8,4.0,878.0,0.0,0.0,0.24829157175398633
40.0,7.0,41.0,0.3,0.1,0.8,4.0,859.0,0.0,0.0,0.24912689173457508
40.0,7.0,42.0,0.3,0.1,0.8,4.0,841.0,0.0,0.0,0.24851367419738407
40.0,7.0,43.0,0.3,0.1,0.8,4.0,836.0,0.0,0.0,0.24760765550239233
40.0,7.0,44.0,0.3,0.1,0.8,4.0,837.0,0.0,0.0,0.24731182795698925
40.0,7.0,45.0,0.3,0.1,0.8,4.0,806.0,0.0,0.0,0.40198511166253104
40.0,7.0,46.0,0.3,0.1,0.8,4.0,792.0,0.0,0.0,0.4053030303030303
40.0,7.0,47.0,0.3,0.1,0.8,4.0,787.0,0.0,0.0,0.40660736975857686
40.0,7.0,48.0,0.3,0.1,0.8,4.0,787.0,0.0,0.0,0.40660736975857686
40.0,7.0,49.0,0.3,0.1,0.8,4.0,784.0,0.0,0.0,0.40561224489795916
40.0,7.0,50.0,0.3,0.1,0.8,4.0,784.0,0.0,0.0,0.40688775510204084
40.0,7.0,51.0,0.3,0.1,0.8,4.0,770.0,0.0,0.0,0.4077922077922078
40.0,7.0,52.0,0.3,0.1,0.8,4.0,771.0,0.0,0.0,0.4098573281452659
40.0,8.0,1.0,0.3,0.1,0.8,4.0,765.0,0.0,0.0,0.41045751633986927
40.0,8.0,2.0,0.3,0.1,0.8,4.0,767.0,0.0,0.0,0.409387222946545
40.0,8.0,3.0,0.3,0.1,0.8,4.0,762.0,0.0,0.0,0.410761154855643
40.0,8.0,4.0,0.3,0.1,0.8,4.0,755.0,0.0,0.0,0.40927152317880794
40.0,8.0,5.0,0.3,0.1,0.8,4.0,741.0,0.0,0.0,0.4116059379217274
40.0,8.0,6.0,0.3,0.1,0.8,4.0,742.0,0.0,0.0,0.4123989218328841
40.0,8.0,7.0,0.3,0.1,0.8,4.0,742.0,0.0,0.0,0.4110512129380054
40.0,8.0,8.0,0.3,0.1,0.8,4.0,741.0,0.0,0.0,0.41295546558704455
40.0,8.0,9.0,0.3,0.1,0.8,4.0,728.0,0.0,0.0,0.41620879120879123
40.0,8.0,10.0,0.3,0.1,0.8,4.0,728.0,0.0,0.0,0.4175824175824176
40.0,8.0,11.0,0.3,0.1,0.8,4.0,726.0,0.0,0.0,0.41735537190082644
40.0,8.0,12.0,0.3,0.1,0.8,4.0,699.0,0.0,0.0,0.4263233190271817
40.0,8.0,13.0,0.3,0.1,0.8,4.0,705.0,0.0,0.0,0.42411347517730497
40.0,8.0,14.0,0.3,0.1,0.8,4.0,700.0,0.0,0.0,0.4257142857142857
40.0,8.0,15.0,0.3,0.1,0.8,4.0,692.0,0.0,0.0,0.42485549132947975
40.0,8.0,16.0,0.3,0.1,0.8,4.0,676.0,0.0,0.0,0.4260355029585799
40.0,8.0,17.0,0.3,0.1,0.8,4.0,679.0,0.0,0.0,0.4256259204712813
40.0,8.0,18.0,0.3,0.1,0.8,4.0,676.0,0.0,0.0,0.4260355029585799
40.0,8.0,19.0,0.3,0.1,0.8,4.0,679.0,0.0,0.0,0.4256259204712813
40.0,8.0,20.0,0.3,0.1,0.8,4.0,1200.0,0.0,0.0,0.24
40.0,8.0,21.0,0.3,0.1,0.8,4.0,1206.0,0.0,0.0,0.2396351575456053
40.0,8.0,22.0,0.3,0.1,0.8,4.0,1143.0,0.0,0.0,0.24759405074365703
40.0,8.0,23.0,0.3,0.1,0.8,4.0,1109.0,0.0,0.0,0.2515779981965735
40.0,8.0,24.0,0.3,0.1,0.8,4.0,1103.0,0.0,0.0,0.25203989120580234
40.0,8.0,25.0,0.3,0.1,0.8,4.0,1096.0,0.0,0.0,0.2509124087591241
40.0,8.0,26.0,0.3,0.1,0.8,4.0,1053.0,0.0,0.0,0.258309591642925
40.0,8.0,27.0,0.3,0.1,0.8,4.0,1041.0,0.0,0.0,0.26032660902977905
40.0,8.0,28.0,0.3,0.1,0.8,4.0,1027.0,0.0,0.0,0.2609542356377799
40.0,8.0,29.0,0.3,0.1,0.8,4.0,1015.0,0.0,0.0,0.2620689655172414
40.0,8.0,30.0,0.3,0.1,0.8,4.0,988.0,0.0,0.0,0.2651821862348178
40.0,8.0,31.0,0.3,0.1,0.8,4.0,966.0,0.0,0.0,0.26811594202898553
40.0,8.0,32.0,0.3,0.1,0.8,4.0,951.0,0.0,0.0,0.26919032597266035
40.0,8.0,33.0,0.3,0.1,0.8,4.0,940.0,0.0,0.0,0.2723404255319149
40.0,8.0,34.0,0.3,0.1,0.8,4.0,938.0,0.0,0.0,0.27292110874200426
40.0,8.0,35.0,0.3,0.1,0.8,4.0,940.0,0.0,0.0,0.2723404255319149
40.0,8.0,36.0,0.3,0.1,0.8,4.0,917.0,0.0,0.0,0.27589967284623773
40.0,8.0,37.0,0.3,0.1,0.8,4.0,918.0,0.0,0.0,0.27450980392156865
40.0,8.0,38.0,0.3,0.1,0.8,4.0,890.0,0.0,0.0,0.27640449438202247
40.0,8.0,39.0,0.3,0.1,0.8,4.0,872.0,0.0,0.0,0.2786697247706422
40.0,8.0,40.0,0.3,0.1,0.8,4.0,872.0,0.0,0.0,0.2798165137614679
40.0,8.0,41.0,0.3,0.1,0.8,4.0,859.0,0.0,0.0,0.27823050058207216
40.0,8.0,42.0,0.3,0.1,0.8,4.0,859.0,0.0,0.0,0.27939464493597205
40.0,8.0,43.0,0.3,0.1,0.8,4.0,842.0,0.0,0.0,0.2826603325415677
40.0,8.0,44.0,0.3,0.1,0.8,4.0,842.0,0.0,0.0,0.2838479809976247
40.0,8.0,45.0,0.3,0.1,0.8,4.0,842.0,0.0,0.0,0.42874109263657956
40.0,8.0,46.0,0.3,0.1,0.8,4.0,842.0,0.0,0.0,0.4311163895486936
40.0,8.0,47.0,0.3,0.1,0.8,4.0,842.0,0.0,0.0,0.42874109263657956
40.0,8.0,48.0,0.3,0.1,0.8,4.0,829.0,0.0,0.0,0.4330518697225573
40.0,8.0,49.0,0.3,0.1,0.8,4.0,817.0,0.0,0.0,0.43084455324357407
40.0,8.0,50.0,0.3,0.1,0.8,4.0,816.0,0.0,0.0,0.4338235294117647
40.0,8.0,51.0,0.3,0.1,0.8,4.0,817.0,0.0,0.0,0.43084455324357407
40.0,8.0,52.0,0.3,0.1,0.8,4.0,815.0,0.0,0.0,0.4343558282208589
40.0,9.0,1.0,0.3,0.1,0.8,4.0,815.0,0.0,0.0,0.4306748466257669
40.0,9.0,2.0,0.3,0.1,0.8,4.0,816.0,0.0,0.0,0.4338235294117647
40.0,9.0,3.0,0.3,0.1,0.8,4.0,815.0,0.0,0.0,0.4306748466257669
40.0,9.0,4.0,0.3,0.1,0.8,4.0,815.0,0.0,0.0,0.4343558282208589
40.0,9.0,5.0,0.3,0.1,0.8,4.0,811.0,0.0,0.0,0.43279901356350187
40.0,9.0,6.0,0.3,0.1,0.8,4.0,812.0,0.0,0.0,0.43596059113300495
40.0,9.0,7.0,0.3,0.1,0.8,4.0,810.0,0.0,0.0,0.43333333333333335
40.0,9.0,8.0,0.3,0.1,0.8,4.0,809.0,0.0,0.0,0.4363411619283066
40.0,9.0,9.0,0.3,0.1,0.8,4.0,793.0,0.0,0.0,0.43757881462799497
40.0,9.0,10.0,0.3,0.1,0.8,4.0,792.0,0.0,0.0,0.44065656565656564
40.0,9.0,11.0,0.3,0.1,0.8,4.0,780.0,0.0,0.0,0.4423076923076923
40.0,9.0,12.0,0.3,0.1,0.8,4.0,779.0,0.0,0.0,0.4428754813863928
40.0,9.0,13.0,0.3,0.1,0.8,4.0,779.0,0.0,0.0,0.4428754813863928
40.0,9.0,14.0,0.3,0.1,0.8,4.0,778.0,0.0,0.0,0.4434447300771208
40.0,9.0,15.0,0.3,0.1,0.8,4.0,780.0,0.0,0.0,0.44358974358974357
40.0,9.0,16.0,0.3,0.1,0.8,4.0,778.0,0.0,0.0,0.4434447300771208
40.0,9.0,17.0,0.3,0.1,0.8,4.0,780.0,0.0,0.0,0.44358974358974357
40.0,9.0,18.0,0.3,0.1,0.8,4.0,766.0,0.0,0.0,0.4425587467362924
40.0,9.0,19.0,0.3,0.1,0.8,4.0,768.0,0.0,0.0,0.4427083333333333
40.0,9.0,20.0,0.3,0.1,0.8,4.0,1399.0,0.0,0.0,0.23516797712651893
40.0,9.0,21.0,0.3,0.1,0.8,4.0,1370.0,0.0,0.0,0.23941605839416058
40.0,9.0,22.0,0.3,0.1,0.8,4.0,1311.0,0.0,0.0,0.2440884820747521
40.0,9.0,23.0,0.3,0.1,0.8,4.0,1314.0,0.0,0.0,0.243531202435312
40.0,9.0,24.0,0.3,0.1,0.8,4.0,1265.0,0.0,0.0,0.2458498023715415
40.0,9.0,25.0,0.3,0.1,0.8,4.0,1225.0,0.0,0.0,0.24897959183673468
40.0,9.0,26.0,0.3,0.1,0.8,4.0,1160.0,0.0,0.0,0.2543103448275862
40.0,9.0,27.0,0.3,0.1,0.8,4.0,1131.0,0.0,0.0,0.2564102564102564
40.0,9.0,28.0,0.3,0.1,0.8,4.0,1073.0,0.0,0.0,0.26001863932898417
40.0,9.0,29.0,0.3,0.1,0.8,4.0,1045.0,0.0,0.0,0.26220095693779905
40.0,9.0,30.0,0.3,0.1,0.8,4.0,1046.0,0.0,0.0,0.26195028680688337
40.0,9.0,31.0,0.3,0.1,0.8,4.0,1017.0,0.0,0.0,0.26548672566371684
40.0,9.0,32.0,0.3,0.1,0.8,4.0,1018.0,0.0,0.0,0.26522593320235754
40.0,9.0,33.0,0.3,0.1,0.8,4.0,1001.0,0.0,0.0,0.26673326673326675
40.0,9.0,34.0,0.3,0.1,0.8,4.0,1002.0,0.0,0.0,0.26646706586826346
40.0,9.0,35.0,0.3,0.1,0.8,4.0,977.0,0.0,0.0,0.2671443193449335
40.0,9.0,36.0,0.3,0.1,0.8,4.0,978.0,0.0,0.0,0.2668711656441718
40.0,9.0,37.0,0.3,0.1,0.8,4.0,964.0,0.0,0.0,0.26867219917012447
40.0,9.0,38.0,0.3,0.1,0.8,4.0,943.0,0.0,0.0,0.271474019088017
40.0,9.0,39.0,0.3,0.1,0.8,4.0,928.0,0.0,0.0,0.2769396551724138
40.0,9.0,40.0,0.3,0.1,0.8,4.0,877.0,0.0,0.0,0.28164196123147095
40.0,9.0,41.0,0.3,0.1,0.8,4.0,865.0,0.0,0.0,0.28439306358381505
40.0,9.0,42.0,0.3,0.1,0.8,4.0,860.0,0.0,0.0,0.28488372093023256
40.0,9.0,43.0,0.3,0.1,0.8,4.0,853.0,0.0,0.0,0.28604923798358733
40.0,9.0,44.0,0.3,0.1,0.8,4.0,848.0,0.0,0.0,0.2865566037735849
40.0,9.0,45.0,0.3,0.1,0.8,4.0,837.0,0.0,0.0,0.44086021505376344
40.0,9.0,46.0,0.3,0.1,0.8,4.0,820.0,0.0,0.0,0.4402439024390244
40.0,9.0,47.0,0.3,0.1,0.8,4.0,825.0,0.0,0.0,0.43757575757575756
40.0,9.0,48.0,0.3,0.1,0.8,4.0,820.0,0.0,0.0,0.4402439024390244
40.0,9.0,49.0,0.3,0.1,0.8,4.0,825.0,0.0,0.0,0.43757575757575756
40.0,9.0,50.0,0.3,0.1,0.8,4.0,820.0,0.0,0.0,0.4402439024390244
40.0,9.0,51.0,0.3,0.1,0.8,4.0,824.0,0.0,0.0,0.4381067961165049
40.0,9.0,52.0,0.3,0.1,0.8,4.0,809.0,0.0,0.0,0.44499381953028433
40.0,10.0,1.0,0.3,0.1,0.8,4.0,813.0,0.0,0.0,0.44280442804428044
40.0,10.0,2.0,0.3,0.1,0.8,4.0,807.0,0.0,0.0,0.4436183395291202
40.0,10.0,3.0,0.3,0.1,0.8,4.0,812.0,0.0,0.0,0.4433497536945813
40.0,10.0,4.0,0.3,0.1,0.8,4.0,806.0,0.0,0.0,0.445409429280397
40.0,10.0,5.0,0.3,0.1,0.8,4.0,812.0,0.0,0.0,0.4433497536945813
40.0,10.0,6.0,0.3,0.1,0.8,4.0,782.0,0.0,0.0,0.45012787723785164
40.0,10.0,7.0,0.3,0.1,0.8,4.0,788.0,0.0,0.0,0.4479695431472081
40.0,10.0,8.0,0.3,0.1,0.8,4.0,767.0,0.0,0.0,0.455019556714472
40.0,10.0,9.0,0.3,0.1,0.8,4.0,768.0,0.0,0.0,0.4544270833333333
40.0,10.0,10.0,0.3,0.1,0.8,4.0,755.0,0.0,0.0,0.4596026490066225
40.0,10.0,11.0,0.3,0.1,0.8,4.0,756.0,0.0,0.0,0.458994708994709
40.0,10.0,12.0,0.3,0.1,0.8,4.0,751.0,0.0,0.0,0.4607190412782956
40.0,10.0,13.0,0.3,0.1,0.8,4.0,757.0,0.0,0.0,0.4583883751651255
40.0,10.0,14.0,0.3,0.1,0.8,4.0,751.0,0.0,0.0,0.459387483355526
40.0,10.0,15.0,0.3,0.1,0.8,4.0,755.0,0.0,0.0,0.4596026490066225
40.0,10.0,16.0,0.3,0.1,0.8,4.0,751.0,0.0,0.0,0.459387483355526
40.0,10.0,17.0,0.3,0.1,0.8,4.0,754.0,0.0,0.0,0.4588859416445623
40.0,10.0,18.0,0.3,0.1,0.8,4.0,752.0,0.0,0.0,0.4601063829787234
40.0,10.0,19.0,0.3,0.1,0.8,4.0,752.0,0.0,0.0,0.4601063829787234
40.0,10.0,20.0,0.3,0.1,0.8,4.0,1298.0,0.0,0.0,0.24114021571648692
40.0,10.0,21.0,0.3,0.1,0.8,4.0,1208.0,0.0,0.0,0.25
40.0,10.0,22.0,0.3,0.1,0.8,4.0,1181.0,0.0,0.0,0.2497883149872989
40.0,10.0,23.0,0.3,0.1,0.8,4.0,1167.0,0.0,0.0,0.2527849185946872
40.0,10.0,24.0,0.3,0.1,0.8,4.0,1130.0,0.0,0.0,0.2557522123893805
40.0,10.0,25.0,0.3,0.1,0.8,4.0,1131.0,0.0,0.0,0.2564102564102564
40.0,10.0,26.0,0.3,0.1,0.8,4.0,1130.0,0.0,0.0,0.2557522123893805
40.0,10.0,27.0,0.3,0.1,0.8,4.0,1056.0,0.0,0.0,0.2623106060606061
40.0,10.0,28.0,0.3,0.1,0.8,4.0,1033.0,0.0,0.0,0.2623426911907067
40.0,10.0,29.0,0.3,0.1,0.8,4.0,1034.0,0.0,0.0,0.26305609284332687
40.0,10.0,30.0,0.3,0.1,0.8,4.0,1006.0,0.0,0.0,0.2634194831013916
40.0,10.0,31.0,0.3,0.1,0.8,4.0,995.0,0.0,0.0,0.2633165829145729
40.0,10.0,32.0,0.3,0.1,0.8,4.0,966.0,0.0,0.0,0.2650103519668737
40.0,10.0,33.0,0.3,0.1,0.8,4.0,967.0,0.0,0.0,0.265770423991727
40.0,10.0,34.0,0.3,0.1,0.8,4.0,966.0,0.0,0.0,0.2650103519668737
40.0,10.0,35.0,0.3,0.1,0.8,4.0,946.0,0.0,0.0,0.26849894291754756
40.0,10.0,36.0,0.3,0.1,0.8,4.0,939.0,0.0,0.0,0.2641107561235357
40.0,10.0,37.0,0.3,0.1,0.8,4.0,924.0,0.0,0.0,0.26731601731601734
40.0,10.0,38.0,0.3,0.1,0.8,4.0,916.0,0.0,0.0,0.2663755458515284
40.0,10.0,39.0,0.3,0.1,0.8,4.0,924.0,0.0,0.0,0.26731601731601734
40.0,10.0,40.0,0.3,0.1,0.8,4.0,903.0,0.0,0.0,0.26799557032115173
40.0,10.0,41.0,0.3,0.1,0.8,4.0,911.0,0.0,0.0,0.2689352360043908
40.0,10.0,42.0,0.3,0.1,0.8,4.0,903.0,0.0,0.0,0.26799557032115173
40.0,10.0,43.0,0.3,0.1,0.8,4.0,911.0,0.0,0.0,0.2689352360043908
40.0,10.0,44.0,0.3,0.1,0.8,4.0,903.0,0.0,0.0,0.26799557032115173
40.0,10.0,45.0,0.3,0.1,0.8,4.0,900.0,0.0,0.0,0.4266666666666667
40.0,10.0,46.0,0.3,0.1,0.8,4.0,892.0,0.0,0.0,0.4260089686098655
40.0,10.0,47.0,0.3,0.1,0.8,4.0,889.0,0.0,0.0,0.42857142857142855
40.0,10.0,48.0,0.3,0.1,0.8,4.0,883.0,0.0,0.0,0.4292185730464326
40.0,10.0,49.0,0.3,0.1,0.8,4.0,887.0,0.0,0.0,0.42841037204058624
40.0,10.0,50.0,0.3,0.1,0.8,4.0,883.0,0.0,0.0,0.4292185730464326
40.0,10.0,51.0,0.3,0.1,0.8,4.0,886.0,0.0,0.0,0.4288939051918736
40.0,10.0,52.0,0.3,0.1,0.8,4.0,882.0,0.0,0.0,0.42970521541950113
41.0,1.0,1.0,0.3,0.1,0.8,4.0,5177.0,50.0,8.0,0.3005601699826154
41.0,1.0,2.0,0.3,0.1,0.8,4.0,5092.0,51.0,18.0,0.30479183032207385
41.0,1.0,3.0,0.3,0.1,0.8,4.0,4994.0,60.0,30.0,0.3019623548257909
41.0,1.0,4.0,0.3,0.1,0.8,4.0,4875.0,71.0,36.0,0.304
41.0,1.0,5.0,0.3,0.1,0.8,4.0,4824.0,86.0,33.0,0.2999585406301824
41.0,1.0,6.0,0.3,0.1,0.8,4.0,4650.0,106.0,35.0,0.30172043010752686
41.0,1.0,7.0,0.3,0.1,0.8,4.0,4512.0,109.0,37.0,0.30230496453900707
41.0,1.0,8.0,0.3,0.1,0.8,4.0,4390.0,123.0,55.0,0.30569476082004554
41.0,1.0,9.0,0.3,0.1,0.8,4.0,4253.0,132.0,58.0,0.3049612038561016
41.0,1.0,10.0,0.3,0.1,0.8,4.0,4146.0,134.0,64.0,0.30728412928123494
41.0,1.0,11.0,0.3,0.1,0.8,4.0,4020.0,138.0,66.0,0.30771144278606966
41.0,1.0,12.0,0.3,0.1,0.8,4.0,3821.0,136.0,62.0,0.31038995027479716
41.0,1.0,13.0,0.3,0.1,0.8,4.0,3702.0,146.0,70.0,0.30983252296056185
41.0,1.0,14.0,0.3,0.1,0.8,4.0,3552.0,146.0,69.0,0.31165540540540543
41.0,1.0,15.0,0.3,0.1,0.8,4.0,3480.0,161.0,80.0,0.3135057471264368
41.0,1.0,16.0,0.3,0.1,0.8,4.0,3340.0,153.0,78.0,0.31706586826347305
41.0,1.0,17.0,0.3,0.1,0.8,4.0,3203.0,143.0,82.0,0.3231345613487356
41.0,1.0,18.0,0.3,0.1,0.8,4.0,3104.0,135.0,68.0,0.33054123711340205
41.0,1.0,19.0,0.3,0.1,0.8,4.0,3039.0,139.0,64.0,0.33267522211253703
41.0,1.0,20.0,0.3,0.1,0.8,4.0,5674.0,124.0,54.0,0.17448008459640466
41.0,1.0,21.0,0.3,0.1,0.8,4.0,5524.0,145.0,59.0,0.17614047791455467
41.0,1.0,22.0,0.3,0.1,0.8,4.0,5134.0,174.0,57.0,0.17744448772886637
41.0,1.0,23.0,0.3,0.1,0.8,4.0,4933.0,177.0,68.0,0.1800121629839854
41.0,1.0,24.0,0.3,0.1,0.8,4.0,4733.0,198.0,89.0,0.18022395943376293
41.0,1.0,25.0,0.3,0.1,0.8,4.0,4578.0,221.0,98.0,0.18414154652686762
41.0,1.0,26.0,0.3,0.1,0.8,4.0,4237.0,220.0,102.0,0.18857682322397923
41.0,1.0,27.0,0.3,0.1,0.8,4.0,4093.0,219.0,94.0,0.19252382115807476
41.0,1.0,28.0,0.3,0.1,0.8,4.0,3936.0,218.0,86.0,0.19410569105691056
41.0,1.0,29.0,0.3,0.1,0.8,4.0,3837.0,217.0,88.0,0.19755016940317957
41.0,1.0,30.0,0.3,0.1,0.8,4.0,3607.0,221.0,107.0,0.19822567230385363
41.0,1.0,31.0,0.3,0.1,0.8,4.0,3507.0,243.0,113.0,0.2030225263758198
41.0,1.0,32.0,0.3,0.1,0.8,4.0,3360.0,223.0,103.0,0.20625
41.0,1.0,33.0,0.3,0.1,0.8,4.0,3255.0,242.0,101.0,0.21136712749615977
41.0,1.0,34.0,0.3,0.1,0.8,4.0,3139.0,230.0,104.0,0.2140809174896464
41.0,1.0,35.0,0.3,0.1,0.8,4.0,3036.0,239.0,105.0,0.21640316205533597
41.0,1.0,36.0,0.3,0.1,0.8,4.0,2874.0,242.0,105.0,0.22164231036882392
41.0,1.0,37.0,0.3,0.1,0.8,4.0,2736.0,251.0,107.0,0.2273391812865497
41.0,1.0,38.0,0.3,0.1,0.8,4.0,2597.0,254.0,115.0,0.23296110897189065
41.0,1.0,39.0,0.3,0.1,0.8,4.0,2549.0,252.0,122.0,0.2365633581796783
41.0,1.0,40.0,0.3,0.1,0.8,4.0,2386.0,233.0,113.0,0.2426655490360436
41.0,1.0,41.0,0.3,0.1,0.8,4.0,2333.0,236.0,105.0,0.24689241320188599
41.0,1.0,42.0,0.3,0.1,0.8,4.0,2221.0,222.0,101.0,0.25078793336334987
41.0,1.0,43.0,0.3,0.1,0.8,4.0,2173.0,221.0,108.0,0.2563276576161988
41.0,1.0,44.0,0.3,0.1,0.8,4.0,2095.0,205.0,108.0,0.26157517899761334
41.0,1.0,45.0,0.3,0.1,0.8,4.0,2003.0,190.0,98.0,0.436345481777334
41.0,1.0,46.0,0.3,0.1,0.8,4.0,1932.0,166.0,80.0,0.4415113871635611
41.0,1.0,47.0,0.3,0.1,0.8,4.0,1894.0,162.0,79.0,0.4429778247096093
41.0,1.0,48.0,0.3,0.1,0.8,4.0,1773.0,149.0,75.0,0.45290468133107725
41.0,1.0,49.0,0.3,0.1,0.8,4.0,1749.0,139.0,82.0,0.45683247570040025
41.0,1.0,50.0,0.3,0.1,0.8,4.0,1699.0,135.0,81.0,0.45968216597998823
41.0,1.0,51.0,0.3,0.1,0.8,4.0,1669.0,128.0,68.0,0.46195326542840026
41.0,1.0,52.0,0.3,0.1,0.8,4.0,1604.0,113.0,48.0,0.4688279301745636
41.0,2.0,1.0,0.3,0.1,0.8,4.0,1584.0,106.0,47.0,0.4753787878787879
41.0,2.0,2.0,0.3,0.1,0.8,4.0,1536.0,101.0,47.0,0.482421875
41.0,2.0,3.0,0.3,0.1,0.8,4.0,1533.0,101.0,55.0,0.48532289628180036
41.0,2.0,4.0,0.3,0.1,0.8,4.0,1487.0,87.0,49.0,0.48957632817753866
41.0,2.0,5.0,0.3,0.1,0.8,4.0,1479.0,89.0,51.0,0.49290060851926976
41.0,2.0,6.0,0.3,0.1,0.8,4.0,1416.0,63.0,38.0,0.5
41.0,2.0,7.0,0.3,0.1,0.8,4.0,1404.0,59.0,36.0,0.5042735042735043
41.0,2.0,8.0,0.3,0.1,0.8,4.0,1365.0,44.0,26.0,0.5098901098901099
41.0,2.0,9.0,0.3,0.1,0.8,4.0,1345.0,46.0,30.0,0.5174721189591078
41.0,2.0,10.0,0.3,0.1,0.8,4.0,1291.0,41.0,22.0,0.5236250968241674
41.0,2.0,11.0,0.3,0.1,0.8,4.0,1287.0,41.0,22.0,0.526029526029526
41.0,2.0,12.0,0.3,0.1,0.8,4.0,1242.0,28.0,15.0,0.5322061191626409
41.0,2.0,13.0,0.3,0.1,0.8,4.0,1229.0,30.0,16.0,0.532953620829943
41.0,2.0,14.0,0.3,0.1,0.8,4.0,1209.0,23.0,18.0,0.5359801488833746
41.0,2.0,15.0,0.3,0.1,0.8,4.0,1186.0,24.0,13.0,0.5370994940978078
41.0,2.0,16.0,0.3,0.1,0.8,4.0,1170.0,16.0,10.0,0.5401709401709401
41.0,2.0,17.0,0.3,0.1,0.8,4.0,1150.0,17.0,9.0,0.54
41.0,2.0,18.0,0.3,0.1,0.8,4.0,1138.0,13.0,8.0,0.5421792618629174
41.0,2.0,19.0,0.3,0.1,0.8,4.0,1128.0,15.0,7.0,0.5452127659574468
41.0,2.0,20.0,0.3,0.1,0.8,4.0,1991.0,9.0,3.0,0.3068809643395279
41.0,2.0,21.0,0.3,0.1,0.8,4.0,1930.0,15.0,7.0,0.30984455958549223
41.0,2.0,22.0,0.3,0.1,0.8,4.0,1894.0,14.0,5.0,0.3109820485744456
41.0,2.0,23.0,0.3,0.1,0.8,4.0,1831.0,19.0,8.0,0.3102129983615511
41.0,2.0,24.0,0.3,0.1,0.8,4.0,1764.0,17.0,8.0,0.3129251700680272
41.0,2.0,25.0,0.3,0.1,0.8,4.0,1736.0,22.0,9.0,0.31105990783410137
41.0,2.0,26.0,0.3,0.1,0.8,4.0,1704.0,20.0,6.0,0.31220657276995306
41.0,2.0,27.0,0.3,0.1,0.8,4.0,1670.0,20.0,8.0,0.3149700598802395
41.0,2.0,28.0,0.3,0.1,0.8,4.0,1609.0,17.0,8.0,0.3175885643256681
41.0,2.0,29.0,0.3,0.1,0.8,4.0,1582.0,16.0,9.0,0.31605562579013907
41.0,2.0,30.0,0.3,0.1,0.8,4.0,1554.0,22.0,11.0,0.31724581724581724
41.0,2.0,31.0,0.3,0.1,0.8,4.0,1507.0,25.0,11.0,0.31785003317850036
41.0,2.0,32.0,0.3,0.1,0.8,4.0,1475.0,22.0,7.0,0.3152542372881356
41.0,2.0,33.0,0.3,0.1,0.8,4.0,1444.0,21.0,7.0,0.31994459833795014
41.0,2.0,34.0,0.3,0.1,0.8,4.0,1419.0,23.0,12.0,0.31994362226920364
41.0,2.0,35.0,0.3,0.1,0.8,4.0,1383.0,28.0,12.0,0.3224873463485177
41.0,2.0,36.0,0.3,0.1,0.8,4.0,1354.0,22.0,8.0,0.3212703101920236
41.0,2.0,37.0,0.3,0.1,0.8,4.0,1307.0,23.0,7.0,0.3221117061973986
41.0,2.0,38.0,0.3,0.1,0.8,4.0,1266.0,24.0,10.0,0.3278041074249605
41.0,2.0,39.0,0.3,0.1,0.8,4.0,1255.0,29.0,15.0,0.3250996015936255
41.0,2.0,40.0,0.3,0.1,0.8,4.0,1227.0,24.0,12.0,0.33007334963325186
41.0,2.0,41.0,0.3,0.1,0.8,4.0,1214.0,31.0,16.0,0.32948929159802304
41.0,2.0,42.0,0.3,0.1,0.8,4.0,1183.0,29.0,13.0,0.3330515638207946
41.0,2.0,43.0,0.3,0.1,0.8,4.0,1164.0,30.0,9.0,0.32989690721649484
41.0,2.0,44.0,0.3,0.1,0.8,4.0,1138.0,25.0,9.0,0.3321616871704745
41.0,2.0,45.0,0.3,0.1,0.8,4.0,1129.0,27.0,9.0,0.449955713020372
41.0,2.0,46.0,0.3,0.1,0.8,4.0,1112.0,29.0,15.0,0.4523381294964029
41.0,2.0,47.0,0.3,0.1,0.8,4.0,1103.0,33.0,14.0,0.4514959202175884
41.0,2.0,48.0,0.3,0.1,0.8,4.0,1091.0,34.0,13.0,0.458295142071494
41.0,2.0,49.0,0.3,0.1,0.8,4.0,1053.0,29.0,14.0,0.46153846153846156
41.0,2.0,50.0,0.3,0.1,0.8,4.0,1036.0,26.0,11.0,0.4700772200772201
41.0,2.0,51.0,0.3,0.1,0.8,4.0,1023.0,25.0,13.0,0.4613880742913001
41.0,2.0,52.0,0.3,0.1,0.8,4.0,990.0,22.0,13.0,0.4727272727272727
41.0,3.0,1.0,0.3,0.1,0.8,4.0,976.0,27.0,13.0,0.4682377049180328
41.0,3.0,2.0,0.3,0.1,0.8,4.0,965.0,25.0,12.0,0.47461139896373056
41.0,3.0,3.0,0.3,0.1,0.8,4.0,933.0,18.0,9.0,0.4758842443729904
41.0,3.0,4.0,0.3,0.1,0.8,4.0,929.0,20.0,10.0,0.48331539289558667
41.0,3.0,5.0,0.3,0.1,0.8,4.0,885.0,16.0,9.0,0.4768361581920904
41.0,3.0,6.0,0.3,0.1,0.8,4.0,874.0,14.0,7.0,0.4862700228832952
41.0,3.0,7.0,0.3,0.1,0.8,4.0,860.0,14.0,7.0,0.4744186046511628
41.0,3.0,8.0,0.3,0.1,0.8,4.0,849.0,12.0,6.0,0.48645465253239106
41.0,3.0,9.0,0.3,0.1,0.8,4.0,841.0,11.0,6.0,0.4803804994054697
41.0,3.0,10.0,0.3,0.1,0.8,4.0,830.0,8.0,5.0,0.4843373493975904
41.0,3.0,11.0,0.3,0.1,0.8,4.0,817.0,7.0,5.0,0.4834761321909425
41.0,3.0,12.0,0.3,0.1,0.8,4.0,804.0,7.0,3.0,0.4900497512437811
41.0,3.0,13.0,0.3,0.1,0.8,4.0,794.0,7.0,3.0,0.48740554156171284
41.0,3.0,14.0,0.3,0.1,0.8,4.0,784.0,7.0,3.0,0.4897959183673469
41.0,3.0,15.0,0.3,0.1,0.8,4.0,776.0,7.0,2.0,0.4845360824742268
41.0,3.0,16.0,0.3,0.1,0.8,4.0,770.0,6.0,4.0,0.4909090909090909
41.0,3.0,17.0,0.3,0.1,0.8,4.0,765.0,8.0,4.0,0.4875816993464052
41.0,3.0,18.0,0.3,0.1,0.8,4.0,761.0,9.0,3.0,0.4914586070959264
41.0,3.0,19.0,0.3,0.1,0.8,4.0,755.0,7.0,1.0,0.48874172185430464
41.0,3.0,20.0,0.3,0.1,0.8,4.0,1287.0,8.0,4.0,0.28438228438228436
41.0,3.0,21.0,0.3,0.1,0.8,4.0,1212.0,8.0,4.0,0.29042904290429045
41.0,3.0,22.0,0.3,0.1,0.8,4.0,1176.0,7.0,3.0,0.29081632653061223
41.0,3.0,23.0,0.3,0.1,0.8,4.0,1124.0,8.0,2.0,0.29537366548042704
41.0,3.0,24.0,0.3,0.1,0.8,4.0,1094.0,6.0,2.0,0.2961608775137112
41.0,3.0,25.0,0.3,0.1,0.8,4.0,1086.0,7.0,3.0,0.2937384898710866
41.0,3.0,26.0,0.3,0.1,0.8,4.0,1072.0,3.0,2.0,0.29384328358208955
41.0,3.0,27.0,0.3,0.1,0.8,4.0,1072.0,4.0,3.0,0.292910447761194
41.0,3.0,28.0,0.3,0.1,0.8,4.0,1047.0,3.0,3.0,0.2941738299904489
41.0,3.0,29.0,0.3,0.1,0.8,4.0,1036.0,2.0,2.0,0.2972972972972973
41.0,3.0,30.0,0.3,0.1,0.8,4.0,1013.0,1.0,0.0,0.2981243830207305
41.0,3.0,31.0,0.3,0.1,0.8,4.0,1022.0,5.0,1.0,0.29549902152641877
41.0,3.0,32.0,0.3,0.1,0.8,4.0,979.0,1.0,0.0,0.2931562819203269
41.0,3.0,33.0,0.3,0.1,0.8,4.0,955.0,2.0,1.0,0.2994764397905759
41.0,3.0,34.0,0.3,0.1,0.8,4.0,936.0,1.0,0.0,0.2938034188034188
41.0,3.0,35.0,0.3,0.1,0.8,4.0,924.0,3.0,2.0,0.2987012987012987
41.0,3.0,36.0,0.3,0.1,0.8,4.0,912.0,1.0,1.0,0.29385964912280704
41.0,3.0,37.0,0.3,0.1,0.8,4.0,887.0,3.0,1.0,0.294250281848929
41.0,3.0,38.0,0.3,0.1,0.8,4.0,869.0,0.0,0.0,0.29228998849252014
41.0,3.0,39.0,0.3,0.1,0.8,4.0,861.0,2.0,0.0,0.29152148664343785
41.0,3.0,40.0,0.3,0.1,0.8,4.0,844.0,0.0,0.0,0.2890995260663507
41.0,3.0,41.0,0.3,0.1,0.8,4.0,837.0,1.0,1.0,0.2951015531660693
41.0,3.0,42.0,0.3,0.1,0.8,4.0,802.0,0.0,0.0,0.29177057356608477
41.0,3.0,43.0,0.3,0.1,0.8,4.0,799.0,1.0,1.0,0.2978723404255319
41.0,3.0,44.0,0.3,0.1,0.8,4.0,772.0,0.0,0.0,0.29533678756476683
41.0,3.0,45.0,0.3,0.1,0.8,4.0,773.0,0.0,0.0,0.4359637774902975
41.0,3.0,46.0,0.3,0.1,0.8,4.0,749.0,0.0,0.0,0.43124165554072097
41.0,3.0,47.0,0.3,0.1,0.8,4.0,755.0,0.0,0.0,0.43178807947019865
41.0,3.0,48.0,0.3,0.1,0.8,4.0,731.0,0.0,0.0,0.42818057455540354
41.0,3.0,49.0,0.3,0.1,0.8,4.0,736.0,0.0,0.0,0.4320652173913043
41.0,3.0,50.0,0.3,0.1,0.8,4.0,716.0,0.0,0.0,0.4273743016759777
41.0,3.0,51.0,0.3,0.1,0.8,4.0,724.0,0.0,0.0,0.43232044198895025
41.0,3.0,52.0,0.3,0.1,0.8,4.0,706.0,0.0,0.0,0.42492917847025496
41.0,4.0,1.0,0.3,0.1,0.8,4.0,715.0,0.0,0.0,0.43496503496503497
41.0,4.0,2.0,0.3,0.1,0.8,4.0,689.0,0.0,0.0,0.42670537010159654
41.0,4.0,3.0,0.3,0.1,0.8,4.0,702.0,0.0,0.0,0.43447293447293445
41.0,4.0,4.0,0.3,0.1,0.8,4.0,684.0,0.0,0.0,0.42543859649122806
41.0,4.0,5.0,0.3,0.1,0.8,4.0,680.0,0.0,0.0,0.4338235294117647
41.0,4.0,6.0,0.3,0.1,0.8,4.0,664.0,0.0,0.0,0.42771084337349397
41.0,4.0,7.0,0.3,0.1,0.8,4.0,667.0,0.0,0.0,0.4362818590704648
41.0,4.0,8.0,0.3,0.1,0.8,4.0,648.0,0.0,0.0,0.42746913580246915
41.0,4.0,9.0,0.3,0.1,0.8,4.0,657.0,0.0,0.0,0.4398782343987823
41.0,4.0,10.0,0.3,0.1,0.8,4.0,629.0,0.0,0.0,0.42289348171701113
41.0,4.0,11.0,0.3,0.1,0.8,4.0,639.0,0.0,0.0,0.4397496087636933
41.0,4.0,12.0,0.3,0.1,0.8,4.0,614.0,0.0,0.0,0.42833876221498374
41.0,4.0,13.0,0.3,0.1,0.8,4.0,627.0,0.0,0.0,0.4433811802232855
41.0,4.0,14.0,0.3,0.1,0.8,4.0,604.0,0.0,0.0,0.4304635761589404
41.0,4.0,15.0,0.3,0.1,0.8,4.0,622.0,0.0,0.0,0.4437299035369775
41.0,4.0,16.0,0.3,0.1,0.8,4.0,603.0,0.0,0.0,0.4295190713101161
41.0,4.0,17.0,0.3,0.1,0.8,4.0,613.0,0.0,0.0,0.4437194127243067
41.0,4.0,18.0,0.3,0.1,0.8,4.0,595.0,0.0,0.0,0.42857142857142855
41.0,4.0,19.0,0.3,0.1,0.8,4.0,590.0,0.0,0.0,0.4406779661016949
41.0,4.0,20.0,0.3,0.1,0.8,4.0,1064.0,0.0,0.0,0.23026315789473684
41.0,4.0,21.0,0.3,0.1,0.8,4.0,1050.0,0.0,0.0,0.23809523809523808
41.0,4.0,22.0,0.3,0.1,0.8,4.0,963.0,0.0,0.0,0.2398753894080997
41.0,4.0,23.0,0.3,0.1,0.8,4.0,990.0,0.0,0.0,0.2404040404040404
41.0,4.0,24.0,0.3,0.1,0.8,4.0,929.0,0.0,0.0,0.2432723358449946
41.0,4.0,25.0,0.3,0.1,0.8,4.0,901.0,0.0,0.0,0.24750277469478357
41.0,4.0,26.0,0.3,0.1,0.8,4.0,863.0,0.0,0.0,0.2398609501738123
41.0,4.0,27.0,0.3,0.1,0.8,4.0,869.0,0.0,0.0,0.24856156501726123
41.0,4.0,28.0,0.3,0.1,0.8,4.0,821.0,0.0,0.0,0.24238733252131547
41.0,4.0,29.0,0.3,0.1,0.8,4.0,838.0,0.0,0.0,0.25178997613365156
41.0,4.0,30.0,0.3,0.1,0.8,4.0,799.0,0.0,0.0,0.2428035043804756
41.0,4.0,31.0,0.3,0.1,0.8,4.0,808.0,0.0,0.0,0.25
41.0,4.0,32.0,0.3,0.1,0.8,4.0,768.0,0.0,0.0,0.23567708333333334
41.0,4.0,33.0,0.3,0.1,0.8,4.0,787.0,0.0,0.0,0.24396442185514614
41.0,4.0,34.0,0.3,0.1,0.8,4.0,756.0,0.0,0.0,0.23412698412698413
41.0,4.0,35.0,0.3,0.1,0.8,4.0,749.0,0.0,0.0,0.24566088117489987
41.0,4.0,36.0,0.3,0.1,0.8,4.0,713.0,0.0,0.0,0.23983169705469845
41.0,4.0,37.0,0.3,0.1,0.8,4.0,713.0,0.0,0.0,0.2496493688639551
41.0,4.0,38.0,0.3,0.1,0.8,4.0,679.0,0.0,0.0,0.24300441826215022
41.0,4.0,39.0,0.3,0.1,0.8,4.0,695.0,0.0,0.0,0.2474820143884892
41.0,4.0,40.0,0.3,0.1,0.8,4.0,654.0,0.0,0.0,0.24617737003058104
41.0,4.0,41.0,0.3,0.1,0.8,4.0,676.0,0.0,0.0,0.2485207100591716
41.0,4.0,42.0,0.3,0.1,0.8,4.0,620.0,0.0,0.0,0.2467741935483871
41.0,4.0,43.0,0.3,0.1,0.8,4.0,635.0,0.0,0.0,0.2503937007874016
41.0,4.0,44.0,0.3,0.1,0.8,4.0,603.0,0.0,0.0,0.24378109452736318
41.0,4.0,45.0,0.3,0.1,0.8,4.0,611.0,0.0,0.0,0.4320785597381342
41.0,4.0,46.0,0.3,0.1,0.8,4.0,602.0,0.0,0.0,0.42857142857142855
41.0,4.0,47.0,0.3,0.1,0.8,4.0,602.0,0.0,0.0,0.43023255813953487
41.0,4.0,48.0,0.3,0.1,0.8,4.0,585.0,0.0,0.0,0.42905982905982903
41.0,4.0,49.0,0.3,0.1,0.8,4.0,584.0,0.0,0.0,0.4297945205479452
41.0,4.0,50.0,0.3,0.1,0.8,4.0,569.0,0.0,0.0,0.4270650263620387
41.0,4.0,51.0,0.3,0.1,0.8,4.0,560.0,0.0,0.0,0.4303571428571429
41.0,4.0,52.0,0.3,0.1,0.8,4.0,558.0,0.0,0.0,0.4265232974910394
41.0,5.0,1.0,0.3,0.1,0.8,4.0,549.0,0.0,0.0,0.43169398907103823
41.0,5.0,2.0,0.3,0.1,0.8,4.0,541.0,0.0,0.0,0.4288354898336414
41.0,5.0,3.0,0.3,0.1,0.8,4.0,536.0,0.0,0.0,0.44029850746268656
41.0,5.0,4.0,0.3,0.1,0.8,4.0,538.0,0.0,0.0,0.4312267657992565
41.0,5.0,5.0,0.3,0.1,0.8,4.0,533.0,0.0,0.0,0.43902439024390244
41.0,5.0,6.0,0.3,0.1,0.8,4.0,531.0,0.0,0.0,0.4274952919020716
41.0,5.0,7.0,0.3,0.1,0.8,4.0,525.0,0.0,0.0,0.4342857142857143
41.0,5.0,8.0,0.3,0.1,0.8,4.0,524.0,0.0,0.0,0.4312977099236641
41.0,5.0,9.0,0.3,0.1,0.8,4.0,521.0,0.0,0.0,0.43378119001919385
41.0,5.0,10.0,0.3,0.1,0.8,4.0,519.0,0.0,0.0,0.43352601156069365
41.0,5.0,11.0,0.3,0.1,0.8,4.0,515.0,0.0,0.0,0.4330097087378641
41.0,5.0,12.0,0.3,0.1,0.8,4.0,512.0,0.0,0.0,0.431640625
41.0,5.0,13.0,0.3,0.1,0.8,4.0,509.0,0.0,0.0,0.43222003929273084
41.0,5.0,14.0,0.3,0.1,0.8,4.0,511.0,0.0,0.0,0.4344422700587084
41.0,5.0,15.0,0.3,0.1,0.8,4.0,511.0,0.0,0.0,0.436399217221135
41.0,5.0,16.0,0.3,0.1,0.8,4.0,509.0,0.0,0.0,0.43418467583497056
41.0,5.0,17.0,0.3,0.1,0.8,4.0,504.0,0.0,0.0,0.4365079365079365
41.0,5.0,18.0,0.3,0.1,0.8,4.0,504.0,0.0,0.0,0.4365079365079365
41.0,5.0,19.0,0.3,0.1,0.8,4.0,500.0,0.0,0.0,0.434
41.0,5.0,20.0,0.3,0.1,0.8,4.0,966.0,0.0,0.0,0.2236024844720497
41.0,5.0,21.0,0.3,0.1,0.8,4.0,966.0,0.0,0.0,0.2236024844720497
41.0,5.0,22.0,0.3,0.1,0.8,4.0,931.0,0.0,0.0,0.22986036519871106
41.0,5.0,23.0,0.3,0.1,0.8,4.0,919.0,0.0,0.0,0.23286180631120784
41.0,5.0,24.0,0.3,0.1,0.8,4.0,878.0,0.0,0.0,0.24031890660592256
41.0,5.0,25.0,0.3,0.1,0.8,4.0,864.0,0.0,0.0,0.23842592592592593
41.0,5.0,26.0,0.3,0.1,0.8,4.0,859.0,0.0,0.0,0.23864959254947612
41.0,5.0,27.0,0.3,0.1,0.8,4.0,824.0,0.0,0.0,0.24393203883495146
41.0,5.0,28.0,0.3,0.1,0.8,4.0,820.0,0.0,0.0,0.24390243902439024
41.0,5.0,29.0,0.3,0.1,0.8,4.0,802.0,0.0,0.0,0.243142144638404
41.0,5.0,30.0,0.3,0.1,0.8,4.0,778.0,0.0,0.0,0.2442159383033419
41.0,5.0,31.0,0.3,0.1,0.8,4.0,752.0,0.0,0.0,0.24867021276595744
41.0,5.0,32.0,0.3,0.1,0.8,4.0,720.0,0.0,0.0,0.25416666666666665
41.0,5.0,33.0,0.3,0.1,0.8,4.0,691.0,0.0,0.0,0.2575976845151954
41.0,5.0,34.0,0.3,0.1,0.8,4.0,703.0,0.0,0.0,0.25604551920341395
41.0,5.0,35.0,0.3,0.1,0.8,4.0,690.0,0.0,0.0,0.2565217391304348
41.0,5.0,36.0,0.3,0.1,0.8,4.0,699.0,0.0,0.0,0.25608011444921314
41.0,5.0,37.0,0.3,0.1,0.8,4.0,688.0,0.0,0.0,0.25726744186046513
41.0,5.0,38.0,0.3,0.1,0.8,4.0,687.0,0.0,0.0,0.2561863173216885
41.0,5.0,39.0,0.3,0.1,0.8,4.0,665.0,0.0,0.0,0.26165413533834586
41.0,5.0,40.0,0.3,0.1,0.8,4.0,646.0,0.0,0.0,0.2585139318885449
41.0,5.0,41.0,0.3,0.1,0.8,4.0,618.0,0.0,0.0,0.2605177993527508
41.0,5.0,42.0,0.3,0.1,0.8,4.0,615.0,0.0,0.0,0.2601626016260163
41.0,5.0,43.0,0.3,0.1,0.8,4.0,612.0,0.0,0.0,0.25980392156862747
41.0,5.0,44.0,0.3,0.1,0.8,4.0,616.0,0.0,0.0,0.25811688311688313
41.0,5.0,45.0,0.3,0.1,0.8,4.0,603.0,0.0,0.0,0.40630182421227196
41.0,5.0,46.0,0.3,0.1,0.8,4.0,605.0,0.0,0.0,0.40826446280991735
41.0,5.0,47.0,0.3,0.1,0.8,4.0,601.0,0.0,0.0,0.4059900166389351
41.0,5.0,48.0,0.3,0.1,0.8,4.0,590.0,0.0,0.0,0.40847457627118644
41.0,5.0,49.0,0.3,0.1,0.8,4.0,577.0,0.0,0.0,0.4090121317157712
41.0,5.0,50.0,0.3,0.1,0.8,4.0,581.0,0.0,0.0,0.40963855421686746
41.0,5.0,51.0,0.3,0.1,0.8,4.0,578.0,0.0,0.0,0.40657439446366783
41.0,5.0,52.0,0.3,0.1,0.8,4.0,572.0,0.0,0.0,0.4125874125874126
41.0,6.0,1.0,0.3,0.1,0.8,4.0,573.0,0.0,0.0,0.4118673647469459
41.0,6.0,2.0,0.3,0.1,0.8,4.0,556.0,0.0,0.0,0.4118705035971223
41.0,6.0,3.0,0.3,0.1,0.8,4.0,553.0,0.0,0.0,0.40867992766726946
41.0,6.0,4.0,0.3,0.1,0.8,4.0,553.0,0.0,0.0,0.4104882459312839
41.0,6.0,5.0,0.3,0.1,0.8,4.0,550.0,0.0,0.0,0.4090909090909091
41.0,6.0,6.0,0.3,0.1,0.8,4.0,549.0,0.0,0.0,0.4098360655737705
41.0,6.0,7.0,0.3,0.1,0.8,4.0,543.0,0.0,0.0,0.4088397790055249
41.0,6.0,8.0,0.3,0.1,0.8,4.0,540.0,0.0,0.0,0.4111111111111111
41.0,6.0,9.0,0.3,0.1,0.8,4.0,537.0,0.0,0.0,0.409683426443203
41.0,6.0,10.0,0.3,0.1,0.8,4.0,537.0,0.0,0.0,0.4134078212290503
41.0,6.0,11.0,0.3,0.1,0.8,4.0,532.0,0.0,0.0,0.4116541353383459
41.0,6.0,12.0,0.3,0.1,0.8,4.0,528.0,0.0,0.0,0.4147727272727273
41.0,6.0,13.0,0.3,0.1,0.8,4.0,524.0,0.0,0.0,0.41412213740458015
41.0,6.0,14.0,0.3,0.1,0.8,4.0,524.0,0.0,0.0,0.41603053435114506
41.0,6.0,15.0,0.3,0.1,0.8,4.0,521.0,0.0,0.0,0.4126679462571977
41.0,6.0,16.0,0.3,0.1,0.8,4.0,523.0,0.0,0.0,0.4168260038240918
41.0,6.0,17.0,0.3,0.1,0.8,4.0,515.0,0.0,0.0,0.41359223300970877
41.0,6.0,18.0,0.3,0.1,0.8,4.0,517.0,0.0,0.0,0.41779497098646035
41.0,6.0,19.0,0.3,0.1,0.8,4.0,509.0,0.0,0.0,0.412573673870334
41.0,6.0,20.0,0.3,0.1,0.8,4.0,959.0,0.0,0.0,0.22314911366006257
41.0,6.0,21.0,0.3,0.1,0.8,4.0,918.0,0.0,0.0,0.21895424836601307
41.0,6.0,22.0,0.3,0.1,0.8,4.0,911.0,0.0,0.0,0.21953896816684962
41.0,6.0,23.0,0.3,0.1,0.8,4.0,905.0,0.0,0.0,0.21878453038674034
41.0,6.0,24.0,0.3,0.1,0.8,4.0,878.0,0.0,0.0,0.22209567198177677
41.0,6.0,25.0,0.3,0.1,0.8,4.0,870.0,0.0,0.0,0.2206896551724138
41.0,6.0,26.0,0.3,0.1,0.8,4.0,843.0,0.0,0.0,0.22538552787663108
41.0,6.0,27.0,0.3,0.1,0.8,4.0,864.0,0.0,0.0,0.2199074074074074
41.0,6.0,28.0,0.3,0.1,0.8,4.0,831.0,0.0,0.0,0.22382671480144403
41.0,6.0,29.0,0.3,0.1,0.8,4.0,840.0,0.0,0.0,0.22142857142857142
41.0,6.0,30.0,0.3,0.1,0.8,4.0,785.0,0.0,0.0,0.22547770700636943
41.0,6.0,31.0,0.3,0.1,0.8,4.0,789.0,0.0,0.0,0.22306717363751585
41.0,6.0,32.0,0.3,0.1,0.8,4.0,778.0,0.0,0.0,0.2249357326478149
41.0,6.0,33.0,0.3,0.1,0.8,4.0,784.0,0.0,0.0,0.22321428571428573
41.0,6.0,34.0,0.3,0.1,0.8,4.0,767.0,0.0,0.0,0.2242503259452412
41.0,6.0,35.0,0.3,0.1,0.8,4.0,759.0,0.0,0.0,0.22397891963109354
41.0,6.0,36.0,0.3,0.1,0.8,4.0,749.0,0.0,0.0,0.22563417890520696
41.0,6.0,37.0,0.3,0.1,0.8,4.0,743.0,0.0,0.0,0.22476446837146702
41.0,6.0,38.0,0.3,0.1,0.8,4.0,731.0,0.0,0.0,0.22298221614227087
41.0,6.0,39.0,0.3,0.1,0.8,4.0,724.0,0.0,0.0,0.2223756906077348
41.0,6.0,40.0,0.3,0.1,0.8,4.0,730.0,0.0,0.0,0.2232876712328767
41.0,6.0,41.0,0.3,0.1,0.8,4.0,707.0,0.0,0.0,0.22347949080622348
41.0,6.0,42.0,0.3,0.1,0.8,4.0,712.0,0.0,0.0,0.22331460674157302
41.0,6.0,43.0,0.3,0.1,0.8,4.0,705.0,0.0,0.0,0.2226950354609929
41.0,6.0,44.0,0.3,0.1,0.8,4.0,708.0,0.0,0.0,0.2245762711864407
41.0,6.0,45.0,0.3,0.1,0.8,4.0,694.0,0.0,0.0,0.3804034582132565
41.0,6.0,46.0,0.3,0.1,0.8,4.0,697.0,0.0,0.0,0.38737446197991393
41.0,6.0,47.0,0.3,0.1,0.8,4.0,677.0,0.0,0.0,0.37813884785819796
41.0,6.0,48.0,0.3,0.1,0.8,4.0,673.0,0.0,0.0,0.3818722139673105
41.0,6.0,49.0,0.3,0.1,0.8,4.0,659.0,0.0,0.0,0.37784522003034904
41.0,6.0,50.0,0.3,0.1,0.8,4.0,668.0,0.0,0.0,0.38323353293413176
41.0,6.0,51.0,0.3,0.1,0.8,4.0,650.0,0.0,0.0,0.38153846153846155
41.0,6.0,52.0,0.3,0.1,0.8,4.0,656.0,0.0,0.0,0.38414634146341464
41.0,7.0,1.0,0.3,0.1,0.8,4.0,647.0,0.0,0.0,0.38176197836166925
41.0,7.0,2.0,0.3,0.1,0.8,4.0,639.0,0.0,0.0,0.38810641627543035
41.0,7.0,3.0,0.3,0.1,0.8,4.0,629.0,0.0,0.0,0.3847376788553259
41.0,7.0,4.0,0.3,0.1,0.8,4.0,638.0,0.0,0.0,0.38557993730407525
41.0,7.0,5.0,0.3,0.1,0.8,4.0,616.0,0.0,0.0,0.387987012987013
41.0,7.0,6.0,0.3,0.1,0.8,4.0,624.0,0.0,0.0,0.3894230769230769
41.0,7.0,7.0,0.3,0.1,0.8,4.0,613.0,0.0,0.0,0.38499184339314846
41.0,7.0,8.0,0.3,0.1,0.8,4.0,620.0,0.0,0.0,0.3870967741935484
41.0,7.0,9.0,0.3,0.1,0.8,4.0,606.0,0.0,0.0,0.38613861386138615
41.0,7.0,10.0,0.3,0.1,0.8,4.0,613.0,0.0,0.0,0.3898858075040783
41.0,7.0,11.0,0.3,0.1,0.8,4.0,600.0,0.0,0.0,0.385
41.0,7.0,12.0,0.3,0.1,0.8,4.0,609.0,0.0,0.0,0.38752052545155996
41.0,7.0,13.0,0.3,0.1,0.8,4.0,583.0,0.0,0.0,0.3893653516295026
41.0,7.0,14.0,0.3,0.1,0.8,4.0,578.0,0.0,0.0,0.4013840830449827
41.0,7.0,15.0,0.3,0.1,0.8,4.0,567.0,0.0,0.0,0.3950617283950617
41.0,7.0,16.0,0.3,0.1,0.8,4.0,577.0,0.0,0.0,0.4003466204506066
41.0,7.0,17.0,0.3,0.1,0.8,4.0,562.0,0.0,0.0,0.398576512455516
41.0,7.0,18.0,0.3,0.1,0.8,4.0,575.0,0.0,0.0,0.4
41.0,7.0,19.0,0.3,0.1,0.8,4.0,558.0,0.0,0.0,0.3978494623655914
41.0,7.0,20.0,0.3,0.1,0.8,4.0,1037.0,0.0,0.0,0.218900675024108
41.0,7.0,21.0,0.3,0.1,0.8,4.0,982.0,0.0,0.0,0.2189409368635438
41.0,7.0,22.0,0.3,0.1,0.8,4.0,988.0,0.0,0.0,0.21963562753036436
41.0,7.0,23.0,0.3,0.1,0.8,4.0,928.0,0.0,0.0,0.22306034482758622
41.0,7.0,24.0,0.3,0.1,0.8,4.0,943.0,0.0,0.0,0.2258748674443266
41.0,7.0,25.0,0.3,0.1,0.8,4.0,858.0,0.0,0.0,0.2365967365967366
41.0,7.0,26.0,0.3,0.1,0.8,4.0,862.0,0.0,0.0,0.23781902552204176
41.0,7.0,27.0,0.3,0.1,0.8,4.0,812.0,0.0,0.0,0.24014778325123154
41.0,7.0,28.0,0.3,0.1,0.8,4.0,796.0,0.0,0.0,0.24371859296482412
41.0,7.0,29.0,0.3,0.1,0.8,4.0,773.0,0.0,0.0,0.24191461836998707
41.0,7.0,30.0,0.3,0.1,0.8,4.0,784.0,0.0,0.0,0.23979591836734693
41.0,7.0,31.0,0.3,0.1,0.8,4.0,759.0,0.0,0.0,0.24242424242424243
41.0,7.0,32.0,0.3,0.1,0.8,4.0,771.0,0.0,0.0,0.23994811932555124
41.0,7.0,33.0,0.3,0.1,0.8,4.0,738.0,0.0,0.0,0.24932249322493225
41.0,7.0,34.0,0.3,0.1,0.8,4.0,750.0,0.0,0.0,0.24666666666666667
41.0,7.0,35.0,0.3,0.1,0.8,4.0,723.0,0.0,0.0,0.2475795297372061
41.0,7.0,36.0,0.3,0.1,0.8,4.0,735.0,0.0,0.0,0.24489795918367346
41.0,7.0,37.0,0.3,0.1,0.8,4.0,723.0,0.0,0.0,0.2475795297372061
41.0,7.0,38.0,0.3,0.1,0.8,4.0,724.0,0.0,0.0,0.24585635359116023
41.0,7.0,39.0,0.3,0.1,0.8,4.0,715.0,0.0,0.0,0.24755244755244754
41.0,7.0,40.0,0.3,0.1,0.8,4.0,724.0,0.0,0.0,0.24585635359116023
41.0,7.0,41.0,0.3,0.1,0.8,4.0,711.0,0.0,0.0,0.2489451476793249
41.0,7.0,42.0,0.3,0.1,0.8,4.0,723.0,0.0,0.0,0.24619640387275243
41.0,7.0,43.0,0.3,0.1,0.8,4.0,696.0,0.0,0.0,0.25
41.0,7.0,44.0,0.3,0.1,0.8,4.0,707.0,0.0,0.0,0.24611032531824611
41.0,7.0,45.0,0.3,0.1,0.8,4.0,696.0,0.0,0.0,0.4295977011494253
41.0,7.0,46.0,0.3,0.1,0.8,4.0,694.0,0.0,0.0,0.4265129682997118
41.0,7.0,47.0,0.3,0.1,0.8,4.0,682.0,0.0,0.0,0.43255131964809385
41.0,7.0,48.0,0.3,0.1,0.8,4.0,693.0,0.0,0.0,0.42568542568542567
41.0,7.0,49.0,0.3,0.1,0.8,4.0,650.0,0.0,0.0,0.4307692307692308
41.0,7.0,50.0,0.3,0.1,0.8,4.0,661.0,0.0,0.0,0.42511346444780634
41.0,7.0,51.0,0.3,0.1,0.8,4.0,641.0,0.0,0.0,0.43525741029641185
41.0,7.0,52.0,0.3,0.1,0.8,4.0,648.0,0.0,0.0,0.42901234567901236
41.0,8.0,1.0,0.3,0.1,0.8,4.0,634.0,0.0,0.0,0.4353312302839117
41.0,8.0,2.0,0.3,0.1,0.8,4.0,644.0,0.0,0.0,0.42857142857142855
41.0,8.0,3.0,0.3,0.1,0.8,4.0,633.0,0.0,0.0,0.4344391785150079
41.0,8.0,4.0,0.3,0.1,0.8,4.0,643.0,0.0,0.0,0.42923794712286156
41.0,8.0,5.0,0.3,0.1,0.8,4.0,606.0,0.0,0.0,0.4273927392739274
41.0,8.0,6.0,0.3,0.1,0.8,4.0,615.0,0.0,0.0,0.4195121951219512
41.0,8.0,7.0,0.3,0.1,0.8,4.0,604.0,0.0,0.0,0.4271523178807947
41.0,8.0,8.0,0.3,0.1,0.8,4.0,608.0,0.0,0.0,0.42105263157894735
41.0,8.0,9.0,0.3,0.1,0.8,4.0,586.0,0.0,0.0,0.4334470989761092
41.0,8.0,10.0,0.3,0.1,0.8,4.0,591.0,0.0,0.0,0.428087986463621
41.0,8.0,11.0,0.3,0.1,0.8,4.0,581.0,0.0,0.0,0.43717728055077454
41.0,8.0,12.0,0.3,0.1,0.8,4.0,585.0,0.0,0.0,0.42905982905982903
41.0,8.0,13.0,0.3,0.1,0.8,4.0,577.0,0.0,0.0,0.43674176776429807
41.0,8.0,14.0,0.3,0.1,0.8,4.0,580.0,0.0,0.0,0.43275862068965515
41.0,8.0,15.0,0.3,0.1,0.8,4.0,549.0,0.0,0.0,0.4426229508196721
41.0,8.0,16.0,0.3,0.1,0.8,4.0,553.0,0.0,0.0,0.4376130198915009
41.0,8.0,17.0,0.3,0.1,0.8,4.0,544.0,0.0,0.0,0.44485294117647056
41.0,8.0,18.0,0.3,0.1,0.8,4.0,546.0,0.0,0.0,0.4413919413919414
41.0,8.0,19.0,0.3,0.1,0.8,4.0,538.0,0.0,0.0,0.4479553903345725
41.0,8.0,20.0,0.3,0.1,0.8,4.0,982.0,0.0,0.0,0.24439918533604887
41.0,8.0,21.0,0.3,0.1,0.8,4.0,960.0,0.0,0.0,0.24791666666666667
41.0,8.0,22.0,0.3,0.1,0.8,4.0,949.0,0.0,0.0,0.24552160168598525
41.0,8.0,23.0,0.3,0.1,0.8,4.0,907.0,0.0,0.0,0.24917309812568908
41.0,8.0,24.0,0.3,0.1,0.8,4.0,907.0,0.0,0.0,0.24696802646085997
41.0,8.0,25.0,0.3,0.1,0.8,4.0,880.0,0.0,0.0,0.25113636363636366
41.0,8.0,26.0,0.3,0.1,0.8,4.0,888.0,0.0,0.0,0.24887387387387389
41.0,8.0,27.0,0.3,0.1,0.8,4.0,876.0,0.0,0.0,0.2522831050228311
41.0,8.0,28.0,0.3,0.1,0.8,4.0,875.0,0.0,0.0,0.248
41.0,8.0,29.0,0.3,0.1,0.8,4.0,820.0,0.0,0.0,0.2548780487804878
41.0,8.0,30.0,0.3,0.1,0.8,4.0,807.0,0.0,0.0,0.2577447335811648
41.0,8.0,31.0,0.3,0.1,0.8,4.0,795.0,0.0,0.0,0.26163522012578616
41.0,8.0,32.0,0.3,0.1,0.8,4.0,785.0,0.0,0.0,0.2624203821656051
41.0,8.0,33.0,0.3,0.1,0.8,4.0,774.0,0.0,0.0,0.26744186046511625
41.0,8.0,34.0,0.3,0.1,0.8,4.0,785.0,0.0,0.0,0.2624203821656051
41.0,8.0,35.0,0.3,0.1,0.8,4.0,761.0,0.0,0.0,0.26412614980289095
41.0,8.0,36.0,0.3,0.1,0.8,4.0,772.0,0.0,0.0,0.2603626943005181
41.0,8.0,37.0,0.3,0.1,0.8,4.0,743.0,0.0,0.0,0.26648721399730824
41.0,8.0,38.0,0.3,0.1,0.8,4.0,742.0,0.0,0.0,0.2601078167115903
41.0,8.0,39.0,0.3,0.1,0.8,4.0,698.0,0.0,0.0,0.2693409742120344
41.0,8.0,40.0,0.3,0.1,0.8,4.0,705.0,0.0,0.0,0.2680851063829787
41.0,8.0,41.0,0.3,0.1,0.8,4.0,693.0,0.0,0.0,0.2727272727272727
41.0,8.0,42.0,0.3,0.1,0.8,4.0,692.0,0.0,0.0,0.27167630057803466
41.0,8.0,43.0,0.3,0.1,0.8,4.0,682.0,0.0,0.0,0.2756598240469208
41.0,8.0,44.0,0.3,0.1,0.8,4.0,687.0,0.0,0.0,0.2692867540029112
41.0,8.0,45.0,0.3,0.1,0.8,4.0,670.0,0.0,0.0,0.42686567164179107
41.0,8.0,46.0,0.3,0.1,0.8,4.0,685.0,0.0,0.0,0.42627737226277373
41.0,8.0,47.0,0.3,0.1,0.8,4.0,670.0,0.0,0.0,0.42686567164179107
41.0,8.0,48.0,0.3,0.1,0.8,4.0,675.0,0.0,0.0,0.4266666666666667
41.0,8.0,49.0,0.3,0.1,0.8,4.0,654.0,0.0,0.0,0.42660550458715596
41.0,8.0,50.0,0.3,0.1,0.8,4.0,669.0,0.0,0.0,0.4289985052316891
41.0,8.0,51.0,0.3,0.1,0.8,4.0,643.0,0.0,0.0,0.42923794712286156
41.0,8.0,52.0,0.3,0.1,0.8,4.0,653.0,0.0,0.0,0.4318529862174579
41.0,9.0,1.0,0.3,0.1,0.8,4.0,640.0,0.0,0.0,0.4296875
41.0,9.0,2.0,0.3,0.1,0.8,4.0,653.0,0.0,0.0,0.4318529862174579
41.0,9.0,3.0,0.3,0.1,0.8,4.0,625.0,0.0,0.0,0.4336
41.0,9.0,4.0,0.3,0.1,0.8,4.0,635.0,0.0,0.0,0.43622047244094486
41.0,9.0,5.0,0.3,0.1,0.8,4.0,614.0,0.0,0.0,0.43485342019543977
41.0,9.0,6.0,0.3,0.1,0.8,4.0,625.0,0.0,0.0,0.4352
41.0,9.0,7.0,0.3,0.1,0.8,4.0,613.0,0.0,0.0,0.4355628058727569
41.0,9.0,8.0,0.3,0.1,0.8,4.0,623.0,0.0,0.0,0.43820224719101125
41.0,9.0,9.0,0.3,0.1,0.8,4.0,611.0,0.0,0.0,0.4369885433715221
41.0,9.0,10.0,0.3,0.1,0.8,4.0,618.0,0.0,0.0,0.43851132686084143
41.0,9.0,11.0,0.3,0.1,0.8,4.0,604.0,0.0,0.0,0.44039735099337746
41.0,9.0,12.0,0.3,0.1,0.8,4.0,610.0,0.0,0.0,0.4426229508196721
41.0,9.0,13.0,0.3,0.1,0.8,4.0,603.0,0.0,0.0,0.44112769485903813
41.0,9.0,14.0,0.3,0.1,0.8,4.0,588.0,0.0,0.0,0.44727891156462585
41.0,9.0,15.0,0.3,0.1,0.8,4.0,580.0,0.0,0.0,0.45
41.0,9.0,16.0,0.3,0.1,0.8,4.0,584.0,0.0,0.0,0.4503424657534247
41.0,9.0,17.0,0.3,0.1,0.8,4.0,572.0,0.0,0.0,0.44755244755244755
41.0,9.0,18.0,0.3,0.1,0.8,4.0,583.0,0.0,0.0,0.451114922813036
41.0,9.0,19.0,0.3,0.1,0.8,4.0,572.0,0.0,0.0,0.44755244755244755
41.0,9.0,20.0,0.3,0.1,0.8,4.0,1026.0,0.0,0.0,0.24853801169590642
41.0,9.0,21.0,0.3,0.1,0.8,4.0,946.0,0.0,0.0,0.2526427061310782
41.0,9.0,22.0,0.3,0.1,0.8,4.0,947.0,0.0,0.0,0.2565997888067582
41.0,9.0,23.0,0.3,0.1,0.8,4.0,904.0,0.0,0.0,0.2588495575221239
41.0,9.0,24.0,0.3,0.1,0.8,4.0,906.0,0.0,0.0,0.26490066225165565
41.0,9.0,25.0,0.3,0.1,0.8,4.0,842.0,0.0,0.0,0.2660332541567696
41.0,9.0,26.0,0.3,0.1,0.8,4.0,861.0,0.0,0.0,0.2694541231126597
41.0,9.0,27.0,0.3,0.1,0.8,4.0,841.0,0.0,0.0,0.26634958382877527
41.0,9.0,28.0,0.3,0.1,0.8,4.0,838.0,0.0,0.0,0.2684964200477327
41.0,9.0,29.0,0.3,0.1,0.8,4.0,813.0,0.0,0.0,0.26691266912669126
41.0,9.0,30.0,0.3,0.1,0.8,4.0,819.0,0.0,0.0,0.27228327228327226
41.0,9.0,31.0,0.3,0.1,0.8,4.0,781.0,0.0,0.0,0.2701664532650448
41.0,9.0,32.0,0.3,0.1,0.8,4.0,790.0,0.0,0.0,0.27341772151898736
41.0,9.0,33.0,0.3,0.1,0.8,4.0,778.0,0.0,0.0,0.2712082262210797
41.0,9.0,34.0,0.3,0.1,0.8,4.0,774.0,0.0,0.0,0.2751937984496124
41.0,9.0,35.0,0.3,0.1,0.8,4.0,776.0,0.0,0.0,0.27190721649484534
41.0,9.0,36.0,0.3,0.1,0.8,4.0,776.0,0.0,0.0,0.2770618556701031
41.0,9.0,37.0,0.3,0.1,0.8,4.0,748.0,0.0,0.0,0.2807486631016043
41.0,9.0,38.0,0.3,0.1,0.8,4.0,748.0,0.0,0.0,0.28609625668449196
41.0,9.0,39.0,0.3,0.1,0.8,4.0,751.0,0.0,0.0,0.2796271637816245
41.0,9.0,40.0,0.3,0.1,0.8,4.0,747.0,0.0,0.0,0.285140562248996
41.0,9.0,41.0,0.3,0.1,0.8,4.0,750.0,0.0,0.0,0.2826666666666667
41.0,9.0,42.0,0.3,0.1,0.8,4.0,750.0,0.0,0.0,0.284
41.0,9.0,43.0,0.3,0.1,0.8,4.0,749.0,0.0,0.0,0.2817089452603471
41.0,9.0,44.0,0.3,0.1,0.8,4.0,735.0,0.0,0.0,0.2870748299319728
41.0,9.0,45.0,0.3,0.1,0.8,4.0,732.0,0.0,0.0,0.4344262295081967
41.0,9.0,46.0,0.3,0.1,0.8,4.0,726.0,0.0,0.0,0.4393939393939394
41.0,9.0,47.0,0.3,0.1,0.8,4.0,697.0,0.0,0.0,0.4418938307030129
41.0,9.0,48.0,0.3,0.1,0.8,4.0,700.0,0.0,0.0,0.4471428571428571
41.0,9.0,49.0,0.3,0.1,0.8,4.0,687.0,0.0,0.0,0.4410480349344978
41.0,9.0,50.0,0.3,0.1,0.8,4.0,688.0,0.0,0.0,0.44476744186046513
41.0,9.0,51.0,0.3,0.1,0.8,4.0,689.0,0.0,0.0,0.4397677793904209
41.0,9.0,52.0,0.3,0.1,0.8,4.0,687.0,0.0,0.0,0.44395924308588064
41.0,10.0,1.0,0.3,0.1,0.8,4.0,687.0,0.0,0.0,0.4395924308588064
41.0,10.0,2.0,0.3,0.1,0.8,4.0,683.0,0.0,0.0,0.445095168374817
41.0,10.0,3.0,0.3,0.1,0.8,4.0,685.0,0.0,0.0,0.4394160583941606
41.0,10.0,4.0,0.3,0.1,0.8,4.0,683.0,0.0,0.0,0.445095168374817
41.0,10.0,5.0,0.3,0.1,0.8,4.0,686.0,0.0,0.0,0.4402332361516035
41.0,10.0,6.0,0.3,0.1,0.8,4.0,680.0,0.0,0.0,0.4470588235294118
41.0,10.0,7.0,0.3,0.1,0.8,4.0,683.0,0.0,0.0,0.44216691068814057
41.0,10.0,8.0,0.3,0.1,0.8,4.0,678.0,0.0,0.0,0.4469026548672566
41.0,10.0,9.0,0.3,0.1,0.8,4.0,676.0,0.0,0.0,0.4437869822485207
41.0,10.0,10.0,0.3,0.1,0.8,4.0,676.0,0.0,0.0,0.4467455621301775
41.0,10.0,11.0,0.3,0.1,0.8,4.0,661.0,0.0,0.0,0.4508320726172466
41.0,10.0,12.0,0.3,0.1,0.8,4.0,660.0,0.0,0.0,0.453030303030303
41.0,10.0,13.0,0.3,0.1,0.8,4.0,643.0,0.0,0.0,0.4525660964230171
41.0,10.0,14.0,0.3,0.1,0.8,4.0,645.0,0.0,0.0,0.45271317829457364
41.0,10.0,15.0,0.3,0.1,0.8,4.0,640.0,0.0,0.0,0.453125
41.0,10.0,16.0,0.3,0.1,0.8,4.0,643.0,0.0,0.0,0.4525660964230171
41.0,10.0,17.0,0.3,0.1,0.8,4.0,637.0,0.0,0.0,0.4552590266875981
41.0,10.0,18.0,0.3,0.1,0.8,4.0,640.0,0.0,0.0,0.4546875
41.0,10.0,19.0,0.3,0.1,0.8,4.0,636.0,0.0,0.0,0.45754716981132076
41.0,10.0,20.0,0.3,0.1,0.8,4.0,1096.0,0.0,0.0,0.24452554744525548
41.0,10.0,21.0,0.3,0.1,0.8,4.0,1060.0,0.0,0.0,0.24433962264150944
41.0,10.0,22.0,0.3,0.1,0.8,4.0,1019.0,0.0,0.0,0.2433758586849853
41.0,10.0,23.0,0.3,0.1,0.8,4.0,978.0,0.0,0.0,0.25357873210633947
41.0,10.0,24.0,0.3,0.1,0.8,4.0,969.0,0.0,0.0,0.2528379772961816
41.0,10.0,25.0,0.3,0.1,0.8,4.0,957.0,0.0,0.0,0.2560083594566353
41.0,10.0,26.0,0.3,0.1,0.8,4.0,945.0,0.0,0.0,0.25396825396825395
41.0,10.0,27.0,0.3,0.1,0.8,4.0,916.0,0.0,0.0,0.2587336244541485
41.0,10.0,28.0,0.3,0.1,0.8,4.0,898.0,0.0,0.0,0.25501113585746105
41.0,10.0,29.0,0.3,0.1,0.8,4.0,876.0,0.0,0.0,0.2625570776255708
41.0,10.0,30.0,0.3,0.1,0.8,4.0,836.0,0.0,0.0,0.2583732057416268
41.0,10.0,31.0,0.3,0.1,0.8,4.0,818.0,0.0,0.0,0.2665036674816626
41.0,10.0,32.0,0.3,0.1,0.8,4.0,789.0,0.0,0.0,0.2674271229404309
41.0,10.0,33.0,0.3,0.1,0.8,4.0,796.0,0.0,0.0,0.27261306532663315
41.0,10.0,34.0,0.3,0.1,0.8,4.0,786.0,0.0,0.0,0.2684478371501272
41.0,10.0,35.0,0.3,0.1,0.8,4.0,786.0,0.0,0.0,0.2748091603053435
41.0,10.0,36.0,0.3,0.1,0.8,4.0,776.0,0.0,0.0,0.2706185567010309
41.0,10.0,37.0,0.3,0.1,0.8,4.0,786.0,0.0,0.0,0.2748091603053435
41.0,10.0,38.0,0.3,0.1,0.8,4.0,764.0,0.0,0.0,0.27225130890052357
41.0,10.0,39.0,0.3,0.1,0.8,4.0,754.0,0.0,0.0,0.27718832891246686
41.0,10.0,40.0,0.3,0.1,0.8,4.0,744.0,0.0,0.0,0.2728494623655914
41.0,10.0,41.0,0.3,0.1,0.8,4.0,756.0,0.0,0.0,0.2791005291005291
41.0,10.0,42.0,0.3,0.1,0.8,4.0,744.0,0.0,0.0,0.27419354838709675
41.0,10.0,43.0,0.3,0.1,0.8,4.0,752.0,0.0,0.0,0.27925531914893614
41.0,10.0,44.0,0.3,0.1,0.8,4.0,741.0,0.0,0.0,0.27530364372469635
41.0,10.0,45.0,0.3,0.1,0.8,4.0,748.0,0.0,0.0,0.42379679144385024
41.0,10.0,46.0,0.3,0.1,0.8,4.0,728.0,0.0,0.0,0.41895604395604397
41.0,10.0,47.0,0.3,0.1,0.8,4.0,712.0,0.0,0.0,0.42696629213483145
41.0,10.0,48.0,0.3,0.1,0.8,4.0,705.0,0.0,0.0,0.4226950354609929
41.0,10.0,49.0,0.3,0.1,0.8,4.0,695.0,0.0,0.0,0.4330935251798561
41.0,10.0,50.0,0.3,0.1,0.8,4.0,687.0,0.0,0.0,0.4279475982532751
41.0,10.0,51.0,0.3,0.1,0.8,4.0,679.0,0.0,0.0,0.43446244477172313
41.0,10.0,52.0,0.3,0.1,0.8,4.0,666.0,0.0,0.0,0.43243243243243246
42.0,1.0,1.0,0.3,0.1,0.8,4.0,5178.0,56.0,8.0,0.30571649285438396
42.0,1.0,2.0,0.3,0.1,0.8,4.0,5119.0,59.0,22.0,0.30611447548349285
42.0,1.0,3.0,0.3,0.1,0.8,4.0,5050.0,65.0,33.0,0.3099009900990099
42.0,1.0,4.0,0.3,0.1,0.8,4.0,4907.0,73.0,36.0,0.3134297941715916
42.0,1.0,5.0,0.3,0.1,0.8,4.0,4890.0,104.0,37.0,0.3159509202453988
42.0,1.0,6.0,0.3,0.1,0.8,4.0,4761.0,115.0,40.0,0.31758034026465026
42.0,1.0,7.0,0.3,0.1,0.8,4.0,4614.0,131.0,48.0,0.31772865192891203
42.0,1.0,8.0,0.3,0.1,0.8,4.0,4516.0,162.0,60.0,0.31975199291408324
42.0,1.0,9.0,0.3,0.1,0.8,4.0,4330.0,165.0,67.0,0.3203233256351039
42.0,1.0,10.0,0.3,0.1,0.8,4.0,4197.0,189.0,76.0,0.31951393852751964
42.0,1.0,11.0,0.3,0.1,0.8,4.0,4079.0,217.0,83.0,0.31968619759745037
42.0,1.0,12.0,0.3,0.1,0.8,4.0,3947.0,214.0,93.0,0.3222700785406638
42.0,1.0,13.0,0.3,0.1,0.8,4.0,3849.0,227.0,106.0,0.323460639127046
42.0,1.0,14.0,0.3,0.1,0.8,4.0,3671.0,223.0,106.0,0.3271588123127213
42.0,1.0,15.0,0.3,0.1,0.8,4.0,3584.0,223.0,108.0,0.3267299107142857
42.0,1.0,16.0,0.3,0.1,0.8,4.0,3405.0,205.0,100.0,0.3327459618208517
42.0,1.0,17.0,0.3,0.1,0.8,4.0,3353.0,201.0,96.0,0.3328362660304205
42.0,1.0,18.0,0.3,0.1,0.8,4.0,3233.0,193.0,95.0,0.33931333127126506
42.0,1.0,19.0,0.3,0.1,0.8,4.0,3129.0,184.0,99.0,0.3410035155001598
42.0,1.0,20.0,0.3,0.1,0.8,4.0,5757.0,179.0,101.0,0.1829077644606566
42.0,1.0,21.0,0.3,0.1,0.8,4.0,5455.0,227.0,88.0,0.18588450962419797
42.0,1.0,22.0,0.3,0.1,0.8,4.0,5052.0,250.0,94.0,0.1922011084718923
42.0,1.0,23.0,0.3,0.1,0.8,4.0,4884.0,270.0,106.0,0.1941031941031941
42.0,1.0,24.0,0.3,0.1,0.8,4.0,4666.0,293.0,118.0,0.19845692241748822
42.0,1.0,25.0,0.3,0.1,0.8,4.0,4371.0,324.0,123.0,0.20544497826584307
42.0,1.0,26.0,0.3,0.1,0.8,4.0,4140.0,347.0,138.0,0.20917874396135266
42.0,1.0,27.0,0.3,0.1,0.8,4.0,3927.0,367.0,144.0,0.21466768525592056
42.0,1.0,28.0,0.3,0.1,0.8,4.0,3722.0,404.0,168.0,0.2184309511015583
42.0,1.0,29.0,0.3,0.1,0.8,4.0,3583.0,410.0,182.0,0.22355567959810216
42.0,1.0,30.0,0.3,0.1,0.8,4.0,3435.0,444.0,207.0,0.2282387190684134
42.0,1.0,31.0,0.3,0.1,0.8,4.0,3283.0,437.0,193.0,0.23545537618032286
42.0,1.0,32.0,0.3,0.1,0.8,4.0,3121.0,423.0,197.0,0.24223005446972123
42.0,1.0,33.0,0.3,0.1,0.8,4.0,2951.0,372.0,183.0,0.25177905794645883
42.0,1.0,34.0,0.3,0.1,0.8,4.0,2812.0,367.0,197.0,0.25675675675675674
42.0,1.0,35.0,0.3,0.1,0.8,4.0,2683.0,352.0,178.0,0.2668654491241148
42.0,1.0,36.0,0.3,0.1,0.8,4.0,2511.0,316.0,159.0,0.27837514934289126
42.0,1.0,37.0,0.3,0.1,0.8,4.0,2386.0,284.0,141.0,0.2862531433361274
42.0,1.0,38.0,0.3,0.1,0.8,4.0,2256.0,255.0,132.0,0.29654255319148937
42.0,1.0,39.0,0.3,0.1,0.8,4.0,2199.0,232.0,119.0,0.30331969076853116
42.0,1.0,40.0,0.3,0.1,0.8,4.0,2067.0,217.0,121.0,0.31398161586840834
42.0,1.0,41.0,0.3,0.1,0.8,4.0,2030.0,193.0,108.0,0.31724137931034485
42.0,1.0,42.0,0.3,0.1,0.8,4.0,1939.0,178.0,101.0,0.3285198555956679
42.0,1.0,43.0,0.3,0.1,0.8,4.0,1850.0,146.0,78.0,0.33513513513513515
42.0,1.0,44.0,0.3,0.1,0.8,4.0,1757.0,139.0,67.0,0.3500284575981787
42.0,1.0,45.0,0.3,0.1,0.8,4.0,1718.0,127.0,61.0,0.4970896391152503
42.0,1.0,46.0,0.3,0.1,0.8,4.0,1664.0,117.0,58.0,0.5024038461538461
42.0,1.0,47.0,0.3,0.1,0.8,4.0,1629.0,99.0,53.0,0.4990791896869245
42.0,1.0,48.0,0.3,0.1,0.8,4.0,1557.0,79.0,51.0,0.5144508670520231
42.0,1.0,49.0,0.3,0.1,0.8,4.0,1539.0,70.0,44.0,0.51137102014295
42.0,1.0,50.0,0.3,0.1,0.8,4.0,1499.0,62.0,39.0,0.5210140093395597
42.0,1.0,51.0,0.3,0.1,0.8,4.0,1481.0,43.0,25.0,0.5226198514517219
42.0,1.0,52.0,0.3,0.1,0.8,4.0,1437.0,35.0,20.0,0.5288796102992345
42.0,2.0,1.0,0.3,0.1,0.8,4.0,1437.0,32.0,20.0,0.5260960334029228
42.0,2.0,2.0,0.3,0.1,0.8,4.0,1400.0,28.0,20.0,0.5335714285714286
42.0,2.0,3.0,0.3,0.1,0.8,4.0,1405.0,29.0,16.0,0.5295373665480427
42.0,2.0,4.0,0.3,0.1,0.8,4.0,1361.0,21.0,10.0,0.5349008082292432
42.0,2.0,5.0,0.3,0.1,0.8,4.0,1365.0,14.0,11.0,0.5296703296703297
42.0,2.0,6.0,0.3,0.1,0.8,4.0,1347.0,14.0,11.0,0.5360059391239792
42.0,2.0,7.0,0.3,0.1,0.8,4.0,1352.0,15.0,12.0,0.5303254437869822
42.0,2.0,8.0,0.3,0.1,0.8,4.0,1306.0,8.0,4.0,0.5436447166921899
42.0,2.0,9.0,0.3,0.1,0.8,4.0,1307.0,7.0,4.0,0.5371078806426932
42.0,2.0,10.0,0.3,0.1,0.8,4.0,1284.0,6.0,2.0,0.544392523364486
42.0,2.0,11.0,0.3,0.1,0.8,4.0,1287.0,6.0,2.0,0.5369075369075369
42.0,2.0,12.0,0.3,0.1,0.8,4.0,1271.0,5.0,2.0,0.5413060582218725
42.0,2.0,13.0,0.3,0.1,0.8,4.0,1271.0,5.0,1.0,0.5381589299763966
42.0,2.0,14.0,0.3,0.1,0.8,4.0,1250.0,6.0,2.0,0.5448
42.0,2.0,15.0,0.3,0.1,0.8,4.0,1245.0,6.0,3.0,0.5397590361445783
42.0,2.0,16.0,0.3,0.1,0.8,4.0,1208.0,7.0,3.0,0.5405629139072847
42.0,2.0,17.0,0.3,0.1,0.8,4.0,1210.0,7.0,4.0,0.5347107438016528
42.0,2.0,18.0,0.3,0.1,0.8,4.0,1197.0,6.0,3.0,0.5396825396825397
42.0,2.0,19.0,0.3,0.1,0.8,4.0,1194.0,7.0,3.0,0.5343383584589615
42.0,2.0,20.0,0.3,0.1,0.8,4.0,2043.0,5.0,1.0,0.31179637787567305
42.0,2.0,21.0,0.3,0.1,0.8,4.0,2026.0,6.0,2.0,0.31046396841066143
42.0,2.0,22.0,0.3,0.1,0.8,4.0,1989.0,11.0,3.0,0.31121166415284063
42.0,2.0,23.0,0.3,0.1,0.8,4.0,1960.0,14.0,6.0,0.3056122448979592
42.0,2.0,24.0,0.3,0.1,0.8,4.0,1870.0,18.0,6.0,0.3122994652406417
42.0,2.0,25.0,0.3,0.1,0.8,4.0,1854.0,20.0,9.0,0.3106796116504854
42.0,2.0,26.0,0.3,0.1,0.8,4.0,1823.0,20.0,9.0,0.3126714207350521
42.0,2.0,27.0,0.3,0.1,0.8,4.0,1777.0,20.0,12.0,0.3140123804164322
42.0,2.0,28.0,0.3,0.1,0.8,4.0,1756.0,19.0,7.0,0.31890660592255127
42.0,2.0,29.0,0.3,0.1,0.8,4.0,1718.0,21.0,6.0,0.31839348079161817
42.0,2.0,30.0,0.3,0.1,0.8,4.0,1688.0,16.0,7.0,0.3187203791469194
42.0,2.0,31.0,0.3,0.1,0.8,4.0,1638.0,15.0,8.0,0.32051282051282054
42.0,2.0,32.0,0.3,0.1,0.8,4.0,1618.0,17.0,11.0,0.3238566131025958
42.0,2.0,33.0,0.3,0.1,0.8,4.0,1547.0,12.0,8.0,0.3251454427925016
42.0,2.0,34.0,0.3,0.1,0.8,4.0,1564.0,10.0,7.0,0.3235294117647059
42.0,2.0,35.0,0.3,0.1,0.8,4.0,1514.0,9.0,6.0,0.3282694848084544
42.0,2.0,36.0,0.3,0.1,0.8,4.0,1524.0,9.0,4.0,0.32677165354330706
42.0,2.0,37.0,0.3,0.1,0.8,4.0,1478.0,10.0,4.0,0.33152909336941816
42.0,2.0,38.0,0.3,0.1,0.8,4.0,1477.0,10.0,3.0,0.33175355450236965
42.0,2.0,39.0,0.3,0.1,0.8,4.0,1452.0,10.0,4.0,0.3298898071625344
42.0,2.0,40.0,0.3,0.1,0.8,4.0,1451.0,9.0,5.0,0.32736044107512063
42.0,2.0,41.0,0.3,0.1,0.8,4.0,1408.0,12.0,7.0,0.3302556818181818
42.0,2.0,42.0,0.3,0.1,0.8,4.0,1397.0,11.0,6.0,0.3271295633500358
42.0,2.0,43.0,0.3,0.1,0.8,4.0,1354.0,9.0,5.0,0.3330871491875923
42.0,2.0,44.0,0.3,0.1,0.8,4.0,1358.0,9.0,5.0,0.33136966126656847
42.0,2.0,45.0,0.3,0.1,0.8,4.0,1318.0,8.0,4.0,0.48786039453717756
42.0,2.0,46.0,0.3,0.1,0.8,4.0,1315.0,9.0,2.0,0.4866920152091255
42.0,2.0,47.0,0.3,0.1,0.8,4.0,1252.0,8.0,3.0,0.4904153354632588
42.0,2.0,48.0,0.3,0.1,0.8,4.0,1212.0,7.0,2.0,0.4884488448844885
42.0,2.0,49.0,0.3,0.1,0.8,4.0,1168.0,8.0,4.0,0.5
42.0,2.0,50.0,0.3,0.1,0.8,4.0,1191.0,6.0,5.0,0.4920235096557515
42.0,2.0,51.0,0.3,0.1,0.8,4.0,1162.0,6.0,5.0,0.4939759036144578
42.0,2.0,52.0,0.3,0.1,0.8,4.0,1167.0,7.0,4.0,0.49014567266495285
42.0,3.0,1.0,0.3,0.1,0.8,4.0,1142.0,5.0,1.0,0.4912434325744308
42.0,3.0,2.0,0.3,0.1,0.8,4.0,1142.0,6.0,1.0,0.4903677758318739
42.0,3.0,3.0,0.3,0.1,0.8,4.0,1111.0,6.0,0.0,0.4896489648964896
42.0,3.0,4.0,0.3,0.1,0.8,4.0,1124.0,6.0,3.0,0.48576512455516013
42.0,3.0,5.0,0.3,0.1,0.8,4.0,1091.0,7.0,4.0,0.48762603116406966
42.0,3.0,6.0,0.3,0.1,0.8,4.0,1110.0,7.0,5.0,0.4828828828828829
42.0,3.0,7.0,0.3,0.1,0.8,4.0,1079.0,4.0,2.0,0.484708063021316
42.0,3.0,8.0,0.3,0.1,0.8,4.0,1081.0,3.0,1.0,0.486586493987049
42.0,3.0,9.0,0.3,0.1,0.8,4.0,1044.0,3.0,1.0,0.49137931034482757
42.0,3.0,10.0,0.3,0.1,0.8,4.0,1047.0,3.0,3.0,0.4899713467048711
42.0,3.0,11.0,0.3,0.1,0.8,4.0,1021.0,4.0,3.0,0.4926542605288932
42.0,3.0,12.0,0.3,0.1,0.8,4.0,1030.0,3.0,3.0,0.4893203883495146
42.0,3.0,13.0,0.3,0.1,0.8,4.0,1005.0,1.0,1.0,0.4945273631840796
42.0,3.0,14.0,0.3,0.1,0.8,4.0,1015.0,1.0,1.0,0.4896551724137931
42.0,3.0,15.0,0.3,0.1,0.8,4.0,993.0,2.0,0.0,0.4904330312185297
42.0,3.0,16.0,0.3,0.1,0.8,4.0,990.0,0.0,0.0,0.49292929292929294
42.0,3.0,17.0,0.3,0.1,0.8,4.0,973.0,2.0,0.0,0.49537512846865367
42.0,3.0,18.0,0.3,0.1,0.8,4.0,986.0,0.0,0.0,0.4918864097363083
42.0,3.0,19.0,0.3,0.1,0.8,4.0,951.0,2.0,2.0,0.4931650893796004
42.0,3.0,20.0,0.3,0.1,0.8,4.0,1775.0,0.0,0.0,0.26647887323943664
42.0,3.0,21.0,0.3,0.1,0.8,4.0,1695.0,1.0,0.0,0.26902654867256637
42.0,3.0,22.0,0.3,0.1,0.8,4.0,1687.0,0.0,0.0,0.26615293420272673
42.0,3.0,23.0,0.3,0.1,0.8,4.0,1618.0,1.0,1.0,0.2719406674907293
42.0,3.0,24.0,0.3,0.1,0.8,4.0,1653.0,0.0,0.0,0.2692075015124017
42.0,3.0,25.0,0.3,0.1,0.8,4.0,1577.0,4.0,1.0,0.274571972098922
42.0,3.0,26.0,0.3,0.1,0.8,4.0,1596.0,2.0,0.0,0.2694235588972431
42.0,3.0,27.0,0.3,0.1,0.8,4.0,1503.0,3.0,1.0,0.2754491017964072
42.0,3.0,28.0,0.3,0.1,0.8,4.0,1515.0,2.0,0.0,0.26996699669966995
42.0,3.0,29.0,0.3,0.1,0.8,4.0,1429.0,4.0,1.0,0.27851644506648005
42.0,3.0,30.0,0.3,0.1,0.8,4.0,1407.0,0.0,0.0,0.27505330490405117
42.0,3.0,31.0,0.3,0.1,0.8,4.0,1402.0,3.0,1.0,0.2788873038516405
42.0,3.0,32.0,0.3,0.1,0.8,4.0,1399.0,2.0,0.0,0.272337383845604
42.0,3.0,33.0,0.3,0.1,0.8,4.0,1380.0,1.0,1.0,0.27608695652173915
42.0,3.0,34.0,0.3,0.1,0.8,4.0,1351.0,5.0,1.0,0.27313101406365653
42.0,3.0,35.0,0.3,0.1,0.8,4.0,1317.0,1.0,1.0,0.2771450265755505
42.0,3.0,36.0,0.3,0.1,0.8,4.0,1286.0,8.0,2.0,0.27527216174183516
42.0,3.0,37.0,0.3,0.1,0.8,4.0,1250.0,1.0,0.0,0.2744
42.0,3.0,38.0,0.3,0.1,0.8,4.0,1237.0,1.0,0.0,0.274858528698464
42.0,3.0,39.0,0.3,0.1,0.8,4.0,1216.0,1.0,1.0,0.2738486842105263
42.0,3.0,40.0,0.3,0.1,0.8,4.0,1220.0,2.0,1.0,0.27295081967213114
42.0,3.0,41.0,0.3,0.1,0.8,4.0,1199.0,2.0,1.0,0.27606338615512926
42.0,3.0,42.0,0.3,0.1,0.8,4.0,1202.0,2.0,0.0,0.27287853577371046
42.0,3.0,43.0,0.3,0.1,0.8,4.0,1157.0,0.0,0.0,0.2791702679343129
42.0,3.0,44.0,0.3,0.1,0.8,4.0,1162.0,3.0,1.0,0.27538726333907054
42.0,3.0,45.0,0.3,0.1,0.8,4.0,1132.0,0.0,0.0,0.44346289752650175
42.0,3.0,46.0,0.3,0.1,0.8,4.0,1127.0,3.0,1.0,0.4454303460514641
42.0,3.0,47.0,0.3,0.1,0.8,4.0,1054.0,3.0,1.0,0.45540796963946867
42.0,3.0,48.0,0.3,0.1,0.8,4.0,1054.0,2.0,1.0,0.45635673624288425
42.0,3.0,49.0,0.3,0.1,0.8,4.0,1010.0,2.0,0.0,0.45544554455445546
42.0,3.0,50.0,0.3,0.1,0.8,4.0,1009.0,2.0,1.0,0.4568880079286422
42.0,3.0,51.0,0.3,0.1,0.8,4.0,1004.0,3.0,0.0,0.4551792828685259
42.0,3.0,52.0,0.3,0.1,0.8,4.0,985.0,2.0,0.0,0.45380710659898477
42.0,4.0,1.0,0.3,0.1,0.8,4.0,979.0,4.0,3.0,0.45658835546475995
42.0,4.0,2.0,0.3,0.1,0.8,4.0,975.0,3.0,2.0,0.4574358974358974
42.0,4.0,3.0,0.3,0.1,0.8,4.0,958.0,4.0,2.0,0.4582463465553236
42.0,4.0,4.0,0.3,0.1,0.8,4.0,942.0,1.0,0.0,0.4564755838641189
42.0,4.0,5.0,0.3,0.1,0.8,4.0,929.0,3.0,3.0,0.4596340150699677
42.0,4.0,6.0,0.3,0.1,0.8,4.0,895.0,1.0,1.0,0.4558659217877095
42.0,4.0,7.0,0.3,0.1,0.8,4.0,895.0,4.0,0.0,0.4558659217877095
42.0,4.0,8.0,0.3,0.1,0.8,4.0,880.0,1.0,0.0,0.45227272727272727
42.0,4.0,9.0,0.3,0.1,0.8,4.0,871.0,3.0,3.0,0.4580941446613088
42.0,4.0,10.0,0.3,0.1,0.8,4.0,870.0,1.0,1.0,0.45057471264367815
42.0,4.0,11.0,0.3,0.1,0.8,4.0,851.0,3.0,3.0,0.45240893066980026
42.0,4.0,12.0,0.3,0.1,0.8,4.0,846.0,2.0,1.0,0.44799054373522457
42.0,4.0,13.0,0.3,0.1,0.8,4.0,847.0,2.0,1.0,0.45454545454545453
42.0,4.0,14.0,0.3,0.1,0.8,4.0,836.0,1.0,1.0,0.45095693779904306
42.0,4.0,15.0,0.3,0.1,0.8,4.0,839.0,3.0,1.0,0.4564958283671037
42.0,4.0,16.0,0.3,0.1,0.8,4.0,838.0,0.0,0.0,0.4510739856801909
42.0,4.0,17.0,0.3,0.1,0.8,4.0,817.0,2.0,1.0,0.45532435740514077
42.0,4.0,18.0,0.3,0.1,0.8,4.0,811.0,0.0,0.0,0.4475955610357583
42.0,4.0,19.0,0.3,0.1,0.8,4.0,815.0,4.0,2.0,0.452760736196319
42.0,4.0,20.0,0.3,0.1,0.8,4.0,1432.0,0.0,0.0,0.24860335195530725
42.0,4.0,21.0,0.3,0.1,0.8,4.0,1450.0,6.0,3.0,0.25103448275862067
42.0,4.0,22.0,0.3,0.1,0.8,4.0,1369.0,0.0,0.0,0.2527392257121987
42.0,4.0,23.0,0.3,0.1,0.8,4.0,1331.0,6.0,2.0,0.25920360631104433
42.0,4.0,24.0,0.3,0.1,0.8,4.0,1310.0,0.0,0.0,0.2595419847328244
42.0,4.0,25.0,0.3,0.1,0.8,4.0,1267.0,3.0,1.0,0.2628255722178374
42.0,4.0,26.0,0.3,0.1,0.8,4.0,1238.0,0.0,0.0,0.2633279483037157
42.0,4.0,27.0,0.3,0.1,0.8,4.0,1217.0,4.0,1.0,0.2637633525061627
42.0,4.0,28.0,0.3,0.1,0.8,4.0,1163.0,0.0,0.0,0.2648323301805675
42.0,4.0,29.0,0.3,0.1,0.8,4.0,1124.0,4.0,2.0,0.2704626334519573
42.0,4.0,30.0,0.3,0.1,0.8,4.0,1056.0,0.0,0.0,0.2755681818181818
42.0,4.0,31.0,0.3,0.1,0.8,4.0,1040.0,4.0,2.0,0.27884615384615385
42.0,4.0,32.0,0.3,0.1,0.8,4.0,1012.0,0.0,0.0,0.2766798418972332
42.0,4.0,33.0,0.3,0.1,0.8,4.0,1005.0,3.0,0.0,0.27761194029850744
42.0,4.0,34.0,0.3,0.1,0.8,4.0,941.0,0.0,0.0,0.28055260361317746
42.0,4.0,35.0,0.3,0.1,0.8,4.0,946.0,3.0,1.0,0.2832980972515856
42.0,4.0,36.0,0.3,0.1,0.8,4.0,932.0,0.0,0.0,0.27896995708154504
42.0,4.0,37.0,0.3,0.1,0.8,4.0,934.0,3.0,2.0,0.28051391862955033
42.0,4.0,38.0,0.3,0.1,0.8,4.0,927.0,0.0,0.0,0.2772384034519957
42.0,4.0,39.0,0.3,0.1,0.8,4.0,922.0,5.0,2.0,0.2765726681127983
42.0,4.0,40.0,0.3,0.1,0.8,4.0,889.0,0.0,0.0,0.27671541057367827
42.0,4.0,41.0,0.3,0.1,0.8,4.0,866.0,0.0,0.0,0.27713625866050806
42.0,4.0,42.0,0.3,0.1,0.8,4.0,842.0,0.0,0.0,0.27790973871733965
42.0,4.0,43.0,0.3,0.1,0.8,4.0,807.0,0.0,0.0,0.2825278810408922
42.0,4.0,44.0,0.3,0.1,0.8,4.0,799.0,0.0,0.0,0.2816020025031289
42.0,4.0,45.0,0.3,0.1,0.8,4.0,786.0,0.0,0.0,0.4440203562340967
42.0,4.0,46.0,0.3,0.1,0.8,4.0,784.0,0.0,0.0,0.45153061224489793
42.0,4.0,47.0,0.3,0.1,0.8,4.0,764.0,0.0,0.0,0.4476439790575916
42.0,4.0,48.0,0.3,0.1,0.8,4.0,729.0,0.0,0.0,0.45816186556927296
42.0,4.0,49.0,0.3,0.1,0.8,4.0,742.0,0.0,0.0,0.44878706199460916
42.0,4.0,50.0,0.3,0.1,0.8,4.0,732.0,0.0,0.0,0.4562841530054645
42.0,4.0,51.0,0.3,0.1,0.8,4.0,728.0,0.0,0.0,0.4519230769230769
42.0,4.0,52.0,0.3,0.1,0.8,4.0,712.0,0.0,0.0,0.45646067415730335
42.0,5.0,1.0,0.3,0.1,0.8,4.0,699.0,0.0,0.0,0.44635193133047213
42.0,5.0,2.0,0.3,0.1,0.8,4.0,673.0,0.0,0.0,0.4561664190193165
42.0,5.0,3.0,0.3,0.1,0.8,4.0,687.0,0.0,0.0,0.44541484716157204
42.0,5.0,4.0,0.3,0.1,0.8,4.0,674.0,0.0,0.0,0.45103857566765576
42.0,5.0,5.0,0.3,0.1,0.8,4.0,682.0,0.0,0.0,0.4442815249266862
42.0,5.0,6.0,0.3,0.1,0.8,4.0,672.0,0.0,0.0,0.45089285714285715
42.0,5.0,7.0,0.3,0.1,0.8,4.0,678.0,0.0,0.0,0.4424778761061947
42.0,5.0,8.0,0.3,0.1,0.8,4.0,650.0,0.0,0.0,0.45384615384615384
42.0,5.0,9.0,0.3,0.1,0.8,4.0,654.0,0.0,0.0,0.4434250764525994
42.0,5.0,10.0,0.3,0.1,0.8,4.0,642.0,0.0,0.0,0.45638629283489096
42.0,5.0,11.0,0.3,0.1,0.8,4.0,641.0,0.0,0.0,0.44305772230889234
42.0,5.0,12.0,0.3,0.1,0.8,4.0,638.0,0.0,0.0,0.4561128526645768
42.0,5.0,13.0,0.3,0.1,0.8,4.0,638.0,0.0,0.0,0.445141065830721
42.0,5.0,14.0,0.3,0.1,0.8,4.0,637.0,0.0,0.0,0.45839874411302983
42.0,5.0,15.0,0.3,0.1,0.8,4.0,637.0,0.0,0.0,0.4474097331240188
42.0,5.0,16.0,0.3,0.1,0.8,4.0,634.0,0.0,0.0,0.45741324921135645
42.0,5.0,17.0,0.3,0.1,0.8,4.0,633.0,0.0,0.0,0.44549763033175355
42.0,5.0,18.0,0.3,0.1,0.8,4.0,633.0,0.0,0.0,0.4518167456556082
42.0,5.0,19.0,0.3,0.1,0.8,4.0,627.0,0.0,0.0,0.44657097288676234
42.0,5.0,20.0,0.3,0.1,0.8,4.0,1099.0,0.0,0.0,0.2575068243858053
42.0,5.0,21.0,0.3,0.1,0.8,4.0,1063.0,0.0,0.0,0.2558795860771402
42.0,5.0,22.0,0.3,0.1,0.8,4.0,1028.0,0.0,0.0,0.25778210116731515
42.0,5.0,23.0,0.3,0.1,0.8,4.0,1007.0,0.0,0.0,0.253227408142999
42.0,5.0,24.0,0.3,0.1,0.8,4.0,985.0,0.0,0.0,0.2609137055837564
42.0,5.0,25.0,0.3,0.1,0.8,4.0,929.0,0.0,0.0,0.24865446716899892
42.0,5.0,26.0,0.3,0.1,0.8,4.0,900.0,0.0,0.0,0.2611111111111111
42.0,5.0,27.0,0.3,0.1,0.8,4.0,883.0,0.0,0.0,0.2570781426953567
42.0,5.0,28.0,0.3,0.1,0.8,4.0,891.0,0.0,0.0,0.25813692480359146
42.0,5.0,29.0,0.3,0.1,0.8,4.0,870.0,0.0,0.0,0.2574712643678161
42.0,5.0,30.0,0.3,0.1,0.8,4.0,860.0,0.0,0.0,0.2616279069767442
42.0,5.0,31.0,0.3,0.1,0.8,4.0,825.0,0.0,0.0,0.2606060606060606
42.0,5.0,32.0,0.3,0.1,0.8,4.0,823.0,0.0,0.0,0.26366950182260024
42.0,5.0,33.0,0.3,0.1,0.8,4.0,777.0,0.0,0.0,0.25868725868725867
42.0,5.0,34.0,0.3,0.1,0.8,4.0,782.0,0.0,0.0,0.2647058823529412
42.0,5.0,35.0,0.3,0.1,0.8,4.0,747.0,0.0,0.0,0.26104417670682734
42.0,5.0,36.0,0.3,0.1,0.8,4.0,751.0,0.0,0.0,0.2636484687083888
42.0,5.0,37.0,0.3,0.1,0.8,4.0,736.0,0.0,0.0,0.25815217391304346
42.0,5.0,38.0,0.3,0.1,0.8,4.0,723.0,0.0,0.0,0.2627939142461964
42.0,5.0,39.0,0.3,0.1,0.8,4.0,691.0,0.0,0.0,0.2590448625180897
42.0,5.0,40.0,0.3,0.1,0.8,4.0,696.0,0.0,0.0,0.26580459770114945
42.0,5.0,41.0,0.3,0.1,0.8,4.0,677.0,0.0,0.0,0.26292466765140327
42.0,5.0,42.0,0.3,0.1,0.8,4.0,693.0,0.0,0.0,0.26551226551226553
42.0,5.0,43.0,0.3,0.1,0.8,4.0,658.0,0.0,0.0,0.26595744680851063
42.0,5.0,44.0,0.3,0.1,0.8,4.0,669.0,0.0,0.0,0.26905829596412556
42.0,5.0,45.0,0.3,0.1,0.8,4.0,642.0,0.0,0.0,0.4205607476635514
42.0,5.0,46.0,0.3,0.1,0.8,4.0,653.0,0.0,0.0,0.42572741194486985
42.0,5.0,47.0,0.3,0.1,0.8,4.0,638.0,0.0,0.0,0.4200626959247649
42.0,5.0,48.0,0.3,0.1,0.8,4.0,639.0,0.0,0.0,0.42566510172143973
42.0,5.0,49.0,0.3,0.1,0.8,4.0,626.0,0.0,0.0,0.42012779552715657
42.0,5.0,50.0,0.3,0.1,0.8,4.0,634.0,0.0,0.0,0.4242902208201893
42.0,5.0,51.0,0.3,0.1,0.8,4.0,620.0,0.0,0.0,0.41774193548387095
42.0,5.0,52.0,0.3,0.1,0.8,4.0,625.0,0.0,0.0,0.4256
42.0,6.0,1.0,0.3,0.1,0.8,4.0,615.0,0.0,0.0,0.4195121951219512
42.0,6.0,2.0,0.3,0.1,0.8,4.0,599.0,0.0,0.0,0.41903171953255425
42.0,6.0,3.0,0.3,0.1,0.8,4.0,589.0,0.0,0.0,0.4142614601018676
42.0,6.0,4.0,0.3,0.1,0.8,4.0,598.0,0.0,0.0,0.4214046822742475
42.0,6.0,5.0,0.3,0.1,0.8,4.0,583.0,0.0,0.0,0.41852487135506006
42.0,6.0,6.0,0.3,0.1,0.8,4.0,594.0,0.0,0.0,0.4225589225589226
42.0,6.0,7.0,0.3,0.1,0.8,4.0,583.0,0.0,0.0,0.41509433962264153
42.0,6.0,8.0,0.3,0.1,0.8,4.0,588.0,0.0,0.0,0.42346938775510207
42.0,6.0,9.0,0.3,0.1,0.8,4.0,577.0,0.0,0.0,0.42114384748700173
42.0,6.0,10.0,0.3,0.1,0.8,4.0,584.0,0.0,0.0,0.4246575342465753
42.0,6.0,11.0,0.3,0.1,0.8,4.0,569.0,0.0,0.0,0.421792618629174
42.0,6.0,12.0,0.3,0.1,0.8,4.0,577.0,0.0,0.0,0.42114384748700173
42.0,6.0,13.0,0.3,0.1,0.8,4.0,568.0,0.0,0.0,0.4242957746478873
42.0,6.0,14.0,0.3,0.1,0.8,4.0,574.0,0.0,0.0,0.42334494773519166
42.0,6.0,15.0,0.3,0.1,0.8,4.0,564.0,0.0,0.0,0.42021276595744683
42.0,6.0,16.0,0.3,0.1,0.8,4.0,570.0,0.0,0.0,0.4245614035087719
42.0,6.0,17.0,0.3,0.1,0.8,4.0,565.0,0.0,0.0,0.4230088495575221
42.0,6.0,18.0,0.3,0.1,0.8,4.0,570.0,0.0,0.0,0.42105263157894735
42.0,6.0,19.0,0.3,0.1,0.8,4.0,561.0,0.0,0.0,0.4206773618538324
42.0,6.0,20.0,0.3,0.1,0.8,4.0,973.0,0.0,0.0,0.24563206577595068
42.0,6.0,21.0,0.3,0.1,0.8,4.0,960.0,0.0,0.0,0.24583333333333332
42.0,6.0,22.0,0.3,0.1,0.8,4.0,960.0,0.0,0.0,0.24895833333333334
42.0,6.0,23.0,0.3,0.1,0.8,4.0,946.0,0.0,0.0,0.24735729386892177
42.0,6.0,24.0,0.3,0.1,0.8,4.0,951.0,0.0,0.0,0.2502628811777077
42.0,6.0,25.0,0.3,0.1,0.8,4.0,943.0,0.0,0.0,0.24708377518557795
42.0,6.0,26.0,0.3,0.1,0.8,4.0,941.0,0.0,0.0,0.24867162592986186
42.0,6.0,27.0,0.3,0.1,0.8,4.0,909.0,0.0,0.0,0.24972497249724973
42.0,6.0,28.0,0.3,0.1,0.8,4.0,893.0,0.0,0.0,0.251959686450168
42.0,6.0,29.0,0.3,0.1,0.8,4.0,860.0,0.0,0.0,0.25465116279069766
42.0,6.0,30.0,0.3,0.1,0.8,4.0,849.0,0.0,0.0,0.2579505300353357
42.0,6.0,31.0,0.3,0.1,0.8,4.0,846.0,0.0,0.0,0.2553191489361702
42.0,6.0,32.0,0.3,0.1,0.8,4.0,818.0,0.0,0.0,0.2616136919315403
42.0,6.0,33.0,0.3,0.1,0.8,4.0,835.0,0.0,0.0,0.25748502994011974
42.0,6.0,34.0,0.3,0.1,0.8,4.0,818.0,0.0,0.0,0.2665036674816626
42.0,6.0,35.0,0.3,0.1,0.8,4.0,814.0,0.0,0.0,0.2616707616707617
42.0,6.0,36.0,0.3,0.1,0.8,4.0,819.0,0.0,0.0,0.2661782661782662
42.0,6.0,37.0,0.3,0.1,0.8,4.0,815.0,0.0,0.0,0.26134969325153373
42.0,6.0,38.0,0.3,0.1,0.8,4.0,793.0,0.0,0.0,0.27112232030264816
42.0,6.0,39.0,0.3,0.1,0.8,4.0,806.0,0.0,0.0,0.2642679900744417
42.0,6.0,40.0,0.3,0.1,0.8,4.0,770.0,0.0,0.0,0.274025974025974
42.0,6.0,41.0,0.3,0.1,0.8,4.0,767.0,0.0,0.0,0.26988265971316816
42.0,6.0,42.0,0.3,0.1,0.8,4.0,777.0,0.0,0.0,0.27155727155727155
42.0,6.0,43.0,0.3,0.1,0.8,4.0,762.0,0.0,0.0,0.27034120734908135
42.0,6.0,44.0,0.3,0.1,0.8,4.0,765.0,0.0,0.0,0.27450980392156865
42.0,6.0,45.0,0.3,0.1,0.8,4.0,756.0,0.0,0.0,0.4444444444444444
42.0,6.0,46.0,0.3,0.1,0.8,4.0,759.0,0.0,0.0,0.4426877470355731
42.0,6.0,47.0,0.3,0.1,0.8,4.0,757.0,0.0,0.0,0.4438573315719947
42.0,6.0,48.0,0.3,0.1,0.8,4.0,759.0,0.0,0.0,0.4440052700922266
42.0,6.0,49.0,0.3,0.1,0.8,4.0,731.0,0.0,0.0,0.4418604651162791
42.0,6.0,50.0,0.3,0.1,0.8,4.0,738.0,0.0,0.0,0.44308943089430897
42.0,6.0,51.0,0.3,0.1,0.8,4.0,714.0,0.0,0.0,0.44537815126050423
42.0,6.0,52.0,0.3,0.1,0.8,4.0,725.0,0.0,0.0,0.44689655172413795
42.0,7.0,1.0,0.3,0.1,0.8,4.0,706.0,0.0,0.0,0.4490084985835694
42.0,7.0,2.0,0.3,0.1,0.8,4.0,717.0,0.0,0.0,0.4490934449093445
42.0,7.0,3.0,0.3,0.1,0.8,4.0,705.0,0.0,0.0,0.4482269503546099
42.0,7.0,4.0,0.3,0.1,0.8,4.0,720.0,0.0,0.0,0.4486111111111111
42.0,7.0,5.0,0.3,0.1,0.8,4.0,697.0,0.0,0.0,0.45050215208034433
42.0,7.0,6.0,0.3,0.1,0.8,4.0,714.0,0.0,0.0,0.4481792717086835
42.0,7.0,7.0,0.3,0.1,0.8,4.0,697.0,0.0,0.0,0.4490674318507891
42.0,7.0,8.0,0.3,0.1,0.8,4.0,700.0,0.0,0.0,0.44571428571428573
42.0,7.0,9.0,0.3,0.1,0.8,4.0,683.0,0.0,0.0,0.4480234260614934
42.0,7.0,10.0,0.3,0.1,0.8,4.0,693.0,0.0,0.0,0.44733044733044736
42.0,7.0,11.0,0.3,0.1,0.8,4.0,678.0,0.0,0.0,0.4528023598820059
42.0,7.0,12.0,0.3,0.1,0.8,4.0,690.0,0.0,0.0,0.4492753623188406
42.0,7.0,13.0,0.3,0.1,0.8,4.0,673.0,0.0,0.0,0.45170876671619614
42.0,7.0,14.0,0.3,0.1,0.8,4.0,686.0,0.0,0.0,0.45043731778425655
42.0,7.0,15.0,0.3,0.1,0.8,4.0,670.0,0.0,0.0,0.4537313432835821
42.0,7.0,16.0,0.3,0.1,0.8,4.0,675.0,0.0,0.0,0.4562962962962963
42.0,7.0,17.0,0.3,0.1,0.8,4.0,659.0,0.0,0.0,0.4597875569044006
42.0,7.0,18.0,0.3,0.1,0.8,4.0,674.0,0.0,0.0,0.456973293768546
42.0,7.0,19.0,0.3,0.1,0.8,4.0,660.0,0.0,0.0,0.4621212121212121
42.0,7.0,20.0,0.3,0.1,0.8,4.0,1137.0,0.0,0.0,0.27088830255057167
42.0,7.0,21.0,0.3,0.1,0.8,4.0,1074.0,0.0,0.0,0.27932960893854747
42.0,7.0,22.0,0.3,0.1,0.8,4.0,1072.0,0.0,0.0,0.2733208955223881
42.0,7.0,23.0,0.3,0.1,0.8,4.0,1043.0,0.0,0.0,0.27708533077660596
42.0,7.0,24.0,0.3,0.1,0.8,4.0,1072.0,0.0,0.0,0.2733208955223881
42.0,7.0,25.0,0.3,0.1,0.8,4.0,1046.0,0.0,0.0,0.2762906309751434
42.0,7.0,26.0,0.3,0.1,0.8,4.0,1059.0,0.0,0.0,0.2738432483474976
42.0,7.0,27.0,0.3,0.1,0.8,4.0,1022.0,0.0,0.0,0.27788649706457924
42.0,7.0,28.0,0.3,0.1,0.8,4.0,1029.0,0.0,0.0,0.27696793002915454
42.0,7.0,29.0,0.3,0.1,0.8,4.0,1007.0,0.0,0.0,0.27904667328699106
42.0,7.0,30.0,0.3,0.1,0.8,4.0,993.0,0.0,0.0,0.2809667673716012
42.0,7.0,31.0,0.3,0.1,0.8,4.0,972.0,0.0,0.0,0.2788065843621399
42.0,7.0,32.0,0.3,0.1,0.8,4.0,964.0,0.0,0.0,0.2800829875518672
42.0,7.0,33.0,0.3,0.1,0.8,4.0,949.0,0.0,0.0,0.2781875658587987
42.0,7.0,34.0,0.3,0.1,0.8,4.0,905.0,0.0,0.0,0.287292817679558
42.0,7.0,35.0,0.3,0.1,0.8,4.0,894.0,0.0,0.0,0.28523489932885904
42.0,7.0,36.0,0.3,0.1,0.8,4.0,902.0,0.0,0.0,0.28713968957871394
42.0,7.0,37.0,0.3,0.1,0.8,4.0,854.0,0.0,0.0,0.2892271662763466
42.0,7.0,38.0,0.3,0.1,0.8,4.0,798.0,0.0,0.0,0.30200501253132833
42.0,7.0,39.0,0.3,0.1,0.8,4.0,793.0,0.0,0.0,0.2988650693568726
42.0,7.0,40.0,0.3,0.1,0.8,4.0,790.0,0.0,0.0,0.3037974683544304
42.0,7.0,41.0,0.3,0.1,0.8,4.0,789.0,0.0,0.0,0.2965779467680608
42.0,7.0,42.0,0.3,0.1,0.8,4.0,789.0,0.0,0.0,0.30164765525982257
42.0,7.0,43.0,0.3,0.1,0.8,4.0,791.0,0.0,0.0,0.2970922882427307
42.0,7.0,44.0,0.3,0.1,0.8,4.0,787.0,0.0,0.0,0.30241423125794153
42.0,7.0,45.0,0.3,0.1,0.8,4.0,791.0,0.0,0.0,0.4450063211125158
42.0,7.0,46.0,0.3,0.1,0.8,4.0,787.0,0.0,0.0,0.4498094027954257
42.0,7.0,47.0,0.3,0.1,0.8,4.0,790.0,0.0,0.0,0.4443037974683544
42.0,7.0,48.0,0.3,0.1,0.8,4.0,749.0,0.0,0.0,0.4606141522029373
42.0,7.0,49.0,0.3,0.1,0.8,4.0,746.0,0.0,0.0,0.4571045576407507
42.0,7.0,50.0,0.3,0.1,0.8,4.0,743.0,0.0,0.0,0.4616419919246299
42.0,7.0,51.0,0.3,0.1,0.8,4.0,738.0,0.0,0.0,0.45663956639566394
42.0,7.0,52.0,0.3,0.1,0.8,4.0,721.0,0.0,0.0,0.46740638002773927
42.0,8.0,1.0,0.3,0.1,0.8,4.0,720.0,0.0,0.0,0.4597222222222222
42.0,8.0,2.0,0.3,0.1,0.8,4.0,689.0,0.0,0.0,0.46879535558780844
42.0,8.0,3.0,0.3,0.1,0.8,4.0,688.0,0.0,0.0,0.46656976744186046
42.0,8.0,4.0,0.3,0.1,0.8,4.0,673.0,0.0,0.0,0.4739970282317979
42.0,8.0,5.0,0.3,0.1,0.8,4.0,685.0,0.0,0.0,0.4686131386861314
42.0,8.0,6.0,0.3,0.1,0.8,4.0,667.0,0.0,0.0,0.4752623688155922
42.0,8.0,7.0,0.3,0.1,0.8,4.0,681.0,0.0,0.0,0.4698972099853157
42.0,8.0,8.0,0.3,0.1,0.8,4.0,664.0,0.0,0.0,0.4789156626506024
42.0,8.0,9.0,0.3,0.1,0.8,4.0,668.0,0.0,0.0,0.47754491017964074
42.0,8.0,10.0,0.3,0.1,0.8,4.0,656.0,0.0,0.0,0.4801829268292683
42.0,8.0,11.0,0.3,0.1,0.8,4.0,662.0,0.0,0.0,0.4788519637462236
42.0,8.0,12.0,0.3,0.1,0.8,4.0,650.0,0.0,0.0,0.4815384615384615
42.0,8.0,13.0,0.3,0.1,0.8,4.0,659.0,0.0,0.0,0.4779969650986343
42.0,8.0,14.0,0.3,0.1,0.8,4.0,638.0,0.0,0.0,0.47648902821316613
42.0,8.0,15.0,0.3,0.1,0.8,4.0,645.0,0.0,0.0,0.4744186046511628
42.0,8.0,16.0,0.3,0.1,0.8,4.0,638.0,0.0,0.0,0.47648902821316613
42.0,8.0,17.0,0.3,0.1,0.8,4.0,644.0,0.0,0.0,0.47360248447204967
42.0,8.0,18.0,0.3,0.1,0.8,4.0,635.0,0.0,0.0,0.4755905511811024
42.0,8.0,19.0,0.3,0.1,0.8,4.0,643.0,0.0,0.0,0.47433903576982894
42.0,8.0,20.0,0.3,0.1,0.8,4.0,1130.0,0.0,0.0,0.2672566371681416
42.0,8.0,21.0,0.3,0.1,0.8,4.0,1098.0,0.0,0.0,0.2641165755919854
42.0,8.0,22.0,0.3,0.1,0.8,4.0,1072.0,0.0,0.0,0.2667910447761194
42.0,8.0,23.0,0.3,0.1,0.8,4.0,1056.0,0.0,0.0,0.2708333333333333
42.0,8.0,24.0,0.3,0.1,0.8,4.0,1021.0,0.0,0.0,0.277179236043095
42.0,8.0,25.0,0.3,0.1,0.8,4.0,1012.0,0.0,0.0,0.2766798418972332
42.0,8.0,26.0,0.3,0.1,0.8,4.0,989.0,0.0,0.0,0.282103134479272
42.0,8.0,27.0,0.3,0.1,0.8,4.0,973.0,0.0,0.0,0.28365878725590954
42.0,8.0,28.0,0.3,0.1,0.8,4.0,927.0,0.0,0.0,0.29341963322545844
42.0,8.0,29.0,0.3,0.1,0.8,4.0,919.0,0.0,0.0,0.28944504896626766
42.0,8.0,30.0,0.3,0.1,0.8,4.0,901.0,0.0,0.0,0.29411764705882354
42.0,8.0,31.0,0.3,0.1,0.8,4.0,905.0,0.0,0.0,0.28950276243093925
42.0,8.0,32.0,0.3,0.1,0.8,4.0,874.0,0.0,0.0,0.2929061784897025
42.0,8.0,33.0,0.3,0.1,0.8,4.0,906.0,0.0,0.0,0.2902869757174393
42.0,8.0,34.0,0.3,0.1,0.8,4.0,861.0,0.0,0.0,0.29500580720092917
42.0,8.0,35.0,0.3,0.1,0.8,4.0,894.0,0.0,0.0,0.29194630872483224
42.0,8.0,36.0,0.3,0.1,0.8,4.0,844.0,0.0,0.0,0.2962085308056872
42.0,8.0,37.0,0.3,0.1,0.8,4.0,876.0,0.0,0.0,0.2910958904109589
42.0,8.0,38.0,0.3,0.1,0.8,4.0,832.0,0.0,0.0,0.296875
42.0,8.0,39.0,0.3,0.1,0.8,4.0,863.0,0.0,0.0,0.2931633835457706
42.0,8.0,40.0,0.3,0.1,0.8,4.0,820.0,0.0,0.0,0.2975609756097561
42.0,8.0,41.0,0.3,0.1,0.8,4.0,854.0,0.0,0.0,0.2927400468384075
42.0,8.0,42.0,0.3,0.1,0.8,4.0,808.0,0.0,0.0,0.2995049504950495
42.0,8.0,43.0,0.3,0.1,0.8,4.0,844.0,0.0,0.0,0.2962085308056872
42.0,8.0,44.0,0.3,0.1,0.8,4.0,808.0,0.0,0.0,0.2995049504950495
42.0,8.0,45.0,0.3,0.1,0.8,4.0,831.0,0.0,0.0,0.45968712394705175
42.0,8.0,46.0,0.3,0.1,0.8,4.0,796.0,0.0,0.0,0.4610552763819096
42.0,8.0,47.0,0.3,0.1,0.8,4.0,832.0,0.0,0.0,0.46033653846153844
42.0,8.0,48.0,0.3,0.1,0.8,4.0,797.0,0.0,0.0,0.4617314930991217
42.0,8.0,49.0,0.3,0.1,0.8,4.0,818.0,0.0,0.0,0.4572127139364303
42.0,8.0,50.0,0.3,0.1,0.8,4.0,797.0,0.0,0.0,0.4592220828105395
42.0,8.0,51.0,0.3,0.1,0.8,4.0,817.0,0.0,0.0,0.4589963280293758
42.0,8.0,52.0,0.3,0.1,0.8,4.0,799.0,0.0,0.0,0.4568210262828536
42.0,9.0,1.0,0.3,0.1,0.8,4.0,817.0,0.0,0.0,0.4589963280293758
42.0,9.0,2.0,0.3,0.1,0.8,4.0,795.0,0.0,0.0,0.45660377358490567
42.0,9.0,3.0,0.3,0.1,0.8,4.0,803.0,0.0,0.0,0.45828144458281445
42.0,9.0,4.0,0.3,0.1,0.8,4.0,783.0,0.0,0.0,0.45849297573435505
42.0,9.0,5.0,0.3,0.1,0.8,4.0,781.0,0.0,0.0,0.4622279129321383
42.0,9.0,6.0,0.3,0.1,0.8,4.0,783.0,0.0,0.0,0.45849297573435505
42.0,9.0,7.0,0.3,0.1,0.8,4.0,782.0,0.0,0.0,0.45907928388746805
42.0,9.0,8.0,0.3,0.1,0.8,4.0,780.0,0.0,0.0,0.46025641025641023
42.0,9.0,9.0,0.3,0.1,0.8,4.0,777.0,0.0,0.0,0.46074646074646075
42.0,9.0,10.0,0.3,0.1,0.8,4.0,773.0,0.0,0.0,0.46054333764553684
42.0,9.0,11.0,0.3,0.1,0.8,4.0,774.0,0.0,0.0,0.4625322997416021
42.0,9.0,12.0,0.3,0.1,0.8,4.0,767.0,0.0,0.0,0.46153846153846156
42.0,9.0,13.0,0.3,0.1,0.8,4.0,772.0,0.0,0.0,0.4637305699481865
42.0,9.0,14.0,0.3,0.1,0.8,4.0,763.0,0.0,0.0,0.46264744429882043
42.0,9.0,15.0,0.3,0.1,0.8,4.0,770.0,0.0,0.0,0.4636363636363636
42.0,9.0,16.0,0.3,0.1,0.8,4.0,763.0,0.0,0.0,0.46264744429882043
42.0,9.0,17.0,0.3,0.1,0.8,4.0,767.0,0.0,0.0,0.4667535853976532
42.0,9.0,18.0,0.3,0.1,0.8,4.0,762.0,0.0,0.0,0.463254593175853
42.0,9.0,19.0,0.3,0.1,0.8,4.0,768.0,0.0,0.0,0.4661458333333333
42.0,9.0,20.0,0.3,0.1,0.8,4.0,1331.0,0.0,0.0,0.24868519909842224
42.0,9.0,21.0,0.3,0.1,0.8,4.0,1247.0,0.0,0.0,0.25821972734562953
42.0,9.0,22.0,0.3,0.1,0.8,4.0,1214.0,0.0,0.0,0.25947281713344317
42.0,9.0,23.0,0.3,0.1,0.8,4.0,1197.0,0.0,0.0,0.264828738512949
42.0,9.0,24.0,0.3,0.1,0.8,4.0,1180.0,0.0,0.0,0.26101694915254237
42.0,9.0,25.0,0.3,0.1,0.8,4.0,1166.0,0.0,0.0,0.2667238421955403
42.0,9.0,26.0,0.3,0.1,0.8,4.0,1145.0,0.0,0.0,0.2611353711790393
42.0,9.0,27.0,0.3,0.1,0.8,4.0,1131.0,0.0,0.0,0.26790450928381965
42.0,9.0,28.0,0.3,0.1,0.8,4.0,1113.0,0.0,0.0,0.2641509433962264
42.0,9.0,29.0,0.3,0.1,0.8,4.0,1090.0,0.0,0.0,0.27339449541284405
42.0,9.0,30.0,0.3,0.1,0.8,4.0,1053.0,0.0,0.0,0.2716049382716049
42.0,9.0,31.0,0.3,0.1,0.8,4.0,1037.0,0.0,0.0,0.2777242044358727
42.0,9.0,32.0,0.3,0.1,0.8,4.0,1015.0,0.0,0.0,0.27586206896551724
42.0,9.0,33.0,0.3,0.1,0.8,4.0,1028.0,0.0,0.0,0.2791828793774319
42.0,9.0,34.0,0.3,0.1,0.8,4.0,1019.0,0.0,0.0,0.2757605495583906
42.0,9.0,35.0,0.3,0.1,0.8,4.0,1026.0,0.0,0.0,0.2787524366471735
42.0,9.0,36.0,0.3,0.1,0.8,4.0,1018.0,0.0,0.0,0.275049115913556
42.0,9.0,37.0,0.3,0.1,0.8,4.0,1024.0,0.0,0.0,0.27734375
42.0,9.0,38.0,0.3,0.1,0.8,4.0,1018.0,0.0,0.0,0.27603143418467585
42.0,9.0,39.0,0.3,0.1,0.8,4.0,1020.0,0.0,0.0,0.2784313725490196
42.0,9.0,40.0,0.3,0.1,0.8,4.0,1000.0,0.0,0.0,0.276
42.0,9.0,41.0,0.3,0.1,0.8,4.0,1011.0,0.0,0.0,0.27794263105835804
42.0,9.0,42.0,0.3,0.1,0.8,4.0,999.0,0.0,0.0,0.2752752752752753
42.0,9.0,43.0,0.3,0.1,0.8,4.0,970.0,0.0,0.0,0.2824742268041237
42.0,9.0,44.0,0.3,0.1,0.8,4.0,958.0,0.0,0.0,0.2807933194154488
42.0,9.0,45.0,0.3,0.1,0.8,4.0,969.0,0.0,0.0,0.4375644994840041
42.0,9.0,46.0,0.3,0.1,0.8,4.0,949.0,0.0,0.0,0.4351949420442571
42.0,9.0,47.0,0.3,0.1,0.8,4.0,946.0,0.0,0.0,0.4397463002114165
42.0,9.0,48.0,0.3,0.1,0.8,4.0,936.0,0.0,0.0,0.43696581196581197
42.0,9.0,49.0,0.3,0.1,0.8,4.0,920.0,0.0,0.0,0.44130434782608696
42.0,9.0,50.0,0.3,0.1,0.8,4.0,897.0,0.0,0.0,0.44258639910813824
42.0,9.0,51.0,0.3,0.1,0.8,4.0,905.0,0.0,0.0,0.4453038674033149
42.0,9.0,52.0,0.3,0.1,0.8,4.0,894.0,0.0,0.0,0.4407158836689038
42.0,10.0,1.0,0.3,0.1,0.8,4.0,900.0,0.0,0.0,0.44666666666666666
42.0,10.0,2.0,0.3,0.1,0.8,4.0,888.0,0.0,0.0,0.44481981981981983
42.0,10.0,3.0,0.3,0.1,0.8,4.0,897.0,0.0,0.0,0.44704570791527315
42.0,10.0,4.0,0.3,0.1,0.8,4.0,874.0,0.0,0.0,0.4473684210526316
42.0,10.0,5.0,0.3,0.1,0.8,4.0,881.0,0.0,0.0,0.44835414301929627
42.0,10.0,6.0,0.3,0.1,0.8,4.0,872.0,0.0,0.0,0.44839449541284404
42.0,10.0,7.0,0.3,0.1,0.8,4.0,878.0,0.0,0.0,0.4510250569476082
42.0,10.0,8.0,0.3,0.1,0.8,4.0,866.0,0.0,0.0,0.44803695150115475
42.0,10.0,9.0,0.3,0.1,0.8,4.0,867.0,0.0,0.0,0.45213379469434833
42.0,10.0,10.0,0.3,0.1,0.8,4.0,856.0,0.0,0.0,0.45210280373831774
42.0,10.0,11.0,0.3,0.1,0.8,4.0,860.0,0.0,0.0,0.45232558139534884
42.0,10.0,12.0,0.3,0.1,0.8,4.0,856.0,0.0,0.0,0.4532710280373832
42.0,10.0,13.0,0.3,0.1,0.8,4.0,855.0,0.0,0.0,0.45497076023391814
42.0,10.0,14.0,0.3,0.1,0.8,4.0,855.0,0.0,0.0,0.45380116959064326
42.0,10.0,15.0,0.3,0.1,0.8,4.0,856.0,0.0,0.0,0.4532710280373832
42.0,10.0,16.0,0.3,0.1,0.8,4.0,853.0,0.0,0.0,0.4536928487690504
42.0,10.0,17.0,0.3,0.1,0.8,4.0,853.0,0.0,0.0,0.4536928487690504
42.0,10.0,18.0,0.3,0.1,0.8,4.0,849.0,0.0,0.0,0.4534746760895171
42.0,10.0,19.0,0.3,0.1,0.8,4.0,853.0,0.0,0.0,0.45603751465416176
42.0,10.0,20.0,0.3,0.1,0.8,4.0,1473.0,0.0,0.0,0.24575695858791582
42.0,10.0,21.0,0.3,0.1,0.8,4.0,1444.0,0.0,0.0,0.24792243767313019
42.0,10.0,22.0,0.3,0.1,0.8,4.0,1392.0,0.0,0.0,0.2514367816091954
42.0,10.0,23.0,0.3,0.1,0.8,4.0,1352.0,0.0,0.0,0.2507396449704142
42.0,10.0,24.0,0.3,0.1,0.8,4.0,1338.0,0.0,0.0,0.25411061285500747
42.0,10.0,25.0,0.3,0.1,0.8,4.0,1313.0,0.0,0.0,0.2559025133282559
42.0,10.0,26.0,0.3,0.1,0.8,4.0,1243.0,0.0,0.0,0.26226870474658087
42.0,10.0,27.0,0.3,0.1,0.8,4.0,1230.0,0.0,0.0,0.25934959349593495
42.0,10.0,28.0,0.3,0.1,0.8,4.0,1229.0,0.0,0.0,0.26200162733930027
42.0,10.0,29.0,0.3,0.1,0.8,4.0,1169.0,0.0,0.0,0.26518391787852863
42.0,10.0,30.0,0.3,0.1,0.8,4.0,1175.0,0.0,0.0,0.2663829787234043
42.0,10.0,31.0,0.3,0.1,0.8,4.0,1134.0,0.0,0.0,0.2671957671957672
42.0,10.0,32.0,0.3,0.1,0.8,4.0,1119.0,0.0,0.0,0.26899016979445933
42.0,10.0,33.0,0.3,0.1,0.8,4.0,1108.0,0.0,0.0,0.27166064981949456
42.0,10.0,34.0,0.3,0.1,0.8,4.0,1121.0,0.0,0.0,0.2694023193577163
42.0,10.0,35.0,0.3,0.1,0.8,4.0,1095.0,0.0,0.0,0.273972602739726
42.0,10.0,36.0,0.3,0.1,0.8,4.0,1093.0,0.0,0.0,0.2717291857273559
42.0,10.0,37.0,0.3,0.1,0.8,4.0,1040.0,0.0,0.0,0.275
42.0,10.0,38.0,0.3,0.1,0.8,4.0,1027.0,0.0,0.0,0.2755598831548199
42.0,10.0,39.0,0.3,0.1,0.8,4.0,1006.0,0.0,0.0,0.2773359840954274
42.0,10.0,40.0,0.3,0.1,0.8,4.0,995.0,0.0,0.0,0.27839195979899495
42.0,10.0,41.0,0.3,0.1,0.8,4.0,976.0,0.0,0.0,0.2807377049180328
42.0,10.0,42.0,0.3,0.1,0.8,4.0,984.0,0.0,0.0,0.2764227642276423
42.0,10.0,43.0,0.3,0.1,0.8,4.0,968.0,0.0,0.0,0.2799586776859504
42.0,10.0,44.0,0.3,0.1,0.8,4.0,985.0,0.0,0.0,0.27715736040609135
42.0,10.0,45.0,0.3,0.1,0.8,4.0,967.0,0.0,0.0,0.43950361944157185
42.0,10.0,46.0,0.3,0.1,0.8,4.0,962.0,0.0,0.0,0.446985446985447
42.0,10.0,47.0,0.3,0.1,0.8,4.0,925.0,0.0,0.0,0.44972972972972974
42.0,10.0,48.0,0.3,0.1,0.8,4.0,930.0,0.0,0.0,0.45268817204301076
42.0,10.0,49.0,0.3,0.1,0.8,4.0,910.0,0.0,0.0,0.45384615384615384
42.0,10.0,50.0,0.3,0.1,0.8,4.0,915.0,0.0,0.0,0.4557377049180328
42.0,10.0,51.0,0.3,0.1,0.8,4.0,896.0,0.0,0.0,0.4564732142857143
42.0,10.0,52.0,0.3,0.1,0.8,4.0,913.0,0.0,0.0,0.45673603504928806
43.0,1.0,1.0,0.3,0.1,0.8,4.0,5156.0,49.0,9.0,0.30663304887509696
43.0,1.0,2.0,0.3,0.1,0.8,4.0,5128.0,50.0,19.0,0.30655226209048364
43.0,1.0,3.0,0.3,0.1,0.8,4.0,5115.0,71.0,27.0,0.3083088954056696
43.0,1.0,4.0,0.3,0.1,0.8,4.0,5068.0,77.0,29.0,0.30702446724546173
43.0,1.0,5.0,0.3,0.1,0.8,4.0,5109.0,113.0,44.0,0.3090624388334312
43.0,1.0,6.0,0.3,0.1,0.8,4.0,4932.0,118.0,44.0,0.31143552311435524
43.0,1.0,7.0,0.3,0.1,0.8,4.0,4818.0,151.0,48.0,0.31216272312162724
43.0,1.0,8.0,0.3,0.1,0.8,4.0,4721.0,161.0,58.0,0.31349290404575303
43.0,1.0,9.0,0.3,0.1,0.8,4.0,4565.0,196.0,75.0,0.3174151150054765
43.0,1.0,10.0,0.3,0.1,0.8,4.0,4442.0,223.0,93.0,0.31787483115713644
43.0,1.0,11.0,0.3,0.1,0.8,4.0,4320.0,245.0,97.0,0.3196759259259259
43.0,1.0,12.0,0.3,0.1,0.8,4.0,4075.0,270.0,113.0,0.32245398773006134
43.0,1.0,13.0,0.3,0.1,0.8,4.0,3933.0,293.0,131.0,0.32646834477498093
43.0,1.0,14.0,0.3,0.1,0.8,4.0,3769.0,304.0,140.0,0.3308569912443619
43.0,1.0,15.0,0.3,0.1,0.8,4.0,3619.0,303.0,142.0,0.3346228239845261
43.0,1.0,16.0,0.3,0.1,0.8,4.0,3515.0,290.0,138.0,0.34082503556187765
43.0,1.0,17.0,0.3,0.1,0.8,4.0,3333.0,277.0,136.0,0.34533453345334536
43.0,1.0,18.0,0.3,0.1,0.8,4.0,3237.0,254.0,134.0,0.35125115848007415
43.0,1.0,19.0,0.3,0.1,0.8,4.0,3169.0,249.0,133.0,0.3559482486588829
43.0,1.0,20.0,0.3,0.1,0.8,4.0,5861.0,237.0,128.0,0.19075243132571235
43.0,1.0,21.0,0.3,0.1,0.8,4.0,5505.0,279.0,114.0,0.19418710263396913
43.0,1.0,22.0,0.3,0.1,0.8,4.0,5154.0,307.0,118.0,0.19868063639891345
43.0,1.0,23.0,0.3,0.1,0.8,4.0,4906.0,337.0,127.0,0.2015898899306971
43.0,1.0,24.0,0.3,0.1,0.8,4.0,4702.0,395.0,151.0,0.20586984262016164
43.0,1.0,25.0,0.3,0.1,0.8,4.0,4412.0,392.0,163.0,0.21350861287398004
43.0,1.0,26.0,0.3,0.1,0.8,4.0,4267.0,444.0,182.0,0.21631122568549332
43.0,1.0,27.0,0.3,0.1,0.8,4.0,4085.0,456.0,194.0,0.2208078335373317
43.0,1.0,28.0,0.3,0.1,0.8,4.0,3940.0,480.0,209.0,0.22538071065989848
43.0,1.0,29.0,0.3,0.1,0.8,4.0,3796.0,513.0,231.0,0.2305057955742887
43.0,1.0,30.0,0.3,0.1,0.8,4.0,3632.0,516.0,229.0,0.23650881057268722
43.0,1.0,31.0,0.3,0.1,0.8,4.0,3446.0,518.0,237.0,0.24260011607661056
43.0,1.0,32.0,0.3,0.1,0.8,4.0,3271.0,509.0,240.0,0.2494649954142464
43.0,1.0,33.0,0.3,0.1,0.8,4.0,3051.0,488.0,242.0,0.25696492953130123
43.0,1.0,34.0,0.3,0.1,0.8,4.0,2936.0,502.0,237.0,0.26430517711171664
43.0,1.0,35.0,0.3,0.1,0.8,4.0,2798.0,473.0,215.0,0.27662616154395997
43.0,1.0,36.0,0.3,0.1,0.8,4.0,2609.0,429.0,202.0,0.2866998850134151
43.0,1.0,37.0,0.3,0.1,0.8,4.0,2459.0,403.0,194.0,0.29605530703538024
43.0,1.0,38.0,0.3,0.1,0.8,4.0,2319.0,382.0,183.0,0.30746011211729196
43.0,1.0,39.0,0.3,0.1,0.8,4.0,2196.0,333.0,165.0,0.3205828779599271
43.0,1.0,40.0,0.3,0.1,0.8,4.0,2091.0,317.0,165.0,0.3318986131037781
43.0,1.0,41.0,0.3,0.1,0.8,4.0,2009.0,295.0,146.0,0.34046789447486314
43.0,1.0,42.0,0.3,0.1,0.8,4.0,1919.0,271.0,144.0,0.3522668056279312
43.0,1.0,43.0,0.3,0.1,0.8,4.0,1802.0,237.0,119.0,0.3690344062153163
43.0,1.0,44.0,0.3,0.1,0.8,4.0,1740.0,233.0,103.0,0.37701149425287356
43.0,1.0,45.0,0.3,0.1,0.8,4.0,1677.0,206.0,92.0,0.531902206320811
43.0,1.0,46.0,0.3,0.1,0.8,4.0,1628.0,192.0,99.0,0.5356265356265356
43.0,1.0,47.0,0.3,0.1,0.8,4.0,1569.0,181.0,106.0,0.5430210325047801
43.0,1.0,48.0,0.3,0.1,0.8,4.0,1493.0,162.0,88.0,0.549899531145345
43.0,1.0,49.0,0.3,0.1,0.8,4.0,1419.0,125.0,63.0,0.5680056377730797
43.0,1.0,50.0,0.3,0.1,0.8,4.0,1365.0,101.0,53.0,0.5743589743589743
43.0,1.0,51.0,0.3,0.1,0.8,4.0,1347.0,95.0,59.0,0.5798069784706755
43.0,1.0,52.0,0.3,0.1,0.8,4.0,1317.0,84.0,52.0,0.5839028094153379
43.0,2.0,1.0,0.3,0.1,0.8,4.0,1291.0,68.0,43.0,0.5917893106119287
43.0,2.0,2.0,0.3,0.1,0.8,4.0,1262.0,54.0,37.0,0.598256735340729
43.0,2.0,3.0,0.3,0.1,0.8,4.0,1246.0,46.0,28.0,0.6067415730337079
43.0,2.0,4.0,0.3,0.1,0.8,4.0,1222.0,41.0,22.0,0.6096563011456628
43.0,2.0,5.0,0.3,0.1,0.8,4.0,1204.0,35.0,16.0,0.6154485049833887
43.0,2.0,6.0,0.3,0.1,0.8,4.0,1190.0,32.0,19.0,0.6151260504201681
43.0,2.0,7.0,0.3,0.1,0.8,4.0,1183.0,27.0,14.0,0.6196111580726965
43.0,2.0,8.0,0.3,0.1,0.8,4.0,1167.0,22.0,14.0,0.6195372750642674
43.0,2.0,9.0,0.3,0.1,0.8,4.0,1157.0,19.0,12.0,0.6248919619706137
43.0,2.0,10.0,0.3,0.1,0.8,4.0,1148.0,19.0,12.0,0.6219512195121951
43.0,2.0,11.0,0.3,0.1,0.8,4.0,1136.0,15.0,6.0,0.6267605633802817
43.0,2.0,12.0,0.3,0.1,0.8,4.0,1123.0,14.0,5.0,0.6260017809439002
43.0,2.0,13.0,0.3,0.1,0.8,4.0,1094.0,11.0,5.0,0.629798903107861
43.0,2.0,14.0,0.3,0.1,0.8,4.0,1077.0,11.0,8.0,0.627669452181987
43.0,2.0,15.0,0.3,0.1,0.8,4.0,1068.0,9.0,6.0,0.6329588014981273
43.0,2.0,16.0,0.3,0.1,0.8,4.0,1059.0,9.0,5.0,0.6288951841359773
43.0,2.0,17.0,0.3,0.1,0.8,4.0,1054.0,6.0,2.0,0.6337760910815939
43.0,2.0,18.0,0.3,0.1,0.8,4.0,1050.0,5.0,3.0,0.6295238095238095
43.0,2.0,19.0,0.3,0.1,0.8,4.0,1044.0,5.0,3.0,0.632183908045977
43.0,2.0,20.0,0.3,0.1,0.8,4.0,1955.0,5.0,4.0,0.3345268542199488
43.0,2.0,21.0,0.3,0.1,0.8,4.0,1871.0,6.0,3.0,0.34099412079102087
43.0,2.0,22.0,0.3,0.1,0.8,4.0,1837.0,7.0,2.0,0.341861731083288
43.0,2.0,23.0,0.3,0.1,0.8,4.0,1786.0,8.0,3.0,0.34546472564389696
43.0,2.0,24.0,0.3,0.1,0.8,4.0,1747.0,6.0,2.0,0.34688036634230107
43.0,2.0,25.0,0.3,0.1,0.8,4.0,1687.0,7.0,4.0,0.3509187907528156
43.0,2.0,26.0,0.3,0.1,0.8,4.0,1671.0,9.0,4.0,0.350688210652304
43.0,2.0,27.0,0.3,0.1,0.8,4.0,1654.0,14.0,4.0,0.35066505441354295
43.0,2.0,28.0,0.3,0.1,0.8,4.0,1633.0,9.0,3.0,0.3496631965707287
43.0,2.0,29.0,0.3,0.1,0.8,4.0,1597.0,11.0,5.0,0.35003130870381965
43.0,2.0,30.0,0.3,0.1,0.8,4.0,1557.0,14.0,7.0,0.35067437379576105
43.0,2.0,31.0,0.3,0.1,0.8,4.0,1529.0,16.0,6.0,0.35186396337475473
43.0,2.0,32.0,0.3,0.1,0.8,4.0,1499.0,16.0,7.0,0.35023348899266177
43.0,2.0,33.0,0.3,0.1,0.8,4.0,1465.0,15.0,7.0,0.34812286689419797
43.0,2.0,34.0,0.3,0.1,0.8,4.0,1431.0,15.0,11.0,0.3466107617051013
43.0,2.0,35.0,0.3,0.1,0.8,4.0,1393.0,13.0,8.0,0.34960516870064606
43.0,2.0,36.0,0.3,0.1,0.8,4.0,1356.0,12.0,7.0,0.35103244837758113
43.0,2.0,37.0,0.3,0.1,0.8,4.0,1349.0,9.0,2.0,0.352112676056338
43.0,2.0,38.0,0.3,0.1,0.8,4.0,1304.0,7.0,3.0,0.35506134969325154
43.0,2.0,39.0,0.3,0.1,0.8,4.0,1260.0,6.0,4.0,0.3595238095238095
43.0,2.0,40.0,0.3,0.1,0.8,4.0,1259.0,6.0,6.0,0.35901509134233517
43.0,2.0,41.0,0.3,0.1,0.8,4.0,1221.0,5.0,4.0,0.36036036036036034
43.0,2.0,42.0,0.3,0.1,0.8,4.0,1179.0,2.0,1.0,0.35877862595419846
43.0,2.0,43.0,0.3,0.1,0.8,4.0,1150.0,1.0,0.0,0.36086956521739133
43.0,2.0,44.0,0.3,0.1,0.8,4.0,1124.0,0.0,0.0,0.36565836298932386
43.0,2.0,45.0,0.3,0.1,0.8,4.0,1118.0,0.0,0.0,0.49463327370304117
43.0,2.0,46.0,0.3,0.1,0.8,4.0,1112.0,0.0,0.0,0.49550359712230213
43.0,2.0,47.0,0.3,0.1,0.8,4.0,1112.0,0.0,0.0,0.49550359712230213
43.0,2.0,48.0,0.3,0.1,0.8,4.0,1081.0,0.0,0.0,0.49861239592969475
43.0,2.0,49.0,0.3,0.1,0.8,4.0,1060.0,0.0,0.0,0.5009433962264151
43.0,2.0,50.0,0.3,0.1,0.8,4.0,1048.0,0.0,0.0,0.5
43.0,2.0,51.0,0.3,0.1,0.8,4.0,1034.0,0.0,0.0,0.5009671179883946
43.0,2.0,52.0,0.3,0.1,0.8,4.0,1016.0,0.0,0.0,0.5
43.0,3.0,1.0,0.3,0.1,0.8,4.0,1005.0,0.0,0.0,0.49850746268656715
43.0,3.0,2.0,0.3,0.1,0.8,4.0,993.0,0.0,0.0,0.4984894259818731
43.0,3.0,3.0,0.3,0.1,0.8,4.0,989.0,0.0,0.0,0.5005055611729019
43.0,3.0,4.0,0.3,0.1,0.8,4.0,975.0,0.0,0.0,0.49846153846153846
43.0,3.0,5.0,0.3,0.1,0.8,4.0,966.0,0.0,0.0,0.4989648033126294
43.0,3.0,6.0,0.3,0.1,0.8,4.0,955.0,0.0,0.0,0.49842931937172774
43.0,3.0,7.0,0.3,0.1,0.8,4.0,933.0,0.0,0.0,0.4983922829581994
43.0,3.0,8.0,0.3,0.1,0.8,4.0,914.0,0.0,0.0,0.49562363238512036
43.0,3.0,9.0,0.3,0.1,0.8,4.0,896.0,0.0,0.0,0.49776785714285715
43.0,3.0,10.0,0.3,0.1,0.8,4.0,879.0,0.0,0.0,0.4948805460750853
43.0,3.0,11.0,0.3,0.1,0.8,4.0,870.0,0.0,0.0,0.496551724137931
43.0,3.0,12.0,0.3,0.1,0.8,4.0,869.0,0.0,0.0,0.4936708860759494
43.0,3.0,13.0,0.3,0.1,0.8,4.0,841.0,0.0,0.0,0.4958382877526754
43.0,3.0,14.0,0.3,0.1,0.8,4.0,829.0,0.0,0.0,0.49336550060313633
43.0,3.0,15.0,0.3,0.1,0.8,4.0,818.0,0.0,0.0,0.4938875305623472
43.0,3.0,16.0,0.3,0.1,0.8,4.0,817.0,0.0,0.0,0.4920440636474908
43.0,3.0,17.0,0.3,0.1,0.8,4.0,802.0,0.0,0.0,0.4925187032418953
43.0,3.0,18.0,0.3,0.1,0.8,4.0,803.0,0.0,0.0,0.48941469489414696
43.0,3.0,19.0,0.3,0.1,0.8,4.0,787.0,0.0,0.0,0.49047013977128334
43.0,3.0,20.0,0.3,0.1,0.8,4.0,1447.0,0.0,0.0,0.2619212163096061
43.0,3.0,21.0,0.3,0.1,0.8,4.0,1411.0,0.0,0.0,0.26080793763288446
43.0,3.0,22.0,0.3,0.1,0.8,4.0,1357.0,0.0,0.0,0.2630803242446573
43.0,3.0,23.0,0.3,0.1,0.8,4.0,1335.0,0.0,0.0,0.2651685393258427
43.0,3.0,24.0,0.3,0.1,0.8,4.0,1276.0,0.0,0.0,0.26489028213166144
43.0,3.0,25.0,0.3,0.1,0.8,4.0,1247.0,0.0,0.0,0.2694466720128308
43.0,3.0,26.0,0.3,0.1,0.8,4.0,1204.0,0.0,0.0,0.2707641196013289
43.0,3.0,27.0,0.3,0.1,0.8,4.0,1171.0,0.0,0.0,0.27583262169086253
43.0,3.0,28.0,0.3,0.1,0.8,4.0,1145.0,0.0,0.0,0.27510917030567683
43.0,3.0,29.0,0.3,0.1,0.8,4.0,1111.0,0.0,0.0,0.279027902790279
43.0,3.0,30.0,0.3,0.1,0.8,4.0,1086.0,0.0,0.0,0.27808471454880296
43.0,3.0,31.0,0.3,0.1,0.8,4.0,1080.0,0.0,0.0,0.2777777777777778
43.0,3.0,32.0,0.3,0.1,0.8,4.0,1066.0,0.0,0.0,0.2767354596622889
43.0,3.0,33.0,0.3,0.1,0.8,4.0,1010.0,0.0,0.0,0.27821782178217824
43.0,3.0,34.0,0.3,0.1,0.8,4.0,968.0,0.0,0.0,0.2768595041322314
43.0,3.0,35.0,0.3,0.1,0.8,4.0,948.0,0.0,0.0,0.28164556962025317
43.0,3.0,36.0,0.3,0.1,0.8,4.0,937.0,0.0,0.0,0.27748132337246534
43.0,3.0,37.0,0.3,0.1,0.8,4.0,918.0,0.0,0.0,0.2821350762527233
43.0,3.0,38.0,0.3,0.1,0.8,4.0,899.0,0.0,0.0,0.2814238042269188
43.0,3.0,39.0,0.3,0.1,0.8,4.0,899.0,0.0,0.0,0.28476084538375973
43.0,3.0,40.0,0.3,0.1,0.8,4.0,877.0,0.0,0.0,0.28164196123147095
43.0,3.0,41.0,0.3,0.1,0.8,4.0,844.0,0.0,0.0,0.28672985781990523
43.0,3.0,42.0,0.3,0.1,0.8,4.0,838.0,0.0,0.0,0.2828162291169451
43.0,3.0,43.0,0.3,0.1,0.8,4.0,836.0,0.0,0.0,0.2834928229665072
43.0,3.0,44.0,0.3,0.1,0.8,4.0,833.0,0.0,0.0,0.28211284513805523
43.0,3.0,45.0,0.3,0.1,0.8,4.0,837.0,0.0,0.0,0.43130227001194743
43.0,3.0,46.0,0.3,0.1,0.8,4.0,828.0,0.0,0.0,0.42995169082125606
43.0,3.0,47.0,0.3,0.1,0.8,4.0,827.0,0.0,0.0,0.42926239419588874
43.0,3.0,48.0,0.3,0.1,0.8,4.0,818.0,0.0,0.0,0.42665036674816625
43.0,3.0,49.0,0.3,0.1,0.8,4.0,778.0,0.0,0.0,0.4318766066838046
43.0,3.0,50.0,0.3,0.1,0.8,4.0,782.0,0.0,0.0,0.4296675191815857
43.0,3.0,51.0,0.3,0.1,0.8,4.0,775.0,0.0,0.0,0.4270967741935484
43.0,3.0,52.0,0.3,0.1,0.8,4.0,750.0,0.0,0.0,0.424
43.0,4.0,1.0,0.3,0.1,0.8,4.0,750.0,0.0,0.0,0.424
43.0,4.0,2.0,0.3,0.1,0.8,4.0,740.0,0.0,0.0,0.4243243243243243
43.0,4.0,3.0,0.3,0.1,0.8,4.0,726.0,0.0,0.0,0.42699724517906334
43.0,4.0,4.0,0.3,0.1,0.8,4.0,724.0,0.0,0.0,0.42679558011049723
43.0,4.0,5.0,0.3,0.1,0.8,4.0,720.0,0.0,0.0,0.4236111111111111
43.0,4.0,6.0,0.3,0.1,0.8,4.0,714.0,0.0,0.0,0.4215686274509804
43.0,4.0,7.0,0.3,0.1,0.8,4.0,711.0,0.0,0.0,0.42053445850914206
43.0,4.0,8.0,0.3,0.1,0.8,4.0,706.0,0.0,0.0,0.42209631728045327
43.0,4.0,9.0,0.3,0.1,0.8,4.0,702.0,0.0,0.0,0.42165242165242167
43.0,4.0,10.0,0.3,0.1,0.8,4.0,697.0,0.0,0.0,0.42037302725968434
43.0,4.0,11.0,0.3,0.1,0.8,4.0,695.0,0.0,0.0,0.4201438848920863
43.0,4.0,12.0,0.3,0.1,0.8,4.0,694.0,0.0,0.0,0.41930835734870314
43.0,4.0,13.0,0.3,0.1,0.8,4.0,691.0,0.0,0.0,0.4196816208393632
43.0,4.0,14.0,0.3,0.1,0.8,4.0,688.0,0.0,0.0,0.4186046511627907
43.0,4.0,15.0,0.3,0.1,0.8,4.0,686.0,0.0,0.0,0.41836734693877553
43.0,4.0,16.0,0.3,0.1,0.8,4.0,676.0,0.0,0.0,0.4171597633136095
43.0,4.0,17.0,0.3,0.1,0.8,4.0,674.0,0.0,0.0,0.41543026706231456
43.0,4.0,18.0,0.3,0.1,0.8,4.0,661.0,0.0,0.0,0.4145234493192133
43.0,4.0,19.0,0.3,0.1,0.8,4.0,647.0,0.0,0.0,0.4126738794435858
43.0,4.0,20.0,0.3,0.1,0.8,4.0,1240.0,0.0,0.0,0.2153225806451613
43.0,4.0,21.0,0.3,0.1,0.8,4.0,1179.0,0.0,0.0,0.2179813401187447
43.0,4.0,22.0,0.3,0.1,0.8,4.0,1142.0,0.0,0.0,0.22329246935201402
43.0,4.0,23.0,0.3,0.1,0.8,4.0,1122.0,0.0,0.0,0.22370766488413546
43.0,4.0,24.0,0.3,0.1,0.8,4.0,1099.0,0.0,0.0,0.22656960873521384
43.0,4.0,25.0,0.3,0.1,0.8,4.0,1074.0,0.0,0.0,0.22811918063314712
43.0,4.0,26.0,0.3,0.1,0.8,4.0,1066.0,0.0,0.0,0.2298311444652908
43.0,4.0,27.0,0.3,0.1,0.8,4.0,1033.0,0.0,0.0,0.2313649564375605
43.0,4.0,28.0,0.3,0.1,0.8,4.0,992.0,0.0,0.0,0.23790322580645162
43.0,4.0,29.0,0.3,0.1,0.8,4.0,973.0,0.0,0.0,0.24049331963001028
43.0,4.0,30.0,0.3,0.1,0.8,4.0,965.0,0.0,0.0,0.24248704663212436
43.0,4.0,31.0,0.3,0.1,0.8,4.0,968.0,0.0,0.0,0.23863636363636365
43.0,4.0,32.0,0.3,0.1,0.8,4.0,943.0,0.0,0.0,0.24284199363732767
43.0,4.0,33.0,0.3,0.1,0.8,4.0,945.0,0.0,0.0,0.23809523809523808
43.0,4.0,34.0,0.3,0.1,0.8,4.0,909.0,0.0,0.0,0.24312431243124313
43.0,4.0,35.0,0.3,0.1,0.8,4.0,898.0,0.0,0.0,0.24276169265033407
43.0,4.0,36.0,0.3,0.1,0.8,4.0,864.0,0.0,0.0,0.2488425925925926
43.0,4.0,37.0,0.3,0.1,0.8,4.0,874.0,0.0,0.0,0.2459954233409611
43.0,4.0,38.0,0.3,0.1,0.8,4.0,777.0,0.0,0.0,0.25868725868725867
43.0,4.0,39.0,0.3,0.1,0.8,4.0,775.0,0.0,0.0,0.25806451612903225
43.0,4.0,40.0,0.3,0.1,0.8,4.0,768.0,0.0,0.0,0.25390625
43.0,4.0,41.0,0.3,0.1,0.8,4.0,769.0,0.0,0.0,0.25487646293888166
43.0,4.0,42.0,0.3,0.1,0.8,4.0,761.0,0.0,0.0,0.25492772667542707
43.0,4.0,43.0,0.3,0.1,0.8,4.0,743.0,0.0,0.0,0.2557200538358008
43.0,4.0,44.0,0.3,0.1,0.8,4.0,737.0,0.0,0.0,0.2564450474898236
43.0,4.0,45.0,0.3,0.1,0.8,4.0,716.0,0.0,0.0,0.3924581005586592
43.0,4.0,46.0,0.3,0.1,0.8,4.0,688.0,0.0,0.0,0.3953488372093023
43.0,4.0,47.0,0.3,0.1,0.8,4.0,667.0,0.0,0.0,0.4002998500749625
43.0,4.0,48.0,0.3,0.1,0.8,4.0,655.0,0.0,0.0,0.4015267175572519
43.0,4.0,49.0,0.3,0.1,0.8,4.0,649.0,0.0,0.0,0.39907550077041604
43.0,4.0,50.0,0.3,0.1,0.8,4.0,647.0,0.0,0.0,0.40030911901081917
43.0,4.0,51.0,0.3,0.1,0.8,4.0,644.0,0.0,0.0,0.39906832298136646
43.0,4.0,52.0,0.3,0.1,0.8,4.0,640.0,0.0,0.0,0.4
43.0,5.0,1.0,0.3,0.1,0.8,4.0,635.0,0.0,0.0,0.4015748031496063
43.0,5.0,2.0,0.3,0.1,0.8,4.0,621.0,0.0,0.0,0.40418679549114334
43.0,5.0,3.0,0.3,0.1,0.8,4.0,615.0,0.0,0.0,0.4065040650406504
43.0,5.0,4.0,0.3,0.1,0.8,4.0,616.0,0.0,0.0,0.400974025974026
43.0,5.0,5.0,0.3,0.1,0.8,4.0,614.0,0.0,0.0,0.4022801302931596
43.0,5.0,6.0,0.3,0.1,0.8,4.0,615.0,0.0,0.0,0.4032520325203252
43.0,5.0,7.0,0.3,0.1,0.8,4.0,609.0,0.0,0.0,0.4006568144499179
43.0,5.0,8.0,0.3,0.1,0.8,4.0,607.0,0.0,0.0,0.400329489291598
43.0,5.0,9.0,0.3,0.1,0.8,4.0,603.0,0.0,0.0,0.4013266998341625
43.0,5.0,10.0,0.3,0.1,0.8,4.0,604.0,0.0,0.0,0.40066225165562913
43.0,5.0,11.0,0.3,0.1,0.8,4.0,589.0,0.0,0.0,0.398981324278438
43.0,5.0,12.0,0.3,0.1,0.8,4.0,591.0,0.0,0.0,0.3993231810490694
43.0,5.0,13.0,0.3,0.1,0.8,4.0,588.0,0.0,0.0,0.39965986394557823
43.0,5.0,14.0,0.3,0.1,0.8,4.0,588.0,0.0,0.0,0.39965986394557823
43.0,5.0,15.0,0.3,0.1,0.8,4.0,585.0,0.0,0.0,0.39829059829059826
43.0,5.0,16.0,0.3,0.1,0.8,4.0,585.0,0.0,0.0,0.4
43.0,5.0,17.0,0.3,0.1,0.8,4.0,582.0,0.0,0.0,0.39862542955326463
43.0,5.0,18.0,0.3,0.1,0.8,4.0,581.0,0.0,0.0,0.39759036144578314
43.0,5.0,19.0,0.3,0.1,0.8,4.0,579.0,0.0,0.0,0.39723661485319517
43.0,5.0,20.0,0.3,0.1,0.8,4.0,1083.0,0.0,0.0,0.2123730378578024
43.0,5.0,21.0,0.3,0.1,0.8,4.0,1031.0,0.0,0.0,0.21726479146459748
43.0,5.0,22.0,0.3,0.1,0.8,4.0,993.0,0.0,0.0,0.2215508559919436
43.0,5.0,23.0,0.3,0.1,0.8,4.0,986.0,0.0,0.0,0.22008113590263692
43.0,5.0,24.0,0.3,0.1,0.8,4.0,923.0,0.0,0.0,0.22643553629469124
43.0,5.0,25.0,0.3,0.1,0.8,4.0,870.0,0.0,0.0,0.22528735632183908
43.0,5.0,26.0,0.3,0.1,0.8,4.0,866.0,0.0,0.0,0.22632794457274827
43.0,5.0,27.0,0.3,0.1,0.8,4.0,865.0,0.0,0.0,0.2254335260115607
43.0,5.0,28.0,0.3,0.1,0.8,4.0,835.0,0.0,0.0,0.22634730538922157
43.0,5.0,29.0,0.3,0.1,0.8,4.0,792.0,0.0,0.0,0.2297979797979798
43.0,5.0,30.0,0.3,0.1,0.8,4.0,787.0,0.0,0.0,0.22998729351969505
43.0,5.0,31.0,0.3,0.1,0.8,4.0,763.0,0.0,0.0,0.22673656618610746
43.0,5.0,32.0,0.3,0.1,0.8,4.0,735.0,0.0,0.0,0.22993197278911565
43.0,5.0,33.0,0.3,0.1,0.8,4.0,705.0,0.0,0.0,0.2297872340425532
43.0,5.0,34.0,0.3,0.1,0.8,4.0,704.0,0.0,0.0,0.22869318181818182
43.0,5.0,35.0,0.3,0.1,0.8,4.0,703.0,0.0,0.0,0.22759601706970128
43.0,5.0,36.0,0.3,0.1,0.8,4.0,703.0,0.0,0.0,0.22759601706970128
43.0,5.0,37.0,0.3,0.1,0.8,4.0,674.0,0.0,0.0,0.22403560830860533
43.0,5.0,38.0,0.3,0.1,0.8,4.0,674.0,0.0,0.0,0.22403560830860533
43.0,5.0,39.0,0.3,0.1,0.8,4.0,673.0,0.0,0.0,0.22436849925705796
43.0,5.0,40.0,0.3,0.1,0.8,4.0,661.0,0.0,0.0,0.2254160363086233
43.0,5.0,41.0,0.3,0.1,0.8,4.0,647.0,0.0,0.0,0.2287480680061824
43.0,5.0,42.0,0.3,0.1,0.8,4.0,633.0,0.0,0.0,0.23064770932069512
43.0,5.0,43.0,0.3,0.1,0.8,4.0,633.0,0.0,0.0,0.23064770932069512
43.0,5.0,44.0,0.3,0.1,0.8,4.0,633.0,0.0,0.0,0.23064770932069512
43.0,5.0,45.0,0.3,0.1,0.8,4.0,606.0,0.0,0.0,0.4306930693069307
43.0,5.0,46.0,0.3,0.1,0.8,4.0,606.0,0.0,0.0,0.4306930693069307
43.0,5.0,47.0,0.3,0.1,0.8,4.0,583.0,0.0,0.0,0.42710120068610635
43.0,5.0,48.0,0.3,0.1,0.8,4.0,582.0,0.0,0.0,0.4261168384879725
43.0,5.0,49.0,0.3,0.1,0.8,4.0,582.0,0.0,0.0,0.4261168384879725
43.0,5.0,50.0,0.3,0.1,0.8,4.0,570.0,0.0,0.0,0.4298245614035088
43.0,5.0,51.0,0.3,0.1,0.8,4.0,550.0,0.0,0.0,0.43636363636363634
43.0,5.0,52.0,0.3,0.1,0.8,4.0,548.0,0.0,0.0,0.43795620437956206
43.0,6.0,1.0,0.3,0.1,0.8,4.0,546.0,0.0,0.0,0.4358974358974359
43.0,6.0,2.0,0.3,0.1,0.8,4.0,546.0,0.0,0.0,0.4358974358974359
43.0,6.0,3.0,0.3,0.1,0.8,4.0,545.0,0.0,0.0,0.43486238532110094
43.0,6.0,4.0,0.3,0.1,0.8,4.0,545.0,0.0,0.0,0.43486238532110094
43.0,6.0,5.0,0.3,0.1,0.8,4.0,544.0,0.0,0.0,0.4338235294117647
43.0,6.0,6.0,0.3,0.1,0.8,4.0,544.0,0.0,0.0,0.4338235294117647
43.0,6.0,7.0,0.3,0.1,0.8,4.0,541.0,0.0,0.0,0.43253234750462105
43.0,6.0,8.0,0.3,0.1,0.8,4.0,540.0,0.0,0.0,0.43333333333333335
43.0,6.0,9.0,0.3,0.1,0.8,4.0,536.0,0.0,0.0,0.43470149253731344
43.0,6.0,10.0,0.3,0.1,0.8,4.0,534.0,0.0,0.0,0.4344569288389513
43.0,6.0,11.0,0.3,0.1,0.8,4.0,529.0,0.0,0.0,0.43856332703213613
43.0,6.0,12.0,0.3,0.1,0.8,4.0,527.0,0.0,0.0,0.43833017077798864
43.0,6.0,13.0,0.3,0.1,0.8,4.0,525.0,0.0,0.0,0.44
43.0,6.0,14.0,0.3,0.1,0.8,4.0,525.0,0.0,0.0,0.4380952380952381
43.0,6.0,15.0,0.3,0.1,0.8,4.0,525.0,0.0,0.0,0.4380952380952381
43.0,6.0,16.0,0.3,0.1,0.8,4.0,523.0,0.0,0.0,0.4378585086042065
43.0,6.0,17.0,0.3,0.1,0.8,4.0,523.0,0.0,0.0,0.4378585086042065
43.0,6.0,18.0,0.3,0.1,0.8,4.0,522.0,0.0,0.0,0.4386973180076628
43.0,6.0,19.0,0.3,0.1,0.8,4.0,523.0,0.0,0.0,0.4378585086042065
43.0,6.0,20.0,0.3,0.1,0.8,4.0,930.0,0.0,0.0,0.24623655913978496
43.0,6.0,21.0,0.3,0.1,0.8,4.0,907.0,0.0,0.0,0.24696802646085997
43.0,6.0,22.0,0.3,0.1,0.8,4.0,901.0,0.0,0.0,0.24750277469478357
43.0,6.0,23.0,0.3,0.1,0.8,4.0,886.0,0.0,0.0,0.2516930022573363
43.0,6.0,24.0,0.3,0.1,0.8,4.0,851.0,0.0,0.0,0.2573443008225617
43.0,6.0,25.0,0.3,0.1,0.8,4.0,830.0,0.0,0.0,0.25662650602409637
43.0,6.0,26.0,0.3,0.1,0.8,4.0,822.0,0.0,0.0,0.25669099756691
43.0,6.0,27.0,0.3,0.1,0.8,4.0,829.0,0.0,0.0,0.2569360675512666
43.0,6.0,28.0,0.3,0.1,0.8,4.0,818.0,0.0,0.0,0.25794621026894865
43.0,6.0,29.0,0.3,0.1,0.8,4.0,793.0,0.0,0.0,0.2572509457755359
43.0,6.0,30.0,0.3,0.1,0.8,4.0,790.0,0.0,0.0,0.2569620253164557
43.0,6.0,31.0,0.3,0.1,0.8,4.0,776.0,0.0,0.0,0.25257731958762886
43.0,6.0,32.0,0.3,0.1,0.8,4.0,764.0,0.0,0.0,0.2526178010471204
43.0,6.0,33.0,0.3,0.1,0.8,4.0,728.0,0.0,0.0,0.25137362637362637
43.0,6.0,34.0,0.3,0.1,0.8,4.0,727.0,0.0,0.0,0.2517193947730399
43.0,6.0,35.0,0.3,0.1,0.8,4.0,726.0,0.0,0.0,0.25068870523415976
43.0,6.0,36.0,0.3,0.1,0.8,4.0,725.0,0.0,0.0,0.2496551724137931
43.0,6.0,37.0,0.3,0.1,0.8,4.0,699.0,0.0,0.0,0.25608011444921314
43.0,6.0,38.0,0.3,0.1,0.8,4.0,687.0,0.0,0.0,0.2547307132459971
43.0,6.0,39.0,0.3,0.1,0.8,4.0,687.0,0.0,0.0,0.2547307132459971
43.0,6.0,40.0,0.3,0.1,0.8,4.0,684.0,0.0,0.0,0.25584795321637427
43.0,6.0,41.0,0.3,0.1,0.8,4.0,684.0,0.0,0.0,0.25584795321637427
43.0,6.0,42.0,0.3,0.1,0.8,4.0,682.0,0.0,0.0,0.25513196480938416
43.0,6.0,43.0,0.3,0.1,0.8,4.0,671.0,0.0,0.0,0.2578241430700447
43.0,6.0,44.0,0.3,0.1,0.8,4.0,670.0,0.0,0.0,0.25671641791044775
43.0,6.0,45.0,0.3,0.1,0.8,4.0,669.0,0.0,0.0,0.41853512705530643
43.0,6.0,46.0,0.3,0.1,0.8,4.0,668.0,0.0,0.0,0.4176646706586826
43.0,6.0,47.0,0.3,0.1,0.8,4.0,668.0,0.0,0.0,0.4176646706586826
43.0,6.0,48.0,0.3,0.1,0.8,4.0,667.0,0.0,0.0,0.41829085457271364
43.0,6.0,49.0,0.3,0.1,0.8,4.0,668.0,0.0,0.0,0.4176646706586826
43.0,6.0,50.0,0.3,0.1,0.8,4.0,666.0,0.0,0.0,0.4189189189189189
43.0,6.0,51.0,0.3,0.1,0.8,4.0,666.0,0.0,0.0,0.4189189189189189
43.0,6.0,52.0,0.3,0.1,0.8,4.0,650.0,0.0,0.0,0.42
43.0,7.0,1.0,0.3,0.1,0.8,4.0,651.0,0.0,0.0,0.41935483870967744
43.0,7.0,2.0,0.3,0.1,0.8,4.0,651.0,0.0,0.0,0.41935483870967744
43.0,7.0,3.0,0.3,0.1,0.8,4.0,632.0,0.0,0.0,0.4208860759493671
43.0,7.0,4.0,0.3,0.1,0.8,4.0,630.0,0.0,0.0,0.4222222222222222
43.0,7.0,5.0,0.3,0.1,0.8,4.0,628.0,0.0,0.0,0.42197452229299365
43.0,7.0,6.0,0.3,0.1,0.8,4.0,611.0,0.0,0.0,0.42716857610474634
43.0,7.0,7.0,0.3,0.1,0.8,4.0,611.0,0.0,0.0,0.42716857610474634
43.0,7.0,8.0,0.3,0.1,0.8,4.0,610.0,0.0,0.0,0.4278688524590164
43.0,7.0,9.0,0.3,0.1,0.8,4.0,609.0,0.0,0.0,0.4269293924466338
43.0,7.0,10.0,0.3,0.1,0.8,4.0,608.0,0.0,0.0,0.4276315789473684
43.0,7.0,11.0,0.3,0.1,0.8,4.0,608.0,0.0,0.0,0.4276315789473684
43.0,7.0,12.0,0.3,0.1,0.8,4.0,607.0,0.0,0.0,0.42833607907743
43.0,7.0,13.0,0.3,0.1,0.8,4.0,607.0,0.0,0.0,0.42833607907743
43.0,7.0,14.0,0.3,0.1,0.8,4.0,607.0,0.0,0.0,0.42833607907743
43.0,7.0,15.0,0.3,0.1,0.8,4.0,605.0,0.0,0.0,0.428099173553719
43.0,7.0,16.0,0.3,0.1,0.8,4.0,603.0,0.0,0.0,0.42786069651741293
43.0,7.0,17.0,0.3,0.1,0.8,4.0,600.0,0.0,0.0,0.4266666666666667
43.0,7.0,18.0,0.3,0.1,0.8,4.0,600.0,0.0,0.0,0.4266666666666667
43.0,7.0,19.0,0.3,0.1,0.8,4.0,599.0,0.0,0.0,0.4257095158597663
43.0,7.0,20.0,0.3,0.1,0.8,4.0,1066.0,0.0,0.0,0.2401500938086304
43.0,7.0,21.0,0.3,0.1,0.8,4.0,1066.0,0.0,0.0,0.2401500938086304
43.0,7.0,22.0,0.3,0.1,0.8,4.0,1066.0,0.0,0.0,0.2401500938086304
43.0,7.0,23.0,0.3,0.1,0.8,4.0,1047.0,0.0,0.0,0.24164278892072588
43.0,7.0,24.0,0.3,0.1,0.8,4.0,1020.0,0.0,0.0,0.24215686274509804
43.0,7.0,25.0,0.3,0.1,0.8,4.0,997.0,0.0,0.0,0.23971915747241726
43.0,7.0,26.0,0.3,0.1,0.8,4.0,996.0,0.0,0.0,0.2389558232931727
43.0,7.0,27.0,0.3,0.1,0.8,4.0,995.0,0.0,0.0,0.23919597989949748
43.0,7.0,28.0,0.3,0.1,0.8,4.0,975.0,0.0,0.0,0.24307692307692308
43.0,7.0,29.0,0.3,0.1,0.8,4.0,974.0,0.0,0.0,0.2433264887063655
43.0,7.0,30.0,0.3,0.1,0.8,4.0,940.0,0.0,0.0,0.24680851063829787
43.0,7.0,31.0,0.3,0.1,0.8,4.0,939.0,0.0,0.0,0.2470713525026624
43.0,7.0,32.0,0.3,0.1,0.8,4.0,912.0,0.0,0.0,0.25
43.0,7.0,33.0,0.3,0.1,0.8,4.0,889.0,0.0,0.0,0.25196850393700787
43.0,7.0,34.0,0.3,0.1,0.8,4.0,873.0,0.0,0.0,0.2508591065292096
43.0,7.0,35.0,0.3,0.1,0.8,4.0,871.0,0.0,0.0,0.2502870264064294
43.0,7.0,36.0,0.3,0.1,0.8,4.0,848.0,0.0,0.0,0.25235849056603776
43.0,7.0,37.0,0.3,0.1,0.8,4.0,846.0,0.0,0.0,0.25177304964539005
43.0,7.0,38.0,0.3,0.1,0.8,4.0,832.0,0.0,0.0,0.2512019230769231
43.0,7.0,39.0,0.3,0.1,0.8,4.0,808.0,0.0,0.0,0.25123762376237624
43.0,7.0,40.0,0.3,0.1,0.8,4.0,808.0,0.0,0.0,0.25123762376237624
43.0,7.0,41.0,0.3,0.1,0.8,4.0,808.0,0.0,0.0,0.25123762376237624
43.0,7.0,42.0,0.3,0.1,0.8,4.0,808.0,0.0,0.0,0.25123762376237624
43.0,7.0,43.0,0.3,0.1,0.8,4.0,797.0,0.0,0.0,0.2521957340025094
43.0,7.0,44.0,0.3,0.1,0.8,4.0,775.0,0.0,0.0,0.2567741935483871
43.0,7.0,45.0,0.3,0.1,0.8,4.0,775.0,0.0,0.0,0.4232258064516129
43.0,7.0,46.0,0.3,0.1,0.8,4.0,759.0,0.0,0.0,0.42160737812911725
43.0,7.0,47.0,0.3,0.1,0.8,4.0,734.0,0.0,0.0,0.42915531335149865
43.0,7.0,48.0,0.3,0.1,0.8,4.0,720.0,0.0,0.0,0.43333333333333335
43.0,7.0,49.0,0.3,0.1,0.8,4.0,709.0,0.0,0.0,0.4315937940761636
43.0,7.0,50.0,0.3,0.1,0.8,4.0,709.0,0.0,0.0,0.4315937940761636
43.0,7.0,51.0,0.3,0.1,0.8,4.0,708.0,0.0,0.0,0.4307909604519774
43.0,7.0,52.0,0.3,0.1,0.8,4.0,705.0,0.0,0.0,0.4326241134751773
43.0,8.0,1.0,0.3,0.1,0.8,4.0,695.0,0.0,0.0,0.43453237410071943
43.0,8.0,2.0,0.3,0.1,0.8,4.0,693.0,0.0,0.0,0.4357864357864358
43.0,8.0,3.0,0.3,0.1,0.8,4.0,684.0,0.0,0.0,0.43859649122807015
43.0,8.0,4.0,0.3,0.1,0.8,4.0,682.0,0.0,0.0,0.4398826979472141
43.0,8.0,5.0,0.3,0.1,0.8,4.0,684.0,0.0,0.0,0.43859649122807015
43.0,8.0,6.0,0.3,0.1,0.8,4.0,683.0,0.0,0.0,0.43923865300146414
43.0,8.0,7.0,0.3,0.1,0.8,4.0,681.0,0.0,0.0,0.4390602055800294
43.0,8.0,8.0,0.3,0.1,0.8,4.0,677.0,0.0,0.0,0.4431314623338257
43.0,8.0,9.0,0.3,0.1,0.8,4.0,679.0,0.0,0.0,0.4418262150220913
43.0,8.0,10.0,0.3,0.1,0.8,4.0,676.0,0.0,0.0,0.4437869822485207
43.0,8.0,11.0,0.3,0.1,0.8,4.0,677.0,0.0,0.0,0.4431314623338257
43.0,8.0,12.0,0.3,0.1,0.8,4.0,677.0,0.0,0.0,0.4431314623338257
43.0,8.0,13.0,0.3,0.1,0.8,4.0,672.0,0.0,0.0,0.4419642857142857
43.0,8.0,14.0,0.3,0.1,0.8,4.0,671.0,0.0,0.0,0.44113263785394935
43.0,8.0,15.0,0.3,0.1,0.8,4.0,670.0,0.0,0.0,0.44029850746268656
43.0,8.0,16.0,0.3,0.1,0.8,4.0,669.0,0.0,0.0,0.43946188340807174
43.0,8.0,17.0,0.3,0.1,0.8,4.0,669.0,0.0,0.0,0.44095665171898357
43.0,8.0,18.0,0.3,0.1,0.8,4.0,667.0,0.0,0.0,0.4407796101949025
43.0,8.0,19.0,0.3,0.1,0.8,4.0,668.0,0.0,0.0,0.4416167664670659
43.0,8.0,20.0,0.3,0.1,0.8,4.0,1179.0,0.0,0.0,0.24936386768447838
43.0,8.0,21.0,0.3,0.1,0.8,4.0,1183.0,0.0,0.0,0.24936601859678784
43.0,8.0,22.0,0.3,0.1,0.8,4.0,1151.0,0.0,0.0,0.2519548218940052
43.0,8.0,23.0,0.3,0.1,0.8,4.0,1120.0,0.0,0.0,0.25357142857142856
43.0,8.0,24.0,0.3,0.1,0.8,4.0,1060.0,0.0,0.0,0.26132075471698113
43.0,8.0,25.0,0.3,0.1,0.8,4.0,1040.0,0.0,0.0,0.2605769230769231
43.0,8.0,26.0,0.3,0.1,0.8,4.0,1003.0,0.0,0.0,0.2642073778664008
43.0,8.0,27.0,0.3,0.1,0.8,4.0,984.0,0.0,0.0,0.2693089430894309
43.0,8.0,28.0,0.3,0.1,0.8,4.0,983.0,0.0,0.0,0.2695829094608342
43.0,8.0,29.0,0.3,0.1,0.8,4.0,984.0,0.0,0.0,0.2693089430894309
43.0,8.0,30.0,0.3,0.1,0.8,4.0,971.0,0.0,0.0,0.27188465499485065
43.0,8.0,31.0,0.3,0.1,0.8,4.0,972.0,0.0,0.0,0.2716049382716049
43.0,8.0,32.0,0.3,0.1,0.8,4.0,972.0,0.0,0.0,0.2716049382716049
43.0,8.0,33.0,0.3,0.1,0.8,4.0,960.0,0.0,0.0,0.27395833333333336
43.0,8.0,34.0,0.3,0.1,0.8,4.0,939.0,0.0,0.0,0.27689030883919064
43.0,8.0,35.0,0.3,0.1,0.8,4.0,940.0,0.0,0.0,0.2765957446808511
43.0,8.0,36.0,0.3,0.1,0.8,4.0,912.0,0.0,0.0,0.2774122807017544
43.0,8.0,37.0,0.3,0.1,0.8,4.0,901.0,0.0,0.0,0.2785793562708102
43.0,8.0,38.0,0.3,0.1,0.8,4.0,890.0,0.0,0.0,0.2797752808988764
43.0,8.0,39.0,0.3,0.1,0.8,4.0,890.0,0.0,0.0,0.2797752808988764
43.0,8.0,40.0,0.3,0.1,0.8,4.0,890.0,0.0,0.0,0.2797752808988764
43.0,8.0,41.0,0.3,0.1,0.8,4.0,890.0,0.0,0.0,0.2797752808988764
43.0,8.0,42.0,0.3,0.1,0.8,4.0,890.0,0.0,0.0,0.2797752808988764
43.0,8.0,43.0,0.3,0.1,0.8,4.0,878.0,0.0,0.0,0.28132118451025057
43.0,8.0,44.0,0.3,0.1,0.8,4.0,878.0,0.0,0.0,0.28132118451025057
43.0,8.0,45.0,0.3,0.1,0.8,4.0,878.0,0.0,0.0,0.4419134396355353
43.0,8.0,46.0,0.3,0.1,0.8,4.0,855.0,0.0,0.0,0.4432748538011696
43.0,8.0,47.0,0.3,0.1,0.8,4.0,844.0,0.0,0.0,0.4443127962085308
43.0,8.0,48.0,0.3,0.1,0.8,4.0,830.0,0.0,0.0,0.44819277108433736
43.0,8.0,49.0,0.3,0.1,0.8,4.0,817.0,0.0,0.0,0.44920440636474906
43.0,8.0,50.0,0.3,0.1,0.8,4.0,817.0,0.0,0.0,0.44920440636474906
43.0,8.0,51.0,0.3,0.1,0.8,4.0,816.0,0.0,0.0,0.4485294117647059
43.0,8.0,52.0,0.3,0.1,0.8,4.0,817.0,0.0,0.0,0.44920440636474906
43.0,9.0,1.0,0.3,0.1,0.8,4.0,816.0,0.0,0.0,0.4485294117647059
43.0,9.0,2.0,0.3,0.1,0.8,4.0,817.0,0.0,0.0,0.44920440636474906
43.0,9.0,3.0,0.3,0.1,0.8,4.0,816.0,0.0,0.0,0.4485294117647059
43.0,9.0,4.0,0.3,0.1,0.8,4.0,817.0,0.0,0.0,0.44920440636474906
43.0,9.0,5.0,0.3,0.1,0.8,4.0,814.0,0.0,0.0,0.44963144963144963
43.0,9.0,6.0,0.3,0.1,0.8,4.0,814.0,0.0,0.0,0.45085995085995084
43.0,9.0,7.0,0.3,0.1,0.8,4.0,813.0,0.0,0.0,0.45018450184501846
43.0,9.0,8.0,0.3,0.1,0.8,4.0,813.0,0.0,0.0,0.45141451414514144
43.0,9.0,9.0,0.3,0.1,0.8,4.0,807.0,0.0,0.0,0.45229244114002476
43.0,9.0,10.0,0.3,0.1,0.8,4.0,808.0,0.0,0.0,0.452970297029703
43.0,9.0,11.0,0.3,0.1,0.8,4.0,807.0,0.0,0.0,0.45229244114002476
43.0,9.0,12.0,0.3,0.1,0.8,4.0,807.0,0.0,0.0,0.45353159851301117
43.0,9.0,13.0,0.3,0.1,0.8,4.0,802.0,0.0,0.0,0.4538653366583541
43.0,9.0,14.0,0.3,0.1,0.8,4.0,801.0,0.0,0.0,0.4556803995006242
43.0,9.0,15.0,0.3,0.1,0.8,4.0,799.0,0.0,0.0,0.4555694618272841
43.0,9.0,16.0,0.3,0.1,0.8,4.0,800.0,0.0,0.0,0.45625
43.0,9.0,17.0,0.3,0.1,0.8,4.0,798.0,0.0,0.0,0.45614035087719296
43.0,9.0,18.0,0.3,0.1,0.8,4.0,789.0,0.0,0.0,0.45754119138149557
43.0,9.0,19.0,0.3,0.1,0.8,4.0,787.0,0.0,0.0,0.45743329097839897
43.0,9.0,20.0,0.3,0.1,0.8,4.0,1351.0,0.0,0.0,0.24870466321243523
43.0,9.0,21.0,0.3,0.1,0.8,4.0,1287.0,0.0,0.0,0.24864024864024864
43.0,9.0,22.0,0.3,0.1,0.8,4.0,1240.0,0.0,0.0,0.2467741935483871
43.0,9.0,23.0,0.3,0.1,0.8,4.0,1171.0,0.0,0.0,0.25362937660119556
43.0,9.0,24.0,0.3,0.1,0.8,4.0,1124.0,0.0,0.0,0.2580071174377224
43.0,9.0,25.0,0.3,0.1,0.8,4.0,1101.0,0.0,0.0,0.26067211625794734
43.0,9.0,26.0,0.3,0.1,0.8,4.0,1071.0,0.0,0.0,0.2623716153127918
43.0,9.0,27.0,0.3,0.1,0.8,4.0,1049.0,0.0,0.0,0.2621544327931363
43.0,9.0,28.0,0.3,0.1,0.8,4.0,1021.0,0.0,0.0,0.2654260528893242
43.0,9.0,29.0,0.3,0.1,0.8,4.0,990.0,0.0,0.0,0.2696969696969697
43.0,9.0,30.0,0.3,0.1,0.8,4.0,985.0,0.0,0.0,0.26802030456852793
43.0,9.0,31.0,0.3,0.1,0.8,4.0,965.0,0.0,0.0,0.2704663212435233
43.0,9.0,32.0,0.3,0.1,0.8,4.0,949.0,0.0,0.0,0.2697576396206533
43.0,9.0,33.0,0.3,0.1,0.8,4.0,942.0,0.0,0.0,0.27070063694267515
43.0,9.0,34.0,0.3,0.1,0.8,4.0,949.0,0.0,0.0,0.2697576396206533
43.0,9.0,35.0,0.3,0.1,0.8,4.0,927.0,0.0,0.0,0.2740021574973031
43.0,9.0,36.0,0.3,0.1,0.8,4.0,934.0,0.0,0.0,0.27301927194860814
43.0,9.0,37.0,0.3,0.1,0.8,4.0,915.0,0.0,0.0,0.2754098360655738
43.0,9.0,38.0,0.3,0.1,0.8,4.0,908.0,0.0,0.0,0.276431718061674
43.0,9.0,39.0,0.3,0.1,0.8,4.0,877.0,0.0,0.0,0.28278221208665905
43.0,9.0,40.0,0.3,0.1,0.8,4.0,884.0,0.0,0.0,0.2816742081447964
43.0,9.0,41.0,0.3,0.1,0.8,4.0,877.0,0.0,0.0,0.28278221208665905
43.0,9.0,42.0,0.3,0.1,0.8,4.0,884.0,0.0,0.0,0.2816742081447964
43.0,9.0,43.0,0.3,0.1,0.8,4.0,866.0,0.0,0.0,0.28290993071593534
43.0,9.0,44.0,0.3,0.1,0.8,4.0,862.0,0.0,0.0,0.28074245939675174
43.0,9.0,45.0,0.3,0.1,0.8,4.0,842.0,0.0,0.0,0.4180522565320665
43.0,9.0,46.0,0.3,0.1,0.8,4.0,827.0,0.0,0.0,0.4183796856106409
43.0,9.0,47.0,0.3,0.1,0.8,4.0,820.0,0.0,0.0,0.4195121951219512
43.0,9.0,48.0,0.3,0.1,0.8,4.0,827.0,0.0,0.0,0.4183796856106409
43.0,9.0,49.0,0.3,0.1,0.8,4.0,820.0,0.0,0.0,0.4195121951219512
43.0,9.0,50.0,0.3,0.1,0.8,4.0,827.0,0.0,0.0,0.4183796856106409
43.0,9.0,51.0,0.3,0.1,0.8,4.0,822.0,0.0,0.0,0.4197080291970803
43.0,9.0,52.0,0.3,0.1,0.8,4.0,827.0,0.0,0.0,0.4183796856106409
43.0,10.0,1.0,0.3,0.1,0.8,4.0,821.0,0.0,0.0,0.4190012180267966
43.0,10.0,2.0,0.3,0.1,0.8,4.0,824.0,0.0,0.0,0.4186893203883495
43.0,10.0,3.0,0.3,0.1,0.8,4.0,818.0,0.0,0.0,0.4193154034229829
43.0,10.0,4.0,0.3,0.1,0.8,4.0,823.0,0.0,0.0,0.41798298906439857
43.0,10.0,5.0,0.3,0.1,0.8,4.0,818.0,0.0,0.0,0.4193154034229829
43.0,10.0,6.0,0.3,0.1,0.8,4.0,809.0,0.0,0.0,0.42027194066749074
43.0,10.0,7.0,0.3,0.1,0.8,4.0,790.0,0.0,0.0,0.4278481012658228
43.0,10.0,8.0,0.3,0.1,0.8,4.0,794.0,0.0,0.0,0.4269521410579345
43.0,10.0,9.0,0.3,0.1,0.8,4.0,789.0,0.0,0.0,0.42839036755386567
43.0,10.0,10.0,0.3,0.1,0.8,4.0,790.0,0.0,0.0,0.4291139240506329
43.0,10.0,11.0,0.3,0.1,0.8,4.0,786.0,0.0,0.0,0.4300254452926209
43.0,10.0,12.0,0.3,0.1,0.8,4.0,777.0,0.0,0.0,0.4337194337194337
43.0,10.0,13.0,0.3,0.1,0.8,4.0,774.0,0.0,0.0,0.43410852713178294
43.0,10.0,14.0,0.3,0.1,0.8,4.0,776.0,0.0,0.0,0.43427835051546393
43.0,10.0,15.0,0.3,0.1,0.8,4.0,774.0,0.0,0.0,0.43410852713178294
43.0,10.0,16.0,0.3,0.1,0.8,4.0,775.0,0.0,0.0,0.43483870967741933
43.0,10.0,17.0,0.3,0.1,0.8,4.0,761.0,0.0,0.0,0.43626806833114323
43.0,10.0,18.0,0.3,0.1,0.8,4.0,762.0,0.0,0.0,0.43700787401574803
43.0,10.0,19.0,0.3,0.1,0.8,4.0,760.0,0.0,0.0,0.4368421052631579
43.0,10.0,20.0,0.3,0.1,0.8,4.0,1304.0,0.0,0.0,0.23159509202453987
43.0,10.0,21.0,0.3,0.1,0.8,4.0,1271.0,0.0,0.0,0.23288749016522423
43.0,10.0,22.0,0.3,0.1,0.8,4.0,1261.0,0.0,0.0,0.23552735923869944
43.0,10.0,23.0,0.3,0.1,0.8,4.0,1210.0,0.0,0.0,0.2421487603305785
43.0,10.0,24.0,0.3,0.1,0.8,4.0,1174.0,0.0,0.0,0.2444633730834753
43.0,10.0,25.0,0.3,0.1,0.8,4.0,1118.0,0.0,0.0,0.24955277280858676
43.0,10.0,26.0,0.3,0.1,0.8,4.0,1107.0,0.0,0.0,0.25022583559168926
43.0,10.0,27.0,0.3,0.1,0.8,4.0,1083.0,0.0,0.0,0.2520775623268698
43.0,10.0,28.0,0.3,0.1,0.8,4.0,1062.0,0.0,0.0,0.2542372881355932
43.0,10.0,29.0,0.3,0.1,0.8,4.0,1049.0,0.0,0.0,0.25452812202097236
43.0,10.0,30.0,0.3,0.1,0.8,4.0,1051.0,0.0,0.0,0.25499524262607043
43.0,10.0,31.0,0.3,0.1,0.8,4.0,1006.0,0.0,0.0,0.2554671968190855
43.0,10.0,32.0,0.3,0.1,0.8,4.0,994.0,0.0,0.0,0.25855130784708247
43.0,10.0,33.0,0.3,0.1,0.8,4.0,992.0,0.0,0.0,0.25806451612903225
43.0,10.0,34.0,0.3,0.1,0.8,4.0,994.0,0.0,0.0,0.25855130784708247
43.0,10.0,35.0,0.3,0.1,0.8,4.0,974.0,0.0,0.0,0.2618069815195072
43.0,10.0,36.0,0.3,0.1,0.8,4.0,964.0,0.0,0.0,0.2603734439834025
43.0,10.0,37.0,0.3,0.1,0.8,4.0,934.0,0.0,0.0,0.2644539614561028
43.0,10.0,38.0,0.3,0.1,0.8,4.0,936.0,0.0,0.0,0.26495726495726496
43.0,10.0,39.0,0.3,0.1,0.8,4.0,934.0,0.0,0.0,0.2644539614561028
43.0,10.0,40.0,0.3,0.1,0.8,4.0,925.0,0.0,0.0,0.26594594594594595
43.0,10.0,41.0,0.3,0.1,0.8,4.0,922.0,0.0,0.0,0.26572668112798264
43.0,10.0,42.0,0.3,0.1,0.8,4.0,924.0,0.0,0.0,0.2662337662337662
43.0,10.0,43.0,0.3,0.1,0.8,4.0,922.0,0.0,0.0,0.26572668112798264
43.0,10.0,44.0,0.3,0.1,0.8,4.0,912.0,0.0,0.0,0.2642543859649123
43.0,10.0,45.0,0.3,0.1,0.8,4.0,874.0,0.0,0.0,0.41762013729977115
43.0,10.0,46.0,0.3,0.1,0.8,4.0,865.0,0.0,0.0,0.41734104046242776
43.0,10.0,47.0,0.3,0.1,0.8,4.0,828.0,0.0,0.0,0.4227053140096618
43.0,10.0,48.0,0.3,0.1,0.8,4.0,830.0,0.0,0.0,0.42289156626506025
43.0,10.0,49.0,0.3,0.1,0.8,4.0,815.0,0.0,0.0,0.42208588957055215
43.0,10.0,50.0,0.3,0.1,0.8,4.0,817.0,0.0,0.0,0.4222766217870257
43.0,10.0,51.0,0.3,0.1,0.8,4.0,815.0,0.0,0.0,0.42208588957055215
43.0,10.0,52.0,0.3,0.1,0.8,4.0,814.0,0.0,0.0,0.4238329238329238
44.0,1.0,1.0,0.3,0.1,0.8,4.0,5268.0,54.0,9.0,0.30466970387243736
44.0,1.0,2.0,0.3,0.1,0.8,4.0,5209.0,67.0,18.0,0.3014014206181609
44.0,1.0,3.0,0.3,0.1,0.8,4.0,5094.0,83.0,40.0,0.3011385944248135
44.0,1.0,4.0,0.3,0.1,0.8,4.0,5006.0,95.0,48.0,0.3008389932081502
44.0,1.0,5.0,0.3,0.1,0.8,4.0,5006.0,117.0,46.0,0.3008389932081502
44.0,1.0,6.0,0.3,0.1,0.8,4.0,4848.0,129.0,44.0,0.3025990099009901
44.0,1.0,7.0,0.3,0.1,0.8,4.0,4638.0,159.0,49.0,0.3016386373436826
44.0,1.0,8.0,0.3,0.1,0.8,4.0,4498.0,184.0,73.0,0.3030235660293464
44.0,1.0,9.0,0.3,0.1,0.8,4.0,4275.0,198.0,86.0,0.303859649122807
44.0,1.0,10.0,0.3,0.1,0.8,4.0,4173.0,217.0,84.0,0.30481667864845435
44.0,1.0,11.0,0.3,0.1,0.8,4.0,4047.0,223.0,95.0,0.3073881887818137
44.0,1.0,12.0,0.3,0.1,0.8,4.0,3895.0,222.0,100.0,0.3124518613607189
44.0,1.0,13.0,0.3,0.1,0.8,4.0,3776.0,234.0,110.0,0.3151483050847458
44.0,1.0,14.0,0.3,0.1,0.8,4.0,3671.0,225.0,106.0,0.3176246254426587
44.0,1.0,15.0,0.3,0.1,0.8,4.0,3572.0,220.0,110.0,0.3191489361702128
44.0,1.0,16.0,0.3,0.1,0.8,4.0,3473.0,224.0,107.0,0.3227756982435934
44.0,1.0,17.0,0.3,0.1,0.8,4.0,3412.0,218.0,118.0,0.32620164126611956
44.0,1.0,18.0,0.3,0.1,0.8,4.0,3320.0,210.0,101.0,0.3313253012048193
44.0,1.0,19.0,0.3,0.1,0.8,4.0,3275.0,199.0,103.0,0.3331297709923664
44.0,1.0,20.0,0.3,0.1,0.8,4.0,6040.0,183.0,82.0,0.1806291390728477
44.0,1.0,21.0,0.3,0.1,0.8,4.0,5766.0,229.0,87.0,0.17984738120013874
44.0,1.0,22.0,0.3,0.1,0.8,4.0,5427.0,257.0,96.0,0.18389533812419384
44.0,1.0,23.0,0.3,0.1,0.8,4.0,5271.0,297.0,109.0,0.18345664959210775
44.0,1.0,24.0,0.3,0.1,0.8,4.0,4985.0,328.0,110.0,0.18876629889669008
44.0,1.0,25.0,0.3,0.1,0.8,4.0,4720.0,329.0,126.0,0.19004237288135592
44.0,1.0,26.0,0.3,0.1,0.8,4.0,4528.0,329.0,141.0,0.19522968197879859
44.0,1.0,27.0,0.3,0.1,0.8,4.0,4362.0,352.0,165.0,0.1950939935809262
44.0,1.0,28.0,0.3,0.1,0.8,4.0,4194.0,359.0,168.0,0.20004768717215068
44.0,1.0,29.0,0.3,0.1,0.8,4.0,3981.0,367.0,150.0,0.19994976136649084
44.0,1.0,30.0,0.3,0.1,0.8,4.0,3802.0,353.0,143.0,0.20541820094687008
44.0,1.0,31.0,0.3,0.1,0.8,4.0,3619.0,345.0,148.0,0.21110804089527493
44.0,1.0,32.0,0.3,0.1,0.8,4.0,3493.0,367.0,166.0,0.21643286573146292
44.0,1.0,33.0,0.3,0.1,0.8,4.0,3353.0,399.0,174.0,0.21861019982105578
44.0,1.0,34.0,0.3,0.1,0.8,4.0,3225.0,405.0,184.0,0.22449612403100774
44.0,1.0,35.0,0.3,0.1,0.8,4.0,2987.0,406.0,172.0,0.22999665215935722
44.0,1.0,36.0,0.3,0.1,0.8,4.0,2813.0,387.0,182.0,0.23853537148951298
44.0,1.0,37.0,0.3,0.1,0.8,4.0,2688.0,393.0,178.0,0.24330357142857142
44.0,1.0,38.0,0.3,0.1,0.8,4.0,2592.0,388.0,191.0,0.25
44.0,1.0,39.0,0.3,0.1,0.8,4.0,2481.0,368.0,178.0,0.25594518339379285
44.0,1.0,40.0,0.3,0.1,0.8,4.0,2404.0,381.0,178.0,0.26455906821963393
44.0,1.0,41.0,0.3,0.1,0.8,4.0,2301.0,376.0,169.0,0.27292481529769663
44.0,1.0,42.0,0.3,0.1,0.8,4.0,2195.0,344.0,166.0,0.28428246013667424
44.0,1.0,43.0,0.3,0.1,0.8,4.0,2112.0,334.0,164.0,0.2902462121212121
44.0,1.0,44.0,0.3,0.1,0.8,4.0,2054.0,333.0,156.0,0.3008763388510224
44.0,1.0,45.0,0.3,0.1,0.8,4.0,1946.0,302.0,138.0,0.47019527235354575
44.0,1.0,46.0,0.3,0.1,0.8,4.0,1858.0,267.0,143.0,0.48439181916038754
44.0,1.0,47.0,0.3,0.1,0.8,4.0,1791.0,251.0,156.0,0.4835287548855388
44.0,1.0,48.0,0.3,0.1,0.8,4.0,1732.0,237.0,140.0,0.4953810623556582
44.0,1.0,49.0,0.3,0.1,0.8,4.0,1643.0,193.0,108.0,0.5063907486305539
44.0,1.0,50.0,0.3,0.1,0.8,4.0,1568.0,149.0,89.0,0.5178571428571429
44.0,1.0,51.0,0.3,0.1,0.8,4.0,1530.0,139.0,82.0,0.5209150326797386
44.0,1.0,52.0,0.3,0.1,0.8,4.0,1493.0,127.0,74.0,0.5324849296718017
44.0,2.0,1.0,0.3,0.1,0.8,4.0,1449.0,102.0,53.0,0.5410628019323671
44.0,2.0,2.0,0.3,0.1,0.8,4.0,1419.0,94.0,56.0,0.5525017618040874
44.0,2.0,3.0,0.3,0.1,0.8,4.0,1391.0,79.0,50.0,0.5585909417685119
44.0,2.0,4.0,0.3,0.1,0.8,4.0,1372.0,79.0,51.0,0.564868804664723
44.0,2.0,5.0,0.3,0.1,0.8,4.0,1339.0,63.0,32.0,0.5698282300224048
44.0,2.0,6.0,0.3,0.1,0.8,4.0,1319.0,53.0,24.0,0.576194086429113
44.0,2.0,7.0,0.3,0.1,0.8,4.0,1294.0,40.0,18.0,0.5795981452859351
44.0,2.0,8.0,0.3,0.1,0.8,4.0,1285.0,42.0,29.0,0.5813229571984436
44.0,2.0,9.0,0.3,0.1,0.8,4.0,1271.0,36.0,31.0,0.5830055074744296
44.0,2.0,10.0,0.3,0.1,0.8,4.0,1245.0,30.0,23.0,0.58714859437751
44.0,2.0,11.0,0.3,0.1,0.8,4.0,1222.0,24.0,12.0,0.5932896890343698
44.0,2.0,12.0,0.3,0.1,0.8,4.0,1206.0,20.0,7.0,0.603648424543947
44.0,2.0,13.0,0.3,0.1,0.8,4.0,1203.0,20.0,9.0,0.600166251039069
44.0,2.0,14.0,0.3,0.1,0.8,4.0,1192.0,20.0,11.0,0.6023489932885906
44.0,2.0,15.0,0.3,0.1,0.8,4.0,1188.0,21.0,9.0,0.601010101010101
44.0,2.0,16.0,0.3,0.1,0.8,4.0,1168.0,17.0,11.0,0.6053082191780822
44.0,2.0,17.0,0.3,0.1,0.8,4.0,1164.0,16.0,10.0,0.6048109965635738
44.0,2.0,18.0,0.3,0.1,0.8,4.0,1154.0,16.0,10.0,0.608318890814558
44.0,2.0,19.0,0.3,0.1,0.8,4.0,1140.0,14.0,7.0,0.6105263157894737
44.0,2.0,20.0,0.3,0.1,0.8,4.0,2163.0,12.0,8.0,0.32131299121590384
44.0,2.0,21.0,0.3,0.1,0.8,4.0,2104.0,16.0,8.0,0.32224334600760457
44.0,2.0,22.0,0.3,0.1,0.8,4.0,2057.0,21.0,6.0,0.32668935342732136
44.0,2.0,23.0,0.3,0.1,0.8,4.0,2044.0,22.0,4.0,0.32338551859099807
44.0,2.0,24.0,0.3,0.1,0.8,4.0,2012.0,25.0,9.0,0.3275347912524851
44.0,2.0,25.0,0.3,0.1,0.8,4.0,1965.0,25.0,12.0,0.3287531806615776
44.0,2.0,26.0,0.3,0.1,0.8,4.0,1933.0,30.0,17.0,0.33109156751163993
44.0,2.0,27.0,0.3,0.1,0.8,4.0,1890.0,35.0,12.0,0.3328042328042328
44.0,2.0,28.0,0.3,0.1,0.8,4.0,1870.0,36.0,17.0,0.3358288770053476
44.0,2.0,29.0,0.3,0.1,0.8,4.0,1839.0,39.0,14.0,0.33713974986405654
44.0,2.0,30.0,0.3,0.1,0.8,4.0,1753.0,40.0,19.0,0.3456930975470622
44.0,2.0,31.0,0.3,0.1,0.8,4.0,1728.0,51.0,15.0,0.34664351851851855
44.0,2.0,32.0,0.3,0.1,0.8,4.0,1683.0,53.0,21.0,0.34759358288770054
44.0,2.0,33.0,0.3,0.1,0.8,4.0,1651.0,62.0,20.0,0.3464566929133858
44.0,2.0,34.0,0.3,0.1,0.8,4.0,1633.0,68.0,30.0,0.3466013472137171
44.0,2.0,35.0,0.3,0.1,0.8,4.0,1578.0,72.0,31.0,0.3485424588086185
44.0,2.0,36.0,0.3,0.1,0.8,4.0,1519.0,77.0,36.0,0.35220539828834757
44.0,2.0,37.0,0.3,0.1,0.8,4.0,1454.0,71.0,31.0,0.35557083906464926
44.0,2.0,38.0,0.3,0.1,0.8,4.0,1410.0,64.0,27.0,0.3595744680851064
44.0,2.0,39.0,0.3,0.1,0.8,4.0,1375.0,54.0,23.0,0.3658181818181818
44.0,2.0,40.0,0.3,0.1,0.8,4.0,1347.0,50.0,29.0,0.3682256867112101
44.0,2.0,41.0,0.3,0.1,0.8,4.0,1302.0,51.0,28.0,0.37864823348694315
44.0,2.0,42.0,0.3,0.1,0.8,4.0,1281.0,47.0,22.0,0.3801717408274785
44.0,2.0,43.0,0.3,0.1,0.8,4.0,1260.0,38.0,19.0,0.38412698412698415
44.0,2.0,44.0,0.3,0.1,0.8,4.0,1253.0,37.0,20.0,0.3870710295291301
44.0,2.0,45.0,0.3,0.1,0.8,4.0,1221.0,37.0,22.0,0.5143325143325144
44.0,2.0,46.0,0.3,0.1,0.8,4.0,1191.0,33.0,17.0,0.5113350125944585
44.0,2.0,47.0,0.3,0.1,0.8,4.0,1171.0,32.0,17.0,0.5166524338172502
44.0,2.0,48.0,0.3,0.1,0.8,4.0,1145.0,23.0,13.0,0.5187772925764192
44.0,2.0,49.0,0.3,0.1,0.8,4.0,1129.0,24.0,11.0,0.5199291408325952
44.0,2.0,50.0,0.3,0.1,0.8,4.0,1106.0,20.0,11.0,0.5226039783001808
44.0,2.0,51.0,0.3,0.1,0.8,4.0,1095.0,17.0,12.0,0.5232876712328767
44.0,2.0,52.0,0.3,0.1,0.8,4.0,1093.0,17.0,10.0,0.5233302836230558
44.0,3.0,1.0,0.3,0.1,0.8,4.0,1084.0,16.0,7.0,0.5239852398523985
44.0,3.0,2.0,0.3,0.1,0.8,4.0,1073.0,12.0,5.0,0.5237651444547996
44.0,3.0,3.0,0.3,0.1,0.8,4.0,1068.0,14.0,10.0,0.5215355805243446
44.0,3.0,4.0,0.3,0.1,0.8,4.0,1068.0,14.0,9.0,0.5243445692883895
44.0,3.0,5.0,0.3,0.1,0.8,4.0,1057.0,13.0,7.0,0.522232734153264
44.0,3.0,6.0,0.3,0.1,0.8,4.0,1057.0,11.0,2.0,0.5279091769157994
44.0,3.0,7.0,0.3,0.1,0.8,4.0,1048.0,10.0,5.0,0.5267175572519084
44.0,3.0,8.0,0.3,0.1,0.8,4.0,1044.0,9.0,8.0,0.5258620689655172
44.0,3.0,9.0,0.3,0.1,0.8,4.0,1023.0,11.0,8.0,0.520039100684262
44.0,3.0,10.0,0.3,0.1,0.8,4.0,1020.0,10.0,6.0,0.5225490196078432
44.0,3.0,11.0,0.3,0.1,0.8,4.0,1005.0,6.0,2.0,0.5233830845771145
44.0,3.0,12.0,0.3,0.1,0.8,4.0,1005.0,6.0,5.0,0.5213930348258706
44.0,3.0,13.0,0.3,0.1,0.8,4.0,992.0,5.0,3.0,0.5221774193548387
44.0,3.0,14.0,0.3,0.1,0.8,4.0,1000.0,5.0,3.0,0.522
44.0,3.0,15.0,0.3,0.1,0.8,4.0,986.0,3.0,1.0,0.5233265720081136
44.0,3.0,16.0,0.3,0.1,0.8,4.0,989.0,3.0,2.0,0.5227502527805864
44.0,3.0,17.0,0.3,0.1,0.8,4.0,970.0,4.0,2.0,0.5247422680412371
44.0,3.0,18.0,0.3,0.1,0.8,4.0,971.0,5.0,2.0,0.5242018537590113
44.0,3.0,19.0,0.3,0.1,0.8,4.0,960.0,4.0,3.0,0.5229166666666667
44.0,3.0,20.0,0.3,0.1,0.8,4.0,1740.0,6.0,4.0,0.2908045977011494
44.0,3.0,21.0,0.3,0.1,0.8,4.0,1718.0,7.0,3.0,0.2892898719441211
44.0,3.0,22.0,0.3,0.1,0.8,4.0,1637.0,12.0,1.0,0.29932803909590716
44.0,3.0,23.0,0.3,0.1,0.8,4.0,1604.0,10.0,1.0,0.2955112219451372
44.0,3.0,24.0,0.3,0.1,0.8,4.0,1553.0,9.0,5.0,0.2987765614938828
44.0,3.0,25.0,0.3,0.1,0.8,4.0,1547.0,10.0,7.0,0.2967032967032967
44.0,3.0,26.0,0.3,0.1,0.8,4.0,1509.0,13.0,7.0,0.30019880715705766
44.0,3.0,27.0,0.3,0.1,0.8,4.0,1485.0,15.0,3.0,0.30033670033670035
44.0,3.0,28.0,0.3,0.1,0.8,4.0,1450.0,16.0,4.0,0.3
44.0,3.0,29.0,0.3,0.1,0.8,4.0,1424.0,16.0,8.0,0.300561797752809
44.0,3.0,30.0,0.3,0.1,0.8,4.0,1402.0,19.0,10.0,0.3017118402282454
44.0,3.0,31.0,0.3,0.1,0.8,4.0,1352.0,23.0,10.0,0.3047337278106509
44.0,3.0,32.0,0.3,0.1,0.8,4.0,1340.0,23.0,7.0,0.30522388059701494
44.0,3.0,33.0,0.3,0.1,0.8,4.0,1320.0,28.0,9.0,0.30757575757575756
44.0,3.0,34.0,0.3,0.1,0.8,4.0,1282.0,26.0,10.0,0.30109204368174725
44.0,3.0,35.0,0.3,0.1,0.8,4.0,1234.0,29.0,13.0,0.30307941653160453
44.0,3.0,36.0,0.3,0.1,0.8,4.0,1193.0,20.0,11.0,0.30259849119865884
44.0,3.0,37.0,0.3,0.1,0.8,4.0,1156.0,16.0,9.0,0.3088235294117647
44.0,3.0,38.0,0.3,0.1,0.8,4.0,1110.0,15.0,7.0,0.30180180180180183
44.0,3.0,39.0,0.3,0.1,0.8,4.0,1096.0,9.0,6.0,0.30383211678832117
44.0,3.0,40.0,0.3,0.1,0.8,4.0,1095.0,11.0,7.0,0.3050228310502283
44.0,3.0,41.0,0.3,0.1,0.8,4.0,1086.0,10.0,5.0,0.30386740331491713
44.0,3.0,42.0,0.3,0.1,0.8,4.0,1057.0,8.0,2.0,0.304635761589404
44.0,3.0,43.0,0.3,0.1,0.8,4.0,1049.0,6.0,3.0,0.3031458531935176
44.0,3.0,44.0,0.3,0.1,0.8,4.0,1055.0,10.0,5.0,0.3033175355450237
44.0,3.0,45.0,0.3,0.1,0.8,4.0,1034.0,8.0,4.0,0.47195357833655704
44.0,3.0,46.0,0.3,0.1,0.8,4.0,1024.0,7.0,5.0,0.4765625
44.0,3.0,47.0,0.3,0.1,0.8,4.0,1012.0,6.0,3.0,0.4762845849802372
44.0,3.0,48.0,0.3,0.1,0.8,4.0,1009.0,6.0,3.0,0.4767096134786918
44.0,3.0,49.0,0.3,0.1,0.8,4.0,998.0,3.0,1.0,0.4789579158316633
44.0,3.0,50.0,0.3,0.1,0.8,4.0,997.0,3.0,1.0,0.4754262788365095
44.0,3.0,51.0,0.3,0.1,0.8,4.0,964.0,3.0,3.0,0.4802904564315353
44.0,3.0,52.0,0.3,0.1,0.8,4.0,948.0,4.0,2.0,0.4767932489451477
44.0,4.0,1.0,0.3,0.1,0.8,4.0,940.0,4.0,3.0,0.4776595744680851
44.0,4.0,2.0,0.3,0.1,0.8,4.0,930.0,3.0,1.0,0.478494623655914
44.0,4.0,3.0,0.3,0.1,0.8,4.0,918.0,3.0,2.0,0.4782135076252723
44.0,4.0,4.0,0.3,0.1,0.8,4.0,923.0,2.0,1.0,0.47562296858071507
44.0,4.0,5.0,0.3,0.1,0.8,4.0,912.0,2.0,1.0,0.4780701754385965
44.0,4.0,6.0,0.3,0.1,0.8,4.0,918.0,1.0,0.0,0.4760348583877996
44.0,4.0,7.0,0.3,0.1,0.8,4.0,896.0,1.0,1.0,0.4799107142857143
44.0,4.0,8.0,0.3,0.1,0.8,4.0,898.0,1.0,1.0,0.477728285077951
44.0,4.0,9.0,0.3,0.1,0.8,4.0,887.0,1.0,1.0,0.4791431792559188
44.0,4.0,10.0,0.3,0.1,0.8,4.0,888.0,1.0,0.0,0.47635135135135137
44.0,4.0,11.0,0.3,0.1,0.8,4.0,879.0,1.0,0.0,0.4789533560864619
44.0,4.0,12.0,0.3,0.1,0.8,4.0,885.0,1.0,0.0,0.47570621468926555
44.0,4.0,13.0,0.3,0.1,0.8,4.0,872.0,1.0,0.0,0.47706422018348627
44.0,4.0,14.0,0.3,0.1,0.8,4.0,850.0,1.0,1.0,0.4752941176470588
44.0,4.0,15.0,0.3,0.1,0.8,4.0,838.0,1.0,1.0,0.47494033412887826
44.0,4.0,16.0,0.3,0.1,0.8,4.0,844.0,1.0,1.0,0.471563981042654
44.0,4.0,17.0,0.3,0.1,0.8,4.0,834.0,1.0,0.0,0.473621103117506
44.0,4.0,18.0,0.3,0.1,0.8,4.0,838.0,1.0,0.0,0.4713603818615752
44.0,4.0,19.0,0.3,0.1,0.8,4.0,820.0,1.0,0.0,0.474390243902439
44.0,4.0,20.0,0.3,0.1,0.8,4.0,1477.0,1.0,0.0,0.2640487474610697
44.0,4.0,21.0,0.3,0.1,0.8,4.0,1404.0,1.0,1.0,0.26495726495726496
44.0,4.0,22.0,0.3,0.1,0.8,4.0,1343.0,3.0,1.0,0.2695457930007446
44.0,4.0,23.0,0.3,0.1,0.8,4.0,1316.0,4.0,2.0,0.27279635258358664
44.0,4.0,24.0,0.3,0.1,0.8,4.0,1264.0,4.0,1.0,0.2721518987341772
44.0,4.0,25.0,0.3,0.1,0.8,4.0,1226.0,3.0,0.0,0.2724306688417618
44.0,4.0,26.0,0.3,0.1,0.8,4.0,1206.0,3.0,1.0,0.2678275290215589
44.0,4.0,27.0,0.3,0.1,0.8,4.0,1182.0,4.0,1.0,0.2732656514382403
44.0,4.0,28.0,0.3,0.1,0.8,4.0,1155.0,4.0,1.0,0.2727272727272727
44.0,4.0,29.0,0.3,0.1,0.8,4.0,1133.0,3.0,3.0,0.2727272727272727
44.0,4.0,30.0,0.3,0.1,0.8,4.0,1107.0,5.0,3.0,0.27371273712737126
44.0,4.0,31.0,0.3,0.1,0.8,4.0,1105.0,6.0,3.0,0.2751131221719457
44.0,4.0,32.0,0.3,0.1,0.8,4.0,1090.0,4.0,0.0,0.2761467889908257
44.0,4.0,33.0,0.3,0.1,0.8,4.0,1080.0,4.0,1.0,0.27685185185185185
44.0,4.0,34.0,0.3,0.1,0.8,4.0,1065.0,4.0,3.0,0.27699530516431925
44.0,4.0,35.0,0.3,0.1,0.8,4.0,1061.0,5.0,4.0,0.27426955702167766
44.0,4.0,36.0,0.3,0.1,0.8,4.0,1042.0,9.0,3.0,0.27351247600767753
44.0,4.0,37.0,0.3,0.1,0.8,4.0,1022.0,10.0,2.0,0.27495107632093935
44.0,4.0,38.0,0.3,0.1,0.8,4.0,990.0,9.0,5.0,0.2808080808080808
44.0,4.0,39.0,0.3,0.1,0.8,4.0,982.0,9.0,8.0,0.2790224032586558
44.0,4.0,40.0,0.3,0.1,0.8,4.0,982.0,12.0,8.0,0.2790224032586558
44.0,4.0,41.0,0.3,0.1,0.8,4.0,967.0,10.0,5.0,0.28024819027921405
44.0,4.0,42.0,0.3,0.1,0.8,4.0,961.0,7.0,3.0,0.2809573361082206
44.0,4.0,43.0,0.3,0.1,0.8,4.0,953.0,6.0,3.0,0.2812172088142707
44.0,4.0,44.0,0.3,0.1,0.8,4.0,935.0,7.0,3.0,0.28449197860962566
44.0,4.0,45.0,0.3,0.1,0.8,4.0,929.0,6.0,3.0,0.43487621097954793
44.0,4.0,46.0,0.3,0.1,0.8,4.0,928.0,6.0,3.0,0.43211206896551724
44.0,4.0,47.0,0.3,0.1,0.8,4.0,921.0,6.0,3.0,0.43322475570032576
44.0,4.0,48.0,0.3,0.1,0.8,4.0,895.0,4.0,2.0,0.42793296089385474
44.0,4.0,49.0,0.3,0.1,0.8,4.0,887.0,3.0,1.0,0.4317925591882751
44.0,4.0,50.0,0.3,0.1,0.8,4.0,889.0,3.0,3.0,0.43082114735658045
44.0,4.0,51.0,0.3,0.1,0.8,4.0,885.0,4.0,2.0,0.43050847457627117
44.0,4.0,52.0,0.3,0.1,0.8,4.0,883.0,5.0,2.0,0.4292185730464326
44.0,5.0,1.0,0.3,0.1,0.8,4.0,868.0,4.0,0.0,0.42972350230414746
44.0,5.0,2.0,0.3,0.1,0.8,4.0,865.0,4.0,0.0,0.4300578034682081
44.0,5.0,3.0,0.3,0.1,0.8,4.0,863.0,4.0,1.0,0.4298957126303592
44.0,5.0,4.0,0.3,0.1,0.8,4.0,863.0,4.0,2.0,0.4287369640787949
44.0,5.0,5.0,0.3,0.1,0.8,4.0,862.0,4.0,3.0,0.42923433874709976
44.0,5.0,6.0,0.3,0.1,0.8,4.0,852.0,3.0,3.0,0.43309859154929575
44.0,5.0,7.0,0.3,0.1,0.8,4.0,848.0,2.0,2.0,0.4339622641509434
44.0,5.0,8.0,0.3,0.1,0.8,4.0,844.0,2.0,1.0,0.43483412322274884
44.0,5.0,9.0,0.3,0.1,0.8,4.0,838.0,1.0,0.0,0.4331742243436754
44.0,5.0,10.0,0.3,0.1,0.8,4.0,838.0,1.0,0.0,0.431980906921241
44.0,5.0,11.0,0.3,0.1,0.8,4.0,829.0,1.0,0.0,0.4330518697225573
44.0,5.0,12.0,0.3,0.1,0.8,4.0,822.0,1.0,1.0,0.42944038929440387
44.0,5.0,13.0,0.3,0.1,0.8,4.0,814.0,1.0,1.0,0.42997542997543
44.0,5.0,14.0,0.3,0.1,0.8,4.0,817.0,3.0,1.0,0.4283965728274174
44.0,5.0,15.0,0.3,0.1,0.8,4.0,815.0,2.0,1.0,0.4306748466257669
44.0,5.0,16.0,0.3,0.1,0.8,4.0,814.0,2.0,2.0,0.42997542997543
44.0,5.0,17.0,0.3,0.1,0.8,4.0,807.0,2.0,2.0,0.4275092936802974
44.0,5.0,18.0,0.3,0.1,0.8,4.0,811.0,1.0,1.0,0.4254007398273736
44.0,5.0,19.0,0.3,0.1,0.8,4.0,794.0,0.0,0.0,0.42317380352644834
44.0,5.0,20.0,0.3,0.1,0.8,4.0,1426.0,0.0,0.0,0.23422159887798036
44.0,5.0,21.0,0.3,0.1,0.8,4.0,1337.0,0.0,0.0,0.23635003739715782
44.0,5.0,22.0,0.3,0.1,0.8,4.0,1319.0,0.0,0.0,0.23881728582259287
44.0,5.0,23.0,0.3,0.1,0.8,4.0,1300.0,0.0,0.0,0.24076923076923076
44.0,5.0,24.0,0.3,0.1,0.8,4.0,1249.0,0.0,0.0,0.24739791833466773
44.0,5.0,25.0,0.3,0.1,0.8,4.0,1229.0,0.0,0.0,0.24735557363710334
44.0,5.0,26.0,0.3,0.1,0.8,4.0,1202.0,0.0,0.0,0.25207986688851913
44.0,5.0,27.0,0.3,0.1,0.8,4.0,1187.0,0.0,0.0,0.2544229149115417
44.0,5.0,28.0,0.3,0.1,0.8,4.0,1167.0,0.0,0.0,0.2579263067694944
44.0,5.0,29.0,0.3,0.1,0.8,4.0,1141.0,0.0,0.0,0.26029798422436456
44.0,5.0,30.0,0.3,0.1,0.8,4.0,1135.0,0.0,0.0,0.2581497797356828
44.0,5.0,31.0,0.3,0.1,0.8,4.0,1130.0,0.0,0.0,0.25663716814159293
44.0,5.0,32.0,0.3,0.1,0.8,4.0,1101.0,0.0,0.0,0.2561307901907357
44.0,5.0,33.0,0.3,0.1,0.8,4.0,1108.0,0.0,0.0,0.2572202166064982
44.0,5.0,34.0,0.3,0.1,0.8,4.0,1088.0,0.0,0.0,0.2610294117647059
44.0,5.0,35.0,0.3,0.1,0.8,4.0,1065.0,0.0,0.0,0.25821596244131456
44.0,5.0,36.0,0.3,0.1,0.8,4.0,1055.0,0.0,0.0,0.25876777251184835
44.0,5.0,37.0,0.3,0.1,0.8,4.0,1056.0,0.0,0.0,0.25757575757575757
44.0,5.0,38.0,0.3,0.1,0.8,4.0,1044.0,0.0,0.0,0.2567049808429119
44.0,5.0,39.0,0.3,0.1,0.8,4.0,1026.0,0.0,0.0,0.2573099415204678
44.0,5.0,40.0,0.3,0.1,0.8,4.0,981.0,0.0,0.0,0.2670744138634047
44.0,5.0,41.0,0.3,0.1,0.8,4.0,954.0,0.0,0.0,0.2672955974842767
44.0,5.0,42.0,0.3,0.1,0.8,4.0,930.0,0.0,0.0,0.267741935483871
44.0,5.0,43.0,0.3,0.1,0.8,4.0,912.0,0.0,0.0,0.26535087719298245
44.0,5.0,44.0,0.3,0.1,0.8,4.0,887.0,0.0,0.0,0.2705749718151071
44.0,5.0,45.0,0.3,0.1,0.8,4.0,876.0,0.0,0.0,0.4257990867579909
44.0,5.0,46.0,0.3,0.1,0.8,4.0,875.0,0.0,0.0,0.42742857142857144
44.0,5.0,47.0,0.3,0.1,0.8,4.0,863.0,0.0,0.0,0.42526071842410196
44.0,5.0,48.0,0.3,0.1,0.8,4.0,845.0,0.0,0.0,0.4236686390532544
44.0,5.0,49.0,0.3,0.1,0.8,4.0,833.0,0.0,0.0,0.42136854741896757
44.0,5.0,50.0,0.3,0.1,0.8,4.0,836.0,0.0,0.0,0.4222488038277512
44.0,5.0,51.0,0.3,0.1,0.8,4.0,833.0,0.0,0.0,0.4237695078031212
44.0,5.0,52.0,0.3,0.1,0.8,4.0,821.0,0.0,0.0,0.42752740560292324
44.0,6.0,1.0,0.3,0.1,0.8,4.0,808.0,0.0,0.0,0.42698019801980197
44.0,6.0,2.0,0.3,0.1,0.8,4.0,815.0,0.0,0.0,0.42822085889570555
44.0,6.0,3.0,0.3,0.1,0.8,4.0,807.0,0.0,0.0,0.4275092936802974
44.0,6.0,4.0,0.3,0.1,0.8,4.0,814.0,0.0,0.0,0.4275184275184275
44.0,6.0,5.0,0.3,0.1,0.8,4.0,805.0,0.0,0.0,0.4248447204968944
44.0,6.0,6.0,0.3,0.1,0.8,4.0,809.0,0.0,0.0,0.4289245982694685
44.0,6.0,7.0,0.3,0.1,0.8,4.0,800.0,0.0,0.0,0.4275
44.0,6.0,8.0,0.3,0.1,0.8,4.0,800.0,0.0,0.0,0.43
44.0,6.0,9.0,0.3,0.1,0.8,4.0,793.0,0.0,0.0,0.4287515762925599
44.0,6.0,10.0,0.3,0.1,0.8,4.0,769.0,0.0,0.0,0.43302990897269183
44.0,6.0,11.0,0.3,0.1,0.8,4.0,745.0,0.0,0.0,0.4268456375838926
44.0,6.0,12.0,0.3,0.1,0.8,4.0,748.0,0.0,0.0,0.4318181818181818
44.0,6.0,13.0,0.3,0.1,0.8,4.0,733.0,0.0,0.0,0.4297407912687585
44.0,6.0,14.0,0.3,0.1,0.8,4.0,732.0,0.0,0.0,0.43169398907103823
44.0,6.0,15.0,0.3,0.1,0.8,4.0,733.0,0.0,0.0,0.42837653478854026
44.0,6.0,16.0,0.3,0.1,0.8,4.0,726.0,0.0,0.0,0.4283746556473829
44.0,6.0,17.0,0.3,0.1,0.8,4.0,726.0,0.0,0.0,0.43112947658402206
44.0,6.0,18.0,0.3,0.1,0.8,4.0,729.0,0.0,0.0,0.42935528120713307
44.0,6.0,19.0,0.3,0.1,0.8,4.0,713.0,0.0,0.0,0.42496493688639553
44.0,6.0,20.0,0.3,0.1,0.8,4.0,1344.0,0.0,0.0,0.22842261904761904
44.0,6.0,21.0,0.3,0.1,0.8,4.0,1287.0,0.0,0.0,0.22688422688422688
44.0,6.0,22.0,0.3,0.1,0.8,4.0,1263.0,0.0,0.0,0.22802850356294538
44.0,6.0,23.0,0.3,0.1,0.8,4.0,1206.0,0.0,0.0,0.22802653399668324
44.0,6.0,24.0,0.3,0.1,0.8,4.0,1216.0,0.0,0.0,0.23026315789473684
44.0,6.0,25.0,0.3,0.1,0.8,4.0,1159.0,0.0,0.0,0.23123382226056946
44.0,6.0,26.0,0.3,0.1,0.8,4.0,1165.0,0.0,0.0,0.22918454935622318
44.0,6.0,27.0,0.3,0.1,0.8,4.0,1132.0,0.0,0.0,0.23409893992932862
44.0,6.0,28.0,0.3,0.1,0.8,4.0,1130.0,0.0,0.0,0.23185840707964603
44.0,6.0,29.0,0.3,0.1,0.8,4.0,1056.0,0.0,0.0,0.24147727272727273
44.0,6.0,30.0,0.3,0.1,0.8,4.0,1065.0,0.0,0.0,0.23661971830985915
44.0,6.0,31.0,0.3,0.1,0.8,4.0,1039.0,0.0,0.0,0.2435033686236766
44.0,6.0,32.0,0.3,0.1,0.8,4.0,1038.0,0.0,0.0,0.2398843930635838
44.0,6.0,33.0,0.3,0.1,0.8,4.0,1011.0,0.0,0.0,0.2433234421364985
44.0,6.0,34.0,0.3,0.1,0.8,4.0,982.0,0.0,0.0,0.24236252545824846
44.0,6.0,35.0,0.3,0.1,0.8,4.0,970.0,0.0,0.0,0.2443298969072165
44.0,6.0,36.0,0.3,0.1,0.8,4.0,967.0,0.0,0.0,0.23991726990692863
44.0,6.0,37.0,0.3,0.1,0.8,4.0,967.0,0.0,0.0,0.24301964839710444
44.0,6.0,38.0,0.3,0.1,0.8,4.0,955.0,0.0,0.0,0.23979057591623038
44.0,6.0,39.0,0.3,0.1,0.8,4.0,941.0,0.0,0.0,0.24442082890541977
44.0,6.0,40.0,0.3,0.1,0.8,4.0,926.0,0.0,0.0,0.2408207343412527
44.0,6.0,41.0,0.3,0.1,0.8,4.0,930.0,0.0,0.0,0.24301075268817204
44.0,6.0,42.0,0.3,0.1,0.8,4.0,927.0,0.0,0.0,0.2405609492988134
44.0,6.0,43.0,0.3,0.1,0.8,4.0,902.0,0.0,0.0,0.24057649667405764
44.0,6.0,44.0,0.3,0.1,0.8,4.0,899.0,0.0,0.0,0.2424916573971079
44.0,6.0,45.0,0.3,0.1,0.8,4.0,876.0,0.0,0.0,0.3926940639269406
44.0,6.0,46.0,0.3,0.1,0.8,4.0,872.0,0.0,0.0,0.3922018348623853
44.0,6.0,47.0,0.3,0.1,0.8,4.0,861.0,0.0,0.0,0.39256678281068524
44.0,6.0,48.0,0.3,0.1,0.8,4.0,873.0,0.0,0.0,0.3917525773195876
44.0,6.0,49.0,0.3,0.1,0.8,4.0,853.0,0.0,0.0,0.39155920281359907
44.0,6.0,50.0,0.3,0.1,0.8,4.0,866.0,0.0,0.0,0.39145496535796764
44.0,6.0,51.0,0.3,0.1,0.8,4.0,843.0,0.0,0.0,0.38908659549228947
44.0,6.0,52.0,0.3,0.1,0.8,4.0,851.0,0.0,0.0,0.391304347826087
44.0,7.0,1.0,0.3,0.1,0.8,4.0,832.0,0.0,0.0,0.3870192307692308
44.0,7.0,2.0,0.3,0.1,0.8,4.0,839.0,0.0,0.0,0.38498212157330153
44.0,7.0,3.0,0.3,0.1,0.8,4.0,796.0,0.0,0.0,0.3869346733668342
44.0,7.0,4.0,0.3,0.1,0.8,4.0,804.0,0.0,0.0,0.38681592039800994
44.0,7.0,5.0,0.3,0.1,0.8,4.0,784.0,0.0,0.0,0.3903061224489796
44.0,7.0,6.0,0.3,0.1,0.8,4.0,793.0,0.0,0.0,0.3883984867591425
44.0,7.0,7.0,0.3,0.1,0.8,4.0,768.0,0.0,0.0,0.3958333333333333
44.0,7.0,8.0,0.3,0.1,0.8,4.0,777.0,0.0,0.0,0.39510939510939513
44.0,7.0,9.0,0.3,0.1,0.8,4.0,771.0,0.0,0.0,0.3942931258106355
44.0,7.0,10.0,0.3,0.1,0.8,4.0,779.0,0.0,0.0,0.3940949935815148
44.0,7.0,11.0,0.3,0.1,0.8,4.0,767.0,0.0,0.0,0.39374185136897
44.0,7.0,12.0,0.3,0.1,0.8,4.0,777.0,0.0,0.0,0.39253539253539255
44.0,7.0,13.0,0.3,0.1,0.8,4.0,764.0,0.0,0.0,0.39267015706806285
44.0,7.0,14.0,0.3,0.1,0.8,4.0,774.0,0.0,0.0,0.39276485788113696
44.0,7.0,15.0,0.3,0.1,0.8,4.0,762.0,0.0,0.0,0.3937007874015748
44.0,7.0,16.0,0.3,0.1,0.8,4.0,770.0,0.0,0.0,0.3935064935064935
44.0,7.0,17.0,0.3,0.1,0.8,4.0,762.0,0.0,0.0,0.3937007874015748
44.0,7.0,18.0,0.3,0.1,0.8,4.0,771.0,0.0,0.0,0.39299610894941633
44.0,7.0,19.0,0.3,0.1,0.8,4.0,757.0,0.0,0.0,0.3963011889035667
44.0,7.0,20.0,0.3,0.1,0.8,4.0,1408.0,0.0,0.0,0.21306818181818182
44.0,7.0,21.0,0.3,0.1,0.8,4.0,1382.0,0.0,0.0,0.21128798842257598
44.0,7.0,22.0,0.3,0.1,0.8,4.0,1346.0,0.0,0.0,0.21173848439821694
44.0,7.0,23.0,0.3,0.1,0.8,4.0,1298.0,0.0,0.0,0.21340523882896764
44.0,7.0,24.0,0.3,0.1,0.8,4.0,1267.0,0.0,0.0,0.2138910812943962
44.0,7.0,25.0,0.3,0.1,0.8,4.0,1205.0,0.0,0.0,0.2149377593360996
44.0,7.0,26.0,0.3,0.1,0.8,4.0,1209.0,0.0,0.0,0.21670802315963605
44.0,7.0,27.0,0.3,0.1,0.8,4.0,1189.0,0.0,0.0,0.21698906644238855
44.0,7.0,28.0,0.3,0.1,0.8,4.0,1159.0,0.0,0.0,0.2200172562553926
44.0,7.0,29.0,0.3,0.1,0.8,4.0,1136.0,0.0,0.0,0.22183098591549297
44.0,7.0,30.0,0.3,0.1,0.8,4.0,1097.0,0.0,0.0,0.22242479489516864
44.0,7.0,31.0,0.3,0.1,0.8,4.0,1094.0,0.0,0.0,0.2202925045703839
44.0,7.0,32.0,0.3,0.1,0.8,4.0,1067.0,0.0,0.0,0.22399250234301782
44.0,7.0,33.0,0.3,0.1,0.8,4.0,1043.0,0.0,0.0,0.2224352828379674
44.0,7.0,34.0,0.3,0.1,0.8,4.0,1005.0,0.0,0.0,0.22388059701492538
44.0,7.0,35.0,0.3,0.1,0.8,4.0,999.0,0.0,0.0,0.22322322322322322
44.0,7.0,36.0,0.3,0.1,0.8,4.0,976.0,0.0,0.0,0.22540983606557377
44.0,7.0,37.0,0.3,0.1,0.8,4.0,971.0,0.0,0.0,0.22451081359423275
44.0,7.0,38.0,0.3,0.1,0.8,4.0,975.0,0.0,0.0,0.22564102564102564
44.0,7.0,39.0,0.3,0.1,0.8,4.0,932.0,0.0,0.0,0.22639484978540772
44.0,7.0,40.0,0.3,0.1,0.8,4.0,941.0,0.0,0.0,0.2263549415515409
44.0,7.0,41.0,0.3,0.1,0.8,4.0,923.0,0.0,0.0,0.22318526543878656
44.0,7.0,42.0,0.3,0.1,0.8,4.0,909.0,0.0,0.0,0.22662266226622663
44.0,7.0,43.0,0.3,0.1,0.8,4.0,875.0,0.0,0.0,0.22628571428571428
44.0,7.0,44.0,0.3,0.1,0.8,4.0,845.0,0.0,0.0,0.22840236686390533
44.0,7.0,45.0,0.3,0.1,0.8,4.0,837.0,0.0,0.0,0.3835125448028674
44.0,7.0,46.0,0.3,0.1,0.8,4.0,831.0,0.0,0.0,0.3838748495788207
44.0,7.0,47.0,0.3,0.1,0.8,4.0,829.0,0.0,0.0,0.3835946924004825
44.0,7.0,48.0,0.3,0.1,0.8,4.0,824.0,0.0,0.0,0.38470873786407767
44.0,7.0,49.0,0.3,0.1,0.8,4.0,814.0,0.0,0.0,0.3845208845208845
44.0,7.0,50.0,0.3,0.1,0.8,4.0,804.0,0.0,0.0,0.3880597014925373
44.0,7.0,51.0,0.3,0.1,0.8,4.0,809.0,0.0,0.0,0.3868974042027194
44.0,7.0,52.0,0.3,0.1,0.8,4.0,804.0,0.0,0.0,0.3880597014925373
44.0,8.0,1.0,0.3,0.1,0.8,4.0,795.0,0.0,0.0,0.389937106918239
44.0,8.0,2.0,0.3,0.1,0.8,4.0,793.0,0.0,0.0,0.3896595208070618
44.0,8.0,3.0,0.3,0.1,0.8,4.0,795.0,0.0,0.0,0.389937106918239
44.0,8.0,4.0,0.3,0.1,0.8,4.0,792.0,0.0,0.0,0.39015151515151514
44.0,8.0,5.0,0.3,0.1,0.8,4.0,778.0,0.0,0.0,0.39331619537275064
44.0,8.0,6.0,0.3,0.1,0.8,4.0,775.0,0.0,0.0,0.39483870967741935
44.0,8.0,7.0,0.3,0.1,0.8,4.0,776.0,0.0,0.0,0.39304123711340205
44.0,8.0,8.0,0.3,0.1,0.8,4.0,776.0,0.0,0.0,0.3943298969072165
44.0,8.0,9.0,0.3,0.1,0.8,4.0,780.0,0.0,0.0,0.391025641025641
44.0,8.0,10.0,0.3,0.1,0.8,4.0,770.0,0.0,0.0,0.3961038961038961
44.0,8.0,11.0,0.3,0.1,0.8,4.0,772.0,0.0,0.0,0.3950777202072539
44.0,8.0,12.0,0.3,0.1,0.8,4.0,750.0,0.0,0.0,0.4026666666666667
44.0,8.0,13.0,0.3,0.1,0.8,4.0,757.0,0.0,0.0,0.4002642007926024
44.0,8.0,14.0,0.3,0.1,0.8,4.0,748.0,0.0,0.0,0.40240641711229946
44.0,8.0,15.0,0.3,0.1,0.8,4.0,756.0,0.0,0.0,0.4007936507936508
44.0,8.0,16.0,0.3,0.1,0.8,4.0,727.0,0.0,0.0,0.40027510316368636
44.0,8.0,17.0,0.3,0.1,0.8,4.0,719.0,0.0,0.0,0.40055632823365783
44.0,8.0,18.0,0.3,0.1,0.8,4.0,713.0,0.0,0.0,0.40252454417952316
44.0,8.0,19.0,0.3,0.1,0.8,4.0,718.0,0.0,0.0,0.4011142061281337
44.0,8.0,20.0,0.3,0.1,0.8,4.0,1270.0,0.0,0.0,0.22677165354330708
44.0,8.0,21.0,0.3,0.1,0.8,4.0,1187.0,0.0,0.0,0.2358887952822241
44.0,8.0,22.0,0.3,0.1,0.8,4.0,1124.0,0.0,0.0,0.23576512455516013
44.0,8.0,23.0,0.3,0.1,0.8,4.0,1106.0,0.0,0.0,0.23688969258589512
44.0,8.0,24.0,0.3,0.1,0.8,4.0,1078.0,0.0,0.0,0.24118738404452691
44.0,8.0,25.0,0.3,0.1,0.8,4.0,1058.0,0.0,0.0,0.24102079395085066
44.0,8.0,26.0,0.3,0.1,0.8,4.0,1046.0,0.0,0.0,0.2418738049713193
44.0,8.0,27.0,0.3,0.1,0.8,4.0,1043.0,0.0,0.0,0.24161073825503357
44.0,8.0,28.0,0.3,0.1,0.8,4.0,974.0,0.0,0.0,0.24743326488706366
44.0,8.0,29.0,0.3,0.1,0.8,4.0,934.0,0.0,0.0,0.25267665952890794
44.0,8.0,30.0,0.3,0.1,0.8,4.0,928.0,0.0,0.0,0.2543103448275862
44.0,8.0,31.0,0.3,0.1,0.8,4.0,892.0,0.0,0.0,0.25672645739910316
44.0,8.0,32.0,0.3,0.1,0.8,4.0,882.0,0.0,0.0,0.25963718820861675
44.0,8.0,33.0,0.3,0.1,0.8,4.0,891.0,0.0,0.0,0.2570145903479237
44.0,8.0,34.0,0.3,0.1,0.8,4.0,859.0,0.0,0.0,0.25844004656577413
44.0,8.0,35.0,0.3,0.1,0.8,4.0,861.0,0.0,0.0,0.2578397212543554
44.0,8.0,36.0,0.3,0.1,0.8,4.0,832.0,0.0,0.0,0.2608173076923077
44.0,8.0,37.0,0.3,0.1,0.8,4.0,837.0,0.0,0.0,0.25925925925925924
44.0,8.0,38.0,0.3,0.1,0.8,4.0,821.0,0.0,0.0,0.25943970767356883
44.0,8.0,39.0,0.3,0.1,0.8,4.0,819.0,0.0,0.0,0.2588522588522589
44.0,8.0,40.0,0.3,0.1,0.8,4.0,798.0,0.0,0.0,0.2631578947368421
44.0,8.0,41.0,0.3,0.1,0.8,4.0,792.0,0.0,0.0,0.26136363636363635
44.0,8.0,42.0,0.3,0.1,0.8,4.0,787.0,0.0,0.0,0.26429479034307496
44.0,8.0,43.0,0.3,0.1,0.8,4.0,755.0,0.0,0.0,0.26887417218543047
44.0,8.0,44.0,0.3,0.1,0.8,4.0,725.0,0.0,0.0,0.2717241379310345
44.0,8.0,45.0,0.3,0.1,0.8,4.0,729.0,0.0,0.0,0.4458161865569273
44.0,8.0,46.0,0.3,0.1,0.8,4.0,702.0,0.0,0.0,0.4444444444444444
44.0,8.0,47.0,0.3,0.1,0.8,4.0,704.0,0.0,0.0,0.44176136363636365
44.0,8.0,48.0,0.3,0.1,0.8,4.0,702.0,0.0,0.0,0.4458689458689459
44.0,8.0,49.0,0.3,0.1,0.8,4.0,691.0,0.0,0.0,0.4399421128798842
44.0,8.0,50.0,0.3,0.1,0.8,4.0,687.0,0.0,0.0,0.44541484716157204
44.0,8.0,51.0,0.3,0.1,0.8,4.0,691.0,0.0,0.0,0.4399421128798842
44.0,8.0,52.0,0.3,0.1,0.8,4.0,678.0,0.0,0.0,0.44837758112094395
44.0,9.0,1.0,0.3,0.1,0.8,4.0,679.0,0.0,0.0,0.44329896907216493
44.0,9.0,2.0,0.3,0.1,0.8,4.0,678.0,0.0,0.0,0.4469026548672566
44.0,9.0,3.0,0.3,0.1,0.8,4.0,678.0,0.0,0.0,0.443952802359882
44.0,9.0,4.0,0.3,0.1,0.8,4.0,677.0,0.0,0.0,0.4446085672082718
44.0,9.0,5.0,0.3,0.1,0.8,4.0,676.0,0.0,0.0,0.4452662721893491
44.0,9.0,6.0,0.3,0.1,0.8,4.0,680.0,0.0,0.0,0.4441176470588235
44.0,9.0,7.0,0.3,0.1,0.8,4.0,678.0,0.0,0.0,0.44542772861356933
44.0,9.0,8.0,0.3,0.1,0.8,4.0,676.0,0.0,0.0,0.44822485207100593
44.0,9.0,9.0,0.3,0.1,0.8,4.0,665.0,0.0,0.0,0.45112781954887216
44.0,9.0,10.0,0.3,0.1,0.8,4.0,664.0,0.0,0.0,0.45331325301204817
44.0,9.0,11.0,0.3,0.1,0.8,4.0,663.0,0.0,0.0,0.45248868778280543
44.0,9.0,12.0,0.3,0.1,0.8,4.0,665.0,0.0,0.0,0.45413533834586467
44.0,9.0,13.0,0.3,0.1,0.8,4.0,661.0,0.0,0.0,0.4523449319213313
44.0,9.0,14.0,0.3,0.1,0.8,4.0,662.0,0.0,0.0,0.4516616314199396
44.0,9.0,15.0,0.3,0.1,0.8,4.0,664.0,0.0,0.0,0.45481927710843373
44.0,9.0,16.0,0.3,0.1,0.8,4.0,661.0,0.0,0.0,0.4523449319213313
44.0,9.0,17.0,0.3,0.1,0.8,4.0,663.0,0.0,0.0,0.4539969834087481
44.0,9.0,18.0,0.3,0.1,0.8,4.0,662.0,0.0,0.0,0.4516616314199396
44.0,9.0,19.0,0.3,0.1,0.8,4.0,662.0,0.0,0.0,0.4516616314199396
44.0,9.0,20.0,0.3,0.1,0.8,4.0,1156.0,0.0,0.0,0.2491349480968858
44.0,9.0,21.0,0.3,0.1,0.8,4.0,1161.0,0.0,0.0,0.24806201550387597
44.0,9.0,22.0,0.3,0.1,0.8,4.0,1134.0,0.0,0.0,0.2495590828924162
44.0,9.0,23.0,0.3,0.1,0.8,4.0,1104.0,0.0,0.0,0.25271739130434784
44.0,9.0,24.0,0.3,0.1,0.8,4.0,1092.0,0.0,0.0,0.2509157509157509
44.0,9.0,25.0,0.3,0.1,0.8,4.0,1079.0,0.0,0.0,0.25301204819277107
44.0,9.0,26.0,0.3,0.1,0.8,4.0,1065.0,0.0,0.0,0.2507042253521127
44.0,9.0,27.0,0.3,0.1,0.8,4.0,1023.0,0.0,0.0,0.2570869990224829
44.0,9.0,28.0,0.3,0.1,0.8,4.0,1000.0,0.0,0.0,0.257
44.0,9.0,29.0,0.3,0.1,0.8,4.0,981.0,0.0,0.0,0.25382262996941896
44.0,9.0,30.0,0.3,0.1,0.8,4.0,983.0,0.0,0.0,0.2533062054933876
44.0,9.0,31.0,0.3,0.1,0.8,4.0,956.0,0.0,0.0,0.2489539748953975
44.0,9.0,32.0,0.3,0.1,0.8,4.0,944.0,0.0,0.0,0.2521186440677966
44.0,9.0,33.0,0.3,0.1,0.8,4.0,914.0,0.0,0.0,0.2549234135667396
44.0,9.0,34.0,0.3,0.1,0.8,4.0,911.0,0.0,0.0,0.2557628979143798
44.0,9.0,35.0,0.3,0.1,0.8,4.0,905.0,0.0,0.0,0.256353591160221
44.0,9.0,36.0,0.3,0.1,0.8,4.0,875.0,0.0,0.0,0.26057142857142856
44.0,9.0,37.0,0.3,0.1,0.8,4.0,879.0,0.0,0.0,0.2593856655290102
44.0,9.0,38.0,0.3,0.1,0.8,4.0,855.0,0.0,0.0,0.2631578947368421
44.0,9.0,39.0,0.3,0.1,0.8,4.0,856.0,0.0,0.0,0.2616822429906542
44.0,9.0,40.0,0.3,0.1,0.8,4.0,831.0,0.0,0.0,0.2683513838748496
44.0,9.0,41.0,0.3,0.1,0.8,4.0,829.0,0.0,0.0,0.2689987937273824
44.0,9.0,42.0,0.3,0.1,0.8,4.0,815.0,0.0,0.0,0.26993865030674846
44.0,9.0,43.0,0.3,0.1,0.8,4.0,799.0,0.0,0.0,0.2753441802252816
44.0,9.0,44.0,0.3,0.1,0.8,4.0,782.0,0.0,0.0,0.2749360613810742
44.0,9.0,45.0,0.3,0.1,0.8,4.0,783.0,0.0,0.0,0.42528735632183906
44.0,9.0,46.0,0.3,0.1,0.8,4.0,769.0,0.0,0.0,0.4226267880364109
44.0,9.0,47.0,0.3,0.1,0.8,4.0,773.0,0.0,0.0,0.4282018111254851
44.0,9.0,48.0,0.3,0.1,0.8,4.0,747.0,0.0,0.0,0.428380187416332
44.0,9.0,49.0,0.3,0.1,0.8,4.0,752.0,0.0,0.0,0.4308510638297872
44.0,9.0,50.0,0.3,0.1,0.8,4.0,751.0,0.0,0.0,0.43009320905459386
44.0,9.0,51.0,0.3,0.1,0.8,4.0,750.0,0.0,0.0,0.43333333333333335
44.0,9.0,52.0,0.3,0.1,0.8,4.0,750.0,0.0,0.0,0.43066666666666664
44.0,10.0,1.0,0.3,0.1,0.8,4.0,717.0,0.0,0.0,0.4393305439330544
44.0,10.0,2.0,0.3,0.1,0.8,4.0,706.0,0.0,0.0,0.4376770538243626
44.0,10.0,3.0,0.3,0.1,0.8,4.0,707.0,0.0,0.0,0.43988684582743987
44.0,10.0,4.0,0.3,0.1,0.8,4.0,707.0,0.0,0.0,0.43705799151343705
44.0,10.0,5.0,0.3,0.1,0.8,4.0,707.0,0.0,0.0,0.44130127298444133
44.0,10.0,6.0,0.3,0.1,0.8,4.0,705.0,0.0,0.0,0.43546099290780144
44.0,10.0,7.0,0.3,0.1,0.8,4.0,705.0,0.0,0.0,0.44113475177304967
44.0,10.0,8.0,0.3,0.1,0.8,4.0,703.0,0.0,0.0,0.4366998577524893
44.0,10.0,9.0,0.3,0.1,0.8,4.0,701.0,0.0,0.0,0.44079885877318115
44.0,10.0,10.0,0.3,0.1,0.8,4.0,705.0,0.0,0.0,0.43829787234042555
44.0,10.0,11.0,0.3,0.1,0.8,4.0,697.0,0.0,0.0,0.4433285509325681
44.0,10.0,12.0,0.3,0.1,0.8,4.0,699.0,0.0,0.0,0.43776824034334766
44.0,10.0,13.0,0.3,0.1,0.8,4.0,698.0,0.0,0.0,0.44412607449856734
44.0,10.0,14.0,0.3,0.1,0.8,4.0,696.0,0.0,0.0,0.4367816091954023
44.0,10.0,15.0,0.3,0.1,0.8,4.0,696.0,0.0,0.0,0.44396551724137934
44.0,10.0,16.0,0.3,0.1,0.8,4.0,697.0,0.0,0.0,0.43902439024390244
44.0,10.0,17.0,0.3,0.1,0.8,4.0,673.0,0.0,0.0,0.45468053491827637
44.0,10.0,18.0,0.3,0.1,0.8,4.0,673.0,0.0,0.0,0.4487369985141159
44.0,10.0,19.0,0.3,0.1,0.8,4.0,672.0,0.0,0.0,0.45089285714285715
44.0,10.0,20.0,0.3,0.1,0.8,4.0,1134.0,0.0,0.0,0.24162257495590828
44.0,10.0,21.0,0.3,0.1,0.8,4.0,1098.0,0.0,0.0,0.2459016393442623
44.0,10.0,22.0,0.3,0.1,0.8,4.0,1076.0,0.0,0.0,0.24535315985130113
44.0,10.0,23.0,0.3,0.1,0.8,4.0,1055.0,0.0,0.0,0.24834123222748816
44.0,10.0,24.0,0.3,0.1,0.8,4.0,1063.0,0.0,0.0,0.24459078080903104
44.0,10.0,25.0,0.3,0.1,0.8,4.0,1032.0,0.0,0.0,0.24903100775193798
44.0,10.0,26.0,0.3,0.1,0.8,4.0,1035.0,0.0,0.0,0.24347826086956523
44.0,10.0,27.0,0.3,0.1,0.8,4.0,1016.0,0.0,0.0,0.24803149606299213
44.0,10.0,28.0,0.3,0.1,0.8,4.0,992.0,0.0,0.0,0.24798387096774194
44.0,10.0,29.0,0.3,0.1,0.8,4.0,969.0,0.0,0.0,0.2518059855521156
44.0,10.0,30.0,0.3,0.1,0.8,4.0,980.0,0.0,0.0,0.24693877551020407
44.0,10.0,31.0,0.3,0.1,0.8,4.0,960.0,0.0,0.0,0.25416666666666665
44.0,10.0,32.0,0.3,0.1,0.8,4.0,967.0,0.0,0.0,0.250258531540848
44.0,10.0,33.0,0.3,0.1,0.8,4.0,921.0,0.0,0.0,0.26167209554831705
44.0,10.0,34.0,0.3,0.1,0.8,4.0,924.0,0.0,0.0,0.25865800865800864
44.0,10.0,35.0,0.3,0.1,0.8,4.0,910.0,0.0,0.0,0.26373626373626374
44.0,10.0,36.0,0.3,0.1,0.8,4.0,900.0,0.0,0.0,0.2588888888888889
44.0,10.0,37.0,0.3,0.1,0.8,4.0,888.0,0.0,0.0,0.26238738738738737
44.0,10.0,38.0,0.3,0.1,0.8,4.0,887.0,0.0,0.0,0.26042841037204056
44.0,10.0,39.0,0.3,0.1,0.8,4.0,881.0,0.0,0.0,0.2633371169125993
44.0,10.0,40.0,0.3,0.1,0.8,4.0,871.0,0.0,0.0,0.2606199770378875
44.0,10.0,41.0,0.3,0.1,0.8,4.0,868.0,0.0,0.0,0.2672811059907834
44.0,10.0,42.0,0.3,0.1,0.8,4.0,869.0,0.0,0.0,0.2612197928653625
44.0,10.0,43.0,0.3,0.1,0.8,4.0,857.0,0.0,0.0,0.26837806301050177
44.0,10.0,44.0,0.3,0.1,0.8,4.0,844.0,0.0,0.0,0.26303317535545023
44.0,10.0,45.0,0.3,0.1,0.8,4.0,810.0,0.0,0.0,0.4308641975308642
44.0,10.0,46.0,0.3,0.1,0.8,4.0,810.0,0.0,0.0,0.4283950617283951
44.0,10.0,47.0,0.3,0.1,0.8,4.0,790.0,0.0,0.0,0.4341772151898734
44.0,10.0,48.0,0.3,0.1,0.8,4.0,796.0,0.0,0.0,0.43090452261306533
44.0,10.0,49.0,0.3,0.1,0.8,4.0,789.0,0.0,0.0,0.4347275031685678
44.0,10.0,50.0,0.3,0.1,0.8,4.0,786.0,0.0,0.0,0.4287531806615776
44.0,10.0,51.0,0.3,0.1,0.8,4.0,780.0,0.0,0.0,0.4346153846153846
44.0,10.0,52.0,0.3,0.1,0.8,4.0,785.0,0.0,0.0,0.4267515923566879
45.0,1.0,1.0,0.3,0.1,0.8,4.0,5207.0,53.0,6.0,0.2972921067793355
45.0,1.0,2.0,0.3,0.1,0.8,4.0,5144.0,52.0,18.0,0.2974339035769829
45.0,1.0,3.0,0.3,0.1,0.8,4.0,5031.0,64.0,28.0,0.29874776386404295
45.0,1.0,4.0,0.3,0.1,0.8,4.0,4993.0,75.0,29.0,0.29941918686160623
45.0,1.0,5.0,0.3,0.1,0.8,4.0,4925.0,96.0,36.0,0.3029441624365482
45.0,1.0,6.0,0.3,0.1,0.8,4.0,4793.0,94.0,43.0,0.3002295013561444
45.0,1.0,7.0,0.3,0.1,0.8,4.0,4630.0,113.0,54.0,0.3019438444924406
45.0,1.0,8.0,0.3,0.1,0.8,4.0,4486.0,108.0,46.0,0.301827909050379
45.0,1.0,9.0,0.3,0.1,0.8,4.0,4349.0,120.0,47.0,0.3030581742929409
45.0,1.0,10.0,0.3,0.1,0.8,4.0,4225.0,128.0,50.0,0.3036686390532544
45.0,1.0,11.0,0.3,0.1,0.8,4.0,4087.0,136.0,61.0,0.3036457058967458
45.0,1.0,12.0,0.3,0.1,0.8,4.0,3970.0,146.0,65.0,0.30680100755667505
45.0,1.0,13.0,0.3,0.1,0.8,4.0,3832.0,156.0,74.0,0.30975991649269313
45.0,1.0,14.0,0.3,0.1,0.8,4.0,3765.0,148.0,64.0,0.3115537848605578
45.0,1.0,15.0,0.3,0.1,0.8,4.0,3709.0,160.0,66.0,0.31329199245079536
45.0,1.0,16.0,0.3,0.1,0.8,4.0,3642.0,158.0,69.0,0.313838550247117
45.0,1.0,17.0,0.3,0.1,0.8,4.0,3592.0,172.0,77.0,0.3151447661469933
45.0,1.0,18.0,0.3,0.1,0.8,4.0,3512.0,160.0,81.0,0.31919134396355353
45.0,1.0,19.0,0.3,0.1,0.8,4.0,3449.0,155.0,78.0,0.3227022325311685
45.0,1.0,20.0,0.3,0.1,0.8,4.0,6696.0,150.0,81.0,0.16532258064516128
45.0,1.0,21.0,0.3,0.1,0.8,4.0,6265.0,182.0,75.0,0.17031125299281724
45.0,1.0,22.0,0.3,0.1,0.8,4.0,5948.0,230.0,77.0,0.17316745124411567
45.0,1.0,23.0,0.3,0.1,0.8,4.0,5541.0,214.0,82.0,0.17523912651146004
45.0,1.0,24.0,0.3,0.1,0.8,4.0,5294.0,243.0,93.0,0.1781261805817907
45.0,1.0,25.0,0.3,0.1,0.8,4.0,5080.0,287.0,106.0,0.1799212598425197
45.0,1.0,26.0,0.3,0.1,0.8,4.0,4809.0,317.0,117.0,0.1848617176128093
45.0,1.0,27.0,0.3,0.1,0.8,4.0,4617.0,359.0,143.0,0.18583495776478232
45.0,1.0,28.0,0.3,0.1,0.8,4.0,4334.0,384.0,168.0,0.19012459621596678
45.0,1.0,29.0,0.3,0.1,0.8,4.0,4134.0,400.0,156.0,0.1942428640541848
45.0,1.0,30.0,0.3,0.1,0.8,4.0,3915.0,412.0,170.0,0.19821200510855683
45.0,1.0,31.0,0.3,0.1,0.8,4.0,3726.0,386.0,163.0,0.20450885668276972
45.0,1.0,32.0,0.3,0.1,0.8,4.0,3506.0,403.0,184.0,0.20878494010268112
45.0,1.0,33.0,0.3,0.1,0.8,4.0,3368.0,416.0,209.0,0.21377672209026127
45.0,1.0,34.0,0.3,0.1,0.8,4.0,3197.0,414.0,195.0,0.2217704097591492
45.0,1.0,35.0,0.3,0.1,0.8,4.0,3067.0,415.0,185.0,0.22334528855559177
45.0,1.0,36.0,0.3,0.1,0.8,4.0,2890.0,382.0,171.0,0.23321799307958477
45.0,1.0,37.0,0.3,0.1,0.8,4.0,2807.0,391.0,182.0,0.23548272176701104
45.0,1.0,38.0,0.3,0.1,0.8,4.0,2652.0,369.0,182.0,0.2447209653092006
45.0,1.0,39.0,0.3,0.1,0.8,4.0,2569.0,354.0,169.0,0.253016738030362
45.0,1.0,40.0,0.3,0.1,0.8,4.0,2429.0,332.0,161.0,0.2622478386167147
45.0,1.0,41.0,0.3,0.1,0.8,4.0,2342.0,321.0,147.0,0.2672929120409906
45.0,1.0,42.0,0.3,0.1,0.8,4.0,2243.0,304.0,154.0,0.27374052608114136
45.0,1.0,43.0,0.3,0.1,0.8,4.0,2137.0,283.0,138.0,0.28591483387927
45.0,1.0,44.0,0.3,0.1,0.8,4.0,2055.0,270.0,142.0,0.2924574209245742
45.0,1.0,45.0,0.3,0.1,0.8,4.0,1921.0,229.0,124.0,0.45445080687142114
45.0,1.0,46.0,0.3,0.1,0.8,4.0,1873.0,204.0,122.0,0.4602242391884677
45.0,1.0,47.0,0.3,0.1,0.8,4.0,1815.0,174.0,107.0,0.46831955922865015
45.0,1.0,48.0,0.3,0.1,0.8,4.0,1730.0,147.0,92.0,0.4722543352601156
45.0,1.0,49.0,0.3,0.1,0.8,4.0,1682.0,124.0,71.0,0.47919143876337694
45.0,1.0,50.0,0.3,0.1,0.8,4.0,1617.0,100.0,56.0,0.4836116264687693
45.0,1.0,51.0,0.3,0.1,0.8,4.0,1588.0,83.0,49.0,0.48551637279596976
45.0,1.0,52.0,0.3,0.1,0.8,4.0,1548.0,75.0,46.0,0.4903100775193798
45.0,2.0,1.0,0.3,0.1,0.8,4.0,1505.0,78.0,38.0,0.4943521594684385
45.0,2.0,2.0,0.3,0.1,0.8,4.0,1471.0,63.0,31.0,0.5023793337865398
45.0,2.0,3.0,0.3,0.1,0.8,4.0,1443.0,56.0,28.0,0.5031185031185031
45.0,2.0,4.0,0.3,0.1,0.8,4.0,1426.0,48.0,30.0,0.5091164095371669
45.0,2.0,5.0,0.3,0.1,0.8,4.0,1410.0,43.0,25.0,0.5085106382978724
45.0,2.0,6.0,0.3,0.1,0.8,4.0,1395.0,38.0,21.0,0.5146953405017921
45.0,2.0,7.0,0.3,0.1,0.8,4.0,1379.0,30.0,15.0,0.5134155184916607
45.0,2.0,8.0,0.3,0.1,0.8,4.0,1358.0,29.0,17.0,0.5169366715758469
45.0,2.0,9.0,0.3,0.1,0.8,4.0,1344.0,26.0,17.0,0.5163690476190477
45.0,2.0,10.0,0.3,0.1,0.8,4.0,1325.0,25.0,14.0,0.5230188679245283
45.0,2.0,11.0,0.3,0.1,0.8,4.0,1292.0,23.0,12.0,0.5232198142414861
45.0,2.0,12.0,0.3,0.1,0.8,4.0,1277.0,20.0,10.0,0.5309318715740016
45.0,2.0,13.0,0.3,0.1,0.8,4.0,1272.0,18.0,11.0,0.5283018867924528
45.0,2.0,14.0,0.3,0.1,0.8,4.0,1259.0,16.0,9.0,0.534551231135822
45.0,2.0,15.0,0.3,0.1,0.8,4.0,1253.0,15.0,9.0,0.5323224261771747
45.0,2.0,16.0,0.3,0.1,0.8,4.0,1241.0,12.0,7.0,0.5358581788879936
45.0,2.0,17.0,0.3,0.1,0.8,4.0,1231.0,12.0,6.0,0.5304630381803412
45.0,2.0,18.0,0.3,0.1,0.8,4.0,1213.0,11.0,5.0,0.5342126957955482
45.0,2.0,19.0,0.3,0.1,0.8,4.0,1211.0,11.0,4.0,0.5309661436829067
45.0,2.0,20.0,0.3,0.1,0.8,4.0,2294.0,11.0,6.0,0.2781168265039233
45.0,2.0,21.0,0.3,0.1,0.8,4.0,2194.0,12.0,7.0,0.27985414767547856
45.0,2.0,22.0,0.3,0.1,0.8,4.0,2134.0,12.0,8.0,0.28350515463917525
45.0,2.0,23.0,0.3,0.1,0.8,4.0,2093.0,13.0,5.0,0.2842809364548495
45.0,2.0,24.0,0.3,0.1,0.8,4.0,2061.0,12.0,5.0,0.28626880155264434
45.0,2.0,25.0,0.3,0.1,0.8,4.0,1997.0,13.0,4.0,0.2899349023535303
45.0,2.0,26.0,0.3,0.1,0.8,4.0,1993.0,17.0,6.0,0.2895132965378826
45.0,2.0,27.0,0.3,0.1,0.8,4.0,1886.0,12.0,4.0,0.2900318133616119
45.0,2.0,28.0,0.3,0.1,0.8,4.0,1842.0,14.0,8.0,0.2909880564603692
45.0,2.0,29.0,0.3,0.1,0.8,4.0,1774.0,22.0,8.0,0.2874859075535513
45.0,2.0,30.0,0.3,0.1,0.8,4.0,1750.0,22.0,7.0,0.28914285714285715
45.0,2.0,31.0,0.3,0.1,0.8,4.0,1711.0,22.0,7.0,0.288135593220339
45.0,2.0,32.0,0.3,0.1,0.8,4.0,1692.0,12.0,4.0,0.2919621749408983
45.0,2.0,33.0,0.3,0.1,0.8,4.0,1656.0,12.0,5.0,0.286231884057971
45.0,2.0,34.0,0.3,0.1,0.8,4.0,1624.0,8.0,4.0,0.28448275862068967
45.0,2.0,35.0,0.3,0.1,0.8,4.0,1609.0,11.0,6.0,0.2852703542573027
45.0,2.0,36.0,0.3,0.1,0.8,4.0,1579.0,10.0,6.0,0.285623812539582
45.0,2.0,37.0,0.3,0.1,0.8,4.0,1560.0,9.0,5.0,0.28910256410256413
45.0,2.0,38.0,0.3,0.1,0.8,4.0,1540.0,11.0,6.0,0.2883116883116883
45.0,2.0,39.0,0.3,0.1,0.8,4.0,1526.0,11.0,4.0,0.28768020969855834
45.0,2.0,40.0,0.3,0.1,0.8,4.0,1500.0,12.0,5.0,0.2886666666666667
45.0,2.0,41.0,0.3,0.1,0.8,4.0,1452.0,10.0,6.0,0.2878787878787879
45.0,2.0,42.0,0.3,0.1,0.8,4.0,1394.0,11.0,7.0,0.2898134863701578
45.0,2.0,43.0,0.3,0.1,0.8,4.0,1356.0,12.0,7.0,0.2861356932153392
45.0,2.0,44.0,0.3,0.1,0.8,4.0,1342.0,12.0,5.0,0.28986587183308493
45.0,2.0,45.0,0.3,0.1,0.8,4.0,1305.0,8.0,4.0,0.4459770114942529
45.0,2.0,46.0,0.3,0.1,0.8,4.0,1307.0,7.0,5.0,0.4452945677123183
45.0,2.0,47.0,0.3,0.1,0.8,4.0,1286.0,7.0,4.0,0.4463452566096423
45.0,2.0,48.0,0.3,0.1,0.8,4.0,1290.0,6.0,3.0,0.448062015503876
45.0,2.0,49.0,0.3,0.1,0.8,4.0,1268.0,4.0,4.0,0.4479495268138801
45.0,2.0,50.0,0.3,0.1,0.8,4.0,1254.0,4.0,3.0,0.4473684210526316
45.0,2.0,51.0,0.3,0.1,0.8,4.0,1235.0,4.0,3.0,0.4477732793522267
45.0,2.0,52.0,0.3,0.1,0.8,4.0,1234.0,1.0,0.0,0.446515397082658
45.0,3.0,1.0,0.3,0.1,0.8,4.0,1209.0,1.0,1.0,0.4491315136476427
45.0,3.0,2.0,0.3,0.1,0.8,4.0,1201.0,1.0,1.0,0.4462947543713572
45.0,3.0,3.0,0.3,0.1,0.8,4.0,1182.0,1.0,1.0,0.44585448392554994
45.0,3.0,4.0,0.3,0.1,0.8,4.0,1183.0,1.0,0.0,0.4437869822485207
45.0,3.0,5.0,0.3,0.1,0.8,4.0,1159.0,1.0,0.0,0.44348576358930114
45.0,3.0,6.0,0.3,0.1,0.8,4.0,1152.0,1.0,0.0,0.4383680555555556
45.0,3.0,7.0,0.3,0.1,0.8,4.0,1135.0,1.0,1.0,0.439647577092511
45.0,3.0,8.0,0.3,0.1,0.8,4.0,1126.0,1.0,1.0,0.4369449378330373
45.0,3.0,9.0,0.3,0.1,0.8,4.0,1112.0,1.0,1.0,0.44064748201438847
45.0,3.0,10.0,0.3,0.1,0.8,4.0,1099.0,0.0,0.0,0.44040036396724297
45.0,3.0,11.0,0.3,0.1,0.8,4.0,1081.0,0.0,0.0,0.4421831637372803
45.0,3.0,12.0,0.3,0.1,0.8,4.0,1077.0,0.0,0.0,0.44196843082636955
45.0,3.0,13.0,0.3,0.1,0.8,4.0,1075.0,0.0,0.0,0.4427906976744186
45.0,3.0,14.0,0.3,0.1,0.8,4.0,1069.0,0.0,0.0,0.44340505144995324
45.0,3.0,15.0,0.3,0.1,0.8,4.0,1063.0,0.0,0.0,0.4393226716839135
45.0,3.0,16.0,0.3,0.1,0.8,4.0,1058.0,0.0,0.0,0.44234404536862004
45.0,3.0,17.0,0.3,0.1,0.8,4.0,1044.0,0.0,0.0,0.44061302681992337
45.0,3.0,18.0,0.3,0.1,0.8,4.0,1039.0,0.0,0.0,0.4436958614051973
45.0,3.0,19.0,0.3,0.1,0.8,4.0,1033.0,0.0,0.0,0.43852855759922554
45.0,3.0,20.0,0.3,0.1,0.8,4.0,1847.0,0.0,0.0,0.247428262046562
45.0,3.0,21.0,0.3,0.1,0.8,4.0,1806.0,0.0,0.0,0.2469545957918051
45.0,3.0,22.0,0.3,0.1,0.8,4.0,1758.0,0.0,0.0,0.24800910125142206
45.0,3.0,23.0,0.3,0.1,0.8,4.0,1732.0,0.0,0.0,0.24595842956120093
45.0,3.0,24.0,0.3,0.1,0.8,4.0,1690.0,0.0,0.0,0.2514792899408284
45.0,3.0,25.0,0.3,0.1,0.8,4.0,1669.0,0.0,0.0,0.24865188735769922
45.0,3.0,26.0,0.3,0.1,0.8,4.0,1619.0,0.0,0.0,0.25138974675725756
45.0,3.0,27.0,0.3,0.1,0.8,4.0,1547.0,0.0,0.0,0.25080801551389786
45.0,3.0,28.0,0.3,0.1,0.8,4.0,1519.0,0.0,0.0,0.2521395655036208
45.0,3.0,29.0,0.3,0.1,0.8,4.0,1507.0,0.0,0.0,0.25016589250165894
45.0,3.0,30.0,0.3,0.1,0.8,4.0,1466.0,0.0,0.0,0.2503410641200546
45.0,3.0,31.0,0.3,0.1,0.8,4.0,1449.0,0.0,0.0,0.24775707384403037
45.0,3.0,32.0,0.3,0.1,0.8,4.0,1436.0,0.0,0.0,0.24860724233983286
45.0,3.0,33.0,0.3,0.1,0.8,4.0,1383.0,0.0,0.0,0.24873463485177152
45.0,3.0,34.0,0.3,0.1,0.8,4.0,1391.0,0.0,0.0,0.24730409777138748
45.0,3.0,35.0,0.3,0.1,0.8,4.0,1363.0,0.0,0.0,0.247982391782832
45.0,3.0,36.0,0.3,0.1,0.8,4.0,1354.0,0.0,0.0,0.24446085672082718
45.0,3.0,37.0,0.3,0.1,0.8,4.0,1310.0,0.0,0.0,0.24656488549618322
45.0,3.0,38.0,0.3,0.1,0.8,4.0,1278.0,0.0,0.0,0.2433489827856025
45.0,3.0,39.0,0.3,0.1,0.8,4.0,1282.0,0.0,0.0,0.24648985959438377
45.0,3.0,40.0,0.3,0.1,0.8,4.0,1271.0,0.0,0.0,0.24232887490165225
45.0,3.0,41.0,0.3,0.1,0.8,4.0,1267.0,0.0,0.0,0.244672454617206
45.0,3.0,42.0,0.3,0.1,0.8,4.0,1260.0,0.0,0.0,0.24206349206349206
45.0,3.0,43.0,0.3,0.1,0.8,4.0,1235.0,0.0,0.0,0.242914979757085
45.0,3.0,44.0,0.3,0.1,0.8,4.0,1199.0,0.0,0.0,0.24186822351959966
45.0,3.0,45.0,0.3,0.1,0.8,4.0,1175.0,0.0,0.0,0.3974468085106383
45.0,3.0,46.0,0.3,0.1,0.8,4.0,1163.0,0.0,0.0,0.39810834049871024
45.0,3.0,47.0,0.3,0.1,0.8,4.0,1128.0,0.0,0.0,0.39893617021276595
45.0,3.0,48.0,0.3,0.1,0.8,4.0,1116.0,0.0,0.0,0.4014336917562724
45.0,3.0,49.0,0.3,0.1,0.8,4.0,1068.0,0.0,0.0,0.4054307116104869
45.0,3.0,50.0,0.3,0.1,0.8,4.0,1064.0,0.0,0.0,0.4050751879699248
45.0,3.0,51.0,0.3,0.1,0.8,4.0,1055.0,0.0,0.0,0.4056872037914692
45.0,3.0,52.0,0.3,0.1,0.8,4.0,1049.0,0.0,0.0,0.40610104861773116
45.0,4.0,1.0,0.3,0.1,0.8,4.0,1030.0,0.0,0.0,0.40388349514563104
45.0,4.0,2.0,0.3,0.1,0.8,4.0,1016.0,0.0,0.0,0.4035433070866142
45.0,4.0,3.0,0.3,0.1,0.8,4.0,1001.0,0.0,0.0,0.4035964035964036
45.0,4.0,4.0,0.3,0.1,0.8,4.0,1005.0,0.0,0.0,0.40497512437810945
45.0,4.0,5.0,0.3,0.1,0.8,4.0,990.0,0.0,0.0,0.40505050505050505
45.0,4.0,6.0,0.3,0.1,0.8,4.0,1001.0,0.0,0.0,0.4035964035964036
45.0,4.0,7.0,0.3,0.1,0.8,4.0,982.0,0.0,0.0,0.40325865580448067
45.0,4.0,8.0,0.3,0.1,0.8,4.0,993.0,0.0,0.0,0.4038267875125881
45.0,4.0,9.0,0.3,0.1,0.8,4.0,958.0,0.0,0.0,0.40501043841336115
45.0,4.0,10.0,0.3,0.1,0.8,4.0,945.0,0.0,0.0,0.4042328042328042
45.0,4.0,11.0,0.3,0.1,0.8,4.0,916.0,0.0,0.0,0.40502183406113534
45.0,4.0,12.0,0.3,0.1,0.8,4.0,923.0,0.0,0.0,0.40411700975081255
45.0,4.0,13.0,0.3,0.1,0.8,4.0,908.0,0.0,0.0,0.4052863436123348
45.0,4.0,14.0,0.3,0.1,0.8,4.0,919.0,0.0,0.0,0.4047878128400435
45.0,4.0,15.0,0.3,0.1,0.8,4.0,903.0,0.0,0.0,0.4053156146179402
45.0,4.0,16.0,0.3,0.1,0.8,4.0,909.0,0.0,0.0,0.40374037403740376
45.0,4.0,17.0,0.3,0.1,0.8,4.0,893.0,0.0,0.0,0.4053751399776036
45.0,4.0,18.0,0.3,0.1,0.8,4.0,892.0,0.0,0.0,0.4069506726457399
45.0,4.0,19.0,0.3,0.1,0.8,4.0,880.0,0.0,0.0,0.40795454545454546
45.0,4.0,20.0,0.3,0.1,0.8,4.0,1631.0,0.0,0.0,0.21827099938687922
45.0,4.0,21.0,0.3,0.1,0.8,4.0,1568.0,0.0,0.0,0.22002551020408162
45.0,4.0,22.0,0.3,0.1,0.8,4.0,1427.0,0.0,0.0,0.22845129642606868
45.0,4.0,23.0,0.3,0.1,0.8,4.0,1365.0,0.0,0.0,0.23076923076923078
45.0,4.0,24.0,0.3,0.1,0.8,4.0,1311.0,0.0,0.0,0.2326468344774981
45.0,4.0,25.0,0.3,0.1,0.8,4.0,1243.0,0.0,0.0,0.23572003218020918
45.0,4.0,26.0,0.3,0.1,0.8,4.0,1225.0,0.0,0.0,0.2310204081632653
45.0,4.0,27.0,0.3,0.1,0.8,4.0,1210.0,0.0,0.0,0.228099173553719
45.0,4.0,28.0,0.3,0.1,0.8,4.0,1180.0,0.0,0.0,0.2305084745762712
45.0,4.0,29.0,0.3,0.1,0.8,4.0,1149.0,0.0,0.0,0.23237597911227154
45.0,4.0,30.0,0.3,0.1,0.8,4.0,1089.0,0.0,0.0,0.23783287419651056
45.0,4.0,31.0,0.3,0.1,0.8,4.0,1073.0,0.0,0.0,0.23765144454799628
45.0,4.0,32.0,0.3,0.1,0.8,4.0,1042.0,0.0,0.0,0.2399232245681382
45.0,4.0,33.0,0.3,0.1,0.8,4.0,1021.0,0.0,0.0,0.24094025465230168
45.0,4.0,34.0,0.3,0.1,0.8,4.0,997.0,0.0,0.0,0.23971915747241726
45.0,4.0,35.0,0.3,0.1,0.8,4.0,991.0,0.0,0.0,0.23814328960645811
45.0,4.0,36.0,0.3,0.1,0.8,4.0,965.0,0.0,0.0,0.24041450777202072
45.0,4.0,37.0,0.3,0.1,0.8,4.0,936.0,0.0,0.0,0.24252136752136752
45.0,4.0,38.0,0.3,0.1,0.8,4.0,917.0,0.0,0.0,0.2410032715376227
45.0,4.0,39.0,0.3,0.1,0.8,4.0,919.0,0.0,0.0,0.2383025027203482
45.0,4.0,40.0,0.3,0.1,0.8,4.0,915.0,0.0,0.0,0.23825136612021858
45.0,4.0,41.0,0.3,0.1,0.8,4.0,892.0,0.0,0.0,0.23878923766816143
45.0,4.0,42.0,0.3,0.1,0.8,4.0,872.0,0.0,0.0,0.23394495412844038
45.0,4.0,43.0,0.3,0.1,0.8,4.0,821.0,0.0,0.0,0.24116930572472595
45.0,4.0,44.0,0.3,0.1,0.8,4.0,816.0,0.0,0.0,0.23529411764705882
45.0,4.0,45.0,0.3,0.1,0.8,4.0,810.0,0.0,0.0,0.4246913580246914
45.0,4.0,46.0,0.3,0.1,0.8,4.0,798.0,0.0,0.0,0.42857142857142855
45.0,4.0,47.0,0.3,0.1,0.8,4.0,783.0,0.0,0.0,0.4227330779054917
45.0,4.0,48.0,0.3,0.1,0.8,4.0,766.0,0.0,0.0,0.42428198433420367
45.0,4.0,49.0,0.3,0.1,0.8,4.0,748.0,0.0,0.0,0.42112299465240643
45.0,4.0,50.0,0.3,0.1,0.8,4.0,746.0,0.0,0.0,0.42359249329758714
45.0,4.0,51.0,0.3,0.1,0.8,4.0,729.0,0.0,0.0,0.4170096021947874
45.0,4.0,52.0,0.3,0.1,0.8,4.0,728.0,0.0,0.0,0.4230769230769231
45.0,5.0,1.0,0.3,0.1,0.8,4.0,703.0,0.0,0.0,0.4167852062588905
45.0,5.0,2.0,0.3,0.1,0.8,4.0,708.0,0.0,0.0,0.4251412429378531
45.0,5.0,3.0,0.3,0.1,0.8,4.0,679.0,0.0,0.0,0.41384388807069217
45.0,5.0,4.0,0.3,0.1,0.8,4.0,703.0,0.0,0.0,0.42105263157894735
45.0,5.0,5.0,0.3,0.1,0.8,4.0,670.0,0.0,0.0,0.41044776119402987
45.0,5.0,6.0,0.3,0.1,0.8,4.0,693.0,0.0,0.0,0.4213564213564214
45.0,5.0,7.0,0.3,0.1,0.8,4.0,669.0,0.0,0.0,0.4110612855007474
45.0,5.0,8.0,0.3,0.1,0.8,4.0,682.0,0.0,0.0,0.4178885630498534
45.0,5.0,9.0,0.3,0.1,0.8,4.0,665.0,0.0,0.0,0.4075187969924812
45.0,5.0,10.0,0.3,0.1,0.8,4.0,670.0,0.0,0.0,0.4164179104477612
45.0,5.0,11.0,0.3,0.1,0.8,4.0,659.0,0.0,0.0,0.40667678300455234
45.0,5.0,12.0,0.3,0.1,0.8,4.0,667.0,0.0,0.0,0.41679160419790107
45.0,5.0,13.0,0.3,0.1,0.8,4.0,653.0,0.0,0.0,0.4058192955589586
45.0,5.0,14.0,0.3,0.1,0.8,4.0,661.0,0.0,0.0,0.41603630862329805
45.0,5.0,15.0,0.3,0.1,0.8,4.0,651.0,0.0,0.0,0.4039938556067588
45.0,5.0,16.0,0.3,0.1,0.8,4.0,661.0,0.0,0.0,0.4145234493192133
45.0,5.0,17.0,0.3,0.1,0.8,4.0,638.0,0.0,0.0,0.4059561128526646
45.0,5.0,18.0,0.3,0.1,0.8,4.0,648.0,0.0,0.0,0.4166666666666667
45.0,5.0,19.0,0.3,0.1,0.8,4.0,636.0,0.0,0.0,0.4056603773584906
45.0,5.0,20.0,0.3,0.1,0.8,4.0,1195.0,0.0,0.0,0.22510460251046024
45.0,5.0,21.0,0.3,0.1,0.8,4.0,1133.0,0.0,0.0,0.22506619593998234
45.0,5.0,22.0,0.3,0.1,0.8,4.0,1094.0,0.0,0.0,0.22943327239488118
45.0,5.0,23.0,0.3,0.1,0.8,4.0,1061.0,0.0,0.0,0.2290292177191329
45.0,5.0,24.0,0.3,0.1,0.8,4.0,1020.0,0.0,0.0,0.23627450980392156
45.0,5.0,25.0,0.3,0.1,0.8,4.0,985.0,0.0,0.0,0.23451776649746192
45.0,5.0,26.0,0.3,0.1,0.8,4.0,994.0,0.0,0.0,0.23843058350100604
45.0,5.0,27.0,0.3,0.1,0.8,4.0,958.0,0.0,0.0,0.23799582463465555
45.0,5.0,28.0,0.3,0.1,0.8,4.0,979.0,0.0,0.0,0.2379979570990807
45.0,5.0,29.0,0.3,0.1,0.8,4.0,946.0,0.0,0.0,0.23995771670190275
45.0,5.0,30.0,0.3,0.1,0.8,4.0,962.0,0.0,0.0,0.24116424116424118
45.0,5.0,31.0,0.3,0.1,0.8,4.0,931.0,0.0,0.0,0.24167561761546724
45.0,5.0,32.0,0.3,0.1,0.8,4.0,950.0,0.0,0.0,0.24210526315789474
45.0,5.0,33.0,0.3,0.1,0.8,4.0,904.0,0.0,0.0,0.24336283185840707
45.0,5.0,34.0,0.3,0.1,0.8,4.0,931.0,0.0,0.0,0.24382384532760473
45.0,5.0,35.0,0.3,0.1,0.8,4.0,872.0,0.0,0.0,0.24770642201834864
45.0,5.0,36.0,0.3,0.1,0.8,4.0,904.0,0.0,0.0,0.24668141592920353
45.0,5.0,37.0,0.3,0.1,0.8,4.0,854.0,0.0,0.0,0.2459016393442623
45.0,5.0,38.0,0.3,0.1,0.8,4.0,886.0,0.0,0.0,0.24604966139954854
45.0,5.0,39.0,0.3,0.1,0.8,4.0,846.0,0.0,0.0,0.24231678486997635
45.0,5.0,40.0,0.3,0.1,0.8,4.0,866.0,0.0,0.0,0.24595842956120093
45.0,5.0,41.0,0.3,0.1,0.8,4.0,841.0,0.0,0.0,0.2413793103448276
45.0,5.0,42.0,0.3,0.1,0.8,4.0,864.0,0.0,0.0,0.2465277777777778
45.0,5.0,43.0,0.3,0.1,0.8,4.0,839.0,0.0,0.0,0.2395709177592372
45.0,5.0,44.0,0.3,0.1,0.8,4.0,862.0,0.0,0.0,0.24477958236658934
45.0,5.0,45.0,0.3,0.1,0.8,4.0,839.0,0.0,0.0,0.38498212157330153
45.0,5.0,46.0,0.3,0.1,0.8,4.0,849.0,0.0,0.0,0.38162544169611307
45.0,5.0,47.0,0.3,0.1,0.8,4.0,834.0,0.0,0.0,0.38369304556354916
45.0,5.0,48.0,0.3,0.1,0.8,4.0,849.0,0.0,0.0,0.38162544169611307
45.0,5.0,49.0,0.3,0.1,0.8,4.0,833.0,0.0,0.0,0.382953181272509
45.0,5.0,50.0,0.3,0.1,0.8,4.0,846.0,0.0,0.0,0.3806146572104019
45.0,5.0,51.0,0.3,0.1,0.8,4.0,837.0,0.0,0.0,0.37873357228195936
45.0,5.0,52.0,0.3,0.1,0.8,4.0,843.0,0.0,0.0,0.3807829181494662
45.0,6.0,1.0,0.3,0.1,0.8,4.0,829.0,0.0,0.0,0.3823884197828709
45.0,6.0,2.0,0.3,0.1,0.8,4.0,840.0,0.0,0.0,0.3821428571428571
45.0,6.0,3.0,0.3,0.1,0.8,4.0,823.0,0.0,0.0,0.3839611178614824
45.0,6.0,4.0,0.3,0.1,0.8,4.0,825.0,0.0,0.0,0.38181818181818183
45.0,6.0,5.0,0.3,0.1,0.8,4.0,809.0,0.0,0.0,0.3831891223733004
45.0,6.0,6.0,0.3,0.1,0.8,4.0,823.0,0.0,0.0,0.38153098420413123
45.0,6.0,7.0,0.3,0.1,0.8,4.0,808.0,0.0,0.0,0.38366336633663367
45.0,6.0,8.0,0.3,0.1,0.8,4.0,793.0,0.0,0.0,0.38461538461538464
45.0,6.0,9.0,0.3,0.1,0.8,4.0,778.0,0.0,0.0,0.38431876606683807
45.0,6.0,10.0,0.3,0.1,0.8,4.0,771.0,0.0,0.0,0.3865110246433204
45.0,6.0,11.0,0.3,0.1,0.8,4.0,759.0,0.0,0.0,0.3847167325428195
45.0,6.0,12.0,0.3,0.1,0.8,4.0,767.0,0.0,0.0,0.3859191655801825
45.0,6.0,13.0,0.3,0.1,0.8,4.0,747.0,0.0,0.0,0.3868808567603748
45.0,6.0,14.0,0.3,0.1,0.8,4.0,747.0,0.0,0.0,0.3895582329317269
45.0,6.0,15.0,0.3,0.1,0.8,4.0,743.0,0.0,0.0,0.38896366083445494
45.0,6.0,16.0,0.3,0.1,0.8,4.0,732.0,0.0,0.0,0.39207650273224043
45.0,6.0,17.0,0.3,0.1,0.8,4.0,714.0,0.0,0.0,0.3963585434173669
45.0,6.0,18.0,0.3,0.1,0.8,4.0,720.0,0.0,0.0,0.3972222222222222
45.0,6.0,19.0,0.3,0.1,0.8,4.0,712.0,0.0,0.0,0.3960674157303371
45.0,6.0,20.0,0.3,0.1,0.8,4.0,1288.0,0.0,0.0,0.21816770186335405
45.0,6.0,21.0,0.3,0.1,0.8,4.0,1249.0,0.0,0.0,0.2153722978382706
45.0,6.0,22.0,0.3,0.1,0.8,4.0,1240.0,0.0,0.0,0.21774193548387097
45.0,6.0,23.0,0.3,0.1,0.8,4.0,1206.0,0.0,0.0,0.21475953565505804
45.0,6.0,24.0,0.3,0.1,0.8,4.0,1176.0,0.0,0.0,0.22193877551020408
45.0,6.0,25.0,0.3,0.1,0.8,4.0,1177.0,0.0,0.0,0.2183517417162277
45.0,6.0,26.0,0.3,0.1,0.8,4.0,1143.0,0.0,0.0,0.2230971128608924
45.0,6.0,27.0,0.3,0.1,0.8,4.0,1115.0,0.0,0.0,0.22690582959641256
45.0,6.0,28.0,0.3,0.1,0.8,4.0,1115.0,0.0,0.0,0.22690582959641256
45.0,6.0,29.0,0.3,0.1,0.8,4.0,1100.0,0.0,0.0,0.22272727272727272
45.0,6.0,30.0,0.3,0.1,0.8,4.0,1067.0,0.0,0.0,0.22492970946579194
45.0,6.0,31.0,0.3,0.1,0.8,4.0,1052.0,0.0,0.0,0.22718631178707224
45.0,6.0,32.0,0.3,0.1,0.8,4.0,1000.0,0.0,0.0,0.234
45.0,6.0,33.0,0.3,0.1,0.8,4.0,956.0,0.0,0.0,0.23535564853556484
45.0,6.0,34.0,0.3,0.1,0.8,4.0,947.0,0.0,0.0,0.23231256599788808
45.0,6.0,35.0,0.3,0.1,0.8,4.0,906.0,0.0,0.0,0.23730684326710816
45.0,6.0,36.0,0.3,0.1,0.8,4.0,884.0,0.0,0.0,0.23868778280542988
45.0,6.0,37.0,0.3,0.1,0.8,4.0,882.0,0.0,0.0,0.24149659863945577
45.0,6.0,38.0,0.3,0.1,0.8,4.0,876.0,0.0,0.0,0.23858447488584475
45.0,6.0,39.0,0.3,0.1,0.8,4.0,857.0,0.0,0.0,0.24620770128354727
45.0,6.0,40.0,0.3,0.1,0.8,4.0,859.0,0.0,0.0,0.2409778812572759
45.0,6.0,41.0,0.3,0.1,0.8,4.0,857.0,0.0,0.0,0.24504084014002334
45.0,6.0,42.0,0.3,0.1,0.8,4.0,839.0,0.0,0.0,0.2431466030989273
45.0,6.0,43.0,0.3,0.1,0.8,4.0,823.0,0.0,0.0,0.24787363304981774
45.0,6.0,44.0,0.3,0.1,0.8,4.0,797.0,0.0,0.0,0.24466750313676286
45.0,6.0,45.0,0.3,0.1,0.8,4.0,785.0,0.0,0.0,0.4229299363057325
45.0,6.0,46.0,0.3,0.1,0.8,4.0,785.0,0.0,0.0,0.4191082802547771
45.0,6.0,47.0,0.3,0.1,0.8,4.0,756.0,0.0,0.0,0.4246031746031746
45.0,6.0,48.0,0.3,0.1,0.8,4.0,740.0,0.0,0.0,0.42702702702702705
45.0,6.0,49.0,0.3,0.1,0.8,4.0,736.0,0.0,0.0,0.42934782608695654
45.0,6.0,50.0,0.3,0.1,0.8,4.0,741.0,0.0,0.0,0.4224021592442645
45.0,6.0,51.0,0.3,0.1,0.8,4.0,728.0,0.0,0.0,0.43131868131868134
45.0,6.0,52.0,0.3,0.1,0.8,4.0,720.0,0.0,0.0,0.42916666666666664
45.0,7.0,1.0,0.3,0.1,0.8,4.0,705.0,0.0,0.0,0.42836879432624114
45.0,7.0,2.0,0.3,0.1,0.8,4.0,701.0,0.0,0.0,0.42510699001426533
45.0,7.0,3.0,0.3,0.1,0.8,4.0,691.0,0.0,0.0,0.42547033285094066
45.0,7.0,4.0,0.3,0.1,0.8,4.0,699.0,0.0,0.0,0.4248927038626609
45.0,7.0,5.0,0.3,0.1,0.8,4.0,689.0,0.0,0.0,0.42380261248185774
45.0,7.0,6.0,0.3,0.1,0.8,4.0,696.0,0.0,0.0,0.4224137931034483
45.0,7.0,7.0,0.3,0.1,0.8,4.0,686.0,0.0,0.0,0.4227405247813411
45.0,7.0,8.0,0.3,0.1,0.8,4.0,681.0,0.0,0.0,0.42584434654919234
45.0,7.0,9.0,0.3,0.1,0.8,4.0,674.0,0.0,0.0,0.42433234421364985
45.0,7.0,10.0,0.3,0.1,0.8,4.0,674.0,0.0,0.0,0.42729970326409494
45.0,7.0,11.0,0.3,0.1,0.8,4.0,669.0,0.0,0.0,0.4260089686098655
45.0,7.0,12.0,0.3,0.1,0.8,4.0,673.0,0.0,0.0,0.4279346210995542
45.0,7.0,13.0,0.3,0.1,0.8,4.0,668.0,0.0,0.0,0.4251497005988024
45.0,7.0,14.0,0.3,0.1,0.8,4.0,669.0,0.0,0.0,0.42750373692077726
45.0,7.0,15.0,0.3,0.1,0.8,4.0,666.0,0.0,0.0,0.42492492492492495
45.0,7.0,16.0,0.3,0.1,0.8,4.0,665.0,0.0,0.0,0.4270676691729323
45.0,7.0,17.0,0.3,0.1,0.8,4.0,664.0,0.0,0.0,0.4246987951807229
45.0,7.0,18.0,0.3,0.1,0.8,4.0,664.0,0.0,0.0,0.42620481927710846
45.0,7.0,19.0,0.3,0.1,0.8,4.0,664.0,0.0,0.0,0.4246987951807229
45.0,7.0,20.0,0.3,0.1,0.8,4.0,1201.0,0.0,0.0,0.23646960865945046
45.0,7.0,21.0,0.3,0.1,0.8,4.0,1165.0,0.0,0.0,0.2317596566523605
45.0,7.0,22.0,0.3,0.1,0.8,4.0,1120.0,0.0,0.0,0.23839285714285716
45.0,7.0,23.0,0.3,0.1,0.8,4.0,1118.0,0.0,0.0,0.23255813953488372
45.0,7.0,24.0,0.3,0.1,0.8,4.0,1025.0,0.0,0.0,0.2497560975609756
45.0,7.0,25.0,0.3,0.1,0.8,4.0,1023.0,0.0,0.0,0.2404692082111437
45.0,7.0,26.0,0.3,0.1,0.8,4.0,973.0,0.0,0.0,0.24871531346351491
45.0,7.0,27.0,0.3,0.1,0.8,4.0,926.0,0.0,0.0,0.24406047516198703
45.0,7.0,28.0,0.3,0.1,0.8,4.0,892.0,0.0,0.0,0.2533632286995516
45.0,7.0,29.0,0.3,0.1,0.8,4.0,868.0,0.0,0.0,0.2488479262672811
45.0,7.0,30.0,0.3,0.1,0.8,4.0,831.0,0.0,0.0,0.25872442839951865
45.0,7.0,31.0,0.3,0.1,0.8,4.0,838.0,0.0,0.0,0.2529832935560859
45.0,7.0,32.0,0.3,0.1,0.8,4.0,804.0,0.0,0.0,0.26243781094527363
45.0,7.0,33.0,0.3,0.1,0.8,4.0,806.0,0.0,0.0,0.2531017369727047
45.0,7.0,34.0,0.3,0.1,0.8,4.0,766.0,0.0,0.0,0.2597911227154047
45.0,7.0,35.0,0.3,0.1,0.8,4.0,775.0,0.0,0.0,0.2541935483870968
45.0,7.0,36.0,0.3,0.1,0.8,4.0,738.0,0.0,0.0,0.25609756097560976
45.0,7.0,37.0,0.3,0.1,0.8,4.0,766.0,0.0,0.0,0.2506527415143603
45.0,7.0,38.0,0.3,0.1,0.8,4.0,717.0,0.0,0.0,0.2580195258019526
45.0,7.0,39.0,0.3,0.1,0.8,4.0,739.0,0.0,0.0,0.2557510148849797
45.0,7.0,40.0,0.3,0.1,0.8,4.0,714.0,0.0,0.0,0.25910364145658266
45.0,7.0,41.0,0.3,0.1,0.8,4.0,736.0,0.0,0.0,0.25271739130434784
45.0,7.0,42.0,0.3,0.1,0.8,4.0,713.0,0.0,0.0,0.25806451612903225
45.0,7.0,43.0,0.3,0.1,0.8,4.0,714.0,0.0,0.0,0.25770308123249297
45.0,7.0,44.0,0.3,0.1,0.8,4.0,706.0,0.0,0.0,0.25920679886685555
45.0,7.0,45.0,0.3,0.1,0.8,4.0,712.0,0.0,0.0,0.43679775280898875
45.0,7.0,46.0,0.3,0.1,0.8,4.0,705.0,0.0,0.0,0.44964539007092197
45.0,7.0,47.0,0.3,0.1,0.8,4.0,702.0,0.0,0.0,0.4358974358974359
45.0,7.0,48.0,0.3,0.1,0.8,4.0,692.0,0.0,0.0,0.4479768786127168
45.0,7.0,49.0,0.3,0.1,0.8,4.0,696.0,0.0,0.0,0.4339080459770115
45.0,7.0,50.0,0.3,0.1,0.8,4.0,687.0,0.0,0.0,0.4395924308588064
45.0,7.0,51.0,0.3,0.1,0.8,4.0,679.0,0.0,0.0,0.4374079528718704
45.0,7.0,52.0,0.3,0.1,0.8,4.0,685.0,0.0,0.0,0.44233576642335765
45.0,8.0,1.0,0.3,0.1,0.8,4.0,664.0,0.0,0.0,0.4382530120481928
45.0,8.0,2.0,0.3,0.1,0.8,4.0,672.0,0.0,0.0,0.44345238095238093
45.0,8.0,3.0,0.3,0.1,0.8,4.0,666.0,0.0,0.0,0.43843843843843844
45.0,8.0,4.0,0.3,0.1,0.8,4.0,655.0,0.0,0.0,0.45038167938931295
45.0,8.0,5.0,0.3,0.1,0.8,4.0,634.0,0.0,0.0,0.444794952681388
45.0,8.0,6.0,0.3,0.1,0.8,4.0,641.0,0.0,0.0,0.45085803432137284
45.0,8.0,7.0,0.3,0.1,0.8,4.0,630.0,0.0,0.0,0.4444444444444444
45.0,8.0,8.0,0.3,0.1,0.8,4.0,636.0,0.0,0.0,0.45440251572327045
45.0,8.0,9.0,0.3,0.1,0.8,4.0,609.0,0.0,0.0,0.4433497536945813
45.0,8.0,10.0,0.3,0.1,0.8,4.0,616.0,0.0,0.0,0.45292207792207795
45.0,8.0,11.0,0.3,0.1,0.8,4.0,609.0,0.0,0.0,0.44499178981937604
45.0,8.0,12.0,0.3,0.1,0.8,4.0,605.0,0.0,0.0,0.4462809917355372
45.0,8.0,13.0,0.3,0.1,0.8,4.0,608.0,0.0,0.0,0.4457236842105263
45.0,8.0,14.0,0.3,0.1,0.8,4.0,591.0,0.0,0.0,0.4467005076142132
45.0,8.0,15.0,0.3,0.1,0.8,4.0,595.0,0.0,0.0,0.44537815126050423
45.0,8.0,16.0,0.3,0.1,0.8,4.0,589.0,0.0,0.0,0.4465195246179966
45.0,8.0,17.0,0.3,0.1,0.8,4.0,593.0,0.0,0.0,0.4451939291736931
45.0,8.0,18.0,0.3,0.1,0.8,4.0,587.0,0.0,0.0,0.44804088586030666
45.0,8.0,19.0,0.3,0.1,0.8,4.0,590.0,0.0,0.0,0.4457627118644068
45.0,8.0,20.0,0.3,0.1,0.8,4.0,1005.0,0.0,0.0,0.25970149253731345
45.0,8.0,21.0,0.3,0.1,0.8,4.0,951.0,0.0,0.0,0.26708727655099895
45.0,8.0,22.0,0.3,0.1,0.8,4.0,920.0,0.0,0.0,0.26956521739130435
45.0,8.0,23.0,0.3,0.1,0.8,4.0,903.0,0.0,0.0,0.2713178294573643
45.0,8.0,24.0,0.3,0.1,0.8,4.0,884.0,0.0,0.0,0.27828054298642535
45.0,8.0,25.0,0.3,0.1,0.8,4.0,874.0,0.0,0.0,0.2803203661327231
45.0,8.0,26.0,0.3,0.1,0.8,4.0,873.0,0.0,0.0,0.2806414662084765
45.0,8.0,27.0,0.3,0.1,0.8,4.0,850.0,0.0,0.0,0.28823529411764703
45.0,8.0,28.0,0.3,0.1,0.8,4.0,845.0,0.0,0.0,0.2875739644970414
45.0,8.0,29.0,0.3,0.1,0.8,4.0,833.0,0.0,0.0,0.28811524609843936
45.0,8.0,30.0,0.3,0.1,0.8,4.0,829.0,0.0,0.0,0.2882991556091677
45.0,8.0,31.0,0.3,0.1,0.8,4.0,819.0,0.0,0.0,0.2905982905982906
45.0,8.0,32.0,0.3,0.1,0.8,4.0,814.0,0.0,0.0,0.29115479115479115
45.0,8.0,33.0,0.3,0.1,0.8,4.0,805.0,0.0,0.0,0.2919254658385093
45.0,8.0,34.0,0.3,0.1,0.8,4.0,777.0,0.0,0.0,0.29343629343629346
45.0,8.0,35.0,0.3,0.1,0.8,4.0,782.0,0.0,0.0,0.2928388746803069
45.0,8.0,36.0,0.3,0.1,0.8,4.0,777.0,0.0,0.0,0.29343629343629346
45.0,8.0,37.0,0.3,0.1,0.8,4.0,782.0,0.0,0.0,0.2928388746803069
45.0,8.0,38.0,0.3,0.1,0.8,4.0,768.0,0.0,0.0,0.2903645833333333
45.0,8.0,39.0,0.3,0.1,0.8,4.0,762.0,0.0,0.0,0.2979002624671916
45.0,8.0,40.0,0.3,0.1,0.8,4.0,739.0,0.0,0.0,0.3004059539918809
45.0,8.0,41.0,0.3,0.1,0.8,4.0,747.0,0.0,0.0,0.30120481927710846
45.0,8.0,42.0,0.3,0.1,0.8,4.0,736.0,0.0,0.0,0.30027173913043476
45.0,8.0,43.0,0.3,0.1,0.8,4.0,736.0,0.0,0.0,0.30434782608695654
45.0,8.0,44.0,0.3,0.1,0.8,4.0,708.0,0.0,0.0,0.3093220338983051
45.0,8.0,45.0,0.3,0.1,0.8,4.0,720.0,0.0,0.0,0.44305555555555554
45.0,8.0,46.0,0.3,0.1,0.8,4.0,709.0,0.0,0.0,0.4386459802538787
45.0,8.0,47.0,0.3,0.1,0.8,4.0,718.0,0.0,0.0,0.4428969359331476
45.0,8.0,48.0,0.3,0.1,0.8,4.0,695.0,0.0,0.0,0.437410071942446
45.0,8.0,49.0,0.3,0.1,0.8,4.0,704.0,0.0,0.0,0.4431818181818182
45.0,8.0,50.0,0.3,0.1,0.8,4.0,686.0,0.0,0.0,0.4387755102040816
45.0,8.0,51.0,0.3,0.1,0.8,4.0,696.0,0.0,0.0,0.4425287356321839
45.0,8.0,52.0,0.3,0.1,0.8,4.0,687.0,0.0,0.0,0.438136826783115
45.0,9.0,1.0,0.3,0.1,0.8,4.0,695.0,0.0,0.0,0.4474820143884892
45.0,9.0,2.0,0.3,0.1,0.8,4.0,681.0,0.0,0.0,0.4390602055800294
45.0,9.0,3.0,0.3,0.1,0.8,4.0,689.0,0.0,0.0,0.44992743105950656
45.0,9.0,4.0,0.3,0.1,0.8,4.0,681.0,0.0,0.0,0.44052863436123346
45.0,9.0,5.0,0.3,0.1,0.8,4.0,687.0,0.0,0.0,0.4497816593886463
45.0,9.0,6.0,0.3,0.1,0.8,4.0,678.0,0.0,0.0,0.4424778761061947
45.0,9.0,7.0,0.3,0.1,0.8,4.0,685.0,0.0,0.0,0.4481751824817518
45.0,9.0,8.0,0.3,0.1,0.8,4.0,664.0,0.0,0.0,0.4457831325301205
45.0,9.0,9.0,0.3,0.1,0.8,4.0,668.0,0.0,0.0,0.45209580838323354
45.0,9.0,10.0,0.3,0.1,0.8,4.0,657.0,0.0,0.0,0.4474885844748858
45.0,9.0,11.0,0.3,0.1,0.8,4.0,661.0,0.0,0.0,0.4568835098335855
45.0,9.0,12.0,0.3,0.1,0.8,4.0,645.0,0.0,0.0,0.4542635658914729
45.0,9.0,13.0,0.3,0.1,0.8,4.0,655.0,0.0,0.0,0.4595419847328244
45.0,9.0,14.0,0.3,0.1,0.8,4.0,635.0,0.0,0.0,0.4582677165354331
45.0,9.0,15.0,0.3,0.1,0.8,4.0,651.0,0.0,0.0,0.4608294930875576
45.0,9.0,16.0,0.3,0.1,0.8,4.0,633.0,0.0,0.0,0.4597156398104265
45.0,9.0,17.0,0.3,0.1,0.8,4.0,651.0,0.0,0.0,0.46390168970814133
45.0,9.0,18.0,0.3,0.1,0.8,4.0,633.0,0.0,0.0,0.4565560821484992
45.0,9.0,19.0,0.3,0.1,0.8,4.0,651.0,0.0,0.0,0.46543778801843316
45.0,9.0,20.0,0.3,0.1,0.8,4.0,1053.0,0.0,0.0,0.2611585944919278
45.0,9.0,21.0,0.3,0.1,0.8,4.0,1051.0,0.0,0.0,0.27117031398667935
45.0,9.0,22.0,0.3,0.1,0.8,4.0,1028.0,0.0,0.0,0.2607003891050584
45.0,9.0,23.0,0.3,0.1,0.8,4.0,1013.0,0.0,0.0,0.2714708785784798
45.0,9.0,24.0,0.3,0.1,0.8,4.0,975.0,0.0,0.0,0.26256410256410256
45.0,9.0,25.0,0.3,0.1,0.8,4.0,955.0,0.0,0.0,0.2743455497382199
45.0,9.0,26.0,0.3,0.1,0.8,4.0,912.0,0.0,0.0,0.26973684210526316
45.0,9.0,27.0,0.3,0.1,0.8,4.0,910.0,0.0,0.0,0.27912087912087913
45.0,9.0,28.0,0.3,0.1,0.8,4.0,896.0,0.0,0.0,0.27120535714285715
45.0,9.0,29.0,0.3,0.1,0.8,4.0,898.0,0.0,0.0,0.2817371937639198
45.0,9.0,30.0,0.3,0.1,0.8,4.0,866.0,0.0,0.0,0.2759815242494226
45.0,9.0,31.0,0.3,0.1,0.8,4.0,860.0,0.0,0.0,0.28837209302325584
45.0,9.0,32.0,0.3,0.1,0.8,4.0,842.0,0.0,0.0,0.27909738717339666
45.0,9.0,33.0,0.3,0.1,0.8,4.0,841.0,0.0,0.0,0.2901307966706302
45.0,9.0,34.0,0.3,0.1,0.8,4.0,831.0,0.0,0.0,0.2815884476534296
45.0,9.0,35.0,0.3,0.1,0.8,4.0,839.0,0.0,0.0,0.2908224076281287
45.0,9.0,36.0,0.3,0.1,0.8,4.0,806.0,0.0,0.0,0.28287841191067
45.0,9.0,37.0,0.3,0.1,0.8,4.0,787.0,0.0,0.0,0.301143583227446
45.0,9.0,38.0,0.3,0.1,0.8,4.0,781.0,0.0,0.0,0.2906530089628681
45.0,9.0,39.0,0.3,0.1,0.8,4.0,787.0,0.0,0.0,0.301143583227446
45.0,9.0,40.0,0.3,0.1,0.8,4.0,781.0,0.0,0.0,0.2906530089628681
45.0,9.0,41.0,0.3,0.1,0.8,4.0,790.0,0.0,0.0,0.3
45.0,9.0,42.0,0.3,0.1,0.8,4.0,780.0,0.0,0.0,0.29102564102564105
45.0,9.0,43.0,0.3,0.1,0.8,4.0,774.0,0.0,0.0,0.3023255813953488
45.0,9.0,44.0,0.3,0.1,0.8,4.0,764.0,0.0,0.0,0.29450261780104714
45.0,9.0,45.0,0.3,0.1,0.8,4.0,761.0,0.0,0.0,0.4454664914586071
45.0,9.0,46.0,0.3,0.1,0.8,4.0,752.0,0.0,0.0,0.4428191489361702
45.0,9.0,47.0,0.3,0.1,0.8,4.0,749.0,0.0,0.0,0.4432576769025367
45.0,9.0,48.0,0.3,0.1,0.8,4.0,740.0,0.0,0.0,0.44054054054054054
45.0,9.0,49.0,0.3,0.1,0.8,4.0,749.0,0.0,0.0,0.4432576769025367
45.0,9.0,50.0,0.3,0.1,0.8,4.0,742.0,0.0,0.0,0.4393530997304582
45.0,9.0,51.0,0.3,0.1,0.8,4.0,747.0,0.0,0.0,0.4444444444444444
45.0,9.0,52.0,0.3,0.1,0.8,4.0,739.0,0.0,0.0,0.44113667117726657
45.0,10.0,1.0,0.3,0.1,0.8,4.0,735.0,0.0,0.0,0.4489795918367347
45.0,10.0,2.0,0.3,0.1,0.8,4.0,720.0,0.0,0.0,0.44722222222222224
45.0,10.0,3.0,0.3,0.1,0.8,4.0,731.0,0.0,0.0,0.45143638850889195
45.0,10.0,4.0,0.3,0.1,0.8,4.0,702.0,0.0,0.0,0.4444444444444444
45.0,10.0,5.0,0.3,0.1,0.8,4.0,717.0,0.0,0.0,0.4476987447698745
45.0,10.0,6.0,0.3,0.1,0.8,4.0,702.0,0.0,0.0,0.4444444444444444
45.0,10.0,7.0,0.3,0.1,0.8,4.0,714.0,0.0,0.0,0.4481792717086835
45.0,10.0,8.0,0.3,0.1,0.8,4.0,697.0,0.0,0.0,0.44763271162123386
45.0,10.0,9.0,0.3,0.1,0.8,4.0,703.0,0.0,0.0,0.45376955903271693
45.0,10.0,10.0,0.3,0.1,0.8,4.0,687.0,0.0,0.0,0.4497816593886463
45.0,10.0,11.0,0.3,0.1,0.8,4.0,697.0,0.0,0.0,0.45480631276901007
45.0,10.0,12.0,0.3,0.1,0.8,4.0,684.0,0.0,0.0,0.4517543859649123
45.0,10.0,13.0,0.3,0.1,0.8,4.0,692.0,0.0,0.0,0.4595375722543353
45.0,10.0,14.0,0.3,0.1,0.8,4.0,682.0,0.0,0.0,0.4530791788856305
45.0,10.0,15.0,0.3,0.1,0.8,4.0,690.0,0.0,0.0,0.4608695652173913
45.0,10.0,16.0,0.3,0.1,0.8,4.0,683.0,0.0,0.0,0.4538799414348463
45.0,10.0,17.0,0.3,0.1,0.8,4.0,689.0,0.0,0.0,0.46153846153846156
45.0,10.0,18.0,0.3,0.1,0.8,4.0,683.0,0.0,0.0,0.45534407027818447
45.0,10.0,19.0,0.3,0.1,0.8,4.0,689.0,0.0,0.0,0.46153846153846156
45.0,10.0,20.0,0.3,0.1,0.8,4.0,1143.0,0.0,0.0,0.2545931758530184
45.0,10.0,21.0,0.3,0.1,0.8,4.0,1101.0,0.0,0.0,0.26430517711171664
45.0,10.0,22.0,0.3,0.1,0.8,4.0,1069.0,0.0,0.0,0.26192703461178674
45.0,10.0,23.0,0.3,0.1,0.8,4.0,1044.0,0.0,0.0,0.2681992337164751
45.0,10.0,24.0,0.3,0.1,0.8,4.0,1024.0,0.0,0.0,0.263671875
45.0,10.0,25.0,0.3,0.1,0.8,4.0,969.0,0.0,0.0,0.2724458204334365
45.0,10.0,26.0,0.3,0.1,0.8,4.0,933.0,0.0,0.0,0.27438370846730975
45.0,10.0,27.0,0.3,0.1,0.8,4.0,943.0,0.0,0.0,0.2788971367974549
45.0,10.0,28.0,0.3,0.1,0.8,4.0,905.0,0.0,0.0,0.2795580110497238
45.0,10.0,29.0,0.3,0.1,0.8,4.0,905.0,0.0,0.0,0.2861878453038674
45.0,10.0,30.0,0.3,0.1,0.8,4.0,881.0,0.0,0.0,0.2814982973893303
45.0,10.0,31.0,0.3,0.1,0.8,4.0,894.0,0.0,0.0,0.28523489932885904
45.0,10.0,32.0,0.3,0.1,0.8,4.0,859.0,0.0,0.0,0.2852153667054715
45.0,10.0,33.0,0.3,0.1,0.8,4.0,883.0,0.0,0.0,0.2865232163080408
45.0,10.0,34.0,0.3,0.1,0.8,4.0,858.0,0.0,0.0,0.28554778554778554
45.0,10.0,35.0,0.3,0.1,0.8,4.0,887.0,0.0,0.0,0.2852311161217587
45.0,10.0,36.0,0.3,0.1,0.8,4.0,809.0,0.0,0.0,0.2941903584672435
45.0,10.0,37.0,0.3,0.1,0.8,4.0,844.0,0.0,0.0,0.2914691943127962
45.0,10.0,38.0,0.3,0.1,0.8,4.0,771.0,0.0,0.0,0.2931258106355383
45.0,10.0,39.0,0.3,0.1,0.8,4.0,805.0,0.0,0.0,0.2894409937888199
45.0,10.0,40.0,0.3,0.1,0.8,4.0,772.0,0.0,0.0,0.2927461139896373
45.0,10.0,41.0,0.3,0.1,0.8,4.0,805.0,0.0,0.0,0.2894409937888199
45.0,10.0,42.0,0.3,0.1,0.8,4.0,772.0,0.0,0.0,0.2927461139896373
45.0,10.0,43.0,0.3,0.1,0.8,4.0,805.0,0.0,0.0,0.2894409937888199
45.0,10.0,44.0,0.3,0.1,0.8,4.0,772.0,0.0,0.0,0.2914507772020725
45.0,10.0,45.0,0.3,0.1,0.8,4.0,804.0,0.0,0.0,0.4490049751243781
45.0,10.0,46.0,0.3,0.1,0.8,4.0,764.0,0.0,0.0,0.4476439790575916
45.0,10.0,47.0,0.3,0.1,0.8,4.0,788.0,0.0,0.0,0.44923857868020306
45.0,10.0,48.0,0.3,0.1,0.8,4.0,752.0,0.0,0.0,0.4507978723404255
45.0,10.0,49.0,0.3,0.1,0.8,4.0,777.0,0.0,0.0,0.45045045045045046
45.0,10.0,50.0,0.3,0.1,0.8,4.0,756.0,0.0,0.0,0.44841269841269843
45.0,10.0,51.0,0.3,0.1,0.8,4.0,781.0,0.0,0.0,0.4494238156209987
45.0,10.0,52.0,0.3,0.1,0.8,4.0,755.0,0.0,0.0,0.4503311258278146
46.0,1.0,1.0,0.3,0.1,0.8,4.0,5221.0,51.0,4.0,0.29304730894464665
46.0,1.0,2.0,0.3,0.1,0.8,4.0,5193.0,52.0,21.0,0.2919314461775467
46.0,1.0,3.0,0.3,0.1,0.8,4.0,5145.0,62.0,31.0,0.2942662779397473
46.0,1.0,4.0,0.3,0.1,0.8,4.0,5092.0,80.0,36.0,0.2945797329143755
46.0,1.0,5.0,0.3,0.1,0.8,4.0,5110.0,86.0,32.0,0.29667318982387475
46.0,1.0,6.0,0.3,0.1,0.8,4.0,5009.0,107.0,29.0,0.29766420443202235
46.0,1.0,7.0,0.3,0.1,0.8,4.0,4880.0,117.0,40.0,0.30020491803278687
46.0,1.0,8.0,0.3,0.1,0.8,4.0,4752.0,129.0,52.0,0.29987373737373735
46.0,1.0,9.0,0.3,0.1,0.8,4.0,4607.0,157.0,68.0,0.30236596483611894
46.0,1.0,10.0,0.3,0.1,0.8,4.0,4482.0,162.0,66.0,0.3036590807675145
46.0,1.0,11.0,0.3,0.1,0.8,4.0,4318.0,184.0,68.0,0.3063918480778138
46.0,1.0,12.0,0.3,0.1,0.8,4.0,4107.0,189.0,73.0,0.30557584611638666
46.0,1.0,13.0,0.3,0.1,0.8,4.0,4034.0,211.0,92.0,0.30862667327714427
46.0,1.0,14.0,0.3,0.1,0.8,4.0,3903.0,235.0,109.0,0.3087368690750705
46.0,1.0,15.0,0.3,0.1,0.8,4.0,3727.0,229.0,112.0,0.31338878454521063
46.0,1.0,16.0,0.3,0.1,0.8,4.0,3552.0,208.0,97.0,0.31559684684684686
46.0,1.0,17.0,0.3,0.1,0.8,4.0,3444.0,204.0,102.0,0.3205574912891986
46.0,1.0,18.0,0.3,0.1,0.8,4.0,3384.0,196.0,103.0,0.32210401891252954
46.0,1.0,19.0,0.3,0.1,0.8,4.0,3334.0,198.0,102.0,0.3251349730053989
46.0,1.0,20.0,0.3,0.1,0.8,4.0,6082.0,187.0,87.0,0.1744491943439658
46.0,1.0,21.0,0.3,0.1,0.8,4.0,5694.0,200.0,80.0,0.1791359325605901
46.0,1.0,22.0,0.3,0.1,0.8,4.0,5346.0,243.0,77.0,0.18200523756079312
46.0,1.0,23.0,0.3,0.1,0.8,4.0,5159.0,265.0,97.0,0.18356270595076565
46.0,1.0,24.0,0.3,0.1,0.8,4.0,4853.0,300.0,104.0,0.18689470430661448
46.0,1.0,25.0,0.3,0.1,0.8,4.0,4643.0,325.0,136.0,0.19039414171871635
46.0,1.0,26.0,0.3,0.1,0.8,4.0,4443.0,341.0,149.0,0.19221246905244205
46.0,1.0,27.0,0.3,0.1,0.8,4.0,4172.0,352.0,165.0,0.19870565675934804
46.0,1.0,28.0,0.3,0.1,0.8,4.0,3948.0,363.0,163.0,0.20440729483282674
46.0,1.0,29.0,0.3,0.1,0.8,4.0,3800.0,376.0,154.0,0.2081578947368421
46.0,1.0,30.0,0.3,0.1,0.8,4.0,3632.0,391.0,165.0,0.21255506607929514
46.0,1.0,31.0,0.3,0.1,0.8,4.0,3450.0,383.0,148.0,0.21855072463768116
46.0,1.0,32.0,0.3,0.1,0.8,4.0,3313.0,391.0,174.0,0.22215514639299727
46.0,1.0,33.0,0.3,0.1,0.8,4.0,3136.0,391.0,168.0,0.22767857142857142
46.0,1.0,34.0,0.3,0.1,0.8,4.0,2948.0,401.0,175.0,0.23405698778833106
46.0,1.0,35.0,0.3,0.1,0.8,4.0,2752.0,374.0,154.0,0.24309593023255813
46.0,1.0,36.0,0.3,0.1,0.8,4.0,2667.0,366.0,163.0,0.24746906636670415
46.0,1.0,37.0,0.3,0.1,0.8,4.0,2542.0,346.0,167.0,0.25452399685287175
46.0,1.0,38.0,0.3,0.1,0.8,4.0,2436.0,350.0,174.0,0.2627257799671593
46.0,1.0,39.0,0.3,0.1,0.8,4.0,2330.0,338.0,166.0,0.26952789699570817
46.0,1.0,40.0,0.3,0.1,0.8,4.0,2226.0,323.0,158.0,0.2803234501347709
46.0,1.0,41.0,0.3,0.1,0.8,4.0,2145.0,330.0,146.0,0.2885780885780886
46.0,1.0,42.0,0.3,0.1,0.8,4.0,2035.0,312.0,152.0,0.30122850122850126
46.0,1.0,43.0,0.3,0.1,0.8,4.0,1952.0,304.0,148.0,0.3119877049180328
46.0,1.0,44.0,0.3,0.1,0.8,4.0,1865.0,284.0,155.0,0.3184986595174263
46.0,1.0,45.0,0.3,0.1,0.8,4.0,1778.0,255.0,137.0,0.48031496062992124
46.0,1.0,46.0,0.3,0.1,0.8,4.0,1691.0,222.0,126.0,0.49024246008279126
46.0,1.0,47.0,0.3,0.1,0.8,4.0,1622.0,183.0,94.0,0.501233045622688
46.0,1.0,48.0,0.3,0.1,0.8,4.0,1548.0,169.0,91.0,0.5103359173126615
46.0,1.0,49.0,0.3,0.1,0.8,4.0,1502.0,144.0,85.0,0.5186418109187749
46.0,1.0,50.0,0.3,0.1,0.8,4.0,1449.0,139.0,88.0,0.52311939268461
46.0,1.0,51.0,0.3,0.1,0.8,4.0,1413.0,117.0,67.0,0.5300778485491862
46.0,1.0,52.0,0.3,0.1,0.8,4.0,1368.0,94.0,54.0,0.5416666666666666
46.0,2.0,1.0,0.3,0.1,0.8,4.0,1343.0,83.0,49.0,0.5487714072970961
46.0,2.0,2.0,0.3,0.1,0.8,4.0,1313.0,75.0,45.0,0.5536938309215537
46.0,2.0,3.0,0.3,0.1,0.8,4.0,1295.0,66.0,41.0,0.5583011583011583
46.0,2.0,4.0,0.3,0.1,0.8,4.0,1252.0,53.0,29.0,0.5615015974440895
46.0,2.0,5.0,0.3,0.1,0.8,4.0,1240.0,52.0,26.0,0.567741935483871
46.0,2.0,6.0,0.3,0.1,0.8,4.0,1213.0,44.0,18.0,0.5696619950535862
46.0,2.0,7.0,0.3,0.1,0.8,4.0,1191.0,41.0,20.0,0.5692695214105793
46.0,2.0,8.0,0.3,0.1,0.8,4.0,1166.0,36.0,23.0,0.5711835334476844
46.0,2.0,9.0,0.3,0.1,0.8,4.0,1156.0,34.0,25.0,0.5743944636678201
46.0,2.0,10.0,0.3,0.1,0.8,4.0,1119.0,29.0,19.0,0.5737265415549598
46.0,2.0,11.0,0.3,0.1,0.8,4.0,1102.0,21.0,12.0,0.5816696914700544
46.0,2.0,12.0,0.3,0.1,0.8,4.0,1079.0,16.0,8.0,0.5810936051899908
46.0,2.0,13.0,0.3,0.1,0.8,4.0,1073.0,14.0,7.0,0.5834109972041006
46.0,2.0,14.0,0.3,0.1,0.8,4.0,1053.0,11.0,6.0,0.5821462488129154
46.0,2.0,15.0,0.3,0.1,0.8,4.0,1024.0,10.0,8.0,0.5849609375
46.0,2.0,16.0,0.3,0.1,0.8,4.0,1008.0,8.0,6.0,0.5813492063492064
46.0,2.0,17.0,0.3,0.1,0.8,4.0,1003.0,7.0,5.0,0.5832502492522432
46.0,2.0,18.0,0.3,0.1,0.8,4.0,986.0,4.0,1.0,0.5821501014198783
46.0,2.0,19.0,0.3,0.1,0.8,4.0,978.0,4.0,1.0,0.5848670756646217
46.0,2.0,20.0,0.3,0.1,0.8,4.0,1796.0,3.0,1.0,0.3145879732739421
46.0,2.0,21.0,0.3,0.1,0.8,4.0,1753.0,3.0,1.0,0.3177410154021677
46.0,2.0,22.0,0.3,0.1,0.8,4.0,1707.0,3.0,1.0,0.31927357937902756
46.0,2.0,23.0,0.3,0.1,0.8,4.0,1705.0,2.0,2.0,0.31788856304985336
46.0,2.0,24.0,0.3,0.1,0.8,4.0,1635.0,2.0,2.0,0.3229357798165138
46.0,2.0,25.0,0.3,0.1,0.8,4.0,1602.0,5.0,2.0,0.32397003745318353
46.0,2.0,26.0,0.3,0.1,0.8,4.0,1557.0,4.0,1.0,0.3301220295439949
46.0,2.0,27.0,0.3,0.1,0.8,4.0,1544.0,5.0,1.0,0.327720207253886
46.0,2.0,28.0,0.3,0.1,0.8,4.0,1472.0,6.0,3.0,0.33695652173913043
46.0,2.0,29.0,0.3,0.1,0.8,4.0,1459.0,5.0,5.0,0.33584647018505825
46.0,2.0,30.0,0.3,0.1,0.8,4.0,1423.0,10.0,5.0,0.33661278988053406
46.0,2.0,31.0,0.3,0.1,0.8,4.0,1382.0,10.0,3.0,0.3350217076700434
46.0,2.0,32.0,0.3,0.1,0.8,4.0,1370.0,9.0,1.0,0.3364963503649635
46.0,2.0,33.0,0.3,0.1,0.8,4.0,1353.0,10.0,2.0,0.3370288248337029
46.0,2.0,34.0,0.3,0.1,0.8,4.0,1322.0,11.0,5.0,0.3388804841149773
46.0,2.0,35.0,0.3,0.1,0.8,4.0,1279.0,12.0,6.0,0.344800625488663
46.0,2.0,36.0,0.3,0.1,0.8,4.0,1259.0,17.0,5.0,0.34789515488482925
46.0,2.0,37.0,0.3,0.1,0.8,4.0,1247.0,16.0,5.0,0.34723336006415395
46.0,2.0,38.0,0.3,0.1,0.8,4.0,1210.0,15.0,8.0,0.35206611570247937
46.0,2.0,39.0,0.3,0.1,0.8,4.0,1185.0,19.0,11.0,0.34767932489451475
46.0,2.0,40.0,0.3,0.1,0.8,4.0,1165.0,19.0,9.0,0.3502145922746781
46.0,2.0,41.0,0.3,0.1,0.8,4.0,1153.0,18.0,7.0,0.3512575888985256
46.0,2.0,42.0,0.3,0.1,0.8,4.0,1126.0,21.0,9.0,0.35257548845470693
46.0,2.0,43.0,0.3,0.1,0.8,4.0,1105.0,28.0,12.0,0.3565610859728507
46.0,2.0,44.0,0.3,0.1,0.8,4.0,1099.0,30.0,11.0,0.35668789808917195
46.0,2.0,45.0,0.3,0.1,0.8,4.0,1086.0,31.0,14.0,0.4871086556169429
46.0,2.0,46.0,0.3,0.1,0.8,4.0,1066.0,31.0,18.0,0.48874296435272047
46.0,2.0,47.0,0.3,0.1,0.8,4.0,1042.0,30.0,17.0,0.4846449136276392
46.0,2.0,48.0,0.3,0.1,0.8,4.0,1019.0,31.0,13.0,0.48773307163886165
46.0,2.0,49.0,0.3,0.1,0.8,4.0,998.0,28.0,12.0,0.48997995991983967
46.0,2.0,50.0,0.3,0.1,0.8,4.0,986.0,31.0,13.0,0.49290060851926976
46.0,2.0,51.0,0.3,0.1,0.8,4.0,985.0,32.0,16.0,0.4903553299492386
46.0,2.0,52.0,0.3,0.1,0.8,4.0,965.0,36.0,19.0,0.49326424870466323
46.0,3.0,1.0,0.3,0.1,0.8,4.0,967.0,41.0,19.0,0.49120992761116855
46.0,3.0,2.0,0.3,0.1,0.8,4.0,941.0,40.0,19.0,0.4909670563230606
46.0,3.0,3.0,0.3,0.1,0.8,4.0,934.0,33.0,21.0,0.493576017130621
46.0,3.0,4.0,0.3,0.1,0.8,4.0,911.0,34.0,17.0,0.49396267837541163
46.0,3.0,5.0,0.3,0.1,0.8,4.0,902.0,35.0,17.0,0.49445676274944567
46.0,3.0,6.0,0.3,0.1,0.8,4.0,876.0,30.0,13.0,0.502283105022831
46.0,3.0,7.0,0.3,0.1,0.8,4.0,847.0,33.0,16.0,0.5029515938606848
46.0,3.0,8.0,0.3,0.1,0.8,4.0,822.0,30.0,16.0,0.5048661800486618
46.0,3.0,9.0,0.3,0.1,0.8,4.0,818.0,27.0,15.0,0.5036674816625917
46.0,3.0,10.0,0.3,0.1,0.8,4.0,805.0,31.0,17.0,0.5080745341614907
46.0,3.0,11.0,0.3,0.1,0.8,4.0,785.0,29.0,15.0,0.5095541401273885
46.0,3.0,12.0,0.3,0.1,0.8,4.0,769.0,29.0,15.0,0.5162548764629389
46.0,3.0,13.0,0.3,0.1,0.8,4.0,764.0,28.0,13.0,0.5170157068062827
46.0,3.0,14.0,0.3,0.1,0.8,4.0,747.0,27.0,17.0,0.5261044176706827
46.0,3.0,15.0,0.3,0.1,0.8,4.0,727.0,25.0,13.0,0.5254470426409904
46.0,3.0,16.0,0.3,0.1,0.8,4.0,716.0,31.0,16.0,0.5321229050279329
46.0,3.0,17.0,0.3,0.1,0.8,4.0,705.0,31.0,10.0,0.5347517730496454
46.0,3.0,18.0,0.3,0.1,0.8,4.0,699.0,30.0,15.0,0.5407725321888412
46.0,3.0,19.0,0.3,0.1,0.8,4.0,695.0,26.0,18.0,0.5424460431654676
46.0,3.0,20.0,0.3,0.1,0.8,4.0,1226.0,25.0,17.0,0.300978792822186
46.0,3.0,21.0,0.3,0.1,0.8,4.0,1200.0,28.0,12.0,0.3
46.0,3.0,22.0,0.3,0.1,0.8,4.0,1139.0,32.0,8.0,0.3090430201931519
46.0,3.0,23.0,0.3,0.1,0.8,4.0,1100.0,38.0,10.0,0.3109090909090909
46.0,3.0,24.0,0.3,0.1,0.8,4.0,1073.0,41.0,12.0,0.31873252562907733
46.0,3.0,25.0,0.3,0.1,0.8,4.0,1062.0,40.0,21.0,0.3182674199623352
46.0,3.0,26.0,0.3,0.1,0.8,4.0,1039.0,35.0,20.0,0.3253128007699711
46.0,3.0,27.0,0.3,0.1,0.8,4.0,1017.0,39.0,19.0,0.3254670599803343
46.0,3.0,28.0,0.3,0.1,0.8,4.0,979.0,31.0,14.0,0.3391215526046987
46.0,3.0,29.0,0.3,0.1,0.8,4.0,959.0,29.0,15.0,0.33889468196037537
46.0,3.0,30.0,0.3,0.1,0.8,4.0,949.0,28.0,19.0,0.34141201264488935
46.0,3.0,31.0,0.3,0.1,0.8,4.0,937.0,28.0,17.0,0.33938100320170755
46.0,3.0,32.0,0.3,0.1,0.8,4.0,918.0,34.0,14.0,0.3431372549019608
46.0,3.0,33.0,0.3,0.1,0.8,4.0,887.0,30.0,10.0,0.3438556933483653
46.0,3.0,34.0,0.3,0.1,0.8,4.0,855.0,32.0,14.0,0.352046783625731
46.0,3.0,35.0,0.3,0.1,0.8,4.0,852.0,34.0,13.0,0.3485915492957746
46.0,3.0,36.0,0.3,0.1,0.8,4.0,838.0,43.0,17.0,0.35083532219570407
46.0,3.0,37.0,0.3,0.1,0.8,4.0,822.0,33.0,15.0,0.35523114355231145
46.0,3.0,38.0,0.3,0.1,0.8,4.0,813.0,38.0,22.0,0.36039360393603936
46.0,3.0,39.0,0.3,0.1,0.8,4.0,794.0,35.0,20.0,0.3614609571788413
46.0,3.0,40.0,0.3,0.1,0.8,4.0,766.0,22.0,15.0,0.370757180156658
46.0,3.0,41.0,0.3,0.1,0.8,4.0,758.0,20.0,11.0,0.3654353562005277
46.0,3.0,42.0,0.3,0.1,0.8,4.0,727.0,16.0,8.0,0.3810178817056396
46.0,3.0,43.0,0.3,0.1,0.8,4.0,728.0,12.0,6.0,0.37225274725274726
46.0,3.0,44.0,0.3,0.1,0.8,4.0,712.0,10.0,6.0,0.37640449438202245
46.0,3.0,45.0,0.3,0.1,0.8,4.0,713.0,9.0,7.0,0.5161290322580645
46.0,3.0,46.0,0.3,0.1,0.8,4.0,694.0,9.0,5.0,0.5187319884726225
46.0,3.0,47.0,0.3,0.1,0.8,4.0,704.0,8.0,4.0,0.515625
46.0,3.0,48.0,0.3,0.1,0.8,4.0,685.0,5.0,1.0,0.5211678832116788
46.0,3.0,49.0,0.3,0.1,0.8,4.0,689.0,5.0,2.0,0.5181422351233672
46.0,3.0,50.0,0.3,0.1,0.8,4.0,667.0,4.0,2.0,0.5262368815592204
46.0,3.0,51.0,0.3,0.1,0.8,4.0,668.0,4.0,3.0,0.5209580838323353
46.0,3.0,52.0,0.3,0.1,0.8,4.0,660.0,4.0,3.0,0.5272727272727272
46.0,4.0,1.0,0.3,0.1,0.8,4.0,658.0,2.0,2.0,0.5227963525835866
46.0,4.0,2.0,0.3,0.1,0.8,4.0,646.0,3.0,1.0,0.5247678018575851
46.0,4.0,3.0,0.3,0.1,0.8,4.0,644.0,1.0,0.0,0.5217391304347826
46.0,4.0,4.0,0.3,0.1,0.8,4.0,632.0,4.0,2.0,0.5268987341772152
46.0,4.0,5.0,0.3,0.1,0.8,4.0,634.0,3.0,2.0,0.5220820189274448
46.0,4.0,6.0,0.3,0.1,0.8,4.0,625.0,5.0,2.0,0.5248
46.0,4.0,7.0,0.3,0.1,0.8,4.0,630.0,3.0,2.0,0.5238095238095238
46.0,4.0,8.0,0.3,0.1,0.8,4.0,608.0,3.0,2.0,0.524671052631579
46.0,4.0,9.0,0.3,0.1,0.8,4.0,610.0,3.0,1.0,0.519672131147541
46.0,4.0,10.0,0.3,0.1,0.8,4.0,598.0,4.0,0.0,0.5250836120401338
46.0,4.0,11.0,0.3,0.1,0.8,4.0,601.0,4.0,2.0,0.5224625623960066
46.0,4.0,12.0,0.3,0.1,0.8,4.0,594.0,5.0,2.0,0.5185185185185185
46.0,4.0,13.0,0.3,0.1,0.8,4.0,583.0,5.0,3.0,0.5145797598627787
46.0,4.0,14.0,0.3,0.1,0.8,4.0,564.0,2.0,1.0,0.5159574468085106
46.0,4.0,15.0,0.3,0.1,0.8,4.0,561.0,2.0,2.0,0.5169340463458111
46.0,4.0,16.0,0.3,0.1,0.8,4.0,551.0,1.0,1.0,0.5172413793103449
46.0,4.0,17.0,0.3,0.1,0.8,4.0,553.0,1.0,1.0,0.5207956600361664
46.0,4.0,18.0,0.3,0.1,0.8,4.0,547.0,0.0,0.0,0.5191956124314442
46.0,4.0,19.0,0.3,0.1,0.8,4.0,547.0,0.0,0.0,0.5228519195612431
46.0,4.0,20.0,0.3,0.1,0.8,4.0,1092.0,0.0,0.0,0.2564102564102564
46.0,4.0,21.0,0.3,0.1,0.8,4.0,1070.0,0.0,0.0,0.2570093457943925
46.0,4.0,22.0,0.3,0.1,0.8,4.0,1014.0,0.0,0.0,0.2504930966469428
46.0,4.0,23.0,0.3,0.1,0.8,4.0,988.0,0.0,0.0,0.25303643724696356
46.0,4.0,24.0,0.3,0.1,0.8,4.0,944.0,0.0,0.0,0.25
46.0,4.0,25.0,0.3,0.1,0.8,4.0,907.0,0.0,0.0,0.25909592061742004
46.0,4.0,26.0,0.3,0.1,0.8,4.0,881.0,0.0,0.0,0.2565266742338252
46.0,4.0,27.0,0.3,0.1,0.8,4.0,894.0,0.0,0.0,0.2606263982102908
46.0,4.0,28.0,0.3,0.1,0.8,4.0,831.0,0.0,0.0,0.26594464500601683
46.0,4.0,29.0,0.3,0.1,0.8,4.0,834.0,0.0,0.0,0.26618705035971224
46.0,4.0,30.0,0.3,0.1,0.8,4.0,799.0,0.0,0.0,0.2640801001251564
46.0,4.0,31.0,0.3,0.1,0.8,4.0,817.0,0.0,0.0,0.26438188494492043
46.0,4.0,32.0,0.3,0.1,0.8,4.0,800.0,0.0,0.0,0.26125
46.0,4.0,33.0,0.3,0.1,0.8,4.0,810.0,0.0,0.0,0.2641975308641975
46.0,4.0,34.0,0.3,0.1,0.8,4.0,794.0,0.0,0.0,0.26448362720403024
46.0,4.0,35.0,0.3,0.1,0.8,4.0,777.0,0.0,0.0,0.2702702702702703
46.0,4.0,36.0,0.3,0.1,0.8,4.0,762.0,0.0,0.0,0.2664041994750656
46.0,4.0,37.0,0.3,0.1,0.8,4.0,743.0,0.0,0.0,0.2759084791386272
46.0,4.0,38.0,0.3,0.1,0.8,4.0,727.0,0.0,0.0,0.2723521320495186
46.0,4.0,39.0,0.3,0.1,0.8,4.0,737.0,0.0,0.0,0.2727272727272727
46.0,4.0,40.0,0.3,0.1,0.8,4.0,721.0,0.0,0.0,0.26768377253814146
46.0,4.0,41.0,0.3,0.1,0.8,4.0,726.0,0.0,0.0,0.26859504132231404
46.0,4.0,42.0,0.3,0.1,0.8,4.0,703.0,0.0,0.0,0.267425320056899
46.0,4.0,43.0,0.3,0.1,0.8,4.0,696.0,0.0,0.0,0.27155172413793105
46.0,4.0,44.0,0.3,0.1,0.8,4.0,681.0,0.0,0.0,0.2745961820851689
46.0,4.0,45.0,0.3,0.1,0.8,4.0,675.0,0.0,0.0,0.4237037037037037
46.0,4.0,46.0,0.3,0.1,0.8,4.0,652.0,0.0,0.0,0.4294478527607362
46.0,4.0,47.0,0.3,0.1,0.8,4.0,646.0,0.0,0.0,0.43188854489164086
46.0,4.0,48.0,0.3,0.1,0.8,4.0,626.0,0.0,0.0,0.42971246006389774
46.0,4.0,49.0,0.3,0.1,0.8,4.0,638.0,0.0,0.0,0.4278996865203762
46.0,4.0,50.0,0.3,0.1,0.8,4.0,615.0,0.0,0.0,0.42601626016260163
46.0,4.0,51.0,0.3,0.1,0.8,4.0,622.0,0.0,0.0,0.42604501607717044
46.0,4.0,52.0,0.3,0.1,0.8,4.0,596.0,0.0,0.0,0.42449664429530204
46.0,5.0,1.0,0.3,0.1,0.8,4.0,598.0,0.0,0.0,0.4280936454849498
46.0,5.0,2.0,0.3,0.1,0.8,4.0,581.0,0.0,0.0,0.42512908777969016
46.0,5.0,3.0,0.3,0.1,0.8,4.0,593.0,0.0,0.0,0.42833052276559863
46.0,5.0,4.0,0.3,0.1,0.8,4.0,575.0,0.0,0.0,0.4295652173913043
46.0,5.0,5.0,0.3,0.1,0.8,4.0,588.0,0.0,0.0,0.42857142857142855
46.0,5.0,6.0,0.3,0.1,0.8,4.0,571.0,0.0,0.0,0.4290718038528897
46.0,5.0,7.0,0.3,0.1,0.8,4.0,580.0,0.0,0.0,0.42931034482758623
46.0,5.0,8.0,0.3,0.1,0.8,4.0,560.0,0.0,0.0,0.4303571428571429
46.0,5.0,9.0,0.3,0.1,0.8,4.0,555.0,0.0,0.0,0.43423423423423424
46.0,5.0,10.0,0.3,0.1,0.8,4.0,543.0,0.0,0.0,0.430939226519337
46.0,5.0,11.0,0.3,0.1,0.8,4.0,544.0,0.0,0.0,0.4375
46.0,5.0,12.0,0.3,0.1,0.8,4.0,517.0,0.0,0.0,0.437137330754352
46.0,5.0,13.0,0.3,0.1,0.8,4.0,523.0,0.0,0.0,0.4378585086042065
46.0,5.0,14.0,0.3,0.1,0.8,4.0,512.0,0.0,0.0,0.4375
46.0,5.0,15.0,0.3,0.1,0.8,4.0,516.0,0.0,0.0,0.4418604651162791
46.0,5.0,16.0,0.3,0.1,0.8,4.0,509.0,0.0,0.0,0.4361493123772102
46.0,5.0,17.0,0.3,0.1,0.8,4.0,516.0,0.0,0.0,0.43992248062015504
46.0,5.0,18.0,0.3,0.1,0.8,4.0,505.0,0.0,0.0,0.43564356435643564
46.0,5.0,19.0,0.3,0.1,0.8,4.0,513.0,0.0,0.0,0.43664717348927873
46.0,5.0,20.0,0.3,0.1,0.8,4.0,941.0,0.0,0.0,0.23379383634431455
46.0,5.0,21.0,0.3,0.1,0.8,4.0,913.0,0.0,0.0,0.23767798466593648
46.0,5.0,22.0,0.3,0.1,0.8,4.0,881.0,0.0,0.0,0.2383654937570942
46.0,5.0,23.0,0.3,0.1,0.8,4.0,849.0,0.0,0.0,0.24617196702002356
46.0,5.0,24.0,0.3,0.1,0.8,4.0,817.0,0.0,0.0,0.24357405140758873
46.0,5.0,25.0,0.3,0.1,0.8,4.0,802.0,0.0,0.0,0.24937655860349128
46.0,5.0,26.0,0.3,0.1,0.8,4.0,793.0,0.0,0.0,0.2408575031525851
46.0,5.0,27.0,0.3,0.1,0.8,4.0,771.0,0.0,0.0,0.24773022049286642
46.0,5.0,28.0,0.3,0.1,0.8,4.0,749.0,0.0,0.0,0.24432576769025366
46.0,5.0,29.0,0.3,0.1,0.8,4.0,739.0,0.0,0.0,0.2503382949932341
46.0,5.0,30.0,0.3,0.1,0.8,4.0,745.0,0.0,0.0,0.24563758389261744
46.0,5.0,31.0,0.3,0.1,0.8,4.0,701.0,0.0,0.0,0.25392296718972895
46.0,5.0,32.0,0.3,0.1,0.8,4.0,703.0,0.0,0.0,0.2503556187766714
46.0,5.0,33.0,0.3,0.1,0.8,4.0,687.0,0.0,0.0,0.2547307132459971
46.0,5.0,34.0,0.3,0.1,0.8,4.0,658.0,0.0,0.0,0.25227963525835867
46.0,5.0,35.0,0.3,0.1,0.8,4.0,640.0,0.0,0.0,0.259375
46.0,5.0,36.0,0.3,0.1,0.8,4.0,646.0,0.0,0.0,0.25386996904024767
46.0,5.0,37.0,0.3,0.1,0.8,4.0,635.0,0.0,0.0,0.25984251968503935
46.0,5.0,38.0,0.3,0.1,0.8,4.0,638.0,0.0,0.0,0.25235109717868337
46.0,5.0,39.0,0.3,0.1,0.8,4.0,621.0,0.0,0.0,0.25925925925925924
46.0,5.0,40.0,0.3,0.1,0.8,4.0,608.0,0.0,0.0,0.2532894736842105
46.0,5.0,41.0,0.3,0.1,0.8,4.0,605.0,0.0,0.0,0.25950413223140495
46.0,5.0,42.0,0.3,0.1,0.8,4.0,589.0,0.0,0.0,0.2546689303904924
46.0,5.0,43.0,0.3,0.1,0.8,4.0,588.0,0.0,0.0,0.2585034013605442
46.0,5.0,44.0,0.3,0.1,0.8,4.0,591.0,0.0,0.0,0.25042301184433163
46.0,5.0,45.0,0.3,0.1,0.8,4.0,584.0,0.0,0.0,0.4058219178082192
46.0,5.0,46.0,0.3,0.1,0.8,4.0,576.0,0.0,0.0,0.4010416666666667
46.0,5.0,47.0,0.3,0.1,0.8,4.0,549.0,0.0,0.0,0.4098360655737705
46.0,5.0,48.0,0.3,0.1,0.8,4.0,545.0,0.0,0.0,0.4073394495412844
46.0,5.0,49.0,0.3,0.1,0.8,4.0,541.0,0.0,0.0,0.41035120147874304
46.0,5.0,50.0,0.3,0.1,0.8,4.0,543.0,0.0,0.0,0.40515653775322286
46.0,5.0,51.0,0.3,0.1,0.8,4.0,517.0,0.0,0.0,0.40618955512572535
46.0,5.0,52.0,0.3,0.1,0.8,4.0,517.0,0.0,0.0,0.402321083172147
46.0,6.0,1.0,0.3,0.1,0.8,4.0,513.0,0.0,0.0,0.40545808966861596
46.0,6.0,2.0,0.3,0.1,0.8,4.0,510.0,0.0,0.0,0.4
46.0,6.0,3.0,0.3,0.1,0.8,4.0,507.0,0.0,0.0,0.40039447731755423
46.0,6.0,4.0,0.3,0.1,0.8,4.0,504.0,0.0,0.0,0.39880952380952384
46.0,6.0,5.0,0.3,0.1,0.8,4.0,501.0,0.0,0.0,0.3992015968063872
46.0,6.0,6.0,0.3,0.1,0.8,4.0,502.0,0.0,0.0,0.39641434262948205
46.0,6.0,7.0,0.3,0.1,0.8,4.0,499.0,0.0,0.0,0.3967935871743487
46.0,6.0,8.0,0.3,0.1,0.8,4.0,496.0,0.0,0.0,0.3911290322580645
46.0,6.0,9.0,0.3,0.1,0.8,4.0,496.0,0.0,0.0,0.3911290322580645
46.0,6.0,10.0,0.3,0.1,0.8,4.0,494.0,0.0,0.0,0.39068825910931176
46.0,6.0,11.0,0.3,0.1,0.8,4.0,493.0,0.0,0.0,0.39148073022312374
46.0,6.0,12.0,0.3,0.1,0.8,4.0,492.0,0.0,0.0,0.3902439024390244
46.0,6.0,13.0,0.3,0.1,0.8,4.0,491.0,0.0,0.0,0.3890020366598778
46.0,6.0,14.0,0.3,0.1,0.8,4.0,478.0,0.0,0.0,0.3912133891213389
46.0,6.0,15.0,0.3,0.1,0.8,4.0,474.0,0.0,0.0,0.3860759493670886
46.0,6.0,16.0,0.3,0.1,0.8,4.0,475.0,0.0,0.0,0.38526315789473686
46.0,6.0,17.0,0.3,0.1,0.8,4.0,473.0,0.0,0.0,0.38477801268498946
46.0,6.0,18.0,0.3,0.1,0.8,4.0,475.0,0.0,0.0,0.38526315789473686
46.0,6.0,19.0,0.3,0.1,0.8,4.0,470.0,0.0,0.0,0.3851063829787234
46.0,6.0,20.0,0.3,0.1,0.8,4.0,884.0,0.0,0.0,0.20701357466063347
46.0,6.0,21.0,0.3,0.1,0.8,4.0,860.0,0.0,0.0,0.20813953488372092
46.0,6.0,22.0,0.3,0.1,0.8,4.0,869.0,0.0,0.0,0.2094361334867664
46.0,6.0,23.0,0.3,0.1,0.8,4.0,858.0,0.0,0.0,0.20745920745920746
46.0,6.0,24.0,0.3,0.1,0.8,4.0,821.0,0.0,0.0,0.21315468940316687
46.0,6.0,25.0,0.3,0.1,0.8,4.0,793.0,0.0,0.0,0.21059268600252207
46.0,6.0,26.0,0.3,0.1,0.8,4.0,780.0,0.0,0.0,0.2141025641025641
46.0,6.0,27.0,0.3,0.1,0.8,4.0,768.0,0.0,0.0,0.21354166666666666
46.0,6.0,28.0,0.3,0.1,0.8,4.0,739.0,0.0,0.0,0.21515561569688768
46.0,6.0,29.0,0.3,0.1,0.8,4.0,731.0,0.0,0.0,0.21203830369357046
46.0,6.0,30.0,0.3,0.1,0.8,4.0,703.0,0.0,0.0,0.21052631578947367
46.0,6.0,31.0,0.3,0.1,0.8,4.0,710.0,0.0,0.0,0.20985915492957746
46.0,6.0,32.0,0.3,0.1,0.8,4.0,690.0,0.0,0.0,0.21304347826086956
46.0,6.0,33.0,0.3,0.1,0.8,4.0,697.0,0.0,0.0,0.2109038737446198
46.0,6.0,34.0,0.3,0.1,0.8,4.0,689.0,0.0,0.0,0.21335268505079827
46.0,6.0,35.0,0.3,0.1,0.8,4.0,673.0,0.0,0.0,0.20802377414561665
46.0,6.0,36.0,0.3,0.1,0.8,4.0,651.0,0.0,0.0,0.2119815668202765
46.0,6.0,37.0,0.3,0.1,0.8,4.0,653.0,0.0,0.0,0.20980091883614088
46.0,6.0,38.0,0.3,0.1,0.8,4.0,629.0,0.0,0.0,0.21144674085850557
46.0,6.0,39.0,0.3,0.1,0.8,4.0,615.0,0.0,0.0,0.2048780487804878
46.0,6.0,40.0,0.3,0.1,0.8,4.0,602.0,0.0,0.0,0.20764119601328904
46.0,6.0,41.0,0.3,0.1,0.8,4.0,606.0,0.0,0.0,0.2079207920792079
46.0,6.0,42.0,0.3,0.1,0.8,4.0,571.0,0.0,0.0,0.2031523642732049
46.0,6.0,43.0,0.3,0.1,0.8,4.0,557.0,0.0,0.0,0.20466786355475763
46.0,6.0,44.0,0.3,0.1,0.8,4.0,535.0,0.0,0.0,0.205607476635514
46.0,6.0,45.0,0.3,0.1,0.8,4.0,545.0,0.0,0.0,0.3871559633027523
46.0,6.0,46.0,0.3,0.1,0.8,4.0,534.0,0.0,0.0,0.3913857677902622
46.0,6.0,47.0,0.3,0.1,0.8,4.0,543.0,0.0,0.0,0.3867403314917127
46.0,6.0,48.0,0.3,0.1,0.8,4.0,532.0,0.0,0.0,0.3890977443609023
46.0,6.0,49.0,0.3,0.1,0.8,4.0,541.0,0.0,0.0,0.38632162661737524
46.0,6.0,50.0,0.3,0.1,0.8,4.0,528.0,0.0,0.0,0.39015151515151514
46.0,6.0,51.0,0.3,0.1,0.8,4.0,540.0,0.0,0.0,0.3851851851851852
46.0,6.0,52.0,0.3,0.1,0.8,4.0,512.0,0.0,0.0,0.38671875
46.0,7.0,1.0,0.3,0.1,0.8,4.0,522.0,0.0,0.0,0.3831417624521073
46.0,7.0,2.0,0.3,0.1,0.8,4.0,493.0,0.0,0.0,0.38742393509127787
46.0,7.0,3.0,0.3,0.1,0.8,4.0,495.0,0.0,0.0,0.37777777777777777
46.0,7.0,4.0,0.3,0.1,0.8,4.0,479.0,0.0,0.0,0.38204592901878914
46.0,7.0,5.0,0.3,0.1,0.8,4.0,493.0,0.0,0.0,0.3772819472616633
46.0,7.0,6.0,0.3,0.1,0.8,4.0,478.0,0.0,0.0,0.3807531380753138
46.0,7.0,7.0,0.3,0.1,0.8,4.0,493.0,0.0,0.0,0.3772819472616633
46.0,7.0,8.0,0.3,0.1,0.8,4.0,474.0,0.0,0.0,0.38396624472573837
46.0,7.0,9.0,0.3,0.1,0.8,4.0,485.0,0.0,0.0,0.38144329896907214
46.0,7.0,10.0,0.3,0.1,0.8,4.0,473.0,0.0,0.0,0.38266384778012685
46.0,7.0,11.0,0.3,0.1,0.8,4.0,481.0,0.0,0.0,0.38253638253638256
46.0,7.0,12.0,0.3,0.1,0.8,4.0,469.0,0.0,0.0,0.3837953091684435
46.0,7.0,13.0,0.3,0.1,0.8,4.0,478.0,0.0,0.0,0.38284518828451886
46.0,7.0,14.0,0.3,0.1,0.8,4.0,464.0,0.0,0.0,0.3857758620689655
46.0,7.0,15.0,0.3,0.1,0.8,4.0,474.0,0.0,0.0,0.38396624472573837
46.0,7.0,16.0,0.3,0.1,0.8,4.0,462.0,0.0,0.0,0.3852813852813853
46.0,7.0,17.0,0.3,0.1,0.8,4.0,473.0,0.0,0.0,0.38477801268498946
46.0,7.0,18.0,0.3,0.1,0.8,4.0,462.0,0.0,0.0,0.3852813852813853
46.0,7.0,19.0,0.3,0.1,0.8,4.0,473.0,0.0,0.0,0.38477801268498946
46.0,7.0,20.0,0.3,0.1,0.8,4.0,816.0,0.0,0.0,0.21691176470588236
46.0,7.0,21.0,0.3,0.1,0.8,4.0,834.0,0.0,0.0,0.2170263788968825
46.0,7.0,22.0,0.3,0.1,0.8,4.0,793.0,0.0,0.0,0.21563682219419925
46.0,7.0,23.0,0.3,0.1,0.8,4.0,772.0,0.0,0.0,0.22020725388601037
46.0,7.0,24.0,0.3,0.1,0.8,4.0,736.0,0.0,0.0,0.22418478260869565
46.0,7.0,25.0,0.3,0.1,0.8,4.0,752.0,0.0,0.0,0.2247340425531915
46.0,7.0,26.0,0.3,0.1,0.8,4.0,736.0,0.0,0.0,0.22418478260869565
46.0,7.0,27.0,0.3,0.1,0.8,4.0,708.0,0.0,0.0,0.2288135593220339
46.0,7.0,28.0,0.3,0.1,0.8,4.0,698.0,0.0,0.0,0.22779369627507162
46.0,7.0,29.0,0.3,0.1,0.8,4.0,706.0,0.0,0.0,0.22804532577903683
46.0,7.0,30.0,0.3,0.1,0.8,4.0,676.0,0.0,0.0,0.22633136094674555
46.0,7.0,31.0,0.3,0.1,0.8,4.0,660.0,0.0,0.0,0.2287878787878788
46.0,7.0,32.0,0.3,0.1,0.8,4.0,649.0,0.0,0.0,0.22650231124807396
46.0,7.0,33.0,0.3,0.1,0.8,4.0,649.0,0.0,0.0,0.2280431432973806
46.0,7.0,34.0,0.3,0.1,0.8,4.0,617.0,0.0,0.0,0.233387358184765
46.0,7.0,35.0,0.3,0.1,0.8,4.0,595.0,0.0,0.0,0.23361344537815126
46.0,7.0,36.0,0.3,0.1,0.8,4.0,564.0,0.0,0.0,0.23049645390070922
46.0,7.0,37.0,0.3,0.1,0.8,4.0,579.0,0.0,0.0,0.22797927461139897
46.0,7.0,38.0,0.3,0.1,0.8,4.0,531.0,0.0,0.0,0.2335216572504708
46.0,7.0,39.0,0.3,0.1,0.8,4.0,547.0,0.0,0.0,0.2340036563071298
46.0,7.0,40.0,0.3,0.1,0.8,4.0,532.0,0.0,0.0,0.23308270676691728
46.0,7.0,41.0,0.3,0.1,0.8,4.0,519.0,0.0,0.0,0.23892100192678228
46.0,7.0,42.0,0.3,0.1,0.8,4.0,504.0,0.0,0.0,0.23809523809523808
46.0,7.0,43.0,0.3,0.1,0.8,4.0,498.0,0.0,0.0,0.24096385542168675
46.0,7.0,44.0,0.3,0.1,0.8,4.0,483.0,0.0,0.0,0.2401656314699793
46.0,7.0,45.0,0.3,0.1,0.8,4.0,498.0,0.0,0.0,0.41967871485943775
46.0,7.0,46.0,0.3,0.1,0.8,4.0,482.0,0.0,0.0,0.4190871369294606
46.0,7.0,47.0,0.3,0.1,0.8,4.0,497.0,0.0,0.0,0.42052313883299797
46.0,7.0,48.0,0.3,0.1,0.8,4.0,483.0,0.0,0.0,0.41821946169772256
46.0,7.0,49.0,0.3,0.1,0.8,4.0,496.0,0.0,0.0,0.4213709677419355
46.0,7.0,50.0,0.3,0.1,0.8,4.0,470.0,0.0,0.0,0.42127659574468085
46.0,7.0,51.0,0.3,0.1,0.8,4.0,485.0,0.0,0.0,0.4247422680412371
46.0,7.0,52.0,0.3,0.1,0.8,4.0,472.0,0.0,0.0,0.4216101694915254
46.0,8.0,1.0,0.3,0.1,0.8,4.0,485.0,0.0,0.0,0.4247422680412371
46.0,8.0,2.0,0.3,0.1,0.8,4.0,472.0,0.0,0.0,0.4216101694915254
46.0,8.0,3.0,0.3,0.1,0.8,4.0,485.0,0.0,0.0,0.4247422680412371
46.0,8.0,4.0,0.3,0.1,0.8,4.0,472.0,0.0,0.0,0.4216101694915254
46.0,8.0,5.0,0.3,0.1,0.8,4.0,482.0,0.0,0.0,0.42323651452282157
46.0,8.0,6.0,0.3,0.1,0.8,4.0,472.0,0.0,0.0,0.4216101694915254
46.0,8.0,7.0,0.3,0.1,0.8,4.0,482.0,0.0,0.0,0.42323651452282157
46.0,8.0,8.0,0.3,0.1,0.8,4.0,469.0,0.0,0.0,0.42217484008528783
46.0,8.0,9.0,0.3,0.1,0.8,4.0,481.0,0.0,0.0,0.42411642411642414
46.0,8.0,10.0,0.3,0.1,0.8,4.0,467.0,0.0,0.0,0.4197002141327623
46.0,8.0,11.0,0.3,0.1,0.8,4.0,466.0,0.0,0.0,0.4270386266094421
46.0,8.0,12.0,0.3,0.1,0.8,4.0,462.0,0.0,0.0,0.42424242424242425
46.0,8.0,13.0,0.3,0.1,0.8,4.0,467.0,0.0,0.0,0.4282655246252677
46.0,8.0,14.0,0.3,0.1,0.8,4.0,458.0,0.0,0.0,0.4279475982532751
46.0,8.0,15.0,0.3,0.1,0.8,4.0,466.0,0.0,0.0,0.4291845493562232
46.0,8.0,16.0,0.3,0.1,0.8,4.0,457.0,0.0,0.0,0.42669584245076586
46.0,8.0,17.0,0.3,0.1,0.8,4.0,466.0,0.0,0.0,0.4291845493562232
46.0,8.0,18.0,0.3,0.1,0.8,4.0,457.0,0.0,0.0,0.42669584245076586
46.0,8.0,19.0,0.3,0.1,0.8,4.0,466.0,0.0,0.0,0.4291845493562232
46.0,8.0,20.0,0.3,0.1,0.8,4.0,833.0,0.0,0.0,0.234093637454982
46.0,8.0,21.0,0.3,0.1,0.8,4.0,829.0,0.0,0.0,0.2388419782870929
46.0,8.0,22.0,0.3,0.1,0.8,4.0,806.0,0.0,0.0,0.23821339950372208
46.0,8.0,23.0,0.3,0.1,0.8,4.0,767.0,0.0,0.0,0.24902216427640156
46.0,8.0,24.0,0.3,0.1,0.8,4.0,749.0,0.0,0.0,0.24566088117489987
46.0,8.0,25.0,0.3,0.1,0.8,4.0,748.0,0.0,0.0,0.25133689839572193
46.0,8.0,26.0,0.3,0.1,0.8,4.0,692.0,0.0,0.0,0.2514450867052023
46.0,8.0,27.0,0.3,0.1,0.8,4.0,706.0,0.0,0.0,0.2535410764872521
46.0,8.0,28.0,0.3,0.1,0.8,4.0,700.0,0.0,0.0,0.24857142857142858
46.0,8.0,29.0,0.3,0.1,0.8,4.0,714.0,0.0,0.0,0.2507002801120448
46.0,8.0,30.0,0.3,0.1,0.8,4.0,689.0,0.0,0.0,0.251088534107402
46.0,8.0,31.0,0.3,0.1,0.8,4.0,703.0,0.0,0.0,0.2532005689900427
46.0,8.0,32.0,0.3,0.1,0.8,4.0,689.0,0.0,0.0,0.251088534107402
46.0,8.0,33.0,0.3,0.1,0.8,4.0,685.0,0.0,0.0,0.25401459854014596
46.0,8.0,34.0,0.3,0.1,0.8,4.0,689.0,0.0,0.0,0.251088534107402
46.0,8.0,35.0,0.3,0.1,0.8,4.0,673.0,0.0,0.0,0.2555720653789004
46.0,8.0,36.0,0.3,0.1,0.8,4.0,677.0,0.0,0.0,0.25258493353028066
46.0,8.0,37.0,0.3,0.1,0.8,4.0,653.0,0.0,0.0,0.26033690658499237
46.0,8.0,38.0,0.3,0.1,0.8,4.0,661.0,0.0,0.0,0.25416036308623297
46.0,8.0,39.0,0.3,0.1,0.8,4.0,648.0,0.0,0.0,0.26080246913580246
46.0,8.0,40.0,0.3,0.1,0.8,4.0,639.0,0.0,0.0,0.25821596244131456
46.0,8.0,41.0,0.3,0.1,0.8,4.0,630.0,0.0,0.0,0.2634920634920635
46.0,8.0,42.0,0.3,0.1,0.8,4.0,635.0,0.0,0.0,0.25984251968503935
46.0,8.0,43.0,0.3,0.1,0.8,4.0,630.0,0.0,0.0,0.2634920634920635
46.0,8.0,44.0,0.3,0.1,0.8,4.0,639.0,0.0,0.0,0.25821596244131456
46.0,8.0,45.0,0.3,0.1,0.8,4.0,629.0,0.0,0.0,0.4260731319554849
46.0,8.0,46.0,0.3,0.1,0.8,4.0,635.0,0.0,0.0,0.4220472440944882
46.0,8.0,47.0,0.3,0.1,0.8,4.0,625.0,0.0,0.0,0.4272
46.0,8.0,48.0,0.3,0.1,0.8,4.0,635.0,0.0,0.0,0.4220472440944882
46.0,8.0,49.0,0.3,0.1,0.8,4.0,627.0,0.0,0.0,0.4258373205741627
46.0,8.0,50.0,0.3,0.1,0.8,4.0,624.0,0.0,0.0,0.4198717948717949
46.0,8.0,51.0,0.3,0.1,0.8,4.0,617.0,0.0,0.0,0.42301458670988656
46.0,8.0,52.0,0.3,0.1,0.8,4.0,623.0,0.0,0.0,0.420545746388443
46.0,9.0,1.0,0.3,0.1,0.8,4.0,613.0,0.0,0.0,0.4257748776508972
46.0,9.0,2.0,0.3,0.1,0.8,4.0,620.0,0.0,0.0,0.42258064516129035
46.0,9.0,3.0,0.3,0.1,0.8,4.0,615.0,0.0,0.0,0.424390243902439
46.0,9.0,4.0,0.3,0.1,0.8,4.0,618.0,0.0,0.0,0.42394822006472493
46.0,9.0,5.0,0.3,0.1,0.8,4.0,599.0,0.0,0.0,0.4323873121869783
46.0,9.0,6.0,0.3,0.1,0.8,4.0,599.0,0.0,0.0,0.4323873121869783
46.0,9.0,7.0,0.3,0.1,0.8,4.0,599.0,0.0,0.0,0.4323873121869783
46.0,9.0,8.0,0.3,0.1,0.8,4.0,599.0,0.0,0.0,0.4323873121869783
46.0,9.0,9.0,0.3,0.1,0.8,4.0,597.0,0.0,0.0,0.4338358458961474
46.0,9.0,10.0,0.3,0.1,0.8,4.0,598.0,0.0,0.0,0.4331103678929766
46.0,9.0,11.0,0.3,0.1,0.8,4.0,595.0,0.0,0.0,0.4336134453781513
46.0,9.0,12.0,0.3,0.1,0.8,4.0,596.0,0.0,0.0,0.43456375838926176
46.0,9.0,13.0,0.3,0.1,0.8,4.0,595.0,0.0,0.0,0.4336134453781513
46.0,9.0,14.0,0.3,0.1,0.8,4.0,594.0,0.0,0.0,0.43602693602693604
46.0,9.0,15.0,0.3,0.1,0.8,4.0,595.0,0.0,0.0,0.4336134453781513
46.0,9.0,16.0,0.3,0.1,0.8,4.0,593.0,0.0,0.0,0.43676222596964587
46.0,9.0,17.0,0.3,0.1,0.8,4.0,595.0,0.0,0.0,0.4336134453781513
46.0,9.0,18.0,0.3,0.1,0.8,4.0,596.0,0.0,0.0,0.43456375838926176
46.0,9.0,19.0,0.3,0.1,0.8,4.0,595.0,0.0,0.0,0.4336134453781513
46.0,9.0,20.0,0.3,0.1,0.8,4.0,1084.0,0.0,0.0,0.235239852398524
46.0,9.0,21.0,0.3,0.1,0.8,4.0,1062.0,0.0,0.0,0.23540489642184556
46.0,9.0,22.0,0.3,0.1,0.8,4.0,1055.0,0.0,0.0,0.23601895734597156
46.0,9.0,23.0,0.3,0.1,0.8,4.0,1042.0,0.0,0.0,0.2380038387715931
46.0,9.0,24.0,0.3,0.1,0.8,4.0,1002.0,0.0,0.0,0.2345309381237525
46.0,9.0,25.0,0.3,0.1,0.8,4.0,967.0,0.0,0.0,0.2378490175801448
46.0,9.0,26.0,0.3,0.1,0.8,4.0,956.0,0.0,0.0,0.2395397489539749
46.0,9.0,27.0,0.3,0.1,0.8,4.0,935.0,0.0,0.0,0.24064171122994651
46.0,9.0,28.0,0.3,0.1,0.8,4.0,910.0,0.0,0.0,0.24395604395604395
46.0,9.0,29.0,0.3,0.1,0.8,4.0,876.0,0.0,0.0,0.2465753424657534
46.0,9.0,30.0,0.3,0.1,0.8,4.0,792.0,0.0,0.0,0.2588383838383838
46.0,9.0,31.0,0.3,0.1,0.8,4.0,799.0,0.0,0.0,0.2565707133917397
46.0,9.0,32.0,0.3,0.1,0.8,4.0,772.0,0.0,0.0,0.25777202072538863
46.0,9.0,33.0,0.3,0.1,0.8,4.0,753.0,0.0,0.0,0.25630810092961487
46.0,9.0,34.0,0.3,0.1,0.8,4.0,758.0,0.0,0.0,0.2559366754617414
46.0,9.0,35.0,0.3,0.1,0.8,4.0,738.0,0.0,0.0,0.2601626016260163
46.0,9.0,36.0,0.3,0.1,0.8,4.0,743.0,0.0,0.0,0.2597577388963661
46.0,9.0,37.0,0.3,0.1,0.8,4.0,727.0,0.0,0.0,0.25997248968363135
46.0,9.0,38.0,0.3,0.1,0.8,4.0,705.0,0.0,0.0,0.26666666666666666
46.0,9.0,39.0,0.3,0.1,0.8,4.0,699.0,0.0,0.0,0.26895565092989987
46.0,9.0,40.0,0.3,0.1,0.8,4.0,693.0,0.0,0.0,0.26695526695526695
46.0,9.0,41.0,0.3,0.1,0.8,4.0,689.0,0.0,0.0,0.26850507982583455
46.0,9.0,42.0,0.3,0.1,0.8,4.0,693.0,0.0,0.0,0.26695526695526695
46.0,9.0,43.0,0.3,0.1,0.8,4.0,691.0,0.0,0.0,0.26772793053545585
46.0,9.0,44.0,0.3,0.1,0.8,4.0,681.0,0.0,0.0,0.27165932452276065
46.0,9.0,45.0,0.3,0.1,0.8,4.0,669.0,0.0,0.0,0.4484304932735426
46.0,9.0,46.0,0.3,0.1,0.8,4.0,666.0,0.0,0.0,0.44744744744744747
46.0,9.0,47.0,0.3,0.1,0.8,4.0,669.0,0.0,0.0,0.4484304932735426
46.0,9.0,48.0,0.3,0.1,0.8,4.0,666.0,0.0,0.0,0.44744744744744747
46.0,9.0,49.0,0.3,0.1,0.8,4.0,669.0,0.0,0.0,0.4484304932735426
46.0,9.0,50.0,0.3,0.1,0.8,4.0,655.0,0.0,0.0,0.44732824427480916
46.0,9.0,51.0,0.3,0.1,0.8,4.0,646.0,0.0,0.0,0.4504643962848297
46.0,9.0,52.0,0.3,0.1,0.8,4.0,643.0,0.0,0.0,0.4494556765163297
46.0,10.0,1.0,0.3,0.1,0.8,4.0,635.0,0.0,0.0,0.4519685039370079
46.0,10.0,2.0,0.3,0.1,0.8,4.0,632.0,0.0,0.0,0.4509493670886076
46.0,10.0,3.0,0.3,0.1,0.8,4.0,635.0,0.0,0.0,0.4503937007874016
46.0,10.0,4.0,0.3,0.1,0.8,4.0,633.0,0.0,0.0,0.4518167456556082
46.0,10.0,5.0,0.3,0.1,0.8,4.0,635.0,0.0,0.0,0.4503937007874016
46.0,10.0,6.0,0.3,0.1,0.8,4.0,631.0,0.0,0.0,0.45166402535657685
46.0,10.0,7.0,0.3,0.1,0.8,4.0,634.0,0.0,0.0,0.45110410094637227
46.0,10.0,8.0,0.3,0.1,0.8,4.0,619.0,0.0,0.0,0.45234248788368336
46.0,10.0,9.0,0.3,0.1,0.8,4.0,618.0,0.0,0.0,0.45307443365695793
46.0,10.0,10.0,0.3,0.1,0.8,4.0,619.0,0.0,0.0,0.45234248788368336
46.0,10.0,11.0,0.3,0.1,0.8,4.0,617.0,0.0,0.0,0.4521880064829822
46.0,10.0,12.0,0.3,0.1,0.8,4.0,615.0,0.0,0.0,0.45365853658536587
46.0,10.0,13.0,0.3,0.1,0.8,4.0,614.0,0.0,0.0,0.4527687296416938
46.0,10.0,14.0,0.3,0.1,0.8,4.0,613.0,0.0,0.0,0.4535073409461664
46.0,10.0,15.0,0.3,0.1,0.8,4.0,613.0,0.0,0.0,0.4535073409461664
46.0,10.0,16.0,0.3,0.1,0.8,4.0,613.0,0.0,0.0,0.4535073409461664
46.0,10.0,17.0,0.3,0.1,0.8,4.0,614.0,0.0,0.0,0.4543973941368078
46.0,10.0,18.0,0.3,0.1,0.8,4.0,613.0,0.0,0.0,0.4535073409461664
46.0,10.0,19.0,0.3,0.1,0.8,4.0,614.0,0.0,0.0,0.4543973941368078
46.0,10.0,20.0,0.3,0.1,0.8,4.0,1082.0,0.0,0.0,0.24491682070240295
46.0,10.0,21.0,0.3,0.1,0.8,4.0,1033.0,0.0,0.0,0.25072604065827686
46.0,10.0,22.0,0.3,0.1,0.8,4.0,1042.0,0.0,0.0,0.2495201535508637
46.0,10.0,23.0,0.3,0.1,0.8,4.0,1032.0,0.0,0.0,0.250968992248062
46.0,10.0,24.0,0.3,0.1,0.8,4.0,1027.0,0.0,0.0,0.25024342745861733
46.0,10.0,25.0,0.3,0.1,0.8,4.0,1008.0,0.0,0.0,0.25396825396825395
46.0,10.0,26.0,0.3,0.1,0.8,4.0,985.0,0.0,0.0,0.2548223350253807
46.0,10.0,27.0,0.3,0.1,0.8,4.0,935.0,0.0,0.0,0.2609625668449198
46.0,10.0,28.0,0.3,0.1,0.8,4.0,905.0,0.0,0.0,0.261878453038674
46.0,10.0,29.0,0.3,0.1,0.8,4.0,871.0,0.0,0.0,0.26406429391504016
46.0,10.0,30.0,0.3,0.1,0.8,4.0,874.0,0.0,0.0,0.2620137299771167
46.0,10.0,31.0,0.3,0.1,0.8,4.0,861.0,0.0,0.0,0.26480836236933797
46.0,10.0,32.0,0.3,0.1,0.8,4.0,873.0,0.0,0.0,0.2611683848797251
46.0,10.0,33.0,0.3,0.1,0.8,4.0,842.0,0.0,0.0,0.2672209026128266
46.0,10.0,34.0,0.3,0.1,0.8,4.0,844.0,0.0,0.0,0.26540284360189575
46.0,10.0,35.0,0.3,0.1,0.8,4.0,832.0,0.0,0.0,0.2704326923076923
46.0,10.0,36.0,0.3,0.1,0.8,4.0,824.0,0.0,0.0,0.26941747572815533
46.0,10.0,37.0,0.3,0.1,0.8,4.0,791.0,0.0,0.0,0.27686472819216185
46.0,10.0,38.0,0.3,0.1,0.8,4.0,786.0,0.0,0.0,0.27353689567430023
46.0,10.0,39.0,0.3,0.1,0.8,4.0,741.0,0.0,0.0,0.2834008097165992
46.0,10.0,40.0,0.3,0.1,0.8,4.0,738.0,0.0,0.0,0.2791327913279133
46.0,10.0,41.0,0.3,0.1,0.8,4.0,729.0,0.0,0.0,0.28532235939643347
46.0,10.0,42.0,0.3,0.1,0.8,4.0,738.0,0.0,0.0,0.2791327913279133
46.0,10.0,43.0,0.3,0.1,0.8,4.0,729.0,0.0,0.0,0.28532235939643347
46.0,10.0,44.0,0.3,0.1,0.8,4.0,739.0,0.0,0.0,0.28010825439783493
46.0,10.0,45.0,0.3,0.1,0.8,4.0,729.0,0.0,0.0,0.4074074074074074
46.0,10.0,46.0,0.3,0.1,0.8,4.0,737.0,0.0,0.0,0.40298507462686567
46.0,10.0,47.0,0.3,0.1,0.8,4.0,730.0,0.0,0.0,0.40684931506849314
46.0,10.0,48.0,0.3,0.1,0.8,4.0,722.0,0.0,0.0,0.40581717451523547
46.0,10.0,49.0,0.3,0.1,0.8,4.0,718.0,0.0,0.0,0.40668523676880225
46.0,10.0,50.0,0.3,0.1,0.8,4.0,722.0,0.0,0.0,0.40443213296398894
46.0,10.0,51.0,0.3,0.1,0.8,4.0,717.0,0.0,0.0,0.4072524407252441
46.0,10.0,52.0,0.3,0.1,0.8,4.0,706.0,0.0,0.0,0.40793201133144474
47.0,1.0,1.0,0.3,0.1,0.8,4.0,5049.0,43.0,4.0,0.29312735195088135
47.0,1.0,2.0,0.3,0.1,0.8,4.0,5005.0,46.0,18.0,0.29250749250749253
47.0,1.0,3.0,0.3,0.1,0.8,4.0,4835.0,49.0,25.0,0.2965873836608066
47.0,1.0,4.0,0.3,0.1,0.8,4.0,4807.0,58.0,27.0,0.2964426877470356
47.0,1.0,5.0,0.3,0.1,0.8,4.0,4793.0,77.0,28.0,0.2975172126017108
47.0,1.0,6.0,0.3,0.1,0.8,4.0,4657.0,80.0,33.0,0.3008374490015031
47.0,1.0,7.0,0.3,0.1,0.8,4.0,4479.0,95.0,42.0,0.3016298280866265
47.0,1.0,8.0,0.3,0.1,0.8,4.0,4330.0,103.0,45.0,0.3046189376443418
47.0,1.0,9.0,0.3,0.1,0.8,4.0,4150.0,110.0,44.0,0.3055421686746988
47.0,1.0,10.0,0.3,0.1,0.8,4.0,4026.0,124.0,42.0,0.3087431693989071
47.0,1.0,11.0,0.3,0.1,0.8,4.0,3924.0,133.0,48.0,0.30784913353720694
47.0,1.0,12.0,0.3,0.1,0.8,4.0,3823.0,140.0,62.0,0.3086581218938007
47.0,1.0,13.0,0.3,0.1,0.8,4.0,3721.0,155.0,71.0,0.3093254501478097
47.0,1.0,14.0,0.3,0.1,0.8,4.0,3614.0,170.0,74.0,0.3107360265633647
47.0,1.0,15.0,0.3,0.1,0.8,4.0,3520.0,167.0,73.0,0.3125
47.0,1.0,16.0,0.3,0.1,0.8,4.0,3417.0,164.0,78.0,0.31548141644717587
47.0,1.0,17.0,0.3,0.1,0.8,4.0,3348.0,189.0,85.0,0.31362007168458783
47.0,1.0,18.0,0.3,0.1,0.8,4.0,3282.0,191.0,80.0,0.3168799512492383
47.0,1.0,19.0,0.3,0.1,0.8,4.0,3199.0,191.0,90.0,0.3172866520787746
47.0,1.0,20.0,0.3,0.1,0.8,4.0,5977.0,186.0,83.0,0.16714070603981931
47.0,1.0,21.0,0.3,0.1,0.8,4.0,5581.0,279.0,81.0,0.16753270023293318
47.0,1.0,22.0,0.3,0.1,0.8,4.0,5278.0,304.0,83.0,0.17279272451686245
47.0,1.0,23.0,0.3,0.1,0.8,4.0,5054.0,334.0,118.0,0.1741195092995647
47.0,1.0,24.0,0.3,0.1,0.8,4.0,4859.0,373.0,152.0,0.17657954311586746
47.0,1.0,25.0,0.3,0.1,0.8,4.0,4590.0,388.0,165.0,0.17799564270152504
47.0,1.0,26.0,0.3,0.1,0.8,4.0,4350.0,417.0,174.0,0.18229885057471265
47.0,1.0,27.0,0.3,0.1,0.8,4.0,4163.0,454.0,176.0,0.18640403555128512
47.0,1.0,28.0,0.3,0.1,0.8,4.0,3996.0,464.0,193.0,0.19094094094094094
47.0,1.0,29.0,0.3,0.1,0.8,4.0,3782.0,467.0,212.0,0.19566367001586463
47.0,1.0,30.0,0.3,0.1,0.8,4.0,3579.0,464.0,218.0,0.19865884325230512
47.0,1.0,31.0,0.3,0.1,0.8,4.0,3340.0,439.0,204.0,0.20718562874251498
47.0,1.0,32.0,0.3,0.1,0.8,4.0,3139.0,418.0,193.0,0.2156737814590634
47.0,1.0,33.0,0.3,0.1,0.8,4.0,3024.0,402.0,192.0,0.22123015873015872
47.0,1.0,34.0,0.3,0.1,0.8,4.0,2827.0,403.0,194.0,0.22744959320834807
47.0,1.0,35.0,0.3,0.1,0.8,4.0,2671.0,381.0,182.0,0.23287158367652563
47.0,1.0,36.0,0.3,0.1,0.8,4.0,2537.0,368.0,176.0,0.24004729996058335
47.0,1.0,37.0,0.3,0.1,0.8,4.0,2418.0,339.0,165.0,0.24648469809760132
47.0,1.0,38.0,0.3,0.1,0.8,4.0,2291.0,315.0,154.0,0.2553470100392842
47.0,1.0,39.0,0.3,0.1,0.8,4.0,2163.0,292.0,153.0,0.26629680998613037
47.0,1.0,40.0,0.3,0.1,0.8,4.0,2065.0,281.0,149.0,0.2731234866828087
47.0,1.0,41.0,0.3,0.1,0.8,4.0,1962.0,255.0,132.0,0.2798165137614679
47.0,1.0,42.0,0.3,0.1,0.8,4.0,1880.0,238.0,117.0,0.29202127659574467
47.0,1.0,43.0,0.3,0.1,0.8,4.0,1795.0,218.0,104.0,0.30194986072423396
47.0,1.0,44.0,0.3,0.1,0.8,4.0,1726.0,207.0,105.0,0.3105446118192352
47.0,1.0,45.0,0.3,0.1,0.8,4.0,1646.0,191.0,98.0,0.4787363304981774
47.0,1.0,46.0,0.3,0.1,0.8,4.0,1577.0,169.0,94.0,0.48573240329740014
47.0,1.0,47.0,0.3,0.1,0.8,4.0,1508.0,147.0,73.0,0.493368700265252
47.0,1.0,48.0,0.3,0.1,0.8,4.0,1459.0,129.0,70.0,0.5017135023989033
47.0,1.0,49.0,0.3,0.1,0.8,4.0,1401.0,110.0,62.0,0.5089221984296931
47.0,1.0,50.0,0.3,0.1,0.8,4.0,1365.0,106.0,66.0,0.515018315018315
47.0,1.0,51.0,0.3,0.1,0.8,4.0,1311.0,90.0,51.0,0.5240274599542334
47.0,1.0,52.0,0.3,0.1,0.8,4.0,1284.0,76.0,43.0,0.530373831775701
47.0,2.0,1.0,0.3,0.1,0.8,4.0,1245.0,64.0,38.0,0.5365461847389559
47.0,2.0,2.0,0.3,0.1,0.8,4.0,1224.0,56.0,35.0,0.5383986928104575
47.0,2.0,3.0,0.3,0.1,0.8,4.0,1191.0,50.0,31.0,0.5465994962216625
47.0,2.0,4.0,0.3,0.1,0.8,4.0,1160.0,40.0,20.0,0.553448275862069
47.0,2.0,5.0,0.3,0.1,0.8,4.0,1144.0,32.0,17.0,0.5576923076923077
47.0,2.0,6.0,0.3,0.1,0.8,4.0,1111.0,29.0,15.0,0.5661566156615662
47.0,2.0,7.0,0.3,0.1,0.8,4.0,1088.0,28.0,17.0,0.5735294117647058
47.0,2.0,8.0,0.3,0.1,0.8,4.0,1070.0,28.0,14.0,0.5757009345794393
47.0,2.0,9.0,0.3,0.1,0.8,4.0,1049.0,26.0,11.0,0.5795996186844614
47.0,2.0,10.0,0.3,0.1,0.8,4.0,1033.0,20.0,9.0,0.5827686350435625
47.0,2.0,11.0,0.3,0.1,0.8,4.0,1025.0,22.0,9.0,0.5853658536585366
47.0,2.0,12.0,0.3,0.1,0.8,4.0,1013.0,22.0,13.0,0.5824284304047384
47.0,2.0,13.0,0.3,0.1,0.8,4.0,998.0,17.0,11.0,0.5811623246492986
47.0,2.0,14.0,0.3,0.1,0.8,4.0,996.0,17.0,10.0,0.5843373493975904
47.0,2.0,15.0,0.3,0.1,0.8,4.0,979.0,12.0,6.0,0.585291113381001
47.0,2.0,16.0,0.3,0.1,0.8,4.0,971.0,9.0,6.0,0.5901132852729145
47.0,2.0,17.0,0.3,0.1,0.8,4.0,960.0,9.0,7.0,0.5885416666666666
47.0,2.0,18.0,0.3,0.1,0.8,4.0,958.0,11.0,6.0,0.5918580375782881
47.0,2.0,19.0,0.3,0.1,0.8,4.0,941.0,7.0,4.0,0.59192348565356
47.0,2.0,20.0,0.3,0.1,0.8,4.0,1733.0,7.0,4.0,0.3231390652048471
47.0,2.0,21.0,0.3,0.1,0.8,4.0,1679.0,8.0,3.0,0.3240023823704586
47.0,2.0,22.0,0.3,0.1,0.8,4.0,1676.0,9.0,2.0,0.3221957040572792
47.0,2.0,23.0,0.3,0.1,0.8,4.0,1604.0,8.0,2.0,0.327930174563591
47.0,2.0,24.0,0.3,0.1,0.8,4.0,1540.0,9.0,6.0,0.32922077922077925
47.0,2.0,25.0,0.3,0.1,0.8,4.0,1538.0,11.0,5.0,0.3309492847854356
47.0,2.0,26.0,0.3,0.1,0.8,4.0,1491.0,10.0,5.0,0.33266264252179745
47.0,2.0,27.0,0.3,0.1,0.8,4.0,1456.0,7.0,4.0,0.3385989010989011
47.0,2.0,28.0,0.3,0.1,0.8,4.0,1440.0,7.0,5.0,0.33819444444444446
47.0,2.0,29.0,0.3,0.1,0.8,4.0,1407.0,10.0,4.0,0.3425728500355366
47.0,2.0,30.0,0.3,0.1,0.8,4.0,1379.0,7.0,1.0,0.34155184916606235
47.0,2.0,31.0,0.3,0.1,0.8,4.0,1354.0,7.0,0.0,0.3463810930576071
47.0,2.0,32.0,0.3,0.1,0.8,4.0,1321.0,7.0,3.0,0.3444360333080999
47.0,2.0,33.0,0.3,0.1,0.8,4.0,1288.0,8.0,5.0,0.34937888198757766
47.0,2.0,34.0,0.3,0.1,0.8,4.0,1282.0,9.0,6.0,0.3486739469578783
47.0,2.0,35.0,0.3,0.1,0.8,4.0,1262.0,8.0,4.0,0.3526148969889065
47.0,2.0,36.0,0.3,0.1,0.8,4.0,1262.0,7.0,2.0,0.3510301109350238
47.0,2.0,37.0,0.3,0.1,0.8,4.0,1230.0,7.0,3.0,0.35528455284552846
47.0,2.0,38.0,0.3,0.1,0.8,4.0,1216.0,7.0,3.0,0.3527960526315789
47.0,2.0,39.0,0.3,0.1,0.8,4.0,1195.0,8.0,6.0,0.35564853556485354
47.0,2.0,40.0,0.3,0.1,0.8,4.0,1167.0,8.0,4.0,0.35732647814910024
47.0,2.0,41.0,0.3,0.1,0.8,4.0,1166.0,8.0,4.0,0.35934819897084047
47.0,2.0,42.0,0.3,0.1,0.8,4.0,1131.0,7.0,2.0,0.3625110521662246
47.0,2.0,43.0,0.3,0.1,0.8,4.0,1132.0,9.0,4.0,0.3621908127208481
47.0,2.0,44.0,0.3,0.1,0.8,4.0,1098.0,9.0,5.0,0.3633879781420765
47.0,2.0,45.0,0.3,0.1,0.8,4.0,1099.0,10.0,6.0,0.4940855323020928
47.0,2.0,46.0,0.3,0.1,0.8,4.0,1070.0,9.0,4.0,0.49439252336448597
47.0,2.0,47.0,0.3,0.1,0.8,4.0,1025.0,7.0,4.0,0.4946341463414634
47.0,2.0,48.0,0.3,0.1,0.8,4.0,1014.0,9.0,2.0,0.4980276134122288
47.0,2.0,49.0,0.3,0.1,0.8,4.0,1020.0,11.0,3.0,0.4950980392156863
47.0,2.0,50.0,0.3,0.1,0.8,4.0,1011.0,9.0,4.0,0.49653808110781406
47.0,2.0,51.0,0.3,0.1,0.8,4.0,1011.0,11.0,6.0,0.49851632047477745
47.0,2.0,52.0,0.3,0.1,0.8,4.0,1004.0,11.0,6.0,0.4940239043824701
47.0,3.0,1.0,0.3,0.1,0.8,4.0,995.0,11.0,5.0,0.4964824120603015
47.0,3.0,2.0,0.3,0.1,0.8,4.0,988.0,10.0,5.0,0.4949392712550607
47.0,3.0,3.0,0.3,0.1,0.8,4.0,980.0,11.0,7.0,0.49795918367346936
47.0,3.0,4.0,0.3,0.1,0.8,4.0,970.0,13.0,7.0,0.4979381443298969
47.0,3.0,5.0,0.3,0.1,0.8,4.0,967.0,12.0,6.0,0.5046535677352637
47.0,3.0,6.0,0.3,0.1,0.8,4.0,943.0,10.0,3.0,0.5015906680805938
47.0,3.0,7.0,0.3,0.1,0.8,4.0,926.0,8.0,2.0,0.5043196544276458
47.0,3.0,8.0,0.3,0.1,0.8,4.0,911.0,9.0,4.0,0.5016465422612514
47.0,3.0,9.0,0.3,0.1,0.8,4.0,900.0,11.0,5.0,0.5055555555555555
47.0,3.0,10.0,0.3,0.1,0.8,4.0,888.0,11.0,4.0,0.5045045045045045
47.0,3.0,11.0,0.3,0.1,0.8,4.0,880.0,11.0,3.0,0.509090909090909
47.0,3.0,12.0,0.3,0.1,0.8,4.0,859.0,10.0,5.0,0.5064027939464494
47.0,3.0,13.0,0.3,0.1,0.8,4.0,848.0,10.0,8.0,0.5070754716981132
47.0,3.0,14.0,0.3,0.1,0.8,4.0,833.0,9.0,7.0,0.5066026410564226
47.0,3.0,15.0,0.3,0.1,0.8,4.0,821.0,8.0,5.0,0.5079171741778319
47.0,3.0,16.0,0.3,0.1,0.8,4.0,807.0,8.0,3.0,0.5092936802973977
47.0,3.0,17.0,0.3,0.1,0.8,4.0,805.0,8.0,4.0,0.5093167701863354
47.0,3.0,18.0,0.3,0.1,0.8,4.0,801.0,7.0,4.0,0.5106117353308365
47.0,3.0,19.0,0.3,0.1,0.8,4.0,801.0,7.0,3.0,0.5106117353308365
47.0,3.0,20.0,0.3,0.1,0.8,4.0,1432.0,5.0,2.0,0.28212290502793297
47.0,3.0,21.0,0.3,0.1,0.8,4.0,1407.0,8.0,1.0,0.2828713574982232
47.0,3.0,22.0,0.3,0.1,0.8,4.0,1395.0,8.0,2.0,0.2838709677419355
47.0,3.0,23.0,0.3,0.1,0.8,4.0,1382.0,10.0,3.0,0.28002894356005786
47.0,3.0,24.0,0.3,0.1,0.8,4.0,1330.0,16.0,4.0,0.28721804511278193
47.0,3.0,25.0,0.3,0.1,0.8,4.0,1295.0,20.0,6.0,0.28957528957528955
47.0,3.0,26.0,0.3,0.1,0.8,4.0,1294.0,16.0,5.0,0.2867078825347759
47.0,3.0,27.0,0.3,0.1,0.8,4.0,1259.0,15.0,6.0,0.2875297855440826
47.0,3.0,28.0,0.3,0.1,0.8,4.0,1270.0,15.0,8.0,0.2874015748031496
47.0,3.0,29.0,0.3,0.1,0.8,4.0,1251.0,16.0,8.0,0.2869704236610711
47.0,3.0,30.0,0.3,0.1,0.8,4.0,1230.0,17.0,8.0,0.2894308943089431
47.0,3.0,31.0,0.3,0.1,0.8,4.0,1199.0,17.0,7.0,0.292743953294412
47.0,3.0,32.0,0.3,0.1,0.8,4.0,1191.0,18.0,9.0,0.29219143576826195
47.0,3.0,33.0,0.3,0.1,0.8,4.0,1158.0,16.0,8.0,0.29360967184801384
47.0,3.0,34.0,0.3,0.1,0.8,4.0,1145.0,16.0,11.0,0.29170305676855895
47.0,3.0,35.0,0.3,0.1,0.8,4.0,1105.0,15.0,7.0,0.2995475113122172
47.0,3.0,36.0,0.3,0.1,0.8,4.0,1118.0,17.0,7.0,0.2960644007155635
47.0,3.0,37.0,0.3,0.1,0.8,4.0,1077.0,13.0,4.0,0.2989786443825441
47.0,3.0,38.0,0.3,0.1,0.8,4.0,1054.0,11.0,7.0,0.29411764705882354
47.0,3.0,39.0,0.3,0.1,0.8,4.0,1029.0,12.0,6.0,0.3012633624878523
47.0,3.0,40.0,0.3,0.1,0.8,4.0,1025.0,13.0,5.0,0.30048780487804877
47.0,3.0,41.0,0.3,0.1,0.8,4.0,1016.0,11.0,2.0,0.3031496062992126
47.0,3.0,42.0,0.3,0.1,0.8,4.0,989.0,11.0,6.0,0.30434782608695654
47.0,3.0,43.0,0.3,0.1,0.8,4.0,951.0,16.0,7.0,0.31125131440588855
47.0,3.0,44.0,0.3,0.1,0.8,4.0,932.0,22.0,10.0,0.31008583690987124
47.0,3.0,45.0,0.3,0.1,0.8,4.0,918.0,22.0,9.0,0.4596949891067538
47.0,3.0,46.0,0.3,0.1,0.8,4.0,906.0,22.0,11.0,0.45695364238410596
47.0,3.0,47.0,0.3,0.1,0.8,4.0,901.0,22.0,8.0,0.46059933407325193
47.0,3.0,48.0,0.3,0.1,0.8,4.0,886.0,18.0,10.0,0.4582392776523702
47.0,3.0,49.0,0.3,0.1,0.8,4.0,857.0,14.0,6.0,0.46674445740956827
47.0,3.0,50.0,0.3,0.1,0.8,4.0,853.0,16.0,8.0,0.4618991793669402
47.0,3.0,51.0,0.3,0.1,0.8,4.0,848.0,12.0,5.0,0.4669811320754717
47.0,3.0,52.0,0.3,0.1,0.8,4.0,824.0,10.0,6.0,0.4672330097087379
47.0,4.0,1.0,0.3,0.1,0.8,4.0,813.0,9.0,7.0,0.4735547355473555
47.0,4.0,2.0,0.3,0.1,0.8,4.0,802.0,8.0,8.0,0.470074812967581
47.0,4.0,3.0,0.3,0.1,0.8,4.0,797.0,11.0,5.0,0.4755332496863237
47.0,4.0,4.0,0.3,0.1,0.8,4.0,779.0,9.0,3.0,0.4711168164313222
47.0,4.0,5.0,0.3,0.1,0.8,4.0,773.0,8.0,2.0,0.4721862871927555
47.0,4.0,6.0,0.3,0.1,0.8,4.0,764.0,8.0,5.0,0.4698952879581152
47.0,4.0,7.0,0.3,0.1,0.8,4.0,757.0,5.0,3.0,0.47424042272126815
47.0,4.0,8.0,0.3,0.1,0.8,4.0,747.0,6.0,3.0,0.47121820615796517
47.0,4.0,9.0,0.3,0.1,0.8,4.0,740.0,4.0,2.0,0.47702702702702704
47.0,4.0,10.0,0.3,0.1,0.8,4.0,737.0,6.0,4.0,0.47489823609226595
47.0,4.0,11.0,0.3,0.1,0.8,4.0,733.0,5.0,3.0,0.47748976807639837
47.0,4.0,12.0,0.3,0.1,0.8,4.0,722.0,6.0,2.0,0.4792243767313019
47.0,4.0,13.0,0.3,0.1,0.8,4.0,720.0,4.0,3.0,0.47638888888888886
47.0,4.0,14.0,0.3,0.1,0.8,4.0,702.0,5.0,3.0,0.48005698005698005
47.0,4.0,15.0,0.3,0.1,0.8,4.0,703.0,5.0,2.0,0.48079658605974396
47.0,4.0,16.0,0.3,0.1,0.8,4.0,692.0,5.0,2.0,0.48265895953757226
47.0,4.0,17.0,0.3,0.1,0.8,4.0,695.0,3.0,2.0,0.48201438848920863
47.0,4.0,18.0,0.3,0.1,0.8,4.0,691.0,5.0,4.0,0.4804630969609262
47.0,4.0,19.0,0.3,0.1,0.8,4.0,691.0,4.0,2.0,0.4804630969609262
47.0,4.0,20.0,0.3,0.1,0.8,4.0,1241.0,4.0,3.0,0.26510878323932313
47.0,4.0,21.0,0.3,0.1,0.8,4.0,1194.0,8.0,1.0,0.2646566164154104
47.0,4.0,22.0,0.3,0.1,0.8,4.0,1155.0,8.0,1.0,0.2701298701298701
47.0,4.0,23.0,0.3,0.1,0.8,4.0,1132.0,1.0,0.0,0.27208480565371024
47.0,4.0,24.0,0.3,0.1,0.8,4.0,1106.0,1.0,1.0,0.26853526220614826
47.0,4.0,25.0,0.3,0.1,0.8,4.0,1093.0,2.0,1.0,0.27264409881061297
47.0,4.0,26.0,0.3,0.1,0.8,4.0,1074.0,3.0,1.0,0.27281191806331473
47.0,4.0,27.0,0.3,0.1,0.8,4.0,1035.0,3.0,1.0,0.2753623188405797
47.0,4.0,28.0,0.3,0.1,0.8,4.0,1015.0,4.0,1.0,0.2788177339901478
47.0,4.0,29.0,0.3,0.1,0.8,4.0,962.0,4.0,3.0,0.2817047817047817
47.0,4.0,30.0,0.3,0.1,0.8,4.0,930.0,4.0,3.0,0.2817204301075269
47.0,4.0,31.0,0.3,0.1,0.8,4.0,909.0,9.0,3.0,0.28492849284928495
47.0,4.0,32.0,0.3,0.1,0.8,4.0,890.0,11.0,1.0,0.28314606741573034
47.0,4.0,33.0,0.3,0.1,0.8,4.0,875.0,10.0,3.0,0.28685714285714287
47.0,4.0,34.0,0.3,0.1,0.8,4.0,886.0,12.0,6.0,0.2799097065462754
47.0,4.0,35.0,0.3,0.1,0.8,4.0,850.0,16.0,8.0,0.2847058823529412
47.0,4.0,36.0,0.3,0.1,0.8,4.0,852.0,15.0,5.0,0.2805164319248826
47.0,4.0,37.0,0.3,0.1,0.8,4.0,810.0,13.0,5.0,0.28641975308641976
47.0,4.0,38.0,0.3,0.1,0.8,4.0,790.0,12.0,6.0,0.28860759493670884
47.0,4.0,39.0,0.3,0.1,0.8,4.0,754.0,12.0,6.0,0.2917771883289125
47.0,4.0,40.0,0.3,0.1,0.8,4.0,753.0,8.0,4.0,0.2961487383798141
47.0,4.0,41.0,0.3,0.1,0.8,4.0,745.0,8.0,3.0,0.2953020134228188
47.0,4.0,42.0,0.3,0.1,0.8,4.0,748.0,9.0,2.0,0.29545454545454547
47.0,4.0,43.0,0.3,0.1,0.8,4.0,718.0,8.0,2.0,0.2994428969359331
47.0,4.0,44.0,0.3,0.1,0.8,4.0,709.0,7.0,2.0,0.304654442877292
47.0,4.0,45.0,0.3,0.1,0.8,4.0,688.0,7.0,3.0,0.4273255813953488
47.0,4.0,46.0,0.3,0.1,0.8,4.0,685.0,6.0,4.0,0.4248175182481752
47.0,4.0,47.0,0.3,0.1,0.8,4.0,661.0,5.0,4.0,0.42511346444780634
47.0,4.0,48.0,0.3,0.1,0.8,4.0,668.0,4.0,4.0,0.42065868263473055
47.0,4.0,49.0,0.3,0.1,0.8,4.0,640.0,3.0,2.0,0.421875
47.0,4.0,50.0,0.3,0.1,0.8,4.0,635.0,3.0,1.0,0.4204724409448819
47.0,4.0,51.0,0.3,0.1,0.8,4.0,623.0,3.0,0.0,0.42375601926163725
47.0,4.0,52.0,0.3,0.1,0.8,4.0,612.0,3.0,0.0,0.4199346405228758
47.0,5.0,1.0,0.3,0.1,0.8,4.0,617.0,3.0,2.0,0.42301458670988656
47.0,5.0,2.0,0.3,0.1,0.8,4.0,608.0,3.0,3.0,0.41776315789473684
47.0,5.0,3.0,0.3,0.1,0.8,4.0,611.0,3.0,3.0,0.4206219312602291
47.0,5.0,4.0,0.3,0.1,0.8,4.0,602.0,1.0,1.0,0.4186046511627907
47.0,5.0,5.0,0.3,0.1,0.8,4.0,605.0,1.0,0.0,0.4214876033057851
47.0,5.0,6.0,0.3,0.1,0.8,4.0,595.0,1.0,0.0,0.4184873949579832
47.0,5.0,7.0,0.3,0.1,0.8,4.0,595.0,1.0,1.0,0.4184873949579832
47.0,5.0,8.0,0.3,0.1,0.8,4.0,583.0,1.0,1.0,0.41852487135506006
47.0,5.0,9.0,0.3,0.1,0.8,4.0,587.0,1.0,1.0,0.41396933560477
47.0,5.0,10.0,0.3,0.1,0.8,4.0,577.0,1.0,0.0,0.41594454072790293
47.0,5.0,11.0,0.3,0.1,0.8,4.0,579.0,1.0,0.0,0.41450777202072536
47.0,5.0,12.0,0.3,0.1,0.8,4.0,570.0,1.0,1.0,0.41578947368421054
47.0,5.0,13.0,0.3,0.1,0.8,4.0,572.0,1.0,1.0,0.41083916083916083
47.0,5.0,14.0,0.3,0.1,0.8,4.0,566.0,1.0,1.0,0.41519434628975266
47.0,5.0,15.0,0.3,0.1,0.8,4.0,568.0,0.0,0.0,0.4119718309859155
47.0,5.0,16.0,0.3,0.1,0.8,4.0,561.0,0.0,0.0,0.41889483065953653
47.0,5.0,17.0,0.3,0.1,0.8,4.0,565.0,0.0,0.0,0.41238938053097346
47.0,5.0,18.0,0.3,0.1,0.8,4.0,556.0,0.0,0.0,0.4154676258992806
47.0,5.0,19.0,0.3,0.1,0.8,4.0,563.0,0.0,0.0,0.40852575488454707
47.0,5.0,20.0,0.3,0.1,0.8,4.0,943.0,0.0,0.0,0.24284199363732767
47.0,5.0,21.0,0.3,0.1,0.8,4.0,944.0,0.0,0.0,0.23940677966101695
47.0,5.0,22.0,0.3,0.1,0.8,4.0,926.0,0.0,0.0,0.24298056155507558
47.0,5.0,23.0,0.3,0.1,0.8,4.0,915.0,0.0,0.0,0.24153005464480876
47.0,5.0,24.0,0.3,0.1,0.8,4.0,900.0,0.0,0.0,0.2411111111111111
47.0,5.0,25.0,0.3,0.1,0.8,4.0,911.0,0.0,0.0,0.24039517014270034
47.0,5.0,26.0,0.3,0.1,0.8,4.0,884.0,0.0,0.0,0.2409502262443439
47.0,5.0,27.0,0.3,0.1,0.8,4.0,879.0,0.0,0.0,0.24232081911262798
47.0,5.0,28.0,0.3,0.1,0.8,4.0,863.0,0.0,0.0,0.24565469293163383
47.0,5.0,29.0,0.3,0.1,0.8,4.0,869.0,0.0,0.0,0.24395857307249713
47.0,5.0,30.0,0.3,0.1,0.8,4.0,859.0,0.0,0.0,0.2409778812572759
47.0,5.0,31.0,0.3,0.1,0.8,4.0,832.0,0.0,0.0,0.23798076923076922
47.0,5.0,32.0,0.3,0.1,0.8,4.0,813.0,0.0,0.0,0.23985239852398524
47.0,5.0,33.0,0.3,0.1,0.8,4.0,810.0,0.0,0.0,0.24320987654320989
47.0,5.0,34.0,0.3,0.1,0.8,4.0,790.0,0.0,0.0,0.24050632911392406
47.0,5.0,35.0,0.3,0.1,0.8,4.0,793.0,0.0,0.0,0.24337957124842372
47.0,5.0,36.0,0.3,0.1,0.8,4.0,767.0,0.0,0.0,0.24119947848761408
47.0,5.0,37.0,0.3,0.1,0.8,4.0,773.0,0.0,0.0,0.2445019404915912
47.0,5.0,38.0,0.3,0.1,0.8,4.0,767.0,0.0,0.0,0.23859191655801826
47.0,5.0,39.0,0.3,0.1,0.8,4.0,770.0,0.0,0.0,0.24155844155844156
47.0,5.0,40.0,0.3,0.1,0.8,4.0,752.0,0.0,0.0,0.23803191489361702
47.0,5.0,41.0,0.3,0.1,0.8,4.0,743.0,0.0,0.0,0.24360699865410498
47.0,5.0,42.0,0.3,0.1,0.8,4.0,739.0,0.0,0.0,0.2408660351826793
47.0,5.0,43.0,0.3,0.1,0.8,4.0,742.0,0.0,0.0,0.24393530997304583
47.0,5.0,44.0,0.3,0.1,0.8,4.0,727.0,0.0,0.0,0.24346629986244842
47.0,5.0,45.0,0.3,0.1,0.8,4.0,726.0,0.0,0.0,0.4462809917355372
47.0,5.0,46.0,0.3,0.1,0.8,4.0,702.0,0.0,0.0,0.44017094017094016
47.0,5.0,47.0,0.3,0.1,0.8,4.0,700.0,0.0,0.0,0.4442857142857143
47.0,5.0,48.0,0.3,0.1,0.8,4.0,696.0,0.0,0.0,0.4410919540229885
47.0,5.0,49.0,0.3,0.1,0.8,4.0,694.0,0.0,0.0,0.44668587896253603
47.0,5.0,50.0,0.3,0.1,0.8,4.0,696.0,0.0,0.0,0.4410919540229885
47.0,5.0,51.0,0.3,0.1,0.8,4.0,692.0,0.0,0.0,0.44508670520231214
47.0,5.0,52.0,0.3,0.1,0.8,4.0,681.0,0.0,0.0,0.44052863436123346
47.0,6.0,1.0,0.3,0.1,0.8,4.0,672.0,0.0,0.0,0.44494047619047616
47.0,6.0,2.0,0.3,0.1,0.8,4.0,661.0,0.0,0.0,0.4402420574886536
47.0,6.0,3.0,0.3,0.1,0.8,4.0,646.0,0.0,0.0,0.44272445820433437
47.0,6.0,4.0,0.3,0.1,0.8,4.0,648.0,0.0,0.0,0.4367283950617284
47.0,6.0,5.0,0.3,0.1,0.8,4.0,646.0,0.0,0.0,0.44272445820433437
47.0,6.0,6.0,0.3,0.1,0.8,4.0,648.0,0.0,0.0,0.4367283950617284
47.0,6.0,7.0,0.3,0.1,0.8,4.0,643.0,0.0,0.0,0.4416796267496112
47.0,6.0,8.0,0.3,0.1,0.8,4.0,645.0,0.0,0.0,0.4356589147286822
47.0,6.0,9.0,0.3,0.1,0.8,4.0,639.0,0.0,0.0,0.4413145539906103
47.0,6.0,10.0,0.3,0.1,0.8,4.0,624.0,0.0,0.0,0.4375
47.0,6.0,11.0,0.3,0.1,0.8,4.0,620.0,0.0,0.0,0.44193548387096776
47.0,6.0,12.0,0.3,0.1,0.8,4.0,619.0,0.0,0.0,0.4345718901453958
47.0,6.0,13.0,0.3,0.1,0.8,4.0,614.0,0.0,0.0,0.44299674267100975
47.0,6.0,14.0,0.3,0.1,0.8,4.0,602.0,0.0,0.0,0.43521594684385384
47.0,6.0,15.0,0.3,0.1,0.8,4.0,600.0,0.0,0.0,0.44166666666666665
47.0,6.0,16.0,0.3,0.1,0.8,4.0,599.0,0.0,0.0,0.4340567612687813
47.0,6.0,17.0,0.3,0.1,0.8,4.0,596.0,0.0,0.0,0.4395973154362416
47.0,6.0,18.0,0.3,0.1,0.8,4.0,593.0,0.0,0.0,0.4317032040472175
47.0,6.0,19.0,0.3,0.1,0.8,4.0,593.0,0.0,0.0,0.43676222596964587
47.0,6.0,20.0,0.3,0.1,0.8,4.0,1137.0,0.0,0.0,0.2233948988566403
47.0,6.0,21.0,0.3,0.1,0.8,4.0,1101.0,0.0,0.0,0.23160762942779292
47.0,6.0,22.0,0.3,0.1,0.8,4.0,1044.0,0.0,0.0,0.2260536398467433
47.0,6.0,23.0,0.3,0.1,0.8,4.0,1032.0,0.0,0.0,0.23352713178294573
47.0,6.0,24.0,0.3,0.1,0.8,4.0,983.0,0.0,0.0,0.23092573753814852
47.0,6.0,25.0,0.3,0.1,0.8,4.0,984.0,0.0,0.0,0.23577235772357724
47.0,6.0,26.0,0.3,0.1,0.8,4.0,981.0,0.0,0.0,0.23037716615698267
47.0,6.0,27.0,0.3,0.1,0.8,4.0,958.0,0.0,0.0,0.2359081419624217
47.0,6.0,28.0,0.3,0.1,0.8,4.0,943.0,0.0,0.0,0.23329798515376457
47.0,6.0,29.0,0.3,0.1,0.8,4.0,938.0,0.0,0.0,0.23987206823027718
47.0,6.0,30.0,0.3,0.1,0.8,4.0,886.0,0.0,0.0,0.24153498871331827
47.0,6.0,31.0,0.3,0.1,0.8,4.0,901.0,0.0,0.0,0.24306326304106549
47.0,6.0,32.0,0.3,0.1,0.8,4.0,884.0,0.0,0.0,0.2409502262443439
47.0,6.0,33.0,0.3,0.1,0.8,4.0,864.0,0.0,0.0,0.24768518518518517
47.0,6.0,34.0,0.3,0.1,0.8,4.0,861.0,0.0,0.0,0.24738675958188153
47.0,6.0,35.0,0.3,0.1,0.8,4.0,864.0,0.0,0.0,0.2465277777777778
47.0,6.0,36.0,0.3,0.1,0.8,4.0,824.0,0.0,0.0,0.2512135922330097
47.0,6.0,37.0,0.3,0.1,0.8,4.0,822.0,0.0,0.0,0.25304136253041365
47.0,6.0,38.0,0.3,0.1,0.8,4.0,800.0,0.0,0.0,0.25375
47.0,6.0,39.0,0.3,0.1,0.8,4.0,776.0,0.0,0.0,0.2538659793814433
47.0,6.0,40.0,0.3,0.1,0.8,4.0,776.0,0.0,0.0,0.25773195876288657
47.0,6.0,41.0,0.3,0.1,0.8,4.0,765.0,0.0,0.0,0.2549019607843137
47.0,6.0,42.0,0.3,0.1,0.8,4.0,760.0,0.0,0.0,0.26052631578947366
47.0,6.0,43.0,0.3,0.1,0.8,4.0,731.0,0.0,0.0,0.2558139534883721
47.0,6.0,44.0,0.3,0.1,0.8,4.0,726.0,0.0,0.0,0.25895316804407714
47.0,6.0,45.0,0.3,0.1,0.8,4.0,720.0,0.0,0.0,0.4041666666666667
47.0,6.0,46.0,0.3,0.1,0.8,4.0,720.0,0.0,0.0,0.40555555555555556
47.0,6.0,47.0,0.3,0.1,0.8,4.0,713.0,0.0,0.0,0.4053295932678822
47.0,6.0,48.0,0.3,0.1,0.8,4.0,715.0,0.0,0.0,0.4083916083916084
47.0,6.0,49.0,0.3,0.1,0.8,4.0,714.0,0.0,0.0,0.4061624649859944
47.0,6.0,50.0,0.3,0.1,0.8,4.0,714.0,0.0,0.0,0.40896358543417366
47.0,6.0,51.0,0.3,0.1,0.8,4.0,712.0,0.0,0.0,0.4058988764044944
47.0,6.0,52.0,0.3,0.1,0.8,4.0,715.0,0.0,0.0,0.4083916083916084
47.0,7.0,1.0,0.3,0.1,0.8,4.0,709.0,0.0,0.0,0.40479548660084624
47.0,7.0,2.0,0.3,0.1,0.8,4.0,713.0,0.0,0.0,0.40813464235624125
47.0,7.0,3.0,0.3,0.1,0.8,4.0,709.0,0.0,0.0,0.40479548660084624
47.0,7.0,4.0,0.3,0.1,0.8,4.0,706.0,0.0,0.0,0.4065155807365439
47.0,7.0,5.0,0.3,0.1,0.8,4.0,690.0,0.0,0.0,0.4
47.0,7.0,6.0,0.3,0.1,0.8,4.0,687.0,0.0,0.0,0.4017467248908297
47.0,7.0,7.0,0.3,0.1,0.8,4.0,684.0,0.0,0.0,0.40058479532163743
47.0,7.0,8.0,0.3,0.1,0.8,4.0,681.0,0.0,0.0,0.40381791483113066
47.0,7.0,9.0,0.3,0.1,0.8,4.0,646.0,0.0,0.0,0.4071207430340557
47.0,7.0,10.0,0.3,0.1,0.8,4.0,644.0,0.0,0.0,0.40683229813664595
47.0,7.0,11.0,0.3,0.1,0.8,4.0,639.0,0.0,0.0,0.405320813771518
47.0,7.0,12.0,0.3,0.1,0.8,4.0,640.0,0.0,0.0,0.4078125
47.0,7.0,13.0,0.3,0.1,0.8,4.0,636.0,0.0,0.0,0.4056603773584906
47.0,7.0,14.0,0.3,0.1,0.8,4.0,622.0,0.0,0.0,0.4067524115755627
47.0,7.0,15.0,0.3,0.1,0.8,4.0,620.0,0.0,0.0,0.4064516129032258
47.0,7.0,16.0,0.3,0.1,0.8,4.0,623.0,0.0,0.0,0.40770465489566615
47.0,7.0,17.0,0.3,0.1,0.8,4.0,619.0,0.0,0.0,0.407108239095315
47.0,7.0,18.0,0.3,0.1,0.8,4.0,623.0,0.0,0.0,0.40770465489566615
47.0,7.0,19.0,0.3,0.1,0.8,4.0,618.0,0.0,0.0,0.4077669902912621
47.0,7.0,20.0,0.3,0.1,0.8,4.0,1109.0,0.0,0.0,0.22813345356176737
47.0,7.0,21.0,0.3,0.1,0.8,4.0,1060.0,0.0,0.0,0.23113207547169812
47.0,7.0,22.0,0.3,0.1,0.8,4.0,1047.0,0.0,0.0,0.22922636103151864
47.0,7.0,23.0,0.3,0.1,0.8,4.0,991.0,0.0,0.0,0.23612512613521694
47.0,7.0,24.0,0.3,0.1,0.8,4.0,973.0,0.0,0.0,0.23535457348406988
47.0,7.0,25.0,0.3,0.1,0.8,4.0,954.0,0.0,0.0,0.2389937106918239
47.0,7.0,26.0,0.3,0.1,0.8,4.0,947.0,0.0,0.0,0.2375923970432946
47.0,7.0,27.0,0.3,0.1,0.8,4.0,915.0,0.0,0.0,0.23825136612021858
47.0,7.0,28.0,0.3,0.1,0.8,4.0,889.0,0.0,0.0,0.24634420697412823
47.0,7.0,29.0,0.3,0.1,0.8,4.0,874.0,0.0,0.0,0.2448512585812357
47.0,7.0,30.0,0.3,0.1,0.8,4.0,874.0,0.0,0.0,0.2471395881006865
47.0,7.0,31.0,0.3,0.1,0.8,4.0,873.0,0.0,0.0,0.24513172966781213
47.0,7.0,32.0,0.3,0.1,0.8,4.0,859.0,0.0,0.0,0.25029103608847497
47.0,7.0,33.0,0.3,0.1,0.8,4.0,841.0,0.0,0.0,0.24494649227110582
47.0,7.0,34.0,0.3,0.1,0.8,4.0,847.0,0.0,0.0,0.24793388429752067
47.0,7.0,35.0,0.3,0.1,0.8,4.0,833.0,0.0,0.0,0.24489795918367346
47.0,7.0,36.0,0.3,0.1,0.8,4.0,831.0,0.0,0.0,0.24428399518652227
47.0,7.0,37.0,0.3,0.1,0.8,4.0,831.0,0.0,0.0,0.2430806257521059
47.0,7.0,38.0,0.3,0.1,0.8,4.0,830.0,0.0,0.0,0.2433734939759036
47.0,7.0,39.0,0.3,0.1,0.8,4.0,831.0,0.0,0.0,0.2430806257521059
47.0,7.0,40.0,0.3,0.1,0.8,4.0,817.0,0.0,0.0,0.2460220318237454
47.0,7.0,41.0,0.3,0.1,0.8,4.0,808.0,0.0,0.0,0.24504950495049505
47.0,7.0,42.0,0.3,0.1,0.8,4.0,793.0,0.0,0.0,0.2471626733921816
47.0,7.0,43.0,0.3,0.1,0.8,4.0,795.0,0.0,0.0,0.24654088050314465
47.0,7.0,44.0,0.3,0.1,0.8,4.0,794.0,0.0,0.0,0.24811083123425692
47.0,7.0,45.0,0.3,0.1,0.8,4.0,797.0,0.0,0.0,0.42910915934755334
47.0,7.0,46.0,0.3,0.1,0.8,4.0,793.0,0.0,0.0,0.4300126103404792
47.0,7.0,47.0,0.3,0.1,0.8,4.0,783.0,0.0,0.0,0.42911877394636017
47.0,7.0,48.0,0.3,0.1,0.8,4.0,763.0,0.0,0.0,0.4325032765399738
47.0,7.0,49.0,0.3,0.1,0.8,4.0,744.0,0.0,0.0,0.43548387096774194
47.0,7.0,50.0,0.3,0.1,0.8,4.0,741.0,0.0,0.0,0.43859649122807015
47.0,7.0,51.0,0.3,0.1,0.8,4.0,741.0,0.0,0.0,0.4358974358974359
47.0,7.0,52.0,0.3,0.1,0.8,4.0,740.0,0.0,0.0,0.43783783783783786
47.0,8.0,1.0,0.3,0.1,0.8,4.0,740.0,0.0,0.0,0.43513513513513513
47.0,8.0,2.0,0.3,0.1,0.8,4.0,737.0,0.0,0.0,0.43826322930800543
47.0,8.0,3.0,0.3,0.1,0.8,4.0,735.0,0.0,0.0,0.43537414965986393
47.0,8.0,4.0,0.3,0.1,0.8,4.0,706.0,0.0,0.0,0.44192634560906513
47.0,8.0,5.0,0.3,0.1,0.8,4.0,703.0,0.0,0.0,0.4395448079658606
47.0,8.0,6.0,0.3,0.1,0.8,4.0,704.0,0.0,0.0,0.44176136363636365
47.0,8.0,7.0,0.3,0.1,0.8,4.0,690.0,0.0,0.0,0.4391304347826087
47.0,8.0,8.0,0.3,0.1,0.8,4.0,675.0,0.0,0.0,0.44592592592592595
47.0,8.0,9.0,0.3,0.1,0.8,4.0,671.0,0.0,0.0,0.44709388971684055
47.0,8.0,10.0,0.3,0.1,0.8,4.0,673.0,0.0,0.0,0.4487369985141159
47.0,8.0,11.0,0.3,0.1,0.8,4.0,667.0,0.0,0.0,0.4497751124437781
47.0,8.0,12.0,0.3,0.1,0.8,4.0,666.0,0.0,0.0,0.45345345345345345
47.0,8.0,13.0,0.3,0.1,0.8,4.0,665.0,0.0,0.0,0.45263157894736844
47.0,8.0,14.0,0.3,0.1,0.8,4.0,641.0,0.0,0.0,0.44929797191887677
47.0,8.0,15.0,0.3,0.1,0.8,4.0,642.0,0.0,0.0,0.4470404984423676
47.0,8.0,16.0,0.3,0.1,0.8,4.0,628.0,0.0,0.0,0.45222929936305734
47.0,8.0,17.0,0.3,0.1,0.8,4.0,630.0,0.0,0.0,0.4492063492063492
47.0,8.0,18.0,0.3,0.1,0.8,4.0,628.0,0.0,0.0,0.45222929936305734
47.0,8.0,19.0,0.3,0.1,0.8,4.0,629.0,0.0,0.0,0.44992050874403816
47.0,8.0,20.0,0.3,0.1,0.8,4.0,1121.0,0.0,0.0,0.2488849241748439
47.0,8.0,21.0,0.3,0.1,0.8,4.0,1120.0,0.0,0.0,0.24464285714285713
47.0,8.0,22.0,0.3,0.1,0.8,4.0,1068.0,0.0,0.0,0.24906367041198502
47.0,8.0,23.0,0.3,0.1,0.8,4.0,1028.0,0.0,0.0,0.2441634241245136
47.0,8.0,24.0,0.3,0.1,0.8,4.0,986.0,0.0,0.0,0.24949290060851928
47.0,8.0,25.0,0.3,0.1,0.8,4.0,961.0,0.0,0.0,0.25286160249739853
47.0,8.0,26.0,0.3,0.1,0.8,4.0,923.0,0.0,0.0,0.2589382448537378
47.0,8.0,27.0,0.3,0.1,0.8,4.0,933.0,0.0,0.0,0.2583065380493033
47.0,8.0,28.0,0.3,0.1,0.8,4.0,907.0,0.0,0.0,0.26350606394707826
47.0,8.0,29.0,0.3,0.1,0.8,4.0,874.0,0.0,0.0,0.2654462242562929
47.0,8.0,30.0,0.3,0.1,0.8,4.0,881.0,0.0,0.0,0.2656072644721907
47.0,8.0,31.0,0.3,0.1,0.8,4.0,837.0,0.0,0.0,0.27001194743130225
47.0,8.0,32.0,0.3,0.1,0.8,4.0,844.0,0.0,0.0,0.27014218009478674
47.0,8.0,33.0,0.3,0.1,0.8,4.0,820.0,0.0,0.0,0.27195121951219514
47.0,8.0,34.0,0.3,0.1,0.8,4.0,826.0,0.0,0.0,0.2711864406779661
47.0,8.0,35.0,0.3,0.1,0.8,4.0,820.0,0.0,0.0,0.27195121951219514
47.0,8.0,36.0,0.3,0.1,0.8,4.0,826.0,0.0,0.0,0.2711864406779661
47.0,8.0,37.0,0.3,0.1,0.8,4.0,820.0,0.0,0.0,0.27195121951219514
47.0,8.0,38.0,0.3,0.1,0.8,4.0,826.0,0.0,0.0,0.2711864406779661
47.0,8.0,39.0,0.3,0.1,0.8,4.0,810.0,0.0,0.0,0.27283950617283953
47.0,8.0,40.0,0.3,0.1,0.8,4.0,815.0,0.0,0.0,0.2723926380368098
47.0,8.0,41.0,0.3,0.1,0.8,4.0,792.0,0.0,0.0,0.2765151515151515
47.0,8.0,42.0,0.3,0.1,0.8,4.0,785.0,0.0,0.0,0.2764331210191083
47.0,8.0,43.0,0.3,0.1,0.8,4.0,780.0,0.0,0.0,0.27692307692307694
47.0,8.0,44.0,0.3,0.1,0.8,4.0,763.0,0.0,0.0,0.2804718217562254
47.0,8.0,45.0,0.3,0.1,0.8,4.0,757.0,0.0,0.0,0.4385733157199472
47.0,8.0,46.0,0.3,0.1,0.8,4.0,750.0,0.0,0.0,0.43866666666666665
47.0,8.0,47.0,0.3,0.1,0.8,4.0,747.0,0.0,0.0,0.4390896921017403
47.0,8.0,48.0,0.3,0.1,0.8,4.0,723.0,0.0,0.0,0.44398340248962653
47.0,8.0,49.0,0.3,0.1,0.8,4.0,719.0,0.0,0.0,0.44367176634214184
47.0,8.0,50.0,0.3,0.1,0.8,4.0,723.0,0.0,0.0,0.44398340248962653
47.0,8.0,51.0,0.3,0.1,0.8,4.0,719.0,0.0,0.0,0.44367176634214184
47.0,8.0,52.0,0.3,0.1,0.8,4.0,720.0,0.0,0.0,0.44583333333333336
47.0,9.0,1.0,0.3,0.1,0.8,4.0,714.0,0.0,0.0,0.44677871148459386
47.0,9.0,2.0,0.3,0.1,0.8,4.0,718.0,0.0,0.0,0.44707520891364905
47.0,9.0,3.0,0.3,0.1,0.8,4.0,714.0,0.0,0.0,0.44677871148459386
47.0,9.0,4.0,0.3,0.1,0.8,4.0,702.0,0.0,0.0,0.4458689458689459
47.0,9.0,5.0,0.3,0.1,0.8,4.0,697.0,0.0,0.0,0.44619799139167865
47.0,9.0,6.0,0.3,0.1,0.8,4.0,698.0,0.0,0.0,0.44412607449856734
47.0,9.0,7.0,0.3,0.1,0.8,4.0,693.0,0.0,0.0,0.44733044733044736
47.0,9.0,8.0,0.3,0.1,0.8,4.0,694.0,0.0,0.0,0.4438040345821326
47.0,9.0,9.0,0.3,0.1,0.8,4.0,691.0,0.0,0.0,0.44573082489146165
47.0,9.0,10.0,0.3,0.1,0.8,4.0,690.0,0.0,0.0,0.4463768115942029
47.0,9.0,11.0,0.3,0.1,0.8,4.0,688.0,0.0,0.0,0.4476744186046512
47.0,9.0,12.0,0.3,0.1,0.8,4.0,689.0,0.0,0.0,0.44702467343976776
47.0,9.0,13.0,0.3,0.1,0.8,4.0,677.0,0.0,0.0,0.44903988183161003
47.0,9.0,14.0,0.3,0.1,0.8,4.0,677.0,0.0,0.0,0.44903988183161003
47.0,9.0,15.0,0.3,0.1,0.8,4.0,661.0,0.0,0.0,0.44780635400907715
47.0,9.0,16.0,0.3,0.1,0.8,4.0,663.0,0.0,0.0,0.4464555052790347
47.0,9.0,17.0,0.3,0.1,0.8,4.0,660.0,0.0,0.0,0.45
47.0,9.0,18.0,0.3,0.1,0.8,4.0,662.0,0.0,0.0,0.4471299093655589
47.0,9.0,19.0,0.3,0.1,0.8,4.0,660.0,0.0,0.0,0.45
47.0,9.0,20.0,0.3,0.1,0.8,4.0,1185.0,0.0,0.0,0.23291139240506328
47.0,9.0,21.0,0.3,0.1,0.8,4.0,1151.0,0.0,0.0,0.23544743701129453
47.0,9.0,22.0,0.3,0.1,0.8,4.0,1127.0,0.0,0.0,0.23247559893522626
47.0,9.0,23.0,0.3,0.1,0.8,4.0,1092.0,0.0,0.0,0.23717948717948717
47.0,9.0,24.0,0.3,0.1,0.8,4.0,1058.0,0.0,0.0,0.23724007561436672
47.0,9.0,25.0,0.3,0.1,0.8,4.0,1053.0,0.0,0.0,0.24121557454890788
47.0,9.0,26.0,0.3,0.1,0.8,4.0,1046.0,0.0,0.0,0.23804971319311663
47.0,9.0,27.0,0.3,0.1,0.8,4.0,1031.0,0.0,0.0,0.24248302618816683
47.0,9.0,28.0,0.3,0.1,0.8,4.0,1034.0,0.0,0.0,0.23887814313346228
47.0,9.0,29.0,0.3,0.1,0.8,4.0,1031.0,0.0,0.0,0.24248302618816683
47.0,9.0,30.0,0.3,0.1,0.8,4.0,996.0,0.0,0.0,0.24096385542168675
47.0,9.0,31.0,0.3,0.1,0.8,4.0,981.0,0.0,0.0,0.24464831804281345
47.0,9.0,32.0,0.3,0.1,0.8,4.0,969.0,0.0,0.0,0.24458204334365324
47.0,9.0,33.0,0.3,0.1,0.8,4.0,957.0,0.0,0.0,0.2497387669801463
47.0,9.0,34.0,0.3,0.1,0.8,4.0,957.0,0.0,0.0,0.2476489028213166
47.0,9.0,35.0,0.3,0.1,0.8,4.0,945.0,0.0,0.0,0.2507936507936508
47.0,9.0,36.0,0.3,0.1,0.8,4.0,934.0,0.0,0.0,0.2494646680942184
47.0,9.0,37.0,0.3,0.1,0.8,4.0,932.0,0.0,0.0,0.2510729613733906
47.0,9.0,38.0,0.3,0.1,0.8,4.0,934.0,0.0,0.0,0.2494646680942184
47.0,9.0,39.0,0.3,0.1,0.8,4.0,909.0,0.0,0.0,0.2552255225522552
47.0,9.0,40.0,0.3,0.1,0.8,4.0,891.0,0.0,0.0,0.2570145903479237
47.0,9.0,41.0,0.3,0.1,0.8,4.0,871.0,0.0,0.0,0.26406429391504016
47.0,9.0,42.0,0.3,0.1,0.8,4.0,876.0,0.0,0.0,0.2614155251141553
47.0,9.0,43.0,0.3,0.1,0.8,4.0,850.0,0.0,0.0,0.26941176470588235
47.0,9.0,44.0,0.3,0.1,0.8,4.0,848.0,0.0,0.0,0.2688679245283019
47.0,9.0,45.0,0.3,0.1,0.8,4.0,850.0,0.0,0.0,0.4082352941176471
47.0,9.0,46.0,0.3,0.1,0.8,4.0,848.0,0.0,0.0,0.4068396226415094
47.0,9.0,47.0,0.3,0.1,0.8,4.0,826.0,0.0,0.0,0.4092009685230024
47.0,9.0,48.0,0.3,0.1,0.8,4.0,825.0,0.0,0.0,0.4072727272727273
47.0,9.0,49.0,0.3,0.1,0.8,4.0,800.0,0.0,0.0,0.41
47.0,9.0,50.0,0.3,0.1,0.8,4.0,800.0,0.0,0.0,0.40875
47.0,9.0,51.0,0.3,0.1,0.8,4.0,798.0,0.0,0.0,0.41102756892230574
47.0,9.0,52.0,0.3,0.1,0.8,4.0,785.0,0.0,0.0,0.4152866242038217
47.0,10.0,1.0,0.3,0.1,0.8,4.0,771.0,0.0,0.0,0.4176394293125811
47.0,10.0,2.0,0.3,0.1,0.8,4.0,772.0,0.0,0.0,0.4170984455958549
47.0,10.0,3.0,0.3,0.1,0.8,4.0,771.0,0.0,0.0,0.4163424124513619
47.0,10.0,4.0,0.3,0.1,0.8,4.0,773.0,0.0,0.0,0.4178525226390686
47.0,10.0,5.0,0.3,0.1,0.8,4.0,771.0,0.0,0.0,0.4163424124513619
47.0,10.0,6.0,0.3,0.1,0.8,4.0,770.0,0.0,0.0,0.41688311688311686
47.0,10.0,7.0,0.3,0.1,0.8,4.0,757.0,0.0,0.0,0.41743725231175693
47.0,10.0,8.0,0.3,0.1,0.8,4.0,756.0,0.0,0.0,0.4166666666666667
47.0,10.0,9.0,0.3,0.1,0.8,4.0,753.0,0.0,0.0,0.4169986719787517
47.0,10.0,10.0,0.3,0.1,0.8,4.0,751.0,0.0,0.0,0.4181091877496671
47.0,10.0,11.0,0.3,0.1,0.8,4.0,747.0,0.0,0.0,0.4203480589022758
47.0,10.0,12.0,0.3,0.1,0.8,4.0,749.0,0.0,0.0,0.4192256341789052
47.0,10.0,13.0,0.3,0.1,0.8,4.0,748.0,0.0,0.0,0.4197860962566845
47.0,10.0,14.0,0.3,0.1,0.8,4.0,747.0,0.0,0.0,0.4190093708165997
47.0,10.0,15.0,0.3,0.1,0.8,4.0,745.0,0.0,0.0,0.4214765100671141
47.0,10.0,16.0,0.3,0.1,0.8,4.0,745.0,0.0,0.0,0.42013422818791946
47.0,10.0,17.0,0.3,0.1,0.8,4.0,746.0,0.0,0.0,0.42091152815013405
47.0,10.0,18.0,0.3,0.1,0.8,4.0,743.0,0.0,0.0,0.42126514131897713
47.0,10.0,19.0,0.3,0.1,0.8,4.0,746.0,0.0,0.0,0.42091152815013405
47.0,10.0,20.0,0.3,0.1,0.8,4.0,1302.0,0.0,0.0,0.22657450076804916
47.0,10.0,21.0,0.3,0.1,0.8,4.0,1301.0,0.0,0.0,0.2275172943889316
47.0,10.0,22.0,0.3,0.1,0.8,4.0,1288.0,0.0,0.0,0.2267080745341615
47.0,10.0,23.0,0.3,0.1,0.8,4.0,1273.0,0.0,0.0,0.2270227808326787
47.0,10.0,24.0,0.3,0.1,0.8,4.0,1242.0,0.0,0.0,0.2318840579710145
47.0,10.0,25.0,0.3,0.1,0.8,4.0,1184.0,0.0,0.0,0.23395270270270271
47.0,10.0,26.0,0.3,0.1,0.8,4.0,1156.0,0.0,0.0,0.23875432525951557
47.0,10.0,27.0,0.3,0.1,0.8,4.0,1125.0,0.0,0.0,0.2408888888888889
47.0,10.0,28.0,0.3,0.1,0.8,4.0,1126.0,0.0,0.0,0.24156305506216696
47.0,10.0,29.0,0.3,0.1,0.8,4.0,1098.0,0.0,0.0,0.24225865209471767
47.0,10.0,30.0,0.3,0.1,0.8,4.0,1076.0,0.0,0.0,0.2425650557620818
47.0,10.0,31.0,0.3,0.1,0.8,4.0,1056.0,0.0,0.0,0.24526515151515152
47.0,10.0,32.0,0.3,0.1,0.8,4.0,1011.0,0.0,0.0,0.24629080118694363
47.0,10.0,33.0,0.3,0.1,0.8,4.0,998.0,0.0,0.0,0.24649298597194388
47.0,10.0,34.0,0.3,0.1,0.8,4.0,999.0,0.0,0.0,0.24724724724724725
47.0,10.0,35.0,0.3,0.1,0.8,4.0,972.0,0.0,0.0,0.25
47.0,10.0,36.0,0.3,0.1,0.8,4.0,960.0,0.0,0.0,0.25416666666666665
47.0,10.0,37.0,0.3,0.1,0.8,4.0,963.0,0.0,0.0,0.2533748701973001
47.0,10.0,38.0,0.3,0.1,0.8,4.0,949.0,0.0,0.0,0.2581664910432034
47.0,10.0,39.0,0.3,0.1,0.8,4.0,950.0,0.0,0.0,0.25684210526315787
47.0,10.0,40.0,0.3,0.1,0.8,4.0,949.0,0.0,0.0,0.2581664910432034
47.0,10.0,41.0,0.3,0.1,0.8,4.0,935.0,0.0,0.0,0.25989304812834224
47.0,10.0,42.0,0.3,0.1,0.8,4.0,888.0,0.0,0.0,0.26463963963963966
47.0,10.0,43.0,0.3,0.1,0.8,4.0,887.0,0.0,0.0,0.2638105975197294
47.0,10.0,44.0,0.3,0.1,0.8,4.0,872.0,0.0,0.0,0.26605504587155965
47.0,10.0,45.0,0.3,0.1,0.8,4.0,864.0,0.0,0.0,0.4270833333333333
47.0,10.0,46.0,0.3,0.1,0.8,4.0,853.0,0.0,0.0,0.43024618991793667
47.0,10.0,47.0,0.3,0.1,0.8,4.0,829.0,0.0,0.0,0.43184559710494574
47.0,10.0,48.0,0.3,0.1,0.8,4.0,817.0,0.0,0.0,0.43329253365973075
47.0,10.0,49.0,0.3,0.1,0.8,4.0,803.0,0.0,0.0,0.43711083437110837
47.0,10.0,50.0,0.3,0.1,0.8,4.0,804.0,0.0,0.0,0.43656716417910446
47.0,10.0,51.0,0.3,0.1,0.8,4.0,807.0,0.0,0.0,0.4349442379182156
47.0,10.0,52.0,0.3,0.1,0.8,4.0,807.0,0.0,0.0,0.4349442379182156
48.0,1.0,1.0,0.3,0.1,0.8,4.0,5041.0,53.0,11.0,0.29220392779210475
48.0,1.0,2.0,0.3,0.1,0.8,4.0,5011.0,56.0,21.0,0.29135901017760923
48.0,1.0,3.0,0.3,0.1,0.8,4.0,4963.0,63.0,32.0,0.2923634898247028
48.0,1.0,4.0,0.3,0.1,0.8,4.0,4918.0,76.0,30.0,0.2950386335908906
48.0,1.0,5.0,0.3,0.1,0.8,4.0,4939.0,93.0,28.0,0.2952014577849767
48.0,1.0,6.0,0.3,0.1,0.8,4.0,4890.0,105.0,36.0,0.29611451942740286
48.0,1.0,7.0,0.3,0.1,0.8,4.0,4676.0,118.0,43.0,0.29875962360992303
48.0,1.0,8.0,0.3,0.1,0.8,4.0,4544.0,138.0,56.0,0.2984154929577465
48.0,1.0,9.0,0.3,0.1,0.8,4.0,4336.0,143.0,61.0,0.3000461254612546
48.0,1.0,10.0,0.3,0.1,0.8,4.0,4241.0,167.0,76.0,0.3013440226361707
48.0,1.0,11.0,0.3,0.1,0.8,4.0,4081.0,194.0,81.0,0.3026219063954913
48.0,1.0,12.0,0.3,0.1,0.8,4.0,3999.0,215.0,83.0,0.304576144036009
48.0,1.0,13.0,0.3,0.1,0.8,4.0,3879.0,221.0,96.0,0.30574890435679297
48.0,1.0,14.0,0.3,0.1,0.8,4.0,3780.0,232.0,111.0,0.30846560846560844
48.0,1.0,15.0,0.3,0.1,0.8,4.0,3698.0,246.0,114.0,0.30935640886965926
48.0,1.0,16.0,0.3,0.1,0.8,4.0,3549.0,224.0,89.0,0.3136094674556213
48.0,1.0,17.0,0.3,0.1,0.8,4.0,3468.0,216.0,94.0,0.3168973471741638
48.0,1.0,18.0,0.3,0.1,0.8,4.0,3376.0,211.0,107.0,0.32020142180094785
48.0,1.0,19.0,0.3,0.1,0.8,4.0,3292.0,207.0,111.0,0.3192588092345079
48.0,1.0,20.0,0.3,0.1,0.8,4.0,6128.0,190.0,98.0,0.16824412532637076
48.0,1.0,21.0,0.3,0.1,0.8,4.0,5836.0,232.0,91.0,0.16792323509252913
48.0,1.0,22.0,0.3,0.1,0.8,4.0,5433.0,267.0,91.0,0.17117614577581447
48.0,1.0,23.0,0.3,0.1,0.8,4.0,5040.0,265.0,106.0,0.1761904761904762
48.0,1.0,24.0,0.3,0.1,0.8,4.0,4860.0,282.0,116.0,0.17962962962962964
48.0,1.0,25.0,0.3,0.1,0.8,4.0,4637.0,319.0,143.0,0.18136726331679964
48.0,1.0,26.0,0.3,0.1,0.8,4.0,4415.0,324.0,146.0,0.18595696489241223
48.0,1.0,27.0,0.3,0.1,0.8,4.0,4255.0,343.0,151.0,0.18848413631022326
48.0,1.0,28.0,0.3,0.1,0.8,4.0,4069.0,354.0,129.0,0.19267633325141312
48.0,1.0,29.0,0.3,0.1,0.8,4.0,3875.0,376.0,143.0,0.19535483870967743
48.0,1.0,30.0,0.3,0.1,0.8,4.0,3723.0,394.0,166.0,0.20064464141821112
48.0,1.0,31.0,0.3,0.1,0.8,4.0,3587.0,423.0,190.0,0.19988848620016728
48.0,1.0,32.0,0.3,0.1,0.8,4.0,3456.0,437.0,193.0,0.20283564814814814
48.0,1.0,33.0,0.3,0.1,0.8,4.0,3298.0,453.0,198.0,0.20982413583990298
48.0,1.0,34.0,0.3,0.1,0.8,4.0,3161.0,454.0,209.0,0.2157545080670674
48.0,1.0,35.0,0.3,0.1,0.8,4.0,3018.0,456.0,228.0,0.22233267064280982
48.0,1.0,36.0,0.3,0.1,0.8,4.0,2841.0,412.0,202.0,0.2316085885251672
48.0,1.0,37.0,0.3,0.1,0.8,4.0,2670.0,362.0,185.0,0.23857677902621724
48.0,1.0,38.0,0.3,0.1,0.8,4.0,2532.0,357.0,178.0,0.24605055292259084
48.0,1.0,39.0,0.3,0.1,0.8,4.0,2378.0,347.0,157.0,0.25609756097560976
48.0,1.0,40.0,0.3,0.1,0.8,4.0,2286.0,321.0,151.0,0.2642169728783902
48.0,1.0,41.0,0.3,0.1,0.8,4.0,2164.0,295.0,151.0,0.27495378927911274
48.0,1.0,42.0,0.3,0.1,0.8,4.0,2101.0,286.0,153.0,0.28224654926225606
48.0,1.0,43.0,0.3,0.1,0.8,4.0,1994.0,260.0,140.0,0.2933801404212638
48.0,1.0,44.0,0.3,0.1,0.8,4.0,1912.0,229.0,120.0,0.301255230125523
48.0,1.0,45.0,0.3,0.1,0.8,4.0,1848.0,200.0,112.0,0.4659090909090909
48.0,1.0,46.0,0.3,0.1,0.8,4.0,1784.0,174.0,99.0,0.4736547085201794
48.0,1.0,47.0,0.3,0.1,0.8,4.0,1727.0,155.0,88.0,0.4788650839606254
48.0,1.0,48.0,0.3,0.1,0.8,4.0,1665.0,120.0,60.0,0.4846846846846847
48.0,1.0,49.0,0.3,0.1,0.8,4.0,1622.0,108.0,55.0,0.49013563501849566
48.0,1.0,50.0,0.3,0.1,0.8,4.0,1589.0,100.0,61.0,0.49590937696664567
48.0,1.0,51.0,0.3,0.1,0.8,4.0,1558.0,100.0,56.0,0.49743260590500643
48.0,1.0,52.0,0.3,0.1,0.8,4.0,1523.0,95.0,57.0,0.5022980958634274
48.0,2.0,1.0,0.3,0.1,0.8,4.0,1488.0,89.0,44.0,0.5100806451612904
48.0,2.0,2.0,0.3,0.1,0.8,4.0,1467.0,83.0,39.0,0.5132924335378323
48.0,2.0,3.0,0.3,0.1,0.8,4.0,1443.0,73.0,31.0,0.5190575190575191
48.0,2.0,4.0,0.3,0.1,0.8,4.0,1418.0,62.0,25.0,0.5225669957686883
48.0,2.0,5.0,0.3,0.1,0.8,4.0,1411.0,68.0,32.0,0.523033309709426
48.0,2.0,6.0,0.3,0.1,0.8,4.0,1383.0,58.0,27.0,0.5278380332610267
48.0,2.0,7.0,0.3,0.1,0.8,4.0,1348.0,55.0,27.0,0.5281899109792285
48.0,2.0,8.0,0.3,0.1,0.8,4.0,1306.0,53.0,26.0,0.5352220520673813
48.0,2.0,9.0,0.3,0.1,0.8,4.0,1291.0,46.0,24.0,0.5422153369481022
48.0,2.0,10.0,0.3,0.1,0.8,4.0,1259.0,44.0,28.0,0.5432883240667196
48.0,2.0,11.0,0.3,0.1,0.8,4.0,1242.0,41.0,24.0,0.5499194847020934
48.0,2.0,12.0,0.3,0.1,0.8,4.0,1220.0,38.0,18.0,0.5540983606557377
48.0,2.0,13.0,0.3,0.1,0.8,4.0,1205.0,29.0,14.0,0.5593360995850623
48.0,2.0,14.0,0.3,0.1,0.8,4.0,1189.0,25.0,12.0,0.5609756097560976
48.0,2.0,15.0,0.3,0.1,0.8,4.0,1174.0,23.0,12.0,0.5630323679727428
48.0,2.0,16.0,0.3,0.1,0.8,4.0,1160.0,17.0,11.0,0.5655172413793104
48.0,2.0,17.0,0.3,0.1,0.8,4.0,1153.0,16.0,12.0,0.5680832610581092
48.0,2.0,18.0,0.3,0.1,0.8,4.0,1145.0,16.0,10.0,0.5676855895196506
48.0,2.0,19.0,0.3,0.1,0.8,4.0,1135.0,11.0,5.0,0.5700440528634361
48.0,2.0,20.0,0.3,0.1,0.8,4.0,2046.0,8.0,3.0,0.31329423264907136
48.0,2.0,21.0,0.3,0.1,0.8,4.0,2007.0,8.0,4.0,0.31340308918784254
48.0,2.0,22.0,0.3,0.1,0.8,4.0,1950.0,11.0,4.0,0.3128205128205128
48.0,2.0,23.0,0.3,0.1,0.8,4.0,1902.0,12.0,4.0,0.3138801261829653
48.0,2.0,24.0,0.3,0.1,0.8,4.0,1871.0,12.0,5.0,0.31480491715660075
48.0,2.0,25.0,0.3,0.1,0.8,4.0,1835.0,13.0,4.0,0.3188010899182561
48.0,2.0,26.0,0.3,0.1,0.8,4.0,1775.0,14.0,5.0,0.31661971830985913
48.0,2.0,27.0,0.3,0.1,0.8,4.0,1759.0,14.0,6.0,0.32177373507674817
48.0,2.0,28.0,0.3,0.1,0.8,4.0,1751.0,17.0,10.0,0.31867504283266707
48.0,2.0,29.0,0.3,0.1,0.8,4.0,1729.0,14.0,6.0,0.32041642567958356
48.0,2.0,30.0,0.3,0.1,0.8,4.0,1683.0,17.0,8.0,0.3196672608437314
48.0,2.0,31.0,0.3,0.1,0.8,4.0,1658.0,11.0,5.0,0.32147165259348615
48.0,2.0,32.0,0.3,0.1,0.8,4.0,1657.0,18.0,9.0,0.31985515992757996
48.0,2.0,33.0,0.3,0.1,0.8,4.0,1595.0,13.0,5.0,0.322884012539185
48.0,2.0,34.0,0.3,0.1,0.8,4.0,1573.0,15.0,7.0,0.3210425937698665
48.0,2.0,35.0,0.3,0.1,0.8,4.0,1521.0,11.0,7.0,0.32084155161078237
48.0,2.0,36.0,0.3,0.1,0.8,4.0,1506.0,13.0,6.0,0.32138114209827356
48.0,2.0,37.0,0.3,0.1,0.8,4.0,1450.0,9.0,4.0,0.3275862068965517
48.0,2.0,38.0,0.3,0.1,0.8,4.0,1438.0,7.0,5.0,0.3282336578581363
48.0,2.0,39.0,0.3,0.1,0.8,4.0,1424.0,8.0,4.0,0.3279494382022472
48.0,2.0,40.0,0.3,0.1,0.8,4.0,1418.0,7.0,4.0,0.32722143864598024
48.0,2.0,41.0,0.3,0.1,0.8,4.0,1394.0,6.0,3.0,0.3285509325681492
48.0,2.0,42.0,0.3,0.1,0.8,4.0,1368.0,5.0,2.0,0.33114035087719296
48.0,2.0,43.0,0.3,0.1,0.8,4.0,1355.0,4.0,2.0,0.33062730627306275
48.0,2.0,44.0,0.3,0.1,0.8,4.0,1328.0,4.0,2.0,0.3305722891566265
48.0,2.0,45.0,0.3,0.1,0.8,4.0,1309.0,4.0,2.0,0.4774637127578304
48.0,2.0,46.0,0.3,0.1,0.8,4.0,1283.0,3.0,3.0,0.47778643803585347
48.0,2.0,47.0,0.3,0.1,0.8,4.0,1244.0,3.0,2.0,0.4815112540192926
48.0,2.0,48.0,0.3,0.1,0.8,4.0,1223.0,3.0,2.0,0.4807849550286182
48.0,2.0,49.0,0.3,0.1,0.8,4.0,1229.0,1.0,1.0,0.48006509357200977
48.0,2.0,50.0,0.3,0.1,0.8,4.0,1199.0,1.0,1.0,0.48123436196830693
48.0,2.0,51.0,0.3,0.1,0.8,4.0,1198.0,1.0,1.0,0.47996661101836396
48.0,2.0,52.0,0.3,0.1,0.8,4.0,1169.0,1.0,0.0,0.48075278015397777
48.0,3.0,1.0,0.3,0.1,0.8,4.0,1163.0,1.0,0.0,0.47893379191745483
48.0,3.0,2.0,0.3,0.1,0.8,4.0,1137.0,1.0,0.0,0.47405452946350046
48.0,3.0,3.0,0.3,0.1,0.8,4.0,1124.0,1.0,0.0,0.4786476868327402
48.0,3.0,4.0,0.3,0.1,0.8,4.0,1102.0,1.0,0.0,0.4745916515426497
48.0,3.0,5.0,0.3,0.1,0.8,4.0,1088.0,1.0,0.0,0.47702205882352944
48.0,3.0,6.0,0.3,0.1,0.8,4.0,1078.0,1.0,0.0,0.474025974025974
48.0,3.0,7.0,0.3,0.1,0.8,4.0,1071.0,1.0,0.0,0.477124183006536
48.0,3.0,8.0,0.3,0.1,0.8,4.0,1053.0,1.0,1.0,0.4757834757834758
48.0,3.0,9.0,0.3,0.1,0.8,4.0,1053.0,1.0,1.0,0.47768281101614435
48.0,3.0,10.0,0.3,0.1,0.8,4.0,1041.0,1.0,1.0,0.47646493756003844
48.0,3.0,11.0,0.3,0.1,0.8,4.0,1012.0,0.0,0.0,0.48221343873517786
48.0,3.0,12.0,0.3,0.1,0.8,4.0,999.0,0.0,0.0,0.4794794794794795
48.0,3.0,13.0,0.3,0.1,0.8,4.0,984.0,0.0,0.0,0.48577235772357724
48.0,3.0,14.0,0.3,0.1,0.8,4.0,976.0,0.0,0.0,0.48463114754098363
48.0,3.0,15.0,0.3,0.1,0.8,4.0,980.0,0.0,0.0,0.4857142857142857
48.0,3.0,16.0,0.3,0.1,0.8,4.0,969.0,0.0,0.0,0.48297213622291024
48.0,3.0,17.0,0.3,0.1,0.8,4.0,974.0,0.0,0.0,0.48357289527720737
48.0,3.0,18.0,0.3,0.1,0.8,4.0,952.0,0.0,0.0,0.4810924369747899
48.0,3.0,19.0,0.3,0.1,0.8,4.0,950.0,0.0,0.0,0.48
48.0,3.0,20.0,0.3,0.1,0.8,4.0,1726.0,0.0,0.0,0.2589803012746234
48.0,3.0,21.0,0.3,0.1,0.8,4.0,1681.0,0.0,0.0,0.25639500297441997
48.0,3.0,22.0,0.3,0.1,0.8,4.0,1582.0,0.0,0.0,0.25853350189633373
48.0,3.0,23.0,0.3,0.1,0.8,4.0,1562.0,0.0,0.0,0.2586427656850192
48.0,3.0,24.0,0.3,0.1,0.8,4.0,1543.0,0.0,0.0,0.26053143227478937
48.0,3.0,25.0,0.3,0.1,0.8,4.0,1500.0,0.0,0.0,0.26266666666666666
48.0,3.0,26.0,0.3,0.1,0.8,4.0,1458.0,0.0,0.0,0.2654320987654321
48.0,3.0,27.0,0.3,0.1,0.8,4.0,1454.0,0.0,0.0,0.2627235213204952
48.0,3.0,28.0,0.3,0.1,0.8,4.0,1419.0,0.0,0.0,0.2607470049330514
48.0,3.0,29.0,0.3,0.1,0.8,4.0,1393.0,0.0,0.0,0.2648959081119885
48.0,3.0,30.0,0.3,0.1,0.8,4.0,1335.0,0.0,0.0,0.2636704119850187
48.0,3.0,31.0,0.3,0.1,0.8,4.0,1294.0,0.0,0.0,0.26584234930448225
48.0,3.0,32.0,0.3,0.1,0.8,4.0,1279.0,0.0,0.0,0.2658326817826427
48.0,3.0,33.0,0.3,0.1,0.8,4.0,1267.0,0.0,0.0,0.2644041041831097
48.0,3.0,34.0,0.3,0.1,0.8,4.0,1255.0,0.0,0.0,0.2653386454183267
48.0,3.0,35.0,0.3,0.1,0.8,4.0,1253.0,0.0,0.0,0.2633679169992019
48.0,3.0,36.0,0.3,0.1,0.8,4.0,1218.0,0.0,0.0,0.2627257799671593
48.0,3.0,37.0,0.3,0.1,0.8,4.0,1199.0,0.0,0.0,0.26438698915763137
48.0,3.0,38.0,0.3,0.1,0.8,4.0,1135.0,0.0,0.0,0.2687224669603524
48.0,3.0,39.0,0.3,0.1,0.8,4.0,1125.0,0.0,0.0,0.26844444444444443
48.0,3.0,40.0,0.3,0.1,0.8,4.0,1109.0,0.0,0.0,0.26690712353471596
48.0,3.0,41.0,0.3,0.1,0.8,4.0,1072.0,0.0,0.0,0.26492537313432835
48.0,3.0,42.0,0.3,0.1,0.8,4.0,1065.0,0.0,0.0,0.26572769953051645
48.0,3.0,43.0,0.3,0.1,0.8,4.0,1057.0,0.0,0.0,0.26773888363292336
48.0,3.0,44.0,0.3,0.1,0.8,4.0,1043.0,0.0,0.0,0.2684563758389262
48.0,3.0,45.0,0.3,0.1,0.8,4.0,1044.0,0.0,0.0,0.41379310344827586
48.0,3.0,46.0,0.3,0.1,0.8,4.0,1016.0,0.0,0.0,0.41141732283464566
48.0,3.0,47.0,0.3,0.1,0.8,4.0,1019.0,0.0,0.0,0.4111874386653582
48.0,3.0,48.0,0.3,0.1,0.8,4.0,993.0,0.0,0.0,0.4108761329305136
48.0,3.0,49.0,0.3,0.1,0.8,4.0,1003.0,0.0,0.0,0.4117647058823529
48.0,3.0,50.0,0.3,0.1,0.8,4.0,967.0,0.0,0.0,0.41158221302998965
48.0,3.0,51.0,0.3,0.1,0.8,4.0,965.0,0.0,0.0,0.41450777202072536
48.0,3.0,52.0,0.3,0.1,0.8,4.0,947.0,0.0,0.0,0.4065469904963041
48.0,4.0,1.0,0.3,0.1,0.8,4.0,902.0,0.0,0.0,0.41019955654101997
48.0,4.0,2.0,0.3,0.1,0.8,4.0,897.0,0.0,0.0,0.4057971014492754
48.0,4.0,3.0,0.3,0.1,0.8,4.0,886.0,0.0,0.0,0.41196388261851014
48.0,4.0,4.0,0.3,0.1,0.8,4.0,883.0,0.0,0.0,0.4088335220838052
48.0,4.0,5.0,0.3,0.1,0.8,4.0,875.0,0.0,0.0,0.4102857142857143
48.0,4.0,6.0,0.3,0.1,0.8,4.0,872.0,0.0,0.0,0.40825688073394495
48.0,4.0,7.0,0.3,0.1,0.8,4.0,856.0,0.0,0.0,0.41238317757009346
48.0,4.0,8.0,0.3,0.1,0.8,4.0,814.0,0.0,0.0,0.4152334152334152
48.0,4.0,9.0,0.3,0.1,0.8,4.0,813.0,0.0,0.0,0.41697416974169743
48.0,4.0,10.0,0.3,0.1,0.8,4.0,798.0,0.0,0.0,0.4197994987468672
48.0,4.0,11.0,0.3,0.1,0.8,4.0,793.0,0.0,0.0,0.41866330390920553
48.0,4.0,12.0,0.3,0.1,0.8,4.0,783.0,0.0,0.0,0.4163473818646232
48.0,4.0,13.0,0.3,0.1,0.8,4.0,780.0,0.0,0.0,0.41923076923076924
48.0,4.0,14.0,0.3,0.1,0.8,4.0,765.0,0.0,0.0,0.4130718954248366
48.0,4.0,15.0,0.3,0.1,0.8,4.0,760.0,0.0,0.0,0.4118421052631579
48.0,4.0,16.0,0.3,0.1,0.8,4.0,741.0,0.0,0.0,0.4143049932523617
48.0,4.0,17.0,0.3,0.1,0.8,4.0,744.0,0.0,0.0,0.4153225806451613
48.0,4.0,18.0,0.3,0.1,0.8,4.0,738.0,0.0,0.0,0.4146341463414634
48.0,4.0,19.0,0.3,0.1,0.8,4.0,741.0,0.0,0.0,0.41295546558704455
48.0,4.0,20.0,0.3,0.1,0.8,4.0,1408.0,0.0,0.0,0.2159090909090909
48.0,4.0,21.0,0.3,0.1,0.8,4.0,1352.0,0.0,0.0,0.21671597633136094
48.0,4.0,22.0,0.3,0.1,0.8,4.0,1313.0,0.0,0.0,0.2124904798172125
48.0,4.0,23.0,0.3,0.1,0.8,4.0,1266.0,0.0,0.0,0.21642969984202212
48.0,4.0,24.0,0.3,0.1,0.8,4.0,1248.0,0.0,0.0,0.21394230769230768
48.0,4.0,25.0,0.3,0.1,0.8,4.0,1215.0,0.0,0.0,0.21481481481481482
48.0,4.0,26.0,0.3,0.1,0.8,4.0,1191.0,0.0,0.0,0.21578505457598657
48.0,4.0,27.0,0.3,0.1,0.8,4.0,1143.0,0.0,0.0,0.2169728783902012
48.0,4.0,28.0,0.3,0.1,0.8,4.0,1129.0,0.0,0.0,0.21612046058458814
48.0,4.0,29.0,0.3,0.1,0.8,4.0,1089.0,0.0,0.0,0.21763085399449036
48.0,4.0,30.0,0.3,0.1,0.8,4.0,1063.0,0.0,0.0,0.22013170272812793
48.0,4.0,31.0,0.3,0.1,0.8,4.0,1062.0,0.0,0.0,0.2193973634651601
48.0,4.0,32.0,0.3,0.1,0.8,4.0,1059.0,0.0,0.0,0.21813031161473087
48.0,4.0,33.0,0.3,0.1,0.8,4.0,1038.0,0.0,0.0,0.21772639691714837
48.0,4.0,34.0,0.3,0.1,0.8,4.0,1001.0,0.0,0.0,0.21678321678321677
48.0,4.0,35.0,0.3,0.1,0.8,4.0,993.0,0.0,0.0,0.21852970795568982
48.0,4.0,36.0,0.3,0.1,0.8,4.0,970.0,0.0,0.0,0.2175257731958763
48.0,4.0,37.0,0.3,0.1,0.8,4.0,955.0,0.0,0.0,0.22094240837696336
48.0,4.0,38.0,0.3,0.1,0.8,4.0,938.0,0.0,0.0,0.22174840085287847
48.0,4.0,39.0,0.3,0.1,0.8,4.0,905.0,0.0,0.0,0.2276243093922652
48.0,4.0,40.0,0.3,0.1,0.8,4.0,885.0,0.0,0.0,0.22824858757062147
48.0,4.0,41.0,0.3,0.1,0.8,4.0,867.0,0.0,0.0,0.22722029988465975
48.0,4.0,42.0,0.3,0.1,0.8,4.0,863.0,0.0,0.0,0.22711471610660486
48.0,4.0,43.0,0.3,0.1,0.8,4.0,854.0,0.0,0.0,0.22833723653395785
48.0,4.0,44.0,0.3,0.1,0.8,4.0,840.0,0.0,0.0,0.22976190476190475
48.0,4.0,45.0,0.3,0.1,0.8,4.0,825.0,0.0,0.0,0.39636363636363636
48.0,4.0,46.0,0.3,0.1,0.8,4.0,819.0,0.0,0.0,0.4004884004884005
48.0,4.0,47.0,0.3,0.1,0.8,4.0,787.0,0.0,0.0,0.40025412960609913
48.0,4.0,48.0,0.3,0.1,0.8,4.0,786.0,0.0,0.0,0.40458015267175573
48.0,4.0,49.0,0.3,0.1,0.8,4.0,781.0,0.0,0.0,0.39820742637644047
48.0,4.0,50.0,0.3,0.1,0.8,4.0,771.0,0.0,0.0,0.4046692607003891
48.0,4.0,51.0,0.3,0.1,0.8,4.0,766.0,0.0,0.0,0.402088772845953
48.0,4.0,52.0,0.3,0.1,0.8,4.0,767.0,0.0,0.0,0.4041720990873533
48.0,5.0,1.0,0.3,0.1,0.8,4.0,758.0,0.0,0.0,0.4050131926121372
48.0,5.0,2.0,0.3,0.1,0.8,4.0,749.0,0.0,0.0,0.4045393858477971
48.0,5.0,3.0,0.3,0.1,0.8,4.0,743.0,0.0,0.0,0.40511440107671604
48.0,5.0,4.0,0.3,0.1,0.8,4.0,747.0,0.0,0.0,0.40562248995983935
48.0,5.0,5.0,0.3,0.1,0.8,4.0,736.0,0.0,0.0,0.40353260869565216
48.0,5.0,6.0,0.3,0.1,0.8,4.0,733.0,0.0,0.0,0.4051841746248295
48.0,5.0,7.0,0.3,0.1,0.8,4.0,726.0,0.0,0.0,0.4035812672176309
48.0,5.0,8.0,0.3,0.1,0.8,4.0,712.0,0.0,0.0,0.41151685393258425
48.0,5.0,9.0,0.3,0.1,0.8,4.0,693.0,0.0,0.0,0.4098124098124098
48.0,5.0,10.0,0.3,0.1,0.8,4.0,695.0,0.0,0.0,0.40863309352517985
48.0,5.0,11.0,0.3,0.1,0.8,4.0,687.0,0.0,0.0,0.4090247452692867
48.0,5.0,12.0,0.3,0.1,0.8,4.0,692.0,0.0,0.0,0.41040462427745666
48.0,5.0,13.0,0.3,0.1,0.8,4.0,682.0,0.0,0.0,0.41055718475073316
48.0,5.0,14.0,0.3,0.1,0.8,4.0,685.0,0.0,0.0,0.4116788321167883
48.0,5.0,15.0,0.3,0.1,0.8,4.0,678.0,0.0,0.0,0.41150442477876104
48.0,5.0,16.0,0.3,0.1,0.8,4.0,667.0,0.0,0.0,0.41379310344827586
48.0,5.0,17.0,0.3,0.1,0.8,4.0,662.0,0.0,0.0,0.4123867069486405
48.0,5.0,18.0,0.3,0.1,0.8,4.0,655.0,0.0,0.0,0.41374045801526715
48.0,5.0,19.0,0.3,0.1,0.8,4.0,635.0,0.0,0.0,0.4094488188976378
48.0,5.0,20.0,0.3,0.1,0.8,4.0,1152.0,0.0,0.0,0.2282986111111111
48.0,5.0,21.0,0.3,0.1,0.8,4.0,1106.0,0.0,0.0,0.23056057866184448
48.0,5.0,22.0,0.3,0.1,0.8,4.0,1079.0,0.0,0.0,0.2289156626506024
48.0,5.0,23.0,0.3,0.1,0.8,4.0,1020.0,0.0,0.0,0.23039215686274508
48.0,5.0,24.0,0.3,0.1,0.8,4.0,1010.0,0.0,0.0,0.22871287128712872
48.0,5.0,25.0,0.3,0.1,0.8,4.0,979.0,0.0,0.0,0.23186925434116445
48.0,5.0,26.0,0.3,0.1,0.8,4.0,946.0,0.0,0.0,0.23361522198731502
48.0,5.0,27.0,0.3,0.1,0.8,4.0,930.0,0.0,0.0,0.23118279569892472
48.0,5.0,28.0,0.3,0.1,0.8,4.0,929.0,0.0,0.0,0.2303552206673843
48.0,5.0,29.0,0.3,0.1,0.8,4.0,924.0,0.0,0.0,0.22943722943722944
48.0,5.0,30.0,0.3,0.1,0.8,4.0,906.0,0.0,0.0,0.22958057395143489
48.0,5.0,31.0,0.3,0.1,0.8,4.0,910.0,0.0,0.0,0.22967032967032966
48.0,5.0,32.0,0.3,0.1,0.8,4.0,905.0,0.0,0.0,0.22983425414364642
48.0,5.0,33.0,0.3,0.1,0.8,4.0,896.0,0.0,0.0,0.22767857142857142
48.0,5.0,34.0,0.3,0.1,0.8,4.0,866.0,0.0,0.0,0.2251732101616628
48.0,5.0,35.0,0.3,0.1,0.8,4.0,846.0,0.0,0.0,0.22458628841607564
48.0,5.0,36.0,0.3,0.1,0.8,4.0,826.0,0.0,0.0,0.22518159806295399
48.0,5.0,37.0,0.3,0.1,0.8,4.0,797.0,0.0,0.0,0.2245922208281054
48.0,5.0,38.0,0.3,0.1,0.8,4.0,798.0,0.0,0.0,0.22807017543859648
48.0,5.0,39.0,0.3,0.1,0.8,4.0,795.0,0.0,0.0,0.2238993710691824
48.0,5.0,40.0,0.3,0.1,0.8,4.0,793.0,0.0,0.0,0.22950819672131148
48.0,5.0,41.0,0.3,0.1,0.8,4.0,785.0,0.0,0.0,0.22420382165605096
48.0,5.0,42.0,0.3,0.1,0.8,4.0,775.0,0.0,0.0,0.22838709677419355
48.0,5.0,43.0,0.3,0.1,0.8,4.0,773.0,0.0,0.0,0.222509702457956
48.0,5.0,44.0,0.3,0.1,0.8,4.0,760.0,0.0,0.0,0.23026315789473684
48.0,5.0,45.0,0.3,0.1,0.8,4.0,759.0,0.0,0.0,0.38998682476943347
48.0,5.0,46.0,0.3,0.1,0.8,4.0,736.0,0.0,0.0,0.39809782608695654
48.0,5.0,47.0,0.3,0.1,0.8,4.0,733.0,0.0,0.0,0.3942701227830832
48.0,5.0,48.0,0.3,0.1,0.8,4.0,733.0,0.0,0.0,0.39972714870395637
48.0,5.0,49.0,0.3,0.1,0.8,4.0,731.0,0.0,0.0,0.39398084815321477
48.0,5.0,50.0,0.3,0.1,0.8,4.0,728.0,0.0,0.0,0.39972527472527475
48.0,5.0,51.0,0.3,0.1,0.8,4.0,724.0,0.0,0.0,0.393646408839779
48.0,5.0,52.0,0.3,0.1,0.8,4.0,725.0,0.0,0.0,0.3986206896551724
48.0,6.0,1.0,0.3,0.1,0.8,4.0,725.0,0.0,0.0,0.3931034482758621
48.0,6.0,2.0,0.3,0.1,0.8,4.0,724.0,0.0,0.0,0.39640883977900554
48.0,6.0,3.0,0.3,0.1,0.8,4.0,700.0,0.0,0.0,0.39
48.0,6.0,4.0,0.3,0.1,0.8,4.0,700.0,0.0,0.0,0.3942857142857143
48.0,6.0,5.0,0.3,0.1,0.8,4.0,699.0,0.0,0.0,0.38912732474964234
48.0,6.0,6.0,0.3,0.1,0.8,4.0,697.0,0.0,0.0,0.3931133428981349
48.0,6.0,7.0,0.3,0.1,0.8,4.0,681.0,0.0,0.0,0.3832599118942731
48.0,6.0,8.0,0.3,0.1,0.8,4.0,682.0,0.0,0.0,0.3885630498533724
48.0,6.0,9.0,0.3,0.1,0.8,4.0,678.0,0.0,0.0,0.38495575221238937
48.0,6.0,10.0,0.3,0.1,0.8,4.0,676.0,0.0,0.0,0.3890532544378698
48.0,6.0,11.0,0.3,0.1,0.8,4.0,671.0,0.0,0.0,0.38450074515648286
48.0,6.0,12.0,0.3,0.1,0.8,4.0,667.0,0.0,0.0,0.39280359820089955
48.0,6.0,13.0,0.3,0.1,0.8,4.0,663.0,0.0,0.0,0.3891402714932127
48.0,6.0,14.0,0.3,0.1,0.8,4.0,663.0,0.0,0.0,0.3951734539969834
48.0,6.0,15.0,0.3,0.1,0.8,4.0,662.0,0.0,0.0,0.38821752265861026
48.0,6.0,16.0,0.3,0.1,0.8,4.0,661.0,0.0,0.0,0.394856278366112
48.0,6.0,17.0,0.3,0.1,0.8,4.0,659.0,0.0,0.0,0.3884673748103187
48.0,6.0,18.0,0.3,0.1,0.8,4.0,659.0,0.0,0.0,0.3945371775417299
48.0,6.0,19.0,0.3,0.1,0.8,4.0,647.0,0.0,0.0,0.39258114374034003
48.0,6.0,20.0,0.3,0.1,0.8,4.0,1218.0,0.0,0.0,0.21182266009852216
48.0,6.0,21.0,0.3,0.1,0.8,4.0,1217.0,0.0,0.0,0.20870994248151192
48.0,6.0,22.0,0.3,0.1,0.8,4.0,1168.0,0.0,0.0,0.2166095890410959
48.0,6.0,23.0,0.3,0.1,0.8,4.0,1167.0,0.0,0.0,0.2133676092544987
48.0,6.0,24.0,0.3,0.1,0.8,4.0,1168.0,0.0,0.0,0.2166095890410959
48.0,6.0,25.0,0.3,0.1,0.8,4.0,1136.0,0.0,0.0,0.21566901408450703
48.0,6.0,26.0,0.3,0.1,0.8,4.0,1073.0,0.0,0.0,0.22087604846225536
48.0,6.0,27.0,0.3,0.1,0.8,4.0,1016.0,0.0,0.0,0.21751968503937008
48.0,6.0,28.0,0.3,0.1,0.8,4.0,1016.0,0.0,0.0,0.2204724409448819
48.0,6.0,29.0,0.3,0.1,0.8,4.0,994.0,0.0,0.0,0.21730382293762576
48.0,6.0,30.0,0.3,0.1,0.8,4.0,994.0,0.0,0.0,0.22032193158953722
48.0,6.0,31.0,0.3,0.1,0.8,4.0,966.0,0.0,0.0,0.21739130434782608
48.0,6.0,32.0,0.3,0.1,0.8,4.0,966.0,0.0,0.0,0.2204968944099379
48.0,6.0,33.0,0.3,0.1,0.8,4.0,966.0,0.0,0.0,0.21739130434782608
48.0,6.0,34.0,0.3,0.1,0.8,4.0,948.0,0.0,0.0,0.21835443037974683
48.0,6.0,35.0,0.3,0.1,0.8,4.0,936.0,0.0,0.0,0.2168803418803419
48.0,6.0,36.0,0.3,0.1,0.8,4.0,923.0,0.0,0.0,0.2199349945828819
48.0,6.0,37.0,0.3,0.1,0.8,4.0,898.0,0.0,0.0,0.21603563474387527
48.0,6.0,38.0,0.3,0.1,0.8,4.0,882.0,0.0,0.0,0.21768707482993196
48.0,6.0,39.0,0.3,0.1,0.8,4.0,854.0,0.0,0.0,0.2189695550351288
48.0,6.0,40.0,0.3,0.1,0.8,4.0,851.0,0.0,0.0,0.2209165687426557
48.0,6.0,41.0,0.3,0.1,0.8,4.0,829.0,0.0,0.0,0.22074788902291917
48.0,6.0,42.0,0.3,0.1,0.8,4.0,825.0,0.0,0.0,0.22181818181818183
48.0,6.0,43.0,0.3,0.1,0.8,4.0,828.0,0.0,0.0,0.21980676328502416
48.0,6.0,44.0,0.3,0.1,0.8,4.0,811.0,0.0,0.0,0.21701602959309493
48.0,6.0,45.0,0.3,0.1,0.8,4.0,782.0,0.0,0.0,0.38107416879795397
48.0,6.0,46.0,0.3,0.1,0.8,4.0,779.0,0.0,0.0,0.38254172015404364
48.0,6.0,47.0,0.3,0.1,0.8,4.0,778.0,0.0,0.0,0.38303341902313626
48.0,6.0,48.0,0.3,0.1,0.8,4.0,763.0,0.0,0.0,0.382699868938401
48.0,6.0,49.0,0.3,0.1,0.8,4.0,763.0,0.0,0.0,0.381389252948886
48.0,6.0,50.0,0.3,0.1,0.8,4.0,751.0,0.0,0.0,0.3821571238348868
48.0,6.0,51.0,0.3,0.1,0.8,4.0,752.0,0.0,0.0,0.3816489361702128
48.0,6.0,52.0,0.3,0.1,0.8,4.0,736.0,0.0,0.0,0.38179347826086957
48.0,7.0,1.0,0.3,0.1,0.8,4.0,736.0,0.0,0.0,0.38179347826086957
48.0,7.0,2.0,0.3,0.1,0.8,4.0,734.0,0.0,0.0,0.3814713896457766
48.0,7.0,3.0,0.3,0.1,0.8,4.0,720.0,0.0,0.0,0.37916666666666665
48.0,7.0,4.0,0.3,0.1,0.8,4.0,717.0,0.0,0.0,0.3807531380753138
48.0,7.0,5.0,0.3,0.1,0.8,4.0,717.0,0.0,0.0,0.3807531380753138
48.0,7.0,6.0,0.3,0.1,0.8,4.0,715.0,0.0,0.0,0.3804195804195804
48.0,7.0,7.0,0.3,0.1,0.8,4.0,716.0,0.0,0.0,0.37988826815642457
48.0,7.0,8.0,0.3,0.1,0.8,4.0,710.0,0.0,0.0,0.38028169014084506
48.0,7.0,9.0,0.3,0.1,0.8,4.0,711.0,0.0,0.0,0.379746835443038
48.0,7.0,10.0,0.3,0.1,0.8,4.0,706.0,0.0,0.0,0.3810198300283286
48.0,7.0,11.0,0.3,0.1,0.8,4.0,700.0,0.0,0.0,0.38
48.0,7.0,12.0,0.3,0.1,0.8,4.0,692.0,0.0,0.0,0.3815028901734104
48.0,7.0,13.0,0.3,0.1,0.8,4.0,694.0,0.0,0.0,0.3804034582132565
48.0,7.0,14.0,0.3,0.1,0.8,4.0,691.0,0.0,0.0,0.38205499276411
48.0,7.0,15.0,0.3,0.1,0.8,4.0,694.0,0.0,0.0,0.3804034582132565
48.0,7.0,16.0,0.3,0.1,0.8,4.0,665.0,0.0,0.0,0.39097744360902253
48.0,7.0,17.0,0.3,0.1,0.8,4.0,668.0,0.0,0.0,0.38772455089820357
48.0,7.0,18.0,0.3,0.1,0.8,4.0,664.0,0.0,0.0,0.39006024096385544
48.0,7.0,19.0,0.3,0.1,0.8,4.0,667.0,0.0,0.0,0.3868065967016492
48.0,7.0,20.0,0.3,0.1,0.8,4.0,1176.0,0.0,0.0,0.21768707482993196
48.0,7.0,21.0,0.3,0.1,0.8,4.0,1150.0,0.0,0.0,0.22
48.0,7.0,22.0,0.3,0.1,0.8,4.0,1109.0,0.0,0.0,0.22452660054102797
48.0,7.0,23.0,0.3,0.1,0.8,4.0,1085.0,0.0,0.0,0.22580645161290322
48.0,7.0,24.0,0.3,0.1,0.8,4.0,1052.0,0.0,0.0,0.22718631178707224
48.0,7.0,25.0,0.3,0.1,0.8,4.0,1043.0,0.0,0.0,0.22627037392138064
48.0,7.0,26.0,0.3,0.1,0.8,4.0,999.0,0.0,0.0,0.22922922922922923
48.0,7.0,27.0,0.3,0.1,0.8,4.0,989.0,0.0,0.0,0.2275025278058645
48.0,7.0,28.0,0.3,0.1,0.8,4.0,958.0,0.0,0.0,0.22860125260960334
48.0,7.0,29.0,0.3,0.1,0.8,4.0,948.0,0.0,0.0,0.229957805907173
48.0,7.0,30.0,0.3,0.1,0.8,4.0,917.0,0.0,0.0,0.2366412213740458
48.0,7.0,31.0,0.3,0.1,0.8,4.0,911.0,0.0,0.0,0.23710208562019758
48.0,7.0,32.0,0.3,0.1,0.8,4.0,905.0,0.0,0.0,0.23867403314917127
48.0,7.0,33.0,0.3,0.1,0.8,4.0,899.0,0.0,0.0,0.23915461624026696
48.0,7.0,34.0,0.3,0.1,0.8,4.0,895.0,0.0,0.0,0.24022346368715083
48.0,7.0,35.0,0.3,0.1,0.8,4.0,899.0,0.0,0.0,0.23915461624026696
48.0,7.0,36.0,0.3,0.1,0.8,4.0,895.0,0.0,0.0,0.24022346368715083
48.0,7.0,37.0,0.3,0.1,0.8,4.0,887.0,0.0,0.0,0.237880496054115
48.0,7.0,38.0,0.3,0.1,0.8,4.0,878.0,0.0,0.0,0.24031890660592256
48.0,7.0,39.0,0.3,0.1,0.8,4.0,868.0,0.0,0.0,0.24308755760368664
48.0,7.0,40.0,0.3,0.1,0.8,4.0,847.0,0.0,0.0,0.24793388429752067
48.0,7.0,41.0,0.3,0.1,0.8,4.0,851.0,0.0,0.0,0.24676850763807284
48.0,7.0,42.0,0.3,0.1,0.8,4.0,846.0,0.0,0.0,0.2470449172576832
48.0,7.0,43.0,0.3,0.1,0.8,4.0,849.0,0.0,0.0,0.24617196702002356
48.0,7.0,44.0,0.3,0.1,0.8,4.0,845.0,0.0,0.0,0.24733727810650888
48.0,7.0,45.0,0.3,0.1,0.8,4.0,848.0,0.0,0.0,0.4033018867924528
48.0,7.0,46.0,0.3,0.1,0.8,4.0,833.0,0.0,0.0,0.40336134453781514
48.0,7.0,47.0,0.3,0.1,0.8,4.0,834.0,0.0,0.0,0.4028776978417266
48.0,7.0,48.0,0.3,0.1,0.8,4.0,820.0,0.0,0.0,0.4024390243902439
48.0,7.0,49.0,0.3,0.1,0.8,4.0,811.0,0.0,0.0,0.4032059186189889
48.0,7.0,50.0,0.3,0.1,0.8,4.0,805.0,0.0,0.0,0.4049689440993789
48.0,7.0,51.0,0.3,0.1,0.8,4.0,811.0,0.0,0.0,0.4032059186189889
48.0,7.0,52.0,0.3,0.1,0.8,4.0,783.0,0.0,0.0,0.40485312899106
48.0,8.0,1.0,0.3,0.1,0.8,4.0,788.0,0.0,0.0,0.4035532994923858
48.0,8.0,2.0,0.3,0.1,0.8,4.0,783.0,0.0,0.0,0.40485312899106
48.0,8.0,3.0,0.3,0.1,0.8,4.0,773.0,0.0,0.0,0.4036222509702458
48.0,8.0,4.0,0.3,0.1,0.8,4.0,768.0,0.0,0.0,0.4049479166666667
48.0,8.0,5.0,0.3,0.1,0.8,4.0,772.0,0.0,0.0,0.40414507772020725
48.0,8.0,6.0,0.3,0.1,0.8,4.0,767.0,0.0,0.0,0.40547588005215124
48.0,8.0,7.0,0.3,0.1,0.8,4.0,755.0,0.0,0.0,0.40927152317880794
48.0,8.0,8.0,0.3,0.1,0.8,4.0,753.0,0.0,0.0,0.40903054448871184
48.0,8.0,9.0,0.3,0.1,0.8,4.0,752.0,0.0,0.0,0.4095744680851064
48.0,8.0,10.0,0.3,0.1,0.8,4.0,750.0,0.0,0.0,0.4093333333333333
48.0,8.0,11.0,0.3,0.1,0.8,4.0,752.0,0.0,0.0,0.4095744680851064
48.0,8.0,12.0,0.3,0.1,0.8,4.0,750.0,0.0,0.0,0.4093333333333333
48.0,8.0,13.0,0.3,0.1,0.8,4.0,749.0,0.0,0.0,0.411214953271028
48.0,8.0,14.0,0.3,0.1,0.8,4.0,736.0,0.0,0.0,0.40896739130434784
48.0,8.0,15.0,0.3,0.1,0.8,4.0,737.0,0.0,0.0,0.4084124830393487
48.0,8.0,16.0,0.3,0.1,0.8,4.0,733.0,0.0,0.0,0.4106412005457026
48.0,8.0,17.0,0.3,0.1,0.8,4.0,735.0,0.0,0.0,0.4108843537414966
48.0,8.0,18.0,0.3,0.1,0.8,4.0,733.0,0.0,0.0,0.4106412005457026
48.0,8.0,19.0,0.3,0.1,0.8,4.0,736.0,0.0,0.0,0.41032608695652173
48.0,8.0,20.0,0.3,0.1,0.8,4.0,1346.0,0.0,0.0,0.2236255572065379
48.0,8.0,21.0,0.3,0.1,0.8,4.0,1313.0,0.0,0.0,0.2261995430312262
48.0,8.0,22.0,0.3,0.1,0.8,4.0,1265.0,0.0,0.0,0.22845849802371543
48.0,8.0,23.0,0.3,0.1,0.8,4.0,1166.0,0.0,0.0,0.23156089193825044
48.0,8.0,24.0,0.3,0.1,0.8,4.0,1152.0,0.0,0.0,0.2300347222222222
48.0,8.0,25.0,0.3,0.1,0.8,4.0,1155.0,0.0,0.0,0.23116883116883116
48.0,8.0,26.0,0.3,0.1,0.8,4.0,1152.0,0.0,0.0,0.2300347222222222
48.0,8.0,27.0,0.3,0.1,0.8,4.0,1144.0,0.0,0.0,0.23164335664335664
48.0,8.0,28.0,0.3,0.1,0.8,4.0,1142.0,0.0,0.0,0.23117338003502627
48.0,8.0,29.0,0.3,0.1,0.8,4.0,1139.0,0.0,0.0,0.23266022827041263
48.0,8.0,30.0,0.3,0.1,0.8,4.0,1113.0,0.0,0.0,0.23180592991913745
48.0,8.0,31.0,0.3,0.1,0.8,4.0,1120.0,0.0,0.0,0.23214285714285715
48.0,8.0,32.0,0.3,0.1,0.8,4.0,1119.0,0.0,0.0,0.23145665773011617
48.0,8.0,33.0,0.3,0.1,0.8,4.0,1120.0,0.0,0.0,0.23214285714285715
48.0,8.0,34.0,0.3,0.1,0.8,4.0,1095.0,0.0,0.0,0.22922374429223744
48.0,8.0,35.0,0.3,0.1,0.8,4.0,1069.0,0.0,0.0,0.23386342376052385
48.0,8.0,36.0,0.3,0.1,0.8,4.0,1057.0,0.0,0.0,0.2346263008514664
48.0,8.0,37.0,0.3,0.1,0.8,4.0,1027.0,0.0,0.0,0.23661148977604674
48.0,8.0,38.0,0.3,0.1,0.8,4.0,1030.0,0.0,0.0,0.23495145631067962
48.0,8.0,39.0,0.3,0.1,0.8,4.0,1019.0,0.0,0.0,0.23846908734052993
48.0,8.0,40.0,0.3,0.1,0.8,4.0,1006.0,0.0,0.0,0.23956262425447317
48.0,8.0,41.0,0.3,0.1,0.8,4.0,994.0,0.0,0.0,0.2414486921529175
48.0,8.0,42.0,0.3,0.1,0.8,4.0,976.0,0.0,0.0,0.24282786885245902
48.0,8.0,43.0,0.3,0.1,0.8,4.0,927.0,0.0,0.0,0.24703344120819848
48.0,8.0,44.0,0.3,0.1,0.8,4.0,929.0,0.0,0.0,0.24542518837459634
48.0,8.0,45.0,0.3,0.1,0.8,4.0,915.0,0.0,0.0,0.3945355191256831
48.0,8.0,46.0,0.3,0.1,0.8,4.0,914.0,0.0,0.0,0.3938730853391685
48.0,8.0,47.0,0.3,0.1,0.8,4.0,916.0,0.0,0.0,0.3941048034934498
48.0,8.0,48.0,0.3,0.1,0.8,4.0,898.0,0.0,0.0,0.3930957683741648
48.0,8.0,49.0,0.3,0.1,0.8,4.0,871.0,0.0,0.0,0.399540757749713
48.0,8.0,50.0,0.3,0.1,0.8,4.0,872.0,0.0,0.0,0.40022935779816515
48.0,8.0,51.0,0.3,0.1,0.8,4.0,874.0,0.0,0.0,0.40045766590389015
48.0,8.0,52.0,0.3,0.1,0.8,4.0,869.0,0.0,0.0,0.4016110471806674
48.0,9.0,1.0,0.3,0.1,0.8,4.0,870.0,0.0,0.0,0.40229885057471265
48.0,9.0,2.0,0.3,0.1,0.8,4.0,867.0,0.0,0.0,0.40253748558246827
48.0,9.0,3.0,0.3,0.1,0.8,4.0,867.0,0.0,0.0,0.40369088811995385
48.0,9.0,4.0,0.3,0.1,0.8,4.0,842.0,0.0,0.0,0.40498812351543945
48.0,9.0,5.0,0.3,0.1,0.8,4.0,842.0,0.0,0.0,0.40617577197149646
48.0,9.0,6.0,0.3,0.1,0.8,4.0,840.0,0.0,0.0,0.40595238095238095
48.0,9.0,7.0,0.3,0.1,0.8,4.0,842.0,0.0,0.0,0.40617577197149646
48.0,9.0,8.0,0.3,0.1,0.8,4.0,840.0,0.0,0.0,0.40476190476190477
48.0,9.0,9.0,0.3,0.1,0.8,4.0,842.0,0.0,0.0,0.40498812351543945
48.0,9.0,10.0,0.3,0.1,0.8,4.0,840.0,0.0,0.0,0.4035714285714286
48.0,9.0,11.0,0.3,0.1,0.8,4.0,826.0,0.0,0.0,0.40556900726392253
48.0,9.0,12.0,0.3,0.1,0.8,4.0,822.0,0.0,0.0,0.4051094890510949
48.0,9.0,13.0,0.3,0.1,0.8,4.0,822.0,0.0,0.0,0.40632603406326034
48.0,9.0,14.0,0.3,0.1,0.8,4.0,819.0,0.0,0.0,0.4053724053724054
48.0,9.0,15.0,0.3,0.1,0.8,4.0,820.0,0.0,0.0,0.4060975609756098
48.0,9.0,16.0,0.3,0.1,0.8,4.0,819.0,0.0,0.0,0.4053724053724054
48.0,9.0,17.0,0.3,0.1,0.8,4.0,820.0,0.0,0.0,0.4060975609756098
48.0,9.0,18.0,0.3,0.1,0.8,4.0,816.0,0.0,0.0,0.4056372549019608
48.0,9.0,19.0,0.3,0.1,0.8,4.0,808.0,0.0,0.0,0.4034653465346535
48.0,9.0,20.0,0.3,0.1,0.8,4.0,1465.0,0.0,0.0,0.2143344709897611
48.0,9.0,21.0,0.3,0.1,0.8,4.0,1419.0,0.0,0.0,0.21916842847075405
48.0,9.0,22.0,0.3,0.1,0.8,4.0,1379.0,0.0,0.0,0.2226250906453952
48.0,9.0,23.0,0.3,0.1,0.8,4.0,1313.0,0.0,0.0,0.23153084539223154
48.0,9.0,24.0,0.3,0.1,0.8,4.0,1294.0,0.0,0.0,0.23106646058732613
48.0,9.0,25.0,0.3,0.1,0.8,4.0,1262.0,0.0,0.0,0.23613312202852615
48.0,9.0,26.0,0.3,0.1,0.8,4.0,1250.0,0.0,0.0,0.2368
48.0,9.0,27.0,0.3,0.1,0.8,4.0,1217.0,0.0,0.0,0.2399342645850452
48.0,9.0,28.0,0.3,0.1,0.8,4.0,1204.0,0.0,0.0,0.23837209302325582
48.0,9.0,29.0,0.3,0.1,0.8,4.0,1178.0,0.0,0.0,0.24193548387096775
48.0,9.0,30.0,0.3,0.1,0.8,4.0,1177.0,0.0,0.0,0.24044180118946473
48.0,9.0,31.0,0.3,0.1,0.8,4.0,1166.0,0.0,0.0,0.24356775300171526
48.0,9.0,32.0,0.3,0.1,0.8,4.0,1139.0,0.0,0.0,0.24495171202809482
48.0,9.0,33.0,0.3,0.1,0.8,4.0,1140.0,0.0,0.0,0.24649122807017543
48.0,9.0,34.0,0.3,0.1,0.8,4.0,1125.0,0.0,0.0,0.24622222222222223
48.0,9.0,35.0,0.3,0.1,0.8,4.0,1077.0,0.0,0.0,0.25348189415041783
48.0,9.0,36.0,0.3,0.1,0.8,4.0,1043.0,0.0,0.0,0.2579098753595398
48.0,9.0,37.0,0.3,0.1,0.8,4.0,1041.0,0.0,0.0,0.26032660902977905
48.0,9.0,38.0,0.3,0.1,0.8,4.0,1040.0,0.0,0.0,0.2586538461538462
48.0,9.0,39.0,0.3,0.1,0.8,4.0,1015.0,0.0,0.0,0.26403940886699506
48.0,9.0,40.0,0.3,0.1,0.8,4.0,1014.0,0.0,0.0,0.26232741617357
48.0,9.0,41.0,0.3,0.1,0.8,4.0,1004.0,0.0,0.0,0.26593625498007967
48.0,9.0,42.0,0.3,0.1,0.8,4.0,1003.0,0.0,0.0,0.2642073778664008
48.0,9.0,43.0,0.3,0.1,0.8,4.0,1004.0,0.0,0.0,0.26593625498007967
48.0,9.0,44.0,0.3,0.1,0.8,4.0,976.0,0.0,0.0,0.26639344262295084
48.0,9.0,45.0,0.3,0.1,0.8,4.0,976.0,0.0,0.0,0.430327868852459
48.0,9.0,46.0,0.3,0.1,0.8,4.0,975.0,0.0,0.0,0.4287179487179487
48.0,9.0,47.0,0.3,0.1,0.8,4.0,975.0,0.0,0.0,0.4307692307692308
48.0,9.0,48.0,0.3,0.1,0.8,4.0,962.0,0.0,0.0,0.4293139293139293
48.0,9.0,49.0,0.3,0.1,0.8,4.0,963.0,0.0,0.0,0.43094496365524404
48.0,9.0,50.0,0.3,0.1,0.8,4.0,964.0,0.0,0.0,0.42946058091286304
48.0,9.0,51.0,0.3,0.1,0.8,4.0,966.0,0.0,0.0,0.4306418219461698
48.0,9.0,52.0,0.3,0.1,0.8,4.0,962.0,0.0,0.0,0.4303534303534304
48.0,10.0,1.0,0.3,0.1,0.8,4.0,963.0,0.0,0.0,0.43094496365524404
48.0,10.0,2.0,0.3,0.1,0.8,4.0,961.0,0.0,0.0,0.4297606659729448
48.0,10.0,3.0,0.3,0.1,0.8,4.0,963.0,0.0,0.0,0.43094496365524404
48.0,10.0,4.0,0.3,0.1,0.8,4.0,950.0,0.0,0.0,0.4326315789473684
48.0,10.0,5.0,0.3,0.1,0.8,4.0,950.0,0.0,0.0,0.4336842105263158
48.0,10.0,6.0,0.3,0.1,0.8,4.0,949.0,0.0,0.0,0.4320337197049526
48.0,10.0,7.0,0.3,0.1,0.8,4.0,948.0,0.0,0.0,0.4345991561181435
48.0,10.0,8.0,0.3,0.1,0.8,4.0,947.0,0.0,0.0,0.43189017951425557
48.0,10.0,9.0,0.3,0.1,0.8,4.0,947.0,0.0,0.0,0.43400211193241817
48.0,10.0,10.0,0.3,0.1,0.8,4.0,942.0,0.0,0.0,0.43418259023354566
48.0,10.0,11.0,0.3,0.1,0.8,4.0,939.0,0.0,0.0,0.4355697550585729
48.0,10.0,12.0,0.3,0.1,0.8,4.0,937.0,0.0,0.0,0.4343649946638207
48.0,10.0,13.0,0.3,0.1,0.8,4.0,936.0,0.0,0.0,0.43696581196581197
48.0,10.0,14.0,0.3,0.1,0.8,4.0,933.0,0.0,0.0,0.4362272240085745
48.0,10.0,15.0,0.3,0.1,0.8,4.0,931.0,0.0,0.0,0.439312567132116
48.0,10.0,16.0,0.3,0.1,0.8,4.0,918.0,0.0,0.0,0.43899782135076254
48.0,10.0,17.0,0.3,0.1,0.8,4.0,918.0,0.0,0.0,0.4411764705882353
48.0,10.0,18.0,0.3,0.1,0.8,4.0,915.0,0.0,0.0,0.44043715846994536
48.0,10.0,19.0,0.3,0.1,0.8,4.0,917.0,0.0,0.0,0.4416575790621592
48.0,10.0,20.0,0.3,0.1,0.8,4.0,1619.0,0.0,0.0,0.23533045089561458
48.0,10.0,21.0,0.3,0.1,0.8,4.0,1565.0,0.0,0.0,0.2415335463258786
48.0,10.0,22.0,0.3,0.1,0.8,4.0,1513.0,0.0,0.0,0.24124256444150693
48.0,10.0,23.0,0.3,0.1,0.8,4.0,1475.0,0.0,0.0,0.24610169491525424
48.0,10.0,24.0,0.3,0.1,0.8,4.0,1446.0,0.0,0.0,0.24343015214384509
48.0,10.0,25.0,0.3,0.1,0.8,4.0,1416.0,0.0,0.0,0.2464689265536723
48.0,10.0,26.0,0.3,0.1,0.8,4.0,1382.0,0.0,0.0,0.2460202604920405
48.0,10.0,27.0,0.3,0.1,0.8,4.0,1341.0,0.0,0.0,0.2513049962714392
48.0,10.0,28.0,0.3,0.1,0.8,4.0,1325.0,0.0,0.0,0.249811320754717
48.0,10.0,29.0,0.3,0.1,0.8,4.0,1310.0,0.0,0.0,0.2511450381679389
48.0,10.0,30.0,0.3,0.1,0.8,4.0,1302.0,0.0,0.0,0.250384024577573
48.0,10.0,31.0,0.3,0.1,0.8,4.0,1287.0,0.0,0.0,0.2533022533022533
48.0,10.0,32.0,0.3,0.1,0.8,4.0,1277.0,0.0,0.0,0.25371965544244324
48.0,10.0,33.0,0.3,0.1,0.8,4.0,1211.0,0.0,0.0,0.26094137076796037
48.0,10.0,34.0,0.3,0.1,0.8,4.0,1201.0,0.0,0.0,0.2589508742714405
48.0,10.0,35.0,0.3,0.1,0.8,4.0,1168.0,0.0,0.0,0.2628424657534247
48.0,10.0,36.0,0.3,0.1,0.8,4.0,1169.0,0.0,0.0,0.2600513259195894
48.0,10.0,37.0,0.3,0.1,0.8,4.0,1149.0,0.0,0.0,0.2654482158398607
48.0,10.0,38.0,0.3,0.1,0.8,4.0,1150.0,0.0,0.0,0.26260869565217393
48.0,10.0,39.0,0.3,0.1,0.8,4.0,1149.0,0.0,0.0,0.2654482158398607
48.0,10.0,40.0,0.3,0.1,0.8,4.0,1133.0,0.0,0.0,0.263901147396293
48.0,10.0,41.0,0.3,0.1,0.8,4.0,1132.0,0.0,0.0,0.2667844522968198
48.0,10.0,42.0,0.3,0.1,0.8,4.0,1117.0,0.0,0.0,0.26499552372426144
48.0,10.0,43.0,0.3,0.1,0.8,4.0,1104.0,0.0,0.0,0.26811594202898553
48.0,10.0,44.0,0.3,0.1,0.8,4.0,1093.0,0.0,0.0,0.26715462031107046
48.0,10.0,45.0,0.3,0.1,0.8,4.0,1080.0,0.0,0.0,0.4324074074074074
48.0,10.0,46.0,0.3,0.1,0.8,4.0,1069.0,0.0,0.0,0.4303086997193639
48.0,10.0,47.0,0.3,0.1,0.8,4.0,1068.0,0.0,0.0,0.43352059925093633
48.0,10.0,48.0,0.3,0.1,0.8,4.0,1031.0,0.0,0.0,0.4296799224054316
48.0,10.0,49.0,0.3,0.1,0.8,4.0,1030.0,0.0,0.0,0.4330097087378641
48.0,10.0,50.0,0.3,0.1,0.8,4.0,1034.0,0.0,0.0,0.43036750483558994
48.0,10.0,51.0,0.3,0.1,0.8,4.0,1035.0,0.0,0.0,0.43285024154589374
48.0,10.0,52.0,0.3,0.1,0.8,4.0,1017.0,0.0,0.0,0.43166175024582104
49.0,1.0,1.0,0.3,0.1,0.8,4.0,5000.0,49.0,7.0,0.3042
49.0,1.0,2.0,0.3,0.1,0.8,4.0,4973.0,48.0,13.0,0.3062537703599437
49.0,1.0,3.0,0.3,0.1,0.8,4.0,4886.0,55.0,32.0,0.307818256242325
49.0,1.0,4.0,0.3,0.1,0.8,4.0,4824.0,65.0,32.0,0.3099087893864013
49.0,1.0,5.0,0.3,0.1,0.8,4.0,4793.0,83.0,37.0,0.30794909242645524
49.0,1.0,6.0,0.3,0.1,0.8,4.0,4654.0,92.0,30.0,0.31198968629136226
49.0,1.0,7.0,0.3,0.1,0.8,4.0,4534.0,98.0,30.0,0.3114247904719894
49.0,1.0,8.0,0.3,0.1,0.8,4.0,4423.0,112.0,40.0,0.313361971512548
49.0,1.0,9.0,0.3,0.1,0.8,4.0,4276.0,119.0,44.0,0.3136108512628625
49.0,1.0,10.0,0.3,0.1,0.8,4.0,4155.0,135.0,57.0,0.3123947051744886
49.0,1.0,11.0,0.3,0.1,0.8,4.0,3993.0,151.0,62.0,0.317305284247433
49.0,1.0,12.0,0.3,0.1,0.8,4.0,3861.0,167.0,70.0,0.317016317016317
49.0,1.0,13.0,0.3,0.1,0.8,4.0,3734.0,177.0,81.0,0.3181574718800214
49.0,1.0,14.0,0.3,0.1,0.8,4.0,3665.0,191.0,81.0,0.32005457025920875
49.0,1.0,15.0,0.3,0.1,0.8,4.0,3549.0,187.0,77.0,0.32628909551986474
49.0,1.0,16.0,0.3,0.1,0.8,4.0,3414.0,178.0,77.0,0.3286467486818981
49.0,1.0,17.0,0.3,0.1,0.8,4.0,3390.0,184.0,87.0,0.33244837758112095
49.0,1.0,18.0,0.3,0.1,0.8,4.0,3261.0,180.0,90.0,0.3305734437289175
49.0,1.0,19.0,0.3,0.1,0.8,4.0,3199.0,178.0,80.0,0.3379180994060644
49.0,1.0,20.0,0.3,0.1,0.8,4.0,5959.0,175.0,84.0,0.17805000839066956
49.0,1.0,21.0,0.3,0.1,0.8,4.0,5700.0,221.0,74.0,0.18210526315789474
49.0,1.0,22.0,0.3,0.1,0.8,4.0,5383.0,257.0,91.0,0.1859557867360208
49.0,1.0,23.0,0.3,0.1,0.8,4.0,5163.0,279.0,119.0,0.19058686809994188
49.0,1.0,24.0,0.3,0.1,0.8,4.0,4901.0,327.0,144.0,0.19383799224648032
49.0,1.0,25.0,0.3,0.1,0.8,4.0,4559.0,325.0,150.0,0.19960517657381005
49.0,1.0,26.0,0.3,0.1,0.8,4.0,4174.0,328.0,137.0,0.2060373742213704
49.0,1.0,27.0,0.3,0.1,0.8,4.0,3952.0,347.0,138.0,0.21077935222672065
49.0,1.0,28.0,0.3,0.1,0.8,4.0,3778.0,357.0,137.0,0.21572260455267336
49.0,1.0,29.0,0.3,0.1,0.8,4.0,3597.0,344.0,159.0,0.21962746733388935
49.0,1.0,30.0,0.3,0.1,0.8,4.0,3387.0,364.0,176.0,0.2264540891644523
49.0,1.0,31.0,0.3,0.1,0.8,4.0,3303.0,382.0,182.0,0.22948834392976084
49.0,1.0,32.0,0.3,0.1,0.8,4.0,3110.0,374.0,188.0,0.23408360128617364
49.0,1.0,33.0,0.3,0.1,0.8,4.0,2961.0,366.0,164.0,0.2414724755150287
49.0,1.0,34.0,0.3,0.1,0.8,4.0,2820.0,371.0,173.0,0.24680851063829787
49.0,1.0,35.0,0.3,0.1,0.8,4.0,2721.0,339.0,162.0,0.2543182653436237
49.0,1.0,36.0,0.3,0.1,0.8,4.0,2532.0,325.0,166.0,0.2626382306477093
49.0,1.0,37.0,0.3,0.1,0.8,4.0,2412.0,307.0,147.0,0.27238805970149255
49.0,1.0,38.0,0.3,0.1,0.8,4.0,2284.0,297.0,135.0,0.2841506129597198
49.0,1.0,39.0,0.3,0.1,0.8,4.0,2234.0,298.0,129.0,0.29051029543419876
49.0,1.0,40.0,0.3,0.1,0.8,4.0,2152.0,296.0,122.0,0.2983271375464684
49.0,1.0,41.0,0.3,0.1,0.8,4.0,2047.0,283.0,136.0,0.306790425012213
49.0,1.0,42.0,0.3,0.1,0.8,4.0,1963.0,282.0,135.0,0.3163525216505349
49.0,1.0,43.0,0.3,0.1,0.8,4.0,1841.0,275.0,140.0,0.329712112982075
49.0,1.0,44.0,0.3,0.1,0.8,4.0,1755.0,253.0,124.0,0.34131054131054134
49.0,1.0,45.0,0.3,0.1,0.8,4.0,1673.0,236.0,121.0,0.4907352062163778
49.0,1.0,46.0,0.3,0.1,0.8,4.0,1567.0,184.0,109.0,0.5086151882578175
49.0,1.0,47.0,0.3,0.1,0.8,4.0,1484.0,156.0,90.0,0.5202156334231806
49.0,1.0,48.0,0.3,0.1,0.8,4.0,1441.0,141.0,75.0,0.5260235947258848
49.0,1.0,49.0,0.3,0.1,0.8,4.0,1382.0,108.0,65.0,0.5354558610709117
49.0,1.0,50.0,0.3,0.1,0.8,4.0,1345.0,96.0,57.0,0.5420074349442379
49.0,1.0,51.0,0.3,0.1,0.8,4.0,1321.0,83.0,56.0,0.5480696442089327
49.0,1.0,52.0,0.3,0.1,0.8,4.0,1274.0,66.0,37.0,0.5604395604395604
49.0,2.0,1.0,0.3,0.1,0.8,4.0,1258.0,59.0,35.0,0.5651828298887123
49.0,2.0,2.0,0.3,0.1,0.8,4.0,1218.0,43.0,22.0,0.5755336617405583
49.0,2.0,3.0,0.3,0.1,0.8,4.0,1205.0,36.0,26.0,0.5784232365145229
49.0,2.0,4.0,0.3,0.1,0.8,4.0,1173.0,32.0,20.0,0.5822676896845694
49.0,2.0,5.0,0.3,0.1,0.8,4.0,1167.0,32.0,18.0,0.5826906598114824
49.0,2.0,6.0,0.3,0.1,0.8,4.0,1130.0,22.0,13.0,0.5893805309734513
49.0,2.0,7.0,0.3,0.1,0.8,4.0,1122.0,22.0,14.0,0.5944741532976827
49.0,2.0,8.0,0.3,0.1,0.8,4.0,1084.0,19.0,11.0,0.5950184501845018
49.0,2.0,9.0,0.3,0.1,0.8,4.0,1066.0,15.0,6.0,0.5966228893058161
49.0,2.0,10.0,0.3,0.1,0.8,4.0,1039.0,11.0,6.0,0.6005774783445621
49.0,2.0,11.0,0.3,0.1,0.8,4.0,1030.0,10.0,5.0,0.6058252427184466
49.0,2.0,12.0,0.3,0.1,0.8,4.0,1001.0,9.0,6.0,0.6113886113886113
49.0,2.0,13.0,0.3,0.1,0.8,4.0,1005.0,6.0,2.0,0.609950248756219
49.0,2.0,14.0,0.3,0.1,0.8,4.0,981.0,6.0,4.0,0.6156982670744139
49.0,2.0,15.0,0.3,0.1,0.8,4.0,987.0,5.0,3.0,0.6160081053698075
49.0,2.0,16.0,0.3,0.1,0.8,4.0,971.0,5.0,4.0,0.6189495365602472
49.0,2.0,17.0,0.3,0.1,0.8,4.0,964.0,3.0,2.0,0.6224066390041494
49.0,2.0,18.0,0.3,0.1,0.8,4.0,951.0,3.0,1.0,0.6172450052576236
49.0,2.0,19.0,0.3,0.1,0.8,4.0,954.0,2.0,1.0,0.6184486373165619
49.0,2.0,20.0,0.3,0.1,0.8,4.0,1763.0,2.0,1.0,0.3301191151446398
49.0,2.0,21.0,0.3,0.1,0.8,4.0,1733.0,7.0,2.0,0.3306405077899596
49.0,2.0,22.0,0.3,0.1,0.8,4.0,1706.0,6.0,4.0,0.3305978898007034
49.0,2.0,23.0,0.3,0.1,0.8,4.0,1669.0,8.0,4.0,0.33193529059316956
49.0,2.0,24.0,0.3,0.1,0.8,4.0,1632.0,9.0,4.0,0.33639705882352944
49.0,2.0,25.0,0.3,0.1,0.8,4.0,1612.0,8.0,4.0,0.3362282878411911
49.0,2.0,26.0,0.3,0.1,0.8,4.0,1597.0,13.0,5.0,0.33625547902316844
49.0,2.0,27.0,0.3,0.1,0.8,4.0,1566.0,14.0,5.0,0.3397190293742018
49.0,2.0,28.0,0.3,0.1,0.8,4.0,1540.0,12.0,2.0,0.3409090909090909
49.0,2.0,29.0,0.3,0.1,0.8,4.0,1521.0,14.0,3.0,0.34122287968441817
49.0,2.0,30.0,0.3,0.1,0.8,4.0,1492.0,16.0,7.0,0.3418230563002681
49.0,2.0,31.0,0.3,0.1,0.8,4.0,1441.0,26.0,10.0,0.34489937543372656
49.0,2.0,32.0,0.3,0.1,0.8,4.0,1429.0,29.0,10.0,0.34149755073477955
49.0,2.0,33.0,0.3,0.1,0.8,4.0,1362.0,25.0,8.0,0.3472834067547724
49.0,2.0,34.0,0.3,0.1,0.8,4.0,1336.0,27.0,10.0,0.3495508982035928
49.0,2.0,35.0,0.3,0.1,0.8,4.0,1313.0,33.0,16.0,0.3472962680883473
49.0,2.0,36.0,0.3,0.1,0.8,4.0,1284.0,34.0,14.0,0.35358255451713394
49.0,2.0,37.0,0.3,0.1,0.8,4.0,1252.0,38.0,18.0,0.3546325878594249
49.0,2.0,38.0,0.3,0.1,0.8,4.0,1226.0,37.0,16.0,0.36133768352365414
49.0,2.0,39.0,0.3,0.1,0.8,4.0,1197.0,40.0,19.0,0.36006683375104426
49.0,2.0,40.0,0.3,0.1,0.8,4.0,1182.0,41.0,19.0,0.3637901861252115
49.0,2.0,41.0,0.3,0.1,0.8,4.0,1141.0,45.0,22.0,0.36809815950920244
49.0,2.0,42.0,0.3,0.1,0.8,4.0,1130.0,49.0,19.0,0.37256637168141593
49.0,2.0,43.0,0.3,0.1,0.8,4.0,1078.0,46.0,21.0,0.3747680890538033
49.0,2.0,44.0,0.3,0.1,0.8,4.0,1067.0,42.0,19.0,0.37488284910965325
49.0,2.0,45.0,0.3,0.1,0.8,4.0,1038.0,35.0,19.0,0.5260115606936416
49.0,2.0,46.0,0.3,0.1,0.8,4.0,996.0,28.0,18.0,0.5341365461847389
49.0,2.0,47.0,0.3,0.1,0.8,4.0,991.0,24.0,17.0,0.5307769929364279
49.0,2.0,48.0,0.3,0.1,0.8,4.0,981.0,25.0,13.0,0.5382262996941896
49.0,2.0,49.0,0.3,0.1,0.8,4.0,957.0,20.0,8.0,0.5412748171368861
49.0,2.0,50.0,0.3,0.1,0.8,4.0,941.0,15.0,8.0,0.5441020191285866
49.0,2.0,51.0,0.3,0.1,0.8,4.0,929.0,16.0,10.0,0.5403659849300323
49.0,2.0,52.0,0.3,0.1,0.8,4.0,920.0,17.0,9.0,0.5423913043478261
49.0,3.0,1.0,0.3,0.1,0.8,4.0,898.0,14.0,8.0,0.5456570155902004
49.0,3.0,2.0,0.3,0.1,0.8,4.0,884.0,14.0,9.0,0.5486425339366516
49.0,3.0,3.0,0.3,0.1,0.8,4.0,870.0,14.0,8.0,0.5448275862068965
49.0,3.0,4.0,0.3,0.1,0.8,4.0,869.0,12.0,6.0,0.5477560414269275
49.0,3.0,5.0,0.3,0.1,0.8,4.0,858.0,9.0,3.0,0.5501165501165501
49.0,3.0,6.0,0.3,0.1,0.8,4.0,857.0,9.0,5.0,0.5484247374562428
49.0,3.0,7.0,0.3,0.1,0.8,4.0,844.0,7.0,4.0,0.5497630331753555
49.0,3.0,8.0,0.3,0.1,0.8,4.0,838.0,6.0,4.0,0.5477326968973747
49.0,3.0,9.0,0.3,0.1,0.8,4.0,829.0,6.0,4.0,0.548854041013269
49.0,3.0,10.0,0.3,0.1,0.8,4.0,827.0,5.0,4.0,0.5513905683192262
49.0,3.0,11.0,0.3,0.1,0.8,4.0,815.0,5.0,3.0,0.554601226993865
49.0,3.0,12.0,0.3,0.1,0.8,4.0,811.0,4.0,1.0,0.5536374845869297
49.0,3.0,13.0,0.3,0.1,0.8,4.0,799.0,3.0,0.0,0.5556946182728411
49.0,3.0,14.0,0.3,0.1,0.8,4.0,796.0,3.0,2.0,0.550251256281407
49.0,3.0,15.0,0.3,0.1,0.8,4.0,776.0,3.0,2.0,0.5463917525773195
49.0,3.0,16.0,0.3,0.1,0.8,4.0,769.0,3.0,2.0,0.5422626788036411
49.0,3.0,17.0,0.3,0.1,0.8,4.0,759.0,1.0,1.0,0.5428194993412385
49.0,3.0,18.0,0.3,0.1,0.8,4.0,762.0,2.0,1.0,0.5393700787401575
49.0,3.0,19.0,0.3,0.1,0.8,4.0,754.0,2.0,2.0,0.5437665782493368
49.0,3.0,20.0,0.3,0.1,0.8,4.0,1348.0,2.0,1.0,0.2959940652818991
49.0,3.0,21.0,0.3,0.1,0.8,4.0,1312.0,3.0,1.0,0.2995426829268293
49.0,3.0,22.0,0.3,0.1,0.8,4.0,1258.0,3.0,1.0,0.29968203497615264
49.0,3.0,23.0,0.3,0.1,0.8,4.0,1230.0,4.0,1.0,0.3
49.0,3.0,24.0,0.3,0.1,0.8,4.0,1255.0,6.0,4.0,0.29561752988047807
49.0,3.0,25.0,0.3,0.1,0.8,4.0,1222.0,5.0,2.0,0.3011456628477905
49.0,3.0,26.0,0.3,0.1,0.8,4.0,1161.0,8.0,2.0,0.3006029285099053
49.0,3.0,27.0,0.3,0.1,0.8,4.0,1128.0,9.0,2.0,0.3049645390070922
49.0,3.0,28.0,0.3,0.1,0.8,4.0,1107.0,9.0,3.0,0.3026196928635953
49.0,3.0,29.0,0.3,0.1,0.8,4.0,1097.0,10.0,8.0,0.3053783044667274
49.0,3.0,30.0,0.3,0.1,0.8,4.0,1072.0,13.0,7.0,0.30783582089552236
49.0,3.0,31.0,0.3,0.1,0.8,4.0,1021.0,10.0,5.0,0.31047992164544563
49.0,3.0,32.0,0.3,0.1,0.8,4.0,1023.0,9.0,5.0,0.3088954056695992
49.0,3.0,33.0,0.3,0.1,0.8,4.0,1003.0,10.0,4.0,0.31106679960119643
49.0,3.0,34.0,0.3,0.1,0.8,4.0,967.0,9.0,4.0,0.30920372285418823
49.0,3.0,35.0,0.3,0.1,0.8,4.0,951.0,8.0,5.0,0.31019978969505785
49.0,3.0,36.0,0.3,0.1,0.8,4.0,935.0,9.0,6.0,0.3155080213903743
49.0,3.0,37.0,0.3,0.1,0.8,4.0,907.0,8.0,5.0,0.3131201764057332
49.0,3.0,38.0,0.3,0.1,0.8,4.0,903.0,6.0,3.0,0.31561461794019935
49.0,3.0,39.0,0.3,0.1,0.8,4.0,892.0,5.0,2.0,0.312780269058296
49.0,3.0,40.0,0.3,0.1,0.8,4.0,885.0,4.0,2.0,0.3129943502824859
49.0,3.0,41.0,0.3,0.1,0.8,4.0,874.0,5.0,2.0,0.3135011441647597
49.0,3.0,42.0,0.3,0.1,0.8,4.0,855.0,5.0,2.0,0.3157894736842105
49.0,3.0,43.0,0.3,0.1,0.8,4.0,826.0,4.0,1.0,0.31476997578692495
49.0,3.0,44.0,0.3,0.1,0.8,4.0,832.0,4.0,2.0,0.31490384615384615
49.0,3.0,45.0,0.3,0.1,0.8,4.0,818.0,5.0,2.0,0.4669926650366748
49.0,3.0,46.0,0.3,0.1,0.8,4.0,824.0,5.0,3.0,0.46116504854368934
49.0,3.0,47.0,0.3,0.1,0.8,4.0,802.0,4.0,3.0,0.46508728179551123
49.0,3.0,48.0,0.3,0.1,0.8,4.0,813.0,3.0,3.0,0.46248462484624847
49.0,3.0,49.0,0.3,0.1,0.8,4.0,794.0,2.0,2.0,0.4659949622166247
49.0,3.0,50.0,0.3,0.1,0.8,4.0,787.0,1.0,1.0,0.4714104193138501
49.0,3.0,51.0,0.3,0.1,0.8,4.0,776.0,0.0,0.0,0.47036082474226804
49.0,3.0,52.0,0.3,0.1,0.8,4.0,749.0,0.0,0.0,0.4672897196261682
49.0,4.0,1.0,0.3,0.1,0.8,4.0,742.0,0.0,0.0,0.4636118598382749
49.0,4.0,2.0,0.3,0.1,0.8,4.0,742.0,0.0,0.0,0.4636118598382749
49.0,4.0,3.0,0.3,0.1,0.8,4.0,724.0,0.0,0.0,0.4613259668508287
49.0,4.0,4.0,0.3,0.1,0.8,4.0,725.0,0.0,0.0,0.4606896551724138
49.0,4.0,5.0,0.3,0.1,0.8,4.0,705.0,0.0,0.0,0.4595744680851064
49.0,4.0,6.0,0.3,0.1,0.8,4.0,707.0,0.0,0.0,0.4582743988684583
49.0,4.0,7.0,0.3,0.1,0.8,4.0,702.0,0.0,0.0,0.45726495726495725
49.0,4.0,8.0,0.3,0.1,0.8,4.0,692.0,0.0,0.0,0.4624277456647399
49.0,4.0,9.0,0.3,0.1,0.8,4.0,685.0,0.0,0.0,0.46277372262773725
49.0,4.0,10.0,0.3,0.1,0.8,4.0,689.0,0.0,0.0,0.4644412191582003
49.0,4.0,11.0,0.3,0.1,0.8,4.0,681.0,0.0,0.0,0.461086637298091
49.0,4.0,12.0,0.3,0.1,0.8,4.0,685.0,0.0,0.0,0.4642335766423358
49.0,4.0,13.0,0.3,0.1,0.8,4.0,678.0,0.0,0.0,0.4631268436578171
49.0,4.0,14.0,0.3,0.1,0.8,4.0,682.0,0.0,0.0,0.4633431085043988
49.0,4.0,15.0,0.3,0.1,0.8,4.0,676.0,0.0,0.0,0.4630177514792899
49.0,4.0,16.0,0.3,0.1,0.8,4.0,679.0,0.0,0.0,0.46244477172312226
49.0,4.0,17.0,0.3,0.1,0.8,4.0,673.0,0.0,0.0,0.4635958395245171
49.0,4.0,18.0,0.3,0.1,0.8,4.0,675.0,0.0,0.0,0.4622222222222222
49.0,4.0,19.0,0.3,0.1,0.8,4.0,669.0,0.0,0.0,0.4633781763826607
49.0,4.0,20.0,0.3,0.1,0.8,4.0,1260.0,0.0,0.0,0.24603174603174602
49.0,4.0,21.0,0.3,0.1,0.8,4.0,1222.0,0.0,0.0,0.2479541734860884
49.0,4.0,22.0,0.3,0.1,0.8,4.0,1194.0,0.0,0.0,0.25041876046901174
49.0,4.0,23.0,0.3,0.1,0.8,4.0,1157.0,0.0,0.0,0.2541054451166811
49.0,4.0,24.0,0.3,0.1,0.8,4.0,1149.0,0.0,0.0,0.25674499564838993
49.0,4.0,25.0,0.3,0.1,0.8,4.0,1131.0,0.0,0.0,0.2564102564102564
49.0,4.0,26.0,0.3,0.1,0.8,4.0,1105.0,0.0,0.0,0.25882352941176473
49.0,4.0,27.0,0.3,0.1,0.8,4.0,1093.0,0.0,0.0,0.25892040256175664
49.0,4.0,28.0,0.3,0.1,0.8,4.0,1075.0,0.0,0.0,0.2576744186046512
49.0,4.0,29.0,0.3,0.1,0.8,4.0,1017.0,0.0,0.0,0.2586037364798427
49.0,4.0,30.0,0.3,0.1,0.8,4.0,1001.0,0.0,0.0,0.25674325674325676
49.0,4.0,31.0,0.3,0.1,0.8,4.0,997.0,0.0,0.0,0.2567703109327984
49.0,4.0,32.0,0.3,0.1,0.8,4.0,997.0,0.0,0.0,0.2567703109327984
49.0,4.0,33.0,0.3,0.1,0.8,4.0,981.0,0.0,0.0,0.25891946992864423
49.0,4.0,34.0,0.3,0.1,0.8,4.0,986.0,0.0,0.0,0.25557809330628806
49.0,4.0,35.0,0.3,0.1,0.8,4.0,939.0,0.0,0.0,0.26198083067092653
49.0,4.0,36.0,0.3,0.1,0.8,4.0,932.0,0.0,0.0,0.2607296137339056
49.0,4.0,37.0,0.3,0.1,0.8,4.0,927.0,0.0,0.0,0.2588996763754045
49.0,4.0,38.0,0.3,0.1,0.8,4.0,924.0,0.0,0.0,0.2554112554112554
49.0,4.0,39.0,0.3,0.1,0.8,4.0,914.0,0.0,0.0,0.25601750547045954
49.0,4.0,40.0,0.3,0.1,0.8,4.0,898.0,0.0,0.0,0.2561247216035635
49.0,4.0,41.0,0.3,0.1,0.8,4.0,886.0,0.0,0.0,0.26072234762979685
49.0,4.0,42.0,0.3,0.1,0.8,4.0,883.0,0.0,0.0,0.2582106455266138
49.0,4.0,43.0,0.3,0.1,0.8,4.0,871.0,0.0,0.0,0.25947187141216993
49.0,4.0,44.0,0.3,0.1,0.8,4.0,867.0,0.0,0.0,0.2549019607843137
49.0,4.0,45.0,0.3,0.1,0.8,4.0,837.0,0.0,0.0,0.45161290322580644
49.0,4.0,46.0,0.3,0.1,0.8,4.0,831.0,0.0,0.0,0.4500601684717208
49.0,4.0,47.0,0.3,0.1,0.8,4.0,832.0,0.0,0.0,0.45072115384615385
49.0,4.0,48.0,0.3,0.1,0.8,4.0,826.0,0.0,0.0,0.44794188861985473
49.0,4.0,49.0,0.3,0.1,0.8,4.0,827.0,0.0,0.0,0.4486094316807739
49.0,4.0,50.0,0.3,0.1,0.8,4.0,793.0,0.0,0.0,0.4426229508196721
49.0,4.0,51.0,0.3,0.1,0.8,4.0,799.0,0.0,0.0,0.44430538172715894
49.0,4.0,52.0,0.3,0.1,0.8,4.0,787.0,0.0,0.0,0.4409148665819568
49.0,5.0,1.0,0.3,0.1,0.8,4.0,792.0,0.0,0.0,0.4431818181818182
49.0,5.0,2.0,0.3,0.1,0.8,4.0,784.0,0.0,0.0,0.44260204081632654
49.0,5.0,3.0,0.3,0.1,0.8,4.0,790.0,0.0,0.0,0.4443037974683544
49.0,5.0,4.0,0.3,0.1,0.8,4.0,781.0,0.0,0.0,0.44430217669654287
49.0,5.0,5.0,0.3,0.1,0.8,4.0,782.0,0.0,0.0,0.44501278772378516
49.0,5.0,6.0,0.3,0.1,0.8,4.0,772.0,0.0,0.0,0.44430051813471505
49.0,5.0,7.0,0.3,0.1,0.8,4.0,765.0,0.0,0.0,0.44313725490196076
49.0,5.0,8.0,0.3,0.1,0.8,4.0,751.0,0.0,0.0,0.44607190412782954
49.0,5.0,9.0,0.3,0.1,0.8,4.0,744.0,0.0,0.0,0.44489247311827956
49.0,5.0,10.0,0.3,0.1,0.8,4.0,734.0,0.0,0.0,0.44550408719346046
49.0,5.0,11.0,0.3,0.1,0.8,4.0,738.0,0.0,0.0,0.44715447154471544
49.0,5.0,12.0,0.3,0.1,0.8,4.0,725.0,0.0,0.0,0.4482758620689655
49.0,5.0,13.0,0.3,0.1,0.8,4.0,733.0,0.0,0.0,0.44474761255115963
49.0,5.0,14.0,0.3,0.1,0.8,4.0,717.0,0.0,0.0,0.4435146443514644
49.0,5.0,15.0,0.3,0.1,0.8,4.0,727.0,0.0,0.0,0.44566712517193946
49.0,5.0,16.0,0.3,0.1,0.8,4.0,714.0,0.0,0.0,0.44537815126050423
49.0,5.0,17.0,0.3,0.1,0.8,4.0,723.0,0.0,0.0,0.44536652835408025
49.0,5.0,18.0,0.3,0.1,0.8,4.0,699.0,0.0,0.0,0.4406294706723891
49.0,5.0,19.0,0.3,0.1,0.8,4.0,709.0,0.0,0.0,0.4414668547249647
49.0,5.0,20.0,0.3,0.1,0.8,4.0,1291.0,0.0,0.0,0.2378001549186677
49.0,5.0,21.0,0.3,0.1,0.8,4.0,1273.0,0.0,0.0,0.23959151610369206
49.0,5.0,22.0,0.3,0.1,0.8,4.0,1233.0,0.0,0.0,0.24493106244931062
49.0,5.0,23.0,0.3,0.1,0.8,4.0,1259.0,0.0,0.0,0.2414614773629865
49.0,5.0,24.0,0.3,0.1,0.8,4.0,1174.0,0.0,0.0,0.2512776831345826
49.0,5.0,25.0,0.3,0.1,0.8,4.0,1211.0,0.0,0.0,0.24525185796862098
49.0,5.0,26.0,0.3,0.1,0.8,4.0,1141.0,0.0,0.0,0.2532865907099036
49.0,5.0,27.0,0.3,0.1,0.8,4.0,1153.0,0.0,0.0,0.2489158716392021
49.0,5.0,28.0,0.3,0.1,0.8,4.0,1128.0,0.0,0.0,0.25354609929078015
49.0,5.0,29.0,0.3,0.1,0.8,4.0,1110.0,0.0,0.0,0.2531531531531532
49.0,5.0,30.0,0.3,0.1,0.8,4.0,1095.0,0.0,0.0,0.2547945205479452
49.0,5.0,31.0,0.3,0.1,0.8,4.0,1079.0,0.0,0.0,0.2548656163113994
49.0,5.0,32.0,0.3,0.1,0.8,4.0,1047.0,0.0,0.0,0.2521489971346705
49.0,5.0,33.0,0.3,0.1,0.8,4.0,1043.0,0.0,0.0,0.25407478427612656
49.0,5.0,34.0,0.3,0.1,0.8,4.0,1007.0,0.0,0.0,0.25521350546176763
49.0,5.0,35.0,0.3,0.1,0.8,4.0,992.0,0.0,0.0,0.2530241935483871
49.0,5.0,36.0,0.3,0.1,0.8,4.0,952.0,0.0,0.0,0.2605042016806723
49.0,5.0,37.0,0.3,0.1,0.8,4.0,936.0,0.0,0.0,0.25961538461538464
49.0,5.0,38.0,0.3,0.1,0.8,4.0,923.0,0.0,0.0,0.26218851570964247
49.0,5.0,39.0,0.3,0.1,0.8,4.0,908.0,0.0,0.0,0.263215859030837
49.0,5.0,40.0,0.3,0.1,0.8,4.0,890.0,0.0,0.0,0.26853932584269663
49.0,5.0,41.0,0.3,0.1,0.8,4.0,894.0,0.0,0.0,0.2639821029082774
49.0,5.0,42.0,0.3,0.1,0.8,4.0,878.0,0.0,0.0,0.26879271070615035
49.0,5.0,43.0,0.3,0.1,0.8,4.0,881.0,0.0,0.0,0.264472190692395
49.0,5.0,44.0,0.3,0.1,0.8,4.0,840.0,0.0,0.0,0.275
49.0,5.0,45.0,0.3,0.1,0.8,4.0,829.0,0.0,0.0,0.4583835946924005
49.0,5.0,46.0,0.3,0.1,0.8,4.0,819.0,0.0,0.0,0.4603174603174603
49.0,5.0,47.0,0.3,0.1,0.8,4.0,820.0,0.0,0.0,0.4560975609756098
49.0,5.0,48.0,0.3,0.1,0.8,4.0,797.0,0.0,0.0,0.465495608531995
49.0,5.0,49.0,0.3,0.1,0.8,4.0,796.0,0.0,0.0,0.4623115577889447
49.0,5.0,50.0,0.3,0.1,0.8,4.0,776.0,0.0,0.0,0.46134020618556704
49.0,5.0,51.0,0.3,0.1,0.8,4.0,781.0,0.0,0.0,0.46094750320102434
49.0,5.0,52.0,0.3,0.1,0.8,4.0,762.0,0.0,0.0,0.46194225721784776
49.0,6.0,1.0,0.3,0.1,0.8,4.0,763.0,0.0,0.0,0.4600262123197903
49.0,6.0,2.0,0.3,0.1,0.8,4.0,761.0,0.0,0.0,0.4612352168199737
49.0,6.0,3.0,0.3,0.1,0.8,4.0,750.0,0.0,0.0,0.4613333333333333
49.0,6.0,4.0,0.3,0.1,0.8,4.0,741.0,0.0,0.0,0.45883940620782726
49.0,6.0,5.0,0.3,0.1,0.8,4.0,743.0,0.0,0.0,0.458950201884253
49.0,6.0,6.0,0.3,0.1,0.8,4.0,723.0,0.0,0.0,0.4578146611341632
49.0,6.0,7.0,0.3,0.1,0.8,4.0,721.0,0.0,0.0,0.4576976421636616
49.0,6.0,8.0,0.3,0.1,0.8,4.0,704.0,0.0,0.0,0.4616477272727273
49.0,6.0,9.0,0.3,0.1,0.8,4.0,703.0,0.0,0.0,0.4623044096728307
49.0,6.0,10.0,0.3,0.1,0.8,4.0,697.0,0.0,0.0,0.4619799139167862
49.0,6.0,11.0,0.3,0.1,0.8,4.0,697.0,0.0,0.0,0.4634146341463415
49.0,6.0,12.0,0.3,0.1,0.8,4.0,690.0,0.0,0.0,0.4608695652173913
49.0,6.0,13.0,0.3,0.1,0.8,4.0,692.0,0.0,0.0,0.46098265895953755
49.0,6.0,14.0,0.3,0.1,0.8,4.0,688.0,0.0,0.0,0.4622093023255814
49.0,6.0,15.0,0.3,0.1,0.8,4.0,676.0,0.0,0.0,0.46449704142011833
49.0,6.0,16.0,0.3,0.1,0.8,4.0,664.0,0.0,0.0,0.46686746987951805
49.0,6.0,17.0,0.3,0.1,0.8,4.0,662.0,0.0,0.0,0.4652567975830816
49.0,6.0,18.0,0.3,0.1,0.8,4.0,662.0,0.0,0.0,0.46676737160120846
49.0,6.0,19.0,0.3,0.1,0.8,4.0,659.0,0.0,0.0,0.4673748103186646
49.0,6.0,20.0,0.3,0.1,0.8,4.0,1216.0,0.0,0.0,0.2524671052631579
49.0,6.0,21.0,0.3,0.1,0.8,4.0,1148.0,0.0,0.0,0.2534843205574913
49.0,6.0,22.0,0.3,0.1,0.8,4.0,1115.0,0.0,0.0,0.25291479820627805
49.0,6.0,23.0,0.3,0.1,0.8,4.0,1076.0,0.0,0.0,0.25650557620817843
49.0,6.0,24.0,0.3,0.1,0.8,4.0,1048.0,0.0,0.0,0.2538167938931298
49.0,6.0,25.0,0.3,0.1,0.8,4.0,1042.0,0.0,0.0,0.2543186180422265
49.0,6.0,26.0,0.3,0.1,0.8,4.0,1002.0,0.0,0.0,0.25848303393213573
49.0,6.0,27.0,0.3,0.1,0.8,4.0,980.0,0.0,0.0,0.25918367346938775
49.0,6.0,28.0,0.3,0.1,0.8,4.0,925.0,0.0,0.0,0.2648648648648649
49.0,6.0,29.0,0.3,0.1,0.8,4.0,890.0,0.0,0.0,0.2640449438202247
49.0,6.0,30.0,0.3,0.1,0.8,4.0,894.0,0.0,0.0,0.26174496644295303
49.0,6.0,31.0,0.3,0.1,0.8,4.0,872.0,0.0,0.0,0.26376146788990823
49.0,6.0,32.0,0.3,0.1,0.8,4.0,880.0,0.0,0.0,0.2625
49.0,6.0,33.0,0.3,0.1,0.8,4.0,871.0,0.0,0.0,0.2629161882893226
49.0,6.0,34.0,0.3,0.1,0.8,4.0,841.0,0.0,0.0,0.26872770511296074
49.0,6.0,35.0,0.3,0.1,0.8,4.0,829.0,0.0,0.0,0.27261761158021713
49.0,6.0,36.0,0.3,0.1,0.8,4.0,834.0,0.0,0.0,0.27218225419664266
49.0,6.0,37.0,0.3,0.1,0.8,4.0,824.0,0.0,0.0,0.27427184466019416
49.0,6.0,38.0,0.3,0.1,0.8,4.0,832.0,0.0,0.0,0.27163461538461536
49.0,6.0,39.0,0.3,0.1,0.8,4.0,811.0,0.0,0.0,0.2749691738594328
49.0,6.0,40.0,0.3,0.1,0.8,4.0,806.0,0.0,0.0,0.27419354838709675
49.0,6.0,41.0,0.3,0.1,0.8,4.0,799.0,0.0,0.0,0.2765957446808511
49.0,6.0,42.0,0.3,0.1,0.8,4.0,783.0,0.0,0.0,0.2771392081736909
49.0,6.0,43.0,0.3,0.1,0.8,4.0,771.0,0.0,0.0,0.2801556420233463
49.0,6.0,44.0,0.3,0.1,0.8,4.0,761.0,0.0,0.0,0.278580814717477
49.0,6.0,45.0,0.3,0.1,0.8,4.0,743.0,0.0,0.0,0.44414535666218036
49.0,6.0,46.0,0.3,0.1,0.8,4.0,746.0,0.0,0.0,0.4410187667560322
49.0,6.0,47.0,0.3,0.1,0.8,4.0,744.0,0.0,0.0,0.4422043010752688
49.0,6.0,48.0,0.3,0.1,0.8,4.0,730.0,0.0,0.0,0.4397260273972603
49.0,6.0,49.0,0.3,0.1,0.8,4.0,731.0,0.0,0.0,0.4418604651162791
49.0,6.0,50.0,0.3,0.1,0.8,4.0,727.0,0.0,0.0,0.43878954607977994
49.0,6.0,51.0,0.3,0.1,0.8,4.0,725.0,0.0,0.0,0.4386206896551724
49.0,6.0,52.0,0.3,0.1,0.8,4.0,721.0,0.0,0.0,0.43828016643550627
49.0,7.0,1.0,0.3,0.1,0.8,4.0,712.0,0.0,0.0,0.44241573033707865
49.0,7.0,2.0,0.3,0.1,0.8,4.0,695.0,0.0,0.0,0.43884892086330934
49.0,7.0,3.0,0.3,0.1,0.8,4.0,688.0,0.0,0.0,0.44622093023255816
49.0,7.0,4.0,0.3,0.1,0.8,4.0,684.0,0.0,0.0,0.4444444444444444
49.0,7.0,5.0,0.3,0.1,0.8,4.0,687.0,0.0,0.0,0.4468704512372635
49.0,7.0,6.0,0.3,0.1,0.8,4.0,679.0,0.0,0.0,0.44477172312223856
49.0,7.0,7.0,0.3,0.1,0.8,4.0,685.0,0.0,0.0,0.4481751824817518
49.0,7.0,8.0,0.3,0.1,0.8,4.0,673.0,0.0,0.0,0.4472511144130758
49.0,7.0,9.0,0.3,0.1,0.8,4.0,676.0,0.0,0.0,0.4452662721893491
49.0,7.0,10.0,0.3,0.1,0.8,4.0,671.0,0.0,0.0,0.4426229508196721
49.0,7.0,11.0,0.3,0.1,0.8,4.0,669.0,0.0,0.0,0.4484304932735426
49.0,7.0,12.0,0.3,0.1,0.8,4.0,664.0,0.0,0.0,0.4457831325301205
49.0,7.0,13.0,0.3,0.1,0.8,4.0,669.0,0.0,0.0,0.4469357249626308
49.0,7.0,14.0,0.3,0.1,0.8,4.0,662.0,0.0,0.0,0.44410876132930516
49.0,7.0,15.0,0.3,0.1,0.8,4.0,652.0,0.0,0.0,0.4493865030674847
49.0,7.0,16.0,0.3,0.1,0.8,4.0,648.0,0.0,0.0,0.44598765432098764
49.0,7.0,17.0,0.3,0.1,0.8,4.0,650.0,0.0,0.0,0.4492307692307692
49.0,7.0,18.0,0.3,0.1,0.8,4.0,646.0,0.0,0.0,0.4473684210526316
49.0,7.0,19.0,0.3,0.1,0.8,4.0,644.0,0.0,0.0,0.44875776397515527
49.0,7.0,20.0,0.3,0.1,0.8,4.0,1178.0,0.0,0.0,0.24193548387096775
49.0,7.0,21.0,0.3,0.1,0.8,4.0,1154.0,0.0,0.0,0.24610051993067592
49.0,7.0,22.0,0.3,0.1,0.8,4.0,1091.0,0.0,0.0,0.2447296058661778
49.0,7.0,23.0,0.3,0.1,0.8,4.0,1084.0,0.0,0.0,0.25
49.0,7.0,24.0,0.3,0.1,0.8,4.0,1059.0,0.0,0.0,0.2502360717658168
49.0,7.0,25.0,0.3,0.1,0.8,4.0,1023.0,0.0,0.0,0.25219941348973607
49.0,7.0,26.0,0.3,0.1,0.8,4.0,1021.0,0.0,0.0,0.2517140058765916
49.0,7.0,27.0,0.3,0.1,0.8,4.0,1006.0,0.0,0.0,0.2504970178926441
49.0,7.0,28.0,0.3,0.1,0.8,4.0,1005.0,0.0,0.0,0.2507462686567164
49.0,7.0,29.0,0.3,0.1,0.8,4.0,981.0,0.0,0.0,0.2528032619775739
49.0,7.0,30.0,0.3,0.1,0.8,4.0,948.0,0.0,0.0,0.26054852320675104
49.0,7.0,31.0,0.3,0.1,0.8,4.0,940.0,0.0,0.0,0.26063829787234044
49.0,7.0,32.0,0.3,0.1,0.8,4.0,938.0,0.0,0.0,0.26119402985074625
49.0,7.0,33.0,0.3,0.1,0.8,4.0,939.0,0.0,0.0,0.26091586794462196
49.0,7.0,34.0,0.3,0.1,0.8,4.0,937.0,0.0,0.0,0.26040554962646745
49.0,7.0,35.0,0.3,0.1,0.8,4.0,933.0,0.0,0.0,0.2615219721329046
49.0,7.0,36.0,0.3,0.1,0.8,4.0,912.0,0.0,0.0,0.26535087719298245
49.0,7.0,37.0,0.3,0.1,0.8,4.0,912.0,0.0,0.0,0.2642543859649123
49.0,7.0,38.0,0.3,0.1,0.8,4.0,894.0,0.0,0.0,0.26733780760626397
49.0,7.0,39.0,0.3,0.1,0.8,4.0,880.0,0.0,0.0,0.26931818181818185
49.0,7.0,40.0,0.3,0.1,0.8,4.0,881.0,0.0,0.0,0.27014755959137343
49.0,7.0,41.0,0.3,0.1,0.8,4.0,852.0,0.0,0.0,0.2711267605633803
49.0,7.0,42.0,0.3,0.1,0.8,4.0,841.0,0.0,0.0,0.2746730083234245
49.0,7.0,43.0,0.3,0.1,0.8,4.0,828.0,0.0,0.0,0.2717391304347826
49.0,7.0,44.0,0.3,0.1,0.8,4.0,830.0,0.0,0.0,0.2746987951807229
49.0,7.0,45.0,0.3,0.1,0.8,4.0,817.0,0.0,0.0,0.43329253365973075
49.0,7.0,46.0,0.3,0.1,0.8,4.0,819.0,0.0,0.0,0.4371184371184371
49.0,7.0,47.0,0.3,0.1,0.8,4.0,801.0,0.0,0.0,0.4332084893882647
49.0,7.0,48.0,0.3,0.1,0.8,4.0,799.0,0.0,0.0,0.4355444305381727
49.0,7.0,49.0,0.3,0.1,0.8,4.0,805.0,0.0,0.0,0.4322981366459627
49.0,7.0,50.0,0.3,0.1,0.8,4.0,779.0,0.0,0.0,0.43902439024390244
49.0,7.0,51.0,0.3,0.1,0.8,4.0,758.0,0.0,0.0,0.4445910290237467
49.0,7.0,52.0,0.3,0.1,0.8,4.0,746.0,0.0,0.0,0.4436997319034853
49.0,8.0,1.0,0.3,0.1,0.8,4.0,756.0,0.0,0.0,0.44312169312169314
49.0,8.0,2.0,0.3,0.1,0.8,4.0,744.0,0.0,0.0,0.4422043010752688
49.0,8.0,3.0,0.3,0.1,0.8,4.0,744.0,0.0,0.0,0.44623655913978494
49.0,8.0,4.0,0.3,0.1,0.8,4.0,733.0,0.0,0.0,0.44747612551159616
49.0,8.0,5.0,0.3,0.1,0.8,4.0,740.0,0.0,0.0,0.4486486486486487
49.0,8.0,6.0,0.3,0.1,0.8,4.0,732.0,0.0,0.0,0.44808743169398907
49.0,8.0,7.0,0.3,0.1,0.8,4.0,739.0,0.0,0.0,0.4479025710419486
49.0,8.0,8.0,0.3,0.1,0.8,4.0,730.0,0.0,0.0,0.44794520547945205
49.0,8.0,9.0,0.3,0.1,0.8,4.0,705.0,0.0,0.0,0.4453900709219858
49.0,8.0,10.0,0.3,0.1,0.8,4.0,694.0,0.0,0.0,0.44812680115273773
49.0,8.0,11.0,0.3,0.1,0.8,4.0,701.0,0.0,0.0,0.44650499286733236
49.0,8.0,12.0,0.3,0.1,0.8,4.0,690.0,0.0,0.0,0.4463768115942029
49.0,8.0,13.0,0.3,0.1,0.8,4.0,687.0,0.0,0.0,0.4483260553129549
49.0,8.0,14.0,0.3,0.1,0.8,4.0,672.0,0.0,0.0,0.45089285714285715
49.0,8.0,15.0,0.3,0.1,0.8,4.0,681.0,0.0,0.0,0.45080763582966227
49.0,8.0,16.0,0.3,0.1,0.8,4.0,670.0,0.0,0.0,0.4507462686567164
49.0,8.0,17.0,0.3,0.1,0.8,4.0,679.0,0.0,0.0,0.4491899852724595
49.0,8.0,18.0,0.3,0.1,0.8,4.0,670.0,0.0,0.0,0.4507462686567164
49.0,8.0,19.0,0.3,0.1,0.8,4.0,680.0,0.0,0.0,0.45
49.0,8.0,20.0,0.3,0.1,0.8,4.0,1201.0,0.0,0.0,0.25228975853455454
49.0,8.0,21.0,0.3,0.1,0.8,4.0,1185.0,0.0,0.0,0.2523206751054852
49.0,8.0,22.0,0.3,0.1,0.8,4.0,1146.0,0.0,0.0,0.25741710296684117
49.0,8.0,23.0,0.3,0.1,0.8,4.0,1106.0,0.0,0.0,0.25587703435804704
49.0,8.0,24.0,0.3,0.1,0.8,4.0,1068.0,0.0,0.0,0.25936329588014984
49.0,8.0,25.0,0.3,0.1,0.8,4.0,1034.0,0.0,0.0,0.2678916827852998
49.0,8.0,26.0,0.3,0.1,0.8,4.0,1002.0,0.0,0.0,0.2694610778443114
49.0,8.0,27.0,0.3,0.1,0.8,4.0,982.0,0.0,0.0,0.269857433808554
49.0,8.0,28.0,0.3,0.1,0.8,4.0,957.0,0.0,0.0,0.2727272727272727
49.0,8.0,29.0,0.3,0.1,0.8,4.0,947.0,0.0,0.0,0.27455121436114044
49.0,8.0,30.0,0.3,0.1,0.8,4.0,918.0,0.0,0.0,0.2777777777777778
49.0,8.0,31.0,0.3,0.1,0.8,4.0,907.0,0.0,0.0,0.28114663726571115
49.0,8.0,32.0,0.3,0.1,0.8,4.0,872.0,0.0,0.0,0.28325688073394495
49.0,8.0,33.0,0.3,0.1,0.8,4.0,883.0,0.0,0.0,0.28199320498301245
49.0,8.0,34.0,0.3,0.1,0.8,4.0,870.0,0.0,0.0,0.2827586206896552
49.0,8.0,35.0,0.3,0.1,0.8,4.0,857.0,0.0,0.0,0.2847141190198366
49.0,8.0,36.0,0.3,0.1,0.8,4.0,842.0,0.0,0.0,0.28741092636579574
49.0,8.0,37.0,0.3,0.1,0.8,4.0,818.0,0.0,0.0,0.28361858190709044
49.0,8.0,38.0,0.3,0.1,0.8,4.0,818.0,0.0,0.0,0.2860635696821516
49.0,8.0,39.0,0.3,0.1,0.8,4.0,817.0,0.0,0.0,0.2827417380660955
49.0,8.0,40.0,0.3,0.1,0.8,4.0,815.0,0.0,0.0,0.28588957055214725
49.0,8.0,41.0,0.3,0.1,0.8,4.0,814.0,0.0,0.0,0.28378378378378377
49.0,8.0,42.0,0.3,0.1,0.8,4.0,802.0,0.0,0.0,0.2892768079800499
49.0,8.0,43.0,0.3,0.1,0.8,4.0,802.0,0.0,0.0,0.2855361596009975
49.0,8.0,44.0,0.3,0.1,0.8,4.0,801.0,0.0,0.0,0.28963795255930086
49.0,8.0,45.0,0.3,0.1,0.8,4.0,802.0,0.0,0.0,0.4476309226932668
49.0,8.0,46.0,0.3,0.1,0.8,4.0,770.0,0.0,0.0,0.45584415584415583
49.0,8.0,47.0,0.3,0.1,0.8,4.0,770.0,0.0,0.0,0.45454545454545453
49.0,8.0,48.0,0.3,0.1,0.8,4.0,758.0,0.0,0.0,0.4577836411609499
49.0,8.0,49.0,0.3,0.1,0.8,4.0,758.0,0.0,0.0,0.4551451187335092
49.0,8.0,50.0,0.3,0.1,0.8,4.0,759.0,0.0,0.0,0.45718050065876153
49.0,8.0,51.0,0.3,0.1,0.8,4.0,757.0,0.0,0.0,0.4570673712021136
49.0,8.0,52.0,0.3,0.1,0.8,4.0,756.0,0.0,0.0,0.4576719576719577
49.0,9.0,1.0,0.3,0.1,0.8,4.0,756.0,0.0,0.0,0.4576719576719577
49.0,9.0,2.0,0.3,0.1,0.8,4.0,755.0,0.0,0.0,0.45695364238410596
49.0,9.0,3.0,0.3,0.1,0.8,4.0,756.0,0.0,0.0,0.4576719576719577
49.0,9.0,4.0,0.3,0.1,0.8,4.0,741.0,0.0,0.0,0.45614035087719296
49.0,9.0,5.0,0.3,0.1,0.8,4.0,739.0,0.0,0.0,0.456021650879567
49.0,9.0,6.0,0.3,0.1,0.8,4.0,741.0,0.0,0.0,0.45614035087719296
49.0,9.0,7.0,0.3,0.1,0.8,4.0,739.0,0.0,0.0,0.456021650879567
49.0,9.0,8.0,0.3,0.1,0.8,4.0,740.0,0.0,0.0,0.4581081081081081
49.0,9.0,9.0,0.3,0.1,0.8,4.0,737.0,0.0,0.0,0.45725915875169604
49.0,9.0,10.0,0.3,0.1,0.8,4.0,739.0,0.0,0.0,0.45737483085250336
49.0,9.0,11.0,0.3,0.1,0.8,4.0,735.0,0.0,0.0,0.45714285714285713
49.0,9.0,12.0,0.3,0.1,0.8,4.0,736.0,0.0,0.0,0.4592391304347826
49.0,9.0,13.0,0.3,0.1,0.8,4.0,736.0,0.0,0.0,0.4578804347826087
49.0,9.0,14.0,0.3,0.1,0.8,4.0,735.0,0.0,0.0,0.45850340136054424
49.0,9.0,15.0,0.3,0.1,0.8,4.0,736.0,0.0,0.0,0.4592391304347826
49.0,9.0,16.0,0.3,0.1,0.8,4.0,733.0,0.0,0.0,0.4583901773533424
49.0,9.0,17.0,0.3,0.1,0.8,4.0,735.0,0.0,0.0,0.45850340136054424
49.0,9.0,18.0,0.3,0.1,0.8,4.0,731.0,0.0,0.0,0.4582763337893297
49.0,9.0,19.0,0.3,0.1,0.8,4.0,711.0,0.0,0.0,0.4571026722925457
49.0,9.0,20.0,0.3,0.1,0.8,4.0,1256.0,0.0,0.0,0.24761146496815287
49.0,9.0,21.0,0.3,0.1,0.8,4.0,1227.0,0.0,0.0,0.24449877750611246
49.0,9.0,22.0,0.3,0.1,0.8,4.0,1151.0,0.0,0.0,0.2510860121633362
49.0,9.0,23.0,0.3,0.1,0.8,4.0,1116.0,0.0,0.0,0.25627240143369173
49.0,9.0,24.0,0.3,0.1,0.8,4.0,1086.0,0.0,0.0,0.2587476979742173
49.0,9.0,25.0,0.3,0.1,0.8,4.0,1058.0,0.0,0.0,0.2618147448015123
49.0,9.0,26.0,0.3,0.1,0.8,4.0,1047.0,0.0,0.0,0.26456542502387775
49.0,9.0,27.0,0.3,0.1,0.8,4.0,1045.0,0.0,0.0,0.2641148325358852
49.0,9.0,28.0,0.3,0.1,0.8,4.0,979.0,0.0,0.0,0.27170582226762
49.0,9.0,29.0,0.3,0.1,0.8,4.0,940.0,0.0,0.0,0.2765957446808511
49.0,9.0,30.0,0.3,0.1,0.8,4.0,944.0,0.0,0.0,0.2775423728813559
49.0,9.0,31.0,0.3,0.1,0.8,4.0,909.0,0.0,0.0,0.2794279427942794
49.0,9.0,32.0,0.3,0.1,0.8,4.0,887.0,0.0,0.0,0.2852311161217587
49.0,9.0,33.0,0.3,0.1,0.8,4.0,883.0,0.0,0.0,0.2842582106455266
49.0,9.0,34.0,0.3,0.1,0.8,4.0,887.0,0.0,0.0,0.2852311161217587
49.0,9.0,35.0,0.3,0.1,0.8,4.0,871.0,0.0,0.0,0.2847301951779564
49.0,9.0,36.0,0.3,0.1,0.8,4.0,848.0,0.0,0.0,0.29009433962264153
49.0,9.0,37.0,0.3,0.1,0.8,4.0,844.0,0.0,0.0,0.2890995260663507
49.0,9.0,38.0,0.3,0.1,0.8,4.0,836.0,0.0,0.0,0.291866028708134
49.0,9.0,39.0,0.3,0.1,0.8,4.0,831.0,0.0,0.0,0.29121540312876054
49.0,9.0,40.0,0.3,0.1,0.8,4.0,797.0,0.0,0.0,0.2998745294855709
49.0,9.0,41.0,0.3,0.1,0.8,4.0,793.0,0.0,0.0,0.2988650693568726
49.0,9.0,42.0,0.3,0.1,0.8,4.0,796.0,0.0,0.0,0.2989949748743719
49.0,9.0,43.0,0.3,0.1,0.8,4.0,793.0,0.0,0.0,0.2988650693568726
49.0,9.0,44.0,0.3,0.1,0.8,4.0,796.0,0.0,0.0,0.2989949748743719
49.0,9.0,45.0,0.3,0.1,0.8,4.0,793.0,0.0,0.0,0.4489281210592686
49.0,9.0,46.0,0.3,0.1,0.8,4.0,797.0,0.0,0.0,0.4504391468005019
49.0,9.0,47.0,0.3,0.1,0.8,4.0,783.0,0.0,0.0,0.45338441890166026
49.0,9.0,48.0,0.3,0.1,0.8,4.0,785.0,0.0,0.0,0.4535031847133758
49.0,9.0,49.0,0.3,0.1,0.8,4.0,783.0,0.0,0.0,0.45338441890166026
49.0,9.0,50.0,0.3,0.1,0.8,4.0,781.0,0.0,0.0,0.4532650448143406
49.0,9.0,51.0,0.3,0.1,0.8,4.0,780.0,0.0,0.0,0.4551282051282051
49.0,9.0,52.0,0.3,0.1,0.8,4.0,782.0,0.0,0.0,0.4539641943734015
49.0,10.0,1.0,0.3,0.1,0.8,4.0,782.0,0.0,0.0,0.4539641943734015
49.0,10.0,2.0,0.3,0.1,0.8,4.0,783.0,0.0,0.0,0.454661558109834
49.0,10.0,3.0,0.3,0.1,0.8,4.0,782.0,0.0,0.0,0.4539641943734015
49.0,10.0,4.0,0.3,0.1,0.8,4.0,779.0,0.0,0.0,0.4557124518613607
49.0,10.0,5.0,0.3,0.1,0.8,4.0,778.0,0.0,0.0,0.455012853470437
49.0,10.0,6.0,0.3,0.1,0.8,4.0,778.0,0.0,0.0,0.455012853470437
49.0,10.0,7.0,0.3,0.1,0.8,4.0,755.0,0.0,0.0,0.4649006622516556
49.0,10.0,8.0,0.3,0.1,0.8,4.0,753.0,0.0,0.0,0.46613545816733065
49.0,10.0,9.0,0.3,0.1,0.8,4.0,740.0,0.0,0.0,0.4702702702702703
49.0,10.0,10.0,0.3,0.1,0.8,4.0,741.0,0.0,0.0,0.46963562753036436
49.0,10.0,11.0,0.3,0.1,0.8,4.0,736.0,0.0,0.0,0.46875
49.0,10.0,12.0,0.3,0.1,0.8,4.0,739.0,0.0,0.0,0.4709066305818674
49.0,10.0,13.0,0.3,0.1,0.8,4.0,737.0,0.0,0.0,0.4708276797829037
49.0,10.0,14.0,0.3,0.1,0.8,4.0,738.0,0.0,0.0,0.470189701897019
49.0,10.0,15.0,0.3,0.1,0.8,4.0,738.0,0.0,0.0,0.4715447154471545
49.0,10.0,16.0,0.3,0.1,0.8,4.0,737.0,0.0,0.0,0.4694708276797829
49.0,10.0,17.0,0.3,0.1,0.8,4.0,738.0,0.0,0.0,0.4715447154471545
49.0,10.0,18.0,0.3,0.1,0.8,4.0,734.0,0.0,0.0,0.47002724795640327
49.0,10.0,19.0,0.3,0.1,0.8,4.0,722.0,0.0,0.0,0.47645429362880887
49.0,10.0,20.0,0.3,0.1,0.8,4.0,1211.0,0.0,0.0,0.2667217175887696
49.0,10.0,21.0,0.3,0.1,0.8,4.0,1162.0,0.0,0.0,0.2676419965576592
49.0,10.0,22.0,0.3,0.1,0.8,4.0,1113.0,0.0,0.0,0.2695417789757412
49.0,10.0,23.0,0.3,0.1,0.8,4.0,1083.0,0.0,0.0,0.2770083102493075
49.0,10.0,24.0,0.3,0.1,0.8,4.0,1083.0,0.0,0.0,0.2760849492151431
49.0,10.0,25.0,0.3,0.1,0.8,4.0,1058.0,0.0,0.0,0.28071833648393196
49.0,10.0,26.0,0.3,0.1,0.8,4.0,1009.0,0.0,0.0,0.2844400396432111
49.0,10.0,27.0,0.3,0.1,0.8,4.0,996.0,0.0,0.0,0.28413654618473894
49.0,10.0,28.0,0.3,0.1,0.8,4.0,964.0,0.0,0.0,0.2863070539419087
49.0,10.0,29.0,0.3,0.1,0.8,4.0,943.0,0.0,0.0,0.28844114528101805
49.0,10.0,30.0,0.3,0.1,0.8,4.0,930.0,0.0,0.0,0.2903225806451613
49.0,10.0,31.0,0.3,0.1,0.8,4.0,932.0,0.0,0.0,0.2907725321888412
49.0,10.0,32.0,0.3,0.1,0.8,4.0,929.0,0.0,0.0,0.28955866523143164
49.0,10.0,33.0,0.3,0.1,0.8,4.0,902.0,0.0,0.0,0.29379157427937913
49.0,10.0,34.0,0.3,0.1,0.8,4.0,902.0,0.0,0.0,0.2926829268292683
49.0,10.0,35.0,0.3,0.1,0.8,4.0,890.0,0.0,0.0,0.2932584269662921
49.0,10.0,36.0,0.3,0.1,0.8,4.0,863.0,0.0,0.0,0.30011587485515645
49.0,10.0,37.0,0.3,0.1,0.8,4.0,814.0,0.0,0.0,0.3083538083538084
49.0,10.0,38.0,0.3,0.1,0.8,4.0,814.0,0.0,0.0,0.3083538083538084
49.0,10.0,39.0,0.3,0.1,0.8,4.0,816.0,0.0,0.0,0.3088235294117647
49.0,10.0,40.0,0.3,0.1,0.8,4.0,810.0,0.0,0.0,0.3074074074074074
49.0,10.0,41.0,0.3,0.1,0.8,4.0,816.0,0.0,0.0,0.3088235294117647
49.0,10.0,42.0,0.3,0.1,0.8,4.0,799.0,0.0,0.0,0.3091364205256571
49.0,10.0,43.0,0.3,0.1,0.8,4.0,804.0,0.0,0.0,0.30845771144278605
49.0,10.0,44.0,0.3,0.1,0.8,4.0,790.0,0.0,0.0,0.30886075949367087
49.0,10.0,45.0,0.3,0.1,0.8,4.0,789.0,0.0,0.0,0.4892268694550063
49.0,10.0,46.0,0.3,0.1,0.8,4.0,792.0,0.0,0.0,0.4898989898989899
49.0,10.0,47.0,0.3,0.1,0.8,4.0,792.0,0.0,0.0,0.48737373737373735
49.0,10.0,48.0,0.3,0.1,0.8,4.0,791.0,0.0,0.0,0.49051833122629585
49.0,10.0,49.0,0.3,0.1,0.8,4.0,793.0,0.0,0.0,0.4880201765447667
49.0,10.0,50.0,0.3,0.1,0.8,4.0,793.0,0.0,0.0,0.489281210592686
49.0,10.0,51.0,0.3,0.1,0.8,4.0,781.0,0.0,0.0,0.48911651728553135
49.0,10.0,52.0,0.3,0.1,0.8,4.0,779.0,0.0,0.0,0.4890885750962773
50.0,1.0,1.0,0.3,0.1,0.8,4.0,5232.0,54.0,10.0,0.30007645259938837
50.0,1.0,2.0,0.3,0.1,0.8,4.0,5179.0,59.0,21.0,0.30314732573855957
50.0,1.0,3.0,0.3,0.1,0.8,4.0,5108.0,71.0,31.0,0.30207517619420515
50.0,1.0,4.0,0.3,0.1,0.8,4.0,5046.0,83.0,26.0,0.3034086405073325
50.0,1.0,5.0,0.3,0.1,0.8,4.0,5057.0,92.0,33.0,0.3025509195175005
50.0,1.0,6.0,0.3,0.1,0.8,4.0,4860.0,109.0,38.0,0.3030864197530864
50.0,1.0,7.0,0.3,0.1,0.8,4.0,4709.0,135.0,49.0,0.30388617540879165
50.0,1.0,8.0,0.3,0.1,0.8,4.0,4619.0,167.0,63.0,0.30461138774626545
50.0,1.0,9.0,0.3,0.1,0.8,4.0,4480.0,189.0,77.0,0.30513392857142857
50.0,1.0,10.0,0.3,0.1,0.8,4.0,4228.0,183.0,76.0,0.304399243140965
50.0,1.0,11.0,0.3,0.1,0.8,4.0,4107.0,190.0,78.0,0.30849768687606527
50.0,1.0,12.0,0.3,0.1,0.8,4.0,3913.0,209.0,83.0,0.31178124201380014
50.0,1.0,13.0,0.3,0.1,0.8,4.0,3800.0,199.0,95.0,0.3118421052631579
50.0,1.0,14.0,0.3,0.1,0.8,4.0,3714.0,197.0,98.0,0.3169089929994615
50.0,1.0,15.0,0.3,0.1,0.8,4.0,3601.0,201.0,103.0,0.31602332685365175
50.0,1.0,16.0,0.3,0.1,0.8,4.0,3492.0,203.0,93.0,0.3201603665521191
50.0,1.0,17.0,0.3,0.1,0.8,4.0,3410.0,209.0,94.0,0.3225806451612903
50.0,1.0,18.0,0.3,0.1,0.8,4.0,3322.0,204.0,98.0,0.32480433473810955
50.0,1.0,19.0,0.3,0.1,0.8,4.0,3204.0,215.0,106.0,0.3258426966292135
50.0,1.0,20.0,0.3,0.1,0.8,4.0,5961.0,201.0,107.0,0.17346082872001342
50.0,1.0,21.0,0.3,0.1,0.8,4.0,5499.0,240.0,98.0,0.1774868157846881
50.0,1.0,22.0,0.3,0.1,0.8,4.0,5268.0,275.0,93.0,0.18014426727410782
50.0,1.0,23.0,0.3,0.1,0.8,4.0,4936.0,305.0,118.0,0.1839546191247974
50.0,1.0,24.0,0.3,0.1,0.8,4.0,4675.0,315.0,130.0,0.18716577540106952
50.0,1.0,25.0,0.3,0.1,0.8,4.0,4443.0,346.0,144.0,0.19041188386225524
50.0,1.0,26.0,0.3,0.1,0.8,4.0,4266.0,339.0,145.0,0.19385841537740273
50.0,1.0,27.0,0.3,0.1,0.8,4.0,4122.0,371.0,168.0,0.1962639495390587
50.0,1.0,28.0,0.3,0.1,0.8,4.0,3899.0,388.0,185.0,0.20005129520389844
50.0,1.0,29.0,0.3,0.1,0.8,4.0,3709.0,393.0,174.0,0.20355891075761662
50.0,1.0,30.0,0.3,0.1,0.8,4.0,3503.0,402.0,166.0,0.21039109334855838
50.0,1.0,31.0,0.3,0.1,0.8,4.0,3367.0,409.0,182.0,0.2174042174042174
50.0,1.0,32.0,0.3,0.1,0.8,4.0,3216.0,416.0,196.0,0.22232587064676618
50.0,1.0,33.0,0.3,0.1,0.8,4.0,3068.0,416.0,198.0,0.22359843546284225
50.0,1.0,34.0,0.3,0.1,0.8,4.0,2847.0,374.0,181.0,0.23357920618194591
50.0,1.0,35.0,0.3,0.1,0.8,4.0,2706.0,360.0,177.0,0.24131559497413155
50.0,1.0,36.0,0.3,0.1,0.8,4.0,2570.0,351.0,171.0,0.2509727626459144
50.0,1.0,37.0,0.3,0.1,0.8,4.0,2448.0,342.0,170.0,0.26143790849673204
50.0,1.0,38.0,0.3,0.1,0.8,4.0,2333.0,309.0,143.0,0.2704672096013716
50.0,1.0,39.0,0.3,0.1,0.8,4.0,2262.0,307.0,145.0,0.27895667550839964
50.0,1.0,40.0,0.3,0.1,0.8,4.0,2168.0,292.0,132.0,0.2878228782287823
50.0,1.0,41.0,0.3,0.1,0.8,4.0,2085.0,289.0,133.0,0.29544364508393284
50.0,1.0,42.0,0.3,0.1,0.8,4.0,1969.0,272.0,130.0,0.30675469781615033
50.0,1.0,43.0,0.3,0.1,0.8,4.0,1907.0,251.0,131.0,0.313581541688516
50.0,1.0,44.0,0.3,0.1,0.8,4.0,1835.0,253.0,123.0,0.3231607629427793
50.0,1.0,45.0,0.3,0.1,0.8,4.0,1778.0,260.0,121.0,0.4780652418447694
50.0,1.0,46.0,0.3,0.1,0.8,4.0,1694.0,211.0,111.0,0.4887839433293979
50.0,1.0,47.0,0.3,0.1,0.8,4.0,1642.0,195.0,108.0,0.49573690621193667
50.0,1.0,48.0,0.3,0.1,0.8,4.0,1563.0,158.0,93.0,0.5047984644913628
50.0,1.0,49.0,0.3,0.1,0.8,4.0,1486.0,138.0,78.0,0.5161507402422612
50.0,1.0,50.0,0.3,0.1,0.8,4.0,1450.0,129.0,72.0,0.5213793103448275
50.0,1.0,51.0,0.3,0.1,0.8,4.0,1399.0,111.0,61.0,0.5260900643316655
50.0,1.0,52.0,0.3,0.1,0.8,4.0,1366.0,97.0,57.0,0.5344070278184481
50.0,2.0,1.0,0.3,0.1,0.8,4.0,1327.0,84.0,44.0,0.5418236623963828
50.0,2.0,2.0,0.3,0.1,0.8,4.0,1301.0,75.0,44.0,0.5441967717140661
50.0,2.0,3.0,0.3,0.1,0.8,4.0,1256.0,70.0,35.0,0.5469745222929936
50.0,2.0,4.0,0.3,0.1,0.8,4.0,1240.0,65.0,38.0,0.5524193548387096
50.0,2.0,5.0,0.3,0.1,0.8,4.0,1212.0,54.0,32.0,0.5610561056105611
50.0,2.0,6.0,0.3,0.1,0.8,4.0,1200.0,55.0,30.0,0.565
50.0,2.0,7.0,0.3,0.1,0.8,4.0,1154.0,42.0,22.0,0.5684575389948007
50.0,2.0,8.0,0.3,0.1,0.8,4.0,1138.0,35.0,21.0,0.5729349736379613
50.0,2.0,9.0,0.3,0.1,0.8,4.0,1127.0,31.0,17.0,0.5758651286601597
50.0,2.0,10.0,0.3,0.1,0.8,4.0,1119.0,31.0,16.0,0.579088471849866
50.0,2.0,11.0,0.3,0.1,0.8,4.0,1100.0,26.0,11.0,0.5818181818181818
50.0,2.0,12.0,0.3,0.1,0.8,4.0,1094.0,28.0,15.0,0.5859232175502742
50.0,2.0,13.0,0.3,0.1,0.8,4.0,1062.0,21.0,11.0,0.5847457627118644
50.0,2.0,14.0,0.3,0.1,0.8,4.0,1058.0,22.0,9.0,0.5850661625708885
50.0,2.0,15.0,0.3,0.1,0.8,4.0,1040.0,16.0,5.0,0.5846153846153846
50.0,2.0,16.0,0.3,0.1,0.8,4.0,1040.0,16.0,12.0,0.5884615384615385
50.0,2.0,17.0,0.3,0.1,0.8,4.0,1023.0,15.0,12.0,0.5835777126099707
50.0,2.0,18.0,0.3,0.1,0.8,4.0,1028.0,14.0,12.0,0.585603112840467
50.0,2.0,19.0,0.3,0.1,0.8,4.0,1005.0,6.0,4.0,0.5880597014925373
50.0,2.0,20.0,0.3,0.1,0.8,4.0,1876.0,4.0,3.0,0.31769722814498935
50.0,2.0,21.0,0.3,0.1,0.8,4.0,1836.0,6.0,3.0,0.315359477124183
50.0,2.0,22.0,0.3,0.1,0.8,4.0,1805.0,7.0,2.0,0.3146814404432133
50.0,2.0,23.0,0.3,0.1,0.8,4.0,1763.0,5.0,1.0,0.31877481565513327
50.0,2.0,24.0,0.3,0.1,0.8,4.0,1744.0,4.0,0.0,0.31938073394495414
50.0,2.0,25.0,0.3,0.1,0.8,4.0,1741.0,4.0,1.0,0.31878230901780585
50.0,2.0,26.0,0.3,0.1,0.8,4.0,1684.0,5.0,2.0,0.32066508313539194
50.0,2.0,27.0,0.3,0.1,0.8,4.0,1615.0,3.0,1.0,0.32260061919504646
50.0,2.0,28.0,0.3,0.1,0.8,4.0,1578.0,4.0,2.0,0.3244613434727503
50.0,2.0,29.0,0.3,0.1,0.8,4.0,1560.0,2.0,1.0,0.32243589743589746
50.0,2.0,30.0,0.3,0.1,0.8,4.0,1525.0,2.0,1.0,0.3239344262295082
50.0,2.0,31.0,0.3,0.1,0.8,4.0,1484.0,2.0,0.0,0.3261455525606469
50.0,2.0,32.0,0.3,0.1,0.8,4.0,1463.0,2.0,1.0,0.3267259056732741
50.0,2.0,33.0,0.3,0.1,0.8,4.0,1437.0,2.0,0.0,0.3242867084203201
50.0,2.0,34.0,0.3,0.1,0.8,4.0,1425.0,2.0,0.0,0.3249122807017544
50.0,2.0,35.0,0.3,0.1,0.8,4.0,1419.0,2.0,2.0,0.3227625088090204
50.0,2.0,36.0,0.3,0.1,0.8,4.0,1361.0,3.0,2.0,0.32549595885378396
50.0,2.0,37.0,0.3,0.1,0.8,4.0,1350.0,4.0,2.0,0.3237037037037037
50.0,2.0,38.0,0.3,0.1,0.8,4.0,1325.0,4.0,1.0,0.32754716981132076
50.0,2.0,39.0,0.3,0.1,0.8,4.0,1266.0,6.0,2.0,0.33096366508688785
50.0,2.0,40.0,0.3,0.1,0.8,4.0,1221.0,7.0,3.0,0.33497133497133497
50.0,2.0,41.0,0.3,0.1,0.8,4.0,1171.0,7.0,4.0,0.3373185311699402
50.0,2.0,42.0,0.3,0.1,0.8,4.0,1172.0,4.0,3.0,0.3387372013651877
50.0,2.0,43.0,0.3,0.1,0.8,4.0,1147.0,3.0,3.0,0.33740191804707936
50.0,2.0,44.0,0.3,0.1,0.8,4.0,1134.0,3.0,2.0,0.3368606701940035
50.0,2.0,45.0,0.3,0.1,0.8,4.0,1113.0,2.0,1.0,0.48247978436657685
50.0,2.0,46.0,0.3,0.1,0.8,4.0,1088.0,1.0,1.0,0.4806985294117647
50.0,2.0,47.0,0.3,0.1,0.8,4.0,1051.0,3.0,1.0,0.4862036156041865
50.0,2.0,48.0,0.3,0.1,0.8,4.0,1019.0,3.0,1.0,0.4847890088321884
50.0,2.0,49.0,0.3,0.1,0.8,4.0,999.0,2.0,0.0,0.4864864864864865
50.0,2.0,50.0,0.3,0.1,0.8,4.0,1001.0,2.0,0.0,0.4885114885114885
50.0,2.0,51.0,0.3,0.1,0.8,4.0,987.0,2.0,0.0,0.48530901722391084
50.0,2.0,52.0,0.3,0.1,0.8,4.0,991.0,2.0,1.0,0.48335015136226034
50.0,3.0,1.0,0.3,0.1,0.8,4.0,977.0,3.0,2.0,0.48311156601842375
50.0,3.0,2.0,0.3,0.1,0.8,4.0,970.0,3.0,2.0,0.4793814432989691
50.0,3.0,3.0,0.3,0.1,0.8,4.0,960.0,2.0,2.0,0.48020833333333335
50.0,3.0,4.0,0.3,0.1,0.8,4.0,951.0,1.0,1.0,0.4784437434279706
50.0,3.0,5.0,0.3,0.1,0.8,4.0,938.0,1.0,1.0,0.47761194029850745
50.0,3.0,6.0,0.3,0.1,0.8,4.0,943.0,0.0,0.0,0.47613997879109227
50.0,3.0,7.0,0.3,0.1,0.8,4.0,931.0,0.0,0.0,0.47368421052631576
50.0,3.0,8.0,0.3,0.1,0.8,4.0,928.0,0.0,0.0,0.47521551724137934
50.0,3.0,9.0,0.3,0.1,0.8,4.0,915.0,0.0,0.0,0.47540983606557374
50.0,3.0,10.0,0.3,0.1,0.8,4.0,908.0,0.0,0.0,0.4779735682819383
50.0,3.0,11.0,0.3,0.1,0.8,4.0,901.0,0.0,0.0,0.4772475027746948
50.0,3.0,12.0,0.3,0.1,0.8,4.0,902.0,0.0,0.0,0.47671840354767187
50.0,3.0,13.0,0.3,0.1,0.8,4.0,885.0,0.0,0.0,0.47570621468926555
50.0,3.0,14.0,0.3,0.1,0.8,4.0,884.0,0.0,0.0,0.4762443438914027
50.0,3.0,15.0,0.3,0.1,0.8,4.0,870.0,0.0,0.0,0.4724137931034483
50.0,3.0,16.0,0.3,0.1,0.8,4.0,875.0,0.0,0.0,0.4742857142857143
50.0,3.0,17.0,0.3,0.1,0.8,4.0,863.0,0.0,0.0,0.4716106604866744
50.0,3.0,18.0,0.3,0.1,0.8,4.0,866.0,0.0,0.0,0.47344110854503463
50.0,3.0,19.0,0.3,0.1,0.8,4.0,856.0,0.0,0.0,0.4696261682242991
50.0,3.0,20.0,0.3,0.1,0.8,4.0,1570.0,0.0,0.0,0.2554140127388535
50.0,3.0,21.0,0.3,0.1,0.8,4.0,1526.0,0.0,0.0,0.2549148099606815
50.0,3.0,22.0,0.3,0.1,0.8,4.0,1522.0,0.0,0.0,0.25492772667542707
50.0,3.0,23.0,0.3,0.1,0.8,4.0,1503.0,0.0,0.0,0.25216234198270127
50.0,3.0,24.0,0.3,0.1,0.8,4.0,1470.0,0.0,0.0,0.2564625850340136
50.0,3.0,25.0,0.3,0.1,0.8,4.0,1400.0,0.0,0.0,0.255
50.0,3.0,26.0,0.3,0.1,0.8,4.0,1384.0,0.0,0.0,0.2543352601156069
50.0,3.0,27.0,0.3,0.1,0.8,4.0,1356.0,0.0,0.0,0.252212389380531
50.0,3.0,28.0,0.3,0.1,0.8,4.0,1340.0,0.0,0.0,0.25
50.0,3.0,29.0,0.3,0.1,0.8,4.0,1317.0,0.0,0.0,0.2498101746393318
50.0,3.0,30.0,0.3,0.1,0.8,4.0,1312.0,0.0,0.0,0.24771341463414634
50.0,3.0,31.0,0.3,0.1,0.8,4.0,1290.0,0.0,0.0,0.2496124031007752
50.0,3.0,32.0,0.3,0.1,0.8,4.0,1278.0,0.0,0.0,0.24804381846635368
50.0,3.0,33.0,0.3,0.1,0.8,4.0,1234.0,0.0,0.0,0.2520259319286872
50.0,3.0,34.0,0.3,0.1,0.8,4.0,1233.0,0.0,0.0,0.25141930251419303
50.0,3.0,35.0,0.3,0.1,0.8,4.0,1217.0,0.0,0.0,0.2522596548890715
50.0,3.0,36.0,0.3,0.1,0.8,4.0,1174.0,0.0,0.0,0.2563884156729131
50.0,3.0,37.0,0.3,0.1,0.8,4.0,1164.0,0.0,0.0,0.25
50.0,3.0,38.0,0.3,0.1,0.8,4.0,1132.0,0.0,0.0,0.25176678445229683
50.0,3.0,39.0,0.3,0.1,0.8,4.0,1112.0,0.0,0.0,0.24910071942446044
50.0,3.0,40.0,0.3,0.1,0.8,4.0,1064.0,0.0,0.0,0.25281954887218044
50.0,3.0,41.0,0.3,0.1,0.8,4.0,1068.0,0.0,0.0,0.25374531835205993
50.0,3.0,42.0,0.3,0.1,0.8,4.0,1055.0,0.0,0.0,0.25308056872037915
50.0,3.0,43.0,0.3,0.1,0.8,4.0,1043.0,0.0,0.0,0.25119846596356665
50.0,3.0,44.0,0.3,0.1,0.8,4.0,1002.0,0.0,0.0,0.2564870259481038
50.0,3.0,45.0,0.3,0.1,0.8,4.0,992.0,0.0,0.0,0.3911290322580645
50.0,3.0,46.0,0.3,0.1,0.8,4.0,988.0,0.0,0.0,0.3896761133603239
50.0,3.0,47.0,0.3,0.1,0.8,4.0,948.0,0.0,0.0,0.39135021097046413
50.0,3.0,48.0,0.3,0.1,0.8,4.0,920.0,0.0,0.0,0.39565217391304347
50.0,3.0,49.0,0.3,0.1,0.8,4.0,906.0,0.0,0.0,0.3973509933774834
50.0,3.0,50.0,0.3,0.1,0.8,4.0,904.0,0.0,0.0,0.3971238938053097
50.0,3.0,51.0,0.3,0.1,0.8,4.0,901.0,0.0,0.0,0.3951165371809101
50.0,3.0,52.0,0.3,0.1,0.8,4.0,892.0,0.0,0.0,0.3923766816143498
50.0,4.0,1.0,0.3,0.1,0.8,4.0,877.0,0.0,0.0,0.3922462941847206
50.0,4.0,2.0,0.3,0.1,0.8,4.0,869.0,0.0,0.0,0.3912543153049482
50.0,4.0,3.0,0.3,0.1,0.8,4.0,851.0,0.0,0.0,0.39247943595769685
50.0,4.0,4.0,0.3,0.1,0.8,4.0,848.0,0.0,0.0,0.39622641509433965
50.0,4.0,5.0,0.3,0.1,0.8,4.0,842.0,0.0,0.0,0.39311163895486934
50.0,4.0,6.0,0.3,0.1,0.8,4.0,840.0,0.0,0.0,0.39404761904761904
50.0,4.0,7.0,0.3,0.1,0.8,4.0,833.0,0.0,0.0,0.39135654261704683
50.0,4.0,8.0,0.3,0.1,0.8,4.0,822.0,0.0,0.0,0.39659367396593675
50.0,4.0,9.0,0.3,0.1,0.8,4.0,795.0,0.0,0.0,0.4
50.0,4.0,10.0,0.3,0.1,0.8,4.0,789.0,0.0,0.0,0.4005069708491762
50.0,4.0,11.0,0.3,0.1,0.8,4.0,780.0,0.0,0.0,0.4025641025641026
50.0,4.0,12.0,0.3,0.1,0.8,4.0,767.0,0.0,0.0,0.4041720990873533
50.0,4.0,13.0,0.3,0.1,0.8,4.0,743.0,0.0,0.0,0.40511440107671604
50.0,4.0,14.0,0.3,0.1,0.8,4.0,740.0,0.0,0.0,0.40405405405405403
50.0,4.0,15.0,0.3,0.1,0.8,4.0,733.0,0.0,0.0,0.4051841746248295
50.0,4.0,16.0,0.3,0.1,0.8,4.0,731.0,0.0,0.0,0.40355677154582764
50.0,4.0,17.0,0.3,0.1,0.8,4.0,728.0,0.0,0.0,0.4052197802197802
50.0,4.0,18.0,0.3,0.1,0.8,4.0,712.0,0.0,0.0,0.4058988764044944
50.0,4.0,19.0,0.3,0.1,0.8,4.0,711.0,0.0,0.0,0.4050632911392405
50.0,4.0,20.0,0.3,0.1,0.8,4.0,1323.0,0.0,0.0,0.21541950113378686
50.0,4.0,21.0,0.3,0.1,0.8,4.0,1277.0,0.0,0.0,0.22004698512137824
50.0,4.0,22.0,0.3,0.1,0.8,4.0,1194.0,0.0,0.0,0.22445561139028475
50.0,4.0,23.0,0.3,0.1,0.8,4.0,1175.0,0.0,0.0,0.22808510638297871
50.0,4.0,24.0,0.3,0.1,0.8,4.0,1148.0,0.0,0.0,0.2308362369337979
50.0,4.0,25.0,0.3,0.1,0.8,4.0,1140.0,0.0,0.0,0.22982456140350876
50.0,4.0,26.0,0.3,0.1,0.8,4.0,1116.0,0.0,0.0,0.23297491039426524
50.0,4.0,27.0,0.3,0.1,0.8,4.0,1095.0,0.0,0.0,0.23378995433789954
50.0,4.0,28.0,0.3,0.1,0.8,4.0,1086.0,0.0,0.0,0.23296500920810312
50.0,4.0,29.0,0.3,0.1,0.8,4.0,1070.0,0.0,0.0,0.23551401869158878
50.0,4.0,30.0,0.3,0.1,0.8,4.0,1054.0,0.0,0.0,0.23244781783681215
50.0,4.0,31.0,0.3,0.1,0.8,4.0,1051.0,0.0,0.0,0.2340627973358706
50.0,4.0,32.0,0.3,0.1,0.8,4.0,1038.0,0.0,0.0,0.2350674373795761
50.0,4.0,33.0,0.3,0.1,0.8,4.0,1018.0,0.0,0.0,0.2357563850687623
50.0,4.0,34.0,0.3,0.1,0.8,4.0,977.0,0.0,0.0,0.23643807574206754
50.0,4.0,35.0,0.3,0.1,0.8,4.0,964.0,0.0,0.0,0.23651452282157676
50.0,4.0,36.0,0.3,0.1,0.8,4.0,920.0,0.0,0.0,0.23804347826086958
50.0,4.0,37.0,0.3,0.1,0.8,4.0,908.0,0.0,0.0,0.23898678414096916
50.0,4.0,38.0,0.3,0.1,0.8,4.0,882.0,0.0,0.0,0.23809523809523808
50.0,4.0,39.0,0.3,0.1,0.8,4.0,855.0,0.0,0.0,0.24444444444444444
50.0,4.0,40.0,0.3,0.1,0.8,4.0,840.0,0.0,0.0,0.24285714285714285
50.0,4.0,41.0,0.3,0.1,0.8,4.0,838.0,0.0,0.0,0.23747016706443913
50.0,4.0,42.0,0.3,0.1,0.8,4.0,810.0,0.0,0.0,0.23580246913580247
50.0,4.0,43.0,0.3,0.1,0.8,4.0,812.0,0.0,0.0,0.2376847290640394
50.0,4.0,44.0,0.3,0.1,0.8,4.0,796.0,0.0,0.0,0.23366834170854273
50.0,4.0,45.0,0.3,0.1,0.8,4.0,792.0,0.0,0.0,0.4078282828282828
50.0,4.0,46.0,0.3,0.1,0.8,4.0,783.0,0.0,0.0,0.40229885057471265
50.0,4.0,47.0,0.3,0.1,0.8,4.0,766.0,0.0,0.0,0.402088772845953
50.0,4.0,48.0,0.3,0.1,0.8,4.0,757.0,0.0,0.0,0.39762219286657857
50.0,4.0,49.0,0.3,0.1,0.8,4.0,749.0,0.0,0.0,0.4032042723631509
50.0,4.0,50.0,0.3,0.1,0.8,4.0,741.0,0.0,0.0,0.39946018893387314
50.0,4.0,51.0,0.3,0.1,0.8,4.0,735.0,0.0,0.0,0.39727891156462586
50.0,4.0,52.0,0.3,0.1,0.8,4.0,730.0,0.0,0.0,0.3972602739726027
50.0,5.0,1.0,0.3,0.1,0.8,4.0,729.0,0.0,0.0,0.39643347050754457
50.0,5.0,2.0,0.3,0.1,0.8,4.0,727.0,0.0,0.0,0.39614855570839064
50.0,5.0,3.0,0.3,0.1,0.8,4.0,722.0,0.0,0.0,0.3961218836565097
50.0,5.0,4.0,0.3,0.1,0.8,4.0,720.0,0.0,0.0,0.39444444444444443
50.0,5.0,5.0,0.3,0.1,0.8,4.0,714.0,0.0,0.0,0.39355742296918766
50.0,5.0,6.0,0.3,0.1,0.8,4.0,714.0,0.0,0.0,0.39355742296918766
50.0,5.0,7.0,0.3,0.1,0.8,4.0,711.0,0.0,0.0,0.39381153305203936
50.0,5.0,8.0,0.3,0.1,0.8,4.0,709.0,0.0,0.0,0.39492242595204513
50.0,5.0,9.0,0.3,0.1,0.8,4.0,705.0,0.0,0.0,0.39290780141843973
50.0,5.0,10.0,0.3,0.1,0.8,4.0,701.0,0.0,0.0,0.39372325249643364
50.0,5.0,11.0,0.3,0.1,0.8,4.0,697.0,0.0,0.0,0.3945480631276901
50.0,5.0,12.0,0.3,0.1,0.8,4.0,682.0,0.0,0.0,0.39589442815249265
50.0,5.0,13.0,0.3,0.1,0.8,4.0,678.0,0.0,0.0,0.39823008849557523
50.0,5.0,14.0,0.3,0.1,0.8,4.0,674.0,0.0,0.0,0.3961424332344214
50.0,5.0,15.0,0.3,0.1,0.8,4.0,670.0,0.0,0.0,0.39850746268656717
50.0,5.0,16.0,0.3,0.1,0.8,4.0,667.0,0.0,0.0,0.3988005997001499
50.0,5.0,17.0,0.3,0.1,0.8,4.0,653.0,0.0,0.0,0.3981623277182236
50.0,5.0,18.0,0.3,0.1,0.8,4.0,653.0,0.0,0.0,0.3981623277182236
50.0,5.0,19.0,0.3,0.1,0.8,4.0,651.0,0.0,0.0,0.3978494623655914
50.0,5.0,20.0,0.3,0.1,0.8,4.0,1179.0,0.0,0.0,0.2179813401187447
50.0,5.0,21.0,0.3,0.1,0.8,4.0,1123.0,0.0,0.0,0.22439893143365983
50.0,5.0,22.0,0.3,0.1,0.8,4.0,1099.0,0.0,0.0,0.22747952684258416
50.0,5.0,23.0,0.3,0.1,0.8,4.0,1046.0,0.0,0.0,0.2323135755258126
50.0,5.0,24.0,0.3,0.1,0.8,4.0,1028.0,0.0,0.0,0.23540856031128404
50.0,5.0,25.0,0.3,0.1,0.8,4.0,996.0,0.0,0.0,0.23694779116465864
50.0,5.0,26.0,0.3,0.1,0.8,4.0,969.0,0.0,0.0,0.23735810113519093
50.0,5.0,27.0,0.3,0.1,0.8,4.0,921.0,0.0,0.0,0.23778501628664495
50.0,5.0,28.0,0.3,0.1,0.8,4.0,915.0,0.0,0.0,0.23497267759562843
50.0,5.0,29.0,0.3,0.1,0.8,4.0,882.0,0.0,0.0,0.24036281179138322
50.0,5.0,30.0,0.3,0.1,0.8,4.0,874.0,0.0,0.0,0.2402745995423341
50.0,5.0,31.0,0.3,0.1,0.8,4.0,872.0,0.0,0.0,0.2408256880733945
50.0,5.0,32.0,0.3,0.1,0.8,4.0,849.0,0.0,0.0,0.23674911660777384
50.0,5.0,33.0,0.3,0.1,0.8,4.0,846.0,0.0,0.0,0.23995271867612294
50.0,5.0,34.0,0.3,0.1,0.8,4.0,841.0,0.0,0.0,0.2342449464922711
50.0,5.0,35.0,0.3,0.1,0.8,4.0,824.0,0.0,0.0,0.2354368932038835
50.0,5.0,36.0,0.3,0.1,0.8,4.0,807.0,0.0,0.0,0.23667905824039653
50.0,5.0,37.0,0.3,0.1,0.8,4.0,788.0,0.0,0.0,0.2398477157360406
50.0,5.0,38.0,0.3,0.1,0.8,4.0,769.0,0.0,0.0,0.235370611183355
50.0,5.0,39.0,0.3,0.1,0.8,4.0,774.0,0.0,0.0,0.24031007751937986
50.0,5.0,40.0,0.3,0.1,0.8,4.0,745.0,0.0,0.0,0.23624161073825503
50.0,5.0,41.0,0.3,0.1,0.8,4.0,733.0,0.0,0.0,0.24010914051841747
50.0,5.0,42.0,0.3,0.1,0.8,4.0,731.0,0.0,0.0,0.23666210670314639
50.0,5.0,43.0,0.3,0.1,0.8,4.0,729.0,0.0,0.0,0.24279835390946503
50.0,5.0,44.0,0.3,0.1,0.8,4.0,711.0,0.0,0.0,0.23628691983122363
50.0,5.0,45.0,0.3,0.1,0.8,4.0,713.0,0.0,0.0,0.42075736325385693
50.0,5.0,46.0,0.3,0.1,0.8,4.0,693.0,0.0,0.0,0.4213564213564214
50.0,5.0,47.0,0.3,0.1,0.8,4.0,680.0,0.0,0.0,0.425
50.0,5.0,48.0,0.3,0.1,0.8,4.0,652.0,0.0,0.0,0.4187116564417178
50.0,5.0,49.0,0.3,0.1,0.8,4.0,650.0,0.0,0.0,0.42
50.0,5.0,50.0,0.3,0.1,0.8,4.0,642.0,0.0,0.0,0.4174454828660436
50.0,5.0,51.0,0.3,0.1,0.8,4.0,640.0,0.0,0.0,0.425
50.0,5.0,52.0,0.3,0.1,0.8,4.0,639.0,0.0,0.0,0.4209702660406886
50.0,6.0,1.0,0.3,0.1,0.8,4.0,636.0,0.0,0.0,0.4261006289308176
50.0,6.0,2.0,0.3,0.1,0.8,4.0,629.0,0.0,0.0,0.4165341812400636
50.0,6.0,3.0,0.3,0.1,0.8,4.0,627.0,0.0,0.0,0.4226475279106858
50.0,6.0,4.0,0.3,0.1,0.8,4.0,627.0,0.0,0.0,0.4178628389154705
50.0,6.0,5.0,0.3,0.1,0.8,4.0,626.0,0.0,0.0,0.4249201277955272
50.0,6.0,6.0,0.3,0.1,0.8,4.0,626.0,0.0,0.0,0.42012779552715657
50.0,6.0,7.0,0.3,0.1,0.8,4.0,624.0,0.0,0.0,0.42467948717948717
50.0,6.0,8.0,0.3,0.1,0.8,4.0,621.0,0.0,0.0,0.42028985507246375
50.0,6.0,9.0,0.3,0.1,0.8,4.0,615.0,0.0,0.0,0.4195121951219512
50.0,6.0,10.0,0.3,0.1,0.8,4.0,608.0,0.0,0.0,0.4194078947368421
50.0,6.0,11.0,0.3,0.1,0.8,4.0,600.0,0.0,0.0,0.4216666666666667
50.0,6.0,12.0,0.3,0.1,0.8,4.0,600.0,0.0,0.0,0.42
50.0,6.0,13.0,0.3,0.1,0.8,4.0,595.0,0.0,0.0,0.42521008403361343
50.0,6.0,14.0,0.3,0.1,0.8,4.0,596.0,0.0,0.0,0.4228187919463087
50.0,6.0,15.0,0.3,0.1,0.8,4.0,589.0,0.0,0.0,0.42784380305602715
50.0,6.0,16.0,0.3,0.1,0.8,4.0,592.0,0.0,0.0,0.4239864864864865
50.0,6.0,17.0,0.3,0.1,0.8,4.0,589.0,0.0,0.0,0.42784380305602715
50.0,6.0,18.0,0.3,0.1,0.8,4.0,590.0,0.0,0.0,0.42542372881355933
50.0,6.0,19.0,0.3,0.1,0.8,4.0,586.0,0.0,0.0,0.4300341296928328
50.0,6.0,20.0,0.3,0.1,0.8,4.0,1074.0,0.0,0.0,0.23370577281191807
50.0,6.0,21.0,0.3,0.1,0.8,4.0,1050.0,0.0,0.0,0.23523809523809525
50.0,6.0,22.0,0.3,0.1,0.8,4.0,1004.0,0.0,0.0,0.23804780876494025
50.0,6.0,23.0,0.3,0.1,0.8,4.0,978.0,0.0,0.0,0.24130879345603273
50.0,6.0,24.0,0.3,0.1,0.8,4.0,963.0,0.0,0.0,0.24091381100726894
50.0,6.0,25.0,0.3,0.1,0.8,4.0,948.0,0.0,0.0,0.24050632911392406
50.0,6.0,26.0,0.3,0.1,0.8,4.0,914.0,0.0,0.0,0.2461706783369803
50.0,6.0,27.0,0.3,0.1,0.8,4.0,898.0,0.0,0.0,0.24387527839643652
50.0,6.0,28.0,0.3,0.1,0.8,4.0,885.0,0.0,0.0,0.24519774011299436
50.0,6.0,29.0,0.3,0.1,0.8,4.0,884.0,0.0,0.0,0.25
50.0,6.0,30.0,0.3,0.1,0.8,4.0,856.0,0.0,0.0,0.25350467289719625
50.0,6.0,31.0,0.3,0.1,0.8,4.0,856.0,0.0,0.0,0.2546728971962617
50.0,6.0,32.0,0.3,0.1,0.8,4.0,849.0,0.0,0.0,0.2508833922261484
50.0,6.0,33.0,0.3,0.1,0.8,4.0,850.0,0.0,0.0,0.25176470588235295
50.0,6.0,34.0,0.3,0.1,0.8,4.0,826.0,0.0,0.0,0.2542372881355932
50.0,6.0,35.0,0.3,0.1,0.8,4.0,827.0,0.0,0.0,0.25634824667472794
50.0,6.0,36.0,0.3,0.1,0.8,4.0,813.0,0.0,0.0,0.2570725707257073
50.0,6.0,37.0,0.3,0.1,0.8,4.0,798.0,0.0,0.0,0.2581453634085213
50.0,6.0,38.0,0.3,0.1,0.8,4.0,783.0,0.0,0.0,0.25798212005108556
50.0,6.0,39.0,0.3,0.1,0.8,4.0,784.0,0.0,0.0,0.25892857142857145
50.0,6.0,40.0,0.3,0.1,0.8,4.0,778.0,0.0,0.0,0.2570694087403599
50.0,6.0,41.0,0.3,0.1,0.8,4.0,765.0,0.0,0.0,0.26405228758169935
50.0,6.0,42.0,0.3,0.1,0.8,4.0,760.0,0.0,0.0,0.2618421052631579
50.0,6.0,43.0,0.3,0.1,0.8,4.0,747.0,0.0,0.0,0.2637215528781794
50.0,6.0,44.0,0.3,0.1,0.8,4.0,742.0,0.0,0.0,0.261455525606469
50.0,6.0,45.0,0.3,0.1,0.8,4.0,741.0,0.0,0.0,0.40215924426450744
50.0,6.0,46.0,0.3,0.1,0.8,4.0,709.0,0.0,0.0,0.40479548660084624
50.0,6.0,47.0,0.3,0.1,0.8,4.0,699.0,0.0,0.0,0.4034334763948498
50.0,6.0,48.0,0.3,0.1,0.8,4.0,693.0,0.0,0.0,0.40404040404040403
50.0,6.0,49.0,0.3,0.1,0.8,4.0,685.0,0.0,0.0,0.4043795620437956
50.0,6.0,50.0,0.3,0.1,0.8,4.0,665.0,0.0,0.0,0.4120300751879699
50.0,6.0,51.0,0.3,0.1,0.8,4.0,661.0,0.0,0.0,0.4130105900151286
50.0,6.0,52.0,0.3,0.1,0.8,4.0,654.0,0.0,0.0,0.41284403669724773
50.0,7.0,1.0,0.3,0.1,0.8,4.0,657.0,0.0,0.0,0.4124809741248097
50.0,7.0,2.0,0.3,0.1,0.8,4.0,654.0,0.0,0.0,0.41284403669724773
50.0,7.0,3.0,0.3,0.1,0.8,4.0,656.0,0.0,0.0,0.4115853658536585
50.0,7.0,4.0,0.3,0.1,0.8,4.0,652.0,0.0,0.0,0.40950920245398775
50.0,7.0,5.0,0.3,0.1,0.8,4.0,641.0,0.0,0.0,0.41497659906396256
50.0,7.0,6.0,0.3,0.1,0.8,4.0,639.0,0.0,0.0,0.41471048513302033
50.0,7.0,7.0,0.3,0.1,0.8,4.0,638.0,0.0,0.0,0.4122257053291536
50.0,7.0,8.0,0.3,0.1,0.8,4.0,630.0,0.0,0.0,0.4158730158730159
50.0,7.0,9.0,0.3,0.1,0.8,4.0,594.0,0.0,0.0,0.41245791245791247
50.0,7.0,10.0,0.3,0.1,0.8,4.0,590.0,0.0,0.0,0.4135593220338983
50.0,7.0,11.0,0.3,0.1,0.8,4.0,588.0,0.0,0.0,0.41496598639455784
50.0,7.0,12.0,0.3,0.1,0.8,4.0,588.0,0.0,0.0,0.4166666666666667
50.0,7.0,13.0,0.3,0.1,0.8,4.0,581.0,0.0,0.0,0.4199655765920826
50.0,7.0,14.0,0.3,0.1,0.8,4.0,583.0,0.0,0.0,0.4202401372212693
50.0,7.0,15.0,0.3,0.1,0.8,4.0,577.0,0.0,0.0,0.42287694974003465
50.0,7.0,16.0,0.3,0.1,0.8,4.0,579.0,0.0,0.0,0.4231433506044905
50.0,7.0,17.0,0.3,0.1,0.8,4.0,577.0,0.0,0.0,0.42287694974003465
50.0,7.0,18.0,0.3,0.1,0.8,4.0,578.0,0.0,0.0,0.42214532871972316
50.0,7.0,19.0,0.3,0.1,0.8,4.0,576.0,0.0,0.0,0.421875
50.0,7.0,20.0,0.3,0.1,0.8,4.0,1055.0,0.0,0.0,0.22938388625592418
50.0,7.0,21.0,0.3,0.1,0.8,4.0,993.0,0.0,0.0,0.23967774420946628
50.0,7.0,22.0,0.3,0.1,0.8,4.0,995.0,0.0,0.0,0.23919597989949748
50.0,7.0,23.0,0.3,0.1,0.8,4.0,986.0,0.0,0.0,0.24036511156186613
50.0,7.0,24.0,0.3,0.1,0.8,4.0,958.0,0.0,0.0,0.23903966597077245
50.0,7.0,25.0,0.3,0.1,0.8,4.0,915.0,0.0,0.0,0.23934426229508196
50.0,7.0,26.0,0.3,0.1,0.8,4.0,879.0,0.0,0.0,0.24004550625711035
50.0,7.0,27.0,0.3,0.1,0.8,4.0,877.0,0.0,0.0,0.24173318129988597
50.0,7.0,28.0,0.3,0.1,0.8,4.0,879.0,0.0,0.0,0.24004550625711035
50.0,7.0,29.0,0.3,0.1,0.8,4.0,828.0,0.0,0.0,0.24154589371980675
50.0,7.0,30.0,0.3,0.1,0.8,4.0,820.0,0.0,0.0,0.2426829268292683
50.0,7.0,31.0,0.3,0.1,0.8,4.0,804.0,0.0,0.0,0.24378109452736318
50.0,7.0,32.0,0.3,0.1,0.8,4.0,796.0,0.0,0.0,0.24246231155778894
50.0,7.0,33.0,0.3,0.1,0.8,4.0,782.0,0.0,0.0,0.24680306905370844
50.0,7.0,34.0,0.3,0.1,0.8,4.0,785.0,0.0,0.0,0.24585987261146497
50.0,7.0,35.0,0.3,0.1,0.8,4.0,782.0,0.0,0.0,0.24680306905370844
50.0,7.0,36.0,0.3,0.1,0.8,4.0,785.0,0.0,0.0,0.24585987261146497
50.0,7.0,37.0,0.3,0.1,0.8,4.0,781.0,0.0,0.0,0.24583866837387963
50.0,7.0,38.0,0.3,0.1,0.8,4.0,771.0,0.0,0.0,0.24643320363164722
50.0,7.0,39.0,0.3,0.1,0.8,4.0,757.0,0.0,0.0,0.2509907529722589
50.0,7.0,40.0,0.3,0.1,0.8,4.0,742.0,0.0,0.0,0.25336927223719674
50.0,7.0,41.0,0.3,0.1,0.8,4.0,727.0,0.0,0.0,0.2517193947730399
50.0,7.0,42.0,0.3,0.1,0.8,4.0,730.0,0.0,0.0,0.25068493150684934
50.0,7.0,43.0,0.3,0.1,0.8,4.0,727.0,0.0,0.0,0.2517193947730399
50.0,7.0,44.0,0.3,0.1,0.8,4.0,701.0,0.0,0.0,0.25392296718972895
50.0,7.0,45.0,0.3,0.1,0.8,4.0,698.0,0.0,0.0,0.42550143266475643
50.0,7.0,46.0,0.3,0.1,0.8,4.0,701.0,0.0,0.0,0.42796005706134094
50.0,7.0,47.0,0.3,0.1,0.8,4.0,698.0,0.0,0.0,0.42550143266475643
50.0,7.0,48.0,0.3,0.1,0.8,4.0,699.0,0.0,0.0,0.4263233190271817
50.0,7.0,49.0,0.3,0.1,0.8,4.0,678.0,0.0,0.0,0.4218289085545723
50.0,7.0,50.0,0.3,0.1,0.8,4.0,681.0,0.0,0.0,0.42143906020558003
50.0,7.0,51.0,0.3,0.1,0.8,4.0,677.0,0.0,0.0,0.42097488921713444
50.0,7.0,52.0,0.3,0.1,0.8,4.0,668.0,0.0,0.0,0.4176646706586826
50.0,8.0,1.0,0.3,0.1,0.8,4.0,665.0,0.0,0.0,0.41654135338345866
50.0,8.0,2.0,0.3,0.1,0.8,4.0,668.0,0.0,0.0,0.4176646706586826
50.0,8.0,3.0,0.3,0.1,0.8,4.0,667.0,0.0,0.0,0.41529235382308843
50.0,8.0,4.0,0.3,0.1,0.8,4.0,656.0,0.0,0.0,0.42073170731707316
50.0,8.0,5.0,0.3,0.1,0.8,4.0,649.0,0.0,0.0,0.41602465331278893
50.0,8.0,6.0,0.3,0.1,0.8,4.0,649.0,0.0,0.0,0.41756548536209553
50.0,8.0,7.0,0.3,0.1,0.8,4.0,645.0,0.0,0.0,0.413953488372093
50.0,8.0,8.0,0.3,0.1,0.8,4.0,644.0,0.0,0.0,0.41770186335403725
50.0,8.0,9.0,0.3,0.1,0.8,4.0,644.0,0.0,0.0,0.41459627329192544
50.0,8.0,10.0,0.3,0.1,0.8,4.0,641.0,0.0,0.0,0.41809672386895474
50.0,8.0,11.0,0.3,0.1,0.8,4.0,639.0,0.0,0.0,0.41784037558685444
50.0,8.0,12.0,0.3,0.1,0.8,4.0,637.0,0.0,0.0,0.41915227629513346
50.0,8.0,13.0,0.3,0.1,0.8,4.0,637.0,0.0,0.0,0.4175824175824176
50.0,8.0,14.0,0.3,0.1,0.8,4.0,634.0,0.0,0.0,0.4195583596214511
50.0,8.0,15.0,0.3,0.1,0.8,4.0,633.0,0.0,0.0,0.41706161137440756
50.0,8.0,16.0,0.3,0.1,0.8,4.0,629.0,0.0,0.0,0.42130365659777425
50.0,8.0,17.0,0.3,0.1,0.8,4.0,617.0,0.0,0.0,0.4165316045380875
50.0,8.0,18.0,0.3,0.1,0.8,4.0,614.0,0.0,0.0,0.4185667752442997
50.0,8.0,19.0,0.3,0.1,0.8,4.0,615.0,0.0,0.0,0.416260162601626
50.0,8.0,20.0,0.3,0.1,0.8,4.0,1123.0,0.0,0.0,0.22974176313446126
50.0,8.0,21.0,0.3,0.1,0.8,4.0,1057.0,0.0,0.0,0.23178807947019867
50.0,8.0,22.0,0.3,0.1,0.8,4.0,1046.0,0.0,0.0,0.2361376673040153
50.0,8.0,23.0,0.3,0.1,0.8,4.0,998.0,0.0,0.0,0.2374749498997996
50.0,8.0,24.0,0.3,0.1,0.8,4.0,986.0,0.0,0.0,0.2383367139959432
50.0,8.0,25.0,0.3,0.1,0.8,4.0,964.0,0.0,0.0,0.237551867219917
50.0,8.0,26.0,0.3,0.1,0.8,4.0,886.0,0.0,0.0,0.24717832957110608
50.0,8.0,27.0,0.3,0.1,0.8,4.0,844.0,0.0,0.0,0.24170616113744076
50.0,8.0,28.0,0.3,0.1,0.8,4.0,820.0,0.0,0.0,0.25
50.0,8.0,29.0,0.3,0.1,0.8,4.0,807.0,0.0,0.0,0.24907063197026022
50.0,8.0,30.0,0.3,0.1,0.8,4.0,783.0,0.0,0.0,0.25798212005108556
50.0,8.0,31.0,0.3,0.1,0.8,4.0,768.0,0.0,0.0,0.2578125
50.0,8.0,32.0,0.3,0.1,0.8,4.0,782.0,0.0,0.0,0.25831202046035806
50.0,8.0,33.0,0.3,0.1,0.8,4.0,746.0,0.0,0.0,0.26273458445040215
50.0,8.0,34.0,0.3,0.1,0.8,4.0,742.0,0.0,0.0,0.2668463611859838
50.0,8.0,35.0,0.3,0.1,0.8,4.0,725.0,0.0,0.0,0.263448275862069
50.0,8.0,36.0,0.3,0.1,0.8,4.0,728.0,0.0,0.0,0.26785714285714285
50.0,8.0,37.0,0.3,0.1,0.8,4.0,724.0,0.0,0.0,0.2638121546961326
50.0,8.0,38.0,0.3,0.1,0.8,4.0,711.0,0.0,0.0,0.27285513361462727
50.0,8.0,39.0,0.3,0.1,0.8,4.0,707.0,0.0,0.0,0.26874115983026875
50.0,8.0,40.0,0.3,0.1,0.8,4.0,699.0,0.0,0.0,0.2761087267525036
50.0,8.0,41.0,0.3,0.1,0.8,4.0,695.0,0.0,0.0,0.2719424460431655
50.0,8.0,42.0,0.3,0.1,0.8,4.0,699.0,0.0,0.0,0.2761087267525036
50.0,8.0,43.0,0.3,0.1,0.8,4.0,695.0,0.0,0.0,0.2719424460431655
50.0,8.0,44.0,0.3,0.1,0.8,4.0,699.0,0.0,0.0,0.2761087267525036
50.0,8.0,45.0,0.3,0.1,0.8,4.0,693.0,0.0,0.0,0.43434343434343436
50.0,8.0,46.0,0.3,0.1,0.8,4.0,697.0,0.0,0.0,0.43615494978479197
50.0,8.0,47.0,0.3,0.1,0.8,4.0,690.0,0.0,0.0,0.43333333333333335
50.0,8.0,48.0,0.3,0.1,0.8,4.0,697.0,0.0,0.0,0.43615494978479197
50.0,8.0,49.0,0.3,0.1,0.8,4.0,693.0,0.0,0.0,0.43434343434343436
50.0,8.0,50.0,0.3,0.1,0.8,4.0,701.0,0.0,0.0,0.43366619115549215
50.0,8.0,51.0,0.3,0.1,0.8,4.0,675.0,0.0,0.0,0.44
50.0,8.0,52.0,0.3,0.1,0.8,4.0,682.0,0.0,0.0,0.43841642228739003
50.0,9.0,1.0,0.3,0.1,0.8,4.0,664.0,0.0,0.0,0.44126506024096385
50.0,9.0,2.0,0.3,0.1,0.8,4.0,672.0,0.0,0.0,0.44047619047619047
50.0,9.0,3.0,0.3,0.1,0.8,4.0,651.0,0.0,0.0,0.4423963133640553
50.0,9.0,4.0,0.3,0.1,0.8,4.0,658.0,0.0,0.0,0.44072948328267475
50.0,9.0,5.0,0.3,0.1,0.8,4.0,650.0,0.0,0.0,0.4430769230769231
50.0,9.0,6.0,0.3,0.1,0.8,4.0,655.0,0.0,0.0,0.44274809160305345
50.0,9.0,7.0,0.3,0.1,0.8,4.0,649.0,0.0,0.0,0.4437596302003082
50.0,9.0,8.0,0.3,0.1,0.8,4.0,648.0,0.0,0.0,0.44290123456790126
50.0,9.0,9.0,0.3,0.1,0.8,4.0,640.0,0.0,0.0,0.4453125
50.0,9.0,10.0,0.3,0.1,0.8,4.0,643.0,0.0,0.0,0.4463452566096423
50.0,9.0,11.0,0.3,0.1,0.8,4.0,637.0,0.0,0.0,0.44427001569858715
50.0,9.0,12.0,0.3,0.1,0.8,4.0,640.0,0.0,0.0,0.446875
50.0,9.0,13.0,0.3,0.1,0.8,4.0,633.0,0.0,0.0,0.44549763033175355
50.0,9.0,14.0,0.3,0.1,0.8,4.0,635.0,0.0,0.0,0.44881889763779526
50.0,9.0,15.0,0.3,0.1,0.8,4.0,629.0,0.0,0.0,0.4467408585055644
50.0,9.0,16.0,0.3,0.1,0.8,4.0,632.0,0.0,0.0,0.44936708860759494
50.0,9.0,17.0,0.3,0.1,0.8,4.0,624.0,0.0,0.0,0.45032051282051283
50.0,9.0,18.0,0.3,0.1,0.8,4.0,628.0,0.0,0.0,0.45222929936305734
50.0,9.0,19.0,0.3,0.1,0.8,4.0,623.0,0.0,0.0,0.449438202247191
50.0,9.0,20.0,0.3,0.1,0.8,4.0,1106.0,0.0,0.0,0.2468354430379747
50.0,9.0,21.0,0.3,0.1,0.8,4.0,1105.0,0.0,0.0,0.24434389140271492
50.0,9.0,22.0,0.3,0.1,0.8,4.0,1054.0,0.0,0.0,0.2504743833017078
50.0,9.0,23.0,0.3,0.1,0.8,4.0,997.0,0.0,0.0,0.25275827482447344
50.0,9.0,24.0,0.3,0.1,0.8,4.0,972.0,0.0,0.0,0.25617283950617287
50.0,9.0,25.0,0.3,0.1,0.8,4.0,947.0,0.0,0.0,0.2576557550158395
50.0,9.0,26.0,0.3,0.1,0.8,4.0,929.0,0.0,0.0,0.26157158234660927
50.0,9.0,27.0,0.3,0.1,0.8,4.0,901.0,0.0,0.0,0.2597114317425083
50.0,9.0,28.0,0.3,0.1,0.8,4.0,891.0,0.0,0.0,0.26262626262626265
50.0,9.0,29.0,0.3,0.1,0.8,4.0,877.0,0.0,0.0,0.26225769669327254
50.0,9.0,30.0,0.3,0.1,0.8,4.0,872.0,0.0,0.0,0.26605504587155965
50.0,9.0,31.0,0.3,0.1,0.8,4.0,858.0,0.0,0.0,0.26573426573426573
50.0,9.0,32.0,0.3,0.1,0.8,4.0,846.0,0.0,0.0,0.26832151300236406
50.0,9.0,33.0,0.3,0.1,0.8,4.0,844.0,0.0,0.0,0.26895734597156395
50.0,9.0,34.0,0.3,0.1,0.8,4.0,828.0,0.0,0.0,0.2717391304347826
50.0,9.0,35.0,0.3,0.1,0.8,4.0,827.0,0.0,0.0,0.2720677146311971
50.0,9.0,36.0,0.3,0.1,0.8,4.0,791.0,0.0,0.0,0.27054361567635904
50.0,9.0,37.0,0.3,0.1,0.8,4.0,775.0,0.0,0.0,0.2735483870967742
50.0,9.0,38.0,0.3,0.1,0.8,4.0,777.0,0.0,0.0,0.2728442728442728
50.0,9.0,39.0,0.3,0.1,0.8,4.0,775.0,0.0,0.0,0.2735483870967742
50.0,9.0,40.0,0.3,0.1,0.8,4.0,763.0,0.0,0.0,0.27522935779816515
50.0,9.0,41.0,0.3,0.1,0.8,4.0,761.0,0.0,0.0,0.2759526938239159
50.0,9.0,42.0,0.3,0.1,0.8,4.0,763.0,0.0,0.0,0.27522935779816515
50.0,9.0,43.0,0.3,0.1,0.8,4.0,761.0,0.0,0.0,0.2759526938239159
50.0,9.0,44.0,0.3,0.1,0.8,4.0,763.0,0.0,0.0,0.27522935779816515
50.0,9.0,45.0,0.3,0.1,0.8,4.0,761.0,0.0,0.0,0.39947437582128775
50.0,9.0,46.0,0.3,0.1,0.8,4.0,764.0,0.0,0.0,0.39790575916230364
50.0,9.0,47.0,0.3,0.1,0.8,4.0,748.0,0.0,0.0,0.3997326203208556
50.0,9.0,48.0,0.3,0.1,0.8,4.0,750.0,0.0,0.0,0.39866666666666667
50.0,9.0,49.0,0.3,0.1,0.8,4.0,748.0,0.0,0.0,0.3997326203208556
50.0,9.0,50.0,0.3,0.1,0.8,4.0,751.0,0.0,0.0,0.3981358189081225
50.0,9.0,51.0,0.3,0.1,0.8,4.0,747.0,0.0,0.0,0.4002677376171352
50.0,9.0,52.0,0.3,0.1,0.8,4.0,740.0,0.0,0.0,0.3972972972972973
50.0,10.0,1.0,0.3,0.1,0.8,4.0,735.0,0.0,0.0,0.4
50.0,10.0,2.0,0.3,0.1,0.8,4.0,738.0,0.0,0.0,0.3983739837398374
50.0,10.0,3.0,0.3,0.1,0.8,4.0,733.0,0.0,0.0,0.40109140518417463
50.0,10.0,4.0,0.3,0.1,0.8,4.0,736.0,0.0,0.0,0.39945652173913043
50.0,10.0,5.0,0.3,0.1,0.8,4.0,731.0,0.0,0.0,0.4021887824897401
50.0,10.0,6.0,0.3,0.1,0.8,4.0,737.0,0.0,0.0,0.3989145183175034
50.0,10.0,7.0,0.3,0.1,0.8,4.0,731.0,0.0,0.0,0.4021887824897401
50.0,10.0,8.0,0.3,0.1,0.8,4.0,730.0,0.0,0.0,0.4
50.0,10.0,9.0,0.3,0.1,0.8,4.0,715.0,0.0,0.0,0.40559440559440557
50.0,10.0,10.0,0.3,0.1,0.8,4.0,723.0,0.0,0.0,0.40110650069156295
50.0,10.0,11.0,0.3,0.1,0.8,4.0,711.0,0.0,0.0,0.4078762306610408
50.0,10.0,12.0,0.3,0.1,0.8,4.0,715.0,0.0,0.0,0.4041958041958042
50.0,10.0,13.0,0.3,0.1,0.8,4.0,692.0,0.0,0.0,0.4147398843930636
50.0,10.0,14.0,0.3,0.1,0.8,4.0,696.0,0.0,0.0,0.41235632183908044
50.0,10.0,15.0,0.3,0.1,0.8,4.0,690.0,0.0,0.0,0.41594202898550725
50.0,10.0,16.0,0.3,0.1,0.8,4.0,695.0,0.0,0.0,0.41294964028776976
50.0,10.0,17.0,0.3,0.1,0.8,4.0,689.0,0.0,0.0,0.41654571843251087
50.0,10.0,18.0,0.3,0.1,0.8,4.0,695.0,0.0,0.0,0.41294964028776976
50.0,10.0,19.0,0.3,0.1,0.8,4.0,688.0,0.0,0.0,0.4171511627906977
50.0,10.0,20.0,0.3,0.1,0.8,4.0,1171.0,0.0,0.0,0.23057216054654142
50.0,10.0,21.0,0.3,0.1,0.8,4.0,1136.0,0.0,0.0,0.23503521126760563
50.0,10.0,22.0,0.3,0.1,0.8,4.0,1115.0,0.0,0.0,0.23497757847533632
50.0,10.0,23.0,0.3,0.1,0.8,4.0,1084.0,0.0,0.0,0.24169741697416974
50.0,10.0,24.0,0.3,0.1,0.8,4.0,1089.0,0.0,0.0,0.2396694214876033
50.0,10.0,25.0,0.3,0.1,0.8,4.0,1042.0,0.0,0.0,0.24664107485604606
50.0,10.0,26.0,0.3,0.1,0.8,4.0,1036.0,0.0,0.0,0.24517374517374518
50.0,10.0,27.0,0.3,0.1,0.8,4.0,1019.0,0.0,0.0,0.2492639842983317
50.0,10.0,28.0,0.3,0.1,0.8,4.0,987.0,0.0,0.0,0.25430597771023306
50.0,10.0,29.0,0.3,0.1,0.8,4.0,982.0,0.0,0.0,0.2556008146639511
50.0,10.0,30.0,0.3,0.1,0.8,4.0,987.0,0.0,0.0,0.25430597771023306
50.0,10.0,31.0,0.3,0.1,0.8,4.0,951.0,0.0,0.0,0.2586750788643533
50.0,10.0,32.0,0.3,0.1,0.8,4.0,954.0,0.0,0.0,0.2578616352201258
50.0,10.0,33.0,0.3,0.1,0.8,4.0,894.0,0.0,0.0,0.2639821029082774
50.0,10.0,34.0,0.3,0.1,0.8,4.0,871.0,0.0,0.0,0.2663605051664753
50.0,10.0,35.0,0.3,0.1,0.8,4.0,858.0,0.0,0.0,0.26573426573426573
50.0,10.0,36.0,0.3,0.1,0.8,4.0,861.0,0.0,0.0,0.26480836236933797
50.0,10.0,37.0,0.3,0.1,0.8,4.0,858.0,0.0,0.0,0.26573426573426573
50.0,10.0,38.0,0.3,0.1,0.8,4.0,840.0,0.0,0.0,0.26666666666666666
50.0,10.0,39.0,0.3,0.1,0.8,4.0,808.0,0.0,0.0,0.27351485148514854
50.0,10.0,40.0,0.3,0.1,0.8,4.0,811.0,0.0,0.0,0.2725030826140567
50.0,10.0,41.0,0.3,0.1,0.8,4.0,806.0,0.0,0.0,0.27419354838709675
50.0,10.0,42.0,0.3,0.1,0.8,4.0,785.0,0.0,0.0,0.2764331210191083
50.0,10.0,43.0,0.3,0.1,0.8,4.0,780.0,0.0,0.0,0.2782051282051282
50.0,10.0,44.0,0.3,0.1,0.8,4.0,784.0,0.0,0.0,0.2755102040816326
50.0,10.0,45.0,0.3,0.1,0.8,4.0,768.0,0.0,0.0,0.4375
50.0,10.0,46.0,0.3,0.1,0.8,4.0,769.0,0.0,0.0,0.43693107932379716
50.0,10.0,47.0,0.3,0.1,0.8,4.0,766.0,0.0,0.0,0.43733681462140994
50.0,10.0,48.0,0.3,0.1,0.8,4.0,769.0,0.0,0.0,0.43693107932379716
50.0,10.0,49.0,0.3,0.1,0.8,4.0,766.0,0.0,0.0,0.43733681462140994
50.0,10.0,50.0,0.3,0.1,0.8,4.0,771.0,0.0,0.0,0.4357976653696498
50.0,10.0,51.0,0.3,0.1,0.8,4.0,753.0,0.0,0.0,0.4342629482071713
50.0,10.0,52.0,0.3,0.1,0.8,4.0,755.0,0.0,0.0,0.433112582781457
