rep,year,week,sero,disease,rate,type,total_pop,n_infected,n_symptomatic,actual_sero,elim
43,1,1,0.6,0.0,2.5,wave,2683,0,0,0.5844204248975028,True
43,1,2,0.6,0.0,2.5,wave,2651,0,0,0.5858166729536024,True
43,1,3,0.6,0.0,2.5,wave,2610,0,0,0.5888888888888889,True
43,1,4,0.6,0.0,2.5,wave,2560,0,0,0.5921875,True
43,1,5,0.6,0.0,2.5,wave,2497,0,0,0.5919102923508209,True
43,1,6,0.6,0.0,2.5,wave,2449,0,0,0.5941200489995917,True
43,1,7,0.6,0.0,2.5,wave,2426,0,0,0.5935696619950536,True
43,1,8,0.6,0.0,2.5,wave,2403,0,0,0.5938410320432792,True
43,1,9,0.6,0.0,2.5,wave,2366,0,0,0.5959425190194421,True
43,1,10,0.6,0.0,2.5,wave,2317,0,0,0.5973241260250324,True
43,1,11,0.6,0.0,2.5,wave,2299,0,0,0.5954762940408873,True
43,1,12,0.6,0.0,2.5,wave,2238,0,0,0.599195710455764,True
43,1,13,0.6,0.0,2.5,wave,2186,0,0,0.5997255260750228,True
43,1,14,0.6,0.0,2.5,wave,2170,0,0,0.5986175115207373,True
43,1,15,0.6,0.0,2.5,wave,2140,0,0,0.6018691588785047,True
43,1,16,0.6,0.0,2.5,wave,2119,0,0,0.6021708352996696,True
43,1,17,0.6,0.0,2.5,wave,2096,0,0,0.6040076335877863,True
43,1,18,0.6,0.0,2.5,wave,5993,0,0,0.21158017687301853,True
43,1,19,0.6,0.0,2.5,wave,5861,0,0,0.21242108855144173,True
43,1,20,0.6,0.0,2.5,wave,5685,0,0,0.21618293755496923,True
43,1,21,0.6,0.0,2.5,wave,5562,0,0,0.22204243078029487,True
43,1,22,0.6,0.0,2.5,wave,5463,0,0,0.22460186710598573,True
43,1,23,0.6,0.0,2.5,wave,5320,0,0,0.2306390977443609,True
43,1,24,0.6,0.0,2.5,wave,5225,0,0,0.2338755980861244,True
43,1,25,0.6,0.0,2.5,wave,5123,0,0,0.23618973257856724,True
43,1,26,0.6,0.0,2.5,wave,4999,0,0,0.24104820964192838,True
43,1,27,0.6,0.0,2.5,wave,4891,0,0,0.24453077080351665,True
43,1,28,0.6,0.0,2.5,wave,4797,0,0,0.24807171148634563,True
43,1,29,0.6,0.0,2.5,wave,4726,0,0,0.25095217943292425,True
43,1,30,0.6,0.0,2.5,wave,4641,0,0,0.2549019607843137,True
43,1,31,0.6,0.0,2.5,wave,4535,0,0,0.2595369349503859,True
43,1,32,0.6,0.0,2.5,wave,4450,0,0,0.2608988764044944,True
43,1,33,0.6,0.0,2.5,wave,4371,0,0,0.2656142759094029,True
43,1,34,0.6,0.0,2.5,wave,4281,0,0,0.2690960056061668,True
43,1,35,0.6,0.0,2.5,wave,4188,0,0,0.5310410697230181,True
43,1,36,0.6,0.0,2.5,wave,4099,0,0,0.5345206147840936,True
43,1,37,0.6,0.0,2.5,wave,4034,0,0,0.5359444719881011,True
43,1,38,0.6,0.0,2.5,wave,3984,0,0,0.5384036144578314,True
43,1,39,0.6,0.0,2.5,wave,3933,0,0,0.5392829900839055,True
43,1,40,0.6,0.0,2.5,wave,3892,0,0,0.5423946557040082,True
43,1,41,0.6,0.0,2.5,wave,3990,0,0,0.5403508771929825,True
43,1,42,0.6,0.0,2.5,wave,3990,0,0,0.5408521303258146,True
43,1,43,0.6,0.0,2.5,wave,3993,0,0,0.5444527923866767,True
43,1,44,0.6,0.0,2.5,wave,3968,0,0,0.5466229838709677,True
43,1,45,0.6,0.0,2.5,wave,3963,0,0,0.5495836487509462,True
43,1,46,0.6,0.0,2.5,wave,3861,0,0,0.5508935508935509,True
43,1,47,0.6,0.0,2.5,wave,3826,0,0,0.5504443282801882,True
43,1,48,0.6,0.0,2.5,wave,3793,0,0,0.5496968099129976,True
43,1,49,0.6,0.0,2.5,wave,3750,0,0,0.5525333333333333,True
43,1,50,0.6,0.0,2.5,wave,3709,0,0,0.553788083041251,True
43,1,51,0.6,0.0,2.5,wave,3678,0,0,0.5530179445350734,True
43,1,52,0.6,0.0,2.5,wave,3613,0,0,0.5524494879601439,True
43,2,1,0.6,0.0,2.5,wave,3582,8,0,0.5555555555555556,False
43,2,2,0.6,0.0,2.5,wave,3515,8,0,0.5561877667140825,False
43,2,3,0.6,0.0,2.5,wave,3474,8,3,0.552964881980426,False
43,2,4,0.6,0.0,2.5,wave,3432,12,6,0.5559440559440559,False
43,2,5,0.6,0.0,2.5,wave,3375,11,3,0.5579259259259259,False
43,2,6,0.6,0.0,2.5,wave,3350,8,1,0.5582089552238806,False
43,2,7,0.6,0.0,2.5,wave,3310,10,4,0.5619335347432024,False
43,2,8,0.6,0.0,2.5,wave,3259,13,6,0.5655108929119361,False
43,2,9,0.6,0.0,2.5,wave,3216,10,3,0.5646766169154229,False
43,2,10,0.6,0.0,2.5,wave,3157,7,2,0.5647766867279063,False
43,2,11,0.6,0.0,2.5,wave,3097,9,4,0.5637713916693574,False
43,2,12,0.6,0.0,2.5,wave,3060,9,4,0.5660130718954248,False
43,2,13,0.6,0.0,2.5,wave,3010,12,4,0.5661129568106312,False
43,2,14,0.6,0.0,2.5,wave,2980,13,3,0.5684563758389262,False
43,2,15,0.6,0.0,2.5,wave,2943,14,3,0.5657492354740061,False
43,2,16,0.6,0.0,2.5,wave,2905,14,6,0.5666092943201377,False
43,2,17,0.6,0.0,2.5,wave,2861,14,9,0.5683327507864383,False
43,2,18,0.6,0.0,2.5,wave,4994,14,7,0.3247897476972367,False
43,2,19,0.6,0.0,2.5,wave,4913,12,5,0.32505597394667207,False
43,2,20,0.6,0.0,2.5,wave,4829,17,5,0.32801822323462415,False
43,2,21,0.6,0.0,2.5,wave,4734,21,5,0.3320659062103929,False
43,2,22,0.6,0.0,2.5,wave,4654,23,6,0.33648474430597336,False
43,2,23,0.6,0.0,2.5,wave,4546,22,12,0.338539375274967,False
43,2,24,0.6,0.0,2.5,wave,4438,21,9,0.3409193330328977,False
43,2,25,0.6,0.0,2.5,wave,4328,12,4,0.34611829944547134,False
43,2,26,0.6,0.0,2.5,wave,4242,17,7,0.3495992456388496,False
43,2,27,0.6,0.0,2.5,wave,4166,18,6,0.35213634181469033,False
43,2,28,0.6,0.0,2.5,wave,4096,16,8,0.353271484375,False
43,2,29,0.6,0.0,2.5,wave,4038,24,6,0.3551263001485884,False
43,2,30,0.6,0.0,2.5,wave,3950,22,6,0.35848101265822785,False
43,2,31,0.6,0.0,2.5,wave,3849,26,10,0.36528968563263187,False
43,2,32,0.6,0.0,2.5,wave,3764,24,10,0.3695536663124336,False
43,2,33,0.6,0.0,2.5,wave,3690,20,10,0.3737127371273713,False
43,2,34,0.6,0.0,2.5,wave,3596,19,7,0.3770856507230256,False
43,2,35,0.6,0.0,2.5,wave,3513,23,5,0.645886706518645,False
43,2,36,0.6,0.0,2.5,wave,3449,20,8,0.6494636126413453,False
43,2,37,0.6,0.0,2.5,wave,3414,25,11,0.6479203280609256,False
43,2,38,0.6,0.0,2.5,wave,3375,18,9,0.6491851851851852,False
43,2,39,0.6,0.0,2.5,wave,3334,16,4,0.6514697060587883,False
43,2,40,0.6,0.0,2.5,wave,3296,12,5,0.6507888349514563,False
43,2,41,0.6,0.0,2.5,wave,3474,13,9,0.6525618883131836,False
43,2,42,0.6,0.0,2.5,wave,3513,13,6,0.6470253344719613,False
43,2,43,0.6,0.0,2.5,wave,3483,9,3,0.6511627906976745,False
43,2,44,0.6,0.0,2.5,wave,3465,9,3,0.6502164502164502,False
43,2,45,0.6,0.0,2.5,wave,3474,8,3,0.6508347725964306,False
43,2,46,0.6,0.0,2.5,wave,3354,6,2,0.6529516994633273,False
43,2,47,0.6,0.0,2.5,wave,3309,6,1,0.6527651858567544,False
43,2,48,0.6,0.0,2.5,wave,3288,5,3,0.6551094890510949,False
43,2,49,0.6,0.0,2.5,wave,3277,8,4,0.6551724137931034,False
43,2,50,0.6,0.0,2.5,wave,3252,6,2,0.6577490774907749,False
43,2,51,0.6,0.0,2.5,wave,3214,7,2,0.6605476042314873,False
43,2,52,0.6,0.0,2.5,wave,3171,8,2,0.6597287921791233,False
43,3,1,0.6,0.0,2.5,wave,3152,8,1,0.6608502538071066,False
43,3,2,0.6,0.0,2.5,wave,3122,7,2,0.659513132607303,False
43,3,3,0.6,0.0,2.5,wave,3083,7,3,0.6600713590658449,False
43,3,4,0.6,0.0,2.5,wave,3051,5,4,0.661422484431334,False
43,3,5,0.6,0.0,2.5,wave,3003,4,3,0.6640026640026641,False
43,3,6,0.6,0.0,2.5,wave,2974,1,1,0.6664425016812374,False
43,3,7,0.6,0.0,2.5,wave,2929,2,1,0.6671218846022533,False
43,3,8,0.6,0.0,2.5,wave,2889,1,0,0.6659743856005538,False
43,3,9,0.6,0.0,2.5,wave,2860,1,0,0.6692307692307692,False
43,3,10,0.6,0.0,2.5,wave,2814,1,0,0.6705756929637526,False
43,3,11,0.6,0.0,2.5,wave,2795,1,0,0.6697674418604651,False
43,3,12,0.6,0.0,2.5,wave,2762,1,1,0.6694424330195511,False
43,3,13,0.6,0.0,2.5,wave,2732,1,1,0.6698389458272328,False
43,3,14,0.6,0.0,2.5,wave,2709,0,0,0.6707272056109266,True
43,3,15,0.6,0.0,2.5,wave,2683,0,0,0.6708907938874394,True
43,3,16,0.6,0.0,2.5,wave,2666,0,0,0.6706676669167292,True
43,3,17,0.6,0.0,2.5,wave,2634,0,0,0.6685649202733486,True
43,3,18,0.6,0.0,2.5,wave,5865,0,0,0.29940323955669224,True
43,3,19,0.6,0.0,2.5,wave,5763,0,0,0.3010584764879403,True
43,3,20,0.6,0.0,2.5,wave,5652,0,0,0.3057324840764331,True
43,3,21,0.6,0.0,2.5,wave,5549,0,0,0.310686610200036,True
43,3,22,0.6,0.0,2.5,wave,5463,0,0,0.3137470254438953,True
43,3,23,0.6,0.0,2.5,wave,5361,0,0,0.31673195299384443,True
43,3,24,0.6,0.0,2.5,wave,5257,0,0,0.32147612706867035,True
43,3,25,0.6,0.0,2.5,wave,5141,0,0,0.326201128185178,True
43,3,26,0.6,0.0,2.5,wave,4999,0,0,0.3312662532506501,True
43,3,27,0.6,0.0,2.5,wave,4897,0,0,0.3348989177047172,True
43,3,28,0.6,0.0,2.5,wave,4774,0,0,0.3391286133221617,True
43,3,29,0.6,0.0,2.5,wave,4694,0,0,0.3429910524073285,True
43,3,30,0.6,0.0,2.5,wave,4614,0,0,0.346987429562202,True
43,3,31,0.6,0.0,2.5,wave,4533,0,0,0.35098168983013456,True
43,3,32,0.6,0.0,2.5,wave,4395,0,0,0.3558589306029579,True
43,3,33,0.6,0.0,2.5,wave,4319,0,0,0.36050011576753876,True
43,3,34,0.6,0.0,2.5,wave,4241,0,0,0.3633576986559774,True
43,3,35,0.6,0.0,2.5,wave,4137,0,0,0.5888324873096447,True
43,3,36,0.6,0.0,2.5,wave,4003,0,0,0.5940544591556333,True
43,3,37,0.6,0.0,2.5,wave,3867,0,0,0.5983966899405224,True
43,3,38,0.6,0.0,2.5,wave,3804,0,0,0.6009463722397477,True
43,3,39,0.6,0.0,2.5,wave,3771,0,0,0.6032882524529303,True
43,3,40,0.6,0.0,2.5,wave,3711,0,0,0.6063055780113177,True
43,3,41,0.6,0.0,2.5,wave,3978,0,0,0.6033182503770739,True
43,3,42,0.6,0.0,2.5,wave,4009,0,0,0.6051384385133449,True
43,3,43,0.6,0.0,2.5,wave,3979,0,0,0.6009047499371701,True
43,3,44,0.6,0.0,2.5,wave,3989,0,0,0.597392830283279,True
43,3,45,0.6,0.0,2.5,wave,3997,0,0,0.5986990242682011,True
43,3,46,0.6,0.0,2.5,wave,3803,0,0,0.6005784906652643,True
43,3,47,0.6,0.0,2.5,wave,3744,0,0,0.6028311965811965,True
43,3,48,0.6,0.0,2.5,wave,3704,0,0,0.6023218142548596,True
43,3,49,0.6,0.0,2.5,wave,3678,0,0,0.6030451332245785,True
43,3,50,0.6,0.0,2.5,wave,3651,0,0,0.6036702273349768,True
43,3,51,0.6,0.0,2.5,wave,3612,0,0,0.60437430786268,True
43,3,52,0.6,0.0,2.5,wave,3557,0,0,0.6055664886140005,True
43,4,1,0.6,0.0,2.5,wave,3530,0,0,0.6087818696883853,True
43,4,2,0.6,0.0,2.5,wave,3492,0,0,0.6093928980526919,True
43,4,3,0.6,0.0,2.5,wave,3455,0,0,0.6109985528219971,True
43,4,4,0.6,0.0,2.5,wave,3428,0,0,0.6126021003500584,True
43,4,5,0.6,0.0,2.5,wave,3368,0,0,0.6134204275534442,True
43,4,6,0.6,0.0,2.5,wave,3333,0,0,0.6126612661266126,True
43,4,7,0.6,0.0,2.5,wave,3283,0,0,0.6177276880901614,True
43,4,8,0.6,0.0,2.5,wave,3250,0,0,0.6156923076923076,True
43,4,9,0.6,0.0,2.5,wave,3228,0,0,0.6171003717472119,True
43,4,10,0.6,0.0,2.5,wave,3191,0,0,0.619554998433093,True
43,4,11,0.6,0.0,2.5,wave,3162,0,0,0.6173308032890575,True
43,4,12,0.6,0.0,2.5,wave,3113,0,0,0.6199807259877931,True
43,4,13,0.6,0.0,2.5,wave,3089,0,0,0.6199417287147945,True
43,4,14,0.6,0.0,2.5,wave,3037,0,0,0.6239710240368785,True
43,4,15,0.6,0.0,2.5,wave,3000,0,0,0.6243333333333333,True
43,4,16,0.6,0.0,2.5,wave,2963,0,0,0.6250421869726629,True
43,4,17,0.6,0.0,2.5,wave,2924,0,0,0.6282489740082079,True
43,4,18,0.6,0.0,2.5,wave,5778,0,0,0.31568016614745587,True
43,4,19,0.6,0.0,2.5,wave,5675,0,0,0.31788546255506606,True
43,4,20,0.6,0.0,2.5,wave,5536,0,0,0.32189306358381503,True
43,4,21,0.6,0.0,2.5,wave,5437,0,0,0.325915026669119,True
43,4,22,0.6,0.0,2.5,wave,5345,0,0,0.3287184284377923,True
43,4,23,0.6,0.0,2.5,wave,5205,0,0,0.330835734870317,True
43,4,24,0.6,0.0,2.5,wave,5104,0,0,0.3344435736677116,True
43,4,25,0.6,0.0,2.5,wave,5023,0,0,0.3362532351184551,True
43,4,26,0.6,0.0,2.5,wave,4931,0,0,0.33989048874467653,True
43,4,27,0.6,0.0,2.5,wave,4836,0,0,0.34511993382961126,True
43,4,28,0.6,0.0,2.5,wave,4743,0,0,0.3485135989879823,True
43,4,29,0.6,0.0,2.5,wave,4638,0,0,0.3542475204829668,True
43,4,30,0.6,0.0,2.5,wave,4526,0,0,0.361246133451171,True
43,4,31,0.6,0.0,2.5,wave,4417,0,0,0.36382159836993433,True
43,4,32,0.6,0.0,2.5,wave,4352,0,0,0.3674172794117647,True
43,4,33,0.6,0.0,2.5,wave,4268,0,0,0.3676194939081537,True
43,4,34,0.6,0.0,2.5,wave,4173,0,0,0.3745506829618979,True
43,4,35,0.6,0.0,2.5,wave,4130,0,0,0.6208232445520581,True
43,4,36,0.6,0.0,2.5,wave,4059,0,0,0.6267553584626755,True
43,4,37,0.6,0.0,2.5,wave,4005,0,0,0.6317103620474407,True
43,4,38,0.6,0.0,2.5,wave,3966,0,0,0.6321230458900655,True
43,4,39,0.6,0.0,2.5,wave,3913,0,0,0.6337848198313315,True
43,4,40,0.6,0.0,2.5,wave,3869,0,0,0.6353062806926855,True
43,4,41,0.6,0.0,2.5,wave,4134,0,0,0.6320754716981132,True
43,4,42,0.6,0.0,2.5,wave,4197,0,0,0.6364069573504885,True
43,4,43,0.6,0.0,2.5,wave,4199,0,0,0.6401524172422005,True
43,4,44,0.6,0.0,2.5,wave,4182,0,0,0.6377331420373027,True
43,4,45,0.6,0.0,2.5,wave,4182,0,0,0.6365375418460067,True
43,4,46,0.6,0.0,2.5,wave,4034,0,0,0.6398116013882003,True
43,4,47,0.6,0.0,2.5,wave,3980,0,0,0.6391959798994975,True
43,4,48,0.6,0.0,2.5,wave,3921,0,0,0.6391226727875542,True
43,4,49,0.6,0.0,2.5,wave,3891,0,0,0.6368542791056284,True
43,4,50,0.6,0.0,2.5,wave,3847,0,0,0.6404990902001559,True
43,4,51,0.6,0.0,2.5,wave,3794,0,0,0.6412756984712704,True
43,4,52,0.6,0.0,2.5,wave,3766,0,0,0.6428571428571429,True
43,5,1,0.6,0.0,2.5,wave,3742,0,0,0.6419027258150721,True
43,5,2,0.6,0.0,2.5,wave,3716,0,0,0.6461248654467169,True
43,5,3,0.6,0.0,2.5,wave,3708,0,0,0.6472491909385113,True
43,5,4,0.6,0.0,2.5,wave,3673,0,0,0.6485161992921318,True
43,5,5,0.6,0.0,2.5,wave,3650,0,0,0.6484931506849315,True
43,5,6,0.6,0.0,2.5,wave,3608,0,0,0.6510532150776053,True
43,5,7,0.6,0.0,2.5,wave,3580,0,0,0.6508379888268156,True
43,5,8,0.6,0.0,2.5,wave,3552,0,0,0.6534346846846847,True
43,5,9,0.6,0.0,2.5,wave,3529,0,0,0.6542930008500992,True
43,5,10,0.6,0.0,2.5,wave,3467,0,0,0.6524372656475339,True
43,5,11,0.6,0.0,2.5,wave,3435,0,0,0.6544395924308588,True
43,5,12,0.6,0.0,2.5,wave,3396,0,0,0.6560659599528857,True
43,5,13,0.6,0.0,2.5,wave,3353,0,0,0.6573218013719058,True
43,5,14,0.6,0.0,2.5,wave,3305,0,0,0.6586989409984871,True
43,5,15,0.6,0.0,2.5,wave,3245,0,0,0.6591679506933744,True
43,5,16,0.6,0.0,2.5,wave,3206,0,0,0.6568933250155957,True
43,5,17,0.6,0.0,2.5,wave,3193,0,0,0.66144691512684,True
43,5,18,0.6,0.0,2.5,wave,6719,0,0,0.31477898496800116,True
43,5,19,0.6,0.0,2.5,wave,6629,0,0,0.3164881580932267,True
43,5,20,0.6,0.0,2.5,wave,6560,0,0,0.32240853658536583,True
43,5,21,0.6,0.0,2.5,wave,6394,0,0,0.32702533625273694,True
43,5,22,0.6,0.0,2.5,wave,6323,0,0,0.3325952870472877,True
43,5,23,0.6,0.0,2.5,wave,6205,0,0,0.33489121676067685,True
43,5,24,0.6,0.0,2.5,wave,6108,0,0,0.3369351669941061,True
43,5,25,0.6,0.0,2.5,wave,6040,0,0,0.3403973509933775,True
43,5,26,0.6,0.0,2.5,wave,5946,0,0,0.34359233097880926,True
43,5,27,0.6,0.0,2.5,wave,5813,0,0,0.34852915878204027,True
43,5,28,0.6,0.0,2.5,wave,5672,0,0,0.35490126939351196,True
43,5,29,0.6,0.0,2.5,wave,5647,0,0,0.35540995218700194,True
43,5,30,0.6,0.0,2.5,wave,5580,0,0,0.35913978494623655,True
43,5,31,0.6,0.0,2.5,wave,5485,0,0,0.3611668185961714,True
43,5,32,0.6,0.0,2.5,wave,5398,0,0,0.36513523527232306,True
43,5,33,0.6,0.0,2.5,wave,5290,0,0,0.36937618147448015,True
43,5,34,0.6,0.0,2.5,wave,5159,0,0,0.3725528203140143,True
43,5,35,0.6,0.0,2.5,wave,5013,0,0,0.6203869938160782,True
43,5,36,0.6,0.0,2.5,wave,4932,0,0,0.6238848337388483,True
43,5,37,0.6,0.0,2.5,wave,4790,0,0,0.6277661795407098,True
43,5,38,0.6,0.0,2.5,wave,4739,0,0,0.6305127664064148,True
43,5,39,0.6,0.0,2.5,wave,4688,0,0,0.6318259385665529,True
43,5,40,0.6,0.0,2.5,wave,4628,0,0,0.6318063958513397,True
43,5,41,0.6,0.0,2.5,wave,4811,0,0,0.6358345458324672,True
43,5,42,0.6,0.0,2.5,wave,4784,0,0,0.6302257525083612,True
43,5,43,0.6,0.0,2.5,wave,4787,0,0,0.6319197827449342,True
43,5,44,0.6,0.0,2.5,wave,4744,0,0,0.6327993254637436,True
43,5,45,0.6,0.0,2.5,wave,4747,0,0,0.631135453970929,True
43,5,46,0.6,0.0,2.5,wave,4559,0,0,0.6352270234700592,True
43,5,47,0.6,0.0,2.5,wave,4492,0,0,0.6364648263579697,True
43,5,48,0.6,0.0,2.5,wave,4442,0,0,0.6377757766771724,True
43,5,49,0.6,0.0,2.5,wave,4417,0,0,0.6384423817070409,True
43,5,50,0.6,0.0,2.5,wave,4376,0,0,0.6384826325411335,True
43,5,51,0.6,0.0,2.5,wave,4335,0,0,0.6412918108419838,True
43,5,52,0.6,0.0,2.5,wave,4290,0,0,0.6398601398601399,True
43,6,1,0.6,0.0,2.5,wave,4250,0,0,0.6407058823529411,True
43,6,2,0.6,0.0,2.5,wave,4210,0,0,0.6448931116389549,True
43,6,3,0.6,0.0,2.5,wave,4176,0,0,0.6463122605363985,True
43,6,4,0.6,0.0,2.5,wave,4128,0,0,0.6480135658914729,True
43,6,5,0.6,0.0,2.5,wave,4097,0,0,0.6494996338784477,True
43,6,6,0.6,0.0,2.5,wave,4042,0,0,0.6491835724888669,True
43,6,7,0.6,0.0,2.5,wave,4005,0,0,0.6536828963795256,True
43,6,8,0.6,0.0,2.5,wave,3963,0,0,0.6543022962402221,True
43,6,9,0.6,0.0,2.5,wave,3929,0,0,0.6571646729447697,True
43,6,10,0.6,0.0,2.5,wave,3892,0,0,0.6598150051387461,True
43,6,11,0.6,0.0,2.5,wave,3891,0,0,0.661526599845798,True
43,6,12,0.6,0.0,2.5,wave,3843,0,0,0.6606817590424148,True
43,6,13,0.6,0.0,2.5,wave,3820,0,0,0.6617801047120419,True
43,6,14,0.6,0.0,2.5,wave,3790,0,0,0.6633245382585752,True
43,6,15,0.6,0.0,2.5,wave,3761,0,0,0.6655144908269077,True
43,6,16,0.6,0.0,2.5,wave,3723,0,0,0.6682782702121944,True
43,6,17,0.6,0.0,2.5,wave,3700,0,0,0.6713513513513514,True
43,6,18,0.6,0.0,2.5,wave,7619,0,0,0.32287701798136237,True
43,6,19,0.6,0.0,2.5,wave,7535,0,0,0.3238221632382216,True
43,6,20,0.6,0.0,2.5,wave,7463,0,0,0.32801822323462415,True
43,6,21,0.6,0.0,2.5,wave,7322,0,0,0.3332422835290904,True
43,6,22,0.6,0.0,2.5,wave,7198,0,0,0.3368991386496249,True
43,6,23,0.6,0.0,2.5,wave,7082,0,0,0.33902852301609715,True
43,6,24,0.6,0.0,2.5,wave,6924,0,0,0.3437319468515309,True
43,6,25,0.6,0.0,2.5,wave,6783,0,0,0.34424296034203156,True
43,6,26,0.6,0.0,2.5,wave,6607,0,0,0.3503859542909036,True
43,6,27,0.6,0.0,2.5,wave,6435,0,0,0.3564879564879565,True
43,6,28,0.6,0.0,2.5,wave,6319,0,0,0.36050007912644405,True
43,6,29,0.6,0.0,2.5,wave,6217,0,0,0.36512787518095546,True
43,6,30,0.6,0.0,2.5,wave,6091,0,0,0.3702183549499261,True
43,6,31,0.6,0.0,2.5,wave,6058,0,0,0.3709144932320898,True
43,6,32,0.6,0.0,2.5,wave,5941,0,0,0.3760309712169668,True
43,6,33,0.6,0.0,2.5,wave,5883,0,0,0.37769845317015127,True
43,6,34,0.6,0.0,2.5,wave,5776,0,0,0.3810595567867036,True
43,6,35,0.6,0.0,2.5,wave,5684,0,0,0.6099577762139339,True
43,6,36,0.6,0.0,2.5,wave,5614,0,0,0.6120413252582828,True
43,6,37,0.6,0.0,2.5,wave,5496,0,0,0.6144468704512372,True
43,6,38,0.6,0.0,2.5,wave,5446,0,0,0.6138450238707308,True
43,6,39,0.6,0.0,2.5,wave,5376,0,0,0.6158854166666666,True
43,6,40,0.6,0.0,2.5,wave,5312,0,0,0.6172816265060241,True
43,6,41,0.6,0.0,2.5,wave,5464,0,0,0.6211566617862372,True
43,6,42,0.6,0.0,2.5,wave,5444,0,0,0.6149889786921381,True
43,6,43,0.6,0.0,2.5,wave,5399,0,0,0.6167808853491388,True
43,6,44,0.6,0.0,2.5,wave,5310,0,0,0.6186440677966102,True
43,6,45,0.6,0.0,2.5,wave,5270,0,0,0.6195445920303605,True
43,6,46,0.6,0.0,2.5,wave,5072,0,0,0.6212539432176656,True
43,6,47,0.6,0.0,2.5,wave,5009,0,0,0.6188860051906568,True
43,6,48,0.6,0.0,2.5,wave,4961,0,0,0.6226567224349929,True
43,6,49,0.6,0.0,2.5,wave,4935,0,0,0.6251266464032421,True
43,6,50,0.6,0.0,2.5,wave,4891,0,0,0.6280924146391331,True
43,6,51,0.6,0.0,2.5,wave,4846,0,0,0.6287659925711927,True
43,6,52,0.6,0.0,2.5,wave,4798,0,0,0.629845769070446,True
43,7,1,0.6,0.0,2.5,wave,4754,0,0,0.6323096339924275,True
43,7,2,0.6,0.0,2.5,wave,4713,0,0,0.6316571186081053,True
43,7,3,0.6,0.0,2.5,wave,4703,0,0,0.6349138847544121,True
43,7,4,0.6,0.0,2.5,wave,4638,0,0,0.6394997843898232,True
43,7,5,0.6,0.0,2.5,wave,4592,0,0,0.6391550522648084,True
43,7,6,0.6,0.0,2.5,wave,4546,0,0,0.6407831060272767,True
43,7,7,0.6,0.0,2.5,wave,4506,0,0,0.639369729249889,True
43,7,8,0.6,0.0,2.5,wave,4457,0,0,0.6434821628898362,True
43,7,9,0.6,0.0,2.5,wave,4399,0,0,0.646737894976131,True
43,7,10,0.6,0.0,2.5,wave,4387,0,0,0.6469113289263734,True
43,7,11,0.6,0.0,2.5,wave,4317,0,0,0.6479036367848042,True
43,7,12,0.6,0.0,2.5,wave,4278,0,0,0.6500701262272089,True
43,7,13,0.6,0.0,2.5,wave,4241,0,0,0.6519688752652676,True
43,7,14,0.6,0.0,2.5,wave,4199,0,0,0.653250773993808,True
43,7,15,0.6,0.0,2.5,wave,4138,0,0,0.653455775737071,True
43,7,16,0.6,0.0,2.5,wave,4079,0,0,0.6562883059573424,True
43,7,17,0.6,0.0,2.5,wave,4045,0,0,0.6585908529048208,True
43,7,18,0.6,0.0,2.5,wave,8225,0,0,0.32072948328267475,True
43,7,19,0.6,0.0,2.5,wave,8114,0,0,0.3230219373921617,True
43,7,20,0.6,0.0,2.5,wave,7986,0,0,0.3265715001252191,True
43,7,21,0.6,0.0,2.5,wave,7824,0,0,0.3310327198364008,True
43,7,22,0.6,0.0,2.5,wave,7735,0,0,0.3329023917259211,True
43,7,23,0.6,0.0,2.5,wave,7610,0,0,0.33718791064388964,True
43,7,24,0.6,0.0,2.5,wave,7452,0,0,0.3403113258185722,True
43,7,25,0.6,0.0,2.5,wave,7334,0,0,0.34346877556585764,True
43,7,26,0.6,0.0,2.5,wave,7226,0,0,0.3481871021311929,True
43,7,27,0.6,0.0,2.5,wave,7124,0,0,0.352049410443571,True
43,7,28,0.6,0.0,2.5,wave,7017,0,0,0.3549950121134388,True
43,7,29,0.6,0.0,2.5,wave,6890,0,0,0.35936139332365746,True
43,7,30,0.6,0.0,2.5,wave,6762,0,0,0.36202307009760426,True
43,7,31,0.6,0.0,2.5,wave,6621,0,0,0.36580576952122035,True
43,7,32,0.6,0.0,2.5,wave,6546,0,0,0.3696914146043385,True
43,7,33,0.6,0.0,2.5,wave,6434,0,0,0.3703761268262356,True
43,7,34,0.6,0.0,2.5,wave,6294,0,0,0.3748013981569749,True
43,7,35,0.6,0.0,2.5,wave,6177,0,0,0.6121094382386272,True
43,7,36,0.6,0.0,2.5,wave,6097,0,0,0.615056585205839,True
43,7,37,0.6,0.0,2.5,wave,6009,0,0,0.6167415543351639,True
43,7,38,0.6,0.0,2.5,wave,5942,0,0,0.6189835072366207,True
43,7,39,0.6,0.0,2.5,wave,5877,0,0,0.620554704781351,True
43,7,40,0.6,0.0,2.5,wave,5822,0,0,0.6221229817931982,True
43,7,41,0.6,0.0,2.5,wave,6004,0,0,0.621419053964024,True
43,7,42,0.6,0.0,2.5,wave,5996,0,0,0.624082721814543,True
43,7,43,0.6,0.0,2.5,wave,5936,0,0,0.6216307277628033,True
43,7,44,0.6,0.0,2.5,wave,5853,0,0,0.6208781821288228,True
43,7,45,0.6,0.0,2.5,wave,5832,0,0,0.62019890260631,True
43,7,46,0.6,0.0,2.5,wave,5625,0,0,0.6220444444444444,True
43,7,47,0.6,0.0,2.5,wave,5587,0,0,0.6241274386969751,True
43,7,48,0.6,0.0,2.5,wave,5526,0,0,0.6243213897937026,True
43,7,49,0.6,0.0,2.5,wave,5472,0,0,0.6253654970760234,True
43,7,50,0.6,0.0,2.5,wave,5441,0,0,0.6270906083440544,True
43,7,51,0.6,0.0,2.5,wave,5432,0,0,0.6283136966126657,True
43,7,52,0.6,0.0,2.5,wave,5364,0,0,0.6293810589112603,True
43,8,1,0.6,0.0,2.5,wave,5320,0,0,0.6319548872180452,True
43,8,2,0.6,0.0,2.5,wave,5279,0,0,0.6287175601439666,True
43,8,3,0.6,0.0,2.5,wave,5259,0,0,0.6322494770868986,True
43,8,4,0.6,0.0,2.5,wave,5231,0,0,0.6314280252341808,True
43,8,5,0.6,0.0,2.5,wave,5173,0,0,0.6346414073071719,True
43,8,6,0.6,0.0,2.5,wave,5122,0,0,0.6378367825068333,True
43,8,7,0.6,0.0,2.5,wave,5100,0,0,0.6392156862745098,True
43,8,8,0.6,0.0,2.5,wave,5054,0,0,0.6398891966759003,True
43,8,9,0.6,0.0,2.5,wave,4993,0,0,0.642299218906469,True
43,8,10,0.6,0.0,2.5,wave,4949,0,0,0.6447767225702162,True
43,8,11,0.6,0.0,2.5,wave,4920,0,0,0.6455284552845528,True
43,8,12,0.6,0.0,2.5,wave,4886,0,0,0.6467458043389276,True
43,8,13,0.6,0.0,2.5,wave,4843,0,0,0.6475325211645674,True
43,8,14,0.6,0.0,2.5,wave,4796,0,0,0.6494995829858216,True
43,8,15,0.6,0.0,2.5,wave,4751,0,0,0.6495474636918543,True
43,8,16,0.6,0.0,2.5,wave,4716,0,0,0.6524597116200169,True
43,8,17,0.6,0.0,2.5,wave,4667,0,0,0.654381829869295,True
43,8,18,0.6,0.0,2.5,wave,9636,0,0,0.3139269406392694,True
43,8,19,0.6,0.0,2.5,wave,9524,0,0,0.3158336833263335,True
43,8,20,0.6,0.0,2.5,wave,9329,0,0,0.319219637688927,True
43,8,21,0.6,0.0,2.5,wave,9115,0,0,0.3228743828853538,True
43,8,22,0.6,0.0,2.5,wave,8941,0,0,0.3274801476344928,True
43,8,23,0.6,0.0,2.5,wave,8768,0,0,0.33052007299270075,True
43,8,24,0.6,0.0,2.5,wave,8599,0,0,0.33469008024188857,True
43,8,25,0.6,0.0,2.5,wave,8419,0,0,0.3379261194916261,True
43,8,26,0.6,0.0,2.5,wave,8232,0,0,0.34074344023323616,True
43,8,27,0.6,0.0,2.5,wave,8014,0,0,0.34552033940603943,True
43,8,28,0.6,0.0,2.5,wave,7871,0,0,0.34951086266039894,True
43,8,29,0.6,0.0,2.5,wave,7678,0,0,0.3547798905965095,True
43,8,30,0.6,0.0,2.5,wave,7482,0,0,0.35832665062817426,True
43,8,31,0.6,0.0,2.5,wave,7315,0,0,0.36363636363636365,True
43,8,32,0.6,0.0,2.5,wave,7212,0,0,0.3663338879645036,True
43,8,33,0.6,0.0,2.5,wave,7061,0,0,0.369777651890667,True
43,8,34,0.6,0.0,2.5,wave,6935,0,0,0.3739005046863735,True
43,8,35,0.6,0.0,2.5,wave,6809,0,0,0.6134527830812161,True
43,8,36,0.6,0.0,2.5,wave,6693,0,0,0.6160167339010907,True
43,8,37,0.6,0.0,2.5,wave,6552,0,0,0.6187423687423688,True
43,8,38,0.6,0.0,2.5,wave,6478,0,0,0.6197900586600803,True
43,8,39,0.6,0.0,2.5,wave,6391,0,0,0.6216554529807542,True
43,8,40,0.6,0.0,2.5,wave,6314,0,0,0.6233766233766234,True
43,8,41,0.6,0.0,2.5,wave,6517,0,0,0.6232929261930336,True
43,8,42,0.6,0.0,2.5,wave,6422,0,0,0.6230146371846776,True
43,8,43,0.6,0.0,2.5,wave,6428,0,0,0.6199439950217797,True
43,8,44,0.6,0.0,2.5,wave,6398,0,0,0.6209753047827447,True
43,8,45,0.6,0.0,2.5,wave,6328,0,0,0.6254740834386852,True
43,8,46,0.6,0.0,2.5,wave,6128,0,0,0.6251631853785901,True
43,8,47,0.6,0.0,2.5,wave,6036,0,0,0.62740225314778,True
43,8,48,0.6,0.0,2.5,wave,5994,0,0,0.6269602936269603,True
43,8,49,0.6,0.0,2.5,wave,5968,0,0,0.6281836461126006,True
43,8,50,0.6,0.0,2.5,wave,5943,0,0,0.6274608783442706,True
43,8,51,0.6,0.0,2.5,wave,5913,0,0,0.6276002029426687,True
43,8,52,0.6,0.0,2.5,wave,5912,0,0,0.6297361299052774,True
43,9,1,0.6,0.0,2.5,wave,5859,0,0,0.6321897934801161,True
43,9,2,0.6,0.0,2.5,wave,5820,0,0,0.6352233676975945,True
43,9,3,0.6,0.0,2.5,wave,5797,0,0,0.6365361393824392,True
43,9,4,0.6,0.0,2.5,wave,5752,0,0,0.6371696801112656,True
43,9,5,0.6,0.0,2.5,wave,5726,0,0,0.6393643031784841,True
43,9,6,0.6,0.0,2.5,wave,5724,0,0,0.639937106918239,True
43,9,7,0.6,0.0,2.5,wave,5725,0,0,0.6410480349344978,True
43,9,8,0.6,0.0,2.5,wave,5709,0,0,0.6451217376072867,True
43,9,9,0.6,0.0,2.5,wave,5691,0,0,0.6439992971358285,True
43,9,10,0.6,0.0,2.5,wave,5678,0,0,0.6468827051778795,True
43,9,11,0.6,0.0,2.5,wave,5633,0,0,0.648854961832061,True
43,9,12,0.6,0.0,2.5,wave,5606,0,0,0.6485907955761684,True
43,9,13,0.6,0.0,2.5,wave,5568,0,0,0.6512212643678161,True
43,9,14,0.6,0.0,2.5,wave,5548,0,0,0.6541095890410958,True
43,9,15,0.6,0.0,2.5,wave,5488,0,0,0.6537900874635568,True
43,9,16,0.6,0.0,2.5,wave,5444,0,0,0.6561351947097722,True
43,9,17,0.6,0.0,2.5,wave,5394,0,0,0.6575824990730441,True
43,9,18,0.6,0.0,2.5,wave,10921,0,0,0.3111436681622562,True
43,9,19,0.6,0.0,2.5,wave,10845,0,0,0.31129552789303827,True
43,9,20,0.6,0.0,2.5,wave,10651,0,0,0.31818608581353863,True
43,9,21,0.6,0.0,2.5,wave,10507,0,0,0.31921576092129056,True
43,9,22,0.6,0.0,2.5,wave,10275,0,0,0.32408759124087594,True
43,9,23,0.6,0.0,2.5,wave,10035,0,0,0.32725460886895863,True
43,9,24,0.6,0.0,2.5,wave,9866,0,0,0.33022501520373,True
43,9,25,0.6,0.0,2.5,wave,9670,0,0,0.33464322647362976,True
43,9,26,0.6,0.0,2.5,wave,9561,0,0,0.3384583202593871,True
43,9,27,0.6,0.0,2.5,wave,9406,0,0,0.3424409951095046,True
43,9,28,0.6,0.0,2.5,wave,9212,0,0,0.3454190186712983,True
43,9,29,0.6,0.0,2.5,wave,9002,0,0,0.3471450788713619,True
43,9,30,0.6,0.0,2.5,wave,8788,0,0,0.3519572143832499,True
43,9,31,0.6,0.0,2.5,wave,8617,0,0,0.3544156899152837,True
43,9,32,0.6,0.0,2.5,wave,8448,0,0,0.35771780303030304,True
43,9,33,0.6,0.0,2.5,wave,8286,0,0,0.3629012792662322,True
43,9,34,0.6,0.0,2.5,wave,8126,0,0,0.36586266305685455,True
43,9,35,0.6,0.0,2.5,wave,7951,0,0,0.6136335052194692,True
43,9,36,0.6,0.0,2.5,wave,7784,0,0,0.6167780061664954,True
43,9,37,0.6,0.0,2.5,wave,7649,0,0,0.6207347365668715,True
43,9,38,0.6,0.0,2.5,wave,7543,0,0,0.622431393344823,True
43,9,39,0.6,0.0,2.5,wave,7468,0,0,0.6237279057311195,True
43,9,40,0.6,0.0,2.5,wave,7391,0,0,0.624949262616696,True
43,9,41,0.6,0.0,2.5,wave,7423,0,0,0.6248147649198438,True
43,9,42,0.6,0.0,2.5,wave,7319,0,0,0.6280912692990845,True
43,9,43,0.6,0.0,2.5,wave,7233,0,0,0.6278169500898659,True
43,9,44,0.6,0.0,2.5,wave,7157,0,0,0.6265194914070141,True
43,9,45,0.6,0.0,2.5,wave,7096,0,0,0.6271138669673055,True
43,9,46,0.6,0.0,2.5,wave,6926,0,0,0.6296563673115796,True
43,9,47,0.6,0.0,2.5,wave,6873,0,0,0.6300014549687182,True
43,9,48,0.6,0.0,2.5,wave,6823,0,0,0.6297816209878353,True
43,9,49,0.6,0.0,2.5,wave,6741,0,0,0.6307669485239579,True
43,9,50,0.6,0.0,2.5,wave,6671,0,0,0.6339379403387798,True
43,9,51,0.6,0.0,2.5,wave,6643,0,0,0.6363088965828692,True
43,9,52,0.6,0.0,2.5,wave,6576,0,0,0.6376216545012166,True
43,10,1,0.6,0.0,2.5,wave,6542,0,0,0.6378783246713543,True
43,10,2,0.6,0.0,2.5,wave,6476,0,0,0.637739345274861,True
43,10,3,0.6,0.0,2.5,wave,6420,0,0,0.6417445482866043,True
43,10,4,0.6,0.0,2.5,wave,6354,0,0,0.6440037771482531,True
43,10,5,0.6,0.0,2.5,wave,6311,0,0,0.6455395341467279,True
43,10,6,0.6,0.0,2.5,wave,6263,0,0,0.6488903081590293,True
43,10,7,0.6,0.0,2.5,wave,6239,0,0,0.6509055938451674,True
43,10,8,0.6,0.0,2.5,wave,6165,0,0,0.6515815085158151,True
43,10,9,0.6,0.0,2.5,wave,6122,0,0,0.6527278667102254,True
43,10,10,0.6,0.0,2.5,wave,6080,0,0,0.6537828947368421,True
43,10,11,0.6,0.0,2.5,wave,5987,0,0,0.654417905461834,True
43,10,12,0.6,0.0,2.5,wave,5930,0,0,0.6569983136593592,True
43,10,13,0.6,0.0,2.5,wave,5881,0,0,0.6561809216119707,True
43,10,14,0.6,0.0,2.5,wave,5814,0,0,0.6589267285861713,True
43,10,15,0.6,0.0,2.5,wave,5761,0,0,0.6620378406526645,True
43,10,16,0.6,0.0,2.5,wave,5712,0,0,0.6622899159663865,True
43,10,17,0.6,0.0,2.5,wave,5674,0,0,0.6619668664081777,True
43,10,18,0.6,0.0,2.5,wave,11569,0,0,0.3158440660385513,True
43,10,19,0.6,0.0,2.5,wave,11463,0,0,0.3178923492977406,True
43,10,20,0.6,0.0,2.5,wave,11165,0,0,0.3232422749664129,True
43,10,21,0.6,0.0,2.5,wave,10960,0,0,0.32673357664233577,True
43,10,22,0.6,0.0,2.5,wave,10768,0,0,0.32949479940564635,True
43,10,23,0.6,0.0,2.5,wave,10587,0,0,0.3302163030131293,True
43,10,24,0.6,0.0,2.5,wave,10362,0,0,0.3375796178343949,True
43,10,25,0.6,0.0,2.5,wave,10211,0,0,0.34022132993830184,True
43,10,26,0.6,0.0,2.5,wave,10001,0,0,0.34466553344665535,True
43,10,27,0.6,0.0,2.5,wave,9829,0,0,0.3471360260453759,True
43,10,28,0.6,0.0,2.5,wave,9604,0,0,0.3514160766347355,True
43,10,29,0.6,0.0,2.5,wave,9464,0,0,0.3551352493660186,True
43,10,30,0.6,0.0,2.5,wave,9262,0,0,0.359533578060894,True
43,10,31,0.6,0.0,2.5,wave,9069,0,0,0.3642077406549785,True
43,10,32,0.6,0.0,2.5,wave,8881,0,0,0.36628758022745184,True
43,10,33,0.6,0.0,2.5,wave,8719,0,0,0.3713728638605345,True
43,10,34,0.6,0.0,2.5,wave,8550,0,0,0.37415204678362574,True
43,10,35,0.6,0.0,2.5,wave,8405,0,0,0.6045211183819156,True
43,10,36,0.6,0.0,2.5,wave,8288,0,0,0.6048503861003861,True
43,10,37,0.6,0.0,2.5,wave,8141,0,0,0.6076649060312,True
43,10,38,0.6,0.0,2.5,wave,8024,0,0,0.6101694915254238,True
43,10,39,0.6,0.0,2.5,wave,7935,0,0,0.6137366099558916,True
43,10,40,0.6,0.0,2.5,wave,7839,0,0,0.6153846153846154,True
43,10,41,0.6,0.0,2.5,wave,7902,0,0,0.6114907618324474,True
43,10,42,0.6,0.0,2.5,wave,7809,0,0,0.615827890895121,True
43,10,43,0.6,0.0,2.5,wave,7713,0,0,0.6137689614935823,True
43,10,44,0.6,0.0,2.5,wave,7621,0,0,0.6147487206403359,True
43,10,45,0.6,0.0,2.5,wave,7519,0,0,0.6135124351642506,True
43,10,46,0.6,0.0,2.5,wave,7335,0,0,0.6174505794137696,True
43,10,47,0.6,0.0,2.5,wave,7281,0,0,0.6187336904271391,True
43,10,48,0.6,0.0,2.5,wave,7237,0,0,0.6218046151720326,True
43,10,49,0.6,0.0,2.5,wave,7192,0,0,0.6230533926585095,True
43,10,50,0.6,0.0,2.5,wave,7130,0,0,0.6251051893408135,True
43,10,51,0.6,0.0,2.5,wave,7072,0,0,0.626131221719457,True
43,10,52,0.6,0.0,2.5,wave,7018,0,0,0.6306640068395555,True
43,11,1,0.6,0.0,2.5,wave,6955,0,0,0.6301941049604601,True
43,11,2,0.6,0.0,2.5,wave,6881,0,0,0.6320302281645109,True
43,11,3,0.6,0.0,2.5,wave,6804,0,0,0.6327160493827161,True
43,11,4,0.6,0.0,2.5,wave,6761,0,0,0.6339298920278066,True
43,11,5,0.6,0.0,2.5,wave,6708,0,0,0.6377459749552773,True
43,11,6,0.6,0.0,2.5,wave,6641,0,0,0.6380063243487426,True
43,11,7,0.6,0.0,2.5,wave,6581,0,0,0.641695790913235,True
43,11,8,0.6,0.0,2.5,wave,6520,0,0,0.6418711656441718,True
43,11,9,0.6,0.0,2.5,wave,6449,0,0,0.6430454334005272,True
43,11,10,0.6,0.0,2.5,wave,6401,0,0,0.6459928136228714,True
43,11,11,0.6,0.0,2.5,wave,6355,0,0,0.6470495672698663,True
43,11,12,0.6,0.0,2.5,wave,6291,0,0,0.6482276267683993,True
43,11,13,0.6,0.0,2.5,wave,6220,0,0,0.6472668810289389,True
43,11,14,0.6,0.0,2.5,wave,6161,0,0,0.6510306768381756,True
43,11,15,0.6,0.0,2.5,wave,6109,0,0,0.6521525617940743,True
43,11,16,0.6,0.0,2.5,wave,6068,0,0,0.6529334212261042,True
43,11,17,0.6,0.0,2.5,wave,6030,0,0,0.6557213930348259,True
43,11,18,0.6,0.0,2.5,wave,12001,0,0,0.3207232730605783,True
43,11,19,0.6,0.0,2.5,wave,11861,0,0,0.3214737374588989,True
43,11,20,0.6,0.0,2.5,wave,11607,0,0,0.32678556043766693,True
43,11,21,0.6,0.0,2.5,wave,11399,0,0,0.32941486095271516,True
43,11,22,0.6,0.0,2.5,wave,11156,0,0,0.33345285048404444,True
43,11,23,0.6,0.0,2.5,wave,10972,0,0,0.3389537003281079,True
43,11,24,0.6,0.0,2.5,wave,10798,0,0,0.3411742915354695,True
43,11,25,0.6,0.0,2.5,wave,10620,0,0,0.34642184557438793,True
43,11,26,0.6,0.0,2.5,wave,10432,0,0,0.34930981595092025,True
43,11,27,0.6,0.0,2.5,wave,10222,0,0,0.35482293093328116,True
43,11,28,0.6,0.0,2.5,wave,10031,0,0,0.35928621274050443,True
43,11,29,0.6,0.0,2.5,wave,9829,0,0,0.36158307050564653,True
43,11,30,0.6,0.0,2.5,wave,9648,0,0,0.3648424543946932,True
43,11,31,0.6,0.0,2.5,wave,9474,0,0,0.3684821617057209,True
43,11,32,0.6,0.0,2.5,wave,9302,0,0,0.37271554504407656,True
43,11,33,0.6,0.0,2.5,wave,9214,0,0,0.3767093553288474,True
43,11,34,0.6,0.0,2.5,wave,9063,0,0,0.38022729780425907,True
43,11,35,0.6,0.0,2.5,wave,8891,0,0,0.6220897536835002,True
43,11,36,0.6,0.0,2.5,wave,8689,0,0,0.623547013465301,True
43,11,37,0.6,0.0,2.5,wave,8470,0,0,0.6282172373081464,True
43,11,38,0.6,0.0,2.5,wave,8374,0,0,0.630164795796513,True
43,11,39,0.6,0.0,2.5,wave,8293,0,0,0.6323405281562764,True
43,11,40,0.6,0.0,2.5,wave,8203,0,0,0.6347677678897964,True
43,11,41,0.6,0.0,2.5,wave,8299,0,0,0.634052295457284,True
43,11,42,0.6,0.0,2.5,wave,8228,0,0,0.6366067087992222,True
43,11,43,0.6,0.0,2.5,wave,8150,0,0,0.6358282208588957,True
43,11,44,0.6,0.0,2.5,wave,8075,0,0,0.6381424148606811,True
43,11,45,0.6,0.0,2.5,wave,8040,0,0,0.6355721393034826,True
43,11,46,0.6,0.0,2.5,wave,7766,0,0,0.6377800669585372,True
43,11,47,0.6,0.0,2.5,wave,7664,0,0,0.6375260960334029,True
43,11,48,0.6,0.0,2.5,wave,7611,0,0,0.6381553015372488,True
43,11,49,0.6,0.0,2.5,wave,7537,0,0,0.6413692450577153,True
43,11,50,0.6,0.0,2.5,wave,7481,0,0,0.6433631867397407,True
43,11,51,0.6,0.0,2.5,wave,7400,0,0,0.6437837837837838,True
43,11,52,0.6,0.0,2.5,wave,7345,0,0,0.6458815520762423,True
