rep,year,week,sero,disease,rate,type,total_pop,n_infected,n_symptomatic,actual_sero,elim
8,1,1,0.5,0.03,2.5,propagule,2696,0,0,0.5089020771513353,True
8,1,2,0.5,0.03,2.5,propagule,2647,0,0,0.510766905931243,True
8,1,3,0.5,0.03,2.5,propagule,2574,0,0,0.5104895104895105,True
8,1,4,0.5,0.03,2.5,propagule,2472,0,0,0.511326860841424,True
8,1,5,0.5,0.03,2.5,propagule,2403,0,0,0.5126924677486475,True
8,1,6,0.5,0.03,2.5,propagule,2352,0,0,0.5157312925170068,True
8,1,7,0.5,0.03,2.5,propagule,2294,0,0,0.514821272885789,True
8,1,8,0.5,0.03,2.5,propagule,2226,0,0,0.5193171608265947,True
8,1,9,0.5,0.03,2.5,propagule,2171,0,0,0.5191156149239982,True
8,1,10,0.5,0.03,2.5,propagule,2123,0,0,0.5181347150259067,True
8,1,11,0.5,0.03,2.5,propagule,2065,0,0,0.5191283292978208,True
8,1,12,0.5,0.03,2.5,propagule,2024,0,0,0.5227272727272727,True
8,1,13,0.5,0.03,2.5,propagule,1973,0,0,0.5271160669031931,True
8,1,14,0.5,0.03,2.5,propagule,1921,0,0,0.5288912024986986,True
8,1,15,0.5,0.03,2.5,propagule,1893,0,0,0.5303750660327522,True
8,1,16,0.5,0.03,2.5,propagule,1854,0,0,0.5312837108953614,True
8,1,17,0.5,0.03,2.5,propagule,1812,0,0,0.5320088300220751,True
8,1,18,0.5,0.03,2.5,propagule,5140,0,0,0.18560311284046693,True
8,1,19,0.5,0.03,2.5,propagule,4876,0,0,0.18990976210008204,True
8,1,20,0.5,0.03,2.5,propagule,4761,0,0,0.19155639571518587,True
8,1,21,0.5,0.03,2.5,propagule,4616,0,0,0.19302426343154247,True
8,1,22,0.5,0.03,2.5,propagule,4471,0,0,0.19525833146946991,True
8,1,23,0.5,0.03,2.5,propagule,4351,0,0,0.19788554355320617,True
8,1,24,0.5,0.03,2.5,propagule,4188,0,0,0.20128939828080228,True
8,1,25,0.5,0.03,2.5,propagule,4019,0,0,0.2035332172182135,True
8,1,26,0.5,0.03,2.5,propagule,3921,0,0,0.2030094363682734,True
8,1,27,0.5,0.03,2.5,propagule,3772,0,0,0.20784729586426298,True
8,1,28,0.5,0.03,2.5,propagule,3644,0,0,0.21212952799121845,True
8,1,29,0.5,0.03,2.5,propagule,3502,0,0,0.2173043974871502,True
8,1,30,0.5,0.03,2.5,propagule,3407,0,0,0.21925447607866158,True
8,1,31,0.5,0.03,2.5,propagule,3358,0,0,0.22156045265038712,True
8,1,32,0.5,0.03,2.5,propagule,3238,0,0,0.22544780728844965,True
8,1,33,0.5,0.03,2.5,propagule,3183,0,0,0.2299717247879359,True
8,1,34,0.5,0.03,2.5,propagule,3051,0,0,0.23434939364142904,True
8,1,35,0.5,0.03,2.5,propagule,2991,0,0,0.47843530591775324,True
8,1,36,0.5,0.03,2.5,propagule,2934,0,0,0.4812542603953647,True
8,1,37,0.5,0.03,2.5,propagule,2848,0,0,0.4824438202247191,True
8,1,38,0.5,0.03,2.5,propagule,2793,0,0,0.4815610454708199,True
8,1,39,0.5,0.03,2.5,propagule,2744,0,0,0.48177842565597667,True
8,1,40,0.5,0.03,2.5,propagule,2705,0,0,0.48539741219963034,True
8,1,41,0.5,0.03,2.5,propagule,2890,0,0,0.4847750865051903,True
8,1,42,0.5,0.03,2.5,propagule,2934,0,0,0.4887525562372188,True
8,1,43,0.5,0.03,2.5,propagule,2955,0,0,0.48460236886632824,True
8,1,44,0.5,0.03,2.5,propagule,2983,0,0,0.4870935300033523,True
8,1,45,0.5,0.03,2.5,propagule,3008,0,0,0.48138297872340424,True
8,1,46,0.5,0.03,2.5,propagule,2899,0,0,0.4874094515350121,True
8,1,47,0.5,0.03,2.5,propagule,2868,0,0,0.48779637377963736,True
8,1,48,0.5,0.03,2.5,propagule,2843,0,0,0.48927189588462894,True
8,1,49,0.5,0.03,2.5,propagule,2829,0,0,0.4913396960056557,True
8,1,50,0.5,0.03,2.5,propagule,2819,0,0,0.49059950336998936,True
8,1,51,0.5,0.03,2.5,propagule,2848,0,0,0.4943820224719101,True
8,1,52,0.5,0.03,2.5,propagule,2860,0,0,0.49230769230769234,True
8,2,1,0.5,0.03,2.5,propagule,2854,4,0,0.4943938332165382,False
8,2,2,0.5,0.03,2.5,propagule,2838,4,0,0.49718111346018323,False
8,2,3,0.5,0.03,2.5,propagule,2799,4,1,0.5005359056806002,False
8,2,4,0.5,0.03,2.5,propagule,2769,5,2,0.5034308414590105,False
8,2,5,0.5,0.03,2.5,propagule,2757,6,2,0.5030830612985129,False
8,2,6,0.5,0.03,2.5,propagule,2740,5,1,0.5062043795620438,False
8,2,7,0.5,0.03,2.5,propagule,2717,5,1,0.5027603974972396,False
8,2,8,0.5,0.03,2.5,propagule,2681,6,4,0.5076464005967922,False
8,2,9,0.5,0.03,2.5,propagule,2645,3,3,0.5073724007561436,False
8,2,10,0.5,0.03,2.5,propagule,2639,4,3,0.5070102311481622,False
8,2,11,0.5,0.03,2.5,propagule,2619,4,1,0.5116456662848415,False
8,2,12,0.5,0.03,2.5,propagule,2610,3,2,0.5134099616858238,False
8,2,13,0.5,0.03,2.5,propagule,2581,3,0,0.5184037194885703,False
8,2,14,0.5,0.03,2.5,propagule,2561,5,1,0.5212807497071457,False
8,2,15,0.5,0.03,2.5,propagule,2531,6,5,0.522718293164757,False
8,2,16,0.5,0.03,2.5,propagule,2505,3,2,0.5273453093812375,False
8,2,17,0.5,0.03,2.5,propagule,2479,3,2,0.527632109721662,False
8,2,18,0.5,0.03,2.5,propagule,4434,1,1,0.2938655841226883,False
8,2,19,0.5,0.03,2.5,propagule,4388,2,1,0.29762989972652687,False
8,2,20,0.5,0.03,2.5,propagule,4292,2,1,0.3000931966449208,False
8,2,21,0.5,0.03,2.5,propagule,4228,4,2,0.3029801324503311,False
8,2,22,0.5,0.03,2.5,propagule,4158,9,1,0.30808080808080807,False
8,2,23,0.5,0.03,2.5,propagule,4090,13,1,0.3110024449877751,False
8,2,24,0.5,0.03,2.5,propagule,3948,12,2,0.3161094224924012,False
8,2,25,0.5,0.03,2.5,propagule,3900,10,3,0.32051282051282054,False
8,2,26,0.5,0.03,2.5,propagule,3838,12,5,0.32073996873371546,False
8,2,27,0.5,0.03,2.5,propagule,3761,11,3,0.32571124700877424,False
8,2,28,0.5,0.03,2.5,propagule,3700,9,3,0.3281081081081081,False
8,2,29,0.5,0.03,2.5,propagule,3640,12,5,0.3304945054945055,False
8,2,30,0.5,0.03,2.5,propagule,3564,9,5,0.3338945005611672,False
8,2,31,0.5,0.03,2.5,propagule,3496,8,3,0.3392448512585812,False
8,2,32,0.5,0.03,2.5,propagule,3433,6,1,0.34372269152344886,False
8,2,33,0.5,0.03,2.5,propagule,3368,6,3,0.34768408551068886,False
8,2,34,0.5,0.03,2.5,propagule,3293,9,4,0.351958700273307,False
8,2,35,0.5,0.03,2.5,propagule,3234,6,3,0.5940012368583797,False
8,2,36,0.5,0.03,2.5,propagule,3192,6,4,0.5961779448621554,False
8,2,37,0.5,0.03,2.5,propagule,3124,6,3,0.6014724711907811,False
8,2,38,0.5,0.03,2.5,propagule,3085,4,1,0.6029173419773096,False
8,2,39,0.5,0.03,2.5,propagule,3051,3,1,0.6057030481809242,False
8,2,40,0.5,0.03,2.5,propagule,3014,4,2,0.6065029860650298,False
8,2,41,0.5,0.03,2.5,propagule,3131,5,2,0.6058767167039285,False
8,2,42,0.5,0.03,2.5,propagule,3108,5,2,0.6077863577863578,False
8,2,43,0.5,0.03,2.5,propagule,3083,6,3,0.6072007784625365,False
8,2,44,0.5,0.03,2.5,propagule,3077,6,3,0.6038349041273968,False
8,2,45,0.5,0.03,2.5,propagule,3061,5,2,0.601437438745508,False
8,2,46,0.5,0.03,2.5,propagule,2985,2,1,0.6040201005025125,False
8,2,47,0.5,0.03,2.5,propagule,2970,1,0,0.6037037037037037,False
8,2,48,0.5,0.03,2.5,propagule,2964,1,0,0.6056005398110661,False
8,2,49,0.5,0.03,2.5,propagule,2942,1,0,0.606050305914344,False
8,2,50,0.5,0.03,2.5,propagule,2929,1,1,0.6080573574598839,False
8,2,51,0.5,0.03,2.5,propagule,2905,2,1,0.6072289156626506,False
8,2,52,0.5,0.03,2.5,propagule,2887,1,1,0.6099757533772082,False
8,3,1,0.5,0.03,2.5,propagule,2875,1,1,0.6118260869565217,False
8,3,2,0.5,0.03,2.5,propagule,2840,0,0,0.6112676056338028,False
8,3,3,0.5,0.03,2.5,propagule,2804,0,0,0.609129814550642,False
8,3,4,0.5,0.03,2.5,propagule,2789,0,0,0.6113302258874148,False
8,3,5,0.5,0.03,2.5,propagule,2764,0,0,0.613603473227207,False
8,3,6,0.5,0.03,2.5,propagule,2739,0,0,0.6140927345746623,False
8,3,7,0.5,0.03,2.5,propagule,2720,0,0,0.6161764705882353,False
8,3,8,0.5,0.03,2.5,propagule,2701,0,0,0.6164383561643836,False
8,3,9,0.5,0.03,2.5,propagule,2680,0,0,0.6182835820895523,False
8,3,10,0.5,0.03,2.5,propagule,2658,0,0,0.6222723852520692,False
8,3,11,0.5,0.03,2.5,propagule,2648,0,0,0.6231117824773413,False
8,3,12,0.5,0.03,2.5,propagule,2620,0,0,0.6248091603053435,False
8,3,13,0.5,0.03,2.5,propagule,2603,0,0,0.6246638494045332,False
8,3,14,0.5,0.03,2.5,propagule,2574,0,0,0.6262626262626263,False
8,3,15,0.5,0.03,2.5,propagule,2560,0,0,0.628515625,False
8,3,16,0.5,0.03,2.5,propagule,2535,0,0,0.6284023668639053,False
8,3,17,0.5,0.03,2.5,propagule,2501,0,0,0.6281487405037984,False
8,3,18,0.5,0.03,2.5,propagule,5592,0,0,0.27968526466380544,False
8,3,19,0.5,0.03,2.5,propagule,5500,0,0,0.2821818181818182,False
8,3,20,0.5,0.03,2.5,propagule,5361,0,0,0.28408878940496174,False
8,3,21,0.5,0.03,2.5,propagule,5196,0,0,0.2882986913010008,False
8,3,22,0.5,0.03,2.5,propagule,5074,0,0,0.29444225463145446,False
8,3,23,0.5,0.03,2.5,propagule,4964,0,0,0.29572925060435135,False
8,3,24,0.5,0.03,2.5,propagule,4845,0,0,0.2998968008255934,False
8,3,25,0.5,0.03,2.5,propagule,4722,0,0,0.3047437526471834,False
8,3,26,0.5,0.03,2.5,propagule,4609,0,0,0.3098285962247776,False
8,3,27,0.5,0.03,2.5,propagule,4509,0,0,0.3115990241738745,False
8,3,28,0.5,0.03,2.5,propagule,4383,0,0,0.3153091489847137,False
8,3,29,0.5,0.03,2.5,propagule,4267,0,0,0.3196625263651277,False
8,3,30,0.5,0.03,2.5,propagule,4176,0,0,0.3218390804597701,False
8,3,31,0.5,0.03,2.5,propagule,4068,0,0,0.32595870206489674,False
8,3,32,0.5,0.03,2.5,propagule,4001,1,1,0.3319170207448138,False
8,3,33,0.5,0.03,2.5,propagule,3927,1,1,0.33511586452762926,False
8,3,34,0.5,0.03,2.5,propagule,3870,0,0,0.33772609819121446,False
8,3,35,0.5,0.03,2.5,propagule,3775,0,0,0.5642384105960265,False
8,3,36,0.5,0.03,2.5,propagule,3681,0,0,0.5675088291225211,False
8,3,37,0.5,0.03,2.5,propagule,3620,0,0,0.5682320441988951,False
8,3,38,0.5,0.03,2.5,propagule,3573,0,0,0.5701091519731318,False
8,3,39,0.5,0.03,2.5,propagule,3519,0,0,0.5726058539357772,False
8,3,40,0.5,0.03,2.5,propagule,3472,0,0,0.5734447004608295,False
8,3,41,0.5,0.03,2.5,propagule,3625,1,1,0.5754482758620689,False
8,3,42,0.5,0.03,2.5,propagule,3608,2,2,0.5792682926829268,False
8,3,43,0.5,0.03,2.5,propagule,3590,1,0,0.5754874651810585,False
8,3,44,0.5,0.03,2.5,propagule,3582,1,0,0.5725851479620324,False
8,3,45,0.5,0.03,2.5,propagule,3573,0,0,0.5726280436607892,False
8,3,46,0.5,0.03,2.5,propagule,3444,0,0,0.5734610917537747,False
8,3,47,0.5,0.03,2.5,propagule,3395,0,0,0.5796759941089838,False
8,3,48,0.5,0.03,2.5,propagule,3355,0,0,0.5773472429210134,False
8,3,49,0.5,0.03,2.5,propagule,3351,0,0,0.5783348254252462,False
8,3,50,0.5,0.03,2.5,propagule,3348,0,0,0.5791517323775388,False
8,3,51,0.5,0.03,2.5,propagule,3328,0,0,0.5790264423076923,False
8,3,52,0.5,0.03,2.5,propagule,3296,0,0,0.5804004854368932,False
8,4,1,0.5,0.03,2.5,propagule,3266,0,0,0.5799142682180036,False
8,4,2,0.5,0.03,2.5,propagule,3250,0,0,0.5818461538461538,False
8,4,3,0.5,0.03,2.5,propagule,3213,0,0,0.5826330532212886,False
8,4,4,0.5,0.03,2.5,propagule,3179,0,0,0.5857187794904057,False
8,4,5,0.5,0.03,2.5,propagule,3147,0,0,0.5872259294566253,False
8,4,6,0.5,0.03,2.5,propagule,3111,0,0,0.5898424943747991,False
8,4,7,0.5,0.03,2.5,propagule,3088,0,0,0.5897020725388601,False
8,4,8,0.5,0.03,2.5,propagule,3053,0,0,0.5908942024238454,False
8,4,9,0.5,0.03,2.5,propagule,3030,0,0,0.592079207920792,False
8,4,10,0.5,0.03,2.5,propagule,2998,0,0,0.5930620413609072,False
8,4,11,0.5,0.03,2.5,propagule,2978,0,0,0.5926796507723304,False
8,4,12,0.5,0.03,2.5,propagule,2946,0,0,0.593346911065852,False
8,4,13,0.5,0.03,2.5,propagule,2917,0,0,0.5951319849160096,False
8,4,14,0.5,0.03,2.5,propagule,2889,0,0,0.5957078573901003,False
8,4,15,0.5,0.03,2.5,propagule,2859,0,0,0.596362364463099,False
8,4,16,0.5,0.03,2.5,propagule,2829,0,0,0.5973842347119124,False
8,4,17,0.5,0.03,2.5,propagule,2791,0,0,0.599068434252956,False
8,4,18,0.5,0.03,2.5,propagule,5411,0,0,0.30659767141009053,False
8,4,19,0.5,0.03,2.5,propagule,5333,0,0,0.3088318019876242,False
8,4,20,0.5,0.03,2.5,propagule,5258,0,0,0.3117154811715481,False
8,4,21,0.5,0.03,2.5,propagule,5161,0,0,0.31602402635148225,False
8,4,22,0.5,0.03,2.5,propagule,5053,0,0,0.32020581832574707,False
8,4,23,0.5,0.03,2.5,propagule,4922,0,0,0.3256806176351077,False
8,4,24,0.5,0.03,2.5,propagule,4849,0,0,0.3287275726954011,False
8,4,25,0.5,0.03,2.5,propagule,4764,0,0,0.3343828715365239,False
8,4,26,0.5,0.03,2.5,propagule,4673,0,0,0.3378985662315429,False
8,4,27,0.5,0.03,2.5,propagule,4590,0,0,0.34248366013071896,False
8,4,28,0.5,0.03,2.5,propagule,4501,0,0,0.34658964674516773,False
8,4,29,0.5,0.03,2.5,propagule,4401,0,0,0.35151102022267666,False
8,4,30,0.5,0.03,2.5,propagule,4335,0,0,0.3534025374855825,False
8,4,31,0.5,0.03,2.5,propagule,4261,0,0,0.3553156536024407,False
8,4,32,0.5,0.03,2.5,propagule,4154,0,0,0.3589311506981223,False
8,4,33,0.5,0.03,2.5,propagule,4060,0,0,0.3640394088669951,False
8,4,34,0.5,0.03,2.5,propagule,3949,0,0,0.3666751076221828,False
8,4,35,0.5,0.03,2.5,propagule,3870,0,0,0.579328165374677,False
8,4,36,0.5,0.03,2.5,propagule,3809,0,0,0.5844053557364137,False
8,4,37,0.5,0.03,2.5,propagule,3750,0,0,0.5877333333333333,False
8,4,38,0.5,0.03,2.5,propagule,3703,0,0,0.5903321631109911,False
8,4,39,0.5,0.03,2.5,propagule,3658,0,0,0.5918534718425369,False
8,4,40,0.5,0.03,2.5,propagule,3612,0,0,0.5921926910299004,False
8,4,41,0.5,0.03,2.5,propagule,3720,4,2,0.5967741935483871,False
8,4,42,0.5,0.03,2.5,propagule,3731,2,0,0.5955507906727419,False
8,4,43,0.5,0.03,2.5,propagule,3688,1,0,0.5940889370932755,False
8,4,44,0.5,0.03,2.5,propagule,3632,2,0,0.5974669603524229,False
8,4,45,0.5,0.03,2.5,propagule,3651,2,1,0.5957271980279375,False
8,4,46,0.5,0.03,2.5,propagule,3547,2,1,0.5971243304200733,False
8,4,47,0.5,0.03,2.5,propagule,3502,1,1,0.5990862364363221,False
8,4,48,0.5,0.03,2.5,propagule,3496,3,1,0.5969679633867276,False
8,4,49,0.5,0.03,2.5,propagule,3495,2,0,0.5965665236051502,False
8,4,50,0.5,0.03,2.5,propagule,3486,2,0,0.5972461273666093,False
8,4,51,0.5,0.03,2.5,propagule,3463,2,1,0.5974588507074791,False
8,4,52,0.5,0.03,2.5,propagule,3435,5,2,0.5973799126637555,False
8,5,1,0.5,0.03,2.5,propagule,3406,6,2,0.598062243100411,False
8,5,2,0.5,0.03,2.5,propagule,3373,5,3,0.5997628224132819,False
8,5,3,0.5,0.03,2.5,propagule,3341,4,4,0.6016162825501347,False
8,5,4,0.5,0.03,2.5,propagule,3311,2,2,0.6025369978858351,False
8,5,5,0.5,0.03,2.5,propagule,3269,0,0,0.6041602936677883,False
8,5,6,0.5,0.03,2.5,propagule,3237,0,0,0.6048810627123881,False
8,5,7,0.5,0.03,2.5,propagule,3206,0,0,0.6066749844042421,False
8,5,8,0.5,0.03,2.5,propagule,3170,0,0,0.6091482649842271,False
8,5,9,0.5,0.03,2.5,propagule,3147,0,0,0.6091515729265967,False
8,5,10,0.5,0.03,2.5,propagule,3124,0,0,0.6091549295774648,False
8,5,11,0.5,0.03,2.5,propagule,3083,0,0,0.6101200129743756,False
8,5,12,0.5,0.03,2.5,propagule,3044,0,0,0.6113666228646518,False
8,5,13,0.5,0.03,2.5,propagule,3018,0,0,0.6116633532140491,False
8,5,14,0.5,0.03,2.5,propagule,2977,0,0,0.6116896204232449,False
8,5,15,0.5,0.03,2.5,propagule,2942,0,0,0.6118286879673691,False
8,5,16,0.5,0.03,2.5,propagule,2910,0,0,0.6130584192439863,False
8,5,17,0.5,0.03,2.5,propagule,2878,0,0,0.6111883252258513,False
8,5,18,0.5,0.03,2.5,propagule,5904,0,0,0.29708672086720866,False
8,5,19,0.5,0.03,2.5,propagule,5839,0,0,0.29936632985100187,False
8,5,20,0.5,0.03,2.5,propagule,5734,0,0,0.30345308685036626,False
8,5,21,0.5,0.03,2.5,propagule,5589,0,0,0.3097155126140633,False
8,5,22,0.5,0.03,2.5,propagule,5492,0,0,0.3120903131828114,False
8,5,23,0.5,0.03,2.5,propagule,5364,0,0,0.3167412378821775,False
8,5,24,0.5,0.03,2.5,propagule,5270,0,0,0.3191650853889943,False
8,5,25,0.5,0.03,2.5,propagule,5170,0,0,0.320889748549323,False
8,5,26,0.5,0.03,2.5,propagule,5070,0,0,0.3240631163708087,False
8,5,27,0.5,0.03,2.5,propagule,4922,0,0,0.32750914262494923,False
8,5,28,0.5,0.03,2.5,propagule,4794,0,0,0.3333333333333333,False
8,5,29,0.5,0.03,2.5,propagule,4701,0,0,0.33652414379919166,False
8,5,30,0.5,0.03,2.5,propagule,4602,0,0,0.33833116036505867,False
8,5,31,0.5,0.03,2.5,propagule,4490,0,0,0.3420935412026726,False
8,5,32,0.5,0.03,2.5,propagule,4381,1,1,0.3469527505135814,False
8,5,33,0.5,0.03,2.5,propagule,4281,1,1,0.3510861948142957,False
8,5,34,0.5,0.03,2.5,propagule,4164,0,0,0.3559077809798271,False
8,5,35,0.5,0.03,2.5,propagule,4086,0,0,0.5734214390602056,False
8,5,36,0.5,0.03,2.5,propagule,4026,0,0,0.5745156482861401,False
8,5,37,0.5,0.03,2.5,propagule,3947,0,0,0.5784139853052952,False
8,5,38,0.5,0.03,2.5,propagule,3897,0,0,0.5791634590710804,False
8,5,39,0.5,0.03,2.5,propagule,3829,0,0,0.5805693392530686,False
8,5,40,0.5,0.03,2.5,propagule,3789,0,0,0.5837951966217999,False
8,5,41,0.5,0.03,2.5,propagule,4021,0,0,0.5849291221089281,False
8,5,42,0.5,0.03,2.5,propagule,4019,1,1,0.5839761134610599,False
8,5,43,0.5,0.03,2.5,propagule,3995,1,0,0.5872340425531914,False
8,5,44,0.5,0.03,2.5,propagule,4026,4,1,0.5844510680576255,False
8,5,45,0.5,0.03,2.5,propagule,4004,3,0,0.5876623376623377,False
8,5,46,0.5,0.03,2.5,propagule,3882,2,0,0.586038124678001,False
8,5,47,0.5,0.03,2.5,propagule,3870,2,1,0.586046511627907,False
8,5,48,0.5,0.03,2.5,propagule,3884,2,2,0.5854788877445932,False
8,5,49,0.5,0.03,2.5,propagule,3880,1,1,0.5873711340206186,False
8,5,50,0.5,0.03,2.5,propagule,3839,0,0,0.5892159416514717,False
8,5,51,0.5,0.03,2.5,propagule,3824,0,0,0.5899581589958159,False
8,5,52,0.5,0.03,2.5,propagule,3782,0,0,0.5906927551560022,False
8,6,1,0.5,0.03,2.5,propagule,3752,0,0,0.5900852878464818,False
8,6,2,0.5,0.03,2.5,propagule,3737,0,0,0.5924538399785925,False
8,6,3,0.5,0.03,2.5,propagule,3713,0,0,0.5957446808510638,False
8,6,4,0.5,0.03,2.5,propagule,3685,0,0,0.5959294436906377,False
8,6,5,0.5,0.03,2.5,propagule,3645,0,0,0.5964334705075446,False
8,6,6,0.5,0.03,2.5,propagule,3608,0,0,0.5978381374722838,False
8,6,7,0.5,0.03,2.5,propagule,3587,0,0,0.6005018120992472,False
8,6,8,0.5,0.03,2.5,propagule,3552,0,0,0.6024774774774775,False
8,6,9,0.5,0.03,2.5,propagule,3525,0,0,0.6031205673758865,False
8,6,10,0.5,0.03,2.5,propagule,3492,0,0,0.6025200458190149,False
8,6,11,0.5,0.03,2.5,propagule,3457,0,0,0.6045704367949088,False
8,6,12,0.5,0.03,2.5,propagule,3425,0,0,0.6058394160583942,False
8,6,13,0.5,0.03,2.5,propagule,3395,0,0,0.6061855670103092,False
8,6,14,0.5,0.03,2.5,propagule,3360,0,0,0.6074404761904761,False
8,6,15,0.5,0.03,2.5,propagule,3323,0,0,0.609690039121276,False
8,6,16,0.5,0.03,2.5,propagule,3285,0,0,0.6097412480974125,False
8,6,17,0.5,0.03,2.5,propagule,3248,0,0,0.6080665024630542,False
8,6,18,0.5,0.03,2.5,propagule,6717,0,0,0.29239243709989576,False
8,6,19,0.5,0.03,2.5,propagule,6623,0,0,0.29473048467461876,False
8,6,20,0.5,0.03,2.5,propagule,6509,0,0,0.29789522200030727,False
8,6,21,0.5,0.03,2.5,propagule,6361,0,0,0.3021537494104701,False
8,6,22,0.5,0.03,2.5,propagule,6216,0,0,0.3055019305019305,False
8,6,23,0.5,0.03,2.5,propagule,6078,0,0,0.3066798288910826,False
8,6,24,0.5,0.03,2.5,propagule,5962,0,0,0.3123113049312311,False
8,6,25,0.5,0.03,2.5,propagule,5874,0,0,0.31409601634320733,False
8,6,26,0.5,0.03,2.5,propagule,5764,0,0,0.3181818181818182,False
8,6,27,0.5,0.03,2.5,propagule,5655,1,1,0.32130857648099026,False
8,6,28,0.5,0.03,2.5,propagule,5543,1,1,0.324914306332311,False
8,6,29,0.5,0.03,2.5,propagule,5407,0,0,0.3284631033845016,False
8,6,30,0.5,0.03,2.5,propagule,5286,0,0,0.3337116912599319,False
8,6,31,0.5,0.03,2.5,propagule,5175,0,0,0.3391304347826087,False
8,6,32,0.5,0.03,2.5,propagule,5055,0,0,0.34500494559841743,False
8,6,33,0.5,0.03,2.5,propagule,4953,0,0,0.3496870583484757,False
8,6,34,0.5,0.03,2.5,propagule,4823,0,0,0.35123367198838895,False
8,6,35,0.5,0.03,2.5,propagule,4738,0,0,0.5666948079358379,False
8,6,36,0.5,0.03,2.5,propagule,4669,0,0,0.5692867851788391,False
8,6,37,0.5,0.03,2.5,propagule,4585,0,0,0.5749182115594329,False
8,6,38,0.5,0.03,2.5,propagule,4538,0,0,0.5753635962979285,False
8,6,39,0.5,0.03,2.5,propagule,4471,1,0,0.5768284500111832,False
8,6,40,0.5,0.03,2.5,propagule,4398,1,0,0.5779899954524784,False
8,6,41,0.5,0.03,2.5,propagule,4593,5,3,0.5800130633572829,False
8,6,42,0.5,0.03,2.5,propagule,4602,6,4,0.5780095610604086,False
8,6,43,0.5,0.03,2.5,propagule,4608,1,0,0.5774739583333334,False
8,6,44,0.5,0.03,2.5,propagule,4580,1,1,0.5812227074235807,False
8,6,45,0.5,0.03,2.5,propagule,4562,3,1,0.5800087680841736,False
8,6,46,0.5,0.03,2.5,propagule,4410,1,0,0.5836734693877551,False
8,6,47,0.5,0.03,2.5,propagule,4360,1,0,0.5814220183486238,False
8,6,48,0.5,0.03,2.5,propagule,4312,2,0,0.5827922077922078,False
8,6,49,0.5,0.03,2.5,propagule,4292,2,1,0.5852749301025163,False
8,6,50,0.5,0.03,2.5,propagule,4248,1,0,0.5880414312617702,False
8,6,51,0.5,0.03,2.5,propagule,4212,1,0,0.5887939221272555,False
8,6,52,0.5,0.03,2.5,propagule,4174,1,1,0.5898418782942022,False
8,7,1,0.5,0.03,2.5,propagule,4151,1,1,0.5902192242833052,False
8,7,2,0.5,0.03,2.5,propagule,4132,0,0,0.590513068731849,False
8,7,3,0.5,0.03,2.5,propagule,4076,0,0,0.5920019627085378,False
8,7,4,0.5,0.03,2.5,propagule,4025,0,0,0.5942857142857143,False
8,7,5,0.5,0.03,2.5,propagule,3956,0,0,0.5930232558139535,False
8,7,6,0.5,0.03,2.5,propagule,3913,0,0,0.5936621518016867,False
8,7,7,0.5,0.03,2.5,propagule,3861,0,0,0.5962185962185962,False
8,7,8,0.5,0.03,2.5,propagule,3815,0,0,0.5992136304062909,False
8,7,9,0.5,0.03,2.5,propagule,3764,0,0,0.6022848034006376,False
8,7,10,0.5,0.03,2.5,propagule,3703,0,0,0.6046448825276802,False
8,7,11,0.5,0.03,2.5,propagule,3651,0,0,0.6058614078334703,False
8,7,12,0.5,0.03,2.5,propagule,3613,1,0,0.6069748131746471,False
8,7,13,0.5,0.03,2.5,propagule,3576,1,1,0.6082214765100671,False
8,7,14,0.5,0.03,2.5,propagule,3542,1,1,0.6103896103896104,False
8,7,15,0.5,0.03,2.5,propagule,3502,0,0,0.6102227298686465,False
8,7,16,0.5,0.03,2.5,propagule,3461,0,0,0.61167292689974,False
8,7,17,0.5,0.03,2.5,propagule,3433,0,0,0.6134576172443926,False
8,7,18,0.5,0.03,2.5,propagule,7136,0,0,0.2942825112107623,False
8,7,19,0.5,0.03,2.5,propagule,7011,0,0,0.29510768791898445,False
8,7,20,0.5,0.03,2.5,propagule,6770,0,0,0.29911373707533234,False
8,7,21,0.5,0.03,2.5,propagule,6596,0,0,0.30306246209824134,False
8,7,22,0.5,0.03,2.5,propagule,6465,0,0,0.30502706883217323,False
8,7,23,0.5,0.03,2.5,propagule,6291,0,0,0.309171832776983,False
8,7,24,0.5,0.03,2.5,propagule,6149,0,0,0.31322166205887136,False
8,7,25,0.5,0.03,2.5,propagule,6031,0,0,0.3160338252362792,False
8,7,26,0.5,0.03,2.5,propagule,5922,0,0,0.3203309692671395,False
8,7,27,0.5,0.03,2.5,propagule,5823,0,0,0.3228576335222394,False
8,7,28,0.5,0.03,2.5,propagule,5706,0,0,0.3256221521205748,False
8,7,29,0.5,0.03,2.5,propagule,5599,0,0,0.3297017324522236,False
8,7,30,0.5,0.03,2.5,propagule,5466,0,0,0.3344310281741676,False
8,7,31,0.5,0.03,2.5,propagule,5325,0,0,0.3393427230046948,False
8,7,32,0.5,0.03,2.5,propagule,5225,0,0,0.34373205741626794,False
8,7,33,0.5,0.03,2.5,propagule,5151,0,0,0.3465346534653465,False
8,7,34,0.5,0.03,2.5,propagule,5048,0,0,0.35241679873217113,False
8,7,35,0.5,0.03,2.5,propagule,4952,0,0,0.571486268174475,False
8,7,36,0.5,0.03,2.5,propagule,4834,0,0,0.5748862225899876,False
8,7,37,0.5,0.03,2.5,propagule,4746,0,0,0.5794353139485883,False
8,7,38,0.5,0.03,2.5,propagule,4689,0,0,0.5798677756451269,False
8,7,39,0.5,0.03,2.5,propagule,4627,0,0,0.5833153231035229,False
8,7,40,0.5,0.03,2.5,propagule,4574,0,0,0.5843900306077832,False
8,7,41,0.5,0.03,2.5,propagule,4776,1,0,0.5852177554438861,False
8,7,42,0.5,0.03,2.5,propagule,4820,1,0,0.5842323651452282,False
8,7,43,0.5,0.03,2.5,propagule,4783,0,0,0.5877064603805143,False
8,7,44,0.5,0.03,2.5,propagule,4735,0,0,0.5816261879619852,False
8,7,45,0.5,0.03,2.5,propagule,4698,0,0,0.5866326096211154,False
8,7,46,0.5,0.03,2.5,propagule,4524,0,0,0.5881962864721485,False
8,7,47,0.5,0.03,2.5,propagule,4465,0,0,0.5901455767077267,False
8,7,48,0.5,0.03,2.5,propagule,4403,0,0,0.5902793549852373,False
8,7,49,0.5,0.03,2.5,propagule,4365,0,0,0.5928980526918671,True
8,7,50,0.5,0.03,2.5,propagule,4300,0,0,0.5930232558139535,True
8,7,51,0.5,0.03,2.5,propagule,4250,0,0,0.5952941176470589,True
8,7,52,0.5,0.03,2.5,propagule,4187,0,0,0.5958920468115596,True
8,8,1,0.5,0.03,2.5,propagule,4151,0,0,0.5974463984582028,False
8,8,2,0.5,0.03,2.5,propagule,4108,0,0,0.5990749756572541,False
8,8,3,0.5,0.03,2.5,propagule,4054,0,0,0.5996546620621608,False
8,8,4,0.5,0.03,2.5,propagule,3998,0,0,0.602551275637819,False
8,8,5,0.5,0.03,2.5,propagule,3944,0,0,0.6037018255578094,False
8,8,6,0.5,0.03,2.5,propagule,3904,1,0,0.6050204918032787,False
8,8,7,0.5,0.03,2.5,propagule,3852,1,0,0.6082554517133957,False
8,8,8,0.5,0.03,2.5,propagule,3820,1,1,0.6102094240837697,False
8,8,9,0.5,0.03,2.5,propagule,3792,1,1,0.6099683544303798,False
8,8,10,0.5,0.03,2.5,propagule,3759,0,0,0.610268688480979,False
8,8,11,0.5,0.03,2.5,propagule,3727,0,0,0.6128253286825865,False
8,8,12,0.5,0.03,2.5,propagule,3700,0,0,0.6148648648648649,False
8,8,13,0.5,0.03,2.5,propagule,3660,0,0,0.6158469945355192,False
8,8,14,0.5,0.03,2.5,propagule,3612,0,0,0.6179401993355482,False
8,8,15,0.5,0.03,2.5,propagule,3581,0,0,0.6191008098296565,False
8,8,16,0.5,0.03,2.5,propagule,3538,0,0,0.6209723007348784,False
8,8,17,0.5,0.03,2.5,propagule,3517,1,0,0.6201307932897355,False
8,8,18,0.5,0.03,2.5,propagule,7408,1,0,0.2937365010799136,False
8,8,19,0.5,0.03,2.5,propagule,7319,1,0,0.2953955458395956,False
8,8,20,0.5,0.03,2.5,propagule,7183,1,0,0.2980648754002506,False
8,8,21,0.5,0.03,2.5,propagule,7047,1,1,0.30197247055484605,False
8,8,22,0.5,0.03,2.5,propagule,6887,2,1,0.30521271961666907,False
8,8,23,0.5,0.03,2.5,propagule,6718,1,0,0.3093182494790116,False
8,8,24,0.5,0.03,2.5,propagule,6532,1,0,0.31414574402939377,False
8,8,25,0.5,0.03,2.5,propagule,6374,1,0,0.31879510511452774,False
8,8,26,0.5,0.03,2.5,propagule,6251,1,0,0.3205887058070709,False
8,8,27,0.5,0.03,2.5,propagule,6114,1,0,0.32482826300294404,False
8,8,28,0.5,0.03,2.5,propagule,6002,1,1,0.3283905364878374,False
8,8,29,0.5,0.03,2.5,propagule,5891,3,1,0.332031913087761,False
8,8,30,0.5,0.03,2.5,propagule,5783,2,0,0.33442849731973023,False
8,8,31,0.5,0.03,2.5,propagule,5663,2,0,0.33833657072223206,False
8,8,32,0.5,0.03,2.5,propagule,5545,2,1,0.3417493237150586,False
8,8,33,0.5,0.03,2.5,propagule,5427,3,1,0.3464160678091026,False
8,8,34,0.5,0.03,2.5,propagule,5312,2,0,0.34958584337349397,False
8,8,35,0.5,0.03,2.5,propagule,5204,2,0,0.5643735588009223,False
8,8,36,0.5,0.03,2.5,propagule,5124,2,1,0.5667447306791569,False
8,8,37,0.5,0.03,2.5,propagule,5036,3,1,0.56791104050834,False
8,8,38,0.5,0.03,2.5,propagule,4979,2,0,0.5689897569793131,False
8,8,39,0.5,0.03,2.5,propagule,4903,2,2,0.5690393636549052,False
8,8,40,0.5,0.03,2.5,propagule,4834,2,2,0.5701282581712868,False
8,8,41,0.5,0.03,2.5,propagule,5093,0,0,0.5788336933045356,False
8,8,42,0.5,0.03,2.5,propagule,5134,1,0,0.5757693805999221,False
8,8,43,0.5,0.03,2.5,propagule,5099,0,0,0.5769758776230633,False
8,8,44,0.5,0.03,2.5,propagule,5102,0,0,0.573108584868679,False
8,8,45,0.5,0.03,2.5,propagule,5050,0,0,0.5742574257425742,False
8,8,46,0.5,0.03,2.5,propagule,4850,0,0,0.5731958762886598,False
8,8,47,0.5,0.03,2.5,propagule,4784,0,0,0.574623745819398,True
8,8,48,0.5,0.03,2.5,propagule,4739,0,0,0.577125975944292,True
8,8,49,0.5,0.03,2.5,propagule,4723,0,0,0.57865763286047,True
8,8,50,0.5,0.03,2.5,propagule,4701,0,0,0.5796639012975963,True
8,8,51,0.5,0.03,2.5,propagule,4665,0,0,0.5813504823151125,True
8,8,52,0.5,0.03,2.5,propagule,4635,0,0,0.5840345199568501,False
8,9,1,0.5,0.03,2.5,propagule,4616,0,0,0.5836221837088388,False
8,9,2,0.5,0.03,2.5,propagule,4579,2,1,0.5857174055470626,False
8,9,3,0.5,0.03,2.5,propagule,4543,2,0,0.5870570107858244,False
8,9,4,0.5,0.03,2.5,propagule,4491,1,0,0.5898463593854375,False
8,9,5,0.5,0.03,2.5,propagule,4441,3,2,0.589732042332808,False
8,9,6,0.5,0.03,2.5,propagule,4392,5,2,0.5919854280510018,False
8,9,7,0.5,0.03,2.5,propagule,4359,3,1,0.595090617114017,False
8,9,8,0.5,0.03,2.5,propagule,4319,5,2,0.5957397545728178,False
8,9,9,0.5,0.03,2.5,propagule,4276,5,3,0.598690364826941,False
8,9,10,0.5,0.03,2.5,propagule,4241,8,2,0.6005659042678614,False
8,9,11,0.5,0.03,2.5,propagule,4211,6,0,0.6024697221562574,False
8,9,12,0.5,0.03,2.5,propagule,4164,8,1,0.6027857829010567,False
8,9,13,0.5,0.03,2.5,propagule,4104,7,4,0.6057504873294347,False
8,9,14,0.5,0.03,2.5,propagule,4067,9,4,0.6078190312269486,False
8,9,15,0.5,0.03,2.5,propagule,4026,8,2,0.6095380029806259,False
8,9,16,0.5,0.03,2.5,propagule,3993,8,2,0.609817180065114,False
8,9,17,0.5,0.03,2.5,propagule,3961,8,2,0.6124715980812926,False
8,9,18,0.5,0.03,2.5,propagule,7914,10,4,0.2970684862269396,False
8,9,19,0.5,0.03,2.5,propagule,7818,24,4,0.29956510616525966,False
8,9,20,0.5,0.03,2.5,propagule,7669,29,2,0.3030382057634633,False
8,9,21,0.5,0.03,2.5,propagule,7540,40,6,0.30676392572944294,False
8,9,22,0.5,0.03,2.5,propagule,7404,45,14,0.3110480821177742,False
8,9,23,0.5,0.03,2.5,propagule,7261,48,18,0.315796722214571,False
8,9,24,0.5,0.03,2.5,propagule,7127,46,14,0.3194892661708994,False
8,9,25,0.5,0.03,2.5,propagule,7009,47,13,0.3240119845912398,False
8,9,26,0.5,0.03,2.5,propagule,6875,55,26,0.3271272727272727,False
8,9,27,0.5,0.03,2.5,propagule,6732,55,24,0.33110516934046347,False
8,9,28,0.5,0.03,2.5,propagule,6571,42,18,0.33739156901537054,False
8,9,29,0.5,0.03,2.5,propagule,6436,42,15,0.3401180857675575,False
8,9,30,0.5,0.03,2.5,propagule,6292,40,18,0.3448823903369358,False
8,9,31,0.5,0.03,2.5,propagule,6173,42,20,0.3502348938927588,False
8,9,32,0.5,0.03,2.5,propagule,6050,35,15,0.35619834710743803,False
8,9,33,0.5,0.03,2.5,propagule,5955,31,15,0.3588581024349286,False
8,9,34,0.5,0.03,2.5,propagule,5839,28,16,0.36221955814351775,False
8,9,35,0.5,0.03,2.5,propagule,5691,26,11,0.5768757687576875,False
8,9,36,0.5,0.03,2.5,propagule,5543,18,5,0.5805520476276385,False
8,9,37,0.5,0.03,2.5,propagule,5432,25,4,0.5839469808541974,False
8,9,38,0.5,0.03,2.5,propagule,5346,23,8,0.586606808829031,False
8,9,39,0.5,0.03,2.5,propagule,5282,25,11,0.5867095797046573,False
8,9,40,0.5,0.03,2.5,propagule,5212,23,9,0.5876822716807367,False
8,9,41,0.5,0.03,2.5,propagule,5577,25,10,0.5911780527165142,False
8,9,42,0.5,0.03,2.5,propagule,5608,23,10,0.5934379457917262,False
8,9,43,0.5,0.03,2.5,propagule,5561,22,5,0.5912605646466463,False
8,9,44,0.5,0.03,2.5,propagule,5533,19,4,0.5904572564612326,False
8,9,45,0.5,0.03,2.5,propagule,5504,17,8,0.5930232558139535,False
8,9,46,0.5,0.03,2.5,propagule,5244,16,8,0.5983981693363845,False
8,9,47,0.5,0.03,2.5,propagule,5168,14,4,0.6029411764705882,False
8,9,48,0.5,0.03,2.5,propagule,5109,11,5,0.6042278332354668,False
8,9,49,0.5,0.03,2.5,propagule,5039,11,6,0.6068664417543164,False
8,9,50,0.5,0.03,2.5,propagule,4979,8,3,0.6079534042980518,False
8,9,51,0.5,0.03,2.5,propagule,4934,7,5,0.6084312930685043,False
8,9,52,0.5,0.03,2.5,propagule,4905,8,5,0.6120285423037717,False
8,10,1,0.5,0.03,2.5,propagule,4850,9,4,0.6131958762886598,False
8,10,2,0.5,0.03,2.5,propagule,4786,10,5,0.6136648558295027,False
8,10,3,0.5,0.03,2.5,propagule,4748,7,2,0.6133108677337826,False
8,10,4,0.5,0.03,2.5,propagule,4696,5,2,0.6135008517887564,False
8,10,5,0.5,0.03,2.5,propagule,4641,6,3,0.6147382029734971,False
8,10,6,0.5,0.03,2.5,propagule,4599,5,3,0.614046531854751,False
8,10,7,0.5,0.03,2.5,propagule,4551,5,3,0.6163480553724456,False
8,10,8,0.5,0.03,2.5,propagule,4509,4,1,0.6196495897094699,False
8,10,9,0.5,0.03,2.5,propagule,4455,3,0,0.6210998877665544,False
8,10,10,0.5,0.03,2.5,propagule,4409,4,1,0.623043774098435,False
8,10,11,0.5,0.03,2.5,propagule,4385,3,2,0.623945267958951,False
8,10,12,0.5,0.03,2.5,propagule,4341,2,1,0.6249712047915227,False
8,10,13,0.5,0.03,2.5,propagule,4298,1,0,0.6258724988366682,False
8,10,14,0.5,0.03,2.5,propagule,4256,1,1,0.6278195488721805,False
8,10,15,0.5,0.03,2.5,propagule,4218,3,1,0.6284969179706021,False
8,10,16,0.5,0.03,2.5,propagule,4178,2,0,0.6304451890856869,False
8,10,17,0.5,0.03,2.5,propagule,4136,2,0,0.632495164410058,False
8,10,18,0.5,0.03,2.5,propagule,8629,2,1,0.2982964422296906,False
8,10,19,0.5,0.03,2.5,propagule,8515,8,1,0.30111567821491486,False
8,10,20,0.5,0.03,2.5,propagule,8368,7,2,0.30401529636711283,False
8,10,21,0.5,0.03,2.5,propagule,8248,13,2,0.30746847720659554,False
8,10,22,0.5,0.03,2.5,propagule,8087,11,3,0.3111166068999629,False
8,10,23,0.5,0.03,2.5,propagule,7929,18,3,0.3156766300920671,False
8,10,24,0.5,0.03,2.5,propagule,7781,21,6,0.32001028145482585,False
8,10,25,0.5,0.03,2.5,propagule,7597,29,8,0.3226273529024615,False
8,10,26,0.5,0.03,2.5,propagule,7372,26,7,0.3281334780249593,False
8,10,27,0.5,0.03,2.5,propagule,7204,31,11,0.332870627429206,False
8,10,28,0.5,0.03,2.5,propagule,6998,40,15,0.33823949699914263,False
8,10,29,0.5,0.03,2.5,propagule,6824,35,19,0.34232121922626024,False
8,10,30,0.5,0.03,2.5,propagule,6646,33,18,0.3484802888955763,False
8,10,31,0.5,0.03,2.5,propagule,6483,27,14,0.35338577818911,False
8,10,32,0.5,0.03,2.5,propagule,6352,27,12,0.35642317380352645,False
8,10,33,0.5,0.03,2.5,propagule,6219,24,7,0.36034732272069464,False
8,10,34,0.5,0.03,2.5,propagule,6089,23,6,0.3637707341106914,False
8,10,35,0.5,0.03,2.5,propagule,5971,23,8,0.5720984759671747,False
8,10,36,0.5,0.03,2.5,propagule,5871,21,9,0.5748594787940725,False
8,10,37,0.5,0.03,2.5,propagule,5769,16,7,0.578263130525221,False
8,10,38,0.5,0.03,2.5,propagule,5695,10,8,0.5801580333625987,False
8,10,39,0.5,0.03,2.5,propagule,5639,10,8,0.58077673346338,False
8,10,40,0.5,0.03,2.5,propagule,5577,8,2,0.5836471221086605,False
8,10,41,0.5,0.03,2.5,propagule,5900,10,2,0.5859322033898305,False
8,10,42,0.5,0.03,2.5,propagule,5948,13,5,0.5857431069266981,False
8,10,43,0.5,0.03,2.5,propagule,5937,10,2,0.585144012127337,False
8,10,44,0.5,0.03,2.5,propagule,5872,11,5,0.5895776566757494,False
8,10,45,0.5,0.03,2.5,propagule,5854,13,6,0.5878032114793303,False
8,10,46,0.5,0.03,2.5,propagule,5625,10,3,0.5866666666666667,False
8,10,47,0.5,0.03,2.5,propagule,5505,7,0,0.5887375113533152,False
8,10,48,0.5,0.03,2.5,propagule,5451,7,2,0.5905338470005503,False
8,10,49,0.5,0.03,2.5,propagule,5406,9,4,0.5913799482056974,False
8,10,50,0.5,0.03,2.5,propagule,5371,11,5,0.5920685161050083,False
8,10,51,0.5,0.03,2.5,propagule,5333,12,5,0.5949746859178698,False
8,10,52,0.5,0.03,2.5,propagule,5296,9,4,0.597809667673716,False
8,11,1,0.5,0.03,2.5,propagule,5240,9,2,0.6017175572519083,False
8,11,2,0.5,0.03,2.5,propagule,5206,7,3,0.6046868997310795,False
8,11,3,0.5,0.03,2.5,propagule,5154,9,3,0.6041909196740396,False
8,11,4,0.5,0.03,2.5,propagule,5102,9,3,0.6062328498627989,False
8,11,5,0.5,0.03,2.5,propagule,5067,8,4,0.6066706137754095,False
8,11,6,0.5,0.03,2.5,propagule,5007,8,2,0.6079488715797883,False
8,11,7,0.5,0.03,2.5,propagule,4956,5,2,0.6089588377723971,False
8,11,8,0.5,0.03,2.5,propagule,4911,5,3,0.6122989207900631,False
8,11,9,0.5,0.03,2.5,propagule,4865,3,3,0.6127440904419321,False
8,11,10,0.5,0.03,2.5,propagule,4819,2,2,0.6142353185308155,False
8,11,11,0.5,0.03,2.5,propagule,4776,0,0,0.6178810720268006,False
8,11,12,0.5,0.03,2.5,propagule,4754,0,0,0.6184265881363062,False
8,11,13,0.5,0.03,2.5,propagule,4723,0,0,0.6199449502434893,False
8,11,14,0.5,0.03,2.5,propagule,4667,0,0,0.6209556460252839,False
8,11,15,0.5,0.03,2.5,propagule,4628,0,0,0.6227312013828867,False
8,11,16,0.5,0.03,2.5,propagule,4564,0,0,0.6244522348816828,False
8,11,17,0.5,0.03,2.5,propagule,4519,0,0,0.6264660323080328,False
8,11,18,0.5,0.03,2.5,propagule,9238,0,0,0.29811647542758174,False
8,11,19,0.5,0.03,2.5,propagule,9131,0,0,0.3009527981601139,False
8,11,20,0.5,0.03,2.5,propagule,8984,0,0,0.30376224398931434,False
8,11,21,0.5,0.03,2.5,propagule,8822,0,0,0.3068465200634777,False
8,11,22,0.5,0.03,2.5,propagule,8648,0,0,0.31093894542090655,False
8,11,23,0.5,0.03,2.5,propagule,8464,0,0,0.31568998109640833,False
8,11,24,0.5,0.03,2.5,propagule,8275,0,0,0.3204833836858006,False
8,11,25,0.5,0.03,2.5,propagule,8103,0,0,0.32395409107737877,False
8,11,26,0.5,0.03,2.5,propagule,7973,1,0,0.3257243195785777,False
8,11,27,0.5,0.03,2.5,propagule,7793,0,0,0.32888489670216864,False
8,11,28,0.5,0.03,2.5,propagule,7632,0,0,0.33372641509433965,False
8,11,29,0.5,0.03,2.5,propagule,7504,0,0,0.33755330490405117,False
8,11,30,0.5,0.03,2.5,propagule,7399,0,0,0.3413974861467766,False
8,11,31,0.5,0.03,2.5,propagule,7267,0,0,0.3453970001376084,False
8,11,32,0.5,0.03,2.5,propagule,7131,0,0,0.34791754312158185,False
8,11,33,0.5,0.03,2.5,propagule,6935,0,0,0.3537130497476568,False
8,11,34,0.5,0.03,2.5,propagule,6765,0,0,0.36038433111603846,False
8,11,35,0.5,0.03,2.5,propagule,6644,0,0,0.568783865141481,False
8,11,36,0.5,0.03,2.5,propagule,6525,0,0,0.5701149425287356,False
8,11,37,0.5,0.03,2.5,propagule,6413,0,0,0.57102760018712,False
8,11,38,0.5,0.03,2.5,propagule,6316,0,0,0.5726725775807473,False
8,11,39,0.5,0.03,2.5,propagule,6241,0,0,0.5747476365966993,False
8,11,40,0.5,0.03,2.5,propagule,6163,0,0,0.5769917248093461,False
8,11,41,0.5,0.03,2.5,propagule,6462,5,3,0.5792324357783968,False
8,11,42,0.5,0.03,2.5,propagule,6451,3,2,0.5814602387226786,False
8,11,43,0.5,0.03,2.5,propagule,6390,2,1,0.5841940532081377,False
8,11,44,0.5,0.03,2.5,propagule,6336,2,2,0.5809659090909091,False
8,11,45,0.5,0.03,2.5,propagule,6247,2,1,0.5831599167600449,False
8,11,46,0.5,0.03,2.5,propagule,6035,0,0,0.5826014913007457,False
8,11,47,0.5,0.03,2.5,propagule,5946,0,0,0.5822401614530777,False
8,11,48,0.5,0.03,2.5,propagule,5887,0,0,0.5841685068795651,False
8,11,49,0.5,0.03,2.5,propagule,5847,0,0,0.5830340345476313,False
8,11,50,0.5,0.03,2.5,propagule,5804,0,0,0.583907649896623,False
8,11,51,0.5,0.03,2.5,propagule,5730,0,0,0.5858638743455498,False
8,11,52,0.5,0.03,2.5,propagule,5682,0,0,0.5860612460401268,False
