rep,year,week,sero,disease,rate,type,total_pop,n_infected,n_symptomatic,actual_sero,elim
2,1,1,0.8,0.015,2.0,propagule,2750,0,0,0.7905454545454546,True
2,1,2,0.8,0.015,2.0,propagule,2684,0,0,0.7883755588673621,True
2,1,3,0.8,0.015,2.0,propagule,2627,0,0,0.7913970308336505,True
2,1,4,0.8,0.015,2.0,propagule,2586,0,0,0.7888631090487239,True
2,1,5,0.8,0.015,2.0,propagule,2514,0,0,0.7907716785998409,True
2,1,6,0.8,0.015,2.0,propagule,2462,0,0,0.789195775792039,True
2,1,7,0.8,0.015,2.0,propagule,2388,0,0,0.7889447236180904,True
2,1,8,0.8,0.015,2.0,propagule,2329,0,0,0.7861743237440961,True
2,1,9,0.8,0.015,2.0,propagule,2253,0,0,0.7896138482023968,True
2,1,10,0.8,0.015,2.0,propagule,2214,0,0,0.7881662149954833,True
2,1,11,0.8,0.015,2.0,propagule,2156,0,0,0.7917439703153989,True
2,1,12,0.8,0.015,2.0,propagule,2123,0,0,0.7908619877531795,True
2,1,13,0.8,0.015,2.0,propagule,2070,0,0,0.7946859903381642,True
2,1,14,0.8,0.015,2.0,propagule,2044,0,0,0.7925636007827789,True
2,1,15,0.8,0.015,2.0,propagule,2009,0,0,0.7939273270283723,True
2,1,16,0.8,0.015,2.0,propagule,1970,0,0,0.7913705583756345,True
2,1,17,0.8,0.015,2.0,propagule,1935,0,0,0.7906976744186046,True
2,1,18,0.8,0.015,2.0,propagule,5340,0,0,0.28258426966292133,True
2,1,19,0.8,0.015,2.0,propagule,5245,0,0,0.2835081029551954,True
2,1,20,0.8,0.015,2.0,propagule,5137,0,0,0.28713256764648626,True
2,1,21,0.8,0.015,2.0,propagule,4956,0,0,0.29156577885391444,True
2,1,22,0.8,0.015,2.0,propagule,4845,0,0,0.29287925696594425,True
2,1,23,0.8,0.015,2.0,propagule,4736,0,0,0.29708614864864863,True
2,1,24,0.8,0.015,2.0,propagule,4600,0,0,0.30130434782608695,True
2,1,25,0.8,0.015,2.0,propagule,4453,0,0,0.3051875140354817,True
2,1,26,0.8,0.015,2.0,propagule,4373,0,0,0.30939858220900984,True
2,1,27,0.8,0.015,2.0,propagule,4268,0,0,0.30951265229615743,True
2,1,28,0.8,0.015,2.0,propagule,4182,0,0,0.3134863701578192,True
2,1,29,0.8,0.015,2.0,propagule,4017,0,0,0.31715210355987056,True
2,1,30,0.8,0.015,2.0,propagule,3927,0,0,0.32391138273491216,True
2,1,31,0.8,0.015,2.0,propagule,3825,0,0,0.32862745098039214,True
2,1,32,0.8,0.015,2.0,propagule,3725,0,0,0.33503355704697985,True
2,1,33,0.8,0.015,2.0,propagule,3653,0,0,0.33725704900082126,True
2,1,34,0.8,0.015,2.0,propagule,3591,0,0,0.34280144806460594,True
2,1,35,0.8,0.015,2.0,propagule,3471,0,0,0.6372803226735811,True
2,1,36,0.8,0.015,2.0,propagule,3414,0,0,0.6423550087873462,True
2,1,37,0.8,0.015,2.0,propagule,3310,0,0,0.6465256797583081,True
2,1,38,0.8,0.015,2.0,propagule,3280,0,0,0.6463414634146342,True
2,1,39,0.8,0.015,2.0,propagule,3240,0,0,0.6475308641975308,True
2,1,40,0.8,0.015,2.0,propagule,3214,0,0,0.6487243310516491,True
2,1,41,0.8,0.015,2.0,propagule,3389,0,0,0.6397167305989968,True
2,1,42,0.8,0.015,2.0,propagule,3387,0,0,0.640094478889873,True
2,1,43,0.8,0.015,2.0,propagule,3409,0,0,0.639483719565855,True
2,1,44,0.8,0.015,2.0,propagule,3381,0,0,0.6359065365276545,True
2,1,45,0.8,0.015,2.0,propagule,3402,0,0,0.6349206349206349,True
2,1,46,0.8,0.015,2.0,propagule,3270,0,0,0.636697247706422,True
2,1,47,0.8,0.015,2.0,propagule,3246,0,0,0.6401725200246458,True
2,1,48,0.8,0.015,2.0,propagule,3241,0,0,0.6402344955260721,True
2,1,49,0.8,0.015,2.0,propagule,3194,0,0,0.6440200375704446,True
2,1,50,0.8,0.015,2.0,propagule,3176,0,0,0.6470403022670025,True
2,1,51,0.8,0.015,2.0,propagule,3133,0,0,0.6492180019150974,True
2,1,52,0.8,0.015,2.0,propagule,3119,0,0,0.6495671689644117,True
2,2,1,0.8,0.015,2.0,propagule,3093,7,0,0.6498545101842871,False
2,2,2,0.8,0.015,2.0,propagule,3076,7,0,0.6514954486345904,False
2,2,3,0.8,0.015,2.0,propagule,3040,7,0,0.6523026315789474,False
2,2,4,0.8,0.015,2.0,propagule,3018,7,0,0.6517561298873427,False
2,2,5,0.8,0.015,2.0,propagule,2978,7,3,0.6517797179314977,False
2,2,6,0.8,0.015,2.0,propagule,2976,6,4,0.6535618279569892,False
2,2,7,0.8,0.015,2.0,propagule,2943,4,3,0.6534148827726809,False
2,2,8,0.8,0.015,2.0,propagule,2923,2,2,0.6558330482381115,False
2,2,9,0.8,0.015,2.0,propagule,2897,1,1,0.6544701415257163,False
2,2,10,0.8,0.015,2.0,propagule,2868,0,0,0.6569037656903766,False
2,2,11,0.8,0.015,2.0,propagule,2846,0,0,0.6553056921995783,False
2,2,12,0.8,0.015,2.0,propagule,2815,0,0,0.6575488454706927,False
2,2,13,0.8,0.015,2.0,propagule,2787,0,0,0.6559024040186581,False
2,2,14,0.8,0.015,2.0,propagule,2759,0,0,0.6585719463573758,False
2,2,15,0.8,0.015,2.0,propagule,2722,1,0,0.6576047024246877,False
2,2,16,0.8,0.015,2.0,propagule,2694,1,0,0.6588715664439495,False
2,2,17,0.8,0.015,2.0,propagule,2669,1,1,0.6605470213563133,False
2,2,18,0.8,0.015,2.0,propagule,4687,1,1,0.37379987198634523,False
2,2,19,0.8,0.015,2.0,propagule,4582,0,0,0.37603666521169793,False
2,2,20,0.8,0.015,2.0,propagule,4528,0,0,0.37720848056537104,False
2,2,21,0.8,0.015,2.0,propagule,4439,0,0,0.3802658256364046,False
2,2,22,0.8,0.015,2.0,propagule,4362,0,0,0.38422741861531406,False
2,2,23,0.8,0.015,2.0,propagule,4283,0,0,0.38827924352089654,False
2,2,24,0.8,0.015,2.0,propagule,4211,0,0,0.3920683923058656,False
2,2,25,0.8,0.015,2.0,propagule,4133,0,0,0.39535446406968305,False
2,2,26,0.8,0.015,2.0,propagule,4071,0,0,0.39744534512404817,False
2,2,27,0.8,0.015,2.0,propagule,3973,0,0,0.4027183488547697,False
2,2,28,0.8,0.015,2.0,propagule,3922,0,0,0.40642529321774606,False
2,2,29,0.8,0.015,2.0,propagule,3840,0,0,0.4075520833333333,False
2,2,30,0.8,0.015,2.0,propagule,3742,0,0,0.4136825227151256,False
2,2,31,0.8,0.015,2.0,propagule,3663,0,0,0.4165984165984166,False
2,2,32,0.8,0.015,2.0,propagule,3560,0,0,0.42106741573033707,False
2,2,33,0.8,0.015,2.0,propagule,3477,0,0,0.42335346563129134,False
2,2,34,0.8,0.015,2.0,propagule,3418,0,0,0.42773551784669395,False
2,2,35,0.8,0.015,2.0,propagule,3381,0,0,0.7385388938183969,False
2,2,36,0.8,0.015,2.0,propagule,3312,0,0,0.7385265700483091,False
2,2,37,0.8,0.015,2.0,propagule,3223,0,0,0.7427862240148929,False
2,2,38,0.8,0.015,2.0,propagule,3192,0,0,0.7443609022556391,False
2,2,39,0.8,0.015,2.0,propagule,3172,0,0,0.7455863808322825,False
2,2,40,0.8,0.015,2.0,propagule,3140,0,0,0.7471337579617834,False
2,2,41,0.8,0.015,2.0,propagule,3350,0,0,0.7340298507462687,False
2,2,42,0.8,0.015,2.0,propagule,3352,0,0,0.7332935560859188,False
2,2,43,0.8,0.015,2.0,propagule,3383,1,1,0.7313035767070647,False
2,2,44,0.8,0.015,2.0,propagule,3365,0,0,0.7319465081723625,False
2,2,45,0.8,0.015,2.0,propagule,3361,0,0,0.7301398393335317,False
2,2,46,0.8,0.015,2.0,propagule,3228,0,0,0.7363692688971499,False
2,2,47,0.8,0.015,2.0,propagule,3188,0,0,0.7365119196988708,False
2,2,48,0.8,0.015,2.0,propagule,3156,0,0,0.7389100126742713,False
2,2,49,0.8,0.015,2.0,propagule,3129,0,0,0.7411313518696069,False
2,2,50,0.8,0.015,2.0,propagule,3108,0,0,0.7403474903474904,False
2,2,51,0.8,0.015,2.0,propagule,3098,0,0,0.7417688831504197,False
2,2,52,0.8,0.015,2.0,propagule,3088,0,0,0.7396373056994818,False
2,3,1,0.8,0.015,2.0,propagule,3070,0,0,0.7423452768729641,False
2,3,2,0.8,0.015,2.0,propagule,3049,0,0,0.7448343719252214,False
2,3,3,0.8,0.015,2.0,propagule,3023,0,0,0.7426397618260007,False
2,3,4,0.8,0.015,2.0,propagule,3002,0,0,0.7445036642238507,False
2,3,5,0.8,0.015,2.0,propagule,2958,0,0,0.7471264367816092,False
2,3,6,0.8,0.015,2.0,propagule,2957,0,0,0.7473791004396347,False
2,3,7,0.8,0.015,2.0,propagule,2937,0,0,0.7483827034388832,False
2,3,8,0.8,0.015,2.0,propagule,2919,0,0,0.7485440219253169,False
2,3,9,0.8,0.015,2.0,propagule,2885,0,0,0.7497400346620451,False
2,3,10,0.8,0.015,2.0,propagule,2860,0,0,0.7510489510489511,False
2,3,11,0.8,0.015,2.0,propagule,2830,0,0,0.7494699646643109,False
2,3,12,0.8,0.015,2.0,propagule,2799,0,0,0.750982493747767,False
2,3,13,0.8,0.015,2.0,propagule,2769,0,0,0.7522571325388226,False
2,3,14,0.8,0.015,2.0,propagule,2749,0,0,0.7526373226627865,False
2,3,15,0.8,0.015,2.0,propagule,2720,0,0,0.7547794117647059,False
2,3,16,0.8,0.015,2.0,propagule,2708,0,0,0.7559084194977843,False
2,3,17,0.8,0.015,2.0,propagule,2678,0,0,0.7561613144137416,False
2,3,18,0.8,0.015,2.0,propagule,5710,0,0,0.35288966725043786,False
2,3,19,0.8,0.015,2.0,propagule,5606,0,0,0.35551195148055653,False
2,3,20,0.8,0.015,2.0,propagule,5493,0,0,0.3590023666484617,False
2,3,21,0.8,0.015,2.0,propagule,5394,0,0,0.3613274008157212,False
2,3,22,0.8,0.015,2.0,propagule,5292,0,0,0.36470143613000755,False
2,3,23,0.8,0.015,2.0,propagule,5112,0,0,0.3687402190923318,False
2,3,24,0.8,0.015,2.0,propagule,4975,0,0,0.375678391959799,False
2,3,25,0.8,0.015,2.0,propagule,4874,0,0,0.37792367665162085,False
2,3,26,0.8,0.015,2.0,propagule,4799,0,0,0.37945405292769324,False
2,3,27,0.8,0.015,2.0,propagule,4701,0,0,0.38119549032120825,False
2,3,28,0.8,0.015,2.0,propagule,4625,0,0,0.384,False
2,3,29,0.8,0.015,2.0,propagule,4512,0,0,0.38652482269503546,False
2,3,30,0.8,0.015,2.0,propagule,4425,0,0,0.391864406779661,False
2,3,31,0.8,0.015,2.0,propagule,4329,0,0,0.3963963963963964,False
2,3,32,0.8,0.015,2.0,propagule,4255,0,0,0.40282021151586367,False
2,3,33,0.8,0.015,2.0,propagule,4152,0,0,0.4046242774566474,False
2,3,34,0.8,0.015,2.0,propagule,4081,0,0,0.40970350404312667,False
2,3,35,0.8,0.015,2.0,propagule,3985,0,0,0.7031367628607277,False
2,3,36,0.8,0.015,2.0,propagule,3901,0,0,0.7067418610612664,False
2,3,37,0.8,0.015,2.0,propagule,3786,0,0,0.7091917591125199,False
2,3,38,0.8,0.015,2.0,propagule,3759,0,0,0.7100292631018889,False
2,3,39,0.8,0.015,2.0,propagule,3670,0,0,0.7106267029972752,False
2,3,40,0.8,0.015,2.0,propagule,3634,0,0,0.712988442487617,False
2,3,41,0.8,0.015,2.0,propagule,3851,3,0,0.7068293949623474,False
2,3,42,0.8,0.015,2.0,propagule,3900,1,0,0.7033333333333334,False
2,3,43,0.8,0.015,2.0,propagule,3840,2,0,0.7015625,False
2,3,44,0.8,0.015,2.0,propagule,3808,0,0,0.7022058823529411,False
2,3,45,0.8,0.015,2.0,propagule,3792,2,0,0.7006856540084389,False
2,3,46,0.8,0.015,2.0,propagule,3630,2,1,0.7068870523415978,False
2,3,47,0.8,0.015,2.0,propagule,3587,0,0,0.7092277669361583,False
2,3,48,0.8,0.015,2.0,propagule,3570,0,0,0.7081232492997199,False
2,3,49,0.8,0.015,2.0,propagule,3532,0,0,0.7095130237825594,False
2,3,50,0.8,0.015,2.0,propagule,3515,0,0,0.7106685633001423,False
2,3,51,0.8,0.015,2.0,propagule,3471,0,0,0.7104580812445981,False
2,3,52,0.8,0.015,2.0,propagule,3455,0,0,0.7105643994211288,False
2,4,1,0.8,0.015,2.0,propagule,3412,0,0,0.7113130128956624,False
2,4,2,0.8,0.015,2.0,propagule,3383,0,0,0.7132722435707951,False
2,4,3,0.8,0.015,2.0,propagule,3333,0,0,0.7134713471347135,False
2,4,4,0.8,0.015,2.0,propagule,3323,0,0,0.7138128197411977,False
2,4,5,0.8,0.015,2.0,propagule,3283,0,0,0.7121535181236673,False
2,4,6,0.8,0.015,2.0,propagule,3256,0,0,0.7146805896805897,False
2,4,7,0.8,0.015,2.0,propagule,3205,0,0,0.7170046801872075,False
2,4,8,0.8,0.015,2.0,propagule,3180,0,0,0.7185534591194969,False
2,4,9,0.8,0.015,2.0,propagule,3137,0,0,0.7188396557220275,False
2,4,10,0.8,0.015,2.0,propagule,3113,0,0,0.7195631223899775,False
2,4,11,0.8,0.015,2.0,propagule,3080,0,0,0.7191558441558441,False
2,4,12,0.8,0.015,2.0,propagule,3060,0,0,0.7212418300653595,False
2,4,13,0.8,0.015,2.0,propagule,3021,0,0,0.7206223104932141,False
2,4,14,0.8,0.015,2.0,propagule,2995,0,0,0.7235392320534224,False
2,4,15,0.8,0.015,2.0,propagule,2958,0,0,0.7248140635564571,False
2,4,16,0.8,0.015,2.0,propagule,2940,0,0,0.7258503401360544,False
2,4,17,0.8,0.015,2.0,propagule,2900,0,0,0.7258620689655172,False
2,4,18,0.8,0.015,2.0,propagule,5762,0,0,0.3634154807358556,False
2,4,19,0.8,0.015,2.0,propagule,5668,0,0,0.36485532815808047,False
2,4,20,0.8,0.015,2.0,propagule,5589,0,0,0.3691179101807121,False
2,4,21,0.8,0.015,2.0,propagule,5477,0,0,0.3715537703122147,False
2,4,22,0.8,0.015,2.0,propagule,5380,0,0,0.3758364312267658,False
2,4,23,0.8,0.015,2.0,propagule,5268,1,0,0.3788914198936978,False
2,4,24,0.8,0.015,2.0,propagule,5178,1,0,0.380648899188876,False
2,4,25,0.8,0.015,2.0,propagule,5039,1,0,0.3857908315141893,False
2,4,26,0.8,0.015,2.0,propagule,4970,1,1,0.3891348088531187,False
2,4,27,0.8,0.015,2.0,propagule,4819,1,1,0.39053745590371447,False
2,4,28,0.8,0.015,2.0,propagule,4719,0,0,0.397753761390125,False
2,4,29,0.8,0.015,2.0,propagule,4639,0,0,0.39943953438241,False
2,4,30,0.8,0.015,2.0,propagule,4548,0,0,0.405452946350044,False
2,4,31,0.8,0.015,2.0,propagule,4409,0,0,0.4100703107280563,False
2,4,32,0.8,0.015,2.0,propagule,4356,0,0,0.41253443526170797,False
2,4,33,0.8,0.015,2.0,propagule,4253,0,0,0.4145309193510463,False
2,4,34,0.8,0.015,2.0,propagule,4222,0,0,0.4168640454760777,False
2,4,35,0.8,0.015,2.0,propagule,4117,0,0,0.7160553801311634,False
2,4,36,0.8,0.015,2.0,propagule,4066,0,0,0.7186424003935071,False
2,4,37,0.8,0.015,2.0,propagule,3984,0,0,0.7203815261044176,False
2,4,38,0.8,0.015,2.0,propagule,3959,0,0,0.7208891134124779,False
2,4,39,0.8,0.015,2.0,propagule,3895,0,0,0.7214377406931964,False
2,4,40,0.8,0.015,2.0,propagule,3880,0,0,0.7216494845360825,False
2,4,41,0.8,0.015,2.0,propagule,4134,0,0,0.7121432027092405,False
2,4,42,0.8,0.015,2.0,propagule,4146,1,0,0.7115291847563917,False
2,4,43,0.8,0.015,2.0,propagule,4147,1,1,0.7096696407041234,False
2,4,44,0.8,0.015,2.0,propagule,4139,1,1,0.7095916888137231,False
2,4,45,0.8,0.015,2.0,propagule,4118,0,0,0.707625060709082,False
2,4,46,0.8,0.015,2.0,propagule,3929,0,0,0.7106133876304404,False
2,4,47,0.8,0.015,2.0,propagule,3858,0,0,0.7120269569725246,False
2,4,48,0.8,0.015,2.0,propagule,3802,0,0,0.7140978432403998,False
2,4,49,0.8,0.015,2.0,propagule,3777,0,0,0.7169711411172889,False
2,4,50,0.8,0.015,2.0,propagule,3753,0,0,0.7164934718891554,False
2,4,51,0.8,0.015,2.0,propagule,3721,0,0,0.7175490459553884,False
2,4,52,0.8,0.015,2.0,propagule,3683,0,0,0.7197936464838447,False
2,5,1,0.8,0.015,2.0,propagule,3656,0,0,0.7204595185995624,False
2,5,2,0.8,0.015,2.0,propagule,3603,0,0,0.723563696919234,False
2,5,3,0.8,0.015,2.0,propagule,3568,0,0,0.7242152466367713,False
2,5,4,0.8,0.015,2.0,propagule,3536,0,0,0.7242647058823529,False
2,5,5,0.8,0.015,2.0,propagule,3496,1,1,0.7242562929061785,False
2,5,6,0.8,0.015,2.0,propagule,3446,1,1,0.7254788160185722,False
2,5,7,0.8,0.015,2.0,propagule,3399,0,0,0.7281553398058253,True
2,5,8,0.8,0.015,2.0,propagule,3363,0,0,0.7308950341956586,True
2,5,9,0.8,0.015,2.0,propagule,3332,0,0,0.7313925570228091,True
2,5,10,0.8,0.015,2.0,propagule,3298,0,0,0.7322619769557307,True
2,5,11,0.8,0.015,2.0,propagule,3263,0,0,0.7321483297578915,True
2,5,12,0.8,0.015,2.0,propagule,3233,0,0,0.7324466439839159,True
2,5,13,0.8,0.015,2.0,propagule,3206,0,0,0.7323767935121647,True
2,5,14,0.8,0.015,2.0,propagule,3170,0,0,0.7331230283911672,True
2,5,15,0.8,0.015,2.0,propagule,3124,0,0,0.735595390524968,True
2,5,16,0.8,0.015,2.0,propagule,3094,0,0,0.7365869424692955,True
2,5,17,0.8,0.015,2.0,propagule,3053,0,0,0.7399279397314117,True
2,5,18,0.8,0.015,2.0,propagule,6463,0,0,0.34844499458455824,True
2,5,19,0.8,0.015,2.0,propagule,6364,0,0,0.35182275298554366,True
2,5,20,0.8,0.015,2.0,propagule,6277,0,0,0.35701768360681857,True
2,5,21,0.8,0.015,2.0,propagule,6209,0,0,0.36012240296344017,True
2,5,22,0.8,0.015,2.0,propagule,6122,0,0,0.3636066644887292,True
2,5,23,0.8,0.015,2.0,propagule,5991,0,0,0.3685528292438658,True
2,5,24,0.8,0.015,2.0,propagule,5867,0,0,0.37310380092040224,True
2,5,25,0.8,0.015,2.0,propagule,5735,0,0,0.377332170880558,True
2,5,26,0.8,0.015,2.0,propagule,5592,0,0,0.3812589413447783,True
2,5,27,0.8,0.015,2.0,propagule,5443,0,0,0.38636781186845487,True
2,5,28,0.8,0.015,2.0,propagule,5358,0,0,0.3895110115714819,True
2,5,29,0.8,0.015,2.0,propagule,5247,0,0,0.39355822374690297,True
2,5,30,0.8,0.015,2.0,propagule,5130,0,0,0.3992202729044834,True
2,5,31,0.8,0.015,2.0,propagule,5031,0,0,0.40349831047505463,True
2,5,32,0.8,0.015,2.0,propagule,4922,0,0,0.4051198699715563,True
2,5,33,0.8,0.015,2.0,propagule,4787,0,0,0.4098600376018383,True
2,5,34,0.8,0.015,2.0,propagule,4665,0,0,0.4141479099678457,False
2,5,35,0.8,0.015,2.0,propagule,4563,0,0,0.6995397764628534,False
2,5,36,0.8,0.015,2.0,propagule,4470,0,0,0.7046979865771812,True
2,5,37,0.8,0.015,2.0,propagule,4397,0,0,0.7070730043211281,True
2,5,38,0.8,0.015,2.0,propagule,4336,0,0,0.7082564575645757,True
2,5,39,0.8,0.015,2.0,propagule,4273,0,0,0.7095717294640768,True
2,5,40,0.8,0.015,2.0,propagule,4213,0,0,0.7111322098267268,True
2,5,41,0.8,0.015,2.0,propagule,4504,0,0,0.7022646536412078,True
2,5,42,0.8,0.015,2.0,propagule,4548,0,0,0.7007475813544415,True
2,5,43,0.8,0.015,2.0,propagule,4484,0,0,0.7045049063336307,True
2,5,44,0.8,0.015,2.0,propagule,4508,0,0,0.7025288376220054,True
2,5,45,0.8,0.015,2.0,propagule,4451,0,0,0.7056841159290047,True
2,5,46,0.8,0.015,2.0,propagule,4255,0,0,0.7104582843713279,True
2,5,47,0.8,0.015,2.0,propagule,4196,0,0,0.7140133460438512,True
2,5,48,0.8,0.015,2.0,propagule,4162,0,0,0.7135992311388756,True
2,5,49,0.8,0.015,2.0,propagule,4145,0,0,0.7133896260554885,True
2,5,50,0.8,0.015,2.0,propagule,4107,0,0,0.7151205259313368,True
2,5,51,0.8,0.015,2.0,propagule,4079,0,0,0.7136553076734494,True
2,5,52,0.8,0.015,2.0,propagule,4061,0,0,0.7148485594681113,True
2,6,1,0.8,0.015,2.0,propagule,4034,0,0,0.7146752602875558,True
2,6,2,0.8,0.015,2.0,propagule,3989,0,0,0.7149661569315618,False
2,6,3,0.8,0.015,2.0,propagule,3953,0,0,0.7164179104477612,False
2,6,4,0.8,0.015,2.0,propagule,3917,0,0,0.7153433750319121,False
2,6,5,0.8,0.015,2.0,propagule,3877,0,0,0.716017539334537,True
2,6,6,0.8,0.015,2.0,propagule,3846,0,0,0.7165886635465418,True
2,6,7,0.8,0.015,2.0,propagule,3811,0,0,0.7176594069797954,True
2,6,8,0.8,0.015,2.0,propagule,3777,1,0,0.7167063807254435,False
2,6,9,0.8,0.015,2.0,propagule,3739,1,0,0.7175715431933672,False
2,6,10,0.8,0.015,2.0,propagule,3701,1,1,0.7198054579843286,False
2,6,11,0.8,0.015,2.0,propagule,3662,1,1,0.7198252321135992,False
2,6,12,0.8,0.015,2.0,propagule,3637,0,0,0.7200989826780313,True
2,6,13,0.8,0.015,2.0,propagule,3594,0,0,0.7203672787979967,True
2,6,14,0.8,0.015,2.0,propagule,3548,0,0,0.7220969560315671,True
2,6,15,0.8,0.015,2.0,propagule,3513,0,0,0.7227440933674921,True
2,6,16,0.8,0.015,2.0,propagule,3482,0,0,0.725157955198162,True
2,6,17,0.8,0.015,2.0,propagule,3464,0,0,0.7263279445727483,True
2,6,18,0.8,0.015,2.0,propagule,6886,0,0,0.36349114144641304,True
2,6,19,0.8,0.015,2.0,propagule,6777,0,0,0.3656485170429394,True
2,6,20,0.8,0.015,2.0,propagule,6646,0,0,0.37044839000902796,True
2,6,21,0.8,0.015,2.0,propagule,6537,0,0,0.3731069297843047,True
2,6,22,0.8,0.015,2.0,propagule,6425,0,0,0.3777431906614786,True
2,6,23,0.8,0.015,2.0,propagule,6254,0,0,0.3826351135273425,True
2,6,24,0.8,0.015,2.0,propagule,6154,0,0,0.3865778355541111,True
2,6,25,0.8,0.015,2.0,propagule,6006,0,0,0.3924408924408924,True
2,6,26,0.8,0.015,2.0,propagule,5929,0,0,0.39517625231910947,True
2,6,27,0.8,0.015,2.0,propagule,5792,0,0,0.400725138121547,True
2,6,28,0.8,0.015,2.0,propagule,5688,0,0,0.40348101265822783,True
2,6,29,0.8,0.015,2.0,propagule,5548,0,0,0.40933669790915644,True
2,6,30,0.8,0.015,2.0,propagule,5440,0,0,0.4143382352941177,True
2,6,31,0.8,0.015,2.0,propagule,5343,0,0,0.41774284110050536,True
2,6,32,0.8,0.015,2.0,propagule,5243,0,0,0.4205607476635514,True
2,6,33,0.8,0.015,2.0,propagule,5155,0,0,0.42269641125121243,True
2,6,34,0.8,0.015,2.0,propagule,5042,0,0,0.4264180880602935,True
2,6,35,0.8,0.015,2.0,propagule,4932,0,0,0.7179643146796432,True
2,6,36,0.8,0.015,2.0,propagule,4804,0,0,0.7214820982514571,True
2,6,37,0.8,0.015,2.0,propagule,4682,0,0,0.7225544639043144,True
2,6,38,0.8,0.015,2.0,propagule,4640,0,0,0.7232758620689655,True
2,6,39,0.8,0.015,2.0,propagule,4586,0,0,0.7252507631923245,True
2,6,40,0.8,0.015,2.0,propagule,4538,0,0,0.7267518730718379,True
2,6,41,0.8,0.015,2.0,propagule,4911,0,0,0.7128894318875992,True
2,6,42,0.8,0.015,2.0,propagule,4900,0,0,0.7138775510204082,True
2,6,43,0.8,0.015,2.0,propagule,4893,0,0,0.7148988350705089,True
2,6,44,0.8,0.015,2.0,propagule,4880,0,0,0.7133196721311476,True
2,6,45,0.8,0.015,2.0,propagule,4796,0,0,0.7153878231859884,True
2,6,46,0.8,0.015,2.0,propagule,4563,0,0,0.7212360289283366,True
2,6,47,0.8,0.015,2.0,propagule,4476,0,0,0.7258713136729222,True
2,6,48,0.8,0.015,2.0,propagule,4419,0,0,0.7282190540846345,True
2,6,49,0.8,0.015,2.0,propagule,4360,0,0,0.7295871559633027,True
2,6,50,0.8,0.015,2.0,propagule,4313,0,0,0.731045675863668,True
2,6,51,0.8,0.015,2.0,propagule,4265,0,0,0.7305978898007034,True
2,6,52,0.8,0.015,2.0,propagule,4232,0,0,0.7310964083175804,True
2,7,1,0.8,0.015,2.0,propagule,4190,0,0,0.7326968973747017,True
2,7,2,0.8,0.015,2.0,propagule,4140,0,0,0.736231884057971,True
2,7,3,0.8,0.015,2.0,propagule,4088,0,0,0.7360567514677103,True
2,7,4,0.8,0.015,2.0,propagule,4056,0,0,0.736439842209073,True
2,7,5,0.8,0.015,2.0,propagule,4026,0,0,0.737953303527074,True
2,7,6,0.8,0.015,2.0,propagule,3972,0,0,0.7396777442094663,True
2,7,7,0.8,0.015,2.0,propagule,3934,0,0,0.7414844941535333,True
2,7,8,0.8,0.015,2.0,propagule,3900,0,0,0.742051282051282,True
2,7,9,0.8,0.015,2.0,propagule,3855,0,0,0.7429312581063554,True
2,7,10,0.8,0.015,2.0,propagule,3824,0,0,0.7439853556485355,True
2,7,11,0.8,0.015,2.0,propagule,3782,0,0,0.7451084082496033,True
2,7,12,0.8,0.015,2.0,propagule,3742,0,0,0.7458578300374131,True
2,7,13,0.8,0.015,2.0,propagule,3709,0,0,0.7471016446481531,True
2,7,14,0.8,0.015,2.0,propagule,3662,0,0,0.7482250136537412,True
2,7,15,0.8,0.015,2.0,propagule,3620,0,0,0.7491712707182321,True
2,7,16,0.8,0.015,2.0,propagule,3593,0,0,0.7497912607848595,True
2,7,17,0.8,0.015,2.0,propagule,3550,0,0,0.7507042253521127,True
2,7,18,0.8,0.015,2.0,propagule,7254,0,0,0.366142817755721,True
2,7,19,0.8,0.015,2.0,propagule,7158,0,0,0.36923721709974855,True
2,7,20,0.8,0.015,2.0,propagule,7002,1,0,0.3717509283061982,False
2,7,21,0.8,0.015,2.0,propagule,6814,1,0,0.3781919577340769,False
2,7,22,0.8,0.015,2.0,propagule,6665,1,1,0.3818454613653413,False
2,7,23,0.8,0.015,2.0,propagule,6483,1,1,0.38377294462440226,False
2,7,24,0.8,0.015,2.0,propagule,6266,0,0,0.3909990424513246,True
2,7,25,0.8,0.015,2.0,propagule,6086,0,0,0.39812684850476504,True
2,7,26,0.8,0.015,2.0,propagule,5964,0,0,0.40191146881287726,True
2,7,27,0.8,0.015,2.0,propagule,5834,0,0,0.4058964689749743,True
2,7,28,0.8,0.015,2.0,propagule,5687,0,0,0.4084754703710216,True
2,7,29,0.8,0.015,2.0,propagule,5539,0,0,0.41523740747427335,True
2,7,30,0.8,0.015,2.0,propagule,5412,0,0,0.417960088691796,True
2,7,31,0.8,0.015,2.0,propagule,5290,0,0,0.4266540642722117,True
2,7,32,0.8,0.015,2.0,propagule,5215,0,0,0.42722914669223394,True
2,7,33,0.8,0.015,2.0,propagule,5079,0,0,0.43020279582595,True
2,7,34,0.8,0.015,2.0,propagule,4993,0,0,0.43440817144001603,True
2,7,35,0.8,0.015,2.0,propagule,4909,0,0,0.7156243634141373,True
2,7,36,0.8,0.015,2.0,propagule,4772,0,0,0.720452640402347,True
2,7,37,0.8,0.015,2.0,propagule,4672,0,0,0.7232448630136986,True
2,7,38,0.8,0.015,2.0,propagule,4618,0,0,0.7236899090515375,True
2,7,39,0.8,0.015,2.0,propagule,4559,0,0,0.7229655626233823,True
2,7,40,0.8,0.015,2.0,propagule,4515,0,0,0.7244739756367663,True
2,7,41,0.8,0.015,2.0,propagule,4902,0,0,0.7137902896776825,True
2,7,42,0.8,0.015,2.0,propagule,4933,0,0,0.711939995945672,True
2,7,43,0.8,0.015,2.0,propagule,4902,0,0,0.7117503059975521,True
2,7,44,0.8,0.015,2.0,propagule,4889,0,0,0.7099611372468807,True
2,7,45,0.8,0.015,2.0,propagule,4848,0,0,0.710602310231023,True
2,7,46,0.8,0.015,2.0,propagule,4566,0,0,0.7187910643889619,True
2,7,47,0.8,0.015,2.0,propagule,4465,0,0,0.7198208286674133,True
2,7,48,0.8,0.015,2.0,propagule,4408,0,0,0.7230036297640653,True
2,7,49,0.8,0.015,2.0,propagule,4360,0,0,0.725,True
2,7,50,0.8,0.015,2.0,propagule,4320,0,0,0.725,True
2,7,51,0.8,0.015,2.0,propagule,4275,0,0,0.7281871345029239,True
2,7,52,0.8,0.015,2.0,propagule,4220,0,0,0.7286729857819905,True
2,8,1,0.8,0.015,2.0,propagule,4170,0,0,0.728537170263789,True
2,8,2,0.8,0.015,2.0,propagule,4119,0,0,0.7276037873270211,True
2,8,3,0.8,0.015,2.0,propagule,4070,0,0,0.72997542997543,True
2,8,4,0.8,0.015,2.0,propagule,4023,0,0,0.732289336316182,True
2,8,5,0.8,0.015,2.0,propagule,3982,0,0,0.7343043696634857,True
2,8,6,0.8,0.015,2.0,propagule,3946,0,0,0.7354282818043588,True
2,8,7,0.8,0.015,2.0,propagule,3912,0,0,0.7354294478527608,True
2,8,8,0.8,0.015,2.0,propagule,3866,0,0,0.7374547335747542,True
2,8,9,0.8,0.015,2.0,propagule,3833,0,0,0.7383250717453692,True
2,8,10,0.8,0.015,2.0,propagule,3809,0,0,0.7382515095825676,True
2,8,11,0.8,0.015,2.0,propagule,3769,0,0,0.7381268240912708,True
2,8,12,0.8,0.015,2.0,propagule,3720,0,0,0.7400537634408603,True
2,8,13,0.8,0.015,2.0,propagule,3681,0,0,0.7394729693018202,True
2,8,14,0.8,0.015,2.0,propagule,3643,0,0,0.7408729069448257,True
2,8,15,0.8,0.015,2.0,propagule,3621,0,0,0.7428887047776858,True
2,8,16,0.8,0.015,2.0,propagule,3578,0,0,0.7434320849636669,True
2,8,17,0.8,0.015,2.0,propagule,3546,0,0,0.7439368302312465,True
2,8,18,0.8,0.015,2.0,propagule,7478,0,0,0.35290184541321207,True
2,8,19,0.8,0.015,2.0,propagule,7373,0,0,0.35724942357249423,True
2,8,20,0.8,0.015,2.0,propagule,7295,0,0,0.359698423577793,True
2,8,21,0.8,0.015,2.0,propagule,7146,0,0,0.3628603414497621,True
2,8,22,0.8,0.015,2.0,propagule,7027,0,0,0.3668706418101608,True
2,8,23,0.8,0.015,2.0,propagule,6915,1,1,0.37093275488069416,False
2,8,24,0.8,0.015,2.0,propagule,6785,1,1,0.37582903463522477,False
2,8,25,0.8,0.015,2.0,propagule,6654,0,0,0.3782687105500451,True
2,8,26,0.8,0.015,2.0,propagule,6480,0,0,0.3824074074074074,True
2,8,27,0.8,0.015,2.0,propagule,6293,0,0,0.38852693468933736,True
2,8,28,0.8,0.015,2.0,propagule,6168,0,0,0.39364461738002593,True
2,8,29,0.8,0.015,2.0,propagule,6052,0,0,0.39788499669530736,True
2,8,30,0.8,0.015,2.0,propagule,5928,0,0,0.40215924426450744,True
2,8,31,0.8,0.015,2.0,propagule,5825,0,0,0.4061802575107296,True
2,8,32,0.8,0.015,2.0,propagule,5702,0,0,0.409856190810242,True
2,8,33,0.8,0.015,2.0,propagule,5583,0,0,0.4135769299659681,True
2,8,34,0.8,0.015,2.0,propagule,5482,0,0,0.4171835096680044,True
2,8,35,0.8,0.015,2.0,propagule,5384,0,0,0.7018945022288261,True
2,8,36,0.8,0.015,2.0,propagule,5322,0,0,0.703119128147313,True
2,8,37,0.8,0.015,2.0,propagule,5194,0,0,0.7050442818636888,True
2,8,38,0.8,0.015,2.0,propagule,5134,0,0,0.7054927931437476,True
2,8,39,0.8,0.015,2.0,propagule,5081,0,0,0.7069474512891163,True
2,8,40,0.8,0.015,2.0,propagule,5029,0,0,0.7086896003181548,True
2,8,41,0.8,0.015,2.0,propagule,5480,0,0,0.6996350364963504,True
2,8,42,0.8,0.015,2.0,propagule,5515,0,0,0.6979147778785132,True
2,8,43,0.8,0.015,2.0,propagule,5493,0,0,0.6968869470234844,True
2,8,44,0.8,0.015,2.0,propagule,5477,0,0,0.6941756436005112,True
2,8,45,0.8,0.015,2.0,propagule,5480,0,0,0.6908759124087591,True
2,8,46,0.8,0.015,2.0,propagule,5157,0,0,0.695559433779329,True
2,8,47,0.8,0.015,2.0,propagule,5059,0,0,0.6997430322198063,True
2,8,48,0.8,0.015,2.0,propagule,5000,0,0,0.7008,True
2,8,49,0.8,0.015,2.0,propagule,4937,0,0,0.704273850516508,True
2,8,50,0.8,0.015,2.0,propagule,4883,0,0,0.7042801556420234,False
2,8,51,0.8,0.015,2.0,propagule,4822,0,0,0.70696806304438,False
2,8,52,0.8,0.015,2.0,propagule,4771,0,0,0.707818067491092,False
2,9,1,0.8,0.015,2.0,propagule,4732,0,0,0.7115384615384616,False
2,9,2,0.8,0.015,2.0,propagule,4683,0,0,0.7125774076446723,False
2,9,3,0.8,0.015,2.0,propagule,4620,0,0,0.7158008658008658,True
2,9,4,0.8,0.015,2.0,propagule,4572,0,0,0.7165354330708661,True
2,9,5,0.8,0.015,2.0,propagule,4533,0,0,0.7187293183322303,True
2,9,6,0.8,0.015,2.0,propagule,4493,0,0,0.7204540396171822,True
2,9,7,0.8,0.015,2.0,propagule,4457,0,0,0.720215391518959,True
2,9,8,0.8,0.015,2.0,propagule,4413,0,0,0.7205982324949014,True
2,9,9,0.8,0.015,2.0,propagule,4372,0,0,0.7227813357731016,True
2,9,10,0.8,0.015,2.0,propagule,4332,0,0,0.7248384118190212,True
2,9,11,0.8,0.015,2.0,propagule,4284,0,0,0.7252567693744164,True
2,9,12,0.8,0.015,2.0,propagule,4230,0,0,0.7264775413711584,True
2,9,13,0.8,0.015,2.0,propagule,4188,0,0,0.7270773638968482,True
2,9,14,0.8,0.015,2.0,propagule,4140,0,0,0.729951690821256,True
2,9,15,0.8,0.015,2.0,propagule,4096,0,0,0.730712890625,True
2,9,16,0.8,0.015,2.0,propagule,4055,0,0,0.7331689272503082,True
2,9,17,0.8,0.015,2.0,propagule,4010,0,0,0.7344139650872819,True
2,9,18,0.8,0.015,2.0,propagule,7885,0,0,0.3613189600507292,True
2,9,19,0.8,0.015,2.0,propagule,7789,0,0,0.36269097445114906,True
2,9,20,0.8,0.015,2.0,propagule,7677,0,0,0.36628891494073207,True
2,9,21,0.8,0.015,2.0,propagule,7518,0,0,0.3707102952913009,True
2,9,22,0.8,0.015,2.0,propagule,7342,0,0,0.3746935439934623,True
2,9,23,0.8,0.015,2.0,propagule,7182,0,0,0.37997772208298525,True
2,9,24,0.8,0.015,2.0,propagule,7087,0,0,0.3836602229434175,True
2,9,25,0.8,0.015,2.0,propagule,6936,0,0,0.3881199538638985,True
2,9,26,0.8,0.015,2.0,propagule,6773,0,0,0.39288350804665584,True
2,9,27,0.8,0.015,2.0,propagule,6627,1,0,0.398068507620341,False
2,9,28,0.8,0.015,2.0,propagule,6497,0,0,0.40141603817146376,False
2,9,29,0.8,0.015,2.0,propagule,6329,0,0,0.4065413177437194,False
2,9,30,0.8,0.015,2.0,propagule,6207,0,0,0.40953761881746414,False
2,9,31,0.8,0.015,2.0,propagule,6083,0,0,0.4131185270425777,False
2,9,32,0.8,0.015,2.0,propagule,5997,0,0,0.415874603968651,False
2,9,33,0.8,0.015,2.0,propagule,5890,0,0,0.4178268251273345,False
2,9,34,0.8,0.015,2.0,propagule,5807,0,0,0.42052695023247805,False
2,9,35,0.8,0.015,2.0,propagule,5688,0,0,0.7137834036568214,False
2,9,36,0.8,0.015,2.0,propagule,5569,0,0,0.7144909319446938,False
2,9,37,0.8,0.015,2.0,propagule,5457,0,0,0.7172439069085578,False
2,9,38,0.8,0.015,2.0,propagule,5406,0,0,0.7188309285978542,False
2,9,39,0.8,0.015,2.0,propagule,5365,0,0,0.7196644920782852,False
2,9,40,0.8,0.015,2.0,propagule,5308,0,0,0.7215523737754334,False
2,9,41,0.8,0.015,2.0,propagule,5727,0,0,0.7104941505151039,False
2,9,42,0.8,0.015,2.0,propagule,5803,0,0,0.7091159744959503,False
2,9,43,0.8,0.015,2.0,propagule,5743,0,0,0.7125195890649486,False
2,9,44,0.8,0.015,2.0,propagule,5753,0,0,0.7090213801494872,False
2,9,45,0.8,0.015,2.0,propagule,5756,0,0,0.7081306462821404,False
2,9,46,0.8,0.015,2.0,propagule,5416,0,0,0.7127031019202363,False
2,9,47,0.8,0.015,2.0,propagule,5297,0,0,0.7168208419860298,False
2,9,48,0.8,0.015,2.0,propagule,5213,0,0,0.7197391137540764,False
2,9,49,0.8,0.015,2.0,propagule,5146,0,0,0.7195880295375049,False
2,9,50,0.8,0.015,2.0,propagule,5093,0,0,0.7198115059886118,False
2,9,51,0.8,0.015,2.0,propagule,5052,0,0,0.720110847189232,False
2,9,52,0.8,0.015,2.0,propagule,5002,0,0,0.7223110755697721,False
2,10,1,0.8,0.015,2.0,propagule,4969,0,0,0.7236868585228416,False
2,10,2,0.8,0.015,2.0,propagule,4902,0,0,0.7246022031823746,False
2,10,3,0.8,0.015,2.0,propagule,4852,0,0,0.7267106347897774,False
2,10,4,0.8,0.015,2.0,propagule,4798,0,0,0.728220091704877,False
2,10,5,0.8,0.015,2.0,propagule,4766,0,0,0.7282836760386068,False
2,10,6,0.8,0.015,2.0,propagule,4701,0,0,0.7317592001701766,False
2,10,7,0.8,0.015,2.0,propagule,4661,0,0,0.7337481227204462,False
2,10,8,0.8,0.015,2.0,propagule,4616,0,0,0.7341854419410745,False
2,10,9,0.8,0.015,2.0,propagule,4561,0,0,0.7342688007016005,False
2,10,10,0.8,0.015,2.0,propagule,4497,0,0,0.7369357349344007,False
2,10,11,0.8,0.015,2.0,propagule,4458,0,0,0.7368775235531628,False
2,10,12,0.8,0.015,2.0,propagule,4407,0,0,0.7383707737690038,False
2,10,13,0.8,0.015,2.0,propagule,4374,0,0,0.7409693644261546,False
2,10,14,0.8,0.015,2.0,propagule,4325,0,0,0.7440462427745664,False
2,10,15,0.8,0.015,2.0,propagule,4292,0,0,0.7432432432432432,False
2,10,16,0.8,0.015,2.0,propagule,4247,0,0,0.7442900871203202,True
2,10,17,0.8,0.015,2.0,propagule,4230,0,0,0.7437352245862884,True
2,10,18,0.8,0.015,2.0,propagule,8751,1,1,0.3513884127528282,False
2,10,19,0.8,0.015,2.0,propagule,8653,1,1,0.35363457760314343,False
2,10,20,0.8,0.015,2.0,propagule,8503,0,0,0.35810890274020934,True
2,10,21,0.8,0.015,2.0,propagule,8340,0,0,0.36079136690647484,True
2,10,22,0.8,0.015,2.0,propagule,8120,0,0,0.3644088669950739,True
2,10,23,0.8,0.015,2.0,propagule,7953,0,0,0.3689173896642776,True
2,10,24,0.8,0.015,2.0,propagule,7789,0,0,0.3724483245602773,True
2,10,25,0.8,0.015,2.0,propagule,7621,0,0,0.37698464768403095,True
2,10,26,0.8,0.015,2.0,propagule,7423,0,0,0.3831335039741344,False
2,10,27,0.8,0.015,2.0,propagule,7288,0,0,0.38830954994511524,False
2,10,28,0.8,0.015,2.0,propagule,7117,0,0,0.3914570746100885,False
2,10,29,0.8,0.015,2.0,propagule,6984,1,0,0.3949026345933562,False
2,10,30,0.8,0.015,2.0,propagule,6838,1,0,0.39763088622404213,False
2,10,31,0.8,0.015,2.0,propagule,6712,1,0,0.40122169249106077,False
2,10,32,0.8,0.015,2.0,propagule,6573,1,1,0.4057507987220447,False
2,10,33,0.8,0.015,2.0,propagule,6473,1,1,0.41031978989649315,False
2,10,34,0.8,0.015,2.0,propagule,6334,0,0,0.4136406694032207,True
2,10,35,0.8,0.015,2.0,propagule,6206,0,0,0.6962616822429907,True
2,10,36,0.8,0.015,2.0,propagule,6089,0,0,0.6979799638692724,True
2,10,37,0.8,0.015,2.0,propagule,5974,0,0,0.7015400066956813,True
2,10,38,0.8,0.015,2.0,propagule,5882,0,0,0.7048622917375043,True
2,10,39,0.8,0.015,2.0,propagule,5824,0,0,0.704842032967033,True
2,10,40,0.8,0.015,2.0,propagule,5745,0,0,0.7065274151436032,True
2,10,41,0.8,0.015,2.0,propagule,6311,0,0,0.6913325938836952,True
2,10,42,0.8,0.015,2.0,propagule,6321,0,0,0.6907134947002057,True
2,10,43,0.8,0.015,2.0,propagule,6275,0,0,0.6922709163346613,True
2,10,44,0.8,0.015,2.0,propagule,6229,0,0,0.6927275646171135,True
2,10,45,0.8,0.015,2.0,propagule,6188,0,0,0.6908532643826761,True
2,10,46,0.8,0.015,2.0,propagule,5876,0,0,0.697072838665759,True
2,10,47,0.8,0.015,2.0,propagule,5754,0,0,0.7010775112964894,True
2,10,48,0.8,0.015,2.0,propagule,5659,0,0,0.7036578900865877,True
2,10,49,0.8,0.015,2.0,propagule,5590,0,0,0.7064400715563506,True
2,10,50,0.8,0.015,2.0,propagule,5533,0,0,0.7082956804626784,True
2,10,51,0.8,0.015,2.0,propagule,5469,0,0,0.7100018284878405,True
2,10,52,0.8,0.015,2.0,propagule,5398,0,0,0.7130418673582808,True
2,11,1,0.8,0.015,2.0,propagule,5351,0,0,0.7155671837039805,True
2,11,2,0.8,0.015,2.0,propagule,5289,0,0,0.7182832293439213,True
2,11,3,0.8,0.015,2.0,propagule,5231,0,0,0.7195564901548461,True
2,11,4,0.8,0.015,2.0,propagule,5187,0,0,0.7204549836128783,True
2,11,5,0.8,0.015,2.0,propagule,5135,0,0,0.7201557935735151,True
2,11,6,0.8,0.015,2.0,propagule,5082,0,0,0.7213695395513577,True
2,11,7,0.8,0.015,2.0,propagule,5045,0,0,0.7228939544103072,True
2,11,8,0.8,0.015,2.0,propagule,4983,0,0,0.7254665863937387,True
2,11,9,0.8,0.015,2.0,propagule,4932,0,0,0.7260746147607462,True
2,11,10,0.8,0.015,2.0,propagule,4862,0,0,0.7283011106540518,True
2,11,11,0.8,0.015,2.0,propagule,4819,0,0,0.7298194646192157,True
2,11,12,0.8,0.015,2.0,propagule,4777,0,0,0.7320494033912497,True
2,11,13,0.8,0.015,2.0,propagule,4737,0,0,0.7342199704454296,True
2,11,14,0.8,0.015,2.0,propagule,4684,0,0,0.7359094790777113,True
2,11,15,0.8,0.015,2.0,propagule,4647,0,0,0.7359586830213041,True
2,11,16,0.8,0.015,2.0,propagule,4595,0,0,0.7377584330794341,True
2,11,17,0.8,0.015,2.0,propagule,4551,0,0,0.7372006152493957,True
2,11,18,0.8,0.015,2.0,propagule,9299,0,0,0.3511130229056888,True
2,11,19,0.8,0.015,2.0,propagule,9179,0,0,0.3536332933870792,True
2,11,20,0.8,0.015,2.0,propagule,9018,0,0,0.3562874251497006,True
2,11,21,0.8,0.015,2.0,propagule,8832,0,0,0.3598278985507246,True
2,11,22,0.8,0.015,2.0,propagule,8640,0,0,0.3646990740740741,True
2,11,23,0.8,0.015,2.0,propagule,8424,0,0,0.3696581196581197,True
2,11,24,0.8,0.015,2.0,propagule,8235,0,0,0.37352762598664235,True
2,11,25,0.8,0.015,2.0,propagule,8065,0,0,0.37730936143831373,True
2,11,26,0.8,0.015,2.0,propagule,7871,0,0,0.38355990344301866,True
2,11,27,0.8,0.015,2.0,propagule,7745,0,0,0.3845061329890252,True
2,11,28,0.8,0.015,2.0,propagule,7509,0,0,0.3913969902783327,True
2,11,29,0.8,0.015,2.0,propagule,7314,0,0,0.39608969100355484,True
2,11,30,0.8,0.015,2.0,propagule,7124,0,0,0.4003368893879843,True
2,11,31,0.8,0.015,2.0,propagule,6958,0,0,0.40514515665421097,True
2,11,32,0.8,0.015,2.0,propagule,6792,0,0,0.4091578327444052,True
2,11,33,0.8,0.015,2.0,propagule,6659,0,0,0.41282474846072986,True
2,11,34,0.8,0.015,2.0,propagule,6495,0,0,0.41693610469591996,True
2,11,35,0.8,0.015,2.0,propagule,6367,0,0,0.7105387152505105,True
2,11,36,0.8,0.015,2.0,propagule,6262,0,0,0.7120728201852443,True
2,11,37,0.8,0.015,2.0,propagule,6163,0,0,0.7126399480772351,True
2,11,38,0.8,0.015,2.0,propagule,6069,0,0,0.7146152578678531,True
2,11,39,0.8,0.015,2.0,propagule,5996,0,0,0.7164776517678453,True
2,11,40,0.8,0.015,2.0,propagule,5933,0,0,0.7188606101466375,True
2,11,41,0.8,0.015,2.0,propagule,6520,0,0,0.7050613496932515,True
2,11,42,0.8,0.015,2.0,propagule,6604,0,0,0.705632949727438,True
2,11,43,0.8,0.015,2.0,propagule,6539,0,0,0.7077534791252486,True
2,11,44,0.8,0.015,2.0,propagule,6497,0,0,0.7077112513467755,True
2,11,45,0.8,0.015,2.0,propagule,6431,0,0,0.708754470533354,True
2,11,46,0.8,0.015,2.0,propagule,6039,0,0,0.7153502235469449,True
2,11,47,0.8,0.015,2.0,propagule,5916,0,0,0.7188979039891819,True
2,11,48,0.8,0.015,2.0,propagule,5848,0,0,0.719562243502052,True
2,11,49,0.8,0.015,2.0,propagule,5788,0,0,0.7201105736005529,True
2,11,50,0.8,0.015,2.0,propagule,5718,0,0,0.7217558586918503,True
2,11,51,0.8,0.015,2.0,propagule,5666,0,0,0.7227320861277797,True
2,11,52,0.8,0.015,2.0,propagule,5613,0,0,0.725458756458222,True
