rep,year,week,sero,disease,rate,type,total_pop,n_infected,n_symptomatic,actual_sero,elim
35,1,1,0.5,0.03,2.0,wave,2758,0,0,0.5018129079042785,True
35,1,2,0.5,0.03,2.0,wave,2728,0,0,0.5,True
35,1,3,0.5,0.03,2.0,wave,2681,0,0,0.5009324878776575,True
35,1,4,0.5,0.03,2.0,wave,2645,0,0,0.5017013232514178,True
35,1,5,0.5,0.03,2.0,wave,2610,0,0,0.5030651340996168,True
35,1,6,0.5,0.03,2.0,wave,2569,0,0,0.5017516543402102,True
35,1,7,0.5,0.03,2.0,wave,2565,0,0,0.5025341130604288,True
35,1,8,0.5,0.03,2.0,wave,2562,0,0,0.5046838407494145,True
35,1,9,0.5,0.03,2.0,wave,2539,0,0,0.5013784954706577,True
35,1,10,0.5,0.03,2.0,wave,2526,0,0,0.5051464766429137,True
35,1,11,0.5,0.03,2.0,wave,2513,0,0,0.5057699960206924,True
35,1,12,0.5,0.03,2.0,wave,2492,0,0,0.5052166934189406,True
35,1,13,0.5,0.03,2.0,wave,2460,0,0,0.5020325203252033,True
35,1,14,0.5,0.03,2.0,wave,2446,0,0,0.5032706459525756,True
35,1,15,0.5,0.03,2.0,wave,2429,0,0,0.5034993824619185,True
35,1,16,0.5,0.03,2.0,wave,2408,0,0,0.5049833887043189,True
35,1,17,0.5,0.03,2.0,wave,2387,0,0,0.5060745705906996,True
35,1,18,0.5,0.03,2.0,wave,6862,0,0,0.17618770037889828,True
35,1,19,0.5,0.03,2.0,wave,6781,0,0,0.17902964164577495,True
35,1,20,0.5,0.03,2.0,wave,6679,0,0,0.18101512202425513,True
35,1,21,0.5,0.03,2.0,wave,6558,0,0,0.18328758767917047,True
35,1,22,0.5,0.03,2.0,wave,6393,0,0,0.18754888158923824,True
35,1,23,0.5,0.03,2.0,wave,6274,0,0,0.1906279885240676,True
35,1,24,0.5,0.03,2.0,wave,6182,0,0,0.1934648980912326,True
35,1,25,0.5,0.03,2.0,wave,6061,0,0,0.1973271737337073,True
35,1,26,0.5,0.03,2.0,wave,5907,0,0,0.20145589977992212,True
35,1,27,0.5,0.03,2.0,wave,5827,0,0,0.2040501115496825,True
35,1,28,0.5,0.03,2.0,wave,5732,0,0,0.20603628750872297,True
35,1,29,0.5,0.03,2.0,wave,5658,0,0,0.2087310003534818,True
35,1,30,0.5,0.03,2.0,wave,5560,0,0,0.2120503597122302,True
35,1,31,0.5,0.03,2.0,wave,5486,0,0,0.2141815530441123,True
35,1,32,0.5,0.03,2.0,wave,5379,0,0,0.21546755902584122,True
35,1,33,0.5,0.03,2.0,wave,5277,0,0,0.2205798749289369,True
35,1,34,0.5,0.03,2.0,wave,5175,0,0,0.22357487922705313,True
35,1,35,0.5,0.03,2.0,wave,5063,0,0,0.477384949634604,True
35,1,36,0.5,0.03,2.0,wave,4963,0,0,0.48196655248841425,True
35,1,37,0.5,0.03,2.0,wave,4875,0,0,0.4841025641025641,True
35,1,38,0.5,0.03,2.0,wave,4826,0,0,0.4859096560298384,True
35,1,39,0.5,0.03,2.0,wave,4776,0,0,0.48743718592964824,True
35,1,40,0.5,0.03,2.0,wave,4722,0,0,0.48962304108428634,True
35,1,41,0.5,0.03,2.0,wave,4733,0,0,0.48869638706951196,True
35,1,42,0.5,0.03,2.0,wave,4730,0,0,0.48921775898520087,True
35,1,43,0.5,0.03,2.0,wave,4685,0,0,0.4919957310565635,True
35,1,44,0.5,0.03,2.0,wave,4645,0,0,0.4936490850376749,True
35,1,45,0.5,0.03,2.0,wave,4625,0,0,0.4931891891891892,True
35,1,46,0.5,0.03,2.0,wave,4558,0,0,0.4927599824484423,True
35,1,47,0.5,0.03,2.0,wave,4513,0,0,0.4923554176822513,True
35,1,48,0.5,0.03,2.0,wave,4473,0,0,0.49251061927118267,True
35,1,49,0.5,0.03,2.0,wave,4429,0,0,0.49424249266200043,True
35,1,50,0.5,0.03,2.0,wave,4390,0,0,0.49658314350797267,True
35,1,51,0.5,0.03,2.0,wave,4347,0,0,0.49643432252127906,True
35,1,52,0.5,0.03,2.0,wave,4311,0,0,0.4964045465089306,True
35,2,1,0.5,0.03,2.0,wave,4272,7,0,0.4969569288389513,False
35,2,2,0.5,0.03,2.0,wave,4232,7,0,0.4983459357277883,False
35,2,3,0.5,0.03,2.0,wave,4169,7,1,0.4994003358119453,False
35,2,4,0.5,0.03,2.0,wave,4128,9,3,0.500484496124031,False
35,2,5,0.5,0.03,2.0,wave,4089,11,6,0.5008559550012228,False
35,2,6,0.5,0.03,2.0,wave,4036,13,4,0.5029732408325074,False
35,2,7,0.5,0.03,2.0,wave,3982,9,3,0.5072827724761426,False
35,2,8,0.5,0.03,2.0,wave,3929,16,5,0.5064902010689742,False
35,2,9,0.5,0.03,2.0,wave,3880,19,5,0.5095360824742268,False
35,2,10,0.5,0.03,2.0,wave,3837,24,7,0.509773260359656,False
35,2,11,0.5,0.03,2.0,wave,3787,28,11,0.512014787430684,False
35,2,12,0.5,0.03,2.0,wave,3727,31,13,0.5143547088811377,False
35,2,13,0.5,0.03,2.0,wave,3683,29,11,0.5158837903882705,False
35,2,14,0.5,0.03,2.0,wave,3628,37,8,0.5192943770672547,False
35,2,15,0.5,0.03,2.0,wave,3582,40,9,0.5212171970965941,False
35,2,16,0.5,0.03,2.0,wave,3540,39,16,0.523728813559322,False
35,2,17,0.5,0.03,2.0,wave,3495,39,15,0.5241773962804006,False
35,2,18,0.5,0.03,2.0,wave,6075,35,16,0.29958847736625516,False
35,2,19,0.5,0.03,2.0,wave,5986,43,17,0.30304042766455064,False
35,2,20,0.5,0.03,2.0,wave,5846,49,12,0.306705439616832,False
35,2,21,0.5,0.03,2.0,wave,5725,52,12,0.31056768558951964,False
35,2,22,0.5,0.03,2.0,wave,5577,59,12,0.31540254617177693,False
35,2,23,0.5,0.03,2.0,wave,5452,61,14,0.32006603081438006,False
35,2,24,0.5,0.03,2.0,wave,5356,63,31,0.32337565347274083,False
35,2,25,0.5,0.03,2.0,wave,5255,66,35,0.32540437678401524,False
35,2,26,0.5,0.03,2.0,wave,5120,52,23,0.330859375,False
35,2,27,0.5,0.03,2.0,wave,5040,46,16,0.3339285714285714,False
35,2,28,0.5,0.03,2.0,wave,4938,45,16,0.33819360064803566,False
35,2,29,0.5,0.03,2.0,wave,4830,42,18,0.341407867494824,False
35,2,30,0.5,0.03,2.0,wave,4741,38,15,0.3461295085425016,False
35,2,31,0.5,0.03,2.0,wave,4656,38,11,0.3492268041237113,False
35,2,32,0.5,0.03,2.0,wave,4540,39,13,0.3530837004405286,False
35,2,33,0.5,0.03,2.0,wave,4477,45,17,0.3542550815278088,False
35,2,34,0.5,0.03,2.0,wave,4408,43,18,0.35798548094373867,False
35,2,35,0.5,0.03,2.0,wave,4344,39,17,0.5918508287292817,False
35,2,36,0.5,0.03,2.0,wave,4279,33,13,0.5926618368777752,False
35,2,37,0.5,0.03,2.0,wave,4178,26,11,0.5957395883197703,False
35,2,38,0.5,0.03,2.0,wave,4121,24,10,0.5976704683329289,False
35,2,39,0.5,0.03,2.0,wave,4077,20,8,0.6001962227127791,False
35,2,40,0.5,0.03,2.0,wave,4034,18,7,0.6033713435795737,False
35,2,41,0.5,0.03,2.0,wave,4124,15,6,0.6032977691561591,False
35,2,42,0.5,0.03,2.0,wave,4093,15,6,0.6007818226239922,False
35,2,43,0.5,0.03,2.0,wave,4093,14,6,0.6051795748839482,False
35,2,44,0.5,0.03,2.0,wave,4077,13,5,0.6080451312239392,False
35,2,45,0.5,0.03,2.0,wave,4076,13,5,0.6057409224730128,False
35,2,46,0.5,0.03,2.0,wave,3964,12,5,0.6062058526740666,False
35,2,47,0.5,0.03,2.0,wave,3909,15,6,0.6080839089281146,False
35,2,48,0.5,0.03,2.0,wave,3885,20,3,0.6077220077220077,False
35,2,49,0.5,0.03,2.0,wave,3857,16,4,0.6103189007000259,False
35,2,50,0.5,0.03,2.0,wave,3826,22,8,0.6118661787767904,False
35,2,51,0.5,0.03,2.0,wave,3796,28,12,0.6148577449947313,False
35,2,52,0.5,0.03,2.0,wave,3754,34,8,0.6156100159829515,False
35,3,1,0.5,0.03,2.0,wave,3708,25,5,0.6194714131607335,False
35,3,2,0.5,0.03,2.0,wave,3678,30,10,0.6204458945078847,False
35,3,3,0.5,0.03,2.0,wave,3640,30,10,0.6211538461538462,False
35,3,4,0.5,0.03,2.0,wave,3618,32,9,0.6238253178551686,False
35,3,5,0.5,0.03,2.0,wave,3576,28,11,0.625,False
35,3,6,0.5,0.03,2.0,wave,3549,29,11,0.6269371653987038,False
35,3,7,0.5,0.03,2.0,wave,3513,27,7,0.6293766011955594,False
35,3,8,0.5,0.03,2.0,wave,3479,28,13,0.6323656223052602,False
35,3,9,0.5,0.03,2.0,wave,3438,27,12,0.6358347876672484,False
35,3,10,0.5,0.03,2.0,wave,3385,25,8,0.6392909896602659,False
35,3,11,0.5,0.03,2.0,wave,3350,26,9,0.6405970149253731,False
35,3,12,0.5,0.03,2.0,wave,3306,23,8,0.6412583182093164,False
35,3,13,0.5,0.03,2.0,wave,3282,23,6,0.6444241316270567,False
35,3,14,0.5,0.03,2.0,wave,3238,20,7,0.6463866584311303,False
35,3,15,0.5,0.03,2.0,wave,3200,20,9,0.6475,False
35,3,16,0.5,0.03,2.0,wave,3169,17,9,0.6497317765856737,False
35,3,17,0.5,0.03,2.0,wave,3131,16,6,0.6512296390929415,False
35,3,18,0.5,0.03,2.0,wave,6856,12,4,0.2955075845974329,False
35,3,19,0.5,0.03,2.0,wave,6757,25,5,0.29806126979428743,False
35,3,20,0.5,0.03,2.0,wave,6659,46,6,0.3012464333984082,False
35,3,21,0.5,0.03,2.0,wave,6541,79,10,0.3053049992355909,False
35,3,22,0.5,0.03,2.0,wave,6398,99,28,0.3085339168490153,False
35,3,23,0.5,0.03,2.0,wave,6280,118,33,0.3106687898089172,False
35,3,24,0.5,0.03,2.0,wave,6110,125,38,0.3158756137479542,False
35,3,25,0.5,0.03,2.0,wave,5954,132,50,0.3207927443735304,False
35,3,26,0.5,0.03,2.0,wave,5787,127,61,0.3250388802488336,False
35,3,27,0.5,0.03,2.0,wave,5612,131,58,0.3300071275837491,False
35,3,28,0.5,0.03,2.0,wave,5455,113,42,0.33675527039413383,False
35,3,29,0.5,0.03,2.0,wave,5347,108,47,0.3422479895268375,False
35,3,30,0.5,0.03,2.0,wave,5239,103,48,0.3479671693071197,False
35,3,31,0.5,0.03,2.0,wave,5084,97,38,0.35385523210070813,False
35,3,32,0.5,0.03,2.0,wave,4964,84,29,0.3597904915390814,False
35,3,33,0.5,0.03,2.0,wave,4879,80,29,0.3623693379790941,False
35,3,34,0.5,0.03,2.0,wave,4779,83,29,0.36660389202762084,False
35,3,35,0.5,0.03,2.0,wave,4682,82,29,0.5692011960700555,False
35,3,36,0.5,0.03,2.0,wave,4562,72,29,0.5708022797018851,False
35,3,37,0.5,0.03,2.0,wave,4425,67,29,0.5751412429378531,False
35,3,38,0.5,0.03,2.0,wave,4360,68,31,0.5761467889908257,False
35,3,39,0.5,0.03,2.0,wave,4287,60,32,0.5796594355026825,False
35,3,40,0.5,0.03,2.0,wave,4218,47,23,0.5829777145566619,False
35,3,41,0.5,0.03,2.0,wave,4325,40,16,0.585664739884393,False
35,3,42,0.5,0.03,2.0,wave,4309,40,15,0.5845903922023672,False
35,3,43,0.5,0.03,2.0,wave,4306,38,16,0.584533209475151,False
35,3,44,0.5,0.03,2.0,wave,4310,43,15,0.5872389791183295,False
35,3,45,0.5,0.03,2.0,wave,4267,41,14,0.5884696508085305,False
35,3,46,0.5,0.03,2.0,wave,4156,44,17,0.5907122232916265,False
35,3,47,0.5,0.03,2.0,wave,4107,39,15,0.5933771609447285,False
35,3,48,0.5,0.03,2.0,wave,4073,33,19,0.5948931991161306,False
35,3,49,0.5,0.03,2.0,wave,4034,32,16,0.5961824491819534,False
35,3,50,0.5,0.03,2.0,wave,3977,27,13,0.599195373397033,False
35,3,51,0.5,0.03,2.0,wave,3939,33,13,0.6026910383346027,False
35,3,52,0.5,0.03,2.0,wave,3898,33,8,0.6049256028732684,False
35,4,1,0.5,0.03,2.0,wave,3853,31,12,0.6078380482740722,False
35,4,2,0.5,0.03,2.0,wave,3822,40,17,0.6093668236525379,False
35,4,3,0.5,0.03,2.0,wave,3784,41,15,0.6112579281183932,False
35,4,4,0.5,0.03,2.0,wave,3720,41,16,0.614516129032258,False
35,4,5,0.5,0.03,2.0,wave,3680,40,15,0.6173913043478261,False
35,4,6,0.5,0.03,2.0,wave,3650,38,17,0.6189041095890411,False
35,4,7,0.5,0.03,2.0,wave,3599,45,19,0.6218393998332871,False
35,4,8,0.5,0.03,2.0,wave,3561,43,19,0.6251053074978938,False
35,4,9,0.5,0.03,2.0,wave,3519,40,15,0.6277351520318272,False
35,4,10,0.5,0.03,2.0,wave,3469,34,11,0.6313058518304987,False
35,4,11,0.5,0.03,2.0,wave,3437,37,12,0.6331102705848123,False
35,4,12,0.5,0.03,2.0,wave,3392,39,13,0.6362028301886793,False
35,4,13,0.5,0.03,2.0,wave,3356,40,16,0.6394517282479142,False
35,4,14,0.5,0.03,2.0,wave,3312,33,12,0.6422101449275363,False
35,4,15,0.5,0.03,2.0,wave,3272,28,14,0.6448655256723717,False
35,4,16,0.5,0.03,2.0,wave,3225,36,14,0.6465116279069767,False
35,4,17,0.5,0.03,2.0,wave,3182,29,7,0.652105593966059,False
35,4,18,0.5,0.03,2.0,wave,6467,30,10,0.3191588062471007,False
35,4,19,0.5,0.03,2.0,wave,6357,68,15,0.3205914739657071,False
35,4,20,0.5,0.03,2.0,wave,6265,106,21,0.32370311252992817,False
35,4,21,0.5,0.03,2.0,wave,6138,126,34,0.3282828282828283,False
35,4,22,0.5,0.03,2.0,wave,5972,128,47,0.3338914936369725,False
35,4,23,0.5,0.03,2.0,wave,5841,141,45,0.33727101523711694,False
35,4,24,0.5,0.03,2.0,wave,5674,149,43,0.3427916813535425,False
35,4,25,0.5,0.03,2.0,wave,5572,165,53,0.34655419956927497,False
35,4,26,0.5,0.03,2.0,wave,5454,170,66,0.35075174184085073,False
35,4,27,0.5,0.03,2.0,wave,5298,170,80,0.3588146470366176,False
35,4,28,0.5,0.03,2.0,wave,5172,148,69,0.36446249033255995,False
35,4,29,0.5,0.03,2.0,wave,5032,133,52,0.3710254372019078,False
35,4,30,0.5,0.03,2.0,wave,4913,127,39,0.37736617138204764,False
35,4,31,0.5,0.03,2.0,wave,4789,122,38,0.3812904572979745,False
35,4,32,0.5,0.03,2.0,wave,4694,134,55,0.3881550916063059,False
35,4,33,0.5,0.03,2.0,wave,4609,133,51,0.39162508136255153,False
35,4,34,0.5,0.03,2.0,wave,4473,109,43,0.40017885088307625,False
35,4,35,0.5,0.03,2.0,wave,4363,115,49,0.5860646344258538,False
35,4,36,0.5,0.03,2.0,wave,4247,94,41,0.5865316694137038,False
35,4,37,0.5,0.03,2.0,wave,4140,76,28,0.5905797101449275,False
35,4,38,0.5,0.03,2.0,wave,4080,69,29,0.5933823529411765,False
35,4,39,0.5,0.03,2.0,wave,4010,66,35,0.5957605985037406,False
35,4,40,0.5,0.03,2.0,wave,3963,63,28,0.5992934645470603,False
35,4,41,0.5,0.03,2.0,wave,4046,51,22,0.602323282254078,False
35,4,42,0.5,0.03,2.0,wave,4016,48,18,0.6040836653386454,False
35,4,43,0.5,0.03,2.0,wave,4008,41,16,0.6087824351297405,False
35,4,44,0.5,0.03,2.0,wave,3976,47,20,0.6046277665995976,False
35,4,45,0.5,0.03,2.0,wave,3955,40,19,0.6080910240202275,False
35,4,46,0.5,0.03,2.0,wave,3825,32,16,0.6115032679738562,False
35,4,47,0.5,0.03,2.0,wave,3788,33,16,0.6164202745512144,False
35,4,48,0.5,0.03,2.0,wave,3743,27,9,0.6182206786000535,False
35,4,49,0.5,0.03,2.0,wave,3707,20,10,0.6199082816293499,False
35,4,50,0.5,0.03,2.0,wave,3675,22,11,0.6214965986394558,False
35,4,51,0.5,0.03,2.0,wave,3619,20,8,0.6250345399281569,False
35,4,52,0.5,0.03,2.0,wave,3589,21,9,0.6266369462245751,False
35,5,1,0.5,0.03,2.0,wave,3544,16,8,0.6272573363431151,False
35,5,2,0.5,0.03,2.0,wave,3496,14,5,0.6310068649885584,False
35,5,3,0.5,0.03,2.0,wave,3477,11,4,0.6304285303422491,False
35,5,4,0.5,0.03,2.0,wave,3448,12,6,0.6351508120649652,False
35,5,5,0.5,0.03,2.0,wave,3398,12,6,0.6374337845791642,False
35,5,6,0.5,0.03,2.0,wave,3359,20,4,0.6394760345340875,False
35,5,7,0.5,0.03,2.0,wave,3311,21,5,0.640289942615524,False
35,5,8,0.5,0.03,2.0,wave,3276,24,10,0.6398046398046398,False
35,5,9,0.5,0.03,2.0,wave,3240,23,10,0.6425925925925926,False
35,5,10,0.5,0.03,2.0,wave,3198,21,6,0.6472795497185742,False
35,5,11,0.5,0.03,2.0,wave,3168,16,6,0.6496212121212122,False
35,5,12,0.5,0.03,2.0,wave,3137,15,10,0.6525342684093083,False
35,5,13,0.5,0.03,2.0,wave,3105,17,8,0.6547504025764895,False
35,5,14,0.5,0.03,2.0,wave,3059,11,6,0.6590389016018307,False
35,5,15,0.5,0.03,2.0,wave,3028,10,4,0.6591809775429326,False
35,5,16,0.5,0.03,2.0,wave,2996,6,2,0.6612149532710281,False
35,5,17,0.5,0.03,2.0,wave,2958,6,2,0.6636240703177823,False
35,5,18,0.5,0.03,2.0,wave,6287,4,1,0.3100047717512327,False
35,5,19,0.5,0.03,2.0,wave,6188,16,4,0.31351001939237233,False
35,5,20,0.5,0.03,2.0,wave,6090,22,5,0.3169129720853859,False
35,5,21,0.5,0.03,2.0,wave,5995,27,5,0.3189324437030859,False
35,5,22,0.5,0.03,2.0,wave,5849,32,9,0.3221063429646093,False
35,5,23,0.5,0.03,2.0,wave,5704,38,13,0.3278401122019635,False
35,5,24,0.5,0.03,2.0,wave,5567,43,13,0.3314172804023711,False
35,5,25,0.5,0.03,2.0,wave,5448,42,14,0.33516886930983847,False
35,5,26,0.5,0.03,2.0,wave,5359,47,14,0.33905579399141633,False
35,5,27,0.5,0.03,2.0,wave,5250,47,11,0.3415238095238095,False
35,5,28,0.5,0.03,2.0,wave,5136,50,16,0.34813084112149534,False
35,5,29,0.5,0.03,2.0,wave,5050,54,19,0.35148514851485146,False
35,5,30,0.5,0.03,2.0,wave,4932,47,20,0.35523114355231145,False
35,5,31,0.5,0.03,2.0,wave,4842,49,20,0.3587360594795539,False
35,5,32,0.5,0.03,2.0,wave,4748,40,18,0.36373209772535803,False
35,5,33,0.5,0.03,2.0,wave,4648,42,15,0.36811531841652323,False
35,5,34,0.5,0.03,2.0,wave,4567,36,14,0.3717976790015327,False
35,5,35,0.5,0.03,2.0,wave,4468,34,14,0.5691584601611459,False
35,5,36,0.5,0.03,2.0,wave,4385,31,16,0.5708095781071836,False
35,5,37,0.5,0.03,2.0,wave,4289,27,11,0.573793425040802,False
35,5,38,0.5,0.03,2.0,wave,4249,19,10,0.574017415862556,False
35,5,39,0.5,0.03,2.0,wave,4194,20,11,0.5753457319980925,False
35,5,40,0.5,0.03,2.0,wave,4145,12,6,0.5780458383594692,False
35,5,41,0.5,0.03,2.0,wave,4340,11,9,0.5741935483870968,False
35,5,42,0.5,0.03,2.0,wave,4343,9,5,0.5781717706654387,False
35,5,43,0.5,0.03,2.0,wave,4344,4,0,0.5752762430939227,False
35,5,44,0.5,0.03,2.0,wave,4314,4,1,0.5783495595734817,False
35,5,45,0.5,0.03,2.0,wave,4302,5,2,0.5811250581125058,False
35,5,46,0.5,0.03,2.0,wave,4165,5,3,0.5839135654261705,False
35,5,47,0.5,0.03,2.0,wave,4124,8,2,0.5853540252182348,False
35,5,48,0.5,0.03,2.0,wave,4104,6,1,0.5860136452241715,False
35,5,49,0.5,0.03,2.0,wave,4053,5,1,0.5901801134961757,False
35,5,50,0.5,0.03,2.0,wave,4010,7,1,0.5927680798004987,False
35,5,51,0.5,0.03,2.0,wave,3983,6,3,0.5942756716043184,False
35,5,52,0.5,0.03,2.0,wave,3944,8,5,0.5927991886409736,False
35,6,1,0.5,0.03,2.0,wave,3905,6,2,0.5956466069142126,False
35,6,2,0.5,0.03,2.0,wave,3852,4,1,0.5996884735202492,False
35,6,3,0.5,0.03,2.0,wave,3808,5,1,0.5992647058823529,False
35,6,4,0.5,0.03,2.0,wave,3768,4,0,0.5997876857749469,False
35,6,5,0.5,0.03,2.0,wave,3721,4,2,0.6025262026337006,False
35,6,6,0.5,0.03,2.0,wave,3686,5,2,0.6047205642973413,False
35,6,7,0.5,0.03,2.0,wave,3645,3,3,0.6060356652949246,False
35,6,8,0.5,0.03,2.0,wave,3604,7,3,0.6090455049944506,False
35,6,9,0.5,0.03,2.0,wave,3562,4,0,0.6108927568781584,False
35,6,10,0.5,0.03,2.0,wave,3517,4,0,0.6118851293716235,False
35,6,11,0.5,0.03,2.0,wave,3463,4,2,0.6144961016459717,False
35,6,12,0.5,0.03,2.0,wave,3424,5,2,0.615070093457944,False
35,6,13,0.5,0.03,2.0,wave,3379,3,2,0.6167505179047056,False
35,6,14,0.5,0.03,2.0,wave,3348,5,3,0.6182795698924731,False
35,6,15,0.5,0.03,2.0,wave,3306,7,1,0.6206896551724138,False
35,6,16,0.5,0.03,2.0,wave,3279,6,0,0.6200060994205551,False
35,6,17,0.5,0.03,2.0,wave,3232,6,0,0.6219059405940595,False
35,6,18,0.5,0.03,2.0,wave,6583,6,1,0.3036609448579675,False
35,6,19,0.5,0.03,2.0,wave,6487,19,6,0.30537999075073224,False
35,6,20,0.5,0.03,2.0,wave,6391,28,6,0.30855891096854954,False
35,6,21,0.5,0.03,2.0,wave,6255,30,6,0.31270983213429254,False
35,6,22,0.5,0.03,2.0,wave,6143,37,13,0.31580660914862446,False
35,6,23,0.5,0.03,2.0,wave,6041,38,15,0.3186558516801854,False
35,6,24,0.5,0.03,2.0,wave,5918,38,12,0.32274417032781344,False
35,6,25,0.5,0.03,2.0,wave,5793,40,13,0.3250474710857932,False
35,6,26,0.5,0.03,2.0,wave,5634,40,14,0.3288959886403976,False
35,6,27,0.5,0.03,2.0,wave,5490,40,10,0.336247723132969,False
35,6,28,0.5,0.03,2.0,wave,5377,38,14,0.33996652408406175,False
35,6,29,0.5,0.03,2.0,wave,5236,38,21,0.34415584415584416,False
35,6,30,0.5,0.03,2.0,wave,5129,32,16,0.34743614739715345,False
35,6,31,0.5,0.03,2.0,wave,5011,29,8,0.3528237876671323,False
35,6,32,0.5,0.03,2.0,wave,4894,29,9,0.35553739272578666,False
35,6,33,0.5,0.03,2.0,wave,4802,33,8,0.3588088296543107,False
35,6,34,0.5,0.03,2.0,wave,4715,31,9,0.3628844114528102,False
35,6,35,0.5,0.03,2.0,wave,4641,31,12,0.5783236371471666,False
35,6,36,0.5,0.03,2.0,wave,4539,27,10,0.5789821546596167,False
35,6,37,0.5,0.03,2.0,wave,4442,23,10,0.584871679423683,False
35,6,38,0.5,0.03,2.0,wave,4391,19,12,0.5866545206103393,False
35,6,39,0.5,0.03,2.0,wave,4312,17,10,0.5885899814471243,False
35,6,40,0.5,0.03,2.0,wave,4253,11,6,0.5901716435457324,False
35,6,41,0.5,0.03,2.0,wave,4504,8,3,0.5905861456483126,False
35,6,42,0.5,0.03,2.0,wave,4534,10,4,0.5950595500661667,False
35,6,43,0.5,0.03,2.0,wave,4562,9,4,0.5946953090749671,False
35,6,44,0.5,0.03,2.0,wave,4545,8,4,0.5955995599559956,False
35,6,45,0.5,0.03,2.0,wave,4544,8,4,0.596830985915493,False
35,6,46,0.5,0.03,2.0,wave,4404,8,2,0.5996821071752951,False
35,6,47,0.5,0.03,2.0,wave,4363,6,3,0.599587439834976,False
35,6,48,0.5,0.03,2.0,wave,4315,11,5,0.6013904982618772,False
35,6,49,0.5,0.03,2.0,wave,4274,8,3,0.6031820308844174,False
35,6,50,0.5,0.03,2.0,wave,4223,9,2,0.6033625384797537,False
35,6,51,0.5,0.03,2.0,wave,4187,9,3,0.6042512538810604,False
35,6,52,0.5,0.03,2.0,wave,4154,9,3,0.6095329802599904,False
35,7,1,0.5,0.03,2.0,wave,4113,8,5,0.6088013615365913,False
35,7,2,0.5,0.03,2.0,wave,4077,12,5,0.6095168015697817,False
35,7,3,0.5,0.03,2.0,wave,4048,9,4,0.6101778656126482,False
35,7,4,0.5,0.03,2.0,wave,4017,8,2,0.6121483694299228,False
35,7,5,0.5,0.03,2.0,wave,3981,6,0,0.6146696809846772,False
35,7,6,0.5,0.03,2.0,wave,3966,6,5,0.6159858799798286,False
35,7,7,0.5,0.03,2.0,wave,3933,8,6,0.6163234172387491,False
35,7,8,0.5,0.03,2.0,wave,3893,3,1,0.6177754944772669,False
35,7,9,0.5,0.03,2.0,wave,3855,2,1,0.6178988326848249,False
35,7,10,0.5,0.03,2.0,wave,3824,2,2,0.6216004184100419,False
35,7,11,0.5,0.03,2.0,wave,3778,3,1,0.6225516146109052,False
35,7,12,0.5,0.03,2.0,wave,3740,2,0,0.6243315508021391,False
35,7,13,0.5,0.03,2.0,wave,3715,2,0,0.6258411843876177,False
35,7,14,0.5,0.03,2.0,wave,3692,2,0,0.6256771397616468,False
35,7,15,0.5,0.03,2.0,wave,3651,2,0,0.6272254176937825,False
35,7,16,0.5,0.03,2.0,wave,3613,2,1,0.6313313036257957,False
35,7,17,0.5,0.03,2.0,wave,3581,4,2,0.6319463836917062,False
35,7,18,0.5,0.03,2.0,wave,7430,4,1,0.3032301480484522,False
35,7,19,0.5,0.03,2.0,wave,7344,3,1,0.30582788671023964,False
35,7,20,0.5,0.03,2.0,wave,7226,9,1,0.31082203155272625,False
35,7,21,0.5,0.03,2.0,wave,7112,8,4,0.3152418447694038,False
35,7,22,0.5,0.03,2.0,wave,7035,21,7,0.31627576403695806,False
35,7,23,0.5,0.03,2.0,wave,6895,20,5,0.3199419869470631,False
35,7,24,0.5,0.03,2.0,wave,6721,31,7,0.32524921886624014,False
35,7,25,0.5,0.03,2.0,wave,6583,37,11,0.3294850372170743,False
35,7,26,0.5,0.03,2.0,wave,6465,42,12,0.3319412219644238,False
35,7,27,0.5,0.03,2.0,wave,6326,42,12,0.3362314258615239,False
35,7,28,0.5,0.03,2.0,wave,6191,47,16,0.3401712162816992,False
35,7,29,0.5,0.03,2.0,wave,6052,49,20,0.34600132187706545,False
35,7,30,0.5,0.03,2.0,wave,5950,47,12,0.3487394957983193,False
35,7,31,0.5,0.03,2.0,wave,5817,42,12,0.3531029740416022,False
35,7,32,0.5,0.03,2.0,wave,5708,42,23,0.3559915907498248,False
35,7,33,0.5,0.03,2.0,wave,5588,43,24,0.3586256263421618,False
35,7,34,0.5,0.03,2.0,wave,5412,31,20,0.3625277161862528,False
35,7,35,0.5,0.03,2.0,wave,5269,27,11,0.5731637881951034,False
35,7,36,0.5,0.03,2.0,wave,5153,23,7,0.5767514069474092,False
35,7,37,0.5,0.03,2.0,wave,5027,23,11,0.5814601153769644,False
35,7,38,0.5,0.03,2.0,wave,4966,21,11,0.5839710028191704,False
35,7,39,0.5,0.03,2.0,wave,4911,19,12,0.5858277336591325,False
35,7,40,0.5,0.03,2.0,wave,4855,18,8,0.5874356333676622,False
35,7,41,0.5,0.03,2.0,wave,4969,16,4,0.5894546186355404,False
35,7,42,0.5,0.03,2.0,wave,4944,21,7,0.5894012944983819,False
35,7,43,0.5,0.03,2.0,wave,4913,22,8,0.590677793608793,False
35,7,44,0.5,0.03,2.0,wave,4859,19,9,0.5945667832887426,False
35,7,45,0.5,0.03,2.0,wave,4820,26,9,0.5979253112033195,False
35,7,46,0.5,0.03,2.0,wave,4683,23,5,0.5976937860345932,False
35,7,47,0.5,0.03,2.0,wave,4640,24,8,0.5987068965517242,False
35,7,48,0.5,0.03,2.0,wave,4576,22,13,0.5985576923076923,False
35,7,49,0.5,0.03,2.0,wave,4543,26,11,0.6007043803653973,False
35,7,50,0.5,0.03,2.0,wave,4496,20,5,0.603202846975089,False
35,7,51,0.5,0.03,2.0,wave,4467,20,8,0.6057756883814641,False
35,7,52,0.5,0.03,2.0,wave,4405,23,9,0.6077185017026107,False
35,8,1,0.5,0.03,2.0,wave,4369,23,8,0.607690547035935,False
35,8,2,0.5,0.03,2.0,wave,4310,26,13,0.6106728538283063,False
35,8,3,0.5,0.03,2.0,wave,4265,27,10,0.6133645955451348,False
35,8,4,0.5,0.03,2.0,wave,4215,28,7,0.6156583629893239,False
35,8,5,0.5,0.03,2.0,wave,4187,32,9,0.6171483162168617,False
35,8,6,0.5,0.03,2.0,wave,4141,33,12,0.6184496498430331,False
35,8,7,0.5,0.03,2.0,wave,4090,35,14,0.6210268948655256,False
35,8,8,0.5,0.03,2.0,wave,4045,31,17,0.6234857849196539,False
35,8,9,0.5,0.03,2.0,wave,4005,26,15,0.6244694132334582,False
35,8,10,0.5,0.03,2.0,wave,3955,23,11,0.6278128950695322,False
35,8,11,0.5,0.03,2.0,wave,3910,22,8,0.6319693094629156,False
35,8,12,0.5,0.03,2.0,wave,3855,23,7,0.6352788586251621,False
35,8,13,0.5,0.03,2.0,wave,3822,24,8,0.6363160648874935,False
35,8,14,0.5,0.03,2.0,wave,3774,24,8,0.6393746687864335,False
35,8,15,0.5,0.03,2.0,wave,3735,21,11,0.6414993306559572,False
35,8,16,0.5,0.03,2.0,wave,3673,23,12,0.6444323441328614,False
35,8,17,0.5,0.03,2.0,wave,3637,19,10,0.6466868298047842,False
35,8,18,0.5,0.03,2.0,wave,7627,20,7,0.3066736593680346,False
35,8,19,0.5,0.03,2.0,wave,7516,29,5,0.31027142096860033,False
35,8,20,0.5,0.03,2.0,wave,7357,57,15,0.3139866793529971,False
35,8,21,0.5,0.03,2.0,wave,7180,58,19,0.31866295264623956,False
35,8,22,0.5,0.03,2.0,wave,7036,65,18,0.3239056281978397,False
35,8,23,0.5,0.03,2.0,wave,6921,80,17,0.3281317728651929,False
35,8,24,0.5,0.03,2.0,wave,6800,85,26,0.3326470588235294,False
35,8,25,0.5,0.03,2.0,wave,6671,101,42,0.3369809623744566,False
35,8,26,0.5,0.03,2.0,wave,6526,94,46,0.340024517315354,False
35,8,27,0.5,0.03,2.0,wave,6358,87,37,0.34570619691726956,False
35,8,28,0.5,0.03,2.0,wave,6199,89,27,0.3500564607194709,False
35,8,29,0.5,0.03,2.0,wave,6067,93,35,0.3528926982033954,False
35,8,30,0.5,0.03,2.0,wave,5944,91,40,0.3558209959623149,False
35,8,31,0.5,0.03,2.0,wave,5808,85,35,0.3596763085399449,False
35,8,32,0.5,0.03,2.0,wave,5661,77,33,0.3642465995407172,False
35,8,33,0.5,0.03,2.0,wave,5537,75,30,0.36933357413761964,False
35,8,34,0.5,0.03,2.0,wave,5423,71,21,0.3745159505808593,False
35,8,35,0.5,0.03,2.0,wave,5319,74,24,0.5792442188381275,False
35,8,36,0.5,0.03,2.0,wave,5214,71,35,0.5809359416954354,False
35,8,37,0.5,0.03,2.0,wave,5062,66,32,0.5849466613986567,False
35,8,38,0.5,0.03,2.0,wave,4992,50,27,0.586738782051282,False
35,8,39,0.5,0.03,2.0,wave,4934,40,24,0.5897851641670044,False
35,8,40,0.5,0.03,2.0,wave,4872,34,16,0.5944170771756979,False
35,8,41,0.5,0.03,2.0,wave,5046,31,14,0.5982956797463337,False
35,8,42,0.5,0.03,2.0,wave,5036,37,14,0.5957108816521048,False
35,8,43,0.5,0.03,2.0,wave,5001,33,16,0.6008798240351929,False
35,8,44,0.5,0.03,2.0,wave,5000,37,17,0.5996,False
35,8,45,0.5,0.03,2.0,wave,4948,35,11,0.6054971705739692,False
35,8,46,0.5,0.03,2.0,wave,4835,33,14,0.6045501551189245,False
35,8,47,0.5,0.03,2.0,wave,4787,31,14,0.6072696887403384,False
35,8,48,0.5,0.03,2.0,wave,4739,28,8,0.6089892382359148,False
35,8,49,0.5,0.03,2.0,wave,4690,26,10,0.6104477611940299,False
35,8,50,0.5,0.03,2.0,wave,4647,28,13,0.6128685173230041,False
35,8,51,0.5,0.03,2.0,wave,4597,28,12,0.6154013487056776,False
35,8,52,0.5,0.03,2.0,wave,4537,27,17,0.61869076482257,False
35,9,1,0.5,0.03,2.0,wave,4493,27,13,0.6209659470287113,False
35,9,2,0.5,0.03,2.0,wave,4421,19,5,0.6254241121918118,False
35,9,3,0.5,0.03,2.0,wave,4381,20,5,0.6277105683633873,False
35,9,4,0.5,0.03,2.0,wave,4321,22,8,0.6280953482990048,False
35,9,5,0.5,0.03,2.0,wave,4293,26,7,0.6307943163289075,False
35,9,6,0.5,0.03,2.0,wave,4231,22,9,0.6312928385724415,False
35,9,7,0.5,0.03,2.0,wave,4182,23,13,0.6341463414634146,False
35,9,8,0.5,0.03,2.0,wave,4116,21,8,0.6350826044703596,False
35,9,9,0.5,0.03,2.0,wave,4089,20,5,0.6385424309122034,False
35,9,10,0.5,0.03,2.0,wave,4046,20,8,0.6411270390509145,False
35,9,11,0.5,0.03,2.0,wave,4004,21,7,0.6438561438561439,False
35,9,12,0.5,0.03,2.0,wave,3956,18,4,0.6461071789686552,False
35,9,13,0.5,0.03,2.0,wave,3930,17,5,0.6465648854961832,False
35,9,14,0.5,0.03,2.0,wave,3893,18,9,0.6488569226817364,False
35,9,15,0.5,0.03,2.0,wave,3857,19,8,0.6525797251750065,False
35,9,16,0.5,0.03,2.0,wave,3824,15,5,0.6545502092050209,False
35,9,17,0.5,0.03,2.0,wave,3788,16,8,0.6562829989440337,False
35,9,18,0.5,0.03,2.0,wave,7663,18,7,0.31175779720736,False
35,9,19,0.5,0.03,2.0,wave,7546,21,6,0.3144712430426716,False
35,9,20,0.5,0.03,2.0,wave,7441,36,7,0.31702728127939794,False
35,9,21,0.5,0.03,2.0,wave,7283,38,11,0.3217080873266511,False
35,9,22,0.5,0.03,2.0,wave,7156,45,14,0.32560089435438794,False
35,9,23,0.5,0.03,2.0,wave,7020,53,13,0.3279202279202279,False
35,9,24,0.5,0.03,2.0,wave,6863,70,21,0.3326533585895381,False
35,9,25,0.5,0.03,2.0,wave,6742,81,29,0.3361020468703649,False
35,9,26,0.5,0.03,2.0,wave,6595,81,23,0.3417740712661107,False
35,9,27,0.5,0.03,2.0,wave,6454,82,27,0.3464518128292532,False
35,9,28,0.5,0.03,2.0,wave,6316,77,38,0.35022165927802407,False
35,9,29,0.5,0.03,2.0,wave,6182,80,36,0.3561954060174701,False
35,9,30,0.5,0.03,2.0,wave,6060,75,30,0.36023102310231025,False
35,9,31,0.5,0.03,2.0,wave,5928,68,25,0.36690283400809715,False
35,9,32,0.5,0.03,2.0,wave,5811,74,21,0.36878334193770435,False
35,9,33,0.5,0.03,2.0,wave,5724,73,25,0.3721174004192872,False
35,9,34,0.5,0.03,2.0,wave,5598,78,30,0.3762057877813505,False
35,9,35,0.5,0.03,2.0,wave,5469,71,30,0.5757908209910404,False
35,9,36,0.5,0.03,2.0,wave,5330,66,29,0.5816135084427767,False
35,9,37,0.5,0.03,2.0,wave,5201,54,27,0.5845029801961161,False
35,9,38,0.5,0.03,2.0,wave,5137,46,23,0.5884757640646292,False
35,9,39,0.5,0.03,2.0,wave,5065,38,17,0.5919052319842053,False
35,9,40,0.5,0.03,2.0,wave,5010,39,13,0.5946107784431137,False
35,9,41,0.5,0.03,2.0,wave,5166,41,11,0.5962059620596206,False
35,9,42,0.5,0.03,2.0,wave,5179,44,18,0.5989573276694342,False
35,9,43,0.5,0.03,2.0,wave,5153,41,24,0.5982922569377062,False
35,9,44,0.5,0.03,2.0,wave,5113,46,18,0.6014081752395853,False
35,9,45,0.5,0.03,2.0,wave,5022,36,15,0.6043409000398248,False
35,9,46,0.5,0.03,2.0,wave,4911,37,12,0.6063938098147017,False
35,9,47,0.5,0.03,2.0,wave,4868,29,12,0.6066146261298274,False
35,9,48,0.5,0.03,2.0,wave,4827,36,17,0.6059664387818521,False
35,9,49,0.5,0.03,2.0,wave,4784,32,13,0.6091137123745819,False
35,9,50,0.5,0.03,2.0,wave,4746,26,9,0.6110408765276022,False
35,9,51,0.5,0.03,2.0,wave,4705,24,9,0.6133900106269926,False
35,9,52,0.5,0.03,2.0,wave,4643,24,8,0.6144734008184364,False
35,10,1,0.5,0.03,2.0,wave,4588,23,7,0.6187881429816914,False
35,10,2,0.5,0.03,2.0,wave,4555,24,9,0.6223929747530187,False
35,10,3,0.5,0.03,2.0,wave,4517,30,6,0.6229798538853221,False
35,10,4,0.5,0.03,2.0,wave,4501,30,7,0.627193956898467,False
35,10,5,0.5,0.03,2.0,wave,4484,40,16,0.6268956289027654,False
35,10,6,0.5,0.03,2.0,wave,4441,40,18,0.6277865345642873,False
35,10,7,0.5,0.03,2.0,wave,4396,34,14,0.6310282074613285,False
35,10,8,0.5,0.03,2.0,wave,4371,32,9,0.6325783573552962,False
35,10,9,0.5,0.03,2.0,wave,4335,31,11,0.6369088811995386,False
35,10,10,0.5,0.03,2.0,wave,4294,34,14,0.6397298556124825,False
35,10,11,0.5,0.03,2.0,wave,4258,26,17,0.6411460779708783,False
35,10,12,0.5,0.03,2.0,wave,4215,26,13,0.6434163701067616,False
35,10,13,0.5,0.03,2.0,wave,4169,14,3,0.6485967857999521,False
35,10,14,0.5,0.03,2.0,wave,4143,12,3,0.647598358677287,False
35,10,15,0.5,0.03,2.0,wave,4120,14,7,0.6495145631067961,False
35,10,16,0.5,0.03,2.0,wave,4098,13,8,0.6495851634943876,False
35,10,17,0.5,0.03,2.0,wave,4058,10,5,0.6515524889107935,False
35,10,18,0.5,0.03,2.0,wave,8327,9,3,0.3087546535366879,False
35,10,19,0.5,0.03,2.0,wave,8216,10,2,0.31170886075949367,False
35,10,20,0.5,0.03,2.0,wave,8046,17,1,0.3151876708923689,False
35,10,21,0.5,0.03,2.0,wave,7874,16,2,0.3190246380492761,False
35,10,22,0.5,0.03,2.0,wave,7756,32,4,0.322717895822589,False
35,10,23,0.5,0.03,2.0,wave,7574,37,7,0.3266437813572749,False
35,10,24,0.5,0.03,2.0,wave,7426,58,17,0.3311338540263937,False
35,10,25,0.5,0.03,2.0,wave,7299,73,23,0.33456637895602137,False
35,10,26,0.5,0.03,2.0,wave,7156,80,24,0.3378982671883734,False
35,10,27,0.5,0.03,2.0,wave,6997,79,24,0.3414320423038445,False
35,10,28,0.5,0.03,2.0,wave,6841,78,30,0.3452711591872533,False
35,10,29,0.5,0.03,2.0,wave,6667,81,41,0.34903254837258135,False
35,10,30,0.5,0.03,2.0,wave,6516,80,35,0.3555862492326581,False
35,10,31,0.5,0.03,2.0,wave,6403,72,31,0.359831329064501,False
35,10,32,0.5,0.03,2.0,wave,6287,74,25,0.36392556068076987,False
35,10,33,0.5,0.03,2.0,wave,6149,60,19,0.36949097414213694,False
35,10,34,0.5,0.03,2.0,wave,6064,68,28,0.370877308707124,False
35,10,35,0.5,0.03,2.0,wave,5956,66,30,0.5733713901947616,False
35,10,36,0.5,0.03,2.0,wave,5836,59,26,0.5771076079506511,False
35,10,37,0.5,0.03,2.0,wave,5703,57,23,0.58039628265825,False
35,10,38,0.5,0.03,2.0,wave,5614,59,26,0.5819380121125757,False
35,10,39,0.5,0.03,2.0,wave,5533,53,26,0.5859389119826496,False
35,10,40,0.5,0.03,2.0,wave,5449,49,21,0.5890989172325197,False
35,10,41,0.5,0.03,2.0,wave,5491,49,14,0.5936987798215261,False
35,10,42,0.5,0.03,2.0,wave,5453,52,18,0.5941683476985146,False
35,10,43,0.5,0.03,2.0,wave,5390,52,22,0.5933209647495362,False
35,10,44,0.5,0.03,2.0,wave,5334,51,23,0.594488188976378,False
35,10,45,0.5,0.03,2.0,wave,5291,53,19,0.5945945945945946,False
35,10,46,0.5,0.03,2.0,wave,5174,45,17,0.5964437572477773,False
35,10,47,0.5,0.03,2.0,wave,5137,41,17,0.5984037375900331,False
35,10,48,0.5,0.03,2.0,wave,5075,42,15,0.6001970443349753,False
35,10,49,0.5,0.03,2.0,wave,5050,41,14,0.6027722772277228,False
35,10,50,0.5,0.03,2.0,wave,4994,36,16,0.6057268722466961,False
35,10,51,0.5,0.03,2.0,wave,4955,44,16,0.6078708375378405,False
35,10,52,0.5,0.03,2.0,wave,4926,45,14,0.6126674786845311,False
35,11,1,0.5,0.03,2.0,wave,4896,44,19,0.613562091503268,False
35,11,2,0.5,0.03,2.0,wave,4850,41,22,0.6162886597938144,False
35,11,3,0.5,0.03,2.0,wave,4818,31,15,0.6195516811955168,False
35,11,4,0.5,0.03,2.0,wave,4781,22,10,0.6197448232587325,False
35,11,5,0.5,0.03,2.0,wave,4738,19,12,0.6211481637821866,False
35,11,6,0.5,0.03,2.0,wave,4689,25,9,0.6231605886116443,False
35,11,7,0.5,0.03,2.0,wave,4650,19,5,0.6249462365591398,False
35,11,8,0.5,0.03,2.0,wave,4612,18,7,0.6257588898525586,False
35,11,9,0.5,0.03,2.0,wave,4574,20,8,0.6278968080454744,False
35,11,10,0.5,0.03,2.0,wave,4530,18,7,0.6280353200883002,False
35,11,11,0.5,0.03,2.0,wave,4496,18,7,0.6298932384341637,False
35,11,12,0.5,0.03,2.0,wave,4454,16,8,0.6311180960933992,False
35,11,13,0.5,0.03,2.0,wave,4396,13,7,0.6321656050955414,False
35,11,14,0.5,0.03,2.0,wave,4353,10,5,0.6358832988743396,False
35,11,15,0.5,0.03,2.0,wave,4312,9,3,0.6368274582560297,False
35,11,16,0.5,0.03,2.0,wave,4269,8,4,0.639025532911689,False
35,11,17,0.5,0.03,2.0,wave,4212,9,4,0.6398385565052231,False
35,11,18,0.5,0.03,2.0,wave,8597,10,2,0.3046411538908922,False
35,11,19,0.5,0.03,2.0,wave,8482,15,3,0.3077104456496109,False
35,11,20,0.5,0.03,2.0,wave,8311,20,3,0.31079292503910483,False
35,11,21,0.5,0.03,2.0,wave,8153,23,8,0.31522139089905554,False
35,11,22,0.5,0.03,2.0,wave,7962,50,12,0.3193921125345391,False
35,11,23,0.5,0.03,2.0,wave,7807,52,12,0.32317151274497247,False
35,11,24,0.5,0.03,2.0,wave,7655,57,19,0.3268451992161986,False
35,11,25,0.5,0.03,2.0,wave,7491,63,24,0.3306634628220531,False
35,11,26,0.5,0.03,2.0,wave,7353,69,22,0.3342853257173943,False
35,11,27,0.5,0.03,2.0,wave,7193,65,21,0.3381064924231892,False
35,11,28,0.5,0.03,2.0,wave,6995,76,23,0.34238741958541813,False
35,11,29,0.5,0.03,2.0,wave,6833,76,27,0.3464071418117957,False
35,11,30,0.5,0.03,2.0,wave,6667,82,28,0.3509824508774561,False
35,11,31,0.5,0.03,2.0,wave,6533,75,28,0.3571100566355426,False
35,11,32,0.5,0.03,2.0,wave,6417,72,33,0.36060464391460184,False
35,11,33,0.5,0.03,2.0,wave,6286,64,27,0.3655742920776328,False
35,11,34,0.5,0.03,2.0,wave,6175,60,25,0.3700404858299595,False
35,11,35,0.5,0.03,2.0,wave,6090,57,22,0.5811165845648604,False
35,11,36,0.5,0.03,2.0,wave,5952,46,18,0.5838373655913979,False
35,11,37,0.5,0.03,2.0,wave,5829,44,17,0.5862068965517241,False
35,11,38,0.5,0.03,2.0,wave,5753,38,16,0.5892577785503216,False
35,11,39,0.5,0.03,2.0,wave,5674,37,18,0.5916461050405358,False
35,11,40,0.5,0.03,2.0,wave,5596,31,13,0.5950679056468906,False
35,11,41,0.5,0.03,2.0,wave,5695,25,11,0.5980684811237928,False
35,11,42,0.5,0.03,2.0,wave,5628,17,10,0.6002132196162047,False
35,11,43,0.5,0.03,2.0,wave,5565,21,11,0.6032345013477088,False
35,11,44,0.5,0.03,2.0,wave,5526,18,6,0.6027868259138618,False
35,11,45,0.5,0.03,2.0,wave,5464,16,7,0.6039531478770132,False
35,11,46,0.5,0.03,2.0,wave,5362,17,5,0.603692651995524,False
35,11,47,0.5,0.03,2.0,wave,5314,13,5,0.6042529168234851,False
35,11,48,0.5,0.03,2.0,wave,5283,14,9,0.6047700170357752,False
35,11,49,0.5,0.03,2.0,wave,5244,14,7,0.6065980167810832,False
35,11,50,0.5,0.03,2.0,wave,5216,11,4,0.607170245398773,False
35,11,51,0.5,0.03,2.0,wave,5163,17,4,0.6099167150881271,False
35,11,52,0.5,0.03,2.0,wave,5098,18,6,0.6098469988230679,False
