rep,year,week,sero,disease,rate,type,total_pop,n_infected,n_symptomatic,actual_sero,elim
11,1,1,0.1,0.015,2.0,propagule,2823,0,0,0.1073326248671626,True
11,1,2,0.1,0.015,2.0,propagule,2771,0,0,0.1122338505954529,True
11,1,3,0.1,0.015,2.0,propagule,2728,0,0,0.1125366568914956,True
11,1,4,0.1,0.015,2.0,propagule,2700,0,0,0.11481481481481481,True
11,1,5,0.1,0.015,2.0,propagule,2685,0,0,0.1180633147113594,True
11,1,6,0.1,0.015,2.0,propagule,2649,0,0,0.11853529633824085,True
11,1,7,0.1,0.015,2.0,propagule,2633,0,0,0.1226737561716673,True
11,1,8,0.1,0.015,2.0,propagule,2582,0,0,0.12432223082881487,True
11,1,9,0.1,0.015,2.0,propagule,2559,0,0,0.1262211801484955,True
11,1,10,0.1,0.015,2.0,propagule,2530,0,0,0.12964426877470356,True
11,1,11,0.1,0.015,2.0,propagule,2506,0,0,0.1332801276935355,True
11,1,12,0.1,0.015,2.0,propagule,2482,0,0,0.13537469782433523,True
11,1,13,0.1,0.015,2.0,propagule,2461,0,0,0.13856156034132466,True
11,1,14,0.1,0.015,2.0,propagule,2441,0,0,0.13805817287996722,True
11,1,15,0.1,0.015,2.0,propagule,2420,0,0,0.14008264462809916,True
11,1,16,0.1,0.015,2.0,propagule,2418,0,0,0.14061207609594706,True
11,1,17,0.1,0.015,2.0,propagule,2408,0,0,0.1420265780730897,True
11,1,18,0.1,0.015,2.0,propagule,6856,0,0,0.05046674445740957,True
11,1,19,0.1,0.015,2.0,propagule,6737,0,0,0.05328781356686953,True
11,1,20,0.1,0.015,2.0,propagule,6621,0,0,0.05633590092131098,True
11,1,21,0.1,0.015,2.0,propagule,6522,0,0,0.05749770009199632,True
11,1,22,0.1,0.015,2.0,propagule,6397,0,0,0.05940284508363295,True
11,1,23,0.1,0.015,2.0,propagule,6262,0,0,0.06164164803577132,True
11,1,24,0.1,0.015,2.0,propagule,6126,0,0,0.06349983676134509,True
11,1,25,0.1,0.015,2.0,propagule,6013,0,0,0.06436055213703643,True
11,1,26,0.1,0.015,2.0,propagule,5843,0,0,0.06589080951565976,True
11,1,27,0.1,0.015,2.0,propagule,5743,0,0,0.06738638342329793,True
11,1,28,0.1,0.015,2.0,propagule,5643,0,0,0.06911217437533226,True
11,1,29,0.1,0.015,2.0,propagule,5508,0,0,0.07135076252723312,True
11,1,30,0.1,0.015,2.0,propagule,5395,0,0,0.07432808155699722,True
11,1,31,0.1,0.015,2.0,propagule,5303,0,0,0.07693758250047143,True
11,1,32,0.1,0.015,2.0,propagule,5210,0,0,0.07869481765834933,True
11,1,33,0.1,0.015,2.0,propagule,5126,0,0,0.08095981271946937,True
11,1,34,0.1,0.015,2.0,propagule,5015,0,0,0.08374875373878365,True
11,1,35,0.1,0.015,2.0,propagule,4965,0,0,0.1470292044310171,True
11,1,36,0.1,0.015,2.0,propagule,4900,0,0,0.15020408163265306,True
11,1,37,0.1,0.015,2.0,propagule,4821,0,0,0.1516282928852935,True
11,1,38,0.1,0.015,2.0,propagule,4756,0,0,0.15222876366694701,True
11,1,39,0.1,0.015,2.0,propagule,4690,0,0,0.15437100213219615,True
11,1,40,0.1,0.015,2.0,propagule,4636,0,0,0.15724762726488353,True
11,1,41,0.1,0.015,2.0,propagule,4656,0,0,0.16795532646048109,True
11,1,42,0.1,0.015,2.0,propagule,4659,0,0,0.17213994419403306,True
11,1,43,0.1,0.015,2.0,propagule,4575,0,0,0.17486338797814208,True
11,1,44,0.1,0.015,2.0,propagule,4520,0,0,0.17765486725663718,True
11,1,45,0.1,0.015,2.0,propagule,4502,0,0,0.1785872945357619,True
11,1,46,0.1,0.015,2.0,propagule,4387,0,0,0.17643036243446547,True
11,1,47,0.1,0.015,2.0,propagule,4344,0,0,0.1781767955801105,True
11,1,48,0.1,0.015,2.0,propagule,4315,0,0,0.18076477404403243,True
11,1,49,0.1,0.015,2.0,propagule,4279,0,0,0.18298667913063799,True
11,1,50,0.1,0.015,2.0,propagule,4248,0,0,0.1850282485875706,True
11,1,51,0.1,0.015,2.0,propagule,4200,0,0,0.1854761904761905,True
11,1,52,0.1,0.015,2.0,propagule,4156,0,0,0.18912415784408085,True
11,2,1,0.1,0.015,2.0,propagule,4135,8,0,0.19032648125755744,False
11,2,2,0.1,0.015,2.0,propagule,4085,8,0,0.19363525091799266,False
11,2,3,0.1,0.015,2.0,propagule,4061,8,2,0.19330214232947548,False
11,2,4,0.1,0.015,2.0,propagule,4008,11,2,0.1936127744510978,False
11,2,5,0.1,0.015,2.0,propagule,3964,9,1,0.19525731584258324,False
11,2,6,0.1,0.015,2.0,propagule,3935,10,6,0.19720457433290978,False
11,2,7,0.1,0.015,2.0,propagule,3879,19,5,0.19979376127868007,False
11,2,8,0.1,0.015,2.0,propagule,3823,14,2,0.20428982474496468,False
11,2,9,0.1,0.015,2.0,propagule,3771,16,8,0.20816759480243968,False
11,2,10,0.1,0.015,2.0,propagule,3725,21,8,0.20939597315436242,False
11,2,11,0.1,0.015,2.0,propagule,3666,20,7,0.21112929623567922,False
11,2,12,0.1,0.015,2.0,propagule,3626,23,7,0.21263099834528407,False
11,2,13,0.1,0.015,2.0,propagule,3588,21,6,0.2157190635451505,False
11,2,14,0.1,0.015,2.0,propagule,3540,21,5,0.21666666666666667,False
11,2,15,0.1,0.015,2.0,propagule,3503,18,6,0.21866971167570654,False
11,2,16,0.1,0.015,2.0,propagule,3461,23,10,0.22190118462872002,False
11,2,17,0.1,0.015,2.0,propagule,3436,24,8,0.22351571594877764,False
11,2,18,0.1,0.015,2.0,propagule,6032,20,8,0.1268236074270557,False
11,2,19,0.1,0.015,2.0,propagule,5941,23,10,0.12842955731358358,False
11,2,20,0.1,0.015,2.0,propagule,5862,25,8,0.13084271579665643,False
11,2,21,0.1,0.015,2.0,propagule,5787,25,8,0.13271124935199585,False
11,2,22,0.1,0.015,2.0,propagule,5659,28,8,0.13518289450432938,False
11,2,23,0.1,0.015,2.0,propagule,5555,25,6,0.1378937893789379,False
11,2,24,0.1,0.015,2.0,propagule,5469,31,11,0.1400621685865789,False
11,2,25,0.1,0.015,2.0,propagule,5372,40,12,0.14259121370067016,False
11,2,26,0.1,0.015,2.0,propagule,5258,45,12,0.14549258273107646,False
11,2,27,0.1,0.015,2.0,propagule,5169,46,14,0.1485780615206036,False
11,2,28,0.1,0.015,2.0,propagule,5071,42,16,0.1500690199171761,False
11,2,29,0.1,0.015,2.0,propagule,4999,43,17,0.15343068613722743,False
11,2,30,0.1,0.015,2.0,propagule,4895,42,15,0.15648621041879468,False
11,2,31,0.1,0.015,2.0,propagule,4788,40,17,0.15935672514619884,False
11,2,32,0.1,0.015,2.0,propagule,4672,42,21,0.1618150684931507,False
11,2,33,0.1,0.015,2.0,propagule,4578,35,15,0.1636085626911315,False
11,2,34,0.1,0.015,2.0,propagule,4479,29,12,0.16655503460593882,False
11,2,35,0.1,0.015,2.0,propagule,4377,29,16,0.23120859035869318,False
11,2,36,0.1,0.015,2.0,propagule,4275,20,14,0.23345029239766082,False
11,2,37,0.1,0.015,2.0,propagule,4195,20,8,0.23480333730631706,False
11,2,38,0.1,0.015,2.0,propagule,4134,14,3,0.235607160135462,False
11,2,39,0.1,0.015,2.0,propagule,4075,13,8,0.23828220858895705,False
11,2,40,0.1,0.015,2.0,propagule,4029,12,8,0.23976172747580043,False
11,2,41,0.1,0.015,2.0,propagule,4144,6,3,0.25844594594594594,False
11,2,42,0.1,0.015,2.0,propagule,4116,5,3,0.2597181729834791,False
11,2,43,0.1,0.015,2.0,propagule,4129,5,4,0.2678614676677162,False
11,2,44,0.1,0.015,2.0,propagule,4105,4,2,0.2686967113276492,False
11,2,45,0.1,0.015,2.0,propagule,4084,2,1,0.2710577864838394,False
11,2,46,0.1,0.015,2.0,propagule,3948,2,1,0.26063829787234044,False
11,2,47,0.1,0.015,2.0,propagule,3886,1,0,0.2622233659289758,False
11,2,48,0.1,0.015,2.0,propagule,3845,1,0,0.26423927178153445,False
11,2,49,0.1,0.015,2.0,propagule,3814,1,0,0.2663869952805454,False
11,2,50,0.1,0.015,2.0,propagule,3775,1,0,0.26675496688741723,False
11,2,51,0.1,0.015,2.0,propagule,3740,1,0,0.26844919786096255,False
11,2,52,0.1,0.015,2.0,propagule,3690,1,1,0.26991869918699185,False
11,3,1,0.1,0.015,2.0,propagule,3665,2,1,0.27148703956343795,False
11,3,2,0.1,0.015,2.0,propagule,3628,1,1,0.27618522601984563,False
11,3,3,0.1,0.015,2.0,propagule,3583,1,1,0.27518838961763886,False
11,3,4,0.1,0.015,2.0,propagule,3548,0,0,0.27762119503945887,True
11,3,5,0.1,0.015,2.0,propagule,3512,0,0,0.27790432801822323,True
11,3,6,0.1,0.015,2.0,propagule,3480,0,0,0.2795977011494253,True
11,3,7,0.1,0.015,2.0,propagule,3449,0,0,0.28153087851551173,True
11,3,8,0.1,0.015,2.0,propagule,3404,0,0,0.28407755581668626,True
11,3,9,0.1,0.015,2.0,propagule,3387,0,0,0.2863891349276646,True
11,3,10,0.1,0.015,2.0,propagule,3352,0,0,0.2878878281622912,True
11,3,11,0.1,0.015,2.0,propagule,3310,0,0,0.2909365558912387,True
11,3,12,0.1,0.015,2.0,propagule,3272,0,0,0.2930929095354523,True
11,3,13,0.1,0.015,2.0,propagule,3247,0,0,0.29380967046504464,True
11,3,14,0.1,0.015,2.0,propagule,3219,0,0,0.29760795278036656,True
11,3,15,0.1,0.015,2.0,propagule,3184,0,0,0.2986809045226131,True
11,3,16,0.1,0.015,2.0,propagule,3165,0,0,0.3004739336492891,True
11,3,17,0.1,0.015,2.0,propagule,3129,0,0,0.30329178651326305,True
11,3,18,0.1,0.015,2.0,propagule,6871,0,0,0.13826226167952263,True
11,3,19,0.1,0.015,2.0,propagule,6777,0,0,0.1394422310756972,True
11,3,20,0.1,0.015,2.0,propagule,6662,0,0,0.1432002401681177,True
11,3,21,0.1,0.015,2.0,propagule,6511,0,0,0.14498540930732606,True
11,3,22,0.1,0.015,2.0,propagule,6337,0,0,0.14754615748777025,True
11,3,23,0.1,0.015,2.0,propagule,6171,0,0,0.1505428617728083,True
11,3,24,0.1,0.015,2.0,propagule,6009,0,0,0.15426859710434349,True
11,3,25,0.1,0.015,2.0,propagule,5889,0,0,0.15741212429954152,True
11,3,26,0.1,0.015,2.0,propagule,5789,0,0,0.15874935221972708,True
11,3,27,0.1,0.015,2.0,propagule,5674,0,0,0.16214310891787098,True
11,3,28,0.1,0.015,2.0,propagule,5560,0,0,0.16366906474820145,True
11,3,29,0.1,0.015,2.0,propagule,5427,0,0,0.16804864566058597,True
11,3,30,0.1,0.015,2.0,propagule,5333,0,0,0.1710106881680105,True
11,3,31,0.1,0.015,2.0,propagule,5230,0,0,0.1745697896749522,True
11,3,32,0.1,0.015,2.0,propagule,5134,0,0,0.17627580833657966,True
11,3,33,0.1,0.015,2.0,propagule,5050,0,0,0.179009900990099,True
11,3,34,0.1,0.015,2.0,propagule,4949,0,0,0.1836734693877551,True
11,3,35,0.1,0.015,2.0,propagule,4852,0,0,0.24670239076669415,True
11,3,36,0.1,0.015,2.0,propagule,4742,0,0,0.2479966258962463,True
11,3,37,0.1,0.015,2.0,propagule,4634,0,0,0.2498921018558481,True
11,3,38,0.1,0.015,2.0,propagule,4587,0,0,0.2522345759755832,True
11,3,39,0.1,0.015,2.0,propagule,4530,0,0,0.25342163355408387,True
11,3,40,0.1,0.015,2.0,propagule,4478,0,0,0.2541313086199196,True
11,3,41,0.1,0.015,2.0,propagule,4693,0,0,0.27381206051566165,True
11,3,42,0.1,0.015,2.0,propagule,4707,0,0,0.2829827915869981,False
11,3,43,0.1,0.015,2.0,propagule,4668,1,1,0.28684661525278493,False
11,3,44,0.1,0.015,2.0,propagule,4655,0,0,0.2833512352309345,True
11,3,45,0.1,0.015,2.0,propagule,4645,0,0,0.28180839612486547,True
11,3,46,0.1,0.015,2.0,propagule,4496,0,0,0.27580071174377224,True
11,3,47,0.1,0.015,2.0,propagule,4441,0,0,0.28079261427606395,True
11,3,48,0.1,0.015,2.0,propagule,4404,0,0,0.2826975476839237,True
11,3,49,0.1,0.015,2.0,propagule,4369,0,0,0.28290226596475165,True
11,3,50,0.1,0.015,2.0,propagule,4319,0,0,0.2866404260245427,False
11,3,51,0.1,0.015,2.0,propagule,4281,0,0,0.28731604765241764,False
11,3,52,0.1,0.015,2.0,propagule,4247,0,0,0.29126442194490226,False
11,4,1,0.1,0.015,2.0,propagule,4202,0,0,0.2905759162303665,False
11,4,2,0.1,0.015,2.0,propagule,4172,0,0,0.2936241610738255,True
11,4,3,0.1,0.015,2.0,propagule,4137,0,0,0.2958665699782451,True
11,4,4,0.1,0.015,2.0,propagule,4104,0,0,0.29848927875243664,True
11,4,5,0.1,0.015,2.0,propagule,4079,0,0,0.30203481245403285,True
11,4,6,0.1,0.015,2.0,propagule,4031,0,0,0.3016621185809973,True
11,4,7,0.1,0.015,2.0,propagule,4002,0,0,0.3045977011494253,True
11,4,8,0.1,0.015,2.0,propagule,3970,0,0,0.3047858942065491,True
11,4,9,0.1,0.015,2.0,propagule,3947,0,0,0.31061565746136305,True
11,4,10,0.1,0.015,2.0,propagule,3919,0,0,0.3105384026537382,True
11,4,11,0.1,0.015,2.0,propagule,3905,0,0,0.31241997439180536,True
11,4,12,0.1,0.015,2.0,propagule,3876,0,0,0.3139834881320949,True
11,4,13,0.1,0.015,2.0,propagule,3844,0,0,0.31451612903225806,True
11,4,14,0.1,0.015,2.0,propagule,3810,0,0,0.31837270341207347,True
11,4,15,0.1,0.015,2.0,propagule,3781,0,0,0.3213435599047871,True
11,4,16,0.1,0.015,2.0,propagule,3730,0,0,0.32412868632707775,True
11,4,17,0.1,0.015,2.0,propagule,3699,0,0,0.32522303325223034,True
11,4,18,0.1,0.015,2.0,propagule,7440,0,0,0.16196236559139784,True
11,4,19,0.1,0.015,2.0,propagule,7321,0,0,0.16486818740609208,True
11,4,20,0.1,0.015,2.0,propagule,7102,0,0,0.16798085046465785,True
11,4,21,0.1,0.015,2.0,propagule,6964,0,0,0.17174037909247558,True
11,4,22,0.1,0.015,2.0,propagule,6825,0,0,0.1742124542124542,True
11,4,23,0.1,0.015,2.0,propagule,6698,0,0,0.17661988653329352,True
11,4,24,0.1,0.015,2.0,propagule,6556,0,0,0.17968273337400853,True
11,4,25,0.1,0.015,2.0,propagule,6442,0,0,0.18177584601055574,True
11,4,26,0.1,0.015,2.0,propagule,6304,0,0,0.18416878172588833,True
11,4,27,0.1,0.015,2.0,propagule,6192,0,0,0.187015503875969,True
11,4,28,0.1,0.015,2.0,propagule,6052,0,0,0.1901850627891606,True
11,4,29,0.1,0.015,2.0,propagule,5912,0,0,0.19418132611637348,True
11,4,30,0.1,0.015,2.0,propagule,5785,0,0,0.1975799481417459,True
11,4,31,0.1,0.015,2.0,propagule,5635,0,0,0.20106477373558118,True
11,4,32,0.1,0.015,2.0,propagule,5534,0,0,0.20473436935309,True
11,4,33,0.1,0.015,2.0,propagule,5476,0,0,0.20653761869978085,False
11,4,34,0.1,0.015,2.0,propagule,5367,0,0,0.20961430967020683,False
11,4,35,0.1,0.015,2.0,propagule,5280,0,0,0.2696969696969697,False
11,4,36,0.1,0.015,2.0,propagule,5167,0,0,0.27191794077801434,False
11,4,37,0.1,0.015,2.0,propagule,5061,0,0,0.2732661529342027,True
11,4,38,0.1,0.015,2.0,propagule,5004,0,0,0.2765787370103917,True
11,4,39,0.1,0.015,2.0,propagule,4950,0,0,0.2771717171717172,True
11,4,40,0.1,0.015,2.0,propagule,4894,0,0,0.28034327748263177,True
11,4,41,0.1,0.015,2.0,propagule,5061,0,0,0.29559375617466904,True
11,4,42,0.1,0.015,2.0,propagule,5065,0,0,0.30069101678183613,True
11,4,43,0.1,0.015,2.0,propagule,4992,0,0,0.30248397435897434,True
11,4,44,0.1,0.015,2.0,propagule,4979,0,0,0.30488049809198636,True
11,4,45,0.1,0.015,2.0,propagule,4944,0,0,0.3074433656957929,True
11,4,46,0.1,0.015,2.0,propagule,4807,0,0,0.3016434366548783,True
11,4,47,0.1,0.015,2.0,propagule,4764,0,0,0.30100755667506296,True
11,4,48,0.1,0.015,2.0,propagule,4709,0,0,0.3013378636653217,True
11,4,49,0.1,0.015,2.0,propagule,4679,0,0,0.3036973712331695,True
11,4,50,0.1,0.015,2.0,propagule,4633,0,0,0.3041225987481114,True
11,4,51,0.1,0.015,2.0,propagule,4581,0,0,0.30386378519973806,True
11,4,52,0.1,0.015,2.0,propagule,4536,0,0,0.3055555555555556,False
11,5,1,0.1,0.015,2.0,propagule,4486,0,0,0.3062862238074008,False
11,5,2,0.1,0.015,2.0,propagule,4431,0,0,0.3067027758970887,False
11,5,3,0.1,0.015,2.0,propagule,4401,0,0,0.3072029084299023,False
11,5,4,0.1,0.015,2.0,propagule,4352,0,0,0.30905330882352944,False
11,5,5,0.1,0.015,2.0,propagule,4305,0,0,0.3124274099883856,False
11,5,6,0.1,0.015,2.0,propagule,4255,0,0,0.3156286721504113,False
11,5,7,0.1,0.015,2.0,propagule,4214,0,0,0.3182249644043664,False
11,5,8,0.1,0.015,2.0,propagule,4168,0,0,0.3190978886756238,False
11,5,9,0.1,0.015,2.0,propagule,4128,1,1,0.32049418604651164,False
11,5,10,0.1,0.015,2.0,propagule,4084,1,1,0.32223310479921646,False
11,5,11,0.1,0.015,2.0,propagule,4040,0,0,0.32475247524752476,True
11,5,12,0.1,0.015,2.0,propagule,4005,0,0,0.32459425717852686,True
11,5,13,0.1,0.015,2.0,propagule,3968,0,0,0.3258568548387097,True
11,5,14,0.1,0.015,2.0,propagule,3925,0,0,0.3281528662420382,True
11,5,15,0.1,0.015,2.0,propagule,3884,0,0,0.3303295571575695,True
11,5,16,0.1,0.015,2.0,propagule,3844,0,0,0.33142559833506763,True
11,5,17,0.1,0.015,2.0,propagule,3811,0,0,0.33140907898189453,True
11,5,18,0.1,0.015,2.0,propagule,8059,0,0,0.15709145055217769,True
11,5,19,0.1,0.015,2.0,propagule,7934,0,0,0.16070078144693722,True
11,5,20,0.1,0.015,2.0,propagule,7830,0,0,0.16181353767560663,True
11,5,21,0.1,0.015,2.0,propagule,7668,0,0,0.16353677621283255,True
11,5,22,0.1,0.015,2.0,propagule,7477,0,0,0.16798181088671926,True
11,5,23,0.1,0.015,2.0,propagule,7344,0,0,0.16979847494553377,True
11,5,24,0.1,0.015,2.0,propagule,7126,0,0,0.1721863598091496,True
11,5,25,0.1,0.015,2.0,propagule,6971,0,0,0.17558456462487448,True
11,5,26,0.1,0.015,2.0,propagule,6818,0,0,0.18040481079495455,True
11,5,27,0.1,0.015,2.0,propagule,6677,0,0,0.18241725325745095,True
11,5,28,0.1,0.015,2.0,propagule,6544,0,0,0.1845965770171149,True
11,5,29,0.1,0.015,2.0,propagule,6438,0,0,0.18670394532463497,True
11,5,30,0.1,0.015,2.0,propagule,6305,0,0,0.18921490880253766,True
11,5,31,0.1,0.015,2.0,propagule,6164,0,0,0.1928942245295263,True
11,5,32,0.1,0.015,2.0,propagule,6064,0,0,0.19492084432717677,True
11,5,33,0.1,0.015,2.0,propagule,5949,0,0,0.19835266431332998,True
11,5,34,0.1,0.015,2.0,propagule,5816,0,0,0.20082530949105915,True
11,5,35,0.1,0.015,2.0,propagule,5714,0,0,0.2569128456422821,True
11,5,36,0.1,0.015,2.0,propagule,5573,0,0,0.26018302530055626,False
11,5,37,0.1,0.015,2.0,propagule,5458,0,0,0.2649322096005863,False
11,5,38,0.1,0.015,2.0,propagule,5398,0,0,0.26732123008521674,False
11,5,39,0.1,0.015,2.0,propagule,5341,0,0,0.26886350870623477,False
11,5,40,0.1,0.015,2.0,propagule,5289,0,0,0.2694271128757799,False
11,5,41,0.1,0.015,2.0,propagule,5475,0,0,0.2873059360730594,True
11,5,42,0.1,0.015,2.0,propagule,5435,0,0,0.2892364305427783,True
11,5,43,0.1,0.015,2.0,propagule,5419,0,0,0.293965676324045,True
11,5,44,0.1,0.015,2.0,propagule,5367,0,0,0.2956959195081051,True
11,5,45,0.1,0.015,2.0,propagule,5343,0,0,0.2987085906793936,True
11,5,46,0.1,0.015,2.0,propagule,5207,0,0,0.2949875168043019,True
11,5,47,0.1,0.015,2.0,propagule,5147,0,0,0.2957062366427045,True
11,5,48,0.1,0.015,2.0,propagule,5098,0,0,0.29580227540211845,True
11,5,49,0.1,0.015,2.0,propagule,5053,0,0,0.29744706115179104,True
11,5,50,0.1,0.015,2.0,propagule,5003,0,0,0.2984209474315411,True
11,5,51,0.1,0.015,2.0,propagule,4952,0,0,0.3016962843295638,True
11,5,52,0.1,0.015,2.0,propagule,4909,0,0,0.3043389692401711,True
11,6,1,0.1,0.015,2.0,propagule,4855,0,0,0.30607621009268793,True
11,6,2,0.1,0.015,2.0,propagule,4805,0,0,0.3100936524453694,True
11,6,3,0.1,0.015,2.0,propagule,4750,0,0,0.3111578947368421,True
11,6,4,0.1,0.015,2.0,propagule,4692,0,0,0.3145780051150895,True
11,6,5,0.1,0.015,2.0,propagule,4642,0,0,0.3162429987074537,True
11,6,6,0.1,0.015,2.0,propagule,4589,0,0,0.3174983656570059,True
11,6,7,0.1,0.015,2.0,propagule,4542,0,0,0.32012329370321446,True
11,6,8,0.1,0.015,2.0,propagule,4492,0,0,0.3223508459483526,True
11,6,9,0.1,0.015,2.0,propagule,4438,0,0,0.32401982875168994,True
11,6,10,0.1,0.015,2.0,propagule,4396,0,0,0.3250682438580528,True
11,6,11,0.1,0.015,2.0,propagule,4359,0,0,0.3264510208763478,True
11,6,12,0.1,0.015,2.0,propagule,4311,0,0,0.32846207376478775,True
11,6,13,0.1,0.015,2.0,propagule,4284,0,0,0.3291316526610644,True
11,6,14,0.1,0.015,2.0,propagule,4242,0,0,0.33074021687883076,True
11,6,15,0.1,0.015,2.0,propagule,4201,0,0,0.33230183289692933,True
11,6,16,0.1,0.015,2.0,propagule,4160,0,0,0.3329326923076923,True
11,6,17,0.1,0.015,2.0,propagule,4124,0,0,0.33511154219204653,True
11,6,18,0.1,0.015,2.0,propagule,8589,0,0,0.16113633717545697,True
11,6,19,0.1,0.015,2.0,propagule,8475,0,0,0.16271386430678467,True
11,6,20,0.1,0.015,2.0,propagule,8319,0,0,0.16444284168770285,True
11,6,21,0.1,0.015,2.0,propagule,8152,0,0,0.16756624141315016,True
11,6,22,0.1,0.015,2.0,propagule,7997,0,0,0.17056396148555708,True
11,6,23,0.1,0.015,2.0,propagule,7865,0,0,0.17342657342657342,True
11,6,24,0.1,0.015,2.0,propagule,7679,0,0,0.17593436645396535,True
11,6,25,0.1,0.015,2.0,propagule,7507,0,0,0.17969894764886107,True
11,6,26,0.1,0.015,2.0,propagule,7302,0,0,0.18186798137496576,True
11,6,27,0.1,0.015,2.0,propagule,7117,0,0,0.1864549669804693,True
11,6,28,0.1,0.015,2.0,propagule,6960,0,0,0.19022988505747127,True
11,6,29,0.1,0.015,2.0,propagule,6842,0,0,0.19190295235311314,True
11,6,30,0.1,0.015,2.0,propagule,6728,0,0,0.1941141498216409,True
11,6,31,0.1,0.015,2.0,propagule,6611,0,0,0.19649069732264407,True
11,6,32,0.1,0.015,2.0,propagule,6458,0,0,0.19835862496128834,True
11,6,33,0.1,0.015,2.0,propagule,6319,0,0,0.19971514480139263,True
11,6,34,0.1,0.015,2.0,propagule,6176,0,0,0.20239637305699482,True
11,6,35,0.1,0.015,2.0,propagule,6068,0,0,0.261206328279499,True
11,6,36,0.1,0.015,2.0,propagule,5963,0,0,0.26429649505282576,True
11,6,37,0.1,0.015,2.0,propagule,5855,0,0,0.267463706233988,True
11,6,38,0.1,0.015,2.0,propagule,5781,0,0,0.2696765265524996,True
11,6,39,0.1,0.015,2.0,propagule,5708,0,0,0.27154870357393135,True
11,6,40,0.1,0.015,2.0,propagule,5647,0,0,0.27324242960864176,True
11,6,41,0.1,0.015,2.0,propagule,5891,0,0,0.2912918010524529,True
11,6,42,0.1,0.015,2.0,propagule,5862,0,0,0.2913681337427499,True
11,6,43,0.1,0.015,2.0,propagule,5850,0,0,0.2965811965811966,True
11,6,44,0.1,0.015,2.0,propagule,5758,0,0,0.29645710316081975,True
11,6,45,0.1,0.015,2.0,propagule,5742,0,0,0.2997213514454894,True
11,6,46,0.1,0.015,2.0,propagule,5542,0,0,0.29538072897870804,True
11,6,47,0.1,0.015,2.0,propagule,5462,0,0,0.29732698645184913,True
11,6,48,0.1,0.015,2.0,propagule,5388,0,0,0.29955456570155903,True
11,6,49,0.1,0.015,2.0,propagule,5332,0,0,0.30101275318829707,True
11,6,50,0.1,0.015,2.0,propagule,5291,0,0,0.3024003024003024,True
11,6,51,0.1,0.015,2.0,propagule,5222,0,0,0.3039065492148602,True
11,6,52,0.1,0.015,2.0,propagule,5178,0,0,0.30513711857860176,True
11,7,1,0.1,0.015,2.0,propagule,5140,0,0,0.3066147859922179,True
11,7,2,0.1,0.015,2.0,propagule,5088,0,0,0.3069968553459119,True
11,7,3,0.1,0.015,2.0,propagule,5046,0,0,0.30737217598097505,True
11,7,4,0.1,0.015,2.0,propagule,4996,0,0,0.3088470776621297,True
11,7,5,0.1,0.015,2.0,propagule,4948,0,0,0.3116410670978173,True
11,7,6,0.1,0.015,2.0,propagule,4895,0,0,0.31297242083758936,True
11,7,7,0.1,0.015,2.0,propagule,4850,0,0,0.3156701030927835,True
11,7,8,0.1,0.015,2.0,propagule,4808,0,0,0.3178036605657238,True
11,7,9,0.1,0.015,2.0,propagule,4761,0,0,0.31905061961772735,True
11,7,10,0.1,0.015,2.0,propagule,4729,0,0,0.3216324804398393,True
11,7,11,0.1,0.015,2.0,propagule,4684,0,0,0.323868488471392,True
11,7,12,0.1,0.015,2.0,propagule,4624,0,0,0.3250432525951557,True
11,7,13,0.1,0.015,2.0,propagule,4554,0,0,0.3271848924022837,True
11,7,14,0.1,0.015,2.0,propagule,4502,0,0,0.3289649044868947,True
11,7,15,0.1,0.015,2.0,propagule,4457,0,0,0.3307157280682073,True
11,7,16,0.1,0.015,2.0,propagule,4423,0,0,0.33280578792674653,True
11,7,17,0.1,0.015,2.0,propagule,4387,0,0,0.332117620241623,True
11,7,18,0.1,0.015,2.0,propagule,9209,0,0,0.15886632641980672,True
11,7,19,0.1,0.015,2.0,propagule,9106,0,0,0.1618712936525368,True
11,7,20,0.1,0.015,2.0,propagule,8917,0,0,0.16317147022541215,True
11,7,21,0.1,0.015,2.0,propagule,8684,0,0,0.1660525103638876,True
11,7,22,0.1,0.015,2.0,propagule,8448,0,0,0.16927083333333334,True
11,7,23,0.1,0.015,2.0,propagule,8327,0,0,0.17221088026900444,True
11,7,24,0.1,0.015,2.0,propagule,8190,0,0,0.17631257631257632,True
11,7,25,0.1,0.015,2.0,propagule,8044,0,0,0.17913973147687717,True
11,7,26,0.1,0.015,2.0,propagule,7901,0,0,0.18124288064801924,True
11,7,27,0.1,0.015,2.0,propagule,7757,0,0,0.18486528297022045,True
11,7,28,0.1,0.015,2.0,propagule,7578,0,0,0.18857218263394035,True
11,7,29,0.1,0.015,2.0,propagule,7409,0,0,0.19138885139694967,True
11,7,30,0.1,0.015,2.0,propagule,7220,0,0,0.196398891966759,True
11,7,31,0.1,0.015,2.0,propagule,7059,0,0,0.19974500637484063,False
11,7,32,0.1,0.015,2.0,propagule,6879,0,0,0.20322721325774096,False
11,7,33,0.1,0.015,2.0,propagule,6777,0,0,0.205253061826767,False
11,7,34,0.1,0.015,2.0,propagule,6661,0,0,0.2082269929440024,False
11,7,35,0.1,0.015,2.0,propagule,6563,0,0,0.2649702879780588,True
11,7,36,0.1,0.015,2.0,propagule,6453,0,0,0.267007593367426,True
11,7,37,0.1,0.015,2.0,propagule,6349,0,0,0.2688612379902347,True
11,7,38,0.1,0.015,2.0,propagule,6250,0,0,0.27184,True
11,7,39,0.1,0.015,2.0,propagule,6181,0,0,0.2740656851642129,True
11,7,40,0.1,0.015,2.0,propagule,6112,0,0,0.2763416230366492,True
11,7,41,0.1,0.015,2.0,propagule,6323,0,0,0.29448046813221573,True
11,7,42,0.1,0.015,2.0,propagule,6305,0,0,0.2988104678826328,True
11,7,43,0.1,0.015,2.0,propagule,6278,0,0,0.29866199426568973,True
11,7,44,0.1,0.015,2.0,propagule,6237,0,0,0.3023889690556357,True
11,7,45,0.1,0.015,2.0,propagule,6250,0,0,0.30384,True
11,7,46,0.1,0.015,2.0,propagule,6046,0,0,0.30003307972213034,True
11,7,47,0.1,0.015,2.0,propagule,5997,0,0,0.29964982491245623,True
11,7,48,0.1,0.015,2.0,propagule,5940,0,0,0.301010101010101,True
11,7,49,0.1,0.015,2.0,propagule,5899,0,0,0.3029327004577047,True
11,7,50,0.1,0.015,2.0,propagule,5834,0,0,0.3054508056222146,True
11,7,51,0.1,0.015,2.0,propagule,5775,0,0,0.3071861471861472,True
11,7,52,0.1,0.015,2.0,propagule,5715,0,0,0.3100612423447069,True
11,8,1,0.1,0.015,2.0,propagule,5651,0,0,0.3105645018580782,True
11,8,2,0.1,0.015,2.0,propagule,5581,0,0,0.3123096219315535,True
11,8,3,0.1,0.015,2.0,propagule,5543,0,0,0.31246617355222805,True
11,8,4,0.1,0.015,2.0,propagule,5474,0,0,0.3145780051150895,True
11,8,5,0.1,0.015,2.0,propagule,5421,1,0,0.3174691016417635,False
11,8,6,0.1,0.015,2.0,propagule,5353,0,0,0.31888660564169624,False
11,8,7,0.1,0.015,2.0,propagule,5286,0,0,0.32027998486568293,False
11,8,8,0.1,0.015,2.0,propagule,5222,0,0,0.3226733052470318,False
11,8,9,0.1,0.015,2.0,propagule,5184,0,0,0.32330246913580246,True
11,8,10,0.1,0.015,2.0,propagule,5120,0,0,0.326171875,True
11,8,11,0.1,0.015,2.0,propagule,5063,0,0,0.32786885245901637,True
11,8,12,0.1,0.015,2.0,propagule,4997,0,0,0.3291975185111067,True
11,8,13,0.1,0.015,2.0,propagule,4941,0,0,0.3317142278890913,True
11,8,14,0.1,0.015,2.0,propagule,4894,0,0,0.3326522272170004,True
11,8,15,0.1,0.015,2.0,propagule,4840,0,0,0.33450413223140496,True
11,8,16,0.1,0.015,2.0,propagule,4790,0,0,0.33716075156576203,True
11,8,17,0.1,0.015,2.0,propagule,4736,0,0,0.3388935810810811,True
11,8,18,0.1,0.015,2.0,propagule,9776,0,0,0.16448445171849427,True
11,8,19,0.1,0.015,2.0,propagule,9658,0,0,0.16670118036860634,True
11,8,20,0.1,0.015,2.0,propagule,9480,0,0,0.16951476793248946,True
11,8,21,0.1,0.015,2.0,propagule,9343,0,0,0.1715723001177352,True
11,8,22,0.1,0.015,2.0,propagule,9127,0,0,0.17530404294949054,True
11,8,23,0.1,0.015,2.0,propagule,8937,0,0,0.1778001566521204,True
11,8,24,0.1,0.015,2.0,propagule,8734,0,0,0.181360201511335,True
11,8,25,0.1,0.015,2.0,propagule,8585,0,0,0.1834595224228305,True
11,8,26,0.1,0.015,2.0,propagule,8401,0,0,0.18569217950244019,True
11,8,27,0.1,0.015,2.0,propagule,8300,0,0,0.18783132530120483,True
11,8,28,0.1,0.015,2.0,propagule,8118,0,0,0.19154964276915495,True
11,8,29,0.1,0.015,2.0,propagule,7992,0,0,0.19444444444444445,True
11,8,30,0.1,0.015,2.0,propagule,7866,0,0,0.19692346809051614,True
11,8,31,0.1,0.015,2.0,propagule,7738,0,0,0.1995347635047816,True
11,8,32,0.1,0.015,2.0,propagule,7615,0,0,0.20367695338148392,True
11,8,33,0.1,0.015,2.0,propagule,7492,0,0,0.20675387079551522,True
11,8,34,0.1,0.015,2.0,propagule,7374,0,0,0.20992676973148902,True
11,8,35,0.1,0.015,2.0,propagule,7268,0,0,0.26499724821133736,True
11,8,36,0.1,0.015,2.0,propagule,7120,1,0,0.2683988764044944,False
11,8,37,0.1,0.015,2.0,propagule,7037,1,1,0.27099616313770075,False
11,8,38,0.1,0.015,2.0,propagule,6953,1,1,0.272831871134762,False
11,8,39,0.1,0.015,2.0,propagule,6872,0,0,0.2756111757857974,True
11,8,40,0.1,0.015,2.0,propagule,6789,0,0,0.27750773309765797,True
11,8,41,0.1,0.015,2.0,propagule,7070,0,0,0.29490806223479493,True
11,8,42,0.1,0.015,2.0,propagule,7054,0,0,0.30011341083073434,True
11,8,43,0.1,0.015,2.0,propagule,7011,0,0,0.3029525032092426,True
11,8,44,0.1,0.015,2.0,propagule,6996,0,0,0.30617495711835335,True
11,8,45,0.1,0.015,2.0,propagule,6970,0,0,0.3074605451936872,True
11,8,46,0.1,0.015,2.0,propagule,6748,0,0,0.3024599881446354,True
11,8,47,0.1,0.015,2.0,propagule,6660,0,0,0.30495495495495495,True
11,8,48,0.1,0.015,2.0,propagule,6606,0,0,0.3068422646079322,True
11,8,49,0.1,0.015,2.0,propagule,6522,0,0,0.3083409996933456,True
11,8,50,0.1,0.015,2.0,propagule,6454,0,0,0.3106600557793616,True
11,8,51,0.1,0.015,2.0,propagule,6397,0,0,0.3132718461778959,True
11,8,52,0.1,0.015,2.0,propagule,6329,0,0,0.3147416653499763,True
11,9,1,0.1,0.015,2.0,propagule,6270,0,0,0.3156299840510367,True
11,9,2,0.1,0.015,2.0,propagule,6199,0,0,0.31747055976770444,True
11,9,3,0.1,0.015,2.0,propagule,6131,0,0,0.3187082042081227,True
11,9,4,0.1,0.015,2.0,propagule,6069,0,0,0.31883341571922885,True
11,9,5,0.1,0.015,2.0,propagule,6003,0,0,0.32283858070964516,True
11,9,6,0.1,0.015,2.0,propagule,5948,0,0,0.32464694014794887,True
11,9,7,0.1,0.015,2.0,propagule,5880,0,0,0.32602040816326533,True
11,9,8,0.1,0.015,2.0,propagule,5821,0,0,0.3288094829067171,True
11,9,9,0.1,0.015,2.0,propagule,5758,0,0,0.3284126432789163,True
11,9,10,0.1,0.015,2.0,propagule,5715,0,0,0.33175853018372703,True
11,9,11,0.1,0.015,2.0,propagule,5640,0,0,0.3301418439716312,True
11,9,12,0.1,0.015,2.0,propagule,5602,0,0,0.3338093538022135,True
11,9,13,0.1,0.015,2.0,propagule,5539,0,0,0.3358006860444123,True
11,9,14,0.1,0.015,2.0,propagule,5491,0,0,0.3367328355490803,True
11,9,15,0.1,0.015,2.0,propagule,5441,0,0,0.3378055504502849,True
11,9,16,0.1,0.015,2.0,propagule,5382,0,0,0.34243775548123373,True
11,9,17,0.1,0.015,2.0,propagule,5309,0,0,0.34337916745149744,True
11,9,18,0.1,0.015,2.0,propagule,10626,0,0,0.16412572934312064,True
11,9,19,0.1,0.015,2.0,propagule,10499,0,0,0.16649204686160587,True
11,9,20,0.1,0.015,2.0,propagule,10287,0,0,0.16992320404393896,True
11,9,21,0.1,0.015,2.0,propagule,10061,0,0,0.1738395785707186,True
11,9,22,0.1,0.015,2.0,propagule,9882,0,0,0.17729204614450517,True
11,9,23,0.1,0.015,2.0,propagule,9753,0,0,0.18168768584025427,True
11,9,24,0.1,0.015,2.0,propagule,9586,0,0,0.18537450448570833,True
11,9,25,0.1,0.015,2.0,propagule,9398,0,0,0.1874866992977229,True
11,9,26,0.1,0.015,2.0,propagule,9200,0,0,0.19206521739130436,True
11,9,27,0.1,0.015,2.0,propagule,9055,0,0,0.19480949751518498,True
11,9,28,0.1,0.015,2.0,propagule,8839,0,0,0.1988912772938115,True
11,9,29,0.1,0.015,2.0,propagule,8687,0,0,0.20271670311960402,True
11,9,30,0.1,0.015,2.0,propagule,8514,0,0,0.2054263565891473,True
11,9,31,0.1,0.015,2.0,propagule,8325,0,0,0.2084084084084084,True
11,9,32,0.1,0.015,2.0,propagule,8177,0,0,0.21083526965879906,True
11,9,33,0.1,0.015,2.0,propagule,8046,0,0,0.21339796172010936,True
11,9,34,0.1,0.015,2.0,propagule,7897,0,0,0.21628466506268204,True
11,9,35,0.1,0.015,2.0,propagule,7784,0,0,0.2772353545734841,True
11,9,36,0.1,0.015,2.0,propagule,7649,0,0,0.27990587004837236,True
11,9,37,0.1,0.015,2.0,propagule,7521,0,0,0.28320702034303946,True
11,9,38,0.1,0.015,2.0,propagule,7431,0,0,0.28663706096083974,True
11,9,39,0.1,0.015,2.0,propagule,7337,0,0,0.28799236745263734,True
11,9,40,0.1,0.015,2.0,propagule,7253,0,0,0.28925961671032674,True
11,9,41,0.1,0.015,2.0,propagule,7536,0,0,0.3049363057324841,True
11,9,42,0.1,0.015,2.0,propagule,7562,0,0,0.3095741867230891,True
11,9,43,0.1,0.015,2.0,propagule,7477,0,0,0.31175605189247024,True
11,9,44,0.1,0.015,2.0,propagule,7411,0,0,0.3121036297395763,True
11,9,45,0.1,0.015,2.0,propagule,7367,0,0,0.31654676258992803,True
11,9,46,0.1,0.015,2.0,propagule,7160,0,0,0.313268156424581,True
11,9,47,0.1,0.015,2.0,propagule,7089,0,0,0.3142897446748484,True
11,9,48,0.1,0.015,2.0,propagule,7023,0,0,0.3148227253310551,True
11,9,49,0.1,0.015,2.0,propagule,6961,0,0,0.31676483263898864,True
11,9,50,0.1,0.015,2.0,propagule,6889,0,0,0.3199303237044564,True
11,9,51,0.1,0.015,2.0,propagule,6833,0,0,0.32006439338504317,True
11,9,52,0.1,0.015,2.0,propagule,6769,0,0,0.3220564337420594,True
11,10,1,0.1,0.015,2.0,propagule,6709,0,0,0.3231480101356387,True
11,10,2,0.1,0.015,2.0,propagule,6629,0,0,0.32478503545029414,True
11,10,3,0.1,0.015,2.0,propagule,6571,0,0,0.32582559732156446,True
11,10,4,0.1,0.015,2.0,propagule,6484,0,0,0.3283466995681678,True
11,10,5,0.1,0.015,2.0,propagule,6408,0,0,0.3309925093632959,True
11,10,6,0.1,0.015,2.0,propagule,6342,0,0,0.33349101229895933,True
11,10,7,0.1,0.015,2.0,propagule,6288,0,0,0.3333333333333333,True
11,10,8,0.1,0.015,2.0,propagule,6226,0,0,0.3358496627047864,True
11,10,9,0.1,0.015,2.0,propagule,6171,0,0,0.33754658888348726,True
11,10,10,0.1,0.015,2.0,propagule,6083,0,0,0.34062140391254314,True
11,10,11,0.1,0.015,2.0,propagule,6034,0,0,0.34255883327809084,True
11,10,12,0.1,0.015,2.0,propagule,5987,0,0,0.3459161516619342,True
11,10,13,0.1,0.015,2.0,propagule,5937,0,0,0.34765032844871147,True
11,10,14,0.1,0.015,2.0,propagule,5887,0,0,0.348564633939188,True
11,10,15,0.1,0.015,2.0,propagule,5824,0,0,0.35130494505494503,True
11,10,16,0.1,0.015,2.0,propagule,5760,0,0,0.3527777777777778,True
11,10,17,0.1,0.015,2.0,propagule,5708,0,0,0.3540644709180098,True
11,10,18,0.1,0.015,2.0,propagule,11765,0,0,0.1680407989800255,True
11,10,19,0.1,0.015,2.0,propagule,11612,0,0,0.1699965552876335,True
11,10,20,0.1,0.015,2.0,propagule,11400,0,0,0.17342105263157895,True
11,10,21,0.1,0.015,2.0,propagule,11191,0,0,0.17594495576802788,True
11,10,22,0.1,0.015,2.0,propagule,10948,0,0,0.17911947387650712,True
11,10,23,0.1,0.015,2.0,propagule,10730,0,0,0.18303821062441752,True
11,10,24,0.1,0.015,2.0,propagule,10519,0,0,0.1858541686472098,True
11,10,25,0.1,0.015,2.0,propagule,10355,0,0,0.18734910671173347,True
11,10,26,0.1,0.015,2.0,propagule,10079,0,0,0.1912888183351523,True
11,10,27,0.1,0.015,2.0,propagule,9839,0,0,0.1953450553918081,True
11,10,28,0.1,0.015,2.0,propagule,9621,0,0,0.1991476977445172,True
11,10,29,0.1,0.015,2.0,propagule,9462,0,0,0.20291693088142043,True
11,10,30,0.1,0.015,2.0,propagule,9257,0,0,0.20611429188722047,True
11,10,31,0.1,0.015,2.0,propagule,9104,0,0,0.2086994727592267,True
11,10,32,0.1,0.015,2.0,propagule,8926,0,0,0.21308536858615282,True
11,10,33,0.1,0.015,2.0,propagule,8764,0,0,0.21611136467366499,True
11,10,34,0.1,0.015,2.0,propagule,8607,0,0,0.21877541535959102,True
11,10,35,0.1,0.015,2.0,propagule,8472,0,0,0.2754957507082153,True
11,10,36,0.1,0.015,2.0,propagule,8324,0,0,0.27967323402210476,True
11,10,37,0.1,0.015,2.0,propagule,8207,0,0,0.28207627634945776,True
11,10,38,0.1,0.015,2.0,propagule,8116,0,0,0.2838836865450961,True
11,10,39,0.1,0.015,2.0,propagule,8050,0,0,0.2857142857142857,True
11,10,40,0.1,0.015,2.0,propagule,7938,0,0,0.2889896699420509,True
11,10,41,0.1,0.015,2.0,propagule,8210,0,0,0.30401948842874543,True
11,10,42,0.1,0.015,2.0,propagule,8189,0,0,0.3115154475515936,True
11,10,43,0.1,0.015,2.0,propagule,8093,0,0,0.31360434943778576,True
11,10,44,0.1,0.015,2.0,propagule,8047,0,0,0.31465142289051823,True
11,10,45,0.1,0.015,2.0,propagule,7994,0,0,0.315986990242682,True
11,10,46,0.1,0.015,2.0,propagule,7752,0,0,0.31050051599587203,True
11,10,47,0.1,0.015,2.0,propagule,7666,0,0,0.3102008870336551,True
11,10,48,0.1,0.015,2.0,propagule,7572,0,0,0.31299524564183834,True
11,10,49,0.1,0.015,2.0,propagule,7503,0,0,0.31534053045448485,True
11,10,50,0.1,0.015,2.0,propagule,7438,0,0,0.31755848346329657,True
11,10,51,0.1,0.015,2.0,propagule,7365,0,0,0.32043448744059744,True
11,10,52,0.1,0.015,2.0,propagule,7298,0,0,0.3215949575226089,True
11,11,1,0.1,0.015,2.0,propagule,7244,0,0,0.32357813362782994,True
11,11,2,0.1,0.015,2.0,propagule,7183,0,0,0.3243770012529584,True
11,11,3,0.1,0.015,2.0,propagule,7099,0,0,0.32525707846175517,False
11,11,4,0.1,0.015,2.0,propagule,7039,0,0,0.32689302457735475,False
11,11,5,0.1,0.015,2.0,propagule,6965,0,0,0.3287867910983489,False
11,11,6,0.1,0.015,2.0,propagule,6865,0,0,0.3300801165331391,False
11,11,7,0.1,0.015,2.0,propagule,6800,0,0,0.3322058823529412,True
11,11,8,0.1,0.015,2.0,propagule,6715,0,0,0.3340282948622487,True
11,11,9,0.1,0.015,2.0,propagule,6648,0,0,0.33574007220216606,True
11,11,10,0.1,0.015,2.0,propagule,6577,0,0,0.33784400182454005,True
11,11,11,0.1,0.015,2.0,propagule,6509,0,0,0.3404516822860654,True
11,11,12,0.1,0.015,2.0,propagule,6441,0,0,0.34202763546033227,True
11,11,13,0.1,0.015,2.0,propagule,6380,0,0,0.34341692789968653,True
11,11,14,0.1,0.015,2.0,propagule,6322,0,0,0.3451439417905726,True
11,11,15,0.1,0.015,2.0,propagule,6235,0,0,0.3470729751403368,True
11,11,16,0.1,0.015,2.0,propagule,6184,0,0,0.34977360931435963,True
11,11,17,0.1,0.015,2.0,propagule,6124,0,0,0.3514043109079033,True
11,11,18,0.1,0.015,2.0,propagule,12447,0,0,0.16686751827749657,True
11,11,19,0.1,0.015,2.0,propagule,12306,0,0,0.16999837477653176,True
11,11,20,0.1,0.015,2.0,propagule,12029,0,0,0.17382991104829995,True
11,11,21,0.1,0.015,2.0,propagule,11798,0,0,0.1768096287506357,True
11,11,22,0.1,0.015,2.0,propagule,11558,0,0,0.17935629001557363,True
11,11,23,0.1,0.015,2.0,propagule,11264,0,0,0.18128551136363635,True
11,11,24,0.1,0.015,2.0,propagule,11025,0,0,0.18494331065759637,True
11,11,25,0.1,0.015,2.0,propagule,10790,0,0,0.18739573679332716,True
11,11,26,0.1,0.015,2.0,propagule,10561,0,0,0.19108039011457248,True
11,11,27,0.1,0.015,2.0,propagule,10351,0,0,0.19379770070524588,True
11,11,28,0.1,0.015,2.0,propagule,10197,0,0,0.19584191428851622,True
11,11,29,0.1,0.015,2.0,propagule,10050,0,0,0.19900497512437812,True
11,11,30,0.1,0.015,2.0,propagule,9876,0,0,0.2026123936816525,True
11,11,31,0.1,0.015,2.0,propagule,9744,0,0,0.20515188834154352,True
11,11,32,0.1,0.015,2.0,propagule,9608,0,0,0.20639050791007493,True
11,11,33,0.1,0.015,2.0,propagule,9471,0,0,0.2099039172209904,True
11,11,34,0.1,0.015,2.0,propagule,9326,0,0,0.2110229466009007,True
11,11,35,0.1,0.015,2.0,propagule,9165,0,0,0.27397708674304416,True
11,11,36,0.1,0.015,2.0,propagule,8986,0,0,0.27743156020476295,True
11,11,37,0.1,0.015,2.0,propagule,8830,0,0,0.2814269535673839,True
11,11,38,0.1,0.015,2.0,propagule,8734,0,0,0.28280283947790247,True
11,11,39,0.1,0.015,2.0,propagule,8637,0,0,0.28655783258075723,True
11,11,40,0.1,0.015,2.0,propagule,8525,0,0,0.2883284457478006,True
11,11,41,0.1,0.015,2.0,propagule,8791,0,0,0.30201342281879195,True
11,11,42,0.1,0.015,2.0,propagule,8780,0,0,0.3042141230068337,True
11,11,43,0.1,0.015,2.0,propagule,8752,0,0,0.3079296160877514,True
11,11,44,0.1,0.015,2.0,propagule,8706,0,0,0.3127728003675626,True
11,11,45,0.1,0.015,2.0,propagule,8637,0,0,0.31446103971286327,True
11,11,46,0.1,0.015,2.0,propagule,8344,0,0,0.30860498561840843,True
11,11,47,0.1,0.015,2.0,propagule,8238,0,0,0.30893420733187665,True
11,11,48,0.1,0.015,2.0,propagule,8136,0,0,0.31059488692232057,True
11,11,49,0.1,0.015,2.0,propagule,8049,0,0,0.31308237048080506,True
11,11,50,0.1,0.015,2.0,propagule,7968,0,0,0.31551204819277107,True
11,11,51,0.1,0.015,2.0,propagule,7871,0,0,0.31609706517596237,True
11,11,52,0.1,0.015,2.0,propagule,7784,0,0,0.3180883864337102,True
