rep,year,week,sero,disease,rate,type,total_pop,n_infected,n_symptomatic,actual_sero,elim
11,1,1,0.0,0.03,1.0,propagule,2764,0,0,0.09949348769898697,True
11,1,2,0.0,0.03,1.0,propagule,2721,0,0,0.10106578463800074,True
11,1,3,0.0,0.03,1.0,propagule,2647,0,0,0.1038911975821685,True
11,1,4,0.0,0.03,1.0,propagule,2599,0,0,0.1027318199307426,True
11,1,5,0.0,0.03,1.0,propagule,2567,0,0,0.10518114530580444,True
11,1,6,0.0,0.03,1.0,propagule,2542,0,0,0.10857592446892211,True
11,1,7,0.0,0.03,1.0,propagule,2490,0,0,0.1108433734939759,True
11,1,8,0.0,0.03,1.0,propagule,2449,0,0,0.11229073091057575,True
11,1,9,0.0,0.03,1.0,propagule,2439,0,0,0.11398113981139811,True
11,1,10,0.0,0.03,1.0,propagule,2430,0,0,0.11604938271604938,True
11,1,11,0.0,0.03,1.0,propagule,2386,0,0,0.1181894383906119,True
11,1,12,0.0,0.03,1.0,propagule,2383,0,0,0.12043642467477969,True
11,1,13,0.0,0.03,1.0,propagule,2361,0,0,0.12155866158407455,True
11,1,14,0.0,0.03,1.0,propagule,2343,0,0,0.12377294067434913,True
11,1,15,0.0,0.03,1.0,propagule,2321,0,0,0.12623869021973289,True
11,1,16,0.0,0.03,1.0,propagule,2307,0,0,0.13003901170351106,True
11,1,17,0.0,0.03,1.0,propagule,2290,0,0,0.1314410480349345,True
11,1,18,0.0,0.03,1.0,propagule,6531,0,0,0.04853774307150513,True
11,1,19,0.0,0.03,1.0,propagule,6378,0,0,0.05032925682031985,True
11,1,20,0.0,0.03,1.0,propagule,6262,0,0,0.05158096454806771,True
11,1,21,0.0,0.03,1.0,propagule,6146,0,0,0.05466970387243736,True
11,1,22,0.0,0.03,1.0,propagule,6026,0,0,0.05592432791237969,True
11,1,23,0.0,0.03,1.0,propagule,5877,0,0,0.05785264590777608,True
11,1,24,0.0,0.03,1.0,propagule,5772,0,0,0.061677061677061676,True
11,1,25,0.0,0.03,1.0,propagule,5676,0,0,0.06448202959830866,True
11,1,26,0.0,0.03,1.0,propagule,5578,0,0,0.06740767300107565,True
11,1,27,0.0,0.03,1.0,propagule,5488,0,0,0.06997084548104957,True
11,1,28,0.0,0.03,1.0,propagule,5407,0,0,0.07157388570371741,True
11,1,29,0.0,0.03,1.0,propagule,5310,0,0,0.07325800376647834,True
11,1,30,0.0,0.03,1.0,propagule,5198,0,0,0.07695267410542517,True
11,1,31,0.0,0.03,1.0,propagule,5086,0,0,0.07864726700747149,True
11,1,32,0.0,0.03,1.0,propagule,4971,0,0,0.08147254073627037,True
11,1,33,0.0,0.03,1.0,propagule,4891,0,0,0.08382743815170722,True
11,1,34,0.0,0.03,1.0,propagule,4779,0,0,0.08662900188323917,True
11,1,35,0.0,0.03,1.0,propagule,4702,0,0,0.09017439387494683,True
11,1,36,0.0,0.03,1.0,propagule,4619,0,0,0.09309374323446633,True
11,1,37,0.0,0.03,1.0,propagule,4522,0,0,0.09575409111012827,True
11,1,38,0.0,0.03,1.0,propagule,4450,0,0,0.09707865168539326,True
11,1,39,0.0,0.03,1.0,propagule,4404,0,0,0.09922797456857402,True
11,1,40,0.0,0.03,1.0,propagule,4349,0,0,0.10002299379167624,True
11,1,41,0.0,0.03,1.0,propagule,4374,0,0,0.11202560585276634,True
11,1,42,0.0,0.03,1.0,propagule,4315,0,0,0.11726535341830822,True
11,1,43,0.0,0.03,1.0,propagule,4255,0,0,0.12079905992949472,True
11,1,44,0.0,0.03,1.0,propagule,4184,0,0,0.12404397705544933,True
11,1,45,0.0,0.03,1.0,propagule,4135,0,0,0.12986698911729141,True
11,1,46,0.0,0.03,1.0,propagule,3919,0,0,0.12350089308497066,True
11,1,47,0.0,0.03,1.0,propagule,3840,0,0,0.12552083333333333,True
11,1,48,0.0,0.03,1.0,propagule,3784,0,0,0.12420718816067654,True
11,1,49,0.0,0.03,1.0,propagule,3727,0,0,0.12637510061711832,True
11,1,50,0.0,0.03,1.0,propagule,3711,0,0,0.12745890595526813,True
11,1,51,0.0,0.03,1.0,propagule,3672,0,0,0.12717864923747277,True
11,1,52,0.0,0.03,1.0,propagule,3642,0,0,0.12932454695222406,True
11,2,1,0.0,0.03,1.0,propagule,3610,6,0,0.13102493074792243,False
11,2,2,0.0,0.03,1.0,propagule,3578,6,0,0.1335941866964785,False
11,2,3,0.0,0.03,1.0,propagule,3535,6,1,0.1355021216407355,False
11,2,4,0.0,0.03,1.0,propagule,3497,7,2,0.13668859022018873,False
11,2,5,0.0,0.03,1.0,propagule,3461,12,3,0.13926610806125397,False
11,2,6,0.0,0.03,1.0,propagule,3433,11,3,0.1404019807748325,False
11,2,7,0.0,0.03,1.0,propagule,3391,15,4,0.1406664700678266,False
11,2,8,0.0,0.03,1.0,propagule,3348,21,7,0.14187574671445638,False
11,2,9,0.0,0.03,1.0,propagule,3320,35,8,0.14518072289156628,False
11,2,10,0.0,0.03,1.0,propagule,3261,42,11,0.1447408770315854,False
11,2,11,0.0,0.03,1.0,propagule,3226,53,20,0.14755114693118412,False
11,2,12,0.0,0.03,1.0,propagule,3186,52,25,0.15160075329566855,False
11,2,13,0.0,0.03,1.0,propagule,3132,51,18,0.15549169859514686,False
11,2,14,0.0,0.03,1.0,propagule,3084,50,18,0.15856031128404668,False
11,2,15,0.0,0.03,1.0,propagule,3048,56,23,0.1597769028871391,False
11,2,16,0.0,0.03,1.0,propagule,2996,52,24,0.16188251001335113,False
11,2,17,0.0,0.03,1.0,propagule,2952,53,22,0.16361788617886178,False
11,2,18,0.0,0.03,1.0,propagule,5213,52,18,0.09246115480529446,False
11,2,19,0.0,0.03,1.0,propagule,5161,62,17,0.09378027514047665,False
11,2,20,0.0,0.03,1.0,propagule,5070,76,16,0.0970414201183432,False
11,2,21,0.0,0.03,1.0,propagule,4948,75,16,0.099232012934519,False
11,2,22,0.0,0.03,1.0,propagule,4872,87,31,0.10201149425287356,False
11,2,23,0.0,0.03,1.0,propagule,4776,89,38,0.10510887772194305,False
11,2,24,0.0,0.03,1.0,propagule,4671,88,32,0.10875615499892957,False
11,2,25,0.0,0.03,1.0,propagule,4565,88,26,0.11062431544359255,False
11,2,26,0.0,0.03,1.0,propagule,4484,79,29,0.1139607493309545,False
11,2,27,0.0,0.03,1.0,propagule,4391,81,37,0.11523570940560236,False
11,2,28,0.0,0.03,1.0,propagule,4284,63,32,0.11788048552754435,False
11,2,29,0.0,0.03,1.0,propagule,4168,65,22,0.12164107485604607,False
11,2,30,0.0,0.03,1.0,propagule,4060,56,20,0.12463054187192119,False
11,2,31,0.0,0.03,1.0,propagule,3974,58,22,0.12506290890790137,False
11,2,32,0.0,0.03,1.0,propagule,3877,55,22,0.12870776373484652,False
11,2,33,0.0,0.03,1.0,propagule,3804,57,23,0.13117770767613038,False
11,2,34,0.0,0.03,1.0,propagule,3709,56,23,0.1366945268266379,False
11,2,35,0.0,0.03,1.0,propagule,3605,55,24,0.1403606102635229,False
11,2,36,0.0,0.03,1.0,propagule,3532,47,21,0.1441109852774632,False
11,2,37,0.0,0.03,1.0,propagule,3474,41,19,0.1459412780656304,False
11,2,38,0.0,0.03,1.0,propagule,3431,38,13,0.14835324978140485,False
11,2,39,0.0,0.03,1.0,propagule,3397,36,13,0.15160435678539888,False
11,2,40,0.0,0.03,1.0,propagule,3353,40,17,0.1518043543095735,False
11,2,41,0.0,0.03,1.0,propagule,3479,33,15,0.1799367634377695,False
11,2,42,0.0,0.03,1.0,propagule,3476,36,13,0.19361334867663982,False
11,2,43,0.0,0.03,1.0,propagule,3424,34,13,0.1939252336448598,False
11,2,44,0.0,0.03,1.0,propagule,3396,35,13,0.1978798586572438,False
11,2,45,0.0,0.03,1.0,propagule,3361,35,11,0.20261826837250818,False
11,2,46,0.0,0.03,1.0,propagule,3167,34,13,0.1859804231133565,False
11,2,47,0.0,0.03,1.0,propagule,3083,41,16,0.18293869607525137,False
11,2,48,0.0,0.03,1.0,propagule,3025,37,15,0.18644628099173555,False
11,2,49,0.0,0.03,1.0,propagule,2977,35,16,0.18676519986563656,False
11,2,50,0.0,0.03,1.0,propagule,2916,37,14,0.19135802469135801,False
11,2,51,0.0,0.03,1.0,propagule,2875,40,17,0.19165217391304348,False
11,2,52,0.0,0.03,1.0,propagule,2833,41,22,0.1941404871161313,False
11,3,1,0.0,0.03,1.0,propagule,2788,46,17,0.1983500717360115,False
11,3,2,0.0,0.03,1.0,propagule,2748,55,11,0.20014556040756915,False
11,3,3,0.0,0.03,1.0,propagule,2718,56,15,0.20345842531272995,False
11,3,4,0.0,0.03,1.0,propagule,2683,57,20,0.20685799478196049,False
11,3,5,0.0,0.03,1.0,propagule,2647,61,24,0.2089157536834152,False
11,3,6,0.0,0.03,1.0,propagule,2618,60,30,0.21237585943468296,False
11,3,7,0.0,0.03,1.0,propagule,2571,60,27,0.21548035783741734,False
11,3,8,0.0,0.03,1.0,propagule,2532,48,18,0.21958925750394945,False
11,3,9,0.0,0.03,1.0,propagule,2495,47,21,0.2216432865731463,False
11,3,10,0.0,0.03,1.0,propagule,2465,51,18,0.22393509127789046,False
11,3,11,0.0,0.03,1.0,propagule,2422,40,18,0.22708505367464904,False
11,3,12,0.0,0.03,1.0,propagule,2397,45,23,0.22820191906549853,False
11,3,13,0.0,0.03,1.0,propagule,2368,37,16,0.23057432432432431,False
11,3,14,0.0,0.03,1.0,propagule,2336,39,13,0.2367294520547945,False
11,3,15,0.0,0.03,1.0,propagule,2310,40,10,0.23636363636363636,False
11,3,16,0.0,0.03,1.0,propagule,2273,44,12,0.23933128024637043,False
11,3,17,0.0,0.03,1.0,propagule,2239,46,17,0.24251898168825367,False
11,3,18,0.0,0.03,1.0,propagule,4827,48,18,0.11332090325253781,False
11,3,19,0.0,0.03,1.0,propagule,4739,79,16,0.11605824013504959,False
11,3,20,0.0,0.03,1.0,propagule,4637,93,20,0.12055208108690964,False
11,3,21,0.0,0.03,1.0,propagule,4545,103,34,0.12255225522552256,False
11,3,22,0.0,0.03,1.0,propagule,4390,109,31,0.12482915717539864,False
11,3,23,0.0,0.03,1.0,propagule,4219,104,37,0.12894050722920122,False
11,3,24,0.0,0.03,1.0,propagule,4111,100,42,0.13184140111894915,False
11,3,25,0.0,0.03,1.0,propagule,3995,90,41,0.13566958698372966,False
11,3,26,0.0,0.03,1.0,propagule,3868,91,37,0.1388314374353671,False
11,3,27,0.0,0.03,1.0,propagule,3756,91,32,0.1413738019169329,False
11,3,28,0.0,0.03,1.0,propagule,3649,96,29,0.14551932036174295,False
11,3,29,0.0,0.03,1.0,propagule,3577,93,34,0.14705060106234275,False
11,3,30,0.0,0.03,1.0,propagule,3470,99,40,0.14812680115273774,False
11,3,31,0.0,0.03,1.0,propagule,3332,94,30,0.15366146458583432,False
11,3,32,0.0,0.03,1.0,propagule,3231,95,34,0.1566078613432374,False
11,3,33,0.0,0.03,1.0,propagule,3170,91,35,0.1605678233438486,False
11,3,34,0.0,0.03,1.0,propagule,3098,79,37,0.1642995480955455,False
11,3,35,0.0,0.03,1.0,propagule,3005,79,38,0.16772046589018302,False
11,3,36,0.0,0.03,1.0,propagule,2911,64,24,0.1700446581930608,False
11,3,37,0.0,0.03,1.0,propagule,2824,64,26,0.17528328611898017,False
11,3,38,0.0,0.03,1.0,propagule,2768,66,25,0.17991329479768786,False
11,3,39,0.0,0.03,1.0,propagule,2719,62,25,0.18131666053696213,False
11,3,40,0.0,0.03,1.0,propagule,2686,66,28,0.18503350707371558,False
11,3,41,0.0,0.03,1.0,propagule,2954,63,21,0.22681110358835477,False
11,3,42,0.0,0.03,1.0,propagule,2948,54,21,0.23575305291723203,False
11,3,43,0.0,0.03,1.0,propagule,2908,56,23,0.24243466299862448,False
11,3,44,0.0,0.03,1.0,propagule,2862,47,25,0.25122292103424176,False
11,3,45,0.0,0.03,1.0,propagule,2836,49,24,0.2521156558533145,False
11,3,46,0.0,0.03,1.0,propagule,2591,44,15,0.23388653029718257,False
11,3,47,0.0,0.03,1.0,propagule,2495,44,14,0.22885771543086172,False
11,3,48,0.0,0.03,1.0,propagule,2448,46,15,0.2312091503267974,False
11,3,49,0.0,0.03,1.0,propagule,2417,47,15,0.23376086057095574,False
11,3,50,0.0,0.03,1.0,propagule,2393,45,21,0.23568742164646886,False
11,3,51,0.0,0.03,1.0,propagule,2379,46,19,0.23833543505674654,False
11,3,52,0.0,0.03,1.0,propagule,2340,44,17,0.24273504273504273,False
11,4,1,0.0,0.03,1.0,propagule,2317,40,24,0.24600776866637894,False
11,4,2,0.0,0.03,1.0,propagule,2282,36,19,0.24802804557405783,False
11,4,3,0.0,0.03,1.0,propagule,2257,32,11,0.24944616747895437,False
11,4,4,0.0,0.03,1.0,propagule,2221,33,11,0.25393966681674923,False
11,4,5,0.0,0.03,1.0,propagule,2215,35,14,0.254627539503386,False
11,4,6,0.0,0.03,1.0,propagule,2190,36,12,0.25753424657534246,False
11,4,7,0.0,0.03,1.0,propagule,2163,27,11,0.2588996763754045,False
11,4,8,0.0,0.03,1.0,propagule,2131,35,12,0.2627874237447208,False
11,4,9,0.0,0.03,1.0,propagule,2105,27,12,0.2646080760095012,False
11,4,10,0.0,0.03,1.0,propagule,2088,28,12,0.2686781609195402,False
11,4,11,0.0,0.03,1.0,propagule,2063,30,10,0.27193407658749397,False
11,4,12,0.0,0.03,1.0,propagule,2034,32,10,0.27630285152409045,False
11,4,13,0.0,0.03,1.0,propagule,2012,27,10,0.2788270377733598,False
11,4,14,0.0,0.03,1.0,propagule,1988,29,10,0.2811871227364185,False
11,4,15,0.0,0.03,1.0,propagule,1963,24,9,0.28425878757004586,False
11,4,16,0.0,0.03,1.0,propagule,1941,23,11,0.28387429160226685,False
11,4,17,0.0,0.03,1.0,propagule,1920,28,9,0.2859375,False
11,4,18,0.0,0.03,1.0,propagule,3933,23,5,0.13958810068649885,False
11,4,19,0.0,0.03,1.0,propagule,3875,22,7,0.14219354838709677,False
11,4,20,0.0,0.03,1.0,propagule,3820,33,7,0.1463350785340314,False
11,4,21,0.0,0.03,1.0,propagule,3732,36,12,0.1487138263665595,False
11,4,22,0.0,0.03,1.0,propagule,3640,41,21,0.15082417582417582,False
11,4,23,0.0,0.03,1.0,propagule,3564,42,16,0.15460157126823793,False
11,4,24,0.0,0.03,1.0,propagule,3478,32,12,0.156411730879816,False
11,4,25,0.0,0.03,1.0,propagule,3396,39,12,0.1604829210836278,False
11,4,26,0.0,0.03,1.0,propagule,3329,35,11,0.1628116551516972,False
11,4,27,0.0,0.03,1.0,propagule,3259,34,14,0.1638539429272783,False
11,4,28,0.0,0.03,1.0,propagule,3190,34,15,0.16677115987460814,False
11,4,29,0.0,0.03,1.0,propagule,3110,34,14,0.17041800643086816,False
11,4,30,0.0,0.03,1.0,propagule,3036,32,13,0.17391304347826086,False
11,4,31,0.0,0.03,1.0,propagule,2969,33,14,0.177500842034355,False
11,4,32,0.0,0.03,1.0,propagule,2913,33,14,0.18056985925163063,False
11,4,33,0.0,0.03,1.0,propagule,2842,33,16,0.18578465869106264,False
11,4,34,0.0,0.03,1.0,propagule,2777,31,11,0.189413035649982,False
11,4,35,0.0,0.03,1.0,propagule,2715,24,12,0.19373848987108655,False
11,4,36,0.0,0.03,1.0,propagule,2649,26,14,0.19554548886372217,False
11,4,37,0.0,0.03,1.0,propagule,2591,18,6,0.1991509069857198,False
11,4,38,0.0,0.03,1.0,propagule,2562,15,3,0.20023419203747073,False
11,4,39,0.0,0.03,1.0,propagule,2518,16,4,0.20135027799841143,False
11,4,40,0.0,0.03,1.0,propagule,2489,19,10,0.20289272800321415,False
11,4,41,0.0,0.03,1.0,propagule,2820,25,11,0.26099290780141843,False
11,4,42,0.0,0.03,1.0,propagule,2825,21,6,0.26548672566371684,False
11,4,43,0.0,0.03,1.0,propagule,2809,22,6,0.27625489498042005,False
11,4,44,0.0,0.03,1.0,propagule,2772,23,13,0.2748917748917749,False
11,4,45,0.0,0.03,1.0,propagule,2749,22,11,0.2753728628592215,False
11,4,46,0.0,0.03,1.0,propagule,2529,16,7,0.254646105179913,False
11,4,47,0.0,0.03,1.0,propagule,2452,20,8,0.25244698205546495,False
11,4,48,0.0,0.03,1.0,propagule,2386,23,6,0.2539815590947192,False
11,4,49,0.0,0.03,1.0,propagule,2363,21,9,0.2551840880236987,False
11,4,50,0.0,0.03,1.0,propagule,2321,23,8,0.26109435588108576,False
11,4,51,0.0,0.03,1.0,propagule,2297,19,8,0.26251632564214195,False
11,4,52,0.0,0.03,1.0,propagule,2262,23,8,0.2639257294429708,False
11,5,1,0.0,0.03,1.0,propagule,2231,25,6,0.2707306140744061,False
11,5,2,0.0,0.03,1.0,propagule,2206,25,9,0.2688123300090662,False
11,5,3,0.0,0.03,1.0,propagule,2185,24,9,0.2723112128146453,False
11,5,4,0.0,0.03,1.0,propagule,2158,21,11,0.2738646895273401,False
11,5,5,0.0,0.03,1.0,propagule,2135,20,8,0.27400468384074944,False
11,5,6,0.0,0.03,1.0,propagule,2100,16,4,0.27666666666666667,False
11,5,7,0.0,0.03,1.0,propagule,2098,17,7,0.276930409914204,False
11,5,8,0.0,0.03,1.0,propagule,2072,16,7,0.28040540540540543,False
11,5,9,0.0,0.03,1.0,propagule,2055,16,5,0.28029197080291973,False
11,5,10,0.0,0.03,1.0,propagule,2033,15,3,0.2843089030988687,False
11,5,11,0.0,0.03,1.0,propagule,2013,13,5,0.2846497764530551,False
11,5,12,0.0,0.03,1.0,propagule,2007,15,7,0.2859990034877927,False
11,5,13,0.0,0.03,1.0,propagule,1988,13,7,0.2902414486921529,False
11,5,14,0.0,0.03,1.0,propagule,1975,10,5,0.29012658227848104,False
11,5,15,0.0,0.03,1.0,propagule,1958,7,3,0.2982635342185904,False
11,5,16,0.0,0.03,1.0,propagule,1928,7,3,0.2992738589211618,False
11,5,17,0.0,0.03,1.0,propagule,1923,6,3,0.3047321892875715,False
11,5,18,0.0,0.03,1.0,propagule,4060,8,3,0.14507389162561576,False
11,5,19,0.0,0.03,1.0,propagule,4043,7,2,0.14840465001236705,False
11,5,20,0.0,0.03,1.0,propagule,3998,9,4,0.15257628814407204,False
11,5,21,0.0,0.03,1.0,propagule,3927,14,3,0.15584415584415584,False
11,5,22,0.0,0.03,1.0,propagule,3842,10,6,0.15877147319104634,False
11,5,23,0.0,0.03,1.0,propagule,3771,22,7,0.16016971625563511,False
11,5,24,0.0,0.03,1.0,propagule,3683,18,3,0.16535433070866143,False
11,5,25,0.0,0.03,1.0,propagule,3562,16,6,0.1678832116788321,False
11,5,26,0.0,0.03,1.0,propagule,3501,17,9,0.1713796058269066,False
11,5,27,0.0,0.03,1.0,propagule,3393,24,6,0.1738874152667256,False
11,5,28,0.0,0.03,1.0,propagule,3344,19,5,0.1785287081339713,False
11,5,29,0.0,0.03,1.0,propagule,3277,23,9,0.18065303631370155,False
11,5,30,0.0,0.03,1.0,propagule,3212,27,8,0.1839975093399751,False
11,5,31,0.0,0.03,1.0,propagule,3163,30,7,0.18684792918115714,False
11,5,32,0.0,0.03,1.0,propagule,3096,32,12,0.18766149870801033,False
11,5,33,0.0,0.03,1.0,propagule,3033,34,16,0.19155951203428948,False
11,5,34,0.0,0.03,1.0,propagule,2943,29,12,0.19435949711179068,False
11,5,35,0.0,0.03,1.0,propagule,2870,22,7,0.1989547038327526,False
11,5,36,0.0,0.03,1.0,propagule,2818,17,7,0.20191625266146204,False
11,5,37,0.0,0.03,1.0,propagule,2772,21,9,0.2041847041847042,False
11,5,38,0.0,0.03,1.0,propagule,2741,24,9,0.20503465888361913,False
11,5,39,0.0,0.03,1.0,propagule,2706,25,6,0.2073170731707317,False
11,5,40,0.0,0.03,1.0,propagule,2673,25,5,0.21099887766554434,False
11,5,41,0.0,0.03,1.0,propagule,2972,26,11,0.2580753701211306,False
11,5,42,0.0,0.03,1.0,propagule,2971,24,10,0.2622012790306294,False
11,5,43,0.0,0.03,1.0,propagule,2941,20,6,0.2648758925535532,False
11,5,44,0.0,0.03,1.0,propagule,2922,15,5,0.2683093771389459,False
11,5,45,0.0,0.03,1.0,propagule,2905,16,6,0.27332185886402754,False
11,5,46,0.0,0.03,1.0,propagule,2681,15,7,0.25699365908243194,False
11,5,47,0.0,0.03,1.0,propagule,2585,12,6,0.2502901353965184,False
11,5,48,0.0,0.03,1.0,propagule,2544,8,3,0.24842767295597484,False
11,5,49,0.0,0.03,1.0,propagule,2502,6,3,0.2513988808952838,False
11,5,50,0.0,0.03,1.0,propagule,2489,6,3,0.2515066291683407,False
11,5,51,0.0,0.03,1.0,propagule,2461,5,2,0.2523364485981308,False
11,5,52,0.0,0.03,1.0,propagule,2439,6,3,0.25174251742517423,False
11,6,1,0.0,0.03,1.0,propagule,2414,7,2,0.2543496271748136,False
11,6,2,0.0,0.03,1.0,propagule,2393,5,1,0.2544922691182616,False
11,6,3,0.0,0.03,1.0,propagule,2378,6,3,0.25735912531539107,False
11,6,4,0.0,0.03,1.0,propagule,2338,8,3,0.25962360992301114,False
11,6,5,0.0,0.03,1.0,propagule,2306,8,1,0.2567215958369471,False
11,6,6,0.0,0.03,1.0,propagule,2287,7,3,0.2610406646261478,False
11,6,7,0.0,0.03,1.0,propagule,2278,7,5,0.26163301141352063,False
11,6,8,0.0,0.03,1.0,propagule,2258,7,3,0.26350752878653677,False
11,6,9,0.0,0.03,1.0,propagule,2226,8,4,0.26864330637915546,False
11,6,10,0.0,0.03,1.0,propagule,2203,9,4,0.27099409895596915,False
11,6,11,0.0,0.03,1.0,propagule,2180,7,2,0.2738532110091743,False
11,6,12,0.0,0.03,1.0,propagule,2161,5,2,0.2744099953725127,False
11,6,13,0.0,0.03,1.0,propagule,2148,9,3,0.2770018621973929,False
11,6,14,0.0,0.03,1.0,propagule,2125,9,1,0.27952941176470586,False
11,6,15,0.0,0.03,1.0,propagule,2095,8,1,0.27875894988066824,False
11,6,16,0.0,0.03,1.0,propagule,2083,9,1,0.2798847815650504,False
11,6,17,0.0,0.03,1.0,propagule,2061,8,2,0.28093158660844253,False
11,6,18,0.0,0.03,1.0,propagule,4143,8,5,0.13999517258025584,False
11,6,19,0.0,0.03,1.0,propagule,4111,16,5,0.14230114327414253,False
11,6,20,0.0,0.03,1.0,propagule,4023,17,4,0.14566244096445438,False
11,6,21,0.0,0.03,1.0,propagule,3954,21,3,0.14946889226100152,False
11,6,22,0.0,0.03,1.0,propagule,3900,23,8,0.15128205128205127,False
11,6,23,0.0,0.03,1.0,propagule,3836,25,11,0.15354535974973932,False
11,6,24,0.0,0.03,1.0,propagule,3752,21,7,0.15724946695095948,False
11,6,25,0.0,0.03,1.0,propagule,3683,20,12,0.15992397502036385,False
11,6,26,0.0,0.03,1.0,propagule,3609,23,11,0.16264893322249932,False
11,6,27,0.0,0.03,1.0,propagule,3575,16,3,0.16363636363636364,False
11,6,28,0.0,0.03,1.0,propagule,3518,16,5,0.1665719158612848,False
11,6,29,0.0,0.03,1.0,propagule,3454,22,6,0.1673422119281992,False
11,6,30,0.0,0.03,1.0,propagule,3343,19,4,0.17110379898294945,False
11,6,31,0.0,0.03,1.0,propagule,3277,21,9,0.17363442172718951,False
11,6,32,0.0,0.03,1.0,propagule,3234,29,12,0.17656153370439084,False
11,6,33,0.0,0.03,1.0,propagule,3172,24,12,0.17749054224464061,False
11,6,34,0.0,0.03,1.0,propagule,3101,24,9,0.18058690744920994,False
11,6,35,0.0,0.03,1.0,propagule,3034,17,3,0.18292682926829268,False
11,6,36,0.0,0.03,1.0,propagule,2954,23,4,0.1865267433987813,False
11,6,37,0.0,0.03,1.0,propagule,2919,29,8,0.18876327509421034,False
11,6,38,0.0,0.03,1.0,propagule,2881,31,9,0.1905588337382853,False
11,6,39,0.0,0.03,1.0,propagule,2845,28,13,0.1929701230228471,False
11,6,40,0.0,0.03,1.0,propagule,2816,30,16,0.1942471590909091,False
11,6,41,0.0,0.03,1.0,propagule,3124,22,9,0.2442381562099872,False
11,6,42,0.0,0.03,1.0,propagule,3119,19,9,0.2513626162231484,False
11,6,43,0.0,0.03,1.0,propagule,3097,21,9,0.25960607039070066,False
11,6,44,0.0,0.03,1.0,propagule,3013,18,9,0.26153335545967477,False
11,6,45,0.0,0.03,1.0,propagule,3030,31,8,0.26897689768976896,False
11,6,46,0.0,0.03,1.0,propagule,2786,27,3,0.24587221823402727,False
11,6,47,0.0,0.03,1.0,propagule,2671,24,6,0.242231374017222,False
11,6,48,0.0,0.03,1.0,propagule,2625,25,10,0.24114285714285713,False
11,6,49,0.0,0.03,1.0,propagule,2576,27,11,0.23951863354037267,False
11,6,50,0.0,0.03,1.0,propagule,2565,31,8,0.242495126705653,False
11,6,51,0.0,0.03,1.0,propagule,2521,30,11,0.2455374851249504,False
11,6,52,0.0,0.03,1.0,propagule,2504,36,12,0.2515974440894569,False
11,7,1,0.0,0.03,1.0,propagule,2477,31,8,0.25353249899071456,False
11,7,2,0.0,0.03,1.0,propagule,2448,28,14,0.252859477124183,False
11,7,3,0.0,0.03,1.0,propagule,2429,24,12,0.25483738163853437,False
11,7,4,0.0,0.03,1.0,propagule,2405,25,9,0.2577962577962578,False
11,7,5,0.0,0.03,1.0,propagule,2371,27,13,0.2606495149725854,False
11,7,6,0.0,0.03,1.0,propagule,2341,26,12,0.26356258009397693,False
11,7,7,0.0,0.03,1.0,propagule,2311,22,8,0.2674167027260926,False
11,7,8,0.0,0.03,1.0,propagule,2287,20,7,0.26891123742894624,False
11,7,9,0.0,0.03,1.0,propagule,2270,21,5,0.27268722466960355,False
11,7,10,0.0,0.03,1.0,propagule,2253,18,5,0.2720816688859299,False
11,7,11,0.0,0.03,1.0,propagule,2236,18,8,0.2750447227191413,False
11,7,12,0.0,0.03,1.0,propagule,2216,17,7,0.2770758122743682,False
11,7,13,0.0,0.03,1.0,propagule,2190,14,4,0.27671232876712326,False
11,7,14,0.0,0.03,1.0,propagule,2161,13,4,0.2822767237390097,False
11,7,15,0.0,0.03,1.0,propagule,2138,18,7,0.283910196445276,False
11,7,16,0.0,0.03,1.0,propagule,2124,19,6,0.2853107344632768,False
11,7,17,0.0,0.03,1.0,propagule,2092,16,4,0.28776290630975143,False
11,7,18,0.0,0.03,1.0,propagule,4360,16,8,0.14013761467889907,False
11,7,19,0.0,0.03,1.0,propagule,4331,20,9,0.14130685753867467,False
11,7,20,0.0,0.03,1.0,propagule,4280,16,9,0.14392523364485982,False
11,7,21,0.0,0.03,1.0,propagule,4207,17,8,0.14570953173282625,False
11,7,22,0.0,0.03,1.0,propagule,4134,14,4,0.14852443154329947,False
11,7,23,0.0,0.03,1.0,propagule,4026,14,6,0.1507699950322901,False
11,7,24,0.0,0.03,1.0,propagule,3938,15,7,0.15439309294057899,False
11,7,25,0.0,0.03,1.0,propagule,3861,16,3,0.157990157990158,False
11,7,26,0.0,0.03,1.0,propagule,3800,13,5,0.16026315789473683,False
11,7,27,0.0,0.03,1.0,propagule,3727,23,7,0.16393882479205796,False
11,7,28,0.0,0.03,1.0,propagule,3675,23,10,0.16680272108843539,False
11,7,29,0.0,0.03,1.0,propagule,3605,21,13,0.16920943134535368,False
11,7,30,0.0,0.03,1.0,propagule,3541,17,6,0.17480937588251907,False
11,7,31,0.0,0.03,1.0,propagule,3473,12,6,0.17852001151742009,False
11,7,32,0.0,0.03,1.0,propagule,3391,15,8,0.18283692126216455,False
11,7,33,0.0,0.03,1.0,propagule,3286,11,4,0.1862446743761412,False
11,7,34,0.0,0.03,1.0,propagule,3219,15,5,0.1888785337061199,False
11,7,35,0.0,0.03,1.0,propagule,3153,18,4,0.192197906755471,False
11,7,36,0.0,0.03,1.0,propagule,3097,14,5,0.19405876654827253,False
11,7,37,0.0,0.03,1.0,propagule,3040,17,11,0.19769736842105262,False
11,7,38,0.0,0.03,1.0,propagule,3001,13,8,0.19893368877040987,False
11,7,39,0.0,0.03,1.0,propagule,2960,10,3,0.20371621621621622,False
11,7,40,0.0,0.03,1.0,propagule,2922,9,2,0.20602327173169063,False
11,7,41,0.0,0.03,1.0,propagule,3250,15,5,0.25076923076923074,False
11,7,42,0.0,0.03,1.0,propagule,3239,16,9,0.24915097252238344,False
11,7,43,0.0,0.03,1.0,propagule,3227,16,8,0.2534862101022622,False
11,7,44,0.0,0.03,1.0,propagule,3202,13,6,0.2557776389756402,False
11,7,45,0.0,0.03,1.0,propagule,3115,17,6,0.25810593900481543,False
11,7,46,0.0,0.03,1.0,propagule,2910,16,5,0.2415807560137457,False
11,7,47,0.0,0.03,1.0,propagule,2822,19,6,0.24131821403260098,False
11,7,48,0.0,0.03,1.0,propagule,2764,18,8,0.24095513748191028,False
11,7,49,0.0,0.03,1.0,propagule,2725,23,10,0.24110091743119266,False
11,7,50,0.0,0.03,1.0,propagule,2675,22,8,0.24485981308411214,False
11,7,51,0.0,0.03,1.0,propagule,2632,22,9,0.24810030395136778,False
11,7,52,0.0,0.03,1.0,propagule,2599,27,9,0.2520200076952674,False
11,8,1,0.0,0.03,1.0,propagule,2555,23,6,0.25440313111545987,False
11,8,2,0.0,0.03,1.0,propagule,2539,21,6,0.2587632926348956,False
11,8,3,0.0,0.03,1.0,propagule,2512,20,9,0.2607484076433121,False
11,8,4,0.0,0.03,1.0,propagule,2471,17,11,0.2630513961958721,False
11,8,5,0.0,0.03,1.0,propagule,2440,17,5,0.26188524590163936,False
11,8,6,0.0,0.03,1.0,propagule,2414,12,5,0.2667771333885667,False
11,8,7,0.0,0.03,1.0,propagule,2400,20,9,0.2683333333333333,False
11,8,8,0.0,0.03,1.0,propagule,2359,16,7,0.27257312420517166,False
11,8,9,0.0,0.03,1.0,propagule,2344,11,7,0.2781569965870307,False
11,8,10,0.0,0.03,1.0,propagule,2318,10,6,0.2804141501294219,False
11,8,11,0.0,0.03,1.0,propagule,2291,7,2,0.2828459188127455,False
11,8,12,0.0,0.03,1.0,propagule,2268,5,2,0.2857142857142857,False
11,8,13,0.0,0.03,1.0,propagule,2248,7,2,0.28558718861209964,False
11,8,14,0.0,0.03,1.0,propagule,2233,5,2,0.28884908195253023,False
11,8,15,0.0,0.03,1.0,propagule,2207,7,3,0.2940643407340281,False
11,8,16,0.0,0.03,1.0,propagule,2185,6,4,0.2938215102974828,False
11,8,17,0.0,0.03,1.0,propagule,2173,6,3,0.29590427979751494,False
11,8,18,0.0,0.03,1.0,propagule,4437,3,1,0.14446698219517692,False
11,8,19,0.0,0.03,1.0,propagule,4360,5,2,0.1470183486238532,False
11,8,20,0.0,0.03,1.0,propagule,4274,4,2,0.15067852129153017,False
11,8,21,0.0,0.03,1.0,propagule,4224,3,2,0.15151515151515152,False
11,8,22,0.0,0.03,1.0,propagule,4164,3,1,0.15465898174831894,False
11,8,23,0.0,0.03,1.0,propagule,4105,2,2,0.15688185140073083,False
11,8,24,0.0,0.03,1.0,propagule,4056,3,2,0.15853057199211046,False
11,8,25,0.0,0.03,1.0,propagule,4002,1,0,0.16166916541729134,False
11,8,26,0.0,0.03,1.0,propagule,3944,1,0,0.16480730223123732,False
11,8,27,0.0,0.03,1.0,propagule,3873,1,1,0.1691195455719081,False
11,8,28,0.0,0.03,1.0,propagule,3806,4,1,0.17288491854965843,False
11,8,29,0.0,0.03,1.0,propagule,3717,3,1,0.17594834543987087,False
11,8,30,0.0,0.03,1.0,propagule,3658,6,1,0.17851284855112082,False
11,8,31,0.0,0.03,1.0,propagule,3615,5,1,0.18035961272475795,False
11,8,32,0.0,0.03,1.0,propagule,3564,5,3,0.18378226711560045,False
11,8,33,0.0,0.03,1.0,propagule,3473,7,4,0.1868701410883962,False
11,8,34,0.0,0.03,1.0,propagule,3392,6,2,0.18838443396226415,False
11,8,35,0.0,0.03,1.0,propagule,3327,4,2,0.19416892094980462,False
11,8,36,0.0,0.03,1.0,propagule,3257,6,2,0.19680687749462697,False
11,8,37,0.0,0.03,1.0,propagule,3208,3,1,0.2004364089775561,False
11,8,38,0.0,0.03,1.0,propagule,3159,3,2,0.2022792022792023,False
11,8,39,0.0,0.03,1.0,propagule,3117,4,1,0.2053256336220725,False
11,8,40,0.0,0.03,1.0,propagule,3080,3,1,0.20714285714285716,False
11,8,41,0.0,0.03,1.0,propagule,3435,5,1,0.25065502183406113,False
11,8,42,0.0,0.03,1.0,propagule,3439,4,0,0.25385286420471065,False
11,8,43,0.0,0.03,1.0,propagule,3466,4,2,0.2631275245239469,False
11,8,44,0.0,0.03,1.0,propagule,3383,6,3,0.2618977239136861,False
11,8,45,0.0,0.03,1.0,propagule,3338,4,2,0.2660275614140204,False
11,8,46,0.0,0.03,1.0,propagule,3066,4,3,0.24266144814090018,False
11,8,47,0.0,0.03,1.0,propagule,2951,8,3,0.23720772619451033,False
11,8,48,0.0,0.03,1.0,propagule,2912,6,2,0.23660714285714285,False
11,8,49,0.0,0.03,1.0,propagule,2851,6,3,0.23430375306909856,False
11,8,50,0.0,0.03,1.0,propagule,2825,5,3,0.23823008849557523,False
11,8,51,0.0,0.03,1.0,propagule,2770,4,2,0.23935018050541515,False
11,8,52,0.0,0.03,1.0,propagule,2751,4,1,0.2410032715376227,False
11,9,1,0.0,0.03,1.0,propagule,2705,3,2,0.2432532347504621,False
11,9,2,0.0,0.03,1.0,propagule,2697,4,2,0.2450871338524286,False
11,9,3,0.0,0.03,1.0,propagule,2666,2,1,0.245311327831958,False
11,9,4,0.0,0.03,1.0,propagule,2658,2,1,0.24567343867569602,False
11,9,5,0.0,0.03,1.0,propagule,2634,1,0,0.24639331814730447,False
11,9,6,0.0,0.03,1.0,propagule,2619,1,1,0.24971363115693013,False
11,9,7,0.0,0.03,1.0,propagule,2594,4,1,0.25134926754047804,False
11,9,8,0.0,0.03,1.0,propagule,2579,3,0,0.25591314462970144,False
11,9,9,0.0,0.03,1.0,propagule,2547,3,1,0.25598743619945036,False
11,9,10,0.0,0.03,1.0,propagule,2536,3,2,0.2555205047318612,False
11,9,11,0.0,0.03,1.0,propagule,2522,2,2,0.25693893735130846,False
11,9,12,0.0,0.03,1.0,propagule,2505,2,1,0.26147704590818366,False
11,9,13,0.0,0.03,1.0,propagule,2474,1,0,0.2627324171382377,False
11,9,14,0.0,0.03,1.0,propagule,2453,1,0,0.26416632694659603,False
11,9,15,0.0,0.03,1.0,propagule,2432,1,0,0.26644736842105265,False
11,9,16,0.0,0.03,1.0,propagule,2411,1,1,0.2646204894234757,False
11,9,17,0.0,0.03,1.0,propagule,2391,1,1,0.26767043078209957,False
11,9,18,0.0,0.03,1.0,propagule,4683,0,0,0.12961776638906683,True
11,9,19,0.0,0.03,1.0,propagule,4630,0,0,0.13088552915766738,False
11,9,20,0.0,0.03,1.0,propagule,4584,0,0,0.1343804537521815,False
11,9,21,0.0,0.03,1.0,propagule,4517,0,0,0.1354881558556564,False
11,9,22,0.0,0.03,1.0,propagule,4438,0,0,0.13789995493465526,True
11,9,23,0.0,0.03,1.0,propagule,4340,0,0,0.1403225806451613,True
11,9,24,0.0,0.03,1.0,propagule,4252,0,0,0.14299153339604892,True
11,9,25,0.0,0.03,1.0,propagule,4182,0,0,0.14538498326159732,True
11,9,26,0.0,0.03,1.0,propagule,4103,0,0,0.14891542773580307,True
11,9,27,0.0,0.03,1.0,propagule,4003,1,0,0.1526355233574819,False
11,9,28,0.0,0.03,1.0,propagule,3889,1,0,0.15608125482129082,False
11,9,29,0.0,0.03,1.0,propagule,3825,1,1,0.1584313725490196,False
11,9,30,0.0,0.03,1.0,propagule,3737,1,1,0.16055659620016055,False
11,9,31,0.0,0.03,1.0,propagule,3618,0,0,0.16528468767274737,True
11,9,32,0.0,0.03,1.0,propagule,3554,0,0,0.1682611142374789,True
11,9,33,0.0,0.03,1.0,propagule,3508,0,0,0.17103762827822122,True
11,9,34,0.0,0.03,1.0,propagule,3437,0,0,0.17398894384637764,True
11,9,35,0.0,0.03,1.0,propagule,3376,0,0,0.1759478672985782,True
11,9,36,0.0,0.03,1.0,propagule,3338,0,0,0.17855002995805871,True
11,9,37,0.0,0.03,1.0,propagule,3286,0,0,0.18107121119902617,True
11,9,38,0.0,0.03,1.0,propagule,3241,0,0,0.18389385991977786,True
11,9,39,0.0,0.03,1.0,propagule,3208,0,0,0.185785536159601,True
11,9,40,0.0,0.03,1.0,propagule,3176,0,0,0.18639798488664988,True
11,9,41,0.0,0.03,1.0,propagule,3513,0,0,0.23626530031312268,True
11,9,42,0.0,0.03,1.0,propagule,3591,0,0,0.24867724867724866,True
11,9,43,0.0,0.03,1.0,propagule,3581,0,0,0.2552359676068137,True
11,9,44,0.0,0.03,1.0,propagule,3549,0,0,0.25443786982248523,False
11,9,45,0.0,0.03,1.0,propagule,3488,0,0,0.25315366972477066,False
11,9,46,0.0,0.03,1.0,propagule,3249,0,0,0.234533702677747,False
11,9,47,0.0,0.03,1.0,propagule,3135,0,0,0.22966507177033493,True
11,9,48,0.0,0.03,1.0,propagule,3087,0,0,0.23064463880790412,True
11,9,49,0.0,0.03,1.0,propagule,3049,0,0,0.2315513283043621,True
11,9,50,0.0,0.03,1.0,propagule,3007,0,0,0.23312271366810774,True
11,9,51,0.0,0.03,1.0,propagule,2961,0,0,0.2364066193853428,True
11,9,52,0.0,0.03,1.0,propagule,2919,0,0,0.23775265501884207,True
11,10,1,0.0,0.03,1.0,propagule,2869,0,0,0.23875914952945276,True
11,10,2,0.0,0.03,1.0,propagule,2841,0,0,0.2421682506159803,True
11,10,3,0.0,0.03,1.0,propagule,2808,0,0,0.24216524216524216,True
11,10,4,0.0,0.03,1.0,propagule,2783,0,0,0.24254401724757457,True
11,10,5,0.0,0.03,1.0,propagule,2759,0,0,0.2439289597680319,True
11,10,6,0.0,0.03,1.0,propagule,2735,0,0,0.24424131627056672,True
11,10,7,0.0,0.03,1.0,propagule,2704,0,0,0.24519230769230768,True
11,10,8,0.0,0.03,1.0,propagule,2678,0,0,0.24869305451829724,True
11,10,9,0.0,0.03,1.0,propagule,2649,0,0,0.24990562476406192,True
11,10,10,0.0,0.03,1.0,propagule,2628,0,0,0.2511415525114155,True
11,10,11,0.0,0.03,1.0,propagule,2606,0,0,0.2528779739063699,True
11,10,12,0.0,0.03,1.0,propagule,2578,0,0,0.25640031031807603,True
11,10,13,0.0,0.03,1.0,propagule,2553,0,0,0.2589110849980415,True
11,10,14,0.0,0.03,1.0,propagule,2533,0,0,0.26213975523095145,True
11,10,15,0.0,0.03,1.0,propagule,2512,0,0,0.2635350318471338,True
11,10,16,0.0,0.03,1.0,propagule,2478,0,0,0.26674737691686845,True
11,10,17,0.0,0.03,1.0,propagule,2455,0,0,0.2676171079429735,True
11,10,18,0.0,0.03,1.0,propagule,4996,0,0,0.1277021617293835,True
11,10,19,0.0,0.03,1.0,propagule,4923,0,0,0.13061141580337193,True
11,10,20,0.0,0.03,1.0,propagule,4841,0,0,0.1334435034083867,True
11,10,21,0.0,0.03,1.0,propagule,4766,0,0,0.1351237935375577,True
11,10,22,0.0,0.03,1.0,propagule,4682,0,0,0.1379752242631354,False
11,10,23,0.0,0.03,1.0,propagule,4605,0,0,0.13941368078175895,False
11,10,24,0.0,0.03,1.0,propagule,4501,0,0,0.14307931570762053,False
11,10,25,0.0,0.03,1.0,propagule,4433,0,0,0.14549966162869388,True
11,10,26,0.0,0.03,1.0,propagule,4361,0,0,0.1485897729878468,True
11,10,27,0.0,0.03,1.0,propagule,4294,0,0,0.15067536096879366,True
11,10,28,0.0,0.03,1.0,propagule,4196,0,0,0.15490943755958056,True
11,10,29,0.0,0.03,1.0,propagule,4151,0,0,0.15707058540110816,True
11,10,30,0.0,0.03,1.0,propagule,4085,0,0,0.1598531211750306,True
11,10,31,0.0,0.03,1.0,propagule,4015,0,0,0.16164383561643836,True
11,10,32,0.0,0.03,1.0,propagule,3961,0,0,0.1625852057561222,True
11,10,33,0.0,0.03,1.0,propagule,3906,0,0,0.16666666666666666,True
11,10,34,0.0,0.03,1.0,propagule,3861,0,0,0.16912716912716913,True
11,10,35,0.0,0.03,1.0,propagule,3770,0,0,0.1724137931034483,True
11,10,36,0.0,0.03,1.0,propagule,3681,0,0,0.17685411572942136,True
11,10,37,0.0,0.03,1.0,propagule,3606,0,0,0.18025513033832502,True
11,10,38,0.0,0.03,1.0,propagule,3571,0,0,0.182861943433212,True
11,10,39,0.0,0.03,1.0,propagule,3531,0,0,0.18323421127159445,True
11,10,40,0.0,0.03,1.0,propagule,3501,0,0,0.18366181091116823,True
11,10,41,0.0,0.03,1.0,propagule,3967,0,0,0.23342576254096295,True
11,10,42,0.0,0.03,1.0,propagule,4014,0,0,0.24190333831589436,True
11,10,43,0.0,0.03,1.0,propagule,3985,0,0,0.24617314930991216,True
11,10,44,0.0,0.03,1.0,propagule,3994,0,0,0.24887330996494741,True
11,10,45,0.0,0.03,1.0,propagule,3973,0,0,0.2549710546186761,True
11,10,46,0.0,0.03,1.0,propagule,3695,0,0,0.23031123139377538,True
11,10,47,0.0,0.03,1.0,propagule,3588,0,0,0.22686733556298774,True
11,10,48,0.0,0.03,1.0,propagule,3518,0,0,0.22711768050028425,True
11,10,49,0.0,0.03,1.0,propagule,3491,0,0,0.22629619020338013,True
11,10,50,0.0,0.03,1.0,propagule,3473,0,0,0.2280449179383818,True
11,10,51,0.0,0.03,1.0,propagule,3465,0,0,0.23001443001443,True
11,10,52,0.0,0.03,1.0,propagule,3434,0,0,0.23325567850902737,True
11,11,1,0.0,0.03,1.0,propagule,3431,0,0,0.23433401340716992,True
11,11,2,0.0,0.03,1.0,propagule,3404,0,0,0.23678025851938894,True
11,11,3,0.0,0.03,1.0,propagule,3399,0,0,0.23801117975875258,True
11,11,4,0.0,0.03,1.0,propagule,3371,0,0,0.2408780777217443,True
11,11,5,0.0,0.03,1.0,propagule,3349,0,0,0.2445506121230218,True
11,11,6,0.0,0.03,1.0,propagule,3329,0,0,0.24632021628116552,True
11,11,7,0.0,0.03,1.0,propagule,3297,0,0,0.2478010312405217,True
11,11,8,0.0,0.03,1.0,propagule,3264,0,0,0.25183823529411764,True
11,11,9,0.0,0.03,1.0,propagule,3233,0,0,0.2530157748221466,True
11,11,10,0.0,0.03,1.0,propagule,3200,0,0,0.2546875,True
11,11,11,0.0,0.03,1.0,propagule,3175,0,0,0.2579527559055118,True
11,11,12,0.0,0.03,1.0,propagule,3143,0,0,0.26089723194400255,True
11,11,13,0.0,0.03,1.0,propagule,3122,0,0,0.26329276105060856,True
11,11,14,0.0,0.03,1.0,propagule,3093,0,0,0.26414484319430975,True
11,11,15,0.0,0.03,1.0,propagule,3062,0,0,0.267472240365774,True
11,11,16,0.0,0.03,1.0,propagule,3033,0,0,0.26805143422354105,True
11,11,17,0.0,0.03,1.0,propagule,3005,0,0,0.27054908485856904,True
11,11,18,0.0,0.03,1.0,propagule,5958,0,0,0.13309835515273583,True
11,11,19,0.0,0.03,1.0,propagule,5881,0,0,0.13501105254208468,True
11,11,20,0.0,0.03,1.0,propagule,5778,0,0,0.13724472135687088,True
11,11,21,0.0,0.03,1.0,propagule,5679,0,0,0.13928508540235957,True
11,11,22,0.0,0.03,1.0,propagule,5546,0,0,0.14082221420843852,True
11,11,23,0.0,0.03,1.0,propagule,5440,0,0,0.14338235294117646,True
11,11,24,0.0,0.03,1.0,propagule,5359,0,0,0.14480313491323007,True
11,11,25,0.0,0.03,1.0,propagule,5258,0,0,0.14815519208824648,True
11,11,26,0.0,0.03,1.0,propagule,5173,0,0,0.15000966557123527,True
11,11,27,0.0,0.03,1.0,propagule,5079,0,0,0.15278598149241976,True
11,11,28,0.0,0.03,1.0,propagule,4978,0,0,0.15588589795098434,False
11,11,29,0.0,0.03,1.0,propagule,4882,0,0,0.15833674723473987,False
11,11,30,0.0,0.03,1.0,propagule,4778,0,0,0.16157388028463793,True
11,11,31,0.0,0.03,1.0,propagule,4678,0,0,0.1658828559213339,True
11,11,32,0.0,0.03,1.0,propagule,4597,0,0,0.16902327604959758,True
11,11,33,0.0,0.03,1.0,propagule,4518,0,0,0.17264276228419656,True
11,11,34,0.0,0.03,1.0,propagule,4459,0,0,0.174030051581072,True
11,11,35,0.0,0.03,1.0,propagule,4386,0,0,0.1744186046511628,True
11,11,36,0.0,0.03,1.0,propagule,4310,0,0,0.17679814385150813,True
11,11,37,0.0,0.03,1.0,propagule,4247,0,0,0.1784789263009183,True
11,11,38,0.0,0.03,1.0,propagule,4192,0,0,0.17986641221374045,True
11,11,39,0.0,0.03,1.0,propagule,4141,0,0,0.18401352330354986,True
11,11,40,0.0,0.03,1.0,propagule,4095,0,0,0.18705738705738706,True
11,11,41,0.0,0.03,1.0,propagule,4464,0,0,0.23006272401433692,True
11,11,42,0.0,0.03,1.0,propagule,4450,0,0,0.24292134831460674,True
11,11,43,0.0,0.03,1.0,propagule,4410,0,0,0.24557823129251702,True
11,11,44,0.0,0.03,1.0,propagule,4332,0,0,0.24030470914127425,True
11,11,45,0.0,0.03,1.0,propagule,4209,0,0,0.23996198622000475,True
11,11,46,0.0,0.03,1.0,propagule,3882,0,0,0.21767130345182895,True
11,11,47,0.0,0.03,1.0,propagule,3761,0,0,0.21510236639191704,False
11,11,48,0.0,0.03,1.0,propagule,3697,0,0,0.21125236678387882,False
11,11,49,0.0,0.03,1.0,propagule,3664,0,0,0.21506550218340612,True
11,11,50,0.0,0.03,1.0,propagule,3616,0,0,0.2140486725663717,True
11,11,51,0.0,0.03,1.0,propagule,3597,0,0,0.2176814011676397,True
11,11,52,0.0,0.03,1.0,propagule,3585,0,0,0.2192468619246862,True
