rep,year,week,sero,disease,rate,type,total_pop,n_infected,n_symptomatic,actual_sero,elim
26,1,1,0.5,0.045,2.5,propagule,2835,0,0,0.5015873015873016,True
26,1,2,0.5,0.045,2.5,propagule,2782,0,0,0.5025161754133717,True
26,1,3,0.5,0.045,2.5,propagule,2728,0,0,0.5036656891495601,True
26,1,4,0.5,0.045,2.5,propagule,2681,0,0,0.5020514733308467,True
26,1,5,0.5,0.045,2.5,propagule,2621,0,0,0.501335368180084,True
26,1,6,0.5,0.045,2.5,propagule,2543,0,0,0.5017695635076681,True
26,1,7,0.5,0.045,2.5,propagule,2505,0,0,0.5005988023952096,True
26,1,8,0.5,0.045,2.5,propagule,2449,0,0,0.49979583503470804,True
26,1,9,0.5,0.045,2.5,propagule,2424,0,0,0.5012376237623762,True
26,1,10,0.5,0.045,2.5,propagule,2372,0,0,0.5,True
26,1,11,0.5,0.045,2.5,propagule,2345,0,0,0.4997867803837953,True
26,1,12,0.5,0.045,2.5,propagule,2311,0,0,0.5015144958892255,True
26,1,13,0.5,0.045,2.5,propagule,2295,0,0,0.50239651416122,True
26,1,14,0.5,0.045,2.5,propagule,2281,0,0,0.501096010521701,True
26,1,15,0.5,0.045,2.5,propagule,2258,0,0,0.5008857395925598,True
26,1,16,0.5,0.045,2.5,propagule,2233,0,0,0.5006717420510524,True
26,1,17,0.5,0.045,2.5,propagule,2215,0,0,0.4984198645598194,True
26,1,18,0.5,0.045,2.5,propagule,6341,0,0,0.17394732692004417,True
26,1,19,0.5,0.045,2.5,propagule,6148,0,0,0.17664281067013662,True
26,1,20,0.5,0.045,2.5,propagule,5995,0,0,0.1804837364470392,True
26,1,21,0.5,0.045,2.5,propagule,5838,0,0,0.1827680712572799,True
26,1,22,0.5,0.045,2.5,propagule,5747,0,0,0.1861840960501131,True
26,1,23,0.5,0.045,2.5,propagule,5609,0,0,0.18951684792298093,True
26,1,24,0.5,0.045,2.5,propagule,5499,0,0,0.19185306419348971,True
26,1,25,0.5,0.045,2.5,propagule,5301,0,0,0.1941143180531975,True
26,1,26,0.5,0.045,2.5,propagule,5248,0,0,0.19721798780487804,True
26,1,27,0.5,0.045,2.5,propagule,5124,0,0,0.20042935206869633,True
26,1,28,0.5,0.045,2.5,propagule,5031,0,0,0.2041343669250646,True
26,1,29,0.5,0.045,2.5,propagule,4936,0,0,0.20927876823338737,True
26,1,30,0.5,0.045,2.5,propagule,4868,0,0,0.21076417419884963,True
26,1,31,0.5,0.045,2.5,propagule,4760,0,0,0.21407563025210083,True
26,1,32,0.5,0.045,2.5,propagule,4668,0,0,0.21808054841473865,True
26,1,33,0.5,0.045,2.5,propagule,4565,0,0,0.2208105147864184,True
26,1,34,0.5,0.045,2.5,propagule,4484,0,0,0.22234611953612846,True
26,1,35,0.5,0.045,2.5,propagule,4374,0,0,0.46273433927754914,True
26,1,36,0.5,0.045,2.5,propagule,4312,0,0,0.4642857142857143,True
26,1,37,0.5,0.045,2.5,propagule,4242,0,0,0.46605374823196605,True
26,1,38,0.5,0.045,2.5,propagule,4197,0,0,0.467715034548487,True
26,1,39,0.5,0.045,2.5,propagule,4141,0,0,0.46872736054093217,True
26,1,40,0.5,0.045,2.5,propagule,4118,0,0,0.4696454589606605,True
26,1,41,0.5,0.045,2.5,propagule,4261,0,0,0.4724243135414222,True
26,1,42,0.5,0.045,2.5,propagule,4250,0,0,0.47058823529411764,True
26,1,43,0.5,0.045,2.5,propagule,4184,0,0,0.4729923518164436,True
26,1,44,0.5,0.045,2.5,propagule,4199,0,0,0.475351274112884,True
26,1,45,0.5,0.045,2.5,propagule,4154,0,0,0.47664901299951856,True
26,1,46,0.5,0.045,2.5,propagule,4018,0,0,0.4793429566948731,True
26,1,47,0.5,0.045,2.5,propagule,3951,0,0,0.4783599088838269,True
26,1,48,0.5,0.045,2.5,propagule,3887,0,0,0.4785181373810136,True
26,1,49,0.5,0.045,2.5,propagule,3848,0,0,0.4807692307692308,True
26,1,50,0.5,0.045,2.5,propagule,3811,0,0,0.4812385200734715,True
26,1,51,0.5,0.045,2.5,propagule,3767,0,0,0.48261215821608705,True
26,1,52,0.5,0.045,2.5,propagule,3731,0,0,0.485660680782632,True
26,2,1,0.5,0.045,2.5,propagule,3687,7,0,0.48684567398969353,False
26,2,2,0.5,0.045,2.5,propagule,3642,7,0,0.4887424492037342,False
26,2,3,0.5,0.045,2.5,propagule,3611,7,2,0.48933813348103017,False
26,2,4,0.5,0.045,2.5,propagule,3560,8,4,0.4910112359550562,False
26,2,5,0.5,0.045,2.5,propagule,3520,15,4,0.49176136363636364,False
26,2,6,0.5,0.045,2.5,propagule,3464,17,5,0.4939376443418014,False
26,2,7,0.5,0.045,2.5,propagule,3414,25,4,0.4935559461042765,False
26,2,8,0.5,0.045,2.5,propagule,3359,31,6,0.49806490026793687,False
26,2,9,0.5,0.045,2.5,propagule,3332,37,10,0.49789915966386555,False
26,2,10,0.5,0.045,2.5,propagule,3287,38,10,0.4992394280498935,False
26,2,11,0.5,0.045,2.5,propagule,3251,46,12,0.5001537988311289,False
26,2,12,0.5,0.045,2.5,propagule,3200,50,17,0.501875,False
26,2,13,0.5,0.045,2.5,propagule,3143,50,16,0.5039770919503659,False
26,2,14,0.5,0.045,2.5,propagule,3089,52,18,0.5085788280997087,False
26,2,15,0.5,0.045,2.5,propagule,3051,53,19,0.5132743362831859,False
26,2,16,0.5,0.045,2.5,propagule,3007,49,20,0.5147988027934819,False
26,2,17,0.5,0.045,2.5,propagule,2968,49,20,0.5165094339622641,False
26,2,18,0.5,0.045,2.5,propagule,5241,40,17,0.28983018507918334,False
26,2,19,0.5,0.045,2.5,propagule,5143,48,13,0.29282519930001943,False
26,2,20,0.5,0.045,2.5,propagule,4973,49,13,0.299416850995375,False
26,2,21,0.5,0.045,2.5,propagule,4847,67,22,0.304518258716732,False
26,2,22,0.5,0.045,2.5,propagule,4709,72,24,0.3106816733913782,False
26,2,23,0.5,0.045,2.5,propagule,4604,71,25,0.31407471763683753,False
26,2,24,0.5,0.045,2.5,propagule,4524,71,22,0.31896551724137934,False
26,2,25,0.5,0.045,2.5,propagule,4404,77,27,0.3235694822888283,False
26,2,26,0.5,0.045,2.5,propagule,4307,80,30,0.3262131413977246,False
26,2,27,0.5,0.045,2.5,propagule,4230,78,24,0.3276595744680851,False
26,2,28,0.5,0.045,2.5,propagule,4155,72,26,0.3309265944645006,False
26,2,29,0.5,0.045,2.5,propagule,4056,79,33,0.33357988165680474,False
26,2,30,0.5,0.045,2.5,propagule,3944,79,25,0.33772819472616633,False
26,2,31,0.5,0.045,2.5,propagule,3843,74,23,0.34139994795732503,False
26,2,32,0.5,0.045,2.5,propagule,3776,79,36,0.3442796610169492,False
26,2,33,0.5,0.045,2.5,propagule,3679,72,32,0.34846425659146507,False
26,2,34,0.5,0.045,2.5,propagule,3588,60,23,0.3539576365663322,False
26,2,35,0.5,0.045,2.5,propagule,3508,48,21,0.5840935005701254,False
26,2,36,0.5,0.045,2.5,propagule,3453,46,22,0.5852881552273386,False
26,2,37,0.5,0.045,2.5,propagule,3342,40,17,0.5897666068222621,False
26,2,38,0.5,0.045,2.5,propagule,3292,32,14,0.5920413122721749,False
26,2,39,0.5,0.045,2.5,propagule,3252,30,15,0.5937884378843789,False
26,2,40,0.5,0.045,2.5,propagule,3211,26,8,0.5954531298660853,False
26,2,41,0.5,0.045,2.5,propagule,3438,28,11,0.5974403723094822,False
26,2,42,0.5,0.045,2.5,propagule,3416,24,11,0.5963114754098361,False
26,2,43,0.5,0.045,2.5,propagule,3409,24,10,0.5954825462012321,False
26,2,44,0.5,0.045,2.5,propagule,3388,24,12,0.5941558441558441,False
26,2,45,0.5,0.045,2.5,propagule,3363,24,12,0.5938150460898007,False
26,2,46,0.5,0.045,2.5,propagule,3242,20,8,0.595311536088834,False
26,2,47,0.5,0.045,2.5,propagule,3199,16,7,0.5939356048765239,False
26,2,48,0.5,0.045,2.5,propagule,3159,18,7,0.5935422602089269,False
26,2,49,0.5,0.045,2.5,propagule,3123,19,9,0.5959013768812039,False
26,2,50,0.5,0.045,2.5,propagule,3100,21,6,0.5970967741935483,False
26,2,51,0.5,0.045,2.5,propagule,3060,14,2,0.6013071895424836,False
26,2,52,0.5,0.045,2.5,propagule,3041,21,6,0.5994738572837882,False
26,3,1,0.5,0.045,2.5,propagule,3009,18,7,0.6015287470920572,False
26,3,2,0.5,0.045,2.5,propagule,2979,21,6,0.6028868747901981,False
26,3,3,0.5,0.045,2.5,propagule,2941,19,8,0.606596395783747,False
26,3,4,0.5,0.045,2.5,propagule,2926,22,9,0.6059466848940533,False
26,3,5,0.5,0.045,2.5,propagule,2886,18,6,0.6070686070686071,False
26,3,6,0.5,0.045,2.5,propagule,2854,17,8,0.6089698668535389,False
26,3,7,0.5,0.045,2.5,propagule,2816,17,10,0.6100852272727273,False
26,3,8,0.5,0.045,2.5,propagule,2780,17,6,0.6143884892086331,False
26,3,9,0.5,0.045,2.5,propagule,2753,13,6,0.6164184525971668,False
26,3,10,0.5,0.045,2.5,propagule,2722,12,7,0.6160911094783248,False
26,3,11,0.5,0.045,2.5,propagule,2697,12,4,0.6158694846125324,False
26,3,12,0.5,0.045,2.5,propagule,2660,13,4,0.6169172932330828,False
26,3,13,0.5,0.045,2.5,propagule,2641,15,5,0.6168118137069292,False
26,3,14,0.5,0.045,2.5,propagule,2603,17,4,0.6208221283134845,False
26,3,15,0.5,0.045,2.5,propagule,2589,18,11,0.6226342217072228,False
26,3,16,0.5,0.045,2.5,propagule,2556,20,11,0.6244131455399061,False
26,3,17,0.5,0.045,2.5,propagule,2520,12,5,0.6265873015873016,False
26,3,18,0.5,0.045,2.5,propagule,5556,10,5,0.28347732181425483,False
26,3,19,0.5,0.045,2.5,propagule,5432,32,2,0.2864506627393225,False
26,3,20,0.5,0.045,2.5,propagule,5296,30,3,0.2892749244712991,False
26,3,21,0.5,0.045,2.5,propagule,5202,53,10,0.2933487120338331,False
26,3,22,0.5,0.045,2.5,propagule,5056,66,27,0.29825949367088606,False
26,3,23,0.5,0.045,2.5,propagule,4935,75,26,0.30192502532928067,False
26,3,24,0.5,0.045,2.5,propagule,4801,69,15,0.3070193709643824,False
26,3,25,0.5,0.045,2.5,propagule,4731,82,25,0.31008243500317056,False
26,3,26,0.5,0.045,2.5,propagule,4609,90,36,0.31633760034714686,False
26,3,27,0.5,0.045,2.5,propagule,4488,90,30,0.32196969696969696,False
26,3,28,0.5,0.045,2.5,propagule,4375,80,27,0.32777142857142855,False
26,3,29,0.5,0.045,2.5,propagule,4282,85,38,0.3344231667445119,False
26,3,30,0.5,0.045,2.5,propagule,4167,70,35,0.3412526997840173,False
26,3,31,0.5,0.045,2.5,propagule,4062,59,26,0.3458887247661251,False
26,3,32,0.5,0.045,2.5,propagule,3986,52,27,0.34897139989964876,False
26,3,33,0.5,0.045,2.5,propagule,3931,52,21,0.35258204019333506,False
26,3,34,0.5,0.045,2.5,propagule,3847,45,19,0.35872108136210035,False
26,3,35,0.5,0.045,2.5,propagule,3773,42,19,0.5748741054863504,False
26,3,36,0.5,0.045,2.5,propagule,3681,37,16,0.578103776147786,False
26,3,37,0.5,0.045,2.5,propagule,3621,38,14,0.580226456779895,False
26,3,38,0.5,0.045,2.5,propagule,3572,37,17,0.5848264277715566,False
26,3,39,0.5,0.045,2.5,propagule,3536,34,19,0.5859728506787331,False
26,3,40,0.5,0.045,2.5,propagule,3464,27,11,0.5880484988452656,False
26,3,41,0.5,0.045,2.5,propagule,3730,33,10,0.588739946380697,False
26,3,42,0.5,0.045,2.5,propagule,3725,35,14,0.5841610738255033,False
26,3,43,0.5,0.045,2.5,propagule,3725,32,15,0.5881879194630872,False
26,3,44,0.5,0.045,2.5,propagule,3697,29,16,0.5834460373275628,False
26,3,45,0.5,0.045,2.5,propagule,3710,24,9,0.5881401617250673,False
26,3,46,0.5,0.045,2.5,propagule,3517,18,9,0.5905601364799545,False
26,3,47,0.5,0.045,2.5,propagule,3476,16,6,0.593210586881473,False
26,3,48,0.5,0.045,2.5,propagule,3434,13,6,0.5972626674432149,False
26,3,49,0.5,0.045,2.5,propagule,3378,13,7,0.598283007696862,False
26,3,50,0.5,0.045,2.5,propagule,3329,12,4,0.6022829678582157,False
26,3,51,0.5,0.045,2.5,propagule,3284,11,1,0.6026187576126675,False
26,3,52,0.5,0.045,2.5,propagule,3264,10,7,0.6050857843137255,False
26,4,1,0.5,0.045,2.5,propagule,3238,12,7,0.6056207535515751,False
26,4,2,0.5,0.045,2.5,propagule,3185,5,1,0.6087912087912087,False
26,4,3,0.5,0.045,2.5,propagule,3139,6,3,0.6078368907295317,False
26,4,4,0.5,0.045,2.5,propagule,3107,8,3,0.6099130994528484,False
26,4,5,0.5,0.045,2.5,propagule,3048,8,1,0.609251968503937,False
26,4,6,0.5,0.045,2.5,propagule,3012,6,4,0.6105577689243028,False
26,4,7,0.5,0.045,2.5,propagule,2973,12,6,0.6118398923646149,False
26,4,8,0.5,0.045,2.5,propagule,2946,7,2,0.6140529531568228,False
26,4,9,0.5,0.045,2.5,propagule,2907,5,0,0.6154110767113863,False
26,4,10,0.5,0.045,2.5,propagule,2887,5,2,0.6151714582611708,False
26,4,11,0.5,0.045,2.5,propagule,2860,6,2,0.6146853146853147,False
26,4,12,0.5,0.045,2.5,propagule,2825,4,1,0.615575221238938,False
26,4,13,0.5,0.045,2.5,propagule,2780,5,3,0.6179856115107913,False
26,4,14,0.5,0.045,2.5,propagule,2741,6,3,0.6220357533746808,False
26,4,15,0.5,0.045,2.5,propagule,2705,9,3,0.6232902033271719,False
26,4,16,0.5,0.045,2.5,propagule,2693,7,3,0.623096917935388,False
26,4,17,0.5,0.045,2.5,propagule,2662,10,2,0.622839969947408,False
26,4,18,0.5,0.045,2.5,propagule,5394,8,3,0.3057100482017056,False
26,4,19,0.5,0.045,2.5,propagule,5334,19,5,0.3063367079115111,False
26,4,20,0.5,0.045,2.5,propagule,5242,27,5,0.3111407859595574,False
26,4,21,0.5,0.045,2.5,propagule,5120,36,7,0.316015625,False
26,4,22,0.5,0.045,2.5,propagule,5039,39,8,0.3193093867830919,False
26,4,23,0.5,0.045,2.5,propagule,4935,47,15,0.3219858156028369,False
26,4,24,0.5,0.045,2.5,propagule,4843,52,24,0.326244063596944,False
26,4,25,0.5,0.045,2.5,propagule,4720,45,17,0.33326271186440676,False
26,4,26,0.5,0.045,2.5,propagule,4633,36,16,0.3380099287718541,False
26,4,27,0.5,0.045,2.5,propagule,4511,36,16,0.3442695632897362,False
26,4,28,0.5,0.045,2.5,propagule,4434,29,15,0.34934596301308074,False
26,4,29,0.5,0.045,2.5,propagule,4365,34,15,0.35120274914089344,False
26,4,30,0.5,0.045,2.5,propagule,4268,27,11,0.355904404873477,False
26,4,31,0.5,0.045,2.5,propagule,4190,26,11,0.362291169451074,False
26,4,32,0.5,0.045,2.5,propagule,4122,26,10,0.3651140223192625,False
26,4,33,0.5,0.045,2.5,propagule,4049,25,10,0.36700419856754757,False
26,4,34,0.5,0.045,2.5,propagule,3967,22,9,0.3695487774136627,False
26,4,35,0.5,0.045,2.5,propagule,3852,16,8,0.5752855659397715,False
26,4,36,0.5,0.045,2.5,propagule,3734,16,6,0.5803427959292984,False
26,4,37,0.5,0.045,2.5,propagule,3663,11,3,0.5844935844935845,False
26,4,38,0.5,0.045,2.5,propagule,3617,15,4,0.5886093447608516,False
26,4,39,0.5,0.045,2.5,propagule,3573,13,6,0.5902602854743912,False
26,4,40,0.5,0.045,2.5,propagule,3545,12,7,0.5901269393511989,False
26,4,41,0.5,0.045,2.5,propagule,3790,13,5,0.587335092348285,False
26,4,42,0.5,0.045,2.5,propagule,3746,7,1,0.590496529631607,False
26,4,43,0.5,0.045,2.5,propagule,3774,7,4,0.5895601483836778,False
26,4,44,0.5,0.045,2.5,propagule,3749,10,5,0.5905574819951988,False
26,4,45,0.5,0.045,2.5,propagule,3751,9,6,0.5931751532924553,False
26,4,46,0.5,0.045,2.5,propagule,3576,9,3,0.5942393736017897,False
26,4,47,0.5,0.045,2.5,propagule,3505,10,3,0.5977175463623395,False
26,4,48,0.5,0.045,2.5,propagule,3469,13,3,0.5978668204093399,False
26,4,49,0.5,0.045,2.5,propagule,3434,15,1,0.5978450786255096,False
26,4,50,0.5,0.045,2.5,propagule,3392,14,3,0.5958136792452831,False
26,4,51,0.5,0.045,2.5,propagule,3367,20,8,0.5954855954855954,False
26,4,52,0.5,0.045,2.5,propagule,3326,22,9,0.5971136500300661,False
26,5,1,0.5,0.045,2.5,propagule,3275,21,11,0.5990839694656489,False
26,5,2,0.5,0.045,2.5,propagule,3251,23,9,0.6004306367271609,False
26,5,3,0.5,0.045,2.5,propagule,3192,22,5,0.6008771929824561,False
26,5,4,0.5,0.045,2.5,propagule,3153,23,11,0.6022835394862036,False
26,5,5,0.5,0.045,2.5,propagule,3098,21,14,0.6023240800516462,False
26,5,6,0.5,0.045,2.5,propagule,3049,18,8,0.6031485733027222,False
26,5,7,0.5,0.045,2.5,propagule,2986,14,5,0.6031480241125251,False
26,5,8,0.5,0.045,2.5,propagule,2969,13,5,0.6049174806332098,False
26,5,9,0.5,0.045,2.5,propagule,2912,11,5,0.6050824175824175,False
26,5,10,0.5,0.045,2.5,propagule,2895,16,4,0.606908462867012,False
26,5,11,0.5,0.045,2.5,propagule,2867,14,4,0.6076037670038368,False
26,5,12,0.5,0.045,2.5,propagule,2827,15,3,0.6105412097629996,False
26,5,13,0.5,0.045,2.5,propagule,2798,12,5,0.6122230164403145,False
26,5,14,0.5,0.045,2.5,propagule,2775,15,8,0.6118918918918919,False
26,5,15,0.5,0.045,2.5,propagule,2741,16,6,0.6118205034658883,False
26,5,16,0.5,0.045,2.5,propagule,2722,12,3,0.6127847171197649,False
26,5,17,0.5,0.045,2.5,propagule,2700,10,2,0.6137037037037038,False
26,5,18,0.5,0.045,2.5,propagule,5470,11,4,0.30274223034734915,False
26,5,19,0.5,0.045,2.5,propagule,5394,17,5,0.3053392658509455,False
26,5,20,0.5,0.045,2.5,propagule,5327,35,5,0.30842875915149237,False
26,5,21,0.5,0.045,2.5,propagule,5247,45,12,0.3108442919763674,False
26,5,22,0.5,0.045,2.5,propagule,5118,55,17,0.31535756154747946,False
26,5,23,0.5,0.045,2.5,propagule,5007,65,13,0.31855402436588776,False
26,5,24,0.5,0.045,2.5,propagule,4875,67,20,0.3238974358974359,False
26,5,25,0.5,0.045,2.5,propagule,4774,72,25,0.32635106828655214,False
26,5,26,0.5,0.045,2.5,propagule,4661,76,25,0.32997210898948726,False
26,5,27,0.5,0.045,2.5,propagule,4549,82,31,0.3334798856891625,False
26,5,28,0.5,0.045,2.5,propagule,4464,78,32,0.3396057347670251,False
26,5,29,0.5,0.045,2.5,propagule,4340,68,28,0.3444700460829493,False
26,5,30,0.5,0.045,2.5,propagule,4222,64,31,0.3505447655139744,False
26,5,31,0.5,0.045,2.5,propagule,4138,61,30,0.35282745287578543,False
26,5,32,0.5,0.045,2.5,propagule,4043,53,19,0.35839722977986643,False
26,5,33,0.5,0.045,2.5,propagule,3956,49,20,0.3627401415571284,False
26,5,34,0.5,0.045,2.5,propagule,3895,56,23,0.3643132220795892,False
26,5,35,0.5,0.045,2.5,propagule,3831,52,19,0.5773949360480293,False
26,5,36,0.5,0.045,2.5,propagule,3745,50,17,0.5805073431241655,False
26,5,37,0.5,0.045,2.5,propagule,3675,50,16,0.5842176870748299,False
26,5,38,0.5,0.045,2.5,propagule,3640,46,19,0.5862637362637363,False
26,5,39,0.5,0.045,2.5,propagule,3591,40,18,0.5906432748538012,False
26,5,40,0.5,0.045,2.5,propagule,3543,32,13,0.5946937623482924,False
26,5,41,0.5,0.045,2.5,propagule,3819,34,11,0.5970149253731343,False
26,5,42,0.5,0.045,2.5,propagule,3856,32,12,0.591545643153527,False
26,5,43,0.5,0.045,2.5,propagule,3873,37,12,0.5956622773044152,False
26,5,44,0.5,0.045,2.5,propagule,3843,36,10,0.5984907624251886,False
26,5,45,0.5,0.045,2.5,propagule,3840,37,14,0.59609375,False
26,5,46,0.5,0.045,2.5,propagule,3635,36,13,0.6002751031636864,False
26,5,47,0.5,0.045,2.5,propagule,3587,32,12,0.601059381098411,False
26,5,48,0.5,0.045,2.5,propagule,3523,31,12,0.602895259721828,False
26,5,49,0.5,0.045,2.5,propagule,3483,31,13,0.6063738156761412,False
26,5,50,0.5,0.045,2.5,propagule,3445,26,10,0.6098693759071118,False
26,5,51,0.5,0.045,2.5,propagule,3397,20,9,0.6096555784515749,False
26,5,52,0.5,0.045,2.5,propagule,3367,20,9,0.6103356103356103,False
26,6,1,0.5,0.045,2.5,propagule,3311,16,7,0.6112956810631229,False
26,6,2,0.5,0.045,2.5,propagule,3283,16,9,0.6107219007005787,False
26,6,3,0.5,0.045,2.5,propagule,3252,15,7,0.6143911439114391,False
26,6,4,0.5,0.045,2.5,propagule,3218,12,4,0.615288999378496,False
26,6,5,0.5,0.045,2.5,propagule,3187,13,3,0.6162535299654848,False
26,6,6,0.5,0.045,2.5,propagule,3156,11,4,0.6191381495564005,False
26,6,7,0.5,0.045,2.5,propagule,3120,10,5,0.6243589743589744,False
26,6,8,0.5,0.045,2.5,propagule,3082,7,4,0.627190136275146,False
26,6,9,0.5,0.045,2.5,propagule,3052,9,4,0.6290956749672346,False
26,6,10,0.5,0.045,2.5,propagule,3033,8,3,0.6280909990108803,False
26,6,11,0.5,0.045,2.5,propagule,3014,6,2,0.6280690112806901,False
26,6,12,0.5,0.045,2.5,propagule,2987,7,3,0.6300636089722129,False
26,6,13,0.5,0.045,2.5,propagule,2968,6,4,0.6314016172506739,False
26,6,14,0.5,0.045,2.5,propagule,2949,5,3,0.6337741607324516,False
26,6,15,0.5,0.045,2.5,propagule,2913,4,1,0.6385169927909372,False
26,6,16,0.5,0.045,2.5,propagule,2894,3,1,0.638217000691085,False
26,6,17,0.5,0.045,2.5,propagule,2866,3,2,0.6388695045359386,False
26,6,18,0.5,0.045,2.5,propagule,5971,3,1,0.30413666052587507,False
26,6,19,0.5,0.045,2.5,propagule,5884,2,0,0.30659415363698167,False
26,6,20,0.5,0.045,2.5,propagule,5776,2,1,0.3078254847645429,False
26,6,21,0.5,0.045,2.5,propagule,5654,11,2,0.3116377785638486,False
26,6,22,0.5,0.045,2.5,propagule,5546,24,3,0.31716552470248827,False
26,6,23,0.5,0.045,2.5,propagule,5428,30,9,0.31890198968312455,False
26,6,24,0.5,0.045,2.5,propagule,5319,39,14,0.32148900169204736,False
26,6,25,0.5,0.045,2.5,propagule,5180,38,12,0.32664092664092664,False
26,6,26,0.5,0.045,2.5,propagule,5078,30,8,0.3302481291847184,False
26,6,27,0.5,0.045,2.5,propagule,4956,34,10,0.3353510895883777,False
26,6,28,0.5,0.045,2.5,propagule,4898,40,15,0.337893017558187,False
26,6,29,0.5,0.045,2.5,propagule,4792,38,13,0.3418196994991653,False
26,6,30,0.5,0.045,2.5,propagule,4727,38,10,0.34588533953881956,False
26,6,31,0.5,0.045,2.5,propagule,4620,39,14,0.3495670995670996,False
26,6,32,0.5,0.045,2.5,propagule,4555,36,17,0.35236004390779363,False
26,6,33,0.5,0.045,2.5,propagule,4455,29,16,0.35375982042648707,False
26,6,34,0.5,0.045,2.5,propagule,4330,21,10,0.3600461893764434,False
26,6,35,0.5,0.045,2.5,propagule,4274,16,9,0.572531586335985,False
26,6,36,0.5,0.045,2.5,propagule,4168,14,8,0.5762955854126679,False
26,6,37,0.5,0.045,2.5,propagule,4074,12,3,0.5812469317623957,False
26,6,38,0.5,0.045,2.5,propagule,4020,9,4,0.5840796019900497,False
26,6,39,0.5,0.045,2.5,propagule,3961,11,8,0.5862156021206766,False
26,6,40,0.5,0.045,2.5,propagule,3910,8,5,0.5879795396419437,False
26,6,41,0.5,0.045,2.5,propagule,4174,11,2,0.5929563967417345,False
26,6,42,0.5,0.045,2.5,propagule,4197,16,3,0.5908982606623779,False
26,6,43,0.5,0.045,2.5,propagule,4176,16,6,0.5926724137931034,False
26,6,44,0.5,0.045,2.5,propagule,4181,18,6,0.5917244678306626,False
26,6,45,0.5,0.045,2.5,propagule,4140,18,9,0.5975845410628019,False
26,6,46,0.5,0.045,2.5,propagule,3937,19,8,0.5953771907543816,False
26,6,47,0.5,0.045,2.5,propagule,3866,13,5,0.5975168132436627,False
26,6,48,0.5,0.045,2.5,propagule,3815,14,6,0.5984272608125819,False
26,6,49,0.5,0.045,2.5,propagule,3754,14,5,0.5990942994139584,False
26,6,50,0.5,0.045,2.5,propagule,3719,13,5,0.5998924442054315,False
26,6,51,0.5,0.045,2.5,propagule,3686,16,5,0.6030927835051546,False
26,6,52,0.5,0.045,2.5,propagule,3650,18,6,0.6043835616438357,False
26,7,1,0.5,0.045,2.5,propagule,3585,18,7,0.60557880055788,False
26,7,2,0.5,0.045,2.5,propagule,3560,16,7,0.6064606741573034,False
26,7,3,0.5,0.045,2.5,propagule,3520,14,7,0.6096590909090909,False
26,7,4,0.5,0.045,2.5,propagule,3481,10,7,0.6104567652973284,False
26,7,5,0.5,0.045,2.5,propagule,3442,8,5,0.6130156885531668,False
26,7,6,0.5,0.045,2.5,propagule,3395,8,2,0.6153166421207659,False
26,7,7,0.5,0.045,2.5,propagule,3357,9,2,0.6169198689305928,False
26,7,8,0.5,0.045,2.5,propagule,3309,9,2,0.6189181021456633,False
26,7,9,0.5,0.045,2.5,propagule,3270,12,3,0.6192660550458715,False
26,7,10,0.5,0.045,2.5,propagule,3245,13,5,0.6194144838212635,False
26,7,11,0.5,0.045,2.5,propagule,3219,12,5,0.6206896551724138,False
26,7,12,0.5,0.045,2.5,propagule,3185,9,4,0.6248037676609105,False
26,7,13,0.5,0.045,2.5,propagule,3156,8,3,0.6270595690747782,False
26,7,14,0.5,0.045,2.5,propagule,3127,8,4,0.6280780300607611,False
26,7,15,0.5,0.045,2.5,propagule,3094,10,5,0.6289592760180995,False
26,7,16,0.5,0.045,2.5,propagule,3043,8,4,0.6312849162011173,False
26,7,17,0.5,0.045,2.5,propagule,3003,7,3,0.6350316350316351,False
26,7,18,0.5,0.045,2.5,propagule,6322,5,1,0.30053780449224926,False
26,7,19,0.5,0.045,2.5,propagule,6216,4,2,0.30244530244530243,False
26,7,20,0.5,0.045,2.5,propagule,6135,17,2,0.30448247758761204,False
26,7,21,0.5,0.045,2.5,propagule,6004,14,2,0.3087941372418388,False
26,7,22,0.5,0.045,2.5,propagule,5887,21,5,0.31425174112451165,False
26,7,23,0.5,0.045,2.5,propagule,5769,25,6,0.31651932743976424,False
26,7,24,0.5,0.045,2.5,propagule,5656,31,12,0.32001414427157,False
26,7,25,0.5,0.045,2.5,propagule,5533,32,14,0.3220675944333996,False
26,7,26,0.5,0.045,2.5,propagule,5358,23,9,0.32605449794699515,False
26,7,27,0.5,0.045,2.5,propagule,5244,26,10,0.3291380625476735,False
26,7,28,0.5,0.045,2.5,propagule,5132,26,12,0.3337879968823071,False
26,7,29,0.5,0.045,2.5,propagule,5046,21,10,0.33729686880697585,False
26,7,30,0.5,0.045,2.5,propagule,4956,19,7,0.34301856335754644,False
26,7,31,0.5,0.045,2.5,propagule,4855,20,6,0.3454170957775489,False
26,7,32,0.5,0.045,2.5,propagule,4754,25,9,0.3506520824568784,False
26,7,33,0.5,0.045,2.5,propagule,4667,25,11,0.35354617527319476,False
26,7,34,0.5,0.045,2.5,propagule,4569,20,9,0.3536878966951193,False
26,7,35,0.5,0.045,2.5,propagule,4457,17,6,0.5658514695983846,False
26,7,36,0.5,0.045,2.5,propagule,4353,18,8,0.5713301171605789,False
26,7,37,0.5,0.045,2.5,propagule,4260,16,8,0.571830985915493,False
26,7,38,0.5,0.045,2.5,propagule,4203,15,6,0.5733999524149417,False
26,7,39,0.5,0.045,2.5,propagule,4165,15,5,0.5752701080432173,False
26,7,40,0.5,0.045,2.5,propagule,4118,14,4,0.5774647887323944,False
26,7,41,0.5,0.045,2.5,propagule,4454,18,5,0.5801526717557252,False
26,7,42,0.5,0.045,2.5,propagule,4514,19,8,0.5808595480726628,False
26,7,43,0.5,0.045,2.5,propagule,4497,21,11,0.5848343340004447,False
26,7,44,0.5,0.045,2.5,propagule,4512,17,9,0.5839982269503546,False
26,7,45,0.5,0.045,2.5,propagule,4504,15,8,0.5823712255772646,False
26,7,46,0.5,0.045,2.5,propagule,4262,17,5,0.5842327545753168,False
26,7,47,0.5,0.045,2.5,propagule,4188,13,3,0.583810888252149,False
26,7,48,0.5,0.045,2.5,propagule,4123,12,3,0.5842832888673296,False
26,7,49,0.5,0.045,2.5,propagule,4044,9,4,0.5848170128585559,False
26,7,50,0.5,0.045,2.5,propagule,4003,10,7,0.5893080189857607,False
26,7,51,0.5,0.045,2.5,propagule,3971,6,2,0.588264920674893,False
26,7,52,0.5,0.045,2.5,propagule,3925,3,1,0.590828025477707,False
26,8,1,0.5,0.045,2.5,propagule,3881,6,2,0.5905694408657562,False
26,8,2,0.5,0.045,2.5,propagule,3845,7,2,0.5937581274382314,False
26,8,3,0.5,0.045,2.5,propagule,3806,9,4,0.594587493431424,False
26,8,4,0.5,0.045,2.5,propagule,3782,8,5,0.5983606557377049,False
26,8,5,0.5,0.045,2.5,propagule,3737,6,4,0.6020872357506021,False
26,8,6,0.5,0.045,2.5,propagule,3692,9,1,0.6042795232936078,False
26,8,7,0.5,0.045,2.5,propagule,3664,8,4,0.6088973799126638,False
26,8,8,0.5,0.045,2.5,propagule,3637,9,5,0.6084685180093483,False
26,8,9,0.5,0.045,2.5,propagule,3602,5,3,0.6107717934480844,False
26,8,10,0.5,0.045,2.5,propagule,3572,6,2,0.6108622620380739,False
26,8,11,0.5,0.045,2.5,propagule,3520,5,2,0.6116477272727273,False
26,8,12,0.5,0.045,2.5,propagule,3489,5,2,0.6145027228432216,False
26,8,13,0.5,0.045,2.5,propagule,3468,3,1,0.6153402537485583,False
26,8,14,0.5,0.045,2.5,propagule,3423,5,1,0.6170026292725679,False
26,8,15,0.5,0.045,2.5,propagule,3390,4,0,0.6185840707964602,False
26,8,16,0.5,0.045,2.5,propagule,3381,4,2,0.621709553386572,False
26,8,17,0.5,0.045,2.5,propagule,3343,5,2,0.6227938976966796,False
26,8,18,0.5,0.045,2.5,propagule,7035,3,2,0.2970859985785359,False
26,8,19,0.5,0.045,2.5,propagule,6924,13,2,0.2995378393991912,False
26,8,20,0.5,0.045,2.5,propagule,6804,11,3,0.3030570252792475,False
26,8,21,0.5,0.045,2.5,propagule,6663,19,4,0.3072189704337386,False
26,8,22,0.5,0.045,2.5,propagule,6568,31,4,0.3093788063337393,False
26,8,23,0.5,0.045,2.5,propagule,6490,36,13,0.3120184899845917,False
26,8,24,0.5,0.045,2.5,propagule,6393,36,15,0.3133114343813546,False
26,8,25,0.5,0.045,2.5,propagule,6233,37,12,0.32087277394513075,False
26,8,26,0.5,0.045,2.5,propagule,6104,34,8,0.32454128440366975,False
26,8,27,0.5,0.045,2.5,propagule,6012,37,12,0.32701264138389885,False
26,8,28,0.5,0.045,2.5,propagule,5905,39,18,0.33158340389500424,False
26,8,29,0.5,0.045,2.5,propagule,5756,30,15,0.334954829742877,False
26,8,30,0.5,0.045,2.5,propagule,5650,23,15,0.33946902654867256,False
26,8,31,0.5,0.045,2.5,propagule,5543,23,11,0.34151181670575503,False
26,8,32,0.5,0.045,2.5,propagule,5459,16,6,0.34676680710752883,False
26,8,33,0.5,0.045,2.5,propagule,5364,17,7,0.3512304250559284,False
26,8,34,0.5,0.045,2.5,propagule,5288,16,5,0.35381996974281393,False
26,8,35,0.5,0.045,2.5,propagule,5218,18,8,0.5574932924492143,False
26,8,36,0.5,0.045,2.5,propagule,5149,18,9,0.5601087589823267,False
26,8,37,0.5,0.045,2.5,propagule,5056,16,8,0.5644778481012658,False
26,8,38,0.5,0.045,2.5,propagule,4990,15,5,0.5649298597194389,False
26,8,39,0.5,0.045,2.5,propagule,4939,13,1,0.5669163798339745,False
26,8,40,0.5,0.045,2.5,propagule,4877,12,5,0.5683822021734672,False
26,8,41,0.5,0.045,2.5,propagule,5088,19,9,0.5713443396226415,False
26,8,42,0.5,0.045,2.5,propagule,5126,12,6,0.5719859539602029,False
26,8,43,0.5,0.045,2.5,propagule,5113,18,7,0.5736358302366517,False
26,8,44,0.5,0.045,2.5,propagule,5067,15,7,0.5741069666469312,False
26,8,45,0.5,0.045,2.5,propagule,5040,15,7,0.5783730158730159,False
26,8,46,0.5,0.045,2.5,propagule,4830,11,5,0.5763975155279503,False
26,8,47,0.5,0.045,2.5,propagule,4773,14,6,0.5776241357636707,False
26,8,48,0.5,0.045,2.5,propagule,4719,13,5,0.5797838525111252,False
26,8,49,0.5,0.045,2.5,propagule,4669,18,6,0.5787106446776612,False
26,8,50,0.5,0.045,2.5,propagule,4613,18,6,0.5833513982224149,False
26,8,51,0.5,0.045,2.5,propagule,4575,20,4,0.5840437158469945,False
26,8,52,0.5,0.045,2.5,propagule,4533,22,7,0.5872490624310611,False
26,9,1,0.5,0.045,2.5,propagule,4506,22,9,0.5878828229027963,False
26,9,2,0.5,0.045,2.5,propagule,4441,20,7,0.5906327403737897,False
26,9,3,0.5,0.045,2.5,propagule,4397,22,8,0.5913122583579713,False
26,9,4,0.5,0.045,2.5,propagule,4334,19,7,0.5929856945085371,False
26,9,5,0.5,0.045,2.5,propagule,4308,17,7,0.5949396471680595,False
26,9,6,0.5,0.045,2.5,propagule,4259,16,7,0.5970885184315567,False
26,9,7,0.5,0.045,2.5,propagule,4225,16,5,0.5988165680473373,False
26,9,8,0.5,0.045,2.5,propagule,4178,13,7,0.6007659167065582,False
26,9,9,0.5,0.045,2.5,propagule,4137,13,7,0.6016437031665458,False
26,9,10,0.5,0.045,2.5,propagule,4099,7,4,0.6045376921200293,False
26,9,11,0.5,0.045,2.5,propagule,4051,8,5,0.6057763515181437,False
26,9,12,0.5,0.045,2.5,propagule,4014,8,2,0.6071250622820129,False
26,9,13,0.5,0.045,2.5,propagule,3979,6,3,0.607941693892938,False
26,9,14,0.5,0.045,2.5,propagule,3924,8,3,0.6085626911314985,False
26,9,15,0.5,0.045,2.5,propagule,3877,5,2,0.6089760123807068,False
26,9,16,0.5,0.045,2.5,propagule,3841,6,4,0.6086956521739131,False
26,9,17,0.5,0.045,2.5,propagule,3801,5,2,0.6101026045777427,False
26,9,18,0.5,0.045,2.5,propagule,7581,2,1,0.2949478960559293,False
26,9,19,0.5,0.045,2.5,propagule,7460,14,3,0.2985254691689008,False
26,9,20,0.5,0.045,2.5,propagule,7315,19,2,0.3033492822966507,False
26,9,21,0.5,0.045,2.5,propagule,7220,26,1,0.3063711911357341,False
26,9,22,0.5,0.045,2.5,propagule,7121,25,2,0.31006881056031455,False
26,9,23,0.5,0.045,2.5,propagule,6990,28,12,0.31258941344778257,False
26,9,24,0.5,0.045,2.5,propagule,6857,33,13,0.31763161732536094,False
26,9,25,0.5,0.045,2.5,propagule,6763,30,9,0.32071565873133223,False
26,9,26,0.5,0.045,2.5,propagule,6647,34,14,0.32375507747856175,False
26,9,27,0.5,0.045,2.5,propagule,6520,34,15,0.3263803680981595,False
26,9,28,0.5,0.045,2.5,propagule,6386,29,14,0.33181960538678357,False
26,9,29,0.5,0.045,2.5,propagule,6269,22,9,0.33514117084064443,False
26,9,30,0.5,0.045,2.5,propagule,6147,22,9,0.339027167724093,False
26,9,31,0.5,0.045,2.5,propagule,6036,23,10,0.3429423459244533,False
26,9,32,0.5,0.045,2.5,propagule,5844,20,8,0.34856262833675566,False
26,9,33,0.5,0.045,2.5,propagule,5705,18,5,0.3539000876424189,False
26,9,34,0.5,0.045,2.5,propagule,5581,22,6,0.3574628202831034,False
26,9,35,0.5,0.045,2.5,propagule,5486,23,11,0.5701786365293474,False
26,9,36,0.5,0.045,2.5,propagule,5421,23,9,0.5711123408965135,False
26,9,37,0.5,0.045,2.5,propagule,5302,20,8,0.5726141078838174,False
26,9,38,0.5,0.045,2.5,propagule,5244,24,11,0.5755148741418764,False
26,9,39,0.5,0.045,2.5,propagule,5162,20,8,0.5778767919411081,False
26,9,40,0.5,0.045,2.5,propagule,5095,16,5,0.5809617271835132,False
26,9,41,0.5,0.045,2.5,propagule,5351,20,8,0.5826948233974958,False
26,9,42,0.5,0.045,2.5,propagule,5396,21,9,0.5861749444032617,False
26,9,43,0.5,0.045,2.5,propagule,5399,17,9,0.5865901092794962,False
26,9,44,0.5,0.045,2.5,propagule,5353,21,10,0.5867737717167943,False
26,9,45,0.5,0.045,2.5,propagule,5318,14,6,0.5874388867995487,False
26,9,46,0.5,0.045,2.5,propagule,5158,12,7,0.5866614967041489,False
26,9,47,0.5,0.045,2.5,propagule,5095,16,6,0.5886162904808636,False
26,9,48,0.5,0.045,2.5,propagule,5051,15,4,0.5941397743021184,False
26,9,49,0.5,0.045,2.5,propagule,5013,15,6,0.5950528625573509,False
26,9,50,0.5,0.045,2.5,propagule,4940,17,5,0.5973684210526315,False
26,9,51,0.5,0.045,2.5,propagule,4898,14,8,0.5988158432013067,False
26,9,52,0.5,0.045,2.5,propagule,4846,13,7,0.599669830788279,False
26,10,1,0.5,0.045,2.5,propagule,4795,9,3,0.602711157455683,False
26,10,2,0.5,0.045,2.5,propagule,4749,9,4,0.6051800379027164,False
26,10,3,0.5,0.045,2.5,propagule,4693,8,5,0.6085659492861709,False
26,10,4,0.5,0.045,2.5,propagule,4654,6,4,0.6100128921357971,False
26,10,5,0.5,0.045,2.5,propagule,4625,2,1,0.6112432432432432,False
26,10,6,0.5,0.045,2.5,propagule,4575,2,1,0.61224043715847,False
26,10,7,0.5,0.045,2.5,propagule,4525,1,0,0.6137016574585635,False
26,10,8,0.5,0.045,2.5,propagule,4468,1,1,0.6157117278424351,False
26,10,9,0.5,0.045,2.5,propagule,4424,5,1,0.6159584086799277,False
26,10,10,0.5,0.045,2.5,propagule,4380,4,0,0.617351598173516,False
26,10,11,0.5,0.045,2.5,propagule,4329,4,0,0.6197736197736198,False
26,10,12,0.5,0.045,2.5,propagule,4279,5,1,0.6209394718392147,False
26,10,13,0.5,0.045,2.5,propagule,4229,8,2,0.6218964294159376,False
26,10,14,0.5,0.045,2.5,propagule,4192,8,4,0.6245229007633588,False
26,10,15,0.5,0.045,2.5,propagule,4146,8,5,0.6271104679208876,False
26,10,16,0.5,0.045,2.5,propagule,4098,8,3,0.6276232308443143,False
26,10,17,0.5,0.045,2.5,propagule,4076,8,2,0.6292934249263984,False
26,10,18,0.5,0.045,2.5,propagule,8428,9,4,0.2975794969150451,False
26,10,19,0.5,0.045,2.5,propagule,8329,19,3,0.30075639332452875,False
26,10,20,0.5,0.045,2.5,propagule,8187,16,6,0.30316355197263956,False
26,10,21,0.5,0.045,2.5,propagule,8048,33,9,0.30740556660039764,False
26,10,22,0.5,0.045,2.5,propagule,7856,30,11,0.31237270875763745,False
26,10,23,0.5,0.045,2.5,propagule,7698,39,12,0.31683554169914263,False
26,10,24,0.5,0.045,2.5,propagule,7535,36,10,0.3227604512276045,False
26,10,25,0.5,0.045,2.5,propagule,7396,37,17,0.32612222823147646,False
26,10,26,0.5,0.045,2.5,propagule,7260,42,19,0.3296143250688705,False
26,10,27,0.5,0.045,2.5,propagule,7119,36,15,0.3317881724961371,False
26,10,28,0.5,0.045,2.5,propagule,6929,34,16,0.33583489681050654,False
26,10,29,0.5,0.045,2.5,propagule,6779,33,15,0.34061070954418055,False
26,10,30,0.5,0.045,2.5,propagule,6644,27,12,0.3443708609271523,False
26,10,31,0.5,0.045,2.5,propagule,6491,29,10,0.348020335849638,False
26,10,32,0.5,0.045,2.5,propagule,6386,29,12,0.35123708111493895,False
26,10,33,0.5,0.045,2.5,propagule,6261,29,11,0.3537773518607251,False
26,10,34,0.5,0.045,2.5,propagule,6100,23,12,0.3575409836065574,False
26,10,35,0.5,0.045,2.5,propagule,5959,27,12,0.5677127034737373,False
26,10,36,0.5,0.045,2.5,propagule,5861,22,5,0.5691861457089233,False
26,10,37,0.5,0.045,2.5,propagule,5748,22,6,0.5730688935281837,False
26,10,38,0.5,0.045,2.5,propagule,5692,25,13,0.57536893886156,False
26,10,39,0.5,0.045,2.5,propagule,5626,19,12,0.5785638108780661,False
26,10,40,0.5,0.045,2.5,propagule,5555,15,9,0.5805580558055805,False
26,10,41,0.5,0.045,2.5,propagule,5857,17,9,0.5832337374082295,False
26,10,42,0.5,0.045,2.5,propagule,5810,16,4,0.5836488812392426,False
26,10,43,0.5,0.045,2.5,propagule,5776,13,3,0.5841412742382271,False
26,10,44,0.5,0.045,2.5,propagule,5742,17,7,0.5858585858585859,False
26,10,45,0.5,0.045,2.5,propagule,5699,15,7,0.5850149148973504,False
26,10,46,0.5,0.045,2.5,propagule,5526,15,6,0.586138255519363,False
26,10,47,0.5,0.045,2.5,propagule,5444,15,8,0.5892725936811168,False
26,10,48,0.5,0.045,2.5,propagule,5382,17,5,0.5919732441471572,False
26,10,49,0.5,0.045,2.5,propagule,5319,12,2,0.5933446136491822,False
26,10,50,0.5,0.045,2.5,propagule,5250,13,8,0.5954285714285714,False
26,10,51,0.5,0.045,2.5,propagule,5195,15,8,0.598075072184793,False
26,10,52,0.5,0.045,2.5,propagule,5124,15,5,0.5997267759562842,False
26,11,1,0.5,0.045,2.5,propagule,5058,18,4,0.6041913799920917,False
26,11,2,0.5,0.045,2.5,propagule,5024,16,3,0.6050955414012739,False
26,11,3,0.5,0.045,2.5,propagule,4966,16,6,0.6075312122432541,False
26,11,4,0.5,0.045,2.5,propagule,4922,17,7,0.6076798049573344,False
26,11,5,0.5,0.045,2.5,propagule,4875,15,5,0.6102564102564103,False
26,11,6,0.5,0.045,2.5,propagule,4835,14,8,0.6103412616339193,False
26,11,7,0.5,0.045,2.5,propagule,4785,12,8,0.6110762800417973,False
26,11,8,0.5,0.045,2.5,propagule,4740,8,5,0.6124472573839662,False
26,11,9,0.5,0.045,2.5,propagule,4702,6,4,0.6144193960017014,False
26,11,10,0.5,0.045,2.5,propagule,4646,5,2,0.6157985363753766,False
26,11,11,0.5,0.045,2.5,propagule,4602,3,1,0.6179921773142112,False
26,11,12,0.5,0.045,2.5,propagule,4553,6,1,0.6193718427410498,False
26,11,13,0.5,0.045,2.5,propagule,4494,5,2,0.6226079216733422,False
26,11,14,0.5,0.045,2.5,propagule,4462,6,3,0.6232631107126849,False
26,11,15,0.5,0.045,2.5,propagule,4414,4,4,0.6248300860897146,False
26,11,16,0.5,0.045,2.5,propagule,4367,3,3,0.6256010991527364,False
26,11,17,0.5,0.045,2.5,propagule,4321,0,0,0.6276324924785929,False
26,11,18,0.5,0.045,2.5,propagule,8846,0,0,0.29934433642324215,False
26,11,19,0.5,0.045,2.5,propagule,8716,0,0,0.3023175768701239,False
26,11,20,0.5,0.045,2.5,propagule,8548,0,0,0.30755732335049135,False
26,11,21,0.5,0.045,2.5,propagule,8405,0,0,0.31041046995835814,False
26,11,22,0.5,0.045,2.5,propagule,8254,0,0,0.31293918100315,False
26,11,23,0.5,0.045,2.5,propagule,8086,0,0,0.3172149394014346,False
26,11,24,0.5,0.045,2.5,propagule,7890,0,0,0.320659062103929,False
26,11,25,0.5,0.045,2.5,propagule,7733,0,0,0.3235484288115867,False
26,11,26,0.5,0.045,2.5,propagule,7536,0,0,0.3278927813163482,False
26,11,27,0.5,0.045,2.5,propagule,7371,0,0,0.3315696649029982,False
26,11,28,0.5,0.045,2.5,propagule,7193,0,0,0.33602113165577646,False
26,11,29,0.5,0.045,2.5,propagule,7037,0,0,0.33906494244706553,False
26,11,30,0.5,0.045,2.5,propagule,6942,0,0,0.3421204263900893,False
26,11,31,0.5,0.045,2.5,propagule,6797,0,0,0.34471090186847136,False
26,11,32,0.5,0.045,2.5,propagule,6702,0,0,0.3476574156968069,False
26,11,33,0.5,0.045,2.5,propagule,6581,0,0,0.3504026743655979,False
26,11,34,0.5,0.045,2.5,propagule,6462,0,0,0.3522129371711544,False
26,11,35,0.5,0.045,2.5,propagule,6338,0,0,0.5662669611864941,False
26,11,36,0.5,0.045,2.5,propagule,6227,0,0,0.5688132326963224,False
26,11,37,0.5,0.045,2.5,propagule,6117,0,0,0.5721759032205329,False
26,11,38,0.5,0.045,2.5,propagule,6057,0,0,0.571570084200099,False
26,11,39,0.5,0.045,2.5,propagule,5985,0,0,0.5720969089390142,False
26,11,40,0.5,0.045,2.5,propagule,5929,0,0,0.5741271715297689,False
26,11,41,0.5,0.045,2.5,propagule,6191,0,0,0.580358585042804,False
26,11,42,0.5,0.045,2.5,propagule,6141,1,0,0.5800358247842371,False
26,11,43,0.5,0.045,2.5,propagule,6112,3,0,0.5827879581151832,False
26,11,44,0.5,0.045,2.5,propagule,6078,4,3,0.5806186245475485,False
26,11,45,0.5,0.045,2.5,propagule,6070,5,3,0.5822075782537067,False
26,11,46,0.5,0.045,2.5,propagule,5870,2,0,0.582282793867121,False
26,11,47,0.5,0.045,2.5,propagule,5792,2,0,0.5840814917127072,False
26,11,48,0.5,0.045,2.5,propagule,5725,2,1,0.582707423580786,False
26,11,49,0.5,0.045,2.5,propagule,5650,2,2,0.5851327433628318,False
26,11,50,0.5,0.045,2.5,propagule,5589,1,1,0.586867060297012,False
26,11,51,0.5,0.045,2.5,propagule,5512,0,0,0.5870827285921626,False
26,11,52,0.5,0.045,2.5,propagule,5463,0,0,0.5881383855024712,False
