rep,year,week,sero,disease,rate,type,total_pop,n_infected,n_symptomatic,actual_sero,elim
40,1,1,0.5,0.045,1.5,wave,2763,0,0,0.49294245385450597,True
40,1,2,0.5,0.045,1.5,wave,2699,0,0,0.49240459429418304,True
40,1,3,0.5,0.045,1.5,wave,2644,0,0,0.4920574886535552,True
40,1,4,0.5,0.045,1.5,wave,2609,0,0,0.49482560367957074,True
40,1,5,0.5,0.045,1.5,wave,2562,0,0,0.4972677595628415,True
40,1,6,0.5,0.045,1.5,wave,2566,0,0,0.5007794232268121,True
40,1,7,0.5,0.045,1.5,wave,2523,0,0,0.5017835909631391,True
40,1,8,0.5,0.045,1.5,wave,2515,0,0,0.49980119284294233,True
40,1,9,0.5,0.045,1.5,wave,2481,0,0,0.5030229746070133,True
40,1,10,0.5,0.045,1.5,wave,2474,0,0,0.5016168148746969,True
40,1,11,0.5,0.045,1.5,wave,2438,0,0,0.5032813781788351,True
40,1,12,0.5,0.045,1.5,wave,2434,0,0,0.5036976170912079,True
40,1,13,0.5,0.045,1.5,wave,2409,0,0,0.5051888750518887,True
40,1,14,0.5,0.045,1.5,wave,2392,0,0,0.5037625418060201,True
40,1,15,0.5,0.045,1.5,wave,2369,0,0,0.5048543689320388,True
40,1,16,0.5,0.045,1.5,wave,2350,0,0,0.5063829787234042,True
40,1,17,0.5,0.045,1.5,wave,2333,0,0,0.5083583369052722,True
40,1,18,0.5,0.045,1.5,wave,6955,0,0,0.17124370956146656,True
40,1,19,0.5,0.045,1.5,wave,6888,0,0,0.17305458768873402,True
40,1,20,0.5,0.045,1.5,wave,6788,0,0,0.1754566882734237,True
40,1,21,0.5,0.045,1.5,wave,6678,0,0,0.17714884696016772,True
40,1,22,0.5,0.045,1.5,wave,6535,0,0,0.17995409334353482,True
40,1,23,0.5,0.045,1.5,wave,6394,0,0,0.18439161714106975,True
40,1,24,0.5,0.045,1.5,wave,6291,0,0,0.18756954379271976,True
40,1,25,0.5,0.045,1.5,wave,6157,0,0,0.19002761084943967,True
40,1,26,0.5,0.045,1.5,wave,6075,0,0,0.19209876543209878,True
40,1,27,0.5,0.045,1.5,wave,5962,0,0,0.19523649781952365,True
40,1,28,0.5,0.045,1.5,wave,5849,0,0,0.19815353051803727,True
40,1,29,0.5,0.045,1.5,wave,5741,0,0,0.20101027695523427,True
40,1,30,0.5,0.045,1.5,wave,5630,0,0,0.20479573712255772,True
40,1,31,0.5,0.045,1.5,wave,5519,0,0,0.20655915926798332,True
40,1,32,0.5,0.045,1.5,wave,5414,0,0,0.21185814554857776,True
40,1,33,0.5,0.045,1.5,wave,5305,0,0,0.21602262016965126,True
40,1,34,0.5,0.045,1.5,wave,5233,0,0,0.21784827059048348,True
40,1,35,0.5,0.045,1.5,wave,5162,0,0,0.45563734986439364,True
40,1,36,0.5,0.045,1.5,wave,5064,0,0,0.4569510268562401,True
40,1,37,0.5,0.045,1.5,wave,4978,0,0,0.4602249899558055,True
40,1,38,0.5,0.045,1.5,wave,4922,0,0,0.4624136529865908,True
40,1,39,0.5,0.045,1.5,wave,4868,0,0,0.46405094494659,True
40,1,40,0.5,0.045,1.5,wave,4806,0,0,0.46629213483146065,True
40,1,41,0.5,0.045,1.5,wave,4827,0,0,0.46819970996478144,True
40,1,42,0.5,0.045,1.5,wave,4792,0,0,0.46702838063439067,True
40,1,43,0.5,0.045,1.5,wave,4746,0,0,0.4671302149178255,True
40,1,44,0.5,0.045,1.5,wave,4706,0,0,0.46748831279218017,True
40,1,45,0.5,0.045,1.5,wave,4630,0,0,0.47041036717062634,True
40,1,46,0.5,0.045,1.5,wave,4517,0,0,0.47022359973433697,True
40,1,47,0.5,0.045,1.5,wave,4448,0,0,0.4705485611510791,True
40,1,48,0.5,0.045,1.5,wave,4418,0,0,0.4703485740153916,True
40,1,49,0.5,0.045,1.5,wave,4352,0,0,0.4733455882352941,True
40,1,50,0.5,0.045,1.5,wave,4296,0,0,0.47323091247672255,True
40,1,51,0.5,0.045,1.5,wave,4238,0,0,0.4754601226993865,True
40,1,52,0.5,0.045,1.5,wave,4199,0,0,0.47701833769945223,True
40,2,1,0.5,0.045,1.5,wave,4161,8,0,0.47801009372746933,False
40,2,2,0.5,0.045,1.5,wave,4113,8,0,0.4801847799659616,False
40,2,3,0.5,0.045,1.5,wave,4063,8,2,0.4826482894412995,False
40,2,4,0.5,0.045,1.5,wave,4032,10,3,0.48214285714285715,False
40,2,5,0.5,0.045,1.5,wave,3970,9,4,0.48211586901763226,False
40,2,6,0.5,0.045,1.5,wave,3935,14,4,0.4815756035578145,False
40,2,7,0.5,0.045,1.5,wave,3886,13,3,0.4837879567678847,False
40,2,8,0.5,0.045,1.5,wave,3840,12,8,0.48515625,False
40,2,9,0.5,0.045,1.5,wave,3806,15,8,0.4858118759852864,False
40,2,10,0.5,0.045,1.5,wave,3764,13,3,0.4896386822529224,False
40,2,11,0.5,0.045,1.5,wave,3720,10,3,0.49112903225806454,False
40,2,12,0.5,0.045,1.5,wave,3675,13,5,0.49197278911564624,False
40,2,13,0.5,0.045,1.5,wave,3627,15,7,0.4943479459608492,False
40,2,14,0.5,0.045,1.5,wave,3580,14,7,0.4963687150837989,False
40,2,15,0.5,0.045,1.5,wave,3534,12,4,0.4960384833050368,False
40,2,16,0.5,0.045,1.5,wave,3482,11,3,0.4974152785755313,False
40,2,17,0.5,0.045,1.5,wave,3440,12,4,0.4994186046511628,False
40,2,18,0.5,0.045,1.5,wave,6064,13,4,0.28232189973614774,False
40,2,19,0.5,0.045,1.5,wave,5943,14,4,0.28588255090021875,False
40,2,20,0.5,0.045,1.5,wave,5839,24,5,0.2892618599075184,False
40,2,21,0.5,0.045,1.5,wave,5723,28,6,0.29232919797309104,False
40,2,22,0.5,0.045,1.5,wave,5606,27,8,0.2973599714591509,False
40,2,23,0.5,0.045,1.5,wave,5512,28,14,0.3006168359941945,False
40,2,24,0.5,0.045,1.5,wave,5406,27,15,0.3044765075841657,False
40,2,25,0.5,0.045,1.5,wave,5272,22,8,0.3067147192716237,False
40,2,26,0.5,0.045,1.5,wave,5141,19,7,0.31122349737405175,False
40,2,27,0.5,0.045,1.5,wave,5042,19,10,0.3137643792145974,False
40,2,28,0.5,0.045,1.5,wave,4950,15,6,0.31575757575757574,False
40,2,29,0.5,0.045,1.5,wave,4858,11,8,0.3194730341704405,False
40,2,30,0.5,0.045,1.5,wave,4747,16,8,0.3237834421740046,False
40,2,31,0.5,0.045,1.5,wave,4670,11,5,0.32676659528907925,False
40,2,32,0.5,0.045,1.5,wave,4596,15,6,0.329852045256745,False
40,2,33,0.5,0.045,1.5,wave,4474,13,6,0.3316942333482342,False
40,2,34,0.5,0.045,1.5,wave,4410,14,5,0.33718820861678006,False
40,2,35,0.5,0.045,1.5,wave,4318,14,4,0.5801296896711441,False
40,2,36,0.5,0.045,1.5,wave,4226,15,4,0.5837671557027923,False
40,2,37,0.5,0.045,1.5,wave,4151,12,4,0.5858829197783667,False
40,2,38,0.5,0.045,1.5,wave,4125,11,6,0.5873939393939394,False
40,2,39,0.5,0.045,1.5,wave,4074,11,7,0.5888561610211095,False
40,2,40,0.5,0.045,1.5,wave,4022,11,4,0.590750870213824,False
40,2,41,0.5,0.045,1.5,wave,4210,10,2,0.589311163895487,False
40,2,42,0.5,0.045,1.5,wave,4179,10,3,0.5922469490308686,False
40,2,43,0.5,0.045,1.5,wave,4196,9,5,0.5912774070543375,False
40,2,44,0.5,0.045,1.5,wave,4153,8,4,0.590898145918613,False
40,2,45,0.5,0.045,1.5,wave,4170,8,2,0.5930455635491607,False
40,2,46,0.5,0.045,1.5,wave,4001,6,2,0.5921019745063734,False
40,2,47,0.5,0.045,1.5,wave,3958,8,3,0.5942395149065185,False
40,2,48,0.5,0.045,1.5,wave,3909,5,3,0.594269634177539,False
40,2,49,0.5,0.045,1.5,wave,3876,4,2,0.5939112487100103,False
40,2,50,0.5,0.045,1.5,wave,3849,2,2,0.5946999220576773,False
40,2,51,0.5,0.045,1.5,wave,3818,4,2,0.5940282870612886,False
40,2,52,0.5,0.045,1.5,wave,3770,2,0,0.5954907161803713,False
40,3,1,0.5,0.045,1.5,wave,3748,2,0,0.5949839914621131,False
40,3,2,0.5,0.045,1.5,wave,3729,2,1,0.5974792169482435,False
40,3,3,0.5,0.045,1.5,wave,3710,3,2,0.5989218328840971,False
40,3,4,0.5,0.045,1.5,wave,3689,2,1,0.5982651124966115,False
40,3,5,0.5,0.045,1.5,wave,3658,1,0,0.5997813012575177,False
40,3,6,0.5,0.045,1.5,wave,3631,1,1,0.600385568713853,False
40,3,7,0.5,0.045,1.5,wave,3612,2,1,0.6029900332225914,False
40,3,8,0.5,0.045,1.5,wave,3591,1,0,0.6012252854358118,False
40,3,9,0.5,0.045,1.5,wave,3561,1,0,0.6048862679022746,False
40,3,10,0.5,0.045,1.5,wave,3532,1,0,0.605039637599094,False
40,3,11,0.5,0.045,1.5,wave,3501,1,1,0.606112539274493,False
40,3,12,0.5,0.045,1.5,wave,3478,2,1,0.6066705002875216,False
40,3,13,0.5,0.045,1.5,wave,3445,1,0,0.6084179970972424,False
40,3,14,0.5,0.045,1.5,wave,3410,1,0,0.6073313782991202,False
40,3,15,0.5,0.045,1.5,wave,3363,1,0,0.6113589057389236,False
40,3,16,0.5,0.045,1.5,wave,3335,1,0,0.6092953523238381,False
40,3,17,0.5,0.045,1.5,wave,3300,1,1,0.610909090909091,False
40,3,18,0.5,0.045,1.5,wave,7226,1,1,0.2770550788818157,False
40,3,19,0.5,0.045,1.5,wave,7131,0,0,0.2794839433459543,True
40,3,20,0.5,0.045,1.5,wave,6982,0,0,0.28301346319106274,True
40,3,21,0.5,0.045,1.5,wave,6864,0,0,0.2856934731934732,True
40,3,22,0.5,0.045,1.5,wave,6693,0,0,0.29119976094427014,True
40,3,23,0.5,0.045,1.5,wave,6563,0,0,0.2959012646655493,True
40,3,24,0.5,0.045,1.5,wave,6425,0,0,0.29867704280155644,True
40,3,25,0.5,0.045,1.5,wave,6258,0,0,0.3026526046660275,True
40,3,26,0.5,0.045,1.5,wave,6092,0,0,0.3074523965856861,True
40,3,27,0.5,0.045,1.5,wave,5950,0,0,0.31243697478991594,True
40,3,28,0.5,0.045,1.5,wave,5818,0,0,0.31625988312134756,True
40,3,29,0.5,0.045,1.5,wave,5711,0,0,0.31938364559621785,True
40,3,30,0.5,0.045,1.5,wave,5611,0,0,0.3225806451612903,True
40,3,31,0.5,0.045,1.5,wave,5514,0,0,0.3264417845484222,True
40,3,32,0.5,0.045,1.5,wave,5414,0,0,0.3289619504987071,True
40,3,33,0.5,0.045,1.5,wave,5271,0,0,0.3339024852969076,True
40,3,34,0.5,0.045,1.5,wave,5201,0,0,0.3368582964814459,True
40,3,35,0.5,0.045,1.5,wave,5095,0,0,0.5481844946025515,True
40,3,36,0.5,0.045,1.5,wave,5020,0,0,0.549203187250996,True
40,3,37,0.5,0.045,1.5,wave,4901,0,0,0.5504998979800041,True
40,3,38,0.5,0.045,1.5,wave,4840,0,0,0.552892561983471,True
40,3,39,0.5,0.045,1.5,wave,4780,0,0,0.554602510460251,True
40,3,40,0.5,0.045,1.5,wave,4718,0,0,0.5576515472657906,True
40,3,41,0.5,0.045,1.5,wave,4939,0,0,0.5620570965782548,False
40,3,42,0.5,0.045,1.5,wave,4927,0,0,0.5615993505175563,False
40,3,43,0.5,0.045,1.5,wave,4929,0,0,0.562791641306553,False
40,3,44,0.5,0.045,1.5,wave,4888,0,0,0.5615793780687398,False
40,3,45,0.5,0.045,1.5,wave,4872,0,0,0.5652709359605911,False
40,3,46,0.5,0.045,1.5,wave,4711,0,0,0.563150074294205,False
40,3,47,0.5,0.045,1.5,wave,4645,0,0,0.5636167922497309,False
40,3,48,0.5,0.045,1.5,wave,4587,0,0,0.5666012644429911,False
40,3,49,0.5,0.045,1.5,wave,4534,0,0,0.5699161887957653,False
40,3,50,0.5,0.045,1.5,wave,4490,0,0,0.5708240534521158,False
40,3,51,0.5,0.045,1.5,wave,4444,0,0,0.5717821782178217,False
40,3,52,0.5,0.045,1.5,wave,4392,0,0,0.5739981785063752,False
40,4,1,0.5,0.045,1.5,wave,4371,0,0,0.5746968657057882,False
40,4,2,0.5,0.045,1.5,wave,4324,0,0,0.5742368177613321,False
40,4,3,0.5,0.045,1.5,wave,4294,0,0,0.5759198882161155,False
40,4,4,0.5,0.045,1.5,wave,4244,0,0,0.5761074458058435,False
40,4,5,0.5,0.045,1.5,wave,4225,0,0,0.5758579881656805,False
40,4,6,0.5,0.045,1.5,wave,4172,0,0,0.5776605944391179,False
40,4,7,0.5,0.045,1.5,wave,4133,0,0,0.5794822163077668,False
40,4,8,0.5,0.045,1.5,wave,4090,0,0,0.5819070904645477,True
40,4,9,0.5,0.045,1.5,wave,4049,0,0,0.582366016300321,True
40,4,10,0.5,0.045,1.5,wave,4002,0,0,0.584207896051974,True
40,4,11,0.5,0.045,1.5,wave,3975,0,0,0.5854088050314465,True
40,4,12,0.5,0.045,1.5,wave,3939,0,0,0.5887281035795887,True
40,4,13,0.5,0.045,1.5,wave,3898,0,0,0.5887634684453565,True
40,4,14,0.5,0.045,1.5,wave,3852,0,0,0.5885254413291796,True
40,4,15,0.5,0.045,1.5,wave,3815,0,0,0.5884665792922673,True
40,4,16,0.5,0.045,1.5,wave,3773,0,0,0.5902464882056718,True
40,4,17,0.5,0.045,1.5,wave,3744,0,0,0.5924145299145299,True
40,4,18,0.5,0.045,1.5,wave,7543,0,0,0.29245658226169957,True
40,4,19,0.5,0.045,1.5,wave,7465,0,0,0.29350301406563967,True
40,4,20,0.5,0.045,1.5,wave,7300,0,0,0.2963013698630137,True
40,4,21,0.5,0.045,1.5,wave,7153,0,0,0.29945477422060673,True
40,4,22,0.5,0.045,1.5,wave,6986,0,0,0.3028914972802748,True
40,4,23,0.5,0.045,1.5,wave,6860,0,0,0.3051020408163265,True
40,4,24,0.5,0.045,1.5,wave,6686,0,0,0.30840562369129526,True
40,4,25,0.5,0.045,1.5,wave,6550,0,0,0.31068702290076333,True
40,4,26,0.5,0.045,1.5,wave,6394,0,0,0.3173287456990929,True
40,4,27,0.5,0.045,1.5,wave,6283,0,0,0.32070666878879517,True
40,4,28,0.5,0.045,1.5,wave,6121,0,0,0.3246201601045581,True
40,4,29,0.5,0.045,1.5,wave,6009,0,0,0.33000499251123316,True
40,4,30,0.5,0.045,1.5,wave,5907,0,0,0.3329947519891654,True
40,4,31,0.5,0.045,1.5,wave,5787,0,0,0.33644375324002074,True
40,4,32,0.5,0.045,1.5,wave,5641,0,0,0.3398333628789222,True
40,4,33,0.5,0.045,1.5,wave,5527,0,0,0.3443097521259273,True
40,4,34,0.5,0.045,1.5,wave,5385,0,0,0.34837511606313837,True
40,4,35,0.5,0.045,1.5,wave,5255,0,0,0.5674595623215984,True
40,4,36,0.5,0.045,1.5,wave,5161,0,0,0.5696570432086805,True
40,4,37,0.5,0.045,1.5,wave,5006,0,0,0.5739113064322813,True
40,4,38,0.5,0.045,1.5,wave,4934,0,0,0.5749898662342927,True
40,4,39,0.5,0.045,1.5,wave,4874,0,0,0.5769388592531801,True
40,4,40,0.5,0.045,1.5,wave,4807,0,0,0.5789473684210527,True
40,4,41,0.5,0.045,1.5,wave,5046,0,0,0.5822433610780816,True
40,4,42,0.5,0.045,1.5,wave,5036,0,0,0.5816123907863384,True
40,4,43,0.5,0.045,1.5,wave,5014,0,0,0.581970482648584,True
40,4,44,0.5,0.045,1.5,wave,5011,0,0,0.5799241668329674,True
40,4,45,0.5,0.045,1.5,wave,4993,0,0,0.5840176246745443,True
40,4,46,0.5,0.045,1.5,wave,4779,1,0,0.5810839087675246,False
40,4,47,0.5,0.045,1.5,wave,4721,0,0,0.5827155263715315,False
40,4,48,0.5,0.045,1.5,wave,4660,0,0,0.5847639484978541,False
40,4,49,0.5,0.045,1.5,wave,4629,0,0,0.586951825448261,False
40,4,50,0.5,0.045,1.5,wave,4586,0,0,0.5885303096380288,False
40,4,51,0.5,0.045,1.5,wave,4558,0,0,0.589951733216323,False
40,4,52,0.5,0.045,1.5,wave,4537,0,0,0.5911395195062816,False
40,5,1,0.5,0.045,1.5,wave,4483,0,0,0.592014276154361,True
40,5,2,0.5,0.045,1.5,wave,4439,0,0,0.5933768866861906,True
40,5,3,0.5,0.045,1.5,wave,4396,0,0,0.595768880800728,True
40,5,4,0.5,0.045,1.5,wave,4365,0,0,0.5947308132875143,True
40,5,5,0.5,0.045,1.5,wave,4315,0,0,0.5972190034762457,True
40,5,6,0.5,0.045,1.5,wave,4284,0,0,0.6001400560224089,True
40,5,7,0.5,0.045,1.5,wave,4250,0,0,0.6014117647058823,True
40,5,8,0.5,0.045,1.5,wave,4205,0,0,0.6038049940546968,True
40,5,9,0.5,0.045,1.5,wave,4164,0,0,0.6037463976945245,True
40,5,10,0.5,0.045,1.5,wave,4138,0,0,0.6085065248912518,True
40,5,11,0.5,0.045,1.5,wave,4096,0,0,0.607666015625,True
40,5,12,0.5,0.045,1.5,wave,4063,0,0,0.6089096726556732,True
40,5,13,0.5,0.045,1.5,wave,4013,0,0,0.6105158235733865,True
40,5,14,0.5,0.045,1.5,wave,3976,0,0,0.6104124748490946,True
40,5,15,0.5,0.045,1.5,wave,3938,0,0,0.6119857795835449,True
40,5,16,0.5,0.045,1.5,wave,3895,0,0,0.6133504492939666,True
40,5,17,0.5,0.045,1.5,wave,3847,0,0,0.6158045230049389,True
40,5,18,0.5,0.045,1.5,wave,8201,0,0,0.288135593220339,True
40,5,19,0.5,0.045,1.5,wave,8072,0,0,0.28914767096134786,True
40,5,20,0.5,0.045,1.5,wave,7922,0,0,0.2913405705629891,True
40,5,21,0.5,0.045,1.5,wave,7742,0,0,0.29733918884009297,True
40,5,22,0.5,0.045,1.5,wave,7588,0,0,0.30113336847654193,True
40,5,23,0.5,0.045,1.5,wave,7445,0,0,0.3043653458697112,True
40,5,24,0.5,0.045,1.5,wave,7310,0,0,0.3079343365253078,True
40,5,25,0.5,0.045,1.5,wave,7151,0,0,0.31100545378268774,True
40,5,26,0.5,0.045,1.5,wave,6954,0,0,0.31435145240149553,True
40,5,27,0.5,0.045,1.5,wave,6781,0,0,0.31927444329744875,True
40,5,28,0.5,0.045,1.5,wave,6662,0,0,0.32182527769438607,True
40,5,29,0.5,0.045,1.5,wave,6519,0,0,0.3264304341156619,True
40,5,30,0.5,0.045,1.5,wave,6396,0,0,0.32817385866166354,True
40,5,31,0.5,0.045,1.5,wave,6280,0,0,0.33073248407643313,True
40,5,32,0.5,0.045,1.5,wave,6130,0,0,0.33572593800978795,True
40,5,33,0.5,0.045,1.5,wave,5990,0,0,0.3425709515859766,True
40,5,34,0.5,0.045,1.5,wave,5832,0,0,0.34550754458161864,True
40,5,35,0.5,0.045,1.5,wave,5715,0,0,0.5609798775153105,True
40,5,36,0.5,0.045,1.5,wave,5630,0,0,0.5621669626998224,True
40,5,37,0.5,0.045,1.5,wave,5542,0,0,0.5667629014796103,True
40,5,38,0.5,0.045,1.5,wave,5486,0,0,0.5668975574188845,True
40,5,39,0.5,0.045,1.5,wave,5422,0,0,0.5697159719660642,True
40,5,40,0.5,0.045,1.5,wave,5363,0,0,0.5702032444527316,True
40,5,41,0.5,0.045,1.5,wave,5587,0,0,0.5702523715768749,False
40,5,42,0.5,0.045,1.5,wave,5577,0,0,0.5693024923794154,False
40,5,43,0.5,0.045,1.5,wave,5515,0,0,0.57116953762466,False
40,5,44,0.5,0.045,1.5,wave,5505,0,0,0.5722070844686649,False
40,5,45,0.5,0.045,1.5,wave,5474,0,0,0.5708805261234928,False
40,5,46,0.5,0.045,1.5,wave,5266,0,0,0.5719711355867831,False
40,5,47,0.5,0.045,1.5,wave,5208,1,0,0.5723886328725039,False
40,5,48,0.5,0.045,1.5,wave,5162,1,0,0.5740023246803565,False
40,5,49,0.5,0.045,1.5,wave,5139,1,0,0.5746254135045729,False
40,5,50,0.5,0.045,1.5,wave,5095,1,0,0.5762512266928361,False
40,5,51,0.5,0.045,1.5,wave,5050,1,0,0.5784158415841584,False
40,5,52,0.5,0.045,1.5,wave,4986,1,1,0.5794223826714802,False
40,6,1,0.5,0.045,1.5,wave,4942,1,1,0.5807365439093485,False
40,6,2,0.5,0.045,1.5,wave,4895,0,0,0.5832482124616956,False
40,6,3,0.5,0.045,1.5,wave,4848,0,0,0.5841584158415841,True
40,6,4,0.5,0.045,1.5,wave,4806,0,0,0.5859342488555972,True
40,6,5,0.5,0.045,1.5,wave,4761,0,0,0.5862213820625919,True
40,6,6,0.5,0.045,1.5,wave,4716,0,0,0.5888464800678541,True
40,6,7,0.5,0.045,1.5,wave,4671,0,0,0.5906658103189895,True
40,6,8,0.5,0.045,1.5,wave,4612,0,0,0.5917172593235039,True
40,6,9,0.5,0.045,1.5,wave,4560,0,0,0.593859649122807,True
40,6,10,0.5,0.045,1.5,wave,4517,0,0,0.5941996900597741,True
40,6,11,0.5,0.045,1.5,wave,4462,0,0,0.5977140295831466,True
40,6,12,0.5,0.045,1.5,wave,4423,0,0,0.5973321275152611,True
40,6,13,0.5,0.045,1.5,wave,4373,0,0,0.6000457351932312,True
40,6,14,0.5,0.045,1.5,wave,4331,0,0,0.6005541445393674,True
40,6,15,0.5,0.045,1.5,wave,4300,0,0,0.6030232558139534,True
40,6,16,0.5,0.045,1.5,wave,4248,0,0,0.6040489642184558,True
40,6,17,0.5,0.045,1.5,wave,4207,0,0,0.6066080342286665,True
40,6,18,0.5,0.045,1.5,wave,8534,0,0,0.2973986407311929,True
40,6,19,0.5,0.045,1.5,wave,8414,0,0,0.3011647254575707,True
40,6,20,0.5,0.045,1.5,wave,8251,0,0,0.30493273542600896,True
40,6,21,0.5,0.045,1.5,wave,8067,0,0,0.30717738936407585,True
40,6,22,0.5,0.045,1.5,wave,7857,0,0,0.31449662721140387,True
40,6,23,0.5,0.045,1.5,wave,7717,0,0,0.3173513023195542,True
40,6,24,0.5,0.045,1.5,wave,7546,0,0,0.3206997084548105,True
40,6,25,0.5,0.045,1.5,wave,7395,0,0,0.3244083840432725,True
40,6,26,0.5,0.045,1.5,wave,7221,0,0,0.32848635923002356,True
40,6,27,0.5,0.045,1.5,wave,7091,0,0,0.33267522211253703,True
40,6,28,0.5,0.045,1.5,wave,6970,0,0,0.33558106169296986,True
40,6,29,0.5,0.045,1.5,wave,6854,0,0,0.337758972862562,True
40,6,30,0.5,0.045,1.5,wave,6758,0,0,0.3409292690145013,True
40,6,31,0.5,0.045,1.5,wave,6653,0,0,0.34300315647076507,True
40,6,32,0.5,0.045,1.5,wave,6532,0,0,0.34583588487446415,True
40,6,33,0.5,0.045,1.5,wave,6426,0,0,0.35014005602240894,True
40,6,34,0.5,0.045,1.5,wave,6313,0,0,0.3527641374940599,True
40,6,35,0.5,0.045,1.5,wave,6190,0,0,0.5638126009693053,True
40,6,36,0.5,0.045,1.5,wave,6079,0,0,0.5668695509129791,True
40,6,37,0.5,0.045,1.5,wave,5965,0,0,0.5684828164291702,True
40,6,38,0.5,0.045,1.5,wave,5894,0,0,0.5693926026467594,True
40,6,39,0.5,0.045,1.5,wave,5822,0,0,0.5711095843352799,True
40,6,40,0.5,0.045,1.5,wave,5762,0,0,0.5728913571676502,True
40,6,41,0.5,0.045,1.5,wave,6012,0,0,0.5756819693945442,True
40,6,42,0.5,0.045,1.5,wave,5992,0,0,0.5749332443257676,True
40,6,43,0.5,0.045,1.5,wave,5957,0,0,0.5737787476917912,True
40,6,44,0.5,0.045,1.5,wave,5925,0,0,0.5750210970464135,False
40,6,45,0.5,0.045,1.5,wave,5861,0,0,0.5763521583347552,False
40,6,46,0.5,0.045,1.5,wave,5640,0,0,0.575531914893617,False
40,6,47,0.5,0.045,1.5,wave,5575,0,0,0.5770403587443946,False
40,6,48,0.5,0.045,1.5,wave,5504,0,0,0.5773982558139535,False
40,6,49,0.5,0.045,1.5,wave,5442,0,0,0.577728776185226,True
40,6,50,0.5,0.045,1.5,wave,5408,0,0,0.5796967455621301,True
40,6,51,0.5,0.045,1.5,wave,5357,0,0,0.5829755460145604,True
40,6,52,0.5,0.045,1.5,wave,5318,0,0,0.5838661150808575,True
40,7,1,0.5,0.045,1.5,wave,5265,0,0,0.5846153846153846,True
40,7,2,0.5,0.045,1.5,wave,5225,0,0,0.5854545454545454,True
40,7,3,0.5,0.045,1.5,wave,5168,0,0,0.5859133126934984,True
40,7,4,0.5,0.045,1.5,wave,5114,0,0,0.5879937426671881,True
40,7,5,0.5,0.045,1.5,wave,5067,0,0,0.5896980461811723,True
40,7,6,0.5,0.045,1.5,wave,5011,0,0,0.5899022151267213,True
40,7,7,0.5,0.045,1.5,wave,4973,0,0,0.5915946108988538,True
40,7,8,0.5,0.045,1.5,wave,4918,0,0,0.5927206181374542,True
40,7,9,0.5,0.045,1.5,wave,4856,0,0,0.5949341021416804,True
40,7,10,0.5,0.045,1.5,wave,4797,0,0,0.5959974984365228,True
40,7,11,0.5,0.045,1.5,wave,4745,0,0,0.5959957850368809,True
40,7,12,0.5,0.045,1.5,wave,4696,0,0,0.5975298126064736,True
40,7,13,0.5,0.045,1.5,wave,4643,0,0,0.5981046737023477,True
40,7,14,0.5,0.045,1.5,wave,4591,0,0,0.5983445872358963,True
40,7,15,0.5,0.045,1.5,wave,4542,0,0,0.6006164685160722,True
40,7,16,0.5,0.045,1.5,wave,4492,0,0,0.6015138023152271,True
40,7,17,0.5,0.045,1.5,wave,4447,0,0,0.6040026984483922,True
40,7,18,0.5,0.045,1.5,wave,9227,0,0,0.2890430259022434,True
40,7,19,0.5,0.045,1.5,wave,9123,0,0,0.2917899813657788,True
40,7,20,0.5,0.045,1.5,wave,8959,0,0,0.296461658667262,True
40,7,21,0.5,0.045,1.5,wave,8831,0,0,0.30087192843392596,True
40,7,22,0.5,0.045,1.5,wave,8675,0,0,0.3043227665706052,True
40,7,23,0.5,0.045,1.5,wave,8517,0,0,0.30715040507220853,True
40,7,24,0.5,0.045,1.5,wave,8327,0,0,0.3112765701933469,True
40,7,25,0.5,0.045,1.5,wave,8160,0,0,0.31384803921568627,True
40,7,26,0.5,0.045,1.5,wave,7963,0,0,0.31834735652392315,True
40,7,27,0.5,0.045,1.5,wave,7793,0,0,0.322340562042859,True
40,7,28,0.5,0.045,1.5,wave,7645,0,0,0.3263570961412688,True
40,7,29,0.5,0.045,1.5,wave,7528,0,0,0.3287725823591923,True
40,7,30,0.5,0.045,1.5,wave,7389,0,0,0.33279198809040467,True
40,7,31,0.5,0.045,1.5,wave,7213,0,0,0.33744627755441564,True
40,7,32,0.5,0.045,1.5,wave,7064,0,0,0.33989241223103056,True
40,7,33,0.5,0.045,1.5,wave,6916,0,0,0.3441295546558704,True
40,7,34,0.5,0.045,1.5,wave,6753,0,0,0.34769731970975865,True
40,7,35,0.5,0.045,1.5,wave,6650,0,0,0.5613533834586466,True
40,7,36,0.5,0.045,1.5,wave,6529,0,0,0.5648644509113188,True
40,7,37,0.5,0.045,1.5,wave,6398,0,0,0.5667396061269147,True
40,7,38,0.5,0.045,1.5,wave,6319,0,0,0.5693938914385187,True
40,7,39,0.5,0.045,1.5,wave,6249,0,0,0.5711313810209634,True
40,7,40,0.5,0.045,1.5,wave,6171,0,0,0.5726786582401555,True
40,7,41,0.5,0.045,1.5,wave,6455,0,0,0.5721146398140976,True
40,7,42,0.5,0.045,1.5,wave,6452,0,0,0.5739305641661501,True
40,7,43,0.5,0.045,1.5,wave,6432,0,0,0.5782027363184079,False
40,7,44,0.5,0.045,1.5,wave,6376,0,0,0.5754391468005019,False
40,7,45,0.5,0.045,1.5,wave,6337,0,0,0.5751933091368155,False
40,7,46,0.5,0.045,1.5,wave,6077,0,0,0.5764357413197301,False
40,7,47,0.5,0.045,1.5,wave,5996,0,0,0.5773849232821882,False
40,7,48,0.5,0.045,1.5,wave,5918,0,0,0.580770530584657,False
40,7,49,0.5,0.045,1.5,wave,5875,0,0,0.5836595744680851,False
40,7,50,0.5,0.045,1.5,wave,5808,0,0,0.5850550964187328,False
40,7,51,0.5,0.045,1.5,wave,5775,0,0,0.5866666666666667,False
40,7,52,0.5,0.045,1.5,wave,5728,0,0,0.5874650837988827,True
40,8,1,0.5,0.045,1.5,wave,5689,0,0,0.5879767973281772,True
40,8,2,0.5,0.045,1.5,wave,5623,0,0,0.5911435176951805,True
40,8,3,0.5,0.045,1.5,wave,5579,0,0,0.5925793152894784,True
40,8,4,0.5,0.045,1.5,wave,5521,0,0,0.5946386524180403,True
40,8,5,0.5,0.045,1.5,wave,5484,0,0,0.5950036469730124,True
40,8,6,0.5,0.045,1.5,wave,5442,0,0,0.5977581771407571,True
40,8,7,0.5,0.045,1.5,wave,5408,0,0,0.5998520710059172,True
40,8,8,0.5,0.045,1.5,wave,5346,0,0,0.6019453797231575,True
40,8,9,0.5,0.045,1.5,wave,5290,0,0,0.603780718336484,True
40,8,10,0.5,0.045,1.5,wave,5244,0,0,0.6046910755148741,True
40,8,11,0.5,0.045,1.5,wave,5176,0,0,0.6058732612055642,True
40,8,12,0.5,0.045,1.5,wave,5130,0,0,0.6064327485380117,True
40,8,13,0.5,0.045,1.5,wave,5091,0,0,0.6079355725790611,True
40,8,14,0.5,0.045,1.5,wave,5037,0,0,0.6112765535040698,True
40,8,15,0.5,0.045,1.5,wave,4975,0,0,0.6128643216080402,True
40,8,16,0.5,0.045,1.5,wave,4934,0,0,0.6149169031211998,True
40,8,17,0.5,0.045,1.5,wave,4871,0,0,0.6185588174912748,True
40,8,18,0.5,0.045,1.5,wave,10094,0,0,0.2972062611452348,True
40,8,19,0.5,0.045,1.5,wave,9935,0,0,0.3008555611474585,True
40,8,20,0.5,0.045,1.5,wave,9721,0,0,0.30336385145561157,True
40,8,21,0.5,0.045,1.5,wave,9511,0,0,0.30722321522447693,True
40,8,22,0.5,0.045,1.5,wave,9329,0,0,0.3110729981777254,True
40,8,23,0.5,0.045,1.5,wave,9146,0,0,0.31554778045047016,True
40,8,24,0.5,0.045,1.5,wave,8957,0,0,0.3191916936474266,True
40,8,25,0.5,0.045,1.5,wave,8752,0,0,0.32381170018281535,True
40,8,26,0.5,0.045,1.5,wave,8590,0,0,0.32793946449359723,True
40,8,27,0.5,0.045,1.5,wave,8433,0,0,0.33155460690145855,True
40,8,28,0.5,0.045,1.5,wave,8266,0,0,0.3351076699733849,True
40,8,29,0.5,0.045,1.5,wave,8094,0,0,0.33889300716580184,True
40,8,30,0.5,0.045,1.5,wave,7926,0,0,0.3426696946757507,True
40,8,31,0.5,0.045,1.5,wave,7745,0,0,0.3484828921885087,True
40,8,32,0.5,0.045,1.5,wave,7567,0,0,0.35390511431214483,True
40,8,33,0.5,0.045,1.5,wave,7375,0,0,0.3579661016949153,True
40,8,34,0.5,0.045,1.5,wave,7205,0,0,0.3616932685634976,True
40,8,35,0.5,0.045,1.5,wave,7031,0,0,0.5758782534490116,True
40,8,36,0.5,0.045,1.5,wave,6914,0,0,0.5783916690772346,True
40,8,37,0.5,0.045,1.5,wave,6738,0,0,0.5805877114870882,True
40,8,38,0.5,0.045,1.5,wave,6676,0,0,0.5807369682444578,True
40,8,39,0.5,0.045,1.5,wave,6598,0,0,0.5821461048802667,True
40,8,40,0.5,0.045,1.5,wave,6543,0,0,0.5839828824698151,True
40,8,41,0.5,0.045,1.5,wave,6896,0,0,0.5867169373549884,False
40,8,42,0.5,0.045,1.5,wave,6896,0,0,0.5861368909512761,False
40,8,43,0.5,0.045,1.5,wave,6900,1,1,0.5868115942028985,False
40,8,44,0.5,0.045,1.5,wave,6827,3,1,0.5862018456130071,False
40,8,45,0.5,0.045,1.5,wave,6763,1,0,0.5868697323672927,False
40,8,46,0.5,0.045,1.5,wave,6428,1,0,0.5868077162414437,False
40,8,47,0.5,0.045,1.5,wave,6330,1,0,0.5881516587677725,False
40,8,48,0.5,0.045,1.5,wave,6220,2,1,0.5893890675241158,False
40,8,49,0.5,0.045,1.5,wave,6147,3,1,0.5913453717260452,False
40,8,50,0.5,0.045,1.5,wave,6054,2,2,0.5928311859927321,False
40,8,51,0.5,0.045,1.5,wave,5971,2,2,0.5925305643945737,False
40,8,52,0.5,0.045,1.5,wave,5897,0,0,0.5958962184161438,False
40,9,1,0.5,0.045,1.5,wave,5825,0,0,0.5981115879828326,False
40,9,2,0.5,0.045,1.5,wave,5755,0,0,0.5996524761077324,False
40,9,3,0.5,0.045,1.5,wave,5703,0,0,0.6019638786603542,False
40,9,4,0.5,0.045,1.5,wave,5631,0,0,0.6023796838927367,False
40,9,5,0.5,0.045,1.5,wave,5568,0,0,0.6039870689655172,False
40,9,6,0.5,0.045,1.5,wave,5505,0,0,0.607447774750227,False
40,9,7,0.5,0.045,1.5,wave,5461,0,0,0.6077641457608497,False
40,9,8,0.5,0.045,1.5,wave,5403,0,0,0.6094762169165279,False
40,9,9,0.5,0.045,1.5,wave,5346,0,0,0.6107369996258886,False
40,9,10,0.5,0.045,1.5,wave,5284,0,0,0.6110900832702498,False
40,9,11,0.5,0.045,1.5,wave,5244,0,0,0.6125095347063311,False
40,9,12,0.5,0.045,1.5,wave,5189,0,0,0.6136057043746387,False
40,9,13,0.5,0.045,1.5,wave,5118,0,0,0.6156701836654943,False
40,9,14,0.5,0.045,1.5,wave,5070,0,0,0.616370808678501,False
40,9,15,0.5,0.045,1.5,wave,5021,0,0,0.6182035451105358,False
40,9,16,0.5,0.045,1.5,wave,4964,0,0,0.620870265914585,False
40,9,17,0.5,0.045,1.5,wave,4925,0,0,0.6233502538071066,False
40,9,18,0.5,0.045,1.5,wave,10032,0,0,0.2937599681020734,False
40,9,19,0.5,0.045,1.5,wave,9895,0,0,0.29762506316321374,False
40,9,20,0.5,0.045,1.5,wave,9788,0,0,0.3014916223947691,False
40,9,21,0.5,0.045,1.5,wave,9662,0,0,0.30490581660111776,False
40,9,22,0.5,0.045,1.5,wave,9499,0,0,0.30866406990209494,False
40,9,23,0.5,0.045,1.5,wave,9318,0,0,0.31176218072547757,False
40,9,24,0.5,0.045,1.5,wave,9109,0,0,0.3161708200680646,False
40,9,25,0.5,0.045,1.5,wave,8893,0,0,0.3209265714606994,False
40,9,26,0.5,0.045,1.5,wave,8742,0,0,0.32521162205444976,False
40,9,27,0.5,0.045,1.5,wave,8537,0,0,0.32950685252430595,False
40,9,28,0.5,0.045,1.5,wave,8365,0,0,0.3326957561267185,False
40,9,29,0.5,0.045,1.5,wave,8203,0,0,0.33499939046690236,False
40,9,30,0.5,0.045,1.5,wave,8025,0,0,0.3401869158878505,False
40,9,31,0.5,0.045,1.5,wave,7907,0,0,0.3432401669406855,False
40,9,32,0.5,0.045,1.5,wave,7771,0,0,0.34757431476000517,False
40,9,33,0.5,0.045,1.5,wave,7612,0,0,0.3507619548081976,False
40,9,34,0.5,0.045,1.5,wave,7488,0,0,0.3541666666666667,False
40,9,35,0.5,0.045,1.5,wave,7348,0,0,0.5647795318454001,False
40,9,36,0.5,0.045,1.5,wave,7244,0,0,0.567642186637217,False
40,9,37,0.5,0.045,1.5,wave,7115,0,0,0.5709065354884048,False
40,9,38,0.5,0.045,1.5,wave,7038,0,0,0.5720375106564365,False
40,9,39,0.5,0.045,1.5,wave,6955,0,0,0.5735442127965492,False
40,9,40,0.5,0.045,1.5,wave,6883,0,0,0.5738776696208049,False
40,9,41,0.5,0.045,1.5,wave,7200,4,1,0.575,False
40,9,42,0.5,0.045,1.5,wave,7175,4,0,0.5774216027874565,False
40,9,43,0.5,0.045,1.5,wave,7176,8,2,0.5773411371237458,False
40,9,44,0.5,0.045,1.5,wave,7157,14,6,0.5767779796003912,False
40,9,45,0.5,0.045,1.5,wave,7092,8,2,0.577834179357022,False
40,9,46,0.5,0.045,1.5,wave,6814,8,3,0.5769004989727032,False
40,9,47,0.5,0.045,1.5,wave,6719,9,3,0.5786575383241553,False
40,9,48,0.5,0.045,1.5,wave,6621,7,3,0.5784624679051503,False
40,9,49,0.5,0.045,1.5,wave,6552,12,4,0.5815018315018315,False
40,9,50,0.5,0.045,1.5,wave,6480,10,2,0.5836419753086419,False
40,9,51,0.5,0.045,1.5,wave,6407,8,3,0.5854534103324489,False
40,9,52,0.5,0.045,1.5,wave,6343,12,4,0.5877345104839982,False
40,10,1,0.5,0.045,1.5,wave,6269,12,2,0.5906843196682087,False
40,10,2,0.5,0.045,1.5,wave,6200,18,4,0.5903225806451613,False
40,10,3,0.5,0.045,1.5,wave,6151,24,8,0.5914485449520404,False
40,10,4,0.5,0.045,1.5,wave,6083,27,9,0.5916488574716423,False
40,10,5,0.5,0.045,1.5,wave,6000,30,9,0.594,False
40,10,6,0.5,0.045,1.5,wave,5935,30,10,0.5969671440606571,False
40,10,7,0.5,0.045,1.5,wave,5875,27,12,0.5989787234042553,False
40,10,8,0.5,0.045,1.5,wave,5808,24,11,0.6007231404958677,False
40,10,9,0.5,0.045,1.5,wave,5745,22,8,0.6029590948651001,False
40,10,10,0.5,0.045,1.5,wave,5683,23,11,0.6042583142706317,False
40,10,11,0.5,0.045,1.5,wave,5627,23,12,0.6068953261062733,False
40,10,12,0.5,0.045,1.5,wave,5561,21,9,0.610321884553138,False
40,10,13,0.5,0.045,1.5,wave,5505,21,8,0.6130790190735694,False
40,10,14,0.5,0.045,1.5,wave,5450,21,9,0.6148623853211009,False
40,10,15,0.5,0.045,1.5,wave,5386,19,5,0.6188265874489417,False
40,10,16,0.5,0.045,1.5,wave,5331,14,1,0.6205214781466892,False
40,10,17,0.5,0.045,1.5,wave,5272,15,3,0.6231031866464339,False
40,10,18,0.5,0.045,1.5,wave,11005,20,6,0.29095865515674696,False
40,10,19,0.5,0.045,1.5,wave,10867,39,9,0.2925370387411429,False
40,10,20,0.5,0.045,1.5,wave,10626,45,14,0.2955957086391869,False
40,10,21,0.5,0.045,1.5,wave,10366,49,15,0.2996334169399961,False
40,10,22,0.5,0.045,1.5,wave,10056,51,15,0.30409705648369134,False
40,10,23,0.5,0.045,1.5,wave,9859,59,17,0.3079419819454306,False
40,10,24,0.5,0.045,1.5,wave,9631,58,23,0.31180562766067904,False
40,10,25,0.5,0.045,1.5,wave,9428,54,25,0.31661009758167163,False
40,10,26,0.5,0.045,1.5,wave,9215,47,18,0.3201302224633749,False
40,10,27,0.5,0.045,1.5,wave,9026,37,18,0.32384223354752933,False
40,10,28,0.5,0.045,1.5,wave,8841,35,16,0.32903517701617463,False
40,10,29,0.5,0.045,1.5,wave,8690,38,13,0.3311852704257768,False
40,10,30,0.5,0.045,1.5,wave,8499,41,18,0.3356865513589834,False
40,10,31,0.5,0.045,1.5,wave,8319,37,14,0.3401851184036543,False
40,10,32,0.5,0.045,1.5,wave,8104,36,14,0.34600197433366237,False
40,10,33,0.5,0.045,1.5,wave,7969,37,16,0.3488518007278203,False
40,10,34,0.5,0.045,1.5,wave,7844,33,12,0.352371239163692,False
40,10,35,0.5,0.045,1.5,wave,7717,34,13,0.5640793054295711,False
40,10,36,0.5,0.045,1.5,wave,7575,33,14,0.5667326732673267,False
40,10,37,0.5,0.045,1.5,wave,7458,29,14,0.5690533655135425,False
40,10,38,0.5,0.045,1.5,wave,7352,26,11,0.5720892274211099,False
40,10,39,0.5,0.045,1.5,wave,7263,20,10,0.5749690210656754,False
40,10,40,0.5,0.045,1.5,wave,7177,19,12,0.5778180298174724,False
40,10,41,0.5,0.045,1.5,wave,7540,19,9,0.5836870026525199,False
40,10,42,0.5,0.045,1.5,wave,7533,17,4,0.5818399044205496,False
40,10,43,0.5,0.045,1.5,wave,7497,23,8,0.5865012671735361,False
40,10,44,0.5,0.045,1.5,wave,7431,27,11,0.5860584039833131,False
40,10,45,0.5,0.045,1.5,wave,7409,29,13,0.5856390875961668,False
40,10,46,0.5,0.045,1.5,wave,7114,31,12,0.5865898228844532,False
40,10,47,0.5,0.045,1.5,wave,7014,27,8,0.5892500712859994,False
40,10,48,0.5,0.045,1.5,wave,6931,28,9,0.5908238349444525,False
40,10,49,0.5,0.045,1.5,wave,6864,28,15,0.5936771561771562,False
40,10,50,0.5,0.045,1.5,wave,6813,25,12,0.5940114487010127,False
40,10,51,0.5,0.045,1.5,wave,6736,21,10,0.5957541567695962,False
40,10,52,0.5,0.045,1.5,wave,6664,20,8,0.5973889555822329,False
40,11,1,0.5,0.045,1.5,wave,6573,19,8,0.5983569146508444,False
40,11,2,0.5,0.045,1.5,wave,6527,23,8,0.5984372606097748,False
40,11,3,0.5,0.045,1.5,wave,6462,25,8,0.6008975549365522,False
40,11,4,0.5,0.045,1.5,wave,6402,25,7,0.6024679787566386,False
40,11,5,0.5,0.045,1.5,wave,6348,24,12,0.6052299936988028,False
40,11,6,0.5,0.045,1.5,wave,6283,30,15,0.6075123348718765,False
40,11,7,0.5,0.045,1.5,wave,6225,28,10,0.6109236947791165,False
40,11,8,0.5,0.045,1.5,wave,6165,25,11,0.6116788321167883,False
40,11,9,0.5,0.045,1.5,wave,6113,26,7,0.614755439227875,False
40,11,10,0.5,0.045,1.5,wave,6045,23,11,0.6160463192721257,False
40,11,11,0.5,0.045,1.5,wave,5987,27,11,0.6181727075329881,False
40,11,12,0.5,0.045,1.5,wave,5935,21,8,0.6207245155855097,False
40,11,13,0.5,0.045,1.5,wave,5881,28,11,0.6225131780309471,False
40,11,14,0.5,0.045,1.5,wave,5821,24,11,0.6268682356983336,False
40,11,15,0.5,0.045,1.5,wave,5762,28,11,0.6277334258937869,False
40,11,16,0.5,0.045,1.5,wave,5695,21,8,0.6300263388937665,False
40,11,17,0.5,0.045,1.5,wave,5660,24,9,0.6319787985865725,False
40,11,18,0.5,0.045,1.5,wave,11764,22,9,0.2971778306698402,False
40,11,19,0.5,0.045,1.5,wave,11616,30,8,0.2988980716253444,False
40,11,20,0.5,0.045,1.5,wave,11348,42,7,0.30348960169192807,False
40,11,21,0.5,0.045,1.5,wave,11124,51,9,0.3069039913700108,False
40,11,22,0.5,0.045,1.5,wave,10963,80,21,0.310407735109003,False
40,11,23,0.5,0.045,1.5,wave,10716,75,23,0.31457633445315414,False
40,11,24,0.5,0.045,1.5,wave,10533,83,27,0.3176682806417925,False
40,11,25,0.5,0.045,1.5,wave,10297,90,30,0.3235893949694086,False
40,11,26,0.5,0.045,1.5,wave,10083,110,42,0.32609342457601903,False
40,11,27,0.5,0.045,1.5,wave,9928,113,42,0.32927074939564865,False
40,11,28,0.5,0.045,1.5,wave,9724,113,40,0.33494446729740845,False
40,11,29,0.5,0.045,1.5,wave,9549,116,34,0.33961671379202013,False
40,11,30,0.5,0.045,1.5,wave,9354,115,36,0.3453068206115031,False
40,11,31,0.5,0.045,1.5,wave,9198,119,48,0.34996738421395956,False
40,11,32,0.5,0.045,1.5,wave,9012,118,52,0.3539724811362628,False
40,11,33,0.5,0.045,1.5,wave,8809,107,39,0.3600862754001589,False
40,11,34,0.5,0.045,1.5,wave,8622,95,34,0.3649965205288796,False
40,11,35,0.5,0.045,1.5,wave,8438,97,36,0.5718179663427353,False
40,11,36,0.5,0.045,1.5,wave,8276,88,34,0.5760028999516674,False
40,11,37,0.5,0.045,1.5,wave,8078,79,39,0.5808368408021788,False
40,11,38,0.5,0.045,1.5,wave,7960,68,37,0.5844221105527638,False
40,11,39,0.5,0.045,1.5,wave,7865,56,25,0.586141131595677,False
40,11,40,0.5,0.045,1.5,wave,7748,47,14,0.5904749612803304,False
40,11,41,0.5,0.045,1.5,wave,7973,49,17,0.5893641038504954,False
40,11,42,0.5,0.045,1.5,wave,7922,57,23,0.5917697551123454,False
40,11,43,0.5,0.045,1.5,wave,7818,51,15,0.5906881555385008,False
40,11,44,0.5,0.045,1.5,wave,7746,51,14,0.5948876839659178,False
40,11,45,0.5,0.045,1.5,wave,7684,52,22,0.5922696512233212,False
40,11,46,0.5,0.045,1.5,wave,7402,51,25,0.5963253174817617,False
40,11,47,0.5,0.045,1.5,wave,7287,47,17,0.5994236311239193,False
40,11,48,0.5,0.045,1.5,wave,7249,43,14,0.602565871154642,False
40,11,49,0.5,0.045,1.5,wave,7199,40,19,0.6053618558133074,False
40,11,50,0.5,0.045,1.5,wave,7134,40,18,0.6075133165124754,False
40,11,51,0.5,0.045,1.5,wave,7063,36,14,0.6110717825286706,False
40,11,52,0.5,0.045,1.5,wave,6978,35,12,0.6133562625394096,False
